{"lowlevel": {"average_loudness": 0.105251245201, "barkbands_crest": {"dmean": 2.47445726395, "dmean2": 3.97875928879, "dvar": 5.73285055161, "dvar2": 14.0588111877, "max": 26.4362468719, "mean": 11.1891937256, "median": 10.5293445587, "min": 2.51663422585, "var": 21.1627483368}, "barkbands_flatness_db": {"dmean": 0.0187885798514, "dmean2": 0.0287281088531, "dvar": 0.000389994733268, "dvar2": 0.000862998072989, "max": 0.534382641315, "mean": 0.163864195347, "median": 0.125884652138, "min": 0.0210083350539, "var": 0.0108753126115}, "barkbands_kurtosis": {"dmean": 2.62547159195, "dmean2": 4.07872152328, "dvar": 44.3068695068, "dvar2": 96.5473480225, "max": 264.023834229, "mean": 3.90500402451, "median": 1.31896924973, "min": -1.92026174068, "var": 117.647689819}, "barkbands_skewness": {"dmean": 0.484727114439, "dmean2": 0.737480044365, "dvar": 0.372801959515, "dvar2": 0.812861263752, "max": 14.373333931, "mean": 1.27887654305, "median": 1.10628712177, "min": -3.96188473701, "var": 1.55974781513}, "barkbands_spread": {"dmean": 5.06607961655, "dmean2": 7.78204298019, "dvar": 49.2962760925, "dvar2": 113.523658752, "max": 120.872055054, "mean": 23.4818687439, "median": 21.51304245, "min": 0.38730058074, "var": 245.482391357}, "dissonance": {"dmean": 0.022346239537, "dmean2": 0.0376370549202, "dvar": 0.000572623335756, "dvar2": 0.00152758904733, "max": 0.500000178814, "mean": 0.449681311846, "median": 0.464914470911, "min": 0.11132774502, "var": 0.00255096424371}, "dynamic_complexity": 8.10651016235, "erbbands_crest": {"dmean": 2.80815815926, "dmean2": 4.56256484985, "dvar": 7.18012952805, "dvar2": 18.0359973907, "max": 30.5243186951, "mean": 10.8290729523, "median": 9.58121776581, "min": 2.17391872406, "var": 27.075176239}, "erbbands_flatness_db": {"dmean": 0.0153771284968, "dmean2": 0.0229929108173, "dvar": 0.000233980666962, "dvar2": 0.000490538834129, "max": 0.5142339468, "mean": 0.196007341146, "median": 0.159747436643, "min": 0.0397235006094, "var": 0.0095665641129}, "erbbands_kurtosis": {"dmean": 1.1608941555, "dmean2": 1.81230270863, "dvar": 6.16470527649, "dvar2": 14.1528701782, "max": 148.786071777, "mean": 1.17176938057, "median": 0.192464351654, "min": -1.78234529495, "var": 14.0451784134}, "erbbands_skewness": {"dmean": 0.367438882589, "dmean2": 0.560725569725, "dvar": 0.150982514024, "dvar2": 0.335422247648, "max": 9.8118057251, "mean": 0.5896910429, "median": 0.557852208614, "min": -4.51022100449, "var": 0.731865942478}, "erbbands_spread": {"dmean": 6.36802816391, "dmean2": 9.77975749969, "dvar": 62.2916297913, "dvar2": 139.956222534, "max": 175.045074463, "mean": 31.8432064056, "median": 30.2586364746, "min": 1.76067972183, "var": 301.762207031}, "hfc": {"dmean": 3.48302483559, "dmean2": 5.23653030396, "dvar": 61.4318084717, "dvar2": 125.540924072, "max": 231.70161438, "mean": 15.01749897, "median": 4.27616596222, "min": 1.09467838186e-16, "var": 559.150024414}, "melbands_crest": {"dmean": 3.11193585396, "dmean2": 5.00240087509, "dvar": 8.79333686829, "dvar2": 21.5530757904, "max": 34.1438827515, "mean": 15.0447034836, "median": 13.7665405273, "min": 1.53435087204, "var": 39.101978302}, "melbands_flatness_db": {"dmean": 0.0225025564432, "dmean2": 0.0335260629654, "dvar": 0.000622923427727, "dvar2": 0.00131918047555, "max": 0.675991892815, "mean": 0.218074679375, "median": 0.193755611777, "min": 0.00357558159158, "var": 0.011847641319}, "melbands_kurtosis": {"dmean": 5.75702142715, "dmean2": 9.19625473022, "dvar": 157.778671265, "dvar2": 391.610748291, "max": 267.38293457, "mean": 9.70967388153, "median": 4.89655208588, "min": -1.96190536022, "var": 268.108337402}, "melbands_skewness": {"dmean": 0.648568809032, "dmean2": 1.00035786629, "dvar": 0.646710753441, "dvar2": 1.47139728069, "max": 14.160607338, "mean": 2.14641737938, "median": 1.84186184406, "min": -2.85412502289, "var": 2.24204349518}, "melbands_spread": {"dmean": 7.07329940796, "dmean2": 10.8564062119, "dvar": 134.053573608, "dvar2": 272.437072754, "max": 290.412567139, "mean": 27.1247215271, "median": 21.956029892, "min": 0.584554493427, "var": 587.403381348}, "pitch_salience": {"dmean": 0.0659295246005, "dmean2": 0.106887839735, "dvar": 0.00410068500787, "dvar2": 0.0104317395017, "max": 0.968540668488, "mean": 0.533546388149, "median": 0.541206419468, "min": 0.102459162474, "var": 0.0162441339344}, "silence_rate_20dB": {"dmean": 0, "dmean2": 0, "dvar": 0, "dvar2": 0, "max": 1, "mean": 1, "median": 1, "min": 1, "var": 0}, "silence_rate_30dB": {"dmean": 0.0158141832799, "dmean2": 0.0316322743893, "dvar": 0.0155644407496, "dvar2": 0.0382936894894, "max": 1, "mean": 0.981222987175, "median": 1, "min": 0, "var": 0.0184241011739}, "silence_rate_60dB": {"dmean": 0.0244625657797, "dmean2": 0.0489311739802, "dvar": 0.0238617509604, "dvar2": 0.0549331828952, "max": 1, "mean": 0.430759727955, "median": 0, "min": 0, "var": 0.245189726353}, "spectral_centroid": {"dmean": 243.906112671, "dmean2": 364.464935303, "dvar": 106659.460938, "dvar2": 228572.03125, "max": 11749.9501953, "mean": 1625.64697266, "median": 1542.2010498, "min": 242.695007324, "var": 1060421.875}, "spectral_complexity": {"dmean": 1.88312327862, "dmean2": 3.03138518333, "dvar": 5.97897291183, "dvar2": 13.6758327484, "max": 59, "mean": 12.0878324509, "median": 8, "min": 0, "var": 136.603546143}, "spectral_decrease": {"dmean": 1.50212642325e-09, "dmean2": 2.37137531833e-09, "dvar": 1.54786420278e-17, "dvar2": 3.75982010331e-17, "max": 7.26065343616e-20, "mean": -4.11730116667e-09, "median": -1.37485356433e-09, "min": -6.30156620218e-08, "var": 4.62384598733e-17}, "spectral_energy": {"dmean": 0.00586959673092, "dmean2": 0.00926655251533, "dvar": 0.000228993099881, "dvar2": 0.000557221239433, "max": 0.242431342602, "mean": 0.0169018022716, "median": 0.00562610896304, "min": 1.02511927858e-20, "var": 0.000736445537768}, "spectral_energyband_high": {"dmean": 0.000245705916313, "dmean2": 0.000338771817042, "dvar": 5.22746177012e-07, "dvar2": 8.31227168874e-07, "max": 0.0229253172874, "mean": 0.000811978301499, "median": 0.000150499326992, "min": 7.13571232828e-21, "var": 3.15555439556e-06}, "spectral_energyband_low": {"dmean": 0.00418803095818, "dmean2": 0.00672504398972, "dvar": 0.000177930822247, "dvar2": 0.000435376132373, "max": 0.201620832086, "mean": 0.0070697455667, "median": 0.000173238891875, "min": 1.90701554479e-23, "var": 0.000323350715917}, "spectral_energyband_middle_high": {"dmean": 0.0010631037876, "dmean2": 0.0017034978373, "dvar": 5.42597399544e-06, "dvar2": 1.41323780554e-05, "max": 0.0618584156036, "mean": 0.00365572189912, "median": 0.00095714116469, "min": 1.1509266037e-21, "var": 3.77176438633e-05}, "spectral_energyband_middle_low": {"dmean": 0.00242645689286, "dmean2": 0.00386635726318, "dvar": 3.23832646245e-05, "dvar2": 8.60413056216e-05, "max": 0.0941098555923, "mean": 0.00561633566394, "median": 0.00172469648533, "min": 1.44755307154e-22, "var": 9.20093152672e-05}, "spectral_entropy": {"dmean": 0.136353746057, "dmean2": 0.20087723434, "dvar": 0.0255643259734, "dvar2": 0.0501725450158, "max": 9.825507164, "mean": 7.31394863129, "median": 7.61473894119, "min": 4.39528512955, "var": 0.729329168797}, "spectral_flux": {"dmean": 0.0150554645807, "dmean2": 0.0242779497057, "dvar": 0.000810331723187, "dvar2": 0.00185893289745, "max": 0.363813221455, "mean": 0.0509779676795, "median": 0.0335002057254, "min": 6.32457558547e-11, "var": 0.00285453163087}, "spectral_kurtosis": {"dmean": 3.13984441757, "dmean2": 5.23426437378, "dvar": 164.296508789, "dvar2": 430.561706543, "max": 610.137512207, "mean": 12.9004526138, "median": 3.6289935112, "min": -1.31477022171, "var": 1824.015625}, "spectral_rms": {"dmean": 0.000502584793139, "dmean2": 0.000768442929257, "dvar": 9.0546041065e-07, "dvar2": 2.1031119104e-06, "max": 0.0153791541234, "mean": 0.00305542116985, "median": 0.00234283739701, "min": 3.16246161203e-12, "var": 7.1540330282e-06}, "spectral_rolloff": {"dmean": 528.438293457, "dmean2": 887.083007812, "dvar": 1073257.125, "dvar2": 2293355, "max": 19702.8808594, "mean": 2033.48193359, "median": 1356.59179688, "min": 21.533203125, "var": 5522090.5}, "spectral_skewness": {"dmean": 0.231214180589, "dmean2": 0.370914697647, "dvar": 0.182238817215, "dvar2": 0.428026407957, "max": 19.0703983307, "mean": 2.04327344894, "median": 1.51904213428, "min": -0.543957471848, "var": 4.26876163483}, "spectral_spread": {"dmean": 422678.25, "dmean2": 633100.1875, "dvar": 655987310592, "dvar2": 1421181190140.0, "max": 41806848, "mean": 5053022, "median": 5065337.5, "min": 147789.359375, "var": 9411081797630.0}, "spectral_strongpeak": {"dmean": 0.398799329996, "dmean2": 0.676652908325, "dvar": 0.769661724567, "dvar2": 2.11937212944, "max": 25.7453670502, "mean": 0.785949349403, "median": 0.363825798035, "min": 0, "var": 1.18242633343}, "zerocrossingrate": {"dmean": 0.0105250123888, "dmean2": 0.0125946151093, "dvar": 0.000229982324527, "dvar2": 0.00026754962164, "max": 0.52197265625, "mean": 0.0772786065936, "median": 0.06640625, "min": 0.0009765625, "var": 0.00401484640315}, "barkbands": {"dmean": [0.000275036407402, 0.00274046417326, 0.00149957812391, 0.000542622525245, 0.000647851964459, 0.000394981936552, 0.00075047952123, 0.000525613257196, 0.000494707084727, 0.000228110933676, 0.000411370798247, 0.00022340437863, 0.00032096815994, 0.000246869865805, 0.000207863442483, 0.000145885336678, 0.000184509000974, 7.78528556111e-05, 5.58174797334e-05, 7.46295045246e-05, 7.21099422663e-05, 5.46485098312e-05, 3.67468092008e-05, 6.053047764e-05, 5.10090503667e-05, 2.39112687268e-05, 7.28305576558e-06], "dmean2": [0.000427939929068, 0.00422643637285, 0.00267123128287, 0.000939813791774, 0.00109026010614, 0.000577411614358, 0.001177839702, 0.000817205233034, 0.000771739403717, 0.000378955097403, 0.000671882939059, 0.000377917283913, 0.000536681036465, 0.000400967721362, 0.000334251817549, 0.000237816610024, 0.000307431939291, 0.000127377090394, 9.08343790798e-05, 0.000122587589431, 0.000110572815174, 8.46893526614e-05, 6.00885941822e-05, 8.42680892674e-05, 7.29747844161e-05, 3.52617098542e-05, 1.05247218016e-05], "dvar": [8.76184685694e-07, 8.36728140712e-05, 2.51246801781e-05, 4.86751241624e-06, 3.05015782942e-06, 1.30520652419e-06, 6.37064022158e-06, 6.06975527262e-06, 3.14826411341e-06, 3.0413997365e-07, 2.06504046218e-06, 5.68391612887e-07, 1.20804031667e-06, 9.16407032037e-07, 4.53320410543e-07, 3.11785782969e-07, 2.62424521225e-07, 5.39928635135e-08, 1.6846401607e-08, 4.33184794701e-08, 2.54377532372e-08, 3.66835735122e-08, 7.14250525391e-09, 8.19325904899e-08, 8.32572055742e-08, 1.1050208748e-08, 1.41952039012e-09], "dvar2": [2.20321612687e-06, 0.000204322495847, 7.02248944435e-05, 1.24676516862e-05, 8.50415563036e-06, 2.73655291494e-06, 1.65543606272e-05, 1.66307399923e-05, 7.54775010137e-06, 8.28837812605e-07, 5.23177732248e-06, 1.61582431701e-06, 3.3856367736e-06, 2.50874109042e-06, 1.09498682832e-06, 8.35998832827e-07, 7.020000794e-07, 1.36903437919e-07, 4.33283737777e-08, 1.15071102869e-07, 5.83054955428e-08, 7.87027545357e-08, 1.75212662157e-08, 1.39851252356e-07, 1.70567247437e-07, 1.79677446255e-08, 2.42111752868e-09], "max": [0.0139413746074, 0.165881544352, 0.068085744977, 0.0263210702688, 0.0550313070416, 0.048024918884, 0.0595786236227, 0.0796060562134, 0.0527127571404, 0.0116740837693, 0.0346933491528, 0.0308210831136, 0.0343652330339, 0.033560808748, 0.0216731820256, 0.0190516952425, 0.011923275888, 0.0079529741779, 0.00258752098307, 0.00650539947674, 0.00469768745825, 0.0101173510775, 0.0018715581391, 0.011420420371, 0.011929217726, 0.00583926960826, 0.00174502062146], "mean": [0.000423251301982, 0.00507401255891, 0.00138413114473, 0.000461421266664, 0.00097012828337, 0.000755746674258, 0.00153760798275, 0.000833408441395, 0.000921021972317, 0.000344125553966, 0.000638356315903, 0.000361326587154, 0.000523701892234, 0.000460568320705, 0.000391419831431, 0.000262109620962, 0.000361758517101, 0.00016332064115, 0.000134652917041, 0.000159305127454, 0.000187535173609, 0.00014945626026, 8.90118826646e-05, 0.000140243733767, 0.000112557703687, 4.6163368097e-05, 1.5470537619e-05], "median": [6.78411015542e-05, 2.00604995371e-06, 2.91787691822e-05, 3.63184117305e-05, 0.0003031429369, 0.000161482603289, 0.000190304795979, 8.01270216471e-05, 0.000126744969748, 8.44574751682e-05, 8.10020064819e-05, 5.6778844737e-05, 5.29459939571e-05, 3.76611715183e-05, 2.99418934446e-05, 1.61072930496e-05, 3.17437661579e-05, 3.01518830383e-05, 2.32433958445e-05, 2.2999718567e-05, 3.54586991307e-05, 2.10185698961e-05, 1.81644954864e-05, 1.92437582882e-05, 1.22990977616e-05, 8.14633949631e-06, 3.68326254829e-06], "min": [8.50249272004e-25, 2.40735637206e-24, 2.40171522772e-24, 2.59424821943e-25, 6.12948709889e-24, 1.52346316852e-23, 1.43193147992e-23, 1.12332854159e-23, 2.14047214549e-23, 1.40055485295e-23, 1.28739149392e-23, 2.94910790034e-23, 2.01259905493e-23, 4.75028497515e-23, 3.81286452208e-23, 4.57803277887e-23, 5.01507024006e-23, 8.37922941707e-23, 1.71959976953e-22, 2.1450571944e-22, 2.8131269605e-22, 3.89835217931e-22, 4.23530004169e-22, 6.45600432684e-22, 9.05743585648e-22, 1.38423152222e-21, 2.09564653188e-21], "var": [1.06219897589e-06, 0.000182636271347, 2.09011450352e-05, 3.71372311747e-06, 3.37202254741e-06, 5.24414645042e-06, 2.18661753024e-05, 1.23519148474e-05, 8.74102988746e-06, 4.94614312174e-07, 3.59406135431e-06, 9.77060835794e-07, 2.35776019508e-06, 2.31558692576e-06, 1.37261531563e-06, 6.49130072361e-07, 7.02211650605e-07, 1.65088707149e-07, 6.03307981351e-08, 1.02777491406e-07, 1.2374063374e-07, 1.39611032068e-07, 2.82316552358e-08, 2.95688522556e-07, 2.29102241178e-07, 2.85902999053e-08, 3.45138095881e-09]}, "erbbands": {"dmean": [0.101450458169, 0.562680244446, 1.55761539936, 1.90311813354, 1.94735300541, 2.29846000671, 2.44395971298, 3.4166841507, 5.82642793655, 16.1434745789, 11.0004920959, 12.2316036224, 6.94985437393, 8.03993606567, 14.4813976288, 11.2346448898, 13.1378536224, 12.9100084305, 10.9664859772, 8.79799556732, 8.38902378082, 8.06091213226, 4.64500045776, 2.93104672432, 3.05066919327, 3.68895864487, 3.22346639633, 2.55519199371, 2.1250565052, 1.48626816273, 1.00176310539, 1.2149926424, 1.06758999825, 0.724156498909, 0.272446364164, 0.120136320591, 0.0450102910399, 0.00997961778194, 0.00116919493303, 5.89021365158e-05], "dmean2": [0.154982939363, 0.903533279896, 2.77591872215, 3.25460600853, 3.36706900597, 3.79128289223, 3.80218911171, 5.08247804642, 8.87485027313, 25.3354625702, 17.235578537, 19.0267295837, 11.2607460022, 12.9708013535, 23.6971492767, 18.9440155029, 21.8858966827, 20.7387561798, 17.5206623077, 14.3206729889, 13.6227436066, 13.18907547, 7.59495830536, 4.75736236572, 4.99375391006, 6.07178688049, 5.09843444824, 3.95549488068, 3.28760886192, 2.36220312119, 1.64541530609, 1.78486907482, 1.48555672169, 1.04249215126, 0.392797142267, 0.178711786866, 0.0655273273587, 0.0145391700789, 0.00168442900758, 8.78190767253e-05], "dvar": [0.14655444026, 3.08824110031, 24.2679195404, 56.5599365234, 37.4943199158, 36.4002914429, 65.8047561646, 109.148193359, 211.244659424, 4031.23681641, 3473.73486328, 1824.03479004, 346.767730713, 430.404663086, 2221.94970703, 1287.33740234, 1919.84423828, 2297.55004883, 1511.03540039, 740.041015625, 965.937316895, 546.940979004, 177.021942139, 49.8858451843, 59.4990730286, 111.271697998, 55.6860542297, 39.1576652527, 54.7525939941, 16.7516880035, 5.79807472229, 28.8324432373, 29.5773849487, 20.6556777954, 1.43048226833, 0.23231805861, 0.0456575006247, 0.00277551682666, 3.07131303998e-05, 4.47610801757e-08], "dvar2": [0.355777800083, 7.75293445587, 69.0052642822, 144.551834106, 102.530052185, 99.3393173218, 167.809921265, 231.940567017, 505.010864258, 10629.6464844, 9636.42382812, 4358.37353516, 919.478759766, 1109.5390625, 5736.8125, 3704.69311523, 5349.46044922, 5866.76611328, 3759.58764648, 1962.7713623, 2621.79345703, 1355.90344238, 456.528411865, 129.124267578, 155.312088013, 294.46963501, 134.192382812, 91.4235992432, 123.645584106, 37.29479599, 14.150144577, 55.8721008301, 48.9426498413, 43.7081985474, 2.705078125, 0.397747397423, 0.0769267529249, 0.00486499303952, 4.80187045468e-05, 7.61027934004e-08], "max": [7.0585694313, 27.9564476013, 57.5120887756, 78.2389984131, 85.3744735718, 211.845077515, 279.145355225, 400.353302002, 373.230926514, 1776.62145996, 2086.28466797, 1203.53076172, 468.92956543, 389.203033447, 1179.87487793, 1348.96276855, 1333.60656738, 2022.94445801, 1017.86987305, 854.160705566, 1097.73950195, 757.648071289, 411.899200439, 167.243240356, 204.068099976, 260.021759033, 203.303665161, 198.315109253, 370.65447998, 172.702148438, 54.8016853333, 279.984375, 237.904037476, 188.047958374, 43.4773979187, 22.8543243408, 12.7451257706, 2.16127228737, 0.258071005344, 0.00856651458889], "mean": [0.213333830237, 0.875239491463, 1.53892719746, 1.72992789745, 2.2329325676, 3.56773090363, 4.1859459877, 6.43915605545, 11.8293838501, 31.8352336884, 19.6794548035, 21.921257019, 12.4161567688, 14.2436161041, 24.0989284515, 19.4654712677, 22.9913520813, 25.4081859589, 20.9953155518, 17.862247467, 16.7138233185, 17.7174072266, 10.5848722458, 7.29397201538, 7.12041902542, 7.9586725235, 7.79457998276, 6.5890173912, 5.70422315598, 3.76661419868, 2.50364542007, 2.76378631592, 2.33009886742, 1.52643036842, 0.609107077122, 0.243146330118, 0.0785825103521, 0.0186974238604, 0.00249244715087, 0.00015409378102], "median": [0.000715056608897, 0.00116207927931, 0.0337314009666, 0.150900900364, 0.518346726894, 1.01899981499, 1.03294479847, 1.43540489674, 2.51671481133, 2.80175495148, 2.96706318855, 3.09021806717, 2.87927865982, 3.34155106544, 3.56866312027, 3.48363804817, 3.18196702003, 2.4702038765, 1.72541236877, 1.34385228157, 1.03355717659, 1.6645450592, 1.94439339638, 1.35997188091, 1.3284829855, 1.2255140543, 1.2157728672, 1.18320727348, 0.742552816868, 0.670076429844, 0.525707900524, 0.403195112944, 0.24967084825, 0.142514646053, 0.0845759138465, 0.038566686213, 0.0142979705706, 0.00355971045792, 0.000643771665636, 5.28470409336e-05], "min": [1.1323270306e-22, 4.96788247398e-22, 2.32703718159e-21, 2.81626241123e-21, 1.01753062348e-20, 2.61659765191e-20, 6.62558875205e-20, 1.40622500667e-19, 1.79915621865e-19, 1.48152170687e-19, 2.70292483789e-19, 3.41981435744e-19, 6.31434938037e-19, 1.1080772933e-18, 1.0573049473e-18, 1.42238710771e-18, 1.04274419038e-18, 2.38256926378e-18, 1.96654125624e-18, 3.37202223979e-18, 3.55659994206e-18, 3.94735799548e-18, 5.28298461028e-18, 7.53183102906e-18, 9.74873131898e-18, 1.07106935677e-17, 1.08804351653e-17, 1.18531110574e-17, 1.28258605685e-17, 1.23909653983e-17, 1.10983542433e-17, 1.20111827909e-17, 1.08983667866e-17, 8.13746206788e-18, 6.15800686793e-18, 4.3027590408e-18, 2.39458447576e-18, 9.58782980059e-19, 2.62216254179e-19, 2.70031560004e-20], "var": [0.341801583767, 5.61537885666, 21.2775745392, 45.859752655, 30.9469165802, 48.0265388489, 133.858779907, 380.843139648, 737.709411621, 11474.0175781, 7386.68847656, 5023.62744141, 696.612182617, 879.350402832, 3986.16674805, 2286.9440918, 4185.29199219, 6240.71777344, 4319.95556641, 2164.9140625, 2250.99121094, 1898.95922852, 603.503845215, 195.511062622, 170.167480469, 255.060379028, 218.126342773, 179.184280396, 199.313903809, 58.9113807678, 23.0505275726, 83.9670639038, 108.336181641, 50.188785553, 5.39137840271, 0.740081787109, 0.098839469254, 0.0065724211745, 8.21297071525e-05, 1.29246203073e-07]}, "gfcc": {"mean": [-123.95677948, 50.4024963379, -124.231140137, -0.528704822063, -67.1800079346, 3.65915346146, -27.3073482513, -0.0441942252219, -24.4477348328, 2.16846561432, -10.4525375366, 3.95948910713, -9.77586936951], "cov": [[47966.1289062, -332.814239502, 2137.85766602, 4446.65087891, 1043.89331055, 2088.59326172, -1027.54821777, 1509.23876953, 772.335693359, 950.422119141, -485.668548584, 277.385955811, -55.0806274414], [-332.814239502, 6621.02148438, 1474.24719238, 127.243934631, 97.0505523682, -1271.70300293, -487.160766602, -485.230285645, 753.786682129, -23.3081359863, -376.54119873, -515.709594727, 83.1693725586], [2137.85766602, 1474.24719238, 2323.73510742, 330.271179199, 101.999855042, 152.486724854, -393.876800537, 156.211044312, 261.092834473, 50.1101264954, -181.639984131, -203.811447144, -75.3051147461], [4446.65087891, 127.243934631, 330.271179199, 1205.19604492, 526.053710938, 266.0909729, 55.8281936646, 187.963012695, 229.198883057, 185.616546631, -86.7543563843, 1.02547490597, 62.4022445679], [1043.89331055, 97.0505523682, 101.999855042, 526.053710938, 711.545898438, 273.306152344, 134.860687256, 150.139205933, 258.105987549, 206.06918335, -13.6870012283, -27.2184734344, 72.4420623779], [2088.59326172, -1271.70300293, 152.486724854, 266.0909729, 273.306152344, 804.275695801, 168.441345215, 255.589370728, -116.226539612, 69.8822174072, 50.6319999695, 61.7309646606, -69.2178192139], [-1027.54821777, -487.160766602, -393.876800537, 55.8281936646, 134.860687256, 168.441345215, 446.040313721, 45.0135345459, -70.5039596558, -1.64536261559, 87.6538696289, 89.7992477417, 29.9129924774], [1509.23876953, -485.230285645, 156.211044312, 187.963012695, 150.139205933, 255.589370728, 45.0135345459, 383.70904541, 149.812072754, 114.483688354, 31.209405899, 95.0593719482, 12.2579936981], [772.335693359, 753.786682129, 261.092834473, 229.198883057, 258.105987549, -116.226539612, -70.5039596558, 149.812072754, 454.623748779, 252.044723511, -12.4116401672, -15.2597513199, 104.75328064], [950.422119141, -23.3081359863, 50.1101264954, 185.616546631, 206.06918335, 69.8822174072, -1.64536261559, 114.483688354, 252.044723511, 348.318054199, 92.8157424927, 9.84557247162, 76.0438232422], [-485.668548584, -376.54119873, -181.639984131, -86.7543563843, -13.6870012283, 50.6319999695, 87.6538696289, 31.209405899, -12.4116401672, 92.8157424927, 190.193939209, 90.8563842773, 16.2790489197], [277.385955811, -515.709594727, -203.811447144, 1.02547490597, -27.2184734344, 61.7309646606, 89.7992477417, 95.0593719482, -15.2597513199, 9.84557247162, 90.8563842773, 214.424697876, 52.4156761169], [-55.0806274414, 83.1693725586, -75.3051147461, 62.4022445679, 72.4420623779, -69.2178192139, 29.9129924774, 12.2579936981, 104.75328064, 76.0438232422, 16.2790489197, 52.4156761169, 161.527252197]], "icov": [[5.30015458935e-05, -4.95884996781e-05, 4.70408849651e-05, -0.000197175861103, 0.000127942257677, -0.000173442618689, 0.000189100115676, -0.000112099558464, 9.16686985875e-05, -0.000158284630743, 0.000134077810799, -0.000157344460604, 3.61097663699e-05], [-4.95884996781e-05, 0.000522124755662, -0.000291543838102, 0.000141147902468, -0.000176619068952, 0.000643906532787, -0.000343311723555, 0.000655946030747, -0.00105772924144, 0.000661473663058, -0.000135059322929, 0.000619344878942, 7.99207991804e-05], [4.70408849651e-05, -0.000291543838102, 0.00083933933638, -0.000299549195915, 0.000366294378182, -0.000801966525614, 0.000741648254916, -0.000460901093902, -8.3614475443e-05, 8.65251058713e-06, 9.67265077634e-05, 0.000147406157339, 5.54511389055e-05], [-0.000197175861103, 0.000141147902468, -0.000299549195915, 0.00214918120764, -0.001363577554, 0.00059210130712, -0.000768754864112, 0.000242552167038, 1.09757183964e-05, -9.07104695216e-05, 0.000609450624324, -5.11315920448e-05, -0.000129867490614], [0.000127942257677, -0.000176619068952, 0.000366294378182, -0.001363577554, 0.00380127085373, -0.00193347595632, -0.000323164596921, 0.000281271932181, -0.00199151993729, -0.000171025079908, 0.000260090630036, 0.000703359546605, -0.000545113987755], [-0.000173442618689, 0.000643906532787, -0.000801966525614, 0.00059210130712, -0.00193347595632, 0.00434554880485, -0.0012652502628, -0.00118475337513, 0.00194206181914, -0.000628240639344, -8.84442779352e-05, 0.000544015318155, 0.000928874767851], [0.000189100115676, -0.000343311723555, 0.000741648254916, -0.000768754864112, -0.000323164596921, -0.0012652502628, 0.00425291620195, -0.00073661969509, 0.000948869506828, 0.00017145666061, -0.000901502324268, -0.00091621192405, -0.000552850076929], [-0.000112099558464, 0.000655946030747, -0.000460901093902, 0.000242552167038, 0.000281271932181, -0.00118475337513, -0.00073661969509, 0.00641810055822, -0.00444981222972, 0.00125105318148, 4.57005953649e-05, -0.00154501746874, 0.00112453533802], [9.16686985875e-05, -0.00105772924144, -8.3614475443e-05, 1.09757183964e-05, -0.00199151993729, 0.00194206181914, 0.000948869506828, -0.00444981222972, 0.010823036544, -0.00613187719136, 0.00224947906099, -0.00152717228048, -0.00144330528565], [-0.000158284630743, 0.000661473663058, 8.65251058713e-06, -9.07104695216e-05, -0.000171025079908, -0.000628240639344, 0.00017145666061, 0.00125105318148, -0.00613187719136, 0.00942361634225, -0.00567990308627, 0.00327158207074, -0.00162370863836], [0.000134077810799, -0.000135059322929, 9.67265077634e-05, 0.000609450624324, 0.000260090630036, -8.84442779352e-05, -0.000901502324268, 4.57005953649e-05, 0.00224947906099, -0.00567990308627, 0.0111786657944, -0.0046864701435, 0.00154315447435], [-0.000157344460604, 0.000619344878942, 0.000147406157339, -5.11315920448e-05, 0.000703359546605, 0.000544015318155, -0.00091621192405, -0.00154501746874, -0.00152717228048, 0.00327158207074, -0.0046864701435, 0.0100617902353, -0.00342201930471], [3.61097663699e-05, 7.99207991804e-05, 5.54511389055e-05, -0.000129867490614, -0.000545113987755, 0.000928874767851, -0.000552850076929, 0.00112453533802, -0.00144330528565, -0.00162370863836, 0.00154315447435, -0.00342201930471, 0.00955299381167]]}, "melbands": {"dmean": [0.000818094005808, 0.00074847828364, 0.000323290296365, 0.000148846404045, 9.01693492779e-05, 7.69487814978e-05, 0.000107746171125, 0.00016200945538, 9.20248203329e-05, 6.99148440617e-05, 3.47106251866e-05, 3.11034855258e-05, 6.09969683865e-05, 2.7278014386e-05, 3.51950438926e-05, 2.32174897974e-05, 2.65599428531e-05, 1.92012685147e-05, 1.20309914564e-05, 1.09945867734e-05, 1.16808623716e-05, 9.2597110779e-06, 6.90562728778e-06, 4.22541779699e-06, 2.42289252128e-06, 2.45854880632e-06, 2.56865314441e-06, 2.43263866651e-06, 2.23936262955e-06, 2.04430921258e-06, 1.61353830208e-06, 1.28248143483e-06, 1.17814749956e-06, 8.38405924242e-07, 6.15279645899e-07, 6.29650855899e-07, 8.48899446737e-07, 8.04711191904e-07, 7.85762892974e-07, 6.07698439126e-07], "dmean2": [0.00125000567641, 0.00128768046852, 0.000545934890397, 0.000250989774941, 0.000140794436447, 0.000112954905489, 0.000165599543834, 0.000253194884863, 0.000145070240251, 0.000108197287773, 5.62413515581e-05, 5.03427727381e-05, 9.95117879938e-05, 4.60388037027e-05, 5.9180372773e-05, 3.75618546968e-05, 4.26383667218e-05, 3.08047783619e-05, 1.92106526811e-05, 1.8270826331e-05, 1.9175820853e-05, 1.51863596329e-05, 1.14665972433e-05, 6.96428742231e-06, 3.99230702897e-06, 4.03128797188e-06, 4.22928314947e-06, 4.03102967539e-06, 3.63514413948e-06, 3.2330774502e-06, 2.56456678471e-06, 1.9889066607e-06, 1.87072976132e-06, 1.37614256346e-06, 1.03384195427e-06, 1.01597356661e-06, 1.226942004e-06, 1.14453973765e-06, 1.11129099878e-06, 8.97397342214e-07], "dvar": [8.67350718181e-06, 5.13527584189e-06, 1.48139758949e-06, 1.50896838136e-07, 8.08476627867e-08, 4.99495911299e-08, 8.6009023903e-08, 3.83688529837e-07, 1.91166421359e-07, 5.53604841969e-08, 8.6257676557e-09, 6.21895646091e-09, 4.63326763622e-08, 9.87136949959e-09, 1.58565036656e-08, 4.16151513249e-09, 1.02359392073e-08, 5.07106578951e-09, 1.54133728003e-09, 1.45914458294e-09, 1.94870719561e-09, 7.57166662702e-10, 3.48247208848e-10, 2.22920210069e-10, 3.53316785551e-11, 2.9465353768e-11, 6.66054711385e-11, 4.84463684447e-11, 2.94186480732e-11, 2.46427704631e-11, 1.78417818714e-11, 1.81271768429e-11, 1.95117116908e-11, 3.8453819122e-12, 2.0597657694e-12, 4.2021195551e-12, 1.65218724119e-11, 1.64028200744e-11, 1.95222397276e-11, 1.48723620225e-11], "dvar2": [2.09640184039e-05, 1.39480016514e-05, 3.81612244382e-06, 4.21032297027e-07, 2.11411290252e-07, 1.03668853058e-07, 2.15826673866e-07, 1.01532123153e-06, 5.17357477747e-07, 1.30472898263e-07, 2.28119425572e-08, 1.61957043332e-08, 1.17898935059e-07, 2.79347585064e-08, 4.51554669212e-08, 1.09646327573e-08, 2.65529767063e-08, 1.2944662231e-08, 3.60370555619e-09, 3.82924536524e-09, 5.41916378438e-09, 1.89540139139e-09, 8.94593787937e-10, 6.01409588796e-10, 9.23783480267e-11, 7.73978381385e-11, 1.75091996457e-10, 1.29902921753e-10, 7.48863540623e-11, 6.00315699928e-11, 4.36000680004e-11, 4.21821293173e-11, 4.33287052071e-11, 9.36560638071e-12, 5.2945863839e-12, 1.0203927113e-11, 3.10712636176e-11, 3.27279418844e-11, 3.12688312742e-11, 3.44006940989e-11], "max": [0.0541760139167, 0.0271353945136, 0.0133565478027, 0.00599827710539, 0.0121900280938, 0.00900210812688, 0.0066426997073, 0.0174874681979, 0.0145256677642, 0.00645474949852, 0.00233497051522, 0.00148189405445, 0.00537923257798, 0.00431060558185, 0.00448255613446, 0.00151622411795, 0.00408949423581, 0.001881904318, 0.00133873615414, 0.00100158643909, 0.00163952563889, 0.000894705473911, 0.000468952173833, 0.000533721817192, 0.000116670460557, 8.95738776308e-05, 0.000341919367202, 0.000174984073965, 0.000128508894704, 0.000161933217896, 0.000161318603205, 0.00018833624199, 0.00024079772993, 4.75579217891e-05, 2.65780618065e-05, 8.63238019519e-05, 0.000203377217986, 0.000173133579665, 0.000184818127309, 0.000162083902978], "mean": [0.0016097035259, 0.000917535217013, 0.000313203869155, 0.000212621263927, 0.000154322638991, 0.000145883459481, 0.000219945373829, 0.000312163261697, 0.000162262032973, 0.000126930317492, 5.84161243751e-05, 5.2895196859e-05, 9.45484862314e-05, 4.48205355497e-05, 5.69491567148e-05, 4.20181677327e-05, 4.86101635033e-05, 3.38257959811e-05, 2.45832652581e-05, 2.00842132472e-05, 2.07174707612e-05, 1.90092214325e-05, 1.36228591145e-05, 8.28878091852e-06, 5.34622677151e-06, 5.33234197064e-06, 5.23776134287e-06, 4.97078053741e-06, 4.78537276649e-06, 4.4410726332e-06, 3.76066532226e-06, 3.23257427226e-06, 2.77343929156e-06, 1.86018303339e-06, 1.39490123274e-06, 1.43004922393e-06, 1.7828270984e-06, 1.60330660037e-06, 1.60896183843e-06, 1.19209971672e-06], "median": [1.27911825984e-05, 1.24295766e-05, 3.94392154703e-05, 6.42995437374e-05, 4.17698101955e-05, 3.10565737891e-05, 3.94544549636e-05, 2.66773313342e-05, 2.39229393628e-05, 1.73604712472e-05, 1.27204220917e-05, 1.09582078949e-05, 1.17950467029e-05, 6.79475124343e-06, 8.15833573142e-06, 4.97499104313e-06, 3.90061904909e-06, 2.53221946878e-06, 1.88682508906e-06, 1.40551378536e-06, 1.13777980459e-06, 1.57077727181e-06, 1.49487038925e-06, 1.42786814195e-06, 8.19427953047e-07, 8.96604376521e-07, 8.17208785975e-07, 6.8346577109e-07, 6.49566402444e-07, 7.3971096981e-07, 5.45553461961e-07, 3.7223580307e-07, 4.0369897647e-07, 3.47584659721e-07, 2.61171408056e-07, 2.38957710508e-07, 2.32113293919e-07, 1.59686990742e-07, 1.4629803502e-07, 1.04035898119e-07], "min": [1.18898308787e-24, 1.5131918051e-24, 7.06238917363e-25, 1.75469664086e-24, 2.23177052848e-24, 3.38459824752e-24, 2.93365202472e-24, 1.89036237554e-24, 1.74622959955e-24, 2.25215291933e-24, 2.92281130095e-24, 3.65973202645e-24, 2.29129402808e-24, 3.26740132435e-24, 3.31482271159e-24, 2.02191360895e-24, 4.03576032629e-24, 3.32320751415e-24, 3.36704609238e-24, 3.52497170687e-24, 4.50921728666e-24, 3.43701766024e-24, 4.77050971215e-24, 3.85860977711e-24, 5.70078616197e-24, 5.81604150124e-24, 6.04917553671e-24, 6.46835058377e-24, 6.11000657327e-24, 5.78674715153e-24, 5.34591195617e-24, 6.02694425311e-24, 5.7123114198e-24, 6.16168997876e-24, 6.04190736676e-24, 5.67687854895e-24, 7.53165738121e-24, 6.91987523882e-24, 6.23734016185e-24, 5.41500946614e-24], "var": [1.9159166186e-05, 6.04874276178e-06, 1.22692051718e-06, 1.60508008662e-07, 1.46150270552e-07, 1.90479028106e-07, 3.00691141319e-07, 1.0268281585e-06, 4.39639592287e-07, 1.56850035182e-07, 1.68248401877e-08, 1.25460308809e-08, 7.95892560745e-08, 1.66157239079e-08, 2.55800589599e-08, 1.2726455445e-08, 2.53671164074e-08, 1.25388766037e-08, 5.23895149485e-09, 3.10730463582e-09, 3.87937504343e-09, 2.46664977333e-09, 9.2815527486e-10, 6.25546281441e-10, 1.12630300919e-10, 9.17841844195e-11, 1.21965992861e-10, 1.1058876731e-10, 9.28496932118e-11, 7.71213232165e-11, 6.79574174711e-11, 6.55902415714e-11, 5.75892250554e-11, 1.18018901943e-11, 7.24823109519e-12, 1.12428946361e-11, 4.78226763745e-11, 4.96346574952e-11, 6.89184126434e-11, 3.03437032445e-11]}, "mfcc": {"mean": [-750.508972168, 88.0014343262, -3.03025889397, 0.464628517628, -16.0388088226, -1.60846328735, -0.104623004794, -0.579757630825, -6.38197612762, -5.66446065903, -0.198648661375, 2.67690682411, -1.80391693115], "cov": [[26373.6367188, 2365.98901367, 293.454833984, 1803.87268066, 2127.55175781, 1203.578125, -240.097351074, 224.252609253, 1371.06213379, 1180.8104248, 586.243713379, 610.69128418, 638.316955566], [2365.98901367, 3212.66430664, 866.223083496, 499.465942383, 272.88659668, -412.817138672, -859.630737305, -427.39453125, 136.633178711, 86.5952987671, -41.0860710144, -186.912582397, -33.8504867554], [293.454833984, 866.223083496, 1238.56860352, 271.033691406, 168.695983887, -117.875175476, -273.037109375, -108.430984497, 84.7310333252, 30.3331604004, -14.771730423, -108.86076355, -15.8114337921], [1803.87268066, 499.465942383, 271.033691406, 676.882141113, 452.473449707, 100.504653931, -107.039421082, -73.922996521, 293.504852295, 158.633682251, 40.3684005737, 29.7159194946, 45.0401992798], [2127.55175781, 272.88659668, 168.695983887, 452.473449707, 710.912658691, 236.247817993, -80.3583602905, -35.0668907166, 329.091888428, 252.4400177, 58.2269592285, 82.4392547607, 80.0620117188], [1203.578125, -412.817138672, -117.875175476, 100.504653931, 236.247817993, 473.830383301, 337.704498291, 143.481033325, 101.340270996, 122.897506714, 63.4360275269, 106.712265015, 24.0181102753], [-240.097351074, -859.630737305, -273.037109375, -107.039421082, -80.3583602905, 337.704498291, 622.942199707, 285.419952393, -58.1516075134, -16.6229190826, 31.7549819946, 83.2519607544, -9.08587551117], [224.252609253, -427.39453125, -108.430984497, -73.922996521, -35.0668907166, 143.481033325, 285.419952393, 365.384857178, 21.5868968964, -60.3379898071, 16.722026825, 43.5234069824, 37.8103713989], [1371.06213379, 136.633178711, 84.7310333252, 293.504852295, 329.091888428, 101.340270996, -58.1516075134, 21.5868968964, 366.1222229, 183.694381714, 43.6635932922, 90.853225708, 67.680770874], [1180.8104248, 86.5952987671, 30.3331604004, 158.633682251, 252.4400177, 122.897506714, -16.6229190826, -60.3379898071, 183.694381714, 286.124633789, 85.4803314209, 88.0426101685, 89.0519561768], [586.243713379, -41.0860710144, -14.771730423, 40.3684005737, 58.2269592285, 63.4360275269, 31.7549819946, 16.722026825, 43.6635932922, 85.4803314209, 155.037063599, 60.5272865295, 63.7803230286], [610.69128418, -186.912582397, -108.86076355, 29.7159194946, 82.4392547607, 106.712265015, 83.2519607544, 43.5234069824, 90.853225708, 88.0426101685, 60.5272865295, 169.766952515, 69.1535797119], [638.316955566, -33.8504867554, -15.8114337921, 45.0401992798, 80.0620117188, 24.0181102753, -9.08587551117, 37.8103713989, 67.680770874, 89.0519561768, 63.7803230286, 69.1535797119, 276.507659912]], "icov": [[6.91969544278e-05, -6.20211503701e-05, 3.58280267392e-05, -7.09249288775e-05, -2.94267865684e-05, -0.000170292856637, 0.000106194267573, -0.000133561785333, -7.95925188868e-06, -8.60501895659e-05, -8.46550537972e-05, -8.35297105368e-05, -3.85876155633e-05], [-6.20211503701e-05, 0.000662881764583, -0.000224046758376, -0.000302107160678, 0.000104146893136, 0.000135409412906, 0.000626804074273, 6.58982462483e-05, 0.000211016376852, -0.000143311204738, 9.43862469285e-05, 0.000275224156212, 0.000134293193696], [3.58280267392e-05, -0.000224046758376, 0.00109345128294, -0.000292224227451, -8.10626588645e-05, -5.23332528246e-05, 0.000189713522559, -0.000223911672947, -2.84279190055e-06, -9.31204849621e-05, -0.000122304249089, 0.000508164172061, -3.33365255756e-06], [-7.09249288775e-05, -0.000302107160678, -0.000292224227451, 0.00353729352355, -0.00153686513659, 0.000370250374544, -0.00110371352639, 0.0011530633783, -0.00196555885486, 0.00109568145126, -0.000444949459052, 0.000583612301853, -0.000162349344464], [-2.94267865684e-05, 0.000104146893136, -8.10626588645e-05, -0.00153686513659, 0.00422594742849, -0.00214208289981, 0.00149869034067, -0.000320925668348, -0.001034156885, -0.00136768794619, 0.000563823035918, 0.000181640614755, -9.99027615762e-05], [-0.000170292856637, 0.000135409412906, -5.23332528246e-05, 0.000370250374544, -0.00214208289981, 0.00633513554931, -0.00360723165795, 0.00035642425064, 0.000237596366787, -0.000581369211432, -0.000273834826658, -0.000566578120925, 0.000583016430028], [0.000106194267573, 0.000626804074273, 0.000189713522559, -0.00110371352639, 0.00149869034067, -0.00360723165795, 0.00615188432857, -0.00303736003116, 0.00164728029631, -0.00121305382345, 0.000265794806182, -0.000672637892421, 0.000613477721345], [-0.000133561785333, 6.58982462483e-05, -0.000223911672947, 0.0011530633783, -0.000320925668348, 0.00035642425064, -0.00303736003116, 0.00600280286744, -0.00242125475779, 0.00307068391703, -0.000577968952712, 0.000455428147689, -0.00111979013309], [-7.95925188868e-06, 0.000211016376852, -2.84279190055e-06, -0.00196555885486, -0.001034156885, 0.000237596366787, 0.00164728029631, -0.00242125475779, 0.00740446988493, -0.00311296549626, 0.00108114059549, -0.00217350595631, 0.000512604252435], [-8.60501895659e-05, -0.000143311204738, -9.31204849621e-05, 0.00109568145126, -0.00136768794619, -0.000581369211432, -0.00121305382345, 0.00307068391703, -0.00311296549626, 0.00867747329175, -0.00243435311131, -0.000693763780873, -0.00131362024695], [-8.46550537972e-05, 9.43862469285e-05, -0.000122304249089, -0.000444949459052, 0.000563823035918, -0.000273834826658, 0.000265794806182, -0.000577968952712, 0.00108114059549, -0.00243435311131, 0.00890888739377, -0.00181796820834, -0.000860150612425], [-8.35297105368e-05, 0.000275224156212, 0.000508164172061, 0.000583612301853, 0.000181640614755, -0.000566578120925, -0.000672637892421, 0.000455428147689, -0.00217350595631, -0.000693763780873, -0.00181796820834, 0.00986679643393, -0.00122011173517], [-3.85876155633e-05, 0.000134293193696, -3.33365255756e-06, -0.000162349344464, -9.99027615762e-05, 0.000583016430028, 0.000613477721345, -0.00111979013309, 0.000512604252435, -0.00131362024695, -0.000860150612425, -0.00122011173517, 0.00470102159306]]}, "spectral_contrast_coeffs": {"dmean": [0.0452690906823, 0.0399783812463, 0.0361829102039, 0.0288741327822, 0.0208773631603, 0.0165752023458], "dmean2": [0.0749368071556, 0.0636360943317, 0.0584802217782, 0.0463248752058, 0.0333676598966, 0.0266501009464], "dvar": [0.00148496998008, 0.00118412321899, 0.000972235575318, 0.000646540953312, 0.000363648781786, 0.000246824929491], "dvar2": [0.00403756415471, 0.0029326681979, 0.00246696243994, 0.0015578889288, 0.00079811719479, 0.000624180654995], "max": [-0.25154197216, -0.357839167118, -0.429954379797, -0.448929995298, -0.493321925402, -0.498927563429], "mean": [-0.636614382267, -0.730334460735, -0.734291553497, -0.75804245472, -0.775276482105, -0.758963823318], "median": [-0.670115590096, -0.736266255379, -0.739195764065, -0.759267508984, -0.775480985641, -0.759301364422], "min": [-0.97529643774, -0.977790057659, -0.978574454784, -0.969133138657, -0.968402445316, -0.963978290558], "var": [0.0212611351162, 0.0095940856263, 0.00678831292316, 0.00591813586652, 0.00497296545655, 0.00438528321683]}, "spectral_contrast_valleys": {"dmean": [0.477389782667, 0.337229728699, 0.307000875473, 0.264920055866, 0.207577064633, 0.222590059042], "dmean2": [0.79217505455, 0.550206065178, 0.50215703249, 0.429733753204, 0.325999945402, 0.339953124523], "dvar": [0.232997074723, 0.122480608523, 0.110628791153, 0.0954693555832, 0.0832088068128, 0.109764307737], "dvar2": [0.613832294941, 0.287779092789, 0.252306699753, 0.21144554019, 0.171340689063, 0.239203363