{"lowlevel": {"average_loudness": 0.948092937469, "barkbands_crest": {"dmean": 2.97254920006, "dmean2": 4.46282243729, "dvar": 10.1554346085, "dvar2": 23.034324646, "max": 26.9994678497, "mean": 14.9574670792, "median": 15.3524074554, "min": 2.63271570206, "var": 36.6857795715}, "barkbands_flatness_db": {"dmean": 0.0471071712673, "dmean2": 0.0577520020306, "dvar": 0.00245051435195, "dvar2": 0.00442644581199, "max": 0.911666989326, "mean": 0.257079362869, "median": 0.233869105577, "min": 0.0172868538648, "var": 0.0208815988153}, "barkbands_kurtosis": {"dmean": 1453.23876953, "dmean2": 2350.35449219, "dvar": 688604800, "dvar2": 1691282944, "max": 1527786, "mean": 1703.76391602, "median": 8.04186248779, "min": -1.88159620762, "var": 828427008}, "barkbands_skewness": {"dmean": 2.587921381, "dmean2": 3.98618388176, "dvar": 372.346679688, "dvar2": 932.116821289, "max": 1013.65008545, "mean": 4.38642930984, "median": 2.20553517342, "min": -58.5951271057, "var": 556.140686035}, "barkbands_spread": {"dmean": 6.41684532166, "dmean2": 9.75511360168, "dvar": 86.8836135864, "dvar2": 190.353622437, "max": 100.599853516, "mean": 12.5797481537, "median": 8.18152427673, "min": 0.000131680310005, "var": 167.383804321}, "dissonance": {"dmean": 0.0457630716264, "dmean2": 0.0704645588994, "dvar": 0.00211554672569, "dvar2": 0.00464477669448, "max": 0.5, "mean": 0.37914288044, "median": 0.409716129303, "min": 0.0125877764076, "var": 0.0102930953726}, "dynamic_complexity": 3.10875892639, "erbbands_crest": {"dmean": 3.92959141731, "dmean2": 5.92904758453, "dvar": 15.0895175934, "dvar2": 29.4997310638, "max": 34.5805702209, "mean": 15.2478322983, "median": 13.9750137329, "min": 2.36328315735, "var": 63.0531692505}, "erbbands_flatness_db": {"dmean": 0.0382985770702, "dmean2": 0.0509904995561, "dvar": 0.00179508700967, "dvar2": 0.00304318475537, "max": 0.734855413437, "mean": 0.211162105203, "median": 0.200938805938, "min": 0.038624227047, "var": 0.0103943226859}, "erbbands_kurtosis": {"dmean": 12.774143219, "dmean2": 18.6570243835, "dvar": 1250.80749512, "dvar2": 2331.4206543, "max": 721.099487305, "mean": 18.5463981628, "median": 3.09886741638, "min": -1.91118359566, "var": 3243.13110352}, "erbbands_skewness": {"dmean": 1.05641126633, "dmean2": 1.54507434368, "dvar": 2.57833600044, "dvar2": 4.56461620331, "max": 21.8336200714, "mean": 1.88833999634, "median": 1.0576198101, "min": -3.82115316391, "var": 7.60691308975}, "erbbands_spread": {"dmean": 13.6798906326, "dmean2": 20.0750598907, "dvar": 357.890777588, "dvar2": 648.272399902, "max": 188.78616333, "mean": 31.2937526703, "median": 24.4941940308, "min": 0.187585890293, "var": 749.640441895}, "hfc": {"dmean": 12.2906541824, "dmean2": 18.9083442688, "dvar": 342.138763428, "dvar2": 761.152587891, "max": 126.93812561, "mean": 21.0371227264, "median": 14.8679418564, "min": 1.11224981565e-16, "var": 462.71081543}, "melbands_crest": {"dmean": 3.06853914261, "dmean2": 4.69374513626, "dvar": 10.6004619598, "dvar2": 24.681810379, "max": 35.6684494019, "mean": 18.2751255035, "median": 18.6273860931, "min": 1.0027680397, "var": 45.6611289978}, "melbands_flatness_db": {"dmean": 0.0523554496467, "dmean2": 0.0628080666065, "dvar": 0.00292787491344, "dvar2": 0.00528395455331, "max": 1, "mean": 0.348920673132, "median": 0.333634674549, "min": 5.30664294729e-07, "var": 0.0268856752664}, "melbands_kurtosis": {"dmean": 29.5364704132, "dmean2": 44.2902641296, "dvar": 5148.80908203, "dvar2": 11709.3662109, "max": 1360.6784668, "mean": 51.3206214905, "median": 13.063076973, "min": -1.72447860241, "var": 14289.0576172}, "melbands_skewness": {"dmean": 1.38371348381, "dmean2": 1.94004321098, "dvar": 3.02621746063, "dvar2": 6.25142860413, "max": 30.3506851196, "mean": 3.59977698326, "median": 2.69590234756, "min": -5.72089910507, "var": 15.9233942032}, "melbands_spread": {"dmean": 5.46999692917, "dmean2": 8.51509284973, "dvar": 67.2541809082, "dvar2": 144.745620728, "max": 154.002349854, "mean": 12.2796096802, "median": 7.3948674202, "min": 0.16510027647, "var": 247.434143066}, "pitch_salience": {"dmean": 0.0821000561118, "dmean2": 0.119061388075, "dvar": 0.00744929071516, "dvar2": 0.0166283566505, "max": 0.996029138565, "mean": 0.423870831728, "median": 0.413677364588, "min": 0.00510687148198, "var": 0.0310276765376}, "silence_rate_20dB": {"dmean": 0, "dmean2": 0, "dvar": 0, "dvar2": 0, "max": 1, "mean": 1, "median": 1, "min": 1, "var": 0}, "silence_rate_30dB": {"dmean": 0.119146116078, "dmean2": 0.238331675529, "dvar": 0.104951694608, "dvar2": 0.198078230023, "max": 1, "mean": 0.619953691959, "median": 1, "min": 0, "var": 0.235610753298}, "silence_rate_60dB": {"dmean": 0.0493132546544, "dmean2": 0.0986428335309, "dvar": 0.0468841865659, "dvar2": 0.108759559691, "max": 1, "mean": 0.0847121104598, "median": 0, "min": 0, "var": 0.0775316357613}, "spectral_centroid": {"dmean": 218.449035645, "dmean2": 325.509338379, "dvar": 114952.484375, "dvar2": 233755.625, "max": 11656.2822266, "mean": 820.443054199, "median": 602.033691406, "min": 115.472053528, "var": 873934.375}, "spectral_complexity": {"dmean": 4.81846761703, "dmean2": 7.15359163284, "dvar": 61.9058609009, "dvar2": 127.966110229, "max": 56, "mean": 9.89030456543, "median": 6, "min": 0, "var": 101.937072754}, "spectral_decrease": {"dmean": 4.98805219351e-09, "dmean2": 7.13575554201e-09, "dvar": 4.31026247885e-17, "dvar2": 6.51878872313e-17, "max": 7.84915043673e-20, "mean": -1.72273111332e-08, "median": -1.45693510589e-08, "min": -5.8948543824e-08, "var": 2.06337702407e-16}, "spectral_energy": {"dmean": 0.0196098703891, "dmean2": 0.0282872766256, "dvar": 0.000657079392113, "dvar2": 0.00102217774838, "max": 0.22418551147, "mean": 0.0669280365109, "median": 0.0586144626141, "min": 1.0387242994e-20, "var": 0.00302276317962}, "spectral_energyband_high": {"dmean": 0.000860209867824, "dmean2": 0.00130205310415, "dvar": 2.69603606284e-06, "dvar2": 5.92374817643e-06, "max": 0.0107616689056, "mean": 0.000843031855766, "median": 0.00014282920165, "min": 7.06253511684e-21, "var": 2.95277141049e-06}, "spectral_energyband_low": {"dmean": 0.014571419917, "dmean2": 0.0186628568918, "dvar": 0.000445133715402, "dvar2": 0.000533926882781, "max": 0.209169283509, "mean": 0.047939106822, "median": 0.0252142101526, "min": 1.43473588043e-23, "var": 0.00248749624006}, "spectral_energyband_middle_high": {"dmean": 0.00250316900201, "dmean2": 0.00406939908862, "dvar": 2.39928522205e-05, "dvar2": 6.03155058343e-05, "max": 0.0722440630198, "mean": 0.00310616753995, "median": 0.000386694649933, "min": 1.29879806289e-21, "var": 3.49792899215e-05}, "spectral_energyband_middle_low": {"dmean": 0.00660803541541, "dmean2": 0.0101962126791, "dvar": 7.91086713434e-05, "dvar2": 0.000187575322343, "max": 0.0966085493565, "mean": 0.016551958397, "median": 0.0136613752693, "min": 1.75625857756e-22, "var": 0.000190962557099}, "spectral_entropy": {"dmean": 0.425579369068, "dmean2": 0.565740525723, "dvar": 0.255345970392, "dvar2": 0.47370955348, "max": 9.81474876404, "mean": 6.74690628052, "median": 6.98811721802, "min": 2.02921772003, "var": 1.31294047832}, "spectral_flux": {"dmean": 0.0530055873096, "dmean2": 0.0835367739201, "dvar": 0.00318251131102, "dvar2": 0.00774155789986, "max": 0.36346963048, "mean": 0.099292062223, "median": 0.0843264460564, "min": 6.44485229073e-11, "var": 0.00467529753223}, "spectral_kurtosis": {"dmean": 5.00452661514, "dmean2": 7.93260526657, "dvar": 762.264953613, "dvar2": 2050.19726562, "max": 834.176086426, "mean": 9.66644096375, "median": 4.45742845535, "min": -1.24406993389, "var": 1634.59716797}, "spectral_rms": {"dmean": 0.00139597896487, "dmean2": 0.00194742216263, "dvar": 3.07832056023e-06, "dvar2": 4.72955116493e-06, "max": 0.0147891035303, "mean": 0.00705393636599, "median": 0.00756206549704, "min": 3.18337804034e-12, "var": 1.5537478248e-05}, "spectral_rolloff": {"dmean": 359.324920654, "dmean2": 628.03704834, "dvar": 988253.4375, "dvar2": 2345378.5, "max": 19466.015625, "mean": 879.451171875, "median": 473.73046875, "min": 64.599609375, "var": 3281011.25}, "spectral_skewness": {"dmean": 0.461604505777, "dmean2": 0.673666000366, "dvar": 0.624371826649, "dvar2": 1.52250099182, "max": 25.1776561737, "mean": 2.11853265762, "median": 1.82343363762, "min": -0.0385363809764, "var": 3.20132040977}, "spectral_spread": {"dmean": 1053927.25, "dmean2": 1511209.25, "dvar": 1486958886910.0, "dvar2": 2800939171840.0, "max": 42199932, "mean": 5921666, "median": 5404136.5, "min": 136912.859375, "var": 13061235671000.0}, "spectral_strongpeak": {"dmean": 0.443429142237, "dmean2": 0.743227183819, "dvar": 0.48546025157, "dvar2": 1.14145362377, "max": 9.13985157013, "mean": 0.915714263916, "median": 0.749628245831, "min": 0, "var": 0.701490104198}, "zerocrossingrate": {"dmean": 0.0112792728469, "dmean2": 0.0124476971105, "dvar": 0.000238659617025, "dvar2": 0.00030994656845, "max": 0.5126953125, "mean": 0.0394052825868, "median": 0.02783203125, "min": 0.00146484375, "var": 0.00245600682683}, "barkbands": {"dmean": [0.0016890472034, 0.0111749935895, 0.00320170097984, 0.00195092882495, 0.00194020895287, 0.0014045474818, 0.00110993208364, 0.00123459962197, 0.00184799765702, 0.000830303586554, 0.000554113008548, 0.000323341810144, 0.000346037530107, 0.000149035433424, 0.000320499064401, 0.000157869973918, 9.84059952316e-05, 0.000150698047946, 0.000139225376188, 0.000121550379845, 0.000146158228745, 0.000159947303473, 0.000110243243398, 0.000231154466746, 0.00010089668649, 7.31817926862e-05, 2.42065452767e-05], "dmean2": [0.00285838800482, 0.013785305433, 0.00433178851381, 0.00285792537034, 0.00293323863298, 0.00219730660319, 0.00169982342049, 0.0019201526884, 0.00308264512569, 0.00139734661207, 0.000928542518523, 0.000530234305188, 0.000574622186832, 0.000243951173616, 0.00054751947755, 0.000257516774582, 0.000155070869369, 0.000238583437749, 0.000225585521548, 0.000195719476324, 0.000240012086579, 0.000245162285864, 0.000173255801201, 0.000355896248948, 0.000157543152454, 0.000110451226647, 3.89835477108e-05], "dvar": [2.21050559048e-05, 0.000272632489214, 2.8104552257e-05, 1.27906869238e-05, 1.38194054671e-05, 6.05376544627e-06, 5.63134017284e-06, 7.49877335693e-06, 1.59183400683e-05, 4.85270311401e-06, 3.23270933222e-06, 8.00428892944e-07, 1.07492451207e-06, 2.28828540116e-07, 1.31775072987e-06, 1.7003142716e-07, 7.61637650726e-08, 1.86326502671e-07, 1.60382754189e-07, 9.06394888034e-08, 1.31670219616e-07, 9.95855700126e-08, 5.42506946033e-08, 2.63706425585e-07, 6.09118089301e-08, 2.13510542579e-08, 3.38580363746e-09], "dvar2": [5.36962215847e-05, 0.000316346413456, 4.27045779361e-05, 2.51903275057e-05, 3.28959649778e-05, 1.48790859384e-05, 1.19406158774e-05, 1.74048236659e-05, 4.27836275776e-05, 1.20875320135e-05, 8.55000143929e-06, 1.91968661056e-06, 2.81036500382e-06, 5.61663057397e-07, 3.5918174035e-06, 4.21196716616e-07, 1.97834737037e-07, 4.62071284346e-07, 3.8030742644e-07, 2.25063431003e-07, 3.393249699e-07, 2.27080221293e-07, 1.19745706684e-07, 6.02754084866e-07, 1.49632228386e-07, 4.78709054619e-08, 8.62261817502e-09], "max": [0.0529609248042, 0.162514016032, 0.0847029611468, 0.043797660619, 0.0390748418868, 0.0422112680972, 0.0662348568439, 0.0578783936799, 0.0725693330169, 0.0604727566242, 0.0394926518202, 0.0181561578065, 0.0157354529947, 0.0108195077628, 0.0208538137376, 0.00595246115699, 0.00666796602309, 0.0124225886539, 0.0122186662629, 0.0039825020358, 0.0032752417028, 0.00299377273768, 0.0015744313132, 0.004022736568, 0.00177988945507, 0.00101525452919, 0.000488539284561], "mean": [0.00261620176025, 0.0355424024165, 0.0083462158218, 0.00333923101425, 0.00241808011197, 0.00300684734248, 0.00272260699421, 0.00173956737854, 0.00313324481249, 0.000964635633864, 0.000590252748225, 0.000322683248669, 0.000325661269017, 0.000145559388329, 0.000299490697216, 0.000148594917846, 9.62842023e-05, 0.000149677318404, 0.000128214538563, 0.000110642205982, 0.00012573452841, 0.000150840060087, 0.000101262456155, 0.00022628660372, 8.93828182598e-05, 6.88832078595e-05, 1.96835753741e-05], "median": [5.85072120884e-05, 0.0133471563458, 0.00270013371482, 0.00112918415107, 0.000664078106638, 0.000492552411743, 0.000222264963668, 0.000133429566631, 0.000140763702802, 6.06734465691e-05, 2.62068933807e-05, 1.85100507224e-05, 2.28070766752e-05, 1.11349672807e-05, 2.03765939659e-05, 1.36733287945e-05, 9.54522602115e-06, 1.23052177514e-05, 9.68436870608e-06, 9.63876664173e-06, 1.4691362594e-05, 2.12805753108e-05, 8.81461164681e-06, 4.06091858167e-05, 4.90852698931e-06, 9.78649768513e-06, 1.35829100145e-06], "min": [6.70646450092e-25, 2.35962121539e-24, 2.53208139484e-24, 1.58257271336e-24, 1.10439162002e-23, 3.91223023056e-24, 1.00672511792e-23, 1.06863681503e-23, 2.16886687823e-23, 1.69396535576e-23, 1.40107218794e-23, 1.40924810013e-23, 4.13255229718e-23, 4.34884060246e-23, 7.37959623757e-23, 6.7466098296e-23, 9.21439014654e-23, 8.27091313499e-23, 1.12639984531e-22, 1.43076762609e-22, 2.76157054583e-22, 3.92823170604e-22, 4.64548297373e-22, 5.93442918628e-22, 9.04789884368e-22, 1.2211292163e-21, 2.06309669205e-21], "var": [4.21249897045e-05, 0.00151547999121, 0.000120668606542, 2.89254694508e-05, 1.7953432689e-05, 2.07089433388e-05, 3.38698519045e-05, 1.51005369844e-05, 3.56394775736e-05, 8.10734763945e-06, 4.82007089886e-06, 9.14629026738e-07, 9.77402123681e-07, 2.35811157268e-07, 1.18191462661e-06, 1.60371087077e-07, 6.92937049962e-08, 1.86886268239e-07, 1.6218740484e-07, 8.25018346973e-08, 1.07087572587e-07, 1.05357699454e-07, 5.65374307371e-08, 2.6302382139e-07, 5.46828715642e-08, 2.26259224689e-08, 2.77959522066e-09]}, "erbbands": {"dmean": [0.318553388119, 2.5096616745, 3.99934840202, 5.36913633347, 5.95160722733, 7.18911838531, 8.42843341827, 13.5266304016, 15.6803455353, 21.8841190338, 28.2525596619, 41.7546577454, 27.307718277, 29.5956039429, 17.6829242706, 10.714263916, 15.5664987564, 9.99143791199, 11.8174161911, 11.4242162704, 9.19114303589, 6.14422893524, 7.48692321777, 7.28113031387, 7.44419765472, 5.39814949036, 5.60669088364, 6.37157773972, 5.92198896408, 4.46415233612, 3.08951449394, 5.7433218956, 2.61688828468, 1.36820602417, 0.618116855621, 0.371614217758, 0.118790403008, 0.0274179205298, 0.0040143635124, 0.000216960863327], "dmean2": [0.400028526783, 3.16875743866, 5.50274181366, 7.49216270447, 8.75496196747, 11.1249341965, 13.0009145737, 20.9489078522, 22.5434246063, 32.8167114258, 44.2862510681, 68.6502532959, 45.676399231, 49.0819358826, 29.8602104187, 17.3045654297, 25.7759819031, 16.3513221741, 19.6466884613, 19.5491409302, 14.8756103516, 9.69420528412, 11.7330160141, 11.8374814987, 12.0571117401, 8.69603061676, 9.10747814178, 10.5506801605, 9.21803283691, 7.04497861862, 4.9161696434, 8.87151813507, 4.06209182739, 2.15222716331, 0.991890251637, 0.554292738438, 0.182206481695, 0.0431498102844, 0.00644407933578, 0.000341983308317], "dvar": [0.31740552187, 13.4000654221, 38.0174713135, 78.7972106934, 128.002288818, 236.512573242, 353.260955811, 559.914672852, 787.908752441, 2039.25610352, 4045.35473633, 8599.20996094, 4588.22216797, 6701.48876953, 2733.09741211, 716.395568848, 2124.75732422, 848.094726562, 1534.30053711, 1416.17822266, 584.005187988, 298.465179443, 497.887878418, 317.745513916, 487.846343994, 166.368865967, 184.941177368, 264.911834717, 136.393569946, 93.5824127197, 41.8525238037, 176.248199463, 30.0377445221, 11.6790008545, 2.08710479736, 0.526446521282, 0.0582106821239, 0.00444126594812, 8.92417447176e-05, 2.18757222115e-07], "dvar2": [0.377369999886, 15.8938179016, 53.4864959717, 147.894317627, 278.317718506, 576.730285645, 855.14251709, 1339.37915039, 1685.29443359, 4529.33154297, 9575.46484375, 22857.7128906, 12314.8046875, 17069.5605469, 7190.84228516, 1679.63171387, 5557.47167969, 2042.25500488, 3922.27709961, 3921.72753906, 1440.36035156, 783.615112305, 1235.15026855, 780.253662109, 1140.70263672, 415.370452881, 456.622894287, 696.503234863, 303.221801758, 224.161209106, 92.4729919434, 406.318237305, 66.6619110107, 29.4761333466, 4.68705797195, 1.13023424149, 0.131784647703, 0.0111923087388, 0.000225626092288, 5.37454752703e-07], "max": [6.82423448563, 29.9917907715, 78.8850250244, 105.277069092, 122.721694946, 181.845932007, 489.030914307, 329.937896729, 655.222961426, 947.217041016, 1531.27563477, 1940.4185791, 1396.71435547, 1466.45458984, 1434.85437012, 426.801879883, 727.894775391, 589.741455078, 999.912780762, 835.683776855, 383.910125732, 441.037139893, 734.528686523, 247.344161987, 749.774536133, 137.321166992, 128.798980713, 172.192062378, 137.33505249, 83.0258026123, 51.4123687744, 101.339027405, 61.4953269958, 21.7101421356, 11.0585203171, 4.95001506805, 1.68066322803, 0.559761822224, 0.0841834321618, 0.0036172461696], "mean": [1.0115762949, 7.82591056824, 11.2592067719, 11.4005641937, 8.64914226532, 8.39516067505, 13.0532264709, 29.0915107727, 33.3378372192, 42.6720199585, 43.4110679626, 66.8316879272, 39.8507499695, 38.9864883423, 18.4628772736, 11.3538970947, 14.8503551483, 10.4650449753, 12.677573204, 10.195889473, 8.66843986511, 6.10000514984, 7.70117712021, 6.66733789444, 6.94671487808, 5.00229740143, 4.99392223358, 5.33384799957, 5.70113134384, 3.92080903053, 3.00963926315, 5.60922431946, 2.58727240562, 1.15597486496, 0.584514915943, 0.362182408571, 0.109428539872, 0.0231100209057, 0.00335955549963, 0.000240942215896], "median": [0.252669751644, 2.70242261887, 4.04914283752, 4.94217681885, 3.09285211563, 1.8395242691, 3.2393860817, 5.39779138565, 6.24484825134, 5.22191572189, 6.25024318695, 4.47651481628, 3.92688322067, 2.88365602493, 1.41160321236, 0.986985683441, 1.18201708794, 0.857445716858, 0.979630291462, 0.99576818943, 0.861960887909, 0.656760811806, 0.662996411324, 0.558471620083, 0.560542941093, 0.45369681716, 0.557109117508, 0.620037913322, 0.833452939987, 0.376128524542, 0.345308661461, 0.990663647652, 0.398612380028, 0.0796680822968, 0.0333987995982, 0.0548349991441, 0.0141607113183, 0.00126860418823, 0.00035473232856, 0.000128288549604], "min": [7.24516676626e-23, 4.42148939068e-22, 4.71650105394e-21, 4.56862070902e-21, 2.13873088839e-20, 2.50112226905e-20, 5.40115594279e-20, 4.70610741645e-20, 1.12114741906e-19, 2.83376025387e-19, 3.40095024508e-19, 4.43162426766e-19, 5.19972970881e-19, 9.57403036002e-19, 6.7356004131e-19, 1.4970869971e-18, 1.94194690188e-18, 2.12519697926e-18, 2.53625197696e-18, 3.9656481996e-18, 4.79196730354e-18, 4.90957915176e-18, 5.25417432314e-18, 8.02620875704e-18, 7.05895668828e-18, 6.52954992931e-18, 9.9678150673e-18, 9.03755699707e-18, 1.300808184e-17, 1.0166785919e-17, 1.40970121768e-17, 1.03348359323e-17, 9.78361766131e-18, 8.5249349735e-18, 7.12898249021e-18, 4.41081033549e-18, 2.16799302941e-18, 9.7893909684e-19, 2.66334450407e-19, 2.54662657314e-20], "var": [1.78670489788, 75.0704193115, 188.538894653, 231.667266846, 203.605041504, 284.719238281, 688.983947754, 2214.26269531, 3460.51416016, 7177.85449219, 8188.89160156, 17582.0605469, 8122.80126953, 12103.0888672, 3739.01660156, 873.380310059, 1918.71447754, 1046.01879883, 2326.54785156, 997.984375, 554.826660156, 266.848266602, 501.769317627, 297.219390869, 511.992340088, 151.68699646, 161.029571533, 208.313156128, 147.787658691, 88.4384841919, 43.736125946, 172.456130981, 31.3417053223, 9.9854221344, 2.07231116295, 0.592380225658, 0.0600970946252, 0.00376663636416, 7.44961798773e-05, 1.96156875631e-07]}, "gfcc": {"mean": [-65.024307251, 92.0023803711, -55.5493888855, 32.346660614, -59.3292312622, 12.8480119705, -25.459985733, 9.81377601624, -8.10764980316, 4.5390253067, -12.4842510223, -0.0309369619936, -9.8365278244], "cov": [[24149.9042969, -938.450134277, -2119.35864258, 590.337768555, 90.7056274414, 1502.70202637, 172.522842407, 765.323181152, -357.285247803, -163.615478516, -664.996704102, -260.779632568, -555.342529297], [-938.450134277, 2083.84545898, -546.631958008, -122.137031555, 203.245651245, -146.238677979, 444.984863281, 50.9838485718, 294.860839844, -57.7971000671, 50.4830284119, -226.611740112, 28.9203109741], [-2119.35864258, -546.631958008, 4271.03710938, 1005.04071045, -204.787246704, 192.883728027, -427.058502197, 56.8559379578, 264.699371338, 297.933898926, 210.594070435, 211.687576294, 12.1544179916], [590.337768555, -122.137031555, 1005.04071045, 930.84765625, 193.151504517, 136.822357178, -134.980041504, -139.759506226, 12.2377462387, 57.4691619873, 85.3225860596, 74.1932373047, -15.7977666855], [90.7056274414, 203.245651245, -204.787246704, 193.151504517, 538.13079834, 248.626327515, 159.249908447, 17.8034744263, -70.4831619263, -101.604370117, -51.9412345886, -70.5870361328, -24.1947574615], [1502.70202637, -146.238677979, 192.883728027, 136.822357178, 248.626327515, 605.972595215, 301.489105225, 261.698486328, -14.6171340942, -144.055709839, -201.276306152, -118.481216431, -94.0090255737], [172.522842407, 444.984863281, -427.058502197, -134.980041504, 159.249908447, 301.489105225, 524.702087402, 281.99810791, 91.1235351562, -167.827514648, -197.654388428, -199.681518555, -57.3575782776], [765.323181152, 50.9838485718, 56.8559379578, -139.759506226, 17.8034744263, 261.698486328, 281.99810791, 389.028961182, 153.074234009, -14.7525873184, -150.801849365, -159.772903442, -121.284080505], [-357.285247803, 294.860839844, 264.699371338, 12.2377462387, -70.4831619263, -14.6171340942, 91.1235351562, 153.074234009, 289.028533936, 139.289993286, 47.8046607971, -82.0815429688, -87.8588562012], [-163.615478516, -57.7971000671, 297.933898926, 57.4691619873, -101.604370117, -144.055709839, -167.827514648, -14.7525873184, 139.289993286, 267.548187256, 169.234069824, 59.6109085083, -51.3250770569], [-664.996704102, 50.4830284119, 210.594070435, 85.3225860596, -51.9412345886, -201.276306152, -197.654388428, -150.801849365, 47.8046607971, 169.234069824, 247.547271729, 133.265762329, 39.540222168], [-260.779632568, -226.611740112, 211.687576294, 74.1932373047, -70.5870361328, -118.481216431, -199.681518555, -159.772903442, -82.0815429688, 59.6109085083, 133.265762329, 197.923706055, 95.8649139404], [-555.342529297, 28.9203109741, 12.1544179916, -15.7977666855, -24.1947574615, -94.0090255737, -57.3575782776, -121.284080505, -87.8588562012, -51.3250770569, 39.540222168, 95.8649139404, 153.368408203]], "icov": [[0.000104720566014, -0.000150604479131, 0.000174059765413, -0.000262815767201, 0.000275867525488, -0.000425141304731, 0.000495663611218, -0.000472285988508, 0.000311326264637, -0.00016754999524, 0.000209608871955, -0.000194162043044, 0.000151133703184], [-0.000150604479131, 0.00141873455141, -0.000267129886197, 0.000444369099569, -0.000842233654112, 0.00121824734379, -0.00188588048331, 0.00138792942744, -0.00169280928094, 0.000859486463014, -0.00152021297254, 0.00181992223952, -0.00116751471069], [0.000174059765413, -0.000267129886197, 0.000804989831522, -0.000957703858148, 0.000720370619092, -0.00113941181917, 0.00160755391698, -0.00139335857239, -0.000102184640127, -0.000157231785124, 0.000278857944068, -0.000467505014967, -0.000458077760413], [-0.000262815767201, 0.000444369099569, -0.000957703858148, 0.00287129543722, -0.0015350645408, 0.000488052115543, -0.00147887703497, 0.00319986580871, -0.00154189020395, 0.000350861053448, -0.000178034475539, 8.41424571263e-06, 0.000645356136374], [0.000275867525488, -0.000842233654112, 0.000720370619092, -0.0015350645408, 0.00418918114156, -0.0026970829349, 0.00117166887503, -0.0012374187354, 0.0026247613132, -0.000546460272744, -0.00107115507126, 0.00108071090654, 0.0003312038898], [-0.000425141304731, 0.00121824734379, -0.00113941181917, 0.000488052115543, -0.0026970829349, 0.00711134448647, -0.00441892445087, -0.000132055167342, -0.000157201837283, 0.0016775279073, 4.91920254717e-05, -0.000703279220033, 0.00144612963777], [0.000495663611218, -0.00188588048331, 0.00160755391698, -0.00147887703497, 0.00117166887503, -0.00441892445087, 0.0108992792666, -0.00591757474467, -0.000893352378625, 0.00230627506971, 0.00146533281077, -9.38674857025e-05, -0.00131565891206], [-0.000472285988508, 0.00138792942744, -0.00139335857239, 0.00319986580871, -0.0012374187354, -0.000132055167342, -0.00591757474467, 0.0129204830155, -0.00495374761522, -0.00173441681545, 0.00252423784696, 0.00134101847652, 0.00128924148157], [0.000311326264637, -0.00169280928094, -0.000102184640127, -0.00154189020395, 0.0026247613132, -0.000157201837283, -0.000893352378625, -0.00495374761522, 0.0139648104087, -0.0058131152764, -0.0022777125705, 0.00320935435593, 0.00199766806327], [-0.00016754999524, 0.000859486463014, -0.000157231785124, 0.000350861053448, -0.000546460272744, 0.0016775279073, 0.00230627506971, -0.00173441681545, -0.0058131152764, 0.0148611003533, -0.00762797100469, -0.0011817747727, 0.00406127935275], [0.000209608871955, -0.00152021297254, 0.000278857944068, -0.000178034475539, -0.00107115507126, 4.91920254717e-05, 0.00146533281077, 0.00252423784696, -0.0022777125705, -0.00762797100469, 0.0180420745164, -0.00983618013561, 0.00104980752803], [-0.000194162043044, 0.00181992223952, -0.000467505014967, 8.41424571263e-06, 0.00108071090654, -0.000703279220033, -9.38674857025e-05, 0.00134101847652, 0.00320935435593, -0.0011817747727, -0.00983618013561, 0.0212692860514, -0.00955926254392], [0.000151133703184, -0.00116751471069, -0.000458077760413, 0.000645356136374, 0.0003312038898, 0.00144612963777, -0.00131565891206, 0.00128924148157, 0.00199766806327, 0.00406127935275, 0.00104980752803, -0.00955926254392, 0.0170645918697]]}, "melbands": {"dmean": [0.00300670857541, 0.00255790702067, 0.000925901986193, 0.000463462056359, 0.000290432944894, 0.000283161178231, 0.000235373387113, 0.000239704022533, 0.000242454276304, 0.000270900840405, 0.000141357188113, 0.000122562385513, 6.28717025393e-05, 3.81969439331e-05, 3.32061099471e-05, 3.43223691743e-05, 1.63424556376e-05, 1.51915319293e-05, 2.68527310254e-05, 9.80949971563e-06, 1.01135647128e-05, 6.20455739408e-06, 5.98229280513e-06, 7.43997316022e-06, 5.69666735828e-06, 5.76180855205e-06, 4.45280784334e-06, 3.53456835001e-06, 3.52898996425e-06, 3.54031840288e-06, 3.82196640203e-06, 3.56302689397e-06, 2.73487967206e-06, 2.39505811805e-06, 1.69240854575e-06, 2.10342795981e-06, 4.2564784053e-06, 2.18172772293e-06, 1.1186679103e-06, 1.14775161819e-06], "dmean2": [0.00372492964379, 0.00337575399317, 0.00130632391665, 0.000697088253219, 0.000447461236035, 0.000440138624981, 0.000344574655173, 0.000366119318642, 0.000387280626455, 0.000448777922429, 0.000235340325162, 0.00020461443637, 0.000105092280137, 6.35131145827e-05, 5.42393536307e-05, 5.76627826376e-05, 2.6809027986e-05, 2.52486297541e-05, 4.65824705316e-05, 1.62061551237e-05, 1.63058848557e-05, 9.82563869911e-06, 9.48660999711e-06, 1.17196013889e-05, 9.34759282245e-06, 9.32583134272e-06, 7.2441721386e-06, 5.7366096371e-06, 5.75895683141e-06, 5.79536663281e-06, 6.38072242509e-06, 5.71399050386e-06, 4.18731360696e-06, 3.87029376725e-06, 2.75537263406e-06, 3.30032048623e-06, 6.54549785395e-06, 3.38044992532e-06, 1.73550699856e-06, 1.87878902125e-06], "dvar": [2.24897576118e-05, 1.34449501275e-05, 2.39679548031e-06, 8.11062136563e-07, 3.69581727e-07, 2.34269492694e-07, 1.88895114661e-07, 2.50343049402e-07, 3.20991915714e-07, 3.72847239305e-07, 1.23705703459e-07, 1.17076496053e-07, 3.55393368068e-08, 1.23855272705e-08, 1.03599946399e-08, 1.18989493814e-08, 2.7020272686e-09, 2.91928103913e-09, 1.16583871446e-08, 6.16620310367e-10, 7.75044584067e-10, 3.82562148626e-10, 2.51789061823e-10, 6.93081259051e-10, 2.19163312498e-10, 4.545356036e-10, 1.36471958734e-10, 7.57621118619e-11, 7.40276173694e-11, 8.18127302016e-11, 1.03517999728e-10, 5.38529255911e-11, 2.66830117029e-11, 3.17080042778e-11, 1.32385491458e-11, 2.01022497259e-11, 1.03511567373e-10, 2.282010865e-11, 7.10726226136e-12, 9.12081868365e-12], "dvar2": [2.6452831662e-05, 1.73146036104e-05, 4.60432738691e-06, 1.92075231098e-06, 8.95592734196e-07, 5.67803283502e-07, 4.00564260872e-07, 5.75955084514e-07, 7.93411174982e-07, 1.00074669263e-06, 3.28266651195e-07, 2.94733325745e-07, 9.38450099852e-08, 3.07022887114e-08, 2.54628531593e-08, 3.14940784563e-08, 6.4767804453e-09, 7.19858350706e-09, 3.26451008448e-08, 1.56839607968e-09, 1.90706161973e-09, 1.01438357714e-09, 6.36565689049e-10, 1.7180785683e-09, 5.42686118266e-10, 1.05033393094e-09, 3.34677729974e-10, 1.91828469776e-10, 1.83665638254e-10, 2.11234432723e-10, 2.73437023024e-10, 1.17298365465e-10, 6.23437204639e-11, 7.69753635832e-11, 3.03153266379e-11, 4.55119206211e-11, 2.40148512187e-10, 5.39016643819e-11, 1.57496932163e-11, 2.40363631776e-11], "max": [0.0529471896589, 0.0360374860466, 0.0163231492043, 0.0101726856083, 0.0136961909011, 0.00677751144394, 0.0121722677723, 0.00889807008207, 0.0105634722859, 0.0107598053291, 0.00714465649799, 0.00640928791836, 0.00434498395771, 0.00191905000247, 0.00151594635099, 0.00179539318196, 0.00104974152055, 0.00157042383216, 0.00224796566181, 0.000412580731791, 0.000452632724773, 0.000552930752747, 0.000318106467603, 0.00085663725622, 0.000217279157368, 0.000814776169136, 0.000200835434953, 7.88279867265e-05, 7.60286202421e-05, 8.60447544255e-05, 0.000118631658552, 0.000103494341602, 4.0003520553e-05, 4.21514741902e-05, 4.49585495517e-05, 4.42137243226e-05, 8.15272942418e-05, 5.90529853071e-05, 2.72600009339e-05, 1.95075481315e-05], "mean": [0.00974572543055, 0.00780238583684, 0.00192962191068, 0.000585730653256, 0.000434689573012, 0.000622991996352, 0.000549691845663, 0.000452111591585, 0.000370777153876, 0.000441820680862, 0.000190949242096, 0.000158356080647, 6.69015716994e-05, 3.75593081117e-05, 3.23033309542e-05, 3.2043983083e-05, 1.65328565345e-05, 1.69628328877e-05, 2.26343800023e-05, 9.32878992899e-06, 9.44187559071e-06, 5.99996883466e-06, 6.00364182901e-06, 7.42055863157e-06, 4.96456368637e-06, 5.47418085262e-06, 3.93302525481e-06, 3.25583710037e-06, 3.11119902108e-06, 3.06146534967e-06, 3.10196401188e-06, 3.39668326887e-06, 2.61962486547e-06, 1.987546284e-06, 1.58975512932e-06, 2.09013228414e-06, 4.08339883506e-06, 2.08605911212e-06, 1.05846868337e-06, 9.10897483664e-07], "median": [0.0032769208774, 0.00301544787362, 0.000874098739587, 0.00018143345369, 0.000112306719529, 0.000105652725324, 8.62868473632e-05, 4.2176397983e-05, 3.00415267702e-05, 2.01230323e-05, 1.50086561916e-05, 7.3030596468e-06, 4.07219431509e-06, 2.13490147871e-06, 1.91873050426e-06, 2.08825713344e-06, 1.10951634724e-06, 1.24342955132e-06, 1.53495966515e-06, 9.12549012355e-07, 8.50922731388e-07, 5.88203306506e-07, 5.84265649195e-07, 5.39151756129e-07, 3.62082744232e-07, 3.84307611512e-07, 2.92557558623e-07, 2.72152647085e-07, 3.16748185014e-07, 3.30740647314e-07, 3.31463070324e-07, 4.28235011896e-07, 3.8488934706e-07, 1.50152843048e-07, 1.61755849604e-07, 3.41156521699e-07, 6.97185157605e-07, 3.44231466443e-07, 8.049232747e-08, 5.19982066294e-08], "min": [7.91620340667e-25, 2.86443638282e-24, 8.70629296276e-25, 2.56037290513e-24, 2.36064910115e-24, 1.05638365553e-24, 1.84862768935e-24, 2.74000501351e-24, 2.46935314781e-24, 2.43555262739e-24, 2.09071470445e-24, 3.16552565768e-24, 2.33373395592e-24, 3.13297765116e-24, 4.22453907965e-24, 3.84714447271e-24, 2.93898452723e-24, 3.57105341108e-24, 4.65558372231e-24, 4.52703844337e-24, 4.72388369392e-24, 5.19959916306e-24, 4.86539469069e-24, 3.60330953906e-24, 6.07017738059e-24, 4.77535371254e-24, 4.94128547635e-24, 3.7350670596e-24, 5.28179728609e-24, 5.51136133154e-24, 3.76347078536e-24, 6.51898677641e-24, 5.8083059312e-24, 5.27017618167e-24, 6.59070843219e-24, 7.03922831606e-24, 5.30639357469e-24, 6.71153707376e-24, 6.61734274294e-24, 6.56590743419e-24], "var": [0.000124910511659, 7.31031977921e-05, 6.17006435277e-06, 1.02735771179e-06, 6.6011563149e-07, 9.28682936774e-07, 1.03957029296e-06, 7.73068563831e-07, 6.48409070436e-07, 7.9271882214e-07, 2.11936864503e-07, 2.10552570934e-07, 5.39592512894e-08, 1.39481937111e-08, 1.05470263634e-08, 1.04624007236e-08, 3.16680059953e-09, 5.26466648054e-09, 7.86103093731e-09, 5.61562740753e-10, 7.33258787022e-10, 3.25699744952e-10, 2.59650356771e-10, 6.76979750036e-10, 1.94325958103e-10, 4.70750161075e-10, 1.25391308448e-10, 6.78105210872e-11, 6.41066644214e-11, 6.67858754411e-11, 7.9408986331e-11, 5.80810156914e-11, 2.80916245127e-11, 2.82165801141e-11, 1.31656595348e-11, 2.04105048834e-11, 1.00439032091e-10, 2.18924166989e-11, 7.31543211424e-12, 7.0756109305e-12]}, "mfcc": {"mean": [-724.606201172, 121.18548584, 51.7335929871, 29.9929447174, 6.80020666122, 11.0279865265, -1.8288192749, 7.49344015121, 5.09148645401, 7.49616336823, 0.639345526695, 7.35720014572, -3.73528862], "cov": [[15924.3447266, 661.126281738, -2667.61669922, -761.958190918, -517.744140625, 68.4015731812, 451.96105957, 689.389892578, 471.759887695, 551.173400879, 197.722885132, -161.487884521, -176.576080322], [661.126281738, 1681.43786621, -435.15032959, -65.6879653931, -135.439666748, -30.2092857361, 134.146133423, 207.246932983, 295.654693604, 301.304473877, 166.151245117, 81.5575027466, -17.5977268219], [-2667.61669922, -435.15032959, 3269.83325195, 893.056274414, 809.932128906, 397.648590088, -91.0839004517, -26.6473503113, -34.9042282104, -50.9551429749, -3.38168764114, 304.343170166, 29.581571579], [-761.958190918, -65.6879653931, 893.056274414, 749.487243652, 394.946105957, 270.031738281, -27.9682579041, -101.128868103, -129.021514893, -127.826759338, -51.7281990051, 104.833297729, 78.6035232544], [-517.744140625, -135.439666748, 809.932128906, 394.946105957, 527.357299805, 262.637634277, 76.3161239624, -8.63578224182, -77.4985809326, -68.8503799438, -45.4945755005, 68.9445877075, 30.9791965485], [68.4015731812, -30.2092857361, 397.648590088, 270.031738281, 262.637634277, 320.0859375, 136.639450073, 106.068870544, 16.6923027039, -17.8841648102, -39.7263374329, 7.69066095352, -20.7875823975], [451.96105957, 134.146133423, -91.0839004517, -27.9682579041, 76.3161239624, 136.639450073, 264.373443604, 227.256790161, 155.878585815, 86.2086181641, -11.3550844193, -79.7308959961, -93.6471099854], [689.389892578, 207.246932983, -26.6473503113, -101.128868103, -8.63578224182, 106.068870544, 227.256790161, 384.836425781, 293.492980957, 211.430831909, 54.9859352112, -61.56042099, -154.396087646], [471.759887695, 295.654693604, -34.9042282104, -129.021514893, -77.4985809326, 16.6923027039, 155.878585815, 293.492980957, 358.361907959, 272.199890137, 124.858215332, -8.54762268066, -122.349212646], [551.173400879, 301.304473877, -50.9551429749, -127.826759338, -68.8503799438, -17.8841648102, 86.2086181641, 211.430831909, 272.199890137, 336.038482666, 190.393341064, 64.6556930542, -63.0423736572], [197.722885132, 166.151245117, -3.38168764114, -51.7281990051, -45.4945755005, -39.7263374329, -11.3550844193, 54.9859352112, 124.858215332, 190.393341064, 233.18788147, 130.355529785, 25.883108139], [-161.487884521, 81.5575027466, 304.343170166, 104.833297729, 68.9445877075, 7.69066095352, -79.7308959961, -61.56042099, -8.54762268066, 64.6556930542, 130.355529785, 245.424194336, 120.737602234], [-176.576080322, -17.5977268219, 29.581571579, 78.6035232544, 30.9791965485, -20.7875823975, -93.6471099854, -154.396087646, -122.349212646, -63.0423736572, 25.883108139, 120.737602234, 226.738754272]], "icov": [[8.37079714984e-05, 1.04352284325e-05, 8.43582674861e-05, 4.92435856358e-06, -2.21500658881e-06, -9.35144489631e-05, 3.92494912376e-05, -0.000163555363542, 9.73420756054e-05, -0.000137949464261, 4.16029870394e-05, -5.71159616811e-05, -1.0310509424e-05], [1.04352284325e-05, 0.000815756211523, 0.000182183634024, -0.000325865898049, 9.11904789973e-05, 0.000192883613636, -0.000330468756147, 9.86152736004e-05, -0.000473034568131, -0.000490579754114, 0.000268264499027, -0.000453497574199, -8.42647568788e-05], [8.43582674861e-05, 0.000182183634024, 0.000845282862429, -0.000404818478273, -0.000939071178436, -7.20286479918e-05, 0.000954084738623, -0.000412343506468, -0.000634007097688, -1.08584663394e-05, 0.000460953451693, -0.000874993158504, 0.000413045025198], [4.92435856358e-06, -0.000325865898049, -0.000404818478273, 0.00328784063458, -0.000895762816072, -0.00223263539374, 0.000942750077229, 0.00087452941807, -0.000377470278181, 0.00072208821075, -0.000147557002492, 3.49283618561e-05, -0.000210532904021], [-2.21500658881e-06, 9.11904789973e-05, -0.000939071178436, -0.000895762816072, 0.00565522350371, -0.00190503057092, -0.00291136326268, 0.00091439584503, 0.00196816748939, -0.000891574251, 7.21748947399e-05, -0.000441467447672, -4.77357098134e-05], [-9.35144489631e-05, 0.000192883613636, -7.20286479918e-05, -0.00223263539374, -0.00190503057092, 0.00897344108671, -0.00318599445745, -0.00267961365171, 0.00124063633848, 0.000645904801786, 0.000344464584487, -0.000797784072347, -9.7495430964e-05], [3.92494912376e-05, -0.000330468756147, 0.000954084738623, 0.000942750077229, -0.00291136326268, -0.00318599445745, 0.0124417962506, -0.00487928045914, -0.00225802441128, 0.000890630704816, 0.000494028674439, 0.00201804609969, -0.000626332417596], [-0.000163555363542, 9.86152736004e-05, -0.000412343506468, 0.00087452941807, 0.00091439584503, -0.00267961365171, -0.00487928045914, 0.0130498157814, -0.00622078636661, -0.00161844375543, 0.00100025429856, 0.000140556774568, 0.00213546678424], [9.73420756054e-05, -0.000473034568131, -0.000634007097688, -0.000377470278181, 0.00196816748939, 0.00124063633848, -0.00225802441128, -0.00622078636661, 0.0148620968685, -0.00636265613139, -0.00106640346348, 0.000546153984033, 0.0010103865061], [-0.000137949464261, -0.000490579754114, -1.08584663394e-05, 0.00072208821075, -0.000891574251, 0.000645904801786, 0.000890630704816, -0.00161844375543, -0.00636265613139, 0.0134863583371, -0.00619980925694, -0.000851310498547, 0.000529874523636], [4.16029870394e-05, 0.000268264499027, 0.000460953451693, -0.000147557002492, 7.21748947399e-05, 0.000344464584487, 0.000494028674439, 0.00100025429856, -0.00106640346348, -0.00619980925694, 0.0124367438257, -0.00520019186661, 1.26532211198e-06], [-5.71159616811e-05, -0.000453497574199, -0.000874993158504, 3.49283618561e-05, -0.000441467447672, -0.000797784072347, 0.00201804609969, 0.000140556774568, 0.000546153984033, -0.000851310498547, -0.00520019186661, 0.0112740565091, -0.00441301846877], [-1.0310509424e-05, -8.42647568788e-05, 0.000413045025198, -0.000210532904021, -4.77357098134e-05, -9.7495430964e-05, -0.000626332417596, 0.00213546678424, 0.0010103865061, 0.000529874523636, 1.26532211198e-06, -0.00441301846877, 0.00865022558719]]}, "spectral_contrast_coeffs": {"dmean": [0.0560583025217, 0.0593016929924, 0.0469489246607, 0.0345996655524, 0.0255903471261, 0.0255936738104], "dmean2": [0.0842937529087, 0.0918183028698, 0.0751637220383, 0.0549699887633, 0.0408603362739, 0.0397790670395], "dvar": [0.00231650401838, 0.00281174457632, 0.00193109142128, 0.0011311317794, 0.000666046049446, 0.000700657779817], "dvar2": [0.00509897200391, 0.00602941820398, 0.00444501265883, 0.00256569078192, 0.00140708836261, 0.00152986205649], "max": [-0.259792745113, -0.260381698608, -0.311416327953, -0.516452014446, -0.571042537689, -0.554683506489], "mean": [-0.64562857151, -0.627263247967, -0.743970632553, -0.809758961201, -0.819782674313, -0.780205309391], "median": [-0.651746034622, -0.642103075981, -0.770895659924, -0.824872851372, -0.834895730019, -0.785355389118], "min": [-0.981599807739, -0.986533641815, -0.996076643467, -0.985146522522, -0.988797128201, -0.963928759098], "var": [0.0110829481855, 0.0236138273031, 0.0161711182445, 0.00513224536553, 0.00319617381319, 0.00348257785663]}, "spectral_contrast_valleys": {"dmean": [0.622765183449, 0.627529144287, 0.580718517303, 0.556268513203, 0.58373773098, 0.550707101822], "dmean2": [0.911787092686, 0.93757379055, 0.843040525913, 0.765117168427, 0.746068239212, 0.663120150566], "dvar": [0.440153777599, 0.415816396475, 0.394418686628, 0.401133716106, 0.43671476841, 0.375830709934], "dvar2": [0.777053296566, 0.734590053558, 0.737885832787, 0.731173872948, 0.77658700943, 0.6027379632], "max": [-4.99959754944, -4.67233228683, -5.20866727829, -5.95921611786, -5.77719736099, 