{"lowlevel": {"average_loudness": 0.683129429817, "barkbands_crest": {"dmean": 2.16221928596, "dmean2": 3.43950128555, "dvar": 5.58772087097, "dvar2": 13.9130811691, "max": 26.3061294556, "mean": 12.6116142273, "median": 11.7064409256, "min": 3.45866560936, "var": 21.3444576263}, "barkbands_flatness_db": {"dmean": 0.0219983384013, "dmean2": 0.0349577479064, "dvar": 0.00059492723085, "dvar2": 0.00147205160465, "max": 0.499388098717, "mean": 0.314530491829, "median": 0.318956375122, "min": 0.0501909330487, "var": 0.00420443108305}, "barkbands_kurtosis": {"dmean": 1.83871173859, "dmean2": 2.95149445534, "dvar": 11.0508947372, "dvar2": 27.1005973816, "max": 76.8083953857, "mean": 2.25715017319, "median": 0.641208171844, "min": -1.92356157303, "var": 28.1567764282}, "barkbands_skewness": {"dmean": 0.477233558893, "dmean2": 0.715831816196, "dvar": 0.26699206233, "dvar2": 0.560413599014, "max": 5.83852100372, "mean": 0.56383651495, "median": 0.616639077663, "min": -7.73506498337, "var": 1.98904538155}, "barkbands_spread": {"dmean": 2.64341545105, "dmean2": 4.12120866776, "dvar": 12.1402626038, "dvar2": 27.7957420349, "max": 51.7930107117, "mean": 12.2758817673, "median": 9.98693752289, "min": 0.740589499474, "var": 65.331237793}, "dissonance": {"dmean": 0.0344834476709, "dmean2": 0.0588710457087, "dvar": 0.00133168080356, "dvar2": 0.00370336370543, "max": 0.499999880791, "mean": 0.414058059454, "median": 0.427085459232, "min": 0.145915850997, "var": 0.00344136846252}, "dynamic_complexity": 4.72304964066, "erbbands_crest": {"dmean": 3.06326651573, "dmean2": 4.78000593185, "dvar": 10.7882509232, "dvar2": 24.8629817963, "max": 34.4608840942, "mean": 17.1273155212, "median": 15.5858545303, "min": 2.94766831398, "var": 59.0300598145}, "erbbands_flatness_db": {"dmean": 0.0200849082321, "dmean2": 0.0307157412171, "dvar": 0.00049153668806, "dvar2": 0.00114771001972, "max": 0.5206630826, "mean": 0.34951582551, "median": 0.3486148417, "min": 0.0885756388307, "var": 0.00320314010605}, "erbbands_kurtosis": {"dmean": 3.00024223328, "dmean2": 4.39060020447, "dvar": 41.838924408, "dvar2": 85.448387146, "max": 143.38923645, "mean": 4.82103824615, "median": 0.91456580162, "min": -1.71367454529, "var": 108.022224426}, "erbbands_skewness": {"dmean": 0.476563990116, "dmean2": 0.727914452553, "dvar": 0.334265202284, "dvar2": 0.815065801144, "max": 5.77165555954, "mean": -0.572381615639, "median": -0.396495580673, "min": -7.21517562866, "var": 1.59481525421}, "erbbands_spread": {"dmean": 3.30391764641, "dmean2": 5.016954422, "dvar": 15.382771492, "dvar2": 33.2465171814, "max": 57.57264328, "mean": 15.4153289795, "median": 13.9668445587, "min": 0.559452533722, "var": 96.5257949829}, "hfc": {"dmean": 7.48206996918, "dmean2": 10.7852687836, "dvar": 489.623260498, "dvar2": 1089.31872559, "max": 379.084106445, "mean": 14.6185846329, "median": 6.56226444244, "min": 1.15690367209e-16, "var": 730.3203125}, "melbands_crest": {"dmean": 2.58635401726, "dmean2": 4.18238449097, "dvar": 7.63473320007, "dvar2": 19.8136196136, "max": 32.5743141174, "mean": 17.0797023773, "median": 16.7863349915, "min": 2.19871377945, "var": 32.2633514404}, "melbands_flatness_db": {"dmean": 0.0232959669083, "dmean2": 0.0367821566761, "dvar": 0.000869355280884, "dvar2": 0.00202587735839, "max": 0.634119153023, "mean": 0.407635390759, "median": 0.415354192257, "min": 0.00476737180725, "var": 0.00790714006871}, "melbands_kurtosis": {"dmean": 2.39685344696, "dmean2": 3.86685752869, "dvar": 13.3091011047, "dvar2": 34.0900039673, "max": 59.5099487305, "mean": 4.23216867447, "median": 1.36590337753, "min": -1.93444859982, "var": 55.4126739502}, "melbands_skewness": {"dmean": 0.521479606628, "dmean2": 0.789728164673, "dvar": 0.301394969225, "dvar2": 0.652408182621, "max": 6.77926445007, "mean": 1.24040973186, "median": 1.19243884087, "min": -5.06679773331, "var": 2.58150005341}, "melbands_spread": {"dmean": 4.54356575012, "dmean2": 7.07948160172, "dvar": 45.9739074707, "dvar2": 100.326049805, "max": 141.379241943, "mean": 19.4963817596, "median": 15.360956192, "min": 1.25281250477, "var": 210.676605225}, "pitch_salience": {"dmean": 0.0496529303491, "dmean2": 0.0809008404613, "dvar": 0.0029064763803, "dvar2": 0.00760452728719, "max": 0.85501229763, "mean": 0.401605129242, "median": 0.400854110718, "min": 0.0986508280039, "var": 0.0102105652913}, "silence_rate_20dB": {"dmean": 0, "dmean2": 0, "dvar": 0, "dvar2": 0, "max": 1, "mean": 1, "median": 1, "min": 1, "var": 0}, "silence_rate_30dB": {"dmean": 0.0100755663589, "dmean2": 0.0201547592878, "dvar": 0.00997430365533, "dvar2": 0.0240668784827, "max": 1, "mean": 0.991365373135, "median": 1, "min": 0, "var": 0.0085604339838}, "silence_rate_60dB": {"dmean": 0.0320259071887, "dmean2": 0.0638833940029, "dvar": 0.0309986285865, "dvar2": 0.0720389187336, "max": 1, "mean": 0.148048207164, "median": 0, "min": 0, "var": 0.126125231385}, "spectral_centroid": {"dmean": 111.084976196, "dmean2": 165.43397522, "dvar": 45669.25, "dvar2": 70811.359375, "max": 11085.3798828, "mean": 856.772094727, "median": 729.888305664, "min": 197.055130005, "var": 245098.65625}, "spectral_complexity": {"dmean": 1.4213745594, "dmean2": 2.30771994591, "dvar": 3.51301503181, "dvar2": 7.55687665939, "max": 28, "mean": 9.28422355652, "median": 9, "min": 0, "var": 17.0435619354}, "spectral_decrease": {"dmean": 1.6204021458e-09, "dmean2": 2.31061059175e-09, "dvar": 1.19488530774e-17, "dvar2": 2.57098371924e-17, "max": -1.98100901301e-28, "mean": -4.83227502457e-09, "median": -3.14711678939e-09, "min": -5.23558405519e-08, "var": 2.9107886877e-17}, "spectral_energy": {"dmean": 0.00676943920553, "dmean2": 0.00965442787856, "dvar": 0.000221124413656, "dvar2": 0.000478929083329, "max": 0.216474220157, "mean": 0.0195640381426, "median": 0.0126283932477, "min": 1.12411268384e-20, "var": 0.000502383976709}, "spectral_energyband_high": {"dmean": 4.22219673055e-05, "dmean2": 6.79919539834e-05, "dvar": 6.10009180946e-08, "dvar2": 1.643074512e-07, "max": 0.00509431306273, "mean": 4.42072778242e-05, "median": 6.03962973855e-07, "min": 8.14327485992e-21, "var": 5.18121332505e-08}, "spectral_energyband_low": {"dmean": 0.00181023241021, "dmean2": 0.0026116410736, "dvar": 1.46071943163e-05, "dvar2": 2.75214715657e-05, "max": 0.0785642787814, "mean": 0.00594874890521, "median": 0.00246336357668, "min": 6.96520697297e-23, "var": 7.74895452196e-05}, "spectral_energyband_middle_high": {"dmean": 0.0048721274361, "dmean2": 0.00716683873907, "dvar": 0.000183478128747, "dvar2": 0.000415940332459, "max": 0.183306187391, "mean": 0.00853467360139, "median": 0.00238617532887, "min": 1.84429247584e-21, "var": 0.000303411681671}, "spectral_energyband_middle_low": {"dmean": 0.00149136630353, "dmean2": 0.00215993565507, "dvar": 9.07342746359e-06, "dvar2": 1.63816166605e-05, "max": 0.0695984363556, "mean": 0.00628666905686, "median": 0.00422973372042, "min": 4.71115558098e-22, "var": 5.18242268299e-05}, "spectral_entropy": {"dmean": 0.172898024321, "dmean2": 0.272498816252, "dvar": 0.0517936721444, "dvar2": 0.125489503145, "max": 9.79239177704, "mean": 6.01846933365, "median": 6.02445173264, "min": 4.47464084625, "var": 0.187291964889}, "spectral_flux": {"dmean": 0.0203102268279, "dmean2": 0.0329010635614, "dvar": 0.00134280521888, "dvar2": 0.00314637389965, "max": 0.391780883074, "mean": 0.0416903346777, "median": 0.0300003793091, "min": 1.06024182489e-10, "var": 0.00184985611122}, "spectral_kurtosis": {"dmean": 21.4542388916, "dmean2": 37.5194358826, "dvar": 497.289703369, "dvar2": 1395.72521973, "max": 223.594390869, "mean": 53.3278312683, "median": 38.0535392761, "min": -1.22484707832, "var": 1983.36352539}, "spectral_rms": {"dmean": 0.000631621864159, "dmean2": 0.00087879417697, "dvar": 1.06322136162e-06, "dvar2": 2.02869114219e-06, "max": 0.0145325278863, "mean": 0.00380992260762, "median": 0.00351004046388, "min": 3.31163915734e-12, "var": 4.57136093246e-06}, "spectral_rolloff": {"dmean": 144.949249268, "dmean2": 256.749023438, "dvar": 181881.65625, "dvar2": 267822.53125, "max": 18066.3574219, "mean": 1034.63696289, "median": 968.994140625, "min": 107.666015625, "var": 442231.875}, "spectral_skewness": {"dmean": 1.31293272972, "dmean2": 2.31076431274, "dvar": 1.44335520267, "dvar2": 4.16979408264, "max": 11.3534870148, "mean": 4.31479310989, "median": 3.66951322556, "min": -0.0311357993633, "var": 5.20501327515}, "spectral_spread": {"dmean": 260443.078125, "dmean2": 447789.15625, "dvar": 355835609088, "dvar2": 458039689216, "max": 40902948, "mean": 1292183, "median": 1166265.75, "min": 338759.15625, "var": 606421057536}, "spectral_strongpeak": {"dmean": 0.966938257217, "dmean2": 1.49564278126, "dvar": 4.55856084824, "dvar2": 9.1908082962, "max": 32.1831512451, "mean": 1.93668675423, "median": 0.592252671719, "min": 0, "var": 9.37542533875}, "zerocrossingrate": {"dmean": 0.00400780700147, "dmean2": 0.00464565725997, "dvar": 8.62403467181e-05, "dvar2": 7.85281372373e-05, "max": 0.50048828125, "mean": 0.0365958847106, "median": 0.03271484375, "min": 0.0048828125, "var": 0.000441346812295}, "barkbands": {"dmean": [1.03751528968e-06, 0.000499338435475, 0.00113907188643, 0.000593597476836, 0.000461556919618, 0.000228838442126, 0.0001517990313, 0.000262420071522, 0.000178953036084, 0.000793860759586, 0.0013815878192, 0.000532486243173, 0.000608135247603, 0.000442742486484, 0.000726770085748, 0.000804916548077, 8.56401165947e-05, 7.11491375114e-05, 8.47007322591e-05, 2.75905276794e-05, 7.08808784111e-06, 9.70669861999e-06, 3.14769567922e-06, 1.18725108678e-06, 1.884686327e-07, 1.01978805844e-07, 5.50242411634e-08], "dmean2": [1.73454066044e-06, 0.000724282348529, 0.00167456967756, 0.000954548711888, 0.000729967141524, 0.000330725859385, 0.000207825825782, 0.00036140816519, 0.000255664403085, 0.00101675023325, 0.00223394739442, 0.000808246084489, 0.00101617514156, 0.000650354370009, 0.00102519488428, 0.00114889477845, 0.000136716713314, 0.00011670562526, 0.000123056452139, 4.62725802208e-05, 1.16482124213e-05, 1.57637077791e-05, 4.97476776218e-06, 2.03019544642e-06, 3.2516641113e-07, 1.83607184567e-07, 1.01929614971e-07], "dvar": [2.24082839957e-12, 1.59472131145e-06, 7.28639497538e-06, 1.03694469544e-06, 1.53341727582e-06, 3.85862790608e-07, 9.36791309414e-07, 1.28547856093e-06, 8.86015016022e-07, 1.88843478099e-05, 4.0700120735e-05, 1.00347770058e-05, 2.9625809475e-05, 2.06559252547e-05, 1.57976792252e-05, 2.51926649071e-05, 1.26882616769e-06, 2.69905422101e-06, 2.13175681552e-07, 3.65829038174e-08, 6.55591581022e-09, 6.49556808341e-09, 8.57262483223e-10, 3.88615806202e-10, 3.13677729624e-12, 5.23623787559e-13, 1.67375932992e-13], "dvar2": [5.96067856531e-12, 2.95106042358e-06, 1.34776937557e-05, 2.8455251595e-06, 3.21978700413e-06, 6.63853484184e-07, 1.51398330672e-06, 1.75223419774e-06, 1.79315054538e-06, 3.00719966617e-05, 0.000101931589597, 2.21040590986e-05, 8.17538821138e-05, 4.70689883514e-05, 3.47402310581e-05, 5.17652006238e-05, 2.83846361526e-06, 7.22657114238e-06, 4.47923724778e-07, 1.04059239447e-07, 1.55868065121e-08, 1.75539796032e-08, 2.09719397404e-09, 1.07404063421e-09, 8.52634889775e-12, 1.45431681021e-12, 4.82028967522e-13], "max": [1.93372743524e-05, 0.0263321734965, 0.0648411810398, 0.0197728313506, 0.0394010096788, 0.0316862873733, 0.0442129969597, 0.0594587773085, 0.0355588383973, 0.17090331018, 0.164092406631, 0.110414266586, 0.146553784609, 0.129139140248, 0.0820029526949, 0.171320930123, 0.0453602299094, 0.0971476957202, 0.0113424630836, 0.00426255073398, 0.00356880459003, 0.00269899843261, 0.000703125668224, 0.000905293796677, 5.35925464646e-05, 1.20300755952e-05, 6.82934978613e-06], "mean": [1.21920004403e-06, 0.00136547861621, 0.00355331576429, 0.00159406394232, 0.00131043745205, 0.00103338086046, 0.000432183587691, 0.000936331925914, 0.000559665786568, 0.00212318915874, 0.0020232044626, 0.000711090746336, 0.000812224287074, 0.000553622026928, 0.00107145449147, 0.00112779438496, 0.000108585940325, 8.51618387969e-05, 0.000113227455586, 2.8275861041e-05, 7.49495029595e-06, 8.74575562193e-06, 2.7680976018e-06, 9.12164125566e-07, 1.44415025716e-07, 7.37943821605e-08, 3.53240565687e-08], "median": [6.21384572241e-07, 0.000290395197226, 0.00111899792682, 0.000688966189045, 0.00037746669841, 0.000436874979641, 0.00014571621432, 0.000212859886233, 0.000125254096929, 9.69073807937e-05, 0.000196316774236, 9.17659272091e-05, 7.25345598767e-05, 2.65717608272e-05, 4.46476988145e-05, 2.72136239801e-05, 3.81332802135e-06, 3.64755601368e-06, 1.88044850802e-06, 3.14133984602e-07, 7.89548622038e-08, 5.02198496122e-08, 1.1523604293e-08, 3.11862846658e-09, 1.56014234864e-09, 9.80564629494e-10, 6.59730992059e-10], "min": [5.93353152568e-23, 2.65238323509e-23, 5.81505503068e-24, 2.67379292006e-23, 3.98374946463e-23, 8.88906643358e-23, 7.3495343262e-23, 6.47299121582e-23, 1.6294815619e-22, 7.1283080672e-23, 1.25972491135e-22, 1.0418192519e-22, 1.15712036088e-22, 6.26429711671e-23, 2.14599549711e-22, 1.88185962249e-22, 2.13693180085e-22, 4.01063018397e-22, 2.32370225634e-22, 2.84490429725e-22, 4.01262543408e-22, 7.57971081169e-22, 6.76678270689e-22, 9.29984359876e-22, 1.0764610625e-21, 1.96442793902e-21, 2.33696031972e-21], "var": [2.87748904565e-12, 6.74578723192e-06, 4.13738234784e-05, 4.02557543566e-06, 6.87236160957e-06, 5.5900109146e-06, 3.02212151837e-06, 7.71392024035e-06, 4.66084247819e-06, 8.44551250339e-05, 5.69611038372e-05, 1.12954658107e-05, 2.47860298259e-05, 2.68358708126e-05, 2.42138885369e-05, 3.79033117497e-05, 1.59320222792e-06, 1.97612030206e-06, 3.25983677385e-07, 2.85487971041e-08, 6.65770816255e-09, 4.75925876486e-09, 7.65548568982e-10, 2.58591259517e-10, 2.1144717921e-12, 3.40490005982e-13, 9.73171264168e-14]}, "erbbands": {"dmean": [0.00311917252839, 0.161042436957, 1.1705391407, 1.70162093639, 1.97392416, 1.19912815094, 0.719743669033, 2.22416043282, 1.8529484272, 3.16932249069, 6.6770606041, 5.08590507507, 9.91388320923, 37.5253448486, 54.6434516907, 25.6202373505, 32.7850227356, 23.5863933563, 24.8362121582, 62.6760292053, 21.1910552979, 3.54956865311, 4.83822250366, 5.21662902832, 2.14120101929, 1.67004835606, 0.499023735523, 0.319336771965, 0.265077739954, 0.238589018583, 0.0536089539528, 0.0339151807129, 0.0127444397658, 0.0025565312244, 0.00124230585061, 0.000508595025167, 0.000184124088264, 5.76542588533e-05, 1.27921612147e-05, 8.57663872011e-06], "dmean2": [0.00480903079733, 0.230111256242, 1.66103351116, 2.68523955345, 3.18752145767, 1.85558485985, 0.934548616409, 3.31982421875, 2.71980214119, 4.10081577301, 9.31935787201, 6.94476699829, 13.3185758591, 49.7421875, 91.0997619629, 37.7256011963, 54.5943107605, 34.4609107971, 37.4949645996, 85.1706314087, 30.8006095886, 5.59927940369, 7.82436990738, 7.16300058365, 3.56735777855, 2.79741740227, 0.811592161655, 0.517143547535, 0.432319372892, 0.386529803276, 0.0864347293973, 0.0567891746759, 0.0223260279745, 0.00436067674309, 0.00218794029206, 0.000889654329512, 0.000334935408318, 0.000105897044705, 2.17140586756e-05, 1.22616738736e-05], "dvar": [5.42125744687e-05, 0.166632711887, 8.76675415039, 8.07782649994, 17.8170623779, 14.9270858765, 2.99147415161, 46.9884262085, 23.3128414154, 641.92565918, 862.638427734, 665.811706543, 2860.91552734, 29279.7578125, 59139.7929688, 23574.1523438, 81583.96875, 47699.9726562, 23542.1289062, 128913.257812, 22271.5996094, 1508.8494873, 13741.5458984, 869.778259277, 314.157348633, 112.61894989, 14.6144256592, 7.62936162949, 6.88313865662, 3.75108170509, 0.412654817104, 0.354103475809, 0.0551389269531, 0.000565812224522, 0.000199535046704, 1.7457492504e-05, 1.83638599083e-06, 1.67957196595e-07, 6.06268191206e-09, 4.15758261152e-10], "dvar2": [0.00011992189684, 0.302906215191, 15.5666027069, 19.82006073, 38.3365707397, 29.5188159943, 3.93434166908, 84.2568054199, 48.5248794556, 1004.21136475, 1169.1685791, 1315.03210449, 4712.80371094, 48971.3085938, 158030.5, 49846.7460938, 225650.875, 106453.632812, 58933.46875, 251068.421875, 46237.3242188, 3462.38183594, 36779.546875, 1661.17126465, 853.174621582, 319.491699219, 38.0867347717, 19.6652851105, 18.759765625, 9.47351169586, 0.96042329073, 0.973103821278, 0.153966337442, 0.00147828576155, 0.000568467716221, 4.85520358779e-05, 5.22993150298e-06, 4.76145800121e-07, 1.71705352159e-08, 9.31813848304e-10], "max": [0.142063930631, 8.39471435547, 67.6514282227, 47.4288330078, 95.296836853, 167.194885254, 127.390441895, 398.582366943, 269.978027344, 1149.62304688, 1620.58544922, 1012.43414307, 2576.3996582, 6619.14941406, 5286.39257812, 5645.62792969, 7709.33837891, 6192.98632812, 3650.11157227, 9055.84472656, 5355.83203125, 1399.39160156, 6899.17041016, 815.746643066, 415.074432373, 191.637359619, 116.306106567, 90.72681427, 111.102966309, 46.1039810181, 26.5343074799, 33.8108520508, 12.6279554367, 0.890974998474, 0.564157605171, 0.148463904858, 0.0235223397613, 0.00722985249013, 0.00160938268527, 0.000385702063795], "mean": [0.00839967932552, 0.459509938955, 3.61959075928, 5.26891565323, 5.46429586411, 3.58635425568, 2.99181127548, 9.34280109406, 7.64793109894, 8.83696174622, 23.827829361, 17.4034252167, 29.0306339264, 84.2073974609, 78.8104782104, 35.2648429871, 44.5182914734, 31.1445655823, 39.1772689819, 86.3566589355, 30.1145801544, 4.67982959747, 5.47394514084, 8.15905284882, 2.12046194077, 1.71488428116, 0.542058587074, 0.32343018055, 0.23833155632, 0.207893624902, 0.0495495349169, 0.027507616207, 0.00950489472598, 0.00201916997321, 0.000956835981924, 0.000384515296901, 0.000131874869112, 4.10563261539e-05, 1.62539054145e-05, 2.31785252254e-05], "median": [0.00234659877606, 0.104406759143, 1.05041885376, 2.30416417122, 2.77578759193, 0.764617502689, 0.826128900051, 3.85911750793, 3.32828378677, 1.58179688454, 6.78523635864, 5.1447634697, 2.92779135704, 6.88168001175, 14.1483898163, 4.98199033737, 4.62928152084, 3.03985929489, 2.05247735977, 3.47941207886, 1.17210018635, 0.373294860125, 0.329681783915, 0.234949082136, 0.064189478755, 0.0267152879387, 0.00729784555733, 0.00454774638638, 0.00210483791307, 0.000875217781868, 0.00028872731491, 0.000127781313495, 5.37139276275e-05, 3.40713049809e-05, 2.22684248001e-05, 1.46153088281e-05, 7.89083424024e-06, 1.800693326e-06, 6.82832660459e-06, 1.4541928067e-05], "min": [1.48859915789e-21, 3.98012007338e-21, 6.1540973377e-21, 4.72148651349e-20, 1.11555361017e-19, 1.18913300587e-19, 2.99532930702e-19, 7.63817440258e-19, 1.26142044885e-18, 1.17125724509e-18, 1.69338719282e-18, 4.56070869738e-18, 1.97085769147e-18, 3.29539574336e-18, 5.10155495063e-18, 4.71775307257e-18, 4.74513151008e-18, 5.20936801731e-18, 6.12017121312e-18, 1.22080848639e-17, 1.16274032467e-17, 1.10414905393e-17, 2.12773419036e-17, 1.52321736381e-17, 1.15088649562e-17, 1.3930095401e-17, 1.76672014556e-17, 1.89669073387e-17, 2.03786399465e-17, 2.26023562047e-17, 2.08643901807e-17, 2.19844986092e-17, 1.32647295143e-17, 1.1726050325e-17, 8.30232081833e-18, 7.45445986328e-18, 3.83533416589e-18, 1.25439179178e-18, 3.55179154116e-19, 3.34644931785e-20], "var": [0.000221565569518, 0.711632072926, 45.18932724, 43.3570365906, 73.9420852661, 76.6171722412, 66.138168335, 505.916900635, 170.60194397, 2673.69238281, 4216.27490234, 3715.02001953, 12663.21875, 111061.203125, 68840.0234375, 27930.4648438, 67820.3671875, 64105.2109375, 40196.6289062, 182029.125, 33169.2070312, 1793.0201416, 10017.6015625, 1560.55383301, 245.231521606, 87.5369186401, 13.6278066635, 6.4817070961, 4.85538005829, 3.15866231918, 0.388599663973, 0.244566127658, 0.0342372320592, 0.000411469343817, 0.000121825556562, 1.11919398478e-05, 1.11362908228e-06, 1.0332074396e-07, 3.91536980615e-09, 8.02340305306e-10]}, "gfcc": {"mean": [-174.680892944, 218.951324463, -144.913101196, -18.3726291656, -9.89442634583, -9.23035526276, -13.7073507309, -14.1535081863, -12.1013040543, -18.6557884216, -12.2847127914, -15.9637622833, -10.0923061371], "cov": [[9146.67675781, -2004.58886719, -1225.13562012, 1984.078125, -600.338684082, 218.716217041, 154.517654419, -281.545440674, 165.915679932, 100.729042053, -79.4232940674, 190.216415405, 320.196258545], [-2004.58886719, 2172.8347168, 808.829956055, -1209.8717041, 498.939727783, -329.475402832, 103.243881226, 139.262893677, -115.485946655, -136.153289795, 284.672576904, -14.5565748215, -149.167022705], [-1225.13562012, 808.829956055, 795.714355469, -532.749084473, 154.007232666, -11.1350717545, -141.577713013, 95.7958679199, 46.8652153015, 53.3460617065, 47.6864776611, -79.6558380127, -92.6722869873], [1984.078125, -1209.8717041, -532.749084473, 1110.96496582, -211.111724854, 191.827835083, 19.2185764313, -84.9103240967, 139.414810181, 71.6732788086, -149.010726929, 39.592918396, 144.643173218], [-600.338684082, 498.939727783, 154.007232666, -211.111724854, 335.031005859, -25.9168281555, 56.507068634, 74.6699752808, -39.7798957825, -49.2966651917, 84.7392044067, 33.7643165588, -2.02824091911], [218.716217041, -329.475402832, -11.1350717545, 191.827835083, -25.9168281555, 197.491744995, -8.79556655884, -24.8330249786, 37.0675811768, 28.2583942413, -60.6681938171, 6.24868488312, 44.923160553], [154.517654419, 103.243881226, -141.577713013, 19.2185764313, 56.507068634, -8.79556655884, 264.656433105, 57.3889045715, -46.6235847473, -78.9245605469, 29.4610500336, 46.1435050964, 31.1279792786], [-281.545440674, 139.262893677, 95.7958679199, -84.9103240967, 74.6699752808, -24.8330249786, 57.3889045715, 146.531997681, 32.4998130798, -34.0231971741, 11.3608465195, 8.27604389191, 2.93597364426], [165.915679932, -115.485946655, 46.8652153015, 139.414810181, -39.7798957825, 37.0675811768, -46.6235847473, 32.4998130798, 175.456542969, 71.7559890747, -59.3819541931, -31.5064544678, 31.0327644348], [100.729042053, -136.153289795, 53.3460617065, 71.6732788086, -49.2966651917, 28.2583942413, -78.9245605469, -34.0231971741, 71.7559890747, 187.656906128, 30.0511341095, -49.0209770203, -51.1912460327], [-79.4232940674, 284.672576904, 47.6864776611, -149.010726929, 84.7392044067, -60.6681938171, 29.4610500336, 11.3608465195, -59.3819541931, 30.0511341095, 179.712799072, 49.4209823608, -62.7268180847], [190.216415405, -14.5565748215, -79.6558380127, 39.592918396, 33.7643165588, 6.24868488312, 46.1435050964, 8.27604389191, -31.5064544678, -49.0209770203, 49.4209823608, 120.936225891, 62.3373756409], [320.196258545, -149.167022705, -92.6722869873, 144.643173218, -2.02824091911, 44.923160553, 31.1279792786, 2.93597364426, 31.0327644348, -51.1912460327, -62.7268180847, 62.3373756409, 159.291824341]], "icov": [[0.000215179476072, -0.000120653632621, 9.06500499696e-05, -0.000413422909332, 0.000328879221343, -3.48008725268e-05, -2.41858615482e-05, 0.000103100806882, -4.22934272137e-06, 2.93900884571e-05, -0.000348473287886, 3.09694441967e-05, -0.000239626227994], [-0.000120653632621, 0.00584750622511, -0.00440061464906, 0.00286561762914, -0.00412384374067, 0.00569124473259, -0.00410585431382, 0.00571331894025, -0.00437122071162, 0.00459048058838, -0.00461917137727, 0.00206203875132, -0.000703511992469], [9.06500499696e-05, -0.00440061464906, 0.00631722901016, -0.000703522062395, 0.00246982439421, -0.00571223348379, 0.00462049338967, -0.00578919565305, 0.00227636331692, -0.00366711150855, 0.00294802105054, -0.000431541062426, 0.000564912101254], [-0.000413422909332, 0.00286561762914, -0.000703522062395, 0.00424334499985, -0.00217674183659, 0.00121969310567, -0.00171387242153, 0.00248301727697, -0.00330937793478, 0.00129559729248, -0.000982587691396, 0.000396355317207, -0.000311402051011], [0.000328879221343, -0.00412384374067, 0.00246982439421, -0.00217674183659, 0.00768631324172, -0.00451256288216, 0.00240513798781, -0.00510805891827, 0.00329733546823, -0.00201705750078, 0.000247591378866, -0.000677446718328, -0.0010427038651], [-3.48008725268e-05, 0.00569124473259, -0.00571223348379, 0.00121969310567, -0.00451256288216, 0.013255934231, -0.00501303793862, 0.00695755751804, -0.00346562778577, 0.002486766316, -0.00130669295322, -0.000310136267217, -0.000894661468919], [-2.41858615482e-05, -0.00410585431382, 0.00462049338967, -0.00171387242153, 0.00240513798781, -0.00501303793862, 0.00896362029016, -0.00712128682062, 0.00397863565013, -0.00170895725023, 0.00160488241818, -0.000366287742509, -0.000276869948721], [0.000103100806882, 0.00571331894025, -0.00578919565305, 0.00248301727697, -0.00510805891827, 0.00695755751804, -0.00712128682062, 0.0173094198108, -0.00890008360147, 0.00701628020033, -0.00478727370501, 0.000796119682491, 0.00035758301965], [-4.22934272137e-06, -0.00437122071162, 0.00227636331692, -0.00330937793478, 0.00329733546823, -0.00346562778577, 0.00397863565013, -0.00890008360147, 0.0151121243834, -0.00875819195062, 0.00669777812436, -0.000831486366224, -0.00214540562592], [2.93900884571e-05, 0.00459048058838, -0.00366711150855, 0.00129559729248, -0.00201705750078, 0.002486766316, -0.00170895725023, 0.00701628020033, -0.00875819195062, 0.0157414563, -0.0108256097883, 0.00663500837982, 0.000312895164825], [-0.000348473287886, -0.00461917137727, 0.00294802105054, -0.000982587691396, 0.000247591378866, -0.00130669295322, 0.00160488241818, -0.00478727370501, 0.00669777812436, -0.0108256097883, 0.0210272278637, -0.0133034195751, 0.00783104915172], [3.09694441967e-05, 0.00206203875132, -0.000431541062426, 0.000396355317207, -0.000677446718328, -0.000310136267217, -0.000366287742509, 0.000796119682491, -0.000831486366224, 0.00663500837982, -0.0133034195751, 0.021362811327, -0.0099110705778], [-0.000239626227994, -0.000703511992469, 0.000564912101254, -0.000311402051011, -0.0010427038651, -0.000894661468919, -0.000276869948721, 0.00035758301965, -0.00214540562592, 0.000312895164825, 0.00783104915172, -0.0099110705778, 0.0144795095548]]}, "melbands": {"dmean": [7.76422748459e-05, 0.000471555016702, 0.000288202514639, 0.000123029749375, 2.54578571912e-05, 4.89388439746e-05, 2.88453284156e-05, 3.51242888428e-05, 5.39496359124e-05, 2.8976757676e-05, 5.05052485096e-05, 0.000148477425682, 0.000211328777368, 7.08508814569e-05, 7.23353223293e-05, 4.52824533568e-05, 4.95920285175e-05, 3.76273892471e-05, 5.10993049829e-05, 9.35420903261e-05, 1.22981391542e-05, 3.60413582712e-06, 4.35291713075e-06, 3.93144046029e-06, 4.70533905172e-06, 1.37448319038e-06, 8.38865105379e-07, 1.23727204482e-06, 3.1292685776e-07, 3.18545033906e-07, 1.66821507719e-07, 1.70238038777e-07, 1.72951203581e-07, 1.02557969228e-07, 2.37268764636e-08, 1.65669025165e-08, 2.58038070911e-08, 1.13586917649e-08, 2.20462226252e-09, 1.83577630875e-09], "dmean2": [0.000115390990686, 0.000666379986797, 0.00045339242206, 0.000196194654563, 3.36797020282e-05, 7.1742280852e-05, 4.1648716433e-05, 4.57330570498e-05, 7.60345501476e-05, 4.02216064685e-05, 6.7761655373e-05, 0.000191281476873, 0.000346315006027, 0.000112216206617, 0.000114080641652, 7.62293930165e-05, 7.15948044672e-05, 5.82008287893e-05, 7.07443614374e-05, 0.000130529457238, 1.8740836822e-05, 5.96053951085e-06, 6.86655130266e-06, 6.19528918833e-06, 6.36982349533e-06, 2.38308371081e-06, 1.43459976698e-06, 2.06155323212e-06, 5.14105522598e-07, 5.31933778802e-07, 2.67592724867e-07, 2.73558669051e-07, 2.90700342021e-07, 1.64583397577e-07, 3.87020762105e-08, 2.70926889812e-08, 4.36990461594e-08, 2.02976178088e-08, 3.83457043895e-09, 3.18028670065e-09], "dvar": [3.73380224516e-08, 1.38363668611e-06, 2.01624089868e-07, 1.07092240853e-07, 3.69884101126e-09, 1.96909990535e-08, 9.32909305362e-09, 5.7488826144e-08, 5.19586720316e-08, 2.6092482841e-08, 7.30076337163e-08, 5.32759486305e-07, 9.6860208032e-07, 1.4508448487e-07, 2.33925817383e-07, 1.60498089485e-07, 2.54322401361e-07, 5.86375854539e-08, 8.22106898113e-08, 2.96032055758e-07, 1.06907842579e-08, 2.86123391646e-09, 7.81793207949e-09, 5.59338397821e-09, 8.04262156873e-10, 1.7811546682e-10, 3.44571454702e-11, 7.05227681808e-11, 1.04667021578e-11, 1.75167640809e-11, 3.87439646338e-12, 4.28805602137e-12, 2.22032179968e-12, 1.04478296674e-12, 1.30836530846e-13, 4.25749997865e-14, 2.42041114798e-13, 7.1648531563e-14, 4.1407623849e-16, 2.8947165684e-16], "dvar2": [7.30209350763e-08, 2.47066463999e-06, 5.03724663758e-07, 2.2824568191e-07, 5.32447641532e-09, 3.50216211586e-08, 1.73982339646e-08, 8.90541258514e-08, 7.19814110539e-08, 5.3930655497e-08, 1.19179446756e-07, 8.61500097926e-07, 2.47304069489e-06, 3.49485901552e-07, 6.18553031018e-07, 4.45541900262e-07, 5.68361031128e-07, 1.48248915366e-07, 1.68034816284e-07, 6.01671388267e-07, 2.22319282983e-08, 6.36375663277e-09, 2.03202326077e-08, 1.49479610911e-08, 1.49333578836e-09, 4.88858231673e-10, 9.40982985975e-11, 1.99532571021e-10, 2.94898029607e-11, 4.18491248599e-11, 1.06414009549e-11, 1.15876171505e-11, 5.9686856152e-12, 2.59245359555e-12, 3.04733072543e-13, 1.00662642284e-13, 6.66464930119e-13, 2.00282715759e-13, 1.05361464809e-15, 7.64137432597e-16], "max": [0.00398224405944, 0.0250685606152, 0.00694352155551, 0.0112075638026, 0.00379005214199, 0.00772668654099, 0.00517317699268, 0.0105550689623, 0.0123778963462, 0.00590086868033, 0.0128447841853, 0.0290391743183, 0.0247253589332, 0.0110091520473, 0.0120040951297, 0.0109913507476, 0.0143417762592, 0.00535485893488, 0.00696596223861, 0.0158675722778, 0.00334839615971, 0.00230030482635, 0.00429858872667, 0.00439403764904, 0.000821869005449, 0.000316192919854, 0.000121767901874, 0.000175825087354, 9.50304893195e-05, 0.000188497186173, 9.09966256586e-05, 7.94832158135e-05, 3.69292247342e-05, 2.7650685297e-05, 1.55665184138e-05, 7.33038086764e-06, 2.7574284104e-05, 1.49478837557e-05, 7.53462302328e-07, 6.39974189198e-07], "mean": [0.000210944854189, 0.00147159805056, 0.000919047743082, 0.000356747972546, 0.000103779064375, 0.000216376036406, 0.000109257242002, 0.000103527650936, 0.000191223909496, 9.48744564084e-05, 0.000145238795085, 0.000341834092978, 0.000311181764118, 9.25667118281e-05, 9.61493933573e-05, 6.22425068286e-05, 6.27815898042e-05, 5.62541536056e-05, 7.29340172256e-05, 0.000129968902911, 1.70969960891e-05, 4.5894125833e-06, 4.57139503851e-06, 5.30525858267e-06, 7.43088548916e-06, 1.2091680901e-06, 7.90788874383e-07, 1.27458258703e-06, 3.25756786879e-07, 3.45029292248e-07, 1.54475941372e-07, 1.52227542571e-07, 1.50756676476e-07, 8.69437570827e-08, 2.15330047126e-08, 1.5018558841e-08, 2.0239879106e-08, 8.00892330233e-09, 1.71792002845e-09, 1.43971634614e-09], "median": [4.75100896438e-05, 0.000415618385887, 0.000519488647114, 0.000113622292702, 2.50806097029e-05, 9.26902866922e-05, 4.47130296379e-05, 1.99857786356e-05, 5.86804162594e-05, 2.08451820072e-05, 1.16732880997e-05, 2.31898065977e-05, 4.22579578299e-05, 1.28016672534e-05, 7.82418464951e-06, 7.62674335419e-06, 2.92816935143e-06, 1.88100966625e-06, 3.54456392415e-06, 2.6901648198e-06, 5.82620430123e-07, 1.76835669663e-07, 1.45498745496e-07, 1.8723378048e-07, 1.19010216793e-07, 1.98423713016e-08, 1.33535547064e-08, 1.13933626977e-08, 2.45841147439e-09, 1.83381332342e-09, 1.85913595629e-09, 8.28180302115e-10, 4.27867630215e-10, 3.64725555313e-10, 1.07990963394e-10, 1.14451809141e-10, 4.19329154733e-11, 2.79501630174e-11, 1.7083929757e-11, 1.55838241617e-11], "min": [1.38060755833e-23, 3.56880357978e-24, 1.10165616594e-23, 7.27544798097e-24, 9.374656548e-24, 1.84267983589e-23, 1.87344809333e-23, 1.39301965359e-23, 1.50919788123e-23, 2.7211845278e-23, 8.71927485224e-24, 1.30426791081e-23, 1.68012763108e-23, 1.34970472123e-23, 6.82485536507e-24, 1.53260448869e-23, 7.97510607275e-24, 6.60280324759e-24, 1.84586730727e-23, 1.39601006751e-23, 1.5086172796e-23, 1.0950163237e-23, 1.59966145217e-23, 1.98709975726e-23, 1.1285433066e-23, 8.18451787751e-24, 8.12338746824e-24, 9.39070828969e-24, 1.19390737458e-23, 7.79471172752e-24, 1.3382594539e-23, 1.06973727599e-23, 1.55898336627e-23, 1.09412924961e-23, 1.15605033417e-23, 1.20217795008e-23, 1.48396395636e-23, 9.54938056103e-24, 8.09299423528e-24, 1.01084178856e-23], "var": [1.58283071983e-07, 6.92380899636e-06, 1.01418720533e-06, 4.99905866036e-07, 6.75055389365e-08, 2.37344835341e-07, 4.82047646244e-08, 2.8619058412e-07, 2.51503934123e-07, 1.31750454102e-07, 3.31864725922e-07, 2.10713278648e-06, 1.30165835799e-06, 1.45653132222e-07, 2.14481858052e-07, 1.30882241933e-07, 3.40622676731e-07, 9.21385421293e-08, 1.18718737951e-07, 4.37147974708e-07, 1.53714108109e-08, 3.54034535022e-09, 6.41350483832e-09, 4.18632239985e-09, 1.48316092741e-09, 1.35000080559e-10, 2.67239945451e-11, 5.57523437139e-11, 8.7149879327e-12, 1.7626684834e-11, 2.6978326257e-12, 3.10636846107e-12, 1.6671442872e-12, 9.03844273731e-13, 1.22910714809e-13, 3.88617835286e-14, 1.65864921082e-13, 4.40445545162e-14, 3.1842885457e-16, 2.06779721257e-16]}, "mfcc": {"mean": [-798.9296875, 226.331375122, -19.5920391083, -7.84067344666, 12.8210401535, 9.23835468292, 2.97518634796, 5.49416399002, 0.98753207922, 0.668123602867, -3.27096366882, -8.57405567169, 1.1242929697], "cov": [[5052.24169922, 206.080871582, -1396.70141602, 972.117675781, -63.4618530273, 158.433731079, 10.0126628876, 65.761505127, 10.6150121689, 71.8684463501, -189.607620239, -168.989868164, 206.097854614], [206.080871582, 1534.14355469, 291.531219482, -326.730895996, 164.776992798, -224.773452759, 105.729171753, 118.6016922, -129.903381348, -198.350189209, 173.345779419, 216.33757019, -99.0536651611], [-1396.70141602, 291.531219482, 832.131958008, -343.965759277, 56.2300109863, -32.3443222046, -113.607627869, -58.0256233215, -8.11555671692, 12.9145288467, 128.417907715, 145.790390015, -95.0117874146], [972.117675781, -326.730895996, -343.965759277, 443.95223999, 1.84382307529, 114.077140808, -7.88844633102, -10.8334445953, 79.7060852051, 103.994468689, -76.9568786621, -110.686553955, 91.1833267212], [-63.4618530273, 164.776992798, 56.2300109863, 1.84382307529, 192.625045776, 31.8952465057, -0.279846727848, 28.9965229034, 9.72085857391, -6.31658124924, 6.54418325424, 26.4931774139, 23.0648651123], [158.433731079, -224.773452759, -32.3443222046, 114.077140808, 31.8952465057, 194.278488159, -4.78010940552, -52.0692520142, 29.1641921997, 62.7646636963, -13.6866254807, -51.3322067261, 22.5215358734], [10.0126628876, 105.729171753, -113.607627869, -7.88844633102, -0.279846727848, -4.78010940552, 213.975601196, 109.617790222, -31.9892272949, -75.6204910278, 19.0665397644, 5.37985563278, -48.9165267944], [65.761505127, 118.6016922, -58.0256233215, -10.8334445953, 28.9965229034, -52.0692520142, 109.617790222, 190.565170288, 55.2376403809, -69.0944137573, -38.6385879517, -8.44107913971, -38.0808868408], [10.6150121689, -129.903381348, -8.11555671692, 79.7060852051, 9.72085857391, 29.1641921997, -31.9892272949, 55.2376403809, 187.140563965, 98.4718170166, -102.570549011, -91.8298950195, 32.5967674255], [71.8684463501, -198.350189209, 12.9145288467, 103.994468689, -6.31658124924, 62.7646636963, -75.6204910278, -69.0944137573, 98.4718170166, 236.140655518, -3.17050480843, -133.838119507, 64.5857467651], [-189.607620239, 173.345779419, 128.417907715, -76.9568786621, 6.54418325424, -13.6866254807, 19.0665397644, -38.6385879517, -102.570549011, -3.17050480843, 259.016723633, 104.721542358, -119.086257935], [-168.989868164, 216.33757019, 145.790390015, -110.686553955, 26.4931774139, -51.3322067261, 5.37985563278, -8.44107913971, -91.8298950195, -133.838119507, 104.721542358, 304.09866333, 12.6145439148], [206.097854614, -99.0536651611, -95.0117874146, 91.1833267212, 23.0648651123, 22.5215358734, -48.9165267944, -38.0808868408, 32.5967674255, 64.5857467651, -119.086257935, 12.6145439148, 266.821655273]], "icov": [[0.00139641168062, -0.0015689919237, 0.00214736326598, -0.00221767625771, 0.00174267555121, -0.00220726476982, 0.00268852128647, -0.00242970394902, 0.00249240454286, -0.00222512730397, 0.00166572630405, -0.00142934720498, 0.00108834938146], [-0.0015689919237, 0.00293886987492, -0.00262826611288, 0.00272260885686, -0.00305760279298, 0.00369622837752, -0.00352326151915, 0.00278271269053, -0.00287528871559, 0.00305143324658, -0.00252252910286, 0.00172199425288, -0.00145443552174], [0.00214736326598, -0.00262826611288, 0.00594183336943, -0.00138564174995, 0.00226107961498, -0.00422230083495, 0.00536803947762, -0.00374334980734, 0.0032473304309, -0.00485551916063, 0.00265436689369, -0.00358087243512, 0.00269834487699], [-0.00221767625771, 0.00272260885686, -0.00138564174995, 0.00834940560162, -0.00313661503606, 0.00168660015333, -0.00356019428, 0.00344207929447, -0.0048574465327, 0.00229695625603, -0.00291258678772, 0.00188092770986, -0.00200710841455], [0.00174267555121, -0.00305760279298, 0.00226107961498, -0.00313661503606, 0.00945754908025, -0.00573886232451, 0.00480617722496, -0.005700385198, 0.00362934265286, -0.00284237251617, 0.00182854547165, -0.00191435904708, 0.000281535525573], [-0.00220726476982, 0.00369622837752, -0.00422230083495, 0.00168660015333, -0.00573886232451, 0.0127852717414, -0.00739970803261, 0.00838501565158, -0.00592857552692, 0.00449277134612, -0.00324035063386, 0.00317749590613, -0.00170540215913], [0.00268852128647, -0.00352326151915, 0.00536803947762, -0.00356019428, 0.00480617722496, -0.00739970803261, 0.0148398261517, -0.0118022877723, 0.00829208921641, -0.00477569689974, 0.00272422446869, -0.00276561360806, 0.00247839116491], [-0.00242970394902, 0.00278271269053, -0.00374334980734, 0.00344207929447, -0.005700385198, 0.00838501565158, -0.0118022877723, 0.0198199469596, -0.0135465785861, 0.00989616010338, -0.00417762855068, 0.00417294027284, -0.00195176317357], [0.00249240454286, -0.00287528871559, 0.0032473304309, -0.0048574465327, 0.00362934265286, -0.00592857552692, 0.00829208921641, -0.0135465785861, 0.0211142878979, -0.0139933070168, 0.0104550775141, -0.00533786602318, 0.00532352551818], [-0.00222512730397, 0.00305143324658, -0.00485551916063, 0.00229695625603, -0.00284237251617, 0.00449277134612, -0.00477569689974, 0.00989616010338, -0.0139933070168, 0.0206321272999, -0.011718868278, 0.0103549975902, -0.00826354138553], [0.00166572630405, -0.00252252910286, 0.00265436689369, -0.00291258678772, 0.00182854547165, -0.00324035063386, 0.00272422446869, -0.00417762855068, 0.0104550775141, -0.011718868278, 0.0144104529172, -0.00778167136014, 0.00809492263943], [-0.00142934720498, 0.00172199425288, -0.00358087243512, 0.00188092770986, -0.00191435904708, 0.00317749590613, -0.00276561360806, 0.00417294027284, -0.00533786602318, 0.0103549975902, -0.00778167136014, 0.010412809439, -0.00600848067552], [0.00108834938146, -0.00145443552174, 0.00269834487699, -0.00200710841455, 0.000281535525573, -0.00170540215913, 0.00247839116491, -0.00195176317357, 0.00532352551818, -0.00826354138553, 0.00809492263943, -0.00600848067552, 0.00955621618778]]}, "spectral_contrast_coeffs": {"dmean": [0.0422509461641, 0.0325085222721, 0.0337437838316, 0.0298722293228, 0.0209618341178, 0.0313955396414], "dmean2": [0.0716096907854, 0.0530025810003, 0.0537423118949, 0.0461482219398, 0.0324544906616, 0.0536786690354], "dvar": [0.0012359340908, 0.000880127889104, 0.00103184673935, 0.000829219410662, 0.000423006131314, 0.000770456972532], "dvar2": [0.00342961889692, 0.00210971059278, 0.00246557337232, 0.00190038478468, 0.000975743692834, 0.0021496778354], "max": [-0.314841806889, -0.438925653696, -0.383886009455, -0.440592944622, -0.548869431019, -0.59233468771], "mean": [-0.555728375912, -0.689290821552, -0.706420719624, -0.695447444916, -0.726797223091, -0.787741601467], "median": [-0.548895001411, -0.690805077553, -0.717105984688, -0.701638221741, -0.728752493858, -0.780474901199], "min": [-0.971687555313, -0.947319865227, -0.949925482273, -0.949615836143, -0.96053224802, -0.958236694336], "var": [0.00525849685073, 0.00733630079776, 0.00674863299355, 0.00437789363787, 0.00193234765902, 0.00536587787792]}, "spectral_contrast_valleys": {"dmean": [0.412301719189, 0.316535830498, 0.28389185667, 0.27048432827, 0.283712983131, 0.562762260437], "dmean2": [0.681435286999, 0.502703368664, 0.455599278212, 0.428620129824, 0.435694903135, 0.961662650108], "dvar": [0.195571482182, 0.176261946559, 0.15839202702, 0.165145158768, 0.23970271647, 0.313831746578], "dvar2": [0.370630860329, 0.281079530716, 0.253953754902, 0