{"lowlevel": {"average_loudness": 0.977489113808, "barkbands_crest": {"dmean": 2.3212928772, "dmean2": 3.81059885025, "dvar": 4.71120738983, "dvar2": 12.5375270844, "max": 26.4115428925, "mean": 10.9318008423, "median": 10.2820005417, "min": 4.0902929306, "var": 11.9909257889}, "barkbands_flatness_db": {"dmean": 0.0228080432862, "dmean2": 0.0339013263583, "dvar": 0.00060790812131, "dvar2": 0.00127392972354, "max": 0.727513372898, "mean": 0.178267762065, "median": 0.170754939318, "min": 0.0440725721419, "var": 0.00376362609677}, "barkbands_kurtosis": {"dmean": 6.54586362839, "dmean2": 10.4390449524, "dvar": 953.052978516, "dvar2": 3123.99658203, "max": 1493.74267578, "mean": 12.4047966003, "median": 5.48035526276, "min": -1.95635092258, "var": 920.395507812}, "barkbands_skewness": {"dmean": 0.634768128395, "dmean2": 0.944185316563, "dvar": 0.597242236137, "dvar2": 1.47466111183, "max": 22.6659145355, "mean": 2.48591756821, "median": 2.22641992569, "min": -1.99233734608, "var": 2.37962317467}, "barkbands_spread": {"dmean": 5.05018949509, "dmean2": 7.26106929779, "dvar": 69.7391433716, "dvar2": 127.500732422, "max": 119.330596924, "mean": 18.0869483948, "median": 13.9333515167, "min": 0.0299869384617, "var": 283.735748291}, "dissonance": {"dmean": 0.0260653831065, "dmean2": 0.0425795130432, "dvar": 0.000674840121064, "dvar2": 0.00171027565375, "max": 0.5, "mean": 0.433945804834, "median": 0.445109307766, "min": 0.198689237237, "var": 0.00212154374458}, "dynamic_complexity": 2.14423251152, "erbbands_crest": {"dmean": 2.86067962646, "dmean2": 4.48780536652, "dvar": 8.12839603424, "dvar2": 19.47722435, "max": 30.6515522003, "mean": 11.3460502625, "median": 10.2014045715, "min": 2.35468125343, "var": 28.7169647217}, "erbbands_flatness_db": {"dmean": 0.0191443543881, "dmean2": 0.0263444501907, "dvar": 0.000433126522694, "dvar2": 0.000833335448988, "max": 0.4386972785, "mean": 0.146998390555, "median": 0.142451450229, "min": 0.0382118709385, "var": 0.00224710977636}, "erbbands_kurtosis": {"dmean": 1.39198327065, "dmean2": 2.16212034225, "dvar": 19.628824234, "dvar2": 60.5670471191, "max": 219.184814453, "mean": 1.62868559361, "median": 0.286048412323, "min": -1.88036036491, "var": 46.244342804}, "erbbands_skewness": {"dmean": 0.38813534379, "dmean2": 0.572704732418, "dvar": 0.180632501841, "dvar2": 0.391113609076, "max": 9.52260684967, "mean": 0.565248548985, "median": 0.552282691002, "min": -3.94050741196, "var": 0.884439647198}, "erbbands_spread": {"dmean": 10.6487894058, "dmean2": 15.310125351, "dvar": 181.133117676, "dvar2": 384.860626221, "max": 180.517120361, "mean": 48.4333648682, "median": 44.2526130676, "min": 0.783198297024, "var": 878.506896973}, "hfc": {"dmean": 7.57461309433, "dmean2": 10.6412220001, "dvar": 156.195236206, "dvar2": 301.579833984, "max": 283.978118896, "mean": 26.053894043, "median": 20.6511516571, "min": 2.17338236297e-08, "var": 552.515563965}, "melbands_crest": {"dmean": 3.17763543129, "dmean2": 5.21961116791, "dvar": 9.12860393524, "dvar2": 26.1705665588, "max": 38.0315132141, "mean": 16.0933418274, "median": 15.4538021088, "min": 3.27468800545, "var": 21.5088863373}, "melbands_flatness_db": {"dmean": 0.0262507386506, "dmean2": 0.0389537028968, "dvar": 0.000780997681431, "dvar2": 0.00166755029932, "max": 0.90220618248, "mean": 0.268761068583, "median": 0.26042291522, "min": 0.0116633092985, "var": 0.00529048405588}, "melbands_kurtosis": {"dmean": 15.0725908279, "dmean2": 23.1000537872, "dvar": 1426.70373535, "dvar2": 3654.8918457, "max": 1579.59240723, "mean": 34.1606292725, "median": 20.5851974487, "min": -1.32375073433, "var": 2996.53979492}, "melbands_skewness": {"dmean": 0.916721761227, "dmean2": 1.37735748291, "dvar": 1.2261070013, "dvar2": 2.85172390938, "max": 27.2076950073, "mean": 4.01097154617, "median": 3.72383999825, "min": -1.18618035316, "var": 5.30568027496}, "melbands_spread": {"dmean": 4.17089319229, "dmean2": 6.25185823441, "dvar": 54.4603424072, "dvar2": 114.0989151, "max": 188.902450562, "mean": 13.9500741959, "median": 11.1855688095, "min": 0.103305265307, "var": 163.242538452}, "pitch_salience": {"dmean": 0.0694883391261, "dmean2": 0.115508832037, "dvar": 0.00397453131154, "dvar2": 0.0110953487456, "max": 0.81718736887, "mean": 0.496280103922, "median": 0.494115024805, "min": 0.0433690026402, "var": 0.00990784075111}, "silence_rate_20dB": {"dmean": 0, "dmean2": 0, "dvar": 0, "dvar2": 0, "max": 1, "mean": 1, "median": 1, "min": 1, "var": 0}, "silence_rate_30dB": {"dmean": 0.0843052342534, "dmean2": 0.168624505401, "dvar": 0.0771874263883, "dvar2": 0.175674468279, "max": 1, "mean": 0.925780951977, "median": 1, "min": 0, "var": 0.0687075033784}, "silence_rate_60dB": {"dmean": 0.00249916687608, "dmean2": 0.00491543766111, "dvar": 0.00249240756966, "dvar2": 0.00505664525554, "max": 1, "mean": 0.0181591007859, "median": 0, "min": 0, "var": 0.0178276449442}, "spectral_centroid": {"dmean": 191.549957275, "dmean2": 279.197509766, "dvar": 67372.25, "dvar2": 135920.265625, "max": 4434.94970703, "mean": 901.863037109, "median": 804.489685059, "min": 66.5569534302, "var": 260137.625}, "spectral_complexity": {"dmean": 3.00599789619, "dmean2": 4.59360170364, "dvar": 13.6697206497, "dvar2": 28.7197246552, "max": 51, "mean": 13.6809663773, "median": 13, "min": 0, "var": 48.6396713257}, "spectral_decrease": {"dmean": 4.64683447277e-09, "dmean2": 7.5583264092e-09, "dvar": 4.17365690941e-17, "dvar2": 1.04948414486e-16, "max": -2.6444503741e-21, "mean": -1.42276661563e-08, "median": -1.26544392742e-08, "min": -6.69661091024e-08, "var": 6.9019275332e-17}, "spectral_energy": {"dmean": 0.0178919062018, "dmean2": 0.0290535073727, "dvar": 0.000614840886556, "dvar2": 0.00154347880743, "max": 0.256277561188, "mean": 0.0560613982379, "median": 0.0500841140747, "min": 1.98130314238e-12, "var": 0.00102619314566}, "spectral_energyband_high": {"dmean": 0.000654009229038, "dmean2": 0.000864541856572, "dvar": 1.94870631276e-06, "dvar2": 3.49263700627e-06, "max": 0.0288369487971, "mean": 0.00138556631282, "median": 0.000383921375033, "min": 1.33808285632e-12, "var": 6.80769380779e-06}, "spectral_energyband_low": {"dmean": 0.0139933265746, "dmean2": 0.0233592260629, "dvar": 0.000452184467576, "dvar2": 0.00117628241424, "max": 0.22894783318, "mean": 0.0320088453591, "median": 0.0258853491396, "min": 3.42267955243e-14, "var": 0.000658771896269}, "spectral_energyband_middle_high": {"dmean": 0.00144783873111, "dmean2": 0.00200682226568, "dvar": 5.28220198248e-06, "dvar2": 9.37400818657e-06, "max": 0.0349582731724, "mean": 0.00553287100047, "median": 0.00280329282396, "min": 2.90741985608e-13, "var": 4.40975782112e-05}, "spectral_energyband_middle_low": {"dmean": 0.00776607682928, "dmean2": 0.0123299714178, "dvar": 0.000146857695654, "dvar2": 0.000367180589819, "max": 0.149636939168, "mean": 0.0188009142876, "median": 0.0156488213688, "min": 4.47083911776e-14, "var": 0.000215534979361}, "spectral_entropy": {"dmean": 0.221553444862, "dmean2": 0.308680385351, "dvar": 0.0610022507608, "dvar2": 0.115974783897, "max": 8.77800273895, "mean": 7.27010822296, "median": 7.24740791321, "min": 3.74468684196, "var": 0.352540850639}, "spectral_flux": {"dmean": 0.0381550267339, "dmean2": 0.0595871582627, "dvar": 0.00184434500989, "dvar2": 0.00390096288174, "max": 0.395846605301, "mean": 0.107633844018, "median": 0.0930610895157, "min": 0.000126466475194, "var": 0.00399319501594}, "spectral_kurtosis": {"dmean": 1.66369366646, "dmean2": 2.62663125992, "dvar": 8.74920463562, "dvar2": 22.5089664459, "max": 85.7917251587, "mean": 4.37894964218, "median": 3.64497280121, "min": -1.54264068604, "var": 22.2835254669}, "spectral_rms": {"dmean": 0.00109816994518, "dmean2": 0.00174381863326, "dvar": 1.7963237724e-06, "dvar2": 4.24789914177e-06, "max": 0.0158122386783, "mean": 0.00708500901237, "median": 0.00699017522857, "min": 4.3965652452e-08, "var": 4.49703247796e-06}, "spectral_rolloff": {"dmean": 346.800231934, "dmean2": 598.87689209, "dvar": 1146759.5, "dvar2": 2479280.25, "max": 19315.2832031, "mean": 912.226989746, "median": 473.73046875, "min": 43.06640625, "var": 2358509.75}, "spectral_skewness": {"dmean": 0.243247881532, "dmean2": 0.351051449776, "dvar": 0.0855875015259, "dvar2": 0.182335823774, "max": 7.9821062088, "mean": 1.62914037704, "median": 1.62792503834, "min": -0.222667247057, "var": 0.454821556807}, "spectral_spread": {"dmean": 739309.5625, "dmean2": 1019408.25, "dvar": 984002068480, "dvar2": 1764033167360.0, "max": 19689406, "mean": 5602170.5, "median": 5188809, "min": 1016942.375, "var": 4820843888640.0}, "spectral_strongpeak": {"dmean": 0.436085730791, "dmean2": 0.778771519661, "dvar": 0.650693058968, "dvar2": 1.72748088837, "max": 7.64854192734, "mean": 0.709984302521, "median": 0.384899258614, "min": 0, "var": 0.915016531944}, "zerocrossingrate": {"dmean": 0.00987276714295, "dmean2": 0.011057253927, "dvar": 0.000198823894607, "dvar2": 0.00020524347201, "max": 0.50537109375, "mean": 0.0442891642451, "median": 0.0341796875, "min": 0.0009765625, "var": 0.00145422678906}, "barkbands": {"dmean": [0.00144954444841, 0.00903663877398, 0.00637066271156, 0.00306719308719, 0.00476691918448, 0.000731442763936, 0.000776191591285, 0.000518589862622, 0.000739317678381, 0.000718340801541, 0.000619417929556, 0.000355738156941, 0.000334767624736, 0.000189667131053, 0.00015702508972, 8.38476189529e-05, 0.00010393413686, 0.000118532210763, 7.97187458375e-05, 9.48590532062e-05, 8.43502421048e-05, 0.000150156556629, 0.000165057601407, 0.000173709107912, 0.000117038995086, 3.64261431969e-05, 1.5255182916e-05], "dmean2": [0.00206167600118, 0.0149593418464, 0.0108722997829, 0.00514759821817, 0.00748894270509, 0.00114968791604, 0.00119584158529, 0.000764355296269, 0.00105931132566, 0.00100851641037, 0.000864264089614, 0.00052679394139, 0.000505844014697, 0.000284399284283, 0.000250078184763, 0.000130356711452, 0.000160962590599, 0.000182331292308, 0.000121952769405, 0.000143977784319, 0.000128102576127, 0.000209367106436, 0.000236291307374, 0.000246398092713, 0.00016644524294, 5.33447455382e-05, 2.31918893405e-05], "dvar": [6.07612537351e-06, 0.000182041418157, 0.000134139583679, 3.71944261133e-05, 5.22616355738e-05, 2.66694542006e-06, 2.54690667134e-06, 2.03875310945e-06, 3.56820714842e-06, 3.80924188903e-06, 2.52854374594e-06, 9.31685178784e-07, 7.53270512632e-07, 3.3106445585e-07, 1.64917935308e-07, 3.8908801514e-08, 3.62594505532e-08, 4.16204741782e-08, 1.70807865629e-08, 3.61693395234e-08, 2.29421797115e-08, 1.90869727135e-07, 1.80859004217e-07, 2.91791053542e-07, 1.91043440623e-07, 1.03684216768e-08, 2.37294250915e-09], "dvar2": [1.16310748126e-05, 0.000482513598399, 0.000370226742234, 9.44777930272e-05, 0.000132909452077, 6.40502139504e-06, 5.52662368136e-06, 4.39996028945e-06, 7.47354260966e-06, 6.99310885466e-06, 4.46407284471e-06, 2.00168415176e-06, 1.65645644756e-06, 7.15045871402e-07, 3.82750414474e-07, 8.67860663334e-08, 7.80188003091e-08, 9.36055428724e-08, 3.72302011442e-08, 7.84799567555e-08, 5.0964985121e-08, 4.10668178574e-07, 3.68201426681e-07, 5.68349548757e-07, 3.96048079665e-07, 2.13313189334e-08, 5.7213043192e-09], "max": [0.0304380133748, 0.15655104816, 0.134729772806, 0.0683400258422, 0.102718412876, 0.0315138362348, 0.0236984193325, 0.0210315845907, 0.026845799759, 0.0296980440617, 0.0286726802588, 0.0166464932263, 0.0176133774221, 0.0144285270944, 0.00789724756032, 0.00623762374744, 0.00508313626051, 0.00437849666923, 0.00463580107316, 0.00375851243734, 0.00283474242315, 0.0109561784193, 0.00952625554055, 0.0170863438398, 0.0173771549016, 0.00234023993835, 0.000778990390245], "mean": [0.0029596905224, 0.0169547218829, 0.0107194818556, 0.00405191490427, 0.00890912022442, 0.00131964671891, 0.00125673180446, 0.00104527221993, 0.00165980833117, 0.00155522522982, 0.00146916939411, 0.000608385307714, 0.000768033438362, 0.000300014449749, 0.000260576722212, 0.000137956711114, 0.000234400693444, 0.000248639640631, 0.000151531261508, 0.000164808297995, 0.000147034486872, 0.000257790175965, 0.000316902587656, 0.00031210956513, 0.000187393743545, 4.8625319323e-05, 1.66330737557e-05], "median": [0.000669522036333, 0.0137117169797, 0.00799027457833, 0.00215444969945, 0.00586404744536, 0.000718331313692, 0.000341023114743, 9.63228667388e-05, 0.000235421743128, 0.000157922797371, 0.000249712669756, 6.79735821905e-05, 9.40306781558e-05, 5.77550454182e-05, 0.00010774875409, 5.31370496901e-05, 7.32246262487e-05, 0.000121326724184, 6.87099527568e-05, 6.31883231108e-05, 4.66903038614e-05, 7.48099118937e-05, 6.72992609907e-05, 4.67535974167e-05, 3.72897811758e-05, 9.01079056348e-06, 1.23706081467e-06], "min": [1.28084256526e-14, 1.02251835335e-14, 5.20751493752e-15, 3.99261600479e-15, 7.88701515122e-15, 1.03589207186e-14, 3.17477858916e-15, 7.46845974956e-15, 1.16306830906e-14, 2.06390970192e-15, 1.40211032414e-14, 1.7116865515e-14, 3.49345830313e-14, 1.00479164783e-14, 4.65337454848e-15, 2.86398339668e-14, 4.47383761439e-14, 5.48190338338e-14, 6.10293066083e-14, 5.07761523528e-14, 8.38790029187e-14, 5.69935469804e-14, 1.35685733482e-13, 2.28155873101e-13, 1.56025650841e-13, 3.14576110386e-13, 3.71389713687e-13], "var": [2.03127892746e-05, 0.000272146076895, 0.000128351850435, 3.66014683095e-05, 8.58496860019e-05, 4.54145720141e-06, 6.54564200886e-06, 5.76829279453e-06, 1.23055078802e-05, 1.49163988681e-05, 1.09562215584e-05, 2.3034044716e-06, 4.75306069347e-06, 5.59042860004e-07, 3.20110046914e-07, 9.1277073011e-08, 2.20943476847e-07, 1.33666233637e-07, 4.56741240384e-08, 8.13569585034e-08, 5.80901513558e-08, 3.31060618919e-07, 5.68551968172e-07, 8.16480451249e-07, 3.74403867909e-07, 1.85238295813e-08, 2.75015099582e-09]}, "erbbands": {"dmean": [0.398806750774, 1.85063421726, 6.72495603561, 7.88928174973, 14.1285057068, 19.4160137177, 10.0852003098, 5.62352848053, 8.8755569458, 12.3308458328, 11.3118448257, 18.9181594849, 19.9064903259, 24.4584121704, 17.9365921021, 13.1992292404, 13.7838640213, 11.4019832611, 8.23953819275, 5.01897335052, 4.23475885391, 4.99934673309, 6.54789733887, 4.7150645256, 3.8653512001, 4.14942455292, 3.71898293495, 3.67034697533, 4.53648757935, 5.81640148163, 4.76496124268, 3.66598057747, 2.9576189518, 1.8516446352, 0.509602308273, 0.178307592869, 0.0657420307398, 0.015898283571, 0.00247734412551, 0.000175138164195], "dmean2": [0.63966190815, 3.17086052895, 11.5668401718, 13.478386879, 23.5021114349, 29.4348373413, 15.9224700928, 8.80035495758, 13.9368515015, 18.5533485413, 16.6222629547, 26.3958759308, 27.495847702, 32.4696464539, 24.2074661255, 18.9124011993, 20.6527671814, 16.3080978394, 12.6488246918, 7.83568048477, 6.54294061661, 7.70693063736, 10.0872383118, 7.40715169907, 5.71199893951, 6.32192802429, 5.66337203979, 5.25004673004, 6.21186637878, 8.4360408783, 6.86852884293, 5.19763851166, 4.25961923599, 2.63851308823, 0.753113746643, 0.261713385582, 0.0973824933171, 0.0236318577081, 0.00380268832669, 0.000266100309091], "dvar": [0.420887738466, 8.87376976013, 149.359863281, 188.559432983, 912.280334473, 850.821411133, 338.546356201, 172.528778076, 403.348602295, 733.872192383, 1111.11877441, 2463.15258789, 3268.12768555, 3762.96826172, 2444.24511719, 1265.16247559, 1378.91772461, 854.187927246, 520.434997559, 119.837966919, 62.4596748352, 78.6379470825, 133.421875, 61.9360847473, 46.2257003784, 75.0493545532, 43.5957489014, 48.8093185425, 131.898071289, 404.343505859, 169.54284668, 119.615180969, 98.5336151123, 48.9471511841, 3.08150577545, 0.289976805449, 0.0339181013405, 0.00205433019437, 6.73234389978e-05, 2.96747401762e-07], "dvar2": [1.1170514822, 24.1404342651, 415.603424072, 503.427337646, 2338.91552734, 2130.39599609, 776.481018066, 429.990081787, 879.938842773, 1625.33288574, 2355.51953125, 5010.06201172, 5889.24658203, 6432.90771484, 4011.51342773, 2654.07788086, 3029.89208984, 1707.57543945, 1181.22839355, 267.170013428, 137.891296387, 181.985656738, 295.915344238, 147.918579102, 91.0320510864, 166.118911743, 96.0333023071, 100.259078979, 269.996032715, 906.57232666, 368.546905518, 236.428649902, 194.21711731, 100.891242981, 6.83452558517, 0.571953833103, 0.0730387941003, 0.00466686766595, 0.000165504286997, 7.29089322249e-07], "max": [6.70548343658, 31.645690918, 139.937026978, 135.647415161, 463.931945801, 490.156158447, 299.926055908, 271.112548828, 348.513549805, 365.979980469, 596.356201172, 748.430969238, 1030.44909668, 1179.98181152, 1432.70458984, 768.168029785, 804.067443848, 853.777770996, 461.462677002, 339.189971924, 181.247268677, 258.829589844, 220.804504395, 150.644577026, 296.377868652, 180.968780518, 125.847511292, 187.669448853, 499.938537598, 563.017028809, 317.300476074, 455.871246338, 319.126342773, 272.135742188, 64.1580657959, 14.9494190216, 3.77550625801, 0.893367528915, 0.137123197317, 0.00844732206315], "mean": [0.64707839489, 3.28126239777, 11.4746770859, 12.577296257, 20.07305336, 37.8088150024, 19.0370006561, 10.2486019135, 13.2787637711, 22.0889892578, 23.5954322815, 45.7930717468, 41.192855835, 61.9007949829, 49.5945701599, 27.5068206787, 34.2586364746, 22.9520492554, 14.6807308197, 9.35750484467, 8.86632061005, 11.5579156876, 14.6652841568, 9.66743469238, 7.50560522079, 7.24188280106, 6.61582136154, 6.61792230606, 8.04965877533, 10.0826320648, 8.97980880737, 6.5064997673, 5.26822376251, 3.04860639572, 0.770460486412, 0.255873501301, 0.0817686915398, 0.0184519719332, 0.00271026301198, 0.000238529100898], "median": [0.459449112415, 2.58178400993, 8.8629283905, 8.87987804413, 11.5740060806, 24.3548622131, 9.78856182098, 6.27213382721, 4.20616531372, 7.29537534714, 4.17722129822, 8.50577545166, 6.5725607872, 14.2147912979, 7.28343725204, 3.48786354065, 4.56076383591, 4.14050102234, 6.09260511398, 4.19662332535, 3.72836041451, 4.23571586609, 6.82351064682, 4.94241094589, 3.35776925087, 2.72250914574, 2.3239068985, 1.97805893421, 2.284938097, 2.41662836075, 1.80018484592, 0.987032771111, 0.839375495911, 0.566058576107, 0.162533298135, 0.0574376620352, 0.0114448843524, 0.00183514750097, 0.000235120969592, 7.96620442998e-05], "min": [6.69581523473e-13, 1.30353345305e-12, 5.25558286127e-12, 1.04610825211e-11, 2.0001299228e-11, 2.14284995997e-11, 7.7480473426e-11, 6.88527915238e-11, 3.51452790481e-11, 1.22112833734e-10, 1.49326634391e-10, 2.79603062925e-10, 1.28675237132e-10, 1.16877077461e-10, 8.05529920545e-10, 7.88054566048e-10, 1.56263202378e-09, 6.50867637564e-10, 5.03874830748e-10, 4.89392082414e-10, 1.86896698118e-09, 2.48249776291e-09, 3.08954328787e-09, 2.23263740828e-09, 3.23549165238e-09, 2.05519468111e-09, 2.94121904609e-09, 3.43271255865e-09, 1.92293803103e-09, 3.90611054613e-09, 3.34070926478e-09, 4.29035740268e-09, 3.63277452564e-09, 2.03912997598e-09, 1.18144571903e-09, 1.12966169752e-09, 6.31100727233e-10, 1.77910478016e-10, 5.36026813214e-11, 6.038932375e-12], "var": [0.601536691189, 10.3818321228, 132.914031982, 177.936798096, 869.310546875, 1771.75756836, 784.14050293, 245.109771729, 786.285522461, 1561.37670898, 3077.6550293, 9396.8125, 10474.4931641, 18495.7050781, 17826.640625, 4287.39746094, 8832.42285156, 2303.90966797, 896.725524902, 286.686401367, 223.099411011, 392.772888184, 514.639709473, 161.271026611, 126.878684998, 163.469436646, 108.432548523, 131.702636719, 273.793518066, 651.718688965, 494.36038208, 323.917999268, 271.387817383, 103.200782776, 5.37982797623, 0.552344918251, 0.053494118154, 0.00284151732922, 7.56085282774e-05, 3.29108132746e-07]}, "gfcc": {"mean": [14.4165477753, 98.9334564209, -80.1829833984, 44.7916183472, -50.3860931396, 23.1105365753, -31.0977535248, 7.15795755386, -23.2413883209, -8.27590942383, -13.905172348, -1.69568371773, -7.56180238724], "cov": [[6428.09472656, -1441.16589355, 100.987693787, -136.140045166, -550.110290527, 500.831481934, -120.17325592, 135.908325195, -220.15045166, 103.920700073, -210.499206543, 104.853401184, -191.006210327], [-1441.16589355, 1419.26123047, -445.851409912, -153.240859985, 209.563873291, -184.826416016, 199.494003296, 9.96639633179, 71.722618103, -62.600730896, 108.908950806, -75.555809021, 77.5872955322], [100.987693787, -445.851409912, 735.490844727, 186.762512207, 16.1044960022, 17.8744697571, -116.774421692, -18.4158554077, 39.7676467896, 5.34796524048, -13.2923803329, 44.0070075989, 2.8268995285], [-136.140045166, -153.240859985, 186.762512207, 472.990661621, 83.86277771, -93.0903625488, -116.217628479, -8.43229103088, 79.4306182861, 13.2543516159, 8.96924304962, 30.8891334534, 71.4686889648], [-550.110290527, 209.563873291, 16.1044960022, 83.86277771, 301.468353271, -50.7366981506, 24.3752861023, -11.3390102386, 22.4077339172, 9.64481449127, 28.5123977661, -3.34107732773, 45.15259552], [500.831481934, -184.826416016, 17.8744697571, -93.0903625488, -50.7366981506, 330.514221191, 123.436645508, -23.0689716339, -58.4362449646, 18.7416381836, 4.69803333282, 4.41795015335, -33.7734489441], [-120.17325592, 199.494003296, -116.774421692, -116.217628479, 24.3752861023, 123.436645508, 260.392730713, 4.35099983215, -19.0990257263, 10.9698982239, 24.9678707123, -15.7628755569, -11.7054681778], [135.908325195, 9.96639633179, -18.4158554077, -8.43229103088, -11.3390102386, -23.0689716339, 4.35099983215, 136.059936523, 42.3246765137, -5.06834745407, -15.4953565598, 15.6938047409, 7.20812606812], [-220.15045166, 71.722618103, 39.7676467896, 79.4306182861, 22.4077339172, -58.4362449646, -19.0990257263, 42.3246765137, 130.685882568, 28.0576782227, -0.594945430756, -13.040356636, 11.8157167435], [103.920700073, -62.600730896, 5.34796524048, 13.2543516159, 9.64481449127, 18.7416381836, 10.9698982239, -5.06834745407, 28.0576782227, 108.295211792, 18.405374527, -18.5076828003, -26.4811840057], [-210.499206543, 108.908950806, -13.2923803329, 8.96924304962, 28.5123977661, 4.69803333282, 24.9678707123, -15.4953565598, -0.594945430756, 18.405374527, 78.1371383667, 6.32531690598, -1.24109172821], [104.853401184, -75.555809021, 44.0070075989, 30.8891334534, -3.34107732773, 4.41795015335, -15.7628755569, 15.6938047409, -13.040356636, -18.5076828003, 6.32531690598, 81.0636062622, 19.7047863007], [-191.006210327, 77.5872955322, 2.8268995285, 71.4686889648, 45.15259552, -33.7734489441, -11.7054681778, 7.20812606812, 11.8157167435, -26.4811840057, -1.24109172821, 19.7047863007, 96.7729644775]], "icov": [[0.000289976684144, 5.70264382986e-05, 4.99048364873e-05, -0.000104174418084, 0.000295562029351, -0.000362564431271, 0.000208256489714, -0.000421051197918, 0.00050683732843, -0.000460448412923, 0.000626575143542, -0.000294538884191, 0.000274341466138], [5.70264382986e-05, 0.00195192289539, 0.000749001395889, 0.000739155802876, -0.000753958825953, 0.00105625530705, -0.00115214567631, 0.000242458481807, -0.0014410756994, 0.00169692758936, -0.0024313677568, 0.00131416728254, -0.00111562456004], [4.99048364873e-05, 0.000749001395889, 0.00200644787401, -0.000240292531089, -0.000427777675213, -0.000181078416063, 0.000280944310362, 0.000428652827395, -0.00111073628068, 0.000722705328371, -0.000520964793395, -0.000413668778492, 0.0001662227005], [-0.000104174418084, 0.000739155802876, -0.000240292531089, 0.00366184767336, -0.000916008488275, 0.000699111027643, 0.000487149838591, 0.00100402766839, -0.00238969642669, 0.000296268844977, -0.00154547253624, -0.000219218884013, -0.00244237016886], [0.000295562029351, -0.000753958825953, -0.000427777675213, -0.000916008488275, 0.00468386802822, -0.000104615995951, -0.000230243662372, -0.000258801155724, 0.00120628997684, -0.00166060042102, 0.000610929448158, -0.000317842175718, -0.000882801017724], [-0.000362564431271, 0.00105625530705, -0.000181078416063, 0.000699111027643, -0.000104615995951, 0.00559474015608, -0.0032412505243, 0.00109518726822, 0.000111616907816, 0.000536474748515, -0.00178376992699, 0.000546364113688, -0.000546703464352], [0.000208256489714, -0.00115214567631, 0.000280944310362, 0.000487149838591, -0.000230243662372, -0.0032412505243, 0.00681214500219, -0.00106509111356, 0.00073881627759, -0.00129311601631, 0.000392047746573, -0.000304451154079, 0.000469318736577], [-0.000421051197918, 0.000242458481807, 0.000428652827395, 0.00100402766839, -0.000258801155724, 0.00109518726822, -0.00106509111356, 0.0100518260151, -0.0049405945465, 0.00140052929055, 0.000666707055643, -0.00243394519202, -0.000663404876832], [0.00050683732843, -0.0014410756994, -0.00111073628068, -0.00238969642669, 0.00120628997684, 0.000111616907816, 0.00073881627759, -0.0049405945465, 0.0138382874429, -0.0051366854459, 0.00301218288951, 0.00134160008747, 0.000556741084438], [-0.000460448412923, 0.00169692758936, 0.000722705328371, 0.000296268844977, -0.00166060042102, 0.000536474748515, -0.00129311601631, 0.00140052929055, -0.0051366854459, 0.0142338257283, -0.00589379062876, 0.00346512696706, 0.00193307793234], [0.000626575143542, -0.0024313677568, -0.000520964793395, -0.00154547253624, 0.000610929448158, -0.00178376992699, 0.000392047746573, 0.000666707055643, 0.00301218288951, -0.00589379062876, 0.0197316966951, -0.00520836841315, 0.00276581244543], [-0.000294538884191, 0.00131416728254, -0.000413668778492, -0.000219218884013, -0.000317842175718, 0.000546364113688, -0.000304451154079, -0.00243394519202, 0.00134160008747, 0.00346512696706, -0.00520836841315, 0.0169337540865, -0.00370797421783], [0.000274341466138, -0.00111562456004, 0.0001662227005, -0.00244237016886, -0.000882801017724, -0.000546703464352, 0.000469318736577, -0.000663404876832, 0.000556741084438, 0.00193307793234, 0.00276581244543, -0.00370797421783, 0.0151470387354]]}, "melbands": {"dmean": [0.00283902324736, 0.00300703803077, 0.00155362836085, 0.00119814730715, 0.000437527371105, 0.000125528109493, 0.000145948826685, 0.000131742155645, 9.38142256928e-05, 0.000124740559841, 0.000102138001239, 0.000101884485048, 6.5872191044e-05, 4.62472708023e-05, 2.78882725979e-05, 3.71067071683e-05, 2.09980516956e-05, 1.35046275318e-05, 1.1528266441e-05, 6.68460597808e-06, 5.36302695764e-06, 5.79481866225e-06, 5.77168248128e-06, 6.01480724072e-06, 4.07655943491e-06, 3.02935472973e-06, 2.90091361421e-06, 3.1047286484e-06, 2.52671406997e-06, 2.24722884923e-06, 2.42701366915e-06, 2.80843164546e-06, 2.86888007395e-06, 3.43505507772e-06, 3.04445347865e-06, 2.44104148805e-06, 2.30168757298e-06, 2.17052684093e-06, 2.10267330658e-06, 1.46478510032e-06], "dmean2": [0.00456892885268, 0.00518983369693, 0.00260774814524, 0.00190190423746, 0.000676537805703, 0.000196622233489, 0.000226649339311, 0.000195577100385, 0.000137672977871, 0.00017440058582, 0.000141009280924, 0.000136221104185, 9.05051201698e-05, 6.47520355415e-05, 4.18463350798e-05, 5.49873620912e-05, 3.06495167024e-05, 2.07015145861e-05, 1.86621873581e-05, 1.03893389678e-05, 8.32460227684e-06, 9.04744956642e-06, 8.83354368852e-06, 9.22778690438e-06, 6.51828804621e-06, 4.54688688478e-06, 4.47755019195e-06, 4.83851499666e-06, 3.8892962948e-06, 3.51167045665e-06, 3.54274993697e-06, 3.94074777432e-06, 4.18074569097e-06, 5.06699643665e-06, 4.45141131422e-06, 3.62648574992e-06, 3.32742229148e-06, 3.21395896208e-06, 2.98207714877e-06, 2.12545637623e-06], "dvar": [1.89141264855e-05, 2.84890447801e-05, 7.85780139267e-06, 3.74043838747e-06, 4.75077001738e-07, 8.25570083407e-08, 9.65194146829e-08, 8.24310646408e-08, 7.46830650655e-08, 1.06361767394e-07, 8.29605255603e-08, 6.90037254003e-08, 2.92079000985e-08, 1.51779921964e-08, 5.77117198475e-09, 9.95919435809e-09, 3.36836891712e-09, 1.4829871775e-09, 8.01612054513e-10, 3.38836680935e-10, 1.08863709714e-10, 1.20869078635e-10, 9.74383213004e-11, 1.29237898161e-10, 4.9099519589e-11, 2.96415635093e-11, 2.66490388784e-11, 5.40559715045e-11, 2.18411278646e-11, 1.80689890134e-11, 2.37562660516e-11, 5.32293445432e-11, 8.77824896106e-11, 1.16173487497e-10, 7.11050107682e-11, 5.01952784893e-11, 5.40887161449e-11, 5.45033289334e-11, 6.1395583062e-11, 3.3477536715e-11], "dvar2": [4.97199289384e-05, 7.91416896391e-05, 2.02224782697e-05, 9.57096108323e-06, 1.10857945401e-06, 2.04707546914e-07, 2.07026658927e-07, 1.80164377639e-07, 1.57017382207e-07, 2.16616840021e-07, 1.48592775417e-07, 1.17782946063e-07, 5.22106482492e-08, 3.20972262102e-08, 1.22724461704e-08, 2.17164259908e-08, 6.79576395157e-09, 3.34852878758e-09, 1.90298865554e-09, 7.55308482425e-10, 2.32664443267e-10, 2.72937811241e-10, 2.17695750315e-10, 2.96266317035e-10, 1.20920662372e-10, 5.76901582061e-11, 5.95740262677e-11, 1.22621135468e-10, 4.80861496455e-11, 4.17395215613e-11, 5.03379941896e-11, 1.17727022575e-10, 1.89619195345e-10, 2.59375798617e-10, 1.62437119311e-10, 1.07396556925e-10, 1.10943018661e-10, 1.12801191998e-10, 1.27064414546e-10, 7.31890104078e-11], "max": [0.0508663840592, 0.058899667114, 0.0274705402553, 0.0258437301964, 0.0114379758015, 0.0055100847967, 0.00480181444436, 0.00433374010026, 0.00505135953426, 0.00494858808815, 0.00505006732419, 0.00491636898369, 0.00417453236878, 0.00231699808501, 0.00203759898432, 0.0024473045487, 0.00164256512653, 0.000830514472909, 0.000549794349354, 0.000575706188101, 0.000255102466326, 0.000385712977732, 0.000200964990654, 0.000234081075178, 0.000133253706736, 0.000202460185392, 0.000145290323417, 0.000147185390233, 7.64898213674e-05, 7.94373700046e-05, 0.000170193292433, 0.000341060949722, 0.000229751225561, 0.000275307625998, 0.000193578045582, 0.000177976646228, 0.000348608155036, 0.000280885724351, 0.000299006846035, 0.00023647013586], "mean": [0.005269236397, 0.00544969784096, 0.00249205133878, 0.00214227288961, 0.000890256313141, 0.000219712615944, 0.000229367637075, 0.000239828179474, 0.000179852329893, 0.000296369980788, 0.000195768545382, 0.000243299640715, 0.000160827039508, 9.86116501736e-05, 4.57723617728e-05, 9.3200331321e-05, 3.48681496689e-05, 2.18955810851e-05, 1.89145284821e-05, 1.07152236524e-05, 1.05859289761e-05, 1.22201536215e-05, 1.26903687487e-05, 1.23292320495e-05, 7.30508736524e-06, 5.61885599382e-06, 4.79395885122e-06, 5.04399713463e-06, 4.37102062278e-06, 3.55292127097e-06, 4.13242332797e-06, 4.5902193051e-06, 4.80621702081e-06, 5.84385998081e-06, 5.45515240447e-06, 4.21971481046e-06, 3.88882654079e-06, 3.68586620425e-06, 3.5014174955e-06, 2.24978361985e-06], "median": [0.00414995243773, 0.00435550883412, 0.00174917536788, 0.00139864522498, 0.000525402778294, 0.000128406871227, 6.69421206112e-05, 7.34976638341e-05, 2.06140430237e-05, 4.31693915743e-05, 2.45184110099e-05, 4.44200668426e-05, 2.5689294489e-05, 8.9194809334e-06, 5.64212905374e-06, 1.07322221083e-05, 6.31546663499e-06, 8.0888166849e-06, 7.72759085521e-06, 3.81606878364e-06, 3.92994115828e-06, 4.31407670476e-06, 5.11166672368e-06, 5.28427790414e-06, 3.40967631018e-06, 2.28143039749e-06, 2.14452711589e-06, 1.49594507093e-06, 1.48043898207e-06, 1.04217633634e-06, 1.17626734664e-06, 1.21771836348e-06, 1.29591023779e-06, 1.27025714391e-06, 1.09739141863e-06, 7.0060661983e-07, 5.27605266143e-07, 5.48374714526e-07, 5.82111510994e-07, 4.14231436707e-07], "min": [6.38009017498e-15, 2.38102697891e-15, 2.14142338099e-15, 1.42737259475e-15, 2.29882836061e-15, 1.63572650027e-15, 5.75469313925e-16, 1.51759176802e-15, 1.17948681455e-15, 1.82047518573e-15, 6.15030464183e-16, 3.07299556327e-16, 2.28105930344e-15, 2.53907782115e-15, 1.98205159086e-15, 3.68094938482e-15, 9.05479385285e-16, 9.59096994363e-16, 2.74088903243e-16, 1.39896226266e-15, 2.27513536676e-15, 2.10517418249e-15, 3.96265687296e-15, 2.15736517633e-15, 1.63968288528e-15, 2.56674742292e-15, 1.81647359033e-15, 1.2811328858e-15, 1.72635341403e-15, 2.48907090177e-15, 1.63124537834e-15, 9.25125467464e-16, 1.35051886022e-15, 2.51009764765e-15, 1.46496539925e-15, 2.79165690503e-15, 2.50098399666e-15, 1.95925433436e-15, 3.25474612268e-15, 1.22320896122e-15], "var": [2.98261766147e-05, 2.54258393397e-05, 7.6454025475e-06, 5.50237882635e-06, 1.15518923849e-06, 1.17676719924e-07, 2.24682523253e-07, 1.87713823152e-07, 2.02218643608e-07, 4.16064779074e-07, 2.69334265113e-07, 3.23907499933e-07, 1.54864650881e-07, 5.20772971413e-08, 1.32337758529e-08, 8.32249327232e-08, 6.92636659139e-09, 2.29589502965e-09, 1.69914415871e-09, 7.61655571946e-10, 4.29137780866e-10, 4.94524365902e-10, 4.66461591575e-10, 4.01381566872e-10, 1.08113171193e-10, 8.7312226893e-11, 5.21224383099e-11, 1.08737546745e-10, 5.13017718584e-11, 3.84730788894e-11, 5.69623931357e-11, 9.54684040155e-11, 1.40666256421e-10, 2.0745032081e-10, 1.78982897947e-10, 1.38573472142e-10, 1.26735705264e-10, 1.31977678786e-10, 1.51396534198e-10, 5.86345416664e-11]}, "mfcc": {"mean": [-638.809020996, 123.376464844, 33.4050178528, 30.4779987335, 15.6022205353, 13.4851789474, 7.70038414001, 12.6131315231, 0.344753354788, -0.180828750134, -2.17608642578, -5.69603681564, -4.37908792496], "cov": [[5482.71826172, -891.567565918, 24.5261154175, -439.103393555, -345.133178711, 74.7911148071, 40.5791511536, 62.2989196777, -16.2389411926, -34.7465515137, 119.113479614, -18.0260505676, -117.118103027], [-891.567565918, 1287.84838867, -430.729309082, -0.923508405685, -79.7180480957, -73.1650161743, 98.4677276611, 39.2047996521, 5.61836671829, 20.5214233398, 21.0141143799, 8.68177509308, 17.2546463013], [24.5261154175, -430.729309082, 583.572937012, 42.7184906006, 87.2631607056, 25.3871078491, -76.1545333862, -12.3758306503, -15.0136051178, 9.15698051453, -41.6929893494, 1.96309769154, -10.0032978058], [-439.103393555, -0.923508405685, 42.7184906006, 485.263916016, 195.211685181, -67.6984710693, -108.234039307, -41.8522186279, 44.5401306152, -17.9223518372, -44.6888389587, 25.4824619293, 34.1254310608], [-345.133178711, -79.7180480957, 87.2631607056, 195.211685181, 295.705078125, -27.5113487244, -69.6237564087, -33.1353187561, 20.5906429291, -12.9435710907, -34.1397361755, -17.0195484161, 16.15325737], [74.7911148071, -73.1650161743, 25.3871078491, -67.6984710693, -27.5113487244, 237.244216919, 110.127830505, 5.06981992722, -19.9313697815, 32.3815956116, 22.1279277802, 2.47595667839, -11.4194965363], [40.5791511536, 98.4677276611, -76.1545333862, -108.234039307, -69.6237564087, 110.127830505, 202.521118164, 40.8684082031, -9.72413539886, 8.57241153717, 24.0956268311, 8.31384468079, -11.5597486496], [62.2989196777, 39.2047996521, -12.3758306503, -41.8522186279, -33.1353187561, 5.06981992722, 40.8684082031, 137.440429688, 23.8333683014, -10.4829082489, 9.25526046753, -10.8461046219, -1.54975354671], [-16.2389411926, 5.61836671829, -15.0136051178, 44.5401306152, 20.5906429291, -19.9313697815, -9.72413539886, 23.8333683014, 113.67199707, 29.632818222, -0.618864774704, -4.10736036301, 1.00258278847], [-34.7465515137, 20.5214233398, 9.15698051453, -17.9223518372, -12.9435710907, 32.3815956116, 8.57241153717, -10.4829082489, 29.632818222, 113.854110718, 36.8261985779, 5.66144990921, -6.39173841476], [119.113479614, 21.0141143799, -41.6929893494, -44.6888389587, -34.1397361755, 22.1279277802, 24.0956268311, 9.25526046753, -0.618864774704, 36.8261985779, 113.110908508, 31.8084907532, -7.07433128357], [-18.0260505676, 8.68177509308, 1.96309769154, 25.4824619293, -17.0195484161, 2.47595667839, 8.31384468079, -10.8461046219, -4.10736036301, 5.66144990921, 31.8084907532, 98.4691467285, 27.9154243469], [-117.118103027, 17.2546463013, -10.0032978058, 34.1254310608, 16.15325737, -11.4194965363, -11.5597486496, -1.54975354671, 1.00258278847, -6.39173841476, -7.07433128357, 27.9154243469, 81.2688674927]], "icov": [[0.000251163262874, 0.000217402295675, 9.57728188951e-05, 0.000110076864075, 0.000234408973483, 1.80820770765e-05, 4.6359928092e-05, -4.87878132844e-05, -7.45656652725e-05, 0.000159227914992, -0.000206842945772, 1.56767109729e-05, 0.000233030325035], [0.000217402295675, 0.00131787522696, 0.000848505762406, -9.49561290327e-05, 0.000269765703706, 0.000606263580266, -0.000555413076654, -0.000319229875458, 0.000316898280289, -0.000486455799546, 8.72038726811e-05, -4.21431941504e-05, 0.000104189413833], [9.57728188951e-05, 0.000848505762406, 0.00262355105951, 0.000124412501464, -0.000481657771161, -0.000292560172966, 0.000759332906455, -0.000665989471599, 0.000707953178789, -0.000874416145962, 0.0011283546919, -0.000834238249809, 0.000685764127411], [0.000110076864075, -9.49561290327e-05, 0.000124412501464, 0.0034200923983, -0.00178768800106, -6.50006259093e-05, 0.00114836811554, 0.000316176185152, -0.00112680334132, 0.000451580941444, 0.000772278930526, -0.001526744687, -8.53761521284e-05], [0.000234408973483, 0.000269765703706, -0.000481657771161, -0.00178768800106, 0.00535216135904, -0.000148849649122, 0.000349371141056, 0.000720267824363, -0.000557320076041, 0.000624525011517, -0.000396494753659, 0.00171373214107, -0.00061656330945], [1.80820770765e-05, 0.000606263580266, -0.000292560172966, -6.50006259093e-05, -0.000148849649122, 0.00663749035448, -0.00402760738507, 0.000380271434551, 0.00123948149849, -0.00191471423022, -0.000274835096207, 0.000426913553383, -5.12114602316e-05], [4.6359928092e-05, -0.000555413076654, 0.000759332906455, 0.00114836811554, 0.000349371141056, -0.00402760738507, 0.00883790943772, -0.00187019712757, -0.000175729597686, 0.000691366498359, 0.000183494223165, -0.00141877762508, 0.000941914739087], [-4.87878132844e-05, -0.000319229875458, -0.000665989471599, 0.000316176185152, 0.000720267824363, 0.000380271434551, -0.00187019712757, 0.00901759415865, -0.00281936605461, 0.00216161762364, -0.00146181788296, 0.00170482194517, -0.000909114081878], [-7.45656652725e-05, 0.000316898280289, 0.000707953178789, -0.00112680334132, -0.000557320076041, 0.00123948149849, -0.000175729597686, -0.00281936605461, 0.0113263288513, -0.00428522285074, 0.00112746760715, 0.000118425145047, 0.00017244265473], [0.000159227914992, -0.000486455799546, -0.000874416145962, 0.000451580941444, 0.000624525011517, -0.00191471423022, 0.000691366498359, 0.00216161762364, -0.00428522285074, 0.0122692044824, -0.00419290410355, 0.000726166239474, 0.000185287048225], [-0.000206842945772, 8.72038726811e-05, 0.0011283546919, 0.000772278930526, -0.000396494753659, -0.000274835096207, 0.000183494223165, -0.00146181788296, 0.00112746760715, -0.00419290410355, 0.0126377055421, -0.00485619762912, 0.00196090945974], [1.56767109729e-05, -4.21431941504e-05, -0.000834238249809, -0.001526744687, 0.00171373214107, 0.000426913553383, -0.00141877762508, 0.00170482194517, 0.000118425145047, 0.000726166239474, -0.00485619762912, 0.0141462991014, -0.00510624237359], [0.000233030325035, 0.000104189413833, 0.000685764127411, -8.53761521284e-05, -0.00061656330945, -5.12114602316e-05, 0.000941914739087, -0.000909114081878, 0.00017244265473, 0.000185287048225, 0.00196090945974, -0.00510624237359, 0.0149079011753]]}, "spectral_contrast_coeffs": {"dmean": [0.0496358238161, 0.0481526292861, 0.0448060780764, 0.0339193567634, 0.0247282683849, 0.0199370030314], "dmean2": [0.0801784098148, 0.076179459691, 0.0678858831525, 0.0530837550759, 0.0390456318855, 0.0302458088845], "dvar": [0.00185828702524, 0.00177079637069, 0.00163498008624, 0.000890842813533, 0.000517856795341, 0.000329455389874], "dvar2": [0.00465187756345, 0.00430996669456, 0.00345171871595, 0.00197336659767, 0.00116602797061, 0.000732879387215], "max": [-0.271050691605, -0.396215677261, -0.41297441721, -0.512828350067, -0.58785200119, -0.611483812332], "mean": [-0.631855249405, -0.677071690559, -0.686891794205, -0.751238405704, -0.773195922375, -0.775835692883], "median": [-0.645859956741, -0.680747032166, -0.700983643532, -0.761293292046, -0.778751969337, -0.774072885513], "min": [-0.95311152935, -0.964099287987, -0.947708129883, -0.936040639877, -0.942981958389, -0.924138844013], "var": [0.00782228354365, 0.00629468495026, 0.0114962309599, 0.00480511924252, 0.00250324839726, 0.00120726856403]}, "spectral_contrast_valleys": {"dmean": [0.362124741077, 0.442539691925, 0.413710415363, 0.355479687452, 0.338798165321, 0.390331327915], "dmean2": [0.571735978127, 0.696045160294, 0.643706440926, 0.536991178989, 0.484167456627, 0.500323057175], "dvar": [0.143418937922, 0.194747254252, 0.175673022866, 0.149322584271, 0.16166472435, 0.203622475266], "dvar2": [0.286432027817, 0.440529733896, 0.384152054787, 0.305511623621, 0.318693429232, 0.354410290718], "max": [-4.7586