{"lowlevel": {"average_loudness": 0.386493474245, "barkbands_crest": {"dmean": 1.32514667511, "dmean2": 2.00278663635, "dvar": 2.19887924194, "dvar2": 5.51602268219, "max": 26.0870666504, "mean": 16.4199142456, "median": 16.2375278473, "min": 4.55915927887, "var": 21.3808116913}, "barkbands_flatness_db": {"dmean": 0.0175820551813, "dmean2": 0.0263746753335, "dvar": 0.000591866381001, "dvar2": 0.00123648974113, "max": 0.673481822014, "mean": 0.368200987577, "median": 0.374141454697, "min": 0.0680844113231, "var": 0.0105880731717}, "barkbands_kurtosis": {"dmean": 8.44148635864, "dmean2": 12.1626291275, "dvar": 279.429504395, "dvar2": 644.303344727, "max": 446.365234375, "mean": 33.5400886536, "median": 18.3873443604, "min": -1.92161273956, "var": 1976.82324219}, "barkbands_skewness": {"dmean": 0.510537564754, "dmean2": 0.71029740572, "dvar": 0.512591183186, "dvar2": 1.09761881828, "max": 17.1019859314, "mean": 3.53738617897, "median": 3.15825128555, "min": -8.91736888885, "var": 6.6887216568}, "barkbands_spread": {"dmean": 0.763130962849, "dmean2": 1.0808839798, "dvar": 4.0426325798, "dvar2": 7.41594076157, "max": 116.358306885, "mean": 3.61790919304, "median": 2.09184789658, "min": 0.100914888084, "var": 30.6377239227}, "dissonance": {"dmean": 0.0392460264266, "dmean2": 0.0674089342356, "dvar": 0.00158997636754, "dvar2": 0.00424290960655, "max": 0.499595791101, "mean": 0.351165980101, "median": 0.35672557354, "min": 0.0682056173682, "var": 0.00492168823257}, "dynamic_complexity": 8.29210186005, "erbbands_crest": {"dmean": 1.56029546261, "dmean2": 2.3280749321, "dvar": 3.35715007782, "dvar2": 8.86626434326, "max": 32.3808135986, "mean": 16.4954795837, "median": 16.1064338684, "min": 2.93015623093, "var": 32.9018783569}, "erbbands_flatness_db": {"dmean": 0.0135948769748, "dmean2": 0.0202001426369, "dvar": 0.000408515479648, "dvar2": 0.000843216723297, "max": 0.581423103809, "mean": 0.347186684608, "median": 0.35580098629, "min": 0.0450328364968, "var": 0.00727182254195}, "erbbands_kurtosis": {"dmean": 3.87305498123, "dmean2": 5.90913391113, "dvar": 67.2010879517, "dvar2": 178.220367432, "max": 153.550674438, "mean": 12.4184675217, "median": 6.41090774536, "min": -1.71954333782, "var": 278.519989014}, "erbbands_skewness": {"dmean": 0.389305204153, "dmean2": 0.555361688137, "dvar": 0.282572805882, "dvar2": 0.673457503319, "max": 10.2474985123, "mean": 2.32765340805, "median": 1.99213981628, "min": -0.875749766827, "var": 2.78950810432}, "erbbands_spread": {"dmean": 2.10193371773, "dmean2": 3.04653930664, "dvar": 18.1360816956, "dvar2": 38.051399231, "max": 141.779937744, "mean": 11.5975942612, "median": 8.33939743042, "min": 0.569862961769, "var": 128.929794312}, "hfc": {"dmean": 1.19394409657, "dmean2": 1.54545497894, "dvar": 11.0257396698, "dvar2": 18.5763511658, "max": 90.6841812134, "mean": 5.91541671753, "median": 2.15168333054, "min": 1.20606983187e-16, "var": 87.5131530762}, "melbands_crest": {"dmean": 1.41006267071, "dmean2": 2.08371520042, "dvar": 2.51582336426, "dvar2": 6.29097318649, "max": 33.6670913696, "mean": 19.1450138092, "median": 19.3191719055, "min": 1.78112077713, "var": 24.8566589355}, "melbands_flatness_db": {"dmean": 0.0181586444378, "dmean2": 0.0263734534383, "dvar": 0.000720928539522, "dvar2": 0.00146887206938, "max": 0.795014560223, "mean": 0.432751446962, "median": 0.435513466597, "min": 0.011120736599, "var": 0.014299816452}, "melbands_kurtosis": {"dmean": 8.8622674942, "dmean2": 12.8049583435, "dvar": 286.246398926, "dvar2": 647.729675293, "max": 680.605285645, "mean": 37.9598503113, "median": 20.3995628357, "min": -1.39061963558, "var": 4279.07177734}, "melbands_skewness": {"dmean": 0.480052381754, "dmean2": 0.656481325626, "dvar": 0.468376666307, "dvar2": 0.933059811592, "max": 20.5643692017, "mean": 3.55775547028, "median": 3.20762944221, "min": -0.638766467571, "var": 6.9355711937}, "melbands_spread": {"dmean": 0.9276881814, "dmean2": 1.3294737339, "dvar": 6.26987504959, "dvar2": 12.603395462, "max": 163.074020386, "mean": 5.09351921082, "median": 2.5974316597, "min": 0.308792591095, "var": 123.132926941}, "pitch_salience": {"dmean": 0.0386941209435, "dmean2": 0.0598240830004, "dvar": 0.00238104350865, "dvar2": 0.00637852260843, "max": 0.9552526474, "mean": 0.409403324127, "median": 0.42022383213, "min": 0.0391837656498, "var": 0.0193674173206}, "silence_rate_20dB": {"dmean": 0, "dmean2": 0, "dvar": 0, "dvar2": 0, "max": 1, "mean": 1, "median": 1, "min": 1, "var": 0}, "silence_rate_30dB": {"dmean": 0.00463893590495, "dmean2": 0.00927930697799, "dvar": 0.00461706658825, "dvar2": 0.011667875573, "max": 1, "mean": 0.995825588703, "median": 1, "min": 0, "var": 0.00415675248951}, "silence_rate_60dB": {"dmean": 0.0346373915672, "dmean2": 0.0692854970694, "dvar": 0.033439990133, "dvar2": 0.0725241154432, "max": 1, "mean": 0.381416201591, "median": 0, "min": 0, "var": 0.235956311226}, "spectral_centroid": {"dmean": 38.6202278137, "dmean2": 55.2066230774, "dvar": 17021.9257812, "dvar2": 25412.6074219, "max": 11407.1748047, "mean": 494.300079346, "median": 420.490234375, "min": 201.982620239, "var": 166585.5625}, "spectral_complexity": {"dmean": 0.621926724911, "dmean2": 1.04392206669, "dvar": 0.978267431259, "dvar2": 1.94643628597, "max": 20, "mean": 4.68320941925, "median": 4, "min": 0, "var": 10.880065918}, "spectral_decrease": {"dmean": 7.11730396841e-10, "dmean2": 9.56855594758e-10, "dvar": 3.06581652064e-18, "dvar2": 6.04629819415e-18, "max": 2.35201911802e-16, "mean": -3.62390251141e-09, "median": -1.3476066929e-09, "min": -3.43670087943e-08, "var": 2.57707358835e-17}, "spectral_energy": {"dmean": 0.00279001356103, "dmean2": 0.00374629115686, "dvar": 4.74537628179e-05, "dvar2": 9.29900561459e-05, "max": 0.133099541068, "mean": 0.0142139745876, "median": 0.00528965611011, "min": 1.13069983649e-20, "var": 0.000397910247557}, "spectral_energyband_high": {"dmean": 9.77009585768e-06, "dmean2": 1.40708880281e-05, "dvar": 2.60277754904e-09, "dvar2": 5.59837021186e-09, "max": 0.00107250886504, "mean": 1.5962847101e-05, "median": 2.3613670237e-06, "min": 8.00222844858e-21, "var": 4.38013447734e-09}, "spectral_energyband_low": {"dmean": 2.97620845231e-05, "dmean2": 3.84999329981e-05, "dvar": 1.18283223216e-08, "dvar2": 2.50845229033e-08, "max": 0.00616875756532, "mean": 0.000160472394782, "median": 3.89593708405e-07, "min": 2.46098778278e-22, "var": 3.6176166418e-07}, "spectral_energyband_middle_high": {"dmean": 0.000226090152864, "dmean2": 0.000271163735306, "dvar": 8.25333188459e-07, "dvar2": 1.32350317017e-06, "max": 0.0313945487142, "mean": 0.000802310823929, "median": 0.000139489624416, "min": 1.88046102891e-21, "var": 4.87438182972e-06}, "spectral_energyband_middle_low": {"dmean": 0.00269805896096, "dmean2": 0.00366715481505, "dvar": 4.2743220547e-05, "dvar2": 8.81266678334e-05, "max": 0.132680878043, "mean": 0.0133174117655, "median": 0.00482535175979, "min": 3.15198071084e-22, "var": 0.000347570137819}, "spectral_entropy": {"dmean": 0.149818778038, "dmean2": 0.231190338731, "dvar": 0.0568209923804, "dvar2": 0.134453341365, "max": 9.80272674561, "mean": 5.38406085968, "median": 5.28829526901, "min": 3.53572630882, "var": 0.6789509058}, "spectral_flux": {"dmean": 0.00811538752168, "dmean2": 0.0133730107918, "dvar": 0.000330193055561, "dvar2": 0.000787233002484, "max": 0.286914199591, "mean": 0.0200827643275, "median": 0.0120625058189, "min": 1.06334371863e-10, "var": 0.000797167420387}, "spectral_kurtosis": {"dmean": 13.5746097565, "dmean2": 23.7672176361, "dvar": 546.233276367, "dvar2": 1701.76635742, "max": 454.523620605, "mean": 48.412563324, "median": 23.0813026428, "min": -1.15442168713, "var": 3571.82861328}, "spectral_rms": {"dmean": 0.000296279788017, "dmean2": 0.000400109856855, "dvar": 3.49969411673e-07, "dvar2": 6.61086801301e-07, "max": 0.0113953156397, "mean": 0.00291394768283, "median": 0.00227170437574, "min": 3.3213278048e-12, "var": 5.3761991694e-06}, "spectral_rolloff": {"dmean": 55.9518852234, "dmean2": 98.0448760986, "dvar": 117392.367188, "dvar2": 232336.75, "max": 19832.0800781, "mean": 704.225341797, "median": 409.130859375, "min": 215.33203125, "var": 3607237}, "spectral_skewness": {"dmean": 0.745456755161, "dmean2": 1.27733743191, "dvar": 0.791398823261, "dvar2": 2.04900836945, "max": 18.0697994232, "mean": 4.86763763428, "median": 3.75883769989, "min": -0.024415647611, "var": 9.15783786774}, "spectral_spread": {"dmean": 377787.6875, "dmean2": 639990.0625, "dvar": 271931015168, "dvar2": 546277457920, "max": 39178172, "mean": 2462287, "median": 2267830, "min": 226186.203125, "var": 2982196805630.0}, "spectral_strongpeak": {"dmean": 0.179966300726, "dmean2": 0.280452221632, "dvar": 0.11200965941, "dvar2": 0.25269651413, "max": 4.79944324493, "mean": 0.937641143799, "median": 0.676631033421, "min": 0, "var": 0.76269197464}, "zerocrossingrate": {"dmean": 0.0024871614296, "dmean2": 0.0030036168173, "dvar": 5.36309089512e-05, "dvar2": 4.61230483779e-05, "max": 0.779296875, "mean": 0.0289530102164, "median": 0.01904296875, "min": 0.00830078125, "var": 0.00433655502275}, "barkbands": {"dmean": [4.77230912566e-08, 7.39068718758e-06, 1.51028825712e-05, 4.2308398406e-05, 0.000603748485446, 0.00150123378262, 0.000891468022019, 0.000185949538718, 8.49586867844e-05, 5.63893336221e-05, 4.34369321738e-05, 8.69366776897e-05, 4.04175152653e-05, 4.79842383356e-05, 1.05885837911e-05, 2.38622851612e-05, 1.02302965388e-05, 2.9196360174e-06, 5.42143743587e-06, 3.50435493601e-06, 2.2081633233e-06, 3.57277895091e-06, 2.47174057222e-06, 7.96911933776e-07, 2.96862197047e-07, 1.83390781672e-07, 9.58630010928e-08], "dmean2": [8.37280325072e-08, 9.04316038941e-06, 2.07167504414e-05, 4.77223256894e-05, 0.000746544450521, 0.00220182235353, 0.00131209485698, 0.000226571850362, 0.000110490407678, 6.49565045023e-05, 5.86227251915e-05, 0.000109677726869, 5.40318069397e-05, 6.32132068858e-05, 1.24051312014e-05, 3.36952689395e-05, 1.61492316693e-05, 4.4959265324e-06, 7.84779513197e-06, 5.52919618713e-06, 3.38500558428e-06, 5.3990743254e-06, 3.92606261812e-06, 1.29566490159e-06, 4.73489194519e-07, 2.89362816375e-07, 1.49784170844e-07], "dvar": [2.96401832657e-14, 3.09838332768e-09, 3.10617909172e-09, 2.87192403192e-08, 4.02187242798e-06, 2.32539641729e-05, 8.27439725981e-06, 9.44913665535e-07, 4.46475183935e-07, 2.22265921224e-08, 1.17348768924e-07, 3.6052048813e-07, 7.62764571505e-08, 7.19259531934e-08, 1.39481726169e-09, 4.53243593768e-08, 1.82039205932e-09, 1.45525799744e-10, 6.85946688339e-10, 1.89913126891e-10, 2.05417030608e-10, 4.52798298856e-10, 3.58911123044e-10, 3.47879156037e-11, 4.55008773714e-12, 9.71547061551e-13, 2.89356077076e-13], "dvar2": [8.70740247483e-14, 5.26448973304e-09, 7.31174099045e-09, 4.34690186069e-08, 8.63526838657e-06, 5.08190496475e-05, 1.82508028956e-05, 1.84776808965e-06, 9.92338982542e-07, 3.664874626e-08, 2.51710787325e-07, 6.50014669645e-07, 1.4666066761e-07, 1.32401027031e-07, 1.84319526308e-09, 9.33501951295e-08, 4.79784878493e-09, 3.19779591695e-10, 1.45998302337e-09, 4.55750104322e-10, 4.94938312556e-10, 1.00438868333e-09, 8.9504187395e-10, 9.23380191753e-11, 1.15073107293e-11, 2.6278228725e-12, 6.84658113623e-13], "max": [4.04392221753e-06, 0.00473782699555, 0.00184010912199, 0.00727447262034, 0.0873193591833, 0.100567705929, 0.0814808309078, 0.0310490839183, 0.0251729972661, 0.00290831807069, 0.0130672808737, 0.0189342591912, 0.0117176836357, 0.0081601748243, 0.00112391624134, 0.00839378032833, 0.000933979928959, 0.00036106078187, 0.000763616757467, 0.00032686648774, 0.000536589883268, 0.000456259323983, 0.00044029194396, 0.000140794450999, 6.63227401674e-05, 2.22967992158e-05, 1.43633660628e-05], "mean": [5.38978959241e-08, 6.49216817692e-05, 6.37190023554e-05, 0.000207000441151, 0.00323989265598, 0.00581018300727, 0.00290182977915, 0.000691148277838, 0.000362820661394, 0.000177824767889, 9.54663555603e-05, 0.000208133686101, 0.000167209582287, 0.000108327330963, 2.86211343337e-05, 3.82266771339e-05, 1.64104421856e-05, 5.45801503904e-06, 8.88426438905e-06, 5.02425791638e-06, 3.35539129992e-06, 5.13120085088e-06, 2.6109778446e-06, 8.74548959473e-07, 4.26987924129e-07, 3.2046762044e-07, 1.26524867028e-07], "median": [6.91283386089e-09, 6.69809523401e-08, 6.78377034546e-08, 7.77252580519e-07, 0.000233387574553, 0.00135552871507, 0.000236142426729, 3.927173384e-05, 9.81279299594e-06, 2.15672298509e-05, 3.14237922794e-06, 1.27365965454e-05, 3.37952201335e-06, 3.36770472131e-06, 1.26332520267e-06, 9.27184601096e-07, 1.55380337219e-06, 8.56632482282e-07, 8.0346114828e-07, 8.78316654962e-07, 5.40750534128e-07, 4.82316124817e-07, 1.92740259308e-07, 1.0002638362e-07, 6.41610853336e-08, 1.72783369834e-08, 2.1939905448e-09], "min": [1.02244127819e-23, 1.30039870584e-22, 1.0077092219e-22, 1.20595351726e-23, 3.74171210833e-23, 3.23973183089e-23, 6.54907022369e-23, 9.56267476055e-23, 5.8581467154e-23, 2.78810265176e-23, 6.65478894459e-23, 8.04111542894e-23, 1.80459770191e-22, 5.6602820988e-23, 8.34522383226e-23, 2.20830238198e-22, 2.28938264178e-22, 3.11494287092e-22, 4.47854435519e-22, 2.92036206139e-22, 4.05380700256e-22, 4.30362019236e-22, 6.74616932967e-22, 1.15396451336e-21, 1.25277503416e-21, 1.54409508081e-21, 2.70891856114e-21], "var": [3.0451894939e-14, 1.7609491465e-07, 4.10324716427e-08, 3.39810014793e-07, 6.57707059872e-05, 0.000102264915768, 4.90906022605e-05, 4.97575865666e-06, 3.01862201013e-06, 1.38338933198e-07, 2.67308081447e-07, 8.83107986738e-07, 6.67682570565e-07, 1.82220716738e-07, 9.96869342629e-09, 9.11267505899e-08, 2.73369660242e-09, 2.99257951752e-10, 1.23404764185e-09, 2.3719815001e-10, 2.70754252352e-10, 6.95015656138e-10, 3.42610217974e-10, 2.74635453268e-11, 4.1939177825e-12, 1.09829723441e-12, 4.33509971627e-13]}, "erbbands": {"dmean": [5.27638439962e-05, 0.0022975509055, 0.0149793531746, 0.0737078785896, 0.689283907413, 2.20523333549, 7.23322057724, 13.0349111557, 15.4737558365, 7.58254528046, 2.0839548111, 2.42028355598, 2.0986392498, 0.863572001457, 2.23385643959, 4.4230837822, 1.9108864069, 2.56471323967, 1.11596846581, 0.850275635719, 1.00072753429, 0.326677560806, 0.14297875762, 0.317832142115, 0.172552362084, 0.17807880044, 0.0997939407825, 0.103379592299, 0.126604765654, 0.116358540952, 0.0603028461337, 0.0262267831713, 0.00819572154433, 0.00395120214671, 0.00116398127284, 0.000638686993625, 0.000371003785403, 9.40522222663e-05, 1.96475994017e-05, 3.87373756894e-06], "dmean2": [6.98728763382e-05, 0.00280785397626, 0.0196335371584, 0.0871926695108, 0.846505343914, 2.80341649055, 9.43968582153, 19.2966384888, 23.6010818481, 9.62308216095, 2.3315179348, 3.14144802094, 2.41758728027, 1.09936058521, 3.00591921806, 5.55923128128, 2.41649365425, 3.2327671051, 1.40213024616, 1.17580485344, 1.4654456377, 0.501095473766, 0.214240401983, 0.487422198057, 0.248143479228, 0.280500143766, 0.153544351459, 0.155355587602, 0.195007190108, 0.181278705597, 0.0953272730112, 0.0421295203269, 0.0131582440808, 0.00635539833456, 0.00176214810926, 0.0010026054224, 0.000596822123043, 0.000145214129589, 3.13225791615e-05, 5.33921775059e-06], "dvar": [1.22518855505e-07, 0.000264767790213, 0.00390796316788, 0.0733258798718, 15.1169614792, 66.4843521118, 558.213928223, 2448.97290039, 2006.45141602, 1298.44812012, 52.5668640137, 379.39541626, 38.0061187744, 8.75621700287, 282.238250732, 941.072998047, 133.285232544, 178.481170654, 25.5397281647, 34.0589370728, 41.1076316833, 1.2320959568, 0.40213522315, 3.73329567909, 0.875600874424, 0.527784824371, 0.167564168572, 0.557989358902, 0.650418877602, 0.749018669128, 0.191540062428, 0.0366544835269, 0.00284391874447, 0.000683829479385, 3.82300568162e-05, 9.53204016696e-06, 3.96552923121e-06, 2.30050758887e-07, 1.15364846565e-08, 1.11045797557e-10], "dvar2": [1.9929542816e-07, 0.00046013420797, 0.00852309726179, 0.123376764357, 24.3622074127, 141.760986328, 1246.47705078, 5019.79003906, 4960.48632812, 2564.58251953, 85.7624206543, 847.345275879, 69.6809539795, 18.9285354614, 602.397827148, 1705.66516113, 243.437454224, 307.944061279, 51.2044334412, 70.5967636108, 84.8352355957, 3.06243133545, 0.82001554966, 9.26323604584, 1.65862190723, 1.25244545937, 0.373846888542, 1.35311841965, 1.60511565208, 1.73536479473, 0.477468878031, 0.0952832326293, 0.00730436295271, 0.00170966843143, 8.94488330232e-05, 2.49807453656e-05, 1.08303165689e-05, 5.82242478231e-07, 2.74657985244e-08, 2.27960497701e-10], "max": [0.0331054441631, 1.3383500576, 2.67473268509, 11.591750145, 201.347305298, 352.47164917, 646.523925781, 1252.42297363, 916.481628418, 926.352783203, 203.03352356, 747.15447998, 138.748794556, 103.694610596, 635.353088379, 969.344543457, 482.239349365, 434.836212158, 156.925064087, 225.617004395, 249.785629272, 24.4774131775, 22.4481487274, 65.3679580688, 31.1102142334, 14.5981521606, 9.73598194122, 27.7688217163, 19.3643054962, 20.266166687, 9.89985942841, 3.69567036629, 1.46492052078, 0.759931325912, 0.226932689548, 0.0726925134659, 0.0458599291742, 0.0116188013926, 0.0028536063619, 0.000237123313127], "mean": [0.000433095527114, 0.0194300040603, 0.080032594502, 0.379047006369, 4.14645338058, 11.2044754028, 37.1735610962, 42.6950531006, 51.6010513306, 26.8647613525, 7.52394485474, 10.4859113693, 7.69504928589, 2.52588438988, 4.99244832993, 10.7796049118, 7.945125103, 6.79872894287, 3.14258646965, 1.62708377838, 1.64432346821, 0.618963241577, 0.307451456785, 0.510407269001, 0.311816543341, 0.251884818077, 0.160764276981, 0.154100716114, 0.180497929454, 0.138454571366, 0.0668920725584, 0.0274595338851, 0.0102563938126, 0.00552045414224, 0.00211388524622, 0.001149272779, 0.000625438580755, 0.000157469883561, 3.09830429615e-05, 1.70355251612e-05], "median": [8.21132471174e-06, 5.19180575793e-05, 0.000314721371979, 0.00372511101887, 0.0819533020258, 0.892464399338, 3.71314001083, 9.20151233673, 5.8330821991, 1.89958882332, 0.835678815842, 0.518093466759, 0.840310811996, 0.458801776171, 0.304051578045, 0.735817551613, 0.394876182079, 0.365485846996, 0.198977202177, 0.0955881327391, 0.0900925993919, 0.0755225792527, 0.0532323867083, 0.0540474802256, 0.0353201404214, 0.0433511435986, 0.0303841121495, 0.020071035251, 0.0157658085227, 0.011104571633, 0.00553794391453, 0.00276501523331, 0.00127987668384, 0.000797979708295, 0.000319002952892, 0.000116236573376, 2.82383534795e-05, 4.10900611314e-06, 4.06819845011e-06, 6.50802530799e-06], "min": [4.21969670115e-21, 2.8025596474e-20, 1.08057841054e-19, 7.3898286748e-20, 9.53608319092e-20, 1.19743583127e-19, 1.31811269384e-19, 3.40998926122e-19, 5.86977805823e-19, 2.06193027691e-18, 1.58643894347e-18, 1.52167556119e-18, 1.05547263885e-18, 1.30031510163e-18, 3.97054138651e-18, 3.93909404757e-18, 6.4769561316e-18, 3.10303654628e-18, 3.85174915156e-18, 8.49277832719e-18, 1.03657377456e-17, 1.49388454668e-17, 1.68499834063e-17, 3.09795186705e-17, 1.30596060931e-17, 1.53497805233e-17, 1.08058879942e-17, 1.96098549765e-17, 1.69346916641e-17, 1.57003181602e-17, 1.8945314616e-17, 2.32637847118e-17, 1.93867875264e-17, 1.42495343556e-17, 8.85541761645e-18, 5.96581352055e-18, 2.63149065756e-18, 1.25419213106e-18, 3.82234680989e-19, 3.92077664989e-20], "var": [8.30499266158e-06, 0.0142669454217, 0.0913135483861, 0.926076829433, 199.306350708, 784.202087402, 5901.58642578, 9089.34570312, 12488.2080078, 5215.54248047, 322.286590576, 2485.62548828, 292.235168457, 30.5920524597, 650.258789062, 2286.40576172, 1239.94067383, 597.814147949, 97.1093826294, 71.6691131592, 83.1057815552, 2.45944809914, 0.955716133118, 4.98852968216, 1.81034255028, 0.644447982311, 0.260466128588, 0.738790214062, 0.965838074684, 0.83883613348, 0.186745211482, 0.0303941015154, 0.00257193762809, 0.000651912007015, 5.97835605731e-05, 1.13779715321e-05, 4.20548030888e-06, 3.97502191163e-07, 1.76286167886e-08, 6.02289218499e-10]}, "gfcc": {"mean": [-254.564376831, 129.911560059, -115.669471741, -29.3360080719, -89.0348129272, -38.8246841431, -55.1565055847, -30.6897182465, -24.1255645752, -3.55238461494, -3.63170194626, -0.721463620663, -1.23943316936], "cov": [[25142.921875, 321.154541016, -4921.60058594, -296.47946167, -401.319671631, 362.146392822, -183.867706299, 190.090377808, 161.796798706, 1042.84228516, 431.839569092, 747.565002441, -140.430023193], [321.154541016, 2543.93603516, 645.202392578, -225.693984985, 369.145019531, -92.2877807617, -141.070343018, -472.734039307, -235.654785156, -454.584777832, -140.453063965, -376.929382324, 76.4650726318], [-4921.60058594, 645.202392578, 2745.11523438, 708.778503418, 166.792617798, -53.2070350647, 42.4948310852, -225.574478149, -402.980285645, -613.327758789, -322.953186035, -312.042755127, 72.2803573608], [-296.47946167, -225.693984985, 708.778503418, 1057.81872559, 167.778060913, -23.2547111511, 58.2190704346, 51.257194519, -163.946807861, -327.378417969, -234.790740967, -85.170173645, 11.2877569199], [-401.319671631, 369.145019531, 166.792617798, 167.778060913, 664.16003418, 186.876861572, 22.6162014008, 11.8318977356, -44.704662323, -163.334640503, -146.010025024, -133.833007812, -101.81124115], [362.146392822, -92.2877807617, -53.2070350647, -23.2547111511, 186.876861572, 319.048522949, 73.8017044067, 103.0779953, 18.5499973297, 37.3067512512, -51.4534111023, -21.6171894073, -105.338104248], [-183.867706299, -141.070343018, 42.4948310852, 58.2190704346, 22.6162014008, 73.8017044067, 161.441314697, 90.1847686768, 24.4244308472, 15.3438167572, 3.20119667053, 4.29014396667, -22.3030433655], [190.090377808, -472.734039307, -225.574478149, 51.257194519, 11.8318977356, 103.0779953, 90.1847686768, 373.321411133, 92.7463378906, 87.8886489868, -24.0781860352, 73.3584442139, -84.8974761963], [161.796798706, -235.654785156, -402.980285645, -163.946807861, -44.704662323, 18.5499973297, 24.4244308472, 92.7463378906, 227.352752686, 184.557037354, 86.2691802979, 57.7735748291, -28.6878795624], [1042.84228516, -454.584777832, -613.327758789, -327.378417969, -163.334640503, 37.3067512512, 15.3438167572, 87.8886489868, 184.557037354, 411.132507324, 216.744293213, 167.068634033, -49.1785011292], [431.839569092, -140.453063965, -322.953186035, -234.790740967, -146.010025024, -51.4534111023, 3.20119667053, -24.0781860352, 86.2691802979, 216.744293213, 273.480255127, 137.867630005, 5.38463306427], [747.565002441, -376.929382324, -312.042755127, -85.170173645, -133.833007812, -21.6171894073, 4.29014396667, 73.3584442139, 57.7735748291, 167.068634033, 137.867630005, 218.671157837, 30.27825737], [-140.430023193, 76.4650726318, 72.2803573608, 11.2877569199, -101.81124115, -105.338104248, -22.3030433655, -84.8974761963, -28.6878795624, -49.1785011292, 5.38463306427, 30.27825737, 170.102020264]], "icov": [[0.000120293829241, -0.000220243688091, 0.000268814939773, -0.000281280954368, 0.000172744781594, -0.000232823382248, 4.72169485874e-05, 2.45419414568e-05, 0.000339826394338, -0.000388583954191, 0.00021567211661, -0.000384207349271, 8.69381838129e-05], [-0.000220243688091, 0.00129019725136, -0.000484526070068, 0.000998069881462, -0.000706189777702, 0.000566286907997, 8.12019934529e-05, 0.000432102184277, -0.000415564427385, 0.00155481882393, -0.000877433980349, 0.00167622778099, -0.000358994788257], [0.000268814939773, -0.000484526070068, 0.00125021580607, -0.000825953960884, 0.000501206377521, -0.000545878661796, -0.000228359203902, 0.00022748860647, 0.00131106108893, -0.000410123786423, 0.000402069737902, -0.000421464705141, 0.000173668478965], [-0.000281280954368, 0.000998069881462, -0.000825953960884, 0.0024603093043, -0.000811537960544, 0.00113068975043, -0.000639967096504, -2.71888311545e-05, -0.000508940196596, 0.00211140885949, 8.09440971352e-05, 0.000562349450774, 4.57569221908e-05], [0.000172744781594, -0.000706189777702, 0.000501206377521, -0.000811537960544, 0.00277167791501, -0.0016766001936, 0.000192967519979, 0.000130387881654, -1.33074963742e-05, 0.000181192473974, 0.000559722247999, -0.000572155870032, 0.00114625878632], [-0.000232823382248, 0.000566286907997, -0.000545878661796, 0.00113068975043, -0.0016766001936, 0.00599393807352, -0.00218066014349, -0.000208832410863, 0.000105562925455, -0.00046025737538, 0.00135210133158, 0.000333282077918, 0.00181095581502], [4.72169485874e-05, 8.12019934529e-05, -0.000228359203902, -0.000639967096504, 0.000192967519979, -0.00218066014349, 0.00860630068928, -0.00199559913017, -0.000533620652277, 0.000133585563162, -0.00198500603437, 0.00125945149921, -0.00117322616279], [2.45419414568e-05, 0.000432102184277, 0.00022748860647, -2.71888311545e-05, 0.000130387881654, -0.000208832410863, -0.00199559913017, 0.00524226156995, -0.00138251972385, 0.000480849615997, 0.00214046682231, -0.00235433666967, 0.00229179463349], [0.000339826394338, -0.000415564427385, 0.00131106108893, -0.000508940196596, -1.33074963742e-05, 0.000105562925455, -0.000533620652277, -0.00138251972385, 0.00933063775301, -0.00423107109964, 0.000168820013641, 0.00101438874844, -0.000594081822783], [-0.000388583954191, 0.00155481882393, -0.000410123786423, 0.00211140885949, 0.000181192473974, -0.00046025737538, 0.000133585563162, 0.000480849615997, -0.00423107109964, 0.0107151884586, -0.00411567697302, -0.000563582638279, 0.00171027879696], [0.00021567211661, -0.000877433980349, 0.000402069737902, 8.09440971352e-05, 0.000559722247999, 0.00135210133158, -0.00198500603437, 0.00214046682231, 0.000168820013641, -0.00411567697302, 0.0100332684815, -0.00532893184572, 0.00184614141472], [-0.000384207349271, 0.00167622778099, -0.000421464705141, 0.000562349450774, -0.000572155870032, 0.000333282077918, 0.00125945149921, -0.00235433666967, 0.00101438874844, -0.000563582638279, -0.00532893184572, 0.0129456436262, -0.00420239614323], [8.69381838129e-05, -0.000358994788257, 0.000173668478965, 4.57569221908e-05, 0.00114625878632, 0.00181095581502, -0.00117322616279, 0.00229179463349, -0.000594081822783, 0.00171027879696, 0.00184614141472, -0.00420239614323, 0.00991653185338]]}, "melbands": {"dmean": [1.19669618925e-06, 6.21592835159e-06, 2.73895238934e-05, 9.99205585686e-05, 0.000218426604988, 0.00030463055009, 0.000216241227463, 7.3764444096e-05, 1.28257606775e-05, 1.59423343575e-05, 1.02322219391e-05, 3.52116694557e-06, 5.70890688323e-06, 1.1057573829e-05, 5.50377353647e-06, 5.36178049515e-06, 5.18050273968e-06, 2.04195725928e-06, 7.19876823041e-07, 2.20806123252e-06, 9.8972145679e-07, 4.80146070458e-07, 1.20103621271e-07, 1.49569913788e-07, 2.88216313038e-07, 1.56832584253e-07, 8.14873786226e-08, 1.40353137112e-07, 6.43525766009e-08, 7.59065130751e-08, 6.44152891027e-08, 8.76844978848e-08, 4.70876138081e-08, 7.00870330661e-08, 3.62548391308e-08, 2.02471941435e-08, 1.60392374937e-08, 6.14824591239e-09, 5.46815970282e-09, 2.76349831907e-09], "dmean2": [1.49046957176e-06, 8.02974591352e-06, 3.10024915962e-05, 0.000129223713884, 0.000276949023828, 0.000454882945633, 0.000323041458614, 9.18167352211e-05, 1.42584094647e-05, 2.07529428735e-05, 1.16995925055e-05, 4.41762176706e-06, 7.82200277172e-06, 1.38668610816e-05, 7.11445409252e-06, 7.08616653355e-06, 6.6925754254e-06, 2.66274946625e-06, 9.10412381927e-07, 3.10396217174e-06, 1.49913728364e-06, 7.50501044422e-07, 1.85229183103e-07, 2.29701214494e-07, 4.47968773187e-07, 2.30031929505e-07, 1.22480471987e-07, 2.24400267257e-07, 1.02190384155e-07, 1.16101219305e-07, 1.01928080198e-07, 1.3783618158e-07, 6.84981387167e-08, 1.1256602761e-07, 5.95763616218e-08, 3.28316325238e-08, 2.6785285101e-08, 9.8471728549e-09, 9.25914633854e-09, 4.35045333091e-09], "dvar": [7.9934094066e-11, 8.46670789034e-10, 2.03878993688e-08, 1.41561727673e-07, 4.73471175155e-07, 1.07916150682e-06, 4.0636518861e-07, 1.28262726662e-07, 1.75628167565e-09, 1.70852914039e-08, 8.23432766417e-10, 1.46550077629e-10, 2.30988317362e-09, 4.77235717611e-09, 1.17842602343e-09, 1.43160616695e-09, 8.86070328221e-10, 1.21185367297e-10, 7.88993523293e-12, 4.14521500458e-10, 1.98605541735e-11, 3.214687197e-12, 1.98448801337e-13, 3.84346553065e-13, 3.33160690875e-12, 7.9887160255e-13, 9.4902899558e-14, 3.7758424859e-13, 6.45427721685e-14, 2.4936820729e-13, 1.66811510893e-13, 3.25233790637e-13, 9.82099804584e-14, 3.16620048322e-13, 7.66257581475e-14, 2.48595902978e-14, 1.77965298341e-14, 2.11261430814e-15, 2.67875376591e-15, 2.40279159637e-16], "dvar2": [1.3127679499e-10, 1.72865266546e-09, 2.92899642318e-08, 3.07207727701e-07, 1.00598447261e-06, 2.27519694818e-06, 9.38485300139e-07, 2.53147192097e-07, 2.57512433599e-09, 3.80522529042e-08, 1.450064957e-09, 2.98619129424e-10, 5.09813569138e-09, 8.67075922173e-09, 2.1519177551e-09, 2.7035480521e-09, 1.53844992301e-09, 2.57151161476e-10, 1.45370573218e-11, 8.58841553431e-10, 4.41435915599e-11, 8.21813190416e-12, 4.16789161777e-13, 8.64877830811e-13, 8.37257780467e-12, 1.54849809191e-12, 1.99199042135e-13, 9.28965021227e-13, 1.58464441655e-13, 6.05718654487e-13, 4.09146512243e-13, 8.32047430087e-13, 2.116104194e-13, 7.85459804836e-13, 1.98395553458e-13, 6.248240857e-14, 4.82562564398e-14, 5.52755828983e-15, 7.13062065855e-15, 5.67292587248e-16], "max": [0.000803212285973, 0.00168892089278, 0.00726326275617, 0.0156300775707, 0.0205023735762, 0.0242985226214, 0.0164399668574, 0.0091909347102, 0.00100601126906, 0.00496881315485, 0.000578831415623, 0.000438639166532, 0.00184664677363, 0.00208667595871, 0.00109085161239, 0.00161437981296, 0.000998807488941, 0.000370709050912, 8.44551104819e-05, 0.000796891807113, 0.000143763158121, 4.01052529924e-05, 1.56299684022e-05, 1.99310943572e-05, 6.04184388067e-05, 2.88757892122e-05, 6.2529452407e-06, 1.393322691e-05, 6.45818317935e-06, 1.73824628291e-05, 1.29018990265e-05, 1.29253621708e-05, 9.78365915216e-06, 1.38252171382e-05, 6.84665928929e-06, 4.44578790848e-06, 2.99195244224e-06, 1.61807054155e-06, 1.75227921773e-06, 3.79444031751e-07], "mean": [1.05375593193e-05, 3.68465989595e-05, 0.000170718703885, 0.000474811065942, 0.00114406470675, 0.00104521051981, 0.000732225307729, 0.000260422064457, 4.27988888987e-05, 6.95391499903e-05, 3.65256564692e-05, 9.79927972367e-06, 1.22140672829e-05, 2.6531448384e-05, 1.35365517053e-05, 2.25669846259e-05, 1.16614910439e-05, 5.55049382456e-06, 1.69324982835e-06, 3.59206865141e-06, 1.55380166689e-06, 8.21319531497e-07, 2.41087064978e-07, 2.82209271063e-07, 4.32509494885e-07, 2.67428788447e-07, 1.30546155219e-07, 1.8575070726e-07, 9.70809637124e-08, 1.03684492103e-07, 8.79012347355e-08, 1.15203064865e-07, 7.09151279921e-08, 7.49068007622e-08, 3.91505921016e-08, 2.20041354027e-08, 1.51855292785e-08, 7.34632399357e-09, 6.18230444616e-09, 4.16086942678e-09], "median": [1.90936511046e-08, 3.45044099959e-08, 6.95832568454e-07, 2.5636762075e-05, 0.000110311644676, 0.000239735469222, 7.14276538929e-05, 1.21159973787e-05, 3.98377414967e-06, 1.99579767468e-06, 3.87241470889e-06, 1.22572998862e-06, 3.94994231101e-07, 1.51932727022e-06, 1.29563704832e-06, 2.63410527168e-07, 4.92815047437e-07, 2.72834853376e-07, 7.49871986727e-08, 8.23825843099e-08, 9.22539555859e-08, 8.34265279082e-08, 2.28628191934e-08, 4.62202507379e-08, 3.58982106263e-08, 2.13763318158e-08, 1.77706098725e-08, 2.62480082114e-08, 1.84031243577e-08, 1.31405357706e-08, 8.16742318221e-09, 8.06625521932e-09, 7.27187376981e-09, 4.58048310392e-09, 2.73038036624e-09, 1.89055127109e-09, 1.3564247503e-09, 8.09175948469e-10, 6.53906928605e-10, 5.72783709352e-10], "min": [3.630997058e-23, 5.04797520614e-23, 1.38147861854e-23, 9.16221709508e-24, 4.63577108625e-24, 6.92784194511e-24, 1.01867170636e-23, 2.33062990659e-23, 1.18535975113e-23, 8.92817231969e-24, 4.78038348967e-24, 4.31442741321e-24, 1.15451592082e-23, 8.67309099055e-24, 2.06262198711e-23, 1.00440697127e-23, 5.23139459628e-24, 6.69046028809e-24, 5.55073298489e-24, 1.58948577758e-23, 1.07283710492e-23, 1.40079103791e-23, 1.2676358925e-23, 1.77501118967e-23, 2.81385548933e-23, 8.47250969476e-24, 1.07602063199e-23, 9.63852184332e-24, 5.02369304196e-24, 9.53820082428e-24, 1.14040974677e-23, 8.60890690071e-24, 9.31879572957e-24, 9.4880758135e-24, 1.08319682076e-23, 1.0616180829e-23, 1.67060970872e-23, 1.44119160254e-23, 1.10900558856e-23, 1.24910176331e-23], "var": [4.96444974019e-09, 2.75445728448e-08, 2.87877128358e-07, 1.78007576324e-06, 5.46858200323e-06, 4.24534346166e-06, 2.60928914031e-06, 5.27151996721e-07, 1.06639346242e-08, 1.14780107197e-07, 6.21181284188e-09, 5.85154424915e-10, 4.95910557063e-09, 1.19936975906e-08, 2.7744775366e-09, 1.28306911762e-08, 2.27097962657e-09, 3.82345766159e-10, 2.85865046912e-11, 8.3385737204e-10, 3.78317342731e-11, 5.41990584357e-12, 4.84275651264e-13, 7.79825748247e-13, 4.19945458616e-12, 1.59317459399e-12, 1.58824383224e-13, 4.23635844286e-13, 8.52456533097e-14, 2.92749033565e-13, 2.34571368406e-13, 4.14596850774e-13, 1.55743229728e-13, 3.03096252523e-13, 6.89672386041e-14, 2.28476058331e-14, 1.26872084615e-14, 1.81265431877e-15, 1.96578051146e-15, 2.93829138427e-16]}, "mfcc": {"mean": [-880.942871094, 147.638076782, 4.90712451935, -7.03328418732, -29.9350147247, -25.3877010345, -35.6332244873, -35.3417396545, -31.7432994843, -23.1317176819, -14.6251354218, -8.0013666153, -4.97193098068], "cov": [[12216.7597656, 2329.72485352, -2670.09350586, -293.167633057, -536.854980469, 475.642456055, -53.157333374, 68.1806869507, -62.0402870178, 266.727783203, 349.630554199, 389.38583374, 496.454589844], [2329.72485352, 1809.92333984, -192.126312256, -180.633132935, 56.961643219, 89.1074905396, 3.23694038391, -107.853363037, -131.664154053, -117.663238525, -114.347740173, -109.949951172, -52.3349151611], [-2670.09350586, -192.126312256, 1367.81933594, 424.587249756, 210.682098389, -31.027639389, 33.5809860229, -34.8764343262, -71.0413513184, -224.197509766, -273.367706299, -286.698608398, -272.146697998], [-293.167633057, -180.633132935, 424.587249756, 685.847717285, 286.125610352, 78.9293823242, 116.725616455, 147.053573608, 64.0175170898, -55.3242950439, -162.14390564, -222.048904419, -124.725318909], [-536.854980469, 56.961643219, 210.682098389, 286.125610352, 476.003814697, 159.101638794, 159.615081787, 175.4480896, 103.736373901, 24.8433761597, -81.3751525879, -120.909881592, -61.9200553894], [475.642456055, 89.1074905396, -31.027639389, 78.9293823242, 159.101638794, 257.113525391, 118.463668823, 75.3615646362, 59.6387252808, 31.9295024872, -0.881813049316, 2.61975073814, 27.1897182465], [-53.157333374, 3.23694038391, 33.5809860229, 116.725616455, 159.615081787, 118.463668823, 220.074050903, 169.278015137, 76.368850708, 48.2642822266, -12.695148468, -40.760345459, 2.86884593964], [68.1806869507, -107.853363037, -34.8764343262, 147.053573608, 175.4480896, 75.3615646362, 169.278015137, 298.979797363, 177.135345459, 97.2825698853, 18.7314510345, -30.7103729248, -20.0202083588], [-62.0402870178, -131.664154053, -71.0413513184, 64.0175170898, 103.736373901, 59.6387252808, 76.368850708, 177.135345459, 234.583114624, 126.526306152, 38.6002388, 1.39883089066, -18.7481136322], [266.727783203, -117.663238525, -224.197509766, -55.3242950439, 24.8433761597, 31.9295024872, 48.2642822266, 97.2825698853, 126.526306152, 210.897659302, 140.943969727, 77.5013122559, 46.4357566833], [349.630554199, -114.347740173, -273.367706299, -162.14390564, -81.3751525879, -0.881813049316, -12.695148468, 18.7314510345, 38.6002388, 140.943969727, 252.523391724, 210.361968994, 117.89982605], [389.38583374, -109.949951172, -286.698608398, -222.048904419, -120.909881592, 2.61975073814, -40.760345459, -30.7103729248, 1.39883089066, 77.5013122559, 210.361968994, 354.666687012, 247.631576538], [496.454589844, -52.3349151611, -272.146697998, -124.725318909, -61.9200553894, 27.1897182465, 2.86884593964, -20.0202083588, -18.7481136322, 46.4357566833, 117.89982605, 247.631576538, 330.985473633]], "icov": [[0.000488907680847, -0.000638233788777, 0.000833980215248, -0.000865886104293, 0.0010872624116, -0.00123445445206, 0.000933677714784, -0.00100648461375, 0.000806042808108, -0.000541496032383, 0.000181541079655, -0.000142574179335, -7.53427666496e-05], [-0.000638233788777, 0.00154661398847, -0.000863085733727, 0.00145801412873, -0.00170909648295, 0.00135269691236, -0.00133832299616, 0.00148838595487, -0.000784074596595, 0.001069914666, -9.23781772144e-05, 0.000454912427813, 0.000210432976019], [0.000833980215248, -0.000863085733727, 0.00278352596797, -0.00192512676585, 0.00135559856426, -0.00167776504532, 0.000925585161895, -0.000952399510425, 0.00126125395764, 7.21686592442e-05, 0.000697819225024, -0.000615764583927, 0.000775114167482], [-0.000865886104293, 0.00145801412873, -0.00192512676585, 0.00432034721598, -0.00281944591552, 0.00183042231947, -0.00134244677611, 0.000813857535832, -0.00136443215888, 0.00146131694783, -0.000246867508395, 0.00165919912979, -0.000478233676404], [0.0010872624116, -0.00170909648295, 0.00135559856426, -0.00281944591552, 0.00663923984393, -0.00435553351417, 0.00173653033562, -0.00353310257196, 0.0017281282926, -0.00212107272819, 0.00102136051282, -8.65027541295e-05, -0.000381432299037], [-0.00123445445206, 0.00135269691236, -0.00167776504532, 0.00183042231947, -0.00435553351417, 0.00957480352372, -0.0059235971421, 0.00468870904297, -0.00364688015543, 0.00197069416754, -0.000569866155274, -0.000471051462227, 0.000181666371645], [0.000933677714784, -0.00133832299616, 0.000925585161895, -0.00134244677611, 0.00173653033562, -0.0059235971421, 0.0134516041726, -0.00878330133855, 0.00442014820874, -0.00292257592082, 0.000863825436682, 0.00122411316261, -0.0017564255977], [-0.00100648461375, 0.00148838595487, -0.000952399510425, 0.000813857535832, -0.00353310257196, 0.00468870904297, -0.00878330133855, 0.0135280033574, -0.00785976275802, 0.00233760895208, -0.00159788073506, 0.000124542348203, 0.000819692853838], [0.000806042808108, -0.000784074596595, 0.00126125395764, -0.00136443215888, 0.0017281282926, -0.00364688015543, 0.00442014820874, -0.00785976275802, 0.0127573683858, -0.00692075956613, 0.0032254923135, -0.00180308043491, 0.00119267869741], [-0.000541496032383, 0.001069914666, 7.21686592442e-05, 0.00146131694783, -0.00212107272819, 0.00197069416754, -0.00292257592082, 0.00233760895208, -0.00692075956613, 0.014643096365, -0.00822763238102, 0.00326655502431, -0.00076012435602], [0.000181541079655, -9.23781772144e-05, 0.000697819225024, -0.000246867508395, 0.00102136051282, -0.000569866155274, 0.000863825436682, -0.00159788073506, 0.0032254923135, -0.00822763238102, 0.0143186757341, -0.00798486266285, 0.00253814551979], [-0.000142574179335, 0.000454912427813, -0.000615764583927, 0.00165919912979, -8.65027541295e-05, -0.000471051462227, 0.00122411316261, 0.000124542348203, -0.00180308043491, 0.00326655502431, -0.00798486266285, 0.0123992087319, -0.00656863441691], [-7.53427666496e-05, 0.000210432976019, 0.000775114167482, -0.000478233676404, -0.000381432299037, 0.000181666371645, -0.0017564255977, 0.000819692853838, 0.00119267869741, -0.00076012435602, 0.00253814551979, -0.00656863441691, 0.00778770586476]]}, "spectral_contrast_coeffs": {"dmean": [0.0379146821797, 0.0288999993354, 0.0256041828543, 0.0229728519917, 0.0182370077819, 0.0170906633139], "dmean2": [0.0650471150875, 0.0481274910271, 0.0403654798865, 0.0358740240335, 0.0281166415662, 0.0269432216883], "dvar": [0.00104681588709, 0.000831396493595, 0.000646266620606, 0.00052721099928, 0.000337198493071, 0.000339649181115], "dvar2": [0.00286511424929, 0.00211018766277, 0.00147363473661, 0.00116072758101, 0.000751120445784, 0.000752215040848], "max": [-0.153075292706, -0.293106734753, -0.369224309921, -0.413141965866, -0.549966990948, -0.571740567684], "mean": [-0.492100656033, -0.565909862518, -0.664023756981, -0.734016239643, -0.789894342422, -0.800337135792], "median": [-0.486454099417, -0.562863945961, -0.670615077019, -0.738397836685, -0.793301999569, -0.796974420547], "min": [-0.979179263115, -0.986209690571, -0.967557787895, -0.973831772804, -0.959175109863, -0.960146963596], "var": [0.0207553487271, 0.0132037391886, 0.0100165046751, 0.0101943919435, 0.00601292168722, 0.0036842089612]}, "spectral_contrast_valleys": {"dmean": [0.513410568237, 0.287629872561, 0.292279690504, 0.289179116488, 0.231099173427, 0.243589