{"lowlevel": {"average_loudness": 0.710208714008, "barkbands_crest": {"dmean": 2.41739463806, "dmean2": 3.90297174454, "dvar": 4.13774871826, "dvar2": 11.3851041794, "max": 23.0776386261, "mean": 10.5265579224, "median": 10.0204935074, "min": 2.74782180786, "var": 11.7564411163}, "barkbands_flatness_db": {"dmean": 0.032260555774, "dmean2": 0.0466352291405, "dvar": 0.00156205054373, "dvar2": 0.00294586201198, "max": 0.675899446011, "mean": 0.31522205472, "median": 0.332090228796, "min": 0.0402330681682, "var": 0.0155875589699}, "barkbands_kurtosis": {"dmean": 2.73192191124, "dmean2": 4.4548625946, "dvar": 17.6431407928, "dvar2": 47.6909942627, "max": 46.7247390747, "mean": 3.56734752655, "median": 1.94311332703, "min": -1.93287348747, "var": 27.6428337097}, "barkbands_skewness": {"dmean": 0.505814313889, "dmean2": 0.788571953773, "dvar": 0.281718760729, "dvar2": 0.729144513607, "max": 5.57961988449, "mean": 1.11431348324, "median": 0.937819361687, "min": -1.80677080154, "var": 0.916942596436}, "barkbands_spread": {"dmean": 3.35768508911, "dmean2": 5.06400251389, "dvar": 57.2124061584, "dvar2": 117.819267273, "max": 109.240394592, "mean": 9.55722999573, "median": 5.09493017197, "min": 0.257532328367, "var": 192.01802063}, "dissonance": {"dmean": 0.0430567339063, "dmean2": 0.07092641294, "dvar": 0.00151375343557, "dvar2": 0.00407053623348, "max": 0.499998897314, "mean": 0.383030831814, "median": 0.391048043966, "min": 0.143063932657, "var": 0.00442809332162}, "dynamic_complexity": 1.78941559792, "erbbands_crest": {"dmean": 2.90453243256, "dmean2": 4.77489089966, "dvar": 6.70057725906, "dvar2": 18.8797779083, "max": 27.007806778, "mean": 11.2345266342, "median": 10.5849924088, "min": 2.99405097961, "var": 15.4548034668}, "erbbands_flatness_db": {"dmean": 0.0302307121456, "dmean2": 0.0421759821475, "dvar": 0.00153197976761, "dvar2": 0.00261157006025, "max": 0.524350821972, "mean": 0.3292927742, "median": 0.362400889397, "min": 0.0699822753668, "var": 0.0132439685985}, "erbbands_kurtosis": {"dmean": 2.05537819862, "dmean2": 3.42531585693, "dvar": 8.85217666626, "dvar2": 25.9674739838, "max": 32.2236366272, "mean": 2.23878216743, "median": 1.03961277008, "min": -1.84283554554, "var": 13.2992649078}, "erbbands_skewness": {"dmean": 0.491793781519, "dmean2": 0.772969722748, "dvar": 0.24036064744, "dvar2": 0.646677315235, "max": 4.75848531723, "mean": 0.754289925098, "median": 0.702700316906, "min": -2.0000641346, "var": 0.944195210934}, "erbbands_spread": {"dmean": 5.6492767334, "dmean2": 8.61612129211, "dvar": 137.832427979, "dvar2": 302.02557373, "max": 143.865615845, "mean": 16.936088562, "median": 9.68002033234, "min": 1.09279727936, "var": 465.187591553}, "hfc": {"dmean": 7.58107233047, "dmean2": 11.807056427, "dvar": 483.4894104, "dvar2": 1184.67980957, "max": 337.807678223, "mean": 19.9130325317, "median": 13.0544996262, "min": 1.21484668139e-16, "var": 828.842102051}, "melbands_crest": {"dmean": 2.93255066872, "dmean2": 4.779484272, "dvar": 7.15532970428, "dvar2": 22.0004405975, "max": 32.6007041931, "mean": 13.2379970551, "median": 12.1346797943, "min": 2.8572781086, "var": 24.9963150024}, "melbands_flatness_db": {"dmean": 0.0371719896793, "dmean2": 0.0531179532409, "dvar": 0.00220222072676, "dvar2": 0.00405011698604, "max": 0.858415067196, "mean": 0.424086928368, "median": 0.442779123783, "min": 0.00590395415202, "var": 0.0222243256867}, "melbands_kurtosis": {"dmean": 4.03745269775, "dmean2": 6.51797533035, "dvar": 47.824798584, "dvar2": 122.916381836, "max": 80.1319961548, "mean": 6.72852325439, "median": 2.80886983871, "min": -1.62220108509, "var": 111.118988037}, "melbands_skewness": {"dmean": 0.536821305752, "dmean2": 0.831680834293, "dvar": 0.378953546286, "dvar2": 0.929349243641, "max": 6.99541521072, "mean": 1.48048353195, "median": 1.16463983059, "min": -0.815662801266, "var": 1.43151462078}, "melbands_spread": {"dmean": 3.42866110802, "dmean2": 5.37805223465, "dvar": 81.9924850464, "dvar2": 187.557479858, "max": 160.209716797, "mean": 10.1758699417, "median": 7.28112268448, "min": 0.331743329763, "var": 161.662384033}, "pitch_salience": {"dmean": 0.0718603059649, "dmean2": 0.117004029453, "dvar": 0.00424956483766, "dvar2": 0.0128298485652, "max": 0.842510700226, "mean": 0.599812328815, "median": 0.610245406628, "min": 0.19597107172, "var": 0.0107916137204}, "silence_rate_20dB": {"dmean": 0, "dmean2": 0, "dvar": 0, "dvar2": 0, "max": 1, "mean": 1, "median": 1, "min": 1, "var": 0}, "silence_rate_30dB": {"dmean": 0.0197723191231, "dmean2": 0.0395564883947, "dvar": 0.0193804297596, "dvar2": 0.0475819930434, "max": 1, "mean": 0.958969771862, "median": 1, "min": 0, "var": 0.0393471717834}, "silence_rate_60dB": {"dmean": 0.000898741767742, "dmean2": 0.00179802218918, "dvar": 0.000897842110135, "dvar2": 0.00239423429593, "max": 1, "mean": 0.00419287197292, "median": 0, "min": 0, "var": 0.00417487928644}, "spectral_centroid": {"dmean": 101.244812012, "dmean2": 154.078155518, "dvar": 78469.875, "dvar2": 145200.171875, "max": 11204.7294922, "mean": 541.399902344, "median": 466.653594971, "min": 147.946517944, "var": 149898.546875}, "spectral_complexity": {"dmean": 1.97453570366, "dmean2": 3.12406349182, "dvar": 7.89531612396, "dvar2": 12.3946018219, "max": 45, "mean": 12.6474990845, "median": 12, "min": 0, "var": 35.7047920227}, "spectral_decrease": {"dmean": 2.47268494569e-09, "dmean2": 4.04129352205e-09, "dvar": 1.5679076162e-17, "dvar2": 4.74576976264e-17, "max": -5.87709559592e-29, "mean": -8.97260221677e-09, "median": -7.28793692062e-09, "min": -5.19506677676e-08, "var": 4.88624819171e-17}, "spectral_energy": {"dmean": 0.00985073670745, "dmean2": 0.0160820875317, "dvar": 0.000238125096075, "dvar2": 0.000716005568393, "max": 0.198894694448, "mean": 0.0356708392501, "median": 0.0289811361581, "min": 1.12408368406e-20, "var": 0.000735858629923}, "spectral_energyband_high": {"dmean": 0.000452400330687, "dmean2": 0.000708687352017, "dvar": 5.69737267142e-06, "dvar2": 1.39453113661e-05, "max": 0.0409381575882, "mean": 0.000666643492877, "median": 3.63729469655e-07, "min": 8.06662494394e-21, "var": 7.71096165408e-06}, "spectral_energyband_low": {"dmean": 0.00472991680726, "dmean2": 0.0077814203687, "dvar": 0.000162446478498, "dvar2": 0.000492478429805, "max": 0.160189568996, "mean": 0.00969146192074, "median": 0.002386293374, "min": 1.34673942464e-22, "var": 0.000452476087958}, "spectral_energyband_middle_high": {"dmean": 0.00173531170003, "dmean2": 0.00256537389942, "dvar": 1.85012977454e-05, "dvar2": 4.34957510151e-05, "max": 0.0589024610817, "mean": 0.00338133308105, "median": 0.00185208208859, "min": 1.63352499784e-21, "var": 3.12870470225e-05}, "spectral_energyband_middle_low": {"dmean": 0.0069930292666, "dmean2": 0.0116240503266, "dvar": 0.000100896657386, "dvar2": 0.000319042388583, "max": 0.147895336151, "mean": 0.0248475186527, "median": 0.0223511345685, "min": 4.95719385047e-22, "var": 0.000237402040511}, "spectral_entropy": {"dmean": 0.252861350775, "dmean2": 0.365739732981, "dvar": 0.120161801577, "dvar2": 0.215242698789, "max": 9.8077545166, "mean": 6.07502651215, "median": 5.88894414902, "min": 3.73353171349, "var": 0.908956885338}, "spectral_flux": {"dmean": 0.0205301903188, "dmean2": 0.0321318991482, "dvar": 0.000568310846575, "dvar2": 0.00116669642739, "max": 0.344857633114, "mean": 0.0796416550875, "median": 0.0709648802876, "min": 1.06022815527e-10, "var": 0.00160377332941}, "spectral_kurtosis": {"dmean": 43.7411499023, "dmean2": 72.5793304443, "dvar": 3692.51611328, "dvar2": 10203.2998047, "max": 1160.32751465, "mean": 117.959846497, "median": 82.2086486816, "min": -1.25198757648, "var": 14152.9833984}, "spectral_rms": {"dmean": 0.000756477529649, "dmean2": 0.00122500839643, "dvar": 7.93863534909e-07, "dvar2": 2.36295591094e-06, "max": 0.0139299537987, "mean": 0.00558239873499, "median": 0.00531735643744, "min": 3.31159622294e-12, "var": 3.63763251698e-06}, "spectral_rolloff": {"dmean": 311.071472168, "dmean2": 534.504333496, "dvar": 1449374, "dvar2": 3375879.25, "max": 18927.6855469, "mean": 989.165893555, "median": 602.9296875, "min": 129.19921875, "var": 2996459.25}, "spectral_skewness": {"dmean": 1.74173915386, "dmean2": 2.81222200394, "dvar": 3.60719513893, "dvar2": 9.06598567963, "max": 28.1783828735, "mean": 7.08177995682, "median": 6.21980714798, "min": -0.0159791503102, "var": 21.9639549255}, "spectral_spread": {"dmean": 834800.125, "dmean2": 1137923.625, "dvar": 2301837967360.0, "dvar2": 3758077509630.0, "max": 40082848, "mean": 2702535, "median": 984172.125, "min": 145265.765625, "var": 12877229457400.0}, "spectral_strongpeak": {"dmean": 0.486283808947, "dmean2": 0.81898856163, "dvar": 0.832799553871, "dvar2": 2.16921710968, "max": 19.8273773193, "mean": 1.13160479069, "median": 1.02839124203, "min": 0, "var": 0.858999550343}, "zerocrossingrate": {"dmean": 0.00835417304188, "dmean2": 0.009660564363, "dvar": 0.00037874976988, "dvar2": 0.000485364318592, "max": 0.47705078125, "mean": 0.0372373312712, "median": 0.02294921875, "min": 0.005859375, "var": 0.00201985775493}, "barkbands": {"dmean": [0.000187212062883, 0.00197083689272, 0.00210446259007, 0.00265143136494, 0.00159284833353, 0.00279720267281, 0.00155254139099, 0.001504857908, 0.00110417825636, 0.000966858002357, 0.000513984297868, 0.000227667973377, 0.000419776013587, 0.000167512829648, 0.000190566948731, 0.000111305409519, 9.37047443585e-05, 3.42207240465e-05, 1.51643462232e-05, 1.18655379993e-05, 2.2482336135e-05, 0.000139555937494, 3.69836525351e-05, 7.97992033768e-05, 0.000167060425156, 2.81561497104e-05, 1.93970627151e-05], "dmean2": [0.000302888773149, 0.00285159307532, 0.00376606010832, 0.00485600857064, 0.00203530536965, 0.00436241459101, 0.00210773712024, 0.00239744433202, 0.00148043222725, 0.00128946301993, 0.000785283977166, 0.00038185910671, 0.000701675598975, 0.000277387473034, 0.000302303873468, 0.000146344071254, 0.000157583839609, 4.40915282525e-05, 2.37578569795e-05, 1.91379767784e-05, 3.76435200451e-05, 0.00024666095851, 6.13922893535e-05, 0.000126709564938, 0.000273595389444, 4.36046429968e-05, 2.97546612273e-05], "dvar": [4.19930245243e-07, 4.37252238044e-05, 4.16023904108e-05, 8.161583537e-05, 3.6507965433e-06, 1.64315551956e-05, 5.11212510901e-06, 3.2439527331e-06, 2.53670236816e-06, 2.29677243624e-06, 8.16036276774e-07, 5.84114559388e-07, 1.10724840852e-06, 4.22074293738e-07, 8.04557032552e-07, 2.89951515242e-07, 2.59186208496e-07, 2.20738272105e-08, 3.17875881173e-09, 1.44835399229e-09, 6.69669075748e-09, 2.24113523473e-06, 2.86368475599e-08, 2.114363582e-07, 1.21104312711e-06, 1.11881535148e-08, 1.38574707265e-08], "dvar2": [1.31973206408e-06, 7.97910179244e-05, 0.000133553607157, 0.000275828322629, 8.08521053841e-06, 5.06169089931e-05, 8.92415482667e-06, 8.00237376097e-06, 4.75770593766e-06, 4.11418386648e-06, 1.83539066256e-06, 1.61924333497e-06, 3.0457711091e-06, 1.09580355456e-06, 2.07403058994e-06, 4.57753543515e-07, 6.59528041069e-07, 3.50124871318e-08, 7.3855783711e-09, 3.46502004867e-09, 1.82465651477e-08, 6.26387964076e-06, 7.6042283581e-08, 4.73798650091e-07, 3.12921838486e-06, 2.65132467092e-08, 3.06304741571e-08], "max": [0.0105745522305, 0.122265331447, 0.0818219780922, 0.135753661394, 0.0320696085691, 0.0797260254622, 0.0481414832175, 0.0479060746729, 0.0215982217342, 0.0194302219898, 0.0211828555912, 0.00973011180758, 0.0130550730973, 0.00935282651335, 0.0101920859888, 0.00683787884191, 0.00694974744692, 0.00231943908148, 0.000709107203875, 0.000489202560857, 0.00123044417705, 0.0301869921386, 0.00329823605716, 0.0100234551355, 0.0206112414598, 0.00157389964443, 0.00227292929776], "mean": [0.000301389489323, 0.00433697924018, 0.00275570689701, 0.00338810379617, 0.00525375222787, 0.00637316238135, 0.00424318248406, 0.00267283036374, 0.00181315292139, 0.00153815757949, 0.000755850749556, 0.000290574796963, 0.000523022434209, 0.000220995818381, 0.000217389620957, 0.000139252122608, 0.000112142748549, 4.26591141149e-05, 1.92285642697e-05, 1.42580702231e-05, 2.26846659643e-05, 0.000104364342405, 5.0274116802e-05, 0.00015232579608, 0.000272965844488, 3.93608606828e-05, 1.71639967448e-05], "median": [2.10736088775e-05, 0.000437978305854, 0.000894202967174, 0.000588433002122, 0.00366111961193, 0.00463187880814, 0.00286763464101, 0.00186106050387, 0.000879661936779, 0.000694952905178, 0.000284000911051, 0.000120502852951, 0.000156780195539, 4.50675943284e-05, 1.9143202735e-05, 5.33885167897e-06, 2.29804186347e-06, 1.52623113081e-06, 1.13167993732e-06, 3.25615019392e-07, 7.09687171252e-08, 4.24170387703e-08, 1.24327579343e-08, 7.44453609869e-09, 5.41785993846e-09, 4.3908001679e-09, 3.7258196528e-09], "min": [2.4174112326e-23, 3.38933551503e-23, 4.51000740975e-23, 7.52559672064e-23, 1.05685935837e-22, 6.35215476453e-23, 4.01202129284e-23, 4.47453170375e-23, 1.52258888976e-22, 3.55652953518e-23, 6.01215382111e-23, 1.46768581158e-22, 9.68075714064e-23, 9.70886961895e-23, 1.24394453781e-22, 8.98162443023e-23, 2.18236135375e-22, 2.66539136209e-22, 3.61363776357e-22, 3.85895987358e-22, 4.71547929605e-22, 5.36787509017e-22, 6.26468397409e-22, 7.36750546114e-22, 1.18574392007e-21, 1.94161160777e-21, 2.49205203976e-21], "var": [7.10819335836e-07, 0.000211613907595, 4.64488912257e-05, 0.000108570566226, 2.87206876237e-05, 4.05903847422e-05, 2.4801296604e-05, 8.53742221807e-06, 6.29975920674e-06, 4.93773359267e-06, 1.58523346272e-06, 4.96617872159e-07, 1.26319139326e-06, 4.76464379062e-07, 9.35870673402e-07, 5.1533442047e-07, 3.39223902301e-07, 4.11659328847e-08, 4.64080640583e-09, 1.87570892152e-09, 6.21470075401e-09, 1.36830851716e-06, 3.73131712195e-08, 5.05846628585e-07, 1.67751170466e-06, 1.93035898377e-08, 1.41499993944e-08]}, "erbbands": {"dmean": [0.0806177705526, 0.378563582897, 1.61354553699, 6.91920137405, 4.77820396423, 6.76440572739, 8.00893783569, 25.9672260284, 24.6527576447, 43.0002326965, 19.4994812012, 27.9619407654, 37.5225105286, 12.1372394562, 19.3175525665, 10.534286499, 20.6509284973, 6.76898431778, 10.1175880432, 9.55653953552, 5.59727191925, 4.77920103073, 1.88006973267, 1.13277113438, 0.805453002453, 0.569921731949, 0.727856934071, 1.13203680515, 6.18018245697, 2.25663638115, 1.02549016476, 1.03352034092, 1.73754513264, 1.7522521019, 1.29949378967, 0.209797814488, 0.0433740317822, 0.0130434231833, 0.00434368243441, 0.000151483152877], "dmean2": [0.108736746013, 0.58400785923, 2.81454849243, 12.7154865265, 7.6959900856, 8.54497432709, 11.1005277634, 41.9360656738, 35.3399467468, 67.0792617798, 27.9213504791, 37.3057556152, 50.05519104, 18.5219078064, 30.3956375122, 17.6079864502, 34.4416046143, 11.3668689728, 16.3415775299, 14.7190637589, 7.07561063766, 7.99013948441, 2.56082844734, 1.62458622456, 1.36768567562, 0.939340293407, 1.18946111202, 1.92310714722, 10.9087190628, 3.95611667633, 1.68162107468, 1.54838347435, 2.75982379913, 2.7138338089, 2.24569940567, 0.334702521563, 0.0661870390177, 0.0193426776677, 0.00670965248719, 0.000238431312027], "dvar": [0.0917962566018, 1.62803030014, 23.7793045044, 565.616455078, 110.979484558, 75.3339080811, 81.1067428589, 1518.12023926, 1479.15380859, 2423.92724609, 744.363769531, 1885.07189941, 3141.58300781, 359.699981689, 1236.70019531, 1151.6661377, 2719.13427734, 716.544067383, 1886.37524414, 2175.90942383, 736.522766113, 657.058654785, 67.0659103394, 22.4288711548, 9.92084026337, 3.31500601768, 6.13022041321, 21.8044109344, 4812.66455078, 276.910095215, 16.9222240448, 24.5585403442, 110.652542114, 94.7135162354, 129.791564941, 0.798394083977, 0.0245129633695, 0.00442409329116, 0.000758680107538, 4.90399031605e-07], "dvar2": [0.169860929251, 3.33269381523, 72.7560195923, 1925.93286133, 338.291473389, 152.973571777, 177.870742798, 4773.46923828, 3568.50952148, 5804.00097656, 1209.49890137, 3555.23217773, 5482.15869141, 841.528442383, 3067.66772461, 3191.72583008, 7510.00292969, 1807.45068359, 5063.73828125, 4937.83740234, 1038.44458008, 1619.68322754, 99.4401702881, 44.298789978, 28.5659275055, 8.04533195496, 15.633184433, 61.8737258911, 13434.9775391, 778.322387695, 42.6426239014, 51.5627861023, 250.060424805, 192.155807495, 365.486633301, 2.00305223465, 0.0541795939207, 0.00939033180475, 0.00168406486046, 1.12926284146e-06], "max": [5.64363050461, 25.062417984, 62.2359733582, 323.505889893, 195.657180786, 159.298660278, 152.412994385, 683.461425781, 657.24206543, 1158.64001465, 1164.37841797, 607.796569824, 752.298522949, 254.827133179, 702.705322266, 432.734527588, 648.219360352, 379.108612061, 542.599609375, 553.682617188, 372.952819824, 344.816986084, 118.921524048, 73.5939178467, 37.0731163025, 21.0528717041, 36.9951171875, 79.7817306519, 1401.28027344, 318.422790527, 63.7468299866, 104.296363831, 226.100448608, 178.98425293, 245.347381592, 12.8467912674, 1.66534781456, 1.16311991215, 0.545190870762, 0.0111333802342], "mean": [0.179179757833, 0.785577356815, 2.38086080551, 9.42910575867, 9.18075752258, 22.3567218781, 28.3659610748, 55.611328125, 59.2734870911, 79.7578125, 43.1414451599, 48.3735351562, 59.2942085266, 22.8334503174, 29.3604240417, 15.2448854446, 25.9496917725, 9.57247543335, 12.5459470749, 10.8750658035, 7.68492937088, 5.90170431137, 2.60438609123, 1.37215983868, 0.885023713112, 0.677937686443, 0.789968192577, 1.11255323887, 4.40289163589, 2.15693593025, 1.4359639883, 1.99310815334, 3.31810283661, 3.51937675476, 1.57953643799, 0.293945759535, 0.0567263178527, 0.0139010781422, 0.00382033362985, 0.000163610166055], "median": [0.00931730680168, 0.126622006297, 0.882372915745, 1.76494336128, 5.15654373169, 14.4619188309, 21.4136695862, 39.2951774597, 36.7288017273, 54.0814743042, 29.472700119, 25.4861392975, 28.8265991211, 13.1808204651, 12.4658517838, 7.77655172348, 8.31467819214, 2.68929457664, 1.82366800308, 0.722589075565, 0.248702257872, 0.123116225004, 0.102189436555, 0.0685538128018, 0.0455190725625, 0.0195009876043, 0.00587615184486, 0.00197440921329, 0.00140732445288, 0.00104267010465, 0.000343855354004, 0.000199519447051, 0.000134170695674, 9.3077076599e-05, 5.99089726165e-05, 3.72101858375e-05, 2.02023184102e-05, 5.25890391145e-06, 1.86071811186e-05, 3.73428738385e-05], "min": [1.21990551002e-21, 7.18592558419e-21, 3.10546704848e-20, 1.94679710125e-19, 2.28212177516e-19, 4.35491412259e-19, 3.1377654141e-19, 5.77874372989e-19, 6.00010708458e-19, 5.94553901354e-19, 2.08682220949e-18, 3.28717667e-18, 1.74930294786e-18, 1.67000827697e-18, 2.72174102547e-18, 6.46822978973e-18, 4.45257716616e-18, 3.14412136653e-18, 6.51531166942e-18, 6.53193965409e-18, 6.66741239969e-18, 1.22572772949e-17, 1.70232049528e-17, 1.50454491954e-17, 1.87652109269e-17, 1.64942030987e-17, 2.51957063914e-17, 1.37050005312e-17, 2.0346775295e-17, 1.37467276572e-17, 2.09022171501e-17, 1.44893819917e-17, 1.56078840354e-17, 1.37160855786e-17, 8.14697050903e-18, 7.89386895802e-18, 3.02642142358e-18, 1.18464381914e-18, 4.0107415888e-19, 3.62809526913e-20], "var": [0.424525231123, 6.00678300858, 26.6358242035, 839.746276855, 176.384811401, 563.510681152, 577.066650391, 3225.29638672, 4829.14208984, 8028.95605469, 2755.02563477, 4467.58300781, 6452.86865234, 884.134460449, 2048.71557617, 1029.16381836, 2958.36010742, 844.115539551, 2110.38623047, 2835.47509766, 1516.92736816, 921.301940918, 144.711120605, 34.1511306763, 9.85866165161, 4.12015247345, 6.61107778549, 18.3000869751, 2939.47119141, 182.535324097, 27.1450405121, 77.3281021118, 251.095703125, 269.288787842, 94.5533905029, 1.23886430264, 0.0382607281208, 0.00501693971455, 0.000767427263781, 4.75104116049e-07]}, "gfcc": {"mean": [-118.356712341, 202.316711426, -83.3675537109, -44.195854187, -54.0160179138, -8.77915096283, -30.4205627441, -11.6551446915, -18.0762271881, -5.40953016281, -5.5185508728, -9.75601196289, -5.80101394653], "cov": [[12617.3720703, -7246.98144531, -909.534423828, 2490.3659668, -1703.38500977, 1575.79992676, -764.663574219, 1134.15258789, -250.352157593, 929.746337891, -182.28944397, 869.909851074, -120.96521759], [-7246.98144531, 6526.08740234, -640.002746582, -1793.81933594, 1847.22363281, -1283.36828613, 777.081359863, -720.716918945, 348.588256836, -801.024719238, 249.982254028, -642.929382324, 183.755599976], [-909.534423828, -640.002746582, 1899.13647461, 261.584228516, -359.170623779, 299.411682129, -44.0687522888, 62.3189926147, -107.106063843, 84.2576675415, -104.766204834, 39.9428138733, -28.7618732452], [2490.3659668, -1793.81933594, 261.584228516, 1337.49328613, -133.280151367, 536.120910645, 30.589761734, 305.740081787, -94.9673614502, 185.642303467, -83.5575790405, 184.51763916, 6.96365308762], [-1703.38500977, 1847.22363281, -359.170623779, -133.280151367, 1015.8671875, -285.842193604, 369.424530029, -129.319961548, 78.2528915405, -243.563842773, 85.9503173828, -184.615402222, 81.0880737305], [1575.79992676, -1283.36828613, 299.411682129, 536.120910645, -285.842193604, 552.394836426, -95.1079483032, 214.985626221, -76.9036560059, 212.296569824, -38.5133857727, 142.623123169, 5.48832082748], [-764.663574219, 777.081359863, -44.0687522888, 30.589761734, 369.424530029, -95.1079483032, 347.6953125, -83.5611724854, 5.5896024704, -78.946144104, 22.417596817, -85.3943710327, 45.5418891907], [1134.15258789, -720.716918945, 62.3189926147, 305.740081787, -129.319961548, 214.985626221, -83.5611724854, 262.482910156, 21.2284908295, 110.276794434, 9.9986000061, 104.573120117, 7.04539108276], [-250.352157593, 348.588256836, -107.106063843, -94.9673614502, 78.2528915405, -76.9036560059, 5.5896024704, 21.2284908295, 153.735443115, -3.00128340721, 42.4276313782, 7.45910549164, 11.4549732208], [929.746337891, -801.024719238, 84.2576675415, 185.642303467, -243.563842773, 212.296569824, -78.946144104, 110.276794434, -3.00128340721, 214.222122192, 18.8353366852, 100.946228027, -10.3359012604], [-182.28944397, 249.982254028, -104.766204834, -83.5575790405, 85.9503173828, -38.5133857727, 22.417596817, 9.9986000061, 42.4276313782, 18.8353366852, 102.852607727, 3.43883609772, 15.6815843582], [869.909851074, -642.929382324, 39.9428138733, 184.51763916, -184.615402222, 142.623123169, -85.3943710327, 104.573120117, 7.45910549164, 100.946228027, 3.43883609772, 133.54385376, 3.36666560173], [-120.96521759, 183.755599976, -28.7618732452, 6.96365308762, 81.0880737305, 5.48832082748, 45.5418891907, 7.04539108276, 11.4549732208, -10.3359012604, 15.6815843582, 3.36666560173, 71.1143951416]], "icov": [[0.000476893299492, 0.000179707421921, 0.000487687677378, -0.000286640191916, 0.000173683438334, -0.000175469613168, -1.36200578709e-05, -0.000746369478293, 0.000363037717761, -0.000187057259609, 0.000399513926823, -0.000885591434781, 0.000338479178026], [0.000179707421921, 0.00213228212669, -0.0001081040391, 0.00129976694006, -0.00125701597426, -0.000181209790753, -0.00135291239712, 0.000926193897612, -0.0027292391751, 0.00282762129791, -0.00189600558951, 0.00231094215997, -0.00199378631078], [0.000487687677378, -0.0001081040391, 0.00117250776384, -0.000473606283776, 0.000620554201305, -0.000534851453267, -4.69425867777e-05, -0.00093693297822, 0.000828692689538, -0.000425836595241, 0.000979354721494, -0.00102868664544, 0.000723421399016], [-0.000286640191916, 0.00129976694006, -0.000473606283776, 0.0028797199484, -0.00140254641883, -0.000986318453215, -0.00178993516602, 0.000115697490401, -0.00155054964125, 0.00207772641443, -0.000250375567703, 0.000712863460649, -0.000936241121963], [0.000173683438334, -0.00125701597426, 0.000620554201305, -0.00140254641883, 0.00371070276015, -0.000129480278702, -0.000850751413964, -0.0012446421897, 0.0010733534582, 0.000265691604, -0.000534282706212, 1.17217659863e-05, 0.000361798767699], [-0.000175469613168, -0.000181209790753, -0.000534851453267, -0.000986318453215, -0.000129480278702, 0.00548242637888, 0.000585238158237, -0.00143085920718, 0.00188590364996, -0.00354110402986, 0.00106119550765, -0.000164139506523, -0.00150316057261], [-1.36200578709e-05, -0.00135291239712, -4.69425867777e-05, -0.00178993516602, -0.000850751413964, 0.000585238158237, 0.00658415397629, 0.000694151909556, 0.00200120918453, -0.00306555069983, 0.00103312567808, 0.000125384161947, -0.000733069085982], [-0.000746369478293, 0.000926193897612, -0.00093693297822, 0.000115697490401, -0.0012446421897, -0.00143085920718, 0.000694151909556, 0.00981019251049, -0.00429663434625, 0.00181443942711, -0.00327681307681, 0.00102174549829, -0.00230987300165], [0.000363037717761, -0.0027292391751, 0.000828692689538, -0.00155054964125, 0.0010733534582, 0.00188590364996, 0.00200120918453, -0.00429663434625, 0.0132801039144, -0.00531729543582, 0.0019179264782, -0.00634076679125, 0.00289667095058], [-0.000187057259609, 0.00282762129791, -0.000425836595241, 0.00207772641443, 0.000265691604, -0.00354110402986, -0.00306555069983, 0.00181443942711, -0.00531729543582, 0.0161293894053, -0.00758842565119, 0.00119252712466, -0.00142885756213], [0.000399513926823, -0.00189600558951, 0.000979354721494, -0.000250375567703, -0.000534282706212, 0.00106119550765, 0.00103312567808, -0.00327681307681, 0.0019179264782, -0.00758842565119, 0.0173595845699, -0.00517102237791, 0.00119464623276], [-0.000885591434781, 0.00231094215997, -0.00102868664544, 0.000712863460649, 1.17217659863e-05, -0.000164139506523, 0.000125384161947, 0.00102174549829, -0.00634076679125, 0.00119252712466, -0.00517102237791, 0.0229367408901, -0.00689670816064], [0.000338479178026, -0.00199378631078, 0.000723421399016, -0.000936241121963, 0.000361798767699, -0.00150316057261, -0.000733069085982, -0.00230987300165, 0.00289667095058, -0.00142885756213, 0.00119464623276, -0.00689670816064, 0.0199642702937]]}, "melbands": {"dmean": [0.000616171164438, 0.000683561433107, 0.00107483181637, 0.000385742867365, 0.00028567991103, 0.00058276130585, 0.000363411993021, 0.000456357840449, 0.000162730371812, 0.000161832795129, 0.00018984588678, 4.82777759316e-05, 7.24560813978e-05, 2.86301910819e-05, 4.29401989095e-05, 3.23747226503e-05, 1.27978855744e-05, 1.76737084985e-05, 1.52154871103e-05, 9.61420391832e-06, 6.11028281128e-06, 5.94035145696e-06, 2.37840276895e-06, 1.53753182985e-06, 8.6572094915e-07, 6.45456225357e-07, 4.77262688037e-07, 3.61214205213e-07, 3.91286732793e-07, 5.86779378864e-07, 6.11911787018e-07, 2.77475555777e-06, 3.67699340131e-06, 6.99064116816e-07, 5.94772870954e-07, 5.45407601749e-07, 6.75527189742e-07, 1.10760208827e-06, 1.57173894877e-06, 1.47660102812e-06], "dmean2": [0.000842670444399, 0.00115451810416, 0.00195269822143, 0.000503305578604, 0.000384401064366, 0.000926704728045, 0.00051881512627, 0.000720357813407, 0.000220783986151, 0.000219192486838, 0.00025082641514, 7.35343492124e-05, 0.000111157372885, 4.76568966405e-05, 7.27754304535e-05, 5.40523433301e-05, 2.15184936678e-05, 2.88246974378e-05, 2.43239483098e-05, 1.34621723191e-05, 8.01781698101e-06, 1.0488519365e-05, 3.30518264491e-06, 2.00044860321e-06, 1.27381872517e-06, 1.12716736567e-06, 8.04698288448e-07, 5.95320670982e-07, 6.3025873942e-07, 9.85306655821e-07, 1.03711204247e-06, 4.8956540013e-06, 6.64569961373e-06, 1.18140314953e-06, 9.89448722066e-07, 8.39281767639e-07, 1.00878355624e-06, 1.75805291747e-06, 2.3802481337e-06, 2.30472710427e-06], "dvar": [4.58902241007e-06, 3.82487405659e-06, 1.25843498608e-05, 2.26319528451e-07, 1.09565014839e-07, 7.75053024427e-07, 3.20229048612e-07, 2.68598654429e-07, 4.93840630611e-08, 5.86268988911e-08, 7.94439074525e-08, 5.96493343608e-09, 1.67570366472e-08, 7.05805813794e-09, 1.08340794114e-08, 9.5126866384e-09, 2.34084884809e-09, 4.91521223722e-09, 6.59738086384e-09, 2.09648454153e-09, 8.83586759315e-10, 1.10028619549e-09, 1.06908808195e-10, 3.8956064069e-11, 1.39820386172e-11, 6.04270236279e-12, 3.37696819293e-12, 1.43664789266e-12, 1.66351502885e-12, 4.82300354168e-12, 9.36580066974e-12, 8.64712301762e-10, 1.76776671079e-09, 1.54914744227e-11, 5.25215504768e-12, 5.83181680031e-12, 1.02014256417e-11, 4.1796798661e-11, 9.07469238642e-11, 6.83119741329e-11], "dvar2": [8.14056602394e-06, 1.12554062071e-05, 4.22999037255e-05, 5.30639852059e-07, 2.34641646557e-07, 2.40660483541e-06, 7.52461630782e-07, 6.79215361288e-07, 8.00456305683e-08, 1.14372951998e-07, 1.37892783414e-07, 1.40695686213e-08, 3.77374433924e-08, 1.95184508556e-08, 2.97545703631e-08, 2.61366714938e-08, 5.91432014474e-09, 1.32550557197e-08, 1.66394453771e-08, 3.87794107937e-09, 1.32693966926e-09, 2.90121038304e-09, 1.85402082575e-10, 6.3312445564e-11, 2.8979202718e-11, 1.78900505521e-11, 9.30619817319e-12, 3.36791402059e-12, 4.03875630856e-12, 1.31804072864e-11, 2.61259000545e-11, 2.40431541343e-09, 4.96843588493e-09, 4.38334264719e-11, 1.3548556374e-11, 1.17797134894e-11, 2.23865804366e-11, 9.92855728188e-11, 1.88301027548e-10, 1.38449349207e-10], "max": [0.0404975116253, 0.029589055106, 0.0478608049452, 0.00833471398801, 0.00643136072904, 0.0164921209216, 0.0100573357195, 0.0113069228828, 0.00861350540072, 0.00337302964181, 0.00370849971659, 0.00106627156492, 0.00326145999134, 0.00108974042814, 0.0012832779903, 0.00120698439423, 0.000706721504685, 0.000878318038303, 0.000934452342335, 0.000549057382159, 0.000406754552387, 0.000442833726993, 0.000141937067383, 9.89277250483e-05, 5.78430408495e-05, 2.96142825391e-05, 2.1159345124e-05, 1.80543283932e-05, 2.03761665034e-05, 2.7158881494e-05, 6.30994618405e-05, 0.000590430398006, 0.000848116120324, 8.82290114532e-05, 3.43328683812e-05, 4.50300431112e-05, 6.95603521308e-05, 0.000135002919706, 0.000205076328712, 0.000163555872859], "mean": [0.00137367541902, 0.00116950157098, 0.0015087738866, 0.00114098459017, 0.00108437007293, 0.00127619388513, 0.000900282815564, 0.000823382695671, 0.000337575853337, 0.000275165191852, 0.000287844712147, 8.47538394737e-05, 0.000107864485472, 3.97646872443e-05, 5.7827513956e-05, 3.90982677345e-05, 1.64930679603e-05, 2.16228709178e-05, 1.6876940208e-05, 1.14224203571e-05, 8.33024932945e-06, 6.88685076966e-06, 3.10115774482e-06, 1.89354477698e-06, 1.02032436189e-06, 6.7952282734e-07, 5.34257310392e-07, 4.27888437571e-07, 4.41389204298e-07, 5.74437365231e-07, 6.07065771874e-07, 2.03717240765e-06, 2.62866092271e-06, 8.50029834965e-07, 7.52994367303e-07, 9.34446973133e-07, 1.31500348743e-06, 1.97508529709e-06, 3.1326833323e-06, 2.94652090815e-06], "median": [0.000101436235127, 0.000410028762417, 0.000372009322746, 0.000758950598538, 0.00084309844533, 0.000904485757928, 0.00057671131799, 0.000563800684176, 0.000225858733756, 0.000144805919263, 0.000132120665512, 4.36005357187e-05, 4.1323073674e-05, 1.70907060237e-05, 2.29442939599e-05, 1.11494000521e-05, 3.61025695383e-06, 3.36387870448e-06, 1.06711388526e-06, 5.93676702465e-07, 2.02039302621e-07, 1.03785730232e-07, 1.16183173304e-07, 7.39935117622e-08, 4.89251341662e-08, 3.42937980236e-08, 2.10125943312e-08, 9.72367519836e-09, 3.83679887861e-09, 1.57315416249e-09, 8.3204576562e-10, 7.38693994862e-10, 7.15209391711e-10, 3.94924176694e-10, 1.83108070373e-10, 1.19765544704e-10, 9.72674024657e-11, 7.61391019677e-11, 6.14904238638e-11, 5.27584850807e-11], "min": [1.17516656382e-23, 1.48873703816e-23, 3.48439609401e-23, 2.10213634539e-23, 1.49007620843e-23, 1.28293884743e-23, 1.04335350747e-23, 6.03208920394e-24, 2.172647573e-23, 1.94740916744e-23, 8.01108759635e-24, 6.32278957511e-24, 8.13465240197e-24, 1.62303745183e-23, 1.43388959045e-23, 7.48797263086e-24, 5.47403834996e-24, 1.12384082786e-23, 9.0312362081e-24, 5.75017989869e-24, 8.9420870372e-24, 1.17078538813e-23, 1.48087887913e-23, 1.47932482315e-23, 1.149611967e-23, 1.39963740772e-23, 1.134395629e-23, 1.12413002427e-23, 1.6528112712e-23, 1.22175455896e-23, 6.35409078696e-24, 9.40235818754e-24, 1.263744205e-23, 6.2071244226e-24, 1.19343192811e-23, 1.1853973009e-23, 7.75214163763e-24, 1.01523108952e-23, 1.46208332143e-23, 9.88204083818e-24], "var": [2.29226297961e-05, 5.79929201194e-06, 1.80815513886e-05, 1.52695020006e-06, 8.42668555379e-07, 1.73518583324e-06, 1.12079976589e-06, 7.95820994881e-07, 1.60724425768e-07, 1.39103491392e-07, 1.62779286939e-07, 1.43602401081e-08, 3.08934495763e-08, 6.6089764772e-09, 1.21946959197e-08, 9.486634589e-09, 2.72376210475e-09, 5.63079316507e-09, 7.44583017465e-09, 3.26053739563e-09, 1.7925190221e-09, 1.33803002011e-09, 2.18208576208e-10, 7.25215512642e-11, 1.9458035877e-11, 6.00458615121e-12, 3.27309078278e-12, 1.84976448221e-12, 2.01711434014e-12, 4.16759205271e-12, 7.51200317228e-12, 5.34833177745e-10, 1.0596495903e-09, 1.46926481398e-11, 7.17632767447e-12, 1.55370525473e-11, 3.40276799793e-11, 8.52668560758e-11, 2.38358749405e-10, 1.91925031423e-10]}, "mfcc": {"mean": [-761.138366699, 231.288299561, 32.4965171814, -21.8065471649, -9.54120349884, -5.28628826141, -6.71755981445, -10.4620733261, -10.3689222336, -3.93170285225, -0.551299571991, -5.82135820389, -3.11289548874], "cov": [[9372.58496094, -4499.78808594, -1160.14562988, 369.833435059, 210.593658447, -38.2316894531, 3.29863119125, 215.055603027, 246.962341309, 46.5167617798, 269.876739502, 317.855865479, 256.549407959], [-4499.78808594, 4362.89453125, -847.018798828, -398.768737793, 101.624023438, -105.037353516, -23.7346458435, 26.5585136414, -137.214981079, 77.7594451904, -153.738937378, -225.705703735, -109.960464478], [-1160.14562988, -847.018798828, 1922.84716797, 101.098747253, -167.616760254, 164.737136841, 50.4783325195, -57.9753417969, 82.9930877686, -69.868270874, 27.2456607819, 70.8651123047, -20.0571804047], [369.833435059, -398.768737793, 101.098747253, 623.804870605, 199.761306763, 138.321594238, 181.724212646, 181.915405273, 114.705726624, 44.8534202576, 9.45397472382, 44.2996406555, 5.87401485443], [210.593658447, 101.624023438, -167.616760254, 199.761306763, 394.214233398, 76.0696029663, 133.970535278, 160.914825439, 73.2000427246, 48.3228645325, 17.7952651978, 25.6900939941, 15.2471981049], [-38.2316894531, -105.037353516, 164.737136841, 138.321594238, 76.0696029663, 254.171356201, 161.686737061, 60.9812431335, 50.469078064, 21.7340431213, 11.2059574127, 11.7324638367, -7.49155139923], [3.29863119125, -23.7346458435, 50.4783325195, 181.724212646, 133.970535278, 161.686737061, 312.511322021, 111.340774536, 50.4333572388, 49.7869644165, 1.16763830185, -4.3863196373, -10.5786876678], [215.055603027, 26.5585136414, -57.9753417969, 181.915405273, 160.914825439, 60.9812431335, 111.340774536, 177.058181763, 77.5142364502, 34.6469230652, 12.7056236267, 16.2487182617, 8.65003108978], [246.962341309, -137.214981079, 82.9930877686, 114.705726624, 73.2000427246, 50.469078064, 50.4333572388, 77.5142364502, 122.706878662, 31.7261543274, 19.5715522766, 32.663230896, 24.7727584839], [46.5167617798, 77.7594451904, -69.868270874, 44.8534202576, 48.3228645325, 21.7340431213, 49.7869644165, 34.6469230652, 31.7261543274, 73.1552505493, 21.968536377, 13.9909753799, 11.5707416534], [269.876739502, -153.738937378, 27.2456607819, 9.45397472382, 17.7952651978, 11.2059574127, 1.16763830185, 12.7056236267, 19.5715522766, 21.968536377, 89.6500396729, 54.9910507202, 26.2674179077], [317.855865479, -225.705703735, 70.8651123047, 44.2996406555, 25.6900939941, 11.7324638367, -4.3863196373, 16.2487182617, 32.663230896, 13.9909753799, 54.9910507202, 103.10369873, 42.7358665466], [256.549407959, -109.960464478, -20.0571804047, 5.87401485443, 15.2471981049, -7.49155139923, -10.5786876678, 8.65003108978, 24.7727584839, 11.5707416534, 26.2674179077, 42.7358665466, 65.6568527222]], "icov": [[0.000539101602044, 0.000657494121697, 0.000612479867414, 0.000266998336883, 3.05471548927e-05, 3.43535139109e-05, 4.81515999127e-05, -0.000619579863269, -0.000508687167894, 1.04901182567e-05, -0.000296767946566, -0.000228476623306, -0.000298392522382], [0.000657494121697, 0.00112984597217, 0.00080695853103, 0.000597395410296, -7.90434278315e-05, 8.38575124362e-06, 0.000168928105268, -0.00108596181963, -0.00034054389107, -0.0006241009105, 4.82159302919e-05, 4.12153785874e-05, -0.000101845442259], [0.000612479867414, 0.00080695853103, 0.00141720112879, 0.000246513547609, 0.000370228808606, -0.000328532856656, -0.000118440359074, -0.000273405545158, -0.00138760905247, 0.000846955401357, -0.000413000583649, -0.000810072873719, 0.000329405069351], [0.000266998336883, 0.000597395410296, 0.000246513547609, 0.00298708700575, -0.000378203694709, -0.000413203495555, -0.000319436920108, -0.00228756270371, -0.000729300256353, -0.000632031646091, 0.0010014110012, -0.000978730036877, 0.000678852375131], [3.05471548927e-05, -7.90434278315e-05, 0.000370228808606, -0.000378203694709, 0.00442728027701, -0.000260607659584, -0.000534452614374, -0.00289500015788, -0.000230706718867, -0.000148650287883, -0.000116295581392, -0.000753985950723, -0.000216837477637], [3.43535139109e-05, 8.38575124362e-06, -0.000328532856656, -0.000413203495555, -0.000260607659584, 0.0065234741196, -0.00306832767092, 0.000674601644278, -0.00129460392054, 0.000602833053563, -0.000740236486308, -0.000235894025536, 0.000869941839483], [4.81515999127e-05, 0.000168928105268, -0.000118440359074, -0.000319436920108, -0.000534452614374, -0.00306832767092, 0.00639500422403, -0.00238894158974, 0.00127266172785, -0.00309525779448, 0.000676722847857, 0.00111194490455, 0.000277075188933], [-0.000619579863269, -0.00108596181963, -0.000273405545158, -0.00228756270371, -0.00289500015788, 0.000674601644278, -0.00238894158974, 0.0146096795797, -0.00493189599365, 0.00132351205684, -0.00104587816168, 0.000525394396391, 0.00086698931409], [-0.000508687167894, -0.00034054389107, -0.00138760905247, -0.000729300256353, -0.000230706718867, -0.00129460392054, 0.00127266172785, -0.00493189599365, 0.0154835116118, -0.004686166998, 0.00139621761627, -0.000453773856862, -0.00346006336622], [1.04901182567e-05, -0.0006241009105, 0.000846955401357, -0.000632031646091, -0.000148650287883, 0.000602833053563, -0.00309525779448, 0.00132351205684, -0.004686166998, 0.0206877700984, -0.00506111839786, -0.000286971422611, -0.00100681267213], [-0.000296767946566, 4.82159302919e-05, -0.000413000583649, 0.0010014110012, -0.000116295581392, -0.000740236486308, 0.000676722847857, -0.00104587816168, 0.00139621761627, -0.00506111839786, 0.0185543503612, -0.00828321278095, -0.000452457315987], [-0.000228476623306, 4.12153785874e-05, -0.000810072873719, -0.000978730036877, -0.000753985950723, -0.000235894025536, 0.00111194490455, 0.000525394396391, -0.000453773856862, -0.000286971422611, -0.00828321278095, 0.0196462273598, -0.00819201860577], [-0.000298392522382, -0.000101845442259, 0.000329405069351, 0.000678852375131, -0.000216837477637, 0.000869941839483, 0.000277075188933, 0.00086698931409, -0.00346006336622, -0.00100681267213, -0.000452457315987, -0.00819201860577, 0.0233421269804]]}, "spectral_contrast_coeffs": {"dmean": [0.0477227941155, 0.0421716570854, 0.0401235744357, 0.0349196568131, 0.0233165379614, 0.0296295601875], "dmean2": [0.076324686408, 0.0699860006571, 0.0617902353406, 0.0568232126534, 0.0380525924265, 0.0486368015409], "dvar": [0.00184897438157, 0.00110807968304, 0.000938260520343, 0.000819255656097, 0.000568557356019, 0.000740093470085], "dvar2": [0.00524841248989, 0.00302004185505, 0.00223628384992, 0.00219537038356, 0.00139460526407, 0.00193324382417], "max": [-0.266425788403, -0.463790386915, -0.469853669405, -0.547418475151, -0.597530663013, -0.621816337109], "mean": [-0.562040686607, -0.672891974449, -0.70547825098, -0.740146994591, -0.807344615459, -0.842127978802], "median": [-0.56268453598, -0.669534862041, -0.702054381371, -0.741162002087, -0.820814847946, -0.848739862442], "min": [-0.953242957592, -0.960967898369, -0.962191998959, -0.962373137474, -0.963735759258, -0.96263641119], "var": [0.010356544517, 0.00400739302859, 0.00420796964318, 0.00426009530202, 0.00373585848138, 0.00333172059618]}, "spectral_contrast_valleys": {"dmean": [0.384091198444, 0.29672190547, 0.304243922234, 0.366876542568, 0.447262406349, 0.684228539467], "dmean2": [0.621617496014, 0.488691538572, 0.487867087126, 0.560598731041, 0.631073057652, 1.02264010906], "dvar": [0.176598474383, 0.0925962477922, 0.0962796583772, 0.181403741241, 0.372631400824, 0.543886005878], "dvar2": [0.359223514795, 0.16218431294, 0.168210908771, 0.316470950842, 0