{"lowlevel": {"average_loudness": 0.939163506031, "barkbands_crest": {"dmean": 2.26451778412, "dmean2": 3.7294151783, "dvar": 4.89787483215, "dvar2": 13.2762928009, "max": 26.0143756866, "mean": 9.98954200745, "median": 9.97825336456, "min": 2.44567418098, "var": 15.2740325928}, "barkbands_flatness_db": {"dmean": 0.0154701992869, "dmean2": 0.0250402782112, "dvar": 0.000267308700131, "dvar2": 0.000699981872458, "max": 0.646973192692, "mean": 0.136265650392, "median": 0.0977305024862, "min": 0.0170840080827, "var": 0.0116046257317}, "barkbands_kurtosis": {"dmean": 1.95547294617, "dmean2": 3.43228387833, "dvar": 351.018127441, "dvar2": 1065.36999512, "max": 918.887817383, "mean": 1.78400671482, "median": -0.495935201645, "min": -1.70295763016, "var": 395.467132568}, "barkbands_skewness": {"dmean": 0.409524768591, "dmean2": 0.666794717312, "dvar": 0.277144551277, "dvar2": 0.734262049198, "max": 14.3880233765, "mean": 0.997251451015, "median": 0.893659591675, "min": -1.83413958549, "var": 0.714710474014}, "barkbands_spread": {"dmean": 4.61724472046, "dmean2": 7.39569473267, "dvar": 28.1701335907, "dvar2": 70.9789505005, "max": 69.0180664062, "mean": 32.986541748, "median": 37.3187065125, "min": 0.0688628479838, "var": 202.787231445}, "dissonance": {"dmean": 0.0133891338482, "dmean2": 0.0226698517799, "dvar": 0.000465630088001, "dvar2": 0.00130227860063, "max": 0.5, "mean": 0.468674510717, "median": 0.486934989691, "min": 0.128576993942, "var": 0.00278534926474}, "dynamic_complexity": 2.71754837036, "erbbands_crest": {"dmean": 1.77192521095, "dmean2": 2.8959338665, "dvar": 3.20929908752, "dvar2": 8.28758049011, "max": 31.4054775238, "mean": 7.58301973343, "median": 6.05976390839, "min": 2.64130401611, "var": 19.535610199}, "erbbands_flatness_db": {"dmean": 0.0103054717183, "dmean2": 0.0158486757427, "dvar": 0.000131616528961, "dvar2": 0.000260944303591, "max": 0.53531318903, "mean": 0.178595244884, "median": 0.148280739784, "min": 0.0599938668311, "var": 0.00802681036294}, "erbbands_kurtosis": {"dmean": 0.67060649395, "dmean2": 1.04544353485, "dvar": 3.32413578033, "dvar2": 4.81362295151, "max": 142.918548584, "mean": 0.5894921422, "median": -0.0082483291626, "min": -1.69000935555, "var": 27.2917289734}, "erbbands_skewness": {"dmean": 0.23235553503, "dmean2": 0.364599913359, "dvar": 0.0546882264316, "dvar2": 0.129617124796, "max": 7.95584917068, "mean": -0.248264625669, "median": -0.393058657646, "min": -1.82307565212, "var": 0.576201140881}, "erbbands_spread": {"dmean": 5.83321046829, "dmean2": 9.61762905121, "dvar": 50.8707771301, "dvar2": 135.306869507, "max": 76.6789703369, "mean": 32.3074645996, "median": 32.2063789368, "min": 0.407198727131, "var": 145.615509033}, "hfc": {"dmean": 4.78301715851, "dmean2": 7.40682506561, "dvar": 26.3791007996, "dvar2": 63.9001731873, "max": 84.8083724976, "mean": 32.3990364075, "median": 35.4333229065, "min": 1.19049924871e-16, "var": 280.295654297}, "melbands_crest": {"dmean": 2.66728687286, "dmean2": 4.45195484161, "dvar": 6.79984807968, "dvar2": 18.6999320984, "max": 34.745880127, "mean": 14.7417640686, "median": 14.7671985626, "min": 2.29024910927, "var": 18.8643474579}, "melbands_flatness_db": {"dmean": 0.0202037505805, "dmean2": 0.0324524305761, "dvar": 0.000460552109871, "dvar2": 0.00117113103624, "max": 0.785626828671, "mean": 0.194052159786, "median": 0.156411379576, "min": 0.0080098118633, "var": 0.0137877697125}, "melbands_kurtosis": {"dmean": 3.8489048481, "dmean2": 6.49002599716, "dvar": 37.5999259949, "dvar2": 101.777030945, "max": 93.3731689453, "mean": 6.59505224228, "median": 4.53208065033, "min": -1.41614675522, "var": 76.9137420654}, "melbands_skewness": {"dmean": 0.578540861607, "dmean2": 0.951061248779, "dvar": 0.453838378191, "dvar2": 1.20917522907, "max": 7.13165664673, "mean": 2.22874188423, "median": 2.18583965302, "min": -1.00319254398, "var": 1.03860139847}, "melbands_spread": {"dmean": 7.57267284393, "dmean2": 12.1507806778, "dvar": 67.8397750854, "dvar2": 170.117614746, "max": 141.687026978, "mean": 33.1037979126, "median": 32.8509979248, "min": 0.248239129782, "var": 284.880096436}, "pitch_salience": {"dmean": 0.0620821006596, "dmean2": 0.101374380291, "dvar": 0.00341023411602, "dvar2": 0.00918005872518, "max": 0.871863245964, "mean": 0.509182691574, "median": 0.508764624596, "min": 0.0372036918998, "var": 0.0115989018232}, "silence_rate_20dB": {"dmean": 0, "dmean2": 0, "dvar": 0, "dvar2": 0, "max": 1, "mean": 1, "median": 1, "min": 1, "var": 0}, "silence_rate_30dB": {"dmean": 0.0089803552255, "dmean2": 0.0179640725255, "dvar": 0.00889939907938, "dvar2": 0.0262480042875, "max": 1, "mean": 0.995323598385, "median": 1, "min": 0, "var": 0.00465427851304}, "silence_rate_60dB": {"dmean": 0.00224508880638, "dmean2": 0.00449101813138, "dvar": 0.00223980564624, "dvar2": 0.00522006815299, "max": 1, "mean": 0.124953232706, "median": 0, "min": 0, "var": 0.109350040555}, "spectral_centroid": {"dmean": 218.987716675, "dmean2": 351.300109863, "dvar": 76471.765625, "dvar2": 172179.40625, "max": 10016.0898438, "mean": 1917.94311523, "median": 2132.57714844, "min": 190.544586182, "var": 505858.90625}, "spectral_complexity": {"dmean": 3.54125356674, "dmean2": 5.79229021072, "dvar": 10.8644933701, "dvar2": 27.3266639709, "max": 59, "mean": 33.8565292358, "median": 39, "min": 0, "var": 206.869689941}, "spectral_decrease": {"dmean": 2.54933008037e-09, "dmean2": 4.26772306383e-09, "dvar": 1.76119722605e-17, "dvar2": 4.83413151178e-17, "max": 4.55566149615e-29, "mean": -9.08848996062e-09, "median": -8.76809735928e-09, "min": -4.13003178323e-08, "var": 3.36147605921e-17}, "spectral_energy": {"dmean": 0.00983870495111, "dmean2": 0.0164644122124, "dvar": 0.000258404936176, "dvar2": 0.000708308187313, "max": 0.160505503416, "mean": 0.0372407212853, "median": 0.0364309474826, "min": 1.06262367987e-20, "var": 0.000525895797182}, "spectral_energyband_high": {"dmean": 0.000375783711206, "dmean2": 0.000554898288101, "dvar": 2.20272440288e-07, "dvar2": 4.83064127366e-07, "max": 0.00879700202495, "mean": 0.00155600742437, "median": 0.0014926729491, "min": 7.61156332373e-21, "var": 1.33374123834e-06}, "spectral_energyband_low": {"dmean": 0.00731166359037, "dmean2": 0.0120387347415, "dvar": 0.000179099413799, "dvar2": 0.000484648102429, "max": 0.138299494982, "mean": 0.0178784485906, "median": 0.0151022886857, "min": 1.32664215179e-22, "var": 0.000274126621662}, "spectral_energyband_middle_high": {"dmean": 0.00155351869762, "dmean2": 0.00246372027323, "dvar": 2.32251613852e-06, "dvar2": 5.61674050914e-06, "max": 0.0204047653824, "mean": 0.00939948577434, "median": 0.0105230342597, "min": 1.45547214956e-21, "var": 2.28319495363e-05}, "spectral_energyband_middle_low": {"dmean": 0.00472753820941, "dmean2": 0.00820674095303, "dvar": 0.000107064675831, "dvar2": 0.000300793821225, "max": 0.122482262552, "mean": 0.00976466108114, "median": 0.00786569807678, "min": 3.40161315683e-22, "var": 9.67428641161e-05}, "spectral_entropy": {"dmean": 0.0909667611122, "dmean2": 0.139054447412, "dvar": 0.0141184637323, "dvar2": 0.0274311862886, "max": 9.79588127136, "mean": 7.56391620636, "median": 7.90698051453, "min": 2.94636416435, "var": 0.76376760006}, "spectral_flux": {"dmean": 0.0209213234484, "dmean2": 0.0334386043251, "dvar": 0.000972989364527, "dvar2": 0.00185586605221, "max": 0.315759241581, "mean": 0.0879214331508, "median": 0.0843148827553, "min": 1.03083638847e-10, "var": 0.00259446143173}, "spectral_kurtosis": {"dmean": 4.03505945206, "dmean2": 6.92983818054, "dvar": 133.468048096, "dvar2": 390.960144043, "max": 340.137420654, "mean": 12.000957489, "median": 2.75761580467, "min": -1.24661946297, "var": 999.179504395}, "spectral_rms": {"dmean": 0.000693616340868, "dmean2": 0.00114186748397, "dvar": 9.00804877801e-07, "dvar2": 2.43744921136e-06, "max": 0.0125136217102, "mean": 0.00560415908694, "median": 0.0059617436491, "min": 3.21979183766e-12, "var": 4.92574963573e-06}, "spectral_rolloff": {"dmean": 431.546905518, "dmean2": 712.598388672, "dvar": 341454.875, "dvar2": 729728.125, "max": 19099.9511719, "mean": 1894.43493652, "median": 1959.52148438, "min": 129.19921875, "var": 831212.875}, "spectral_skewness": {"dmean": 0.293088823557, "dmean2": 0.506821751595, "dvar": 0.364952743053, "dvar2": 1.11825454235, "max": 14.6755952835, "mean": 1.65415763855, "median": 1.07338356972, "min": 0.115668661892, "var": 3.29638147354}, "spectral_spread": {"dmean": 266659.71875, "dmean2": 411554.78125, "dvar": 346941652992, "dvar2": 386292678656, "max": 42927556, "mean": 3486989.75, "median": 3634397, "min": 289761, "var": 1492601667580.0}, "spectral_strongpeak": {"dmean": 0.272116631269, "dmean2": 0.489010334015, "dvar": 0.474690675735, "dvar2": 1.30825865269, "max": 11.2161712646, "mean": 0.478447437286, "median": 0.365011692047, "min": 5.06676256506e-09, "var": 0.468134522438}, "zerocrossingrate": {"dmean": 0.00657850503922, "dmean2": 0.00842668954283, "dvar": 6.61145677441e-05, "dvar2": 7.79930051067e-05, "max": 0.5048828125, "mean": 0.0641673356295, "median": 0.06640625, "min": 0.00830078125, "var": 0.000534527760465}, "barkbands": {"dmean": [0.00014836009359, 0.00473772315308, 0.00339010474272, 0.00174216600135, 0.00283241132274, 0.000619846221525, 0.000387573149055, 0.000230868521612, 0.000684476341121, 0.000504856405314, 0.000305453781039, 0.000235421044636, 0.00042350179865, 0.000478818430565, 0.000619710306637, 0.000387959968066, 0.000467080069939, 0.000451457162853, 0.000289237854304, 0.000365397427231, 0.000177278270712, 9.34444105951e-05, 6.89513617544e-05, 3.77643555112e-05, 1.24048401631e-05, 2.86774684355e-06, 1.14119313821e-06], "dmean2": [0.000228325894568, 0.00762584479526, 0.00600827671587, 0.00305974693038, 0.00497683649883, 0.000979417818598, 0.000608289439697, 0.000363055354683, 0.0010694321245, 0.000779991038144, 0.000480446062284, 0.000387929525459, 0.000694150221534, 0.000801306916401, 0.00102636474185, 0.000655901501887, 0.000755908957217, 0.000722585129552, 0.000470746366773, 0.000578928447794, 0.00028456619475, 0.000147151426063, 0.000100569042843, 5.30268262082e-05, 1.81376908586e-05, 4.43728822574e-06, 1.82923940883e-06], "dvar": [8.25423711603e-08, 5.36913721589e-05, 8.53389210533e-05, 1.56448240887e-05, 5.58816973353e-05, 7.19704530638e-07, 2.75526957694e-07, 7.8817315341e-08, 1.00548857063e-06, 6.12391090726e-07, 1.35911037091e-07, 8.40051868067e-08, 2.82751443592e-07, 3.21211274468e-07, 5.38043764209e-07, 1.88561912751e-07, 3.51911410235e-07, 3.32731644903e-07, 1.1388873844e-07, 2.01016433721e-07, 4.41933032391e-08, 1.46205341167e-08, 1.11931370839e-08, 2.69596145408e-09, 5.46597322959e-10, 3.09759891348e-11, 7.02031792074e-12], "dvar2": [1.79899487307e-07, 0.000145829559187, 0.000247583375312, 4.35203764937e-05, 0.000156483714818, 1.90480034234e-06, 6.06424350735e-07, 1.95785787582e-07, 2.58498630501e-06, 1.47645130255e-06, 3.27191685301e-07, 2.26472891995e-07, 7.12367921096e-07, 8.72919315498e-07, 1.4200456917e-06, 5.3307331882e-07, 8.46007196742e-07, 7.86226394212e-07, 2.96863902349e-07, 4.70077651471e-07, 1.08568137591e-07, 3.38337216022e-08, 2.35523511805e-08, 5.24947374458e-09, 1.13815890046e-09, 7.89825774228e-11, 1.80905412178e-11], "max": [0.00432687392458, 0.0931575298309, 0.0844954252243, 0.0362445451319, 0.0955125838518, 0.0119454506785, 0.0108630442992, 0.00579372653738, 0.0160091202706, 0.0146090555936, 0.00564891751856, 0.0035501155071, 0.00899022165686, 0.00666028726846, 0.00988867040724, 0.004212024156, 0.0137080373242, 0.0107677355409, 0.00503117777407, 0.00803902093321, 0.00316105806269, 0.00174126925413, 0.00164889416192, 0.000716424663551, 0.000304717454128, 9.59792378126e-05, 3.26533372572e-05], "mean": [0.000244061258854, 0.0125714279711, 0.00403715204448, 0.00191327265929, 0.00324620166793, 0.00127160188276, 0.000813973892946, 0.000535218452569, 0.00142834184226, 0.00112806470133, 0.000587364018429, 0.000470800965559, 0.000884071167093, 0.00100454769563, 0.00139689084608, 0.000868185074069, 0.00101266393904, 0.000947361870203, 0.000753271975555, 0.000953138282057, 0.000517475476954, 0.000288186100079, 0.000204647833016, 0.000117957242765, 3.54477342626e-05, 7.80786194809e-06, 1.60892909662e-06], "median": [0.000120248281746, 0.0105868708342, 0.002102910541, 0.000879890634678, 0.0014301922638, 0.000839851039927, 0.000491362181492, 0.00037553452421, 0.000973284593783, 0.000703766709194, 0.000441316515207, 0.000379582110327, 0.000700132164638, 0.000896896992344, 0.00120513315778, 0.0008241989417, 0.000779590103775, 0.00074689014582, 0.000699879718013, 0.000818591448478, 0.000480093818624, 0.000260292727035, 0.000146960286656, 8.32972364151e-05, 2.078941543e-05, 3.50712798536e-06, 3.63647870927e-07], "min": [3.05397181156e-23, 6.53262278936e-23, 2.58505805891e-23, 2.12321297329e-23, 2.58206385846e-23, 8.70580079244e-23, 5.34942735702e-23, 2.63592980542e-23, 1.02280612636e-22, 3.35716513622e-23, 2.98740899055e-23, 2.49047805399e-22, 8.02312308941e-23, 1.25232829907e-22, 1.4697622197e-22, 1.19698535206e-22, 2.04221926731e-22, 2.44449920147e-22, 1.57187906482e-22, 2.33494346113e-22, 4.67034887921e-22, 5.07353429947e-22, 6.12315803629e-22, 7.52387208138e-22, 1.30152850612e-21, 1.54038791418e-21, 2.5072151328e-21], "var": [1.37605425721e-07, 0.000117666837468, 5.973568841e-05, 1.18774687508e-05, 4.16788243456e-05, 1.82597375442e-06, 8.6692352852e-07, 2.80462899127e-07, 2.58948239207e-06, 2.14131796383e-06, 3.26053481103e-07, 1.59246994258e-07, 7.55364112592e-07, 6.78311494084e-07, 1.40055931297e-06, 4.18580242467e-07, 1.10072426196e-06, 8.55125449561e-07, 3.3070367067e-07, 6.54285997825e-07, 1.61913334296e-07, 6.04343455279e-08, 4.42378187415e-08, 1.45313991951e-08, 2.02557859375e-09, 9.01557578592e-11, 7.47887949487e-12]}, "erbbands": {"dmean": [0.0854132026434, 1.27541732788, 3.73765206337, 4.91250133514, 9.74695491791, 8.70033359528, 5.1537103653, 4.68287611008, 4.82772445679, 5.59012126923, 5.66652584076, 17.4854679108, 16.2850227356, 15.1803712845, 7.19916915894, 10.5869903564, 16.5372962952, 24.8963661194, 31.916809082, 20.6937770844, 20.4223709106, 21.7341003418, 28.9043292999, 10.6542806625, 18.9120826721, 15.9505290985, 9.27764129639, 4.90398550034, 3.39518785477, 2.86366200447, 1.81733822823, 1.17126870155, 0.451086193323, 0.18929412961, 0.0655847117305, 0.0172608140856, 0.00497101387009, 0.00112989766058, 0.000186045988812, 2.07907814911e-05], "dmean2": [0.135206580162, 2.08211779594, 6.44043636322, 8.68907928467, 17.2417354584, 15.1473493576, 8.72524356842, 7.15038537979, 7.4167137146, 8.7337474823, 8.99308395386, 27.2506961823, 25.1050643921, 23.815820694, 11.5370082855, 17.3360767365, 27.0396995544, 41.5532035828, 52.7609291077, 34.2999801636, 34.0280799866, 35.0643463135, 45.9837341309, 17.4942951202, 30.9614372253, 25.5381450653, 14.8553094864, 7.90080070496, 5.4118270874, 4.31764030457, 2.65081548691, 1.74069523811, 0.612940967083, 0.275923550129, 0.0955655798316, 0.0256766732782, 0.00794418808073, 0.0018006854225, 0.000300958083244, 3.46228662238e-05], "dvar": [0.0264423489571, 3.84529471397, 77.5105819702, 151.195297241, 799.571838379, 432.233642578, 79.1538543701, 33.9502830505, 44.6331863403, 52.1985664368, 51.0898780823, 675.26763916, 781.667053223, 336.242462158, 67.7177200317, 182.333129883, 404.951263428, 818.687927246, 1713.38537598, 529.699829102, 590.650085449, 682.019104004, 1483.16271973, 145.046630859, 522.963989258, 375.269714355, 122.851417542, 36.3142051697, 19.9070930481, 16.2122402191, 7.87981987, 2.6445953846, 0.471550911665, 0.110184274614, 0.0153499795124, 0.000802051858045, 0.00013192393817, 5.98473843638e-06, 2.04201356269e-07, 1.73246927915e-09], "dvar2": [0.0673464387655, 10.5827169418, 224.875030518, 419.672393799, 2237.65014648, 1222.9753418, 218.008239746, 79.6627731323, 93.371131897, 117.770942688, 124.191444397, 1703.95996094, 1891.19726562, 846.678710938, 171.865036011, 491.687042236, 1003.46453857, 2215.07763672, 4533.98339844, 1459.52746582, 1566.49377441, 1671.67529297, 3396.29931641, 362.294555664, 1349.31640625, 898.96081543, 306.736968994, 90.9910812378, 47.1200752258, 35.7539367676, 17.1854133606, 5.67997932434, 0.898921847343, 0.217880368233, 0.033768735826, 0.00175609486178, 0.000368320936104, 1.58553630172e-05, 5.40921007541e-07, 4.56890214551e-09], "max": [2.22980666161, 25.0883407593, 87.0244522095, 125.114326477, 333.863739014, 275.246520996, 138.207962036, 86.8355178833, 121.705764771, 146.685836792, 138.172363281, 402.343688965, 553.023742676, 282.155029297, 119.870155334, 179.277603149, 332.717010498, 352.076599121, 586.617553711, 292.797790527, 461.938262939, 359.723602295, 774.001525879, 185.844070435, 342.923126221, 349.737060547, 174.41003418, 92.1146087646, 58.2247314453, 56.2007331848, 41.5067367554, 21.4816741943, 11.2150640488, 4.50712442398, 1.77935874462, 0.331268191338, 0.256906270981, 0.0365178436041, 0.0072810491547, 0.000583491579164], "mean": [0.22851601243, 3.16410422325, 5.9590139389, 5.61372518539, 9.78161048889, 10.758441925, 8.51691818237, 9.93380737305, 10.9586982727, 12.8972644806, 13.2457141876, 36.1961936951, 37.5540161133, 33.7966346741, 16.1773605347, 22.1209068298, 37.7418441772, 57.4803314209, 72.4918670654, 55.5306358337, 53.2479438782, 52.1233558655, 60.6788444519, 30.8959960938, 48.8218383789, 42.9823684692, 27.5022239685, 15.420381546, 10.4597549438, 8.19482040405, 5.27168750763, 3.45512843132, 1.431614995, 0.552142679691, 0.174493864179, 0.048916824162, 0.0120563441887, 0.00231816153973, 0.000287661328912, 6.07375441177e-05], "median": [0.199317842722, 2.60123896599, 4.15990257263, 2.86743068695, 3.72421073914, 4.5537571907, 4.54768037796, 6.79388427734, 6.49842786789, 8.58893108368, 10.7248487473, 23.856803894, 23.738609314, 26.220741272, 14.1637096405, 17.7640151978, 31.4927749634, 53.9079971313, 60.3677902222, 54.7984924316, 49.5242347717, 43.139289856, 46.3229293823, 30.4488658905, 44.6308403015, 37.683971405, 25.0399017334, 14.8455142975, 9.63805866241, 6.70892238617, 3.73539280891, 2.47223806381, 0.947589993477, 0.337542235851, 0.0957014784217, 0.0235336981714, 0.00510084070265, 0.000859738327563, 8.37539555505e-05, 5.41765766684e-05], "min": [3.00321552904e-21, 1.0627401637e-20, 2.77507237102e-20, 5.6802770545e-20, 7.19596274238e-20, 8.01336452913e-20, 3.84944317881e-19, 7.19200403692e-19, 6.54056104743e-19, 8.97700758303e-19, 4.83091624006e-19, 2.87231932982e-18, 1.78036502743e-18, 5.07687064038e-19, 3.29416076271e-18, 8.79770853384e-18, 4.70229472129e-18, 5.38827643046e-18, 6.50344617712e-18, 1.0973487194e-17, 5.21782221676e-18, 1.27370470133e-17, 1.35293851241e-17, 1.07976873256e-17, 6.93121725423e-18, 1.03250040635e-17, 1.88966069128e-17, 1.74469712349e-17, 1.81693976947e-17, 1.6349512666e-17, 1.64480596554e-17, 1.94512298592e-17, 1.27118874878e-17, 1.42154478969e-17, 8.88374276217e-18, 5.12470029135e-18, 2.99105242136e-18, 1.29789683911e-18, 3.32446188781e-19, 3.86071946001e-20], "var": [0.0428924076259, 8.51373577118, 66.3571472168, 113.132362366, 549.798706055, 377.218261719, 139.452072144, 106.900909424, 167.184570312, 195.25088501, 133.557861328, 1665.18774414, 2737.23046875, 920.696105957, 156.62612915, 348.375061035, 1133.67285156, 1870.71020508, 4417.54199219, 1415.33569336, 1741.32470703, 2057.61962891, 3911.21069336, 447.089782715, 1464.46081543, 1197.68554688, 468.377258301, 129.555221558, 77.1814193726, 62.4908409119, 29.5560665131, 12.2661514282, 2.37384152412, 0.445599883795, 0.0521436594427, 0.00351929897442, 0.000239539178438, 9.25507447391e-06, 2.11036066844e-07, 2.32952301893e-09]}, "gfcc": {"mean": [3.91746020317, 105.555999756, -144.145126343, 41.3843803406, -47.6615066528, 11.3629980087, -27.2259922028, 3.8510723114, -16.5714759827, -2.88552165031, -13.4340772629, -7.88774824142, -4.69305562973], "cov": [[23237.9277344, -5432.73242188, 666.805969238, 5895.98730469, -179.309173584, 3382.78198242, 555.500976562, 2080.89111328, 1268.08911133, 1639.3236084, 220.356002808, 509.895751953, -422.931243896], [-5432.73242188, 2000.90368652, -260.427642822, -1424.31201172, 114.697296143, -970.947998047, -94.5398178101, -599.315551758, -303.962097168, -504.122406006, -40.1380462646, -176.400314331, 173.306152344], [666.805969238, -260.427642822, 623.466247559, 293.120239258, 30.215385437, 250.940124512, 12.487909317, 99.8153076172, 5.97624254227, 6.56276226044, -49.8429374695, 28.0676651001, -63.5842971802], [5895.98730469, -1424.31201172, 293.120239258, 1759.29406738, -0.142023876309, 959.388671875, 196.990966797, 564.742431641, 341.926879883, 415.390838623, 59.0462532043, 100.463729858, -113.979537964], [-179.309173584, 114.697296143, 30.215385437, -0.142023876309, 113.840538025, -11.3915185928, 31.2837924957, -20.7441310883, -8.89092922211, -32.2637062073, -10.0041542053, -19.3901290894, -2.02051544189], [3382.78198242, -970.947998047, 250.940124512, 959.388671875, -11.3915185928, 664.006774902, 117.924766541, 365.006256104, 207.470672607, 263.408111572, 24.0946903229, 82.591468811, -89.7132873535], [555.500976562, -94.5398178101, 12.487909317, 196.990966797, 31.2837924957, 117.924766541, 111.642326355, 94.010093689, 54.6036376953, 38.0582466125, 10.2811794281, 0.35601952672, -6.12673950195], [2080.89111328, -599.315551758, 99.8153076172, 564.742431641, -20.7441310883, 365.006256104, 94.010093689, 284.152191162, 156.293014526, 173.661178589, 23.5002651215, 54.3915634155, -54.5069122314], [1268.08911133, -303.962097168, 5.97624254227, 341.926879883, -8.89092922211, 207.470672607, 54.6036376953, 156.293014526, 139.86491394, 125.191116333, 25.7632045746, 25.0429840088, -27.2022590637], [1639.3236084, -504.122406006, 6.56276226044, 415.390838623, -32.2637062073, 263.408111572, 38.0582466125, 173.661178589, 125.191116333, 193.233612061, 46.7109260559, 50.1323242188, -40.2855110168], [220.356002808, -40.1380462646, -49.8429374695, 59.0462532043, -10.0041542053, 24.0946903229, 10.2811794281, 23.5002651215, 25.7632045746, 46.7109260559, 59.9817123413, 32.2781639099, 11.5590896606], [509.895751953, -176.400314331, 28.0676651001, 100.463729858, -19.3901290894, 82.591468811, 0.35601952672, 54.3915634155, 25.0429840088, 50.1323242188, 32.2781639099, 75.3478164673, 10.458770752], [-422.931243896, 173.306152344, -63.5842971802, -113.979537964, -2.02051544189, -89.7132873535, -6.12673950195, -54.5069122314, -27.2022590637, -40.2855110168, 11.5590896606, 10.458770752, 62.073841095]], "icov": [[0.000509300793055, -0.000412411638536, 0.000499190122355, -0.00144772452768, 0.000244757859036, -0.000364427629393, 0.000670748995617, -0.00073546054773, 0.000458530761534, -0.00135081016924, 0.00172801420558, -0.00176528852899, 0.000676101190038], [-0.000412411638536, 0.00582721596584, -0.00149561744183, 0.00188109802548, -0.00147740496323, 0.00336042395793, -0.00301577034406, 0.00514055136591, -0.0070333359763, 0.00964439660311, -0.00798304751515, 0.00670081237331, -0.00459767971188], [0.000499190122355, -0.00149561744183, 0.00342443515547, -0.00162948993966, -4.39024879597e-05, -0.00270555494353, 0.001876681461, -0.00179637921974, 0.00265375338495, -0.000674970040563, 0.00418567284942, -0.00444993143901, 0.00348390475847], [-0.00144772452768, 0.00188109802548, -0.00162948993966, 0.00747283548117, -0.0016938727349, -0.00260486500338, -0.00166201847605, 0.00103138072882, -0.00237770960666, 0.00396605441347, -0.00717360386625, 0.00840243510902, -0.00468950625509], [0.000244757859036, -0.00147740496323, -4.39024879597e-05, -0.0016938727349, 0.012216408737, -0.000739811221138, -0.00449949502945, 0.00292317080311, -0.000173869164428, 7.65458826208e-05, 0.00228810263798, -0.00251121260226, 0.00405885884538], [-0.000364427629393, 0.00336042395793, -0.00270555494353, -0.00260486500338, -0.000739811221138, 0.0148438392207, -0.00444830814376, 0.000236437554122, -0.00390611845069, 0.00088103703456, -4.87387660542e-05, -0.00118105451111, 0.000846413488034], [0.000670748995617, -0.00301577034406, 0.001876681461, -0.00166201847605, -0.00449949502945, -0.00444830814376, 0.0207200795412, -0.0123019078746, 0.00338655291125, -0.00124981894623, -0.000297424761811, 0.00269533740357, -0.00319800013676], [-0.00073546054773, 0.00514055136591, -0.00179637921974, 0.00103138072882, 0.00292317080311, 0.000236437554122, -0.0123019078746, 0.0279856193811, -0.0163841638714, 0.00744002917781, -0.00313466694206, -0.00192950398196, 0.00304486742243], [0.000458530761534, -0.0070333359763, 0.00265375338495, -0.00237770960666, -0.000173869164428, -0.00390611845069, 0.00338655291125, -0.0163841638714, 0.03430762887, -0.0211103223264, 0.00824537407607, -0.00245343032293, 0.00162139639724], [-0.00135081016924, 0.00964439660311, -0.000674970040563, 0.00396605441347, 7.65458826208e-05, 0.00088103703456, -0.00124981894623, 0.00744002917781, -0.0211103223264, 0.0430259779096, -0.0258102808148, 0.00982282403857, -2.97513761325e-05], [0.00172801420558, -0.00798304751515, 0.00418567284942, -0.00717360386625, 0.00228810263798, -4.87387660542e-05, -0.000297424761811, -0.00313466694206, 0.00824537407607, -0.0258102808148, 0.0466459132731, -0.0257026012987, 0.00490632746369], [-0.00176528852899, 0.00670081237331, -0.00444993143901, 0.00840243510902, -0.00251121260226, -0.00118105451111, 0.00269533740357, -0.00192950398196, -0.00245343032293, 0.00982282403857, -0.0257026012987, 0.0414523743093, -0.0199807081372], [0.000676101190038, -0.00459767971188, 0.00348390475847, -0.00468950625509, 0.00405885884538, 0.000846413488034, -0.00319800013676, 0.00304486742243, 0.00162139639724, -2.97513761325e-05, 0.00490632746369, -0.0199807081372, 0.0353682152927]]}, "melbands": {"dmean": [0.0010371991666, 0.00182080082595, 0.000957159907557, 0.000730403524358, 0.0001882576762, 0.000107737556391, 7.78272078605e-05, 5.62762761547e-05, 4.98059307574e-05, 0.000119927142805, 8.11683639768e-05, 6.16528632236e-05, 2.92896020255e-05, 2.39236269408e-05, 2.58756972471e-05, 5.37671039638e-05, 5.08427110617e-05, 5.01351678395e-05, 4.09343556385e-05, 3.12463198497e-05, 2.66862371063e-05, 3.00903575408e-05, 2.04371117434e-05, 2.27127675316e-05, 9.24720097828e-06, 1.45777030411e-05, 1.6779616999e-05, 1.04660202851e-05, 6.85936811351e-06, 5.32366448169e-06, 2.74928606814e-06, 2.22535027206e-06, 2.02911633096e-06, 1.65957430909e-06, 1.14694455533e-06, 1.04768400888e-06, 6.85635086484e-07, 3.73073532955e-07, 2.27871197467e-07, 1.61012366107e-07], "dmean2": [0.00165179395117, 0.00307750352658, 0.00169742514845, 0.00128890213091, 0.000320984632708, 0.000165126519278, 0.000119263786473, 8.76500198501e-05, 7.8616416431e-05, 0.000186756515177, 0.000125104139443, 9.70379769569e-05, 4.66038109153e-05, 3.92755719076e-05, 4.23336132371e-05, 8.80135994521e-05, 8.52240045788e-05, 8.31967336126e-05, 6.80947923684e-05, 5.2748611779e-05, 4.45898695034e-05, 4.87845391035e-05, 3.27397683577e-05, 3.66261410818e-05, 1.51422673298e-05, 2.39298369706e-05, 2.71167009487e-05, 1.67128036992e-05, 1.10017235784e-05, 8.5233241407e-06, 4.49827484772e-06, 3.63408980775e-06, 3.26910321746e-06, 2.55187023868e-06, 1.74442243406e-06, 1.59025546509e-06, 1.07366872726e-06, 5.36384106908e-07, 3.25354108099e-07, 2.51608696544e-07], "dvar": [2.78031006928e-06, 1.33213443405e-05, 5.13049326401e-06, 3.88588523492e-06, 1.03069098145e-07, 1.8134944213e-08, 1.08900568563e-08, 4.91022955629e-09, 4.19281542818e-09, 3.35132916973e-08, 1.96061922253e-08, 5.72512215413e-09, 1.07156739038e-09, 8.56409054784e-10, 8.99874119664e-10, 4.86566742453e-09, 3.71570796354e-09, 4.01558519769e-09, 2.1011588025e-09, 1.22037613348e-09, 1.29434651885e-09, 1.39900291352e-09, 6.68145705429e-10, 9.70897473529e-10, 1.15474962925e-10, 3.47936512934e-10, 4.73756756048e-10, 1.71714753527e-10, 7.133811597e-11, 4.64066701733e-11, 1.26645716483e-11, 8.22087536934e-12, 7.65768264771e-12, 5.72837350471e-12, 2.94499689392e-12, 2.43437388303e-12, 8.97876337082e-13, 3.16778423154e-13, 1.19506780773e-13, 8.42272486565e-14], "dvar2": [7.35698949939e-06, 3.79736229661e-05, 1.42967492138e-05, 1.09313596113e-05, 2.87248468567e-07, 4.27854800478e-08, 2.30541488122e-08, 1.13027844861e-08, 1.00866390795e-08, 8.501621096e-08, 4.73682959523e-08, 1.44159848503e-08, 2.70456324003e-09, 2.31288987962e-09, 2.42777398185e-09, 1.20074679089e-08, 1.01002006758e-08, 1.06518580623e-08, 5.64547342208e-09, 3.46846218413e-09, 3.27229310315e-09, 3.42686123922e-09, 1.61732338633e-09, 2.31619723401e-09, 2.89983703716e-10, 9.18882137046e-10, 1.12746612047e-09, 4.04847544377e-10, 1.72143396759e-10, 1.06176227532e-10, 3.30986626995e-11, 2.09740697033e-11, 1.82090661993e-11, 1.33821061871e-11, 6.66555829629e-12, 5.50977709637e-12, 2.17707145714e-12, 6.65697965502e-13, 2.22370448335e-13, 1.8725261142e-13], "max": [0.020419601351, 0.0381985604763, 0.0188751686364, 0.0254051927477, 0.00367550551891, 0.00199245428666, 0.00170815514866, 0.00130287592765, 0.00106135045644, 0.00289418804459, 0.00276736519299, 0.00119025295135, 0.000419848394813, 0.000364426872693, 0.000410936685512, 0.0011760116322, 0.000712662877049, 0.000877790444065, 0.000652097165585, 0.00037302961573, 0.000822863017675, 0.000590613111854, 0.000454432505649, 0.000509125529788, 0.000178617017809, 0.000292238284601, 0.000335454125889, 0.00028227979783, 0.000132639179355, 0.000121986995509, 5.66769049328e-05, 3.43786778103e-05, 4.05073042202e-05, 3.51299604517e-05, 2.4049588319e-05, 2.02289011213e-05, 1.34934689413e-05, 9.42905717238e-06, 5.055865131e-06, 3.86309966416e-06], "mean": [0.00281650968827, 0.00375666399486, 0.00109174253885, 0.000793733343016, 0.000311593321385, 0.000230603967793, 0.00017682579346, 0.000134945643367, 0.000106708153908, 0.000243247151957, 0.000182666495675, 0.000134025176521, 6.04537599429e-05, 4.87286270072e-05, 5.40352630196e-05, 0.00010978528735, 0.000103809026768, 0.000107885469333, 9.44990606513e-05, 6.7706736445e-05, 6.21013532509e-05, 6.27008630545e-05, 4.48635000794e-05, 4.59730654256e-05, 2.13307175727e-05, 3.21918378177e-05, 3.8303394831e-05, 2.5855293643e-05, 1.79013568413e-05, 1.34462170536e-05, 7.48869615563e-06, 5.97289727011e-06, 5.2493178373e-06, 4.27063378083e-06, 3.01728096019e-06, 2.75680895356e-06, 1.81555549261e-06, 1.06480024442e-06, 6.4552943968e-07, 4.03178489705e-07], "median": [0.00246989121661, 0.00295880716294, 0.000544245471247, 0.00030934024835, 0.000177654874278, 0.00015588387032, 0.000105343708128, 8.97787103895e-05, 7.98055334599e-05, 0.000154772191308, 0.000112068046292, 0.000101478719444, 5.11036778335e-05, 4.05492537539e-05, 4.5848551963e-05, 8.38112537167e-05, 9.15512791835e-05, 8.65087349666e-05, 8.40020074975e-05, 6.4017236582e-05, 5.20439498359e-05, 4.65904231532e-05, 3.56881355401e-05, 3.40955411957e-05, 1.97909139388e-05, 2.77240978903e-05, 3.21186016663e-05, 2.18313798541e-05, 1.54421340994e-05, 1.17782092275e-05, 6.96572669767e-06, 5.46613500774e-06, 4.30072805102e-06, 3.38245672538e-06, 2.18545619646e-06, 1.73498483491e-06, 1.36015955832e-06, 6.8860998681e-07, 4.1029002773e-07, 2.36604762449e-07], "min": [2.47128869693e-23, 1.46582630866e-23, 1.02076905085e-23, 5.56269527165e-24, 1.04973862653e-23, 1.61961963307e-23, 1.14554318023e-23, 9.61343133337e-24, 3.45993525283e-24, 1.90100174257e-23, 8.3419279714e-24, 1.41383635181e-24, 7.46291998623e-24, 2.33133341275e-23, 1.8018424001e-23, 1.05414346805e-23, 9.17161873935e-24, 1.10190852254e-23, 1.14141877875e-23, 1.2543835815e-23, 4.65911111385e-24, 1.20809014702e-23, 1.49895704673e-23, 1.03649799066e-23, 8.5461490714e-24, 5.52103473839e-24, 4.33869277466e-24, 7.15626766427e-24, 1.42833017211e-23, 7.43955155963e-24, 1.10352789621e-23, 1.14736623778e-23, 8.40058845717e-24, 8.8025186104e-24, 9.40396588607e-24, 1.17258304436e-23, 1.18956927069e-23, 8.31517612038e-24, 1.0235534143e-23, 1.233684108e-23], "var": [5.64167476114e-06, 1.6162142856e-05, 3.81720201403e-06, 2.83671124635e-06, 1.47545634377e-07, 5.93685243189e-08, 4.0350702335e-08, 2.05965999811e-08, 1.06426139013e-08, 8.27329245112e-08, 6.8891175431e-08, 1.55615627051e-08, 2.55112064806e-09, 1.66262248413e-09, 1.85384863016e-09, 1.31949393634e-08, 7.45860884166e-09, 1.02588773032e-08, 5.34701216637e-09, 2.55873700006e-09, 3.83786735725e-09, 3.95249033502e-09, 1.86958759585e-09, 2.35440644758e-09, 2.75233558167e-10, 7.8761008826e-10, 1.21239474016e-09, 4.96065466482e-10, 2.3215986078e-10, 1.45167197707e-10, 3.62342413018e-11, 2.55415653905e-11, 2.50346236796e-11, 1.85600684127e-11, 9.74365119838e-12, 9.00903136813e-12, 3.34035468556e-12, 1.33965364843e-12, 5.64454461904e-13, 2.65318745706e-13]}, "mfcc": {"mean": [-616.784667969, 111.878662109, -19.3398647308, 26.7229404449, 2.25086593628, 11.0134077072, -0.301340788603, 4.83458042145, 1.90319335461, 8.40416049957, -4.60777902603, -2.51467061043, -5.78213644028], "cov": [[17183.6386719, -2255.87475586, -299.581848145, 3059.23999023, 1192.98583984, 1801.06311035, 1084.83825684, 1162.58227539, 1213.21154785, 1752.52697754, 1125.72363281, 1111.23937988, 867.184448242], [-2255.87475586, 948.655212402, -155.703704834, -411.99395752, -214.425109863, -327.588409424, -208.940551758, -224.315734863, -208.304794312, -299.135620117, -207.767440796, -177.796951294, -158.881881714], [-299.581848145, -155.703704834, 420.381347656, -29.7381820679, 17.9473075867, 36.2530784607, 13.1644630432, 33.9849853516, -7.77945947647, -35.9990539551, -32.4653053284, -45.0083007812, -13.2467041016], [3059.23999023, -411.99395752, -29.7381820679, 801.431030273, 248.668075562, 373.241149902, 262.382354736, 234.168457031, 251.031616211, 343.386260986, 200.176712036, 207.191833496, 148.198532104], [1192.98583984, -214.425109863, 17.9473075867, 248.668075562, 156.277496338, 157.849502563, 84.9617996216, 90.9593963623, 88.7509460449, 124.975090027, 82.1912460327, 76.7671279907, 58.0380554199], [1801.06311035, -327.588409424, 36.2530784607, 373.241149902, 157.849502563, 284.590545654, 158.90524292, 149.291610718, 148.732666016, 206.610305786, 120.938163757, 111.09487915, 94.0050888062], [1084.83825684, -208.940551758, 13.1644630432, 262.382354736, 84.9617996216, 158.90524292, 147.285842896, 114.15171051, 98.3358154297, 132.065826416, 74.7662506104, 74.1790084839, 57.1248550415], [1162.58227539, -224.315734863, 33.9849853516, 234.168457031, 90.9593963623, 149.291610718, 114.15171051, 157.228271484, 123.552627563, 136.29083252, 87.0286636353, 86.5957794189, 65.9728851318], [1213.21154785, -208.304794312, -7.77945947647, 251.031616211, 88.7509460449, 148.732666016, 98.3358154297, 123.552627563, 153.93371582, 166.345031738, 93.5994186401, 90.8707351685, 68.0651931763], [1752.52697754, -299.135620117, -35.9990539551, 343.386260986, 124.975090027, 206.610305786, 132.065826416, 136.29083252, 166.345031738, 260.727935791, 156.266540527, 124.462921143, 104.105369568], [1125.72363281, -207.767440796, -32.4653053284, 200.176712036, 82.1912460327, 120.938163757, 74.7662506104, 87.0286636353, 93.5994186401, 156.266540527, 133.865447998, 101.977470398, 72.1031494141], [1111.23937988, -177.796951294, -45.0083007812, 207.191833496, 76.7671279907, 111.09487915, 74.1790084839, 86.5957794189, 90.8707351685, 124.462921143, 101.977470398, 130.600845337, 85.9587020874], [867.184448242, -158.881881714, -13.2467041016, 148.198532104, 58.0380554199, 94.0050888062, 57.1248550415, 65.9728851318, 68.0651931763, 104.105369568, 72.1031494141, 85.9587020874, 94.4890823364]], "icov": [[0.000396905787056, -3.74156879843e-05, 0.000215542095248, -0.000497842207551, -0.000448063685326, -0.000834652455524, 0.000583264569286, -0.000696166825946, 0.000366465508705, -0.00083934655413, -1.78676982614e-05, -0.000637354853097, -0.000401247350965], [-3.74156879843e-05, 0.00248454278335, 0.000914737931453, -0.000815946958028, 0.0012447348563, 0.000754405162297, 0.00143403024413, 7.66994271544e-05, 0.000317432684824, 0.000643099716399, 0.00147492426913, 0.000360364851076, 0.00110294576734], [0.000215542095248, 0.000914737931453, 0.00348805868998, -0.000339547492331, -0.000239163287915, -0.00145652564242, 0.00116328860167, -0.00238059693947, 0.000581687898375, 0.00117653887719, 0.000266391376499, 0.00227766344324, -0.000854274083395], [-0.000497842207551, -0.000815946958028, -0.000339547492331, 0.00627526361495, -0.00280792545527, -0.000415647635236, -0.00552936177701, 0.00203941506334, -0.0017835147446, -0.00190901604947, 0.00196297024377, -0.00283284834586, 0.00183155806735], [-0.000448063685326, 0.0012447348563, -0.000239163287915, -0.00280792545527, 0.0183515883982, -0.00596587173641, 0.00469918875024, -0.00161129597109, 0.00149825040717, 0.00203284202144, -0.00193274545018, -2.30351761275e-05, 0.00169970735442], [-0.000834652455524, 0.000754405162297, -0.00145652564242, -0.000415647635236, -0.00596587173641, 0.0191876310855, -0.00846163649112, 0.00148841552436, -0.00220054783858, -0.00195769872516, 0.000959775003139, 0.00312732439488, -0.00180746160913], [0.000583264569286, 0.00143403024413, 0.00116328860167, -0.00552936177701, 0.00469918875024, -0.00846163649112, 0.0288272965699, -0.0136160571128, 0.00781885441393, -0.0057904520072, 0.00505583686754, -0.00218349415809, 0.00238028401509], [-0.000696166825946, 7.66994271544e-05, -0.00238059693947, 0.00203941506334, -0.00161129597109, 0.00148841552436, -0.0136160571128, 0.0292928572744, -0.0187706016004, 0.00947864260525, -0.00674845976755, 0.000614762597252, -0.00205754349008], [0.000366465508705, 0.000317432684824, 0.000581687898375, -0.0017835147446, 0.00149825040717, -0.00220054783858, 0.00781885441393, -0.0187706016004, 0.0377113781869, -0.0226125251502, 0.0132675664499, -0.00983427092433, 0.00626769382507], [-0.00083934655413, 0.000643099716399, 0.00117653887719, -0.00190901604947, 0.00203284202144, -0.00195769872516, -0.0057904520072, 0.00947864260525, -0.0226125251502, 0.0386861152947, -0.0268081575632, 0.0157585553825, -0.0106879882514], [-1.78676982614e-05, 0.00147492426913, 0.000266391376499, 0.00196297024377, -0.00193274545018, 0.000959775003139, 0.00505583686754, -0.00674845976755, 0.0132675664499, -0.0268081575632, 0.0429119504988, -0.0217035189271, 0.00846803095192], [-0.000637354853097, 0.000360364851076, 0.00227766344324, -0.00283284834586, -2.30351761275e-05, 0.00312732439488, -0.00218349415809, 0.000614762597252, -0.00983427092433, 0.0157585553825, -0.0217035189271, 0.0392289534211, -0.0203925650567], [-0.000401247350965, 0.00110294576734, -0.000854274083395, 0.00183155806735, 0.00169970735442, -0.00180746160913, 0.00238028401509, -0.00205754349008, 0.00626769382507, -0.0106879882514, 0.00846803095192, -0.0203925650567, 0.0332301519811]]}, "spectral_contrast_coeffs": {"dmean": [0.0504210181534, 0.0428639613092, 0.0354588143528, 0.02695755288, 0.0206039045006, 0.0172156672925], "dmean2": [0.0853348150849, 0.0702317655087, 0.058315038681, 0.0452301576734, 0.0332968086004, 0.0288444254547], "dvar": [0.00213833921589, 0.00116676534526, 0.000808291777503, 0.00045285889064, 0.000261520268396, 0.000267786497716], "dvar2": [0.00594899570569, 0.0031458796002, 0.00213060621172, 0.00125381047837, 0.000667223706841, 0.00077101169154], "max": [-0.259870439768, -0.490166902542, -0.461926460266, -0.564819991589, -0.628486573696, -0.609635233879], "mean": [-0.641943216324, -0.743075489998, -0.757250070572, -0.781174004078, -0.77246850729, -0.725135087967], "median": [-0.671910047531, -0.750440955162, -0.763850212097, -0.786678373814, -0.775218009949, -0.717336058617], "min": [-0.948288857937, -0.985982656479, -0.970928430557, -0.968161642551, -0.967863678932, -0.962023198605], "var": [0.0112942717969, 0.00445471284911, 0.00305576692335, 0.00183731957804, 0.00132979406044, 0.00246265600435]}, "spectral_contrast_valleys": {"dmean": [0.355739295483, 0.313458919525, 0.258986830711, 0.217686876655, 0.170383676887, 0.219444572926], "dmean2": [0.598377227783, 0.52420270443, 0.428406447172, 0.351402312517, 0.276858150959, 0.331886142492], "dvar": [0.120279289782, 0.104437030852, 0.0834625139832, 0.0716789588332, 0.0600356981158, 0.111460037529], "dvar2": [0.287292599678, 0.215104088187, 0.161317259073, 0.127195045352, 0.0997547581792, 0.266640037298], "max": [-5.32425928116, -5.38976573944, -5.76923084259, -5.745