{"lowlevel": {"average_loudness": 0.939581334591, "barkbands_crest": {"dmean": 2.37191271782, "dmean2": 3.64472270012, "dvar": 6.65476465225, "dvar2": 15.1870326996, "max": 26.9679946899, "mean": 17.113199234, "median": 17.6001567841, "min": 2.6583044529, "var": 22.8182640076}, "barkbands_flatness_db": {"dmean": 0.0490396991372, "dmean2": 0.0703290402889, "dvar": 0.00330618908629, "dvar2": 0.00695384852588, "max": 0.837040483952, "mean": 0.355999797583, "median": 0.319787144661, "min": 0.0221139919013, "var": 0.0270762834698}, "barkbands_kurtosis": {"dmean": 16.4872150421, "dmean2": 25.2718276978, "dvar": 1396.64477539, "dvar2": 3506.88647461, "max": 1393.70141602, "mean": 30.6709499359, "median": 12.6683912277, "min": -1.93640387058, "var": 3266.3984375}, "barkbands_skewness": {"dmean": 1.15452873707, "dmean2": 1.71796441078, "dvar": 1.92461061478, "dvar2": 4.47432613373, "max": 32.0227661133, "mean": 3.36424279213, "median": 2.88560676575, "min": -9.31594181061, "var": 9.08983325958}, "barkbands_spread": {"dmean": 3.40620017052, "dmean2": 5.35434055328, "dvar": 36.467048645, "dvar2": 83.7155380249, "max": 79.0638046265, "mean": 7.69565296173, "median": 5.33512496948, "min": 0.0352770015597, "var": 76.2771453857}, "dissonance": {"dmean": 0.0428103432059, "dmean2": 0.0682730525732, "dvar": 0.0025051815901, "dvar2": 0.0058257994242, "max": 0.5, "mean": 0.380996674299, "median": 0.417485743761, "min": 0.0404357053339, "var": 0.0109888957813}, "dynamic_complexity": 2.66878986359, "erbbands_crest": {"dmean": 2.66782879829, "dmean2": 4.23692512512, "dvar": 9.44859600067, "dvar2": 22.5157604218, "max": 34.2439002991, "mean": 17.804599762, "median": 18.1756286621, "min": 2.35227894783, "var": 68.2507629395}, "erbbands_flatness_db": {"dmean": 0.0298156328499, "dmean2": 0.0420317351818, "dvar": 0.00186765252147, "dvar2": 0.00374482641928, "max": 0.70442700386, "mean": 0.292033016682, "median": 0.229323655367, "min": 0.05027859658, "var": 0.0324160866439}, "erbbands_kurtosis": {"dmean": 4.75199985504, "dmean2": 7.20535516739, "dvar": 90.6062088013, "dvar2": 207.653945923, "max": 146.207183838, "mean": 10.2056970596, "median": 2.98319745064, "min": -1.89508783817, "var": 323.447814941}, "erbbands_skewness": {"dmean": 0.698574185371, "dmean2": 1.03106665611, "dvar": 0.747686207294, "dvar2": 1.62102794647, "max": 9.39729118347, "mean": 0.979484081268, "median": 0.637486219406, "min": -5.84490537643, "var": 4.51121234894}, "erbbands_spread": {"dmean": 8.03463935852, "dmean2": 12.4365243912, "dvar": 163.99079895, "dvar2": 376.497833252, "max": 156.345336914, "mean": 29.5546913147, "median": 16.8023147583, "min": 0.276911258698, "var": 921.163757324}, "hfc": {"dmean": 5.57705307007, "dmean2": 8.37402629852, "dvar": 148.582748413, "dvar2": 367.70123291, "max": 150.811325073, "mean": 15.9389419556, "median": 11.0096216202, "min": 9.35116914458e-11, "var": 291.191925049}, "melbands_crest": {"dmean": 2.97017550468, "dmean2": 4.73867559433, "dvar": 11.3098897934, "dvar2": 27.9697227478, "max": 35.5969543457, "mean": 22.7665271759, "median": 22.7453117371, "min": 2.65074324608, "var": 28.8468227386}, "melbands_flatness_db": {"dmean": 0.052444472909, "dmean2": 0.0752670094371, "dvar": 0.00391754833981, "dvar2": 0.00814988929778, "max": 1, "mean": 0.444732815027, "median": 0.417392015457, "min": 0.0201190430671, "var": 0.0264945924282}, "melbands_kurtosis": {"dmean": 25.0240077972, "dmean2": 38.4264945984, "dvar": 1721.72570801, "dvar2": 4046.7355957, "max": 834.197387695, "mean": 50.3597640991, "median": 23.7738227844, "min": -1.87894237041, "var": 5028.73046875}, "melbands_skewness": {"dmean": 1.29164290428, "dmean2": 1.94539856911, "dvar": 2.1143951416, "dvar2": 4.93508052826, "max": 23.4187278748, "mean": 4.25070953369, "median": 3.64559078217, "min": -7.00415468216, "var": 11.9405431747}, "melbands_spread": {"dmean": 2.73708105087, "dmean2": 4.34726524353, "dvar": 23.2558135986, "dvar2": 53.4691429138, "max": 124.299003601, "mean": 6.37964105606, "median": 4.5006146431, "min": 0.161409705877, "var": 45.7149276733}, "pitch_salience": {"dmean": 0.0721163824201, "dmean2": 0.112726815045, "dvar": 0.00695390859619, "dvar2": 0.0165926534683, "max": 0.924482047558, "mean": 0.341634333134, "median": 0.344611853361, "min": 0.0251133851707, "var": 0.016299046576}, "silence_rate_20dB": {"dmean": 0.00450582802296, "dmean2": 0.00901253893971, "dvar": 0.00448510143906, "dvar2": 0.0132411969826, "max": 1, "mean": 0.997649371624, "median": 1, "min": 0, "var": 0.00234526861459}, "silence_rate_30dB": {"dmean": 0.0705260038376, "dmean2": 0.141065835953, "dvar": 0.0655444413424, "dvar2": 0.149183779955, "max": 1, "mean": 0.882762014866, "median": 1, "min": 0, "var": 0.103493139148}, "silence_rate_60dB": {"dmean": 0.0148888239637, "dmean2": 0.0296826027334, "dvar": 0.0146670322865, "dvar2": 0.0368364602327, "max": 1, "mean": 0.0287952981889, "median": 0, "min": 0, "var": 0.0279658697546}, "spectral_centroid": {"dmean": 160.558197021, "dmean2": 241.318496704, "dvar": 68146.953125, "dvar2": 137480.25, "max": 11220.5722656, "mean": 701.447265625, "median": 635.346618652, "min": 98.2530136108, "var": 159314.703125}, "spectral_complexity": {"dmean": 2.57694196701, "dmean2": 4.00607347488, "dvar": 22.0188312531, "dvar2": 45.1047019958, "max": 60, "mean": 8.97355556488, "median": 7, "min": 0, "var": 75.5573348999}, "spectral_decrease": {"dmean": 5.175143869e-09, "dmean2": 7.75753505877e-09, "dvar": 8.36681013499e-17, "dvar2": 1.76464120907e-16, "max": -5.31717695616e-22, "mean": -1.50480232719e-08, "median": -1.14777973792e-08, "min": -1.13572532712e-07, "var": 2.22748145197e-16}, "spectral_energy": {"dmean": 0.019785515964, "dmean2": 0.029647776857, "dvar": 0.00121355790179, "dvar2": 0.00255136401393, "max": 0.43267634511, "mean": 0.0582402944565, "median": 0.0442971810699, "min": 1.04886048509e-14, "var": 0.00326269795187}, "spectral_energyband_high": {"dmean": 0.00033087740303, "dmean2": 0.000546481576748, "dvar": 1.13620421871e-06, "dvar2": 3.01932232105e-06, "max": 0.0126035464928, "mean": 0.000453466491308, "median": 3.57674070983e-05, "min": 7.35629395262e-15, "var": 1.43044292145e-06}, "spectral_energyband_low": {"dmean": 0.0182939358056, "dmean2": 0.0279380753636, "dvar": 0.00117906078231, "dvar2": 0.00255202176049, "max": 0.424015402794, "mean": 0.0429535619915, "median": 0.0331792011857, "min": 1.33787332006e-16, "var": 0.00287539069541}, "spectral_energyband_middle_high": {"dmean": 0.00119754311163, "dmean2": 0.00182628666516, "dvar": 6.09957760389e-06, "dvar2": 1.27930088638e-05, "max": 0.0487439855933, "mean": 0.00377980968915, "median": 0.00100455339998, "min": 2.00214384764e-15, "var": 4.473773879e-05}, "spectral_energyband_middle_low": {"dmean": 0.00536365248263, "dmean2": 0.00852409750223, "dvar": 0.000228162709391, "dvar2": 0.000560993386898, "max": 0.176887899637, "mean": 0.0127986939624, "median": 0.00775474403054, "min": 6.73636514985e-16, "var": 0.000267573748715}, "spectral_entropy": {"dmean": 0.381228625774, "dmean2": 0.564662873745, "dvar": 0.263773411512, "dvar2": 0.580387592316, "max": 9.78985023499, "mean": 6.17934131622, "median": 6.42089366913, "min": 2.89222860336, "var": 1.9447183609}, "spectral_flux": {"dmean": 0.0372906327248, "dmean2": 0.0607163310051, "dvar": 0.00250018388033, "dvar2": 0.00599376251921, "max": 0.562808215618, "mean": 0.0820165872574, "median": 0.0604817084968, "min": 1.95014235942e-05, "var": 0.00645797001198}, "spectral_kurtosis": {"dmean": 24.1111888885, "dmean2": 38.8858108521, "dvar": 4683.41503906, "dvar2": 11781.3271484, "max": 1322.27575684, "mean": 53.3582382202, "median": 8.68817901611, "min": -1.19792640209, "var": 10049.6064453}, "spectral_rms": {"dmean": 0.00114131392911, "dmean2": 0.00166972377338, "dvar": 2.4296484753e-06, "dvar2": 4.86780163556e-06, "max": 0.0205456390977, "mean": 0.00682182284072, "median": 0.00657394574955, "min": 3.19887250022e-09, "var": 1.02828626041e-05}, "spectral_rolloff": {"dmean": 149.501663208, "dmean2": 263.566589355, "dvar": 221926.75, "dvar2": 529160.875, "max": 16494.4335938, "mean": 493.85446167, "median": 430.6640625, "min": 64.599609375, "var": 243077.640625}, "spectral_skewness": {"dmean": 1.13269579411, "dmean2": 1.80387926102, "dvar": 3.50495624542, "dvar2": 8.02550315857, "max": 31.3036003113, "mean": 4.30302190781, "median": 2.47137546539, "min": -0.0305179450661, "var": 15.3349485397}, "spectral_spread": {"dmean": 752491.125, "dmean2": 1076394.125, "dvar": 1131607490560.0, "dvar2": 1922862022660.0, "max": 40566372, "mean": 3694271.75, "median": 3714671.5, "min": 54720.5859375, "var": 6563323969540.0}, "spectral_strongpeak": {"dmean": 0.361954569817, "dmean2": 0.621683418751, "dvar": 0.527303099632, "dvar2": 1.4231647253, "max": 6.96529150009, "mean": 1.15660142899, "median": 0.688602924347, "min": 0, "var": 1.49947047234}, "zerocrossingrate": {"dmean": 0.00557589530945, "dmean2": 0.00676299165934, "dvar": 9.14283955353e-05, "dvar2": 0.000112186637125, "max": 0.5029296875, "mean": 0.024577954784, "median": 0.0205078125, "min": 0.001953125, "var": 0.000334880140144}, "barkbands": {"dmean": [0.000713579473086, 0.0140464771539, 0.0056295087561, 0.0028672136832, 0.00160783831961, 0.000571819080506, 0.0007181459805, 0.000460334122181, 0.000421599339461, 0.000762264011428, 7.70298429416e-05, 5.49295837118e-05, 0.000104938284494, 8.79343715496e-05, 9.55191280809e-05, 9.66775332927e-05, 7.87796307122e-05, 7.3524286563e-05, 7.00890013832e-05, 4.60489100078e-05, 4.59313996544e-05, 5.84615772823e-05, 6.21510771452e-05, 7.75250809966e-05, 6.62384409225e-05, 2.19498069782e-05, 6.85127406541e-06], "dmean2": [0.0011462623952, 0.0211643408984, 0.00861515663564, 0.00505237840116, 0.00255927955732, 0.000852303637657, 0.0010599035304, 0.000699003925547, 0.000617378973402, 0.001103898976, 0.000137542621815, 8.82268795976e-05, 0.000169622770045, 0.000151124579133, 0.000161731790286, 0.000162974756677, 0.000126596438349, 0.000127556704683, 0.000120328724734, 7.45711877244e-05, 7.79114780016e-05, 0.00010347119678, 0.000108223153802, 0.000127280538436, 0.000109814653115, 3.23749081872e-05, 9.86584200291e-06], "dvar": [3.91567891711e-06, 0.00062161491951, 0.000286750699161, 0.000156428635819, 1.62140859175e-05, 2.50241851063e-06, 2.87731722892e-06, 2.53833468378e-06, 9.38220864555e-07, 4.21830782216e-06, 5.74343879123e-08, 2.04438066476e-08, 8.86053825866e-08, 7.78658204581e-08, 7.60804539368e-08, 6.01378502552e-08, 4.96675767181e-08, 6.28602521147e-08, 5.11493034594e-08, 1.29192985199e-08, 1.99382537147e-08, 4.5531361792e-08, 4.90547478194e-08, 7.03276370473e-08, 5.74200136327e-08, 5.86003467973e-09, 9.95166282713e-10], "dvar2": [1.13389050966e-05, 0.00151142885443, 0.00056657299865, 0.000418784387875, 3.95826464228e-05, 4.95953418067e-06, 6.14875534666e-06, 4.93450761496e-06, 1.85017813692e-06, 7.93650724518e-06, 1.5996778302e-07, 5.05764887748e-08, 2.13716106146e-07, 2.0573999393e-07, 1.8872168539e-07, 1.57537073164e-07, 1.11727928243e-07, 1.69724259536e-07, 1.35771870191e-07, 3.15219921276e-08, 5.53978871665e-08, 1.31254552116e-07, 1.43726452961e-07, 1.81954291634e-07, 1.51564663042e-07, 1.21037162515e-08, 2.29099028637e-09], "max": [0.0278616379946, 0.341873884201, 0.229170829058, 0.147675022483, 0.0491297766566, 0.0339225679636, 0.0400601625443, 0.0429462045431, 0.0285582914948, 0.0380270406604, 0.004842530936, 0.00255491887219, 0.00547877792269, 0.00534676993266, 0.00631307950243, 0.00466791540384, 0.00435288297012, 0.00352518283762, 0.00297406478785, 0.00144486257341, 0.00157159275841, 0.00247929454781, 0.00264659198001, 0.00425500702113, 0.00432815030217, 0.00134026957676, 0.000452264765045], "mean": [0.00115393823944, 0.0305308699608, 0.00985197350383, 0.00257218838669, 0.00233533862047, 0.0018242278602, 0.00246606906876, 0.00153697957285, 0.00134034175426, 0.00322974426672, 7.64328942751e-05, 6.92234752933e-05, 0.000125833554193, 9.82611963991e-05, 0.000128361425595, 0.000132303932332, 0.00010571823077, 8.66372574819e-05, 8.5472871433e-05, 7.29881139705e-05, 7.56722438382e-05, 7.47859448893e-05, 7.39318638807e-05, 8.88014546945e-05, 6.96518764016e-05, 2.76880819001e-05, 7.15443184163e-06], "median": [2.03407535082e-06, 0.0246011354029, 0.00356254866347, 0.000509277568199, 0.00113266403787, 0.000197126049898, 0.000293829769362, 6.18857156951e-05, 0.000320617022226, 0.000188530888408, 1.2729811715e-05, 1.02369313026e-05, 1.58427355927e-05, 1.27554103528e-05, 1.46251340993e-05, 2.13914645428e-05, 1.43535598909e-05, 1.22700112115e-05, 5.30821216671e-06, 5.96718655288e-06, 6.83040525473e-06, 4.67314112029e-06, 3.96391442337e-06, 3.52957522409e-06, 2.74394528788e-06, 1.20471418086e-06, 2.15671917658e-07], "min": [7.25555187728e-17, 7.66959878726e-17, 1.89523373794e-17, 3.01140478674e-18, 2.08570034579e-17, 4.48215325712e-17, 9.1939411167e-17, 1.64716065096e-16, 2.6958305854e-16, 2.1795221818e-16, 6.93157765683e-17, 3.85354132108e-17, 1.29304501123e-17, 1.53147183223e-16, 2.47867145476e-16, 3.919142567e-16, 2.54257612016e-16, 1.72404014058e-16, 2.6063804651e-16, 6.98220693367e-16, 2.93679001837e-16, 5.29044708636e-16, 7.61683789907e-16, 1.00044660175e-15, 1.09937009735e-15, 1.77857945385e-15, 1.48137983898e-15], "var": [6.95117796568e-06, 0.0014375312021, 0.000429755251389, 0.000109445274575, 1.9997562049e-05, 1.61132084031e-05, 2.56991788774e-05, 2.43956274062e-05, 6.44892270429e-06, 4.19528805651e-05, 5.16991143229e-08, 3.2090305524e-08, 1.0835413633e-07, 8.46958485567e-08, 1.15914460252e-07, 9.81267405109e-08, 7.94930912207e-08, 6.56801120158e-08, 6.01843410664e-08, 2.44934010851e-08, 2.52255905053e-08, 3.98071051677e-08, 4.52980124521e-08, 7.67298047322e-08, 6.13514501424e-08, 1.02614823305e-08, 1.26403176814e-09]}, "erbbands": {"dmean": [0.330181062222, 3.56340789795, 7.80724430084, 8.73382759094, 5.88175106049, 5.54539632797, 4.20424127579, 4.93035316467, 10.3291912079, 11.5350656509, 6.19544935226, 11.267288208, 12.9907464981, 21.6555900574, 2.98334288597, 2.59453392029, 4.85693073273, 4.54349994659, 5.26597642899, 5.27592325211, 4.37929344177, 3.87097907066, 4.5943145752, 3.88824391365, 2.8221077919, 2.25268697739, 1.70687782764, 2.06633377075, 2.34302377701, 1.66301369667, 1.80365478992, 1.40712976456, 1.41145992279, 0.650804460049, 0.535700082779, 0.140148729086, 0.0364035665989, 0.00892938300967, 0.00119135947898, 7.56203880883e-05], "dmean2": [0.503023326397, 5.24994373322, 11.2748966217, 14.9051971436, 9.25417137146, 9.08659648895, 6.80322027206, 7.41866731644, 14.5296516418, 17.5082950592, 10.1630334854, 15.9879226685, 18.5910987854, 32.0069122314, 4.84968566895, 4.13794708252, 7.80437612534, 7.63544225693, 8.85100460052, 8.84570789337, 7.39743185043, 6.16079854965, 7.87176561356, 6.89563560486, 4.64742708206, 3.60751795769, 2.72393465042, 3.64492344856, 4.23463773727, 2.87043166161, 3.14617800713, 2.37482571602, 2.32032418251, 1.0651845932, 0.9081376791, 0.223264589906, 0.0521244294941, 0.012220502831, 0.00172042660415, 0.000110986591608], "dvar": [0.585121452808, 40.7281036377, 357.666351318, 1690.9074707, 316.802612305, 163.089767456, 114.04309845, 195.314254761, 749.176635742, 1099.05236816, 335.093353271, 678.05456543, 1186.96166992, 5191.67382812, 52.8640480042, 48.0323677063, 188.832214355, 207.193328857, 236.880691528, 181.939575195, 118.52911377, 111.492996216, 273.84942627, 162.618362427, 82.9201889038, 31.7240638733, 16.4228153229, 54.8383102417, 79.0722732544, 34.2645721436, 42.7284889221, 27.1657390594, 24.3966636658, 5.15665769577, 4.51821994781, 0.274495065212, 0.0153983328491, 0.00117992586456, 3.10575305775e-05, 8.96889886803e-08], "dvar2": [1.33857393265, 96.6586761475, 715.926208496, 4471.61279297, 697.024780273, 422.50567627, 296.57510376, 397.995361328, 1448.94921875, 2277.77685547, 858.041809082, 1256.5123291, 2209.20849609, 9982.72363281, 127.207939148, 117.629112244, 456.72442627, 542.675354004, 594.473144531, 469.204040527, 306.822998047, 246.282302856, 731.735290527, 455.22442627, 212.300384521, 77.9520950317, 39.6457481384, 157.994308472, 229.923934937, 96.2297134399, 124.195838928, 73.6139068604, 61.9422874451, 13.2495326996, 12.2826900482, 0.657122254372, 0.0298109687865, 0.00238051731139, 7.15390124242e-05, 2.1285475782e-07], "max": [12.9267101288, 85.494758606, 275.313232422, 516.640380859, 243.663116455, 170.993286133, 190.70803833, 294.792022705, 670.290527344, 809.50592041, 341.882354736, 823.592407227, 827.052368164, 1456.56762695, 164.70640564, 124.154167175, 241.978225708, 282.935058594, 369.065307617, 257.471008301, 170.902252197, 195.854141235, 254.329620361, 189.7081604, 122.928382874, 68.4227371216, 51.0899124146, 85.7048110962, 103.389312744, 65.1203689575, 83.5646057129, 67.8684310913, 91.0211410522, 46.4542503357, 35.3092308044, 12.1328363419, 1.58466887474, 0.497324377298, 0.0841490626335, 0.00448007276282], "mean": [0.672424197197, 7.34284925461, 14.4428958893, 9.10790157318, 7.64004945755, 7.85641813278, 7.11292600632, 15.9625425339, 43.8218841553, 38.1924095154, 15.6650648117, 38.7524452209, 50.7714385986, 94.2359085083, 6.82427692413, 3.4923312664, 5.86925983429, 5.33074903488, 6.0273141861, 7.42745065689, 6.41403675079, 5.36527585983, 5.63821601868, 4.50770950317, 3.87510943413, 3.51038837433, 3.1704890728, 2.85488080978, 2.78287959099, 2.31954646111, 2.09347558022, 1.71094954014, 1.53174090385, 0.748890995979, 0.516859769821, 0.163816586137, 0.0450791791081, 0.0101032070816, 0.00126357097179, 0.000122775963973], "median": [0.265502601862, 5.14816570282, 6.73249340057, 2.45475292206, 2.38750529289, 2.86900043488, 3.06447505951, 1.95228922367, 3.40373587608, 5.48464488983, 3.77448058128, 9.57605075836, 8.95063018799, 4.31451129913, 1.21577978134, 0.967419326305, 0.848013401031, 0.754729151726, 0.767375707626, 1.18003511429, 1.09417152405, 0.879243850708, 0.842628359795, 0.304378688335, 0.29248970747, 0.30193939805, 0.310252308846, 0.228498935699, 0.164570555091, 0.145045876503, 0.104754082859, 0.0668979436159, 0.0594000779092, 0.0346158072352, 0.016751177609, 0.00615592300892, 0.00195272336714, 0.000396160990931, 6.96215138305e-05, 5.38691565453e-05], "min": [3.32067133224e-15, 1.34105415642e-14, 2.39807309345e-14, 1.66309498183e-14, 1.06163814651e-14, 8.33094850701e-14, 2.45587269054e-13, 4.05105988902e-13, 9.16316501842e-13, 2.38976676989e-12, 4.07623717766e-12, 5.96196139332e-12, 7.43396056518e-12, 5.12062961477e-12, 2.42155926387e-12, 1.34157246943e-12, 6.7587276921e-13, 5.98784346759e-12, 9.61872508726e-12, 1.95675906034e-11, 1.76146493225e-11, 1.52243165991e-11, 1.28945092451e-11, 1.24460008272e-11, 1.1857069146e-11, 3.36667221879e-11, 1.42869180028e-11, 1.85827533916e-11, 1.81776243363e-11, 3.51293612255e-11, 1.24350998248e-11, 2.61493795367e-11, 1.09217947186e-11, 1.37184170274e-11, 8.20049583794e-12, 7.39102702652e-12, 3.49431854979e-12, 6.681921726e-13, 1.86225167231e-13, 2.65184145395e-14], "var": [1.29508805275, 86.7288208008, 603.361694336, 1244.3260498, 374.231719971, 191.881408691, 135.178207397, 1273.85693359, 8960.30761719, 8870.33300781, 1347.96691895, 5322.75732422, 7305.59863281, 55392.4453125, 177.097244263, 73.1486816406, 232.492156982, 234.616409302, 273.615478516, 321.43850708, 210.023086548, 181.600372314, 286.15625, 174.548339844, 107.297088623, 56.7801589966, 36.3111381531, 49.2832183838, 62.8419494629, 35.9493942261, 39.2760620117, 31.2814979553, 24.5234203339, 5.71227169037, 4.3079957962, 0.348105311394, 0.0297675691545, 0.0019391127862, 3.84724553442e-05, 1.0775715964e-07]}, "gfcc": {"mean": [-113.574752808, 129.793579102, -92.3956222534, 2.52790951729, -48.8373336792, -1.34721183777, -16.4711551666, 16.1933135986, -3.21044015884, -2.50897097588, -12.566942215, -4.80689954758, -0.99092322588], "cov": [[22465.9101562, -3985.73413086, 5015.60302734, 8463.23535156, 1025.68774414, 4118.33740234, -1439.75549316, -268.406097412, -1569.62255859, 798.844909668, -423.084777832, 400.875793457, -781.987487793], [-3985.73413086, 3914.40698242, 1144.59545898, -965.418762207, 762.449768066, -557.382507324, 563.439086914, -126.527565002, 336.502075195, -438.891113281, 106.717018127, -148.67817688, 402.41305542], [5015.60302734, 1144.59545898, 4528.64355469, 3262.79345703, 1095.04040527, 1606.31848145, -416.00881958, -302.573181152, -500.167266846, 94.238243103, -25.6125621796, 81.3711853027, -111.247268677], [8463.23535156, -965.418762207, 3262.79345703, 4574.97460938, 971.713500977, 1962.8067627, -677.382202148, -287.552093506, -598.476379395, 415.121795654, -79.9127197266, 74.6043777466, -388.122894287], [1025.68774414, 762.449768066, 1095.04040527, 971.713500977, 828.585083008, 453.524475098, -24.4425773621, -176.708358765, -127.129898071, -32.603969574, -32.391746521, -36.0853462219, -10.7170467377], [4118.33740234, -557.382507324, 1606.31848145, 1962.8067627, 453.524475098, 1284.03259277, -96.6490097046, -32.8361206055, -425.850524902, 45.7134971619, -166.383331299, 13.3784790039, -137.257034302], [-1439.75549316, 563.439086914, -416.00881958, -677.382202148, -24.4425773621, -96.6490097046, 606.045227051, 208.188903809, 36.4148521423, -245.056884766, -107.571876526, -142.141769409, 110.647140503], [-268.406097412, -126.527565002, -302.573181152, -287.552093506, -176.708358765, -32.8361206055, 208.188903809, 295.088867188, 82.0246658325, -83.0706329346, -64.5870285034, -78.3615875244, -24.9336910248], [-1569.62255859, 336.502075195, -500.167266846, -598.476379395, -127.129898071, -425.850524902, 36.4148521423, 82.0246658325, 345.912597656, 48.9987945557, 59.9858322144, -63.3473892212, 12.2760810852], [798.844909668, -438.891113281, 94.238243103, 415.121795654, -32.603969574, 45.7134971619, -245.056884766, -83.0706329346, 48.9987945557, 298.105041504, 90.3515167236, 14.9834003448, -104.856521606], [-423.084777832, 106.717018127, -25.6125621796, -79.9127197266, -32.391746521, -166.383331299, -107.571876526, -64.5870285034, 59.9858322144, 90.3515167236, 205.739883423, 83.0401992798, -4.10480833054], [400.875793457, -148.67817688, 81.3711853027, 74.6043777466, -36.0853462219, 13.3784790039, -142.141769409, -78.3615875244, -63.3473892212, 14.9834003448, 83.0401992798, 222.641891479, 60.6828422546], [-781.987487793, 402.41305542, -111.247268677, -388.122894287, -10.7170467377, -137.257034302, 110.647140503, -24.9336910248, 12.2760810852, -104.856521606, -4.10480833054, 60.6828422546, 197.345733643]], "icov": [[0.00028771450161, -0.000240697496338, 0.000239515997237, -0.000476628920296, 0.000273868499789, -0.000318455771776, 0.000384895858588, -0.000530821678694, 0.00071485596709, -0.000491250713822, 0.000607340538409, -0.00053136626957, 0.000209566322155], [-0.000240697496338, 0.00218012416735, -0.00139226811007, 0.000650320725981, -0.00146232417319, 0.00144152971916, -0.00173178117257, 0.00168527394999, -0.00269727781415, 0.00230974121951, -0.00193040631711, 0.00167492299806, -0.00195823376998], [0.000239515997237, -0.00139226811007, 0.00153445487376, -0.000819740991574, 0.000719675736036, -0.00141737028025, 0.00146530510392, -0.00113065470941, 0.00170879252255, -0.00107172038406, 0.000793409359176, -0.000844384834636, 0.000730175001081], [-0.000476628920296, 0.000650320725981, -0.000819740991574, 0.00213584536687, -0.00110426964238, -0.000604313099757, -0.000285027432255, 0.000941783073358, -0.00128744717222, 7.78910107329e-05, -0.0011208592914, 0.000889681454282, 0.000146863181726], [0.000273868499789, -0.00146232417319, 0.000719675736036, -0.00110426964238, 0.00363857252523, -0.00132949789986, 0.000621402112301, 0.000753368774895, 0.000957383017521, -0.000264993868768, 0.00111019541509, -0.000509310804773, 0.00130002165679], [-0.000318455771776, 0.00144152971916, -0.00141737028025, -0.000604313099757, -0.00132949789986, 0.00555286742747, -0.00224818428978, -7.11516622687e-05, 0.00053333042888, 0.000818490691017, 0.000596588186454, 0.000350432936102, -0.000841070897877], [0.000384895858588, -0.00173178117257, 0.00146530510392, -0.000285027432255, 0.000621402112301, -0.00224818428978, 0.00615007197484, -0.00387340667658, 0.00298909284174, -0.000379690638511, 0.000771831022575, 0.00135181087535, -0.000932860362809], [-0.000530821678694, 0.00168527394999, -0.00113065470941, 0.000941783073358, 0.000753368774895, -7.11516622687e-05, -0.00387340667658, 0.00956887286156, -0.00586022390053, 0.00427357200533, -0.0014300965704, 0.00144965725485, 0.00120682909619], [0.00071485596709, -0.00269727781415, 0.00170879252255, -0.00128744717222, 0.000957383017521, 0.00053333042888, 0.00298909284174, -0.00586022390053, 0.0112153785303, -0.00592804607004, 0.00268261623569, -0.00108050217386, 0.00131117831916], [-0.000491250713822, 0.00230974121951, -0.00107172038406, 7.78910107329e-05, -0.000264993868768, 0.000818490691017, -0.000379690638511, 0.00427357200533, -0.00592804607004, 0.0111269541085, -0.00520419329405, 0.00367392878979, -0.000756768742576], [0.000607340538409, -0.00193040631711, 0.000793409359176, -0.0011208592914, 0.00111019541509, 0.000596588186454, 0.000771831022575, -0.0014300965704, 0.00268261623569, -0.00520419329405, 0.0115314694121, -0.00636269710958, 0.00371190044098], [-0.00053136626957, 0.00167492299806, -0.000844384834636, 0.000889681454282, -0.000509310804773, 0.000350432936102, 0.00135181087535, 0.00144965725485, -0.00108050217386, 0.00367392878979, -0.00636269710958, 0.0113583765924, -0.00621156860143], [0.000209566322155, -0.00195823376998, 0.000730175001081, 0.000146863181726, 0.00130002165679, -0.000841070897877, -0.000932860362809, 0.00120682909619, 0.00131117831916, -0.000756768742576, 0.00371190044098, -0.00621156860143, 0.0122559051961]]}, "melbands": {"dmean": [0.00331751047634, 0.00428263703361, 0.00138112076093, 0.000370187161025, 0.000179455222678, 0.000115747607197, 0.000152347245603, 0.000126205370179, 4.62613825221e-05, 7.29816310923e-05, 6.68826614856e-05, 9.4891351182e-05, 1.02689264168e-05, 5.86784653933e-06, 8.68450206326e-06, 1.05219069155e-05, 8.56085898704e-06, 8.47281717142e-06, 6.88503359925e-06, 7.86149848864e-06, 5.07019376528e-06, 3.76817365577e-06, 5.3283588386e-06, 3.3870610423e-06, 3.34174933414e-06, 2.51325036515e-06, 1.79345306606e-06, 1.46331069573e-06, 1.23114909911e-06, 1.10628741368e-06, 1.27111059101e-06, 1.42859164498e-06, 1.09558709482e-06, 9.65590743363e-07, 1.05389688088e-06, 9.31837291773e-07, 8.73774524734e-07, 1.04197818018e-06, 7.84775693319e-07, 4.89308717988e-07], "dmean2": [0.00513850571588, 0.00603352487087, 0.00228261086158, 0.000585611269344, 0.000294306897558, 0.000172286614543, 0.000216929911403, 0.000190914972336, 7.68202080508e-05, 0.000103642960312, 9.66677471297e-05, 0.0001403287024, 1.77456968231e-05, 9.66806692304e-06, 1.39027206387e-05, 1.69869326783e-05, 1.46811862578e-05, 1.43650022437e-05, 1.15861321319e-05, 1.31059759951e-05, 8.6162954176e-06, 6.11097948422e-06, 8.95176344784e-06, 5.91926664129e-06, 6.00265593675e-06, 4.19506932303e-06, 3.02993839796e-06, 2.32989327742e-06, 1.91981666831e-06, 1.91285857909e-06, 2.23011261369e-06, 2.57171450357e-06, 1.91634171642e-06, 1.65917106187e-06, 1.8586601982e-06, 1.62449828167e-06, 1.47394564465e-06, 1.74297838385e-06, 1.26296936287e-06, 8.04813225841e-07], "dvar": [4.20852338721e-05, 7.26237121853e-05, 3.33850293828e-05, 9.49969432895e-07, 1.84794657798e-07, 1.15427745584e-07, 1.51838520424e-07, 1.51679458327e-07, 1.78849308696e-08, 2.96333304561e-08, 3.0174177823e-08, 1.01575729161e-07, 7.8481821042e-10, 2.14462045345e-10, 5.85921922092e-10, 1.04811814783e-09, 8.8087276362e-10, 5.88336379614e-10, 3.53053086766e-10, 4.47749892718e-10, 1.797637178e-10, 1.03387201578e-10, 3.64764135563e-10, 1.29497051971e-10, 1.30665867015e-10, 6.52547113567e-11, 3.65621109777e-11, 1.19404520993e-11, 7.59836898262e-12, 1.15278481205e-11, 1.88438951942e-11, 2.73935474998e-11, 1.5295820166e-11, 1.19507919186e-11, 1.34900710394e-11, 1.39546794259e-11, 1.07341774358e-11, 1.36564501027e-11, 8.78559204553e-12, 2.85915497007e-12], "dvar2": [0.00010200109682, 0.000142556615174, 8.54356694617e-05, 2.24523910219e-06, 4.91385321766e-07, 2.2414127443e-07, 2.96430187063e-07, 3.02696690824e-07, 4.83499995596e-08, 5.39830260493e-08, 5.65129916197e-08, 1.93993059838e-07, 2.09588946198e-09, 5.33597721564e-10, 1.39079658901e-09, 2.51152099118e-09, 2.33571872954e-09, 1.49835166496e-09, 9.03098762439e-10, 1.1777921971e-09, 4.66315153158e-10, 2.22960844232e-10, 9.29475163503e-10, 3.59428181662e-10, 3.74325764829e-10, 1.6894989574e-10, 9.81210529494e-11, 2.84519127008e-11, 1.75843766631e-11, 3.27367091768e-11, 5.42743072707e-11, 8.01191543665e-11, 4.35920570474e-11, 3.39753537804e-11, 3.91381892173e-11, 4.01963358432e-11, 2.84595055855e-11, 3.59593708976e-11, 2.17650411583e-11, 7.39889659956e-12], "max": [0.103869304061, 0.125886976719, 0.0726999789476, 0.0128960954025, 0.0069157439284, 0.00771830882877, 0.00981791224331, 0.0101082716137, 0.00210543279536, 0.00560051482171, 0.0040941759944, 0.00641357293352, 0.000500444089994, 0.000190951526747, 0.000435173453297, 0.000675796472933, 0.000635752221569, 0.000560700602364, 0.000303524720948, 0.000456638837932, 0.000203976305784, 0.000147823404404, 0.000354550138582, 0.00016112983576, 0.000179527123692, 9.09057125682e-05, 8.78253777046e-05, 3.67345419363e-05, 3.58073230018e-05, 3.61694401363e-05, 4.8671841796e-05, 5.92771648371e-05, 4.51323503512e-05, 3.7589463318e-05, 4.45615951321e-05, 4.98056033393e-05, 4.10207612731e-05, 5.42875786778e-05, 7.24052952137e-05, 3.50593436451e-05], "mean": [0.00733759067953, 0.0087700933218, 0.00159444857854, 0.000528249714989, 0.000282883702312, 0.000386580184568, 0.00063892401522, 0.000422377634095, 0.000101503945189, 0.000253311300185, 0.000255372113315, 0.000413408241002, 1.45496969708e-05, 7.38978860682e-06, 1.11398294393e-05, 1.22410147014e-05, 9.67016239883e-06, 9.19943795452e-06, 9.26270149648e-06, 1.03477268567e-05, 6.96549659551e-06, 5.12947735842e-06, 6.4954328991e-06, 4.00105773224e-06, 3.64157608601e-06, 2.96743291983e-06, 2.61013269665e-06, 2.21786012844e-06, 2.09322683986e-06, 1.64461903296e-06, 1.67483392488e-06, 1.59560136126e-06, 1.40508996083e-06, 1.27513635562e-06, 1.20985293961e-06, 1.09327379505e-06, 1.03879142443e-06, 1.10096755179e-06, 8.64594255745e-07, 5.68082100472e-07], "median": [0.00521773006767, 0.0060746408999, 0.000547570642084, 0.000235974846873, 0.000143107841723, 4.01815123041e-05, 4.81983406644e-05, 4.46744961664e-05, 2.57829542534e-05, 5.44769354747e-05, 3.96301184082e-05, 1.37869155878e-05, 2.79143068838e-06, 1.09388906822e-06, 1.63942968356e-06, 1.50477603711e-06, 1.23993891066e-06, 1.05611206891e-06, 1.09931465886e-06, 1.61967523127e-06, 9.19988679016e-07, 7.58429791858e-07, 7.84043891144e-07, 4.78219874367e-07, 2.03858022019e-07, 1.94102625528e-07, 1.77474419161e-07, 1.73691006466e-07, 1.66203392382e-07, 1.58214078283e-07, 1.14701506959e-07, 8.8161364431e-08, 7.65658541013e-08, 7.39235659353e-08, 6.16719546542e-08, 4.78842494545e-08, 3.54612801345e-08, 4.2525911681e-08, 3.68363757275e-08, 2.62810573304e-08], "min": [2.8984931442e-17, 1.46031855004e-17, 2.58043541579e-18, 2.74202411448e-18, 7.89861614755e-18, 9.10466864171e-18, 1.53496001979e-17, 2.84907605092e-17, 3.45300326312e-17, 3.87259691541e-17, 3.72115470363e-17, 2.17051746056e-17, 8.70573432153e-18, 5.33774024452e-18, 1.06808176652e-18, 2.50265996549e-18, 1.23208808666e-17, 1.48973425067e-17, 2.01536038065e-17, 2.90270944922e-17, 1.74627637672e-17, 1.05057769418e-17, 2.49692541182e-17, 3.44708060858e-18, 1.11890545975e-17, 7.52480909284e-18, 1.10710324677e-17, 2.65084155537e-17, 1.23174828086e-17, 4.21495630032e-18, 1.3473675337e-17, 1.13177771357e-17, 7.9755447717e-18, 2.58365728428e-17, 5.49232417099e-18, 1.08226847237e-17, 1.69677044424e-17, 8.63185468512e-18, 5.95969569274e-18, 1.27503728929e-17], "var": [9.69542743405e-05, 0.000154158085934, 2.70279779215e-05, 1.17466572647e-06, 2.05543855714e-07, 8.33278193113e-07, 1.89433387732e-06, 1.35221227993e-06, 4.58541364878e-08, 2.4130972065e-07, 1.86982617834e-07, 1.10388305075e-06, 1.03311004196e-09, 3.34896915755e-10, 8.13506206843e-10, 1.19752940897e-09, 9.35540644953e-10, 6.51786458139e-10, 5.39196631788e-10, 7.0122635476e-10, 2.96081548168e-10, 1.72764524908e-10, 4.24356827455e-10, 1.34123157025e-10, 1.26581994886e-10, 7.21881374122e-11, 4.44795381083e-11, 2.29766691784e-11, 1.72314679886e-11, 1.29266475996e-11, 1.73129982572e-11, 2.15221868105e-11, 1.37103193382e-11, 1.19396055542e-11, 1.23323677659e-11, 1.31719010699e-11, 1.23827849016e-11, 1.26637407158e-11, 8.90304583528e-12, 3.36648005479e-12]}, "mfcc": {"mean": [-763.259033203, 150.883499146, 25.3638725281, 12.2982406616, -0.66474032402, -6.99295043945, -5.19462156296, 10.825501442, 16.8259296417, 13.3443717957, 5.00144720078, 1.83745622635, -2.97811365128], "cov": [[18183.5859375, -2779.26049805, 2305.55249023, 4518.45605469, 3085.96679688, 3494.25927734, 1726.32580566, 45.7380218506, -772.846008301, -493.511474609, -345.880310059, 103.780487061, 363.726867676], [-2779.26049805, 3269.61279297, 846.401489258, 33.4373550415, 137.109634399, -94.3129959106, 118.399597168, 255.520523071, 288.580993652, 1.41395246983, -191.724319458, -227.412796021, -117.24987793], [2305.55249023, 846.401489258, 2566.85180664, 1803.79943848, 1245.12219238, 1216.64172363, 695.709838867, 144.194076538, -135.670089722, -168.517456055, -130.836273193, -28.6886386871, 35.7964477539], [4518.45605469, 33.4373550415, 1803.79943848, 2357.87426758, 1560.53320312, 1557.45556641, 771.664245605, 23.7476634979, -288.306518555, -201.07824707, -88.1202011108, 108.075180054, 133.778640747], [3085.96679688, 137.109634399, 1245.12219238, 1560.53320312, 1319.57519531, 1190.67199707, 540.947021484, -7.62723207474, -231.032180786, -189.797805786, -90.404510498, 73.8544311523, 103.813926697], [3494.25927734, -94.3129959106, 1216.64172363, 1557.45556641, 1190.67199707, 1369.70324707, 716.272583008, 48.8995819092, -191.171646118, -164.075820923, -122.354980469, 4.69399499893, 38.4676513672], [1726.32580566, 118.399597168, 695.709838867, 771.664245605, 540.947021484, 716.272583008, 616.427185059, 232.468795776, 4.5930480957, -19.3753318787, -90.1050949097, -121.598381042, -131.091262817], [45.7380218506, 255.520523071, 144.194076538, 23.7476634979, -7.62723207474, 48.8995819092, 232.468795776, 331.954772949, 188.841217041, 51.4405784607, -19.665271759, -128.454421997, -193.321426392], [-772.846008301, 288.580993652, -135.670089722, -288.306518555, -231.032180786, -191.171646118, 4.5930480957, 188.841217041, 286.558258057, 158.000213623, 14.0681257248, -96.0377502441, -161.217956543], [-493.511474609, 1.41395246983, -168.517456055, -201.07824707, -189.797805786, -164.075820923, -19.3753318787, 51.4405784607, 158.000213623, 262.860534668, 144.780212402, -36.2424316406, -133.926116943], [-345.880310059, -191.724319458, -130.836273193, -88.1202011108, -90.404510498, -122.354980469, -90.1050949097, -19.665271759, 14.0681257248, 144.780212402, 267.720672607, 117.031028748, -91.4668502808], [103.780487061, -227.412796021, -28.6886386871, 108.075180054, 73.8544311523, 4.69399499893, -121.598381042, -128.454421997, -96.0377502441, -36.2424316406, 117.031028748, 241.796768188, 135.955291748], [363.726867676, -117.24987793, 35.7964477539, 133.778640747, 103.813926697, 38.4676513672, -131.091262817, -193.321426392, -161.217956543, -133.926116943, -91.4668502808, 135.955291748, 360.452850342]], "icov": [[0.000176338144229, 0.00013686051534, 0.0001016894239, -0.00027368857991, -1.44747054946e-05, -0.000243464834057, 0.000144429141073, -0.000305349880364, 0.000205712582101, -0.000160441079061, 0.000184764008736, 0.000126691214973, -9.15370910661e-05], [0.00013686051534, 0.000595333229285, -0.000165864286828, -0.000117226234579, -0.000529208919033, 0.000532550911885, -0.0003078780137, 0.000181204261025, -0.000747351441532, 0.000342153391102, 6.54628092889e-05, 0.000439299328718, -0.000159893694217], [0.0001016894239, -0.000165864286828, 0.00111386284698, -0.000866230693646, -6.5278254624e-05, -0.000151593922055, -9.53336784733e-05, -0.000225150259212, 5.872152542e-06, 0.000244921946432, -0.000289680116111, 0.000482462404761, -0.000227993034059], [-0.00027368857991, -0.000117226234579, -0.000866230693646, 0.00340681010857, -0.00154885149095, -0.000875279773027, -0.000328859779984, -0.000229008655879, 0.000657173921354, -0.000803913571872, 9.22148028621e-05, -0.00122874975204, -0.000161172545631], [-1.44747054946e-05, -0.000529208919033, -6.5278254624e-05, -0.00154885149095, 0.00603955797851, -0.00458954833448, 0.00285891606472, -0.00184078072198, 0.00224961456843, -0.000840308843181, 0.000749945640564, -0.000965247920249, 0.000474944972666], [-0.000243464834057, 0.000532550911885, -0.000151593922055, -0.000875279773027, -0.00458954833448, 0.0105209955946, -0.0089337322861, 0.0067901336588, -0.00539225991815, 0.00457255914807, -0.00246115331538, 0.00129223638214, -0.000474244268844], [0.000144429141073, -0.0003078780137, -9.53336784733e-05, -0.000328859779984, 0.00285891606472, -0.0089337322861, 0.0146422050893, -0.0110502736643, 0.00857571139932, -0.00773654645309, 0.00603415258229, -0.00148321222514, 0.00246595102362], [-0.000305349880364, 0.000181204261025, -0.000225150259212, -0.000229008655879, -0.00184078072198, 0.0067901336588, -0.0110502736643, 0.0165834892541, -0.0130925178528, 0.0101332757622, -0.00701538473368, 0.00387407140806, -0.000176889792783], [0.000205712582101, -0.000747351441532, 5.872152542e-06, 0.000657173921354, 0.00224961456843, -0.00539225991815, 0.00857571139932, -0.0130925178528, 0.0196549650282, -0.0143059687689, 0.0108185568824, -0.00603474956006, 0.00382638862357], [-0.000160441079061, 0.000342153391102, 0.000244921946432, -0.000803913571872, -0.000840308843181, 0.00457255914807, -0.00773654645309, 0.0101332757622, -0.0143059687689, 0.0186517648399, -0.014249897562, 0.00830199103802, -0.0032934518531], [0.000184764008736, 6.54628092889e-05, -0.000289680116111, 9.22148028621e-05, 0.000749945640564, -0.00246115331538, 0.00603415258229, -0.00701538473368, 0.0108185568824, -0.014249897562, 0.0199346039444, -0.0128071056679, 0.00774133671075], [0.000126691214973, 0.000439299328718, 0.000482462404761, -0.00122874975204, -0.000965247920249, 0.00129223638214, -0.00148321222514, 0.00387407140806, -0.00603474956006, 0.00830199103802, -0.0128071056679, 0.0154303731397, -0.00658278726041], [-9.15370910661e-05, -0.000159893694217, -0.000227993034059, -0.000161172545631, 0.000474944972666, -0.000474244268844, 0.00246595102362, -0.000176889792783, 0.00382638862357, -0.0032934518531, 0.00774133671075, -0.00658278726041, 0.00854791048914]]}, "spectral_contrast_coeffs": {"dmean": [0.0528677813709, 0.0528652109206, 0.0550993643701, 0.0381492003798, 0.0260865241289, 0.0284480452538], "dmean2": [0.0879285633564, 0.0829759761691, 0.0882785394788, 0.0620994642377, 0.041245277971, 0.0474053062499], "dvar": [0.00256989896297, 0.00295665254816, 0.00337660056539, 0.00132769404445, 0.000711604487151, 0.000908409419935], "dvar2": [0.00679220072925, 0.00681445514783, 0.00786551740021, 0.00313319289126, 0.00159539771266, 0.00238833623007], "max": [-0.340135425329, -0.253887325525, -0.272373199463, -0.504604041576, -0.552288770676, -0.520815193653], "mean": [-0.675915420055, -0.641294121742, -0.645483016968, -0.788161098957, -0.794065892696, -0.810763895512], "median": [-0.657296419144, -0.671234488487, -0.669706344604, -0.798432588577, -0.804829001427, -0.800934553146], "min": [-0.985978186131, -0.955259919167, -0.957491993904, -0.963483035564, -0.962998867035, -0.966980993748], "var": [0.015755482018, 0.0205946285278, 0.025476898998, 0.00400448683649, 0.00289360503666, 0.00314697995782]}, "spectral_contrast_valleys": {"dmean": [0.495274484158, 0.518118560314, 0.679219186306, 0.62942391634, 0.49332228303, 0.68052059412], "dmean2": [0.806119740009, 0.828490436077, 1.04363775253, 0.938368558884, 0.742675423622, 1.01325976849], "dvar": [0.335655063391, 0.445007503033, 0.644834399223, 0.556768715382, 0.503812432289, 0.612144172192], "dvar2": [0.777530372143, 0.957625925541, 1.42774856091, 1.17748200893, 0.98819637