{"lowlevel": {"average_loudness": 0.567040026188, "barkbands_crest": {"dmean": 1.89043498039, "dmean2": 3.09452629089, "dvar": 3.30957102776, "dvar2": 9.23809337616, "max": 25.9045372009, "mean": 13.880613327, "median": 13.0648269653, "min": 3.04898166656, "var": 23.556224823}, "barkbands_flatness_db": {"dmean": 0.0175065007061, "dmean2": 0.028302712366, "dvar": 0.000489090278279, "dvar2": 0.00108681933489, "max": 0.662607848644, "mean": 0.372785031796, "median": 0.371381849051, "min": 0.0668407604098, "var": 0.0120469434187}, "barkbands_kurtosis": {"dmean": 3.84771561623, "dmean2": 6.3853096962, "dvar": 49.4348258972, "dvar2": 152.545043945, "max": 162.827255249, "mean": 11.1256103516, "median": 5.98641490936, "min": -1.53811705112, "var": 291.844238281}, "barkbands_skewness": {"dmean": 0.445464134216, "dmean2": 0.7262570858, "dvar": 0.285988867283, "dvar2": 0.847234070301, "max": 10.0617904663, "mean": 1.66864144802, "median": 1.45501863956, "min": -2.26327085495, "var": 1.81748080254}, "barkbands_spread": {"dmean": 0.657728850842, "dmean2": 1.01358938217, "dvar": 2.15819787979, "dvar2": 4.26261758804, "max": 31.9560089111, "mean": 3.33087992668, "median": 2.13662433624, "min": 0.277308046818, "var": 13.2521829605}, "dissonance": {"dmean": 0.0423501133919, "dmean2": 0.0718743279576, "dvar": 0.0015205325326, "dvar2": 0.00422529969364, "max": 0.499449431896, "mean": 0.355629116297, "median": 0.367087185383, "min": 0.0736554339528, "var": 0.00720372982323}, "dynamic_complexity": 4.81264972687, "erbbands_crest": {"dmean": 2.04897141457, "dmean2": 3.2225151062, "dvar": 4.67890930176, "dvar2": 11.9510631561, "max": 29.5334148407, "mean": 14.6637411118, "median": 13.4764385223, "min": 3.3795311451, "var": 36.8966522217}, "erbbands_flatness_db": {"dmean": 0.0137067139149, "dmean2": 0.0215787999332, "dvar": 0.000292107521091, "dvar2": 0.000634916010313, "max": 0.586787641048, "mean": 0.348515897989, "median": 0.346846103668, "min": 0.0881017819047, "var": 0.00707655726001}, "erbbands_kurtosis": {"dmean": 1.80815351009, "dmean2": 2.57777547836, "dvar": 8.10768508911, "dvar2": 17.1548271179, "max": 79.7597503662, "mean": 5.80801439285, "median": 2.95562076569, "min": -1.4743449688, "var": 73.5044403076}, "erbbands_skewness": {"dmean": 0.31258046627, "dmean2": 0.467972159386, "dvar": 0.107476338744, "dvar2": 0.249550327659, "max": 6.91450977325, "mean": 1.41123962402, "median": 1.16781294346, "min": -1.69855618477, "var": 1.48254358768}, "erbbands_spread": {"dmean": 1.68134582043, "dmean2": 2.57673048973, "dvar": 10.8830471039, "dvar2": 27.6274013519, "max": 75.9685440063, "mean": 9.60577392578, "median": 7.38923406601, "min": 1.07647359371, "var": 55.7880935669}, "hfc": {"dmean": 1.98028707504, "dmean2": 2.89383649826, "dvar": 15.2496376038, "dvar2": 32.4286231995, "max": 70.7893371582, "mean": 8.36349964142, "median": 6.26398277283, "min": 1.1836010918e-16, "var": 69.3202056885}, "melbands_crest": {"dmean": 2.08946752548, "dmean2": 3.43187665939, "dvar": 4.1091632843, "dvar2": 11.2997274399, "max": 31.2092838287, "mean": 17.0575389862, "median": 15.947804451, "min": 2.34886050224, "var": 34.2778358459}, "melbands_flatness_db": {"dmean": 0.0189463235438, "dmean2": 0.0302566960454, "dvar": 0.000746032572351, "dvar2": 0.00150676211342, "max": 0.807962715626, "mean": 0.48521104455, "median": 0.48643130064, "min": 0.00787153746933, "var": 0.0164586361498}, "melbands_kurtosis": {"dmean": 3.46955990791, "dmean2": 5.78841781616, "dvar": 31.6699848175, "dvar2": 91.8686065674, "max": 86.5406646729, "mean": 9.11282444, "median": 5.4906539917, "min": -1.49238872528, "var": 123.599006653}, "melbands_skewness": {"dmean": 0.397823572159, "dmean2": 0.636236250401, "dvar": 0.200086906552, "dvar2": 0.567028224468, "max": 6.48943710327, "mean": 1.61675703526, "median": 1.49051713943, "min": -1.76193642616, "var": 1.01774179935}, "melbands_spread": {"dmean": 0.946776151657, "dmean2": 1.42001497746, "dvar": 10.8815631866, "dvar2": 13.7722110748, "max": 143.529769897, "mean": 4.61891508102, "median": 3.19540882111, "min": 0.536699175835, "var": 30.1243419647}, "pitch_salience": {"dmean": 0.0570183880627, "dmean2": 0.095860466361, "dvar": 0.00270222639665, "dvar2": 0.00774204451591, "max": 0.889524102211, "mean": 0.519497215748, "median": 0.532359361649, "min": 0.119919031858, "var": 0.0175546389073}, "silence_rate_20dB": {"dmean": 0, "dmean2": 0, "dvar": 0, "dvar2": 0, "max": 1, "mean": 1, "median": 1, "min": 1, "var": 0}, "silence_rate_30dB": {"dmean": 0.0108744902536, "dmean2": 0.0217539090663, "dvar": 0.010756239295, "dvar2": 0.0253593586385, "max": 1, "mean": 0.940883338451, "median": 1, "min": 0, "var": 0.0556212626398}, "silence_rate_60dB": {"dmean": 0.00543724512681, "dmean2": 0.0106503516436, "dvar": 0.00540697202086, "dvar2": 0.0109907919541, "max": 1, "mean": 0.127972826362, "median": 0, "min": 0, "var": 0.111594103277}, "spectral_centroid": {"dmean": 35.5829238892, "dmean2": 51.7246131897, "dvar": 54871.6289062, "dvar2": 59387.4257812, "max": 11055.1552734, "mean": 378.481384277, "median": 334.830932617, "min": 153.40045166, "var": 85913.3984375}, "spectral_complexity": {"dmean": 1.19438147545, "dmean2": 1.91003847122, "dvar": 4.43271398544, "dvar2": 7.01271820068, "max": 47, "mean": 7.91664791107, "median": 8, "min": 0, "var": 27.19165802}, "spectral_decrease": {"dmean": 1.83307569124e-09, "dmean2": 2.92710877758e-09, "dvar": 1.15021085449e-17, "dvar2": 3.12156026348e-17, "max": 7.05882273752e-29, "mean": -8.20332868301e-09, "median": -5.38738920142e-09, "min": -6.12926172039e-08, "var": 8.37521296652e-17}, "spectral_energy": {"dmean": 0.0070867841132, "dmean2": 0.0112905744463, "dvar": 0.000169890205143, "dvar2": 0.000460987590486, "max": 0.234210953116, "mean": 0.0317198447883, "median": 0.0209927018732, "min": 1.069230058e-20, "var": 0.00122969667427}, "spectral_energyband_high": {"dmean": 7.54024995331e-06, "dmean2": 1.07239493445e-05, "dvar": 1.63080882132e-09, "dvar2": 3.58249496735e-09, "max": 0.000679199001752, "mean": 1.24988519019e-05, "median": 4.66842919877e-07, "min": 7.83823827655e-21, "var": 2.87988144443e-09}, "spectral_energyband_low": {"dmean": 0.00325813470408, "dmean2": 0.00551909860224, "dvar": 9.27730288822e-05, "dvar2": 0.000240140667302, "max": 0.187105163932, "mean": 0.0120928091928, "median": 0.00279953912832, "min": 3.63175594219e-23, "var": 0.000685443985276}, "spectral_energyband_middle_high": {"dmean": 0.0003994848812, "dmean2": 0.000490722013637, "dvar": 2.77621302303e-06, "dvar2": 4.19823982156e-06, "max": 0.0575788766146, "mean": 0.00103216362186, "median": 0.000153387154569, "min": 1.31014372549e-21, "var": 1.52178790813e-05}, "spectral_energyband_middle_low": {"dmean": 0.00519328704104, "dmean2": 0.008325163275, "dvar": 8.28455813462e-05, "dvar2": 0.000240706925979, "max": 0.150645047426, "mean": 0.0205055456609, "median": 0.0153450900689, "min": 2.77286047067e-22, "var": 0.00038080610102}, "spectral_entropy": {"dmean": 0.132393687963, "dmean2": 0.211635529995, "dvar": 0.0425654090941, "dvar2": 0.0841376706958, "max": 9.80976104736, "mean": 5.48014736176, "median": 5.42147874832, "min": 3.88185095787, "var": 0.67246067524}, "spectral_flux": {"dmean": 0.0149338850752, "dmean2": 0.0240142252296, "dvar": 0.000547308241948, "dvar2": 0.00125432643108, "max": 0.391309916973, "mean": 0.0469999499619, "median": 0.0396983548999, "min": 1.04373426568e-10, "var": 0.00148280127905}, "spectral_kurtosis": {"dmean": 36.9708557129, "dmean2": 65.7661437988, "dvar": 5367.00292969, "dvar2": 16598.2714844, "max": 953.125854492, "mean": 106.279273987, "median": 69.0404205322, "min": -1.21946501732, "var": 17945.0351562}, "spectral_rms": {"dmean": 0.000541510002222, "dmean2": 0.000844868889544, "dvar": 6.06303842687e-07, "dvar2": 1.62023184203e-06, "max": 0.0151161663234, "mean": 0.00481398357078, "median": 0.00452555902302, "min": 3.22978514593e-12, "var": 7.77172317612e-06}, "spectral_rolloff": {"dmean": 56.4765930176, "dmean2": 90.6306762695, "dvar": 165814.78125, "dvar2": 179368.875, "max": 18733.8867188, "mean": 445.171112061, "median": 387.59765625, "min": 64.599609375, "var": 217094.09375}, "spectral_skewness": {"dmean": 1.269952178, "dmean2": 2.20989942551, "dvar": 2.11209416389, "dvar2": 6.19335603714, "max": 26.4202289581, "mean": 7.21650600433, "median": 6.25715303421, "min": -0.0112385712564, "var": 20.7796039581}, "spectral_spread": {"dmean": 331837.78125, "dmean2": 558021.4375, "dvar": 709905678336, "dvar2": 789167538176, "max": 41730296, "mean": 1422149.875, "median": 1204936.625, "min": 109273.625, "var": 1673381937150.0}, "spectral_strongpeak": {"dmean": 0.233331739902, "dmean2": 0.386224865913, "dvar": 0.147642046213, "dvar2": 0.349023610353, "max": 9.68052005768, "mean": 0.91882956028, "median": 0.686008453369, "min": 5.36801403328e-09, "var": 0.700460016727}, "zerocrossingrate": {"dmean": 0.00190987216774, "dmean2": 0.00240633147769, "dvar": 9.74731374299e-05, "dvar2": 8.98030921235e-05, "max": 0.50634765625, "mean": 0.0168750658631, "median": 0.01513671875, "min": 0.00244140625, "var": 0.000186781835509}, "barkbands": {"dmean": [5.42116176803e-05, 0.00148224155419, 0.00123554992024, 0.00131679489277, 0.00344292167574, 0.00165584706701, 0.000472400541184, 0.000259405904217, 0.00027003075229, 5.65604495932e-05, 0.000227874494158, 3.50827249349e-05, 3.85705243389e-05, 5.30369761691e-05, 3.10719588015e-05, 2.8270203984e-05, 1.76612738869e-05, 1.57870563271e-05, 8.49554726301e-06, 5.01764270666e-06, 2.38119810092e-06, 1.07001642391e-06, 5.63495916595e-07, 4.98977271945e-07, 9.80825234365e-07, 2.4258014264e-07, 1.00698418493e-08], "dmean2": [6.41338920104e-05, 0.00220606592484, 0.00224810605869, 0.00237771146931, 0.00570386089385, 0.00237258011475, 0.000660232559312, 0.000385734951124, 0.000371353409719, 8.60801810632e-05, 0.000290535826935, 5.32782432856e-05, 5.68445357203e-05, 6.98479489074e-05, 4.70946142741e-05, 4.1356550355e-05, 2.50795364991e-05, 2.2387412173e-05, 1.12769403131e-05, 7.20655179975e-06, 3.59537375516e-06, 1.64289474469e-06, 8.59583110469e-07, 8.08936931662e-07, 1.42949056681e-06, 3.88944954466e-07, 1.68529119549e-08], "dvar": [5.90020938773e-08, 5.41280423931e-05, 1.52776465256e-05, 1.32358181872e-05, 3.99924101657e-05, 1.22494257084e-05, 1.09391521619e-06, 6.55736243971e-07, 5.69765518321e-07, 6.36245545138e-08, 1.26165821257e-06, 3.06422194285e-08, 4.80006008274e-08, 5.1023018699e-08, 4.3754155854e-08, 3.38414523071e-08, 1.42654679181e-08, 8.35695512791e-09, 3.10503978085e-09, 1.06633168961e-09, 2.26130336678e-10, 3.9240985461e-11, 1.21634594757e-11, 1.3737828583e-11, 8.82685591286e-11, 5.47772764647e-12, 3.64245851363e-15], "dvar2": [7.67013972336e-08, 0.000105193248601, 5.45022339793e-05, 4.44647266704e-05, 0.000122325785924, 2.82342898572e-05, 1.88117724065e-06, 1.45413650898e-06, 1.27459509258e-06, 1.41432266787e-07, 1.78113486982e-06, 6.39442703232e-08, 1.10647789597e-07, 1.05016134455e-07, 9.6770740754e-08, 7.00267648313e-08, 2.55743088928e-08, 1.5941445497e-08, 5.66954705405e-09, 2.29231766902e-09, 5.06825859059e-10, 9.25498427895e-11, 3.01994054763e-11, 3.12463770136e-11, 1.75538125702e-10, 1.27596795976e-11, 9.14639390159e-15], "max": [0.00925823207945, 0.170215323567, 0.0593092143536, 0.101835623384, 0.087876021862, 0.0732416436076, 0.0495677143335, 0.0217156801373, 0.0220222938806, 0.00574519857764, 0.0554664023221, 0.00419591600075, 0.00722167594358, 0.00620465166867, 0.00516457017511, 0.00472775520757, 0.00326798320748, 0.0020558424294, 0.00160749908537, 0.000805831688922, 0.000289844087092, 0.000127428545966, 8.11938007246e-05, 0.000115148541227, 0.000270556978649, 6.89536827849e-05, 1.55848999839e-06], "mean": [0.000371406349586, 0.0064872787334, 0.0033208928071, 0.0035148174502, 0.00777176441625, 0.00645099626854, 0.00143779732753, 0.000580791092943, 0.000718063558452, 9.90149419522e-05, 0.000561416847631, 5.43656169611e-05, 6.73093090882e-05, 0.000111400870082, 4.63894175482e-05, 4.32526285294e-05, 2.84352572635e-05, 2.61096702161e-05, 1.22137134895e-05, 6.20180662736e-06, 3.00239662465e-06, 1.46282218338e-06, 8.94216043434e-07, 1.3598660189e-06, 2.60596516455e-06, 5.98534882101e-07, 2.64975259512e-08], "median": [1.32786578888e-06, 0.000141440497828, 0.00105487369001, 0.00138301751576, 0.00492657255381, 0.00284317671321, 0.000650145346299, 0.000212294762605, 0.000235734230955, 2.84962534352e-05, 2.65550770564e-05, 8.93725882634e-06, 1.34327174237e-05, 1.77160382009e-05, 3.31147361976e-06, 3.79227867597e-06, 1.8749138917e-06, 2.44101011049e-06, 4.71333748919e-07, 1.14706608656e-07, 6.99823274886e-08, 8.34857019072e-08, 1.24586989614e-07, 6.50496119192e-08, 1.36133415651e-08, 8.53515569332e-09, 1.37761855257e-08], "min": [1.75274606394e-23, 1.51414609014e-23, 1.3100535153e-24, 3.35312545841e-24, 3.45598006202e-23, 7.73295480492e-23, 1.48867913577e-23, 1.91019780968e-23, 9.16720364263e-23, 6.62201776932e-23, 2.44824559657e-23, 4.05580812179e-23, 6.59924114618e-23, 9.55984937633e-23, 7.08068421881e-23, 1.33265137862e-22, 1.7180716513e-22, 1.48313398003e-22, 2.10318874895e-22, 1.85830713887e-22, 3.89401281324e-22, 4.63933768417e-22, 6.68914465743e-22, 8.2585658841e-22, 1.08259827412e-21, 1.85797629692e-21, 2.29554454159e-21], "var": [1.62065464338e-06, 0.000475669163279, 3.21800980601e-05, 7.53921704018e-05, 8.64222020027e-05, 7.89500918472e-05, 9.27998280531e-06, 1.54233680405e-06, 1.68183908045e-06, 9.65654081142e-08, 9.80593904387e-06, 5.10524102992e-08, 6.88998511578e-08, 1.3406447863e-07, 6.31307983667e-08, 5.43650457985e-08, 2.88417574268e-08, 1.55297570359e-08, 5.46624212561e-09, 1.52770451844e-09, 3.06058151045e-10, 4.87523875436e-11, 1.51970588891e-11, 4.78278874838e-11, 2.73823019814e-10, 1.3832000649e-11, 6.60821901756e-15]}, "erbbands": {"dmean": [0.0591333247721, 0.316351801157, 0.97963488102, 3.54119110107, 5.90449571609, 16.5599441528, 10.3050813675, 15.3645772934, 5.81859779358, 10.5952959061, 4.94784593582, 5.6062951088, 3.93670916557, 3.6622068882, 7.25356149673, 1.43000853062, 1.7156304121, 2.91751480103, 1.51649570465, 1.58420145512, 1.49692153931, 0.962463498116, 0.835673868656, 0.593345582485, 0.363464176655, 0.233595535159, 0.134894147515, 0.0704764723778, 0.0413274876773, 0.0246721152216, 0.0154448607937, 0.0110305976123, 0.00774988159537, 0.0119841126725, 0.00854258332402, 0.00261779758148, 0.000237852407736, 2.04179686989e-05, 4.43997214461e-06, 7.80576556281e-06], "dmean2": [0.0724511742592, 0.492360383272, 1.74971020222, 6.56435537338, 8.92752838135, 28.6991100311, 16.355670929, 21.665266037, 8.9296913147, 14.1389923096, 7.26658582687, 8.08282661438, 5.15493059158, 4.83079528809, 9.28874588013, 2.0832901001, 2.51998591423, 3.72269916534, 2.2633357048, 2.2983250618, 2.11370038986, 1.37401974201, 1.13519525528, 0.784237682819, 0.50121742487, 0.342244625092, 0.200172632933, 0.105105988681, 0.0635031834245, 0.0382802821696, 0.0236434768885, 0.0184615235776, 0.0122400447726, 0.0216631498188, 0.0130865182728, 0.00439366325736, 0.000338373967679, 3.09442802973e-05, 7.0673454502e-06, 1.23826230265e-05], "dvar": [0.0653755813837, 2.83287215233, 10.5520563126, 110.359298706, 91.4923858643, 1075.91638184, 1185.9276123, 985.38092041, 90.3525161743, 729.354003906, 362.011199951, 288.321472168, 119.508354187, 191.902389526, 1227.12426758, 46.5523223877, 107.634399414, 125.935516357, 130.284805298, 106.585548401, 82.974822998, 44.3947296143, 26.6431427002, 13.5769844055, 5.5749502182, 2.41190457344, 0.709496080875, 0.18749076128, 0.0591992139816, 0.0226480178535, 0.00899824686348, 0.00531819788739, 0.00365435821004, 0.00946866348386, 0.00681996997446, 0.000600677332841, 4.8790548135e-06, 2.78150764643e-08, 1.58093246827e-10, 2.03875125115e-10], "dvar2": [0.0937099158764, 6.23748254776, 33.5510635376, 390.667572021, 229.203216553, 3435.69824219, 3157.42749023, 2177.93847656, 222.326477051, 1153.8659668, 798.084838867, 669.002319336, 251.888198853, 291.526062012, 1811.72180176, 95.029624939, 259.159820557, 233.646484375, 301.41116333, 226.64151001, 154.143112183, 81.3268966675, 50.0888366699, 25.3176002502, 10.3819770813, 5.31759405136, 1.57668709755, 0.421561747789, 0.13854470849, 0.0561296977103, 0.0222073197365, 0.0129788704216, 0.00804371666163, 0.0255995392799, 0.013765828684, 0.00128885172307, 1.02165950011e-05, 6.28374863254e-08, 3.92370136382e-10, 5.53133816528e-10], "max": [8.49508190155, 39.8430709839, 65.3017578125, 299.155029297, 150.339569092, 457.778594971, 722.735290527, 871.344604492, 268.982025146, 1261.38574219, 453.024383545, 497.005401611, 236.51725769, 619.176940918, 1735.84753418, 180.800643921, 323.806732178, 347.099609375, 322.728393555, 281.343536377, 225.805648804, 186.345718384, 120.223777771, 113.254440308, 56.2402610779, 40.5576324463, 14.6908607483, 8.44340896606, 4.96303415298, 2.64959859848, 2.25889706612, 2.3441722393, 1.71472144127, 2.69006514549, 2.44544744492, 0.663791894913, 0.0699262097478, 0.00536171114072, 0.000291056523565, 0.000254904676694], "mean": [0.314733624458, 0.996351778507, 2.88885402679, 9.19937705994, 15.5843715668, 31.9021911621, 29.5938491821, 62.5398368835, 24.504650116, 31.1286315918, 11.2170391083, 13.5078258514, 11.1876125336, 9.13544559479, 17.760181427, 2.612190485, 3.0641002655, 6.47815465927, 2.26237535477, 2.53008508682, 2.4173886776, 1.63067495823, 1.4105681181, 0.918854415417, 0.526668727398, 0.288968384266, 0.164933174849, 0.090898655355, 0.0563837774098, 0.0334067158401, 0.0262920893729, 0.0261534992605, 0.0212997980416, 0.0221520140767, 0.0222637522966, 0.00620676670223, 0.000615894095972, 5.31082805537e-05, 1.88872145372e-05, 3.52643764927e-05], "median": [0.00349992304109, 0.0702828764915, 1.04089105129, 3.32237839699, 8.38350582123, 17.9515686035, 14.5608215332, 22.2672996521, 14.3234510422, 9.79798030853, 4.08710575104, 4.62471723557, 3.57376456261, 1.50579607487, 1.05451953411, 0.420765012503, 0.616084635258, 1.10434925556, 0.234471142292, 0.190852954984, 0.219994500279, 0.131313890219, 0.140144050121, 0.0717772692442, 0.0181145370007, 0.00549451960251, 0.00278463796712, 0.00297710299492, 0.00290635530837, 0.00342354574241, 0.00355074554682, 0.00221542501822, 0.000664142949972, 0.000211095626582, 0.000101532670669, 4.75178712804e-05, 2.3013282771e-05, 8.76501235325e-06, 1.25166670841e-05, 2.34988001466e-05], "min": [1.05067508015e-21, 1.29569765021e-21, 2.27198140519e-21, 5.18301072458e-21, 4.85192643374e-20, 1.3344961691e-19, 2.06515992606e-19, 8.32340410118e-19, 3.12031448812e-19, 4.84542860692e-19, 7.22725795763e-19, 2.05585649647e-18, 1.76958707084e-18, 2.32475223409e-18, 7.91120345833e-19, 2.19302951181e-18, 2.99209839124e-18, 5.27838010941e-18, 7.12885345004e-18, 4.9135963544e-18, 6.0200099807e-18, 9.99047071709e-18, 7.70810156323e-18, 1.19147881254e-17, 9.16900095949e-18, 9.40016650784e-18, 1.52706937849e-17, 1.30226857137e-17, 1.65665234997e-17, 1.56510628634e-17, 1.80092538738e-17, 1.71338287792e-17, 1.42577317155e-17, 1.01919073942e-17, 9.1335835672e-18, 5.86512702844e-18, 3.55550227339e-18, 1.1798625084e-18, 3.18126296511e-19, 3.3200176661e-20], "var": [1.14356839657, 10.8093595505, 21.0606899261, 587.089233398, 384.197845459, 2083.75170898, 2532.13745117, 8697.05078125, 852.132080078, 6295.28417969, 719.84173584, 612.396972656, 504.013183594, 1331.5592041, 9223.35449219, 90.7703704834, 146.995071411, 413.668060303, 169.191558838, 169.866867065, 154.272033691, 89.8817749023, 50.7522735596, 24.0499343872, 9.76501464844, 3.34212899208, 0.969815731049, 0.255742490292, 0.074507035315, 0.0244924966246, 0.0127114010975, 0.0148846777156, 0.0127104157582, 0.0193358305842, 0.0207215826958, 0.00159659702331, 1.40620677485e-05, 7.66413776887e-08, 5.43027345312e-10, 1.46740819496e-09]}, "gfcc": {"mean": [-196.222900391, 212.858169556, -68.2788009644, -12.5727443695, -49.3942451477, -21.8091564178, -39.9487419128, -16.0074481964, -11.2011890411, -20.314409256, -3.96764230728, -8.17085456848, -7.51424312592], "cov": [[16635.859375, -1238.16882324, -3399.03710938, 1007.55310059, 112.983062744, 1164.83569336, 324.583190918, 735.250671387, 37.8766021729, 212.674591064, 236.024673462, 92.0111923218, 102.411605835], [-1238.16882324, 1143.39733887, 882.291137695, -239.198318481, 148.077087402, -235.604736328, 196.327331543, -228.066085815, 105.441307068, -217.513748169, 24.2396659851, -129.634918213, -54.5206871033], [-3399.03710938, 882.291137695, 2764.56518555, -238.929428101, -285.707855225, -43.584438324, 175.15637207, -251.20375061, -210.638519287, -89.9796676636, -42.8080558777, -42.1747512817, -18.4148483276], [1007.55310059, -239.198318481, -238.929428101, 479.174285889, 149.169433594, 139.212478638, 124.022201538, 131.916641235, 12.519030571, 82.2173309326, 20.7054901123, -4.26167678833, 28.9139938354], [112.983062744, 148.077087402, -285.707855225, 149.169433594, 369.228973389, -30.2102222443, 8.1864900589, 40.7048683167, 58.2971496582, -45.1731376648, 13.7738876343, -20.2419605255, -2.65107488632], [1164.83569336, -235.604736328, -43.584438324, 139.212478638, -30.2102222443, 350.672058105, 122.483573914, 91.6122665405, -63.9215698242, 99.8572845459, 40.4200172424, 44.2937316895, 20.9811439514], [324.583190918, 196.327331543, 175.15637207, 124.022201538, 8.1864900589, 122.483573914, 289.672576904, 34.9558982849, 17.0038223267, 32.9937744141, 43.541053772, -38.0920066833, 27.568944931], [735.250671387, -228.066085815, -251.20375061, 131.916641235, 40.7048683167, 91.6122665405, 34.9558982849, 200.341049194, 9.56273269653, 74.9415969849, 13.5803194046, 28.0318527222, 35.287021637], [37.8766021729, 105.441307068, -210.638519287, 12.519030571, 58.2971496582, -63.9215698242, 17.0038223267, 9.56273269653, 154.283065796, -8.55724334717, 13.0378255844, -26.0653858185, -19.428194046], [212.674591064, -217.513748169, -89.9796676636, 82.2173309326, -45.1731376648, 99.8572845459, 32.9937744141, 74.9415969849, -8.55724334717, 160.289413452, 55.1842536926, 26.816526413, 36.1994056702], [236.024673462, 24.2396659851, -42.8080558777, 20.7054901123, 13.7738876343, 40.4200172424, 43.541053772, 13.5803194046, 13.0378255844, 55.1842536926, 110.135101318, 32.8241653442, 13.6841659546], [92.0111923218, -129.634918213, -42.1747512817, -4.26167678833, -20.2419605255, 44.2937316895, -38.0920066833, 28.0318527222, -26.0653858185, 26.816526413, 32.8241653442, 80.9743804932, 41.7633972168], [102.411605835, -54.5206871033, -18.4148483276, 28.9139938354, -2.65107488632, 20.9811439514, 27.568944931, 35.287021637, -19.428194046, 36.1994056702, 13.6841659546, 41.7633972168, 78.1817779541]], "icov": [[0.00020606367616, -0.000761402421631, 0.000445450015832, -0.000642040628009, 0.000833025958855, -0.000961570593063, 0.000828736869153, -0.000649025780149, 0.000435371010099, 0.000390309054637, -0.000307237321977, 0.000451963336673, -0.000431715860032], [-0.000761402421631, 0.0122040444985, -0.00430256035179, 0.00690957391635, -0.00821006298065, 0.00514840520918, -0.00845338962972, 0.00525488751009, -0.0068929088302, 0.00664736004546, -0.00661589903757, 0.00755775114521, -0.00278171966784], [0.000445450015832, -0.00430256035179, 0.0022716592066, -0.00254132808186, 0.00344265229069, -0.00216702464968, 0.00249720923603, -0.00170540134422, 0.00326766306534, -0.00154198205564, 0.00186599534936, -0.00215530884452, 0.000829131167848], [-0.000642040628009, 0.00690957391635, -0.00254132808186, 0.00775658292696, -0.00662779528648, 0.00338160339743, -0.00657354015857, 0.00243748887442, -0.00356930121779, 0.00101458269637, -0.00156821601558, 0.00271545746364, -0.000254932179814], [0.000833025958855, -0.00821006298065, 0.00344265229069, -0.00662779528648, 0.010434362106, -0.0049726315774, 0.00753430137411, -0.00491467257962, 0.00385637511499, 0.000298438826576, 0.000437672919361, -0.000416367489379, -0.00133885163814], [-0.000961570593063, 0.00514840520918, -0.00216702464968, 0.00338160339743, -0.0049726315774, 0.0112870754674, -0.00926340837032, 0.00298767350614, 1.81742616405e-05, -0.00384625606239, 0.00262092403136, -0.00804031081498, 0.00743086216971], [0.000828736869153, -0.00845338962972, 0.00249720923603, -0.00657354015857, 0.00753430137411, -0.00926340837032, 0.016209255904, -0.00530195888132, 0.00215769163333, 0.000964877428487, -0.00338502204977, 0.00915024336427, -0.00874867103994], [-0.000649025780149, 0.00525488751009, -0.00170540134422, 0.00243748887442, -0.00491467257962, 0.00298767350614, -0.00530195888132, 0.0112524237484, -0.00351483467966, -0.00190621917136, 0.00126253534108, -0.0017482067924, -0.000243945265538], [0.000435371010099, -0.0068929088302, 0.00326766306534, -0.00356930121779, 0.00385637511499, 1.81742616405e-05, 0.00215769163333, -0.00351483467966, 0.0136812739074, -0.00473248539492, 0.00316262245178, -0.00487789092585, 0.00530715938658], [0.000390309054637, 0.00664736004546, -0.00154198205564, 0.00101458269637, 0.000298438826576, -0.00384625606239, 0.000964877428487, -0.00190621917136, -0.00473248539492, 0.0216626692563, -0.0156162912026, 0.0168280657381, -0.0125137977302], [-0.000307237321977, -0.00661589903757, 0.00186599534936, -0.00156821601558, 0.000437672919361, 0.00262092403136, -0.00338502204977, 0.00126253534108, 0.00316262245178, -0.0156162912026, 0.0251945257187, -0.023341672495, 0.012819015421], [0.000451963336673, 0.00755775114521, -0.00215530884452, 0.00271545746364, -0.000416367489379, -0.00804031081498, 0.00915024336427, -0.0017482067924, -0.00487789092585, 0.0168280657381, -0.023341672495, 0.0490461289883, -0.0282453987747], [-0.000431715860032, -0.00278171966784, 0.000829131167848, -0.000254932179814, -0.00133885163814, 0.00743086216971, -0.00874867103994, -0.000243945265538, 0.00530715938658, -0.0125137977302, 0.012819015421, -0.0282453987747, 0.0328189022839]]}, "melbands": {"dmean": [0.000458715454442, 0.000486651115352, 0.000601845735218, 0.000798645312898, 0.000434192596003, 0.000325454224367, 9.46582586039e-05, 0.000101794059447, 3.93752306991e-05, 3.63910876331e-05, 1.9713979782e-05, 1.32975674205e-05, 3.3426695154e-05, 4.21234017267e-06, 3.31032583745e-06, 5.17694161317e-06, 5.16786940352e-06, 2.51365759141e-06, 2.27288910537e-06, 2.05735454983e-06, 1.76182697942e-06, 1.0741848655e-06, 8.32512512261e-07, 8.60668706082e-07, 4.48651576335e-07, 3.21383282653e-07, 2.21937270339e-07, 1.402947305e-07, 9.41318347714e-08, 6.28572465189e-08, 3.42482806559e-08, 2.51945699858e-08, 1.87225612791e-08, 1.20309762153e-08, 9.80836301068e-09, 7.66942243047e-09, 6.18960172005e-09, 5.84189097097e-09, 5.66201974195e-09, 1.37882265605e-08], "dmean2": [0.000630305265076, 0.000837286410388, 0.00106316513848, 0.00133476289921, 0.000712054374162, 0.000459828064777, 0.000142302364111, 0.000137771246955, 5.81526728638e-05, 5.11987491336e-05, 2.58385716734e-05, 1.79119688255e-05, 4.23916899308e-05, 6.56977681501e-06, 5.05348043589e-06, 7.11863458491e-06, 6.74212924423e-06, 3.8715043047e-06, 3.39680127581e-06, 3.0069929835e-06, 2.53925827565e-06, 1.53963173943e-06, 1.23642712424e-06, 1.21376524476e-06, 6.09092182913e-07, 4.36727077613e-07, 3.3801313748e-07, 2.13921282466e-07, 1.42148152804e-07, 9.67723963186e-08, 5.22441432338e-08, 3.96116845991e-08, 3.05840792691e-08, 1.88952498092e-08, 1.51404861981e-08, 1.25491643743e-08, 1.02497255128e-08, 9.6152579232e-09, 8.61810800501e-09, 2.56184389258e-08], "dvar": [4.47691127192e-06, 2.99499970424e-06, 2.44057832788e-06, 1.97950043912e-06, 1.43201839364e-06, 4.31414463264e-07, 2.34422152801e-08, 6.71272104569e-08, 2.47681093413e-08, 1.04007611412e-08, 3.02637603866e-09, 2.30757546404e-09, 2.78870775361e-08, 4.28467566982e-10, 3.77589570721e-10, 5.88984472305e-10, 4.21339824141e-10, 3.90404875095e-10, 2.3216237266e-10, 2.02599687027e-10, 1.14274277541e-10, 5.44846216755e-11, 3.46239634186e-11, 2.11084691393e-11, 8.80488824212e-12, 4.35830538326e-12, 2.27501372775e-12, 8.99513265522e-13, 3.52660121158e-13, 1.59843397741e-13, 4.42144964304e-14, 2.14643417379e-14, 1.53971226638e-14, 5.67595592109e-15, 3.50179048153e-15, 2.29221811549e-15, 1.79936966579e-15, 1.8105778175e-15, 2.12298961471e-15, 1.14621887556e-14], "dvar2": [7.59899103286e-06, 8.53330311656e-06, 8.48526451591e-06, 6.17405839876e-06, 4.00475346396e-06, 9.52726622927e-07, 5.47724070543e-08, 1.11264768066e-07, 5.56674173424e-08, 2.37527526536e-08, 6.43526254507e-09, 3.69811958834e-09, 3.97120984985e-08, 9.38630284608e-10, 8.20584322714e-10, 1.3246226338e-09, 8.07415023729e-10, 9.38761179903e-10, 5.07894781787e-10, 4.46658515729e-10, 2.17286799664e-10, 1.03479988467e-10, 7.26929766381e-11, 4.3570699132e-11, 1.68481444074e-11, 7.9559163077e-12, 5.09838699037e-12, 2.06056417588e-12, 7.95405679255e-13, 3.83353423875e-13, 1.01942332885e-13, 5.14151201269e-14, 3.98509011706e-14, 1.42466655741e-14, 8.64657839414e-15, 5.80851191865e-15, 4.32539619153e-15, 4.08569772592e-15, 4.58532942722e-15, 3.3972116434e-14], "max": [0.0589079447091, 0.0364208854735, 0.0421298891306, 0.0200450755656, 0.0243215020746, 0.0174708366394, 0.00403518322855, 0.0114502208307, 0.00350614800118, 0.00304927723482, 0.0012033234816, 0.00200882717036, 0.00832816306502, 0.000410253967857, 0.000518431421369, 0.000788646750152, 0.000623733561952, 0.000570118369069, 0.000390025757952, 0.000476641784189, 0.000260834407527, 0.000199109330424, 0.000127142746351, 9.40295212786e-05, 9.84107537079e-05, 4.57228379673e-05, 3.78995828214e-05, 2.318649058e-05, 1.21074390336e-05, 8.15537350718e-06, 3.95489860239e-06, 2.57889132627e-06, 3.32860508934e-06, 1.56980445354e-06, 1.47606010614e-06, 1.12742429792e-06, 1.45354783854e-06, 1.34094841542e-06, 1.55683142111e-06, 2.66333427135e-06], "mean": [0.00219036242925, 0.00139489641879, 0.00172602909151, 0.00173172494397, 0.00114337890409, 0.00131306238472, 0.000396526622353, 0.000289716845145, 7.99162444309e-05, 9.29309098865e-05, 5.43141941307e-05, 3.13824893965e-05, 8.25884999358e-05, 6.64582739773e-06, 4.87051102027e-06, 1.06048410089e-05, 1.1192068996e-05, 3.31011756316e-06, 3.39438702213e-06, 3.12720817419e-06, 2.74755848295e-06, 1.7029508399e-06, 1.25301346543e-06, 1.38646623782e-06, 6.60812247588e-07, 4.51854560879e-07, 2.77553539263e-07, 1.67315590716e-07, 1.10294230637e-07, 7.53685327481e-08, 4.44064411909e-08, 3.41432020434e-08, 2.31007550866e-08, 1.61681423805e-08, 1.53572514705e-08, 1.57551109936e-08, 1.4935734427e-08, 1.56059982714e-08, 1.36970683684e-08, 2.04666914527e-08], "median": [3.27881862177e-05, 0.000415048096329, 0.000833507045172, 0.00100036978256, 0.000570079893805, 0.000498023757245, 0.000230100020417, 8.94493132364e-05, 2.33600221691e-05, 3.12413358188e-05, 1.52274460561e-05, 4.18599483964e-06, 3.99069449486e-06, 1.04727303096e-06, 6.70041799822e-07, 2.07347670766e-06, 1.85212263659e-06, 2.18135397745e-07, 2.35909425328e-07, 2.60231729499e-07, 2.20436390919e-07, 1.08959063994e-07, 8.28142461273e-08, 1.2469101307e-07, 4.28587974e-08, 1.42476572762e-08, 6.46857634123e-09, 2.46828602002e-09, 1.62715818597e-09, 1.64365188127e-09, 1.71539848992e-09, 1.52169510326e-09, 1.72260827824e-09, 1.86328374951e-09, 2.05786765406e-09, 1.74088332638e-09, 1.07316922016e-09, 4.66693850232e-10, 2.26619098487e-10, 1.34500632853e-10], "min": [8.61678209913e-24, 1.35004541053e-24, 2.33163183883e-24, 5.93949152759e-24, 8.12710458082e-24, 1.74113781795e-23, 4.4779716895e-24, 5.08550857692e-24, 8.37206245797e-24, 1.32221236648e-23, 8.33565337176e-24, 9.68950829021e-24, 2.23669440104e-24, 5.41627992663e-24, 5.22309420183e-24, 6.75808933349e-24, 9.93529131587e-24, 1.39594743195e-23, 6.55656613779e-24, 6.56517339912e-24, 6.939741123e-24, 1.08576787622e-23, 7.05220271137e-24, 5.65651607683e-24, 1.03425920341e-23, 7.30153876654e-24, 5.67474428577e-24, 5.39652014425e-24, 8.15719331347e-24, 1.01530090371e-23, 6.04322200346e-24, 7.97139684877e-24, 1.06588739812e-23, 7.91158541494e-24, 9.61052280321e-24, 1.15040776988e-23, 1.01044562261e-23, 9.653042406e-24, 9.1348026009e-24, 8.38671791587e-24], "var": [5.50324293727e-05, 6.22670722805e-06, 1.21773755382e-05, 4.9018512982e-06, 2.92162940241e-06, 3.67403140444e-06, 2.26142816473e-07, 5.34841660738e-07, 4.47534240777e-08, 2.74919678134e-08, 1.27440156206e-08, 1.45612926161e-08, 2.15260186565e-07, 7.00225766259e-10, 5.4385418391e-10, 1.19137744115e-09, 1.27180277421e-09, 4.5769008028e-10, 3.42536471409e-10, 2.92568691496e-10, 2.05649303142e-10, 1.03729323742e-10, 5.9343328862e-11, 3.62032417933e-11, 1.46844481019e-11, 7.4799940547e-12, 3.12561131491e-12, 1.15950543438e-12, 4.61177916602e-13, 1.93384371017e-13, 5.88294197428e-14, 2.66414104997e-14, 1.47211243033e-14, 5.83786330434e-15, 4.54929410454e-15, 4.80361574695e-15, 5.13529606141e-15, 6.33705539554e-15, 6.58574977457e-15, 1.77849034599e-14]}, "mfcc": {"mean": [-836.103942871, 226.850982666, 40.2780990601, 15.3548517227, 7.93937826157, -12.0327663422, -15.6525249481, -5.4096455574, -13.8933763504, -9.4297876358, -3.89716291428, -7.48448371887, -10.3703947067], "cov": [[9351.41015625, 1741.79418945, -2874.05737305, -499.155059814, 45.0958786011, 181.752853394, 357.358428955, 510.097259521, 232.064056396, 377.559814453, 349.277099609, 203.876846313, 124.248657227], [1741.79418945, 2155.77001953, -84.8462753296, -223.715652466, 109.70450592, -37.6113739014, 25.8756999969, 235.269943237, -12.5982160568, 43.1972885132, 127.910552979, 22.7927017212, -40.9728088379], [-2874.05737305, -84.8462753296, 2118.85913086, 255.642837524, -169.084320068, 20.1412315369, 78.4018859863, -118.628364563, -67.7302017212, -114.362846375, -133.373352051, -54.3144302368, 22.1444244385], [-499.155059814, -223.715652466, 255.642837524, 455.724761963, 89.5042800903, 38.2463874817, 70.9643707275, 17.7040348053, 72.7041397095, 29.6116981506, -30.7644176483, -6.1389336586, 47.4302139282], [45.0958786011, 109.70450592, -169.084320068, 89.5042800903, 291.33291626, 11.5790214539, -26.1966743469, 58.2966995239, 7.87965679169, -19.27135849, 23.0721168518, -21.249912262, -37.5522727966], [181.752853394, -37.6113739014, 20.1412315369, 38.2463874817, 11.5790214539, 154.592254639, 122.652656555, 22.7202606201, 25.3778705597, 34.4766464233, 13.5330934525, 29.504989624, 34.3840370178], [357.358428955, 25.8756999969, 78.4018859863, 70.9643707275, -26.1966743469, 122.652656555, 234.717666626, 69.5427398682, 46.1651191711, 64.0849609375, 37.7757072449, 30.6701927185, 59.447177887], [510.097259521, 235.269943237, -118.628364563, 17.7040348053, 58.2966995239, 22.7202606201, 69.5427398682, 135.754394531, 54.3455123901, 33.4605140686, 31.6025848389, 6.1306886673, 3.21393656731], [232.064056396, -12.5982160568, -67.7302017212, 72.7041397095, 7.87965679169, 25.3778705597, 46.1651191711, 54.3455123901, 110.90246582, 69.107170105, 11.9017457962, 13.2220468521, 16.600030899], [377.559814453, 43.1972885132, -114.362846375, 29.6116981506, -19.27135849, 34.4766464233, 64.0849609375, 33.4605140686, 69.107170105, 112.106330872, 68.9772186279, 30.2109413147, 22.1637649536], [349.277099609, 127.910552979, -133.373352051, -30.7644176483, 23.0721168518, 13.5330934525, 37.7757072449, 31.6025848389, 11.9017457962, 68.9772186279, 102.639060974, 40.7395744324, -2.98116350174], [203.876846313, 22.7927017212, -54.3144302368, -6.1389336586, -21.249912262, 29.504989624, 30.6701927185, 6.1306886673, 13.2220468521, 30.2109413147, 40.7395744324, 64.1915588379, 32.9374732971], [124.248657227, -40.9728088379, 22.1444244385, 47.4302139282, -37.5522727966, 34.3840370178, 59.447177887, 3.21393656731, 16.600030899, 22.1637649536, -2.98116350174, 32.9374732971, 80.3550109863]], "icov": [[0.000330347946147, -0.000216314889258, 0.000435817753896, 9.07683497644e-05, 0.000230689518503, -8.37736806716e-05, -0.000351444643456, -0.000369086919818, 1.1192754755e-05, -0.000245951465331, 0.000148584789713, -0.000128038489493, -0.000252837693552], [-0.000216314889258, 0.000862925662659, -0.000454226217698, 0.000337976729497, -0.000394806033, 0.000279871834209, 0.000531057303306, -0.00146367296111, 0.000956552685238, -0.000691871100571, -5.92056385358e-05, -0.00026021245867, 0.000159253322636], [0.000435817753896, -0.000454226217698, 0.00129277072847, -0.000518220767844, 0.000959785247687, -0.000209934529266, -0.00101683591492, 0.000354472344043, -0.000252688128967, 0.00100170448422, -0.000105565784907, 0.000364324107068, -5.67641218367e-05], [9.07683497644e-05, 0.000337976729497, -0.000518220767844, 0.00398874422535, -0.00245468295179, 0.0011127385078, -0.00104676757473, -1.37208808155e-05, -0.000929131580051, -0.00282756867819, 0.00282733864151, -0.000707877974492, -0.00166102277581], [0.000230689518503, -0.000394806033, 0.000959785247687, -0.00245468295179, 0.0072828787379, -0.00373853370547, 0.00255767302588, -0.00190520763863, -0.00295432354324, 0.00830367207527, -0.00874013081193, 0.00556324701756, -0.000471027800813], [-8.37736806716e-05, 0.000279871834209, -0.000209934529266, 0.0011127385078, -0.00373853370547, 0.0143306124955, -0.00845583807677, 0.001710693934, 0.00287983892485, -0.00691958051175, 0.00947363302112, -0.00888967234641, 0.00329033075832], [-0.000351444643456, 0.000531057303306, -0.00101683591492, -0.00104676757473, 0.00255767302588, -0.00845583807677, 0.0133521724492, -0.00562358414754, -9.8212971352e-05, 0.00145886593964, -0.00728336209431, 0.00601948145777, -0.00624696258456], [-0.000369086919818, -0.00146367296111, 0.000354472344043, -1.37208808155e-05, -0.00190520763863, 0.001710693934, -0.00562358414754, 0.0186434462667, -0.0113910008222, 0.0086719840765, -0.00585567299277, 0.00355710228905, -0.000186928751646], [1.1192754755e-05, 0.000956552685238, -0.000252688128967, -0.000929131580051, -0.00295432354324, 0.00287983892485, -9.8212971352e-05, -0.0113910008222, 0.0319288447499, -0.0310687832534, 0.0245960187167, -0.0131432982162, 0.00727728242055], [-0.000245951465331, -0.000691871100571, 0.00100170448422, -0.00282756867819, 0.00830367207527, -0.00691958051175, 0.00145886593964, 0.0086719840765, -0.0310687832534, 0.0547732338309, -0.04366248101, 0.0204162336886, -0.0118421111256], [0.000148584789713, -5.92056385358e-05, -0.000105565784907, 0.00282733864151, -0.00874013081193, 0.00947363302112, -0.00728336209431, -0.00585567299277, 0.0245960187167, -0.04366248101, 0.0548778884113, -0.0318806432188, 0.0176502838731], [-0.000128038489493, -0.00026021245867, 0.000364324107068, -0.000707877974492, 0.00556324701756, -0.00888967234641, 0.00601948145777, 0.00355710228905, -0.0131432982162, 0.0204162336886, -0.0318806432188, 0.0422207526863, -0.0192141328007], [-0.000252837693552, 0.000159253322636, -5.67641218367e-05, -0.00166102277581, -0.000471027800813, 0.00329033075832, -0.00624696258456, -0.000186928751646, 0.00727728242055, -0.0118421111256, 0.0176502838731, -0.0192141328007, 0.0272076074034]]}, "spectral_contrast_coeffs": {"dmean": [0.0388173125684, 0.0346068181098, 0.0305231716484, 0.0226980447769, 0.0161098204553, 0.0139749599621], "dmean2": [0.0655070617795, 0.0553536862135, 0.0482364408672, 0.0363264381886, 0.0268363729119, 0.023899609223], "dvar": [0.00110138929449, 0.000938246550504, 0.000680522934999, 0.000380001816666, 0.000226553413086, 0.000248972588452], "dvar2": [0.00310506648384, 0.00242261588573, 0.00170099665411, 0.000947945460211, 0.000567542621866, 0.000641859369352], "max": [-0.237644448876, -0.392510741949, -0.482364267111, -0.537143707275, -0.658874750137, -0.654312849045], "mean": [-0.53699529171, -0.635051190853, -0.7297077775, -0.809151887894, -0.805899083614, -0.831702411175], "median": [-0.541319727898, -0.633699536324, -0.733684897423, -0.815112054348, -0.800805866718, -0.833410143852], "min": [-0.964124977589, -0.955884635448, -0.961363077164, -0.981921851635, -0.971109926701, -0.962467491627], "var": [0.0120299197733, 0.00790050067008, 0.00522321229801, 0.00240816641599, 0.00314615177922, 0.00254020700231]}, "spectral_contrast_valleys": {"dmean": [0.322240382433, 0.285262793303, 0.293189585209, 0.255134433508, 0.211196824908, 0.249276921153], "dmean2": [0.537168085575, 0.46690043807, 0.484223514795, 0.419153690338, 0.342126369476, 0.415505290031], "dvar": [0.201946288347, 0.177806273103, 0.173170492053, 0.164340525866, 0.196050345898, 0.178439468145], "dvar2": [0