{"lowlevel": {"average_loudness": 0.746562361717, "barkbands_crest": {"dmean": 2.29473733902, "dmean2": 3.71795916557, "dvar": 4.78172874451, "dvar2": 11.7123756409, "max": 24.9911003113, "mean": 11.1945476532, "median": 10.4321718216, "min": 2.4365875721, "var": 19.9090099335}, "barkbands_flatness_db": {"dmean": 0.0191045906395, "dmean2": 0.0290678124875, "dvar": 0.00038816317101, "dvar2": 0.00086410989752, "max": 0.422886431217, "mean": 0.114014238119, "median": 0.105718582869, "min": 0.0139532675967, "var": 0.00257020862773}, "barkbands_kurtosis": {"dmean": 2.89557623863, "dmean2": 4.53070116043, "dvar": 39.3840255737, "dvar2": 98.3805770874, "max": 244.631622314, "mean": 4.95552158356, "median": 1.86963891983, "min": -1.91991913319, "var": 135.172607422}, "barkbands_skewness": {"dmean": 0.520462095737, "dmean2": 0.795016586781, "dvar": 0.320684313774, "dvar2": 0.728547275066, "max": 13.1264019012, "mean": 1.73717653751, "median": 1.57939445972, "min": -3.59291958809, "var": 1.96520781517}, "barkbands_spread": {"dmean": 6.25090885162, "dmean2": 9.60117149353, "dvar": 52.0563583374, "dvar2": 111.738182068, "max": 113.718276978, "mean": 31.6632614136, "median": 26.6097373962, "min": 0.332991868258, "var": 463.861724854}, "dissonance": {"dmean": 0.0118532776833, "dmean2": 0.0200086031109, "dvar": 0.000159289760632, "dvar2": 0.000430187006714, "max": 0.499996930361, "mean": 0.475717812777, "median": 0.481053262949, "min": 0.293121486902, "var": 0.000405731989304}, "dynamic_complexity": 3.20652508736, "erbbands_crest": {"dmean": 2.10810232162, "dmean2": 3.40999650955, "dvar": 4.28609275818, "dvar2": 10.7469415665, "max": 25.4292259216, "mean": 7.4183588028, "median": 6.54374599457, "min": 1.9124122858, "var": 13.1073703766}, "erbbands_flatness_db": {"dmean": 0.0132037708536, "dmean2": 0.0198300480843, "dvar": 0.00019101689395, "dvar2": 0.00039808897418, "max": 0.295744478703, "mean": 0.114969544113, "median": 0.109817139804, "min": 0.0235865693539, "var": 0.0017754297005}, "erbbands_kurtosis": {"dmean": 0.650437057018, "dmean2": 1.00946819782, "dvar": 0.798492491245, "dvar2": 1.8850903511, "max": 32.7629508972, "mean": 0.198908090591, "median": -0.269381284714, "min": -1.81370484829, "var": 3.04669046402}, "erbbands_skewness": {"dmean": 0.271193057299, "dmean2": 0.413199096918, "dvar": 0.068270303309, "dvar2": 0.149666413665, "max": 5.38679742813, "mean": -0.125517532229, "median": -0.184734225273, "min": -4.39148283005, "var": 0.524447619915}, "erbbands_spread": {"dmean": 8.2305803299, "dmean2": 12.6608524323, "dvar": 66.8692245483, "dvar2": 150.227783203, "max": 156.627990723, "mean": 48.2801055908, "median": 46.396900177, "min": 7.7728600502, "var": 380.438598633}, "hfc": {"dmean": 6.34171962738, "dmean2": 9.24669837952, "dvar": 91.2793579102, "dvar2": 196.726882935, "max": 201.587554932, "mean": 25.566576004, "median": 19.4256839752, "min": 1.25226105311e-16, "var": 499.819976807}, "melbands_crest": {"dmean": 2.99824690819, "dmean2": 4.87918329239, "dvar": 8.64591312408, "dvar2": 21.9266910553, "max": 35.7073974609, "mean": 16.323638916, "median": 16.2306728363, "min": 2.53590011597, "var": 34.2695350647}, "melbands_flatness_db": {"dmean": 0.0244433172047, "dmean2": 0.0372778177261, "dvar": 0.000620145408902, "dvar2": 0.00138529913966, "max": 0.55619519949, "mean": 0.190092176199, "median": 0.183946445584, "min": 0.0052768108435, "var": 0.00420929165557}, "melbands_kurtosis": {"dmean": 8.95400714874, "dmean2": 13.9078550339, "dvar": 285.838470459, "dvar2": 671.668029785, "max": 606.346435547, "mean": 20.7864208221, "median": 12.3220310211, "min": -1.78063941002, "var": 809.850280762}, "melbands_skewness": {"dmean": 0.798509657383, "dmean2": 1.2329685688, "dvar": 0.778566420078, "dvar2": 1.74033522606, "max": 21.4926242828, "mean": 3.49994421005, "median": 3.21061468124, "min": -2.10866928101, "var": 4.1813621521}, "melbands_spread": {"dmean": 7.2253704071, "dmean2": 11.2717609406, "dvar": 101.503898621, "dvar2": 225.692077637, "max": 253.271606445, "mean": 25.7129745483, "median": 20.337720871, "min": 0.332554727793, "var": 493.515930176}, "pitch_salience": {"dmean": 0.0707274600863, "dmean2": 0.114492975175, "dvar": 0.00474371900782, "dvar2": 0.0119309304282, "max": 0.92363679409, "mean": 0.50061416626, "median": 0.510756373405, "min": 0.0760996937752, "var": 0.0187766253948}, "silence_rate_20dB": {"dmean": 0, "dmean2": 0, "dvar": 0, "dvar2": 0, "max": 1, "mean": 1, "median": 1, "min": 1, "var": 0}, "silence_rate_30dB": {"dmean": 0.0216264929622, "dmean2": 0.0432578586042, "dvar": 0.0211597830057, "dvar2": 0.0481443405151, "max": 1, "mean": 0.967226028442, "median": 1, "min": 0, "var": 0.0316981747746}, "silence_rate_60dB": {"dmean": 0.00450551928952, "dmean2": 0.00901205372065, "dvar": 0.00448510004207, "dvar2": 0.00983253028244, "max": 1, "mean": 0.0970830023289, "median": 0, "min": 0, "var": 0.0876615047455}, "spectral_centroid": {"dmean": 240.01512146, "dmean2": 365.484680176, "dvar": 69123.8828125, "dvar2": 137324.34375, "max": 11078.5283203, "mean": 1616.92346191, "median": 1502.26391602, "min": 125.88596344, "var": 582238.0625}, "spectral_complexity": {"dmean": 3.38341975212, "dmean2": 5.21685266495, "dvar": 14.39457798, "dvar2": 29.7528972626, "max": 55, "mean": 21.2030639648, "median": 21, "min": 0, "var": 125.899681091}, "spectral_decrease": {"dmean": 3.0269795559e-09, "dmean2": 4.85964424257e-09, "dvar": 1.9620285724e-17, "dvar2": 4.95958999528e-17, "max": 1.37797687515e-28, "mean": -9.50513179276e-09, "median": -7.88386156358e-09, "min": -5.9196310076e-08, "var": 6.15490270724e-17}, "spectral_energy": {"dmean": 0.0117629105225, "dmean2": 0.0188376642764, "dvar": 0.000292736891424, "dvar2": 0.000740703660995, "max": 0.226537868381, "mean": 0.0381936728954, "median": 0.0321569629014, "min": 1.08382995737e-20, "var": 0.000941178353969}, "spectral_energyband_high": {"dmean": 0.000543228466995, "dmean2": 0.000779569498263, "dvar": 1.08316828573e-06, "dvar2": 2.16565308619e-06, "max": 0.0262505412102, "mean": 0.00149307469837, "median": 0.000766845536418, "min": 7.82871681378e-21, "var": 4.82427913084e-06}, "spectral_energyband_low": {"dmean": 0.00896690227091, "dmean2": 0.0145627325401, "dvar": 0.000219233057578, "dvar2": 0.000551881093998, "max": 0.21951110661, "mean": 0.0221190657467, "median": 0.0131695009768, "min": 5.65338051251e-23, "var": 0.000646754342597}, "spectral_energyband_middle_high": {"dmean": 0.00146411464084, "dmean2": 0.00221945089288, "dvar": 5.36086554348e-06, "dvar2": 1.20215663628e-05, "max": 0.0453066974878, "mean": 0.00560912070796, "median": 0.00350627815351, "min": 1.43214953369e-21, "var": 3.60157973773e-05}, "spectral_energyband_middle_low": {"dmean": 0.00428653554991, "dmean2": 0.00688605988398, "dvar": 5.85443558521e-05, "dvar2": 0.00015211707796, "max": 0.101308390498, "mean": 0.0094883441925, "median": 0.0067720785737, "min": 3.52404941803e-22, "var": 9.42173501244e-05}, "spectral_entropy": {"dmean": 0.114370852709, "dmean2": 0.172765433788, "dvar": 0.0151547426358, "dvar2": 0.0312401670963, "max": 9.81390380859, "mean": 7.90103387833, "median": 7.90374851227, "min": 5.22230291367, "var": 0.133894279599}, "spectral_flux": {"dmean": 0.0250496510416, "dmean2": 0.0382920503616, "dvar": 0.000877891143318, "dvar2": 0.00195249333046, "max": 0.384606659412, "mean": 0.0847142338753, "median": 0.078297033906, "min": 1.04107153454e-10, "var": 0.00264606554992}, "spectral_kurtosis": {"dmean": 0.855747282505, "dmean2": 1.39750266075, "dvar": 1.29857778549, "dvar2": 3.53971886635, "max": 28.4894542694, "mean": 3.23509716988, "median": 2.9488825798, "min": -1.20296645164, "var": 3.60704398155}, "spectral_rms": {"dmean": 0.000868398812599, "dmean2": 0.00136443390511, "dvar": 1.14056160783e-06, "dvar2": 2.77029880635e-06, "max": 0.0148664908484, "mean": 0.00548910768703, "median": 0.00560112902895, "min": 3.25176127344e-12, "var": 7.13101189831e-06}, "spectral_rolloff": {"dmean": 554.492492676, "dmean2": 905.581665039, "dvar": 803761.3125, "dvar2": 1690596.375, "max": 19099.9511719, "mean": 2080.56518555, "median": 1291.9921875, "min": 21.533203125, "var": 8250549}, "spectral_skewness": {"dmean": 0.144824266434, "dmean2": 0.230698004365, "dvar": 0.0238413959742, "dvar2": 0.0589745566249, "max": 3.55804729462, "mean": 1.36891639233, "median": 1.36511850357, "min": 0.0158486608416, "var": 0.126527637243}, "spectral_spread": {"dmean": 517300, "dmean2": 755026.3125, "dvar": 455456718848, "dvar2": 812019023872, "max": 40626620, "mean": 5665840, "median": 5426965, "min": 1724048, "var": 3325669933060.0}, "spectral_strongpeak": {"dmean": 0.373040407896, "dmean2": 0.654866695404, "dvar": 0.738698840141, "dvar2": 1.97632229328, "max": 12.2693328857, "mean": 0.657433629036, "median": 0.418960154057, "min": 0, "var": 0.886317014694}, "zerocrossingrate": {"dmean": 0.0118601527065, "dmean2": 0.0138007523492, "dvar": 0.000183854092029, "dvar2": 0.000207614328247, "max": 0.49755859375, "mean": 0.0802646055818, "median": 0.0625, "min": 0.00439453125, "var": 0.00444262707606}, "barkbands": {"dmean": [0.000626504537649, 0.00625854963437, 0.00342543027364, 0.000918200181331, 0.00197195960209, 0.0011464987183, 0.000680234865285, 0.000681944191456, 0.000449642335298, 0.000315063894959, 0.000302312284475, 0.000263532041572, 0.000447090773378, 0.000303414970404, 0.000366194028175, 0.000421794364229, 0.000250542740105, 0.000132374480017, 0.000126539147459, 0.000137462629937, 0.000197761168238, 0.000126145998365, 0.000126497892779, 8.26681716717e-05, 6.03799089731e-05, 4.05246537412e-05, 1.1185295989e-05], "dmean2": [0.00101980054751, 0.0100934552029, 0.00573657546192, 0.00160518905614, 0.00327930063941, 0.00184987054672, 0.00107431330252, 0.0010587653378, 0.000687947380356, 0.000487320008688, 0.000450440740678, 0.000419863383286, 0.000716591253877, 0.000489848665893, 0.000572562683374, 0.000674404436722, 0.000399512355216, 0.000213797509787, 0.000203211151529, 0.000224520234042, 0.000313371390803, 0.000199389323825, 0.000194874402951, 0.000123136487673, 8.50256401463e-05, 6.02127693128e-05, 1.70229286596e-05], "dvar": [1.97380791178e-06, 0.00011047985754, 3.71017667931e-05, 4.19526031692e-06, 1.31297720145e-05, 4.66674373456e-06, 3.01711429529e-06, 3.20185426972e-06, 1.69908582848e-06, 1.03609147573e-06, 8.08411584785e-07, 5.57323630801e-07, 5.67029928789e-07, 4.50287274134e-07, 8.75004616319e-07, 9.38083189794e-07, 3.08548521843e-07, 8.36977136487e-08, 4.65680827233e-08, 4.85490616597e-08, 2.67492026751e-07, 6.30526102441e-08, 7.58133822387e-08, 2.84896906066e-08, 2.0340355178e-08, 5.98953153741e-09, 5.95536953085e-10], "dvar2": [4.81952793052e-06, 0.000272549572401, 0.000100487850432, 1.16670889838e-05, 3.5700166336e-05, 1.12273728519e-05, 6.7137325459e-06, 7.04351896275e-06, 3.72720023734e-06, 2.07644870898e-06, 1.69010093032e-06, 1.33328455831e-06, 1.38099244396e-06, 1.14897648018e-06, 2.12883401218e-06, 2.35533161685e-06, 7.14329985385e-07, 2.08484621567e-07, 1.12653104622e-07, 1.23436691979e-07, 6.41898907361e-07, 1.56118645123e-07, 1.74915300022e-07, 6.63138735035e-08, 3.79868296818e-08, 1.32870017211e-08, 1.32993460689e-09], "max": [0.025194671005, 0.158886730671, 0.0966595485806, 0.0415164418519, 0.0432523973286, 0.0395359322429, 0.0442248135805, 0.0360859595239, 0.0327706150711, 0.0302495062351, 0.0261222235858, 0.0257772374898, 0.0251511577517, 0.0123015251011, 0.0245771296322, 0.0205224175006, 0.0186942741275, 0.00794372521341, 0.00486431503668, 0.00425739726052, 0.0120762744918, 0.00558732962236, 0.00608588848263, 0.00634727440774, 0.00484196515754, 0.00110838084947, 0.000488268793561], "mean": [0.000764064199757, 0.0145006095991, 0.00648959213868, 0.00102303223684, 0.00326990173198, 0.00196284917183, 0.00101100932807, 0.0011503418209, 0.000824653019663, 0.000523388327565, 0.000584616267588, 0.000465512945084, 0.000861738983076, 0.000532771111466, 0.000704291567672, 0.000811324222013, 0.0005319097545, 0.000272568111541, 0.000270577875199, 0.000297613325529, 0.000393527559936, 0.000271484284895, 0.000265878537903, 0.00018664856907, 0.000134014888317, 7.2539653047e-05, 1.71842930285e-05], "median": [0.00015366372827, 0.00730120996013, 0.00306823430583, 0.000511849822942, 0.0019474143628, 0.000893551798072, 0.000260816013906, 0.00022228663147, 0.000149036146468, 0.000130090411403, 0.000158621609444, 0.000191545288544, 0.000552074983716, 0.000270712509518, 0.000251788645983, 0.000381961959647, 0.000277572922641, 0.000146382430103, 0.000165228106198, 0.000183386015124, 0.000152778447955, 0.00012333165796, 8.90782903298e-05, 0.000102758014691, 5.82240645599e-05, 3.09851420752e-05, 5.77344417252e-06], "min": [8.40049931589e-24, 2.04724787693e-23, 1.38184954094e-23, 1.57686605413e-23, 4.0426073234e-23, 2.45529643534e-23, 2.67505099543e-23, 5.41186033341e-23, 1.7030285156e-22, 1.19850728562e-22, 4.6473228498e-23, 1.02902960782e-22, 9.76690706238e-23, 8.96345475477e-23, 1.45866086417e-22, 1.74679174183e-22, 1.14073300619e-22, 1.3304049552e-22, 1.8039033781e-22, 4.58460411643e-22, 3.19891149759e-22, 3.98945867188e-22, 4.83713856081e-22, 9.8964314597e-22, 1.23568888755e-21, 1.95999476792e-21, 2.53768409641e-21], "var": [2.50608604802e-06, 0.000379556207918, 6.90021770424e-05, 3.44664681506e-06, 1.70647017512e-05, 9.1828078439e-06, 6.07790616414e-06, 8.40530174173e-06, 5.23110566064e-06, 2.33244531955e-06, 2.70551208814e-06, 1.27875762246e-06, 1.37113102028e-06, 8.61340993197e-07, 2.50112907452e-06, 2.10934672396e-06, 8.49720777296e-07, 2.0275621182e-07, 1.19313241953e-07, 1.21219812854e-07, 6.52781409372e-07, 1.71171620877e-07, 2.3910556024e-07, 7.03658216139e-08, 6.6612891203e-08, 1.23888730386e-08, 9.37403044077e-10]}, "erbbands": {"dmean": [0.144312188029, 1.59719109535, 4.33154773712, 2.66848707199, 4.75317764282, 7.45847272873, 9.37668132782, 10.3016881943, 8.13290023804, 13.6823072433, 11.6911344528, 9.66835021973, 11.1093072891, 8.80366230011, 11.6486082077, 10.1606378555, 19.0087966919, 14.5141887665, 11.7923145294, 22.0111370087, 20.1741752625, 12.1530914307, 7.92950868607, 6.14305591583, 6.25269174576, 6.54260492325, 7.70124959946, 6.99833297729, 4.29370450974, 4.54393720627, 3.15184164047, 2.19927835464, 1.2554063797, 0.762584984303, 0.416373878717, 0.209207221866, 0.0718739032745, 0.0149663416669, 0.00192961096764, 8.80025181687e-05], "dmean2": [0.236524522305, 2.59544324875, 7.21400356293, 4.57017469406, 8.05854701996, 12.486869812, 15.8447198868, 16.4632339478, 12.7319116592, 21.431022644, 17.9830379486, 14.8179140091, 17.1560115814, 13.3395996094, 17.7779998779, 16.2290592194, 30.4558734894, 23.2794322968, 18.2125701904, 34.7169723511, 31.9447441101, 19.2101287842, 12.6683263779, 9.86131572723, 10.063205719, 10.6845579147, 12.3597173691, 11.0132694244, 6.82605838776, 7.18899488449, 4.85173988342, 3.32790708542, 1.86213028431, 1.09508371353, 0.604734241962, 0.310680061579, 0.108256950974, 0.0224023014307, 0.00292307627387, 0.000133363268105], "dvar": [0.078217536211, 7.3261346817, 59.8145828247, 21.6115226746, 118.640716553, 187.207138062, 296.204681396, 457.69241333, 367.868743896, 1079.16723633, 1075.96813965, 816.290527344, 1129.90222168, 768.558654785, 1038.99951172, 893.190063477, 998.149108887, 674.140563965, 741.993835449, 2646.71875, 2111.31445312, 671.132141113, 288.768676758, 125.865028381, 109.765174866, 105.601402283, 251.375564575, 426.409790039, 70.301651001, 103.895248413, 43.118927002, 21.879699707, 6.6450676918, 4.24833345413, 0.676925957203, 0.142571985722, 0.0228743162006, 0.00102452421561, 1.8125263523e-05, 3.40153860634e-08], "dvar2": [0.196957424283, 18.3614730835, 160.160202026, 60.2217330933, 315.806121826, 521.007202148, 812.191040039, 1045.68457031, 811.631103516, 2502.95800781, 2449.3503418, 1847.10009766, 2548.88037109, 1628.52197266, 2280.05981445, 2167.35986328, 2492.02856445, 1746.15393066, 1728.6895752, 6550.33837891, 5217.5546875, 1553.92871094, 701.831665039, 299.698364258, 267.084869385, 264.635559082, 632.351013184, 983.176391602, 178.098297119, 243.237945557, 99.8099060059, 51.2670555115, 14.9747648239, 8.61714744568, 1.35222411156, 0.313360691071, 0.0530572421849, 0.00229817279615, 4.03827434639e-05, 7.72270070115e-08], "max": [5.17406702042, 39.8537063599, 137.255447388, 90.4479827881, 140.156845093, 190.00668335, 239.793457031, 496.587921143, 505.132446289, 767.073547363, 770.747802734, 760.439025879, 1044.91101074, 902.545410156, 1147.03625488, 1316.24035645, 821.239257812, 518.364929199, 645.153808594, 1156.19396973, 1062.3079834, 807.103271484, 454.288726807, 369.538848877, 252.803207397, 174.14390564, 361.347381592, 591.883178711, 146.912963867, 212.14239502, 111.335525513, 155.495269775, 73.4127120972, 67.6494140625, 25.1163024902, 7.00395393372, 2.86336278915, 0.606038689613, 0.101066991687, 0.00375380204059], "mean": [0.279859513044, 3.62500333786, 8.93643474579, 4.49316453934, 5.74360847473, 12.3397655487, 14.8602247238, 17.9142436981, 13.541519165, 23.2575893402, 20.068857193, 18.4244823456, 20.1462593079, 16.5958137512, 23.7792930603, 20.3307819366, 38.3605194092, 30.2983474731, 24.9915237427, 46.4908981323, 42.7017440796, 28.2718105316, 18.347946167, 13.3206558228, 13.5442037582, 14.4571771622, 15.8537683487, 13.9114608765, 9.19548130035, 9.31346035004, 6.81268548965, 4.82547092438, 2.77352333069, 1.65711307526, 0.865668535233, 0.375775039196, 0.124106280506, 0.0247375238687, 0.00301686651073, 0.000168493264937], "median": [0.139137476683, 1.71930932999, 4.27689743042, 2.85566663742, 2.84262156487, 6.72472238541, 8.49561595917, 7.69976425171, 5.13719463348, 5.55629777908, 3.95204257965, 4.10248661041, 4.69384002686, 4.15489387512, 7.63231801987, 10.3734092712, 25.1966400146, 19.0889434814, 11.0507164001, 20.0099620819, 19.6865081787, 14.9988231659, 10.3564195633, 8.04496860504, 8.42023181915, 9.31183052063, 7.24736404419, 5.26030445099, 4.61015415192, 3.082218647, 2.51015114784, 2.41212058067, 1.43661224842, 0.70689946413, 0.384627908468, 0.161774918437, 0.0497331731021, 0.00932030845433, 0.00103161646985, 9.52764312387e-05], "min": [5.36141375137e-22, 4.47205181537e-21, 1.44714585775e-20, 5.26156469077e-20, 1.95881958984e-20, 1.38013004328e-19, 2.49331339326e-19, 2.97879396657e-19, 4.16239558983e-19, 4.23722622545e-19, 2.02623309078e-18, 4.0345233933e-18, 3.06698801518e-18, 3.74841981739e-18, 2.82201889036e-18, 2.98662038764e-18, 4.45497929866e-18, 5.38550702977e-18, 5.73116099233e-18, 7.70320796273e-18, 9.64963839032e-18, 7.47868219316e-18, 6.84253935666e-18, 8.87113487527e-18, 1.29337058952e-17, 2.05157831834e-17, 1.44173577214e-17, 1.38764510839e-17, 1.47184233402e-17, 1.19773453136e-17, 1.50738082555e-17, 2.24834456829e-17, 1.43501757664e-17, 1.28670665707e-17, 9.61131097664e-18, 6.54893821568e-18, 3.34056166597e-18, 1.38503824869e-18, 3.30314932084e-19, 4.39232872954e-20], "var": [0.160755723715, 24.4136447906, 127.761146545, 29.9454193115, 104.278564453, 262.921936035, 386.80581665, 1005.08447266, 720.430114746, 2817.14550781, 2444.91259766, 2303.06347656, 2671.95654297, 2323.51977539, 4030.64575195, 1970.42529297, 2296.55175781, 1581.75463867, 1958.54394531, 7800.64355469, 5533.31005859, 2193.76928711, 852.802490234, 319.116882324, 283.279937744, 270.485656738, 641.883544922, 990.215698242, 172.586578369, 292.74899292, 133.495513916, 56.610824585, 16.5757904053, 11.5426540375, 2.24175691605, 0.338300198317, 0.039831623435, 0.00171109929215, 2.87615566776e-05, 5.3367561037e-08]}, "gfcc": {"mean": [-20.7672958374, 63.9353408813, -97.420791626, 40.179359436, -42.5360908508, 19.2705745697, -36.8175544739, 4.19186592102, -19.4393882751, 8.14471244812, -12.9795913696, 2.54951000214, -9.612657547], "cov": [[48478.4296875, 3784.43847656, -2697.52709961, 1049.64416504, -392.519195557, 686.222900391, -878.637390137, -39.1195220947, -285.747467041, 272.214508057, -182.949584961, 17.5082931519, -129.436828613], [3784.43847656, 1886.22729492, -593.86138916, 108.018196106, 115.09803772, -43.8774833679, -2.99316692352, -79.9933547974, -0.982233762741, -91.8317565918, 72.2074050903, -99.493057251, 105.401473999], [-2697.52709961, -593.86138916, 896.028930664, -22.5953922272, 73.4040145874, 70.2075119019, 83.0382385254, 76.4698257446, 17.4933929443, 52.8711509705, 3.23183059692, 95.5550231934, -41.6013336182], [1049.64416504, 108.018196106, -22.5953922272, 408.289001465, 63.5812034607, 134.754241943, -12.4403400421, -23.8831348419, 20.2210502625, 28.2948551178, 27.6883125305, 7.32261705399, 35.6501541138], [-392.519195557, 115.09803772, 73.4040145874, 63.5812034607, 234.670928955, 48.2543487549, 39.8638191223, 25.7837123871, 27.1628475189, 15.1809740067, 26.6618232727, 8.39806556702, 22.3779411316], [686.222900391, -43.8774833679, 70.2075119019, 134.754241943, 48.2543487549, 225.183746338, 72.977355957, 49.4176139832, 19.309928894, 33.264541626, 7.37661838531, 18.4255313873, -6.62754487991], [-878.637390137, -2.99316692352, 83.0382385254, -12.4403400421, 39.8638191223, 72.977355957, 169.236968994, 76.4001693726, 38.0927238464, -3.88229250908, 11.7327241898, -5.41789865494, -2.47996425629], [-39.1195220947, -79.9933547974, 76.4698257446, -23.8831348419, 25.7837123871, 49.4176139832, 76.4001693726, 142.683761597, 59.8865509033, 28.6714687347, 0.64015173912, 13.1275691986, -10.508275032], [-285.747467041, -0.982233762741, 17.4933929443, 20.2210502625, 27.1628475189, 19.309928894, 38.0927238464, 59.8865509033, 89.513053894, 33.0586776733, 13.6409778595, -2.41337180138, 2.85290408134], [272.214508057, -91.8317565918, 52.8711509705, 28.2948551178, 15.1809740067, 33.264541626, -3.88229250908, 28.6714687347, 33.0586776733, 75.6797637939, 20.6370601654, 19.7813529968, -8.26431369781], [-182.949584961, 72.2074050903, 3.23183059692, 27.6883125305, 26.6618232727, 7.37661838531, 11.7327241898, 0.64015173912, 13.6409778595, 20.6370601654, 64.6063079834, 22.3502750397, 14.3941383362], [17.5082931519, -99.493057251, 95.5550231934, 7.32261705399, 8.39806556702, 18.4255313873, -5.41789865494, 13.1275691986, -2.41337180138, 19.7813529968, 22.3502750397, 76.1749801636, 18.4070453644], [-129.436828613, 105.401473999, -41.6013336182, 35.6501541138, 22.3779411316, -6.62754487991, -2.47996425629, -10.508275032, 2.85290408134, -8.26431369781, 14.3941383362, 18.4070453644, 72.2010498047]], "icov": [[5.95369383518e-05, -0.000168769387528, 0.000144213379826, -0.000101082179754, 0.000104355000076, -0.000192369974684, 0.000286665075691, -0.000262104382273, 0.000308602291625, -0.000416183407651, 0.000450562714832, -0.000406484876294, 0.000361783982953], [-0.000168769387528, 0.0013604008127, 1.26897084556e-05, 0.000242619076744, -0.00071763957385, 0.00048048174358, -0.000742950360291, 0.000756108784117, -0.000927562243305, 0.00210328330286, -0.00255614239722, 0.00216937693767, -0.00181601254735], [0.000144213379826, 1.26897084556e-05, 0.00215120287612, -0.000320564577123, -0.000468412326882, -0.000232979858993, -0.000284145382466, -0.000529514392838, 0.00087493727915, -0.00129192066379, 0.00155372114386, -0.00307294307277, 0.00196597608738], [-0.000101082179754, 0.000242619076744, -0.000320564577123, 0.00408600270748, -0.000556245155167, -0.00266725872643, 0.000988760497421, 0.00179754733108, -0.0018841009587, 0.000604679808021, -0.00180024071597, 0.00172011042014, -0.00245043612085], [0.000104355000076, -0.00071763957385, -0.000468412326882, -0.000556245155167, 0.00550419092178, -0.00087419123156, 0.000151901796926, -0.000832549994811, 3.72839240299e-05, -0.00111580663361, -0.000320749328239, -4.13592346149e-07, -0.000727829814423], [-0.000192369974684, 0.00048048174358, -0.000232979858993, -0.00266725872643, -0.00087419123156, 0.00890281889588, -0.00492163235322, -0.000392402289435, 0.00122406729497, -0.0017908832524, 0.000804048962891, -0.00105760549195, 0.00085443892749], [0.000286665075691, -0.000742950360291, -0.000284145382466, 0.000988760497421, 0.000151901796926, -0.00492163235322, 0.0126723926514, -0.00562441768125, -0.000703545869328, 0.00324249570258, -0.00216207001358, 0.00194307928905, 0.000399000971811], [-0.000262104382273, 0.000756108784117, -0.000529514392838, 0.00179754733108, -0.000832549994811, -0.000392402289435, -0.00562441768125, 0.015113257803, -0.00871165189892, -0.000221457623411, 0.00151449453551, -0.00193479144946, -2.76868941e-05], [0.000308602291625, -0.000927562243305, 0.00087493727915, -0.0018841009587, 3.72839240299e-05, 0.00122406729497, -0.000703545869328, -0.00871165189892, 0.0218252483755, -0.00972778722644, 0.000611202151049, 0.00210759858601, -0.000484538904857], [-0.000416183407651, 0.00210328330286, -0.00129192066379, 0.000604679808021, -0.00111580663361, -0.0017908832524, 0.00324249570258, -0.000221457623411, -0.00972778722644, 0.0260739773512, -0.0104181263596, 0.0010690332856, 0.000574388308451], [0.000450562714832, -0.00255614239722, 0.00155372114386, -0.00180024071597, -0.000320749328239, 0.000804048962891, -0.00216207001358, 0.00151449453551, 0.000611202151049, -0.0104181263596, 0.0273426901549, -0.0118113923818, 0.00298626977019], [-0.000406484876294, 0.00216937693767, -0.00307294307277, 0.00172011042014, -4.13592346149e-07, -0.00105760549195, 0.00194307928905, -0.00193479144946, 0.00210759858601, 0.0010690332856, -0.0118113923818, 0.0264253932983, -0.0111704682931], [0.000361783982953, -0.00181601254735, 0.00196597608738, -0.00245043612085, -0.000727829814423, 0.00085443892749, 0.000399000971811, -2.76868941e-05, -0.000484538904857, 0.000574388308451, 0.00298626977019, -0.0111704682931, 0.0221436228603]]}, "melbands": {"dmean": [0.00146797380876, 0.00220836303197, 0.000538796710316, 0.000388772488805, 0.000348660949385, 0.000221435286221, 0.000130960746901, 0.000156186055392, 8.96815690794e-05, 6.4251726144e-05, 5.65673326491e-05, 3.6313685996e-05, 3.97210133087e-05, 2.82888995571e-05, 3.60260928574e-05, 4.53763568657e-05, 2.97914866678e-05, 1.95044704014e-05, 3.40158148902e-05, 3.14897915814e-05, 2.21431109821e-05, 1.45329913721e-05, 1.10850487545e-05, 6.31367402093e-06, 5.39203392691e-06, 5.24684810443e-06, 4.80165681438e-06, 4.48257287644e-06, 4.79855361846e-06, 6.53109918858e-06, 3.59434193342e-06, 2.52749873653e-06, 2.64074856204e-06, 2.82795440398e-06, 1.99081796382e-06, 1.93679238691e-06, 1.29706222651e-06, 9.68610152086e-07, 7.64198205161e-07, 6.57004420646e-07], "dmean2": [0.00236425292678, 0.00362819177099, 0.000917208031751, 0.000649609311949, 0.000588210357819, 0.000353443989297, 0.000205272517633, 0.000244414375629, 0.000137041643029, 9.87802923191e-05, 8.72460368555e-05, 5.5652228184e-05, 5.94809898757e-05, 4.47001766588e-05, 5.78375875193e-05, 7.26242360543e-05, 4.79907830595e-05, 3.0618863093e-05, 5.32734375156e-05, 4.98012268508e-05, 3.50251866621e-05, 2.30771984207e-05, 1.79166745511e-05, 1.01911646198e-05, 8.73786575539e-06, 8.46822604217e-06, 7.85607880971e-06, 7.36269021218e-06, 7.93913568486e-06, 1.04210685095e-05, 5.75555668547e-06, 4.10949405705e-06, 4.21402774009e-06, 4.49537083114e-06, 3.17166018249e-06, 2.99077487398e-06, 1.99829923986e-06, 1.47681407725e-06, 1.1338454442e-06, 9.65705453382e-07], "dvar": [6.42836221232e-06, 1.463420449e-05, 9.44243709e-07, 5.98113331307e-07, 3.69039440784e-07, 1.93417008632e-07, 9.53194216891e-08, 1.36878057333e-07, 6.70332482855e-08, 3.47731869965e-08, 2.97734121801e-08, 1.38895535073e-08, 1.28265362775e-08, 5.52905321527e-09, 8.72489280823e-09, 6.26486773569e-09, 3.34639560506e-09, 2.33451258325e-09, 9.11990660768e-09, 5.12361619798e-09, 2.47297715639e-09, 1.16967580066e-09, 3.93429677725e-10, 2.47974141221e-10, 9.27528540084e-11, 7.67852725847e-11, 6.58382376395e-11, 5.24874900487e-11, 8.41409789065e-11, 4.45828512996e-10, 8.7873174015e-11, 2.39258404755e-11, 3.07977046643e-11, 4.33109312303e-11, 1.8028101581e-11, 2.27495227517e-11, 8.05260112063e-12, 3.85334342559e-12, 3.96232612693e-12, 3.58293407964e-12], "dvar2": [1.59040773724e-05, 3.82549442293e-05, 2.61196214524e-06, 1.61612570082e-06, 1.0234639376e-06, 4.47589769692e-07, 2.11609034295e-07, 3.12468785069e-07, 1.52224984618e-07, 7.75919630769e-08, 6.59955361471e-08, 2.89066832693e-08, 2.66208814992e-08, 1.29997594911e-08, 2.11179198573e-08, 1.4972561857e-08, 8.70936833763e-09, 5.4436224417e-09, 2.2255557397e-08, 1.2699459262e-08, 6.06587224894e-09, 2.72944133961e-09, 9.59496260222e-10, 6.25060114778e-10, 2.27206850556e-10, 1.88927193334e-10, 1.7123727436e-10, 1.33339880803e-10, 2.20005694218e-10, 1.09879205734e-09, 2.05613803761e-10, 6.2597010908e-11, 7.68474242574e-11, 1.03483409342e-10, 4.3521190124e-11, 5.43414133136e-11, 1.91429060103e-11, 9.18306229669e-12, 8.62844084376e-12, 7.56702773358e-12], "max": [0.0452805459499, 0.0656367391348, 0.0160379279405, 0.00909371860325, 0.00865000765771, 0.00961201451719, 0.00689214747399, 0.00694245379418, 0.00733998930082, 0.00516963843256, 0.00509326253086, 0.00364544941112, 0.00414380058646, 0.0024679696653, 0.00345264817588, 0.00309879123233, 0.0011079646647, 0.000918539415579, 0.00270389555953, 0.00158290669788, 0.00108133780304, 0.00111445621587, 0.000443077005912, 0.000499781919643, 0.000281769694993, 0.00020715300343, 0.000175323075382, 0.000125394726638, 0.000194606254809, 0.000520426197909, 0.000256212311797, 0.0001009759726, 0.000128496380057, 0.000135732640047, 7.96165477368e-05, 0.000161135962117, 0.000114805981866, 6.16774996161e-05, 6.80019511492e-05, 5.92745709582e-05], "mean": [0.00329264556058, 0.0050047095865, 0.000874635647051, 0.000604579166975, 0.000584134017117, 0.000388828892028, 0.000211058155401, 0.000269339187071, 0.000153610002599, 0.000118442127132, 9.94735164568e-05, 6.34348543826e-05, 7.77347886469e-05, 5.36451989319e-05, 6.76874842611e-05, 8.42716908664e-05, 5.56113373023e-05, 3.56596501661e-05, 6.47875349387e-05, 6.07290421613e-05, 4.51150081062e-05, 2.96134548989e-05, 2.30527075473e-05, 1.21654684335e-05, 1.04759292299e-05, 1.04356804513e-05, 9.51089714363e-06, 9.19586091186e-06, 9.32723560254e-06, 1.12481538963e-05, 6.75038472764e-06, 5.03351748193e-06, 5.07699814989e-06, 5.29329417986e-06, 3.86637066185e-06, 3.82757707484e-06, 2.64149116447e-06, 1.97786971512e-06, 1.58467059919e-06, 1.33215155529e-06], "median": [0.00179918541107, 0.00252236775123, 0.000561085296795, 0.000357350509148, 0.000348404137185, 0.000171072955709, 7.16726572136e-05, 5.98968872509e-05, 2.62912872131e-05, 2.38486809394e-05, 2.20508154598e-05, 1.47399614434e-05, 2.28888711717e-05, 2.16476000787e-05, 3.68569490092e-05, 5.29470598849e-05, 3.15436118399e-05, 1.61930074682e-05, 2.13354978769e-05, 2.93428711302e-05, 2.02963092306e-05, 1.45478052218e-05, 1.32159702844e-05, 6.10890310782e-06, 6.06073126619e-06, 6.23664345767e-06, 5.68039649806e-06, 5.75023796046e-06, 4.5555275392e-06, 3.30397733705e-06, 2.78171751233e-06, 2.63368951892e-06, 1.97500048671e-06, 1.56311068622e-06, 1.32448587919e-06, 1.5257302266e-06, 1.38149073337e-06, 1.03819627384e-06, 7.26258804207e-07, 5.28861392013e-07], "min": [5.61708013132e-24, 7.70627489802e-24, 7.03445176328e-24, 4.24138480985e-24, 1.00586131523e-23, 6.19036507267e-24, 5.84586478219e-24, 5.46800750834e-24, 2.01150159164e-23, 2.47264995531e-23, 1.49024328917e-23, 1.59537115325e-23, 7.87451841872e-24, 1.12223005278e-23, 7.96034411863e-24, 1.13631271877e-23, 9.173911958e-24, 8.42685121443e-24, 9.79313858075e-24, 1.05145037581e-23, 1.14951588374e-23, 7.52174297735e-24, 5.00304697435e-24, 7.73645513853e-24, 7.03130499713e-24, 6.32769550108e-24, 1.46928641036e-23, 1.3685928912e-23, 8.98063630306e-24, 7.94434444175e-24, 8.90495772097e-24, 8.66969967751e-24, 6.84002831572e-24, 6.67368042777e-24, 7.64661965865e-24, 1.14325974345e-23, 1.46262353338e-23, 9.68891270023e-24, 9.96278311841e-24, 1.09701111627e-23], "var": [1.86193137779e-05, 3.89106062357e-05, 1.11463327812e-06, 6.63739740503e-07, 5.26423434621e-07, 4.24481299888e-07, 1.86101274835e-07, 3.85293787986e-07, 1.71607226207e-07, 1.02284275272e-07, 7.00949271959e-08, 3.77794719952e-08, 4.37821583432e-08, 1.60803264038e-08, 1.95427229954e-08, 1.42656153557e-08, 6.86979939601e-09, 4.85602624778e-09, 2.58898964489e-08, 1.14636158344e-08, 6.50189146967e-09, 3.11286685317e-09, 1.11593057017e-09, 5.18763032531e-10, 2.11865788802e-10, 1.84832760208e-10, 1.51134896265e-10, 1.18639542634e-10, 1.87833040788e-10, 8.93327134488e-10, 1.91392096616e-10, 4.95579653703e-11, 7.13230516314e-11, 1.10590855917e-10, 4.46048128988e-11, 5.66433705496e-11, 1.67238427967e-11, 8.31598418599e-12, 8.79910901086e-12, 8.92307061573e-12]}, "mfcc": {"mean": [-648.155822754, 94.7388839722, 5.92325401306, 25.9345321655, 16.1694488525, 16.6070404053, 0.869418144226, 0.189548626542, -0.0339002534747, 2.11098504066, -1.45997548103, 5.37867689133, 1.59283816814], "cov": [[22380.0117188, 3542.26391602, 171.313110352, 943.489135742, 563.776916504, 677.907775879, 73.6867218018, 143.322036743, 105.595443726, 202.130386353, -31.2363452911, 227.11038208, 139.26550293], [3542.26391602, 1815.47412109, -183.087997437, 220.022171021, 128.52911377, 45.5814590454, 55.0010261536, -5.85515785217, -7.40514039993, 8.23859405518, -53.9775085449, -7.91898679733, 26.4855098724], [171.313110352, -183.087997437, 500.897399902, 41.0990028381, 43.6738357544, 81.5143508911, 32.4537887573, 47.9905204773, 6.2119102478, 13.1272573471, 27.9281368256, 38.9950904846, 4.77453517914], [943.489135742, 220.022171021, 41.0990028381, 249.62159729, 119.775131226, 94.6319961548, 13.4648561478, 3.15833497047, 6.84315013885, 4.53788995743, -9.36269569397, 19.9115848541, 30.0145511627], [563.776916504, 128.52911377, 43.6738357544, 119.775131226, 204.361434937, 93.2139434814, 28.8334274292, 9.83731937408, 12.147559166, 19.1733894348, 1.54112291336, 24.6840991974, 22.9640235901], [677.907775879, 45.5814590454, 81.5143508911, 94.6319961548, 93.2139434814, 198.868728638, 64.852355957, 35.5517196655, 14.1071929932, 18.3187446594, 6.53777265549, 26.8538551331, 18.9580478668], [73.6867218018, 55.0010261536, 32.4537887573, 13.4648561478, 28.8334274292, 64.852355957, 116.489120483, 63.4096641541, 29.6253585815, 23.3172454834, 17.5180740356, 20.5476799011, 5.91652584076], [143.322036743, -5.85515785217, 47.9905204773, 3.15833497047, 9.83731937408, 35.5517196655, 63.4096641541, 113.707077026, 53.3177146912, 36.2590408325, 25.3212528229, 18.8209896088, 12.3740377426], [105.595443726, -7.40514039993, 6.2119102478, 6.84315013885, 12.147559166, 14.1071929932, 29.6253585815, 53.3177146912, 91.6916122437, 51.804901123, 23.6301441193, 14.7310762405, 12.7784976959], [202.130386353, 8.23859405518, 13.1272573471, 4.53788995743, 19.1733894348, 18.3187446594, 23.3172454834, 36.2590408325, 51.804901123, 83.3968200684, 40.6460227966, 17.3751468658, 7.01299190521], [-31.2363452911, -53.9775085449, 27.9281368256, -9.36269569397, 1.54112291336, 6.53777265549, 17.5180740356, 25.3212528229, 23.6301441193, 40.6460227966, 74.8720550537, 37.6285133362, 4.54803800583], [227.11038208, -7.91898679733, 38.9950904846, 19.9115848541, 24.6840991974, 26.8538551331, 20.5476799011, 18.8209896088, 14.7310762405, 17.3751468658, 37.6285133362, 75.6190872192, 30.4404716492], [139.26550293, 26.4855098724, 4.77453517914, 30.0145511627, 22.9640235901, 18.9580478668, 5.91652584076, 12.3740377426, 12.7784976959, 7.01299190521, 4.54803800583, 30.4404716492, 63.5620269775]], "icov": [[8.49853749969e-05, -0.000161262825713, -3.18388083542e-05, -0.000100079611002, 4.66171768494e-05, -0.000249264878221, 0.000302858301438, -0.000138588540722, 1.07039486466e-05, -0.000192936407984, 0.000156233436428, -0.000293969351333, 0.000135675916681], [-0.000161262825713, 0.00100393570028, 0.000348401285009, -0.000447823229479, -0.000238929453189, 0.000747828336898, -0.00111367064528, 0.000290960801067, 0.000312892370857, -7.41524854675e-05, 0.000278645253275, 0.000502352660988, -0.000284649955574], [-3.18388083542e-05, 0.000348401285009, 0.00242110877298, -0.0003024659527, -0.000185305834748, -0.00057381822262, 0.000109072701889, -0.00103970640339, 0.000666341744363, 7.07066064933e-05, -0.000189792161109, -0.000830679957289, 0.000585535250138], [-0.000100079611002, -0.000447823229479, -0.0003024659527, 0.00691110128537, -0.00267026922666, -0.00179336545989, 0.00101237092167, 0.0004137752112, -0.000770918326452, 0.00100462359842, 0.00013794854749, 0.000204495489015, -0.00157371535897], [4.66171768494e-05, -0.000238929453189, -0.000185305834748, -0.00267026922666, 0.00784751400352, -0.00215438054875, -0.000315524346661, 0.000812372716609, 2.39902328758e-05, -0.00171359663364, 0.00097314134473, -0.00123680394609, -0.000342210405506], [-0.000249264878221, 0.000747828336898, -0.00057381822262, -0.00179336545989, -0.00215438054875, 0.00935536529869, -0.00486309733242, 0.000218251341721, 0.000992687419057, -0.00046844620374, 0.000631940201856, 0.000139771320391, -0.000737369526178], [0.000302858301438, -0.00111367064528, 0.000109072701889, 0.00101237092167, -0.000315524346661, -0.00486309733242, 0.0161811262369, -0.00756785087287, -0.000304224318825, -0.000281337095657, 0.000203430448892, -0.00295010139234, 0.00233628437854], [-0.000138588540722, 0.000290960801067, -0.00103970640339, 0.0004137752112, 0.000812372716609, 0.000218251341721, -0.00756785087287, 0.0171354711056, -0.00685119675472, -8.25436363812e-05, -0.00186154199764, 0.00144736270886, -0.00209839921445], [1.07039486466e-05, 0.000312892370857, 0.000666341744363, -0.000770918326452, 2.39902328758e-05, 0.000992687419057, -0.000304224318825, -0.00685119675472, 0.0208445843309, -0.0109027186409, 0.00190512358677, -0.000555671518669, -0.0016403720947], [-0.000192936407984, -7.41524854675e-05, 7.07066064933e-05, 0.00100462359842, -0.00171359663364, -0.00046844620374, -0.000281337095657, -8.25436363812e-05, -0.0109027186409, 0.0247570741922, -0.0116183068603, 0.00356880482286, -0.000642461061943], [0.000156233436428, 0.000278645253275, -0.000189792161109, 0.00013794854749, 0.00097314134473, 0.000631940201856, 0.000203430448892, -0.00186154199764, 0.00190512358677, -0.0116183068603, 0.0262383650988, -0.0131221367046, 0.0045998650603], [-0.000293969351333, 0.000502352660988, -0.000830679957289, 0.000204495489015, -0.00123680394609, 0.000139771320391, -0.00295010139234, 0.00144736270886, -0.000555671518669, 0.00356880482286, -0.0131221367046, 0.0254723466933, -0.010743486695], [0.000135675916681, -0.000284649955574, 0.000585535250138, -0.00157371535897, -0.000342210405506, -0.000737369526178, 0.00233628437854, -0.00209839921445, -0.0016403720947, -0.000642461061943, 0.0045998650603, -0.010743486695, 0.0220044422895]]}, "spectral_contrast_coeffs": {"dmean": [0.0473988801241, 0.0469648763537, 0.0341113731265, 0.0277811717242, 0.0186963994056, 0.0167756993324], "dmean2": [0.0778766646981, 0.0769102871418, 0.055648393929, 0.0455631166697, 0.0309314541519, 0.0274195093662], "dvar": [0.00168125575874, 0.00155821419321, 0.000832375546452, 0.000531317375135, 0.000249570701271, 0.000266425980953], "dvar2": [0.00435988185927, 0.00405627628788, 0.00210050982423, 0.00138684536796, 0.000656335032545, 0.000676811439916], "max": [-0.33843895793, -0.371756583452, -0.531751811504, -0.559215426445, -0.597824275494, -0.63308006525], "mean": [-0.663890421391, -0.728329360485, -0.793788433075, -0.780959546566, -0.808194100857, -0.768957734108], "median": [-0.660718142986, -0.728764355183, -0.803203523159, -0.777281224728, -0.806203067303, -0.765200138092], "min": [-0.971576273441, -0.977197408676, -0.967512130737, -0.960428535938, -0.963784635067, -0.961999773979], "var": [0.00908796768636, 0.00763172376901, 0.00513014569879, 0.00339878280647, 0.00194787571672, 0.00253150053322]}, "spectral_contrast_valleys": {"dmean": [0.396450489759, 0.36989480257, 0.309791177511, 0.229655846953, 0.204422041774, 0.247496366501], "dmean2": [0.649997055531, 0.599713087082, 0.502911508083, 0.369260519743, 0.316414862871, 0.347032576799], "dvar": [0.137738347054, 0.12965542078, 0.0968485325575, 0.0623153187335, 0.0713656842709, 0.113786846399], "dvar2": [0.30593302846, 0.290832102299, 0.203971281648, 0.113985933363, 0.128200739622, 0.207378804684], "max": [-5.00979471207, -4.64293861389, -5.4639544487, -5.80024385452, -5.64860486984, -7.5