{"lowlevel": {"average_loudness": 0.787831187248, "barkbands_crest": {"dmean": 2.23209929466, "dmean2": 3.42521905899, "dvar": 3.6212990284, "dvar2": 8.43938541412, "max": 22.6054286957, "mean": 9.72308921814, "median": 8.93435955048, "min": 3.37593531609, "var": 13.2933721542}, "barkbands_flatness_db": {"dmean": 0.014752374962, "dmean2": 0.021190226078, "dvar": 0.000147765502334, "dvar2": 0.000299388018902, "max": 0.251141369343, "mean": 0.145564481616, "median": 0.14465431869, "min": 0.0249070823193, "var": 0.000960715464316}, "barkbands_kurtosis": {"dmean": 1.63848912716, "dmean2": 2.48780608177, "dvar": 5.90274238586, "dvar2": 14.070233345, "max": 80.7274169922, "mean": 2.83505988121, "median": 2.00936937332, "min": -1.72237074375, "var": 17.5915699005}, "barkbands_skewness": {"dmean": 0.35952681303, "dmean2": 0.535038411617, "dvar": 0.114055335522, "dvar2": 0.228309035301, "max": 6.44281816483, "mean": 1.36775696278, "median": 1.34470069408, "min": -2.17652368546, "var": 0.584826827049}, "barkbands_spread": {"dmean": 2.76869368553, "dmean2": 4.04803562164, "dvar": 12.8147144318, "dvar2": 30.6347351074, "max": 81.4268112183, "mean": 13.6064758301, "median": 12.5868225098, "min": 1.84467804432, "var": 37.9119300842}, "dissonance": {"dmean": 0.0232625808567, "dmean2": 0.0390809476376, "dvar": 0.000381252757506, "dvar2": 0.00105826754589, "max": 0.49998742342, "mean": 0.452352553606, "median": 0.45558449626, "min": 0.347202152014, "var": 0.000797035230789}, "dynamic_complexity": 5.28402423859, "erbbands_crest": {"dmean": 2.3999812603, "dmean2": 3.77653288841, "dvar": 4.2785115242, "dvar2": 9.78641796112, "max": 24.2990818024, "mean": 9.47609043121, "median": 8.5722618103, "min": 2.52317094803, "var": 15.0975141525}, "erbbands_flatness_db": {"dmean": 0.0132005894557, "dmean2": 0.0191274210811, "dvar": 0.000130685715703, "dvar2": 0.000267998984782, "max": 0.279742687941, "mean": 0.197665631771, "median": 0.198044881225, "min": 0.0465015135705, "var": 0.00101742043626}, "erbbands_kurtosis": {"dmean": 0.871397197247, "dmean2": 1.38271045685, "dvar": 1.75334000587, "dvar2": 4.17165708542, "max": 40.8115959167, "mean": 0.551529824734, "median": 0.0810763835907, "min": -1.48002386093, "var": 5.05584478378}, "erbbands_skewness": {"dmean": 0.316338866949, "dmean2": 0.479467988014, "dvar": 0.0734256580472, "dvar2": 0.1609146595, "max": 4.81027078629, "mean": 0.736195385456, "median": 0.72767406702, "min": -1.99805247784, "var": 0.381153076887}, "erbbands_spread": {"dmean": 4.17999267578, "dmean2": 6.38123416901, "dvar": 18.6199741364, "dvar2": 48.6107139587, "max": 94.1539077759, "mean": 25.1984710693, "median": 24.4477901459, "min": 4.28686237335, "var": 59.9960365295}, "hfc": {"dmean": 3.22269654274, "dmean2": 4.62192344666, "dvar": 14.7959098816, "dvar2": 32.1869125366, "max": 85.2945861816, "mean": 16.6823825836, "median": 14.1469259262, "min": 1.11994391883e-16, "var": 164.505950928}, "melbands_crest": {"dmean": 2.53166007996, "dmean2": 3.79932332039, "dvar": 4.63239002228, "dvar2": 10.373960495, "max": 29.8392181396, "mean": 11.9923248291, "median": 10.8714933395, "min": 1.69409513474, "var": 23.2168426514}, "melbands_flatness_db": {"dmean": 0.0159848555923, "dmean2": 0.0223063509911, "dvar": 0.000197074507014, "dvar2": 0.000334348384058, "max": 0.341924369335, "mean": 0.176146015525, "median": 0.176106765866, "min": 0.00345430825837, "var": 0.00153008871712}, "melbands_kurtosis": {"dmean": 2.56089305878, "dmean2": 3.87948107719, "dvar": 10.0345783234, "dvar2": 22.4544487, "max": 71.1099319458, "mean": 5.97019147873, "median": 4.7394952774, "min": -1.60578131676, "var": 31.4937400818}, "melbands_skewness": {"dmean": 0.398494422436, "dmean2": 0.596682727337, "dvar": 0.116449698806, "dvar2": 0.261063724756, "max": 5.97118663788, "mean": 1.77536976337, "median": 1.70094239712, "min": -1.09467673302, "var": 0.571964859962}, "melbands_spread": {"dmean": 4.34226608276, "dmean2": 6.56904411316, "dvar": 60.3653488159, "dvar2": 150.271057129, "max": 176.671691895, "mean": 18.9698257446, "median": 16.6885166168, "min": 1.80644583702, "var": 172.291275024}, "pitch_salience": {"dmean": 0.0536649897695, "dmean2": 0.0844345539808, "dvar": 0.0018283118261, "dvar2": 0.00455094175413, "max": 0.929503500462, "mean": 0.581613004208, "median": 0.584339797497, "min": 0.271302998066, "var": 0.00801633019}, "silence_rate_20dB": {"dmean": 0, "dmean2": 0, "dvar": 0, "dvar2": 0, "max": 1, "mean": 1, "median": 1, "min": 1, "var": 0}, "silence_rate_30dB": {"dmean": 0.00128700130153, "dmean2": 0.00257566012442, "dvar": 0.0012853477383, "dvar2": 0.0038568652235, "max": 1, "mean": 0.999356925488, "median": 1, "min": 0, "var": 0.000642674043775}, "silence_rate_60dB": {"dmean": 0.00643500639126, "dmean2": 0.0128782996908, "dvar": 0.00639336928725, "dvar2": 0.015288178809, "max": 1, "mean": 0.109967842698, "median": 0, "min": 0, "var": 0.0978747606277}, "spectral_centroid": {"dmean": 171.683822632, "dmean2": 248.581695557, "dvar": 189609.765625, "dvar2": 299367.40625, "max": 11500.4257812, "mean": 1250.21862793, "median": 1159.90026855, "min": 441.180389404, "var": 389086.8125}, "spectral_complexity": {"dmean": 2.15701413155, "dmean2": 3.55312299728, "dvar": 3.91355419159, "dvar2": 9.77197265625, "max": 36, "mean": 17.6598072052, "median": 19, "min": 0, "var": 53.5916595459}, "spectral_decrease": {"dmean": 1.03920849703e-09, "dmean2": 1.45679324159e-09, "dvar": 1.73582569414e-18, "dvar2": 3.41221473896e-18, "max": 1.13986512833e-28, "mean": -4.73169370352e-09, "median": -3.87801746271e-09, "min": -2.69251501095e-08, "var": 1.48574608207e-17}, "spectral_energy": {"dmean": 0.00418285094202, "dmean2": 0.00585941737518, "dvar": 2.79515370494e-05, "dvar2": 5.54148755327e-05, "max": 0.108495332301, "mean": 0.0193716417998, "median": 0.0159635283053, "min": 1.05265776907e-20, "var": 0.000245425209869}, "spectral_energyband_high": {"dmean": 5.72614553676e-05, "dmean2": 7.8301934991e-05, "dvar": 6.16698692113e-09, "dvar2": 1.12587237311e-08, "max": 0.00110608444083, "mean": 0.000215293315705, "median": 0.000162084717886, "min": 7.41823005038e-21, "var": 3.70828807661e-08}, "spectral_energyband_low": {"dmean": 4.05103455705e-05, "dmean2": 5.24996466993e-05, "dvar": 3.22891691162e-09, "dvar2": 6.33237862147e-09, "max": 0.00118314183783, "mean": 0.000187051293324, "median": 0.000143528945046, "min": 3.58485626811e-23, "var": 3.14284456238e-08}, "spectral_energyband_middle_high": {"dmean": 0.00184871035162, "dmean2": 0.00288088945672, "dvar": 7.12986820872e-06, "dvar2": 2.02230949071e-05, "max": 0.045197442174, "mean": 0.00605549011379, "median": 0.00453045591712, "min": 1.15894516654e-21, "var": 3.13549571729e-05}, "spectral_energyband_middle_low": {"dmean": 0.00354162463918, "dmean2": 0.00484091741964, "dvar": 2.04271527764e-05, "dvar2": 3.86864048778e-05, "max": 0.0833278298378, "mean": 0.0131413992494, "median": 0.0101734511554, "min": 2.65008645079e-22, "var": 0.000132506451337}, "spectral_entropy": {"dmean": 0.115211725235, "dmean2": 0.157208755612, "dvar": 0.0134361777455, "dvar2": 0.020879233256, "max": 9.80153369904, "mean": 7.39899969101, "median": 7.37356519699, "min": 6.22858333588, "var": 0.0814067944884}, "spectral_flux": {"dmean": 0.0101818563417, "dmean2": 0.0171199385077, "dvar": 0.000107138876047, "dvar2": 0.000301128893625, "max": 0.15712480247, "mean": 0.054877538234, "median": 0.0535873956978, "min": 1.04449157656e-10, "var": 0.000767848745454}, "spectral_kurtosis": {"dmean": 1.52556741238, "dmean2": 2.60452771187, "dvar": 2.44662189484, "dvar2": 7.55178976059, "max": 26.1225681305, "mean": 6.46124267578, "median": 6.12440490723, "min": -1.20821762085, "var": 6.08163499832}, "spectral_rms": {"dmean": 0.000424547120929, "dmean2": 0.000591114745475, "dvar": 1.77680291813e-07, "dvar2": 3.59486733714e-07, "max": 0.0102882990614, "mean": 0.00391918187961, "median": 0.00394641282037, "min": 3.20465789322e-12, "var": 3.53917607754e-06}, "spectral_rolloff": {"dmean": 318.300140381, "dmean2": 503.417266846, "dvar": 596872.375, "dvar2": 850530.4375, "max": 19466.015625, "mean": 1534.4309082, "median": 1313.52539062, "min": 430.6640625, "var": 2277974}, "spectral_skewness": {"dmean": 0.175010964274, "dmean2": 0.288421183825, "dvar": 0.026851432398, "dvar2": 0.072721362114, "max": 4.35905504227, "mean": 1.84560072422, "median": 1.86690700054, "min": -0.0555098988116, "var": 0.134044110775}, "spectral_spread": {"dmean": 340297.03125, "dmean2": 503793.125, "dvar": 2675947864060.0, "dvar2": 5336048599040.0, "max": 41512676, "mean": 3691440, "median": 3435328.5, "min": 2057934.625, "var": 3524093804540.0}, "spectral_strongpeak": {"dmean": 0.477923095226, "dmean2": 0.763004481792, "dvar": 0.273404955864, "dvar2": 0.727949082851, "max": 5.5174407959, "mean": 1.40756464005, "median": 1.27459657192, "min": 0, "var": 0.95453864336}, "zerocrossingrate": {"dmean": 0.0069657061249, "dmean2": 0.00774741685018, "dvar": 0.000168361832038, "dvar2": 0.000118617390399, "max": 0.51806640625, "mean": 0.0618405863643, "median": 0.05419921875, "min": 0.02685546875, "var": 0.00193016324192}, "barkbands": {"dmean": [1.7428108734e-08, 5.26112580701e-06, 1.60393828992e-05, 7.36828515073e-05, 0.000512026890647, 0.000418770621764, 0.00184027536307, 0.00127220305149, 0.00122934393585, 0.00104534591082, 0.000467876088805, 0.000595214602072, 0.000318938517012, 0.000324667867972, 0.000240416062297, 0.000252528232522, 0.000180586619535, 0.000132650922751, 7.94966326794e-05, 4.60513292637e-05, 2.41939724219e-05, 1.45457761391e-05, 8.54604513734e-06, 7.91365437181e-06, 1.66173122125e-05, 1.64617642895e-06, 2.49787058237e-06], "dmean2": [3.0398343398e-08, 8.94700133358e-06, 2.3948492526e-05, 9.42611659411e-05, 0.00062479544431, 0.000572211050894, 0.00236746203154, 0.00179067137651, 0.00191201304551, 0.00170651869848, 0.000744880177081, 0.000986378989182, 0.000538528722245, 0.000500540831126, 0.000385623978218, 0.000411132466979, 0.000290284340736, 0.000215620166273, 0.000130451153382, 7.62557829148e-05, 3.88157532143e-05, 2.26151150855e-05, 1.37434681164e-05, 1.25329488583e-05, 2.41390134761e-05, 2.54322776527e-06, 2.86413865069e-06], "dvar": [4.00356025281e-16, 1.22749616027e-10, 1.62029778483e-09, 7.72027952678e-09, 6.61122328438e-07, 4.82035886762e-07, 7.62813260735e-06, 7.2802122304e-06, 4.26809174314e-06, 4.85971349917e-06, 7.455546438e-07, 1.23947847896e-06, 2.83962549474e-07, 2.35968840911e-07, 1.73139824255e-07, 1.65097745253e-07, 7.30685627559e-08, 3.96496346866e-08, 1.52500874151e-08, 3.86579124267e-09, 1.18126064486e-09, 3.65482033526e-10, 1.51900811374e-10, 1.75777628564e-10, 1.44718459438e-09, 7.31897095013e-12, 3.33329752689e-11], "dvar2": [1.19504956264e-15, 3.47444906179e-10, 3.20771342821e-09, 1.52327146452e-08, 7.93971935309e-07, 1.02725107354e-06, 1.24904954646e-05, 1.43100633068e-05, 1.05593726403e-05, 1.44166206155e-05, 1.70057148807e-06, 3.2876662317e-06, 7.77449486122e-07, 5.07001857386e-07, 4.28819220133e-07, 4.20077157059e-07, 1.7295734267e-07, 1.01086520488e-07, 4.15759338068e-08, 1.03758344139e-08, 3.26823279551e-09, 8.79224415495e-10, 4.07167105587e-10, 4.43786118964e-10, 2.97505819979e-09, 1.83866984138e-11, 4.65145144624e-11], "max": [1.84598263786e-07, 0.000201865404961, 0.000992142595351, 0.00206939666532, 0.023133777082, 0.0122871892527, 0.0665199011564, 0.0634411796927, 0.0266497489065, 0.0271479766816, 0.0137875135988, 0.0137630626559, 0.00836705602705, 0.00778485927731, 0.00743090175092, 0.00765708182007, 0.00372065976262, 0.00351261626929, 0.00218182126991, 0.000739617273211, 0.000503545801621, 0.000278482126305, 0.000163399541634, 0.000241374291363, 0.000421813514549, 5.44469257875e-05, 5.57824678253e-05], "mean": [2.29565593202e-08, 1.42786484503e-05, 5.48942734895e-05, 0.000289946445264, 0.0013376417337, 0.00111860269681, 0.0051485914737, 0.00271651521325, 0.00236987415701, 0.00168538687285, 0.000754800625145, 0.000935219344683, 0.000491215090733, 0.000569391762838, 0.000411995803006, 0.000439910130808, 0.000310340517899, 0.000260703207459, 0.000174072090886, 9.95901136776e-05, 5.69365183765e-05, 3.92575493606e-05, 2.34497147176e-05, 2.49350377999e-05, 3.35491895385e-05, 5.82607481192e-06, 4.71036673844e-06], "median": [1.47111540727e-08, 5.4852557696e-06, 1.65834171639e-05, 0.000193966116058, 0.000779535970651, 0.000512370548677, 0.00245198793709, 0.000797276792582, 0.00120904727373, 0.000694732647389, 0.000353545532562, 0.000367918692064, 0.000266894581728, 0.000294948753435, 0.00025661624386, 0.000281455781078, 0.000186730379937, 0.000179518217919, 0.000125863749417, 7.11861648597e-05, 4.22733064624e-05, 2.83982517431e-05, 1.63150434673e-05, 1.41886330312e-05, 1.46665970533e-05, 3.65479786524e-06, 6.28366137789e-07], "min": [9.69814237282e-24, 1.49896099103e-23, 1.05494439853e-23, 6.96984326628e-24, 1.43899304719e-23, 1.04727359397e-23, 3.86555664401e-23, 2.86109374251e-23, 2.63647269949e-23, 4.80178055286e-23, 6.84515370279e-23, 9.28281404819e-23, 4.14616803641e-23, 6.28797998326e-23, 1.0358131174e-22, 1.38719309539e-22, 1.24176665062e-22, 1.10836560149e-22, 1.24306896531e-22, 2.77771556245e-22, 4.49998521594e-22, 4.1443477872e-22, 4.6006080216e-22, 8.79606213099e-22, 1.01781686513e-21, 1.49655390504e-21, 2.1804656642e-21], "var": [6.11398704542e-16, 5.15254838795e-10, 1.32667690167e-08, 9.1404182001e-08, 3.46070419255e-06, 2.32094998864e-06, 4.84519368911e-05, 3.11069779855e-05, 9.97703318717e-06, 8.13943461253e-06, 1.52067559611e-06, 2.3575043997e-06, 4.60963264004e-07, 6.34494199403e-07, 3.19546927585e-07, 2.6901699357e-07, 1.65914315176e-07, 8.10781912719e-08, 3.12076835485e-08, 1.01086845561e-08, 3.33767036231e-09, 1.42646894297e-09, 5.62485724664e-10, 9.95223570222e-10, 2.73960387709e-09, 4.37059416436e-11, 9.66294405602e-11]}, "erbbands": {"dmean": [4.4628566684e-05, 0.00168993370607, 0.0148864686489, 0.121460169554, 0.700099945068, 1.99318635464, 2.73562812805, 4.60685777664, 22.4148311615, 29.252790451, 24.1870250702, 24.7327747345, 29.5462875366, 22.7469940186, 21.8844661713, 16.3468208313, 14.6223230362, 13.3857288361, 11.5972900391, 14.2977848053, 15.1136054993, 10.5854911804, 7.12843036652, 4.90768432617, 2.97746658325, 2.20168447495, 1.21711325645, 0.709097862244, 0.555113494396, 0.366624683142, 0.239057123661, 0.201471969485, 0.131647750735, 0.297328442335, 0.0653128549457, 0.0133103849366, 0.00238432222977, 0.000799992587417, 0.000486038683448, 3.3502918086e-05], "dmean2": [7.57980014896e-05, 0.00279882713221, 0.0215260181576, 0.152667611837, 0.957636654377, 2.57701301575, 3.20685434341, 6.17196941376, 28.0597248077, 40.5797767639, 33.9219169617, 39.2007484436, 47.2777137756, 37.1340637207, 34.6068458557, 27.267868042, 24.8292694092, 20.5272407532, 18.149772644, 22.7044258118, 24.7605113983, 16.8983383179, 11.6163387299, 8.00390338898, 4.88961935043, 3.65129184723, 2.03037190437, 1.08556258678, 0.875151395798, 0.584653198719, 0.385902702808, 0.317620187998, 0.212123125792, 0.43773663044, 0.095080524683, 0.0207737218589, 0.00360907707363, 0.000996144604869, 0.000583535642363, 4.01290708396e-05], "dvar": [5.16560261232e-09, 1.39283174576e-05, 0.00136814708821, 0.0181623436511, 1.21376752853, 9.61981964111, 29.5659294128, 59.0710067749, 1448.53234863, 2700.02661133, 2446.99902344, 1719.94177246, 3536.65576172, 2163.14648438, 1132.1505127, 862.838378906, 667.302124023, 617.636901855, 282.714385986, 790.726196289, 741.492248535, 288.451080322, 116.701911926, 55.8551635742, 14.5733737946, 10.6106863022, 3.50134992599, 0.891601026058, 0.566783070564, 0.28765013814, 0.121129497886, 0.141761809587, 0.0447787381709, 0.532610595226, 0.0139162056148, 0.000506480399054, 1.48212184286e-05, 2.35243851421e-06, 1.25869439671e-06, 5.61369351004e-09], "dvar2": [1.39979476899e-08, 3.7057150621e-05, 0.00277115986682, 0.0319938659668, 2.16524839401, 13.4102783203, 37.6582221985, 115.945022583, 2225.19067383, 5017.33398438, 4701.48486328, 4426.42724609, 9870.4296875, 6458.37939453, 2798.2746582, 2410.80541992, 1836.23083496, 1412.06811523, 658.758544922, 1929.78833008, 1901.64160156, 678.40814209, 310.583251953, 144.823974609, 39.0297546387, 28.780002594, 10.0704727173, 2.09793019295, 1.37985372543, 0.754876434803, 0.317800462246, 0.343709677458, 0.126026079059, 1.14422404766, 0.0271638724953, 0.00122265575919, 3.53387185896e-05, 3.52727488462e-06, 1.78483162472e-06, 8.75443895154e-09], "max": [0.00123684713617, 0.079230427742, 1.03998732567, 3.38543987274, 23.7905330658, 71.7135467529, 146.513931274, 146.255889893, 1193.43395996, 1196.86560059, 1111.3137207, 432.720916748, 796.280090332, 586.048339844, 450.046325684, 367.000976562, 419.865142822, 507.360168457, 240.988998413, 538.808959961, 525.67590332, 240.215576172, 229.972488403, 116.626449585, 58.0076789856, 45.9625511169, 29.5434360504, 13.0633325577, 9.78441905975, 7.18948221207, 5.0019659996, 7.02021980286, 3.3614795208, 8.03489303589, 1.37374222279, 0.388449877501, 0.0806207284331, 0.0183905623853, 0.0106745399535, 0.000798554858193], "mean": [0.00012384931324, 0.00535310106352, 0.0624439753592, 0.525318026543, 1.78241467476, 4.8873705864, 7.04610586166, 13.2267494202, 58.1665534973, 79.1360855103, 55.9534759521, 46.5756416321, 55.8496246338, 39.6657028198, 41.3281211853, 28.7857646942, 23.7786903381, 23.6767787933, 22.4562892914, 25.4075584412, 26.3417987823, 20.0383148193, 15.1264896393, 10.8351221085, 7.63845539093, 5.02245140076, 2.69702267647, 1.73289823532, 1.46643936634, 0.970968723297, 0.659207642078, 0.55675381422, 0.362653195858, 0.530677616596, 0.153440773487, 0.041534986347, 0.00864813383669, 0.00205716700293, 0.000919250480365, 7.62979543651e-05], "median": [7.14945708751e-05, 0.0025621575769, 0.0295316614211, 0.385937005281, 1.23659169674, 2.86922931671, 3.22898578644, 6.35527992249, 27.4162044525, 33.4166145325, 24.5786724091, 26.8531665802, 27.4130687714, 19.1382007599, 22.9859771729, 14.9077701569, 13.5765247345, 12.3555049896, 13.3290729523, 15.373052597, 15.8622093201, 12.6999263763, 10.9738302231, 7.73979187012, 5.73481655121, 3.53920912743, 1.95549547672, 1.26642143726, 1.06185078621, 0.722433686256, 0.451204806566, 0.31310403347, 0.223534360528, 0.18377867341, 0.0889473557472, 0.0269256029278, 0.00514716189355, 0.000966918771155, 0.000133452034788, 3.06220899802e-05], "min": [2.40520837481e-22, 3.37228267729e-21, 1.04382503109e-20, 2.41391756076e-20, 3.46786295278e-20, 5.33423800058e-20, 3.45728085705e-20, 1.16754139468e-19, 3.50092898078e-19, 5.25867046336e-19, 6.74121852042e-19, 7.01768761354e-19, 1.03932441893e-18, 2.80171884416e-18, 2.12564262282e-18, 3.91898280534e-18, 2.24811519111e-18, 2.26901556365e-18, 4.9490091972e-18, 6.30103508123e-18, 6.52019699812e-18, 7.71080975255e-18, 6.35774617044e-18, 6.2560922906e-18, 8.69267479402e-18, 1.09842744563e-17, 2.12684298597e-17, 1.55250418971e-17, 1.34462518181e-17, 1.96436287609e-17, 1.46980333381e-17, 1.58640188578e-17, 1.51409802843e-17, 1.1420646971e-17, 7.953636066e-18, 4.80042067581e-18, 2.95222125468e-18, 1.24206152738e-18, 2.77987822576e-19, 3.23236527862e-20], "var": [2.14013518018e-08, 7.67734891269e-05, 0.0128850052133, 0.246790930629, 4.4415564537, 41.146232605, 160.262741089, 319.724090576, 7989.66796875, 18063.4121094, 10423.9052734, 3202.04638672, 7298.91552734, 3651.16723633, 2634.34399414, 1626.91894531, 1039.44030762, 1521.52075195, 777.26184082, 1450.62011719, 1152.89489746, 657.635986328, 234.349121094, 116.225273132, 45.2125816345, 28.3022766113, 7.50625324249, 2.95109987259, 2.016289711, 0.860470831394, 0.445709884167, 0.595450460911, 0.184009894729, 0.893080532551, 0.0348633937538, 0.00221265875734, 0.000105539038486, 8.07083506515e-06, 3.59752084478e-06, 1.52529970876e-08]}, "gfcc": {"mean": [-59.1514129639, 73.6371765137, -157.570602417, -14.4149074554, -81.2975997925, -16.9598255157, -51.4789085388, 2.33810114861, -27.9966259003, -5.76935100555, -18.7983665466, -7.47885036469, -13.3933620453], "cov": [[33803.8046875, 185.432266235, -1813.31420898, -577.955810547, -696.271972656, 245.708831787, -1473.83435059, -156.383331299, -920.354248047, -709.391418457, -1020.35253906, -474.764160156, -349.60357666], [185.432266235, 746.925598145, -123.401275635, -19.0894908905, 25.0628623962, -18.9604721069, 16.2765789032, 3.00757837296, -24.946018219, -39.5288925171, -10.8588495255, -9.45995044708, -35.9045143127], [-1813.31420898, -123.401275635, 539.65625, -20.7289066315, 127.504844666, 39.4102859497, 62.0452270508, -4.24035549164, 41.9029960632, 40.6097564697, 32.8812484741, 27.8660240173, 28.0508422852], [-577.955810547, -19.0894908905, -20.7289066315, 253.034393311, 19.3109855652, 47.4957504272, 40.2995033264, 25.5577850342, 34.8878288269, 47.4161186218, 38.5594520569, 28.4296150208, 5.05319738388], [-696.271972656, 25.0628623962, 127.504844666, 19.3109855652, 157.959411621, 19.0975952148, 44.8134689331, 7.50476837158, 32.2541351318, 17.3652954102, 7.01349163055, -3.84377384186, 3.91362977028], [245.708831787, -18.9604721069, 39.4102859497, 47.4957504272, 19.0975952148, 113.176017761, 25.2064056396, 24.1118793488, -14.5190496445, -0.267792761326, -9.6866235733, 2.30301046371, -18.7279014587], [-1473.83435059, 16.2765789032, 62.0452270508, 40.2995033264, 44.8134689331, 25.2064056396, 147.16960144, 34.3421096802, 42.1286125183, 22.3446922302, 54.5774002075, 14.0194644928, 8.38992595673], [-156.383331299, 3.00757837296, -4.24035549164, 25.5577850342, 7.50476837158, 24.1118793488, 34.3421096802, 66.6796340942, 30.1382980347, 15.7516040802, 3.19486355782, 1.25708055496, -11.6407403946], [-920.354248047, -24.946018219, 41.9029960632, 34.8878288269, 32.2541351318, -14.5190496445, 42.1286125183, 30.1382980347, 93.5029983521, 57.905128479, 39.2692565918, 12.5928401947, 11.1516122818], [-709.391418457, -39.5288925171, 40.6097564697, 47.4161186218, 17.3652954102, -0.267792761326, 22.3446922302, 15.7516040802, 57.905128479, 88.9360046387, 51.6641998291, 23.8388957977, 2.2833738327], [-1020.35253906, -10.8588495255, 32.8812484741, 38.5594520569, 7.01349163055, -9.6866235733, 54.5774002075, 3.19486355782, 39.2692565918, 51.6641998291, 89.6936569214, 38.6611480713, 22.6491165161], [-474.764160156, -9.45995044708, 27.8660240173, 28.4296150208, -3.84377384186, 2.30301046371, 14.0194644928, 1.25708055496, 12.5928401947, 23.8388957977, 38.6611480713, 56.1314811707, 27.7308959961], [-349.60357666, -35.9045143127, 28.0508422852, 5.05319738388, 3.91362977028, -18.7279014587, 8.38992595673, -11.6407403946, 11.1516122818, 2.2833738327, 22.6491165161, 27.7308959961, 70.3471603394]], "icov": [[0.000101043340692, 4.32451906818e-06, 0.00022166587587, 0.000100834215118, 7.04038438926e-06, -0.000427168648457, 0.000820570683572, -0.000264249800239, 0.000353011506377, 7.54256252549e-05, 0.000172222105903, 0.000327880610712, -9.00840605027e-05], [4.32451906818e-06, 0.00155675166752, 0.000465051300125, 9.58177843131e-05, -0.000773107807618, 0.000481892959215, -0.000277086917777, -0.000104641243524, 0.000251257559285, 0.000863980734721, -0.000237871106947, -0.000802148948424, 0.00113567209337], [0.00022166587587, 0.000465051300125, 0.00328536448069, 0.0011502110865, -0.00202866573818, -0.00202703895047, 0.00113818468526, 0.000524077622686, 0.000294346828014, -0.000536898616701, 0.000714630179573, -0.000686247542035, -0.000518289860338], [0.000100834215118, 9.58177843131e-05, 0.0011502110865, 0.00541781447828, -0.000641193124466, -0.00294291763566, 0.000441807525931, -0.000289040297503, -0.000471426115837, -0.0016888739774, -0.00029959550011, -0.00122834835202, -0.000435892143287], [7.04038438926e-06, -0.000773107807618, -0.00202866573818, -0.000641193124466, 0.00940926373005, -0.00101430376526, -0.00194800365716, 0.0015289754374, -0.00262042903341, -0.0007675641682, 0.00212097377516, 0.00233432417735, -0.000975525414106], [-0.000427168648457, 0.000481892959215, -0.00202703895047, -0.00294291763566, -0.00101430376526, 0.0155670549721, -0.0060851383023, -0.00356392026879, 0.00484396936372, -0.0020324815996, 0.00265739951283, -0.00390788726509, 0.00346244429238], [0.000820570683572, -0.000277086917777, 0.00113818468526, 0.000441807525931, -0.00194800365716, -0.0060851383023, 0.0198865942657, -0.00723006110638, -0.000249525648542, 0.00647770101205, -0.00950710382313, 0.00576972961426, -0.00101301737595], [-0.000264249800239, -0.000104641243524, 0.000524077622686, -0.000289040297503, 0.0015289754374, -0.00356392026879, -0.00723006110638, 0.024699812755, -0.0104489019141, -0.000581786676776, 0.00560699729249, -0.00401817727834, 0.00381479295902], [0.000353011506377, 0.000251257559285, 0.000294346828014, -0.000471426115837, -0.00262042903341, 0.00484396936372, -0.000249525648542, -0.0104489019141, 0.0278073512018, -0.0139643009752, 0.000366452062735, 0.00463503831998, -0.0043647880666], [7.54256252549e-05, 0.000863980734721, -0.000536898616701, -0.0016888739774, -0.0007675641682, -0.0020324815996, 0.00647770101205, -0.000581786676776, -0.0139643009752, 0.0295473504812, -0.0134332245216, -0.00308214942925, 0.00657855672762], [0.000172222105903, -0.000237871106947, 0.000714630179573, -0.00029959550011, 0.00212097377516, 0.00265739951283, -0.00950710382313, 0.00560699729249, 0.000366452062735, -0.0134332245216, 0.0318320579827, -0.0117591768503, -0.00211311876774], [0.000327880610712, -0.000802148948424, -0.000686247542035, -0.00122834835202, 0.00233432417735, -0.00390788726509, 0.00576972961426, -0.00401817727834, 0.00463503831998, -0.00308214942925, -0.0117591768503, 0.0343518815935, -0.0113315721974], [-9.00840605027e-05, 0.00113567209337, -0.000518289860338, -0.000435892143287, -0.000975525414106, 0.00346244429238, -0.00101301737595, 0.00381479295902, -0.0043647880666, 0.00657855672762, -0.00211311876774, -0.0113315721974, 0.0219389032573]]}, "melbands": {"dmean": [8.79404126408e-07, 5.64878655496e-06, 3.05479479721e-05, 9.84697326203e-05, 9.8499142041e-05, 0.000107542611659, 0.000335776887368, 0.000330177979777, 0.000189001613762, 0.000161815492902, 0.000160086870892, 0.000108446103695, 7.62913623475e-05, 7.42954944144e-05, 3.69326553482e-05, 2.95064473903e-05, 2.47178832069e-05, 2.29045635933e-05, 1.78657519427e-05, 1.66467852978e-05, 1.79092457984e-05, 1.25043907246e-05, 7.84257190389e-06, 7.69883718021e-06, 4.02758541895e-06, 3.25077826346e-06, 2.11113115256e-06, 1.36831067721e-06, 1.06873812911e-06, 4.37513904217e-07, 4.36194568465e-07, 3.36801463163e-07, 3.47841876192e-07, 2.06930224067e-07, 1.56780842531e-07, 1.54105151751e-07, 1.21890693094e-07, 1.12881338055e-07, 8.17831562472e-08, 3.54825516524e-07], "dmean2": [1.49440734276e-06, 8.50354444992e-06, 4.0065668145e-05, 0.000129540829221, 0.000113376911031, 0.000141980955959, 0.000425099337008, 0.000461807852844, 0.000268404546659, 0.000253239501035, 0.000256474973867, 0.000178217160283, 0.000120193333714, 0.000123171368614, 6.35718679405e-05, 4.79103036923e-05, 3.81256868422e-05, 3.58137549483e-05, 2.90625048365e-05, 2.60344222625e-05, 2.96882299153e-05, 1.99284804694e-05, 1.30064227051e-05, 1.27610574054e-05, 6.63349237584e-06, 5.35380513611e-06, 3.47081595464e-06, 2.28029580285e-06, 1.7928904299e-06, 6.92242849709e-07, 6.79105653489e-07, 5.43320652469e-07, 5.61878607641e-07, 3.4026385265e-07, 2.55606920518e-07, 2.50311416039e-07, 1.94849491209e-07, 1.86290137094e-07, 1.28179181047e-07, 5.2617235724e-07], "dvar": [2.89299053463e-12, 1.99663674483e-10, 1.44315215334e-09, 2.22613589784e-08, 3.56903058218e-08, 3.50704034702e-08, 2.80936433228e-07, 3.08323109266e-07, 1.16106527059e-07, 7.85903040423e-08, 1.01912867478e-07, 4.87248463799e-08, 1.71011578232e-08, 2.28690772985e-08, 4.85075357659e-09, 2.32013919188e-09, 1.83162607303e-09, 1.30806498966e-09, 1.03662911588e-09, 7.54608653342e-10, 1.1372187636e-09, 5.29443211494e-10, 1.63557264954e-10, 1.37390349098e-10, 4.42700910652e-11, 2.30898564157e-11, 8.36886115962e-12, 4.07758158835e-12, 3.18826475637e-12, 3.11097935607e-13, 3.46736148907e-13, 2.21528619559e-13, 2.34468884195e-13, 1.01421705778e-13, 5.83794148548e-14, 6.31650900204e-14, 4.78474071887e-14, 4.20867327263e-14, 1.37738382305e-14, 8.11082863199e-13], "dvar2": [8.14410604927e-12, 4.14313638952e-10, 3.01952884918e-09, 3.46865505207e-08, 4.09023286352e-08, 6.41113473421e-08, 4.39649085138e-07, 5.91702701058e-07, 2.29192622214e-07, 1.98860945488e-07, 2.85076396267e-07, 1.44958548276e-07, 3.9937610552e-08, 6.01776051212e-08, 1.45795411299e-08, 5.82194070731e-09, 4.16910639345e-09, 2.91772872529e-09, 2.64644683945e-09, 1.87907067684e-09, 2.91999735502e-09, 1.20155163597e-09, 4.40518899136e-10, 3.45926898238e-10, 1.17992421389e-10, 6.43250244736e-11, 2.2471167288e-11, 1.10619907331e-11, 9.32596447983e-12, 7.6895282676e-13, 8.32469076312e-13, 5.55046297552e-13, 5.89834279509e-13, 2.77325173459e-13, 1.52005009057e-13, 1.63431619041e-13, 1.1711073463e-13, 1.2278512354e-13, 3.28700893002e-14, 1.76891617673e-12], "max": [2.98751256196e-05, 0.000381396821467, 0.000708037172444, 0.00322953634895, 0.00542062241584, 0.00474833045155, 0.0153693202883, 0.0106768142432, 0.00741189531982, 0.00337239541113, 0.0042710728012, 0.0025199779775, 0.00206733774394, 0.00184134056326, 0.000846174254548, 0.000767858698964, 0.00085784192197, 0.000541722518392, 0.000529988785274, 0.0004971944727, 0.00064115569694, 0.0003365384473, 0.000221620779485, 0.000206068012631, 0.000110595741717, 6.72218229738e-05, 4.314472244e-05, 2.64631798927e-05, 2.84853704215e-05, 7.37147320251e-06, 7.90134254203e-06, 7.62986746849e-06, 5.99901522946e-06, 3.92474930777e-06, 3.94371818402e-06, 3.56994814865e-06, 3.63138701687e-06, 3.35171466759e-06, 1.39692713219e-06, 9.43940176512e-06], "mean": [2.3221889478e-06, 2.05847445613e-05, 0.000117269097245, 0.000238475084188, 0.00025739899138, 0.000304322253214, 0.000900814542547, 0.000837402127218, 0.00042041123379, 0.000296926242299, 0.000293057033559, 0.000180376999197, 0.000134068453917, 0.000118288298836, 5.51054654352e-05, 4.8440968385e-05, 4.2652060074e-05, 4.02449259127e-05, 3.01142717944e-05, 2.9690527299e-05, 2.87979073619e-05, 2.08618912438e-05, 1.4600652321e-05, 1.3776243577e-05, 7.96727999841e-06, 7.03871137375e-06, 4.41623751612e-06, 2.80076665149e-06, 1.977267857e-06, 9.92641730591e-07, 9.56186568146e-07, 8.02662384558e-07, 7.91629361174e-07, 4.57286944311e-07, 3.78253560029e-07, 3.59272007699e-07, 3.15305896947e-07, 2.69522161034e-07, 2.02700874752e-07, 5.77304831495e-07], "median": [9.13918199785e-07, 7.2139682743e-06, 8.54216341395e-05, 0.000150193940499, 0.000126178303617, 0.000125745878904, 0.000461068906588, 0.000326682638843, 0.000185311742825, 0.00015411413915, 0.00013952133304, 7.93289509602e-05, 7.23304910935e-05, 4.3213571189e-05, 2.66888018814e-05, 2.49319400609e-05, 2.25936910283e-05, 1.96080072783e-05, 1.81960749615e-05, 1.92898769455e-05, 1.54907138494e-05, 1.01930800156e-05, 9.30973601498e-06, 8.84318706085e-06, 5.5159744079e-06, 4.82872837893e-06, 3.07151685774e-06, 1.87140039998e-06, 1.36202424983e-06, 7.0513897299e-07, 6.69667088005e-07, 5.58679914775e-07, 5.45092177617e-07, 3.15463012157e-07, 2.59985398543e-07, 2.09940623108e-07, 1.70106446262e-07, 1.4888493638e-07, 1.31000390979e-07, 1.49959191731e-07], "min": [4.32716081151e-24, 5.63044540721e-24, 4.56921646939e-24, 2.99251938927e-24, 1.61911117277e-24, 2.56300493954e-24, 6.57603956366e-24, 5.14298537691e-24, 6.23568631496e-24, 3.91153011651e-24, 4.77365174513e-24, 1.05257821024e-23, 7.82599952875e-24, 8.54659241123e-24, 7.32305652546e-24, 3.74607009151e-24, 3.92812735552e-24, 6.87120252097e-24, 7.13261603661e-24, 1.03416887884e-23, 6.46301551747e-24, 7.48076323105e-24, 5.30662983853e-24, 5.60669201649e-24, 4.93718616066e-24, 4.72240615744e-24, 9.4392871331e-24, 5.31897708942e-24, 1.37416745567e-23, 9.77238996122e-24, 9.52787069073e-24, 6.22485486031e-24, 1.00061475912e-23, 8.95399331484e-24, 6.77343425582e-24, 1.03632467792e-23, 9.07648605848e-24, 1.07728722706e-23, 8.75494477579e-24, 1.00105241915e-23], "var": [1.16605397213e-11, 1.75303349614e-09, 1.23666756835e-08, 8.37099989326e-08, 1.98807327934e-07, 2.00021901264e-07, 1.56328644607e-06, 1.85923397567e-06, 4.9072099273e-07, 1.6081972376e-07, 2.08419891123e-07, 8.08974291999e-08, 3.57340610435e-08, 4.29744524411e-08, 6.92529544821e-09, 4.99284125155e-09, 4.60433335903e-09, 3.56534224366e-09, 1.77189996009e-09, 1.39710243374e-09, 1.70718073011e-09, 1.15435128123e-09, 3.03401137547e-10, 2.74936878819e-10, 7.5392254939e-11, 5.23513211947e-11, 1.96736030245e-11, 9.61093097468e-12, 5.28451588044e-12, 9.48057821484e-13, 9.87924477468e-13, 6.86795292946e-13, 6.46146493515e-13, 2.29828797053e-13, 1.61809937194e-13, 2.12098147747e-13, 1.9152083077e-13, 1.34761478235e-13, 4.58055122966e-14, 1.30936721968e-12]}, "mfcc": {"mean": [-680.077636719, 112.559738159, -35.2764854431, -9.42980384827, -21.6856307983, -27.058807373, -19.1570835114, -11.6728229523, -10.6138467789, -8.51176929474, -6.45173311234, -9.1828660965, -3.48017072678], "cov": [[15831.5820312, 2864.03735352, -1085.6550293, -483.812347412, -230.464309692, -470.509338379, -417.315490723, -231.829055786, -230.052947998, -375.929321289, -358.61907959, -416.224395752, -264.418334961], [2864.03735352, 1116.9185791, -235.519866943, -58.9080848694, -43.0890197754, -96.3950271606, -72.131362915, -11.5743570328, -53.3296012878, -75.694984436, -67.9713058472, -73.384223938, -41.3537139893], [-1085.6550293, -235.519866943, 267.499328613, 49.7536582947, 49.7869720459, 72.6077194214, 64.3337783813, 30.1185646057, 28.8194274902, 31.5921993256, 29.7496547699, 41.6486663818, 29.8534984589], [-483.812347412, -58.9080848694, 49.7536582947, 124.18775177, 53.5191040039, 39.4784965515, 11.5674152374, 6.9840502739, 14.7335329056, 26.2686061859, 22.5656852722, 25.1487045288, 28.0902919769], [-230.464309692, -43.0890197754, 49.7869720459, 53.5191040039, 104.985519409, 52.3486633301, 17.5832386017, 8.74027442932, 26.5883350372, 15.1452579498, 18.9343261719, 9.32011985779, 16.9866542816], [-470.509338379, -96.3950271606, 72.6077194214, 39.4784965515, 52.3486633301, 99.7060012817, 49.0088920593, 24.9260292053, 12.4884004593, 23.4589214325, 17.8180408478, 28.7913684845, 13.6233882904], [-417.315490723, -72.131362915, 64.3337783813, 11.5674152374, 17.5832386017, 49.0088920593, 97.2692718506, 47.8345909119, 15.1766033173, 17.3691902161, 18.5441455841, 22.9425601959, 9.30988407135], [-231.829055786, -11.5743570328, 30.1185646057, 6.9840502739, 8.74027442932, 24.9260292053, 47.8345909119, 78.7621841431, 21.2242279053, 26.7104606628, -1.78972160816, 24.9924983978, -0.408929735422], [-230.052947998, -53.3296012878, 28.8194274902, 14.7335329056, 26.5883350372, 12.4884004593, 15.1766033173, 21.2242279053, 63.9886016846, 20.7931613922, 18.2118644714, 0.599584698677, 12.6605939865], [-375.929321289, -75.694984436, 31.5921993256, 26.2686061859, 15.1452579498, 23.4589214325, 17.3691902161, 26.7104606628, 20.7931613922, 81.6067123413, 28.1184844971, 40.5644340515, 8.54943180084], [-358.61907959, -67.9713058472, 29.7496547699, 22.5656852722, 18.9343261719, 17.8180408478, 18.5441455841, -1.78972160816, 18.2118644714, 28.1184844971, 85.1386871338, 30.576007843, 24.9561595917], [-416.224395752, -73.384223938, 41.6486663818, 25.1487045288, 9.32011985779, 28.7913684845, 22.9425601959, 24.9924983978, 0.599584698677, 40.5644340515, 30.576007843, 88.6833343506, 28.9166870117], [-264.418334961, -41.3537139893, 29.8534984589, 28.0902919769, 16.9866542816, 13.6233882904, 9.30988407135, -0.408929735422, 12.6605939865, 8.54943180084, 24.9561595917, 28.9166870117, 63.4290542603]], "icov": [[0.000160244890139, -0.00031268550083, 0.000231927842833, 0.000334712152835, -0.000198808353161, 7.92189603089e-05, 7.50315521145e-05, 0.000215112202568, 1.56376809173e-05, 6.04917549936e-05, 0.000187724581338, 7.49616228859e-05, 0.000114057671453], [-0.00031268550083, 0.00182425917592, 0.000372121896362, -0.000649082532618, -6.7440145358e-05, 0.000393858848838, 0.00016537126794, -0.00139879307244, 0.000749579339754, 0.000433627021266, -0.000256046798313, 0.000275976781268, -0.000334792712238], [0.000231927842833, 0.000372121896362, 0.00617559161037, -0.000180759379873, -0.000987046281807, -0.00141765235458, -0.00196219841018, 0.000452374340966, -0.000741111929528, 0.000320149440086, 0.00057650526287, -0.000659996760078, -0.000578516861424], [0.000334712152835, -0.000649082532618, -0.000180759379873, 0.0125003764406, -0.00489467941225, -0.00132263684645, 0.0014607423218, 0.00039332837332, 0.00092341133859, -0.00207827123813, 9.4463241112e-05, -8.10291166999e-05, -0.00300010130741], [-0.000198808353161, -6.7440145358e-05, -0.000987046281807, -0.00489467941225, 0.0169694442302, -0.00777837680653, 0.0015511099482, 0.000523490307387, -0.00503354799002, 0.000615519064013, -0.00118013552856, 0.00140915939119, -0.000595022633206], [7.92189603089e-05, 0.000393858848838, -0.00141765235458, -0.00132263684645, -0.00777837680653, 0.0201656222343, -0.00702031003311, 0.000225623502047, 0.0023269795347, -0.00104474031832, 0.000958646473009, -0.0024449180346, 0.00103754398879], [7.50315521145e-05, 0.00016537126794, -0.00196219841018, 0.0014607423218, 0.0015511099482, -0.00702031003311, 0.0205570049584, -0.011281282641, 0.00118436140474, 0.00222327583469, -0.00415575690567, 0.00169972644653, -0.000976229202934], [0.000215112202568, -0.00139879307244, 0.000452374340966, 0.00039332837332, 0.000523490307387, 0.000225623502047, -0.011281282641, 0.0253561995924, -0.00787261966616, -0.00417747814208, 0.00662428094074, -0.00633580097929, 0.00364488735795], [1.56376809173e-05, 0.000749579339754, -0.000741111929528, 0.00092341133859, -0.00503354799002, 0.0023269795347, 0.00118436140474, -0.00787261966616, 0.0238629840314, -0.0044941296801, -0.00393921509385, 0.00728721125051, -0.00481225457042], [6.04917549936e-05, 0.000433627021266, 0.000320149440086, -0.00207827123813, 0.000615519064013, -0.00104474031832, 0.00222327583469, -0.00417747814208, -0.0044941296801, 0.0201710760593, -0.00370606360957, -0.00724845007062, 0.00395176652819], [0.000187724581338, -0.000256046798313, 0.00057650526287, 9.4463241112e-05, -0.00118013552856, 0.000958646473009, -0.00415575690567, 0.00662428094074, -0.00393921509385, -0.00370606360957, 0.0175225585699, -0.00404707994312, -0.00269813160412], [7.49616228859e-05, 0.000275976781268, -0.000659996760078, -8.10291166999e-05, 0.00140915939119, -0.0024449180346, 0.00169972644653, -0.00633580097929, 0.00728721125051, -0.00724845007062, -0.00404707994312, 0.0214385464787, -0.00796248950064], [0.000114057671453, -0.000334792712238, -0.000578516861424, -0.00300010130741, -0.000595022633206, 0.00103754398879, -0.000976229202934, 0.00364488735795, -0.00481225457042, 0.00395176652819, -0.00269813160412, -0.00796248950064, 0.0228465422988]]}, "spectral_contrast_coeffs": {"dmean": [0.0369655117393, 0.0393311940134, 0.0349318981171, 0.0290029030293, 0.0202723033726, 0.0125381220132], "dmean2": [0.0565092712641, 0.0617978125811, 0.0566060990095, 0.0472981594503, 0.0330263637006, 0.0205851364881], "dvar": [0.000899376173038, 0.000924735446461, 0.000772885861807, 0.000492849620059, 0.000245306931902, 0.000103356738691], "dvar2": [0.00222110981122, 0.00230826321058, 0.00192442478146, 0.00134990317747, 0.000652996764984, 0.000269000214757], "max": [-0.313501894474, -0.475660532713, -0.558519721031, -0.578174173832, -0.66528069973, -0.676106989384], "mean": [-0.537591636181, -0.687058925629, -0.724545300007, -0.750737667084, -0.775918722153, -0.757587611675], "median": [-0.511700034142, -0.682525455952, -0.719846963882, -0.745183289051, -0.770849227905, -0.752733170986], "min": [-0.976420223713, -0.978195309639, -0.972211718559, -0.968017756939, -0.966080546379, -0.962562322617], "var": [0.0125838303939, 0.00747664552182, 0.00492456322536, 0.0030727495905, 0.00180889642797, 0.00119456800167]}, "spectral_contrast_valleys": {"dmean": [0.37518492341, 0.322170138359, 0.278862565756, 0.243339553475, 0.195046290755, 0.216474100947], "dmean2": [0.616915285587, 0.508883357048, 0.440637052059, 0.361093610525, 0.26903668046, 0.242589458823], "dvar": [0.272380709648, 0.297296643257, 0.222285479307, 0.