{"lowlevel": {"average_loudness": 0.880939602852, "barkbands_crest": {"dmean": 2.76372981071, "dmean2": 4.48087930679, "dvar": 5.51681947708, "dvar2": 14.279873848, "max": 26.4661369324, "mean": 12.7274398804, "median": 12.2416629791, "min": 3.06141710281, "var": 18.0600757599}, "barkbands_flatness_db": {"dmean": 0.0277717858553, "dmean2": 0.0411166399717, "dvar": 0.000717746617738, "dvar2": 0.00135562452488, "max": 0.515852987766, "mean": 0.180087074637, "median": 0.179796949029, "min": 0.0372718125582, "var": 0.00380478962325}, "barkbands_kurtosis": {"dmean": 7.802713871, "dmean2": 12.1595315933, "dvar": 150.598052979, "dvar2": 369.169158936, "max": 398.858215332, "mean": 17.764421463, "median": 14.1656198502, "min": -1.90471899509, "var": 279.997344971}, "barkbands_skewness": {"dmean": 0.767681598663, "dmean2": 1.1694880724, "dvar": 0.62221455574, "dvar2": 1.42923271656, "max": 15.7756309509, "mean": 3.1685063839, "median": 3.10495042801, "min": -5.74973154068, "var": 2.45926618576}, "barkbands_spread": {"dmean": 5.74026012421, "dmean2": 8.70940876007, "dvar": 110.719284058, "dvar2": 233.732452393, "max": 108.23550415, "mean": 13.1413974762, "median": 7.44507646561, "min": 0.441793322563, "var": 258.750366211}, "dissonance": {"dmean": 0.0178919807076, "dmean2": 0.0289736706764, "dvar": 0.00025826136698, "dvar2": 0.000673424976412, "max": 0.500000178814, "mean": 0.457146912813, "median": 0.46173620224, "min": 0.297107189894, "var": 0.000687455700245}, "dynamic_complexity": 4.38254928589, "erbbands_crest": {"dmean": 2.3659286499, "dmean2": 3.86459445953, "dvar": 4.96435546875, "dvar2": 12.8313798904, "max": 26.0227241516, "mean": 9.02574825287, "median": 8.4265537262, "min": 2.21937131882, "var": 12.7063217163}, "erbbands_flatness_db": {"dmean": 0.0223905872554, "dmean2": 0.0304015371948, "dvar": 0.000506430806126, "dvar2": 0.000873194658197, "max": 0.36509475112, "mean": 0.139123275876, "median": 0.132654100657, "min": 0.0411232933402, "var": 0.00236939359456}, "erbbands_kurtosis": {"dmean": 1.11732685566, "dmean2": 1.77267122269, "dvar": 2.79097890854, "dvar2": 6.7430062294, "max": 40.9050788879, "mean": 0.881138920784, "median": 0.109331607819, "min": -1.81708788872, "var": 7.23614263535}, "erbbands_skewness": {"dmean": 0.399204581976, "dmean2": 0.617343485355, "dvar": 0.178527265787, "dvar2": 0.398083209991, "max": 5.49315929413, "mean": 1.00497090816, "median": 1.02652168274, "min": -2.44921922684, "var": 0.612798988819}, "erbbands_spread": {"dmean": 11.4580402374, "dmean2": 16.6628055573, "dvar": 185.862625122, "dvar2": 351.549713135, "max": 147.298995972, "mean": 50.1205635071, "median": 47.0667762756, "min": 4.23246049881, "var": 537.793579102}, "hfc": {"dmean": 6.1437497139, "dmean2": 8.74160766602, "dvar": 103.347358704, "dvar2": 210.839370728, "max": 130.874526978, "mean": 12.3847579956, "median": 6.46133232117, "min": 1.19820486625e-16, "var": 239.892929077}, "melbands_crest": {"dmean": 3.48798561096, "dmean2": 5.65811777115, "dvar": 9.2495059967, "dvar2": 22.1583652496, "max": 35.8391876221, "mean": 16.8959712982, "median": 15.9694480896, "min": 3.13526177406, "var": 31.3023643494}, "melbands_flatness_db": {"dmean": 0.0326032862067, "dmean2": 0.0481256470084, "dvar": 0.00105728418566, "dvar2": 0.00201533618383, "max": 0.682899832726, "mean": 0.27491402626, "median": 0.277137875557, "min": 0.00698049925268, "var": 0.00620369892567}, "melbands_kurtosis": {"dmean": 17.1095294952, "dmean2": 26.7643146515, "dvar": 917.137268066, "dvar2": 2249.67285156, "max": 1312.51147461, "mean": 40.5627098083, "median": 31.5371360779, "min": -1.7072725296, "var": 1429.17431641}, "melbands_skewness": {"dmean": 1.03319585323, "dmean2": 1.60680806637, "dvar": 1.22712957859, "dvar2": 2.81265735626, "max": 25.7145137787, "mean": 4.54541826248, "median": 4.27374362946, "min": -0.0303413774818, "var": 3.41591572762}, "melbands_spread": {"dmean": 4.36004638672, "dmean2": 6.87930440903, "dvar": 109.882843018, "dvar2": 245.641281128, "max": 226.562957764, "mean": 10.0973834991, "median": 5.65643453598, "min": 0.289787650108, "var": 263.695251465}, "pitch_salience": {"dmean": 0.0776653885841, "dmean2": 0.125855982304, "dvar": 0.00457958923653, "dvar2": 0.0115520665422, "max": 0.881056845188, "mean": 0.552247941494, "median": 0.56641304493, "min": 0.0842741578817, "var": 0.0135954245925}, "silence_rate_20dB": {"dmean": 0, "dmean2": 0, "dvar": 0, "dvar2": 0, "max": 1, "mean": 1, "median": 1, "min": 1, "var": 0}, "silence_rate_30dB": {"dmean": 0.0705843195319, "dmean2": 0.141192138195, "dvar": 0.0656010061502, "dvar2": 0.121925234795, "max": 1, "mean": 0.868342220783, "median": 1, "min": 0, "var": 0.114324919879}, "silence_rate_60dB": {"dmean": 0.0269685368985, "dmean2": 0.0539460554719, "dvar": 0.0262428689748, "dvar2": 0.0616881102324, "max": 1, "mean": 0.0848868191242, "median": 0, "min": 0, "var": 0.0776778459549}, "spectral_centroid": {"dmean": 217.316253662, "dmean2": 340.86730957, "dvar": 112180.429688, "dvar2": 232152.421875, "max": 10707.9726562, "mean": 738.36932373, "median": 570.542480469, "min": 127.704849243, "var": 306315.53125}, "spectral_complexity": {"dmean": 2.72049283981, "dmean2": 4.09823513031, "dvar": 12.6652412415, "dvar2": 25.1617622375, "max": 47, "mean": 10.6779298782, "median": 9, "min": 0, "var": 44.8426475525}, "spectral_decrease": {"dmean": 4.76748995837e-09, "dmean2": 6.61452670414e-09, "dvar": 7.62236545079e-17, "dvar2": 1.38328262402e-16, "max": 1.2453720018e-15, "mean": -1.06484199236e-08, "median": -4.5222798839e-09, "min": -9.68433795379e-08, "var": 2.13798077439e-16}, "spectral_energy": {"dmean": 0.0184287521988, "dmean2": 0.0255293343216, "dvar": 0.00111781572923, "dvar2": 0.00202861707658, "max": 0.371484905481, "mean": 0.0413129292428, "median": 0.0179874524474, "min": 1.07104072728e-20, "var": 0.00314332707785}, "spectral_energyband_high": {"dmean": 0.000425034348154, "dmean2": 0.00062575872289, "dvar": 9.6247208603e-07, "dvar2": 2.14292413148e-06, "max": 0.0117455814034, "mean": 0.000561273656785, "median": 0.000107235828182, "min": 7.67945514186e-21, "var": 1.524235131e-06}, "spectral_energyband_low": {"dmean": 0.0126799969003, "dmean2": 0.0174293685704, "dvar": 0.00075738679152, "dvar2": 0.00136465684045, "max": 0.325122386217, "mean": 0.0244800355285, "median": 0.0040410910733, "min": 4.47193540474e-23, "var": 0.00193859811407}, "spectral_energyband_middle_high": {"dmean": 0.000519645807799, "dmean2": 0.000769386126194, "dvar": 1.31930039515e-06, "dvar2": 2.57120109382e-06, "max": 0.0298396013677, "mean": 0.00116666394752, "median": 0.00054183381144, "min": 1.51422166302e-21, "var": 3.47268451151e-06}, "spectral_energyband_middle_low": {"dmean": 0.00798311829567, "dmean2": 0.0126399639994, "dvar": 0.000166072059073, "dvar2": 0.000393430877011, "max": 0.220514476299, "mean": 0.0166052076966, "median": 0.0106995627284, "min": 2.61238495797e-22, "var": 0.000359913246939}, "spectral_entropy": {"dmean": 0.2943598032, "dmean2": 0.423118144274, "dvar": 0.0896018370986, "dvar2": 0.168032363057, "max": 9.78410720825, "mean": 7.19128799438, "median": 7.19262599945, "min": 4.80262994766, "var": 0.357727915049}, "spectral_flux": {"dmean": 0.0390199199319, "dmean2": 0.0630502700806, "dvar": 0.00372192263603, "dvar2": 0.00731195788831, "max": 0.493287205696, "mean": 0.0883351787925, "median": 0.0643907487392, "min": 1.03491097636e-10, "var": 0.0068623223342}, "spectral_kurtosis": {"dmean": 2.28443646431, "dmean2": 3.52318716049, "dvar": 9.99488735199, "dvar2": 22.0208053589, "max": 110.469352722, "mean": 5.85617828369, "median": 4.6714258194, "min": -1.16043293476, "var": 30.5905818939}, "spectral_rms": {"dmean": 0.00125030730851, "dmean2": 0.00174809538294, "dvar": 3.15259649142e-06, "dvar2": 5.48670323042e-06, "max": 0.0190374441445, "mean": 0.00525466259569, "median": 0.00418912060559, "min": 3.23251885329e-12, "var": 1.26937366076e-05}, "spectral_rolloff": {"dmean": 428.420593262, "dmean2": 749.57232666, "dvar": 1767594.125, "dvar2": 4187781.25, "max": 19896.6796875, "mean": 940.745727539, "median": 301.46484375, "min": 43.06640625, "var": 6422414}, "spectral_skewness": {"dmean": 0.29662540555, "dmean2": 0.446502745152, "dvar": 0.107838205993, "dvar2": 0.236379384995, "max": 8.25651741028, "mean": 1.81926965714, "median": 1.75527942181, "min": 0.0218089409173, "var": 0.41105979681}, "spectral_spread": {"dmean": 884086, "dmean2": 1155797, "dvar": 1214483922940.0, "dvar2": 1976510316540.0, "max": 38923592, "mean": 5105070, "median": 4636648, "min": 735691.5625, "var": 4447927795710.0}, "spectral_strongpeak": {"dmean": 0.249546468258, "dmean2": 0.422060072422, "dvar": 0.126650303602, "dvar2": 0.349721819162, "max": 6.67990779877, "mean": 0.512252032757, "median": 0.371006518602, "min": 1.82574469432e-10, "var": 0.224678248167}, "zerocrossingrate": {"dmean": 0.0124544641003, "dmean2": 0.0143799073994, "dvar": 0.000343297899235, "dvar2": 0.000417343195295, "max": 0.76025390625, "mean": 0.0475805215538, "median": 0.02783203125, "min": 0.00146484375, "var": 0.00585663923994}, "barkbands": {"dmean": [0.00138360646088, 0.00925866886973, 0.0057463250123, 0.00333114922978, 0.0049503268674, 0.000941271486226, 0.000241554080276, 0.000153124929057, 0.000247671967372, 7.71376071498e-05, 7.47836747905e-05, 8.7120475655e-05, 5.31759906153e-05, 7.97362517915e-05, 7.94753286755e-05, 4.47789061582e-05, 6.33038071101e-05, 6.70161243761e-05, 8.94851764315e-05, 5.48562566109e-05, 7.92524733697e-05, 7.67712263041e-05, 9.66552470345e-05, 6.10188399151e-05, 7.422449562e-05, 4.0016391722e-05, 1.158964551e-05], "dmean2": [0.00171592051629, 0.0112158320844, 0.0104655530304, 0.00552720017731, 0.00806214753538, 0.00150616921019, 0.000370121939341, 0.000240934139583, 0.00037254585186, 0.000119360884128, 0.000117925606901, 0.000136294576805, 8.32067744341e-05, 0.000138285351568, 0.000128503481392, 6.87276260578e-05, 9.55020441324e-05, 0.000103681457404, 0.000131977751153, 8.48074923852e-05, 0.000123435995192, 0.000120201271784, 0.000149982050061, 9.03366380953e-05, 0.000109953281935, 6.00904022576e-05, 1.72510372067e-05], "dvar": [9.38623179536e-06, 0.000358077115379, 0.000274771649856, 3.63584076695e-05, 7.53334024921e-05, 5.34518403583e-06, 2.06133123015e-07, 2.34807828292e-07, 2.47886987381e-07, 3.2673835193e-08, 4.04713702551e-08, 1.03539179008e-07, 2.29603802637e-08, 3.73863251468e-08, 3.63176901885e-08, 9.34605015601e-09, 2.68983146867e-08, 5.11708897477e-08, 5.01939219077e-08, 2.6938717923e-08, 3.2680436135e-08, 3.51910287577e-08, 7.92929171212e-08, 2.58975525469e-08, 3.69692720881e-08, 7.73429320589e-09, 8.88754070338e-10], "dvar2": [1.75025706994e-05, 0.000595733057708, 0.000791324535385, 9.31930844672e-05, 0.000184433476534, 1.18580182971e-05, 4.68369904638e-07, 4.85817395202e-07, 4.99885970839e-07, 6.47954507826e-08, 8.41394154349e-08, 1.7904976346e-07, 5.15098825815e-08, 1.05442957476e-07, 8.15185217107e-08, 2.02388665826e-08, 4.85552149598e-08, 9.23613043824e-08, 1.08611324379e-07, 5.88055364403e-08, 7.70041737042e-08, 8.29319120044e-08, 1.95235998035e-07, 5.51652590275e-08, 8.06288653621e-08, 1.71793530512e-08, 2.02282013362e-09], "max": [0.0353961065412, 0.255674034357, 0.185289278626, 0.0917890369892, 0.171810179949, 0.0524834468961, 0.0131836524233, 0.0138448365033, 0.00975643470883, 0.00443680863827, 0.00665477942675, 0.011996791698, 0.00737831788138, 0.00187083892524, 0.00430059339851, 0.00212131324224, 0.00466167507693, 0.00916800182313, 0.00485775852576, 0.00679064588621, 0.00278794765472, 0.00331138400361, 0.00309079536237, 0.00513179274276, 0.0040813931264, 0.0012068602955, 0.000458705791971], "mean": [0.00280650705099, 0.0151628209278, 0.00505279237404, 0.00410776399076, 0.00894223246723, 0.0021592930425, 0.000528058910277, 0.00029740203172, 0.000482426752569, 0.00014407162962, 0.000112874869956, 0.000135739435791, 9.14972042665e-05, 9.74783179117e-05, 0.000134566565976, 7.54625652917e-05, 0.000113625610538, 0.000104509403172, 0.000154976005433, 8.37679763208e-05, 0.000102186073491, 9.01840103325e-05, 0.000109335422167, 7.79196925578e-05, 8.97170466487e-05, 4.39504401584e-05, 1.1800358152e-05], "median": [0.000187420169823, 0.00139370432589, 0.000988881918602, 0.00145785231143, 0.00524181686342, 0.00071477383608, 0.000318456935929, 0.00011456458742, 0.000221104637603, 5.63007342862e-05, 4.12920344388e-05, 4.01990946557e-05, 3.62418759323e-05, 3.04888671963e-05, 3.51384078385e-05, 3.02606713376e-05, 4.40006479039e-05, 4.31578519056e-05, 6.04781380389e-05, 3.02106236632e-05, 2.59425542026e-05, 1.47639002535e-05, 1.08608055598e-05, 1.07935265987e-05, 8.31378565636e-06, 4.72046303912e-06, 1.1392127135e-06], "min": [1.83340488269e-23, 1.80374844582e-23, 1.34323937502e-23, 8.15712152713e-24, 2.51148494658e-23, 3.24555488654e-23, 4.37258973332e-23, 5.12023738941e-23, 4.42252841516e-23, 7.59535032624e-23, 2.19268293605e-22, 1.07084762927e-22, 8.01301178587e-23, 1.37530363626e-22, 9.80431169106e-23, 1.66026089494e-22, 5.56015671726e-23, 1.83618407121e-22, 3.2093035094e-22, 2.50410098763e-22, 5.31569213061e-22, 5.79067323336e-22, 7.567696397e-22, 8.66736647939e-22, 9.52760402419e-22, 1.78745066787e-21, 2.35766649222e-21], "var": [2.82747751044e-05, 0.000926576263737, 0.000182055693585, 4.76600580441e-05, 0.000149113911903, 1.95313423319e-05, 5.04449587879e-07, 4.56225706102e-07, 6.47953470434e-07, 8.04651492103e-08, 6.73128113249e-08, 2.06506825862e-07, 4.34129994176e-08, 3.83039306939e-08, 8.65411209361e-08, 1.95355713828e-08, 7.32025995376e-08, 9.10688697786e-08, 9.92320181581e-08, 4.13587031289e-08, 4.4104798036e-08, 4.44829950652e-08, 9.17956413105e-08, 4.675781895e-08, 6.04065988341e-08, 1.03287485231e-08, 1.01867847491e-09]}, "erbbands": {"dmean": [0.495015770197, 1.54958617687, 6.21413421631, 7.77294397354, 19.7193660736, 13.2833099365, 10.055855751, 7.42826128006, 3.83580088615, 3.99690508842, 2.62377357483, 6.65783977509, 3.21410393715, 2.06000423431, 3.02240228653, 3.51360917091, 2.52223134041, 3.68539500237, 4.64332962036, 3.019053936, 2.57168078423, 2.93597173691, 4.02028989792, 3.91321182251, 4.08543872833, 2.73999667168, 3.00454878807, 2.97726511955, 2.40399098396, 3.24559378624, 2.67091679573, 1.27834367752, 1.04081749916, 0.834863960743, 0.536177694798, 0.236908078194, 0.0590390302241, 0.0113950325176, 0.00175413000397, 0.00015190828708], "dmean2": [0.65986764431, 2.27906727791, 11.2870187759, 12.9977550507, 32.8431930542, 21.7209453583, 15.5520858765, 12.1893768311, 5.79608535767, 6.28852939606, 3.91517925262, 10.0158605576, 4.85790395737, 3.29156661034, 4.87814998627, 5.33580350876, 3.91922163963, 6.30315589905, 7.77627277374, 4.68903017044, 3.88628125191, 4.44916009903, 6.11750221252, 5.78844118118, 6.20291233063, 4.23556613922, 4.71169567108, 4.65107059479, 3.73012948036, 5.04980611801, 4.17186307907, 1.89935994148, 1.55129146576, 1.24620342255, 0.793834149837, 0.359301328659, 0.0881921052933, 0.016997102648, 0.00258252513595, 0.000216654647375], "dvar": [1.35059964657, 13.0106182098, 341.187347412, 241.619522095, 1193.2565918, 720.508178711, 490.436157227, 349.007415771, 73.2216720581, 60.0780029297, 114.615493774, 179.569976807, 54.8294334412, 32.4736862183, 60.064414978, 162.911651611, 67.0898666382, 70.1848831177, 126.182006836, 71.8573150635, 33.3688201904, 52.0547027588, 232.608047485, 88.4045791626, 115.864311218, 74.1211929321, 52.1299667358, 48.9335517883, 28.4884605408, 73.7655944824, 68.7776260376, 11.4819459915, 7.68624305725, 5.06038665771, 1.83070683479, 0.278186827898, 0.0167702268809, 0.000765361008234, 1.98627858481e-05, 1.28228535345e-07], "dvar2": [2.71983885765, 25.9505577087, 976.616271973, 617.653198242, 3094.71972656, 1694.11120605, 1119.01330566, 723.711547852, 151.169662476, 137.515533447, 222.420562744, 356.483337402, 110.830909729, 67.0840759277, 133.211502075, 279.435241699, 131.637069702, 195.917068481, 320.635406494, 133.702880859, 68.095161438, 96.5917129517, 405.513580322, 192.485519409, 248.122131348, 158.834136963, 119.11517334, 117.123886108, 65.6271362305, 176.229949951, 172.531509399, 25.2138442993, 17.0913963318, 11.2119102478, 4.0047750473, 0.62218952179, 0.0370088219643, 0.00173070724122, 4.48483187938e-05, 2.83895872144e-07], "max": [13.0942296982, 35.6145858765, 177.494491577, 249.895782471, 509.351348877, 575.775756836, 612.657592773, 628.455444336, 352.875335693, 204.689117432, 377.793151855, 285.134796143, 176.346252441, 244.868835449, 324.362945557, 435.430664062, 327.334869385, 98.4974899292, 197.987838745, 368.097808838, 128.950256348, 160.750350952, 647.987365723, 263.473327637, 252.203948975, 397.618469238, 151.392593384, 97.7426605225, 76.1703872681, 117.932060242, 110.922264099, 113.213104248, 63.5378646851, 49.2773933411, 25.2748241425, 6.65336704254, 2.07972383499, 0.517818212509, 0.0772850513458, 0.00460417661816], "mean": [0.747447967529, 2.15866804123, 5.36447191238, 10.0405035019, 25.8385848999, 26.2833328247, 25.4775276184, 15.7849283218, 9.58463001251, 7.70328426361, 5.75783872604, 13.1142435074, 6.3297328949, 3.41503381729, 4.81549119949, 6.1499414444, 4.52812957764, 5.03647613525, 6.70262813568, 5.67670917511, 4.71897602081, 5.29107761383, 6.88697957993, 6.76467227936, 6.81336450577, 4.31128692627, 3.92607545853, 3.77876639366, 2.94822692871, 3.74217033386, 2.97073554993, 1.6526337862, 1.27823936939, 1.03200185299, 0.627773106098, 0.258913189173, 0.0654021948576, 0.012245727703, 0.00183924741577, 0.000179977330845], "median": [0.0490010380745, 0.254526257515, 1.01338219643, 3.59187650681, 12.417016983, 14.3496856689, 9.99588871002, 5.6125535965, 5.2683968544, 4.24557685852, 2.61037969589, 6.10051250458, 3.06115102768, 1.53153371811, 1.89920854568, 1.93117332458, 1.90484368801, 1.81658935547, 1.85301578045, 1.68444275856, 2.03189539909, 2.22545337677, 2.63035345078, 3.11905455589, 2.38766622543, 1.54526340961, 1.17548120022, 0.741964697838, 0.560492753983, 0.392641752958, 0.317879080772, 0.242276340723, 0.157782360911, 0.0937119796872, 0.0584685429931, 0.0268885605037, 0.00698324572295, 0.00143474631477, 0.000177923589945, 4.83704206999e-05], "min": [3.61519907708e-22, 4.74660792407e-21, 1.93746265884e-20, 2.21910893325e-20, 3.20314512348e-20, 5.88662630559e-20, 2.24787753178e-19, 2.85059312084e-19, 4.94518452084e-19, 8.24185391555e-19, 1.0978117751e-18, 1.18432680217e-18, 2.99875657479e-18, 2.46755173196e-18, 1.00958543543e-17, 4.31804409775e-18, 4.13889952453e-18, 5.62847065519e-18, 5.71924669638e-18, 6.66185953623e-18, 8.45990782401e-18, 3.47845867114e-18, 1.0490064646e-17, 1.22072088796e-17, 1.69480936444e-17, 1.12980869284e-17, 2.22919649517e-17, 1.83398994713e-17, 1.76173720955e-17, 2.31788663501e-17, 2.23831731947e-17, 2.02577872047e-17, 1.32741204958e-17, 9.57409694806e-18, 7.82777970861e-18, 6.62044880682e-18, 3.0147428741e-18, 1.3422100419e-18, 3.3692997299e-19, 3.4417867302e-20], "var": [2.63282585144, 21.5098114014, 223.782241821, 290.183197021, 1555.3092041, 1708.24963379, 2063.59545898, 1096.93811035, 261.36907959, 128.234359741, 202.874435425, 482.333892822, 129.675842285, 54.6808853149, 97.960357666, 371.336791992, 130.760437012, 83.2572021484, 209.707946777, 201.494857788, 73.7575073242, 127.517204285, 438.243713379, 170.978729248, 223.639373779, 110.98059082, 71.951789856, 65.4936218262, 39.4538574219, 97.5091552734, 71.9593582153, 20.3404884338, 12.4431524277, 8.6722202301, 2.81703424454, 0.362286031246, 0.0233380757272, 0.000948259606957, 2.38984521275e-05, 1.5589614577e-07]}, "gfcc": {"mean": [-46.8748855591, 100.605682373, -78.6642227173, 37.2732048035, -49.674331665, -1.9689964056, -38.2395362854, 1.20612072945, -27.6363105774, -4.17064189911, -14.9353208542, -2.57797527313, -9.69084835052], "cov": [[15316.6201172, -684.092285156, 37.2320709229, 1060.32958984, -216.629867554, 980.940124512, -263.837463379, 382.792297363, -149.686508179, 488.528381348, -259.451690674, 225.042953491, -152.678100586], [-684.092285156, 2069.08081055, -414.025024414, 137.789596558, 336.800140381, -197.826370239, 208.358688354, -93.5844192505, 114.497535706, -115.132675171, 173.06262207, -109.79447937, 120.3829422], [37.2320709229, -414.025024414, 584.997741699, 2.85330104828, 87.3254089355, 144.36668396, 59.2809524536, 103.114387512, -10.3859901428, 51.0405654907, -61.0953903198, 33.0000953674, -60.981803894], [1060.32958984, 137.789596558, 2.85330104828, 318.559173584, 121.786231995, 173.286529541, 79.0090332031, 37.3314704895, 68.0404434204, 64.5782318115, 30.9854602814, 20.3285007477, 31.395822525], [-216.629867554, 336.800140381, 87.3254089355, 121.786231995, 320.213989258, 68.3303527832, 149.731109619, 19.1610984802, 65.0366363525, 33.2607955933, 65.7842178345, -0.444888800383, 37.0353622437], [980.940124512, -197.826370239, 144.36668396, 173.286529541, 68.3303527832, 254.474411011, 55.9276733398, 68.8091430664, 29.8653697968, 73.8500289917, -12.9150648117, 34.0901184082, -13.9636793137], [-263.837463379, 208.358688354, 59.2809524536, 79.0090332031, 149.731109619, 55.9276733398, 164.021621704, 35.9257278442, 66.311706543, 11.8539648056, 39.4671821594, -5.52317857742, 28.6034107208], [382.792297363, -93.5844192505, 103.114387512, 37.3314704895, 19.1610984802, 68.8091430664, 35.9257278442, 113.821166992, 29.0235824585, 45.6119689941, -1.71793830395, 23.9210166931, -0.605720818043], [-149.686508179, 114.497535706, -10.3859901428, 68.0404434204, 65.0366363525, 29.8653697968, 66.311706543, 29.0235824585, 97.3892745972, 33.2990722656, 40.9045333862, 11.4505825043, 39.9310874939], [488.528381348, -115.132675171, 51.0405654907, 64.5782318115, 33.2607955933, 73.8500289917, 11.8539648056, 45.6119689941, 33.2990722656, 99.3165664673, 25.758644104, 41.5298347473, 13.7303886414], [-259.451690674, 173.06262207, -61.0953903198, 30.9854602814, 65.7842178345, -12.9150648117, 39.4671821594, -1.71793830395, 40.9045333862, 25.758644104, 100.110534668, 30.2269935608, 43.9664306641], [225.042953491, -109.79447937, 33.0000953674, 20.3285007477, -0.444888800383, 34.0901184082, -5.52317857742, 23.9210166931, 11.4505825043, 41.5298347473, 30.2269935608, 69.2561187744, 24.9133701324], [-152.678100586, 120.3829422, -60.981803894, 31.395822525, 37.0353622437, -13.9636793137, 28.6034107208, -0.605720818043, 39.9310874939, 13.7303886414, 43.9664306641, 24.9133701324, 83.7834472656]], "icov": [[0.000182462987141, -0.00014576895046, 0.00019572317251, -0.000502619834151, 0.000146164456964, -0.00032273051329, 0.000267235533101, -0.000426817743573, 0.000681194476783, -0.000712047854904, 0.000708304520231, -0.000520571309607, 0.000235168103245], [-0.00014576895046, 0.00124452030286, 0.000327998684952, -0.000258441548795, -0.000998482690193, 0.00115303485654, -0.000629777146969, 7.06005594111e-05, -0.00062224426074, 0.00166798580904, -0.00168121559545, 0.00172560359351, -0.00047683934099], [0.00019572317251, 0.000327998684952, 0.00356941041537, 0.000299085630104, -0.00154499069322, -0.000880412117112, -0.000915190728847, -0.0020418446511, 0.00112404092215, -0.000708685489371, 0.00285639986396, -0.0025971038267, 0.00205894839019], [-0.000502619834151, -0.000258441548795, 0.000299085630104, 0.00853735674173, -0.00125605368521, -0.00439906911924, -0.000356108765118, 0.00174597417936, -0.00361626502126, 0.000527836033143, -0.00125158356968, 0.00155375502072, -0.00173803477082], [0.000146164456964, -0.000998482690193, -0.00154499069322, -0.00125605368521, 0.00765028269961, -0.000774046871811, -0.00420074863359, 0.00148765498307, 0.0015416694805, -0.00285230763257, -0.00184296374209, 0.00112299306784, -0.000652802234981], [-0.00032273051329, 0.00115303485654, -0.000880412117112, -0.00439906911924, -0.000774046871811, 0.011383453384, -0.00306977750733, -0.000575035810471, -0.000437581300503, -0.00110976514407, 0.00110493635293, -0.00165658490732, 0.00234921183437], [0.000267235533101, -0.000629777146969, -0.000915190728847, -0.000356108765118, -0.00420074863359, -0.00306977750733, 0.0160123482347, -0.00362892006524, -0.00488868355751, 0.00319753680378, -0.00174108881038, 0.00284834438935, -0.00141572835855], [-0.000426817743573, 7.06005594111e-05, -0.0020418446511, 0.00174597417936, 0.00148765498307, -0.000575035810471, -0.00362892006524, 0.0152203245088, -0.00419809250161, -0.0027468658518, 0.000305342895444, -0.00116301642265, 0.000212411454413], [0.000681194476783, -0.00062224426074, 0.00112404092215, -0.00361626502126, 0.0015416694805, -0.000437581300503, -0.00488868355751, -0.00419809250161, 0.022770434618, -0.00733188167214, -0.000262986286543, 0.00102118297946, -0.00462359562516], [-0.000712047854904, 0.00166798580904, -0.000708685489371, 0.000527836033143, -0.00285230763257, -0.00110976514407, 0.00319753680378, -0.0027468658518, -0.00733188167214, 0.0237533301115, -0.00698518985882, -0.00300913583487, -0.000281382875983], [0.000708304520231, -0.00168121559545, 0.00285639986396, -0.00125158356968, -0.00184296374209, 0.00110493635293, -0.00174108881038, 0.000305342895444, -0.000262986286543, -0.00698518985882, 0.024820683524, -0.0133888581768, 7.61539704399e-05], [-0.000520571309607, 0.00172560359351, -0.0025971038267, 0.00155375502072, 0.00112299306784, -0.00165658490732, 0.00284834438935, -0.00116301642265, 0.00102118297946, -0.00300913583487, -0.0133888581768, 0.0322519764304, -0.0102117471397], [0.000235168103245, -0.00047683934099, 0.00205894839019, -0.00173803477082, -0.000652802234981, 0.00234921183437, -0.00141572835855, 0.000212411454413, -0.00462359562516, -0.000281382875983, 7.61539704399e-05, -0.0102117471397, 0.0216103196144]]}, "melbands": {"dmean": [0.0032989080064, 0.00277652055956, 0.00172797217965, 0.00120512710419, 0.000396701245336, 0.000165282195667, 5.66727467231e-05, 4.22163357143e-05, 2.31467347476e-05, 4.1110553866e-05, 1.52224183694e-05, 8.18347871245e-06, 1.04178325273e-05, 8.84517521627e-06, 8.01415353635e-06, 5.73828492634e-06, 7.19090530765e-06, 7.91245747678e-06, 4.66165238322e-06, 3.78778554477e-06, 3.16802970701e-06, 3.02933631247e-06, 3.92392894355e-06, 3.57722319677e-06, 3.34738751917e-06, 3.45115336131e-06, 2.46297895501e-06, 1.70657949639e-06, 1.98550333153e-06, 1.85628368854e-06, 1.69838506281e-06, 1.32531511099e-06, 1.74483511728e-06, 1.89710840459e-06, 1.95591974261e-06, 8.60712134454e-07, 7.72965904616e-07, 7.92862863364e-07, 6.77961907058e-07, 7.51000811761e-07], "dmean2": [0.00415083533153, 0.00478523597121, 0.00288765574805, 0.00197352003306, 0.000613417010754, 0.000269149604719, 8.58525745571e-05, 6.67588901706e-05, 3.40713231708e-05, 6.22880615992e-05, 2.30773948715e-05, 1.32662808028e-05, 1.671404425e-05, 1.40827114592e-05, 1.19707174235e-05, 9.26476423047e-06, 1.23777590488e-05, 1.34352303576e-05, 7.35382536732e-06, 5.85509860684e-06, 4.79447226098e-06, 4.62259731648e-06, 5.98467022428e-06, 5.56118584427e-06, 5.05409843754e-06, 5.25579525856e-06, 3.77919946004e-06, 2.67455652647e-06, 3.14482599606e-06, 2.96731036542e-06, 2.65779794972e-06, 2.09710015042e-06, 2.76341984318e-06, 2.97131782645e-06, 3.11430403599e-06, 1.33063826979e-06, 1.15304283099e-06, 1.20696347494e-06, 1.00999716324e-06, 1.14043928079e-06], "dvar": [5.08971934323e-05, 6.1750979512e-05, 9.6975654742e-06, 4.33853574577e-06, 7.24170376998e-07, 1.66670204749e-07, 1.49439003394e-08, 7.61292184848e-09, 7.29314741932e-09, 6.64787114246e-09, 1.31539501513e-09, 5.00222530064e-10, 6.56119492071e-10, 4.80584128049e-10, 2.14953743694e-09, 3.54431428651e-10, 2.77137784943e-10, 3.73937325548e-10, 1.35998559636e-10, 8.37768396322e-11, 5.79506061194e-11, 4.55750090445e-11, 1.79872866601e-10, 1.09538197957e-10, 6.96084717644e-11, 8.37579380852e-11, 5.29802035576e-11, 2.64291921681e-11, 2.90605942088e-11, 1.78524348082e-11, 1.71475698224e-11, 8.2880013616e-12, 2.3785766759e-11, 2.72138474949e-11, 4.22851545445e-11, 5.33246580572e-12, 5.05459476358e-12, 5.4998883052e-12, 2.92366933614e-12, 4.91681998935e-12], "dvar2": [9.56470466917e-05, 0.000169276332599, 2.48042979365e-05, 1.09091934064e-05, 1.6232974076e-06, 3.51793346454e-07, 3.1435515524e-08, 1.72408594068e-08, 1.39378357744e-08, 1.35635502829e-08, 2.65781152642e-09, 1.05757103075e-09, 1.45612588653e-09, 1.02840358451e-09, 3.28772586933e-09, 8.61882343273e-10, 7.69622199304e-10, 9.80852732368e-10, 2.90418744608e-10, 1.64737154473e-10, 1.14679078733e-10, 8.82749082165e-11, 3.13901821203e-10, 2.07053540979e-10, 1.52885204496e-10, 1.92524898801e-10, 1.13869060014e-10, 5.78400001505e-11, 6.50926118562e-11, 4.35227479056e-11, 4.03827284112e-11, 1.9486240746e-11, 5.91097865099e-11, 6.53430504149e-11, 1.07803696525e-10, 1.30158722342e-11, 1.07576716632e-11, 1.24671844029e-11, 6.41578153451e-12, 1.13833942272e-11], "max": [0.0898706689477, 0.0709958672523, 0.0447572097182, 0.0338012501597, 0.0186735037714, 0.0122446138412, 0.00473950011656, 0.00251388736069, 0.00301949842833, 0.00190538738389, 0.000868958071806, 0.000898902362678, 0.000855512742419, 0.00081932527246, 0.00199137255549, 0.000998682691716, 0.000222245915211, 0.000316004821798, 0.000306152214762, 0.000357716373401, 0.000172357147676, 0.000147082930198, 0.000438822025899, 0.000393836409785, 0.000231518584769, 0.000224333110964, 0.000230420584558, 0.000232503720326, 0.000146546110045, 8.32118093967e-05, 6.4906773332e-05, 4.57564747194e-05, 9.86962259049e-05, 7.21021424397e-05, 9.29841335164e-05, 2.72042580036e-05, 9.78548705461e-05, 6.52194285067e-05, 3.19451901305e-05, 5.21478941664e-05], "mean": [0.00521920947358, 0.00280717434362, 0.00229863985442, 0.001921831863, 0.00100610346999, 0.000360178528354, 0.000136783055495, 8.00012276159e-05, 5.03624760313e-05, 7.93215076555e-05, 2.85817259282e-05, 1.26703234855e-05, 1.56817732204e-05, 1.4855385416e-05, 1.34948058985e-05, 9.20717502595e-06, 9.23072275327e-06, 1.05862509372e-05, 8.34410548123e-06, 6.70185545459e-06, 5.52330720893e-06, 5.24791948919e-06, 6.5416866164e-06, 5.66058724871e-06, 5.42450243302e-06, 5.6126450545e-06, 3.82549387723e-06, 2.51459800893e-06, 2.53673010775e-06, 2.22901189773e-06, 2.11825431506e-06, 1.5894814851e-06, 1.8913541453e-06, 2.18418290387e-06, 2.06731920116e-06, 1.01169189293e-06, 1.00435693184e-06, 9.20024888273e-07, 8.43116197302e-07, 8.88070701421e-07], "median": [0.000427902850788, 0.00049684511032, 0.000929958885536, 0.0011053183116, 0.00041407905519, 0.000124890852021, 7.52831765567e-05, 4.12930530729e-05, 2.19533358177e-05, 3.60692283721e-05, 1.21443927128e-05, 5.18328306498e-06, 5.73695615458e-06, 5.14271323482e-06, 4.60748833575e-06, 3.45378703059e-06, 3.11003032039e-06, 2.79646451418e-06, 2.09086692848e-06, 2.41213183472e-06, 2.22601170208e-06, 2.21602340389e-06, 2.08718370232e-06, 2.47263233177e-06, 2.31672538575e-06, 2.01956686396e-06, 1.25410815599e-06, 8.5849444531e-07, 7.79152287578e-07, 4.84454403704e-07, 3.52095014478e-07, 3.17242665915e-07, 2.53374651038e-07, 1.92804492372e-07, 1.84478494702e-07, 1.46773331267e-07, 1.40204207355e-07, 1.10896792194e-07, 8.999033696e-08, 7.09108149977e-08], "min": [4.81933704674e-24, 8.79395394756e-24, 3.77123554325e-24, 2.6916930023e-24, 7.0279681155e-24, 6.76267024877e-24, 8.3682846031e-24, 9.36066609984e-24, 7.97292645006e-24, 8.05618756317e-24, 1.45454891093e-23, 7.45082911514e-24, 3.10504014221e-23, 1.74716503081e-23, 8.55467902437e-24, 8.66677852558e-24, 1.10759147651e-23, 1.00130185697e-23, 7.92594978316e-24, 1.13233567652e-23, 9.37965240411e-24, 2.49954147415e-24, 7.34122714755e-24, 9.17688990792e-24, 9.78345373541e-24, 1.21633942328e-23, 9.68244167422e-24, 6.55416090089e-24, 1.50268772772e-23, 1.10827620777e-23, 1.01257467931e-23, 7.95480789279e-24, 1.4837810984e-23, 1.17153567374e-23, 1.16827578493e-23, 1.47287130986e-23, 1.14825323298e-23, 9.6443980682e-24, 7.52939177269e-24, 8.04938048242e-24], "var": [0.000115977651149, 4.92795697937e-05, 1.27598077597e-05, 6.86809107719e-06, 2.91863875646e-06, 5.56434315513e-07, 5.04324191297e-08, 1.66255613721e-08, 1.39124427534e-08, 1.72494321049e-08, 3.07039083047e-09, 8.17137191245e-10, 1.08956410561e-09, 1.25723764732e-09, 3.97726473977e-09, 5.44566780558e-10, 3.21374121759e-10, 5.3831433755e-10, 3.48113982085e-10, 2.09891451441e-10, 1.27380467285e-10, 1.03357183923e-10, 4.2431269609e-10, 1.94951679799e-10, 1.29658672687e-10, 1.43130132746e-10, 9.06983932403e-11, 3.86028362054e-11, 3.86458504087e-11, 2.19262698276e-11, 2.34276036071e-11, 1.11560092761e-11, 2.55426686746e-11, 3.66596822343e-11, 4.11407088952e-11, 6.36564195453e-12, 9.76997475977e-12, 7.93194329662e-12, 5.55829861304e-12, 7.26978937118e-12]}, "mfcc": {"mean": [-698.621154785, 133.786102295, 24.6795024872, 40.4061355591, 10.6058177948, 1.88647294044, 0.200791627169, 0.175921723247, -6.69919776917, -2.23667097092, -3.35032272339, -4.93884992599, -6.50474309921], "cov": [[9762.94335938, -750.053955078, 241.919433594, 251.269638062, 204.536743164, 403.032592773, 70.0142822266, 79.3847732544, 112.224449158, 110.673164368, 126.691452026, -50.7173500061, 116.841682434], [-750.053955078, 1590.31628418, -330.572753906, 290.339172363, 59.7143211365, -41.7771759033, 74.303314209, 6.78128433228, -29.8962249756, 24.1353111267, -42.1834564209, 27.2675571442, -37.844455719], [241.919433594, -330.572753906, 419.256256104, -45.366809845, 41.4771270752, 48.4315032959, 29.5543041229, 54.7575492859, 55.7802619934, 11.318236351, 38.2271194458, 12.2206459045, 21.6360759735], [251.269638062, 290.339172363, -45.366809845, 210.465393066, 83.4083557129, 85.8228302002, 62.5164489746, 37.8898696899, 41.2746086121, 45.0434646606, 24.3715515137, 31.082988739, 20.1298046112], [204.536743164, 59.7143211365, 41.4771270752, 83.4083557129, 145.616775513, 101.21169281, 74.1253051758, 40.081111908, 43.7424049377, 33.715965271, 36.9944381714, 33.7245903015, 32.525352478], [403.032592773, -41.7771759033, 48.4315032959, 85.8228302002, 101.21169281, 210.365432739, 85.0522842407, 57.4754333496, 63.5641059875, 39.0736618042, 48.5103721619, 34.8777961731, 41.7770423889], [70.0142822266, 74.303314209, 29.5543041229, 62.5164489746, 74.1253051758, 85.0522842407, 124.554115295, 55.0926895142, 41.52186203, 37.5131950378, 33.7904052734, 29.3269786835, 26.2478637695], [79.3847732544, 6.78128433228, 54.7575492859, 37.8898696899, 40.081111908, 57.4754333496, 55.0926895142, 89.5571899414, 49.6056098938, 32.7874107361, 25.2829818726, 24.2860641479, 16.7320213318], [112.224449158, -29.8962249756, 55.7802619934, 41.2746086121, 43.7424049377, 63.5641059875, 41.52186203, 49.6056098938, 97.9373016357, 52.0029220581, 28.46534729, 14.6782026291, 23.7653121948], [110.673164368, 24.1353111267, 11.318236351, 45.0434646606, 33.715965271, 39.0736618042, 37.5131950378, 32.7874107361, 52.0029220581, 80.7901535034, 29.7841796875, 10.952627182, 18.7414321899], [126.691452026, -42.1834564209, 38.2271194458, 24.3715515137, 36.9944381714, 48.5103721619, 33.7904052734, 25.2829818726, 28.46534729, 29.7841796875, 77.4480514526, 34.5593070984, 15.3200397491], [-50.7173500061, 27.2675571442, 12.2206459045, 31.082988739, 33.7245903015, 34.8777961731, 29.3269786835, 24.2860641479, 14.6782026291, 10.952627182, 34.5593070984, 80.0093841553, 29.1119346619], [116.841682434, -37.844455719, 21.6360759735, 20.1298046112, 32.525352478, 41.7770423889, 26.2478637695, 16.7320213318, 23.7653121948, 18.7414321899, 15.3200397491, 29.1119346619, 85.1464004517]], "icov": [[0.000126560815261, 8.54944082676e-05, -2.4218172257e-05, -0.000253614445683, -3.50931040884e-05, -0.000170036058989, 0.00011875286873, -2.12865797948e-05, 0.000140443909913, -6.30804352113e-05, -0.00012125835201, 0.000278160820017, -0.000103754347947], [8.54944082676e-05, 0.0012317529181, 0.000592631462496, -0.00183199776802, -0.000250581651926, 0.000802897906397, -0.000685240724124, -0.000176967834705, 0.0004276810796, -4.19044044975e-05, 0.00064515741542, -0.000220739326323, 0.000509705860168], [-2.4218172257e-05, 0.000592631462496, 0.0034062275663, 0.000580628984608, -0.00102982344106, 0.00048420287203, -0.000186682998901, -0.00159626733512, -0.00134271627758, 0.00108843587805, -0.000738046597689, 0.000224527248065, 1.20906997836e-05], [-0.000253614445683, -0.00183199776802, 0.000580628984608, 0.0103884954005, -0.00246327347122, -0.00217519840226, 0.000221798953135, -0.000348663365003, -0.00120965100359, -0.00200182199478, 0.000176631860086, -0.00127416476607, 0.000120701370179], [-3.50931040884e-05, -0.000250581651926, -0.00102982344106, -0.00246327347122, 0.0134855275974, -0.003208771348, -0.00371649325825, 0.00119386217557, -0.00064545404166, 2.02980481845e-05, -0.00103658239823, -0.00113145832438, -0.00113606778905], [-0.000170036058989, 0.000802897906397, 0.00048420287203, -0.00217519840226, -0.003208771348, 0.0100118834525, -0.00292797549628, -0.00118808972184, -0.00242515630089, 0.00184121029451, -0.00154575961642, 4.92431063321e-05, -0.00103621999733], [0.00011875286873, -0.000685240724124, -0.000186682998901, 0.000221798953135, -0.00371649325825, -0.00292797549628, 0.01580199413, -0.00543827889487, 0.00108540197834, -0.00215875427239, -0.00144185149111, 3.54451076419e-05, -0.000999287352897], [-2.12865797948e-05, -0.000176967834705, -0.00159626733512, -0.000348663365003, 0.00119386217557, -0.00118808972184, -0.00543827889487, 0.0200968962163, -0.005906177219, -0.00135159888305, 0.000669442990329, -0.00311754248105, 0.00118414661847], [0.000140443909913, 0.0004276810796, -0.00134271627758, -0.00120965100359, -0.00064545404166, -0.00242515630089, 0.00108540197834, -0.005906177219, 0.021046044305, -0.00951429829001, -6.29036003374e-05, 0.00129264232237, -0.00132363545708], [-6.30804352113e-05, -4.19044044975e-05, 0.00108843587805, -0.00200182199478, 2.02980481845e-05, 0.00184121029451, -0.00215875427239, -0.00135159888305, -0.00951429829001, 0.0223341155797, -0.0055508823134, 0.00276082893834, -0.00192101893481], [-0.00012125835201, 0.00064515741542, -0.000738046597689, 0.000176631860086, -0.00103658239823, -0.00154575961642, -0.00144185149111, 0.000669442990329, -6.29036003374e-05, -0.0055508823134, 0.0208734292537, -0.0078774727881, 0.00224327179603], [0.000278160820017, -0.000220739326323, 0.000224527248065, -0.00127416476607, -0.00113145832438, 4.92431063321e-05, 3.54451076419e-05, -0.00311754248105, 0.00129264232237, 0.00276082893834, -0.0078774727881, 0.0193492043763, -0.00539258215576], [-0.000103754347947, 0.000509705860168, 1.20906997836e-05, 0.000120701370179, -0.00113606778905, -0.00103621999733, -0.000999287352897, 0.00118414661847, -0.00132363545708, -0.00192101893481, 0.00224327179603, -0.00539258215576, 0.0153319342062]]}, "spectral_contrast_coeffs": {"dmean": [0.0586325936019, 0.040490552783, 0.0362428426743, 0.0289811939001, 0.0257103461772, 0.0222433041781], "dmean2": [0.0956261977553, 0.0658808797598, 0.0576056651771, 0.0455053821206, 0.0393158756196, 0.0353505350649], "dvar": [0.00231538433582, 0.00118438492063, 0.000967984262388, 0.000591432617512, 0.000544936337974, 0.000474333035527], "dvar2": [0.00588525272906, 0.00294681102969, 0.0023061579559, 0.00132054963615, 0.0011156918481, 0.00112970208284], "max": [-0.282381892204, -0.420175552368, -0.55014616251, -0.576356768608, -0.578045248985, -0.635832965374], "mean": [-0.594662070274, -0.71995639801, -0.766618847847, -0.801469922066, -0.791946053505, -0.777975261211], "median": [-0.600264191628, -0.724634587765, -0.769086301327, -0.806994974613, -0.795964300632, -0.779270768166], "min": [-0.980481207371, -0.971965074539, -0.983119666576, -0.960099875927, -0.951972603798, -0.958467662334], "var": [0.00987368449569, 0.00528466561809, 0.00326540507376, 0.0023611378856, 0.00228718714789, 0.00167708983645]}, "spectral_contrast_valleys": {"dmean": [0.479580640793, 0.360611796379, 0.407628804445, 0.416688919067, 0.424603879452, 0.589751839638], "dmean2": [0.7484613657, 0.55464631319, 0.607938289642, 0.598987221718, 0.567668199539, 0.703620016575], "dvar": [0.265221655369, 0.142438411713, 0.199773222208, 0.223333701491, 0.223804429173, 0.3975712955], "dvar2": [0.483565956354, 0.248304143548, 0.345060259104, 0.40601348877, 0.372469544411, 0.602895736694], "max": [-4.46592283249, -5.25582885742, -5.93451166153, -6.32991886139, -5.94972372055, -7.76918506622], "mean": [-7.18085193634, -7