{"lowlevel": {"average_loudness": 0.952910602093, "barkbands_crest": {"dmean": 2.41955852509, "dmean2": 3.93133687973, "dvar": 8.73332595825, "dvar2": 21.5604362488, "max": 26.7089157104, "mean": 18.7899723053, "median": 18.4977493286, "min": 5.290391922, "var": 22.5754566193}, "barkbands_flatness_db": {"dmean": 0.0699363052845, "dmean2": 0.106487929821, "dvar": 0.00580760277808, "dvar2": 0.0130241625011, "max": 1, "mean": 0.410848557949, "median": 0.385548770428, "min": 0.059224050492, "var": 0.0267045702785}, "barkbands_kurtosis": {"dmean": 58.9554824829, "dmean2": 97.8053359985, "dvar": 10282.6982422, "dvar2": 28334.734375, "max": 1332.91662598, "mean": 85.9534454346, "median": 51.6462402344, "min": -1.66357696056, "var": 13650.3730469}, "barkbands_skewness": {"dmean": 2.15279984474, "dmean2": 3.38236546516, "dvar": 6.07603979111, "dvar2": 15.3964891434, "max": 26.5022315979, "mean": 5.97465515137, "median": 5.39241456985, "min": -2.70665788651, "var": 16.4398822784}, "barkbands_spread": {"dmean": 3.2292983532, "dmean2": 5.33193302155, "dvar": 44.7061309814, "dvar2": 88.0243682861, "max": 81.1387939453, "mean": 4.09615707397, "median": 1.29622888565, "min": 0.0400616936386, "var": 71.9191970825}, "dissonance": {"dmean": 0.0335980020463, "dmean2": 0.0571149922907, "dvar": 0.0028796363622, "dvar2": 0.00773922074586, "max": 0.500000178814, "mean": 0.439008623362, "median": 0.464878678322, "min": 0.0179227851331, "var": 0.00602549873292}, "dynamic_complexity": 4.71020507812, "erbbands_crest": {"dmean": 3.50249767303, "dmean2": 5.81866168976, "dvar": 8.88623428345, "dvar2": 24.1145515442, "max": 28.794424057, "mean": 12.4913835526, "median": 12.1604223251, "min": 2.33079600334, "var": 23.7283000946}, "erbbands_flatness_db": {"dmean": 0.0453380011022, "dmean2": 0.0704857334495, "dvar": 0.00257405173033, "dvar2": 0.00542945042253, "max": 0.681128561497, "mean": 0.223452165723, "median": 0.201820001006, "min": 0.0336166545749, "var": 0.0143722873181}, "erbbands_kurtosis": {"dmean": 6.78053331375, "dmean2": 10.8604726791, "dvar": 169.797409058, "dvar2": 394.981872559, "max": 221.183364868, "mean": 10.743106842, "median": 1.86596655846, "min": -1.91527760029, "var": 508.745849609}, "erbbands_skewness": {"dmean": 0.89088344574, "dmean2": 1.39360272884, "dvar": 0.883086383343, "dvar2": 2.18625593185, "max": 12.1451396942, "mean": 1.86361944675, "median": 1.44375491142, "min": -2.88654971123, "var": 3.77686452866}, "erbbands_spread": {"dmean": 22.242937088, "dmean2": 37.5089149475, "dvar": 1115.19616699, "dvar2": 2969.98876953, "max": 208.792984009, "mean": 44.0946006775, "median": 35.4736671448, "min": 0.445463359356, "var": 1773.39819336}, "hfc": {"dmean": 9.08414745331, "dmean2": 14.2255058289, "dvar": 350.810424805, "dvar2": 693.274108887, "max": 234.250717163, "mean": 12.6153497696, "median": 5.60729885101, "min": 1.15742949426e-16, "var": 477.248138428}, "melbands_crest": {"dmean": 2.76713037491, "dmean2": 4.38747739792, "dvar": 11.0170850754, "dvar2": 26.5555038452, "max": 38.6755752563, "mean": 28.1306781769, "median": 28.2317733765, "min": 1.72096931934, "var": 42.7756538391}, "melbands_flatness_db": {"dmean": 0.0744657441974, "dmean2": 0.113806195557, "dvar": 0.00690071610734, "dvar2": 0.0153360804543, "max": 1, "mean": 0.532262146473, "median": 0.506071805954, "min": 0.00347271026112, "var": 0.0322605594993}, "melbands_kurtosis": {"dmean": 88.7621078491, "dmean2": 145.086868286, "dvar": 18255.9199219, "dvar2": 43772.3867188, "max": 1605.83605957, "mean": 152.511199951, "median": 96.896484375, "min": -1.41823983192, "var": 31361.8105469}, "melbands_skewness": {"dmean": 2.6962685585, "dmean2": 4.41091489792, "dvar": 10.9617042542, "dvar2": 27.6607456207, "max": 33.0805053711, "mean": 7.24588632584, "median": 6.21672677994, "min": -1.01798987389, "var": 25.9553585052}, "melbands_spread": {"dmean": 1.88382422924, "dmean2": 2.90972185135, "dvar": 39.5021591187, "dvar2": 71.3632583618, "max": 160.234970093, "mean": 2.81677103043, "median": 0.869171202183, "min": 0.0737761482596, "var": 98.5029678345}, "pitch_salience": {"dmean": 0.0893566459417, "dmean2": 0.144739240408, "dvar": 0.00968360714614, "dvar2": 0.0249745585024, "max": 0.827468276024, "mean": 0.291263967752, "median": 0.251027852297, "min": 0.0336682535708, "var": 0.0229271911085}, "silence_rate_20dB": {"dmean": 0.0353754609823, "dmean2": 0.0707623064518, "dvar": 0.0341238342226, "dvar2": 0.0834440141916, "max": 1, "mean": 0.973472654819, "median": 1, "min": 0, "var": 0.0258223284036}, "silence_rate_30dB": {"dmean": 0.133783563972, "dmean2": 0.267610162497, "dvar": 0.115877360106, "dvar2": 0.210468530655, "max": 1, "mean": 0.666237950325, "median": 1, "min": 0, "var": 0.222366407514}, "silence_rate_60dB": {"dmean": 0.00836147274822, "dmean2": 0.016725635156, "dvar": 0.0082904631272, "dvar2": 0.0193429552019, "max": 1, "mean": 0.0519292615354, "median": 0, "min": 0, "var": 0.0492331124842}, "spectral_centroid": {"dmean": 175.118560791, "dmean2": 287.197540283, "dvar": 113650.382812, "dvar2": 224353.140625, "max": 10851.5712891, "mean": 408.699432373, "median": 241.094207764, "min": 78.3770446777, "var": 287600.96875}, "spectral_complexity": {"dmean": 2.1932785511, "dmean2": 3.48214864731, "dvar": 27.1506328583, "dvar2": 44.8361473083, "max": 59, "mean": 4.66189718246, "median": 3, "min": 0, "var": 49.815864563}, "spectral_decrease": {"dmean": 1.15576073156e-08, "dmean2": 1.73320700014e-08, "dvar": 4.52296112076e-16, "dvar2": 1.04009907275e-15, "max": 3.95764874269e-19, "mean": -2.54422403145e-08, "median": -1.97646397027e-08, "min": -1.40232501167e-07, "var": 6.16716006808e-16}, "spectral_energy": {"dmean": 0.0441953316331, "dmean2": 0.0663329958916, "dvar": 0.00654072221369, "dvar2": 0.0150082204491, "max": 0.53223580122, "mean": 0.0971688553691, "median": 0.0754246264696, "min": 1.03713496555e-20, "var": 0.00894460268319}, "spectral_energyband_high": {"dmean": 0.000488102523377, "dmean2": 0.000833395810332, "dvar": 1.57250883603e-06, "dvar2": 3.38462268701e-06, "max": 0.0155566651374, "mean": 0.000466613360913, "median": 6.73842077958e-06, "min": 7.7635311041e-21, "var": 2.09161794373e-06}, "spectral_energyband_low": {"dmean": 0.0423991680145, "dmean2": 0.063395857811, "dvar": 0.00638249050826, "dvar2": 0.0153062893078, "max": 0.521552562714, "mean": 0.0888636559248, "median": 0.0677239745855, "min": 1.42525897883e-22, "var": 0.00835923478007}, "spectral_energyband_middle_high": {"dmean": 0.00088605156634, "dmean2": 0.001291180728, "dvar": 2.41445050051e-05, "dvar2": 4.48165083071e-05, "max": 0.0695942640305, "mean": 0.0009450991638, "median": 0.000123736594105, "min": 1.21593156957e-21, "var": 3.14779754262e-05}, "spectral_energyband_middle_low": {"dmean": 0.00739843398333, "dmean2": 0.0129455821589, "dvar": 0.000296073965728, "dvar2": 0.000811074802186, "max": 0.146022707224, "mean": 0.00846070423722, "median": 0.00475768838078, "min": 3.51904867098e-22, "var": 0.000205874574021}, "spectral_entropy": {"dmean": 0.555746734142, "dmean2": 0.873720347881, "dvar": 0.402545154095, "dvar2": 0.925283014774, "max": 9.82165241241, "mean": 6.25572919846, "median": 6.35594654083, "min": 2.89984560013, "var": 1.67777001858}, "spectral_flux": {"dmean": 0.0548819713295, "dmean2": 0.0882749184966, "dvar": 0.00813215691596, "dvar2": 0.0151742640883, "max": 0.630560040474, "mean": 0.113775253296, "median": 0.0555335208774, "min": 1.01839821298e-10, "var": 0.0173303298652}, "spectral_kurtosis": {"dmean": 38.2519950867, "dmean2": 66.3255996704, "dvar": 17247.46875, "dvar2": 51262.4453125, "max": 1890.40930176, "mean": 58.5254020691, "median": 9.40797615051, "min": -1.17312943935, "var": 30330.4746094}, "spectral_rms": {"dmean": 0.00185528991278, "dmean2": 0.00271615455858, "dvar": 8.71760221344e-06, "dvar2": 1.92099232663e-05, "max": 0.0227871555835, "mean": 0.00865180790424, "median": 0.00857817009091, "min": 3.18094162122e-12, "var": 1.99450587388e-05}, "spectral_rolloff": {"dmean": 95.8167877197, "dmean2": 165.532226562, "dvar": 313036.65625, "dvar2": 692407.875, "max": 18906.1523438, "mean": 223.472045898, "median": 86.1328125, "min": 43.06640625, "var": 1135325.375}, "spectral_skewness": {"dmean": 1.37472116947, "dmean2": 2.26267576218, "dvar": 6.27567911148, "dvar2": 17.3483104706, "max": 39.2753372192, "mean": 4.21131277084, "median": 2.57623720169, "min": 0.0108521059155, "var": 28.449924469}, "spectral_spread": {"dmean": 2012462, "dmean2": 3246299, "dvar": 8117112274940.0, "dvar2": 18431390777300.0, "max": 39653812, "mean": 5058796.5, "median": 3799208, "min": 88203.9609375, "var": 14093978173400.0}, "spectral_strongpeak": {"dmean": 0.174668624997, "dmean2": 0.271152883768, "dvar": 0.0822077021003, "dvar2": 0.212726205587, "max": 2.22493743896, "mean": 0.533481955528, "median": 0.429868400097, "min": 0, "var": 0.115608416498}, "zerocrossingrate": {"dmean": 0.00583016779274, "dmean2": 0.00785199925303, "dvar": 0.000121893317555, "dvar2": 0.000142726217746, "max": 0.51171875, "mean": 0.0135790854692, "median": 0.00732421875, "min": 0.00146484375, "var": 0.000899375067092}, "barkbands": {"dmean": [0.00198116223328, 0.0350824631751, 0.0112704560161, 0.00465783197433, 0.0026139577385, 0.000463636155473, 6.1677688791e-05, 2.96149210044e-05, 5.08389239258e-05, 8.29716009321e-05, 9.43410486798e-05, 0.00018445092428, 0.000117367504572, 0.000124423240777, 6.12048679614e-05, 0.000107961583126, 6.41623701085e-05, 0.000114674738143, 5.73463730689e-05, 6.03837797826e-05, 5.78970175411e-05, 6.78725264152e-05, 8.31125798868e-05, 8.81092055351e-05, 8.53851233842e-05, 8.31804209156e-05, 1.12673333206e-05], "dmean2": [0.00252422248013, 0.053890671581, 0.0195320639759, 0.00845959596336, 0.00439165718853, 0.000811486330349, 0.000104868631752, 5.0058857596e-05, 8.44508685987e-05, 0.000141910437378, 0.000155490764882, 0.000309532071697, 0.000182601710549, 0.000201589296921, 9.85818551271e-05, 0.000178082496859, 9.43382110563e-05, 0.000202334151254, 8.528730541e-05, 0.000106434810732, 9.7446507425e-05, 0.000110926208436, 0.000141157332109, 0.000152666179929, 0.000153348752065, 0.000143049837789, 1.81212526513e-05], "dvar": [1.06369379864e-05, 0.00466870469972, 0.00100029213354, 0.000169950333657, 1.88389058167e-05, 1.31740557663e-06, 2.97004145722e-08, 3.59160323704e-09, 1.38521922821e-08, 1.11928933677e-07, 3.25098454823e-07, 1.52868085479e-06, 4.15784910501e-07, 6.47091724204e-07, 7.96085473098e-08, 4.5417030492e-07, 1.52829713329e-07, 6.76981358083e-07, 6.72064999208e-08, 6.14881869865e-08, 7.60419567314e-08, 5.20154195272e-08, 4.01611295331e-08, 4.28748840875e-08, 2.5865842801e-08, 2.29417747022e-08, 7.49988793292e-10], "dvar2": [1.9003129637e-05, 0.0117254117504, 0.00257858005352, 0.000477063906146, 4.99979432789e-05, 3.55849783773e-06, 7.66399779195e-08, 9.29309162956e-09, 3.4006209404e-08, 2.79367071698e-07, 6.67471113047e-07, 3.38270115208e-06, 9.36938761242e-07, 1.57644410592e-06, 1.51526151626e-07, 1.02233855159e-06, 3.35701599852e-07, 1.85548719855e-06, 1.25745046375e-07, 1.48874718775e-07, 1.81321297532e-07, 1.08154807776e-07, 8.53842507809e-08, 9.40545206163e-08, 6.44696811491e-08, 5.75047423013e-08, 1.42243217205e-09], "max": [0.0343797020614, 0.504186630249, 0.222105130553, 0.118292629719, 0.0365272350609, 0.00729557359591, 0.00186445156578, 0.000368580047507, 0.00105632643681, 0.00502120098099, 0.00719514396042, 0.0163342747837, 0.00899828970432, 0.00967501010746, 0.00380826019682, 0.00909852609038, 0.00598221225664, 0.0117347296327, 0.0035260708537, 0.00302806543186, 0.00375994946808, 0.00316467205994, 0.00253061694093, 0.00249037402682, 0.00158901023678, 0.00112815957982, 0.000331948802341], "mean": [0.00850583333522, 0.0705627724528, 0.00824139639735, 0.00397930061445, 0.00402186391875, 0.000322671141475, 4.58678950963e-05, 2.36344876612e-05, 4.71156017738e-05, 6.06716930633e-05, 0.000107019957795, 0.000183069321793, 0.000103931881313, 0.000103166501503, 7.87038516137e-05, 0.000107117077278, 5.89255541854e-05, 7.62635536375e-05, 5.23389207956e-05, 5.73100733163e-05, 5.89673109062e-05, 6.30914219073e-05, 7.60182447266e-05, 7.66588564147e-05, 7.71219929447e-05, 6.78368305671e-05, 1.05274575617e-05], "median": [0.00470790825784, 0.0491569675505, 0.000787509256043, 0.00121125101577, 0.0029582453426, 1.49348825289e-05, 2.50341099672e-06, 2.47294019573e-06, 4.59697275801e-06, 2.99285579786e-06, 4.32968272435e-06, 9.28080407903e-06, 1.42287854032e-05, 1.44820105561e-05, 1.79036578629e-05, 7.72183921072e-06, 5.02943430547e-06, 2.09655217986e-06, 8.49360844768e-07, 1.05655931293e-06, 9.39487676987e-07, 1.0569162896e-06, 9.66071638686e-07, 9.25231574911e-07, 6.24579570285e-07, 3.48974680264e-07, 4.76449066866e-08], "min": [7.28561166487e-24, 4.90620806623e-23, 8.56495693533e-23, 2.31284117206e-24, 1.00301423734e-22, 1.04485901696e-22, 1.93337470085e-23, 4.64128743278e-23, 7.07875056296e-23, 5.50743872069e-23, 5.11062496151e-23, 4.39887016106e-23, 7.05538387186e-23, 9.94298460296e-23, 7.54575684994e-23, 1.43218808059e-22, 1.30232403132e-22, 1.86063673979e-22, 1.71704449129e-22, 3.53478019826e-22, 4.3746721999e-22, 5.39054026304e-22, 5.84945031278e-22, 8.75055609014e-22, 1.16854266289e-21, 1.90276663267e-21, 2.31065916702e-21], "var": [8.41009095893e-05, 0.00600102497265, 0.000728807819542, 0.000107070445665, 1.79144008143e-05, 8.93018068382e-07, 2.22500489144e-08, 2.8442859179e-09, 1.3286528322e-08, 9.12951136911e-08, 4.49837642691e-07, 1.6202769757e-06, 3.99669289664e-07, 5.29048975295e-07, 1.18812998551e-07, 4.9614868658e-07, 1.57493914799e-07, 4.38376076772e-07, 8.48512939911e-08, 6.90273580517e-08, 8.48672669918e-08, 6.36916155372e-08, 5.77954750725e-08, 5.17968175018e-08, 3.60070018246e-08, 2.27137633146e-08, 1.04917874388e-09]}, "erbbands": {"dmean": [1.09919893742, 8.04545402527, 15.1414670944, 13.2635688782, 12.5255365372, 9.08480167389, 4.77478170395, 3.50086688995, 1.24452662468, 0.591986477375, 0.74589818716, 1.18551599979, 2.44633126259, 2.4718208313, 5.63125276566, 6.80738973618, 5.32527732849, 7.59299707413, 3.26332306862, 4.24936771393, 5.51383733749, 4.23970937729, 5.79573202133, 3.37205171585, 3.09698915482, 2.84661388397, 2.88838887215, 1.9916857481, 2.34509396553, 2.62034797668, 2.51823115349, 1.64714181423, 1.63153111935, 0.923630058765, 0.653725862503, 0.374285370111, 0.152355641127, 0.0256699472666, 0.00193276663776, 0.000108818960143], "dmean2": [1.55687463284, 12.5890474319, 25.955696106, 23.5043296814, 21.3726882935, 15.6363201141, 8.00675487518, 6.269780159, 2.14036417007, 0.995195150375, 1.25388455391, 1.97940969467, 4.34553337097, 4.22576665878, 9.08015823364, 11.4765987396, 8.16199970245, 12.5363874435, 4.56092643738, 6.68046092987, 8.92049503326, 6.15610980988, 10.0725193024, 5.18815135956, 4.87745952606, 4.99163389206, 5.08222198486, 3.17181158066, 3.95994782448, 4.42155599594, 4.22633075714, 2.84719705582, 2.85794043541, 1.65268003941, 1.17433905602, 0.652558684349, 0.260574191809, 0.043249424547, 0.00302426377311, 0.000163256656379], "dvar": [4.3616194725, 291.920593262, 1651.59033203, 1370.09729004, 562.12677002, 264.76574707, 82.8724594116, 69.5706787109, 10.0001001358, 2.06181049347, 2.26315379143, 7.47317314148, 96.0376052856, 118.180046082, 1379.83276367, 2030.47143555, 887.499145508, 2456.82250977, 245.38609314, 517.551940918, 1177.64880371, 671.16998291, 1698.87902832, 350.5625, 160.973052979, 156.154830933, 200.414733887, 75.8078842163, 75.1027679443, 46.1105880737, 38.4227371216, 21.9574718475, 12.9263839722, 3.20523166656, 1.50120615959, 0.468670219183, 0.0767082422972, 0.00229115271941, 2.22051494347e-05, 6.13973014651e-08], "dvar2": [10.1019201279, 746.192077637, 4167.59228516, 3729.73730469, 1522.90722656, 720.272338867, 205.817306519, 191.525024414, 26.1050682068, 5.38799095154, 5.8454208374, 18.6088199615, 252.899002075, 279.935821533, 2844.83862305, 4201.16650391, 1973.10388184, 6085.16162109, 432.155548096, 1074.36560059, 2673.19628906, 1513.75439453, 4555.71582031, 772.108398438, 316.012939453, 377.659729004, 537.359619141, 162.537506104, 164.346542358, 95.0676193237, 82.0077514648, 51.1868019104, 28.4305515289, 7.80537843704, 3.7820122242, 1.2085852623, 0.188958525658, 0.00530502479523, 4.22775556217e-05, 1.10921718033e-07], "max": [22.0415115356, 103.906204224, 259.901184082, 288.758361816, 217.249908447, 144.221939087, 82.939743042, 49.3535079956, 28.1419143677, 13.6007127762, 8.45980072021, 24.1424884796, 131.416061401, 138.341415405, 492.670684814, 567.494384766, 416.768554688, 588.196960449, 210.672439575, 306.668060303, 466.14630127, 388.848449707, 595.406311035, 280.196807861, 160.988967896, 155.537612915, 178.702056885, 126.852157593, 119.122024536, 83.3059539795, 102.444419861, 65.4252243042, 38.867099762, 17.3358364105, 12.240401268, 4.89974737167, 1.97994732857, 0.39603677392, 0.0633040294051, 0.00345500605181], "mean": [2.92629623413, 12.0835123062, 12.7435255051, 10.8889055252, 14.9790630341, 13.2482852936, 5.09878206253, 2.42436718941, 0.900563776493, 0.470985263586, 0.623261392117, 1.10662817955, 1.76653659344, 2.3063621521, 5.96078062057, 7.29535007477, 4.87652873993, 6.11372852325, 3.87694787979, 4.73871040344, 5.59414434433, 3.73136544228, 3.99135041237, 2.84023213387, 2.70119428635, 2.72510242462, 2.78196787834, 2.01438522339, 2.25047063828, 2.31543421745, 2.28237724304, 1.52780544758, 1.33526885509, 0.82332020998, 0.572825968266, 0.309171020985, 0.122985042632, 0.022264175117, 0.00181105232332, 0.000174034488737], "median": [2.58583140373, 4.53209543228, 1.96488761902, 2.84182262421, 8.76585197449, 9.6277885437, 2.34512615204, 0.2008934021, 0.055305428803, 0.043195579201, 0.066471517086, 0.0990327224135, 0.115007214248, 0.136756002903, 0.230869680643, 0.477609336376, 0.690604805946, 0.816920936108, 0.933422923088, 0.722402751446, 0.47309666872, 0.294837355614, 0.1392531991, 0.055766902864, 0.0448106750846, 0.049776956439, 0.0464949384332, 0.0352311767638, 0.0403641238809, 0.0343831554055, 0.027393296361, 0.0191973298788, 0.0149699635804, 0.00787296704948, 0.00409114267677, 0.00187380425632, 0.000628762179986, 0.000113877627882, 6.22300649411e-05, 9.33618212002e-05], "min": [4.69683592539e-22, 1.55004211764e-20, 1.00469395975e-19, 3.85419991969e-20, 1.61057325616e-19, 3.72865697329e-19, 5.96485109591e-19, 7.40104601939e-19, 5.25455420584e-19, 6.13178958521e-19, 1.27735360181e-18, 1.46587829977e-18, 1.5330754542e-18, 1.71000090862e-18, 2.0578262203e-18, 2.35412190213e-18, 2.97200741493e-18, 3.36633309833e-18, 5.71085991215e-18, 7.3015365019e-18, 5.99468171034e-18, 7.3964422423e-18, 8.85443575307e-18, 8.29691271148e-18, 1.34900775014e-17, 1.29889111021e-17, 1.5559340114e-17, 1.89043228536e-17, 1.87043420143e-17, 2.24561354878e-17, 1.40502715091e-17, 1.67102891445e-17, 1.46688239363e-17, 1.04182728135e-17, 1.08054322176e-17, 7.49249859093e-18, 3.17676398145e-18, 1.27265542272e-18, 2.97634396099e-19, 3.61955107502e-20], "var": [7.53763961792, 329.883087158, 1269.20178223, 911.873718262, 457.608276367, 227.566131592, 73.0532073975, 45.1117897034, 7.35373401642, 1.55844509602, 1.87796056271, 7.08706474304, 69.7595977783, 140.061737061, 1667.03466797, 2367.72875977, 875.277038574, 1941.22045898, 344.57913208, 634.073364258, 1322.92333984, 663.450805664, 1158.52880859, 347.841156006, 193.019851685, 172.778335571, 195.923126221, 91.2367248535, 89.0331420898, 59.3498535156, 56.5277442932, 25.987455368, 14.6915225983, 4.35906410217, 1.91783261299, 0.466641843319, 0.0755861699581, 0.00264660129324, 3.02655189444e-05, 9.13657132173e-08]}, "gfcc": {"mean": [-158.664932251, 117.330535889, -21.4616565704, 54.891040802, -3.6826043129, 30.7502441406, -28.5602245331, -11.635011673, -20.2864875793, -8.98747825623, -13.8725328445, -1.07142138481, 1.28357863426], "cov": [[25627.1855469, -4975.97412109, -1384.94494629, 860.800109863, -1866.19116211, 1790.72546387, 12.3355455399, 1573.57519531, 26.8170986176, 1587.68408203, -251.829299927, 779.964172363, -385.146575928], [-4975.97412109, 3527.13232422, 385.461364746, -181.448181152, 775.414428711, -824.149597168, 293.102264404, -470.897766113, 418.958282471, -536.921875, 337.812347412, -395.24810791, 269.086853027], [-1384.94494629, 385.461364746, 2687.26171875, 415.752655029, 4.11288976669, -318.014007568, 126.987876892, 37.6774902344, 79.8362197876, 144.474487305, 122.769218445, 61.7136459351, 78.8239746094], [860.800109863, -181.448181152, 415.752655029, 591.208862305, -241.088806152, -27.3185958862, 193.85218811, 56.4173164368, 52.1670074463, 52.4690246582, 100.551086426, -19.9039993286, 88.6370162964], [-1866.19116211, 775.414428711, 4.11288976669, -241.088806152, 1087.87670898, 174.658370972, -9.26009082794, -177.876083374, 125.719039917, -102.072250366, 122.762802124, 80.6427001953, 129.636825562], [1790.72546387, -824.149597168, -318.014007568, -27.3185958862, 174.658370972, 511.51739502, -100.510269165, 106.642333984, -21.9218826294, 173.859741211, -62.942855835, 170.169494629, -40.7358093262], [12.3355455399, 293.102264404, 126.987876892, 193.85218811, -9.26009082794, -100.510269165, 277.923797607, 58.837387085, 129.43321228, -12.8349885941, 117.255638123, -46.9780349731, 83.2006988525], [1573.57519531, -470.897766113, 37.6774902344, 56.4173164368, -177.876083374, 106.642333984, 58.837387085, 215.875198364, 25.0552005768, 159.610702515, -7.53623962402, 68.0107498169, -39.4398727417], [26.8170986176, 418.958282471, 79.8362197876, 52.1670074463, 125.719039917, -21.9218826294, 129.43321228, 25.0552005768, 192.407318115, 24.6334438324, 100.462493896, -22.4198493958, 58.3230285645], [1587.68408203, -536.921875, 144.474487305, 52.4690246582, -102.072250366, 173.859741211, -12.8349885941, 159.610702515, 24.6334438324, 219.339370728, -5.58387613297, 103.120147705, -36.4385948181], [-251.829299927, 337.812347412, 122.769218445, 100.551086426, 122.762802124, -62.942855835, 117.255638123, -7.53623962402, 100.462493896, -5.58387613297, 129.407394409, -4.17825078964, 83.6299057007], [779.964172363, -395.24810791, 61.7136459351, -19.9039993286, 80.6427001953, 170.169494629, -46.9780349731, 68.0107498169, -22.4198493958, 103.120147705, -4.17825078964, 133.933868408, 5.85578918457], [-385.146575928, 269.086853027, 78.8239746094, 88.6370162964, 129.636825562, -40.7358093262, 83.2006988525, -39.4398727417, 58.3230285645, -36.4385948181, 83.6299057007, 5.85578918457, 102.789924622]], "icov": [[0.000157714253874, -0.000383326230804, 0.00019569984579, -0.0004403454368, 0.00026651006192, -0.000363407452824, -9.66740772128e-05, -0.000519353721756, 0.000405967613915, -0.000841419503558, 0.000475264212582, -0.000959429715294, 0.000362269172911], [-0.000383326230804, 0.00361731927842, -0.000882787047885, 0.00241072941571, -0.00152280053589, 0.00256478507072, 0.00151286553591, 0.00171684683301, -0.00521428091452, 0.00469705229625, -0.00351947918534, 0.00651359697804, -0.00282047595829], [0.00019569984579, -0.000882787047885, 0.00104528770316, -0.00164325535297, -8.12605285319e-05, 0.000891363830306, -0.000466512778075, -0.00013659313845, 0.000804661773145, -0.00270988675766, 0.00203110463917, -0.00343253416941, 0.00156644848175], [-0.0004403454368, 0.00241072941571, -0.00164325535297, 0.0065993485041, 0.000777810288128, -0.0014298518654, -0.000755257555284, 0.00216716434807, -0.00107899052091, 0.00321211130358, -0.00592611497268, 0.00884189456701, -0.00642749015242], [0.00026651006192, -0.00152280053589, -8.12605285319e-05, 0.000777810288128, 0.00370795582421, -0.00391020206735, -0.000760699214879, 0.000658213393763, 0.0011060697725, 8.66978734848e-05, -0.00172036339063, -0.00369510194287, 3.22266641888e-05], [-0.000363407452824, 0.00256478507072, 0.000891363830306, -0.0014298518654, -0.00391020206735, 0.0105942506343, 0.000854508893099, 0.00241763424128, -0.00567943463102, -0.000770005164668, 0.00453069992363, -0.00324494810775, 0.00128779688384], [-9.66740772128e-05, 0.00151286553591, -0.000466512778075, -0.000755257555284, -0.000760699214879, 0.000854508893099, 0.0129490708932, -0.00816073454916, -0.00496915914118, 0.00636138441041, -0.00570278055966, 0.00755835091695, -0.00634436635301], [-0.000519353721756, 0.00171684683301, -0.00013659313845, 0.00216716434807, 0.000658213393763, 0.00241763424128, -0.00816073454916, 0.0205791257322, -0.0033134103287, -0.00598874874413, 0.000219829220441, -0.00451498618349, 0.00626054778695], [0.000405967613915, -0.00521428091452, 0.000804661773145, -0.00107899052091, 0.0011060697725, -0.00567943463102, -0.00496915914118, -0.0033134103287, 0.0216466020793, -0.0116783687845, -0.00231587165035, 0.000749072409235, 9.02370629774e-06], [-0.000841419503558, 0.00469705229625, -0.00270988675766, 0.00321211130358, 8.66978734848e-05, -0.000770005164668, 0.00636138441041, -0.00598874874413, -0.0116783687845, 0.0289486423135, -0.0112656438723, 0.00200620829128, 0.00193789985497], [0.000475264212582, -0.00351947918534, 0.00203110463917, -0.00592611497268, -0.00172036339063, 0.00453069992363, -0.00570278055966, 0.000219829220441, -0.00231587165035, -0.0112656438723, 0.03530202806, -0.012087685056, -0.00750037422404], [-0.000959429715294, 0.00651359697804, -0.00343253416941, 0.00884189456701, -0.00369510194287, -0.00324494810775, 0.00755835091695, -0.00451498618349, 0.000749072409235, 0.00200620829128, -0.012087685056, 0.045654386282, -0.0225948952138], [0.000362269172911, -0.00282047595829, 0.00156644848175, -0.00642749015242, 3.22266641888e-05, 0.00128779688384, -0.00634436635301, 0.00626054778695, 9.02370629774e-06, 0.00193789985497, -0.00750037422404, -0.0225948952138, 0.038889285177]]}, "melbands": {"dmean": [0.00950490310788, 0.00856564193964, 0.00235286750831, 0.000717623799574, 0.000214403960854, 7.87296085036e-05, 1.7009811927e-05, 6.1246810219e-06, 6.35801643512e-06, 7.51580273572e-06, 1.2451452676e-05, 9.50353023654e-06, 1.62485466717e-05, 2.28464559768e-05, 1.24484768094e-05, 1.19329515655e-05, 1.5069451365e-05, 4.80154858451e-06, 4.9692957873e-06, 7.43338750908e-06, 5.96804557063e-06, 4.26551969213e-06, 5.34968876309e-06, 4.98230974699e-06, 2.4013284019e-06, 2.45831074608e-06, 1.88408648683e-06, 2.0734064492e-06, 1.97382632905e-06, 1.34844367494e-06, 1.07917435344e-06, 1.24272173707e-06, 1.53017276716e-06, 1.46221793784e-06, 1.50987682446e-06, 1.18165939966e-06, 9.68913695942e-07, 1.17174079151e-06, 9.83304175861e-07, 7.33847457468e-07], "dmean2": [0.0142467087135, 0.0139205846936, 0.0041223927401, 0.00122003967408, 0.000363736064173, 0.000140678952448, 2.91712276521e-05, 1.03600104921e-05, 1.07260348159e-05, 1.25313608805e-05, 2.22646121983e-05, 1.57559425134e-05, 2.67796058324e-05, 3.73030452465e-05, 1.92001480173e-05, 1.90910923266e-05, 2.50006560236e-05, 6.90542901793e-06, 7.88743182056e-06, 1.25547148855e-05, 9.76720457402e-06, 6.38062965663e-06, 9.16546287044e-06, 8.70572512213e-06, 3.61654429071e-06, 3.97541225539e-06, 3.17394255944e-06, 3.66343351743e-06, 3.51297035195e-06, 2.28921658163e-06, 1.6896649413e-06, 2.11935935113e-06, 2.43636554842e-06, 2.59936268776e-06, 2.56221392192e-06, 2.02812316275e-06, 1.67222140135e-06, 2.06041227102e-06, 1.75630452759e-06, 1.30609578264e-06], "dvar": [0.000326830049744, 0.000429149455158, 3.74820228899e-05, 1.60606919053e-06, 1.51376568169e-07, 3.65532137891e-08, 2.02886818457e-09, 1.98659477757e-10, 1.72999961578e-10, 3.04147179664e-10, 2.62015253938e-09, 1.57577906279e-09, 1.03288666509e-08, 2.35614674438e-08, 5.73269298698e-09, 4.37720526492e-09, 1.01421120391e-08, 5.27453136723e-10, 5.78057379741e-10, 1.98819760655e-09, 1.44613299113e-09, 6.96387225663e-10, 1.44869471974e-09, 1.18956333672e-09, 1.72180797398e-10, 1.16939347095e-10, 5.27318189114e-11, 9.38454383648e-11, 9.31705754215e-11, 4.30152961861e-11, 1.86190958484e-11, 2.1675390649e-11, 2.65935155841e-11, 1.22485754178e-11, 1.64883003084e-11, 9.91473309703e-12, 7.64578331203e-12, 7.31719719538e-12, 3.7645941052e-12, 1.98121683989e-12], "dvar2": [0.00079693866428, 0.00106024404522, 0.000101360630651, 4.30536283602e-06, 3.95502581796e-07, 1.00492549393e-07, 5.30513633024e-09, 5.23396159746e-10, 4.53692361457e-10, 7.45204287167e-10, 6.96287560942e-09, 3.62002849918e-09, 2.31432633058e-08, 5.02843100492e-08, 1.24254082579e-08, 1.03085913139e-08, 2.55804586402e-08, 8.91413831638e-10, 1.08959608003e-09, 4.5899377632e-09, 3.43194805907e-09, 1.58805513184e-09, 3.83035247964e-09, 3.1918045984e-09, 3.62337798654e-10, 2.6392468766e-10, 1.00955341309e-10, 2.4778751273e-10, 2.58204818637e-10, 1.04450940952e-10, 3.59897354973e-11, 4.79856640534e-11, 5.79421059743e-11, 2.6298048808e-11, 3.49099776864e-11, 2.43612734152e-11, 1.7915483333e-11, 1.56333990892e-11, 9.14517506861e-12, 4.92319770021e-12], "max": [0.161664918065, 0.122954510152, 0.0483052618802, 0.0103628560901, 0.00398571137339, 0.00116307381541, 0.000425575475674, 0.00011848048598, 7.86671298556e-05, 0.000161031770403, 0.000686746207066, 0.000525971059687, 0.00127947982401, 0.00208165356889, 0.00121039443184, 0.000931086484343, 0.00118492590263, 0.000350635324139, 0.000333554431563, 0.000563930603676, 0.000543277012184, 0.000418261508457, 0.000521616253536, 0.000501152244397, 0.000198346038815, 0.000143466939335, 9.51702677412e-05, 0.00011881977116, 0.000125944468891, 8.34635138744e-05, 6.23264932074e-05, 6.36452314211e-05, 6.98779622326e-05, 3.5831482819e-05, 8.29309574328e-05, 4.36698610429e-05, 3.67030370398e-05, 2.97394690278e-05, 1.7026981368e-05, 1.31610413519e-05], "mean": [0.0226919259876, 0.00988584663719, 0.00208134809509, 0.00103630207013, 0.000261276378296, 5.33260390512e-05, 1.22937653941e-05, 4.83476742374e-06, 5.34430455446e-06, 7.05367847331e-06, 8.81934829522e-06, 8.57103350427e-06, 1.69132399606e-05, 2.26969714276e-05, 1.30390953927e-05, 1.00235765785e-05, 1.17948893603e-05, 5.78012259211e-06, 6.07983656664e-06, 7.27535962142e-06, 6.00799239692e-06, 3.81072004529e-06, 3.73076227334e-06, 3.42286830346e-06, 2.08989831663e-06, 2.06201184483e-06, 1.63052050084e-06, 1.92504535335e-06, 1.83966824352e-06, 1.34185586376e-06, 1.09850714125e-06, 1.17855927328e-06, 1.3457336081e-06, 1.28319140913e-06, 1.39094674978e-06, 1.00694467164e-06, 9.11458016617e-07, 9.54050619839e-07, 8.23807454253e-07, 6.49722323942e-07], "median": [0.0190131049603, 0.00229121511802, 0.000692101195455, 0.000737058755476, 0.000155835441547, 2.49419554166e-06, 6.87005012878e-07, 4.78138929338e-07, 5.66154653825e-07, 6.48752916277e-07, 5.54392329377e-07, 5.12402039021e-07, 6.9263990099e-07, 9.53143626248e-07, 1.51143103722e-06, 1.32459831548e-06, 1.41347436511e-06, 1.45255717143e-06, 1.15299098979e-06, 7.03732837337e-07, 4.67266090709e-07, 3.11402288844e-07, 1.49252301185e-07, 8.142224317e-08, 3.77019375719e-08, 3.03858094242e-08, 2.97570927899e-08, 3.38913324072e-08, 3.10228855938e-08, 2.07978665401e-08, 2.01295033975e-08, 2.22569305208e-08, 2.14510063046e-08, 1.78711392351e-08, 1.51611789789e-08, 1.34181243894e-08, 1.11383773316e-08, 1.06895567953e-08, 8.5442852793e-09, 5.89242254989e-09], "min": [9.22531413458e-24, 4.17989941317e-23, 8.9107463823e-24, 2.18287341914e-23, 1.81817623846e-23, 1.79613325595e-23, 7.54959055617e-24, 7.21944122328e-24, 1.15452743819e-23, 9.01831545533e-24, 8.06141061122e-24, 7.04646690373e-24, 7.32488116073e-24, 6.20527217719e-24, 7.99437005605e-24, 4.19095490433e-24, 6.4717560963e-24, 1.02700752066e-23, 6.1799142434e-24, 1.25657401157e-23, 5.67022608494e-24, 7.96326684828e-24, 7.32645809368e-24, 8.48791378165e-24, 6.41683993881e-24, 7.24128399288e-24, 1.26705876186e-23, 7.83380057424e-24, 9.03712505476e-24, 1.33796016007e-23, 9.39579249823e-24, 1.00666469118e-23, 1.20620327062e-23, 1.23515422918e-23, 6.9449349832e-24, 9.62692558802e-24, 1.07479340108e-23, 1.14817702902e-23, 7.14660490704e-24, 9.43340223075e-24], "var": [0.000483963638544, 0.000385628547519, 2.58257969108e-05, 1.39725841564e-06, 1.31762448063e-07, 2.37349464527e-08, 1.48098633357e-09, 1.48774659259e-10, 1.41679987187e-10, 2.95490548696e-10, 1.84793635949e-09, 1.83494286432e-09, 1.2356522916e-08, 2.58999133251e-08, 6.37934505221e-09, 3.87422227632e-09, 7.73219444028e-09, 7.48833994813e-10, 8.33158320113e-10, 2.06142347636e-09, 1.55829416038e-09, 6.80649370199e-10, 1.01476393954e-09, 8.10500000448e-10, 1.82467652099e-10, 1.19856097269e-10, 6.45288059098e-11, 9.15681419578e-11, 8.56806986471e-11, 4.71333250207e-11, 2.47412489801e-11, 2.5503677295e-11, 2.97203789357e-11, 1.53888880805e-11, 2.45236522062e-11, 1.03707433266e-11, 9.50555346241e-12, 8.39228426336e-12, 4.55946521857e-12, 2.61211863771e-12]}, "mfcc": {"mean": [-818.281982422, 140.54309082, 61.3439750671, 47.7734909058, 51.0438690186, 45.2302970886, 18.7744579315, 12.7992525101, 5.76602888107, 1.20201444626, -5.7903676033, -6.87183475494, -6.73598670959], "cov": [[16231.4208984, -1865.24523926, -1372.3515625, -1602.74389648, -664.429382324, 59.9790878296, -211.84552002, 82.7906799316, 170.669433594, 429.172241211, 307.264892578, 326.591217041, 400.860961914], [-1865.24523926, 2702.93066406, -52.7317733765, 363.001037598, 371.79888916, 35.9365386963, -50.0680885315, 72.9576873779, 109.951477051, 25.0136680603, 69.3584136963, 71.2416152954, -5.77788066864], [-1372.3515625, -52.7317733765, 1801.85668945, 717.093688965, -49.7255935669, -125.418991089, 55.3026695251, -28.4334220886, -14.6470785141, 37.8661346436, 14.2297315598, -63.8701019287, -7.97809696198], [-1602.74389648, 363.001037598, 717.093688965, 708.20526123, 48.6260299683, -15.7412366867, 137.328216553, 44.4126701355, 3.18278765678, 17.4664745331, -30.2981472015, -39.7595405579, -38.9260940552], [-664.429382324, 371.79888916, -49.7255935669, 48.6260299683, 661.499023438, 412.040466309, 126.049728394, 103.886268616, 61.7393989563, -63.0520095825, 1.43808794022, 44.0178947449, 23.4750804901], [59.9790878296, 35.9365386963, -125.418991089, -15.7412366867, 412.040466309, 378.753387451, 116.818634033, 94.5303726196, 54.1654319763, -29.8989238739, -7.75168085098, 41.0168952942, 29.5606689453], [-211.84552002, -50.0680885315, 55.3026695251, 137.328216553, 126.049728394, 116.818634033, 143.485015869, 74.115486145, 25.4332542419, -1.1764934063, -11.6767063141, 2.79359054565, 2.8610253334], [82.7906799316, 72.9576873779, -28.4334220886, 44.4126701355, 103.886268616, 94.5303726196, 74.115486145, 95.9819869995, 51.7618637085, 11.9889087677, 12.5824775696, 28.6721687317, 21.1042251587], [170.669433594, 109.951477051, -14.6470785141, 3.18278765678, 61.7393989563, 54.1654319763, 25.4332542419, 51.7618637085, 67.5573196411, 37.6203155518, 30.9754085541, 36.4601860046, 32.6408348083], [429.172241211, 25.0136680603, 37.8661346436, 17.4664745331, -63.0520095825, -29.8989238739, -1.1764934063, 11.9889087677, 37.6203155518, 85.0507049561, 54.3152542114, 34.7861061096, 30.5173683167], [307.264892578, 69.3584136963, 14.2297315598, -30.2981472015, 1.43808794022, -7.75168085098, -11.6767063141, 12.5824775696, 30.9754085541, 54.3152542114, 76.1124801636, 48.7456550598, 31.7771701813], [326.591217041, 71.2416152954, -63.8701019287, -39.7595405579, 44.0178947449, 41.0168952942, 2.79359054565, 28.6721687317, 36.4601860046, 34.7861061096, 48.7456550598, 70.928855896, 48.6182327271], [400.860961914, -5.77788066864, -7.97809696198, -38.9260940552, 23.4750804901, 29.5606689453, 2.8610253334, 21.1042251587, 32.6408348083, 30.5173683167, 31.7771701813, 48.6182327271, 63.7842140198]], "icov": [[0.000121544915601, 2.18970071728e-05, -1.46054881043e-05, 0.000264015834546, 0.000183624113561, -0.000239347893512, 9.72968773567e-05, -0.000362184335245, 0.000411299464758, -0.000681841629557, 9.7327552794e-05, 7.2032402386e-05, -0.000431417051004], [2.18970071728e-05, 0.000711327127647, 0.000333497824613, -0.000850867363624, -0.000836501421873, 0.000711279979441, 0.00148031697609, -0.000374212570023, -0.00110301666427, 0.000106521954876, -0.000360004109098, -0.000315881450661, 0.000418527313741], [-1.46054881043e-05, 0.000333497824613, 0.00136674044188, -0.00190783431754, -0.000327148096403, 0.000230838908465, 0.00114134745672, 0.000572552264202, -0.000815162551589, 0.00109676236752, -0.00244024395943, 0.00259319297038, -0.00196704827249], [0.000264015834546, -0.000850867363624, -0.00190783431754, 0.00567518686876, 0.000295542937238, 0.000478801375721, -0.00478466367349, -0.00121416698676, 0.00307528651319, -0.00523048872128, 0.005158664193, -0.0027867432218, 0.00225703557953], [0.000183624113561, -0.000836501421873, -0.000327148096403, 0.000295542937238, 0.0077570960857, -0.00782016385347, -0.00137028482277, 0.00126217433717, -0.00163753866218, 0.00618082098663, -0.00529727106914, 0.00141685956623, -0.00123725447338], [-0.000239347893512, 0.000711279979441, 0.000230838908465, 0.000478801375721, -0.00782016385347, 0.0129620777443, -0.00288728508167, -0.00115230365191, -0.00170100957621, -0.00227116886526, 0.00629457039759, -0.0046685426496, 0.00165103387553], [9.72968773567e-05, 0.00148031697609, 0.00114134745672, -0.00478466367349, -0.00137028482277, -0.00288728508167, 0.0216179899871, -0.0136785870418, 0.00399945257232, -0.00324792740867, 0.000163955672178, 0.00409890478477, -0.00155472254846], [-0.000362184335245, -0.000374212570023, 0.000572552264202, -0.00121416698676, 0.00126217433717, -0.00115230365191, -0.0136785870418, 0.0343195833266, -0.0228465795517, 0.0103449290618, -0.00283347954974, -0.00483104679734, 0.00273667369038], [0.000411299464758, -0.00110301666427, -0.000815162551589, 0.00307528651319, -0.00163753866218, -0.00170100957621, 0.00399945257232, -0.0228465795517, 0.048327460885, -0.0215729195625, 0.00431848457083, 3.20871695294e-05, -0.00872456561774], [-0.000681841629557, 0.000106521954876, 0.00109676236752, -0.00523048872128, 0.00618082098663, -0.00227116886526, -0.00324792740867, 0.0103449290618, -0.0215729195625, 0.0435370095074, -0.025839952752, 0.00445725768805, -0.00357393780723], [9.7327552794e-05, -0.000360004109098, -0.00244024395943, 0.005158664193, -0.00529727106914, 0.00629457039759, 0.000163955672178, -0.00283347954974, 0.00431848457083, -0.025839952752, 0.0466451495886, -0.0266406349838, 0.00938214734197], [7.2032402386e-05, -0.000315881450661, 0.00259319297038, -0.0027867432218, 0.00141685956623, -0.0046685426496, 0.00409890478477, -0.00483104679734, 3.20871695294e-05, 0.00445725768805, -0.0266406349838, 0.0547169074416, -0.0293844211847], [-0.000431417051004, 0.000418527313741, -0.00196704827249, 0.00225703557953, -0.00123725447338, 0.00165103387553, -0.00155472254846, 0.00273667369038, -0.00872456561774, -0.00357393780723, 0.00938214734197, -0.0293844211847, 0.0423110537231]]}, "spectral_contrast_coeffs": {"dmean": [0.0508325137198, 0.0494449399412, 0.0336359888315, 0.0213513486087, 0.0220512915403, 0.0205814745277], "dmean2": [0.0814389958978, 0.0788619741797, 0.0568482913077, 0.0364698991179, 0.0357402041554, 0.0345408692956], "dvar": [0.00186103582382, 0.00157741084695, 0.000744722899981, 0.000304046989186, 0.000492422026582, 0.000435284513514], "dvar2": [0.00457524182275, 0.00383998337202, 0.00204026466236, 0.00082499202108, 0.00116948934738, 0.00110484170727], "max": [-0.241517752409, -0.607033729553, -0.680111527443, -0.734478533268, -0.631868898869, -0.714734196663], "mean": [-0.676131188869, -0.801502346992, -0.846343874931, -0.861004590988, -0.845381498337, -0.83687722683], "median": [-0.690353989601, -0.811776041985, -0.845725059509, -0.858336687088, -0.852996706963, -0.838511049747], "min": [-0.960770249367, -0.963750123978, -0.976575434208, -0.969803035259, -0.962959706783, -0.966138541698], "var": [0.00661955354735, 0.00321549689397, 0.00200438778847, 0.00147309456952, 0.00275107380003, 0.0021463285666]}, "spectral_contrast_valleys": {"dmean": [0.366810500622, 0.675601243973, 0.584480524063, 0.493275076151, 0.581464350224, 0.93675994873], "dmean2": [0.592155277729, 0.996556580067, 0.882632434368, 0.752212822437, 0.850448966026, 1.37379348278], "dvar": [0.144209966063, 0.594752371311, 0.490641474724, 0.48775857687, 0.595005512238, 1.14972352982], "dvar2": [0.275658279657, 1.11438834667, 0.930011510849, 1.02857589722, 1.2305482626, 2.41350722313], "max": [-4.74723577499, -5.87946176529, -5.06984901428, -5.22489213943, -5.54659748077