{"lowlevel": {"average_loudness": 0.351719617844, "barkbands_crest": {"dmean": 2.07501935959, "dmean2": 3.26815867424, "dvar": 3.89663410187, "dvar2": 9.6224193573, "max": 24.484046936, "mean": 9.88918113708, "median": 9.28529453278, "min": 2.33653068542, "var": 12.4871082306}, "barkbands_flatness_db": {"dmean": 0.0145412031561, "dmean2": 0.0218603555113, "dvar": 0.000185031633009, "dvar2": 0.000404147489462, "max": 0.358867585659, "mean": 0.192416369915, "median": 0.192121967673, "min": 0.0139872813597, "var": 0.00268947822042}, "barkbands_kurtosis": {"dmean": 1.46164488792, "dmean2": 2.25715136528, "dvar": 3.07619547844, "dvar2": 7.42078733444, "max": 37.2513809204, "mean": 2.71051430702, "median": 1.93943977356, "min": -1.76463901997, "var": 13.5400152206}, "barkbands_skewness": {"dmean": 0.347952574492, "dmean2": 0.512792289257, "dvar": 0.105219006538, "dvar2": 0.240603998303, "max": 4.47281980515, "mean": 1.23493564129, "median": 1.2378038168, "min": -3.35986208916, "var": 0.591838300228}, "barkbands_spread": {"dmean": 2.43062233925, "dmean2": 3.69771933556, "dvar": 15.9141359329, "dvar2": 37.5567703247, "max": 116.802711487, "mean": 12.4198236465, "median": 9.67443847656, "min": 1.47370624542, "var": 194.780502319}, "dissonance": {"dmean": 0.0271283723414, "dmean2": 0.0452504120767, "dvar": 0.000562971108593, "dvar2": 0.00150629668497, "max": 0.499999940395, "mean": 0.424343168736, "median": 0.430492043495, "min": 0.208784773946, "var": 0.00201655179262}, "dynamic_complexity": 8.08055877686, "erbbands_crest": {"dmean": 2.26664423943, "dmean2": 3.51243853569, "dvar": 5.01775693893, "dvar2": 11.5067815781, "max": 32.7498283386, "mean": 10.3715982437, "median": 9.54395580292, "min": 2.07057905197, "var": 18.7282962799}, "erbbands_flatness_db": {"dmean": 0.0124519784003, "dmean2": 0.018189156428, "dvar": 0.000151385218487, "dvar2": 0.000292504904792, "max": 0.399765700102, "mean": 0.241198658943, "median": 0.243856325746, "min": 0.0474869571626, "var": 0.00292911776341}, "erbbands_kurtosis": {"dmean": 0.887818992138, "dmean2": 1.38894808292, "dvar": 1.72699177265, "dvar2": 4.01330184937, "max": 41.4395065308, "mean": 0.542061209679, "median": -0.00994873046875, "min": -1.72544872761, "var": 4.11559677124}, "erbbands_skewness": {"dmean": 0.313248962164, "dmean2": 0.471892416477, "dvar": 0.0814795941114, "dvar2": 0.184748381376, "max": 3.57701635361, "mean": 0.589641749859, "median": 0.599843978882, "min": -4.01397705078, "var": 0.44619601965}, "erbbands_spread": {"dmean": 3.69105291367, "dmean2": 5.60893630981, "dvar": 12.4588851929, "dvar2": 28.5765857697, "max": 78.6600341797, "mean": 22.4902763367, "median": 20.850233078, "min": 1.9577575922, "var": 102.693832397}, "hfc": {"dmean": 2.78823828697, "dmean2": 3.85668444633, "dvar": 18.2305622101, "dvar2": 38.2879905701, "max": 114.285606384, "mean": 12.3021669388, "median": 10.0452594757, "min": 1.20198567722e-16, "var": 139.633544922}, "melbands_crest": {"dmean": 2.39084386826, "dmean2": 3.76873421669, "dvar": 4.73251914978, "dvar2": 11.9588432312, "max": 28.7921867371, "mean": 11.9166116714, "median": 11.2150173187, "min": 1.98880970478, "var": 15.2523584366}, "melbands_flatness_db": {"dmean": 0.0158056765795, "dmean2": 0.0235574692488, "dvar": 0.000213676088606, "dvar2": 0.000477330293506, "max": 0.477854937315, "mean": 0.253199189901, "median": 0.251818358898, "min": 0.00611676927656, "var": 0.00367426802404}, "melbands_kurtosis": {"dmean": 2.11641526222, "dmean2": 3.22174692154, "dvar": 5.94520044327, "dvar2": 14.2489862442, "max": 44.9129219055, "mean": 5.13319015503, "median": 4.07240104675, "min": -1.78148758411, "var": 23.4863414764}, "melbands_skewness": {"dmean": 0.390168070793, "dmean2": 0.577216625214, "dvar": 0.127409160137, "dvar2": 0.288456648588, "max": 5.11640119553, "mean": 1.64538109303, "median": 1.58830833435, "min": -2.23045516014, "var": 0.614948630333}, "melbands_spread": {"dmean": 3.45044898987, "dmean2": 5.34027671814, "dvar": 24.8072166443, "dvar2": 64.4395599365, "max": 142.229431152, "mean": 16.3655643463, "median": 13.1098327637, "min": 1.63771855831, "var": 232.956741333}, "pitch_salience": {"dmean": 0.0535502620041, "dmean2": 0.0834482833743, "dvar": 0.00210072146729, "dvar2": 0.00514052202925, "max": 0.817456185818, "mean": 0.558485150337, "median": 0.561869084835, "min": 0.189187690616, "var": 0.0096952309832}, "silence_rate_20dB": {"dmean": 0, "dmean2": 0, "dvar": 0, "dvar2": 0, "max": 1, "mean": 1, "median": 1, "min": 1, "var": 0}, "silence_rate_30dB": {"dmean": 0.00388026610017, "dmean2": 0.00776268355548, "dvar": 0.00386526389048, "dvar2": 0.0115839727223, "max": 1, "mean": 0.997783303261, "median": 1, "min": 0, "var": 0.00221173139289}, "silence_rate_60dB": {"dmean": 0.0199556536973, "dmean2": 0.0399223715067, "dvar": 0.0195560902357, "dvar2": 0.0449765436351, "max": 1, "mean": 0.253255754709, "median": 0, "min": 0, "var": 0.189112439752}, "spectral_centroid": {"dmean": 121.643188477, "dmean2": 187.305877686, "dvar": 34638.4375, "dvar2": 59128.3828125, "max": 10770.0507812, "mean": 916.539978027, "median": 798.74432373, "min": 203.397293091, "var": 246502.1875}, "spectral_complexity": {"dmean": 1.46230602264, "dmean2": 2.41696691513, "dvar": 2.17761135101, "dvar2": 5.43243312836, "max": 32, "mean": 12.8833475113, "median": 15, "min": 0, "var": 54.9974403381}, "spectral_decrease": {"dmean": 1.19588416947e-09, "dmean2": 1.7155835641e-09, "dvar": 3.81163213262e-18, "dvar2": 9.2397447542e-18, "max": 3.3655487352e-29, "mean": -4.96595164989e-09, "median": -3.91505627917e-09, "min": -3.53972389178e-08, "var": 2.47679150484e-17}, "spectral_energy": {"dmean": 0.00473331613466, "dmean2": 0.00677462248132, "dvar": 5.84179688303e-05, "dvar2": 0.000140281641507, "max": 0.136910155416, "mean": 0.0198584571481, "median": 0.015731299296, "min": 1.07753433742e-20, "var": 0.00039128336357}, "spectral_energyband_high": {"dmean": 2.3716746e-05, "dmean2": 3.916118294e-05, "dvar": 2.93315927102e-09, "dvar2": 7.64318741631e-09, "max": 0.00150619063061, "mean": 6.6575492383e-05, "median": 2.59272619587e-05, "min": 7.80174297099e-21, "var": 1.39587656989e-08}, "spectral_energyband_low": {"dmean": 0.001005135593, "dmean2": 0.00157491408754, "dvar": 1.28220526676e-05, "dvar2": 3.32435702148e-05, "max": 0.077086135745, "mean": 0.00177805311978, "median": 0.000316397025017, "min": 4.90347513651e-23, "var": 2.39215696638e-05}, "spectral_energyband_middle_high": {"dmean": 0.00122608197853, "dmean2": 0.00170097383671, "dvar": 4.11348219131e-06, "dvar2": 8.20128570922e-06, "max": 0.0349417217076, "mean": 0.00409617088735, "median": 0.0027071647346, "min": 1.65463304764e-21, "var": 2.19627509068e-05}, "spectral_energyband_middle_low": {"dmean": 0.00395207246765, "dmean2": 0.0057822400704, "dvar": 4.20307696913e-05, "dvar2": 0.000103295984445, "max": 0.106044337153, "mean": 0.0145091023296, "median": 0.0110655138269, "min": 2.99207595478e-22, "var": 0.000222433372983}, "spectral_entropy": {"dmean": 0.115057662129, "dmean2": 0.171255216002, "dvar": 0.0131699889898, "dvar2": 0.0286959614605, "max": 9.8164100647, "mean": 6.744161129, "median": 6.7376871109, "min": 5.08390426636, "var": 0.2473462075}, "spectral_flux": {"dmean": 0.0128267854452, "dmean2": 0.0209818165749, "dvar": 0.000289298855932, "dvar2": 0.000756422290578, "max": 0.282726168633, "mean": 0.0470976866782, "median": 0.0449203141034, "min": 1.03804354001e-10, "var": 0.00127421179786}, "spectral_kurtosis": {"dmean": 5.20191955566, "dmean2": 9.16816616058, "dvar": 30.6370353699, "dvar2": 94.0294342041, "max": 94.4856872559, "mean": 13.0966329575, "median": 10.8904600143, "min": -1.16155064106, "var": 82.0806808472}, "spectral_rms": {"dmean": 0.000445447338279, "dmean2": 0.000617422861978, "dvar": 3.01513381373e-07, "dvar2": 6.44869317057e-07, "max": 0.0115572866052, "mean": 0.00370656140149, "median": 0.00391760235652, "min": 3.24230312737e-12, "var": 5.6355183915e-06}, "spectral_rolloff": {"dmean": 212.288497925, "dmean2": 362.299072266, "dvar": 156223.3125, "dvar2": 353072.6875, "max": 18841.5527344, "mean": 1393.14501953, "median": 968.994140625, "min": 172.265625, "var": 4898455.5}, "spectral_skewness": {"dmean": 0.409335315228, "dmean2": 0.712095439434, "dvar": 0.147009477019, "dvar2": 0.440313637257, "max": 7.42826080322, "mean": 2.42492675781, "median": 2.28607082367, "min": 0.0331564843655, "var": 0.567365050316}, "spectral_spread": {"dmean": 214838.703125, "dmean2": 349467, "dvar": 307128860672, "dvar2": 359093272576, "max": 40370920, "mean": 2642140, "median": 2332840.5, "min": 883792.5, "var": 2435923836930.0}, "spectral_strongpeak": {"dmean": 0.458437651396, "dmean2": 0.731809139252, "dvar": 0.490442812443, "dvar2": 1.16283893585, "max": 14.3248548508, "mean": 1.1916834116, "median": 0.908241510391, "min": 0, "var": 1.22220802307}, "zerocrossingrate": {"dmean": 0.00479051563889, "dmean2": 0.0059718680568, "dvar": 8.29737473396e-05, "dvar2": 0.000147620623466, "max": 0.49169921875, "mean": 0.0482792295516, "median": 0.03759765625, "min": 0.00634765625, "var": 0.00265825376846}, "barkbands": {"dmean": [3.42310522683e-06, 9.8609678389e-05, 0.000683862250298, 0.000649853027426, 0.000867902417667, 0.00161317922175, 0.00149390019942, 0.000763438176364, 0.00102015631273, 0.00038043395034, 0.000417406932684, 0.000384154642234, 0.000108672640636, 0.000283686735202, 0.000225509691518, 0.000147118451423, 0.000102028803667, 4.34906469309e-05, 6.27319896012e-05, 3.3307915146e-05, 1.25289652715e-05, 6.58653561914e-06, 3.95098732042e-06, 2.80708763967e-06, 2.59868102148e-07, 5.7403333642e-08, 2.05154382371e-08], "dmean2": [5.5669579524e-06, 0.00016265999875, 0.00106660195161, 0.00106649694499, 0.00124067184515, 0.00243782810867, 0.00235665915534, 0.000965668878052, 0.00145201489795, 0.000541711342521, 0.000575619516894, 0.000504858966451, 0.000167038277141, 0.0004478841729, 0.000347665452864, 0.000244346068939, 0.000167990234331, 7.52950654714e-05, 0.00010448305693, 5.65380614717e-05, 2.12272843783e-05, 1.09268185042e-05, 6.67263839205e-06, 4.44328861704e-06, 4.13893360474e-07, 9.04497170495e-08, 3.26327977973e-08], "dvar": [1.46043621641e-10, 1.51518122493e-07, 7.62285617384e-06, 4.68076723337e-06, 2.40381973526e-06, 1.31274700834e-05, 1.16821038318e-05, 2.89056310976e-06, 7.23183438822e-06, 7.39975291708e-07, 8.21213802737e-07, 1.29829618345e-06, 3.48411965945e-08, 3.30696877882e-07, 5.5042414715e-07, 1.67371126736e-07, 6.98839244251e-08, 1.17055067861e-08, 2.20694502673e-07, 1.20164669326e-08, 6.92344459541e-10, 4.91345297782e-10, 2.59200383379e-10, 3.77775533078e-10, 6.02072591002e-13, 2.96672747675e-14, 5.89111245409e-15], "dvar2": [4.26754354077e-10, 4.12378938108e-07, 1.84363416338e-05, 1.41208447531e-05, 5.47343506696e-06, 3.465818736e-05, 3.24753455061e-05, 4.1575672185e-06, 1.52040747707e-05, 1.30458215608e-06, 1.53990743001e-06, 1.968148581e-06, 8.1924859785e-08, 7.69693031089e-07, 1.34552476538e-06, 4.54769150338e-07, 1.92084755213e-07, 3.32346772325e-08, 5.23075073033e-07, 3.52963809291e-08, 1.9775299176e-09, 1.17756149276e-09, 6.9678779413e-10, 8.73945804614e-10, 1.49987064869e-12, 7.39192845931e-14, 1.55465104765e-14], "max": [0.000302783213556, 0.0110229644924, 0.0641501396894, 0.0603164955974, 0.0380536615849, 0.0892078429461, 0.0607089661062, 0.0522700920701, 0.0476061999798, 0.0285190716386, 0.0217017102987, 0.0223310105503, 0.00379394949414, 0.0190614052117, 0.0215925686061, 0.00802876800299, 0.00625864276662, 0.002161731245, 0.0249451175332, 0.0030469361227, 0.000479498761706, 0.000558906234801, 0.000375744479243, 0.000932190974709, 3.9155176637e-05, 8.85918507265e-06, 4.49132176072e-06], "mean": [3.95272854803e-06, 0.000202962459298, 0.00100739451591, 0.00120262056589, 0.00251674768515, 0.00338276056573, 0.00301236170344, 0.00185559177771, 0.00249524717219, 0.000739625422284, 0.000997799797915, 0.000656052259728, 0.000235512285144, 0.000466121709906, 0.0004025369999, 0.000235558065469, 0.000171696185134, 6.89036896802e-05, 9.40024692682e-05, 5.82356260566e-05, 2.400187077e-05, 1.43728257171e-05, 8.17745967652e-06, 4.92607841807e-06, 9.69362304204e-07, 2.45137186994e-07, 8.55155377621e-08], "median": [9.28544295675e-07, 1.3614548152e-05, 0.000100017627119, 0.000234575185459, 0.00110841391142, 0.00166519731283, 0.00101207010448, 0.000628059613518, 0.0009121253388, 0.000238731736317, 0.000240937297349, 0.000160304043675, 0.000134423753479, 0.000239840854192, 0.000103717626189, 7.97207030701e-05, 4.31833323091e-05, 1.99366822926e-05, 2.2350162908e-05, 1.36877724799e-05, 7.80504251452e-06, 2.29393072004e-06, 1.80484801149e-06, 6.64286460506e-07, 1.76502865656e-07, 5.55594183993e-08, 1.26443353565e-08], "min": [2.80989355376e-24, 1.67241888232e-23, 1.19149724674e-23, 1.96896889376e-23, 2.48286254859e-23, 7.6805643434e-23, 1.05777782913e-23, 2.80139432692e-23, 7.85468677111e-23, 1.06445709863e-22, 3.79885340577e-23, 1.53622772683e-22, 1.05334627677e-22, 1.75969889463e-22, 1.24425414993e-22, 2.22736832964e-22, 8.87050043441e-23, 1.83301688934e-22, 3.69730674932e-22, 2.71948551074e-22, 4.63420970963e-22, 5.46845700128e-22, 6.25177139393e-22, 8.57999956616e-22, 1.20882500566e-21, 1.47007725919e-21, 2.67934382502e-21], "var": [1.43510189843e-10, 5.69400583572e-07, 1.28274623421e-05, 8.32743626233e-06, 1.41867394632e-05, 2.66611914412e-05, 2.91866053885e-05, 1.50037731146e-05, 2.12813392864e-05, 2.24422024075e-06, 3.73074408344e-06, 3.11443045575e-06, 1.08048844538e-07, 6.48982847906e-07, 1.30732041725e-06, 2.62864830347e-07, 1.49109823155e-07, 2.09928110451e-08, 2.21981522941e-07, 2.9438623983e-08, 1.66830860238e-09, 1.5041233814e-09, 4.42709008341e-10, 6.08336270247e-10, 6.55800977759e-12, 3.84375582578e-13, 8.35144941484e-14]}, "erbbands": {"dmean": [0.00142209313344, 0.0342893823981, 0.546104967594, 1.60148763657, 2.31372022629, 3.0641283989, 8.34305667877, 14.0789470673, 23.1518993378, 15.430018425, 18.6540775299, 23.1977138519, 9.96866416931, 11.3029375076, 16.6124172211, 10.2657794952, 5.38693809509, 8.191365242, 11.6082515717, 13.8473920822, 7.85217475891, 6.32151412964, 2.82173895836, 2.59442830086, 2.6408932209, 1.60892188549, 0.532509386539, 0.421347916126, 0.205110222101, 0.139952376485, 0.12673124671, 0.0857751145959, 0.0268495474011, 0.00530524970964, 0.00129856157582, 0.000434027024312, 9.50242829276e-05, 2.42081569013e-05, 5.39728171134e-06, 5.37332743988e-06], "dmean2": [0.00226478534751, 0.0555822178721, 0.850945770741, 2.58030748367, 3.69313120842, 4.38697957993, 12.5307741165, 21.2540912628, 37.3017196655, 21.0064105988, 23.619802475, 34.2226104736, 13.9005861282, 15.5730848312, 22.2200012207, 13.7191104889, 8.12001037598, 13.1011648178, 18.0240783691, 21.692358017, 13.2128458023, 10.4169521332, 4.78663253784, 4.34262275696, 4.46124410629, 2.73076033592, 0.87709736824, 0.712157130241, 0.334067970514, 0.237578943372, 0.21423278749, 0.136026576161, 0.0421672910452, 0.00835882406682, 0.00213165348396, 0.000711422122549, 0.000155155052198, 3.77688120352e-05, 8.23291884444e-06, 7.6641299529e-06], "dvar": [2.27800119319e-05, 0.0191480778158, 5.19637823105, 28.4085865021, 30.9872894287, 27.9937705994, 461.96182251, 730.270080566, 3129.62133789, 1072.29455566, 1534.69299316, 4327.64404297, 334.974975586, 589.604797363, 1109.47668457, 782.460754395, 88.4795761108, 350.06829834, 608.399414062, 2922.14111328, 484.552032471, 289.138397217, 34.7731628418, 200.842712402, 216.976776123, 41.7706413269, 1.50290429592, 1.1942898035, 0.453743368387, 0.186796560884, 0.402112722397, 0.516976237297, 0.0181523263454, 0.000279478350421, 8.21713456389e-06, 1.5413404526e-06, 1.23425110132e-07, 1.17783818254e-08, 3.54063139918e-10, 7.32763918987e-11], "dvar2": [5.54906728212e-05, 0.0511531718075, 12.6646747589, 83.0770187378, 87.2114181519, 59.2289390564, 1222.15515137, 1837.27490234, 9095.11035156, 1994.62756348, 2256.54370117, 9802.01367188, 597.167175293, 997.348815918, 1884.31567383, 1189.97106934, 193.555328369, 922.264465332, 1279.71252441, 8168.19873047, 1281.96508789, 803.496887207, 95.0612106323, 462.369934082, 539.07623291, 121.834091187, 4.02491855621, 3.42409801483, 1.02141058445, 0.500743091106, 1.08656525612, 1.20221316814, 0.0392917357385, 0.00066730909748, 2.18211698666e-05, 4.08486175729e-06, 3.15862678235e-07, 2.59464805197e-08, 9.93494730928e-10, 1.72315176017e-10], "max": [0.140141889453, 3.31372570992, 51.3976821899, 143.65083313, 93.864982605, 98.7814559937, 599.841552734, 497.44430542, 1080.53369141, 896.00390625, 933.856262207, 1227.33422852, 278.270935059, 964.702819824, 708.775146484, 525.242736816, 194.519927979, 328.151519775, 822.364379883, 1734.37231445, 435.057495117, 438.155822754, 101.573387146, 758.423217773, 745.991699219, 201.432983398, 24.0901985168, 18.0794296265, 18.3063697815, 9.89966011047, 13.5112533569, 35.3153114319, 3.96715974808, 0.772170901299, 0.142773911357, 0.0470714643598, 0.0223224181682, 0.0057577136904, 0.00103893969208, 0.000179147915333], "mean": [0.00309069827199, 0.0712927356362, 0.85460215807, 2.88771152496, 4.99377727509, 8.92339134216, 18.8827590942, 31.2918510437, 42.115978241, 39.4848327637, 50.4302139282, 55.5477409363, 22.7182331085, 28.1841602325, 39.3025932312, 19.5717887878, 12.6869306564, 14.7875328064, 21.3414897919, 24.8885765076, 12.8233823776, 10.7451667786, 5.11349153519, 4.26809597015, 4.26623439789, 2.9803378582, 1.09049403667, 0.822852671146, 0.492381185293, 0.333696216345, 0.239838823676, 0.14984190464, 0.0515261180699, 0.0160509776324, 0.00463188998401, 0.00160865252838, 0.000391098845284, 9.82237252174e-05, 2.56335970334e-05, 2.35619590967e-05], "median": [0.000379558943678, 0.00639628432691, 0.105178020895, 0.627014696598, 1.6431299448, 3.87879276276, 8.52981567383, 15.5598392487, 15.9791488647, 14.0952882767, 21.2428131104, 21.782119751, 10.5722198486, 12.4656457901, 13.2053098679, 7.06111907959, 7.76440525055, 7.67025089264, 9.85133075714, 7.06500911713, 4.59273958206, 3.52333784103, 2.0332326889, 1.53405797482, 1.20411682129, 0.817939281464, 0.381864905357, 0.197728127241, 0.104750372469, 0.0743236616254, 0.049052156508, 0.0181610547006, 0.00817752815783, 0.00294240913354, 0.00108136853669, 0.000348911329638, 9.98174218694e-05, 2.3544738724e-05, 1.21119392134e-05, 1.84985819942e-05], "min": [2.58940348343e-22, 4.24988273506e-21, 1.22082778813e-20, 6.10582012063e-20, 7.41778414833e-20, 5.24879832124e-20, 2.68819895503e-19, 6.75819071563e-19, 2.98876873078e-19, 3.13684284922e-19, 1.00075691607e-18, 1.4026122178e-18, 3.58430759745e-18, 2.71735221194e-18, 3.19414366651e-18, 4.91416297312e-18, 4.64056057781e-18, 1.05747894474e-17, 5.63969094661e-18, 1.36911733801e-17, 7.12195972681e-18, 5.5668010318e-18, 1.10356986207e-17, 1.78311254919e-17, 1.34917889381e-17, 1.2690555327e-17, 2.01370138722e-17, 1.60712755777e-17, 1.52174729843e-17, 2.38088272523e-17, 1.85631406294e-17, 1.36485487631e-17, 1.78787165013e-17, 1.24952439223e-17, 9.01526199802e-18, 6.09922245051e-18, 2.52298213878e-18, 1.39068396317e-18, 3.50751256297e-19, 3.89996756449e-20], "var": [0.000107334220957, 0.0581359304488, 8.90014743805, 47.3881530762, 80.1790084839, 165.054977417, 1024.04589844, 2026.22351074, 6722.59472656, 4269.02001953, 7672.48486328, 10871.9130859, 1238.00744629, 2285.15673828, 4425.62255859, 2007.21472168, 306.001525879, 573.481445312, 1561.5612793, 5031.31445312, 771.905517578, 535.847473145, 81.6079940796, 226.57850647, 236.911483765, 103.727813721, 4.00093173981, 2.84194540977, 1.59490787983, 0.625714361668, 0.525829195976, 0.822183012962, 0.0346953980625, 0.00210487074219, 9.70234250417e-05, 1.36146054501e-05, 1.1213480775e-06, 9.82481935807e-08, 3.72120911862e-09, 5.58269486195e-10]}, "gfcc": {"mean": [-124.70753479, 137.749771118, -152.358062744, -6.39954805374, -63.2669334412, -19.2960243225, -39.8380966187, -10.017911911, -17.9938659668, -7.71687984467, -13.5832605362, -9.8978471756, -7.52760362625], "cov": [[24091.0625, 4180.12451172, -2307.59204102, 1107.41674805, -1282.31750488, -192.47769165, -211.631866455, -680.577331543, 10.9624576569, -926.373168945, 89.5236663818, -518.532592773, 68.7583312988], [4180.12451172, 1660.2421875, -518.992614746, -144.72819519, -105.81640625, -209.543807983, -49.5454330444, -239.061080933, 29.9210700989, -162.885650635, 33.3814888, -165.858840942, 70.42552948], [-2307.59204102, -518.992614746, 888.241821289, 184.003982544, 152.831710815, 212.974136353, 14.1070604324, 70.9659423828, -68.5457687378, 84.7723922729, -62.1145439148, 21.6199092865, -81.153137207], [1107.41674805, -144.72819519, 184.003982544, 412.514770508, -18.8211917877, 111.592689514, 5.21710586548, 13.6188602448, -40.1750411987, -60.6696662903, -27.1593780518, 6.85642910004, -52.7136802673], [-1282.31750488, -105.81640625, 152.831710815, -18.8211917877, 218.965164185, 35.1890945435, 21.0773410797, 34.0600852966, -7.38822460175, 63.4687309265, -8.5648765564, 41.392326355, -1.33803606033], [-192.47769165, -209.543807983, 212.974136353, 111.592689514, 35.1890945435, 180.617324829, 28.5870780945, 13.7133903503, -21.6499576569, 3.87459254265, -8.08620357513, 5.02890539169, -23.3313331604], [-211.631866455, -49.5454330444, 14.1070604324, 5.21710586548, 21.0773410797, 28.5870780945, 82.9849472046, 36.3857002258, 0.28933173418, 7.42953968048, 0.82306009531, 16.9296455383, 2.56696796417], [-680.577331543, -239.061080933, 70.9659423828, 13.6188602448, 34.0600852966, 13.7133903503, 36.3857002258, 134.491638184, 22.5380573273, 25.3617782593, -14.501074791, 16.6270751953, -18.4434585571], [10.9624576569, 29.9210700989, -68.5457687378, -40.1750411987, -7.38822460175, -21.6499576569, 0.28933173418, 22.5380573273, 106.848945618, 35.055229187, 22.7347736359, -6.57711362839, 5.91526460648], [-926.373168945, -162.885650635, 84.7723922729, -60.6696662903, 63.4687309265, 3.87459254265, 7.42953968048, 25.3617782593, 35.055229187, 127.607673645, 19.0000743866, 21.4729003906, -0.153382003307], [89.5236663818, 33.3814888, -62.1145439148, -27.1593780518, -8.5648765564, -8.08620357513, 0.82306009531, -14.501074791, 22.7347736359, 19.0000743866, 92.3257293701, 32.5991783142, 15.512301445], [-518.532592773, -165.858840942, 21.6199092865, 6.85642910004, 41.392326355, 5.02890539169, 16.9296455383, 16.6270751953, -6.57711362839, 21.4729003906, 32.5991783142, 112.002006531, 20.6420040131], [68.7583312988, 70.42552948, -81.153137207, -52.7136802673, -1.33803606033, -23.3313331604, 2.56696796417, -18.4434585571, 5.91526460648, -0.153382003307, 15.512301445, 20.6420040131, 77.4129562378]], "icov": [[0.000573055294808, -0.00151276867837, 0.00126300554257, -0.00204335548915, 0.00215999782085, -0.00178731686901, 0.000999561278149, -0.000743776501622, 0.000450304331025, -0.000608661968727, 0.000306492234813, -0.000430108571891, 0.000105824350612], [-0.00151276867837, 0.00555620109662, -0.00323706143536, 0.00539229949936, -0.00659486744553, 0.00624027149752, -0.00368177541532, 0.00434981333092, -0.00205795187503, 0.00350772100501, -0.00177220453043, 0.00347811449319, -0.000915600336157], [0.00126300554257, -0.00323706143536, 0.00507099321112, -0.00491655291989, 0.00403425237164, -0.00587392505258, 0.00307924067602, -0.00214340421371, 0.00219866633415, -0.00292381504551, 0.00161329086404, -0.00100887077861, 0.00124975852668], [-0.00204335548915, 0.00539229949936, -0.00491655291989, 0.010917247273, -0.00717346090823, 0.00468991091475, -0.00321680097841, 0.00249733356759, -0.00165751576424, 0.00411233445629, -0.0007163627306, 0.000437280919868, 0.00134213536512], [0.00215999782085, -0.00659486744553, 0.00403425237164, -0.00717346090823, 0.0150527684018, -0.00805604364723, 0.00375845516101, -0.00459259329364, 0.00281719700433, -0.0057692178525, 0.00295871286653, -0.00487872958183, 0.000520256813616], [-0.00178731686901, 0.00624027149752, -0.00587392505258, 0.00468991091475, -0.00805604364723, 0.0164453592151, -0.00742899160832, 0.00558651797473, -0.0023573494982, 0.00431542051956, -0.00318024074659, 0.00449549313635, -0.00103194289841], [0.000999561278149, -0.00368177541532, 0.00307924067602, -0.00321680097841, 0.00375845516101, -0.00742899160832, 0.017782965675, -0.00720615545288, 0.00229050917551, -0.00247235735878, 0.00116662424989, -0.00354374339804, -0.000450129591627], [-0.000743776501622, 0.00434981333092, -0.00214340421371, 0.00249733356759, -0.00459259329364, 0.00558651797473, -0.00720615545288, 0.0149915041402, -0.00499715097249, 0.00323844654486, 0.000468739832286, 0.00228667864576, 0.00125657138415], [0.000450304331025, -0.00205795187503, 0.00219866633415, -0.00165751576424, 0.00281719700433, -0.0023573494982, 0.00229050917551, -0.00499715097249, 0.0137513875961, -0.00568355619907, -0.00187138142064, 0.000641901919153, -0.000138031988172], [-0.000608661968727, 0.00350772100501, -0.00292381504551, 0.00411233445629, -0.0057692178525, 0.00431542051956, -0.00247235735878, 0.00323844654486, -0.00568355619907, 0.0157542321831, -0.00366529636085, 0.00228284019977, -0.000269623793429], [0.000306492234813, -0.00177220453043, 0.00161329086404, -0.0007163627306, 0.00295871286653, -0.00318024074659, 0.00116662424989, 0.000468739832286, -0.00187138142064, -0.00366529636085, 0.0156089048833, -0.00671332748607, 0.000507152464706], [-0.000430108571891, 0.00347811449319, -0.00100887077861, 0.000437280919868, -0.00487872958183, 0.00449549313635, -0.00354374339804, 0.00228667864576, 0.000641901919153, 0.00228284019977, -0.00671332748607, 0.016473479569, -0.00470103882253], [0.000105824350612, -0.000915600336157, 0.00124975852668, 0.00134213536512, 0.000520256813616, -0.00103194289841, -0.000450129591627, 0.00125657138415, -0.000138031988172, -0.000269623793429, 0.000507152464706, -0.00470103882253, 0.0170549415052]]}, "melbands": {"dmean": [1.89886613953e-05, 0.000203813266126, 0.000284526438918, 0.000173152351636, 0.000257788720774, 0.00031840900192, 0.000324580119923, 0.000171652209247, 0.000172009225935, 0.000130216023535, 5.27596930624e-05, 4.97669352626e-05, 6.45627878839e-05, 4.69272017654e-05, 1.86075194506e-05, 1.16043511298e-05, 1.66816862475e-05, 2.31412632274e-05, 1.74952201633e-05, 1.29918344101e-05, 8.81365576788e-06, 7.04480316926e-06, 3.67786651623e-06, 2.74652029475e-06, 2.09321024158e-06, 2.78848028756e-06, 1.56825444719e-06, 9.32948694299e-07, 4.58904906964e-07, 1.99215094199e-07, 2.59315555695e-07, 1.1095691832e-07, 1.39525113241e-07, 7.16794161804e-08, 9.70641877984e-08, 4.96885519397e-08, 4.41654179895e-08, 2.32593286853e-08, 6.84681289442e-09, 3.81442744057e-09], "dmean2": [3.07526497636e-05, 0.000317245256156, 0.000460114737507, 0.000263310270384, 0.000379900098778, 0.000480254209833, 0.000519488588907, 0.000224070943659, 0.000226812378969, 0.000191458966583, 7.36177316867e-05, 6.87628562446e-05, 8.82028471096e-05, 5.97989965172e-05, 2.8357751944e-05, 1.82008243428e-05, 2.67396681011e-05, 3.66472049791e-05, 2.63667752733e-05, 2.11171118281e-05, 1.4879158698e-05, 1.16993369375e-05, 6.00654902883e-06, 4.7933026508e-06, 3.48682601725e-06, 4.6104669309e-06, 2.69187057711e-06, 1.5787288703e-06, 7.53979577439e-07, 3.41636024359e-07, 4.33502265196e-07, 1.78161883468e-07, 2.36131896258e-07, 1.21014593901e-07, 1.65367850968e-07, 8.08540221442e-08, 7.02589915136e-08, 3.66147290265e-08, 1.0729648281e-08, 6.13692963114e-09], "dvar": [5.05860864308e-09, 7.13286624432e-07, 7.87984390627e-07, 1.1524263499e-07, 3.78424772407e-07, 3.94644757762e-07, 5.9653802964e-07, 1.19721775604e-07, 1.43191243751e-07, 1.29347284883e-07, 9.91124160521e-09, 1.16841016862e-08, 1.78860055655e-08, 2.55886369871e-08, 2.00370497971e-09, 5.55382240197e-10, 1.21789534013e-09, 2.7169608785e-09, 4.02913524766e-09, 2.48513409851e-09, 7.32807259318e-10, 4.19192430767e-10, 9.85618670013e-11, 5.90362828068e-11, 1.63066768422e-10, 5.60028801111e-10, 1.92871500021e-11, 1.70830363744e-11, 1.41609185315e-12, 3.28879284917e-13, 5.64384205603e-13, 1.05516500214e-13, 4.19976146958e-13, 5.96039669985e-14, 2.96140689011e-13, 9.89088571788e-14, 1.50357550304e-13, 1.56653254821e-14, 9.31784946374e-16, 1.50080619552e-16], "dvar2": [1.32776989403e-08, 1.74543117737e-06, 2.28533963309e-06, 2.93817976171e-07, 9.65377694229e-07, 1.01175157852e-06, 1.73240539425e-06, 2.02297371743e-07, 2.3359689294e-07, 2.92703873583e-07, 1.77438046478e-08, 1.96818081832e-08, 3.25933093848e-08, 3.72803654614e-08, 4.10711686882e-09, 1.41938494291e-09, 3.15670622975e-09, 5.88376813937e-09, 8.8229379358e-09, 7.17792802973e-09, 1.90289650703e-09, 1.18877474531e-09, 2.48891962595e-10, 1.71163513918e-10, 3.74572955986e-10, 1.34996580581e-09, 5.81579263914e-11, 4.97654348286e-11, 3.79812934576e-12, 1.02297445688e-12, 1.50081498878e-12, 2.47330693252e-13, 9.69761597414e-13, 1.66093267612e-13, 8.02670267492e-13, 2.33063405814e-13, 3.49885593588e-13, 3.35733536512e-14, 2.2633874433e-15, 3.50738026371e-16], "max": [0.00220680818893, 0.0187473855913, 0.0228320211172, 0.00509659480304, 0.0165063235909, 0.0128263998777, 0.0140917301178, 0.00790865160525, 0.0064955917187, 0.00664451019838, 0.00155818974599, 0.00439779413864, 0.00329180434346, 0.00316000566818, 0.00142596301157, 0.000387644773582, 0.000648649525829, 0.00188917911146, 0.00237768795341, 0.00165765802376, 0.000563045148738, 0.000534043239895, 0.00027895331732, 0.000152109583723, 0.000683544727508, 0.00124095915817, 8.14314917079e-05, 0.000132738699904, 2.46942490776e-05, 1.07001906144e-05, 1.56849491759e-05, 7.61531418902e-06, 2.09460631595e-05, 9.19094327401e-06, 1.17593917821e-05, 1.52791162691e-05, 1.89640904864e-05, 3.74249589186e-06, 1.23671884467e-06, 6.36035849766e-07], "mean": [4.17420087615e-05, 0.000328199501382, 0.000568047573324, 0.000477892201161, 0.000642978819087, 0.00070975656854, 0.000608881993685, 0.000434357585618, 0.000460795796243, 0.000308279617457, 0.000110487104394, 0.000117082345241, 0.000154442997882, 7.937772898e-05, 3.52743518306e-05, 2.35358529608e-05, 2.84900688712e-05, 3.83436454285e-05, 3.22664964187e-05, 2.25769745157e-05, 1.27919383885e-05, 1.09452257675e-05, 6.69961627864e-06, 4.06147819376e-06, 3.22606388181e-06, 4.04304682888e-06, 2.60216734205e-06, 1.63138736298e-06, 8.11498182429e-07, 3.70524560367e-07, 4.82299640225e-07, 2.45920205089e-07, 2.97436884011e-07, 1.56045402377e-07, 1.62461134323e-07, 9.58796846362e-08, 7.35389775741e-08, 4.09798914802e-08, 1.61595821169e-08, 1.15035065917e-08], "median": [3.52656275027e-06, 3.15403631248e-05, 0.000140292424476, 0.00021288706921, 0.000313453871058, 0.000360618898412, 0.000230260804528, 0.000165557168657, 0.000183822310646, 0.000117759111163, 4.28226194344e-05, 5.06984397362e-05, 4.67033205496e-05, 1.54296576511e-05, 1.53469900397e-05, 1.25902088257e-05, 1.42921508086e-05, 1.48009612531e-05, 7.6501046351e-06, 6.94614755048e-06, 3.48140952156e-06, 2.81003781311e-06, 1.69597376498e-06, 9.60408897299e-07, 9.15212467589e-07, 8.77481170392e-07, 4.92889796533e-07, 3.34797135793e-07, 1.81966356649e-07, 8.41350313863e-08, 8.56943884742e-08, 4.72109427108e-08, 3.34654437495e-08, 2.72388973599e-08, 2.90704722516e-08, 1.15817613278e-08, 6.58550547428e-09, 5.04855268701e-09, 2.91449864243e-09, 1.71562719586e-09], "min": [3.67041675298e-24, 6.78589746926e-24, 9.86943405205e-24, 4.30130116218e-24, 7.44524319107e-24, 1.48280464638e-23, 4.52276084512e-24, 3.54506359969e-24, 9.34264930563e-24, 9.98183884244e-24, 1.72745045015e-23, 1.04471239927e-23, 7.60986268477e-24, 1.87351530427e-23, 7.03845759896e-24, 1.29654488366e-23, 2.024277194e-23, 8.16799360813e-24, 1.18511047108e-23, 1.87750189174e-23, 6.87856180436e-24, 5.2892630657e-24, 8.08672436881e-24, 8.89786980574e-24, 1.5566828901e-23, 1.19434353577e-23, 8.28536585563e-24, 7.79889663462e-24, 1.28873318855e-23, 1.05335784147e-23, 8.85129861334e-24, 6.66660434545e-24, 1.31964785857e-23, 1.22793993843e-23, 1.03725876812e-23, 1.01985752207e-23, 7.2194609448e-24, 1.43305308235e-23, 8.78487336968e-24, 1.16656797996e-23], "var": [2.28520296019e-08, 1.26236318465e-06, 1.55839222771e-06, 5.02347063502e-07, 1.06560946733e-06, 1.0267460766e-06, 1.30305670609e-06, 5.3429170066e-07, 6.23205096417e-07, 3.29466701032e-07, 3.51090996276e-08, 4.22193373595e-08, 7.8695393313e-08, 5.96294569277e-08, 5.53918555468e-09, 1.14584408628e-09, 2.08585904105e-09, 5.95311888674e-09, 1.1622836027e-08, 3.84235487871e-09, 1.10511189089e-09, 7.04483416047e-10, 3.09916620145e-10, 9.70147989721e-11, 1.82294346285e-10, 5.37105193654e-10, 3.9952787606e-11, 4.22748537565e-11, 3.16277559698e-12, 7.0163444282e-13, 1.31157899212e-12, 3.67592403999e-13, 1.1610355689e-12, 1.55033727826e-13, 3.22682771345e-13, 1.94655110173e-13, 2.36802764897e-13, 2.79077433905e-14, 2.95848533795e-15, 1.13258490619e-15]}, "mfcc": {"mean": [-753.505187988, 168.299621582, -31.2424964905, 4.26157665253, -15.1610298157, -12.4577608109, -17.9108982086, -11.2020435333, -10.8956651688, -1.39631533623, -9.05383968353, -8.66512107849, -3.46184182167], "cov": [[18904.5527344, 4154.32421875, -1301.0892334, 881.703369141, -788.672851562, 227.385757446, -458.063354492, 118.480613708, -371.388122559, -109.792243958, -351.680084229, -171.774871826, -10.221031189], [4154.32421875, 1983.91577148, -503.951690674, 47.1963386536, -203.872344971, -69.3781433105, -154.76763916, -145.522872925, -120.466003418, -11.3032798767, -100.645729065, -77.1169052124, -50.6016044617], [-1301.0892334, -503.951690674, 589.50567627, 65.2303543091, 148.853622437, 105.921836853, 81.6234741211, 47.8832244873, 31.2410049438, 6.24086952209, 54.066783905, -24.0505084991, -51.6720733643], [881.703369141, 47.1963386536, 65.2303543091, 247.850616455, 28.2715358734, 58.6373138428, 15.4101552963, 56.1924972534, -9.984623909, -27.0921421051, -9.75234794617, -1.12012696266, 14.2675895691], [-788.672851562, -203.872344971, 148.853622437, 28.2715358734, 176.061172485, 50.8863372803, 44.7352104187, 13.8760166168, 24.3490715027, 3.15984225273, 20.4076728821, 15.0183677673, 19.6736679077], [227.385757446, -69.3781433105, 105.921836853, 58.6373138428, 50.8863372803, 156.045455933, 42.7890815735, 24.2621803284, -10.1445798874, -9.86034965515, -3.01440882683, -19.0816631317, 2.34157061577], [-458.063354492, -154.76763916, 81.6234741211, 15.4101552963, 44.7352104187, 42.7890815735, 116.280471802, 33.3679504395, 12.8302736282, -10.4764204025, 5.74077510834, 1.52932322025, 1.62519776821], [118.480613708, -145.522872925, 47.8832244873, 56.1924972534, 13.8760166168, 24.2621803284, 33.3679504395, 125.415367126, 19.6805782318, -13.079413414, -5.60205030441, 14.202580452, 14.3200998306], [-371.388122559, -120.466003418, 31.2410049438, -9.984623909, 24.3490715027, -10.1445798874, 12.8302736282, 19.6805782318, 94.8726348877, 19.3949604034, 18.7792358398, 2.48605775833, 5.75711917877], [-109.792243958, -11.3032798767, 6.24086952209, -27.0921421051, 3.15984225273, -9.86034965515, -10.4764204025, -13.079413414, 19.3949604034, 111.457923889, 22.7496967316, -10.5339803696, -8.43602371216], [-351.680084229, -100.645729065, 54.066783905, -9.75234794617, 20.4076728821, -3.01440882683, 5.74077510834, -5.60205030441, 18.7792358398, 22.7496967316, 102.60408783, 18.3164043427, -2.50144195557], [-171.774871826, -77.1169052124, -24.0505084991, -1.12012696266, 15.0183677673, -19.0816631317, 1.52932322025, 14.202580452, 2.48605775833, -10.5339803696, 18.3164043427, 105.989494324, 49.6218070984], [-10.221031189, -50.6016044617, -51.6720733643, 14.2675895691, 19.6736679077, 2.34157061577, 1.62519776821, 14.3200998306, 5.75711917877, -8.43602371216, -2.50144195557, 49.6218070984, 127.728263855]], "icov": [[0.000222286878852, -0.000358303979738, 0.000168536251294, -0.000605245004408, 0.000615657656454, -0.000619977654424, 0.000474039581604, -0.000515016319696, 0.00012295958004, -0.000101794314105, 7.18153751222e-05, -1.9780740331e-05, -2.32997081184e-05], [-0.000358303979738, 0.00142102653626, 0.000341823499184, 0.000466173398308, -0.000760525814258, 0.000922450155485, -0.000346752232872, 0.00153397978283, 0.000266812421614, 0.000121693570691, 0.000174251938006, 0.00039850268513, 0.00039777168422], [0.000168536251294, 0.000341823499184, 0.00330380094238, -0.00107552867848, -0.00118751043919, -0.00143947789911, 4.80132875964e-05, -0.00047600036487, 0.000207458346267, -7.19887539162e-05, -0.000859127205331, 0.000622050371021, 0.00159504683688], [-0.000605245004408, 0.000466173398308, -0.00107552867848, 0.00698201777413, -0.00214699166827, 0.000393924856326, -0.000834596459754, -0.00108217750676, 0.000103274731373, 0.00110415217932, -0.000269363401458, 0.000166741010617, -0.00062512466684], [0.000615657656454, -0.000760525814258, -0.00118751043919, -0.00214699166827, 0.010277136229, -0.00315072876401, -0.000132925473736, -0.000110755914648, -0.00111175433267, -0.000590195297264, 0.000162476586411, -0.00120240834076, -0.00152225850616], [-0.000619977654424, 0.000922450155485, -0.00143947789911, 0.000393924856326, -0.00315072876401, 0.0107572199777, -0.00339622888714, 0.000885769259185, 0.00141789962072, 0.000361110491212, 2.11468486668e-05, 0.00209214910865, -0.000930942595005], [0.000474039581604, -0.000346752232872, 4.80132875964e-05, -0.000834596459754, -0.000132925473736, -0.00339622888714, 0.0123391682282, -0.0030205603689, -0.00026530836476, 0.000786673335824, 0.000121360055346, 6.67344938847e-05, 0.000317958241794], [-0.000515016319696, 0.00153397978283, -0.00047600036487, -0.00108217750676, -0.000110755914648, 0.000885769259185, -0.0030205603689, 0.0122132245451, -0.00237306486815, 0.000660232093651, 0.00128391024191, -0.00128060090356, -0.000161981501151], [0.00012295958004, 0.000266812421614, 0.000207458346267, 0.000103274731373, -0.00111175433267, 0.00141789962072, -0.00026530836476, -0.00237306486815, 0.0129435919225, -0.00187043962069, -0.00145569443703, 0.00122287706472, -0.0006079270388], [-0.000101794314105, 0.000121693570691, -7.19887539162e-05, 0.00110415217932, -0.000590195297264, 0.000361110491212, 0.000786673335824, 0.000660232093651, -0.00187043962069, 0.0102535057813, -0.00213933549821, 0.00136405567173, 7.75516455178e-05], [7.18153751222e-05, 0.000174251938006, -0.000859127205331, -0.000269363401458, 0.000162476586411, 2.11468486668e-05, 0.000121360055346, 0.00128391024191, -0.00145569443703, -0.00213933549821, 0.0118753928691, -0.00276018772274, 0.00081561418483], [-1.9780740331e-05, 0.00039850268513, 0.000622050371021, 0.000166741010617, -0.00120240834076, 0.00209214910865, 6.67344938847e-05, -0.00128060090356, 0.00122287706472, 0.00136405567173, -0.00276018772274, 0.0132357208058, -0.0044822092168], [-2.32997081184e-05, 0.00039777168422, 0.00159504683688, -0.00062512466684, -0.00152225850616, -0.000930942595005, 0.000317958241794, -0.000161981501151, -0.0006079270388, 7.75516455178e-05, 0.00081561418483, -0.0044822092168, 0.0107554029673]]}, "spectral_contrast_coeffs": {"dmean": [0.0408790335059, 0.0392446368933, 0.0346957668662, 0.0294185504317, 0.0211383923888, 0.0126842800528], "dmean2": [0.0666313022375, 0.0631094276905, 0.0545228794217, 0.0474518761039, 0.0347211770713, 0.0209084227681], "dvar": [0.00117337109987, 0.00107310560998, 0.000923213316128, 0.000591883435845, 0.000293805496767, 0.000115303977509], "dvar2": [0.00295052025467, 0.00286732777022, 0.00216131913476, 0.00151004770305, 0.000788406468928, 0.000286993075861], "max": [-0.291856735945, -0.478870987892, -0.449919015169, -0.568772315979, -0.600039601326, -0.592507719994], "mean": [-0.558099210262, -0.688948512077, -0.692199230194, -0.728812277317, -0.744018137455, -0.757675528526], "median": [-0.540572464466, -0.684513926506, -0.688692212105, -0.726945161819, -0.737417221069, -0.747206330299], "min": [-0.965412199497, -0.955024003983, -0.957248687744, -0.962377786636, -0.961944043636, -0.963720917702], "var": [0.0116348685697, 0.00515449699014, 0.00537071097642, 0.00354841980152, 0.00343753700145, 0.00344369816594]}, "spectral_contrast_valleys": {"dmean": [0.41439551115, 0.304646998644, 0.304256439209, 0.254211038351, 0.167344361544, 0.119265198708], "dmean2": [0.682070434093, 0.491063922644, 0.484151780605, 0.403910934925, 0.259088665247, 0.17623347044], "dvar": [0.161980032921, 0.128251999617, 0.132364094257, 0.109825901687, 0.076