{"lowlevel": {"average_loudness": 0.963131189346, "barkbands_crest": {"dmean": 2.9074344635, "dmean2": 4.73756122589, "dvar": 8.18954658508, "dvar2": 22.043970108, "max": 25.2910480499, "mean": 12.8558473587, "median": 12.6937847137, "min": 2.35440349579, "var": 16.3510150909}, "barkbands_flatness_db": {"dmean": 0.0222645848989, "dmean2": 0.0345306918025, "dvar": 0.000466531520942, "dvar2": 0.00124863476958, "max": 0.504906773567, "mean": 0.130458772182, "median": 0.110291011631, "min": 0.0179667584598, "var": 0.00457715103403}, "barkbands_kurtosis": {"dmean": 3.70090460777, "dmean2": 6.06434106827, "dvar": 56.7088661194, "dvar2": 148.067947388, "max": 135.817886353, "mean": 5.16677951813, "median": 2.45159578323, "min": -1.85397994518, "var": 105.932182312}, "barkbands_skewness": {"dmean": 0.611711382866, "dmean2": 0.969672977924, "dvar": 0.519290030003, "dvar2": 1.31667876244, "max": 10.3759813309, "mean": 2.01724815369, "median": 1.83124279976, "min": -2.19470643997, "var": 1.29840409756}, "barkbands_spread": {"dmean": 7.31844758987, "dmean2": 11.2546100616, "dvar": 52.9864349365, "dvar2": 130.541397095, "max": 96.2876663208, "mean": 29.6212978363, "median": 28.1873245239, "min": 0.720943033695, "var": 220.903198242}, "dissonance": {"dmean": 0.0120352525264, "dmean2": 0.0200309827924, "dvar": 0.000122546683997, "dvar2": 0.000340627651894, "max": 0.499999940395, "mean": 0.469927728176, "median": 0.476724088192, "min": 0.298863887787, "var": 0.000543700181879}, "dynamic_complexity": 2.26392006874, "erbbands_crest": {"dmean": 1.71592128277, "dmean2": 2.80885052681, "dvar": 2.70442199707, "dvar2": 7.14883947372, "max": 22.3723373413, "mean": 6.68566131592, "median": 5.96704006195, "min": 2.03380417824, "var": 7.85209846497}, "erbbands_flatness_db": {"dmean": 0.0123745780438, "dmean2": 0.0178369190544, "dvar": 0.000214772211621, "dvar2": 0.000429807114415, "max": 0.382447183132, "mean": 0.116162315011, "median": 0.0830350518227, "min": 0.0320234447718, "var": 0.00487559568137}, "erbbands_kurtosis": {"dmean": 0.458505004644, "dmean2": 0.71291577816, "dvar": 0.279097050428, "dvar2": 0.602787315845, "max": 52.1611289978, "mean": -0.25899502635, "median": -0.592042446136, "min": -1.73789525032, "var": 5.4455947876}, "erbbands_skewness": {"dmean": 0.240302339196, "dmean2": 0.368565648794, "dvar": 0.0393832996488, "dvar2": 0.0915456861258, "max": 6.39646577835, "mean": -0.110431283712, "median": -0.217323988676, "min": -3.22246837616, "var": 0.40384683013}, "erbbands_spread": {"dmean": 9.11397075653, "dmean2": 14.1672916412, "dvar": 85.1635055542, "dvar2": 196.647399902, "max": 148.912475586, "mean": 51.8369369507, "median": 50.9014053345, "min": 4.29833984375, "var": 327.792266846}, "hfc": {"dmean": 9.32388305664, "dmean2": 12.3985347748, "dvar": 213.258804321, "dvar2": 382.568328857, "max": 148.787994385, "mean": 28.930688858, "median": 22.649974823, "min": 1.11734643936e-16, "var": 602.698608398}, "melbands_crest": {"dmean": 3.28332996368, "dmean2": 5.31074762344, "dvar": 8.91935253143, "dvar2": 23.5264854431, "max": 32.4505996704, "mean": 17.4309635162, "median": 17.4398498535, "min": 1.9463186264, "var": 19.5438632965}, "melbands_flatness_db": {"dmean": 0.0285755228251, "dmean2": 0.0442915335298, "dvar": 0.000771061342675, "dvar2": 0.00201460369863, "max": 0.612617075443, "mean": 0.218702301383, "median": 0.204279080033, "min": 0.00494401575997, "var": 0.00516978651285}, "melbands_kurtosis": {"dmean": 12.7457580566, "dmean2": 21.0301380157, "dvar": 576.839599609, "dvar2": 1484.65087891, "max": 409.396942139, "mean": 22.7665672302, "median": 15.9437246323, "min": -1.7668595314, "var": 714.548400879}, "melbands_skewness": {"dmean": 0.990552842617, "dmean2": 1.57957410812, "dvar": 1.35605931282, "dvar2": 3.43541526794, "max": 16.6048412323, "mean": 3.87019014359, "median": 3.6690621376, "min": -1.27177357674, "var": 2.86762690544}, "melbands_spread": {"dmean": 6.45826339722, "dmean2": 10.2523822784, "dvar": 58.3866729736, "dvar2": 146.180282593, "max": 181.117797852, "mean": 19.0650558472, "median": 17.0854797363, "min": 1.00457239151, "var": 144.524719238}, "pitch_salience": {"dmean": 0.0808650776744, "dmean2": 0.133094891906, "dvar": 0.00603314768523, "dvar2": 0.016681002453, "max": 0.845346093178, "mean": 0.462128609419, "median": 0.458862274885, "min": 0.113534249365, "var": 0.0119321197271}, "silence_rate_20dB": {"dmean": 0, "dmean2": 0, "dvar": 0, "dvar2": 0, "max": 1, "mean": 1, "median": 1, "min": 1, "var": 0}, "silence_rate_30dB": {"dmean": 0.0808908492327, "dmean2": 0.16179870069, "dvar": 0.0743408277631, "dvar2": 0.192967623472, "max": 1, "mean": 0.947689056396, "median": 1, "min": 0, "var": 0.0495777912438}, "silence_rate_60dB": {"dmean": 0.00168084877077, "dmean2": 0.00336205074564, "dvar": 0.00167805736419, "dvar2": 0.0044015259482, "max": 1, "mean": 0.0127100842074, "median": 0, "min": 0, "var": 0.0125486319885}, "spectral_centroid": {"dmean": 252.945266724, "dmean2": 391.195343018, "dvar": 61402.2539062, "dvar2": 144170.828125, "max": 10810.6308594, "mean": 1571.75549316, "median": 1555.55505371, "min": 201.79296875, "var": 382828.8125}, "spectral_complexity": {"dmean": 4.20275259018, "dmean2": 5.84513568878, "dvar": 22.3662948608, "dvar2": 38.2307090759, "max": 61, "mean": 23.4517860413, "median": 23, "min": 0, "var": 131.795715332}, "spectral_decrease": {"dmean": 5.2898108116e-09, "dmean2": 8.85628015368e-09, "dvar": 8.5105926543e-17, "dvar2": 2.23770619844e-16, "max": 6.95192394372e-21, "mean": -1.01944728215e-08, "median": -7.94469290355e-09, "min": -7.61678151662e-08, "var": 8.00000979637e-17}, "spectral_energy": {"dmean": 0.020549248904, "dmean2": 0.0341940522194, "dvar": 0.00126426073257, "dvar2": 0.00330555741675, "max": 0.290297061205, "mean": 0.0411003418267, "median": 0.0325339213014, "min": 1.01007040755e-20, "var": 0.00122494471725}, "spectral_energyband_high": {"dmean": 0.000660072895698, "dmean2": 0.000874739256687, "dvar": 1.17785930343e-06, "dvar2": 1.81980112757e-06, "max": 0.0109356958419, "mean": 0.00180279102642, "median": 0.00111510686111, "min": 7.48437541882e-21, "var": 3.92544552597e-06}, "spectral_energyband_low": {"dmean": 0.0162817779928, "dmean2": 0.0276959519833, "dvar": 0.00106854201294, "dvar2": 0.00286712218076, "max": 0.267864793539, "mean": 0.0251575931907, "median": 0.0173803642392, "min": 6.24899889494e-23, "var": 0.000918670382816}, "spectral_energyband_middle_high": {"dmean": 0.0013730864739, "dmean2": 0.00195100985002, "dvar": 3.02903936245e-06, "dvar2": 6.44845204079e-06, "max": 0.0248407647014, "mean": 0.0045288442634, "median": 0.0039857821539, "min": 1.46266898439e-21, "var": 1.05436001832e-05}, "spectral_energyband_middle_low": {"dmean": 0.00562209682539, "dmean2": 0.00898745562881, "dvar": 0.000167953621713, "dvar2": 0.00039728890988, "max": 0.121173098683, "mean": 0.0102485781536, "median": 0.00707493256778, "min": 2.627544214e-22, "var": 0.000174340311787}, "spectral_entropy": {"dmean": 0.119670249522, "dmean2": 0.163218170404, "dvar": 0.0143313743174, "dvar2": 0.0283883791417, "max": 9.80107688904, "mean": 7.73730611801, "median": 7.89873695374, "min": 4.49459028244, "var": 0.262176632881}, "spectral_flux": {"dmean": 0.0394486784935, "dmean2": 0.0598946884274, "dvar": 0.00315728015266, "dvar2": 0.00624472368509, "max": 0.442289739847, "mean": 0.0963501781225, "median": 0.0728487148881, "min": 1.00502259293e-10, "var": 0.00525543373078}, "spectral_kurtosis": {"dmean": 1.54097032547, "dmean2": 2.55935931206, "dvar": 7.84579372406, "dvar2": 22.1858844757, "max": 92.2808227539, "mean": 4.53111982346, "median": 3.43895435333, "min": -1.21158862114, "var": 24.6971130371}, "spectral_rms": {"dmean": 0.00132810918149, "dmean2": 0.00213354849257, "dvar": 3.65005075764e-06, "dvar2": 9.11644110602e-06, "max": 0.0168290417641, "mean": 0.0058981301263, "median": 0.00563386268914, "min": 3.13916319154e-12, "var": 5.31014347871e-06}, "spectral_rolloff": {"dmean": 630.228393555, "dmean2": 1035.35241699, "dvar": 696935.5, "dvar2": 1610649.25, "max": 19358.3496094, "mean": 1262.11706543, "median": 882.861328125, "min": 64.599609375, "var": 1477036.375}, "spectral_skewness": {"dmean": 0.176695138216, "dmean2": 0.283458918333, "dvar": 0.0534142702818, "dvar2": 0.14861305058, "max": 7.57126903534, "mean": 1.4810179472, "median": 1.43094372749, "min": -0.0921592265368, "var": 0.188440486789}, "spectral_spread": {"dmean": 532472.875, "dmean2": 765635.1875, "dvar": 513659142144, "dvar2": 893470179328, "max": 40459124, "mean": 5480048.5, "median": 5930333, "min": 804805.9375, "var": 4555148886020.0}, "spectral_strongpeak": {"dmean": 0.204171836376, "dmean2": 0.348326355219, "dvar": 0.103735998273, "dvar2": 0.253174781799, "max": 6.47832918167, "mean": 0.477078229189, "median": 0.390202760696, "min": 0, "var": 0.151575937867}, "zerocrossingrate": {"dmean": 0.012366918847, "dmean2": 0.0149788660929, "dvar": 0.000176128669409, "dvar2": 0.000246795651037, "max": 0.50146484375, "mean": 0.0685730502009, "median": 0.06640625, "min": 0.005859375, "var": 0.00126799370628}, "barkbands": {"dmean": [0.000388435495552, 0.0135476645082, 0.00374637614004, 0.00140107795596, 0.00370132434182, 0.00108837184962, 0.000294889090583, 0.000305370806018, 0.000336601107847, 0.000397007068386, 0.000274487334536, 0.000108597421786, 0.000171318941284, 0.000151486543473, 0.00034678450902, 0.00037396181142, 0.000244163180469, 0.000117743598821, 0.000249000528129, 0.000126712839119, 0.000168447295437, 7.99052140792e-05, 8.87413843884e-05, 9.36240248848e-05, 0.000132490720716, 0.000102895959571, 5.46579613001e-05], "dmean2": [0.000605392968282, 0.0229528956115, 0.00682307640091, 0.00247934483923, 0.00595562113449, 0.00160710082855, 0.000481251685414, 0.000458319816971, 0.000535443483386, 0.000618328864221, 0.000450074468972, 0.000176828485564, 0.000285554735456, 0.000243872273131, 0.000565534515772, 0.000591581629124, 0.00037653016625, 0.000188148813322, 0.000382741622161, 0.000196214721655, 0.000235357205383, 0.000119372496556, 0.000121298297017, 0.000131738881464, 0.00017673689581, 0.000140773816383, 7.46446603443e-05], "dvar": [6.10362462794e-07, 0.000764736090787, 5.73616780457e-05, 9.16979206522e-06, 9.01277671801e-05, 2.68820485871e-06, 1.80869150768e-07, 3.01442582895e-07, 5.93923402903e-07, 3.05715502691e-07, 2.42039561726e-07, 3.28539897509e-08, 7.77579174382e-08, 5.41236460094e-08, 2.12928654264e-07, 2.56480120697e-07, 1.17153327039e-07, 3.14437933469e-08, 1.23790456996e-07, 4.29427444715e-08, 5.47190843747e-08, 2.25453664626e-08, 2.05646237816e-08, 2.53152787622e-08, 5.43400027198e-08, 3.4180530406e-08, 1.05764401681e-08], "dvar2": [1.48596541294e-06, 0.00205240142532, 0.000166626967257, 2.53935486398e-05, 0.000209731239011, 6.41086808173e-06, 4.53658657307e-07, 5.88928401157e-07, 1.39807002597e-06, 7.06539822204e-07, 6.02376587722e-07, 8.21631616077e-08, 2.12472514249e-07, 1.32376825945e-07, 5.60188027521e-07, 6.46393004899e-07, 2.59672304992e-07, 7.91048222482e-08, 2.79469389852e-07, 1.01765628813e-07, 1.0136780304e-07, 4.37585434554e-08, 3.45772157573e-08, 4.31467341855e-08, 1.03505769289e-07, 5.81470125383e-08, 1.79151804502e-08], "max": [0.00907750520855, 0.226882636547, 0.0639294311404, 0.0433419421315, 0.0932317525148, 0.0211218334734, 0.00862047821283, 0.0189218893647, 0.020221889019, 0.013109032996, 0.0129213985056, 0.00482537504286, 0.00516923284158, 0.004058430437, 0.0053476607427, 0.0088411308825, 0.004903155379, 0.00282801943831, 0.00606210529804, 0.00304101686925, 0.00362225738354, 0.00285844015889, 0.00172705901787, 0.00195468077436, 0.00236647087149, 0.00170940789394, 0.000972564157564], "mean": [0.000544235750567, 0.0188747663051, 0.0052029225044, 0.0014433482429, 0.00470693549141, 0.00223711319268, 0.000511739752255, 0.00059550779406, 0.000567614566535, 0.000694916641805, 0.000406487437431, 0.000172205647686, 0.000262865243712, 0.000255307997577, 0.000550304306671, 0.000763343472499, 0.000539918837603, 0.000234466511756, 0.000600004743319, 0.000286613154458, 0.000467365578515, 0.000197316709091, 0.00018190658011, 0.000206885742955, 0.000248790514888, 0.000230517835007, 0.000116961928143], "median": [0.000157786984346, 0.0112803094089, 0.00240780715831, 0.000636453391053, 0.00215989677235, 0.00138711906038, 0.000316891993862, 0.000217920023715, 0.000251831050264, 0.000467627891339, 0.000235451705521, 0.000102220590634, 0.000156182679348, 0.000142954697367, 0.000356705044396, 0.000536515610293, 0.000364535138942, 0.000153523636982, 0.000425432459451, 0.000185423268704, 0.000267519149929, 0.000111651774205, 9.64371429291e-05, 0.000105901126517, 0.000130089581944, 0.000138931238325, 7.7957927715e-05], "min": [3.60237276674e-24, 3.91620403848e-23, 1.6869099416e-23, 6.17719740644e-24, 2.84263092634e-23, 3.52942648329e-23, 2.40212894582e-23, 3.68492642938e-23, 7.67513003839e-23, 1.49443968209e-22, 6.69681124947e-23, 5.69630401208e-23, 1.08101939111e-22, 1.05416322113e-22, 4.8417789562e-23, 1.76160314175e-22, 1.7569481051e-22, 2.72939940972e-22, 2.07777038841e-22, 4.67201646805e-22, 3.89520986233e-22, 4.59276788016e-22, 5.55657162844e-22, 8.67782740608e-22, 1.18079840591e-21, 1.3419928044e-21, 2.63706512141e-21], "var": [8.3004846374e-07, 0.000657586671878, 5.39566026418e-05, 7.14509496902e-06, 9.16897915886e-05, 6.43159000902e-06, 3.93218357431e-07, 1.07107086933e-06, 1.07244557057e-06, 5.98090366566e-07, 3.67399394463e-07, 4.76196042598e-08, 1.07763682422e-07, 1.11276072801e-07, 3.36897130637e-07, 6.45822922252e-07, 3.42049361279e-07, 6.69965842803e-08, 3.85856793628e-07, 1.08208837446e-07, 2.47587109925e-07, 6.265833008e-08, 5.61965123325e-08, 7.41393151316e-08, 1.18684283734e-07, 8.83808937147e-08, 2.53946161877e-08]}, "erbbands": {"dmean": [0.394594579935, 3.1236076355, 5.10639190674, 3.60921621323, 13.1335344315, 9.61440563202, 6.11825227737, 11.9192609787, 4.56432342529, 6.69923067093, 3.13844060898, 9.16829299927, 8.29376983643, 13.5922784805, 11.168718338, 4.11967277527, 7.41046094894, 8.37286567688, 18.1314353943, 12.3653860092, 17.0957946777, 12.0433931351, 6.70846033096, 13.0359802246, 9.3539018631, 5.81389713287, 8.68969726562, 4.54654026031, 2.93811440468, 3.26909208298, 2.15383863449, 2.02556538582, 1.62873232365, 1.37840175629, 1.03134179115, 0.538561165333, 0.202038228512, 0.0459840558469, 0.00974124763161, 0.000584832159802], "dmean2": [0.642917513847, 5.42483329773, 9.35406970978, 6.38134336472, 21.9836578369, 15.5189228058, 9.96883201599, 17.00066185, 7.29218578339, 10.5048484802, 4.81954813004, 14.5508394241, 13.096487999, 21.0329837799, 18.5216140747, 6.56853151321, 12.2897453308, 13.5447101593, 29.7174015045, 19.5605430603, 26.3775272369, 18.2334728241, 10.5191555023, 20.3059558868, 14.6053085327, 8.98391342163, 12.4645004272, 6.44003391266, 4.29825401306, 4.46870136261, 3.11424827576, 2.78453087807, 2.21032118797, 1.87982201576, 1.39959180355, 0.726780116558, 0.286759346724, 0.0627755969763, 0.0136591447517, 0.000791108002886], "dvar": [0.595884561539, 44.2928543091, 114.03629303, 42.9155921936, 1544.36108398, 374.911560059, 93.3627166748, 291.749603271, 42.6841812134, 133.875411987, 23.7324619293, 467.164672852, 323.499389648, 359.037261963, 361.633026123, 48.6236228943, 140.126464844, 155.417053223, 588.446716309, 261.293060303, 483.37387085, 291.406829834, 88.7025222778, 360.936004639, 179.811828613, 97.4660110474, 148.834747314, 49.0943336487, 26.5704879761, 29.3509883881, 13.4682655334, 12.2000370026, 8.14244556427, 5.81439828873, 3.54337573051, 0.81362092495, 0.153551056981, 0.00674098869786, 0.00036548965727, 1.09866550702e-06], "dvar2": [1.48900663853, 123.831359863, 333.13394165, 119.576461792, 3946.00585938, 847.613769531, 217.933303833, 625.272460938, 102.363563538, 292.040313721, 49.9715652466, 1098.5838623, 765.123535156, 840.173278809, 951.866699219, 118.676429749, 381.651275635, 378.11529541, 1547.45776367, 659.787536621, 1113.85205078, 630.241394043, 213.428070068, 858.050720215, 420.840576172, 227.76739502, 295.156005859, 96.2697753906, 48.4964828491, 49.6397514343, 23.8067321777, 23.9349117279, 13.8170061111, 9.86849498749, 7.48560714722, 1.33505749702, 0.315074563026, 0.012510930188, 0.000643163511995, 1.77390415956e-06], "max": [6.69934749603, 56.0694885254, 89.4745254517, 71.7567901611, 362.46005249, 209.626235962, 137.364349365, 259.25289917, 241.470199585, 357.000183105, 143.919036865, 564.80682373, 516.950073242, 464.892669678, 689.780090332, 118.479515076, 229.940444946, 211.377868652, 299.7449646, 237.155914307, 584.088684082, 249.325317383, 138.575408936, 325.131286621, 172.885177612, 141.268844604, 218.287277222, 116.712722778, 107.872596741, 59.7310829163, 57.7561721802, 60.5330619812, 29.5345630646, 29.73869133, 17.4820346832, 9.66653060913, 3.54703974724, 0.786844611168, 0.167225196958, 0.00942441448569], "mean": [0.47875648737, 4.330265522, 7.31548118591, 5.05459308624, 13.2646312714, 13.8133945465, 10.9538879395, 25.0702171326, 9.51138877869, 13.6154298782, 6.20255804062, 15.87312603, 14.6688976288, 23.5377521515, 17.4155979156, 7.29692411423, 12.0427131653, 15.2424535751, 28.8904666901, 25.8068809509, 39.8120079041, 27.5256690979, 15.2424860001, 27.2209358215, 24.7326641083, 13.9308958054, 22.2179908752, 12.1305341721, 7.23599147797, 6.93796348572, 4.71236467361, 4.30048942566, 3.36246728897, 2.57110881805, 1.9169523716, 1.09029269218, 0.413512468338, 0.110364593565, 0.0195802375674, 0.001241666032], "median": [0.182784587145, 2.6944129467, 4.60871982574, 2.51516246796, 3.67132377625, 7.57770729065, 7.66931629181, 14.4715766907, 6.79868125916, 6.61806440353, 3.34702563286, 7.14420747757, 8.61935997009, 15.5245656967, 11.0028438568, 4.61645889282, 7.51213741302, 9.59300994873, 18.891708374, 19.3006057739, 30.2407150269, 18.7783031464, 10.9415559769, 18.8287296295, 16.8288612366, 9.63460159302, 12.2422904968, 7.46336126328, 4.44638204575, 3.10373735428, 2.74293231964, 2.15111303329, 1.78239440918, 1.29545247555, 0.983417153358, 0.617338061333, 0.241372913122, 0.0745130181313, 0.0123350629583, 0.000824749935418], "min": [1.15208871572e-21, 8.49820804413e-21, 2.43728234345e-20, 1.78757737029e-20, 1.01943845417e-19, 5.75048400899e-20, 1.58976850053e-19, 2.80707540731e-19, 2.87408815216e-19, 5.96165042393e-19, 9.41224727389e-19, 1.60514304808e-18, 3.78667071687e-18, 3.88900908866e-18, 3.41830051352e-18, 2.62543011201e-18, 4.28834914094e-18, 6.4552773821e-18, 3.06343713561e-18, 3.38288270765e-18, 1.11154330414e-17, 1.12155326489e-17, 1.49562725079e-17, 1.24029404921e-17, 1.0910587553e-17, 2.24683016603e-17, 1.55315054864e-17, 1.92506699935e-17, 1.95824752982e-17, 1.10161771582e-17, 1.57506008153e-17, 1.5638544312e-17, 1.60278436324e-17, 1.24560694756e-17, 9.77468907378e-18, 5.06953768425e-18, 2.37990781016e-18, 1.43760030335e-18, 3.36000118584e-19, 3.6185513497e-20], "var": [0.615697383881, 33.5867271423, 82.9363098145, 42.0654792786, 1317.97399902, 441.751800537, 133.341934204, 885.627624512, 130.230682373, 402.711975098, 66.1316223145, 857.512512207, 546.149780273, 675.174255371, 503.558776855, 74.5402603149, 200.405349731, 320.503204346, 942.880065918, 541.010620117, 1550.11047363, 838.203552246, 227.790100098, 884.560180664, 654.975830078, 244.190673828, 578.596252441, 185.711288452, 80.1625747681, 82.5985717773, 36.7241096497, 36.2412071228, 20.6398563385, 12.9503040314, 7.19680595398, 2.05835485458, 0.315436959267, 0.0187687836587, 0.000781221722718, 2.75572415376e-06]}, "gfcc": {"mean": [31.8193244934, 77.2366256714, -93.2632827759, 36.7211151123, -31.0424537659, 4.60528469086, -26.3130512238, 6.93009471893, -17.9021034241, 4.22951936722, -14.9196395874, 3.00881719589, 0.516456902027], "cov": [[8932.48242188, -3846.90991211, 1541.59558105, 68.8854675293, -168.375854492, 1009.91534424, -275.773620605, 464.456359863, -517.43170166, 211.920410156, -187.000335693, 360.808685303, -370.578857422], [-3846.90991211, 3834.10693359, -1817.703125, 97.8612747192, 193.402252197, -714.855773926, 335.30178833, -236.789367676, 584.107971191, -182.986099243, 210.784805298, -357.951385498, 379.235717773], [1541.59558105, -1817.703125, 1465.82177734, -86.1807327271, -0.166668072343, 434.004730225, -165.245956421, 110.268699646, -302.670349121, 87.3763427734, -115.495834351, 161.84362793, -208.188659668], [68.8854675293, 97.8612747192, -86.1807327271, 166.582748413, 24.864982605, 7.98288106918, 0.5062327981, 9.97537899017, 1.4434748888, -26.2645130157, 2.42421865463, -8.55204200745, 17.648103714], [-168.375854492, 193.402252197, -0.166668072343, 24.864982605, 178.485488892, -22.2058925629, 58.1328125, 8.91812801361, 22.3462467194, -13.3680086136, 14.8523464203, -0.700780034065, 30.4411048889], [1009.91534424, -714.855773926, 434.004730225, 7.98288106918, -22.2058925629, 297.702667236, -36.0164070129, 95.0426635742, -91.6311645508, 53.9787750244, -37.1106414795, 63.5521011353, -69.7087554932], [-275.773620605, 335.30178833, -165.245956421, 0.5062327981, 58.1328125, -36.0164070129, 126.239311218, 18.550163269, 79.5649719238, -1.35953950882, 29.6942653656, -24.1078071594, 42.733127594], [464.456359863, -236.789367676, 110.268699646, 9.97537899017, 8.91812801361, 95.0426635742, 18.550163269, 99.0771484375, 0.591015517712, 27.3629360199, -4.58198022842, 26.9864692688, -17.7356414795], [-517.43170166, 584.107971191, -302.670349121, 1.4434748888, 22.3462467194, -91.6311645508, 79.5649719238, 0.591015517712, 170.196914673, 11.7280044556, 53.2654800415, -54.7338104248, 65.2653656006], [211.920410156, -182.986099243, 87.3763427734, -26.2645130157, -13.3680086136, 53.9787750244, -1.35953950882, 27.3629360199, 11.7280044556, 82.1755065918, 25.4055137634, 31.6679592133, -15.0070171356], [-187.000335693, 210.784805298, -115.495834351, 2.42421865463, 14.8523464203, -37.1106414795, 29.6942653656, -4.58198022842, 53.2654800415, 25.4055137634, 70.9458999634, 8.2640914917, 28.1353435516], [360.808685303, -357.951385498, 161.84362793, -8.55204200745, -0.700780034065, 63.5521011353, -24.1078071594, 26.9864692688, -54.7338104248, 31.6679592133, 8.2640914917, 86.2383728027, -9.36641979218], [-370.578857422, 379.235717773, -208.188659668, 17.648103714, 30.4411048889, -69.7087554932, 42.733127594, -17.7356414795, 65.2653656006, -15.0070171356, 28.1353435516, -9.36641979218, 95.6240768433]], "icov": [[0.000256052182522, 0.000219822410145, 0.00020464361296, -6.2961531512e-05, -8.99023580132e-05, -0.000441779819084, 0.000180553237442, -0.000510223326273, 7.41762123653e-05, 6.09910748608e-05, -8.21731009637e-05, 2.86645881715e-05, 9.4843468105e-05], [0.000219822410145, 0.00239981850609, 0.000757864385378, -0.00011161686416, -0.00105493830051, 0.000175448571099, -0.000509157544002, 0.00144893128891, -0.00248859031126, 0.0022746019531, -0.00312072061934, 0.00447373930365, -0.00262306444347], [0.00020464361296, 0.000757864385378, 0.00248942407779, 0.000938130542636, -0.00165630655829, -0.00211507035419, 0.00102465355303, 0.000260844710283, 0.000398474337999, -2.48929736699e-05, 0.000391669018427, -0.000184420525329, 0.00120089203119], [-6.2961531512e-05, -0.00011161686416, 0.000938130542636, 0.00752131128684, -0.00140065699816, -0.00173282646574, 0.00190907716751, -0.00153271725867, 0.00108322582673, 0.00261707231402, -0.00157346867491, 0.000845506961923, -0.000884560402483], [-8.99023580132e-05, -0.00105493830051, -0.00165630655829, -0.00140065699816, 0.00831384304911, 0.00140420161188, -0.00388762145303, -0.00119750422891, 0.00155657401774, 0.000307088106638, 7.50370527385e-05, -0.0019363174215, -0.00084587559104], [-0.000441779819084, 0.000175448571099, -0.00211507035419, -0.00173282646574, 0.00140420161188, 0.0100923981518, -0.00163166213315, -0.00426929956302, 0.00129312369972, -0.00303249224089, 0.000763417920098, 0.00155040214304, -0.00127661426086], [0.000180553237442, -0.000509157544002, 0.00102465355303, 0.00190907716751, -0.00388762145303, -0.00163166213315, 0.0153521392494, -0.00485431868583, -0.00261297496036, 0.000613951415289, -0.00117229123134, 0.000516367494129, -0.000840141437948], [-0.000510223326273, 0.00144893128891, 0.000260844710283, -0.00153271725867, -0.00119750422891, -0.00426929956302, -0.00485431868583, 0.0219337586313, -0.00837434455752, 0.00120177294593, 0.00188098940998, -0.00333350407891, 0.00165784277488], [7.41762123653e-05, -0.00248859031126, 0.000398474337999, 0.00108322582673, 0.00155657401774, 0.00129312369972, -0.00261297496036, -0.00837434455752, 0.0232910942286, -0.00959453824908, -0.00405848119408, 0.00786990392953, -0.00455117318779], [6.09910748608e-05, 0.0022746019531, -2.48929736699e-05, 0.00261707231402, 0.000307088106638, -0.00303249224089, 0.000613951415289, 0.00120177294593, -0.00959453824908, 0.0257741101086, -0.0110055310652, -0.00277029373683, 0.00187862617895], [-8.21731009637e-05, -0.00312072061934, 0.000391669018427, -0.00157346867491, 7.50370527385e-05, 0.000763417920098, -0.00117229123134, 0.00188098940998, -0.00405848119408, -0.0110055310652, 0.0318265073001, -0.01605129987, 0.00471283961087], [2.86645881715e-05, 0.00447373930365, -0.000184420525329, 0.000845506961923, -0.0019363174215, 0.00155040214304, 0.000516367494129, -0.00333350407891, 0.00786990392953, -0.00277029373683, -0.01605129987, 0.03644663468, -0.0148046948016], [9.4843468105e-05, -0.00262306444347, 0.00120089203119, -0.000884560402483, -0.00084587559104, -0.00127661426086, -0.000840141437948, 0.00165784277488, -0.00455117318779, 0.00187862617895, 0.00471283961087, -0.0148046948016, 0.024591660127]]}, "melbands": {"dmean": [0.00364099442959, 0.00314706075005, 0.000914487580303, 0.000883423199411, 0.000242968642851, 0.000239504544879, 6.75520786899e-05, 7.74700529291e-05, 2.16566022573e-05, 6.13930315012e-05, 4.17740884586e-05, 5.77070895815e-05, 3.35209733748e-05, 1.83708780241e-05, 9.8169375633e-06, 2.00526283152e-05, 1.69467566593e-05, 2.70320033451e-05, 1.97460485651e-05, 2.98175255011e-05, 1.80556435225e-05, 1.46070260598e-05, 1.01270543382e-05, 5.04925492351e-06, 1.23259578686e-05, 9.42123642744e-06, 4.54407972938e-06, 4.24158997703e-06, 5.75778722123e-06, 4.92636308991e-06, 2.34634990193e-06, 1.76241212557e-06, 1.74461229108e-06, 1.93832170226e-06, 1.22120889046e-06, 1.30668900056e-06, 1.36789265071e-06, 1.03750278413e-06, 1.50825053424e-06, 1.07960249807e-06], "dmean2": [0.00609823921695, 0.00563922803849, 0.00160423235502, 0.00143572583329, 0.000394140719436, 0.000345256528817, 0.000108717933472, 0.000119224867376, 3.37511883117e-05, 9.75858201855e-05, 6.63078317302e-05, 8.95342163858e-05, 5.54165271751e-05, 3.00190204143e-05, 1.58853745234e-05, 3.35894037562e-05, 2.73868718068e-05, 4.44406869065e-05, 3.19417886203e-05, 4.84746742586e-05, 2.77075359918e-05, 2.26473421208e-05, 1.59122409968e-05, 8.00360157882e-06, 1.94694639504e-05, 1.47602995639e-05, 7.30129431759e-06, 6.72211126584e-06, 8.36828894535e-06, 7.17574766895e-06, 3.53466066372e-06, 2.65781227426e-06, 2.58325280811e-06, 2.60600813817e-06, 1.8197231384e-06, 1.89156526176e-06, 1.97478948394e-06, 1.45662488649e-06, 2.07469065572e-06, 1.45868136769e-06], "dvar": [5.35045692232e-05, 4.50399020337e-05, 3.88569560528e-06, 5.5673085626e-06, 1.29084156697e-07, 1.1966251634e-07, 9.53519840863e-09, 1.87218276437e-08, 1.07862063725e-09, 2.11043182929e-08, 7.92902898894e-09, 5.99303318083e-09, 3.14158032921e-09, 8.72360794713e-10, 1.99320324135e-10, 1.30423349898e-09, 7.19485193645e-10, 1.3081453698e-09, 9.02124319691e-10, 1.77805670187e-09, 5.36404476392e-10, 4.31113339472e-10, 2.31400926198e-10, 5.33479926901e-11, 3.29687110945e-10, 2.12533865507e-10, 4.34310851172e-11, 5.95059002073e-11, 6.61007082403e-11, 4.82802096913e-11, 1.51711785495e-11, 9.70506227466e-12, 9.6307727418e-12, 1.06204290154e-11, 4.93485590933e-12, 3.95364166753e-12, 6.59865651703e-12, 3.21725198565e-12, 6.83547272604e-12, 3.42049782595e-12], "dvar2": [0.00013968051644, 0.000129239982925, 1.05684948721e-05, 1.31612605401e-05, 2.95376821668e-07, 2.65223690121e-07, 2.31322090372e-08, 3.91498282681e-08, 2.31742758316e-09, 4.94998424472e-08, 1.8815425662e-08, 1.39037616975e-08, 8.11531464251e-09, 2.27513408113e-09, 4.76396311289e-10, 3.57791463124e-09, 1.77418546521e-09, 3.45037265426e-09, 2.33611219258e-09, 4.70266980912e-09, 1.18843745955e-09, 9.66470903307e-10, 5.33589616936e-10, 1.28505969754e-10, 8.00806865264e-10, 4.98683316863e-10, 1.06819053602e-10, 1.456489096e-10, 1.37181654924e-10, 9.70563629465e-11, 3.34992832085e-11, 1.91295260882e-11, 1.87533894663e-11, 1.8864855858e-11, 9.27130247574e-12, 7.8064551351e-12, 1.37489134661e-11, 5.47865528985e-12, 1.25295347014e-11, 5.85020617019e-12], "max": [0.0612699687481, 0.0540281869471, 0.0207911003381, 0.0231775678694, 0.00442783441395, 0.00503192236647, 0.00322563247755, 0.00444711185992, 0.000802835798822, 0.00378907099366, 0.0025748803746, 0.00171944638714, 0.00186066492461, 0.00106523383874, 0.000243090908043, 0.000680686964188, 0.00048183335457, 0.000449825980468, 0.000387087027775, 0.000645337800961, 0.000663796032313, 0.000290971685899, 0.00028048758395, 0.000104422979348, 0.000306522008032, 0.00018976489082, 9.26676148083e-05, 0.000121035285702, 0.0001338255679, 0.00011085535516, 5.19356835866e-05, 8.70782896527e-05, 3.35941767844e-05, 4.03738595196e-05, 4.3887852371e-05, 2.40672579821e-05, 4.83717412862e-05, 2.16549633478e-05, 2.75999209407e-05, 2.31601261476e-05], "mean": [0.00481665413827, 0.00473369471729, 0.0011390686268, 0.00106568064075, 0.000443683966296, 0.000501382397488, 0.000133868918056, 0.000156578578753, 3.960063259e-05, 0.000105100167275, 7.13934932719e-05, 9.70078326645e-05, 5.19265049661e-05, 2.98367649521e-05, 1.5883375454e-05, 2.97404421872e-05, 2.76584778476e-05, 4.22321572842e-05, 3.30393559125e-05, 5.45984621567e-05, 4.15153408539e-05, 3.04730529024e-05, 1.93826981558e-05, 1.08316326077e-05, 2.35257994063e-05, 2.15767868212e-05, 1.12050729513e-05, 8.43956877361e-06, 1.37443694257e-05, 1.18760244732e-05, 5.54037933398e-06, 3.94228436562e-06, 3.94267271986e-06, 3.65209666597e-06, 2.51175561061e-06, 2.70047553386e-06, 2.66359575107e-06, 2.18076775127e-06, 2.52536779044e-06, 2.01590933102e-06], "median": [0.00246315076947, 0.00347762019373, 0.000527153373696, 0.000443874276243, 0.000313994241878, 0.00029687435017, 9.05792403501e-05, 7.01588578522e-05, 2.24211544264e-05, 4.56692432635e-05, 4.1892300942e-05, 6.2458049797e-05, 3.28512032866e-05, 1.87025325431e-05, 1.01865944089e-05, 1.54881163326e-05, 1.48993112816e-05, 2.70942437055e-05, 2.04814750759e-05, 3.67929496861e-05, 3.16289260809e-05, 1.9481880372e-05, 1.17200215755e-05, 7.06733226252e-06, 1.54036006279e-05, 1.25883243527e-05, 7.72349449107e-06, 4.98003191751e-06, 7.46294062992e-06, 6.49949561193e-06, 3.24869370161e-06, 2.4366559046e-06, 1.76080584424e-06, 1.60444983521e-06, 1.4340580492e-06, 1.55815098424e-06, 1.21286632293e-06, 1.16152409646e-06, 1.15851332794e-06, 9.90790567812e-07], "min": [1.03302755488e-23, 1.2296704626e-23, 5.08507746444e-24, 7.25658000583e-24, 4.36480762049e-24, 6.93405422473e-24, 4.19473591465e-24, 6.51145946566e-24, 8.94520619322e-24, 1.06626415809e-23, 1.87120252187e-23, 1.56389639199e-23, 9.93757585705e-24, 8.60429206442e-24, 5.97297472871e-24, 1.08836764622e-23, 1.25544783374e-23, 5.18231088189e-24, 3.84870168414e-24, 6.28778268915e-24, 1.42955401092e-23, 9.88243447977e-24, 1.39026242695e-23, 1.28187317523e-23, 9.83402918577e-24, 7.20283885667e-24, 8.56638729792e-24, 1.73469377098e-23, 1.14588791244e-23, 7.35897730678e-24, 1.1578099673e-23, 1.08484167463e-23, 8.63916050529e-24, 5.52774715583e-24, 8.17499474866e-24, 1.11121455687e-23, 9.59185519875e-24, 1.20165130654e-23, 9.35185294581e-24, 1.08499179486e-23], "var": [4.93585139338e-05, 3.14131139021e-05, 3.32566128236e-06, 5.47163699594e-06, 1.97948722302e-07, 3.44220666193e-07, 2.7444958306e-08, 6.06641705758e-08, 2.44388664861e-09, 3.91987668991e-08, 1.32720394674e-08, 1.16102389924e-08, 4.56473481236e-09, 1.33528832436e-09, 2.96301871927e-10, 1.74729253288e-09, 1.45306056076e-09, 2.09675077301e-09, 1.45743139779e-09, 3.47232775866e-09, 1.72848535485e-09, 1.16026810382e-09, 5.14558007314e-10, 1.31860314334e-10, 7.30193960852e-10, 6.13796957705e-10, 1.43181536072e-10, 1.15667996015e-10, 2.32950408963e-10, 1.74554509735e-10, 4.62457745709e-11, 2.62709593662e-11, 2.75275236633e-11, 2.54659227733e-11, 1.20610717594e-11, 1.10540075357e-11, 1.72421018435e-11, 8.50113295731e-12, 1.37827379718e-11, 7.88811203856e-12]}, "mfcc": {"mean": [-622.18951416, 116.767204285, 2.70524811745, 38.8624725342, 16.0845050812, 9.47745990753, 5.49465179443, 2.76878166199, 9.65973758698, 3.05639648438, -6.99751996994, -2.13179087639, 1.69469916821], "cov": [[6152.93896484, -2110.52758789, 719.573791504, -174.131469727, 202.866195679, 239.487365723, 285.628662109, 261.846405029, -50.3857078552, -25.3288021088, 50.6421546936, 57.3270568848, 19.6360816956], [-2110.52758789, 2249.24707031, -989.200256348, 287.508239746, -165.592697144, -159.565887451, -172.277328491, -134.964538574, 173.832946777, 161.987930298, -16.2798881531, -29.1403255463, 34.6436386108], [719.573791504, -989.200256348, 909.261657715, -208.458206177, 170.612945557, 136.30581665, 109.373077393, 78.4701156616, -87.4484710693, -55.4638214111, 12.036898613, 36.1033782959, -43.5934791565], [-174.131469727, 287.508239746, -208.458206177, 177.200668335, 0.80639141798, -32.590965271, -15.6700839996, -7.11090993881, 23.8715248108, 7.64608049393, -14.7235364914, -23.2026004791, 5.16578149796], [202.866195679, -165.592697144, 170.612945557, 0.80639141798, 140.70652771, 44.7074432373, 49.7676544189, 35.0784873962, -7.38453578949, -6.88406467438, -12.3813381195, -1.27050018311, -6.24838542938], [239.487365723, -159.565887451, 136.30581665, -32.590965271, 44.7074432373, 92.3854446411, 49.8706550598, 25.9130554199, 2.02310037613, 3.0964345932, 4.00578260422, 19.5486125946, -2.36925530434], [285.628662109, -172.277328491, 109.373077393, -15.6700839996, 49.7676544189, 49.8706550598, 105.220031738, 50.5548553467, 6.35761594772, -2.61579608917, 1.94979655743, 16.371843338, -1.18038630486], [261.846405029, -134.964538574, 78.4701156616, -7.11090993881, 35.0784873962, 25.9130554199, 50.5548553467, 83.0204315186, 20.1456222534, 6.38760662079, 2.60664105415, 3.86047267914, 1.26318466663], [-50.3857078552, 173.832946777, -87.4484710693, 23.8715248108, -7.38453578949, 2.02310037613, 6.35761594772, 20.1456222534, 83.2571334839, 48.0211868286, -0.969456136227, 5.11800003052, 10.1181354523], [-25.3288021088, 161.987930298, -55.4638214111, 7.64608049393, -6.88406467438, 3.0964345932, -2.61579608917, 6.38760662079, 48.0211868286, 80.1144256592, 26.4868469238, 11.8251552582, 6.88813400269], [50.6421546936, -16.2798881531, 12.036898613, -14.7235364914, -12.3813381195, 4.00578260422, 1.94979655743, 2.60664105415, -0.969456136227, 26.4868469238, 59.9628181458, 32.9294052124, 5.69116210938], [57.3270568848, -29.1403255463, 36.1033782959, -23.2026004791, -1.27050018311, 19.5486125946, 16.371843338, 3.86047267914, 5.11800003052, 11.8251552582, 32.9294052124, 70.4957504272, 28.7342720032], [19.6360816956, 34.6436386108, -43.5934791565, 5.16578149796, -6.24838542938, -2.36925530434, -1.18038630486, 1.26318466663, 10.1181354523, 6.88813400269, 5.69116210938, 28.7342720032, 56.5078315735]], "icov": [[0.00028627490974, 0.000343798805261, 0.000181300682016, -0.00011622592865, -3.5656394175e-05, -0.000266609480605, -0.000145639991388, -0.000316352641676, 6.18827325525e-05, -0.000478478206787, 2.97517599392e-05, 2.03383879125e-05, -0.000136948132422], [0.000343798805261, 0.00157573784236, 0.00105728057679, -0.000766546989325, -0.000235924104345, -3.92383190047e-05, 0.00034308389877, 0.000651415786706, -0.000712484703399, -0.00214839121327, 0.000955285446253, -0.000742507167161, 0.000435892579844], [0.000181300682016, 0.00105728057679, 0.00355879985727, 0.00199508108199, -0.0025986796245, -0.00149515923113, 0.000418199691921, -0.000992490793578, 0.0014471517643, -0.000898311263882, 0.000647447537631, -0.00169707881287, 0.00218090857379], [-0.00011622592865, -0.000766546989325, 0.00199508108199, 0.00936655327678, -0.00312867877074, 0.000877411861438, -0.000340661237715, -0.000828476855531, -0.000351765978849, 0.00193587038666, -0.00065649591852, 0.00170245568734, -7.71350751165e-05], [-3.5656394175e-05, -0.000235924104345, -0.0025986796245, -0.00312867877074, 0.0121244285256, -0.00205856538378, -0.00251249596477, -0.00135429436341, 0.0013720454881, -0.00169218948577, 0.00281882891431, 0.00102589465678, -0.00117455236614], [-0.000266609480605, -3.92383190047e-05, -0.00149515923113, 0.000877411861438, -0.00205856538378, 0.0183441583067, -0.00535446917638, 0.00123425805941, -0.00142248847988, -0.00159983406775, 0.00181264942512, -0.0037661162205, 0.00146733620204], [-0.000145639991388, 0.00034308389877, 0.000418199691921, -0.000340661237715, -0.00251249596477, -0.00535446917638, 0.0179383549839, -0.00742411240935, -0.000610496557783, 0.00117161788512, 0.00101995642763, -0.00385221815668, 0.00205501634628], [-0.000316352641676, 0.000651415786706, -0.000992490793578, -0.000828476855531, -0.00135429436341, 0.00123425805941, -0.00742411240935, 0.0214473176748, -0.00783760007471, 0.00120115233585, -0.003014145419, 0.0035097587388, -0.00193607108667], [6.18827325525e-05, -0.000712484703399, 0.0014471517643, -0.000351765978849, 0.0013720454881, -0.00142248847988, -0.000610496557783, -0.00783760007471, 0.0262247361243, -0.0149430558085, 0.0093204099685, -0.00397311197594, 2.58171166934e-05], [-0.000478478206787, -0.00214839121327, -0.000898311263882, 0.00193587038666, -0.00169218948577, -0.00159983406775, 0.00117161788512, 0.00120115233585, -0.0149430558085, 0.0292090568691, -0.0153921553865, 0.00458158319816, -0.00130751240067], [2.97517599392e-05, 0.000955285446253, 0.000647447537631, -0.00065649591852, 0.00281882891431, 0.00181264942512, 0.00101995642763, -0.003014145419, 0.0093204099685, -0.0153921553865, 0.0325454771519, -0.0163050070405, 0.00566054601222], [2.03383879125e-05, -0.000742507167161, -0.00169707881287, 0.00170245568734, 0.00102589465678, -0.0037661162205, -0.00385221815668, 0.0035097587388, -0.00397311197594, 0.00458158319816, -0.0163050070405, 0.030222453177, -0.0147931603715], [-0.000136948132422, 0.000435892579844, 0.00218090857379, -7.71350751165e-05, -0.00117455236614, 0.00146733620204, 0.00205501634628, -0.00193607108667, 2.58171166934e-05, -0.00130751240067, 0.00566054601222, -0.0147931603715, 0.0262913927436]]}, "spectral_contrast_coeffs": {"dmean": [0.0489976704121, 0.046451702714, 0.0384012199938, 0.0312432702631, 0.0197302177548, 0.0175923947245], "dmean2": [0.0799691975117, 0.0739884823561, 0.0622870773077, 0.0503335334361, 0.0321628637612, 0.0277019739151], "dvar": [0.00207478343509, 0.00138559204061, 0.000928149442188, 0.000598702055868, 0.000237074607867, 0.000310100527713], "dvar2": [0.00494069140404, 0.00343391438946, 0.00238621653989, 0.00156140257604, 0.000628200243227, 0.000713868357707], "max": [-0.26157784462, -0.45283383131, -0.56492203474, -0.558355569839, -0.492467910051, -0.518674969673], "mean": [-0.67552036047, -0.692365586758, -0.756736218929, -0.765603005886, -0.785349309444, -0.746987164021], "median": [-0.683737516403, -0.696302890778, -0.759841561317, -0.764264583588, -0.782042860985, -0.752546668053], "min": [-0.97084581852, -0.968049108982, -0.959034621716, -0.970447897911, -0.955636799335, -0.959334969521], "var": [0.0052292062901, 0.00508091971278, 0.00299114175141, 0.00245056580752, 0.00139382539783, 0.0022010630928]}, "spectral_contrast_valleys": {"dmean": [0.381915986538, 0.376053601503, 0.323164969683, 0.286595851183, 0.252021551132, 0.323417246342], "dmean2": [0.626237571239, 0.608647882938, 0.516232788563, 0.429738610983, 0.344612270594, 0.414808779955], "dvar": [0.151299998164, 0.121222153306, 0.0994717329741, 0.0860861763358, 0.0850290805101, 0.189614295959], "dvar2": [0.346909463406, 0.256341934204, 0.20539970696, 0.154583334923, 0.14936029911, 0.351224571466], "max": [-4.87000131607, -5.11027240753, -5.54021787643, -5.8301410675, -5.59953308105, -7.8937048912], "mean": [-6.6216363906