{"lowlevel": {"average_loudness": 0.942382097244, "barkbands_crest": {"dmean": 1.83031129837, "dmean2": 2.68291735649, "dvar": 3.3443069458, "dvar2": 7.71110582352, "max": 25.7018852234, "mean": 11.555970192, "median": 11.2625617981, "min": 4.18130970001, "var": 12.0457000732}, "barkbands_flatness_db": {"dmean": 0.0247143469751, "dmean2": 0.0348673425615, "dvar": 0.000668575114105, "dvar2": 0.00128597894218, "max": 0.672767579556, "mean": 0.233391746879, "median": 0.219164550304, "min": 0.0493756569922, "var": 0.0075580701232}, "barkbands_kurtosis": {"dmean": 3.60441470146, "dmean2": 5.17425203323, "dvar": 26.6404705048, "dvar2": 60.3726959229, "max": 86.4166564941, "mean": 9.98623561859, "median": 7.656457901, "min": -1.81003940105, "var": 84.0723266602}, "barkbands_skewness": {"dmean": 0.468893527985, "dmean2": 0.647497713566, "dvar": 0.244013130665, "dvar2": 0.532316744328, "max": 8.83252811432, "mean": 2.25206542015, "median": 2.1640856266, "min": -2.67596101761, "var": 1.26081085205}, "barkbands_spread": {"dmean": 1.8601950407, "dmean2": 2.73555254936, "dvar": 11.243596077, "dvar2": 27.2238712311, "max": 92.1176452637, "mean": 7.67648601532, "median": 6.21427583694, "min": 0.41582146287, "var": 36.6938972473}, "dissonance": {"dmean": 0.0281582139432, "dmean2": 0.046455360949, "dvar": 0.000714809459168, "dvar2": 0.00176039116923, "max": 0.499403774738, "mean": 0.397822141647, "median": 0.411039561033, "min": 0.139718264341, "var": 0.00386040704325}, "dynamic_complexity": 2.79839539528, "erbbands_crest": {"dmean": 1.87477827072, "dmean2": 2.6980266571, "dvar": 3.95056819916, "dvar2": 9.18326377869, "max": 27.5695343018, "mean": 11.3820638657, "median": 10.7068624496, "min": 2.93076276779, "var": 15.2892656326}, "erbbands_flatness_db": {"dmean": 0.0238748025149, "dmean2": 0.0335679203272, "dvar": 0.000656328513287, "dvar2": 0.00130965362769, "max": 0.605118334293, "mean": 0.238278925419, "median": 0.226435735822, "min": 0.0560062527657, "var": 0.00618894258514}, "erbbands_kurtosis": {"dmean": 1.32480919361, "dmean2": 1.96827769279, "dvar": 3.47182416916, "dvar2": 7.99497032166, "max": 32.6744842529, "mean": 3.16716814041, "median": 2.24933004379, "min": -1.50709307194, "var": 12.0785303116}, "erbbands_skewness": {"dmean": 0.306073129177, "dmean2": 0.430772215128, "dvar": 0.103277385235, "dvar2": 0.232088118792, "max": 4.63709259033, "mean": 1.33527636528, "median": 1.2909526825, "min": -0.901853501797, "var": 0.53901964426}, "erbbands_spread": {"dmean": 4.10942316055, "dmean2": 5.94327688217, "dvar": 34.2374076843, "dvar2": 78.264755249, "max": 103.804824829, "mean": 20.9020080566, "median": 19.0428924561, "min": 1.23288166523, "var": 123.744422913}, "hfc": {"dmean": 2.99940180779, "dmean2": 3.91905260086, "dvar": 23.7363929749, "dvar2": 49.2415618896, "max": 90.3162765503, "mean": 14.1979722977, "median": 12.8490037918, "min": 1.22124614765e-16, "var": 101.291908264}, "melbands_crest": {"dmean": 2.03917741776, "dmean2": 3.02281951904, "dvar": 4.28701972961, "dvar2": 10.0397901535, "max": 30.692199707, "mean": 13.4763374329, "median": 13.0244169235, "min": 1.79610800743, "var": 16.9909553528}, "melbands_flatness_db": {"dmean": 0.0247748717666, "dmean2": 0.0343254320323, "dvar": 0.000782330695074, "dvar2": 0.00149188772775, "max": 0.797882497311, "mean": 0.290964066982, "median": 0.272554755211, "min": 0.00527300545946, "var": 0.0105151282623}, "melbands_kurtosis": {"dmean": 5.23322629929, "dmean2": 7.38612270355, "dvar": 69.6839370728, "dvar2": 149.103515625, "max": 221.579589844, "mean": 13.592918396, "median": 9.97156429291, "min": -1.43410670757, "var": 183.789337158}, "melbands_skewness": {"dmean": 0.501110196114, "dmean2": 0.689134597778, "dvar": 0.314927607775, "dvar2": 0.643974304199, "max": 12.0806264877, "mean": 2.32998585701, "median": 2.19290089607, "min": -1.27568912506, "var": 1.46105051041}, "melbands_spread": {"dmean": 1.90406572819, "dmean2": 2.64533877373, "dvar": 10.5507822037, "dvar2": 18.2778987885, "max": 162.56817627, "mean": 9.11680030823, "median": 7.56056451797, "min": 0.591745138168, "var": 76.7024307251}, "pitch_salience": {"dmean": 0.0496378876269, "dmean2": 0.0746798738837, "dvar": 0.00247517530806, "dvar2": 0.00564994337037, "max": 0.895393788815, "mean": 0.540851891041, "median": 0.547558903694, "min": 0.152545779943, "var": 0.00967145897448}, "silence_rate_20dB": {"dmean": 0, "dmean2": 0, "dvar": 0, "dvar2": 0, "max": 1, "mean": 1, "median": 1, "min": 1, "var": 0}, "silence_rate_30dB": {"dmean": 0.000478468893562, "dmean2": 0.000957166776061, "dvar": 0.000478241156088, "dvar2": 0.00143483863212, "max": 1, "mean": 0.999760806561, "median": 1, "min": 0, "var": 0.00023912031611}, "silence_rate_60dB": {"dmean": 0.00287081347778, "dmean2": 0.00574300065637, "dvar": 0.00286289071664, "dvar2": 0.00570950144902, "max": 1, "mean": 0.057402536273, "median": 0, "min": 0, "var": 0.0541082210839}, "spectral_centroid": {"dmean": 71.8763580322, "dmean2": 100.737739563, "dvar": 34579.7109375, "dvar2": 42807.0703125, "max": 11065.8359375, "mean": 590.188049316, "median": 525.476013184, "min": 234.310928345, "var": 102691.320312}, "spectral_complexity": {"dmean": 1.45550239086, "dmean2": 2.27805685997, "dvar": 2.15231394768, "dvar2": 4.57930850983, "max": 25, "mean": 12.6464958191, "median": 13, "min": 0, "var": 19.10014534}, "spectral_decrease": {"dmean": 1.4583240171e-09, "dmean2": 1.94855154234e-09, "dvar": 3.58695002592e-18, "dvar2": 6.44559936894e-18, "max": 3.64296545623e-18, "mean": -7.05033365023e-09, "median": -6.64861232735e-09, "min": -2.74834217606e-08, "var": 1.9241288111e-17}, "spectral_energy": {"dmean": 0.00573800876737, "dmean2": 0.00764096481726, "dvar": 5.48842763237e-05, "dvar2": 9.85084698186e-05, "max": 0.108620129526, "mean": 0.0278972871602, "median": 0.0263906419277, "min": 1.05953031518e-20, "var": 0.000299606355838}, "spectral_energyband_high": {"dmean": 0.000135365422466, "dmean2": 0.000186412667972, "dvar": 8.95876723916e-08, "dvar2": 2.04286223493e-07, "max": 0.00374416145496, "mean": 0.000267248164164, "median": 9.83917343547e-05, "min": 7.4051817609e-21, "var": 1.80710159725e-07}, "spectral_energyband_low": {"dmean": 0.000644702580757, "dmean2": 0.000943077146076, "dvar": 8.77260561083e-07, "dvar2": 1.76986520728e-06, "max": 0.0145344277844, "mean": 0.00180092954542, "median": 0.00115489715245, "min": 7.22668217753e-23, "var": 3.92285801354e-06}, "spectral_energyband_middle_high": {"dmean": 0.000841694767587, "dmean2": 0.00112025567796, "dvar": 3.81093400392e-06, "dvar2": 7.90156445873e-06, "max": 0.0454013459384, "mean": 0.0028590678703, "median": 0.00181914900895, "min": 1.71232122133e-21, "var": 1.26155537146e-05}, "spectral_energyband_middle_low": {"dmean": 0.00532731600106, "dmean2": 0.00720060104504, "dvar": 4.9382520956e-05, "dvar2": 8.96577330423e-05, "max": 0.101338371634, "mean": 0.0237793494016, "median": 0.0219605639577, "min": 1.87242484607e-22, "var": 0.00024273856252}, "spectral_entropy": {"dmean": 0.230650141835, "dmean2": 0.340621143579, "dvar": 0.0679410472512, "dvar2": 0.149257391691, "max": 9.79193973541, "mean": 6.39563179016, "median": 6.46076536179, "min": 3.92506074905, "var": 0.386979609728}, "spectral_flux": {"dmean": 0.0207084920257, "dmean2": 0.0322778783739, "dvar": 0.000564621412195, "dvar2": 0.00129513931461, "max": 0.233392730355, "mean": 0.0500682294369, "median": 0.0428205691278, "min": 1.02933488122e-10, "var": 0.00111095292959}, "spectral_kurtosis": {"dmean": 12.5395584106, "dmean2": 20.9278736115, "dvar": 2017.5892334, "dvar2": 5621.6171875, "max": 954.64440918, "mean": 30.1971530914, "median": 8.54942798615, "min": -1.19612514973, "var": 7802.75048828}, "spectral_rms": {"dmean": 0.000518703251146, "dmean2": 0.000689224514645, "dvar": 3.6812741655e-07, "dvar2": 6.60910473016e-07, "max": 0.0102942148224, "mean": 0.00490749068558, "median": 0.00507414713502, "min": 3.21510201275e-12, "var": 3.13343934977e-06}, "spectral_rolloff": {"dmean": 107.093460083, "dmean2": 173.136886597, "dvar": 164942.578125, "dvar2": 248874.15625, "max": 20047.4121094, "mean": 753.343994141, "median": 602.9296875, "min": 193.798828125, "var": 1492209.125}, "spectral_skewness": {"dmean": 0.55980181694, "dmean2": 0.914708614349, "dvar": 0.861899495125, "dvar2": 2.04768252373, "max": 23.9218482971, "mean": 3.2566318512, "median": 2.41263508797, "min": -0.0181013531983, "var": 9.64649963379}, "spectral_spread": {"dmean": 739044.5625, "dmean2": 1110096.125, "dvar": 1060459642880.0, "dvar2": 2048772669440.0, "max": 39864304, "mean": 3285192.5, "median": 3163896.75, "min": 100437.648438, "var": 2618568998910.0}, "spectral_strongpeak": {"dmean": 0.392736047506, "dmean2": 0.604487538338, "dvar": 0.356282889843, "dvar2": 0.804494261742, "max": 7.05678272247, "mean": 1.42493951321, "median": 1.25417053699, "min": 0, "var": 0.94033062458}, "zerocrossingrate": {"dmean": 0.00525813503191, "dmean2": 0.00639182236046, "dvar": 8.75018595252e-05, "dvar2": 9.65904982877e-05, "max": 0.5634765625, "mean": 0.0341154560447, "median": 0.02880859375, "min": 0.009765625, "var": 0.00112015393097}, "barkbands": {"dmean": [7.6466739074e-07, 0.000144896257552, 0.000369082059478, 0.000903542211745, 0.00253963307478, 0.00291677727364, 0.000693160633091, 0.000382725876989, 0.000597966718487, 0.000208148325328, 0.000179524140549, 0.000336715689627, 0.000310694711516, 4.39649375039e-05, 0.000123297344544, 2.50341363426e-05, 1.70773546415e-05, 1.41622822412e-05, 1.82037547347e-05, 2.54034366662e-05, 2.97260048683e-05, 4.91948667332e-05, 1.8042181182e-05, 2.12858103623e-05, 1.40086985994e-05, 1.52759148477e-05, 4.22129323852e-06], "dmean2": [1.2819884887e-06, 0.000204036841751, 0.00055194174638, 0.00144164729863, 0.00340740615502, 0.00390785885975, 0.000920969294384, 0.000515187974088, 0.00075724470662, 0.000259617750999, 0.000266866496531, 0.000449523475254, 0.000392212794395, 6.83823091094e-05, 0.000174984917976, 3.46601955243e-05, 2.3024442271e-05, 2.11443439184e-05, 2.61955719907e-05, 3.56117088813e-05, 4.00685421482e-05, 6.92676476319e-05, 2.59160951828e-05, 3.08549606416e-05, 2.12071845453e-05, 2.70140153589e-05, 7.41581152397e-06], "dvar": [7.17963327679e-11, 8.98511629543e-08, 3.57544791996e-07, 2.71951125796e-06, 1.75166533154e-05, 2.38145476033e-05, 1.48052720306e-06, 3.10098016598e-07, 1.85348096693e-06, 1.66722344375e-07, 1.02817466541e-07, 8.29585928841e-07, 1.80349320544e-06, 6.02710858999e-09, 1.23625156334e-07, 4.01412947326e-09, 2.32859909133e-09, 9.92583903958e-10, 2.44303532959e-09, 2.8828293086e-09, 4.1082124369e-09, 1.32090223204e-08, 1.4018258776e-09, 2.75823008877e-09, 2.25740381943e-09, 7.19157577933e-09, 5.19040532776e-10], "dvar2": [1.79896514352e-10, 1.53545059334e-07, 8.01665578365e-07, 6.73127351547e-06, 3.16550867865e-05, 4.32422239101e-05, 2.4906642011e-06, 5.51866037313e-07, 2.82592282019e-06, 2.8918151429e-07, 2.09072226198e-07, 1.76950334208e-06, 3.82749476557e-06, 1.56965018761e-08, 2.09184506161e-07, 6.76391387344e-09, 3.30206240129e-09, 2.16489892679e-09, 4.95423924107e-09, 5.90521942456e-09, 7.16243997445e-09, 2.93162276677e-08, 3.0596518652e-09, 6.11591577382e-09, 5.82687675887e-09, 2.05031209788e-08, 1.44040734895e-09], "max": [0.000223915325478, 0.00604656664655, 0.0106660909951, 0.0228376276791, 0.0646173283458, 0.0792504027486, 0.0212504528463, 0.00917321909219, 0.0319212786853, 0.00745074497536, 0.00499129388481, 0.0238210875541, 0.0385903343558, 0.00112431822345, 0.0113818300888, 0.00116721540689, 0.00138350401539, 0.000527095922735, 0.0010650010081, 0.000976124894805, 0.000924073799979, 0.00165514380205, 0.000427175895311, 0.000680019147694, 0.000967768603005, 0.00154204410501, 0.000453040673165], "mean": [5.53519441837e-07, 0.00032473859028, 0.000811032485217, 0.00154977012426, 0.00567420292646, 0.0103820953518, 0.00291090249084, 0.00134545459878, 0.00159071909729, 0.000661331694573, 0.000409887492424, 0.000711186672561, 0.000651968992315, 0.000103211466921, 0.000310723698931, 5.02555558342e-05, 4.35616348113e-05, 3.35230797646e-05, 4.23052770202e-05, 5.35255167051e-05, 6.60592413624e-05, 8.09282428236e-05, 2.98339346045e-05, 2.99106250168e-05, 1.57735339599e-05, 1.09559141492e-05, 2.9442082905e-06], "median": [1.77297501125e-08, 8.14028389868e-05, 0.000424500205554, 0.000814066792373, 0.00354168214835, 0.00807144027203, 0.00166594248731, 0.00094238051679, 0.000518671120517, 0.00028164323885, 0.000168187558302, 0.0002468288003, 8.80791776581e-05, 5.703273564e-05, 0.000104701677628, 1.61081061378e-05, 1.88904650713e-05, 1.34644051286e-05, 1.7254427803e-05, 2.08013261727e-05, 2.26745632972e-05, 2.234398562e-05, 9.5433115348e-06, 5.26776420884e-06, 1.71317299191e-06, 4.11848930071e-07, 4.72768917348e-08], "min": [1.51310290048e-23, 1.65425252007e-23, 3.38891016123e-23, 1.62074659976e-23, 1.88382161423e-23, 2.85159775048e-23, 2.71204068328e-23, 2.59145382758e-23, 6.24160127292e-23, 9.65287500972e-23, 9.62340758392e-23, 6.09588541086e-23, 1.07130807161e-22, 1.25373373366e-22, 1.46132784512e-22, 1.16794126058e-22, 3.20753949019e-22, 1.77575985023e-22, 2.48235316532e-22, 3.96346135055e-22, 5.24058398963e-22, 4.37430010998e-22, 4.63996119983e-22, 7.63271519633e-22, 9.54986075644e-22, 1.58656119252e-21, 2.70466815334e-21], "var": [5.5942687982e-11, 4.51649952993e-07, 1.07183859654e-06, 4.36879145127e-06, 4.49678664154e-05, 9.73485075519e-05, 1.10133842099e-05, 1.89674994999e-06, 7.78849243943e-06, 8.81572930211e-07, 3.78512254429e-07, 1.89186232546e-06, 3.78052459382e-06, 1.72418292976e-08, 6.31416469332e-07, 1.09197486609e-08, 8.39160740895e-09, 3.1395537281e-09, 6.88340007216e-09, 7.89274778867e-09, 1.45226408677e-08, 2.44109727987e-08, 2.61097854448e-09, 5.03021135856e-09, 2.19059437256e-09, 4.21297974285e-09, 3.28545884942e-10]}, "erbbands": {"dmean": [0.00071931979619, 0.0475615859032, 0.376732051373, 1.43228793144, 9.17562389374, 5.44904661179, 11.7675628662, 26.6343593597, 20.7716808319, 4.34006547928, 9.91516685486, 11.4695215225, 11.1683692932, 5.93846511841, 6.91106081009, 16.9521617889, 16.0691165924, 2.70858073235, 7.09133243561, 2.23237395287, 1.53936243057, 0.810544371605, 0.760685026646, 0.676782548428, 1.03216481209, 1.03318762779, 1.13651478291, 1.68332028389, 1.69685792923, 0.748473286629, 0.500048756599, 0.368031591177, 0.408113449812, 0.188073575497, 0.0886523574591, 0.0519071891904, 0.0320787169039, 0.00830131489784, 0.000686870596837, 2.34079780057e-05], "dmean2": [0.00104169419501, 0.0672689452767, 0.554695606232, 2.17437982559, 12.4974508286, 7.5569062233, 17.031337738, 36.3378868103, 26.2276096344, 6.03814649582, 13.0963830948, 14.4284677505, 13.7853288651, 8.13537406921, 10.0181264877, 22.8055610657, 20.2440948486, 3.97695040703, 10.075592041, 3.27318286896, 2.12538409233, 1.06714046001, 1.11802637577, 0.968873143196, 1.52451264858, 1.45328128338, 1.54459869862, 2.24497818947, 2.42009091377, 1.05119276047, 0.716990530491, 0.537939488888, 0.590792238712, 0.280191957951, 0.143092542887, 0.0876224562526, 0.0579533204436, 0.0148918181658, 0.0011865796987, 3.84953600587e-05], "dvar": [2.1871142053e-06, 0.00901582557708, 0.400556147099, 5.24978923798, 333.10647583, 68.4296722412, 343.259552002, 2816.98706055, 1354.88745117, 53.0788078308, 215.499832153, 477.868499756, 745.597167969, 171.307601929, 106.929695129, 2132.13574219, 4592.45898438, 33.6223907471, 470.049407959, 19.9775714874, 15.1686944962, 8.78152942657, 2.52530384064, 4.04474782944, 7.8738694191, 3.57518744469, 4.91738176346, 18.9905605316, 17.3685112, 3.24110603333, 1.13519358635, 0.692756772041, 1.19397199154, 0.358209967613, 0.105045318604, 0.0450434088707, 0.0503296516836, 0.00215159007348, 9.37006188906e-06, 7.7842488011e-09], "dvar2": [3.95597271563e-06, 0.015802776441, 0.861248016357, 11.9228839874, 608.460205078, 146.924789429, 649.663208008, 5161.42285156, 2186.28808594, 102.968765259, 369.62109375, 797.217163086, 1065.72570801, 317.728393555, 217.92628479, 4605.41113281, 9691.39257812, 78.2077789307, 795.67980957, 46.1450233459, 26.214263916, 11.8057537079, 5.18307447433, 7.59082174301, 18.0524959564, 7.35737419128, 9.6683216095, 35.8010139465, 40.3814163208, 7.92035770416, 2.45005726814, 1.53824615479, 2.6761443615, 0.906777441502, 0.284202188253, 0.125742673874, 0.144509986043, 0.00609099538997, 2.45657229243e-05, 2.15184368102e-08], "max": [0.0316232219338, 1.89003992081, 10.1119241714, 28.2768878937, 279.427124023, 119.596733093, 306.978942871, 910.489929199, 650.000488281, 161.173202515, 248.216201782, 383.70098877, 700.839111328, 237.016189575, 150.647109985, 1212.86755371, 1946.15576172, 116.65700531, 703.531738281, 79.1282424927, 81.1826782227, 89.6362915039, 28.618894577, 70.6381378174, 53.8106613159, 30.3505649567, 38.6385917664, 72.3950424194, 58.5555267334, 26.4025783539, 14.3297071457, 11.8516979218, 14.3688211441, 11.402223587, 6.94529151917, 2.84775972366, 4.35670471191, 0.82706952095, 0.0342139787972, 0.00133723078761], "mean": [0.00169588986319, 0.107180938125, 0.82528924942, 3.42068052292, 15.2938890457, 14.1338529587, 35.2629089355, 87.3763504028, 83.6242141724, 17.7965927124, 36.2989425659, 34.0121688843, 33.4293670654, 18.188621521, 17.5659503937, 37.5101165771, 34.5764007568, 7.0848107338, 18.0782546997, 5.50248718262, 3.41375231743, 2.2938888073, 1.94009947777, 1.78273189068, 2.24083662033, 2.38071727753, 2.56771588326, 3.27787804604, 2.89935350418, 1.28913557529, 0.844608724117, 0.560455918312, 0.535713672638, 0.224892392755, 0.0903232768178, 0.0445161797106, 0.0210526492447, 0.00549234030768, 0.000516982807312, 4.55914268969e-05], "median": [0.000626821245532, 0.0323597304523, 0.43097409606, 2.19450497627, 5.25382471085, 9.82032394409, 22.7283611298, 60.395401001, 48.3684387207, 11.43891716, 24.187582016, 15.0190601349, 12.4490737915, 7.7563328743, 10.5304050446, 15.4706001282, 6.7482175827, 3.99567747116, 5.48050546646, 2.99814248085, 1.35255134106, 0.982433438301, 0.922942280769, 0.807657003403, 0.942469716072, 1.04585421085, 1.05662536621, 0.958334028721, 0.830960512161, 0.385698437691, 0.257355898619, 0.129024118185, 0.0707292631269, 0.0274571552873, 0.00897555798292, 0.00258237984963, 0.000549634802155, 0.000100503886642, 2.67250361503e-05, 3.30689872499e-05], "min": [8.75546545555e-22, 2.57510796067e-21, 2.73896496793e-20, 6.27580315157e-20, 1.8453628831e-20, 6.80250329803e-20, 1.70051945425e-19, 2.86553277819e-19, 2.77825178188e-19, 4.89834076576e-19, 8.98487613861e-19, 1.59854783366e-18, 1.24539754679e-18, 3.52222769248e-18, 4.61901376362e-18, 3.21156822611e-18, 4.64093984012e-18, 5.16133322555e-18, 9.58173513383e-18, 4.12575107511e-18, 1.13032220656e-17, 1.71757602188e-17, 1.1125126771e-17, 9.83166279283e-18, 1.34792430897e-17, 2.2763092287e-17, 2.29051208525e-17, 1.55781502011e-17, 1.54467260911e-17, 1.82735347708e-17, 1.20636864259e-17, 1.4208908207e-17, 1.34150844798e-17, 1.17199804737e-17, 5.51811648967e-18, 5.19394233966e-18, 3.06814958356e-18, 1.49928336842e-18, 3.72090344752e-19, 3.94363526913e-20], "var": [9.77395848167e-06, 0.0437180176377, 1.29975414276, 14.7345218658, 713.360412598, 207.76184082, 1358.36376953, 9926.97558594, 9135.36230469, 397.968414307, 1414.37255859, 2275.93530273, 3256.58276367, 750.744995117, 406.154968262, 4606.73681641, 9642.49023438, 84.6709976196, 2390.89404297, 66.9008636475, 43.9236488342, 30.7541046143, 8.83869457245, 16.7641944885, 15.5046138763, 13.6486358643, 16.8073101044, 47.1753158569, 30.8646659851, 5.73970794678, 2.34244251251, 1.31514525414, 2.04286956787, 0.378402650356, 0.0841566547751, 0.0296019930393, 0.0286694988608, 0.0012757194927, 6.86424391461e-06, 5.68035840587e-09]}, "gfcc": {"mean": [-65.5310821533, 138.236846924, -115.670288086, -0.429367035627, -85.4268569946, -8.61869621277, -40.6040534973, -24.0169124603, -26.0727996826, -5.40500450134, -12.2688999176, -9.7489900589, -7.86665582657], "cov": [[16670.0722656, -3249.46777344, -1558.22399902, 1956.21984863, -931.477905273, 1042.70080566, -407.69519043, 282.431335449, -381.032104492, 292.180480957, -383.056091309, 277.567626953, -171.754013062], [-3249.46777344, 2542.19873047, 33.6662216187, -564.369262695, 336.222106934, -543.030517578, 297.074188232, -273.40322876, 261.320251465, -256.556854248, 226.229492188, -247.714797974, 136.622528076], [-1558.22399902, 33.6662216187, 813.644348145, -351.226959229, 82.2868652344, 4.44531774521, -30.3495635986, 113.600608826, -47.5922241211, 24.3824062347, -49.2971229553, 51.4530982971, -50.3616523743], [1956.21984863, -564.369262695, -351.226959229, 703.817932129, -76.0893783569, 204.500015259, 11.3909826279, 26.8396282196, 4.5954284668, 33.5969390869, -27.8526325226, 15.9815282822, -8.72127437592], [-931.477905273, 336.222106934, 82.2868652344, -76.0893783569, 266.659912109, -57.3414916992, 50.9909248352, -29.0833721161, 15.8757209778, -29.9565601349, 12.5539474487, -27.9794960022, -2.17808914185], [1042.70080566, -543.030517578, 4.44531774521, 204.500015259, -57.3414916992, 290.898254395, -45.4248008728, 104.583396912, -53.9529380798, 48.344707489, -49.1522903442, 42.2331504822, -27.792678833], [-407.69519043, 297.074188232, -30.3495635986, 11.3909826279, 50.9909248352, -45.4248008728, 154.271377563, -0.957104384899, 55.081905365, -21.4796447754, 30.1927185059, -23.1103439331, 20.9235420227], [282.431335449, -273.40322876, 113.600608826, 26.8396282196, -29.0833721161, 104.583396912, -0.957104384899, 176.404373169, -7.95121383667, 38.8123703003, -22.8285064697, 49.8941345215, -25.2782039642], [-381.032104492, 261.320251465, -47.5922241211, 4.5954284668, 15.8757209778, -53.9529380798, 55.081905365, -7.95121383667, 119.210960388, -13.0918006897, 53.1546173096, -20.1112251282, 28.8134918213], [292.180480957, -256.556854248, 24.3824062347, 33.5969390869, -29.9565601349, 48.344707489, -21.4796447754, 38.8123703003, -13.0918006897, 107.469314575, 3.6916437149, 41.2630310059, -7.87714099884], [-383.056091309, 226.229492188, -49.2971229553, -27.8526325226, 12.5539474487, -49.1522903442, 30.1927185059, -22.8285064697, 53.1546173096, 3.6916437149, 117.896644592, 1.51806211472, 26.4131908417], [277.567626953, -247.714797974, 51.4530982971, 15.9815282822, -27.9794960022, 42.2331504822, -23.1103439331, 49.8941345215, -20.1112251282, 41.2630310059, 1.51806211472, 115.808662415, -8.44119262695], [-171.754013062, 136.622528076, -50.3616523743, -8.72127437592, -2.17808914185, -27.792678833, 20.9235420227, -25.2782039642, 28.8134918213, -7.87714099884, 26.4131908417, -8.44119262695, 65.8885040283]], "icov": [[0.000174740795046, -0.000188952733879, 0.000312698743073, -0.000310190720484, 0.000403161626309, -0.000275725906249, 0.000318600854371, -0.000189987811609, 0.000377645570552, -0.000335056422045, 0.000484694493935, -0.000373726332327, 0.000320829160046], [-0.000188952733879, 0.00222114520147, -0.000607799447607, 0.00117040320765, -0.00138096162118, 0.00137379486114, -0.00209350860678, 0.00109214033, -0.0018527940847, 0.0026594393421, -0.00234149536118, 0.00224622804672, -0.00143558019772], [0.000312698743073, -0.000607799447607, 0.00265994039364, 0.000468478538096, 0.000242113295826, -0.00088107486954, 0.000881995481905, -0.00150869844947, 0.000897066551261, -0.00115690333769, 0.00180616730358, -0.00143585377373, 0.00150939344894], [-0.000310190720484, 0.00117040320765, 0.000468478538096, 0.00351375085302, -0.00102674821392, -0.000974949274678, -0.00190555211157, 0.00107422133442, -0.00209650024772, 0.00117469904944, -0.000865298090503, 0.00102482107468, -0.000304802350001], [0.000403161626309, -0.00138096162118, 0.000242113295826, -0.00102674821392, 0.00587710412219, -0.00095560104819, 8.91391537152e-05, -5.2067451179e-05, 0.00163190043531, -0.00126260740217, 0.0016249998007, -0.00121716107242, 0.00203453423455], [-0.000275725906249, 0.00137379486114, -0.00088107486954, -0.000974949274678, -0.00095560104819, 0.007709747646, -0.000308628717903, -0.00250706635416, 0.000714717956726, 0.000980184529908, -0.00126731826458, 0.001785680186, -0.00147176184691], [0.000318600854371, -0.00209350860678, 0.000881995481905, -0.00190555211157, 8.91391537152e-05, -0.000308628717903, 0.0109393838793, -0.0027939165011, -0.000606983317994, -0.00171717640478, 0.00181793654338, -0.00136147858575, 7.73256688262e-05], [-0.000189987811609, 0.00109214033, -0.00150869844947, 0.00107422133442, -5.2067451179e-05, -0.00250706635416, -0.0027939165011, 0.0102751161903, -0.00319988210686, 0.000189081882127, -0.000277580256807, -0.00128894590307, 0.00136731355451], [0.000377645570552, -0.0018527940847, 0.000897066551261, -0.00209650024772, 0.00163190043531, 0.000714717956726, -0.000606983317994, -0.00319988210686, 0.0153592294082, -0.00186772295274, -0.00219275080599, -0.000337830366334, -0.00154926883988], [-0.000335056422045, 0.0026594393421, -0.00115690333769, 0.00117469904944, -0.00126260740217, 0.000980184529908, -0.00171717640478, 0.000189081882127, -0.00186772295274, 0.0150643298402, -0.00463878642768, 5.64880474485e-06, -0.00164902920369], [0.000484694493935, -0.00234149536118, 0.00180616730358, -0.000865298090503, 0.0016249998007, -0.00126731826458, 0.00181793654338, -0.000277580256807, -0.00219275080599, -0.00463878642768, 0.0150676108897, -0.00444046454504, 1.51935892063e-05], [-0.000373726332327, 0.00224622804672, -0.00143585377373, 0.00102482107468, -0.00121716107242, 0.001785680186, -0.00136147858575, -0.00128894590307, -0.000337830366334, 5.64880474485e-06, -0.00444046454504, 0.0140059413388, -0.0022200208623], [0.000320829160046, -0.00143558019772, 0.00150939344894, -0.000304802350001, 0.00203453423455, -0.00147176184691, 7.73256688262e-05, 0.00136731355451, -0.00154926883988, -0.00164902920369, 1.51935892063e-05, -0.0022200208623, 0.0202398784459]]}, "melbands": {"dmean": [2.12110007851e-05, 0.00014920605463, 0.000479526090203, 0.000561137159821, 0.000356797303539, 0.000603149062954, 0.000286561000394, 4.62933603558e-05, 7.98978871899e-05, 7.89993064245e-05, 5.67147944821e-05, 2.42837031692e-05, 2.6449237339e-05, 3.89410342905e-05, 4.11849650845e-05, 2.13448747672e-05, 4.26985707236e-06, 1.09466609501e-05, 5.34049377166e-06, 2.15600698539e-06, 1.82877408861e-06, 9.98591531243e-07, 9.26210475427e-07, 5.76016816467e-07, 5.64952415516e-07, 8.17217198801e-07, 5.81276651701e-07, 7.51127799958e-07, 8.47689875627e-07, 8.98442806374e-07, 1.15595571515e-06, 1.03252591543e-06, 8.79082790561e-07, 3.06537316419e-07, 3.21190100294e-07, 2.61935866774e-07, 2.34954555367e-07, 3.27630317543e-07, 2.24366360158e-07, 1.47917774029e-07], "dmean2": [3.00367373711e-05, 0.000217796099605, 0.000695641385391, 0.000752904859837, 0.000518150161952, 0.000805294374004, 0.000361935439287, 6.55823168927e-05, 0.000104437160189, 0.000100467121229, 6.99818265275e-05, 3.29763715854e-05, 3.90895002056e-05, 5.17935441167e-05, 5.31090809091e-05, 2.73744644801e-05, 6.55788699078e-06, 1.56865007739e-05, 7.61240562497e-06, 3.176679229e-06, 2.5085598736e-06, 1.30462012748e-06, 1.3446478988e-06, 8.70828671395e-07, 8.19793058326e-07, 1.22991480112e-06, 8.46075408845e-07, 1.05400272332e-06, 1.20553011129e-06, 1.23618838188e-06, 1.60219133249e-06, 1.47117748384e-06, 1.29205693611e-06, 4.44788810228e-07, 4.61783912442e-07, 3.83753217648e-07, 3.48568107711e-07, 4.79200309655e-07, 3.23645053868e-07, 2.31922655303e-07], "dvar": [1.95485871934e-09, 6.51734879398e-08, 8.04048852387e-07, 1.02228648302e-06, 3.07228674501e-07, 1.23847837585e-06, 2.56135479049e-07, 5.29300381302e-09, 1.26309229742e-08, 2.88188548581e-08, 1.94398097619e-08, 3.21894799704e-09, 2.03149030931e-09, 1.06302637803e-08, 1.58853765697e-08, 8.14391309945e-09, 6.10384798261e-11, 1.06761044449e-09, 1.66649985478e-10, 1.81028005086e-11, 2.09529824047e-11, 1.8992850695e-11, 4.16740470258e-12, 1.45060428513e-12, 3.51841537675e-12, 6.29829174925e-12, 1.544811154e-12, 2.28193961123e-12, 4.17834907299e-12, 5.2656789519e-12, 1.26695589783e-11, 7.9406056383e-12, 5.70438791689e-12, 5.20827630156e-13, 5.2071492734e-13, 5.85776869719e-13, 2.90092548507e-13, 8.11784125164e-13, 3.31606866532e-13, 3.25608789063e-13], "dvar2": [3.37930039507e-09, 1.33747604991e-07, 1.72274701526e-06, 1.802410452e-06, 6.14161251633e-07, 2.23743086281e-06, 4.19680560526e-07, 1.07545057304e-08, 2.18473470426e-08, 4.67129623871e-08, 2.77896816669e-08, 5.83316905889e-09, 4.15573353507e-09, 2.27268746045e-08, 3.40464723081e-08, 1.73636163225e-08, 1.50096324258e-10, 1.83365667095e-09, 2.87883827887e-10, 3.95772407902e-11, 3.55686591291e-11, 2.46979086488e-11, 7.97949119974e-12, 3.44049138137e-12, 6.424387064e-12, 1.50186182934e-11, 3.51673768231e-12, 4.37705557563e-12, 8.52800989548e-12, 9.76484258036e-12, 2.60781118921e-11, 1.88873777729e-11, 1.3349594867e-11, 1.32429278047e-12, 1.09764552048e-12, 1.29828526402e-12, 6.40835312333e-13, 1.76118885101e-12, 7.59512298974e-13, 8.65150778708e-13], "max": [0.000916949182283, 0.00421993201599, 0.0127293691039, 0.0157307460904, 0.00860287155956, 0.0185638796538, 0.00876919273287, 0.00154150195885, 0.00184370938223, 0.00368975056335, 0.00355955469422, 0.0010242605349, 0.000676233903505, 0.00265788519755, 0.00339134829119, 0.00261659338139, 0.000122631550767, 0.00105560943484, 0.000404853286454, 6.38335332042e-05, 8.95898192539e-05, 0.00012641568901, 3.74392111553e-05, 1.88320609595e-05, 6.77162752254e-05, 5.14957537234e-05, 1.95915490622e-05, 2.84610123344e-05, 4.21985496359e-05, 3.5706183553e-05, 5.98834631091e-05, 4.5022185077e-05, 2.95344561891e-05, 1.09358297777e-05, 9.77067884378e-06, 1.5101038116e-05, 6.73343720337e-06, 1.38283667184e-05, 7.73899228079e-06, 1.24684383991e-05], "mean": [4.7735262342e-05, 0.000330420472892, 0.000925363856368, 0.00109863164835, 0.00106432754546, 0.00209629256278, 0.0011537495302, 0.000170955623616, 0.000292338634608, 0.000218210174353, 0.000164598619449, 7.0601956395e-05, 6.13337615505e-05, 8.31588549772e-05, 9.19932790566e-05, 4.50151601399e-05, 1.00052247944e-05, 2.75655747828e-05, 1.35820801006e-05, 4.46429476142e-06, 3.82174266633e-06, 2.50976472671e-06, 2.1759124138e-06, 1.40757038025e-06, 1.3675946775e-06, 1.69511974946e-06, 1.26239956444e-06, 1.63842094025e-06, 1.69201621247e-06, 1.80545464445e-06, 1.9583978883e-06, 1.68468068296e-06, 1.40379268032e-06, 4.89311048568e-07, 5.33560978511e-07, 3.8312245465e-07, 3.28625731072e-07, 4.1546300622e-07, 2.90676382519e-07, 1.58269713779e-07], "median": [1.25149435917e-05, 0.000159675473697, 0.000485867902171, 0.000566242320929, 0.000673122820444, 0.00149458448868, 0.000683724414557, 0.000105523926322, 0.000191851053387, 7.97120665084e-05, 5.61244451092e-05, 2.54371661867e-05, 2.95216723316e-05, 2.9348742828e-05, 2.97501010209e-05, 8.26158975542e-06, 5.79093375563e-06, 8.23182381282e-06, 5.5606915339e-06, 2.15114255298e-06, 1.2914290437e-06, 9.37591437378e-07, 7.5624859619e-07, 6.34098000774e-07, 5.4530454463e-07, 6.60043554035e-07, 5.71831947127e-07, 6.09866503964e-07, 5.40443011232e-07, 5.04712090788e-07, 5.17921080245e-07, 4.88422301714e-07, 2.62832259068e-07, 1.5930240238e-07, 1.3898990403e-07, 9.26764727183e-08, 6.01284781965e-08, 4.54050486098e-08, 3.32616139076e-08, 1.62344555577e-08], "min": [6.52699410903e-24, 1.10709544077e-23, 9.43371540853e-24, 2.13428566161e-24, 6.38065173364e-24, 5.94645125293e-24, 4.82500777336e-24, 5.61675669835e-24, 9.05231299376e-24, 8.63257982762e-24, 6.62615708026e-24, 1.45546793388e-23, 1.49866090834e-23, 7.73748933518e-24, 1.28310750589e-23, 7.07247407005e-24, 1.04607420985e-23, 1.63692045712e-23, 8.30921943168e-24, 5.57472934476e-24, 1.55288941578e-23, 2.01059093061e-23, 1.02514975323e-23, 8.2736993917e-24, 7.53971717308e-24, 1.04723391427e-23, 1.10661510336e-23, 1.49784270181e-23, 1.45289608956e-23, 1.0707025262e-23, 8.19806893014e-24, 7.4670914827e-24, 1.11226153306e-23, 1.01108980643e-23, 6.74629665182e-24, 7.06579951793e-24, 9.15490277677e-24, 9.09601273247e-24, 1.05333654223e-23, 9.32775087857e-24], "var": [9.63063051529e-09, 2.38778028461e-07, 1.51468213971e-06, 2.48858395935e-06, 1.18465300147e-06, 4.82965378978e-06, 1.69231236669e-06, 3.80557381163e-08, 8.89410287641e-08, 1.2196360899e-07, 8.45939425176e-08, 1.39101787866e-08, 7.15979719956e-09, 2.48293829941e-08, 3.51721922698e-08, 1.64811861936e-08, 1.61680405175e-10, 5.37405719925e-09, 8.40741143371e-10, 4.96243983406e-11, 6.18044573852e-11, 5.80783199311e-11, 1.49870445915e-11, 4.3851558669e-12, 1.42861521224e-11, 1.12920671078e-11, 3.82678914598e-12, 8.934784336e-12, 1.08143459465e-11, 1.6437922204e-11, 2.20517545196e-11, 1.21316351062e-11, 9.52718025998e-12, 8.11368171e-13, 1.13418877155e-12, 8.08970186846e-13, 5.33993259767e-13, 1.51703150909e-12, 4.94224398819e-13, 2.78065466703e-13]}, "mfcc": {"mean": [-699.917114258, 162.627334595, 13.2002534866, 4.78755712509, -25.4911422729, 0.964573860168, -16.1706943512, -18.5371665955, -15.4106378555, -10.9016075134, -9.73892021179, -6.64168357849, -5.97731399536], "cov": [[8789.34179688, -1029.94628906, -678.238342285, 147.231262207, 53.1542243958, 604.384216309, 98.5166549683, 179.6927948, 211.732498169, 53.7991638184, 57.9364547729, 97.2744064331, 26.1596603394], [-1029.94628906, 1402.91357422, -117.202964783, 124.424728394, -62.2012634277, -64.573097229, -35.204826355, -36.055896759, -45.2119750977, 38.2114181519, -14.8288869858, -48.3465080261, 14.0871152878], [-678.238342285, -117.202964783, 536.844238281, -92.7194213867, 18.7071247101, -95.1868438721, 23.9494190216, 33.5192260742, 14.9194879532, 6.95139408112, 6.64772796631, 6.75727891922, 6.46432352066], [147.231262207, 124.424728394, -92.7194213867, 266.792541504, 14.2233304977, 79.4964065552, 3.46587657928, 23.5237770081, 32.5661964417, 8.96308803558, 9.95922470093, 23.3163490295, 27.3335895538], [53.1542243958, -62.2012634277, 18.7071247101, 14.2233304977, 178.107635498, 55.2657318115, 45.438117981, 21.943271637, 14.7471132278, 9.32639694214, 12.2733249664, 0.521657586098, 5.03021383286], [604.384216309, -64.573097229, -95.1868438721, 79.4964065552, 55.2657318115, 189.360458374, 48.088558197, 18.5763969421, 34.5600128174, 12.6984767914, 8.31702327728, 19.8037528992, -2.05338430405], [98.5166549683, -35.204826355, 23.9494190216, 3.46587657928, 45.438117981, 48.088558197, 118.733482361, 33.9403610229, 35.6252212524, 16.4213047028, 1.34480023384, 38.9855995178, 8.36688518524], [179.6927948, -36.055896759, 33.5192260742, 23.5237770081, 21.943271637, 18.5763969421, 33.9403610229, 134.453063965, 43.767414093, 16.6224021912, 19.0136203766, 21.1542854309, 23.24061203], [211.732498169, -45.2119750977, 14.9194879532, 32.5661964417, 14.7471132278, 34.5600128174, 35.6252212524, 43.767414093, 117.589675903, 22.8572273254, 8.24423980713, 43.063621521, 0.770224511623], [53.7991638184, 38.2114181519, 6.95139408112, 8.96308803558, 9.32639694214, 12.6984767914, 16.4213047028, 16.6224021912, 22.8572273254, 112.315979004, 11.3800935745, -9.20756816864, 8.74747943878], [57.9364547729, -14.8288869858, 6.64772796631, 9.95922470093, 12.2733249664, 8.31702327728, 1.34480023384, 19.0136203766, 8.24423980713, 11.3800935745, 90.2699432373, 15.4234018326, 8.46207714081], [97.2744064331, -48.3465080261, 6.75727891922, 23.3163490295, 0.521657586098, 19.8037528992, 38.9855995178, 21.1542854309, 43.063621521, -9.20756816864, 15.4234018326, 152.722106934, 24.745388031], [26.1596603394, 14.0871152878, 6.46432352066, 27.3335895538, 5.03021383286, -2.05338430405, 8.36688518524, 23.24061203, 0.770224511623, 8.74747943878, 8.46207714081, 24.745388031, 127.397354126]], "icov": [[0.000181014329428, 0.000118448057037, 0.000191361599718, 9.37373697525e-05, 0.000130081534735, -0.000494863896165, 9.90513362922e-05, -0.000181866940693, -0.000158893933985, -4.65328994323e-05, -3.32592462655e-05, 1.87514360732e-05, -6.38062119833e-05], [0.000118448057037, 0.000910371600185, 0.000294795376249, -0.000485478201881, 0.00025847114739, 0.000209712743526, -0.00012388335017, 2.1517613277e-05, 0.00016657942615, -0.000394046801375, 5.25081377418e-05, 0.000207454519114, -5.61332562938e-05], [0.000191361599718, 0.000294795376249, 0.00250923470594, 0.000516513013281, -0.000269097217824, 0.000908171699848, -0.000508118479047, -0.000622706313152, -0.000514468876645, -0.000168358485098, -0.000153508211952, 5.09971650899e-05, -0.000122840225231], [9.37373697525e-05, -0.000485478201881, 0.000516513013281, 0.00512434123084, -3.30656730512e-05, -0.00235348497517, 0.00120327365585, -0.000645070162136, -0.00112524605356, 0.000155233952682, -0.000154159715748, -0.000426872080425, -0.000999898300506], [0.000130081534735, 0.00025847114739, -0.000269097217824, -3.30656730512e-05, 0.00693183578551, -0.00200586812571, -0.00201071659103, -0.000400505814468, 0.000103209873487, 2.98903578368e-05, -0.000806280178949, 0.000917821074836, -0.000262852088781], [-0.000494863896165, 0.000209712743526, 0.000908171699848, -0.00235348497517, -0.00200586812571, 0.00974743440747, -0.00293212686665, 0.000663524435367, -0.000437497132225, -0.000258236948866, -0.000199988644454, 8.85665067472e-05, 0.000861584034283], [9.90513362922e-05, -0.00012388335017, -0.000508118479047, 0.00120327365585, -0.00201071659103, -0.00293212686665, 0.0122321685776, -0.0017655560514, -0.00136724091135, -0.00114210671745, 0.00127406779211, -0.00253502978012, -0.000193704603589], [-0.000181866940693, 2.1517613277e-05, -0.000622706313152, -0.000645070162136, -0.000400505814468, 0.000663524435367, -0.0017655560514, 0.00962105020881, -0.00257327151485, -0.000233685932471, -0.00143967219628, 0.000357679935405, -0.0013499497436], [-0.000158893933985, 0.00016657942615, -0.000514468876645, -0.00112524605356, 0.000103209873487, -0.000437497132225, -0.00136724091135, -0.00257327151485, 0.0120650622994, -0.00205773371272, 0.00036450085463, -0.0026784806978, 0.00139423552901], [-4.65328994323e-05, -0.000394046801375, -0.000168358485098, 0.000155233952682, 2.98903578368e-05, -0.000258236948866, -0.00114210671745, -0.000233685932471, -0.00205773371272, 0.0100296763703, -0.00124455254991, 0.00168289383873, -0.000779781315941], [-3.32592462655e-05, 5.25081377418e-05, -0.000153508211952, -0.000154159715748, -0.000806280178949, -0.000199988644454, 0.00127406779211, -0.00143967219628, 0.00036450085463, -0.00124455254991, 0.0119258416817, -0.00138019549195, -0.000191350511159], [1.87514360732e-05, 0.000207454519114, 5.09971650899e-05, -0.000426872080425, 0.000917821074836, 8.85665067472e-05, -0.00253502978012, 0.000357679935405, -0.0026784806978, 0.00168289383873, -0.00138019549195, 0.00849118828773, -0.00152835610788], [-6.38062119833e-05, -5.61332562938e-05, -0.000122840225231, -0.000999898300506, -0.000262852088781, 0.000861584034283, -0.000193704603589, -0.0013499497436, 0.00139423552901, -0.000779781315941, -0.000191350511159, -0.00152835610788, 0.00872747134417]]}, "spectral_contrast_coeffs": {"dmean": [0.0474157631397, 0.0352789610624, 0.0299750696868, 0.0311698038131, 0.0336842685938, 0.0369826517999], "dmean2": [0.0739342570305, 0.0542230941355, 0.0452399551868, 0.0474687553942, 0.0480781495571, 0.0529332496226], "dvar": [0.00156082643662, 0.0012279599905, 0.000728356302716, 0.00080042949412, 0.000890863011591, 0.00095077190781], "dvar2": [0.00374171696603, 0.0026143558789, 0.00170333741698, 0.00169718940742, 0.00165814929642, 0.00178239238448], "max": [-0.270369410515, -0.368403971195, -0.457757532597, -0.482808768749, -0.511480033398, -0.530882179737], "mean": [-0.516800045967, -0.62399750948, -0.674651265144, -0.71047359705, -0.733017086983, -0.718619227409], "median": [-0.51722997427, -0.624904692173, -0.671093225479, -0.715501189232, -0.733198642731, -0.71312057972], "min": [-0.957719326019, -0.963424384594, -0.969298779964, -0.960832893848, -0.958371818066, -0.965999662876], "var": [0.00722791813314, 0.00609303638339, 0.00468517374247, 0.00433761626482, 0.00510700512677, 0.00636756233871]}, "spectral_contrast_valleys": {"dmean": [0.454091250896, 0.249778926373, 0.271875590086, 0.312622457743, 0.433712571859, 0.723288834095], "dmean2": [0.719409108162, 0.393352329731, 0.42521122098, 0.46898317337, 0.621309518814, 1.03711628914], "dvar": [0.200601607561, 0.129307001829, 0.124828733504, 0.140926316381, 0.209114849567, 0.393610477