{"lowlevel": {"average_loudness": 0.968281388283, "barkbands_crest": {"dmean": 2.48991656303, "dmean2": 4.12068128586, "dvar": 6.12995147705, "dvar2": 16.3316364288, "max": 24.484210968, "mean": 10.7386856079, "median": 10.2286748886, "min": 2.97808718681, "var": 12.4911642075}, "barkbands_flatness_db": {"dmean": 0.019676681608, "dmean2": 0.03125686571, "dvar": 0.000390954897739, "dvar2": 0.000937412900385, "max": 0.436478435993, "mean": 0.151709973812, "median": 0.146896824241, "min": 0.0295546222478, "var": 0.00181318446994}, "barkbands_kurtosis": {"dmean": 3.03799366951, "dmean2": 4.9042930603, "dvar": 26.6664810181, "dvar2": 65.9574356079, "max": 172.977996826, "mean": 5.38756656647, "median": 2.7644906044, "min": -1.92944550514, "var": 75.7451019287}, "barkbands_skewness": {"dmean": 0.52413880825, "dmean2": 0.83238530159, "dvar": 0.322803080082, "dvar2": 0.77905100584, "max": 12.2558336258, "mean": 1.92076730728, "median": 1.797929883, "min": -2.34984827042, "var": 1.38764381409}, "barkbands_spread": {"dmean": 5.57811689377, "dmean2": 8.9088973999, "dvar": 49.5758132935, "dvar2": 107.53024292, "max": 99.7253723145, "mean": 23.221200943, "median": 20.5172901154, "min": 0.733123719692, "var": 200.883529663}, "dissonance": {"dmean": 0.0143856536597, "dmean2": 0.0238163974136, "dvar": 0.000232451362535, "dvar2": 0.000617885787506, "max": 0.500000059605, "mean": 0.465813845396, "median": 0.473237276077, "min": 0.307562351227, "var": 0.000741264491808}, "dynamic_complexity": 2.31073069572, "erbbands_crest": {"dmean": 2.39176058769, "dmean2": 3.81193447113, "dvar": 5.0051612854, "dvar2": 12.1108198166, "max": 29.5852985382, "mean": 9.30533504486, "median": 8.31981182098, "min": 2.58479619026, "var": 17.1951770782}, "erbbands_flatness_db": {"dmean": 0.0146801574156, "dmean2": 0.0215541366488, "dvar": 0.00020072425832, "dvar2": 0.000433899171185, "max": 0.29269233346, "mean": 0.15248465538, "median": 0.149881973863, "min": 0.0680859982967, "var": 0.00112093274947}, "erbbands_kurtosis": {"dmean": 0.840463519096, "dmean2": 1.31071186066, "dvar": 1.72910225391, "dvar2": 4.1031537056, "max": 27.9995098114, "mean": 0.307779043913, "median": -0.561767578125, "min": -1.85798692703, "var": 6.21615695953}, "erbbands_skewness": {"dmean": 0.358877778053, "dmean2": 0.552944719791, "dvar": 0.134678095579, "dvar2": 0.300814419985, "max": 4.07366037369, "mean": -0.0748027637601, "median": -0.0462664030492, "min": -4.42654132843, "var": 1.01496481895}, "erbbands_spread": {"dmean": 8.16754150391, "dmean2": 12.7833662033, "dvar": 84.6668167114, "dvar2": 207.29057312, "max": 132.239425659, "mean": 46.3614692688, "median": 46.7805786133, "min": 5.83178520203, "var": 318.688659668}, "hfc": {"dmean": 6.07726144791, "dmean2": 9.47777080536, "dvar": 102.682830811, "dvar2": 240.904586792, "max": 243.402099609, "mean": 20.340089798, "median": 16.5598506927, "min": 1.19450081764e-16, "var": 241.59286499}, "melbands_crest": {"dmean": 3.02315354347, "dmean2": 4.9751791954, "dvar": 7.9663028717, "dvar2": 20.7020397186, "max": 36.2561836243, "mean": 16.7392463684, "median": 16.4668254852, "min": 1.81347310543, "var": 27.3464622498}, "melbands_flatness_db": {"dmean": 0.0242185518146, "dmean2": 0.0385404638946, "dvar": 0.000634922063909, "dvar2": 0.00146102579311, "max": 0.55184674263, "mean": 0.231383636594, "median": 0.229317843914, "min": 0.00431025214493, "var": 0.00303300307132}, "melbands_kurtosis": {"dmean": 8.81181049347, "dmean2": 14.3594427109, "dvar": 260.146484375, "dvar2": 664.973815918, "max": 880.113525391, "mean": 19.5298919678, "median": 13.5843086243, "min": -1.71722900867, "var": 519.182495117}, "melbands_skewness": {"dmean": 0.78206038475, "dmean2": 1.24731326103, "dvar": 0.796516060829, "dvar2": 1.98262608051, "max": 27.2461509705, "mean": 3.46588373184, "median": 3.31863570213, "min": -1.52723109722, "var": 2.76310014725}, "melbands_spread": {"dmean": 5.9098443985, "dmean2": 9.44284343719, "dvar": 74.9874572754, "dvar2": 169.36491394, "max": 179.098403931, "mean": 19.9290790558, "median": 16.060131073, "min": 0.639689922333, "var": 257.788635254}, "pitch_salience": {"dmean": 0.066373154521, "dmean2": 0.108982592821, "dvar": 0.00402592867613, "dvar2": 0.0105429319665, "max": 0.954033434391, "mean": 0.482926666737, "median": 0.485294044018, "min": 0.138691917062, "var": 0.0109035354108}, "silence_rate_20dB": {"dmean": 0, "dmean2": 0, "dvar": 0, "dvar2": 0, "max": 1, "mean": 1, "median": 1, "min": 1, "var": 0}, "silence_rate_30dB": {"dmean": 0.00141643057577, "dmean2": 0.00283314776607, "dvar": 0.00141435372643, "dvar2": 0.00424141110852, "max": 1, "mean": 0.999291837215, "median": 1, "min": 0, "var": 0.000707623839844}, "silence_rate_60dB": {"dmean": 0.000607041700277, "dmean2": 0.00121420621872, "dvar": 0.00060678133741, "dvar2": 0.00121316302102, "max": 1, "mean": 0.0224582701921, "median": 0, "min": 0, "var": 0.0219530370086}, "spectral_centroid": {"dmean": 253.75541687, "dmean2": 403.328704834, "dvar": 103877.59375, "dvar2": 223212.421875, "max": 11339.0820312, "mean": 1464.14611816, "median": 1368.56298828, "min": 190.719665527, "var": 495078.15625}, "spectral_complexity": {"dmean": 3.79299879074, "dmean2": 6.02448654175, "dvar": 19.7092456818, "dvar2": 44.3067321777, "max": 53, "mean": 18.9061203003, "median": 18, "min": 0, "var": 70.7292633057}, "spectral_decrease": {"dmean": 3.27568328018e-09, "dmean2": 5.42417222249e-09, "dvar": 2.21017481524e-17, "dvar2": 5.58613397979e-17, "max": 6.92800274235e-29, "mean": -9.08719144377e-09, "median": -7.95754218075e-09, "min": -3.8872830288e-08, "var": 2.84352798511e-17}, "spectral_energy": {"dmean": 0.012718424201, "dmean2": 0.0210178438574, "dvar": 0.000328747031745, "dvar2": 0.000831303826999, "max": 0.148921787739, "mean": 0.0361421369016, "median": 0.0318166576326, "min": 1.05730007792e-20, "var": 0.000430413667345}, "spectral_energyband_high": {"dmean": 0.000455296889413, "dmean2": 0.000715637521353, "dvar": 1.77415324742e-06, "dvar2": 4.05805621995e-06, "max": 0.039109248668, "mean": 0.000826612696983, "median": 0.000342367420672, "min": 7.67521988018e-21, "var": 2.7897444852e-06}, "spectral_energyband_low": {"dmean": 0.0091892182827, "dmean2": 0.0154666434973, "dvar": 0.000241567831836, "dvar2": 0.000616731878836, "max": 0.140075743198, "mean": 0.0185926631093, "median": 0.0149789145216, "min": 4.00151208786e-23, "var": 0.000262336106971}, "spectral_energyband_middle_high": {"dmean": 0.00122975069098, "dmean2": 0.00186464935541, "dvar": 3.01364570987e-06, "dvar2": 6.60526575302e-06, "max": 0.045088198036, "mean": 0.00434624962509, "median": 0.00327240512706, "min": 1.4797856252e-21, "var": 1.58168131748e-05}, "spectral_energyband_middle_low": {"dmean": 0.0052423258312, "dmean2": 0.00859440397471, "dvar": 0.000101839876152, "dvar2": 0.00027272416628, "max": 0.105901136994, "mean": 0.0130973327905, "median": 0.0101411156356, "min": 3.57516104137e-22, "var": 0.000133794601425}, "spectral_entropy": {"dmean": 0.151590138674, "dmean2": 0.228229805827, "dvar": 0.0279749426991, "dvar2": 0.0626424849033, "max": 9.79790592194, "mean": 7.45331144333, "median": 7.46654462814, "min": 5.9297170639, "var": 0.121479548514}, "spectral_flux": {"dmean": 0.0308829247952, "dmean2": 0.0492895618081, "dvar": 0.00146163871977, "dvar2": 0.00286412448622, "max": 0.344488948584, "mean": 0.0897156894207, "median": 0.0740142688155, "min": 1.0282509566e-10, "var": 0.00275203539059}, "spectral_kurtosis": {"dmean": 1.41274356842, "dmean2": 2.38497185707, "dvar": 1.92207849026, "dvar2": 5.5685968399, "max": 18.1082000732, "mean": 4.34401655197, "median": 3.94620227814, "min": -1.17285656929, "var": 5.61111831665}, "spectral_rms": {"dmean": 0.000947365537286, "dmean2": 0.00153245951515, "dvar": 1.33610967623e-06, "dvar2": 3.22573396261e-06, "max": 0.0120536116883, "mean": 0.00569351762533, "median": 0.0055714128539, "min": 3.21171648304e-12, "var": 2.84434167952e-06}, "spectral_rolloff": {"dmean": 439.34185791, "dmean2": 766.306762695, "dvar": 624065.1875, "dvar2": 1339575.25, "max": 18949.21875, "mean": 1179.60168457, "median": 667.529296875, "min": 64.599609375, "var": 1511766.5}, "spectral_skewness": {"dmean": 0.206938445568, "dmean2": 0.335525155067, "dvar": 0.0422798320651, "dvar2": 0.106293991208, "max": 3.22666335106, "mean": 1.31841850281, "median": 1.31099414825, "min": -0.122780740261, "var": 0.207152590156}, "spectral_spread": {"dmean": 387068.1875, "dmean2": 575329.625, "dvar": 335391129600, "dvar2": 549677170688, "max": 40001056, "mean": 4037814, "median": 3875330.5, "min": 1607584.25, "var": 1028165206020.0}, "spectral_strongpeak": {"dmean": 0.348995268345, "dmean2": 0.606895327568, "dvar": 0.520325362682, "dvar2": 1.27413856983, "max": 14.5107021332, "mean": 0.691016733646, "median": 0.48064994812, "min": 0, "var": 0.824547588825}, "zerocrossingrate": {"dmean": 0.00769215868786, "dmean2": 0.00936444662511, "dvar": 9.55184514169e-05, "dvar2": 0.00010247460159, "max": 0.50439453125, "mean": 0.0481345020235, "median": 0.04296875, "min": 0.00244140625, "var": 0.000760091876145}, "barkbands": {"dmean": [0.000706694205292, 0.00706623261794, 0.00326728424989, 0.000796859851107, 0.00329333846457, 0.00133000069764, 0.000654573610518, 0.00063134013908, 0.00052105798386, 0.000306456291582, 0.000221258902457, 0.000135360678541, 0.000180353366886, 0.000122961690067, 0.000128982603201, 0.000225111914915, 0.000366989290342, 0.000326662819134, 0.000241922112764, 0.000193737985683, 0.000164425422554, 0.000119430318591, 7.38984599593e-05, 4.79945338157e-05, 1.81941377377e-05, 9.25000222196e-06, 2.93994457934e-06], "dmean2": [0.0011632500682, 0.011972530745, 0.00562947709113, 0.00132489786483, 0.00555472727865, 0.0021195365116, 0.00101597246248, 0.000945893349126, 0.000781827198807, 0.000465690915007, 0.000318596168654, 0.000216251108213, 0.000270207121503, 0.000193428626517, 0.000208038603887, 0.000359406229109, 0.00058448855998, 0.000521346053574, 0.000391674140701, 0.000321354455082, 0.00027421626146, 0.000191541723325, 0.000117394192785, 7.14255656931e-05, 2.71559401881e-05, 1.3705953279e-05, 4.36171922047e-06], "dvar": [2.6355587579e-06, 0.000182440053322, 1.92361439986e-05, 2.02295336749e-06, 6.67854619678e-05, 6.76061699778e-06, 2.42238684223e-06, 2.38167058342e-06, 2.41488419306e-06, 5.86383578138e-07, 4.51948125146e-07, 1.9407922025e-07, 5.93937613758e-07, 1.07606531685e-07, 7.24047310996e-08, 2.13470059407e-07, 4.38201396946e-07, 4.41797141093e-07, 1.82877073485e-07, 1.84702315664e-07, 3.97259299234e-07, 1.81636139018e-07, 6.70709212613e-08, 3.0151149133e-08, 2.02835814811e-09, 6.50562881344e-10, 8.17555259602e-11], "dvar2": [6.62081811242e-06, 0.000467627862236, 5.38847525604e-05, 5.03584533362e-06, 0.000184751625056, 1.74675660674e-05, 5.72208182348e-06, 5.38006224815e-06, 5.13936629432e-06, 1.30465957682e-06, 8.24224457574e-07, 4.60339293795e-07, 1.20791810332e-06, 2.52288771208e-07, 1.73880636112e-07, 5.11689620453e-07, 1.00799150005e-06, 1.01906653072e-06, 4.44353247531e-07, 4.61276812302e-07, 9.94453216663e-07, 4.20280770186e-07, 1.37955382229e-07, 5.65316966572e-08, 4.48952119925e-09, 1.5871668424e-09, 1.80576636977e-10], "max": [0.0115007087588, 0.118567541242, 0.0642281472683, 0.0293482318521, 0.0915158316493, 0.0434060767293, 0.0325278081, 0.0372029431164, 0.0426541641355, 0.0200216751546, 0.025852708146, 0.0149706453085, 0.0393852293491, 0.00785669032484, 0.00783712416887, 0.0130128925666, 0.0180041808635, 0.0188039802015, 0.0123155983165, 0.0102335195988, 0.0219559334219, 0.0111754378304, 0.00950064323843, 0.00440757302567, 0.00147104787175, 0.000894349825103, 0.000457627204014], "mean": [0.000688220316079, 0.0105923078954, 0.00674532540143, 0.00124991184566, 0.00524643342942, 0.00279578077607, 0.00115810916759, 0.00129247352015, 0.00099929550197, 0.0005840662634, 0.000408701162087, 0.000209379417356, 0.000337238278007, 0.000202540380997, 0.000218338551349, 0.000407700688811, 0.00084940699162, 0.000671596673783, 0.000475737848319, 0.000335902965162, 0.000255169754382, 0.000185649667401, 0.000110299042717, 7.4766256148e-05, 2.88258124783e-05, 1.49678462549e-05, 3.93322579839e-06], "median": [6.01409265073e-05, 0.0071155554615, 0.00586048001423, 0.000710778171197, 0.00268895644695, 0.00140274642035, 0.000448962760856, 0.000373003596906, 0.000209636011277, 0.000167685124325, 0.000101665122202, 6.05669556535e-05, 6.76470954204e-05, 7.44308199501e-05, 0.00011123711738, 0.000187442827155, 0.000425743288361, 0.000346270855516, 0.000293236837024, 0.000157661677804, 8.66127957124e-05, 6.69751389069e-05, 2.69638567261e-05, 1.03695356302e-05, 9.74471549853e-06, 5.09764595336e-06, 8.16245972146e-07], "min": [2.87389837495e-24, 1.71803618411e-23, 9.82765440079e-24, 1.68160090771e-23, 4.74700646922e-23, 8.82975545311e-23, 9.21807570469e-23, 3.8545485634e-23, 7.13514528244e-23, 7.77881476033e-23, 3.83599707926e-23, 6.81282492072e-23, 1.06219199498e-22, 9.03204273949e-23, 1.71725009999e-22, 1.31186849097e-22, 1.321737204e-22, 2.75745483761e-22, 2.14219179915e-22, 3.27867404413e-22, 2.80479684178e-22, 4.74532575373e-22, 6.55647971018e-22, 9.16146250229e-22, 1.21145942243e-21, 1.68230351141e-21, 2.62908997747e-21], "var": [2.704549388e-06, 0.000178845395567, 3.03008819174e-05, 3.39318216902e-06, 6.27309491392e-05, 1.49437855725e-05, 5.14648991157e-06, 7.09615369487e-06, 8.20383320388e-06, 1.68916153598e-06, 1.26717930016e-06, 3.17947240092e-07, 2.03979357138e-06, 2.44387535986e-07, 1.288986482e-07, 4.63044926846e-07, 1.84990210528e-06, 1.31382068957e-06, 3.95672230979e-07, 3.48506887349e-07, 3.90914237869e-07, 2.34101847241e-07, 1.25913913962e-07, 7.94112509084e-08, 3.33775185268e-09, 8.84914252985e-10, 1.10839275258e-10]}, "erbbands": {"dmean": [0.199324965477, 1.69816708565, 3.91765642166, 2.60299968719, 5.28234958649, 14.496632576, 11.9845161438, 11.2889137268, 8.96199512482, 13.2157583237, 10.6968040466, 12.1340026855, 11.8506727219, 6.45888662338, 8.60507965088, 5.83514213562, 8.01335525513, 6.6412730217, 5.36854934692, 9.18717956543, 12.4370212555, 16.5024261475, 17.142490387, 16.379699707, 10.4312868118, 8.83221149445, 6.59445953369, 6.3542714119, 4.28166389465, 3.76019358635, 1.80954384804, 1.4581823349, 0.548261940479, 0.245872184634, 0.112596996129, 0.0490058511496, 0.0158581212163, 0.00377454422414, 0.000543912698049, 2.8577815101e-05], "dmean2": [0.318956971169, 3.00039434433, 6.84034442902, 4.31374597549, 8.84993171692, 24.5586948395, 19.3682041168, 18.039308548, 14.0736904144, 19.8386535645, 16.1979999542, 17.9731330872, 18.1021060944, 9.34163570404, 12.4732398987, 9.02063369751, 11.8960695267, 10.2452001572, 8.53293514252, 14.739484787, 19.8979377747, 25.9003257751, 27.1982765198, 26.5473575592, 16.7546672821, 14.44835186, 10.9124240875, 10.5924291611, 6.87904262543, 6.01982688904, 2.82167840004, 2.19133329391, 0.851592838764, 0.376031816006, 0.1637609303, 0.0742421522737, 0.0233735125512, 0.00532695790753, 0.000820868706796, 4.48380487796e-05], "dvar": [0.164876654744, 11.2321453094, 33.3886222839, 13.6692714691, 137.496780396, 1584.5916748, 613.802612305, 550.832275391, 368.517791748, 1079.12365723, 743.422424316, 1478.53540039, 906.885559082, 285.42880249, 720.694702148, 270.107940674, 1234.38171387, 279.583862305, 192.255966187, 318.104309082, 555.62902832, 976.572570801, 1102.62890625, 925.386169434, 447.042388916, 394.677947998, 516.48034668, 600.905639648, 295.121368408, 151.20262146, 35.8874588013, 37.1841850281, 2.35541963577, 0.363147050142, 0.097393527627, 0.0226258765906, 0.00149577343836, 0.000101151330455, 2.89553736366e-06, 3.50379347758e-09], "dvar2": [0.350577116013, 31.2553844452, 94.6215744019, 35.5106735229, 366.446777344, 4399.359375, 1574.8671875, 1429.40454102, 930.380432129, 2530.91259766, 1666.69812012, 3062.08740234, 2097.16503906, 553.211425781, 1381.13317871, 624.351196289, 2487.13476562, 627.752441406, 469.039245605, 767.413024902, 1306.53686523, 2268.72607422, 2526.46850586, 2164.90234375, 1074.86010742, 970.985107422, 1293.9979248, 1514.4041748, 695.523925781, 334.608734131, 69.6004257202, 70.0612182617, 5.30089712143, 0.838719189167, 0.211463570595, 0.056033372879, 0.00330807361752, 0.000209807461943, 6.71561247145e-06, 8.53399484413e-09], "max": [3.95725369453, 27.9610023499, 72.0141601562, 96.8676986694, 164.479492188, 523.18359375, 519.53515625, 415.510925293, 350.645843506, 608.420593262, 563.25390625, 1101.03417969, 807.106872559, 564.075683594, 898.961242676, 465.823028564, 1829.75939941, 432.53604126, 498.600250244, 396.674621582, 731.632202148, 1068.85827637, 1017.19158936, 924.421691895, 577.928161621, 453.471710205, 732.881713867, 808.049987793, 492.99041748, 475.181976318, 222.441192627, 165.629928589, 36.4780731201, 21.0575885773, 10.3850984573, 5.49678134918, 1.23132753372, 0.480034291744, 0.0827733650804, 0.00209289975464], "mean": [0.247672617435, 2.56657910347, 8.10085487366, 5.54033946991, 7.77627944946, 21.2099819183, 24.3232593536, 22.292798996, 16.4752140045, 27.9618701935, 20.7959518433, 24.8962039948, 23.7808666229, 13.1968898773, 15.9593639374, 10.5780038834, 15.6178159714, 12.1524143219, 9.78444480896, 17.3823261261, 27.0443248749, 40.7145652771, 39.3118247986, 32.8758888245, 20.1475830078, 15.6397619247, 10.9974431992, 9.51367473602, 6.58346939087, 5.4974322319, 2.72310090065, 2.16244268417, 0.831798613071, 0.384749680758, 0.172742605209, 0.0734263658524, 0.0265306048095, 0.00595855154097, 0.000737601018045, 6.2328101194e-05], "median": [0.0909683257341, 1.86642765999, 7.28658437729, 4.36890220642, 3.02164387703, 8.90142536163, 10.1806192398, 11.5241498947, 8.0233631134, 8.80363178253, 7.33727502823, 6.14777088165, 6.13694763184, 4.47205448151, 4.33198642731, 3.42181444168, 3.36384010315, 4.58888196945, 5.0029463768, 8.82267189026, 15.4219331741, 21.2522945404, 23.1909370422, 18.9767665863, 11.6208715439, 7.47678661346, 4.28680324554, 3.09136772156, 2.47511005402, 1.5639654398, 0.636543631554, 0.266661971807, 0.157396748662, 0.127616733313, 0.0507977977395, 0.0238972529769, 0.00901073869318, 0.00174977979623, 0.000166809200891, 4.59237926407e-05], "min": [2.69189355441e-22, 4.44023201897e-21, 1.56052614722e-20, 3.89490916118e-20, 1.12118490068e-19, 1.64224755278e-19, 3.32839642409e-19, 7.14569019442e-19, 1.19656969562e-18, 1.4148400152e-18, 1.01790633473e-18, 1.76405199178e-18, 1.65401225829e-18, 2.15377544904e-18, 1.78856714359e-18, 2.75226171533e-18, 4.36758187668e-18, 3.02624254577e-18, 9.22583902092e-18, 9.7770606006e-18, 5.84076986812e-18, 8.33383309094e-18, 1.23900579812e-17, 1.3567608313e-17, 1.18508429281e-17, 1.32089808497e-17, 1.24409998992e-17, 1.23199296089e-17, 2.06856778094e-17, 1.85647685208e-17, 1.64641251573e-17, 1.54249017578e-17, 1.80204919496e-17, 1.42652656765e-17, 7.58549271693e-18, 7.06654193449e-18, 2.89255816466e-18, 1.37798363884e-18, 3.17326387009e-19, 4.03923408349e-20], "var": [0.197152599692, 9.1316614151, 42.3022003174, 25.7026042938, 164.861160278, 1421.15917969, 1526.40490723, 1093.16015625, 637.375488281, 2976.73413086, 1753.09191895, 5413.09326172, 2787.67260742, 990.050048828, 1944.12133789, 607.277282715, 4258.36621094, 749.066223145, 358.478363037, 696.382080078, 1459.85266113, 4294.24853516, 3519.41650391, 2496.00537109, 826.470214844, 730.068664551, 563.215454102, 586.376647949, 336.731750488, 254.10244751, 71.2760467529, 87.3076629639, 5.7003531456, 0.565838873386, 0.158642604947, 0.0285292360932, 0.00246989773586, 0.000166330020875, 3.71711007574e-06, 4.20889367803e-09]}, "gfcc": {"mean": [4.26093101501, 99.7213363647, -107.031234741, 53.6192703247, -45.0393791199, -3.05144047737, -31.555513382, 12.1866970062, -17.3596782684, -0.381080329418, -15.1308689117, 5.36540269852, -11.1609630585], "cov": [[7743.11035156, -104.968063354, 502.834991455, 54.125202179, -246.036529541, 400.488098145, 36.9391899109, 281.96862793, -31.7439231873, 51.4376754761, -57.9603919983, 28.2176380157, -101.345451355], [-104.968063354, 782.111877441, -17.5138530731, -137.482955933, 28.4429073334, -2.02611041069, 59.6715278625, -8.80850505829, 52.9042396545, -61.0485305786, 80.6103210449, -50.6618537903, 35.8816223145], [502.834991455, -17.5138530731, 493.643371582, 50.3784637451, -54.3257522583, 83.0814285278, -56.3579902649, 8.39607620239, -3.41510510445, 15.2979831696, -15.4888124466, 7.27604341507, 0.230134248734], [54.125202179, -137.482955933, 50.3784637451, 438.744171143, 21.0664157867, -6.94670057297, 13.847615242, -16.3569011688, 45.0630645752, 7.29459238052, 24.2346363068, 14.602596283, 33.956653595], [-246.036529541, 28.4429073334, -54.3257522583, 21.0664157867, 338.7578125, -93.9522781372, 28.31939888, 34.2449645996, 25.6314182281, 8.47240924835, -31.6636295319, 50.6862182617, -16.622297287], [400.488098145, -2.02611041069, 83.0814285278, -6.94670057297, -93.9522781372, 259.970062256, 53.4297409058, 21.3854866028, -15.9710426331, -6.19795179367, 45.5536155701, -44.1848678589, 10.1472711563], [36.9391899109, 59.6715278625, -56.3579902649, 13.847615242, 28.31939888, 53.4297409058, 190.924301147, 20.4657917023, -12.2190628052, 21.7636356354, 20.4845638275, -1.12660872936, -14.2061004639], [281.96862793, -8.80850505829, 8.39607620239, -16.3569011688, 34.2449645996, 21.3854866028, 20.4657917023, 122.412689209, 45.2265167236, 8.17669487, -12.8506326675, -7.21972370148, -9.71258068085], [-31.7439231873, 52.9042396545, -3.41510510445, 45.0630645752, 25.6314182281, -15.9710426331, -12.2190628052, 45.2265167236, 126.532035828, 20.4409198761, 3.43314170837, -9.87181758881, 3.01398253441], [51.4376754761, -61.0485305786, 15.2979831696, 7.29459238052, 8.47240924835, -6.19795179367, 21.7636356354, 8.17669487, 20.4409198761, 101.135101318, 12.0842456818, 3.15538644791, -13.6688461304], [-57.9603919983, 80.6103210449, -15.4888124466, 24.2346363068, -31.6636295319, 45.5536155701, 20.4845638275, -12.8506326675, 3.43314170837, 12.0842456818, 108.561210632, 2.32909059525, 21.3299503326], [28.2176380157, -50.6618537903, 7.27604341507, 14.602596283, 50.6862182617, -44.1848678589, -1.12660872936, -7.21972370148, -9.87181758881, 3.15538644791, 2.32909059525, 83.0399475098, 17.5184783936], [-101.345451355, 35.8816223145, 0.230134248734, 33.956653595, -16.622297287, 10.1472711563, -14.2061004639, -9.71258068085, 3.01398253441, -13.6688461304, 21.3299503326, 17.5184783936, 83.9619903564]], "icov": [[0.000185414814041, -0.000146293241414, -4.6257959184e-05, -0.000155685091158, 0.000206273572985, -0.0003352194326, 0.00016305760073, -0.000532920006663, 0.000260778149823, -0.000213528997847, 0.000293486547889, -0.000519874738529, 0.000386493338738], [-0.000146293241414, 0.00251184520312, -0.000647209642921, 0.00138688809238, -0.000775806081947, 0.00138514162973, -0.00169285282027, 0.00132501299959, -0.00195658323355, 0.00237971241586, -0.0025994265452, 0.00281310616992, -0.00173223228194], [-4.6257959184e-05, -0.000647209642921, 0.00272090407088, -0.00074032205157, 0.000383590202546, -0.00152117258403, 0.00155536481179, -0.000360218138667, 0.000634600175545, -0.00130797072779, 0.00144038058352, -0.00161001365632, 0.000728271494154], [-0.000155685091158, 0.00138688809238, -0.00074032205157, 0.00340256211348, -0.000687487830874, 0.00106995343231, -0.00151003000792, 0.00173320551403, -0.0023528826423, 0.0014657790307, -0.00186472176574, 0.00162728317082, -0.00201781233773], [0.000206273572985, -0.000775806081947, 0.000383590202546, -0.000687487830874, 0.00430659623817, 0.000341333681718, -0.000164865748957, -0.0018130192766, 0.000190920283785, -0.000651141337585, 0.00164689600933, -0.00340138026513, 0.0016096845502], [-0.0003352194326, 0.00138514162973, -0.00152117258403, 0.00106995343231, 0.000341333681718, 0.00731615489349, -0.0029845747631, -0.000111718953121, -0.000288805109449, 0.00227725831792, -0.0039600180462, 0.00504003092647, -0.00242412439547], [0.00016305760073, -0.00169285282027, 0.00155536481179, -0.00151003000792, -0.000164865748957, -0.0029845747631, 0.00799660850316, -0.00221299682744, 0.00276573374867, -0.00320565002039, 0.00115355721209, -0.00265894085169, 0.00259234569967], [-0.000532920006663, 0.00132501299959, -0.000360218138667, 0.00173320551403, -0.0018130192766, -0.000111718953121, -0.00221299682744, 0.0127045381814, -0.00575102958828, 0.00153405847959, -7.57850139053e-05, 0.00234573939815, -0.00117369403597], [0.000260778149823, -0.00195658323355, 0.000634600175545, -0.0023528826423, 0.000190920283785, -0.000288805109449, 0.00276573374867, -0.00575102958828, 0.0124694248661, -0.00396372517571, 0.00110695685726, -0.000190294886124, 0.000641734106466], [-0.000213528997847, 0.00237971241586, -0.00130797072779, 0.0014657790307, -0.000651141337585, 0.00227725831792, -0.00320565002039, 0.00153405847959, -0.00396372517571, 0.0135756237432, -0.00425512669608, 0.00213782628998, 0.00035430630669], [0.000293486547889, -0.0025994265452, 0.00144038058352, -0.00186472176574, 0.00164689600933, -0.0039600180462, 0.00115355721209, -7.57850139053e-05, 0.00110695685726, -0.00425512669608, 0.0144166564569, -0.00465229293332, -0.000217849039473], [-0.000519874738529, 0.00281310616992, -0.00161001365632, 0.00162728317082, -0.00340138026513, 0.00504003092647, -0.00265894085169, 0.00234573939815, -0.000190294886124, 0.00213782628998, -0.00465229293332, 0.0201369337738, -0.00660922564566], [0.000386493338738, -0.00173223228194, 0.000728271494154, -0.00201781233773, 0.0016096845502, -0.00242412439547, 0.00259234569967, -0.00117369403597, 0.000641734106466, 0.00035430630669, -0.000217849039473, -0.00660922564566, 0.0163144860417]]}, "melbands": {"dmean": [0.00181248097215, 0.0020482626278, 0.000482799980091, 0.000714747817256, 0.000475909007946, 0.000250327342656, 0.000137513954542, 0.000148159349919, 8.41759392642e-05, 7.83464420238e-05, 5.8399320551e-05, 2.61466993834e-05, 2.9326260119e-05, 1.75536697498e-05, 1.5074933799e-05, 1.87348086911e-05, 1.27869025164e-05, 9.11764254852e-06, 9.50207595452e-06, 1.76816683961e-05, 1.72641630343e-05, 1.77207039087e-05, 2.24443756451e-05, 1.50513196786e-05, 1.45559579323e-05, 7.85168958828e-06, 8.2491997091e-06, 5.78059189138e-06, 4.24347899752e-06, 4.42762984676e-06, 3.56003238267e-06, 2.46689933192e-06, 2.53372877523e-06, 2.01699026547e-06, 1.06237655473e-06, 1.03557579223e-06, 8.11924280697e-07, 4.48686364507e-07, 2.32901001596e-07, 2.05280898058e-07], "dmean2": [0.0030099065043, 0.0035943700932, 0.000799383968115, 0.00121334940195, 0.000783714291174, 0.000399660144467, 0.000214405168663, 0.000221203401452, 0.000127085484564, 0.000116154020361, 8.92916941666e-05, 3.82403341064e-05, 4.23036399297e-05, 2.71440858342e-05, 2.31135782087e-05, 2.75481233984e-05, 2.00811427931e-05, 1.44660380101e-05, 1.53308992594e-05, 2.84311117866e-05, 2.76439441222e-05, 2.76127702818e-05, 3.5084936826e-05, 2.41795878537e-05, 2.37083695538e-05, 1.25875940284e-05, 1.36870403367e-05, 9.50192770688e-06, 7.08912921255e-06, 7.41703070162e-06, 5.90427089264e-06, 4.01486522605e-06, 4.10277607443e-06, 3.25866335515e-06, 1.70479097505e-06, 1.61005925747e-06, 1.22992707929e-06, 7.12253836355e-07, 3.61224635981e-07, 3.17108714398e-07], "dvar": [1.23898635138e-05, 1.16057808555e-05, 4.5975994567e-07, 3.84597160519e-06, 9.41982534641e-07, 2.51316720323e-07, 8.52174011357e-08, 1.3014430067e-07, 5.23239833683e-08, 5.51474066413e-08, 2.24528236004e-08, 5.23140641917e-09, 9.26763821241e-09, 2.73973843612e-09, 2.14137640953e-09, 9.5192964622e-09, 1.07085007528e-09, 6.52044085392e-10, 3.51867673887e-10, 1.5376703244e-09, 1.19511989194e-09, 1.10732978342e-09, 2.15717643748e-09, 8.67992788756e-10, 7.80926989741e-10, 2.62676685958e-10, 3.24049231892e-10, 1.74946793163e-10, 2.02962840978e-10, 2.94318958094e-10, 1.75965741978e-10, 1.04194271267e-10, 6.85004691858e-11, 5.11064489339e-11, 1.15861825342e-11, 1.96270031477e-11, 1.19317585326e-11, 1.85756791893e-12, 3.66336952093e-13, 2.60374160383e-13], "dvar2": [2.89679210255e-05, 3.28903770423e-05, 1.18000491511e-06, 1.06590468931e-05, 2.49792856266e-06, 6.53028564557e-07, 2.08594883588e-07, 3.02945977637e-07, 1.16175634446e-07, 1.14459275835e-07, 5.17905931474e-08, 1.03072199664e-08, 1.76975127886e-08, 6.29714502765e-09, 4.33434621527e-09, 1.90575253356e-08, 2.45808484678e-09, 1.59155144619e-09, 8.67410920868e-10, 3.70629349433e-09, 2.74311218185e-09, 2.42791942107e-09, 4.56268489657e-09, 2.06716310736e-09, 1.8433078397e-09, 6.35346442124e-10, 8.2656376188e-10, 4.38142661041e-10, 5.21083176608e-10, 7.3409384127e-10, 4.52634235648e-10, 2.51346193858e-10, 1.5596281211e-10, 1.19920157138e-10, 2.50236203286e-11, 3.88481330438e-11, 2.30789935773e-11, 4.45799560461e-12, 8.68724417489e-13, 6.05298959826e-13], "max": [0.0305743403733, 0.0330281406641, 0.0138935325667, 0.0240658558905, 0.0179894398898, 0.00855772010982, 0.00463252700865, 0.00783948041499, 0.00482205720618, 0.00589024741203, 0.00396344810724, 0.00247851293534, 0.00404590042308, 0.00189052231144, 0.00161740113981, 0.00533594936132, 0.000991242122836, 0.000794602150563, 0.000320911291055, 0.000913112540729, 0.000950497575104, 0.00110852089711, 0.0014137661783, 0.000832607154734, 0.000877782120369, 0.000503890856635, 0.000524540781043, 0.000264967355179, 0.000471610372188, 0.000798639375716, 0.000438236253103, 0.000293226941722, 0.000237541462411, 0.000302695814753, 0.000106000559754, 0.000147789120092, 9.74701833911e-05, 3.05163648591e-05, 2.62330013356e-05, 1.49445513671e-05], "mean": [0.00258686346933, 0.00408640271053, 0.0010411189869, 0.00101556640584, 0.000927346525714, 0.000502503768075, 0.000251968944212, 0.000314810866257, 0.00015777014778, 0.000156196590979, 0.000113509166113, 4.9298752856e-05, 5.36571278644e-05, 2.98131180898e-05, 2.67476407316e-05, 3.52306924469e-05, 2.13219518628e-05, 1.48782673932e-05, 1.62134419952e-05, 3.05523899442e-05, 3.36785778927e-05, 4.03318481403e-05, 4.69534534204e-05, 2.99980802083e-05, 2.67423038167e-05, 1.45933308886e-05, 1.3538146959e-05, 9.49138939177e-06, 6.7847572609e-06, 6.49345656711e-06, 5.11753205501e-06, 3.65278833669e-06, 3.59078603651e-06, 2.81513575828e-06, 1.5451461195e-06, 1.44833950344e-06, 1.17223032703e-06, 6.36316087821e-07, 3.57238405968e-07, 3.05501657749e-07], "median": [0.00144499307498, 0.00360385421664, 0.000819069100544, 0.000464551150799, 0.00040986345266, 0.000262698973529, 0.000114051144919, 9.82037890935e-05, 5.20147295902e-05, 3.54248950316e-05, 2.7199559554e-05, 1.50295982166e-05, 1.30613088913e-05, 9.57967040449e-06, 7.38065364203e-06, 6.57861210129e-06, 8.07571632322e-06, 6.51822665532e-06, 8.03847160569e-06, 1.36399821713e-05, 1.69393424585e-05, 2.08218989428e-05, 2.16757616727e-05, 1.61454609042e-05, 1.44316936712e-05, 8.56319275044e-06, 6.22834477326e-06, 4.02570776714e-06, 2.57100077761e-06, 2.07929156204e-06, 1.6049829128e-06, 1.30928458475e-06, 1.10349344595e-06, 7.31900172468e-07, 3.86093546467e-07, 2.10547867141e-07, 1.25851997268e-07, 9.7658109155e-08, 1.1082839535e-07, 9.84564891837e-08], "min": [3.47189280643e-24, 7.49038891181e-24, 7.23792975631e-24, 1.22905925317e-23, 9.21237839346e-24, 1.76161617373e-23, 1.80284504231e-23, 1.27858883174e-23, 8.66501542146e-24, 1.11251964835e-23, 8.89174666739e-24, 9.92353649952e-24, 5.98945403302e-24, 5.03157257911e-24, 9.28143448824e-24, 1.12966593456e-23, 4.42470464574e-24, 1.4818267744e-23, 1.52898330159e-23, 1.06273132341e-23, 5.71775732106e-24, 8.66673829368e-24, 8.90628458502e-24, 1.36005757398e-23, 1.05604809382e-23, 8.8464384413e-24, 1.02420012247e-23, 8.05896908672e-24, 8.94781653395e-24, 6.64904982373e-24, 5.81800103173e-24, 1.35198090049e-23, 7.3156380775e-24, 1.19346797905e-23, 8.6310809919e-24, 9.97576382461e-24, 9.39665630092e-24, 1.22489816967e-23, 1.33188088239e-23, 1.18018379807e-23], "var": [1.37047763928e-05, 1.11296940304e-05, 8.87677401806e-07, 3.23969379679e-06, 1.75829120508e-06, 4.9600254215e-07, 1.68162841874e-07, 3.8590721374e-07, 1.26161026515e-07, 1.97174983896e-07, 6.7833752837e-08, 1.72893859229e-08, 2.46296636419e-08, 5.13850340056e-09, 5.4299134078e-09, 3.36077299323e-08, 2.5595316977e-09, 1.20629017886e-09, 6.46034614693e-10, 3.02797698026e-09, 2.98055424786e-09, 4.35281855005e-09, 7.58058771311e-09, 2.19167795024e-09, 1.93776905633e-09, 4.44685760437e-10, 5.54352730386e-10, 3.00114766372e-10, 2.14423909184e-10, 2.86763807145e-10, 1.69905728375e-10, 1.11918807555e-10, 9.43162353773e-11, 8.07144490134e-11, 1.98436354154e-11, 3.90914765835e-11, 2.68501748613e-11, 4.16011669557e-12, 5.56932321441e-13, 3.81720534088e-13]}, "mfcc": {"mean": [-639.265197754, 123.623809814, 1.97494363785, 54.3525733948, 9.43991661072, 0.993709981441, -3.59905600548, 10.1868829727, 1.94661700726, -1.83129489422, 2.77506828308, -0.0843319147825, 2.34787082672], "cov": [[5194.08837891, 127.585464478, 18.8919258118, 122.90007782, -150.236190796, 56.9259719849, 26.2852993011, 89.0166397095, 0.506365299225, 57.6262321472, 35.176815033, 53.6160888672, -24.3229217529], [127.585464478, 974.840576172, -124.931755066, -83.8269577026, 11.6266298294, -56.1932983398, 11.185174942, 32.2829360962, -7.67984628677, 1.59462082386, 63.7095069885, -75.9418869019, 19.6611289978], [18.8919258118, -124.931755066, 514.292114258, -63.132434845, -29.472322464, 57.7357711792, -13.4145364761, -29.146894455, -43.591293335, 23.4673576355, -32.089214325, -22.9548015594, 15.0830507278], [122.90007782, -83.8269577026, -63.132434845, 416.02041626, 77.0218582153, 17.246673584, -29.4389820099, 0.135910525918, 58.6012954712, -59.1225891113, 5.81641101837, 50.2239112854, 34.4436798096], [-150.236190796, 11.6266298294, -29.472322464, 77.0218582153, 225.192276001, -22.2501125336, -56.7174682617, 20.9663677216, 18.9343471527, 1.08374464512, -14.6233701706, -8.67587184906, 17.2963924408], [56.9259719849, -56.1932983398, 57.7357711792, 17.246673584, -22.2501125336, 145.009735107, 67.0515518188, 5.98912191391, -2.76140737534, 6.80810213089, 3.0698492527, 27.1137886047, -7.44543361664], [26.2852993011, 11.185174942, -13.4145364761, -29.4389820099, -56.7174682617, 67.0515518188, 172.32673645, 28.9787025452, -9.09737014771, -2.92769408226, 8.0902261734, 32.7286949158, -15.4027576447], [89.0166397095, 32.2829360962, -29.146894455, 0.135910525918, 20.9663677216, 5.98912191391, 28.9787025452, 111.153076172, 21.4982318878, 9.73607158661, 6.61588335037, -3.34905958176, -0.515002131462], [0.506365299225, -7.67984628677, -43.591293335, 58.6012954712, 18.9343471527, -2.76140737534, -9.09737014771, 21.4982318878, 104.082206726, 20.5780162811, 11.4764232635, 16.8157291412, -2.64039063454], [57.6262321472, 1.59462082386, 23.4673576355, -59.1225891113, 1.08374464512, 6.80810213089, -2.92769408226, 9.73607158661, 20.5780162811, 121.650100708, 26.2875232697, 4.1466012001, -10.7170276642], [35.176815033, 63.7095069885, -32.089214325, 5.81641101837, -14.6233701706, 3.0698492527, 8.0902261734, 6.61588335037, 11.4764232635, 26.2875232697, 99.9850692749, 15.8809137344, 1.69651448727], [53.6160888672, -75.9418869019, -22.9548015594, 50.2239112854, -8.67587184906, 27.1137886047, 32.7286949158, -3.34905958176, 16.8157291412, 4.1466012001, 15.8809137344, 122.461959839, 18.6588535309], [-24.3229217529, 19.6611289978, 15.0830507278, 34.4436798096, 17.2963924408, -7.44543361664, -15.4027576447, -0.515002131462, -2.64039063454, -10.7170276642, 1.69651448727, 18.6588535309, 80.3340911865]], "icov": [[0.000210961981793, -5.44715221622e-05, -1.85236167454e-05, -0.000144338831888, 0.000214759507799, -5.0702237786e-05, 0.000112158748379, -0.000242968424573, 0.000137005685247, -0.000161206378834, 4.63180549559e-05, -0.000118409669085, 0.000121099285025], [-5.44715221622e-05, 0.00127040524967, 0.000284210196696, 0.000295391771942, -0.000189892205526, 0.000302852306049, -0.000378141674446, -6.0198832216e-05, -4.53217689937e-05, 0.000187029378139, -0.000907622801606, 0.000986621598713, -0.000697891227901], [-1.85236167454e-05, 0.000284210196696, 0.00241634435952, 0.000268467381829, 0.000251294055488, -0.00123228970915, 0.000504669267684, 0.000354302494088, 0.000699746713508, -0.000632417097222, 0.000588696508203, 0.000685808132403, -0.000946324144024], [-0.000144338831888, 0.000295391771942, 0.000268467381829, 0.00362126668915, -0.00113728630822, -0.000848369440064, 0.000544898211956, 0.000423331861384, -0.00202757469378, 0.00223798677325, -0.000690773245879, -0.000767483084928, -0.00102084770333], [0.000214759507799, -0.000189892205526, 0.000251294055488, -0.00113728630822, 0.00574164837599, -6.1953884142e-05, 0.00187038246077, -0.00164767110255, 0.000207278353628, -0.000913756026421, 0.0012005463941, 0.000101170931885, -0.000505904667079], [-5.0702237786e-05, 0.000302852306049, -0.00123228970915, -0.000848369440064, -6.1953884142e-05, 0.0096064787358, -0.00377658056095, 0.000117090268759, 0.000221236856305, -0.000673453556374, -0.000248019816354, -0.000891549512744, 0.000815710111056], [0.000112158748379, -0.000378141674446, 0.000504669267684, 0.000544898211956, 0.00187038246077, -0.00377658056095, 0.00912490300834, -0.00272068241611, 0.00104725942947, 0.000740217219573, 0.000200448746909, -0.0023738828022, 0.00145782192703], [-0.000242968424573, -6.0198832216e-05, 0.000354302494088, 0.000423331861384, -0.00164767110255, 0.000117090268759, -0.00272068241611, 0.0108673842624, -0.00241177342832, -0.000303229753627, -0.000375927629648, 0.00135872187093, -0.000820599321742], [0.000137005685247, -4.53217689937e-05, 0.000699746713508, -0.00202757469378, 0.000207278353628, 0.000221236856305, 0.00104725942947, -0.00241177342832, 0.01242050156, -0.00291366898455, -5.32231169927e-05, -0.00129961897619, 0.00127425021492], [-0.000161206378834, 0.000187029378139, -0.000632417097222, 0.00223798677325, -0.000913756026421, -0.000673453556374, 0.000740217219573, -0.000303229753627, -0.00291366898455, 0.0108296349645, -0.00296674575657, -0.000692303990945, 0.000911329349037], [4.63180549559e-05, -0.000907622801606, 0.000588696508203, -0.000690773245879, 0.0012005463941, -0.000248019816354, 0.000200448746909, -0.000375927629648, -5.32231169927e-05, -0.00296674575657, 0.0120182093233, -0.00154647941235, -0.00011578797421], [-0.000118409669085, 0.000986621598713, 0.000685808132403, -0.000767483084928, 0.000101170931885, -0.000891549512744, -0.0023738828022, 0.00135872187093, -0.00129961897619, -0.000692303990945, -0.00154647941235, 0.0110538369045, -0.0032977159135], [0.000121099285025, -0.000697891227901, -0.000946324144024, -0.00102084770333, -0.000505904667079, 0.000815710111056, 0.00145782192703, -0.000820599321742, 0.00127425021492, 0.000911329349037, -0.00011578797421, -0.0032977159135, 0.014661481604]]}, "spectral_contrast_coeffs": {"dmean": [0.0508059337735, 0.0437748506665, 0.036295004189, 0.0302753914148, 0.0242463611066, 0.0198160335422], "dmean2": [0.0838646739721, 0.0706032663584, 0.0575742721558, 0.0490109883249, 0.0386912114918, 0.0311085507274], "dvar": [0.00180425762665, 0.00134688499384, 0.00089960556943, 0.000593967852183, 0.000441910000518, 0.000369189539924], "dvar2": [0.0047424514778, 0.00340346153826, 0.00217846455052, 0.00150228210259, 0.00107105041388, 0.000832726247609], "max": [-0.338124603033, -0.396157026291, -0.452830731869, -0.551854789257, -0.572252035141, -0.516026377678], "mean": [-0.629068017006, -0.688663482666, -0.749625861645, -0.767355978489, -0.762671709061, -0.727472901344], "median": [-0.631028413773, -0.691758573055, -0.759047150612, -0.771615624428, -0.765230298042, -0.735777199268], "min": [-0.972169339657, -0.987164199352, -0.959877729416, -0.966370761395, -0.960426151752, -0.957436025143], "var": [0.00521715451032, 0.00608377857134, 0.00528889289126, 0.00258474959992, 0.00223241210915, 0.00219925795682]}, "spectral_contrast_valleys": {"dmean": [0.398561924696, 0.337101817131, 0.301421880722, 0.266835391521, 0.271104514599, 0.316302150488], "dmean2": [0.663966596127, 0.550226688385, 0.483329325914, 0.425068169832, 0.416085422039, 0.454257279634], "dvar": [0.148744925857, 0.120725698769, 0.0998498573899, 0.0862040519714, 0.122099101543, 0.178702309728], "dvar2": [0.32366412878, 0.259032666683, 0.203901559114, 0.171219810843, 0.249525308609, 0.382573068142], "max": [-5.01675128937