{"lowlevel": {"average_loudness": 0.764737308025, "barkbands_crest": {"dmean": 2.58516955376, "dmean2": 3.93468117714, "dvar": 8.96140956879, "dvar2": 18.858247757, "max": 26.8422260284, "mean": 13.4239578247, "median": 12.4929161072, "min": 3.26557469368, "var": 27.988193512}, "barkbands_flatness_db": {"dmean": 0.0235544480383, "dmean2": 0.032938413322, "dvar": 0.000670515582897, "dvar2": 0.00136122200638, "max": 0.703401446342, "mean": 0.219597578049, "median": 0.196787983179, "min": 0.0328442156315, "var": 0.0161034259945}, "barkbands_kurtosis": {"dmean": 16.5925788879, "dmean2": 26.3474960327, "dvar": 4985.66113281, "dvar2": 13958.7617188, "max": 7551.07861328, "mean": 139.668807983, "median": 8.0242805481, "min": -1.8321031332, "var": 555568.3125}, "barkbands_skewness": {"dmean": 0.758716762066, "dmean2": 1.10406327248, "dvar": 1.13288855553, "dvar2": 2.54621624947, "max": 71.977104187, "mean": 4.29267883301, "median": 2.67006778717, "min": -2.46100091934, "var": 70.8196868896}, "barkbands_spread": {"dmean": 4.8157081604, "dmean2": 6.89036798477, "dvar": 41.2409248352, "dvar2": 80.0383377075, "max": 93.5434646606, "mean": 18.9883918762, "median": 14.0842609406, "min": 0.0111592113972, "var": 269.435424805}, "dissonance": {"dmean": 0.0109652299434, "dmean2": 0.0183161851019, "dvar": 0.000120887387311, "dvar2": 0.000335472665029, "max": 0.499963790178, "mean": 0.459264665842, "median": 0.473266363144, "min": 0.134748280048, "var": 0.00258937105536}, "dynamic_complexity": 5.49880552292, "erbbands_crest": {"dmean": 1.66139042377, "dmean2": 2.68569374084, "dvar": 3.78131151199, "dvar2": 9.38346004486, "max": 29.6267986298, "mean": 8.478099823, "median": 6.89032363892, "min": 2.46040463448, "var": 22.9034347534}, "erbbands_flatness_db": {"dmean": 0.012642448768, "dmean2": 0.0181604400277, "dvar": 0.000242002730374, "dvar2": 0.000469456339488, "max": 0.595675826073, "mean": 0.175842404366, "median": 0.138953119516, "min": 0.0465465448797, "var": 0.0105726821348}, "erbbands_kurtosis": {"dmean": 1.38904309273, "dmean2": 2.21993589401, "dvar": 22.7168235779, "dvar2": 58.5027923584, "max": 305.74810791, "mean": 8.40691280365, "median": -0.810531377792, "min": -1.85600352287, "var": 1604.74768066}, "erbbands_skewness": {"dmean": 0.331126689911, "dmean2": 0.501203000546, "dvar": 0.138503327966, "dvar2": 0.316454261541, "max": 13.2397184372, "mean": 0.677781224251, "median": 0.168128192425, "min": -2.40925455093, "var": 4.60554218292}, "erbbands_spread": {"dmean": 7.30026674271, "dmean2": 11.2403860092, "dvar": 77.7202301025, "dvar2": 180.313751221, "max": 178.128646851, "mean": 55.5339927673, "median": 56.437461853, "min": 0.354829579592, "var": 582.462646484}, "hfc": {"dmean": 3.58841300011, "dmean2": 5.32702922821, "dvar": 41.3567695618, "dvar2": 95.8676528931, "max": 97.6158905029, "mean": 15.1858978271, "median": 5.61893129349, "min": 1.25463499529e-16, "var": 281.577331543}, "melbands_crest": {"dmean": 2.85398888588, "dmean2": 4.09199285507, "dvar": 9.43158817291, "dvar2": 17.3767089844, "max": 38.3255500793, "mean": 16.4348258972, "median": 15.263469696, "min": 1.63675642014, "var": 36.055770874}, "melbands_flatness_db": {"dmean": 0.0272135268897, "dmean2": 0.0375034436584, "dvar": 0.000930417561904, "dvar2": 0.00180416810326, "max": 0.855782806873, "mean": 0.296355783939, "median": 0.279288887978, "min": 0.00330695020966, "var": 0.0197510495782}, "melbands_kurtosis": {"dmean": 17.6364173889, "dmean2": 25.8928527832, "dvar": 1413.59851074, "dvar2": 2598.47167969, "max": 1828.9765625, "mean": 46.3960151672, "median": 27.0779571533, "min": -1.57678461075, "var": 5286.75244141}, "melbands_skewness": {"dmean": 0.953064501286, "dmean2": 1.38454031944, "dvar": 1.54868173599, "dvar2": 3.09900355339, "max": 33.445892334, "mean": 4.69743347168, "median": 4.33728885651, "min": -1.60090553761, "var": 6.60438299179}, "melbands_spread": {"dmean": 4.35386371613, "dmean2": 6.41381788254, "dvar": 44.5057907104, "dvar2": 97.5959701538, "max": 155.548843384, "mean": 15.134642601, "median": 9.05990219116, "min": 0.245466068387, "var": 373.972625732}, "pitch_salience": {"dmean": 0.0705192759633, "dmean2": 0.110271267593, "dvar": 0.00591175537556, "dvar2": 0.0135489758104, "max": 0.854189217091, "mean": 0.486130416393, "median": 0.512259185314, "min": 0.0144473053515, "var": 0.0241424832493}, "silence_rate_20dB": {"dmean": 0, "dmean2": 0, "dvar": 0, "dvar2": 0, "max": 1, "mean": 1, "median": 1, "min": 1, "var": 0}, "silence_rate_30dB": {"dmean": 0.0648757070303, "dmean2": 0.129765883088, "dvar": 0.0606685653329, "dvar2": 0.156856909394, "max": 1, "mean": 0.956865787506, "median": 1, "min": 0, "var": 0.0412743277848}, "silence_rate_60dB": {"dmean": 0.0245234649628, "dmean2": 0.0490523986518, "dvar": 0.0239200238138, "dvar2": 0.0540080107749, "max": 1, "mean": 0.143669188023, "median": 0, "min": 0, "var": 0.123020276427}, "spectral_centroid": {"dmean": 221.722198486, "dmean2": 337.819885254, "dvar": 84852.2734375, "dvar2": 181517.453125, "max": 11141.2314453, "mean": 1173.0625, "median": 994.030151367, "min": 129.181716919, "var": 662555.9375}, "spectral_complexity": {"dmean": 2.75866675377, "dmean2": 4.39197301865, "dvar": 17.4898529053, "dvar2": 41.2799987793, "max": 52, "mean": 13.8139772415, "median": 10, "min": 0, "var": 125.734588623}, "spectral_decrease": {"dmean": 3.05334624251e-09, "dmean2": 4.47911485679e-09, "dvar": 3.50956984387e-17, "dvar2": 7.24880605395e-17, "max": 8.25770011115e-19, "mean": -7.49392636834e-09, "median": -4.77447947844e-09, "min": -4.89556022387e-08, "var": 7.49269463273e-17}, "spectral_energy": {"dmean": 0.0116791557521, "dmean2": 0.0171310100704, "dvar": 0.000511123391334, "dvar2": 0.00105631863698, "max": 0.186614736915, "mean": 0.0296612288803, "median": 0.0193016901612, "min": 1.07315262278e-20, "var": 0.00112771790009}, "spectral_energyband_high": {"dmean": 0.000300709332805, "dmean2": 0.000479656388052, "dvar": 4.59431788613e-07, "dvar2": 1.19953176636e-06, "max": 0.0103746438399, "mean": 0.000923108134884, "median": 0.000127038161736, "min": 7.62872247468e-21, "var": 1.76618084424e-06}, "spectral_energyband_low": {"dmean": 0.00832493137568, "dmean2": 0.0119552183896, "dvar": 0.000371422240278, "dvar2": 0.000709131883923, "max": 0.183448642492, "mean": 0.0168478377163, "median": 0.0080872932449, "min": 3.76556000458e-23, "var": 0.000726023863535}, "spectral_energyband_middle_high": {"dmean": 0.000563915993553, "dmean2": 0.000847527990118, "dvar": 1.00034594652e-06, "dvar2": 2.23499682761e-06, "max": 0.0174586195499, "mean": 0.00207641813904, "median": 0.000881626328919, "min": 1.30561038799e-21, "var": 6.29882515568e-06}, "spectral_energyband_middle_low": {"dmean": 0.00525306910276, "dmean2": 0.00821394845843, "dvar": 0.000224506642553, "dvar2": 0.000527318799868, "max": 0.177590295672, "mean": 0.0112948426977, "median": 0.00607699528337, "min": 2.50812001306e-22, "var": 0.00030370472814}, "spectral_entropy": {"dmean": 0.162041708827, "dmean2": 0.237351253629, "dvar": 0.0402086377144, "dvar2": 0.0847039669752, "max": 9.8179359436, "mean": 7.07024765015, "median": 7.38244724274, "min": 2.58736014366, "var": 1.16351687908}, "spectral_flux": {"dmean": 0.0290217511356, "dmean2": 0.0475744046271, "dvar": 0.00213906099088, "dvar2": 0.00540497386828, "max": 0.404826074839, "mean": 0.0660184696317, "median": 0.0470218583941, "min": 1.0359307856e-10, "var": 0.00447930488735}, "spectral_kurtosis": {"dmean": 2.55738377571, "dmean2": 4.27993535995, "dvar": 37.9951438904, "dvar2": 103.86907196, "max": 171.830413818, "mean": 7.28671216965, "median": 2.80463600159, "min": -1.23178184032, "var": 305.363952637}, "spectral_rms": {"dmean": 0.000819377251901, "dmean2": 0.00115773151629, "dvar": 1.72119018771e-06, "dvar2": 3.27718726112e-06, "max": 0.0134930778295, "mean": 0.0045517841354, "median": 0.00433946028352, "min": 3.23570423927e-12, "var": 8.21906814963e-06}, "spectral_rolloff": {"dmean": 333.148712158, "dmean2": 539.97076416, "dvar": 406697.71875, "dvar2": 826803, "max": 19789.0136719, "mean": 1156.07995605, "median": 301.46484375, "min": 43.06640625, "var": 5767282.5}, "spectral_skewness": {"dmean": 0.259661495686, "dmean2": 0.422590017319, "dvar": 0.1382137537, "dvar2": 0.356739193201, "max": 10.7693738937, "mean": 1.58803904057, "median": 1.26684308052, "min": -0.186856850982, "var": 1.7210496664}, "spectral_spread": {"dmean": 460961.6875, "dmean2": 670593.6875, "dvar": 490656071680, "dvar2": 882443288576, "max": 40653812, "mean": 4693153, "median": 4578030, "min": 486590.96875, "var": 4479964413950.0}, "spectral_strongpeak": {"dmean": 0.213397026062, "dmean2": 0.352104127407, "dvar": 0.115566268563, "dvar2": 0.283663809299, "max": 4.61341381073, "mean": 0.493143588305, "median": 0.370270371437, "min": 0, "var": 0.205923855305}, "zerocrossingrate": {"dmean": 0.00907100364566, "dmean2": 0.0103912455961, "dvar": 0.000113873320515, "dvar2": 0.000136102433316, "max": 0.52001953125, "mean": 0.0540615282953, "median": 0.03857421875, "min": 0.001953125, "var": 0.0040819789283}, "barkbands": {"dmean": [0.00101505743805, 0.00735555542633, 0.0017957999371, 0.00138814433012, 0.00418352382258, 0.000566181493923, 0.000100395198388, 4.2290026613e-05, 6.68022621539e-05, 4.67881181976e-05, 5.36937150173e-05, 2.42055448325e-05, 3.92469592043e-05, 0.000114121176011, 7.30512983864e-05, 0.000183598662261, 0.000102809848613, 7.61279443395e-05, 0.000139551440952, 0.000191999963135, 0.000153763146955, 6.15617973381e-05, 4.88425430376e-05, 3.3526270272e-05, 2.45105838985e-05, 2.0408171622e-05, 6.69783867124e-06], "dmean2": [0.00132269808091, 0.0108409868553, 0.0030640438199, 0.00236541987397, 0.00649063335732, 0.000971049128566, 0.000155805275426, 6.17131154286e-05, 0.000108241845737, 7.35276553314e-05, 7.47165904613e-05, 3.894008114e-05, 6.39460340608e-05, 0.000165235323948, 0.000112631278171, 0.000298123777611, 0.000165025659953, 0.000126126295072, 0.000224193252507, 0.000307602924295, 0.000264688889729, 9.99847034109e-05, 7.52772175474e-05, 5.09226156282e-05, 3.74479604943e-05, 3.04997101921e-05, 8.95679932e-06], "dvar": [6.45038380753e-06, 0.000374166818801, 2.13733655983e-05, 4.97676683153e-06, 0.000184238524525, 1.09412189886e-06, 1.34667800467e-07, 6.21609919094e-09, 2.07148715958e-08, 1.10842011125e-08, 1.25744614721e-08, 3.92880661337e-09, 8.46401793098e-09, 5.87296860033e-08, 1.977103814e-08, 1.34442998956e-07, 3.8467145913e-08, 2.61253489953e-08, 7.37364871384e-08, 1.64509430078e-07, 1.54915909434e-07, 2.10505071152e-08, 1.43910749983e-08, 4.05358280275e-09, 1.95773819378e-09, 2.01882310868e-09, 3.0373881188e-10], "dvar2": [1.15677876238e-05, 0.000755375658628, 5.95426936343e-05, 1.36749986268e-05, 0.000438462331658, 3.2151904179e-06, 2.97003538208e-07, 1.42299265704e-08, 5.20805905069e-08, 2.84420185181e-08, 2.32988330851e-08, 9.69704050391e-09, 2.08114556699e-08, 1.17113167164e-07, 4.58975080164e-08, 3.55389289552e-07, 9.10807926857e-08, 6.82343568315e-08, 1.8812312419e-07, 4.03182951914e-07, 4.34298385699e-07, 5.44880691677e-08, 3.30937801607e-08, 8.87053630549e-09, 4.38749081511e-09, 4.06701516908e-09, 4.66488958573e-10], "max": [0.0219070501626, 0.17294728756, 0.0597673803568, 0.0250304359943, 0.144467666745, 0.0203262735158, 0.00643925368786, 0.00161095778458, 0.00246665859595, 0.00253459159285, 0.00284237414598, 0.00115216011181, 0.00140562874731, 0.00985573790967, 0.00301258265972, 0.00632515130565, 0.004792871885, 0.00197111186571, 0.00398147571832, 0.00640478823334, 0.00563650671393, 0.00280163576826, 0.003163368674, 0.00168684951495, 0.000753318250645, 0.000618283869699, 0.00027516685077], "mean": [0.00145026331302, 0.010384188965, 0.00358075671829, 0.00238612131216, 0.00705863907933, 0.00134718825575, 0.000151721542352, 0.000113759626402, 0.000164688317454, 9.30036912905e-05, 0.000132718545501, 3.90219320252e-05, 7.05076890881e-05, 0.000259750551777, 0.000194116713828, 0.000376212148694, 0.000221790804062, 0.000135103939101, 0.000301794323605, 0.000376897660317, 0.0002843606635, 0.000132241242682, 0.000135414855322, 0.000110651315481, 8.78553764778e-05, 5.50834956812e-05, 1.74645902007e-05], "median": [5.15537522006e-06, 0.00260351505131, 0.00119915348478, 0.00144936155993, 0.0027180230245, 0.000715653179213, 2.86813192361e-05, 5.32775011379e-05, 7.26521830074e-05, 3.61178026651e-05, 3.86316787626e-05, 1.33054163598e-05, 2.4067438062e-05, 9.24970227061e-05, 7.61983974371e-05, 0.000109662090836, 8.55734106153e-05, 2.74609683402e-05, 8.84742330527e-05, 0.000108356995042, 5.49952164874e-05, 1.19601099868e-05, 1.17137524285e-05, 7.85664269642e-06, 6.79733057041e-06, 9.75376792667e-07, 3.99358341951e-08], "min": [2.56899369543e-23, 1.1465834511e-23, 1.12923434876e-23, 8.75699186984e-24, 5.5515297344e-23, 5.28642860958e-23, 1.67975639314e-23, 3.51170456528e-23, 7.16530248821e-23, 4.58812830519e-23, 4.2465897141e-23, 1.44641357774e-22, 1.36324315209e-22, 9.09180999711e-23, 5.60368543092e-23, 6.76387452383e-23, 1.73246198882e-22, 2.14518139266e-22, 2.6419628243e-22, 2.18077706862e-22, 4.6413394976e-22, 5.4582586075e-22, 6.91060075893e-22, 8.11037211527e-22, 1.2057785132e-21, 1.79506210275e-21, 2.26001515519e-21], "var": [1.30651787913e-05, 0.000544502632692, 3.09434908559e-05, 8.0200497905e-06, 0.000216548811295, 3.22812320519e-06, 1.73266244019e-07, 2.61197214968e-08, 6.11426784758e-08, 2.43077309392e-08, 5.54542793907e-08, 5.95100324574e-09, 1.63418825139e-08, 2.03446077762e-07, 8.24117165621e-08, 4.01855970722e-07, 1.08767935103e-07, 5.34544355446e-08, 2.05311621926e-07, 3.86979593259e-07, 2.22460386112e-07, 5.48110712373e-08, 6.93377657512e-08, 2.7610433051e-08, 1.55927573076e-08, 9.06662211975e-09, 1.45607603752e-09]}, "erbbands": {"dmean": [0.251785635948, 1.64532077312, 1.99943959713, 3.61459422112, 13.2514028549, 10.6512241364, 6.62928152084, 5.70367431641, 1.67565000057, 1.40458214283, 0.647439181805, 1.7291405201, 1.79671168327, 0.863179802895, 2.46786165237, 1.05356371403, 1.81434333324, 5.5126581192, 3.93709897995, 6.26832342148, 6.60964775085, 5.11988258362, 4.19192647934, 5.80567979813, 8.71938800812, 9.65596389771, 6.85271692276, 4.37126302719, 2.30874609947, 2.25976967812, 1.21958303452, 0.850487351418, 0.49234059453, 0.283958226442, 0.196404501796, 0.119875945151, 0.0386122390628, 0.00654522003606, 0.00121289677918, 6.3075502112e-05], "dmean2": [0.327841669321, 2.63453412056, 3.31644845009, 5.99693489075, 20.9481391907, 16.7766590118, 10.6011610031, 9.78488349915, 2.66784667969, 2.14911532402, 1.02813327312, 2.7307035923, 2.84371590614, 1.307913661, 3.46883654594, 1.61192917824, 2.92131876945, 7.94121742249, 6.12397956848, 9.86615562439, 10.7835321426, 8.20276546478, 6.8038187027, 9.46511077881, 13.9157657623, 15.4901685715, 11.7556676865, 7.47160863876, 3.75516295433, 3.62093615532, 1.84441304207, 1.28534531593, 0.778458833694, 0.432402193546, 0.30344504118, 0.182289019227, 0.0600274093449, 0.0091228177771, 0.00163975346368, 9.44981438806e-05], "dvar": [0.361007869244, 22.0556812286, 29.4616203308, 31.7961864471, 2408.31079102, 861.215881348, 136.099029541, 110.202224731, 19.3635864258, 16.4630756378, 2.67585086823, 12.8027067184, 15.5010976791, 6.63445281982, 27.0906772614, 7.19202327728, 18.0620193481, 138.652542114, 60.6585540771, 145.795120239, 155.924316406, 92.7311782837, 69.0684661865, 130.754776001, 300.53024292, 499.157623291, 330.342315674, 103.724281311, 30.8835964203, 25.6086006165, 7.38525772095, 2.75913619995, 1.01827406883, 0.249336645007, 0.131709545851, 0.0595793426037, 0.008644182235, 0.000276778882835, 9.60819488682e-06, 2.31558949793e-08], "dvar2": [0.571018099785, 48.9914245605, 79.6950683594, 83.4229278564, 5741.27441406, 2090.09887695, 353.456939697, 320.081237793, 44.1693916321, 40.9837646484, 6.82955884933, 29.9725399017, 40.6022262573, 13.5904827118, 49.7209892273, 17.1223316193, 44.4572792053, 276.2996521, 140.681137085, 355.200164795, 414.498321533, 223.087661743, 173.387237549, 336.924804688, 749.621276855, 1211.60083008, 925.850341797, 287.609710693, 81.0156860352, 64.4553146362, 15.5249967575, 6.2068195343, 2.53653454781, 0.545432627201, 0.314148396254, 0.132999762893, 0.0196389742196, 0.000447587517556, 1.50494370246e-05, 4.26449702218e-08], "max": [6.26818752289, 41.2701034546, 59.6075592041, 97.1628036499, 502.758636475, 342.314117432, 227.797348022, 205.350845337, 84.2328338623, 85.3810348511, 27.6830368042, 67.4719772339, 99.5966186523, 51.5210494995, 143.478530884, 52.0222854614, 68.5125427246, 470.178924561, 192.587265015, 236.395568848, 205.329437256, 220.08013916, 103.918495178, 210.256515503, 315.261657715, 374.229248047, 259.189300537, 135.497772217, 106.641670227, 99.7925415039, 75.1226425171, 48.1357727051, 24.9274044037, 9.60895729065, 5.2840886116, 3.23994922638, 1.22975111008, 0.296183079481, 0.0492178536952, 0.00211479654536], "mean": [0.385668724775, 1.99234855175, 3.32986044884, 8.28412151337, 15.3957366943, 21.8888397217, 18.2138137817, 13.6012802124, 3.71217751503, 2.72961544991, 1.46954739094, 4.64988136292, 4.09071874619, 1.49679076672, 6.25867176056, 2.19720697403, 3.61383152008, 12.0561237335, 11.6641960144, 15.36602211, 14.9030714035, 11.554058075, 8.41320896149, 11.5757379532, 19.3367671967, 17.8047733307, 11.8648529053, 8.66838932037, 4.94635152817, 5.4621963501, 3.45723795891, 2.53798151016, 1.57082605362, 0.963181376457, 0.620754957199, 0.309430718422, 0.0921637862921, 0.0179499890655, 0.00320395664312, 0.000171008025063], "median": [0.0612973347306, 0.609594881535, 1.51971817017, 5.13634729385, 4.1853351593, 8.92798995972, 10.6113986969, 6.31394100189, 1.47005677223, 1.06668901443, 0.737780451775, 2.12844991684, 2.02617120743, 0.502352714539, 1.84391617775, 0.90902364254, 1.40552020073, 4.80032634735, 4.69499921799, 5.08294868469, 5.27134513855, 4.25599622726, 2.2643725872, 3.35389494896, 5.93920993805, 4.79035186768, 2.61743211746, 1.56178569794, 0.502993583679, 0.348620653152, 0.319911509752, 0.180877611041, 0.117022112012, 0.0870789438486, 0.0374349281192, 0.00831517390907, 0.000794685969595, 0.000100442062831, 2.60153829004e-05, 2.9058292057e-05], "min": [6.68318516039e-22, 1.79509118332e-21, 1.21614048518e-20, 1.81542847689e-20, 1.54618991167e-19, 1.2662629451e-19, 3.19868830019e-19, 4.38663081221e-19, 1.77413103244e-19, 6.80761785915e-19, 5.16290672987e-19, 1.99991489202e-18, 1.07094484541e-18, 1.5850849522e-18, 3.16189685751e-18, 6.92989624679e-18, 5.50868042683e-18, 4.22800093858e-18, 4.77148258926e-18, 2.89579554279e-18, 4.6101575544e-18, 1.06116692951e-17, 1.04300047161e-17, 1.42113318462e-17, 9.59288718285e-18, 1.32415411602e-17, 1.45187766819e-17, 2.10017815718e-17, 1.8272775419e-17, 1.91298503389e-17, 1.87825320889e-17, 1.69352640731e-17, 1.36685218662e-17, 1.29069780352e-17, 9.94333962015e-18, 6.65014169568e-18, 3.02183346631e-18, 1.1418645194e-18, 3.60636659153e-19, 3.35413854325e-20], "var": [0.773154139519, 23.1563606262, 29.1802387238, 83.0550460815, 2372.21313477, 1358.42956543, 536.88885498, 354.794067383, 38.6900177002, 24.4022331238, 4.72562265396, 47.3542175293, 37.13879776, 10.7715902328, 129.72102356, 13.7215833664, 37.7161254883, 408.344726562, 278.125946045, 543.4375, 487.034881592, 285.6875, 173.372833252, 322.732910156, 866.077880859, 969.321777344, 416.527404785, 193.388275146, 75.0187225342, 107.00125885, 38.5584220886, 15.7912969589, 5.52618217468, 1.91060769558, 0.837191343307, 0.248715952039, 0.0322180688381, 0.0013521600049, 4.67073259642e-05, 9.71891367385e-08]}, "gfcc": {"mean": [-97.552947998, 104.863021851, -97.6251754761, 58.6329078674, -34.8903884888, -7.28320741653, -36.8331260681, -11.2221107483, -26.8969917297, -0.780019402504, -16.4863510132, -7.60782432556, 1.68349337578], "cov": [[44672.3046875, -3965.83837891, -946.077941895, 1347.15441895, -535.900024414, 3248.23217773, -987.176696777, 1972.93701172, -15.3390388489, 770.47088623, -456.921569824, 552.672546387, -701.397521973], [-3965.83837891, 4525.86376953, -1358.70654297, -72.1478500366, 637.676391602, -1277.82177734, 698.931152344, -846.249633789, 110.890144348, -350.647155762, 119.382675171, -547.961669922, 371.820159912], [-946.077941895, -1358.70654297, 2166.45019531, 154.993408203, -97.977684021, 757.344970703, -286.310180664, 381.445037842, 91.270072937, 152.062179565, 158.637130737, 232.733734131, -69.8909835815], [1347.15441895, -72.1478500366, 154.993408203, 368.282745361, 18.1779937744, 323.290649414, -11.6074943542, 167.386978149, 66.0775299072, 26.8162841797, 49.3048439026, 19.0527305603, -8.42302322388], [-535.900024414, 637.676391602, -97.977684021, 18.1779937744, 412.594177246, -71.4784317017, 272.577392578, -66.1221542358, 88.219367981, -7.82254123688, 24.5626182556, -55.9225082397, 31.6944942474], [3248.23217773, -1277.82177734, 757.344970703, 323.290649414, -71.4784317017, 1159.71557617, -218.357849121, 552.627441406, 174.135818481, 115.586807251, 99.9860916138, 139.229995728, -126.201568604], [-987.176696777, 698.931152344, -286.310180664, -11.6074943542, 272.577392578, -218.357849121, 388.181762695, -73.0778808594, 66.0494842529, -20.2759246826, 15.5376329422, -60.7182159424, 66.4282302856], [1972.93701172, -846.249633789, 381.445037842, 167.386978149, -66.1221542358, 552.627441406, -73.0778808594, 405.800994873, 98.0792694092, 107.602180481, 32.7113265991, 103.054397583, -58.2355537415], [-15.3390388489, 110.890144348, 91.270072937, 66.0775299072, 88.219367981, 174.135818481, 66.0494842529, 98.0792694092, 148.643783569, 25.5834503174, 63.3093109131, -20.7301635742, 19.6531162262], [770.47088623, -350.647155762, 152.062179565, 26.8162841797, -7.82254123688, 115.586807251, -20.2759246826, 107.602180481, 25.5834503174, 120.722366333, 14.6268215179, 66.933883667, -24.0994358063], [-456.921569824, 119.382675171, 158.637130737, 49.3048439026, 24.5626182556, 99.9860916138, 15.5376329422, 32.7113265991, 63.3093109131, 14.6268215179, 122.6144104, 6.85248756409, 47.0619926453], [552.672546387, -547.961669922, 232.733734131, 19.0527305603, -55.9225082397, 139.229995728, -60.7182159424, 103.054397583, -20.7301635742, 66.933883667, 6.85248756409, 155.098983765, -14.3928260803], [-701.397521973, 371.820159912, -69.8909835815, -8.42302322388, 31.6944942474, -126.201568604, 66.4282302856, -58.2355537415, 19.6531162262, -24.0994358063, 47.0619926453, -14.3928260803, 120.150375366]], "icov": [[5.60759690416e-05, -0.000109456814243, 9.97528186417e-05, -3.67925676983e-05, -1.21168595797e-05, -0.000204393727472, 0.00015084426559, -0.000216807820834, 0.000271803408395, -0.000371203379473, 0.000296045822324, -0.000159758754307, 6.75423652865e-05], [-0.000109456814243, 0.00148581480607, -5.78677136218e-05, -0.000663613725919, -0.000686008483171, 0.000892924610525, -0.00069578649709, 0.0016896642046, -0.0012942297617, 0.00147794897202, -0.00149640277959, 0.00247017364018, -0.00160451664124], [9.97528186417e-05, -5.78677136218e-05, 0.000939436838962, -3.96309151256e-05, -0.000386283732951, -0.000467020407086, 0.000742069561966, -0.000451138563221, 0.000411973451264, -0.000617176818196, -0.000456689624116, -0.000735533365514, 0.000187106765225], [-3.67925676983e-05, -0.000663613725919, -3.96309151256e-05, 0.00429478799924, 0.000171811232576, -0.00121344975196, -8.74495162861e-05, -0.00127749529202, 0.000877970072906, -0.000140650270623, -0.000311691692332, -0.000513228704222, 0.000114941962238], [-1.21168595797e-05, -0.000686008483171, -0.000386283732951, 0.000171811232576, 0.00613126670942, -0.00145085912663, -0.00398419098929, 0.00226159696467, -0.0016891193809, -0.0014160288265, 0.00150927703362, -0.000933242670726, 0.00128648651298], [-0.000204393727472, 0.000892924610525, -0.000467020407086, -0.00121344975196, -0.00145085912663, 0.00546114286408, 0.00154182070401, -0.00338335684501, -0.00323634780943, 0.00408008974046, -0.00364474044181, 0.000324112654198, 0.00212760665454], [0.00015084426559, -0.00069578649709, 0.000742069561966, -8.74495162861e-05, -0.00398419098929, 0.00154182070401, 0.00757564837113, -0.0037133237347, -0.000542619090993, -0.000154111112352, 0.000308992923237, -0.00151532189921, -0.000103138001577], [-0.000216807820834, 0.0016896642046, -0.000451138563221, -0.00127749529202, 0.00226159696467, -0.00338335684501, -0.0037133237347, 0.0131813623011, -0.00457152538002, -0.00230941269547, 0.00150733010378, 0.00128450023476, -0.00270696985535], [0.000271803408395, -0.0012942297617, 0.000411973451264, 0.000877970072906, -0.0016891193809, -0.00323634780943, -0.000542619090993, -0.00457152538002, 0.0176707860082, -0.00476250657812, -0.00253141159192, 0.00324943196028, -0.00144138617907], [-0.000371203379473, 0.00147794897202, -0.000617176818196, -0.000140650270623, -0.0014160288265, 0.00408008974046, -0.000154111112352, -0.00230941269547, -0.00476250657812, 0.0174704622477, -0.00471296533942, -0.00296674249694, 0.00228927610442], [0.000296045822324, -0.00149640277959, -0.000456689624116, -0.000311691692332, 0.00150927703362, -0.00364474044181, 0.000308992923237, 0.00150733010378, -0.00253141159192, -0.00471296533942, 0.0177026670426, -0.00226398487575, -0.00533162197098], [-0.000159758754307, 0.00247017364018, -0.000735533365514, -0.000513228704222, -0.000933242670726, 0.000324112654198, -0.00151532189921, 0.00128450023476, 0.00324943196028, -0.00296674249694, -0.00226398487575, 0.0161594934762, -0.00529776792973], [6.75423652865e-05, -0.00160451664124, 0.000187106765225, 0.000114941962238, 0.00128648651298, 0.00212760665454, -0.000103138001577, -0.00270696985535, -0.00144138617907, 0.00228927610442, -0.00533162197098, -0.00529776792973, 0.0165885295719]]}, "melbands": {"dmean": [0.00213006511331, 0.00136283319443, 0.000821456371341, 0.000986877013929, 0.000273787853075, 0.00011692866974, 2.43407121161e-05, 1.43549377754e-05, 5.34481341674e-06, 1.13291744128e-05, 8.95370158105e-06, 3.25643463839e-06, 7.0385140134e-06, 3.99240889237e-06, 3.87779027733e-06, 3.34819196723e-06, 1.25645874505e-05, 6.92060120855e-06, 4.23386700277e-06, 1.66415356944e-05, 5.87829345022e-06, 5.84896270084e-06, 5.58570172871e-06, 3.73687225874e-06, 5.16257796335e-06, 5.61017714062e-06, 8.24570088298e-06, 5.96808422415e-06, 3.80418418899e-06, 5.19216700923e-06, 1.99660394173e-06, 1.34221261305e-06, 1.31701904138e-06, 1.41441660162e-06, 9.10461324111e-07, 5.24020492776e-07, 5.34392768259e-07, 4.05760118838e-07, 3.29203146521e-07, 2.74588018101e-07], "dmean2": [0.00299717206508, 0.00209668604657, 0.00133455405012, 0.00155618286226, 0.000432297907537, 0.000200473514269, 3.84712147934e-05, 2.17445140152e-05, 8.71904649102e-06, 1.79322560143e-05, 1.42353865158e-05, 5.03475712321e-06, 9.99742769636e-06, 5.7845882111e-06, 6.24841459285e-06, 5.53732388653e-06, 1.80781098607e-05, 1.07342857518e-05, 6.59811803416e-06, 2.67809718935e-05, 9.66037532635e-06, 9.40735026234e-06, 9.03696218302e-06, 6.16874831394e-06, 8.53298934089e-06, 9.00277427718e-06, 1.30767784867e-05, 9.68821404967e-06, 6.63414448354e-06, 8.89557395567e-06, 3.37394862981e-06, 2.23486858886e-06, 2.07515245165e-06, 2.32966908698e-06, 1.41487646488e-06, 8.11435427295e-07, 8.20779803234e-07, 6.54715279325e-07, 5.16867942224e-07, 4.15729175529e-07], "dvar": [2.87116254185e-05, 1.26743252622e-05, 2.74503099718e-06, 1.27611128846e-05, 2.52978196613e-07, 4.65623735124e-08, 4.89950213733e-09, 1.36307920506e-09, 2.15941403647e-10, 5.56748813718e-10, 3.92379406744e-10, 1.02304074934e-10, 2.17550172321e-10, 6.40512712313e-11, 9.82678660666e-11, 6.45694955836e-11, 7.29773685926e-10, 1.89403298601e-10, 6.91559656762e-11, 1.12411024933e-09, 1.11565680305e-10, 1.15319434557e-10, 1.3919083941e-10, 6.43691905333e-11, 1.04222866448e-10, 1.22325843899e-10, 2.72468325679e-10, 2.00519517657e-10, 1.06764028174e-10, 1.79013651125e-10, 1.81797753934e-11, 1.12961740656e-11, 8.49959946175e-12, 1.23953815961e-11, 4.71136584607e-12, 1.05497316612e-12, 1.15114818719e-12, 7.02862735461e-13, 3.9096669153e-13, 2.23266676956e-13], "dvar2": [5.44425020053e-05, 2.88552655547e-05, 6.68546772431e-06, 3.05761968775e-05, 6.39004156255e-07, 1.36127511041e-07, 1.0779777071e-08, 3.38158523405e-09, 5.67510649585e-10, 1.29227128998e-09, 1.03361597059e-09, 2.124626447e-10, 4.13730744109e-10, 1.34436420329e-10, 2.4028751211e-10, 1.69931457794e-10, 1.44713729888e-09, 4.34084074241e-10, 1.61639618357e-10, 2.92288371284e-09, 2.97744828792e-10, 2.90499069244e-10, 3.31290384015e-10, 1.68078204132e-10, 2.71372702088e-10, 3.14078207886e-10, 6.77380818104e-10, 4.92882734626e-10, 3.03902680798e-10, 4.95592566985e-10, 4.98016766715e-11, 3.07027528401e-11, 2.01334695443e-11, 3.3145295536e-11, 1.03648842981e-11, 2.48211347309e-12, 2.64613873348e-12, 1.81387782398e-12, 9.82777227654e-13, 5.07069267217e-13], "max": [0.0529452823102, 0.0336406417191, 0.0189880169928, 0.0381422787905, 0.0105676604435, 0.00419456698, 0.00134310510475, 0.000766267534345, 0.000275038502878, 0.000464431243017, 0.000494649983011, 0.000208576690056, 0.000386512721889, 0.00017190266226, 0.00016479077749, 0.000127600287669, 0.00108931411523, 0.00031757200486, 0.000186474018847, 0.000588731258176, 0.000172169893631, 0.00018416090461, 0.000281337968772, 0.000117481897178, 0.000188286401681, 0.000175997221959, 0.000287742586806, 0.000216804619413, 0.000148820996401, 0.000208473269595, 6.63085229462e-05, 7.12227119948e-05, 5.26789772266e-05, 7.09424639354e-05, 6.01416795689e-05, 2.64565078396e-05, 2.9269091101e-05, 1.96565233637e-05, 1.11922772703e-05, 8.94118966244e-06], "mean": [0.00326142483391, 0.00214183772914, 0.00156252982561, 0.00137439137325, 0.0008140738355, 0.000275909435004, 4.82640461996e-05, 2.99733364955e-05, 1.07517198558e-05, 3.02799526253e-05, 1.93095602299e-05, 4.58661543234e-06, 1.75241293618e-05, 9.43270424614e-06, 6.8537651714e-06, 5.78613435209e-06, 2.64981717919e-05, 2.00120102818e-05, 1.08582107714e-05, 3.48637440766e-05, 1.28900146592e-05, 1.26211598399e-05, 9.74413160293e-06, 6.69053906677e-06, 9.32704278966e-06, 1.13166497613e-05, 1.74228862306e-05, 9.81046378001e-06, 6.07287120147e-06, 8.48729087011e-06, 3.87412183045e-06, 2.5335243663e-06, 2.89586250801e-06, 3.11536018671e-06, 2.14846363633e-06, 1.53583823703e-06, 1.45386741224e-06, 1.08639619611e-06, 9.85843144008e-07, 7.69579628468e-07], "median": [0.000724240089767, 0.00107306812424, 0.000873255194165, 0.000455535249785, 0.000446543272119, 0.00013164721895, 1.58413895406e-05, 1.16649698612e-05, 4.73222007713e-06, 1.34731199068e-05, 9.10992548597e-06, 1.06026504909e-06, 5.31887053512e-06, 3.13829650622e-06, 2.39302607952e-06, 2.06968411476e-06, 9.63570710155e-06, 7.83875202615e-06, 4.7785906645e-06, 9.6482981462e-06, 4.94897267345e-06, 4.7417524911e-06, 2.61640911958e-06, 1.61770276463e-06, 2.45149840339e-06, 3.29659997078e-06, 5.40945757166e-06, 2.35773995882e-06, 1.37335564432e-06, 1.58200464284e-06, 6.39821905679e-07, 2.92056540729e-07, 1.89925032146e-07, 2.01872609296e-07, 2.07562635524e-07, 9.61858148685e-08, 1.14901389736e-07, 8.90698927947e-08, 6.50611227115e-08, 7.43111741031e-08], "min": [6.09654426749e-24, 4.8031539597e-24, 7.68126485188e-24, 1.0057979697e-23, 1.11609863139e-23, 9.82629046029e-24, 2.90227153234e-24, 8.47019359914e-24, 3.97220771961e-24, 1.28820267959e-23, 4.82267668938e-24, 6.29837196351e-24, 7.37598830334e-24, 1.44593802083e-23, 2.1425858194e-23, 8.32747209531e-24, 7.74935380319e-24, 8.98102600034e-24, 3.0489217607e-24, 4.18906913233e-24, 5.85445587188e-24, 1.19932716454e-23, 8.61510813629e-24, 1.02583377452e-23, 1.21085139685e-23, 1.01817874718e-23, 5.05795011563e-24, 9.1455374201e-24, 9.15439317262e-24, 7.00219208542e-24, 1.53627442739e-23, 1.15248010748e-23, 8.13602975311e-24, 1.13647719627e-23, 1.06163985546e-23, 1.18335912098e-23, 9.8470233026e-24, 1.05366928376e-23, 7.77824662271e-24, 1.19437169811e-23], "var": [5.08788652951e-05, 1.41771224662e-05, 4.32781871496e-06, 1.30222142616e-05, 1.18645141356e-06, 1.45635624449e-07, 8.57311110991e-09, 2.5145387994e-09, 3.24784144023e-10, 2.09095407655e-09, 8.89053164421e-10, 1.54955326348e-10, 9.6972196939e-10, 2.38744163328e-10, 1.773959174e-10, 1.04337580242e-10, 2.13273354532e-09, 8.82412587444e-10, 2.54728904636e-10, 3.53627105376e-09, 3.12777442835e-10, 3.41628308975e-10, 3.08815972794e-10, 1.26376492604e-10, 2.29010255204e-10, 3.03037039906e-10, 7.67121477452e-10, 3.34102329136e-10, 1.15953906199e-10, 2.32827604418e-10, 4.27355581478e-11, 2.09957346647e-11, 2.92759705367e-11, 4.01269885375e-11, 1.82690668149e-11, 5.57843398211e-12, 5.51177506414e-12, 2.8214806793e-12, 2.14344796252e-12, 1.27916113032e-12]}, "mfcc": {"mean": [-721.956176758, 114.781578064, 9.44254875183, 53.621219635, 22.4791660309, 11.3989915848, 2.37411737442, -10.1248350143, -2.14373111725, 0.174816831946, -12.5773544312, -10.02023983, -5.58900356293], "cov": [[21576.5820312, -1305.47607422, 279.218383789, 704.930847168, 217.233322144, 448.568908691, 37.5308189392, 369.476593018, 292.763031006, 512.578491211, 193.417449951, 241.438827515, 402.68081665], [-1305.47607422, 2572.57128906, -625.890808105, 431.32824707, 39.8773841858, -118.222854614, 154.523422241, -284.480529785, 68.4748458862, 53.5887298584, -117.466445923, -57.5624046326, -118.467575073], [279.218383789, -625.890808105, 1256.53796387, -113.941101074, 364.4140625, 345.3359375, 16.6272678375, 362.3409729, 54.0984153748, 147.23374939, 222.900741577, 101.458267212, 155.03175354], [704.930847168, 431.32824707, -113.941101074, 328.967987061, 46.6352272034, 36.0347328186, 93.0023651123, 0.711918532848, 73.0858383179, 50.1548576355, -6.19144392014, 26.6845417023, 17.051984787], [217.233322144, 39.8773841858, 364.4140625, 46.6352272034, 278.7449646, 185.294433594, 47.8959960938, 137.659317017, 51.6408004761, 87.7042160034, 91.219291687, 51.2735290527, 70.6672210693], [448.568908691, -118.222854614, 345.3359375, 36.0347328186, 185.294433594, 245.099411011, 58.7424964905, 163.900024414, 52.5057563782, 69.1544647217, 106.262329102, 56.5069198608, 75.3351364136], [37.5308189392, 154.523422241, 16.6272678375, 93.0023651123, 47.8959960938, 58.7424964905, 144.588973999, 66.5902709961, 67.9507369995, 50.9513130188, 18.0802268982, 48.5723800659, 33.5889167786], [369.476593018, -284.480529785, 362.3409729, 0.711918532848, 137.659317017, 163.900024414, 66.5902709961, 253.654449463, 90.9373092651, 86.9427947998, 108.254753113, 70.4668045044, 100.208961487], [292.763031006, 68.4748458862, 54.0984153748, 73.0858383179, 51.6408004761, 52.5057563782, 67.9507369995, 90.9373092651, 126.663833618, 94.8698272705, 38.198551178, 42.6328735352, 42.8395996094], [512.578491211, 53.5887298584, 147.23374939, 50.1548576355, 87.7042160034, 69.1544647217, 50.9513130188, 86.9427947998, 94.8698272705, 165.817642212, 89.5186462402, 36.9058380127, 42.0168075562], [193.417449951, -117.466445923, 222.900741577, -6.19144392014, 91.219291687, 106.262329102, 18.0802268982, 108.254753113, 38.198551178, 89.5186462402, 133.076126099, 51.2488632202, 40.4681282043], [241.438827515, -57.5624046326, 101.458267212, 26.6845417023, 51.2735290527, 56.5069198608, 48.5723800659, 70.4668045044, 42.6328735352, 36.9058380127, 51.2488632202, 96.0984191895, 69.7682189941], [402.68081665, -118.467575073, 155.03175354, 17.051984787, 70.6672210693, 75.3351364136, 33.5889167786, 100.208961487, 42.8395996094, 42.0168075562, 40.4681282043, 69.7682189941, 113.645751953]], "icov": [[6.87400170136e-05, 6.80444791215e-05, 5.22227019246e-05, -0.000220752393943, 7.22622062312e-05, -0.000203188406886, 0.000212112165173, -2.60013221123e-05, 0.000169331353391, -0.000411857414292, 0.000273502315395, -0.00013098285126, -8.92982643563e-05], [6.80444791215e-05, 0.000804072769824, 0.000210105004953, -0.000781809387263, -0.000725617224816, 9.46492436924e-05, -0.000541226938367, 0.0010907832766, -0.000287891831249, -0.000440033734776, 6.3758205215e-05, 0.000330164068146, 6.02007276029e-05], [5.22227019246e-05, 0.000210105004953, 0.00225537037477, 0.000343313644407, -0.00149287900422, -0.000967091298662, 0.000916423392482, -0.00197830889374, 0.00163893192075, -0.00136262178421, 0.000253173930105, -0.000509715522639, 5.74401456106e-05], [-0.000220752393943, -0.000781809387263, 0.000343313644407, 0.00567932939157, -0.000593264005147, -0.000511145917699, -0.00204700650647, 0.00067603122443, -0.00213764817454, 0.00109601591248, -0.000238937878748, 0.000121422570373, -0.000225507159485], [7.22622062312e-05, -0.000725617224816, -0.00149287900422, -0.000593264005147, 0.0097718341276, -0.00532759260386, 0.00116125086788, -0.000744281103835, 0.00148837920278, -0.00283072865568, 0.00181537133176, -0.00110052805394, -0.000603822816629], [-0.000203188406886, 9.46492436924e-05, -0.000967091298662, -0.000511145917699, -0.00532759260386, 0.0137242972851, -0.00366152566858, -0.00142570305616, -0.00159144587815, 0.0052808271721, -0.00752214482054, 0.0036430018954, -0.00214145332575], [0.000212112165173, -0.000541226938367, 0.000916423392482, -0.00204700650647, 0.00116125086788, -0.00366152566858, 0.0145081356168, -0.00483267335221, 0.000169479593751, -0.00449032429606, 0.00663703354076, -0.00798144564033, 0.00355239701457], [-2.60013221123e-05, 0.0010907832766, -0.00197830889374, 0.00067603122443, -0.000744281103835, -0.00142570305616, -0.00483267335221, 0.0169675890356, -0.00981203466654, 0.00529206870124, -0.00786118581891, 0.0055863885209, -0.00718680396676], [0.000169331353391, -0.000287891831249, 0.00163893192075, -0.00213764817454, 0.00148837920278, -0.00159144587815, 0.000169479593751, -0.00981203466654, 0.0247182939202, -0.0147129064426, 0.00945928413421, -0.00699634524062, 0.00296479300596], [-0.000411857414292, -0.000440033734776, -0.00136262178421, 0.00109601591248, -0.00283072865568, 0.0052808271721, -0.00449032429606, 0.00529206870124, -0.0147129064426, 0.0227815117687, -0.01643143408, 0.0086819389835, -0.00474005751312], [0.000273502315395, 6.3758205215e-05, 0.000253173930105, -0.000238937878748, 0.00181537133176, -0.00752214482054, 0.00663703354076, -0.00786118581891, 0.00945928413421, -0.01643143408, 0.0281489342451, -0.0143549600616, 0.00891382526606], [-0.00013098285126, 0.000330164068146, -0.000509715522639, 0.000121422570373, -0.00110052805394, 0.0036430018954, -0.00798144564033, 0.0055863885209, -0.00699634524062, 0.0086819389835, -0.0143549600616, 0.0288498215377, -0.0159841626883], [-8.92982643563e-05, 6.02007276029e-05, 5.74401456106e-05, -0.000225507159485, -0.000603822816629, -0.00214145332575, 0.00355239701457, -0.00718680396676, 0.00296479300596, -0.00474005751312, 0.00891382526606, -0.0159841626883, 0.023489670828]]}, "spectral_contrast_coeffs": {"dmean": [0.0458381138742, 0.0421124398708, 0.0334204807878, 0.0290800072253, 0.0220996234566, 0.0223519317806], "dmean2": [0.0719984397292, 0.0683162361383, 0.0527301207185, 0.0460002459586, 0.0349859707057, 0.0367249771953], "dvar": [0.00188278849237, 0.00146651407704, 0.000958310323767, 0.000673085567541, 0.000398493866669, 0.000674353796057], "dvar2": [0.00424780650064, 0.00361546920612, 0.00220724195242, 0.00157109403517, 0.000926983018871, 0.00174265401438], "max": [-0.229971885681, -0.433679550886, -0.525161921978, -0.551909148693, -0.605134129524, -0.475652754307], "mean": [-0.597122848034, -0.664233863354, -0.750899255276, -0.747777998447, -0.779778242111, -0.737581789494], "median": [-0.614249944687, -0.660842061043, -0.747074842453, -0.739306509495, -0.776888906956, -0.752447128296], "min": [-0.967201292515, -0.968692958355, -0.964739739895, -0.962147891521, -0.958570718765, -0.963152945042], "var": [0.0131669715047, 0.00815676338971, 0.00576068414375, 0.00486120255664, 0.00352790928446, 0.00531975133345]}, "spectral_contrast_valleys": {"dmean": [0.361996561289, 0.383854299784, 0.38344836235, 0.32701665163, 0.317400604486, 0.320903539658], "dmean2": [0.58516061306, 0.599186420441, 0.585028171539, 0.487400501966, 0.460715144873, 0.459294587374], "dvar": [0.123773090541, 0.143043071032, 0.151201337576, 0.111947663128, 0.143685609102, 0.223301291466], "dvar2": [0.267157375813, 0.289676785469, 0.308252692223, 0.208485662937, 0.275974214077, 0.489047855139], "max": [-5.01473283768, -5.34477615356, -5.94258308411, -6.21647644043, 