{"lowlevel": {"average_loudness": 0.812467396259, "barkbands_crest": {"dmean": 2.27316761017, "dmean2": 3.37349653244, "dvar": 4.97171592712, "dvar2": 10.2583503723, "max": 26.5981235504, "mean": 12.2137899399, "median": 10.9574689865, "min": 2.71321177483, "var": 24.0157489777}, "barkbands_flatness_db": {"dmean": 0.0256837885827, "dmean2": 0.0374127626419, "dvar": 0.000805064744782, "dvar2": 0.00173248071223, "max": 0.599590480328, "mean": 0.256664216518, "median": 0.253886520863, "min": 0.0532516315579, "var": 0.00557186035439}, "barkbands_kurtosis": {"dmean": 4.28748369217, "dmean2": 6.86862134933, "dvar": 55.8710098267, "dvar2": 123.885429382, "max": 414.787872314, "mean": 7.74087905884, "median": 4.73230791092, "min": -1.76857149601, "var": 163.615585327}, "barkbands_skewness": {"dmean": 0.615480840206, "dmean2": 0.957150995731, "dvar": 0.425379127264, "dvar2": 0.924124658108, "max": 18.7522830963, "mean": 1.92222952843, "median": 1.7993837595, "min": -3.33132886887, "var": 2.0015463829}, "barkbands_spread": {"dmean": 2.64488077164, "dmean2": 4.27840518951, "dvar": 13.1210184097, "dvar2": 31.6396980286, "max": 117.858444214, "mean": 10.0082855225, "median": 8.56435394287, "min": 0.29413998127, "var": 55.8316268921}, "dissonance": {"dmean": 0.0306514333934, "dmean2": 0.0521203503013, "dvar": 0.000890761788469, "dvar2": 0.00254706013948, "max": 0.500000119209, "mean": 0.432505935431, "median": 0.441501051188, "min": 0.153403967619, "var": 0.00202511041425}, "dynamic_complexity": 4.40128755569, "erbbands_crest": {"dmean": 3.1094865799, "dmean2": 5.13836622238, "dvar": 9.90552997589, "dvar2": 25.5915317535, "max": 30.0136947632, "mean": 11.4899082184, "median": 10.4261465073, "min": 2.34026551247, "var": 24.1047267914}, "erbbands_flatness_db": {"dmean": 0.0242862794548, "dmean2": 0.034242503345, "dvar": 0.000614946940914, "dvar2": 0.00115582265425, "max": 0.552000999451, "mean": 0.230475634336, "median": 0.228223502636, "min": 0.0427814759314, "var": 0.00429836381227}, "erbbands_kurtosis": {"dmean": 1.35627806187, "dmean2": 2.24730324745, "dvar": 8.64287185669, "dvar2": 23.0289001465, "max": 101.594848633, "mean": 1.43212723732, "median": 0.425454378128, "min": -1.68197715282, "var": 23.1703472137}, "erbbands_skewness": {"dmean": 0.442752659321, "dmean2": 0.710054218769, "dvar": 0.188246846199, "dvar2": 0.478160142899, "max": 7.03623390198, "mean": 0.441618412733, "median": 0.399337470531, "min": -3.33399343491, "var": 0.830498874187}, "erbbands_spread": {"dmean": 5.59930753708, "dmean2": 8.78050422668, "dvar": 39.0742721558, "dvar2": 91.7983093262, "max": 95.0389022827, "mean": 25.5523529053, "median": 22.7752361298, "min": 0.537940561771, "var": 188.907974243}, "hfc": {"dmean": 3.99662518501, "dmean2": 6.15578985214, "dvar": 27.4384784698, "dvar2": 65.1674423218, "max": 72.2396697998, "mean": 12.8553352356, "median": 10.8850126266, "min": 1.21683919404e-16, "var": 104.357208252}, "melbands_crest": {"dmean": 3.14163756371, "dmean2": 4.63636732101, "dvar": 9.92141723633, "dvar2": 20.3056659698, "max": 34.9347229004, "mean": 16.1836109161, "median": 14.1968250275, "min": 2.11102223396, "var": 43.9239196777}, "melbands_flatness_db": {"dmean": 0.0277558788657, "dmean2": 0.0398067198694, "dvar": 0.00109816843178, "dvar2": 0.00249779759906, "max": 0.738257050514, "mean": 0.336502552032, "median": 0.332361191511, "min": 0.0041539366357, "var": 0.00887617096305}, "melbands_kurtosis": {"dmean": 6.965239048, "dmean2": 11.0370006561, "dvar": 118.799812317, "dvar2": 263.790527344, "max": 327.64276123, "mean": 14.607591629, "median": 9.48211765289, "min": -1.80307221413, "var": 393.744934082}, "melbands_skewness": {"dmean": 0.679790556431, "dmean2": 1.06294047832, "dvar": 0.549997150898, "dvar2": 1.22619891167, "max": 13.4513101578, "mean": 2.65868878365, "median": 2.47065973282, "min": -2.10842680931, "var": 2.54779481888}, "melbands_spread": {"dmean": 3.1927781105, "dmean2": 5.17592430115, "dvar": 21.1393642426, "dvar2": 45.7424316406, "max": 161.730300903, "mean": 10.8211317062, "median": 8.38394260406, "min": 0.412485361099, "var": 90.3954696655}, "pitch_salience": {"dmean": 0.0795308500528, "dmean2": 0.121321946383, "dvar": 0.00764545565471, "dvar2": 0.016616916284, "max": 0.911669671535, "mean": 0.519961833954, "median": 0.535627186298, "min": 0.0460704751313, "var": 0.0232969298959}, "silence_rate_20dB": {"dmean": 0, "dmean2": 0, "dvar": 0, "dvar2": 0, "max": 1, "mean": 1, "median": 1, "min": 1, "var": 0}, "silence_rate_30dB": {"dmean": 0.00929292943329, "dmean2": 0.0185877364129, "dvar": 0.0092056915164, "dvar2": 0.0230935513973, "max": 1, "mean": 0.991011023521, "median": 1, "min": 0, "var": 0.00890943780541}, "silence_rate_60dB": {"dmean": 0.0109090907499, "dmean2": 0.0218203850091, "dvar": 0.0107927685603, "dvar2": 0.0255843438208, "max": 1, "mean": 0.137662857771, "median": 0, "min": 0, "var": 0.118687443435}, "spectral_centroid": {"dmean": 108.46811676, "dmean2": 168.216415405, "dvar": 37240.9765625, "dvar2": 63787.7109375, "max": 11344.3232422, "mean": 633.637512207, "median": 544.888183594, "min": 151.248901367, "var": 178737.546875}, "spectral_complexity": {"dmean": 2.12828278542, "dmean2": 3.53894329071, "dvar": 5.1802687645, "dvar2": 12.6263256073, "max": 50, "mean": 11.9954547882, "median": 12, "min": 0, "var": 33.505897522}, "spectral_decrease": {"dmean": 2.52163667724e-09, "dmean2": 3.94099997081e-09, "dvar": 1.01092943849e-17, "dvar2": 2.64261292808e-17, "max": 1.74026126995e-28, "mean": -1.0966841657e-08, "median": -1.13746532193e-08, "min": -4.51128272516e-08, "var": 4.84008721219e-17}, "spectral_energy": {"dmean": 0.00978601537645, "dmean2": 0.0152943534777, "dvar": 0.000152330525452, "dvar2": 0.000397200230509, "max": 0.175027221441, "mean": 0.042557310313, "median": 0.044219262898, "min": 1.05694569888e-20, "var": 0.000726275320631}, "spectral_energyband_high": {"dmean": 8.96967903827e-05, "dmean2": 0.000128510961076, "dvar": 4.15002325838e-08, "dvar2": 8.71266436775e-08, "max": 0.00533729093149, "mean": 0.000148580118548, "median": 3.0826558941e-05, "min": 7.57898016241e-21, "var": 1.52908583573e-07}, "spectral_energyband_low": {"dmean": 0.00626667076722, "dmean2": 0.00984721910208, "dvar": 8.38342166389e-05, "dvar2": 0.00018498650752, "max": 0.0857741832733, "mean": 0.0210902132094, "median": 0.0167819578201, "min": 2.2212978872e-23, "var": 0.000324131164234}, "spectral_energyband_middle_high": {"dmean": 0.00175128283445, "dmean2": 0.0029079944361, "dvar": 7.37686332286e-06, "dvar2": 1.93949308596e-05, "max": 0.0291821118444, "mean": 0.00358220329508, "median": 0.00214240048081, "min": 1.52949239455e-21, "var": 1.63323857123e-05}, "spectral_energyband_middle_low": {"dmean": 0.00725219864398, "dmean2": 0.0118313347921, "dvar": 0.000140019925311, "dvar2": 0.000353888375685, "max": 0.139364421368, "mean": 0.0193716045469, "median": 0.0162024609745, "min": 2.14253309193e-22, "var": 0.000296937447274}, "spectral_entropy": {"dmean": 0.200043216348, "dmean2": 0.320246040821, "dvar": 0.0656839162111, "dvar2": 0.179166957736, "max": 9.81168174744, "mean": 6.61280965805, "median": 6.608522892, "min": 3.72880935669, "var": 0.347040206194}, "spectral_flux": {"dmean": 0.0306136533618, "dmean2": 0.0372939631343, "dvar": 0.000994139467366, "dvar2": 0.00157042359933, "max": 0.31001123786, "mean": 0.081381753087, "median": 0.0644810274243, "min": 6.86958684382e-11, "var": 0.00377216911875}, "spectral_kurtosis": {"dmean": 8.51014041901, "dmean2": 14.4754142761, "dvar": 206.315460205, "dvar2": 557.280029297, "max": 394.901184082, "mean": 19.6363716125, "median": 10.4572238922, "min": -1.23794317245, "var": 1136.93017578}, "spectral_rms": {"dmean": 0.000714303401764, "dmean2": 0.00111176259816, "dvar": 6.97520192716e-07, "dvar2": 1.80728761734e-06, "max": 0.0130674503744, "mean": 0.00588764389977, "median": 0.00656816130504, "min": 3.21117828508e-12, "var": 6.85503300701e-06}, "spectral_rolloff": {"dmean": 202.164123535, "dmean2": 347.6668396, "dvar": 198661.515625, "dvar2": 381710.34375, "max": 19401.4160156, "mean": 630.075927734, "median": 409.130859375, "min": 64.599609375, "var": 529038.125}, "spectral_skewness": {"dmean": 0.585185348988, "dmean2": 0.994141340256, "dvar": 0.47156521678, "dvar2": 1.2816580534, "max": 17.4545230865, "mean": 2.84891152382, "median": 2.48301553726, "min": -0.0449163615704, "var": 2.94489312172}, "spectral_spread": {"dmean": 575231.5625, "dmean2": 775744.625, "dvar": 832968392704, "dvar2": 1160184594430.0, "max": 41376956, "mean": 2842712, "median": 2508843.25, "min": 227116.09375, "var": 2840258674690.0}, "spectral_strongpeak": {"dmean": 0.261878937483, "dmean2": 0.456023007631, "dvar": 0.276111215353, "dvar2": 0.747133076191, "max": 7.86431932449, "mean": 0.611097931862, "median": 0.475937485695, "min": 0, "var": 0.381660073996}, "zerocrossingrate": {"dmean": 0.00549360783771, "dmean2": 0.00659670494497, "dvar": 6.21497238171e-05, "dvar2": 7.40402465453e-05, "max": 0.521484375, "mean": 0.0274953488261, "median": 0.0224609375, "min": 0.001953125, "var": 0.000506737676915}, "barkbands": {"dmean": [0.000256291852565, 0.00515130721033, 0.00336505845189, 0.00246399338357, 0.00398267246783, 0.00159600528423, 0.000590878364164, 0.000655163661577, 0.000527161464561, 0.000455703499028, 0.000463362899609, 0.00066882208921, 0.000502225651871, 7.85799129517e-05, 5.38622734894e-05, 2.94271594612e-05, 2.65350190602e-05, 3.76166244678e-05, 4.399410318e-05, 1.94520926016e-05, 1.31805372803e-05, 1.45765143316e-05, 1.03820630102e-05, 9.1807651188e-06, 1.42429362313e-05, 2.65928047156e-05, 1.84487403132e-09], "dmean2": [0.000287715694867, 0.00661712372676, 0.00575511762872, 0.00450207246467, 0.00674740690738, 0.00267587415874, 0.000975803413894, 0.00106334814336, 0.000833984115161, 0.000747246143874, 0.000735037610866, 0.00115125474986, 0.000827864569146, 0.000129762905999, 8.90582741704e-05, 4.81248753204e-05, 4.36428381363e-05, 5.99869235884e-05, 7.10370368324e-05, 3.02512235066e-05, 2.03448016691e-05, 2.08945730265e-05, 1.64676639542e-05, 1.44198274938e-05, 2.16694606934e-05, 3.98437296099e-05, 3.41022676764e-09], "dvar": [1.65543028174e-07, 5.46952142031e-05, 6.18280755589e-05, 3.63682047464e-05, 5.08007433382e-05, 1.06261340989e-05, 1.37228721542e-06, 1.50384221342e-06, 1.22606411423e-06, 8.54862605593e-07, 1.77723313755e-06, 3.95542929255e-06, 1.77574634108e-06, 1.92336671034e-08, 6.46394093806e-09, 3.92979560004e-09, 3.04144553986e-09, 5.42138867132e-09, 1.04169428639e-08, 3.08453040887e-09, 1.62841018447e-09, 1.84708437434e-09, 1.12116316231e-09, 6.6629607387e-10, 1.48120316013e-09, 6.33730756761e-09, 2.25884810771e-17], "dvar2": [2.04298174822e-07, 7.227135211e-05, 0.000159628951224, 0.000102513760794, 0.000142013741424, 2.80059648503e-05, 3.52546317117e-06, 3.64563106814e-06, 2.61294144366e-06, 2.29928218687e-06, 4.13289171775e-06, 1.10747532744e-05, 4.42231248599e-06, 4.99118186781e-08, 1.57505759546e-08, 9.98556970444e-09, 7.45019601567e-09, 1.16249561088e-08, 2.39123494339e-08, 6.866523794e-09, 4.06357036908e-09, 3.93401977661e-09, 2.9920288469e-09, 1.64358915367e-09, 3.28640248348e-09, 1.35746587304e-08, 6.62804803239e-17], "max": [0.00407267687842, 0.0726774707437, 0.0585314705968, 0.0554995238781, 0.0797201097012, 0.0523770600557, 0.0165017396212, 0.0236548222601, 0.0279655121267, 0.0152929211035, 0.0215434599668, 0.0241649821401, 0.0253917034715, 0.00226905895397, 0.00128257693723, 0.00138858112041, 0.00103343569208, 0.00188766908832, 0.0022724843584, 0.00159960286692, 0.00127242889721, 0.00140449707396, 0.00114292826038, 0.000954534101766, 0.000445184094133, 0.000566046277527, 3.05228581965e-07], "mean": [0.000451396219432, 0.0155646009371, 0.003499829676, 0.00295124482363, 0.00965486466885, 0.00375631637871, 0.000747800804675, 0.001129730721, 0.000992621760815, 0.000739146140404, 0.000668520049658, 0.000909555645194, 0.000817683292553, 0.000140448028105, 9.28453155211e-05, 5.83147811994e-05, 5.10185527673e-05, 7.76408924139e-05, 8.84864712134e-05, 3.70317684428e-05, 2.67963750957e-05, 2.97949954984e-05, 1.89472721104e-05, 1.5605795852e-05, 1.42943554238e-05, 2.28540866374e-05, 1.53869661457e-09], "median": [6.42351005808e-05, 0.0104134660214, 0.00130778667517, 0.000652364571579, 0.00780587038025, 0.00123495236039, 0.000256858707871, 0.000370298308553, 0.000297025282634, 0.000299866223941, 0.000151498737978, 9.01319072e-05, 0.000251114630373, 7.07608851371e-05, 4.8521815188e-05, 1.98670695681e-05, 1.88981739484e-05, 3.10478935717e-05, 2.77333056147e-05, 1.32389714054e-05, 7.24887331671e-06, 5.54433017896e-06, 3.23930748891e-06, 1.3098637055e-06, 4.08951223108e-07, 4.68619809624e-08, 5.69249536397e-10], "min": [9.57815189597e-24, 5.018520481e-24, 6.51131470968e-24, 5.11672419737e-24, 2.21360854442e-23, 1.79059876562e-23, 2.96059403066e-23, 3.42217579451e-23, 2.72150922295e-23, 7.34065112131e-23, 5.06998884302e-23, 4.54842809128e-23, 5.08045576505e-23, 4.66534106396e-23, 6.79876741939e-23, 1.06911478585e-22, 1.88099427364e-22, 1.56757895247e-22, 1.98139985856e-22, 3.25978631593e-22, 3.24854460626e-22, 4.20588272434e-22, 5.55674883815e-22, 6.19492393139e-22, 9.94760316268e-22, 1.48404178853e-21, 2.2219656548e-21], "var": [5.75663875679e-07, 0.00026783006615, 4.91840946779e-05, 2.61580535152e-05, 8.49358257256e-05, 3.27957059199e-05, 1.85103829153e-06, 4.40639587396e-06, 3.73724583369e-06, 1.50769562879e-06, 2.9414745768e-06, 6.44762167212e-06, 3.22177106682e-06, 3.69193315919e-08, 1.48831569291e-08, 9.82546932704e-09, 7.43144967785e-09, 1.78565411346e-08, 3.08774410485e-08, 7.1039170102e-09, 6.07593308999e-09, 9.13439812678e-09, 5.01746555415e-09, 3.63431484907e-09, 1.8207270136e-09, 6.57876064736e-09, 1.47786470519e-17]}, "erbbands": {"dmean": [0.198773741722, 1.23159277439, 3.42150568962, 6.47076225281, 10.3478736877, 13.7422504425, 17.8659152985, 10.9960231781, 9.27066707611, 8.95492172241, 13.8823986053, 14.3903121948, 8.52849578857, 15.5353689194, 21.8241558075, 34.2793731689, 24.1603393555, 6.45025920868, 3.16335248947, 2.31224370003, 1.44978046417, 1.31147861481, 1.5489988327, 2.54181814194, 1.77122950554, 0.958924174309, 0.666280031204, 0.499891579151, 0.468678742647, 0.395910263062, 0.275826960802, 0.189138606191, 0.176426380873, 0.123945042491, 0.119704477489, 0.0876893773675, 0.0576965771616, 0.00691584032029, 0.000118850395666, 1.46115216921e-05], "dmean2": [0.195059001446, 1.58834052086, 5.47315168381, 11.5997114182, 18.2321052551, 22.9796466827, 27.659034729, 19.1466560364, 15.4301900864, 15.3520889282, 22.3654727936, 22.4866943359, 14.3970127106, 25.0780925751, 35.1320533752, 58.8772926331, 40.2154273987, 10.2678070068, 5.37105798721, 3.72638893127, 2.36517834663, 2.16918182373, 2.54704880714, 3.92610573769, 2.89799284935, 1.48409533501, 1.00446486473, 0.731218218803, 0.693217635155, 0.576767921448, 0.434869140387, 0.302949219942, 0.27235904336, 0.183391258121, 0.186009243131, 0.131399974227, 0.0867210105062, 0.0106131397188, 0.000181549461558, 2.2305177481e-05], "dvar": [0.0883365422487, 2.87631750107, 49.4256706238, 240.996017456, 444.201568604, 716.979431152, 1236.4185791, 561.561828613, 354.761932373, 321.487640381, 831.418151855, 956.933410645, 252.098861694, 1044.13977051, 3943.52246094, 10190.7236328, 3979.12207031, 183.14982605, 23.4473667145, 22.4672222137, 12.949388504, 8.25506210327, 8.12502002716, 35.8364868164, 10.7091159821, 5.85722875595, 3.70579910278, 2.36786460876, 1.97035729885, 1.35976076126, 0.843648791313, 0.340773463249, 0.237763151526, 0.101256288588, 0.117445684969, 0.0663869455457, 0.0307782571763, 0.000460777431726, 1.2663629434e-07, 4.60443461137e-10], "dvar2": [0.0757327675819, 4.60825538635, 120.343238831, 666.11505127, 1274.35888672, 1967.5567627, 2911.73217773, 1560.49902344, 928.386474609, 885.677124023, 1937.7923584, 1990.84814453, 675.519897461, 2778.11401367, 9220.4765625, 28671.5351562, 9940.35449219, 427.579345703, 62.5587921143, 47.8854942322, 33.3445243835, 20.3186092377, 21.1985168457, 74.9828414917, 27.7754154205, 12.4829931259, 8.29850482941, 5.53764486313, 4.66123533249, 3.06153416634, 2.1896173954, 0.909966528416, 0.549548566341, 0.220530807972, 0.26499569416, 0.139416098595, 0.0682541280985, 0.00103984773159, 2.83549894675e-07, 1.09715581065e-09], "max": [2.81853461266, 16.248380661, 55.9113578796, 114.214630127, 328.181884766, 389.396087646, 779.041687012, 301.54788208, 240.588684082, 221.735534668, 635.436462402, 791.681762695, 313.05581665, 536.024169922, 842.805175781, 1216.97827148, 1275.02270508, 250.733413696, 77.9063568115, 100.791290283, 87.6487808228, 47.7792205811, 73.526473999, 120.666870117, 88.6038894653, 78.4380264282, 58.9151611328, 57.4170303345, 50.09400177, 46.4718360901, 30.4659900665, 22.5836734772, 15.980805397, 6.14735984802, 2.82206988335, 1.80727243423, 1.31561470032, 0.188352331519, 0.00307892006822, 0.00026197367697], "mean": [0.532631278038, 3.13014817238, 4.36900043488, 7.72953033447, 16.8017864227, 34.3821716309, 52.4379577637, 17.796131134, 12.0260810852, 11.9612207413, 26.5178928375, 29.0339336395, 14.5759105682, 26.3799324036, 33.5201339722, 48.3349151611, 39.0551795959, 13.1608324051, 5.31368303299, 4.66073179245, 2.83042192459, 2.59317827225, 3.41225910187, 5.3933300972, 3.5558142662, 1.97389149666, 1.34319698811, 1.0136526823, 0.96204584837, 0.805883288383, 0.504218399525, 0.349829733372, 0.252581894398, 0.141866862774, 0.110091939569, 0.0793211609125, 0.0478623621166, 0.00561000360176, 0.000114386493806, 5.10365462105e-05], "median": [0.208692789078, 2.26538681984, 2.25432562828, 2.72830700874, 11.2924728394, 26.7037334442, 20.9026451111, 7.5827050209, 4.45323991776, 5.32475280762, 7.23038196564, 8.877368927, 8.4425201416, 10.9380550385, 9.23268604279, 6.29925107956, 12.143362999, 6.17616558075, 3.25333738327, 1.9999049902, 0.985090494156, 0.911690235138, 1.45853972435, 1.97353541851, 1.33376026154, 0.767998456955, 0.386990040541, 0.216693878174, 0.190858513117, 0.150383397937, 0.0809267312288, 0.0368117913604, 0.0166826620698, 0.00634284690022, 0.00217131990939, 0.000408323743613, 7.46247533243e-05, 6.81674418956e-06, 2.38819502556e-05, 5.10461904923e-05], "min": [3.6144132454e-22, 4.42607159969e-22, 4.13605573575e-21, 1.50766187438e-20, 1.96302060106e-20, 1.14859185007e-19, 1.26979099966e-19, 1.57939074426e-19, 5.29635474412e-19, 3.21072481208e-19, 9.2047500512e-19, 7.91851159904e-19, 1.92661800436e-18, 1.82763198879e-18, 1.81355006604e-18, 2.44415885744e-18, 2.7584198682e-18, 3.63114669964e-18, 1.31150902667e-18, 5.07935259581e-18, 6.78942567594e-18, 1.25624424209e-17, 9.25717510407e-18, 1.03388378321e-17, 1.22311780922e-17, 1.32974627055e-17, 1.13116667525e-17, 1.23518926949e-17, 1.44309383727e-17, 1.43499408471e-17, 1.47627387143e-17, 1.47873870422e-17, 1.22688363168e-17, 1.07722440771e-17, 7.75228376129e-18, 4.6623121192e-18, 2.71608000816e-18, 1.25831304148e-18, 3.42840385262e-19, 3.48827460375e-20], "var": [0.476195335388, 10.7181348801, 50.2546730042, 177.032073975, 430.19039917, 1171.82519531, 6448.65039062, 720.530578613, 443.539245605, 366.364624023, 2955.54614258, 3061.3137207, 378.687133789, 1959.33703613, 6575.16503906, 16279.8535156, 7200.92285156, 466.30682373, 37.7057189941, 65.104888916, 26.9509010315, 20.0947036743, 24.1126708984, 107.63835907, 32.3698387146, 16.0692024231, 11.9104194641, 9.56825351715, 9.99642562866, 8.15031433105, 3.5963871479, 2.02077865601, 0.851644098759, 0.185735478997, 0.121229827404, 0.0718686357141, 0.0304661653936, 0.000438798393589, 1.22988367934e-07, 1.20780496715e-09]}, "gfcc": {"mean": [-84.9622650146, 173.222091675, -111.62802887, 24.134103775, -44.6913566589, 6.45153808594, -17.3642616272, -8.84464263916, -21.4104099274, -9.47520828247, 0.347235709429, -5.26023101807, -1.55636155605], "cov": [[18059.8007812, -3049.62915039, -159.918807983, 1565.76708984, -1014.4307251, 1034.4942627, -641.743774414, 531.584655762, -725.795715332, 410.117156982, 153.970077515, 266.613891602, -310.774780273], [-3049.62915039, 2109.8059082, -286.267364502, -271.745819092, 546.27331543, -396.219482422, 582.273010254, -319.726715088, 427.13180542, -295.403167725, 218.786087036, -199.524002075, 238.166213989], [-159.918807983, -286.267364502, 1313.89538574, -181.254577637, 57.4005622864, 114.964202881, -162.180038452, 207.993789673, -201.303253174, 158.687927246, -152.31678772, 84.9992675781, -143.643035889], [1565.76708984, -271.745819092, -181.254577637, 617.493347168, -65.0859146118, 60.1777954102, -17.7645130157, -28.5030879974, 50.8670921326, -25.4219417572, 98.1347885132, -30.3234539032, 49.846786499], [-1014.4307251, 546.27331543, 57.4005622864, -65.0859146118, 444.659606934, -119.62297821, 198.181488037, -34.136390686, 126.0626297, -11.3473129272, 9.84632778168, 2.76385307312, 21.8835849762], [1034.4942627, -396.219482422, 114.964202881, 60.1777954102, -119.62297821, 338.873474121, -20.7026443481, 126.824295044, -85.3448562622, 66.1849746704, 57.5216407776, 4.90990066528, -57.6863250732], [-641.743774414, 582.273010254, -162.180038452, -17.7645130157, 198.181488037, -20.7026443481, 353.81842041, -42.3946228027, 161.385971069, -63.6839027405, 132.225708008, -29.6454162598, 78.6893081665], [531.584655762, -319.726715088, 207.993789673, -28.5030879974, -34.136390686, 126.824295044, -42.3946228027, 212.39239502, -50.5153503418, 76.7864227295, -12.1223802567, 41.3653144836, -64.3018035889], [-725.795715332, 427.13180542, -201.303253174, 50.8670921326, 126.0626297, -85.3448562622, 161.385971069, -50.5153503418, 234.597167969, -43.1140785217, 77.4381484985, -42.0765151978, 108.95425415], [410.117156982, -295.403167725, 158.687927246, -25.4219417572, -11.3473129272, 66.1849746704, -63.6839027405, 76.7864227295, -43.1140785217, 161.217208862, -18.9859580994, 71.468421936, -45.1755218506], [153.970077515, 218.786087036, -152.31678772, 98.1347885132, 9.84632778168, 57.5216407776, 132.225708008, -12.1223802567, 77.4381484985, -18.9859580994, 230.876037598, -23.4243946075, 50.2800521851], [266.613891602, -199.524002075, 84.9992675781, -30.3234539032, 2.76385307312, 4.90990066528, -29.6454162598, 41.3653144836, -42.0765151978, 71.468421936, -23.4243946075, 120.76599884, -10.453748703], [-310.774780273, 238.166213989, -143.643035889, 49.846786499, 21.8835849762, -57.6863250732, 78.6893081665, -64.3018035889, 108.95425415, -45.1755218506, 50.2800521851, -10.453748703, 153.415618896]], "icov": [[0.000128704050439, -0.000249130796874, 0.000149826722918, -0.000463232689071, 0.000206253011129, -0.000256765313679, 0.000114679984108, -0.00035585986916, 0.00051291793352, -0.000344581756508, 0.000168743965332, -0.000341191858752, 6.00354469498e-05], [-0.000249130796874, 0.00522870570421, -0.00140963727608, 0.00338718132116, -0.0026550416369, 0.00283496943302, -0.00312053551897, 0.00384258944541, -0.00351550150663, 0.00402607396245, -0.0035257388372, 0.00449571991339, -0.00124231132213], [0.000149826722918, -0.00140963727608, 0.00160165783018, -0.00098554440774, 0.000215264837607, -0.000919240585063, 0.0010214796057, -0.00197073072195, 0.00204922561534, -0.00175700406544, 0.00127649819478, -0.00106435106136, 0.000121825039969], [-0.000463232689071, 0.00338718132116, -0.00098554440774, 0.00493133906275, -0.00197514030151, 0.00157786475029, -0.00106895109639, 0.00319119705819, -0.00374374072999, 0.00330145400949, -0.00308233965188, 0.00322505668737, -0.0010999959195], [0.000206253011129, -0.0026550416369, 0.000215264837607, -0.00197514030151, 0.0055081313476, -0.000328282068949, -0.000897507241461, -0.00167708448134, 0.000455707107903, -0.00268494593911, 0.00251471274532, -0.00283068325371, 0.00209984183311], [-0.000256765313679, 0.00283496943302, -0.000919240585063, 0.00157786475029, -0.000328282068949, 0.00717757595703, -0.00313343340531, -0.000329381844494, -1.77019264811e-05, 0.000448631966719, -0.00316888629459, 0.00441530020908, -0.000595638004597], [0.000114679984108, -0.00312053551897, 0.0010214796057, -0.00106895109639, -0.000897507241461, -0.00313343340531, 0.00875061098486, -0.00198873295449, -0.000619273690972, -5.6392429542e-05, -0.000535542028956, -0.00367432227358, 0.000356713164365], [-0.00035585986916, 0.00384258944541, -0.00197073072195, 0.00319119705819, -0.00167708448134, -0.000329381844494, -0.00198873295449, 0.0112185580656, -0.00508971279487, 0.00237052608281, -0.00244652060792, 0.00152151472867, 0.00148744788021], [0.00051291793352, -0.00351550150663, 0.00204922561534, -0.00374374072999, 0.000455707107903, -1.77019264811e-05, -0.000619273690972, -0.00508971279487, 0.0146504882723, -0.00564795220271, 0.00174692051951, 0.000624337408226, -0.00485339062288], [-0.000344581756508, 0.00402607396245, -0.00175700406544, 0.00330145400949, -0.00268494593911, 0.000448631966719, -5.6392429542e-05, 0.00237052608281, -0.00564795220271, 0.0147377578542, -0.0034022112377, -0.00255008949898, 0.00120034744032], [0.000168743965332, -0.0035257388372, 0.00127649819478, -0.00308233965188, 0.00251471274532, -0.00316888629459, -0.000535542028956, -0.00244652060792, 0.00174692051951, -0.0034022112377, 0.00939439237118, -0.00262972852215, 0.000210404294194], [-0.000341191858752, 0.00449571991339, -0.00106435106136, 0.00322505668737, -0.00283068325371, 0.00441530020908, -0.00367432227358, 0.00152151472867, 0.000624337408226, -0.00255008949898, -0.00262972852215, 0.0173284821212, -0.00428019696847], [6.00354469498e-05, -0.00124231132213, 0.000121825039969, -0.0010999959195, 0.00209984183311, -0.000595638004597, 0.000356713164365, 0.00148744788021, -0.00485339062288, 0.00120034744032, 0.000210404294194, -0.00428019696847, 0.0123965805396]]}, "melbands": {"dmean": [0.00150537025183, 0.00154556066263, 0.00117098190822, 0.00090200296836, 0.00060226052301, 0.000252452824498, 0.000137459021062, 0.000101807287137, 0.000110396365926, 8.8812346803e-05, 4.26198785135e-05, 6.55121984892e-05, 6.44592073513e-05, 8.53579185787e-05, 6.91827954142e-05, 4.09057902289e-05, 9.88571900962e-06, 5.50687764189e-06, 3.03484898723e-06, 2.82087762571e-06, 1.77134506885e-06, 1.51871495291e-06, 1.12385157536e-06, 2.08235064747e-06, 2.19450407712e-06, 1.68141696122e-06, 9.14781537631e-07, 6.70938334224e-07, 4.53747276197e-07, 3.50514198999e-07, 2.99795971159e-07, 2.66322899733e-07, 2.91506779604e-07, 2.17114248358e-07, 1.53789088131e-07, 1.47097537706e-07, 1.16167747422e-07, 1.39255277531e-07, 9.77352812015e-08, 1.05786917004e-07], "dmean2": [0.00168369174935, 0.00224908278324, 0.00206986255944, 0.00153926748317, 0.000935513642617, 0.00043879201985, 0.000227413635002, 0.000173191860085, 0.000179245165782, 0.000138513336424, 7.25884165149e-05, 0.000105758823338, 0.000102194957435, 0.000145397658343, 0.000117227820738, 6.74558687024e-05, 1.57727536134e-05, 9.44305975281e-06, 5.01016120324e-06, 4.53662869404e-06, 2.91893093163e-06, 2.49913250627e-06, 1.8914465727e-06, 3.40087694894e-06, 3.39087978318e-06, 2.7556045552e-06, 1.49807067373e-06, 1.04137734525e-06, 6.87881765771e-07, 5.60144940209e-07, 4.44341054617e-07, 3.98349982333e-07, 4.29448192563e-07, 3.3429947166e-07, 2.43743755846e-07, 2.4229134965e-07, 1.87898535842e-07, 2.1393265115e-07, 1.49770059465e-07, 1.55629138021e-07], "dvar": [4.74177204524e-06, 6.38982328383e-06, 6.779976502e-06, 2.91714172818e-06, 1.2743047364e-06, 2.89844820145e-07, 7.80312419124e-08, 4.17999252988e-08, 5.22033509753e-08, 4.01340649603e-08, 6.29222762782e-09, 2.04949195393e-08, 3.37503678338e-08, 4.97307333092e-08, 2.34304451396e-08, 1.40913929414e-08, 3.12452647089e-10, 8.17615003479e-11, 2.53838859654e-11, 2.78309892493e-11, 2.72358125636e-11, 1.29599178611e-11, 5.7070307681e-12, 1.5470475595e-11, 3.04166934695e-11, 1.23820710629e-11, 5.08804587004e-12, 2.96347755363e-12, 1.54403822627e-12, 1.41157062167e-12, 8.6281112463e-13, 6.48535207742e-13, 1.20179614958e-12, 4.85178195363e-13, 2.53808990968e-13, 2.51977068768e-13, 1.47495392093e-13, 1.51514475337e-13, 7.30896734195e-14, 7.4932105605e-14], "dvar2": [4.76961031382e-06, 1.48426979649e-05, 1.82220119314e-05, 8.38666255731e-06, 3.07496452479e-06, 8.04256274023e-07, 2.02039061037e-07, 1.13818174441e-07, 1.24430840742e-07, 8.22373635856e-08, 1.71067213728e-08, 5.45183098666e-08, 7.94778571844e-08, 1.35781803579e-07, 6.34712336023e-08, 3.50401769822e-08, 7.15781767191e-10, 2.20529594586e-10, 6.0938420976e-11, 6.18443560252e-11, 7.03795494106e-11, 3.14809428525e-11, 1.41605858983e-11, 3.80438597292e-11, 6.37341152077e-11, 2.99894380162e-11, 1.26322528826e-11, 6.58404450751e-12, 3.50910056221e-12, 3.81443748115e-12, 1.92113664386e-12, 1.60754027277e-12, 2.58971490086e-12, 1.25182969459e-12, 6.67526092995e-13, 6.91713667681e-13, 4.02421721163e-13, 3.47293564349e-13, 1.64985619567e-13, 1.61811102711e-13], "max": [0.0222202688456, 0.0220299623907, 0.0236003324389, 0.0206709560007, 0.0219032838941, 0.0071772239171, 0.00372737273574, 0.00271211657673, 0.00482156220824, 0.00527137564495, 0.00155143812299, 0.00232675438747, 0.00304468208924, 0.00255352840759, 0.00230338284746, 0.00182027451228, 0.000320218794513, 0.000177482623258, 8.76314516063e-05, 9.55444847932e-05, 0.000131975233671, 6.54970936012e-05, 6.06989997323e-05, 6.90295782988e-05, 0.000108099564386, 8.6241903773e-05, 5.66025664739e-05, 5.22205882589e-05, 4.13005691371e-05, 3.42080820701e-05, 3.33870048053e-05, 2.79738487734e-05, 2.75450402114e-05, 2.41697998717e-05, 1.87495752471e-05, 1.62761243701e-05, 1.32370432766e-05, 1.26208697111e-05, 6.89715261615e-06, 5.16692580277e-06], "mean": [0.00453928112984, 0.00295291910879, 0.00146550743375, 0.00197977595963, 0.00173430354334, 0.000443436292699, 0.000173924359842, 0.000142813834827, 0.00020754239813, 0.000174879227416, 6.82923928252e-05, 0.000107456078695, 9.70097462414e-05, 0.000116395705845, 0.000104236271, 6.81071687723e-05, 1.92386087292e-05, 8.42329609441e-06, 5.40549808647e-06, 5.81987796977e-06, 2.98831446344e-06, 2.78008474197e-06, 2.30295631809e-06, 4.1268485802e-06, 4.37531662101e-06, 3.24032498611e-06, 1.64511095591e-06, 1.26292059122e-06, 8.78354853739e-07, 6.33006266071e-07, 5.8856215901e-07, 5.27993961441e-07, 5.72563578771e-07, 4.06790576335e-07, 2.88247747449e-07, 2.43220000584e-07, 2.04952485205e-07, 1.97219293341e-07, 1.24330668427e-07, 1.16960244156e-07], "median": [0.0025480594486, 0.00225933291949, 0.000553155550733, 0.00150429666974, 0.000924340449274, 0.000179346709047, 5.80108353461e-05, 6.31345901638e-05, 5.96354730078e-05, 4.81225724798e-05, 3.8553844206e-05, 3.68606815755e-05, 2.41807138082e-05, 1.36885482789e-05, 2.09156551136e-05, 2.13119765249e-05, 8.47284718475e-06, 4.84253632749e-06, 2.64835034613e-06, 2.10181269722e-06, 9.26044890548e-07, 9.2137821639e-07, 7.91180070792e-07, 1.6712190245e-06, 1.17569459235e-06, 9.73472879195e-07, 5.08938967414e-07, 4.04981904012e-07, 2.35571150142e-07, 1.42142795312e-07, 1.07179516817e-07, 1.02188259632e-07, 8.78476527078e-08, 7.68503056747e-08, 4.67900420631e-08, 3.01052942575e-08, 1.80853305665e-08, 1.28244153075e-08, 6.94862833939e-09, 4.44643211139e-09], "min": [2.8078113554e-24, 1.76066180981e-24, 2.83770050624e-24, 4.09181835994e-24, 5.37108371879e-24, 3.67583583297e-24, 7.02556997835e-24, 4.40615852585e-24, 6.59377473453e-24, 4.22685004767e-24, 1.07234911556e-23, 8.17811627126e-24, 5.51907678562e-24, 6.95438080368e-24, 5.95755092029e-24, 5.58123350293e-24, 4.97205696812e-24, 1.39092536593e-24, 5.56023796994e-24, 6.13921967031e-24, 7.61939449109e-24, 1.03451613541e-23, 8.5725159583e-24, 7.51349464772e-24, 7.62138242057e-24, 6.89869116808e-24, 8.5673583857e-24, 7.68036160615e-24, 6.91001999954e-24, 5.89426534303e-24, 6.74085430044e-24, 6.66782550214e-24, 8.31889007752e-24, 7.78998171753e-24, 8.6023049238e-24, 8.65718203267e-24, 6.6176894473e-24, 7.68504822878e-24, 9.36357620772e-24, 8.00496840231e-24], "var": [2.65319322352e-05, 1.10675500764e-05, 5.49394508198e-06, 4.17813680542e-06, 5.3734197536e-06, 4.19183237454e-07, 1.00767692857e-07, 5.20504137569e-08, 1.76153633902e-07, 1.27932437977e-07, 8.78485906242e-09, 3.78802589296e-08, 5.73444047802e-08, 8.11299969428e-08, 4.14312637531e-08, 2.51499656656e-08, 8.99787633291e-10, 1.14291708042e-10, 5.99354316178e-11, 9.09672823179e-11, 4.35354738371e-11, 2.70828255655e-11, 1.89820034691e-11, 3.9852496303e-11, 8.5935057681e-11, 3.58811834411e-11, 1.12255491361e-11, 7.37012274127e-12, 4.51873911553e-12, 3.89030170925e-12, 3.44055361458e-12, 2.9209410498e-12, 4.52818511854e-12, 2.17902800838e-12, 1.18020545593e-12, 9.69246276121e-13, 7.07032251756e-13, 5.25152892093e-13, 1.86099399779e-13, 1.20640869798e-13]}, "mfcc": {"mean": [-718.6015625, 185.212478638, 6.23855733871, 24.8608646393, 0.428387224674, 12.6557312012, 11.1341953278, 5.41427183151, -8.95837974548, -0.523499906063, 0.658373951912, -4.12268400192, -4.2763543129], "cov": [[10252.9570312, -78.7133483887, -427.040496826, 458.737182617, -218.028030396, 231.873931885, 109.226715088, 83.806350708, -417.151428223, 88.3458862305, 102.50541687, 38.636592865, 56.750377655], [-78.7133483887, 1688.31237793, -244.374145508, 146.890045166, 13.274187088, 82.3503494263, 167.840927124, 99.7070617676, 108.558242798, 23.6550216675, 78.9664154053, 53.720790863, 17.979631424], [-427.040496826, -244.374145508, 749.213256836, -62.6892089844, 66.5867156982, -64.0076370239, 25.8489055634, -30.0481777191, -16.498714447, -0.0486929342151, -27.055059433, -22.9647064209, 6.17953062057], [458.737182617, 146.890045166, -62.6892089844, 435.837677002, 62.118938446, 80.4058227539, -17.2992610931, 15.8212041855, 15.6992073059, 9.61565303802, 19.8774356842, 2.51374840736, -3.32872080803], [-218.028030396, 13.274187088, 66.5867156982, 62.118938446, 222.873153687, 0.687597811222, 4.13932037354, -11.97631073, 37.0425186157, 4.94926834106, 13.6971893311, 4.84926795959, -2.87453556061], [231.873931885, 82.3503494263, -64.0076370239, 80.4058227539, 0.687597811222, 181.210449219, 45.6069068909, 19.2996520996, -2.06746029854, 27.3640823364, 36.4967536926, 10.0869464874, 3.08893895149], [109.226715088, 167.840927124, 25.8489055634, -17.2992610931, 4.13932037354, 45.6069068909, 195.597518921, 86.4911651611, -26.627073288, 42.256855011, 46.5958595276, 44.2387046814, 48.6270141602], [83.806350708, 99.7070617676, -30.0481777191, 15.8212041855, -11.97631073, 19.2996520996, 86.4911651611, 136.34967041, 17.5642337799, 32.6115379333, 24.9325580597, 37.9034957886, 42.8770217896], [-417.151428223, 108.558242798, -16.498714447, 15.6992073059, 37.0425186157, -2.06746029854, -26.627073288, 17.5642337799, 153.912994385, 18.2366752625, -7.30442094803, -11.1868629456, -15.1085271835], [88.3458862305, 23.6550216675, -0.0486929342151, 9.61565303802, 4.94926834106, 27.3640823364, 42.256855011, 32.6115379333, 18.2366752625, 118.562385559, 33.6713905334, 7.40181732178, 23.4235515594], [102.50541687, 78.9664154053, -27.055059433, 19.8774356842, 13.6971893311, 36.4967536926, 46.5958595276, 24.9325580597, -7.30442094803, 33.6713905334, 106.971801758, 62.7637443542, 17.3850059509], [38.636592865, 53.720790863, -22.9647064209, 2.51374840736, 4.84926795959, 10.0869464874, 44.2387046814, 37.9034957886, -11.1868629456, 7.40181732178, 62.7637443542, 101.520797729, 47.614654541], [56.750377655, 17.979631424, 6.17953062057, -3.32872080803, -2.87453556061, 3.08893895149, 48.6270141602, 42.8770217896, -15.1085271835, 23.4235515594, 17.3850059509, 47.614654541, 86.7688140869]], "icov": [[0.000125113394461, 9.03901764104e-06, 5.49506366951e-05, -0.000133104869747, 8.18432090455e-05, -5.5752319895e-05, 1.94057192857e-05, -8.59293868416e-05, 0.000360788864782, -0.000106438797957, -4.63057149318e-05, 5.91236021137e-05, 1.19499154607e-05], [9.03901764104e-06, 0.000788597913925, 0.000244402850512, -0.000278060877463, 0.000125080914586, 6.71232046443e-05, -0.00094003637787, 0.000137797323987, -0.000725942314602, 0.000319434911944, -0.000330132053932, 4.45806799689e-05, 9.21289174585e-05], [5.49506366951e-05, 0.000244402850512, 0.00159465358593, -4.64914774057e-06, -0.00042691786075, 0.000505558273289, -0.000815959705506, 0.000491332088131, 7.90456688264e-05, -5.72983371967e-05, 0.000120536271424, 0.000400330405682, -0.000232585342019], [-0.000133104869747, -0.000278060877463, -4.64914774057e-06, 0.00297943735495, -0.00101026846096, -0.00124377780594, 0.00124581204727, -0.000770309066866, 4.90670281579e-05, 5.33176171302e-05, -0.00013052522263, 0.000181063078344, -0.000126470098621], [8.18432090455e-05, 0.000125080914586, -0.00042691786075, -0.00101026846096, 0.00534650171176, 0.000350589922164, -0.000917193014175, 0.00125249451958, -0.00147070351522, 0.000165107878274, -0.000844095950015, -0.000140654738061, -8.2416117948e-05], [-5.5752319895e-05, 6.71232046443e-05, 0.000505558273289, -0.00124377780594, 0.000350589922164, 0.0071142828092, -0.00193549843971, 0.000606639019679, -0.000322996493196, -0.000548765878193, -0.00192958733533, 0.00103818101343, 0.000390911736758], [1.94057192857e-05, -0.00094003637787, -0.000815959705506, 0.00124581204727, -0.000917193014175, -0.00193549843971, 0.0104260109365, -0.00534497667104, 0.00304983695969, -0.00143200950697, -0.00137751107104, 5.90747840761e-05, -0.00171399163082], [-8.59293868416e-05, 0.000137797323987, 0.000491332088131, -0.000770309066866, 0.00125249451958, 0.000606639019679, -0.00534497667104, 0.0127512514591, -0.0031478763558, -0.000807229138445, 0.000915534037631, -0.00204209052026, -0.0027156653814], [0.000360788864782, -0.000725942314602, 7.90456688264e-05, 4.90670281579e-05, -0.00147070351522, -0.000322996493196, 0.00304983695969, -0.0031478763558, 0.00973910279572, -0.00238123629242, 0.0010616419604, -8.49782663863e-05, 0.00189237832092], [-0.000106438797957, 0.000319434911944, -5.72983371967e-05, 5.33176171302e-05, 0.000165107878274, -0.000548765878193, -0.00143200950697, -0.000807229138445, -0.00238123629242, 0.011586535722, -0.00511790812016, 0.00469545321539, -0.00385769922286], [-4.63057149318e-05, -0.000330132053932, 0.000120536271424, -0.00013052522263, -0.000844095950015, -0.00192958733533, -0.00137751107104, 0.000915534037631, 0.0010616419604, -0.00511790812016, 0.0195176005363, -0.013428718783, 0.00547036062926], [5.91236021137e-05, 4.45806799689e-05, 0.000400330405682, 0.000181063078344, -0.000140654738061, 0.00103818101343, 5.90747840761e-05, -0.00204209052026, -8.49782663863e-05, 0.00469545321539, -0.013428718783, 0.0234501287341, -0.0105951959267], [1.19499154607e-05, 9.21289174585e-05, -0.000232585342019, -0.000126470098621, -8.2416117948e-05, 0.000390911736758, -0.00171399163082, -0.0027156653814, 0.00189237832092, -0.00385769922286, 0.00547036062926, -0.0105951959267, 0.0198845583946]]}, "spectral_contrast_coeffs": {"dmean": [0.0458430275321, 0.0490021146834, 0.0468939654529, 0.037793841213, 0.0270774979144, 0.0273204520345], "dmean2": [0.0754332467914, 0.0810004323721, 0.0775452405214, 0.0629064813256, 0.0448782220483, 0.042131178081], "dvar": [0.00161534757353, 0.00194668699987, 0.00207555992529, 0.00157484586816, 0.000816445564851, 0.000764859083574], "dvar2": [0.00418714201078, 0.00518890377134, 0.00552402902395, 0.00404122238979, 0.00200178474188, 0.00172246259172], "max": [-0.281919956207, -0.427670180798, -0.452558875084, -0.473377913237, -0.568552136421, -0.572310090065], "mean": [-0.60722142458, -0.710388958454, -0.731307446957, -0.740230858326, -0.765215992928, -0.753164231777], "median": [-0.610825121403, -0.710327982903, -0.734975636005, -0.739274740219, -0.762516975403, -0.754789233208], "min": [-0.96787494421, -0.967392444611, -0.96188390255, -0.966811716557, -0.961672067642, -0.964362561703], "var": [0.00756164779887, 0.00784875359386, 0.00758221745491, 0.00514061423019, 0.00268593849614, 0.00362258777022]}, "spectral_contrast_valleys": {"dmean": [0.394762516022, 0.479455828667, 0.405556946993, 0.349057376385, 0.307803660631, 0.56017780304], "dmean2": [0.632976830006, 0.799090087414, 0.679670453072, 0.587282121181, 0.508249998093, 0.792346894741], "dvar": [0.171968087554, 0.295243412256, 0.250051826239, 0.246007040143, 0.206927731633, 0.478376090527], "dvar2": [0.358892738819, 0.73893237114, 0.627236068249, 0.602426767349, 0.486990630627, 0.974340081215],