{"lowlevel": {"average_loudness": 0.960540235043, "barkbands_crest": {"dmean": 2.08492279053, "dmean2": 3.42231369019, "dvar": 3.93399262428, "dvar2": 10.4165296555, "max": 23.2790985107, "mean": 8.62276077271, "median": 7.91136312485, "min": 3.01208662987, "var": 10.871471405}, "barkbands_flatness_db": {"dmean": 0.0155297294259, "dmean2": 0.024406099692, "dvar": 0.000226789255976, "dvar2": 0.000580445630476, "max": 0.385015308857, "mean": 0.114261716604, "median": 0.104363232851, "min": 0.0279230792075, "var": 0.00197290652432}, "barkbands_kurtosis": {"dmean": 1.69133865833, "dmean2": 2.75197577477, "dvar": 9.44746494293, "dvar2": 23.9751110077, "max": 83.1870040894, "mean": 2.01544737816, "median": 0.677173614502, "min": -1.93757104874, "var": 27.1099586487}, "barkbands_skewness": {"dmean": 0.415322542191, "dmean2": 0.656184911728, "dvar": 0.233312115073, "dvar2": 0.580660283566, "max": 7.13600635529, "mean": 1.20691490173, "median": 1.11377465725, "min": -2.03411746025, "var": 0.859340369701}, "barkbands_spread": {"dmean": 5.01105499268, "dmean2": 7.70395994186, "dvar": 42.97681427, "dvar2": 86.3564987183, "max": 111.478492737, "mean": 25.7068405151, "median": 24.145614624, "min": 0.636454820633, "var": 182.328445435}, "dissonance": {"dmean": 0.0158538091928, "dmean2": 0.0267295669764, "dvar": 0.000251098244917, "dvar2": 0.000673346454278, "max": 0.499999970198, "mean": 0.463361024857, "median": 0.47112467885, "min": 0.229325279593, "var": 0.000839244166855}, "dynamic_complexity": 1.62816393375, "erbbands_crest": {"dmean": 2.48297309875, "dmean2": 3.92035508156, "dvar": 5.54716396332, "dvar2": 13.8954372406, "max": 32.2131195068, "mean": 10.0426511765, "median": 8.92295837402, "min": 2.26261854172, "var": 22.5746002197}, "erbbands_flatness_db": {"dmean": 0.0159017983824, "dmean2": 0.0221619363874, "dvar": 0.000248740223469, "dvar2": 0.000476599059766, "max": 0.412973731756, "mean": 0.152802482247, "median": 0.142873764038, "min": 0.0424036942422, "var": 0.00282147550024}, "erbbands_kurtosis": {"dmean": 0.694295585155, "dmean2": 1.06907224655, "dvar": 1.20538437366, "dvar2": 2.45119690895, "max": 62.3771896362, "mean": 0.303828239441, "median": -0.202228546143, "min": -1.87904810905, "var": 5.85732507706}, "erbbands_skewness": {"dmean": 0.311206072569, "dmean2": 0.467887848616, "dvar": 0.0877720192075, "dvar2": 0.188012838364, "max": 6.51697731018, "mean": 0.109172709286, "median": 0.139066159725, "min": -3.47542524338, "var": 0.641412913799}, "erbbands_spread": {"dmean": 6.63424015045, "dmean2": 10.2301120758, "dvar": 62.7582397461, "dvar2": 146.374389648, "max": 134.283035278, "mean": 36.5531654358, "median": 34.3192481995, "min": 1.71094048023, "var": 262.983184814}, "hfc": {"dmean": 6.248254776, "dmean2": 9.16383838654, "dvar": 129.255645752, "dvar2": 222.112991333, "max": 233.289825439, "mean": 32.1507492065, "median": 29.4848709106, "min": 1.0961047721e-16, "var": 507.700500488}, "melbands_crest": {"dmean": 2.6590526104, "dmean2": 4.37208032608, "dvar": 6.31153917313, "dvar2": 16.6791801453, "max": 30.5964870453, "mean": 12.4308586121, "median": 11.7075872421, "min": 1.6469925642, "var": 17.5974941254}, "melbands_flatness_db": {"dmean": 0.0189445838332, "dmean2": 0.0298775602132, "dvar": 0.000403170968639, "dvar2": 0.0010349736549, "max": 0.462111115456, "mean": 0.185316115618, "median": 0.177082255483, "min": 0.00416153576225, "var": 0.00258010043763}, "melbands_kurtosis": {"dmean": 4.54611063004, "dmean2": 7.63914108276, "dvar": 85.6469497681, "dvar2": 237.020309448, "max": 198.660736084, "mean": 8.1928691864, "median": 4.8145813942, "min": -1.79272305965, "var": 151.460617065}, "melbands_skewness": {"dmean": 0.574707269669, "dmean2": 0.93015474081, "dvar": 0.550925731659, "dvar2": 1.46113991737, "max": 11.4412412643, "mean": 2.19733500481, "median": 1.98439383507, "min": -1.03893113136, "var": 1.60337078571}, "melbands_spread": {"dmean": 6.6189994812, "dmean2": 10.1707763672, "dvar": 84.9375991821, "dvar2": 168.795562744, "max": 215.53036499, "mean": 27.4665641785, "median": 24.7960891724, "min": 0.865049123764, "var": 322.791046143}, "pitch_salience": {"dmean": 0.0565444864333, "dmean2": 0.0921076536179, "dvar": 0.00261414330453, "dvar2": 0.00686245085672, "max": 0.943275690079, "mean": 0.555723965168, "median": 0.55507004261, "min": 0.212034493685, "var": 0.00925661437213}, "silence_rate_20dB": {"dmean": 0, "dmean2": 0, "dvar": 0, "dvar2": 0, "max": 1, "mean": 1, "median": 1, "min": 1, "var": 0}, "silence_rate_30dB": {"dmean": 0, "dmean2": 0, "dvar": 0, "dvar2": 0, "max": 1, "mean": 1, "median": 1, "min": 1, "var": 0}, "silence_rate_60dB": {"dmean": 0.00117924530059, "dmean2": 0.0023587688338, "dvar": 0.00117788370699, "dvar2": 0.00258923764341, "max": 1, "mean": 0.0224030185491, "median": 0, "min": 0, "var": 0.0219012722373}, "spectral_centroid": {"dmean": 217.55921936, "dmean2": 330.951599121, "dvar": 72657.203125, "dvar2": 140884.9375, "max": 11624.8330078, "mean": 1484.01879883, "median": 1423.38891602, "min": 275.580108643, "var": 592101.3125}, "spectral_complexity": {"dmean": 2.9898583889, "dmean2": 4.70951747894, "dvar": 7.8371629715, "dvar2": 18.0094623566, "max": 52, "mean": 24.1615371704, "median": 24, "min": 0, "var": 70.4351272583}, "spectral_decrease": {"dmean": 1.99697347547e-09, "dmean2": 3.36169536652e-09, "dvar": 8.70021289094e-18, "dvar2": 2.49052865871e-17, "max": 1.45383456121e-28, "mean": -9.12600484071e-09, "median": -9.01906016537e-09, "min": -3.19054684894e-08, "var": 1.60721689327e-17}, "spectral_energy": {"dmean": 0.00777708273381, "dmean2": 0.0130483210087, "dvar": 0.000125189151731, "dvar2": 0.000357077195076, "max": 0.122036598623, "mean": 0.0373598188162, "median": 0.0372850485146, "min": 1.00771787034e-20, "var": 0.000248888885835}, "spectral_energyband_high": {"dmean": 0.000494716397952, "dmean2": 0.000697031151503, "dvar": 2.14668102672e-06, "dvar2": 3.53374252882e-06, "max": 0.0282905176282, "mean": 0.00128538894933, "median": 0.000681268749759, "min": 7.2150061526e-21, "var": 7.23049015505e-06}, "spectral_energyband_low": {"dmean": 0.00538086984307, "dmean2": 0.00945248641074, "dvar": 0.000127253471874, "dvar2": 0.000372137641534, "max": 0.106443412602, "mean": 0.0116630876437, "median": 0.00903698336333, "min": 9.1236299639e-24, "var": 0.000151454529259}, "spectral_energyband_middle_high": {"dmean": 0.00212640524842, "dmean2": 0.00321744615212, "dvar": 6.68893244438e-06, "dvar2": 1.55568086484e-05, "max": 0.0449570193887, "mean": 0.00929844751954, "median": 0.00838838238269, "min": 1.28196616931e-21, "var": 3.75885247195e-05}, "spectral_energyband_middle_low": {"dmean": 0.0048222891055, "dmean2": 0.00752739841118, "dvar": 3.51674025296e-05, "dvar2": 8.68435963639e-05, "max": 0.0734717547894, "mean": 0.0169990211725, "median": 0.015202684328, "min": 2.10898605619e-22, "var": 9.59948083619e-05}, "spectral_entropy": {"dmean": 0.12344212085, "dmean2": 0.173362672329, "dvar": 0.017692187801, "dvar2": 0.0316134095192, "max": 9.8232126236, "mean": 7.53064537048, "median": 7.61442422867, "min": 5.21380758286, "var": 0.223628804088}, "spectral_flux": {"dmean": 0.0237764827907, "dmean2": 0.0367540754378, "dvar": 0.000694139976986, "dvar2": 0.00135731685441, "max": 0.285199642181, "mean": 0.0906692966819, "median": 0.0862724334002, "min": 6.43587197424e-11, "var": 0.00200230698101}, "spectral_kurtosis": {"dmean": 1.58647608757, "dmean2": 2.6422097683, "dvar": 9.36452865601, "dvar2": 25.2302188873, "max": 109.747306824, "mean": 5.64639234543, "median": 4.52240848541, "min": -1.2419167757, "var": 29.0246715546}, "spectral_rms": {"dmean": 0.000589200120885, "dmean2": 0.000971010827925, "dvar": 5.59737486583e-07, "dvar2": 1.55196573814e-06, "max": 0.0109114665538, "mean": 0.00585973542184, "median": 0.00603122357279, "min": 3.13550531025e-12, "var": 2.11228962144e-06}, "spectral_rolloff": {"dmean": 476.637268066, "dmean2": 797.106628418, "dvar": 805730.5, "dvar2": 1609750.75, "max": 19487.5488281, "mean": 1719.64465332, "median": 1421.19140625, "min": 86.1328125, "var": 3020948.5}, "spectral_skewness": {"dmean": 0.191642805934, "dmean2": 0.302432179451, "dvar": 0.0569695010781, "dvar2": 0.140795916319, "max": 7.75897407532, "mean": 1.66320097446, "median": 1.59784924984, "min": -0.0822739973664, "var": 0.331593483686}, "spectral_spread": {"dmean": 513200, "dmean2": 708196.625, "dvar": 683322441728, "dvar2": 1065913614340.0, "max": 42430304, "mean": 4624073.5, "median": 4308103, "min": 625873.1875, "var": 6969427492860.0}, "spectral_strongpeak": {"dmean": 0.648034691811, "dmean2": 1.10709893703, "dvar": 0.974945783615, "dvar2": 2.42056202888, "max": 12.1341085434, "mean": 1.23234915733, "median": 0.670582532883, "min": 0, "var": 1.8024379015}, "zerocrossingrate": {"dmean": 0.00902681145817, "dmean2": 0.0105481185019, "dvar": 0.000176932691829, "dvar2": 0.000170136379893, "max": 0.5244140625, "mean": 0.0661729052663, "median": 0.05908203125, "min": 0.01123046875, "var": 0.00176947214641}, "barkbands": {"dmean": [0.000429006671766, 0.00327721517533, 0.00227789417841, 0.00186130299699, 0.00221081962809, 0.00112165417522, 0.0012635702733, 0.00112625118345, 0.000779415597208, 0.000942566373851, 0.00067313737236, 0.000301330350339, 0.000429358391557, 0.00044437192264, 0.000531471916474, 0.000203803821933, 0.000396288669435, 0.000374481373001, 0.000271427241387, 0.00011423361866, 9.17799188755e-05, 0.000101293277112, 0.000133758512675, 0.000134122601594, 7.57101224735e-05, 4.25466059824e-05, 1.69844133779e-05], "dmean2": [0.000702602323145, 0.0057142120786, 0.00409593246877, 0.00320666166954, 0.00348274526186, 0.00175025255885, 0.0019088605186, 0.00172136689071, 0.00119906431064, 0.00141319900285, 0.00103294872679, 0.000466995552415, 0.000681373523548, 0.000700402539223, 0.000827290583402, 0.000326744746417, 0.00063794181915, 0.000593480304815, 0.000417768955231, 0.000180912931683, 0.000146238642628, 0.000152570166392, 0.000197992892936, 0.000197269982891, 0.000108749634819, 6.087242582e-05, 2.46768686338e-05], "dvar": [9.61258820098e-07, 3.76006100851e-05, 2.89102463285e-05, 9.55132327363e-06, 1.08185477075e-05, 5.82680149819e-06, 8.32181831356e-06, 5.80498408453e-06, 2.82861560663e-06, 3.4661538848e-06, 1.90171044778e-06, 4.1790227101e-07, 6.20976720711e-07, 5.17422563462e-07, 1.01047294265e-06, 1.59796485377e-07, 4.55078890127e-07, 3.26062973954e-07, 2.10949025359e-07, 3.25273390445e-08, 4.51182984307e-08, 1.21527392594e-07, 2.70725138307e-07, 2.97682902328e-07, 8.79751240745e-08, 9.61753343631e-09, 1.3558288936e-09], "dvar2": [2.39154678638e-06, 0.000109801425424, 8.4283099568e-05, 2.76498431049e-05, 2.70295458904e-05, 1.35792561196e-05, 1.89791662706e-05, 1.38842742672e-05, 7.15981514077e-06, 8.47402861837e-06, 4.54025666841e-06, 9.35549508085e-07, 1.43130182551e-06, 1.19364472084e-06, 2.3832521947e-06, 3.97955147946e-07, 1.15487682706e-06, 8.0761975596e-07, 4.45897882173e-07, 7.66534711261e-08, 1.05275567819e-07, 2.55611013245e-07, 5.14606313118e-07, 5.24042718553e-07, 1.7141739761e-07, 2.17509903422e-08, 3.14025672132e-09], "max": [0.0129757691175, 0.0637408345938, 0.0480845496058, 0.0380489453673, 0.0422271005809, 0.0428279154003, 0.0474339984357, 0.0399620719254, 0.0346593670547, 0.0358037427068, 0.0309335999191, 0.0165936853737, 0.0203295145184, 0.0121318763122, 0.0240212008357, 0.00935370475054, 0.0130242118612, 0.0136902090162, 0.00826379563659, 0.00487635936588, 0.00609582336619, 0.010427753441, 0.0149439070374, 0.0119684878737, 0.00725008873269, 0.00257585616782, 0.000816852843855], "mean": [0.000482427130919, 0.00623691314831, 0.00343191530555, 0.00345505704172, 0.00446019414812, 0.00201309542172, 0.00253290939145, 0.00235427264124, 0.00151714938693, 0.00213973852806, 0.00137790513691, 0.000592605792917, 0.000751330284402, 0.000895955250598, 0.00106710055843, 0.00038687849883, 0.000786664662883, 0.000836069637444, 0.000603972002864, 0.000272121716989, 0.000208528348594, 0.000212200800888, 0.000261002278421, 0.000264832604444, 0.000131394001073, 6.48941713735e-05, 2.27518867177e-05], "median": [0.000103873360786, 0.00387996295467, 0.00202698959038, 0.00247861514799, 0.00294339982793, 0.00087337376317, 0.00093327392824, 0.000788116827607, 0.000643043254968, 0.000793054059613, 0.000496715831105, 0.00023852569575, 0.000378569326131, 0.000479513721075, 0.000431062653661, 0.000218486180529, 0.000452565145679, 0.000526390271261, 0.000377460266463, 0.000210650658119, 0.000132640532684, 0.000102109588624, 8.94584591151e-05, 7.28256782168e-05, 3.68669607269e-05, 1.54994067998e-05, 3.89218757846e-06], "min": [3.28569047279e-25, 3.41243872659e-24, 1.14983478076e-24, 6.33239947865e-25, 5.59865549602e-24, 3.45468853895e-24, 6.66914053327e-24, 2.01905335708e-23, 1.93913448986e-23, 1.36247243498e-23, 2.40514476107e-23, 2.87674789831e-23, 3.21156003024e-23, 4.84796204798e-23, 2.08534023454e-23, 5.58054088305e-23, 6.91377765957e-23, 1.30090092625e-22, 1.90578356494e-22, 1.73151245273e-22, 2.70374262386e-22, 3.86951319166e-22, 4.75952373542e-22, 5.86609187e-22, 1.00272091992e-21, 1.36365176941e-21, 2.02187094736e-21], "var": [1.09684481231e-06, 5.88260118093e-05, 2.35795105255e-05, 1.29652453325e-05, 2.14360388782e-05, 1.21654275063e-05, 2.04170537472e-05, 1.74527231138e-05, 6.31469674772e-06, 1.07802306957e-05, 6.00966086495e-06, 1.19291757983e-06, 1.41496730066e-06, 1.36153244057e-06, 3.18044089909e-06, 3.04840597209e-07, 9.78231810222e-07, 9.26586665173e-07, 5.56427380616e-07, 8.53758663766e-08, 9.94079059069e-08, 3.17048289844e-07, 7.1603477636e-07, 8.68107747465e-07, 1.97135776148e-07, 1.69241953785e-08, 1.92062432625e-09]}, "erbbands": {"dmean": [0.0797407403588, 0.876860260963, 2.441167593, 4.19213247299, 8.44498920441, 6.97744750977, 8.66201114655, 8.59672355652, 13.5284357071, 23.483921051, 23.558763504, 19.5475082397, 18.1334838867, 31.405620575, 24.3545513153, 12.5861577988, 18.8778381348, 23.6524028778, 23.2228775024, 21.1997795105, 11.0096435547, 19.0586738586, 20.1731567383, 17.5615310669, 9.09574222565, 5.62316226959, 4.10157155991, 3.24519085884, 3.35419201851, 4.34140872955, 3.72855973244, 3.20147252083, 1.95079433918, 1.0186406374, 0.480797290802, 0.197305217385, 0.0731721892953, 0.0246628262103, 0.00274588842876, 0.000114073016448], "dmean2": [0.129053726792, 1.5695233345, 4.38669395447, 7.30303907394, 13.5236558914, 11.3296823502, 13.7011728287, 13.5506191254, 21.2564239502, 34.5315361023, 36.3244857788, 30.0933570862, 27.051410675, 46.934337616, 37.3094329834, 19.2111473083, 29.7883605957, 37.1780166626, 36.1271934509, 33.4829483032, 17.2804203033, 30.5058555603, 31.9980831146, 26.9758644104, 14.1010122299, 8.92619991302, 6.51384878159, 5.07961177826, 5.09636259079, 6.5924372673, 5.4635219574, 4.84747982025, 2.81587409973, 1.46382439137, 0.696898758411, 0.287771582603, 0.105881795287, 0.0357351563871, 0.00396291073412, 0.000163505552337], "dvar": [0.0193839855492, 3.10990810394, 33.3826370239, 57.7030639648, 242.755950928, 112.067581177, 319.325927734, 417.92477417, 1321.19824219, 2665.60644531, 3064.88452148, 1896.92382812, 1222.06872559, 4338.98583984, 2481.36181641, 665.635131836, 1202.15161133, 1502.1998291, 2689.21606445, 1864.26794434, 408.697479248, 1047.76916504, 989.283752441, 760.696044922, 208.895797729, 80.240562439, 58.2659072876, 82.8895111084, 112.795394897, 348.618408203, 210.580841064, 153.81022644, 75.2665481567, 18.6348571777, 3.0366871357, 0.336901217699, 0.0251181926578, 0.0028044458013, 3.45469925378e-05, 6.13553581275e-08], "dvar2": [0.0482240207493, 9.65120029449, 98.3614501953, 167.466369629, 596.753295898, 288.583404541, 719.391662598, 1011.90447998, 3171.42602539, 5729.62988281, 7695.41699219, 4919.82080078, 2748.98242188, 10445.5224609, 6000.26318359, 1508.48278809, 2821.51098633, 3535.85522461, 6348.04052734, 4602.14990234, 982.903076172, 2631.59106445, 2447.06762695, 1645.96557617, 456.841400146, 194.385604858, 142.702697754, 190.277038574, 244.814666748, 715.08215332, 386.400604248, 289.076599121, 131.031448364, 35.7279396057, 6.04646062851, 0.746916353703, 0.0573756843805, 0.00641864584759, 8.02613139967e-05, 1.42911360967e-07], "max": [1.78257775307, 16.7977371216, 50.6444625854, 84.1014480591, 181.719619751, 196.655212402, 512.596618652, 365.835723877, 723.431152344, 1132.37451172, 988.10559082, 971.853027344, 901.397155762, 1370.72399902, 1120.23925781, 695.069335938, 1007.47845459, 726.133544922, 1473.84448242, 1100.12561035, 417.172271729, 600.119873047, 927.180297852, 534.283630371, 410.184417725, 272.807678223, 176.344268799, 270.808410645, 264.458007812, 686.937683105, 391.087524414, 326.023895264, 189.54208374, 105.46181488, 48.4869194031, 17.4030513763, 3.34671449661, 1.18458008766, 0.101259402931, 0.00731412693858], "mean": [0.159893468022, 1.45644152164, 4.06450176239, 8.01179695129, 14.7841415405, 14.0111551285, 15.2925300598, 15.6713132858, 26.504404068, 51.5302848816, 50.6212806702, 40.6307563782, 44.6964187622, 69.1112670898, 54.0631523132, 28.2768268585, 35.8641090393, 50.0755844116, 52.5428962708, 40.4898529053, 24.9893932343, 41.0347137451, 48.0498733521, 40.08776474, 21.816608429, 13.5172815323, 10.0374956131, 6.95353221893, 6.91739416122, 8.51734638214, 7.46614599228, 6.31630086899, 3.64438796043, 1.74221503735, 0.81762355566, 0.309653162956, 0.109399706125, 0.0349010825157, 0.00372829008847, 0.00019060150953], "median": [0.0842865034938, 0.881072282791, 2.47576379776, 6.27133464813, 9.54744720459, 9.48689937592, 7.79905986786, 6.75965738297, 11.2268095016, 17.1729259491, 19.3371810913, 20.0192451477, 19.9905719757, 27.2481575012, 24.4236297607, 14.0990343094, 20.0065841675, 27.8343029022, 21.6555099487, 19.0505599976, 16.6242980957, 24.3169193268, 31.5449047089, 28.3640403748, 15.8611249924, 10.8246831894, 7.16295099258, 3.95267248154, 3.4762237072, 3.14461827278, 2.62921690941, 1.90340065956, 0.877206623554, 0.44820985198, 0.23384514451, 0.0843518003821, 0.0247405413538, 0.00618440192193, 0.000673425558489, 7.65603326727e-05], "min": [6.5243820328e-23, 7.060883179e-22, 2.08900566096e-21, 9.91137018808e-21, 1.7507339057e-20, 3.02533295729e-20, 4.52158668624e-20, 5.60287168998e-20, 1.2583954235e-19, 2.4072972078e-19, 4.89522177786e-19, 4.97918112703e-19, 4.74077319883e-19, 7.12053925091e-19, 1.27872248232e-18, 1.41625831976e-18, 1.97029769019e-18, 2.90891069819e-18, 4.12144808156e-18, 3.31794365289e-18, 3.45542127749e-18, 4.88123498089e-18, 6.26946986906e-18, 9.37276945877e-18, 9.16273175763e-18, 8.84410178567e-18, 9.75992472703e-18, 1.45461662864e-17, 1.31909292872e-17, 1.09883359131e-17, 1.48871020107e-17, 1.17025393705e-17, 1.0987148909e-17, 8.98351646047e-18, 7.32603180137e-18, 3.86965637105e-18, 2.61286441132e-18, 9.11761691343e-19, 2.71505621705e-19, 2.918328744e-20], "var": [0.0405221804976, 3.76169228554, 28.8195552826, 61.8488464355, 357.809295654, 223.400527954, 600.87701416, 758.624145508, 2862.40356445, 8644.65625, 8056.15380859, 4197.46582031, 4254.47021484, 12855.4140625, 8465.55273438, 2107.95874023, 2974.16967773, 4114.66357422, 9878.05859375, 4355.64697266, 939.21472168, 2480.49145508, 2746.98852539, 1985.83911133, 574.966674805, 189.788208008, 146.21522522, 156.667175293, 249.663070679, 939.920654297, 564.837341309, 420.085906982, 206.463867188, 42.1432304382, 6.65796041489, 0.615119695663, 0.0421895347536, 0.00434605870396, 4.94746454933e-05, 8.41119884853e-08]}, "gfcc": {"mean": [36.9220924377, 86.3185348511, -114.620002747, 25.382516861, -49.1725730896, 8.69003486633, -35.0166778564, 9.89694499969, -22.6862773895, -4.05932760239, -14.9399747849, -2.73294425011, -16.6542358398], "cov": [[10564.7998047, -572.717163086, 182.841995239, 685.763793945, -49.5636062622, 696.449768066, 162.53175354, 310.22567749, -287.514251709, -221.050888062, -413.584228516, 59.8079299927, -117.036567688], [-572.717163086, 1088.88513184, -581.820922852, -208.965133667, 30.2875366211, -212.583435059, -55.7514190674, -143.828460693, 77.7662124634, 48.4156455994, 82.5152740479, -129.94090271, 30.1861248016], [182.841995239, -581.820922852, 812.284606934, 110.988197327, 69.6207885742, 112.157615662, 85.6857070923, 92.518737793, -50.8985328674, -17.4059753418, -67.0449676514, 98.8630371094, -32.6902160645], [685.763793945, -208.965133667, 110.988197327, 502.175354004, 55.4099884033, 160.984451294, 89.1598510742, 103.594039917, 24.7509613037, -61.6954917908, -9.1711139679, 47.1168823242, 53.834438324], [-49.5636062622, 30.2875366211, 69.6207885742, 55.4099884033, 288.277282715, 19.8941745758, 44.9068908691, 5.1936788559, -4.69098424911, -5.56723117828, -42.1143112183, 7.82291984558, 6.74942970276], [696.449768066, -212.583435059, 112.157615662, 160.984451294, 19.8941745758, 295.964782715, 84.3324203491, 62.7417984009, -17.2731342316, -36.4072799683, -31.2483386993, -0.282373487949, -0.303521841764], [162.53175354, -55.7514190674, 85.6857070923, 89.1598510742, 44.9068908691, 84.3324203491, 251.79133606, 112.886154175, -19.7575626373, -36.4545402527, -9.82667636871, 43.1238212585, 14.2771291733], [310.22567749, -143.828460693, 92.518737793, 103.594039917, 5.1936788559, 62.7417984009, 112.886154175, 210.377212524, 33.39868927, -35.9717712402, 16.8591251373, 44.6266059875, -5.80915737152], [-287.514251709, 77.7662124634, -50.8985328674, 24.7509613037, -4.69098424911, -17.2731342316, -19.7575626373, 33.39868927, 148.175216675, 42.0475463867, 29.1446151733, -15.6619873047, 2.89834451675], [-221.050888062, 48.4156455994, -17.4059753418, -61.6954917908, -5.56723117828, -36.4072799683, -36.4545402527, -35.9717712402, 42.0475463867, 105.506973267, 22.4958362579, -22.3206195831, -5.82426214218], [-413.584228516, 82.5152740479, -67.0449676514, -9.1711139679, -42.1143112183, -31.2483386993, -9.82667636871, 16.8591251373, 29.1446151733, 22.4958362579, 118.215568542, 20.3208503723, -2.34489059448], [59.8079299927, -129.94090271, 98.8630371094, 47.1168823242, 7.82291984558, -0.282373487949, 43.1238212585, 44.6266059875, -15.6619873047, -22.3206195831, 20.3208503723, 98.2984619141, 19.7447662354], [-117.036567688, 30.1861248016, -32.6902160645, 53.834438324, 6.74942970276, -0.303521841764, 14.2771291733, -5.80915737152, 2.89834451675, -5.82426214218, -2.34489059448, 19.7447662354, 84.9016571045]], "icov": [[0.00018886225007, -0.000206969241844, 0.000103681028122, -0.000275384751149, 0.000218607630813, -0.000397114665247, 0.000282039662125, -0.000427648745244, 0.000475927401567, -0.000321393541526, 0.000962490274105, -0.000622749212198, 0.000586097070482], [-0.000206969241844, 0.00255513261072, 0.000891333213076, 0.000750009727199, -0.00102514459286, 0.00149247131776, -0.00136671948712, 0.00153259839863, -0.00139117077924, 0.00120541080832, -0.00270920200273, 0.00316797033884, -0.00158599752467], [0.000103681028122, 0.000891333213076, 0.00231837341562, -0.000170424536918, -0.000369558751117, -0.000206663928111, -0.000206364638871, -0.000231877755141, 0.000350210117176, -0.000809324090369, 0.00122662249487, -0.00153218081687, 0.00119694217574], [-0.000275384751149, 0.000750009727199, -0.000170424536918, 0.00357044185512, -0.000894380093087, -0.000602080137469, -0.000541946559679, 0.000226183969062, -0.00180739467032, 0.00197185273282, -0.00201709708199, 0.000980164390057, -0.00288697169162], [0.000218607630813, -0.00102514459286, -0.000369558751117, -0.000894380093087, 0.00438901595771, -0.000580150750466, -5.73715115024e-05, -0.000422965124017, 0.000617010751739, -0.00100154872052, 0.00303873396479, -0.00180675694719, 0.00113470351789], [-0.000397114665247, 0.00149247131776, -0.000206663928111, -0.000602080137469, -0.000580150750466, 0.00611169915646, -0.0020910189487, 0.000939319143072, -0.000799953879323, 0.00139986025169, -0.00230445992202, 0.00417402619496, -0.00120301742572], [0.000282039662125, -0.00136671948712, -0.000206364638871, -0.000541946559679, -5.73715115024e-05, -0.0020910189487, 0.00700035411865, -0.00420542480424, 0.00236922618933, -0.000998467439786, 0.0025370947551, -0.00311129447073, 0.000315313605824], [-0.000427648745244, 0.00153259839863, -0.000231877755141, 0.000226183969062, -0.000422965124017, 0.000939319143072, -0.00420542480424, 0.00994478166103, -0.00462255859748, 0.00357456295751, -0.00399638805538, 0.000638181518298, 0.00020172544464], [0.000475927401567, -0.00139117077924, 0.000350210117176, -0.00180739467032, 0.000617010751739, -0.000799953879323, 0.00236922618933, -0.00462255859748, 0.0111340507865, -0.00529843568802, 0.00195960677229, -0.000668011431117, 0.00113086483907], [-0.000321393541526, 0.00120541080832, -0.000809324090369, 0.00197185273282, -0.00100154872052, 0.00139986025169, -0.000998467439786, 0.00357456295751, -0.00529843568802, 0.0146236298606, -0.00513715669513, 0.00448419852182, -0.00193710939493], [0.000962490274105, -0.00270920200273, 0.00122662249487, -0.00201709708199, 0.00303873396479, -0.00230445992202, 0.0025370947551, -0.00399638805538, 0.00195960677229, -0.00513715669513, 0.0177608411759, -0.00959003809839, 0.00539292162284], [-0.000622749212198, 0.00316797033884, -0.00153218081687, 0.000980164390057, -0.00180675694719, 0.00417402619496, -0.00311129447073, 0.000638181518298, -0.000668011431117, 0.00448419852182, -0.00959003809839, 0.0214199293405, -0.00738670816645], [0.000586097070482, -0.00158599752467, 0.00119694217574, -0.00288697169162, 0.00113470351789, -0.00120301742572, 0.000315313605824, 0.00020172544464, 0.00113086483907, -0.00193710939493, 0.00539292162284, -0.00738670816645, 0.0170031767339]]}, "melbands": {"dmean": [0.000781240232754, 0.00121852883603, 0.000845525762998, 0.000531473138835, 0.000291156757157, 0.000198102847207, 0.000219442488742, 0.000249426084338, 0.000192909908947, 0.000110999179014, 9.313114424e-05, 0.000132861692691, 9.5850067737e-05, 3.91790053982e-05, 3.87247891922e-05, 3.94390335714e-05, 4.80678863823e-05, 3.76768002752e-05, 3.16271180054e-05, 2.14339797822e-05, 1.43170163938e-05, 2.04672724067e-05, 2.37734311668e-05, 2.10692105611e-05, 1.53400342242e-05, 9.67496453086e-06, 4.57373107565e-06, 3.72782551494e-06, 3.00633155348e-06, 2.6225475267e-06, 1.88221918052e-06, 1.884763833e-06, 2.34222898143e-06, 2.65155813395e-06, 2.33087780543e-06, 2.29048555411e-06, 1.96660153051e-06, 1.55506052124e-06, 1.15170576009e-06, 8.1247117123e-07], "dmean2": [0.00132225849666, 0.00219682580791, 0.00144832301885, 0.000844345719088, 0.000460123526864, 0.000311739655444, 0.000339682243066, 0.000369628076442, 0.00029610117781, 0.000171688472619, 0.000139452909934, 0.000198840527446, 0.000146391234011, 6.03968765063e-05, 6.0338908952e-05, 6.23058513156e-05, 7.55246292101e-05, 5.86671339988e-05, 4.92630606459e-05, 3.4424047044e-05, 2.27424879995e-05, 3.25794935634e-05, 3.87556974601e-05, 3.34140313498e-05, 2.36081887124e-05, 1.50456753545e-05, 7.29436624169e-06, 5.94782932239e-06, 4.86557155455e-06, 4.15742715631e-06, 2.99015073324e-06, 2.88522505798e-06, 3.64400079889e-06, 4.04917273045e-06, 3.49224342244e-06, 3.37485198543e-06, 3.00350166071e-06, 2.2799308681e-06, 1.7152900682e-06, 1.19227297546e-06], "dvar": [1.94891526917e-06, 7.92015725892e-06, 2.08282790481e-06, 6.70631379762e-07, 2.93507099514e-07, 2.041398659e-07, 2.98288284739e-07, 2.69245333584e-07, 1.81277357569e-07, 5.99578484639e-08, 3.25121725098e-08, 8.31420834402e-08, 3.69032164826e-08, 6.9493646393e-09, 5.04802333268e-09, 4.96014962437e-09, 6.2259246647e-09, 6.70606059572e-09, 3.9722221068e-09, 1.69565994579e-09, 6.9077538134e-10, 1.28720656356e-09, 1.84409099102e-09, 1.23847443412e-09, 6.50205056463e-10, 2.80296896804e-10, 5.37518224375e-11, 3.82903118934e-11, 2.82192411799e-11, 4.58879427512e-11, 2.9383669109e-11, 3.34920320644e-11, 8.09621397702e-11, 1.36421665631e-10, 7.99838251186e-11, 8.28188767565e-11, 5.87406304153e-11, 4.64811522605e-11, 2.76562401452e-11, 1.16069671235e-11], "dvar2": [5.28953069079e-06, 2.38361735683e-05, 5.82995153309e-06, 1.72732529791e-06, 6.70795714086e-07, 4.90456841362e-07, 7.0527664775e-07, 5.8489155208e-07, 4.52200794143e-07, 1.5426408595e-07, 7.34636103061e-08, 2.01657343268e-07, 8.90005154019e-08, 1.5817990473e-08, 1.12891385129e-08, 1.15883427299e-08, 1.4594694342e-08, 1.57952317892e-08, 9.39934619026e-09, 4.31529612044e-09, 1.62636382139e-09, 3.04591618594e-09, 4.82156181647e-09, 3.1115980903e-09, 1.40258038517e-09, 6.08684214143e-10, 1.21656990038e-10, 9.39926816934e-11, 7.21903301026e-11, 1.07224000512e-10, 6.80148368182e-11, 7.32994151487e-11, 1.74640316097e-10, 2.87021240108e-10, 1.63666677433e-10, 1.57399857037e-10, 1.19912912933e-10, 8.69945088189e-11, 5.17105247511e-11, 2.35917483465e-11], "max": [0.017433622852, 0.0264606606215, 0.0149038452655, 0.0106352455914, 0.0136094223708, 0.00795714277774, 0.00998575426638, 0.0106375543401, 0.00742944935337, 0.00534973293543, 0.0044271806255, 0.00597242079675, 0.00385665544309, 0.00204892829061, 0.00189882330596, 0.00191146670841, 0.00148547929712, 0.00215312163346, 0.00110147427768, 0.00101621146314, 0.000594816403463, 0.000842615147121, 0.000842400069814, 0.000826551986393, 0.00044406906818, 0.000498386449181, 0.000172286891029, 0.000168303289684, 0.000123853751575, 0.000176795452717, 0.000159961651661, 0.000156361042173, 0.000315879937261, 0.000393551046727, 0.000260788452579, 0.000261710811174, 0.000182649077033, 0.000159099261509, 0.000112821464427, 9.22531471588e-05], "mean": [0.00160030578263, 0.00211190292612, 0.00163983041421, 0.00105652434286, 0.000555531412829, 0.000359399506124, 0.000433763780165, 0.000545908696949, 0.000406288338127, 0.000223496288527, 0.000219397203182, 0.000281154963886, 0.000202140174224, 7.99530243967e-05, 7.338404248e-05, 7.36066067475e-05, 9.48948872974e-05, 8.17707259557e-05, 6.03661028435e-05, 3.9378512156e-05, 2.81524917227e-05, 4.04675811296e-05, 4.70173181384e-05, 4.40068579337e-05, 3.12818847306e-05, 2.00577942451e-05, 1.03308038888e-05, 8.15480052552e-06, 6.60594878354e-06, 5.27311203768e-06, 3.55509996552e-06, 3.69506324205e-06, 4.40524581791e-06, 4.80007111037e-06, 4.25866346632e-06, 4.22636276198e-06, 3.6434410049e-06, 2.73185855804e-06, 1.89964373476e-06, 1.3208581322e-06], "median": [0.000979092554189, 0.00135436910205, 0.0012893039966, 0.000726710131858, 0.000314806471579, 0.000152546286699, 0.000178185262484, 0.000186299337656, 0.000154455512529, 0.000102143421827, 8.64883186296e-05, 9.43230261328e-05, 7.84732910688e-05, 3.53529430868e-05, 3.85613166145e-05, 3.8467842387e-05, 5.06754440721e-05, 3.05181856675e-05, 2.66578372248e-05, 1.91896415345e-05, 1.76457833732e-05, 2.38198135776e-05, 2.03380386665e-05, 2.77233848465e-05, 1.97490535356e-05, 1.22518677017e-05, 8.21171033749e-06, 6.09611561231e-06, 4.63871037937e-06, 2.83910367216e-06, 1.92567063095e-06, 1.8863980813e-06, 1.88919807442e-06, 1.58092564106e-06, 1.49762456658e-06, 1.33866149099e-06, 1.06433935798e-06, 6.28660188795e-07, 4.19509660787e-07, 3.47129798683e-07], "min": [7.68217647927e-25, 9.21754484074e-25, 1.65257494819e-24, 1.06392348945e-24, 1.72193860012e-24, 1.21754596631e-24, 1.92937489996e-24, 3.37206167001e-24, 3.71921450528e-24, 2.84983555354e-24, 2.23502359364e-24, 2.40695326413e-24, 3.61084552729e-24, 2.78434747663e-24, 3.99680676922e-24, 3.63268908576e-24, 5.03288051049e-24, 4.69625462957e-24, 1.84291456146e-24, 3.86052197594e-24, 3.75895534554e-24, 4.33770235979e-24, 4.29771263392e-24, 5.92774854415e-24, 7.45386544076e-24, 5.94061959868e-24, 4.83279461935e-24, 4.45665193468e-24, 5.54591186147e-24, 5.47343053263e-24, 7.42750565361e-24, 6.95492827315e-24, 4.93377749269e-24, 6.0548316694e-24, 6.8791542389e-24, 5.56078938371e-24, 7.33706353969e-24, 6.89574556146e-24, 6.06576685927e-24, 6.16005388125e-24], "var": [3.64125321539e-06, 7.28572558728e-06, 2.52920790444e-06, 1.19507501495e-06, 5.87894533055e-07, 3.93288473788e-07, 6.81557878579e-07, 9.04641296984e-07, 4.84392046474e-07, 1.31607876597e-07, 1.11307862483e-07, 2.43403235345e-07, 1.20913298929e-07, 2.06974135608e-08, 1.26602035522e-08, 1.15299201298e-08, 1.61972391055e-08, 2.57002206183e-08, 8.78036665597e-09, 3.89812893076e-09, 1.44790224255e-09, 2.77750755728e-09, 4.36677449756e-09, 3.03237990273e-09, 1.52198997849e-09, 6.79471923171e-10, 1.22424403948e-10, 8.64988775051e-11, 6.38709640732e-11, 1.02362715526e-10, 4.95056426408e-11, 6.47455838942e-11, 2.00383709625e-10, 3.3020330914e-10, 1.86515858314e-10, 2.10444550675e-10, 1.45692305442e-10, 1.17968176894e-10, 6.55950502249e-11, 2.31171835147e-11]}, "mfcc": {"mean": [-607.04309082, 121.891479492, -5.32789564133, 20.878408432, 7.12718772888, 0.386271446943, 0.111753329635, 8.19742393494, -4.9687037468, 4.26885461807, 0.400472015142, -1.60132312775, -5.88788557053], "cov": [[5521.94140625, -600.268249512, 311.593841553, 318.066955566, 113.156188965, 326.737640381, 345.493469238, 537.394348145, 250.777648926, 97.6729049683, -79.6530838013, -112.62071228, -85.0450515747], [-600.268249512, 1115.27087402, -466.133239746, -134.35206604, -46.1910820007, -100.60357666, -104.228012085, -248.250976562, -84.8911437988, -4.95865297318, 23.0397014618, 20.3277683258, -12.6081266403], [311.593841553, -466.133239746, 590.393676758, 59.2111434937, 10.0620632172, 45.4794387817, 62.9583053589, 130.58984375, 38.1387825012, 8.50935935974, -5.93357610703, -11.4240026474, 33.4058113098], [318.066955566, -134.35206604, 59.2111434937, 313.902435303, 75.0757293701, 19.8696212769, 63.3612823486, 107.742950439, 71.4824523926, -7.03459978104, -11.0179138184, 4.30141782761, 3.28487610817], [113.156188965, -46.1910820007, 10.0620632172, 75.0757293701, 221.112838745, 65.1986694336, -15.4783258438, 3.48021745682, 25.8847827911, 8.44512462616, -10.5137453079, 7.5020980835, -3.09197473526], [326.737640381, -100.60357666, 45.4794387817, 19.8696212769, 65.1986694336, 196.530075073, 64.6550521851, 15.1193609238, 40.0860939026, 5.18349790573, -16.8581733704, -5.46157360077, -20.5914726257], [345.493469238, -104.228012085, 62.9583053589, 63.3612823486, -15.4783258438, 64.6550521851, 217.528747559, 129.186004639, 51.3729400635, 3.47285842896, -9.97904586792, -16.1134185791, -7.21285963058], [537.394348145, -248.250976562, 130.58984375, 107.742950439, 3.48021745682, 15.1193609238, 129.186004639, 286.256378174, 72.6624984741, 34.3119544983, 3.04918169975, -10.7367067337, 18.9599990845], [250.777648926, -84.8911437988, 38.1387825012, 71.4824523926, 25.8847827911, 40.0860939026, 51.3729400635, 72.6624984741, 147.677246094, 28.7964820862, -13.358590126, 3.19050741196, -9.9080247879], [97.6729049683, -4.95865297318, 8.50935935974, -7.03459978104, 8.44512462616, 5.18349790573, 3.47285842896, 34.3119544983, 28.7964820862, 104.593185425, 33.9266624451, 5.00318098068, 8.31732654572], [-79.6530838013, 23.0397014618, -5.93357610703, -11.0179138184, -10.5137453079, -16.8581733704, -9.97904586792, 3.04918169975, -13.358590126, 33.9266624451, 96.6094894409, 31.8855209351, 10.3960733414], [-112.62071228, 20.3277683258, -11.4240026474, 4.30141782761, 7.5020980835, -5.46157360077, -16.1134185791, -10.7367067337, 3.19050741196, 5.00318098068, 31.8855209351, 106.982917786, 16.0413913727], [-85.0450515747, -12.6081266403, 33.4058113098, 3.28487610817, -3.09197473526, -20.5914726257, -7.21285963058, 18.9599990845, -9.9080247879, 8.31732654572, 10.3960733414, 16.0413913727, 80.8297576904]], "icov": [[0.000261132663582, -1.10293813123e-05, -2.36624800891e-05, -9.94807414827e-05, 2.46662148129e-05, -0.00034687918378, 9.6829053291e-06, -0.000421182514401, -4.52201202279e-05, -0.000154623630806, 0.000132520537591, 0.000147850732901, 0.00026306885411], [-1.10293813123e-05, 0.00159353716299, 0.00102375051938, 0.000145222002175, 2.4497961931e-05, 0.000572149408981, -0.000387325009797, 0.00105671421625, 9.07994690351e-05, -0.000317514553899, -0.000111598121293, -5.14119201398e-05, -0.000259424123215], [-2.36624800891e-05, 0.00102375051938, 0.00262304092757, 3.19587379636e-05, 0.000104223079688, -0.000129446954816, -0.000134616755531, -0.000134247733513, -1.25216865854e-05, 4.18535410063e-06, -7.70805199863e-05, 0.000183080977877, -0.000988471205346], [-9.94807414827e-05, 0.000145222002175, 3.19587379636e-05, 0.0044694589451, -0.00157968874555, 0.000789957877714, -0.000595861929469, -0.000910967646632, -0.00148865184747, 0.00131978304125, -0.000234303239267, -0.000254194019362, -0.000213234408875], [2.46662148129e-05, 2.4497961931e-05, 0.000104223079688, -0.00157968874555, 0.00590404402465, -0.00230356189422, 0.00155439809896, -5.26045478182e-05, -2.20812180487e-05, -0.0007009030669, 0.000609633687418, -0.000340003753081, -0.000100560813735], [-0.00034687918378, 0.000572149408981, -0.000129446954816, 0.000789957877714, -0.00230356189422, 0.00774729903787, -0.00275070825592, 0.00197677779943, -0.000997160677798, -0.000243916452746, 0.00039709743578, -0.00038296499406, 0.000849837844726], [9.6829053291e-06, -0.000387325009797, -0.000134616755531, -0.000595861929469, 0.00155439809896, -0.00275070825592, 0.0077555552125, -0.0034151384607, -0.000614645890892, 0.00092387991026, -3.88696462323e-05, 0.000565486261621, 0.000603848195169], [-0.000421182514401, 0.00105671421625, -0.000134247733513, -0.000910967646632, -5.26045478182e-05, 0.00197677779943, -0.0034151384607, 0.00765255698934, -0.00118769682012, -0.00147850916255, -0.00050631101476, 0.000256207073107, -0.0017632029485], [-4.52201202279e-05, 9.07994690351e-05, -1.25216865854e-05, -0.00148865184747, -2.20812180487e-05, -0.000997160677798, -0.000614645890892, -0.00118769682012, 0.00961211789399, -0.00301396171562, 0.00222610891797, -0.00129561789799, 0.00146032136399], [-0.000154623630806, -0.000317514553899, 4.18535410063e-06, 0.00131978304125, -0.0007009030669, -0.000243916452746, 0.00092387991026, -0.00147850916255, -0.00301396171562, 0.0127982860431, -0.00500274449587, 0.0010309581412, -0.00117482512724], [0.000132520537591, -0.000111598121293, -7.70805199863e-05, -0.000234303239267, 0.000609633687418, 0.00039709743578, -3.88696462323e-05, -0.00050631101476, 0.00222610891797, -0.00500274449587, 0.0139465676621, -0.00393298501149, 0.000177603738848], [0.000147850732901, -5.14119201398e-05, 0.000183080977877, -0.000254194019362, -0.000340003753081, -0.00038296499406, 0.000565486261621, 0.000256207073107, -0.00129561789799, 0.0010309581412, -0.00393298501149, 0.0111207645386, -0.00200406368822], [0.00026306885411, -0.000259424123215, -0.000988471205346, -0.000213234408875, -0.000100560813735, 0.000849837844726, 0.000603848195169, -0.0017632029485, 0.00146032136399, -0.00117482512724, 0.000177603738848, -0.00200406368822, 0.0143800899386]]}, "spectral_contrast_coeffs": {"dmean": [0.0472649671137, 0.0465937964618, 0.0375780016184, 0.0310229528695, 0.0230601653457, 0.0175045318902], "dmean2": [0.0778296366334, 0.0763597264886, 0.0596747249365, 0.049809359014, 0.0366463884711, 0.0273773837835], "dvar": [0.00160197378136, 0.00161017139908, 0.000963456579484, 0.000650940462947, 0.000361161219189, 0.000247609015787], "dvar2": [0.00422347057611, 0.00412135757506, 0.00238562677987, 0.00162497360725, 0.000843807240017, 0.000565138412639], "max": [-0.312163591385, -0.438259780407, -0.493951231241, -0.554355323315, -0.547895252705, -0.530395627022], "mean": [-0.628687083721, -0.702839016914, -0.730736136436, -0.748718440533, -0.748705208302, -0.765092015266], "median": [-0.63061439991, -0.709862709045, -0.731133699417, -0.754012227058, -0.750594556332, -0.765273869038], "min": [-0.985311746597, -0.978697836399, -0.972635149956, -0.97267973423, -0.96854031086, -0.963570713997], "var": [0.00644300458953, 0.00659782020375, 0.00462472205982, 0.00381362671033, 0.00200596475042, 0.00167626468465]}, "spectral_contrast_valleys": {"dmean": [0.352588772774, 0.323297649622, 0.282729238272, 0.239112868905, 0.189207196236, 0.249581903219], "dmean2": [0.589167892933, 0.534028887749, 0.455363929272, 0.380687773228, 0.286518186331, 0.327854394913], "dvar": [0.11857637763, 0.111351951957, 0.0861854925752, 0.0759884491563, 0.0612368099391, 0.0989281609654], "dvar2": [0.26213285327, 0.21449907124, 0.154889643192, 0.120487160981, 0.0849501863122, 0.142325922847], "max": [-5.09897279739, -4.96513271332, -5.48802518845, -5.74184894562, -5.86667156219, -7.