{"lowlevel": {"average_loudness": 0.86038005352, "barkbands_crest": {"dmean": 1.93256163597, "dmean2": 2.87971305847, "dvar": 3.9078567028, "dvar2": 8.6857624054, "max": 25.1316776276, "mean": 11.394244194, "median": 10.7444791794, "min": 2.60248208046, "var": 18.7060489655}, "barkbands_flatness_db": {"dmean": 0.0263379197568, "dmean2": 0.0363931655884, "dvar": 0.00100098433904, "dvar2": 0.00191923975945, "max": 0.469857394695, "mean": 0.23688736558, "median": 0.236248075962, "min": 0.0354010276496, "var": 0.00602976325899}, "barkbands_kurtosis": {"dmean": 3.03860497475, "dmean2": 4.41707181931, "dvar": 31.5891876221, "dvar2": 64.950843811, "max": 164.462783813, "mean": 6.0718255043, "median": 3.30512309074, "min": -1.73141098022, "var": 91.5181350708}, "barkbands_skewness": {"dmean": 0.469748407602, "dmean2": 0.673225939274, "dvar": 0.26522988081, "dvar2": 0.556382656097, "max": 10.0155229568, "mean": 1.53953254223, "median": 1.37897324562, "min": -2.16661405563, "var": 1.55283141136}, "barkbands_spread": {"dmean": 2.46971440315, "dmean2": 3.5658197403, "dvar": 15.7556715012, "dvar2": 32.2961959839, "max": 80.6483154297, "mean": 9.73185539246, "median": 7.55965518951, "min": 0.713018357754, "var": 58.8741645813}, "dissonance": {"dmean": 0.0312616378069, "dmean2": 0.0506069399416, "dvar": 0.000850827200338, "dvar2": 0.00215499266051, "max": 0.499871373177, "mean": 0.40477257967, "median": 0.41425716877, "min": 0.180543646216, "var": 0.00363992387429}, "dynamic_complexity": 3.84588813782, "erbbands_crest": {"dmean": 2.41644287109, "dmean2": 3.68114495277, "dvar": 4.62126684189, "dvar2": 10.6857023239, "max": 27.501707077, "mean": 11.1105175018, "median": 10.4913511276, "min": 2.45550966263, "var": 17.7369632721}, "erbbands_flatness_db": {"dmean": 0.0223119035363, "dmean2": 0.0300956424326, "dvar": 0.000674909038935, "dvar2": 0.00133809412364, "max": 0.457533687353, "mean": 0.227940663695, "median": 0.22207069397, "min": 0.0624056831002, "var": 0.00398369506001}, "erbbands_kurtosis": {"dmean": 1.6463612318, "dmean2": 2.43637681007, "dvar": 4.852663517, "dvar2": 10.015868187, "max": 35.7393684387, "mean": 3.04528617859, "median": 1.27335166931, "min": -1.74812889099, "var": 21.8372497559}, "erbbands_skewness": {"dmean": 0.374590754509, "dmean2": 0.554482996464, "dvar": 0.136956423521, "dvar2": 0.311430305243, "max": 4.66991186142, "mean": 0.968796133995, "median": 0.820639610291, "min": -1.53189682961, "var": 0.805681467056}, "erbbands_spread": {"dmean": 4.95831203461, "dmean2": 7.1671257019, "dvar": 39.2505836487, "dvar2": 82.5573120117, "max": 84.5295562744, "mean": 20.5778007507, "median": 18.8962554932, "min": 1.46252369881, "var": 140.182052612}, "hfc": {"dmean": 3.42285895348, "dmean2": 5.1878900528, "dvar": 48.7148323059, "dvar2": 124.810997009, "max": 84.8115768433, "mean": 11.161564827, "median": 8.69272232056, "min": 1.20223144913e-16, "var": 95.4194030762}, "melbands_crest": {"dmean": 2.23332810402, "dmean2": 3.44089102745, "dvar": 6.28295707703, "dvar2": 15.9973506927, "max": 31.4043731689, "mean": 14.7130346298, "median": 13.5151643753, "min": 2.09418201447, "var": 32.7703018188}, "melbands_flatness_db": {"dmean": 0.0283699873835, "dmean2": 0.039306204766, "dvar": 0.00129484932404, "dvar2": 0.0024612986017, "max": 0.600141525269, "mean": 0.31284019351, "median": 0.331043362617, "min": 0.00752107147127, "var": 0.0123022431508}, "melbands_kurtosis": {"dmean": 4.39156293869, "dmean2": 6.45249652863, "dvar": 53.7849311829, "dvar2": 112.119392395, "max": 149.633743286, "mean": 9.40925693512, "median": 5.37810707092, "min": -1.49003076553, "var": 161.860778809}, "melbands_skewness": {"dmean": 0.500824689865, "dmean2": 0.72313284874, "dvar": 0.292246818542, "dvar2": 0.614859938622, "max": 9.19212055206, "mean": 1.94231927395, "median": 1.73212766647, "min": -1.083340168, "var": 1.74197041988}, "melbands_spread": {"dmean": 3.18486785889, "dmean2": 4.82725334167, "dvar": 45.1466827393, "dvar2": 109.765388489, "max": 141.3150177, "mean": 12.9380054474, "median": 8.51037216187, "min": 0.720571279526, "var": 217.766891479}, "pitch_salience": {"dmean": 0.0569291524589, "dmean2": 0.0871753692627, "dvar": 0.00435708044097, "dvar2": 0.0098263323307, "max": 0.966206669807, "mean": 0.502435445786, "median": 0.496078073978, "min": 0.119100756943, "var": 0.0147982453927}, "silence_rate_20dB": {"dmean": 0, "dmean2": 0, "dvar": 0, "dvar2": 0, "max": 1, "mean": 1, "median": 1, "min": 1, "var": 0}, "silence_rate_30dB": {"dmean": 0.034267064184, "dmean2": 0.0685527771711, "dvar": 0.0330933816731, "dvar2": 0.0779993459582, "max": 1, "mean": 0.92033714056, "median": 1, "min": 0, "var": 0.073317669332}, "silence_rate_60dB": {"dmean": 0.01903725788, "dmean2": 0.0380848757923, "dvar": 0.0186751801521, "dvar2": 0.0420742481947, "max": 1, "mean": 0.14301250875, "median": 0, "min": 0, "var": 0.122555352747}, "spectral_centroid": {"dmean": 107.247116089, "dmean2": 157.979476929, "dvar": 70923.734375, "dvar2": 119554.796875, "max": 11647.9326172, "mean": 771.140136719, "median": 507.285888672, "min": 165.702590942, "var": 570626.625}, "spectral_complexity": {"dmean": 2.05221652985, "dmean2": 3.1670293808, "dvar": 8.34479045868, "dvar2": 17.1076316833, "max": 41, "mean": 10.3586187363, "median": 10, "min": 0, "var": 28.0065860748}, "spectral_decrease": {"dmean": 2.75761413704e-09, "dmean2": 3.8252876422e-09, "dvar": 3.58730728522e-17, "dvar2": 6.83378042388e-17, "max": 9.82302452356e-29, "mean": -9.8410160021e-09, "median": -6.77842582064e-09, "min": -8.59262314634e-08, "var": 1.34991640804e-16}, "spectral_energy": {"dmean": 0.0106756621972, "dmean2": 0.0148424794897, "dvar": 0.000522900838405, "dvar2": 0.000999500742182, "max": 0.327630311251, "mean": 0.0381546095014, "median": 0.0263893082738, "min": 1.05338446017e-20, "var": 0.00197458313778}, "spectral_energyband_high": {"dmean": 8.5371932073e-05, "dmean2": 0.000127320716274, "dvar": 3.90534502515e-08, "dvar2": 8.50913153272e-08, "max": 0.00310431723483, "mean": 0.000149127838085, "median": 3.67673274013e-05, "min": 7.49859985574e-21, "var": 1.13657023348e-07}, "spectral_energyband_low": {"dmean": 0.00776270730421, "dmean2": 0.010759443976, "dvar": 0.000533515471034, "dvar2": 0.00101013004314, "max": 0.313217818737, "mean": 0.0215513929725, "median": 0.00912696216255, "min": 1.86215034298e-23, "var": 0.0014556493843}, "spectral_energyband_middle_high": {"dmean": 0.00111614074558, "dmean2": 0.00184110249393, "dvar": 1.1909190107e-05, "dvar2": 3.36809462169e-05, "max": 0.0397430174053, "mean": 0.00196344568394, "median": 0.000962249818258, "min": 1.49937663869e-21, "var": 1.07020041469e-05}, "spectral_energyband_middle_low": {"dmean": 0.00417137844488, "dmean2": 0.00643046805635, "dvar": 6.93969559507e-05, "dvar2": 0.000189531594515, "max": 0.105869263411, "mean": 0.0152340671048, "median": 0.0118445036933, "min": 4.06419548026e-22, "var": 0.000227361742873}, "spectral_entropy": {"dmean": 0.223647475243, "dmean2": 0.31348374486, "dvar": 0.0845791473985, "dvar2": 0.171704649925, "max": 9.80430793762, "mean": 6.65122890472, "median": 6.61626720428, "min": 4.7242846489, "var": 0.610443294048}, "spectral_flux": {"dmean": 0.0222963113338, "dmean2": 0.0340958125889, "dvar": 0.00126334629022, "dvar2": 0.0023861003574, "max": 0.429006516933, "mean": 0.0606435984373, "median": 0.040442045778, "min": 6.86873544153e-11, "var": 0.0035188680049}, "spectral_kurtosis": {"dmean": 7.12701845169, "dmean2": 11.6877985001, "dvar": 112.25352478, "dvar2": 289.836639404, "max": 138.897033691, "mean": 18.0934085846, "median": 9.85062885284, "min": -1.23064720631, "var": 435.021850586}, "spectral_rms": {"dmean": 0.000678651791532, "dmean2": 0.00093764293706, "dvar": 1.19773392271e-06, "dvar2": 2.22339963329e-06, "max": 0.0178784597665, "mean": 0.00528251891956, "median": 0.0050740186125, "min": 3.20576377943e-12, "var": 9.31902559387e-06}, "spectral_rolloff": {"dmean": 199.825714111, "dmean2": 326.85333252, "dvar": 276768.15625, "dvar2": 578995.0625, "max": 19315.2832031, "mean": 992.427246094, "median": 516.796875, "min": 64.599609375, "var": 2586105}, "spectral_skewness": {"dmean": 0.542135894299, "dmean2": 0.866022765636, "dvar": 0.421092540026, "dvar2": 1.06877160072, "max": 9.83351612091, "mean": 2.97910118103, "median": 2.59154558182, "min": -0.0467514283955, "var": 2.33545017242}, "spectral_spread": {"dmean": 575194.3125, "dmean2": 838869.25, "dvar": 1112402558980.0, "dvar2": 1900825018370.0, "max": 40738268, "mean": 3356363.75, "median": 3124803.75, "min": 541109.625, "var": 3689837232130.0}, "spectral_strongpeak": {"dmean": 0.307367235422, "dmean2": 0.524474561214, "dvar": 0.235768273473, "dvar2": 0.574409008026, "max": 5.20574855804, "mean": 0.789045453072, "median": 0.562382340431, "min": 0, "var": 0.509868144989}, "zerocrossingrate": {"dmean": 0.00576070928946, "dmean2": 0.00669845892116, "dvar": 8.01931819296e-05, "dvar2": 7.8667231719e-05, "max": 0.52099609375, "mean": 0.0384211502969, "median": 0.0224609375, "min": 0.00244140625, "var": 0.00231734127738}, "barkbands": {"dmean": [0.000173721375177, 0.00659545743838, 0.00219187629409, 0.000616762554273, 0.00139675184619, 0.00180838059168, 0.000575030513573, 0.00112300459296, 0.000621188315563, 0.000111738096166, 0.000262048095465, 0.000191945480765, 0.000315294309985, 0.000229522964219, 0.000135360562126, 8.12892249087e-05, 5.50382610527e-05, 2.2045805963e-05, 3.21589322994e-05, 2.32205675275e-05, 2.11164588109e-05, 2.38645297941e-05, 1.67564867297e-05, 1.07564537757e-05, 1.12439238364e-05, 2.43764020524e-06, 9.66526840784e-07], "dmean2": [0.000175487570232, 0.00936154089868, 0.00358461914584, 0.00107689446304, 0.00216309167445, 0.00271995784715, 0.000786106334999, 0.00147326290607, 0.000882762717083, 0.000185233453522, 0.000414547685068, 0.000325328466715, 0.000525648472831, 0.000406465958804, 0.000242710710154, 0.000138217641506, 9.01799576241e-05, 3.61514430551e-05, 5.23692906427e-05, 3.85364401154e-05, 3.37021447194e-05, 3.76517928089e-05, 2.68343519565e-05, 1.63694767252e-05, 1.81667255674e-05, 3.72665590476e-06, 1.39380449582e-06], "dvar": [2.30795066614e-07, 0.000403520360123, 8.79853323568e-05, 5.78323033551e-06, 1.05039935079e-05, 1.96950022655e-05, 1.59449882631e-06, 2.88103183266e-06, 1.36265350648e-06, 6.87409311695e-08, 2.86312598519e-07, 3.38110652365e-07, 8.79211199845e-07, 1.16114733828e-06, 2.75463776234e-07, 1.03694304698e-07, 4.41985648081e-08, 7.222691778e-09, 1.0222676039e-08, 4.47933823366e-09, 4.41948566632e-09, 4.34141655958e-09, 2.16421036647e-09, 5.80178238785e-10, 8.21406997975e-10, 3.07408612454e-11, 9.20282079708e-12], "dvar2": [2.41415762048e-07, 0.000758942740504, 0.000232150196098, 1.67027556017e-05, 2.92961758532e-05, 5.86278110859e-05, 3.96231371269e-06, 6.16837269263e-06, 2.89022386823e-06, 1.81307242997e-07, 7.27845758774e-07, 9.43090071814e-07, 2.46660397352e-06, 3.24445704791e-06, 7.82009067279e-07, 2.79019559457e-07, 1.23537347463e-07, 2.00119742999e-08, 2.68108681922e-08, 1.1563199287e-08, 1.07683453265e-08, 1.0249393334e-08, 4.76382311376e-09, 1.26973942471e-09, 2.08153450032e-09, 6.52956716474e-11, 1.90567492342e-11], "max": [0.00917699094862, 0.21451061964, 0.120454750955, 0.0293443650007, 0.0618966519833, 0.0916018038988, 0.0275170020759, 0.0296124275774, 0.0188829153776, 0.00325341010466, 0.00772612029687, 0.00783087965101, 0.0108542367816, 0.0212078019977, 0.00540203182027, 0.0071014626883, 0.00334406550974, 0.00165440293495, 0.00267477682792, 0.0012198650511, 0.00119825825095, 0.00102745345794, 0.00116078369319, 0.000628236681223, 0.00038993844646, 6.81207893649e-05, 3.88091575587e-05], "mean": [0.000472378626, 0.0152272386476, 0.00512989517301, 0.00103735900484, 0.00456932233647, 0.00458110962063, 0.00148706883192, 0.00240721250884, 0.00110647582915, 0.000141015887493, 0.000440999661805, 0.000265092414338, 0.000469455961138, 0.000245582050411, 0.000140809657751, 9.83934442047e-05, 8.51437871461e-05, 3.46875822288e-05, 5.13443374075e-05, 3.31390219799e-05, 3.23887616105e-05, 3.31878545694e-05, 2.68648564088e-05, 1.86130764632e-05, 1.48503831952e-05, 3.53312498191e-06, 1.50297978507e-06], "median": [2.09005411307e-05, 0.00622311793268, 0.000973897229414, 0.000206670898478, 0.00219504581764, 0.00262023834512, 0.000650446861982, 0.00140108517371, 0.000436592381448, 4.48077553301e-05, 0.000123887875816, 6.69397923048e-05, 8.38508130983e-05, 3.14303142659e-05, 2.41157868004e-05, 1.78330774361e-05, 1.47064929479e-05, 5.54331791136e-06, 1.19472751976e-05, 8.99703354662e-06, 7.15094574844e-06, 5.95723940933e-06, 2.82541168417e-06, 3.25646601596e-06, 1.83950464816e-06, 4.2682532353e-07, 3.72303787799e-08], "min": [5.95179381341e-24, 1.19576845523e-23, 1.33677420631e-24, 1.50116948602e-23, 6.7468281863e-23, 6.69176569512e-23, 5.62850993698e-23, 7.46277057597e-23, 5.38416121822e-23, 3.08911304053e-23, 4.0456188788e-23, 8.49573849297e-23, 9.12773977145e-23, 5.195453699e-23, 5.49462067761e-23, 6.03293872825e-23, 1.46766082047e-22, 2.32010328356e-22, 3.35134492047e-22, 3.16393479345e-22, 4.30564724934e-22, 3.33020395308e-22, 4.46990399325e-22, 6.94357287285e-22, 1.0644912784e-21, 1.63177662964e-21, 2.64574203601e-21], "var": [1.23735321722e-06, 0.000996190006845, 0.000111760273285, 5.12422730026e-06, 6.7552755354e-05, 6.30936556263e-05, 6.65924926579e-06, 9.17880697671e-06, 3.26492045133e-06, 7.78675968149e-08, 5.7406060705e-07, 3.60005515176e-07, 1.10144583232e-06, 1.27611872358e-06, 1.94701286205e-07, 9.00590606534e-08, 5.03119679252e-08, 8.68473115645e-09, 1.70759637541e-08, 5.47767742276e-09, 6.556472254e-09, 7.78690179004e-09, 8.45332159827e-09, 2.45703923873e-09, 1.12719467094e-09, 5.74492398098e-11, 1.94391169828e-11]}, "erbbands": {"dmean": [0.1796400249, 1.64472830296, 2.90635037422, 1.74861884117, 1.6105672121, 6.20827293396, 9.65932846069, 17.5072784424, 9.38185596466, 20.3058414459, 18.4346046448, 16.7602138519, 5.1700835228, 4.34680175781, 12.2335720062, 8.76501846313, 14.0900707245, 13.1417245865, 8.28923416138, 6.46796178818, 3.43282532692, 2.32781362534, 1.5059620142, 1.6617565155, 1.34088337421, 1.13410878181, 1.02483916283, 0.713603198528, 0.741070389748, 0.63758701086, 0.511802256107, 0.27251303196, 0.175811961293, 0.145194679499, 0.0697967335582, 0.0159278437495, 0.00387079850771, 0.000906616391148, 0.00016483401123, 2.0375893655e-05], "dmean2": [0.236325979233, 2.33060145378, 4.69047546387, 2.86110544205, 2.70771193504, 9.76099300385, 14.7983932495, 26.9664020538, 12.1622676849, 27.5716514587, 24.820941925, 23.1526527405, 7.76489639282, 7.26238632202, 19.2969303131, 14.6338148117, 23.4105014801, 22.8766918182, 14.9148511887, 11.3161649704, 5.7336769104, 3.77879309654, 2.46244287491, 2.67858147621, 2.19333529472, 1.87257909775, 1.66978788376, 1.10770249367, 1.16994833946, 1.00380659103, 0.810988068581, 0.418231248856, 0.27517157793, 0.235781505704, 0.112804807723, 0.0249635353684, 0.00591582246125, 0.0013838452287, 0.000238592736423, 2.94936435239e-05], "dvar": [0.260811775923, 29.6207561493, 159.914642334, 36.3771629333, 34.935295105, 228.382995605, 396.898101807, 2004.37634277, 492.93057251, 1245.17907715, 936.109863281, 907.135620117, 126.166419983, 132.00239563, 618.53692627, 634.03692627, 1728.2434082, 3127.22045898, 1361.86303711, 668.705993652, 122.261825562, 73.8212585449, 37.9259986877, 47.3384857178, 12.8862686157, 11.6769666672, 11.1024284363, 4.04697561264, 3.83659148216, 3.46476721764, 2.00558066368, 0.380540132523, 0.177768275142, 0.127933993936, 0.0382186360657, 0.00126716960222, 8.27115582069e-05, 6.40238067717e-06, 2.65875939931e-07, 1.87412374508e-09], "dvar2": [0.461282163858, 57.6037330627, 400.300506592, 90.6086883545, 95.1767654419, 682.31427002, 1076.12670898, 6164.41845703, 1101.04504395, 2800.48583984, 2193.39990234, 1779.0098877, 308.97088623, 362.877410889, 1573.0826416, 1743.16308594, 4855.14306641, 8703.86132812, 3927.2644043, 1865.24145508, 322.22052002, 203.100387573, 106.075363159, 127.172027588, 33.4416732788, 29.6456050873, 28.5165538788, 9.06114864349, 8.8612651825, 7.75060606003, 4.60073280334, 0.842186748981, 0.416905224323, 0.326646000147, 0.0981071516871, 0.00293570500799, 0.000175334105734, 1.34670281113e-05, 5.49124024474e-07, 4.04835764911e-09], "max": [6.44240856171, 57.027721405, 160.451324463, 91.9896392822, 74.780921936, 276.240966797, 346.033447266, 1023.33581543, 827.560119629, 545.250183105, 470.867095947, 571.425415039, 158.864822388, 162.776916504, 343.497589111, 358.151794434, 539.371398926, 1134.82336426, 553.44909668, 435.549194336, 187.506866455, 215.00579834, 110.092506409, 224.986114502, 63.0371704102, 61.3107032776, 58.6301803589, 33.2377853394, 32.3260574341, 46.0773582458, 32.7228469849, 13.8921775818, 10.3126726151, 5.2889547348, 2.69831156731, 0.401362270117, 0.118639059365, 0.0318886376917, 0.00738547788933, 0.000519087188877], "mean": [0.482087850571, 3.21441102028, 6.39370346069, 4.64197444916, 3.31956982613, 19.0701942444, 31.1210384369, 39.6372489929, 24.6589450836, 45.0951538086, 37.6802177429, 32.1110343933, 8.13257980347, 6.1921248436, 20.5090198517, 14.033405304, 21.8247585297, 15.9408712387, 8.33584308624, 7.56041955948, 4.82027435303, 3.51133775711, 2.47392082214, 2.7986395359, 1.97119891644, 1.70531380177, 1.54104816914, 1.08695042133, 1.08295738697, 0.969525814056, 0.774580717087, 0.459620475769, 0.281191408634, 0.2007047683, 0.0848616957664, 0.0217249765992, 0.005808965303, 0.00140791223384, 0.000265721260803, 5.8505920606e-05], "median": [0.119127780199, 1.3949804306, 1.6217032671, 1.52636861801, 2.00356936455, 7.61977005005, 16.3844184875, 19.6997528076, 11.11814785, 18.6965637207, 23.4821414948, 13.9975004196, 2.97038936615, 2.57952022552, 6.30233478546, 4.52599239349, 4.68577718735, 3.03176879883, 1.66474664211, 1.55763888359, 1.08418726921, 0.756025791168, 0.442873924971, 0.545349240303, 0.540459513664, 0.468508660793, 0.352118074894, 0.224063456059, 0.190482392907, 0.13841432333, 0.0930828377604, 0.0810818895698, 0.0439396575093, 0.0240491200238, 0.0109410462901, 0.00287959771231, 0.00064917257987, 8.78765786183e-05, 3.276066127e-05, 3.53210889443e-05], "min": [2.66746108067e-22, 3.01518642386e-21, 3.12724799033e-21, 2.64776313552e-20, 1.48950852342e-19, 1.59066999815e-19, 1.21124858427e-19, 5.95096842029e-19, 8.80764442056e-19, 1.41089849958e-18, 1.39465236216e-18, 8.82583515621e-19, 7.68299104817e-19, 1.61551465219e-18, 2.07585544893e-18, 3.50937041063e-18, 4.65493821763e-18, 2.49873685464e-18, 3.73288784703e-18, 2.56435750623e-18, 3.99423018489e-18, 9.07753132735e-18, 1.44012707128e-17, 1.18914012479e-17, 1.62068719868e-17, 1.46523911663e-17, 1.76812585629e-17, 1.79154532467e-17, 1.24400072825e-17, 1.11023486985e-17, 1.44772637957e-17, 1.23732380906e-17, 1.10754181793e-17, 9.40799990824e-18, 9.19219923977e-18, 5.18211820639e-18, 3.2805974822e-18, 1.36322890806e-18, 3.22743980581e-19, 3.98402397813e-20], "var": [1.07161211967, 51.7107925415, 187.313201904, 54.7275466919, 31.1198177338, 1305.26428223, 1739.07666016, 6455.54394531, 2406.06665039, 4609.75390625, 1994.52563477, 2577.28540039, 182.303237915, 133.319137573, 1206.44812012, 792.940551758, 2227.47119141, 3575.50341797, 885.50012207, 516.987243652, 125.109443665, 75.4888000488, 42.7641601562, 73.4729537964, 16.9043483734, 15.6408777237, 15.0366306305, 6.74585962296, 8.26949977875, 10.8400087357, 5.55173635483, 1.5525021553, 0.549844861031, 0.225652903318, 0.0393140427768, 0.00190495327115, 0.000163346267072, 1.3443482203e-05, 5.50227468921e-07, 4.86848295012e-09]}, "gfcc": {"mean": [-78.9998550415, 135.482727051, -103.69241333, 6.03082561493, -65.2666549683, 0.729454576969, -35.9088287354, -3.19783329964, -14.3325986862, 6.43830347061, -0.705585598946, -4.03673696518, -4.95101642609], "cov": [[12165.7363281, -55.4674530029, 672.704589844, 1335.94287109, 561.175354004, 1133.96972656, 386.21685791, 563.514953613, 141.835617065, 342.818603516, -77.806137085, 196.282333374, 81.1833724976], [-55.4674530029, 5264.59570312, 1892.84887695, 215.199905396, 1235.37475586, -10.6694536209, 1027.73852539, 18.5201778412, 611.26776123, -48.2342796326, 389.365570068, -198.659179688, 284.512878418], [672.704589844, 1892.84887695, 2063.74560547, 390.908996582, 643.396179199, 346.525421143, 450.440673828, 231.898239136, 303.447540283, 197.236877441, 181.437332153, 12.3549146652, 111.64944458], [1335.94287109, 215.199905396, 390.908996582, 515.067077637, 277.700500488, 245.869750977, 213.327987671, 131.888397217, 68.9502029419, 40.7533226013, 3.67456126213, 22.9152889252, 34.7747535706], [561.175354004, 1235.37475586, 643.396179199, 277.700500488, 666.783630371, 173.68762207, 405.845977783, 68.5296401978, 203.733428955, 18.2558441162, 72.2777023315, -23.8458938599, 63.4797286987], [1133.96972656, -10.6694536209, 346.525421143, 245.869750977, 173.68762207, 371.036865234, 131.705123901, 125.604606628, 56.407207489, 72.5303421021, 10.8223237991, 14.5891132355, 26.3138904572], [386.21685791, 1027.73852539, 450.440673828, 213.327987671, 405.845977783, 131.705123901, 406.573760986, 92.0584945679, 167.521789551, 2.34365439415, 75.0929260254, -29.681268692, 64.0818328857], [563.514953613, 18.5201778412, 231.898239136, 131.888397217, 68.5296401978, 125.604606628, 92.0584945679, 161.257141113, 53.052116394, 57.0650482178, 9.34983921051, 18.9759292603, 5.56254577637], [141.835617065, 611.26776123, 303.447540283, 68.9502029419, 203.733428955, 56.407207489, 167.521789551, 53.052116394, 190.217468262, 36.9087600708, 62.9451179504, -1.37979698181, 40.7782363892], [342.818603516, -48.2342796326, 197.236877441, 40.7533226013, 18.2558441162, 72.5303421021, 2.34365439415, 57.0650482178, 36.9087600708, 127.642837524, 22.236000061, 25.0109424591, 19.365606308], [-77.806137085, 389.365570068, 181.437332153, 3.67456126213, 72.2777023315, 10.8223237991, 75.0929260254, 9.34983921051, 62.9451179504, 22.236000061, 118.726699829, 4.32857513428, 25.4487018585], [196.282333374, -198.659179688, 12.3549146652, 22.9152889252, -23.8458938599, 14.5891132355, -29.681268692, 18.9759292603, -1.37979698181, 25.0109424591, 4.32857513428, 110.099372864, 1.83796823025], [81.1833724976, 284.512878418, 111.64944458, 34.7747535706, 63.4797286987, 26.3138904572, 64.0818328857, 5.56254577637, 40.7782363892, 19.365606308, 25.4487018585, 1.83796823025, 131.17616272]], "icov": [[0.000164596363902, -0.00015784605057, 0.000184856922715, -0.000333494506776, 1.51287731569e-05, -0.000417318224208, 0.00026592850918, -0.000283469446003, 0.000136616319651, -0.00036324330722, 0.000220040805289, -0.00027659162879, 0.000102406949736], [-0.00015784605057, 0.00120115850586, -0.000817752501462, 0.00062522245571, -0.000487008743221, 0.00126011564862, -0.00157617346849, 0.00105515145697, -0.00104987621307, 0.00125695811585, -0.001249168301, 0.00129664503038, -0.000904147978872], [0.000184856922715, -0.000817752501462, 0.00156002945732, -0.000655900745187, -0.000335312652169, -0.00114023487549, 0.00116850202903, -0.00134245480876, 0.000481430819491, -0.0018068003701, 0.000122422206914, -0.000815237872303, 0.000487163488287], [-0.000333494506776, 0.00062522245571, -0.000655900745187, 0.0044855363667, -0.00103127001785, -0.000316739402479, -0.00170427444391, -0.000540324545, 0.000383471604437, 0.00128712761216, 7.31450272724e-05, 3.59744517482e-05, -0.000686366809532], [1.51287731569e-05, -0.000487008743221, -0.000335312652169, -0.00103127001785, 0.00528345117345, -0.000919342041016, -0.00330333295278, 0.00221245596185, -0.00124389014672, -0.000454985856777, 0.00150395440869, -0.000645951193292, 0.000924376246985], [-0.000417318224208, 0.00126011564862, -0.00114023487549, -0.000316739402479, -0.000919342041016, 0.0065751131624, -0.00169655459467, -0.000594577461015, -0.000531410390977, 0.000334820419084, -0.00117876881268, 0.00176863383967, -0.00112075870857], [0.00026592850918, -0.00157617346849, 0.00116850202903, -0.00170427444391, -0.00330333295278, -0.00169655459467, 0.0112712103873, -0.00486148381606, -0.0008350663702, 0.00125104095787, -0.000667097279802, 3.03305969283e-05, -0.000445948302513], [-0.000283469446003, 0.00105515145697, -0.00134245480876, -0.000540324545, 0.00221245596185, -0.000594577461015, -0.00486148381606, 0.0131574878469, -0.00246708095074, -0.00190961104818, 0.000626221182756, 1.41407945193e-05, 0.000965476501733], [0.000136616319651, -0.00104987621307, 0.000481430819491, 0.000383471604437, -0.00124389014672, -0.000531410390977, -0.0008350663702, -0.00246708095074, 0.0114696910605, -0.00286373426206, -0.00118107977323, -0.00143007945735, 8.66309983394e-06], [-0.00036324330722, 0.00125695811585, -0.0018068003701, 0.00128712761216, -0.000454985856777, 0.000334820419084, 0.00125104095787, -0.00190961104818, -0.00286373426206, 0.0139537127689, -0.00263727316633, 0.000311038515065, -0.00234446604736], [0.000220040805289, -0.001249168301, 0.000122422206914, 7.31450272724e-05, 0.00150395440869, -0.00117876881268, -0.000667097279802, 0.000626221182756, -0.00118107977323, -0.00263727316633, 0.0131401931867, -0.00242167245597, 0.000498768058605], [-0.00027659162879, 0.00129664503038, -0.000815237872303, 3.59744517482e-05, -0.000645951193292, 0.00176863383967, 3.03305969283e-05, 1.41407945193e-05, -0.00143007945735, 0.000311038515065, -0.00242167245597, 0.0116593800485, -0.00130933348555], [0.000102406949736, -0.000904147978872, 0.000487163488287, -0.000686366809532, 0.000924376246985, -0.00112075870857, -0.000445948302513, 0.000965476501733, 8.66309983394e-06, -0.00234446604736, 0.000498768058605, -0.00130933348555, 0.00950771849602]]}, "melbands": {"dmean": [0.00169988756534, 0.00169788580388, 0.00028601262602, 0.000243554110057, 0.000344761880115, 0.000380271434551, 0.000132410685183, 0.000232678168686, 0.000139386800583, 0.000104546445073, 2.34700037254e-05, 1.69696722878e-05, 3.72591057385e-05, 2.73886344075e-05, 2.19461435336e-05, 3.52286078851e-05, 2.39007731579e-05, 1.38821014843e-05, 9.30110854824e-06, 7.98359997134e-06, 3.69261783817e-06, 2.66979509433e-06, 2.11378915083e-06, 1.08327901671e-06, 1.47443586229e-06, 1.06000618416e-06, 8.66762320584e-07, 7.63051275499e-07, 6.57923294511e-07, 5.82789596137e-07, 4.15965160983e-07, 4.19091236381e-07, 5.3887725926e-07, 3.0276612506e-07, 2.98682238054e-07, 2.62512912741e-07, 1.54133644514e-07, 1.23424754861e-07, 1.40288946682e-07, 1.2117502024e-07], "dmean2": [0.00237683788873, 0.00250766589306, 0.000469502265332, 0.000392109679524, 0.00052653887542, 0.000572047138121, 0.000174986766069, 0.000312567950459, 0.000190725724678, 0.000144483550685, 3.59069053957e-05, 2.87050297629e-05, 5.92903597862e-05, 4.47504025942e-05, 3.73493348889e-05, 5.87498107052e-05, 4.17191258748e-05, 2.51821875281e-05, 1.67218749993e-05, 1.36283188112e-05, 6.22100469627e-06, 4.40402300228e-06, 3.48706248587e-06, 1.73727073616e-06, 2.40137319452e-06, 1.74410990894e-06, 1.45088552017e-06, 1.26683937651e-06, 1.09740085463e-06, 9.4041962484e-07, 6.54157986446e-07, 6.74014302149e-07, 8.58576981955e-07, 4.93215566166e-07, 4.79911136608e-07, 4.27777195e-07, 2.35846044916e-07, 1.96562055521e-07, 2.25507875484e-07, 1.99486976271e-07], "dvar": [2.37849217228e-05, 4.09864696849e-05, 1.01489001736e-06, 3.72826349349e-07, 4.98699932905e-07, 8.86712314241e-07, 9.73922595904e-08, 1.58655993232e-07, 5.70134304212e-08, 3.93184187431e-08, 2.8744542302e-09, 2.07480344017e-09, 6.07102368377e-09, 4.40802283563e-09, 4.68882355165e-09, 1.10001288078e-08, 1.19967502599e-08, 4.21748547197e-09, 1.35751720975e-09, 1.0456787658e-09, 1.5757743721e-10, 1.08112914454e-10, 1.01968801458e-10, 1.44166519001e-11, 4.32608913969e-11, 9.62572035967e-12, 6.49668817007e-12, 5.3455373808e-12, 4.58950846077e-12, 4.30896811288e-12, 1.53347408556e-12, 1.48106537885e-12, 2.7848509089e-12, 1.0487458341e-12, 6.94820882687e-13, 5.08522098128e-13, 1.15216335279e-13, 1.0897937419e-13, 1.17039461889e-13, 9.2250141445e-14], "dvar2": [4.31656408182e-05, 8.90602168511e-05, 2.4606893021e-06, 1.0776009276e-06, 1.36426365316e-06, 2.68011581284e-06, 2.21487823637e-07, 3.47841165649e-07, 1.36419672003e-07, 7.55932347829e-08, 7.21955784044e-09, 5.6818221239e-09, 1.57283555069e-08, 1.20900862655e-08, 1.33197604058e-08, 3.05108294185e-08, 3.26990168276e-08, 1.22346248688e-08, 3.87816578851e-09, 2.82568168863e-09, 4.2792211441e-10, 2.99582525454e-10, 2.90015372828e-10, 3.93681996724e-11, 1.16470638689e-10, 2.51757295566e-11, 1.76665071461e-11, 1.34050522418e-11, 1.21954833385e-11, 1.06014077725e-11, 3.51933521388e-12, 3.51332981804e-12, 6.85698980235e-12, 2.38995325266e-12, 1.65109278246e-12, 1.21167431557e-12, 2.6095648537e-13, 2.60166752508e-13, 2.96255641546e-13, 2.37637952935e-13], "max": [0.0549918487668, 0.0861221030354, 0.0143904406577, 0.00839444994926, 0.0130965067074, 0.0205762460828, 0.0111940857023, 0.00681251566857, 0.0038208309561, 0.00363883469254, 0.000819144712295, 0.000639597361442, 0.00112560030539, 0.000831490207929, 0.00085250887787, 0.0011113313958, 0.00260320585221, 0.00108569941949, 0.000503062736243, 0.000713843444828, 0.000185563010746, 0.00026579387486, 0.0002264122013, 6.2079190684e-05, 0.000213630541111, 6.66003688821e-05, 4.835737127e-05, 5.01868635183e-05, 3.41317536368e-05, 4.29547289968e-05, 2.27724049182e-05, 2.40172594204e-05, 3.2020630897e-05, 2.77792260022e-05, 1.76627509063e-05, 1.24705511553e-05, 8.5279407358e-06, 9.46014370129e-06, 6.64680919726e-06, 4.1130306272e-06], "mean": [0.00424629449844, 0.00372233218513, 0.000762699812185, 0.000682719692122, 0.00117529684212, 0.000892636366189, 0.000350458722096, 0.000514679995831, 0.000275506958133, 0.000189885278814, 3.3531752706e-05, 2.13120438275e-05, 6.20882201474e-05, 4.20299438701e-05, 3.37579149345e-05, 5.06951910211e-05, 2.74073845503e-05, 1.33976973302e-05, 9.17293164093e-06, 1.02201020127e-05, 5.0483367886e-06, 3.92253423342e-06, 3.07401205646e-06, 1.74749936832e-06, 2.38812776843e-06, 1.4899717371e-06, 1.11894291877e-06, 1.13817577585e-06, 9.44681517012e-07, 8.32230114156e-07, 5.88947330016e-07, 5.89213470903e-07, 7.18498426977e-07, 4.50961806564e-07, 4.49731913932e-07, 3.69434644654e-07, 2.55163485008e-07, 1.92137790123e-07, 1.97608073904e-07, 1.58832520469e-07], "median": [0.00150874583051, 0.00140472897328, 0.000270575372269, 0.0002899786341, 0.000614761956967, 0.000460028881207, 0.000153477449203, 0.000214487532503, 0.000172772226506, 6.9949805038e-05, 1.07577006929e-05, 6.6172779043e-06, 1.81211798918e-05, 1.38890118251e-05, 9.29666111915e-06, 7.77345303504e-06, 4.14524856751e-06, 2.2822136998e-06, 1.60984291142e-06, 1.82986127584e-06, 9.45977092215e-07, 6.99407337379e-07, 4.43578244358e-07, 2.74217143215e-07, 3.98671886614e-07, 3.81752840894e-07, 2.9850161809e-07, 2.80033248146e-07, 2.04028225426e-07, 1.5853191826e-07, 1.11403771541e-07, 9.08334243377e-08, 1.10861506641e-07, 5.36695807796e-08, 5.05858679389e-08, 4.22899759656e-08, 5.00821037974e-08, 3.11860262059e-08, 2.34319514902e-08, 1.67624687464e-08], "min": [3.32877292784e-24, 2.374770303e-24, 7.67423373463e-24, 1.60628046848e-23, 3.8270009095e-24, 1.5318807877e-23, 1.33751492698e-23, 1.68473804976e-23, 1.07408453067e-23, 5.91238626689e-24, 3.58554044717e-24, 6.79347921142e-24, 6.8904862258e-24, 5.89854018028e-24, 1.31106828625e-23, 1.08316873731e-23, 3.34992702187e-24, 6.34626607565e-24, 4.09719089713e-24, 3.49007131713e-24, 4.76597494524e-24, 6.43773686419e-24, 1.7946039702e-23, 8.09194899458e-24, 9.3634736558e-24, 1.40153240939e-23, 1.09994268117e-23, 9.70134672581e-24, 1.09675655086e-23, 1.02201489887e-23, 9.6438916195e-24, 6.78584698217e-24, 6.0028153646e-24, 6.35701430548e-24, 8.89427023343e-24, 8.22916503816e-24, 6.25771446688e-24, 7.27961158882e-24, 7.19058232478e-24, 8.25939497691e-24], "var": [7.63154312153e-05, 5.84977460676e-05, 1.47805360484e-06, 1.32049081003e-06, 3.01749719256e-06, 2.89825561595e-06, 4.63086507807e-07, 5.65664947771e-07, 1.10551162891e-07, 1.06960811763e-07, 3.664884618e-09, 2.05044403678e-09, 1.13890097353e-08, 5.26262899925e-09, 4.81244377681e-09, 1.41944189735e-08, 1.61804170062e-08, 2.63478638907e-09, 9.21736020842e-10, 9.12281916676e-10, 1.64840668893e-10, 1.11212206111e-10, 9.84812092986e-11, 1.92642603258e-11, 6.64938382133e-11, 1.12130669333e-11, 6.4286327997e-12, 8.02072297468e-12, 5.90971976216e-12, 5.62122353873e-12, 2.22212070793e-12, 2.46219082449e-12, 5.34388115356e-12, 3.08451528208e-12, 1.95550520221e-12, 1.20739431907e-12, 4.57744790423e-13, 3.2248056764e-13, 2.41389319557e-13, 1.40387620149e-13]}, "mfcc": {"mean": [-725.424743652, 167.26739502, 13.8091478348, 9.68927383423, -5.77253913879, -0.525091648102, -7.7135219574, -11.6376409531, -8.86522769928, -0.281555354595, 1.25860643387, 6.98739480972, 5.4648308754], "cov": [[6896.72021484, 2.31440377235, -102.935165405, 417.086120605, 369.352539062, 577.434753418, 387.135620117, 367.671722412, 358.801513672, 242.243118286, 203.019943237, -17.515504837, 44.1704444885], [2.31440377235, 4864.48291016, 1289.5213623, 869.447143555, 600.304992676, 514.305664062, 578.400878906, 368.55291748, 476.650939941, 329.980224609, 279.667633057, 374.055541992, 160.723587036], [-102.935165405, 1289.5213623, 1337.87438965, 365.067504883, 401.454772949, 245.014572144, 268.697509766, 130.658737183, 184.839813232, 247.776290894, 128.150283813, 130.448135376, 151.306686401], [417.086120605, 869.447143555, 365.067504883, 520.05670166, 245.013900757, 232.950042725, 226.435592651, 188.025650024, 198.71031189, 86.6287155151, 112.75617218, 77.2639923096, 75.8331832886], [369.352539062, 600.304992676, 401.454772949, 245.013900757, 321.942810059, 228.036407471, 186.462615967, 124.077835083, 150.337127686, 126.303695679, 80.0261459351, 63.2109184265, 52.6471214294], [577.434753418, 514.305664062, 245.014572144, 232.950042725, 228.036407471, 308.05178833, 204.175567627, 157.763870239, 167.565170288, 101.966148376, 85.7221755981, 46.5082626343, 48.137134552], [387.135620117, 578.400878906, 268.697509766, 226.435592651, 186.462615967, 204.175567627, 290.035247803, 157.391220093, 158.546432495, 124.067947388, 62.0048370361, 65.5625457764, 24.6330070496], [367.671722412, 368.55291748, 130.658737183, 188.025650024, 124.077835083, 157.763870239, 157.391220093, 226.720306396, 125.944389343, 66.4906463623, 105.651481628, 46.2837028503, 17.4489955902], [358.801513672, 476.650939941, 184.839813232, 198.71031189, 150.337127686, 167.565170288, 158.546432495, 125.944389343, 250.977890015, 96.1407623291, 38.8039131165, 68.9424743652, 48.3028755188], [242.243118286, 329.980224609, 247.776290894, 86.6287155151, 126.303695679, 101.966148376, 124.067947388, 66.4906463623, 96.1407623291, 189.138900757, 61.8018379211, 29.8990898132, 5.9694685936], [203.019943237, 279.667633057, 128.150283813, 112.75617218, 80.0261459351, 85.7221755981, 62.0048370361, 105.651481628, 38.8039131165, 61.8018379211, 193.568405151, 35.2120094299, 12.4752254486], [-17.515504837, 374.055541992, 130.448135376, 77.2639923096, 63.2109184265, 46.5082626343, 65.5625457764, 46.2837028503, 68.9424743652, 29.8990898132, 35.2120094299, 131.811843872, 42.4174957275], [44.1704444885, 160.723587036, 151.306686401, 75.8331832886, 52.6471214294, 48.137134552, 24.6330070496, 17.4489955902, 48.3028755188, 5.9694685936, 12.4752254486, 42.4174957275, 130.357788086]], "icov": [[0.000193596206373, 3.95046990889e-05, 0.000117929252156, -5.62412642466e-05, -5.01029862789e-05, -0.000290392024908, -3.51421294909e-05, -4.38951319666e-05, -6.15433018538e-05, -0.000178390153451, -6.56238698866e-05, 0.000103554411908, -7.4927098467e-05], [3.95046990889e-05, 0.000401470257202, -0.000176531873876, -0.000370969239157, 4.67116333311e-05, -0.000137476890814, -0.000163727017934, 0.000129947220557, -0.000122167402878, -4.81284332636e-05, -0.000122790108435, -0.0006454072427, 0.000227009339142], [0.000117929252156, -0.000176531873876, 0.00172869302332, -0.000221782756853, -0.00152221100871, 0.000460172450403, -0.000307783979224, 0.000255393359112, 0.000504607800394, -0.00131571060047, -0.000104738755908, 7.04105113982e-05, -0.00137058505788], [-5.62412642466e-05, -0.000370969239157, -0.000221782756853, 0.00462374510244, -0.00135707156733, 0.000127765611978, -0.00124508386943, -0.000958731165156, -0.00132908090018, 0.00174003501888, -0.000929773726966, 0.000954659131821, -0.000900271814317], [-5.01029862789e-05, 4.67116333311e-05, -0.00152221100871, -0.00135707156733, 0.00984102021903, -0.00472137937322, -3.17806575367e-06, 0.000473557389341, -0.000142033415614, -0.00145160290413, 0.000163020711625, -0.000893682648893, 0.000616186007392], [-0.000290392024908, -0.000137476890814, 0.000460172450403, 0.000127765611978, -0.00472137937322, 0.0108182877302, -0.00304020009935, -0.00148448173422, -0.00187130353879, 0.000840055872686, -0.00106496154331, 0.00185816176236, -0.00150320259854], [-3.51421294909e-05, -0.000163727017934, -0.000307783979224, -0.00124508386943, -3.17806575367e-06, -0.00304020009935, 0.0101162213832, -0.00321136368439, -0.000219027337153, -0.00297810742632, 0.00225744419731, -0.00162033631932, 0.00146625144407], [-4.38951319666e-05, 0.000129947220557, 0.000255393359112, -0.000958731165156, 0.000473557389341, -0.00148448173422, -0.00321136368439, 0.0106176733971, -0.00214197300375, 0.00120864447672, -0.00402270630002, -0.000257336825598, 0.000865521840751], [-6.15433018538e-05, -0.000122167402878, 0.000504607800394, -0.00132908090018, -0.000142033415614, -0.00187130353879, -0.000219027337153, -0.00214197300375, 0.00906116701663, -0.00275598559529, 0.00233977288008, -0.0021016811952, -0.00133594532963], [-0.000178390153451, -4.81284332636e-05, -0.00131571060047, 0.00174003501888, -0.00145160290413, 0.000840055872686, -0.00297810742632, 0.00120864447672, -0.00275598559529, 0.0105702467263, -0.00247968547046, 0.000990215688944, 0.00176398153417], [-6.56238698866e-05, -0.000122790108435, -0.000104738755908, -0.000929773726966, 0.000163020711625, -0.00106496154331, 0.00225744419731, -0.00402270630002, 0.00233977288008, -0.00247968547046, 0.00846684444696, -0.00140145688783, 0.000167696853168], [0.000103554411908, -0.0006454072427, 7.04105113982e-05, 0.000954659131821, -0.000893682648893, 0.00185816176236, -0.00162033631932, -0.000257336825598, -0.0021016811952, 0.000990215688944, -0.00140145688783, 0.0116129955277, -0.00277227442712], [-7.4927098467e-05, 0.000227009339142, -0.00137058505788, -0.000900271814317, 0.000616186007392, -0.00150320259854, 0.00146625144407, 0.000865521840751, -0.00133594532963, 0.00176398153417, 0.000167696853168, -0.00277227442712, 0.0107448324561]]}, "spectral_contrast_coeffs": {"dmean": [0.0375503748655, 0.0384080968797, 0.0407647415996, 0.030944628641, 0.0206489115953, 0.0168657582253], "dmean2": [0.0592296943069, 0.0601962991059, 0.0638371929526, 0.0506019592285, 0.0343728996813, 0.0269088428468], "dvar": [0.00115607504267, 0.00111970026046, 0.00134142464958, 0.00080866063945, 0.000390517525375, 0.000275858095847], "dvar2": [0.00275880866684, 0.00273060961626, 0.00327633460984, 0.0019788867794, 0.00099602737464, 0.000611588126048], "max": [-0.28609418869, -0.372134357691, -0.430270642042, -0.513318121433, -0.644239783287, -0.610587716103], "mean": [-0.618401229382, -0.658660471439, -0.708192527294, -0.773421168327, -0.804932415485, -0.785956382751], "median": [-0.630234181881, -0.657291412354, -0.708042860031, -0.784013390541, -0.813908278942, -0.790937006474], "min": [-0.967751681805, -0.980265796185, -0.963822960854, -0.962190628052, -0.96251565218, -0.958989441395], "var": [0.00973077956587, 0.00638545444235, 0.00753874937072, 0.00497528119013, 0.00227832375094, 0.00194505613763]}, "spectral_contrast_valleys": {"dmean": [0.373842298985, 0.334413558245, 0.387862890959, 0.372707843781, 0.338475555182, 0.422269523144], "dmean2": [0.582922458649, 0.528519809246, 0.616290807724, 0.567546904087, 0.490822523832, 0.579549908638], "dvar": [0.292523235083, 0.22172357142, 0.293767482042, 0.319315612316, 0.297097682953, 0.413369715214], "dvar2": [0.465599417686, 0.391589194536, 0.552071809769, 0.593251943588, 0.520106375217, 0.728428602219], "max": [-4.97861099243, -4.44890880585, -5.11428356171, -4.891931