{"lowlevel": {"average_loudness": 0.933414876461, "barkbands_crest": {"dmean": 2.62347269058, "dmean2": 4.21003007889, "dvar": 5.64052152634, "dvar2": 15.1263017654, "max": 25.7082099915, "mean": 12.0013027191, "median": 11.6239938736, "min": 2.74255514145, "var": 15.4845733643}, "barkbands_flatness_db": {"dmean": 0.040295407176, "dmean2": 0.0585119873285, "dvar": 0.00176088826265, "dvar2": 0.0034521096386, "max": 0.774586796761, "mean": 0.267812639475, "median": 0.241759687662, "min": 0.0349281020463, "var": 0.0175350252539}, "barkbands_kurtosis": {"dmean": 10.6688261032, "dmean2": 16.5118961334, "dvar": 305.351287842, "dvar2": 681.759338379, "max": 268.134155273, "mean": 16.3342170715, "median": 6.45748996735, "min": -1.95456814766, "var": 624.654174805}, "barkbands_skewness": {"dmean": 1.03247022629, "dmean2": 1.51712977886, "dvar": 1.32923781872, "dvar2": 2.62357878685, "max": 14.7714204788, "mean": 2.40222525597, "median": 2.05127668381, "min": -8.26004981995, "var": 4.99856996536}, "barkbands_spread": {"dmean": 7.66744852066, "dmean2": 11.7759304047, "dvar": 158.260162354, "dvar2": 332.547546387, "max": 101.644638062, "mean": 15.7471132278, "median": 7.50989341736, "min": 0.162812232971, "var": 314.68536377}, "dissonance": {"dmean": 0.0348165035248, "dmean2": 0.0594608746469, "dvar": 0.0018223375082, "dvar2": 0.00523943454027, "max": 0.500000178814, "mean": 0.444343954325, "median": 0.464558660984, "min": 0.0166099648923, "var": 0.00346424407326}, "dynamic_complexity": 4.86300754547, "erbbands_crest": {"dmean": 3.38621044159, "dmean2": 5.40211677551, "dvar": 10.0171041489, "dvar2": 21.6644592285, "max": 33.3978157043, "mean": 11.5874547958, "median": 10.3083667755, "min": 2.25527453423, "var": 31.0333919525}, "erbbands_flatness_db": {"dmean": 0.0333172976971, "dmean2": 0.0478872619569, "dvar": 0.00141003984027, "dvar2": 0.00245404546149, "max": 0.663634240627, "mean": 0.227360054851, "median": 0.206885039806, "min": 0.0440480038524, "var": 0.0154736386612}, "erbbands_kurtosis": {"dmean": 3.6502623558, "dmean2": 5.62346410751, "dvar": 26.0756416321, "dvar2": 56.0920257568, "max": 107.632316589, "mean": 5.22180271149, "median": 2.40635871887, "min": -1.85972547531, "var": 64.872215271}, "erbbands_skewness": {"dmean": 0.768096983433, "dmean2": 1.12423598766, "dvar": 0.700179219246, "dvar2": 1.21597921848, "max": 8.5614862442, "mean": 0.634620964527, "median": 0.664145946503, "min": -7.44393777847, "var": 3.2230219841}, "erbbands_spread": {"dmean": 14.5477457047, "dmean2": 21.9644107819, "dvar": 470.418579102, "dvar2": 890.567810059, "max": 167.028808594, "mean": 36.3642196655, "median": 23.9631958008, "min": 0.361386060715, "var": 1200.75048828}, "hfc": {"dmean": 10.8544654846, "dmean2": 16.0255374908, "dvar": 407.035888672, "dvar2": 931.325073242, "max": 163.675582886, "mean": 16.7156391144, "median": 6.54658842087, "min": 1.19275354749e-16, "var": 585.941894531}, "melbands_crest": {"dmean": 2.93420958519, "dmean2": 4.61983919144, "dvar": 7.45020914078, "dvar2": 17.6672763824, "max": 34.803768158, "mean": 15.9188423157, "median": 15.9388103485, "min": 1.70860302448, "var": 23.8564167023}, "melbands_flatness_db": {"dmean": 0.0453257374465, "dmean2": 0.0643403381109, "dvar": 0.00237813801505, "dvar2": 0.00458318181336, "max": 0.923062860966, "mean": 0.358167886734, "median": 0.33080637455, "min": 0.0048028761521, "var": 0.0244974680245}, "melbands_kurtosis": {"dmean": 20.8574752808, "dmean2": 32.035446167, "dvar": 1313.25939941, "dvar2": 2953.98608398, "max": 502.710388184, "mean": 34.9369735718, "median": 15.1776638031, "min": -1.93509590626, "var": 2698.32299805}, "melbands_skewness": {"dmean": 1.2406116724, "dmean2": 1.84105932713, "dvar": 2.01557135582, "dvar2": 3.91630220413, "max": 17.8075046539, "mean": 3.42442774773, "median": 2.83721613884, "min": -6.95808553696, "var": 8.14049243927}, "melbands_spread": {"dmean": 6.24384021759, "dmean2": 9.08895587921, "dvar": 105.77822113, "dvar2": 184.689620972, "max": 155.001800537, "mean": 14.7617349625, "median": 6.36462020874, "min": 0.493661105633, "var": 368.547119141}, "pitch_salience": {"dmean": 0.0805044993758, "dmean2": 0.127895623446, "dvar": 0.00534114334732, "dvar2": 0.012647273019, "max": 0.887918293476, "mean": 0.545257210732, "median": 0.548000156879, "min": 0.142824500799, "var": 0.0148794669658}, "silence_rate_20dB": {"dmean": 0, "dmean2": 0, "dvar": 0, "dvar2": 0, "max": 1, "mean": 1, "median": 1, "min": 1, "var": 0}, "silence_rate_30dB": {"dmean": 0.0295068379492, "dmean2": 0.0590185672045, "dvar": 0.0286390762776, "dvar2": 0.0757579654455, "max": 1, "mean": 0.980440914631, "median": 1, "min": 0, "var": 0.0191757902503}, "silence_rate_60dB": {"dmean": 0.0386241190135, "dmean2": 0.0772546455264, "dvar": 0.0371356382966, "dvar2": 0.0790886059403, "max": 1, "mean": 0.160202220082, "median": 0, "min": 0, "var": 0.134509950876}, "spectral_centroid": {"dmean": 228.236297607, "dmean2": 339.663421631, "dvar": 118662.960938, "dvar2": 191898.203125, "max": 11240.4794922, "mean": 929.319519043, "median": 566.647644043, "min": 132.455444336, "var": 551454.5}, "spectral_complexity": {"dmean": 2.72987985611, "dmean2": 4.14605426788, "dvar": 18.8920173645, "dvar2": 33.0480117798, "max": 51, "mean": 9.5427646637, "median": 8, "min": 0, "var": 49.5152587891}, "spectral_decrease": {"dmean": 2.32559926872e-09, "dmean2": 3.33218386217e-09, "dvar": 1.45184937862e-17, "dvar2": 2.52512201367e-17, "max": 1.01211400249e-18, "mean": -7.14410752778e-09, "median": -6.8682401988e-09, "min": -4.40721450445e-08, "var": 4.08151262877e-17}, "spectral_energy": {"dmean": 0.00940641760826, "dmean2": 0.0135311856866, "dvar": 0.000224039729801, "dvar2": 0.000387902138755, "max": 0.168592810631, "mean": 0.0284796133637, "median": 0.0269149839878, "min": 1.09185732516e-20, "var": 0.000633627932984}, "spectral_energyband_high": {"dmean": 0.000795570667833, "dmean2": 0.00123295700178, "dvar": 3.36294260705e-06, "dvar2": 8.02926479082e-06, "max": 0.0121631454676, "mean": 0.000724757206626, "median": 4.35731635662e-05, "min": 7.69242588316e-21, "var": 3.30121088155e-06}, "spectral_energyband_low": {"dmean": 0.00625018822029, "dmean2": 0.00886607542634, "dvar": 0.000181481475011, "dvar2": 0.000382603000617, "max": 0.161010637879, "mean": 0.0171872396022, "median": 0.0179639719427, "min": 2.03273652814e-22, "var": 0.000375327130314}, "spectral_energyband_middle_high": {"dmean": 0.00134344480466, "dmean2": 0.00176581181586, "dvar": 1.02863823486e-05, "dvar2": 1.41961163536e-05, "max": 0.0668210536242, "mean": 0.00282239564694, "median": 0.000323812186252, "min": 1.57631392723e-21, "var": 3.46671731677e-05}, "spectral_energyband_middle_low": {"dmean": 0.00588833307847, "dmean2": 0.00933850090951, "dvar": 0.000142677061376, "dvar2": 0.000329355796566, "max": 0.111168324947, "mean": 0.00965179596096, "median": 0.00620989128947, "min": 3.42294143135e-22, "var": 0.00016915462038}, "spectral_entropy": {"dmean": 0.340383350849, "dmean2": 0.489581942558, "dvar": 0.171841308475, "dvar2": 0.321364998817, "max": 9.80493736267, "mean": 6.66464662552, "median": 6.72594976425, "min": 3.74172544479, "var": 1.08681988716}, "spectral_flux": {"dmean": 0.0295429602265, "dmean2": 0.0438401997089, "dvar": 0.00127038138453, "dvar2": 0.00241059297696, "max": 0.369653254747, "mean": 0.0745107978582, "median": 0.057845570147, "min": 1.04491977571e-10, "var": 0.00367711111903}, "spectral_kurtosis": {"dmean": 23.8544139862, "dmean2": 40.9820289612, "dvar": 8881.83105469, "dvar2": 27678.2597656, "max": 1726.90576172, "mean": 44.887260437, "median": 8.41202640533, "min": -1.23300468922, "var": 19334.3808594}, "spectral_rms": {"dmean": 0.000808904413134, "dmean2": 0.00116059009451, "dvar": 1.09172708562e-06, "dvar2": 1.81139012057e-06, "max": 0.0128250066191, "mean": 0.00467128539458, "median": 0.00512430723757, "min": 3.26378095557e-12, "var": 5.96404879616e-06}, "spectral_rolloff": {"dmean": 631.17980957, "dmean2": 1143.86669922, "dvar": 2720414.25, "dvar2": 6828255.5, "max": 18927.6855469, "mean": 1268.10253906, "median": 473.73046875, "min": 64.599609375, "var": 4259144}, "spectral_skewness": {"dmean": 0.868728935719, "dmean2": 1.37168240547, "dvar": 2.83648109436, "dvar2": 8.03763484955, "max": 34.4584312439, "mean": 3.71176314354, "median": 2.4001955986, "min": -0.0203324481845, "var": 19.1548843384}, "spectral_spread": {"dmean": 1206373.625, "dmean2": 1658152.875, "dvar": 2612751499260.0, "dvar2": 4423449837570.0, "max": 41103244, "mean": 4918511, "median": 4312016.5, "min": 70183.375, "var": 10872896356400.0}, "spectral_strongpeak": {"dmean": 0.528999149799, "dmean2": 0.865839779377, "dvar": 2.62714862823, "dvar2": 5.16713094711, "max": 22.7433815002, "mean": 0.852767705917, "median": 0.258970022202, "min": 0, "var": 4.83565378189}, "zerocrossingrate": {"dmean": 0.0149667812511, "dmean2": 0.0175081863999, "dvar": 0.00039807005669, "dvar2": 0.00051988940686, "max": 0.50634765625, "mean": 0.0528959222138, "median": 0.03759765625, "min": 0.001953125, "var": 0.0026833654847}, "barkbands": {"dmean": [0.000139928859426, 0.0031163347885, 0.00369587983005, 0.00239574140869, 0.00317447120324, 0.000966387451626, 0.000972164154518, 0.000290480355034, 0.000193647065316, 6.75613482599e-05, 7.57664602133e-05, 3.58729521395e-05, 6.79894073983e-05, 0.000145938043715, 0.000161027113791, 0.000269563024631, 0.000788221484981, 4.19047864852e-05, 2.84501857095e-05, 5.69071744394e-05, 5.27395823156e-05, 7.54751526983e-05, 0.000116186616651, 0.000129610445583, 0.000200335984118, 0.00018214697775, 2.12668655877e-05], "dmean2": [0.000235710758716, 0.00470626400784, 0.00577385630459, 0.00418841978535, 0.00559460185468, 0.00157744786702, 0.00162489549257, 0.000500066031236, 0.000314939214149, 0.000113410969789, 0.000114472786663, 5.52898200112e-05, 0.000105415761936, 0.000199693429749, 0.000244642258622, 0.000394115049858, 0.000990588916466, 6.38646597508e-05, 4.41786833107e-05, 8.58368148329e-05, 7.9352321336e-05, 0.000109638531285, 0.000178624075488, 0.000199916961719, 0.000320585153531, 0.000306774745695, 3.79305711249e-05], "dvar": [1.09960922146e-07, 3.09444076265e-05, 0.000124482277897, 6.90962697263e-05, 6.51128211757e-05, 3.0738467558e-06, 3.14491944664e-06, 6.67033475565e-07, 4.26795622843e-07, 1.05306966702e-07, 6.54173533121e-08, 1.0343174317e-08, 2.57742609477e-08, 1.45752380831e-07, 1.64669117453e-07, 4.9769062116e-07, 6.19583852313e-06, 8.79654926678e-09, 5.73392977543e-09, 2.03683079292e-08, 1.74464638292e-08, 3.06757819146e-08, 7.03446190187e-08, 8.88460149895e-08, 2.37641870626e-07, 2.97290313256e-07, 5.18613552103e-09], "dvar2": [2.91622114901e-07, 8.29814453027e-05, 0.00030952153611, 0.000189949918422, 0.000182218733244, 7.82524239185e-06, 8.50496508065e-06, 1.78201844392e-06, 1.03048921574e-06, 2.88901304657e-07, 1.34542943897e-07, 2.24976854923e-08, 5.72301139812e-08, 2.21085045382e-07, 3.82137812949e-07, 1.06338427486e-06, 8.31824218039e-06, 1.93867979448e-08, 1.16437650632e-08, 4.24684003519e-08, 3.60427101498e-08, 6.20123543627e-08, 1.58170578857e-07, 2.08384435041e-07, 5.97295070293e-07, 7.77597449542e-07, 1.40989433461e-08], "max": [0.00783321075141, 0.0633395537734, 0.124499157071, 0.0840137600899, 0.087821751833, 0.0616452358663, 0.0327016413212, 0.0151839405298, 0.0175209268928, 0.0104769943282, 0.0100089907646, 0.00336486147717, 0.00258606788702, 0.00714292749763, 0.00752399861813, 0.0144759695977, 0.057738147676, 0.00123015523423, 0.00104877294507, 0.00164533464704, 0.00164872221649, 0.00201024045236, 0.00216465606354, 0.00222627725452, 0.00349067989737, 0.00424713781103, 0.000714525289368], "mean": [0.000499450427014, 0.008928691037, 0.00586527306587, 0.00286629004404, 0.00311916111968, 0.00144521635957, 0.00149277830496, 0.000417744158767, 0.000288991839625, 7.33562555979e-05, 0.000149995074025, 4.56662783108e-05, 9.63771453826e-05, 0.000259969150648, 0.000240086141275, 0.000457264453871, 0.00139431911521, 5.71985983697e-05, 3.52179085894e-05, 5.61044143979e-05, 5.51781886315e-05, 7.97437314759e-05, 0.000111562781967, 0.000121500772366, 0.000172956992174, 0.000135737718665, 1.37472043207e-05], "median": [0.000334024080075, 0.00876791961491, 0.00400327239186, 0.00143770035356, 0.00119077251293, 0.000804233830422, 0.00067390158074, 9.20688034967e-05, 4.34967587353e-05, 1.24581638374e-05, 1.04168957478e-05, 5.80732194067e-06, 5.84591634833e-06, 2.22036251216e-05, 1.38622181112e-05, 2.04324460356e-05, 4.41407537437e-05, 5.13458780915e-06, 1.01983223431e-05, 2.93673247143e-06, 5.95118672209e-06, 3.47905347553e-06, 7.53826498112e-06, 8.64451430971e-06, 9.6196145023e-06, 3.21768902722e-06, 1.83824298006e-08], "min": [1.02402538978e-23, 8.83978976382e-23, 8.79345333643e-23, 2.32423019361e-23, 3.03393663783e-23, 3.83694560561e-23, 1.00637144002e-22, 2.38796999698e-23, 9.55679680017e-23, 9.46304604584e-23, 7.57676602549e-23, 1.34610454939e-22, 7.95586733299e-23, 1.02048315188e-22, 1.00028711364e-22, 1.19965611954e-22, 1.60259945417e-22, 2.1486756047e-22, 2.53973781058e-22, 4.00983703166e-22, 6.46161596778e-22, 4.28429877998e-22, 5.66057858428e-22, 9.44990135124e-22, 1.15498203033e-21, 1.63749358666e-21, 2.49400467876e-21], "var": [3.14417491154e-07, 7.82075076131e-05, 0.000119299344078, 4.69529768452e-05, 4.86597891722e-05, 4.52083668279e-06, 5.45004786545e-06, 8.58575162965e-07, 5.86471287534e-07, 8.65145750595e-08, 2.55722369502e-07, 1.62109774493e-08, 4.78310688834e-08, 4.18894671839e-07, 3.2404545891e-07, 1.11066253794e-06, 1.77870952029e-05, 1.38815998696e-08, 7.26196303091e-09, 2.4461749959e-08, 2.22449401122e-08, 4.04999802583e-08, 7.6794130166e-08, 9.09265978066e-08, 2.08240905408e-07, 2.17348642195e-07, 3.35633276727e-09]}, "erbbands": {"dmean": [0.0817959606647, 0.759247839451, 3.43763852119, 6.37908220291, 8.40422916412, 11.5798301697, 11.0959701538, 6.03983449936, 10.9428548813, 14.1596651077, 6.85130357742, 3.73554348946, 2.30684971809, 2.78159761429, 2.03735589981, 1.40195715427, 2.4968855381, 5.58859109879, 8.13546943665, 8.13135910034, 16.9314956665, 51.9727554321, 4.89016628265, 1.78245937824, 1.32158041, 2.74528765678, 2.19189429283, 2.35545086861, 2.78581309319, 2.69772076607, 3.64373612404, 2.70757746696, 2.22365951538, 1.9681674242, 1.54471123219, 0.828606903553, 0.332547783852, 0.055936306715, 0.00372360367328, 0.000180118178832], "dmean2": [0.126659929752, 1.14046680927, 5.24911880493, 10.2003297806, 14.5406398773, 20.8471984863, 18.5390453339, 9.65742969513, 18.1399726868, 24.7080574036, 11.5964269638, 6.11906480789, 3.65142226219, 4.26770496368, 3.10954594612, 2.11694455147, 3.7907743454, 7.5964140892, 11.4284791946, 12.3748617172, 23.2292251587, 64.7352218628, 6.5568356514, 2.65677762032, 1.94766259193, 4.18893146515, 3.24374079704, 3.57984471321, 4.12790775299, 3.96081018448, 5.66747999191, 4.11617708206, 3.4628174305, 3.14932894707, 2.49802517891, 1.37062847614, 0.565262675285, 0.0982481017709, 0.00668032094836, 0.000321807834553], "dvar": [0.0204531308264, 2.08727741241, 97.4177856445, 413.032867432, 616.018615723, 765.485717773, 375.671661377, 111.088020325, 530.63482666, 664.061279297, 499.819488525, 175.957092285, 96.8523712158, 123.57233429, 45.4321784973, 16.9752750397, 37.0125961304, 181.449691772, 380.46472168, 364.382873535, 2085.86279297, 29225.4160156, 136.398925781, 19.5523853302, 11.6120195389, 47.0397987366, 34.7840690613, 33.4871177673, 44.6563453674, 35.753528595, 73.2973022461, 39.9380683899, 26.3360900879, 21.9324493408, 15.8291444778, 5.73118638992, 0.985626101494, 0.0291501954198, 0.000180053903023, 5.58816793728e-07], "dvar2": [0.052668210119, 5.41617870331, 232.253982544, 1027.94750977, 1612.73974609, 2192.26733398, 1018.04473877, 278.142547607, 1395.33935547, 1882.10742188, 1334.41845703, 431.77154541, 247.329147339, 292.880096436, 92.8540802002, 37.142791748, 79.1856994629, 303.978424072, 646.205322266, 788.955749512, 3775.46191406, 39167.9335938, 204.550979614, 40.123752594, 21.7845821381, 99.0457229614, 68.1475448608, 73.2135238647, 90.8648681641, 76.7763671875, 169.584014893, 91.7002105713, 62.7788581848, 55.7263298035, 39.9194145203, 14.7758712769, 2.58090305328, 0.0781499445438, 0.000492888037115, 1.55718862516e-06], "max": [1.61600625515, 18.1043014526, 111.239128113, 202.099609375, 224.658782959, 408.781890869, 781.234375, 195.682022095, 426.941009521, 572.805908203, 444.712188721, 439.540313721, 313.447387695, 494.421356201, 351.620147705, 120.316207886, 115.594062805, 286.207092285, 303.207397461, 272.953674316, 999.224487305, 3996.73754883, 236.345367432, 62.2105712891, 44.4915390015, 84.1304244995, 73.8735961914, 72.0328216553, 78.9352722168, 64.087890625, 70.9621353149, 57.3128738403, 40.3525695801, 37.1735496521, 32.8559341431, 20.149389267, 7.44596481323, 1.27389097214, 0.146407991648, 0.0078676873818], "mean": [0.332396179438, 1.72730922699, 6.54622411728, 8.84646320343, 8.19489192963, 10.9872779846, 13.8071012497, 10.0768699646, 15.8728370667, 21.9155368805, 9.50871276855, 5.24449586868, 3.50610804558, 4.96013641357, 3.66427946091, 1.86883044243, 3.78273296356, 10.2347164154, 14.5574350357, 13.4031553268, 32.9372444153, 91.2600708008, 8.95763015747, 2.49672913551, 1.62364339828, 2.68651628494, 2.289083004, 2.42023062706, 2.88584494591, 2.77663707733, 3.36149072647, 2.59651851654, 2.0535941124, 1.73503994942, 1.30825233459, 0.659476578236, 0.239503920078, 0.0376286990941, 0.00239526876248, 0.000139639232657], "median": [0.276888400316, 1.61939620972, 4.99515342712, 4.97903156281, 3.05027103424, 4.0380692482, 6.75458669662, 5.35609340668, 7.5686378479, 8.52385902405, 2.06985998154, 0.887901544571, 0.682576358318, 0.448578178883, 0.379006803036, 0.25906842947, 0.283719003201, 0.847313165665, 1.13335299492, 0.764424562454, 1.54403400421, 2.59937906265, 0.653659820557, 0.623631179333, 0.369781255722, 0.144499570131, 0.135395467281, 0.303296029568, 0.122794017196, 0.22065025568, 0.172350868583, 0.153139472008, 0.154705435038, 0.125741839409, 0.0542462170124, 0.0232386551797, 0.00314764678478, 0.00024383055279, 2.2076017558e-05, 3.28814348904e-05], "min": [1.47321200311e-21, 2.3904634361e-20, 9.23092398449e-20, 1.12798018942e-19, 2.97252846117e-20, 1.90667535187e-19, 1.10175649605e-19, 4.8056008944e-19, 1.05728871388e-18, 1.12537756902e-18, 8.74168607249e-19, 2.15089148384e-18, 2.88833003096e-18, 3.49402331513e-18, 2.97186472628e-18, 5.67256475851e-18, 3.68715840764e-18, 4.75134777238e-18, 5.43972003352e-18, 6.87290929285e-18, 6.18006487973e-18, 8.81939141923e-18, 1.32135369605e-17, 8.59360668077e-18, 1.54357444412e-17, 2.19604971366e-17, 2.22741789141e-17, 2.66966818612e-17, 1.28557772097e-17, 1.30819978723e-17, 1.80791291288e-17, 2.42862759018e-17, 1.27243746063e-17, 1.06481835288e-17, 9.34671657819e-18, 6.77888325903e-18, 2.77020346961e-18, 1.22688255634e-18, 3.32145741273e-19, 3.57958597297e-20], "var": [0.105675339699, 3.69980382919, 110.648338318, 360.459686279, 457.59954834, 597.369262695, 486.290863037, 203.348815918, 656.709838867, 1441.89013672, 527.058288574, 221.992080688, 115.877494812, 299.87008667, 158.889450073, 25.8248252869, 70.6739196777, 545.021362305, 1119.0625, 863.898498535, 5779.94238281, 82805.9765625, 409.658843994, 27.9096565247, 15.9690971375, 55.8115463257, 45.1976356506, 40.0244941711, 57.0592193604, 44.5576400757, 74.9661026001, 42.3719406128, 26.1397647858, 19.352519989, 13.3926734924, 4.39890480042, 0.713969886303, 0.019710958004, 0.000114499336632, 3.43408373737e-07]}, "gfcc": {"mean": [-111.210884094, 100.855018616, -64.7816238403, 27.04936409, -58.8251266479, 2.23586177826, -56.607460022, 6.40195274353, -12.5612802505, 3.86219573021, -15.3914670944, -0.459015101194, -10.3491096497], "cov": [[25856.8867188, -3763.72290039, 505.99130249, 4543.49121094, 1952.03112793, 2763.90893555, -451.144042969, 1593.81799316, 97.8752975464, 1007.72283936, -516.841491699, 772.197570801, -280.066009521], [-3763.72290039, 4831.18066406, 2159.84667969, -1008.99890137, -937.527954102, -775.86730957, 901.087341309, -304.506774902, 233.257232666, -352.205230713, 360.228881836, -396.436828613, 147.903610229], [505.99130249, 2159.84667969, 4295.35107422, 736.016845703, -965.458007812, 54.6137313843, 1036.8894043, 82.236114502, -87.4702148438, 186.408187866, 165.749023438, -196.498474121, -9.15592288971], [4543.49121094, -1008.99890137, 736.016845703, 2044.21166992, 680.314819336, 717.107910156, -35.2232971191, 386.193206787, 143.283950806, 392.978240967, -14.9528875351, 85.4487991333, -111.81224823], [1952.03112793, -937.527954102, -965.458007812, 680.314819336, 1538.80334473, 552.430114746, -394.221252441, 298.851745605, 307.017089844, 107.945045471, -102.678695679, 198.48890686, 3.79210019112], [2763.90893555, -775.86730957, 54.6137313843, 717.107910156, 552.430114746, 810.88671875, 185.004333496, 413.744995117, 99.124961853, 210.785949707, -36.1142959595, 126.757865906, -31.5792045593], [-451.144042969, 901.087341309, 1036.8894043, -35.2232971191, -394.221252441, 185.004333496, 876.382507324, 113.30897522, 13.8995923996, 8.94498252869, 146.421356201, -119.923019409, 7.14210271835], [1593.81799316, -304.506774902, 82.236114502, 386.193206787, 298.851745605, 413.744995117, 113.30897522, 395.232147217, 146.562774658, 128.070892334, -33.4770584106, 85.3296279907, 2.47072792053], [97.8752975464, 233.257232666, -87.4702148438, 143.283950806, 307.017089844, 99.124961853, 13.8995923996, 146.562774658, 244.840805054, 45.0353050232, 37.1154212952, 7.94054746628, 19.616973877], [1007.72283936, -352.205230713, 186.408187866, 392.978240967, 107.945045471, 210.785949707, 8.94498252869, 128.070892334, 45.0353050232, 180.900421143, 4.88022994995, 31.5192699432, -35.4740219116], [-516.841491699, 360.228881836, 165.749023438, -14.9528875351, -102.678695679, -36.1142959595, 146.421356201, -33.4770584106, 37.1154212952, 4.88022994995, 116.144363403, -38.7680702209, 10.5945634842], [772.197570801, -396.436828613, -196.498474121, 85.4487991333, 198.48890686, 126.757865906, -119.923019409, 85.3296279907, 7.94054746628, 31.5192699432, -38.7680702209, 134.78717041, 25.9524497986], [-280.066009521, 147.903610229, -9.15592288971, -111.81224823, 3.79210019112, -31.5792045593, 7.14210271835, 2.47072792053, 19.616973877, -35.4740219116, 10.5945634842, 25.9524497986, 73.2443313599]], "icov": [[0.000111534624011, -0.000119631455163, 7.09957676008e-05, -0.000227363532758, 0.00010265547462, -0.000229635232245, 5.05460011482e-05, -8.49520147312e-05, 0.000189975879039, -9.5589493867e-05, 0.000425081758294, -0.000492305844091, 0.000239229280851], [-0.000119631455163, 0.000985413091257, -0.000561716267839, 0.000519452034496, -0.00011468205048, 0.00039342531818, -6.23054002062e-05, 0.000155638568685, -0.00154409266543, 0.00158086523879, -0.00159857561812, 0.00146860885434, -0.000658086501062], [7.09957676008e-05, -0.000561716267839, 0.000807556381915, -0.000630794966128, 0.00027771355235, 0.000107174804725, -0.00060069328174, -2.58089639829e-05, 0.000902837491594, -0.00134249881376, 0.0013597398065, -0.00082674913574, -0.000160727984621], [-0.000227363532758, 0.000519452034496, -0.000630794966128, 0.00181689194869, -0.000669075350743, -3.8009169657e-05, 0.000481696828501, -0.000107094580017, -0.000462697440526, -0.000641669030301, -0.00195340625942, 0.00185531238094, 0.00018964667106], [0.00010265547462, -0.00011468205048, 0.00027771355235, -0.000669075350743, 0.00230890256353, -0.00188711914234, 0.000598832557444, 0.00130639493, -0.00284532969818, 0.00127744674683, 0.00164677691646, -0.00174320070073, 0.000362028047675], [-0.000229635232245, 0.00039342531818, 0.000107174804725, -3.8009169657e-05, -0.00188711914234, 0.00618199678138, -0.00222028559074, -0.00343179400079, 0.00237008510157, -0.00207304558717, -0.00104283716064, -0.000126866769278, -6.48197892588e-05], [5.05460011482e-05, -6.23054002062e-05, -0.00060069328174, 0.000481696828501, 0.000598832557444, -0.00222028559074, 0.00367355206981, -0.00119478849228, 0.000291971024126, 0.00171639188193, -0.00323883653618, 0.0022051022388, 0.000113408466859], [-8.49520147312e-05, 0.000155638568685, -2.58089639829e-05, -0.000107094580017, 0.00130639493, -0.00343179400079, -0.00119478849228, 0.00972878187895, -0.00648877257481, -0.000770540558733, 0.00480417255312, -0.0028275384102, -0.000893097021617], [0.000189975879039, -0.00154409266543, 0.000902837491594, -0.000462697440526, -0.00284532969818, 0.00237008510157, 0.000291971024126, -0.00648877257481, 0.0139179565012, -0.00447444105521, -0.00322160148062, 0.00189503806178, -0.00148964975961], [-9.5589493867e-05, 0.00158086523879, -0.00134249881376, -0.000641669030301, 0.00127744674683, -0.00207304558717, 0.00171639188193, -0.000770540558733, -0.00447444105521, 0.0160152148455, -0.00496187247336, 8.28105621622e-05, 0.00383687461726], [0.000425081758294, -0.00159857561812, 0.0013597398065, -0.00195340625942, 0.00164677691646, -0.00104283716064, -0.00323883653618, 0.00480417255312, -0.00322160148062, -0.00496187247336, 0.0199131201953, -0.00394372595474, -0.0013630320318], [-0.000492305844091, 0.00146860885434, -0.00082674913574, 0.00185531238094, -0.00174320070073, -0.000126866769278, 0.0022051022388, -0.0028275384102, 0.00189503806178, 8.28105621622e-05, -0.00394372595474, 0.0190549381077, -0.0088518820703], [0.000239229280851, -0.000658086501062, -0.000160727984621, 0.00018964667106, 0.000362028047675, -6.48197892588e-05, 0.000113408466859, -0.000893097021617, -0.00148964975961, 0.00383687461726, -0.0013630320318, -0.0088518820703, 0.0217292439193]]}, "melbands": {"dmean": [0.000773547857534, 0.00142840435728, 0.00105730479117, 0.00073573429836, 0.000391931302147, 0.000147428203491, 0.000173259468284, 0.000131367545691, 5.69476542296e-05, 2.1232479412e-05, 1.13025898827e-05, 1.08919766717e-05, 8.38445521367e-06, 4.02166870117e-06, 3.98912925448e-06, 8.50546894071e-06, 1.11994258987e-05, 1.35918535307e-05, 1.472045642e-05, 1.6168323782e-05, 1.7165501049e-05, 6.79332952132e-05, 8.90857154445e-06, 1.95998904928e-06, 1.45046919897e-06, 1.01367470506e-06, 1.23007259845e-06, 2.0110717287e-06, 1.48130095567e-06, 1.18305501928e-06, 1.40068323162e-06, 1.5630668031e-06, 1.52705672463e-06, 1.54367273808e-06, 2.23408551392e-06, 1.91032540897e-06, 1.55421366799e-06, 1.55725490458e-06, 1.52877760229e-06, 1.73005628312e-06], "dmean2": [0.00117896054871, 0.0021377003286, 0.00163849932142, 0.00130908982828, 0.000657908734865, 0.000235688305111, 0.000284935842501, 0.00022847460059, 9.6227893664e-05, 3.43692663591e-05, 1.79346334335e-05, 1.68649021361e-05, 1.28197289087e-05, 6.27460622127e-06, 6.08111213296e-06, 1.27398143377e-05, 1.51246740643e-05, 1.87239129446e-05, 2.27863984037e-05, 2.48194355663e-05, 2.46324671025e-05, 8.49448915687e-05, 1.1637438547e-05, 2.93182483802e-06, 2.2429803721e-06, 1.56695148235e-06, 1.83920872132e-06, 3.1069466786e-06, 2.21145705837e-06, 1.784310939e-06, 2.15715863305e-06, 2.33875061895e-06, 2.23077745432e-06, 2.32645447795e-06, 3.51480389327e-06, 2.97540077554e-06, 2.35868719756e-06, 2.46227386924e-06, 2.41083671426e-06, 2.80996664515e-06], "dvar": [1.73695491412e-06, 1.38840950967e-05, 9.79044853011e-06, 3.98709789806e-06, 4.48477237569e-07, 6.72651339073e-08, 1.13666423829e-07, 5.51398926518e-08, 3.82133471533e-08, 5.55113599532e-09, 2.40025466169e-09, 1.92449767233e-09, 7.44179606826e-10, 1.57790863708e-10, 1.54437018729e-10, 4.36793629044e-10, 7.61226082169e-10, 1.31582311713e-09, 1.64773727995e-09, 2.02980499076e-09, 2.11332795708e-09, 5.08511384112e-08, 4.85530227134e-10, 1.94823341487e-11, 1.42373023093e-11, 6.76312911924e-12, 8.779397348e-12, 2.67639209406e-11, 1.76288948717e-11, 9.48572383835e-12, 1.16193998867e-11, 1.49284976741e-11, 1.24116732517e-11, 1.23354070014e-11, 2.81800346946e-11, 2.14712535945e-11, 1.31139005904e-11, 1.32663073235e-11, 1.2804477964e-11, 1.75469725555e-11], "dvar2": [4.69480528409e-06, 3.22266751027e-05, 2.27949549299e-05, 1.10225064418e-05, 1.21670905173e-06, 1.65269710806e-07, 2.97763506296e-07, 1.54319380385e-07, 1.01516945961e-07, 1.31652395652e-08, 6.19080253728e-09, 4.63288785113e-09, 1.584775422e-09, 3.38659406074e-10, 3.53281570664e-10, 9.1336799235e-10, 1.22052790097e-09, 2.03164174373e-09, 3.91927290622e-09, 4.80576778372e-09, 4.26396029596e-09, 6.81120653212e-08, 7.24453386169e-10, 4.13433662305e-11, 3.08472691835e-11, 1.34379382621e-11, 1.77240947613e-11, 5.79962224079e-11, 3.57446260091e-11, 1.9874414614e-11, 2.63579106458e-11, 3.0980523702e-11, 2.63148444007e-11, 2.75719742177e-11, 6.58650634033e-11, 5.03767340343e-11, 3.01965882854e-11, 3.15246405369e-11, 3.14050105366e-11, 4.52850118515e-11], "max": [0.0136787761003, 0.0425471402705, 0.0311757586896, 0.0221025384963, 0.0220852214843, 0.00570456311107, 0.00601220550016, 0.00511065963656, 0.00383164966479, 0.00277013494633, 0.00160116539337, 0.00196726038121, 0.00120096863247, 0.000659951532725, 0.000187884492334, 0.00034943947685, 0.000630363472737, 0.000640895217657, 0.000792813661974, 0.000689481850713, 0.000973895774223, 0.00525957718492, 0.000430993619375, 5.89424198552e-05, 5.70354313822e-05, 4.18038471253e-05, 3.30698676407e-05, 6.7342989496e-05, 5.61761589779e-05, 4.09708809457e-05, 3.85576822737e-05, 4.95917920489e-05, 3.77995893359e-05, 4.0484348574e-05, 4.18652161898e-05, 3.81256941182e-05, 3.64705338143e-05, 2.65176258836e-05, 3.48425128323e-05, 3.62428618246e-05], "mean": [0.00256946613081, 0.00300886598416, 0.00150235870387, 0.000672004534863, 0.000488833640702, 0.000241304500378, 0.000267811206868, 0.000208739642403, 7.16887880117e-05, 3.17472440656e-05, 1.68123387994e-05, 1.88299709407e-05, 1.51523690874e-05, 5.82672828386e-06, 4.73207319374e-06, 1.26811701193e-05, 2.01826405828e-05, 2.36611685978e-05, 2.05325723073e-05, 2.45498667937e-05, 3.16360965371e-05, 0.000117376890557, 1.57721115102e-05, 2.71509588856e-06, 1.7881147869e-06, 1.27679209072e-06, 1.28704243707e-06, 1.90979949366e-06, 1.50333403326e-06, 1.22117751289e-06, 1.43122656482e-06, 1.5944643792e-06, 1.59305238867e-06, 1.54631084115e-06, 2.02069099942e-06, 1.76803530394e-06, 1.50935568399e-06, 1.4308069467e-06, 1.38336156397e-06, 1.50461266912e-06], "median": [0.00235096062534, 0.00256048352458, 0.000840653956402, 0.000242689551669, 0.000235611834796, 0.00013187865261, 0.00013076220057, 7.90582853369e-05, 1.18332027341e-05, 5.29287490281e-06, 3.23931817547e-06, 1.72644490704e-06, 1.28039937408e-06, 6.91956074661e-07, 4.0986589056e-07, 7.068892387e-07, 1.63740105563e-06, 1.88673254797e-06, 1.0966850823e-06, 1.08324206849e-06, 1.60243394021e-06, 2.99521798297e-06, 9.94685478872e-07, 2.20635797632e-07, 4.71539948421e-07, 3.79561413411e-07, 9.4053866917e-08, 7.60111191767e-08, 6.75814817441e-08, 1.53573537887e-07, 1.53048773655e-07, 5.8907659195e-08, 7.70248789195e-08, 1.56576874133e-07, 1.00233734202e-07, 9.18648623838e-08, 9.44018978544e-08, 1.09629311851e-07, 9.91868915889e-08, 1.05599660571e-07], "min": [1.9539570285e-23, 4.48215493999e-23, 1.63338746467e-23, 7.08381473443e-24, 5.25433388254e-24, 9.19590461118e-24, 1.84020249711e-23, 1.04614213077e-23, 6.67468228112e-24, 1.48154704432e-23, 1.40174413965e-23, 1.37301098559e-23, 1.05299370328e-23, 1.26788059715e-23, 1.57666789227e-23, 5.12312659248e-24, 9.54871949559e-24, 9.0699116917e-24, 8.92349910769e-24, 8.46752803814e-24, 7.76427274063e-24, 8.97538327829e-24, 1.17298694114e-23, 9.63983687445e-24, 6.16102891333e-24, 1.08729881858e-23, 1.26683488314e-23, 1.40754763156e-23, 1.28572549858e-23, 1.68530508297e-23, 1.41812830734e-23, 6.94871757124e-24, 7.60003032244e-24, 6.94048186339e-24, 9.01523732008e-24, 1.34085086198e-23, 1.57384834563e-23, 7.8198621909e-24, 9.7441045646e-24, 8.56365783919e-24], "var": [6.190581189e-06, 1.84700984391e-05, 9.6605208455e-06, 2.84690804619e-06, 6.11517293692e-07, 1.18394929416e-07, 1.66562173831e-07, 1.27827306073e-07, 3.76751607689e-08, 7.93776866459e-09, 2.76630274243e-09, 4.25106927437e-09, 2.34787944642e-09, 3.92416016348e-10, 1.90498908315e-10, 9.09373354396e-10, 2.2784074627e-09, 3.78082720687e-09, 2.78301515166e-09, 3.84127485376e-09, 5.06544317602e-09, 1.43440331613e-07, 1.42500766742e-09, 3.2106747816e-11, 1.76179661138e-11, 8.93367671506e-12, 1.12580665276e-11, 3.02679131758e-11, 2.15282548732e-11, 1.16702012637e-11, 1.35212474897e-11, 1.8523210743e-11, 1.5570020967e-11, 1.44323841073e-11, 2.81605242597e-11, 2.13655100556e-11, 1.40407824256e-11, 1.30497609246e-11, 1.20754690969e-11, 1.49286104312e-11]}, "mfcc": {"mean": [-762.756286621, 130.556518555, 46.1585235596, 22.6907062531, 20.0976219177, -4.4349064827, -20.3514175415, -6.11127328873, -1.91324818134, -1.12965381145, 1.37717378139, -1.51985824108, -3.86006999016], "cov": [[16326.7792969, -1781.44262695, -1300.38525391, 969.064147949, 2496.8359375, 1444.84423828, 398.387390137, 789.561645508, 998.502624512, 212.428497314, 53.9837646484, 922.641052246, 698.175354004], [-1781.44262695, 3513.38183594, 1770.92236328, 63.4594497681, -932.778015137, -367.355957031, 132.862091064, 126.99546051, -24.56873703, 190.814819336, 176.876251221, -190.201721191, -75.64037323], [-1300.38525391, 1770.92236328, 3969.12646484, 873.197753906, -1240.66394043, -40.7797622681, 652.467285156, 78.0091781616, -76.7450866699, 433.104309082, 165.492263794, -302.710968018, 40.4858512878], [969.064147949, 63.4594497681, 873.197753906, 924.157653809, 446.863311768, 321.08404541, 141.325561523, 54.9063110352, 83.9875259399, 181.526443481, 134.908966064, 76.214263916, 77.3753509521], [2496.8359375, -932.778015137, -1240.66394043, 446.863311768, 1639.1697998, 579.608398438, -145.362808228, 173.480194092, 325.434570312, 16.8542804718, 99.517250061, 395.71270752, 166.650390625], [1444.84423828, -367.355957031, -40.7797622681, 321.08404541, 579.608398438, 525.803955078, 285.293640137, 223.368438721, 214.938369751, 159.820266724, 129.504699707, 190.560028076, 133.10395813], [398.387390137, 132.862091064, 652.467285156, 141.325561523, -145.362808228, 285.293640137, 497.920379639, 260.695220947, 159.03868103, 210.033340454, 116.785377502, 40.6789588928, 97.3822860718], [789.561645508, 126.99546051, 78.0091781616, 54.9063110352, 173.480194092, 223.368438721, 260.695220947, 322.837768555, 265.031066895, 150.538299561, 92.7813186646, 145.748657227, 133.132797241], [998.502624512, -24.56873703, -76.7450866699, 83.9875259399, 325.434570312, 214.938369751, 159.03868103, 265.031066895, 329.284912109, 148.760925293, 76.4734954834, 195.741668701, 152.486221313], [212.428497314, 190.814819336, 433.104309082, 181.526443481, 16.8542804718, 159.820266724, 210.033340454, 150.538299561, 148.760925293, 236.831558228, 160.903259277, 50.2521324158, 53.8431930542], [53.9837646484, 176.876251221, 165.492263794, 134.908966064, 99.517250061, 129.504699707, 116.785377502, 92.7813186646, 76.4734954834, 160.903259277, 179.496109009, 48.5945129395, 6.67555904388], [922.641052246, -190.201721191, -302.710968018, 76.214263916, 395.71270752, 190.560028076, 40.6789588928, 145.748657227, 195.741668701, 50.2521324158, 48.5945129395, 224.941131592, 144.206924438], [698.175354004, -75.64037323, 40.4858512878, 77.3753509521, 166.650390625, 133.10395813, 97.3822860718, 133.132797241, 152.486221313, 53.8431930542, 6.67555904388, 144.206924438, 166.64251709]], "icov": [[9.87253952189e-05, 6.47472279525e-06, 1.66185764101e-05, -6.47812703392e-05, -1.34716515277e-06, -0.000203122777748, 7.75832668296e-05, -7.81915223342e-05, -0.000102750855149, 1.3597286852e-05, 0.000180727249244, -4.22854936915e-05, -8.49440184538e-05], [6.47472279525e-06, 0.000543622358236, -0.000317678699503, 6.94232221576e-05, 0.000188535792404, 0.000162498909049, 0.000619914557319, -0.00089455320267, -0.000171163803316, 0.000805314397439, -0.00113961391617, 9.24668493099e-05, 0.000160695140949], [1.66185764101e-05, -0.000317678699503, 0.00129210564774, -0.00140033336356, 0.000775188440457, 0.000217796099605, -0.000925202446524, 0.000644657120574, -1.69028116943e-05, -0.00126606156118, 0.000754770997446, 0.00106282019988, -0.0013265083544], [-6.47812703392e-05, 6.94232221576e-05, -0.00140033336356, 0.00360247562639, -0.00198305607773, -0.000358763354598, 0.000242732232437, 0.000644720392302, 0.00108639383689, -0.00108900654595, -2.41958150582e-05, -0.000245807634201, 0.000154663925059], [-1.34716515277e-06, 0.000188535792404, 0.000775188440457, -0.00198305607773, 0.00508358096704, -0.00542293256149, 0.00473673595116, -0.000909381313249, -0.00315816607326, 0.00326949032024, -0.00241995952092, -0.000382179219741, 0.000290974887321], [-0.000203122777748, 0.000162498909049, 0.000217796099605, -0.000358763354598, -0.00542293256149, 0.0139006972313, -0.01003663335, 0.00115576514509, 0.00383546971716, -0.00365423806943, 0.00126680382527, -0.00280003040098, 0.000343797641108], [7.75832668296e-05, 0.000619914557319, -0.000925202446524, 0.000242732232437, 0.00473673595116, -0.01003663335, 0.0143565321341, -0.00788487773389, -6.15582539467e-05, 0.000514809275046, -0.00167394906748, 0.00243128580041, -0.000889120157808], [-7.81915223342e-05, -0.00089455320267, 0.000644657120574, 0.000644720392302, -0.000909381313249, 0.00115576514509, -0.00788487773389, 0.0185258351266, -0.0114390458912, 0.00380009575747, -0.00401572091505, 0.00244484446011, -0.00345628219657], [-0.000102750855149, -0.000171163803316, -1.69028116943e-05, 0.00108639383689, -0.00315816607326, 0.00383546971716, -6.15582539467e-05, -0.0114390458912, 0.0227571763098, -0.0164544973522, 0.0121834827587, -0.0106401750818, 0.00233420659788], [1.3597286852e-05, 0.000805314397439, -0.00126606156118, -0.00108900654595, 0.00326949032024, -0.00365423806943, 0.000514809275046, 0.00380009575747, -0.0164544973522, 0.032682530582, -0.0251750685275, 0.0104453703389, -0.00609966134652], [0.000180727249244, -0.00113961391617, 0.000754770997446, -2.41958150582e-05, -0.00241995952092, 0.00126680382527, -0.00167394906748, -0.00401572091505, 0.0121834827587, -0.0251750685275, 0.030170109123, -0.0135659733787, 0.0116647295654], [-4.22854936915e-05, 9.24668493099e-05, 0.00106282019988, -0.000245807634201, -0.000382179219741, -0.00280003040098, 0.00243128580041, 0.00244484446011, -0.0106401750818, 0.0104453703389, -0.0135659733787, 0.0294168330729, -0.0192318446934], [-8.49440184538e-05, 0.000160695140949, -0.0013265083544, 0.000154663925059, 0.000290974887321, 0.000343797641108, -0.000889120157808, -0.00345628219657, 0.00233420659788, -0.00609966134652, 0.0116647295654, -0.0192318446934, 0.0254056602716]]}, "spectral_contrast_coeffs": {"dmean": [0.0532930009067, 0.0507306158543, 0.0353525020182, 0.0339293777943, 0.0380396358669, 0.0224265102297], "dmean2": [0.0868945047259, 0.0845727398992, 0.0583631433547, 0.0533269196749, 0.0569490939379, 0.0355489850044], "dvar": [0.00205272459425, 0.00174768350553, 0.000871918920893, 0.000918576435652, 0.00143192731775, 0.000527114432771], "dvar2": [0.00493112485856, 0.00441946554929, 0.00230870675296, 0.00194651831407, 0.0026795049198, 0.00139499432407], "max": [-0.17319098115, -0.384217262268, -0.589634716511, -0.562668800354, -0.418328225613, -0.544266462326], "mean": [-0.626761615276, -0.737452208996, -0.801119565964, -0.787155210972, -0.735770344734, -0.79868543148], "median": [-0.673643946648, -0.73893558979, -0.80544012785, -0.794272720814, -0.746743083, -0.829488456249], "min": [-0.977123141289, -0.971008479595, -0.963101148605, -0.968707859516, -0.961340308189, -0.964703440666], "var": [0.0187417306006, 0.00608256738633, 0.00325391814113, 0.00508470041677, 0.011468407698, 0.00780442170799]}, "spectral_contrast_valleys": {"dmean": [0.450367838144, 0.401418715715, 0.515534698963, 0.518547475338, 0.584123730659, 0.613485872746], "dmean2": [0.712150216103, 0.629584372044, 0.76798915863, 0.772353947163, 0.814845383167, 0.831422030926], "dvar": [0.189044848084, 0.145495444536, 0.243958592415, 0.285217493773, 0.392825901508, 0.445763707161], "dvar2": [0.386903434992, 0.288479924202, 0.51505959034, 0.576917469501, 0.736019849777, 0.931928396225], "max": [-5.16533184052, -4.68337202072, -4.98017072678, -6.1911149025, -5.95483493805, -7.66518259048], "mean": [-7.92108201981, -7.14816761017, -8.873492