{"lowlevel": {"average_loudness": 0.974950134754, "barkbands_crest": {"dmean": 3.81484508514, "dmean2": 5.77116155624, "dvar": 12.8411273956, "dvar2": 25.8021507263, "max": 26.6182346344, "mean": 14.0709447861, "median": 12.7976465225, "min": 2.11073851585, "var": 47.6439476013}, "barkbands_flatness_db": {"dmean": 0.0444416552782, "dmean2": 0.0622035451233, "dvar": 0.0021982062608, "dvar2": 0.00374939129688, "max": 0.558782458305, "mean": 0.174190029502, "median": 0.150452747941, "min": 0.018909547478, "var": 0.0106578115374}, "barkbands_kurtosis": {"dmean": 18.6354904175, "dmean2": 28.1598434448, "dvar": 3164.63549805, "dvar2": 6648.03417969, "max": 1822.69592285, "mean": 24.6068820953, "median": 4.53512620926, "min": -1.95708560944, "var": 6878.64257812}, "barkbands_skewness": {"dmean": 1.38225197792, "dmean2": 1.98706555367, "dvar": 2.72625160217, "dvar2": 5.61967086792, "max": 33.6121635437, "mean": 2.86556839943, "median": 2.00053453445, "min": -2.60826182365, "var": 10.6387882233}, "barkbands_spread": {"dmean": 10.8283185959, "dmean2": 15.7415809631, "dvar": 166.341766357, "dvar2": 325.798492432, "max": 121.725646973, "mean": 24.8497810364, "median": 17.9491348267, "min": 0.0619530901313, "var": 532.26385498}, "dissonance": {"dmean": 0.0234152954072, "dmean2": 0.0379728451371, "dvar": 0.000767735356931, "dvar2": 0.00197991076857, "max": 0.500000119209, "mean": 0.463201612234, "median": 0.475985318422, "min": 0.122400991619, "var": 0.00154360814486}, "dynamic_complexity": 2.81294512749, "erbbands_crest": {"dmean": 3.37402200699, "dmean2": 5.26192140579, "dvar": 12.0957765579, "dvar2": 25.6646747589, "max": 31.5858078003, "mean": 9.85609817505, "median": 7.96317577362, "min": 2.47577667236, "var": 31.7068519592}, "erbbands_flatness_db": {"dmean": 0.0289817433804, "dmean2": 0.0401988811791, "dvar": 0.000976966461167, "dvar2": 0.00171800004318, "max": 0.577004253864, "mean": 0.143457233906, "median": 0.128434464335, "min": 0.0511643700302, "var": 0.00413052504882}, "erbbands_kurtosis": {"dmean": 2.68572378159, "dmean2": 4.21353530884, "dvar": 33.7438812256, "dvar2": 71.6619186401, "max": 173.300384521, "mean": 2.44257307053, "median": -0.0438644886017, "min": -1.78552293777, "var": 69.6699142456}, "erbbands_skewness": {"dmean": 0.674569666386, "dmean2": 0.987050771713, "dvar": 0.537354230881, "dvar2": 1.16714167595, "max": 10.3528652191, "mean": 0.382453292608, "median": 0.166813775897, "min": -4.38689231873, "var": 1.79537081718}, "erbbands_spread": {"dmean": 15.9582309723, "dmean2": 24.0272254944, "dvar": 270.185333252, "dvar2": 575.598022461, "max": 156.276229858, "mean": 46.7684249878, "median": 43.6845703125, "min": 0.750303149223, "var": 691.485778809}, "hfc": {"dmean": 22.3475532532, "dmean2": 33.3353424072, "dvar": 1350.89697266, "dvar2": 3080.00195312, "max": 461.430999756, "mean": 29.4779014587, "median": 11.6247854233, "min": 2.47864903713e-07, "var": 2098.55859375}, "melbands_crest": {"dmean": 4.24945020676, "dmean2": 6.54981088638, "dvar": 15.0643119812, "dvar2": 36.6626052856, "max": 32.8596878052, "mean": 18.928653717, "median": 18.4809417725, "min": 2.72929739952, "var": 53.2762794495}, "melbands_flatness_db": {"dmean": 0.0567255020142, "dmean2": 0.0769336521626, "dvar": 0.00325662642717, "dvar2": 0.00581518094987, "max": 0.707415163517, "mean": 0.252897173166, "median": 0.231836393476, "min": 0.0178471524268, "var": 0.0167985744774}, "melbands_kurtosis": {"dmean": 27.2446346283, "dmean2": 41.4194755554, "dvar": 1988.45935059, "dvar2": 4227.98925781, "max": 822.803955078, "mean": 43.0454902649, "median": 15.4464950562, "min": -1.804484725, "var": 5212.34863281}, "melbands_skewness": {"dmean": 1.62198925018, "dmean2": 2.38058900833, "dvar": 2.62737011909, "dvar2": 5.69028091431, "max": 20.7000980377, "mean": 4.19885873795, "median": 3.38378000259, "min": -2.42820930481, "var": 10.0767221451}, "melbands_spread": {"dmean": 12.6896734238, "dmean2": 19.3478431702, "dvar": 341.813476562, "dvar2": 747.022888184, "max": 189.575393677, "mean": 22.8775272369, "median": 13.0017547607, "min": 0.184586003423, "var": 715.906555176}, "pitch_salience": {"dmean": 0.110083945096, "dmean2": 0.166276171803, "dvar": 0.0100272856653, "dvar2": 0.0220502000302, "max": 0.8817076087, "mean": 0.461688548326, "median": 0.477940797806, "min": 0.0170677211136, "var": 0.0384098030627}, "silence_rate_20dB": {"dmean": 0, "dmean2": 0, "dvar": 0, "dvar2": 0, "max": 1, "mean": 1, "median": 1, "min": 1, "var": 0}, "silence_rate_30dB": {"dmean": 0.0853403136134, "dmean2": 0.170702978969, "dvar": 0.0780589431524, "dvar2": 0.145747601986, "max": 1, "mean": 0.889543235302, "median": 1, "min": 0, "var": 0.09825989604}, "silence_rate_60dB": {"dmean": 0.0321989543736, "dmean2": 0.0642754286528, "dvar": 0.0311630349606, "dvar2": 0.0782098546624, "max": 1, "mean": 0.0433189384639, "median": 0, "min": 0, "var": 0.0414427779615}, "spectral_centroid": {"dmean": 473.695770264, "dmean2": 714.765136719, "dvar": 299589.5, "dvar2": 610785.1875, "max": 5719.42529297, "mean": 1486.04467773, "median": 1275.19177246, "min": 84.5365219116, "var": 881590.3125}, "spectral_complexity": {"dmean": 7.42670154572, "dmean2": 10.7841339111, "dvar": 80.8708724976, "dvar2": 166.502929688, "max": 64, "mean": 16.1463165283, "median": 11, "min": 0, "var": 168.075042725}, "spectral_decrease": {"dmean": 5.77645398181e-09, "dmean2": 9.50169720682e-09, "dvar": 5.41913614029e-17, "dvar2": 1.42552243656e-16, "max": -1.69717344663e-16, "mean": -1.05820667784e-08, "median": -5.99506710941e-09, "min": -5.67219586856e-08, "var": 1.21643566225e-16}, "spectral_energy": {"dmean": 0.0233088154346, "dmean2": 0.0380666442215, "dvar": 0.000803443195764, "dvar2": 0.00212033954449, "max": 0.215461939573, "mean": 0.0426129475236, "median": 0.0258503388613, "min": 6.6303407209e-10, "var": 0.00180211639963}, "spectral_energyband_high": {"dmean": 0.0020899057854, "dmean2": 0.00311492569745, "dvar": 1.50131081682e-05, "dvar2": 3.37672499882e-05, "max": 0.0493592135608, "mean": 0.00226591294631, "median": 0.000360613543307, "min": 4.15575516707e-12, "var": 2.24729865295e-05}, "spectral_energyband_low": {"dmean": 0.018552782014, "dmean2": 0.0301790200174, "dvar": 0.000746873440221, "dvar2": 0.00189814076293, "max": 0.213108062744, "mean": 0.0300474800169, "median": 0.0100466841832, "min": 3.4339014271e-11, "var": 0.00166631024331}, "spectral_energyband_middle_high": {"dmean": 0.00263444962911, "dmean2": 0.00420250883326, "dvar": 2.66111201199e-05, "dvar2": 6.77290299791e-05, "max": 0.0422048009932, "mean": 0.00344863045029, "median": 0.001499960199, "min": 2.69150847443e-12, "var": 3.11280382448e-05}, "spectral_energyband_middle_low": {"dmean": 0.00563288293779, "dmean2": 0.00913273636252, "dvar": 6.8727415055e-05, "dvar2": 0.000174049870111, "max": 0.101141616702, "mean": 0.00827111117542, "median": 0.00510242022574, "min": 6.31598606748e-10, "var": 9.19470039662e-05}, "spectral_entropy": {"dmean": 0.315926104784, "dmean2": 0.444260299206, "dvar": 0.152814313769, "dvar2": 0.292767167091, "max": 8.88329219818, "mean": 7.57710027695, "median": 7.74289464951, "min": 4.19679784775, "var": 0.525606751442}, "spectral_flux": {"dmean": 0.0496921241283, "dmean2": 0.081009298563, "dvar": 0.00298426277004, "dvar2": 0.00673290062696, "max": 0.398306727409, "mean": 0.11357178539, "median": 0.092294767499, "min": 4.05643731938e-05, "var": 0.00536321895197}, "spectral_kurtosis": {"dmean": 2.95886254311, "dmean2": 4.6970243454, "dvar": 245.383163452, "dvar2": 736.752258301, "max": 730.514709473, "mean": 6.64589834213, "median": 3.20272636414, "min": -0.970178604126, "var": 760.788269043}, "spectral_rms": {"dmean": 0.00171989062801, "dmean2": 0.00264066457748, "dvar": 3.01309455608e-06, "dvar2": 6.81360688759e-06, "max": 0.0144985094666, "mean": 0.00565217901021, "median": 0.00502193626016, "min": 8.04277647148e-07, "var": 9.62642297964e-06}, "spectral_rolloff": {"dmean": 1066.80236816, "dmean2": 1726.07397461, "dvar": 3206655, "dvar2": 6821270, "max": 13608.984375, "mean": 1826.5637207, "median": 667.529296875, "min": 64.599609375, "var": 6120706}, "spectral_skewness": {"dmean": 0.361744433641, "dmean2": 0.534258008003, "dvar": 0.325589776039, "dvar2": 0.730470538139, "max": 21.7276916504, "mean": 1.63889050484, "median": 1.35904085636, "min": -0.000650047324598, "var": 1.69934415817}, "spectral_spread": {"dmean": 967071.25, "dmean2": 1429079.875, "dvar": 1278842109950.0, "dvar2": 2459477737470.0, "max": 16524147, "mean": 5494009, "median": 5221816.5, "min": 182795.359375, "var": 4118381854720.0}, "spectral_strongpeak": {"dmean": 0.323824286461, "dmean2": 0.548067629337, "dvar": 0.293797433376, "dvar2": 0.781726956367, "max": 9.18504619598, "mean": 0.59232878685, "median": 0.479913502932, "min": 4.13396955992e-05, "var": 0.483926087618}, "zerocrossingrate": {"dmean": 0.0204481836408, "dmean2": 0.0207570977509, "dvar": 0.00051994191017, "dvar2": 0.000591264280956, "max": 0.37841796875, "mean": 0.0655383840203, "median": 0.0498046875, "min": 0.00244140625, "var": 0.00316582620144}, "barkbands": {"dmean": [0.000406911683967, 0.0159742441028, 0.00537179131061, 0.00237750052474, 0.00202115485445, 0.000811679463368, 0.000388211599784, 0.000430613406934, 0.000798772205599, 0.000573656929191, 0.000436799775343, 0.000295216595987, 0.000221566515393, 0.000212952319998, 0.000193681044038, 0.000258926476818, 0.000235971063375, 0.000278054445516, 0.000443225784693, 0.000368677487131, 0.00038320524618, 0.00044645217713, 0.000321889092447, 0.000260408152826, 0.000269050593488, 0.000225033945753, 5.90128402109e-05], "dmean2": [0.000718672177754, 0.0241537522525, 0.00866970699281, 0.00419288361445, 0.0033614684362, 0.00131562317256, 0.000633677584119, 0.000650453090202, 0.00125894253142, 0.000854350277223, 0.000746355217416, 0.000507295888383, 0.000363819184713, 0.000356745149475, 0.00032184322481, 0.000415507529397, 0.000396418879973, 0.000448345061159, 0.00071584113175, 0.000591916381381, 0.000590086274315, 0.000717899762094, 0.000480621907627, 0.0004043476074, 0.00042294836021, 0.000323407148244, 8.16017272882e-05], "dvar": [5.61401179766e-07, 0.000693919078913, 0.000136527480208, 3.32606578013e-05, 1.15803186418e-05, 1.79507185294e-06, 4.49697012073e-07, 7.06280104623e-07, 4.14682290284e-06, 2.77011849903e-06, 1.25157748698e-06, 6.31788964256e-07, 2.53180189702e-07, 2.79121820768e-07, 2.04819443184e-07, 3.23487057585e-07, 2.92959583703e-07, 3.87852139738e-07, 5.78519404826e-07, 4.29258136592e-07, 4.35128953313e-07, 7.72404803229e-07, 4.7414346227e-07, 4.15398403675e-07, 5.40000200999e-07, 3.32703592676e-07, 1.82394810366e-08], "dvar2": [1.70270345734e-06, 0.00167369446717, 0.00032934822957, 9.06820132514e-05, 2.96892885672e-05, 4.45094974566e-06, 1.13204498575e-06, 1.48746323703e-06, 7.67553774494e-06, 3.98583279093e-06, 3.41076452059e-06, 1.68652809407e-06, 6.32461308214e-07, 6.66258642923e-07, 5.37351525054e-07, 7.4337276601e-07, 7.60480418194e-07, 8.99597921489e-07, 1.37971153436e-06, 1.07858681986e-06, 1.00892600585e-06, 1.90470245798e-06, 1.07135451799e-06, 9.26419943426e-07, 1.19488481687e-06, 7.79747495017e-07, 3.40614789707e-08], "max": [0.00508833024651, 0.20411837101, 0.0875017493963, 0.0438583791256, 0.0408754535019, 0.0249371230602, 0.0152373583987, 0.0362886041403, 0.0938975438476, 0.0720418989658, 0.00985718332231, 0.0118982344866, 0.0104480609298, 0.0161790661514, 0.0126433772966, 0.0138214882463, 0.0130081567913, 0.0151046458632, 0.0118621662259, 0.00810190103948, 0.00658957893029, 0.00813384540379, 0.0211537946016, 0.0110636157915, 0.0136733120307, 0.00724124256521, 0.00206570513546], "mean": [0.000421909528086, 0.0237134676427, 0.00468151131645, 0.00184467190411, 0.00248841801658, 0.00116422586143, 0.000566733710002, 0.000670148641802, 0.00106797530316, 0.000787522119936, 0.000427982653491, 0.0002626964706, 0.000224271192565, 0.000213898296352, 0.000212560320506, 0.000290866504656, 0.000278105871985, 0.000352913019015, 0.000506059906911, 0.00037527497625, 0.000378182798158, 0.000447321101092, 0.000354618096026, 0.000282474356936, 0.000287736125756, 0.000234700579313, 7.66123775975e-05], "median": [0.000109992201033, 0.00554420333356, 0.000425966689363, 0.000235777697526, 0.00093981786631, 0.00039663806092, 0.000194608001038, 0.000252587662544, 0.000257154548308, 0.000106458304799, 7.5981086411e-05, 5.28973178007e-05, 5.53880381631e-05, 4.38671231677e-05, 5.74595323997e-05, 7.25032732589e-05, 7.54023058107e-05, 7.36503425287e-05, 0.00010239832045, 7.32139087631e-05, 7.36287111067e-05, 6.02778018219e-05, 4.59140574094e-05, 3.69609042536e-05, 3.15149700327e-05, 1.61396183103e-05, 4.31784701505e-06], "min": [3.65443406872e-13, 8.94237635329e-12, 1.04570406154e-11, 2.70711474071e-11, 2.20804610707e-10, 1.38819983286e-10, 1.31509352019e-11, 4.57075557958e-11, 6.7825142204e-12, 3.06530218959e-13, 1.28540393932e-13, 5.80933142303e-13, 2.8817242646e-13, 2.54267852433e-13, 3.08902128052e-13, 8.26112114371e-14, 1.81613228688e-13, 2.3584102336e-13, 2.13226978392e-13, 3.03029303039e-13, 3.50973075472e-13, 4.00786879812e-13, 2.62521585416e-13, 4.91802995897e-13, 4.8991290625e-13, 9.02911426182e-13, 1.2025261429e-12], "var": [5.34475191216e-07, 0.00135085859802, 0.000123699312098, 2.25750973186e-05, 1.48758945215e-05, 3.55629390469e-06, 8.65481808887e-07, 1.37658219046e-06, 9.59969202086e-06, 1.11304461825e-05, 1.01710134004e-06, 4.90242200613e-07, 2.70449987738e-07, 3.31623198235e-07, 2.24275638061e-07, 4.80789992707e-07, 4.16295506511e-07, 8.11718962268e-07, 8.82566553173e-07, 4.57813030152e-07, 4.84949850943e-07, 8.61072066982e-07, 9.20863499232e-07, 6.19666082002e-07, 9.95626578515e-07, 4.45340759825e-07, 3.11920018703e-08]}, "erbbands": {"dmean": [0.50214600563, 3.45057201385, 5.72098302841, 8.11374187469, 6.10425424576, 7.7950501442, 6.15713024139, 7.03174304962, 5.9112739563, 6.15228748322, 10.9019603729, 18.4022693634, 19.7647781372, 12.6375436783, 21.2208766937, 9.99077129364, 10.4552221298, 9.92689037323, 11.1705007553, 10.1302213669, 15.4894456863, 11.987405777, 13.3306713104, 18.7725753784, 23.8251876831, 17.8387565613, 15.8160982132, 18.1244163513, 14.2878427505, 12.129576683, 7.98436737061, 4.74570989609, 4.94748926163, 3.17020368576, 1.84388053417, 0.918988585472, 0.417170166969, 0.096480846405, 0.0101103335619, 0.000507541117258], "dmean2": [0.797129690647, 5.21807193756, 9.05329036713, 14.0848121643, 10.2191238403, 13.0122423172, 9.9842748642, 11.6118803024, 9.58675861359, 9.6703338623, 16.5927295685, 29.3445682526, 29.8757572174, 19.9540615082, 36.8722839355, 16.7653579712, 17.4219436646, 16.0520305634, 18.3830032349, 16.5506954193, 25.5461025238, 19.6334648132, 21.2112998962, 30.0784091949, 37.7787322998, 29.0699253082, 25.2175731659, 27.6225318909, 22.594367981, 18.8153591156, 11.8155937195, 6.96118593216, 7.87202358246, 4.96502542496, 2.88489985466, 1.30372357368, 0.609181940556, 0.135047584772, 0.0143662663177, 0.000733573513571], "dvar": [0.762599647045, 31.5269088745, 124.604484558, 384.003448486, 120.784164429, 183.374969482, 116.7967453, 151.03805542, 104.886581421, 120.804870605, 455.351928711, 2422.61962891, 3375.72241211, 596.026550293, 3753.23535156, 579.957214355, 635.413024902, 557.977844238, 732.068786621, 522.472473145, 1113.98059082, 753.489624023, 944.073059082, 1487.55822754, 1551.42529297, 1098.26843262, 745.551513672, 1192.00244141, 733.683288574, 528.924438477, 361.073272705, 109.213363647, 190.133422852, 73.5311508179, 28.8258094788, 5.71631765366, 1.16588497162, 0.0532517023385, 0.000553082034457, 1.64007519743e-06], "dvar2": [1.91805303097, 73.8765029907, 279.888092041, 1043.88378906, 325.742126465, 466.243286133, 294.05682373, 389.533935547, 254.825958252, 288.352539062, 985.791320801, 4552.58300781, 4713.82373047, 1481.53466797, 10414.7431641, 1477.16235352, 1620.0411377, 1236.31335449, 1830.69128418, 1358.97607422, 2670.54980469, 1889.1036377, 2201.94824219, 3480.50488281, 3498.86181641, 2838.74707031, 1857.16589355, 2775.32226562, 1732.26245117, 1279.57165527, 790.13458252, 218.272369385, 431.246582031, 166.36277771, 63.4118499756, 12.3723897934, 2.72900104523, 0.117180794477, 0.0010422305204, 4.01668285122e-06], "max": [6.35493612289, 43.7404289246, 83.5477294922, 156.727218628, 130.591918945, 177.826889038, 238.677261353, 170.248596191, 215.628555298, 220.48651123, 982.88671875, 1859.06433105, 2935.59057617, 326.275054932, 560.85333252, 304.645355225, 446.146728516, 944.299987793, 775.213867188, 530.708374023, 646.543395996, 642.563720703, 869.195556641, 829.778076172, 341.312896729, 371.441192627, 218.475662231, 366.36114502, 311.592529297, 392.018341064, 730.750976562, 280.912078857, 185.543457031, 130.716339111, 129.349136353, 50.3647499084, 14.8018693924, 1.93986105919, 0.325357466936, 0.0250850003213], "mean": [0.762043476105, 5.00644683838, 6.18270254135, 6.29870986938, 6.29384660721, 9.16220188141, 8.59050655365, 9.49413013458, 8.37670326233, 9.76743030548, 17.1313400269, 26.1581687927, 30.6023788452, 15.4894676208, 19.1327075958, 10.0973186493, 10.3745012283, 11.3110303879, 11.9405155182, 11.6735744476, 17.5658283234, 15.0126571655, 17.4549465179, 22.6691551208, 26.7367134094, 17.7396144867, 15.0048723221, 17.9854202271, 15.2202558517, 12.0160198212, 9.2062664032, 5.79041481018, 4.90512704849, 3.26041460037, 2.00105810165, 1.01447820663, 0.425262600183, 0.114634200931, 0.0130594512448, 0.000577846483793], "median": [0.141632184386, 1.20270323753, 1.08057487011, 0.866367936134, 1.70363724232, 3.2353758812, 3.63100194931, 2.94060873985, 2.99005746841, 3.66487312317, 7.53616094589, 7.42778253555, 4.83204984665, 3.70668292046, 3.74910354614, 2.68447160721, 2.640437603, 3.14953613281, 2.9932744503, 3.52481818199, 4.63028335571, 4.10247039795, 3.90807151794, 4.43309783936, 4.95297956467, 3.36511731148, 3.06129646301, 2.76217508316, 2.14788937569, 1.62511336803, 1.24420547485, 0.94185346365, 0.544542551041, 0.391536056995, 0.197952926159, 0.0827346146107, 0.027080943808, 0.00546285556629, 0.000695137656294, 0.0001165881622], "min": [1.72703046308e-10, 2.470192495e-09, 1.34819551079e-08, 5.96556688492e-08, 3.80265049671e-07, 6.13652389347e-07, 4.33096374763e-07, 7.48438537812e-07, 1.33297376692e-07, 6.99039048868e-07, 1.06011145817e-06, 1.76946301167e-07, 1.56336312784e-08, 9.21164122758e-09, 8.32657587324e-09, 2.48332678865e-08, 1.22498944322e-08, 1.23366614702e-08, 1.81541839339e-08, 9.92087390017e-09, 5.10190334424e-09, 1.14470246615e-08, 9.78774483684e-09, 1.48288608059e-08, 1.12111742112e-08, 1.22609815634e-08, 2.02807566296e-08, 1.09021192074e-08, 1.24270487234e-08, 9.02234020828e-09, 7.15887482627e-09, 9.19074061301e-09, 9.05078945124e-09, 3.47795170441e-09, 3.97479560377e-09, 3.12119108337e-09, 2.04873673582e-09, 7.15544290486e-10, 1.76714087807e-10, 1.63299616884e-11], "var": [1.43440330029, 61.176940918, 144.88331604, 267.469940186, 112.037010193, 249.94380188, 179.067214966, 254.521118164, 197.847549438, 288.268859863, 821.706176758, 4587.10986328, 22206.2402344, 871.817871094, 2585.96411133, 537.482177734, 630.207946777, 874.991821289, 788.4140625, 648.047424316, 1591.7097168, 1231.43139648, 2000.42883301, 2742.66772461, 2185.8190918, 1069.68774414, 735.705993652, 1367.96606445, 920.608886719, 688.258056641, 822.594055176, 265.266723633, 227.773880005, 103.88520813, 57.8153953552, 10.716381073, 1.5221568346, 0.0779018551111, 0.000927270099055, 1.77023218839e-06]}, "gfcc": {"mean": [-14.8112535477, 67.4366760254, -83.2737731934, 35.5378227234, -53.0328788757, 8.96220016479, -23.6109809875, 14.4869318008, -16.5888061523, 2.72283959389, -14.1587877274, 1.7912760973, -8.037733078], "cov": [[12240.5419922, -3571.95556641, -847.521484375, 815.070739746, 280.53137207, 506.865386963, -75.0220108032, -116.522697449, -408.096038818, 43.1073303223, -473.38180542, 13.2767438889, -326.245147705], [-3571.95556641, 2658.84887695, 135.11706543, -77.1047973633, 318.694580078, 6.84709596634, 271.886535645, 181.724380493, 375.420043945, -39.7007789612, 338.289886475, 24.3946151733, 229.764282227], [-847.521484375, 135.11706543, 1750.12658691, 219.309463501, -40.4183387756, -38.9000434875, 31.5125484467, 5.2026052475, 5.35048675537, 143.463272095, -16.1228923798, -2.2754805088, -33.9508323669], [815.070739746, -77.1047973633, 219.309463501, 653.435791016, 331.524597168, 114.836807251, 87.1031112671, -1.60412359238, 60.1507453918, 59.4102630615, 71.1885910034, 30.5446548462, 0.744315087795], [280.53137207, 318.694580078, -40.4183387756, 331.524597168, 603.196228027, 293.976501465, 235.99446106, 63.7855606079, 158.312362671, 31.5048713684, 106.890472412, 47.2636756897, 53.6778869629], [506.865386963, 6.84709596634, -38.9000434875, 114.836807251, 293.976501465, 446.733398438, 267.369720459, 124.84752655, 127.504440308, 36.7670326233, 47.3980674744, 32.3921737671, 31.0623245239], [-75.0220108032, 271.886535645, 31.5125484467, 87.1031112671, 235.99446106, 267.369720459, 417.976837158, 152.765426636, 193.339050293, 37.4244804382, 79.9917678833, 34.2670783997, 54.6406707764], [-116.522697449, 181.724380493, 5.2026052475, -1.60412359238, 63.7855606079, 124.84752655, 152.765426636, 245.308792114, 146.020523071, 40.9075469971, 36.4496116638, -4.37911224365, 25.168428421], [-408.096038818, 375.420043945, 5.35048675537, 60.1507453918, 158.312362671, 127.504440308, 193.339050293, 146.020523071, 279.3253479, 107.686164856, 113.586860657, 17.808423996, 42.9090614319], [43.1073303223, -39.7007789612, 143.463272095, 59.4102630615, 31.5048713684, 36.7670326233, 37.4244804382, 40.9075469971, 107.686164856, 149.678833008, 75.2100143433, 20.3852882385, -10.3539218903], [-473.38180542, 338.289886475, -16.1228923798, 71.1885910034, 106.890472412, 47.3980674744, 79.9917678833, 36.4496116638, 113.586860657, 75.2100143433, 181.704498291, 71.1477203369, 60.5745925903], [13.2767438889, 24.3946151733, -2.2754805088, 30.5446548462, 47.2636756897, 32.3921737671, 34.2670783997, -4.37911224365, 17.808423996, 20.3852882385, 71.1477203369, 118.183921814, 64.5093688965], [-326.245147705, 229.764282227, -33.9508323669, 0.744315087795, 53.6778869629, 31.0623245239, 54.6406707764, 25.168428421, 42.9090614319, -10.3539218903, 60.5745925903, 64.5093688965, 113.418388367]], "icov": [[0.000186447476153, 0.000147925995407, 0.000135799695272, -0.000235548606724, -4.8355130275e-05, -0.000142393939313, -2.73831028608e-05, -8.05345189292e-05, 0.00019113154849, -0.000293348974083, 0.000457780755823, -0.000281127315247, 0.000188100282685], [0.000147925995407, 0.0012280883966, -0.000287040602416, 0.000357144366717, -0.000587570073549, 0.000446177466074, 9.09039008548e-05, -0.000123744277516, -0.00128566648345, 0.00221924530342, -0.00218686880544, 0.0013420288451, -0.000917437602766], [0.000135799695272, -0.000287040602416, 0.000947993539739, -0.00064951821696, 0.000285718764644, -0.000104911217932, -0.000383733276976, -8.46970287967e-05, 0.00106108002365, -0.00219286233187, 0.00170617701951, -0.000683287216816, 0.000233103361097], [-0.000235548606724, 0.000357144366717, -0.00064951821696, 0.00298952916637, -0.00178394827526, 0.000712542561814, 0.000146496196976, 0.000147849379573, -0.000499675457831, 0.00103004416451, -0.00216511148028, 0.000939414836466, -0.000164237892022], [-4.8355130275e-05, -0.000587570073549, 0.000285718764644, -0.00178394827526, 0.00421495176852, -0.00206613750197, -0.000361588725355, 0.00093044602545, -0.000795050291345, 0.000281242275378, 0.000266470306087, -0.000588289170992, 0.000205960866879], [-0.000142393939313, 0.000446177466074, -0.000104911217932, 0.000712542561814, -0.00206613750197, 0.00516472337767, -0.00211462727748, -0.0011441828683, 0.000150333711645, 9.54188872129e-05, -0.000552347220946, 0.000229365046835, -0.000397152092773], [-2.73831028608e-05, 9.09039008548e-05, -0.000383733276976, 0.000146496196976, -0.000361588725355, -0.00211462727748, 0.00555454613641, -0.000873901939485, -0.00294738146476, 0.00232908455655, -0.000750912411604, -0.000401458964916, -0.000153444183525], [-8.05345189292e-05, -0.000123744277516, -8.46970287967e-05, 0.000147849379573, 0.00093044602545, -0.0011441828683, -0.000873901939485, 0.00694283563644, -0.00326909101568, 0.000333008647431, 0.000469688791782, 0.00105721340515, -0.0008389329887], [0.00019113154849, -0.00128566648345, 0.00106108002365, -0.000499675457831, -0.000795050291345, 0.000150333711645, -0.00294738146476, -0.00326909101568, 0.0131268939003, -0.0098523683846, 0.00149145454634, 0.000888799899258, -0.00121205556206], [-0.000293348974083, 0.00221924530342, -0.00219286233187, 0.00103004416451, 0.000281242275378, 9.54188872129e-05, 0.00232908455655, 0.000333008647431, -0.0098523683846, 0.0209371820092, -0.0108246384189, 0.000924295396544, 0.00353630958125], [0.000457780755823, -0.00218686880544, 0.00170617701951, -0.00216511148028, 0.000266470306087, -0.000552347220946, -0.000750912411604, 0.000469688791782, 0.00149145454634, -0.0108246384189, 0.018901463598, -0.00824360363185, -0.000403988873586], [-0.000281127315247, 0.0013420288451, -0.000683287216816, 0.000939414836466, -0.000588289170992, 0.000229365046835, -0.000401458964916, 0.00105721340515, 0.000888799899258, 0.000924295396544, -0.00824360363185, 0.0183264072984, -0.00983634684235], [0.000188100282685, -0.000917437602766, 0.000233103361097, -0.000164237892022, 0.000205960866879, -0.000397152092773, -0.000153444183525, -0.0008389329887, -0.00121205556206, 0.00353630958125, -0.000403988873586, -0.00983634684235, 0.0181505680084]]}, "melbands": {"dmean": [0.00455824518576, 0.00301444926299, 0.00129575864412, 0.000514445127919, 0.00022692407947, 0.0001544241386, 8.77819911693e-05, 6.9299043389e-05, 9.16851568036e-05, 0.000120661432447, 9.79885298875e-05, 5.06102660438e-05, 6.61715603201e-05, 4.21066542913e-05, 1.90070531971e-05, 2.36891646637e-05, 1.85226381291e-05, 1.9305758542e-05, 1.36960170494e-05, 1.63699423865e-05, 1.98597408598e-05, 1.30192738652e-05, 1.13337464427e-05, 1.40326364999e-05, 1.51367312355e-05, 1.98434227059e-05, 1.32254417622e-05, 1.21939165183e-05, 9.22814524529e-06, 1.06327770482e-05, 1.12896095743e-05, 9.06084096641e-06, 6.46382250125e-06, 7.08805237082e-06, 5.08505991093e-06, 3.25644828081e-06, 2.83905228571e-06, 3.61519118997e-06, 3.43908482137e-06, 2.41747238761e-06], "dmean2": [0.00704735564068, 0.00490217469633, 0.00222678040154, 0.000855229911394, 0.000372791866539, 0.000253026664723, 0.00014262588229, 0.000107474930701, 0.000142992910696, 0.000192565959878, 0.000148975741467, 8.02632130217e-05, 0.000113313173642, 7.31066684239e-05, 3.08226590278e-05, 3.93259906559e-05, 3.00695228361e-05, 3.24823013216e-05, 2.26505799219e-05, 2.61357545241e-05, 3.3465497836e-05, 2.16510670725e-05, 1.83873307833e-05, 2.2829432055e-05, 2.45063056354e-05, 3.23570093315e-05, 2.0095063519e-05, 2.03896051971e-05, 1.50158884935e-05, 1.66559075296e-05, 1.74452543433e-05, 1.4351142454e-05, 1.05938061097e-05, 1.09632810563e-05, 7.59825979912e-06, 4.68057623948e-06, 4.2927413233e-06, 5.65086565985e-06, 5.71488408241e-06, 3.68850328414e-06], "dvar": [6.10620627413e-05, 2.27938089665e-05, 8.81132109498e-06, 8.02509362074e-07, 1.44333284879e-07, 7.05362879216e-08, 2.25586358482e-08, 1.45096459292e-08, 2.83617076491e-08, 1.19215584959e-07, 8.3585490529e-08, 1.01352402027e-08, 3.27846585435e-08, 1.35626079256e-08, 2.25906737761e-09, 2.85228130004e-09, 2.3266784055e-09, 2.41134978651e-09, 1.02475827823e-09, 1.61849544877e-09, 1.99679517365e-09, 8.54576354126e-10, 7.7135309251e-10, 1.11645148682e-09, 1.10281650478e-09, 1.09970088591e-09, 5.0249343575e-10, 5.86758475141e-10, 2.63698007874e-10, 3.91151389056e-10, 5.27512089565e-10, 3.36135480561e-10, 1.44265335789e-10, 1.96695368326e-10, 1.85160234367e-10, 4.69849333051e-11, 4.43445107023e-11, 1.02894012755e-10, 1.0239443321e-10, 3.90501589398e-11], "dvar2": [0.000147623606608, 5.04971758346e-05, 2.37072581513e-05, 2.08244978239e-06, 3.66175044064e-07, 1.80077307732e-07, 5.55082806386e-08, 3.36026921843e-08, 6.37499155687e-08, 2.25244306762e-07, 1.20170341233e-07, 2.53131986483e-08, 9.02921115653e-08, 3.71397881338e-08, 5.19194021109e-09, 7.23275395131e-09, 5.16297626874e-09, 6.13529671512e-09, 2.86358603496e-09, 3.59252516624e-09, 5.01072694448e-09, 2.20935869599e-09, 1.90400850641e-09, 2.67449706826e-09, 2.59475863018e-09, 2.67583333269e-09, 1.1141152445e-09, 1.55000645652e-09, 6.85866530237e-10, 9.10018504996e-10, 1.28857891024e-09, 7.8973461104e-10, 3.65430602445e-10, 4.68402372444e-10, 4.2621181584e-10, 9.21936624265e-11, 9.3477406371e-11, 2.382748443e-10, 2.44738035393e-10, 8.39385436158e-11], "max": [0.0597981400788, 0.0370167195797, 0.0235113576055, 0.0114147281274, 0.00765398563817, 0.00411876570433, 0.00294073671103, 0.00236023776233, 0.00721733784303, 0.0146716497838, 0.0143873756751, 0.00139954907354, 0.0016148177674, 0.00167673034593, 0.00126364687458, 0.0013081249781, 0.00208258093335, 0.00116358068772, 0.000834873470012, 0.00121592055075, 0.000950161716901, 0.000644374580588, 0.000682314683218, 0.000978400465101, 0.000659707991872, 0.000375473842723, 0.000259584892774, 0.000262750312686, 0.000129188716528, 0.000211089689401, 0.00021986682259, 0.000184302800335, 0.000184307427844, 0.000216262153117, 0.000531525234692, 0.000210023106774, 0.000160682757269, 0.00013754106476, 0.00013067900727, 0.00012782306294], "mean": [0.00684107467532, 0.00442951032892, 0.00106028537266, 0.000591205665842, 0.000315002078423, 0.000212279337575, 0.000125562524772, 0.000110769004095, 0.000141561860801, 0.000167460355442, 0.000148142891703, 5.9143287217e-05, 6.13376105321e-05, 3.72417161998e-05, 1.94588974409e-05, 2.36177165789e-05, 2.05521537282e-05, 1.92934421648e-05, 1.46314905578e-05, 1.80400329555e-05, 2.13650382648e-05, 1.55919624376e-05, 1.45791591422e-05, 1.70503753907e-05, 1.79796370503e-05, 2.10382295336e-05, 1.46545189637e-05, 1.15435022963e-05, 8.63493823999e-06, 1.00202169051e-05, 1.11157505671e-05, 9.73245823843e-06, 6.19245975031e-06, 6.99298243489e-06, 5.65709706279e-06, 4.09986887462e-06, 3.37499795933e-06, 3.50206755684e-06, 3.2503858165e-06, 2.54536826105e-06], "median": [0.00146104511805, 0.00131265923847, 0.000188094199984, 0.000191251150682, 0.000138514835271, 6.68388020131e-05, 4.40019175585e-05, 4.30017134931e-05, 5.97594989813e-05, 4.13281959482e-05, 2.07067496376e-05, 1.22514038594e-05, 1.09213460746e-05, 7.74085037847e-06, 4.25596545028e-06, 5.91187881582e-06, 5.0680187087e-06, 4.10991151512e-06, 4.05007222071e-06, 4.72134979645e-06, 5.36428251507e-06, 4.34232333646e-06, 3.07670529764e-06, 3.50420464201e-06, 3.31639375872e-06, 3.6574178921e-06, 2.77308276964e-06, 2.06710024031e-06, 1.64053597018e-06, 1.73938224179e-06, 1.53013570525e-06, 1.21178493373e-06, 9.54334268499e-07, 8.48083061555e-07, 7.16194847428e-07, 6.4553591983e-07, 5.26358803654e-07, 3.82593754011e-07, 3.20129146303e-07, 3.19096471912e-07], "min": [2.0149754261e-12, 6.13364914415e-12, 1.57921418997e-11, 5.79700315528e-11, 1.07721540021e-11, 1.81208294897e-11, 1.96757584184e-12, 4.63257644051e-12, 7.73939679705e-12, 6.7596774532e-13, 5.02125874517e-14, 3.69698947833e-14, 2.06477240497e-14, 5.94046432054e-14, 5.04027700653e-14, 2.28596015137e-14, 2.24303336863e-14, 3.00945215742e-14, 2.25277882151e-14, 6.66427438746e-15, 5.95586896994e-15, 1.25105360235e-14, 7.19051605232e-15, 1.2119493099e-14, 1.20545468478e-14, 8.48857964442e-15, 9.70467162306e-15, 7.30104961677e-15, 1.38800053401e-14, 7.68000029891e-15, 6.64395914926e-15, 8.39635639119e-15, 5.71561019203e-15, 4.76068049389e-15, 3.98121282374e-15, 5.06603587138e-15, 5.49941350257e-15, 7.07232615706e-15, 4.26024368777e-15, 2.49385409682e-15], "var": [0.000115838207421, 4.29555366281e-05, 6.36969616608e-06, 9.78914158623e-07, 2.13228616985e-07, 1.26222914787e-07, 4.27787583135e-08, 3.42862698233e-08, 5.0662276152e-08, 2.44412944994e-07, 5.31804630555e-07, 1.36881439516e-08, 2.38842403633e-08, 9.76326930413e-09, 2.54727194893e-09, 2.9362325904e-09, 3.59104435077e-09, 2.40464936851e-09, 1.06533448729e-09, 2.04537276005e-09, 2.63140043089e-09, 1.29165067531e-09, 1.4812732152e-09, 1.99815719526e-09, 1.92433335933e-09, 1.47276568718e-09, 7.06811331685e-10, 5.11588604812e-10, 2.44619186018e-10, 4.07189088003e-10, 5.75770042754e-10, 4.25106311264e-10, 1.60236560132e-10, 2.53373849679e-10, 3.77877423796e-10, 1.28950197742e-10, 9.62481969125e-11, 1.1921891252e-10, 1.14381781824e-10, 6.25937010557e-11]}, "mfcc": {"mean": [-668.364624023, 103.073722839, 23.158290863, 32.959400177, 1.86740362644, 3.38199043274, 2.98562979698, 9.34269618988, 5.57452297211, 6.4730629921, 2.60702872276, 0.639004826546, 1.0512188673], "cov": [[9755.7578125, -2391.4296875, -988.058837891, -73.435760498, 31.4870872498, 457.935333252, 150.966522217, 48.1754379272, -11.4994783401, -31.9824695587, -134.326629639, -275.813690186, -222.287826538], [-2391.4296875, 1987.40515137, 132.625305176, 96.1892776489, 139.337844849, -41.1634254456, 78.9461517334, 195.46182251, 139.883758545, 90.24584198, 109.047241211, 192.50050354, 176.060974121], [-988.058837891, 132.625305176, 1380.20446777, 268.383026123, 32.5226669312, -28.3271636963, -3.65941381454, -117.938713074, 8.86382198334, 38.1788482666, 28.8317012787, 40.5378837585, 3.93744969368], [-73.435760498, 96.1892776489, 268.383026123, 544.032104492, 206.213531494, 118.573242188, 50.6459617615, 3.66896533966, -3.48765444756, 5.02244138718, 40.1242713928, 41.3031272888, 42.1872787476], [31.4870872498, 139.337844849, 32.5226669312, 206.213531494, 364.860687256, 192.927307129, 100.280326843, 72.523979187, 44.3532295227, 42.684425354, 41.8748130798, 54.7957382202, 42.1704750061], [457.935333252, -41.1634254456, -28.3271636963, 118.573242188, 192.927307129, 397.371063232, 183.984115601, 147.146881104, 97.4411621094, 61.0462989807, 70.4593353271, 64.1062545776, 60.5040206909], [150.966522217, 78.9461517334, -3.65941381454, 50.6459617615, 100.280326843, 183.984115601, 228.933151245, 166.451263428, 97.3171615601, 61.8230056763, 40.851360321, 42.7020530701, 33.872756958], [48.1754379272, 195.46182251, -117.938713074, 3.66896533966, 72.523979187, 147.146881104, 166.451263428, 269.921386719, 156.304336548, 97.0726470947, 62.6167869568, 54.9175949097, 51.4632339478], [-11.4994783401, 139.883758545, 8.86382198334, -3.48765444756, 44.3532295227, 97.4411621094, 97.3171615601, 156.304336548, 193.921264648, 133.649154663, 81.9209060669, 55.61353302, 31.3736152649], [-31.9824695587, 90.24584198, 38.1788482666, 5.02244138718, 42.684425354, 61.0462989807, 61.8230056763, 97.0726470947, 133.649154663, 172.069213867, 118.225944519, 69.7058868408, 20.1560535431], [-134.326629639, 109.047241211, 28.8317012787, 40.1242713928, 41.8748130798, 70.4593353271, 40.851360321, 62.6167869568, 81.9209060669, 118.225944519, 165.160842896, 112.493835449, 53.8846702576], [-275.813690186, 192.50050354, 40.5378837585, 41.3031272888, 54.7957382202, 64.1062545776, 42.7020530701, 54.9175949097, 55.61353302, 69.7058868408, 112.493835449, 150.2993927, 94.3220825195], [-222.287826538, 176.060974121, 3.93744969368, 42.1872787476, 42.1704750061, 60.5040206909, 33.872756958, 51.4632339478, 31.3736152649, 20.1560535431, 53.8846702576, 94.3220825195, 126.914489746]], "icov": [[0.000172006068169, 0.000188705715118, 0.000108290994831, -4.68405996799e-05, 1.02709200291e-05, -0.000156287962454, -4.03812155128e-05, -5.40905239177e-06, -3.88926273445e-05, -9.52735426836e-05, 9.35336647672e-05, 8.76153062563e-05, 5.56783888896e-05], [0.000188705715118, 0.000908303365577, 4.09948952438e-05, -6.94219779689e-05, -0.000318964419421, 0.000430380692706, -1.62865217135e-05, -0.00054029119201, -0.000324888707837, 0.000154340348672, 0.000207600096473, -0.000504183175508, -0.000441110983957], [0.000108290994831, 4.09948952438e-05, 0.00100503861904, -0.000554943922907, 0.000225240350119, -1.6437221575e-06, -0.000501657137647, 0.00104864500463, -0.000532743753865, -0.000455458561191, 0.000452959618997, -0.000342306215316, 0.00018681131769], [-4.68405996799e-05, -6.94219779689e-05, -0.000554943922907, 0.00277441018261, -0.00145388790406, -0.000126497252495, -4.1813855205e-05, -4.84317524752e-06, 0.000399654440116, 0.00077579554636, -0.00121738691814, 0.000779733352829, -0.000618858961388], [1.02709200291e-05, -0.000318964419421, 0.000225240350119, -0.00145388790406, 0.00476388353854, -0.00197554612532, -0.000253700301982, 0.000220040048589, 0.000706982275005, -0.00152205268387, 0.00149924284779, -0.00117834948469, 0.000580295920372], [-0.000156287962454, 0.000430380692706, -1.6437221575e-06, -0.000126497252495, -0.00197554612532, 0.00580101879314, -0.00306349084713, -0.00024243601365, -0.00136465008836, 0.00180498918053, -0.00194924208336, 0.000462007883471, -0.00148691970389], [-4.03812155128e-05, -1.62865217135e-05, -0.000501657137647, -4.1813855205e-05, -0.000253700301982, -0.00306349084713, 0.0106743099168, -0.00554845063016, 0.000758078123908, -0.000700649339706, 0.00163353886455, -0.00147982803173, 0.00125716091134], [-5.40905239177e-06, -0.00054029119201, 0.00104864500463, -4.84317524752e-06, 0.000220040048589, -0.00024243601365, -0.00554845063016, 0.0118970153853, -0.00657123886049, 0.000210498867091, 2.06871627597e-05, 0.00113386008888, -0.0018522181781], [-3.88926273445e-05, -0.000324888707837, -0.000532743753865, 0.000399654440116, 0.000706982275005, -0.00136465008836, 0.000758078123908, -0.00657123886049, 0.017757460475, -0.0113236792386, 0.00214501773007, 0.000353791139787, -0.000620770151727], [-9.52735426836e-05, 0.000154340348672, -0.000455458561191, 0.00077579554636, -0.00152205268387, 0.00180498918053, -0.000700649339706, 0.000210498867091, -0.0113236792386, 0.0223841089755, -0.0123567432165, 0.000439119961811, 0.00328646111302], [9.35336647672e-05, 0.000207600096473, 0.000452959618997, -0.00121738691814, 0.00149924284779, -0.00194924208336, 0.00163353886455, 2.06871627597e-05, 0.00214501773007, -0.0123567432165, 0.022244123742, -0.0129523305222, 0.0018671763828], [8.76153062563e-05, -0.000504183175508, -0.000342306215316, 0.000779733352829, -0.00117834948469, 0.000462007883471, -0.00147982803173, 0.00113386008888, 0.000353791139787, 0.000439119961811, -0.0129523305222, 0.0246213190258, -0.012245606631], [5.56783888896e-05, -0.000441110983957, 0.00018681131769, -0.000618858961388, 0.000580295920372, -0.00148691970389, 0.00125716091134, -0.0018522181781, -0.000620770151727, 0.00328646111302, 0.0018671763828, -0.012245606631, 0.0176598839462]]}, "spectral_contrast_coeffs": {"dmean": [0.0626264587045, 0.0527194552124, 0.0469999797642, 0.0315282270312, 0.0272235013545, 0.0246273614466], "dmean2": [0.096074424684, 0.0866083651781, 0.0734752416611, 0.0510187894106, 0.0433383993804, 0.0363467894495], "dvar": [0.00251033692621, 0.00185794092249, 0.00152292242274, 0.000697952171322, 0.000594669603743, 0.000515137624461], "dvar2": [0.00595739251003, 0.00494429143146, 0.00356454704888, 0.00172014522832, 0.00150359072722, 0.00111669092439], "max": [-0.227518096566, -0.430775970221, -0.360854804516, -0.444245457649, -0.565012574196, -0.591889619827], "mean": [-0.647887885571, -0.748059630394, -0.761887848377, -0.811290919781, -0.795550227165, -0.766485333443], "median": [-0.65467274189, -0.755295753479, -0.774393618107, -0.816191971302, -0.799120008945, -0.763812422752], "min": [-0.88078802824, -0.945872068405, -0.944899976254, -0.942911982536, -0.944693803787, -0.946016907692], "var": [0.00871613621712, 0.00541410734877, 0.00599212292582, 0.00228752638213, 0.00205381633714, 0.0018642146606]}, "spectral_contrast_valleys": {"dmean": [0.566611647606, 0.552204608917, 0.591762721539, 0.598667085171, 0.654344260693, 0.682431817055], "dmean2": [0.84416270256, 0.862176716328, 0.862039923668, 0.814389646053, 0.831198096275, 0.834248423576], "dvar": [0.33534693718, 0.279824793339, 0.377898275852, 0.423881024122, 0.51548576355, 0.541088402271], "dvar2": [0.583499729633, 0.618603110313, 0.82811152935, 0.844620525837, 1.10964894295, 1.09503519535], "max": [-5.1094455719, -4.81635522842, -5.20641756058, -5.59139728546, -5.1980342865, -7.13689947128], "mean": [-7.37718629837, -6.98061466217, -7.774