{"lowlevel": {"average_loudness": 0.40718460083, "barkbands_crest": {"dmean": 2.03413820267, "dmean2": 3.12973332405, "dvar": 4.32287025452, "dvar2": 10.3765802383, "max": 26.3848419189, "mean": 11.8724241257, "median": 11.2396554947, "min": 3.03438091278, "var": 16.9288978577}, "barkbands_flatness_db": {"dmean": 0.0191789958626, "dmean2": 0.0276615414768, "dvar": 0.000490067410283, "dvar2": 0.00094090757193, "max": 0.47264367342, "mean": 0.191019818187, "median": 0.184141367674, "min": 0.0370716527104, "var": 0.00364259025082}, "barkbands_kurtosis": {"dmean": 3.81687545776, "dmean2": 5.7783164978, "dvar": 51.5989990234, "dvar2": 117.990257263, "max": 242.720062256, "mean": 9.44209194183, "median": 5.33477115631, "min": -1.95101177692, "var": 166.745254517}, "barkbands_skewness": {"dmean": 0.483992725611, "dmean2": 0.704263925552, "dvar": 0.362837135792, "dvar2": 0.782239735126, "max": 13.5068750381, "mean": 1.86419558525, "median": 1.85624885559, "min": -4.68731069565, "var": 2.45591783524}, "barkbands_spread": {"dmean": 3.49766516685, "dmean2": 5.31494283676, "dvar": 65.1242446899, "dvar2": 130.255187988, "max": 111.497756958, "mean": 12.8499298096, "median": 9.28191566467, "min": 0.419923067093, "var": 193.203689575}, "dissonance": {"dmean": 0.0263666585088, "dmean2": 0.0435392148793, "dvar": 0.000875671627, "dvar2": 0.00240194960497, "max": 0.499991625547, "mean": 0.419782310724, "median": 0.433047771454, "min": 0.101820975542, "var": 0.00273279775865}, "dynamic_complexity": 6.99630784988, "erbbands_crest": {"dmean": 2.35925340652, "dmean2": 3.57615184784, "dvar": 6.28373670578, "dvar2": 14.147690773, "max": 31.7197132111, "mean": 11.7635059357, "median": 10.7835407257, "min": 1.95411789417, "var": 26.6537666321}, "erbbands_flatness_db": {"dmean": 0.0166986696422, "dmean2": 0.0235764682293, "dvar": 0.000412903318647, "dvar2": 0.00075913767796, "max": 0.409887880087, "mean": 0.201668784022, "median": 0.201269626617, "min": 0.0309434551746, "var": 0.00341246090829}, "erbbands_kurtosis": {"dmean": 1.47339880466, "dmean2": 2.19519758224, "dvar": 11.2796440125, "dvar2": 24.1590480804, "max": 152.064300537, "mean": 2.54145860672, "median": 0.565172433853, "min": -1.81322979927, "var": 44.5432434082}, "erbbands_skewness": {"dmean": 0.367094308138, "dmean2": 0.525376737118, "dvar": 0.214836940169, "dvar2": 0.412059426308, "max": 10.4802970886, "mean": 0.845166683197, "median": 0.750443160534, "min": -8.44369792938, "var": 1.21993494034}, "erbbands_spread": {"dmean": 6.38956212997, "dmean2": 9.6080121994, "dvar": 132.67489624, "dvar2": 302.250152588, "max": 156.105484009, "mean": 31.2249011993, "median": 28.3892250061, "min": 1.26108455658, "var": 456.741394043}, "hfc": {"dmean": 3.15586709976, "dmean2": 3.90791726112, "dvar": 39.1191062927, "dvar2": 61.0862121582, "max": 129.165649414, "mean": 13.7096681595, "median": 3.31157255173, "min": 1.0782228478e-16, "var": 397.522064209}, "melbands_crest": {"dmean": 2.44629192352, "dmean2": 3.79830741882, "dvar": 6.22191381454, "dvar2": 15.063457489, "max": 35.7794342041, "mean": 15.1506004333, "median": 14.4319791794, "min": 1.00074648857, "var": 28.5770797729}, "melbands_flatness_db": {"dmean": 0.0217466913164, "dmean2": 0.0304191932082, "dvar": 0.000697773939464, "dvar2": 0.00127447361592, "max": 0.632890164852, "mean": 0.259322971106, "median": 0.245973750949, "min": -4.83203109525e-07, "var": 0.00721940491349}, "melbands_kurtosis": {"dmean": 7.96302556992, "dmean2": 12.2353935242, "dvar": 265.74508667, "dvar2": 664.012756348, "max": 432.858917236, "mean": 20.4547481537, "median": 11.8662929535, "min": -1.94348573685, "var": 732.645080566}, "melbands_skewness": {"dmean": 0.610966622829, "dmean2": 0.900998353958, "dvar": 0.645264029503, "dvar2": 1.51136207581, "max": 16.1848316193, "mean": 2.7794034481, "median": 2.73682284355, "min": -2.25230455399, "var": 4.26771640778}, "melbands_spread": {"dmean": 4.31663370132, "dmean2": 6.19839191437, "dvar": 145.902267456, "dvar2": 248.15184021, "max": 298.32321167, "mean": 15.6958999634, "median": 10.0364751816, "min": 0.334201186895, "var": 637.558898926}, "pitch_salience": {"dmean": 0.0579554140568, "dmean2": 0.0890666469932, "dvar": 0.00333704915829, "dvar2": 0.00784507766366, "max": 0.996086537838, "mean": 0.584382474422, "median": 0.593972563744, "min": 0.079668186605, "var": 0.0152174318209}, "silence_rate_20dB": {"dmean": 0, "dmean2": 0, "dvar": 0, "dvar2": 0, "max": 1, "mean": 1, "median": 1, "min": 1, "var": 0}, "silence_rate_30dB": {"dmean": 0.000125062535517, "dmean2": 0.000250140699791, "dvar": 0.000125042890431, "dvar2": 0.000250062119449, "max": 1, "mean": 0.999812424183, "median": 1, "min": 0, "var": 0.000187537880265}, "silence_rate_60dB": {"dmean": 0.0579039528966, "dmean2": 0.115815147758, "dvar": 0.0545548461378, "dvar2": 0.111916907132, "max": 1, "mean": 0.317263811827, "median": 0, "min": 0, "var": 0.216594979167}, "spectral_centroid": {"dmean": 132.222137451, "dmean2": 186.059494019, "dvar": 76205.671875, "dvar2": 134183.515625, "max": 11914.7197266, "mean": 868.672180176, "median": 682.75604248, "min": 114.264022827, "var": 918839.0625}, "spectral_complexity": {"dmean": 1.33704352379, "dmean2": 2.02476382256, "dvar": 2.80010676384, "dvar2": 4.6886639595, "max": 47, "mean": 8.53936100006, "median": 7, "min": 0, "var": 32.1384773254}, "spectral_decrease": {"dmean": 9.11613340371e-10, "dmean2": 1.17192111571e-09, "dvar": 2.44879975427e-18, "dvar2": 4.06052581586e-18, "max": 5.85695470204e-28, "mean": -3.92233046043e-09, "median": -1.89353555058e-09, "min": -3.26240368054e-08, "var": 2.01413598791e-17}, "spectral_energy": {"dmean": 0.00368810282089, "dmean2": 0.00472920993343, "dvar": 4.01222678192e-05, "dvar2": 6.60186487949e-05, "max": 0.1307194978, "mean": 0.0160472467542, "median": 0.00765136675909, "min": 1.01991797658e-20, "var": 0.000343545660144}, "spectral_energyband_high": {"dmean": 9.64916980593e-05, "dmean2": 0.000127953317133, "dvar": 1.07528592252e-07, "dvar2": 1.76310450684e-07, "max": 0.0134542100132, "mean": 0.000256906932918, "median": 3.75729323423e-05, "min": 7.03625274535e-21, "var": 5.08804419042e-07}, "spectral_energyband_low": {"dmean": 0.000518024957273, "dmean2": 0.000738331815228, "dvar": 2.20403012463e-06, "dvar2": 4.31815897173e-06, "max": 0.0674569457769, "mean": 0.00150675163604, "median": 0.000608620466664, "min": 9.20480769535e-24, "var": 1.4120589185e-05}, "spectral_energyband_middle_high": {"dmean": 0.0015645835083, "dmean2": 0.00192065665033, "dvar": 1.5889560018e-05, "dvar2": 2.53616235568e-05, "max": 0.109483398497, "mean": 0.00629068166018, "median": 0.000402934500016, "min": 1.14691964469e-21, "var": 0.000161485819262}, "spectral_energyband_middle_low": {"dmean": 0.00256577017717, "dmean2": 0.00349923409522, "dvar": 2.38403099502e-05, "dvar2": 4.42765558546e-05, "max": 0.119092822075, "mean": 0.00829152949154, "median": 0.00422717956826, "min": 1.8046040128e-22, "var": 0.000112697343866}, "spectral_entropy": {"dmean": 0.207696482539, "dmean2": 0.296089500189, "dvar": 0.0661594420671, "dvar2": 0.122928492725, "max": 9.82224273682, "mean": 6.80562877655, "median": 6.78890752792, "min": 4.37873411179, "var": 0.409177094698}, "spectral_flux": {"dmean": 0.0184783115983, "dmean2": 0.0283247660846, "dvar": 0.000577667029575, "dvar2": 0.00132813246455, "max": 0.312122225761, "mean": 0.0450921654701, "median": 0.0304250959307, "min": 6.48571890638e-11, "var": 0.00193886621855}, "spectral_kurtosis": {"dmean": 3.48208332062, "dmean2": 5.74316263199, "dvar": 24.5490131378, "dvar2": 60.1577949524, "max": 87.2323303223, "mean": 9.58402061462, "median": 6.52917957306, "min": -1.53195691109, "var": 101.101371765}, "spectral_rms": {"dmean": 0.00043002187158, "dmean2": 0.000539720756933, "dvar": 3.63609331089e-07, "dvar2": 5.23659082319e-07, "max": 0.011292972602, "mean": 0.00329842185602, "median": 0.00273216911592, "min": 3.15442854129e-12, "var": 4.7762655413e-06}, "spectral_rolloff": {"dmean": 257.092803955, "dmean2": 442.039489746, "dvar": 897311.1875, "dvar2": 1785037.75, "max": 19681.3476562, "mean": 1168.14440918, "median": 581.396484375, "min": 21.533203125, "var": 4138335.5}, "spectral_skewness": {"dmean": 0.345223903656, "dmean2": 0.542605698109, "dvar": 0.167479678988, "dvar2": 0.365869998932, "max": 7.53652715683, "mean": 2.29855895042, "median": 2.10226678848, "min": -1.03834760189, "var": 1.03819715977}, "spectral_spread": {"dmean": 656153.75, "dmean2": 965239.4375, "dvar": 1239311450110.0, "dvar2": 2392546607100.0, "max": 42461580, "mean": 4465915, "median": 3785944.5, "min": 1058472.5, "var": 11834288504800.0}, "spectral_strongpeak": {"dmean": 0.446197301149, "dmean2": 0.687730789185, "dvar": 0.744639337063, "dvar2": 1.67710912228, "max": 13.0761289597, "mean": 1.38635218143, "median": 0.451737344265, "min": 0, "var": 3.9418566227}, "zerocrossingrate": {"dmean": 0.00809150934219, "dmean2": 0.0091260438785, "dvar": 0.000278788327705, "dvar2": 0.000280026404653, "max": 0.5283203125, "mean": 0.0468830280006, "median": 0.03662109375, "min": 0, "var": 0.00311122857966}, "barkbands": {"dmean": [4.4262411393e-05, 0.000179986353032, 0.000286974944174, 0.000423777935794, 0.000855762336869, 0.000467039440991, 0.000834771723021, 0.000424404453952, 0.00059752893867, 0.000567728711758, 0.000557273859158, 0.000364431383787, 0.000283876870526, 0.000338640558766, 0.000321693805745, 0.000100591256341, 4.87279685331e-05, 5.84967601753e-05, 1.37902907227e-05, 2.74122812698e-05, 1.49879688252e-05, 1.57861650223e-05, 1.6451049305e-05, 3.3334516047e-05, 2.03063300432e-05, 4.48591708846e-06, 6.92755506293e-08], "dmean2": [4.5408589358e-05, 0.000243434973527, 0.00042859048699, 0.000678091892041, 0.00118815386668, 0.000671408721246, 0.00114953040611, 0.000589611765463, 0.000846101203933, 0.000710423861165, 0.000808173557743, 0.000480414455524, 0.000391274428694, 0.000468338897917, 0.000443846860435, 0.000135663693072, 7.02791658114e-05, 8.29429773148e-05, 1.98644447664e-05, 3.81705540349e-05, 2.03015388252e-05, 2.16092630581e-05, 2.31426420214e-05, 4.69839760626e-05, 2.83774497802e-05, 6.56389647702e-06, 1.17679064715e-07], "dvar": [3.4222544798e-08, 3.10404857373e-07, 7.54762822908e-07, 1.57008730639e-06, 3.73388434127e-06, 1.97164604288e-06, 9.25913536776e-06, 4.72695228382e-06, 4.5082510951e-06, 5.09856636199e-06, 5.96100517214e-06, 2.45341948357e-06, 1.76261096385e-06, 1.51893380007e-06, 1.79569690317e-06, 2.55267792681e-07, 2.99514226754e-08, 3.74245097134e-08, 1.87899229509e-09, 4.9700794591e-09, 1.88020576886e-09, 3.92949628392e-09, 5.2261825978e-09, 2.61411123859e-08, 1.34867930157e-08, 5.92475957184e-10, 1.10733525214e-13], "dvar2": [5.21010221632e-08, 4.30251674288e-07, 1.71833619333e-06, 4.18090212406e-06, 6.94276513968e-06, 3.86943065678e-06, 1.70459115907e-05, 9.00298255146e-06, 9.38217090152e-06, 7.52900905354e-06, 1.3293189113e-05, 4.3038894546e-06, 3.50917071046e-06, 3.01877867059e-06, 3.59391856364e-06, 4.31894534358e-07, 5.95005253956e-08, 6.7448418406e-08, 3.68693586772e-09, 9.27795529293e-09, 3.42970563061e-09, 6.17519324564e-09, 1.04002007006e-08, 4.99406453969e-08, 2.4449255065e-08, 1.19130394438e-09, 3.01201582122e-13], "max": [0.0161898229271, 0.0293986983597, 0.0379394739866, 0.0342770367861, 0.0700828060508, 0.0355778262019, 0.0870455950499, 0.114160455763, 0.0518677942455, 0.0660122483969, 0.0892780050635, 0.0609121993184, 0.0494842231274, 0.0410917289555, 0.0410988926888, 0.0253477692604, 0.010251712054, 0.00773468241096, 0.00203852076083, 0.00296290311962, 0.00168050103821, 0.00506243715063, 0.00481681339443, 0.00702150212601, 0.00523453485221, 0.00131539301947, 1.26469067254e-05], "mean": [0.000186091725482, 0.00045036879601, 0.000761533796322, 0.000682435696945, 0.00197809399106, 0.00109897833318, 0.00201640441082, 0.00090105336858, 0.00129632058088, 0.0014974224614, 0.00124196533579, 0.00102544750553, 0.000654774543364, 0.000766118697356, 0.000681435514707, 0.000216902568354, 0.000112681380415, 0.000146601872984, 3.13434647978e-05, 7.36513029551e-05, 3.93458176404e-05, 3.96098948841e-05, 3.58850847988e-05, 6.77523130435e-05, 3.87268119084e-05, 6.22877996648e-06, 6.04552425898e-08], "median": [3.95721108362e-05, 0.000108704181912, 0.000194125226699, 0.000265387207037, 0.000947057968006, 0.000142455726746, 0.000193096173462, 3.5388427932e-05, 7.28639861336e-05, 3.28021415044e-05, 5.22477494087e-05, 2.57607680396e-05, 4.05009450333e-05, 4.04712154705e-05, 2.46053677984e-05, 7.65311233408e-06, 1.11228509923e-05, 1.19799642562e-05, 5.29144608663e-06, 5.36367224413e-06, 7.08106608727e-06, 3.90241575587e-06, 4.46625062978e-06, 5.68082532482e-06, 2.60037563748e-06, 3.53996995273e-07, 3.89487420094e-09], "min": [1.83093482114e-25, 2.300711844e-24, 7.19905143685e-25, 5.51002085965e-25, 6.75024332293e-24, 7.72546157296e-24, 4.74182475748e-24, 5.12305362284e-24, 1.16193515763e-23, 2.43286438664e-24, 1.52129064559e-23, 2.16629456059e-23, 3.30734573016e-23, 4.3274189268e-23, 4.79677002394e-23, 5.91128059944e-23, 6.22675743504e-23, 8.83520932186e-23, 1.0078899026e-22, 1.96775874957e-22, 2.38235892403e-22, 2.81557457501e-22, 3.96963087391e-22, 6.28251551221e-22, 8.35732571585e-22, 1.23374442746e-21, 2.07101104952e-21], "var": [2.56447123093e-07, 2.67473797066e-06, 4.49852450402e-06, 1.98223528969e-06, 1.07227642729e-05, 7.95263622422e-06, 3.84314371331e-05, 1.82908879651e-05, 1.34316396725e-05, 2.97019651043e-05, 2.1265268515e-05, 1.21233197206e-05, 6.96163988323e-06, 5.8889063439e-06, 6.06650337431e-06, 8.78958246631e-07, 1.31787757596e-07, 1.71141465444e-07, 6.93975144017e-09, 2.87153305578e-08, 9.04450292438e-09, 2.12220623297e-08, 1.64009197334e-08, 8.89153284334e-08, 5.08619031336e-08, 1.3821372935e-09, 9.777785813e-14]}, "erbbands": {"dmean": [0.00138455315027, 0.0545179694891, 0.32137838006, 0.697319149971, 2.98950314522, 2.52971625328, 2.35213804245, 3.90968608856, 9.24114990234, 12.8141288757, 8.09807777405, 12.4589509964, 14.0480499268, 20.7831993103, 17.4471149445, 14.0220766068, 13.2297210693, 14.1504459381, 18.9578056335, 8.14771556854, 3.51922821999, 2.19174528122, 3.34074950218, 0.566673398018, 1.09067797661, 1.26543414593, 0.611201107502, 0.601907432079, 0.51850271225, 0.511778771877, 0.485038608313, 0.606772303581, 0.596105158329, 0.320530772209, 0.0933688431978, 0.0315322987735, 0.00480932323262, 0.000411162240198, 1.29417830976e-05, 4.81148117615e-06], "dmean2": [0.00197201245464, 0.0732735469937, 0.460392028093, 1.08904016018, 4.18395805359, 3.71333694458, 3.42378306389, 5.48901605606, 12.8708229065, 17.5826759338, 11.0474805832, 17.4250221252, 18.8540916443, 26.2853889465, 23.5711994171, 18.231508255, 17.6307029724, 18.9463272095, 26.2513084412, 10.4014673233, 4.63902425766, 2.92977333069, 4.56543016434, 0.790895402431, 1.51199877262, 1.73401212692, 0.836011171341, 0.795277476311, 0.703314483166, 0.705633044243, 0.678892433643, 0.865595042706, 0.840198874474, 0.444681167603, 0.134141400456, 0.0455178767443, 0.00725587503985, 0.000640658894554, 1.94471031136e-05, 6.18781950834e-06], "dvar": [0.000196775785298, 0.026347707957, 0.960175812244, 4.0806427002, 69.3745269775, 28.2718849182, 52.1644477844, 151.809875488, 1104.49853516, 3114.5871582, 1140.52880859, 2326.43896484, 2825.23583984, 8567.234375, 4497.67578125, 4143.59277344, 3489.50170898, 2796.24267578, 6384.30859375, 981.428649902, 253.167251587, 53.3353538513, 113.67931366, 1.74108958244, 9.76874160767, 12.6916894913, 2.76321601868, 4.77799224854, 5.97656774521, 2.97259616852, 4.93516397476, 9.19721984863, 8.7788028717, 3.38019561768, 0.295977681875, 0.0318275727332, 0.000622679945081, 3.46820229424e-06, 2.50091702902e-09, 6.8318246893e-11], "dvar2": [0.000393397989683, 0.0347560383379, 1.84398460388, 10.640748024, 123.225547791, 64.2032012939, 103.543617249, 294.499450684, 2078.19628906, 5710.50585938, 2156.72045898, 4994.52636719, 5128.29052734, 15256.8603516, 8522.08691406, 7519.41455078, 6813.80664062, 5366.32421875, 12646.9169922, 1546.64953613, 447.745147705, 95.2525177002, 198.821365356, 3.21111416817, 17.7301425934, 23.1319828033, 5.34540700912, 8.03641033173, 9.23840713501, 5.70546245575, 9.62602519989, 17.8572444916, 16.2932167053, 5.91586828232, 0.609267830849, 0.0627319142222, 0.00127810565755, 7.97016309662e-06, 5.5837987567e-09, 1.1563490443e-10], "max": [1.53708040714, 9.32593250275, 50.3788490295, 56.7643890381, 318.219238281, 129.537734985, 237.883239746, 392.311187744, 868.979431152, 1810.78771973, 1316.73498535, 1513.0871582, 1748.53991699, 3849.53369141, 2874.6159668, 2554.40600586, 2462.203125, 1489.33557129, 2589.38891602, 1493.92541504, 1105.73303223, 362.807861328, 436.810699463, 41.3031539917, 155.742202759, 189.003036499, 60.8640213013, 107.643836975, 203.315093994, 77.0303268433, 158.971588135, 143.658096313, 175.525894165, 85.3060836792, 30.7927150726, 10.419549942, 1.24130761623, 0.0816327184439, 0.00212031137198, 0.000191594182979], "mean": [0.00361962639727, 0.141906395555, 0.851133644581, 1.53298449516, 5.34551858902, 6.82372379303, 6.16833686829, 9.05351829529, 20.9020080566, 35.0752487183, 18.2614021301, 27.9811229706, 35.4329490662, 56.375957489, 46.9676399231, 42.0369224548, 35.8326873779, 36.7775764465, 44.5464439392, 21.5675868988, 9.72852706909, 6.96279764175, 9.33687019348, 1.67621433735, 2.89024591446, 3.51811528206, 1.71095025539, 1.55724728107, 1.31383669376, 1.24092566967, 1.04915893078, 1.22032499313, 1.20676207542, 0.620382606983, 0.16627445817, 0.0467351637781, 0.00686685368419, 0.000524115632288, 2.47255320573e-05, 2.04443349503e-05], "median": [0.00152936321683, 0.0370807982981, 0.210767731071, 0.749627768993, 1.68363523483, 3.54066371918, 1.87461650372, 1.5125336647, 2.00993204117, 3.00509619713, 1.22631180286, 1.44177007675, 2.15590834618, 1.44927108288, 2.26610302925, 1.47503077984, 2.2718167305, 1.70928347111, 2.43493318558, 0.742360234261, 0.447999745607, 0.644630014896, 0.713436961174, 0.377460241318, 0.338720500469, 0.247291609645, 0.281414240599, 0.245970308781, 0.143118664622, 0.104794405401, 0.134613469243, 0.115348041058, 0.0910089462996, 0.0390200316906, 0.0121530238539, 0.00283701205626, 0.000483157898998, 4.47613529104e-05, 7.46972909837e-06, 9.8576210803e-06], "min": [4.47169716875e-23, 2.29589118601e-22, 1.09278566172e-21, 3.49161458781e-21, 1.38325358714e-20, 2.52181939426e-20, 3.05323770138e-20, 7.99701284863e-20, 1.24792435092e-19, 2.25935673073e-19, 2.56980407697e-19, 3.18179623811e-19, 2.28761270347e-19, 5.4824336758e-19, 9.48766029636e-19, 1.63931966945e-18, 1.49173896424e-18, 2.05787812588e-18, 2.81038749018e-18, 2.75363979823e-18, 4.19166703017e-18, 5.37690062908e-18, 4.4857483495e-18, 4.96970815125e-18, 6.66054431906e-18, 8.92161605369e-18, 9.94030138576e-18, 9.66241502206e-18, 1.0680944017e-17, 1.09685720868e-17, 1.19164805369e-17, 1.14058975135e-17, 9.41861925294e-18, 7.65333310769e-18, 5.80275306076e-18, 3.75931544042e-18, 2.13719957675e-18, 1.03276094756e-18, 2.64578656159e-19, 2.43716569806e-20], "var": [0.000296702957712, 0.258347272873, 7.37563323975, 6.82701349258, 162.799758911, 99.219329834, 254.229324341, 517.871704102, 3708.56323242, 16842.1464844, 3858.46899414, 6401.60009766, 11164.8505859, 43491.1796875, 22790.1347656, 20602.2128906, 16675.6679688, 12135.5966797, 23588.1367188, 5669.01904297, 1323.32788086, 390.616394043, 617.451721191, 9.83454322815, 48.3463249207, 75.0789489746, 12.5899085999, 24.3925857544, 29.9977645874, 11.7570962906, 15.942492485, 28.9310493469, 31.4562397003, 13.1075630188, 0.838328540325, 0.0786095708609, 0.00165588024538, 6.75611363476e-06, 5.51912471281e-09, 5.59151946966e-10]}, "gfcc": {"mean": [-109.859832764, 114.245689392, -111.493934631, 17.2925853729, -64.7567749023, 15.749294281, -46.9622612, -3.34879207611, -29.9675998688, -5.89769887924, -14.0056848526, -10.8974933624, -9.71883010864], "cov": [[16974.8398438, -822.287719727, -3468.70068359, -352.090576172, -1545.79504395, 365.736175537, -458.875915527, 223.162216187, -70.4850006104, -150.638198853, -50.9709243774, -474.650360107, 53.1103439331], [-822.287719727, 1636.97180176, 139.068893433, -218.754440308, 436.101715088, -241.054077148, 266.855651855, -188.225570679, 14.3613462448, -93.0202178955, 93.5490875244, -42.0544624329, 15.3357362747], [-3468.70068359, 139.068893433, 1587.30957031, 286.25793457, 362.032958984, 12.8837995529, -121.123641968, -46.1344718933, -42.8272666931, 64.2537612915, -51.7596588135, 174.477096558, -68.539276123], [-352.090576172, -218.754440308, 286.25793457, 486.950500488, 67.9467544556, -86.6189575195, -191.705078125, 6.22043800354, 41.4886283875, 21.9026699066, -65.1986694336, 47.8421936035, 33.5667991638], [-1545.79504395, 436.101715088, 362.032958984, 67.9467544556, 527.169189453, -7.1579246521, 105.083450317, -26.6018810272, -8.66805648804, 2.04044628143, -38.4639396667, 37.4972305298, 9.02892112732], [365.736175537, -241.054077148, 12.8837995529, -86.6189575195, -7.1579246521, 372.254943848, 122.188903809, 22.5329933167, -97.6226730347, 4.44948101044, -2.67925810814, -0.775943279266, -44.4982185364], [-458.875915527, 266.855651855, -121.123641968, -191.705078125, 105.083450317, 122.188903809, 413.088348389, -29.36353302, -86.8905105591, -40.1685333252, 44.7452049255, -19.3778190613, -20.985704422], [223.162216187, -188.225570679, -46.1344718933, 6.22043800354, -26.6018810272, 22.5329933167, -29.36353302, 152.920181274, 36.2404632568, 14.8199777603, -13.4919624329, -5.85012388229, 3.27355265617], [-70.4850006104, 14.3613462448, -42.8272666931, 41.4886283875, -8.66805648804, -97.6226730347, -86.8905105591, 36.2404632568, 210.985946655, 23.0245399475, 0.628047645092, -19.966835022, 16.8575744629], [-150.638198853, -93.0202178955, 64.2537612915, 21.9026699066, 2.04044628143, 4.44948101044, -40.1685333252, 14.8199777603, 23.0245399475, 107.294517517, 2.46169638634, 11.8762960434, -12.4572000504], [-50.9709243774, 93.5490875244, -51.7596588135, -65.1986694336, -38.4639396667, -2.67925810814, 44.7452049255, -13.4919624329, 0.628047645092, 2.46169638634, 124.567512512, 9.67427635193, -13.9066572189], [-474.650360107, -42.0544624329, 174.477096558, 47.8421936035, 37.4972305298, -0.775943279266, -19.3778190613, -5.85012388229, -19.966835022, 11.8762960434, 9.67427635193, 100.017593384, -2.23146438599], [53.1103439331, 15.3357362747, -68.539276123, 33.5667991638, 9.02892112732, -44.4982185364, -20.985704422, 3.27355265617, 16.8575744629, -12.4572000504, -13.9066572189, -2.23146438599, 86.7735671997]], "icov": [[0.000212874743738, -0.000306001980789, 0.000476348184748, -0.000212813291, 0.000470407714602, -0.000518326240126, 0.000520734058227, -0.000311709765811, 0.00026905053528, -8.04277078714e-06, 0.000332331197569, 8.18148109829e-05, 0.0002072507923], [-0.000306001980789, 0.00206784601323, -0.000882554915734, 0.00107718119398, -0.00196841871366, 0.00195175851695, -0.00122717407066, 0.0017759144539, -0.000592942815274, 0.000929343397729, -0.00155212392565, 0.000972766487394, -0.000425164325861], [0.000476348184748, -0.000882554915734, 0.00218079308979, -0.000914951320738, 0.000540812441614, -0.00140886753798, 0.00157478637993, -0.000615400262177, 0.000759999151342, -0.000362298364053, 0.00106114719529, -0.00129609100986, 0.0015032797819], [-0.000212813291, 0.00107718119398, -0.000914951320738, 0.00360013497993, -0.00131978502031, 0.0013096666662, 0.000344872183632, 0.000956382253207, -0.000483202224132, 0.000409057975048, 9.1790141596e-05, -0.000235034633079, -0.00115793151781], [0.000470407714602, -0.00196841871366, 0.000540812441614, -0.00131978502031, 0.00480286870152, -0.00184334232472, 0.000237290063524, -0.00155943166465, 0.000393878959585, -0.000879460421856, 0.00245539867319, -0.000825599941891, -0.000161632953677], [-0.000518326240126, 0.00195175851695, -0.00140886753798, 0.0013096666662, -0.00184334232472, 0.0057709235698, -0.00250913132913, 0.000796589942183, 0.000572515011299, 0.00018476981495, -0.00102468940895, 0.000694083340932, 0.000636112003122], [0.000520734058227, -0.00122717407066, 0.00157478637993, 0.000344872183632, 0.000237290063524, -0.00250913132913, 0.00550261605531, -0.000805467541795, 0.00164737948216, 0.000643155653961, -2.05827873287e-05, 0.000226759017096, 0.000833217462059], [-0.000311709765811, 0.0017759144539, -0.000615400262177, 0.000956382253207, -0.00155943166465, 0.000796589942183, -0.000805467541795, 0.00886453129351, -0.002000187058, 6.45206528134e-05, -0.000527134456206, 0.000467143225251, -0.00061220175121], [0.00026905053528, -0.000592942815274, 0.000759999151342, -0.000483202224132, 0.000393878959585, 0.000572515011299, 0.00164737948216, -0.002000187058, 0.00669974694028, -0.00123158900533, -0.000183303913218, 0.00149292033166, -1.55514790094e-05], [-8.04277078714e-06, 0.000929343397729, -0.000362298364053, 0.000409057975048, -0.000879460421856, 0.00018476981495, 0.000643155653961, 6.45206528134e-05, -0.00123158900533, 0.0109546147287, -0.00117630441673, -0.000154156194185, 0.00135506584775], [0.000332331197569, -0.00155212392565, 0.00106114719529, 9.1790141596e-05, 0.00245539867319, -0.00102468940895, -2.05827873287e-05, -0.000527134456206, -0.000183303913218, -0.00117630441673, 0.0109350103885, -0.00285156839527, 0.00165340641979], [8.18148109829e-05, 0.000972766487394, -0.00129609100986, -0.000235034633079, -0.000825599941891, 0.000694083340932, 0.000226759017096, 0.000467143225251, 0.00149292033166, -0.000154156194185, -0.00285156839527, 0.0141231277958, -0.00108173198532], [0.0002072507923, -0.000425164325861, 0.0015032797819, -0.00115793151781, -0.000161632953677, 0.000636112003122, 0.000833217462059, -0.00061220175121, -1.55514790094e-05, 0.00135506584775, 0.00165340641979, -0.00108173198532, 0.0141101926565]]}, "melbands": {"dmean": [2.99292169075e-05, 0.000133653185912, 0.000192199353478, 0.000205252086744, 8.31186262076e-05, 9.39291348914e-05, 0.000151291795191, 0.000130548331072, 7.13826739229e-05, 8.1601421698e-05, 7.5279167504e-05, 8.53311139508e-05, 7.20413372619e-05, 3.63939179806e-05, 4.20055621362e-05, 2.27521504712e-05, 2.96103353321e-05, 3.3909411286e-05, 1.5798579625e-05, 9.11536062631e-06, 3.67406096302e-06, 2.06712320505e-06, 4.13105726693e-06, 2.16917828766e-06, 3.12895167554e-07, 6.03515843522e-07, 1.13074543151e-06, 8.52351945468e-07, 4.15409516563e-07, 3.82832837431e-07, 3.78477295726e-07, 3.1034528547e-07, 3.21589965324e-07, 2.78464369785e-07, 2.73907460269e-07, 3.32517288371e-07, 4.20664207468e-07, 4.48728684432e-07, 4.27535354675e-07, 2.2764513119e-07], "dmean2": [4.09001258959e-05, 0.000186990451766, 0.000287918577669, 0.000289482093649, 0.000120994154713, 0.000133063687827, 0.00020928219601, 0.000178443224286, 9.74931972451e-05, 0.000114385577035, 0.000100761928479, 0.000106839092041, 0.000100373690657, 4.77427602164e-05, 5.62778513995e-05, 3.05486755678e-05, 3.99420387112e-05, 4.72451683891e-05, 2.08597284654e-05, 1.21286711874e-05, 5.09116716785e-06, 2.92506615551e-06, 5.65284472032e-06, 3.1022566418e-06, 4.60613335918e-07, 8.48440549817e-07, 1.5977880139e-06, 1.19048104352e-06, 5.92410231093e-07, 5.18754688983e-07, 5.12939664077e-07, 4.27195118391e-07, 4.51498294751e-07, 3.93749502337e-07, 3.89503753695e-07, 4.81727113311e-07, 6.08377263234e-07, 6.47783338081e-07, 6.08174730132e-07, 3.22192562408e-07], "dvar": [1.49090286783e-08, 1.63135339903e-07, 2.82923025452e-07, 2.28329426477e-07, 4.58132944914e-08, 8.88198812277e-08, 2.88620782385e-07, 3.29826548295e-07, 7.87714640182e-08, 9.62215622735e-08, 7.95555692434e-08, 1.39227537943e-07, 8.39441938183e-08, 2.59602490615e-08, 4.84575046755e-08, 8.76560068974e-09, 1.28727899451e-08, 1.96383798112e-08, 3.91077747963e-09, 2.32685537505e-09, 2.77095929535e-10, 5.37595315486e-11, 2.07827130505e-10, 3.56388425715e-11, 5.88489868815e-13, 3.69553259522e-12, 9.01565801181e-12, 6.57319814898e-12, 1.4689527806e-12, 1.31592935333e-12, 2.59805111452e-12, 2.89389627713e-12, 1.27634805936e-12, 1.07040125461e-12, 1.56023154466e-12, 2.99664936962e-12, 4.53533087821e-12, 4.90794861349e-12, 6.17116904453e-12, 1.84511260437e-12], "dvar2": [2.53972878284e-08, 2.84341439283e-07, 6.34164905478e-07, 4.37361478589e-07, 9.07641179992e-08, 1.71654505721e-07, 5.41550832622e-07, 6.12767166785e-07, 1.51129455617e-07, 2.05121850172e-07, 1.424076288e-07, 2.33562914786e-07, 1.63619304772e-07, 4.63777425352e-08, 1.02670689728e-07, 1.62934625791e-08, 2.47387355046e-08, 3.85540523951e-08, 6.73949518415e-09, 4.00524946542e-09, 5.1026582959e-10, 1.06841660519e-10, 3.70974723163e-10, 6.67589247771e-11, 1.2274522761e-12, 6.7878346173e-12, 1.71274331523e-11, 1.23444483802e-11, 2.97924098586e-12, 2.42777607913e-12, 4.44507148104e-12, 4.64361708807e-12, 2.40627960266e-12, 2.15144698931e-12, 3.2278340157e-12, 6.12977203718e-12, 9.18796028843e-12, 1.04638017001e-11, 1.08894325848e-11, 3.37570227847e-12], "max": [0.010638365522, 0.0217997357249, 0.0164228342474, 0.0175325665623, 0.00677121989429, 0.00880036503077, 0.0142839830369, 0.0236534867436, 0.00861178804189, 0.0085392864421, 0.00917636882514, 0.0143410032615, 0.0126075837761, 0.00842365529388, 0.010926191695, 0.00331377354451, 0.00335820228793, 0.00435294304043, 0.00233237748034, 0.00264343130402, 0.00110602064524, 0.000426050683018, 0.000612347212154, 0.000201962553547, 3.35376753355e-05, 9.3769216619e-05, 9.25078420551e-05, 0.000121175820823, 4.80332491861e-05, 3.56364434992e-05, 8.37757761474e-05, 0.000132242319523, 6.65238403599e-05, 5.21749643667e-05, 8.77665370353e-05, 8.58994171722e-05, 9.71929475782e-05, 0.000108844738861, 0.000165266304975, 6.74587499816e-05], "mean": [8.13399310573e-05, 0.000361091777449, 0.000386439351132, 0.000456327950815, 0.000238251072005, 0.000215308027691, 0.000347722758306, 0.000348306202795, 0.000153065950144, 0.000176494111656, 0.000177308364073, 0.000228972057812, 0.000179299488082, 9.86245577224e-05, 0.000117626485007, 5.53035097255e-05, 7.00038362993e-05, 7.61625051382e-05, 3.61945058103e-05, 2.08608653338e-05, 9.20249840419e-06, 5.620369393e-06, 1.14720760394e-05, 5.36416155228e-06, 7.41566793749e-07, 1.43632280469e-06, 2.90386492452e-06, 2.14952433453e-06, 1.0266269328e-06, 9.60765419222e-07, 8.85973236109e-07, 7.4030668884e-07, 7.58092426167e-07, 6.30478837138e-07, 5.71868270072e-07, 6.26297435247e-07, 8.07081960374e-07, 8.6442457814e-07, 8.0122589452e-07, 4.2260305122e-07], "median": [2.84278648905e-05, 9.97626266326e-05, 0.000163692136994, 0.000210565791349, 9.24371634028e-05, 2.82771870843e-05, 3.19598984788e-05, 2.39346209128e-05, 6.9326169978e-06, 9.53342077992e-06, 1.01537380033e-05, 4.96169832331e-06, 9.03449472389e-06, 2.67257973974e-06, 5.2607415455e-06, 3.2556165479e-06, 3.18683100886e-06, 4.25740972787e-06, 1.20241929835e-06, 5.88514410538e-07, 4.65650742854e-07, 5.74340447201e-07, 6.21057381522e-07, 6.89174044055e-07, 1.97910125621e-07, 2.10714105719e-07, 2.03908470553e-07, 1.3625999884e-07, 1.55561494353e-07, 1.57192985739e-07, 1.01131881536e-07, 7.02031286437e-08, 4.82697402049e-08, 4.93025709147e-08, 7.10062835196e-08, 6.52180816019e-08, 6.60958505705e-08, 5.99170917326e-08, 4.89493494626e-08, 2.17402629232e-08], "min": [6.29807318244e-25, 3.56252814197e-25, 1.01979096193e-24, 1.67559972726e-24, 8.42872239249e-25, 1.97843060978e-24, 1.8354558816e-24, 2.5652865225e-24, 1.9433237357e-24, 1.71064447854e-24, 8.56747809534e-25, 2.04237823856e-24, 2.73932915693e-24, 3.0597252108e-24, 2.99635325327e-24, 2.92710684579e-24, 3.28069343339e-24, 3.46128696599e-24, 3.79872655693e-24, 3.72306848524e-24, 4.76594970169e-24, 3.79792034109e-24, 2.91974480139e-24, 3.8185806082e-24, 3.2830884151e-24, 3.78084820781e-24, 4.85331920238e-24, 5.69845744458e-24, 6.0166444907e-24, 5.43495739186e-24, 4.96157537327e-24, 5.16851804339e-24, 5.70631923236e-24, 5.55996581292e-24, 5.80319450697e-24, 5.72635669379e-24, 6.29444777493e-24, 5.9119370106e-24, 5.301037998e-24, 6.10994622541e-24], "var": [6.70436364203e-08, 1.37015422297e-06, 5.5973310964e-07, 6.09249298122e-07, 2.27766278726e-07, 3.08826656692e-07, 9.98531163532e-07, 1.72480520177e-06, 2.53473018574e-07, 2.57763048239e-07, 3.05110404497e-07, 7.78988408001e-07, 4.06394434549e-07, 1.07875429478e-07, 2.0947976509e-07, 3.73998751968e-08, 5.34493480586e-08, 7.34613507802e-08, 1.65958056186e-08, 7.84359244221e-09, 1.38506073277e-09, 2.91340174208e-10, 1.18244181113e-09, 1.60669880178e-10, 2.22284907495e-12, 1.5427641803e-11, 4.65498750657e-11, 3.38317186765e-11, 5.23375223369e-12, 5.76188792858e-12, 1.22564519298e-11, 1.41759217212e-11, 5.36249950694e-12, 3.41454598971e-12, 4.49827848581e-12, 8.66068588373e-12, 1.30012944854e-11, 1.48892703722e-11, 2.08137847235e-11, 6.84886305655e-12]}, "mfcc": {"mean": [-749.319335938, 143.399337769, 10.6870718002, 4.56952190399, 5.3710808754, 5.03662490845, 0.365628868341, -4.95623350143, -7.97287511826, -3.29193329811, -6.35689210892, -2.07226395607, -11.5849485397], "cov": [[12312.9638672, -1394.60046387, -1831.45129395, -1134.75927734, -907.842285156, -475.462524414, -264.496337891, -73.9244308472, 35.7156028748, 309.960662842, -144.886199951, -75.0329208374, 69.4929733276], [-1394.60046387, 1860.7166748, -41.3870201111, 130.055648804, 30.8804359436, 94.1915740967, 196.815582275, 14.4290781021, -45.0481987, -47.5965843201, 19.398525238, 6.56144237518, -5.51223230362], [-1831.45129395, -41.3870201111, 970.899658203, 213.519287109, 273.778106689, 96.0091247559, -49.7712631226, -7.20259523392, -56.4208984375, -86.8093566895, 15.8787021637, 24.5866928101, -12.1315116882], [-1134.75927734, 130.055648804, 213.519287109, 577.89263916, 268.028320312, -21.4619693756, -126.051696777, -64.5545654297, 47.4725074768, -79.4134063721, -53.1344642639, 38.0826339722, -30.2241516113], [-907.842285156, 30.8804359436, 273.778106689, 268.028320312, 463.701263428, 30.1259727478, -113.403991699, -29.96301651, 62.8995056152, -26.9262332916, -18.8070430756, 34.4029464722, -14.7549915314], [-475.462524414, 94.1915740967, 96.0091247559, -21.4619693756, 30.1259727478, 277.399780273, 160.173080444, 53.1456604004, -0.666106283665, -11.5727510452, 49.3358688354, -38.6691551208, -30.5537090302], [-264.496337891, 196.815582275, -49.7712631226, -126.051696777, -113.403991699, 160.173080444, 392.593048096, 103.252960205, -22.8024120331, -12.9728918076, 60.0693359375, -47.9915618896, -52.0444869995], [-73.9244308472, 14.4290781021, -7.20259523392, -64.5545654297, -29.96301651, 53.1456604004, 103.252960205, 154.260696411, 10.2199487686, 8.12117004395, 16.8292789459, -16.3022232056, 16.6273784637], [35.7156028748, -45.0481987, -56.4208984375, 47.4725074768, 62.8995056152, -0.666106283665, -22.8024120331, 10.2199487686, 158.58039856, 36.7320899963, -27.2476234436, -4.69504928589, 14.2479104996], [309.960662842, -47.5965843201, -86.8093566895, -79.4134063721, -26.9262332916, -11.5727510452, -12.9728918076, 8.12117004395, 36.7320899963, 128.289978027, 5.26832723618, -8.99981307983, 20.9417495728], [-144.886199951, 19.398525238, 15.8787021637, -53.1344642639, -18.8070430756, 49.3358688354, 60.0693359375, 16.8292789459, -27.2476234436, 5.26832723618, 127.688323975, 17.8277587891, -10.5220470428], [-75.0329208374, 6.56144237518, 24.5866928101, 38.0826339722, 34.4029464722, -38.6691551208, -47.9915618896, -16.3022232056, -4.69504928589, -8.99981307983, 17.8277587891, 107.608703613, 28.4436702728], [69.4929733276, -5.51223230362, -12.1315116882, -30.2241516113, -14.7549915314, -30.5537090302, -52.0444869995, 16.6273784637, 14.2479104996, 20.9417495728, -10.5220470428, 28.4436702728, 163.187393188]], "icov": [[0.000159738920047, 8.91095041879e-05, 0.000230876728892, 0.000217427877942, 7.77326349635e-05, 6.28811758361e-05, 0.0001262841688, 5.44819995412e-05, 2.56875482592e-05, -5.5760039686e-05, 0.000164252720424, -8.83528446138e-06, 6.29884307273e-05], [8.91095041879e-05, 0.000661506375764, 0.000234984661802, -0.000112834524771, -4.85913988086e-05, -3.58040051651e-05, -0.000357292825356, 0.000160658179084, 0.000279372907244, -6.73909926263e-06, 0.000137896917295, -9.35488351388e-05, -0.0001587781735], [0.000230876728892, 0.000234984661802, 0.00178207049612, 8.5653286078e-05, -0.000655017560348, -0.000408433406847, 0.000319984421367, -7.92205755715e-05, 0.000865762704052, 0.00041017687181, 0.000125865728478, -2.41812740569e-05, -8.35067839944e-05], [0.000217427877942, -0.000112834524771, 8.5653286078e-05, 0.00323561881669, -0.00103103462607, 0.000172092026332, 0.00062123988755, 0.000558926258236, -0.000788289878983, 0.00137204816565, 0.000910386675969, -0.000488920661155, 0.000626085442491], [7.77326349635e-05, -4.85913988086e-05, -0.000655017560348, -0.00103103462607, 0.00381485396065, -0.000715116562787, 0.000990412547253, -0.000127115723444, -0.00134487380274, -0.000193060433958, -1.10253927232e-06, -0.000696931849234, 0.000529060082044], [6.28811758361e-05, -3.58040051651e-05, -0.000408433406847, 0.000172092026332, -0.000715116562787, 0.00564019149169, -0.00194930762518, -0.000342226674547, -0.000404313352192, 0.000135552865686, -0.00144282588735, 0.00164092762861, 1.69285613083e-05], [0.0001262841688, -0.000357292825356, 0.000319984421367, 0.00062123988755, 0.000990412547253, -0.00194930762518, 0.00511676073074, -0.00222594826482, -0.000146877253428, 0.000736274057999, -0.000820835004561, 0.000559225445613, 0.00142418697942], [5.44819995412e-05, 0.000160658179084, -7.92205755715e-05, 0.000558926258236, -0.000127115723444, -0.000342226674547, -0.00222594826482, 0.00859138183296, -0.000823283800855, -7.72027706262e-05, -5.91446187173e-05, 0.000460918148747, -0.00158337352332], [2.56875482592e-05, 0.000279372907244, 0.000865762704052, -0.000788289878983, -0.00134487380274, -0.000404313352192, -0.000146877253428, -0.000823283800855, 0.00838151294738, -0.00248757866211, 0.0014939570101, 0.000245873205131, -0.000602487358265], [-5.5760039686e-05, -6.73909926263e-06, 0.00041017687181, 0.00137204816565, -0.000193060433958, 0.000135552865686, 0.000736274057999, -7.72027706262e-05, -0.00248757866211, 0.0100481603295, -0.00109440390952, 0.000919246987905, -0.000744339486118], [0.000164252720424, 0.000137896917295, 0.000125865728478, 0.000910386675969, -1.10253927232e-06, -0.00144282588735, -0.000820835004561, -5.91446187173e-05, 0.0014939570101, -0.00109440390952, 0.0101667698473, -0.00305615691468, 0.000784915813711], [-8.83528446138e-06, -9.35488351388e-05, -2.41812740569e-05, -0.000488920661155, -0.000696931849234, 0.00164092762861, 0.000559225445613, 0.000460918148747, 0.000245873205131, 0.000919246987905, -0.00305615691468, 0.011752015911, -0.0021010178607], [6.29884307273e-05, -0.0001587781735, -8.35067839944e-05, 0.000626085442491, 0.000529060082044, 1.69285613083e-05, 0.00142418697942, -0.00158337352332, -0.000602487358265, -0.000744339486118, 0.000784915813711, -0.0021010178607, 0.00743697676808]]}, "spectral_contrast_coeffs": {"dmean": [0.039150185883, 0.0370796620846, 0.0330787338316, 0.0296399444342, 0.0246874224395, 0.0210995841771], "dmean2": [0.0637430548668, 0.0579034648836, 0.0491169765592, 0.0442153476179, 0.0367646887898, 0.030246719718], "dvar": [0.00125874136575, 0.00130881497171, 0.00109229667578, 0.000826154020615, 0.000505980628077, 0.000427699182183], "dvar2": [0.00320219085552, 0.00283452263102, 0.00204044603743, 0.00151565892156, 0.000973403861281, 0.000767871562857], "max": [-0.296537786722, -0.3171415627, -0.357257962227, -0.433506071568, -0.528248608112, -0.571912705898], "mean": [-0.599612176418, -0.668178915977, -0.705158770084, -0.715568840504, -0.75705575943, -0.776783883572], "median": [-0.600229859352, -0.689500629902, -0.729663908482, -0.733053207397, -0.756078600883, -0.775175333023], "min": [-0.98369127512, -0.996619999409, -0.998984992504, -0.990636706352, -0.989004075527, -0.964225649834], "var": [0.0066942544654, 0.01261729002, 0.0124898282811, 0.00891928281635, 0.00460911681876, 0.00356158940122]}, "spectral_contrast_valleys": {"dmean": [0.341487288475, 0.314482986927, 0.310731142759, 0.31501725316, 0.331515580416, 0.383641034365], "dmean2": [0.570920646191, 0.503021478653, 0.473988741636, 0.463111639023, 0.459084510803, 0.524839758873], "dvar": [0.105175212026, 0.09073568135