{"lowlevel": {"average_loudness": 0.934317171574, "barkbands_crest": {"dmean": 3.0232694149, "dmean2": 4.92958879471, "dvar": 8.76267051697, "dvar2": 22.2710647583, "max": 26.5295448303, "mean": 15.0893249512, "median": 15.1009807587, "min": 3.07479000092, "var": 35.3441581726}, "barkbands_flatness_db": {"dmean": 0.0353987254202, "dmean2": 0.052594974637, "dvar": 0.00151227717288, "dvar2": 0.00305946776643, "max": 0.565390050411, "mean": 0.221037626266, "median": 0.213167250156, "min": 0.0205130018294, "var": 0.0101814251393}, "barkbands_kurtosis": {"dmean": 14.5188474655, "dmean2": 22.8193244934, "dvar": 1658.13415527, "dvar2": 4073.78759766, "max": 1001.57543945, "mean": 23.3786182404, "median": 6.09382247925, "min": -1.91516637802, "var": 3142.1027832}, "barkbands_skewness": {"dmean": 1.07700812817, "dmean2": 1.62939190865, "dvar": 1.96080851555, "dvar2": 4.54908275604, "max": 27.148267746, "mean": 2.96273970604, "median": 2.26519870758, "min": -2.95513677597, "var": 8.310505867}, "barkbands_spread": {"dmean": 5.07160234451, "dmean2": 7.9086432457, "dvar": 57.2169532776, "dvar2": 135.395431519, "max": 112.279586792, "mean": 13.9396982193, "median": 9.52456474304, "min": 0.124571382999, "var": 198.654312134}, "dissonance": {"dmean": 0.03072415106, "dmean2": 0.04992922768, "dvar": 0.00100194104016, "dvar2": 0.00248991325498, "max": 0.500000178814, "mean": 0.435894787312, "median": 0.449447870255, "min": 0.167397782207, "var": 0.00282257376239}, "dynamic_complexity": 3.74886345863, "erbbands_crest": {"dmean": 2.50405788422, "dmean2": 3.90658998489, "dvar": 5.78208208084, "dvar2": 13.3087444305, "max": 33.393573761, "mean": 10.410326004, "median": 9.19534111023, "min": 2.22997832298, "var": 25.8444461823}, "erbbands_flatness_db": {"dmean": 0.0214979480952, "dmean2": 0.0298098810017, "dvar": 0.000678807031363, "dvar2": 0.00128275190946, "max": 0.493945658207, "mean": 0.177380487323, "median": 0.161521717906, "min": 0.0484909936786, "var": 0.00528660509735}, "erbbands_kurtosis": {"dmean": 1.78543031216, "dmean2": 2.68724131584, "dvar": 10.8733148575, "dvar2": 22.8639087677, "max": 80.290473938, "mean": 2.48872637749, "median": 0.905507802963, "min": -1.85671925545, "var": 34.3462104797}, "erbbands_skewness": {"dmean": 0.452793091536, "dmean2": 0.671843707561, "dvar": 0.263929724693, "dvar2": 0.560822427273, "max": 7.34225749969, "mean": 0.546759605408, "median": 0.533559143543, "min": -5.27663135529, "var": 1.29813110828}, "erbbands_spread": {"dmean": 9.91282081604, "dmean2": 15.0468769073, "dvar": 165.46005249, "dvar2": 372.108215332, "max": 159.481781006, "mean": 35.3627548218, "median": 29.1069602966, "min": 1.09463334084, "var": 584.93963623}, "hfc": {"dmean": 7.28956747055, "dmean2": 10.7581472397, "dvar": 177.205032349, "dvar2": 423.704162598, "max": 122.05531311, "mean": 16.5633811951, "median": 10.7706880569, "min": 1.06474582569e-16, "var": 311.829589844}, "melbands_crest": {"dmean": 3.63977265358, "dmean2": 6.01941823959, "dvar": 12.7645082474, "dvar2": 34.9473419189, "max": 37.2756500244, "mean": 19.3228282928, "median": 19.6814174652, "min": 1.77865695953, "var": 48.4572753906}, "melbands_flatness_db": {"dmean": 0.0411298573017, "dmean2": 0.0608251057565, "dvar": 0.00209432910196, "dvar2": 0.00426337728277, "max": 0.721137702465, "mean": 0.310404330492, "median": 0.309307128191, "min": 0.00367763685063, "var": 0.0159923993051}, "melbands_kurtosis": {"dmean": 23.6733341217, "dmean2": 37.0437850952, "dvar": 2476.38720703, "dvar2": 6218.13330078, "max": 916.929931641, "mean": 42.0557060242, "median": 14.9698123932, "min": -1.85790717602, "var": 5244.90234375}, "melbands_skewness": {"dmean": 1.2986779213, "dmean2": 2.00313639641, "dvar": 2.5080640316, "dvar2": 5.99748182297, "max": 24.3346252441, "mean": 4.04182672501, "median": 3.2384557724, "min": -2.7614133358, "var": 10.3966093063}, "melbands_spread": {"dmean": 5.30044364929, "dmean2": 8.34084415436, "dvar": 100.742385864, "dvar2": 238.512588501, "max": 187.392272949, "mean": 15.0012235641, "median": 8.68662548065, "min": 0.268160194159, "var": 578.564086914}, "pitch_salience": {"dmean": 0.0850215926766, "dmean2": 0.138637185097, "dvar": 0.00780128873885, "dvar2": 0.0192459858954, "max": 0.92065936327, "mean": 0.403817981482, "median": 0.385979503393, "min": 0.0620261132717, "var": 0.0297011826187}, "silence_rate_20dB": {"dmean": 0.000423908437369, "dmean2": 0.000847996619996, "dvar": 0.000423744146246, "dvar2": 0.00127133738715, "max": 1, "mean": 0.999788105488, "median": 1, "min": 0, "var": 0.000211868260521}, "silence_rate_30dB": {"dmean": 0.101314112544, "dmean2": 0.202671185136, "dvar": 0.091046795249, "dvar2": 0.180253311992, "max": 1, "mean": 0.823479533195, "median": 1, "min": 0, "var": 0.145367279649}, "silence_rate_60dB": {"dmean": 0.0351844020188, "dmean2": 0.0703837200999, "dvar": 0.0339450351894, "dvar2": 0.0709400251508, "max": 1, "mean": 0.105954654515, "median": 0, "min": 0, "var": 0.0947311297059}, "spectral_centroid": {"dmean": 247.896652222, "dmean2": 378.158813477, "dvar": 149842.0625, "dvar2": 329012.375, "max": 11724.5390625, "mean": 1168.31311035, "median": 849.23248291, "min": 94.7707977295, "var": 1611912.75}, "spectral_complexity": {"dmean": 3.4294192791, "dmean2": 5.38308238983, "dvar": 26.7019672394, "dvar2": 60.8351097107, "max": 50, "mean": 12.0347528458, "median": 10, "min": 0, "var": 74.2608108521}, "spectral_decrease": {"dmean": 7.23341075926e-09, "dmean2": 1.13341895869e-08, "dvar": 1.24537666048e-16, "dvar2": 3.02792441075e-16, "max": 1.62450556261e-19, "mean": -1.49403138749e-08, "median": -1.01050687817e-08, "min": -1.1728784699e-07, "var": 2.60776456988e-16}, "spectral_energy": {"dmean": 0.0278158895671, "dmean2": 0.0435448512435, "dvar": 0.00182290072553, "dvar2": 0.00442603137344, "max": 0.448590934277, "mean": 0.0578906089067, "median": 0.0396416969597, "min": 1.01000263367e-20, "var": 0.00381820974872}, "spectral_energyband_high": {"dmean": 0.000318117759889, "dmean2": 0.000513553095516, "dvar": 6.51586560707e-07, "dvar2": 1.75517959633e-06, "max": 0.0149283101782, "mean": 0.000584039196838, "median": 0.000110093766125, "min": 7.04131518763e-21, "var": 1.18786158509e-06}, "spectral_energyband_low": {"dmean": 0.0237563885748, "dmean2": 0.0372018739581, "dvar": 0.00159614090808, "dvar2": 0.00393177848309, "max": 0.398329764605, "mean": 0.0445398688316, "median": 0.0250091981143, "min": 1.29481175626e-23, "var": 0.00327124842443}, "spectral_energyband_middle_high": {"dmean": 0.00258575449698, "dmean2": 0.0037759845145, "dvar": 3.69886001863e-05, "dvar2": 8.23337686597e-05, "max": 0.0678404122591, "mean": 0.0044128797017, "median": 0.0013712226646, "min": 1.21793277716e-21, "var": 6.63737519062e-05}, "spectral_energyband_middle_low": {"dmean": 0.00490001030266, "dmean2": 0.00791428703815, "dvar": 0.000186772434972, "dvar2": 0.000498363748193, "max": 0.156879261136, "mean": 0.00932584702969, "median": 0.00560279702768, "min": 1.99516819504e-22, "var": 0.000188443664229}, "spectral_entropy": {"dmean": 0.223592787981, "dmean2": 0.315485686064, "dvar": 0.0957276821136, "dvar2": 0.18324740231, "max": 9.82271671295, "mean": 7.19591999054, "median": 7.36788892746, "min": 4.69789838791, "var": 0.646546661854}, "spectral_flux": {"dmean": 0.0446381345391, "dmean2": 0.0711821392179, "dvar": 0.0035421133507, "dvar2": 0.00832054298371, "max": 0.490878611803, "mean": 0.0970601588488, "median": 0.0718988180161, "min": 6.44597500377e-11, "var": 0.0065416614525}, "spectral_kurtosis": {"dmean": 4.05861997604, "dmean2": 6.7364692688, "dvar": 52.0320281982, "dvar2": 136.516891479, "max": 93.6814727783, "mean": 8.7501783371, "median": 4.39827871323, "min": -1.26899266243, "var": 122.289176941}, "spectral_rms": {"dmean": 0.00160191929899, "dmean2": 0.00242918403819, "dvar": 3.88754233427e-06, "dvar2": 8.49475054565e-06, "max": 0.0209200792015, "mean": 0.00645369384438, "median": 0.0062189088203, "min": 3.13905780709e-12, "var": 1.48285262185e-05}, "spectral_rolloff": {"dmean": 357.827362061, "dmean2": 601.47644043, "dvar": 1153681.125, "dvar2": 2748761.75, "max": 19573.6816406, "mean": 986.641784668, "median": 473.73046875, "min": 43.06640625, "var": 5300793}, "spectral_skewness": {"dmean": 0.426853626966, "dmean2": 0.684692382812, "dvar": 0.33938741684, "dvar2": 0.850176870823, "max": 7.8778014183, "mean": 1.95974195004, "median": 1.68980765343, "min": -0.0711680799723, "var": 1.14067816734}, "spectral_spread": {"dmean": 619232.4375, "dmean2": 893519.25, "dvar": 1119688851460.0, "dvar2": 2022910984190.0, "max": 42193228, "mean": 4655998, "median": 4369166.5, "min": 809780, "var": 16394222567400.0}, "spectral_strongpeak": {"dmean": 0.347561985254, "dmean2": 0.563127875328, "dvar": 0.434004604816, "dvar2": 1.0069205761, "max": 9.92803096771, "mean": 0.729302942753, "median": 0.512316167355, "min": 0, "var": 0.876615285873}, "zerocrossingrate": {"dmean": 0.00894326716661, "dmean2": 0.0104992371053, "dvar": 0.000262523448328, "dvar2": 0.000351840048097, "max": 0.517578125, "mean": 0.0426618531346, "median": 0.025390625, "min": 0.00244140625, "var": 0.00376204494387}, "barkbands": {"dmean": [0.00100831128657, 0.0205309484154, 0.00395061122254, 0.00189457344823, 0.00165764277335, 0.000829823547974, 0.000792881881353, 0.00053526868578, 0.000880811305251, 0.000513793551363, 0.000798743101768, 0.000935059681069, 0.000219801469939, 0.000170511702891, 0.000146066493471, 7.62192430557e-05, 9.11647730391e-05, 0.000158407026902, 0.000106259845779, 0.000161068601301, 0.000117655741633, 7.71816557972e-05, 4.35483452748e-05, 2.06368658837e-05, 2.08859237318e-05, 2.47307070822e-05, 1.78699192475e-05], "dmean2": [0.00146034720819, 0.0326334126294, 0.00590988295153, 0.00329517922364, 0.00284924916923, 0.0013389029773, 0.00115674827248, 0.000827402283903, 0.00124878168572, 0.000725182937458, 0.00122997513972, 0.00140481931157, 0.000346887565684, 0.000248202093644, 0.000212800718145, 0.000126298516989, 0.000154902867507, 0.000276040838799, 0.000177074893145, 0.000266695773462, 0.000204499228857, 0.000132889603265, 7.22622571629e-05, 3.01646705338e-05, 3.03983906633e-05, 3.68564396922e-05, 2.82454748231e-05], "dvar": [3.56021723746e-06, 0.00131409883033, 6.63623141008e-05, 4.52771382697e-05, 2.54842234426e-05, 4.99563975609e-06, 2.25943426813e-06, 1.44096406984e-06, 3.12340284836e-06, 2.162961664e-06, 6.13878182776e-06, 1.1471108337e-05, 5.79141953949e-07, 5.63780361063e-07, 1.93616543243e-07, 2.98984375036e-08, 4.09783353916e-08, 2.06326021157e-07, 6.73723050681e-08, 1.62280898053e-07, 9.71920002257e-08, 5.52224328487e-08, 1.51155621353e-08, 1.9546195773e-09, 2.50398102253e-09, 5.47663914219e-09, 4.95773910814e-09], "dvar2": [7.82102870289e-06, 0.00343678984791, 0.000141255906783, 0.000123494217405, 7.1146627306e-05, 1.35251148095e-05, 4.91550372317e-06, 3.54908456757e-06, 6.07522815699e-06, 3.45352373188e-06, 1.46687798406e-05, 2.71193548542e-05, 1.42278668136e-06, 1.04020887193e-06, 3.8436510863e-07, 7.46771462445e-08, 1.10830868039e-07, 5.72642079533e-07, 1.76601972157e-07, 4.32011745488e-07, 2.75238164704e-07, 1.60415140726e-07, 4.17065919578e-08, 4.26862367675e-09, 5.67348568126e-09, 1.2136966987e-08, 1.16125669081e-08], "max": [0.0230498854071, 0.374767899513, 0.124557361007, 0.085156686604, 0.0552377067506, 0.0320814177394, 0.0301895439625, 0.0190657470375, 0.0286881327629, 0.0622341036797, 0.04311273247, 0.0635769143701, 0.0153211047873, 0.0174454115331, 0.0076723638922, 0.00317107024603, 0.00235685054213, 0.00510177342221, 0.00477957585827, 0.00509932916611, 0.00626045232639, 0.00367217650637, 0.001577283605, 0.000891303934623, 0.000704521720763, 0.00102126772981, 0.000999734853394], "mean": [0.00190344639122, 0.0353235155344, 0.00644074147567, 0.00183872494381, 0.00197306787595, 0.0012975850841, 0.00156271434389, 0.000906297296751, 0.00154326495249, 0.000882215215825, 0.00117095210589, 0.00113127171062, 0.000262383109657, 0.00024153891718, 0.000185970609891, 0.000101953592093, 0.000116496157716, 0.000156043912284, 0.000137649447424, 0.000223902607104, 0.000169843668118, 0.00012249329302, 7.85067531979e-05, 4.054407691e-05, 3.61612073903e-05, 2.75283655355e-05, 1.57140329975e-05], "median": [0.000373065617168, 0.0155854485929, 0.00201804377139, 0.000442770484369, 0.000670501438435, 0.000398528150981, 0.000515426625498, 0.000250338838669, 0.000435476133134, 0.000200764465262, 0.000141669850564, 0.000103681551991, 3.79967568733e-05, 2.77308899967e-05, 2.42223140958e-05, 3.28775895468e-05, 3.99648415623e-05, 3.88613989344e-05, 4.64714430564e-05, 3.28280002577e-05, 3.01743239106e-05, 1.98869220185e-05, 1.21195525935e-05, 7.38909375286e-06, 7.42362271922e-06, 1.54025030952e-06, 7.51914868147e-08], "min": [1.19462452803e-24, 5.83500019538e-24, 2.15091726538e-25, 9.28218114509e-25, 1.18938309951e-23, 1.21437594849e-23, 1.33970259604e-23, 1.13554405271e-23, 2.06631511832e-23, 2.10096141596e-23, 2.09818399449e-23, 1.59034153389e-23, 1.26665486508e-23, 2.75878226963e-23, 3.71747419924e-23, 4.75938559009e-23, 7.20117420238e-23, 1.10572399031e-22, 1.60036300195e-22, 1.74835734673e-22, 2.4719667071e-22, 3.02398985912e-22, 4.63771906781e-22, 6.18285650525e-22, 9.44209806539e-22, 1.30621401173e-21, 1.85928088353e-21], "var": [8.43744965096e-06, 0.0024722549133, 0.000137917057145, 3.16022451443e-05, 1.90622558875e-05, 6.49722414892e-06, 6.64011486151e-06, 2.91618835035e-06, 7.80702430347e-06, 6.83072357788e-06, 1.10722767204e-05, 1.49593115566e-05, 6.24137044269e-07, 1.13693749881e-06, 2.87287690526e-07, 3.80934466193e-08, 4.00669541989e-08, 1.44563543358e-07, 7.13741883374e-08, 2.43449932213e-07, 1.18070474286e-07, 7.70962529373e-08, 2.97648981018e-08, 5.52328849324e-09, 4.34982183606e-09, 6.45146558398e-09, 4.70482408588e-09]}, "erbbands": {"dmean": [0.840350687504, 3.90109324455, 4.80087757111, 4.95892620087, 6.63788032532, 5.33002901077, 5.42322731018, 7.23998022079, 9.86978340149, 10.6439428329, 14.1201019287, 17.1430168152, 18.1828022003, 29.015750885, 21.3891735077, 30.1995773315, 13.9124746323, 7.55070447922, 7.71920394897, 5.55854845047, 4.6389169693, 5.82463169098, 8.79541778564, 6.05890798569, 6.43006849289, 7.0684428215, 5.65712499619, 3.84562659264, 3.11581635475, 2.0247657299, 1.08091402054, 0.47880834341, 0.360523551702, 0.225570589304, 0.15629850328, 0.105912677944, 0.0457383170724, 0.0134320370853, 0.00348316458985, 0.000203013172722], "dmean2": [1.36126255989, 6.17245769501, 7.28589391708, 7.94303703308, 11.8608388901, 8.75697135925, 8.88263988495, 11.8761262894, 15.1418657303, 15.3447437286, 21.2322673798, 24.7590255737, 24.9041347504, 41.3545570374, 33.5125160217, 45.868144989, 20.5757198334, 11.5090799332, 10.9071865082, 8.11008644104, 7.62564325333, 9.92820358276, 15.4404315948, 10.0089426041, 10.7054452896, 11.8239488602, 9.74690246582, 6.68205690384, 5.34022903442, 3.52490496635, 1.75441300869, 0.737928628922, 0.529428124428, 0.331891328096, 0.229667469859, 0.154273509979, 0.069710701704, 0.0210626516491, 0.00547105120495, 0.000320317019941], "dvar": [2.44890856743, 49.4585075378, 84.8101654053, 144.164901733, 781.94720459, 123.343269348, 256.090118408, 346.755859375, 510.223297119, 402.640258789, 1001.87738037, 1235.04797363, 1656.04016113, 6602.47753906, 4632.28222656, 11018.1035156, 2165.73193359, 1502.60412598, 565.139160156, 199.004959106, 113.239151001, 164.299545288, 745.002441406, 202.044555664, 248.570739746, 343.686279297, 192.953369141, 141.228744507, 87.4419555664, 42.9733200073, 9.43504238129, 1.08726525307, 0.697122037411, 0.209640726447, 0.166224002838, 0.0962423831224, 0.0190429203212, 0.00196811975911, 0.000191809653188, 5.68445273075e-07], "dvar2": [6.68286037445, 128.340240479, 197.203781128, 375.649871826, 2169.18652344, 323.544158936, 705.541809082, 925.469177246, 1233.20874023, 907.660827637, 2341.22143555, 2467.21337891, 2773.13525391, 13629.9091797, 11615.0625, 26336.6054688, 4963.21826172, 3472.48486328, 911.212219238, 398.306060791, 278.88861084, 444.127319336, 2082.89233398, 518.777099609, 662.192260742, 904.078552246, 536.350646973, 405.809265137, 252.682952881, 124.288215637, 25.5276660919, 2.50691699982, 1.53542733192, 0.448866993189, 0.390604794025, 0.205761909485, 0.0437410846353, 0.00458178156987, 0.000450369552709, 1.32632692385e-06], "max": [14.1268033981, 71.9371948242, 111.464530945, 147.26776123, 316.391357422, 124.495376587, 229.509521484, 230.177536011, 422.576904297, 358.671325684, 488.87991333, 689.284179688, 1345.5057373, 1463.8737793, 1323.61499023, 1519.25646973, 654.924255371, 1002.59790039, 669.891601562, 217.466888428, 214.729797363, 123.643707275, 334.145385742, 205.676605225, 211.236282349, 298.445739746, 314.008209229, 219.856307983, 128.198638916, 94.4652862549, 56.4256820679, 13.9714136124, 21.9696922302, 5.74523544312, 6.47873163223, 4.44435596466, 1.95530378819, 0.571975052357, 0.217982441187, 0.0108747594059], "mean": [1.11884820461, 7.36331605911, 9.3653755188, 6.46357297897, 6.110891819, 7.32639312744, 8.51415634155, 11.550994873, 18.6202812195, 21.9256687164, 24.1403999329, 30.1334590912, 34.1984977722, 48.4791679382, 28.900352478, 36.3797683716, 17.6085700989, 10.3099050522, 11.3016881943, 7.41753816605, 6.53396463394, 7.353495121, 8.75422954559, 7.361515522, 8.37753677368, 10.376704216, 8.13263893127, 5.70080137253, 4.92400789261, 3.03395318985, 2.00992655754, 0.945396304131, 0.693277537823, 0.424360990524, 0.239487990737, 0.129580050707, 0.047777697444, 0.0132980262861, 0.00307745183818, 0.000213666629861], "median": [0.365995556116, 3.21856069565, 4.8316283226, 2.42635798454, 1.76726651192, 2.43411159515, 3.05981755257, 3.4946808815, 5.74565839767, 8.07172107697, 8.17846107483, 9.27906894684, 10.3634033203, 8.78531265259, 4.79865455627, 4.07941436768, 2.47662305832, 1.65692520142, 1.80481076241, 1.48571503162, 2.31688928604, 2.55378437042, 2.23126077652, 2.26851248741, 2.35704135895, 1.44443273544, 1.45595264435, 1.00660157204, 0.694221496582, 0.488454163074, 0.318596661091, 0.184387147427, 0.115494541824, 0.0932258814573, 0.0392935723066, 0.0108059635386, 0.00218671117909, 0.000321039173286, 4.65977682325e-05, 5.79508887313e-05], "min": [1.2368358282e-22, 1.16067051263e-21, 3.61843817782e-21, 6.00618144986e-21, 1.3815749921e-20, 3.38532551417e-20, 3.40183843026e-20, 6.87641576317e-20, 1.62021676038e-19, 2.09222876537e-19, 4.45335585331e-19, 4.46629295809e-19, 5.96533603054e-19, 8.34931553387e-19, 7.94028764566e-19, 1.16575380568e-18, 1.37212533895e-18, 1.27265873144e-18, 2.45071550457e-18, 2.53267834992e-18, 3.32045373245e-18, 5.33345048587e-18, 5.97095568883e-18, 6.61416471571e-18, 8.80690843661e-18, 7.62838120451e-18, 9.36740022941e-18, 1.18388471549e-17, 1.13466002442e-17, 1.29450266891e-17, 1.33802560402e-17, 1.30176911971e-17, 1.10878473952e-17, 8.77300726639e-18, 6.6359501715e-18, 4.09514084295e-18, 2.46166344677e-18, 9.97897352697e-19, 2.44433008383e-19, 2.60389348248e-20], "var": [3.29753923416, 104.747787476, 167.058029175, 149.56111145, 500.373016357, 155.434707642, 279.985107422, 532.427978516, 1129.58190918, 1265.30883789, 1824.03979492, 3117.09838867, 5164.34765625, 14872.2880859, 6230.12939453, 13651.4580078, 2765.13720703, 1919.82263184, 1365.67797852, 310.48727417, 147.094055176, 156.595932007, 504.177581787, 201.551086426, 272.803588867, 643.09777832, 260.787750244, 158.127304077, 135.120956421, 47.5883216858, 20.2041721344, 2.85659646988, 1.90165770054, 0.509142577648, 0.237003609538, 0.123576618731, 0.020617088303, 0.00203692726791, 0.000182911695447, 5.26166616055e-07]}, "gfcc": {"mean": [-60.3135910034, 113.379859924, -93.8550796509, 34.2092437744, -46.9453773499, 14.4845705032, -10.9090852737, 14.8290624619, -15.5778751373, 1.7376639843, -10.1047821045, 1.22820460796, -3.8983631134], "cov": [[22671.421875, -643.132446289, -1076.57788086, 848.055786133, -1100.16418457, 337.975067139, -596.022644043, 337.75289917, -410.417694092, 336.897033691, -330.096588135, 3.95952796936, -470.924224854], [-643.132446289, 3478.4230957, -304.944213867, -570.974121094, 361.699829102, -602.171569824, 270.341156006, -86.5239715576, 428.202087402, -233.084625244, 173.947937012, -255.700241089, 181.706954956], [-1076.57788086, -304.944213867, 1524.81652832, 310.648590088, 286.519592285, 219.006515503, 76.3854675293, 46.1876792908, 54.8268165588, 150.58757019, 0.00526804011315, 77.2383728027, -42.4205932617], [848.055786133, -570.974121094, 310.648590088, 781.463745117, 85.1950073242, 304.681427002, 30.5947761536, 79.6002883911, -28.0986709595, 103.060798645, 42.7267532349, 3.5655310154, -30.8034591675], [-1100.16418457, 361.699829102, 286.519592285, 85.1950073242, 640.84387207, 195.796813965, 258.772583008, -23.9658794403, 80.0022964478, -2.76171302795, 101.982749939, 7.37735795975, 60.9065742493], [337.975067139, -602.171569824, 219.006515503, 304.681427002, 195.796813965, 603.912780762, 100.802764893, 75.3321990967, -121.667816162, 65.4882202148, 37.4561233521, 121.606590271, 24.3237800598], [-596.022644043, 270.341156006, 76.3854675293, 30.5947761536, 258.772583008, 100.802764893, 269.194458008, 40.3385276794, 68.3276977539, -42.9791107178, 68.5193939209, -3.33534836769, 69.5458679199], [337.75289917, -86.5239715576, 46.1876792908, 79.6002883911, -23.9658794403, 75.3321990967, 40.3385276794, 209.450820923, 65.4331512451, 49.2547302246, -14.7106723785, 4.41490507126, 2.18543219566], [-410.417694092, 428.202087402, 54.8268165588, -28.0986709595, 80.0022964478, -121.667816162, 68.3276977539, 65.4331512451, 207.116882324, 34.7282371521, 38.4045715332, -71.6181411743, 17.1005268097], [336.897033691, -233.084625244, 150.58757019, 103.060798645, -2.76171302795, 65.4882202148, -42.9791107178, 49.2547302246, 34.7282371521, 163.692367554, 25.2241859436, 21.2532691956, -55.523979187], [-330.096588135, 173.947937012, 0.00526804011315, 42.7267532349, 101.982749939, 37.4561233521, 68.5193939209, -14.7106723785, 38.4045715332, 25.2241859436, 115.727798462, 9.43939495087, 27.9833946228], [3.95952796936, -255.700241089, 77.2383728027, 3.5655310154, 7.37735795975, 121.606590271, -3.33534836769, 4.41490507126, -71.6181411743, 21.2532691956, 9.43939495087, 118.799957275, 27.2786865234], [-470.924224854, 181.706954956, -42.4205932617, -30.8034591675, 60.9065742493, 24.3237800598, 69.5458679199, 2.18543219566, 17.1005268097, -55.523979187, 27.9833946228, 27.2786865234, 112.826591492]], "icov": [[7.10844469722e-05, -9.07025532797e-05, 7.98562396085e-05, -0.000125879829284, 9.26303982851e-05, -5.45979783055e-05, -3.04510995193e-05, -7.28835948394e-05, 0.000172484957147, -0.000204124313314, 0.000265611306531, -0.000134127913043, 0.000260334869381], [-9.07025532797e-05, 0.000792799983174, -0.000127895997139, 0.000489199766889, -0.000381229998311, 0.000330870389007, 0.000168694605236, 9.46938671404e-05, -0.000991373555735, 0.00100124021992, -0.00126010202803, 0.000976131763309, -0.00082174828276], [7.98562396085e-05, -0.000127895997139, 0.00103261636104, -0.000505322939716, -0.000271236698609, -6.0904872953e-05, -0.000224833464017, 0.000252946076216, -0.000484766205773, -0.00074832350947, 0.00127046043053, -0.00131136190612, 0.000789969868492], [-0.000125879829284, 0.000489199766889, -0.000505322939716, 0.00236207293347, -0.000165384350112, -0.000724154233467, 0.000318048521876, -0.00043547488167, 0.000173481806996, 2.29472134379e-05, -0.00186648243107, 0.00256349286065, -0.00097244582139], [9.26303982851e-05, -0.000381229998311, -0.000271236698609, -0.000165384350112, 0.00360824447125, -0.00126162893139, -0.00264861411415, 0.00159792625345, -0.000813300721347, -0.000598885468207, 0.000167497681105, -0.000249016156886, 0.000626487424597], [-5.45979783055e-05, 0.000330870389007, -6.0904872953e-05, -0.000724154233467, -0.00126162893139, 0.00419221166521, -0.000945227628108, -0.00160345144104, 0.00290172919631, -0.00113562610932, -0.000616853532847, -0.00113642425276, -0.00116129382513], [-3.04510995193e-05, 0.000168694605236, -0.000224833464017, 0.000318048521876, -0.00264861411415, -0.000945227628108, 0.00912569276989, -0.00234263809398, -0.00175257923547, 0.00410090247169, -0.0035650159698, 0.000782257760875, -0.00136375660077], [-7.28835948394e-05, 9.46938671404e-05, 0.000252946076216, -0.00043547488167, 0.00159792625345, -0.00160345144104, -0.00234263809398, 0.00841093249619, -0.00488167675212, -0.00149220344611, 0.00350207556039, -0.00169674667995, -0.000169152466697], [0.000172484957147, -0.000991373555735, -0.000484766205773, 0.000173481806996, -0.000813300721347, 0.00290172919631, -0.00175257923547, -0.00488167675212, 0.0157480128109, -0.00711114518344, -0.00114122068044, 0.00719768833369, -0.00417359499261], [-0.000204124313314, 0.00100124021992, -0.00074832350947, 2.29472134379e-05, -0.000598885468207, -0.00113562610932, 0.00410090247169, -0.00149220344611, -0.00711114518344, 0.0159153360873, -0.00622924091294, -0.00418174406514, 0.00679571321234], [0.000265611306531, -0.00126010202803, 0.00127046043053, -0.00186648243107, 0.000167497681105, -0.000616853532847, -0.0035650159698, 0.00350207556039, -0.00114122068044, -0.00622924091294, 0.0168476700783, -0.00381244113669, -0.000871076714247], [-0.000134127913043, 0.000976131763309, -0.00131136190612, 0.00256349286065, -0.000249016156886, -0.00113642425276, 0.000782257760875, -0.00169674667995, 0.00719768833369, -0.00418174406514, -0.00381244113669, 0.0200283955783, -0.00904058851302], [0.000260334869381, -0.00082174828276, 0.000789969868492, -0.00097244582139, 0.000626487424597, -0.00116129382513, -0.00136375660077, -0.000169152466697, -0.00417359499261, 0.00679571321234, -0.000871076714247, -0.00904058851302, 0.0184394624084]]}, "melbands": {"dmean": [0.0064040441066, 0.00322287599556, 0.000967667321675, 0.000411361193983, 0.000192500214325, 0.000162978409207, 0.000153490254888, 0.00011505902512, 0.000125099162688, 0.000116259514471, 9.31625472731e-05, 0.000115109884064, 8.36301478557e-05, 8.11165373307e-05, 8.14716695459e-05, 1.84447726497e-05, 1.37291317515e-05, 1.29921381813e-05, 1.40832526085e-05, 4.4553630687e-06, 5.39298707736e-06, 6.26556311545e-06, 7.35781623007e-06, 7.20978232494e-06, 4.98770668855e-06, 3.73756370209e-06, 6.65902371111e-06, 4.26605583925e-06, 3.69844747183e-06, 3.02044486489e-06, 2.11393989957e-06, 2.03147465072e-06, 1.22880680919e-06, 1.15165335046e-06, 7.47915976262e-07, 3.97111875827e-07, 2.71983537914e-07, 2.87499602791e-07, 2.17115911028e-07, 1.92212169736e-07], "dmean2": [0.0102449245751, 0.00494134565815, 0.00158358272165, 0.00071245781146, 0.000315202807542, 0.000265749171376, 0.000230784033192, 0.000166827783687, 0.000186134158866, 0.000167086574947, 0.000127346153022, 0.000163370321388, 0.000132829372887, 0.000122227182146, 0.000121565033623, 2.86356025754e-05, 2.10272646655e-05, 1.84773161891e-05, 2.01869388547e-05, 7.46462410461e-06, 8.94747245184e-06, 1.06950892587e-05, 1.30539920065e-05, 1.24198504636e-05, 8.21484263724e-06, 6.33349236523e-06, 1.10723758553e-05, 7.20592925063e-06, 6.33293939245e-06, 5.25053246747e-06, 3.66976996702e-06, 3.48195635524e-06, 2.12346094486e-06, 2.0166289687e-06, 1.23986819744e-06, 6.10945960489e-07, 4.30846029076e-07, 4.27965119343e-07, 3.33906285732e-07, 2.83894934228e-07], "dvar": [0.000133617286338, 3.19751889037e-05, 7.49352193452e-06, 1.66637528309e-06, 2.64304247821e-07, 1.80757282919e-07, 1.01043262646e-07, 4.62233593623e-08, 8.29283024473e-08, 5.91234687874e-08, 4.77860169212e-08, 9.88433299653e-08, 5.98404099605e-08, 1.41570538403e-07, 1.13672996349e-07, 6.7301959561e-09, 4.64833371794e-09, 2.56897436657e-09, 1.99073624252e-09, 9.40417743678e-11, 1.63797975183e-10, 2.03423902723e-10, 5.13812214997e-10, 3.82868570181e-10, 1.41091624495e-10, 9.68204752483e-11, 3.33987087986e-10, 1.42069259135e-10, 9.1041250927e-11, 5.47038039866e-11, 5.31070500076e-11, 3.58662648192e-11, 1.89295974728e-11, 1.29287049816e-11, 5.2121822483e-12, 8.31418484407e-13, 3.40859854448e-13, 5.64702852621e-13, 2.02342171339e-13, 1.57311514618e-13], "dvar2": [0.000354597315891, 7.95398736955e-05, 2.00540671358e-05, 4.63119704364e-06, 7.27640212972e-07, 4.86462113258e-07, 2.37632690414e-07, 1.07945595573e-07, 1.86073847885e-07, 1.14272310725e-07, 7.87655451973e-08, 1.99873653628e-07, 1.55487313691e-07, 3.31837270551e-07, 2.62302449983e-07, 1.55579424899e-08, 1.05473141332e-08, 3.91573573566e-09, 3.94495058842e-09, 2.4321608616e-10, 4.06330691316e-10, 5.48630252339e-10, 1.44349898701e-09, 1.05017372576e-09, 3.59930696359e-10, 2.55632015556e-10, 8.87385498416e-10, 3.75036002254e-10, 2.53198240152e-10, 1.52055978919e-10, 1.53720605689e-10, 1.03202932311e-10, 5.52625653572e-11, 3.73038128165e-11, 1.42543954071e-11, 2.00063988813e-12, 8.03005014913e-13, 1.27262989643e-12, 4.49001621473e-13, 3.40060716131e-13], "max": [0.116627089679, 0.0569435209036, 0.0331045426428, 0.0145455840975, 0.00710402661934, 0.00552664417773, 0.00566552765667, 0.00356661528349, 0.0041739474982, 0.00465846760198, 0.00773893855512, 0.00551601173356, 0.00395581824705, 0.00901121273637, 0.00450841570273, 0.00196388503537, 0.00168859364931, 0.00158507749438, 0.000744142686017, 0.000150132822455, 0.000253287755186, 0.000183313619345, 0.000292758457363, 0.000202886687475, 0.000181410156074, 0.000198264446226, 0.000307133072056, 0.000202466660994, 0.000238686465309, 0.000117602241517, 0.000161449948791, 8.78629070939e-05, 8.56127371662e-05, 4.39042014477e-05, 4.31862099504e-05, 1.72580785147e-05, 7.04701915311e-06, 2.29884280998e-05, 5.91961816099e-06, 5.27383372173e-06], "mean": [0.0100579308346, 0.00679516233504, 0.00117315317038, 0.000461320596514, 0.000309005350573, 0.00026309362147, 0.000295184087008, 0.000231325364439, 0.000201074915822, 0.000203529416467, 0.000170239814906, 0.000192230581888, 0.00011604255269, 9.90173430182e-05, 9.51028487179e-05, 2.29044708249e-05, 1.82034364116e-05, 1.87132754945e-05, 1.72191248566e-05, 5.76004504182e-06, 7.32762964617e-06, 7.66147695686e-06, 7.26056168787e-06, 7.36549645808e-06, 5.85615771342e-06, 4.75449132864e-06, 8.11789959698e-06, 6.35750848232e-06, 5.0005310186e-06, 4.32195338362e-06, 2.97091378343e-06, 3.12554652737e-06, 1.81557697942e-06, 1.65142114383e-06, 1.28576891711e-06, 7.57401721785e-07, 4.94758580771e-07, 5.2119406746e-07, 3.97098546046e-07, 3.38377532216e-07], "median": [0.00391941610724, 0.00394066702574, 0.000423090386903, 0.000143297060276, 0.00012823662837, 8.09089178802e-05, 9.79715478024e-05, 9.1674606665e-05, 5.49883407075e-05, 5.87074282521e-05, 4.93407860631e-05, 3.32674862875e-05, 1.79565904546e-05, 8.38565665617e-06, 5.19288732903e-06, 2.78387892649e-06, 2.34617732531e-06, 2.45736259785e-06, 1.95966458705e-06, 1.85926126051e-06, 2.51880146607e-06, 2.34313984038e-06, 2.21119648813e-06, 1.71718033926e-06, 1.72405134435e-06, 1.62361311595e-06, 1.39019266499e-06, 7.23370419564e-07, 8.87975375008e-07, 7.50159301788e-07, 5.03226829096e-07, 3.66408897889e-07, 3.38529360988e-07, 2.32100802577e-07, 1.83386674735e-07, 1.37011753054e-07, 1.00011718018e-07, 7.68283570096e-08, 8.42233589537e-08, 7.28532967287e-08], "min": [1.75720383803e-24, 1.97183257717e-24, 1.85315180664e-24, 2.03145626211e-24, 1.20411807459e-24, 1.63577802876e-24, 2.48967499359e-24, 2.28720851746e-24, 3.8137740787e-24, 2.16678081445e-24, 2.82038205114e-24, 2.68953665102e-24, 2.35204223424e-24, 2.65711229845e-24, 3.13906529077e-24, 2.41742697037e-24, 1.92491744142e-24, 3.46251680014e-24, 2.54797142006e-24, 3.17027893907e-24, 3.2959578919e-24, 4.2966437274e-24, 4.43471213518e-24, 5.4261063725e-24, 4.33751579419e-24, 6.12919955909e-24, 4.31961930126e-24, 4.15479036499e-24, 4.78662337943e-24, 4.16007178875e-24, 6.31048137283e-24, 5.07156467156e-24, 6.03725821502e-24, 6.68512995495e-24, 6.12747077042e-24, 7.42531025371e-24, 6.69795998872e-24, 7.09704472067e-24, 5.59089192142e-24, 7.18320647532e-24], "var": [0.000220717673074, 6.82208192302e-05, 6.3213356043e-06, 1.23258325857e-06, 2.87423205236e-07, 2.59815578829e-07, 2.44599988264e-07, 1.34528065132e-07, 1.47723909549e-07, 1.52163849521e-07, 1.49785165604e-07, 2.3086217027e-07, 8.51898036558e-08, 1.90526947108e-07, 1.42654755564e-07, 8.15343170757e-09, 6.30973984173e-09, 6.63967991699e-09, 2.93060731238e-09, 1.13751882913e-10, 2.06404004999e-10, 1.96167915245e-10, 3.40717842828e-10, 2.90413082471e-10, 1.42786060753e-10, 9.91740856104e-11, 3.52377432788e-10, 2.79907069745e-10, 1.05649197724e-10, 7.5730970106e-11, 5.10957769151e-11, 6.17256801227e-11, 1.7811521355e-11, 1.49315421138e-11, 9.96546335036e-12, 2.21509355997e-12, 7.40817617754e-13, 1.3477925373e-12, 4.78583264598e-13, 3.45664035589e-13]}, "mfcc": {"mean": [-704.770446777, 141.827514648, 17.4661579132, 31.8428192139, -2.64961361885, 7.80710697174, 12.3400287628, 14.2613801956, 10.0287084579, 5.32707214355, 2.19308805466, 2.87536621094, 3.96506071091], "cov": [[12335.2382812, -1089.74731445, -368.149383545, 321.861236572, -389.353973389, -67.0423812866, -248.701324463, -129.343811035, -82.9008789062, -2.33269047737, 133.565139771, 165.750152588, -51.1754570007], [-1089.74731445, 3355.67749023, -189.517974854, -10.5651359558, 26.5442714691, -324.139282227, -158.718933105, 2.32214188576, 111.035301208, 129.419570923, 42.0248374939, 1.92028927803, 29.8331928253], [-368.149383545, -189.517974854, 908.529785156, 249.598953247, 152.023529053, 173.227035522, 56.8976249695, 23.93791008, 50.9550514221, 22.8800830841, 58.8832855225, 46.2522392273, 28.2145137787], [321.861236572, -10.5651359558, 249.598953247, 499.017059326, 158.073791504, 133.598358154, 67.1934585571, 16.3850059509, 49.9716529846, 88.9872207642, 82.8168487549, 66.9350204468, 24.4984416962], [-389.353973389, 26.5442714691, 152.023529053, 158.073791504, 311.586517334, 239.691665649, 176.692184448, 86.099609375, 51.1977272034, 33.5658302307, 49.7069320679, 39.2147827148, 39.2784194946], [-67.0423812866, -324.139282227, 173.227035522, 133.598358154, 239.691665649, 438.552215576, 278.525695801, 112.151199341, 10.6730680466, -9.01972293854, 6.92140579224, 40.3684043884, 71.1778106689], [-248.701324463, -158.718933105, 56.8976249695, 67.1934585571, 176.692184448, 278.525695801, 311.596679688, 161.788421631, 47.192073822, -2.74709534645, -8.32099533081, 25.9480819702, 66.4255828857], [-129.343811035, 2.32214188576, 23.93791008, 16.3850059509, 86.099609375, 112.151199341, 161.788421631, 189.002410889, 94.9586334229, 12.5168399811, -16.3339538574, 3.08841180801, 39.9444847107], [-82.9008789062, 111.035301208, 50.9550514221, 49.9716529846, 51.1977272034, 10.6730680466, 47.192073822, 94.9586334229, 135.885314941, 77.0427627563, 22.1885356903, 9.90266799927, 18.2852840424], [-2.33269047737, 129.419570923, 22.8800830841, 88.9872207642, 33.5658302307, -9.01972293854, -2.74709534645, 12.5168399811, 77.0427627563, 139.53944397, 81.9036178589, 21.8751029968, 1.01482546329], [133.565139771, 42.0248374939, 58.8832855225, 82.8168487549, 49.7069320679, 6.92140579224, -8.32099533081, -16.3339538574, 22.1885356903, 81.9036178589, 139.949615479, 74.2735366821, 1.46863424778], [165.750152588, 1.92028927803, 46.2522392273, 66.9350204468, 39.2147827148, 40.3684043884, 25.9480819702, 3.08841180801, 9.90266799927, 21.8751029968, 74.2735366821, 115.912963867, 52.8655700684], [-51.1754570007, 29.8331928253, 28.2145137787, 24.4984416962, 39.2784194946, 71.1778106689, 66.4255828857, 39.9444847107, 18.2852840424, 1.01482546329, 1.46863424778, 52.8655700684, 92.973991394]], "icov": [[0.000101255820482, 2.54601363849e-05, 8.04121154943e-05, -0.000135541689815, 0.000230447200011, -0.000162221418577, 0.000164204800967, -8.16701940494e-05, -6.77018615534e-05, 0.000125820806716, -0.000121578093967, -0.000139127572766, 9.64542705333e-05], [2.54601363849e-05, 0.000376250216505, 7.43440468796e-05, -1.91143244592e-05, -0.000362736347597, 0.000442441465566, 0.00015549903037, -0.00012545924983, 1.95073371287e-05, -0.000281039916445, 7.67208184698e-05, 6.25808825134e-05, -0.000404475198593], [8.04121154943e-05, 7.43440468796e-05, 0.00152306829114, -0.000695001042914, 4.38675051555e-05, -0.000791220809333, 0.000709521817043, 0.000293950928608, -0.00129061727785, 0.00127783184871, -0.000975314353127, 0.000388847896829, -0.000270490039838], [-0.000135541689815, -1.91143244592e-05, -0.000695001042914, 0.00324324914254, -0.00133955548517, -6.0746253439e-05, -0.00015789824829, 0.000429109844845, 0.000423484045314, -0.00230472092517, 0.00107999145985, -0.00146350974683, 0.000585693342146], [0.000230447200011, -0.000362736347597, 4.38675051555e-05, -0.00133955548517, 0.00807644706219, -0.00366816367023, -0.00116840878036, 0.000534857215825, -0.00270563387312, 0.00231985072605, -0.0034904316999, 0.000988552346826, 0.000583909335546], [-0.000162221418577, 0.000442441465566, -0.000791220809333, -6.0746253439e-05, -0.00366816367023, 0.00847928505391, -0.00552890682593, 0.000439516064944, 0.00299394875765, -0.00138536770828, 0.00131586322095, 6.75760529703e-05, -0.00178852200042], [0.000164204800967, 0.00015549903037, 0.000709521817043, -0.00015789824829, -0.00116840878036, -0.00552890682593, 0.0132244257256, -0.00827531144023, 0.00240338919684, -0.000719702162314, 0.000434136076365, -0.000524092989508, -0.00147344591096], [-8.16701940494e-05, -0.00012545924983, 0.000293950928608, 0.000429109844845, 0.000534857215825, 0.000439516064944, -0.00827531144023, 0.0181536916643, -0.0131816901267, 0.00552487326786, -0.00117445969954, 0.00225855410099, -0.00138999323826], [-6.77018615534e-05, 1.95073371287e-05, -0.00129061727785, 0.000423484045314, -0.00270563387312, 0.00299394875765, 0.00240338919684, -0.0131816901267, 0.0241935998201, -0.0144590353593, 0.00616840366274, -0.00334691209719, 0.000238950975472], [0.000125820806716, -0.000281039916445, 0.00127783184871, -0.00230472092517, 0.00231985072605, -0.00138536770828, -0.000719702162314, 0.00552487326786, -0.0144590353593, 0.0229743588716, -0.0148819806054, 0.00829176604748, -0.00328675191849], [-0.000121578093967, 7.67208184698e-05, -0.000975314353127, 0.00107999145985, -0.0034904316999, 0.00131586322095, 0.000434136076365, -0.00117445969954, 0.00616840366274, -0.0148819806054, 0.0247202757746, -0.0169732272625, 0.00879137217999], [-0.000139127572766, 6.25808825134e-05, 0.000388847896829, -0.00146350974683, 0.000988552346826, 6.75760529703e-05, -0.000524092989508, 0.00225855410099, -0.00334691209719, 0.00829176604748, -0.0169732272625, 0.0254335906357, -0.0145201450214], [9.64542705333e-05, -0.000404475198593, -0.000270490039838, 0.000585693342146, 0.000583909335546, -0.00178852200042, -0.00147344591096, -0.00138999323826, 0.000238950975472, -0.00328675191849, 0.00879137217999, -0.0145201450214, 0.0217450261116]]}, "spectral_contrast_coeffs": {"dmean": [0.0508483350277, 0.046630255878, 0.0428719520569, 0.0315627194941, 0.0225050523877, 0.0203262418509], "dmean2": [0.0816943123937, 0.0727021843195, 0.0656851008534, 0.0488765910268, 0.0352825187147, 0.0339942201972], "dvar": [0.00225872499868, 0.00150892161764, 0.00132484687492, 0.000844762369525, 0.000485384138301, 0.000672354304697], "dvar2": [0.00551111390814, 0.00349174113944, 0.00314816110767, 0.00183907384053, 0.00107410224155, 0.00169362092856], "max": [-0.297746032476, -0.483491063118, -0.402762383223, -0.522737801075, -0.563996553421, -0.579804956913], "mean": [-0.666557133198, -0.738709270954, -0.727451503277, -0.779691696167, -0.798482000828, -0.765894949436], "median": [-0.66178303957, -0.744644284248, -0.730547249317, -0.784656703472, -0.808875381947, -0.767000377178], "min": [-0.97904753685, -0.973244905472, -0.978795409203, -0.969769537449, -0.968039870262, -0.964101791382], "var": [0.00949886254966, 0.00770572992042, 0.00765807460994, 0.00447391578928, 0.00317220715806, 0.0020789525006]}, "spectral_contrast_valleys": {"dmean": [0.434791386127, 0.462026566267, 0.449802547693, 0.415090858936, 0.411042630672, 0.410782516003], "dmean2": [0.683683097363, 0.698015153408, 0.669275283813, 0.618890047073, 0.590618431568, 0.516211032867], "dvar": [0.218378797174, 0.2648447752, 0.26270288229, 0.29052901268, 0.406177282333, 0.367787599564], "dvar2": [0.375010669231, 0.444290429354, 0.454873174429, 0.500865638256, 0.7637