{"lowlevel": {"average_loudness": 0.496093034744, "barkbands_crest": {"dmean": 2.3121035099, "dmean2": 3.56655287743, "dvar": 7.01340770721, "dvar2": 17.1231689453, "max": 26.827507019, "mean": 13.9692716599, "median": 13.1689071655, "min": 3.32464814186, "var": 27.6346473694}, "barkbands_flatness_db": {"dmean": 0.0449008233845, "dmean2": 0.0686477869749, "dvar": 0.00307707884349, "dvar2": 0.00639736047015, "max": 0.630408108234, "mean": 0.33159288764, "median": 0.348683774471, "min": 0.0355994924903, "var": 0.0145506449044}, "barkbands_kurtosis": {"dmean": 6.01552915573, "dmean2": 9.43943023682, "dvar": 212.433624268, "dvar2": 524.940063477, "max": 404.198455811, "mean": 10.0235071182, "median": 2.8129928112, "min": -1.9245402813, "var": 549.481384277}, "barkbands_skewness": {"dmean": 0.744894623756, "dmean2": 1.12591409683, "dvar": 0.919649422169, "dvar2": 2.20943164825, "max": 16.4433422089, "mean": 1.47245490551, "median": 1.30931317806, "min": -10.5342025757, "var": 4.48572397232}, "barkbands_spread": {"dmean": 5.10458660126, "dmean2": 8.45081615448, "dvar": 123.887840271, "dvar2": 315.041931152, "max": 115.908424377, "mean": 10.9620170593, "median": 7.56149959564, "min": 0.101344250143, "var": 146.051025391}, "dissonance": {"dmean": 0.0408218242228, "dmean2": 0.068494014442, "dvar": 0.00211135903373, "dvar2": 0.00595508562401, "max": 0.499990314245, "mean": 0.36847999692, "median": 0.379896640778, "min": 0.0233167205006, "var": 0.00646379683167}, "dynamic_complexity": 4.88054037094, "erbbands_crest": {"dmean": 2.48854660988, "dmean2": 3.86614155769, "dvar": 9.00099754333, "dvar2": 21.7548656464, "max": 35.1856269836, "mean": 14.5252361298, "median": 13.0992527008, "min": 2.72661972046, "var": 45.2262077332}, "erbbands_flatness_db": {"dmean": 0.0364207401872, "dmean2": 0.0562296025455, "dvar": 0.00230543711223, "dvar2": 0.0046633509919, "max": 0.644620001316, "mean": 0.319494813681, "median": 0.317643612623, "min": 0.064569182694, "var": 0.0119640529156}, "erbbands_kurtosis": {"dmean": 2.44900751114, "dmean2": 3.81824874878, "dvar": 27.8198051453, "dvar2": 62.6656837463, "max": 196.860687256, "mean": 3.62792086601, "median": 0.597192764282, "min": -1.94957971573, "var": 104.338562012}, "erbbands_skewness": {"dmean": 0.571185171604, "dmean2": 0.877362787724, "dvar": 0.5901273489, "dvar2": 1.40872716904, "max": 8.41939640045, "mean": 0.342811882496, "median": 0.418970882893, "min": -10.9254417419, "var": 2.45744085312}, "erbbands_spread": {"dmean": 8.1862411499, "dmean2": 13.6203641891, "dvar": 250.696151733, "dvar2": 646.840148926, "max": 183.325820923, "mean": 22.3892459869, "median": 17.8990364075, "min": 0.264334082603, "var": 359.235748291}, "hfc": {"dmean": 7.40662813187, "dmean2": 12.5088233948, "dvar": 381.017181396, "dvar2": 1055.13305664, "max": 201.049667358, "mean": 12.9553880692, "median": 6.94299268723, "min": 1.21969422447e-16, "var": 345.564544678}, "melbands_crest": {"dmean": 2.5228407383, "dmean2": 3.81038427353, "dvar": 8.38304042816, "dvar2": 19.648311615, "max": 35.6840324402, "mean": 16.9606151581, "median": 16.0279426575, "min": 1.45844233036, "var": 42.0842132568}, "melbands_flatness_db": {"dmean": 0.0537587143481, "dmean2": 0.0813729986548, "dvar": 0.00484058680013, "dvar2": 0.0100060347468, "max": 0.791377902031, "mean": 0.42245593667, "median": 0.44609862566, "min": 0.00313823902979, "var": 0.0209841970354}, "melbands_kurtosis": {"dmean": 9.06414699554, "dmean2": 14.1527309418, "dvar": 481.696960449, "dvar2": 1176.87597656, "max": 507.051269531, "mean": 16.3384037018, "median": 6.04893398285, "min": -1.93390309811, "var": 1003.26593018}, "melbands_skewness": {"dmean": 0.795220136642, "dmean2": 1.19466114044, "dvar": 1.09030616283, "dvar2": 2.52815556526, "max": 18.3270168304, "mean": 2.21019768715, "median": 1.96063506603, "min": -8.12149524689, "var": 5.20084095001}, "melbands_spread": {"dmean": 7.24541091919, "dmean2": 12.0711355209, "dvar": 386.951599121, "dvar2": 1037.0213623, "max": 228.922821045, "mean": 16.4760074615, "median": 9.29133605957, "min": 0.246692940593, "var": 595.864868164}, "pitch_salience": {"dmean": 0.0720076858997, "dmean2": 0.114371962845, "dvar": 0.00870437454432, "dvar2": 0.0216719731688, "max": 0.945494353771, "mean": 0.452925264835, "median": 0.441881299019, "min": 0.0435749962926, "var": 0.0230647437274}, "silence_rate_20dB": {"dmean": 0, "dmean2": 0, "dvar": 0, "dvar2": 0, "max": 1, "mean": 1, "median": 1, "min": 1, "var": 0}, "silence_rate_30dB": {"dmean": 0.037567730993, "dmean2": 0.0751445069909, "dvar": 0.0361520014703, "dvar2": 0.086369164288, "max": 1, "mean": 0.9566578269, "median": 1, "min": 0, "var": 0.0414683111012}, "silence_rate_60dB": {"dmean": 0.0332329906523, "dmean2": 0.0664739906788, "dvar": 0.0321265980601, "dvar2": 0.0671103000641, "max": 1, "mean": 0.16626535356, "median": 0, "min": 0, "var": 0.138624876738}, "spectral_centroid": {"dmean": 225.77255249, "dmean2": 370.617431641, "dvar": 294964.5625, "dvar2": 736190.8125, "max": 10518.1738281, "mean": 844.83380127, "median": 609.935913086, "min": 96.8421401978, "var": 613894.625}, "spectral_complexity": {"dmean": 1.51186037064, "dmean2": 2.46050095558, "dvar": 11.5159711838, "dvar2": 27.2356758118, "max": 52, "mean": 8.11642169952, "median": 8, "min": 0, "var": 28.9345607758}, "spectral_decrease": {"dmean": 2.66886113209e-09, "dmean2": 3.94961396921e-09, "dvar": 2.3768674251e-17, "dvar2": 5.83894684477e-17, "max": 5.50661829514e-29, "mean": -8.06769495654e-09, "median": -4.17138235065e-09, "min": -6.48015188176e-08, "var": 8.27360871752e-17}, "spectral_energy": {"dmean": 0.0105754034594, "dmean2": 0.0157594624907, "dvar": 0.000351912778569, "dvar2": 0.000867496768478, "max": 0.245820090175, "mean": 0.0316244848073, "median": 0.0171397328377, "min": 1.08551493397e-20, "var": 0.00122358836234}, "spectral_energyband_high": {"dmean": 0.000694354937878, "dmean2": 0.00129713560455, "dvar": 6.52734570394e-06, "dvar2": 1.852796413e-05, "max": 0.0273606758565, "mean": 0.000420818803832, "median": 6.76874833516e-07, "min": 8.26572424776e-21, "var": 3.87391764889e-06}, "spectral_energyband_low": {"dmean": 0.00755235366523, "dmean2": 0.0111614493653, "dvar": 0.000285047106445, "dvar2": 0.000682156474795, "max": 0.239578813314, "mean": 0.0168386753649, "median": 0.00205388991162, "min": 5.21601804063e-23, "var": 0.000809540622868}, "spectral_energyband_middle_high": {"dmean": 0.000997945782728, "dmean2": 0.00142503448296, "dvar": 6.99077463651e-06, "dvar2": 1.75095028681e-05, "max": 0.0555073097348, "mean": 0.00280496804044, "median": 0.000964248087257, "min": 1.37969485258e-21, "var": 2.36825380853e-05}, "spectral_energyband_middle_low": {"dmean": 0.00464831572026, "dmean2": 0.0072849355638, "dvar": 0.000138046874781, "dvar2": 0.00037037988659, "max": 0.148176953197, "mean": 0.0126988273114, "median": 0.00561663182452, "min": 3.0261413668e-22, "var": 0.00032290071249}, "spectral_entropy": {"dmean": 0.412541151047, "dmean2": 0.654794514179, "dvar": 0.380568444729, "dvar2": 0.84271299839, "max": 9.81028556824, "mean": 5.84589147568, "median": 5.58410024643, "min": 3.22815728188, "var": 1.05886769295}, "spectral_flux": {"dmean": 0.0286339148879, "dmean2": 0.0448707640171, "dvar": 0.00182785966899, "dvar2": 0.003540775273, "max": 0.394076287746, "mean": 0.0573762245476, "median": 0.0320316255093, "min": 1.04188047079e-10, "var": 0.00392360473052}, "spectral_kurtosis": {"dmean": 26.8114109039, "dmean2": 44.5330543518, "dvar": 1058.79211426, "dvar2": 2435.43774414, "max": 412.853210449, "mean": 58.7436256409, "median": 40.3379211426, "min": -1.34797108173, "var": 3550.109375}, "spectral_rms": {"dmean": 0.000811708101537, "dmean2": 0.00117684318684, "dvar": 1.52504230755e-06, "dvar2": 3.39322696163e-06, "max": 0.0154862673953, "mean": 0.00465982640162, "median": 0.00408921577036, "min": 3.25428789819e-12, "var": 9.13905932975e-06}, "spectral_rolloff": {"dmean": 493.330505371, "dmean2": 898.128234863, "dvar": 1963368, "dvar2": 4992999.5, "max": 18453.9550781, "mean": 1294.17822266, "median": 667.529296875, "min": 64.599609375, "var": 5750566.5}, "spectral_skewness": {"dmean": 1.62464487553, "dmean2": 2.67986774445, "dvar": 2.72066450119, "dvar2": 6.44975709915, "max": 16.8940429688, "mean": 4.87647771835, "median": 4.40403652191, "min": -0.260649591684, "var": 8.73066425323}, "spectral_spread": {"dmean": 1165042.25, "dmean2": 1930538.875, "dvar": 4177757208580.0, "dvar2": 9362146852860.0, "max": 39169140, "mean": 2602471.75, "median": 1445807.75, "min": 247009.0625, "var": 6974111481860.0}, "spectral_strongpeak": {"dmean": 0.36160749197, "dmean2": 0.58175599575, "dvar": 0.4642598629, "dvar2": 1.06444346905, "max": 9.93833637238, "mean": 1.18066823483, "median": 0.628679513931, "min": 0, "var": 1.81862771511}, "zerocrossingrate": {"dmean": 0.00743192853406, "dmean2": 0.00925229489803, "dvar": 0.000242295485805, "dvar2": 0.000305657304125, "max": 0.85009765625, "mean": 0.0486671067774, "median": 0.02783203125, "min": 0.001953125, "var": 0.0114258490503}, "barkbands": {"dmean": [0.000385209801607, 0.00612896075472, 0.00182853650767, 0.00137192488182, 0.00160113896709, 0.000684164231643, 0.000581878994126, 0.000688210653607, 0.000734825036488, 0.000249614327913, 0.000124584665173, 0.000144010045915, 0.000140375370393, 0.000180704460945, 0.000185312441317, 8.69968935149e-05, 4.18494601035e-05, 1.80196529982e-05, 3.70667257812e-05, 9.58971650107e-05, 0.000237014784943, 5.16215004609e-05, 0.000265931914328, 4.79923619423e-05, 3.69404369849e-05, 1.90155496966e-05, 7.15214036973e-06], "dmean2": [0.000503323390149, 0.0092190830037, 0.00291597866453, 0.00236967927776, 0.00281976978295, 0.00113666639663, 0.00088656891603, 0.000855404709, 0.000808229495306, 0.000298601342365, 0.000158803188242, 0.000195322048967, 0.000237847765675, 0.000296854093904, 0.000281297194306, 0.000138016650453, 6.22490406386e-05, 3.15148463415e-05, 6.85838094796e-05, 0.000182096438948, 0.00045756882173, 9.40403333516e-05, 0.000501458067447, 9.1625006462e-05, 6.56301999697e-05, 3.3652613638e-05, 1.26159302454e-05], "dvar": [8.45325018872e-07, 0.000225317315198, 2.01285529329e-05, 1.79413891601e-05, 3.22442974721e-05, 5.53897325517e-06, 3.53396535502e-06, 7.53859694669e-06, 4.68014923172e-06, 5.91984530729e-07, 3.99342269475e-07, 1.03222077996e-07, 3.91244043385e-07, 7.36233175758e-07, 3.59503218306e-07, 8.64186873173e-08, 4.06260980412e-08, 1.14607336954e-08, 2.6566709721e-08, 2.3829701945e-07, 1.43666773056e-06, 7.38873779937e-08, 2.67845371127e-06, 1.88015249591e-07, 2.9779400279e-08, 1.73543703852e-08, 2.52499554598e-09], "dvar2": [1.71185831732e-06, 0.00056149152806, 5.32674384885e-05, 5.05213465658e-05, 9.06158966245e-05, 1.63706827152e-05, 7.44989574741e-06, 1.01730702227e-05, 5.54529651708e-06, 7.64597643865e-07, 4.52114306881e-07, 1.84017480365e-07, 1.12491318305e-06, 2.04275374927e-06, 7.72702094309e-07, 2.0761595465e-07, 8.47791099545e-08, 3.04228962023e-08, 7.35343164138e-08, 6.87652459419e-07, 4.21840059062e-06, 2.08317345596e-07, 7.73306419433e-06, 5.54881978587e-07, 7.93369281382e-08, 4.77192045878e-08, 6.89004897581e-09], "max": [0.027408760041, 0.212574586272, 0.0717132985592, 0.05476090312, 0.0790584534407, 0.0651435777545, 0.143033161759, 0.113704949617, 0.0606198832393, 0.0451965257525, 0.0548776015639, 0.0086880940944, 0.0087686246261, 0.0125808157027, 0.0080882133916, 0.00574460439384, 0.00872026663274, 0.00376810505986, 0.00355511554517, 0.00590468291193, 0.0117328725755, 0.00673051597551, 0.0260444525629, 0.0165049415082, 0.00472568813711, 0.00491337524727, 0.00195758836344], "mean": [0.000773268053308, 0.0112032061443, 0.00377353443764, 0.0019642401021, 0.00200881995261, 0.00206191604957, 0.00182479957584, 0.00219693896361, 0.00251980405301, 0.0010154992342, 0.00038490750012, 0.000392471993109, 0.000196310371393, 0.00026323273778, 0.000348757719621, 0.000135824811878, 7.31037725927e-05, 1.54611007019e-05, 2.4228287657e-05, 5.56964623684e-05, 0.00013160870003, 3.40960687026e-05, 0.000155351604917, 2.78692841675e-05, 2.56859257206e-05, 1.29922036649e-05, 4.81641154693e-06], "median": [5.34722203156e-05, 0.000289891089778, 0.000311947253067, 0.000109348417027, 0.000383250997402, 0.000597809092142, 0.000203633346246, 4.87495053676e-05, 0.000129630381707, 4.53231659776e-05, 1.1950123735e-05, 7.91906641098e-05, 3.45019361703e-05, 1.874013833e-05, 3.1903389754e-05, 1.10682631203e-05, 4.13566067436e-06, 2.67243876806e-07, 3.26192122202e-07, 2.93610014523e-07, 1.8236606536e-07, 9.17230380537e-08, 7.33780467499e-08, 4.10573406384e-08, 1.65267763919e-08, 5.38761968372e-09, 1.79529369149e-09], "min": [1.383038236e-24, 7.18338160244e-24, 1.12332775273e-23, 5.48335574388e-23, 3.21366155569e-23, 6.1385703589e-23, 2.31937996122e-23, 6.55301768366e-23, 5.93912107851e-23, 8.6036717042e-23, 7.89390010007e-23, 6.29910923291e-23, 4.70715132303e-23, 1.62927469101e-22, 1.41969530064e-22, 8.29557923777e-23, 1.87128017734e-22, 1.3029576444e-22, 2.14347088978e-22, 3.03223490709e-22, 5.66418942152e-22, 4.25994834778e-22, 8.07516392779e-22, 9.01936858464e-22, 1.33977046332e-21, 1.7717065693e-21, 2.48365482368e-21], "var": [3.18763659379e-06, 0.000504963216372, 5.16569489264e-05, 2.11692677112e-05, 2.60328069999e-05, 1.33974881464e-05, 3.07286463794e-05, 5.76535858272e-05, 3.40414771927e-05, 1.13462565423e-05, 4.93419929626e-06, 5.9996506252e-07, 3.36676833967e-07, 7.52930077397e-07, 7.01290616689e-07, 1.34481183522e-07, 1.02643568312e-07, 8.59279225551e-09, 1.68629590291e-08, 1.33412697778e-07, 7.63433433804e-07, 4.6111367169e-08, 1.48618812545e-06, 9.85370931517e-08, 2.14631992179e-08, 1.11285345383e-08, 1.643740144e-09]}, "erbbands": {"dmean": [0.200279742479, 1.33609843254, 2.35721302032, 3.10936522484, 5.0656747818, 5.5142698288, 6.20423269272, 5.27446317673, 7.88986253738, 8.47754764557, 17.206703186, 18.9304256439, 8.23194026947, 5.76269006729, 5.22005414963, 4.94284486771, 6.00139188766, 7.99121189117, 9.37607002258, 8.92217445374, 3.79966235161, 2.30082678795, 1.26560091972, 1.33927369118, 2.85711503029, 4.37317705154, 12.8903598785, 4.3488907814, 1.85676515102, 3.25299239159, 9.14887428284, 2.31591582298, 0.571248114109, 0.43252146244, 0.22073058784, 0.086537539959, 0.0311819091439, 0.0109960883856, 0.00133589305915, 5.43425412616e-05], "dmean2": [0.286585360765, 2.07035470009, 3.68111109734, 5.20138835907, 8.82223987579, 9.82330226898, 10.9042320251, 8.56178092957, 12.066324234, 12.3437147141, 20.5851917267, 20.2998542786, 9.60542488098, 7.08142185211, 6.83985233307, 6.96089267731, 9.84225082397, 13.5206604004, 14.0215969086, 13.5532169342, 5.96202087402, 3.4554412365, 2.05033683777, 2.42935562134, 5.3838596344, 8.26471424103, 24.926448822, 8.32982349396, 3.43885207176, 5.85785007477, 17.3747329712, 4.4330034256, 1.07000553608, 0.775549173355, 0.390351623297, 0.158738091588, 0.0549079589546, 0.0191758722067, 0.00233395211399, 9.26014472498e-05], "dvar": [0.296014904976, 10.7433252335, 31.7553272247, 74.2309341431, 295.193603516, 399.269775391, 503.301361084, 365.611083984, 529.415527344, 664.282592773, 4224.17480469, 3862.43994141, 368.693481445, 269.647735596, 424.302825928, 125.811576843, 533.106872559, 1927.96630859, 1435.82641602, 704.767150879, 166.623001099, 94.0893249512, 43.1663703918, 41.4695358276, 177.370651245, 480.368011475, 4510.22412109, 509.957000732, 114.356842041, 188.524108887, 3548.12329102, 303.941650391, 20.0732517242, 3.8065071106, 1.40583825111, 0.596038520336, 0.044838309288, 0.00979035627097, 6.63191385684e-05, 6.72391493595e-08], "dvar2": [0.746623396873, 26.8497486115, 81.2635803223, 205.047775269, 825.01953125, 1133.83105469, 1518.49121094, 1052.33312988, 1351.22314453, 1189.43798828, 5469.33837891, 4302.18847656, 554.109863281, 367.114379883, 537.581726074, 263.880340576, 1510.63439941, 5473.56152344, 3450.68823242, 1507.72241211, 415.054016113, 204.425918579, 105.972129822, 111.451278687, 508.736694336, 1380.72021484, 13264.3359375, 1485.60974121, 328.860961914, 511.846832275, 10245.109375, 893.077941895, 58.943069458, 10.2930927277, 3.73045063019, 1.70246696472, 0.12269115448, 0.0273709204048, 0.000178456015419, 1.80956106988e-07], "max": [10.9131383896, 40.7659988403, 74.7131576538, 116.824836731, 225.505889893, 291.869995117, 502.385894775, 606.302246094, 1013.14025879, 1826.33398438, 3144.76196289, 1761.30480957, 995.45916748, 705.165649414, 1717.28625488, 268.996612549, 321.201812744, 660.644836426, 592.388366699, 410.799041748, 279.46673584, 385.163818359, 229.993804932, 196.515625, 183.968536377, 263.06817627, 689.59954834, 315.605407715, 269.165924072, 184.97366333, 910.155334473, 421.886993408, 258.038269043, 50.2514381409, 44.3234405518, 42.589515686, 6.22627782822, 5.15973711014, 0.148264378309, 0.00459220679477], "mean": [0.395776242018, 2.16817307472, 4.46097564697, 5.99078464508, 5.97306394577, 7.3577413559, 9.52614879608, 20.0657234192, 27.6866130829, 25.7793636322, 56.5033760071, 59.4702186584, 38.2337875366, 20.9036235809, 16.0443058014, 13.2864665985, 10.2172794342, 10.1411561966, 15.4037303925, 18.7601623535, 6.14139318466, 4.0059170723, 1.56020653248, 1.00194895267, 1.7200704813, 2.57644820213, 7.14881896973, 2.45999741554, 1.16181755066, 2.21769785881, 5.22382211685, 1.30187880993, 0.350943654776, 0.302162408829, 0.153114959598, 0.0544394142926, 0.0214693769813, 0.00788107141852, 0.000935836404096, 6.4557796577e-05], "median": [0.00877584051341, 0.0867143422365, 0.423006802797, 0.47233954072, 0.51171040535, 1.60762560368, 3.35401988029, 5.83466386795, 3.3917222023, 5.00692653656, 1.94943225384, 2.67984437943, 3.20698070526, 1.65240192413, 3.08863902092, 3.48044776917, 2.10189676285, 1.24405610561, 1.18737673759, 2.40647864342, 1.10077595711, 0.583524942398, 0.120475649834, 0.0334460288286, 0.020041089505, 0.0152209615335, 0.00912487506866, 0.00552957411855, 0.00347056472674, 0.00333026656881, 0.00181019084994, 0.00120817997959, 0.00056961143855, 0.000268860079814, 0.000120748030895, 5.47185481992e-05, 2.29973720707e-05, 4.5330998546e-06, 1.6864414647e-05, 2.35432089539e-05], "min": [9.7291496551e-23, 2.02465864296e-21, 1.09976538184e-20, 1.17178004909e-19, 7.35560343073e-20, 8.39125811457e-20, 4.80386381511e-19, 4.73944867587e-19, 4.29663898994e-19, 4.55152306347e-19, 1.73192036768e-18, 1.51631708518e-18, 1.52798270996e-18, 3.61594477434e-18, 3.15397763712e-18, 2.30414364952e-18, 2.50269925657e-18, 7.44935367736e-18, 5.38774248537e-18, 9.40726950776e-18, 4.04976915917e-18, 1.14253784441e-17, 7.91681825693e-18, 9.96450469049e-18, 1.51402440936e-17, 1.27522290862e-17, 2.58559536845e-17, 1.60203708828e-17, 1.76248018318e-17, 1.70537742395e-17, 2.08647111268e-17, 1.57016035988e-17, 1.89188051317e-17, 1.35408151058e-17, 1.06046192347e-17, 5.66056733091e-18, 3.30302565733e-18, 1.59185004884e-18, 3.72359126752e-19, 3.54372898588e-20], "var": [0.712752044201, 20.1644763947, 70.9791412354, 140.748031616, 258.550567627, 332.288330078, 475.834442139, 1431.20300293, 3626.19506836, 5764.78466797, 31070.3652344, 25275.5488281, 7270.4296875, 3602.73974609, 4690.91552734, 595.568603516, 594.127929688, 1452.17797852, 2083.05737305, 1760.44299316, 217.500366211, 214.659667969, 59.3463973999, 28.7606811523, 101.129333496, 272.915924072, 2386.39233398, 277.737945557, 66.4028091431, 129.163238525, 1964.81274414, 160.850601196, 10.7398080826, 2.6984565258, 0.991700649261, 0.342567116022, 0.0291161648929, 0.00602833041921, 4.55617700936e-05, 4.67560283823e-08]}, "gfcc": {"mean": [-179.9921875, 171.373657227, -110.14907074, -21.2602481842, -33.3780097961, 1.35479235649, -28.7787036896, -5.1713142395, 0.876595199108, -1.64168667793, -7.15701150894, -3.09309148788, 3.05354976654], "cov": [[25363.6171875, 1240.80456543, 670.917053223, 2170.5390625, -675.31262207, 761.247436523, -363.937713623, -109.09980011, -468.646789551, -44.5541114807, -246.032897949, -153.348831177, -438.511535645], [1240.80456543, 6790.07470703, -66.0132904053, -1572.31567383, 1525.91040039, -556.93182373, 824.518981934, -146.238174438, 494.447753906, -487.24017334, 304.531982422, -423.530792236, 236.936309814], [670.917053223, -66.0132904053, 2568.62841797, 1191.1574707, -30.6785125732, 975.739196777, 64.8673934937, -217.225646973, -412.662536621, -199.248718262, -22.1890716553, -45.8248100281, -289.600372314], [2170.5390625, -1572.31567383, 1191.1574707, 2095.01733398, -189.20652771, 536.126342773, -170.947036743, -103.373504639, -320.011169434, -205.162124634, -138.620330811, 68.9330596924, -204.100326538], [-675.31262207, 1525.91040039, -30.6785125732, -189.20652771, 990.547851562, -74.9621505737, 363.267059326, 135.202392578, 274.205657959, -165.276367188, 42.7757072449, -92.360710144, 116.885322571], [761.247436523, -556.93182373, 975.739196777, 536.126342773, -74.9621505737, 822.197021484, 149.789871216, -45.89635849, -228.162948608, -23.554019928, 0.40306442976, 28.0128536224, -128.797302246], [-363.937713623, 824.518981934, 64.8673934937, -170.947036743, 363.267059326, 149.789871216, 728.621398926, 210.535354614, 91.6907196045, -56.3738327026, 82.2020263672, -95.0817871094, 80.6401519775], [-109.09980011, -146.238174438, -217.225646973, -103.373504639, 135.202392578, -45.89635849, 210.535354614, 494.863708496, 235.166732788, -45.7024841309, -27.9039115906, 50.2299919128, 67.3367843628], [-468.646789551, 494.447753906, -412.662536621, -320.011169434, 274.205657959, -228.162948608, 91.6907196045, 235.166732788, 483.876281738, 121.318786621, 17.2308368683, -40.9827156067, 156.817779541], [-44.5541114807, -487.24017334, -199.248718262, -205.162124634, -165.276367188, -23.554019928, -56.3738327026, -45.7024841309, 121.318786621, 469.805114746, 114.951538086, -19.1624507904, 33.4772109985], [-246.032897949, 304.531982422, -22.1890716553, -138.620330811, 42.7757072449, 0.40306442976, 82.2020263672, -27.9039115906, 17.2308368683, 114.951538086, 265.26461792, 62.4362869263, -12.6939048767], [-153.348831177, -423.530792236, -45.8248100281, 68.9330596924, -92.360710144, 28.0128536224, -95.0817871094, 50.2299919128, -40.9827156067, -19.1624507904, 62.4362869263, 209.651168823, 25.0560073853], [-438.511535645, 236.936309814, -289.600372314, -204.100326538, 116.885322571, -128.797302246, 80.6401519775, 67.3367843628, 156.817779541, 33.4772109985, -12.6939048767, 25.0560073853, 203.319107056]], "icov": [[8.36177714518e-05, -0.000203927105758, 0.000156975816935, -0.000230126184761, 0.000146270656842, -0.000197113753529, 0.000124383412185, -0.00025597246713, 0.000207087752642, -0.000348221103195, 0.000292122160317, -0.000130858272314, 0.000169031613041], [-0.000203927105758, 0.00111707125325, -0.000658894598018, 0.000975133967586, -0.000720792391803, 0.000793730549049, -0.000523139373399, 0.00125062302686, -0.00105281418655, 0.00192450138275, -0.00170451181475, 0.00125046563335, -0.000756112509407], [0.000156975816935, -0.000658894598018, 0.00134952738881, -0.000876066973433, 0.000342500396073, -0.00142399279866, 0.000463283795398, -0.000612831732724, 0.000665049476083, -0.000836539256852, 0.000693799229339, -0.000179000955541, 0.000759606191423], [-0.000230126184761, 0.000975133967586, -0.000876066973433, 0.00165558443405, -0.000636657583527, 0.000626222405117, -0.000397986004828, 0.00113044446334, -0.000913579191547, 0.00175805145409, -0.00105863134377, 0.000595063436776, -0.00039668707177], [0.000146270656842, -0.000720792391803, 0.000342500396073, -0.000636657583527, 0.00229281210341, -0.000519047491252, -0.000255454622675, -0.000421376753366, -0.000596408208366, -0.000150508058141, 0.000506772019435, -0.000299769046251, 0.000151512838784], [-0.000197113753529, 0.000793730549049, -0.00142399279866, 0.000626222405117, -0.000519047491252, 0.00347193633206, -0.00145151943434, 0.00098557875026, -0.000306874047965, 0.000501403526869, -0.000301759369904, -0.000593748583924, 0.000205772070331], [0.000124383412185, -0.000523139373399, 0.000463283795398, -0.000397986004828, -0.000255454622675, -0.00145151943434, 0.00346478191204, -0.00248764851131, 0.00175570324063, -0.000385432620533, -0.0013580477098, 0.00245001213625, -0.00186209520325], [-0.00025597246713, 0.00125062302686, -0.000612831732724, 0.00113044446334, -0.000421376753366, 0.00098557875026, -0.00248764851131, 0.00574749708176, -0.00406410964206, 0.00260018883273, -0.000114880647743, -0.00164348643739, 0.0011039810488], [0.000207087752642, -0.00105281418655, 0.000665049476083, -0.000913579191547, -0.000596408208366, -0.000306874047965, 0.00175570324063, -0.00406410964206, 0.00677492283285, -0.00332364579663, 0.000739397655707, 0.00108959630597, -0.00226446636952], [-0.000348221103195, 0.00192450138275, -0.000836539256852, 0.00175805145409, -0.000150508058141, 0.000501403526869, -0.000385432620533, 0.00260018883273, -0.00332364579663, 0.00708995107561, -0.0050973277539, 0.00370893324725, -0.00210380088538], [0.000292122160317, -0.00170451181475, 0.000693799229339, -0.00105863134377, 0.000506772019435, -0.000301759369904, -0.0013580477098, -0.000114880647743, 0.000739397655707, -0.0050973277539, 0.0098037449643, -0.00681657716632, 0.00435720803216], [-0.000130858272314, 0.00125046563335, -0.000179000955541, 0.000595063436776, -0.000299769046251, -0.000593748583924, 0.00245001213625, -0.00164348643739, 0.00108959630597, 0.00370893324725, -0.00681657716632, 0.0116377919912, -0.00533911911771], [0.000169031613041, -0.000756112509407, 0.000759606191423, -0.00039668707177, 0.000151512838784, 0.000205772070331, -0.00186209520325, 0.0011039810488, -0.00226446636952, -0.00210380088538, 0.00435720803216, -0.00533911911771, 0.0102869346738]]}, "melbands": {"dmean": [0.00170857296325, 0.00137696985621, 0.00059976382181, 0.000358429271728, 0.000227648517466, 0.000122321667732, 0.000121198769193, 0.000108468804683, 0.000146025660797, 0.000105069477286, 4.13478555856e-05, 2.67798732239e-05, 1.78684967977e-05, 1.54462813953e-05, 1.40654492498e-05, 1.4367874428e-05, 1.54294884851e-05, 1.61402695085e-05, 1.30720991365e-05, 8.89794227987e-06, 3.7214040276e-06, 2.38355505644e-06, 1.80479969458e-06, 8.69164068718e-07, 1.07132825633e-06, 1.49613526901e-06, 3.0260123367e-06, 2.41228326558e-06, 8.15239309304e-06, 5.66360313314e-06, 1.67968664755e-06, 9.11815845939e-07, 1.15666296097e-06, 1.97717918127e-06, 5.76844195166e-06, 3.62163541467e-06, 6.59381271362e-07, 3.79455968869e-07, 3.62144646715e-07, 3.79369140546e-07], "dmean2": [0.00253450195305, 0.00213655969128, 0.00101695873309, 0.000634410651401, 0.000400329940021, 0.000198006091523, 0.000186159610166, 0.00014902962721, 0.00017128190666, 0.000113482499728, 4.85330529045e-05, 3.23920030496e-05, 2.24768100452e-05, 2.0543095161e-05, 2.09547870327e-05, 2.48943688348e-05, 2.59991284111e-05, 2.46465697273e-05, 1.99392452487e-05, 1.35371865326e-05, 5.9748908825e-06, 3.63073445442e-06, 2.70861437457e-06, 1.51016649852e-06, 1.94943459064e-06, 2.77595972875e-06, 5.76618094783e-06, 4.54170731246e-06, 1.57610702445e-05, 1.09550228444e-05, 3.19222908729e-06, 1.70872044691e-06, 2.12257828025e-06, 3.55457700607e-06, 1.09608727143e-05, 6.9339039328e-06, 1.26665656808e-06, 7.2120093364e-07, 6.63623893615e-07, 6.75974149544e-07], "dvar": [1.86856104847e-05, 1.03285419755e-05, 2.92302115668e-06, 1.59587364124e-06, 6.23942867151e-07, 1.81176787351e-07, 1.34439616772e-07, 1.16674449657e-07, 2.5651326041e-07, 1.12480414316e-07, 1.05335322687e-08, 5.86835957606e-09, 8.42225400532e-09, 1.39690869982e-09, 1.43933576169e-09, 5.11446707208e-09, 6.86913770309e-09, 4.31313873506e-09, 1.6630867794e-09, 7.20293380496e-10, 1.87065404833e-10, 9.12987740964e-11, 1.27146210227e-10, 2.69040675155e-11, 2.79234291939e-11, 4.54766953262e-11, 2.33081554057e-10, 1.77367259768e-10, 1.88253190814e-09, 9.06692831926e-10, 1.06324136995e-10, 4.56815626992e-11, 3.14101591958e-11, 8.62464544227e-11, 1.5221791605e-09, 6.43334774342e-10, 4.7216269089e-11, 1.99842226101e-11, 3.10228362096e-12, 3.54363348561e-12], "dvar2": [4.72637402709e-05, 2.52301251749e-05, 8.14431950857e-06, 4.50087554782e-06, 1.83866075076e-06, 5.22662219282e-07, 3.23955589465e-07, 1.8598996121e-07, 3.3075471606e-07, 1.26524582811e-07, 1.54111923223e-08, 7.67862751161e-09, 9.07804942329e-09, 2.18329399004e-09, 3.38230465857e-09, 1.48163943336e-08, 1.94807601162e-08, 1.05844124576e-08, 3.62884411409e-09, 1.5377076279e-09, 4.77875572447e-10, 2.11112696769e-10, 2.51034915077e-10, 7.19008047545e-11, 7.52749459987e-11, 1.2699857832e-10, 6.77460643139e-10, 5.08421582612e-10, 5.53311441109e-09, 2.6681343801e-09, 3.09033909573e-10, 1.33612537701e-10, 8.73263544809e-11, 2.37386194035e-10, 4.38781100343e-09, 1.88020909953e-09, 1.39729866566e-10, 5.91648743886e-11, 8.76389499166e-12, 9.62947169919e-12], "max": [0.0753443688154, 0.0361947081983, 0.0211172774434, 0.0191744305193, 0.0169720984995, 0.0136000774801, 0.0220914129168, 0.0161667596549, 0.0239187143743, 0.00957571063191, 0.00566768692806, 0.00373017671518, 0.00823834072798, 0.00129034998827, 0.00102210731711, 0.00100802141242, 0.00121850648429, 0.00102018902544, 0.000552200071979, 0.000418772047851, 0.000295962090604, 0.000308887072606, 0.000538307765964, 0.000186640842003, 0.000167715683347, 0.000139253039379, 0.000236978623434, 0.000181870433153, 0.000452734151622, 0.000316682475386, 0.000141251657624, 0.000226568590733, 0.000103209211375, 0.000139607407618, 0.000599559047259, 0.000517807900906, 0.000251986144576, 0.000277385261143, 7.16282302164e-05, 6.14188320469e-05], "mean": [0.00323876389302, 0.00259599951096, 0.00106308225077, 0.000449022947578, 0.000338808924425, 0.000451902102213, 0.00041017177864, 0.000341168313753, 0.000481901806779, 0.000341335573466, 0.000192055304069, 9.82856217888e-05, 5.61409178772e-05, 4.25117796112e-05, 3.203934466e-05, 1.80638344318e-05, 1.95200645976e-05, 2.54270216828e-05, 2.60922533926e-05, 1.75774530362e-05, 5.11469943376e-06, 4.07798916058e-06, 2.85247233478e-06, 7.67420658576e-07, 7.71876386807e-07, 9.60937995842e-07, 1.74320757651e-06, 1.44208786423e-06, 4.54267592431e-06, 3.11564690492e-06, 9.68514086708e-07, 5.49679100459e-07, 7.9275622511e-07, 1.34047820666e-06, 3.29260524268e-06, 2.00850149668e-06, 3.77699620913e-07, 2.23293710633e-07, 2.41446002747e-07, 2.67951094202e-07], "median": [8.96044439287e-05, 0.000271730998065, 8.32642544992e-05, 8.92137832125e-05, 0.000110684413812, 0.000149301064084, 5.76926868234e-05, 2.99460916722e-05, 1.46366928675e-05, 1.54537228809e-05, 1.25621627376e-05, 4.46267222287e-06, 6.9197776611e-06, 8.00280577096e-06, 6.06523735769e-06, 2.92300137517e-06, 1.78303548637e-06, 6.69268047204e-07, 2.30329715123e-06, 1.99094984055e-06, 1.31010580162e-07, 2.30035709592e-07, 1.18607644595e-07, 1.05782591575e-08, 1.18740750565e-08, 1.29207160526e-08, 9.75671898829e-09, 7.88830867293e-09, 5.70319613757e-09, 3.34739347352e-09, 2.87333934423e-09, 1.6301964223e-09, 1.7824121068e-09, 1.58499280367e-09, 9.00086227773e-10, 8.23155210661e-10, 5.78487702185e-10, 3.05089231656e-10, 2.7444679862e-10, 1.67997879497e-10], "min": [1.50236390032e-24, 4.43996515995e-24, 1.90307723561e-23, 3.37108663794e-24, 1.41308890611e-23, 1.07171289924e-23, 6.32464892026e-24, 6.4944705572e-24, 1.33377051981e-23, 9.47076978297e-24, 7.97560384398e-24, 1.52103442357e-23, 1.04196889881e-23, 6.48345766453e-24, 6.72388826895e-24, 4.5078565016e-24, 1.62895359307e-23, 8.97525232738e-24, 1.15598509537e-23, 9.37201070852e-24, 3.31304067481e-24, 1.09345745567e-23, 1.19367292512e-23, 4.3666275226e-24, 8.51810822166e-24, 8.15124451339e-24, 1.35780711159e-23, 6.08617705747e-24, 1.81609254126e-23, 1.02076983971e-23, 8.53371504581e-24, 1.03448702644e-23, 7.29259308388e-24, 1.09592059496e-23, 1.09212175638e-23, 1.4309401973e-23, 7.45251648861e-24, 1.25880648793e-23, 1.40466592268e-23, 1.02558118125e-23], "var": [4.33600616816e-05, 2.28343033086e-05, 4.20547848989e-06, 1.27915166104e-06, 5.57111377475e-07, 6.38759104277e-07, 9.76678506959e-07, 1.01614375581e-06, 1.93269852389e-06, 7.51466018301e-07, 2.14205073235e-07, 8.90935680786e-08, 1.04223893516e-07, 8.32299384967e-09, 6.07266104069e-09, 3.87506737809e-09, 5.34258948193e-09, 6.35921626468e-09, 3.45940032176e-09, 1.72569469825e-09, 2.16536524822e-10, 1.79742304374e-10, 3.6385264246e-10, 2.01563054442e-11, 1.91718238507e-11, 2.8157084303e-11, 1.2723652687e-10, 1.01707010869e-10, 9.9988772817e-10, 4.76941985905e-10, 5.85722859103e-11, 2.48867072783e-11, 2.06956448506e-11, 5.65467013491e-11, 8.46630765494e-10, 3.44862249868e-10, 2.45508266494e-11, 1.03957797232e-11, 1.92584034657e-12, 2.48804145689e-12]}, "mfcc": {"mean": [-816.812683105, 193.904785156, 11.0084428787, -11.7363815308, 6.64179134369, 8.10811233521, -10.1149711609, -4.41091680527, 4.94629716873, 5.13812017441, -3.08863735199, 3.04453468323, 7.28900003433], "cov": [[10971.8027344, 892.288818359, -6.93084812164, 925.972961426, 200.979598999, 498.567504883, 142.503005981, -48.3959083557, -222.796707153, 194.521331787, 45.5587310791, -1.32915854454, -37.7237472534], [892.288818359, 5723.47070312, 63.9475860596, -428.704284668, 483.458953857, 211.600082397, 325.397033691, 142.106231689, 202.107162476, 215.626419067, 359.162200928, 100.288284302, -42.5125961304], [-6.93084812164, 63.9475860596, 1930.08728027, 600.712524414, 262.672149658, 630.933532715, 424.490356445, 248.945266724, -202.750320435, -233.903579712, -70.7925033569, -102.028999329, -283.0184021], [925.972961426, -428.704284668, 600.712524414, 1071.76489258, 281.282348633, 279.160614014, 173.857299805, 200.155380249, -18.8768024445, -97.6850280762, -85.4867324829, -55.8810157776, -156.270111084], [200.979598999, 483.458953857, 262.672149658, 281.282348633, 531.536865234, 194.980453491, 38.4365921021, 147.882415771, 94.0530548096, -34.516494751, 21.2895927429, 13.5317964554, -28.8344726562], [498.567504883, 211.600082397, 630.933532715, 279.160614014, 194.980453491, 598.533447266, 349.441223145, 55.6912689209, -92.8230133057, -55.2551956177, 17.5259056091, -58.5891036987, -109.733352661], [142.503005981, 325.397033691, 424.490356445, 173.857299805, 38.4365921021, 349.441223145, 531.586669922, 237.912109375, -45.3145484924, -27.5252170563, 76.9618225098, -69.7955627441, -164.726287842], [-48.3959083557, 142.106231689, 248.945266724, 200.155380249, 147.882415771, 55.6912689209, 237.912109375, 535.647705078, 199.295135498, -29.3938827515, -13.4410667419, -39.2310371399, -128.943984985], [-222.796707153, 202.107162476, -202.750320435, -18.8768024445, 94.0530548096, -92.8230133057, -45.3145484924, 199.295135498, 443.746734619, 226.762771606, 15.0726766586, -40.1425590515, 54.4420204163], [194.521331787, 215.626419067, -233.903579712, -97.6850280762, -34.516494751, -55.2551956177, -27.5252170563, -29.3938827515, 226.762771606, 422.570983887, 181.259140015, -29.0034561157, 63.3464775085], [45.5587310791, 359.162200928, -70.7925033569, -85.4867324829, 21.2895927429, 17.5259056091, 76.9618225098, -13.4410667419, 15.0726766586, 181.259140015, 300.071563721, 108.137420654, -10.3915185928], [-1.32915854454, 100.288284302, -102.028999329, -55.8810157776, 13.5317964554, -58.5891036987, -69.7955627441, -39.2310371399, -40.1425590515, -29.0034561157, 108.137420654, 248.283813477, 101.166923523], [-37.7237472534, -42.5125961304, -283.0184021, -156.270111084, -28.8344726562, -109.733352661, -164.726287842, -128.943984985, 54.4420204163, 63.3464775085, -10.3915185928, 101.166923523, 266.245635986]], "icov": [[0.000118891075545, -3.7973812141e-05, 8.30946009955e-05, -0.000140601943713, 5.33923084731e-05, -0.000176463712705, 0.000116590730613, -0.000108840642497, 0.000220801885007, -0.000208052573726, 0.000109077693196, -4.43826647825e-05, -5.46523051526e-06], [-3.7973812141e-05, 0.000249599805102, -4.38025090261e-05, 0.000230511461268, -0.000347700173734, 0.000146209349623, -0.000306769215968, 0.000154946857947, -0.000159239760251, 2.77994899989e-06, -8.94543991308e-05, -0.000101912490209, 9.81890261755e-05], [8.30946009955e-05, -4.38025090261e-05, 0.00105362187605, -0.000305088382447, 4.89530793857e-05, -0.00101502751932, 0.000276353413938, -0.000501298462041, 0.000556268147193, -0.000112846821139, 0.000236790612689, -5.18124761584e-05, 0.000402896752348], [-0.000140601943713, 0.000230511461268, -0.000305088382447, 0.00169520394411, -0.000910653674509, 0.000117688447062, -0.000412241060985, 8.32945715956e-06, -4.99821944686e-05, -0.000364491424989, 0.000768085650634, -0.000555178790819, 0.000724295852706], [5.33923084731e-05, -0.000347700173734, 4.89530793857e-05, -0.000910653674509, 0.00370007753372, -0.00182029581629, 0.00199440750293, -0.00107730645686, -0.000805016141385, 0.00136786478106, -0.0016259701224, 0.000724890676793, -0.000667477550451], [-0.000176463712705, 0.000146209349623, -0.00101502751932, 0.000117688447062, -0.00182029581629, 0.0052004000172, -0.00369354966097, 0.00208371784538, -0.000387942127418, -0.000170046740095, 0.000687458203174, -0.000160844327183, -0.000133655194077], [0.000116590730613, -0.000306769215968, 0.000276353413938, -0.000412241060985, 0.00199440750293, -0.00369354966097, 0.00639570318162, -0.00323333684355, 0.00115668028593, 0.000631431874353, -0.00252055935562, 0.00184387585614, -8.16189058241e-05], [-0.000108840642497, 0.000154946857947, -0.000501298462041, 8.32945715956e-06, -0.00107730645686, 0.00208371784538, -0.00323333684355, 0.00514337094501, -0.00325450836681, 0.00121093646158, 0.000604825734627, -0.0010832810076, 0.00152655260172], [0.000220801885007, -0.000159239760251, 0.000556268147193, -4.99821944686e-05, -0.000805016141385, -0.000387942127418, 0.00115668028593, -0.00325450836681, 0.00660980958492, -0.00439174799249, 0.00223311642185, -7.27521110093e-05, -0.000731643580366], [-0.000208052573726, 2.77994899989e-06, -0.000112846821139, -0.000364491424989, 0.00136786478106, -0.000170046740095, 0.000631431874353, 0.00121093646158, -0.00439174799249, 0.00846047513187, -0.00682658003643, 0.00432551791891, -0.00233270484023], [0.000109077693196, -8.94543991308e-05, 0.000236790612689, 0.000768085650634, -0.0016259701224, 0.000687458203174, -0.00252055935562, 0.000604825734627, 0.00223311642185, -0.00682658003643, 0.0110471481457, -0.006825722754, 0.00373675464652], [-4.43826647825e-05, -0.000101912490209, -5.18124761584e-05, -0.000555178790819, 0.000724890676793, -0.000160844327183, 0.00184387585614, -0.0010832810076, -7.27521110093e-05, 0.00432551791891, -0.006825722754, 0.00957038346678, -0.00469230581075], [-5.46523051526e-06, 9.81890261755e-05, 0.000402896752348, 0.000724295852706, -0.000667477550451, -0.000133655194077, -8.16189058241e-05, 0.00152655260172, -0.000731643580366, -0.00233270484023, 0.00373675464652, -0.00469230581075, 0.00781909842044]]}, "spectral_contrast_coeffs": {"dmean": [0.0453922003508, 0.0406372398138, 0.0379259511828, 0.043314088136, 0.0410637781024, 0.0368382409215], "dmean2": [0.0738226100802, 0.0655740574002, 0.0596619583666, 0.0693442672491, 0.0674922987819, 0.0597979873419], "dvar": [0.00202501472086, 0.00241521140561, 0.0020585085731, 0.0025139672216, 0.00211930996738, 0.00173104600981], "dvar2": [0.00505086546764, 0.00574461231008, 0.00462048966438, 0.00575982453302, 0.00472475914285, 0.0038003444206], "max": [-0.242620036006, -0.241412848234, -0.279645234346, -0.417378276587, -0.460995614529, -0.567922592163], "mean": [-0.645034432411, -0.605631828308, -0.636766731739, -0.665526688099, -0.756893873215, -0.822511196136], "median": [-0.65807723999, -0.612214326859, -0.661687612534, -0.658842682838, -0.756630420685, -0.821135997772], "min": [-0.958765029907, -0.972913742065, -0.975805938244, -0.969878435135, -0.963602662086, -0.961565256119], "var": [0.0173438899219, 0.0185997113585, 0.0199350826442, 0.00997025705874, 0.0076358532533, 0.00419428898022]}, "spectral_contrast_valleys": {"dmean": [0.474259495735, 0.4542529881, 0.479439586401, 0.541933000088, 0.793476164341, 0.97811549902], "dmean2": [0.735540568829, 0.743688285351, 0.77681684494, 0.859027206898, 1.24217939377, 1.54568040371], "dvar": [0.292690306902, 0.410938858986, 0.46727001667, 0.604079067707, 1.19048035145, 1.38006484509], "dvar2": [0.584467053413, 0.950350046158, 1.02087724209, 1.3371