{"lowlevel": {"average_loudness": 0.977281689644, "barkbands_crest": {"dmean": 1.49784958363, "dmean2": 2.39563798904, "dvar": 4.50521707535, "dvar2": 11.1085805893, "max": 26.7062225342, "mean": 12.3426380157, "median": 11.5454263687, "min": 1.84108924866, "var": 11.8391962051}, "barkbands_flatness_db": {"dmean": 0.0563128553331, "dmean2": 0.0833085179329, "dvar": 0.00374503270723, "dvar2": 0.00808863341808, "max": 0.757534265518, "mean": 0.444926172495, "median": 0.472127616405, "min": 0.00906898360699, "var": 0.0229846350849}, "barkbands_kurtosis": {"dmean": 6.77315282822, "dmean2": 10.7296962738, "dvar": 221.184036255, "dvar2": 528.986877441, "max": 636.639038086, "mean": 12.0700120926, "median": 2.47158098221, "min": -1.89157128334, "var": 1325.14196777}, "barkbands_skewness": {"dmean": 0.64456897974, "dmean2": 1.01435625553, "dvar": 0.991927504539, "dvar2": 2.54598784447, "max": 19.502166748, "mean": 1.76914024353, "median": 1.32064473629, "min": -6.12208795547, "var": 3.44620633125}, "barkbands_spread": {"dmean": 2.586810112, "dmean2": 4.10175180435, "dvar": 34.6190872192, "dvar2": 83.7707061768, "max": 117.020591736, "mean": 6.04534959793, "median": 4.12007427216, "min": 0.071905426681, "var": 86.1172561646}, "dissonance": {"dmean": 0.0499033592641, "dmean2": 0.0817640051246, "dvar": 0.00273405527696, "dvar2": 0.00733562000096, "max": 0.499996542931, "mean": 0.315323323011, "median": 0.322272002697, "min": 0.00910791009665, "var": 0.0162445250899}, "dynamic_complexity": 2.69526720047, "erbbands_crest": {"dmean": 2.12524342537, "dmean2": 3.45624732971, "dvar": 8.72346019745, "dvar2": 23.986656189, "max": 33.4374160767, "mean": 13.8252754211, "median": 13.3066778183, "min": 2.96630549431, "var": 18.6019325256}, "erbbands_flatness_db": {"dmean": 0.035135563463, "dmean2": 0.0533288940787, "dvar": 0.00165343633853, "dvar2": 0.00319133559242, "max": 0.692049145699, "mean": 0.348663777113, "median": 0.359719395638, "min": 0.0258287061006, "var": 0.0183659046888}, "erbbands_kurtosis": {"dmean": 3.33916401863, "dmean2": 5.40040588379, "dvar": 51.454410553, "dvar2": 123.185333252, "max": 278.235534668, "mean": 5.26426315308, "median": 0.508023738861, "min": -1.87979400158, "var": 222.519424438}, "erbbands_skewness": {"dmean": 0.628751575947, "dmean2": 0.942652821541, "dvar": 0.813012301922, "dvar2": 1.84228491783, "max": 15.3149089813, "mean": 0.527803599834, "median": 0.123819820583, "min": -8.01600933075, "var": 3.33135986328}, "erbbands_spread": {"dmean": 6.96942090988, "dmean2": 11.2058897018, "dvar": 139.459991455, "dvar2": 352.932220459, "max": 239.193557739, "mean": 19.1506977081, "median": 11.2732095718, "min": 0.320648998022, "var": 350.148773193}, "hfc": {"dmean": 3.42888212204, "dmean2": 5.37855291367, "dvar": 46.682674408, "dvar2": 116.762718201, "max": 75.2257385254, "mean": 13.6455726624, "median": 13.1486463547, "min": 3.23890674281e-08, "var": 64.9247741699}, "melbands_crest": {"dmean": 1.86628675461, "dmean2": 3.02201366425, "dvar": 8.94693374634, "dvar2": 20.0227375031, "max": 39.0322647095, "mean": 17.544210434, "median": 16.431728363, "min": 2.58956360817, "var": 40.3182678223}, "melbands_flatness_db": {"dmean": 0.0651761069894, "dmean2": 0.0961802974343, "dvar": 0.00508314883336, "dvar2": 0.0112167326733, "max": 0.918639302254, "mean": 0.576876223087, "median": 0.605691075325, "min": 0.013457685709, "var": 0.0297981053591}, "melbands_kurtosis": {"dmean": 21.4184837341, "dmean2": 29.9432907104, "dvar": 12210.8779297, "dvar2": 11311.4638672, "max": 10475.6904297, "mean": 55.5571517944, "median": 6.56841468811, "min": -1.81328809261, "var": 201801.765625}, "melbands_skewness": {"dmean": 0.924999535084, "dmean2": 1.44609355927, "dvar": 2.8269534111, "dvar2": 6.33287811279, "max": 84.254524231, "mean": 3.0199944973, "median": 2.06784009933, "min": -5.85341978073, "var": 17.3005561829}, "melbands_spread": {"dmean": 2.43428611755, "dmean2": 3.93443226814, "dvar": 36.6348419189, "dvar2": 85.7133560181, "max": 185.269714355, "mean": 6.25077009201, "median": 4.33268117905, "min": 0.0249257795513, "var": 136.267089844}, "pitch_salience": {"dmean": 0.0420937612653, "dmean2": 0.0676463544369, "dvar": 0.00391261372715, "dvar2": 0.00899182446301, "max": 0.928122341633, "mean": 0.471045404673, "median": 0.487324237823, "min": 0.00346940057352, "var": 0.0162002369761}, "silence_rate_20dB": {"dmean": 0, "dmean2": 0, "dvar": 0, "dvar2": 0, "max": 1, "mean": 1, "median": 1, "min": 1, "var": 0}, "silence_rate_30dB": {"dmean": 0.0229949522763, "dmean2": 0.046002805233, "dvar": 0.0224661882967, "dvar2": 0.0595949031413, "max": 1, "mean": 0.982618451118, "median": 1, "min": 0, "var": 0.0170790422708}, "silence_rate_60dB": {"dmean": 0.00504767242819, "dmean2": 0.00981767196208, "dvar": 0.00502219377086, "dvar2": 0.0102824270725, "max": 1, "mean": 0.0232688542455, "median": 0, "min": 0, "var": 0.022727465257}, "spectral_centroid": {"dmean": 142.859634399, "dmean2": 222.564971924, "dvar": 97226.0859375, "dvar2": 236882.15625, "max": 5065.79492188, "mean": 437.450897217, "median": 329.867431641, "min": 37.5709648132, "var": 198696.765625}, "spectral_complexity": {"dmean": 2.27201342583, "dmean2": 3.53380084038, "dvar": 22.5636901855, "dvar2": 52.8226127625, "max": 43, "mean": 6.5783572197, "median": 5, "min": 0, "var": 25.1360282898}, "spectral_decrease": {"dmean": 2.72347056018e-09, "dmean2": 4.32846647413e-09, "dvar": 1.80024197076e-17, "dvar2": 4.08505097656e-17, "max": 1.47708424374e-16, "mean": -1.57394559608e-08, "median": -1.65986531186e-08, "min": -3.78240905263e-08, "var": 4.29929902701e-17}, "spectral_energy": {"dmean": 0.0104665150866, "dmean2": 0.0166242830455, "dvar": 0.000264633505139, "dvar2": 0.000598592159804, "max": 0.145486190915, "mean": 0.0606419108808, "median": 0.0640597119927, "min": 3.43520351054e-12, "var": 0.000633812160231}, "spectral_energyband_high": {"dmean": 8.83113025338e-05, "dmean2": 0.000153325891006, "dvar": 8.52280379604e-08, "dvar2": 2.36747652593e-07, "max": 0.0033971297089, "mean": 7.34581262805e-05, "median": 5.17421824497e-07, "min": 2.3409726848e-12, "var": 6.0504476096e-08}, "spectral_energyband_low": {"dmean": 0.00768618052825, "dmean2": 0.0124006830156, "dvar": 0.000156677924679, "dvar2": 0.000386572472053, "max": 0.123583175242, "mean": 0.0361317843199, "median": 0.0355799719691, "min": 8.47396426033e-14, "var": 0.000373885763111}, "spectral_energyband_middle_high": {"dmean": 0.00109421031084, "dmean2": 0.00168182654306, "dvar": 7.20198977433e-06, "dvar2": 1.71824722202e-05, "max": 0.0305737517774, "mean": 0.00162617780734, "median": 0.000157567104907, "min": 8.48694432874e-13, "var": 1.30830067064e-05}, "spectral_energyband_middle_low": {"dmean": 0.00466017145663, "dmean2": 0.00731667131186, "dvar": 8.07274482213e-05, "dvar2": 0.000179419294, "max": 0.108351238072, "mean": 0.0257714949548, "median": 0.0233851354569, "min": 9.9426380757e-14, "var": 0.000267073657596}, "spectral_entropy": {"dmean": 0.367551147938, "dmean2": 0.527162969112, "dvar": 0.288609266281, "dvar2": 0.584090650082, "max": 9.36684894562, "mean": 5.27897548676, "median": 4.86809206009, "min": 2.42767715454, "var": 1.3662238121}, "spectral_flux": {"dmean": 0.0319391265512, "dmean2": 0.0489191785455, "dvar": 0.00180537661072, "dvar2": 0.0040111229755, "max": 0.373997747898, "mean": 0.0592821054161, "median": 0.0389777980745, "min": 3.54677649739e-05, "var": 0.00343116372824}, "spectral_kurtosis": {"dmean": 87.3006362915, "dmean2": 148.865310669, "dvar": 19219.0878906, "dvar2": 55832.34375, "max": 1381.31542969, "mean": 178.385147095, "median": 71.1144332886, "min": -0.232423067093, "var": 48153.984375}, "spectral_rms": {"dmean": 0.000698060495779, "dmean2": 0.00107529468369, "dvar": 1.23449206058e-06, "dvar2": 2.48978267336e-06, "max": 0.0119137633592, "mean": 0.00743068335578, "median": 0.0079055223614, "min": 5.78914338689e-08, "var": 3.94786729885e-06}, "spectral_rolloff": {"dmean": 124.730270386, "dmean2": 227.002258301, "dvar": 189305.125, "dvar2": 401063.3125, "max": 18690.8203125, "mean": 474.681884766, "median": 279.931640625, "min": 43.06640625, "var": 1601324.125}, "spectral_skewness": {"dmean": 2.1467192173, "dmean2": 3.50360250473, "dvar": 6.39130449295, "dvar2": 16.3540973663, "max": 30.6575622559, "mean": 8.83054065704, "median": 6.48149204254, "min": 0.566344559193, "var": 44.4432792664}, "spectral_spread": {"dmean": 589705.5625, "dmean2": 941034.875, "dvar": 717518405632, "dvar2": 1209845415940.0, "max": 33427516, "mean": 2012455.25, "median": 1331891.375, "min": 66636.96875, "var": 4845676265470.0}, "spectral_strongpeak": {"dmean": 0.221465364099, "dmean2": 0.396126747131, "dvar": 0.233116880059, "dvar2": 0.538100063801, "max": 5.399518013, "mean": 0.917469263077, "median": 0.670516252518, "min": 0, "var": 0.835139274597}, "zerocrossingrate": {"dmean": 0.00390227907337, "dmean2": 0.00487815588713, "dvar": 6.27765839454e-05, "dvar2": 6.96898932802e-05, "max": 0.69482421875, "mean": 0.018591510132, "median": 0.0146484375, "min": 0.00146484375, "var": 0.001871177461}, "barkbands": {"dmean": [0.000396444374928, 0.0052719572559, 0.00314066326246, 0.00165399431717, 0.00259707542136, 0.00108265364543, 0.000370684079826, 0.000171439227415, 0.0003234600008, 0.000113244823297, 9.670718282e-05, 0.000507240882143, 5.67940078327e-05, 3.44240652339e-05, 0.000115557384561, 6.81569144945e-05, 0.000217031934881, 5.35072576895e-05, 2.96194884868e-05, 3.24232714775e-05, 2.85235328192e-05, 2.13839211938e-05, 1.01758441815e-05, 6.41119186184e-06, 3.49061792804e-06, 4.03068361265e-06, 4.47330012321e-06], "dmean2": [0.000615975237451, 0.0088164396584, 0.00472393725067, 0.00268512452021, 0.00416150363162, 0.00170611729845, 0.000564125890378, 0.000256120925769, 0.000450840831036, 0.000158830342116, 0.000145978134242, 0.000775362073909, 9.4714036095e-05, 5.59810250707e-05, 0.000210474798223, 0.000122733137687, 0.000400187156629, 9.48084634729e-05, 5.32266494702e-05, 5.92652759224e-05, 5.11836296937e-05, 3.65026244253e-05, 1.79655053216e-05, 1.10147857413e-05, 5.79760262553e-06, 6.83485450281e-06, 8.1711978055e-06], "dvar": [8.65469246492e-07, 9.36966607696e-05, 3.65140585927e-05, 1.91954550246e-05, 3.50283262378e-05, 9.24169216887e-06, 2.68354142463e-06, 2.13975937413e-07, 6.03568082624e-07, 2.7966387961e-07, 1.28028830204e-07, 1.65117819506e-06, 3.84061280556e-08, 1.41060834125e-08, 2.04736224418e-07, 6.8363469552e-08, 6.01513931997e-07, 3.82034421875e-08, 1.3621489714e-08, 1.6212185372e-08, 1.15602318829e-08, 4.834442624e-09, 1.31887878396e-09, 5.81079628859e-10, 3.35932115458e-10, 4.64352667429e-10, 2.56564902656e-09], "dvar2": [2.08181154449e-06, 0.000258693267824, 7.08552761353e-05, 4.88240439154e-05, 8.68053321028e-05, 2.26029442274e-05, 6.07649189988e-06, 4.28494473681e-07, 9.91646857074e-07, 4.8368985972e-07, 2.39933939383e-07, 3.69885651708e-06, 1.02217654785e-07, 3.27725402371e-08, 5.7348000837e-07, 1.8993225126e-07, 1.71268561644e-06, 1.08134962318e-07, 3.86968324051e-08, 4.66388598852e-08, 3.26169740106e-08, 1.30150050737e-08, 3.72527697579e-09, 1.64364644117e-09, 9.45593825463e-10, 1.240549663e-09, 7.40262295906e-09], "max": [0.0201021470129, 0.100536875427, 0.0771507322788, 0.0775968283415, 0.0811304152012, 0.04502402246, 0.0493119284511, 0.0182678308338, 0.0279190000147, 0.0305563732982, 0.0216749254614, 0.0149467159063, 0.00277129514143, 0.00264993822202, 0.00605254853144, 0.00628985650837, 0.00773856975138, 0.002332306467, 0.00173717399593, 0.00166952982545, 0.00142527313437, 0.000975792994723, 0.000439913710579, 0.000408142339438, 0.000646412023343, 0.000709795102011, 0.00141229433939], "mean": [0.00153203879017, 0.0172018799931, 0.0144558539614, 0.00592582998797, 0.00988144986331, 0.00358065287583, 0.00212649861351, 0.0010412161937, 0.00317428796552, 0.000459528295323, 0.00017849948199, 0.000581376778428, 4.60883784399e-05, 3.20989274769e-05, 7.76598462835e-05, 4.84621086798e-05, 0.000154247361934, 3.77498581656e-05, 2.10189136851e-05, 2.17315573536e-05, 1.94161184481e-05, 2.21244881686e-05, 7.76111392042e-06, 5.28211194251e-06, 3.00797501041e-06, 3.17554804496e-06, 3.16579235005e-06], "median": [2.91888700303e-05, 0.0146463345736, 0.0114295138046, 0.00250840559602, 0.00702316500247, 0.000483531184727, 0.000110330991447, 4.9174130254e-05, 0.000125718157506, 8.94529785e-06, 4.16964849137e-06, 2.02316768991e-05, 3.75070385417e-06, 1.40422332606e-06, 6.71544000852e-07, 6.6478099825e-07, 1.56256112405e-06, 3.27023172986e-07, 9.21877543192e-08, 2.36376678231e-07, 7.02478999415e-08, 8.07067266351e-08, 2.66240043345e-08, 1.63423763411e-08, 9.45082234693e-09, 6.61602372887e-09, 4.65753169365e-09], "min": [7.00360044481e-14, 3.2750129106e-14, 5.22890124889e-15, 8.39259048271e-15, 1.82086621849e-14, 1.1213621008e-14, 2.37383067169e-14, 1.03157364378e-14, 2.41346063279e-14, 8.16127510218e-15, 2.41779083462e-14, 3.427738372e-14, 9.46823931649e-14, 9.75485019367e-14, 1.11724553762e-13, 6.78098121274e-14, 6.46384055764e-14, 1.267262662e-13, 1.727384647e-13, 7.54210197984e-14, 1.14717724252e-13, 1.07504351016e-13, 1.27648949353e-13, 2.59951673902e-13, 5.1856918282e-13, 4.22243078176e-13, 7.95733921463e-13], "var": [9.50277444645e-06, 0.000210115118534, 0.00017085026775, 5.28299497091e-05, 8.72006930877e-05, 4.99745401612e-05, 3.32931740559e-05, 4.25831831308e-06, 2.39455002884e-05, 5.08059611093e-06, 1.46938111811e-06, 2.1063474378e-06, 2.78206524484e-08, 1.64474425191e-08, 1.29039790409e-07, 4.47405952286e-08, 3.66355664028e-07, 2.4540572241e-08, 8.7635649848e-09, 9.90505366616e-09, 7.19565118601e-09, 5.24183896289e-09, 8.68206284643e-10, 3.92759075263e-10, 2.13367837287e-10, 3.26703275544e-10, 1.43985767753e-09]}, "erbbands": {"dmean": [0.176243528724, 1.13543570042, 3.44822359085, 4.14577722549, 7.38379907608, 8.99483680725, 11.200463295, 7.46115112305, 5.75493860245, 3.29810976982, 6.27483797073, 4.79392910004, 4.63490247726, 3.67400169373, 6.8841176033, 21.1367301941, 4.39234304428, 1.64896726608, 4.147397995, 4.73597717285, 6.7481584549, 10.9302091599, 3.50989437103, 1.93086099625, 1.32943439484, 1.25221991539, 1.07444882393, 1.29714238644, 0.89838975668, 0.433080196381, 0.274671018124, 0.164453819394, 0.0913280025125, 0.0435865782201, 0.0249966736883, 0.015595773235, 0.00666727172211, 0.00327081163414, 0.00088035693625, 4.2499119445e-05], "dmean2": [0.302113443613, 1.86834990978, 5.240483284, 6.56802463531, 12.1508579254, 14.4954652786, 17.3856754303, 12.161072731, 8.82443714142, 4.98200654984, 8.74167346954, 6.87497186661, 6.67047214508, 5.22027683258, 10.5741815567, 32.6358337402, 6.68045377731, 2.67308306694, 7.26293468475, 8.56896018982, 12.3985710144, 19.9995689392, 6.18274021149, 3.4710521698, 2.35915112495, 2.27206397057, 1.93080222607, 2.33152794838, 1.53028082848, 0.765761554241, 0.486208766699, 0.290750622749, 0.152500808239, 0.0722685530782, 0.0426760204136, 0.0269946195185, 0.011205714196, 0.00586003623903, 0.00160818058066, 7.54407301429e-05], "dvar": [0.151557669044, 4.42302179337, 39.9792060852, 81.5804901123, 286.135284424, 527.490661621, 1288.7824707, 491.855377197, 652.590576172, 175.486434937, 282.521057129, 120.857757568, 246.204116821, 184.342788696, 377.948791504, 3379.25732422, 133.828109741, 28.751499176, 217.80279541, 311.554534912, 490.88470459, 1442.51672363, 149.819610596, 56.7571754456, 24.6852035522, 22.1590099335, 15.6919755936, 30.2165679932, 9.94793605804, 2.5390329361, 0.993352651596, 0.379082024097, 0.113926373422, 0.0434662029147, 0.0185343679041, 0.00517843617126, 0.00141270563472, 0.000791312020738, 9.95604932541e-05, 1.6248452539e-07], "dvar2": [0.479719996452, 10.9468412399, 80.6145935059, 202.392044067, 715.394042969, 1398.5703125, 3407.7434082, 1112.87841797, 1567.91540527, 365.983276367, 498.311340332, 210.005905151, 464.17590332, 337.698425293, 921.90435791, 7818.89208984, 308.101013184, 71.1554107666, 593.101196289, 876.958740234, 1369.89624023, 4094.34594727, 422.079803467, 160.475006104, 69.8275299072, 63.173576355, 44.4468193054, 86.2246704102, 26.9881572723, 7.15849065781, 2.81356406212, 1.08125889301, 0.312953531742, 0.120168551803, 0.0525255575776, 0.0144110778347, 0.00379789737053, 0.0022023615893, 0.000287403643597, 4.6996191827e-07], "max": [3.57499432564, 23.9659748077, 76.1312561035, 143.467788696, 227.051315308, 344.422668457, 503.878662109, 474.022613525, 677.129150391, 621.932922363, 627.301818848, 406.168334961, 711.234130859, 883.092346191, 237.758956909, 742.72052002, 146.507614136, 83.7670822144, 201.068740845, 227.303543091, 428.740020752, 382.517150879, 147.596862793, 114.30973053, 122.384521484, 46.6337356567, 40.3680839539, 87.4508361816, 47.1194229126, 17.176525116, 12.678153038, 12.902507782, 5.28259181976, 7.3722743988, 4.0608124733, 1.79908502102, 1.25935697556, 0.755116999149, 0.264472365379, 0.0124144423753], "mean": [0.414965450764, 4.22391462326, 16.1652317047, 18.4875965118, 28.6051654816, 32.0865249634, 30.0659885406, 27.458158493, 29.5452098846, 20.5022068024, 56.3501091003, 44.5906829834, 29.4038238525, 12.0182685852, 9.17603874207, 21.745677948, 4.36314725876, 1.52535116673, 3.09031224251, 3.25529766083, 4.73078346252, 7.87230587006, 2.58097600937, 1.35920250416, 0.952876865864, 0.858572542667, 0.733726382256, 0.927737474442, 0.951394855976, 0.330566674471, 0.216776907444, 0.132211446762, 0.075256742537, 0.0384436771274, 0.0201656352729, 0.0120015935972, 0.00542291766033, 0.00261872191913, 0.000649799883831, 8.73698154464e-05], "median": [0.239347025752, 3.59492826462, 14.4671049118, 16.8036022186, 19.1753997803, 23.9755115509, 7.30893373489, 5.120698452, 3.57137537003, 2.45439934731, 3.19497060776, 3.6703877449, 1.99550020695, 0.692664682865, 0.646811723709, 0.794236898422, 0.346199244261, 0.125161632895, 0.066744863987, 0.0739682912827, 0.0864702165127, 0.104312814772, 0.0437991097569, 0.012411031872, 0.00816833600402, 0.0111283371225, 0.00460496125743, 0.0056410562247, 0.00348607008345, 0.00112687575165, 0.000856016762555, 0.000467796460725, 0.000258504762314, 0.000149861501995, 9.06719869818e-05, 5.6267457694e-05, 3.02013286273e-05, 6.28310863249e-06, 3.28316418745e-05, 7.27675796952e-05], "min": [2.60138069939e-12, 1.60364397542e-12, 4.40417537509e-12, 1.59960256846e-11, 3.8647040429e-11, 9.15449591132e-11, 5.09648122315e-11, 1.31090985289e-10, 2.53938564621e-10, 2.71545091968e-10, 3.25785481925e-10, 5.3269294531e-10, 3.78855752325e-10, 4.85616269419e-10, 1.36447930732e-09, 1.28948862699e-09, 4.21183043997e-09, 4.76784789427e-09, 6.14893647111e-09, 4.35831193357e-09, 4.07373068612e-09, 3.91975474301e-09, 5.82656900505e-09, 8.96024499042e-09, 8.26863555403e-09, 3.7589016344e-09, 3.51077522609e-09, 5.14048004163e-09, 3.72288866402e-09, 3.78506204157e-09, 3.10489922661e-09, 3.70601793698e-09, 5.61212987193e-09, 4.64689220436e-09, 4.49468595676e-09, 1.87204562963e-09, 6.75628997193e-10, 3.41184164254e-10, 1.1832120006e-10, 1.22883838521e-11], "var": [0.286976873875, 10.7287406921, 147.360534668, 203.434829712, 676.423828125, 1135.13171387, 3166.23632812, 3688.00219727, 4561.41601562, 3824.23852539, 10878.2695312, 4730.48730469, 5191.91552734, 3146.76123047, 600.34753418, 3448.99853516, 139.683502197, 26.0819988251, 151.908889771, 194.404266357, 315.61340332, 894.429443359, 98.4457015991, 36.1963729858, 16.614906311, 13.8152780533, 9.80536556244, 18.0563735962, 10.9284334183, 1.68474662304, 0.657871842384, 0.2542142272, 0.0794732496142, 0.028919396922, 0.0114794233814, 0.00337411556393, 0.000981545774266, 0.000490709673613, 5.58305691811e-05, 9.12034252565e-08]}, "gfcc": {"mean": [-168.468566895, 203.626907349, -31.6849575043, 7.38614702225, -27.3891124725, -1.5333968401, -14.5218334198, -6.91946792603, -11.3734769821, -16.2260074615, -11.6188220978, -6.92416191101, -5.45058965683], "cov": [[16490.5449219, -2709.42797852, -3523.26098633, 2441.52246094, -214.505142212, 858.177246094, -855.115966797, -298.343322754, -832.479125977, -246.279922485, -509.300506592, 768.327941895, -125.189315796], [-2709.42797852, 5342.12548828, 1808.32434082, -2700.18481445, -584.380249023, -1054.23486328, 496.412902832, -56.3361434937, 358.652740479, -306.238677979, 48.9454193115, -891.884765625, -2.46611952782], [-3523.26098633, 1808.32434082, 2162.5456543, -1028.37304688, -260.721984863, -349.432983398, 170.39024353, 52.201839447, 254.044265747, 10.1831150055, 65.5876617432, -376.622802734, -81.7013015747], [2441.52246094, -2700.18481445, -1028.37304688, 2489.55444336, 707.956054688, 505.146636963, -336.70501709, -140.636795044, -145.521133423, 81.1406707764, 5.23266983032, 527.544616699, 63.9927825928], [-214.505142212, -584.380249023, -260.721984863, 707.956054688, 898.967163086, 160.82194519, -29.3032722473, -35.8414344788, -124.541900635, 47.5327644348, 91.2359161377, 148.061752319, 17.2169971466], [858.177246094, -1054.23486328, -349.432983398, 505.146636963, 160.82194519, 574.718322754, -1.6469618082, -46.294052124, -207.039276123, 10.5123748779, 26.055015564, 202.666229248, -6.23220348358], [-855.115966797, 496.412902832, 170.39024353, -336.70501709, -29.3032722473, -1.6469618082, 274.778991699, 51.2494468689, 5.68176078796, -44.583984375, -2.04476070404, -120.134742737, 16.8205299377], [-298.343322754, -56.3361434937, 52.201839447, -140.636795044, -35.8414344788, -46.294052124, 51.2494468689, 232.257217407, 110.88948822, -3.9826362133, -93.4669265747, -61.6425437927, -18.4364566803], [-832.479125977, 358.652740479, 254.044265747, -145.521133423, -124.541900635, -207.039276123, 5.68176078796, 110.88948822, 309.097320557, 45.1113624573, -55.4409446716, -133.638290405, 1.53051328659], [-246.279922485, -306.238677979, 10.1831150055, 81.1406707764, 47.5327644348, 10.5123748779, -44.583984375, -3.9826362133, 45.1113624573, 196.813049316, 77.1126861572, 11.7112827301, -55.1245994568], [-509.300506592, 48.9454193115, 65.5876617432, 5.23266983032, 91.2359161377, 26.055015564, -2.04476070404, -93.4669265747, -55.4409446716, 77.1126861572, 219.491119385, 92.4507598877, -2.25775885582], [768.327941895, -891.884765625, -376.622802734, 527.544616699, 148.061752319, 202.666229248, -120.134742737, -61.6425437927, -133.638290405, 11.7112827301, 92.4507598877, 368.700897217, 81.6817169189], [-125.189315796, -2.46611952782, -81.7013015747, 63.9927825928, 17.2169971466, -6.23220348358, 16.8205299377, -18.4364566803, 1.53051328659, -55.1245994568, -2.25775885582, 81.6817169189, 159.803390503]], "icov": [[0.000344990665326, -0.000758673355449, 0.000503780902363, -0.000638331286609, 0.000546366092749, -0.000534038117621, 0.000911698036361, -0.000656930089463, 0.00119292619638, -0.00103184988257, 0.0014506385196, -0.00090422789799, 0.0006356096128], [-0.000758673355449, 0.00309194275178, -0.00133643648587, 0.0023247031495, -0.00158500787802, 0.00221897033043, -0.00262584653683, 0.00308994948864, -0.00365007878281, 0.00467597972602, -0.00443151313812, 0.00340196839534, -0.00142417137977], [0.000503780902363, -0.00133643648587, 0.00145922438242, -0.000904657354113, 0.000830404518638, -0.000960584671702, 0.00139424193185, -0.00111935101449, 0.0013976021437, -0.00164678553119, 0.00179650553036, -0.00117679696996, 0.00112496549264], [-0.000638331286609, 0.0023247031495, -0.000904657354113, 0.00282860943116, -0.00192385632545, 0.00113395019434, -0.00160973367747, 0.00305910827592, -0.00371314841323, 0.00332207069732, -0.00259972712956, 0.00152263324708, -0.000919040758163], [0.000546366092749, -0.00158500787802, 0.000830404518638, -0.00192385632545, 0.00266824266873, -0.000936291762628, 0.00136117159855, -0.00222659134306, 0.00306535698473, -0.00245677540079, 0.00164508167654, -0.0012239421485, 0.0006463919417], [-0.000534038117621, 0.00221897033043, -0.000960584671702, 0.00113395019434, -0.000936291762628, 0.00476476689801, -0.0031453690026, 0.00200700201094, -0.000857030507177, 0.00272109406069, -0.00251345895231, 0.00122022710275, -0.000192358056665], [0.000911698036361, -0.00262584653683, 0.00139424193185, -0.00160973367747, 0.00136117159855, -0.0031453690026, 0.00880977883935, -0.0042540486902, 0.00420531397685, -0.0026677234564, 0.00241900561377, -5.77777209401e-05, -0.000553074874915], [-0.000656930089463, 0.00308994948864, -0.00111935101449, 0.00305910827592, -0.00222659134306, 0.00200700201094, -0.0042540486902, 0.0107340430841, -0.00661657936871, 0.00426511839032, -0.000261546520051, 0.000871530617587, 0.000825537485071], [0.00119292619638, -0.00365007878281, 0.0013976021437, -0.00371314841323, 0.00306535698473, -0.000857030507177, 0.00420531397685, -0.00661657936871, 0.0120897674933, -0.00759251695126, 0.00580499740317, -0.00186074362136, -0.000191745668417], [-0.00103184988257, 0.00467597972602, -0.00164678553119, 0.00332207069732, -0.00245677540079, 0.00272109406069, -0.0026677234564, 0.00426511839032, -0.00759251695126, 0.0152632119134, -0.0101389493793, 0.00553290126845, 0.000601711042691], [0.0014506385196, -0.00443151313812, 0.00179650553036, -0.00259972712956, 0.00164508167654, -0.00251345895231, 0.00241900561377, -0.000261546520051, 0.00580499740317, -0.0101389493793, 0.0170078538358, -0.00944309681654, 0.00398149015382], [-0.00090422789799, 0.00340196839534, -0.00117679696996, 0.00152263324708, -0.0012239421485, 0.00122022710275, -5.77777209401e-05, 0.000871530617587, -0.00186074362136, 0.00553290126845, -0.00944309681654, 0.0122507940978, -0.00605003163218], [0.0006356096128, -0.00142417137977, 0.00112496549264, -0.000919040758163, 0.0006463919417, -0.000192358056665, -0.000553074874915, 0.000825537485071, -0.000191745668417, 0.000601711042691, 0.00398149015382, -0.00605003163218, 0.0111111942679]]}, "melbands": {"dmean": [0.00146430463064, 0.00159833102953, 0.000800375128165, 0.000585149216931, 0.000391826964915, 0.0001732436358, 8.49758653203e-05, 3.25557994074e-05, 6.17193290964e-05, 3.17418962368e-05, 2.38861593971e-05, 1.49838197103e-05, 1.65665715031e-05, 4.97848523082e-05, 3.53710347554e-05, 4.34076036981e-06, 2.73052069133e-06, 5.40403607374e-06, 1.00087754618e-05, 3.99302052756e-06, 9.51717447606e-06, 1.49266097651e-05, 3.63840968021e-06, 2.25694134315e-06, 1.56145949859e-06, 9.59577846515e-07, 1.16963360597e-06, 7.50541062189e-07, 7.67720791828e-07, 5.65481002468e-07, 8.0545731862e-07, 5.82156701512e-07, 2.77635535895e-07, 2.2582652548e-07, 1.6473623532e-07, 1.28279040723e-07, 8.95570266835e-08, 6.95866333444e-08, 4.59356073179e-08, 3.27575619963e-08], "dmean2": [0.00246731890365, 0.00246383761987, 0.00127683940809, 0.000943900493439, 0.000613742682617, 0.000279227941064, 0.0001296048722, 4.89120357088e-05, 8.46796174301e-05, 4.56369416497e-05, 3.42218118021e-05, 2.09192658076e-05, 2.55743052548e-05, 7.71799168433e-05, 5.38988715562e-05, 7.33258411856e-06, 4.46601825388e-06, 9.29559701035e-06, 1.83089123311e-05, 7.22127879271e-06, 1.76467528945e-05, 2.76494247373e-05, 6.09788730799e-06, 4.09221865993e-06, 2.82670475826e-06, 1.71654153291e-06, 2.10691268876e-06, 1.36822529839e-06, 1.40033466778e-06, 9.94630113382e-07, 1.45756177972e-06, 9.78482944447e-07, 4.92797482821e-07, 4.03165728358e-07, 2.89726216351e-07, 2.33211480349e-07, 1.56423951125e-07, 1.16828310581e-07, 7.73678934252e-08, 5.36311617338e-08], "dvar": [8.1740117821e-06, 7.89758178144e-06, 3.00211354443e-06, 1.66345125763e-06, 1.48182130033e-06, 2.44653278969e-07, 1.25950833763e-07, 1.54706718547e-08, 3.03195619722e-08, 5.85214898763e-09, 6.96998059269e-09, 3.19763748813e-09, 2.47298603817e-09, 1.66421880721e-08, 9.65638147221e-09, 3.39401340366e-10, 8.67281454986e-11, 3.56548651714e-10, 1.593412291e-09, 2.04587707886e-10, 9.99760274567e-10, 2.90686030802e-09, 1.24267082735e-10, 7.88766690851e-11, 4.30152823083e-11, 1.28832370119e-11, 2.2231112784e-11, 9.23398163488e-12, 9.13999518432e-12, 3.90464049982e-12, 1.36040631885e-11, 4.5300651251e-12, 8.91788812935e-13, 8.42964153341e-13, 3.56440707028e-13, 2.37243194924e-13, 1.77735010412e-13, 5.90559095766e-14, 4.29791598632e-14, 2.44795638838e-14], "dvar2": [2.43840531766e-05, 1.71317788045e-05, 7.44420640331e-06, 4.09862650486e-06, 3.99744112656e-06, 5.71247937842e-07, 2.99578971408e-07, 3.19082715805e-08, 5.05505681758e-08, 1.02184785078e-08, 1.27865140698e-08, 5.86216097886e-09, 5.98539262597e-09, 3.70580721665e-08, 2.19287663583e-08, 9.07794450722e-10, 2.11160700037e-10, 9.32689703248e-10, 4.47174164364e-09, 5.74888137095e-10, 2.80989698176e-09, 8.29012414272e-09, 3.3277022804e-10, 2.25750029781e-10, 1.22850091211e-10, 3.65072624908e-11, 6.37649585911e-11, 2.63311126375e-11, 2.60903659788e-11, 1.08133146534e-11, 3.90735707678e-11, 1.19570733523e-11, 2.48053834417e-12, 2.38712044923e-12, 1.00073432614e-12, 6.87105374767e-13, 5.13920720216e-13, 1.61752095008e-13, 1.19974993482e-13, 6.7374552389e-14], "max": [0.0255128853023, 0.0305788815022, 0.0276746656746, 0.0144564975053, 0.0177607759833, 0.00973799172789, 0.0089036244899, 0.00551924062893, 0.00679834838957, 0.0026419730857, 0.00400619022548, 0.00326353800483, 0.00137086038012, 0.00135122670326, 0.00117964192759, 0.000310702365823, 0.00014305813238, 0.000234813560382, 0.000550619093701, 0.000157866626978, 0.000519453606103, 0.000534651509952, 0.000109501408588, 0.000103106809547, 0.000106121457065, 4.81437891722e-05, 0.000120143078675, 3.10974901367e-05, 3.18174716085e-05, 2.57809879258e-05, 6.10247443547e-05, 3.29745344061e-05, 8.76796730154e-06, 1.03338779809e-05, 7.27713813831e-06, 6.08293248661e-06, 1.28971960294e-05, 3.78621734853e-06, 4.55841382063e-06, 5.5445639191e-06], "mean": [0.0043217218481, 0.00763510260731, 0.00354034849443, 0.00238747079857, 0.00106401683297, 0.00063455250347, 0.000466799305286, 0.000179939015652, 0.000585059984587, 0.000279850821244, 0.000149000770762, 5.25768009538e-05, 2.37750427914e-05, 5.98935694143e-05, 3.46159977198e-05, 3.46156207343e-06, 2.52905670095e-06, 4.27073746323e-06, 6.72684200254e-06, 2.83074405161e-06, 6.52311246085e-06, 1.02968415376e-05, 3.05448861582e-06, 1.51405265569e-06, 1.0723010746e-06, 6.89161595346e-07, 8.05299521289e-07, 5.0400700502e-07, 5.06442347614e-07, 4.02562250201e-07, 5.69767280467e-07, 6.96853589943e-07, 2.028250492e-07, 1.62228744216e-07, 1.33859686002e-07, 9.42846369867e-08, 7.39595620303e-08, 5.78392622685e-08, 3.66250603179e-08, 2.95718276533e-08], "median": [0.00354826217517, 0.00753372116014, 0.00329498713836, 0.00176288699731, 0.00042371058953, 9.90384505712e-05, 4.33522873209e-05, 6.41829774395e-06, 1.28328756546e-05, 1.52923748828e-05, 1.65483447745e-06, 1.01164471289e-06, 1.27746181988e-06, 1.51901338086e-06, 1.09446921215e-06, 1.97320474626e-07, 1.2680122552e-07, 5.0216463876e-08, 6.01849095005e-08, 3.7752151627e-08, 6.93967123766e-08, 1.03077510971e-07, 3.65854084805e-08, 1.52882702054e-08, 5.11269382386e-09, 3.8041125805e-09, 6.07954797616e-09, 4.91261431534e-09, 1.32286526178e-09, 1.60108226677e-09, 3.13853565359e-09, 1.78708181586e-09, 5.48640854969e-10, 3.42189360181e-10, 4.894955552e-10, 2.46618336863e-10, 2.37850544815e-10, 1.67221680947e-10, 1.00678132497e-10, 9.06073341356e-11], "min": [1.99427757972e-14, 2.23903122266e-15, 3.77305490047e-15, 4.61126811716e-15, 2.3422066119e-15, 2.54155073384e-15, 4.49561169744e-15, 2.5514641957e-15, 3.09089988101e-15, 3.4221865369e-15, 1.80405968721e-15, 1.70346880726e-15, 4.34938458811e-15, 3.81839360952e-15, 4.04704210682e-15, 1.26129846584e-14, 7.35965921452e-15, 1.04880085397e-14, 6.63487768551e-15, 5.65374459963e-15, 4.05371757348e-15, 4.31633293899e-15, 3.58000931553e-15, 6.18535814744e-15, 7.34910603103e-15, 6.41435477528e-15, 4.13710076735e-15, 2.10385789329e-15, 1.72951475275e-15, 3.29348708035e-15, 2.73375563858e-15, 2.08238539632e-15, 1.85254512367e-15, 2.32063310625e-15, 1.67706308452e-15, 2.0435787936e-15, 2.33824461529e-15, 3.83333527071e-15, 3.60182168447e-15, 4.11274899364e-15], "var": [1.78045665962e-05, 2.04258903977e-05, 5.89472483625e-06, 4.60171941086e-06, 3.19562900586e-06, 1.7258950038e-06, 1.13007297387e-06, 3.26688507357e-07, 1.26344912132e-06, 1.7761290394e-07, 1.51456319486e-07, 5.96985785251e-08, 7.91600651695e-09, 2.48730973595e-08, 1.00877306508e-08, 2.37898922784e-10, 8.51490405962e-11, 2.87632029305e-10, 1.00496400091e-09, 1.29507918278e-10, 6.25095308848e-10, 1.75015713033e-09, 9.74248182128e-11, 4.84431765535e-11, 2.6481273771e-11, 8.50746556535e-12, 1.42158099528e-11, 5.60294128801e-12, 5.53431649467e-12, 2.59129046346e-12, 7.93304137658e-12, 6.68482630362e-12, 6.10809417368e-13, 5.40929931056e-13, 2.45816469393e-13, 1.51718142715e-13, 1.10885259308e-13, 4.18409576463e-14, 2.76738623472e-14, 1.6516076904e-14]}, "mfcc": {"mean": [-829.549194336, 214.492584229, 72.052947998, 37.9534988403, 16.657831192, 11.7956190109, 6.21827411652, 10.5840387344, 4.19248771667, -7.05667686462, -1.91515243053, 5.6819653511, -2.89284276962], "cov": [[11325.2128906, -2212.19921875, -3235.38623047, 265.331451416, 522.590454102, 777.530151367, 123.000923157, 384.349456787, -53.9156646729, -726.779541016, -654.505187988, 14.5146808624, 303.303375244], [-2212.19921875, 3558.03588867, 1941.31164551, -539.229248047, -779.448242188, -710.667053223, -235.388748169, -284.346862793, -37.550819397, 257.354888916, 250.361221313, -128.985519409, -393.301818848], [-3235.38623047, 1941.31164551, 2339.99462891, -275.599639893, -573.163818359, -525.276306152, -204.829559326, -234.180923462, -66.1999435425, 254.443252563, 305.78112793, -24.0531196594, -294.745361328], [265.331451416, -539.229248047, -275.599639893, 655.250976562, 506.928466797, 210.194091797, 20.7215480804, 46.3704948425, 39.7940254211, -64.272277832, -75.542388916, 70.991973877, 153.791702271], [522.590454102, -779.448242188, -573.163818359, 506.928466797, 682.746582031, 346.788818359, 87.5238342285, 101.197135925, 30.5748615265, -108.303596497, -104.094398499, 70.3120651245, 169.508163452], [777.530151367, -710.667053223, -525.276306152, 210.194091797, 346.788818359, 454.772338867, 251.86076355, 99.0363845825, -58.515625, -110.42804718, -103.535385132, 1.34875547886, 127.977058411], [123.000923157, -235.388748169, -204.829559326, 20.7215480804, 87.5238342285, 251.86076355, 324.851959229, 111.367988586, -69.7858886719, -75.1836776733, -78.2046203613, -18.7257823944, 81.7504577637], [384.349456787, -284.346862793, -234.180923462, 46.3704948425, 101.197135925, 99.0363845825, 111.367988586, 218.482818604, 85.9642486572, -104.32094574, -120.616729736, 15.2499866486, 86.6951828003], [-53.9156646729, -37.550819397, -66.1999435425, 39.7940254211, 30.5748615265, -58.515625, -69.7858886719, 85.9642486572, 207.829620361, 88.7782821655, -24.2992687225, -52.5337905884, -35.972076416], [-726.779541016, 257.354888916, 254.443252563, -64.272277832, -108.303596497, -110.42804718, -75.1836776733, -104.32094574, 88.7782821655, 346.814544678, 187.898513794, -114.200950623, -184.639083862], [-654.505187988, 250.361221313, 305.78112793, -75.542388916, -104.094398499, -103.535385132, -78.2046203613, -120.616729736, -24.2992687225, 187.898513794, 276.484222412, 73.9364242554, -140.889709473], [14.5146808624, -128.985519409, -24.0531196594, 70.991973877, 70.3120651245, 1.34875547886, -18.7257823944, 15.2499866486, -52.5337905884, -114.200950623, 73.9364242554, 263.373077393, 127.828460693], [303.303375244, -393.301818848, -294.745361328, 153.791702271, 169.508163452, 127.977058411, 81.7504577637, 86.6951828003, -35.972076416, -184.639083862, -140.889709473, 127.828460693, 326.137359619]], "icov": [[0.000206612647162, -7.64877549955e-05, 0.000321018509567, -0.000149395680637, 0.000339504418662, -0.000480741873616, 0.000569092109799, -0.00038477772614, 0.000362900143955, 5.45643160876e-05, 0.000280553358607, -0.000128366504214, 0.000290430965833], [-7.64877549955e-05, 0.000686245854013, -0.000516478670761, 0.000246816751314, -0.00022766632901, 0.000898586877156, -0.000755632470828, 0.000738158298191, -0.000422676763264, 0.000234836654272, 1.5823457943e-05, 0.000145760961459, 0.00011049459863], [0.000321018509567, -0.000516478670761, 0.00145562167745, -0.000701483280864, 0.000954730610829, -0.000422409822932, 0.000951835769229, -0.000998759176582, 0.00113320443779, -5.08276243636e-05, -0.000141404249007, -6.63021710352e-05, 0.000482473493321], [-0.000149395680637, 0.000246816751314, -0.000701483280864, 0.00424188328907, -0.00347861065529, 0.00063030119054, -0.000588619324844, 0.00157750095241, -0.00118968170136, -0.000421671167715, 0.000775662309024, -0.000575447862502, -0.000718113442417], [0.000339504418662, -0.00022766632901, 0.000954730610829, -0.00347861065529, 0.0063321730122, -0.00415288005024, 0.00258908513933, -0.00161037396174, 0.000417801667936, -6.48898349027e-05, 0.000461744144559, -0.000849399075378, 0.000572215707507], [-0.000480741873616, 0.000898586877156, -0.000422409822932, 0.00063030119054, -0.00415288005024, 0.0102349612862, -0.00684341741726, 0.00192099995911, -0.000138389674248, 0.00114682083949, -0.00193013215903, 0.00213470775634, -0.000837795669213], [0.000569092109799, -0.000755632470828, 0.000951835769229, -0.000588619324844, 0.00258908513933, -0.00684341741726, 0.0113787697628, -0.00783833768219, 0.00649804901332, -0.0025828871876, 0.001241471502, 0.000308538845275, -6.17914702161e-05], [-0.00038477772614, 0.000738158298191, -0.000998759176582, 0.00157750095241, -0.00161037396174, 0.00192099995911, -0.00783833768219, 0.0161995589733, -0.0113891782239, 0.00449397042394, 0.00134298461489, -0.00188489269931, -4.98115987284e-05], [0.000362900143955, -0.000422676763264, 0.00113320443779, -0.00118968170136, 0.000417801667936, -0.000138389674248, 0.00649804901332, -0.0113891782239, 0.0162941347808, -0.0083040446043, 0.00500005250797, -0.00141187547706, 0.00178310228512], [5.45643160876e-05, 0.000234836654272, -5.08276243636e-05, -0.000421671167715, -6.48898349027e-05, 0.00114682083949, -0.0025828871876, 0.00449397042394, -0.0083040446043, 0.0151703972369, -0.0134070646018, 0.00968391541392, -0.00249282480218], [0.000280553358607, 1.5823457943e-05, -0.000141404249007, 0.000775662309024, 0.000461744144559, -0.00193013215903, 0.001241471502, 0.00134298461489, 0.00500005250797, -0.0134070646018, 0.0227116718888, -0.0153624862432, 0.00790765602142], [-0.000128366504214, 0.000145760961459, -6.63021710352e-05, -0.000575447862502, -0.000849399075378, 0.00213470775634, 0.000308538845275, -0.00188489269931, -0.00141187547706, 0.00968391541392, -0.0153624862432, 0.0160266961902, -0.00705730123445], [0.000290430965833, 0.00011049459863, 0.000482473493321, -0.000718113442417, 0.000572215707507, -0.000837795669213, -6.17914702161e-05, -4.98115987284e-05, 0.00178310228512, -0.00249282480218, 0.00790765602142, -0.00705730123445, 0.00873162597418]]}, "spectral_contrast_coeffs": {"dmean": [0.0397435426712, 0.0419016741216, 0.0448700599372, 0.0475159846246, 0.0384345240891, 0.036011595279], "dmean2": [0.0617639943957, 0.0674895495176, 0.0689341500401, 0.0736261680722, 0.0638978779316, 0.0601744316518], "dvar": [0.00202866457403, 0.00222423253581, 0.00216025626287, 0.00177205458749, 0.00122879247647, 0.00169688207097], "dvar2": [0.00429551303387, 0.00524463318288, 0.00438200868666, 0.00414981180802, 0.00312192714773, 0.00406043138355], "max": [-0.251664221287, -0.266066730022, -0.308859884739, -0.459666222334, -0.561886191368, -0.575467646122], "mean": [-0.555027246475, -0.600962817669, -0.703946113586, -0.755574226379, -0.804820299149, -0.833800852299], "median": [-0.578504681587, -0.595033705235, -0.730522930622, -0.762715101242, -0.810792565346, -0.817382872105], "min": [-0.953718304634, -0.962215840816, -0.962615430355, -0.96445196867, -0.956972718239, -0.96582275629], "var": [0.0171292778105, 0.0209704451263, 0.0207163281739, 0.00858496315777, 0.00563575606793, 0.00854394212365]}, "spectral_contrast_valleys": {"dmean": [0.390279084444, 0.475285321474, 0.631886065006, 0.737227499485, 0.771323502064, 0.867101550102], "dmean2": [0.602592885494, 0.743012070656, 0.930307388306, 1.11931741238, 1.16349327564, 1.38944065571], "dvar": [0.277570366859, 0.355481564999, 0.546651661396, 0.59336656332, 0.628971517086, 0.681082606316], "dvar2": [0.520335376263, 0.72127610445, 1.11003470421, 1.31139659882, 1.42637121677, 1.5977492