{"lowlevel": {"average_loudness": 0.5929941535, "barkbands_crest": {"dmean": 3.06594967842, "dmean2": 5.11449623108, "dvar": 6.83464336395, "dvar2": 16.9937744141, "max": 26.6923751831, "mean": 13.1396799088, "median": 12.674030304, "min": 3.07524609566, "var": 18.823633194}, "barkbands_flatness_db": {"dmean": 0.0355280786753, "dmean2": 0.0541807115078, "dvar": 0.00115762918722, "dvar2": 0.00209818012081, "max": 0.839063644409, "mean": 0.356898039579, "median": 0.341281741858, "min": 0.0313965156674, "var": 0.0144347986206}, "barkbands_kurtosis": {"dmean": 8.13415527344, "dmean2": 13.3856048584, "dvar": 527.137634277, "dvar2": 1463.57983398, "max": 1798.00512695, "mean": 14.2073974609, "median": 8.07294178009, "min": -1.63058102131, "var": 671.700195312}, "barkbands_skewness": {"dmean": 0.72036075592, "dmean2": 1.15817642212, "dvar": 0.469476848841, "dvar2": 1.13131463528, "max": 18.5350074768, "mean": 1.95536363125, "median": 1.79570102692, "min": -6.38489198685, "var": 1.85918307304}, "barkbands_spread": {"dmean": 1.17308342457, "dmean2": 1.8917953968, "dvar": 2.47739243507, "dvar2": 5.75104093552, "max": 53.9578018188, "mean": 3.42159152031, "median": 2.61857128143, "min": 0.0382530875504, "var": 14.1704788208}, "dissonance": {"dmean": 0.0413079708815, "dmean2": 0.0710468813777, "dvar": 0.00194900727365, "dvar2": 0.00565703539178, "max": 0.500000119209, "mean": 0.415712565184, "median": 0.437965542078, "min": 0.0342830047011, "var": 0.00508139794692}, "dynamic_complexity": 4.15797233582, "erbbands_crest": {"dmean": 2.93607997894, "dmean2": 5.0039691925, "dvar": 6.01864051819, "dvar2": 16.885723114, "max": 31.0652141571, "mean": 10.5178194046, "median": 9.54273796082, "min": 2.49687099457, "var": 17.1616439819}, "erbbands_flatness_db": {"dmean": 0.0217591151595, "dmean2": 0.0358868017793, "dvar": 0.000442879740149, "dvar2": 0.00117624399718, "max": 0.636503756046, "mean": 0.267119854689, "median": 0.2398917377, "min": 0.0693611875176, "var": 0.0064231143333}, "erbbands_kurtosis": {"dmean": 2.85335540771, "dmean2": 4.73917579651, "dvar": 25.4332962036, "dvar2": 64.6866531372, "max": 177.453765869, "mean": 4.53534317017, "median": 2.36603116989, "min": -1.72937202454, "var": 69.2571868896}, "erbbands_skewness": {"dmean": 0.507763922215, "dmean2": 0.844569981098, "dvar": 0.214572831988, "dvar2": 0.583131492138, "max": 9.20886707306, "mean": 1.37457823753, "median": 1.28858804703, "min": -3.21594405174, "var": 0.651057124138}, "erbbands_spread": {"dmean": 3.5357375145, "dmean2": 5.92597913742, "dvar": 11.2400197983, "dvar2": 30.8337402344, "max": 99.0541610718, "mean": 16.1430988312, "median": 16.3751087189, "min": 0.311263471842, "var": 103.121559143}, "hfc": {"dmean": 5.11439561844, "dmean2": 7.68876886368, "dvar": 194.299560547, "dvar2": 479.502593994, "max": 972.250732422, "mean": 13.0855674744, "median": 7.57253360748, "min": 4.05930086345e-06, "var": 284.004730225}, "melbands_crest": {"dmean": 4.39322280884, "dmean2": 7.14329004288, "dvar": 16.4634304047, "dvar2": 33.6013336182, "max": 38.8899726868, "mean": 20.0112514496, "median": 17.5763397217, "min": 2.61572647095, "var": 63.54088974}, "melbands_flatness_db": {"dmean": 0.0404066555202, "dmean2": 0.0619527883828, "dvar": 0.00155386619736, "dvar2": 0.00291351391934, "max": 1, "mean": 0.49176222086, "median": 0.479244083166, "min": 0.0100838830695, "var": 0.0205553658307}, "melbands_kurtosis": {"dmean": 11.115983963, "dmean2": 18.1368961334, "dvar": 253.438827515, "dvar2": 633.065979004, "max": 627.684204102, "mean": 21.7962379456, "median": 13.664270401, "min": -1.75164985657, "var": 623.405700684}, "melbands_skewness": {"dmean": 0.880672872066, "dmean2": 1.4167406559, "dvar": 0.692946791649, "dvar2": 1.66263544559, "max": 16.2769546509, "mean": 2.79870939255, "median": 2.57094335556, "min": -2.23172950745, "var": 3.13164591789}, "melbands_spread": {"dmean": 1.22256803513, "dmean2": 1.96993792057, "dvar": 4.35751199722, "dvar2": 9.29114723206, "max": 146.455215454, "mean": 3.26746273041, "median": 2.40067100525, "min": 0.178556799889, "var": 15.5663738251}, "pitch_salience": {"dmean": 0.0993779674172, "dmean2": 0.159435898066, "dvar": 0.00742711732164, "dvar2": 0.0165030471981, "max": 0.945752382278, "mean": 0.51883149147, "median": 0.55604070425, "min": 0.0627398118377, "var": 0.0272623449564}, "silence_rate_20dB": {"dmean": 0.0698264315724, "dmean2": 0.139657527208, "dvar": 0.0649568140507, "dvar2": 0.121510662138, "max": 1, "mean": 0.782350361347, "median": 1, "min": 0, "var": 0.170279875398}, "silence_rate_30dB": {"dmean": 0.0815086811781, "dmean2": 0.162989422679, "dvar": 0.0748414620757, "dvar2": 0.14204134047, "max": 1, "mean": 0.683822274208, "median": 1, "min": 0, "var": 0.216236904263}, "silence_rate_60dB": {"dmean": 0.00827770400792, "dmean2": 0.0165225807577, "dvar": 0.00820213090628, "dvar2": 0.0189876928926, "max": 1, "mean": 0.0819732323289, "median": 0, "min": 0, "var": 0.0752484202385}, "spectral_centroid": {"dmean": 46.3981132507, "dmean2": 75.6716156006, "dvar": 5814.82958984, "dvar2": 14091.1933594, "max": 3570.92138672, "mean": 291.806274414, "median": 258.760986328, "min": 113.697616577, "var": 29566.8378906}, "spectral_complexity": {"dmean": 1.55874502659, "dmean2": 2.68657159805, "dvar": 2.43472123146, "dvar2": 6.31466388702, "max": 40, "mean": 8.48252773285, "median": 9, "min": 0, "var": 16.5183811188}, "spectral_decrease": {"dmean": 1.87656148398e-08, "dmean2": 2.68120103897e-08, "dvar": 8.68536837384e-16, "dvar2": 1.68347607684e-15, "max": -1.51381703518e-18, "mean": -4.3176221709e-08, "median": -1.12065787761e-08, "min": -4.68624136829e-07, "var": 3.86380135176e-15}, "spectral_energy": {"dmean": 0.0712543204427, "dmean2": 0.101811252534, "dvar": 0.0124952141196, "dvar2": 0.0242229904979, "max": 1.78706371784, "mean": 0.164142861962, "median": 0.0429640412331, "min": 3.73903685791e-10, "var": 0.0555947385728}, "spectral_energyband_high": {"dmean": 1.38524228532e-05, "dmean2": 2.44688144448e-05, "dvar": 2.05167239642e-07, "dvar2": 5.49523861082e-07, "max": 0.0404419861734, "mean": 2.976329597e-05, "median": 9.57995780482e-06, "min": 2.62374316717e-10, "var": 1.35024734504e-07}, "spectral_energyband_low": {"dmean": 0.0664188861847, "dmean2": 0.0947692915797, "dvar": 0.0117326173931, "dvar2": 0.0226883180439, "max": 1.43838262558, "mean": 0.142107829452, "median": 0.0223497375846, "min": 7.73023225292e-12, "var": 0.0501869134605}, "spectral_energyband_middle_high": {"dmean": 0.000392149988329, "dmean2": 0.000664112740196, "dvar": 2.96030157187e-05, "dvar2": 7.58752576075e-05, "max": 0.415669739246, "mean": 0.000746528326999, "median": 0.000457129848655, "min": 5.20214704647e-11, "var": 2.09550216823e-05}, "spectral_energyband_middle_low": {"dmean": 0.0112214181572, "dmean2": 0.0189436934888, "dvar": 0.000265185459284, "dvar2": 0.000722134369425, "max": 0.618051350117, "mean": 0.0221533291042, "median": 0.0176373831928, "min": 8.31026653741e-12, "var": 0.000449261744507}, "spectral_entropy": {"dmean": 0.236666023731, "dmean2": 0.387832075357, "dvar": 0.0470966994762, "dvar2": 0.118856571615, "max": 8.90692615509, "mean": 5.94538021088, "median": 6.19999933243, "min": 2.72820305824, "var": 0.734875261784}, "spectral_flux": {"dmean": 0.0621472708881, "dmean2": 0.104407161474, "dvar": 0.00718769431114, "dvar2": 0.0187019109726, "max": 0.996066331863, "mean": 0.154142588377, "median": 0.128383338451, "min": 0.00206992775202, "var": 0.0118269333616}, "spectral_kurtosis": {"dmean": 24.7034816742, "dmean2": 42.0450248718, "dvar": 2834.06494141, "dvar2": 8238.609375, "max": 897.872680664, "mean": 70.3840637207, "median": 21.4965114594, "min": 0.907244920731, "var": 11105.5234375}, "spectral_rms": {"dmean": 0.00248873303644, "dmean2": 0.00353578897193, "dvar": 9.0841540441e-06, "dvar2": 1.37200258905e-05, "max": 0.0417549610138, "mean": 0.00979142822325, "median": 0.00647426722571, "min": 6.03973546731e-07, "var": 6.42685627099e-05}, "spectral_rolloff": {"dmean": 63.5392913818, "dmean2": 104.013298035, "dvar": 25007.1113281, "dvar2": 42272.4101562, "max": 18626.2207031, "mean": 239.921020508, "median": 215.33203125, "min": 21.533203125, "var": 59709.0429688}, "spectral_skewness": {"dmean": 0.946760892868, "dmean2": 1.59994935989, "dvar": 2.03287816048, "dvar2": 5.51074314117, "max": 26.538816452, "mean": 5.54930830002, "median": 3.42972803116, "min": 0.955883622169, "var": 19.0195121765}, "spectral_spread": {"dmean": 313016.5625, "dmean2": 548936.875, "dvar": 88000929792, "dvar2": 252104392704, "max": 15614839, "mean": 1918937, "median": 1958257.125, "min": 147116.828125, "var": 1008722116610.0}, "spectral_strongpeak": {"dmean": 0.289252966642, "dmean2": 0.479565769434, "dvar": 0.11051248014, "dvar2": 0.284756600857, "max": 13.5200452805, "mean": 0.50452452898, "median": 0.416192948818, "min": 0, "var": 0.189384788275}, "zerocrossingrate": {"dmean": 0.0022421986796, "dmean2": 0.00288775190711, "dvar": 1.51189187818e-05, "dvar2": 1.89862803381e-05, "max": 0.52197265625, "mean": 0.011168718338, "median": 0.009765625, "min": 0, "var": 0.000107875704998}, "barkbands": {"dmean": [0.0182163380086, 0.048653036356, 0.00797963235527, 0.005852363538, 0.00793888512999, 0.00090073433239, 0.000496276363265, 0.000333182542818, 0.000113936053822, 8.69586656336e-05, 0.000157328642672, 0.000128084167955, 4.12572844652e-05, 3.98658849008e-05, 3.11145049636e-05, 3.28143032675e-05, 2.37220920098e-05, 1.21316006698e-05, 5.64775791645e-06, 3.32278636961e-06, 4.56873203802e-06, 5.33885258847e-06, 3.02346802528e-06, 8.61403691488e-07, 6.21520541699e-07, 4.01086225565e-07, 1.2569158514e-07], "dmean2": [0.0273771043867, 0.0696107372642, 0.0129597540945, 0.00998660176992, 0.0136287240312, 0.00155284476932, 0.000840920489281, 0.000558080035262, 0.000192312159925, 0.000148136037751, 0.000269830488833, 0.000219718087465, 7.11299289833e-05, 6.80951852701e-05, 5.45823531866e-05, 5.81951280765e-05, 4.25232065027e-05, 2.12930608541e-05, 1.00991192085e-05, 5.78901563131e-06, 8.18520584289e-06, 9.5024906841e-06, 5.28054215465e-06, 1.48482706663e-06, 1.06872562355e-06, 6.8035330969e-07, 2.16287531885e-07], "dvar": [0.000951219408307, 0.00696324417368, 0.00025458887103, 0.000108542590169, 0.000114792434033, 1.69793520399e-06, 5.38281824447e-07, 5.53861923436e-07, 9.60983399523e-08, 1.68781085108e-07, 5.33982927209e-07, 5.38384938409e-07, 4.35643016772e-07, 3.12985207529e-06, 1.5268224729e-07, 6.21486151431e-07, 4.81662880247e-07, 1.52365004169e-07, 1.20523475644e-08, 3.03767411225e-09, 1.11762714639e-08, 3.57786831273e-08, 9.54988266244e-09, 2.59023247295e-10, 4.24746321448e-10, 1.28513866215e-10, 1.88246536414e-11], "dvar2": [0.00224449462257, 0.0143039627001, 0.000629633606877, 0.000299190345686, 0.000321712897858, 4.69395627078e-06, 1.47047830978e-06, 1.41505199736e-06, 2.61246867694e-07, 4.67612409238e-07, 1.34976596655e-06, 1.36332596412e-06, 1.13577198135e-06, 8.32665955386e-06, 4.17848781353e-07, 1.62603123499e-06, 1.30672390242e-06, 4.01708234676e-07, 3.28310107989e-08, 7.85747644727e-09, 3.09734318193e-08, 9.67585620515e-08, 2.52253045119e-08, 6.98536062327e-10, 1.10137476916e-09, 3.35023203624e-10, 4.88101746521e-11], "max": [0.437291532755, 1.11415600777, 0.847118854523, 0.457473754883, 0.402663141489, 0.0254902504385, 0.0163312088698, 0.0251409523189, 0.00906098354608, 0.0152207342908, 0.0444624833763, 0.0629916340113, 0.0505868978798, 0.174468010664, 0.0214620381594, 0.0555575974286, 0.0531548522413, 0.0315092764795, 0.00787895265967, 0.00521357869729, 0.00816011149436, 0.0158798247576, 0.0093761626631, 0.00133702647872, 0.00212753051892, 0.00110213353764, 0.000444977893494], "mean": [0.0353153347969, 0.0951743870974, 0.0107511226088, 0.00744014699012, 0.0117143401876, 0.00141178444028, 0.000844104855787, 0.000504487485159, 0.000188415171579, 0.000132945599034, 0.000231187441386, 0.000195560758584, 5.16087711731e-05, 3.44751533703e-05, 4.03457670473e-05, 3.49388137693e-05, 2.34636663663e-05, 1.24011148728e-05, 8.90398223419e-06, 7.47133935874e-06, 7.9678138718e-06, 6.54229916108e-06, 5.93233289692e-06, 2.30059777095e-06, 1.53989844875e-06, 1.12937084396e-06, 3.20848727142e-07], "median": [0.00396949984133, 0.00855956692249, 0.0044003482908, 0.00375161017291, 0.00841525476426, 0.000851071556099, 0.000479161710246, 0.000240235676756, 0.000105448219983, 7.53309723223e-05, 0.000111220513645, 9.2259637313e-05, 1.92017105292e-05, 8.6926320364e-06, 1.90322953131e-05, 1.11262215796e-05, 8.03202965471e-06, 4.17095179728e-06, 3.91907815356e-06, 4.6543696044e-06, 2.91052629109e-06, 1.74671390596e-06, 9.65171466305e-07, 2.1934438621e-07, 3.25561835268e-08, 2.55047662989e-08, 2.71607518698e-07], "min": [1.21952604265e-11, 1.91869437005e-12, 6.7027351551e-13, 2.68146859968e-13, 1.24932323601e-12, 3.16298799218e-13, 8.52025481418e-13, 1.49167462236e-12, 3.37047273771e-12, 1.37027542091e-12, 3.75438916067e-12, 2.77614324758e-12, 4.03995023199e-12, 3.59204528101e-12, 7.17824367655e-12, 5.43064421557e-12, 2.98983537581e-12, 8.44670427352e-12, 9.31441555829e-12, 7.41728293369e-12, 1.35716915137e-11, 1.89917040427e-11, 2.1939158823e-11, 2.80712363077e-11, 3.98273358737e-11, 6.31656116301e-11, 8.20219378528e-11], "var": [0.00329540343955, 0.0258871912956, 0.000416488008341, 0.000127892621094, 0.000156981404871, 2.71815019914e-06, 1.1946289078e-06, 8.26438849799e-07, 1.01335082547e-07, 1.3352494932e-07, 4.72616079605e-07, 3.81507391012e-07, 3.27284396917e-07, 1.99450369109e-06, 1.00695579874e-07, 3.98655572553e-07, 2.76487611472e-07, 8.95399878686e-08, 7.35098737437e-09, 1.87190374312e-09, 7.20917903152e-09, 2.01031085112e-08, 7.02876645775e-09, 4.95265273237e-10, 3.90796367489e-10, 2.07531714036e-10, 9.99688439668e-12]}, "erbbands": {"dmean": [2.94229674339, 5.3343911171, 7.76328802109, 15.3624258041, 25.3406028748, 27.1613998413, 14.0375699997, 6.41393232346, 7.49368190765, 7.3032450676, 4.67729568481, 2.62732601166, 2.85059070587, 2.95712089539, 7.72111654282, 3.40874576569, 1.83634066582, 2.44089794159, 1.17164111137, 1.85676622391, 1.56391775608, 1.32128477097, 0.803592979908, 0.366665780544, 0.227458745241, 0.163091257215, 0.149390101433, 0.222191080451, 0.218737825751, 0.108823090792, 0.0897086188197, 0.028534822166, 0.0125444075093, 0.00652933632955, 0.00469805067405, 0.00245983689092, 0.000653248338494, 0.000108442720375, 4.52467284049e-05, 7.7924123616e-05], "dmean2": [4.33067846298, 7.85416793823, 11.9312295914, 25.7850475311, 43.5270690918, 47.2312088013, 24.3316383362, 11.0739736557, 12.6480312347, 12.5464725494, 7.80126953125, 4.47776222229, 4.82307338715, 5.07014942169, 13.2174367905, 5.76252508163, 3.18323540688, 4.12476968765, 2.06234884262, 3.24158906937, 2.72710704803, 2.3914077282, 1.41264569759, 0.657226324081, 0.402578830719, 0.283264756203, 0.265797555447, 0.397447347641, 0.387333482504, 0.19156076014, 0.154727846384, 0.0497993975878, 0.0218800660223, 0.0113595891744, 0.00809659436345, 0.00414956221357, 0.00112987414468, 0.000189453290659, 6.82875470375e-05, 0.000111515335448], "dvar": [25.6144866943, 103.005226135, 262.792785645, 765.623474121, 1493.89733887, 1297.6496582, 370.200592041, 92.3440322876, 133.589096069, 149.709243774, 168.199645996, 51.599571228, 181.290374756, 155.069076538, 1843.77209473, 347.886413574, 597.119262695, 10035.0410156, 294.670257568, 1030.0489502, 1855.11962891, 1441.03515625, 750.774963379, 73.5501098633, 21.783914566, 7.49185228348, 5.70660352707, 35.1194419861, 67.9205245972, 12.0124578476, 10.9303750992, 0.37652784586, 0.0520948693156, 0.0266363937408, 0.0269793197513, 0.00568830175325, 0.000403454061598, 9.01041585166e-06, 5.06173535086e-07, 1.84389605806e-08], "dvar2": [54.0082321167, 224.99041748, 604.015563965, 2067.05957031, 4152.92529297, 3689.78100586, 1062.25244141, 257.900238037, 358.242797852, 411.033203125, 440.871704102, 140.486236572, 498.593475342, 407.520904541, 4555.72119141, 863.592224121, 1580.85717773, 26778.4726562, 807.978149414, 2733.89086914, 4807.11523438, 3991.37939453, 1995.01782227, 197.722839355, 57.2550392151, 19.1915035248, 15.9847106934, 97.4030075073, 183.110946655, 31.9791812897, 28.4718589783, 0.997835636139, 0.141423359513, 0.0701507776976, 0.0700947791338, 0.0146644916385, 0.001068249112, 2.3847376724e-05, 1.30194837311e-06, 3.83401470572e-08], "max": [54.8520507812, 257.223266602, 947.021240234, 1030.1105957, 1335.76416016, 1218.18457031, 278.921600342, 230.449081421, 292.534454346, 272.750518799, 475.573242188, 224.787353516, 493.044708252, 409.673339844, 3531.26416016, 1684.2355957, 1367.73803711, 9693.61914062, 1109.67663574, 1888.3013916, 3637.48388672, 2593.97973633, 2214.03466797, 625.951293945, 394.359741211, 266.306365967, 176.386978149, 450.4715271, 701.236999512, 324.610443115, 335.357208252, 57.8791656494, 18.8164806366, 15.6297168732, 16.9840660095, 7.94806909561, 1.81988382339, 0.284753203392, 0.0765412449837, 0.00601440249011], "mean": [5.71574020386, 9.53373146057, 12.2255268097, 21.8515701294, 34.6956253052, 37.3672904968, 20.2975101471, 10.5060482025, 12.8215150833, 12.0898571014, 8.07371997833, 4.38389873505, 4.43363714218, 5.00411224365, 11.8038654327, 6.06711912155, 2.65206503868, 2.21566295624, 1.5391356945, 2.26966285706, 1.65867173672, 1.35617423058, 0.817254006863, 0.487231492996, 0.395271658897, 0.359745711088, 0.31383022666, 0.315075516701, 0.241639897227, 0.184803187847, 0.165881484747, 0.0722826942801, 0.0343795977533, 0.0186323653907, 0.0103946039453, 0.00586101133376, 0.00166054733563, 0.000231081940001, 0.000117801573651, 0.000183065872989], "median": [0.415559709072, 1.34158849716, 4.57474040985, 11.4545230865, 22.5247516632, 25.9256839752, 13.3255643845, 6.63986825943, 7.36005735397, 6.26223707199, 4.50783634186, 2.59161329269, 2.61314368248, 3.14869689941, 5.44110155106, 3.44988036156, 1.18691825867, 0.563209176064, 0.678573071957, 0.998653590679, 0.571330487728, 0.495910048485, 0.280210614204, 0.193991646171, 0.20235799253, 0.222306802869, 0.1574896276, 0.0949488505721, 0.0648624524474, 0.046926163137, 0.0247287321836, 0.00885193329304, 0.00200855894946, 0.000609775015619, 0.000200318245334, 9.21647806535e-05, 6.5686297603e-05, 6.38650817564e-05, 5.97933321842e-05, 5.24659335497e-05], "min": [1.73184036556e-10, 1.17437184977e-10, 6.23169127412e-10, 8.88681572775e-10, 1.41357614503e-09, 5.52205436932e-09, 4.23987156495e-09, 2.90967849814e-09, 1.1502507391e-08, 1.54957433551e-08, 4.39152145759e-08, 7.80165052561e-08, 5.87679451769e-08, 4.81500812555e-08, 2.14177774183e-07, 9.98580134137e-08, 2.01149902068e-07, 1.72496413597e-07, 3.52141540816e-07, 2.70829303872e-07, 2.80715028111e-07, 1.93729704279e-07, 4.38953037474e-07, 4.34092157775e-07, 4.88192881676e-07, 4.23656246085e-07, 4.23762656965e-07, 5.36042648491e-07, 6.62588035993e-07, 8.13438873593e-07, 5.48597427041e-07, 6.45740499294e-07, 4.93951688441e-07, 4.13485878425e-07, 2.83726109274e-07, 2.28054943818e-07, 1.23969400079e-07, 5.49827845475e-08, 1.00352872678e-08, 1.06286701662e-09], "var": [95.6446990967, 277.178741455, 542.173034668, 1009.23822021, 1826.33825684, 1666.58435059, 502.443328857, 143.822174072, 290.3828125, 298.031280518, 212.704498291, 51.6770057678, 142.957565308, 131.682510376, 1547.19177246, 271.762115479, 469.006378174, 6413.70703125, 190.090087891, 695.563964844, 1140.91308594, 811.488708496, 431.796112061, 44.9787330627, 13.2384634018, 4.69658041, 4.12859487534, 20.9169769287, 37.3202209473, 7.71758794785, 7.29137516022, 0.566259205341, 0.11136187613, 0.0392134077847, 0.021971412003, 0.00675888499245, 0.000458498805529, 6.96891675034e-06, 2.74440964176e-07, 6.69583783974e-08]}, "gfcc": {"mean": [-134.674758911, 198.284225464, -50.3092002869, 17.9644451141, -28.7597961426, -4.23908090591, -8.46681880951, -19.4466571808, -8.13551807404, -14.5603809357, -4.65036678314, -1.38949906826, -1.29909420013], "cov": [[10660.1738281, -529.294128418, -3840.03100586, 1981.10827637, -392.102203369, 280.674438477, 754.909973145, 70.9460372925, 403.207733154, 29.6704235077, 208.734802246, 153.810791016, 10.2456521988], [-529.294128418, 876.289428711, 486.559112549, -318.751190186, 183.028076172, -116.163459778, 152.951400757, -109.38457489, 81.4101333618, -76.1050033569, 68.6501617432, -32.3689231873, 52.1283073425], [-3840.03100586, 486.559112549, 2647.01025391, -593.791931152, 512.800231934, 58.6055107117, -230.427276611, 53.7370033264, -171.373901367, 35.7420196533, 1.36294019222, -73.7812194824, 81.6805038452], [1981.10827637, -318.751190186, -593.791931152, 846.968933105, -7.43387126923, -16.610874176, 153.582504272, -14.9266262054, 82.4614562988, -30.21393013, 40.065322876, 35.1051559448, 10.6759176254], [-392.102203369, 183.028076172, 512.800231934, -7.43387126923, 285.865600586, 83.98097229, 48.6596755981, 11.9894866943, -0.132893040776, 1.47011339664, 32.9988021851, -17.3238716125, 35.4399871826], [280.674438477, -116.163459778, 58.6055107117, -16.610874176, 83.98097229, 198.87487793, 12.0223093033, 61.1761932373, -41.1790313721, 50.033164978, 7.64123153687, -5.9350271225, -4.21788978577], [754.909973145, 152.951400757, -230.427276611, 153.582504272, 48.6596755981, 12.0223093033, 208.980453491, -5.90971469879, 89.5011901855, -13.3947639465, 49.0257568359, 12.0149078369, 22.5728034973], [70.9460372925, -109.38457489, 53.7370033264, -14.9266262054, 11.9894866943, 61.1761932373, -5.90971469879, 102.76990509, 14.6943798065, 44.5962677002, -3.87249946594, 4.35952663422, -0.46246740222], [403.207733154, 81.4101333618, -171.373901367, 82.4614562988, -0.132893040776, -41.1790313721, 89.5011901855, 14.6943798065, 115.92792511, 10.3713197708, 28.5499382019, 11.201458931, 13.1189746857], [29.6704235077, -76.1050033569, 35.7420196533, -30.21393013, 1.47011339664, 50.033164978, -13.3947639465, 44.5962677002, 10.3713197708, 70.8766326904, 17.1252613068, 6.01190805435, -1.50749087334], [208.734802246, 68.6501617432, 1.36294019222, 40.065322876, 32.9988021851, 7.64123153687, 49.0257568359, -3.87249946594, 28.5499382019, 17.1252613068, 54.9928016663, 19.3035831451, 18.5616798401], [153.810791016, -32.3689231873, -73.7812194824, 35.1051559448, -17.3238716125, -5.9350271225, 12.0149078369, 4.35952663422, 11.201458931, 6.01190805435, 19.3035831451, 41.011806488, 20.8982276917], [10.2456521988, 52.1283073425, 81.6805038452, 10.6759176254, 35.4399871826, -4.21788978577, 22.5728034973, -0.46246740222, 13.1189746857, -1.50749087334, 18.5616798401, 20.8982276917, 44.7837677002]], "icov": [[0.000928549212404, -0.00213983259164, 0.00121864897665, -0.00245388830081, 0.00125846720766, -0.0027392860502, 0.000974177964963, -0.0019585674163, 0.000592547585256, -0.0011364192469, 6.92465473549e-05, -0.00020041364769, -0.00127152446657], [-0.00213983259164, 0.0108634466305, -0.00343807623722, 0.00885865464807, -0.00422738026828, 0.00834224186838, -0.00615278212354, 0.00799936428666, -0.00457282038406, 0.00792341865599, -0.0069298655726, 0.00606077397242, 0.000968567503151], [0.00121864897665, -0.00343807623722, 0.00293402024545, -0.00308095244691, -0.000589723174926, -0.00212069530971, 0.00256158504635, -0.00421175220981, 0.00305162649602, -0.00297667994164, 2.89163017442e-05, 0.00114708102774, -0.00350283784792], [-0.00245388830081, 0.00885865464807, -0.00308095244691, 0.00984783750027, -0.00489454483613, 0.00877201743424, -0.00511792208999, 0.0066225733608, -0.00308522512205, 0.00636315578595, -0.00431864196435, 0.00293597625569, 0.00240704533644], [0.00125846720766, -0.00422738026828, -0.000589723174926, -0.00489454483613, 0.0126058990136, -0.0103142950684, 0.00104255729821, -0.00170949567109, -0.00251960637979, 0.0019710038323, -0.00176797143649, 0.00207397807389, -0.00404580822214], [-0.0027392860502, 0.00834224186838, -0.00212069530971, 0.00877201743424, -0.0103142950684, 0.0227632094175, -0.00784753076732, 0.000550707511138, 0.00843043718487, -0.00379803357646, -0.00208605686203, 0.00430825259537, 0.0032171769999], [0.000974177964963, -0.00615278212354, 0.00256158504635, -0.00511792208999, 0.00104255729821, -0.00784753076732, 0.0159165933728, -0.0041421353817, -0.00522051285952, 0.00213315873407, -0.00318864313886, -0.000241033034399, -0.00310734845698], [-0.0019585674163, 0.00799936428666, -0.00421175220981, 0.0066225733608, -0.00170949567109, 0.000550707511138, -0.0041421353817, 0.025094859302, -0.0107339704409, -0.00196776073426, 0.00514305755496, -0.00245523336343, 0.0030837173108], [0.000592547585256, -0.00457282038406, 0.00305162649602, -0.00308522512205, -0.00251960637979, 0.00843043718487, -0.00522051285952, -0.0107339704409, 0.0260030254722, -0.0123334042728, 0.000940304191317, 0.00104117067531, -0.00324280932546], [-0.0011364192469, 0.00792341865599, -0.00297667994164, 0.00636315578595, 0.0019710038323, -0.00379803357646, 0.00213315873407, -0.00196776073426, -0.0123334042728, 0.0381148569286, -0.0213697478175, 0.00593215599656, 0.00292128114961], [6.92465473549e-05, -0.0069298655726, 2.89163017442e-05, -0.00431864196435, -0.00176797143649, -0.00208605686203, -0.00318864313886, 0.00514305755496, 0.000940304191317, -0.0213697478175, 0.0479872003198, -0.0233133565634, 0.00188514252659], [-0.00020041364769, 0.00606077397242, 0.00114708102774, 0.00293597625569, 0.00207397807389, 0.00430825259537, -0.000241033034399, -0.00245523336343, 0.00104117067531, 0.00593215599656, -0.0233133565634, 0.0548717416823, -0.0269885975868], [-0.00127152446657, 0.000968567503151, -0.00350283784792, 0.00240704533644, -0.00404580822214, 0.0032171769999, -0.00310734845698, 0.0030837173108, -0.00324280932546, 0.00292128114961, 0.00188514252659, -0.0269885975868, 0.0452718324959]]}, "melbands": {"dmean": [0.0190143380314, 0.004459830001, 0.0026219766587, 0.00201954389922, 0.000593137927353, 0.000146261852933, 0.000106361345388, 8.1422556832e-05, 3.23918902723e-05, 1.67893085745e-05, 1.44523764902e-05, 1.15567445391e-05, 2.40875906456e-05, 1.62273063324e-05, 5.05368188897e-06, 5.07340655531e-06, 4.45869955001e-06, 1.58201692102e-06, 2.5970552997e-06, 2.673499921e-06, 1.66980953509e-06, 1.36449341426e-06, 1.21330640468e-06, 4.58650191604e-07, 2.99090714861e-07, 1.98670321083e-07, 1.38871911304e-07, 1.1002799738e-07, 9.45552116605e-08, 1.20407065651e-07, 1.34293358656e-07, 1.34078163683e-07, 9.24936287561e-08, 5.5332055382e-08, 6.10906951692e-08, 3.93027086432e-08, 1.22696190985e-08, 1.13100702137e-08, 5.86545745307e-09, 6.28489393861e-09], "dmean2": [0.0275829359889, 0.00668047973886, 0.00437458604574, 0.00347855594009, 0.00102997792419, 0.000251561577898, 0.000179589478648, 0.000138678180519, 5.39820284757e-05, 2.86744398181e-05, 2.44391831075e-05, 1.98169418582e-05, 4.12544177379e-05, 2.77577637462e-05, 8.68695951795e-06, 8.73490989761e-06, 7.39778806746e-06, 2.78872880699e-06, 4.5446945478e-06, 4.69129145131e-06, 2.90374964607e-06, 2.46232184509e-06, 2.1811483748e-06, 7.89541218182e-07, 5.3376413689e-07, 3.50515733771e-07, 2.4424861067e-07, 1.90184550775e-07, 1.67765804804e-07, 2.13994596265e-07, 2.41515323296e-07, 2.40500440896e-07, 1.61567328405e-07, 9.86249304447e-08, 1.0641117143e-07, 6.71883952919e-08, 2.14615383243e-08, 1.9636621218e-08, 1.03779767002e-08, 1.08425091128e-08], "dvar": [0.00105668429751, 7.52840351197e-05, 2.12059730984e-05, 7.94102925283e-06, 5.98669771534e-07, 4.61078109026e-08, 2.57962824435e-08, 2.09158699249e-08, 7.70455343968e-09, 2.22897433844e-09, 4.63082017177e-09, 2.2404937905e-09, 1.43165630462e-08, 1.08799493859e-08, 6.0137023139e-10, 1.07161035601e-08, 3.67076680163e-08, 5.06332809014e-10, 1.06403397204e-09, 3.28331228872e-09, 2.2677331124e-09, 1.34691902076e-09, 1.58746182866e-09, 2.41044767479e-10, 3.67291336234e-11, 1.52345705495e-11, 6.50792180562e-12, 2.56337225751e-12, 1.18338173462e-12, 6.77288910719e-12, 1.2939558279e-11, 2.68267508902e-11, 8.70903089228e-12, 2.4485812683e-12, 4.42386838967e-12, 9.34802474144e-13, 5.24050746374e-14, 3.31284377372e-14, 9.98958131927e-15, 2.52919972292e-14], "dvar2": [0.00215332512744, 0.000169931052369, 5.65664740861e-05, 2.22736180149e-05, 1.71684268935e-06, 1.27831143004e-07, 6.94791069122e-08, 5.55269465963e-08, 2.01148253609e-08, 6.09455019784e-09, 1.27723094323e-08, 5.92895998963e-09, 3.57167166953e-08, 2.67431961021e-08, 1.59415636247e-09, 2.92447186467e-08, 9.70927018784e-08, 1.40565514783e-09, 2.87054535697e-09, 8.72532535112e-09, 5.87638115945e-09, 3.74293307459e-09, 4.29817070824e-09, 6.21230455966e-10, 1.01764471849e-10, 4.08144143482e-11, 1.68912401427e-11, 6.52838980791e-12, 3.35226009278e-12, 1.88084062214e-11, 3.62346368188e-11, 7.36672875479e-11, 2.27747386922e-11, 6.66101245342e-12, 1.17485916828e-11, 2.42293164698e-12, 1.43620046953e-13, 9.04445721333e-14, 2.7415200508e-14, 6.62753001351e-14], "max": [0.36082521081, 0.402404069901, 0.186094015837, 0.105191849172, 0.0129721313715, 0.00492222700268, 0.00387643091381, 0.00333793857135, 0.00345658045262, 0.00142358674202, 0.00250642281026, 0.00141798751429, 0.00816697999835, 0.00904421508312, 0.0013416671427, 0.00613433960825, 0.0186804570258, 0.0016240470577, 0.00212983228266, 0.00367821403779, 0.00431702146307, 0.0024373785127, 0.00302862678654, 0.00141717377119, 0.000470077386126, 0.000304019718897, 0.000236119522015, 0.000157504255185, 8.06657699286e-05, 0.000194639404071, 0.000249866541708, 0.000394247181248, 0.000292506476399, 0.000132943692734, 0.000198066918529, 0.000100259843748, 1.79857270268e-05, 1.39854491863e-05, 8.50485139381e-06, 1.54981207743e-05], "mean": [0.0380002483726, 0.00810689199716, 0.00404220446944, 0.00286585860886, 0.000861161446664, 0.00024235843739, 0.000186406337889, 0.000131842316478, 5.65266454942e-05, 2.64161426458e-05, 2.18269160541e-05, 1.84729869943e-05, 3.70541019947e-05, 2.56528091995e-05, 8.1867492554e-06, 5.4406068557e-06, 3.74456385543e-06, 1.9734397938e-06, 3.31521141561e-06, 2.85272221845e-06, 1.67732639511e-06, 1.36951291552e-06, 1.17917488751e-06, 4.57781169416e-07, 3.88838429899e-07, 3.10232735501e-07, 2.52202909223e-07, 2.33752885492e-07, 1.95291292471e-07, 1.96851075884e-07, 1.70768572616e-07, 1.28833747226e-07, 1.33000256142e-07, 9.31110406555e-08, 9.96793971808e-08, 8.32831403841e-08, 2.86441466102e-08, 2.74541118728e-08, 1.59644386599e-08, 1.5561830935e-08], "median": [0.00325721106492, 0.00232165120542, 0.00237281341106, 0.00197623413987, 0.000590332550928, 0.000153128246893, 0.000109571788926, 6.47496417514e-05, 3.14655699185e-05, 1.46527081597e-05, 1.24016323753e-05, 1.1169154277e-05, 1.80425031431e-05, 1.17853069241e-05, 4.47878528576e-06, 1.51600352183e-06, 8.5346096057e-07, 8.13272095002e-07, 1.54947804276e-06, 9.95349296318e-07, 5.36664686024e-07, 4.73087936825e-07, 3.83076212529e-07, 1.52200058778e-07, 1.4560339423e-07, 1.41911939977e-07, 1.4047812158e-07, 1.44288790693e-07, 1.06567320302e-07, 6.62212968905e-08, 4.6525613584e-08, 3.45385480216e-08, 3.31007861121e-08, 2.21899796315e-08, 1.51950416694e-08, 8.45078229617e-09, 3.75426933985e-09, 1.30080612948e-09, 5.58133816941e-10, 3.74875824827e-10], "min": [1.63348588128e-12, 2.44654746765e-13, 1.65864202798e-13, 2.37110624104e-13, 1.943989132e-13, 7.23813099301e-14, 1.71969656939e-13, 2.00518055393e-13, 4.06855078057e-13, 4.8566576108e-13, 2.6487644543e-13, 1.53295114775e-13, 5.74757743569e-13, 4.98159564814e-13, 1.88639970073e-13, 4.57954800383e-13, 3.10033357494e-13, 5.17814632318e-13, 5.24108317509e-13, 3.50207195058e-13, 3.02201081e-13, 1.67862251876e-13, 2.39346167668e-13, 4.98031357907e-13, 3.10873831018e-13, 3.78256508147e-13, 2.90798445437e-13, 2.738294075e-13, 1.61821416184e-13, 4.38784506776e-13, 2.5460574404e-13, 3.12053985083e-13, 4.59481411252e-13, 4.57226595994e-13, 2.87771380076e-13, 3.49518157472e-13, 4.0443139831e-13, 2.91472683663e-13, 4.18675321192e-13, 3.03523075814e-13], "var": [0.00411143805832, 0.000184237098438, 2.98563791148e-05, 1.04446426121e-05, 8.32984824228e-07, 7.55789102413e-08, 5.71460958554e-08, 4.04470092974e-08, 1.00171657635e-08, 2.1262769323e-09, 3.6486567101e-09, 1.87761650672e-09, 1.25189725253e-08, 8.18272383185e-09, 5.44171763206e-10, 7.46451700451e-09, 2.33365824442e-08, 3.06021374907e-10, 7.17500003855e-10, 2.15060769193e-09, 1.36174271859e-09, 7.59773910453e-10, 8.95461260697e-10, 1.40898834267e-10, 2.24741041749e-11, 9.11548180688e-12, 3.92993753859e-12, 1.62818066321e-12, 9.13364327747e-13, 4.42867834419e-12, 7.50648935371e-12, 1.45055165796e-11, 5.33125193297e-12, 1.64517314702e-12, 2.83526956253e-12, 1.04230491425e-12, 7.88490705562e-14, 7.24361637837e-14, 2.43622752316e-14, 3.05981639765e-14]}, "mfcc": {"mean": [-789.252258301, 220.998947144, 43.9507865906, 41.1233215332, 5.05613327026, 21.3157081604, 4.7021317482, 8.76008224487, -0.545286178589, -2.77673220634, -8.66145801544, 0.375930517912, 5.96866893768], "cov": [[9500.79882812, 89.8494338989, -3125.86962891, 503.839752197, -769.385009766, 412.40826416, -283.884033203, 518.807617188, 79.3743591309, 186.458389282, -135.497070312, 355.63067627, 541.34967041], [89.8494338989, 1049.01318359, 187.123718262, -67.0901184082, -11.2953834534, 104.819114685, 107.719779968, 62.741230011, 42.2681350708, 33.9452819824, 45.0882835388, 32.5919532776, 27.4668636322], [-3125.86962891, 187.123718262, 1515.72607422, -49.272064209, 396.680511475, -48.6019058228, 183.49899292, -141.776901245, -11.8278341293, -23.7147502899, 86.6602706909, -108.533447266, -207.961029053], [503.839752197, -67.0901184082, -49.272064209, 486.064453125, 94.6052703857, 75.889793396, -26.829240799, 72.2942276001, 18.4648742676, -0.651881933212, -39.9904823303, 29.8186798096, 70.9428253174], [-769.385009766, -11.2953834534, 396.680511475, 94.6052703857, 309.409820557, 68.7281112671, 98.292388916, -16.606054306, 11.013630867, -0.0842831507325, 29.8642024994, -24.1187858582, -60.2724380493], [412.40826416, 104.819114685, -48.6019058228, 75.889793396, 68.7281112671, 149.907180786, 75.3274612427, 52.92445755, 8.03224372864, 17.9601230621, 11.4070310593, 22.8899745941, 19.3371105194], [-283.884033203, 107.719779968, 183.49899292, -26.829240799, 98.292388916, 75.3274612427, 129.37600708, 24.6593227386, 14.4914598465, 7.76338481903, 31.018781662, -4.37984085083, -26.2032642365], [518.807617188, 62.741230011, -141.776901245, 72.2942276001, -16.606054306, 52.92445755, 24.6593227386, 89.9609985352, 37.0017967224, 22.6791572571, -2.31963133812, 31.0631103516, 43.5783309937], [79.3743591309, 42.2681350708, -11.8278341293, 18.4648742676, 11.013630867, 8.03224372864, 14.4914598465, 37.0017967224, 58.6682662964, 30.0052070618, 12.7577238083, 14.0459222794, 21.2472114563], [186.458389282, 33.9452819824, -23.7147502899, -0.651881933212, -0.0842831507325, 17.9601230621, 7.76338481903, 22.6791572571, 30.0052070618, 55.1889877319, 33.2124443054, 20.462015152, 9.89321613312], [-135.497070312, 45.0882835388, 86.6602706909, -39.9904823303, 29.8642024994, 11.4070310593, 31.018781662, -2.31963133812, 12.7577238083, 33.2124443054, 56.4071578979, 18.7698326111, -10.0698795319], [355.63067627, 32.5919532776, -108.533447266, 29.8186798096, -24.1187858582, 22.8899745941, -4.37984085083, 31.0631103516, 14.0459222794, 20.462015152, 18.7698326111, 52.4124221802, 44.5901069641], [541.34967041, 27.4668636322, -207.961029053, 70.9428253174, -60.2724380493, 19.3371105194, -26.2032642365, 43.5783309937, 21.2472114563, 9.89321613312, -10.0698795319, 44.5901069641, 85.0012207031]], "icov": [[0.000616643810645, -0.000100553901575, 0.000886363035534, -0.000200655704248, 0.000305037247017, -0.00103511312045, 0.000501484493725, -0.00110718444921, 0.000955270486884, -0.00165429234039, 0.000897592108231, -0.000969513959717, 0.000183951080544], [-0.000100553901575, 0.00131315493491, -0.000697157694958, 0.000432361091953, 0.000696936738677, -0.00109597924165, -8.56292244862e-05, -0.000468474638183, -0.000613528536633, 0.000477239431348, -0.000385069928598, 0.000139733005199, -0.000914236705285], [0.000886363035534, -0.000697157694958, 0.00338229117915, -0.00122226658277, -0.000900910003111, 0.000846864073537, -0.00184197444469, 0.00069402117515, 0.000700552540366, -0.0016663109418, -0.000594487355556, -0.00056943128584, 0.00236739171669], [-0.000200655704248, 0.000432361091953, -0.00122226658277, 0.00436287838966, -0.00227363826707, -0.00170661567245, 0.00379713205621, -0.00374288135208, 0.00125493574888, -8.74387915246e-05, 0.0023523021955, 0.000500586233102, -0.00391539093107], [0.000305037247017, 0.000696936738677, -0.000900910003111, -0.00227363826707, 0.00867747887969, -0.00458786543459, -0.00213978113607, 0.00298081501387, -0.00446591805667, 0.0016471601557, -0.00107691565063, -0.00165909819771, 0.00420179683715], [-0.00103511312045, -0.00109597924165, 0.000846864073537, -0.00170661567245, -0.00458786543459, 0.0204285793006, -0.0126232570037, -0.000598048383836, 0.00719033880159, -0.00482527539134, 0.00231230934151, -0.000848531082738, -0.00155913503841], [0.000501484493725, -8.56292244862e-05, -0.00184197444469, 0.00379713205621, -0.00213978113607, -0.0126232570037, 0.0263821575791, -0.0128326090053, -0.00214205100201, 0.00899270083755, -0.0112492619082, 0.00583362020552, 0.00032035500044], [-0.00110718444921, -0.000468474638183, 0.00069402117515, -0.00374288135208, 0.00298081501387, -0.000598048383836, -0.0128326090053, 0.0361622385681, -0.0164409317076, -0.00242432695813, 0.00996080134064, -0.00986422877759, 0.00252514239401], [0.000955270486884, -0.000613528536633, 0.000700552540366, 0.00125493574888, -0.00446591805667, 0.00719033880159, -0.00214205100201, -0.0164409317076, 0.0401658602059, -0.0217622164637, 0.00338157895021, 0.00630253832787, -0.0126655846834], [-0.00165429234039, 0.000477239431348, -0.0016663109418, -8.74387915246e-05, 0.0016471601557, -0.00482527539134, 0.00899270083755, -0.00242432695813, -0.0217622164637, 0.0536180883646, -0.0345678813756, 0.00587942358106, 0.00467830663547], [0.000897592108231, -0.000385069928598, -0.000594487355556, 0.0023523021955, -0.00107691565063, 0.00231230934151, -0.0112492619082, 0.00996080134064, 0.00338157895021, -0.0345678813756, 0.0626644790173, -0.0353680290282, 0.0102812452242], [-0.000969513959717, 0.000139733005199, -0.00056943128584, 0.000500586233102, -0.00165909819771, -0.000848531082738, 0.00583362020552, -0.00986422877759, 0.00630253832787, 0.00587942358106, -0.0353680290282, 0.0641974657774, -0.0299359131604], [0.000183951080544, -0.000914236705285, 0.00236739171669, -0.00391539093107, 0.00420179683715, -0.00155913503841, 0.00032035500044, 0.00252514239401, -0.0126655846834, 0.00467830663547, 0.0102812452242, -0.0299359131604, 0.0416297465563]]}, "spectral_contrast_coeffs": {"dmean": [0.0621955059469, 0.0468300394714, 0.0319712348282, 0.0242080278695, 0.01452862937, 0.0136156352237], "dmean2": [0.101965174079, 0.0797308757901, 0.054383482784, 0.0415641777217, 0.0248730685562, 0.0234626214951], "dvar": [0.00227816449478, 0.00133667595219, 0.000636708049569, 0.000450385909062, 0.000189928221516, 0.000307616573991], "dvar2": [0.00620296830311, 0.00384108163416, 0.00180468335748, 0.00126891885884, 0.000509698234964, 0.000781190523412], "max": [-0.300494849682, -0.456167250872, -0.412068426609, -0.479876697063, -0.668046712875, -0.514921963215], "mean": [-0.65202409029, -0.745021820068, -0.815752983093, -0.822396397591, -0.860255658627, -0.776373147964], "median": [-0.652468919754, -0.750747025013, -0.824242353439, -0.83371168375, -0.859236121178, -0.7369556427], "min": [-0.912061691284, -0.939141690731, -0.955424010754, -0.986655175686, -0.973047733307, -0.953856825829], "var": [0.00720819365233, 0.00376767665148, 0.00264495634474, 0.00252667022869, 0.000644987158012, 0.00618423661217]}, "spectral_contrast_valleys": {"dmean": [0.420039862394, 0.320799678564, 0.281844109297, 0.252525001764, 0.199906691909, 0.19302046299], "dmean2": [0.661090016365, 0.543896913528, 0.480656176805, 0.428877800703, 0.33961352706, 0.340552717447], "dvar": [0.119495280087, 0.0837898552418, 0.099998369813, 0.130136877298, 0.173900514841, 0.102684147656], "dvar2": [0.272905707359, 0.218128025532, 0.24869428575, 0.319462448359, 0.42529630661, 0.284016311169], "max": [-3.87964916229, -4.46777153015, -4.2273182869, -4.94966602325, -4.86625671387, -7.7