{"lowlevel": {"average_loudness": 0.902742922306, "barkbands_crest": {"dmean": 1.82993888855, "dmean2": 2.81481575966, "dvar": 2.93661570549, "dvar2": 6.76626253128, "max": 22.6431655884, "mean": 10.7601108551, "median": 10.2923345566, "min": 3.66880536079, "var": 10.7087459564}, "barkbands_flatness_db": {"dmean": 0.0153320189565, "dmean2": 0.0222516041249, "dvar": 0.000226105272304, "dvar2": 0.000431614200352, "max": 0.271449238062, "mean": 0.166186049581, "median": 0.166964709759, "min": 0.0421084947884, "var": 0.00123991200235}, "barkbands_kurtosis": {"dmean": 1.64664459229, "dmean2": 2.58938193321, "dvar": 2.54164004326, "dvar2": 6.12342023849, "max": 21.6581935883, "mean": 3.8853867054, "median": 3.1563205719, "min": -1.80025660992, "var": 11.5099821091}, "barkbands_skewness": {"dmean": 0.317109018564, "dmean2": 0.495060622692, "dvar": 0.0826859399676, "dvar2": 0.184044137597, "max": 4.38010072708, "mean": 1.74091255665, "median": 1.73304879665, "min": -2.112003088, "var": 0.61213183403}, "barkbands_spread": {"dmean": 2.53014016151, "dmean2": 3.85551476479, "dvar": 5.68071985245, "dvar2": 13.2559051514, "max": 54.7074203491, "mean": 13.7797603607, "median": 12.8932209015, "min": 3.8238825798, "var": 30.420747757}, "dissonance": {"dmean": 0.0177995134145, "dmean2": 0.029344221577, "dvar": 0.000230345729506, "dvar2": 0.000631031638477, "max": 0.499866873026, "mean": 0.454007297754, "median": 0.45676022768, "min": 0.290180534124, "var": 0.000533174024895}, "dynamic_complexity": 2.61823582649, "erbbands_crest": {"dmean": 1.98708546162, "dmean2": 3.06544494629, "dvar": 3.13804650307, "dvar2": 6.78814029694, "max": 24.4590988159, "mean": 8.53382873535, "median": 7.89955425262, "min": 2.74801874161, "var": 10.4206104279}, "erbbands_flatness_db": {"dmean": 0.0151885943487, "dmean2": 0.0208483729511, "dvar": 0.000265188078629, "dvar2": 0.000483225885546, "max": 0.300918936729, "mean": 0.192028269172, "median": 0.195600420237, "min": 0.0724933221936, "var": 0.00129947764799}, "erbbands_kurtosis": {"dmean": 0.502275943756, "dmean2": 0.775139868259, "dvar": 0.236789643764, "dvar2": 0.526416063309, "max": 4.86505079269, "mean": -0.343186408281, "median": -0.52420592308, "min": -1.72368335724, "var": 0.787849545479}, "erbbands_skewness": {"dmean": 0.249837502837, "dmean2": 0.37797793746, "dvar": 0.037713509053, "dvar2": 0.0837791189551, "max": 2.23059988022, "mean": 0.473881065845, "median": 0.491087019444, "min": -1.83839595318, "var": 0.260607272387}, "erbbands_spread": {"dmean": 4.75384569168, "dmean2": 7.31836462021, "dvar": 19.2189388275, "dvar2": 43.7624473572, "max": 70.2339477539, "mean": 33.5808296204, "median": 32.9349212646, "min": 11.0168991089, "var": 81.0685348511}, "hfc": {"dmean": 3.53990006447, "dmean2": 5.31884479523, "dvar": 20.4597129822, "dvar2": 47.3676147461, "max": 73.8081817627, "mean": 15.1567773819, "median": 13.0228881836, "min": 1.13081161625e-16, "var": 97.4862289429}, "melbands_crest": {"dmean": 2.21755719185, "dmean2": 3.45038199425, "dvar": 4.50433349609, "dvar2": 10.005692482, "max": 28.0608139038, "mean": 13.4560718536, "median": 12.8246097565, "min": 1.19054698944, "var": 19.5693416595}, "melbands_flatness_db": {"dmean": 0.0142968380824, "dmean2": 0.0216547101736, "dvar": 0.000199892281671, "dvar2": 0.000439944647951, "max": 0.348583221436, "mean": 0.226700276136, "median": 0.229140952229, "min": 0.000246599462116, "var": 0.00189090042841}, "melbands_kurtosis": {"dmean": 2.94396829605, "dmean2": 4.67459487915, "dvar": 10.4524374008, "dvar2": 25.1550750732, "max": 48.0005645752, "mean": 9.182097435, "median": 7.76830482483, "min": -1.36211419106, "var": 40.0148963928}, "melbands_skewness": {"dmean": 0.389178454876, "dmean2": 0.600750625134, "dvar": 0.134563878179, "dvar2": 0.301472663879, "max": 5.80382156372, "mean": 2.4569940567, "median": 2.38426184654, "min": -0.326618492603, "var": 0.676130414009}, "melbands_spread": {"dmean": 3.05407762527, "dmean2": 4.8233962059, "dvar": 20.0954341888, "dvar2": 45.6673660278, "max": 155.203811646, "mean": 16.439250946, "median": 13.5200939178, "min": 4.02541875839, "var": 269.958221436}, "pitch_salience": {"dmean": 0.0572494789958, "dmean2": 0.0900181084871, "dvar": 0.00286148674786, "dvar2": 0.00687788659707, "max": 0.991038024426, "mean": 0.576771557331, "median": 0.577948689461, "min": 0.275795578957, "var": 0.00923493783921}, "silence_rate_20dB": {"dmean": 0, "dmean2": 0, "dvar": 0, "dvar2": 0, "max": 1, "mean": 1, "median": 1, "min": 1, "var": 0}, "silence_rate_30dB": {"dmean": 0.00207828194834, "dmean2": 0.00415800418705, "dvar": 0.00207394780591, "dvar2": 0.00621965155005, "max": 1, "mean": 0.998961210251, "median": 1, "min": 0, "var": 0.00103770568967}, "silence_rate_60dB": {"dmean": 0.00138552126009, "dmean2": 0.00277200271375, "dvar": 0.00138358946424, "dvar2": 0.00276426551864, "max": 1, "mean": 0.0408587269485, "median": 0, "min": 0, "var": 0.0391906499863}, "spectral_centroid": {"dmean": 129.499862671, "dmean2": 203.439208984, "dvar": 36976.8242188, "dvar2": 67034.6328125, "max": 11706.2255859, "mean": 1038.00524902, "median": 827.406616211, "min": 368.212738037, "var": 1637254.75}, "spectral_complexity": {"dmean": 2.55697965622, "dmean2": 4.20304918289, "dvar": 6.2987112999, "dvar2": 14.7875957489, "max": 42, "mean": 18.0997238159, "median": 18, "min": 0, "var": 37.1826515198}, "spectral_decrease": {"dmean": 1.69057112753e-09, "dmean2": 2.65499111585e-09, "dvar": 7.01398949582e-18, "dvar2": 1.77880575062e-17, "max": 8.58708896445e-22, "mean": -6.64414612217e-09, "median": -5.57511814492e-09, "min": -3.4520216019e-08, "var": 1.85844984328e-17}, "spectral_energy": {"dmean": 0.00665968377143, "dmean2": 0.010424551554, "dvar": 0.000106806270196, "dvar2": 0.000270033342531, "max": 0.134732142091, "mean": 0.0264512952417, "median": 0.0222665369511, "min": 1.02319236781e-20, "var": 0.000291483913315}, "spectral_energyband_high": {"dmean": 8.87575733941e-05, "dmean2": 0.000140134667163, "dvar": 1.9400697937e-08, "dvar2": 4.82934616741e-08, "max": 0.00148455507588, "mean": 0.000155847359565, "median": 9.54483257374e-05, "min": 7.13535932249e-21, "var": 2.75835905228e-08}, "spectral_energyband_low": {"dmean": 0.00206492561847, "dmean2": 0.0036367282737, "dvar": 2.38000448007e-05, "dvar2": 6.46780827083e-05, "max": 0.0565150827169, "mean": 0.00317421113141, "median": 0.00179911847226, "min": 1.08487370238e-23, "var": 2.15255222429e-05}, "spectral_energyband_middle_high": {"dmean": 0.00117869267706, "dmean2": 0.00185613054782, "dvar": 2.359833843e-06, "dvar2": 5.56345366931e-06, "max": 0.0255708955228, "mean": 0.00425007147714, "median": 0.00352040491998, "min": 1.30581405294e-21, "var": 1.05948411147e-05}, "spectral_energyband_middle_low": {"dmean": 0.0049464693293, "dmean2": 0.00748201692477, "dvar": 5.0445443776e-05, "dvar2": 0.000125293634483, "max": 0.110347703099, "mean": 0.0197071488947, "median": 0.0164650529623, "min": 1.65708538269e-22, "var": 0.000176605652086}, "spectral_entropy": {"dmean": 0.123974516988, "dmean2": 0.181677743793, "dvar": 0.0190653689206, "dvar2": 0.0396816208959, "max": 9.82498931885, "mean": 7.15202331543, "median": 7.09284925461, "min": 6.24870538712, "var": 0.179815143347}, "spectral_flux": {"dmean": 0.0202375631779, "dmean2": 0.0312259662896, "dvar": 0.000743976735976, "dvar2": 0.00152642198373, "max": 0.30501884222, "mean": 0.0619270540774, "median": 0.0530917085707, "min": 6.53806592199e-11, "var": 0.0013156424975}, "spectral_kurtosis": {"dmean": 2.97357654572, "dmean2": 5.16281318665, "dvar": 7.96234893799, "dvar2": 23.8491077423, "max": 27.5040473938, "mean": 7.79408407211, "median": 7.45140218735, "min": -1.2446539402, "var": 15.9850254059}, "spectral_rms": {"dmean": 0.000580771127716, "dmean2": 0.000890876573976, "dvar": 5.59993054594e-07, "dvar2": 1.36997437039e-06, "max": 0.0114649897441, "mean": 0.00479316571727, "median": 0.00466084200889, "min": 3.15948786231e-12, "var": 2.83171812043e-06}, "spectral_rolloff": {"dmean": 230.883773804, "dmean2": 391.940734863, "dvar": 297418.46875, "dvar2": 620121.375, "max": 19444.4824219, "mean": 1224.2722168, "median": 796.728515625, "min": 279.931640625, "var": 5382440}, "spectral_skewness": {"dmean": 0.313447952271, "dmean2": 0.524171173573, "dvar": 0.0790252611041, "dvar2": 0.217136695981, "max": 3.75948786736, "mean": 1.86380791664, "median": 1.85859811306, "min": -0.0531335100532, "var": 0.284089297056}, "spectral_spread": {"dmean": 337244.6875, "dmean2": 493679.625, "dvar": 447744212992, "dvar2": 769472331776, "max": 42339068, "mean": 3671207.25, "median": 2869608.5, "min": 1647179.25, "var": 22191965995000.0}, "spectral_strongpeak": {"dmean": 0.328264206648, "dmean2": 0.550578653812, "dvar": 0.313632965088, "dvar2": 0.810771405697, "max": 10.7644777298, "mean": 1.0054910183, "median": 0.930363595486, "min": 0, "var": 0.51085960865}, "zerocrossingrate": {"dmean": 0.00569311901927, "dmean2": 0.00723843974993, "dvar": 0.000132443208713, "dvar2": 0.000231786412769, "max": 0.5244140625, "mean": 0.0485378280282, "median": 0.0390625, "min": 0.01513671875, "var": 0.00359961111099}, "barkbands": {"dmean": [7.26682719687e-06, 0.000729192281142, 0.00100205221679, 0.00102540524676, 0.00262943492271, 0.00139615871012, 0.000995661248453, 0.000966668245383, 0.000472855521366, 0.000476054643514, 0.000471495004604, 0.000213542181882, 0.000211990336538, 0.000148799997987, 0.000231065016123, 0.000202408366022, 0.000272486155154, 0.000151145562995, 8.6546948296e-05, 4.72719912068e-05, 3.39083417202e-05, 1.41309346873e-05, 3.47896798303e-06, 4.71055045637e-06, 5.7573979575e-06, 2.38739976339e-05, 1.08844608349e-06], "dmean2": [1.04020209619e-05, 0.00128224375658, 0.00173923408147, 0.00185664417222, 0.00425084494054, 0.00204735179432, 0.0012541974429, 0.00127491762396, 0.000723856326658, 0.000728451472241, 0.000733307504561, 0.000358511897502, 0.000362664315617, 0.00024137373839, 0.00038221894647, 0.000317273137625, 0.000443465745775, 0.000253459118539, 0.000142072458402, 7.98572946223e-05, 5.70865668124e-05, 2.46191084443e-05, 5.92205242356e-06, 7.27322594685e-06, 7.78712001193e-06, 3.68305409211e-05, 1.52692030042e-06], "dvar": [2.38037728417e-10, 3.76013190362e-06, 6.13360134594e-06, 4.43141652795e-06, 2.38805296249e-05, 3.55197812496e-06, 3.45148123415e-06, 3.13809960062e-06, 7.09219534656e-07, 4.06769601113e-07, 6.07398817465e-07, 1.80208687084e-07, 1.06259285815e-07, 5.66310802697e-08, 8.60910560618e-08, 2.07865880952e-07, 1.95498188305e-07, 8.30565625165e-08, 1.53871759778e-08, 7.55472662206e-09, 4.51733184192e-09, 1.06089248497e-09, 4.02266692179e-11, 5.64315850993e-11, 3.97825966614e-10, 3.94316623797e-09, 7.90854274429e-12], "dvar2": [4.99267460707e-10, 1.05738545244e-05, 1.65443470905e-05, 1.25503665913e-05, 6.24172753305e-05, 6.62424372422e-06, 4.53626762464e-06, 4.93260267831e-06, 1.52719962898e-06, 9.01857788449e-07, 1.26333736716e-06, 5.00512214785e-07, 2.78228299067e-07, 1.34721574341e-07, 2.07152993426e-07, 4.84824852265e-07, 4.82219775222e-07, 2.1202278333e-07, 3.90276113649e-08, 2.05481587301e-08, 1.19930891884e-08, 2.95346680446e-09, 1.11405142056e-10, 1.10611519943e-10, 7.10237535451e-10, 8.68985505775e-09, 1.49159920526e-11], "max": [0.000190067628864, 0.0253612790257, 0.0390584990382, 0.0228370949626, 0.0871614143252, 0.0455873049796, 0.0461593605578, 0.0373249165714, 0.0190663170069, 0.00781876407564, 0.0136779304594, 0.00602456601337, 0.0049993423745, 0.00384771102108, 0.00417055236176, 0.00800269376487, 0.0112029574811, 0.00856829341501, 0.00185534846969, 0.00100557890255, 0.000860678905156, 0.000306309113512, 9.47882290347e-05, 0.000106754087028, 0.000420789496275, 0.000402581266826, 4.35930523963e-05], "mean": [8.09979792393e-06, 0.00100109213963, 0.00154190987814, 0.00114353280514, 0.00806588865817, 0.00458584586158, 0.00240808189847, 0.00208746618591, 0.000964902632404, 0.00082033831859, 0.000954494404141, 0.000327845249558, 0.000341684790328, 0.000274664605968, 0.00041273154784, 0.000386319385143, 0.000503529328853, 0.000268516974756, 0.000153401328134, 7.97192551545e-05, 5.05855714437e-05, 1.95171760424e-05, 7.13591362e-06, 1.0749969988e-05, 9.84675079962e-06, 2.21809968934e-05, 1.26129395994e-06], "median": [4.40569522198e-07, 0.0003460944572, 0.000637843739241, 0.000602722400799, 0.00635357527062, 0.00283928913996, 0.000970708089881, 0.000957070966251, 0.000491430400871, 0.000494198990054, 0.000402616307838, 0.000171228981344, 0.000188757680007, 0.000145689817145, 0.000283295987174, 0.000168910075445, 0.000323060317896, 0.000142071730806, 9.73417481873e-05, 5.0884722441e-05, 2.65780945483e-05, 8.91976196726e-06, 3.64109064321e-06, 5.10825111633e-06, 1.6027699985e-06, 7.04597823642e-07, 2.95901720904e-08], "min": [1.57579363717e-24, 6.86769633007e-25, 7.87984382148e-25, 3.57693989115e-24, 8.94345097771e-24, 7.99041155203e-24, 8.59014778839e-24, 5.05861236436e-24, 1.42926465674e-23, 1.8949972489e-23, 2.42977441848e-23, 1.53229493967e-23, 3.00385926478e-23, 5.19131659687e-23, 5.17735060341e-23, 4.19140416061e-23, 8.34726540428e-23, 1.19108416762e-22, 1.46404783752e-22, 1.84884737133e-22, 2.70788534268e-22, 3.4537123078e-22, 4.08268966154e-22, 6.43845198238e-22, 8.51514989861e-22, 1.39472455871e-21, 1.94195794926e-21], "var": [3.18908677244e-10, 3.36813968715e-06, 7.19911759006e-06, 3.2827265386e-06, 4.85356504214e-05, 2.56303865172e-05, 2.11741753446e-05, 1.09700786197e-05, 1.9893186618e-06, 8.90303738288e-07, 1.89866295841e-06, 2.22721013188e-07, 1.9895108494e-07, 1.37935501243e-07, 1.76163695187e-07, 5.44432964489e-07, 3.62027236633e-07, 1.78410289209e-07, 2.80174194955e-08, 8.9525782343e-09, 4.9996300433e-09, 9.52928069786e-10, 1.05776387649e-10, 1.67453120814e-10, 9.560677805e-10, 4.07159861382e-09, 1.50463582566e-11]}, "erbbands": {"dmean": [0.0119780767709, 0.205977395177, 1.02807950974, 2.4037129879, 4.41985654831, 11.9559288025, 12.871629715, 11.842915535, 14.7079658508, 15.4978342056, 19.4787998199, 12.2036972046, 14.8208293915, 11.6258134842, 17.8487052917, 10.0357542038, 10.1143741608, 8.22697067261, 8.87768650055, 11.5199394226, 13.5911531448, 10.7542066574, 9.93843364716, 3.62642431259, 4.80047082901, 2.17169547081, 1.27431941032, 1.41931569576, 0.559317708015, 0.204655557871, 0.0964978709817, 0.152551919222, 0.052160512656, 0.0436934605241, 0.0586108490825, 0.136867120862, 0.0379689671099, 0.00225311075337, 0.000180468749022, 2.68281837634e-05], "dmean2": [0.0211386419833, 0.361011058092, 1.77931785583, 4.33095407486, 7.45975160599, 19.2341194153, 18.7268447876, 17.6890888214, 18.3783397675, 20.9847126007, 25.311422348, 18.3385391235, 22.112279892, 18.7773361206, 27.4613437653, 16.6854877472, 17.2755813599, 13.4062299728, 14.563668251, 18.8979625702, 21.402261734, 17.274181366, 16.4406013489, 5.88797807693, 8.0100774765, 3.63684463501, 2.02474355698, 2.54018473625, 0.9813606143, 0.338622748852, 0.161897152662, 0.258053570986, 0.078052572906, 0.0591606795788, 0.0824919566512, 0.213173493743, 0.0580329187214, 0.00337670161389, 0.000252643367276, 3.84016057069e-05], "dvar": [0.000812225043774, 0.30276170373, 6.7034869194, 26.7123279572, 65.4071426392, 543.343933105, 385.21194458, 314.880187988, 746.325134277, 1017.55145264, 1439.80432129, 514.714294434, 432.079620361, 371.600982666, 885.023986816, 331.715698242, 257.493682861, 159.488098145, 179.272125244, 239.709625244, 899.288024902, 344.650909424, 264.974243164, 22.8481369019, 59.2622756958, 12.9484786987, 4.03803253174, 13.8944377899, 1.77194607258, 0.161364525557, 0.0252520851791, 0.057011205703, 0.00714817969128, 0.0206834096462, 0.0396484583616, 0.128705382347, 0.0098431063816, 3.0950330256e-05, 2.06845967909e-07, 2.88489476752e-09], "dvar2": [0.00221483781934, 0.852784395218, 17.6561031342, 75.8151245117, 175.657394409, 1376.63464355, 747.189208984, 620.36151123, 992.122253418, 1670.65734863, 2115.12451172, 1111.48034668, 951.754272461, 871.367797852, 1818.22766113, 896.406860352, 671.776489258, 384.622802734, 429.068908691, 586.79675293, 2122.15649414, 836.068664551, 670.983093262, 54.5265655518, 158.566177368, 35.0287208557, 9.7994184494, 38.9477233887, 4.96736621857, 0.416694879532, 0.069223664701, 0.130361288786, 0.0165728107095, 0.0383918620646, 0.0751483812928, 0.293771624565, 0.0208710934967, 6.50878500892e-05, 3.83084909572e-07, 5.67555513697e-09], "max": [0.282339930534, 7.03617286682, 38.7729911804, 64.0561981201, 110.171638489, 413.074615479, 395.754699707, 575.766601562, 709.372619629, 729.01184082, 1035.15698242, 511.393341064, 305.483276367, 258.415985107, 446.631622314, 300.800720215, 255.664672852, 193.852478027, 212.77204895, 260.745269775, 523.604370117, 533.720947266, 430.892456055, 87.4566879272, 118.682754517, 40.3044433594, 42.4251289368, 30.4174213409, 12.026802063, 5.27106618881, 2.71110606194, 2.21560263634, 1.5764414072, 3.89249682426, 3.25605630875, 2.31081676483, 0.630295991898, 0.0350379161537, 0.00596070755273, 0.000842651876155], "mean": [0.013993578963, 0.291868418455, 1.59132599831, 3.17921638489, 8.76774215698, 33.6304931641, 43.0986480713, 35.3787612915, 38.4124565125, 34.9521903992, 42.3227729797, 26.1589164734, 27.8988304138, 21.462430954, 38.8930473328, 17.4385204315, 17.0641670227, 15.6150989532, 16.3413066864, 21.7417678833, 26.7989559174, 22.2638492584, 18.8794116974, 7.87127447128, 7.64321136475, 4.04490280151, 2.61869430542, 1.53273594379, 0.733319044113, 0.387912362814, 0.209946572781, 0.317788302898, 0.0968881994486, 0.0812512412667, 0.090613335371, 0.126546561718, 0.0357417203486, 0.00227168761194, 0.000231331141549, 5.25689538335e-05], "median": [0.00468017859384, 0.0988028198481, 0.698367714882, 2.17193651199, 4.61986351013, 21.7549285889, 29.7732887268, 18.7073554993, 16.4780654907, 14.6908445358, 19.7502212524, 14.8574829102, 15.7795505524, 12.4233875275, 16.7766265869, 10.1186542511, 9.59967327118, 8.89481544495, 10.82396698, 14.8042850494, 13.7548294067, 14.6217708588, 11.6116733551, 5.47459983826, 4.71966171265, 2.78608131409, 1.64268493652, 0.673266291618, 0.348044574261, 0.180704668164, 0.119210250676, 0.15049752593, 0.0460381656885, 0.0203603189439, 0.0100595653057, 0.00492578092963, 0.00100491335616, 0.000128333718749, 2.21196460188e-05, 3.04669538309e-05], "min": [5.98551872151e-23, 4.71325735887e-22, 2.3932930158e-21, 7.81886577123e-21, 1.47499954929e-20, 2.74464472606e-20, 6.60714779427e-20, 6.09164754405e-20, 1.28094553022e-19, 2.58853428947e-19, 1.5351619139e-19, 3.58697877044e-19, 7.12750204371e-19, 6.60760920595e-19, 8.45664273533e-19, 9.86966160902e-19, 1.61769416971e-18, 2.87803824978e-18, 3.26543898389e-18, 3.7200595165e-18, 2.36165152045e-18, 5.85600074474e-18, 5.57127028865e-18, 5.65773134218e-18, 6.98282463906e-18, 7.7537850941e-18, 9.59607265539e-18, 1.0347356138e-17, 1.33270782529e-17, 1.04335086532e-17, 1.26043291927e-17, 1.07015176532e-17, 1.11366601503e-17, 8.57176166798e-18, 6.18499859849e-18, 4.43938942566e-18, 2.53968643087e-18, 1.0008666209e-18, 2.5625579748e-19, 2.62324886258e-20], "var": [0.000680065073539, 0.271781295538, 7.98120069504, 19.7188358307, 105.718589783, 1272.10314941, 1970.73803711, 2265.96044922, 4883.1015625, 3865.96850586, 4754.4375, 1332.33679199, 1156.18383789, 715.960021973, 3290.1887207, 476.936676025, 485.359680176, 377.920959473, 349.682373047, 520.70703125, 2222.55102539, 689.987182617, 559.50579834, 61.6452674866, 82.4226608276, 18.5203990936, 8.88326740265, 9.51471424103, 1.43671047688, 0.332443505526, 0.0790934860706, 0.142457023263, 0.0185511335731, 0.0491686090827, 0.0885391756892, 0.127652511001, 0.0105431964621, 3.43472165696e-05, 4.13884777117e-07, 5.38533306838e-09]}, "gfcc": {"mean": [-40.4788627625, 130.43888855, -134.117324829, 16.2711238861, -53.5904006958, -15.0128774643, -44.1622085571, -0.635823905468, -27.0270404816, -7.3341960907, -15.2596998215, -2.34322023392, -5.07080936432], "cov": [[26337.2109375, 2000.15991211, -2331.02880859, 34.9563865662, -791.695617676, -35.0621376038, -956.63269043, 172.782531738, -620.641174316, 40.67420578, -416.905700684, 127.513824463, -174.616912842], [2000.15991211, 1182.06774902, -677.920227051, 261.870147705, -18.0399589539, -81.4284057617, 77.2505645752, -129.974411011, 137.534011841, -123.379234314, 131.276382446, -117.400382996, 138.800430298], [-2331.02880859, -677.920227051, 747.050109863, -174.394012451, 119.852493286, 111.385940552, 30.3988780975, 79.3700637817, -56.3469047546, 79.582824707, -65.5424728394, 41.2791061401, -104.33265686], [34.9563865662, 261.870147705, -174.394012451, 359.01083374, 1.71770524979, -1.12756764889, 83.9114837646, -60.0010185242, 86.1477355957, -40.1227912903, 43.3367195129, -56.3776741028, 80.5060348511], [-791.695617676, -18.0399589539, 119.852493286, 1.71770524979, 210.509216309, 22.9681491852, 58.895690918, 12.9529953003, 28.6589832306, 11.7741680145, 12.2903642654, 15.4659261703, 11.6805152893], [-35.0621376038, -81.4284057617, 111.385940552, -1.12756764889, 22.9681491852, 118.717819214, 33.4655303955, 24.4541397095, -8.3714799881, 13.5451793671, -1.39001989365, 12.7331085205, -11.2183914185], [-956.63269043, 77.2505645752, 30.3988780975, 83.9114837646, 58.895690918, 33.4655303955, 147.629150391, -13.1880846024, 65.5133590698, -6.63505601883, 51.4190483093, -16.2342357635, 49.1830291748], [172.782531738, -129.974411011, 79.3700637817, -60.0010185242, 12.9529953003, 24.4541397095, -13.1880846024, 85.2934417725, -20.4462413788, 23.6056976318, -23.2569351196, 35.4178276062, -35.7522850037], [-620.641174316, 137.534011841, -56.3469047546, 86.1477355957, 28.6589832306, -8.3714799881, 65.5133590698, -20.4462413788, 114.160057068, 0.875673651695, 52.8639259338, -37.4018211365, 45.5983123779], [40.67420578, -123.379234314, 79.582824707, -40.1227912903, 11.7741680145, 13.5451793671, -6.63505601883, 23.6056976318, 0.875673651695, 74.1111755371, -3.59138655663, 16.5599250793, -24.2654361725], [-416.905700684, 131.276382446, -65.5424728394, 43.3367195129, 12.2903642654, -1.39001989365, 51.4190483093, -23.2569351196, 52.8639259338, -3.59138655663, 89.2026367188, 4.75163507462, 44.0468444824], [127.513824463, -117.400382996, 41.2791061401, -56.3776741028, 15.4659261703, 12.7331085205, -16.2342357635, 35.4178276062, -37.4018211365, 16.5599250793, 4.75163507462, 88.035118103, 6.21879816055], [-174.616912842, 138.800430298, -104.33265686, 80.5060348511, 11.6805152893, -11.2183914185, 49.1830291748, -35.7522850037, 45.5983123779, -24.2654361725, 44.0468444824, 6.21879816055, 95.7352752686]], "icov": [[0.000205352334888, -0.000588991446421, 0.000456914509414, -0.000196622480871, 0.000265785201918, -0.000663971644826, 0.000787361699622, -0.00061791180633, 0.000950384477619, -0.00124097347725, 0.00104014296085, -0.000393642636482, -7.39002498449e-05], [-0.000588991446421, 0.0045274537988, 0.000969902670477, 0.000596908677835, -0.00187672651373, 0.00142365461215, -0.00250037852675, 0.00206271838397, -0.00270118773915, 0.00527829723433, -0.00518670119345, 0.00378119223751, 0.000132509550895], [0.000456914509414, 0.000969902670477, 0.00532413972542, 0.000330497452524, -0.00123233138584, -0.00321178580634, -2.57531155512e-05, -0.000680233119056, 0.00211111572571, -0.00260663987137, 0.00214748317376, 0.000440805481048, 0.00180185306817], [-0.000196622480871, 0.000596908677835, 0.000330497452524, 0.00473246909678, -0.000172333573573, -0.000323941174429, -0.00217869225889, 0.00167094729841, -0.00249938294291, 0.00179381342605, 0.000131234148284, 0.00166916742455, -0.00164084858261], [0.000265785201918, -0.00187672651373, -0.00123233138584, -0.000172333573573, 0.00692521128803, -0.000391860521631, -0.000904802407604, -0.000806095835287, -0.000699369586073, -0.00197841087356, 0.00309706898406, -0.00350887421519, -8.47593983053e-05], [-0.000663971644826, 0.00142365461215, -0.00321178580634, -0.000323941174429, -0.000391860521631, 0.0134436544031, -0.00541583076119, -0.000520830450114, -0.000802284455858, 0.00316262664273, -0.00390346162021, 0.00072367786197, 0.000640725309495], [0.000787361699622, -0.00250037852675, -2.57531155512e-05, -0.00217869225889, -0.000904802407604, -0.00541583076119, 0.0172104910016, -0.00446421420202, 0.00133356731385, -0.00389894191176, -0.000997386057861, 0.0017927242443, -0.00544879445806], [-0.00061791180633, 0.00206271838397, -0.000680233119056, 0.00167094729841, -0.000806095835287, -0.000520830450114, -0.00446421420202, 0.0233341660351, -0.00894337520003, 0.00333323096856, 0.00296824937686, -0.0101945800707, 0.00918189622462], [0.000950384477619, -0.00270118773915, 0.00211111572571, -0.00249938294291, -0.000699369586073, -0.000802284455858, 0.00133356731385, -0.00894337520003, 0.0270105507225, -0.0110647557303, -0.00485549913719, 0.0109064653516, -0.00812548678368], [-0.00124097347725, 0.00527829723433, -0.00260663987137, 0.00179381342605, -0.00197841087356, 0.00316262664273, -0.00389894191176, 0.00333323096856, -0.0110647557303, 0.0266781337559, -0.00786034483463, -0.000630638678558, 0.00528396014124], [0.00104014296085, -0.00518670119345, 0.00214748317376, 0.000131234148284, 0.00309706898406, -0.00390346162021, -0.000997386057861, 0.00296824937686, -0.00485549913719, -0.00786034483463, 0.0292656496167, -0.0128765609115, 0.000124569880427], [-0.000393642636482, 0.00378119223751, 0.000440805481048, 0.00166916742455, -0.00350887421519, 0.00072367786197, 0.0017927242443, -0.0101945800707, 0.0109064653516, -0.000630638678558, -0.0128765609115, 0.0291193369776, -0.0126602984965], [-7.39002498449e-05, 0.000132509550895, 0.00180185306817, -0.00164084858261, -8.47593983053e-05, 0.000640725309495, -0.00544879445806, 0.00918189622462, -0.00812548678368, 0.00528396014124, 0.000124569880427, -0.0126602984965, 0.0257502235472]]}, "melbands": {"dmean": [0.000151603293489, 0.00044399217586, 0.000449908111477, 0.000541167450137, 0.000487919169245, 0.000257665204117, 0.000219582812861, 0.000169938371982, 0.000149375933688, 7.16397553333e-05, 7.36577130738e-05, 4.75586384709e-05, 6.69560249662e-05, 3.16546829708e-05, 2.3033357138e-05, 1.68065434991e-05, 1.69843551703e-05, 1.40417369039e-05, 1.37768192872e-05, 1.55151392391e-05, 1.73698281287e-05, 1.03817492345e-05, 1.91145827557e-05, 4.71675548397e-06, 3.01547697745e-06, 4.14584656028e-06, 2.45667911258e-06, 1.31112119561e-06, 9.52958146172e-07, 7.51568848045e-07, 9.40888412515e-07, 3.58142443702e-07, 1.7925427187e-07, 9.36541297847e-08, 5.09755970768e-08, 1.02413736158e-07, 7.67120695855e-08, 4.35278835198e-08, 2.59901113964e-08, 4.03655704417e-08], "dmean2": [0.000269201060291, 0.000772435800172, 0.000802447961178, 0.000875334371813, 0.000729335879441, 0.000382973114029, 0.000271976314252, 0.000231662081205, 0.000196533641429, 0.000109935543151, 0.000110179673356, 7.7454962593e-05, 0.000103741927887, 5.1849277952e-05, 3.86869833164e-05, 2.84476300294e-05, 2.77676481346e-05, 2.29540091823e-05, 2.24621417146e-05, 2.51196943282e-05, 2.77441886283e-05, 1.68662463693e-05, 3.13067721436e-05, 7.94145307736e-06, 4.91216451337e-06, 6.87271085553e-06, 4.23058691013e-06, 2.16843864109e-06, 1.54389226736e-06, 1.25239080262e-06, 1.71868873622e-06, 6.34343905404e-07, 2.88485125566e-07, 1.59265383104e-07, 8.56602895283e-08, 1.76942918984e-07, 1.2693956819e-07, 6.97466262523e-08, 3.8652338219e-08, 5.59541319944e-08], "dvar": [1.5329044345e-07, 1.24792882161e-06, 8.04951412192e-07, 1.1320574913e-06, 5.32787737484e-07, 1.33856687512e-07, 1.69060356825e-07, 1.24589575989e-07, 8.08217919257e-08, 1.78410708429e-08, 1.07831397145e-08, 6.6595458037e-09, 1.24921966105e-08, 3.37193828415e-09, 9.94595850123e-10, 6.78421929745e-10, 7.50098427815e-10, 4.30369295756e-10, 3.04489572445e-10, 4.26604945813e-10, 1.14122633565e-09, 2.59513494028e-10, 1.08988551517e-09, 4.00372686393e-11, 1.73390052316e-11, 4.13190662241e-11, 2.46579007213e-11, 4.07028534141e-12, 2.82308443116e-12, 1.49169424642e-12, 7.23473451286e-12, 7.59446975793e-13, 9.05787285997e-14, 3.60193001998e-14, 9.2739790863e-15, 2.44161312804e-14, 1.33651050229e-14, 6.38340334435e-15, 3.16976796576e-15, 2.46815812417e-14], "dvar2": [4.2671592837e-07, 3.33641833095e-06, 2.25386656894e-06, 2.96736607197e-06, 1.21669359032e-06, 2.58295074218e-07, 2.19704830329e-07, 2.09188669942e-07, 1.20250177815e-07, 3.90967009878e-08, 2.39182025297e-08, 1.5746376647e-08, 2.60819863485e-08, 9.0890175386e-09, 2.66622723899e-09, 1.67680269669e-09, 1.83894033334e-09, 1.03586972333e-09, 7.34621641296e-10, 9.91717374887e-10, 2.73456790545e-09, 6.36394825726e-10, 2.74017275537e-09, 1.02975288019e-10, 4.13902315199e-11, 1.08679537592e-10, 6.86081608192e-11, 1.08669575075e-11, 6.8524751845e-12, 3.92828955129e-12, 2.05032015671e-11, 2.13402060779e-12, 2.31356817385e-13, 9.63610091785e-14, 2.65873477748e-14, 6.07434363768e-14, 2.86871898849e-14, 1.59109226852e-14, 8.05698078241e-15, 4.57292590025e-14], "max": [0.00488183042035, 0.0150318089873, 0.00975574366748, 0.0187795050442, 0.0112231317908, 0.0110973203555, 0.0108133032918, 0.00827254820615, 0.00793396867812, 0.00274440296926, 0.00152463407721, 0.00114497402683, 0.00198887754232, 0.000881063228007, 0.000476062909001, 0.000552411482204, 0.000445352372481, 0.000321450643241, 0.000277253886452, 0.000304276734823, 0.000564974325243, 0.000414516136516, 0.000671561516356, 0.000107392479549, 7.95566884335e-05, 0.000116861665447, 5.35503786523e-05, 2.65316393779e-05, 3.99935888709e-05, 1.1658904441e-05, 2.06582244573e-05, 7.86396412877e-06, 3.78305571758e-06, 2.39490441345e-06, 1.67225698533e-06, 1.50220228079e-06, 1.22278800063e-06, 1.0993998103e-06, 1.19498156437e-06, 4.1958210204e-06], "mean": [0.000200548005523, 0.00069160113344, 0.000640202895738, 0.00145412271377, 0.00163185293786, 0.000792755919974, 0.00056490721181, 0.000381723366445, 0.000321545754559, 0.000149973871885, 0.000135099733598, 7.98282271717e-05, 0.000137058421387, 5.57742459932e-05, 3.96404902858e-05, 2.89441777568e-05, 2.97431815852e-05, 2.43591057369e-05, 2.54985079664e-05, 2.98265367746e-05, 3.13665150316e-05, 2.00848971872e-05, 3.13543605444e-05, 8.94243021321e-06, 5.65258233109e-06, 6.45652198727e-06, 3.56074087904e-06, 2.43074168793e-06, 1.80303425168e-06, 1.14427200515e-06, 8.31263093914e-07, 4.23535738037e-07, 3.16433016678e-07, 1.676299064e-07, 1.00328371389e-07, 2.00680588591e-07, 1.6309255102e-07, 6.88597410203e-08, 4.96623826507e-08, 7.28070617129e-08], "median": [7.19330419088e-05, 0.000316287507303, 0.000442366639618, 0.000912532501388, 0.00127995340154, 0.000441651733126, 0.000235997562413, 0.000168034952367, 0.000158388822456, 7.94576335466e-05, 7.4630297604e-05, 4.23844649049e-05, 5.82145585213e-05, 2.69993397524e-05, 2.53945727309e-05, 1.63998229255e-05, 1.53561668412e-05, 1.54446224769e-05, 1.77523652383e-05, 1.91991093743e-05, 1.622394484e-05, 1.41519249155e-05, 1.62345313584e-05, 6.19003367319e-06, 3.46438423549e-06, 3.72859904019e-06, 2.17424553739e-06, 1.67640700965e-06, 1.07032724372e-06, 6.266122341e-07, 2.72338525065e-07, 1.82011007155e-07, 1.63240869711e-07, 6.88969876705e-08, 4.29935695934e-08, 1.01506849148e-07, 7.50398001514e-08, 3.02071043734e-08, 1.82637709401e-08, 1.48954804047e-08], "min": [8.40490766784e-25, 1.44486905514e-24, 1.56516186293e-24, 1.00604999104e-24, 2.0112415042e-24, 1.76085547516e-24, 1.93658666636e-24, 2.60592863633e-24, 1.31993547725e-24, 1.79601224469e-24, 3.41248803039e-24, 2.32906843532e-24, 3.78035240873e-24, 1.52844729033e-24, 3.42447911058e-24, 3.74742969328e-24, 4.51818347971e-24, 4.92826808813e-24, 4.95544513517e-24, 3.05491355371e-24, 2.44206013821e-24, 5.44386994236e-24, 4.16624620305e-24, 5.39832979116e-24, 4.09219898532e-24, 5.10509204889e-24, 4.00079603882e-24, 4.91356332642e-24, 4.80946681909e-24, 4.35159183375e-24, 6.56609321094e-24, 5.59160386839e-24, 5.61623723344e-24, 5.76922615639e-24, 7.10402140651e-24, 6.46260767638e-24, 5.66038504514e-24, 7.67324292534e-24, 7.17561684455e-24, 5.97833385527e-24], "var": [1.34297991394e-07, 1.33584603645e-06, 6.46866283205e-07, 2.37797962654e-06, 1.96759697246e-06, 9.69218604041e-07, 1.1132472082e-06, 4.68288050115e-07, 2.66540183702e-07, 4.78302766282e-08, 2.83024732539e-08, 1.20118945901e-08, 3.87798486656e-08, 6.73711264554e-09, 1.93933646919e-09, 1.42492484478e-09, 1.66172287042e-09, 8.25170376473e-10, 6.74265532297e-10, 1.19402532306e-09, 2.70195199548e-09, 4.8736426006e-10, 1.98265515117e-09, 8.53130968648e-11, 4.26387501695e-11, 6.53967227593e-11, 2.19312588923e-11, 6.62450129474e-12, 5.21535852699e-12, 2.14532818593e-12, 4.51142205191e-12, 5.79722359527e-13, 1.80330238047e-13, 7.14260193959e-14, 2.8062702986e-14, 5.31889663606e-14, 3.76974147699e-14, 1.04931898403e-14, 8.94938166136e-15, 5.57298653026e-14]}, "mfcc": {"mean": [-668.711669922, 162.840103149, -25.367483139, 27.3775463104, -0.660637259483, -10.2950143814, -10.5022821426, -4.71740531921, -7.19645738602, -6.59062004089, -13.264591217, -1.65894520283, -6.14729785919], "cov": [[7889.73193359, 1669.09521484, -502.878753662, 236.220108032, 23.9004745483, -51.3251152039, -66.9897079468, 16.2674350739, -2.16719889641, -68.6210250854, -109.380996704, 40.616191864, 9.72492027283], [1669.09521484, 1106.12194824, -305.597747803, 131.457138062, 23.0337429047, 0.229389861226, -12.959025383, 12.6094484329, -7.82832527161, -10.3333396912, -32.4483947754, 40.0405464172, -19.7152385712], [-502.878753662, -305.597747803, 330.696716309, -76.1912231445, -1.8214943409, 13.0463609695, 30.9586296082, -4.77118444443, -7.03432130814, 19.5627307892, 31.1755981445, -30.4656887054, -15.4526004791], [236.220108032, 131.457138062, -76.1912231445, 234.884368896, 17.3450317383, 55.6906051636, -2.58896422386, 2.49442315102, 45.7082061768, -8.56513118744, 14.7906455994, 0.499708384275, 8.25755023956], [23.9004745483, 23.0337429047, -1.8214943409, 17.3450317383, 101.737792969, 11.2824296951, 9.32907676697, 11.8068523407, 5.63230991364, 7.74410295486, -6.53942489624, 9.01093101501, -9.20552349091], [-51.3251152039, 0.229389861226, 13.0463609695, 55.6906051636, 11.2824296951, 108.01625061, 34.7562904358, 5.53404760361, 28.988368988, -0.0467647053301, 35.1576042175, -9.8443441391, 8.11458683014], [-66.9897079468, -12.959025383, 30.9586296082, -2.58896422386, 9.32907676697, 34.7562904358, 78.4237060547, 32.0174636841, 5.16119098663, 3.01857805252, 4.3442735672, -0.825250387192, -2.82210373878], [16.2674350739, 12.6094484329, -4.77118444443, 2.49442315102, 11.8068523407, 5.53404760361, 32.0174636841, 69.5840606689, 12.0527935028, -0.916436731815, -13.8543987274, 10.5298032761, -2.77394151688], [-2.16719889641, -7.82832527161, -7.03432130814, 45.7082061768, 5.63230991364, 28.988368988, 5.16119098663, 12.0527935028, 66.7390213013, 4.69982004166, 22.1670131683, -9.67822170258, 9.1304359436], [-68.6210250854, -10.3333396912, 19.5627307892, -8.56513118744, 7.74410295486, -0.0467647053301, 3.01857805252, -0.916436731815, 4.69982004166, 66.9737319946, 18.119884491, 1.95141029358, -17.65001297], [-109.380996704, -32.4483947754, 31.1755981445, 14.7906455994, -6.53942489624, 35.1576042175, 4.3442735672, -13.8543987274, 22.1670131683, 18.119884491, 103.114097595, -6.60405492783, 11.3920793533], [40.616191864, 40.0405464172, -30.4656887054, 0.499708384275, 9.01093101501, -9.8443441391, -0.825250387192, 10.5298032761, -9.67822170258, 1.95141029358, -6.60405492783, 69.7645568848, 12.432091713], [9.72492027283, -19.7152385712, -15.4526004791, 8.25755023956, -9.20552349091, 8.11458683014, -2.82210373878, -2.77394151688, 9.1304359436, -17.65001297, 11.3920793533, 12.432091713, 69.3309936523]], "icov": [[0.000191209619516, -0.000286127789877, -7.92209721112e-06, -4.41153606516e-05, -3.28052783516e-06, 8.91331364983e-05, 7.94697698439e-05, -2.39109813265e-05, -4.82456489408e-05, 8.87712521944e-05, 9.76006267592e-05, 8.8069398771e-05, -0.000116162831546], [-0.000286127789877, 0.00172426144127, 0.00114345946349, -0.000406007660786, -0.000112022426038, -0.000135153284646, -0.000338611309417, -2.34054223256e-05, 0.00060304015642, -0.000142579447129, -0.000218497676542, -0.000403684447519, 0.000812465616036], [-7.92209721112e-06, 0.00114345946349, 0.00472752377391, 0.000850684009492, -0.000267284631263, -0.000302054570056, -0.00157352385577, 0.000406328035751, 0.000680980214383, -0.000527812633663, -0.0010809279047, 0.00115134357475, 0.000977809191681], [-4.41153606516e-05, -0.000406007660786, 0.000850684009492, 0.0061694891192, -0.000579509884119, -0.00285023450851, 0.00112375139724, 0.000383517908631, -0.00323594268411, 0.0007318223943, 0.000136700284202, -0.000296992890071, 0.000306516041746], [-3.28052783516e-06, -0.000112022426038, -0.000267284631263, -0.000579509884119, 0.0106666348875, -0.00110980041791, -0.000268001749646, -0.000961617799476, -0.000589324976318, -0.00110465823673, 0.00112640461884, -0.00162854185328, 0.00137816905044], [8.91331364983e-05, -0.000135153284646, -0.000302054570056, -0.00285023450851, -0.00110980041791, 0.0152054205537, -0.00696707936004, 0.00188838108443, -0.00302272033878, 0.00118582462892, -0.00354364328086, 0.00119861029088, -0.000846543814987], [7.94697698439e-05, -0.000338611309417, -0.00157352385577, 0.00112375139724, -0.000268001749646, -0.00696707936004, 0.0201701838523, -0.00919917784631, 0.00220227823593, -0.000579161744099, 0.000213139283005, 0.000457969290437, 8.62175584189e-05], [-2.39109813265e-05, -2.34054223256e-05, 0.000406328035751, 0.000383517908631, -0.000961617799476, 0.00188838108443, -0.00919917784631, 0.0208040736616, -0.00571839697659, 0.000712490873411, 0.00302158622071, -0.00339678674936, 0.00119787070435], [-4.82456489408e-05, 0.00060304015642, 0.000680980214383, -0.00323594268411, -0.000589324976318, -0.00302272033878, 0.00220227823593, -0.00571839697659, 0.0217063147575, -0.00215758755803, -0.00321628525853, 0.00379085773602, -0.00270730140619], [8.87712521944e-05, -0.000142579447129, -0.000527812633663, 0.0007318223943, -0.00110465823673, 0.00118582462892, -0.000579161744099, 0.000712490873411, -0.00215758755803, 0.0180203970522, -0.003675454529, -0.00210846564732, 0.00531538249925], [9.76006267592e-05, -0.000218497676542, -0.0010809279047, 0.000136700284202, 0.00112640461884, -0.00354364328086, 0.000213139283005, 0.00302158622071, -0.00321628525853, -0.003675454529, 0.0132971545681, -0.000177499270649, -0.002304345835], [8.8069398771e-05, -0.000403684447519, 0.00115134357475, -0.000296992890071, -0.00162854185328, 0.00119861029088, 0.000457969290437, -0.00339678674936, 0.00379085773602, -0.00210846564732, -0.000177499270649, 0.0172712672502, -0.00441277213395], [-0.000116162831546, 0.000812465616036, 0.000977809191681, 0.000306516041746, 0.00137816905044, -0.000846543814987, 8.62175584189e-05, 0.00119787070435, -0.00270730140619, 0.00531538249925, -0.002304345835, -0.00441277213395, 0.0180654451251]]}, "spectral_contrast_coeffs": {"dmean": [0.0421656407416, 0.038897972554, 0.0373335443437, 0.0317068845034, 0.0227859765291, 0.0185479987413], "dmean2": [0.0698211863637, 0.0620930567384, 0.060106638819, 0.0516318492591, 0.0368310883641, 0.0303512942046], "dvar": [0.00130005832762, 0.00103257817682, 0.00100337713957, 0.000690415676218, 0.000360161851859, 0.000392990827095], "dvar2": [0.00340983574279, 0.0025169767905, 0.00237044901587, 0.00181668344885, 0.00087245850591, 0.000972934416495], "max": [-0.296128362417, -0.390065938234, -0.545344352722, -0.533569514751, -0.625790715218, -0.625589847565], "mean": [-0.548950374126, -0.69048833847, -0.741105020046, -0.747338294983, -0.757336080074, -0.741710305214], "median": [-0.546038269997, -0.694582700729, -0.743175446987, -0.743789434433, -0.753642082214, -0.740573763847], "min": [-0.975413203239, -0.983231902122, -0.983134746552, -0.981359779835, -0.986504435539, -0.964364528656], "var": [0.00708605255932, 0.00642874883488, 0.00460674474016, 0.00351643632166, 0.00226670270786, 0.00180767348502]}, "spectral_contrast_valleys": {"dmean": [0.432910203934, 0.317383736372, 0.355811059475, 0.272165238857, 0.254869103432, 0.259414613247], "dmean2": [0.70677036047, 0.513711869717, 0.568513572216, 0.436912745237, 0.376216292381, 0.344428479671], "dvar": [0.212516844273, 0.128335699439, 0.173654854298, 0.119892790914, 0.