{"lowlevel": {"average_loudness": 0.802693247795, "barkbands_crest": {"dmean": 2.4387755394, "dmean2": 3.75433850288, "dvar": 8.14751529694, "dvar2": 19.0981006622, "max": 26.2677001953, "mean": 14.2911481857, "median": 15.072259903, "min": 2.10741829872, "var": 34.8125610352}, "barkbands_flatness_db": {"dmean": 0.0303431041539, "dmean2": 0.0448604039848, "dvar": 0.00124231306836, "dvar2": 0.00275107775815, "max": 0.656800448895, "mean": 0.1392467767, "median": 0.129470869899, "min": 0.0103068668395, "var": 0.00570884207264}, "barkbands_kurtosis": {"dmean": 10.2518854141, "dmean2": 16.2926998138, "dvar": 772.06427002, "dvar2": 1904.25683594, "max": 1001.37670898, "mean": 15.3869838715, "median": 5.03964710236, "min": -1.92312920094, "var": 1753.31213379}, "barkbands_skewness": {"dmean": 0.995293319225, "dmean2": 1.50945985317, "dvar": 1.8100913763, "dvar2": 4.27033758163, "max": 25.0429363251, "mean": 2.76939892769, "median": 2.37051534653, "min": -14.1191978455, "var": 5.5348739624}, "barkbands_spread": {"dmean": 8.81644916534, "dmean2": 13.5998010635, "dvar": 118.243965149, "dvar2": 284.068450928, "max": 146.308853149, "mean": 27.1197052002, "median": 23.7786750793, "min": 0.109322674572, "var": 338.538391113}, "dissonance": {"dmean": 0.0129665788263, "dmean2": 0.0221119541675, "dvar": 0.000443932367489, "dvar2": 0.00124563649297, "max": 0.500000178814, "mean": 0.48006233573, "median": 0.487570464611, "min": 0.196419432759, "var": 0.000805348507129}, "dynamic_complexity": 3.69030880928, "erbbands_crest": {"dmean": 1.97369194031, "dmean2": 3.22792625427, "dvar": 4.46196508408, "dvar2": 11.0875024796, "max": 29.7274646759, "mean": 6.67824077606, "median": 5.62528324127, "min": 2.00067257881, "var": 12.9751472473}, "erbbands_flatness_db": {"dmean": 0.0148581387475, "dmean2": 0.022928642109, "dvar": 0.000441062293248, "dvar2": 0.000924339459743, "max": 0.624781250954, "mean": 0.104115799069, "median": 0.0891631692648, "min": 0.029129082337, "var": 0.00332314544357}, "erbbands_kurtosis": {"dmean": 1.18605852127, "dmean2": 1.88389849663, "dvar": 83.5782546997, "dvar2": 182.810592651, "max": 452.123077393, "mean": 1.25202715397, "median": -0.49679005146, "min": -1.90318918228, "var": 365.168914795}, "erbbands_skewness": {"dmean": 0.338926017284, "dmean2": 0.531972765923, "dvar": 0.210090771317, "dvar2": 0.47124171257, "max": 18.4691047668, "mean": -0.0538930147886, "median": -0.159478157759, "min": -5.30449342728, "var": 1.11513257027}, "erbbands_spread": {"dmean": 11.2540159225, "dmean2": 17.415687561, "dvar": 159.439300537, "dvar2": 358.039886475, "max": 160.597106934, "mean": 57.5756072998, "median": 55.8226394653, "min": 0.436846494675, "var": 603.917419434}, "hfc": {"dmean": 12.7872037888, "dmean2": 18.0678520203, "dvar": 556.763244629, "dvar2": 1167.65539551, "max": 282.526611328, "mean": 30.5849494934, "median": 18.305437088, "min": 1.12987961531e-16, "var": 1458.56542969}, "melbands_crest": {"dmean": 2.93250417709, "dmean2": 4.6437997818, "dvar": 13.2051525116, "dvar2": 31.2833385468, "max": 38.0110397339, "mean": 21.7611942291, "median": 22.7043170929, "min": 1.82101309299, "var": 65.7810134888}, "melbands_flatness_db": {"dmean": 0.0356581173837, "dmean2": 0.0522419475019, "dvar": 0.00167132203933, "dvar2": 0.00374548672698, "max": 0.79531365633, "mean": 0.221138432622, "median": 0.218522042036, "min": 0.00434173084795, "var": 0.00847513508052}, "melbands_kurtosis": {"dmean": 28.9797554016, "dmean2": 45.5506820679, "dvar": 3074.35546875, "dvar2": 7694.14257812, "max": 1138.25476074, "mean": 52.9945983887, "median": 26.5383300781, "min": -1.76804590225, "var": 5480.25537109}, "melbands_skewness": {"dmean": 1.47964084148, "dmean2": 2.24385976791, "dvar": 3.50240635872, "dvar2": 7.81722307205, "max": 23.8215293884, "mean": 5.3220281601, "median": 4.62724018097, "min": -11.8201751709, "var": 12.4173202515}, "melbands_spread": {"dmean": 8.54285907745, "dmean2": 13.4036149979, "dvar": 214.008087158, "dvar2": 510.114379883, "max": 208.68460083, "mean": 21.9328536987, "median": 13.9273710251, "min": 0.139635667205, "var": 627.281738281}, "pitch_salience": {"dmean": 0.0770687907934, "dmean2": 0.11974645406, "dvar": 0.00799077190459, "dvar2": 0.018335102126, "max": 0.960708796978, "mean": 0.435732334852, "median": 0.395338594913, "min": 0.0199388004839, "var": 0.0373369455338}, "silence_rate_20dB": {"dmean": 0, "dmean2": 0, "dvar": 0, "dvar2": 0, "max": 1, "mean": 1, "median": 1, "min": 1, "var": 0}, "silence_rate_30dB": {"dmean": 0.0572981536388, "dmean2": 0.114609286189, "dvar": 0.0540182963014, "dvar2": 0.118232645094, "max": 1, "mean": 0.87749093771, "median": 1, "min": 0, "var": 0.107505887747}, "silence_rate_60dB": {"dmean": 0.0317064896226, "dmean2": 0.0634201616049, "dvar": 0.0307027604431, "dvar2": 0.0680097788572, "max": 1, "mean": 0.122622281313, "median": 0, "min": 0, "var": 0.107578553259}, "spectral_centroid": {"dmean": 342.701721191, "dmean2": 536.553466797, "dvar": 198394.1875, "dvar2": 435094.25, "max": 11782.0332031, "mean": 1887.57141113, "median": 1808.14868164, "min": 126.301399231, "var": 817646.1875}, "spectral_complexity": {"dmean": 5.54795598984, "dmean2": 7.95311450958, "dvar": 43.573841095, "dvar2": 79.5480728149, "max": 65, "mean": 19.777513504, "median": 17, "min": 0, "var": 195.744812012}, "spectral_decrease": {"dmean": 3.9651677497e-09, "dmean2": 6.06046413054e-09, "dvar": 5.55109229294e-17, "dvar2": 1.4072446567e-16, "max": 1.48058745819e-10, "mean": -1.39425111456e-08, "median": -1.1757327556e-08, "min": -9.28415815338e-08, "var": 1.68043144338e-16}, "spectral_energy": {"dmean": 0.0156310144812, "dmean2": 0.0237090438604, "dvar": 0.00080205174163, "dvar2": 0.00201625586487, "max": 0.35286962986, "mean": 0.0553963929415, "median": 0.0467956662178, "min": 1.01406535063e-20, "var": 0.0025304662995}, "spectral_energyband_high": {"dmean": 0.00102225760929, "dmean2": 0.0014970843913, "dvar": 3.91217963625e-06, "dvar2": 8.93930337043e-06, "max": 0.0282769929618, "mean": 0.00218819477595, "median": 0.00103894574568, "min": 7.0909565257e-21, "var": 8.99238602869e-06}, "spectral_energyband_low": {"dmean": 0.0136181209236, "dmean2": 0.0212945826352, "dvar": 0.000819919572677, "dvar2": 0.002120281104, "max": 0.345329791307, "mean": 0.0436247065663, "median": 0.0362313836813, "min": 2.23865219603e-23, "var": 0.00215402361937}, "spectral_energyband_middle_high": {"dmean": 0.00203952309676, "dmean2": 0.00299404026009, "dvar": 1.7072985429e-05, "dvar2": 3.24450375047e-05, "max": 0.070932045579, "mean": 0.00432670721784, "median": 0.00206158822402, "min": 1.16442473323e-21, "var": 4.95748172398e-05}, "spectral_energyband_middle_low": {"dmean": 0.00328796869144, "dmean2": 0.00520336581394, "dvar": 6.76574272802e-05, "dvar2": 0.000162776195793, "max": 0.1153870821, "mean": 0.00596526451409, "median": 0.00407809810713, "min": 1.96869818825e-22, "var": 7.23987905076e-05}, "spectral_entropy": {"dmean": 0.143644139171, "dmean2": 0.220542639494, "dvar": 0.0407423749566, "dvar2": 0.0905016288161, "max": 9.80918312073, "mean": 8.01665687561, "median": 8.08247089386, "min": 2.89428257942, "var": 0.236052751541}, "spectral_flux": {"dmean": 0.0318453647196, "dmean2": 0.0491563826799, "dvar": 0.00183795148041, "dvar2": 0.00414625555277, "max": 0.43614962697, "mean": 0.0853009447455, "median": 0.0636229068041, "min": 6.56598594939e-11, "var": 0.00480062514544}, "spectral_kurtosis": {"dmean": 0.843707978725, "dmean2": 1.34694743156, "dvar": 6.17285966873, "dvar2": 13.2182407379, "max": 149.301330566, "mean": 3.27578163147, "median": 2.50588965416, "min": -1.34167253971, "var": 31.2778930664}, "spectral_rms": {"dmean": 0.00094540551072, "dmean2": 0.00139749317896, "dvar": 1.94820290744e-06, "dvar2": 4.62730395157e-06, "max": 0.0185543261468, "mean": 0.00647808844224, "median": 0.00675679696724, "min": 3.14536504481e-12, "var": 1.20797640193e-05}, "spectral_rolloff": {"dmean": 695.383911133, "dmean2": 1154.52697754, "dvar": 2109319.75, "dvar2": 4960491, "max": 20478.0761719, "mean": 1583.72583008, "median": 516.796875, "min": 43.06640625, "var": 6584034.5}, "spectral_skewness": {"dmean": 0.151012644172, "dmean2": 0.235329806805, "dvar": 0.0471093505621, "dvar2": 0.103987924755, "max": 10.7619810104, "mean": 1.32527971268, "median": 1.25572967529, "min": -1.18908441067, "var": 0.319738507271}, "spectral_spread": {"dmean": 625244.4375, "dmean2": 976448.125, "dvar": 1305205800960.0, "dvar2": 2641485365250.0, "max": 42957864, "mean": 6219959.5, "median": 6233823.5, "min": 833342.75, "var": 5251013804030.0}, "spectral_strongpeak": {"dmean": 0.160450711846, "dmean2": 0.268948554993, "dvar": 0.10071760416, "dvar2": 0.26948979497, "max": 7.56092214584, "mean": 0.437378168106, "median": 0.367606818676, "min": 0, "var": 0.128959313035}, "zerocrossingrate": {"dmean": 0.0152793163434, "dmean2": 0.0182811282575, "dvar": 0.000408807303756, "dvar2": 0.000613822136074, "max": 0.703125, "mean": 0.0719598382711, "median": 0.0537109375, "min": 0.001953125, "var": 0.00453177792951}, "barkbands": {"dmean": [0.00162764359266, 0.0121359191835, 0.0025315892417, 0.00161495956127, 0.00104376452509, 0.000475752342027, 0.000408346008044, 0.000269270763965, 0.000423390913056, 0.000312546791974, 0.000280366919469, 0.000265162612777, 0.00030117019196, 0.00034662723192, 0.000333078205585, 0.000314766919473, 0.00020794152806, 0.000261872046394, 0.000196217282792, 0.000198657624424, 0.000162121184985, 0.000187569938134, 0.000179579947144, 0.000159906310728, 0.000178811591468, 0.000146256221342, 5.36676961929e-05], "dmean2": [0.00259227305651, 0.0190809369087, 0.00413188058883, 0.00275119044818, 0.00179305730853, 0.000791324418969, 0.000647509412374, 0.000427064514952, 0.000656063260976, 0.000504301278852, 0.000448721344583, 0.000424887868576, 0.00048754477757, 0.00054557796102, 0.000527278520167, 0.000539323780686, 0.000335240882123, 0.000399990560254, 0.000308147951728, 0.000321104947943, 0.000258585379925, 0.00029604008887, 0.00027263519587, 0.000247583142482, 0.000270944699878, 0.000224660412641, 8.34426973597e-05], "dvar": [2.42630521825e-05, 0.000746989273466, 8.32011501188e-05, 3.48071553162e-05, 1.06297939055e-05, 2.05680476029e-06, 7.53409551635e-07, 4.10450013533e-07, 7.09020980594e-07, 4.85305861275e-07, 4.10050660093e-07, 3.61159408158e-07, 4.4279084932e-07, 7.41347491839e-07, 9.57539555202e-07, 1.61451032454e-06, 1.88496443343e-07, 3.72784001001e-07, 1.33027285187e-07, 1.67833093201e-07, 7.05419154201e-08, 1.47787304172e-07, 1.27260108229e-07, 1.35546471824e-07, 1.40295668416e-07, 9.4214080093e-08, 2.10232791176e-08], "dvar2": [6.28839770798e-05, 0.0020287076477, 0.000211466453038, 9.02968386072e-05, 2.91775104415e-05, 5.48511343368e-06, 1.91261437976e-06, 9.12018890631e-07, 1.47029606978e-06, 1.15327895855e-06, 9.97887468657e-07, 8.02329168437e-07, 1.05057006294e-06, 1.7445551066e-06, 2.29230977311e-06, 4.41057318312e-06, 4.58508196743e-07, 8.15968689949e-07, 3.08777771352e-07, 4.10901009218e-07, 1.68052849858e-07, 3.70195380128e-07, 2.57445350371e-07, 3.25342966789e-07, 3.14215611752e-07, 2.19750205588e-07, 5.0961027398e-08], "max": [0.15330862999, 0.315880417824, 0.156963467598, 0.0926064029336, 0.0562086626887, 0.042491633445, 0.0181681867689, 0.0120734330267, 0.018426714465, 0.0155548481271, 0.0200073234737, 0.00859027914703, 0.0119139775634, 0.0301737971604, 0.0159396082163, 0.0216344110668, 0.00648321816698, 0.0128271915019, 0.00523138279095, 0.0058259088546, 0.00368220871314, 0.00702459271997, 0.00510762212798, 0.006375385914, 0.00929336063564, 0.00474929530174, 0.00183089170605], "mean": [0.00469204271212, 0.0335944220424, 0.00473739951849, 0.0017733204877, 0.00154297763947, 0.000701634155121, 0.00066889700247, 0.000401319353841, 0.000651937094517, 0.000438265618868, 0.000409790227422, 0.000363413826562, 0.000418741692556, 0.00055116834119, 0.000486334931338, 0.000424492522143, 0.000376727548428, 0.000426969141699, 0.000372820155462, 0.000343145482475, 0.000336034107022, 0.000345433334587, 0.000433794979472, 0.000290541094728, 0.000317142432323, 0.000216570741031, 8.11313511804e-05], "median": [0.000680835044477, 0.027946408838, 0.00236135395244, 0.000646747532301, 0.000905376276933, 0.000357845856342, 0.000267488125246, 0.000157622693223, 0.000269438605756, 0.000124606012832, 0.000112849964353, 9.27631190279e-05, 0.000108887790702, 0.000138090515975, 0.00013190988102, 0.000129546984681, 0.000174042710569, 0.000161578936968, 0.000203679141123, 0.000169483755599, 0.00018204798107, 0.000154895999003, 0.000153884058818, 0.000107968960947, 0.000115752103738, 7.34568166081e-05, 2.45145565714e-05], "min": [1.76559753993e-25, 3.41737147383e-24, 5.58766054994e-25, 4.40038800833e-24, 7.93581764422e-24, 2.21870237705e-23, 1.91136453496e-23, 1.38477037733e-23, 1.99097905964e-23, 2.23828663789e-23, 1.04288326749e-23, 2.30728987899e-23, 2.66848167736e-23, 3.3717044738e-23, 3.95363075527e-23, 7.65401570295e-23, 6.56662206329e-23, 1.16503560187e-22, 1.40334745211e-22, 1.58205499184e-22, 2.90218266716e-22, 3.21862140819e-22, 4.70278229579e-22, 6.39420811897e-22, 9.26741876499e-22, 1.41184947941e-21, 2.07226979384e-21], "var": [6.76980125718e-05, 0.00159035390243, 8.51161967148e-05, 2.78842544503e-05, 8.3420673036e-06, 1.88406875168e-06, 1.37787867516e-06, 7.89876878571e-07, 1.33213052322e-06, 7.43385555779e-07, 7.60504519803e-07, 5.87889530834e-07, 7.58104761189e-07, 1.39468613725e-06, 1.72340332938e-06, 1.71803515059e-06, 4.71564050031e-07, 7.57453960887e-07, 2.97279882489e-07, 2.68915641755e-07, 1.88186291439e-07, 2.71216379133e-07, 5.32401543296e-07, 2.51569474585e-07, 2.6729864544e-07, 1.37503150199e-07, 2.97930036197e-08]}, "erbbands": {"dmean": [0.504574656487, 2.37420892715, 3.07587766647, 4.27023983002, 4.14011287689, 3.41503286362, 3.3409974575, 4.16524219513, 5.45702552795, 5.82354640961, 6.58386564255, 9.81786155701, 10.6386976242, 10.3426866531, 9.88641262054, 10.8469400406, 13.6446666718, 18.4351711273, 14.0669269562, 18.080083847, 13.1515626907, 11.8529291153, 15.1066417694, 10.4865484238, 9.8543214798, 8.97145080566, 7.30311107635, 6.46706056595, 6.78274488449, 5.67371320724, 5.17573738098, 3.63988566399, 2.48758149147, 1.78791379929, 1.48851156235, 0.78157055378, 0.245620280504, 0.054691221565, 0.0098474714905, 0.00050411419943], "dmean2": [0.787017822266, 3.7555603981, 4.81283712387, 7.20400476456, 7.03491258621, 5.76227140427, 5.68823957443, 6.84989595413, 8.65584659576, 9.32967185974, 10.2699594498, 15.2241401672, 16.9053001404, 16.5264797211, 16.1352748871, 17.0648479462, 21.690738678, 29.3868656158, 21.5986022949, 29.6304607391, 22.155582428, 18.6536521912, 23.0693435669, 16.3992805481, 15.4417304993, 14.7678022385, 11.7957487106, 10.2357807159, 10.7664089203, 8.85027313232, 7.88388824463, 5.59358119965, 3.91554808617, 2.81544852257, 2.28546357155, 1.18568789959, 0.378103673458, 0.0857758969069, 0.015467855148, 0.000771970604546], "dvar": [1.22266614437, 32.1150245667, 94.5638198853, 219.854751587, 213.461334229, 90.9261016846, 80.0808410645, 187.616134644, 162.847900391, 156.50088501, 274.102233887, 406.630279541, 521.454406738, 578.735595703, 502.651794434, 663.760192871, 891.192687988, 2073.04418945, 1192.87756348, 4596.98144531, 1465.34594727, 675.783630371, 1416.82775879, 399.226287842, 337.061157227, 383.731262207, 178.309829712, 123.948150635, 179.924087524, 124.22542572, 100.616012573, 55.521396637, 41.9656791687, 15.6686248779, 10.1463165283, 2.57225179672, 0.290560036898, 0.0242388974875, 0.0006637488259, 1.55384418576e-06], "dvar2": [3.27194619179, 84.5341720581, 226.556137085, 570.76965332, 559.080383301, 249.57383728, 223.043991089, 495.689453125, 384.684112549, 406.926147461, 535.834472656, 881.458984375, 1187.39587402, 1388.99365234, 1250.27783203, 1447.28137207, 2052.53051758, 5118.2578125, 2442.64868164, 10906.1621094, 3894.9765625, 1469.78222656, 3159.7421875, 880.461853027, 762.871582031, 990.966125488, 450.120178223, 287.267425537, 450.170898438, 295.195037842, 201.074279785, 122.822250366, 107.639228821, 35.0143852234, 23.0767803192, 5.92950296402, 0.680224061012, 0.0611648522317, 0.00159512588289, 3.66165158994e-06], "max": [16.2581977844, 66.5085220337, 188.618240356, 233.717605591, 278.095672607, 178.319412231, 130.844894409, 448.067779541, 258.184570312, 297.46383667, 460.76550293, 564.145202637, 647.172363281, 625.321594238, 611.670410156, 357.410858154, 552.333679199, 1607.31359863, 615.174560547, 1151.22521973, 636.283691406, 483.932128906, 866.62902832, 311.850372314, 310.862854004, 311.771911621, 199.038269043, 143.645843506, 219.392654419, 177.471847534, 140.729949951, 114.469573975, 112.386825562, 98.0608291626, 68.1627197266, 23.6186294556, 8.53412437439, 2.21489477158, 0.304798871279, 0.0148659572005], "mean": [1.40257573128, 5.64866733551, 6.99707221985, 5.62881660461, 5.20524358749, 5.51964712143, 5.0828461647, 5.97292280197, 8.27054309845, 9.83758735657, 10.2213449478, 15.1975469589, 16.0502548218, 14.1976613998, 14.7958612442, 15.3696222305, 19.8482036591, 28.8212280273, 24.1017951965, 26.7485790253, 20.6084136963, 22.1861972809, 24.1150283813, 19.6245822906, 18.7375583649, 15.7062301636, 14.1410646439, 13.326748848, 12.4181976318, 11.7360010147, 12.2259922028, 6.86137390137, 4.32726383209, 2.94286417961, 2.61069750786, 1.17295646667, 0.360375851393, 0.0826701074839, 0.0144841000438, 0.000819985580165], "median": [0.526325821877, 3.57279372215, 4.17658424377, 2.84079694748, 2.61947822571, 3.00274085999, 2.79483866692, 2.79754757881, 3.63613510132, 4.35543298721, 4.00478887558, 6.61151409149, 5.49165630341, 4.75412988663, 4.30910110474, 4.06725358963, 5.6411485672, 7.25098228455, 8.38189315796, 7.25749397278, 8.22171020508, 10.0097923279, 9.08839607239, 9.17440319061, 10.3325233459, 8.2014541626, 7.19313907623, 6.94545650482, 5.81200313568, 4.64489078522, 4.51557922363, 2.8724603653, 1.47974920273, 1.0391907692, 0.919598221779, 0.401678204536, 0.120934896171, 0.0276322010905, 0.0044551375322, 0.000260417058598], "min": [1.78182082633e-22, 7.51982402587e-22, 1.48968856849e-21, 7.30092388418e-21, 2.33648747775e-20, 2.96853376042e-20, 7.55666454201e-20, 1.87065977875e-19, 2.69146580146e-19, 2.27326499725e-19, 3.50300236068e-19, 5.69768468275e-19, 6.85704448569e-19, 5.9812437477e-19, 1.34992856759e-18, 9.22339573619e-19, 1.39959001003e-18, 1.70670304292e-18, 1.74969482468e-18, 4.06188032411e-18, 4.82173836097e-18, 3.72368546272e-18, 5.82965793736e-18, 8.87442539975e-18, 8.2009184014e-18, 7.65210226294e-18, 9.74651695648e-18, 1.20916889712e-17, 1.02416862963e-17, 1.18400407765e-17, 1.40498033249e-17, 1.12905761284e-17, 1.09833513228e-17, 1.01336854596e-17, 6.45607809294e-18, 4.26444692996e-18, 2.84490346239e-18, 9.68327817147e-19, 2.82380332574e-19, 2.3773248353e-20], "var": [3.15873408318, 61.2381973267, 128.111312866, 183.825378418, 165.294433594, 87.3268127441, 69.6058197021, 173.764251709, 232.598968506, 273.571563721, 592.10144043, 691.963562012, 929.394348145, 790.166137695, 1049.92822266, 1080.08569336, 1615.01794434, 3678.7043457, 3060.4921875, 6801.56494141, 2095.48730469, 1778.32421875, 2662.25268555, 998.633850098, 699.779296875, 562.313720703, 382.835998535, 310.687713623, 329.189208984, 292.107116699, 408.175842285, 117.954200745, 66.4921035767, 27.0109577179, 18.6122875214, 3.93289542198, 0.407832324505, 0.0298232138157, 0.000936788041145, 2.53141070061e-06]}, "gfcc": {"mean": [8.54437065125, 42.896068573, -86.5158920288, 40.3321762085, -39.8527030945, 20.1035957336, -23.7499313354, 14.2653751373, -16.4555072784, 6.896900177, -16.0706958771, 0.944016933441, -12.1874303818], "cov": [[22133.15625, 1195.37963867, 495.978210449, 804.317016602, 286.233459473, 732.598999023, -103.73387146, 565.442443848, 188.155578613, 622.197937012, 281.209777832, 512.449035645, 24.2117938995], [1195.37963867, 2431.26000977, 523.852172852, 384.082885742, 269.300323486, -144.927017212, 56.7408561707, 47.9058799744, 75.6086502075, -24.9973106384, 128.632965088, -0.605648994446, 95.9053497314], [495.978210449, 523.852172852, 1260.12536621, 344.461639404, 213.671020508, 122.23399353, -14.6766033173, 37.889175415, 18.3745880127, 94.6821670532, 43.6138801575, 82.3869628906, -22.4152584076], [804.317016602, 384.082885742, 344.461639404, 602.789489746, 176.397506714, 58.4477310181, 2.91523742676, 75.728302002, 58.2975311279, 45.0463752747, 21.7284297943, 30.5240764618, 8.96340560913], [286.233459473, 269.300323486, 213.671020508, 176.397506714, 425.57232666, 132.738739014, 106.752151489, 52.5589561462, 51.6727676392, 13.9974365234, 58.0731163025, 24.4829597473, 33.6830177307], [732.598999023, -144.927017212, 122.23399353, 58.4477310181, 132.738739014, 271.706970215, 93.2160644531, 53.2093162537, 23.1940841675, 36.497882843, -3.80432128906, 37.7989387512, -11.7466564178], [-103.73387146, 56.7408561707, -14.6766033173, 2.91523742676, 106.752151489, 93.2160644531, 171.641326904, 62.6840171814, 61.7663993835, 4.95271444321, 26.8224201202, 9.20657444, 23.570022583], [565.442443848, 47.9058799744, 37.889175415, 75.728302002, 52.5589561462, 53.2093162537, 62.6840171814, 139.507629395, 80.7294006348, 70.1031646729, 41.7408790588, 45.1007881165, 27.6738357544], [188.155578613, 75.6086502075, 18.3745880127, 58.2975311279, 51.6727676392, 23.1940841675, 61.7663993835, 80.7294006348, 137.01550293, 73.0518264771, 60.8387069702, 35.1497116089, 26.8021945953], [622.197937012, -24.9973106384, 94.6821670532, 45.0463752747, 13.9974365234, 36.497882843, 4.95271444321, 70.1031646729, 73.0518264771, 134.56993103, 65.1689605713, 49.2714118958, 20.2923145294], [281.209777832, 128.632965088, 43.6138801575, 21.7284297943, 58.0731163025, -3.80432128906, 26.8224201202, 41.7408790588, 60.8387069702, 65.1689605713, 118.9115448, 65.9267501831, 35.7435798645], [512.449035645, -0.605648994446, 82.3869628906, 30.5240764618, 24.4829597473, 37.7989387512, 9.20657444, 45.1007881165, 35.1497116089, 49.2714118958, 65.9267501831, 102.72190094, 33.8050117493], [24.2117938995, 95.9053497314, -22.4152584076, 8.96340560913, 33.6830177307, -11.7466564178, 23.570022583, 27.6738357544, 26.8021945953, 20.2923145294, 35.7435798645, 33.8050117493, 92.2038040161]], "icov": [[7.61592455092e-05, -8.79339058883e-05, 8.89910006663e-05, -3.35267504852e-05, -3.19196851706e-06, -0.000231945276028, 0.000200091075385, -0.000186417295481, 0.000178169313585, -0.000328176276525, 0.000124781930936, -0.000330059818225, 0.000165849603945], [-8.79339058883e-05, 0.000753236119635, -0.000405719067203, -0.000227752199862, -9.31948234211e-05, 0.00068496237509, -0.000323809072142, -4.53912762168e-05, -0.000317351950798, 0.00118854478933, -0.00118809472769, 0.00121026986744, -0.000771646911744], [8.89910006663e-05, -0.000405719067203, 0.00137726578396, -0.000417980365455, -0.000462502881419, -0.0004282083828, 0.00026608016924, 0.000362853344996, 0.000709989399184, -0.00177523994353, 0.0010971785523, -0.00181109900586, 0.00113456591498], [-3.35267504852e-05, -0.000227752199862, -0.000417980365455, 0.00249142525718, -0.000785895681474, -9.60511461017e-05, 0.00107763765845, -0.00103891815525, -0.000923958257772, 0.000278297724435, 0.000840475608129, -5.09952551511e-05, 0.000113299654913], [-3.19196851706e-06, -9.31948234211e-05, -0.000462502881419, -0.000785895681474, 0.00421888427809, -0.0020307097584, -0.000897361896932, -0.000104215418105, -0.000188888443517, 0.0018343385309, -0.0031467222143, 0.0021512194071, -0.00139515730552], [-0.000231945276028, 0.00068496237509, -0.0004282083828, -9.60511461017e-05, -0.0020307097584, 0.00828557554632, -0.00497656455263, 0.00073359842645, 0.00113112630788, -0.00234863744117, 0.0041520842351, -0.00347692705691, 0.0019563306123], [0.000200091075385, -0.000323809072142, 0.00026608016924, 0.00107763765845, -0.000897361896932, -0.00497656455263, 0.0129057532176, -0.00465619703755, -0.00406344747171, 0.00469733728096, -0.00310621364042, 0.00310611911118, -0.00175086630043], [-0.000186417295481, -4.53912762168e-05, 0.000362853344996, -0.00103891815525, -0.000104215418105, 0.00073359842645, -0.00465619703755, 0.0155808664858, -0.00421126978472, -0.00507107144222, 0.00347485532984, -0.00386059819721, -0.000660674937535], [0.000178169313585, -0.000317351950798, 0.000709989399184, -0.000923958257772, -0.000188888443517, 0.00113112630788, -0.00406344747171, -0.00421126978472, 0.0162524487823, -0.00667676934972, -0.00227104919031, -0.000535512168426, 0.000883362838067], [-0.000328176276525, 0.00118854478933, -0.00177523994353, 0.000278297724435, 0.0018343385309, -0.00234863744117, 0.00469733728096, -0.00507107144222, -0.00667676934972, 0.0201674513519, -0.00971776805818, 0.00499322032556, -0.00281793507747], [0.000124781930936, -0.00118809472769, 0.0010971785523, 0.000840475608129, -0.0031467222143, 0.0041520842351, -0.00310621364042, 0.00347485532984, -0.00227104919031, -0.00971776805818, 0.0238764286041, -0.014183524996, 0.00156076974235], [-0.000330059818225, 0.00121026986744, -0.00181109900586, -5.09952551511e-05, 0.0021512194071, -0.00347692705691, 0.00310611911118, -0.00386059819721, -0.000535512168426, 0.00499322032556, -0.014183524996, 0.0241603963077, -0.00677454005927], [0.000165849603945, -0.000771646911744, 0.00113456591498, 0.000113299654913, -0.00139515730552, 0.0019563306123, -0.00175086630043, -0.000660674937535, 0.000883362838067, -0.00281793507747, 0.00156076974235, -0.00677454005927, 0.0155163081363]]}, "melbands": {"dmean": [0.00384724978358, 0.00192943599541, 0.00072547828313, 0.000260429311311, 0.000119227894174, 9.3154842034e-05, 8.43615125632e-05, 6.11564610153e-05, 5.71403434151e-05, 6.43417806714e-05, 5.27915472048e-05, 4.12224289903e-05, 3.34910655511e-05, 2.92809818347e-05, 2.84238703898e-05, 3.44890031556e-05, 3.70574380213e-05, 2.21433292609e-05, 2.99360472127e-05, 2.55211889453e-05, 1.37838114824e-05, 1.28604688143e-05, 1.40834044942e-05, 1.21796128951e-05, 8.92541720532e-06, 7.59375143389e-06, 7.34626655685e-06, 6.28603493169e-06, 5.16912223247e-06, 4.03057856602e-06, 4.14825581174e-06, 4.52196445622e-06, 3.30260945702e-06, 3.47659579347e-06, 3.66326503354e-06, 2.33548712458e-06, 2.23823826673e-06, 1.95435632122e-06, 1.45499393511e-06, 1.60854722253e-06], "dmean2": [0.00603756029159, 0.00299196783453, 0.00120398530271, 0.00043846850167, 0.00020230365044, 0.000152710679686, 0.000133502107929, 9.7813521279e-05, 8.89251969056e-05, 9.9752774986e-05, 8.4334256826e-05, 6.61365047563e-05, 5.4519456171e-05, 4.66452511318e-05, 4.49048275186e-05, 5.64757137909e-05, 5.94971934333e-05, 3.42386010743e-05, 4.8577949201e-05, 4.32202214142e-05, 2.35119223362e-05, 2.07335870073e-05, 2.13844214159e-05, 1.89441743714e-05, 1.43185125125e-05, 1.20341965157e-05, 1.17430572573e-05, 1.06016386781e-05, 8.51460117701e-06, 6.45618911221e-06, 6.63774608256e-06, 7.32615853849e-06, 5.31183786734e-06, 5.44903969057e-06, 5.65150730836e-06, 3.642436468e-06, 3.48006597051e-06, 3.19063360621e-06, 2.2775529942e-06, 2.57879264609e-06], "dvar": [7.12168111932e-05, 2.31729118241e-05, 5.92168635194e-06, 6.60364889882e-07, 1.01022848753e-07, 8.6082280859e-08, 3.56287870318e-08, 1.81855792647e-08, 2.32049828242e-08, 1.73655081426e-08, 1.30873747395e-08, 9.4459178257e-09, 5.58721335864e-09, 4.2616332685e-09, 4.81930850782e-09, 6.75482514367e-09, 9.27512822102e-09, 2.92648905109e-09, 9.76885239368e-09, 1.25907488879e-08, 1.07155684326e-09, 7.30302707197e-10, 1.09140863014e-09, 9.04733343798e-10, 2.91412172171e-10, 2.21085150187e-10, 2.01053743099e-10, 2.24732094045e-10, 9.83892065043e-11, 4.12521232451e-11, 5.59212641471e-11, 8.20940398993e-11, 4.80312317697e-11, 4.5577590313e-11, 6.3993935151e-11, 1.92018172196e-11, 2.45501587809e-11, 3.37183163335e-11, 9.01087451183e-12, 1.38016586007e-11], "dvar2": [0.000196009787032, 5.22469163116e-05, 1.50852811203e-05, 1.75315483375e-06, 2.80820273701e-07, 2.24722995767e-07, 8.55218189599e-08, 4.58321416374e-08, 4.32535216532e-08, 3.78929421174e-08, 3.01970324301e-08, 2.28526442214e-08, 1.42638318934e-08, 9.14293174503e-09, 1.20022782824e-08, 1.65915619021e-08, 2.34527792742e-08, 6.51138609697e-09, 2.52708503012e-08, 3.32936487268e-08, 2.86061063726e-09, 1.69581704235e-09, 2.15798134917e-09, 2.14203699223e-09, 6.97714330755e-10, 5.24179144534e-10, 4.62080734787e-10, 6.09585992795e-10, 2.5568380746e-10, 1.01784303208e-10, 1.31896438216e-10, 2.10559875091e-10, 1.23780527495e-10, 1.02522990097e-10, 1.2911877123e-10, 4.24595289483e-11, 5.55000143065e-11, 9.11319353314e-11, 2.05337396392e-11, 3.16335430073e-11], "max": [0.1085870713, 0.0792979449034, 0.0347459167242, 0.01530222781, 0.00471599167213, 0.00919127557427, 0.00357494782656, 0.00346941011958, 0.0047384663485, 0.00367912719958, 0.00314645282924, 0.00236211251467, 0.00222966261208, 0.00108834519051, 0.00165781995747, 0.00157143478282, 0.0035451434087, 0.000990986358374, 0.00159616966266, 0.00197499780916, 0.000460280221887, 0.000418317853473, 0.000756662338972, 0.000709931657184, 0.00025591411395, 0.000216347965761, 0.000200386843062, 0.000244667462539, 0.000131829161546, 0.000119831704069, 9.60928155109e-05, 0.000145654252265, 0.000112717068987, 8.66355403559e-05, 0.000123752135551, 5.91001844441e-05, 9.27058135858e-05, 0.000105278028059, 4.75210581499e-05, 0.000103233709524], "mean": [0.0107460077852, 0.00506346067414, 0.000992577639408, 0.000378003052901, 0.000189860787941, 0.00013396560098, 0.000134605637868, 0.000102322708699, 8.66191185196e-05, 9.81461198535e-05, 7.71741542849e-05, 5.41540794075e-05, 4.88529913127e-05, 4.07854240621e-05, 3.97458970838e-05, 4.60461742477e-05, 5.59401451028e-05, 3.65020969184e-05, 4.04914317187e-05, 3.33293901349e-05, 2.18489549297e-05, 2.26433676289e-05, 2.34523777181e-05, 1.86784182006e-05, 1.5576451915e-05, 1.39172898344e-05, 1.26961822389e-05, 9.84954112937e-06, 8.98345115274e-06, 7.9949531937e-06, 7.75299213274e-06, 7.65626373322e-06, 5.59068485018e-06, 7.44965927879e-06, 8.72537384566e-06, 4.27831173511e-06, 3.99826421926e-06, 3.13846589961e-06, 2.51563278653e-06, 2.4436521926e-06], "median": [0.00665309140459, 0.00346250412986, 0.000527783297002, 0.00021709970315, 0.000109887638246, 6.36296608718e-05, 5.76846068725e-05, 4.63001451863e-05, 2.97822880384e-05, 4.33660970884e-05, 2.45169667323e-05, 1.74201268237e-05, 1.46911515913e-05, 1.06005736598e-05, 1.05872586573e-05, 1.04130886029e-05, 1.24991966004e-05, 1.30465432449e-05, 9.53787093749e-06, 8.64417415869e-06, 9.34743638936e-06, 1.02907433757e-05, 9.05466094991e-06, 6.64694744046e-06, 7.1078561632e-06, 7.60818238632e-06, 6.32907085674e-06, 4.86048429593e-06, 4.2877195483e-06, 4.29847023042e-06, 3.72595513909e-06, 3.42348948834e-06, 2.38457937485e-06, 2.48744322562e-06, 2.66002234639e-06, 1.84785790225e-06, 1.55058955897e-06, 1.02072658592e-06, 8.53800997902e-07, 8.23562459118e-07], "min": [2.32423271797e-24, 1.92527873971e-24, 2.27789936713e-24, 2.00510377192e-24, 2.65943194394e-24, 4.42262560282e-24, 3.8532810217e-24, 2.46855876488e-24, 2.01297482882e-24, 3.1033679543e-24, 3.54625320194e-24, 2.19937891364e-24, 2.77970266362e-24, 2.58571703387e-24, 2.10817653502e-24, 3.42744246657e-24, 2.37720058623e-24, 2.47731058498e-24, 3.3558892326e-24, 5.308076215e-24, 5.05192203502e-24, 3.85242865749e-24, 3.26098985734e-24, 4.44516848648e-24, 6.45177030526e-24, 4.49083524985e-24, 4.89837183754e-24, 4.9165562647e-24, 4.84244909354e-24, 7.81974938379e-24, 5.90262332432e-24, 5.73014559271e-24, 5.48343565549e-24, 6.74823961623e-24, 7.83261097199e-24, 5.9774534865e-24, 6.0978395771e-24, 7.19048529489e-24, 7.97997649997e-24, 8.01726358838e-24], "var": [0.000165808087331, 4.76384811918e-05, 5.14626390213e-06, 5.43745102277e-07, 9.19301896829e-08, 8.27042043738e-08, 5.66289557469e-08, 3.21981659113e-08, 5.22742382714e-08, 2.83780572374e-08, 2.26845511264e-08, 1.22724177487e-08, 1.02166106686e-08, 7.69389263411e-09, 7.24544912956e-09, 1.06489181917e-08, 1.55026729232e-08, 6.71221789261e-09, 1.37690827628e-08, 1.3635249374e-08, 1.73233238865e-09, 1.7084714754e-09, 2.63375588005e-09, 1.56576362986e-09, 6.36273311816e-10, 4.4673134636e-10, 3.45769884946e-10, 2.6629731753e-10, 1.73359646083e-10, 1.09293636641e-10, 1.19344770177e-10, 1.34927194417e-10, 7.95538634968e-11, 1.49826470675e-10, 2.90371143796e-10, 4.32964879227e-11, 4.70647167072e-11, 4.20749754482e-11, 1.93300341012e-11, 2.03423337203e-11]}, "mfcc": {"mean": [-640.24609375, 82.9310455322, 12.4765958786, 30.8769207001, 11.2922973633, 14.3094787598, 6.96747875214, 10.5616941452, 6.65579748154, 9.3630771637, 4.48513841629, 2.1385178566, -0.870808839798], "cov": [[11587.4189453, 1358.18066406, 841.52520752, 468.876525879, 673.086791992, 373.186431885, 234.467498779, 282.085144043, 132.988708496, 287.991668701, 373.781646729, 344.855834961, 373.999542236], [1358.18066406, 1634.90087891, 313.258270264, 393.35848999, 217.826934814, -6.12252092361, 96.8504638672, 53.2975234985, 32.0954437256, 56.4133758545, 55.851108551, 78.8946609497, 101.023773193], [841.52520752, 313.258270264, 817.247070312, 288.850952148, 174.989730835, 107.126686096, 15.3336257935, 26.5962429047, 11.3816642761, 35.2110557556, 74.9031143188, 58.8593063354, 81.0657577515], [468.876525879, 393.35848999, 288.850952148, 536.528625488, 224.272491455, 57.3720054626, 23.1061820984, 48.5273399353, 36.0723876953, 65.1109619141, 37.999710083, 62.3814888, 50.1430854797], [673.086791992, 217.826934814, 174.989730835, 224.272491455, 312.646362305, 139.731506348, 97.3868179321, 70.900177002, 33.546875, 54.8634223938, 52.3130989075, 40.7306594849, 46.9862442017], [373.186431885, -6.12252092361, 107.126686096, 57.3720054626, 139.731506348, 202.294158936, 96.2518081665, 84.3134155273, 40.6580352783, 41.9247589111, 34.1519317627, 12.923201561, 13.9049816132], [234.467498779, 96.8504638672, 15.3336257935, 23.1061820984, 97.3868179321, 96.2518081665, 147.831192017, 76.6012115479, 43.9822540283, 24.6799087524, 23.1177558899, 10.2443990707, 16.8223590851], [282.085144043, 53.2975234985, 26.5962429047, 48.5273399353, 70.900177002, 84.3134155273, 76.6012115479, 144.099395752, 52.2018623352, 45.773891449, 33.8793296814, 15.4966506958, 31.1893215179], [132.988708496, 32.0954437256, 11.3816642761, 36.0723876953, 33.546875, 40.6580352783, 43.9822540283, 52.2018623352, 101.5284729, 61.9854125977, 25.5486602783, 14.0702562332, 1.57754027843], [287.991668701, 56.4133758545, 35.2110557556, 65.1109619141, 54.8634223938, 41.9247589111, 24.6799087524, 45.773891449, 61.9854125977, 115.293670654, 60.0679931641, 32.2000808716, 19.2156467438], [373.781646729, 55.851108551, 74.9031143188, 37.999710083, 52.3130989075, 34.1519317627, 23.1177558899, 33.8793296814, 25.5486602783, 60.0679931641, 105.470802307, 60.3493232727, 36.9786567688], [344.855834961, 78.8946609497, 58.8593063354, 62.3814888, 40.7306594849, 12.923201561, 10.2443990707, 15.4966506958, 14.0702562332, 32.2000808716, 60.3493232727, 96.1610412598, 55.2521209717], [373.999542236, 101.023773193, 81.0657577515, 50.1430854797, 46.9862442017, 13.9049816132, 16.8223590851, 31.1893215179, 1.57754027843, 19.2156467438, 36.9786567688, 55.2521209717, 106.756660461]], "icov": [[0.000120523473015, -7.53925414756e-05, -4.66119745397e-05, 9.86923114397e-05, -0.000154673849465, -8.80449078977e-05, 9.09879381652e-05, -5.90369672864e-05, 1.27277653519e-05, -8.23405280244e-05, -0.000101337675005, -0.000152898952365, -0.000150523817865], [-7.53925414756e-05, 0.000907704932615, -0.00015223279479, -0.000511513848323, -0.000128991814563, 0.000883461209014, -0.000904055545107, 5.06686519657e-05, 8.93302058103e-05, -9.46521467995e-05, 0.000124124417198, 4.06779181503e-05, -0.000217958397116], [-4.66119745397e-05, -0.00015223279479, 0.00186210940592, -0.000836163351778, 8.36108592921e-05, -0.00121864525136, 0.000720290932804, 0.000638984667603, -0.000276728213066, 0.000870070711244, -0.00131759198848, 0.000793344690464, -0.000998878502287], [9.86923114397e-05, -0.000511513848323, -0.000836163351778, 0.00385277555324, -0.00263046473265, 0.000751651998144, 0.00144864956383, -0.000946672516875, -0.000241776098846, -0.00126689916942, 0.00186820398085, -0.00202919845469, 0.000706449791323], [-0.000154673849465, -0.000128991814563, 8.36108592921e-05, -0.00263046473265, 0.00781049439684, -0.00346411671489, -0.00267322966829, 0.000962524092756, 0.0010737858247, -0.000416648748796, -0.00114531349391, 0.000886041496415, -0.00101312855259], [-8.80449078977e-05, 0.000883461209014, -0.00121864525136, 0.000751651998144, -0.00346411671489, 0.0111221997067, -0.00395296933129, -0.00310733052902, 0.000371784233721, -0.00132121297065, 0.000616499572061, -0.000305850058794, 0.00182852346916], [9.09879381652e-05, -0.000904055545107, 0.000720290932804, 0.00144864956383, -0.00267322966829, -0.00395296933129, 0.0138351190835, -0.00347866490483, -0.0036251519341, 0.0026884356048, -0.000774203799665, 0.000125099904835, -0.000389899912989], [-5.90369672864e-05, 5.06686519657e-05, 0.000638984667603, -0.000946672516875, 0.000962524092756, -0.00310733052902, -0.00347866490483, 0.0127461068332, -0.0032815055456, -0.000591727613937, -0.00183662516065, 0.00265215919353, -0.0036577116698], [1.27277653519e-05, 8.93302058103e-05, -0.000276728213066, -0.000241776098846, 0.0010737858247, 0.000371784233721, -0.0036251519341, -0.0032815055456, 0.017948044464, -0.00927577633411, 0.00254706013948, -0.00212427391671, 0.00282502942719], [-8.23405280244e-05, -9.46521467995e-05, 0.000870070711244, -0.00126689916942, -0.000416648748796, -0.00132121297065, 0.0026884356048, -0.000591727613937, -0.00927577633411, 0.0189634896815, -0.00895146280527, 0.00186656683218, -0.000724571407773], [-0.000101337675005, 0.000124124417198, -0.00131759198848, 0.00186820398085, -0.00114531349391, 0.000616499572061, -0.000774203799665, -0.00183662516065, 0.00254706013948, -0.00895146280527, 0.0214593783021, -0.0109137538821, 0.00123179703951], [-0.000152898952365, 4.06779181503e-05, 0.000793344690464, -0.00202919845469, 0.000886041496415, -0.000305850058794, 0.000125099904835, 0.00265215919353, -0.00212427391671, 0.00186656683218, -0.0109137538821, 0.022314324975, -0.00836991891265], [-0.000150523817865, -0.000217958397116, -0.000998878502287, 0.000706449791323, -0.00101312855259, 0.00182852346916, -0.000389899912989, -0.0036577116698, 0.00282502942719, -0.000724571407773, 0.00123179703951, -0.00836991891265, 0.0158590227365]]}, "spectral_contrast_coeffs": {"dmean": [0.0460109598935, 0.0432585291564, 0.0396262481809, 0.0304086394608, 0.0207884274423, 0.0179637353867], "dmean2": [0.0726138725877, 0.0708050131798, 0.0638112798333, 0.0488945841789, 0.0338977240026, 0.029029706493], "dvar": [0.00214296067134, 0.00140221230686, 0.00121984956786, 0.000748096150346, 0.000348276545992, 0.000319402577588], "dvar2": [0.00512529397383, 0.0035521693062, 0.00297805760056, 0.00179055472836, 0.000864481145982, 0.000720362411812], "max": [-0.243269518018, -0.327636212111, -0.406595736742, -0.495566695929, -0.617721438408, -0.616527140141], "mean": [-0.705332636833, -0.790089488029, -0.79781717062, -0.808918714523, -0.810592770576, -0.76760584116], "median": [-0.716931045055, -0.799326181412, -0.807124495506, -0.816159486771, -0.812092661858, -0.766148328781], "min": [-0.981021344662, -0.990160822868, -0.986226141453, -0.978416264057, -0.972702085972, -0.962292075157], "var": [0.0111565738916, 0.00484555587173, 0.00450457539409, 0.00248132809065, 0.00115199491847, 0.00132522778586]}, "spectral_contrast_valleys": {"dmean": [0.40001270175, 0.44176581502, 0.447336763144, 0.395162254572, 0.311803549528, 0.371014863253], "dmean2": [0.616902887821, 0.692373216152, 0.692913770676, 0.593491017818, 0.460493177176, 0.525559365749], "dvar": [0.387000858784, 0.383899986744, 0.371525466442, 0.343889832497, 0.302335172892, 0.386395782232], "dvar2": [0.721582055092, 0.767631530762, 0.728785336018, 0.653213918209, 0.555190563202, 0.731437146664], "max": [-5.00540304184, -4.64362239838, -5.30614519119, -5.15696907043, -5.21242046356, -7.28280258179], "mean": [-7.21290254593, -7.15478801727, -7.60973405838, -7.72217750549, -7.3371295929, -9.58317756653], "median": [-6.42092561722, -6.753491