{"lowlevel": {"average_loudness": 0.185272544622, "barkbands_crest": {"dmean": 1.9199641943, "dmean2": 3.07720971107, "dvar": 4.22651863098, "dvar2": 11.1773967743, "max": 25.810503006, "mean": 12.4619121552, "median": 11.7761487961, "min": 2.61291384697, "var": 21.0817394257}, "barkbands_flatness_db": {"dmean": 0.020809052512, "dmean2": 0.0313269644976, "dvar": 0.000593670702074, "dvar2": 0.00125295505859, "max": 0.487665712833, "mean": 0.198301494122, "median": 0.189606651664, "min": 0.0340845175087, "var": 0.00569196278229}, "barkbands_kurtosis": {"dmean": 4.45616579056, "dmean2": 6.93560504913, "dvar": 68.3214569092, "dvar2": 156.905334473, "max": 231.175689697, "mean": 11.6309165955, "median": 7.32670879364, "min": -1.79538726807, "var": 243.869094849}, "barkbands_skewness": {"dmean": 0.496789127588, "dmean2": 0.767486155033, "dvar": 0.386333495378, "dvar2": 0.894834637642, "max": 12.6703052521, "mean": 2.4407889843, "median": 2.37855863571, "min": -2.34796237946, "var": 2.71851301193}, "barkbands_spread": {"dmean": 3.51224422455, "dmean2": 5.3850274086, "dvar": 43.5827026367, "dvar2": 102.318260193, "max": 95.7712020874, "mean": 14.0360021591, "median": 10.8870124817, "min": 0.493252843618, "var": 136.453918457}, "dissonance": {"dmean": 0.021587152034, "dmean2": 0.0362556055188, "dvar": 0.000473565829452, "dvar2": 0.00125956512056, "max": 0.5, "mean": 0.425815492868, "median": 0.43238183856, "min": 0.221294254065, "var": 0.00176858820487}, "dynamic_complexity": 6.6416311264, "erbbands_crest": {"dmean": 1.84770143032, "dmean2": 2.87759256363, "dvar": 4.52639245987, "dvar2": 11.0637331009, "max": 28.9578304291, "mean": 11.0101690292, "median": 10.3736057281, "min": 2.50862598419, "var": 20.198102951}, "erbbands_flatness_db": {"dmean": 0.0157824680209, "dmean2": 0.0220021046698, "dvar": 0.000373655871954, "dvar2": 0.000784071045928, "max": 0.381199091673, "mean": 0.177734971046, "median": 0.170500412583, "min": 0.0393846184015, "var": 0.00308360811323}, "erbbands_kurtosis": {"dmean": 0.810722947121, "dmean2": 1.2494430542, "dvar": 1.72541320324, "dvar2": 3.97086048126, "max": 35.3968734741, "mean": 1.36980009079, "median": 0.401216983795, "min": -1.82441437244, "var": 13.7693529129}, "erbbands_skewness": {"dmean": 0.248442336917, "dmean2": 0.375022172928, "dvar": 0.0909871980548, "dvar2": 0.200959399343, "max": 4.93922662735, "mean": 0.842320621014, "median": 0.757668435574, "min": -2.59374237061, "var": 0.664521992207}, "erbbands_spread": {"dmean": 6.2326335907, "dmean2": 9.33338069916, "dvar": 104.014152527, "dvar2": 248.172744751, "max": 158.869766235, "mean": 37.0458335876, "median": 34.2876091003, "min": 4.21877574921, "var": 333.041381836}, "hfc": {"dmean": 3.61777043343, "dmean2": 5.38741731644, "dvar": 193.822235107, "dvar2": 514.51763916, "max": 378.880279541, "mean": 8.95981788635, "median": 4.07482051849, "min": 1.19640452419e-16, "var": 252.951477051}, "melbands_crest": {"dmean": 2.51298856735, "dmean2": 4.07560110092, "dvar": 7.49599504471, "dvar2": 20.4184551239, "max": 35.8864326477, "mean": 16.6121520996, "median": 16.2847824097, "min": 1.54642295837, "var": 34.9638404846}, "melbands_flatness_db": {"dmean": 0.023180577904, "dmean2": 0.034971550107, "dvar": 0.000815698644146, "dvar2": 0.00169082672801, "max": 0.628099322319, "mean": 0.270022451878, "median": 0.266104191542, "min": 0.00255022477359, "var": 0.0103000011295}, "melbands_kurtosis": {"dmean": 8.26079177856, "dmean2": 12.8040895462, "dvar": 264.627990723, "dvar2": 619.018005371, "max": 481.374755859, "mean": 23.5247573853, "median": 15.8184528351, "min": -1.60451960564, "var": 828.545715332}, "melbands_skewness": {"dmean": 0.61622440815, "dmean2": 0.950117468834, "dvar": 0.611496925354, "dvar2": 1.42897462845, "max": 16.5758247375, "mean": 3.39180421829, "median": 3.19039654732, "min": -0.561153054237, "var": 3.57538127899}, "melbands_spread": {"dmean": 3.4198846817, "dmean2": 5.2633523941, "dvar": 40.0840492249, "dvar2": 95.2711257935, "max": 170.621322632, "mean": 16.649055481, "median": 9.01398468018, "min": 0.424135357141, "var": 574.653137207}, "pitch_salience": {"dmean": 0.0495072901249, "dmean2": 0.0800492092967, "dvar": 0.00287667615339, "dvar2": 0.00738349556923, "max": 0.941433370113, "mean": 0.470199137926, "median": 0.461893856525, "min": 0.0885004028678, "var": 0.0153246130794}, "silence_rate_20dB": {"dmean": 0.000644745305181, "dmean2": 0.00128969852813, "dvar": 0.000644375686534, "dvar2": 0.00161064334679, "max": 1, "mean": 0.999355375767, "median": 1, "min": 0, "var": 0.000644272717182}, "silence_rate_30dB": {"dmean": 0.0186976138502, "dmean2": 0.0374012589455, "dvar": 0.0183489620686, "dvar2": 0.0395514965057, "max": 1, "mean": 0.97034651041, "median": 1, "min": 0, "var": 0.0287762787193}, "silence_rate_60dB": {"dmean": 0.0312701500952, "dmean2": 0.062550380826, "dvar": 0.0302911605686, "dvar2": 0.0676610991359, "max": 1, "mean": 0.277518123388, "median": 0, "min": 0, "var": 0.200503662229}, "spectral_centroid": {"dmean": 124.03352356, "dmean2": 186.910125732, "dvar": 47583.953125, "dvar2": 92112.671875, "max": 10791.0800781, "mean": 855.292907715, "median": 621.449523926, "min": 140.919784546, "var": 554437.1875}, "spectral_complexity": {"dmean": 1.27530622482, "dmean2": 1.98258912563, "dvar": 3.63232350349, "dvar2": 6.96080636978, "max": 40, "mean": 8.5018529892, "median": 8, "min": 0, "var": 32.440952301}, "spectral_decrease": {"dmean": 1.7290954224e-09, "dmean2": 2.55413112882e-09, "dvar": 1.7456286943e-17, "dvar2": 3.54629070737e-17, "max": 8.09827025046e-18, "mean": -5.06230568575e-09, "median": -2.24676965921e-09, "min": -1.37744194717e-07, "var": 6.91163995708e-17}, "spectral_energy": {"dmean": 0.00674873869866, "dmean2": 0.00994895771146, "dvar": 0.000264174072072, "dvar2": 0.000534242542926, "max": 0.530742585659, "mean": 0.0199189577252, "median": 0.00892486702651, "min": 1.06670933817e-20, "var": 0.00104899844155}, "spectral_energyband_high": {"dmean": 0.00023955910001, "dmean2": 0.000376500422135, "dvar": 1.54267911512e-06, "dvar2": 4.27333588959e-06, "max": 0.0331396758556, "mean": 0.000338164274581, "median": 7.03695768607e-05, "min": 7.76443260172e-21, "var": 1.1789383052e-06}, "spectral_energyband_low": {"dmean": 0.00321559188887, "dmean2": 0.00509820180014, "dvar": 6.88923173584e-05, "dvar2": 0.000165140067111, "max": 0.239198207855, "mean": 0.00649536540732, "median": 0.00184443395119, "min": 6.54491829098e-23, "var": 0.000173627238837}, "spectral_energyband_middle_high": {"dmean": 0.000466888974188, "dmean2": 0.000650158210192, "dvar": 3.25403811985e-06, "dvar2": 8.56005135574e-06, "max": 0.0866908282042, "mean": 0.00165160687175, "median": 0.000644054496661, "min": 1.48755801296e-21, "var": 7.55576820666e-06}, "spectral_energyband_middle_low": {"dmean": 0.00471777981147, "dmean2": 0.00693731429055, "dvar": 0.000159326998983, "dvar2": 0.000321171304677, "max": 0.510949909687, "mean": 0.0127914752811, "median": 0.00483104679734, "min": 3.05898423375e-22, "var": 0.000574497447815}, "spectral_entropy": {"dmean": 0.232667595148, "dmean2": 0.345777958632, "dvar": 0.0903941392899, "dvar2": 0.209491923451, "max": 9.79808330536, "mean": 6.52964115143, "median": 6.47175312042, "min": 4.42242145538, "var": 0.580769300461}, "spectral_flux": {"dmean": 0.0174062605947, "dmean2": 0.0275911875069, "dvar": 0.000734443659894, "dvar2": 0.00177557079587, "max": 0.433661401272, "mean": 0.0408109277487, "median": 0.0237460006028, "min": 1.03281619368e-10, "var": 0.00219099712558}, "spectral_kurtosis": {"dmean": 3.740203619, "dmean2": 5.98826885223, "dvar": 45.5943145752, "dvar2": 116.015182495, "max": 124.627601624, "mean": 10.5104503632, "median": 6.20494651794, "min": -1.24078774452, "var": 189.731903076}, "spectral_rms": {"dmean": 0.000568039889913, "dmean2": 0.000837566039991, "dvar": 8.0411058434e-07, "dvar2": 1.62441892826e-06, "max": 0.0227551683784, "mean": 0.00347004341893, "median": 0.00295079429634, "min": 3.22597591002e-12, "var": 7.39183451515e-06}, "spectral_rolloff": {"dmean": 268.266571045, "dmean2": 467.419647217, "dvar": 738995.8125, "dvar2": 1776163.875, "max": 19487.5488281, "mean": 1476.41821289, "median": 516.796875, "min": 64.599609375, "var": 11543279}, "spectral_skewness": {"dmean": 0.335050702095, "dmean2": 0.524899125099, "dvar": 0.195886090398, "dvar2": 0.473674684763, "max": 9.50263118744, "mean": 2.35726666451, "median": 2.06823420525, "min": 0.0604988448322, "var": 1.29547703266}, "spectral_spread": {"dmean": 689281.125, "dmean2": 973530.25, "dvar": 1095606599680.0, "dvar2": 2121975857150.0, "max": 42449648, "mean": 4587389.5, "median": 4238561, "min": 643979.125, "var": 4830454087680.0}, "spectral_strongpeak": {"dmean": 0.233857303858, "dmean2": 0.40350574255, "dvar": 0.255022794008, "dvar2": 0.658455908298, "max": 9.1369638443, "mean": 0.640605688095, "median": 0.426519006491, "min": 0, "var": 0.512917160988}, "zerocrossingrate": {"dmean": 0.00801972858608, "dmean2": 0.0097156399861, "dvar": 0.000134907459142, "dvar2": 0.00016861462791, "max": 0.52734375, "mean": 0.0593421086669, "median": 0.03564453125, "min": 0.0048828125, "var": 0.0079388236627}, "barkbands": {"dmean": [9.42539627431e-05, 0.000816792540718, 0.00215877243318, 0.00201832992025, 0.00294890417717, 0.000323998858221, 0.000146628590301, 0.000101793666545, 0.00011936280498, 9.89673644654e-05, 7.92886785348e-05, 8.08030381449e-05, 0.000123741032439, 4.57429086964e-05, 0.000139892828884, 3.02090775222e-05, 3.47851746483e-05, 2.85019614239e-05, 2.41564539465e-05, 2.53162033914e-05, 2.77249018836e-05, 2.57420415437e-05, 2.28912940656e-05, 5.76739257667e-05, 5.14756284247e-05, 5.15869542141e-05, 6.16299485046e-06], "dmean2": [7.59823669796e-05, 0.00116696744226, 0.0036385115236, 0.00277899135835, 0.00471826223657, 0.000457828427898, 0.000237232234213, 0.000131265900563, 0.00015373295173, 0.000124756625155, 0.000104943996121, 0.000117151350423, 0.000178704634891, 6.87700739945e-05, 0.000203550196602, 4.4890693971e-05, 4.84700358356e-05, 4.46154517704e-05, 3.65680643881e-05, 3.57279714081e-05, 4.11926193919e-05, 3.74140909116e-05, 3.54713047273e-05, 9.43504273891e-05, 8.43643720145e-05, 8.89547009137e-05, 1.08721023935e-05], "dvar": [3.71713440472e-07, 1.36141534313e-05, 3.47984569089e-05, 4.75019442092e-05, 6.06420690019e-05, 7.32037563012e-07, 1.92611182115e-07, 1.13306953153e-07, 1.11199682351e-07, 1.96154118726e-07, 5.937132741e-08, 5.129620817e-08, 1.48559638546e-06, 6.95815600693e-08, 3.78763701292e-07, 7.61203899913e-09, 2.78896603589e-08, 2.89470509784e-08, 4.82663420343e-09, 6.9967853733e-09, 9.1170493377e-09, 7.32248661706e-09, 1.04021413705e-08, 1.35292253844e-07, 1.07703414187e-07, 1.40911438962e-07, 2.0658506017e-09], "dvar2": [3.01034702943e-07, 2.61848235823e-05, 9.49075038079e-05, 7.91696438682e-05, 0.000152630906086, 1.36429855502e-06, 5.23032611e-07, 1.70849133951e-07, 2.04588900488e-07, 2.98231213947e-07, 9.77785461487e-08, 1.02768339616e-07, 4.41565498477e-06, 1.77615703478e-07, 7.73305430357e-07, 1.77693575409e-08, 4.19786729822e-08, 9.01106744777e-08, 1.08260023168e-08, 1.49302881169e-08, 2.12052952975e-08, 1.71857372777e-08, 2.72660400924e-08, 3.8448166606e-07, 3.06773955572e-07, 4.02594224624e-07, 5.91942850292e-09], "max": [0.0158342495561, 0.100421130657, 0.142623573542, 0.354248344898, 0.269883543253, 0.0249694436789, 0.0160368923098, 0.0161098446697, 0.0105658350512, 0.0189259797335, 0.0118905678391, 0.00624999729916, 0.0672522634268, 0.00836521293968, 0.0168407261372, 0.00223462795839, 0.0105324909091, 0.0062867035158, 0.00173042493407, 0.00249279337004, 0.00277424883097, 0.00162055715919, 0.00262307981029, 0.0145497666672, 0.0109193800017, 0.0111628407612, 0.00129258050583], "mean": [0.00024588854285, 0.00154199439567, 0.00345801794901, 0.00368143990636, 0.00679205544293, 0.00105357985012, 0.000346226705005, 0.000314476870699, 0.000381106889108, 0.000261257984675, 0.000277495884802, 0.000232093341765, 0.000348265253706, 8.69406503625e-05, 0.000305068999296, 5.83919681958e-05, 6.97279974702e-05, 5.25314026163e-05, 4.75752276543e-05, 5.64781403227e-05, 5.56549093744e-05, 5.4633601394e-05, 3.18003039865e-05, 6.2510065618e-05, 5.64283691347e-05, 4.28187267971e-05, 4.50947482022e-06], "median": [1.09327089604e-07, 8.33193844301e-05, 0.000640185899101, 0.000365032814443, 0.00211542472243, 0.000410730630392, 0.000110493601824, 5.23131602677e-05, 0.000107320767711, 3.21803927363e-05, 4.89306039526e-05, 4.74409098388e-05, 2.33778082475e-05, 4.69362385047e-06, 2.77290200756e-05, 1.07124797069e-05, 1.04964383354e-05, 1.45269250424e-05, 1.21062239486e-05, 1.60413583217e-05, 1.27765415527e-05, 1.05195458673e-05, 3.46598858414e-06, 6.16990655544e-06, 4.54863220511e-06, 2.12373879549e-06, 9.83732064697e-08], "min": [1.17665388217e-23, 3.21499757052e-23, 1.45939835446e-23, 2.13208923619e-23, 4.57840480567e-23, 7.44385116711e-23, 2.45573441092e-23, 5.95178324267e-23, 7.317318509e-23, 6.56767093275e-23, 8.26031904857e-23, 5.45325281174e-23, 8.46050607168e-23, 5.53915156017e-23, 1.45578259472e-22, 1.24608986081e-22, 1.01861254179e-22, 2.90832164584e-22, 2.06465775311e-22, 5.68805719707e-22, 3.20979045746e-22, 5.01511466871e-22, 6.65272276011e-22, 7.45897849005e-22, 1.28131872277e-21, 1.82644286334e-21, 2.52405056048e-21], "var": [2.17361548493e-06, 4.21337826992e-05, 4.89773374284e-05, 0.000156437803525, 0.000170632876689, 4.35250740338e-06, 4.82809639379e-07, 5.59068325856e-07, 6.02447073561e-07, 8.25254289794e-07, 4.75333052918e-07, 2.18808210661e-07, 1.74391482233e-06, 1.37938229727e-07, 9.70774976849e-07, 1.58895527846e-08, 8.64576819026e-08, 2.68416648908e-08, 1.06400568356e-08, 1.61163065115e-08, 1.81206729621e-08, 1.42416611837e-08, 1.04717061689e-08, 8.85357565039e-08, 6.97177000575e-08, 8.39669880293e-08, 1.2043106512e-09]}, "erbbands": {"dmean": [0.0243562050164, 0.236162647605, 2.05747389793, 4.06626319885, 10.0021018982, 10.5343418121, 5.90280723572, 1.85463380814, 1.63137364388, 2.82841563225, 1.33099281788, 3.27972221375, 4.1612071991, 1.36560475826, 3.36282420158, 3.83472919464, 5.2709736824, 3.20603203773, 8.47528266907, 1.99971520901, 1.57186460495, 1.8050558567, 1.64926564693, 1.38815307617, 1.09750330448, 1.08089339733, 1.0565032959, 1.07817745209, 1.06902766228, 0.588992118835, 0.670805811882, 1.08393728733, 0.970013201237, 0.599362134933, 0.376123428345, 0.30677524209, 0.075227431953, 0.00939445663244, 0.00120143336244, 3.25404871546e-05], "dmean2": [0.0250266101211, 0.367898464203, 3.41642928123, 6.09658241272, 14.7984275818, 17.3434371948, 8.80093860626, 2.60145902634, 2.62807416916, 4.16837692261, 1.73847126961, 4.19222354889, 5.15897369385, 1.77727103233, 4.54671478271, 5.55947303772, 7.54826879501, 4.96094465256, 12.2284641266, 2.8399181366, 2.28771901131, 2.42990469933, 2.54251718521, 2.13230586052, 1.61044108868, 1.51756739616, 1.57489192486, 1.58021020889, 1.55511081219, 0.861443340778, 1.04553413391, 1.73857748508, 1.61430943012, 0.980128467083, 0.620090425014, 0.527815103531, 0.130065202713, 0.0162705630064, 0.00212196144275, 5.46727133042e-05], "dvar": [0.0233615357429, 0.908949136734, 36.4690704346, 111.129501343, 1213.578125, 723.405639648, 237.350982666, 18.6183834076, 26.0828723907, 81.7313461304, 14.4712991714, 83.650428772, 299.566375732, 47.4017601013, 80.4844589233, 115.419204712, 2059.55126953, 825.018554688, 1466.74951172, 42.9047927856, 23.8411102295, 98.0729904175, 81.7780303955, 25.679889679, 12.2004499435, 11.6249084473, 12.0617227554, 17.3086414337, 14.2047719955, 3.45473909378, 8.64536952972, 28.0941638947, 60.4675445557, 16.8095741272, 5.14230012894, 5.3121509552, 0.309437602758, 0.00408458383754, 8.39726635604e-05, 4.1534836015e-08], "dvar2": [0.022404320538, 2.25963664055, 96.0695037842, 219.432022095, 2758.08813477, 1927.88049316, 492.217315674, 38.508102417, 64.6586914062, 159.054290771, 28.1711139679, 149.010879517, 454.955596924, 71.8741912842, 151.820343018, 233.25302124, 6028.4140625, 2554.56542969, 2992.51879883, 81.185295105, 52.1798667908, 134.15562439, 251.789474487, 65.5572280884, 27.1909198761, 25.0973491669, 28.8363265991, 39.9907493591, 33.2261428833, 8.24865913391, 22.3885421753, 75.8083267212, 175.679855347, 48.0782089233, 14.5465660095, 15.2769498825, 0.879657864571, 0.0116578461602, 0.000240800232859, 1.17632289687e-07], "max": [3.71017456055, 27.9353256226, 158.439208984, 448.594024658, 1384.80700684, 858.692993164, 365.503143311, 122.862098694, 132.602920532, 353.865966797, 111.136131287, 316.322052002, 734.377502441, 442.339447021, 312.415618896, 303.699279785, 2464.64672852, 1495.10217285, 1038.63378906, 187.195983887, 123.405273438, 676.570068359, 332.219482422, 169.741912842, 112.491943359, 92.4311676025, 96.3146743774, 145.626663208, 79.7086105347, 41.3871917725, 80.1967163086, 113.212936401, 358.453063965, 156.385482788, 78.3935089111, 79.9525299072, 15.2539520264, 1.93919456005, 0.296257287264, 0.00613320153207], "mean": [0.0570741333067, 0.351115643978, 3.35976147652, 7.82867956161, 19.1357288361, 23.3268375397, 17.7252235413, 6.14706993103, 4.26342344284, 7.87440443039, 4.54307842255, 10.5872306824, 12.0246257782, 4.20061445236, 12.3724889755, 11.5626888275, 15.7397565842, 7.75182247162, 18.5878601074, 4.83112049103, 3.30997300148, 3.69351649284, 3.27628922462, 2.6654522419, 2.20985007286, 2.5307097435, 2.04833745956, 2.22985386848, 2.1602165699, 1.34437525272, 0.952502310276, 1.22216236591, 0.973495721817, 0.658826887608, 0.407543092966, 0.252991974354, 0.0646048337221, 0.00811216235161, 0.000893182412256, 4.27470258728e-05], "median": [0.000897999678273, 0.0443123690784, 0.686839520931, 2.3508002758, 2.41388106346, 8.48299503326, 6.78066635132, 2.28762388229, 1.38881313801, 2.82860088348, 1.30278718472, 3.36524271965, 2.14941740036, 1.42912375927, 2.41014003754, 2.96691679955, 1.65373802185, 0.966449022293, 1.79033172131, 0.883679032326, 0.589341521263, 0.580957889557, 1.00987136364, 0.70312333107, 0.501892745495, 0.809927999973, 0.568432867527, 0.498302966356, 0.343785375357, 0.249796941876, 0.121001288295, 0.124423228204, 0.0779562816024, 0.0495093017817, 0.032405719161, 0.0132281184196, 0.00314591010101, 0.000362786406185, 3.17335616273e-05, 1.28579349621e-05], "min": [6.00366567777e-22, 8.47610034979e-21, 1.62546467207e-20, 5.51010726169e-20, 1.12448043994e-19, 1.78191441427e-19, 3.48415685988e-19, 6.18577397692e-19, 2.67950709625e-19, 1.0159789005e-18, 9.17218291651e-19, 1.57642943767e-18, 1.66859762383e-18, 2.702297318e-18, 3.17363289604e-18, 2.8819671509e-18, 4.23709289428e-18, 1.8893305635e-18, 5.70066656546e-18, 8.22808135835e-18, 6.76169692745e-18, 6.63194951247e-18, 1.02580727442e-17, 1.42725183961e-17, 1.75282235322e-17, 2.31924718168e-17, 1.49518867963e-17, 1.47689309884e-17, 1.88935926667e-17, 1.81997254447e-17, 2.01680132928e-17, 1.6850004913e-17, 1.14843216802e-17, 1.21045648646e-17, 1.10197828385e-17, 6.26606478007e-18, 3.35282689329e-18, 1.27796540527e-18, 3.35787016179e-19, 3.89851192049e-20], "var": [0.116212747991, 1.31367468834, 51.2847251892, 343.148986816, 3057.64086914, 1823.09570312, 1222.0123291, 107.135498047, 94.3020477295, 295.211669922, 70.4059295654, 442.241821289, 1298.92785645, 195.214370728, 912.263427734, 493.464141846, 2731.90307617, 760.767456055, 3717.63842773, 156.515228271, 58.2626342773, 314.451263428, 83.8553314209, 39.1847915649, 27.3069076538, 28.3008441925, 21.1433620453, 34.6913108826, 26.8964118958, 8.12888145447, 8.65856838226, 22.4377288818, 35.9019317627, 10.8201589584, 3.39614009857, 3.11511611938, 0.186930939555, 0.00246236240491, 4.87679135404e-05, 2.76784799524e-08]}, "gfcc": {"mean": [-128.43019104, 96.9365997314, -94.0330963135, 20.1312618256, -61.3677825928, 3.80452847481, -43.9699401855, -7.42115879059, -38.1258773804, -4.95826244354, -21.6192646027, -6.30924987793, -13.2748384476], "cov": [[39416.8320312, 2440.44848633, -1173.20129395, 1010.98205566, -707.782775879, 932.598327637, -940.274597168, -614.046203613, -1290.73132324, -319.220611572, -1198.01293945, -479.090393066, -522.465881348], [2440.44848633, 3321.18603516, -55.4440116882, -71.3996200562, 284.933258057, -482.934692383, 120.959602356, -246.544219971, 87.715385437, -405.147735596, 51.2857627869, -249.774230957, 94.592300415], [-1173.20129395, -55.4440116882, 1011.52838135, 29.7083587646, 155.429977417, 169.389450073, 93.1591033936, 104.580863953, 66.6338272095, 107.693382263, -16.0314884186, 60.4819335938, -92.7869796753], [1010.98205566, -71.3996200562, 29.7083587646, 356.282104492, 68.8774185181, 109.146377563, 29.4220943451, 2.72080612183, -16.9868869781, 7.26793766022, 18.9374504089, 3.24601531029, -20.4924888611], [-707.782775879, 284.933258057, 155.429977417, 68.8774185181, 415.004516602, 48.8783912659, 105.65158844, 14.295463562, 121.942596436, 2.48341679573, 29.0635299683, -23.7724933624, 7.16164731979], [932.598327637, -482.934692383, 169.389450073, 109.146377563, 48.8783912659, 341.162689209, 35.5625190735, 38.8561096191, -9.21115875244, 120.409431458, -28.0573177338, 42.4321060181, -76.6823577881], [-940.274597168, 120.959602356, 93.1591033936, 29.4220943451, 105.65158844, 35.5625190735, 240.867446899, 8.93352603912, 68.1819152832, -22.3528022766, 46.7820510864, 54.0091285706, 1.30980873108], [-614.046203613, -246.544219971, 104.580863953, 2.72080612183, 14.295463562, 38.8561096191, 8.93352603912, 159.817947388, 44.4967651367, 47.3418312073, 6.10446929932, 13.9659748077, 17.801153183], [-1290.73132324, 87.715385437, 66.6338272095, -16.9868869781, 121.942596436, -9.21115875244, 68.1819152832, 44.4967651367, 174.039886475, 26.696308136, 33.6017799377, -4.75320339203, 34.1005477905], [-319.220611572, -405.147735596, 107.693382263, 7.26793766022, 2.48341679573, 120.409431458, -22.3528022766, 47.3418312073, 26.696308136, 200.850524902, 25.8669490814, 31.7797813416, -40.5297775269], [-1198.01293945, 51.2857627869, -16.0314884186, 18.9374504089, 29.0635299683, -28.0573177338, 46.7820510864, 6.10446929932, 33.6017799377, 25.8669490814, 161.071533203, 38.2544746399, 14.2493953705], [-479.090393066, -249.774230957, 60.4819335938, 3.24601531029, -23.7724933624, 42.4321060181, 54.0091285706, 13.9659748077, -4.75320339203, 31.7797813416, 38.2544746399, 154.706939697, -6.07035398483], [-522.465881348, 94.592300415, -92.7869796753, -20.4924888611, 7.16164731979, -76.6823577881, 1.30980873108, 17.801153183, 34.1005477905, -40.5297775269, 14.2493953705, -6.07035398483, 104.222518921]], "icov": [[0.000106921397673, -0.00023941542895, 0.000194306514459, -0.000258063140791, 0.000105214741779, -0.000488659949042, 0.000283592496999, -0.000112635192636, 0.000474349595606, -0.00013805423805, 0.000687049003318, -0.000183293363079, 0.000210945741856], [-0.00023941542895, 0.00117435131688, -0.000637253804598, 0.00060789618874, -0.00052536081057, 0.00165516871493, -0.000876919017173, 0.00101906096097, -0.00120429485105, 0.00109103030991, -0.0018697862979, 0.00125294434838, -0.00047604154679], [0.000194306514459, -0.000637253804598, 0.00176998961251, -0.000404225284001, -0.000144005913171, -0.00115500832908, 0.000345474487403, -0.00125691003632, 0.000704419566318, -0.000708167732228, 0.00170831137802, -0.00101480493322, 0.00162062025629], [-0.000258063140791, 0.00060789618874, -0.000404225284001, 0.00401054602116, -0.000833048950881, -0.000130621527205, -0.000761343806516, 0.000201095710509, -0.000379908189643, 0.000971300178207, -0.00249686953612, 0.00079465447925, -0.000590666721109], [0.000105214741779, -0.00052536081057, -0.000144005913171, -0.000833048950881, 0.00388839351945, -0.00126694166102, -0.000409450702136, 0.000120104275993, -0.00171393784694, -5.62431232538e-05, 0.000481041759485, 0.000468359416118, -2.04116349778e-06], [-0.000488659949042, 0.00165516871493, -0.00115500832908, -0.000130621527205, -0.00126694166102, 0.00817081332207, -0.0025200068485, 0.00044130376773, -0.00150072982069, -0.00154764961917, -0.00161343277432, 0.000735401001293, 0.00120184349362], [0.000283592496999, -0.000876919017173, 0.000345474487403, -0.000761343806516, -0.000409450702136, -0.0025200068485, 0.00718946801499, -0.000372106296709, -0.000926036387682, 0.00169405795168, 0.000593289325479, -0.00297958776355, 0.00122974615078], [-0.000112635192636, 0.00101906096097, -0.00125691003632, 0.000201095710509, 0.000120104275993, 0.00044130376773, -0.000372106296709, 0.00909118447453, -0.0022478075698, -0.000254410639172, -0.000981262652203, 0.00109971989878, -0.00296591431834], [0.000474349595606, -0.00120429485105, 0.000704419566318, -0.000379908189643, -0.00171393784694, -0.00150072982069, -0.000926036387682, -0.0022478075698, 0.012002361007, -0.00305633293465, 0.00254138442688, 0.000220654299483, -0.00201767846011], [-0.00013805423805, 0.00109103030991, -0.000708167732228, 0.000971300178207, -5.62431232538e-05, -0.00154764961917, 0.00169405795168, -0.000254410639172, -0.00305633293465, 0.0096982344985, -0.00346863060258, 0.000288980692858, 0.00202805711888], [0.000687049003318, -0.0018697862979, 0.00170831137802, -0.00249686953612, 0.000481041759485, -0.00161343277432, 0.000593289325479, -0.000981262652203, 0.00254138442688, -0.00346863060258, 0.012619510293, -0.0033990086522, 0.00100739882328], [-0.000183293363079, 0.00125294434838, -0.00101480493322, 0.00079465447925, 0.000468359416118, 0.000735401001293, -0.00297958776355, 0.00109971989878, 0.000220654299483, 0.000288980692858, -0.0033990086522, 0.00984461605549, -0.00136643380392], [0.000210945741856, -0.00047604154679, 0.00162062025629, -0.000590666721109, -2.04116349778e-06, 0.00120184349362, 0.00122974615078, -0.00296591431834, -0.00201767846011, 0.00202805711888, 0.00100739882328, -0.00136643380392, 0.0150180775672]]}, "melbands": {"dmean": [0.000200041336939, 0.000793665181845, 0.000916658260394, 0.000737195950933, 0.000256335508311, 4.40630319645e-05, 2.69369356829e-05, 2.98897957691e-05, 9.06682817003e-06, 2.24965333473e-05, 2.03158433578e-05, 4.68271446152e-06, 9.72757698037e-06, 9.79835658654e-06, 9.2910568128e-06, 1.39731819218e-05, 4.82832820126e-06, 1.33388593895e-05, 6.18981357547e-06, 2.4118521651e-06, 1.71424812834e-06, 2.31327317124e-06, 1.43244642459e-06, 1.38760378832e-06, 1.17893864626e-06, 7.75211731252e-07, 8.73140606927e-07, 7.25522113498e-07, 7.32122089175e-07, 6.49149228593e-07, 6.61668593693e-07, 7.06279365659e-07, 3.74472449494e-07, 3.10981874918e-07, 3.17021260798e-07, 6.2257117861e-07, 6.94985658356e-07, 7.09403082055e-07, 6.17872103703e-07, 4.80049038742e-07], "dmean2": [0.00024609992397, 0.00130923790857, 0.00132531707641, 0.00116617279127, 0.000397018360673, 6.21489525656e-05, 4.3724936404e-05, 4.28837593063e-05, 1.18890175145e-05, 2.86600188701e-05, 2.53026446444e-05, 6.17487012278e-06, 1.31267433972e-05, 1.40698057294e-05, 1.31333345053e-05, 2.02326882572e-05, 7.6025648923e-06, 1.92080751731e-05, 8.82935091795e-06, 3.5387531625e-06, 2.54807355304e-06, 3.0817161587e-06, 2.18779450734e-06, 2.20572724174e-06, 1.81065809102e-06, 1.18877210298e-06, 1.23534243812e-06, 1.03276840946e-06, 1.10997643787e-06, 9.67305481936e-07, 9.85401698017e-07, 1.04437583559e-06, 5.41470512871e-07, 4.62933968493e-07, 4.96833592933e-07, 9.94819401967e-07, 1.12509451355e-06, 1.18544937777e-06, 1.03445859168e-06, 7.79509093718e-07], "dvar": [1.12752479708e-06, 5.60545095141e-06, 7.67520759837e-06, 4.22697667091e-06, 3.85640390732e-07, 1.08541362565e-08, 6.62230359438e-09, 9.25177623401e-09, 7.16559922509e-10, 3.95936394781e-09, 7.35997085499e-09, 6.38882724502e-10, 7.35649763328e-10, 6.13954498352e-10, 9.54557988209e-10, 2.52011052027e-08, 1.45069789514e-09, 3.7624245941e-09, 5.78036063459e-10, 4.60576993211e-11, 3.73405889542e-11, 1.99143646018e-10, 3.46903582249e-11, 1.16049975185e-10, 1.6982420678e-11, 7.27966732034e-12, 1.17925764639e-11, 4.92196257709e-12, 6.25213813013e-12, 5.28277248335e-12, 9.09142813116e-12, 6.97671607985e-12, 1.38629819429e-12, 1.19536401177e-12, 1.88842756536e-12, 9.66193704904e-12, 1.18391425136e-11, 2.24736028398e-11, 4.55399225274e-11, 8.02647271564e-12], "dvar2": [1.52917561991e-06, 1.45762887769e-05, 1.44208879647e-05, 1.02863232314e-05, 9.24684911752e-07, 2.20990692412e-08, 1.71420406758e-08, 1.62799302927e-08, 1.46511824894e-09, 7.09881931016e-09, 1.11772218148e-08, 9.79646919141e-10, 1.32525490582e-09, 1.30403610132e-09, 2.04598604725e-09, 7.49449284854e-08, 4.41689440578e-09, 7.62820207001e-09, 1.1428449298e-09, 1.04419410618e-10, 8.20219170361e-11, 2.65637484231e-10, 8.81432704603e-11, 3.80830006419e-10, 4.09558637005e-11, 1.83242067353e-11, 2.48968536759e-11, 1.08560044634e-11, 1.5195377942e-11, 1.14885540317e-11, 2.13032647078e-11, 1.6882932552e-11, 3.07892383464e-12, 2.92743628817e-12, 4.82378156516e-12, 2.56971336571e-11, 3.20823680122e-11, 6.44920297721e-11, 1.34061137191e-10, 2.24087311207e-11], "max": [0.0247142650187, 0.0679842457175, 0.132093936205, 0.0728819072247, 0.0124980174005, 0.00236595142633, 0.00188304320909, 0.00419382797554, 0.000882993335836, 0.00211271224543, 0.00363957649097, 0.0016267716419, 0.000912737217732, 0.000709958723746, 0.000914457777981, 0.00878471788019, 0.00173604802694, 0.00167197734118, 0.000650829577353, 0.000123948891996, 0.000139365627547, 0.00097689696122, 0.00016186494031, 0.000450687104603, 9.70437613432e-05, 9.05694760149e-05, 0.000149766317918, 5.84224544582e-05, 7.92145292507e-05, 8.84798646439e-05, 0.00012950009841, 4.92673207191e-05, 2.40244116867e-05, 2.74350350082e-05, 3.68838773284e-05, 9.89873515209e-05, 5.89362425671e-05, 0.000190184058738, 0.000339332211297, 7.47366866563e-05], "mean": [0.000443665572675, 0.0012857747497, 0.00178742338903, 0.00157726544421, 0.000720824231394, 0.000143360812217, 6.81195379002e-05, 8.63337627379e-05, 2.99518906104e-05, 7.17227449059e-05, 5.73359939153e-05, 1.31296446853e-05, 3.420295252e-05, 3.19149403367e-05, 2.48490050581e-05, 4.1653853259e-05, 8.9981876954e-06, 2.8772137739e-05, 1.40248230309e-05, 4.67116433356e-06, 3.40127235177e-06, 4.50007610198e-06, 2.78994912151e-06, 2.56637167695e-06, 2.10702455661e-06, 1.50965979628e-06, 1.66153290593e-06, 1.72573641066e-06, 1.42020849125e-06, 1.1732886378e-06, 1.3404605852e-06, 1.39878784466e-06, 7.84123244557e-07, 6.63785499455e-07, 4.52140596963e-07, 7.97161192168e-07, 7.18621038232e-07, 6.87730107529e-07, 6.39518589196e-07, 5.33959735094e-07], "median": [1.27927341964e-05, 0.000232705555391, 0.000448442675406, 0.000422201468609, 0.000286283757305, 5.25135037606e-05, 2.24778941629e-05, 2.84349098365e-05, 6.95016251484e-06, 2.11259593925e-05, 8.87583610165e-06, 3.12398719871e-06, 5.45881539438e-06, 8.52833454701e-06, 5.08656739839e-06, 2.13879684452e-06, 7.68297752529e-07, 2.30704631576e-06, 1.39361952733e-06, 8.64510184329e-07, 5.58301564979e-07, 4.52000818996e-07, 8.70466976721e-07, 7.63931950587e-07, 4.23163641017e-07, 2.29645380045e-07, 3.02881545622e-07, 5.05098114445e-07, 3.37550829954e-07, 2.41869884121e-07, 2.00861308031e-07, 1.97549425707e-07, 1.45788987993e-07, 1.11249100598e-07, 5.403274983e-08, 5.49175958042e-08, 7.16396968414e-08, 4.98377161762e-08, 4.31919708888e-08, 3.41187984532e-08], "min": [8.57650601675e-24, 1.00112231223e-23, 1.08455579144e-23, 1.02506416182e-23, 1.15445431078e-23, 1.38500829778e-23, 4.25688079904e-24, 1.31756842122e-23, 6.28644951422e-24, 1.13253494278e-23, 9.07496750124e-24, 1.1155127444e-23, 1.15130636134e-23, 6.51903371364e-24, 1.05607231185e-23, 5.71671365808e-24, 3.62772557294e-24, 8.32762040116e-24, 1.19212652108e-23, 8.95958476094e-24, 7.70598854151e-24, 6.57214259079e-24, 5.75794662874e-24, 1.42349129932e-23, 1.07122703981e-23, 1.0169887505e-23, 1.66993002616e-23, 1.51906590006e-23, 1.0583167789e-23, 9.0729787829e-24, 7.44013610557e-24, 1.105388188e-23, 9.50957463975e-24, 1.09744664638e-23, 1.17469190622e-23, 1.08889949624e-23, 9.81440232645e-24, 7.16713974526e-24, 9.2301182975e-24, 1.02569982593e-23], "var": [5.13928762302e-06, 8.00355701358e-06, 2.38481115957e-05, 1.13930109364e-05, 1.71162685092e-06, 6.05779462148e-08, 2.12576978242e-08, 3.79575340048e-08, 3.39519012904e-09, 2.11274393536e-08, 3.181145658e-08, 2.60267518648e-09, 6.97221169688e-09, 3.4919906966e-09, 3.04630209946e-09, 3.06725489452e-08, 1.38618405643e-09, 9.62238466684e-09, 1.77210124352e-09, 1.0295953673e-10, 8.28883073289e-11, 6.37670194426e-10, 5.26602199347e-11, 8.66543642397e-11, 2.79549734056e-11, 1.68788576865e-11, 2.15691214889e-11, 1.36196262601e-11, 1.13393383225e-11, 1.11482646031e-11, 1.94196811409e-11, 1.21741080758e-11, 3.23125575775e-12, 2.45328887413e-12, 2.07895397945e-12, 8.32033920928e-12, 9.14025799492e-12, 1.40296420315e-11, 2.54962023716e-11, 5.78242358509e-12]}, "mfcc": {"mean": [-765.263793945, 128.878036499, 20.1130104065, 19.1884765625, 1.59168183804, 3.49486899376, -1.77628397942, -7.96499252319, -8.83958435059, -11.7075767517, -9.11589050293, -7.16602420807, -10.3805198669], "cov": [[18431.21875, 1236.60705566, -103.558685303, 108.626983643, 159.652832031, 845.906860352, 152.824707031, -80.3180389404, 98.376411438, -43.9179878235, -196.172592163, -367.028503418, -330.401824951], [1236.60705566, 2419.11132812, -26.937828064, 243.611404419, 120.385055542, -58.3415489197, 0.829090058804, 56.6766891479, 35.4551315308, -93.0162887573, -107.201950073, -75.6234512329, -79.9473724365], [-103.558685303, -26.937828064, 650.385803223, 46.3072547913, 56.5129051208, 115.21711731, 72.4910812378, 75.1599197388, 35.5007667542, 18.2550163269, 33.3977546692, 96.9108963013, 33.747631073], [108.626983643, 243.611404419, 46.3072547913, 289.351135254, 98.0043716431, 41.8672103882, 40.1152153015, 46.8098335266, 17.3400058746, 0.97698277235, 26.6983394623, 37.1092605591, 15.9607410431], [159.652832031, 120.385055542, 56.5129051208, 98.0043716431, 304.538635254, 84.274887085, 54.1077079773, 24.740240097, 50.5849456787, 87.2228775024, 52.2283363342, 11.9103908539, 14.4360198975], [845.906860352, -58.3415489197, 115.21711731, 41.8672103882, 84.274887085, 308.418945312, 76.186340332, 58.6616859436, 35.449016571, 29.1562023163, 59.6625175476, 61.1944580078, 40.6757736206], [152.824707031, 0.829090058804, 72.4910812378, 40.1152153015, 54.1077079773, 76.186340332, 143.56880188, 40.0702285767, 7.21248722076, 19.940788269, 42.4734382629, 56.0816307068, 16.645866394], [-80.3180389404, 56.6766891479, 75.1599197388, 46.8098335266, 24.740240097, 58.6616859436, 40.0702285767, 184.857131958, 43.1356315613, -28.0058307648, 4.15061044693, 27.7913074493, 50.4062347412], [98.376411438, 35.4551315308, 35.5007667542, 17.3400058746, 50.5849456787, 35.449016571, 7.21248722076, 43.1356315613, 157.436889648, 58.9801979065, -2.9721121788, -8.91749954224, 9.02538204193], [-43.9179878235, -93.0162887573, 18.2550163269, 0.97698277235, 87.2228775024, 29.1562023163, 19.940788269, -28.0058307648, 58.9801979065, 182.613571167, 46.1260375977, -27.2342414856, -11.9522619247], [-196.172592163, -107.201950073, 33.3977546692, 26.6983394623, 52.2283363342, 59.6625175476, 42.4734382629, 4.15061044693, -2.9721121788, 46.1260375977, 140.913925171, 64.9287490845, 6.7425904274], [-367.028503418, -75.6234512329, 96.9108963013, 37.1092605591, 11.9103908539, 61.1944580078, 56.0816307068, 27.7913074493, -8.91749954224, -27.2342414856, 64.9287490845, 200.360153198, 43.181427002], [-330.401824951, -79.9473724365, 33.747631073, 15.9607410431, 14.4360198975, 40.6757736206, 16.645866394, 50.4062347412, 9.02538204193, -11.9522619247, 6.7425904274, 43.181427002, 156.22354126]], "icov": [[8.01547357696e-05, -2.99229577649e-05, 2.52827503573e-05, -1.04071241367e-05, 8.13204405858e-06, -0.000316652673064, -9.12829782465e-05, 0.000104323378764, -3.47414897988e-05, 8.94200493349e-05, 0.00012547710503, 0.000166961981449, 0.000164854442119], [-2.99229577649e-05, 0.000527318683453, 3.61407637683e-06, -0.000403092650231, -0.000245396688115, 0.000208596058656, -3.56280252163e-05, -0.000109431042802, -0.000120179443911, 0.000328555761371, 0.000290735566523, 8.42199660838e-05, 0.000250693643466], [2.52827503573e-05, 3.61407637683e-06, 0.00181370635983, -3.76244352083e-05, -6.35251344647e-05, -0.00046595922322, -0.000344027415849, -0.000439386756625, -0.000108889587864, -0.000245955015998, 0.00034671893809, -0.0006998621393, 0.000138940042234], [-1.04071241367e-05, -0.000403092650231, -3.76244352083e-05, 0.00444473326206, -0.00113982358016, 6.03931221121e-05, -0.00031105655944, -0.00061901070876, 2.12619852391e-05, 0.000272882200079, -0.000485531811137, -0.0005226812209, -0.000166715748492], [8.13204405858e-06, -0.000245396688115, -6.35251344647e-05, -0.00113982358016, 0.00480692554265, -0.000677100324538, -0.000689702283125, 3.70984849951e-07, -0.000450769643066, -0.00185700831935, -0.000768248457462, 0.00032935210038, -0.000346644432284], [-0.000316652673064, 0.000208596058656, -0.00046595922322, 6.03931221121e-05, -0.000677100324538, 0.005593160633, -0.000916465360206, -0.000982139259577, -0.00039848886081, -0.000257406150922, -0.00144985469524, -0.000901187886484, -0.00113263819367], [-9.12829782465e-05, -3.56280252163e-05, -0.000344027415849, -0.00031105655944, -0.000689702283125, -0.000916465360206, 0.00967093370855, -0.00163605599664, 0.000915155396797, -0.00117849675007, -0.000934479176067, -0.00196125288494, 0.000133990048198], [0.000104323378764, -0.000109431042802, -0.000439386756625, -0.00061901070876, 3.70984849951e-07, -0.000982139259577, -0.00163605599664, 0.00775736710057, -0.00246012443677, 0.00238101254217, -0.000145101410453, 0.00077196478378, -0.00163296947721], [-3.47414897988e-05, -0.000120179443911, -0.000108889587864, 2.12619852391e-05, -0.000450769643066, -0.00039848886081, 0.000915155396797, -0.00246012443677, 0.00859767384827, -0.00348005187698, 0.00152509612963, -0.000414247857407, 1.37615088533e-05], [8.94200493349e-05, 0.000328555761371, -0.000245955015998, 0.000272882200079, -0.00185700831935, -0.000257406150922, -0.00117849675007, 0.00238101254217, -0.00348005187698, 0.00934781320393, -0.00284290034324, 0.00251223659143, 0.000322978186887], [0.00012547710503, 0.000290735566523, 0.00034671893809, -0.000485531811137, -0.000768248457462, -0.00144985469524, -0.000934479176067, -0.000145101410453, 0.00152509612963, -0.00284290034324, 0.01102063898, -0.00308534246869, 0.00105529371649], [0.000166961981449, 8.42199660838e-05, -0.0006998621393, -0.0005226812209, 0.00032935210038, -0.000901187886484, -0.00196125288494, 0.00077196478378, -0.000414247857407, 0.00251223659143, -0.00308534246869, 0.00802215468138, -0.00110318546649], [0.000164854442119, 0.000250693643466, 0.000138940042234, -0.000166715748492, -0.000346644432284, -0.00113263819367, 0.000133990048198, -0.00163296947721, 1.37615088533e-05, 0.000322978186887, 0.00105529371649, -0.00110318546649, 0.00798789318651]]}, "spectral_contrast_coeffs": {"dmean": [0.0445367619395, 0.0325048789382, 0.030528659001, 0.0296955704689, 0.0274335369468, 0.0230530202389], "dmean2": [0.0728241205215, 0.051018320024, 0.0468650683761, 0.0442200042307, 0.0410810448229, 0.0333731137216], "dvar": [0.00149843737017, 0.0010482937796, 0.00107284868136, 0.000911932031158, 0.000900317449123, 0.000647434208076], "dvar2": [0.00383810489438, 0.00241678743623, 0.00237701181322, 0.00186044198927, 0.00178922491614, 0.00130905257538], "max": [-0.221354603767, -0.377960294485, -0.399705290794, -0.434174060822, -0.511290967464, -0.530244588852], "mean": [-0.534567177296, -0.650484085083, -0.675552427769, -0.699508309364, -0.710121393204, -0.740528583527], "median": [-0.521674990654, -0.642868578434, -0.669237434864, -0.691833019257, -0.698887586594, -0.745893478394], "min": [-0.957472980022, -0.971240282059, -0.972375512123, -0.970142483711, -0.960250914097, -0.961450755596], "var": [0.0154204433784, 0.00954127497971, 0.00965062901378, 0.00907027628273, 0.00837846193463, 0.00765371881425]}, "spectral_contrast_valleys": {"dmean": [0.482657402754, 0.315934956074, 0.328138262033, 0.364650458097, 0.403389722109, 0.485819935799], "dmean2": [0.753812730312, 0.499750494957, 0.517578303814, 0.556102454662, 0.584065854549, 0.66612881422], "dvar": [0.192706778646, 0.125238165259, 0.153606444597, 0.172242417932, 0.227066934109, 0.31182256341],