{"lowlevel": {"average_loudness": 0.921583712101, "barkbands_crest": {"dmean": 2.91408038139, "dmean2": 4.65794849396, "dvar": 7.13123035431, "dvar2": 16.8871917725, "max": 26.095582962, "mean": 12.1271324158, "median": 11.484210968, "min": 2.31899666786, "var": 25.9147148132}, "barkbands_flatness_db": {"dmean": 0.0402402281761, "dmean2": 0.0588619336486, "dvar": 0.00252831494436, "dvar2": 0.00439035566524, "max": 0.590911328793, "mean": 0.235828250647, "median": 0.245565488935, "min": 0.0145225878805, "var": 0.013665725477}, "barkbands_kurtosis": {"dmean": 12.5074596405, "dmean2": 19.6410808563, "dvar": 1051.94262695, "dvar2": 2501.20336914, "max": 731.174499512, "mean": 17.6501560211, "median": 5.00599431992, "min": -1.87929689884, "var": 1516.02941895}, "barkbands_skewness": {"dmean": 1.00790572166, "dmean2": 1.51282763481, "dvar": 1.65819239616, "dvar2": 3.39286398888, "max": 20.4241085052, "mean": 2.56571006775, "median": 1.97519278526, "min": -2.34925794601, "var": 5.16394233704}, "barkbands_spread": {"dmean": 6.4657998085, "dmean2": 9.2479839325, "dvar": 138.839294434, "dvar2": 220.916534424, "max": 110.794975281, "mean": 14.2511482239, "median": 7.13201999664, "min": 0.207636222243, "var": 365.657653809}, "dissonance": {"dmean": 0.0250425711274, "dmean2": 0.0406274348497, "dvar": 0.000612950709183, "dvar2": 0.00152517668903, "max": 0.500000119209, "mean": 0.444011002779, "median": 0.45507517457, "min": 0.190076097846, "var": 0.00174272898585}, "dynamic_complexity": 4.91319847107, "erbbands_crest": {"dmean": 2.68708205223, "dmean2": 4.48152446747, "dvar": 6.51025056839, "dvar2": 17.4886894226, "max": 25.4406394958, "mean": 9.35294818878, "median": 8.6248588562, "min": 2.24664831161, "var": 15.6965761185}, "erbbands_flatness_db": {"dmean": 0.0322512052953, "dmean2": 0.0464472472668, "dvar": 0.00148589652963, "dvar2": 0.00250151869841, "max": 0.470068901777, "mean": 0.204793527722, "median": 0.217693388462, "min": 0.0438099727035, "var": 0.00691462820396}, "erbbands_kurtosis": {"dmean": 1.41225421429, "dmean2": 2.19742560387, "dvar": 4.94636869431, "dvar2": 11.3418531418, "max": 60.4321937561, "mean": 0.975505113602, "median": 0.0201970338821, "min": -1.8392406702, "var": 9.99649906158}, "erbbands_skewness": {"dmean": 0.478440582752, "dmean2": 0.714787900448, "dvar": 0.21313765645, "dvar2": 0.45166733861, "max": 6.50760698318, "mean": 0.661903738976, "median": 0.537858605385, "min": -3.71528172493, "var": 0.805619895458}, "erbbands_spread": {"dmean": 11.0516939163, "dmean2": 17.2884082794, "dvar": 210.55241394, "dvar2": 457.827880859, "max": 176.413299561, "mean": 32.5554504395, "median": 25.2479934692, "min": 2.59791994095, "var": 442.703521729}, "hfc": {"dmean": 9.68198776245, "dmean2": 14.098900795, "dvar": 704.511047363, "dvar2": 1411.86462402, "max": 292.862548828, "mean": 12.3224487305, "median": 3.90173864365, "min": 1.12034745063e-16, "var": 879.375}, "melbands_crest": {"dmean": 3.60368943214, "dmean2": 5.80790042877, "dvar": 10.9160318375, "dvar2": 27.0014038086, "max": 35.2404174805, "mean": 17.7911720276, "median": 17.3604831696, "min": 2.01125431061, "var": 41.8895759583}, "melbands_flatness_db": {"dmean": 0.0485913939774, "dmean2": 0.0678491964936, "dvar": 0.00354767753743, "dvar2": 0.00578917376697, "max": 0.760434567928, "mean": 0.337719380856, "median": 0.343671709299, "min": 0.00518504530191, "var": 0.0201953593642}, "melbands_kurtosis": {"dmean": 17.8584079742, "dmean2": 27.6785259247, "dvar": 1197.71740723, "dvar2": 2583.61279297, "max": 791.099731445, "mean": 31.0653018951, "median": 12.2696552277, "min": -1.82829296589, "var": 2845.5859375}, "melbands_skewness": {"dmean": 1.06095159054, "dmean2": 1.63208675385, "dvar": 1.68712186813, "dvar2": 3.56673717499, "max": 22.2709236145, "mean": 3.50398850441, "median": 2.93388557434, "min": -1.20002043247, "var": 5.62260341644}, "melbands_spread": {"dmean": 6.98122024536, "dmean2": 9.35464763641, "dvar": 205.873474121, "dvar2": 314.960662842, "max": 231.616714478, "mean": 13.9889259338, "median": 7.55740070343, "min": 0.242176666856, "var": 456.164733887}, "pitch_salience": {"dmean": 0.0868525207043, "dmean2": 0.139074131846, "dvar": 0.00720770610496, "dvar2": 0.0160917416215, "max": 0.895482540131, "mean": 0.495230168104, "median": 0.511802911758, "min": 0.106652893126, "var": 0.0210859961808}, "silence_rate_20dB": {"dmean": 0, "dmean2": 0, "dvar": 0, "dvar2": 0, "max": 1, "mean": 1, "median": 1, "min": 1, "var": 0}, "silence_rate_30dB": {"dmean": 0.0402744971216, "dmean2": 0.0805580541492, "dvar": 0.038650162518, "dvar2": 0.0830657109618, "max": 1, "mean": 0.910236239433, "median": 1, "min": 0, "var": 0.0817059800029}, "silence_rate_60dB": {"dmean": 0.0411744862795, "dmean2": 0.0823582336307, "dvar": 0.0394833087921, "dvar2": 0.0883967205882, "max": 1, "mean": 0.164229467511, "median": 0, "min": 0, "var": 0.13726092875}, "spectral_centroid": {"dmean": 242.207565308, "dmean2": 327.774810791, "dvar": 169155.203125, "dvar2": 229772.96875, "max": 11236.1806641, "mean": 706.238220215, "median": 479.960754395, "min": 106.758346558, "var": 486713.46875}, "spectral_complexity": {"dmean": 2.63966703415, "dmean2": 3.76552653313, "dvar": 27.2091293335, "dvar2": 38.1737670898, "max": 64, "mean": 9.53925800323, "median": 8, "min": 0, "var": 76.0058670044}, "spectral_decrease": {"dmean": 4.37335945236e-09, "dmean2": 6.93413149122e-09, "dvar": 7.09416893977e-17, "dvar2": 1.76953878004e-16, "max": -1.96172840797e-28, "mean": -7.94153631745e-09, "median": -2.77296985374e-09, "min": -9.11037290052e-08, "var": 1.52843773375e-16}, "spectral_energy": {"dmean": 0.0172292590141, "dmean2": 0.0272534675896, "dvar": 0.00105969200376, "dvar2": 0.00262895040214, "max": 0.346048295498, "mean": 0.0310908481479, "median": 0.0111074727029, "min": 1.09022744008e-20, "var": 0.00224383920431}, "spectral_energyband_high": {"dmean": 0.000677822274156, "dmean2": 0.000947635737248, "dvar": 4.28113025919e-06, "dvar2": 8.5279234554e-06, "max": 0.024741942063, "mean": 0.000675163057167, "median": 5.91262141825e-06, "min": 7.58765667312e-21, "var": 5.45247121408e-06}, "spectral_energyband_low": {"dmean": 0.0111044002697, "dmean2": 0.0185140743852, "dvar": 0.00071260088589, "dvar2": 0.00187290029135, "max": 0.337445348501, "mean": 0.01938842237, "median": 0.00321780797094, "min": 1.25879304574e-22, "var": 0.00164831744041}, "spectral_energyband_middle_high": {"dmean": 0.00142897001933, "dmean2": 0.00223995256238, "dvar": 3.70122834283e-05, "dvar2": 8.52878656588e-05, "max": 0.0651259496808, "mean": 0.00173293962143, "median": 0.000574058969505, "min": 1.99837970458e-21, "var": 3.53322320734e-05}, "spectral_energyband_middle_low": {"dmean": 0.00732795754448, "dmean2": 0.0112320221961, "dvar": 0.000269110692898, "dvar2": 0.000592807598878, "max": 0.154179736972, "mean": 0.0103526460007, "median": 0.00411852169782, "min": 4.03531307371e-22, "var": 0.000335498800268}, "spectral_entropy": {"dmean": 0.367015779018, "dmean2": 0.529681563377, "dvar": 0.201929420233, "dvar2": 0.337609350681, "max": 9.81032657623, "mean": 6.83376455307, "median": 6.64578056335, "min": 4.28748273849, "var": 0.820810556412}, "spectral_flux": {"dmean": 0.0358617343009, "dmean2": 0.0571952573955, "dvar": 0.0031678751111, "dvar2": 0.00787208788097, "max": 0.505636453629, "mean": 0.0782418474555, "median": 0.0491724312305, "min": 1.04413956648e-10, "var": 0.00607805978507}, "spectral_kurtosis": {"dmean": 11.7801904678, "dmean2": 18.7103862762, "dvar": 214.324279785, "dvar2": 501.896881104, "max": 160.862533569, "mean": 22.2435836792, "median": 12.4345703125, "min": -1.21252512932, "var": 592.856994629}, "spectral_rms": {"dmean": 0.00120797043201, "dmean2": 0.00182747130748, "dvar": 3.18390561915e-06, "dvar2": 6.96869801686e-06, "max": 0.0183741152287, "mean": 0.00438405340537, "median": 0.00329189281911, "min": 3.26134410276e-12, "var": 1.11125673357e-05}, "spectral_rolloff": {"dmean": 657.39276123, "dmean2": 984.253234863, "dvar": 2620773.25, "dvar2": 4549475, "max": 18174.0234375, "mean": 1131.78820801, "median": 473.73046875, "min": 64.599609375, "var": 4414459}, "spectral_skewness": {"dmean": 0.905942797661, "dmean2": 1.36968326569, "dvar": 0.892609298229, "dvar2": 2.05420446396, "max": 9.83346176147, "mean": 3.01579403877, "median": 2.68655061722, "min": -0.014715667814, "var": 2.72705006599}, "spectral_spread": {"dmean": 1113668.625, "dmean2": 1530631.625, "dvar": 2038219538430.0, "dvar2": 2784346243070.0, "max": 40163148, "mean": 3796362.75, "median": 2680736, "min": 497943.875, "var": 8042505043970.0}, "spectral_strongpeak": {"dmean": 0.255521982908, "dmean2": 0.432770192623, "dvar": 0.191861912608, "dvar2": 0.521108210087, "max": 15.3017368317, "mean": 0.450737297535, "median": 0.316441118717, "min": 0, "var": 0.21301138401}, "zerocrossingrate": {"dmean": 0.0154646020383, "dmean2": 0.015885181725, "dvar": 0.00069192139199, "dvar2": 0.000661402416881, "max": 0.5068359375, "mean": 0.0413593426347, "median": 0.02197265625, "min": 0.001953125, "var": 0.00270549766719}, "barkbands": {"dmean": [0.00137670768891, 0.00760073075071, 0.00441044010222, 0.00391941890121, 0.00304307625629, 0.000393465656089, 0.000360233563697, 0.000216240514419, 0.000245039904257, 0.000117695119116, 0.000125266553368, 0.000161546326126, 9.95073496597e-05, 9.91966007859e-05, 0.000390303495806, 0.000252167927101, 0.000186757955817, 7.4246643635e-05, 0.00010795264825, 9.91319393506e-05, 0.000100489181932, 9.18976220419e-05, 0.000128056417452, 0.000126341488794, 0.000100605990156, 6.93517140462e-05, 8.4131352196e-06], "dmean2": [0.00229468732141, 0.0124464798719, 0.00775010511279, 0.00600803410634, 0.00493844551966, 0.00066689203959, 0.000575899728574, 0.000339544436429, 0.000396710034693, 0.000187841869774, 0.000198143374291, 0.000259416119661, 0.000164268451044, 0.000164249751833, 0.000669529777952, 0.000411861779867, 0.000307317095576, 0.000107907842903, 0.000175201552338, 0.000154048626428, 0.000150967520312, 0.000130634260131, 0.000180881543201, 0.000185022188816, 0.000137862472911, 9.39454330364e-05, 1.17696044981e-05], "dvar": [1.91807266674e-05, 0.000426253245678, 0.000195233529666, 0.000104146733065, 4.08114901802e-05, 7.38275730328e-07, 5.08167545377e-07, 1.57443707849e-07, 2.72588891903e-07, 6.78892533301e-08, 1.02373569177e-07, 1.05901300174e-07, 1.28796202148e-07, 1.83509726526e-07, 5.04945592184e-06, 1.57260228661e-06, 1.04400567125e-06, 9.11875375209e-08, 2.7546604997e-07, 1.1931302879e-07, 1.35014204261e-07, 6.63712143023e-08, 2.09523847161e-07, 2.02683196449e-07, 7.41450207897e-08, 2.82619083691e-08, 5.15417653002e-10], "dvar2": [5.17234366271e-05, 0.00102022208739, 0.000538317428436, 0.000225048919674, 0.00010194726201, 2.00548447538e-06, 1.28856436277e-06, 3.46937810036e-07, 6.86950897943e-07, 1.72707601109e-07, 2.67111659014e-07, 2.36026821199e-07, 3.37134736128e-07, 4.84594977479e-07, 1.33820540213e-05, 3.46676574736e-06, 2.73672480944e-06, 1.87265527529e-07, 6.05278387411e-07, 2.43423329493e-07, 2.98674251553e-07, 1.23566081811e-07, 4.49996036878e-07, 4.54558403362e-07, 1.28634169982e-07, 5.30643013974e-08, 1.04624620079e-09], "max": [0.0550623424351, 0.318383216858, 0.138374820352, 0.105793505907, 0.0617891997099, 0.0106162661687, 0.0106607722118, 0.00824105367064, 0.00746064027771, 0.00391300022602, 0.00469284551218, 0.0044045522809, 0.00443770037964, 0.00637362711132, 0.0262119304389, 0.0143909603357, 0.0135767022148, 0.00396154355258, 0.00641298247501, 0.00407100049779, 0.00423691188917, 0.00328911142424, 0.0102378102019, 0.00613127462566, 0.00319177936763, 0.00262983725406, 0.000357759214239], "mean": [0.001474993187, 0.0122304297984, 0.00466077402234, 0.00446082185954, 0.00380140985362, 0.000512272818014, 0.00061290175654, 0.000419561605668, 0.000476353830891, 0.000176125875441, 0.00020078101079, 0.000282305438304, 0.000131539374706, 0.00010018046305, 0.000283961737296, 0.00022891399567, 0.000154927038238, 7.82139395596e-05, 9.57727243076e-05, 9.01019375306e-05, 9.37812947086e-05, 9.14816264412e-05, 0.000125603939523, 0.000113546273496, 0.00011092373461, 7.48533057049e-05, 8.36864273879e-06], "median": [5.48725147382e-05, 0.000990002416074, 0.00068684713915, 0.000414431910031, 0.00152929930482, 0.000216009037104, 0.000265679089352, 0.000146113219671, 0.000128925268655, 9.54218849074e-05, 7.1077789471e-05, 9.93673311314e-05, 3.62636346836e-05, 2.55387567449e-05, 1.49784036694e-05, 1.56784008141e-05, 9.40438258112e-06, 5.46278351976e-06, 3.96510040446e-06, 2.50323887485e-06, 1.47567857312e-06, 5.7053563296e-07, 6.40130451757e-07, 4.58952087001e-07, 1.79772555953e-07, 9.53266265924e-08, 1.49844296971e-08], "min": [1.64347967778e-23, 3.0437301882e-23, 5.76411070896e-23, 4.44422966312e-23, 1.15362412934e-22, 2.25619362266e-23, 5.14221631641e-23, 8.22249537698e-23, 5.56193133875e-23, 8.36420950544e-23, 1.20215876498e-22, 1.14530839944e-22, 1.20870832998e-22, 2.12435925129e-22, 1.5502435763e-22, 3.25869629948e-22, 2.39697847297e-22, 2.10236858604e-22, 2.23910203607e-22, 3.86554894473e-22, 3.51197164203e-22, 4.95740943038e-22, 6.53805494866e-22, 1.14472810074e-21, 1.1122045142e-21, 1.70405082884e-21, 2.09276573807e-21], "var": [1.96386736206e-05, 0.000872385804541, 0.000165584177012, 0.000128155385028, 4.42083983216e-05, 6.71307475386e-07, 7.43430689454e-07, 4.87939360028e-07, 6.51915001981e-07, 7.65342988984e-08, 1.2936169469e-07, 2.12371915609e-07, 1.17887196893e-07, 1.38597144428e-07, 3.52126585312e-06, 1.49623667767e-06, 7.9143177345e-07, 1.11956275362e-07, 2.6625534133e-07, 1.37946457812e-07, 1.43127280694e-07, 9.34522716989e-08, 2.36222589933e-07, 2.03969733548e-07, 1.16579535359e-07, 4.32912194981e-08, 6.40362873838e-10]}, "erbbands": {"dmean": [0.295326918364, 1.73206305504, 4.23084688187, 8.0319480896, 17.1820964813, 6.56540107727, 3.94818949699, 3.30306744576, 5.96937322617, 3.85769462585, 5.16695928574, 4.67838382721, 4.41389226913, 4.1945605278, 4.82979059219, 6.17409467697, 4.90494203568, 4.98090696335, 10.5423402786, 21.5249881744, 13.9671487808, 8.46256065369, 4.42801046371, 4.32675647736, 5.4430565834, 4.92482757568, 4.89227485657, 3.30409121513, 3.17653346062, 3.72290802002, 3.54284453392, 3.08322381973, 1.93418478966, 1.21332287788, 0.724776923656, 0.421273767948, 0.0926521793008, 0.0139833269641, 0.00156331202015, 0.000104862934677], "dmean2": [0.464366793633, 2.93243813515, 7.34578990936, 12.8391199112, 26.7766780853, 11.1878461838, 6.67527627945, 5.63787794113, 9.6001291275, 6.06979513168, 8.08053684235, 7.73539352417, 7.19561910629, 6.7980723381, 7.5772485733, 10.005859375, 8.01847457886, 8.04260158539, 17.5013504028, 35.8644752502, 22.4793128967, 13.2689113617, 6.57174491882, 6.69658231735, 8.79271030426, 7.62988710403, 7.52822351456, 4.74937963486, 4.61412143707, 5.46929264069, 4.9258055687, 4.42965936661, 2.9041633606, 1.71501636505, 1.00333929062, 0.557785511017, 0.12877419591, 0.0194799751043, 0.00218399125151, 0.000151107858983], "dvar": [0.601237118244, 21.1780967712, 163.899719238, 446.471862793, 1721.92895508, 182.640426636, 77.9753417969, 61.3870582581, 128.095031738, 74.2263259888, 90.5858383179, 102.834411621, 130.588867188, 94.5551223755, 161.310440063, 174.752243042, 279.563781738, 386.529724121, 3317.51269531, 13322.3867188, 5236.58837891, 1924.21325684, 349.300231934, 399.133483887, 591.869262695, 304.07723999, 360.612091064, 120.053939819, 91.5323104858, 126.048164368, 176.120498657, 114.046134949, 54.226108551, 13.1282844543, 3.90825343132, 0.948903024197, 0.0589019954205, 0.00137042999268, 1.76949342858e-05, 6.89139980636e-08], "dvar2": [1.4621219635, 55.1922187805, 447.39755249, 1079.41259766, 3966.11035156, 516.839416504, 214.094451904, 167.489593506, 322.210876465, 176.990646362, 213.420120239, 268.828826904, 338.474090576, 245.852386475, 398.973419189, 410.491027832, 715.461608887, 1004.22662354, 8569.30273438, 33149.703125, 12853.5683594, 4712.88525391, 741.59753418, 863.872131348, 1260.58056641, 634.411132812, 817.442199707, 255.909744263, 187.539459229, 231.580123901, 395.899414062, 250.735229492, 129.654922485, 26.834936142, 7.16465330124, 1.6457310915, 0.11829803884, 0.00269497651607, 3.71577480109e-05, 1.53538479708e-07], "max": [10.4035015106, 66.2697219849, 124.712440491, 186.77130127, 402.93182373, 191.016601562, 101.224189758, 81.2629165649, 149.001113892, 153.117462158, 156.255828857, 197.976150513, 181.860519409, 129.968414307, 200.904434204, 156.46824646, 221.512756348, 277.063812256, 714.373413086, 1287.39294434, 1013.43225098, 560.610229492, 245.016983032, 253.928985596, 287.873168945, 200.321838379, 242.533676147, 130.287521362, 126.126586914, 130.276046753, 353.809783936, 144.719009399, 96.9729385376, 43.2374649048, 23.4079723358, 14.9037542343, 3.76078772545, 0.521755099297, 0.064880438149, 0.00432505924255], "mean": [0.482693910599, 2.27074170113, 5.31784009933, 9.01338672638, 19.752696991, 8.57468414307, 5.48339939117, 3.96290946007, 8.89615821838, 8.11990451813, 11.7026386261, 8.12665367126, 5.85349082947, 6.97646522522, 7.76340866089, 11.0881576538, 6.71481800079, 5.78419303894, 8.68078994751, 16.6723232269, 11.8189001083, 7.64536809921, 4.47611665726, 4.19574689865, 4.87429666519, 4.41382408142, 4.27691459656, 3.26648426056, 3.02976560593, 3.7708978653, 3.48899388313, 2.81673431396, 1.70354306698, 1.14209365845, 0.854831397533, 0.479545623064, 0.0962210744619, 0.014247813262, 0.00153071177192, 0.000117903000501], "median": [0.0151464045048, 0.238148733974, 0.881672739983, 1.43414759636, 4.10620212555, 3.94886231422, 2.21062254906, 1.7894307375, 4.02582550049, 2.66832447052, 4.21264314651, 2.60300540924, 2.80059146881, 3.16369867325, 2.98015451431, 4.07696914673, 2.10512375832, 1.46064734459, 1.03674435616, 0.901043236256, 0.812267422676, 0.552867770195, 0.313285052776, 0.240315526724, 0.191920787096, 0.117740884423, 0.0801537185907, 0.0458723306656, 0.0218296796083, 0.0227716192603, 0.016041342169, 0.0130892954767, 0.005882314872, 0.00247633690014, 0.00115198246203, 0.000597033824306, 0.000139804760693, 2.62949433818e-05, 1.93093255803e-05, 1.96508226509e-05], "min": [1.6597675855e-21, 4.78532345025e-21, 5.38714557116e-20, 1.18442221228e-19, 2.79441540803e-19, 3.9128832789e-19, 2.61566322862e-19, 2.36929859841e-19, 5.45544277241e-19, 1.50478908258e-18, 1.38105537404e-18, 1.32258290712e-18, 2.13520462391e-18, 4.50497078616e-18, 4.15465028417e-18, 4.966920139e-18, 5.98546898627e-18, 6.5528201743e-18, 1.10737514104e-17, 1.07004274291e-17, 1.98490309419e-17, 1.45977492694e-17, 1.12996933132e-17, 1.01921282514e-17, 1.43686235484e-17, 1.96329779834e-17, 1.51181285927e-17, 1.51843427464e-17, 1.50261659609e-17, 1.88711545654e-17, 1.97352671379e-17, 1.88594135637e-17, 2.15230774112e-17, 9.98279530819e-18, 9.49027046478e-18, 5.73427325939e-18, 3.65573009385e-18, 1.41209088043e-18, 2.60662111055e-19, 2.93774939382e-20], "var": [1.40074801445, 31.7396755219, 168.560623169, 461.56149292, 1984.43334961, 178.708953857, 77.3884887695, 47.110660553, 155.354232788, 186.225662231, 308.53527832, 179.499572754, 121.717422485, 123.843437195, 211.021255493, 328.400421143, 261.038116455, 325.362945557, 2486.98681641, 10439.1591797, 4333.2578125, 1668.27087402, 397.213684082, 420.063262939, 600.966369629, 342.206939697, 355.450866699, 143.804244995, 111.095565796, 176.47744751, 187.926086426, 119.424324036, 49.7471580505, 15.6257591248, 6.36647939682, 1.65797913074, 0.0801945030689, 0.00183536601253, 2.12042705243e-05, 7.81422784257e-08]}, "gfcc": {"mean": [-114.808944702, 147.24156189, -90.4811477661, 7.60201597214, -36.8635749817, 7.39799022675, -28.4760608673, -0.361039251089, -22.1206016541, -6.06614923477, -11.9703063965, -5.35305547714, -10.7438364029], "cov": [[16412.6875, -7177.48291016, 1195.83520508, 2202.26220703, -2169.53930664, 1388.34509277, -469.447113037, 679.311218262, -237.739501953, 741.649597168, -710.489379883, 451.460479736, -408.224151611], [-7177.48291016, 5849.79931641, -924.299377441, -1166.98083496, 1612.38549805, -1003.66107178, 539.638427734, -542.71307373, 292.948150635, -641.508605957, 630.676391602, -477.398193359, 318.642059326], [1195.83520508, -924.299377441, 1265.21044922, 462.630279541, -28.2774353027, 459.73059082, 126.819091797, 175.700546265, 28.9018745422, 133.536270142, -34.5717582703, 143.744094849, -41.5097312927], [2202.26220703, -1166.98083496, 462.630279541, 711.905456543, -227.255584717, 264.537109375, 45.7864990234, 87.2403259277, -5.70974588394, 111.721755981, -115.185539246, 78.5734100342, -47.1095809937], [-2169.53930664, 1612.38549805, -28.2774353027, -227.255584717, 784.633361816, -189.267227173, 258.794921875, -86.4748840332, 170.451766968, -145.876907349, 207.933837891, -71.1103744507, 119.8695755], [1388.34509277, -1003.66107178, 459.73059082, 264.537109375, -189.267227173, 435.660430908, -5.34258699417, 186.232116699, 6.93979454041, 142.448455811, -42.2620506287, 142.114822388, -42.4505195618], [-469.447113037, 539.638427734, 126.819091797, 45.7864990234, 258.794921875, -5.34258699417, 278.687316895, 4.33688783646, 107.942703247, -10.697842598, 118.003799438, -12.9102125168, 63.2207374573], [679.311218262, -542.71307373, 175.700546265, 87.2403259277, -86.4748840332, 186.232116699, 4.33688783646, 199.171722412, 43.9413223267, 114.19833374, -21.7513084412, 93.4950942993, -20.1123962402], [-237.739501953, 292.948150635, 28.9018745422, -5.70974588394, 170.451766968, 6.93979454041, 107.942703247, 43.9413223267, 150.191986084, 20.2607440948, 76.2556915283, -1.97662186623, 26.7958374023], [741.649597168, -641.508605957, 133.536270142, 111.721755981, -145.876907349, 142.448455811, -10.697842598, 114.19833374, 20.2607440948, 165.072052002, -25.0034770966, 98.3439178467, -29.8391265869], [-710.489379883, 630.676391602, -34.5717582703, -115.185539246, 207.933837891, -42.2620506287, 118.003799438, -21.7513084412, 76.2556915283, -25.0034770966, 182.93800354, -3.83323001862, 66.4673538208], [451.460479736, -477.398193359, 143.744094849, 78.5734100342, -71.1103744507, 142.114822388, -12.9102125168, 93.4950942993, -1.97662186623, 98.3439178467, -3.83323001862, 146.041687012, -2.65057110786], [-408.224151611, 318.642059326, -41.5097312927, -47.1095809937, 119.8695755, -42.4505195618, 63.2207374573, -20.1123962402, 26.7958374023, -29.8391265869, 66.4673538208, -2.65057110786, 92.3562316895]], "icov": [[0.00017997478426, 0.000115755086881, 8.3079241449e-05, -0.000346474582329, 0.000191728933714, -0.000137031907798, 1.60782365128e-05, -0.000123549529235, -0.00010520167416, 8.34999082144e-05, -0.0001451435528, 0.000173774460563, 7.39472088753e-05], [0.000115755086881, 0.00170461309608, 7.94170991867e-05, 0.000842206587549, -0.00112605525646, 0.000918902747799, -0.000997498282231, 0.000476135581266, -0.000537336920388, 0.00236124149524, -0.00223747314885, 0.00119755149353, 0.000329599046381], [8.3079241449e-05, 7.94170991867e-05, 0.00164381565992, -0.000668970635161, -0.000464999699034, -0.00156476115808, -0.000623198051471, -1.24488688016e-05, 0.000545730232261, 1.46177899296e-05, 6.22041989118e-05, 3.97618532588e-06, 0.000600724713877], [-0.000346474582329, 0.000842206587549, -0.000668970635161, 0.00397760560736, -0.00044136136421, 7.77290551923e-05, -0.00204847194254, 0.00176457536872, -0.000964813982137, 0.0010268073529, 0.000832183868624, 5.31730984221e-05, -0.00029955865466], [0.000191728933714, -0.00112605525646, -0.000464999699034, -0.00044136136421, 0.00473214173689, -2.58288946497e-06, -0.000818113796413, -0.000163903998327, -0.002688028384, 0.00125489220954, 0.000959560449701, -0.00211156043224, -0.000886188470758], [-0.000137031907798, 0.000918902747799, -0.00156476115808, 7.77290551923e-05, -2.58288946497e-06, 0.00764209730551, -0.000232306323596, -0.00320743140765, -0.000141037875437, 0.00188827014063, -0.00246031139977, -0.00180085795, 0.000906780944206], [1.60782365128e-05, -0.000997498282231, -0.000623198051471, -0.00204847194254, -0.000818113796413, -0.000232306323596, 0.00862524472177, -0.000757638947107, -0.00143361068331, -0.00265423231758, -0.00164242426399, 0.0011660582386, -0.00215271557681], [-0.000123549529235, 0.000476135581266, -1.24488688016e-05, 0.00176457536872, -0.000163903998327, -0.00320743140765, -0.000757638947107, 0.0128744561225, -0.00453777704388, -0.00295223342255, 0.00203897221945, -0.00229370943271, -0.000404084275942], [-0.00010520167416, -0.000537336920388, 0.000545730232261, -0.000964813982137, -0.002688028384, -0.000141037875437, -0.00143361068331, -0.00453777704388, 0.0147075830027, -0.00477616209537, -0.00263288174756, 0.00351708894596, 0.000744637742173], [8.34999082144e-05, 0.00236124149524, 1.46177899296e-05, 0.0010268073529, 0.00125489220954, 0.00188827014063, -0.00265423231758, -0.00295223342255, -0.00477616209537, 0.0197879653424, -0.00339583982714, -0.00609793839976, 0.00321388244629], [-0.0001451435528, -0.00223747314885, 6.22041989118e-05, 0.000832183868624, 0.000959560449701, -0.00246031139977, -0.00164242426399, 0.00203897221945, -0.00263288174756, -0.00339583982714, 0.0149908578023, -0.00340056861751, -0.00449700700119], [0.000173774460563, 0.00119755149353, 3.97618532588e-06, 5.31730984221e-05, -0.00211156043224, -0.00180085795, 0.0011660582386, -0.00229370943271, 0.00351708894596, -0.00609793839976, -0.00340056861751, 0.0165021754801, -0.00278921541758], [7.39472088753e-05, 0.000329599046381, 0.000600724713877, -0.00029955865466, -0.000886188470758, 0.000906780944206, -0.00215271557681, -0.000404084275942, 0.000744637742173, 0.00321388244629, -0.00449700700119, -0.00278921541758, 0.017065808177]]}, "melbands": {"dmean": [0.00229141139425, 0.00196031201631, 0.00180254678708, 0.000834940583445, 0.000154625362484, 7.90409903857e-05, 8.26084724395e-05, 4.28508647019e-05, 4.76931199955e-05, 2.87941966235e-05, 2.17985998461e-05, 1.65525580087e-05, 1.55689467647e-05, 1.79575981747e-05, 1.48056642502e-05, 9.26512620936e-06, 9.57080010267e-06, 1.15785023809e-05, 3.64413463103e-05, 2.22271573875e-05, 1.58233106049e-05, 1.06890665847e-05, 4.16756847699e-06, 3.74172236661e-06, 3.38199856742e-06, 4.67738527732e-06, 3.04734430756e-06, 3.41661097991e-06, 3.5369721445e-06, 2.1769567411e-06, 1.81061136573e-06, 1.63135575804e-06, 2.10407915802e-06, 2.10043685911e-06, 1.83720806035e-06, 2.44136526817e-06, 1.66387189893e-06, 1.45695537412e-06, 1.11026565719e-06, 9.86916461443e-07], "dmean2": [0.00365840015002, 0.00339358206838, 0.00280860322528, 0.00133602949791, 0.000263632653514, 0.000133367168019, 0.00013254780788, 6.7133725679e-05, 7.43985729059e-05, 4.8056786909e-05, 3.54952207999e-05, 2.68526091531e-05, 2.46663548751e-05, 2.88806495519e-05, 2.39146847889e-05, 1.50543946802e-05, 1.56008809427e-05, 1.89241927728e-05, 6.28985653748e-05, 3.64859297406e-05, 2.59693824773e-05, 1.73361804627e-05, 6.42213626634e-06, 5.57725570616e-06, 5.27193651578e-06, 7.63303887652e-06, 4.76955074191e-06, 5.27616884938e-06, 5.53283916815e-06, 3.26281724483e-06, 2.63833385361e-06, 2.35698030338e-06, 3.11584267365e-06, 3.1093625239e-06, 2.56593966697e-06, 3.5992939047e-06, 2.41376915255e-06, 2.22873813982e-06, 1.61699790624e-06, 1.40355894018e-06], "dvar": [3.78411896236e-05, 2.92181339319e-05, 2.03715444513e-05, 3.18633192364e-06, 1.15630932385e-07, 3.1301382819e-08, 2.51338700963e-08, 8.63969873421e-09, 8.76559269614e-09, 4.0897947251e-09, 3.12721026852e-09, 1.39290601275e-09, 1.83042614399e-09, 1.77762371489e-09, 1.39108002895e-09, 1.05962416619e-09, 1.45687695241e-09, 3.79499098813e-09, 4.45469581223e-08, 1.26043078197e-08, 7.37930738737e-09, 3.37762329217e-09, 3.28137073069e-10, 2.4676791166e-10, 2.52819487567e-10, 5.25153143194e-10, 1.25513086036e-10, 1.5313153523e-10, 2.14651948993e-10, 5.32129791619e-11, 3.84191463365e-11, 2.50640636718e-11, 3.84565157496e-11, 4.39853986567e-11, 4.23481284761e-11, 9.9035592227e-11, 3.14733829276e-11, 3.44009057351e-11, 1.40857932956e-11, 8.21366672593e-12], "dvar2": [9.01446401258e-05, 8.12846628833e-05, 4.59946568299e-05, 7.72945895733e-06, 3.19511229918e-07, 8.45586498599e-08, 6.36541059862e-08, 1.98541272312e-08, 2.08794865841e-08, 1.06637836339e-08, 8.07034084005e-09, 3.64022101351e-09, 4.79951189902e-09, 4.03268352045e-09, 3.45070927388e-09, 2.7205848685e-09, 3.83064291398e-09, 9.81772263486e-09, 1.18532987869e-07, 2.86737407151e-08, 1.9115088179e-08, 8.74137384699e-09, 6.91249446572e-10, 5.41098721385e-10, 5.55208934383e-10, 1.16782883364e-09, 2.66240085534e-10, 3.35694083642e-10, 5.03396380136e-10, 1.14368688131e-10, 8.76067898781e-11, 5.13113510014e-11, 8.20227705201e-11, 8.54886578194e-11, 9.27798879391e-11, 2.38797759344e-10, 6.78728739878e-11, 8.4054221916e-11, 3.27523841381e-11, 1.6398594288e-11], "max": [0.0924008637667, 0.0561247095466, 0.0406662672758, 0.0178747884929, 0.00403227144852, 0.00183475133963, 0.00216723210178, 0.00181291426998, 0.00169714307413, 0.00126711244229, 0.000898005848285, 0.000497085915413, 0.000727060134523, 0.000615225348156, 0.000542171124835, 0.000378393771825, 0.000586092646699, 0.000749749713577, 0.00252896407619, 0.00115909753367, 0.00127116160002, 0.00076579261804, 0.000225631243666, 0.000198103924049, 0.00021186649974, 0.000280492153252, 0.000180833754712, 0.000144849531353, 0.000199466536287, 9.84358193818e-05, 8.19055057946e-05, 6.38701385469e-05, 7.71664272179e-05, 7.76776869316e-05, 0.000179814291187, 0.00019687776512, 8.12089783722e-05, 8.18119224277e-05, 5.30024444743e-05, 3.47445020452e-05], "mean": [0.00382746546529, 0.00281055783853, 0.00212132441811, 0.001030073734, 0.000210803380469, 9.95350928861e-05, 0.000129930805997, 8.72278396855e-05, 0.000109775719466, 4.67241370643e-05, 2.82924702333e-05, 2.70118289336e-05, 2.40381141339e-05, 3.14830067509e-05, 2.22527378355e-05, 1.26345175886e-05, 1.04619739432e-05, 1.01698042272e-05, 2.60907363554e-05, 1.90488790395e-05, 1.2949527445e-05, 9.04962234927e-06, 4.26383348895e-06, 3.75534773411e-06, 3.24674510921e-06, 4.03170042773e-06, 2.79056007457e-06, 2.97056863019e-06, 2.96286998491e-06, 2.04413663596e-06, 1.80764016022e-06, 1.59519345289e-06, 1.9012628627e-06, 2.1222185751e-06, 1.86747206499e-06, 2.18959235099e-06, 1.52511131546e-06, 1.26791417188e-06, 9.76939872999e-07, 9.36403978358e-07], "median": [0.000215711144847, 0.000475889333757, 0.000350516056642, 0.000368208740838, 9.12046816666e-05, 4.56951711385e-05, 5.76653765165e-05, 2.49480090133e-05, 3.44398868037e-05, 1.4837110939e-05, 1.2946102288e-05, 1.21936245705e-05, 9.6674220913e-06, 1.00401566669e-05, 7.20016259947e-06, 2.57767624134e-06, 2.46042418439e-06, 1.62514106705e-06, 1.24335429064e-06, 1.18141815619e-06, 8.60682121129e-07, 5.67955794395e-07, 3.12185051143e-07, 2.39232065269e-07, 1.83238313411e-07, 1.43752998838e-07, 1.09154541406e-07, 6.85482177687e-08, 5.40551887696e-08, 3.44330359781e-08, 2.13007034233e-08, 1.10004538811e-08, 1.16508482861e-08, 1.24209034169e-08, 8.62103100019e-09, 1.04010382529e-08, 6.70801725278e-09, 4.21591028754e-09, 2.91223933857e-09, 1.78581327503e-09], "min": [1.19681795577e-23, 2.03774794059e-23, 2.48444547688e-23, 2.56865196089e-23, 1.1595675494e-23, 5.77171935128e-24, 7.64467274993e-24, 1.81327551897e-23, 9.06790482956e-24, 9.09592911321e-24, 1.01861033298e-23, 1.69561265511e-23, 1.56028325127e-23, 1.08107928143e-23, 1.77082991133e-23, 9.22606355244e-24, 1.23154384948e-23, 2.04020445345e-23, 1.03747057727e-23, 1.85400456528e-23, 2.36443149197e-23, 1.63529493034e-23, 7.22074994352e-24, 1.27652643379e-23, 7.29068325163e-24, 9.09522150498e-24, 1.27012711524e-23, 1.23367882263e-23, 1.00427199717e-23, 7.6204010776e-24, 8.9863397674e-24, 7.76360773089e-24, 1.02560279604e-23, 9.92796122033e-24, 1.11499682937e-23, 1.05774154152e-23, 1.18807800803e-23, 1.77038846477e-23, 9.13380469186e-24, 8.0977518554e-24], "var": [8.62749511725e-05, 3.99634009227e-05, 2.38980501308e-05, 3.61743286703e-06, 1.14213307256e-07, 2.59158170479e-08, 3.22762616634e-08, 2.36874964088e-08, 3.10218872812e-08, 6.16875572845e-09, 2.96207214312e-09, 1.79711012738e-09, 2.02449190745e-09, 3.35286687303e-09, 1.75564518479e-09, 1.10710474122e-09, 1.17645393427e-09, 2.89286661292e-09, 3.06659941884e-08, 1.13675140412e-08, 5.5967674939e-09, 2.63887378615e-09, 3.67037844562e-10, 2.76498046681e-10, 2.59942539715e-10, 4.95879892703e-10, 1.37959643709e-10, 1.61970978296e-10, 1.99137803469e-10, 5.82276865613e-11, 4.39598531188e-11, 3.04780263527e-11, 4.4996392029e-11, 5.84086459754e-11, 4.75320546811e-11, 9.14829254017e-11, 3.34648454781e-11, 3.02494834736e-11, 1.37238536507e-11, 1.00945111645e-11]}, "mfcc": {"mean": [-759.409362793, 173.481918335, 17.7518615723, 12.1020317078, 11.0854310989, 8.48416805267, 4.62221050262, 5.49487495422, -2.27193450928, -0.965584218502, -4.27875137329, 0.974581360817, 0.504761338234], "cov": [[11362.6181641, -3829.96411133, 98.8785629272, 606.754821777, -525.229370117, 101.420478821, -235.101348877, 9.84794616699, 177.18862915, 261.037017822, -7.77952051163, 40.9288520813, 31.2721443176], [-3829.96411133, 4230.81298828, -750.835021973, -98.5365066528, 446.057342529, -159.247299194, 262.398803711, 33.3370170593, -111.351295471, -116.917427063, 24.0792751312, 63.9825401306, 15.4184522629], [98.8785629272, -750.835021973, 857.966491699, 141.372802734, 31.9548568726, 221.898910522, 90.9340438843, 113.827987671, 85.9853363037, 51.8924751282, 45.5600318909, 26.3643741608, 41.2225761414], [606.754821777, -98.5365066528, 141.372802734, 427.309570312, 44.4864730835, 110.797454834, 80.7864532471, 46.2347602844, 55.6574668884, 47.5272636414, -1.70659935474, 9.33273410797, 21.8438034058], [-525.229370117, 446.057342529, 31.9548568726, 44.4864730835, 268.178955078, 73.702331543, 67.3805007935, 79.4937133789, 40.3889045715, 6.57245063782, 32.9890289307, 29.1653385162, 17.1274757385], [101.420478821, -159.247299194, 221.898910522, 110.797454834, 73.702331543, 174.608459473, 79.7060775757, 73.3803100586, 56.748752594, 28.6521663666, 25.4434146881, 29.9510669708, 32.0526123047], [-235.101348877, 262.398803711, 90.9340438843, 80.7864532471, 67.3805007935, 79.7060775757, 160.772918701, 78.7037887573, 37.2224884033, 22.9028663635, 25.0619983673, 36.9057693481, 44.1990203857], [9.84794616699, 33.3370170593, 113.827987671, 46.2347602844, 79.4937133789, 73.3803100586, 78.7037887573, 133.454544067, 64.1731796265, 37.2678985596, 51.4119606018, 27.2720355988, 33.4334411621], [177.18862915, -111.351295471, 85.9853363037, 55.6574668884, 40.3889045715, 56.748752594, 37.2224884033, 64.1731796265, 107.590126038, 55.7133903503, 37.7875099182, 23.4597873688, 12.6293020248], [261.037017822, -116.917427063, 51.8924751282, 47.5272636414, 6.57245063782, 28.6521663666, 22.9028663635, 37.2678985596, 55.7133903503, 89.8017883301, 46.8033866882, 17.982793808, 14.263092041], [-7.77952051163, 24.0792751312, 45.5600318909, -1.70659935474, 32.9890289307, 25.4434146881, 25.0619983673, 51.4119606018, 37.7875099182, 46.8033866882, 108.934959412, 64.2102279663, 25.0171718597], [40.9288520813, 63.9825401306, 26.3643741608, 9.33273410797, 29.1653385162, 29.9510669708, 36.9057693481, 27.2720355988, 23.4597873688, 17.982793808, 64.2102279663, 88.5184326172, 50.1865196228], [31.2721443176, 15.4184522629, 41.2225761414, 21.8438034058, 17.1274757385, 32.0526123047, 44.1990203857, 33.4334411621, 12.6293020248, 14.263092041, 25.0171718597, 50.1865196228, 77.3182373047]], "icov": [[0.000171516847331, 0.000157074813615, 0.000175375200342, -0.000247607880738, 0.000144739518873, 1.75294153451e-05, 0.000163366523338, -0.000336972385412, 0.00010524354002, -0.000367597182048, 0.000397187221097, -0.000586993352044, 0.000191868370166], [0.000157074813615, 0.000668447464705, 0.000516619475093, -0.000200269205379, -0.000759105372708, 0.000713842455298, -0.00117100577336, -6.81500896462e-05, 0.000490592268761, 9.50499234023e-05, 5.57388993911e-05, -0.000606065790635, 0.000433105655247], [0.000175375200342, 0.000516619475093, 0.00226994929835, -0.000258226762526, 0.000123666890431, -0.00191415764857, -0.0005405236152, -0.000707967963535, 0.000209411722608, 4.23059354944e-05, -0.000349573820131, 8.94229160622e-05, 8.30737772048e-05], [-0.000247607880738, -0.000200269205379, -0.000258226762526, 0.00343648483977, -0.000317362690112, -0.00148842879571, -0.00118388526607, 0.000956012983806, -0.000500889203977, -0.000949596811552, 0.000636833661702, 0.000743463635445, -0.000174036613316], [0.000144739518873, -0.000759105372708, 0.000123666890431, -0.000317362690112, 0.00671977177262, -0.00285266153514, 0.00180237891618, -0.00312620494515, -0.000936782627832, 0.000367448927136, 0.000519770663232, -0.00124999729451, 0.000860484782606], [1.75294153451e-05, 0.000713842455298, -0.00191415764857, -0.00148842879571, -0.00285266153514, 0.0137261264026, -0.00382136600092, -0.00112950301263, -0.00152063264977, 0.000824827235192, 0.00113508000504, -0.0021747071296, 4.67400495836e-05], [0.000163366523338, -0.00117100577336, -0.0005405236152, -0.00118388526607, 0.00180237891618, -0.00382136600092, 0.0144560681656, -0.00609623081982, 0.00043485572678, -0.00233197538182, 0.00383171951398, -0.00355039606802, -0.00222884584218], [-0.000336972385412, -6.81500896462e-05, -0.000707967963535, 0.000956012983806, -0.00312620494515, -0.00112950301263, -0.00609623081982, 0.0196974165738, -0.00698962248862, 0.00324720144272, -0.00992010813206, 0.0103021357208, -0.00654908781871], [0.00010524354002, 0.000490592268761, 0.000209411722608, -0.000500889203977, -0.000936782627832, -0.00152063264977, 0.00043485572678, -0.00698962248862, 0.0193896982819, -0.00961484014988, 0.00356601853855, -0.00621934747323, 0.00499080261216], [-0.000367597182048, 9.50499234023e-05, 4.23059354944e-05, -0.000949596811552, 0.000367448927136, 0.000824827235192, -0.00233197538182, 0.00324720144272, -0.00961484014988, 0.023061838001, -0.0123354187235, 0.00933188013732, -0.00486868619919], [0.000397187221097, 5.57388993911e-05, -0.000349573820131, 0.000636833661702, 0.000519770663232, 0.00113508000504, 0.00383171951398, -0.00992010813206, 0.00356601853855, -0.0123354187235, 0.0286620911211, -0.0237029865384, 0.00915269739926], [-0.000586993352044, -0.000606065790635, 8.94229160622e-05, 0.000743463635445, -0.00124999729451, -0.0021747071296, -0.00355039606802, 0.0103021357208, -0.00621934747323, 0.00933188013732, -0.0237029865384, 0.0395630560815, -0.0198624357581], [0.000191868370166, 0.000433105655247, 8.30737772048e-05, -0.000174036613316, 0.000860484782606, 4.67400495836e-05, -0.00222884584218, -0.00654908781871, 0.00499080261216, -0.00486868619919, 0.00915269739926, -0.0198624357581, 0.026684500277]]}, "spectral_contrast_coeffs": {"dmean": [0.0535697266459, 0.0400918722153, 0.0330283418298, 0.0304663386196, 0.0212180949748, 0.0247426200658], "dmean2": [0.0886424779892, 0.0659285932779, 0.0538955777884, 0.0479868613183, 0.0330581441522, 0.0385523214936], "dvar": [0.00215186667629, 0.0013231493067, 0.000895553675946, 0.000784870935604, 0.000447855825769, 0.000866294663865], "dvar2": [0.00544800050557, 0.003588053165, 0.00232518417761, 0.00177022197749, 0.000936571392231, 0.00216599693522], "max": [-0.247904464602, -0.460418403149, -0.50881165266, -0.57943969965, -0.607238471508, -0.580189406872], "mean": [-0.61888641119, -0.740240454674, -0.781407177448, -0.792706668377, -0.813973665237, -0.815601408482], "median": [-0.630176305771, -0.744313895702, -0.785911202431, -0.801756083965, -0.827176809311, -0.818408191204], "min": [-0.954775750637, -0.939475893974, -0.969426631927, -0.960437595844, -0.964747607708, -0.960705518723], "var": [0.0105628659949, 0.00423747254536, 0.00299032474868, 0.00301876035519, 0.00220656371675, 0.00190111016855]}, "spectral_contrast_valleys": {"dmean": [0.432130485773, 0.40743175149, 0.371947556734, 0.435373663902, 0.602113127708, 0.777985990047], "dmean2": [0.696310997009, 0.629301905632, 0.56055188179, 0.637770116329, 0.798419237137, 0.979750037193], "dvar": [0.230567410588, 0.238025680184, 0.210116043687, 0.303369343281, 0.60680192709, 0.823987364769], "dvar2": [0.488664597273, 0.473467111588, 0.379588097334, 0.497598081827, 1.0400377512, 1.16931319237], "max": [-4.6682305336, -4.77457809448, -5.10851335526, -5