{"lowlevel": {"average_loudness": 0.91694611311, "barkbands_crest": {"dmean": 2.85118031502, "dmean2": 4.61527442932, "dvar": 9.57287216187, "dvar2": 22.8825111389, "max": 26.8399753571, "mean": 16.7505187988, "median": 17.4381103516, "min": 1.7419205904, "var": 33.4038352966}, "barkbands_flatness_db": {"dmean": 0.0473234318197, "dmean2": 0.0667566806078, "dvar": 0.003509539878, "dvar2": 0.00693755084649, "max": 0.739014744759, "mean": 0.292474776506, "median": 0.285539329052, "min": 0.00855605304241, "var": 0.0202011782676}, "barkbands_kurtosis": {"dmean": 71.8128585815, "dmean2": 108.090950012, "dvar": 86417.8046875, "dvar2": 158140, "max": 5685.54101562, "mean": 111.223937988, "median": 17.7592067719, "min": -1.79347968102, "var": 183914.125}, "barkbands_skewness": {"dmean": 1.9556684494, "dmean2": 2.78444123268, "dvar": 16.3930263519, "dvar2": 31.6315479279, "max": 59.6706542969, "mean": 5.03952646255, "median": 3.64008402824, "min": -2.51235437393, "var": 40.8013877869}, "barkbands_spread": {"dmean": 4.64354658127, "dmean2": 7.24956989288, "dvar": 82.5160598755, "dvar2": 198.988388062, "max": 100.660263062, "mean": 10.321647644, "median": 5.56902217865, "min": 0.0226760581136, "var": 174.857650757}, "dissonance": {"dmean": 0.0240905266255, "dmean2": 0.0409486033022, "dvar": 0.000893305754289, "dvar2": 0.00240187323652, "max": 0.49998742342, "mean": 0.462579518557, "median": 0.473225295544, "min": 0.179430797696, "var": 0.00128623703495}, "dynamic_complexity": 5.4995803833, "erbbands_crest": {"dmean": 2.36164355278, "dmean2": 3.50045514107, "dvar": 6.79816484451, "dvar2": 13.084862709, "max": 27.7672309875, "mean": 9.45392227173, "median": 7.49012565613, "min": 2.29829764366, "var": 34.2261428833}, "erbbands_flatness_db": {"dmean": 0.0293621942401, "dmean2": 0.042060688138, "dvar": 0.00171817326918, "dvar2": 0.00339038809761, "max": 0.4470898211, "mean": 0.202402532101, "median": 0.203373655677, "min": 0.0268971994519, "var": 0.00872167292982}, "erbbands_kurtosis": {"dmean": 3.15717029572, "dmean2": 4.50373506546, "dvar": 55.4148101807, "dvar2": 93.9034881592, "max": 82.9174728394, "mean": 6.41464567184, "median": 0.735595107079, "min": -1.87986040115, "var": 271.235321045}, "erbbands_skewness": {"dmean": 0.605564296246, "dmean2": 0.838790297508, "dvar": 0.747377216816, "dvar2": 1.22944927216, "max": 7.73210811615, "mean": 0.712160408497, "median": 0.103141315281, "min": -3.24210000038, "var": 4.24721288681}, "erbbands_spread": {"dmean": 10.6528367996, "dmean2": 16.6861686707, "dvar": 355.829437256, "dvar2": 856.785644531, "max": 182.385177612, "mean": 31.1790904999, "median": 25.8491172791, "min": 1.45830523968, "var": 660.498657227}, "hfc": {"dmean": 7.69840288162, "dmean2": 12.3458414078, "dvar": 319.486480713, "dvar2": 841.775146484, "max": 154.777923584, "mean": 12.8674211502, "median": 8.17067718506, "min": 4.52869075573e-10, "var": 329.879241943}, "melbands_crest": {"dmean": 3.47033500671, "dmean2": 5.37290239334, "dvar": 14.4587144852, "dvar2": 32.3651237488, "max": 36.6766929626, "mean": 23.9852867126, "median": 25.5052852631, "min": 1.71058523655, "var": 64.4396438599}, "melbands_flatness_db": {"dmean": 0.0564914606512, "dmean2": 0.0783161520958, "dvar": 0.00495805218816, "dvar2": 0.00952738896012, "max": 0.924457609653, "mean": 0.415483027697, "median": 0.401314646006, "min": 0.0141326971352, "var": 0.0261625088751}, "melbands_kurtosis": {"dmean": 39.2334518433, "dmean2": 57.9112968445, "dvar": 9134.64355469, "dvar2": 20110.0839844, "max": 1074.11303711, "mean": 61.1273956299, "median": 29.8181667328, "min": -1.84258294106, "var": 13505.0087891}, "melbands_skewness": {"dmean": 1.58185684681, "dmean2": 2.38782048225, "dvar": 5.96148681641, "dvar2": 13.8655719757, "max": 24.1619110107, "mean": 4.90692281723, "median": 4.51181983948, "min": -1.09360456467, "var": 13.0241136551}, "melbands_spread": {"dmean": 4.50127220154, "dmean2": 6.78534603119, "dvar": 216.149688721, "dvar2": 471.717498779, "max": 245.746856689, "mean": 8.73204803467, "median": 3.85847949982, "min": 0.191593810916, "var": 294.42956543}, "pitch_salience": {"dmean": 0.0935613140464, "dmean2": 0.142132818699, "dvar": 0.0134342741221, "dvar2": 0.0282533094287, "max": 0.984429657459, "mean": 0.364066421986, "median": 0.325651705265, "min": 0.0302616357803, "var": 0.042453110218}, "silence_rate_20dB": {"dmean": 0, "dmean2": 0, "dvar": 0, "dvar2": 0, "max": 1, "mean": 1, "median": 1, "min": 1, "var": 0}, "silence_rate_30dB": {"dmean": 0.115962781012, "dmean2": 0.23209169507, "dvar": 0.102515809238, "dvar2": 0.22979901731, "max": 1, "mean": 0.672389149666, "median": 1, "min": 0, "var": 0.220282927155}, "silence_rate_60dB": {"dmean": 0.0515390112996, "dmean2": 0.102435529232, "dvar": 0.0488819666207, "dvar2": 0.120595902205, "max": 1, "mean": 0.134477823973, "median": 0, "min": 0, "var": 0.116392992437}, "spectral_centroid": {"dmean": 197.407531738, "dmean2": 288.854705811, "dvar": 143656.859375, "dvar2": 275225.25, "max": 4523.57324219, "mean": 685.539001465, "median": 541.028808594, "min": 68.5827865601, "var": 350063.375}, "spectral_complexity": {"dmean": 2.8131711483, "dmean2": 4.60171937943, "dvar": 25.1669864655, "dvar2": 52.3343238831, "max": 48, "mean": 12.2045783997, "median": 12, "min": 0, "var": 97.0266876221}, "spectral_decrease": {"dmean": 5.8013296389e-09, "dmean2": 8.92371865291e-09, "dvar": 6.7511483894e-17, "dvar2": 1.72196874798e-16, "max": -1.43353176946e-21, "mean": -1.67972054044e-08, "median": -1.56667141482e-08, "min": -7.31146485577e-08, "var": 2.11776011271e-16}, "spectral_energy": {"dmean": 0.0224119313061, "dmean2": 0.0345337092876, "dvar": 0.00101966108195, "dvar2": 0.00259609590285, "max": 0.279979765415, "mean": 0.0645635575056, "median": 0.0604248121381, "min": 4.64870180653e-14, "var": 0.00311350543052}, "spectral_energyband_high": {"dmean": 0.000188069898286, "dmean2": 0.000325330212945, "dvar": 2.03513891961e-07, "dvar2": 5.31664682057e-07, "max": 0.00443769339472, "mean": 0.000208833414945, "median": 8.34998900245e-06, "min": 3.6390564905e-14, "var": 2.10856413219e-07}, "spectral_energyband_low": {"dmean": 0.0170891154557, "dmean2": 0.0260620396584, "dvar": 0.000592655851506, "dvar2": 0.0015461173607, "max": 0.253295153379, "mean": 0.0522203892469, "median": 0.0427513495088, "min": 1.21249907663e-15, "var": 0.00232753576711}, "spectral_energyband_middle_high": {"dmean": 0.00223959772848, "dmean2": 0.00340068270452, "dvar": 4.9982125347e-05, "dvar2": 0.000119081196317, "max": 0.0655239000916, "mean": 0.00351314339787, "median": 0.000893953954801, "min": 6.6884775069e-15, "var": 6.13614320173e-05}, "spectral_energyband_middle_low": {"dmean": 0.00950758159161, "dmean2": 0.0164742507041, "dvar": 0.000507529301103, "dvar2": 0.00133914663456, "max": 0.12444793433, "mean": 0.00985295604914, "median": 0.00372707191855, "min": 1.57509514075e-15, "var": 0.000373082817532}, "spectral_entropy": {"dmean": 0.310310900211, "dmean2": 0.439049720764, "dvar": 0.227549657226, "dvar2": 0.386970549822, "max": 9.6602268219, "mean": 6.86057806015, "median": 7.1320939064, "min": 3.74687504768, "var": 0.968002617359}, "spectral_flux": {"dmean": 0.0459852926433, "dmean2": 0.069557569921, "dvar": 0.00391891878098, "dvar2": 0.00712253293023, "max": 0.450123518705, "mean": 0.0971469581127, "median": 0.0675840377808, "min": 4.4460598474e-06, "var": 0.00752925593406}, "spectral_kurtosis": {"dmean": 13.783197403, "dmean2": 21.9954509735, "dvar": 652.211486816, "dvar2": 1447.63574219, "max": 396.811126709, "mean": 30.6277294159, "median": 12.0400753021, "min": -0.329405784607, "var": 2049.87768555}, "spectral_rms": {"dmean": 0.00135274278, "dmean2": 0.00197003455833, "dvar": 3.30001262228e-06, "dvar2": 7.35195590096e-06, "max": 0.0165272802114, "mean": 0.00681360717863, "median": 0.00767795741558, "min": 6.73447742017e-09, "var": 1.65635719895e-05}, "spectral_rolloff": {"dmean": 263.299133301, "dmean2": 454.681152344, "dvar": 911365.875, "dvar2": 2252208.75, "max": 16451.3671875, "mean": 498.728088379, "median": 129.19921875, "min": 43.06640625, "var": 1546862.375}, "spectral_skewness": {"dmean": 0.899096667767, "dmean2": 1.37703466415, "dvar": 1.4391938448, "dvar2": 3.16324901581, "max": 14.9993486404, "mean": 3.46502256393, "median": 2.63761711121, "min": 0.425609499216, "var": 5.26979637146}, "spectral_spread": {"dmean": 936655.5, "dmean2": 1409787.75, "dvar": 3062402121730.0, "dvar2": 5714753355780.0, "max": 36565260, "mean": 3645523.25, "median": 2420778.75, "min": 253719.484375, "var": 8101400412160.0}, "spectral_strongpeak": {"dmean": 0.1555044204, "dmean2": 0.2460103333, "dvar": 0.0850481316447, "dvar2": 0.195806622505, "max": 5.46481800079, "mean": 0.424511700869, "median": 0.39023578167, "min": 0, "var": 0.16592258215}, "zerocrossingrate": {"dmean": 0.00727004278451, "dmean2": 0.00905803684145, "dvar": 0.000227469878155, "dvar2": 0.00033021546551, "max": 0.60107421875, "mean": 0.0269571058452, "median": 0.01318359375, "min": 0.00146484375, "var": 0.00155599194113}, "barkbands": {"dmean": [0.00199779635295, 0.0136063247919, 0.00430239364505, 0.00329147721641, 0.00589764676988, 0.00109886599239, 0.000294764060527, 0.000213431587326, 0.000506536336616, 0.000213827443076, 0.000704055477399, 0.00018189282855, 0.000200420749024, 0.000395153037971, 0.000535273284186, 0.00024919223506, 0.00017390717403, 0.000138708623126, 6.54303657939e-05, 4.67140889668e-05, 2.93554185191e-05, 2.61188506556e-05, 5.21335205121e-05, 2.87325765385e-05, 1.01916220956e-05, 1.56779879035e-05, 1.67806720128e-05], "dmean2": [0.00292817293666, 0.0212263930589, 0.00649517495185, 0.00604024669155, 0.0108381817117, 0.00203379336745, 0.000497872068081, 0.000332632334903, 0.000856515660416, 0.000353546871338, 0.00103175337426, 0.0003053045657, 0.000322990003042, 0.000705308397301, 0.000921368948184, 0.000450804102002, 0.000314030068694, 0.000258305459283, 0.000120664808492, 8.51588629303e-05, 5.20750545547e-05, 4.64411496068e-05, 9.35250427574e-05, 5.09979763592e-05, 1.74097112904e-05, 2.69771026069e-05, 2.52368081419e-05], "dvar": [1.70086896105e-05, 0.000441688112915, 5.78218969167e-05, 7.24292985979e-05, 0.000263483583694, 9.02205738385e-06, 3.1002855394e-07, 1.20704413575e-07, 1.49184654674e-06, 1.34776229288e-07, 3.8619505176e-06, 1.33055493734e-07, 2.3339305244e-07, 1.61946047683e-06, 4.41252177552e-06, 1.31524609515e-06, 4.3641477987e-07, 3.33895854965e-07, 7.66653798223e-08, 2.76060880822e-08, 8.59618687343e-09, 6.3142722162e-09, 1.65470197544e-08, 4.80397233105e-09, 1.01677866127e-09, 2.44804465588e-09, 2.83440249049e-09], "dvar2": [3.72721005988e-05, 0.00122117821593, 0.000138055140269, 0.000204771262361, 0.000747283513192, 2.5911755074e-05, 8.6523544951e-07, 2.86684354478e-07, 4.02668729294e-06, 3.42246949003e-07, 6.79550066707e-06, 3.19374237279e-07, 5.10343966198e-07, 4.63344031232e-06, 1.22983483379e-05, 3.79615516977e-06, 1.23603933844e-06, 9.635865581e-07, 2.21413998247e-07, 7.80556348445e-08, 2.36219719341e-08, 1.72823479971e-08, 4.48731434233e-08, 1.29530635107e-08, 2.66345390187e-09, 6.18740259029e-09, 5.82678394423e-09], "max": [0.0605250783265, 0.214019417763, 0.0566322803497, 0.0527234002948, 0.102464348078, 0.0220594312996, 0.00445177266374, 0.00402496382594, 0.0115989902988, 0.00355386268348, 0.0285823214799, 0.00337810767815, 0.0077249892056, 0.0166378002614, 0.0212755519897, 0.0127732791007, 0.00539863808081, 0.00646035652608, 0.00294035021216, 0.0016328941565, 0.00103473779745, 0.000802305177785, 0.000738177623134, 0.000404405640438, 0.000507474818733, 0.000873170734849, 0.000952233269345], "mean": [0.00759875681251, 0.0377579182386, 0.0056833489798, 0.00280830124393, 0.00467621907592, 0.000887177535333, 0.000370073801605, 0.000341677368851, 0.000673250295222, 0.000340894242981, 0.00102852948476, 0.000273061712505, 0.000299974431982, 0.000549481716007, 0.000526017742231, 0.000222669274081, 0.000144883160829, 0.000103377809864, 5.01697213622e-05, 3.64622210327e-05, 2.36335181398e-05, 1.96556302399e-05, 3.61738602805e-05, 2.21598093049e-05, 1.37404013003e-05, 2.84655125142e-05, 4.7524132242e-05], "median": [0.00154690933414, 0.0206232424825, 0.00201991433278, 0.00064753514016, 0.000807664124295, 0.000233259663219, 0.000172518542968, 0.000173421576619, 0.000300743908156, 0.000149492610944, 0.000198081994313, 9.60215984378e-05, 7.67867459217e-05, 9.84195066849e-05, 6.17163459538e-05, 2.13339844777e-05, 1.05469243863e-05, 6.21169419901e-06, 3.14770522891e-06, 1.66244990396e-06, 1.18469881727e-06, 8.66531081556e-07, 8.26452946967e-07, 4.85526584271e-07, 2.07380153938e-07, 1.4922062519e-07, 5.94486238015e-08], "min": [8.59049697798e-16, 6.26701254707e-16, 1.32571654439e-16, 7.29779632204e-17, 2.60635187774e-16, 4.35187687668e-16, 4.12277590497e-16, 1.5387303752e-16, 2.01733443064e-16, 9.64408618861e-17, 2.67074835165e-16, 3.53012627471e-16, 9.24865640107e-16, 8.32122838042e-16, 1.27189165047e-15, 4.93468689576e-16, 5.07420328069e-16, 7.62055584431e-16, 8.31317150891e-16, 1.1852886726e-15, 8.46053988926e-16, 2.62168492109e-15, 4.11690707837e-15, 5.54602191401e-15, 4.72384345453e-15, 8.09267898598e-15, 9.78931986064e-15], "var": [0.000120798300486, 0.00147630623542, 7.60890106903e-05, 4.47975980933e-05, 0.000158433598699, 5.31897921974e-06, 2.99851109276e-07, 2.00633749614e-07, 1.45393448747e-06, 2.19050505734e-07, 6.76096760799e-06, 1.90105595266e-07, 3.48927443383e-07, 1.61441573709e-06, 3.26078247781e-06, 7.86589168911e-07, 2.97304296737e-07, 2.01579808845e-07, 4.59729108115e-08, 1.79940364831e-08, 6.02870420252e-09, 4.25339807819e-09, 1.10584936763e-08, 3.41050077068e-09, 1.24136800839e-09, 5.95025451133e-09, 1.40221407818e-08]}, "erbbands": {"dmean": [0.606998205185, 2.36566996574, 4.3599729538, 8.32960891724, 13.3055400848, 22.3836860657, 16.9587936401, 7.06843090057, 4.57331609726, 4.1984295845, 5.00249528885, 13.7335596085, 6.8534693718, 15.2109050751, 20.2555465698, 7.07884979248, 9.23645877838, 22.2182388306, 25.9643688202, 16.5070724487, 10.9260826111, 9.2249250412, 7.97840881348, 5.26044178009, 2.62730622292, 2.13952755928, 1.28419971466, 1.18153238297, 0.941866457462, 1.00374758244, 1.58719170094, 0.941985785961, 0.318559467793, 0.109020084143, 0.0780223086476, 0.0556386448443, 0.0325760617852, 0.0134394923225, 0.00333999586292, 0.000173003383679], "dmean2": [0.912707388401, 3.76918840408, 6.38265800476, 14.0109100342, 23.9824504852, 41.4714622498, 31.755903244, 12.8567638397, 7.84993600845, 6.61647415161, 7.76343250275, 24.1222610474, 11.04063797, 23.7689361572, 29.8564147949, 11.7056522369, 14.9066123962, 39.2456817627, 44.3845367432, 29.1772117615, 19.5741786957, 16.6202831268, 14.7295818329, 9.85113811493, 4.78214597702, 3.88944554329, 2.28065562248, 2.09439921379, 1.67816579342, 1.80854773521, 2.84908032417, 1.68066322803, 0.561466038227, 0.190317347646, 0.133762270212, 0.0968666598201, 0.0560778081417, 0.0221426449716, 0.00513294991106, 0.000252506230026], "dvar": [0.92344391346, 15.8525276184, 48.8038139343, 340.940917969, 1211.94152832, 4205.59179688, 2448.20996094, 348.622070312, 88.5412902832, 52.6521949768, 71.9102096558, 1303.53039551, 142.44342041, 1558.71228027, 2645.28198242, 185.962814331, 484.219482422, 5268.79785156, 9880.24609375, 4919.98095703, 2263.00170898, 1210.25976562, 983.06048584, 614.15423584, 93.4947967529, 54.865737915, 18.4978103638, 10.443063736, 8.96946716309, 6.80957603455, 15.5881967545, 5.39327383041, 0.573140025139, 0.0908032730222, 0.0721389204264, 0.0384933687747, 0.00989727675915, 0.00154434039723, 0.000109931046609, 2.57763844047e-07], "dvar2": [2.42332434654, 44.6407165527, 113.478240967, 908.538024902, 3382.07373047, 12053.5673828, 7046.04638672, 1000.81628418, 248.066253662, 136.354598999, 158.886505127, 3656.08056641, 345.93371582, 3157.09594727, 4644.81884766, 404.752716064, 1089.14941406, 14634.8037109, 27236.0351562, 14016.9882812, 6512.62451172, 3406.22167969, 2815.45605469, 1795.49072266, 266.709228516, 155.385940552, 50.9797134399, 28.3636054993, 24.763048172, 18.5324363708, 42.3208427429, 14.5687456131, 1.53022742271, 0.231453984976, 0.191926464438, 0.102959550917, 0.0246777515858, 0.00334905646741, 0.000234476028709, 5.20586013408e-07], "max": [11.0070981979, 42.5435752869, 58.5629882812, 113.223487854, 250.044815063, 440.915466309, 361.827545166, 121.210502625, 76.1262741089, 71.6696472168, 84.263381958, 318.830963135, 108.956314087, 530.412536621, 636.146240234, 155.248794556, 291.494171143, 976.764343262, 978.255310059, 783.196716309, 554.354797363, 293.045593262, 325.259429932, 286.247558594, 86.3440704346, 65.0947036743, 47.0307350159, 32.8029212952, 30.9594936371, 21.6858119965, 23.7098331451, 13.021982193, 4.54883909225, 4.83994483948, 4.25382423401, 3.7658097744, 1.58127748966, 0.80607187748, 0.192760765553, 0.00820821616799], "mean": [1.96265661716, 4.94443559647, 6.60732269287, 8.87496185303, 11.0135192871, 17.2344474792, 13.0739364624, 6.28510332108, 5.48173189163, 6.12818193436, 7.99031591415, 17.2012424469, 11.6398324966, 22.9929485321, 30.3851985931, 12.1118049622, 14.9697933197, 31.2609672546, 27.7639465332, 15.9748888016, 10.6758518219, 7.91833877563, 6.19519233704, 3.78281784058, 2.06027245522, 1.67625308037, 1.05285596848, 0.919499278069, 0.71272033453, 0.728537619114, 1.09134912491, 0.674726605415, 0.270060867071, 0.12734298408, 0.113568253815, 0.0823337063193, 0.0575525276363, 0.0308111514896, 0.00892267469317, 0.000542085035704], "median": [0.944596111774, 3.39795207977, 3.2161693573, 3.12150382996, 2.24330544472, 2.3267364502, 2.23433899879, 1.86990308762, 2.54264855385, 3.0973982811, 4.04794406891, 7.36776256561, 6.20415210724, 6.27304267883, 7.47695636749, 4.52144432068, 4.08034896851, 5.12138652802, 3.56109380722, 1.95960283279, 1.20713126659, 0.617209911346, 0.390962183475, 0.215750783682, 0.10390920192, 0.0774804055691, 0.052422773093, 0.0434234514832, 0.032130330801, 0.0292283259332, 0.0207867994905, 0.0131465215236, 0.00601850450039, 0.00288549577817, 0.0013889032416, 0.000625699525699, 0.000323411019053, 8.22469737614e-05, 5.51002958673e-05, 0.00010946355178], "min": [3.16087284927e-14, 9.57237422466e-14, 1.57778670229e-13, 2.22724941788e-13, 2.91715572054e-13, 1.01352867071e-12, 2.28995273265e-12, 3.97076815872e-12, 6.01895183e-12, 4.74346690399e-12, 3.43667824233e-12, 4.539894502e-12, 3.91365672509e-12, 4.67550087188e-12, 1.33633295402e-11, 1.58856729854e-11, 3.93048406322e-11, 3.89663266931e-11, 8.37243191443e-11, 3.18758353046e-11, 2.86156758011e-11, 3.09635511675e-11, 4.36453928554e-11, 4.00660581101e-11, 3.92985921582e-11, 4.62129362555e-11, 4.9959949372e-11, 3.97802138452e-11, 9.40329897281e-11, 6.7406739912e-11, 1.39754818829e-10, 8.78731531984e-11, 1.1986663051e-10, 4.68943321674e-11, 3.69164560032e-11, 2.01127968447e-11, 1.53249964802e-11, 8.22683848128e-12, 1.68294859385e-12, 9.05832686963e-14], "var": [4.49043321609, 36.3545570374, 78.1569442749, 276.219177246, 764.256286621, 2454.51269531, 1410.80004883, 214.306930542, 76.5480041504, 68.6629867554, 113.547424316, 1125.11132812, 224.638565063, 2510.36938477, 4559.17919922, 334.774078369, 756.389221191, 5463.26855469, 7716.44873047, 3252.4375, 1425.88708496, 831.699645996, 615.553039551, 348.547363281, 60.1452026367, 35.8331298828, 12.9671278, 7.36972093582, 5.92157411575, 4.61614513397, 10.351395607, 3.67372727394, 0.444532722235, 0.0997264683247, 0.0906660780311, 0.0521526411176, 0.0252761952579, 0.00734534440562, 0.000497701053973, 1.35114817112e-06]}, "gfcc": {"mean": [-130.369979858, 143.995361328, -72.1676483154, 5.7728228569, -10.7933530807, 21.2771816254, -11.2622652054, 2.7672586441, -4.45760250092, -1.69125449657, -7.0427312851, -0.695194542408, -4.33180713654], "cov": [[33426.7382812, -1397.1463623, -2506.33300781, 271.419433594, -524.530883789, 311.102905273, -768.486572266, 76.4222183228, -281.931121826, -26.4005126953, -521.838195801, 106.953132629, -142.133468628], [-1397.1463623, 4819.0703125, -565.616394043, -1040.45690918, 1030.95703125, -171.425674438, 460.387451172, -121.013153076, 344.93939209, -207.458953857, 226.786483765, -310.827972412, 244.502288818], [-2506.33300781, -565.616394043, 2520.37329102, 214.824203491, -284.358428955, -158.469650269, -68.0847549438, -48.3461036682, -63.8774681091, 93.9091262817, -38.0372085571, 6.50308895111, -133.28465271], [271.419433594, -1040.45690918, 214.824203491, 1276.89929199, -278.178588867, 133.195343018, 79.4199295044, 77.9752655029, 75.0805358887, -28.7906036377, 75.8980865479, -46.9521255493, -26.1206035614], [-524.530883789, 1030.95703125, -284.358428955, -278.178588867, 670.416625977, -2.07155275345, 160.516693115, 64.7245864868, 108.865959167, -11.3415994644, 51.9739379883, -30.9171047211, 46.7940940857], [311.102905273, -171.425674438, -158.469650269, 133.195343018, -2.07155275345, 272.361206055, 74.45703125, 73.0819854736, 97.5906295776, 28.4172782898, 35.3171386719, 19.622089386, -5.09817361832], [-768.486572266, 460.387451172, -68.0847549438, 79.4199295044, 160.516693115, 74.45703125, 220.437698364, 70.4997558594, 130.859146118, -5.43729639053, 72.147895813, -68.504119873, 30.5403423309], [76.4222183228, -121.013153076, -48.3461036682, 77.9752655029, 64.7245864868, 73.0819854736, 70.4997558594, 113.392929077, 68.1796112061, 45.6035575867, 25.6416225433, 17.4782409668, -10.8195514679], [-281.931121826, 344.93939209, -63.8774681091, 75.0805358887, 108.865959167, 97.5906295776, 130.859146118, 68.1796112061, 177.054473877, 28.2333774567, 87.7596435547, -26.2130794525, 24.2692070007], [-26.4005126953, -207.458953857, 93.9091262817, -28.7906036377, -11.3415994644, 28.4172782898, -5.43729639053, 45.6035575867, 28.2333774567, 83.9430389404, 22.0813713074, 50.1320838928, -8.02258300781], [-521.838195801, 226.786483765, -38.0372085571, 75.8980865479, 51.9739379883, 35.3171386719, 72.147895813, 25.6416225433, 87.7596435547, 22.0813713074, 91.7701797485, 5.58050775528, 34.4618263245], [106.953132629, -310.827972412, 6.50308895111, -46.9521255493, -30.9171047211, 19.622089386, -68.504119873, 17.4782409668, -26.2130794525, 50.1320838928, 5.58050775528, 102.042884827, 0.397535830736], [-142.133468628, 244.502288818, -133.28465271, -26.1206035614, 46.7940940857, -5.09817361832, 30.5403423309, -10.8195514679, 24.2692070007, -8.02258300781, 34.4618263245, 0.397535830736, 68.0513763428]], "icov": [[4.77498797409e-05, -7.85089796409e-05, 6.20641658315e-05, -0.000110198525363, 5.18468150403e-05, -6.35203614365e-05, 0.000265021371888, -0.000131882712594, -7.69608886912e-05, -0.000265826005489, 0.00054528407054, -3.44194522768e-05, 9.23998584312e-07], [-7.85089796409e-05, 0.00125287065748, -0.000226371485041, 0.0012215054594, -0.000866645306814, 0.00040105561493, -0.000452339387266, 0.000770457496401, -0.00100018188823, 0.00288234883919, -0.0035982048139, 0.00222813547589, -0.00118281634059], [6.20641658315e-05, -0.000226371485041, 0.000662029662635, -0.000430045736721, 0.000259034335613, 0.000376064039301, -0.000269420997938, 0.00080733303912, -0.000161104631843, -0.00184346665628, 0.00136969727464, -0.000523417780641, 0.00132342008874], [-0.000110198525363, 0.0012215054594, -0.000430045736721, 0.00252004479989, -0.000165797566297, -8.3794897364e-05, -5.50694785488e-05, -0.00132787961047, -0.000187276149518, 0.00482841813937, -0.00624029431492, 0.00310368649662, -0.000794572173618], [5.18468150403e-05, -0.000866645306814, 0.000259034335613, -0.000165797566297, 0.00305101601407, 0.000454533321317, -0.00114506005775, -0.00193748739548, -0.000164084078278, -0.000291443429887, 0.00234679412097, -0.00241670757532, 0.000657532946207], [-6.35203614365e-05, 0.00040105561493, 0.000376064039301, -8.3794897364e-05, 0.000454533321317, 0.00646943645552, -0.00294311530888, 0.000617052486632, -0.00465595303103, 0.00141371076461, 0.00204363185912, -0.0039704204537, 0.00153720949311], [0.000265021371888, -0.000452339387266, -0.000269420997938, -5.50694785488e-05, -0.00114506005775, -0.00294311530888, 0.0183866396546, -0.010524221696, -0.000948479573708, 0.00101081014145, -0.00555746164173, 0.0122826043516, -0.00452805170789], [-0.000131882712594, 0.000770457496401, 0.00080733303912, -0.00132787961047, -0.00193748739548, 0.000617052486632, -0.010524221696, 0.0258216820657, -0.00619251700118, -0.00924364663661, 0.007150339894, -0.00783408526331, 0.00577839557081], [-7.69608886912e-05, -0.00100018188823, -0.000161104631843, -0.000187276149518, -0.000164084078278, -0.00465595303103, -0.000948479573708, -0.00619251700118, 0.0220985896885, -0.00563026266173, -0.0140367820859, 0.00743513228372, 0.000770658254623], [-0.000265826005489, 0.00288234883919, -0.00184346665628, 0.00482841813937, -0.000291443429887, 0.00141371076461, 0.00101081014145, -0.00924364663661, -0.00563026266173, 0.0359427854419, -0.0147374635562, -0.00499709416181, -0.000547869422007], [0.00054528407054, -0.0035982048139, 0.00136969727464, -0.00624029431492, 0.00234679412097, 0.00204363185912, -0.00555746164173, 0.007150339894, -0.0140367820859, -0.0147374635562, 0.0487432964146, -0.0181405227631, -0.00478488020599], [-3.44194522768e-05, 0.00222813547589, -0.000523417780641, 0.00310368649662, -0.00241670757532, -0.0039704204537, 0.0122826043516, -0.00783408526331, 0.00743513228372, -0.00499709416181, -0.0181405227631, 0.0330895185471, -0.00755213713273], [9.23998584312e-07, -0.00118281634059, 0.00132342008874, -0.000794572173618, 0.000657532946207, 0.00153720949311, -0.00452805170789, 0.00577839557081, 0.000770658254623, -0.000547869422007, -0.00478488020599, -0.00755213713273, 0.0259751547128]]}, "melbands": {"dmean": [0.00446834042668, 0.0023315101862, 0.00148481677752, 0.0013063022634, 0.000703914673068, 0.000164285127539, 6.79260847392e-05, 4.52788372058e-05, 4.47239799541e-05, 8.93254546099e-05, 3.33549942297e-05, 5.8397075918e-05, 9.17763245525e-05, 2.06225977308e-05, 2.10730795516e-05, 2.22618509724e-05, 4.39135656052e-05, 3.44612490153e-05, 3.79977464036e-05, 1.89369602595e-05, 1.16149922178e-05, 9.60430315899e-06, 9.41894813877e-06, 5.7736101553e-06, 4.20295646109e-06, 2.17368733502e-06, 1.6938272438e-06, 1.37526023991e-06, 7.65116226376e-07, 8.08243669326e-07, 6.62823026687e-07, 6.16003660525e-07, 3.66949223007e-07, 6.25729171588e-07, 9.67018650044e-07, 7.93184142367e-07, 4.93712718708e-07, 2.44654728476e-07, 1.22871128383e-07, 8.06932121122e-08], "dmean2": [0.00685060070828, 0.0035177373793, 0.00249538733624, 0.00239211600274, 0.00131637288723, 0.0002992428781, 0.000115884504339, 7.10293024895e-05, 6.83384278091e-05, 0.000158382419613, 5.43482638022e-05, 9.1396344942e-05, 0.000130858417833, 3.48926150764e-05, 3.45162006852e-05, 3.61543570762e-05, 7.74205982452e-05, 5.95443998463e-05, 6.62109232508e-05, 3.4245345887e-05, 2.08735255001e-05, 1.7254946215e-05, 1.73813805304e-05, 1.0776819181e-05, 7.86539021647e-06, 3.9854685383e-06, 3.08795551973e-06, 2.49636445915e-06, 1.36710684728e-06, 1.44048749462e-06, 1.17252466225e-06, 1.10023563593e-06, 6.63491505293e-07, 1.12401312435e-06, 1.73688590621e-06, 1.41875216286e-06, 8.80106938439e-07, 4.31162021641e-07, 2.18748951397e-07, 1.39885514727e-07], "dvar": [4.70826344099e-05, 1.23952631839e-05, 1.09662469185e-05, 1.25540082081e-05, 4.25536336479e-06, 1.88494141184e-07, 1.83766442063e-08, 5.96012705856e-09, 6.28500362865e-09, 5.16377198778e-08, 3.04939273832e-09, 2.1391969085e-08, 6.33778327597e-08, 1.9086723313e-09, 1.50928824993e-09, 3.64556851373e-09, 2.01581897841e-08, 1.67575624488e-08, 2.26012542015e-08, 7.46201855861e-09, 2.51792720007e-09, 1.28917920783e-09, 1.30126553977e-09, 5.51636070156e-10, 4.34978608688e-10, 6.56543985844e-11, 4.39563004051e-11, 2.17210624487e-11, 6.29181082235e-12, 7.85838148026e-12, 2.66667373947e-12, 4.13662680498e-12, 1.31976970585e-12, 2.53298749163e-12, 5.80551448928e-12, 3.9125274201e-12, 1.45993774795e-12, 3.41693578813e-13, 9.52911116984e-14, 5.72059963961e-14], "dvar2": [0.000126878891024, 3.16680598189e-05, 2.89368908852e-05, 3.53650466423e-05, 1.22449346236e-05, 5.4084051726e-07, 5.14635480897e-08, 1.52942636333e-08, 1.35359954356e-08, 1.46271815993e-07, 7.54171747275e-09, 4.37420304422e-08, 1.08172955038e-07, 4.6941841525e-09, 3.59842688979e-09, 8.50264747498e-09, 5.63416762134e-08, 4.56348381306e-08, 6.40305657384e-08, 2.13624318235e-08, 7.28235738379e-09, 3.61947627425e-09, 3.72482977795e-09, 1.59268431776e-09, 1.27547084006e-09, 1.8851374628e-10, 1.25820256991e-10, 6.16685869037e-11, 1.73255281649e-11, 2.13633503249e-11, 7.20105615762e-12, 1.15213090804e-11, 3.58291304611e-12, 6.90344179391e-12, 1.58042155751e-11, 1.05747225213e-11, 3.94369302839e-12, 9.17357227508e-13, 2.50155636223e-13, 1.43634209344e-13], "max": [0.0729007646441, 0.0343759246171, 0.0203703828156, 0.0219875890762, 0.0140426745638, 0.00281585147604, 0.0011225992348, 0.000823795795441, 0.000860607658979, 0.00205629714765, 0.000519282300957, 0.00197682413273, 0.00348002230749, 0.000440157222329, 0.000398029020289, 0.000883886066731, 0.00197620736435, 0.00130649376661, 0.00157471478451, 0.000928499270231, 0.000598761893343, 0.000298138067592, 0.000322875916027, 0.000232547870837, 0.000247390911682, 7.05924976501e-05, 6.68601496727e-05, 4.42551390734e-05, 2.65525832219e-05, 3.30214352289e-05, 1.36521157401e-05, 2.199894152e-05, 1.0442097846e-05, 1.25681399368e-05, 1.41541031553e-05, 1.1723098396e-05, 6.78277865518e-06, 3.6381497921e-06, 3.28195210386e-06, 4.30385989603e-06], "mean": [0.0135436151177, 0.00440764194354, 0.00159604172222, 0.00103980745189, 0.000551173987333, 0.000143057884998, 8.27043550089e-05, 6.70516019454e-05, 6.81154851918e-05, 0.00010998648213, 5.59481159144e-05, 8.74824327184e-05, 0.000133271183586, 3.17929261655e-05, 3.43577485182e-05, 3.33883217536e-05, 6.07934453001e-05, 3.79520861316e-05, 3.7407331547e-05, 1.60734143719e-05, 1.14567328637e-05, 8.13933093013e-06, 7.46511250327e-06, 4.20334663431e-06, 2.99422504213e-06, 1.66296842963e-06, 1.31696106109e-06, 1.07328969534e-06, 6.26422888672e-07, 6.49930655072e-07, 5.05203502144e-07, 4.57643579921e-07, 2.80789208773e-07, 4.498826911e-07, 6.59956242544e-07, 5.51808852833e-07, 3.5839980228e-07, 2.00455005483e-07, 1.2374829339e-07, 9.88034329907e-08], "median": [0.00669644353911, 0.00302665587515, 0.000603351043537, 0.000171142717591, 8.71726660989e-05, 4.20157084591e-05, 3.83064216294e-05, 3.35713557433e-05, 3.10976392939e-05, 4.61092822661e-05, 2.94193159789e-05, 2.44495040533e-05, 2.75809525192e-05, 1.02962476376e-05, 1.18617590488e-05, 7.87533736002e-06, 9.03088039195e-06, 5.13839722771e-06, 4.6451941671e-06, 1.33900732635e-06, 1.33212540732e-06, 5.86850831041e-07, 4.72832454079e-07, 2.40951891328e-07, 1.64979638839e-07, 8.25709065566e-08, 5.74404239728e-08, 4.69416363558e-08, 3.37625110092e-08, 2.33582717613e-08, 2.43488855745e-08, 1.8797216228e-08, 1.26729258199e-08, 1.56344892588e-08, 1.2356602852e-08, 1.09313536001e-08, 6.86182133336e-09, 4.26734114711e-09, 2.9327300588e-09, 2.00730965183e-09], "min": [2.69310843327e-16, 9.78827766601e-17, 3.92063890364e-17, 4.15866872758e-17, 7.62149856551e-17, 8.9901138876e-17, 9.08036789511e-17, 4.69965080389e-17, 2.78592676685e-17, 2.90165793722e-17, 1.8810611562e-17, 1.62089548276e-17, 4.13028915338e-17, 4.29802682323e-17, 4.71558494947e-17, 1.05052056908e-16, 6.12026435365e-17, 1.38723840023e-16, 7.23186936547e-17, 3.00162172163e-17, 3.32978511559e-17, 2.98121120546e-17, 3.27294457261e-17, 3.92806169159e-17, 3.05703785959e-17, 3.65591529959e-17, 2.07801749226e-17, 3.39260948311e-17, 3.92114877777e-17, 2.17191374144e-17, 2.22334270341e-17, 5.20279730811e-17, 5.53808537412e-17, 2.8949954937e-17, 6.98371981392e-17, 9.46574141633e-17, 3.5599759143e-17, 8.48279673874e-17, 6.18402012655e-17, 3.60076915339e-17], "var": [0.000197457615286, 2.45215978794e-05, 8.90945102583e-06, 7.64056676417e-06, 2.47129696618e-06, 1.15441380899e-07, 1.64974718331e-08, 8.18731127339e-09, 9.57817469782e-09, 4.42664536138e-08, 5.01963937083e-09, 3.43148442994e-08, 1.09871642451e-07, 2.64557109553e-09, 2.69334665681e-09, 5.05115060889e-09, 2.08526600431e-08, 1.34153488318e-08, 1.60882649425e-08, 4.54080728574e-09, 1.58986435128e-09, 9.01588970148e-10, 8.2663659251e-10, 3.31234345508e-10, 2.43049913529e-10, 4.13068051985e-11, 2.77136091853e-11, 1.41486579397e-11, 4.38133947525e-12, 5.65824600715e-12, 1.87736002959e-12, 2.64906412778e-12, 9.1198858361e-13, 1.71068465383e-12, 3.829314036e-12, 2.63397745455e-12, 1.00107107933e-12, 2.57901447594e-13, 8.76455958049e-14, 6.62238479657e-14]}, "mfcc": {"mean": [-775.030822754, 177.177963257, 16.282743454, 12.2471551895, 24.1808853149, 24.231004715, 11.5053529739, 15.6649179459, 9.04331970215, 10.9538707733, 3.58549571037, 3.88600587845, 0.421790778637], "cov": [[20331.8847656, 2031.25073242, -2585.37670898, -605.582336426, -416.971710205, -9.53640079498, -358.105041504, -82.1241149902, -226.117797852, 1.0626360178, -405.24597168, -327.559448242, -433.534729004], [2031.25073242, 5002.49951172, -586.152587891, -809.71295166, 242.7472229, 92.6397247314, 95.7825622559, -14.4365406036, 154.098510742, -40.6762542725, 111.141395569, -86.7799224854, -22.6979656219], [-2585.37670898, -586.152587891, 2047.05761719, 535.799926758, -13.9006690979, 28.5578842163, 10.2472505569, -60.8351593018, -42.7034568787, 27.2498264313, 28.2185993195, 106.955757141, 59.229850769], [-605.582336426, -809.71295166, 535.799926758, 716.412353516, 16.1483020782, -0.151064068079, 57.0426826477, 16.0483760834, -7.17333745956, 29.3470783234, 0.729875743389, 30.5407562256, 16.3523216248], [-416.971710205, 242.7472229, -13.9006690979, 16.1483020782, 235.423446655, 71.8738098145, 66.7353897095, 52.8446655273, 51.7378425598, 4.86419057846, 42.2166976929, 19.7059192657, 29.7698421478], [-9.53640079498, 92.6397247314, 28.5578842163, -0.151064068079, 71.8738098145, 139.169311523, 61.964012146, 76.2465133667, 46.722202301, 67.8333740234, 24.6859779358, 45.9164505005, 19.5765247345], [-358.105041504, 95.7825622559, 10.2472505569, 57.0426826477, 66.7353897095, 61.964012146, 103.105606079, 62.7211036682, 60.7580909729, 40.434551239, 35.9303894043, 20.3920726776, 24.3181781769], [-82.1241149902, -14.4365406036, -60.8351593018, 16.0483760834, 52.8446655273, 76.2465133667, 62.7211036682, 117.203483582, 55.8184967041, 74.0367431641, 37.4335098267, 49.8961372375, 20.5086727142], [-226.117797852, 154.098510742, -42.7034568787, -7.17333745956, 51.7378425598, 46.722202301, 60.7580909729, 55.8184967041, 91.9496917725, 57.9261207581, 48.8962898254, 26.0490722656, 27.0419826508], [1.0626360178, -40.6762542725, 27.2498264313, 29.3470783234, 4.86419057846, 67.8333740234, 40.434551239, 74.0367431641, 57.9261207581, 112.572242737, 50.112449646, 56.4810523987, 25.4296951294], [-405.24597168, 111.141395569, 28.2185993195, 0.729875743389, 42.2166976929, 24.6859779358, 35.9303894043, 37.4335098267, 48.8962898254, 50.112449646, 75.1693725586, 47.817363739, 36.7300224304], [-327.559448242, -86.7799224854, 106.955757141, 30.5407562256, 19.7059192657, 45.9164505005, 20.3920726776, 49.8961372375, 26.0490722656, 56.4810523987, 47.817363739, 77.9511260986, 42.7552223206], [-433.534729004, -22.6979656219, 59.229850769, 16.3523216248, 29.7698421478, 19.5765247345, 24.3181781769, 20.5086727142, 27.0419826508, 25.4296951294, 36.7300224304, 42.7552223206, 53.241733551]], "icov": [[8.9777597168e-05, -5.92919932387e-05, 0.000119268115668, -8.77710335772e-05, 2.88620030915e-05, -7.6602846093e-05, 0.000246739102295, 8.40320353745e-05, 0.000104129292595, -0.000410637585446, 0.000485067896079, -0.00015101734607, 0.000396877498133], [-5.92919932387e-05, 0.000349671579897, -0.000101134733995, 0.000394408620195, -0.000159809511388, -0.000262093933998, -0.000382928992622, 0.000261003704509, -0.000383052305551, 0.000553292629775, -0.0011531781638, 0.000596489058807, 0.000164565470186], [0.000119268115668, -0.000101134733995, 0.000914179196116, -0.000636333483271, 4.51511114079e-05, -0.000393298134441, -1.12177740448e-05, 0.00152701057959, 0.000336956029059, -0.000584666093346, 0.000889571500011, -0.00202325941063, 0.000761960516684], [-8.77710335772e-05, 0.000394408620195, -0.000636333483271, 0.00253144232556, -0.000745993980672, 0.00152574758977, -0.00291502149776, 0.000419814314228, 0.000660021498334, -0.000959617842454, 0.000438953109551, -0.000331328890752, 0.000496052787639], [2.88620030915e-05, -0.000159809511388, 4.51511114079e-05, -0.000745993980672, 0.0078801298514, -0.00512780621648, 0.000848425319418, -0.00345499021932, -0.00160883669741, 0.00695606181398, -0.00558613939211, 0.00366678717546, -0.0028276767116], [-7.6602846093e-05, -0.000262093933998, -0.000393298134441, 0.00152574758977, -0.00512780621648, 0.0195703338832, -0.00862557906657, -0.000292758370051, 0.000716524897143, -0.00964512117207, 0.0120224626735, -0.0112435948104, 0.00393520435318], [0.000246739102295, -0.000382928992622, -1.12177740448e-05, -0.00291502149776, 0.000848425319418, -0.00862557906657, 0.0281312055886, -0.0108437510207, -0.00820346642286, 0.004783407785, -0.00655078422278, 0.0138790318742, -0.00796537846327], [8.40320353745e-05, 0.000261003704509, 0.00152701057959, 0.000419814314228, -0.00345499021932, -0.000292758370051, -0.0108437510207, 0.0278823003173, -0.00315797701478, -0.00957573298365, 0.0075259511359, -0.0180908013135, 0.010733240284], [0.000104129292595, -0.000383052305551, 0.000336956029059, 0.000660021498334, -0.00160883669741, 0.000716524897143, -0.00820346642286, -0.00315797701478, 0.0306056644768, -0.0114266145974, -0.00836859364063, 0.0104797175154, -0.00702308304608], [-0.000410637585446, 0.000553292629775, -0.000584666093346, -0.000959617842454, 0.00695606181398, -0.00964512117207, 0.004783407785, -0.00957573298365, -0.0114266145974, 0.0332094244659, -0.0143617615104, -0.0034540630877, 0.00162153551355], [0.000485067896079, -0.0011531781638, 0.000889571500011, 0.000438953109551, -0.00558613939211, 0.0120224626735, -0.00655078422278, 0.0075259511359, -0.00836859364063, -0.0143617615104, 0.0466845072806, -0.0248322468251, -2.53181806329e-05], [-0.00015101734607, 0.000596489058807, -0.00202325941063, -0.000331328890752, 0.00366678717546, -0.0112435948104, 0.0138790318742, -0.0180908013135, 0.0104797175154, -0.0034540630877, -0.0248322468251, 0.0607948228717, -0.031272161752], [0.000396877498133, 0.000164565470186, 0.000761960516684, 0.000496052787639, -0.0028276767116, 0.00393520435318, -0.00796537846327, 0.010733240284, -0.00702308304608, 0.00162153551355, -2.53181806329e-05, -0.031272161752, 0.0486448295414]]}, "spectral_contrast_coeffs": {"dmean": [0.0531116276979, 0.0426778793335, 0.0369003117085, 0.0283195525408, 0.0256699752063, 0.0213982779533], "dmean2": [0.0826170668006, 0.0699027478695, 0.062371738255, 0.0479138866067, 0.0421378277242, 0.0337582118809], "dvar": [0.00366016756743, 0.00143855938222, 0.00102056306787, 0.000713525339961, 0.000763647200074, 0.000542875553947], "dvar2": [0.00831499323249, 0.00379812554456, 0.00272696162574, 0.00191705359612, 0.00186068634503, 0.00116408511531], "max": [-0.270246893167, -0.634995222092, -0.626491069794, -0.681003749371, -0.593400299549, -0.675550222397], "mean": [-0.703057825565, -0.812930822372, -0.810790240765, -0.816994607449, -0.823788106441, -0.815927684307], "median": [-0.726903676987, -0.817590296268, -0.80794864893, -0.815348863602, -0.829094052315, -0.814733445644], "min": [-0.994308114052, -0.993244051933, -0.991696059704, -0.991573274136, -0.978047013283, -0.962587952614], "var": [0.0100744813681, 0.00255710701458, 0.00312573066913, 0.0030079211574, 0.00319866859354, 0.0022093616426]}, "spectral_contrast_valleys": {"dmean": [0.414658218622, 0.524853229523, 0.489175707102, 0.472759127617, 0.692900419235, 0.774172961712], "dmean2": [0.63288807869, 0.796507060528, 0.740442752838, 0.686152219772, 0.93779540062, 1.03046357632], "dvar": [0.266282707453, 0.506828010082, 0.432665765285, 0.459294080734, 0.740185260773, 0.993355453014], "dvar2": [0.427978426218, 1.08057057858, 0.823895096779, 0.845817685127, 1.54625678062, 2.11492228508], "max": [-4.75053358078, -4.69999694824, -5.26205730438, -5.32762145996, -5.64560127258, -8.65069293976], 