{"lowlevel": {"average_loudness": 0.705443620682, "barkbands_crest": {"dmean": 1.80195236206, "dmean2": 2.77417230606, "dvar": 4.3950343132, "dvar2": 10.4785585403, "max": 26.7130908966, "mean": 15.3629131317, "median": 14.8293581009, "min": 3.26694560051, "var": 26.7037563324}, "barkbands_flatness_db": {"dmean": 0.0189504530281, "dmean2": 0.0294754616916, "dvar": 0.000527668569703, "dvar2": 0.00123945449013, "max": 0.652393341064, "mean": 0.407115399837, "median": 0.407588392496, "min": 0.0428408645093, "var": 0.00348302419297}, "barkbands_kurtosis": {"dmean": 5.18621969223, "dmean2": 8.32175636292, "dvar": 427.431121826, "dvar2": 1244.5032959, "max": 651.245178223, "mean": 11.4144392014, "median": 3.03257894516, "min": -1.86173653603, "var": 1458.36853027}, "barkbands_skewness": {"dmean": 0.550576508045, "dmean2": 0.840801596642, "dvar": 0.659197330475, "dvar2": 1.61730360985, "max": 9.20813560486, "mean": 0.476583719254, "median": 0.646491825581, "min": -10.786948204, "var": 3.65860080719}, "barkbands_spread": {"dmean": 1.04847872257, "dmean2": 1.59854876995, "dvar": 3.09389972687, "dvar2": 7.16686010361, "max": 76.9266815186, "mean": 4.69486188889, "median": 3.52699112892, "min": 0.0778767317533, "var": 16.2820796967}, "dissonance": {"dmean": 0.0496904738247, "dmean2": 0.0869712531567, "dvar": 0.00267436169088, "dvar2": 0.00747863622382, "max": 0.5, "mean": 0.373736262321, "median": 0.381727725267, "min": 0.034007307142, "var": 0.00617385050282}, "dynamic_complexity": 9.03533935547, "erbbands_crest": {"dmean": 1.68204641342, "dmean2": 2.44123411179, "dvar": 5.19621944427, "dvar2": 10.1321258545, "max": 34.7793464661, "mean": 17.7438621521, "median": 15.477057457, "min": 3.27360773087, "var": 68.7330627441}, "erbbands_flatness_db": {"dmean": 0.013102658093, "dmean2": 0.0196310989559, "dvar": 0.000326069421135, "dvar2": 0.000621718470939, "max": 0.654939711094, "mean": 0.420730471611, "median": 0.427059859037, "min": 0.0341962017119, "var": 0.00555833429098}, "erbbands_kurtosis": {"dmean": 2.44178986549, "dmean2": 3.37537384033, "dvar": 43.055973053, "dvar2": 88.9910507202, "max": 255.403869629, "mean": 7.68234777451, "median": 1.6494846344, "min": -1.8422369957, "var": 358.545440674}, "erbbands_skewness": {"dmean": 0.343180686235, "dmean2": 0.473892360926, "dvar": 0.264601528645, "dvar2": 0.558532774448, "max": 6.64314889908, "mean": 0.574621498585, "median": 0.577260077, "min": -7.82585525513, "var": 2.72909641266}, "erbbands_spread": {"dmean": 1.13359117508, "dmean2": 1.66415464878, "dvar": 3.16358876228, "dvar2": 6.65913152695, "max": 71.9280395508, "mean": 7.99395370483, "median": 6.40244150162, "min": 0.151885464787, "var": 38.0930633545}, "hfc": {"dmean": 2.81811475754, "dmean2": 3.17256951332, "dvar": 53.3459434509, "dvar2": 73.3385925293, "max": 146.675384521, "mean": 8.09768009186, "median": 2.29057216644, "min": 1.24667791485e-16, "var": 208.614685059}, "melbands_crest": {"dmean": 2.28077173233, "dmean2": 3.53856801987, "dvar": 7.67510080338, "dvar2": 18.3733291626, "max": 36.7666130066, "mean": 18.514913559, "median": 17.5728778839, "min": 2.07678794861, "var": 47.6255493164}, "melbands_flatness_db": {"dmean": 0.0212033130229, "dmean2": 0.0337040573359, "dvar": 0.0006491735694, "dvar2": 0.00154967862181, "max": 0.73894315958, "mean": 0.532607853413, "median": 0.535016834736, "min": 0.00714955152944, "var": 0.00383145501837}, "melbands_kurtosis": {"dmean": 3.42653894424, "dmean2": 5.44257116318, "dvar": 71.5614242554, "dvar2": 199.83631897, "max": 185.667984009, "mean": 8.22447681427, "median": 3.20327234268, "min": -1.86313045025, "var": 373.878692627}, "melbands_skewness": {"dmean": 0.522945582867, "dmean2": 0.803126096725, "dvar": 0.473884284496, "dvar2": 1.11888277531, "max": 6.45054578781, "mean": 0.656437218189, "median": 0.831443369389, "min": -10.0196781158, "var": 3.36358499527}, "melbands_spread": {"dmean": 1.58249890804, "dmean2": 2.38357639313, "dvar": 6.99311685562, "dvar2": 14.1067905426, "max": 142.497116089, "mean": 7.11689758301, "median": 5.18393802643, "min": 0.184356689453, "var": 45.9000854492}, "pitch_salience": {"dmean": 0.0488653406501, "dmean2": 0.0752016082406, "dvar": 0.0035467739217, "dvar2": 0.00842583365738, "max": 0.95330530405, "mean": 0.447946846485, "median": 0.455134451389, "min": 0.0205368846655, "var": 0.0245430301875}, "silence_rate_20dB": {"dmean": 0, "dmean2": 0, "dvar": 0, "dvar2": 0, "max": 1, "mean": 1, "median": 1, "min": 1, "var": 0}, "silence_rate_30dB": {"dmean": 0.00325347529724, "dmean2": 0.00650791311637, "dvar": 0.00324304611422, "dvar2": 0.00794439762831, "max": 1, "mean": 0.997338473797, "median": 1, "min": 0, "var": 0.0026544216089}, "silence_rate_60dB": {"dmean": 0.0298728179187, "dmean2": 0.0597544759512, "dvar": 0.0289777871221, "dvar2": 0.0594378858805, "max": 1, "mean": 0.4410764575, "median": 0, "min": 0, "var": 0.246523976326}, "spectral_centroid": {"dmean": 32.7099113464, "dmean2": 44.6339912415, "dvar": 13195.9794922, "dvar2": 17904.96875, "max": 11119.3876953, "mean": 528.815673828, "median": 447.462738037, "min": 203.659622192, "var": 80029.296875}, "spectral_complexity": {"dmean": 0.835847377777, "dmean2": 1.39979290962, "dvar": 1.54506397247, "dvar2": 3.17852377892, "max": 26, "mean": 5.61806869507, "median": 5, "min": 0, "var": 14.1671915054}, "spectral_decrease": {"dmean": 1.01226860227e-09, "dmean2": 1.16060083766e-09, "dvar": 4.87693570965e-18, "dvar2": 6.57909680723e-18, "max": 1.11823553279e-15, "mean": -3.49993722892e-09, "median": -1.18710785646e-09, "min": -3.7542466913e-08, "var": 2.54074298866e-17}, "spectral_energy": {"dmean": 0.00407234812155, "dmean2": 0.00466322945431, "dvar": 7.97719403636e-05, "dvar2": 0.000107585728983, "max": 0.150005370378, "mean": 0.0139440223575, "median": 0.00470061041415, "min": 1.09420638885e-20, "var": 0.000407457962865}, "spectral_energyband_high": {"dmean": 9.36740434554e-07, "dmean2": 1.50717153247e-06, "dvar": 4.29531132884e-10, "dvar2": 1.20903287382e-09, "max": 0.00118461926468, "mean": 1.10158930511e-06, "median": 1.90074906925e-08, "min": 7.89673868667e-21, "var": 3.66882607628e-10}, "spectral_energyband_low": {"dmean": 0.000250346696703, "dmean2": 0.000393091322621, "dvar": 6.50703896099e-07, "dvar2": 1.23873633129e-06, "max": 0.0221329461783, "mean": 0.000641240272671, "median": 0.000179384456715, "min": 6.74058040793e-23, "var": 2.57447800323e-06}, "spectral_energyband_middle_high": {"dmean": 0.00145781855099, "dmean2": 0.00166757800616, "dvar": 2.6168901968e-05, "dvar2": 3.67333668692e-05, "max": 0.112041160464, "mean": 0.00308271194808, "median": 0.000298260769341, "min": 1.43209329106e-21, "var": 8.60514337546e-05}, "spectral_energyband_middle_low": {"dmean": 0.00307634379715, "dmean2": 0.00353166041896, "dvar": 5.60201478947e-05, "dvar2": 7.54570501158e-05, "max": 0.144395947456, "mean": 0.0114019447938, "median": 0.002927783411, "min": 3.82704697898e-22, "var": 0.000316112680594}, "spectral_entropy": {"dmean": 0.120151758194, "dmean2": 0.180425047874, "dvar": 0.0425545461476, "dvar2": 0.0944598466158, "max": 9.79929447174, "mean": 5.17502737045, "median": 5.19661521912, "min": 2.72532868385, "var": 0.299133569002}, "spectral_flux": {"dmean": 0.0122936870903, "dmean2": 0.0200620405376, "dvar": 0.000657502037939, "dvar2": 0.00151034886949, "max": 0.252121776342, "mean": 0.0251518432051, "median": 0.0144861703739, "min": 1.04604318263e-10, "var": 0.00100612302776}, "spectral_kurtosis": {"dmean": 38.1855735779, "dmean2": 66.3682479858, "dvar": 1789.15393066, "dvar2": 5074.25537109, "max": 491.896636963, "mean": 164.854522705, "median": 155.683044434, "min": -1.20195198059, "var": 7453.59179688}, "spectral_rms": {"dmean": 0.000410635344451, "dmean2": 0.00047151176841, "dvar": 5.76730542434e-07, "dvar2": 7.29976818548e-07, "max": 0.0120973838493, "mean": 0.00285385758616, "median": 0.00214148592204, "min": 3.26729008432e-12, "var": 5.45946431885e-06}, "spectral_rolloff": {"dmean": 63.840801239, "dmean2": 111.262268066, "dvar": 83091.375, "dvar2": 140140.203125, "max": 19573.6816406, "mean": 660.993225098, "median": 581.396484375, "min": 43.06640625, "var": 347264.625}, "spectral_skewness": {"dmean": 1.51567673683, "dmean2": 2.64846873283, "dvar": 2.5171751976, "dvar2": 6.91288280487, "max": 17.7628192902, "mean": 9.59830856323, "median": 9.6163482666, "min": -0.0177474264055, "var": 9.32527351379}, "spectral_spread": {"dmean": 299651.34375, "dmean2": 528434.25, "dvar": 344481464320, "dvar2": 810831446016, "max": 40608992, "mean": 974501.0625, "median": 763659.5625, "min": 175702.203125, "var": 1263570124800.0}, "spectral_strongpeak": {"dmean": 0.401238620281, "dmean2": 0.53682166338, "dvar": 0.838654875755, "dvar2": 1.33349645138, "max": 22.0639858246, "mean": 1.46145761013, "median": 0.713605642319, "min": 0, "var": 4.16729831696}, "zerocrossingrate": {"dmean": 0.00231763906777, "dmean2": 0.00285363965668, "dvar": 5.993618106e-05, "dvar2": 5.58666906727e-05, "max": 0.7216796875, "mean": 0.0255620982498, "median": 0.02197265625, "min": 0.001953125, "var": 0.000484361255076}, "barkbands": {"dmean": [2.02504306799e-05, 0.000107135005237, 5.99933082412e-05, 0.000281164451735, 0.000473349646199, 0.000634705938864, 0.000181385592441, 0.000504412397277, 0.000811619858723, 0.00101931462996, 0.000359425030183, 0.000218924673391, 0.000224852716201, 7.28957020328e-05, 2.49534350587e-05, 1.17674326248e-05, 2.48846754403e-05, 9.21000776088e-07, 1.16083390367e-06, 6.74904640618e-07, 4.3095516844e-07, 8.90480222893e-08, 1.05760777913e-08, 2.56606491611e-09, 9.50483580731e-10, 6.59534205028e-10, 1.27731025756e-09], "dmean2": [3.2478626963e-05, 0.000179357899469, 9.31929607759e-05, 0.000387315114494, 0.000640031532384, 0.00072146335151, 0.000290927127935, 0.000607775815297, 0.00108474865556, 0.00114011683036, 0.000436231988715, 0.00022486250964, 0.000244956492679, 0.000109185588371, 3.66595122614e-05, 1.79216112883e-05, 3.27099260176e-05, 1.63996878655e-06, 1.89397519534e-06, 1.02673038782e-06, 7.889878475e-07, 1.541332324e-07, 1.65448081901e-08, 3.92999810472e-09, 1.64719748952e-09, 1.17806109312e-09, 2.22877494238e-09], "dvar": [1.60381419256e-09, 3.68387738092e-08, 1.45366328752e-07, 1.71766714629e-06, 5.07196727995e-06, 4.9633481467e-06, 4.67774327717e-07, 5.69067969991e-06, 1.58835155162e-05, 2.04291354748e-05, 6.71390762363e-06, 5.35022218173e-06, 5.92023297941e-06, 2.73929686045e-07, 1.18878197952e-07, 8.21747114799e-09, 5.25164750798e-07, 1.94818605692e-10, 2.45252040898e-10, 1.94248367391e-10, 2.94065299888e-10, 1.0548921979e-11, 7.15871860488e-14, 4.27393597537e-15, 1.21904372964e-16, 2.89177399744e-18, 1.90861917461e-18], "dvar2": [4.00595956407e-09, 9.99786848865e-08, 3.28860380705e-07, 2.72050283456e-06, 9.32280636334e-06, 5.39014263268e-06, 1.15974717119e-06, 7.60956118029e-06, 2.96803154924e-05, 2.50005796261e-05, 9.18359182833e-06, 6.92989033269e-06, 8.17990530777e-06, 5.64042125006e-07, 2.23688772394e-07, 1.76024013143e-08, 9.07108415049e-07, 5.54536361275e-10, 6.94283019964e-10, 4.79752682025e-10, 8.7150187067e-10, 3.0351027247e-11, 1.69062002895e-13, 9.24149621981e-15, 3.02209470649e-16, 7.33965215734e-18, 5.96807875466e-18], "max": [0.000663479848299, 0.00295365718193, 0.0100552849472, 0.0452398955822, 0.0729342326522, 0.0755437240005, 0.0292283948511, 0.0820441171527, 0.0938493609428, 0.0943877473474, 0.0908217579126, 0.109135851264, 0.0916167870164, 0.0247013363987, 0.0260294303298, 0.00435162568465, 0.0561502836645, 0.000582050066441, 0.000875874073245, 0.0010118217906, 0.00108936696779, 0.000202327340958, 1.76928915607e-05, 4.90998218083e-06, 7.54589564167e-07, 9.01810395249e-08, 2.83111667443e-08], "mean": [4.11832188547e-05, 0.000175746245077, 0.000126953280414, 0.00111928908154, 0.00158606236801, 0.00260506686755, 0.000631324597634, 0.00137796218041, 0.00223016203381, 0.00231392076239, 0.000661195954308, 0.000396257411921, 0.000406965555158, 0.000151987173012, 4.90398306283e-05, 2.05157848541e-05, 4.67398494948e-05, 9.13321741791e-07, 1.43677266351e-06, 8.45388228754e-07, 3.97815142605e-07, 7.15762311643e-08, 1.05873585454e-08, 3.0139903906e-09, 1.60919277903e-09, 1.64741364994e-09, 7.37928207428e-09], "median": [2.45500655183e-06, 6.16469988017e-05, 7.99861481937e-06, 8.73766566656e-06, 0.000245620089117, 0.000404555234127, 0.000102405625512, 0.000123950172565, 5.21479742019e-05, 0.000105578146758, 8.72863165569e-06, 7.0599544415e-06, 3.09754636874e-06, 1.83277973065e-06, 1.21689311072e-06, 3.86698417287e-07, 2.0108758747e-07, 1.96290592669e-08, 2.55670133953e-08, 3.17991233345e-09, 1.36223543556e-09, 9.05409858198e-10, 7.96295529515e-10, 8.35974456326e-10, 9.4913776838e-10, 1.24963028814e-09, 7.08689729123e-09], "min": [5.08993250888e-23, 9.34328907182e-24, 7.56658498665e-24, 5.27280119522e-23, 5.21266727504e-23, 5.92453914245e-23, 3.37903772477e-23, 8.94025845762e-23, 7.80393335373e-23, 4.21459446242e-23, 3.78492874861e-23, 1.23059802103e-22, 5.19633627658e-23, 1.12720864862e-22, 7.67748084389e-23, 1.16123228257e-22, 1.43265862034e-22, 1.99660152375e-22, 3.82153075866e-22, 3.57201190863e-22, 3.20663147974e-22, 5.41677285426e-22, 5.12155762702e-22, 1.01178799881e-21, 1.47837350108e-21, 1.33547391032e-21, 2.84824336245e-21], "var": [5.46368905674e-09, 9.56556505116e-08, 4.41394121253e-07, 1.47895807459e-05, 2.17939686991e-05, 3.2900734368e-05, 1.69506188286e-06, 2.59844309767e-05, 6.64943509037e-05, 7.60327238822e-05, 2.03428171517e-05, 1.87326295418e-05, 1.67549842445e-05, 7.83755922384e-07, 3.35629692927e-07, 1.48506256181e-08, 1.27861255805e-06, 1.2800563387e-10, 1.62929794656e-10, 2.26659843672e-10, 2.04658512359e-10, 6.48975187825e-12, 6.19835400454e-14, 4.89806288519e-15, 1.21604113019e-16, 3.4485600211e-18, 2.84817889083e-18]}, "erbbands": {"dmean": [0.00498148240149, 0.0182442534715, 0.053816087544, 0.478185117245, 2.05614304543, 0.991784274578, 1.63147258759, 7.25388336182, 3.36998033524, 5.81268596649, 11.6436624527, 23.5958366394, 36.0952529907, 12.1562271118, 14.3210134506, 11.9870595932, 11.3254499435, 4.42925262451, 2.19244861603, 1.24037289619, 0.896918714046, 0.811201989651, 0.0772629380226, 0.0674109533429, 0.0311310235411, 0.0433702133596, 0.0168188270181, 0.01172665786, 0.00216860068031, 0.00240117474459, 0.000367095461115, 0.000120621880342, 2.70666714641e-05, 1.17076124297e-05, 8.58975363371e-06, 3.89091383113e-06, 2.10501661968e-06, 7.53997085212e-07, 2.10164694181e-06, 4.69171982331e-06], "dmean2": [0.00864391587675, 0.0291845481843, 0.0830835923553, 0.668173491955, 2.83809256554, 1.31850802898, 2.25427174568, 8.03210353851, 4.84769201279, 8.03226280212, 13.8817386627, 30.6277713776, 38.9948005676, 15.0897216797, 17.7002925873, 11.9951534271, 12.1070423126, 6.01124334335, 3.25125789642, 1.86915695667, 1.21135056019, 1.05164635181, 0.111490868032, 0.10625308007, 0.053293466568, 0.0659574791789, 0.0293190535158, 0.0209928974509, 0.00345423351973, 0.00449612783268, 0.000587170594372, 0.000185499040526, 4.39168325101e-05, 1.88019930647e-05, 1.34113934109e-05, 5.64531455893e-06, 2.93155267173e-06, 1.1240265394e-06, 2.42533405981e-06, 5.36541938345e-06], "dvar": [9.11995812203e-05, 0.00132943200879, 0.0842261835933, 4.97098779678, 110.419151306, 15.5513563156, 20.1404800415, 707.190307617, 103.070396423, 482.466674805, 3823.07128906, 12469.7226562, 27789.3789062, 4364.57177734, 8686.23535156, 14120.5751953, 13731.3798828, 685.090332031, 649.815429688, 248.993850708, 337.487762451, 522.908874512, 0.80814576149, 0.392170876265, 0.504561066628, 0.863059401512, 0.321739464998, 0.177155256271, 0.00231510819867, 0.0128256427124, 0.000104169273982, 8.3737213572e-06, 1.91535391991e-07, 9.66215463194e-09, 1.11327747021e-08, 9.1121367396e-11, 2.54387500648e-11, 1.69786244526e-12, 2.07580515277e-11, 1.07297365437e-10], "dvar2": [0.000264769012574, 0.00324884266593, 0.199945136905, 7.79522371292, 208.489608765, 27.2495479584, 32.5807609558, 763.950073242, 206.383911133, 887.899108887, 5184.23828125, 23078.5546875, 31766.9003906, 7838.10742188, 13550.9550781, 17934.5996094, 19058.2265625, 1254.89318848, 1216.76647949, 568.23828125, 554.526611328, 878.742553711, 1.62149620056, 1.05073738098, 1.44338285923, 2.13087534904, 0.949357509613, 0.523946762085, 0.00613967562094, 0.0375419780612, 0.000251519231824, 1.93164178199e-05, 3.99002061613e-07, 2.2728425364e-08, 2.76750000694e-08, 1.83613679816e-10, 4.56803761484e-11, 3.21504368267e-12, 2.76299209206e-11, 1.44702444471e-10], "max": [0.132793828845, 0.821174025536, 7.01287984848, 76.8078918457, 293.716766357, 158.758148193, 223.862640381, 956.079650879, 230.99369812, 665.674865723, 2241.6809082, 2766.92382812, 3677.51660156, 2380.02880859, 2856.21337891, 5592.17382812, 4730.21484375, 1049.39379883, 1539.06201172, 981.936279297, 1473.78735352, 1798.1184082, 52.9892845154, 33.37474823, 40.8065414429, 67.3947906494, 35.7805976868, 26.7757415771, 2.85357785225, 7.01486063004, 0.64078527689, 0.16480986774, 0.0313104763627, 0.00544246425852, 0.00744678685442, 0.000475908396766, 0.000244079259573, 3.20782382914e-05, 7.49526880099e-05, 0.000171193387359], "mean": [0.00644986797124, 0.0348936468363, 0.137477114797, 1.71011066437, 4.75438547134, 4.97576332092, 8.23711109161, 29.603975296, 14.0116996765, 15.9793233871, 31.4742927551, 66.0639953613, 87.2840881348, 23.8401508331, 26.1357593536, 22.4197311401, 20.7115516663, 9.20496559143, 4.55199241638, 2.38735032082, 1.71654105186, 1.54382121563, 0.128897219896, 0.09047665447, 0.0337121896446, 0.0558752082288, 0.0166341494769, 0.011229345575, 0.0020431492012, 0.00173479912337, 0.000342224200722, 0.000129990163259, 4.49439830845e-05, 2.73107598332e-05, 2.07612465601e-05, 1.28076253532e-05, 7.59500062486e-06, 3.05824710267e-06, 7.81258040661e-06, 1.60040399351e-05], "median": [0.00178503699135, 0.0117285363376, 0.0161683131009, 0.025500940159, 0.0945434719324, 0.735780119896, 2.56575655937, 4.17819452286, 2.5580701828, 2.056671381, 2.6400437355, 1.90640068054, 4.18257951736, 1.93437993526, 0.633873224258, 0.559210598469, 0.317926615477, 0.301597088575, 0.200227245688, 0.0763636678457, 0.0349898785353, 0.0135804470628, 0.00412054965273, 0.00230899476446, 0.000596940459218, 0.000303270586301, 9.89581458271e-05, 6.00787752774e-05, 3.91364992538e-05, 3.19944010698e-05, 2.67673331109e-05, 2.29139041039e-05, 1.95833290491e-05, 1.57104914251e-05, 1.13871055873e-05, 7.2369875852e-06, 4.27196891906e-06, 2.21395544031e-06, 3.24053644363e-06, 5.4533347793e-06], "min": [7.69205975073e-22, 8.62036602044e-22, 6.7318668397e-21, 1.04018614726e-19, 1.83510897774e-19, 1.49914866723e-19, 4.56245425526e-19, 3.73487090915e-19, 2.01115692278e-19, 1.57066802131e-18, 1.95970254052e-18, 1.49182406045e-18, 1.50337057122e-18, 9.98902273743e-19, 2.25066394137e-18, 5.05903869433e-18, 3.39726096785e-18, 2.83315274141e-18, 6.54013039652e-18, 3.96264966988e-18, 7.58918442401e-18, 8.80277336073e-18, 1.05194783614e-17, 1.19545283635e-17, 2.12245264215e-17, 1.70229005503e-17, 1.07861564278e-17, 1.68268471646e-17, 1.70255111323e-17, 2.03116747129e-17, 1.35915212773e-17, 1.49338128999e-17, 2.02513236154e-17, 1.52029923605e-17, 1.04758296949e-17, 5.33416806505e-18, 2.66463950702e-18, 1.35326717194e-18, 3.85624105248e-19, 4.0348936471e-20], "var": [0.000120580276416, 0.00562842004001, 0.244645401835, 33.5519866943, 366.047515869, 182.5546875, 244.590026855, 4425.03662109, 715.214233398, 1768.49780273, 17079.0136719, 52921.9765625, 109851.859375, 10575.5957031, 23636.9238281, 49837.6367188, 39212.9921875, 1812.82348633, 2004.13781738, 367.280853271, 877.628479004, 1329.48132324, 1.73212337494, 0.351823151112, 0.313316434622, 1.01698231697, 0.220537692308, 0.126531586051, 0.00182578177191, 0.00742248538882, 8.77499187482e-05, 8.17013096821e-06, 2.41247334998e-07, 1.03116679639e-08, 1.14576632626e-08, 2.56671156551e-10, 8.14181916331e-11, 6.15975196197e-12, 1.03238660676e-10, 5.35815891656e-10]}, "gfcc": {"mean": [-298.972503662, 228.773071289, -86.4427642822, -70.0477600098, -35.1298446655, -18.4460735321, -22.8609485626, -6.03920936584, -3.785364151, -4.94509124756, -1.65620625019, -2.9630625248, 8.05827045441], "cov": [[12178.4462891, 2543.14379883, -4244.1796875, -1184.01098633, 967.894714355, -1054.63183594, -557.18572998, -622.19152832, -227.166366577, -192.286941528, 64.6968460083, -548.829101562, -135.688735962], [2543.14379883, 1536.94519043, -271.286865234, -548.157958984, 237.024887085, -256.358520508, -581.699707031, -464.592651367, -130.207946777, -100.472015381, -7.10920190811, -204.435058594, -188.178268433], [-4244.1796875, -271.286865234, 2444.34228516, 461.666595459, -495.528442383, 310.824829102, -102.227256775, -0.531523168087, 76.2629318237, 114.804954529, 40.3458061218, 190.685150146, -58.1702842712], [-1184.01098633, -548.157958984, 461.666595459, 763.267211914, -20.7070331573, 86.9499588013, 214.407272339, 92.5485916138, -9.08093833923, 111.40259552, 35.3969688416, 83.8075332642, 13.4493761063], [967.894714355, 237.024887085, -495.528442383, -20.7070331573, 382.973480225, 24.5095901489, -93.809715271, -137.35723877, -96.5507507324, -79.6149749756, -68.8090057373, -150.106323242, -101.409744263], [-1054.63183594, -256.358520508, 310.824829102, 86.9499588013, 24.5095901489, 339.499786377, 129.715835571, 22.1266918182, 15.3048944473, 51.6237335205, 4.97716426849, 58.2620239258, 8.78400230408], [-557.18572998, -581.699707031, -102.227256775, 214.407272339, -93.809715271, 129.715835571, 472.939056396, 343.670227051, 48.1148414612, 48.3756561279, 51.5937004089, 113.563522339, 134.575546265], [-622.19152832, -464.592651367, -0.531523168087, 92.5485916138, -137.35723877, 22.1266918182, 343.670227051, 479.022705078, 194.627868652, 50.3534011841, 54.1421318054, 141.766494751, 163.421615601], [-227.166366577, -130.207946777, 76.2629318237, -9.08093833923, -96.5507507324, 15.3048944473, 48.1148414612, 194.627868652, 245.008636475, 132.274597168, 27.0227737427, 70.062461853, 96.8896026611], [-192.286941528, -100.472015381, 114.804954529, 111.40259552, -79.6149749756, 51.6237335205, 48.3756561279, 50.3534011841, 132.274597168, 256.019348145, 169.584899902, 102.825645447, 67.0342407227], [64.6968460083, -7.10920190811, 40.3458061218, 35.3969688416, -68.8090057373, 4.97716426849, 51.5937004089, 54.1421318054, 27.0227737427, 169.584899902, 261.407501221, 178.66242981, 56.6323890686], [-548.829101562, -204.435058594, 190.685150146, 83.8075332642, -150.106323242, 58.2620239258, 113.563522339, 141.766494751, 70.062461853, 102.825645447, 178.66242981, 258.722473145, 142.414001465], [-135.688735962, -188.178268433, -58.1702842712, 13.4493761063, -101.409744263, 8.78400230408, 134.575546265, 163.421615601, 96.8896026611, 67.0342407227, 56.6323890686, 142.414001465, 190.133850098]], "icov": [[0.000892571406439, -0.00133238569833, 0.00142692797817, -0.000896396988537, 0.000668937398586, 0.000348161818692, -0.00118432065938, 0.00197547138669, -0.00291866832413, 0.00288011715747, -0.00325028668158, 0.002228443278, -0.00092985475203], [-0.00133238569833, 0.0040025501512, -0.00279176142067, 0.00265963864513, -0.00281445239671, 0.00119099311996, 0.00161841569934, -0.00126315106172, 0.00330661050975, -0.00354747194797, 0.0032281705644, -0.00259885098785, 0.000903086212929], [0.00142692797817, -0.00279176142067, 0.0044423295185, -0.00370033900253, 0.00546593032777, -0.00350749609061, 0.00222715036944, 0.000349141279003, -0.00332212238573, 0.0055215456523, -0.00608472665772, 0.00509435497224, -0.00118016381748], [-0.000896396988537, 0.00265963864513, -0.00370033900253, 0.00643261708319, -0.00673459330574, 0.0056988731958, -0.00381922489032, -0.000235829065787, 0.00538409175351, -0.0104966312647, 0.0109465327114, -0.0099023245275, 0.00456975353882], [0.000668937398586, -0.00281445239671, 0.00546593032777, -0.00673459330574, 0.0143707003444, -0.0104987639934, 0.00835403613746, -0.00372114381753, -0.00109870068263, 0.00910288002342, -0.0104570686817, 0.0121878935024, -0.00338800251484], [0.000348161818692, 0.00119099311996, -0.00350749609061, 0.0056988731958, -0.0104987639934, 0.0142670581117, -0.0117094740272, 0.00763404369354, -0.00251113367267, -0.00691176392138, 0.00883272383362, -0.0113609153777, 0.00501376995817], [-0.00118432065938, 0.00161841569934, 0.00222715036944, -0.00381922489032, 0.00835403613746, -0.0117094740272, 0.0213804300874, -0.0179851427674, 0.0157528948039, -0.00563769927248, 0.00198578997515, 0.00459411880001, -0.00304213655181], [0.00197547138669, -0.00126315106172, 0.000349141279003, -0.000235829065787, -0.00372114381753, 0.00763404369354, -0.0179851427674, 0.0251298621297, -0.0267487000674, 0.0206936839968, -0.0178924016654, 0.00718952715397, -0.00464462954551], [-0.00291866832413, 0.00330661050975, -0.00332212238573, 0.00538409175351, -0.00109870068263, -0.00251113367267, 0.0157528948039, -0.0267487000674, 0.0414580702782, -0.0379914976656, 0.0349878594279, -0.0198144242167, 0.00785142183304], [0.00288011715747, -0.00354747194797, 0.0055215456523, -0.0104966312647, 0.00910288002342, -0.00691176392138, -0.00563769927248, 0.0206936839968, -0.0379914976656, 0.0516998879611, -0.0506113879383, 0.0350319929421, -0.0176777746528], [-0.00325028668158, 0.0032281705644, -0.00608472665772, 0.0109465327114, -0.0104570686817, 0.00883272383362, 0.00198578997515, -0.0178924016654, 0.0349878594279, -0.0506113879383, 0.0603799819946, -0.0461472086608, 0.0228222552687], [0.002228443278, -0.00259885098785, 0.00509435497224, -0.0099023245275, 0.0121878935024, -0.0113609153777, 0.00459411880001, 0.00718952715397, -0.0198144242167, 0.0350319929421, -0.0461472086608, 0.0464030653238, -0.0243939626962], [-0.00092985475203, 0.000903086212929, -0.00118016381748, 0.00456975353882, -0.00338800251484, 0.00501376995817, -0.00304213655181, -0.00464462954551, 0.00785142183304, -0.0176777746528, 0.0228222552687, -0.0243939626962, 0.0226173829287]]}, "melbands": {"dmean": [3.53813047695e-05, 2.53768121183e-05, 0.000138210583827, 0.000106327752292, 5.60792104807e-05, 0.000147476501297, 4.58006725239e-05, 7.19498857507e-05, 0.000105169187009, 0.000143597921124, 0.000176240995643, 4.54272703792e-05, 5.12064179929e-05, 3.00629890262e-05, 2.46078743658e-05, 2.10163198062e-05, 7.71693157731e-06, 4.05012406191e-06, 1.53976213824e-06, 1.40786846714e-06, 1.34448339395e-06, 1.28843294078e-06, 1.00987556095e-07, 3.55091103188e-08, 6.16313613477e-08, 2.97088025292e-08, 1.62451385677e-08, 3.04444824906e-08, 4.36149605321e-09, 2.13809947525e-08, 1.76358649906e-09, 9.19607223704e-10, 2.36748554094e-09, 6.95164203979e-10, 1.51559584327e-10, 1.62134181081e-10, 5.39833143465e-11, 2.10922911081e-11, 7.4731028657e-12, 9.45376069095e-12], "dmean2": [6.01154461037e-05, 3.9294915041e-05, 0.00019044430519, 0.0001444019872, 7.47522353777e-05, 0.000164013763424, 6.73757967888e-05, 9.69137909124e-05, 0.000129332169308, 0.000186859964742, 0.000190679522348, 5.9350310039e-05, 6.12769654253e-05, 3.40234619216e-05, 2.59342887148e-05, 2.23199604079e-05, 1.12643238026e-05, 6.14360442341e-06, 2.31726244238e-06, 2.10514235732e-06, 1.75922605195e-06, 1.67544794749e-06, 1.55423549586e-07, 6.20374791538e-08, 9.64218145327e-08, 5.31461203934e-08, 2.55272052385e-08, 4.57923370334e-08, 7.34875360564e-09, 3.91524963561e-08, 2.92925017575e-09, 1.29817456784e-09, 4.47684955773e-09, 1.27756671908e-09, 2.41589609429e-10, 2.47464548853e-10, 8.14160891482e-11, 3.62637142537e-11, 1.33032630051e-11, 1.64043795908e-11], "dvar": [4.11413436652e-09, 1.23316858947e-08, 3.63109620594e-07, 3.08982663455e-07, 2.17073274911e-08, 2.80673589259e-07, 1.97721128359e-08, 7.02641287376e-08, 2.64426546437e-07, 4.76777699987e-07, 6.81364099364e-07, 7.61963008244e-08, 1.39663896448e-07, 7.22711135381e-08, 4.77724881875e-08, 5.56890533687e-08, 1.84706094863e-09, 2.3756239198e-09, 3.34230032539e-10, 2.53001203321e-10, 1.23298438126e-09, 1.44126144352e-09, 2.2642187604e-12, 2.54275983949e-13, 2.55332295021e-13, 6.38239081811e-13, 1.0764538539e-13, 4.0877330275e-13, 1.16618971018e-14, 7.3889413468e-13, 1.25068723942e-15, 2.40263463057e-16, 1.4046698036e-14, 8.62732332355e-16, 1.78139598399e-17, 3.4072810202e-17, 2.4938748938e-18, 1.56742040682e-19, 3.98513899579e-22, 1.04125867093e-20], "dvar2": [1.16102185643e-08, 2.94358439845e-08, 6.35311948827e-07, 5.66107644318e-07, 3.33884209169e-08, 3.03558266523e-07, 4.12178806641e-08, 1.20912375223e-07, 3.91537014366e-07, 8.84785606559e-07, 7.76468255026e-07, 1.42438224771e-07, 1.82444921393e-07, 1.03433357879e-07, 5.94180953328e-08, 8.23769781277e-08, 4.07343847542e-09, 4.56252458036e-09, 6.80473677406e-10, 5.71677039041e-10, 2.04815298055e-09, 2.45384290665e-09, 5.81133492022e-12, 7.20314649941e-13, 6.59181314134e-13, 1.86644883576e-12, 2.76086418267e-13, 9.91621932137e-13, 3.25920896987e-14, 2.19753729103e-12, 3.45114722864e-15, 4.64450505474e-16, 4.11331735274e-14, 2.50922753306e-15, 4.26520727437e-17, 7.8754330874e-17, 5.45033152001e-18, 3.38732037654e-19, 9.92613604864e-22, 2.60427880001e-20], "max": [0.00100084184669, 0.00269164238125, 0.0151869356632, 0.0194074064493, 0.00708020757884, 0.0185287743807, 0.00338567444123, 0.00823935680091, 0.0168068837374, 0.0184503812343, 0.018222572282, 0.0104595180601, 0.0136486636475, 0.0120503734797, 0.00797935575247, 0.0113860992715, 0.000890649447683, 0.00243587512523, 0.00112911884207, 0.000958904449362, 0.00279725110158, 0.00295895664021, 6.93557158229e-05, 2.70195396297e-05, 2.41041943809e-05, 4.55496192444e-05, 2.19727226067e-05, 4.64135264338e-05, 6.16431498202e-06, 5.4570085922e-05, 2.11867677535e-06, 8.34704053432e-07, 7.35337971491e-06, 1.82904875601e-06, 2.77144863503e-07, 3.8940640934e-07, 1.18806688931e-07, 2.61484860431e-08, 9.21147547128e-10, 5.12657383211e-09], "mean": [5.50348086108e-05, 5.69800758967e-05, 0.000437228591181, 0.000328780821292, 0.000315605837386, 0.000610715942457, 0.000182457471965, 0.00019606850401, 0.00027403223794, 0.000401707045967, 0.00042050468619, 8.56264305185e-05, 9.54041897785e-05, 5.26027724845e-05, 4.6294353524e-05, 3.7505342334e-05, 1.5951180103e-05, 8.29986220197e-06, 3.09119400299e-06, 2.55028749052e-06, 2.50865036833e-06, 2.44579291575e-06, 1.41620233762e-07, 3.87326899443e-08, 8.25613071243e-08, 2.54136303113e-08, 1.98575715871e-08, 3.89993424221e-08, 3.69547970003e-09, 1.99667731238e-08, 1.6426574545e-09, 9.46532408008e-10, 1.65646585337e-09, 5.29745747269e-10, 1.47642592596e-10, 1.46942638612e-10, 5.75306434436e-11, 2.72879028401e-11, 1.3779834912e-11, 1.49162297097e-11], "median": [1.87183613889e-05, 1.31244078148e-05, 6.18494141236e-06, 1.50641153596e-05, 0.000100368932181, 8.82719832589e-05, 3.36289886036e-05, 2.20316906052e-05, 1.59385836014e-05, 1.07303967525e-05, 1.67488487932e-05, 5.64236006539e-06, 1.17496824714e-06, 9.58919940786e-07, 8.47695673656e-07, 3.08197996901e-07, 3.26414777874e-07, 1.91887082224e-07, 7.06237699433e-08, 3.68508423776e-08, 1.93185432096e-08, 9.29521526416e-09, 2.3537678473e-09, 9.41046573999e-10, 1.2398353455e-09, 1.81083842365e-10, 1.5469779624e-10, 1.03765003534e-10, 3.19297192852e-11, 3.56544550828e-11, 2.50751554937e-11, 1.85381310996e-11, 1.56958144398e-11, 1.47178918358e-11, 1.24791869546e-11, 1.10596514585e-11, 1.02561553e-11, 9.81656943233e-12, 9.16309129267e-12, 8.58437106122e-12], "min": [7.67154924097e-24, 2.2343574006e-24, 2.06867633678e-23, 1.15863101373e-23, 1.37719289502e-23, 9.09678976046e-24, 3.35125467478e-24, 1.80777289861e-23, 1.64702387205e-23, 9.27190899281e-24, 7.48987772994e-24, 3.8590215625e-24, 6.3453588856e-24, 9.48392482742e-24, 1.52457167586e-23, 3.7611412791e-24, 6.13924688601e-24, 1.21518539866e-23, 5.92492363325e-24, 6.1251870181e-24, 1.01786643715e-23, 8.98919544388e-24, 1.13236533769e-23, 6.9244380103e-24, 9.40197953431e-24, 1.56776417701e-23, 1.37496310078e-23, 1.11525825787e-23, 6.66515994114e-24, 7.11025814083e-24, 1.07055516698e-23, 9.4350880265e-24, 1.10370972865e-23, 1.201118431e-23, 8.86365690828e-24, 5.78067528914e-24, 9.88522625852e-24, 1.57576685535e-23, 1.14828455076e-23, 1.35604700514e-23], "var": [7.47518491551e-09, 3.69538639688e-08, 2.20332753997e-06, 1.33006506076e-06, 3.89748549878e-07, 1.81553468792e-06, 1.24578477312e-07, 2.7875091746e-07, 1.15863360861e-06, 1.98213251679e-06, 2.69043812295e-06, 1.7482680903e-07, 4.38026148686e-07, 2.30137644053e-07, 1.57360702246e-07, 1.46633880149e-07, 4.84132245404e-09, 7.15015113784e-09, 7.68001551243e-10, 3.81221970658e-10, 3.13512038552e-09, 3.59839269493e-09, 2.01493140749e-12, 1.79910150363e-13, 2.56275252755e-13, 3.58528365416e-13, 1.10076912049e-13, 4.9721912785e-13, 8.00476543638e-15, 5.19649373445e-13, 9.67088114945e-16, 3.2846558619e-16, 8.16593039526e-15, 5.05415612841e-16, 1.51427703032e-17, 3.03185418041e-17, 2.81222900102e-18, 1.98965294104e-19, 4.52843570536e-22, 9.540021023e-21]}, "mfcc": {"mean": [-902.800598145, 216.947494507, 35.5891418457, -24.0151729584, -12.1771192551, -9.09045696259, -11.9200811386, -7.23027706146, 0.558895647526, 2.61756849289, -2.10515165329, -4.50297546387, -1.20107853413], "cov": [[5876.41650391, 3731.61303711, -1739.12097168, -1361.28210449, 93.8991317749, -31.197933197, -424.763824463, -500.821258545, -419.949493408, -279.40335083, -190.498046875, -132.038406372, -151.531784058], [3731.61303711, 2867.83740234, -603.52947998, -966.56427002, 5.44258546829, 1.35677599907, -397.488800049, -478.626708984, -386.981170654, -257.194793701, -120.983268738, -52.4258270264, -62.997379303], [-1739.12097168, -603.52947998, 1192.12280273, 503.895477295, -69.3088150024, 20.7047138214, 3.75320792198, -28.5740947723, -15.3284425735, -3.53061938286, 56.2999610901, 82.1277542114, 95.3168869019], [-1361.28210449, -966.56427002, 503.895477295, 661.805297852, 114.704818726, 10.3774328232, 130.024993896, 129.513626099, 89.2691497803, 71.6556167603, 51.6813735962, 37.6242141724, 35.6390190125], [93.8991317749, 5.44258546829, -69.3088150024, 114.704818726, 250.847015381, 162.192810059, 12.6234035492, -58.5993270874, -64.8813018799, -35.3420791626, -5.65825271606, -22.9791812897, -50.4415130615], [-31.197933197, 1.35677599907, 20.7047138214, 10.3774328232, 162.192810059, 268.699188232, 99.0489120483, -92.8424072266, -127.50428009, -67.2192840576, -11.8319368362, -39.4262199402, -51.1929855347], [-424.763824463, -397.488800049, 3.75320792198, 130.024993896, 12.6234035492, 99.0489120483, 242.525680542, 146.054718018, 12.0442819595, 9.19781684875, 13.3238592148, -14.9152822495, 6.26664590836], [-500.821258545, -478.626708984, -28.5740947723, 129.513626099, -58.5993270874, -92.8424072266, 146.054718018, 287.619781494, 208.274291992, 81.5895614624, 11.8520717621, 18.0301322937, 44.185836792], [-419.949493408, -386.981170654, -15.3284425735, 89.2691497803, -64.8813018799, -127.50428009, 12.0442819595, 208.274291992, 282.796844482, 168.45199585, 19.753320694, 6.45262002945, 30.5908508301], [-279.40335083, -257.194793701, -3.53061938286, 71.6556167603, -35.3420791626, -67.2192840576, 9.19781684875, 81.5895614624, 168.45199585, 203.519485474, 100.248939514, 1.08708131313, -7.65047216415], [-190.498046875, -120.983268738, 56.2999610901, 51.6813735962, -5.65825271606, -11.8319368362, 13.3238592148, 11.8520717621, 19.753320694, 100.248939514, 168.537246704, 95.3204574585, -1.41834867001], [-132.038406372, -52.4258270264, 82.1277542114, 37.6242141724, -22.9791812897, -39.4262199402, -14.9152822495, 18.0301322937, 6.45262002945, 1.08708131313, 95.3204574585, 198.159637451, 152.141326904], [-151.531784058, -62.997379303, 95.3168869019, 35.6390190125, -50.4415130615, -51.1929855347, 6.26664590836, 44.185836792, 30.5908508301, -7.65047216415, -1.41834867001, 152.141326904, 301.446166992]], "icov": [[0.432634711266, -0.610397875309, 0.609327375889, -0.607121109962, 0.604564964771, -0.602242708206, 0.577022016048, -0.528371572495, 0.445338487625, -0.332515001297, 0.212400764227, -0.112231604755, 0.0373755246401], [-0.610397875309, 0.862426042557, -0.860358417034, 0.859261870384, -0.855924904346, 0.853087127209, -0.816485106945, 0.74842351675, -0.629460513592, 0.470400869846, -0.300086647272, 0.158688887954, -0.0529118701816], [0.609327375889, -0.860358417034, 0.862015426159, -0.861671030521, 0.861598193645, -0.860349357128, 0.826222360134, -0.75608253479, 0.636934697628, -0.474066346884, 0.301518082619, -0.159080043435, 0.052555616945], [-0.607121109962, 0.859261870384, -0.861671030521, 0.86835873127, -0.87178170681, 0.874119579792, -0.842234790325, 0.773080170155, -0.650964617729, 0.484555214643, -0.30752453208, 0.161973997951, -0.0538983009756], [0.604564964771, -0.855924904346, 0.861598193645, -0.87178170681, 0.889914810658, -0.89901393652, 0.872372865677, -0.806532144547, 0.682313382626, -0.508784294128, 0.322429746389, -0.170333072543, 0.0573146492243], [-0.602242708206, 0.853087127209, -0.860349357128, 0.874119579792, -0.89901393652, 0.926998317242, -0.910090506077, 0.852551877499, -0.724527776241, 0.544093251228, -0.34447312355, 0.1823823452, -0.0611482448876], [0.577022016048, -0.816485106945, 0.826222360134, -0.842234790325, 0.872372865677, -0.910090506077, 0.917200744152, -0.870126724243, 0.749080836773, -0.561654627323, 0.354238957167, -0.185614213347, 0.0627222210169], [-0.528371572495, 0.74842351675, -0.75608253479, 0.773080170155, -0.806532144547, 0.852551877499, -0.870126724243, 0.848210632801, -0.740178227425, 0.560941278934, -0.356992691755, 0.189164593816, -0.0657392367721], [0.445338487625, -0.629460513592, 0.636934697628, -0.650964617729, 0.682313382626, -0.724527776241, 0.749080836773, -0.740178227425, 0.667117416859, -0.514524579048, 0.332740038633, -0.178782269359, 0.0629734322429], [-0.332515001297, 0.470400869846, -0.474066346884, 0.484555214643, -0.508784294128, 0.544093251228, -0.561654627323, 0.560941278934, -0.514524579048, 0.414435595274, -0.27515527606, 0.152342408895, -0.0549638532102], [0.212400764227, -0.300086647272, 0.301518082619, -0.30752453208, 0.322429746389, -0.34447312355, 0.354238957167, -0.356992691755, 0.332740038633, -0.27515527606, 0.197266548872, -0.113723710179, 0.0430666282773], [-0.112231604755, 0.158688887954, -0.159080043435, 0.161973997951, -0.170333072543, 0.1823823452, -0.185614213347, 0.189164593816, -0.178782269359, 0.152342408895, -0.113723710179, 0.0756649747491, -0.0302146989852], [0.0373755246401, -0.0529118701816, 0.052555616945, -0.0538983009756, 0.0573146492243, -0.0611482448876, 0.0627222210169, -0.0657392367721, 0.0629734322429, -0.0549638532102, 0.0430666282773, -0.0302146989852, 0.016006687656]]}, "spectral_contrast_coeffs": {"dmean": [0.0355163216591, 0.0290630087256, 0.0266722571105, 0.0207173395902, 0.01611616835, 0.0213021561503], "dmean2": [0.0587705001235, 0.0496550388634, 0.0410079434514, 0.0318763330579, 0.0254482142627, 0.0370544306934], "dvar": [0.000857769104186, 0.000714940833859, 0.0010192549089, 0.000451105996035, 0.000332659168635, 0.000632202427369], "dvar2": [0.00237990752794, 0.00181727961171, 0.00209146435373, 0.000953504699282, 0.000673801579978, 0.00174345413689], "max": [-0.266052812338, -0.37105679512, -0.321529984474, -0.473500460386, -0.561360895634, -0.447109043598], "mean": [-0.637220978737, -0.68595635891, -0.672300815582, -0.722855687141, -0.782962799072, -0.890054285526], "median": [-0.652994990349, -0.674997866154, -0.691676974297, -0.720421433449, -0.771008133888, -0.893738627434], "min": [-0.983282864094, -0.980404257774, -0.979054808617, -0.981514334679, -0.960253417492, -0.963403761387], "var": [0.017251573503, 0.00845590978861, 0.0122224753723, 0.00688835280016, 0.00667303381488, 0.00161939812824]}, "spectral_contrast_valleys": {"dmean": [0.356641680002, 0.272879451513, 0.28248745203, 0.268909692764, 0.234143689275, 0.456573337317], "dmean2": [0.601211071014, 0.463002890348, 0.450428396463, 0.416957497597, 0.381379723549, 0.802720606327], "dvar": [0.104797154665, 0.107638843358, 0.1825735569, 0.193969532847, 0.135959923267, 0.276550650597], "dvar2": [0.253440350294, 0.203422233462, 0.326133131981, 0.334187448025, 0.264920055866, 0.791788935661], "max": [-6.42397928238, -5.04925394058, -5.36932611465, -6.58125305176, -6.65574359894, -12.0534820557], "mean": [