{"lowlevel": {"average_loudness": 0.964280366898, "barkbands_crest": {"dmean": 3.32710242271, "dmean2": 5.03047418594, "dvar": 9.59446525574, "dvar2": 20.6062736511, "max": 26.6538486481, "mean": 16.8029613495, "median": 17.3409843445, "min": 2.85338282585, "var": 32.1459159851}, "barkbands_flatness_db": {"dmean": 0.0374666601419, "dmean2": 0.0537966191769, "dvar": 0.00137332011946, "dvar2": 0.00279494212009, "max": 0.443185031414, "mean": 0.181906431913, "median": 0.164002150297, "min": 0.0332249253988, "var": 0.00797398202121}, "barkbands_kurtosis": {"dmean": 20.897983551, "dmean2": 31.4486198425, "dvar": 4860.45849609, "dvar2": 12829.1386719, "max": 900.702575684, "mean": 30.2196998596, "median": 5.79395580292, "min": -1.79259121418, "var": 8695.36425781}, "barkbands_skewness": {"dmean": 1.29295325279, "dmean2": 1.84910571575, "dvar": 4.23855352402, "dvar2": 9.55959320068, "max": 27.8915634155, "mean": 3.51210379601, "median": 2.51643109322, "min": -2.19154930115, "var": 15.5610361099}, "barkbands_spread": {"dmean": 10.470199585, "dmean2": 15.5556669235, "dvar": 173.498443604, "dvar2": 344.658538818, "max": 119.148506165, "mean": 23.8971729279, "median": 18.2206401825, "min": 0.310383081436, "var": 392.684631348}, "dissonance": {"dmean": 0.0140420487151, "dmean2": 0.023586768657, "dvar": 0.000204018855584, "dvar2": 0.000544807408005, "max": 0.499989449978, "mean": 0.475154399872, "median": 0.481989949942, "min": 0.354672878981, "var": 0.000505813863128}, "dynamic_complexity": 5.36715888977, "erbbands_crest": {"dmean": 2.1310005188, "dmean2": 3.40348052979, "dvar": 5.04374599457, "dvar2": 12.3662090302, "max": 24.1593456268, "mean": 7.6885638237, "median": 6.40479230881, "min": 2.48631215096, "var": 17.3697757721}, "erbbands_flatness_db": {"dmean": 0.0143029075116, "dmean2": 0.0204294268042, "dvar": 0.000225834955927, "dvar2": 0.000408793101087, "max": 0.308459430933, "mean": 0.13021107018, "median": 0.112912401557, "min": 0.0323893874884, "var": 0.00281445565633}, "erbbands_kurtosis": {"dmean": 0.600871384144, "dmean2": 0.933294475079, "dvar": 0.408922970295, "dvar2": 0.944533705711, "max": 8.99025726318, "mean": -0.354688584805, "median": -0.587872028351, "min": -1.80596768856, "var": 0.909253239632}, "erbbands_skewness": {"dmean": 0.345118194818, "dmean2": 0.529126167297, "dvar": 0.118357561529, "dvar2": 0.282423824072, "max": 2.23711633682, "mean": 0.00249524973333, "median": 0.0827384218574, "min": -1.99669444561, "var": 0.418024688959}, "erbbands_spread": {"dmean": 12.2606878281, "dmean2": 17.966047287, "dvar": 160.385742188, "dvar2": 334.348602295, "max": 166.072265625, "mean": 60.3040084839, "median": 56.0104484558, "min": 11.122803688, "var": 759.554199219}, "hfc": {"dmean": 15.6927499771, "dmean2": 22.6018676758, "dvar": 664.576965332, "dvar2": 1354.38500977, "max": 191.068984985, "mean": 28.0653018951, "median": 16.6176872253, "min": 1.2123170969e-16, "var": 1076.66333008}, "melbands_crest": {"dmean": 3.90694570541, "dmean2": 6.37441682816, "dvar": 13.5486135483, "dvar2": 35.467754364, "max": 35.1155662537, "mean": 21.3511238098, "median": 22.2255840302, "min": 2.59952998161, "var": 34.2626266479}, "melbands_flatness_db": {"dmean": 0.0441850200295, "dmean2": 0.0641511529684, "dvar": 0.00187358388212, "dvar2": 0.00395183544606, "max": 0.584211051464, "mean": 0.260205388069, "median": 0.2436837852, "min": 0.00847341213375, "var": 0.0127604426816}, "melbands_kurtosis": {"dmean": 35.6002388, "dmean2": 52.8438949585, "dvar": 5772.37792969, "dvar2": 10312.2431641, "max": 1206.5111084, "mean": 82.287651062, "median": 26.6420059204, "min": -1.53276157379, "var": 28168.7910156}, "melbands_skewness": {"dmean": 1.53763973713, "dmean2": 2.29486751556, "dvar": 3.97347545624, "dvar2": 8.18917179108, "max": 29.1415710449, "mean": 5.93397378922, "median": 4.70574712753, "min": -0.422441065311, "var": 19.9590263367}, "melbands_spread": {"dmean": 8.0236158371, "dmean2": 12.4174184799, "dvar": 118.098304749, "dvar2": 255.301330566, "max": 159.608276367, "mean": 17.8265323639, "median": 11.6271095276, "min": 0.303455531597, "var": 403.026031494}, "pitch_salience": {"dmean": 0.0873906463385, "dmean2": 0.131525680423, "dvar": 0.00824111048132, "dvar2": 0.0156624503434, "max": 0.910280585289, "mean": 0.363889276981, "median": 0.369217216969, "min": 0.0372300408781, "var": 0.0257597584277}, "silence_rate_20dB": {"dmean": 0, "dmean2": 0, "dvar": 0, "dvar2": 0, "max": 1, "mean": 1, "median": 1, "min": 1, "var": 0}, "silence_rate_30dB": {"dmean": 0.0792349725962, "dmean2": 0.158578261733, "dvar": 0.0729574263096, "dvar2": 0.138899162412, "max": 1, "mean": 0.894197940826, "median": 1, "min": 0, "var": 0.0946079641581}, "silence_rate_60dB": {"dmean": 0.00819672085345, "dmean2": 0.0164046473801, "dvar": 0.00812953338027, "dvar2": 0.0229709874839, "max": 1, "mean": 0.135153576732, "median": 0, "min": 0, "var": 0.116885624826}, "spectral_centroid": {"dmean": 385.124481201, "dmean2": 578.673828125, "dvar": 237832.765625, "dvar2": 491632.8125, "max": 10909.1259766, "mean": 1549.02001953, "median": 1432.54760742, "min": 151.236557007, "var": 754143.25}, "spectral_complexity": {"dmean": 5.46311473846, "dmean2": 7.87833213806, "dvar": 51.0816726685, "dvar2": 96.1476516724, "max": 62, "mean": 16.4498291016, "median": 15, "min": 0, "var": 156.400161743}, "spectral_decrease": {"dmean": 3.59490770485e-09, "dmean2": 5.45377520922e-09, "dvar": 1.82116831676e-17, "dvar2": 3.92516755206e-17, "max": 4.57850052517e-19, "mean": -1.26001804546e-08, "median": -1.12920188755e-08, "min": -4.63632261472e-08, "var": 8.81163081073e-17}, "spectral_energy": {"dmean": 0.0142606906593, "dmean2": 0.0217516310513, "dvar": 0.000274949910818, "dvar2": 0.00058793037897, "max": 0.178106948733, "mean": 0.050101570785, "median": 0.0450406111777, "min": 1.09962046367e-20, "var": 0.00134372722823}, "spectral_energyband_high": {"dmean": 0.00175756425597, "dmean2": 0.00255193933845, "dvar": 9.40669724514e-06, "dvar2": 1.93601445062e-05, "max": 0.0214788485318, "mean": 0.00235116411932, "median": 0.000843434245326, "min": 8.23862035021e-21, "var": 1.34261854328e-05}, "spectral_energyband_low": {"dmean": 0.0128265544772, "dmean2": 0.0184357594699, "dvar": 0.000283378059976, "dvar2": 0.000526036776137, "max": 0.15475101769, "mean": 0.0371182635427, "median": 0.031061148271, "min": 3.76060090938e-23, "var": 0.00103680603206}, "spectral_energyband_middle_high": {"dmean": 0.00151279533748, "dmean2": 0.00237546837889, "dvar": 5.7444626691e-06, "dvar2": 1.32390205181e-05, "max": 0.0268143974245, "mean": 0.00353972800076, "median": 0.00206454470754, "min": 1.56226760879e-21, "var": 1.55268699018e-05}, "spectral_energyband_middle_low": {"dmean": 0.00455813342705, "dmean2": 0.0075593800284, "dvar": 9.66574516497e-05, "dvar2": 0.000251086603384, "max": 0.0683937966824, "mean": 0.00832604058087, "median": 0.00489984638989, "min": 3.20803451619e-22, "var": 0.000114381873573}, "spectral_entropy": {"dmean": 0.181730553508, "dmean2": 0.276437073946, "dvar": 0.0439890101552, "dvar2": 0.0915443152189, "max": 9.81204319, "mean": 7.81158351898, "median": 8.02631950378, "min": 5.64613771439, "var": 0.398404419422}, "spectral_flux": {"dmean": 0.0358029864728, "dmean2": 0.0505373328924, "dvar": 0.0014633507235, "dvar2": 0.00290059042163, "max": 0.307235836983, "mean": 0.0957187563181, "median": 0.0756289511919, "min": 1.04862792061e-10, "var": 0.0052133910358}, "spectral_kurtosis": {"dmean": 1.25214636326, "dmean2": 2.03839564323, "dvar": 6.25855445862, "dvar2": 18.3084640503, "max": 54.2757148743, "mean": 3.29710769653, "median": 1.4695019722, "min": -1.20034646988, "var": 41.4016113281}, "spectral_rms": {"dmean": 0.00093283172464, "dmean2": 0.00144224334508, "dvar": 9.67838559518e-07, "dvar2": 2.09590848499e-06, "max": 0.0131819145754, "mean": 0.00629763677716, "median": 0.00662888074294, "min": 3.27536327054e-12, "var": 9.21948048926e-06}, "spectral_rolloff": {"dmean": 837.045654297, "dmean2": 1400.85290527, "dvar": 2418191.75, "dvar2": 4911340, "max": 18733.8867188, "mean": 1337.76501465, "median": 452.197265625, "min": 64.599609375, "var": 5199339}, "spectral_skewness": {"dmean": 0.19012016058, "dmean2": 0.2901648283, "dvar": 0.0469363629818, "dvar2": 0.120576873422, "max": 5.55162477493, "mean": 1.24571788311, "median": 1.04591047764, "min": 0.0152284819633, "var": 0.559787034988}, "spectral_spread": {"dmean": 693504.75, "dmean2": 946238.0625, "dvar": 1336255447040.0, "dvar2": 1677524598780.0, "max": 40044104, "mean": 5941199, "median": 5958367, "min": 1265840.5, "var": 4084641300480.0}, "spectral_strongpeak": {"dmean": 0.158645376563, "dmean2": 0.256824374199, "dvar": 0.128009945154, "dvar2": 0.248348131776, "max": 7.49646234512, "mean": 0.492229968309, "median": 0.405950576067, "min": 0, "var": 0.214931547642}, "zerocrossingrate": {"dmean": 0.0156286694109, "dmean2": 0.0173414945602, "dvar": 0.000369639456039, "dvar2": 0.000441965501523, "max": 0.501953125, "mean": 0.0561116822064, "median": 0.0419921875, "min": 0.0029296875, "var": 0.00277973897755}, "barkbands": {"dmean": [0.000238174121478, 0.0118066342548, 0.0051417988725, 0.00219504488632, 0.00194260268472, 0.000676537165418, 0.000429617532063, 0.000390317669371, 0.000275641214103, 0.000231875223108, 0.000186941149877, 0.000314030563459, 0.000202580413315, 0.000133839508635, 0.000389325869037, 0.000215986656258, 0.000145073354361, 0.000156122274348, 0.000170786428498, 0.000211956808926, 0.000316973048029, 0.000413082772866, 0.000380701501854, 0.000351425813278, 0.000236046646023, 3.97039075324e-05, 6.00531438977e-06], "dmean2": [0.000366729451343, 0.0180511623621, 0.00802279356867, 0.00402252422646, 0.0036065094173, 0.001091310638, 0.000649854482617, 0.000546265335288, 0.000415893475292, 0.000345845008269, 0.000261085748207, 0.000509857025463, 0.00031673812191, 0.000231007783441, 0.000580409076065, 0.000360939477105, 0.000235631305259, 0.000254519429291, 0.000274188438198, 0.000334385054884, 0.000482887524413, 0.000661852653138, 0.000559776381124, 0.000507625518367, 0.00034073140705, 5.46891860722e-05, 8.97617155715e-06], "dvar": [1.11408368753e-07, 0.000278835912468, 0.000162925280165, 4.18456365878e-05, 2.81856755464e-05, 1.88865919881e-06, 7.45088186704e-07, 6.63763273678e-07, 2.76265495813e-07, 2.69976851541e-07, 1.11073667597e-07, 2.64562459051e-07, 1.16789259152e-07, 5.70378375642e-08, 6.87428268975e-07, 1.85345456316e-07, 7.57055786949e-08, 8.71510295042e-08, 1.41996167713e-07, 1.47211082435e-07, 3.58904429731e-07, 5.84098586387e-07, 6.44301394459e-07, 4.87730687837e-07, 2.16284718135e-07, 4.63958826913e-09, 1.25515486893e-10], "dvar2": [2.56597957105e-07, 0.000516417669132, 0.000350823247572, 0.000118892137834, 8.06551688584e-05, 4.99071938975e-06, 1.38141729167e-06, 1.22575158912e-06, 5.79800314426e-07, 5.28445127657e-07, 1.97484922637e-07, 6.50856122775e-07, 2.59578484929e-07, 1.45851743127e-07, 1.23346603687e-06, 4.4959355705e-07, 1.86313485528e-07, 2.07693247489e-07, 3.47074973206e-07, 3.1293350844e-07, 8.77711045177e-07, 1.52823542976e-06, 1.32811919684e-06, 9.94545416688e-07, 3.99591385758e-07, 9.5399323996e-09, 2.60811955366e-10], "max": [0.00312480586581, 0.136647850275, 0.0828338563442, 0.0399900227785, 0.0347028151155, 0.0196253210306, 0.0164884347469, 0.0222791098058, 0.0121436808258, 0.0106290923432, 0.00654869154096, 0.00559227261692, 0.00524141220376, 0.00337579799816, 0.0178383942693, 0.00815515499562, 0.00297027942725, 0.00390107161365, 0.00418343115598, 0.00388737861067, 0.0054417271167, 0.00698685646057, 0.00866176001728, 0.00637811003253, 0.00266344333068, 0.000562057946809, 8.96310375538e-05], "mean": [0.000530521967448, 0.0306082759053, 0.00494691124186, 0.00189448765013, 0.00174049369525, 0.00135759753175, 0.00130061642267, 0.00100566039328, 0.000629312417004, 0.000526963267475, 0.000410528766224, 0.000516280881129, 0.000392047135392, 0.000187394398381, 0.000666054547764, 0.000274058664218, 0.000205009055207, 0.000227759868721, 0.00020554488583, 0.000306818314129, 0.000425161473686, 0.000538018299267, 0.00047115056077, 0.000417323637521, 0.000261225766735, 4.95617496199e-05, 6.79844197293e-06], "median": [0.000204479933018, 0.0267290882766, 0.00110516999848, 0.000385595078114, 0.000614671327639, 0.000442750868388, 0.00023880371009, 0.000314257194987, 0.000242314345087, 0.000123217876535, 9.4313196314e-05, 0.000203400602913, 0.000135378635605, 8.38864652906e-05, 0.000198206515051, 7.78298199293e-05, 5.98620463279e-05, 7.38718445064e-05, 8.07455653558e-05, 0.000142137912917, 0.000186932826182, 0.000220804911805, 0.000155141853611, 8.58777275425e-05, 4.59110597149e-05, 1.18555162771e-05, 6.82427298671e-07], "min": [4.13139898254e-23, 1.01947973658e-23, 7.36115771832e-24, 4.52164776238e-24, 5.15788056963e-23, 1.1103103645e-22, 5.77577007314e-23, 7.82886388269e-24, 3.2915098208e-23, 1.62272651441e-22, 6.02683799355e-23, 6.58236394042e-23, 2.00321710063e-22, 7.10596247766e-23, 1.25582541413e-22, 1.5431100018e-22, 2.44327413204e-22, 2.25346410082e-22, 1.21294899377e-22, 3.34179200423e-22, 4.4837127194e-22, 5.75907386364e-22, 6.64573130678e-22, 9.26445719182e-22, 1.12292625724e-21, 1.9060214349e-21, 2.52798067813e-21], "var": [3.92048264075e-07, 0.000697125506122, 0.000167399266502, 2.59892167378e-05, 1.72682466655e-05, 5.86845362704e-06, 6.62928005113e-06, 5.88887724007e-06, 1.6179293425e-06, 1.29442469188e-06, 5.33274373993e-07, 5.78581193622e-07, 4.03634714985e-07, 1.05454816435e-07, 2.17120486923e-06, 3.19136631788e-07, 1.40279908578e-07, 1.66013293779e-07, 1.58114062287e-07, 2.22155520646e-07, 4.20962294356e-07, 6.40777557237e-07, 7.97939947006e-07, 6.41403744339e-07, 2.81963735915e-07, 7.00467817083e-09, 1.75246220313e-10]}, "erbbands": {"dmean": [0.302293300629, 3.09262466431, 6.65146541595, 5.71317672729, 6.45359706879, 6.76150846481, 5.72896337509, 5.28315782547, 5.86588430405, 7.07614469528, 8.16092300415, 6.94992160797, 8.751039505, 6.1658115387, 5.9113650322, 14.0197114944, 9.31021499634, 7.32675695419, 14.7340803146, 16.3854598999, 9.72608375549, 8.0183134079, 8.77901172638, 6.16507577896, 10.4549922943, 9.04407596588, 13.3939371109, 12.7229003906, 16.2446880341, 11.3889188766, 10.9059867859, 7.92899179459, 5.33487558365, 3.93175768852, 1.06856536865, 0.239904865623, 0.066057369113, 0.00971327070147, 0.00105643796269, 6.92222092766e-05], "dmean2": [0.439612537622, 4.68997049332, 9.78521537781, 9.01182460785, 11.749335289, 12.6297168732, 10.2064704895, 8.31494617462, 9.10304737091, 10.7864980698, 11.0518732071, 10.2632017136, 12.8028106689, 9.24507904053, 8.77065086365, 22.7923793793, 14.380065918, 12.0584611893, 23.5342903137, 25.0481319427, 15.8358869553, 13.0978403091, 14.1376266479, 10.0003089905, 16.7464561462, 14.0122318268, 20.9794597626, 19.2479419708, 26.1319103241, 17.4156703949, 16.0511131287, 11.6179485321, 7.73717403412, 5.86694669724, 1.47798967361, 0.330665081739, 0.0890359804034, 0.0140322279185, 0.00156750262249, 0.00010439822654], "dvar": [0.110020183027, 21.5349903107, 208.310882568, 218.918701172, 337.926879883, 337.372833252, 185.725753784, 107.380828857, 119.805351257, 231.536117554, 370.695098877, 182.99230957, 418.524536133, 114.014533997, 153.65763855, 537.084960938, 217.55090332, 146.092636108, 845.774780273, 916.679077148, 371.341583252, 258.001342773, 243.704025269, 166.124267578, 476.995513916, 256.867156982, 656.064147949, 645.315124512, 835.294067383, 385.804504395, 691.647216797, 286.360900879, 109.895492554, 67.6136703491, 3.70157241821, 0.17345649004, 0.012270340696, 0.000296723883366, 3.78815275326e-06, 1.36042599408e-08], "dvar2": [0.263156473637, 37.7820510864, 458.766326904, 547.868103027, 954.437683105, 967.818664551, 529.839477539, 273.416381836, 269.116149902, 488.321258545, 563.451171875, 364.720611572, 810.219177246, 229.71875, 275.727386475, 1329.67041016, 480.250183105, 360.327575684, 1883.98815918, 1778.31750488, 794.996765137, 628.007995605, 567.72869873, 413.805328369, 1118.76074219, 572.946594238, 1667.00891113, 1613.03662109, 2161.59130859, 871.381652832, 1488.97875977, 533.514465332, 236.54486084, 127.25756073, 6.6038646698, 0.358990252018, 0.0242820344865, 0.000554368598387, 7.7701979535e-06, 3.02116696105e-08], "max": [2.43834853172, 36.5115089417, 104.344688416, 107.717048645, 138.342346191, 142.933868408, 145.904281616, 143.926208496, 162.032943726, 283.669525146, 598.893005371, 348.350799561, 431.646209717, 162.560012817, 306.507751465, 246.291152954, 218.040252686, 184.49281311, 402.097900391, 595.792480469, 478.346557617, 154.480941772, 207.510574341, 119.123283386, 257.129547119, 141.141311646, 204.264160156, 254.431335449, 247.649047852, 124.932853699, 294.387268066, 167.351486206, 88.5010604858, 42.7256164551, 13.943649292, 3.03432941437, 0.951845824718, 0.142188325524, 0.0141772804782, 0.000759505026508], "mean": [0.846077024937, 6.81809473038, 7.94531726837, 5.81289815903, 5.77901601791, 6.17764854431, 7.41966247559, 11.1559743881, 15.9755563736, 20.0286712646, 23.6111183167, 16.9795322418, 20.7161693573, 14.090754509, 12.4284858704, 23.5408706665, 19.6032390594, 12.8928127289, 23.9064865112, 26.0048770905, 14.6453990936, 11.7780399323, 13.0200996399, 7.81065273285, 13.4488983154, 13.1026105881, 17.1749458313, 17.4214344025, 20.650188446, 15.3870372772, 13.0736999512, 10.1671915054, 5.8799328804, 4.13606214523, 1.28566682339, 0.294125825167, 0.0844741687179, 0.0121652716771, 0.00124248559587, 0.000122374607599], "median": [0.746418178082, 5.02160835266, 2.42060422897, 1.67840325832, 2.07748222351, 1.82933712006, 2.4233891964, 3.53063488007, 4.97818231583, 6.60952711105, 7.16955661774, 6.3350110054, 4.43977069855, 4.47935581207, 4.26817464828, 9.73029327393, 8.20286464691, 6.24453306198, 9.57292556763, 9.1977853775, 4.69507455826, 3.62525987625, 3.91893982887, 3.6013276577, 5.48254346848, 6.17283773422, 7.87615203857, 7.6167216301, 8.4107542038, 5.73134803772, 4.05297231674, 2.32694649696, 1.1848962307, 0.605422496796, 0.254279762506, 0.078899808228, 0.0158183760941, 0.00177205819637, 0.000151254294906, 6.83154503349e-05], "min": [3.14676640336e-22, 2.95339162962e-21, 7.6331015236e-21, 1.71632141507e-20, 7.80830063917e-20, 2.43522928763e-19, 1.27967722969e-19, 1.29659640779e-18, 1.18448954995e-18, 3.45262473493e-19, 4.51353686179e-19, 7.35070794322e-19, 4.15051272674e-18, 3.23922645746e-18, 3.09887582779e-18, 2.53999269449e-18, 7.80993080536e-18, 6.01759668126e-18, 5.62804300281e-18, 7.10225876616e-18, 6.62367315685e-18, 1.32005361628e-17, 1.48000131271e-17, 6.9324005361e-18, 8.29849676236e-18, 1.54362175886e-17, 1.94070269816e-17, 1.76177889945e-17, 2.39429066121e-17, 1.71237173234e-17, 1.93772914929e-17, 2.10000080965e-17, 1.36444823432e-17, 1.21587799363e-17, 8.85204685546e-18, 6.47843719848e-18, 3.67285231894e-18, 1.3361773103e-18, 3.7297361855e-19, 3.55429815691e-20], "var": [0.403437912464, 49.2375335693, 253.289169312, 190.886199951, 214.256958008, 209.910842896, 275.044677734, 365.584014893, 704.881896973, 1429.48242188, 3935.68676758, 1167.1730957, 2012.59472656, 496.994232178, 630.002380371, 1176.77172852, 791.506713867, 357.722625732, 2055.33398438, 2498.39648438, 909.55645752, 449.572174072, 513.83795166, 178.093170166, 583.24597168, 367.567718506, 698.601257324, 726.655090332, 940.606140137, 523.554748535, 776.34375, 409.649902344, 131.257965088, 82.4450683594, 5.53581762314, 0.25508415699, 0.019557390362, 0.000455751112895, 5.41382723895e-06, 2.03914325425e-08]}, "gfcc": {"mean": [-34.5912246704, 73.0531616211, -95.5953674316, 48.1932449341, -52.6002311707, 34.930065155, -24.054889679, 12.1878995895, -7.94394922256, 13.0056715012, -9.79159069061, -1.12179028988, -6.79483699799], "cov": [[38290.4179688, -2631.46630859, -683.026062012, 2012.21789551, -2361.94116211, 688.472229004, -582.134277344, 489.250335693, -276.883911133, 589.651794434, -20.0648288727, 1328.6315918, 12.015668869], [-2631.46630859, 2627.83740234, 304.56451416, -206.7134552, 956.384277344, -2.40065979958, 411.734405518, -40.0479812622, 218.54788208, 3.60276913643, 101.352516174, -315.339324951, -14.2212991714], [-683.026062012, 304.56451416, 1538.50463867, 559.235717773, 708.617126465, 349.393341064, 337.220275879, 14.994799614, 9.05131053925, 90.0546569824, -90.7157211304, 1.97011077404, -134.46232605], [2012.21789551, -206.7134552, 559.235717773, 620.612976074, 239.76625061, 297.06842041, 191.218856812, 74.1379623413, 21.9416217804, 86.436630249, -21.8063812256, 41.8439331055, -52.3235778809], [-2361.94116211, 956.384277344, 708.617126465, 239.76625061, 921.121643066, 228.521438599, 402.642028809, 15.5777997971, 87.6717834473, 21.6361484528, 15.0171070099, -170.835235596, -61.3306808472], [688.472229004, -2.40065979958, 349.393341064, 297.06842041, 228.521438599, 291.026611328, 188.310241699, 72.3559570312, 30.6188259125, 75.952293396, 12.673740387, -2.79122400284, -47.8052368164], [-582.134277344, 411.734405518, 337.220275879, 191.218856812, 402.642028809, 188.310241699, 313.192657471, 79.7208328247, 67.2128677368, 45.400100708, 39.3592033386, -41.1447906494, -41.4777488708], [489.250335693, -40.0479812622, 14.994799614, 74.1379623413, 15.5777997971, 72.3559570312, 79.7208328247, 104.331047058, 41.7603988647, 37.9413375854, 32.3492927551, 42.0362701416, -0.49047729373], [-276.883911133, 218.54788208, 9.05131053925, 21.9416217804, 87.6717834473, 30.6188259125, 67.2128677368, 41.7603988647, 106.294464111, 37.5617141724, 33.349899292, -25.7853622437, 5.75969839096], [589.651794434, 3.60276913643, 90.0546569824, 86.436630249, 21.6361484528, 75.952293396, 45.400100708, 37.9413375854, 37.5617141724, 97.3611221313, 33.9884300232, 22.3203601837, -3.28179073334], [-20.0648288727, 101.352516174, -90.7157211304, -21.8063812256, 15.0171070099, 12.673740387, 39.3592033386, 32.3492927551, 33.349899292, 33.9884300232, 100.35483551, 13.2833471298, 6.70382070541], [1328.6315918, -315.339324951, 1.97011077404, 41.8439331055, -170.835235596, -2.79122400284, -41.1447906494, 42.0362701416, -25.7853622437, 22.3203601837, 13.2833471298, 198.350280762, 23.5955410004], [12.015668869, -14.2212991714, -134.46232605, -52.3235778809, -61.3306808472, -47.8052368164, -41.4777488708, -0.49047729373, 5.75969839096, -3.28179073334, 6.70382070541, 23.5955410004, 78.1659164429]], "icov": [[0.000100457597, -0.000240302673774, 0.000198752459255, -0.000571140029933, 0.000288416486001, -0.000191748185898, 0.000343713123584, -0.000294569792459, 0.000490870908834, -0.000400453223847, 0.00028039663448, -0.000498223002069, 0.000263349647867], [-0.000240302673774, 0.00160901632626, -0.000478576956084, 0.00192258507013, -0.00150036194827, 0.00106540007982, -0.00169955915771, 0.00163837417495, -0.00242877728306, 0.000705228943843, -0.00104442692827, 0.00155941909179, -0.000796401000116], [0.000198752459255, -0.000478576956084, 0.00243634963408, -0.00187580136117, -0.00101196195465, -0.000521115027368, 0.000769184436649, 0.000355102994945, 0.0013014213182, -0.00240921811201, 0.00267527368851, -0.00254649855196, 0.00245766271837], [-0.000571140029933, 0.00192258507013, -0.00187580136117, 0.0073445495218, -0.00179955351632, -0.00163769710343, -0.00253807171248, 0.00187691824976, -0.00362876290455, 0.00181212951429, -0.000893805874512, 0.00247008167207, -0.00194690807257], [0.000288416486001, -0.00150036194827, -0.00101196195465, -0.00179955351632, 0.00629756553099, -0.00121451728046, -0.00327698257752, 0.000809776422102, 0.00118318805471, 0.00101957435254, -0.000272519304417, 0.000811889476608, -0.00106417550705], [-0.000191748185898, 0.00106540007982, -0.000521115027368, -0.00163769710343, -0.00121451728046, 0.011316367425, -0.00410253088921, -0.00175164313987, 0.000573373108637, -0.00347389653325, -0.00041313629481, 0.00231759878807, 0.00115840695798], [0.000343713123584, -0.00169955915771, 0.000769184436649, -0.00253807171248, -0.00327698257752, -0.00410253088921, 0.0154320662841, -0.00847819354385, 0.00191202783026, -0.000248283467954, -0.000815845560282, -0.00237902789377, 0.00295433960855], [-0.000294569792459, 0.00163837417495, 0.000355102994945, 0.00187691824976, 0.000809776422102, -0.00175164313987, -0.00847819354385, 0.0225661043078, -0.00841484591365, 0.000511948135681, -0.00179938797373, -0.0026018472854, -0.00100127549376], [0.000490870908834, -0.00242877728306, 0.0013014213182, -0.00362876290455, 0.00118318805471, 0.000573373108637, 0.00191202783026, -0.00841484591365, 0.0196402296424, -0.00698026688769, 0.000489052559715, 0.000151362881297, -0.000294764380669], [-0.000400453223847, 0.000705228943843, -0.00240921811201, 0.00181212951429, 0.00101957435254, -0.00347389653325, -0.000248283467954, 0.000511948135681, -0.00698026688769, 0.0203293561935, -0.00696661090478, 0.001712626894, -0.00274625979364], [0.00028039663448, -0.00104442692827, 0.00267527368851, -0.000893805874512, -0.000272519304417, -0.00041313629481, -0.000815845560282, -0.00179938797373, 0.000489052559715, -0.00696661090478, 0.0168610960245, -0.00395796913654, 0.00228008814156], [-0.000498223002069, 0.00155941909179, -0.00254649855196, 0.00247008167207, 0.000811889476608, 0.00231759878807, -0.00237902789377, -0.0026018472854, 0.000151362881297, 0.001712626894, -0.00395796913654, 0.0118098324165, -0.00475583411753], [0.000263349647867, -0.000796401000116, 0.00245766271837, -0.00194690807257, -0.00106417550705, 0.00115840695798, 0.00295433960855, -0.00100127549376, -0.000294764380669, -0.00274625979364, 0.00228008814156, -0.00475583411753, 0.0181137714535]]}, "melbands": {"dmean": [0.00302245258354, 0.00346481800079, 0.000985398422927, 0.000466783676529, 0.000217844193685, 0.000123958088807, 9.08246729523e-05, 7.80090122134e-05, 6.36879776721e-05, 4.38886163465e-05, 4.31489133916e-05, 2.36476025748e-05, 1.90170158021e-05, 3.14570315822e-05, 2.86624363071e-05, 2.28400294873e-05, 1.32829236463e-05, 1.93867217604e-05, 3.36979101121e-05, 1.78613099706e-05, 9.82120218396e-06, 8.32219939184e-06, 1.00336383184e-05, 6.18834656052e-06, 4.6800751079e-06, 7.82973893365e-06, 7.12638120604e-06, 6.27496774541e-06, 8.00873567641e-06, 9.16231238079e-06, 7.39817824069e-06, 1.03729908005e-05, 6.57575583318e-06, 6.68913844493e-06, 6.43393696009e-06, 5.60102807867e-06, 4.73180261906e-06, 3.81765994462e-06, 3.53523887497e-06, 3.29686258738e-06], "dmean2": [0.00445656944066, 0.00480513973162, 0.00150949985255, 0.000864226778504, 0.000394473900087, 0.000195842716494, 0.000137938317494, 0.000117826159112, 8.78508581081e-05, 6.53714960208e-05, 6.35616233922e-05, 3.59582954843e-05, 2.7151838367e-05, 5.15649626323e-05, 4.53067805211e-05, 3.55514530384e-05, 2.25645908358e-05, 3.23760650645e-05, 4.83257281303e-05, 3.00044357573e-05, 1.58947332238e-05, 1.35100062835e-05, 1.63578297361e-05, 1.0327594282e-05, 7.68751397118e-06, 1.27369903566e-05, 1.14422900879e-05, 9.7962874861e-06, 1.29479394673e-05, 1.39669509736e-05, 1.17523841254e-05, 1.67301077454e-05, 1.087871442e-05, 1.04048885987e-05, 9.69633765635e-06, 8.22410493129e-06, 6.95319840816e-06, 5.60367425351e-06, 5.24049573869e-06, 4.94010191687e-06], "dvar": [1.37765127874e-05, 3.40461665473e-05, 5.92925925957e-06, 1.65980463862e-06, 2.71542916153e-07, 5.86809356662e-08, 2.75050524579e-08, 2.49540601516e-08, 2.27530723151e-08, 7.94915333557e-09, 1.03258832596e-08, 1.65480806835e-09, 1.24303556337e-09, 3.03912117694e-09, 2.20643947557e-09, 1.89996574029e-09, 5.7024057698e-10, 1.48021783719e-09, 6.51442189081e-09, 1.12602271951e-09, 3.58179597093e-10, 2.90413471049e-10, 3.80599524119e-10, 1.47593340327e-10, 9.17917825083e-11, 3.07339875771e-10, 1.86015758352e-10, 1.30739516435e-10, 2.87255275122e-10, 2.57403209858e-10, 2.64621186075e-10, 3.61871699273e-10, 1.28890537132e-10, 1.45989512146e-10, 2.49211457026e-10, 1.81155215828e-10, 9.38300340203e-11, 5.92716917214e-11, 5.09944586558e-11, 4.96241693571e-11], "dvar2": [2.79006817436e-05, 6.85570412315e-05, 1.4503573766e-05, 4.72549527331e-06, 7.78423327574e-07, 1.47964101416e-07, 5.74068863557e-08, 5.59467281391e-08, 3.61518104341e-08, 1.5504653561e-08, 2.00773051517e-08, 3.45563577753e-09, 2.22542406725e-09, 7.68755992198e-09, 5.06814545886e-09, 4.1499372827e-09, 1.36116917737e-09, 3.55677198804e-09, 1.03724753231e-08, 2.93012436536e-09, 7.40258909726e-10, 6.78432365842e-10, 8.69810612425e-10, 3.90982635157e-10, 2.24638099788e-10, 7.65743191078e-10, 4.15002948673e-10, 3.01592223417e-10, 7.33570815203e-10, 6.02866978561e-10, 6.90700829864e-10, 9.37532274037e-10, 3.32474409115e-10, 3.23464477425e-10, 5.64132907055e-10, 3.46852241373e-10, 1.82111159486e-10, 1.30269475762e-10, 1.09339162724e-10, 9.13208536568e-11], "max": [0.0293527506292, 0.0471411012113, 0.0160430073738, 0.00919604767114, 0.00469062384218, 0.00296570872888, 0.0025562364608, 0.00328142452054, 0.00449152011424, 0.002364912536, 0.00212687812746, 0.000600402941927, 0.000849809846841, 0.000672979687806, 0.000644615560304, 0.00070560304448, 0.000403552054195, 0.000603399297688, 0.00189855904318, 0.000415386079112, 0.000478831323562, 0.00021781072428, 0.000259068736341, 0.00011389762949, 8.93766264198e-05, 0.000143139113788, 0.000157428017701, 0.00012596155284, 0.000151157684741, 0.000115830276627, 0.000173654567334, 0.000163733740919, 0.000101787794847, 8.91079980647e-05, 0.000170645362232, 0.000170484490809, 8.61219741637e-05, 7.38656453905e-05, 3.98928968934e-05, 4.01487741328e-05], "mean": [0.00821962673217, 0.0060871085152, 0.00104115204886, 0.000414864683989, 0.000263061490841, 0.000262033019681, 0.000266539631411, 0.00021473011293, 0.000179509763257, 0.000103531128843, 9.91118868114e-05, 5.11199432367e-05, 4.09440144722e-05, 5.14191560796e-05, 5.17603075423e-05, 4.49775070592e-05, 1.96549681277e-05, 2.83758345176e-05, 5.72732387809e-05, 2.27495293075e-05, 1.47230311995e-05, 1.21848070194e-05, 1.43137312989e-05, 8.03379862191e-06, 5.77775927013e-06, 8.76306057762e-06, 9.81773973763e-06, 8.66405662237e-06, 1.02762915049e-05, 1.13556661745e-05, 9.70361270447e-06, 1.26737613755e-05, 8.96851088328e-06, 8.48995023262e-06, 7.48176444176e-06, 7.05587899574e-06, 5.83473592997e-06, 4.16933926317e-06, 3.63047752217e-06, 3.45143757841e-06], "median": [0.00739094661549, 0.00310252606869, 0.000276383536402, 0.000151360611198, 9.66356456047e-05, 8.55791804497e-05, 7.14073030395e-05, 8.43500820338e-05, 4.61000454379e-05, 3.78461627406e-05, 2.09047120734e-05, 1.81894920388e-05, 1.19354926937e-05, 1.93367668544e-05, 2.23110455408e-05, 1.08874492071e-05, 8.80408788362e-06, 1.18872158055e-05, 1.56821606652e-05, 6.96216966389e-06, 4.40966050519e-06, 3.42870453096e-06, 3.38228392138e-06, 3.28750479639e-06, 2.53523398897e-06, 3.28191572407e-06, 4.33851528214e-06, 3.83674296245e-06, 4.6177715376e-06, 4.74464150102e-06, 4.04329057346e-06, 4.78601668874e-06, 3.80741380468e-06, 2.93672610496e-06, 2.50677499025e-06, 1.94246013052e-06, 1.22717915474e-06, 8.19409933683e-07, 6.77082311995e-07, 4.35128981735e-07], "min": [5.64616898277e-24, 3.87819009364e-24, 2.61044013185e-24, 1.46837133171e-23, 5.02010333041e-24, 2.7920264459e-23, 1.61224299474e-23, 2.71847502725e-24, 4.98134935515e-24, 3.9123343602e-24, 2.15012133431e-23, 1.39018480304e-23, 8.82172500686e-24, 7.97187016531e-24, 9.68084028658e-24, 2.06158526611e-23, 9.74171668264e-24, 7.71440253193e-24, 1.02463644143e-23, 1.29763524721e-23, 5.73032584743e-24, 1.06512701509e-23, 2.03074459124e-23, 9.94456279809e-24, 4.80695193053e-24, 4.92178404592e-24, 8.11190244232e-24, 1.03699315865e-23, 1.16379071625e-23, 1.2848939603e-23, 8.90021745579e-24, 1.54753068365e-23, 8.41846010098e-24, 9.94073761156e-24, 1.01100681826e-23, 1.18351578876e-23, 1.36127888843e-23, 1.05864226291e-23, 6.66567348959e-24, 1.19536061414e-23], "var": [4.04189995606e-05, 6.71522429911e-05, 5.55840506422e-06, 1.02239505395e-06, 2.86783176762e-07, 2.02763587254e-07, 2.17459984242e-07, 1.44365571941e-07, 2.28493860277e-07, 5.2141960083e-08, 4.87796079085e-08, 6.58554766275e-09, 5.6188564912e-09, 5.94650906294e-09, 6.36303587598e-09, 7.05552638536e-09, 1.31963495686e-09, 2.84383183669e-09, 2.17321698415e-08, 1.59810975564e-09, 9.26681897884e-10, 6.27092267003e-10, 7.8857398389e-10, 1.68290922864e-10, 1.02244809841e-10, 3.00297869904e-10, 2.72028205517e-10, 1.85917989337e-10, 2.90331925168e-10, 3.17270043571e-10, 2.63105537357e-10, 3.86574633415e-10, 1.57681576129e-10, 1.83845355606e-10, 2.57514648494e-10, 2.42598385825e-10, 1.3051772163e-10, 6.89295287515e-11, 5.68266822487e-11, 6.09223713144e-11]}, "mfcc": {"mean": [-664.41784668, 88.2483978271, 24.911649704, 23.9840011597, 7.1668176651, 23.4525222778, 4.21700143814, 8.63573360443, 8.99392032623, 13.211812973, 6.47881031036, 6.86868858337, 7.14292430878], "cov": [[20728.7929688, 531.62310791, 267.271697998, 352.375091553, -411.731201172, 209.463027954, -210.064468384, -21.9209518433, -36.3910484314, -394.589050293, -102.575683594, 338.415649414, 123.875205994], [531.62310791, 1715.22375488, 104.637733459, 206.896133423, 192.671661377, 193.200302124, 143.295135498, 106.981300354, 122.235145569, 138.034332275, 104.136024475, 97.772895813, 132.829666138], [267.271697998, 104.637733459, 760.158752441, 348.957580566, 284.445770264, 329.163452148, 199.062286377, 69.7417068481, 120.895378113, 28.5984134674, 84.6784362793, 74.1367111206, 0.827499449253], [352.375091553, 206.896133423, 348.957580566, 404.58380127, 254.470626831, 294.852661133, 207.255599976, 132.255355835, 120.627815247, 73.6397781372, 81.2323455811, 77.5887298584, 36.9351921082], [-411.731201172, 192.671661377, 284.445770264, 254.470626831, 304.193054199, 249.934753418, 189.981018066, 87.9384231567, 100.199920654, 73.2189559937, 63.6772766113, 45.9362411499, 29.9821014404], [209.463027954, 193.200302124, 329.163452148, 294.852661133, 249.934753418, 370.552337646, 243.59614563, 127.906463623, 123.08165741, 100.414703369, 97.4236221313, 76.5852584839, 32.6863822937], [-210.064468384, 143.295135498, 199.062286377, 207.255599976, 189.981018066, 243.59614563, 285.967376709, 131.259384155, 95.6078720093, 89.4220809937, 89.3001785278, 68.7443389893, 40.1717681885], [-21.9209518433, 106.981300354, 69.7417068481, 132.255355835, 87.9384231567, 127.906463623, 131.259384155, 159.922744751, 68.6028137207, 29.0699558258, 58.2916984558, 64.6850204468, 23.7045307159], [-36.3910484314, 122.235145569, 120.895378113, 120.627815247, 100.199920654, 123.08165741, 95.6078720093, 68.6028137207, 114.679206848, 57.5383911133, 33.3719062805, 30.7927188873, 19.8990268707], [-394.589050293, 138.034332275, 28.5984134674, 73.6397781372, 73.2189559937, 100.414703369, 89.4220809937, 29.0699558258, 57.5383911133, 151.290496826, 65.7793655396, 15.2244110107, 30.258682251], [-102.575683594, 104.136024475, 84.6784362793, 81.2323455811, 63.6772766113, 97.4236221313, 89.3001785278, 58.2916984558, 33.3719062805, 65.7793655396, 104.286308289, 65.3710174561, 20.2841148376], [338.415649414, 97.772895813, 74.1367111206, 77.5887298584, 45.9362411499, 76.5852584839, 68.7443389893, 64.6850204468, 30.7927188873, 15.2244110107, 65.3710174561, 97.3891220093, 38.9773292542], [123.875205994, 132.829666138, 0.827499449253, 36.9351921082, 29.9821014404, 32.6863822937, 40.1717681885, 23.7045307159, 19.8990268707, 30.258682251, 20.2841148376, 38.9773292542, 59.9182243347]], "icov": [[7.41366384318e-05, -3.26624831359e-05, 1.9003302441e-05, -0.000192551291548, 0.000353687821189, -0.000265493232291, 6.87126885168e-05, 0.000187939614989, -3.02200805891e-06, 0.00017702189507, 0.00025728152832, -0.000406161969295, -2.62775920419e-05], [-3.26624831359e-05, 0.000783400901128, 5.54129219381e-05, 2.13020193769e-05, -0.000427578896051, 3.90410095861e-05, 0.000330816779751, -0.000202630864806, -0.000382086116588, -8.2514656242e-05, -0.000704061472788, 0.000590175797697, -0.00160903239157], [1.9003302441e-05, 5.54129219381e-05, 0.0031856035348, -0.0015519092558, -0.000812677200884, -0.00151222757995, -0.000185312499525, 0.0025557698682, -0.00152941304259, 0.0021472517401, -0.00143153243698, -0.000807530188467, 0.00152873445768], [-0.000192551291548, 2.13020193769e-05, -0.0015519092558, 0.00860271602869, -0.00349675002508, -0.00189750501886, 0.000494430598337, -0.00319665437564, -0.000440769217676, -0.000993529916741, 0.00038249779027, 0.000279587402474, -0.000875907833688], [0.000353687821189, -0.000427578896051, -0.000812677200884, -0.00349675002508, 0.0113523714244, -0.00370428757742, -0.00176516606007, 0.00173566141166, -0.00108965486288, 0.00116120523307, 0.000847784685902, 0.000496046210174, -0.00161383859813], [-0.000265493232291, 3.90410095861e-05, -0.00151222757995, -0.00189750501886, -0.00370428757742, 0.0126680396497, -0.00412570731714, -0.00139843765646, -0.00113624637015, -0.00314169563353, -0.000663445272949, -0.000505118106958, 0.00243221223354], [6.87126885168e-05, 0.000330816779751, -0.000185312499525, 0.000494430598337, -0.00176516606007, -0.00412570731714, 0.010898902081, -0.00439225323498, 0.000175642053364, -0.000987109960988, -0.0020205238834, 0.00125532050151, -0.00330563238822], [0.000187939614989, -0.000202630864806, 0.0025557698682, -0.00319665437564, 0.00173566141166, -0.00139843765646, -0.00439225323498, 0.0159128997475, -0.0054807048291, 0.00446761958301, -0.00215816963464, -0.00552497897297, 0.0024282799568], [-3.02200805891e-06, -0.000382086116588, -0.00152941304259, -0.000440769217676, -0.00108965486288, -0.00113624637015, 0.000175642053364, -0.0054807048291, 0.0185524951667, -0.00674399733543, 0.00642856536433, -0.00279230088927, 0.00124620483257], [0.00017702189507, -8.2514656242e-05, 0.0021472517401, -0.000993529916741, 0.00116120523307, -0.00314169563353, -0.000987109960988, 0.00446761958301, -0.00674399733543, 0.0178018379956, -0.014142327942, 0.0104560945183, -0.00833752471954], [0.00025728152832, -0.000704061472788, -0.00143153243698, 0.00038249779027, 0.000847784685902, -0.000663445272949, -0.0020205238834, -0.00215816963464, 0.00642856536433, -0.014142327942, 0.0338895432651, -0.0237772241235, 0.0119606247172], [-0.000406161969295, 0.000590175797697, -0.000807530188467, 0.000279587402474, 0.000496046210174, -0.000505118106958, 0.00125532050151, -0.00552497897297, -0.00279230088927, 0.0104560945183, -0.0237772241235, 0.0376636497676, -0.0200625658035], [-2.62775920419e-05, -0.00160903239157, 0.00152873445768, -0.000875907833688, -0.00161383859813, 0.00243221223354, -0.00330563238822, 0.0024282799568, 0.00124620483257, -0.00833752471954, 0.0119606247172, -0.0200625658035, 0.0343642681837]]}, "spectral_contrast_coeffs": {"dmean": [0.051645629108, 0.0409900918603, 0.0323718301952, 0.0292012132704, 0.0201633181423, 0.01777382195], "dmean2": [0.085192784667, 0.0652796402574, 0.0514472611248, 0.048105083406, 0.0320727452636, 0.0285842753947], "dvar": [0.00225689425133, 0.001122401678, 0.000650955829769, 0.00062915426679, 0.0003074943088, 0.000302089058096], "dvar2": [0.00554933445528, 0.00279002496973, 0.00162256287877, 0.00153108208906, 0.000716802780516, 0.000791744503658], "max": [-0.462202101946, -0.449489861727, -0.60851919651, -0.526804983616, -0.636660993099, -0.667885601521], "mean": [-0.695248305798, -0.740663170815, -0.795155525208, -0.784330666065, -0.812015116215, -0.765835464001], "median": [-0.710707902908, -0.747198820114, -0.801239728928, -0.798145115376, -0.814089000225, -0.75826382637], "min": [-0.970609724522, -0.960341513157, -0.956826984882, -0.960938751698, -0.958533406258, -0.961596012115], "var": [0.00767598906532, 0.00689461827278, 0.00435146084055, 0.00443968223408, 0.00177922088187, 0.00207249261439]}, "spectral_contrast_valleys": {"dmean": [0.413034498692, 0.387810558081, 0.373086512089, 0.366221159697, 0.36483797431, 0.442921251059], "dmean2": [0.652535378933, 0.585936248302, 0.581101119518, 0.567574858665, 0.527128994465, 0.543018162251], "dvar": [0.231306880713, 0.288782030344, 0.29806420207, 0.317269206047, 0.336020171642, 0.379715055227], "dvar2": [0.413692653179, 0.396689355373, 0.396146774292, 0.503728091717, 0.507225513458, 0.571516752243], "max": [-5.45283794403, -5.01175069809, -5.62171602249, -5.81415271759, -5.67749786377, -7.33294248581], "mean": [-7.39086675644, -7.39764881134, -7.87465858459, -8