{"lowlevel": {"average_loudness": 0.899206399918, "barkbands_crest": {"dmean": 2.51294565201, "dmean2": 3.93141770363, "dvar": 7.0018119812, "dvar2": 16.8923110962, "max": 24.8043060303, "mean": 10.8924655914, "median": 9.76724338531, "min": 3.6956448555, "var": 17.5181350708}, "barkbands_flatness_db": {"dmean": 0.0229072980583, "dmean2": 0.033697232604, "dvar": 0.000662933685817, "dvar2": 0.00139609817415, "max": 0.460189223289, "mean": 0.187227725983, "median": 0.185106381774, "min": 0.0493019595742, "var": 0.00303741707467}, "barkbands_kurtosis": {"dmean": 4.55700778961, "dmean2": 7.29937171936, "dvar": 97.6275787354, "dvar2": 235.697494507, "max": 141.900253296, "mean": 7.23022651672, "median": 4.43235063553, "min": -1.9656842947, "var": 113.690361023}, "barkbands_skewness": {"dmean": 0.584478139877, "dmean2": 0.888786554337, "dvar": 0.687187969685, "dvar2": 1.50484740734, "max": 10.6254405975, "mean": 1.90294837952, "median": 1.72160363197, "min": -3.95957159996, "var": 1.56981384754}, "barkbands_spread": {"dmean": 2.89408802986, "dmean2": 4.58550977707, "dvar": 35.2506141663, "dvar2": 103.644638062, "max": 160.614517212, "mean": 11.5260343552, "median": 9.1817035675, "min": 0.872114598751, "var": 132.654937744}, "dissonance": {"dmean": 0.0240152236074, "dmean2": 0.0403576903045, "dvar": 0.000470768922241, "dvar2": 0.00126795179676, "max": 0.500000178814, "mean": 0.445186465979, "median": 0.451714068651, "min": 0.246827915311, "var": 0.0013621149119}, "dynamic_complexity": 4.5981388092, "erbbands_crest": {"dmean": 2.30843091011, "dmean2": 3.6223552227, "dvar": 5.41911840439, "dvar2": 11.8459005356, "max": 30.7580966949, "mean": 10.8526134491, "median": 9.39931869507, "min": 2.43255186081, "var": 26.035861969}, "erbbands_flatness_db": {"dmean": 0.0196293946356, "dmean2": 0.0260573793203, "dvar": 0.000446336722234, "dvar2": 0.000764319556765, "max": 0.426744937897, "mean": 0.188433751464, "median": 0.182704970241, "min": 0.0202159304172, "var": 0.00404499890283}, "erbbands_kurtosis": {"dmean": 0.879643797874, "dmean2": 1.37641203403, "dvar": 1.20896112919, "dvar2": 2.77415323257, "max": 22.5092430115, "mean": 1.12704741955, "median": 0.406033754349, "min": -1.71453583241, "var": 5.10255146027}, "erbbands_skewness": {"dmean": 0.287139296532, "dmean2": 0.445210516453, "dvar": 0.0699531212449, "dvar2": 0.162845566869, "max": 4.01376056671, "mean": 0.765184283257, "median": 0.747278571129, "min": -1.59652757645, "var": 0.471841394901}, "erbbands_spread": {"dmean": 5.45560646057, "dmean2": 7.90596914291, "dvar": 47.3561477661, "dvar2": 99.2019958496, "max": 113.918411255, "mean": 27.8881626129, "median": 24.2373161316, "min": 2.64517641068, "var": 220.807571411}, "hfc": {"dmean": 4.41367340088, "dmean2": 6.56554794312, "dvar": 79.5657577515, "dvar2": 192.88269043, "max": 97.8038330078, "mean": 12.767996788, "median": 9.47400760651, "min": 1.23541290604e-16, "var": 149.092407227}, "melbands_crest": {"dmean": 3.30345821381, "dmean2": 5.17525196075, "dvar": 11.8735265732, "dvar2": 27.1907081604, "max": 36.8922958374, "mean": 15.1920690536, "median": 13.8941793442, "min": 3.13078331947, "var": 32.9529800415}, "melbands_flatness_db": {"dmean": 0.0257586594671, "dmean2": 0.037923168391, "dvar": 0.000895463395864, "dvar2": 0.00185956049245, "max": 0.607466638088, "mean": 0.282674342394, "median": 0.280587315559, "min": 0.00655693374574, "var": 0.004356557969}, "melbands_kurtosis": {"dmean": 8.15209102631, "dmean2": 12.7716016769, "dvar": 306.714172363, "dvar2": 710.159240723, "max": 299.999786377, "mean": 14.3614578247, "median": 8.1928396225, "min": -1.64435470104, "var": 453.515075684}, "melbands_skewness": {"dmean": 0.706350505352, "dmean2": 1.06590819359, "dvar": 0.928975045681, "dvar2": 1.95146238804, "max": 14.581990242, "mean": 2.54217600822, "median": 2.227247715, "min": -1.03697991371, "var": 2.65104699135}, "melbands_spread": {"dmean": 2.7334561348, "dmean2": 4.3062787056, "dvar": 15.5830917358, "dvar2": 39.0618286133, "max": 127.596893311, "mean": 11.5388593674, "median": 9.80124759674, "min": 0.706180989742, "var": 89.9478378296}, "pitch_salience": {"dmean": 0.0737623870373, "dmean2": 0.116873376071, "dvar": 0.00574525864795, "dvar2": 0.0139623917639, "max": 0.857952654362, "mean": 0.53998529911, "median": 0.546136021614, "min": 0.101391464472, "var": 0.0149156684056}, "silence_rate_20dB": {"dmean": 0.000659630633891, "dmean2": 0.00131947884802, "dvar": 0.00065922451904, "dvar2": 0.00197759270668, "max": 1, "mean": 0.999670267105, "median": 1, "min": 0, "var": 0.000329659495037}, "silence_rate_30dB": {"dmean": 0.0738786309958, "dmean2": 0.14778162539, "dvar": 0.0684232413769, "dvar2": 0.141452208161, "max": 1, "mean": 0.917559742928, "median": 1, "min": 0, "var": 0.0756455510855}, "silence_rate_60dB": {"dmean": 0.0174802113324, "dmean2": 0.0349661894143, "dvar": 0.0171743091196, "dvar2": 0.036711294204, "max": 1, "mean": 0.083924151957, "median": 0, "min": 0, "var": 0.0768835172057}, "spectral_centroid": {"dmean": 102.232933044, "dmean2": 158.496139526, "dvar": 30512.9179688, "dvar2": 49629.3984375, "max": 10852.7607422, "mean": 713.347045898, "median": 606.776000977, "min": 202.321350098, "var": 162887.25}, "spectral_complexity": {"dmean": 2.14182066917, "dmean2": 3.44862270355, "dvar": 5.04959201813, "dvar2": 11.784526825, "max": 36, "mean": 13.5441055298, "median": 14, "min": 0, "var": 27.8076286316}, "spectral_decrease": {"dmean": 5.58703927567e-09, "dmean2": 8.98024854479e-09, "dvar": 1.58207662453e-16, "dvar2": 4.00841613387e-16, "max": 6.66323867793e-16, "mean": -1.07434958707e-08, "median": -7.38771976927e-09, "min": -1.26565481651e-07, "var": 1.85898863564e-16}, "spectral_energy": {"dmean": 0.0214341022074, "dmean2": 0.0344136841595, "dvar": 0.00230711721815, "dvar2": 0.00584832299501, "max": 0.482958227396, "mean": 0.0417065434158, "median": 0.0288014709949, "min": 1.13146651336e-20, "var": 0.00273102847859}, "spectral_energyband_high": {"dmean": 0.000121053373732, "dmean2": 0.000159594856086, "dvar": 1.15038965021e-07, "dvar2": 2.1397637795e-07, "max": 0.00336830341257, "mean": 0.000189392172615, "median": 3.78302902391e-05, "min": 8.15172276504e-21, "var": 1.97714925321e-07}, "spectral_energyband_low": {"dmean": 0.0165294390172, "dmean2": 0.0264792460948, "dvar": 0.00197628536262, "dvar2": 0.00486680306494, "max": 0.461009830236, "mean": 0.0227960739285, "median": 0.0101271206513, "min": 7.33302504517e-23, "var": 0.00205910718068}, "spectral_energyband_middle_high": {"dmean": 0.000761694449466, "dmean2": 0.0011579839047, "dvar": 1.68931444477e-06, "dvar2": 3.8647240217e-06, "max": 0.0343534909189, "mean": 0.00228976365179, "median": 0.00177078519482, "min": 1.82791627881e-21, "var": 4.83670555695e-06}, "spectral_energyband_middle_low": {"dmean": 0.00765435304493, "dmean2": 0.0127481315285, "dvar": 0.000293645163765, "dvar2": 0.000817088293843, "max": 0.194665491581, "mean": 0.0183814484626, "median": 0.0135481441393, "min": 3.78385375208e-22, "var": 0.000364004314179}, "spectral_entropy": {"dmean": 0.167029127479, "dmean2": 0.237271621823, "dvar": 0.0338314846158, "dvar2": 0.0649917945266, "max": 9.81915664673, "mean": 6.97888612747, "median": 6.97042369843, "min": 4.69958257675, "var": 0.232619196177}, "spectral_flux": {"dmean": 0.0381238497794, "dmean2": 0.0589962229133, "dvar": 0.00434548780322, "dvar2": 0.00941008888185, "max": 0.608853459358, "mean": 0.0858699157834, "median": 0.0615483634174, "min": 1.06370412478e-10, "var": 0.00720975687727}, "spectral_kurtosis": {"dmean": 4.55121326447, "dmean2": 7.52836513519, "dvar": 47.9936294556, "dvar2": 121.413658142, "max": 130.271194458, "mean": 11.9015779495, "median": 9.45170974731, "min": -1.22811615467, "var": 106.116439819}, "spectral_rms": {"dmean": 0.00124425557442, "dmean2": 0.00190570903942, "dvar": 4.4639459702e-06, "dvar2": 1.0779227523e-05, "max": 0.0217066518962, "mean": 0.00551000982523, "median": 0.00530084874481, "min": 3.32245364033e-12, "var": 1.03291558844e-05}, "spectral_rolloff": {"dmean": 176.07321167, "dmean2": 308.157867432, "dvar": 763211.875, "dvar2": 2139784.5, "max": 19616.7480469, "mean": 742.330566406, "median": 538.330078125, "min": 43.06640625, "var": 2171893.75}, "spectral_skewness": {"dmean": 0.376408368349, "dmean2": 0.613039255142, "dvar": 0.214623481035, "dvar2": 0.556788265705, "max": 9.44522476196, "mean": 2.42133331299, "median": 2.35360813141, "min": 0.0463909395039, "var": 0.646147787571}, "spectral_spread": {"dmean": 560190.25, "dmean2": 731246.4375, "dvar": 732948922368, "dvar2": 1000392753150.0, "max": 41748164, "mean": 3469598.75, "median": 3150751.75, "min": 688621.625, "var": 3079282884610.0}, "spectral_strongpeak": {"dmean": 0.373052299023, "dmean2": 0.635089159012, "dvar": 0.360240280628, "dvar2": 0.873789012432, "max": 5.11149024963, "mean": 0.873921096325, "median": 0.479230374098, "min": 0, "var": 1.01074123383}, "zerocrossingrate": {"dmean": 0.00592797901481, "dmean2": 0.00740290107206, "dvar": 0.000107893349195, "dvar2": 0.000161795076565, "max": 0.65966796875, "mean": 0.0346166044474, "median": 0.02783203125, "min": 0.0029296875, "var": 0.00129082729109}, "barkbands": {"dmean": [0.000912119634449, 0.0126701807603, 0.00358330644667, 0.00280911056325, 0.0027488048654, 0.00213704677299, 0.000830725999549, 0.00129388098139, 0.000333066825988, 0.000259306223597, 0.000204710479011, 0.000259233027464, 0.000104390455817, 9.85464430414e-05, 0.000108076834294, 5.83041073696e-05, 4.22452139901e-05, 4.36090595031e-05, 3.39222970069e-05, 2.97274546028e-05, 1.73785083462e-05, 2.18354198296e-05, 1.51025478772e-05, 2.17262313527e-05, 2.90412626782e-05, 1.38241221066e-05, 8.45096474222e-06], "dmean2": [0.00144194881432, 0.020141934976, 0.0063994335942, 0.00488485768437, 0.00475629419088, 0.00352122378536, 0.00139717955608, 0.00174662820064, 0.000538252177648, 0.000407292536693, 0.000328682479449, 0.00039887955063, 0.000174188156961, 0.000165991019458, 0.000174595115823, 9.65164290392e-05, 7.03294135747e-05, 7.00238160789e-05, 5.40681648999e-05, 4.76440909551e-05, 2.83557837975e-05, 3.11731128022e-05, 2.2238235033e-05, 2.95242352877e-05, 4.01956458518e-05, 1.85195458471e-05, 1.19943006212e-05], "dvar": [4.60597084384e-06, 0.00137495645322, 8.82040621946e-05, 4.56383786513e-05, 2.69168976956e-05, 4.60041519545e-05, 1.65517451478e-06, 7.94890729594e-06, 5.77842627081e-07, 5.65035463751e-07, 1.56007558871e-07, 2.94396642175e-07, 3.59008502926e-08, 4.03676949645e-08, 5.01876016301e-08, 1.18470371291e-08, 5.00315477936e-09, 6.14115291953e-09, 4.1719769861e-09, 3.59174645581e-09, 1.61466506832e-09, 3.67280450497e-09, 1.83532999909e-09, 4.1687338026e-09, 8.28981683298e-09, 1.76524361795e-09, 7.33648808371e-10], "dvar2": [9.42511633184e-06, 0.00339093967341, 0.000253355596215, 0.000125014266814, 7.75469379732e-05, 0.000124465761473, 4.75097067465e-06, 1.28934898385e-05, 1.2367522686e-06, 1.30392652409e-06, 3.9787042283e-07, 6.11576979281e-07, 8.99888519257e-08, 1.12697790655e-07, 1.12333694346e-07, 3.12557268956e-08, 1.29120998338e-08, 1.4683507743e-08, 1.05373816339e-08, 8.56599857713e-09, 4.05785938185e-09, 7.21698389938e-09, 4.02108790709e-09, 8.07195288388e-09, 1.61893485284e-08, 3.22195159441e-09, 1.47048029309e-09], "max": [0.0223097093403, 0.367502987385, 0.109622985125, 0.0830340534449, 0.0688916742802, 0.112213663757, 0.018382076174, 0.0520585253835, 0.02897445485, 0.0289280191064, 0.00839755404741, 0.0115232393146, 0.00498249614611, 0.00694585777819, 0.0049566491507, 0.00157459941693, 0.00102733972017, 0.00136846699752, 0.000952652888373, 0.000968652777374, 0.000632089620922, 0.000700140546542, 0.000445502897492, 0.00064753514016, 0.000839284446556, 0.000430698710261, 0.000269052805379], "mean": [0.00137738697231, 0.014515819028, 0.00503114657477, 0.00340747321025, 0.00448275730014, 0.00379133387469, 0.00177247344982, 0.00416074693203, 0.000603399588726, 0.000553686113562, 0.000354706397047, 0.000503812683746, 0.000180860224646, 0.000180926173925, 0.000203201227123, 0.000122605852084, 8.2435522927e-05, 9.09428927116e-05, 6.2454091676e-05, 5.33783131687e-05, 3.07615555357e-05, 3.37879646395e-05, 2.14472747757e-05, 2.82381715806e-05, 3.4627468267e-05, 1.66994286701e-05, 9.53414837568e-06], "median": [0.000148616803926, 0.00393592612818, 0.00208407244645, 0.00122844637372, 0.00281979609281, 0.00173958798405, 0.00114085408859, 0.000512534345035, 0.000247123243753, 0.000237926433329, 0.000171261053765, 0.000244776980253, 0.000102956444607, 0.000107392625068, 9.43951745285e-05, 6.66443447699e-05, 4.83451294713e-05, 4.45924779342e-05, 3.05980101984e-05, 1.70785351656e-05, 8.73543194757e-06, 5.20725097886e-06, 3.70823067897e-06, 2.96462599181e-06, 2.35411198446e-06, 1.06204356598e-06, 3.12887948439e-07], "min": [3.71827654967e-24, 4.86359506231e-23, 7.20506265556e-24, 2.17017007644e-23, 2.87644529127e-23, 2.96956527242e-23, 6.36926547311e-23, 1.36796129761e-22, 8.55937180012e-23, 7.61994069838e-23, 6.1697556082e-23, 1.36546950689e-22, 1.57358994635e-22, 9.30514827814e-23, 1.94319235881e-22, 1.23228605715e-22, 2.17125570682e-22, 2.78011117524e-22, 2.77055825901e-22, 3.59447614286e-22, 4.0050574181e-22, 4.6856999862e-22, 6.27232368175e-22, 9.6510682027e-22, 1.34583628619e-21, 1.74740975439e-21, 2.56975531855e-21], "var": [8.39565473143e-06, 0.0013245389564, 7.20909592928e-05, 4.00897042709e-05, 3.09965398628e-05, 5.71250311623e-05, 3.76094271815e-06, 5.99774757575e-05, 2.03531817533e-06, 1.71823137407e-06, 2.46593742759e-07, 6.87129386279e-07, 6.24394900228e-08, 6.13719279841e-08, 1.26777109699e-07, 2.55207197597e-08, 1.00649284462e-08, 1.77298051796e-08, 7.87638576583e-09, 8.84547191049e-09, 3.28111382508e-09, 6.47187725633e-09, 2.58676435827e-09, 6.44774145186e-09, 1.1938383615e-08, 2.70173372563e-09, 9.96572824263e-10]}, "erbbands": {"dmean": [0.490401089191, 2.49921369553, 4.20669698715, 7.22368907928, 10.0237941742, 8.5622177124, 10.82401371, 19.7635879517, 13.1568717957, 22.4521217346, 19.4267272949, 8.83609580994, 6.2314414978, 8.07322025299, 9.00443935394, 12.4158535004, 5.11903715134, 5.2238945961, 5.85241746902, 3.4794588089, 2.75281524658, 1.79581737518, 2.22762036324, 2.08701276779, 1.72968399525, 1.15914034843, 0.90788769722, 0.571190357208, 0.846933245659, 0.505332052708, 0.441050678492, 0.452057242393, 0.381201267242, 0.362971395254, 0.161431998014, 0.0699878185987, 0.0252825785428, 0.00773959234357, 0.00152043066919, 8.98636644706e-05], "dmean2": [0.750458955765, 4.26743507385, 7.55641651154, 12.6191577911, 17.4396152496, 14.8127679825, 18.0366420746, 32.7942047119, 21.9082164764, 32.2601623535, 27.4309310913, 13.9209728241, 10.0471391678, 12.5410442352, 14.2291021347, 18.9696826935, 8.42691230774, 8.80425071716, 9.43210792542, 5.58850002289, 4.60587024689, 2.96971416473, 3.57903933525, 3.34071159363, 2.68312978745, 1.90047037601, 1.51185083389, 0.881008505821, 1.24038016796, 0.745416879654, 0.646253824234, 0.625348806381, 0.535666584969, 0.525079905987, 0.215272396803, 0.095725774765, 0.0343395881355, 0.0106269288808, 0.00216513080522, 0.00012683661771], "dvar": [1.87349057198, 62.1474266052, 139.183166504, 310.892272949, 394.848480225, 274.369903564, 784.766723633, 4245.00292969, 723.004150391, 2109.94702148, 2758.94726562, 402.657440186, 397.317901611, 605.870422363, 339.111938477, 722.187927246, 80.9487533569, 107.656715393, 155.784469604, 36.0918083191, 21.5373649597, 10.6031398773, 14.2480316162, 12.3051395416, 12.053858757, 4.75048351288, 4.99887895584, 1.73655128479, 5.7128367424, 2.15653085709, 1.46101176739, 1.8664380312, 1.30865454674, 1.29358565807, 0.260614931583, 0.0472042784095, 0.00609704386443, 0.000632592767943, 2.44382008532e-05, 5.2987314092e-08], "dvar2": [4.20449733734, 166.323883057, 399.219360352, 857.210510254, 1110.48718262, 801.386779785, 2178.31665039, 11294.5185547, 2025.46911621, 3770.43286133, 4871.49462891, 792.318054199, 1035.8359375, 1350.33044434, 828.741271973, 1457.00756836, 199.088012695, 304.520996094, 345.523590088, 89.9850921631, 58.1371192932, 27.3616714478, 33.7870750427, 31.1558551788, 29.7590408325, 12.69967556, 13.3758172989, 3.63965415955, 12.1766023636, 4.7008061409, 3.02276873589, 3.81410980225, 2.61001062393, 2.57171154022, 0.494423776865, 0.0912218615413, 0.0115774972364, 0.0012625065865, 4.91311620863e-05, 1.00166616335e-07], "max": [14.851143837, 86.1460723877, 144.18572998, 191.903396606, 302.506469727, 204.043991089, 372.024200439, 1092.83483887, 377.032409668, 1002.44622803, 930.970703125, 806.675537109, 622.551635742, 1093.11535645, 520.627624512, 588.565795898, 260.711914062, 365.296325684, 292.365875244, 79.4167556763, 80.0920410156, 53.1729660034, 56.2773132324, 50.2454376221, 58.394947052, 33.9874992371, 32.8636474609, 15.412238121, 26.4083900452, 19.5745391846, 12.3546686172, 12.9279460907, 11.4591283798, 9.97424602509, 5.42232036591, 2.12151122093, 0.844686031342, 0.258514553308, 0.0516520291567, 0.00201064534485], "mean": [0.557580590248, 2.68076133728, 6.0539689064, 9.22258090973, 13.987323761, 13.8394775391, 19.7056655884, 32.9613800049, 26.2918643951, 75.8139266968, 49.3701667786, 18.4359436035, 11.8995656967, 17.63621521, 17.2812805176, 24.7802524567, 9.8197517395, 9.77715110779, 12.2770013809, 7.10699605942, 6.03918600082, 3.89963126183, 5.15120458603, 4.02204942703, 3.19651055336, 2.15569186211, 1.47976481915, 1.1084600687, 1.30826318264, 0.764937222004, 0.624479293823, 0.590971767902, 0.477812707424, 0.423521578312, 0.198334589601, 0.0850336998701, 0.0296687912196, 0.00890401750803, 0.00170170783531, 0.00013046861568], "median": [0.110611006618, 0.821015655994, 2.67678642273, 3.87914180756, 7.36682701111, 8.33303260803, 10.470413208, 12.5589799881, 17.9382457733, 18.2415981293, 10.611413002, 8.00089550018, 6.02042484283, 8.00937652588, 9.143658638, 11.8253116608, 6.34965705872, 7.03143358231, 6.14635229111, 4.53109169006, 4.03687906265, 2.41946363449, 2.66963434219, 2.15706515312, 1.31544089317, 0.742219686508, 0.490877300501, 0.261144340038, 0.184896811843, 0.136249825358, 0.108225263655, 0.0676056519151, 0.0455807223916, 0.0299426782876, 0.013622213155, 0.00571431685239, 0.00169650558382, 0.000359164958354, 6.90673259669e-05, 3.98870542995e-05], "min": [1.94196057459e-21, 8.62843002167e-21, 7.50146913849e-21, 5.18192561548e-20, 5.60562206551e-20, 1.46291647619e-19, 9.25705190585e-20, 2.79109918926e-19, 7.78404718662e-19, 1.0222166695e-18, 4.16008196566e-18, 2.07490584559e-18, 1.04762486618e-18, 3.66511942099e-18, 3.54865114997e-18, 5.91443030167e-18, 5.7563354071e-18, 4.40123737426e-18, 8.2947785855e-18, 7.18009149872e-18, 9.2394246353e-18, 1.29828569672e-17, 1.5982560457e-17, 1.3711031505e-17, 1.47007200207e-17, 1.76855681739e-17, 1.15252017733e-17, 2.06123052347e-17, 1.69451621163e-17, 1.59994944985e-17, 1.87154262345e-17, 2.28281467334e-17, 1.4755363572e-17, 1.51212586442e-17, 8.91452794303e-18, 4.51707905597e-18, 3.92357489851e-18, 1.66538754267e-18, 3.88244199838e-19, 3.43939016825e-20], "var": [2.1354496479, 47.8702964783, 111.399360657, 269.948913574, 430.382263184, 299.664215088, 916.67578125, 5761.15234375, 1021.23962402, 19215.4941406, 8476.1796875, 1619.93994141, 752.88482666, 1850.84753418, 592.109375, 1718.74511719, 141.763748169, 136.163879395, 429.289001465, 67.7550048828, 42.745513916, 23.1440067291, 55.6695747375, 26.0133094788, 24.347120285, 12.2593259811, 7.21228742599, 4.34083175659, 9.73870849609, 3.17809891701, 2.17116641998, 2.66620445251, 1.96685552597, 1.79871714115, 0.392327338457, 0.0696615204215, 0.00890303310007, 0.000872072007041, 3.25181608787e-05, 8.25586141673e-08]}, "gfcc": {"mean": [-54.7854270935, 137.583496094, -104.666763306, 14.2840108871, -42.6698951721, -0.55722540617, -32.2775382996, 2.02199554443, -17.518825531, 0.274280667305, -5.7296090126, -2.23124217987, -9.57175922394], "cov": [[17198.75, 319.77734375, 1386.51037598, 683.793395996, -878.865600586, 847.918273926, -253.61378479, 583.831726074, -284.72354126, 316.901641846, -329.706573486, -93.5987243652, -518.437683105], [319.77734375, 2027.63391113, -671.620605469, -200.882629395, 183.077911377, -293.312255859, 134.168395996, -154.680541992, 98.5375442505, -151.346374512, 198.352279663, -69.8084564209, 65.378326416], [1386.51037598, -671.620605469, 1205.70690918, 302.91897583, 77.1595001221, 346.151641846, 9.98055553436, 247.386795044, -26.0610771179, 133.90776062, -111.117973328, 18.2507247925, -117.046203613], [683.793395996, -200.882629395, 302.91897583, 476.84664917, 11.7594614029, 131.298049927, 116.931533813, 63.1055717468, 42.5283203125, 36.7058258057, -27.5480670929, -12.5579004288, -21.4405288696], [-878.865600586, 183.077911377, 77.1595001221, 11.7594614029, 318.900146484, 18.3105373383, 101.659240723, 0.624615073204, 45.634147644, -1.56994771957, 45.9107437134, 12.8273820877, 30.4418621063], [847.918273926, -293.312255859, 346.151641846, 131.298049927, 18.3105373383, 275.912078857, 18.163766861, 104.205596924, -12.6521759033, 53.942653656, -48.8330421448, 13.4031133652, -17.4870529175], [-253.61378479, 134.168395996, 9.98055553436, 116.931533813, 101.659240723, 18.163766861, 194.355438232, 41.8374671936, 84.6912994385, 8.64336109161, 37.1663703918, -13.74426651, 1.60705602169], [583.831726074, -154.680541992, 247.386795044, 63.1055717468, 0.624615073204, 104.205596924, 41.8374671936, 172.708221436, 24.5521316528, 54.6730957031, -32.7845153809, -14.1751060486, -57.6652374268], [-284.72354126, 98.5375442505, -26.0610771179, 42.5283203125, 45.634147644, -12.6521759033, 84.6912994385, 24.5521316528, 119.573188782, 29.533498764, 42.3848762512, -9.7850227356, -5.62412643433], [316.901641846, -151.346374512, 133.90776062, 36.7058258057, -1.56994771957, 53.942653656, 8.64336109161, 54.6730957031, 29.533498764, 98.5566329956, 8.09554100037, 12.3028373718, -36.230430603], [-329.706573486, 198.352279663, -111.117973328, -27.5480670929, 45.9107437134, -48.8330421448, 37.1663703918, -32.7845153809, 42.3848762512, 8.09554100037, 111.556854248, 28.6239147186, 20.8085441589], [-93.5987243652, -69.8084564209, 18.2507247925, -12.5579004288, 12.8273820877, 13.4031133652, -13.74426651, -14.1751060486, -9.7850227356, 12.3028373718, 28.6239147186, 77.783531189, 36.1495666504], [-518.437683105, 65.378326416, -117.046203613, -21.4405288696, 30.4418621063, -17.4870529175, 1.60705602169, -57.6652374268, -5.62412643433, -36.230430603, 20.8085441589, 36.1495666504, 117.758132935]], "icov": [[0.000161209187354, -0.000293544231681, -2.78567076748e-05, -0.000207282355404, 0.00047605871805, -0.000433656474343, 0.000128565327032, -0.000197325774934, 0.000417469505919, -0.000461814925075, 0.000303829903714, -0.000303587759845, 0.000438790069893], [-0.000293544231681, 0.00142607919406, 0.00022200429521, 0.000530102988705, -0.0011943760328, 0.000998741481453, -0.000433145294664, 0.000295038335025, -0.000872685282957, 0.00187461019959, -0.00197222572751, 0.00164454837795, -0.000780716422014], [-2.78567076748e-05, 0.00022200429521, 0.00208576605655, -0.000848533876706, -0.00111180113163, -0.000987178063951, 0.000875373196322, -0.0015006181784, 0.000418070529122, -0.000479353853734, 0.000564822286833, -0.000811339647043, 0.00108854018617], [-0.000207282355404, 0.000530102988705, -0.000848533876706, 0.00371249183081, 0.00028830426163, -0.000211257327464, -0.00280291005038, 0.00158161588479, -0.000996110611595, 0.000620297738351, -6.33947856841e-05, 0.000985542894341, -0.000815558189061], [0.00047605871805, -0.0011943760328, -0.00111180113163, 0.00028830426163, 0.00606457516551, -0.00154364400078, -0.00229357951321, 0.000531291821972, 0.000956922653131, -0.00122450955678, 0.000213802690268, -0.00107403018046, 0.000161761738127], [-0.000433656474343, 0.000998741481453, -0.000987178063951, -0.000211257327464, -0.00154364400078, 0.0080317594111, -0.000722397235222, -0.00165390782058, 0.000178170099389, -0.000279690953903, 0.000218266155571, 0.000355515250703, -0.00291689811274], [0.000128565327032, -0.000433145294664, 0.000875373196322, -0.00280291005038, -0.00229357951321, -0.000722397235222, 0.0115080429241, -0.00337895215489, -0.00459684990346, 0.00144528539386, -0.00142625870649, 0.000698631862178, 0.000102871134004], [-0.000197325774934, 0.000295038335025, -0.0015006181784, 0.00158161588479, 0.000531291821972, -0.00165390782058, -0.00337895215489, 0.0121114160866, -0.00212884647772, -0.00180060369894, 0.00187231472228, 0.000779341731686, 0.00213215523399], [0.000417469505919, -0.000872685282957, 0.000418070529122, -0.000996110611595, 0.000956922653131, 0.000178170099389, -0.00459684990346, -0.00212884647772, 0.0166630316526, -0.0064134914428, -0.00289635872468, 0.0022477786988, 3.34598979634e-07], [-0.000461814925075, 0.00187461019959, -0.000479353853734, 0.000620297738351, -0.00122450955678, -0.000279690953903, 0.00144528539386, -0.00180060369894, -0.0064134914428, 0.0196776166558, -0.00468179397285, -0.00215401686728, 0.00317250844091], [0.000303829903714, -0.00197222572751, 0.000564822286833, -6.33947856841e-05, 0.000213802690268, 0.000218266155571, -0.00142625870649, 0.00187231472228, -0.00289635872468, -0.00468179397285, 0.0182943232358, -0.00870305951685, 0.00175611930899], [-0.000303587759845, 0.00164454837795, -0.000811339647043, 0.000985542894341, -0.00107403018046, 0.000355515250703, 0.000698631862178, 0.000779341731686, 0.0022477786988, -0.00215401686728, -0.00870305951685, 0.0222522169352, -0.00802255794406], [0.000438790069893, -0.000780716422014, 0.00108854018617, -0.000815558189061, 0.000161761738127, -0.00291689811274, 0.000102871134004, 0.00213215523399, 3.34598979634e-07, 0.00317250844091, 0.00175611930899, -0.00802255794406, 0.0154869752005]]}, "melbands": {"dmean": [0.00384735618718, 0.00252907094546, 0.00128423725255, 0.000670332869049, 0.000367654924048, 0.000431025837315, 0.00019273190992, 0.000262203044258, 0.000141417694977, 4.99993620906e-05, 3.06450965581e-05, 3.3947340853e-05, 2.77582348645e-05, 3.1749066693e-05, 1.89742750081e-05, 1.02797730506e-05, 1.06257812149e-05, 8.99802580534e-06, 6.64489380142e-06, 4.93363131682e-06, 3.21766947309e-06, 2.12767895391e-06, 2.04021853278e-06, 2.36381288232e-06, 1.76484707026e-06, 1.22395783819e-06, 1.49934896854e-06, 6.18738056346e-07, 6.25422330813e-07, 4.62278336499e-07, 3.39633089652e-07, 5.15275758062e-07, 3.64112651141e-07, 2.91854718171e-07, 2.87490991013e-07, 1.96049356305e-07, 3.16864458227e-07, 2.82563917153e-07, 2.68564150474e-07, 3.17719354825e-07], "dmean2": [0.00599521631375, 0.0044381855987, 0.00225195311941, 0.00116053817328, 0.000617279554717, 0.000712317647412, 0.000322364125168, 0.000368189736037, 0.000204203563044, 7.95851228759e-05, 4.93500992889e-05, 5.25531540916e-05, 4.47606398666e-05, 4.85059572384e-05, 2.95956451737e-05, 1.70798321051e-05, 1.79996859515e-05, 1.45335488924e-05, 1.06669358502e-05, 8.00604539108e-06, 5.41954204891e-06, 3.51842732016e-06, 3.35948288921e-06, 3.74758405997e-06, 2.82489168058e-06, 1.97424560611e-06, 2.29159832088e-06, 1.03682305053e-06, 1.04939977064e-06, 7.62327374559e-07, 5.13923453127e-07, 7.54962002247e-07, 5.36446464139e-07, 4.45344738864e-07, 4.31901270304e-07, 2.77893093426e-07, 4.3194012278e-07, 3.93117630892e-07, 3.96107367351e-07, 4.60684020709e-07], "dvar": [0.000121499528177, 5.5377746321e-05, 8.79318304214e-06, 1.60041781783e-06, 8.29573878036e-07, 1.94285689759e-06, 1.36415607699e-07, 3.09254033937e-07, 1.57283508884e-07, 1.25003216667e-08, 9.75201075448e-09, 1.14217257874e-08, 2.93770097137e-09, 3.97668387109e-09, 1.23321064471e-09, 3.60225710372e-10, 5.05169961418e-10, 3.49692524937e-10, 2.0010790247e-10, 8.83361925275e-11, 3.04003905383e-11, 1.56741737645e-11, 1.14998227954e-11, 2.3062107779e-11, 8.96760964098e-12, 6.25033748716e-12, 1.03078639374e-11, 1.40136188244e-12, 2.57847389273e-12, 1.20286289609e-12, 7.18337390439e-13, 2.0394907551e-12, 1.00749259196e-12, 7.97591322415e-13, 6.29044505287e-13, 2.81915278882e-13, 9.13484023667e-13, 7.53738976615e-13, 6.58144545806e-13, 1.02638839268e-12], "dvar2": [0.000288459850708, 0.000154210923938, 2.43910671998e-05, 4.59973080069e-06, 2.31808530771e-06, 5.21141146237e-06, 3.84899010442e-07, 5.20427363426e-07, 2.85786853738e-07, 2.55783554337e-08, 2.5280352034e-08, 2.51674450169e-08, 7.42267403098e-09, 8.46506598151e-09, 2.67243915886e-09, 9.3201812934e-10, 1.4320390429e-09, 7.88736465029e-10, 4.71551631076e-10, 2.24899016077e-10, 8.28591154023e-11, 3.9259335366e-11, 2.97732706545e-11, 5.30260835241e-11, 2.29192134021e-11, 1.63951751481e-11, 2.22724061416e-11, 3.79919359861e-12, 7.07190946428e-12, 3.08569814665e-12, 1.37795655962e-12, 4.19967012555e-12, 2.14539432226e-12, 1.87599068224e-12, 1.34523143493e-12, 5.84421454373e-13, 1.78648231191e-12, 1.49086700017e-12, 1.29892158227e-12, 2.08088147408e-12], "max": [0.116051971912, 0.0855503827333, 0.0373179987073, 0.0177270211279, 0.0118989069015, 0.0233122613281, 0.00507351011038, 0.0124226817861, 0.00703271431848, 0.00434064539149, 0.00307152350433, 0.00481129996479, 0.00128373980988, 0.00125552341342, 0.000682694488205, 0.000450471241493, 0.000835691927932, 0.000418743438786, 0.000214037805563, 0.000141831565998, 7.76364686317e-05, 6.99758675182e-05, 8.07519172668e-05, 9.5158793556e-05, 4.32201013609e-05, 3.38775535056e-05, 6.22631268925e-05, 1.87769783224e-05, 2.11323094845e-05, 2.32073525694e-05, 1.06815441541e-05, 1.68621209014e-05, 1.28476413011e-05, 1.0087431292e-05, 7.60431521485e-06, 6.46061835141e-06, 9.12746327231e-06, 9.84771213552e-06, 7.06950640961e-06, 8.94535332918e-06], "mean": [0.00439735641703, 0.00330327567644, 0.00173264031764, 0.00104110583197, 0.000668119522743, 0.00073421705747, 0.000385737686884, 0.000910128990654, 0.000335649878252, 9.59792450885e-05, 5.65040645597e-05, 7.20595999155e-05, 4.94929736305e-05, 6.36392578599e-05, 3.69531335309e-05, 1.84381224244e-05, 1.82886087714e-05, 1.89247639355e-05, 1.21245775517e-05, 1.00931483757e-05, 6.36210006633e-06, 4.13629732066e-06, 4.249104677e-06, 4.71840212413e-06, 3.16122486765e-06, 2.09450058719e-06, 2.6093428005e-06, 1.07556047624e-06, 9.37712002269e-07, 8.14420275219e-07, 5.87122883644e-07, 7.787439813e-07, 5.48334355699e-07, 4.01670149586e-07, 3.90316756693e-07, 2.70335618779e-07, 4.05892592426e-07, 3.51278600874e-07, 3.20287455224e-07, 3.63996861097e-07], "median": [0.00107375881635, 0.00150514650159, 0.000884792825673, 0.000617022858933, 0.000385217688745, 0.000297612335999, 0.000253618229181, 0.00019304601301, 7.84682342783e-05, 3.99510063289e-05, 2.77136678051e-05, 2.92867043754e-05, 2.45368846663e-05, 3.54844050889e-05, 2.08797318919e-05, 1.01338255263e-05, 1.20032018458e-05, 9.10677135835e-06, 6.10657207289e-06, 4.80258631796e-06, 4.22114499088e-06, 2.23798065235e-06, 2.39710743699e-06, 1.92288030121e-06, 1.63717982105e-06, 9.69220877778e-07, 7.90836281794e-07, 3.85288274174e-07, 3.18032562063e-07, 1.9211330482e-07, 1.13324759354e-07, 9.72592317794e-08, 8.64064304551e-08, 6.60198011815e-08, 6.47751932092e-08, 4.34827605034e-08, 3.74989106433e-08, 3.10344319132e-08, 2.68276814097e-08, 2.31914079052e-08], "min": [1.53971512312e-23, 6.53764885885e-24, 8.14236193959e-24, 8.05782918271e-24, 3.55018567355e-24, 7.19709437155e-24, 1.18011335279e-23, 1.16837084267e-23, 3.58977402699e-23, 1.07548964971e-23, 4.59205162602e-24, 1.46071764544e-23, 9.37791848784e-24, 1.65651323766e-23, 2.14948709014e-23, 7.59119981347e-24, 8.07896907725e-24, 1.16647710318e-23, 1.62960030124e-23, 3.60886745857e-24, 1.34849271534e-23, 1.29871267343e-23, 1.15985051381e-23, 1.60091021898e-23, 1.02448214024e-23, 1.22173207643e-23, 1.1003718215e-23, 1.16482467624e-23, 6.70020114255e-24, 7.61825300936e-24, 1.33484163514e-23, 9.27808419598e-24, 9.53603066793e-24, 9.46039310662e-24, 1.10075560233e-23, 1.14097607001e-23, 1.43252391445e-23, 1.04636971715e-23, 9.97349506065e-24, 1.34306645671e-23], "var": [0.000126861981698, 4.23794444941e-05, 7.81913149694e-06, 1.84055159025e-06, 9.30264491217e-07, 2.52364225162e-06, 2.11157811236e-07, 2.98362738249e-06, 4.30165158605e-07, 4.80838373562e-08, 1.8595422091e-08, 3.58865790417e-08, 4.80999506891e-09, 9.1750393949e-09, 2.7635691513e-09, 6.87013612666e-10, 6.21070028739e-10, 9.85406645171e-10, 4.01744693068e-10, 2.01486605178e-10, 5.16508641413e-11, 3.65144997572e-11, 2.76812271022e-11, 6.28186738738e-11, 1.72937966031e-11, 1.00435128964e-11, 2.52482010993e-11, 3.11708688375e-12, 2.92924191847e-12, 2.87926713721e-12, 1.46282833936e-12, 3.53627392126e-12, 1.65712224758e-12, 1.00645197471e-12, 8.87411888764e-13, 4.19143832055e-13, 1.35650995645e-12, 1.13625298406e-12, 9.3471064222e-13, 1.39812445475e-12]}, "mfcc": {"mean": [-700.569763184, 170.803695679, 0.870489776134, 21.0217113495, 7.95916128159, -0.219600632787, -0.173361584544, -0.581842601299, -6.03895568848, 0.235028088093, 1.11054491997, 1.76886928082, 3.47285628319], "cov": [[10581.4033203, 1053.8380127, 979.201416016, 397.601989746, 83.2576599121, 295.520965576, 156.460098267, 107.716079712, 99.1167831421, 167.127304077, 189.326019287, 96.7729644775, 69.9385375977], [1053.8380127, 2063.21850586, -462.42401123, -41.2106704712, 61.774646759, -142.026824951, 2.13851523399, -34.9740104675, -137.136062622, -72.4338531494, -42.4210014343, 40.2504577637, 69.132850647], [979.201416016, -462.42401123, 778.425598145, 194.07925415, 140.436309814, 145.608917236, 97.1146316528, 108.09299469, 117.981620789, 99.4919128418, 102.995246887, 26.5049343109, -4.43643569946], [397.601989746, -41.2106704712, 194.07925415, 329.257629395, 32.6433410645, 79.8349227905, 59.6168060303, 57.6261329651, 46.1850585938, 66.1542434692, 46.4705657959, 29.7352256775, 10.8702125549], [83.2576599121, 61.774646759, 140.436309814, 32.6433410645, 186.578948975, 60.7891235352, 62.8566474915, 34.0031700134, 22.7244548798, 14.3425140381, 27.4070968628, 2.56358146667, -3.13450050354], [295.520965576, -142.026824951, 145.608917236, 79.8349227905, 60.7891235352, 170.279602051, 61.6972961426, 41.1550331116, 51.5640563965, 27.7472705841, 17.3591461182, 8.52947807312, -3.36782383919], [156.460098267, 2.13851523399, 97.1146316528, 59.6168060303, 62.8566474915, 61.6972961426, 119.897346497, 63.3543624878, 39.7605857849, 28.7633857727, 25.5158576965, 22.0840950012, 8.199883461], [107.716079712, -34.9740104675, 108.09299469, 57.6261329651, 34.0031700134, 41.1550331116, 63.3543624878, 102.126533508, 53.3838272095, 42.6886787415, 29.9181137085, 19.8073158264, 7.87673044205], [99.1167831421, -137.136062622, 117.981620789, 46.1850585938, 22.7244548798, 51.5640563965, 39.7605857849, 53.3838272095, 111.002441406, 64.7833862305, 32.8411254883, 5.35710191727, -10.2277479172], [167.127304077, -72.4338531494, 99.4919128418, 66.1542434692, 14.3425140381, 27.7472705841, 28.7633857727, 42.6886787415, 64.7833862305, 116.135635376, 57.0234489441, 13.0501308441, 3.41710400581], [189.326019287, -42.4210014343, 102.995246887, 46.4705657959, 27.4070968628, 17.3591461182, 25.5158576965, 29.9181137085, 32.8411254883, 57.0234489441, 109.668800354, 49.5235099792, 19.305267334], [96.7729644775, 40.2504577637, 26.5049343109, 29.7352256775, 2.56358146667, 8.52947807312, 22.0840950012, 19.8073158264, 5.35710191727, 13.0501308441, 49.5235099792, 108.657798767, 60.9596443176], [69.9385375977, 69.132850647, -4.43643569946, 10.8702125549, -3.13450050354, -3.36782383919, 8.199883461, 7.87673044205, -10.2277479172, 3.41710400581, 19.305267334, 60.9596443176, 87.6364517212]], "icov": [[0.000142947013956, -0.000162958298461, -0.000282106339, 7.23243692846e-06, 0.000288588373223, -0.000265620474238, -3.63163380825e-05, 0.00015007526963, 3.55855263479e-05, -5.7292454585e-05, -0.000116914692626, 6.61392332404e-05, -2.45470182563e-05], [-0.000162958298461, 0.000866003159899, 0.000781740993261, -0.000223845228902, -0.000992754008621, 0.000782217190135, -0.000158242779435, -0.00036813216866, 0.000464065204142, -7.3355636232e-06, 0.000252613652265, -0.000215747379116, -0.000294448953355], [-0.000282106339, 0.000781740993261, 0.00294301682152, -0.000811150879599, -0.00194449978881, 0.000122040364658, 0.000288436480332, -0.0011795113096, -0.000626665598247, 0.000157668691827, -0.000834092614241, 0.000104382896097, -9.59347598837e-05], [7.23243692846e-06, -0.000223845228902, -0.000811150879599, 0.00419579213485, 0.000725051562767, -0.00130903313402, -0.000635950651485, -0.000555608596187, 0.000797005544882, -0.00167383998632, 4.73919171782e-05, -0.000539616507012, 0.000217578635784], [0.000288588373223, -0.000992754008621, -0.00194449978881, 0.000725051562767, 0.00870782602578, -0.00228130538017, -0.00309084821492, 0.000658258330077, 0.000432346627349, 0.000700577744283, -0.00183865521103, 0.00147884397302, 0.000217781358515], [-0.000265620474238, 0.000782217190135, 0.000122040364658, -0.00130903313402, -0.00228130538017, 0.00969476252794, -0.00263151037507, 0.000306093890686, -0.00244314596057, 0.000785401847679, 0.00133494008332, -0.000567958632018, 5.8390734921e-05], [-3.63163380825e-05, -0.000158242779435, 0.000288436480332, -0.000635950651485, -0.00309084821492, -0.00263151037507, 0.0155715811998, -0.0070694135502, -0.000639169302303, 0.00022070488194, 0.000275195285212, -0.00164132332429, 0.000211904422031], [0.00015007526963, -0.00036813216866, -0.0011795113096, -0.000555608596187, 0.000658258330077, 0.000306093890686, -0.0070694135502, 0.0184947121888, -0.00493415165693, -0.00147679971997, 1.01195955722e-05, -0.000627895176876, -0.000869416107889], [3.55855263479e-05, 0.000464065204142, -0.000626665598247, 0.000797005544882, 0.000432346627349, -0.00244314596057, -0.000639169302303, -0.00493415165693, 0.0180418938398, -0.00748486630619, 0.000523124530446, -0.000838121573906, 0.00276500824839], [-5.7292454585e-05, -7.3355636232e-06, 0.000157668691827, -0.00167383998632, 0.000700577744283, 0.000785401847679, 0.00022070488194, -0.00147679971997, -0.00748486630619, 0.0170380901545, -0.00700494972989, 0.00309671112336, -0.00171440083068], [-0.000116914692626, 0.000252613652265, -0.000834092614241, 4.73919171782e-05, -0.00183865521103, 0.00133494008332, 0.000275195285212, 1.01195955722e-05, 0.000523124530446, -0.00700494972989, 0.017113648355, -0.00797953642905, 0.00191959924996], [6.61392332404e-05, -0.000215747379116, 0.000104382896097, -0.000539616507012, 0.00147884397302, -0.000567958632018, -0.00164132332429, -0.000627895176876, -0.000838121573906, 0.00309671112336, -0.00797953642905, 0.0196887105703, -0.0117254648358], [-2.45470182563e-05, -0.000294448953355, -9.59347598837e-05, 0.000217578635784, 0.000217781358515, 5.8390734921e-05, 0.000211904422031, -0.000869416107889, 0.00276500824839, -0.00171440083068, 0.00191959924996, -0.0117254648358, 0.019822023809]]}, "spectral_contrast_coeffs": {"dmean": [0.0515715181828, 0.0422789603472, 0.0346560291946, 0.0293146632612, 0.0226525701582, 0.0198558922857], "dmean2": [0.0854271501303, 0.0687581524253, 0.0563063323498, 0.0482511147857, 0.03551832214, 0.0308085866272], "dvar": [0.00220504496247, 0.00124062004033, 0.000852423545439, 0.000675923773088, 0.000459562579636, 0.000394599250285], "dvar2": [0.00588436704129, 0.00315397977829, 0.00219522276893, 0.00170759484172, 0.000958954042289, 0.000863098539412], "max": [-0.336258947849, -0.396889209747, -0.533071935177, -0.573784649372, -0.607955574989, -0.619483113289], "mean": [-0.649244010448, -0.692690491676, -0.754814684391, -0.772435605526, -0.779888033867, -0.780444681644], "median": [-0.649639308453, -0.694465100765, -0.758188247681, -0.771668016911, -0.782135665417, -0.785106658936], "min": [-0.961033463478, -0.984326004982, -0.967973649502, -0.954935312271, -0.966744840145, -0.962799906731], "var": [0.00746515765786, 0.00711384229362, 0.00397545751184, 0.00236506504007, 0.00203085341491, 0.00198464444838]}, "spectral_contrast_valleys": {"dmean": [0.410176753998, 0.367078989744, 0.332368582487, 0.317305654287, 0.314888954163, 0.444160193205], "dmean2": [0.663146495819, 0.598075449467, 0.535664975643, 0.505160450935, 0.472441375256, 0.578542590141], "dvar": [0.221725180745, 0.186706200242, 0.161596238613, 0.185587480664, 0.207883268595, 0.313465148211], "dvar2": [0.4284055233, 0.367964029312, 0.298859