{"lowlevel": {"average_loudness": 0.962011516094, "barkbands_crest": {"dmean": 2.66475009918, "dmean2": 4.38582897186, "dvar": 5.71346616745, "dvar2": 14.4374818802, "max": 25.8529644012, "mean": 9.87152767181, "median": 9.04225826263, "min": 2.5660507679, "var": 14.2144498825}, "barkbands_flatness_db": {"dmean": 0.0205311831087, "dmean2": 0.0312579795718, "dvar": 0.000334874988766, "dvar2": 0.000759036978707, "max": 0.450551956892, "mean": 0.13385361433, "median": 0.125116497278, "min": 0.0108961779624, "var": 0.00247373874299}, "barkbands_kurtosis": {"dmean": 3.80780029297, "dmean2": 6.10467720032, "dvar": 59.4494018555, "dvar2": 169.074417114, "max": 273.20904541, "mean": 8.61209774017, "median": 5.72811412811, "min": -1.93957936764, "var": 242.246810913}, "barkbands_skewness": {"dmean": 0.533761978149, "dmean2": 0.818206429482, "dvar": 0.290091216564, "dvar2": 0.687417149544, "max": 12.6056375504, "mean": 2.21241664886, "median": 2.19768714905, "min": -7.86266040802, "var": 1.57809221745}, "barkbands_spread": {"dmean": 5.55544614792, "dmean2": 8.34301376343, "dvar": 60.9792976379, "dvar2": 124.396728516, "max": 109.853424072, "mean": 20.0116844177, "median": 15.9368610382, "min": 0.414527803659, "var": 256.768493652}, "dissonance": {"dmean": 0.0196537338197, "dmean2": 0.0320449732244, "dvar": 0.000341324863257, "dvar2": 0.000887227884959, "max": 0.499997586012, "mean": 0.456146895885, "median": 0.461463153362, "min": 0.135159954429, "var": 0.000757083471399}, "dynamic_complexity": 3.78501200676, "erbbands_crest": {"dmean": 2.30786800385, "dmean2": 3.72101092339, "dvar": 4.96047353745, "dvar2": 11.6080522537, "max": 28.4227428436, "mean": 7.91980361938, "median": 7.05159854889, "min": 2.28606343269, "var": 12.8075141907}, "erbbands_flatness_db": {"dmean": 0.0153743159026, "dmean2": 0.0222672261298, "dvar": 0.000216245622141, "dvar2": 0.000453680899227, "max": 0.360443592072, "mean": 0.130092665553, "median": 0.125719815493, "min": 0.0420651100576, "var": 0.00109270075336}, "erbbands_kurtosis": {"dmean": 0.960103392601, "dmean2": 1.48819506168, "dvar": 2.0556409359, "dvar2": 4.5389084816, "max": 41.2713508606, "mean": 0.418002963066, "median": -0.208873510361, "min": -1.79815816879, "var": 5.38514757156}, "erbbands_skewness": {"dmean": 0.370182394981, "dmean2": 0.544577240944, "dvar": 0.130417987704, "dvar2": 0.265767931938, "max": 4.59504652023, "mean": 0.595127642155, "median": 0.624705195427, "min": -4.46794605255, "var": 0.579963445663}, "erbbands_spread": {"dmean": 9.71293449402, "dmean2": 14.2807722092, "dvar": 100.96333313, "dvar2": 214.371414185, "max": 154.122055054, "mean": 50.5258255005, "median": 48.6460800171, "min": 3.15273308754, "var": 445.396942139}, "hfc": {"dmean": 8.47750663757, "dmean2": 11.7735290527, "dvar": 371.730651855, "dvar2": 809.227722168, "max": 392.422302246, "mean": 20.9964237213, "median": 13.478219986, "min": 1.08937046313e-16, "var": 829.10144043}, "melbands_crest": {"dmean": 3.15315699577, "dmean2": 5.22540712357, "dvar": 7.79340076447, "dvar2": 19.9348373413, "max": 30.5354824066, "mean": 12.9621286392, "median": 12.0614805222, "min": 1.61863815784, "var": 19.3599014282}, "melbands_flatness_db": {"dmean": 0.0249156858772, "dmean2": 0.0371676385403, "dvar": 0.000498899549711, "dvar2": 0.00107903918251, "max": 0.577387273312, "mean": 0.215566754341, "median": 0.208691373467, "min": 0.00407067546621, "var": 0.00423192186281}, "melbands_kurtosis": {"dmean": 8.66566181183, "dmean2": 13.6940517426, "dvar": 121.316688538, "dvar2": 319.327880859, "max": 299.003997803, "mean": 21.9945850372, "median": 18.0514717102, "min": -1.90031313896, "var": 368.132263184}, "melbands_skewness": {"dmean": 0.759067773819, "dmean2": 1.16791641712, "dvar": 0.505652606487, "dvar2": 1.17889869213, "max": 13.5340833664, "mean": 3.45951366425, "median": 3.43891119957, "min": -3.30393695831, "var": 2.05568861961}, "melbands_spread": {"dmean": 6.03577613831, "dmean2": 9.20226669312, "dvar": 183.89855957, "dvar2": 389.502441406, "max": 229.707687378, "mean": 17.5590877533, "median": 12.4353618622, "min": 0.463018834591, "var": 436.098480225}, "pitch_salience": {"dmean": 0.0747182667255, "dmean2": 0.124102190137, "dvar": 0.00442493753508, "dvar2": 0.0116844838485, "max": 0.959083378315, "mean": 0.619422614574, "median": 0.633820414543, "min": 0.109985254705, "var": 0.0116455825046}, "silence_rate_20dB": {"dmean": 0, "dmean2": 0, "dvar": 0, "dvar2": 0, "max": 1, "mean": 1, "median": 1, "min": 1, "var": 0}, "silence_rate_30dB": {"dmean": 0, "dmean2": 0, "dvar": 0, "dvar2": 0, "max": 1, "mean": 1, "median": 1, "min": 1, "var": 0}, "silence_rate_60dB": {"dmean": 0.0139896376058, "dmean2": 0.0279828999192, "dvar": 0.0137949865311, "dvar2": 0.0316032804549, "max": 1, "mean": 0.0799119248986, "median": 0, "min": 0, "var": 0.0735265091062}, "spectral_centroid": {"dmean": 235.357635498, "dmean2": 349.112792969, "dvar": 111672.890625, "dvar2": 215408.3125, "max": 11511.3789062, "mean": 1048.61352539, "median": 885.097595215, "min": 137.060501099, "var": 596069.875}, "spectral_complexity": {"dmean": 4.44637298584, "dmean2": 6.40834283829, "dvar": 33.1860656738, "dvar2": 58.1104049683, "max": 57, "mean": 16.7333240509, "median": 15, "min": 0, "var": 104.735626221}, "spectral_decrease": {"dmean": 2.77270695292e-09, "dmean2": 4.26103818896e-09, "dvar": 1.32850707127e-17, "dvar2": 3.09699432277e-17, "max": 8.96974065985e-29, "mean": -7.40645633712e-09, "median": -6.63119559263e-09, "min": -3.11512380335e-08, "var": 2.64985224736e-17}, "spectral_energy": {"dmean": 0.0109857339412, "dmean2": 0.0167992040515, "dvar": 0.000203879273613, "dvar2": 0.000472359504784, "max": 0.12052475661, "mean": 0.0298580694944, "median": 0.0268704462796, "min": 1.00536395989e-20, "var": 0.000419469201006}, "spectral_energyband_high": {"dmean": 0.00072623079177, "dmean2": 0.00102809560485, "dvar": 5.62086324862e-06, "dvar2": 1.24158596009e-05, "max": 0.045507080853, "mean": 0.00132161239162, "median": 0.000404105347116, "min": 7.12251782816e-21, "var": 1.11566496344e-05}, "spectral_energyband_low": {"dmean": 0.00563192600384, "dmean2": 0.00919283926487, "dvar": 8.99454171304e-05, "dvar2": 0.000232950318605, "max": 0.095357902348, "mean": 0.00940394774079, "median": 0.00664291391149, "min": 2.53063217847e-23, "var": 0.0001046344114}, "spectral_energyband_middle_high": {"dmean": 0.00142832053825, "dmean2": 0.00201928871684, "dvar": 6.47424349154e-06, "dvar2": 1.26118584376e-05, "max": 0.0531718656421, "mean": 0.00338964047842, "median": 0.00171704893, "min": 1.16102190283e-21, "var": 2.25196363317e-05}, "spectral_energyband_middle_low": {"dmean": 0.00691845687106, "dmean2": 0.0106897717342, "dvar": 0.000106470666651, "dvar2": 0.000249661883572, "max": 0.0987666621804, "mean": 0.0165973976254, "median": 0.0138413542882, "min": 1.9851877793e-22, "var": 0.000190183403902}, "spectral_entropy": {"dmean": 0.170943409204, "dmean2": 0.243209958076, "dvar": 0.0267517846078, "dvar2": 0.0520080775023, "max": 9.81472206116, "mean": 7.5364575386, "median": 7.55362224579, "min": 5.00346136093, "var": 0.206964746118}, "spectral_flux": {"dmean": 0.0272938963026, "dmean2": 0.0442486144602, "dvar": 0.00101373379584, "dvar2": 0.00225176243111, "max": 0.279034584761, "mean": 0.0854546055198, "median": 0.0780725702643, "min": 6.46709630292e-11, "var": 0.00245642149821}, "spectral_kurtosis": {"dmean": 1.09078192711, "dmean2": 1.70492744446, "dvar": 2.72236466408, "dvar2": 6.66645383835, "max": 70.9897994995, "mean": 3.72057962418, "median": 3.29639720917, "min": -1.31000554562, "var": 8.67082881927}, "spectral_rms": {"dmean": 0.00091710704146, "dmean2": 0.00136346032377, "dvar": 1.05493950286e-06, "dvar2": 2.30787236433e-06, "max": 0.0108436672017, "mean": 0.00499018421397, "median": 0.0051200655289, "min": 3.13184114059e-12, "var": 4.22790071752e-06}, "spectral_rolloff": {"dmean": 423.188049316, "dmean2": 688.617431641, "dvar": 1064531.375, "dvar2": 2082332.625, "max": 19186.0839844, "mean": 1151.22521973, "median": 516.796875, "min": 64.599609375, "var": 3753063.25}, "spectral_skewness": {"dmean": 0.198380917311, "dmean2": 0.288452506065, "dvar": 0.0445874109864, "dvar2": 0.0926668941975, "max": 6.75512123108, "mean": 1.54172730446, "median": 1.55107355118, "min": -0.42908769846, "var": 0.284041672945}, "spectral_spread": {"dmean": 653989.1875, "dmean2": 941869.625, "dvar": 794087522304, "dvar2": 1643527274500.0, "max": 42031136, "mean": 5557430, "median": 5227506.5, "min": 1253896.875, "var": 5720733384700.0}, "spectral_strongpeak": {"dmean": 0.430244505405, "dmean2": 0.732593297958, "dvar": 0.811704158783, "dvar2": 2.09603238106, "max": 26.0414867401, "mean": 0.661890983582, "median": 0.414742201567, "min": 0, "var": 0.875424981117}, "zerocrossingrate": {"dmean": 0.0119795883074, "dmean2": 0.0143133020028, "dvar": 0.000289434014121, "dvar2": 0.000386594678275, "max": 0.5234375, "mean": 0.0607216730714, "median": 0.0478515625, "min": 0.0029296875, "var": 0.00298927049153}, "barkbands": {"dmean": [0.000345879554516, 0.00400757184252, 0.00215776497498, 0.00150710251182, 0.00487356912345, 0.00131550640799, 0.00116268417332, 0.000590060662944, 0.00042914081132, 0.000308861141093, 0.000495764252264, 0.000376317038899, 0.000170485873241, 0.000176100147655, 0.000163351738593, 0.000126644881675, 0.00014109237236, 0.000158416834893, 0.000129870386445, 0.000122362980619, 0.000118751609989, 0.000141163254739, 0.000203127317945, 0.000158075446961, 0.000147296741488, 2.39897217398e-05, 3.1605525237e-06], "dmean2": [0.000536742270924, 0.00661505898461, 0.00362350721844, 0.00257834838703, 0.00782749708742, 0.00202641193755, 0.00183289858978, 0.000908189686015, 0.000634333177004, 0.00047663343139, 0.000760235765483, 0.000587777700275, 0.000268600269919, 0.00027888189652, 0.000259674474364, 0.000194843363715, 0.000219360386836, 0.000242983122007, 0.000199901784072, 0.000183118012501, 0.000181333671208, 0.000214720319491, 0.000311068200972, 0.000235962768784, 0.000220230227569, 3.52381066477e-05, 4.85097734781e-06], "dvar": [4.1630877945e-07, 4.78938600281e-05, 1.59338142112e-05, 3.82887674277e-06, 7.42489282857e-05, 3.22137429976e-06, 4.44198485638e-06, 2.17770480049e-06, 8.55765847518e-07, 7.63904552059e-07, 1.65218614256e-06, 2.0488496375e-06, 1.5449869295e-07, 1.05888027235e-07, 1.27012810935e-07, 6.32428793779e-08, 9.42785050029e-08, 1.13001156876e-07, 7.56850795369e-08, 6.09911410265e-08, 9.24360534782e-08, 2.49425056609e-07, 1.1647350675e-06, 7.20221351003e-07, 2.65132172217e-07, 8.02349564566e-09, 1.75818609671e-10], "dvar2": [1.06616494122e-06, 0.000125714301248, 4.39758259745e-05, 1.09572956717e-05, 0.000179176902748, 7.32469789e-06, 1.07829519038e-05, 4.98419740325e-06, 1.76880826075e-06, 1.80457016086e-06, 3.2767193261e-06, 4.32783463111e-06, 3.96580105644e-07, 2.55814512684e-07, 3.08672355231e-07, 1.40976936791e-07, 2.1634431846e-07, 2.44520009574e-07, 1.73950837734e-07, 1.31840891981e-07, 2.1976703124e-07, 6.39371535271e-07, 2.73918863058e-06, 1.57224235409e-06, 5.76190416268e-07, 1.83469506254e-08, 3.61529250981e-10], "max": [0.0187947992235, 0.0699607878923, 0.0436947308481, 0.025539483875, 0.0811294317245, 0.0376908071339, 0.0356659330428, 0.0566991567612, 0.0269209686667, 0.023975206539, 0.0323852151632, 0.0478006154299, 0.0130801275373, 0.00674184085801, 0.00713287107646, 0.00724115967751, 0.0062147253193, 0.0122289126739, 0.00946068204939, 0.0070093953982, 0.0072867795825, 0.0169582702219, 0.0284439008683, 0.0385655015707, 0.0110147930682, 0.00265530659817, 0.000877730257344], "mean": [0.000429399078712, 0.00537848565727, 0.00286549329758, 0.00274970568717, 0.00765318190679, 0.00255452794954, 0.00179005926475, 0.000891188974492, 0.000717699876986, 0.0004626957234, 0.000802127528004, 0.000518647080753, 0.000260463333689, 0.000267584604444, 0.000251146237133, 0.000190079881577, 0.00021589496464, 0.00024352609762, 0.000215775784454, 0.000187233978068, 0.000195228058146, 0.000225907875574, 0.000280611304333, 0.000238702763454, 0.00023160642013, 3.67197862943e-05, 4.42168811787e-06], "median": [0.00022097362671, 0.00301484274678, 0.00154242105782, 0.00210566283204, 0.00470514316112, 0.00167691044044, 0.00081488781143, 0.000399623968406, 0.0002868133015, 0.000156522088218, 0.000209637641092, 0.000129753898364, 0.000111345550977, 0.000108343512693, 0.000104717524664, 7.33008055249e-05, 8.29662822071e-05, 8.75138866832e-05, 0.000104529499367, 8.22460860945e-05, 7.26090220269e-05, 6.97544455761e-05, 2.95887766697e-05, 3.4551590943e-05, 7.27633741917e-05, 7.60768125474e-06, 9.78283424047e-07], "min": [1.15084274779e-24, 1.61586481293e-23, 4.60171438325e-24, 4.87331495279e-25, 1.26544262253e-23, 6.95923150939e-24, 1.98941443292e-23, 7.5343331974e-24, 2.4815285848e-23, 3.43628504512e-23, 3.4645780148e-23, 4.37778580233e-23, 6.20772379912e-23, 4.3539173957e-23, 7.91180093173e-23, 1.075284183e-22, 8.68585460222e-23, 1.3327643435e-22, 1.27109372228e-22, 1.4124832187e-22, 1.90708789911e-22, 3.32294542301e-22, 5.13970975821e-22, 6.18227691336e-22, 1.00888731309e-21, 1.41456235313e-21, 2.03325316261e-21], "var": [4.6701887868e-07, 5.21018919244e-05, 1.59369537869e-05, 7.1326348916e-06, 9.56286530709e-05, 8.30932367535e-06, 8.40367829369e-06, 3.59309819942e-06, 1.91284516404e-06, 1.2499776858e-06, 4.51077949037e-06, 3.25561154568e-06, 2.48401107683e-07, 2.12137720723e-07, 2.13649357761e-07, 1.19893854844e-07, 1.67099216242e-07, 2.3759238843e-07, 1.29888135803e-07, 9.68524247469e-08, 1.42368264733e-07, 3.46337429846e-07, 1.72736577042e-06, 1.24248128941e-06, 5.07926131377e-07, 1.42724472241e-08, 3.67649133359e-10]}, "erbbands": {"dmean": [0.077820584178, 1.04055249691, 2.42233920097, 3.27340984344, 14.1849870682, 15.8377065659, 9.4446516037, 12.3823308945, 14.3692436218, 17.2609348297, 10.1849851608, 10.5240459442, 10.5528640747, 10.4466896057, 19.4532623291, 15.0641946793, 7.9940404892, 8.17737674713, 7.98475408554, 7.71137571335, 6.31834077835, 7.48604106903, 8.02555465698, 7.75517940521, 6.16415023804, 5.9158782959, 4.90532064438, 4.93841552734, 5.43359470367, 4.45474672318, 6.23465538025, 3.52077436447, 2.85815167427, 2.04693508148, 0.761157631874, 0.169168278575, 0.034157987684, 0.00604987237602, 0.000568728370126, 3.37393757945e-05], "dmean2": [0.123392149806, 1.73908722401, 4.13655281067, 5.43144512177, 23.0334720612, 25.7788009644, 15.2041788101, 19.0406227112, 22.4435043335, 27.0476093292, 15.4078960419, 15.3764419556, 16.144367218, 15.9060754776, 29.5416164398, 23.0691223145, 12.3982057571, 12.9685096741, 12.7816810608, 11.8576602936, 9.61633968353, 11.5185270309, 12.3743486404, 11.8737850189, 9.44619560242, 8.9432516098, 7.49128055573, 7.59368658066, 8.20488262177, 6.69577121735, 9.49167442322, 5.24670028687, 4.27805423737, 3.05768465996, 1.1434994936, 0.252394974232, 0.0498861968517, 0.00901724770665, 0.000865353562403, 4.92890249006e-05], "dvar": [0.0170401278883, 3.35476446152, 23.6162719727, 14.9573354721, 804.943603516, 601.108337402, 219.08366394, 331.385192871, 565.638671875, 1341.16369629, 389.590484619, 535.30480957, 912.191101074, 735.885925293, 2935.43237305, 3644.85571289, 364.510101318, 217.690322876, 269.533721924, 238.957199097, 139.332504272, 258.143554688, 283.731445312, 273.126281738, 159.605651855, 140.411575317, 142.511535645, 240.802078247, 359.188537598, 354.917572021, 1265.07067871, 296.267272949, 218.49911499, 48.6850471497, 10.5431337357, 0.505483031273, 0.0120133385062, 0.000390869798139, 5.40075643585e-06, 8.26724821934e-09], "dvar2": [0.0433394834399, 8.93927001953, 65.5960845947, 40.1604423523, 1972.99108887, 1522.06213379, 548.101318359, 741.466369629, 1357.35180664, 3117.91601562, 906.308654785, 1087.62438965, 2100.44482422, 1627.22741699, 5635.40136719, 7432.6484375, 905.141723633, 525.744934082, 678.76965332, 552.429077148, 316.456298828, 564.423461914, 626.343811035, 630.26385498, 338.587158203, 304.872253418, 350.811431885, 575.869750977, 901.926208496, 883.394897461, 2995.67358398, 651.86920166, 482.44720459, 106.70639801, 23.5406761169, 1.19728374481, 0.0251723621041, 0.000740647898056, 1.10405389933e-05, 1.84746973275e-08], "max": [1.30229401588, 18.2405948639, 48.3601150513, 42.5440750122, 284.175048828, 318.780212402, 278.725616455, 457.935577393, 567.710327148, 928.30090332, 530.352844238, 856.707214355, 765.735595703, 734.578125, 1549.97521973, 2251.65576172, 678.512756348, 369.821411133, 354.783477783, 346.333862305, 227.287475586, 337.137756348, 560.131164551, 500.171722412, 488.935394287, 276.076202393, 371.159454346, 546.591308594, 678.95916748, 499.595153809, 1129.18554688, 542.313537598, 603.237731934, 159.351272583, 103.378265381, 20.9101543427, 3.18397331238, 1.0763437748, 0.1582724154, 0.00469646323472], "mean": [0.115608073771, 1.35382437706, 3.18856072426, 6.47238016129, 21.3101234436, 24.3885040283, 17.2772674561, 23.8102092743, 23.8701972961, 26.9142150879, 16.2767028809, 18.3393383026, 17.1361064911, 18.4103164673, 32.1104240417, 22.5687084198, 12.9536066055, 13.6640291214, 12.8726148605, 12.2703075409, 10.4537277222, 11.7545909882, 12.580078125, 12.9803628922, 9.89078330994, 9.0783700943, 8.09552955627, 7.93049383163, 8.63328075409, 6.43653488159, 8.66018390656, 5.24936819077, 4.32810735703, 3.19608545303, 1.17334210873, 0.251031965017, 0.0538579449058, 0.00938312150538, 0.000816456449684, 7.05582642695e-05], "median": [0.065575286746, 0.749063193798, 1.89296555519, 5.59660720825, 12.1830873489, 15.8851461411, 11.8348798752, 14.4123191833, 12.934545517, 11.6100711823, 8.78033065796, 7.58575057983, 5.74287700653, 5.97592782974, 8.00051307678, 6.28019094467, 5.48640727997, 6.53297996521, 5.76141262054, 4.66811943054, 4.41526031494, 4.51629209518, 4.68281793594, 5.78852319717, 4.87322330475, 3.9345638752, 3.22116422653, 2.77047681808, 2.68017482758, 1.1823990345, 0.840006351471, 0.674003660679, 0.864267766476, 0.984192252159, 0.27968069911, 0.0454281754792, 0.0124687636271, 0.00294712441973, 0.000206117809284, 4.46520461992e-05], "min": [4.92166506991e-22, 1.92998705445e-21, 6.50582035027e-21, 5.85188076167e-21, 1.81997861649e-20, 4.9104071337e-20, 2.88021348922e-20, 7.52171228372e-20, 2.13622508044e-19, 3.58858143288e-19, 3.68823601718e-19, 4.84755187615e-19, 6.22304673532e-19, 9.71628267791e-19, 1.77000334949e-18, 1.99410746374e-18, 2.86603110281e-18, 2.41566806881e-18, 3.14558051313e-18, 4.80843564236e-18, 5.75823916328e-18, 5.07094099616e-18, 7.82080492169e-18, 6.91520427834e-18, 9.4491868853e-18, 7.27185064407e-18, 8.87918996008e-18, 7.96620921131e-18, 1.21115578495e-17, 1.34387608705e-17, 1.33385131977e-17, 1.10761775311e-17, 1.15202717768e-17, 8.9833874203e-18, 7.31674752618e-18, 4.62306322631e-18, 2.79985913534e-18, 1.12038429325e-18, 2.41141010491e-19, 2.97008472407e-20], "var": [0.0221902430058, 3.42511796951, 20.3525428772, 29.2263412476, 976.399719238, 771.219116211, 391.701263428, 898.550292969, 1106.96655273, 2305.40966797, 660.671813965, 1255.5838623, 1623.56237793, 1744.36083984, 8857.37792969, 5866.40673828, 635.321777344, 464.552001953, 435.226470947, 448.952667236, 281.688659668, 486.454345703, 583.289978027, 526.263122559, 285.248809814, 222.67565918, 201.010162354, 340.499328613, 540.535583496, 425.690124512, 1899.53601074, 541.664123535, 364.276977539, 92.4336242676, 18.6939029694, 0.810723900795, 0.0267661176622, 0.000949050765485, 1.13626374514e-05, 1.54001007502e-08]}, "gfcc": {"mean": [-17.8360023499, 93.9591522217, -91.1027374268, 38.3357810974, -60.7063980103, 10.1363725662, -40.6774864197, 5.83484125137, -28.3112487793, 3.2174372673, -13.4466028214, -2.11353349686, -7.96329164505], "cov": [[28482.6347656, -892.883300781, -1226.2598877, 654.895446777, -929.230895996, 504.157653809, -1049.62109375, 74.91771698, -902.447143555, -4.39523410797, -240.51411438, 219.493331909, -23.4519710541], [-892.883300781, 1100.52661133, -174.390151978, -30.1668491364, 206.982788086, -119.730308533, 185.305099487, -46.9454040527, 18.9803314209, -4.73295116425, 54.6104774475, -77.9803543091, 69.4487686157], [-1226.2598877, -174.390151978, 556.001098633, 19.3854618073, 62.9899520874, 98.0791625977, 15.3572883606, 50.7011108398, 61.3187179565, 22.5546417236, 9.31682395935, 6.46695995331, -30.4212379456], [654.895446777, -30.1668491364, 19.3854618073, 372.026947021, -45.3512191772, -32.8174476624, -13.0629501343, -51.5356140137, 42.9089164734, 7.27519512177, -5.41510915756, 10.3015260696, 14.9074039459], [-929.230895996, 206.982788086, 62.9899520874, -45.3512191772, 236.407958984, 7.07262134552, 77.6466293335, 20.1650657654, 12.2632808685, -4.25559616089, 15.8551540375, -11.4627885818, 10.4627904892], [504.157653809, -119.730308533, 98.0791625977, -32.8174476624, 7.07262134552, 213.109024048, 18.9830112457, 23.5262928009, -27.5957832336, 4.83466959, -0.281588852406, 7.05014514923, -3.30086708069], [-1049.62109375, 185.305099487, 15.3572883606, -13.0629501343, 77.6466293335, 18.9830112457, 178.055679321, -13.9382181168, 24.8723163605, 5.86942911148, 5.72289657593, -5.62092256546, 8.23172950745], [74.91771698, -46.9454040527, 50.7011108398, -51.5356140137, 20.1650657654, 23.5262928009, -13.9382181168, 128.982192993, 21.2596607208, -3.84415388107, 9.53205776215, -4.23093605042, -1.23185288906], [-902.447143555, 18.9803314209, 61.3187179565, 42.9089164734, 12.2632808685, -27.5957832336, 24.8723163605, 21.2596607208, 116.081451416, 23.9189243317, 14.500087738, -4.75965690613, 1.58212339878], [-4.39523410797, -4.73295116425, 22.5546417236, 7.27519512177, -4.25559616089, 4.83466959, 5.86942911148, -3.84415388107, 23.9189243317, 74.1107330322, 18.8552913666, 2.83967971802, 0.717848539352], [-240.51411438, 54.6104774475, 9.31682395935, -5.41510915756, 15.8551540375, -0.281588852406, 5.72289657593, 9.53205776215, 14.500087738, 18.8552913666, 74.872795105, 13.9279680252, 10.2762184143], [219.493331909, -77.9803543091, 6.46695995331, 10.3015260696, -11.4627885818, 7.05014514923, -5.62092256546, -4.23093605042, -4.75965690613, 2.83967971802, 13.9279680252, 62.6678237915, 10.856297493], [-23.4519710541, 69.4487686157, -30.4212379456, 14.9074039459, 10.4627904892, -3.30086708069, 8.23172950745, -1.23185288906, 1.58212339878, 0.717848539352, 10.2762184143, 10.856297493, 65.6381912231]], "icov": [[0.000122630124679, -0.000189445272554, 0.000243008791585, -0.000372568756575, 0.000234931329032, -0.000436964648543, 0.000631609465927, -0.000471330014989, 0.00082109082723, -0.000435436464613, 0.000452608015621, -0.000583388551604, 0.00030462333234], [-0.000189445272554, 0.00218484550714, 4.08683335991e-05, 0.000617076526396, -0.00143992237281, 0.00157390953973, -0.0024026427418, 0.00126443977933, -0.00101031060331, 0.00090402236674, -0.00221632793546, 0.00344023783691, -0.0020744074136], [0.000243008791585, 4.08683335991e-05, 0.00294490763918, -0.000974630180281, -0.000502599636093, -0.00187927356455, 0.00124478980433, -0.00128058623523, 0.000335515942425, -0.00111221522093, 0.000700261967722, -0.00114211894106, 0.0015186208766], [-0.000372568756575, 0.000617076526396, -0.000974630180281, 0.00435799453408, -0.000223067283514, 0.00153496908024, -0.00159363821149, 0.002965366235, -0.00401409482583, 0.00157800072338, -0.00105331395753, 0.00148063886445, -0.00185972114559], [0.000234931329032, -0.00143992237281, -0.000502599636093, -0.000223067283514, 0.00657055294141, -0.000851173768751, -0.000344595580827, -0.00186099042185, 0.00183275633026, -0.000241365400143, 0.000635343953036, -0.00145276181865, 0.000442586897407], [-0.000436964648543, 0.00157390953973, -0.00187927356455, 0.00153496908024, -0.000851173768751, 0.00782999861985, -0.00407105311751, 0.000754266860895, -0.000301741732983, 0.000861095380969, -0.00218310486525, 0.00287063070573, -0.00212200707756], [0.000631609465927, -0.0024026427418, 0.00124478980433, -0.00159363821149, -0.000344595580827, -0.00407105311751, 0.0115667395294, -0.00109831860755, 0.00185107474681, -0.00243095192127, 0.00363368773833, -0.00466013373807, 0.00226950156502], [-0.000471330014989, 0.00126443977933, -0.00128058623523, 0.002965366235, -0.00186099042185, 0.000754266860895, -0.00109831860755, 0.0116104567423, -0.00591458147392, 0.00326983304694, -0.00311910570599, 0.00358534394763, -0.00208090129308], [0.00082109082723, -0.00101031060331, 0.000335515942425, -0.00401409482583, 0.00183275633026, -0.000301741732983, 0.00185107474681, -0.00591458147392, 0.017840122804, -0.00613688770682, 0.00158022530377, -0.00236016092822, 0.00155909731984], [-0.000435436464613, 0.00090402236674, -0.00111221522093, 0.00157800072338, -0.000241365400143, 0.000861095380969, -0.00243095192127, 0.00326983304694, -0.00613688770682, 0.0172847975045, -0.00545973796397, 0.0025291366037, -0.00114258914255], [0.000452608015621, -0.00221632793546, 0.000700261967722, -0.00105331395753, 0.000635343953036, -0.00218310486525, 0.00363368773833, -0.00311910570599, 0.00158022530377, -0.00545973796397, 0.0186358615756, -0.00766367651522, 0.00071673997445], [-0.000583388551604, 0.00344023783691, -0.00114211894106, 0.00148063886445, -0.00145276181865, 0.00287063070573, -0.00466013373807, 0.00358534394763, -0.00236016092822, 0.0025291366037, -0.00766367651522, 0.0239113848656, -0.00641216523945], [0.00030462333234, -0.0020744074136, 0.0015186208766, -0.00185972114559, 0.000442586897407, -0.00212200707756, 0.00226950156502, -0.00208090129308, 0.00155909731984, -0.00114258914255, 0.00071673997445, -0.00641216523945, 0.0190872270614]]}, "melbands": {"dmean": [0.000948473636527, 0.00127787038218, 0.000801598362159, 0.00119970052037, 0.000377069198294, 0.000268513045739, 0.000232443708228, 0.000178048212547, 7.74828076828e-05, 6.94708360243e-05, 5.24505267094e-05, 4.08767882618e-05, 6.33774252492e-05, 5.15334832016e-05, 2.36236701312e-05, 1.7464706616e-05, 1.67062571563e-05, 1.34736528707e-05, 1.30866274048e-05, 1.0231293345e-05, 7.43315877116e-06, 8.28808879305e-06, 7.41478697819e-06, 7.72335624788e-06, 6.54656287224e-06, 4.85313830723e-06, 4.16979446527e-06, 4.11635528508e-06, 3.22196001434e-06, 3.03109936794e-06, 3.01738305097e-06, 3.31615001414e-06, 2.72855186267e-06, 2.59509215539e-06, 3.70312704945e-06, 3.42143516718e-06, 1.9604328827e-06, 2.07895732274e-06, 2.2366120902e-06, 1.68882684193e-06], "dmean2": [0.00154284189921, 0.00214510713704, 0.00132481486071, 0.00194623612333, 0.000609665352385, 0.000411935878219, 0.000363380502677, 0.000277910323348, 0.000117173702165, 0.000101725367131, 8.08005861472e-05, 6.27476692898e-05, 9.56062140176e-05, 8.0272424384e-05, 3.63589242625e-05, 2.75036873063e-05, 2.67278592219e-05, 2.17043198063e-05, 2.05257892958e-05, 1.59474875545e-05, 1.15368347906e-05, 1.29605332404e-05, 1.15297343655e-05, 1.18714715427e-05, 1.02150270322e-05, 7.53238509787e-06, 6.37749053567e-06, 6.31666398476e-06, 4.96155871588e-06, 4.67425843453e-06, 4.72555029774e-06, 5.14076646141e-06, 4.19889556724e-06, 3.99388773076e-06, 5.67741017221e-06, 5.31969044459e-06, 2.94753044727e-06, 3.1630615922e-06, 3.44597401636e-06, 2.5300228117e-06], "dvar": [2.55156419371e-06, 5.86725809626e-06, 1.25350743474e-06, 5.00313399243e-06, 2.97402095839e-07, 1.47864383848e-07, 1.47589943822e-07, 1.50863513682e-07, 2.07538235486e-08, 2.46478428778e-08, 2.34643806607e-08, 1.17949907619e-08, 2.80762559868e-08, 3.32580718521e-08, 8.06687161514e-09, 1.42840472783e-09, 9.43198852354e-10, 7.55815410258e-10, 8.84878559315e-10, 4.56815280048e-10, 2.13248169123e-10, 3.55353579895e-10, 2.32925567722e-10, 3.00437064116e-10, 2.04949612836e-10, 1.10331077607e-10, 7.27449975257e-11, 6.69619915072e-11, 6.59527779612e-11, 5.23754824233e-11, 1.11928397106e-10, 1.68175043336e-10, 8.83263670537e-11, 1.65520749884e-10, 4.83613149527e-10, 3.41665112868e-10, 1.36104891246e-10, 1.84129184122e-10, 6.76476721861e-11, 3.63018851091e-11], "dvar2": [6.62308229948e-06, 1.5919942598e-05, 3.27922975885e-06, 1.2169335605e-05, 7.64854519275e-07, 3.32344001208e-07, 3.57357578196e-07, 3.48523457205e-07, 4.82046793593e-08, 5.01322539037e-08, 5.40001217075e-08, 2.65306283609e-08, 5.34051878276e-08, 7.14296248816e-08, 1.85365802707e-08, 3.45760264864e-09, 2.29871166546e-09, 1.90716931137e-09, 2.05687289423e-09, 1.02878472408e-09, 5.08469877314e-10, 8.18380696543e-10, 5.0637893878e-10, 6.68282762462e-10, 4.92717422418e-10, 2.49138293329e-10, 1.59561933111e-10, 1.47383300009e-10, 1.65074509617e-10, 1.23034374355e-10, 2.71542038854e-10, 4.44711378833e-10, 2.20987853017e-10, 4.18139606273e-10, 1.15188958372e-09, 7.95924048891e-10, 3.0507257831e-10, 4.16773698886e-10, 1.58598995048e-10, 8.09719791217e-11], "max": [0.0157653689384, 0.0238900128752, 0.0120706148446, 0.0203292202204, 0.00932982284576, 0.00890903547406, 0.00841543450952, 0.0122341178358, 0.00322953728028, 0.00523479329422, 0.00399778783321, 0.00343763246201, 0.00485270330682, 0.00686800992116, 0.00340516213328, 0.0009844629094, 0.00083765265299, 0.000507814285811, 0.000734641915187, 0.000678130309097, 0.000334860902512, 0.000422319513746, 0.000364317878848, 0.000690176675562, 0.000408666848671, 0.000345870124875, 0.000265107781161, 0.000159140399774, 0.000281158077996, 0.000128121318994, 0.000413676170865, 0.000542288878933, 0.000293849618174, 0.000449391198345, 0.000713694724254, 0.000605475157499, 0.000552733137738, 0.000714933441486, 0.000298468366964, 0.000151410189574], "mean": [0.00133771798573, 0.0017819859786, 0.00156147184316, 0.00179814838339, 0.000695531954989, 0.000515089603141, 0.000381344521884, 0.000277719460428, 0.000118999058031, 0.000117435789434, 8.13714941614e-05, 6.67097046971e-05, 0.000102369420347, 7.5694930274e-05, 3.52455681423e-05, 2.65534999926e-05, 2.60976357822e-05, 2.01241346076e-05, 1.99877267733e-05, 1.47730106619e-05, 1.17417603178e-05, 1.24828766275e-05, 1.0839229617e-05, 1.18186371765e-05, 1.05091576188e-05, 7.53143103793e-06, 6.11927862337e-06, 6.04611796007e-06, 5.01783961226e-06, 4.73807631352e-06, 4.53089069197e-06, 5.03275168739e-06, 4.04555794375e-06, 3.38253994414e-06, 4.98168492413e-06, 4.65401171823e-06, 2.70942996394e-06, 2.92518234346e-06, 3.22960545418e-06, 2.54424776358e-06], "median": [0.000763516058214, 0.00111305085011, 0.00129042367917, 0.00109528657049, 0.00049391790526, 0.000320768944221, 0.00019831013924, 0.000122186043882, 6.06168396189e-05, 4.323399844e-05, 2.54648148257e-05, 2.09294848901e-05, 2.55028153333e-05, 2.04670122912e-05, 1.21080729514e-05, 1.0724990716e-05, 1.15653510875e-05, 8.37428615341e-06, 7.47180365579e-06, 5.28811688127e-06, 4.80095150124e-06, 4.71927887702e-06, 3.92842866859e-06, 4.06232356909e-06, 4.59226521343e-06, 3.65390314983e-06, 2.78192601399e-06, 2.51441906585e-06, 1.97389204004e-06, 1.70045427694e-06, 1.48174285641e-06, 1.53158612193e-06, 1.09778625301e-06, 4.56368496771e-07, 4.18036393057e-07, 5.37652965704e-07, 3.22402144093e-07, 4.04491288464e-07, 9.17875354389e-07, 7.70731674038e-07], "min": [5.11105544291e-24, 3.4614774759e-24, 1.12129221549e-24, 2.89477972033e-24, 1.04588795979e-24, 2.03641721113e-24, 3.79227643574e-24, 3.83167964353e-24, 3.16855172812e-24, 3.15596505794e-24, 3.06807333133e-24, 3.30483494367e-24, 5.40348973035e-24, 4.97725556148e-24, 3.76382419504e-24, 4.51656828701e-24, 3.71908592096e-24, 4.45585873504e-24, 5.70539192637e-24, 7.50616297447e-24, 5.54070064633e-24, 4.21356050243e-24, 4.65306528387e-24, 4.47127741586e-24, 5.02947657568e-24, 4.91094036391e-24, 4.1970796204e-24, 4.60616000888e-24, 6.0061388356e-24, 3.43325400486e-24, 3.99028841156e-24, 6.07725385734e-24, 5.56212176978e-24, 6.48336773439e-24, 6.80672497488e-24, 7.58389338377e-24, 5.45390464751e-24, 7.17907205531e-24, 6.8757944803e-24, 7.320535326e-24], "var": [3.00645683637e-06, 5.43949772691e-06, 2.05373044082e-06, 5.94547100263e-06, 5.37633468412e-07, 3.85782243484e-07, 2.92797807333e-07, 2.57821056948e-07, 3.54916522838e-08, 5.75238381373e-08, 4.07203124553e-08, 2.53494114588e-08, 8.31445063909e-08, 5.51124941239e-08, 1.15639204878e-08, 2.45773112972e-09, 1.92721927306e-09, 1.17397758181e-09, 1.61363455931e-09, 8.09331490714e-10, 3.76629782917e-10, 5.97214888653e-10, 4.26778057339e-10, 6.18729567581e-10, 3.59780649717e-10, 1.72587055758e-10, 1.22953008885e-10, 1.00736863295e-10, 8.43515188254e-11, 8.04805042054e-11, 1.51779061541e-10, 2.10578152138e-10, 1.19841331303e-10, 1.7481212311e-10, 6.8537342468e-10, 5.36374444859e-10, 2.00135769068e-10, 2.60751781278e-10, 1.07994287124e-10, 6.45874187466e-11]}, "mfcc": {"mean": [-654.904846191, 117.982475281, 23.1983165741, 28.902217865, 6.91734790802, 2.72962641716, 3.27680754662, -4.53923511505, -1.12621200085, -5.52155637741, 0.685786128044, -3.50913691521, -0.143241867423], "cov": [[13610.6513672, 1018.82830811, 104.131057739, -209.267822266, -7.85302591324, -101.092346191, -11.4754400253, -99.6680603027, -182.013793945, -235.048980713, -75.9812088013, -184.662506104, 7.80681562424], [1018.82830811, 1366.7064209, -233.932159424, 92.4491653442, -20.7698192596, -34.4624900818, 131.040176392, -78.1558151245, 26.7152194977, -59.2945785522, 36.0326004028, -30.6768856049, -0.797979176044], [104.131057739, -233.932159424, 466.184173584, 29.2470932007, 71.4106750488, 46.262096405, -26.9573764801, 21.1742210388, 8.32806301117, 24.8307342529, 20.2364673615, 16.897600174, 21.7393054962], [-209.267822266, 92.4491653442, 29.2470932007, 342.687988281, -7.92240810394, 28.3063392639, -57.2422599792, -19.0585536957, 16.3822040558, -4.23935842514, 5.60774517059, 26.7013053894, -8.23196792603], [-7.85302591324, -20.7698192596, 71.4106750488, -7.92240810394, 183.929412842, -21.2623004913, 22.7676906586, 17.857421875, 15.4009599686, 10.7118206024, 6.18916606903, 13.13144207, 16.5856323242], [-101.092346191, -34.4624900818, 46.262096405, 28.3063392639, -21.2623004913, 187.306991577, 40.2457923889, 9.75275230408, 9.29595851898, 1.88530278206, 10.0183677673, -12.0211086273, -1.75580942631], [-11.4754400253, 131.040176392, -26.9573764801, -57.2422599792, 22.7676906586, 40.2457923889, 148.51499939, 25.0276317596, 16.7301254272, -8.65052986145, 17.5586910248, -14.7432451248, 7.44557952881], [-99.6680603027, -78.1558151245, 21.1742210388, -19.0585536957, 17.857421875, 9.75275230408, 25.0276317596, 102.924728394, 13.7967472076, 15.6496810913, -9.16210174561, 5.41198062897, 3.21760129929], [-182.013793945, 26.7152194977, 8.32806301117, 16.3822040558, 15.4009599686, 9.29595851898, 16.7301254272, 13.7967472076, 88.1048583984, 12.1179990768, 12.8966016769, -1.40643966198, 1.57474899292], [-235.048980713, -59.2945785522, 24.8307342529, -4.23935842514, 10.7118206024, 1.88530278206, -8.65052986145, 15.6496810913, 12.1179990768, 80.162361145, 16.2978744507, 0.753583431244, -0.134897336364], [-75.9812088013, 36.0326004028, 20.2364673615, 5.60774517059, 6.18916606903, 10.0183677673, 17.5586910248, -9.16210174561, 12.8966016769, 16.2978744507, 73.2160797119, 12.0855445862, 6.25414276123], [-184.662506104, -30.6768856049, 16.897600174, 26.7013053894, 13.13144207, -12.0211086273, -14.7432451248, 5.41198062897, -1.40643966198, 0.753583431244, 12.0855445862, 82.7663726807, 12.555355072], [7.80681562424, -0.797979176044, 21.7393054962, -8.23196792603, 16.5856323242, -1.75580942631, 7.44557952881, 3.21760129929, 1.57474899292, -0.134897336364, 6.25414276123, 12.555355072, 67.1260757446]], "icov": [[9.07966968953e-05, -9.1014415375e-05, -8.18110856926e-05, 8.31036886666e-05, -1.948514182e-05, 1.42971402965e-05, 0.000123805861222, -4.11904657085e-05, 0.000163253440405, 0.000223370472668, 1.19698916023e-05, 0.000190942344489, -2.17351371248e-05], [-9.1014415375e-05, 0.00113145937212, 0.000471904611913, -0.000591080868617, 7.53351705498e-05, 0.000421003380325, -0.00129075790755, 0.000804402516223, -0.000372770708054, 0.000209880337934, -0.000386867730413, 0.0001384535135, -8.49563075462e-05], [-8.18110856926e-05, 0.000471904611913, 0.00278281467035, -0.00029462002567, -0.00105103757232, -0.000771912687924, 0.000488493882585, -0.000192323685042, -0.000140158794238, -0.000327280256897, -0.000841604138259, -0.000107960462628, -0.000626469729468], [8.31036886666e-05, -0.000591080868617, -0.00029462002567, 0.003740811022, -0.000131035601953, -0.0010751564987, 0.00221389951184, 1.83885549632e-05, -0.000688156520482, 0.000501426926348, -6.60159930703e-05, -0.00100604002364, 0.000506757001858], [-1.948514182e-05, 7.53351705498e-05, -0.00105103757232, -0.000131035601953, 0.00646719243377, 0.00135351007339, -0.00163365597837, -0.000315828190651, -0.000813628605101, -0.000636820448563, 0.000355100084562, -0.000780673930421, -0.00090795889264], [1.42971402965e-05, 0.000421003380325, -0.000771912687924, -0.0010751564987, 0.00135351007339, 0.0066184476018, -0.00277898227796, 4.23942619818e-05, -0.000167527177837, -1.47283990373e-05, -0.000383754697395, 0.00097570969956, 0.000123538673506], [0.000123805861222, -0.00129075790755, 0.000488493882585, 0.00221389951184, -0.00163365597837, -0.00277898227796, 0.0110557861626, -0.003205323359, -0.000701211509295, 0.00209691096097, -0.00260358001105, 0.00146914948709, -0.000669697357807], [-4.11904657085e-05, 0.000804402516223, -0.000192323685042, 1.83885549632e-05, -0.000315828190651, 4.23942619818e-05, -0.003205323359, 0.0121105266735, -0.00167532882188, -0.00248022284359, 0.00301712937653, -0.00150867761113, -3.15349388984e-05], [0.000163253440405, -0.000372770708054, -0.000140158794238, -0.000688156520482, -0.000813628605101, -0.000167527177837, -0.000701211509295, -0.00167532882188, 0.0129089457914, -0.00103811686859, -0.00171783880796, 0.00105326075573, -4.95613276144e-05], [0.000223370472668, 0.000209880337934, -0.000327280256897, 0.000501426926348, -0.000636820448563, -1.47283990373e-05, 0.00209691096097, -0.00248022284359, -0.00103811686859, 0.0151752065867, -0.00404847320169, 0.00149976590183, 0.00033878951217], [1.19698916023e-05, -0.000386867730413, -0.000841604138259, -6.60159930703e-05, 0.000355100084562, -0.000383754697395, -0.00260358001105, 0.00301712937653, -0.00171783880796, -0.00404847320169, 0.0168878529221, -0.00305409380235, -0.000665175262839], [0.000190942344489, 0.0001384535135, -0.000107960462628, -0.00100604002364, -0.000780673930421, 0.00097570969956, 0.00146914948709, -0.00150867761113, 0.00105326075573, 0.00149976590183, -0.00305409380235, 0.0143465986475, -0.00240175356157], [-2.17351371248e-05, -8.49563075462e-05, -0.000626469729468, 0.000506757001858, -0.00090795889264, 0.000123538673506, -0.000669697357807, -3.15349388984e-05, -4.95613276144e-05, 0.00033878951217, -0.000665175262839, -0.00240175356157, 0.0159803014249]]}, "spectral_contrast_coeffs": {"dmean": [0.0552763007581, 0.0474675409496, 0.039243273437, 0.0295222438872, 0.0207110233605, 0.0190142020583], "dmean2": [0.090441070497, 0.0777887478471, 0.0628107488155, 0.0485711023211, 0.0337890908122, 0.0293239057064], "dvar": [0.00228502065875, 0.00152492977213, 0.00103353813756, 0.000609267503023, 0.000298535916954, 0.000289941352094], "dvar2": [0.00589133100584, 0.00413288967684, 0.00245574256405, 0.00157097389456, 0.000755904300604, 0.000634043419268], "max": [-0.307120233774, -0.432196199894, -0.470840841532, -0.614163994789, -0.608988463879, -0.602335095406], "mean": [-0.625596821308, -0.711761832237, -0.769375681877, -0.794873595238, -0.800539851189, -0.774737477303], "median": [-0.628946423531, -0.70970261097, -0.774549365044, -0.796267867088, -0.80039024353, -0.774075269699], "min": [-0.973573505878, -0.973423838615, -0.975166201591, -0.968307971954, -0.974106132984, -0.963227152824], "var": [0.00747698638588, 0.00519512360916, 0.00465315300971, 0.0024772239849, 0.00165752274916, 0.00220280117355]}, "spectral_contrast_valleys": {"dmean": [0.396764308214, 0.396609514952, 0.378794968128, 0.345610916615, 0.303081989288, 0.312457054853], "dmean2": [0.643616020679, 0.618644297123, 0.582145214081, 0.515574634075, 0.4197704494, 0.383860915899], "dvar": [0.132292464375, 0.133319869637, 0.126320779324, 0.127468168736, 0.131257176399, 0.128672629595], "dvar2": [0.301773160696, 0.272299736738, 0.25810790062, 0.235844001174, 0.225741639733, 0.199068620801], "max": [-5.09542322159, -4.70132923126, -5.19956111908, -5.87951612473, -5.59055089951, -6.9443602562], "mean