{"lowlevel": {"average_loudness": 0.713644862175, "barkbands_crest": {"dmean": 1.3810801506, "dmean2": 2.11692976952, "dvar": 2.61795902252, "dvar2": 6.49382925034, "max": 26.4898071289, "mean": 17.8862705231, "median": 18.2517967224, "min": 4.9755563736, "var": 21.6716461182}, "barkbands_flatness_db": {"dmean": 0.016806486994, "dmean2": 0.0286708585918, "dvar": 0.000356397766154, "dvar2": 0.000959828845225, "max": 0.664677679539, "mean": 0.409367650747, "median": 0.410995960236, "min": 0.0772486776114, "var": 0.00460924766958}, "barkbands_kurtosis": {"dmean": 4.16822767258, "dmean2": 5.83456802368, "dvar": 319.555541992, "dvar2": 387.905670166, "max": 2321.5390625, "mean": 18.8717060089, "median": 7.27775669098, "min": -1.97850489616, "var": 6814.42382812}, "barkbands_skewness": {"dmean": 0.413420468569, "dmean2": 0.5969145298, "dvar": 0.248903602362, "dvar2": 0.451909571886, "max": 39.7580184937, "mean": 2.82825040817, "median": 2.4074575901, "min": -8.37359809875, "var": 5.76244354248}, "barkbands_spread": {"dmean": 0.700462400913, "dmean2": 1.04064202309, "dvar": 4.32912683487, "dvar2": 10.1070861816, "max": 150.922454834, "mean": 4.36888980865, "median": 3.44940853119, "min": 0.0653320103884, "var": 43.7188339233}, "dissonance": {"dmean": 0.0367136970162, "dmean2": 0.0615694746375, "dvar": 0.00108223361894, "dvar2": 0.00288307922892, "max": 0.500000178814, "mean": 0.380258977413, "median": 0.382865339518, "min": 0.131328225136, "var": 0.00324056134559}, "dynamic_complexity": 3.42035126686, "erbbands_crest": {"dmean": 1.69020056725, "dmean2": 2.52086305618, "dvar": 3.75925540924, "dvar2": 8.4784078598, "max": 31.5529174805, "mean": 10.9709129333, "median": 9.88114261627, "min": 2.44590306282, "var": 19.6713867188}, "erbbands_flatness_db": {"dmean": 0.0123684126884, "dmean2": 0.0204185601324, "dvar": 0.000171956984559, "dvar2": 0.000444603705546, "max": 0.513665556908, "mean": 0.321288317442, "median": 0.316969335079, "min": 0.0165649168193, "var": 0.00259317480959}, "erbbands_kurtosis": {"dmean": 0.640787780285, "dmean2": 0.916803896427, "dvar": 1.30525660515, "dvar2": 2.33610320091, "max": 62.7187194824, "mean": 0.76254928112, "median": 0.0693747997284, "min": -1.52489161491, "var": 8.1261100769}, "erbbands_skewness": {"dmean": 0.209791943431, "dmean2": 0.299361675978, "dvar": 0.0461022295058, "dvar2": 0.101314418018, "max": 6.5671620369, "mean": 0.443944811821, "median": 0.415224522352, "min": -2.77985787392, "var": 0.542489945889}, "erbbands_spread": {"dmean": 2.10660266876, "dmean2": 3.14295959473, "dvar": 4.96924877167, "dvar2": 11.0068073273, "max": 157.476455688, "mean": 17.4378051758, "median": 16.973897934, "min": 2.14696455002, "var": 69.2686691284}, "hfc": {"dmean": 1.83670377731, "dmean2": 2.51069259644, "dvar": 9.79511833191, "dvar2": 17.4413356781, "max": 69.2815704346, "mean": 10.8122425079, "median": 8.50764656067, "min": 1.21880629572e-16, "var": 75.7729415894}, "melbands_crest": {"dmean": 1.48002338409, "dmean2": 2.29858660698, "dvar": 2.81884384155, "dvar2": 7.06464529037, "max": 34.127117157, "mean": 20.3625907898, "median": 20.0102081299, "min": 2.28704738617, "var": 24.0760383606}, "melbands_flatness_db": {"dmean": 0.0198097433895, "dmean2": 0.0337558165193, "dvar": 0.000551311590243, "dvar2": 0.00146665913053, "max": 0.854561150074, "mean": 0.553785800934, "median": 0.558439195156, "min": 0.00656379247084, "var": 0.00720581784844}, "melbands_kurtosis": {"dmean": 4.24286699295, "dmean2": 6.2296037674, "dvar": 34.798614502, "dvar2": 67.470703125, "max": 380.973907471, "mean": 19.0842590332, "median": 13.6297149658, "min": -1.70464146137, "var": 455.655578613}, "melbands_skewness": {"dmean": 0.409612447023, "dmean2": 0.599024236202, "dvar": 0.189069211483, "dvar2": 0.398528903723, "max": 13.1877698898, "mean": 3.19707536697, "median": 3.06896400452, "min": -0.44342815876, "var": 1.91423618793}, "melbands_spread": {"dmean": 0.793307363987, "dmean2": 1.16284716129, "dvar": 3.73266673088, "dvar2": 6.65322780609, "max": 188.212051392, "mean": 4.54834651947, "median": 3.35570192337, "min": 0.27267614007, "var": 57.4885368347}, "pitch_salience": {"dmean": 0.0425297170877, "dmean2": 0.065828204155, "dvar": 0.001961175818, "dvar2": 0.00490612862632, "max": 0.844681143761, "mean": 0.381650060415, "median": 0.383603721857, "min": 0.0412965528667, "var": 0.0165499243885}, "silence_rate_20dB": {"dmean": 0, "dmean2": 0, "dvar": 0, "dvar2": 0, "max": 1, "mean": 1, "median": 1, "min": 1, "var": 0}, "silence_rate_30dB": {"dmean": 0.0516224205494, "dmean2": 0.103255718946, "dvar": 0.048954539001, "dvar2": 0.120401389897, "max": 1, "mean": 0.822184741497, "median": 1, "min": 0, "var": 0.146195828915}, "silence_rate_60dB": {"dmean": 0.00231774128042, "dmean2": 0.00463597103953, "dvar": 0.00231271493249, "dvar2": 0.00609088595957, "max": 1, "mean": 0.0289687141776, "median": 0, "min": 0, "var": 0.0281295720488}, "spectral_centroid": {"dmean": 30.2121658325, "dmean2": 44.871257782, "dvar": 7584.50732422, "dvar2": 10059.1806641, "max": 10781.0048828, "mean": 356.53805542, "median": 323.244903564, "min": 81.2081680298, "var": 71080.6171875}, "spectral_complexity": {"dmean": 1.15191745758, "dmean2": 1.88957965374, "dvar": 1.38938343525, "dvar2": 3.08780789375, "max": 24, "mean": 10.2107868195, "median": 10, "min": 0, "var": 13.734954834}, "spectral_decrease": {"dmean": 2.44222464474e-09, "dmean2": 3.87026499737e-09, "dvar": 1.58316297737e-17, "dvar2": 4.30464426813e-17, "max": 9.36738924445e-16, "mean": -1.7833215793e-08, "median": -1.62644973045e-08, "min": -9.03144723452e-08, "var": 1.14188445445e-16}, "spectral_energy": {"dmean": 0.00935828872025, "dmean2": 0.0147951459512, "dvar": 0.000230528516113, "dvar2": 0.000624001957476, "max": 0.344939917326, "mean": 0.068287089467, "median": 0.0622143596411, "min": 1.09373512208e-20, "var": 0.00167762488127}, "spectral_energyband_high": {"dmean": 5.69346752854e-07, "dmean2": 7.67448511851e-07, "dvar": 9.54343375159e-12, "dvar2": 1.81814181766e-11, "max": 0.000135670605232, "mean": 1.18454101994e-06, "median": 1.16375673542e-07, "min": 8.47443629504e-21, "var": 1.87235001808e-11}, "spectral_energyband_low": {"dmean": 0.00713516213, "dmean2": 0.0120409540832, "dvar": 0.000198639027076, "dvar2": 0.000575165497139, "max": 0.296306997538, "mean": 0.0508294180036, "median": 0.044831469655, "min": 6.6366659697e-23, "var": 0.00107257114723}, "spectral_energyband_middle_high": {"dmean": 0.000372245383915, "dmean2": 0.000494408828672, "dvar": 8.7949393901e-07, "dvar2": 1.59848650583e-06, "max": 0.0305328983814, "mean": 0.00143017037772, "median": 0.00069051515311, "min": 1.38844265106e-21, "var": 4.13482439399e-06}, "spectral_energyband_middle_low": {"dmean": 0.00463189464062, "dmean2": 0.0066577992402, "dvar": 5.12765436724e-05, "dvar2": 0.000119732998428, "max": 0.225275278091, "mean": 0.0183414854109, "median": 0.0124484468251, "min": 2.87892881472e-22, "var": 0.000350339687429}, "spectral_entropy": {"dmean": 0.103219345212, "dmean2": 0.16213324666, "dvar": 0.0147605873644, "dvar2": 0.0347699187696, "max": 9.8013343811, "mean": 5.6949095726, "median": 5.66498947144, "min": 4.12916278839, "var": 0.198272064328}, "spectral_flux": {"dmean": 0.0175141077489, "dmean2": 0.0281018912792, "dvar": 0.000499588262755, "dvar2": 0.00115489563905, "max": 0.411847919226, "mean": 0.0509739220142, "median": 0.0396284423769, "min": 1.04581794613e-10, "var": 0.00162521610036}, "spectral_kurtosis": {"dmean": 33.9480667114, "dmean2": 59.3137054443, "dvar": 1310.53955078, "dvar2": 3764.73583984, "max": 681.088500977, "mean": 110.582794189, "median": 89.857383728, "min": -1.18364310265, "var": 6849.55615234}, "spectral_rms": {"dmean": 0.000505451578647, "dmean2": 0.000782040820923, "dvar": 5.03664466578e-07, "dvar2": 1.27808823436e-06, "max": 0.0183446649462, "mean": 0.00773220369592, "median": 0.00779082393274, "min": 3.26658622027e-12, "var": 6.83417692926e-06}, "spectral_rolloff": {"dmean": 48.9024391174, "dmean2": 84.5977859497, "dvar": 111869.414062, "dvar2": 250123.625, "max": 19810.546875, "mean": 359.872009277, "median": 193.798828125, "min": 64.599609375, "var": 2003304.875}, "spectral_skewness": {"dmean": 1.60992956161, "dmean2": 2.83987808228, "dvar": 2.01083850861, "dvar2": 5.63743066788, "max": 20.6405239105, "mean": 7.1394071579, "median": 6.57316684723, "min": 0.0319954156876, "var": 9.7122592926}, "spectral_spread": {"dmean": 247196.71875, "dmean2": 436116.75, "dvar": 124797476864, "dvar2": 223423692800, "max": 39843432, "mean": 1035530.4375, "median": 898920.75, "min": 164929.328125, "var": 1726438440960.0}, "spectral_strongpeak": {"dmean": 0.123178318143, "dmean2": 0.222199499607, "dvar": 0.160691276193, "dvar2": 0.403025060892, "max": 5.8770699501, "mean": 0.608486831188, "median": 0.502324223518, "min": 0, "var": 0.210976436734}, "zerocrossingrate": {"dmean": 0.00176757609006, "dmean2": 0.00220670620911, "dvar": 3.69139488612e-05, "dvar2": 2.79040868918e-05, "max": 0.748046875, "mean": 0.0126644512638, "median": 0.00830078125, "min": 0.001953125, "var": 0.00188596674707}, "barkbands": {"dmean": [0.000366849038983, 0.00605285074562, 0.00147486361675, 0.00200697709806, 0.00190096430015, 0.00101476931013, 0.000646530825179, 0.000616553297732, 0.000526206509676, 0.00027066693292, 6.32615992799e-05, 9.22544277273e-05, 7.23357734387e-05, 2.95243080473e-05, 3.43808824255e-05, 2.19938247028e-05, 1.24187636175e-05, 4.42606597062e-06, 2.34787694353e-06, 5.16350837643e-07, 2.25691579203e-07, 8.40019751536e-08, 1.51143524363e-08, 7.36929317569e-09, 4.55498527785e-09, 3.54355567111e-09, 3.99638722115e-09], "dmean2": [0.000615476979874, 0.010364218615, 0.00230804434977, 0.00334686879069, 0.00252917734906, 0.00148158380762, 0.000961438170634, 0.000914925942197, 0.000638221797999, 0.000364866602467, 8.6567888502e-05, 0.00011567043839, 0.000111437911983, 4.28805833508e-05, 5.15045285283e-05, 3.20846775139e-05, 1.75303539436e-05, 6.42733766654e-06, 3.37194865097e-06, 7.41809287774e-07, 3.3284050005e-07, 1.27464915067e-07, 2.64215191947e-08, 1.33137838532e-08, 8.33651103704e-09, 6.55350884671e-09, 7.30422877737e-09], "dvar": [9.71546228357e-07, 0.000175905093784, 1.07523110273e-05, 1.89264956134e-05, 9.53508242674e-06, 9.51619949774e-06, 1.39651751851e-06, 4.50773768534e-06, 5.2174909797e-06, 8.79592960246e-07, 7.74928352598e-08, 1.45134237073e-07, 4.29403357316e-08, 7.87050247197e-09, 7.60076446227e-09, 7.5405877098e-09, 3.38047501103e-09, 2.21680562795e-10, 2.90436369399e-10, 5.2986872702e-12, 2.84879563515e-12, 4.05009440698e-13, 5.02642988131e-15, 1.43051244e-15, 1.00884112177e-16, 3.294830779e-17, 2.38851280463e-17], "dvar2": [2.69623910754e-06, 0.000527916999999, 2.95231857308e-05, 5.70747361053e-05, 1.67608814081e-05, 2.32504044106e-05, 3.34501874022e-06, 1.04149939943e-05, 7.96241147327e-06, 1.54822055265e-06, 1.3397220755e-07, 2.01542945888e-07, 1.05830480379e-07, 1.53859414098e-08, 1.81653767584e-08, 1.34886475323e-08, 6.76031897129e-09, 4.29867058616e-10, 5.80056336297e-10, 9.12194538655e-12, 6.71978011429e-12, 9.08662088715e-13, 1.25241444548e-14, 4.08673322369e-15, 2.99158087396e-16, 1.03291373196e-16, 7.76685405147e-17], "max": [0.0212858710438, 0.281054973602, 0.0781561657786, 0.11636955291, 0.116087093949, 0.122030802071, 0.0307436473668, 0.0459091886878, 0.0616087801754, 0.028325939551, 0.0135121978819, 0.0285974629223, 0.00491420924664, 0.00340497563593, 0.0027100907173, 0.00254630763084, 0.00186607474461, 0.000400180637371, 0.00109475734644, 0.000147543265484, 0.000107049767394, 2.51498913713e-05, 2.95448558063e-06, 1.90716787074e-06, 2.37686464288e-07, 1.38489895107e-07, 1.01446239853e-07], "mean": [0.00144115940202, 0.0427152179182, 0.00448755128309, 0.00449634110555, 0.0060649253428, 0.00296726450324, 0.00155917101074, 0.00156688655261, 0.00140175886918, 0.000742313917726, 0.000163982156664, 0.000257778912783, 0.000175626759301, 7.67368110246e-05, 8.70328658493e-05, 4.3070747779e-05, 2.37681433646e-05, 1.01363948488e-05, 4.95262293043e-06, 1.12293457732e-06, 3.706883831e-07, 1.27887190615e-07, 3.45745370112e-08, 1.86734983032e-08, 1.08480433525e-08, 8.27388912938e-09, 1.13924372158e-08], "median": [0.000449030165328, 0.0373984463513, 0.00195290136617, 0.00176083110273, 0.00290245912038, 0.000978423049673, 0.00074896105798, 0.000360700068995, 0.000303476786939, 0.000242225985858, 3.57509416062e-05, 7.21526230336e-05, 5.15309839102e-05, 2.16946518776e-05, 2.43862868956e-05, 7.46275645724e-06, 2.81050211015e-06, 1.07935500182e-06, 3.73709013957e-07, 6.9549166426e-08, 2.41976145787e-08, 1.6029940042e-08, 8.89445583852e-09, 7.3311401394e-09, 4.56489956946e-09, 3.46911344096e-09, 8.85835671482e-09], "min": [2.46671062155e-23, 2.52872881488e-23, 1.03029052309e-23, 4.20394957336e-23, 4.6903482702e-23, 2.81179435355e-23, 1.48307175468e-23, 4.6192879954e-23, 7.22922357182e-23, 5.68209189401e-23, 9.22182878933e-23, 4.10859427595e-23, 1.81464690632e-22, 1.32465497961e-22, 1.51326733065e-22, 1.59453628597e-22, 6.59269738719e-23, 1.87969359978e-22, 1.99490376887e-22, 3.13744900944e-22, 4.92090321961e-22, 4.75818835168e-22, 8.62644062807e-22, 9.57168834836e-22, 1.24314754848e-21, 1.58650525282e-21, 2.92576084872e-21], "var": [5.32512740392e-06, 0.000787202094216, 5.03006995132e-05, 5.55676342628e-05, 7.46658770368e-05, 3.73337206838e-05, 4.91564833283e-06, 1.422727928e-05, 1.81688792509e-05, 2.68387407232e-06, 2.2842706926e-07, 8.18885951048e-07, 1.1774682207e-07, 3.27106839393e-08, 2.6004869369e-08, 1.93731022335e-08, 6.51142029184e-09, 9.02999064412e-10, 5.60770097024e-10, 1.61631853735e-11, 3.31161595542e-12, 4.82971518681e-13, 9.45223547599e-15, 1.66938706019e-15, 2.79511105245e-16, 1.34681123819e-16, 6.29203403268e-17]}, "erbbands": {"dmean": [0.184796407819, 1.36157572269, 1.72284281254, 4.38971090317, 6.38176393509, 6.82018995285, 5.70934295654, 9.72348690033, 9.31416416168, 8.01300811768, 14.0925731659, 13.4831142426, 8.92473125458, 6.44096708298, 2.16843318939, 4.08137702942, 3.55275011063, 1.61922872066, 1.69140517712, 1.3755620718, 1.23440992832, 0.540564537048, 0.315640568733, 0.166140660644, 0.062164530158, 0.0243907831609, 0.013147931546, 0.00772170117125, 0.00410763034597, 0.000960164354183, 0.000354245916242, 0.000191637984244, 0.000114861155453, 5.80592241022e-05, 3.06444235321e-05, 1.57217364176e-05, 6.86149951434e-06, 2.29210718317e-06, 4.21408230977e-06, 1.01913055914e-05], "dmean2": [0.320189327002, 2.31479668617, 2.77021479607, 7.24463319778, 9.7290430069, 8.69920253754, 8.00670146942, 14.6273012161, 13.2342100143, 12.0249834061, 20.8952007294, 16.1915302277, 11.2972507477, 8.63181209564, 2.9609131813, 5.1190943718, 5.40300512314, 2.33306574821, 2.53192424774, 2.08383917809, 1.72315740585, 0.740371644497, 0.445755958557, 0.234924346209, 0.0908284038305, 0.0349370390177, 0.0177243482322, 0.0113693410531, 0.00617538066581, 0.00146411405876, 0.000616566336248, 0.000342582294252, 0.000208193479921, 0.000105465092929, 5.56727682124e-05, 2.84538928099e-05, 1.2253440218e-05, 4.17746423409e-06, 6.63656146571e-06, 1.60656982189e-05], "dvar": [0.176901474595, 8.8875875473, 12.2000961304, 85.6578979492, 106.397331238, 152.464889526, 204.84538269, 964.558776855, 281.718505859, 342.284729004, 2466.98144531, 3680.27319336, 1258.46899414, 329.364837646, 69.8492584229, 362.656555176, 111.698905945, 23.2316360474, 21.2321014404, 23.30701828, 31.2846698761, 4.93714380264, 1.14194476604, 1.53845560551, 0.052222378552, 0.00805339124054, 0.0112157436088, 0.0034697833471, 0.00103711371776, 4.96345710417e-05, 2.38962024923e-06, 9.35316222694e-07, 4.79373056805e-07, 2.20484359659e-08, 3.37925532001e-09, 7.11776970697e-10, 9.60547336115e-11, 9.59913485504e-12, 4.43410134998e-11, 2.70874989106e-10], "dvar2": [0.530190944672, 26.3252162933, 33.807926178, 259.340179443, 262.760284424, 254.579025269, 446.415557861, 2543.19238281, 599.83581543, 707.55859375, 5798.43115234, 5594.15332031, 1885.2635498, 623.646728516, 142.500717163, 483.226318359, 275.160827637, 44.3599319458, 48.5226402283, 57.5695800781, 52.7893714905, 9.60989570618, 2.15269732475, 3.07698011398, 0.098259717226, 0.0138310445473, 0.0245895981789, 0.00819790922105, 0.0022965145763, 0.000108551081212, 5.88512102695e-06, 2.59171110883e-06, 1.38176255859e-06, 6.52026557191e-08, 1.00697432615e-08, 2.16134798947e-09, 2.93442659061e-10, 3.07037728575e-11, 1.17134510424e-10, 7.28795690463e-10], "max": [7.82652330399, 62.7153625488, 85.0779342651, 217.503509521, 272.136749268, 469.404174805, 603.447265625, 1041.77514648, 374.095672607, 561.788574219, 932.614318848, 1754.71716309, 1100.74023438, 522.27935791, 565.059143066, 1467.3371582, 254.019393921, 182.435760498, 167.517227173, 129.387832642, 175.312332153, 62.1881980896, 28.8994884491, 80.7429656982, 7.94439125061, 3.79866981506, 7.08981323242, 2.16956806183, 1.39535009861, 0.526002049446, 0.0954882130027, 0.0513596460223, 0.0416636876762, 0.00608672108501, 0.00160654261708, 0.000828083080705, 0.000309134251438, 8.66576228873e-05, 0.000155747504323, 0.000374745344743], "mean": [1.30448496342, 9.07371520996, 7.74523496628, 10.9361591339, 16.6310024261, 20.9868717194, 20.2578468323, 26.9364681244, 26.5632553101, 21.9559764862, 34.4527206421, 36.0379180908, 25.0387115479, 19.8591785431, 6.21794748306, 11.984872818, 9.29637718201, 4.79447603226, 4.3952126503, 3.39011693001, 2.3857421875, 1.15368926525, 0.739612579346, 0.376494407654, 0.133587896824, 0.0575980357826, 0.0240350645036, 0.011950371787, 0.00588583294302, 0.00201268028468, 0.000871896627359, 0.000512835336849, 0.000302177417325, 0.000171160805621, 0.000104323553387, 6.26331602689e-05, 3.29567337758e-05, 7.31244790586e-06, 3.21345505654e-05, 7.4519921327e-05], "median": [1.23465931416, 6.83168172836, 5.63846683502, 5.2572426796, 8.59000396729, 6.95172595978, 6.15370559692, 8.20813941956, 12.3128423691, 9.39530563354, 7.88049221039, 8.71322345734, 9.14601612091, 6.6819062233, 3.24738287926, 3.33031177521, 2.99506163597, 1.79812777042, 1.35890090466, 0.975359737873, 0.365490078926, 0.145201295614, 0.0831697359681, 0.0340910591185, 0.0135883865878, 0.00400758162141, 0.00147846457548, 0.000719874922652, 0.000605481211096, 0.000468714948511, 0.000256466504652, 0.000215486390516, 0.000132717366796, 8.87480637175e-05, 6.17397308815e-05, 4.17823539465e-05, 2.40045483224e-05, 4.65810899186e-06, 2.93020129902e-05, 6.78596625221e-05], "min": [1.60457529199e-21, 2.59325706264e-21, 1.18129962162e-20, 7.15029720269e-20, 2.13704217979e-19, 9.68931387575e-20, 1.73402207852e-19, 2.04915992657e-19, 1.79317298864e-19, 4.60022022011e-19, 1.15922642007e-18, 1.59772913165e-18, 2.49285994319e-18, 2.61490175717e-18, 2.77177924868e-18, 1.78666690293e-18, 8.15366322736e-18, 7.69105419799e-18, 6.11551873576e-18, 1.08938230835e-17, 7.49047034407e-18, 4.19031831218e-18, 9.41525262785e-18, 9.04776440583e-18, 1.21315565952e-17, 1.70929064999e-17, 2.44513811521e-17, 1.22859217323e-17, 1.78168467002e-17, 2.17422339514e-17, 2.16657429058e-17, 1.97628238328e-17, 1.63994495595e-17, 1.41380155198e-17, 8.89332316802e-18, 5.6919782739e-18, 3.21888298427e-18, 1.39912265298e-18, 4.12058677975e-19, 4.12662119156e-20], "var": [0.718001008034, 54.9720458984, 63.413444519, 277.559112549, 437.792816162, 1241.50463867, 1561.67541504, 3248.40356445, 1456.47595215, 1482.9206543, 6442.25439453, 13057.0351562, 4178.39160156, 1225.73486328, 165.593048096, 2079.83227539, 307.609191895, 100.040336609, 83.3935317993, 57.8940925598, 79.2481689453, 12.4215936661, 4.76222658157, 3.04237222672, 0.136955529451, 0.0269918572158, 0.0153508596122, 0.00410789810121, 0.00122398557141, 7.12856053724e-05, 5.04688978253e-06, 1.16795786198e-06, 4.73872972861e-07, 5.42234310785e-08, 1.40228388901e-08, 3.70917940806e-09, 7.68859920175e-10, 5.03321447021e-11, 3.59978324926e-10, 1.99753302788e-09]}, "gfcc": {"mean": [-164.96484375, 253.046875, -72.6684417725, -24.1628780365, 0.814365506172, -2.4594078064, -10.9889888763, -1.40780985355, 1.83635187149, -7.78157329559, 0.822750389576, -8.6168346405, 1.10847973824], "cov": [[9070.65527344, 1336.4744873, -1964.98547363, 700.277526855, -20.4830093384, -601.212768555, 87.0020217896, 119.608100891, -131.471817017, -17.253282547, 71.4740753174, -36.5130882263, 44.3644104004], [1336.4744873, 1019.59472656, -42.1131134033, -448.802581787, 72.6485443115, -59.5550117493, -108.439926147, -44.6312141418, -10.3394899368, -44.7118873596, 3.63430070877, -38.1567306519, 17.7731647491], [-1964.98547363, -42.1131134033, 1058.17895508, -165.436584473, -49.358833313, 290.732452393, -8.45054340363, -63.0436668396, 37.3820343018, -7.96110296249, -7.79271125793, 0.185339793563, 4.5910782814], [700.277526855, -448.802581787, -165.436584473, 642.905761719, 8.09149932861, -38.6389045715, 156.282318115, 93.7458572388, 11.9988622665, 35.4497718811, 26.483165741, 20.736448288, -11.0314569473], [-20.4830093384, 72.6485443115, -49.358833313, 8.09149932861, 202.30607605, 13.7902078629, 13.5543775558, 64.2599411011, 22.4996147156, -0.177086278796, 37.5559196472, 4.64736032486, -9.44110584259], [-601.212768555, -59.5550117493, 290.732452393, -38.6389045715, 13.7902078629, 183.410812378, 45.7572860718, -7.66138505936, 21.4461727142, -3.39433717728, 3.28751420975, 3.98865747452, -4.30007696152], [87.0020217896, -108.439926147, -8.45054340363, 156.282318115, 13.5543775558, 45.7572860718, 188.415771484, 105.880249023, 22.8509311676, 13.6277580261, -4.15134716034, -14.6573829651, -18.4469127655], [119.608100891, -44.6312141418, -63.0436668396, 93.7458572388, 64.2599411011, -7.66138505936, 105.880249023, 143.746200562, 49.4677734375, 3.59360432625, 14.8999814987, -8.11456298828, -24.4962825775], [-131.471817017, -10.3394899368, 37.3820343018, 11.9988622665, 22.4996147156, 21.4461727142, 22.8509311676, 49.4677734375, 78.8935852051, 32.3295288086, 5.37125730515, -0.215660661459, -4.20549440384], [-17.253282547, -44.7118873596, -7.96110296249, 35.4497718811, -0.177086278796, -3.39433717728, 13.6277580261, 3.59360432625, 32.3295288086, 64.7509994507, 27.0898914337, 0.408785790205, 1.35851991177], [71.4740753174, 3.63430070877, -7.79271125793, 26.483165741, 37.5559196472, 3.28751420975, -4.15134716034, 14.8999814987, 5.37125730515, 27.0898914337, 80.347038269, 42.0707511902, -4.93254899979], [-36.5130882263, -38.1567306519, 0.185339793563, 20.736448288, 4.64736032486, 3.98865747452, -14.6573829651, -8.11456298828, -0.215660661459, 0.408785790205, 42.0707511902, 64.5178604126, 19.977268219], [44.3644104004, 17.7731647491, 4.5910782814, -11.0314569473, -9.44110584259, -4.30007696152, -18.4469127655, -24.4962825775, -4.20549440384, 1.35851991177, -4.93254899979, 19.977268219, 55.1136665344]], "icov": [[0.00101840181742, -0.00264265527949, 0.00175466062501, -0.0027011691127, 0.00199192250147, -0.00182563636918, 0.00162115227431, -0.00218916777521, 0.00226054294035, -0.00132684002165, 0.000104131046101, 0.000106910825707, -0.000710252497811], [-0.00264265527949, 0.00898268353194, -0.00457645300776, 0.00852944608778, -0.00594343198463, 0.00697052665055, -0.00644466560334, 0.0089089050889, -0.00929446145892, 0.00821494590491, -0.00506424577907, 0.00401489902288, -0.000172915941221], [0.00175466062501, -0.00457645300776, 0.00492138089612, -0.00459747249261, 0.00424753269181, -0.00645513413474, 0.00381593615748, -0.00415484700352, 0.00354355573654, -0.00215138634667, -0.000141818920383, 0.000797969580162, -0.0015908140922], [-0.0027011691127, 0.00852944608778, -0.00459747249261, 0.0104866186157, -0.00589537620544, 0.0072922213003, -0.00801244005561, 0.00813795626163, -0.00798692181706, 0.00581552274525, -0.00332284066826, 0.00114985206164, 0.000933039817028], [0.00199192250147, -0.00594343198463, 0.00424753269181, -0.00589537620544, 0.0115167731419, -0.00713630672544, 0.0067678145133, -0.0102804517373, 0.00575822917745, -0.00280223274603, -0.00251472531818, 0.00179440167267, -0.00247567519546], [-0.00182563636918, 0.00697052665055, -0.00645513413474, 0.0072922213003, -0.00713630672544, 0.0208325311542, -0.0151507519186, 0.0181636530906, -0.0162899680436, 0.0151211572811, -0.0101132970303, 0.00521065667272, 0.000214470725041], [0.00162115227431, -0.00644466560334, 0.00381593615748, -0.00801244005561, 0.0067678145133, -0.0151507519186, 0.0247813649476, -0.026807051152, 0.0203677956015, -0.0201504547149, 0.0151400519535, -0.00773848453537, 0.00141942256596], [-0.00218916777521, 0.0089089050889, -0.00415484700352, 0.00813795626163, -0.0102804517373, 0.0181636530906, -0.026807051152, 0.044485911727, -0.035463090986, 0.0323319546878, -0.0239614937454, 0.0158754885197, -8.15538296592e-05], [0.00226054294035, -0.00929446145892, 0.00354355573654, -0.00798692181706, 0.00575822917745, -0.0162899680436, 0.0203677956015, -0.035463090986, 0.0486398041248, -0.0402333959937, 0.0282397121191, -0.0203406922519, 0.00465784221888], [-0.00132684002165, 0.00821494590491, -0.00215138634667, 0.00581552274525, -0.00280223274603, 0.0151211572811, -0.0201504547149, 0.0323319546878, -0.0402333959937, 0.0580578669906, -0.0415440015495, 0.0311214439571, -0.0114120254293], [0.000104131046101, -0.00506424577907, -0.000141818920383, -0.00332284066826, -0.00251472531818, -0.0101132970303, 0.0151400519535, -0.0239614937454, 0.0282397121191, -0.0415440015495, 0.0556483305991, -0.0419735051692, 0.0174671299756], [0.000106910825707, 0.00401489902288, 0.000797969580162, 0.00114985206164, 0.00179440167267, 0.00521065667272, -0.00773848453537, 0.0158754885197, -0.0203406922519, 0.0311214439571, -0.0419735051692, 0.0508120022714, -0.0205309521407], [-0.000710252497811, -0.000172915941221, -0.0015908140922, 0.000933039817028, -0.00247567519546, 0.000214470725041, 0.00141942256596, -8.15538296592e-05, 0.00465784221888, -0.0114120254293, 0.0174671299756, -0.0205309521407, 0.0287644919008]]}, "melbands": {"dmean": [0.00169589964207, 0.00115775468294, 0.000788810139056, 0.000486811593873, 0.000207712815609, 0.000208940909943, 0.000144441291923, 9.89006221062e-05, 0.000109053820779, 8.12530852272e-05, 4.37353810412e-05, 2.74000740319e-05, 7.11823167876e-06, 1.11756080514e-05, 8.34634283819e-06, 6.76015315548e-06, 2.87679267785e-06, 2.67684981736e-06, 2.13370890378e-06, 1.56958788011e-06, 1.57036095061e-06, 6.31168234122e-07, 4.48291132216e-07, 1.72775159513e-07, 1.51644513835e-07, 5.19459142367e-08, 2.73171849585e-08, 1.68439093784e-08, 9.76846692424e-09, 5.8578422113e-09, 3.9577141564e-09, 2.60885557601e-09, 1.15664744449e-09, 4.51920612043e-10, 2.36563074685e-10, 1.71899008916e-10, 1.12101279648e-10, 9.30561461221e-11, 6.58039733814e-11, 4.69009830972e-11], "dmean2": [0.00293232803233, 0.00192564213648, 0.00129581743386, 0.000651034933981, 0.000288688839646, 0.000309569470119, 0.000207883771509, 0.000147878265125, 0.000159576025908, 9.58323071245e-05, 5.6133394537e-05, 3.69711997337e-05, 9.81359153229e-06, 1.42569997479e-05, 1.16966793939e-05, 1.01905116026e-05, 4.21027880293e-06, 4.02014120482e-06, 3.17285889651e-06, 2.42818828156e-06, 2.18181548917e-06, 8.70655981089e-07, 6.71738973779e-07, 2.40880183355e-07, 2.13855940956e-07, 7.88295082543e-08, 4.04200442006e-08, 2.4542842425e-08, 1.32846995626e-08, 8.63823057529e-09, 5.96429527988e-09, 4.06851352608e-09, 1.67832714393e-09, 7.5875539185e-10, 4.14710793484e-10, 3.05504843645e-10, 1.99566377312e-10, 1.68502753417e-10, 1.19744256177e-10, 8.5465010069e-11], "dvar": [1.43444713103e-05, 5.18776505487e-06, 2.41021302827e-06, 6.50494826004e-07, 2.27782621209e-07, 4.20447094029e-07, 6.73705287113e-08, 6.57305392338e-08, 1.38356355706e-07, 1.27732334931e-07, 3.06037186704e-08, 6.01683414203e-09, 7.02744362702e-10, 1.8583763417e-09, 8.41549163688e-10, 3.26387639138e-10, 7.05581634786e-11, 5.72086301942e-11, 3.17440726483e-11, 2.96482734197e-11, 5.84435902451e-11, 1.04494442613e-11, 3.27712683379e-12, 3.5124645705e-13, 1.61990755011e-12, 4.34246111021e-14, 1.33013657936e-14, 4.03772432088e-15, 5.76987239318e-15, 1.80282894834e-15, 9.6494734505e-16, 3.91872937374e-16, 6.44303287565e-17, 8.77246546308e-18, 1.10059647864e-18, 1.20566371927e-18, 2.53426917334e-19, 3.6762160489e-19, 6.5645660873e-20, 1.025089471e-20], "dvar2": [4.35992442362e-05, 1.45519161379e-05, 7.1992312769e-06, 1.06323818727e-06, 4.91705634431e-07, 1.07502660285e-06, 1.49982327002e-07, 1.3938478105e-07, 3.09623715111e-07, 1.80416236617e-07, 4.65623131163e-08, 1.15561711311e-08, 1.35359157216e-09, 2.74227107688e-09, 1.42551226379e-09, 7.52238327184e-10, 1.37875877382e-10, 1.31397226433e-10, 7.35115301964e-11, 7.15346948343e-11, 9.83420983536e-11, 2.04962661426e-11, 7.29818722817e-12, 6.10604286317e-13, 3.25075253174e-12, 9.59039230951e-14, 2.20413083943e-14, 7.25626952595e-15, 1.15576900264e-14, 4.15106241142e-15, 2.33167608654e-15, 8.94526084607e-16, 1.34353705881e-16, 2.11008943528e-17, 2.80079364264e-18, 3.26205188608e-18, 7.09816091341e-19, 1.04637189435e-18, 1.94273293025e-19, 3.04587385523e-20], "max": [0.0778923332691, 0.0410723760724, 0.0389872938395, 0.0289204120636, 0.0214169565588, 0.0233424194157, 0.00573579408228, 0.00633466243744, 0.00639010034502, 0.00995765253901, 0.00548973865807, 0.0020153443329, 0.00149993039668, 0.00317564816214, 0.0016575246118, 0.00038710294757, 0.000331320916303, 0.000249463948421, 0.000142328775837, 0.000115341783385, 0.000236555832089, 0.000101161822386, 3.74968258257e-05, 1.87581026694e-05, 8.32120858831e-05, 5.3427779676e-06, 9.88735155261e-06, 1.58420152729e-06, 3.82796133636e-06, 2.52580548477e-06, 1.16909222925e-06, 8.12715484244e-07, 3.18236629937e-07, 1.95761870714e-07, 7.04874878465e-08, 6.50701394989e-08, 2.50973268834e-08, 3.00493603334e-08, 1.50766048534e-08, 2.21321316829e-09], "mean": [0.0120718022808, 0.00705344090238, 0.00205015181564, 0.00139949878212, 0.000774470390752, 0.000586385198403, 0.000395215087337, 0.000272251694696, 0.000267106137471, 0.000218015775317, 0.000119560063467, 8.25108145364e-05, 1.88297908608e-05, 3.0309191061e-05, 2.30476944125e-05, 1.7400512661e-05, 7.66014636611e-06, 6.35713968222e-06, 5.61873912375e-06, 3.33130969921e-06, 2.77573849417e-06, 1.24909900023e-06, 8.59837768985e-07, 4.26463486747e-07, 3.13500606808e-07, 9.89168782439e-08, 5.77382657241e-08, 3.53260780628e-08, 1.67287250719e-08, 8.92333762437e-09, 5.71140024164e-09, 3.50088869006e-09, 1.82714487984e-09, 8.68175975555e-10, 5.00098351619e-10, 3.64017205268e-10, 2.63936122957e-10, 1.99636709941e-10, 1.43831058175e-10, 1.0486298635e-10], "median": [0.0112184286118, 0.00558613566682, 0.00112604559399, 0.000702974037267, 0.000269609503448, 0.000179045106051, 0.000184603981324, 9.68720778474e-05, 5.57375933568e-05, 4.95530621265e-05, 4.19059979322e-05, 2.56993589574e-05, 7.56931603973e-06, 9.69174470811e-06, 6.49234561934e-06, 4.84318161398e-06, 2.47088382821e-06, 1.54698307142e-06, 1.5853597688e-06, 6.75180899634e-07, 2.75146675222e-07, 1.23391757256e-07, 9.25622813952e-08, 4.62980196403e-08, 2.12044746206e-08, 9.76430669652e-09, 4.39755432069e-09, 1.91510318714e-09, 8.93230045484e-10, 4.95121055266e-10, 3.21955184734e-10, 3.14151760161e-10, 3.18273074562e-10, 2.05871597547e-10, 1.2481414513e-10, 1.17883411366e-10, 1.08108647034e-10, 7.16310621929e-11, 5.54608269032e-11, 4.46876563531e-11], "min": [1.15045320827e-23, 4.65818341342e-24, 1.77381559208e-23, 1.2361556881e-23, 4.887264676e-24, 4.62980966438e-24, 3.01105052079e-24, 6.61549799171e-24, 8.99651212877e-24, 1.07558391859e-23, 1.18361218756e-23, 9.39152554959e-24, 1.10632219931e-23, 4.87260882367e-24, 5.75847516554e-24, 2.29279282436e-23, 1.29402754963e-23, 9.2344041788e-24, 1.3356511642e-23, 1.12406865089e-23, 8.25011402836e-24, 2.88159016321e-24, 8.57838745001e-24, 8.71415120066e-24, 6.90342591123e-24, 8.56179612745e-24, 9.7985209787e-24, 1.10436416766e-23, 1.87146521255e-23, 7.14280101975e-24, 7.11397604228e-24, 9.92491779496e-24, 1.00669671893e-23, 1.31649067945e-23, 1.29587592962e-23, 1.15573297542e-23, 1.28958413281e-23, 1.35443583562e-23, 8.26939457774e-24, 1.31391962399e-23], "var": [5.29083918082e-05, 3.57534554496e-05, 7.83258201409e-06, 4.14342093791e-06, 2.0764787223e-06, 1.51747531163e-06, 3.14801695822e-07, 2.86419947315e-07, 3.73310939494e-07, 4.78928086523e-07, 9.98140592401e-08, 2.26144312165e-08, 1.8221482101e-09, 9.85496306782e-09, 4.15493062178e-09, 1.11974229888e-09, 2.94519575395e-10, 2.0872556461e-10, 9.85641637752e-11, 7.00633787099e-11, 1.42682518578e-10, 2.23945584299e-11, 7.17236773445e-12, 1.64598955125e-12, 3.07762561096e-12, 8.71273132851e-14, 4.53212974419e-14, 1.16749456443e-14, 9.67586996176e-15, 2.29116800639e-15, 1.05555160068e-15, 4.31204091717e-16, 8.90207540065e-17, 1.16742555838e-17, 2.02015124532e-18, 1.16408672655e-18, 3.08564631467e-19, 3.23447109951e-19, 8.26849804931e-20, 2.65267952872e-20]}, "mfcc": {"mean": [-806.650390625, 270.932312012, 24.091255188, 3.86072063446, 24.9576873779, 10.4433050156, 5.78805923462, 8.46359539032, 7.31232881546, 7.47961759567, 6.33520269394, 2.29469442368, 2.40988612175], "cov": [[4716.53222656, 1638.82299805, -1729.74304199, 442.369934082, 85.380279541, -446.941802979, -20.9807872772, 3.87787175179, -109.012786865, -59.0860786438, 24.2838478088, -37.1802024841, -39.8015022278], [1638.82299805, 1206.39099121, -198.8644104, -147.72467041, 79.7232437134, -89.980430603, -39.2974853516, 13.823638916, -58.3346290588, -32.7849388123, 5.72023820877, -20.2895641327, -27.8809890747], [-1729.74304199, -198.8644104, 1098.34033203, -219.475738525, -84.733253479, 256.746154785, 22.2551174164, -10.8901748657, 53.6971282959, 23.6405735016, -21.8580188751, 15.6135606766, 8.92366504669], [442.369934082, -147.72467041, -219.475738525, 398.780181885, 50.4252891541, -63.5953102112, 65.5985794067, 38.2171669006, 28.0340118408, 20.1042308807, 22.2100524902, 27.5212955475, 20.6881370544], [85.380279541, 79.7232437134, -84.733253479, 50.4252891541, 215.66633606, 1.72916686535, -3.95079994202, 70.2545471191, -4.85018444061, 0.429513692856, 33.8769111633, 9.93092250824, 10.3382759094], [-446.941802979, -89.980430603, 256.746154785, -63.5953102112, 1.72916686535, 149.36630249, 33.8946266174, -14.3167028427, 14.6553115845, 6.21803236008, -8.68487358093, -8.37646961212, 1.53217113018], [-20.9807872772, -39.2974853516, 22.2551174164, 65.5985794067, -3.95079994202, 33.8946266174, 109.313247681, 59.9175415039, 19.7890071869, 23.4760875702, 18.8593940735, 20.2509803772, 12.251534462], [3.87787175179, 13.823638916, -10.8901748657, 38.2171669006, 70.2545471191, -14.3167028427, 59.9175415039, 148.305511475, 60.3058280945, 16.8993530273, 49.1563262939, 35.2374839783, 9.03003692627], [-109.012786865, -58.3346290588, 53.6971282959, 28.0340118408, -4.85018444061, 14.6553115845, 19.7890071869, 60.3058280945, 99.9421615601, 49.8925590515, 13.5621852875, 21.9655971527, 4.29788017273], [-59.0860786438, -32.7849388123, 23.6405735016, 20.1042308807, 0.429513692856, 6.21803236008, 23.4760875702, 16.8993530273, 49.8925590515, 81.8268966675, 36.2860450745, 5.09416103363, 0.833721101284], [24.2838478088, 5.72023820877, -21.8580188751, 22.2100524902, 33.8769111633, -8.68487358093, 18.8593940735, 49.1563262939, 13.5621852875, 36.2860450745, 91.8202285767, 47.0664291382, -1.52085661888], [-37.1802024841, -20.2895641327, 15.6135606766, 27.5212955475, 9.93092250824, -8.37646961212, 20.2509803772, 35.2374839783, 21.9655971527, 5.09416103363, 47.0664291382, 100.567443848, 37.9783096313], [-39.8015022278, -27.8809890747, 8.92366504669, 20.6881370544, 10.3382759094, 1.53217113018, 12.251534462, 9.03003692627, 4.29788017273, 0.833721101284, -1.52085661888, 37.9783096313, 59.1356544495]], "icov": [[0.184260755777, -0.259115338326, 0.256876856089, -0.251432210207, 0.241302758455, -0.232287093997, 0.21557970345, -0.191306084394, 0.162780746818, -0.126223385334, 0.0927958637476, -0.0584383830428, 0.0292979814112], [-0.259115338326, 0.365420520306, -0.361229777336, 0.354361563921, -0.340179741383, 0.327956408262, -0.304228484631, 0.269868075848, -0.229442119598, 0.178245723248, -0.130895376205, 0.0824515670538, -0.0409344360232], [0.256876856089, -0.361229777336, 0.360232234001, -0.350779980421, 0.338506877422, -0.329084068537, 0.304377615452, -0.271130651236, 0.230715677142, -0.179904863238, 0.132609158754, -0.0841069743037, 0.0418228022754], [-0.251432210207, 0.354361563921, -0.350779980421, 0.348555952311, -0.333593845367, 0.323842406273, -0.303785800934, 0.270250916481, -0.231533184648, 0.179614692926, -0.132095843554, 0.0831989571452, -0.0420962758362], [0.241302758455, -0.340179741383, 0.338506877422, -0.333593845367, 0.328941017389, -0.316960960627, 0.29872533679, -0.27050229907, 0.231121301651, -0.179401263595, 0.130412623286, -0.0823848545551, 0.0397653728724], [-0.232287093997, 0.327956408262, -0.329084068537, 0.323842406273, -0.316960960627, 0.323127537966, -0.299466520548, 0.271110773087, -0.233931168914, 0.184004172683, -0.13572435081, 0.0878856182098, -0.0431943163276], [0.21557970345, -0.304228484631, 0.304377615452, -0.303785800934, 0.29872533679, -0.299466520548, 0.296938657761, -0.266128063202, 0.22986073792, -0.183232843876, 0.134058624506, -0.0860227793455, 0.0412316247821], [-0.191306084394, 0.269868075848, -0.271130651236, 0.270250916481, -0.27050229907, 0.271110773087, -0.266128063202, 0.256043940783, -0.221990421414, 0.175681054592, -0.132642671466, 0.0823627412319, -0.0415006615222], [0.162780746818, -0.229442119598, 0.230715677142, -0.231533184648, 0.231121301651, -0.233931168914, 0.22986073792, -0.221990421414, 0.210435554385, -0.16568094492, 0.122258923948, -0.0795712396502, 0.0407891385257], [-0.126223385334, 0.178245723248, -0.179904863238, 0.179614692926, -0.179401263595, 0.184004172683, -0.183232843876, 0.175681054592, -0.16568094492, 0.147920459509, -0.106462717056, 0.0684191510081, -0.0355969704688], [0.0927958637476, -0.130895376205, 0.132609158754, -0.132095843554, 0.130412623286, -0.13572435081, 0.134058624506, -0.132642671466, 0.122258923948, -0.106462717056, 0.0960519239306, -0.0603369250894, 0.0339780934155], [-0.0584383830428, 0.0824515670538, -0.0841069743037, 0.0831989571452, -0.0823848545551, 0.0878856182098, -0.0860227793455, 0.0823627412319, -0.0795712396502, 0.0684191510081, -0.0603369250894, 0.052691873163, -0.0300753600895], [0.0292979814112, -0.0409344360232, 0.0418228022754, -0.0420962758362, 0.0397653728724, -0.0431943163276, 0.0412316247821, -0.0415006615222, 0.0407891385257, -0.0355969704688, 0.0339780934155, -0.0300753600895, 0.0354342497885]]}, "spectral_contrast_coeffs": {"dmean": [0.0338213071227, 0.0330016575754, 0.0271640531719, 0.0225790292025, 0.0186132285744, 0.0224032420665], "dmean2": [0.0551959685981, 0.0533003024757, 0.0419940650463, 0.0367514677346, 0.0298559442163, 0.0389496088028], "dvar": [0.000890598865226, 0.000848265481181, 0.000599891180173, 0.000474265281809, 0.000340502272593, 0.000552157580387], "dvar2": [0.00241643632762, 0.00220586196519, 0.0013589222217, 0.00113708991557, 0.000742448319215, 0.00151363026816], "max": [-0.302538126707, -0.404945760965, -0.423512786627, -0.536959767342, -0.552698373795, -0.606379628181], "mean": [-0.654423594475, -0.67982763052, -0.69595015049, -0.727450430393, -0.751287996769, -0.852019309998], "median": [-0.657320559025, -0.681113600731, -0.697090923786, -0.729861795902, -0.767903983593, -0.849366307259], "min": [-0.975839734077, -0.969735503197, -0.958585560322, -0.953584194183, -0.959512889385, -0.963452339172], "var": [0.00596455624327, 0.00507616531104, 0.00418586842716, 0.00351253896952, 0.00437276344746, 0.00287384632975]}, "spectral_contrast_valleys": {"dmean": [0.244796067476, 0.258930325508, 0.250685155392, 0.231657072902, 0.201875373721, 0.432237178087], "dmean2": [0.403538912535, 0.415285885334, 0.398695260286, 0.376705080271, 0.326468020678, 0.765940964222], "dvar": [0.0598425604403, 0.0661142170429, 0.0739756077528, 0.0829027891159, 0.0819885656238, 0.249917566776], "dvar2": [0.140358194709, 0.135082006454, 0.143252506852, 0.162899717689, 0.165515765548, 0.734066903591], "max": [-4.86472082138, -4.9002904892, -5.97327280045, -6.92932271957, -8.30401515961, -11.9216594696], "mean": [-6.51235437393, -7.0333533287, -8.219095230