{"lowlevel": {"average_loudness": 0.899401187897, "barkbands_crest": {"dmean": 2.48747944832, "dmean2": 3.99668502808, "dvar": 7.21679353714, "dvar2": 17.8018741608, "max": 26.5145835876, "mean": 12.8168077469, "median": 12.2292222977, "min": 2.59495520592, "var": 19.9038619995}, "barkbands_flatness_db": {"dmean": 0.0497548729181, "dmean2": 0.0641319826245, "dvar": 0.00247247214429, "dvar2": 0.00531377270818, "max": 0.644499123096, "mean": 0.250695288181, "median": 0.241085857153, "min": 0.0235032904893, "var": 0.0105342278257}, "barkbands_kurtosis": {"dmean": 16.8182888031, "dmean2": 24.5927562714, "dvar": 1408.46398926, "dvar2": 3186.2644043, "max": 979.584411621, "mean": 25.8735942841, "median": 8.3381986618, "min": -1.84794259071, "var": 2928.23803711}, "barkbands_skewness": {"dmean": 1.1540697813, "dmean2": 1.64645528793, "dvar": 2.07567667961, "dvar2": 4.45816230774, "max": 24.3865242004, "mean": 2.86680459976, "median": 2.16596055031, "min": -2.08300065994, "var": 7.99471092224}, "barkbands_spread": {"dmean": 4.31906986237, "dmean2": 6.40069007874, "dvar": 67.4560623169, "dvar2": 140.150543213, "max": 132.716415405, "mean": 10.7772817612, "median": 5.982401371, "min": 0.117353230715, "var": 297.715759277}, "dissonance": {"dmean": 0.0426376014948, "dmean2": 0.0657874345779, "dvar": 0.0016622148687, "dvar2": 0.00366392731667, "max": 0.499976485968, "mean": 0.380676478148, "median": 0.389771819115, "min": 0.123524576426, "var": 0.00675281044096}, "dynamic_complexity": 4.58031988144, "erbbands_crest": {"dmean": 2.33664679527, "dmean2": 3.4679236412, "dvar": 7.50288438797, "dvar2": 15.8314590454, "max": 33.6707992554, "mean": 12.2019300461, "median": 11.2125358582, "min": 2.28080821037, "var": 31.7209281921}, "erbbands_flatness_db": {"dmean": 0.043627936393, "dmean2": 0.0520399883389, "dvar": 0.00219888729043, "dvar2": 0.00451248046011, "max": 0.497980237007, "mean": 0.198663055897, "median": 0.188927024603, "min": 0.0286638569087, "var": 0.00990353804082}, "erbbands_kurtosis": {"dmean": 3.81305384636, "dmean2": 5.3158197403, "dvar": 132.531692505, "dvar2": 249.987792969, "max": 276.244812012, "mean": 5.45095491409, "median": 2.11134767532, "min": -1.82073044777, "var": 288.240539551}, "erbbands_skewness": {"dmean": 0.609560310841, "dmean2": 0.821625113487, "dvar": 0.598632931709, "dvar2": 1.20387578011, "max": 14.7233905792, "mean": 1.12323188782, "median": 0.917866945267, "min": -3.50946784019, "var": 2.08399748802}, "erbbands_spread": {"dmean": 12.0305252075, "dmean2": 16.6547584534, "dvar": 312.59765625, "dvar2": 627.057800293, "max": 163.835861206, "mean": 31.8901119232, "median": 17.3315391541, "min": 0.641245901585, "var": 1022.83105469}, "hfc": {"dmean": 3.96280121803, "dmean2": 5.51057767868, "dvar": 40.9215087891, "dvar2": 83.1739883423, "max": 115.926467896, "mean": 10.9190282822, "median": 6.55336046219, "min": 4.17873027847e-11, "var": 142.89604187}, "melbands_crest": {"dmean": 2.81536722183, "dmean2": 4.47788858414, "dvar": 8.35092639923, "dvar2": 20.4709854126, "max": 34.1637153625, "mean": 17.8724632263, "median": 17.7458705902, "min": 3.03995084763, "var": 31.8001499176}, "melbands_flatness_db": {"dmean": 0.053986556828, "dmean2": 0.0697411894798, "dvar": 0.00286332308315, "dvar2": 0.00617462443188, "max": 0.817028045654, "mean": 0.355833292007, "median": 0.347447782755, "min": 0.0191428866237, "var": 0.0145558258519}, "melbands_kurtosis": {"dmean": 30.544095993, "dmean2": 45.1732215881, "dvar": 4235.52246094, "dvar2": 8920.3046875, "max": 1035.09265137, "mean": 51.3611526489, "median": 11.3460731506, "min": -1.64485251904, "var": 10763.7890625}, "melbands_skewness": {"dmean": 1.34403157234, "dmean2": 1.95588099957, "dvar": 3.65556025505, "dvar2": 7.40683460236, "max": 23.1370506287, "mean": 3.63289642334, "median": 2.45119738579, "min": -1.77242910862, "var": 13.2369632721}, "melbands_spread": {"dmean": 2.95770525932, "dmean2": 4.50836181641, "dvar": 47.7387237549, "dvar2": 95.3198394775, "max": 215.386459351, "mean": 10.05119133, "median": 6.14462947845, "min": 0.252551585436, "var": 501.813415527}, "pitch_salience": {"dmean": 0.0709630250931, "dmean2": 0.113939441741, "dvar": 0.00616635894403, "dvar2": 0.0147964712232, "max": 0.916738808155, "mean": 0.446086674929, "median": 0.449504315853, "min": 0.0864028409123, "var": 0.0199301466346}, "silence_rate_20dB": {"dmean": 0, "dmean2": 0, "dvar": 0, "dvar2": 0, "max": 1, "mean": 1, "median": 1, "min": 1, "var": 0}, "silence_rate_30dB": {"dmean": 0.0276073627174, "dmean2": 0.0552217811346, "dvar": 0.0268457848579, "dvar2": 0.069047562778, "max": 1, "mean": 0.976741194725, "median": 1, "min": 0, "var": 0.0227169133723}, "silence_rate_60dB": {"dmean": 0.0426891632378, "dmean2": 0.0852614119649, "dvar": 0.0408657118678, "dvar2": 0.0846338793635, "max": 1, "mean": 0.129584670067, "median": 0, "min": 0, "var": 0.112787306309}, "spectral_centroid": {"dmean": 149.803970337, "dmean2": 227.851318359, "dvar": 71017.6328125, "dvar2": 155795.96875, "max": 4327.23632812, "mean": 602.96081543, "median": 483.354187012, "min": 91.7721710205, "var": 321937.71875}, "spectral_complexity": {"dmean": 1.57413089275, "dmean2": 2.49980831146, "dvar": 7.39437961578, "dvar2": 14.5478219986, "max": 41, "mean": 7.08115005493, "median": 7, "min": 0, "var": 21.8753356934}, "spectral_decrease": {"dmean": 3.66095820326e-09, "dmean2": 5.83414117017e-09, "dvar": 3.70791981383e-17, "dvar2": 9.07010953203e-17, "max": 6.01182378776e-18, "mean": -8.6572731206e-09, "median": -7.02629376903e-09, "min": -4.77498218743e-08, "var": 6.45898290309e-17}, "spectral_energy": {"dmean": 0.0141082759947, "dmean2": 0.0224121306092, "dvar": 0.000546483730432, "dvar2": 0.00133333192207, "max": 0.189771234989, "mean": 0.0336649343371, "median": 0.0273081250489, "min": 4.18455282361e-15, "var": 0.000971179280896}, "spectral_energyband_high": {"dmean": 0.000149059007526, "dmean2": 0.000218563262024, "dvar": 8.4971851777e-08, "dvar2": 1.84409330473e-07, "max": 0.00265517225489, "mean": 0.000186443212442, "median": 2.74923022516e-05, "min": 3.3411434833e-15, "var": 1.26764973629e-07}, "spectral_energyband_low": {"dmean": 0.0119589259848, "dmean2": 0.0197880398482, "dvar": 0.000486580218421, "dvar2": 0.00124319060706, "max": 0.160178273916, "mean": 0.0196603275836, "median": 0.0141865266487, "min": 8.99940676548e-17, "var": 0.000566279573832}, "spectral_energyband_middle_high": {"dmean": 0.000551760196686, "dmean2": 0.000763813499361, "dvar": 2.35304241869e-06, "dvar2": 5.33148795512e-06, "max": 0.0266081541777, "mean": 0.00171212037094, "median": 0.000441631738795, "min": 5.96753875461e-16, "var": 9.01155635802e-06}, "spectral_energyband_middle_low": {"dmean": 0.00393982697278, "dmean2": 0.00554975494742, "dvar": 5.81944514124e-05, "dvar2": 0.000105055740278, "max": 0.177185609937, "mean": 0.012940379791, "median": 0.00709986453876, "min": 1.14765089594e-16, "var": 0.000280708918581}, "spectral_entropy": {"dmean": 0.478502482176, "dmean2": 0.598567247391, "dvar": 0.270105332136, "dvar2": 0.558885633945, "max": 8.99054336548, "mean": 6.6155128479, "median": 6.60889053345, "min": 3.46844577789, "var": 1.06937777996}, "spectral_flux": {"dmean": 0.0413542687893, "dmean2": 0.065293379128, "dvar": 0.00294245220721, "dvar2": 0.00656207464635, "max": 0.38047477603, "mean": 0.0678093284369, "median": 0.045381270349, "min": 6.57904138279e-06, "var": 0.00431543029845}, "spectral_kurtosis": {"dmean": 12.3671960831, "dmean2": 18.1086959839, "dvar": 480.205535889, "dvar2": 1071.33850098, "max": 334.296112061, "mean": 22.8780174255, "median": 7.89947319031, "min": -0.842035770416, "var": 1454.24060059}, "spectral_rms": {"dmean": 0.00112143007573, "dmean2": 0.00170762534253, "dvar": 2.69387169283e-06, "dvar2": 5.99446593696e-06, "max": 0.0136067140847, "mean": 0.00502486154437, "median": 0.00516159599647, "min": 2.02051730902e-09, "var": 7.59429531172e-06}, "spectral_rolloff": {"dmean": 254.881088257, "dmean2": 420.912384033, "dvar": 1084024.375, "dvar2": 2186955.75, "max": 18690.8203125, "mean": 915.212646484, "median": 452.197265625, "min": 64.599609375, "var": 6558569.5}, "spectral_skewness": {"dmean": 0.922552168369, "dmean2": 1.27791714668, "dvar": 1.45836091042, "dvar2": 3.13068056107, "max": 15.7603931427, "mean": 3.25604963303, "median": 2.49678444862, "min": 0.529091238976, "var": 5.23656368256}, "spectral_spread": {"dmean": 1201224.75, "dmean2": 1496821.875, "dvar": 1592193581060.0, "dvar2": 2932593655810.0, "max": 20799500, "mean": 4969351.5, "median": 4669343.5, "min": 338958.3125, "var": 8860749266940.0}, "spectral_strongpeak": {"dmean": 0.321048498154, "dmean2": 0.538029313087, "dvar": 0.417148441076, "dvar2": 0.90669220686, "max": 9.23668766022, "mean": 0.825631320477, "median": 0.500486791134, "min": 0, "var": 1.09339606762}, "zerocrossingrate": {"dmean": 0.0103373462334, "dmean2": 0.0112413913012, "dvar": 0.000283969071461, "dvar2": 0.000282200897345, "max": 0.63427734375, "mean": 0.0409063622355, "median": 0.02294921875, "min": 0.0029296875, "var": 0.00561179593205}, "barkbands": {"dmean": [0.000210910002352, 0.00854489393532, 0.00394999329001, 0.000808252429124, 0.00100034871139, 0.000757300527766, 0.000893129501492, 0.00127068033908, 0.000426910497481, 0.000227771583013, 5.87240101595e-05, 0.000177565452759, 6.28512716503e-05, 4.0831779188e-05, 4.31905427831e-05, 3.72615359083e-05, 2.30207024288e-05, 2.19579451368e-05, 2.65304461209e-05, 2.81216944131e-05, 2.42795413214e-05, 2.30842488236e-05, 1.56590576808e-05, 1.76588164322e-05, 2.21737918764e-05, 2.42180940404e-05, 2.35679799516e-05], "dmean2": [0.000354241696186, 0.0143566746265, 0.00661363825202, 0.0013548550196, 0.00169791467488, 0.00123383454047, 0.00110471388325, 0.00161639892031, 0.000564975023735, 0.000284687324893, 9.13717522053e-05, 0.000242396039539, 0.000102321959275, 6.12988078501e-05, 6.75288320053e-05, 6.19411366642e-05, 3.79443627025e-05, 3.64502047887e-05, 4.37729540863e-05, 4.76257628179e-05, 4.07083898608e-05, 3.78012264264e-05, 2.38029715547e-05, 2.54638107435e-05, 3.16125515383e-05, 3.12292177114e-05, 3.24400352838e-05], "dvar": [1.85312316603e-07, 0.000263245688984, 6.38755373075e-05, 2.13510952563e-06, 3.06513970827e-06, 8.38230062072e-06, 1.39711746669e-05, 2.69417923846e-05, 5.87901422477e-06, 4.46422689038e-07, 4.02325603943e-08, 3.06524242433e-07, 7.15599881573e-08, 2.48925591251e-08, 4.22960937385e-08, 4.98561760764e-08, 7.5540667055e-09, 3.72147490602e-09, 4.5268855331e-09, 5.69433789011e-09, 3.98777988408e-09, 3.53059315117e-09, 1.22048637863e-09, 1.00628894106e-09, 1.79849002357e-09, 2.38058572855e-09, 2.72518430044e-09], "dvar2": [4.66897319029e-07, 0.000668381864671, 0.000171388790477, 5.59566160518e-06, 8.03060265753e-06, 2.24720497499e-05, 1.96503606276e-05, 4.34423345723e-05, 1.12839015856e-05, 6.81106030243e-07, 9.16219988767e-08, 6.13362260538e-07, 1.83598061199e-07, 6.09321517686e-08, 1.10848219492e-07, 1.36201208534e-07, 1.99050997907e-08, 9.52322487535e-09, 1.21410943521e-08, 1.59999054006e-08, 1.1186093829e-08, 9.76925029761e-09, 3.17872528299e-09, 2.07932449037e-09, 3.32521210566e-09, 3.82852283209e-09, 4.85593520949e-09], "max": [0.00362837896682, 0.135813713074, 0.0724666491151, 0.0202142652124, 0.0298520177603, 0.0818298608065, 0.104624696076, 0.160043001175, 0.139844551682, 0.020658813417, 0.00560606177896, 0.0117455096915, 0.00759905856103, 0.00364405824803, 0.00381936063059, 0.00518761062995, 0.00265626632608, 0.000907356326934, 0.00067740411032, 0.000798713823315, 0.000689969048835, 0.000796213687863, 0.000352565926732, 0.000307062611682, 0.00047404988436, 0.000530716497451, 0.000509187113494], "mean": [0.000193569154362, 0.0122962882742, 0.00643214443699, 0.00125030707568, 0.00226444774307, 0.00198465865105, 0.00243070395663, 0.00312635186128, 0.00165298732463, 0.000909426773433, 0.000118641713925, 0.000427252467489, 0.000138343166327, 7.39479655749e-05, 5.83796827414e-05, 3.80679302907e-05, 2.46844538196e-05, 1.94791227841e-05, 2.38391294261e-05, 2.42902224272e-05, 2.49649656325e-05, 2.46042036451e-05, 1.75207096618e-05, 2.24231898756e-05, 2.90113548544e-05, 3.00577539747e-05, 2.84179623122e-05], "median": [4.10454558732e-05, 0.00542598450556, 0.00284987315536, 0.000586655223742, 0.00145341537427, 0.000326431385474, 0.000309436087264, 0.000367024273146, 0.00020536154625, 9.29619054659e-05, 1.27799949041e-05, 4.36710142822e-05, 1.53072433022e-05, 1.28944766402e-05, 8.29684813652e-06, 5.6917110669e-06, 4.60492356069e-06, 3.26287431562e-06, 3.18407887789e-06, 3.68518954019e-06, 5.04783383803e-06, 4.47910315415e-06, 3.11396411234e-06, 3.45052126249e-06, 3.17411240758e-06, 1.72274963006e-06, 7.98940277491e-07], "min": [4.89912408512e-17, 4.99547805334e-17, 1.3016673765e-17, 5.30221118285e-18, 1.0882549439e-17, 2.0701907093e-17, 3.86379836067e-17, 2.01525781026e-17, 1.4026180701e-17, 1.37463306105e-17, 5.71608355772e-18, 7.94003059928e-18, 1.01690639744e-17, 6.45101285246e-17, 5.28036037979e-17, 1.44057262385e-16, 7.72835971274e-17, 9.38150994543e-17, 6.15225242056e-17, 1.72205106899e-16, 2.08552561215e-16, 1.63716672097e-16, 3.00909804471e-16, 4.54216865163e-16, 4.59484668941e-16, 7.77804626838e-16, 8.91847131153e-16], "var": [1.64503518363e-07, 0.000304038985632, 7.71345730755e-05, 3.36806260748e-06, 7.14043471817e-06, 2.42827591137e-05, 5.33305719728e-05, 9.12808827707e-05, 2.20859274123e-05, 3.86266674468e-06, 1.28561396195e-07, 1.3698654584e-06, 2.02548903872e-07, 3.93549015598e-08, 3.92780670211e-08, 3.60249821085e-08, 6.14803319365e-09, 3.02763236704e-09, 3.40427153134e-09, 3.81207909683e-09, 3.07014413892e-09, 2.75927813931e-09, 1.18571608088e-09, 1.79174508563e-09, 3.47765438669e-09, 4.69484984222e-09, 4.83384976491e-09]}, "erbbands": {"dmean": [0.177859574556, 2.1783053875, 4.98722267151, 3.18038129807, 2.7837138176, 3.50639009476, 3.78312849998, 6.84826231003, 16.1419868469, 10.012219429, 27.9982261658, 11.0459136963, 6.20495414734, 5.52791452408, 4.33445882797, 5.33284568787, 2.9314186573, 2.14389967918, 1.9527271986, 2.32477593422, 1.98310434818, 1.32895791531, 1.20306098461, 1.33264935017, 1.49944043159, 1.1716504097, 0.791398763657, 1.15907168388, 0.802641689777, 0.605781435966, 0.468494027853, 0.353185415268, 0.302546262741, 0.268812149763, 0.151501998305, 0.0806626528502, 0.0460026860237, 0.0251957476139, 0.0041718040593, 0.000136836795718], "dmean2": [0.301060259342, 3.66180229187, 8.32607460022, 5.34904718399, 4.52936458588, 6.04927587509, 6.38839817047, 11.0293560028, 20.6346626282, 12.21301651, 36.8531608582, 14.2808904648, 8.06054401398, 6.97791481018, 5.9636092186, 7.55638408661, 4.71756362915, 3.32216024399, 2.88100719452, 3.75214385986, 3.30706501007, 2.18294048309, 1.97547197342, 2.17265200615, 2.569231987, 1.95160889626, 1.25175023079, 2.02467012405, 1.29437530041, 0.961472451687, 0.723207712173, 0.520832717419, 0.440980672836, 0.390274822712, 0.201911687851, 0.106714248657, 0.060325872153, 0.0340498052537, 0.00599343655631, 0.00018973495753], "dvar": [0.134082838893, 16.6817455292, 94.8163833618, 38.4870948792, 22.0901565552, 50.2803535461, 80.7806243896, 876.30065918, 3731.96704102, 1171.72253418, 11056.2109375, 4205.14013672, 399.56729126, 230.238815308, 153.54586792, 320.542419434, 156.160598755, 72.7714385986, 68.4223861694, 152.688461304, 128.310409546, 25.4551372528, 12.2774467468, 10.147977829, 20.0240974426, 8.74689769745, 2.85367298126, 10.925860405, 3.9207367897, 2.25670790672, 1.31729507446, 0.438454121351, 0.305000036955, 0.293316185474, 0.0770790725946, 0.0235765576363, 0.00993905309588, 0.00325425248593, 8.06062744232e-05, 7.89829073256e-08], "dvar2": [0.344042420387, 42.467010498, 254.797134399, 103.786735535, 54.0625953674, 136.196868896, 201.673477173, 2311.25, 5612.32861328, 1664.6027832, 19314.8691406, 8147.19824219, 669.447937012, 356.250640869, 294.130767822, 713.517211914, 394.057312012, 186.130752563, 166.768066406, 408.859100342, 355.43927002, 67.0049514771, 30.8059864044, 26.1251525879, 56.2713394165, 24.2930965424, 7.35222005844, 31.3401565552, 10.6887788773, 6.1078748703, 3.57180857658, 1.02220642567, 0.630985617638, 0.595895469189, 0.127092599869, 0.0395695082843, 0.0167630426586, 0.00538554461673, 0.000143921846757, 1.36851596721e-07], "max": [3.67633533478, 33.9570159912, 83.3930892944, 72.9821090698, 71.3133850098, 115.407997131, 204.073638916, 904.605895996, 1617.80187988, 1018.29364014, 3084.71411133, 3750.84399414, 590.53527832, 454.978210449, 275.6378479, 597.066650391, 382.973510742, 202.79750061, 159.95085144, 244.497253418, 251.340484619, 150.173400879, 75.1044235229, 39.3024520874, 44.5491409302, 28.0613307953, 18.1350193024, 34.6411399841, 25.5481529236, 18.1106510162, 12.8322753906, 6.36639785767, 5.6447634697, 6.09293317795, 3.29836130142, 1.39076864719, 1.17699050903, 0.618184089661, 0.0837546288967, 0.00281891203485], "mean": [0.217403829098, 3.23521661758, 8.42049694061, 5.15161418915, 5.92900562286, 6.65215873718, 11.459731102, 17.0297698975, 43.7557411194, 27.4573440552, 71.4370651245, 44.8526420593, 25.2353954315, 22.5236949921, 10.6930799484, 12.837187767, 6.91140460968, 4.02216386795, 3.16612100601, 2.73247647285, 2.15440702438, 1.3995680809, 1.12966787815, 1.20498776436, 1.27511060238, 1.02216601372, 0.908695936203, 1.07706010342, 0.870311737061, 0.664979279041, 0.499296277761, 0.432021200657, 0.380747258663, 0.341416507959, 0.197573557496, 0.0998127907515, 0.0569780170918, 0.0312626846135, 0.00510754156858, 0.000191829618416], "median": [0.0730702653527, 1.51609456539, 4.98635482788, 3.29351305962, 3.26280999184, 2.97552442551, 2.94555640221, 2.83390545845, 6.4457244873, 4.92080450058, 13.0364894867, 6.68421125412, 4.72301197052, 3.56950640678, 2.55551362038, 1.71882748604, 0.843429982662, 0.791142582893, 0.585873365402, 0.379173606634, 0.355150282383, 0.258692264557, 0.195092365146, 0.166007608175, 0.176370814443, 0.16096046567, 0.217980802059, 0.157628715038, 0.159848615527, 0.125488013029, 0.0870781168342, 0.0679334178567, 0.0565698221326, 0.0407776758075, 0.02002270706, 0.0079488530755, 0.00293350988068, 0.00101844256278, 0.000154484208906, 4.88846671942e-05], "min": [2.19308201461e-15, 8.65161400501e-15, 1.59899847405e-14, 1.73389558597e-14, 2.23105869445e-14, 3.9961049335e-14, 7.17108393066e-14, 2.11510537275e-13, 4.91580680242e-13, 5.56226451617e-13, 3.98372171839e-13, 3.13626078233e-13, 4.50313831363e-13, 2.70804049757e-13, 3.5315045159e-13, 2.62745473165e-13, 4.24747856245e-13, 3.10191022174e-12, 3.02237640297e-12, 4.89111312216e-12, 6.95571551745e-12, 4.48524897778e-12, 5.80743309345e-12, 2.90574747423e-12, 4.13372764838e-12, 7.58998940087e-12, 1.0565217104e-11, 6.1784214897e-12, 4.96209713943e-12, 1.30496767906e-11, 6.18045111617e-12, 6.26673235873e-12, 8.27306799456e-12, 3.82519016462e-12, 4.64015978419e-12, 2.71995403631e-12, 1.17023730116e-12, 5.98861617847e-13, 1.5738392577e-13, 1.24347426683e-14], "var": [0.1351044029, 19.6561317444, 113.482452393, 42.8301773071, 59.7280578613, 93.5595703125, 393.559967041, 2575.02587891, 13995.0556641, 5014.29150391, 35614.7070312, 16090.5683594, 3206.91503906, 1855.95043945, 650.53302002, 1279.484375, 481.409362793, 112.726623535, 86.9231491089, 121.86995697, 92.4398117065, 20.493183136, 10.4202070236, 8.27114391327, 13.007267952, 6.09929227829, 3.09217596054, 7.21857261658, 3.25185418129, 1.89387178421, 1.12649095058, 0.631321847439, 0.539588570595, 0.500633835793, 0.166305229068, 0.046013019979, 0.0182269532233, 0.00597629044205, 0.000146037360537, 1.45307424759e-07]}, "gfcc": {"mean": [-105.76525116, 117.7760849, -53.4758262634, 5.20326709747, -55.5930862427, 10.0595464706, -20.1041469574, 7.60507440567, -13.9737615585, 0.864181995392, -15.4412717819, -4.47435426712, -10.7256288528], "cov": [[25592.6523438, -17.1308956146, -1421.25842285, 349.762542725, -24.3006134033, 338.882751465, 7.59270334244, 372.791625977, -12.1672496796, 331.712371826, -233.622894287, 98.9115447998, -267.157287598], [-17.1308956146, 4218.67919922, -503.146789551, -1182.94726562, -197.129074097, -108.876045227, 101.115882874, -319.385345459, 240.011398315, -365.553924561, 127.268783569, -244.79460144, 214.991592407], [-1421.25842285, -503.146789551, 1312.06286621, 715.295837402, 182.327392578, 145.892089844, 188.241882324, 97.2779312134, -60.6417541504, 20.4047889709, -57.9764137268, -19.0640029907, -71.7807235718], [349.762542725, -1182.94726562, 715.295837402, 1364.90600586, 445.04397583, 264.253967285, 156.256652832, 209.044952393, -26.9405002594, 96.2474975586, -56.5729598999, 7.30390357971, -96.7334060669], [-24.3006134033, -197.129074097, 182.327392578, 445.04397583, 541.121643066, 217.225387573, 157.432922363, 87.5821075439, 85.3903579712, 38.872089386, 29.5747318268, -20.0991649628, -40.0904769897], [338.882751465, -108.876045227, 145.892089844, 264.253967285, 217.225387573, 238.566970825, 123.555908203, 65.1278991699, 31.7155647278, 44.6717033386, 1.23631286621, -8.97359848022, -34.0726928711], [7.59270334244, 101.115882874, 188.241882324, 156.256652832, 157.432922363, 123.555908203, 179.632049561, 67.4016876221, 47.8307952881, 20.1914749146, 24.2048339844, -20.196023941, -6.91254138947], [372.791625977, -319.385345459, 97.2779312134, 209.044952393, 87.5821075439, 65.1278991699, 67.4016876221, 132.861343384, 43.6736106873, 63.5194702148, 0.00867398642004, 22.0798797607, -30.7567806244], [-12.1672496796, 240.011398315, -60.6417541504, -26.9405002594, 85.3903579712, 31.7155647278, 47.8307952881, 43.6736106873, 123.370429993, 31.1269035339, 39.8817481995, -16.4137325287, 10.7332086563], [331.712371826, -365.553924561, 20.4047889709, 96.2474975586, 38.872089386, 44.6717033386, 20.1914749146, 63.5194702148, 31.1269035339, 113.500968933, 25.983499527, 35.0958976746, -29.6852321625], [-233.622894287, 127.268783569, -57.9764137268, -56.5729598999, 29.5747318268, 1.23631286621, 24.2048339844, 0.00867398642004, 39.8817481995, 25.983499527, 77.3956069946, 28.5244483948, 24.7733097076], [98.9115447998, -244.79460144, -19.0640029907, 7.30390357971, -20.0991649628, -8.97359848022, -20.196023941, 22.0798797607, -16.4137325287, 35.0958976746, 28.5244483948, 89.7818756104, 33.3460502625], [-267.157287598, 214.991592407, -71.7807235718, -96.7334060669, -40.0904769897, -34.0726928711, -6.91254138947, -30.7567806244, 10.7332086563, -29.6852321625, 24.7733097076, 33.3460502625, 101.024421692]], "icov": [[6.50141664664e-05, -0.000119677526527, 0.000143542405567, -8.56987462612e-05, -1.34828451337e-05, 2.56485018326e-05, -8.87018395588e-05, -0.00013998344366, 0.000233355400269, -0.000451296888059, 0.000572826014832, -0.000396331510274, 0.000234110630117], [-0.000119677526527, 0.00115922512487, -0.000294266093988, 0.000499603163917, 0.000610227172729, -0.000688144238666, -0.000506385869812, 0.00132839218713, -0.00250605214387, 0.00348718836904, -0.00256348820403, 0.00215355213732, -0.000925588712562], [0.000143542405567, -0.000294266093988, 0.00167091412004, -0.000944820058066, 0.000286087364657, 0.000586007081438, -0.00217436766252, 0.000632486306131, 0.000630952068605, -0.000960140023381, 0.00226607965305, -0.00177160359453, 0.00132323964499], [-8.56987462612e-05, 0.000499603163917, -0.000944820058066, 0.00223766127601, -0.00113959109876, -0.00100461719558, 0.00138599274214, -0.00242223916575, 0.00115483801346, 0.000809098943137, -0.00142802519258, 0.00258344761096, -0.00163973018061], [-1.34828451337e-05, 0.000610227172729, 0.000286087364657, -0.00113959109876, 0.00472059752792, -0.00238408125006, -0.00198977300897, 0.00242243730463, -0.00451073143631, 0.00354212010279, -0.00198364211246, -0.000583676737733, 0.00164754397701], [2.56485018326e-05, -0.000688144238666, 0.000586007081438, -0.00100461719558, -0.00238408125006, 0.0100016715005, -0.00551524013281, 0.0017787454417, 0.000893325079232, -0.0045154443942, 0.00502479402348, -0.00332996621728, 0.00202327943407], [-8.87018395588e-05, -0.000506385869812, -0.00217436766252, 0.00138599274214, -0.00198977300897, -0.00551524013281, 0.0171883068979, -0.0105379866436, 0.00454445555806, -3.88659027521e-05, -0.00853845663369, 0.00920357182622, -0.00549502298236], [-0.00013998344366, 0.00132839218713, 0.000632486306131, -0.00242223916575, 0.00242243730463, 0.0017787454417, -0.0105379866436, 0.0257345270365, -0.0149588938802, 0.000483368523419, 0.00808608159423, -0.0120936715975, 0.00734823709354], [0.000233355400269, -0.00250605214387, 0.000630952068605, 0.00115483801346, -0.00451073143631, 0.000893325079232, 0.00454445555806, -0.0149588938802, 0.0267168935388, -0.0124434540048, -0.00481834216043, 0.0106280613691, -0.00704909861088], [-0.000451296888059, 0.00348718836904, -0.000960140023381, 0.000809098943137, 0.00354212010279, -0.0045154443942, -3.88659027521e-05, 0.000483368523419, -0.0124434540048, 0.0293933358043, -0.0130179775879, -0.00160568510182, 0.00518648745492], [0.000572826014832, -0.00256348820403, 0.00226607965305, -0.00142802519258, -0.00198364211246, 0.00502479402348, -0.00853845663369, 0.00808608159423, -0.00481834216043, -0.0130179775879, 0.0355212278664, -0.019602637738, 0.00444462243468], [-0.000396331510274, 0.00215355213732, -0.00177160359453, 0.00258344761096, -0.000583676737733, -0.00332996621728, 0.00920357182622, -0.0120936715975, 0.0106280613691, -0.00160568510182, -0.019602637738, 0.0368427038193, -0.0177780538797], [0.000234110630117, -0.000925588712562, 0.00132323964499, -0.00163973018061, 0.00164754397701, 0.00202327943407, -0.00549502298236, 0.00734823709354, -0.00704909861088, 0.00518648745492, 0.00444462243468, -0.0177780538797, 0.0221061296761]]}, "melbands": {"dmean": [0.00202285009436, 0.00271838996559, 0.000528557866346, 0.000226212985581, 0.000134524234454, 0.000153427725309, 0.000239584842348, 0.000156713926117, 0.000204315001611, 5.94579032622e-05, 3.10088507831e-05, 2.44974435191e-05, 1.09680368041e-05, 2.2422089387e-05, 7.97406937636e-06, 5.2907225836e-06, 3.95305414713e-06, 3.08689755002e-06, 3.32788658852e-06, 2.81833172266e-06, 2.15850423047e-06, 1.4607974208e-06, 9.78216348813e-07, 1.18654713788e-06, 1.09719928787e-06, 9.14313034173e-07, 1.35498726195e-06, 6.38726476154e-07, 4.62868626983e-07, 5.31379896529e-07, 7.77580510203e-07, 4.65924756554e-07, 4.34783316905e-07, 2.98147881495e-07, 2.88749106403e-07, 2.14028204937e-07, 2.30727479789e-07, 2.15813869886e-07, 2.4538834964e-07, 2.29811973895e-07], "dmean2": [0.00339544005692, 0.00453460589051, 0.000877822050825, 0.000378263182938, 0.000231774305576, 0.000248739117524, 0.000305610592477, 0.000190582446521, 0.000270845572231, 7.77975583333e-05, 4.02149125875e-05, 3.06054826069e-05, 1.57850336109e-05, 3.04684108414e-05, 1.24215239339e-05, 8.64039975568e-06, 6.05541981713e-06, 4.50253673989e-06, 5.26610392626e-06, 4.66893288831e-06, 3.63846856999e-06, 2.46012564276e-06, 1.54949657372e-06, 2.00173258236e-06, 1.78592540578e-06, 1.51937308601e-06, 2.39659766521e-06, 1.03876834601e-06, 7.24446977074e-07, 8.56013912198e-07, 1.37635288411e-06, 7.56304928018e-07, 7.17213367807e-07, 4.58544036519e-07, 4.44215601192e-07, 3.36591568839e-07, 3.42092334904e-07, 3.06769720737e-07, 3.77557313413e-07, 3.27395497379e-07], "dvar": [1.56799796969e-05, 2.57160463661e-05, 9.94375227492e-07, 1.57163157155e-07, 9.01170196244e-08, 4.20460651185e-07, 8.30608485103e-07, 3.97522825324e-07, 5.19015316058e-07, 1.22611140796e-07, 1.02041290972e-08, 4.78263961767e-09, 9.2919683059e-10, 4.77728478998e-09, 1.30923527575e-09, 4.66352623185e-10, 2.29651062056e-10, 1.59416202461e-10, 2.84772178061e-10, 2.73870010004e-10, 1.49768961122e-10, 2.93628212023e-11, 1.33843092859e-11, 1.12902031474e-11, 6.78780599436e-12, 5.51090293191e-12, 1.82158992751e-11, 2.09365229147e-12, 9.96694480421e-13, 1.69297768079e-12, 4.88172089558e-12, 1.16710222216e-12, 1.47434245801e-12, 4.07292607843e-13, 4.31188938721e-13, 3.16934927738e-13, 1.66331710775e-13, 1.54909031024e-13, 2.6029986543e-13, 2.39178116332e-13], "dvar2": [3.94790258724e-05, 6.77828938933e-05, 2.63981155513e-06, 3.98471087237e-07, 2.36243138829e-07, 1.10754774596e-06, 1.22990104501e-06, 5.85704924561e-07, 9.2109473826e-07, 2.36368336459e-07, 1.67058988865e-08, 7.20982917812e-09, 1.95280280835e-09, 9.33151600435e-09, 3.38613692641e-09, 1.23382259964e-09, 5.73715575047e-10, 3.7841382805e-10, 7.5184802828e-10, 7.51215312178e-10, 4.16839812667e-10, 7.93195578663e-11, 3.09786467312e-11, 3.0610246976e-11, 1.74772835093e-11, 1.49099899094e-11, 5.21040467716e-11, 5.65974307351e-12, 2.55058799602e-12, 4.66463456403e-12, 1.40797417128e-11, 3.14262374804e-12, 4.13114768089e-12, 1.01944928194e-12, 1.13214418309e-12, 8.77750237945e-13, 3.70526146657e-13, 3.2366326958e-13, 6.36744997007e-13, 4.46688177983e-13], "max": [0.0335044413805, 0.0401560589671, 0.0114641236141, 0.00814862269908, 0.00560619262978, 0.0189046449959, 0.0245301425457, 0.0203216932714, 0.0207601021975, 0.0201355423778, 0.0028925689403, 0.00206437380984, 0.000765609729569, 0.00133498921059, 0.000819470908027, 0.000469498365419, 0.000365985441022, 0.000240628345637, 0.000342554179952, 0.000379977223929, 0.000265642127488, 0.000148981998791, 0.000123385761981, 4.73753716506e-05, 3.56649507012e-05, 2.5420638849e-05, 4.42498967459e-05, 1.48374138007e-05, 1.03712609416e-05, 1.48967574205e-05, 2.21836107812e-05, 1.32222357934e-05, 1.69433369592e-05, 7.43960436012e-06, 7.17787361282e-06, 6.65021343593e-06, 3.70553289031e-06, 4.48421724286e-06, 4.86991893922e-06, 6.35278365735e-06], "mean": [0.00277839973569, 0.00452872924507, 0.000940893369261, 0.00047369292588, 0.000357196695404, 0.000377960823243, 0.000646854576189, 0.00040820974391, 0.000556396145839, 0.000239265122218, 0.000122592769912, 9.92068817141e-05, 2.50281500485e-05, 5.45045841136e-05, 1.74656470335e-05, 1.09374723252e-05, 7.23012453818e-06, 4.9740178838e-06, 4.12142071582e-06, 2.9647781048e-06, 2.35053039432e-06, 1.50007315369e-06, 1.04160858427e-06, 9.8290445294e-07, 9.86076202025e-07, 8.44826843149e-07, 1.03110392047e-06, 5.87320414525e-07, 5.40933001503e-07, 5.53799566205e-07, 6.66944117711e-07, 4.96113329973e-07, 4.50279998176e-07, 3.42228531736e-07, 3.11412520659e-07, 2.31380809623e-07, 2.76869997151e-07, 2.53955334983e-07, 2.91814387765e-07, 2.92256544299e-07], "median": [0.00113375484943, 0.0033369041048, 0.00063574971864, 0.000242791764322, 0.00010366175411, 5.55106707907e-05, 9.3511371233e-05, 5.99937266088e-05, 0.00011040771642, 2.99214425468e-05, 1.85347980732e-05, 1.24734906422e-05, 6.23724008619e-06, 5.46777573618e-06, 1.86100828614e-06, 1.52643781348e-06, 1.25470683088e-06, 8.55815244449e-07, 5.30221541339e-07, 4.32857717669e-07, 3.88781302263e-07, 2.55155100604e-07, 1.86152661286e-07, 1.42700145034e-07, 1.23059422208e-07, 1.28770608399e-07, 1.22312982853e-07, 1.0094198899e-07, 1.2593716292e-07, 1.07994509335e-07, 8.33116473586e-08, 9.17725344607e-08, 7.45777839484e-08, 6.42919744109e-08, 5.13580395989e-08, 3.75622377646e-08, 3.91777277287e-08, 3.74634687716e-08, 3.89554664082e-08, 3.37815961871e-08], "min": [1.9090038136e-17, 9.57573145695e-18, 3.1436147184e-18, 2.20052873124e-18, 2.38557130901e-18, 4.76772139902e-18, 7.70557535364e-18, 5.77761793708e-18, 3.02044442327e-18, 1.94120305971e-18, 2.2835964831e-18, 1.15062343151e-18, 9.74230681396e-19, 1.13019331115e-18, 1.91205512778e-19, 1.89794130688e-18, 6.2096973844e-18, 4.92344476677e-18, 3.65872862357e-18, 1.02225246574e-17, 7.18882818035e-18, 4.68753864634e-18, 3.9595510513e-18, 5.42840461633e-18, 1.87802321132e-18, 2.50374212453e-18, 3.79539375002e-18, 5.14719753606e-18, 8.12856243167e-18, 4.65513219148e-18, 2.59293328767e-18, 1.60960982339e-18, 5.52675763194e-18, 8.20011355466e-18, 3.82056361529e-18, 1.44136800764e-18, 5.00624844122e-18, 6.58751916022e-18, 3.7341050433e-18, 3.08566451264e-18], "var": [1.77992133104e-05, 2.9689996154e-05, 1.24538848922e-06, 4.01586106591e-07, 3.32432449568e-07, 1.22536903291e-06, 3.14269891533e-06, 1.53467567543e-06, 1.78689595032e-06, 4.64191060701e-07, 8.51898676046e-08, 4.00081532348e-08, 3.10529624237e-09, 2.19249916e-08, 3.21387894076e-09, 1.05570430176e-09, 3.98336724716e-10, 2.26517596347e-10, 2.43035841452e-10, 1.97830668514e-10, 1.06985927062e-10, 2.26941018061e-11, 1.30827839881e-11, 7.97687003257e-12, 5.5480802244e-12, 4.16458057276e-12, 1.09548143126e-11, 1.62449806211e-12, 1.10137962119e-12, 1.42813625509e-12, 3.09210968462e-12, 9.95457514162e-13, 1.0960560801e-12, 4.21744616227e-13, 4.06866218234e-13, 2.59378402003e-13, 2.65590500981e-13, 2.56227331019e-13, 3.47160126167e-13, 4.20516730161e-13]}, "mfcc": {"mean": [-763.578552246, 160.952926636, 47.0598068237, 13.3604946136, -1.77487409115, 3.99129915237, 2.22489476204, 4.60013628006, 8.26375865936, 5.34617948532, 3.99141335487, 1.80808639526, 1.04272115231], "cov": [[13242.0830078, 134.234832764, -964.266357422, -96.8360443115, -163.058288574, -6.23050069809, 139.937896729, 98.7927093506, 121.77532196, 110.020858765, 248.956130981, 106.057823181, 200.394775391], [134.234832764, 3626.87963867, -234.036392212, -891.197387695, -298.52532959, -82.8389434814, -175.998535156, -4.81067276001, 34.6152687073, -28.9991760254, -79.7496566772, 74.5783462524, 13.025478363], [-964.266357422, -234.036392212, 924.181335449, 486.771118164, 123.814338684, 154.516952515, 185.46913147, 90.8360824585, 79.9804458618, 57.9890480042, 25.2986392975, -23.1376399994, -19.116985321], [-96.8360443115, -891.197387695, 486.771118164, 806.045959473, 347.184326172, 227.956802368, 239.065872192, 158.675079346, 97.9894714355, 103.006637573, 70.5335083008, -9.24856758118, 9.0459985733], [-163.058288574, -298.52532959, 123.814338684, 347.184326172, 346.263153076, 213.881729126, 157.214324951, 121.614562988, 80.052520752, 60.8593406677, 55.7695426941, 36.9646949768, 28.1386985779], [-6.23050069809, -82.8389434814, 154.516952515, 227.956802368, 213.881729126, 260.180938721, 186.858932495, 111.553604126, 79.57421875, 53.5720176697, 49.5104255676, 47.3934745789, 38.1967048645], [139.937896729, -175.998535156, 185.46913147, 239.065872192, 157.214324951, 186.858932495, 218.781021118, 121.730209351, 76.1896743774, 48.3777236938, 50.3364639282, 36.5593299866, 30.3275318146], [98.7927093506, -4.81067276001, 90.8360824585, 158.675079346, 121.614562988, 111.553604126, 121.730209351, 134.417724609, 76.0227508545, 51.6363754272, 33.3436317444, 25.4115581512, 27.5739879608], [121.77532196, 34.6152687073, 79.9804458618, 97.9894714355, 80.052520752, 79.57421875, 76.1896743774, 76.0227508545, 103.363395691, 62.157951355, 37.2762947083, 25.0214233398, 21.5161037445], [110.020858765, -28.9991760254, 57.9890480042, 103.006637573, 60.8593406677, 53.5720176697, 48.3777236938, 51.6363754272, 62.157951355, 99.4421081543, 64.0030975342, 25.4349594116, 16.5906848907], [248.956130981, -79.7496566772, 25.2986392975, 70.5335083008, 55.7695426941, 49.5104255676, 50.3364639282, 33.3436317444, 37.2762947083, 64.0030975342, 97.012588501, 62.1752853394, 28.537065506], [106.057823181, 74.5783462524, -23.1376399994, -9.24856758118, 36.9646949768, 47.3934745789, 36.5593299866, 25.4115581512, 25.0214233398, 25.4349594116, 62.1752853394, 93.7198104858, 55.7008132935], [200.394775391, 13.025478363, -19.116985321, 9.0459985733, 28.1386985779, 38.1967048645, 30.3275318146, 27.5739879608, 21.5161037445, 16.5906848907, 28.537065506, 55.7008132935, 80.3418273926]], "icov": [[0.000108412583359, -4.08320847782e-05, 0.000213481354876, -0.0001674626983, 0.000245598523179, 5.46215596842e-06, -0.000194740394363, 6.67534841341e-05, -0.000225457581109, 0.000327668734826, -0.000686328450684, 0.000558260129765, -0.000382697500754], [-4.08320847782e-05, 0.000527293537743, -0.000332519382937, 0.000851524760947, -2.51017772825e-05, -0.000413150031818, 0.000662753765937, -0.000883096538018, -7.30057217879e-05, -0.000649950292427, 0.00119249348063, -0.00113228068221, 0.000614690361544], [0.000213481354876, -0.000332519382937, 0.00244019273669, -0.00212499522604, 0.0017492066836, -0.000403549522161, -0.0013452937128, 0.00113854045048, -0.00130367116071, 0.00102244550362, -0.00127666105982, 0.00117295887321, -0.000184138712939], [-0.0001674626983, 0.000851524760947, -0.00212499522604, 0.00551156420261, -0.0038286827039, 0.000874345598277, -0.000802062568255, -0.00169594259933, 0.00148628407624, -0.00272990367375, 0.000986496917903, 0.00101808016188, 7.29861931177e-05], [0.000245598523179, -2.51017772825e-05, 0.0017492066836, -0.0038286827039, 0.0102145923302, -0.00652177352458, 0.00280611892231, -0.00271130120382, -0.00169330195058, 0.00255941506475, -0.00241734343581, -0.000307394802803, 0.000629866146483], [5.46215596842e-06, -0.000413150031818, -0.000403549522161, 0.000874345598277, -0.00652177352458, 0.0155890397727, -0.0106762927026, 0.00298429885879, -0.000542674562894, -0.00229540513828, 0.00278216064908, -0.00197317264974, -0.00126341474243], [-0.000194740394363, 0.000662753765937, -0.0013452937128, -0.000802062568255, 0.00280611892231, -0.0106762927026, 0.0202481821179, -0.0104582952335, -0.000830577744637, 0.00439425278455, -0.00343715725467, -0.00103682978079, 0.00144225906115], [6.67534841341e-05, -0.000883096538018, 0.00113854045048, -0.00169594259933, -0.00271130120382, 0.00298429885879, -0.0104582952335, 0.0230927616358, -0.00730042671785, -0.00292744603939, 0.00258369278163, 0.000944701198023, -0.0030215526931], [-0.000225457581109, -7.30057217879e-05, -0.00130367116071, 0.00148628407624, -0.00169330195058, -0.000542674562894, -0.000830577744637, -0.00730042671785, 0.0234331544489, -0.0119482055306, 0.00458711897954, -0.00285722175613, 0.000310132658342], [0.000327668734826, -0.000649950292427, 0.00102244550362, -0.00272990367375, 0.00255941506475, -0.00229540513828, 0.00439425278455, -0.00292744603939, -0.0119482055306, 0.0311560295522, -0.0239103604108, 0.0122466543689, -0.00385206262581], [-0.000686328450684, 0.00119249348063, -0.00127666105982, 0.000986496917903, -0.00241734343581, 0.00278216064908, -0.00343715725467, 0.00258369278163, 0.00458711897954, -0.0239103604108, 0.0437668599188, -0.0298608578742, 0.0099040819332], [0.000558260129765, -0.00113228068221, 0.00117295887321, 0.00101808016188, -0.000307394802803, -0.00197317264974, -0.00103682978079, 0.000944701198023, -0.00285722175613, 0.0122466543689, -0.0298608578742, 0.0417551323771, -0.0200375560671], [-0.000382697500754, 0.000614690361544, -0.000184138712939, 7.29861931177e-05, 0.000629866146483, -0.00126341474243, 0.00144225906115, -0.0030215526931, 0.000310132658342, -0.00385206262581, 0.0099040819332, -0.0200375560671, 0.025208843872]]}, "spectral_contrast_coeffs": {"dmean": [0.0519785135984, 0.0512086264789, 0.0423627197742, 0.0304949898273, 0.0196657758206, 0.0162058882415], "dmean2": [0.0830189958215, 0.0804296061397, 0.0643197968602, 0.0469775423408, 0.0307773780078, 0.0267648994923], "dvar": [0.00223579723388, 0.00286350771785, 0.00191508326679, 0.000951304798946, 0.000362609280273, 0.000282089487882], "dvar2": [0.00513634458184, 0.00648715021089, 0.00400249054655, 0.00194697279949, 0.000797891465481, 0.000699906493537], "max": [-0.313717991114, -0.302092283964, -0.327153921127, -0.488096266985, -0.613437592983, -0.712783277035], "mean": [-0.615596294403, -0.655636847019, -0.707573115826, -0.806962788105, -0.846913456917, -0.821944355965], "median": [-0.611707508564, -0.654409527779, -0.714975714684, -0.829504549503, -0.853028059006, -0.818864345551], "min": [-0.960843801498, -0.97316378355, -0.96734303236, -0.951610028744, -0.969855666161, -0.939014852047], "var": [0.00924281682819, 0.0163198653609, 0.01477562543, 0.00622427277267, 0.00168441154528, 0.000942862709053]}, "spectral_contrast_valleys": {"dmean": [0.550709545612, 0.536592364311, 0.551109433174, 0.602217555046, 0.690918505192, 0.7090087533], "dmean2": [0.853449940681, 0.823979079723, 0.810659408569, 0.807969748974, 0.84242105484, 0.824246287346], "dvar": [0.339720875025, 0.344858437777, 0.362205803394, 0.422688424587, 0.531727910042, 0.566332280636], "dvar2": [0.656229376793, 0.744257688522, 0.754339933395, 0.868391811848, 1.18721628189, 1.23784291744], "max": [-5.04605960846, -5.01209831238, -5.27546644211, -5.30391550064, -6.29379463196, -