{"lowlevel": {"average_loudness": 0.924142956734, "barkbands_crest": {"dmean": 2.43073225021, "dmean2": 3.90283465385, "dvar": 7.06534051895, "dvar2": 16.9768924713, "max": 26.9829654694, "mean": 12.5438375473, "median": 12.0309324265, "min": 2.35408520699, "var": 23.2848930359}, "barkbands_flatness_db": {"dmean": 0.0547482408583, "dmean2": 0.0756384953856, "dvar": 0.00356010207906, "dvar2": 0.0072022411041, "max": 0.724005877972, "mean": 0.270827502012, "median": 0.257680773735, "min": 0.0206030923873, "var": 0.0154024604708}, "barkbands_kurtosis": {"dmean": 16.0395030975, "dmean2": 25.8822860718, "dvar": 5729.21972656, "dvar2": 15467.5576172, "max": 3730.40429688, "mean": 28.3334121704, "median": 8.46500873566, "min": -1.93485927582, "var": 15346.2646484}, "barkbands_skewness": {"dmean": 1.07295322418, "dmean2": 1.64530038834, "dvar": 2.01490616798, "dvar2": 4.75193023682, "max": 14.4269609451, "mean": 1.7705360651, "median": 2.01895165443, "min": -55.4994659424, "var": 14.024140358}, "barkbands_spread": {"dmean": 5.84418153763, "dmean2": 9.46195411682, "dvar": 88.8293762207, "dvar2": 208.305343628, "max": 81.9976730347, "mean": 10.4558210373, "median": 5.88070392609, "min": 0.0320783182979, "var": 143.909042358}, "dissonance": {"dmean": 0.0483476929367, "dmean2": 0.0799680650234, "dvar": 0.00344316707924, "dvar2": 0.00937871355563, "max": 0.5, "mean": 0.406355977058, "median": 0.420880138874, "min": 0.0143296383321, "var": 0.00580684561282}, "dynamic_complexity": 5.71863508224, "erbbands_crest": {"dmean": 3.36224126816, "dmean2": 5.26011562347, "dvar": 13.3157148361, "dvar2": 29.7684345245, "max": 33.5480690002, "mean": 14.0773305893, "median": 13.2961549759, "min": 2.76896119118, "var": 36.8277130127}, "erbbands_flatness_db": {"dmean": 0.0419680327177, "dmean2": 0.0576931126416, "dvar": 0.00252188998275, "dvar2": 0.00480859074742, "max": 0.728171765804, "mean": 0.254018872976, "median": 0.2370108217, "min": 0.0549489445984, "var": 0.0139868613333}, "erbbands_kurtosis": {"dmean": 4.23251152039, "dmean2": 6.68997049332, "dvar": 67.486946106, "dvar2": 156.982467651, "max": 162.663467407, "mean": 6.31627607346, "median": 2.04488134384, "min": -1.95096349716, "var": 142.888031006}, "erbbands_skewness": {"dmean": 0.748079419136, "dmean2": 1.1602537632, "dvar": 0.723032236099, "dvar2": 1.76936924458, "max": 9.5911693573, "mean": 1.02748024464, "median": 0.922148525715, "min": -8.20983886719, "var": 2.39186429977}, "erbbands_spread": {"dmean": 10.2138729095, "dmean2": 15.7217626572, "dvar": 216.445419312, "dvar2": 496.277099609, "max": 132.850036621, "mean": 25.0513324738, "median": 18.8417472839, "min": 0.287979424, "var": 461.07421875}, "hfc": {"dmean": 10.8762845993, "dmean2": 18.3544864655, "dvar": 518.089233398, "dvar2": 1351.09362793, "max": 177.116317749, "mean": 13.1537446976, "median": 6.00412321091, "min": 1.18052172999e-16, "var": 462.35244751}, "melbands_crest": {"dmean": 2.84666991234, "dmean2": 4.65422725677, "dvar": 9.37317085266, "dvar2": 21.9626121521, "max": 34.8908729553, "mean": 16.0587978363, "median": 15.4653940201, "min": 1.22557210922, "var": 34.818561554}, "melbands_flatness_db": {"dmean": 0.0637530982494, "dmean2": 0.0889034494758, "dvar": 0.00499693443999, "dvar2": 0.0101714208722, "max": 0.773008525372, "mean": 0.352329432964, "median": 0.345236420631, "min": 0.000379770965083, "var": 0.0196191705763}, "melbands_kurtosis": {"dmean": 14.8685541153, "dmean2": 23.2186546326, "dvar": 707.30267334, "dvar2": 1602.53808594, "max": 496.240020752, "mean": 26.874206543, "median": 12.5658922195, "min": -1.95897912979, "var": 2002.15148926}, "melbands_skewness": {"dmean": 1.12853598595, "dmean2": 1.73707199097, "dvar": 1.93592917919, "dvar2": 4.22504901886, "max": 19.1866493225, "mean": 2.42201423645, "median": 2.29441618919, "min": -18.8388366699, "var": 8.54065990448}, "melbands_spread": {"dmean": 6.960896492, "dmean2": 11.4099197388, "dvar": 173.770187378, "dvar2": 429.988891602, "max": 199.399520874, "mean": 12.9080381393, "median": 6.24535322189, "min": 0.209730431437, "var": 329.985534668}, "pitch_salience": {"dmean": 0.0829643383622, "dmean2": 0.130480468273, "dvar": 0.00856744870543, "dvar2": 0.0200631245971, "max": 0.997814893723, "mean": 0.460835367441, "median": 0.459548741579, "min": 0.0124486880377, "var": 0.0249028690159}, "silence_rate_20dB": {"dmean": 0, "dmean2": 0, "dvar": 0, "dvar2": 0, "max": 1, "mean": 1, "median": 1, "min": 1, "var": 0}, "silence_rate_30dB": {"dmean": 0.0554341897368, "dmean2": 0.110883519053, "dvar": 0.0523632504046, "dvar2": 0.10404381156, "max": 1, "mean": 0.939931750298, "median": 1, "min": 0, "var": 0.0564557798207}, "silence_rate_60dB": {"dmean": 0.0808301493526, "dmean2": 0.161682367325, "dvar": 0.0742947086692, "dvar2": 0.147005960345, "max": 1, "mean": 0.29569965601, "median": 0, "min": 0, "var": 0.208264052868}, "spectral_centroid": {"dmean": 303.063201904, "dmean2": 492.026855469, "dvar": 233976.46875, "dvar2": 533515.375, "max": 10655.7480469, "mean": 927.146972656, "median": 623.719726562, "min": 106.441574097, "var": 593040.6875}, "spectral_complexity": {"dmean": 4.82304763794, "dmean2": 8.35067558289, "dvar": 86.4539031982, "dvar2": 217.830718994, "max": 57, "mean": 8.2247095108, "median": 6, "min": 0, "var": 81.7649536133}, "spectral_decrease": {"dmean": 4.81724704571e-09, "dmean2": 8.07616196141e-09, "dvar": 1.64699124437e-16, "dvar2": 4.57162686935e-16, "max": 2.14102832685e-10, "mean": -9.37464150752e-09, "median": -5.15906739551e-09, "min": -1.46466717865e-07, "var": 1.67519161816e-16}, "spectral_energy": {"dmean": 0.0188935138285, "dmean2": 0.0316587649286, "dvar": 0.00244409404695, "dvar2": 0.00677259266376, "max": 0.561920821667, "mean": 0.0365750864148, "median": 0.0211695320904, "min": 1.06006507452e-20, "var": 0.00249239499681}, "spectral_energyband_high": {"dmean": 0.00070033693919, "dmean2": 0.00122277694754, "dvar": 2.91849187306e-06, "dvar2": 7.64751075621e-06, "max": 0.0127809969708, "mean": 0.000550471246243, "median": 2.82161090581e-05, "min": 7.82697924981e-21, "var": 2.27234181693e-06}, "spectral_energyband_low": {"dmean": 0.0144020989537, "dmean2": 0.0249453503639, "dvar": 0.00202144728974, "dvar2": 0.00567010091618, "max": 0.499825179577, "mean": 0.0250578355044, "median": 0.00240868190303, "min": 6.05270064055e-23, "var": 0.00184459413867}, "spectral_energyband_middle_high": {"dmean": 0.00163685774896, "dmean2": 0.00272318837233, "dvar": 1.21958091768e-05, "dvar2": 2.9773766073e-05, "max": 0.105085626245, "mean": 0.00191873789299, "median": 0.000623830885161, "min": 1.39851583684e-21, "var": 1.73637017724e-05}, "spectral_energyband_middle_low": {"dmean": 0.00551118748263, "dmean2": 0.00875132251531, "dvar": 0.000114652699267, "dvar2": 0.000294437777484, "max": 0.134045556188, "mean": 0.0108209112659, "median": 0.00446424214169, "min": 3.94061568629e-22, "var": 0.000208343772101}, "spectral_entropy": {"dmean": 0.516563475132, "dmean2": 0.719035208225, "dvar": 0.352243334055, "dvar2": 0.69779920578, "max": 9.79726409912, "mean": 6.46232128143, "median": 6.4437046051, "min": 2.69517040253, "var": 1.2054541111}, "spectral_flux": {"dmean": 0.048036750406, "dmean2": 0.0747247561812, "dvar": 0.00544627010822, "dvar2": 0.0105599630624, "max": 0.631814599037, "mean": 0.0742916688323, "median": 0.0407995209098, "min": 1.02959460402e-10, "var": 0.00808056723326}, "spectral_kurtosis": {"dmean": 9.01045131683, "dmean2": 13.7101335526, "dvar": 292.454315186, "dvar2": 652.855529785, "max": 419.918334961, "mean": 18.3467826843, "median": 7.96490955353, "min": -1.1689568758, "var": 919.107055664}, "spectral_rms": {"dmean": 0.00126989127602, "dmean2": 0.0019713351503, "dvar": 5.12846236234e-06, "dvar2": 1.2680625332e-05, "max": 0.0234140008688, "mean": 0.0047365417704, "median": 0.00454457942396, "min": 3.21591321281e-12, "var": 1.32482000481e-05}, "spectral_rolloff": {"dmean": 525.610168457, "dmean2": 928.734619141, "dvar": 1729666.25, "dvar2": 4163549.5, "max": 18970.7519531, "mean": 1104.39477539, "median": 516.796875, "min": 64.599609375, "var": 2708719.25}, "spectral_skewness": {"dmean": 0.769122123718, "dmean2": 1.13306212425, "dvar": 0.995794594288, "dvar2": 2.15315413475, "max": 17.1672134399, "mean": 2.81390953064, "median": 2.27302312851, "min": 0.0215697288513, "var": 3.70400619507}, "spectral_spread": {"dmean": 893229.875, "dmean2": 1305725.25, "dvar": 1410892300290.0, "dvar2": 2745093586940.0, "max": 39999336, "mean": 3893251.25, "median": 3520568.25, "min": 277749.90625, "var": 4328409530370.0}, "spectral_strongpeak": {"dmean": 0.398396998644, "dmean2": 0.669144868851, "dvar": 0.350386619568, "dvar2": 0.837094426155, "max": 13.8959579468, "mean": 0.789059877396, "median": 0.512989163399, "min": 0, "var": 0.62824177742}, "zerocrossingrate": {"dmean": 0.0113287381828, "dmean2": 0.0141653567553, "dvar": 0.000374190218281, "dvar2": 0.000508522847667, "max": 0.58349609375, "mean": 0.0450489930809, "median": 0.0322265625, "min": 0.0029296875, "var": 0.00194699165877}, "barkbands": {"dmean": [0.000382356462069, 0.00846420042217, 0.00568269891664, 0.00179123145062, 0.00132840010338, 0.000869908952154, 0.0012393911602, 0.000706380815245, 0.000784167903475, 0.000307065260131, 0.000229539626162, 0.000120545912068, 0.00024039184791, 0.000133057590574, 0.000128343206597, 0.000156836191309, 0.00013113085879, 0.000118285330245, 0.000180368326255, 0.000169093065779, 0.000177199020982, 0.000128016545204, 6.26247492619e-05, 5.09350284119e-05, 4.90069578518e-05, 0.000116933384561, 4.59349321318e-05], "dmean2": [0.000649030611385, 0.0144903678447, 0.0101643893868, 0.00325105176307, 0.00224368763156, 0.00130080746021, 0.00176340644248, 0.00108417368028, 0.0012279516086, 0.000430873071309, 0.000326095207129, 0.000215162202949, 0.00042081187712, 0.00022663033451, 0.000234702747548, 0.000279357598629, 0.00023381189385, 0.000216407977859, 0.000329406175297, 0.000305619993014, 0.000316103833029, 0.000228888718993, 0.000107655854663, 8.6739717517e-05, 8.28902921057e-05, 0.000199053203687, 8.1072372268e-05], "dvar": [1.40545580507e-06, 0.000674338487443, 0.000360656180419, 2.40310255322e-05, 1.33965668283e-05, 3.43376291312e-06, 7.6194733083e-06, 4.16873490394e-06, 5.5149362197e-06, 2.04401226256e-06, 8.63567890974e-07, 8.97251837273e-08, 4.26599569892e-07, 1.06348558404e-07, 1.37290328439e-07, 1.8591730111e-07, 9.78988410338e-08, 1.18386921599e-07, 2.12731649185e-07, 1.63694082289e-07, 1.9122411743e-07, 1.0136896833e-07, 2.52996485983e-08, 1.98954310804e-08, 1.91106241942e-08, 1.51059964537e-07, 2.51276830454e-08], "dvar2": [3.42997554981e-06, 0.00188470049761, 0.00104417372495, 6.8254157668e-05, 3.57242970495e-05, 7.30794909032e-06, 1.70218463609e-05, 1.00633596958e-05, 1.32642780954e-05, 3.52147981175e-06, 1.25051462874e-06, 2.45787930453e-07, 1.18008983918e-06, 2.93315395083e-07, 3.84591913871e-07, 5.23225139659e-07, 2.61833008608e-07, 3.32117451762e-07, 5.87379986428e-07, 4.47790512226e-07, 5.17344687978e-07, 2.7217117804e-07, 6.69742874493e-08, 5.28134052047e-08, 4.90350409166e-08, 3.94110656998e-07, 6.74961313507e-08], "max": [0.0176310446113, 0.300854980946, 0.241383880377, 0.0688143372536, 0.0697669535875, 0.0438450314105, 0.0528846457601, 0.0235398430377, 0.02698767744, 0.0693503394723, 0.0385035350919, 0.00537927262485, 0.00911158230156, 0.00400607567281, 0.00399207649752, 0.0053973980248, 0.00348156760447, 0.0035095422063, 0.00372018897906, 0.00396098615602, 0.00356737873517, 0.00246210256591, 0.00252370093949, 0.00118335837033, 0.00156979938038, 0.00474882451817, 0.00163581920788], "mean": [0.000487307697767, 0.0136652551591, 0.00917004048824, 0.00245334673673, 0.00206247041933, 0.0025156182237, 0.00198267400265, 0.000932585564442, 0.000801955407951, 0.000428743747761, 0.000338045385433, 9.94328656816e-05, 0.000269949174253, 0.000217931941734, 9.75569782895e-05, 0.000159720148076, 9.27853761823e-05, 7.69335092627e-05, 0.000116993243864, 0.000133763460326, 0.000127038700157, 9.42873593885e-05, 5.18221386301e-05, 4.38758579548e-05, 4.12570043409e-05, 8.36667895783e-05, 3.00807405438e-05], "median": [8.52616176417e-06, 0.000154532768647, 0.000952366506681, 0.000162052529049, 0.000266706978437, 0.00041229344788, 0.000356698583346, 6.83186735841e-05, 3.60617596016e-05, 1.37049755722e-05, 1.43967790791e-05, 6.05872855886e-06, 8.79995513969e-06, 5.45889542991e-06, 2.34124422605e-06, 8.39855601953e-06, 2.32475736084e-06, 2.23911024477e-06, 2.76340551864e-06, 7.03500882082e-06, 3.31055389324e-06, 2.78267589238e-06, 1.43669387853e-06, 1.0170464293e-06, 5.87374984207e-07, 2.97395047255e-07, 7.03592419882e-08], "min": [4.82298892053e-23, 1.64327772939e-23, 2.10427005637e-23, 6.35276076748e-24, 1.0025750627e-22, 6.86631536989e-23, 6.26502349983e-23, 4.29933011432e-23, 7.18675508721e-23, 4.84915543675e-23, 1.1322743978e-22, 8.09526031712e-23, 1.07787177299e-22, 6.00906905943e-23, 8.45402983919e-23, 2.04563004943e-22, 1.67152620731e-22, 2.65411052493e-22, 1.79943274558e-22, 2.27256463215e-22, 4.63416174689e-22, 5.25321081282e-22, 6.21326185511e-22, 9.0880784957e-22, 1.20372227468e-21, 1.67911727066e-21, 2.42026887807e-21], "var": [1.46202069118e-06, 0.000609792361502, 0.00029267129139, 2.30929035752e-05, 2.05390442716e-05, 2.16497737711e-05, 1.43453926285e-05, 5.4000770433e-06, 5.6604612837e-06, 4.18214449383e-06, 3.00179704027e-06, 8.67732055099e-08, 4.45764186452e-07, 2.14116596453e-07, 9.033674786e-08, 1.52278929022e-07, 7.03300315763e-08, 7.32357037236e-08, 1.35836216941e-07, 1.15856884975e-07, 1.38411110129e-07, 7.3956847757e-08, 2.13227124846e-08, 1.64878777298e-08, 1.67360276748e-08, 1.14339734125e-07, 1.69737539579e-08]}, "erbbands": {"dmean": [0.190561428666, 2.13913798332, 6.43044185638, 6.44774532318, 5.24117946625, 3.67622280121, 5.07775163651, 7.63998651505, 16.625005722, 15.3208551407, 19.5259590149, 21.5067176819, 5.06440782547, 10.7853803635, 11.3850784302, 5.29484701157, 10.5189313889, 8.41738700867, 6.40753746033, 7.17021465302, 8.37452602386, 6.98825263977, 6.2677488327, 7.12924194336, 9.90176010132, 8.4861497879, 7.27337026596, 6.28725242615, 4.99787139893, 2.94086146355, 1.65629172325, 1.08277595043, 0.794916689396, 0.574947714806, 0.343397468328, 0.271451950073, 0.257295638323, 0.0780522823334, 0.00874664634466, 0.0002441049146], "dmean2": [0.31326597929, 3.73116612434, 11.5063858032, 11.7509403229, 9.11797523499, 6.34479427338, 8.22980213165, 11.3223657608, 22.6699905396, 22.5273017883, 29.8452568054, 33.1115875244, 7.70095777512, 15.2444839478, 16.2699794769, 9.05256557465, 18.3263111115, 14.4035272598, 11.5982017517, 12.9678611755, 14.9566688538, 12.5017690659, 11.3961820602, 12.9832677841, 18.1316680908, 15.4074373245, 13.0927858353, 11.1320085526, 8.95643138885, 5.17579364777, 2.82816243172, 1.79552233219, 1.37986791134, 0.968174755573, 0.592687308788, 0.447576731443, 0.439114183187, 0.138300552964, 0.0153212910518, 0.000426707585575], "dvar": [0.260009795427, 47.4763031006, 478.213775635, 385.167999268, 225.389862061, 111.412155151, 130.499969482, 288.26260376, 1453.13720703, 1791.95275879, 3102.92456055, 3976.31738281, 184.553222656, 2867.46704102, 2073.11157227, 154.104873657, 779.966491699, 471.891998291, 336.29888916, 445.488128662, 447.374237061, 271.697052002, 298.597839355, 330.655731201, 675.54309082, 418.176879883, 323.933013916, 229.383117676, 153.676635742, 52.8429450989, 16.861787796, 7.99888849258, 5.32463264465, 2.55157375336, 1.05040061474, 0.683441638947, 0.76440256834, 0.0740499943495, 0.000908678979613, 6.2228286879e-07], "dvar2": [0.662443518639, 135.433105469, 1372.20202637, 1114.53039551, 618.899780273, 292.304107666, 336.559448242, 564.66809082, 3028.37280273, 4111.71142578, 7472.14648438, 9523.51953125, 387.991729736, 4910.07666016, 3002.36767578, 390.864898682, 2147.36279297, 1320.40478516, 946.238342285, 1260.4375, 1224.98510742, 729.953735352, 830.593139648, 909.837158203, 1874.32946777, 1146.68493652, 879.255065918, 613.809387207, 415.171478271, 140.371414185, 44.4996910095, 20.4766311646, 14.5843372345, 6.4242067337, 2.7817132473, 1.73392677307, 1.98494803905, 0.199763357639, 0.00242456397973, 1.6583917386e-06], "max": [6.54537010193, 77.3895645142, 264.484283447, 253.88633728, 225.028564453, 282.747894287, 314.471160889, 438.030914307, 891.97454834, 789.113098145, 639.64453125, 724.336364746, 456.008422852, 2689.96777344, 1825.59204102, 218.264511108, 410.569244385, 253.231506348, 160.24079895, 279.078735352, 202.520629883, 130.851745605, 170.864929199, 151.831970215, 242.49432373, 197.703598022, 157.492248535, 118.955978394, 83.7493743896, 90.6019973755, 35.908493042, 24.6681728363, 18.4260463715, 18.63489151, 10.8221569061, 9.67428684235, 11.9143457413, 3.00753283501, 0.299410670996, 0.00807957258075], "mean": [0.388287901878, 3.11221122742, 9.88268089294, 10.475564003, 6.21587657928, 5.81794452667, 12.4295034409, 21.8509597778, 33.355178833, 22.756526947, 22.3399143219, 22.8591899872, 6.92686271667, 14.8603029251, 16.6839408875, 5.13124752045, 12.2076368332, 13.7458515167, 5.56642818451, 7.2370595932, 7.30670785904, 4.89253616333, 4.19962501526, 4.71949720383, 6.39019203186, 6.65061235428, 5.50221252441, 4.55601024628, 3.59344983101, 2.31949305534, 1.38658678532, 1.00789892673, 0.644007980824, 0.500300884247, 0.272229492664, 0.215628713369, 0.182390213013, 0.0508241653442, 0.00578264053911, 0.000188589066966], "median": [0.00318335765041, 0.0505610443652, 0.752030849457, 3.11564064026, 0.59466201067, 1.04041790962, 2.18154120445, 4.35282802582, 6.92959356308, 3.18319892883, 2.25522375107, 1.43794858456, 0.718456983566, 0.550405561924, 0.76628780365, 0.49971100688, 0.818780124187, 0.55993527174, 0.46709215641, 0.515427231789, 0.45905944705, 0.202964037657, 0.144806057215, 0.117615938187, 0.181690514088, 0.32786667347, 0.28167963028, 0.13616143167, 0.10219886899, 0.0674060583115, 0.039111752063, 0.027133891359, 0.0136511689052, 0.00812302902341, 0.00312597164884, 0.00144344137516, 0.000491836224683, 0.000126748695038, 3.06679939968e-05, 3.46192609868e-05], "min": [7.05000623862e-22, 4.15265670134e-21, 1.9524331739e-20, 2.6635036394e-20, 7.10682046045e-20, 3.72970800966e-19, 6.97127450937e-19, 5.43063976175e-19, 1.05831762317e-18, 6.63499612206e-19, 1.04721934089e-18, 1.60518285615e-18, 2.33006769671e-18, 2.03175989804e-18, 3.92905455648e-18, 4.13457171557e-18, 4.62430813313e-18, 3.74484019329e-18, 3.90797054984e-18, 5.17010547594e-18, 1.29172888416e-17, 9.76880781963e-18, 1.46954823131e-17, 8.90156105974e-18, 9.18374297237e-18, 1.35093177224e-17, 1.22448315354e-17, 2.22443309289e-17, 1.97087493818e-17, 1.43707957247e-17, 1.97152956892e-17, 1.55717362427e-17, 1.72445932263e-17, 1.39663275662e-17, 8.66313700152e-18, 5.86586983663e-18, 3.34361106729e-18, 1.21040904765e-18, 3.24886947055e-19, 3.87860659453e-20], "var": [0.376499027014, 37.2488555908, 376.971038818, 351.434051514, 186.182403564, 220.780715942, 676.850769043, 1790.66430664, 3988.59228516, 3018.31347656, 3397.90869141, 4153.72558594, 381.568023682, 5754.82763672, 7253.83789062, 206.160064697, 838.558105469, 732.959960938, 222.3671875, 324.442108154, 327.990753174, 188.792526245, 189.52281189, 215.101257324, 425.732879639, 294.448425293, 236.345214844, 169.589874268, 110.233520508, 41.4817237854, 14.5738563538, 7.5762720108, 3.99481320381, 2.39133381844, 0.823917984962, 0.586849272251, 0.575484633446, 0.0497462153435, 0.000623911328148, 4.32456715771e-07]}, "gfcc": {"mean": [-142.781860352, 105.68006897, -94.0560760498, 17.6021442413, -50.4402084351, 3.64579916, -26.766494751, 0.101778008044, -11.3891267776, 8.5651512146, -12.142370224, -5.86081123352, -6.11006832123], "cov": [[32301.2324219, 2221.14233398, 5506.27392578, 4606.09570312, -2636.18041992, -1055.46374512, -1242.59143066, -482.349334717, -854.321289062, 1247.12805176, 795.294250488, -28.6574344635, -1849.26220703], [2221.14233398, 3945.58813477, 1713.40710449, 534.960266113, -242.877334595, -347.989959717, 109.994216919, -407.418884277, 88.4924545288, 131.114059448, 624.312927246, -127.815299988, -2.07471656799], [5506.27392578, 1713.40710449, 3451.55371094, 1438.85559082, -573.013183594, -239.14302063, -138.13079834, -27.6843643188, 22.0076580048, 420.596801758, 442.183227539, -2.7086315155, -437.799377441], [4606.09570312, 534.960266113, 1438.85559082, 1961.33532715, -107.363265991, -209.050140381, -237.469406128, 0.014033597894, 124.826881409, 353.10723877, 167.175231934, -165.170684814, -271.542022705], [-2636.18041992, -242.877334595, -573.013183594, -107.363265991, 1081.67565918, 438.266540527, 359.531585693, 92.9080047607, 207.494476318, -116.997917175, -109.681999207, -69.8336257935, 164.65397644], [-1055.46374512, -347.989959717, -239.14302063, -209.050140381, 438.266540527, 676.009399414, 375.769317627, 131.874145508, -23.3313694, -151.234298706, -9.85761928558, 130.988372803, 47.4243965149], [-1242.59143066, 109.994216919, -138.13079834, -237.469406128, 359.531585693, 375.769317627, 545.479614258, 191.370910645, 38.4587059021, -157.336074829, -23.1831455231, 12.6286725998, 111.662017822], [-482.349334717, -407.418884277, -27.6843643188, 0.014033597894, 92.9080047607, 131.874145508, 191.370910645, 337.807952881, 141.930541992, -73.7995605469, -186.022598267, -20.0610237122, 43.9437217712], [-854.321289062, 88.4924545288, 22.0076580048, 124.826881409, 207.494476318, -23.3313694, 38.4587059021, 141.930541992, 307.44732666, 61.1490859985, -93.8009185791, -127.678367615, 55.6598052979], [1247.12805176, 131.114059448, 420.596801758, 353.10723877, -116.997917175, -151.234298706, -157.336074829, -73.7995605469, 61.1490859985, 381.766143799, 157.435623169, -127.684951782, -140.210235596], [795.294250488, 624.312927246, 442.183227539, 167.175231934, -109.681999207, -9.85761928558, -23.1831455231, -186.022598267, -93.8009185791, 157.435623169, 391.356933594, 108.840499878, -103.10459137], [-28.6574344635, -127.815299988, -2.7086315155, -165.170684814, -69.8336257935, 130.988372803, 12.6286725998, -20.0610237122, -127.678367615, -127.684951782, 108.840499878, 312.792907715, 38.2318534851], [-1849.26220703, -2.07471656799, -437.799377441, -271.542022705, 164.65397644, 47.4243965149, 111.662017822, 43.9437217712, 55.6598052979, -140.210235596, -103.10459137, 38.2318534851, 319.661682129]], "icov": [[0.000104220533103, -0.000119014635857, 2.15998607018e-05, -0.000202439245186, 0.000100703146018, -3.44217164638e-06, -6.48501008982e-05, -1.30618536787e-05, 0.000354210613295, -0.000358406367013, 0.000491825630888, -0.000343512743711, 0.000413694360759], [-0.000119014635857, 0.00100982515141, -0.000432346336311, 0.000245746021392, 0.000207934979699, 0.000259410386207, -0.000527888827492, 0.0011967823375, -0.00145557511132, 0.00170374044683, -0.00212249998003, 0.00153284880798, -0.00105822703335], [2.15998607018e-05, -0.000432346336311, 0.000769866863266, -0.000391574722016, 0.000163487304235, -3.62046230293e-05, -8.69198847795e-05, -0.000547589559574, 0.00027219785261, -0.000783467141446, 0.000535672472324, -0.00084190198686, 0.000753137341235], [-0.000202439245186, 0.000245746021392, -0.000391574722016, 0.00130398443434, -0.000492557825055, 6.12766098129e-06, 0.000743090291508, -0.000504878466018, -0.000577730243094, 0.000628944777418, -0.00133770296816, 0.00116777094081, -0.00073016009992], [0.000100703146018, 0.000207934979699, 0.000163487304235, -0.000492557825055, 0.00239971210249, -0.00109118188266, -0.00131758616772, 0.00201440812089, -0.00191306404304, 0.00022778006678, 0.000430652755313, 0.000166675759829, 5.05549360241e-05], [-3.44217164638e-06, 0.000259410386207, -3.62046230293e-05, 6.12766098129e-06, -0.00109118188266, 0.0037076191511, -0.00207673036493, -3.47473069269e-05, 0.000464309385279, -0.000139969080919, 9.1178510047e-05, -0.00159800297115, 0.000757888832595], [-6.48501008982e-05, -0.000527888827492, -8.69198847795e-05, 0.000743090291508, -0.00131758616772, -0.00207673036493, 0.0067036296241, -0.00531025463715, 0.00224209902808, 0.00174242723733, -0.00320955133066, 0.00306321587414, -0.00151900853962], [-1.30618536787e-05, 0.0011967823375, -0.000547589559574, -0.000504878466018, 0.00201440812089, -3.47473069269e-05, -0.00531025463715, 0.0111930808052, -0.00586412567645, 0.000179356589797, 0.00378834805451, -0.00210016826168, 0.000609978975262], [0.000354210613295, -0.00145557511132, 0.00027219785261, -0.000577730243094, -0.00191306404304, 0.000464309385279, 0.00224209902808, -0.00586412567645, 0.00986601691693, -0.00347698177211, 0.00227517122403, -0.000182736068382, 0.000373909482732], [-0.000358406367013, 0.00170374044683, -0.000783467141446, 0.000628944777418, 0.00022778006678, -0.000139969080919, 0.00174242723733, 0.000179356589797, -0.00347698177211, 0.00975377671421, -0.00824949983507, 0.0067056263797, -0.00191015354358], [0.000491825630888, -0.00212249998003, 0.000535672472324, -0.00133770296816, 0.000430652755313, 9.1178510047e-05, -0.00320955133066, 0.00378834805451, 0.00227517122403, -0.00824949983507, 0.0141771277413, -0.00900678522885, 0.00442917272449], [-0.000343512743711, 0.00153284880798, -0.00084190198686, 0.00116777094081, 0.000166675759829, -0.00159800297115, 0.00306321587414, -0.00210016826168, -0.000182736068382, 0.0067056263797, -0.00900678522885, 0.0111389318481, -0.00403270032257], [0.000413694360759, -0.00105822703335, 0.000753137341235, -0.00073016009992, 5.05549360241e-05, 0.000757888832595, -0.00151900853962, 0.000609978975262, 0.000373909482732, -0.00191015354358, 0.00442917272449, -0.00403270032257, 0.00724216597155]]}, "melbands": {"dmean": [0.00199528690428, 0.00322634167969, 0.00107530970126, 0.000312813761411, 0.000172910149558, 0.000174653687282, 0.000256013852777, 0.000151866988745, 0.000171568361111, 0.000115295006253, 2.24640334636e-05, 4.57634778286e-05, 3.25875771523e-05, 2.00876929739e-05, 1.63857002917e-05, 2.39509918174e-05, 1.49040006363e-05, 9.86833038041e-06, 9.50474532146e-06, 1.15408429338e-05, 9.64752507571e-06, 7.79339643486e-06, 5.08157245349e-06, 6.31555349173e-06, 5.38819585927e-06, 8.01130590844e-06, 6.05983859714e-06, 5.58262490813e-06, 4.24139807365e-06, 5.11649341206e-06, 3.15150896313e-06, 3.18049183079e-06, 1.93251366909e-06, 1.54531642238e-06, 1.0657781786e-06, 6.90647880219e-07, 6.35583148778e-07, 5.35960737125e-07, 5.46552200831e-07, 4.66067518801e-07], "dmean2": [0.00335304811597, 0.00573477568105, 0.00194891763385, 0.000543657690287, 0.00027874589432, 0.000257035309914, 0.000351081602275, 0.000224697461817, 0.000262937595835, 0.000179029259016, 3.43811880157e-05, 6.44314350211e-05, 4.65973789687e-05, 3.20940853271e-05, 2.90476400551e-05, 4.17744340666e-05, 2.52368954534e-05, 1.78675218194e-05, 1.74316901393e-05, 2.04551397474e-05, 1.72431937244e-05, 1.39636067615e-05, 9.0394205472e-06, 1.16417768368e-05, 9.82071105682e-06, 1.47741247929e-05, 1.09441189124e-05, 1.0111217307e-05, 7.59523754823e-06, 9.183821021e-06, 5.60038552067e-06, 5.69116036786e-06, 3.43703118233e-06, 2.7222386052e-06, 1.83136251053e-06, 1.17070851502e-06, 1.05325159439e-06, 9.3737997986e-07, 9.34079537274e-07, 7.90048829913e-07], "dvar": [3.34671713063e-05, 0.000117794406833, 9.45640658756e-06, 8.80772233813e-07, 1.41022496791e-07, 1.47731213929e-07, 3.29231909291e-07, 1.62206006848e-07, 2.01290717428e-07, 1.2150738371e-07, 4.59864946123e-09, 5.52483037097e-08, 1.62324287345e-08, 3.46954798225e-09, 1.98890415248e-09, 4.18917123213e-09, 1.45383638461e-09, 8.27830859418e-10, 7.30601024124e-10, 1.29830302065e-09, 6.04729766263e-10, 3.56825097247e-10, 1.54618540193e-10, 3.65016850079e-10, 1.91430191143e-10, 4.53733606243e-10, 2.62994515055e-10, 1.7020719556e-10, 1.06695319246e-10, 1.6525171509e-10, 5.91570611941e-11, 6.35716826403e-11, 2.62698439391e-11, 1.59696648266e-11, 7.30856347664e-12, 3.27698545383e-12, 2.79522477213e-12, 2.50357286985e-12, 2.30904900235e-12, 1.73435777458e-12], "dvar2": [9.08770962269e-05, 0.000336840370437, 2.71712888207e-05, 2.43620615947e-06, 3.36598048989e-07, 2.80043849443e-07, 6.99052577602e-07, 3.74716591978e-07, 4.86253952658e-07, 2.92200326157e-07, 9.40868094546e-09, 9.51136485128e-08, 2.38488109261e-08, 6.12639761144e-09, 5.44115597023e-09, 1.16374510029e-08, 4.01787669801e-09, 2.34080621553e-09, 2.0441071058e-09, 3.71389119458e-09, 1.61792135245e-09, 9.57390944301e-10, 4.18679396708e-10, 1.03129926821e-09, 5.25928356421e-10, 1.26534749345e-09, 7.2555184083e-10, 4.70419203591e-10, 2.94050506167e-10, 4.44578845959e-10, 1.59752294726e-10, 1.73185313312e-10, 7.18319570492e-11, 4.24052529202e-11, 1.95301188416e-11, 8.45382878284e-12, 7.11291312308e-12, 6.89610434729e-12, 6.14487540712e-12, 4.32567523467e-12], "max": [0.0717198252678, 0.132247298956, 0.038448177278, 0.0107331946492, 0.0143748223782, 0.0102009139955, 0.0130250155926, 0.00769284600392, 0.00483182212338, 0.00403367960826, 0.00249601504765, 0.011465171352, 0.00536034395918, 0.00221694563515, 0.000727046281099, 0.000836263818201, 0.000514837913215, 0.000274310674286, 0.000284250592813, 0.000489596219268, 0.00023603271984, 0.000186177858268, 9.70323089859e-05, 0.000216370215639, 0.000127822742797, 0.000141187585541, 0.000207777047763, 0.000119303360407, 9.79104952421e-05, 9.38911907724e-05, 6.3983592554e-05, 5.06633914483e-05, 5.42189591215e-05, 8.61575827003e-05, 2.52417084994e-05, 1.57398098963e-05, 1.50747328007e-05, 1.28470392156e-05, 1.44019477375e-05, 1.76708254003e-05], "mean": [0.00361632392742, 0.00492186518386, 0.00172405154444, 0.000380445300834, 0.000412816880271, 0.000505690695718, 0.000493191881105, 0.000224744348088, 0.000188419260667, 0.000121604985907, 3.05974754156e-05, 6.15701719653e-05, 4.75284068671e-05, 2.38057182287e-05, 1.32829018185e-05, 3.01272848446e-05, 2.60885990429e-05, 8.57277609612e-06, 6.90101614964e-06, 1.3711525753e-05, 7.40306722946e-06, 5.308677828e-06, 3.75858985535e-06, 3.97081475967e-06, 3.57880799129e-06, 5.08946868649e-06, 3.99621967517e-06, 4.58827298644e-06, 3.29019462697e-06, 3.59968885277e-06, 2.27583564083e-06, 2.22137464334e-06, 1.46782952015e-06, 1.22031315186e-06, 8.62989963935e-07, 6.21592789685e-07, 5.97665973601e-07, 4.30550016972e-07, 4.49932372248e-07, 4.06930922736e-07], "median": [3.58821089321e-05, 0.000286203779979, 0.000609476817772, 3.49645051756e-05, 7.33109409339e-05, 9.02526662685e-05, 0.000102040816273, 2.82405580947e-05, 1.62015094247e-05, 6.29332953395e-06, 1.94701533474e-06, 1.54688029852e-06, 2.0981462967e-06, 1.14228703296e-06, 8.37551738186e-07, 8.3021473074e-07, 7.32113903723e-07, 3.69623052165e-07, 1.67525101347e-07, 6.0607726482e-07, 3.66082304026e-07, 1.37052666105e-07, 1.28777230657e-07, 1.0481677748e-07, 8.05360471645e-08, 1.06230075403e-07, 1.00824387061e-07, 2.21741018436e-07, 1.7613548664e-07, 8.24328267868e-08, 6.33172732023e-08, 5.81780632558e-08, 4.12854532783e-08, 3.155844297e-08, 2.32613146522e-08, 1.62789479674e-08, 1.62050906027e-08, 9.37241662058e-09, 8.35227531581e-09, 6.31170049559e-09], "min": [8.72106241105e-24, 8.13407890009e-24, 5.1773438192e-24, 1.39131050755e-23, 2.54132124374e-23, 1.27929068129e-23, 1.48668110886e-23, 6.95115199599e-24, 9.95664972487e-24, 1.01042795213e-23, 1.11353948773e-23, 6.49214420639e-24, 1.51079011808e-23, 9.19155956531e-24, 1.02129435332e-23, 1.08449213037e-23, 6.10576565704e-24, 5.36166195857e-24, 7.01490063461e-24, 1.13410430267e-23, 1.51696642565e-23, 9.52212068359e-24, 1.37746726084e-23, 1.05901302753e-23, 6.59797186898e-24, 8.23413722845e-24, 5.30528680284e-24, 9.40093666019e-24, 6.02693754779e-24, 1.08122111862e-23, 1.42473943504e-23, 1.24832978402e-23, 8.72097800294e-24, 7.63996325033e-24, 1.15825141386e-23, 1.12509322343e-23, 7.73542173075e-24, 1.09859246684e-23, 1.35432776168e-23, 1.15606918794e-23], "var": [3.62504179066e-05, 9.14933625609e-05, 8.51639288157e-06, 7.94741481513e-07, 7.50780600356e-07, 9.32602119974e-07, 8.4207550799e-07, 2.86951546968e-07, 2.16302069589e-07, 1.2634018276e-07, 9.84391590464e-09, 1.07549880113e-07, 5.64189264196e-08, 9.92510429398e-09, 1.5613079718e-09, 5.60336843591e-09, 3.13043968525e-09, 5.46365397369e-10, 4.68780070317e-10, 1.13582221406e-09, 4.30363328308e-10, 2.47201897841e-10, 1.12625637982e-10, 2.19134585477e-10, 1.25068774781e-10, 2.80366535543e-10, 1.69655026139e-10, 1.24572019367e-10, 7.81035722208e-11, 1.17722179227e-10, 4.30347736613e-11, 4.4229654661e-11, 1.8911554614e-11, 1.25875325788e-11, 6.08580330227e-12, 2.93056876509e-12, 2.76926398479e-12, 1.86600322867e-12, 1.84132418514e-12, 1.66385481781e-12]}, "mfcc": {"mean": [-788.051452637, 135.558456421, 25.2007598877, 24.6426048279, -1.70385241508, 5.646296978, -3.27007126808, -6.88851261139, 2.06554055214, 4.31650018692, -2.15697383881, 5.73354578018, 6.64924955368], "cov": [[20299.4042969, 1261.05383301, 1564.4708252, 2453.27368164, -2.33444404602, 17.8675403595, -367.183959961, -599.753417969, -755.467346191, 254.413284302, 1211.66687012, 427.872039795, -479.890899658], [1261.05383301, 3764.16772461, 1274.51953125, 632.295349121, 46.7198295593, 19.6459941864, 41.3652915955, -304.772674561, -280.200408936, 88.1870651245, 289.980682373, 143.143112183, -72.4255523682], [1564.4708252, 1274.51953125, 1845.40539551, 849.520812988, 202.899673462, -30.5709590912, -42.0505218506, -113.662437439, -124.815895081, 157.7447052, 381.73147583, 201.877410889, 0.591117322445], [2453.27368164, 632.295349121, 849.520812988, 1204.81542969, 367.046875, 75.9052886963, -110.223350525, -210.294525146, -95.2144088745, 237.832168579, 394.835723877, 213.217605591, -36.9736404419], [-2.33444404602, 46.7198295593, 202.899673462, 367.046875, 473.765136719, 267.944244385, 62.6813278198, 19.0784645081, 41.2003135681, 89.7779083252, 132.480224609, 115.05091095, 72.5214691162], [17.8675403595, 19.6459941864, -30.5709590912, 75.9052886963, 267.944244385, 403.841217041, 281.38168335, 160.80909729, 33.3759422302, 18.428981781, 73.8156814575, 85.8571243286, 52.8156089783], [-367.183959961, 41.3652915955, -42.0505218506, -110.223350525, 62.6813278198, 281.38168335, 427.847045898, 279.15435791, 77.4557571411, -37.9985122681, -15.3261985779, 57.7080879211, 42.0359039307], [-599.753417969, -304.772674561, -113.662437439, -210.294525146, 19.0784645081, 160.80909729, 279.15435791, 541.782348633, 275.369598389, -92.6535110474, -159.117385864, -37.4941368103, 145.08366394], [-755.467346191, -280.200408936, -124.815895081, -95.2144088745, 41.2003135681, 33.3759422302, 77.4557571411, 275.369598389, 456.159790039, 184.576202393, -179.914169312, -103.179206848, 98.950302124], [254.413284302, 88.1870651245, 157.7447052, 237.832168579, 89.7779083252, 18.428981781, -37.9985122681, -92.6535110474, 184.576202393, 349.46697998, 150.864501953, 15.0409851074, -82.599319458], [1211.66687012, 289.980682373, 381.73147583, 394.835723877, 132.480224609, 73.8156814575, -15.3261985779, -159.117385864, -179.914169312, 150.864501953, 454.573486328, 190.798370361, -136.902053833], [427.872039795, 143.143112183, 201.877410889, 213.217605591, 115.05091095, 85.8571243286, 57.7080879211, -37.4941368103, -103.179206848, 15.0409851074, 190.798370361, 257.071411133, 54.6523857117], [-479.890899658, -72.4255523682, 0.591117322445, -36.9736404419, 72.5214691162, 52.8156089783, 42.0359039307, 145.08366394, 98.950302124, -82.599319458, -136.902053833, 54.6523857117, 250.682510376]], "icov": [[8.46081602504e-05, 7.7608256106e-06, 6.67044196234e-06, -0.000234259889112, 0.000297565449728, -0.000243482238147, 0.000144640711369, -1.25316310005e-05, -4.61166710011e-05, 0.00013649254106, -0.000125738166389, 9.65288018051e-06, 7.02612960595e-05], [7.7608256106e-06, 0.000387630134355, -0.000264150556177, -9.08654328668e-05, 0.000218081244384, -0.000164116354426, -0.00021445263701, 0.000298091588775, 6.11976938671e-05, 1.2060415429e-05, 4.90720049129e-05, 0.000104591774289, -6.71904199407e-05], [6.67044196234e-06, -0.000264150556177, 0.00112540111877, -0.000513973995112, -0.000328604102833, 0.000987501698546, -0.00038974994095, -0.000538598571438, 0.000595227058511, -0.000497086264659, -0.000529682263732, 0.000300036655972, -0.000631345959846], [-0.000234259889112, -9.08654328668e-05, -0.000513973995112, 0.00262664002366, -0.00207015778869, 0.0010374590056, 3.36909761245e-06, -0.000182503106771, 0.000700504577253, -0.00135057640728, 2.95980480587e-05, -0.000396935938625, -0.000219531691982], [0.000297565449728, 0.000218081244384, -0.000328604102833, -0.00207015778869, 0.00747351162136, -0.00664585316554, 0.0028183455579, 0.00143297819886, -0.00292530329898, 0.00240399781615, -0.00116285239346, -0.000578840146773, -0.000297770107863], [-0.000243482238147, -0.000164116354426, 0.000987501698546, 0.0010374590056, -0.00664585316554, 0.0119368555024, -0.00668309815228, -0.00165167590603, 0.0039630215615, -0.00352890812792, -0.000400756922318, 0.00166733446531, -0.00218801083975], [0.000144640711369, -0.00021445263701, -0.00038974994095, 3.36909761245e-06, 0.0028183455579, -0.00668309815228, 0.00864462461323, -0.00320785306394, 0.000308825692628, -0.000349399488186, 0.00178776949178, -0.00299268867821, 0.00260778865777], [-1.25316310005e-05, 0.000298091588775, -0.000538598571438, -0.000182503106771, 0.00143297819886, -0.00165167590603, -0.00320785306394, 0.0102230478078, -0.0113864028826, 0.0102710546926, -0.00450392533094, 0.000755249813665, -0.000154362875037], [-4.61166710011e-05, 6.11976938671e-05, 0.000595227058511, 0.000700504577253, -0.00292530329898, 0.0039630215615, 0.000308825692628, -0.0113864028826, 0.021408803761, -0.0189542863518, 0.00780828297138, 0.00207091844641, -0.00430242437869], [0.00013649254106, 1.2060415429e-05, -0.000497086264659, -0.00135057640728, 0.00240399781615, -0.00352890812792, -0.000349399488186, 0.0102710546926, -0.0189542863518, 0.0207023266703, -0.00807871948928, -0.000779017980676, 0.00428993022069], [-0.000125738166389, 4.90720049129e-05, -0.000529682263732, 2.95980480587e-05, -0.00116285239346, -0.000400756922318, 0.00178776949178, -0.00450392533094, 0.00780828297138, -0.00807871948928, 0.0108735458925, -0.00510513363406, 0.00381400436163], [9.65288018051e-06, 0.000104591774289, 0.000300036655972, -0.000396935938625, -0.000578840146773, 0.00166733446531, -0.00299268867821, 0.000755249813665, 0.00207091844641, -0.000779017980676, -0.00510513363406, 0.0103894053027, -0.0062568243593], [7.02612960595e-05, -6.71904199407e-05, -0.000631345959846, -0.000219531691982, -0.000297770107863, -0.00218801083975, 0.00260778865777, -0.000154362875037, -0.00430242437869, 0.00428993022069, 0.00381400436163, -0.0062568243593, 0.0108312517405]]}, "spectral_contrast_coeffs": {"dmean": [0.0591473244131, 0.0544239133596, 0.0526505298913, 0.0385729260743, 0.024587797001, 0.027580736205], "dmean2": [0.0963639765978, 0.0883957669139, 0.0808159708977, 0.057386867702, 0.0396598614752, 0.0424799397588], "dvar": [0.00356837850995, 0.00326171820052, 0.00229635927826, 0.00150845386088, 0.000522773712873, 0.00111009553075], "dvar2": [0.00846850033849, 0.00782308913767, 0.00511401705444, 0.00303903804161, 0.00124434602913, 0.0025551689323], "max": [-0.288729786873, -0.30523276329, -0.344722568989, -0.443326085806, -0.587118327618, -0.601419568062], "mean": [-0.628604829311, -0.682549476624, -0.75071054697, -0.761907339096, -0.831987202168, -0.793539047241], "median": [-0.621042847633, -0.673225283623, -0.76761329174, -0.778161287308, -0.843168079853, -0.796370625496], "min": [-0.993248105049, -0.987484574318, -0.987721085548, -0.987159311771, -0.994968295097, -0.959835529327], "var": [0.0163724962622, 0.0137285077944, 0.00922999810427, 0.0092423055321, 0.00244787032716, 0.00267949653789]}, "spectral_contrast_valleys": {"dmean": [0.636153280735, 0.635321736336, 0.730479776859, 0.769305109978, 0.805066406727, 0.745054364204], "dmean2": [0.96390402317, 0.99760466814, 1.14481329918, 1.11188137531, 1.10111618042, 0.957576453686], "dvar": [0.480709552765, 0.550927639008, 0.598586797714, 0.791453242302, 0.915831446648, 0.877896010876], "dvar2": [0.85664755106, 1.13579845428, 1.32828354836, 1.61287593842, 1.81253457069, 1.80990612507], "max": [-4.93834686279, -4.58639431, -5.70029592514, -5.48935699463, -5.37131309509, -7.999566