{"lowlevel": {"average_loudness": 0.220358937979, "barkbands_crest": {"dmean": 1.85720086098, "dmean2": 2.61098670959, "dvar": 3.42136693001, "dvar2": 7.7710185051, "max": 26.8801822662, "mean": 17.5044536591, "median": 17.0704269409, "min": 5.25104236603, "var": 16.0594291687}, "barkbands_flatness_db": {"dmean": 0.0192547980696, "dmean2": 0.0256864447147, "dvar": 0.000306307076244, "dvar2": 0.000555475940928, "max": 0.623414158821, "mean": 0.427705168724, "median": 0.432195454836, "min": 0.0475145503879, "var": 0.00363638135605}, "barkbands_kurtosis": {"dmean": 14.0714120865, "dmean2": 19.0817928314, "dvar": 925.886230469, "dvar2": 1682.96032715, "max": 1567.65661621, "mean": 42.762512207, "median": 30.4119224548, "min": -1.97243463993, "var": 3665.14672852}, "barkbands_skewness": {"dmean": 0.801222324371, "dmean2": 1.07201802731, "dvar": 0.856489241123, "dvar2": 1.56081020832, "max": 30.6005954742, "mean": 4.30564403534, "median": 3.93626832962, "min": -2.77073454857, "var": 5.53117895126}, "barkbands_spread": {"dmean": 0.577965140343, "dmean2": 0.833555102348, "dvar": 1.95263946056, "dvar2": 4.41416549683, "max": 77.2297134399, "mean": 1.76391863823, "median": 0.916117012501, "min": 0.0336317680776, "var": 8.60897159576}, "dissonance": {"dmean": 0.0368150286376, "dmean2": 0.0602087117732, "dvar": 0.00120724353474, "dvar2": 0.00315734534524, "max": 0.500000059605, "mean": 0.372177362442, "median": 0.377505689859, "min": 0.100652985275, "var": 0.00351218949072}, "dynamic_complexity": 4.4350476265, "erbbands_crest": {"dmean": 2.19054532051, "dmean2": 3.08241224289, "dvar": 4.43435096741, "dvar2": 9.31343841553, "max": 33.3242378235, "mean": 17.540802002, "median": 16.8605899811, "min": 2.38457846642, "var": 24.7946529388}, "erbbands_flatness_db": {"dmean": 0.0143148293719, "dmean2": 0.0181802231818, "dvar": 0.00017395017494, "dvar2": 0.000315570941893, "max": 0.560200273991, "mean": 0.401125639677, "median": 0.402626127005, "min": 0.0789660960436, "var": 0.00233834446408}, "erbbands_kurtosis": {"dmean": 5.61267280579, "dmean2": 7.71076011658, "dvar": 50.4012184143, "dvar2": 93.0534820557, "max": 256.778686523, "mean": 17.519651413, "median": 13.8246307373, "min": -1.94351053238, "var": 269.523834229}, "erbbands_skewness": {"dmean": 0.539150297642, "dmean2": 0.727107405663, "dvar": 0.262244403362, "dvar2": 0.496240615845, "max": 10.7249555588, "mean": 3.05841112137, "median": 3.02156019211, "min": -6.30718803406, "var": 1.9914406538}, "erbbands_spread": {"dmean": 1.82411670685, "dmean2": 2.63731598854, "dvar": 9.33843803406, "dvar2": 21.6433544159, "max": 69.4945373535, "mean": 6.5740442276, "median": 4.13359832764, "min": 0.341538101435, "var": 51.2136459351}, "hfc": {"dmean": 0.985302448273, "dmean2": 1.09610319138, "dvar": 1.45619189739, "dvar2": 2.12613129616, "max": 36.7458114624, "mean": 5.43647193909, "median": 3.51659417152, "min": 1.08947766573e-16, "var": 30.1523284912}, "melbands_crest": {"dmean": 2.18195986748, "dmean2": 3.12765550613, "dvar": 4.85434484482, "dvar2": 10.7829627991, "max": 34.0401268005, "mean": 21.3002643585, "median": 20.8589725494, "min": 1.86371362209, "var": 23.3370037079}, "melbands_flatness_db": {"dmean": 0.0186927728355, "dmean2": 0.0227310582995, "dvar": 0.000321940053254, "dvar2": 0.000525159062818, "max": 0.722653269768, "mean": 0.492046684027, "median": 0.495841771364, "min": 0.00415580580011, "var": 0.00541649805382}, "melbands_kurtosis": {"dmean": 10.925567627, "dmean2": 15.203207016, "dvar": 199.116592407, "dvar2": 386.119262695, "max": 567.344299316, "mean": 37.5966529846, "median": 29.8186836243, "min": -1.95094120502, "var": 1080.67871094}, "melbands_skewness": {"dmean": 0.680490911007, "dmean2": 0.93646979332, "dvar": 0.467144787312, "dvar2": 0.956647992134, "max": 16.8619728088, "mean": 3.85120105743, "median": 3.62983727455, "min": -1.60783398151, "var": 3.02575731277}, "melbands_spread": {"dmean": 0.747539997101, "dmean2": 1.06210446358, "dvar": 4.85692501068, "dvar2": 10.0833816528, "max": 152.007965088, "mean": 2.3456530571, "median": 1.24794590473, "min": 0.168066322803, "var": 30.6933345795}, "pitch_salience": {"dmean": 0.0548705905676, "dmean2": 0.0770641490817, "dvar": 0.00268746190704, "dvar2": 0.00580202834681, "max": 0.882545530796, "mean": 0.412819564342, "median": 0.431244403124, "min": 0.027825653553, "var": 0.0147506361827}, "silence_rate_20dB": {"dmean": 0, "dmean2": 0, "dvar": 0, "dvar2": 0, "max": 1, "mean": 1, "median": 1, "min": 1, "var": 0}, "silence_rate_30dB": {"dmean": 0.00142993323971, "dmean2": 0.00285995169543, "dvar": 0.00142845266964, "dvar2": 0.00338760972954, "max": 1, "mean": 0.998450934887, "median": 1, "min": 0, "var": 0.00154687417671}, "silence_rate_60dB": {"dmean": 0.05838894099, "dmean2": 0.116781361401, "dvar": 0.0549857318401, "dvar2": 0.115195095539, "max": 1, "mean": 0.205457419157, "median": 0, "min": 0, "var": 0.163226157427}, "spectral_centroid": {"dmean": 29.5071792603, "dmean2": 40.7288551331, "dvar": 9373.66015625, "dvar2": 16191.7275391, "max": 11500.5175781, "mean": 398.810852051, "median": 356.075622559, "min": 162.368560791, "var": 126809.265625}, "spectral_complexity": {"dmean": 0.681124866009, "dmean2": 1.17788302898, "dvar": 0.521902918816, "dvar2": 1.18674492836, "max": 11, "mean": 4.25368642807, "median": 4, "min": 0, "var": 2.73064899445}, "spectral_decrease": {"dmean": 7.7404321841e-10, "dmean2": 8.24606882777e-10, "dvar": 9.90791147452e-19, "dvar2": 1.27229963166e-18, "max": 2.72849564018e-20, "mean": -4.19162482501e-09, "median": -2.49604537039e-09, "min": -3.55416354125e-08, "var": 2.1455326356e-17}, "spectral_energy": {"dmean": 0.00300887483172, "dmean2": 0.00320874131285, "dvar": 1.4923535673e-05, "dvar2": 1.92224451894e-05, "max": 0.137475192547, "mean": 0.0163132492453, "median": 0.00973374675959, "min": 9.8621311312e-21, "var": 0.000323063984979}, "spectral_energyband_high": {"dmean": 1.15047839699e-07, "dmean2": 1.75642938416e-07, "dvar": 9.12449843872e-14, "dvar2": 2.26304462366e-13, "max": 2.60730994341e-05, "mean": 5.90088177432e-07, "median": 4.79801656184e-07, "min": 7.06647391828e-21, "var": 3.16894459892e-13}, "spectral_energyband_low": {"dmean": 9.63119532571e-07, "dmean2": 1.50161702095e-06, "dvar": 1.33871767838e-11, "dvar2": 3.28138349825e-11, "max": 0.000131322973175, "mean": 1.37083873142e-06, "median": 1.58995320021e-07, "min": 2.04070206691e-23, "var": 2.03540743288e-11}, "spectral_energyband_middle_high": {"dmean": 6.19003694737e-05, "dmean2": 9.11092574825e-05, "dvar": 2.56816417021e-08, "dvar2": 5.38452233911e-08, "max": 0.00842336099595, "mean": 0.000187907440704, "median": 0.000113146445074, "min": 1.16669715751e-21, "var": 8.41847977995e-08}, "spectral_energyband_middle_low": {"dmean": 0.00300536979921, "dmean2": 0.00320106372237, "dvar": 1.49357865666e-05, "dvar2": 1.92293864529e-05, "max": 0.137389779091, "mean": 0.0161495320499, "median": 0.0095774801448, "min": 1.71807569026e-22, "var": 0.000322087260429}, "spectral_entropy": {"dmean": 0.154801279306, "dmean2": 0.195883780718, "dvar": 0.0213883258402, "dvar2": 0.0362290330231, "max": 9.82054042816, "mean": 4.96995830536, "median": 4.93134832382, "min": 3.18711900711, "var": 0.331160634756}, "spectral_flux": {"dmean": 0.00874105654657, "dmean2": 0.0141766248271, "dvar": 7.86606979091e-05, "dvar2": 0.000217382461415, "max": 0.15083116293, "mean": 0.0253596808761, "median": 0.0224088653922, "min": 6.32657676247e-11, "var": 0.000199906455236}, "spectral_kurtosis": {"dmean": 18.2475833893, "dmean2": 30.4578876495, "dvar": 266.876220703, "dvar2": 736.995727539, "max": 362.08505249, "mean": 65.3420562744, "median": 59.1246032715, "min": -1.24712872505, "var": 1480.96984863}, "spectral_rms": {"dmean": 0.000378334225388, "dmean2": 0.000406359904446, "dvar": 1.26844525994e-07, "dvar2": 1.77132321255e-07, "max": 0.011581110768, "mean": 0.00346540333703, "median": 0.00308161298744, "min": 3.10186902205e-12, "var": 3.90629702451e-06}, "spectral_rolloff": {"dmean": 46.247631073, "dmean2": 80.7151641846, "dvar": 42730.9609375, "dvar2": 85147.390625, "max": 20305.8105469, "mean": 453.642089844, "median": 387.59765625, "min": 129.19921875, "var": 381170.78125}, "spectral_skewness": {"dmean": 1.0782597065, "dmean2": 1.82870495319, "dvar": 0.757065653801, "dvar2": 2.08997774124, "max": 15.6108636856, "mean": 5.97483348846, "median": 5.82131767273, "min": -0.07214281708, "var": 4.3325419426}, "spectral_spread": {"dmean": 353018.5, "dmean2": 619587.8125, "dvar": 130957778944, "dvar2": 311019700224, "max": 41640976, "mean": 1471288.875, "median": 1401138.875, "min": 257801.59375, "var": 1648782213120.0}, "spectral_strongpeak": {"dmean": 0.218398958445, "dmean2": 0.294195473194, "dvar": 0.0738269984722, "dvar2": 0.187844216824, "max": 5.19140100479, "mean": 1.12889230251, "median": 0.972929298878, "min": 1.03644544336e-10, "var": 0.552859127522}, "zerocrossingrate": {"dmean": 0.00162231910508, "dmean2": 0.00202822848223, "dvar": 1.4007478967e-05, "dvar2": 1.6145508198e-05, "max": 0.51904296875, "mean": 0.0184330716729, "median": 0.0166015625, "min": 0.0107421875, "var": 0.000285880581941}, "barkbands": {"dmean": [1.02591286577e-06, 4.64152066115e-07, 2.19455941419e-07, 3.09035812052e-07, 0.00147780356929, 0.00186365970876, 0.000361314130714, 6.62033489789e-05, 4.26504775533e-05, 3.88590015064e-05, 1.0237128663e-05, 9.94886249828e-06, 7.81345261203e-06, 8.63858440425e-06, 3.72853742192e-06, 8.21207413537e-06, 1.01388968687e-05, 2.10212374441e-06, 6.7498297085e-07, 8.88557636358e-08, 6.64182238097e-08, 2.77296106077e-08, 1.0622152935e-08, 3.89498611142e-09, 1.75290626458e-09, 1.62615840793e-08, 7.20803750021e-10], "dmean2": [1.7832718413e-06, 7.9463518432e-07, 3.50108877001e-07, 4.8225166438e-07, 0.00150713592302, 0.00206450326368, 0.000386478670407, 7.99876142992e-05, 5.69418516534e-05, 5.47732706764e-05, 1.56793375936e-05, 1.58360344358e-05, 1.14146741907e-05, 1.25634715005e-05, 5.8722457652e-06, 1.3161010429e-05, 1.67517209775e-05, 3.61079582945e-06, 1.11689939786e-06, 1.43505403116e-07, 1.06249714804e-07, 4.22086294805e-08, 1.78815380281e-08, 5.75814285142e-09, 2.97625457613e-09, 2.6120165586e-08, 1.30436972334e-09], "dvar": [1.51402848592e-11, 3.89274593462e-12, 7.81732317767e-13, 1.77676319837e-12, 7.45267834645e-06, 6.3523020799e-06, 4.8058336688e-07, 1.03771043314e-07, 1.64422964133e-08, 3.20514281782e-08, 2.63673527456e-10, 2.39052749818e-10, 7.72129138404e-10, 2.34450081571e-09, 1.48665169064e-09, 4.21116785887e-09, 4.98189933751e-09, 3.09238801233e-10, 4.59659948993e-11, 4.93477329312e-14, 6.19638075659e-14, 1.35445354002e-15, 3.95881091987e-15, 1.6725446402e-17, 3.20357249152e-18, 2.83425863887e-15, 1.43574431685e-18], "dvar2": [4.1456282851e-11, 1.08052360462e-11, 1.78802708316e-12, 4.2509507199e-12, 8.19408705865e-06, 9.4036995506e-06, 5.27746351509e-07, 1.63166461675e-07, 3.23486943898e-08, 6.33681764839e-08, 5.98327276613e-10, 5.54719270518e-10, 1.30616417682e-09, 4.35022862177e-09, 3.38957861779e-09, 1.03282875585e-08, 1.27378854131e-08, 8.80109485291e-10, 1.42083428356e-10, 1.26407470103e-13, 1.59253673074e-13, 2.99146265993e-15, 1.11226522106e-14, 3.63105852218e-17, 9.15919059743e-18, 7.7853263048e-15, 4.36631008649e-18], "max": [0.000137248018291, 6.56678457744e-05, 6.15562385065e-05, 5.42625566595e-05, 0.130434736609, 0.0921939387918, 0.0417925268412, 0.0249814745039, 0.0154011957347, 0.0130538707599, 0.000697557115927, 0.000896246696357, 0.00122984650079, 0.00298719597049, 0.00274611916393, 0.003270477755, 0.00350380805321, 0.00101633055601, 0.000482281699078, 1.56423975568e-05, 2.48991818808e-05, 1.7307975213e-06, 7.52247660785e-06, 1.78437673526e-07, 6.02618257517e-08, 2.43738122663e-06, 2.37169022199e-08], "mean": [9.55011387305e-07, 4.50855651479e-07, 3.15920345884e-07, 4.88278885769e-07, 0.00617122277617, 0.00841680634767, 0.00123218609951, 0.000173576758243, 0.000106205676275, 9.17183351703e-05, 2.29737397603e-05, 2.39973232965e-05, 1.51496815306e-05, 1.58244311024e-05, 6.92088815413e-06, 1.37733413794e-05, 1.56019577844e-05, 3.1050110465e-06, 1.22739470498e-06, 3.10564445272e-07, 2.29968478038e-07, 1.15436506576e-07, 3.63632430833e-08, 1.75332104391e-08, 7.27211313389e-09, 2.49852938339e-08, 7.87629461652e-10], "median": [4.67018175243e-08, 3.25231894749e-08, 6.73498021797e-08, 2.47030040867e-08, 0.00172415003181, 0.0046926131472, 0.0004688349145, 9.29322504817e-06, 4.24336576543e-05, 4.07769875892e-05, 1.04918071884e-05, 1.42982789839e-05, 5.15238525622e-06, 4.06228855354e-06, 1.40876602472e-06, 1.59466344485e-06, 1.06417610368e-06, 6.91245929829e-07, 4.61796304307e-07, 2.22673961048e-07, 1.66461688877e-07, 9.57460954965e-08, 3.11000292186e-08, 1.58622430746e-08, 6.73055922107e-09, 1.38461446753e-08, 3.75224795679e-10], "min": [1.51493676543e-24, 1.6399271413e-24, 1.24111841206e-24, 2.19071840419e-24, 6.35082253623e-24, 1.50203770633e-23, 1.29454425352e-23, 1.65632643539e-23, 2.07471554033e-23, 2.98526612879e-23, 2.10125171677e-23, 3.0912417028e-23, 4.0135908105e-23, 4.02466010672e-23, 4.39553959032e-23, 5.22627512566e-23, 6.76781441073e-23, 1.01210841518e-22, 1.45881055842e-22, 1.65052647758e-22, 2.58092770943e-22, 2.43779931114e-22, 4.63424353599e-22, 6.24478801854e-22, 8.43648595131e-22, 1.34783284897e-21, 2.06822214223e-21], "var": [1.36181170507e-11, 3.32932184426e-12, 1.93614091773e-12, 4.9048881276e-12, 0.000134670975967, 0.000102058256743, 4.47230240752e-06, 4.12072523659e-07, 5.50367111884e-08, 9.49204803646e-08, 1.28174160174e-09, 9.16980380516e-10, 2.44519315906e-09, 6.91851287371e-09, 3.79198539235e-09, 1.03572652677e-08, 1.23667591723e-08, 5.23567689203e-10, 7.82494277707e-11, 1.68072790386e-13, 1.34253773463e-13, 7.93265582752e-15, 3.01435097247e-15, 1.05113188864e-16, 1.38519185613e-17, 2.43338970867e-15, 1.34494532139e-18]}, "erbbands": {"dmean": [2.51863548328e-05, 8.1128331658e-05, 0.000271629076451, 0.00280537479557, 0.113895818591, 4.92390775681, 16.3316612244, 14.5230131149, 9.28684425354, 1.95810461044, 1.24558913708, 0.926121532917, 1.26302337646, 0.692958295345, 0.292821496725, 0.33725503087, 0.309541583061, 0.553806304932, 0.123559638858, 0.416942715645, 0.462779015303, 0.310754835606, 0.144031062722, 0.103514976799, 0.0119976093993, 0.00469771632925, 0.00354902050458, 0.00155376654584, 0.000841144064907, 0.000616296194494, 0.000309646973619, 0.000113004985906, 5.6820041209e-05, 2.53492162301e-05, 1.21577031678e-05, 6.26339806331e-06, 4.29866013292e-05, 9.1645606517e-06, 1.39725250392e-06, 3.32627655553e-06], "dmean2": [4.14628811995e-05, 0.000131667693495, 0.000361243466614, 0.00279739825055, 0.102401718497, 4.60004138947, 16.9979286194, 17.3542823792, 11.1884040833, 2.1380674839, 1.57325315475, 1.23431611061, 1.77297627926, 0.99809217453, 0.455373287201, 0.52854770422, 0.463219225407, 0.791407644749, 0.193087100983, 0.656136572361, 0.738973200321, 0.515601277351, 0.246786564589, 0.178183138371, 0.0187059026212, 0.00741487788036, 0.00570463296026, 0.0024795064237, 0.00132354605012, 0.000964795530308, 0.000497884582728, 0.000172201893292, 8.02727518021e-05, 4.15661343141e-05, 2.07865359698e-05, 1.04830087366e-05, 6.91688182997e-05, 1.4706217371e-05, 1.48633057506e-06, 3.54896565113e-06], "dvar": [1.20137695347e-08, 8.39745268877e-08, 6.32134742773e-07, 3.90350614907e-05, 0.0715012550354, 109.673492432, 653.362304688, 474.724578857, 238.18069458, 21.1926383972, 53.7194366455, 7.33379602432, 42.3378562927, 9.75109577179, 0.192654863, 0.351028621197, 0.710739016533, 9.2176399231, 0.133238300681, 10.5017080307, 7.69231939316, 4.12344408035, 0.867773413658, 1.34144771099, 0.0026770378463, 0.000153890403453, 0.000190381892025, 7.50209346734e-06, 1.13532871637e-06, 1.1123497643e-06, 6.77877278576e-06, 2.5453562813e-08, 3.87391407841e-09, 6.89676260546e-10, 1.71253192183e-10, 2.16080223159e-10, 1.93989766473e-08, 8.76526073945e-10, 3.2919554669e-12, 1.81638488972e-11], "dvar2": [3.27208731221e-08, 2.31314047028e-07, 1.38630275615e-06, 4.34560970461e-05, 0.0569717176259, 88.8090667725, 728.93560791, 822.841918945, 382.699005127, 27.1851768494, 90.1745605469, 13.8220624924, 85.9691772461, 17.5866203308, 0.443022221327, 0.733084440231, 1.23344886303, 16.8668670654, 0.26127114892, 24.2843360901, 18.7403087616, 10.8634319305, 2.45262646675, 4.00413179398, 0.00778536917642, 0.000374296563677, 0.000492364517413, 1.80186307261e-05, 2.71047269962e-06, 2.70386522061e-06, 1.90234350157e-05, 6.34150580936e-08, 8.01018185115e-09, 1.91921212256e-09, 5.02150432347e-10, 6.08734562757e-10, 5.32945456655e-08, 2.40294406595e-09, 4.42758676944e-12, 2.34431571378e-11], "max": [0.00419942522421, 0.0092327259481, 0.047527115792, 0.322241932154, 14.2965936661, 568.214782715, 1029.6373291, 812.145874023, 669.88671875, 224.069488525, 678.500671387, 220.540481567, 508.290435791, 304.667572021, 15.7990503311, 45.9578590393, 48.7970466614, 170.186630249, 21.2868309021, 192.063079834, 128.550567627, 89.500038147, 49.2096328735, 96.50050354, 4.2882027626, 1.03075742722, 1.28518033028, 0.308303534985, 0.063579455018, 0.0513768829405, 0.314969569445, 0.0123809129, 0.00240304437466, 0.000797936983872, 0.000443441007519, 0.000533314887434, 0.00620793132111, 0.00136510119773, 6.40674916212e-05, 0.000151192434714], "mean": [3.46915585396e-05, 0.000141413504025, 0.000888642098289, 0.0124700292945, 0.534197509289, 22.4294052124, 73.087638855, 59.3025932312, 33.3545417786, 6.64277362823, 3.14005446434, 2.40202832222, 3.0090174675, 1.77864575386, 0.80352628231, 0.855041980743, 0.684968054295, 1.0308945179, 0.274398177862, 0.733709692955, 0.799792826176, 0.49573546648, 0.221820309758, 0.152665838599, 0.0323206596076, 0.0166640952229, 0.0120132332668, 0.00637902040035, 0.00370619120076, 0.0022388829384, 0.00107867550105, 0.000491847109515, 0.00025387108326, 0.000116963026812, 5.05251373397e-05, 2.62609992205e-05, 6.85671839165e-05, 1.40995807669e-05, 7.83141422289e-06, 1.80764363904e-05], "median": [6.82159088683e-06, 3.58676807082e-05, 0.000269215961453, 0.00300711486489, 0.0961096957326, 4.91987323761, 32.0699119568, 32.4131469727, 16.323141098, 2.17869114876, 0.997871756554, 1.06493699551, 1.32628905773, 0.849648535252, 0.46939048171, 0.512753903866, 0.318791359663, 0.233129248023, 0.136412963271, 0.0998070761561, 0.0933197513223, 0.0597010776401, 0.0409326031804, 0.0322270654142, 0.018401062116, 0.0115947620943, 0.00851697381586, 0.00515005458146, 0.00313814659603, 0.0018357844092, 0.000902559433598, 0.000438636692706, 0.000228444245295, 0.000108181266114, 4.71720923088e-05, 2.27605487453e-05, 3.89310625906e-05, 7.75715761847e-06, 4.76888044432e-06, 1.08185249701e-05], "min": [1.61061655288e-22, 4.82069188379e-22, 1.82489896789e-21, 5.81971442184e-21, 1.69663984793e-20, 1.69451325059e-20, 4.36742283828e-20, 9.2350495478e-20, 1.99746230151e-19, 2.51335572101e-19, 4.00578264103e-19, 5.13025532615e-19, 6.16613826014e-19, 8.9188040532e-19, 9.80487475549e-19, 1.42554249156e-18, 1.97263054631e-18, 2.34783636345e-18, 2.4413704316e-18, 4.44665083066e-18, 4.476545138e-18, 4.87243171122e-18, 7.04467376064e-18, 7.7094680656e-18, 7.83064919816e-18, 6.16331075001e-18, 1.00685846911e-17, 1.35120813328e-17, 7.66976835928e-18, 1.03910908314e-17, 1.22125772818e-17, 1.19494544377e-17, 1.01382936828e-17, 8.13907341572e-18, 6.05951860829e-18, 4.33309919849e-18, 2.47759597934e-18, 1.05745549417e-18, 2.45024597617e-19, 2.81598162219e-20], "var": [1.19005791888e-08, 1.14581517607e-07, 3.6083699797e-06, 0.000717150687706, 1.54989421368, 2399.06958008, 11221.6748047, 5602.02832031, 2271.68554688, 161.137634277, 134.485824585, 22.4285888672, 128.778045654, 24.6182556152, 1.02655017376, 1.30501711369, 2.3788254261, 27.3282356262, 0.429074287415, 27.7780323029, 21.2287921906, 9.36702728271, 1.59248542786, 2.1218419075, 0.00631698546931, 0.000602016050834, 0.00042172204121, 3.14129720209e-05, 7.18482397133e-06, 3.44417571796e-06, 4.71282464787e-06, 9.53303711526e-08, 2.10989057337e-08, 3.52552831373e-09, 6.09752581759e-10, 3.21588145002e-10, 1.70539014022e-08, 7.70387531546e-10, 7.10189962394e-11, 3.93669596921e-10]}, "gfcc": {"mean": [-245.034179688, 153.764923096, -133.093261719, -49.2680397034, -85.1182861328, -63.6363296509, -56.4801940918, -39.4214935303, -23.5140647888, -9.22217178345, 2.75878810883, 12.6589050293, 10.0643596649], "cov": [[3350.58813477, 809.808288574, 54.7386550903, -146.493011475, 48.6432113647, -343.135192871, -65.7334213257, -233.732040405, -21.9044342041, -108.989135742, 68.7377471924, 20.7014255524, 110.84437561], [809.808288574, 543.360107422, 393.226898193, -66.3481826782, 126.087997437, -147.274307251, -15.5510530472, -148.99458313, -55.3949966431, -113.671676636, -26.6108722687, -19.912021637, 68.7492675781], [54.7386550903, 393.226898193, 834.825622559, 87.7878265381, 142.838043213, -95.8927993774, 7.81653308868, -184.111526489, -125.396476746, -111.431785583, -60.1515464783, -8.83821964264, 54.4588661194], [-146.493011475, -66.3481826782, 87.7878265381, 230.527511597, 88.291595459, 22.6080913544, -29.3438339233, -50.1324882507, -76.5170135498, -71.4656295776, -33.7381706238, -12.4933185577, -4.21470308304], [48.6432113647, 126.087997437, 142.838043213, 88.291595459, 261.357025146, -8.73369884491, -44.4911651611, -63.0868911743, -53.1295967102, -87.1369094849, -55.4785118103, 12.2957668304, 19.1503067017], [-343.135192871, -147.274307251, -95.8927993774, 22.6080913544, -8.73369884491, 176.859985352, 59.2703437805, 21.9137020111, -30.1532974243, 0.0878580585122, -29.2192287445, -24.9380588531, -16.6551761627], [-65.7334213257, -15.5510530472, 7.81653308868, -29.3438339233, -44.4911651611, 59.2703437805, 123.567771912, 41.4027099609, -21.4251689911, 2.18019604683, 2.12048101425, -18.3722629547, -18.7258415222], [-233.732040405, -148.99458313, -184.111526489, -50.1324882507, -63.0868911743, 21.9137020111, 41.4027099609, 158.864868164, 83.4446640015, 37.0295791626, 2.4313454628, 3.45340633392, -24.6134414673], [-21.9044342041, -55.3949966431, -125.396476746, -76.5170135498, -53.1295967102, -30.1532974243, -21.4251689911, 83.4446640015, 146.429718018, 76.5535888672, 18.9892978668, 4.4660358429, 8.29030513763], [-108.989135742, -113.671676636, -111.431785583, -71.4656295776, -87.1369094849, 0.0878580585122, 2.18019604683, 37.0295791626, 76.5535888672, 140.857421875, 68.2983016968, -3.89803719521, -31.2821369171], [68.7377471924, -26.6108722687, -60.1515464783, -33.7381706238, -55.4785118103, -29.2192287445, 2.12048101425, 2.4313454628, 18.9892978668, 68.2983016968, 123.623321533, 23.3439998627, -21.8759822845], [20.7014255524, -19.912021637, -8.83821964264, -12.4933185577, 12.2957668304, -24.9380588531, -18.3722629547, 3.45340633392, 4.4660358429, -3.89803719521, 23.3439998627, 77.1106567383, 23.3994846344], [110.84437561, 68.7492675781, 54.4588661194, -4.21470308304, 19.1503067017, -16.6551761627, -18.7258415222, -24.6134414673, 8.29030513763, -31.2821369171, -21.8759822845, 23.3994846344, 93.8928146362]], "icov": [[0.000780042726547, -0.00184608518612, 0.000993142952211, -0.000755028740969, 0.000480111484649, 0.000640549813397, -0.00058980169706, 0.000777040433604, -0.000126447106595, -0.000441124720965, 0.000239360088017, -0.0008427684661, 5.26859876118e-05], [-0.00184608518612, 0.016957866028, -0.0045606107451, 0.0106539279222, -0.00521775241941, 0.00640846183524, -0.0031009237282, 0.00753686763346, -0.00387414940633, 0.0129684414715, -0.00469504017383, 0.0110382083803, -0.00273765297607], [0.000993142952211, -0.0045606107451, 0.00385473133065, -0.00292038801126, 0.000788917997852, 0.00122069439385, -0.00213103881106, 0.00176227127668, 0.000638171622995, -0.00270535890013, 0.00209500128403, -0.0026246572379, 7.71112827351e-05], [-0.000755028740969, 0.0106539279222, -0.00292038801126, 0.0134984655306, -0.00426397286355, 0.00356383877806, 0.000396599294618, 0.00481119053438, -0.000272883306025, 0.0106294620782, -0.00387806841172, 0.00862569082528, -0.00125531828962], [0.000480111484649, -0.00521775241941, 0.000788917997852, -0.00426397286355, 0.00747266272083, -0.00279276678339, 0.00266576046124, -0.00142511841841, 0.000425685109803, -0.00161824282259, 0.00263509410433, -0.00499093905091, 0.0020243008621], [0.000640549813397, 0.00640846183524, 0.00122069439385, 0.00356383877806, -0.00279276678339, 0.0149502390996, -0.00819695740938, 0.0069948527962, -2.03255767701e-05, 0.00410510087386, 0.00108254107181, 0.00582540221512, -0.00240622018464], [-0.00058980169706, -0.0031009237282, -0.00213103881106, 0.000396599294618, 0.00266576046124, -0.00819695740938, 0.0180207248777, -0.0117781944573, 0.00760002247989, -0.00325874448754, -0.00148890225682, 0.000625961751211, 0.000469705904834], [0.000777040433604, 0.00753686763346, 0.00176227127668, 0.00481119053438, -0.00142511841841, 0.0069948527962, -0.0117781944573, 0.0248932223767, -0.0144606102258, 0.0119174504653, -2.5507162718e-05, 0.00174182350747, 0.00327325752005], [-0.000126447106595, -0.00387414940633, 0.000638171622995, -0.000272883306025, 0.000425685109803, -2.03255767701e-05, 0.00760002247989, -0.0144606102258, 0.0223687049001, -0.0137302121148, 0.00289090443403, 0.000316376332194, -0.00571670895442], [-0.000441124720965, 0.0129684414715, -0.00270535890013, 0.0106294620782, -0.00161824282259, 0.00410510087386, -0.00325874448754, 0.0119174504653, -0.0137302121148, 0.0302295088768, -0.0113227432594, 0.0100748483092, 0.00273879081942], [0.000239360088017, -0.00469504017383, 0.00209500128403, -0.00387806841172, 0.00263509410433, 0.00108254107181, -0.00148890225682, -2.5507162718e-05, 0.00289090443403, -0.0113227432594, 0.0163730774075, -0.00871869828552, 0.00307685905136], [-0.0008427684661, 0.0110382083803, -0.0026246572379, 0.00862569082528, -0.00499093905091, 0.00582540221512, 0.000625961751211, 0.00174182350747, 0.000316376332194, 0.0100748483092, -0.00871869828552, 0.0253162123263, -0.00755695160478], [5.26859876118e-05, -0.00273765297607, 7.71112827351e-05, -0.00125531828962, 0.0020243008621, -0.00240622018464, 0.000469705904834, 0.00327325752005, -0.00571670895442, 0.00273879081942, 0.00307685905136, -0.00755695160478, 0.0166211631149]]}, "melbands": {"dmean": [1.96915124206e-07, 9.28309304982e-08, 1.9631281134e-07, 0.000117281175335, 0.000528823118657, 0.000327169778757, 0.000133772700792, 1.8305501726e-05, 9.96483777271e-06, 5.72603357796e-06, 6.41201177132e-06, 2.97472774946e-06, 1.14832084819e-06, 1.18651246339e-06, 6.85744737439e-07, 7.19887225387e-07, 1.13226087706e-06, 1.74514482865e-07, 2.59055724428e-07, 8.88190015758e-07, 5.44909482869e-07, 3.78444525495e-07, 2.45762521445e-07, 1.2567944907e-07, 8.0997089924e-08, 7.35289340525e-09, 4.56006921112e-09, 3.11344927617e-09, 2.71110733863e-09, 1.88168680637e-09, 9.09902819757e-10, 6.48641640399e-10, 4.07082118015e-10, 3.24202414914e-10, 2.3911628233e-10, 1.10669376441e-10, 7.12892939125e-11, 5.01685637477e-11, 3.18642508212e-11, 2.46909402646e-11], "dmean2": [3.19703730156e-07, 1.53030526917e-07, 2.80123714447e-07, 0.000103029291495, 0.000540716690011, 0.000383055303246, 0.0001616840309, 2.02490919037e-05, 1.2754092495e-05, 7.68179506849e-06, 9.01393741515e-06, 4.28252542406e-06, 1.77228275788e-06, 1.88839419479e-06, 1.04862260741e-06, 1.04470609585e-06, 1.6282224351e-06, 2.79558292959e-07, 4.08609849956e-07, 1.41316616009e-06, 8.73195119766e-07, 6.19464344709e-07, 4.25657020742e-07, 2.15277552229e-07, 1.39568413715e-07, 1.12213571768e-08, 7.02263935892e-09, 4.99741759086e-09, 4.47401005133e-09, 3.01031044536e-09, 1.4587426822e-09, 1.0366212333e-09, 6.42774722337e-10, 5.31894694955e-10, 3.91275151168e-10, 1.7701462518e-10, 1.06312410264e-10, 7.161627541e-11, 4.83909370907e-11, 4.15981069035e-11], "dvar": [6.79200565148e-13, 1.27785396197e-13, 7.42535807147e-13, 8.64655405053e-08, 6.62170123178e-07, 2.26720473506e-07, 4.97933569932e-08, 2.54345411399e-09, 3.00114022522e-09, 2.91090013205e-10, 1.04564057413e-09, 1.89685198104e-10, 3.09001348814e-12, 3.53750882753e-12, 2.76851675265e-12, 8.81294256322e-12, 4.30922103556e-11, 1.47351301625e-13, 5.97187013382e-12, 4.62634965059e-11, 1.57117548139e-11, 7.15440250446e-12, 5.14158377332e-12, 1.26224150489e-12, 1.06963266369e-12, 4.14635597873e-16, 1.60684280911e-16, 6.51029390911e-17, 1.26579359558e-16, 4.35995485784e-17, 1.64971009192e-18, 6.15313394694e-19, 4.70063632756e-19, 2.45206318858e-19, 5.74683027468e-18, 1.9483827354e-20, 6.72142530005e-21, 3.42508107456e-21, 1.32157208595e-21, 7.64403743291e-22], "dvar2": [1.76222046937e-12, 3.32988655096e-13, 1.41201731297e-12, 6.11335124745e-08, 7.64117260132e-07, 3.91125354327e-07, 8.11301816839e-08, 3.41809291982e-09, 5.06535036138e-09, 5.63394608744e-10, 2.12264117394e-09, 3.41762229628e-10, 7.16457448924e-12, 8.30092678622e-12, 4.97778597855e-12, 1.48166826031e-11, 7.97584845391e-11, 2.93459972035e-13, 1.34638125301e-11, 1.12534905006e-10, 3.83220191691e-11, 1.80001152872e-11, 1.45097796625e-11, 3.59094112952e-12, 3.20342819111e-12, 8.88182760744e-16, 3.68746582104e-16, 1.54151314313e-16, 3.4359330346e-16, 1.03870796671e-16, 3.95823872926e-18, 1.4662820673e-18, 1.18995504245e-18, 6.24159936249e-19, 1.61448731455e-17, 5.09745141101e-20, 1.46771002015e-20, 7.21317084562e-21, 3.09550291484e-21, 2.32598927139e-21], "max": [3.14798817271e-05, 1.70340808836e-05, 5.42956513527e-05, 0.0163115188479, 0.0284270290285, 0.0184293054044, 0.00980839971453, 0.00277125672437, 0.00502263475209, 0.00186783901881, 0.00252098916098, 0.00134613900445, 6.21557410341e-05, 9.67688902165e-05, 0.000108045431261, 0.0001588948071, 0.000389672408346, 2.25931325986e-05, 0.000176561632543, 0.000327227084199, 0.000227692042245, 0.000144522098708, 0.000152321867063, 7.72755956859e-05, 8.75984187587e-05, 9.97765710053e-07, 1.04287016711e-06, 7.08510128788e-07, 1.00644263057e-06, 9.49645425408e-07, 6.19344291408e-08, 2.94999775718e-08, 4.88758118422e-08, 2.25801883857e-08, 2.89993579372e-07, 9.8440366969e-09, 3.84516463114e-09, 2.49259701768e-09, 8.20541301572e-10, 6.48492981536e-10], "mean": [2.19020193981e-07, 1.26768057385e-07, 3.62453363323e-07, 0.000541871762834, 0.00240533379838, 0.00137637311127, 0.000466155091999, 5.64633810427e-05, 2.36856576521e-05, 1.44309451571e-05, 1.50843679876e-05, 7.3664887168e-06, 2.88965429718e-06, 2.7304181458e-06, 1.62739547704e-06, 1.43680051679e-06, 2.04226921596e-06, 3.68455374655e-07, 5.06061496708e-07, 1.4668971744e-06, 9.28734152694e-07, 5.99233487719e-07, 3.54344734887e-07, 1.78164384579e-07, 1.17236083952e-07, 1.9953064978e-08, 1.45628167303e-08, 9.97401627956e-09, 7.90760967817e-09, 5.70439473435e-09, 3.1954201507e-09, 2.4325994552e-09, 1.47246526083e-09, 1.0214949997e-09, 6.75293876373e-10, 4.05083633304e-10, 2.49416987064e-10, 1.86501383781e-10, 1.13963269377e-10, 8.24230267371e-11], "median": [1.42100526901e-08, 2.50603715557e-08, 2.04410035565e-08, 4.25166035711e-05, 0.0010299696587, 0.000765864329878, 0.000216406857362, 1.34110123327e-05, 7.62930903875e-06, 6.07698621025e-06, 6.58290764477e-06, 3.52561187356e-06, 1.50680193656e-06, 1.59829653512e-06, 8.13901181118e-07, 4.9309858241e-07, 4.23110947168e-07, 1.89820838159e-07, 1.2425955731e-07, 9.6335178057e-08, 1.01315428935e-07, 5.25545935659e-08, 4.81762114646e-08, 2.08263433166e-08, 2.39120279133e-08, 1.18310081731e-08, 9.52358547579e-09, 6.57450138775e-09, 5.47337197787e-09, 4.00874267115e-09, 2.47197107228e-09, 1.97466154539e-09, 1.17439524772e-09, 8.24318668879e-10, 5.40627931311e-10, 3.4809036209e-10, 2.14628911865e-10, 1.60800761595e-10, 9.9192293268e-11, 7.31589164249e-11], "min": [1.50920943804e-24, 8.3424772158e-25, 2.16192754495e-24, 1.55047632971e-24, 1.60170959146e-24, 2.29685885012e-24, 3.33233108495e-24, 2.09685815596e-24, 2.76031975954e-24, 3.48460175004e-24, 3.3352187103e-24, 3.36411074095e-24, 3.17953267192e-24, 3.50081718038e-24, 3.14912583111e-24, 3.48310291432e-24, 4.27097734898e-24, 3.91651177312e-24, 4.44686927059e-24, 4.51719700915e-24, 4.46830735455e-24, 4.20350607576e-24, 5.24769640688e-24, 4.41047438387e-24, 4.28327135176e-24, 5.27790465196e-24, 4.92376369236e-24, 2.71042016576e-24, 5.19863635833e-24, 5.31667598216e-24, 6.86097651706e-24, 4.1546751913e-24, 4.85881519631e-24, 4.67147138094e-24, 5.08592470105e-24, 6.96274982902e-24, 6.64898750372e-24, 7.00709643367e-24, 7.09964953938e-24, 6.31088724177e-24], "var": [7.07075457212e-13, 2.11212910226e-13, 3.02904749894e-12, 1.98948555408e-06, 1.1732893654e-05, 2.85988221549e-06, 4.65957299411e-07, 1.75230336907e-08, 7.4096346836e-09, 9.25067467072e-10, 3.1863700567e-09, 4.65526728277e-10, 1.61094453749e-11, 1.25773870485e-11, 9.93135521737e-12, 2.86827627621e-11, 1.25536983586e-10, 5.39400718102e-13, 1.61970905438e-11, 1.14907389159e-10, 4.56238727353e-11, 1.87568242188e-11, 8.722244281e-12, 2.37694846444e-12, 1.67408892738e-12, 1.34482171662e-15, 6.65341309574e-16, 2.61441854307e-16, 2.13137246156e-16, 1.00581814059e-16, 8.16720500117e-18, 3.63762559179e-18, 1.66408752494e-18, 7.76982278201e-19, 3.80448198341e-18, 8.11252862117e-20, 2.87388103389e-20, 1.55973935629e-20, 5.06610441619e-21, 2.48319236186e-21]}, "mfcc": {"mean": [-889.377502441, 180.174407959, -14.7671823502, -27.0934200287, -35.1915740967, -45.8352394104, -40.9529876709, -40.6061935425, -35.5062675476, -32.253692627, -21.4474983215, -9.2370672226, -2.20803046227], "cov": [[1343.82348633, 767.527709961, -172.905136108, 75.8563461304, -33.6545639038, -80.9805679321, -34.8265533447, -74.2134857178, -48.1814689636, -56.2737808228, -20.8415622711, -4.67474555969, -14.6955804825], [767.527709961, 747.317443848, 218.518066406, 58.6117668152, 41.0345993042, -23.3663749695, -34.755027771, -47.7490196228, -49.0322685242, -55.0464897156, -71.2387771606, -52.9229354858, -35.8993759155], [-172.905136108, 218.518066406, 472.274810791, 137.151199341, 63.3227996826, 65.0960464478, 16.4485206604, -13.9894161224, -39.1748085022, -44.9405059814, -74.5238418579, -79.0993118286, -57.4895401001], [75.8563461304, 58.6117668152, 137.151199341, 234.044662476, 121.546920776, 43.5283737183, 24.9340610504, -8.04004001617, -39.8716697693, -65.0474243164, -55.9864959717, -50.8900794983, -55.4782714844], [-33.6545639038, 41.0345993042, 63.3227996826, 121.546920776, 229.626419067, 89.3028717041, 1.43583679199, 23.4633541107, -14.5204811096, -62.0740814209, -82.1002044678, -54.4629058838, -38.0215454102], [-80.9805679321, -23.3663749695, 65.0960464478, 43.5283737183, 89.3028717041, 152.25970459, 88.1380691528, 9.43726634979, -18.5639381409, -37.6986579895, -48.544708252, -59.4808959961, -51.0511016846], [-34.8265533447, -34.755027771, 16.4485206604, 24.9340610504, 1.43583679199, 88.1380691528, 149.314208984, 55.0989456177, -27.9179534912, -19.927690506, -2.2604033947, -36.3418540955, -65.7914733887], [-74.2134857178, -47.7490196228, -13.9894161224, -8.04004001617, 23.4633541107, 9.43726634979, 55.0989456177, 110.948905945, 55.3304367065, -8.18968200684, -15.3948230743, -0.292720347643, -7.71663856506], [-48.1814689636, -49.0322685242, -39.1748085022, -39.8716697693, -14.5204811096, -18.5639381409, -27.9179534912, 55.3304367065, 132.503250122, 65.412902832, -19.782037735, 15.8149108887, 60.1462936401], [-56.2737808228, -55.0464897156, -44.9405059814, -65.0474243164, -62.0740814209, -37.6986579895, -19.927690506, -8.18968200684, 65.412902832, 135.737808228, 85.1311340332, 24.5058765411, 39.2466545105], [-20.8415622711, -71.2387771606, -74.5238418579, -55.9864959717, -82.1002044678, -48.544708252, -2.2604033947, -15.3948230743, -19.782037735, 85.1311340332, 176.372909546, 92.1583023071, 2.87882423401], [-4.67474555969, -52.9229354858, -79.0993118286, -50.8900794983, -54.4629058838, -59.4808959961, -36.3418540955, -0.292720347643, 15.8149108887, 24.5058765411, 92.1583023071, 152.532440186, 94.9394836426], [-14.6955804825, -35.8993759155, -57.4895401001, -55.4782714844, -38.0215454102, -51.0511016846, -65.7914733887, -7.71663856506, 60.1462936401, 39.2466545105, 2.87882423401, 94.9394836426, 179.045852661]], "icov": [[7.29490613937, -10.1744012833, 9.75372505188, -9.06854915619, 8.16763305664, -7.10179281235, 5.9465842247, -4.76163959503, 3.63145804405, -2.55705738068, 1.58433103561, -0.852223336697, 0.337043106556], [-10.1744012833, 14.1924953461, -13.6053380966, 12.6500930786, -11.3947763443, 9.91012001038, -8.29889011383, 6.6472158432, -5.0701084137, 3.5714840889, -2.21279764175, 1.19092810154, -0.470936834812], [9.75372505188, -13.6053380966, 13.046746254, -12.1317062378, 10.9297580719, -9.50896263123, 7.96633958817, -6.38350343704, 4.87314224243, -3.43546938896, 2.13106417656, -1.14702212811, 0.45458817482], [-9.06854915619, 12.6500930786, -12.1317062378, 11.2910251617, -10.1747150421, 8.85586643219, -7.42519807816, 5.95561742783, -4.55030345917, 3.21326470375, -1.99462294579, 1.0757600069, -0.426185578108], [8.16763305664, -11.3947763443, 10.9297580719, -10.1747150421, 9.18393707275, -8.00082015991, 6.71600294113, -5.3941860199, 4.12840223312, -2.91953754425, 1.81837427616, -0.982288599014, 0.391512513161], [-7.10179281235, 9.91012001038, -9.50896263123, 8.85586643219, -8.00082015991, 6.99202108383, -5.87545776367, 4.7259812355, -3.62535476685, 2.57175159454, -1.60324287415, 0.871164560318, -0.347779870033], [5.9465842247, -8.29889011383, 7.96633958817, -7.42519807816, 6.71600294113, -5.87545776367, 4.95760822296, -3.99572706223, 3.07382941246, -2.18614816666, 1.36724281311, -0.743655383587, 0.300662279129], [-4.76163959503, 6.6472158432, -6.38350343704, 5.95561742783, -5.3941860199, 4.7259812355, -3.99572706223, 3.24445652962, -2.50488758087, 1.78911519051, -1.1230493784, 0.612057626247, -0.245921164751], [3.63145804405, -5.0701084137, 4.87314224243, -4.55030345917, 4.12840223312, -3.62535476685, 3.07382941246, -2.50488758087, 1.96105372906, -1.41175794601, 0.895719110966, -0.491857498884, 0.197890400887], [-2.55705738068, 3.5714840889, -3.43546938896, 3.21326470375, -2.91953754425, 2.57175159454, -2.18614816666, 1.78911519051, -1.41175794601, 1.04052352905, -0.667352199554, 0.373305112123, -0.155180215836], [1.58433103561, -2.21279764175, 2.13106417656, -1.99462294579, 1.81837427616, -1.60324287415, 1.36724281311, -1.1230493784, 0.895719110966, -0.667352199554, 0.44418206811, -0.25319352746, 0.10809301585], [-0.852223336697, 1.19092810154, -1.14702212811, 1.0757600069, -0.982288599014, 0.871164560318, -0.743655383587, 0.612057626247, -0.491857498884, 0.373305112123, -0.25319352746, 0.15797573328, -0.069507278502], [0.337043106556, -0.470936834812, 0.45458817482, -0.426185578108, 0.391512513161, -0.347779870033, 0.300662279129, -0.245921164751, 0.197890400887, -0.155180215836, 0.10809301585, -0.069507278502, 0.0392478331923]]}, "spectral_contrast_coeffs": {"dmean": [0.0480453185737, 0.0341644957662, 0.0263769887388, 0.0230988208205, 0.0158521346748, 0.0318841673434], "dmean2": [0.0774014517665, 0.0497654154897, 0.042355556041, 0.0383063219488, 0.0266367699951, 0.0561228245497], "dvar": [0.00147610739805, 0.000813935068436, 0.000469874386908, 0.000346047629137, 0.000180533083039, 0.000694103830028], "dvar2": [0.00372170121409, 0.00176885118708, 0.00118859333452, 0.000908686080948, 0.000491915794555, 0.00212503806688], "max": [-0.148166820407, -0.231549963355, -0.391290098429, -0.469194561243, -0.504950642586, -0.657584667206], "mean": [-0.423069536686, -0.477817714214, -0.723987042904, -0.730180561543, -0.767974793911, -0.772383987904], "median": [-0.399028152227, -0.469522595406, -0.725311219692, -0.733188271523, -0.770454645157, -0.767468631268], "min": [-0.980042219162, -0.975201010704, -0.974209666252, -0.97405320406, -0.967570304871, -0.963823258877], "var": [0.0169256199151, 0.00854099355638, 0.00388960260898, 0.00273273000494, 0.00145049532875, 0.00163682596758]}, "spectral_contrast_valleys": {"dmean": [0.610715925694, 0.320288687944, 0.256352812052, 0.209233134985, 0.142391487956, 0.497358858585], "dmean2": [1.06247127056, 0.489423543215, 0.425406634808, 0.354424417019, 0.236814126372, 0.881694078445], "dvar": [0.210090264678, 0.0766959115863, 0.0462786331773, 0.0312171485275, 0.0186222400516, 0.179101213813], "dvar2": [0.606957197189, 0.174584239721, 0.114964768291, 0