{"lowlevel": {"average_loudness": 0.243587136269, "barkbands_crest": {"dmean": 2.06008887291, "dmean2": 3.45086789131, "dvar": 3.31860113144, "dvar2": 9.19704246521, "max": 25.914068222, "mean": 11.5778903961, "median": 10.5326242447, "min": 3.81194138527, "var": 18.9638214111}, "barkbands_flatness_db": {"dmean": 0.0160478856415, "dmean2": 0.0260307621211, "dvar": 0.000209244099096, "dvar2": 0.000558032654226, "max": 0.392037808895, "mean": 0.232895568013, "median": 0.234372124076, "min": 0.0301952082664, "var": 0.00238620769233}, "barkbands_kurtosis": {"dmean": 2.14796257019, "dmean2": 3.51864171028, "dvar": 10.8270378113, "dvar2": 29.6205615997, "max": 56.9606781006, "mean": 5.4088602066, "median": 1.86640501022, "min": -1.78835582733, "var": 97.6986083984}, "barkbands_skewness": {"dmean": 0.414949178696, "dmean2": 0.683781504631, "dvar": 0.152180701494, "dvar2": 0.41743260622, "max": 6.3477063179, "mean": 1.14626169205, "median": 1.05859875679, "min": -5.05013561249, "var": 2.88601374626}, "barkbands_spread": {"dmean": 2.02773427963, "dmean2": 3.370470047, "dvar": 6.32326793671, "dvar2": 17.6544589996, "max": 102.130012512, "mean": 11.0617895126, "median": 9.92901229858, "min": 0.987418949604, "var": 54.1760635376}, "dissonance": {"dmean": 0.0299821104854, "dmean2": 0.0526102669537, "dvar": 0.00104325753637, "dvar2": 0.00304256030358, "max": 0.499975770712, "mean": 0.447540223598, "median": 0.457178592682, "min": 0.226205021143, "var": 0.00177542783786}, "dynamic_complexity": 10.1517286301, "erbbands_crest": {"dmean": 2.23144340515, "dmean2": 3.48912286758, "dvar": 5.37215471268, "dvar2": 12.6645803452, "max": 33.711227417, "mean": 13.2101106644, "median": 11.5117998123, "min": 2.55783843994, "var": 49.6034812927}, "erbbands_flatness_db": {"dmean": 0.0112642934546, "dmean2": 0.0173139348626, "dvar": 0.000166958256159, "dvar2": 0.000349831825588, "max": 0.485586494207, "mean": 0.253251463175, "median": 0.263221591711, "min": 0.0372638516128, "var": 0.00556838046759}, "erbbands_kurtosis": {"dmean": 1.33029091358, "dmean2": 2.07049298286, "dvar": 9.3198595047, "dvar2": 18.9436798096, "max": 76.7345657349, "mean": 2.3604092598, "median": 0.521697282791, "min": -1.51972019672, "var": 45.2059288025}, "erbbands_skewness": {"dmean": 0.290370821953, "dmean2": 0.465978980064, "dvar": 0.124351412058, "dvar2": 0.298567920923, "max": 5.4218916893, "mean": 0.145595431328, "median": 0.0334346070886, "min": -4.39138507843, "var": 0.792430281639}, "erbbands_spread": {"dmean": 2.92425537109, "dmean2": 4.80995035172, "dvar": 8.06084632874, "dvar2": 21.1699104309, "max": 109.531791687, "mean": 20.0214328766, "median": 18.6408958435, "min": 0.72668838501, "var": 157.470245361}, "hfc": {"dmean": 1.84935390949, "dmean2": 2.71347212791, "dvar": 44.1981163025, "dvar2": 81.8780517578, "max": 171.359634399, "mean": 7.28187179565, "median": 2.03883004189, "min": 1.20378231351e-16, "var": 239.011032104}, "melbands_crest": {"dmean": 2.54290866852, "dmean2": 4.34477519989, "dvar": 5.03784322739, "dvar2": 14.3133974075, "max": 31.0697116852, "mean": 15.568980217, "median": 15.5565252304, "min": 1.54108381271, "var": 22.6741447449}, "melbands_flatness_db": {"dmean": 0.0188609529287, "dmean2": 0.0312989763916, "dvar": 0.000314271455863, "dvar2": 0.000850557698868, "max": 0.465162396431, "mean": 0.336305141449, "median": 0.349007427692, "min": 0.00410132855177, "var": 0.00556413969025}, "melbands_kurtosis": {"dmean": 3.16814613342, "dmean2": 5.22809123993, "dvar": 19.4854888916, "dvar2": 54.8690223694, "max": 90.8503570557, "mean": 8.27619743347, "median": 3.35396814346, "min": -1.84079182148, "var": 192.498733521}, "melbands_skewness": {"dmean": 0.508611619473, "dmean2": 0.848243236542, "dvar": 0.221212610602, "dvar2": 0.619216561317, "max": 7.52819728851, "mean": 1.75435781479, "median": 1.68041992188, "min": -3.96149420738, "var": 3.1027135849}, "melbands_spread": {"dmean": 3.25127315521, "dmean2": 5.39994096756, "dvar": 30.4998035431, "dvar2": 75.5236358643, "max": 229.045425415, "mean": 17.7376022339, "median": 11.9739789963, "min": 2.17467570305, "var": 661.718811035}, "pitch_salience": {"dmean": 0.0523753203452, "dmean2": 0.0896933674812, "dvar": 0.00233105872758, "dvar2": 0.00644467258826, "max": 0.902039647102, "mean": 0.45259270072, "median": 0.45131868124, "min": 0.130816802382, "var": 0.0117342276499}, "silence_rate_20dB": {"dmean": 0, "dmean2": 0, "dvar": 0, "dvar2": 0, "max": 1, "mean": 1, "median": 1, "min": 1, "var": 0}, "silence_rate_30dB": {"dmean": 0.010752688162, "dmean2": 0.0215114634484, "dvar": 0.0106367524713, "dvar2": 0.0250124353915, "max": 1, "mean": 0.960113167763, "median": 1, "min": 0, "var": 0.0382964573801}, "silence_rate_60dB": {"dmean": 0.0362195819616, "dmean2": 0.0724596679211, "dvar": 0.034908041358, "dvar2": 0.0847569480538, "max": 1, "mean": 0.437906652689, "median": 0, "min": 0, "var": 0.246155738831}, "spectral_centroid": {"dmean": 76.3600616455, "dmean2": 124.327438354, "dvar": 25267.0859375, "dvar2": 37246.515625, "max": 11071.7021484, "mean": 756.984863281, "median": 597.993652344, "min": 227.701858521, "var": 484574.4375}, "spectral_complexity": {"dmean": 1.25240516663, "dmean2": 2.10868954659, "dvar": 3.08220815659, "dvar2": 6.17736101151, "max": 41, "mean": 8.45799160004, "median": 7, "min": 0, "var": 59.121219635}, "spectral_decrease": {"dmean": 1.34969091459e-09, "dmean2": 2.08748973662e-09, "dvar": 1.78985953058e-17, "dvar2": 3.92710083859e-17, "max": 1.15550434719e-16, "mean": -4.29374757971e-09, "median": -1.04354092034e-09, "min": -9.52514653818e-08, "var": 9.53738319831e-17}, "spectral_energy": {"dmean": 0.00524364970624, "dmean2": 0.00809781067073, "dvar": 0.000268056726782, "dvar2": 0.000582709559239, "max": 0.36934864521, "mean": 0.0168660301715, "median": 0.00413179118186, "min": 1.10345627143e-20, "var": 0.00145250954665}, "spectral_energyband_high": {"dmean": 9.80774075288e-06, "dmean2": 1.49805937326e-05, "dvar": 7.02826152832e-09, "dvar2": 1.48846526216e-08, "max": 0.00308145745657, "mean": 1.81646246347e-05, "median": 5.71192174448e-07, "min": 8.21188399873e-21, "var": 1.10796376518e-08}, "spectral_energyband_low": {"dmean": 0.00373153225519, "dmean2": 0.00607828237116, "dvar": 0.000165220248164, "dvar2": 0.000428266183008, "max": 0.24236305058, "mean": 0.00814202055335, "median": 0.00111423269846, "min": 6.67826228968e-23, "var": 0.000475706125144}, "spectral_energyband_middle_high": {"dmean": 0.000943664053921, "dmean2": 0.00146792188752, "dvar": 2.13730345422e-05, "dvar2": 4.73646687169e-05, "max": 0.139306455851, "mean": 0.00290632201359, "median": 0.000719950243365, "min": 1.55801023377e-21, "var": 6.11891955486e-05}, "spectral_energyband_middle_low": {"dmean": 0.00230971165001, "dmean2": 0.00346007430926, "dvar": 6.02291511314e-05, "dvar2": 0.000112575027742, "max": 0.172760829329, "mean": 0.00786298140883, "median": 0.00160822772887, "min": 3.3971652435e-22, "var": 0.000351528404281}, "spectral_entropy": {"dmean": 0.114522010088, "dmean2": 0.180664777756, "dvar": 0.0158555265516, "dvar2": 0.0357191488147, "max": 9.80728912354, "mean": 6.58003377914, "median": 6.51536226273, "min": 5.20502758026, "var": 0.325446724892}, "spectral_flux": {"dmean": 0.0109356399626, "dmean2": 0.0181924495846, "dvar": 0.000633786665276, "dvar2": 0.00158671685494, "max": 0.494379162788, "mean": 0.0363722927868, "median": 0.0232063177973, "min": 1.05045527832e-10, "var": 0.00217125052586}, "spectral_kurtosis": {"dmean": 8.42613887787, "dmean2": 14.8101224899, "dvar": 75.0069961548, "dvar2": 223.271240234, "max": 83.536277771, "mean": 27.2244625092, "median": 26.4773159027, "min": -1.18726718426, "var": 247.023101807}, "spectral_rms": {"dmean": 0.0004240302369, "dmean2": 0.000662815000396, "dvar": 7.41608175758e-07, "dvar2": 1.42697706451e-06, "max": 0.0189826264977, "mean": 0.00280906073749, "median": 0.00200773891993, "min": 3.28107094445e-12, "var": 8.56385577208e-06}, "spectral_rolloff": {"dmean": 129.630752563, "dmean2": 225.146072388, "dvar": 116047.71875, "dvar2": 220369.53125, "max": 19186.0839844, "mean": 1410.26647949, "median": 710.595703125, "min": 150.732421875, "var": 11483459}, "spectral_skewness": {"dmean": 0.555406033993, "dmean2": 0.977464854717, "dvar": 0.313033014536, "dvar2": 0.901599049568, "max": 6.96733474731, "mean": 3.51863455772, "median": 3.58685922623, "min": -0.0242471490055, "var": 1.32855391502}, "spectral_spread": {"dmean": 194052.5625, "dmean2": 331564.125, "dvar": 300705873920, "dvar2": 372160626688, "max": 39441792, "mean": 2506523.75, "median": 1565528.375, "min": 769037.5625, "var": 5139237699580.0}, "spectral_strongpeak": {"dmean": 0.340003222227, "dmean2": 0.565685391426, "dvar": 0.591213881969, "dvar2": 1.50629413128, "max": 12.9761123657, "mean": 0.763442277908, "median": 0.269833534956, "min": 0, "var": 1.6928896904}, "zerocrossingrate": {"dmean": 0.00354439136572, "dmean2": 0.00490658404306, "dvar": 4.16758120991e-05, "dvar2": 5.06708565808e-05, "max": 0.5283203125, "mean": 0.0476277954876, "median": 0.02734375, "min": 0.0087890625, "var": 0.00815286580473}, "barkbands": {"dmean": [1.42211615639e-06, 0.00162062072195, 0.00228052888997, 0.00148487323895, 0.000334608863341, 0.000357421085937, 0.000154384542839, 0.00104932393879, 0.000182583215064, 0.000206548647839, 0.000691474124324, 0.000149869403685, 6.14680539002e-05, 4.75270098832e-05, 5.94500052102e-05, 4.01127690566e-05, 1.96744022105e-05, 3.19124665111e-05, 2.2378826543e-05, 9.51390302362e-06, 1.51939343596e-06, 1.85047247214e-06, 1.52153916133e-07, 1.10341389359e-07, 8.70170691059e-09, 8.29253909984e-09, 7.21301773865e-09], "dmean2": [1.9240144411e-06, 0.00290483073331, 0.00368189672008, 0.00237884675153, 0.00050132436445, 0.000635495176539, 0.0002473849745, 0.00142637919635, 0.000309591850964, 0.000354499148671, 0.00107985455543, 0.000218811925151, 8.19045089884e-05, 7.68715108279e-05, 8.60518557602e-05, 6.17438636255e-05, 3.03117994918e-05, 4.79349255329e-05, 3.0977964343e-05, 1.52080001499e-05, 2.41458565142e-06, 2.67565201284e-06, 2.42912250314e-07, 1.74514710238e-07, 1.57820334579e-08, 1.44757805742e-08, 1.23667716068e-08], "dvar": [1.75508184375e-11, 4.17586998083e-05, 5.49367287022e-05, 2.45247301791e-05, 1.79102858056e-06, 8.14209442979e-07, 3.7715938106e-07, 1.47112559716e-05, 2.39069350982e-07, 2.25145370791e-07, 1.56596270244e-05, 3.65866071661e-07, 2.38681607811e-08, 1.62724163033e-08, 7.31263369858e-08, 2.24893987877e-08, 6.70168898154e-09, 5.3248133014e-08, 1.67625149317e-08, 5.21795318065e-09, 1.40586556285e-10, 1.51502266288e-09, 6.46312300553e-12, 6.12783435106e-12, 2.30646817427e-14, 4.6872075855e-15, 4.37894030726e-17], "dvar2": [3.14470741114e-11, 0.000126006212668, 0.000132087530801, 5.76978891331e-05, 3.56812279279e-06, 2.69402494268e-06, 1.07702476271e-06, 2.56854109466e-05, 6.53371500903e-07, 6.7490765332e-07, 3.64301449736e-05, 6.95922267369e-07, 4.43429399866e-08, 4.10764187109e-08, 1.24642667743e-07, 4.42793002264e-08, 1.48869778727e-08, 1.14909504134e-07, 2.78893246275e-08, 1.34978765942e-08, 3.55369150773e-10, 3.72243702529e-09, 1.70164854429e-11, 1.51355403905e-11, 6.83798110908e-14, 1.34758986264e-14, 1.22416245562e-16], "max": [9.88805913948e-05, 0.0930049866438, 0.157332122326, 0.102250978351, 0.0354598835111, 0.0113242790103, 0.0122896265239, 0.0868429690599, 0.011393298395, 0.00889749266207, 0.112774088979, 0.0165801998228, 0.00331454747356, 0.00313291163184, 0.00725704757497, 0.00511002913117, 0.00214984989725, 0.00781423225999, 0.0049469419755, 0.00188080663793, 0.000283834640868, 0.00194890610874, 0.000115835668112, 0.00012532666733, 6.70459394314e-06, 3.17161152452e-06, 8.00963633196e-08], "mean": [2.62850130639e-06, 0.00194145203568, 0.00428618770093, 0.00263461051509, 0.000965712650213, 0.000630027730949, 0.000362145947292, 0.00251085311174, 0.000447113125119, 0.000435923895566, 0.00150536384899, 0.000357446377166, 0.000201552975341, 0.000130805594381, 0.000136271555675, 9.46681757341e-05, 6.33691524854e-05, 8.75302357599e-05, 5.10973877681e-05, 1.66629488376e-05, 2.19707590077e-06, 2.01250963983e-06, 2.06905625078e-07, 1.29813969352e-07, 3.14388763911e-08, 5.1101711307e-08, 4.35397531362e-08], "median": [5.26309975157e-07, 0.000142452932778, 0.000657718628645, 0.00027003971627, 0.00011299628386, 7.71491104388e-05, 1.89237453014e-05, 0.000101734862255, 6.2834500568e-05, 0.000167313337442, 4.52230960946e-05, 6.1260543589e-05, 3.49758593075e-05, 3.15161851177e-05, 1.43549241329e-05, 1.56276710186e-05, 6.96357074048e-06, 2.39405358116e-06, 8.6544810074e-07, 3.24270928331e-07, 6.47970708201e-08, 3.08203027544e-08, 2.05361381234e-08, 2.70054876239e-08, 3.06294012375e-08, 5.34808215491e-08, 4.75086423535e-08], "min": [6.29447499063e-24, 2.75783721427e-23, 3.3999179263e-23, 5.19330760291e-24, 3.1824756753e-23, 2.92132327262e-23, 1.35470313325e-22, 6.37490109542e-23, 6.82545363718e-23, 2.45850694145e-23, 6.61778316398e-23, 4.5691603025e-23, 1.05437274258e-22, 1.08244136022e-22, 1.84627126716e-22, 1.16253686918e-22, 4.19910331683e-22, 1.7836493428e-22, 2.16411077272e-22, 2.47326649744e-22, 5.6806507398e-22, 7.49626119239e-22, 5.79914850249e-22, 7.61025146698e-22, 1.24374410403e-21, 1.66087123346e-21, 2.66421203397e-21], "var": [5.07314676379e-11, 5.60761327506e-05, 0.000128640647745, 5.09426172357e-05, 8.21331650513e-06, 1.87088983239e-06, 1.19877961424e-06, 6.8774286774e-05, 8.96826236385e-07, 5.05941954998e-07, 4.24812933488e-05, 1.03114234662e-06, 1.28161545376e-07, 6.73656543881e-08, 2.80508430706e-07, 5.92845523784e-08, 3.4341240962e-08, 2.37732095343e-07, 6.68709532192e-08, 8.02045541093e-09, 1.51277754212e-10, 1.42819067683e-09, 6.05015516852e-12, 6.2730259355e-12, 1.28798771168e-14, 3.12875251288e-15, 2.57574090112e-16]}, "erbbands": {"dmean": [0.0167520847172, 0.465156257153, 2.2581486702, 3.87995290756, 2.60080289841, 0.877461493015, 0.89368635416, 4.09632110596, 2.43826961517, 7.44550991058, 25.0079269409, 6.09888362885, 7.11030673981, 8.44765949249, 27.2927436829, 5.9565615654, 3.10569238663, 2.52043104172, 2.81265687943, 2.42964959145, 1.35589110851, 0.816108584404, 1.29611551762, 1.84969782829, 0.663576364517, 0.365502178669, 0.199934691191, 0.084876164794, 0.0654507949948, 0.012087081559, 0.00390713755041, 0.00395169574767, 0.000396006187657, 0.000109259548481, 7.37365553505e-05, 4.03417398047e-05, 1.84344371519e-05, 5.36757079317e-06, 3.18794900522e-06, 5.82805387239e-06], "dmean2": [0.0293797980994, 0.836430728436, 3.82899165154, 6.16049718857, 4.14208698273, 1.28624498844, 1.35126149654, 7.55903482437, 4.41272544861, 10.6538591385, 35.2062110901, 9.48427009583, 12.2369394302, 13.8613481522, 43.6595573425, 8.21992874146, 3.91577553749, 4.11963033676, 3.97051596642, 3.77977705002, 2.10117292404, 1.17618191242, 1.89242315292, 2.72195315361, 0.94022667408, 0.561407744884, 0.310995697975, 0.127050071955, 0.0971955806017, 0.0176014322788, 0.00615771720186, 0.00628638872877, 0.00063223351026, 0.000188288700883, 0.000132553555886, 7.07548024366e-05, 3.20811268466e-05, 9.27838300413e-06, 5.05826074004e-06, 8.98807957128e-06], "dvar": [0.00426076026633, 3.41687226295, 62.9344673157, 158.085845947, 88.6734466553, 14.6232690811, 7.20631408691, 117.615753174, 80.305267334, 1165.83728027, 9465.62207031, 264.148620605, 284.746704102, 2169.45605469, 26794.8339844, 492.528747559, 61.151184082, 48.3812866211, 224.361572266, 64.6070098877, 30.8731479645, 12.0061159134, 64.6238250732, 99.5560379028, 26.291135788, 6.72398614883, 2.35046720505, 1.09031224251, 1.79880011082, 0.0351102650166, 0.00340414536186, 0.00762719055638, 7.23539342289e-05, 3.10940731651e-06, 1.17608055916e-06, 2.01871586114e-07, 1.22953611736e-08, 3.21910137435e-11, 5.45307826672e-11, 3.27054522353e-10], "dvar2": [0.0128408670425, 10.3534317017, 169.9871521, 336.193328857, 208.719512939, 22.8290367126, 15.7468099594, 410.576660156, 269.176361084, 2120.60644531, 17012.3066406, 586.806335449, 870.057739258, 5739.91357422, 59329.9492188, 823.06451416, 105.381195068, 123.472145081, 360.677581787, 121.068283081, 64.7812576294, 23.3434944153, 133.897674561, 190.911270142, 40.4353904724, 15.3345651627, 5.43192100525, 2.69668507576, 4.53538274765, 0.0911212265491, 0.00860681664199, 0.019070174545, 0.000182783987839, 8.62518118083e-06, 3.45481930708e-06, 5.83165103762e-07, 3.60493430662e-08, 9.46040745742e-11, 1.18106177616e-10, 7.02979341405e-10], "max": [1.08577823639, 26.1994991302, 157.498275757, 247.156845093, 186.421051025, 149.779434204, 52.3136253357, 126.144676208, 164.422180176, 1032.07348633, 2346.54296875, 307.65826416, 341.453887939, 1270.27600098, 5267.52636719, 593.563354492, 171.064071655, 204.138473511, 439.729217529, 234.534667969, 177.983047485, 118.951393127, 274.188873291, 358.489685059, 183.278900146, 62.3556289673, 39.5971183777, 47.0066337585, 66.520866394, 8.19650745392, 2.56628417969, 4.41008281708, 0.427101790905, 0.0841735526919, 0.0484973080456, 0.0205434709787, 0.00495544727892, 0.000188937978237, 0.000172805055627, 0.000409180094721], "mean": [0.0235091838986, 0.590925574303, 3.83311700821, 8.86841106415, 5.05676937103, 2.97360682487, 2.23699307442, 6.26597642899, 4.84175252914, 20.75623703, 53.8772354126, 16.1726779938, 16.0176773071, 16.6923294067, 61.0139045715, 16.6673965454, 10.8822116852, 7.64774370193, 7.58327960968, 6.61455631256, 3.55191516876, 3.03108453751, 4.00712537766, 4.83829450607, 1.24658226967, 0.653321921825, 0.389133781195, 0.110141225159, 0.0708789303899, 0.0159356798977, 0.00582046573982, 0.00443558814004, 0.000734106695745, 0.000348984904122, 0.000267136638286, 0.000187913115951, 0.000102207886812, 3.36224984494e-05, 1.53389428306e-05, 1.94679032575e-05], "median": [0.00142770679668, 0.0530413016677, 0.56757324934, 1.16469478607, 0.499845564365, 0.397433996201, 0.289063185453, 0.731044769287, 0.408408492804, 0.940751492977, 3.55082678795, 2.74548578262, 6.55303192139, 2.05617594719, 2.3880841732, 4.26584768295, 2.4736726284, 2.34219241142, 1.13837146759, 1.13629198074, 0.75373262167, 0.36648902297, 0.180547609925, 0.0950643867254, 0.0255211833864, 0.0188836883754, 0.00663719605654, 0.00229002162814, 0.00109179934952, 0.000898701080587, 0.000609163602348, 0.000596600584686, 0.000436376634752, 0.000316258956445, 0.000258986692643, 0.000188064062968, 0.000104908496724, 3.55089141522e-05, 1.05947219708e-05, 5.24740607943e-06], "min": [1.24358355506e-21, 5.12491057617e-21, 3.21678391007e-20, 3.03019167404e-20, 2.7270719848e-20, 1.27650628451e-19, 2.19903199962e-19, 2.33824210232e-19, 1.10280515427e-18, 2.36854090097e-18, 1.72074184888e-18, 1.26253931402e-18, 8.65331061283e-19, 1.31683307129e-18, 2.77523893159e-18, 2.07816969349e-18, 4.13038411372e-18, 4.69780933441e-18, 1.10447595571e-17, 8.03595129029e-18, 6.43101906987e-18, 2.36950220892e-17, 1.18842610249e-17, 1.25586406988e-17, 1.01853461976e-17, 1.27173865845e-17, 2.13155940438e-17, 2.53702630074e-17, 2.85558430798e-17, 1.80582990667e-17, 1.57980727106e-17, 1.30286769829e-17, 1.56768063784e-17, 1.19115861092e-17, 8.96613408708e-18, 6.74029983295e-18, 3.1840065681e-18, 1.35300836781e-18, 4.02568331409e-19, 3.58487249719e-20], "var": [0.0078967185691, 4.73514223099, 118.405853271, 469.784576416, 225.425979614, 85.0761947632, 29.2333698273, 203.600402832, 188.061294556, 7891.67529297, 34947.3945312, 1081.21740723, 677.839538574, 3679.87182617, 76491.0859375, 1961.46447754, 342.021453857, 212.872207642, 992.748352051, 200.935272217, 88.2699356079, 81.5325164795, 330.616119385, 436.285369873, 62.8854408264, 10.9242296219, 4.48964691162, 1.03340792656, 1.60442948341, 0.0345740579069, 0.00387924606912, 0.00765954889357, 6.42330633127e-05, 2.18775085159e-06, 6.79993661379e-07, 1.25274723928e-07, 8.09673128543e-09, 1.40901013079e-10, 3.1431926506e-10, 1.80619519341e-09]}, "gfcc": {"mean": [-220.093826294, 163.168716431, -109.500457764, -19.4514064789, -18.5251464844, 2.46397542953, -17.8329048157, 1.51662790775, -21.4011058807, -7.83974504471, -20.789188385, -12.8872871399, -17.265378952], "cov": [[32423.7480469, 10530.8251953, -4979.99609375, -509.865509033, 1801.60217285, -1773.96411133, 493.149963379, 41.8117866516, 92.3935165405, -635.711425781, -41.1600418091, -770.760620117, 61.2958106995], [10530.8251953, 3968.45678711, -1338.71875, -343.010162354, 689.225952148, -582.206115723, -30.78033638, 16.1847820282, 36.7742767334, -177.864578247, 5.28074932098, -306.993286133, -64.4139328003], [-4979.99609375, -1338.71875, 1503.67224121, -6.43145847321, -384.615692139, 432.983978271, -257.69720459, -99.2122879028, -56.1507835388, 105.657928467, -21.5578479767, 99.0808410645, -122.963653564], [-509.865509033, -343.010162354, -6.43145847321, 339.000244141, -51.2272224426, -116.661247253, 103.092292786, -58.724319458, 11.2591915131, 47.8750457764, 77.3380813599, 29.0057601929, 21.8216667175], [1801.60217285, 689.225952148, -384.615692139, -51.2272224426, 268.226348877, -133.937286377, -27.4313087463, 34.650932312, 11.6264705658, -38.9652671814, 41.9704971313, -33.7522850037, 13.7722635269], [-1773.96411133, -582.206115723, 432.983978271, -116.661247253, -133.937286377, 314.374023438, -58.663318634, -29.9076576233, -44.2055397034, -8.91101360321, -71.0258636475, 65.2604598999, -11.4950551987], [493.149963379, -30.78033638, -257.69720459, 103.092292786, -27.4313087463, -58.663318634, 201.206375122, 9.75295257568, -18.7440395355, -31.623796463, -13.3181257248, -3.33012628555, 56.4856376648], [41.8117866516, 16.1847820282, -99.2122879028, -58.724319458, 34.650932312, -29.9076576233, 9.75295257568, 97.5540390015, 33.8481063843, -18.1406612396, -0.176858559251, -8.36862373352, -7.20725488663], [92.3935165405, 36.7742767334, -56.1507835388, 11.2591915131, 11.6264705658, -44.2055397034, -18.7440395355, 33.8481063843, 93.4153671265, 52.1861419678, 8.36207675934, -25.0614013672, -22.5666255951], [-635.711425781, -177.864578247, 105.657928467, 47.8750457764, -38.9652671814, -8.91101360321, -31.623796463, -18.1406612396, 52.1861419678, 117.116539001, 20.5275745392, -20.0016307831, -19.624004364], [-41.1600418091, 5.28074932098, -21.5578479767, 77.3380813599, 41.9704971313, -71.0258636475, -13.3181257248, -0.176858559251, 8.36207675934, 20.5275745392, 107.387077332, 32.8042526245, -18.870634079], [-770.760620117, -306.993286133, 99.0808410645, 29.0057601929, -33.7522850037, 65.2604598999, -3.33012628555, -8.36862373352, -25.0614013672, -20.0016307831, 32.8042526245, 98.5813140869, 30.1665763855], [61.2958106995, -64.4139328003, -122.963653564, 21.8216667175, 13.7722635269, -11.4950551987, 56.4856376648, -7.20725488663, -22.5666255951, -19.624004364, -18.870634079, 30.1665763855, 85.6647491455]], "icov": [[0.000666387437377, -0.00185608386528, 0.00120893528219, -0.00129920162726, 0.00132996228058, -0.00119274423923, 0.000312275777105, -0.000325018423609, 2.30492114497e-05, 0.000550274678972, 0.000108364016342, -1.63479071489e-05, -0.000251569319516], [-0.00185608386528, 0.00662706326693, -0.00368814170361, 0.00652628066018, -0.00638234289363, 0.00653611216694, -0.00266928505152, 0.00538211409003, -0.00184222031385, 0.000424508500146, 0.000552121549845, 0.00024695508182, 0.00311737856828], [0.00120893528219, -0.00368814170361, 0.00568500952795, -0.00529130548239, 0.00645901728421, -0.00612139934674, 0.00589811103418, -0.00337025034241, 0.00371272512712, -0.000583859567996, -0.000698877905961, 0.000989897525869, 0.000179190246854], [-0.00129920162726, 0.00652628066018, -0.00529130548239, 0.0175460837781, -0.00857704877853, 0.014140734449, -0.0115600107238, 0.0163335744292, -0.0077973715961, 0.00195781234652, -0.000741514144465, -0.00406537856907, 0.00570795079693], [0.00132996228058, -0.00638234289363, 0.00645901728421, -0.00857704877853, 0.0190069787204, -0.0103501891717, 0.0115179065615, -0.0107148522511, 0.00457250839099, 0.00122097576968, -0.00906652864069, 0.00693981721997, -0.0101921064779], [-0.00119274423923, 0.00653611216694, -0.00612139934674, 0.014140734449, -0.0103501891717, 0.0229272413999, -0.00977298431098, 0.0146018834785, -0.0039028620813, 0.000438211223809, 0.0123819652945, -0.013604413718, 0.0123830419034], [0.000312275777105, -0.00266928505152, 0.00589811103418, -0.0115600107238, 0.0115179065615, -0.00977298431098, 0.0199838932604, -0.0125181386247, 0.00809050910175, 0.000343381107086, -0.00351526238956, 0.00784329418093, -0.00953937228769], [-0.000325018423609, 0.00538211409003, -0.00337025034241, 0.0163335744292, -0.0107148522511, 0.0146018834785, -0.0125181386247, 0.0335800684988, -0.0168248973787, 0.0103029860184, 0.00173944362905, -0.00384236755781, 0.00970683805645], [2.30492114497e-05, -0.00184222031385, 0.00371272512712, -0.0077973715961, 0.00457250839099, -0.0039028620813, 0.00809050910175, -0.0168248973787, 0.0281504485756, -0.0153648247942, 0.00544818164781, -0.00301707908511, 0.00406322302297], [0.000550274678972, 0.000424508500146, -0.000583859567996, 0.00195781234652, 0.00122097576968, 0.000438211223809, 0.000343381107086, 0.0103029860184, -0.0153648247942, 0.0237178578973, -0.00975363422185, 0.0126787452027, -0.00613606208935], [0.000108364016342, 0.000552121549845, -0.000698877905961, -0.000741514144465, -0.00906652864069, 0.0123819652945, -0.00351526238956, 0.00173944362905, 0.00544818164781, -0.00975363422185, 0.0341603122652, -0.026189070195, 0.0210549384356], [-1.63479071489e-05, 0.00024695508182, 0.000989897525869, -0.00406537856907, 0.00693981721997, -0.013604413718, 0.00784329418093, -0.00384236755781, -0.00301707908511, 0.0126787452027, -0.026189070195, 0.0400303900242, -0.0235383212566], [-0.000251569319516, 0.00311737856828, 0.000179190246854, 0.00570795079693, -0.0101921064779, 0.0123830419034, -0.00953937228769, 0.00970683805645, 0.00406322302297, -0.00613606208935, 0.0210549384356, -0.0235383212566, 0.035999391228]]}, "melbands": {"dmean": [0.000303236884065, 0.000947434338741, 0.000593892706092, 0.000105196377262, 2.8836844649e-05, 8.50661890581e-05, 3.25990185956e-05, 9.85053848126e-05, 0.000193198022316, 2.6784306101e-05, 3.5118584492e-05, 2.86743597826e-05, 9.94920628727e-05, 2.75580969173e-05, 9.47535318119e-06, 5.02777720612e-06, 5.23513108419e-06, 4.16742659581e-06, 3.97494841309e-06, 3.85359953725e-06, 1.35957373004e-06, 9.07812761852e-07, 7.71515829001e-07, 2.0957313609e-06, 1.60288993811e-06, 4.22943827516e-07, 3.60121873655e-07, 2.90482063292e-07, 2.0844311166e-07, 4.34552838158e-08, 5.44748814946e-08, 5.40384128556e-08, 1.10252331709e-08, 4.415884991e-09, 2.51390197548e-09, 2.61809018909e-09, 1.90825288904e-09, 2.15660475589e-10, 1.27661825555e-10, 9.17277850898e-11], "dmean2": [0.000535674917046, 0.00162535801064, 0.000962571299169, 0.000159860384883, 4.30603649875e-05, 0.000156451191287, 5.7326091337e-05, 0.000136187649332, 0.000277222192381, 4.3437234126e-05, 6.0704198404e-05, 4.73678119306e-05, 0.000157337461133, 4.02050354751e-05, 1.20790746223e-05, 7.10192625775e-06, 8.5023639258e-06, 5.98275619268e-06, 6.12321400695e-06, 5.93044023844e-06, 2.2203687422e-06, 1.32157344979e-06, 1.11689882942e-06, 3.13824102705e-06, 2.34423964685e-06, 6.10890424468e-07, 5.58646434001e-07, 4.41233908077e-07, 3.2868888411e-07, 6.85730512373e-08, 8.20272205715e-08, 8.08665774343e-08, 1.53952086634e-08, 7.00982250024e-09, 3.85984666451e-09, 4.28202806546e-09, 3.05974756643e-09, 3.64191593549e-10, 2.06596920127e-10, 1.65232674765e-10], "dvar": [1.43930367358e-06, 1.17240078907e-05, 3.97260419049e-06, 1.60963224971e-07, 9.00075836086e-09, 4.79347761484e-08, 1.36673596884e-08, 1.76173145405e-07, 5.60704677355e-07, 4.47840831086e-09, 7.01488023225e-09, 2.4675033572e-08, 3.29670541532e-07, 2.68087010369e-08, 6.00320071431e-10, 1.80456899423e-10, 1.95473817688e-10, 4.4804077115e-10, 2.23106130792e-10, 1.87023022069e-10, 3.03014800751e-11, 1.29015973252e-11, 2.02435186669e-11, 2.44746389821e-10, 8.09570049887e-11, 8.82056754026e-12, 8.18833889582e-12, 3.98270305624e-12, 2.84300751344e-12, 8.32628847054e-14, 8.47328121296e-13, 1.38423582492e-12, 2.10236050845e-14, 6.64547999691e-15, 1.23241165655e-15, 2.24605121997e-15, 1.96186192529e-15, 1.76431156105e-17, 4.79360884347e-18, 1.86741565394e-18], "dvar2": [4.30402087659e-06, 3.30844704877e-05, 8.62963770487e-06, 3.30543201699e-07, 1.71382428249e-08, 1.65259777418e-07, 4.49645050082e-08, 3.02252914253e-07, 1.02256376522e-06, 1.15758957975e-08, 2.15702495865e-08, 6.69405295639e-08, 7.6172949548e-07, 4.75984869297e-08, 9.98287230658e-10, 3.93565680046e-10, 5.00349262023e-10, 7.18657577892e-10, 4.37568675737e-10, 3.52002454962e-10, 7.42240713336e-11, 2.85231525898e-11, 3.72072789245e-11, 5.2681842222e-10, 1.49004447669e-10, 1.33130702643e-11, 1.79251995192e-11, 8.79045707752e-12, 6.60629754026e-12, 1.8398974564e-13, 2.09337213362e-12, 3.43707874662e-12, 4.94920131353e-14, 1.78432115139e-14, 3.03132593625e-15, 5.63646428047e-15, 4.96485228011e-15, 4.69851591209e-17, 1.09746295304e-17, 5.56718691156e-18], "max": [0.018291477114, 0.0622201785445, 0.0397411026061, 0.0100766485557, 0.00251493533142, 0.00243536639027, 0.00206155073829, 0.0130927525461, 0.0176697392017, 0.00163421721663, 0.00169753236696, 0.00447511533275, 0.0166864711791, 0.00577356759459, 0.000573164201342, 0.000257817911915, 0.000389165943488, 0.000633785035461, 0.000341789796948, 0.000443556520622, 0.00012615036394, 0.000103552847577, 0.000146468635648, 0.000546547118574, 0.00037462671753, 0.000105279548734, 7.81495182309e-05, 5.21166512044e-05, 4.50827174063e-05, 6.26461587672e-06, 4.40781695943e-05, 5.88493421674e-05, 4.95838958159e-06, 3.8497546484e-06, 1.39117128128e-06, 2.35088350564e-06, 2.23557594836e-06, 2.01561448421e-07, 1.11118261259e-07, 6.04763101819e-08], "mean": [0.000376648153178, 0.00165549665689, 0.00139785336796, 0.000281020009425, 8.32021833048e-05, 0.000134508620249, 7.04839985701e-05, 0.000283444882371, 0.000405008700909, 7.22998011042e-05, 7.59926406317e-05, 5.23892704223e-05, 0.000216188520426, 6.8171073508e-05, 3.02569842461e-05, 1.60835043062e-05, 1.47007795022e-05, 1.12971711133e-05, 9.34248237172e-06, 8.82672065927e-06, 3.24365805682e-06, 3.12987594953e-06, 2.43401541411e-06, 5.85830821365e-06, 4.03226476919e-06, 7.75618900661e-07, 5.02202794905e-07, 4.95257552302e-07, 3.84999452763e-07, 7.39070458167e-08, 5.79926044963e-08, 5.51394450099e-08, 1.50277337241e-08, 5.31392752023e-09, 3.66988772704e-09, 2.89783286256e-09, 2.10806128109e-09, 4.2195574812e-10, 3.22378818085e-10, 2.63805338685e-10], "median": [2.54415335803e-05, 0.000230719713727, 0.000179543654667, 3.12939591822e-05, 1.10976243377e-05, 1.59062237799e-05, 5.52802475795e-06, 1.24987554955e-05, 3.19897662848e-05, 1.37276429086e-05, 2.73977384495e-05, 6.68980737828e-06, 7.126559467e-06, 7.68083373259e-06, 8.5191186372e-06, 3.51894277628e-06, 3.3911724131e-06, 1.66218728737e-06, 1.08934580112e-06, 1.46192576267e-06, 6.01017063673e-07, 3.52919215629e-07, 1.24012188962e-07, 1.11890443577e-07, 6.86555594598e-08, 1.64548836779e-08, 8.97641783126e-09, 1.27353505519e-08, 2.32304731007e-09, 1.99816474478e-09, 6.39032382566e-10, 4.61055221779e-10, 7.95800259024e-10, 3.65054514395e-10, 3.56352281017e-10, 3.04447606014e-10, 3.63632401967e-10, 2.96275892708e-10, 2.61603627649e-10, 2.48718629026e-10], "min": [8.91067617368e-24, 1.30063070984e-23, 5.13064680349e-24, 4.96507633796e-24, 7.8169505053e-24, 6.21380094687e-24, 2.02434172282e-23, 2.37235402205e-23, 1.49188317322e-23, 7.40782120744e-24, 4.34352257555e-24, 4.9454321237e-24, 8.64542484974e-24, 6.04863122269e-24, 7.71297784913e-24, 1.06188337682e-23, 7.18488517132e-24, 1.84644885553e-23, 1.13441961037e-23, 9.76688528982e-24, 6.70891332238e-24, 2.20558425129e-23, 2.00225661515e-23, 8.00252530009e-24, 1.03590413617e-23, 8.23220846353e-24, 6.3646563955e-24, 8.43164827759e-24, 1.30785998894e-23, 1.15046914326e-23, 1.68174179827e-23, 1.75332130131e-23, 1.18629328912e-23, 9.88895204857e-24, 9.44453621356e-24, 7.15281955325e-24, 8.65375995406e-24, 1.21463863917e-23, 1.03257679976e-23, 9.69497746287e-24], "var": [2.06798722502e-06, 2.31966369029e-05, 1.2241010154e-05, 6.8137683229e-07, 4.43792842475e-08, 9.00434287132e-08, 3.66806851559e-08, 1.29164811824e-06, 1.95090638044e-06, 2.03144558952e-08, 1.65672542352e-08, 3.74520929824e-08, 8.70860560553e-07, 9.29605619149e-08, 3.25196514162e-09, 8.27996782249e-10, 8.18883738596e-10, 2.1334856104e-09, 7.95846499813e-10, 4.58480586829e-10, 7.19863960108e-11, 6.97974317232e-11, 1.17103715613e-10, 1.13192366591e-09, 3.54092366539e-10, 2.15009468563e-11, 1.30544238613e-11, 6.38374856449e-12, 5.20394534756e-12, 1.51040624777e-13, 7.80597645984e-13, 1.26488609083e-12, 2.9311453167e-14, 5.56705670671e-15, 1.57619130726e-15, 2.26347341715e-15, 1.90752560875e-15, 1.29139817735e-17, 4.87803668705e-18, 1.05655976097e-18]}, "mfcc": {"mean": [-848.850646973, 203.088424683, -16.0192089081, -1.27046179771, 12.0509605408, 3.82500100136, 9.16408634186, 5.813164711, 5.67522907257, 3.27360105515, -1.1442719698, -0.358492046595, -4.04858064651], "cov": [[15091.7431641, 7076.890625, -3471.22973633, 921.783203125, 148.936477661, -503.077392578, 205.798706055, -95.0815353394, 110.045921326, 222.427368164, 9.21064949036, 180.159591675, 14.1033000946], [7076.890625, 4332.83544922, -1268.9095459, 5.75464868546, 356.505371094, -212.405914307, 48.1033210754, -41.98620224, 39.0463638306, 107.336090088, 49.0097846985, 90.1114807129, -79.1406860352], [-3471.22973633, -1268.9095459, 1216.79650879, -222.932388306, -0.0718864127994, 194.442489624, -60.042755127, 16.3497409821, -76.4864425659, -68.6098632812, 25.8231639862, -25.3450202942, -22.9387741089], [921.783203125, 5.75464868546, -222.932388306, 479.055603027, -75.6968612671, -73.3551330566, 45.5284118652, -66.8733215332, -56.9888000488, 0.00353961857036, 13.2653741837, 48.9353256226, 50.8632507324], [148.936477661, 356.505371094, -0.0718864127994, -75.6968612671, 225.526000977, -6.69346380234, -50.4074630737, -20.0165672302, -56.0774307251, -12.9831104279, 44.3955688477, 34.4254989624, -28.1990356445], [-503.077392578, -212.405914307, 194.442489624, -73.3551330566, -6.69346380234, 134.855789185, 1.71475541592, 6.73271512985, 1.58532619476, -29.7649288177, -9.84455776215, -10.4485569, -11.8657541275], [205.798706055, 48.1033210754, -60.042755127, 45.5284118652, -50.4074630737, 1.71475541592, 93.2853469849, 34.4440460205, 9.42548847198, -13.9671039581, -42.1300354004, -39.240737915, 11.0040445328], [-95.0815353394, -41.98620224, 16.3497409821, -66.8733215332, -20.0165672302, 6.73271512985, 34.4440460205, 116.104026794, 23.8661003113, -33.144367218, -35.1452713013, -61.9171180725, 13.6874761581], [110.045921326, 39.0463638306, -76.4864425659, -56.9888000488, -56.0774307251, 1.58532619476, 9.42548847198, 23.8661003113, 110.062133789, 37.3117485046, -35.5174751282, -25.5785427094, -10.3216495514], [222.427368164, 107.336090088, -68.6098632812, 0.00353961857036, -12.9831104279, -29.7649288177, -13.9671039581, -33.144367218, 37.3117485046, 84.0139770508, 29.5247745514, 18.6850795746, -14.1359462738], [9.21064949036, 49.0097846985, 25.8231639862, 13.2653741837, 44.3955688477, -9.84455776215, -42.1300354004, -35.1452713013, -35.5174751282, 29.5247745514, 93.4772567749, 64.9982528687, -12.6257419586], [180.159591675, 90.1114807129, -25.3450202942, 48.9353256226, 34.4254989624, -10.4485569, -39.240737915, -61.9171180725, -25.5785427094, 18.6850795746, 64.9982528687, 100.316993713, 13.2102775574], [14.1033000946, -79.1406860352, -22.9387741089, 50.8632507324, -28.1990356445, -11.8657541275, 11.0040445328, 13.6874761581, -10.3216495514, -14.1359462738, -12.6257419586, 13.2102775574, 81.8801879883]], "icov": [[0.0257642045617, -0.0361021980643, 0.0367790050805, -0.0356669463217, 0.0361660458148, -0.0344636552036, 0.0318978205323, -0.0339436642826, 0.0300442259759, -0.0233367625624, 0.0224813856184, -0.0151901785284, 0.00765175186098], [-0.0361021980643, 0.0510388016701, -0.0511102825403, 0.05011112988, -0.051417760551, 0.0483625717461, -0.0453005805612, 0.0474017709494, -0.042078409344, 0.0323233641684, -0.0312816128135, 0.0207293834537, -0.010324863717], [0.0367790050805, -0.0511102825403, 0.0542540065944, -0.050270691514, 0.0516168661416, -0.0507266558707, 0.045926451683, -0.0485174022615, 0.0442905910313, -0.0334322676063, 0.0316795110703, -0.0213692504913, 0.0111994044855], [-0.0356669463217, 0.05011112988, -0.050270691514, 0.0531616061926, -0.0485811904073, 0.0490320287645, -0.0462590865791, 0.0493882708251, -0.0396169349551, 0.0332759767771, -0.0317735858262, 0.0203937012702, -0.0116324862465], [0.0361660458148, -0.051417760551, 0.0516168661416, -0.0485811904073, 0.0592415817082, -0.0479969792068, 0.0481365844607, -0.0480202808976, 0.0467250756919, -0.0313804075122, 0.0314786210656, -0.0224682539701, 0.0126683013514], [-0.0344636552036, 0.0483625717461, -0.0507266558707, 0.0490320287645, -0.0479969792068, 0.0576757006347, -0.0450521744788, 0.0479562804103, -0.0432261973619, 0.0367255918682, -0.031416606158, 0.0198873113841, -0.0092839775607], [0.0318978205323, -0.0453005805612, 0.045926451683, -0.0462590865791, 0.0481365844607, -0.0450521744788, 0.0582976862788, -0.047137375921, 0.0411911718547, -0.0312914066017, 0.0342821255326, -0.0171581618488, 0.0102617936209], [-0.0339436642826, 0.0474017709494, -0.0485174022615, 0.0493882708251, -0.0480202808976, 0.0479562804103, -0.047137375921, 0.0670297890902, -0.0486588291824, 0.0435248464346, -0.0432887226343, 0.0363721363246, -0.0182305276394], [0.0300442259759, -0.042078409344, 0.0442905910313, -0.0396169349551, 0.0467250756919, -0.0432261973619, 0.0411911718547, -0.0486588291824, 0.0590991415083, -0.0428729839623, 0.0422645099461, -0.0263281669468, 0.0144112082198], [-0.0233367625624, 0.0323233641684, -0.0334322676063, 0.0332759767771, -0.0313804075122, 0.0367255918682, -0.0312914066017, 0.0435248464346, -0.0428729839623, 0.0511689484119, -0.0394170619547, 0.0237843282521, -0.00981678720564], [0.0224813856184, -0.0312816128135, 0.0316795110703, -0.0317735858262, 0.0314786210656, -0.031416606158, 0.0342821255326, -0.0432887226343, 0.0422645099461, -0.0394170619547, 0.0593959651887, -0.0388077422976, 0.0173651836812], [-0.0151901785284, 0.0207293834537, -0.0213692504913, 0.0203937012702, -0.0224682539701, 0.0198873113841, -0.0171581618488, 0.0363721363246, -0.0263281669468, 0.0237843282521, -0.0388077422976, 0.0450533889234, -0.0170984510332], [0.00765175186098, -0.010324863717, 0.0111994044855, -0.0116324862465, 0.0126683013514, -0.0092839775607, 0.0102617936209, -0.0182305276394, 0.0144112082198, -0.00981678720564, 0.0173651836812, -0.0170984510332, 0.0215231254697]]}, "spectral_contrast_coeffs": {"dmean": [0.0439783446491, 0.0379153043032, 0.0293175131083, 0.0190241672099, 0.0148076424375, 0.0125844394788], "dmean2": [0.0748746022582, 0.0647585690022, 0.0491905659437, 0.0315230078995, 0.0244282018393, 0.0198448784649], "dvar": [0.00123860384338, 0.00106062553823, 0.000723897654098, 0.000278027262539, 0.000274887686828, 0.000399157201173], "dvar2": [0.00360929244198, 0.00285282824188, 0.0017908886075, 0.000707156723365, 0.000581887434237, 0.000791288039181], "max": [-0.375519484282, -0.418228685856, -0.469894230366, -0.593003034592, -0.562408447266, -0.557824373245], "mean": [-0.650860667229, -0.76989376545, -0.767816960812, -0.781189382076, -0.773156285286, -0.829877138138], "median": [-0.649868011475, -0.785596013069, -0.772571504116, -0.780066251755, -0.75673854351, -0.851867556572], "min": [-0.971032857895, -0.963091850281, -0.965205013752, -0.958247721195, -0.960163414478, -0.957473814487], "var": [0.0067682354711, 0.00830271840096, 0.00585130043328, 0.00388318137266, 0.00539035536349, 0.00370791950263]}, "spectral_contrast_valleys": {"dmean": [0.387806385756, 0.297722667456, 0.263912886381, 0.198980644345, 0.179779425263, 0.100754275918], "dmean2": [0.657587707043, 0.506482183933, 0.434698283672, 0.330896437168, 0.291275143623, 0.168389841914], "dvar": [0.135394364595, 0.103215627372, 0.112126432359, 0.0926297977567, 0.127056851983, 0.046416670084], "dvar2": [0.297419130802, 0.190456658602, 0.191003486514, 0.137044534087, 0.209020897746, 0.0635889470577], "max": [-4.95