{"lowlevel": {"average_loudness": 0.772528469563, "barkbands_crest": {"dmean": 1.67948317528, "dmean2": 2.47225642204, "dvar": 3.14524841309, "dvar2": 6.54757213593, "max": 25.9577198029, "mean": 13.787355423, "median": 13.1507444382, "min": 4.07915973663, "var": 23.3665084839}, "barkbands_flatness_db": {"dmean": 0.0158419776708, "dmean2": 0.0231688283384, "dvar": 0.000375926756533, "dvar2": 0.00073518283898, "max": 0.617004811764, "mean": 0.303290724754, "median": 0.301239073277, "min": 0.0594589561224, "var": 0.0057762041688}, "barkbands_kurtosis": {"dmean": 2.423869133, "dmean2": 3.64514303207, "dvar": 21.9499607086, "dvar2": 50.8040046692, "max": 133.196502686, "mean": 5.86717224121, "median": 2.39886045456, "min": -1.7782984972, "var": 131.962249756}, "barkbands_skewness": {"dmean": 0.411142468452, "dmean2": 0.59823423624, "dvar": 0.207396969199, "dvar2": 0.395646214485, "max": 8.94349956512, "mean": 1.45995402336, "median": 1.28907084465, "min": -2.93929743767, "var": 2.06778073311}, "barkbands_spread": {"dmean": 1.38802397251, "dmean2": 2.06811833382, "dvar": 4.11445856094, "dvar2": 9.60798931122, "max": 82.0314788818, "mean": 8.17515659332, "median": 6.92804145813, "min": 0.19561265409, "var": 43.9356498718}, "dissonance": {"dmean": 0.0349481999874, "dmean2": 0.0591956116259, "dvar": 0.00107648747507, "dvar2": 0.0028627035208, "max": 0.498501360416, "mean": 0.397682547569, "median": 0.402284115553, "min": 0.156196415424, "var": 0.00256594270468}, "dynamic_complexity": 5.82084274292, "erbbands_crest": {"dmean": 2.99492001534, "dmean2": 4.69269227982, "dvar": 9.79635715485, "dvar2": 21.9139957428, "max": 33.4902496338, "mean": 14.5615568161, "median": 13.4982671738, "min": 3.11899209023, "var": 37.5674057007}, "erbbands_flatness_db": {"dmean": 0.0162756554782, "dmean2": 0.0240512937307, "dvar": 0.000302650936646, "dvar2": 0.000641487829853, "max": 0.513751745224, "mean": 0.305201888084, "median": 0.310323059559, "min": 0.0461636371911, "var": 0.00421873759478}, "erbbands_kurtosis": {"dmean": 1.79099082947, "dmean2": 2.61468410492, "dvar": 18.2737350464, "dvar2": 33.6922035217, "max": 115.991462708, "mean": 2.60627055168, "median": 0.765419244766, "min": -1.62508618832, "var": 50.2002639771}, "erbbands_skewness": {"dmean": 0.346721768379, "dmean2": 0.520019888878, "dvar": 0.134831219912, "dvar2": 0.297276288271, "max": 6.20080184937, "mean": 0.381905734539, "median": 0.398526906967, "min": -4.88736438751, "var": 0.805907189846}, "erbbands_spread": {"dmean": 2.80920147896, "dmean2": 4.32222032547, "dvar": 10.2582015991, "dvar2": 23.4871082306, "max": 66.4127426147, "mean": 14.7726621628, "median": 13.9821577072, "min": 0.844071805477, "var": 60.9440231323}, "hfc": {"dmean": 2.61670160294, "dmean2": 3.40575385094, "dvar": 34.7910194397, "dvar2": 59.7388343811, "max": 213.168197632, "mean": 9.0781545639, "median": 5.04788780212, "min": 1.19262463967e-16, "var": 152.992263794}, "melbands_crest": {"dmean": 2.11707925797, "dmean2": 3.07128214836, "dvar": 5.30975437164, "dvar2": 10.0658397675, "max": 37.7430419922, "mean": 19.2811660767, "median": 18.244304657, "min": 2.85308837891, "var": 54.407661438}, "melbands_flatness_db": {"dmean": 0.0163885783404, "dmean2": 0.0233026333153, "dvar": 0.000497782602906, "dvar2": 0.000887953152414, "max": 0.790116488934, "mean": 0.403361320496, "median": 0.401149302721, "min": 0.00722571555525, "var": 0.0096946740523}, "melbands_kurtosis": {"dmean": 3.67544054985, "dmean2": 5.59885072708, "dvar": 63.9330291748, "dvar2": 154.612731934, "max": 313.10848999, "mean": 9.51515960693, "median": 3.74536561966, "min": -1.74517333508, "var": 419.564178467}, "melbands_skewness": {"dmean": 0.479066938162, "dmean2": 0.69941085577, "dvar": 0.314738273621, "dvar2": 0.624821305275, "max": 14.039940834, "mean": 1.92094707489, "median": 1.61269283295, "min": -3.00370931625, "var": 3.2409029007}, "melbands_spread": {"dmean": 2.09900093079, "dmean2": 3.08224368095, "dvar": 18.25431633, "dvar2": 25.8460044861, "max": 182.586288452, "mean": 10.6514463425, "median": 8.81986141205, "min": 0.200276196003, "var": 75.7225418091}, "pitch_salience": {"dmean": 0.0449090823531, "dmean2": 0.0676416754723, "dvar": 0.00210285000503, "dvar2": 0.00445181690156, "max": 0.950831890106, "mean": 0.442904770374, "median": 0.454681515694, "min": 0.113821156323, "var": 0.0152332670987}, "silence_rate_20dB": {"dmean": 0, "dmean2": 0, "dvar": 0, "dvar2": 0, "max": 1, "mean": 1, "median": 1, "min": 1, "var": 0}, "silence_rate_30dB": {"dmean": 0.0116022098809, "dmean2": 0.0232108309865, "dvar": 0.0114674614742, "dvar2": 0.0248836576939, "max": 1, "mean": 0.9759734869, "median": 1, "min": 0, "var": 0.023450134322}, "silence_rate_60dB": {"dmean": 0.0182320438325, "dmean2": 0.0361978448927, "dvar": 0.0178995002061, "dvar2": 0.0365469418466, "max": 1, "mean": 0.167909413576, "median": 0, "min": 0, "var": 0.139719560742}, "spectral_centroid": {"dmean": 58.2959861755, "dmean2": 86.3671646118, "dvar": 36420.3164062, "dvar2": 41624.1835938, "max": 11296.9667969, "mean": 603.950134277, "median": 541.783813477, "min": 123.994132996, "var": 105631.40625}, "spectral_complexity": {"dmean": 1.23314917088, "dmean2": 2.02652668953, "dvar": 1.77321898937, "dvar2": 3.88372778893, "max": 25, "mean": 9.34272289276, "median": 10, "min": 0, "var": 18.9676246643}, "spectral_decrease": {"dmean": 1.37875300066e-09, "dmean2": 1.77328873807e-09, "dvar": 7.15296907362e-18, "dvar2": 1.20822467045e-17, "max": 9.98361533317e-30, "mean": -7.29971327829e-09, "median": -5.25490362335e-09, "min": -8.47728784947e-08, "var": 5.52106729107e-17}, "spectral_energy": {"dmean": 0.00542458798736, "dmean2": 0.00697971694171, "dvar": 0.000111546345579, "dvar2": 0.00018861197168, "max": 0.339287400246, "mean": 0.0283742174506, "median": 0.0204277504236, "min": 1.07797821999e-20, "var": 0.000833280617371}, "spectral_energyband_high": {"dmean": 2.38991810875e-06, "dmean2": 3.37662481797e-06, "dvar": 1.21402110587e-10, "dvar2": 2.73943229212e-10, "max": 0.000274727499345, "mean": 4.56699308415e-06, "median": 1.10195378511e-06, "min": 8.32067763633e-21, "var": 1.9242672733e-10}, "spectral_energyband_low": {"dmean": 0.00178633758333, "dmean2": 0.00214551156387, "dvar": 2.07885022974e-05, "dvar2": 3.16147088597e-05, "max": 0.110150650144, "mean": 0.0135767795146, "median": 0.00362262316048, "min": 1.21724771772e-22, "var": 0.000393428199459}, "spectral_energyband_middle_high": {"dmean": 0.00101958680898, "dmean2": 0.00137596146669, "dvar": 8.31329361972e-06, "dvar2": 1.41536283991e-05, "max": 0.0637355297804, "mean": 0.00248023960739, "median": 0.000943723600358, "min": 1.23625343428e-21, "var": 2.14797946683e-05}, "spectral_energyband_middle_low": {"dmean": 0.00368333980441, "dmean2": 0.00495802005753, "dvar": 7.18000374036e-05, "dvar2": 0.000131483713631, "max": 0.313422560692, "mean": 0.0129078263417, "median": 0.00594398193061, "min": 2.614398131e-22, "var": 0.0003652763844}, "spectral_entropy": {"dmean": 0.131145909429, "dmean2": 0.196760877967, "dvar": 0.023917902261, "dvar2": 0.0493358969688, "max": 9.79930114746, "mean": 6.18225336075, "median": 6.15613794327, "min": 4.49851989746, "var": 0.286171376705}, "spectral_flux": {"dmean": 0.0156220663339, "dmean2": 0.0249502528459, "dvar": 0.000654345320072, "dvar2": 0.00157524179667, "max": 0.346310555935, "mean": 0.0384585633874, "median": 0.0308383163065, "min": 1.03825732733e-10, "var": 0.00112781126518}, "spectral_kurtosis": {"dmean": 17.5072402954, "dmean2": 30.8973121643, "dvar": 311.605987549, "dvar2": 912.299377441, "max": 311.723602295, "mean": 42.6843299866, "median": 34.1454696655, "min": -1.1874679327, "var": 1033.3614502}, "spectral_rms": {"dmean": 0.000466513214633, "dmean2": 0.000591278250795, "dvar": 5.33274544523e-07, "dvar2": 8.35463765725e-07, "max": 0.018193738535, "mean": 0.00453036185354, "median": 0.00446424819529, "min": 3.24297099591e-12, "var": 7.15804208085e-06}, "spectral_rolloff": {"dmean": 107.219093323, "dmean2": 176.911972046, "dvar": 161908.484375, "dvar2": 161163.59375, "max": 19143.0175781, "mean": 645.155334473, "median": 667.529296875, "min": 43.06640625, "var": 326649.5625}, "spectral_skewness": {"dmean": 1.05991792679, "dmean2": 1.86860918999, "dvar": 0.903972744942, "dvar2": 2.73376369476, "max": 15.0553188324, "mean": 4.21257638931, "median": 3.8935406208, "min": -0.0430184826255, "var": 2.80138278008}, "spectral_spread": {"dmean": 243553.90625, "dmean2": 410381.78125, "dvar": 466044747776, "dvar2": 536007376896, "max": 40241704, "mean": 1624211.625, "median": 1354065.75, "min": 358602.5, "var": 2054917980160.0}, "spectral_strongpeak": {"dmean": 0.318462967873, "dmean2": 0.499665260315, "dvar": 0.571426808834, "dvar2": 1.16781210899, "max": 11.253118515, "mean": 0.967279851437, "median": 0.389313340187, "min": 0, "var": 1.65673017502}, "zerocrossingrate": {"dmean": 0.00302680418827, "dmean2": 0.00367040699348, "dvar": 8.42198205646e-05, "dvar2": 9.04593325686e-05, "max": 0.50830078125, "mean": 0.0261047743261, "median": 0.02197265625, "min": 0.00146484375, "var": 0.000750292616431}, "barkbands": {"dmean": [0.000292888493277, 0.00130432553124, 0.000318609643728, 0.00037011524546, 0.00066727551166, 0.00135626492556, 0.000678799871821, 0.000355682976078, 0.00138596293982, 0.000678569369484, 0.000234827515669, 0.000150651641889, 0.000119693686429, 4.14195237681e-05, 7.20322859706e-05, 2.36913274421e-05, 1.31925444293e-05, 9.49396780925e-06, 2.70257328339e-06, 9.1979239869e-07, 5.9447518197e-07, 2.21968335268e-07, 7.41971575735e-07, 3.60944994782e-07, 1.38547179063e-07, 1.55469066954e-07, 1.19281168054e-07], "dmean2": [0.000411380518926, 0.00149135594256, 0.0004694974632, 0.000583747110795, 0.000829928787425, 0.00201078061946, 0.00102484889794, 0.000487769866595, 0.00179745838977, 0.000906897592358, 0.000334397016559, 0.000220864574658, 0.000174253480509, 5.8197438193e-05, 0.000104288425064, 3.30297225446e-05, 1.89954807865e-05, 1.40943229781e-05, 4.28566318078e-06, 1.46751801822e-06, 8.4413852619e-07, 3.1832746572e-07, 1.17323349969e-06, 4.62205775875e-07, 1.80972293151e-07, 2.119246858e-07, 1.63715725421e-07], "dvar": [1.15659338462e-06, 1.38609066198e-05, 4.20822743763e-07, 8.54669906403e-07, 3.59682894668e-06, 1.53184591909e-05, 5.8047580751e-06, 2.30717091654e-06, 3.07214650093e-05, 6.90141632731e-06, 4.48727064395e-07, 5.13951022185e-07, 9.39099891184e-08, 1.20551163718e-07, 8.47827479333e-08, 1.2537076266e-08, 6.20551388053e-09, 2.959039902e-09, 4.69143959791e-11, 5.0144497929e-12, 1.49251600662e-11, 1.8173084565e-12, 5.35648990441e-11, 5.89044524962e-12, 6.81569330054e-13, 1.2721636895e-12, 1.25365223844e-12], "dvar2": [2.35293032347e-06, 2.10906455322e-05, 8.13903739072e-07, 1.69897953128e-06, 4.4648986659e-06, 3.35441036441e-05, 1.57948543347e-05, 4.30906857218e-06, 5.76651837036e-05, 1.18902162285e-05, 7.35865683055e-07, 8.42885924612e-07, 1.7784734041e-07, 2.47015606192e-07, 1.56539968543e-07, 2.09468016266e-08, 9.67463442691e-09, 5.92887294815e-09, 1.06836865743e-10, 1.09409746887e-11, 2.5228629949e-11, 3.50192054174e-12, 1.37099859243e-10, 9.91662307825e-12, 1.34664566824e-12, 2.67441342509e-12, 2.79117831278e-12], "max": [0.0314773023129, 0.0829850807786, 0.0213986653835, 0.0245079379529, 0.0783932805061, 0.0926062762737, 0.0871560797095, 0.0445000231266, 0.195735618472, 0.0628845393658, 0.0237196981907, 0.0293472334743, 0.0097133917734, 0.0177865102887, 0.00904754363, 0.00639849621803, 0.00365774706006, 0.00201060855761, 0.000221232388867, 5.39836182725e-05, 0.000155962174176, 4.74735243188e-05, 0.000212021812331, 7.24155906937e-05, 1.90187911357e-05, 3.50945410901e-05, 3.96733703383e-05], "mean": [0.00188179046381, 0.0101326582953, 0.00111766182818, 0.00101846561301, 0.00196188921109, 0.00355856656097, 0.00226356321946, 0.00104741076939, 0.00274134729989, 0.00119792926125, 0.000484535412397, 0.000269022071734, 0.000350394286215, 7.76958622737e-05, 0.000157318965648, 5.29373064637e-05, 2.96113958029e-05, 2.01024031412e-05, 5.57097519049e-06, 2.01002535505e-06, 1.20673314541e-06, 3.74553110305e-07, 8.08867525848e-07, 7.33118667995e-07, 2.32094279795e-07, 2.40558904352e-07, 1.83916029073e-07], "median": [4.86661592731e-05, 0.00131483050063, 0.000324212596752, 0.000290136755211, 0.000645490712486, 0.00117162964307, 0.000400909018936, 0.000154948225827, 0.000305560737615, 0.000187557641766, 0.000152011198224, 4.19260686613e-05, 7.41098556318e-05, 1.35429254442e-05, 2.75341571978e-05, 1.07378045868e-05, 8.71715110407e-06, 5.82214534006e-06, 2.79434448203e-06, 1.21484856663e-06, 2.27151588206e-07, 6.94604693763e-08, 5.30092556517e-08, 2.6006706122e-08, 7.87915066525e-09, 2.37880093401e-09, 1.45188017164e-09], "min": [1.86697481907e-24, 4.96825197642e-23, 5.04154220323e-23, 4.67680857717e-23, 5.22110871782e-23, 1.10877224351e-23, 5.04520851317e-23, 5.03927785689e-23, 3.53147783718e-23, 3.87923580765e-23, 1.56563078158e-23, 9.85943034914e-23, 6.09517038734e-23, 7.05608185599e-23, 2.11939636956e-22, 8.01440270542e-23, 1.55661858216e-22, 1.61990365455e-22, 2.32366918729e-22, 2.83842074413e-22, 4.88313735574e-22, 5.18378398497e-22, 8.15435849448e-22, 9.68490970445e-22, 1.44697335344e-21, 1.81044148252e-21, 2.25010292228e-21], "var": [1.49230845636e-05, 0.000257934792899, 4.51054302175e-06, 4.76026161778e-06, 2.09159170481e-05, 5.83437904424e-05, 4.32681190432e-05, 1.24692351164e-05, 8.67239650688e-05, 1.45864141814e-05, 1.57519673394e-06, 1.30862099468e-06, 8.87226008217e-07, 1.90674427358e-07, 2.4885014227e-07, 5.08886977002e-08, 2.12191952897e-08, 6.44550013362e-09, 9.52151829603e-11, 1.2501916169e-11, 4.3292539692e-11, 3.30790516506e-12, 4.41537292839e-11, 1.93831704159e-11, 1.20349129967e-12, 2.38599699894e-12, 1.91216899086e-12]}, "erbbands": {"dmean": [0.0619965046644, 0.211069613695, 0.345848679543, 0.814058840275, 1.12596666813, 2.74349308014, 5.75964260101, 14.0073165894, 9.93858242035, 7.05001068115, 8.21590232849, 39.5730171204, 16.3975162506, 22.6071109772, 9.86163043976, 7.47095680237, 5.72096061707, 2.74480485916, 4.29657411575, 1.46082496643, 1.03091287613, 0.524518787861, 0.672750651836, 0.183286145329, 0.100578770041, 0.041424471885, 0.0308934543282, 0.0145530877635, 0.00796532165259, 0.00692092301324, 0.0287346281111, 0.00663422094658, 0.00906992331147, 0.00166091974825, 0.00120182929095, 0.000564488698728, 0.000408403750043, 6.06898975093e-05, 3.26361296175e-05, 6.58165618006e-06], "dmean2": [0.0696339979768, 0.253039807081, 0.490617394447, 1.28005003929, 1.70441710949, 3.45681190491, 7.97396421432, 21.0178527832, 14.1349897385, 11.0141401291, 11.1332988739, 51.042755127, 22.5143013, 29.2754669189, 14.5684928894, 10.6585998535, 8.34031581879, 3.87271499634, 6.208132267, 2.05948638916, 1.43498778343, 0.750159561634, 0.990566551685, 0.287804454565, 0.151096299291, 0.0650722831488, 0.0454202853143, 0.0199460424483, 0.0115225287154, 0.0104773249477, 0.0455126613379, 0.00999809708446, 0.0111451297998, 0.00229207612574, 0.00150202191435, 0.000653392460663, 0.000576977909077, 8.23348018457e-05, 4.53693137388e-05, 8.55322377902e-06], "dvar": [0.041937764734, 0.336867809296, 0.597160279751, 3.5062186718, 6.77130031586, 73.0524597168, 225.06262207, 1713.76611328, 1015.17260742, 499.318267822, 1413.55163574, 25021.5664062, 2541.83691406, 8687.45117188, 503.855621338, 1295.34851074, 197.171447754, 297.697845459, 314.916778564, 21.06757164, 20.7296695709, 6.87117099762, 14.7505159378, 0.213451325893, 0.126089036465, 0.00903277937323, 0.0358130708337, 0.00606606714427, 0.00158479227684, 0.00237171468325, 0.0932409092784, 0.00203859782778, 0.00487438123673, 9.05075794435e-05, 6.1545848439e-05, 2.81661978079e-05, 8.65010588313e-06, 1.47981410237e-07, 1.20531211678e-07, 1.95895286104e-10], "dvar2": [0.0601789243519, 0.564095973969, 0.959311783314, 7.18006324768, 14.0412349701, 96.8512802124, 387.504272461, 3820.97290039, 2383.89379883, 1386.69677734, 2582.0637207, 47087.6328125, 5258.20117188, 14568.8085938, 1169.72253418, 2055.79125977, 365.62991333, 603.428588867, 586.254211426, 37.2726593018, 33.4483909607, 10.6173419952, 29.3472900391, 0.504813551903, 0.24263894558, 0.0194337833673, 0.0652306377888, 0.00968637503684, 0.00339750852436, 0.00484300171956, 0.239342853427, 0.00515526067466, 0.00796577800065, 0.000179883805686, 0.000120302953292, 5.52523815713e-05, 1.87301211554e-05, 2.86198684307e-07, 2.69676547759e-07, 3.45514061806e-10], "max": [5.25058221817, 15.2602214813, 27.5542240143, 56.9740104675, 59.7970581055, 314.130889893, 365.298126221, 1106.48266602, 1263.31591797, 885.666870117, 1222.36022949, 5569.27636719, 1222.76721191, 2303.96142578, 410.887817383, 1503.73059082, 434.275390625, 875.383178711, 555.874206543, 120.104522705, 267.471313477, 115.777137756, 140.185562134, 15.0095014572, 15.77850914, 2.00337409973, 7.35462856293, 2.22391152382, 0.826946377754, 1.77753245831, 8.84561634064, 1.19049227238, 2.12890625, 0.203502416611, 0.198788002133, 0.205998063087, 0.0823210552335, 0.0088176401332, 0.0123868025839, 0.000388218089938], "mean": [0.526498734951, 1.31899642944, 1.38791549206, 2.62761116028, 3.64488458633, 7.53903722763, 15.9717693329, 35.1829299927, 37.3278198242, 20.8350811005, 23.5068778992, 79.8390274048, 33.6418838501, 39.2717819214, 20.2327976227, 15.1513109207, 17.0733184814, 6.27789163589, 9.03768730164, 3.80586147308, 2.57757735252, 1.30554175377, 1.50386202335, 0.409359872341, 0.224365875125, 0.0957969129086, 0.06520768255, 0.0307019986212, 0.0139558808878, 0.0108997123316, 0.0294003076851, 0.00914108008146, 0.019084032625, 0.00295081874356, 0.0020402923692, 0.00105477066245, 0.00061935512349, 0.000104352671769, 5.91884490859e-05, 3.25726796291e-05], "median": [0.0354194864631, 0.212674185634, 0.458410084248, 0.925216197968, 1.22370505333, 2.22987222672, 4.97160577774, 10.6725101471, 8.33192253113, 5.71251440048, 4.13069105148, 10.0204362869, 6.82887363434, 6.82408380508, 7.75734472275, 3.10587763786, 4.05470895767, 1.78083944321, 1.59259963036, 0.880735039711, 0.65427672863, 0.454260259867, 0.400532543659, 0.202868074179, 0.115240514278, 0.06469412148, 0.0206962674856, 0.00538276322186, 0.0030188690871, 0.00178538553882, 0.00153009651694, 0.00078251818195, 0.000381675985409, 0.000141458964208, 5.73050128878e-05, 3.03438737319e-05, 1.32394061438e-05, 2.40794497586e-06, 1.16095388876e-05, 2.33363571169e-05], "min": [7.19114090141e-22, 1.36010949365e-20, 6.45147886533e-20, 9.77059535693e-20, 1.30065259132e-19, 2.50824400331e-19, 1.20178757677e-19, 9.89294441681e-20, 6.27519271813e-19, 1.07338099571e-18, 7.67795145029e-19, 7.75634335694e-19, 1.2138029697e-18, 1.21791085202e-18, 1.90027581736e-18, 2.87434861066e-18, 2.73518105607e-18, 3.79829343165e-18, 7.37278239524e-18, 8.43978996433e-18, 6.70960895068e-18, 7.98665628887e-18, 6.69915214697e-18, 1.49415338038e-17, 1.03389966507e-17, 1.32097211764e-17, 1.78219090456e-17, 1.95222813651e-17, 1.70393994948e-17, 2.1997573026e-17, 2.09488155428e-17, 2.01952473873e-17, 1.89814657175e-17, 1.65148081678e-17, 1.00038735246e-17, 7.10814581058e-18, 2.95435331271e-18, 1.25700247719e-18, 2.93298186081e-19, 3.57725694255e-20], "var": [0.869922101498, 5.10359144211, 9.08683300018, 25.7367649078, 40.3185195923, 422.83984375, 1128.59191895, 6014.54199219, 9884.56640625, 2640.32421875, 6709.22558594, 70908.671875, 7201.27490234, 18007.2988281, 1464.22216797, 3458.63671875, 2078.71704102, 521.412841797, 889.372741699, 77.9629058838, 117.327156067, 30.8518943787, 35.8918991089, 0.726127326488, 0.26159620285, 0.0227067358792, 0.0963034927845, 0.0180608984083, 0.00263252225704, 0.00386661966331, 0.0754682123661, 0.00201163371094, 0.0164670255035, 0.000210077923839, 0.000113343863632, 5.82421998843e-05, 1.54290555656e-05, 3.27724848148e-07, 1.82738133958e-07, 1.15254195077e-09]}, "gfcc": {"mean": [-191.318389893, 204.252334595, -123.52469635, -20.9318962097, -29.2589511871, -14.2146873474, -18.6000766754, -4.51191282272, -11.0255699158, -10.6759557724, 2.82895612717, -4.49957418442, 2.17199611664], "cov": [[29511.1953125, 6003.09667969, -250.600540161, 1056.02746582, 686.084716797, 444.448181152, 710.431152344, 457.847503662, 986.887634277, -185.346359253, 106.079414368, -755.654541016, 77.8957824707], [6003.09667969, 2680.05444336, -163.190200806, 42.5487670898, 708.745300293, -101.148834229, 295.120300293, -138.754470825, 257.248718262, -78.54712677, 30.6722660065, -275.607818604, 87.167098999], [-250.600540161, -163.190200806, 1309.30395508, 337.898895264, 302.181793213, 451.627960205, 257.022033691, 462.921630859, 112.802146912, 142.065139771, 150.740325928, 111.055877686, 121.854034424], [1056.02746582, 42.5487670898, 337.898895264, 556.431640625, 106.72215271, 248.095077515, 194.182617188, 155.872192383, 119.994812012, 54.0409736633, 112.484794617, -12.1000022888, 60.6299133301], [686.084716797, 708.745300293, 302.181793213, 106.72215271, 545.860473633, 150.32434082, 223.575286865, 71.1536865234, 80.4334182739, 50.8799819946, 30.4877281189, -49.403465271, 54.4540634155], [444.448181152, -101.148834229, 451.627960205, 248.095077515, 150.32434082, 381.846313477, 190.360656738, 214.013885498, 58.6739006042, 32.9829521179, 57.5586929321, 17.7381534576, 83.9353942871], [710.431152344, 295.120300293, 257.022033691, 194.182617188, 223.575286865, 190.360656738, 282.970733643, 151.117034912, 77.1343841553, 26.0490379333, 40.3977890015, -7.20016336441, 56.0790863037], [457.847503662, -138.754470825, 462.921630859, 155.872192383, 71.1536865234, 214.013885498, 151.117034912, 416.114837646, 40.2767829895, 73.5503997803, 107.398040771, 50.9249649048, 62.0564880371], [986.887634277, 257.248718262, 112.802146912, 119.994812012, 80.4334182739, 58.6739006042, 77.1343841553, 40.2767829895, 206.109146118, 41.0431671143, 32.0448989868, -17.6531257629, -0.787102997303], [-185.346359253, -78.54712677, 142.065139771, 54.0409736633, 50.8799819946, 32.9829521179, 26.0490379333, 73.5503997803, 41.0431671143, 168.700653076, 59.4421653748, 38.480922699, 8.34217071533], [106.079414368, 30.6722660065, 150.740325928, 112.484794617, 30.4877281189, 57.5586929321, 40.3977890015, 107.398040771, 32.0448989868, 59.4421653748, 191.509994507, 40.1585731506, 70.8848419189], [-755.654541016, -275.607818604, 111.055877686, -12.1000022888, -49.403465271, 17.7381534576, -7.20016336441, 50.9249649048, -17.6531257629, 38.480922699, 40.1585731506, 141.648422241, 15.5623035431], [77.8957824707, 87.167098999, 121.854034424, 60.6299133301, 54.4540634155, 83.9353942871, 56.0790863037, 62.0564880371, -0.787102997303, 8.34217071533, 70.8848419189, 15.5623035431, 165.338241577]], "icov": [[0.000156330512254, -0.000599235063419, 0.000140463220305, -0.00025165794068, 0.000592599855736, -0.000596277706791, 0.000379898905521, -0.000433370500105, -6.77643547533e-05, -0.000149923784193, 0.00026851464645, -8.08549229987e-05, 0.000272099830909], [-0.000599235063419, 0.00345445028506, -0.000398683536332, 0.00115640100557, -0.00358901987784, 0.00339518883266, -0.00222369888797, 0.00179478526115, -0.000874578021467, 0.00136917096097, -0.00157504261006, 0.00165132153779, -0.00168348627631], [0.000140463220305, -0.000398683536332, 0.00208366475999, -0.000490657461341, -0.000449456914794, -0.00168954744004, 0.000976929324679, -0.00169172917958, -0.000484287593281, -0.00033960811561, 0.000340566737577, -0.00106120819692, 6.63301980239e-05], [-0.00025165794068, 0.00115640100557, -0.000490657461341, 0.00377997197211, -0.000419270334532, -0.00027733517345, -0.00229367893189, 0.00130778760649, -0.000898430182133, 6.78921715007e-05, -0.00206767884083, 0.00139482633676, -0.000202137394808], [0.000592599855736, -0.00358901987784, -0.000449456914794, -0.000419270334532, 0.00720751425251, -0.00348927313462, -0.000579024548642, -0.000630043679848, 0.000918606121559, -0.00234858831391, 0.00126247724984, -0.000130118816742, 0.00152225070633], [-0.000596277706791, 0.00339518883266, -0.00168954744004, -0.00027733517345, -0.00348927313462, 0.00985358655453, -0.00392687134445, 0.000822093570605, -0.000605546694715, 0.00189552304801, -0.000466220924864, 0.00165645277593, -0.00304641155526], [0.000379898905521, -0.00222369888797, 0.000976929324679, -0.00229367893189, -0.000579024548642, -0.00392687134445, 0.0101476851851, -0.00323370611295, -0.000534043181688, -8.70413132361e-05, 0.00205826177262, -0.00196130946279, 0.000374538707547], [-0.000433370500105, 0.00179478526115, -0.00169172917958, 0.00130778760649, -0.000630043679848, 0.000822093570605, -0.00323370611295, 0.00635111797601, 0.000481139402837, -0.000257845647866, -0.002496547997, 0.000735728128348, -0.000455231172964], [-6.77643547533e-05, -0.000874578021467, -0.000484287593281, -0.000898430182133, 0.000918606121559, -0.000605546694715, -0.000534043181688, 0.000481139402837, 0.00734479026869, -0.00180898921099, -0.000168126105564, -0.000264377129497, 0.00140800361987], [-0.000149923784193, 0.00136917096097, -0.00033960811561, 6.78921715007e-05, -0.00234858831391, 0.00189552304801, -8.70413132361e-05, -0.000257845647866, -0.00180898921099, 0.00849319901317, -0.00213804747909, -0.000765493721701, 6.32727824268e-05], [0.00026851464645, -0.00157504261006, 0.000340566737577, -0.00206767884083, 0.00126247724984, -0.000466220924864, 0.00205826177262, -0.002496547997, -0.000168126105564, -0.00213804747909, 0.00923992693424, -0.0023753521964, -0.00235985754989], [-8.08549229987e-05, 0.00165132153779, -0.00106120819692, 0.00139482633676, -0.000130118816742, 0.00165645277593, -0.00196130946279, 0.000735728128348, -0.000264377129497, -0.000765493721701, -0.0023753521964, 0.0111297536641, -0.000962671882007], [0.000272099830909, -0.00168348627631, 6.63301980239e-05, -0.000202137394808, 0.00152225070633, -0.00304641155526, 0.000374538707547, -0.000455231172964, 0.00140800361987, 6.32727824268e-05, -0.00235985754989, -0.000962671882007, 0.00902765989304]]}, "melbands": {"dmean": [0.000435147027019, 0.000204195734113, 0.000147293525515, 0.000118328302051, 0.000202790164622, 0.000290411844617, 0.000152317632455, 7.48741804273e-05, 6.25537140877e-05, 0.000264355476247, 7.58974128985e-05, 9.73957212409e-05, 2.87218281301e-05, 2.29640209e-05, 1.24707948999e-05, 1.27323210108e-05, 4.6619902605e-06, 6.53685219731e-06, 3.51789913111e-06, 2.19684170588e-06, 1.03860907075e-06, 6.63531238843e-07, 6.73531076245e-07, 3.90219042856e-07, 1.49665467575e-07, 7.97298866928e-08, 5.77383616474e-08, 2.47145450771e-08, 1.91343652034e-08, 1.89198132716e-08, 5.74900438366e-09, 4.61706495258e-09, 4.62129712275e-09, 3.22909987638e-09, 1.43593723578e-08, 1.33553790249e-08, 1.74872782921e-09, 5.57703927484e-09, 4.43652314885e-09, 9.33960020433e-10], "dmean2": [0.000494645151775, 0.000266087678028, 0.000229830475291, 0.000155698129674, 0.000272159551969, 0.000433833163697, 0.000219388355617, 0.000116170864203, 8.81930827745e-05, 0.000339811143931, 0.000106304563815, 0.000125622129417, 4.19794268964e-05, 3.37126621162e-05, 1.73229072971e-05, 1.89029251487e-05, 6.47478464089e-06, 9.48119031818e-06, 5.03362252857e-06, 3.14119051836e-06, 1.4679949345e-06, 9.83925929177e-07, 9.56002963903e-07, 5.82216614475e-07, 2.41638673515e-07, 1.23702619703e-07, 8.84763267095e-08, 3.90683112528e-08, 2.91431518917e-08, 2.58771226669e-08, 8.00756350117e-09, 6.92598067786e-09, 6.56419896217e-09, 5.08019226686e-09, 2.28539089875e-08, 2.09216146629e-08, 2.60808508123e-09, 6.87292267543e-09, 5.54472556757e-09, 1.46826273362e-09], "dvar": [1.822944796e-06, 2.18780229488e-07, 1.11191319263e-07, 9.54239780526e-08, 2.82331342305e-07, 7.15499254511e-07, 2.63464556838e-07, 5.6356508793e-08, 8.23690626817e-08, 1.15446505333e-06, 5.48956542445e-08, 1.6956870752e-07, 4.61799309903e-09, 6.68035093909e-09, 2.00676697482e-09, 1.29154542616e-09, 1.51857471042e-09, 7.13746450831e-10, 1.79076795059e-10, 9.65091895289e-11, 2.37350590571e-11, 1.51711386509e-11, 1.10315645507e-11, 4.88658115708e-12, 1.38362574436e-13, 5.82897310064e-14, 2.78813193507e-14, 4.2095131905e-15, 7.63018375018e-15, 2.28335484743e-14, 8.75001445777e-16, 5.81504423674e-16, 1.65490787899e-15, 4.68287723543e-16, 2.35966133514e-14, 1.74208097356e-14, 1.47863351994e-16, 1.8630661199e-15, 1.09659500566e-15, 5.86190143764e-17], "dvar2": [2.72575516647e-06, 3.40385497566e-07, 2.24123880344e-07, 1.35414310876e-07, 4.38896904598e-07, 1.59266130595e-06, 6.66040136821e-07, 1.45109169125e-07, 1.53290514504e-07, 2.15614431909e-06, 1.15858092897e-07, 2.81991020756e-07, 9.53985246355e-09, 1.15581704208e-08, 3.20113713315e-09, 2.66077648803e-09, 3.08048453412e-09, 1.34679090102e-09, 3.29006766275e-10, 1.64119273727e-10, 3.70673318428e-11, 2.34732303039e-11, 2.16029416578e-11, 9.77194367091e-12, 3.58089209326e-13, 1.23270209144e-13, 5.46143534043e-14, 9.30866508549e-15, 1.59897848407e-14, 3.62251156535e-14, 1.4808032213e-15, 1.30654757999e-15, 3.03344733027e-15, 1.08820249734e-15, 6.03761899959e-14, 4.46002623397e-14, 3.41320264077e-16, 3.04432577441e-15, 1.81222233197e-15, 1.26481090501e-16], "max": [0.0323699638247, 0.0171815156937, 0.00834072194993, 0.0101293046027, 0.0164937917143, 0.0217749103904, 0.0196779072285, 0.0102877859026, 0.00923072081059, 0.0379780679941, 0.00555851031095, 0.0102766025811, 0.00156766700093, 0.00326725794002, 0.00165727373678, 0.00125871191267, 0.00201313290745, 0.0008227446815, 0.000342373648891, 0.000487842742587, 0.000222690505325, 0.000187371915672, 0.00016760348808, 8.45998365548e-05, 1.17879435493e-05, 9.50023058977e-06, 6.56676138533e-06, 1.63107654316e-06, 2.56158409684e-06, 6.51150730846e-06, 9.18303896924e-07, 7.41342830679e-07, 1.6329496475e-06, 5.64806896364e-07, 4.4929302021e-06, 3.72444310415e-06, 3.14906145604e-07, 1.31453555241e-06, 1.00389877389e-06, 1.83701189371e-07], "mean": [0.00361965456977, 0.0010407937225, 0.000484664837131, 0.000370276946342, 0.00055835879175, 0.000739070412237, 0.000552393612452, 0.000214125568164, 0.000168515631231, 0.000526224088389, 0.000151029438712, 0.000163125107065, 5.91295465711e-05, 4.38487913925e-05, 3.34506476065e-05, 3.29683425662e-05, 9.05685465113e-06, 1.33146959342e-05, 8.3007316789e-06, 4.6800751079e-06, 2.52226118391e-06, 1.3686803868e-06, 1.62178685059e-06, 8.38309858864e-07, 2.88623397182e-07, 1.61936824838e-07, 1.12117803042e-07, 5.35137694158e-08, 3.77364202109e-08, 3.91801293631e-08, 1.09316360408e-08, 7.828537818e-09, 7.16339831897e-09, 4.796216313e-09, 1.43682150622e-08, 1.47141143714e-08, 2.77187917064e-09, 1.16692184804e-08, 9.04003183422e-09, 1.25191146338e-09], "median": [0.000341167440638, 0.000322544103255, 0.000197220593691, 0.000126819795696, 0.000172371554072, 0.000231501719099, 0.000113474125101, 5.76189886488e-05, 2.57976462308e-05, 5.76059755986e-05, 2.8874959753e-05, 2.22264970944e-05, 2.09531463042e-05, 1.15638349598e-05, 5.97177677264e-06, 7.24065375834e-06, 1.88612739294e-06, 2.25706389756e-06, 1.54705548994e-06, 9.24804908209e-07, 6.26363487299e-07, 4.33457358895e-07, 3.86474624747e-07, 2.54173812664e-07, 1.25902673176e-07, 7.36804040002e-08, 6.09833037402e-08, 3.39116112968e-08, 1.42630360855e-08, 4.72401273655e-09, 1.95144433945e-09, 1.71845493391e-09, 9.72579128344e-10, 8.37753588723e-10, 8.35457425463e-10, 6.49001019593e-10, 3.14637038645e-10, 2.38516206785e-10, 1.62286989402e-10, 7.26979032528e-11], "min": [9.28954240063e-24, 2.86389419872e-23, 1.87627221537e-23, 1.35543548016e-23, 5.79787876776e-24, 2.53535437874e-24, 9.47828289423e-24, 1.22273858406e-23, 5.43885752017e-24, 5.29254985466e-24, 5.79170119801e-24, 4.79148828463e-24, 4.12509724609e-24, 9.45445140628e-24, 7.53925095628e-24, 5.88903913954e-24, 7.28575444869e-24, 1.01934673463e-23, 1.68059337456e-23, 6.39634059933e-24, 8.34355539144e-24, 9.44602084979e-24, 5.91639565244e-24, 6.44455065026e-24, 1.31170395036e-23, 8.10970152039e-24, 7.11684591825e-24, 9.25241229554e-24, 1.00955783855e-23, 1.30480622949e-23, 1.09218170981e-23, 8.09961514486e-24, 1.2531233762e-23, 1.26378538354e-23, 1.08861637406e-23, 1.41639943978e-23, 1.08832449553e-23, 1.29089529852e-23, 1.41843122993e-23, 1.41192091865e-23], "var": [3.56023956556e-05, 3.6178157643e-06, 7.04206001956e-07, 6.95146638918e-07, 1.44612897657e-06, 2.57558167505e-06, 2.31621334024e-06, 3.13200388291e-07, 3.79039050813e-07, 3.27685279444e-06, 1.48046709114e-07, 3.48443592202e-07, 1.49814702866e-08, 1.72855774139e-08, 1.11054303531e-08, 6.92492685417e-09, 2.45027953483e-09, 1.93500304668e-09, 5.42901334999e-10, 2.97175895003e-10, 1.22207077791e-10, 3.74350758725e-11, 5.89451334965e-11, 1.04737806969e-11, 4.07302718029e-13, 1.23843575911e-13, 5.72407179707e-14, 9.36362397124e-15, 1.6866590996e-14, 7.01547449148e-14, 2.37535079937e-15, 9.11032850925e-16, 3.15231082848e-15, 6.45438205835e-16, 1.91128122579e-14, 1.46145980517e-14, 2.79052357495e-16, 6.30154099813e-15, 3.67268657842e-15, 7.94174914972e-17]}, "mfcc": {"mean": [-810.295959473, 223.745407104, -11.2192602158, -0.405515432358, 7.27961683273, -7.07789850235, 2.46393322945, 1.92747414112, -3.3597574234, -0.0161401256919, -4.09765338898, -0.357915997505, 0.93820142746], "cov": [[10021.4091797, 5374.78808594, -945.53527832, 384.868621826, 215.087295532, -158.447402954, 104.292297363, 57.8068199158, 1.33708131313, 258.119537354, 65.095085144, 75.1259384155, -4.0263543129], [5374.78808594, 3789.30102539, -169.524932861, 169.197967529, 373.290710449, 39.5958213806, 203.146682739, 97.7567520142, 77.3810577393, 180.73324585, 52.2515449524, 55.1639175415, 68.4225387573], [-945.53527832, -169.524932861, 635.821105957, 139.18788147, 134.096954346, 123.927597046, 197.791885376, 174.046463013, 140.677658081, 119.337394714, 26.8583602905, 47.2330474854, 63.6103401184], [384.868621826, 169.197967529, 139.18788147, 404.42074585, 101.128768921, 37.1360282898, 185.155715942, 109.089691162, 71.9346389771, 135.989837646, 70.0352401733, 117.915977478, 89.6338195801], [215.087295532, 373.290710449, 134.096954346, 101.128768921, 248.926376343, 121.670898438, 135.371490479, 75.1201400757, 83.3979187012, 83.3065795898, 54.8356208801, 39.6013221741, 42.4700965881], [-158.447402954, 39.5958213806, 123.927597046, 37.1360282898, 121.670898438, 249.397659302, 84.6022109985, 53.1695632935, 82.5692596436, 18.6086521149, 26.7924423218, 8.91368770599, 20.9131526947], [104.292297363, 203.146682739, 197.791885376, 185.155715942, 135.371490479, 84.6022109985, 365.959655762, 173.050689697, 133.168807983, 113.906974792, 31.9403839111, 65.9155578613, 82.6280593872], [57.8068199158, 97.7567520142, 174.046463013, 109.089691162, 75.1201400757, 53.1695632935, 173.050689697, 259.085296631, 102.400718689, 119.252975464, 28.8615226746, 35.5808830261, 7.01042985916], [1.33708131313, 77.3810577393, 140.677658081, 71.9346389771, 83.3979187012, 82.5692596436, 133.168807983, 102.400718689, 165.378143311, 87.2130966187, 31.2124938965, 11.1222887039, 21.746553421], [258.119537354, 180.73324585, 119.337394714, 135.989837646, 83.3065795898, 18.6086521149, 113.906974792, 119.252975464, 87.2130966187, 215.310134888, 69.6355514526, 39.5602912903, 4.8003282547], [65.095085144, 52.2515449524, 26.8583602905, 70.0352401733, 54.8356208801, 26.7924423218, 31.9403839111, 28.8615226746, 31.2124938965, 69.6355514526, 120.321372986, 69.1596679688, 16.1189689636], [75.1259384155, 55.1639175415, 47.2330474854, 117.915977478, 39.6013221741, 8.91368770599, 65.9155578613, 35.5808830261, 11.1222887039, 39.5602912903, 69.1596679688, 175.284255981, 74.7232971191], [-4.0263543129, 68.4225387573, 63.6103401184, 89.6338195801, 42.4700965881, 20.9131526947, 82.6280593872, 7.01042985916, 21.746553421, 4.8003282547, 16.1189689636, 74.7232971191, 146.118301392]], "icov": [[0.000973233138211, -0.00138639390934, 0.00117009424139, -0.000979823060334, 0.00114681664854, -7.15105707059e-05, 0.000211362843402, -0.000232207268709, -0.000398911273805, -0.000340711063473, 0.000159293020261, -6.56496777083e-05, 0.000422782206442], [-0.00138639390934, 0.00232916651294, -0.00139452551957, 0.00140198552981, -0.0023166926112, 0.000261226930888, -0.000336665223585, 0.000279005675111, 0.000586655107327, 0.000254091486568, 4.13760517404e-06, 7.82409115345e-05, -0.000704977428541], [0.00117009424139, -0.00139452551957, 0.00389773678035, -0.00124518515076, 0.000583684362937, -0.000483987823827, 0.000133170586196, -0.00111480324995, -0.00120756251272, -0.00101741298568, 0.000942117301747, -0.000205438162084, -0.000155654532136], [-0.000979823060334, 0.00140198552981, -0.00124518515076, 0.00530118588358, -0.00133701029699, 0.000100863937405, -0.00131137704011, 0.000163255826919, 0.000836798048113, -0.00148886872921, -0.000327821704559, -0.00139591156039, -0.00161105708685], [0.00114681664854, -0.0023166926112, 0.000583684362937, -0.00133701029699, 0.00954941380769, -0.00289862300269, -0.000935817486607, 0.000196673805476, -0.000638196244836, -0.00118324963842, -0.00178762536962, 0.000282523571514, 2.81101929431e-05], [-7.15105707059e-05, 0.000261226930888, -0.000483987823827, 0.000100863937405, -0.00289862300269, 0.00623336387798, -1.25915239551e-05, -0.000187011624803, -0.00212993752211, 0.00180398533121, -0.000760090537369, 0.00035515462514, 0.000150930107338], [0.000211362843402, -0.000336665223585, 0.000133170586196, -0.00131137704011, -0.000935817486607, -1.25915239551e-05, 0.00616193143651, -0.0023593371734, -0.00228373892605, -0.000187517201994, 0.00123397540301, -0.000282773282379, -0.00183302653022], [-0.000232207268709, 0.000279005675111, -0.00111480324995, 0.000163255826919, 0.000196673805476, -0.000187011624803, -0.0023593371734, 0.00745365861803, -0.00125697511248, -0.00196823524311, 0.000758734124247, -0.00104164506774, 0.00189500628039], [-0.000398911273805, 0.000586655107327, -0.00120756251272, 0.000836798048113, -0.000638196244836, -0.00212993752211, -0.00228373892605, -0.00125697511248, 0.0118524273857, -0.00223566498607, -0.00124100840185, 0.00172759627458, -0.000868359114975], [-0.000340711063473, 0.000254091486568, -0.00101741298568, -0.00148886872921, -0.00118324963842, 0.00180398533121, -0.000187517201994, -0.00196823524311, -0.00223566498607, 0.0098379002884, -0.00396092887968, 0.000813301710878, 0.00154462514911], [0.000159293020261, 4.13760517404e-06, 0.000942117301747, -0.000327821704559, -0.00178762536962, -0.000760090537369, 0.00123397540301, 0.000758734124247, -0.00124100840185, -0.00396092887968, 0.0142631446943, -0.0054522594437, 0.00121720053721], [-6.56496777083e-05, 7.82409115345e-05, -0.000205438162084, -0.00139591156039, 0.000282523571514, 0.00035515462514, -0.000282773282379, -0.00104164506774, 0.00172759627458, 0.000813301710878, -0.0054522594437, 0.0105395754799, -0.00408797618002], [0.000422782206442, -0.000704977428541, -0.000155654532136, -0.00161105708685, 2.81101929431e-05, 0.000150930107338, -0.00183302653022, 0.00189500628039, -0.000868359114975, 0.00154462514911, 0.00121720053721, -0.00408797618002, 0.0111922016367]]}, "spectral_contrast_coeffs": {"dmean": [0.0356848202646, 0.0372147150338, 0.0346126630902, 0.0263389311731, 0.0166138056666, 0.0220800861716], "dmean2": [0.0556308813393, 0.0614749230444, 0.052871376276, 0.0426500700414, 0.0269113276154, 0.0382207259536], "dvar": [0.00100477167871, 0.00122524611652, 0.0010536131449, 0.000601689156611, 0.000223163966439, 0.000570135598537], "dvar2": [0.00242857262492, 0.00319078261964, 0.00237939017825, 0.00151175877545, 0.000535618979484, 0.0016536724288], "max": [-0.242027997971, -0.364560544491, -0.419492155313, -0.48541200161, -0.521708607674, -0.61247998476], "mean": [-0.661312222481, -0.663876891136, -0.690202653408, -0.726560592651, -0.756587982178, -0.80190974474], "median": [-0.67909270525, -0.669070124626, -0.692986607552, -0.731570720673, -0.762765944004, -0.800332248211], "min": [-0.97792506218, -0.976766884327, -0.965790748596, -0.967645764351, -0.962145328522, -0.957843661308], "var": [0.01295396965, 0.00945930276066, 0.00672530196607, 0.00515896314755, 0.00386727857403, 0.00273993215524]}, "spectral_contrast_valleys": {"dmean": [0.356119722128, 0.30170404911, 0.266778677702, 0.247513502836, 0.192288219929, 0.364296764135], "dmean2": [0.566627383232, 0.484672307968, 0.435291975737, 0.394333958626, 0.299