{"lowlevel": {"average_loudness": 0.902713060379, "barkbands_crest": {"dmean": 2.51604247093, "dmean2": 3.93049645424, "dvar": 6.44218063354, "dvar2": 14.0386276245, "max": 26.4589004517, "mean": 11.157078743, "median": 10.1890449524, "min": 2.08753323555, "var": 25.6731624603}, "barkbands_flatness_db": {"dmean": 0.0318123064935, "dmean2": 0.0444559566677, "dvar": 0.00113946513738, "dvar2": 0.00224745483138, "max": 0.409793019295, "mean": 0.157388731837, "median": 0.145492091775, "min": 0.0204247198999, "var": 0.00551332347095}, "barkbands_kurtosis": {"dmean": 4.76602602005, "dmean2": 7.22801542282, "dvar": 110.990959167, "dvar2": 270.936645508, "max": 400.451568604, "mean": 7.33755350113, "median": 3.24719047546, "min": -1.81195735931, "var": 211.111419678}, "barkbands_skewness": {"dmean": 0.728688001633, "dmean2": 1.08878195286, "dvar": 0.68909060955, "dvar2": 1.52627110481, "max": 18.1702365875, "mean": 1.92998731136, "median": 1.69985985756, "min": -2.96691322327, "var": 2.639554739}, "barkbands_spread": {"dmean": 7.36198806763, "dmean2": 11.1084938049, "dvar": 85.326751709, "dvar2": 187.751358032, "max": 86.3276443481, "mean": 20.1193561554, "median": 16.2595977783, "min": 0.741612017155, "var": 208.94090271}, "dissonance": {"dmean": 0.0225688591599, "dmean2": 0.0356098785996, "dvar": 0.000551956240088, "dvar2": 0.00133446534164, "max": 0.5, "mean": 0.450265407562, "median": 0.460092633963, "min": 0.215198621154, "var": 0.00162267975975}, "dynamic_complexity": 3.95082497597, "erbbands_crest": {"dmean": 2.58394408226, "dmean2": 4.06574773788, "dvar": 6.89106893539, "dvar2": 15.2493696213, "max": 32.533782959, "mean": 8.53042888641, "median": 7.56745672226, "min": 2.51403832436, "var": 16.7779922485}, "erbbands_flatness_db": {"dmean": 0.0236119069159, "dmean2": 0.0312474630773, "dvar": 0.000764909782447, "dvar2": 0.00127994373906, "max": 0.429620653391, "mean": 0.154541149735, "median": 0.142284855247, "min": 0.0391453653574, "var": 0.00425144517794}, "erbbands_kurtosis": {"dmean": 1.11728608608, "dmean2": 1.74907183647, "dvar": 3.69161462784, "dvar2": 9.19074058533, "max": 37.4392967224, "mean": 0.578269481659, "median": -0.129659891129, "min": -1.76920330524, "var": 5.59512138367}, "erbbands_skewness": {"dmean": 0.426612317562, "dmean2": 0.648710310459, "dvar": 0.250853270292, "dvar2": 0.576052963734, "max": 5.80574369431, "mean": 0.367273032665, "median": 0.304354071617, "min": -2.98155617714, "var": 0.626555025578}, "erbbands_spread": {"dmean": 10.6178617477, "dmean2": 15.0736408234, "dvar": 135.437698364, "dvar2": 263.270477295, "max": 159.245162964, "mean": 41.2315177917, "median": 37.971534729, "min": 2.72146868706, "var": 508.126861572}, "hfc": {"dmean": 12.3448162079, "dmean2": 19.369644165, "dvar": 537.864074707, "dvar2": 1369.35656738, "max": 170.525878906, "mean": 18.3862361908, "median": 8.99123573303, "min": 1.14338264397e-16, "var": 604.138244629}, "melbands_crest": {"dmean": 3.15706396103, "dmean2": 4.80038976669, "dvar": 10.580868721, "dvar2": 22.6370735168, "max": 35.9447746277, "mean": 15.6240568161, "median": 13.7906751633, "min": 1.86518239975, "var": 52.4622802734}, "melbands_flatness_db": {"dmean": 0.0395218729973, "dmean2": 0.0555768758059, "dvar": 0.00184301426634, "dvar2": 0.00367717514746, "max": 0.53717559576, "mean": 0.223143413663, "median": 0.212755694985, "min": 0.00471576116979, "var": 0.00982204638422}, "melbands_kurtosis": {"dmean": 12.2176570892, "dmean2": 18.4226951599, "dvar": 909.465087891, "dvar2": 1888.65856934, "max": 1256.10461426, "mean": 22.6813735962, "median": 10.7369470596, "min": -1.7832698822, "var": 2184.79174805}, "melbands_skewness": {"dmean": 0.963105916977, "dmean2": 1.43977689743, "dvar": 1.32944560051, "dvar2": 2.71194410324, "max": 27.6194095612, "mean": 3.21184372902, "median": 2.76569652557, "min": -1.33112037182, "var": 5.72266340256}, "melbands_spread": {"dmean": 8.96149921417, "dmean2": 14.555355072, "dvar": 188.871795654, "dvar2": 459.372283936, "max": 199.846221924, "mean": 21.0953178406, "median": 14.0932826996, "min": 0.373381912708, "var": 409.976654053}, "pitch_salience": {"dmean": 0.076295606792, "dmean2": 0.118776991963, "dvar": 0.00651174923405, "dvar2": 0.0138383433223, "max": 0.904207527637, "mean": 0.537330508232, "median": 0.569047808647, "min": 0.040795199573, "var": 0.0235465317965}, "silence_rate_20dB": {"dmean": 0, "dmean2": 0, "dvar": 0, "dvar2": 0, "max": 1, "mean": 1, "median": 1, "min": 1, "var": 0}, "silence_rate_30dB": {"dmean": 0.0401862300932, "dmean2": 0.0803921595216, "dvar": 0.0385725535452, "dvar2": 0.0886385142803, "max": 1, "mean": 0.954434096813, "median": 1, "min": 0, "var": 0.0434889793396}, "silence_rate_60dB": {"dmean": 0.044596914202, "dmean2": 0.0892156884074, "dvar": 0.0426070503891, "dvar2": 0.0974370241165, "max": 1, "mean": 0.134737879038, "median": 0, "min": 0, "var": 0.116587124765}, "spectral_centroid": {"dmean": 348.914916992, "dmean2": 549.353881836, "dvar": 236231.671875, "dvar2": 514713.09375, "max": 11265.8125, "mean": 1325.68164062, "median": 1208.18334961, "min": 231.396224976, "var": 648808}, "spectral_complexity": {"dmean": 5.01837778091, "dmean2": 7.66004896164, "dvar": 53.0107421875, "dvar2": 112.756286621, "max": 60, "mean": 15.3113670349, "median": 13, "min": 0, "var": 120.7762146}, "spectral_decrease": {"dmean": 3.3864440141e-09, "dmean2": 5.12896081162e-09, "dvar": 3.19534675935e-17, "dvar2": 7.47043288634e-17, "max": 1.34043129219e-29, "mean": -8.13916312126e-09, "median": -5.3374789033e-09, "min": -5.40951461403e-08, "var": 8.07820086357e-17}, "spectral_energy": {"dmean": 0.0135781364515, "dmean2": 0.0206306800246, "dvar": 0.000493417668622, "dvar2": 0.00114055990707, "max": 0.210647270083, "mean": 0.0323867462575, "median": 0.0214160904288, "min": 1.03202268241e-20, "var": 0.00123214640189}, "spectral_energyband_high": {"dmean": 0.00102263304871, "dmean2": 0.00163356598932, "dvar": 4.4348666961e-06, "dvar2": 1.16053224701e-05, "max": 0.0162156391889, "mean": 0.00112260552123, "median": 0.000279376807157, "min": 7.37662464272e-21, "var": 4.39015184384e-06}, "spectral_energyband_low": {"dmean": 0.00992884580046, "dmean2": 0.0156374908984, "dvar": 0.000397366151446, "dvar2": 0.00102758349385, "max": 0.190084636211, "mean": 0.0197433587164, "median": 0.00966408289969, "min": 2.73168710635e-23, "var": 0.000856113387272}, "spectral_energyband_middle_high": {"dmean": 0.00246605579741, "dmean2": 0.00405077403411, "dvar": 2.40873032453e-05, "dvar2": 6.37653429294e-05, "max": 0.0410392805934, "mean": 0.00367499724962, "median": 0.00194980506785, "min": 1.53473547967e-21, "var": 2.60918222921e-05}, "spectral_energyband_middle_low": {"dmean": 0.00515579711646, "dmean2": 0.00895119737834, "dvar": 0.000171225401573, "dvar2": 0.000468298618216, "max": 0.118051603436, "mean": 0.00925189256668, "median": 0.0070204557851, "min": 3.39588009442e-22, "var": 0.000135325331939}, "spectral_entropy": {"dmean": 0.255346775055, "dmean2": 0.354436814785, "dvar": 0.0886085182428, "dvar2": 0.178671181202, "max": 9.79990959167, "mean": 7.50909566879, "median": 7.64546489716, "min": 5.37213993073, "var": 0.373562783003}, "spectral_flux": {"dmean": 0.0367852561176, "dmean2": 0.0546898506582, "dvar": 0.00226682564244, "dvar2": 0.00399231165648, "max": 0.403562515974, "mean": 0.0809007138014, "median": 0.0547984726727, "min": 6.55570320252e-11, "var": 0.00552595965564}, "spectral_kurtosis": {"dmean": 3.22402191162, "dmean2": 5.20926856995, "dvar": 55.579662323, "dvar2": 143.980056763, "max": 160.128540039, "mean": 6.19244670868, "median": 3.19007015228, "min": -1.24429738522, "var": 96.0587768555}, "spectral_rms": {"dmean": 0.00104455486871, "dmean2": 0.00155232835095, "dvar": 2.08984806704e-06, "dvar2": 4.28237808592e-06, "max": 0.0143356034532, "mean": 0.0048285103403, "median": 0.00457096798345, "min": 3.17309221433e-12, "var": 8.28240627015e-06}, "spectral_rolloff": {"dmean": 650.792419434, "dmean2": 1095.99743652, "dvar": 1158585.375, "dvar2": 2615626.25, "max": 18841.5527344, "mean": 1407.81066895, "median": 796.728515625, "min": 64.599609375, "var": 2632923.75}, "spectral_skewness": {"dmean": 0.364718824625, "dmean2": 0.558625161648, "dvar": 0.30038407445, "dvar2": 0.731690227985, "max": 9.00645446777, "mean": 1.6492125988, "median": 1.41161489487, "min": -0.14834536612, "var": 0.763258874416}, "spectral_spread": {"dmean": 704752.25, "dmean2": 943826.125, "dvar": 1214964039680.0, "dvar2": 1929241296900.0, "max": 41975420, "mean": 4855600, "median": 4796965, "min": 498529.5, "var": 4933907644420.0}, "spectral_strongpeak": {"dmean": 0.303396016359, "dmean2": 0.49929741025, "dvar": 0.454613059759, "dvar2": 1.16751015186, "max": 9.83330059052, "mean": 0.601474285126, "median": 0.446827769279, "min": 0, "var": 0.541439533234}, "zerocrossingrate": {"dmean": 0.0125187132508, "dmean2": 0.0142982630059, "dvar": 0.000190031059901, "dvar2": 0.000222468734137, "max": 0.51025390625, "mean": 0.0557725578547, "median": 0.045654296875, "min": 0.001953125, "var": 0.00174776499625}, "barkbands": {"dmean": [0.000307254027575, 0.00678388494998, 0.00420028949156, 0.00191626918968, 0.00260820589028, 0.000602239102591, 0.0004075349716, 0.000367059750715, 0.000391751964344, 0.000655539624859, 0.000196636217879, 0.000305392168229, 0.000196558612515, 0.000305912195472, 0.00045616083662, 0.000276290404145, 0.000273712328635, 0.000158097449457, 0.000248922238825, 0.000272921577562, 0.000270121352514, 0.000183442884008, 0.000175321198185, 0.000142837248859, 9.40544559853e-05, 3.66970234609e-05, 1.78284262802e-05], "dmean2": [0.000275631377008, 0.0106879035011, 0.00702412053943, 0.00338148069568, 0.00480693159625, 0.00098367233295, 0.000601126172114, 0.000554178317543, 0.00056742731249, 0.00101622054353, 0.00033438281389, 0.000497602391988, 0.000314736709697, 0.000513499137014, 0.000774078944232, 0.000481304887217, 0.000464575045044, 0.000274201360298, 0.000438424642198, 0.000466233293992, 0.000468477664981, 0.000295310193906, 0.000275128608337, 0.000223711453145, 0.000138602816151, 5.59137224627e-05, 2.87787024718e-05], "dvar": [5.17876515005e-07, 0.000186030651093, 0.000187362951692, 3.8804824726e-05, 6.03338412475e-05, 1.4437050595e-06, 4.99976692936e-07, 7.77214552272e-07, 1.00930492408e-06, 2.06775985134e-06, 2.03002713306e-07, 7.29933560706e-07, 4.34888221434e-07, 8.58310272633e-07, 2.37629296862e-06, 5.39457005289e-07, 4.22929872457e-07, 1.52621282723e-07, 4.49903126309e-07, 3.73932778075e-07, 5.34971093202e-07, 1.45085493841e-07, 1.47991258359e-07, 9.86574875128e-08, 3.88633196735e-08, 7.25970128457e-09, 2.29834462573e-09], "dvar2": [3.81294114504e-07, 0.00050330045633, 0.000489254773129, 0.00010966269474, 0.00017438713985, 3.83081396649e-06, 1.03210084035e-06, 1.7613788259e-06, 2.0261948066e-06, 4.97575365443e-06, 5.37761081887e-07, 1.91005710803e-06, 1.00939428194e-06, 2.2732783691e-06, 6.28176439932e-06, 1.47502805703e-06, 1.13772625809e-06, 4.18452231088e-07, 1.25247061078e-06, 1.00323745755e-06, 1.51390952396e-06, 3.85999641139e-07, 3.63627236766e-07, 2.50343532571e-07, 9.39025426305e-08, 1.65692881637e-08, 5.48223955121e-09], "max": [0.00771740358323, 0.11842866987, 0.123031176627, 0.0653546452522, 0.0678867697716, 0.0192857310176, 0.0115450900048, 0.0125304469839, 0.0207180324942, 0.0180541425943, 0.00578761519864, 0.0121775921434, 0.0120584089309, 0.0133523959666, 0.0236652810127, 0.00860495120287, 0.0080106947571, 0.00722933607176, 0.00746541377157, 0.00493873283267, 0.0105626508594, 0.00364318839274, 0.00322966300882, 0.00215876218863, 0.00137506786268, 0.00102597905789, 0.000470174156362], "mean": [0.000676133320667, 0.0135169485584, 0.00434677675366, 0.00195955275558, 0.00346584222279, 0.00133385765366, 0.000812666141428, 0.00063175521791, 0.000660411373246, 0.000965658749919, 0.000225631345529, 0.000383058708394, 0.00024101609597, 0.00036245645606, 0.000504785100929, 0.000243563976255, 0.000340369093465, 0.000177817215445, 0.000268913368927, 0.000279073487036, 0.000270475953585, 0.00021993352857, 0.000188329751836, 0.000152409920702, 0.000101142664789, 4.08107880503e-05, 1.73942135007e-05], "median": [6.39407380731e-06, 0.00467703677714, 0.00106425513513, 0.000603641732596, 0.00242176395841, 0.000892531941645, 0.000434871704783, 0.000278265448287, 0.000208552984986, 0.000403730256949, 7.61839837651e-05, 0.000113837049867, 5.19079512742e-05, 9.28219378693e-05, 0.000127484818222, 5.77788850933e-05, 8.76493941178e-05, 5.03345145262e-05, 6.72536552884e-05, 6.18979102001e-05, 6.16806573817e-05, 5.13839404448e-05, 3.48713692802e-05, 2.63394758804e-05, 1.31395481731e-05, 5.27940756001e-06, 1.32117952489e-06], "min": [2.19649897969e-24, 1.19848103233e-23, 5.20072762859e-24, 2.39203846821e-24, 1.85012983828e-23, 3.81059165604e-23, 3.62167871744e-23, 2.93141217251e-23, 4.01322036142e-23, 4.47819643597e-23, 6.11305859722e-23, 8.12676994603e-23, 6.3068836149e-23, 4.72543838099e-23, 9.15870540187e-23, 1.40251908505e-22, 1.25295383421e-22, 1.8093895586e-22, 2.29556125282e-22, 2.57586284376e-22, 3.38574910092e-22, 4.03576190401e-22, 5.42852625066e-22, 7.19238035967e-22, 9.91266407142e-22, 1.73752539036e-21, 2.23692578972e-21], "var": [2.82576274913e-06, 0.000497080560308, 0.000141812866786, 2.47715634032e-05, 3.78626355086e-05, 2.44343345912e-06, 1.25925714656e-06, 1.4127765553e-06, 1.90055413896e-06, 2.68377743851e-06, 2.04623717082e-07, 7.55971541366e-07, 6.73847580401e-07, 7.8155750316e-07, 2.06178538065e-06, 3.93094722995e-07, 4.64794624122e-07, 1.37910603826e-07, 3.73335069526e-07, 3.26785908555e-07, 3.84731521308e-07, 1.58923626259e-07, 1.53231823674e-07, 9.81692949154e-08, 4.28387672002e-08, 7.90254439664e-09, 2.13648654324e-09]}, "erbbands": {"dmean": [0.234861075878, 1.53011667728, 4.56126642227, 5.82653331757, 7.89215183258, 8.81415843964, 5.59847927094, 4.60619497299, 6.33819818497, 6.15975379944, 7.63878679276, 9.014295578, 15.9799604416, 17.0924797058, 8.1512928009, 13.7739934921, 9.47915267944, 16.0045890808, 20.5045337677, 18.2133541107, 15.4483327866, 13.591668129, 9.90501594543, 10.891078949, 12.3800182343, 12.8242588043, 14.0592899323, 7.78789663315, 7.36201572418, 5.81594657898, 5.03337430954, 3.2967171669, 2.15167498589, 1.22077047825, 0.58638048172, 0.180632695556, 0.0674887150526, 0.019173944369, 0.00313315051608, 0.00014655313862], "dmean2": [0.299586355686, 2.49218845367, 7.59417581558, 9.87689208984, 14.5464248657, 16.0880260468, 9.08193588257, 7.66241693497, 9.60397911072, 9.12331008911, 11.5006227493, 12.8370313644, 24.8092250824, 26.8175239563, 13.6076869965, 22.1064128876, 15.0694179535, 26.7851848602, 34.1365203857, 31.3629264832, 26.5834693909, 23.4332084656, 17.2228412628, 19.1541881561, 21.1634464264, 21.7290973663, 25.0399646759, 12.8828687668, 11.8739519119, 9.42153167725, 7.90569400787, 5.13650655746, 3.4188888073, 1.83384275436, 0.873895764351, 0.271486103535, 0.103759035468, 0.0306057147682, 0.00501482747495, 0.000228586373851], "dvar": [0.264707744122, 10.1218385696, 202.504501343, 346.359527588, 643.057189941, 623.599365234, 116.626609802, 100.667045593, 115.018791199, 171.987548828, 446.489013672, 634.057067871, 1066.4239502, 2975.3359375, 296.206085205, 1373.15490723, 1090.1751709, 2365.56103516, 3879.44897461, 2428.64038086, 1614.82971191, 1244.7635498, 557.465759277, 826.216125488, 904.641601562, 859.12713623, 2148.02001953, 263.93637085, 224.167175293, 175.183135986, 126.90007019, 50.8907394409, 23.4116916656, 7.23849487305, 1.59637105465, 0.157441154122, 0.0267428979278, 0.00253001367673, 6.93794281688e-05, 1.60883459444e-07], "dvar2": [0.534996509552, 27.585105896, 526.447753906, 930.819763184, 1843.40039062, 1797.87609863, 306.481018066, 275.147796631, 260.877838135, 325.323120117, 1008.92932129, 1159.87658691, 2636.3515625, 7123.70214844, 772.640869141, 3487.54296875, 2533.14111328, 6344.24755859, 9967.79785156, 6421.78271484, 4361.4296875, 3429.3659668, 1534.84411621, 2326.74780273, 2400.8371582, 2297.80419922, 6183.25683594, 707.129272461, 585.290893555, 475.063476562, 308.032989502, 127.420272827, 59.3713493347, 18.2002315521, 3.7931022644, 0.355119794607, 0.0621082484722, 0.00622312445194, 0.000166576777701, 3.3384273479e-07], "max": [5.19848108292, 31.4103908539, 123.485832214, 226.41456604, 222.090240479, 220.948791504, 150.165847778, 192.273880005, 176.829238892, 214.184661865, 423.5128479, 590.256103516, 440.408691406, 920.189819336, 221.563430786, 469.08795166, 648.953308105, 716.223632812, 832.910400391, 629.374389648, 418.912780762, 418.706573486, 327.21673584, 343.010681152, 303.696716309, 313.364959717, 713.975341797, 179.19593811, 128.400939941, 138.384429932, 94.0578460693, 48.8617935181, 34.5222053528, 22.0798053741, 10.9283761978, 4.6677441597, 2.06050801277, 0.519308149815, 0.0806609243155, 0.00509988004342], "mean": [0.489793866873, 2.60190439224, 5.20996761322, 6.28078699112, 8.76151561737, 12.0264616013, 11.2825918198, 9.40486335754, 13.0157594681, 11.6816129684, 13.8547668457, 16.4417533875, 25.175579071, 23.2471790314, 10.4795885086, 18.1923980713, 12.3943796158, 19.1961154938, 24.9742431641, 18.5247402191, 15.9849720001, 15.2704429626, 11.4481201172, 11.7493371964, 14.3762407303, 13.4557342529, 12.8034687042, 8.64304351807, 8.93886756897, 6.13493967056, 5.48205327988, 3.62518787384, 2.20110964775, 1.30069446564, 0.619031488895, 0.205418676138, 0.0733537748456, 0.0190867967904, 0.00308653339744, 0.000178357498953], "median": [0.0593899637461, 1.21557211876, 1.56532907486, 2.95485544205, 5.55372810364, 6.92795753479, 7.19995212555, 5.91778278351, 7.14170694351, 5.91665554047, 5.83840656281, 5.94152784348, 11.1296834946, 7.60560512543, 5.03978872299, 5.52440452576, 3.4077911377, 5.43966531754, 7.42576694489, 4.78546094894, 4.4179058075, 4.35709285736, 3.63462114334, 3.17350745201, 3.61150288582, 3.22837138176, 2.68061447144, 2.05137705803, 2.03760814667, 1.3232126236, 1.0278853178, 0.644621551037, 0.341716140509, 0.191813364625, 0.0739318206906, 0.0280773174018, 0.00816063210368, 0.00161309004761, 0.000254665850662, 4.54743567389e-05], "min": [2.52074052537e-22, 2.92488318101e-21, 9.95731990955e-21, 6.83289071487e-21, 2.97964253756e-20, 8.28003786509e-20, 1.04613713015e-19, 3.68399568256e-19, 4.55143982842e-19, 2.01559526376e-19, 9.67525451953e-19, 9.85515389505e-19, 1.50286960996e-18, 1.89923832608e-18, 2.89666780474e-18, 3.40541820946e-18, 3.564035055e-18, 3.32822592149e-18, 4.51519225699e-18, 4.60795808115e-18, 7.2013144717e-18, 7.20005632999e-18, 7.0898287231e-18, 1.21526273669e-17, 9.38774225504e-18, 1.14043846002e-17, 9.67744902969e-18, 1.69255959861e-17, 1.36746984238e-17, 1.49994066681e-17, 1.82323362132e-17, 1.35383616881e-17, 1.36291472418e-17, 1.05059986262e-17, 7.87193212817e-18, 4.61748099795e-18, 3.20857879538e-18, 1.21443224735e-18, 3.09689958991e-19, 3.43518608741e-20], "var": [1.03549695015, 17.1311893463, 161.326278687, 244.874420166, 386.084411621, 413.572784424, 216.979202271, 135.525192261, 280.310455322, 392.640899658, 769.171081543, 1319.17749023, 1496.18676758, 3272.9230957, 304.791503906, 1608.46777344, 1650.7755127, 2120.94604492, 3872.79003906, 2128.68896484, 1335.86083984, 1055.44384766, 508.772888184, 674.453369141, 862.265075684, 775.863647461, 1339.83093262, 259.125549316, 257.949523926, 160.039505005, 132.37739563, 53.4048156738, 22.1654834747, 7.38047742844, 1.75356972218, 0.180079743266, 0.028059495613, 0.0023302489426, 6.45853433525e-05, 1.78486686764e-07]}, "gfcc": {"mean": [-33.2941207886, 89.0617446899, -109.913139343, 27.2595939636, -57.1731033325, 7.83259105682, -29.8857421875, 1.5892111063, -19.2974853516, -0.478845030069, -15.48138237, -1.57050681114, -5.50384664536], "cov": [[16860.0058594, -2060.49829102, 2007.47729492, 1714.69299316, 266.491333008, 1057.85876465, -66.0222091675, 565.944885254, -79.182182312, 350.262695312, -220.329727173, 130.355026245, -213.029144287], [-2060.49829102, 3467.61425781, 155.401290894, -77.4252624512, 685.886352539, -322.704345703, 481.178131104, -205.175720215, 329.200286865, -87.6140060425, 249.00289917, -141.09664917, 199.574813843], [2007.47729492, 155.401290894, 1698.98217773, 539.744506836, 307.649780273, 366.16204834, 139.778076172, 174.737457275, 27.7732944489, 129.814727783, 20.2709445953, 59.1435050964, -27.5095920563], [1714.69299316, -77.4252624512, 539.744506836, 728.450317383, 244.634292603, 295.683410645, 122.947570801, 109.060096741, 25.3017272949, 82.5465393066, 45.5128746033, 32.730091095, -5.62846279144], [266.491333008, 685.886352539, 307.649780273, 244.634292603, 508.295593262, 164.226715088, 225.327804565, 61.047416687, 122.02910614, 46.6587600708, 78.0598068237, -7.47529840469, 29.6000843048], [1057.85876465, -322.704345703, 366.16204834, 295.683410645, 164.226715088, 516.93359375, 139.451919556, 198.866516113, 27.3923931122, 90.5534896851, 19.5232925415, 31.2655944824, -21.9264469147], [-66.0222091675, 481.178131104, 139.778076172, 122.947570801, 225.327804565, 139.451919556, 278.750640869, 95.0765609741, 116.260734558, 37.1870346069, 68.7834320068, 2.21089029312, 33.6503334045], [565.944885254, -205.175720215, 174.737457275, 109.060096741, 61.047416687, 198.866516113, 95.0765609741, 205.583282471, 66.0687637329, 62.1585388184, 8.28140258789, 35.4387779236, 0.822177827358], [-79.182182312, 329.200286865, 27.7732944489, 25.3017272949, 122.02910614, 27.3923931122, 116.260734558, 66.0687637329, 163.543258667, 67.021484375, 53.8052444458, -4.9450507164, 28.4463024139], [350.262695312, -87.6140060425, 129.814727783, 82.5465393066, 46.6587600708, 90.5534896851, 37.1870346069, 62.1585388184, 67.021484375, 143.353546143, 53.8925476074, 17.0153465271, -13.1419286728], [-220.329727173, 249.00289917, 20.2709445953, 45.5128746033, 78.0598068237, 19.5232925415, 68.7834320068, 8.28140258789, 53.8052444458, 53.8925476074, 111.647247314, 30.9369869232, 26.4407520294], [130.355026245, -141.09664917, 59.1435050964, 32.730091095, -7.47529840469, 31.2655944824, 2.21089029312, 35.4387779236, -4.9450507164, 17.0153465271, 30.9369869232, 81.7790298462, 24.4686832428], [-213.029144287, 199.574813843, -27.5095920563, -5.62846279144, 29.6000843048, -21.9264469147, 33.6503334045, 0.822177827358, 28.4463024139, -13.1419286728, 26.4407520294, 24.4686832428, 85.8023757935]], "icov": [[9.82531128102e-05, -1.90260980162e-05, -2.53067155427e-05, -0.000197694214876, 2.82367841464e-06, -3.87419131584e-05, 0.00013681355631, -0.000129004169139, 1.76676257979e-05, -0.000182512638276, 0.000347424822394, -0.000148646751768, 0.000105335944681], [-1.90260980162e-05, 0.00135245639831, -0.000459381961264, 0.000431113119703, -0.000902582833078, 0.000739842944313, -0.00125044665765, 0.00123332790099, -0.00130650459323, 0.00176125438884, -0.00254163751379, 0.00265327165835, -0.00160351523664], [-2.53067155427e-05, -0.000459381961264, 0.00105137308128, -0.000492380349897, -8.91924864845e-05, -0.000319007551298, 0.000316909339745, -0.000559128064197, 0.000797504675575, -0.00114563701209, 0.00134147878271, -0.00139386788942, 0.000685027276631], [-0.000197694214876, 0.000431113119703, -0.000492380349897, 0.00275256694295, -0.000917734287214, -0.000450682302471, -0.000651941983961, 0.000663170183543, 0.000182141651749, 0.000444563309429, -0.00168895849492, 0.000914741074666, -0.000752828258555], [2.82367841464e-06, -0.000902582833078, -8.91924864845e-05, -0.000917734287214, 0.00455533759668, -0.00112558994442, -0.00110011734068, 0.000406680977903, -0.000939543067943, -0.000227464392083, 0.000680709723383, -0.000975285598543, 0.00093102682149], [-3.87419131584e-05, 0.000739842944313, -0.000319007551298, -0.000450682302471, -0.00112558994442, 0.00480020185933, -0.00179606978782, -0.00283878529444, 0.00185163179412, -0.000526430550963, -0.00128726474941, 0.0019335396355, -0.000451545172837], [0.00013681355631, -0.00125044665765, 0.000316909339745, -0.000651941983961, -0.00110011734068, -0.00179606978782, 0.00968828145415, -0.00341785349883, -0.00198088609613, 0.000814967497718, -0.00076009699842, -0.000746567326132, 0.000689422246069], [-0.000129004169139, 0.00123332790099, -0.000559128064197, 0.000663170183543, 0.000406680977903, -0.00283878529444, -0.00341785349883, 0.0129576055333, -0.0059517165646, 0.000533005222678, 0.00173861684743, -0.00286537315696, -0.000638033496216], [1.76676257979e-05, -0.00130650459323, 0.000797504675575, 0.000182141651749, -0.000939543067943, 0.00185163179412, -0.00198088609613, -0.0059517165646, 0.0161954518408, -0.00769519433379, 0.000646560045425, 0.00193623709492, -0.00231775268912], [-0.000182512638276, 0.00176125438884, -0.00114563701209, 0.000444563309429, -0.000227464392083, -0.000526430550963, 0.000814967497718, 0.000533005222678, -0.00769519433379, 0.0164607297629, -0.0101688047871, 0.00326405046508, 0.00200648442842], [0.000347424822394, -0.00254163751379, 0.00134147878271, -0.00168895849492, 0.000680709723383, -0.00128726474941, -0.00076009699842, 0.00173861684743, 0.000646560045425, -0.0101688047871, 0.0236100647599, -0.0125940367579, 0.00135533860885], [-0.000148646751768, 0.00265327165835, -0.00139386788942, 0.000914741074666, -0.000975285598543, 0.0019335396355, -0.000746567326132, -0.00286537315696, 0.00193623709492, 0.00326405046508, -0.0125940367579, 0.0250692684203, -0.00918675307184], [0.000105335944681, -0.00160351523664, 0.000685027276631, -0.000752828258555, 0.00093102682149, -0.000451545172837, 0.000689422246069, -0.000638033496216, -0.00231775268912, 0.00200648442842, 0.00135533860885, -0.00918675307184, 0.0183932743967]]}, "melbands": {"dmean": [0.00189853971824, 0.00214959518053, 0.00100053555798, 0.000650818983559, 0.000218973815208, 0.000108524764073, 9.28744120756e-05, 6.89228327246e-05, 6.49116554996e-05, 5.49040632905e-05, 8.07968899608e-05, 7.31846957933e-05, 2.76501050394e-05, 3.51361741195e-05, 2.73748446489e-05, 1.6831625544e-05, 3.37171950378e-05, 2.9439728678e-05, 3.31225310219e-05, 2.04111584026e-05, 1.82545954885e-05, 1.46937682075e-05, 1.18393018056e-05, 7.66595894675e-06, 9.25799668039e-06, 9.40023073781e-06, 8.70241274242e-06, 8.60019645188e-06, 9.48681918089e-06, 6.18237618255e-06, 4.22976290793e-06, 4.33149989476e-06, 3.36809512191e-06, 3.30399620907e-06, 3.25745622831e-06, 2.02242699743e-06, 2.08221536013e-06, 1.57830641001e-06, 1.18671675864e-06, 9.98028895083e-07], "dmean2": [0.00280978460796, 0.00338682415895, 0.00168856442906, 0.00120430800598, 0.000370229099644, 0.000179251539521, 0.000139341471368, 0.000103069716715, 9.58470918704e-05, 7.91055208538e-05, 0.000125340608065, 0.000114377624413, 4.65471348434e-05, 5.73086508666e-05, 4.33827226516e-05, 2.73368223134e-05, 5.64737019886e-05, 4.87128163513e-05, 5.68002142245e-05, 3.55605152436e-05, 3.12537304126e-05, 2.53622401942e-05, 2.02954652195e-05, 1.3283496628e-05, 1.63851818797e-05, 1.6400934328e-05, 1.47026821651e-05, 1.4821735931e-05, 1.70793427969e-05, 1.06822835733e-05, 7.07018352841e-06, 7.05954789737e-06, 5.57549537916e-06, 5.34370155947e-06, 5.18654724146e-06, 3.15103648063e-06, 3.33439061251e-06, 2.52759105024e-06, 1.87700447896e-06, 1.4970941038e-06], "dvar": [1.5765277567e-05, 3.05861904053e-05, 9.70293240243e-06, 4.01378929382e-06, 2.02091641199e-07, 5.03618444725e-08, 2.39030448768e-08, 2.1825863783e-08, 3.42518440277e-08, 1.95688460991e-08, 2.7613026532e-08, 5.25435979171e-08, 3.48981865628e-09, 9.31609367427e-09, 6.09602190949e-09, 2.49401699293e-09, 1.15750591334e-08, 6.30387742007e-09, 1.71218861311e-08, 2.57991539243e-09, 2.35057218134e-09, 1.57156798686e-09, 6.31701968512e-10, 3.94892452071e-10, 6.2474675433e-10, 6.06196426389e-10, 3.81038534059e-10, 4.27032686989e-10, 9.63408464116e-10, 2.98293362233e-10, 8.23283524687e-11, 7.71538874456e-11, 5.0999933443e-11, 5.98831886855e-11, 5.61046382963e-11, 1.79171417286e-11, 2.28856811973e-11, 1.31807828541e-11, 6.82022754245e-12, 5.00794284514e-12], "dvar2": [3.90414425055e-05, 7.66752418713e-05, 2.55108388956e-05, 1.1591612747e-05, 5.52823848921e-07, 1.36126018901e-07, 5.24274170743e-08, 4.22903418951e-08, 7.53851665536e-08, 3.68889807589e-08, 6.85225245434e-08, 1.24574683014e-07, 8.93455087692e-09, 2.44602258448e-08, 1.50207686289e-08, 6.09761752202e-09, 3.09971959211e-08, 1.59281388079e-08, 4.58591991048e-08, 6.96894186802e-09, 6.33835872677e-09, 4.33372449038e-09, 1.68393787803e-09, 1.1017582402e-09, 1.76794778817e-09, 1.66888314279e-09, 9.95057036768e-10, 1.15421705527e-09, 2.77201905874e-09, 8.38151104077e-10, 2.21807350265e-10, 2.01831093505e-10, 1.36432934394e-10, 1.59816077039e-10, 1.36949548923e-10, 4.15930762054e-11, 5.95733878894e-11, 3.35124393513e-11, 1.74344687992e-11, 1.25918529076e-11], "max": [0.0383630432189, 0.0536774173379, 0.0362039878964, 0.018397891894, 0.00480187963694, 0.00422378676012, 0.00248998519965, 0.00224132579751, 0.00398414209485, 0.00321018043905, 0.00223133806139, 0.00380159099586, 0.000851336633787, 0.00141082541086, 0.00105495739263, 0.000921424070839, 0.00158848275896, 0.000954766350333, 0.00217431620695, 0.000657143711578, 0.000562055036426, 0.0005659252638, 0.00022117048502, 0.000394021422835, 0.00030704587698, 0.000353955401806, 0.000203583782422, 0.000233292012126, 0.000442435964942, 0.000267143303063, 0.000105412538687, 8.26150499051e-05, 7.28854138288e-05, 7.89883342804e-05, 6.62586317048e-05, 3.41199774994e-05, 3.74460323656e-05, 2.62635567196e-05, 2.14175961446e-05, 2.01445836865e-05], "mean": [0.00396448560059, 0.00300704943947, 0.00112821313087, 0.000812217011116, 0.00041076776688, 0.000226446223678, 0.000191883504158, 0.000128010564367, 0.000117363211757, 9.65034632827e-05, 0.000124863508972, 9.74822396529e-05, 3.29208487528e-05, 4.48702921858e-05, 3.63254839613e-05, 2.02245064429e-05, 3.88647640648e-05, 3.68499931938e-05, 3.29045906255e-05, 1.95217471628e-05, 1.94282856683e-05, 1.63193017215e-05, 1.38717641676e-05, 8.58515340951e-06, 9.3635144367e-06, 1.05151739263e-05, 9.79327523964e-06, 8.51309414429e-06, 8.10008714325e-06, 6.5550329964e-06, 4.55783356301e-06, 5.23977405464e-06, 3.84580016544e-06, 3.33814341502e-06, 3.46759134118e-06, 2.35886682276e-06, 2.14475085158e-06, 1.59991475357e-06, 1.22833898786e-06, 1.05162393993e-06], "median": [0.00105599418748, 0.00151959841605, 0.000637477845885, 0.000510140904225, 0.000270617369097, 0.000144417674164, 0.00010493407899, 6.09060152783e-05, 4.75602719234e-05, 3.44309955835e-05, 5.30609104317e-05, 2.84917623503e-05, 1.2928157048e-05, 1.45380345202e-05, 9.99066560325e-06, 5.56255599804e-06, 9.41948565014e-06, 1.08318745333e-05, 7.69765392761e-06, 4.82990662931e-06, 4.70822033094e-06, 4.25143571192e-06, 3.47303966919e-06, 2.40143390329e-06, 2.21104710363e-06, 2.38894745053e-06, 2.35971924667e-06, 1.90660534827e-06, 1.52141910803e-06, 1.48608887685e-06, 9.82355572887e-07, 1.17787863019e-06, 8.98934786164e-07, 6.48341938358e-07, 6.22839422704e-07, 4.53241597143e-07, 3.4967524698e-07, 2.28368691069e-07, 2.01832790481e-07, 1.41675997156e-07], "min": [3.72349565342e-24, 6.11738439488e-24, 1.44381602444e-24, 5.1467608652e-24, 3.54040143174e-24, 7.92821144737e-24, 7.13280299664e-24, 1.70316647159e-24, 9.3175461739e-24, 5.37560270849e-24, 6.69101327958e-24, 6.3571208017e-24, 8.0899026894e-24, 1.11628567031e-23, 1.04216650847e-23, 5.38415711614e-24, 4.90026392042e-24, 6.17388931823e-24, 6.43489735936e-24, 7.45282493323e-24, 8.38711629063e-24, 7.96003409629e-24, 4.28691865016e-24, 8.92082013606e-24, 1.03218079159e-23, 6.38638833015e-24, 8.15668055388e-24, 7.5532137943e-24, 6.08539174644e-24, 6.38115423804e-24, 1.09348364585e-23, 6.4907778993e-24, 9.39889193273e-24, 7.79817798234e-24, 1.17129049577e-23, 9.2780171428e-24, 7.54113238954e-24, 1.01640136467e-23, 7.70219490942e-24, 9.31064600756e-24], "var": [5.17534790561e-05, 3.21123297908e-05, 7.15687428965e-06, 2.4509558898e-06, 2.62508336846e-07, 7.5333133509e-08, 6.12610264739e-08, 4.90689622268e-08, 5.860842478e-08, 3.96195858343e-08, 3.81928444426e-08, 5.97313416506e-08, 3.82461085024e-09, 9.63150714739e-09, 8.25849788555e-09, 3.23958282422e-09, 1.02730242091e-08, 6.91454138391e-09, 1.33298758698e-08, 2.11590100996e-09, 2.11505879477e-09, 1.35737976414e-09, 7.12653713819e-10, 3.45746875574e-10, 4.94119467565e-10, 5.6360321965e-10, 3.60386331888e-10, 3.60088098228e-10, 5.88476933849e-10, 2.24752147449e-10, 7.80155801072e-11, 8.89292459116e-11, 5.17988429927e-11, 5.37205037399e-11, 5.6133271642e-11, 2.15320920816e-11, 2.11659769572e-11, 1.22781290343e-11, 6.51672509358e-12, 5.08823972539e-12]}, "mfcc": {"mean": [-674.830505371, 118.682197571, 5.87596988678, 21.391412735, -1.51711094379, 6.39570045471, -2.31303596497, 1.32414102554, 1.44798445702, 2.90686488152, -3.87112951279, -3.8784558773, -2.52774643898], "cov": [[11314.6435547, -1423.88842773, 843.241943359, 902.614929199, 471.411865234, 543.268493652, 184.96522522, 310.798675537, 215.358306885, 247.516113281, 82.0338592529, 92.7703170776, 55.6921691895], [-1423.88842773, 2909.74755859, 102.085159302, 297.598419189, 231.225021362, 59.9102935791, 121.799758911, -3.55838322639, 110.910896301, 96.240852356, 103.006088257, 50.614616394, 31.4460716248], [843.241943359, 102.085159302, 1086.89196777, 329.882568359, 258.204864502, 239.206604004, 186.556365967, 130.019546509, 78.4529647827, 78.6141281128, 80.2916870117, 51.9597816467, 55.0017356873], [902.614929199, 297.598419189, 329.882568359, 596.496704102, 216.376953125, 202.36730957, 119.73500824, 64.2058029175, 58.0495910645, 62.1215515137, 57.5412864685, 59.672492981, 38.4540939331], [471.411865234, 231.225021362, 258.204864502, 216.376953125, 329.102325439, 204.871734619, 160.596801758, 110.047515869, 84.5952148438, 78.4643630981, 66.543548584, 52.8878707886, 48.6347389221], [543.268493652, 59.9102935791, 239.206604004, 202.36730957, 204.871734619, 313.644683838, 197.174743652, 113.981292725, 83.5234222412, 98.0788955688, 83.3434753418, 73.2192459106, 58.0132713318], [184.96522522, 121.799758911, 186.556365967, 119.73500824, 160.596801758, 197.174743652, 244.610626221, 147.299453735, 88.2504806519, 69.802947998, 69.2624282837, 71.7208328247, 59.2541160583], [310.798675537, -3.55838322639, 130.019546509, 64.2058029175, 110.047515869, 113.981292725, 147.299453735, 204.161712646, 111.587295532, 63.264755249, 48.4502296448, 43.7552757263, 41.7227935791], [215.358306885, 110.910896301, 78.4529647827, 58.0495910645, 84.5952148438, 83.5234222412, 88.2504806519, 111.587295532, 149.264694214, 98.730178833, 58.7202377319, 37.0324287415, 23.9204769135], [247.516113281, 96.240852356, 78.6141281128, 62.1215515137, 78.4643630981, 98.0788955688, 69.802947998, 63.264755249, 98.730178833, 137.050094604, 94.2624130249, 46.1226921082, 29.2134685516], [82.0338592529, 103.006088257, 80.2916870117, 57.5412864685, 66.543548584, 83.3434753418, 69.2624282837, 48.4502296448, 58.7202377319, 94.2624130249, 129.715927124, 82.338760376, 36.192855835], [92.7703170776, 50.614616394, 51.9597816467, 59.672492981, 52.8878707886, 73.2192459106, 71.7208328247, 43.7552757263, 37.0324287415, 46.1226921082, 82.338760376, 113.370307922, 61.1524620056], [55.6921691895, 31.4460716248, 55.0017356873, 38.4540939331, 48.6347389221, 58.0132713318, 59.2541160583, 41.7227935791, 23.9204769135, 29.2134685516, 36.192855835, 61.1524620056, 80.9210205078]], "icov": [[0.000127792896819, 8.02533468232e-05, -3.15125871566e-05, -0.000169772101799, -7.48638558434e-05, -0.000103123449662, 0.000208188430406, -0.000160108233104, 4.64199220005e-05, -0.000295513600577, 0.000263303430984, -0.000160427051014, 0.000128421699628], [8.02533468232e-05, 0.00047028021072, 3.46246451954e-05, -0.000301719468553, -0.000346315238858, 0.000352188159013, -0.000303312583128, 0.000452599109849, -0.000452439999208, -1.53169421537e-05, -0.000256900762906, 0.000195545668248, -6.73485774314e-05], [-3.15125871566e-05, 3.46246451954e-05, 0.00128478300758, -0.000411661050748, -0.00041976486682, -0.000193705593119, -0.000305383699015, -0.000137273804285, 3.88336738979e-05, 0.00039933383232, -0.000776971748564, 0.000814049737528, -0.000407173240092], [-0.000169772101799, -0.000301719468553, -0.000411661050748, 0.00284382514656, -0.000767399731558, -0.00105463946238, 0.000360716017894, 0.000318204489304, -4.96183602081e-05, 0.00035543856211, 0.000353551615262, -0.000943496124819, 0.000392823363654], [-7.48638558434e-05, -0.000346315238858, -0.00041976486682, -0.000767399731558, 0.00644415384158, -0.00226915534586, -0.000912106304895, -0.000600066152401, -0.000614887045231, 0.000339665974025, -0.00061490025837, 0.00108477356844, -0.000918489182368], [-0.000103123449662, 0.000352188159013, -0.000193705593119, -0.00105463946238, -0.00226915534586, 0.00966743566096, -0.00569552648813, 0.00103489134926, 0.00131286273245, -0.00374757824466, 0.00055294088088, -0.000621104205493, -0.000176126952283], [0.000208188430406, -0.000303312583128, -0.000305383699015, 0.000360716017894, -0.000912106304895, -0.00569552648813, 0.0134431887418, -0.00605284189805, 9.58758537308e-05, 0.0011804192327, 0.000151498839841, -0.00230740685947, -0.000859289662912], [-0.000160108233104, 0.000452599109849, -0.000137273804285, 0.000318204489304, -0.000600066152401, 0.00103489134926, -0.00605284189805, 0.0133208436891, -0.00869325827807, 0.00386476842687, -0.0019721116405, 0.00219559669495, -0.00254356930964], [4.64199220005e-05, -0.000452439999208, 3.88336738979e-05, -4.96183602081e-05, -0.000614887045231, 0.00131286273245, 9.58758537308e-05, -0.00869325827807, 0.0211116969585, -0.01517913118, 0.00615414185449, -0.0042830221355, 0.00370480190031], [-0.000295513600577, -1.53169421537e-05, 0.00039933383232, 0.00035543856211, 0.000339665974025, -0.00374757824466, 0.0011804192327, 0.00386476842687, -0.01517913118, 0.0298377461731, -0.0196657590568, 0.0100890481845, -0.00571889430285], [0.000263303430984, -0.000256900762906, -0.000776971748564, 0.000353551615262, -0.00061490025837, 0.00055294088088, 0.000151498839841, -0.0019721116405, 0.00615414185449, -0.0196657590568, 0.0305201597512, -0.0196181181818, 0.00761317647994], [-0.000160427051014, 0.000195545668248, 0.000814049737528, -0.000943496124819, 0.00108477356844, -0.000621104205493, -0.00230740685947, 0.00219559669495, -0.0042830221355, 0.0100890481845, -0.0196181181818, 0.0294341668487, -0.0155650051311], [0.000128421699628, -6.73485774314e-05, -0.000407173240092, 0.000392823363654, -0.000918489182368, -0.000176126952283, -0.000859289662912, -0.00254356930964, 0.00370480190031, -0.00571889430285, 0.00761317647994, -0.0155650051311, 0.0243314858526]]}, "spectral_contrast_coeffs": {"dmean": [0.0504144504666, 0.0432579889894, 0.0448234118521, 0.0353328213096, 0.0259260106832, 0.0234442986548], "dmean2": [0.0787217542529, 0.0679919421673, 0.0710361674428, 0.0558526404202, 0.0417641848326, 0.0364139229059], "dvar": [0.0022699276451, 0.00141945749056, 0.00161865958944, 0.000970650813542, 0.000606755784247, 0.000785710173659], "dvar2": [0.00488342344761, 0.00351324188523, 0.0039115473628, 0.00223847269081, 0.00136349047534, 0.00173869263381], "max": [-0.285486966372, -0.446596026421, -0.512303590775, -0.506676256657, -0.592883467674, -0.515016496181], "mean": [-0.641686856747, -0.712826550007, -0.742573916912, -0.777711033821, -0.797796785831, -0.761650323868], "median": [-0.65530115366, -0.707881331444, -0.743555307388, -0.782287955284, -0.805693268776, -0.767295658588], "min": [-0.970808029175, -0.976896345615, -0.969282746315, -0.961558759212, -0.963251769543, -0.962447166443], "var": [0.0111949415877, 0.00460669072345, 0.00511553464457, 0.0040057846345, 0.002428594511, 0.00197753403336]}, "spectral_contrast_valleys": {"dmean": [0.535259246826, 0.40660572052, 0.48704084754, 0.491928994656, 0.547283470631, 0.559403538704], "dmean2": [0.793647885323, 0.624333381653, 0.756221473217, 0.725659966469, 0.759891152382, 0.706265032291], "dvar": [0.501178503036, 0.281462073326, 0.359673202038, 0.361943691969, 0.476394295692, 0.520529448986], "dvar2": [0.760832965374, 0.491413086653, 0.714384913445, 0.695247530937, 0.959736347198, 0.942270576954], "max": [-5.19437408447, -4.94257974625, -5.35120725632, -5.37376594543, -5.14450883865, -7.61151361465], "mean": [-7.67346858978, -7.2196