{"lowlevel": {"average_loudness": 0.955135941505, "barkbands_crest": {"dmean": 3.59929895401, "dmean2": 5.30552768707, "dvar": 11.8591194153, "dvar2": 25.7127056122, "max": 25.9798870087, "mean": 12.7505226135, "median": 11.4464702606, "min": 2.58808898926, "var": 38.3089942932}, "barkbands_flatness_db": {"dmean": 0.0394132062793, "dmean2": 0.0558187663555, "dvar": 0.00193085847422, "dvar2": 0.00388932717033, "max": 0.494654864073, "mean": 0.171904891729, "median": 0.164051070809, "min": 0.0199720170349, "var": 0.00708631938323}, "barkbands_kurtosis": {"dmean": 8.84855556488, "dmean2": 12.6706447601, "dvar": 583.209472656, "dvar2": 1206.55371094, "max": 584.698486328, "mean": 11.9435014725, "median": 2.07502317429, "min": -1.82002341747, "var": 1035.48376465}, "barkbands_skewness": {"dmean": 0.938430428505, "dmean2": 1.32315409184, "dvar": 1.46939015388, "dvar2": 2.70297574997, "max": 20.6133155823, "mean": 2.18886756897, "median": 1.47500014305, "min": -2.03736901283, "var": 5.57619953156}, "barkbands_spread": {"dmean": 8.18178844452, "dmean2": 11.8789653778, "dvar": 115.86656189, "dvar2": 211.601989746, "max": 96.252784729, "mean": 21.3640441895, "median": 15.4814662933, "min": 0.259585678577, "var": 337.835418701}, "dissonance": {"dmean": 0.0198348388076, "dmean2": 0.0332452766597, "dvar": 0.000415166723542, "dvar2": 0.00109302834608, "max": 0.500000059605, "mean": 0.467376083136, "median": 0.475370556116, "min": 0.260667920113, "var": 0.000777280540206}, "dynamic_complexity": 3.40440297127, "erbbands_crest": {"dmean": 2.59067773819, "dmean2": 4.11650848389, "dvar": 7.24538469315, "dvar2": 17.2754936218, "max": 31.3760433197, "mean": 8.5426492691, "median": 7.44181442261, "min": 2.14313936234, "var": 18.017539978}, "erbbands_flatness_db": {"dmean": 0.0266399662942, "dmean2": 0.0379878804088, "dvar": 0.00092878844589, "dvar2": 0.00159602833446, "max": 0.377731919289, "mean": 0.16834333539, "median": 0.150364816189, "min": 0.0265913903713, "var": 0.00540075777099}, "erbbands_kurtosis": {"dmean": 0.972064733505, "dmean2": 1.55552828312, "dvar": 1.79580831528, "dvar2": 4.45047187805, "max": 25.0220985413, "mean": 0.319273680449, "median": -0.155456066132, "min": -1.78567528725, "var": 3.35546302795}, "erbbands_skewness": {"dmean": 0.4292768538, "dmean2": 0.648022532463, "dvar": 0.155856400728, "dvar2": 0.351645499468, "max": 2.94185447693, "mean": 0.18264426291, "median": 0.250569939613, "min": -3.34902620316, "var": 0.513721704483}, "erbbands_spread": {"dmean": 12.5164499283, "dmean2": 18.8024997711, "dvar": 204.759811401, "dvar2": 433.473907471, "max": 156.281112671, "mean": 41.6565284729, "median": 36.6308937073, "min": 2.41052651405, "var": 612.690917969}, "hfc": {"dmean": 13.4909324646, "dmean2": 19.2783470154, "dvar": 408.50894165, "dvar2": 868.694213867, "max": 152.331802368, "mean": 21.9606151581, "median": 12.3730707169, "min": 3.6635619538e-10, "var": 631.728027344}, "melbands_crest": {"dmean": 4.23032474518, "dmean2": 6.75852489471, "dvar": 17.5957832336, "dvar2": 42.4858398438, "max": 34.8066978455, "mean": 17.4531612396, "median": 16.1029243469, "min": 2.70266962051, "var": 61.9619979858}, "melbands_flatness_db": {"dmean": 0.0479747503996, "dmean2": 0.0667300820351, "dvar": 0.00276616541669, "dvar2": 0.00539262825623, "max": 0.629845619202, "mean": 0.241997122765, "median": 0.239960506558, "min": 0.0136500792578, "var": 0.0107553098351}, "melbands_kurtosis": {"dmean": 22.4975242615, "dmean2": 34.565864563, "dvar": 3294.60668945, "dvar2": 7093.97119141, "max": 737.841674805, "mean": 34.5157203674, "median": 7.84947729111, "min": -1.73935604095, "var": 6045.62939453}, "melbands_skewness": {"dmean": 1.34351944923, "dmean2": 2.03601694107, "dvar": 3.56376171112, "dvar2": 7.85632753372, "max": 21.7239513397, "mean": 3.64823627472, "median": 2.46931409836, "min": -1.2654594183, "var": 11.1870069504}, "melbands_spread": {"dmean": 9.6146812439, "dmean2": 14.1742267609, "dvar": 244.830337524, "dvar2": 457.989990234, "max": 203.036621094, "mean": 22.6437778473, "median": 15.5209159851, "min": 0.354574501514, "var": 659.814819336}, "pitch_salience": {"dmean": 0.106273330748, "dmean2": 0.172229453921, "dvar": 0.0150863369927, "dvar2": 0.0381640940905, "max": 0.912521958351, "mean": 0.472211807966, "median": 0.496733307838, "min": 0.0833295881748, "var": 0.028555624187}, "silence_rate_20dB": {"dmean": 0, "dmean2": 0, "dvar": 0, "dvar2": 0, "max": 1, "mean": 1, "median": 1, "min": 1, "var": 0}, "silence_rate_30dB": {"dmean": 0.0824977755547, "dmean2": 0.165016502142, "dvar": 0.075694732368, "dvar2": 0.13778154552, "max": 1, "mean": 0.866878151894, "median": 1, "min": 0, "var": 0.115394115448}, "silence_rate_60dB": {"dmean": 0.0360451824963, "dmean2": 0.071972578764, "dvar": 0.0347454249859, "dvar2": 0.080504141748, "max": 1, "mean": 0.061040610075, "median": 0, "min": 0, "var": 0.0573123395443}, "spectral_centroid": {"dmean": 370.634002686, "dmean2": 545.870178223, "dvar": 202810.421875, "dvar2": 379130.125, "max": 11172.6425781, "mean": 1389.9284668, "median": 1174.84777832, "min": 133.768920898, "var": 669379.5625}, "spectral_complexity": {"dmean": 6.05990600586, "dmean2": 8.75095176697, "dvar": 48.9229049683, "dvar2": 100.960594177, "max": 52, "mean": 17.2583751678, "median": 16, "min": 0, "var": 103.964653015}, "spectral_decrease": {"dmean": 5.00999375319e-09, "dmean2": 6.6629577411e-09, "dvar": 6.67152332189e-17, "dvar2": 1.07708027976e-16, "max": -3.39854625496e-23, "mean": -1.10038769208e-08, "median": -5.65885294179e-09, "min": -6.24271123684e-08, "var": 1.80063733e-16}, "spectral_energy": {"dmean": 0.0197864472866, "dmean2": 0.0264407303184, "dvar": 0.000976800336502, "dvar2": 0.00158153334633, "max": 0.238369330764, "mean": 0.0435229763389, "median": 0.0236136056483, "min": 3.33578854101e-14, "var": 0.00263920472935}, "spectral_energyband_high": {"dmean": 0.00109377375338, "dmean2": 0.0015488996869, "dvar": 4.63494097858e-06, "dvar2": 9.30047008296e-06, "max": 0.0183612108231, "mean": 0.00129669636954, "median": 0.000317668775097, "min": 2.36895667471e-14, "var": 6.43184239379e-06}, "spectral_energyband_low": {"dmean": 0.0163679309189, "dmean2": 0.0219814069569, "dvar": 0.000984419719316, "dvar2": 0.00173699297011, "max": 0.232524961233, "mean": 0.0292804501951, "median": 0.00898567028344, "min": 7.97365582205e-16, "var": 0.00221885298379}, "spectral_energyband_middle_high": {"dmean": 0.00297762849368, "dmean2": 0.00474123563617, "dvar": 2.56736148003e-05, "dvar2": 6.49038920528e-05, "max": 0.0999157354236, "mean": 0.00517417443916, "median": 0.00247202068567, "min": 4.198317109e-15, "var": 5.72666867811e-05}, "spectral_energyband_middle_low": {"dmean": 0.00707960827276, "dmean2": 0.0124426279217, "dvar": 0.000215231761103, "dvar2": 0.000616332283244, "max": 0.108168840408, "mean": 0.00928465556353, "median": 0.00541201140732, "min": 1.09932700455e-15, "var": 0.00016173037875}, "spectral_entropy": {"dmean": 0.265987724066, "dmean2": 0.389057457447, "dvar": 0.0982561931014, "dvar2": 0.177400961518, "max": 9.80754184723, "mean": 7.57546138763, "median": 7.68829488754, "min": 5.50576972961, "var": 0.340442836285}, "spectral_flux": {"dmean": 0.0458153523505, "dmean2": 0.0622882060707, "dvar": 0.00331123452634, "dvar2": 0.00476117897779, "max": 0.463077604771, "mean": 0.109773464501, "median": 0.0828615352511, "min": 6.5574790824e-06, "var": 0.00912159029394}, "spectral_kurtosis": {"dmean": 3.54014015198, "dmean2": 5.87666988373, "dvar": 34.5069274902, "dvar2": 89.167137146, "max": 93.4688339233, "mean": 5.67290258408, "median": 2.96766996384, "min": -1.20217752457, "var": 52.4221611023}, "spectral_rms": {"dmean": 0.00137201009784, "dmean2": 0.00183235039003, "dvar": 2.93349762615e-06, "dvar2": 4.89978037876e-06, "max": 0.015249768272, "mean": 0.00559900188819, "median": 0.00479975668713, "min": 5.70475933159e-09, "var": 1.1112680113e-05}, "spectral_rolloff": {"dmean": 705.388000488, "dmean2": 1103.84472656, "dvar": 1817919.75, "dvar2": 3203992, "max": 18604.6875, "mean": 1474.8392334, "median": 882.861328125, "min": 64.599609375, "var": 3873818.75}, "spectral_skewness": {"dmean": 0.415092468262, "dmean2": 0.652452409267, "dvar": 0.239603191614, "dvar2": 0.568245410919, "max": 7.57667636871, "mean": 1.50117015839, "median": 1.34548449516, "min": -0.0545626841486, "var": 0.536871314049}, "spectral_spread": {"dmean": 867134.9375, "dmean2": 1222525.75, "dvar": 1281555693570.0, "dvar2": 2036377452540.0, "max": 40562632, "mean": 4433231.5, "median": 4332694.5, "min": 943014.75, "var": 3859965280260.0}, "spectral_strongpeak": {"dmean": 0.427997678518, "dmean2": 0.701476573944, "dvar": 0.70462179184, "dvar2": 1.85857486725, "max": 13.909280777, "mean": 0.743435919285, "median": 0.44169229269, "min": 0, "var": 1.02252554893}, "zerocrossingrate": {"dmean": 0.0170721188188, "dmean2": 0.0176915489137, "dvar": 0.000454034860013, "dvar2": 0.000506335229147, "max": 0.521484375, "mean": 0.0562831498682, "median": 0.0419921875, "min": 0.001953125, "var": 0.00236488110386}, "barkbands": {"dmean": [0.000324567343341, 0.0143015189096, 0.00754588888958, 0.00234380923212, 0.00176591787022, 0.00141248654108, 0.00125324679539, 0.000469841092126, 0.000740308722015, 0.00145666173194, 0.000501883216202, 0.000346497865394, 0.000571788055822, 0.00040335097583, 0.000265527429292, 0.000161982316058, 0.000127714782138, 0.000153092507389, 0.000163098084158, 0.000170444473042, 0.000222611764912, 0.000264274305664, 0.000209155288758, 0.000186181263416, 0.000109359440103, 4.3868967623e-05, 1.79312191904e-05], "dmean2": [0.00034349647467, 0.0188327487558, 0.0136763956398, 0.00441634468734, 0.00306751928292, 0.00230702501722, 0.0021284094546, 0.000782609393355, 0.00128735008184, 0.00247310544364, 0.00082087260671, 0.000588069378864, 0.00091227068333, 0.000654256320558, 0.000425963866292, 0.00026834840537, 0.000208152385312, 0.000241486312007, 0.000263029622147, 0.00025787006598, 0.000340212427545, 0.000398405827582, 0.000290620810119, 0.000275732541922, 0.000158176975674, 6.19165803073e-05, 2.53007765423e-05], "dvar": [3.09239084118e-07, 0.000659694371279, 0.000530902703758, 4.33620043623e-05, 1.51628219101e-05, 7.22809409126e-06, 7.53337235437e-06, 1.41117789099e-06, 2.74420972346e-06, 9.2138270702e-06, 3.40131828125e-06, 6.59367287881e-07, 4.6516911425e-06, 2.34943217947e-06, 4.70102264671e-07, 1.2310185582e-07, 4.60204176989e-08, 6.88408192673e-08, 7.40219121553e-08, 9.59196526651e-08, 2.23600679305e-07, 2.55943035654e-07, 1.82680992111e-07, 1.88358285413e-07, 6.06169976436e-08, 1.39775018226e-08, 2.55726284593e-09], "dvar2": [4.07031023997e-07, 0.00113018625416, 0.00146627915092, 0.000129996726173, 4.24543541158e-05, 1.77237525349e-05, 1.89301590581e-05, 3.53562518285e-06, 7.47425929148e-06, 2.46622785198e-05, 8.29270811664e-06, 1.75263028268e-06, 1.16076907943e-05, 6.37641551293e-06, 1.06841503111e-06, 2.83596875761e-07, 1.07646606295e-07, 1.55560670123e-07, 1.82959155381e-07, 2.30938084655e-07, 5.54450707568e-07, 5.30443401203e-07, 3.46400781837e-07, 3.98902670895e-07, 1.15712914805e-07, 2.83671823809e-08, 5.31122168468e-09], "max": [0.00667578633875, 0.221961557865, 0.147559970617, 0.0425874777138, 0.0385366380215, 0.057706233114, 0.0635219365358, 0.0293907783926, 0.0308909248561, 0.0476881638169, 0.0423587411642, 0.0200177654624, 0.0829288437963, 0.0408781543374, 0.0243374630809, 0.00958267692477, 0.00671721389517, 0.00512387510389, 0.00274090701714, 0.00291852955706, 0.00723569933325, 0.00433711241931, 0.00324340816587, 0.00349460239522, 0.00225968728773, 0.000949464854784, 0.0004319747095], "mean": [0.000597687147092, 0.0221163071692, 0.00536395004019, 0.00184504827484, 0.00185103248805, 0.00203951285221, 0.00151174748316, 0.000575029989704, 0.000845022092108, 0.00176488677971, 0.000624881067779, 0.000474404107081, 0.000814502651338, 0.000529801589437, 0.000369541055989, 0.000198053690838, 0.000180216491572, 0.000207088844036, 0.000207123288419, 0.000227115364396, 0.000278047547908, 0.00028932429268, 0.000233977509197, 0.000194837848539, 0.000119318792713, 4.65138837171e-05, 1.81167542905e-05], "median": [9.43732375163e-05, 0.00662621902302, 0.000477517693071, 0.000491227023304, 0.000530865392648, 0.000992398941889, 0.000464905489935, 9.73922506091e-05, 0.000300492334645, 0.00050904636737, 0.000134970701765, 0.000226135118282, 0.000124211714137, 0.000147670391016, 0.00011843044922, 6.4445361204e-05, 8.75703190104e-05, 9.40571335377e-05, 9.36730502872e-05, 7.52375126467e-05, 8.10786077636e-05, 5.78211838729e-05, 3.56890304829e-05, 2.0598539777e-05, 1.12662628453e-05, 2.34468416238e-06, 3.28770170199e-07], "min": [4.99203579085e-16, 4.32197767243e-16, 9.64113480818e-17, 4.92927051711e-17, 4.45803564831e-17, 8.43095699887e-17, 2.60021380055e-16, 2.33604566482e-16, 3.63402968877e-16, 1.35629390439e-16, 6.99161177871e-17, 1.88942031259e-17, 2.35405490877e-16, 5.22517155107e-16, 3.58275428461e-16, 8.90194993389e-16, 9.36916907243e-17, 5.22875714741e-16, 8.17692890632e-16, 8.87495975842e-16, 9.66746548909e-16, 1.72336158778e-15, 3.22329875397e-15, 2.26558718787e-15, 3.22811286572e-15, 6.05808467085e-15, 6.71222576964e-15], "var": [1.11585666218e-06, 0.00140037480742, 0.000335578079103, 2.49004242505e-05, 1.20533541121e-05, 1.04797545646e-05, 9.39114670473e-06, 2.03501031137e-06, 2.97694396068e-06, 1.08886370072e-05, 5.0580711104e-06, 7.31860666292e-07, 9.6661515272e-06, 2.90080311061e-06, 7.71952272771e-07, 2.10969631098e-07, 9.1496424659e-08, 1.06766307795e-07, 8.47537435789e-08, 1.24907302279e-07, 2.53661426086e-07, 3.27650298004e-07, 2.61027793158e-07, 2.26626582389e-07, 8.06323043889e-08, 1.74022769528e-08, 3.1045930271e-09]}, "erbbands": {"dmean": [0.390407323837, 3.64147138596, 8.6328868866, 8.17197132111, 6.45879936218, 5.39564561844, 6.82176113129, 12.4492235184, 20.237159729, 12.4211654663, 11.2425546646, 15.2625246048, 39.0200233459, 37.992855072, 13.737818718, 16.7850799561, 27.0371017456, 22.0496788025, 13.8079710007, 11.6126565933, 8.64843845367, 7.16537332535, 8.16727256775, 7.7171869278, 8.06480693817, 8.67383098602, 8.92740535736, 8.93675136566, 9.16258621216, 7.83953619003, 6.04653978348, 4.43680238724, 2.55030703545, 1.38668382168, 0.741193771362, 0.267514437437, 0.0688922554255, 0.0142458770424, 0.00300704594702, 0.000240684326855], "dmean2": [0.454952031374, 5.02782535553, 14.4569272995, 15.1978197098, 11.6554498672, 9.47582912445, 11.1548557281, 20.4675521851, 34.3927230835, 21.1535129547, 18.6553382874, 26.2609767914, 68.0129776001, 62.3218421936, 22.8454151154, 28.404876709, 43.2433509827, 35.4516029358, 21.809885025, 18.7679653168, 14.1016960144, 11.5386514664, 12.9306058884, 12.2878952026, 12.6259536743, 13.3491353989, 14.0645723343, 13.2752485275, 13.5361013412, 11.2908735275, 8.60782051086, 6.40257978439, 3.77623414993, 2.05156779289, 1.06566619873, 0.382454246283, 0.0977805107832, 0.0201177224517, 0.00426080310717, 0.000340362428688], "dvar": [0.40235054493, 49.4657783508, 569.203125, 580.75793457, 244.943466187, 144.029800415, 203.451568604, 660.418457031, 1955.93786621, 761.942016602, 1044.36975098, 1383.26452637, 7718.49902344, 8119.49023438, 1707.88439941, 1462.71130371, 11334.8935547, 7665.32177734, 1537.2479248, 502.870483398, 383.608764648, 135.492645264, 213.818740845, 160.519668579, 174.983016968, 265.230133057, 510.518554688, 238.303924561, 293.778045654, 241.493499756, 158.287597656, 101.535919189, 34.8224601746, 9.52026081085, 3.27549529076, 0.510311305523, 0.0337435901165, 0.00151940062642, 7.34181812732e-05, 3.86399989338e-07], "dvar2": [0.592615783215, 90.3513336182, 1472.86865234, 1673.61340332, 713.702087402, 398.389648438, 488.576477051, 1633.02722168, 4876.2734375, 1905.64538574, 2713.39038086, 3717.35375977, 21637.3105469, 19435.625, 4551.12353516, 3898.42724609, 28336.7617188, 20386.9765625, 3501.95629883, 1190.74804688, 876.122558594, 311.32699585, 476.628875732, 389.134460449, 418.502044678, 645.971557617, 1361.16357422, 505.914978027, 632.178039551, 454.919616699, 315.848724365, 211.215515137, 71.6105041504, 17.5581493378, 6.82365655899, 1.03458142281, 0.0725790262222, 0.00289752962999, 0.000158381342771, 8.06707873835e-07], "max": [6.66152906418, 51.9328536987, 165.612228394, 151.186004639, 104.015281677, 139.0831604, 208.601043701, 565.764770508, 990.239624023, 467.896728516, 837.54095459, 812.161865234, 1763.5916748, 1649.3059082, 1248.12939453, 960.316589355, 4297.37353516, 2389.59448242, 1550.16918945, 613.212097168, 617.408996582, 343.295562744, 343.78994751, 198.493453979, 122.105438232, 152.714187622, 392.977783203, 244.411560059, 161.708480835, 133.342529297, 99.3595123291, 90.0379562378, 52.3408660889, 29.9982585907, 15.1024627686, 5.67340278625, 1.59730267525, 0.337914645672, 0.0723346620798, 0.00525220204145], "mean": [0.679446697235, 4.69467163086, 7.15123987198, 6.59671020508, 5.80017900467, 5.53326511383, 8.67860221863, 18.0328903198, 26.464805603, 14.5625257492, 14.5543060303, 18.569814682, 46.1186943054, 49.1294212341, 18.4689083099, 24.4264545441, 40.3247909546, 30.2524013519, 20.7675628662, 15.7478542328, 11.2177457809, 10.2318458557, 11.0690803528, 10.2538881302, 10.8250904083, 11.3419408798, 10.3170289993, 11.5775737762, 10.4169073105, 8.82322788239, 6.38175916672, 4.6687836647, 2.71579647064, 1.52471935749, 0.774490594864, 0.281526327133, 0.070573091507, 0.0156150823459, 0.00299367890693, 0.000267718394753], "median": [0.178588300943, 1.31360030174, 1.01623702049, 1.63044309616, 1.23138642311, 1.66884016991, 2.89010095596, 8.52107620239, 8.55103969574, 4.16176557541, 3.05876612663, 7.60008955002, 14.9226913452, 12.4144821167, 6.39413928986, 12.191242218, 8.015625, 7.30957508087, 7.02799034119, 5.78659152985, 3.83455753326, 4.71497917175, 4.94528675079, 5.05252599716, 4.96067810059, 3.857213974, 3.17551422119, 3.23619651794, 2.35741710663, 1.53404355049, 0.889660358429, 0.510894715786, 0.271315455437, 0.162738531828, 0.0565904229879, 0.0148080438375, 0.00337247177958, 0.000703518860973, 8.61411681399e-05, 4.58338909084e-05], "min": [2.03288059807e-14, 7.04509353958e-14, 1.18970602142e-13, 1.47620956258e-13, 1.7567200407e-13, 1.43050637525e-13, 8.6457676142e-14, 9.99202782147e-13, 3.22165688224e-12, 4.20645115962e-12, 5.89388086947e-12, 8.18404718994e-12, 6.40866266305e-12, 3.62479252343e-12, 1.7617121954e-12, 1.24182521904e-12, 8.78174009206e-12, 2.94120491851e-11, 2.21337653067e-11, 2.22868563882e-11, 4.61125269913e-11, 8.16912249652e-12, 2.09666173312e-11, 2.83954752073e-11, 5.32683480658e-11, 5.19883476546e-11, 2.79628473154e-11, 5.17142995093e-11, 5.98311469813e-11, 4.1871294626e-11, 9.9953052779e-11, 5.41972786094e-11, 4.57541504684e-11, 2.80230248728e-11, 2.71709495181e-11, 1.81149938799e-11, 1.18734241189e-11, 4.13619659356e-12, 9.01254223161e-13, 9.91246947263e-14], "var": [1.23507642746, 80.785987854, 439.470031738, 352.189819336, 158.625900269, 118.859550476, 331.842193604, 931.821777344, 2589.33740234, 922.304077148, 1389.44189453, 1649.19946289, 8483.76757812, 12715.5136719, 2430.86669922, 1755.82080078, 23935.2246094, 10711.5576172, 2454.67089844, 870.399108887, 680.520751953, 273.51373291, 336.747283936, 200.415252686, 221.967544556, 324.601287842, 431.556335449, 382.624816895, 386.567596436, 340.811889648, 209.453033447, 127.577316284, 42.8030853271, 12.8359394073, 3.95861387253, 0.630796432495, 0.0395115874708, 0.00204635714181, 8.55729886098e-05, 4.59463421976e-07]}, "gfcc": {"mean": [-23.9491386414, 105.296485901, -119.885765076, 31.5117397308, -50.048286438, 12.1598587036, -18.4603767395, 5.21540594101, -14.3416032791, 4.16624689102, -4.47451066971, 1.8816075325, -2.17560720444], "cov": [[10483.3105469, -3737.04736328, 1940.53100586, 1340.40014648, -694.021179199, 1556.67602539, -483.907684326, 470.386108398, -135.589584351, 377.25088501, -247.582611084, 194.355621338, -195.924926758], [-3737.04736328, 4165.71142578, -1459.27282715, -775.763793945, 836.709594727, -914.064147949, 535.068115234, -394.832244873, 132.892868042, -304.805755615, 263.25201416, -279.468994141, 169.528594971], [1940.53100586, -1459.27282715, 1763.65710449, 818.097045898, -35.9493713379, 780.343444824, -123.453491211, 276.78225708, 12.1180210114, 128.661651611, -103.575004578, 41.6861076355, -71.3113861084], [1340.40014648, -775.763793945, 818.097045898, 880.777709961, 32.9140472412, 510.230651855, 34.0672492981, 137.8203125, 83.8302078247, 109.970619202, -50.9610328674, 17.4597053528, -0.666573047638], [-694.021179199, 836.709594727, -35.9493713379, 32.9140472412, 468.289154053, -74.4807739258, 166.525482178, -24.1865634918, 57.548614502, -51.8389625549, 58.365234375, -76.7552719116, 34.370803833], [1556.67602539, -914.064147949, 780.343444824, 510.230651855, -74.4807739258, 722.930175781, -46.7441635132, 192.349990845, 37.7526855469, 150.305160522, -7.40555095673, 43.496837616, -50.3749847412], [-483.907684326, 535.068115234, -123.453491211, 34.0672492981, 166.525482178, -46.7441635132, 253.44493103, -54.37084198, 72.7132949829, -33.8039550781, 65.6368026733, -32.5769081116, 40.7619743347], [470.386108398, -394.832244873, 276.78225708, 137.8203125, -24.1865634918, 192.349990845, -54.37084198, 172.417953491, 27.5211238861, 72.1774520874, -12.7672252655, 34.8226737976, -11.7478170395], [-135.589584351, 132.892868042, 12.1180210114, 83.8302078247, 57.548614502, 37.7526855469, 72.7132949829, 27.5211238861, 128.018493652, 38.5695991516, 48.4508781433, 20.779712677, 34.3214530945], [377.25088501, -304.805755615, 128.661651611, 109.970619202, -51.8389625549, 150.305160522, -33.8039550781, 72.1774520874, 38.5695991516, 127.054885864, 31.6547317505, 55.4602584839, -2.05741024017], [-247.582611084, 263.25201416, -103.575004578, -50.9610328674, 58.365234375, -7.40555095673, 65.6368026733, -12.7672252655, 48.4508781433, 31.6547317505, 122.243888855, 25.2860584259, 28.9739570618], [194.355621338, -279.468994141, 41.6861076355, 17.4597053528, -76.7552719116, 43.496837616, -32.5769081116, 34.8226737976, 20.779712677, 55.4602584839, 25.2860584259, 110.533073425, 21.8752288818], [-195.924926758, 169.528594971, -71.3113861084, -0.666573047638, 34.370803833, -50.3749847412, 40.7619743347, -11.7478170395, 34.3214530945, -2.05741024017, 28.9739570618, 21.8752288818, 77.9478302002]], "icov": [[0.000174248969415, 4.71972707601e-05, 2.55824925262e-05, -0.000122711542645, 7.12243272574e-05, -0.000237877990003, 8.08024560683e-05, -6.23916866971e-06, 0.000194485997781, -4.39980649389e-05, 6.55028852634e-05, -4.39924697275e-05, 3.05558023683e-05], [4.71972707601e-05, 0.00106888101436, 0.000286852533463, 0.000391728070099, -0.00106721266638, 0.000143424229464, -0.000374813971575, 0.000532466627192, -0.000583615503274, 0.000486913864734, -0.00104764173739, 0.00165829469915, -0.000906905333977], [2.55824925262e-05, 0.000286852533463, 0.00160815415438, -0.000758123933338, -0.00057108362671, -0.000935129879508, 0.000413526402554, -0.000708946958184, 0.000167536360095, 0.000996156479232, 4.66955352749e-05, -6.81941310177e-05, 0.000183864482096], [-0.000122711542645, 0.000391728070099, -0.000758123933338, 0.00318319885992, -0.000735276553314, -0.000921347760595, -0.00106760009658, 0.0010449513793, -0.00157057354227, -0.00118670717347, 0.00167427200358, 0.00102827872615, -0.00163290160708], [7.12243272574e-05, -0.00106721266638, -0.00057108362671, -0.000735276553314, 0.00461582606658, 0.00034731416963, -0.000967402185779, -0.0015018763952, 0.000362749386113, 0.000281337474007, -0.000592874072026, 0.000625039101578, 0.000332688301569], [-0.000237877990003, 0.000143424229464, -0.000935129879508, -0.000921347760595, 0.00034731416963, 0.00450348481536, -0.000751212646719, -0.00153968227096, 0.000238476131926, -0.00174781191163, -0.00179012585431, 0.000979450647719, 0.00138424290344], [8.08024560683e-05, -0.000374813971575, 0.000413526402554, -0.00106760009658, -0.000967402185779, -0.000751212646719, 0.00787268206477, 0.00148008950055, -0.00276946160011, 0.00234138173983, -0.00223259441555, 0.000367661268683, -0.000557375780772], [-6.23916866971e-06, 0.000532466627192, -0.000708946958184, 0.0010449513793, -0.0015018763952, -0.00153968227096, 0.00148008950055, 0.0112273991108, -0.00281438790262, -0.00317349215038, 0.00182625185698, -0.000239318556851, -0.000684288155753], [0.000194485997781, -0.000583615503274, 0.000167536360095, -0.00157057354227, 0.000362749386113, 0.000238476131926, -0.00276946160011, -0.00281438790262, 0.014074569568, -0.00326217990369, -0.00169185455889, -0.00157169322483, -0.00229711201973], [-4.39980649389e-05, 0.000486913864734, 0.000996156479232, -0.00118670717347, 0.000281337474007, -0.00174781191163, 0.00234138173983, -0.00317349215038, -0.00326217990369, 0.0178341399878, -0.0056017935276, -0.00371816079132, 0.00180813285988], [6.55028852634e-05, -0.00104764173739, 4.66955352749e-05, 0.00167427200358, -0.000592874072026, -0.00179012585431, -0.00223259441555, 0.00182625185698, -0.00169185455889, -0.0056017935276, 0.016158990562, -0.00432742852718, -0.00114743947051], [-4.39924697275e-05, 0.00165829469915, -6.81941310177e-05, 0.00102827872615, 0.000625039101578, 0.000979450647719, 0.000367661268683, -0.000239318556851, -0.00157169322483, -0.00371816079132, -0.00432742852718, 0.0178395528346, -0.00644578691572], [3.05558023683e-05, -0.000906905333977, 0.000183864482096, -0.00163290160708, 0.000332688301569, 0.00138424290344, -0.000557375780772, -0.000684288155753, -0.00229711201973, 0.00180813285988, -0.00114743947051, -0.00644578691572, 0.0192634314299]]}, "melbands": {"dmean": [0.00369598087855, 0.00428177183494, 0.00135418085847, 0.000422450888436, 0.000228975521168, 0.000286725990009, 0.000296713697026, 0.000121545592265, 9.38166485867e-05, 0.00010283607844, 0.000199702059035, 0.000162765310961, 5.83952787565e-05, 3.47006171069e-05, 5.41915214853e-05, 5.74611076445e-05, 3.94527014578e-05, 2.37177919189e-05, 1.78476075234e-05, 1.28052588479e-05, 1.04395930975e-05, 7.44558656152e-06, 9.13479743758e-06, 6.40687949272e-06, 6.46608896204e-06, 6.32101273368e-06, 5.83131077292e-06, 5.68854329686e-06, 5.7032548284e-06, 5.00982059748e-06, 5.80416917728e-06, 5.26015310243e-06, 4.83230132886e-06, 4.0060513129e-06, 3.41545478477e-06, 3.51717721969e-06, 2.41318684857e-06, 1.94227300199e-06, 1.34277934194e-06, 1.15909585929e-06], "dmean2": [0.00457192724571, 0.00628133583814, 0.0024995172862, 0.000747204991058, 0.000377130374545, 0.00047224512673, 0.000503654009663, 0.00020715946448, 0.000157375470735, 0.000178285918082, 0.000348135858076, 0.000268001895165, 9.62702179095e-05, 5.97121943429e-05, 8.86998677743e-05, 9.20485617826e-05, 6.31976363366e-05, 3.72144677385e-05, 2.88538358291e-05, 2.08884557651e-05, 1.70767198142e-05, 1.22295641631e-05, 1.45761323438e-05, 1.01650930446e-05, 1.03687798401e-05, 1.02577832877e-05, 8.84331166162e-06, 8.90614137461e-06, 9.11131337489e-06, 7.9798637671e-06, 8.63142940943e-06, 7.83410541771e-06, 7.42088150218e-06, 5.67154302189e-06, 4.89299100082e-06, 5.16601221534e-06, 3.55916290573e-06, 2.90641673928e-06, 2.00007889362e-06, 1.72210866367e-06], "dvar": [3.74525770894e-05, 9.71058980213e-05, 1.52441671162e-05, 9.30705027713e-07, 2.29973650789e-07, 3.38275185641e-07, 4.11578128023e-07, 7.04398317453e-08, 7.62757323969e-08, 5.70630724894e-08, 2.04068513199e-07, 1.42541310311e-07, 4.21657588845e-08, 4.86227369478e-09, 3.1108250198e-08, 4.35335536508e-08, 2.45658817732e-08, 4.2057708427e-09, 1.49418266648e-09, 6.43501252284e-10, 5.50227474694e-10, 1.52723306224e-10, 3.25279858604e-10, 1.03373594407e-10, 1.18651588554e-10, 1.07874209565e-10, 1.03306967147e-10, 1.17113388431e-10, 2.24523843961e-10, 9.95741614163e-11, 1.05841953257e-10, 9.24052570572e-11, 9.64329727182e-11, 6.06044173179e-11, 4.61041621547e-11, 7.49764486607e-11, 2.90268694497e-11, 2.03645433849e-11, 9.53133839215e-12, 6.76890748313e-12], "dvar2": [5.75239937461e-05, 0.000215699168621, 4.37667331425e-05, 2.63510946752e-06, 5.7326070646e-07, 8.3402517248e-07, 1.02559579318e-06, 1.75914962597e-07, 2.00499400194e-07, 1.5639128037e-07, 5.69695941977e-07, 3.45871541185e-07, 1.11349876875e-07, 1.32234827532e-08, 8.03423887419e-08, 1.07913102454e-07, 6.43058726268e-08, 9.50112877263e-09, 3.41362116352e-09, 1.5349498339e-09, 1.25726673517e-09, 3.66765756654e-10, 7.26792570571e-10, 2.31043628673e-10, 2.91629720373e-10, 2.6453633728e-10, 2.40868713863e-10, 2.90458629371e-10, 6.04500671741e-10, 2.53608023471e-10, 2.22191778865e-10, 2.02304117902e-10, 1.95737509534e-10, 1.10637082829e-10, 9.0266689956e-11, 1.65660235529e-10, 5.933437075e-11, 4.16805374936e-11, 1.9627591219e-11, 1.25521060559e-11], "max": [0.062688164413, 0.0697972849011, 0.0238989647478, 0.00831388775259, 0.0060801114887, 0.0131682530046, 0.0146406441927, 0.00424510845914, 0.00676545826718, 0.00436931243166, 0.00894781015813, 0.00616011908278, 0.00572437420487, 0.00178181368392, 0.00706287799403, 0.00579165620729, 0.00444945087656, 0.00249852868728, 0.000949976732954, 0.000492385181133, 0.000685259408783, 0.000274643505691, 0.000364526349586, 0.00018087909848, 0.000176759785973, 0.000125982929603, 8.57715785969e-05, 0.000106154540845, 0.000278427236481, 0.000146422564285, 0.000181719093234, 9.45369174588e-05, 7.98574183136e-05, 6.79023796692e-05, 6.04490487603e-05, 7.85776719567e-05, 4.35334150097e-05, 4.31983025919e-05, 3.32438758051e-05, 2.67309769697e-05], "mean": [0.00612455047667, 0.00473601324484, 0.00112691393588, 0.000400605233153, 0.00029189552879, 0.000421407545218, 0.0003882459132, 0.000139487558044, 0.000119644355436, 0.000120594937471, 0.000232395381317, 0.000205210133572, 7.45905563235e-05, 4.73930813314e-05, 7.95406958787e-05, 8.10560741229e-05, 5.25794021087e-05, 3.35180011461e-05, 2.45401515713e-05, 1.61508378369e-05, 1.27023940877e-05, 1.02821923065e-05, 1.14708191177e-05, 8.75414389157e-06, 8.14125360193e-06, 8.08225104265e-06, 7.62083027439e-06, 7.31532327336e-06, 6.49998537483e-06, 5.77481705477e-06, 7.33050273993e-06, 5.98728865953e-06, 5.17371245223e-06, 4.67003474114e-06, 3.6961484966e-06, 3.36063362738e-06, 2.66438428298e-06, 2.06858044294e-06, 1.41930411246e-06, 1.2531829725e-06], "median": [0.00178596726619, 0.001264865743, 0.000304384680931, 0.00011106338934, 9.38973680604e-05, 0.000197869871045, 0.000129000691231, 3.40100705216e-05, 2.82075561699e-05, 4.66572746518e-05, 7.18646042515e-05, 4.65836164949e-05, 1.94127624127e-05, 2.3163318474e-05, 2.88801984425e-05, 1.1942493984e-05, 1.24246671476e-05, 1.08883832581e-05, 8.41652581585e-06, 5.83059909331e-06, 3.99341524826e-06, 4.86757835461e-06, 4.10356960856e-06, 4.16110833612e-06, 3.75566014554e-06, 3.58086026608e-06, 2.90002890324e-06, 2.37336871578e-06, 1.83751615168e-06, 1.69949953488e-06, 1.8309144707e-06, 1.3948057358e-06, 8.65560878083e-07, 7.91941147327e-07, 5.18488093348e-07, 3.47544130364e-07, 2.82364055693e-07, 1.90660472299e-07, 1.70117132825e-07, 1.16448511278e-07], "min": [1.74729026854e-16, 7.35616748002e-17, 2.6887565368e-17, 1.21009277514e-17, 3.25475780743e-18, 2.25426569255e-17, 5.07869639343e-17, 4.6487758875e-17, 4.99692197982e-17, 5.23042017749e-17, 3.08431033526e-17, 1.44014328402e-17, 7.79030925405e-18, 2.07587902358e-18, 6.99984967043e-18, 3.2531805808e-17, 5.53597242396e-17, 3.46922592929e-17, 2.26050164176e-17, 5.19766945006e-17, 4.80136192463e-17, 4.60472752726e-18, 1.23168094836e-17, 2.66577497785e-17, 1.99491396484e-17, 3.80766224471e-17, 3.69560309451e-17, 3.2384448545e-17, 1.03839580529e-17, 2.94426634145e-17, 3.29570527435e-17, 3.91351125374e-17, 2.46835641326e-17, 2.01285336165e-17, 6.23699939042e-17, 5.86102528794e-17, 2.15828279756e-17, 2.89341822571e-17, 3.2415610093e-17, 1.9960999764e-17], "var": [9.90683402051e-05, 0.000113328460429, 9.35965636017e-06, 6.47964839118e-07, 3.46698897147e-07, 4.93131096846e-07, 5.48291779978e-07, 8.57738839954e-08, 9.32733854597e-08, 6.442596856e-08, 2.22557972052e-07, 2.17784588585e-07, 6.11801951322e-08, 5.6016569161e-09, 6.0637255217e-08, 8.0745763853e-08, 3.39110641789e-08, 6.50960085835e-09, 2.61232324661e-09, 1.00740304987e-09, 9.44475719855e-10, 2.75088035684e-10, 5.6029347828e-10, 1.64819338733e-10, 1.4130017989e-10, 1.31836430661e-10, 1.35564517945e-10, 1.40166669937e-10, 1.85233911543e-10, 1.02217893871e-10, 1.69500247171e-10, 1.21543275444e-10, 1.20725096586e-10, 9.16954567831e-11, 6.43120209864e-11, 8.04907113183e-11, 3.86005880038e-11, 2.51788624672e-11, 1.15556253802e-11, 8.9757767191e-12]}, "mfcc": {"mean": [-661.314758301, 129.231582642, -2.39505577087, 23.2610111237, -1.16293084621, 9.94270896912, 6.79838991165, 5.53330850601, 1.69967484474, 4.73416900635, 2.825258255, 1.16592741013, 1.84228527546], "cov": [[7840.47753906, -2533.14233398, 1171.37463379, 246.035827637, 36.1675987244, 675.088439941, -43.2296142578, 186.821929932, 118.662689209, 108.468360901, 81.266998291, 7.15761518478, 17.5871162415], [-2533.14233398, 3312.20483398, -1248.48620605, -133.268234253, 64.1719818115, -387.972259521, 200.97026062, -138.637145996, -93.5059738159, -42.1311569214, -28.5759181976, -18.184671402, -37.4580345154], [1171.37463379, -1248.48620605, 1315.48095703, 293.696868896, 222.871154785, 451.908233643, 56.3991546631, 206.750823975, 140.85017395, 121.201782227, 75.578994751, 27.2838001251, 40.1409797668], [246.035827637, -133.268234253, 293.696868896, 481.422821045, 156.062194824, 231.370544434, 81.2531890869, 86.6660614014, 130.886032104, 61.9846305847, 36.6850166321, 34.5454216003, 22.7126693726], [36.1675987244, 64.1719818115, 222.871154785, 156.062194824, 312.592895508, 129.843688965, 93.5062026978, 73.9643859863, 66.7665481567, 72.2741699219, 19.261920929, 29.4536361694, 16.711681366], [675.088439941, -387.972259521, 451.908233643, 231.370544434, 129.843688965, 426.866790771, 105.404724121, 130.825180054, 108.118545532, 93.6510925293, 89.8017883301, 39.9701080322, 51.5288963318], [-43.2296142578, 200.97026062, 56.3991546631, 81.2531890869, 93.5062026978, 105.404724121, 162.515731812, 54.0859642029, 28.0739517212, 46.8863601685, 29.3976478577, 14.7496452332, -3.50719571114], [186.821929932, -138.637145996, 206.750823975, 86.6660614014, 73.9643859863, 130.825180054, 54.0859642029, 123.579032898, 59.80834198, 48.3722305298, 37.5502586365, 14.267663002, 22.5191688538], [118.662689209, -93.5059738159, 140.85017395, 130.886032104, 66.7665481567, 108.118545532, 28.0739517212, 59.80834198, 118.033691406, 53.7924385071, 22.7929763794, 14.1795682907, 15.8103961945], [108.468360901, -42.1311569214, 121.201782227, 61.9846305847, 72.2741699219, 93.6510925293, 46.8863601685, 48.3722305298, 53.7924385071, 92.6679992676, 45.2569847107, 17.1706295013, 14.2116365433], [81.266998291, -28.5759181976, 75.578994751, 36.6850166321, 19.261920929, 89.8017883301, 29.3976478577, 37.5502586365, 22.7929763794, 45.2569847107, 88.8692398071, 34.1011276245, 21.8750114441], [7.15761518478, -18.184671402, 27.2838001251, 34.5454216003, 29.4536361694, 39.9701080322, 14.7496452332, 14.267663002, 14.1795682907, 17.1706295013, 34.1011276245, 67.255241394, 41.1232452393], [17.5871162415, -37.4580345154, 40.1409797668, 22.7126693726, 16.711681366, 51.5288963318, -3.50719571114, 22.5191688538, 15.8103961945, 14.2116365433, 21.8750114441, 41.1232452393, 83.4434509277]], "icov": [[0.000184327451279, 0.000119164775242, 2.32607144426e-05, 1.26901986732e-05, 1.28714445964e-05, -0.000272171164397, 4.92737017339e-05, -1.56724169642e-07, 9.85773513094e-05, -7.812975673e-05, 7.39585011615e-05, 2.33445043705e-05, 0.000131344408146], [0.000119164775242, 0.00072955066571, 0.000622111547273, -7.70112383179e-05, -0.000448796345154, 0.000247719406616, -0.00102854054421, 0.000207885415875, -2.90061216219e-05, 0.000133527821163, -0.00049163075164, 0.000630040362012, -0.000337215926265], [2.32607144426e-05, 0.000622111547273, 0.00203242711723, -0.000227302720305, -0.000872214557603, -0.000999540672638, 0.000200010326807, -0.00121875072364, 0.000347179564415, -0.000377026328351, 4.30143700214e-05, 0.000514599028975, 0.000221315669478], [1.26901986732e-05, -7.70112383179e-05, -0.000227302720305, 0.00369758252054, -0.00074937613681, -0.00121855491307, -0.000407380633987, 0.000524365226738, -0.00313631282188, 0.00127667328343, 0.000326350826072, -0.000988435000181, 0.00058797741076], [1.28714445964e-05, -0.000448796345154, -0.000872214557603, -0.00074937613681, 0.00548219960183, -3.84732775274e-05, -0.00107377639506, -0.000884599110577, 0.000131675667944, -0.00281996722333, 0.00263267848641, -0.00222697737627, 0.000401467725169], [-0.000272171164397, 0.000247719406616, -0.000999540672638, -0.00121855491307, -3.84732775274e-05, 0.00701651116833, -0.00305517064407, -0.000758865906391, -0.00149412709288, 0.000268316071015, -0.00377604551613, 0.00173760240432, -0.0028967699036], [4.92737017339e-05, -0.00102854054421, 0.000200010326807, -0.000407380633987, -0.00107377639506, -0.00305517064407, 0.0118576632813, -0.00351806380786, 0.00263551133685, -0.00311524420977, 0.00145468942355, -0.0027164996136, 0.00408072490245], [-1.56724169642e-07, 0.000207885415875, -0.00121875072364, 0.000524365226738, -0.000884599110577, -0.000758865906391, -0.00351806380786, 0.016153678298, -0.00455737719312, 0.0002515995875, -0.00309734093025, 0.00281397928484, -0.00307878851891], [9.85773513094e-05, -2.90061216219e-05, 0.000347179564415, -0.00313631282188, 0.000131675667944, -0.00149412709288, 0.00263551133685, -0.00455737719312, 0.017225144431, -0.00741605646908, 0.00301632820629, -0.000940302270465, 0.000561859807931], [-7.812975673e-05, 0.000133527821163, -0.000377026328351, 0.00127667328343, -0.00281996722333, 0.000268316071015, -0.00311524420977, 0.0002515995875, -0.00741605646908, 0.0223610848188, -0.00892493501306, 0.00228748028167, -0.00108037574682], [7.39585011615e-05, -0.00049163075164, 4.30143700214e-05, 0.000326350826072, 0.00263267848641, -0.00377604551613, 0.00145468942355, -0.00309734093025, 0.00301632820629, -0.00892493501306, 0.021873883903, -0.00981754716486, 0.00240835826844], [2.33445043705e-05, 0.000630040362012, 0.000514599028975, -0.000988435000181, -0.00222697737627, 0.00173760240432, -0.0027164996136, 0.00281397928484, -0.000940302270465, 0.00228748028167, -0.00981754716486, 0.0274226851761, -0.012353588827], [0.000131344408146, -0.000337215926265, 0.000221315669478, 0.00058797741076, 0.000401467725169, -0.0028967699036, 0.00408072490245, -0.00307878851891, 0.000561859807931, -0.00108037574682, 0.00240835826844, -0.012353588827, 0.0197838116437]]}, "spectral_contrast_coeffs": {"dmean": [0.0503761731088, 0.0557995550334, 0.0418156199157, 0.0395082421601, 0.0270110275596, 0.0293972976506], "dmean2": [0.0810881704092, 0.0908319801092, 0.0664365887642, 0.0605825148523, 0.043565236032, 0.045674495399], "dvar": [0.00183475040831, 0.00247955298983, 0.00139526615385, 0.00130646966863, 0.000737082387786, 0.000763037474826], "dvar2": [0.00482255453244, 0.00634263781831, 0.00342039531097, 0.00307308929041, 0.00171140453313, 0.00167722266633], "max": [-0.330544352531, -0.413980543613, -0.473073363304, -0.513250291348, -0.590497434139, -0.495594769716], "mean": [-0.66526132822, -0.715710639954, -0.744434356689, -0.77331507206, -0.79268848896, -0.746024608612], "median": [-0.680294156075, -0.721382260323, -0.750622153282, -0.779861569405, -0.802376151085, -0.750376462936], "min": [-0.958336412907, -0.985091865063, -0.952322244644, -0.969378888607, -0.962728798389, -0.961372971535], "var": [0.00615441566333, 0.00625783810392, 0.00455809012055, 0.00422971695662, 0.00229620514438, 0.00268217897974]}, "spectral_contrast_valleys": {"dmean": [0.499219864607, 0.542412221432, 0.475622147322, 0.488154858351, 0.528346478939, 0.759778678417], "dmean2": [0.748281180859, 0.837428092957, 0.765369236469, 0.747048020363, 0.741869211197, 0.995840966702], "dvar": [0.277900069952, 0.397782385349, 0.34949451685, 0.36420109868, 0.395952582359, 0.807460665703], "dvar2": [0.521991670132, 0.86630576849, 0.791105270386, 0.790604710579, 0.758186817169, 1.35594975948], "max": [-5.17165899277, -4.40722370148, -4.97035741806, -5.54080438614, -5.75258970261, -7.47655630112], "mean": [-7.44692516327, -6.9813904762