{"lowlevel": {"average_loudness": 0.961270689964, "barkbands_crest": {"dmean": 2.6052134037, "dmean2": 3.96641087532, "dvar": 6.7313580513, "dvar2": 13.6634111404, "max": 24.2896518707, "mean": 11.4382667542, "median": 10.8400468826, "min": 2.16931319237, "var": 25.205121994}, "barkbands_flatness_db": {"dmean": 0.0347345620394, "dmean2": 0.0496114939451, "dvar": 0.00125917245168, "dvar2": 0.00259166234173, "max": 0.479100614786, "mean": 0.155685797334, "median": 0.139701932669, "min": 0.0140589866787, "var": 0.00814417935908}, "barkbands_kurtosis": {"dmean": 3.82036972046, "dmean2": 5.81566476822, "dvar": 26.373922348, "dvar2": 52.9938926697, "max": 73.9593505859, "mean": 5.94316673279, "median": 3.1509346962, "min": -1.90336310863, "var": 70.8699417114}, "barkbands_skewness": {"dmean": 0.637253940105, "dmean2": 0.95111978054, "dvar": 0.405245602131, "dvar2": 0.813883543015, "max": 7.71800470352, "mean": 1.80935442448, "median": 1.58466410637, "min": -2.34431290627, "var": 1.52718687057}, "barkbands_spread": {"dmean": 11.1501808167, "dmean2": 16.8847827911, "dvar": 250.169219971, "dvar2": 523.807434082, "max": 117.024024963, "mean": 23.5501785278, "median": 15.0689287186, "min": 0.924119651318, "var": 459.292724609}, "dissonance": {"dmean": 0.0285613276064, "dmean2": 0.045329965651, "dvar": 0.000689481094014, "dvar2": 0.00162727490533, "max": 0.499927341938, "mean": 0.436794877052, "median": 0.445226341486, "min": 0.234214991331, "var": 0.00180598767474}, "dynamic_complexity": 2.47514295578, "erbbands_crest": {"dmean": 3.09974241257, "dmean2": 4.64882898331, "dvar": 9.37495803833, "dvar2": 18.5789985657, "max": 30.6191902161, "mean": 10.9888734818, "median": 9.91061210632, "min": 2.19928860664, "var": 31.6147384644}, "erbbands_flatness_db": {"dmean": 0.028835946694, "dmean2": 0.0378658622503, "dvar": 0.000930746202357, "dvar2": 0.0017266998766, "max": 0.447740733624, "mean": 0.150765582919, "median": 0.139335736632, "min": 0.0409024991095, "var": 0.00495361583307}, "erbbands_kurtosis": {"dmean": 1.65035068989, "dmean2": 2.49026274681, "dvar": 5.45466423035, "dvar2": 11.4204921722, "max": 49.8604774475, "mean": 1.20956718922, "median": 0.295369625092, "min": -1.73033797741, "var": 9.04619216919}, "erbbands_skewness": {"dmean": 0.480404406786, "dmean2": 0.719521701336, "dvar": 0.221841230989, "dvar2": 0.50156211853, "max": 4.4400806427, "mean": 0.769641041756, "median": 0.731419861317, "min": -1.83734130859, "var": 0.579404473305}, "erbbands_spread": {"dmean": 15.3776054382, "dmean2": 22.2150478363, "dvar": 331.056549072, "dvar2": 629.120544434, "max": 173.108093262, "mean": 40.9264183044, "median": 32.7805786133, "min": 2.49986934662, "var": 694.028198242}, "hfc": {"dmean": 31.9095344543, "dmean2": 49.5471229553, "dvar": 3562.38745117, "dvar2": 8674.39453125, "max": 424.284515381, "mean": 39.5654716492, "median": 14.6505813599, "min": 1.15699372305e-09, "var": 3654.43334961}, "melbands_crest": {"dmean": 3.60545802116, "dmean2": 5.47800540924, "dvar": 13.2432155609, "dvar2": 27.9597835541, "max": 32.17212677, "mean": 17.1044006348, "median": 16.2253074646, "min": 2.71894907951, "var": 47.854675293}, "melbands_flatness_db": {"dmean": 0.0426646173, "dmean2": 0.060879804194, "dvar": 0.00190137745813, "dvar2": 0.00368182337843, "max": 0.579913794994, "mean": 0.238096043468, "median": 0.229006946087, "min": 0.0111710261554, "var": 0.0115797286853}, "melbands_kurtosis": {"dmean": 9.33377361298, "dmean2": 14.0965242386, "dvar": 281.804901123, "dvar2": 626.307250977, "max": 252.817230225, "mean": 16.5749149323, "median": 9.71099472046, "min": -1.64215934277, "var": 482.063751221}, "melbands_skewness": {"dmean": 0.890860080719, "dmean2": 1.27030181885, "dvar": 0.996410906315, "dvar2": 1.88082265854, "max": 14.0626420975, "mean": 2.82833528519, "median": 2.52026820183, "min": -1.28753483295, "var": 3.01712036133}, "melbands_spread": {"dmean": 8.39903736115, "dmean2": 13.086359024, "dvar": 143.294677734, "dvar2": 316.235290527, "max": 171.640594482, "mean": 19.5154132843, "median": 14.1454401016, "min": 0.680918633938, "var": 330.493499756}, "pitch_salience": {"dmean": 0.0742149502039, "dmean2": 0.112216122448, "dvar": 0.00565198715776, "dvar2": 0.0116661647335, "max": 0.878925085068, "mean": 0.504199266434, "median": 0.507732629776, "min": 0.12232747674, "var": 0.0191327258945}, "silence_rate_20dB": {"dmean": 0, "dmean2": 0, "dvar": 0, "dvar2": 0, "max": 1, "mean": 1, "median": 1, "min": 1, "var": 0}, "silence_rate_30dB": {"dmean": 0.0729068666697, "dmean2": 0.145848035812, "dvar": 0.0675889477134, "dvar2": 0.141046285629, "max": 1, "mean": 0.916764616966, "median": 1, "min": 0, "var": 0.0763064995408}, "silence_rate_60dB": {"dmean": 0.0126999057829, "dmean2": 0.0251705478877, "dvar": 0.0125381555408, "dvar2": 0.0334783382714, "max": 1, "mean": 0.0300964023918, "median": 0, "min": 0, "var": 0.0291898921132}, "spectral_centroid": {"dmean": 320.899414062, "dmean2": 501.394683838, "dvar": 160148.359375, "dvar2": 349311.09375, "max": 4075.93139648, "mean": 1105.14306641, "median": 912.32989502, "min": 159.42401123, "var": 449051.125}, "spectral_complexity": {"dmean": 5.35841941833, "dmean2": 7.99411916733, "dvar": 48.2961235046, "dvar2": 86.3177261353, "max": 65, "mean": 17.1119213104, "median": 14, "min": 0, "var": 116.491142273}, "spectral_decrease": {"dmean": 3.9435890109e-09, "dmean2": 5.60321522514e-09, "dvar": 3.21729583147e-17, "dvar2": 5.79498980527e-17, "max": 1.23792849522e-21, "mean": -1.17021174972e-08, "median": -9.73950342598e-09, "min": -4.9733415608e-08, "var": 8.93089503493e-17}, "spectral_energy": {"dmean": 0.0170504488051, "dmean2": 0.0243936888874, "dvar": 0.000545748160221, "dvar2": 0.000997508876026, "max": 0.194547921419, "mean": 0.0477551929653, "median": 0.0410812608898, "min": 1.00270499911e-13, "var": 0.00141005229671}, "spectral_energyband_high": {"dmean": 0.00291361403652, "dmean2": 0.0046428325586, "dvar": 3.19325263263e-05, "dvar2": 7.74942091084e-05, "max": 0.0380926132202, "mean": 0.00287953834049, "median": 0.00036899454426, "min": 7.61403540586e-14, "var": 3.18950333167e-05}, "spectral_energyband_low": {"dmean": 0.011573378928, "dmean2": 0.0164491161704, "dvar": 0.000368586392142, "dvar2": 0.000725428573787, "max": 0.167280510068, "mean": 0.0280945897102, "median": 0.0177720207721, "min": 2.16037320208e-15, "var": 0.000971785164438}, "spectral_energyband_middle_high": {"dmean": 0.00172149727587, "dmean2": 0.00275682215579, "dvar": 9.63951060839e-06, "dvar2": 2.33338469116e-05, "max": 0.0262431874871, "mean": 0.00316657987423, "median": 0.00189824099652, "min": 1.02521835558e-14, "var": 1.32357536131e-05}, "spectral_energyband_middle_low": {"dmean": 0.00588204013184, "dmean2": 0.00952564366162, "dvar": 0.000112058376544, "dvar2": 0.000290733732982, "max": 0.100228659809, "mean": 0.0150125008076, "median": 0.0122972447425, "min": 1.83075647165e-15, "var": 0.000140998323332}, "spectral_entropy": {"dmean": 0.348445773125, "dmean2": 0.488779246807, "dvar": 0.14268194139, "dvar2": 0.282638162374, "max": 8.83422756195, "mean": 7.49960374832, "median": 7.54324436188, "min": 5.33781576157, "var": 0.51010543108}, "spectral_flux": {"dmean": 0.0443955026567, "dmean2": 0.0701631605625, "dvar": 0.00308859255165, "dvar2": 0.00589066091925, "max": 0.361664503813, "mean": 0.0969188734889, "median": 0.0737402737141, "min": 1.05449025796e-05, "var": 0.00557063240558}, "spectral_kurtosis": {"dmean": 4.08708429337, "dmean2": 6.31966972351, "dvar": 49.4596862793, "dvar2": 129.478942871, "max": 92.6166534424, "mean": 7.13360118866, "median": 3.39377117157, "min": -0.407122135162, "var": 105.507965088}, "spectral_rms": {"dmean": 0.00122149416711, "dmean2": 0.0017084464198, "dvar": 2.45501928475e-06, "dvar2": 4.01208626499e-06, "max": 0.0137768955901, "mean": 0.00621159980074, "median": 0.0063308198005, "min": 9.89064652401e-09, "var": 8.00631460152e-06}, "spectral_rolloff": {"dmean": 1156.85473633, "dmean2": 1985.95031738, "dvar": 5000012, "dvar2": 11419888, "max": 18927.6855469, "mean": 1763.21252441, "median": 689.0625, "min": 64.599609375, "var": 6374355}, "spectral_skewness": {"dmean": 0.498735040426, "dmean2": 0.73740786314, "dvar": 0.34220212698, "dvar2": 0.835600614548, "max": 7.57897615433, "mean": 1.87991130352, "median": 1.60132205486, "min": 0.488803267479, "var": 0.939675152302}, "spectral_spread": {"dmean": 1432586.125, "dmean2": 1865620.375, "dvar": 2621904519170.0, "dvar2": 4422839566340.0, "max": 13681812, "mean": 5957338.5, "median": 5629720, "min": 900638.125, "var": 9102869659650.0}, "spectral_strongpeak": {"dmean": 0.368567109108, "dmean2": 0.625560462475, "dvar": 0.450733870268, "dvar2": 1.0852432251, "max": 15.6335105896, "mean": 0.810565948486, "median": 0.483987987041, "min": 0, "var": 0.805622041225}, "zerocrossingrate": {"dmean": 0.0207841079682, "dmean2": 0.0242732409388, "dvar": 0.000668173772283, "dvar2": 0.000899329606909, "max": 0.48681640625, "mean": 0.0659757182002, "median": 0.04736328125, "min": 0.00244140625, "var": 0.00307026063092}, "barkbands": {"dmean": [0.00114391860552, 0.0080183763057, 0.00442163273692, 0.00241847475991, 0.00159191444982, 0.00071795337135, 0.000606989429798, 0.00102820340544, 0.00177169952076, 0.000275139405858, 0.000376938522095, 0.000215928084799, 0.000281177228317, 0.000265844457317, 0.000150675230543, 0.00020039784431, 0.000169083112269, 0.000186511548236, 0.000163989243447, 0.000194069813006, 0.000221051814151, 0.000391078123357, 0.000433729379438, 0.000481015944388, 0.000719329516869, 0.000654757022858, 7.64776195865e-05], "dmean2": [0.00163280928973, 0.0112662343308, 0.00748623348773, 0.00417090207338, 0.00269884779118, 0.0011800742941, 0.000981564400718, 0.00156887667254, 0.00255087576807, 0.00041515668272, 0.000575713231228, 0.000361147394869, 0.000458753638668, 0.000421137810918, 0.000253239530139, 0.000338054232998, 0.000290746655082, 0.000319779035635, 0.000267724593868, 0.000333141884767, 0.000347082095686, 0.000630415743217, 0.000717344752047, 0.000791036931332, 0.0012028113706, 0.00105468207039, 0.000130517801153], "dvar": [3.46468277712e-06, 0.000175954977749, 0.000152913620695, 3.89465240005e-05, 1.03123657027e-05, 1.49665117988e-06, 1.66056736361e-06, 3.40096084983e-06, 1.27738676383e-05, 2.51643172078e-07, 4.93643142363e-07, 2.06201292485e-07, 2.11894985114e-07, 2.67871627102e-07, 1.07195567978e-07, 1.59264232025e-07, 9.78525989126e-08, 1.40653142466e-07, 1.15706534132e-07, 1.41761560712e-07, 2.0566135106e-07, 5.34271123342e-07, 6.25459733783e-07, 8.67740766353e-07, 2.19186176764e-06, 2.26592169383e-06, 2.45249616171e-08], "dvar2": [9.54513234319e-06, 0.000326316978317, 0.000394230009988, 0.000107992003905, 2.80633321381e-05, 4.13207999372e-06, 4.2542983465e-06, 7.21682590665e-06, 2.60753713519e-05, 5.40382359304e-07, 1.10482756099e-06, 5.38250219506e-07, 5.36974312126e-07, 6.47706031032e-07, 2.75210879863e-07, 4.04678502264e-07, 2.57974249962e-07, 3.86443645084e-07, 2.84446372234e-07, 3.49182244008e-07, 4.56706771956e-07, 1.27692931073e-06, 1.59567900937e-06, 2.06035042538e-06, 5.58274041396e-06, 5.56115037398e-06, 6.34358841012e-08], "max": [0.0131048392504, 0.134534150362, 0.0951000601053, 0.053045604378, 0.0280576255172, 0.0169778577983, 0.0250488296151, 0.0266857892275, 0.0666794478893, 0.0133435353637, 0.0135070336983, 0.00419877050444, 0.00685815280303, 0.0047644325532, 0.00463865557685, 0.00631398987025, 0.00345117039979, 0.00408944673836, 0.0044236346148, 0.00336722983047, 0.005294484552, 0.0050180926919, 0.00651241792366, 0.00620382418856, 0.00986331049353, 0.0105980085209, 0.00116068939678], "mean": [0.00219976529479, 0.0194883942604, 0.00519695645198, 0.002529687481, 0.00327237462625, 0.00142690609209, 0.00119374773931, 0.00238130101934, 0.00382483541034, 0.000516225176398, 0.000665074621793, 0.000242238325882, 0.00043041666504, 0.000340018887073, 0.000169543956872, 0.000264798058197, 0.00021383188141, 0.000229684868827, 0.00019230991893, 0.000209276768146, 0.00027099205181, 0.000397884054109, 0.000398145668441, 0.000464419077616, 0.000608826638199, 0.000560333486646, 6.71440939186e-05], "median": [0.00125540129375, 0.00878937914968, 0.00132651766762, 0.00113589374814, 0.00198196270503, 0.000950849382207, 0.00048224319471, 0.0011045623105, 0.00157097936608, 0.000251017103437, 0.000281306274701, 9.59355529631e-05, 0.000206214230275, 0.000114167683932, 7.05110069248e-05, 9.39854289754e-05, 7.13306653779e-05, 5.82835600653e-05, 4.76892746519e-05, 4.01202196372e-05, 5.57502207812e-05, 5.3923620726e-05, 4.87075994897e-05, 4.67771060357e-05, 3.67815955542e-05, 2.54432234215e-05, 5.21028687217e-06], "min": [1.52231831775e-15, 1.15789848582e-15, 2.06152016903e-16, 1.22690194546e-16, 2.38511137178e-16, 5.94306003183e-16, 5.59325554165e-16, 2.21637499715e-16, 8.75751466982e-17, 4.26643381779e-17, 1.01768096937e-16, 1.77770523644e-16, 6.14265328734e-16, 6.56160425338e-16, 9.38621031654e-16, 2.82417047647e-15, 1.61359384699e-15, 1.07846394778e-15, 1.30959287519e-15, 2.53303212349e-15, 5.94863573209e-15, 3.91088918384e-15, 5.35765703314e-15, 6.35742653792e-15, 1.22938709248e-14, 1.75376494604e-14, 2.55749994072e-14], "var": [6.7410792326e-06, 0.000534715363756, 0.000148854072904, 2.64556165348e-05, 1.24414655147e-05, 2.32898855757e-06, 4.35111815023e-06, 1.07920750452e-05, 3.39594917023e-05, 6.06947537563e-07, 1.09204268028e-06, 1.87128250673e-07, 3.49257334165e-07, 3.62774443374e-07, 1.22670741121e-07, 2.20044682919e-07, 1.18137450045e-07, 1.74608061343e-07, 1.38387903803e-07, 1.67878269508e-07, 2.77257981907e-07, 5.78133892759e-07, 5.71380326164e-07, 8.8831558287e-07, 1.86628130905e-06, 2.02066757993e-06, 2.18335909352e-08]}, "erbbands": {"dmean": [0.38636225462, 1.49809443951, 4.62586736679, 6.64581823349, 6.15997362137, 5.50830364227, 4.39186143875, 6.75675773621, 5.97738409042, 24.1364212036, 13.6663560867, 50.3463172913, 12.8753728867, 6.66899061203, 17.0364246368, 9.40015983582, 13.0773963928, 12.8268318176, 9.09105205536, 10.4917650223, 8.69067192078, 8.92691612244, 11.1315383911, 7.88954353333, 8.40974998474, 8.92086982727, 8.42463207245, 9.16286468506, 11.935005188, 17.4108543396, 10.6640605927, 11.1677360535, 7.34727621078, 7.9509935379, 4.94183921814, 3.05361962318, 1.32792842388, 0.160041168332, 0.0152413593605, 0.000513909209985], "dmean2": [0.548750519753, 2.21401190758, 7.66248655319, 11.2058534622, 10.592502594, 9.17209625244, 7.00546693802, 11.215177536, 9.45713710785, 37.1551170349, 21.314617157, 72.481300354, 18.9020118713, 11.1207380295, 25.9779186249, 15.5480213165, 21.3382511139, 19.764093399, 14.9340457916, 17.5389881134, 14.8007688522, 15.0254735947, 18.8855686188, 13.2180767059, 13.533572197, 15.0343027115, 13.4081687927, 14.3471927643, 19.0401115417, 29.1270961761, 17.4731845856, 18.9745330811, 11.8663034439, 13.2408075333, 8.14350891113, 4.99288225174, 2.15973591805, 0.2629378438, 0.0259889122099, 0.000858218583744], "dvar": [0.44128254056, 8.39877700806, 155.768722534, 326.009033203, 231.699401855, 106.342750549, 42.3621482849, 130.495742798, 163.864776611, 1883.10290527, 529.588928223, 10594.4775391, 468.594787598, 185.094589233, 1120.70861816, 365.660247803, 452.372253418, 549.567382812, 403.28994751, 454.089019775, 285.236663818, 280.591278076, 482.023681641, 274.976593018, 236.12461853, 327.024078369, 328.201782227, 290.457122803, 460.905181885, 1111.0201416, 373.0574646, 518.532775879, 191.254165649, 239.748794556, 107.693412781, 48.7099876404, 10.0532226562, 0.120542541146, 0.00105046923272, 1.19283618005e-06], "dvar2": [0.965197503567, 18.2858524323, 392.014923096, 878.251464844, 627.527099609, 277.944763184, 101.865570068, 368.080291748, 459.1015625, 4234.80810547, 1239.15100098, 21765.4824219, 959.322753906, 487.267028809, 2526.0793457, 963.823425293, 1149.63415527, 1294.36462402, 1004.99578857, 1165.59362793, 726.921813965, 729.06072998, 1326.60656738, 721.320495605, 536.989074707, 793.981811523, 717.962097168, 640.914245605, 1064.71643066, 2894.82397461, 940.068969727, 1339.52368164, 434.317871094, 608.118774414, 264.623779297, 121.83291626, 25.3362178802, 0.302121847868, 0.00273141404614, 3.07340383188e-06], "max": [5.99334716797, 26.5846366882, 97.2054824829, 165.755233765, 119.974609375, 97.7394866943, 113.273742676, 165.020294189, 181.736450195, 706.941162109, 324.901306152, 1936.59216309, 531.029052734, 151.028030396, 678.131408691, 174.570251465, 327.793457031, 257.26852417, 282.997497559, 333.298553467, 253.720046997, 180.010421753, 273.694335938, 192.15397644, 169.973480225, 162.543426514, 217.759643555, 165.885482788, 151.356262207, 223.701095581, 166.624557495, 158.727798462, 95.5026702881, 108.623397827, 70.1688232422, 49.4374046326, 23.3062438965, 2.47342920303, 0.246825248003, 0.0114984698594], "mean": [0.818535923958, 3.31247830391, 6.3898639679, 7.2473025322, 8.53945064545, 12.3889780045, 10.3388175964, 12.4042644501, 12.4839544296, 55.7746391296, 33.0191764832, 108.341186523, 29.7813625336, 9.54672813416, 30.7024555206, 12.8326654434, 20.4014663696, 18.7701702118, 10.5769042969, 13.2769937515, 11.2192964554, 11.4450025558, 14.8394708633, 8.9133348465, 10.0004119873, 9.77879524231, 10.6611423492, 10.9618053436, 12.6115570068, 15.5873537064, 10.1350603104, 9.8707151413, 7.35401153564, 6.81702518463, 4.25327587128, 2.55195498466, 1.11425900459, 0.139714390039, 0.0130352396518, 0.000502777344082], "median": [0.362444758415, 1.39198577404, 1.68426334858, 3.96514225006, 5.43601989746, 6.58771800995, 7.49950647354, 8.17770671844, 7.32175111771, 25.5092754364, 20.8166656494, 44.4510650635, 18.3425140381, 4.84461259842, 12.8090438843, 6.19423151016, 10.1815776825, 7.75440692902, 4.13437747955, 5.91759729385, 4.62308549881, 4.05198431015, 4.34264802933, 2.52110886574, 2.34520554543, 1.94655919075, 2.0535261631, 2.06639719009, 1.80148613453, 1.79322874546, 1.35982215405, 0.996975421906, 0.74704426527, 0.444143205881, 0.239612236619, 0.115853652358, 0.0432921275496, 0.0080076623708, 0.000955402909312, 9.80281984084e-05], "min": [5.78576222305e-14, 1.7753717062e-13, 2.60527005785e-13, 3.48443658909e-13, 4.86228028326e-13, 8.58916507796e-13, 1.89366317765e-12, 5.99952032498e-12, 9.41209783722e-12, 5.14333801244e-12, 4.66265220878e-12, 2.0783262264e-12, 1.12285625676e-12, 2.49291971614e-12, 6.57182728375e-12, 6.74456237387e-12, 2.59070577491e-11, 2.97766707125e-11, 4.7053451413e-11, 7.32884308796e-11, 1.7018235432e-10, 8.34149346818e-11, 5.47658654537e-11, 6.68875302368e-11, 6.68706617857e-11, 1.481864631e-10, 3.02077474146e-10, 1.48426784752e-10, 1.56590199141e-10, 1.24327270701e-10, 1.45468317947e-10, 1.66822861081e-10, 1.00888214449e-10, 1.35298966475e-10, 7.78017858472e-11, 6.87511297892e-11, 3.11171088896e-11, 1.11151530688e-11, 3.77632343798e-12, 4.0265707435e-13], "var": [1.15719401836, 20.8895893097, 198.36315918, 228.337402344, 173.82093811, 182.685043335, 104.277526855, 183.215332031, 232.580459595, 6012.63916016, 1219.63989258, 27524.359375, 1335.25927734, 186.554656982, 2475.80615234, 361.480712891, 729.363830566, 858.339782715, 466.853393555, 554.754577637, 361.284881592, 338.361358643, 663.61517334, 292.338806152, 339.109680176, 390.284393311, 447.652496338, 420.042999268, 548.251159668, 965.658752441, 356.844512939, 448.817138672, 210.617019653, 208.814208984, 96.6915817261, 41.7010955811, 8.56873130798, 0.106577187777, 0.000899246544577, 1.13014743874e-06]}, "gfcc": {"mean": [9.25911712646, 89.7729263306, -88.8531723022, 13.7225055695, -57.8778343201, 13.3726730347, -27.4404067993, 13.3500156403, -13.4327106476, 7.07455968857, -14.3610649109, 0.856259465218, -11.5033807755], "cov": [[10619.0488281, -4288.83398438, 2030.6105957, 1109.82751465, -229.023986816, 1069.87744141, -230.053237915, 746.093017578, -163.835128784, 487.297180176, -551.942504883, 269.465179443, -554.107299805], [-4288.83398438, 4066.28222656, -694.628723145, -140.100097656, 726.614868164, -544.643493652, 396.45401001, -383.745605469, 279.894836426, -344.673370361, 434.183074951, -268.532104492, 351.844512939], [2030.6105957, -694.628723145, 1390.74780273, 297.688354492, 157.906997681, 442.444915771, 10.6775884628, 163.768814087, -35.9608459473, 110.791549683, -149.885177612, 73.6977233887, -128.914276123], [1109.82751465, -140.100097656, 297.688354492, 490.13369751, 102.375724792, 135.666122437, 78.411239624, 50.8534851074, 1.33274614811, 6.26640224457, -19.117017746, -9.7416601181, -23.8599243164], [-229.023986816, 726.614868164, 157.906997681, 102.375724792, 416.109161377, 16.1950149536, 93.4692840576, -15.7267589569, 40.5784797668, -59.5296669006, 59.4348068237, -30.6679649353, 54.0954284668], [1069.87744141, -544.643493652, 442.444915771, 135.666122437, 16.1950149536, 277.479553223, -20.5022754669, 101.357292175, -15.2941522598, 76.1156997681, -85.5673065186, 50.6736488342, -68.8074951172], [-230.053237915, 396.45401001, 10.6775884628, 78.411239624, 93.4692840576, -20.5022754669, 161.807571411, -16.6020450592, 50.2327003479, -27.2753582001, 50.216003418, -38.3687286377, 21.7336711884], [746.093017578, -383.745605469, 163.768814087, 50.8534851074, -15.7267589569, 101.357292175, -16.6020450592, 165.26663208, 9.88788890839, 71.2220153809, -49.9094963074, 38.3802719116, -46.6497802734], [-163.835128784, 279.894836426, -35.9608459473, 1.33274614811, 40.5784797668, -15.2941522598, 50.2327003479, 9.88788890839, 116.966217041, 8.27467918396, 39.2202720642, -18.7134952545, 14.8471632004], [487.297180176, -344.673370361, 110.791549683, 6.26640224457, -59.5296669006, 76.1156997681, -27.2753582001, 71.2220153809, 8.27467918396, 126.317863464, -23.1155567169, 38.5793647766, -30.5473098755], [-551.942504883, 434.183074951, -149.885177612, -19.117017746, 59.4348068237, -85.5673065186, 50.216003418, -49.9094963074, 39.2202720642, -23.1155567169, 131.307815552, 0.789759457111, 41.5758705139], [269.465179443, -268.532104492, 73.6977233887, -9.7416601181, -30.6679649353, 50.6736488342, -38.3687286377, 38.3802719116, -18.7134952545, 38.5793647766, 0.789759457111, 100.409011841, -3.65657424927], [-554.107299805, 351.844512939, -128.914276123, -23.8599243164, 54.0954284668, -68.8074951172, 21.7336711884, -46.6497802734, 14.8471632004, -30.5473098755, 41.5758705139, -3.65657424927, 97.6369476318]], "icov": [[0.000335393182468, 0.000213635532418, -0.000105174185592, -0.000537623360287, -0.000193404746824, 6.5907388489e-06, 0.000141698154039, -0.000396261631977, -0.000178400499863, -0.000202656112378, 0.000212757586269, -9.48328452068e-05, 0.000623817904852], [0.000213635532418, 0.00153805536684, -0.000237398198806, 0.000139018069603, -0.00153870717622, 0.000867167836986, -0.00072401057696, 0.000473982654512, -0.00158280762844, 0.000821926572826, -0.00163809605874, 0.00170981534757, -0.00149891956244], [-0.000105174185592, -0.000237398198806, 0.00174104806501, -9.39632227528e-05, -0.000512314669322, -0.00211209710687, -0.000376153970137, 0.000283966510324, 0.000483138224808, -0.000393875670852, 0.000918630859815, -0.000714293622877, 0.000934601062909], [-0.000537623360287, 0.000139018069603, -9.39632227528e-05, 0.00383162940852, -0.000348103319993, -0.00100162008312, -0.00179762835614, 0.000339730002452, 0.000403510261094, 0.0010580503149, -0.00131909607444, 0.00145103107207, -0.00180461781565], [-0.000193404746824, -0.00153870717622, -0.000512314669322, -0.000348103319993, 0.00538386683911, -0.00151949748397, 0.000120217671792, -0.00138238677755, 0.00130918005016, 0.00107875093818, -0.00030237986357, -0.000465656048618, -0.000805469346233], [6.5907388489e-06, 0.000867167836986, -0.00211209710687, -0.00100162008312, -0.00151949748397, 0.0110180201009, -0.000345464068232, -0.000258004583884, -0.00170995004009, -0.00162153958809, 0.00239485711791, -0.00197798549198, 0.00109806354158], [0.000141698154039, -0.00072401057696, -0.000376153970137, -0.00179762835614, 0.000120217671792, -0.000345464068232, 0.0104306600988, -0.00102579290979, -0.00176112772897, 0.000294868543278, -0.00199618167244, 0.0019715570379, 0.000639166508336], [-0.000396261631977, 0.000473982654512, 0.000283966510324, 0.000339730002452, -0.00138238677755, -0.000258004583884, -0.00102579290979, 0.0115219028667, -0.00275056576356, -0.00308418623172, 0.0022760713473, -0.00223366380669, 0.00121898052748], [-0.000178400499863, -0.00158280762844, 0.000483138224808, 0.000403510261094, 0.00130918005016, -0.00170995004009, -0.00176112772897, -0.00275056576356, 0.0133903874084, -0.00266407313757, -0.00159519317094, 0.00111879152246, 0.0004267617187], [-0.000202656112378, 0.000821926572826, -0.000393875670852, 0.0010580503149, 0.00107875093818, -0.00162153958809, 0.000294868543278, -0.00308418623172, -0.00266407313757, 0.0138391926885, -0.00292917550541, -0.000278865743894, -0.00168135284912], [0.000212757586269, -0.00163809605874, 0.000918630859815, -0.00131909607444, -0.00030237986357, 0.00239485711791, -0.00199618167244, 0.0022760713473, -0.00159519317094, -0.00292917550541, 0.0171275865287, -0.00788059551269, 0.00312582682818], [-9.48328452068e-05, 0.00170981534757, -0.000714293622877, 0.00145103107207, -0.000465656048618, -0.00197798549198, 0.0019715570379, -0.00223366380669, 0.00111879152246, -0.000278865743894, -0.00788059551269, 0.0180681906641, -0.00615521613508], [0.000623817904852, -0.00149891956244, 0.000934601062909, -0.00180461781565, -0.000805469346233, 0.00109806354158, 0.000639166508336, 0.00121898052748, 0.0004267617187, -0.00168135284912, 0.00312582682818, -0.00615521613508, 0.0194845497608]]}, "melbands": {"dmean": [0.00269091152586, 0.00215669465251, 0.00112387165427, 0.000398654490709, 0.000173124179128, 0.000147037339048, 9.57783704507e-05, 0.000275223777862, 0.00013691316417, 0.000300826330204, 5.68636969547e-05, 2.52799363807e-05, 5.19040586369e-05, 3.21400002576e-05, 2.76178216154e-05, 2.61330878857e-05, 2.60434608208e-05, 1.59652663569e-05, 1.17798272186e-05, 1.68392107298e-05, 8.75444311532e-06, 8.11761765362e-06, 1.29691889015e-05, 7.85603970144e-06, 6.34348816675e-06, 6.55551593809e-06, 6.1590221776e-06, 5.94563425693e-06, 4.97539303979e-06, 6.01346118856e-06, 5.16682439411e-06, 6.06911635259e-06, 9.82193068921e-06, 9.58691089181e-06, 5.95962274019e-06, 6.24445056019e-06, 7.41396797821e-06, 4.84692509417e-06, 5.29678300154e-06, 7.55353357818e-06], "dmean2": [0.00366226048209, 0.00339263025671, 0.00186115538236, 0.00068896682933, 0.000273463811027, 0.000241874833591, 0.00015246111434, 0.000420347379986, 0.000210786703974, 0.000430499640061, 8.47876726766e-05, 4.26496335422e-05, 7.98564360593e-05, 5.131128637e-05, 4.64194708911e-05, 4.20556716563e-05, 4.0586310206e-05, 2.65818998741e-05, 2.01447346626e-05, 2.86221875285e-05, 1.49729185068e-05, 1.39211606438e-05, 2.19876965275e-05, 1.34481315399e-05, 1.07247133201e-05, 1.06535853774e-05, 1.02745843833e-05, 1.01528130472e-05, 8.13656424725e-06, 9.56139774644e-06, 8.14896793599e-06, 9.54834467848e-06, 1.61620337167e-05, 1.613862878e-05, 9.67796950135e-06, 1.05483049992e-05, 1.26657023429e-05, 7.75061835157e-06, 8.70213261805e-06, 1.28455458253e-05], "dvar": [1.89362835954e-05, 2.78969127976e-05, 8.38488631416e-06, 8.07091453225e-07, 6.17363511424e-08, 6.1438981902e-08, 4.17354790727e-08, 2.38656383544e-07, 7.19380537362e-08, 3.63190679309e-07, 1.01323136548e-08, 2.82685297393e-09, 9.92483872864e-09, 3.96727939389e-09, 2.61097676812e-09, 2.01295402569e-09, 2.40590436462e-09, 1.3077042782e-09, 6.96166013725e-10, 1.05415276508e-09, 2.80887230142e-10, 2.25127028131e-10, 7.83834774865e-10, 2.06755168541e-10, 2.11204595479e-10, 1.42575187767e-10, 1.4971897333e-10, 1.45010781161e-10, 9.86739301378e-11, 1.61556837353e-10, 9.25498705451e-11, 1.24072210839e-10, 3.82998521786e-10, 3.12292386395e-10, 1.10443029722e-10, 1.41080938598e-10, 2.59810506442e-10, 8.54426251973e-11, 9.22568271777e-11, 2.32651634069e-10], "dvar2": [3.82197613362e-05, 6.70076406095e-05, 2.19553221541e-05, 2.20671040552e-06, 1.4710259677e-07, 1.71890675915e-07, 1.15894643216e-07, 5.26065434769e-07, 1.60766816748e-07, 7.25743689145e-07, 2.15100310896e-08, 7.48836104236e-09, 2.24977103613e-08, 9.78960734699e-09, 6.98009605671e-09, 4.9372528288e-09, 5.66352698073e-09, 3.34942362734e-09, 1.84786130841e-09, 2.69816524678e-09, 7.20960458001e-10, 5.84654047397e-10, 2.18761786464e-09, 5.57260237954e-10, 5.65407887176e-10, 3.28396337901e-10, 3.65439900563e-10, 3.56062263007e-10, 2.04576730556e-10, 3.78697045944e-10, 2.09365802473e-10, 2.88391227565e-10, 9.77342096142e-10, 8.15991996195e-10, 2.77379508251e-10, 3.6047151375e-10, 6.79025113914e-10, 1.96936938979e-10, 2.0829364622e-10, 6.05432592948e-10], "max": [0.0404414273798, 0.0426356717944, 0.0250326003879, 0.00703026680276, 0.00350879249163, 0.00350331212394, 0.00283255032264, 0.00733463047072, 0.00454017193988, 0.0109267802909, 0.00262658414431, 0.000508144556079, 0.00203462038189, 0.00095689157024, 0.000671992427669, 0.000644892861601, 0.000546553172171, 0.000407054001698, 0.000241183734033, 0.000499332614709, 0.000204974174267, 0.000194452906726, 0.00032315068529, 0.000155517831445, 0.000176149827894, 0.000122993995319, 0.000123564124806, 0.00011423437536, 0.000106968960608, 0.000158455688506, 8.99970764294e-05, 9.64303835644e-05, 0.000154632492922, 0.000124045749544, 9.63622951531e-05, 9.34457202675e-05, 0.00010949249554, 6.6916232754e-05, 5.86019377806e-05, 0.00011035483476], "mean": [0.00617231987417, 0.00369679625146, 0.0013293948723, 0.000746773381252, 0.000433559151134, 0.000278429099126, 0.000194427120732, 0.000639869249426, 0.000305356283206, 0.00064675102476, 0.000121039178339, 3.03566812363e-05, 9.16103235795e-05, 4.90247657581e-05, 3.44761392626e-05, 4.23415076511e-05, 3.54799594788e-05, 1.77951860678e-05, 1.27744178826e-05, 2.28810276894e-05, 1.0562596799e-05, 1.00097249742e-05, 1.71792144101e-05, 9.53838025453e-06, 6.81392975821e-06, 7.69985490479e-06, 6.69563678457e-06, 6.33566651231e-06, 6.48511968393e-06, 6.83745838614e-06, 6.08417440162e-06, 6.39163090455e-06, 9.18311798159e-06, 8.40806569613e-06, 5.71838108954e-06, 5.62451396036e-06, 6.37890843791e-06, 4.89718695462e-06, 5.17603575645e-06, 6.15248427493e-06], "median": [0.00303731509484, 0.00156708003487, 0.000787625205703, 0.00038933212636, 0.00032800482586, 0.000185304059414, 0.000100972647488, 0.000295581528917, 0.000166722107679, 0.000261525274254, 6.62837192067e-05, 1.23294612422e-05, 3.89926426578e-05, 2.13774383155e-05, 1.60162308021e-05, 1.94812964764e-05, 1.23668751257e-05, 6.24471158517e-06, 5.02754801346e-06, 8.89055991138e-06, 4.20214337282e-06, 3.58858733307e-06, 4.51723644801e-06, 2.51851679423e-06, 1.6725457499e-06, 1.79489711627e-06, 1.35723007588e-06, 1.20790673463e-06, 1.18721004583e-06, 1.44519879086e-06, 9.72817133515e-07, 8.96013318652e-07, 1.13085081921e-06, 9.12247458018e-07, 7.8885500443e-07, 6.53118775062e-07, 5.64953552384e-07, 5.20853859598e-07, 4.48654049023e-07, 3.3572351299e-07], "min": [4.92040539088e-16, 1.7042996407e-16, 6.45301132082e-17, 4.59433085958e-17, 6.14120393455e-17, 1.35059284326e-16, 1.36571595479e-16, 5.26618581281e-17, 3.4803435676e-17, 1.15973873438e-17, 5.27215019862e-18, 9.22024893434e-18, 1.75477168705e-17, 2.38117786327e-17, 2.07913666763e-17, 7.07571420943e-17, 5.400344582e-17, 7.52830707421e-17, 7.37270248959e-17, 1.46453624472e-16, 2.04960744472e-16, 9.00821789336e-17, 4.86149563906e-17, 5.638563334e-17, 5.3231931154e-17, 5.26024367817e-17, 4.80336634869e-17, 9.67722370569e-17, 2.23413939563e-16, 9.91337980011e-17, 7.55747346261e-17, 9.97116928468e-17, 5.841380741e-17, 7.75262786842e-17, 5.87428069182e-17, 1.52366549718e-16, 7.31691412035e-17, 5.85553082344e-17, 9.8982781291e-17, 1.15530966197e-16], "var": [5.50474396732e-05, 4.34790053987e-05, 6.27355939287e-06, 8.42276449475e-07, 1.55536611146e-07, 8.99897898421e-08, 6.77758791312e-08, 7.64774597428e-07, 1.59431152724e-07, 9.94153083411e-07, 2.68887561106e-08, 2.66712918418e-09, 2.07943386954e-08, 5.77013992142e-09, 2.73441269627e-09, 3.74248498858e-09, 3.75751829651e-09, 1.35235533882e-09, 6.75549449713e-10, 1.49573509134e-09, 3.35181160604e-10, 2.57940196979e-10, 9.2248714223e-10, 2.66085375955e-10, 2.02654601433e-10, 1.99070537832e-10, 1.79654027765e-10, 1.68967215219e-10, 1.54168677824e-10, 1.90170046377e-10, 1.35471536766e-10, 1.50321186054e-10, 3.58536533795e-10, 2.70025418692e-10, 1.09600196974e-10, 1.24431062676e-10, 2.15884754518e-10, 9.58366094816e-11, 9.9392494235e-11, 1.88655716049e-10]}, "mfcc": {"mean": [-645.488464355, 130.56362915, 21.0878200531, 11.6596012115, -0.44383880496, 2.84012651443, -1.57290899754, 4.7682800293, 4.46674346924, 5.87210178375, 7.6550321579, 4.97998380661, 0.706963181496], "cov": [[7812.08789062, -3151.31835938, 1119.72106934, 227.363647461, 278.183837891, 301.480438232, 151.400085449, 290.474395752, 220.128005981, 216.194824219, 218.727233887, 92.6061553955, -26.9073562622], [-3151.31835938, 3169.69335938, -560.84185791, 331.605499268, 226.274902344, -14.1747531891, 106.605506897, -8.37581825256, -0.755225241184, -20.0386676788, -1.69514775276, 53.0489082336, 69.8092880249], [1119.72106934, -560.84185791, 944.387145996, 32.7339096069, 194.308822632, 222.416870117, 102.353897095, 113.107894897, 80.8852920532, 74.8525924683, 54.9963722229, 1.97802639008, 21.1529521942], [227.363647461, 331.605499268, 32.7339096069, 391.250610352, 125.872695923, 91.4094161987, 119.124206543, 71.3622207642, 38.0956001282, 38.2388496399, 18.1371097565, 8.12622261047, 9.29778385162], [278.183837891, 226.274902344, 194.308822632, 125.872695923, 298.632171631, 121.644256592, 90.7845535278, 86.3728942871, 48.3951683044, 28.3158493042, 17.5990562439, 1.37008714676, 17.460975647], [301.480438232, -14.1747531891, 222.416870117, 91.4094161987, 121.644256592, 180.873413086, 75.4736785889, 52.7313308716, 41.617023468, 30.2282447815, 13.0841617584, -1.14775264263, 15.1086235046], [151.400085449, 106.605506897, 102.353897095, 119.124206543, 90.7845535278, 75.4736785889, 135.559127808, 52.8233184814, 23.5745983124, 16.6165122986, 7.81444692612, 3.15989923477, 12.0016651154], [290.474395752, -8.37581825256, 113.107894897, 71.3622207642, 86.3728942871, 52.7313308716, 52.8233184814, 114.337905884, 35.5652503967, 15.6337480545, 27.4202594757, 20.5975856781, -2.49522924423], [220.128005981, -0.755225241184, 80.8852920532, 38.0956001282, 48.3951683044, 41.617023468, 23.5745983124, 35.5652503967, 91.3714828491, 49.0638999939, 17.4299697876, 1.97499752045, 7.61292600632], [216.194824219, -20.0386676788, 74.8525924683, 38.2388496399, 28.3158493042, 30.2282447815, 16.6165122986, 15.6337480545, 49.0638999939, 93.545425415, 39.8788146973, 4.54847335815, 3.9282810688], [218.727233887, -1.69514775276, 54.9963722229, 18.1371097565, 17.5990562439, 13.0841617584, 7.81444692612, 27.4202594757, 17.4299697876, 39.8788146973, 95.8714141846, 47.5117263794, -7.0389456749], [92.6061553955, 53.0489082336, 1.97802639008, 8.12622261047, 1.37008714676, -1.14775264263, 3.15989923477, 20.5975856781, 1.97499752045, 4.54847335815, 47.5117263794, 84.0599822998, 18.520236969], [-26.9073562622, 69.8092880249, 21.1529521942, 9.29778385162, 17.460975647, 15.1086235046, 12.0016651154, -2.49522924423, 7.61292600632, 3.9282810688, -7.0389456749, 18.520236969, 81.2179336548]], "icov": [[0.000349826528691, 0.000416101014707, -2.17357628571e-05, -0.000353732059011, -0.00038652686635, 7.19577801647e-05, -4.23581332143e-05, -7.2727278166e-05, -0.000328269758029, -0.000108654036012, -0.000336835742928, -0.000376164301997, -2.92504082609e-05], [0.000416101014707, 0.000958909804467, 0.000333938456606, -0.000687677704263, -0.000988957821392, 0.000174124143086, -0.000256487925071, 0.000277374201687, -0.000466640980449, 9.58742475632e-07, -0.000492196471896, -0.000687314895913, -0.000310194096528], [-2.17357628571e-05, 0.000333938456606, 0.00199938309379, 0.000485555443447, -0.000629919290077, -0.00167749717366, -0.000453847664176, -0.000575050187763, -8.43948073452e-05, -0.000440203468315, -0.000657231488731, 0.000368794135284, -0.000485523487441], [-0.000353732059011, -0.000687677704263, 0.000485555443447, 0.00447941338643, 0.000108498359623, -0.00104233610909, -0.00244708172977, -0.0010893708095, 0.000504811294377, -0.00113495986443, 0.000489174271934, 0.000432480621384, 0.000284694891889], [-0.00038652686635, -0.000988957821392, -0.000629919290077, 0.000108498359623, 0.00665208557621, -0.00212631677277, -0.000688041036483, -0.00259859883226, -0.000121530443721, 0.000321268948028, 0.000133161331178, 0.00159899157006, -0.00049634341849], [7.19577801647e-05, 0.000174124143086, -0.00167749717366, -0.00104233610909, -0.00212631677277, 0.0107597578317, -0.0023931551259, 0.000247100048, -0.00142364366911, -0.000129462758196, 0.000191930870642, 0.000237377418671, -0.000650615431368], [-4.23581332143e-05, -0.000256487925071, -0.000453847664176, -0.00244708172977, -0.000688041036483, -0.0023931551259, 0.0128943771124, -0.00272164004855, 0.000685061386321, -4.27477461926e-05, 0.000589234638028, 0.00047003274085, -0.00090941414237], [-7.2727278166e-05, 0.000277374201687, -0.000575050187763, -0.0010893708095, -0.00259859883226, 0.000247100048, -0.00272164004855, 0.0152103081346, -0.00404702592641, 0.00264572631568, -0.00159646547399, -0.00319332326762, 0.00223535508849], [-0.000328269758029, -0.000466640980449, -8.43948073452e-05, 0.000504811294377, -0.000121530443721, -0.00142364366911, 0.000685061386321, -0.00404702592641, 0.0180933512747, -0.00873505696654, 0.00192635029089, 0.000725853897166, -0.000950126559474], [-0.000108654036012, 9.58742475632e-07, -0.000440203468315, -0.00113495986443, 0.000321268948028, -0.000129462758196, -4.27477461926e-05, 0.00264572631568, -0.00873505696654, 0.019400678575, -0.00863281451166, 0.00395504338667, -0.001519263722], [-0.000336835742928, -0.000492196471896, -0.000657231488731, 0.000489174271934, 0.000133161331178, 0.000191930870642, 0.000589234638028, -0.00159646547399, 0.00192635029089, -0.00863281451166, 0.0212029740214, -0.0116343796253, 0.00495377508923], [-0.000376164301997, -0.000687314895913, 0.000368794135284, 0.000432480621384, 0.00159899157006, 0.000237377418671, 0.00047003274085, -0.00319332326762, 0.000725853897166, 0.00395504338667, -0.0116343796253, 0.0211756750941, -0.00633127614856], [-2.92504082609e-05, -0.000310194096528, -0.000485523487441, 0.000284694891889, -0.00049634341849, -0.000650615431368, -0.00090941414237, 0.00223535508849, -0.000950126559474, -0.001519263722, 0.00495377508923, -0.00633127614856, 0.0151297468692]]}, "spectral_contrast_coeffs": {"dmean": [0.0510827228427, 0.0475359819829, 0.0465629771352, 0.0390037670732, 0.0239728111774, 0.0222688708454], "dmean2": [0.0781728476286, 0.0769625231624, 0.0733826160431, 0.0633584856987, 0.0382488816977, 0.0338676460087], "dvar": [0.0021376425866, 0.00167619786225, 0.00169669091702, 0.00107092864346, 0.000384739803849, 0.000442777993158], "dvar2": [0.00484648207203, 0.00417545065284, 0.00408361712471, 0.00264038727619, 0.000975060509518, 0.000985353603028], "max": [-0.311665832996, -0.486134767532, -0.439858615398, -0.585141420364, -0.688014864922, -0.632908403873], "mean": [-0.672564029694, -0.696494042873, -0.705209136009, -0.783749043941, -0.802061200142, -0.788027524948], "median": [-0.682992696762, -0.696283102036, -0.704450249672, -0.790108323097, -0.804670929909, -0.793552398682], "min": [-0.957738041878, -0.974825382233, -0.932489573956, -0.946918487549, -0.951019108295, -0.927680492401], "var": [0.00692735938355, 0.00425514765084, 0.00511572090909, 0.00277187186293, 0.00123918685131, 0.00158865819685]}, "spectral_contrast_valleys": {"dmean": [0.531802535057, 0.422779798508, 0.464024096727, 0.587392151356, 0.553547441959, 0.672702729702], "dmean2": [0.763010442257, 0.690008282661, 0.736318767071, 0.865360379219, 0.794919371605, 0.836634933949], "dvar": [0.398287802935, 0.175161123276, 0.226522728801, 0.282405436039, 0.359327435493, 0.568022668362], "dvar2": [0.734425425529, 0.393294632435, 0.518830657005, 0.674203336239, 0.746141016483, 1.0329003334], "max": [-4.9930729866, -4.62984704971, -5.27729940414, -5.52831411362, -5.41630840302, -7.14792585373], "mean": [-6.