{"lowlevel": {"average_loudness": 0.970786094666, "barkbands_crest": {"dmean": 3.16147851944, "dmean2": 4.72135639191, "dvar": 12.2738428116, "dvar2": 23.7725543976, "max": 26.8267822266, "mean": 17.4647045135, "median": 18.246925354, "min": 2.47330760956, "var": 51.1910972595}, "barkbands_flatness_db": {"dmean": 0.0457971394062, "dmean2": 0.0611294098198, "dvar": 0.00219569983892, "dvar2": 0.00324390828609, "max": 0.699897050858, "mean": 0.21389220655, "median": 0.180719792843, "min": 0.0188978388906, "var": 0.0146859223023}, "barkbands_kurtosis": {"dmean": 67.8443145752, "dmean2": 88.9744033813, "dvar": 23799.8398438, "dvar2": 38863.1132812, "max": 4627.41601562, "mean": 116.335205078, "median": 14.6676111221, "min": -1.9289484024, "var": 67598.7734375}, "barkbands_skewness": {"dmean": 2.42830491066, "dmean2": 3.14952588081, "dvar": 9.878282547, "dvar2": 13.6997976303, "max": 56.165184021, "mean": 6.55941915512, "median": 3.61243867874, "min": -2.55528283119, "var": 49.7850570679}, "barkbands_spread": {"dmean": 9.77305221558, "dmean2": 14.8111352921, "dvar": 198.27243042, "dvar2": 380.5105896, "max": 120.633628845, "mean": 21.6361675262, "median": 12.2741355896, "min": 0.044419657439, "var": 635.621826172}, "dissonance": {"dmean": 0.0157225634903, "dmean2": 0.026701208204, "dvar": 0.000285221962258, "dvar2": 0.000760902126785, "max": 0.499999970198, "mean": 0.474798947573, "median": 0.482388406992, "min": 0.232889264822, "var": 0.000599711725954}, "dynamic_complexity": 5.13770627975, "erbbands_crest": {"dmean": 2.64370656013, "dmean2": 3.96975708008, "dvar": 7.00897169113, "dvar2": 13.0883083344, "max": 27.1509666443, "mean": 8.72615718842, "median": 7.12116384506, "min": 2.32971715927, "var": 24.5833072662}, "erbbands_flatness_db": {"dmean": 0.0181615594774, "dmean2": 0.0264421273023, "dvar": 0.000387086736737, "dvar2": 0.000767990248278, "max": 0.354620993137, "mean": 0.115475334227, "median": 0.1086448282, "min": 0.0299256332219, "var": 0.00153708877042}, "erbbands_kurtosis": {"dmean": 1.71309876442, "dmean2": 2.67688393593, "dvar": 11.5016336441, "dvar2": 27.3607711792, "max": 96.2158050537, "mean": 0.893557548523, "median": -0.430738210678, "min": -1.89505624771, "var": 18.6621608734}, "erbbands_skewness": {"dmean": 0.580595076084, "dmean2": 0.86283236742, "dvar": 0.358376353979, "dvar2": 0.752898991108, "max": 9.26677131653, "mean": 0.361728042364, "median": 0.225500285625, "min": -4.65710496902, "var": 1.50666642189}, "erbbands_spread": {"dmean": 19.3839988708, "dmean2": 28.8709106445, "dvar": 345.682617188, "dvar2": 764.319396973, "max": 199.07019043, "mean": 69.8346862793, "median": 65.8268127441, "min": 2.9653635025, "var": 990.374755859}, "hfc": {"dmean": 8.95882701874, "dmean2": 12.8339691162, "dvar": 246.300033569, "dvar2": 558.042541504, "max": 145.859222412, "mean": 12.1212816238, "median": 4.57884979248, "min": 3.0271358753e-08, "var": 342.100250244}, "melbands_crest": {"dmean": 3.66590285301, "dmean2": 5.19193553925, "dvar": 13.4109659195, "dvar2": 26.4873809814, "max": 39.6579742432, "mean": 24.0867519379, "median": 26.9737663269, "min": 2.84891343117, "var": 81.0341491699}, "melbands_flatness_db": {"dmean": 0.0554906018078, "dmean2": 0.0740673467517, "dvar": 0.00305463909172, "dvar2": 0.00466855894774, "max": 0.806343853474, "mean": 0.303147286177, "median": 0.275392621756, "min": 0.0125166205689, "var": 0.0201562847942}, "melbands_kurtosis": {"dmean": 101.530845642, "dmean2": 141.560943604, "dvar": 71683.390625, "dvar2": 125977.78125, "max": 20545.4160156, "mean": 200.778335571, "median": 56.7510681152, "min": -1.84944784641, "var": 160748.3125}, "melbands_skewness": {"dmean": 2.72730135918, "dmean2": 3.86684584618, "dvar": 9.76995277405, "dvar2": 17.5196399689, "max": 105.390335083, "mean": 8.68851852417, "median": 6.37114477158, "min": -0.971109569073, "var": 41.5180244446}, "melbands_spread": {"dmean": 8.41148376465, "dmean2": 13.0482149124, "dvar": 196.035690308, "dvar2": 429.555297852, "max": 234.399993896, "mean": 15.0893173218, "median": 6.39775371552, "min": 0.0132953710854, "var": 482.021484375}, "pitch_salience": {"dmean": 0.10897552222, "dmean2": 0.161793902516, "dvar": 0.0167153161019, "dvar2": 0.0316375643015, "max": 0.890125393867, "mean": 0.346901983023, "median": 0.318942427635, "min": 0.0018910682993, "var": 0.0603275559843}, "silence_rate_20dB": {"dmean": 0, "dmean2": 0, "dvar": 0, "dvar2": 0, "max": 1, "mean": 1, "median": 1, "min": 1, "var": 0}, "silence_rate_30dB": {"dmean": 0.0916068926454, "dmean2": 0.183236852288, "dvar": 0.0832090601325, "dvar2": 0.150413259864, "max": 1, "mean": 0.796930074692, "median": 1, "min": 0, "var": 0.161841318011}, "silence_rate_60dB": {"dmean": 0.0968919098377, "dmean2": 0.193682357669, "dvar": 0.0875106230378, "dvar2": 0.17353643477, "max": 1, "mean": 0.182561650872, "median": 0, "min": 0, "var": 0.149231299758}, "spectral_centroid": {"dmean": 449.890625, "dmean2": 683.278442383, "dvar": 264209.5, "dvar2": 523586.78125, "max": 5063.80615234, "mean": 1416.56896973, "median": 1231.32336426, "min": 37.2591094971, "var": 953263.625}, "spectral_complexity": {"dmean": 4.24109745026, "dmean2": 6.13201618195, "dvar": 47.7967300415, "dvar2": 73.2173156738, "max": 59, "mean": 7.59323120117, "median": 5, "min": 0, "var": 99.4033508301}, "spectral_decrease": {"dmean": 5.37080868668e-09, "dmean2": 6.56690701817e-09, "dvar": 7.66566736324e-17, "dvar2": 1.12236577132e-16, "max": -4.986680941e-21, "mean": -1.3451559866e-08, "median": -4.39359393312e-09, "min": -6.98994568893e-08, "var": 3.05331104697e-16}, "spectral_energy": {"dmean": 0.0205210782588, "dmean2": 0.0254747495055, "dvar": 0.00113478663843, "dvar2": 0.00167453975882, "max": 0.26587036252, "mean": 0.0518686138093, "median": 0.0181418657303, "min": 2.76452103397e-12, "var": 0.00445180432871}, "spectral_energyband_high": {"dmean": 0.000627603789326, "dmean2": 0.000921681057662, "dvar": 1.31778108425e-06, "dvar2": 2.76842160929e-06, "max": 0.01385475602, "mean": 0.000732215412427, "median": 0.000165916979313, "min": 1.94406838717e-12, "var": 1.8995086748e-06}, "spectral_energyband_low": {"dmean": 0.0199230406433, "dmean2": 0.0229514483362, "dvar": 0.00112185580656, "dvar2": 0.00151079217903, "max": 0.260483413935, "mean": 0.0452553741634, "median": 0.0117297433317, "min": 9.26909848246e-14, "var": 0.00410398794338}, "spectral_energyband_middle_high": {"dmean": 0.00108593713958, "dmean2": 0.00161336886231, "dvar": 7.67363417253e-06, "dvar2": 1.52773700393e-05, "max": 0.0261611770838, "mean": 0.00114395725541, "median": 0.00022135967447, "min": 3.16109578834e-13, "var": 9.96889684757e-06}, "spectral_energyband_middle_low": {"dmean": 0.00791684444994, "dmean2": 0.0146697238088, "dvar": 0.000578119070269, "dvar2": 0.00163681432605, "max": 0.160570919514, "mean": 0.00553182698786, "median": 0.000985524849966, "min": 1.23086911215e-13, "var": 0.00033924044692}, "spectral_entropy": {"dmean": 0.248565137386, "dmean2": 0.363060504198, "dvar": 0.0782960429788, "dvar2": 0.150477528572, "max": 8.92513465881, "mean": 7.8268032074, "median": 7.93150472641, "min": 4.56171274185, "var": 0.331041842699}, "spectral_flux": {"dmean": 0.0485335104167, "dmean2": 0.0704013556242, "dvar": 0.00565051846206, "dvar2": 0.00852790754288, "max": 0.530469834805, "mean": 0.0909710749984, "median": 0.050159368664, "min": 1.6717123799e-05, "var": 0.0113568939269}, "spectral_kurtosis": {"dmean": 1.44599843025, "dmean2": 2.22829866409, "dvar": 17.8218250275, "dvar2": 37.3736114502, "max": 159.526077271, "mean": 2.64090704918, "median": 1.93165159225, "min": -1.36210477352, "var": 30.4977016449}, "spectral_rms": {"dmean": 0.00134930084459, "dmean2": 0.00168609444518, "dvar": 3.81530708182e-06, "dvar2": 5.59817863177e-06, "max": 0.0161054562777, "mean": 0.00565425073728, "median": 0.00420706300065, "min": 5.19335507931e-08, "var": 1.86331217265e-05}, "spectral_rolloff": {"dmean": 744.76171875, "dmean2": 1262.81298828, "dvar": 2550550.75, "dvar2": 5452620.5, "max": 18863.0859375, "mean": 1272.83691406, "median": 193.798828125, "min": 43.06640625, "var": 5414042.5}, "spectral_skewness": {"dmean": 0.262711822987, "dmean2": 0.395262002945, "dvar": 0.127047032118, "dvar2": 0.267616957426, "max": 10.4243135452, "mean": 1.25726997852, "median": 1.18595349789, "min": 0.0975463315845, "var": 0.355445891619}, "spectral_spread": {"dmean": 1108712.5, "dmean2": 1568929.25, "dvar": 1369323077630.0, "dvar2": 2812810362880.0, "max": 16737508, "mean": 6828638.5, "median": 6494878.5, "min": 748904.0625, "var": 4465472569340.0}, "spectral_strongpeak": {"dmean": 0.152492627501, "dmean2": 0.211921587586, "dvar": 0.0661538764834, "dvar2": 0.160511538386, "max": 8.5106754303, "mean": 0.401794314384, "median": 0.289940744638, "min": 0, "var": 0.13790512085}, "zerocrossingrate": {"dmean": 0.0167647525668, "dmean2": 0.0181836523116, "dvar": 0.000382732425351, "dvar2": 0.000436620524852, "max": 0.4462890625, "mean": 0.0543761514127, "median": 0.0380859375, "min": 0.0009765625, "var": 0.00291422591545}, "barkbands": {"dmean": [0.000669300148729, 0.0194118842483, 0.0047393697314, 0.00212635379285, 0.00356685509905, 0.00171293085441, 0.00067926896736, 0.000209232050111, 0.000142136472277, 0.000106488798338, 0.000125238846522, 9.85948718153e-05, 0.000149519284605, 0.000116080227599, 0.000144171135616, 7.82669958426e-05, 0.000109533531941, 0.000118043615657, 0.000106155093818, 9.85893129837e-05, 9.99825206236e-05, 0.000107528016088, 0.000109476735815, 0.000134818488732, 0.000125989085063, 2.88467799692e-05, 5.86541727898e-06], "dmean2": [0.00101609725971, 0.022931098938, 0.00883765053004, 0.00402234587818, 0.00678172567859, 0.00328198121861, 0.00127444637474, 0.000374162918888, 0.000232355232583, 0.000173444132088, 0.000209196092328, 0.0001574302878, 0.000227524491493, 0.00017707097868, 0.000221871421672, 0.000121077246149, 0.000170353159774, 0.000195467873709, 0.000174717992195, 0.000162840107805, 0.00015063417959, 0.000162925527547, 0.000165115721757, 0.000203236166271, 0.000192696184968, 4.44559263997e-05, 8.95109405974e-06], "dvar": [9.10026017209e-07, 0.0012304087868, 0.000255882710917, 5.37153064215e-05, 0.000133867928525, 3.01715390378e-05, 3.69347390006e-06, 2.00168912556e-07, 8.77077326322e-08, 8.27208594956e-08, 1.45660308704e-07, 7.74539756776e-08, 2.40953795583e-07, 1.59731996519e-07, 2.27253266871e-07, 5.53605410403e-08, 1.03661633943e-07, 6.61360175513e-08, 5.4355361101e-08, 7.26011393226e-08, 4.34349090028e-08, 5.06895609931e-08, 4.97910903619e-08, 9.5692435309e-08, 1.19134526244e-07, 5.73530645198e-09, 2.85822310264e-10], "dvar2": [2.82747464553e-06, 0.00177106878255, 0.000727252627257, 0.000154837282025, 0.000386743049603, 8.7203887233e-05, 1.04405316961e-05, 5.46820672298e-07, 2.03633646834e-07, 2.13102424595e-07, 3.80924063847e-07, 1.75232912625e-07, 4.64204362061e-07, 3.40470961646e-07, 4.87053057441e-07, 1.21730067804e-07, 2.41600702111e-07, 1.62239075507e-07, 1.35434433446e-07, 1.95040158246e-07, 9.03499852711e-08, 1.07581911379e-07, 1.1079498563e-07, 2.14734399151e-07, 2.71396430662e-07, 1.37647750975e-08, 7.27464921635e-10], "max": [0.0083072334528, 0.256928563118, 0.136647447944, 0.0571291446686, 0.0844326168299, 0.0380091145635, 0.0131089696661, 0.00378569355235, 0.00396210327744, 0.00491508748382, 0.00448494590819, 0.00300372042693, 0.00556622911245, 0.00425452226773, 0.00509930728003, 0.0037839319557, 0.0045789857395, 0.00389262917452, 0.00412795040756, 0.00541327567771, 0.00317384302616, 0.00364791345783, 0.00341591355391, 0.00490447320044, 0.0048260288313, 0.000959926401265, 0.000215698441025], "mean": [0.00123628112487, 0.0402520745993, 0.00299973390065, 0.0013170511229, 0.00226043048315, 0.00111385120545, 0.000463160715299, 0.000195286120288, 0.000139424941153, 0.000108844018541, 0.000113476919068, 0.000100397679489, 0.000154519919306, 0.000109662709292, 0.000134415182401, 8.25050301501e-05, 9.9299410067e-05, 0.000106147308543, 0.000104833809019, 9.50093162828e-05, 0.000107534848212, 0.00012089304073, 0.000126786122564, 0.000160535826581, 0.000130928718136, 2.94950623356e-05, 6.29836131338e-06], "median": [0.000751729763579, 0.00857737101614, 0.000103173719253, 7.05737766111e-05, 0.000274018384516, 0.000122939818539, 5.72808166908e-05, 3.97111216444e-05, 3.40607766702e-05, 2.45322535193e-05, 1.37111746881e-05, 9.41337566474e-06, 1.63985696418e-05, 8.68557071954e-06, 1.37579936563e-05, 1.00672095869e-05, 8.82318090589e-06, 1.83833435585e-05, 2.57506835624e-05, 2.17211363633e-05, 2.22204798774e-05, 2.52628633461e-05, 2.52526642726e-05, 2.92256772809e-05, 2.05498345167e-05, 5.48916705156e-06, 1.45218746184e-06], "min": [1.02210977854e-13, 2.75860504416e-14, 1.47297674275e-14, 8.56611788745e-15, 1.41274134996e-14, 3.91569507938e-14, 2.13835076897e-14, 5.35427398355e-15, 1.7078430548e-14, 3.77573575975e-14, 1.09778570105e-14, 2.47298722841e-14, 2.58696533704e-14, 2.12154190835e-14, 2.47586510755e-14, 3.72711911789e-14, 1.03477364955e-14, 6.6260541433e-14, 5.06245978298e-14, 2.6533364671e-14, 1.3081622916e-13, 9.26370593191e-14, 1.78620342801e-13, 1.65947239132e-13, 2.64265009615e-13, 4.67163363115e-13, 6.75687370638e-13], "var": [1.80325116617e-06, 0.00371931353584, 0.000148106482811, 3.01506679534e-05, 7.39760143915e-05, 1.66568970599e-05, 2.1731407287e-06, 1.5986502433e-07, 9.18006435313e-08, 7.17714030429e-08, 1.24703959159e-07, 8.87298625685e-08, 2.9582542993e-07, 1.71719818809e-07, 2.4232525675e-07, 6.74964155678e-08, 1.06961074664e-07, 6.44164188657e-08, 5.12476248105e-08, 6.17117024149e-08, 5.92496824936e-08, 6.86284735707e-08, 6.57026006934e-08, 1.24066602325e-07, 1.32151768639e-07, 5.87578741218e-09, 2.48364745437e-10]}, "erbbands": {"dmean": [0.728849112988, 4.03103208542, 5.40456819534, 6.91193437576, 7.91594600677, 12.912604332, 16.1087799072, 12.8932418823, 10.3465862274, 7.00966215134, 4.29721736908, 3.39538216591, 3.30130004883, 4.24991464615, 4.03486299515, 4.33786964417, 6.98116111755, 5.81213092804, 8.37895298004, 4.9393453598, 4.26261901855, 6.27943134308, 6.40380859375, 6.30924701691, 5.33020114899, 4.39791679382, 4.54681396484, 3.65014100075, 3.87357735634, 3.4912238121, 3.19720101357, 2.67670845985, 2.26800060272, 1.66003990173, 0.761231005192, 0.205959141254, 0.0393050163984, 0.00705650867894, 0.00105192395858, 7.64503274695e-05], "dmean2": [0.903965890408, 4.85098981857, 9.33588695526, 12.9389820099, 14.8107881546, 24.7785758972, 30.9940986633, 24.6369533539, 19.5389118195, 12.8987998962, 7.62325382233, 5.5399389267, 5.37599039078, 6.97407484055, 6.55317831039, 6.62532758713, 10.6087818146, 8.83969688416, 13.0354480743, 7.3658246994, 6.44541025162, 9.84537982941, 10.2293157578, 10.4668884277, 8.83564376831, 7.19365978241, 7.220682621, 5.36604404449, 5.8939166069, 5.18839645386, 4.81599473953, 3.98911952972, 3.45102238655, 2.52189922333, 1.17612123489, 0.318849802017, 0.0602091066539, 0.0110173337162, 0.00161653000396, 0.000110836554086], "dvar": [1.53371095657, 61.1092987061, 259.341644287, 555.091491699, 659.835144043, 1814.29040527, 2781.58691406, 1674.82751465, 935.339599609, 303.911773682, 83.1230926514, 54.0101127625, 71.9347076416, 154.432830811, 134.215682983, 148.980667114, 527.614746094, 394.731140137, 853.515441895, 229.860412598, 138.473709106, 340.264678955, 187.176437378, 206.154083252, 162.764221191, 111.794181824, 111.793556213, 56.1103248596, 72.6669692993, 50.5557098389, 42.2280349731, 29.4327583313, 32.4773101807, 22.1501045227, 4.38485574722, 0.291010648012, 0.01146488823, 0.0006226884434, 9.97568713501e-06, 1.75688921189e-08], "dvar2": [2.48554682732, 98.4269638062, 707.609802246, 1589.70727539, 1894.64245605, 5246.09912109, 8062.20117188, 4831.88427734, 2661.34033203, 847.537902832, 223.265411377, 130.798278809, 179.427734375, 396.30480957, 342.319793701, 331.723449707, 1068.62646484, 839.998901367, 1808.69250488, 520.252685547, 269.080505371, 804.46697998, 433.029815674, 512.177001953, 430.405395508, 291.781555176, 267.021728516, 109.512512207, 156.52406311, 105.899871826, 96.1263885498, 62.5755233765, 73.8977966309, 49.5666389465, 10.4881715775, 0.705217480659, 0.0270014610142, 0.00151750643272, 2.545944335e-05, 4.25593036368e-08], "max": [9.95195484161, 61.8504257202, 141.74760437, 190.302017212, 216.829116821, 305.096984863, 356.065704346, 292.102996826, 206.363082886, 135.685440063, 82.0096588135, 95.6732254028, 118.404891968, 169.867385864, 146.151245117, 145.68409729, 251.677124023, 248.965072632, 270.889892578, 206.393157959, 160.545669556, 266.966552734, 191.303726196, 257.828308105, 198.416534424, 187.255371094, 145.832397461, 155.679794312, 152.11618042, 98.9820404053, 95.9339370728, 82.8392333984, 85.6266860962, 82.5802841187, 30.3684616089, 5.92918968201, 1.28602778912, 0.414404809475, 0.0410491339862, 0.00148216076195], "mean": [1.49196612835, 7.69656991959, 4.83610486984, 4.42488861084, 5.29937982559, 7.83053779602, 10.0449943542, 8.47093391418, 7.00891113281, 5.53394126892, 3.81781339645, 3.34047245979, 3.42146062851, 3.98210906982, 4.01840734482, 4.44071054459, 6.93709516525, 5.71493148804, 7.61222934723, 5.17645835876, 4.65209102631, 5.64144182205, 5.86634111404, 5.40153360367, 5.48250818253, 4.49556589127, 4.54686450958, 4.06767368317, 4.27290391922, 4.11297225952, 3.6343433857, 3.21136879921, 2.63678789139, 1.74724555016, 0.777741670609, 0.208495005965, 0.0413191430271, 0.00702844001353, 0.00114291848149, 0.000126566839754], "median": [0.430176615715, 1.10049653053, 0.427885830402, 0.257697939873, 0.513966321945, 0.790604710579, 1.08407747746, 0.881089448929, 0.868889570236, 0.914377093315, 0.837499022484, 0.839670717716, 0.877132833004, 0.632361710072, 0.531529486179, 0.434003025293, 0.71571880579, 0.605592906475, 0.628535866737, 0.719049870968, 0.439674139023, 0.548257172108, 1.04163491726, 0.881779491901, 1.43984246254, 1.22534668446, 0.927480340004, 0.838860094547, 0.871208071709, 0.830735146999, 0.720657348633, 0.635301232338, 0.464048832655, 0.268480956554, 0.118318997324, 0.035282343626, 0.00810798816383, 0.00124718365259, 0.000276628532447, 6.97640207363e-05], "min": [1.12658602065e-12, 5.87901255455e-12, 1.6687555851e-11, 2.68003518683e-11, 1.98056258893e-11, 8.12678188633e-11, 9.62297463936e-11, 4.01439270714e-10, 4.09370398691e-10, 1.86670970348e-10, 1.73292519223e-10, 3.87716414529e-10, 1.08486197803e-09, 8.93285334591e-10, 4.44263459354e-10, 1.12773546057e-09, 1.111384762e-09, 1.34772637495e-09, 1.32013233678e-09, 1.00080299603e-09, 2.41336528539e-09, 7.14502179644e-10, 2.80059930802e-09, 3.76371156463e-09, 1.95439708861e-09, 1.46879697294e-09, 5.34633715077e-09, 4.09983025307e-09, 3.06683189955e-09, 3.61145824357e-09, 4.79740824844e-09, 3.65780650213e-09, 3.18528359244e-09, 3.07208480876e-09, 1.74231007399e-09, 1.80810943995e-09, 9.16623443814e-10, 3.83178017094e-10, 8.89414444871e-11, 9.23484812926e-12], "var": [4.42495632172, 163.922058105, 190.035919189, 317.042694092, 379.750915527, 987.54901123, 1508.47570801, 936.262390137, 539.084228516, 196.677383423, 61.7812271118, 54.7757568359, 65.1555480957, 134.869064331, 132.007598877, 177.800537109, 612.258789062, 427.835662842, 884.504577637, 265.548614502, 198.931747437, 343.499542236, 202.127334595, 185.349349976, 144.088546753, 105.72428894, 122.424186707, 81.8226242065, 95.1882095337, 72.6674118042, 53.6306648254, 41.819732666, 39.9019966125, 24.8684806824, 4.57156896591, 0.29611736536, 0.0120172230527, 0.000583154964261, 8.54464542499e-06, 2.2193436422e-08]}, "gfcc": {"mean": [-63.8247146606, 63.1025466919, -66.5094223022, 52.3132972717, -49.4193572998, 23.913608551, -25.519443512, 16.3876438141, -12.713300705, 8.50055885315, -2.4597659111, 2.6578438282, -3.31968569756], "cov": [[6559.14599609, -1066.66662598, -614.192443848, 10.8211965561, -349.918243408, 208.174468994, -396.943817139, 11.5931978226, -227.948104858, -132.486404419, -264.393035889, 19.5570793152, -226.780914307], [-1066.66662598, 1681.44335938, 63.0492095947, -12.7110557556, 314.823577881, -155.92829895, 239.874893188, -29.7737503052, 204.051452637, -20.0273342133, 203.561523438, -109.500572205, 64.6348419189], [-614.192443848, 63.0492095947, 991.221130371, 282.92868042, 116.533950806, 156.274032593, 100.025291443, 9.40578460693, 124.805503845, -3.69235348701, 36.3587150574, 3.12413287163, 41.5911560059], [10.8211965561, -12.7110557556, 282.92868042, 515.121582031, 265.612091064, 134.434539795, 156.73147583, -14.0599470139, 72.3653259277, 11.7586297989, 37.8238563538, -32.7961578369, 38.2088508606], [-349.918243408, 314.823577881, 116.533950806, 265.612091064, 606.512023926, 243.122894287, 314.695983887, 36.5027542114, 143.028961182, 41.5519332886, 89.0009613037, -38.0376396179, 61.2941513062], [208.174468994, -155.92829895, 156.274032593, 134.434539795, 243.122894287, 462.107452393, 180.911437988, 86.6550750732, 100.139900208, 30.7171287537, 13.3173751831, -1.74924528599, 38.713306427], [-396.943817139, 239.874893188, 100.025291443, 156.73147583, 314.695983887, 180.911437988, 379.319549561, 129.818695068, 170.932174683, 45.5908966064, 83.6273498535, -25.9681663513, 76.0884475708], [11.5931978226, -29.7737503052, 9.40578460693, -14.0599470139, 36.5027542114, 86.6550750732, 129.818695068, 234.299575806, 95.8584823608, 72.9000091553, 34.363483429, 8.48597145081, 37.2612991333], [-227.948104858, 204.051452637, 124.805503845, 72.3653259277, 143.028961182, 100.139900208, 170.932174683, 95.8584823608, 216.537307739, 62.831489563, 74.7185668945, -1.87880110741, 51.0480194092], [-132.486404419, -20.0273342133, -3.69235348701, 11.7586297989, 41.5519332886, 30.7171287537, 45.5908966064, 72.9000091553, 62.831489563, 117.888847351, 61.4267425537, 18.4049339294, 27.6772117615], [-264.393035889, 203.561523438, 36.3587150574, 37.8238563538, 89.0009613037, 13.3173751831, 83.6273498535, 34.363483429, 74.7185668945, 61.4267425537, 124.42980957, 11.2286615372, 36.982673645], [19.5570793152, -109.500572205, 3.12413287163, -32.7961578369, -38.0376396179, -1.74924528599, -25.9681663513, 8.48597145081, -1.87880110741, 18.4049339294, 11.2286615372, 78.3378143311, 16.406293869], [-226.780914307, 64.6348419189, 41.5911560059, 38.2088508606, 61.2941513062, 38.713306427, 76.0884475708, 37.2612991333, 51.0480194092, 27.6772117615, 36.982673645, 16.406293869, 87.4590911865]], "icov": [[0.000226703414228, 3.84885679523e-05, 0.000196995315491, -0.000217431021156, 7.03442347003e-05, -0.00023129247711, 0.000287288392428, -0.000230902252952, -0.000118443153042, 0.000296338374028, 8.18002299638e-05, -0.000125979087898, 0.000426619546488], [3.84885679523e-05, 0.00140548334457, -6.60298101138e-05, 0.000655097945128, -0.00068134086905, 0.000839724671096, -2.7566045901e-05, 0.000305002671666, -0.00108277064282, 0.00162168906536, -0.00224373815581, 0.00189306132961, -0.000481389346533], [0.000196995315491, -6.60298101138e-05, 0.00151564960834, -0.00097738543991, 0.000364594394341, -0.000580756866839, 0.000481649185531, -0.000159801362315, -0.000848983239848, 0.000759344082326, 5.34849777978e-06, -0.000525731709786, 0.000268029718427], [-0.000217431021156, 0.000655097945128, -0.00097738543991, 0.00359959434718, -0.00133676198311, 0.000561279070098, -0.000786274264101, 0.00108948210254, -9.48294837144e-05, -3.70253183064e-05, -0.000980803743005, 0.00188201654237, -0.001118672546], [7.03442347003e-05, -0.00068134086905, 0.000364594394341, -0.00133676198311, 0.00427047722042, -0.00156570854597, -0.00245882384479, 0.00118306314107, 0.000416365684941, -0.00117449555546, 0.000201778311748, -0.000303157925373, 0.000532030768227], [-0.00023129247711, 0.000839724671096, -0.000580756866839, 0.000561279070098, -0.00156570854597, 0.00400977255777, -0.000838079024106, -0.000264313275693, -0.000832498189993, 0.000347678025719, -4.53299435321e-05, 0.000631388975307, -0.000748617167119], [0.000287288392428, -2.7566045901e-05, 0.000481649185531, -0.000786274264101, -0.00245882384479, -0.000838079024106, 0.00838751439005, -0.00333353993483, -0.00266337115318, 0.00269501144066, -0.00141624524258, 0.0013653843198, -0.00185842299834], [-0.000230902252952, 0.000305002671666, -0.000159801362315, 0.00108948210254, 0.00118306314107, -0.000264313275693, -0.00333353993483, 0.00788063276559, -0.00127954140771, -0.00390372099355, 0.000883591186721, 0.000500170106534, -0.000878834165633], [-0.000118443153042, -0.00108277064282, -0.000848983239848, -9.48294837144e-05, 0.000416365684941, -0.000832498189993, -0.00266337115318, -0.00127954140771, 0.0100534949452, -0.00331020914018, -0.000414171692682, -0.000844575464725, -0.000609717913903], [0.000296338374028, 0.00162168906536, 0.000759344082326, -3.70253183064e-05, -0.00117449555546, 0.000347678025719, 0.00269501144066, -0.00390372099355, -0.00331020914018, 0.0171134825796, -0.00841926131397, 0.000162688971614, -0.000741247204132], [8.18002299638e-05, -0.00224373815581, 5.34849777978e-06, -0.000980803743005, 0.000201778311748, -4.53299435321e-05, -0.00141624524258, 0.000883591186721, -0.000414171692682, -0.00841926131397, 0.0177742540836, -0.00445980764925, -0.00074269779725], [-0.000125979087898, 0.00189306132961, -0.000525731709786, 0.00188201654237, -0.000303157925373, 0.000631388975307, 0.0013653843198, 0.000500170106534, -0.000844575464725, 0.000162688971614, -0.00445980764925, 0.0181105472147, -0.00483585894108], [0.000426619546488, -0.000481389346533, 0.000268029718427, -0.001118672546, 0.000532030768227, -0.000748617167119, -0.00185842299834, -0.000878834165633, -0.000609717913903, -0.000741247204132, -0.00074269779725, -0.00483585894108, 0.0170185547322]]}, "melbands": {"dmean": [0.00595919508487, 0.00320833246224, 0.00119465892203, 0.000741039926652, 0.000586427398957, 0.000291704927804, 0.000156342823175, 6.96372662787e-05, 3.31727424054e-05, 2.03604067792e-05, 1.63024724316e-05, 1.66038480529e-05, 1.55892957991e-05, 9.65566505329e-06, 1.70290968526e-05, 1.33691519295e-05, 1.07625201053e-05, 1.36955904964e-05, 9.04082116904e-06, 5.20039066032e-06, 4.95217227581e-06, 5.88000375501e-06, 7.01414592186e-06, 5.58073043067e-06, 5.18806791661e-06, 3.62915807273e-06, 3.80006440537e-06, 2.77621347777e-06, 2.9120135423e-06, 2.55740360444e-06, 2.07590846912e-06, 2.18768536797e-06, 2.14309739022e-06, 1.94827339328e-06, 2.02835212804e-06, 1.6351513068e-06, 1.62585638463e-06, 1.70820760559e-06, 1.34483411784e-06, 1.48855770021e-06], "dmean2": [0.00699990941212, 0.00449477881193, 0.00221807905473, 0.00140621606261, 0.00112834526226, 0.000557551742531, 0.000294795172522, 0.000127578343381, 5.88209368289e-05, 3.30346047122e-05, 2.6588792025e-05, 2.72502784355e-05, 2.53104608419e-05, 1.56283385877e-05, 2.73354980891e-05, 2.03395848075e-05, 1.6424282876e-05, 2.13447747228e-05, 1.35538211907e-05, 7.88347915659e-06, 7.58628766562e-06, 9.13584517548e-06, 1.12592169899e-05, 9.32598322834e-06, 8.64996854943e-06, 6.04272872806e-06, 6.38999472358e-06, 4.55743520433e-06, 4.7038415687e-06, 3.97696521759e-06, 3.04049649458e-06, 3.40791962117e-06, 3.23768131238e-06, 2.97129031424e-06, 3.15820011565e-06, 2.44954412665e-06, 2.44576631303e-06, 2.62343655777e-06, 2.04834600481e-06, 2.31012450058e-06], "dvar": [0.000107427076728, 5.05066418555e-05, 1.56197602337e-05, 5.89353703617e-06, 3.69762096852e-06, 8.61021703713e-07, 2.08445683825e-07, 2.79516427781e-08, 4.6566159817e-09, 2.11601891564e-09, 1.79368320197e-09, 2.34758568141e-09, 2.18334550439e-09, 6.47898013018e-10, 3.35343286473e-09, 1.84113169155e-09, 1.37720146398e-09, 2.33162045227e-09, 8.44132375111e-10, 2.64052196775e-10, 1.77179021454e-10, 2.8815180797e-10, 3.33565397526e-10, 1.41772094064e-10, 1.50193288362e-10, 6.43622863339e-11, 1.257555865e-10, 4.22200746586e-11, 5.13206734054e-11, 3.18236409447e-11, 1.95658229202e-11, 2.51670038975e-11, 1.943298647e-11, 1.73443950174e-11, 1.9351872535e-11, 1.00663999705e-11, 1.21659227831e-11, 1.80403400551e-11, 1.3270403873e-11, 2.02975154046e-11], "dvar2": [0.000150885491166, 0.000114529808343, 4.44775178039e-05, 1.70205512404e-05, 1.07104997369e-05, 2.48442006523e-06, 5.92223898366e-07, 7.77853941258e-08, 1.22891181675e-08, 5.15902520704e-09, 4.49864279162e-09, 6.0264784274e-09, 5.66466873408e-09, 1.3803421739e-09, 8.2055473527e-09, 3.45663364598e-09, 3.01619595966e-09, 4.90387774832e-09, 1.84895587729e-09, 6.08649686207e-10, 3.38671063416e-10, 6.53366194481e-10, 8.12596268052e-10, 3.48246542714e-10, 3.74354519606e-10, 1.66473737573e-10, 3.46551898289e-10, 1.0891693103e-10, 1.25447402466e-10, 7.26581086963e-11, 3.96150091897e-11, 5.52764466144e-11, 4.19627978199e-11, 3.82211519379e-11, 4.69420023685e-11, 2.0631246711e-11, 2.68620507782e-11, 4.19956326658e-11, 2.97493696344e-11, 4.61821657305e-11], "max": [0.0803193822503, 0.0598686039448, 0.031651571393, 0.018413381651, 0.0126072345302, 0.00658122915775, 0.00303422566503, 0.00134178926237, 0.000762235256843, 0.000603890046477, 0.000590918352827, 0.000675948685966, 0.000535533763468, 0.000263105524937, 0.000652868649922, 0.000515104678925, 0.000460887822555, 0.000472371553769, 0.000404256890761, 0.000269851385383, 0.000170658633579, 0.000249536678893, 0.000215317282709, 0.000176173023647, 0.000246477662586, 0.000113054120447, 0.00024364341516, 9.6174349892e-05, 9.97691240627e-05, 7.16869253665e-05, 0.000102228856122, 9.16469580261e-05, 5.86414826103e-05, 6.34775497019e-05, 5.5908356444e-05, 5.10648897034e-05, 6.05709610682e-05, 6.69933288009e-05, 5.50345466763e-05, 8.01896530902e-05], "mean": [0.0123782455921, 0.00511521426961, 0.000778592075221, 0.000468726968393, 0.000363341212505, 0.000192127030459, 0.000105706632894, 5.70148622501e-05, 2.95374939014e-05, 2.01640341402e-05, 1.6732928998e-05, 1.55213838298e-05, 1.45974481711e-05, 1.05019425973e-05, 1.48939634528e-05, 1.41393884405e-05, 1.0211895642e-05, 1.23537038235e-05, 9.14156680665e-06, 5.45034117749e-06, 5.41445069757e-06, 5.44675685887e-06, 6.06944740866e-06, 4.92920753459e-06, 4.32231308878e-06, 3.66163999388e-06, 3.80152937396e-06, 2.80699077848e-06, 2.81935990643e-06, 2.63651372734e-06, 2.27655914387e-06, 2.3306820367e-06, 2.43731187766e-06, 2.24223026635e-06, 2.18247168959e-06, 1.92697211787e-06, 1.93796381609e-06, 1.95614416043e-06, 1.51077404098e-06, 1.5010638208e-06], "median": [0.00312030618079, 0.000683606660459, 5.38815074833e-05, 5.19785608049e-05, 3.84699742426e-05, 2.14503670577e-05, 1.28788888105e-05, 9.98486393655e-06, 6.64975777909e-06, 4.97209884998e-06, 4.19042771682e-06, 2.456715265e-06, 1.79174458026e-06, 1.19293918033e-06, 1.06106665498e-06, 1.74427157162e-06, 9.49112973103e-07, 8.86027351044e-07, 1.03869911072e-06, 8.13369126718e-07, 4.17725800617e-07, 4.4039248337e-07, 8.97325094229e-07, 8.68751385497e-07, 5.84696067563e-07, 9.36899255066e-07, 1.07549044515e-06, 6.97499672242e-07, 5.39468487659e-07, 4.91999514907e-07, 4.61727410084e-07, 4.61319075384e-07, 5.05622324454e-07, 4.32377163406e-07, 4.0934747858e-07, 3.98316018391e-07, 3.76819173198e-07, 3.36155267178e-07, 2.61221998699e-07, 2.1068967726e-07], "min": [1.49686137779e-14, 9.10649695571e-15, 4.38183696142e-15, 3.33441274774e-15, 3.26783108765e-15, 8.19944071271e-15, 6.29425863237e-15, 1.5859887256e-15, 1.53137002946e-15, 2.58975156722e-15, 5.41320079514e-15, 3.66263610898e-15, 1.35711618809e-15, 2.58558204754e-15, 2.73232372939e-15, 2.6971250635e-15, 2.41345097661e-15, 1.99265474929e-15, 1.38894493339e-15, 1.7285455353e-15, 2.92997611477e-15, 5.74575376528e-16, 1.13903177983e-15, 3.64556627751e-15, 3.02653935306e-15, 1.62533869996e-15, 1.03388470965e-15, 8.0114578437e-16, 2.94257170645e-15, 3.26921471597e-15, 2.00409477628e-15, 1.66861477791e-15, 1.94674471652e-15, 2.06936480586e-15, 2.37266189328e-15, 3.731291941e-15, 1.61700273109e-15, 1.7610253313e-15, 3.20166616777e-15, 2.18383537945e-15], "var": [0.000332187191816, 8.46184630063e-05, 9.07871708478e-06, 3.27173324877e-06, 2.00306726583e-06, 4.79907043882e-07, 1.20602933862e-07, 1.87847568611e-08, 3.56100238186e-09, 2.15302264905e-09, 1.60614943567e-09, 2.04181294094e-09, 1.97698457605e-09, 8.30344792924e-10, 3.09219205796e-09, 2.32748154083e-09, 1.43554146348e-09, 2.41678566049e-09, 9.52162126922e-10, 2.95068358636e-10, 2.64998606392e-10, 3.15490328306e-10, 3.15550557906e-10, 1.35103497834e-10, 1.31803332137e-10, 5.8357395305e-11, 9.74696851008e-11, 4.09952592706e-11, 5.25909454874e-11, 3.84105455775e-11, 2.68056427749e-11, 3.14923850886e-11, 2.61090263992e-11, 2.31008285417e-11, 2.12496235885e-11, 1.48030546154e-11, 1.61545655325e-11, 2.13351628031e-11, 1.64125067703e-11, 2.12293464058e-11]}, "mfcc": {"mean": [-719.086791992, 94.1273803711, 42.6469612122, 35.3630981445, 14.9840288162, 12.9402303696, 10.0638837814, 9.82079982758, 3.58063650131, 10.8014707565, 7.09945106506, 4.74020528793, 3.82939291], "cov": [[6483.02392578, -1096.39294434, -590.530029297, -363.326873779, -92.9636077881, -86.1686401367, -186.554031372, 15.3625745773, -87.5961990356, -231.13621521, -117.220565796, 23.7976303101, -128.895278931], [-1096.39294434, 1444.84375, -74.6857223511, 109.104270935, 43.5412559509, -48.3618049622, 54.9176177979, 16.6922569275, -4.91300868988, 99.6792449951, 93.8633728027, 58.5449523926, 49.1646194458], [-590.530029297, -74.6857223511, 885.323730469, 119.572280884, 103.073417664, 82.3119659424, -31.2262115479, 45.5704650879, 36.3675537109, -0.291593700647, 24.2162265778, 2.07050657272, 0.298528403044], [-363.326873779, 109.104270935, 119.572280884, 480.684204102, 120.130783081, 99.6752471924, 86.5733337402, 15.2586936951, 43.5546302795, 44.7057113647, 28.0474758148, 29.9837932587, 20.0173892975], [-92.9636077881, 43.5412559509, 103.073417664, 120.130783081, 291.455413818, 233.869537354, 126.721183777, 80.7513198853, 70.7641067505, 60.0582122803, 41.7196922302, 47.2986068726, 18.7113704681], [-86.1686401367, -48.3618049622, 82.3119659424, 99.6752471924, 233.869537354, 398.025756836, 178.857879639, 122.9429245, 107.646575928, 76.9116287231, 36.6861953735, 47.622505188, 24.8924446106], [-186.554031372, 54.9176177979, -31.2262115479, 86.5733337402, 126.721183777, 178.857879639, 252.535995483, 116.829154968, 116.409111023, 107.334640503, 54.8903083801, 46.440071106, 33.1101646423], [15.3625745773, 16.6922569275, 45.5704650879, 15.2586936951, 80.7513198853, 122.9429245, 116.829154968, 181.019775391, 132.503601074, 76.0304946899, 48.493270874, 54.6086349487, 30.0066661835], [-87.5961990356, -4.91300868988, 36.3675537109, 43.5546302795, 70.7641067505, 107.646575928, 116.409111023, 132.503601074, 204.050048828, 122.521018982, 63.2811050415, 59.6613922119, 33.6467056274], [-231.13621521, 99.6792449951, -0.291593700647, 44.7057113647, 60.0582122803, 76.9116287231, 107.334640503, 76.0304946899, 122.521018982, 160.908874512, 87.785736084, 52.0931396484, 47.1478652954], [-117.220565796, 93.8633728027, 24.2162265778, 28.0474758148, 41.7196922302, 36.6861953735, 54.8903083801, 48.493270874, 63.2811050415, 87.785736084, 104.492050171, 67.9584960938, 39.3282012939], [23.7976303101, 58.5449523926, 2.07050657272, 29.9837932587, 47.2986068726, 47.622505188, 46.440071106, 54.6086349487, 59.6613922119, 52.0931396484, 67.9584960938, 97.5890884399, 44.7343673706], [-128.895278931, 49.1646194458, 0.298528403044, 20.0173892975, 18.7113704681, 24.8924446106, 33.1101646423, 30.0066661835, 33.6467056274, 47.1478652954, 39.3282012939, 44.7343673706, 70.7686309814]], "icov": [[0.000224978241022, 0.000166413752595, 0.000178235510248, 6.42833547317e-05, -9.49735549511e-05, 4.13826783188e-05, 0.000183221214684, -0.000265395647148, 9.63250131463e-05, 0.000139720592415, 5.64967122045e-05, -0.000463390926598, 0.000435222958913], [0.000166413752595, 0.000932967930567, 0.000210112033528, -0.000127094550407, -0.000292172044283, 0.000387344800401, 8.19205015432e-05, -0.000473929801956, 0.000757444882765, -0.000547557603568, -0.000301327207126, -0.000467639561975, 0.00026137009263], [0.000178235510248, 0.000210112033528, 0.00149102101568, -0.000301604770357, -0.000552217708901, -0.000112762805657, 0.000993523048237, -0.000739034556318, -0.000229166820645, 0.000655869953334, -0.00102646835148, 0.000584060268011, 0.000165118850418], [6.42833547317e-05, -0.000127094550407, -0.000301604770357, 0.0025733478833, -0.000757154542953, 2.2430487661e-05, -0.000764790689573, 0.00107905629557, -0.000474632077385, 0.000100368044514, 0.000391323585063, -0.000591430638451, -0.000113466827315], [-9.49735549511e-05, -0.000292172044283, -0.000552217708901, -0.000757154542953, 0.00740937702358, -0.00368682434782, -0.000897845427971, 5.37836021977e-05, 0.000569643510971, -0.00027071769, -0.000307690352201, -0.00136565545108, 0.00092529959511], [4.13826783188e-05, 0.000387344800401, -0.000112762805657, 2.2430487661e-05, -0.00368682434782, 0.00602208776399, -0.00196054182015, -0.00127334729768, 3.91936700908e-05, -0.000332937343046, 0.00128294003662, -0.000438681570813, -0.000118331838166], [0.000183221214684, 8.19205015432e-05, 0.000993523048237, -0.000764790689573, -0.000897845427971, -0.00196054182015, 0.0089118052274, -0.0031575479079, -2.53816233453e-05, -0.00299752317369, 4.93370935146e-05, 0.000505918811541, 0.000247122778092], [-0.000265395647148, -0.000473929801956, -0.000739034556318, 0.00107905629557, 5.37836021977e-05, -0.00127334729768, -0.0031575479079, 0.0137041406706, -0.00748067582026, 0.00270588602871, -0.000605487555731, -0.00133525626734, -0.00142149534076], [9.63250131463e-05, 0.000757444882765, -0.000229166820645, -0.000474632077385, 0.000569643510971, 3.91936700908e-05, -2.53816233453e-05, -0.00748067582026, 0.0155110964552, -0.0101820286363, 0.00382270710543, -0.004469467327, 0.00291349366307], [0.000139720592415, -0.000547557603568, 0.000655869953334, 0.000100368044514, -0.00027071769, -0.000332937343046, -0.00299752317369, 0.00270588602871, -0.0101820286363, 0.0226709861308, -0.0144149214029, 0.00727789150551, -0.00580517016351], [5.64967122045e-05, -0.000301327207126, -0.00102646835148, 0.000391323585063, -0.000307690352201, 0.00128294003662, 4.93370935146e-05, -0.000605487555731, 0.00382270710543, -0.0144149214029, 0.0296365767717, -0.0160858817399, 0.00155402999371], [-0.000463390926598, -0.000467639561975, 0.000584060268011, -0.000591430638451, -0.00136565545108, -0.000438681570813, 0.000505918811541, -0.00133525626734, -0.004469467327, 0.00727789150551, -0.0160858817399, 0.026987368241, -0.0103530706838], [0.000435222958913, 0.00026137009263, 0.000165118850418, -0.000113466827315, 0.00092529959511, -0.000118331838166, 0.000247122778092, -0.00142149534076, 0.00291349366307, -0.00580517016351, 0.00155402999371, -0.0103530706838, 0.0232202708721]]}, "spectral_contrast_coeffs": {"dmean": [0.0586338676512, 0.0516248010099, 0.0348725318909, 0.0250685699284, 0.021598989144, 0.0217447988689], "dmean2": [0.0941954180598, 0.0869393274188, 0.057652361691, 0.0415916293859, 0.0351258516312, 0.0344264879823], "dvar": [0.00375848636031, 0.00200017890893, 0.00083407049533, 0.000425676844316, 0.000356912583811, 0.000473658670671], "dvar2": [0.00939456466585, 0.00564079685137, 0.00215271557681, 0.00107717246283, 0.000852354743984, 0.00117211288307], "max": [-0.345230698586, -0.509417593479, -0.582348167896, -0.652931213379, -0.663801431656, -0.633071899414], "mean": [-0.694193899632, -0.786308169365, -0.833034038544, -0.845743238926, -0.830476760864, -0.809883058071], "median": [-0.705381333828, -0.794373393059, -0.840585410595, -0.849029660225, -0.832863390446, -0.814695596695], "min": [-0.949900507927, -0.973337590694, -0.962183117867, -0.957188427448, -0.975252687931, -0.924545526505], "var": [0.00884014926851, 0.00433623837307, 0.00217285146937, 0.000883806031197, 0.000923108425923, 0.00122308114078]}, "spectral_contrast_valleys": {"dmean": [0.492491334677, 0.662312030792, 0.552363336086, 0.510832726955, 0.606932938099, 0.567933619022], "dmean2": [0.758076965809, 1.04002404213, 0.81182384491, 0.721385896206, 0.858241021633, 0.735690534115], "dvar": [0.272466748953, 0.463684797287, 0.321421533823, 0.264787971973, 0.367554306984, 0.378502070904], "dvar2": [0.523167312145, 1.06486034393, 0.676652908325, 0.499382704496, 0.818581581116, 0.737701714039], "max": [-5.1117939949, -4.74971866608, -5.322362