{"lowlevel": {"average_loudness": 0.895430505276, "barkbands_crest": {"dmean": 1.37025606632, "dmean2": 2.21918177605, "dvar": 2.04266524315, "dvar2": 5.9764251709, "max": 21.2786159515, "mean": 11.9158878326, "median": 11.6960525513, "min": 3.43002033234, "var": 9.63735198975}, "barkbands_flatness_db": {"dmean": 0.0155220478773, "dmean2": 0.025983793661, "dvar": 0.000261600449448, "dvar2": 0.000695845170412, "max": 0.491223007441, "mean": 0.406481832266, "median": 0.415042251348, "min": 0.0303048714995, "var": 0.00299644470215}, "barkbands_kurtosis": {"dmean": 1.44434320927, "dmean2": 2.19076442719, "dvar": 8.10770893097, "dvar2": 17.15092659, "max": 136.873794556, "mean": 5.10827875137, "median": 2.82403588295, "min": -0.935387372971, "var": 135.154190063}, "barkbands_skewness": {"dmean": 0.269166916609, "dmean2": 0.414502024651, "dvar": 0.0880081877112, "dvar2": 0.216984435916, "max": 9.86502838135, "mean": 0.942458450794, "median": 0.737735390663, "min": -2.05948519707, "var": 1.48734951019}, "barkbands_spread": {"dmean": 0.620819926262, "dmean2": 0.98782402277, "dvar": 2.77828288078, "dvar2": 6.07860803604, "max": 70.1949081421, "mean": 3.88726234436, "median": 3.17974472046, "min": 0.978716313839, "var": 20.8553180695}, "dissonance": {"dmean": 0.0328007824719, "dmean2": 0.056596275419, "dvar": 0.00116506847553, "dvar2": 0.00331204454415, "max": 0.49924749136, "mean": 0.349699765444, "median": 0.349954932928, "min": 0.0855552628636, "var": 0.00416082981974}, "dynamic_complexity": 5.0729598999, "erbbands_crest": {"dmean": 1.92290782928, "dmean2": 3.20112395287, "dvar": 5.44139242172, "dvar2": 19.3014564514, "max": 27.9223651886, "mean": 13.2540063858, "median": 12.8161888123, "min": 2.58339810371, "var": 18.2741546631}, "erbbands_flatness_db": {"dmean": 0.0133635681123, "dmean2": 0.0227937996387, "dvar": 0.000208125231438, "dvar2": 0.000609300972428, "max": 0.491674929857, "mean": 0.393680810928, "median": 0.40673583746, "min": 0.0492919832468, "var": 0.00444119470194}, "erbbands_kurtosis": {"dmean": 1.13930904865, "dmean2": 1.88264083862, "dvar": 2.89440822601, "dvar2": 8.48802852631, "max": 52.0426902771, "mean": 3.18463182449, "median": 2.17116212845, "min": -1.46789288521, "var": 20.4980792999}, "erbbands_skewness": {"dmean": 0.232395678759, "dmean2": 0.377031117678, "dvar": 0.0627432391047, "dvar2": 0.198090136051, "max": 5.83582735062, "mean": 1.11613249779, "median": 1.05229961872, "min": -0.755548834801, "var": 0.562773168087}, "erbbands_spread": {"dmean": 1.59474813938, "dmean2": 2.61693882942, "dvar": 7.72250652313, "dvar2": 19.4485340118, "max": 127.010978699, "mean": 9.58413028717, "median": 7.51159286499, "min": 2.03928804398, "var": 154.726364136}, "hfc": {"dmean": 1.6880671978, "dmean2": 2.53991627693, "dvar": 8.14243221283, "dvar2": 17.2886867523, "max": 51.3222694397, "mean": 9.09480476379, "median": 7.94647741318, "min": 1.23394025985e-16, "var": 53.8047523499}, "melbands_crest": {"dmean": 1.49895763397, "dmean2": 2.40681815147, "dvar": 2.68122792244, "dvar2": 8.07411670685, "max": 27.4232006073, "mean": 13.7224159241, "median": 13.0531234741, "min": 1.67997777462, "var": 14.8508548737}, "melbands_flatness_db": {"dmean": 0.0175071526319, "dmean2": 0.0292028207332, "dvar": 0.000374212046154, "dvar2": 0.000926763052121, "max": 0.636580228806, "mean": 0.53970938921, "median": 0.550171494484, "min": 0.00629330566153, "var": 0.00534456595778}, "melbands_kurtosis": {"dmean": 2.31233596802, "dmean2": 3.67269015312, "dvar": 105.000282288, "dvar2": 232.76020813, "max": 407.004974365, "mean": 8.30587291718, "median": 3.1383626461, "min": -1.22346329689, "var": 846.70324707}, "melbands_skewness": {"dmean": 0.283943682909, "dmean2": 0.454983830452, "dvar": 0.149985045195, "dvar2": 0.379489928484, "max": 14.0176706314, "mean": 1.19654989243, "median": 0.965267777443, "min": -0.966894209385, "var": 2.18841052055}, "melbands_spread": {"dmean": 0.744777679443, "dmean2": 1.23233795166, "dvar": 8.07533454895, "dvar2": 16.7488422394, "max": 141.559051514, "mean": 5.71912384033, "median": 4.59298706055, "min": 0.858484089375, "var": 125.461006165}, "pitch_salience": {"dmean": 0.042650051415, "dmean2": 0.0701007023454, "dvar": 0.00192300812341, "dvar2": 0.00576380314305, "max": 0.826016664505, "mean": 0.574850857258, "median": 0.578799843788, "min": 0.176452115178, "var": 0.00991773512214}, "silence_rate_20dB": {"dmean": 0, "dmean2": 0, "dvar": 0, "dvar2": 0, "max": 1, "mean": 1, "median": 1, "min": 1, "var": 0}, "silence_rate_30dB": {"dmean": 0.00650618085638, "dmean2": 0.0130208330229, "dvar": 0.00646371860057, "dvar2": 0.014153492637, "max": 1, "mean": 0.990897297859, "median": 1, "min": 0, "var": 0.00901994667947}, "silence_rate_60dB": {"dmean": 0.00130123621784, "dmean2": 0.00260416674428, "dvar": 0.00129951897543, "dvar2": 0.00259738462046, "max": 1, "mean": 0.123537063599, "median": 0, "min": 0, "var": 0.108275353909}, "spectral_centroid": {"dmean": 23.7067871094, "dmean2": 34.8260231018, "dvar": 43724.3828125, "dvar2": 54356.0898438, "max": 11090.96875, "mean": 406.803436279, "median": 383.145202637, "min": 174.375, "var": 184897.390625}, "spectral_complexity": {"dmean": 0.932986319065, "dmean2": 1.55208337307, "dvar": 1.42101466656, "dvar2": 2.96995067596, "max": 20, "mean": 9.39726924896, "median": 10, "min": 0, "var": 15.5736284256}, "spectral_decrease": {"dmean": 1.25621790747e-09, "dmean2": 1.87587900768e-09, "dvar": 3.94814050834e-18, "dvar2": 8.92990192189e-18, "max": 9.18631027839e-29, "mean": -6.99312208141e-09, "median": -5.8769389355e-09, "min": -3.85178502427e-08, "var": 3.28772132708e-17}, "spectral_energy": {"dmean": 0.0048879859969, "dmean2": 0.00730175664648, "dvar": 5.97344660491e-05, "dvar2": 0.000134722067742, "max": 0.148265093565, "mean": 0.0272185970098, "median": 0.0228580422699, "min": 1.08454743961e-20, "var": 0.000495404645335}, "spectral_energyband_high": {"dmean": 1.43423504184e-08, "dmean2": 2.31197869738e-08, "dvar": 5.4969288373e-16, "dvar2": 1.14440683916e-15, "max": 3.10117627578e-07, "mean": 4.20577563887e-08, "median": 2.85222192531e-08, "min": 7.89118025913e-21, "var": 1.41562456541e-15}, "spectral_energyband_low": {"dmean": 0.00142689410131, "dmean2": 0.00201283628121, "dvar": 1.17696545203e-05, "dvar2": 2.48139131145e-05, "max": 0.0690759047866, "mean": 0.00633113505319, "median": 0.00261885230429, "min": 2.20419648718e-23, "var": 8.52885495988e-05}, "spectral_energyband_middle_high": {"dmean": 0.000182148054591, "dmean2": 0.000252006255323, "dvar": 2.43962517743e-07, "dvar2": 4.94207768043e-07, "max": 0.00992049090564, "mean": 0.000745243334677, "median": 0.000490195583552, "min": 1.48165839362e-21, "var": 8.0379766132e-07}, "spectral_energyband_middle_low": {"dmean": 0.00441906508058, "dmean2": 0.00693519413471, "dvar": 4.58840731881e-05, "dvar2": 0.000112590118079, "max": 0.110825195909, "mean": 0.0211988911033, "median": 0.0184579603374, "min": 2.35291510095e-22, "var": 0.000296712154523}, "spectral_entropy": {"dmean": 0.109532728791, "dmean2": 0.177632018924, "dvar": 0.0214282069355, "dvar2": 0.0499429292977, "max": 9.78665161133, "mean": 5.35801362991, "median": 5.26862716675, "min": 4.61336326599, "var": 0.270731776953}, "spectral_flux": {"dmean": 0.012175408192, "dmean2": 0.0192083287984, "dvar": 0.000366449035937, "dvar2": 0.000842067238409, "max": 0.220432773232, "mean": 0.0364707186818, "median": 0.0261098537594, "min": 1.04141605062e-10, "var": 0.00104463193566}, "spectral_kurtosis": {"dmean": 46.7760925293, "dmean2": 82.0510177612, "dvar": 1916.18493652, "dvar2": 5477.44970703, "max": 426.416412354, "mean": 201.28137207, "median": 207.429428101, "min": -1.24127030373, "var": 6377.6484375}, "spectral_rms": {"dmean": 0.000432896282291, "dmean2": 0.000648593879305, "dvar": 3.56255839051e-07, "dvar2": 8.13077122075e-07, "max": 0.012027005665, "mean": 0.00465054251254, "median": 0.00472234375775, "min": 3.25283723568e-12, "var": 4.92713752465e-06}, "spectral_rolloff": {"dmean": 42.0014686584, "dmean2": 70.1367645264, "dvar": 193166.578125, "dvar2": 322670.875, "max": 19487.5488281, "mean": 598.409240723, "median": 452.197265625, "min": 129.19921875, "var": 2747084.5}, "spectral_skewness": {"dmean": 1.73498022556, "dmean2": 3.04007053375, "dvar": 2.89340257645, "dvar2": 8.22438049316, "max": 16.2485198975, "mean": 10.6917037964, "median": 11.3160686493, "min": -0.0372099988163, "var": 9.29021072388}, "spectral_spread": {"dmean": 296341.84375, "dmean2": 507686.40625, "dvar": 725951774720, "dvar2": 812540035072, "max": 41680500, "mean": 1024075.75, "median": 612015.75, "min": 226834.796875, "var": 3917337591810.0}, "spectral_strongpeak": {"dmean": 0.261670589447, "dmean2": 0.426194757223, "dvar": 0.162537172437, "dvar2": 0.388705641031, "max": 4.42391300201, "mean": 1.16955816746, "median": 1.04341387749, "min": 6.44156372687e-09, "var": 0.780209124088}, "zerocrossingrate": {"dmean": 0.00216692686081, "dmean2": 0.00277932477184, "dvar": 8.94791883184e-05, "dvar2": 0.000134940506541, "max": 0.501953125, "mean": 0.0227663516998, "median": 0.017578125, "min": 0.0048828125, "var": 0.0021052681841}, "barkbands": {"dmean": [5.90746651596e-07, 0.00077952304855, 0.000666116247885, 0.000748548889533, 0.0010524323443, 0.00195554108359, 0.00181397492997, 0.000321836414514, 0.00014563073637, 6.49136345601e-05, 4.64923759864e-05, 7.54421635065e-05, 2.18841414608e-05, 3.6054821976e-05, 1.89376642084e-05, 6.80324910718e-06, 2.76687183032e-06, 1.28709629621e-07, 5.4423654916e-08, 1.17496643526e-08, 5.76665559748e-09, 1.62878632803e-09, 1.26038091075e-09, 1.22418775117e-09, 1.25563048847e-09, 1.24951937686e-09, 1.47044332266e-09], "dmean2": [1.04346645458e-06, 0.00104654126335, 0.000985487829894, 0.00128090393264, 0.00170319993049, 0.00305524538271, 0.00285917543806, 0.000369795394363, 0.00020106730517, 8.56684637256e-05, 6.2716389948e-05, 0.000114463844511, 2.82994733425e-05, 5.87514805375e-05, 2.80187323369e-05, 1.19935111798e-05, 4.53656184618e-06, 1.59047701231e-07, 8.17030425537e-08, 1.74884391413e-08, 8.17613621251e-09, 2.89102874973e-09, 2.26634244704e-09, 2.2111588116e-09, 2.25310547997e-09, 2.25439356072e-09, 2.61639043764e-09], "dvar": [1.31842388569e-12, 5.51656194148e-06, 1.85346755188e-06, 7.1535873758e-06, 4.6364566515e-06, 1.08098292912e-05, 1.13528067232e-05, 7.12048688456e-07, 7.2584818156e-08, 1.82501604939e-08, 9.22775367229e-09, 4.76932378035e-08, 3.57542817575e-09, 6.02624039558e-09, 1.67653624317e-08, 1.36212130464e-09, 7.30159432916e-10, 8.38659653876e-13, 8.08071057984e-14, 1.08472849758e-15, 2.09724603351e-16, 4.82029410362e-18, 2.77533405736e-18, 2.42587030769e-18, 2.29137983907e-18, 2.2012175659e-18, 2.52615230848e-18], "dvar2": [4.11415563076e-12, 9.75970488071e-06, 4.20119613409e-06, 2.59049629676e-05, 1.35799382406e-05, 2.36103951465e-05, 2.86455251626e-05, 1.14830902476e-06, 1.38371973435e-07, 3.20543485088e-08, 1.88354700725e-08, 1.13486869679e-07, 5.28100985164e-09, 1.46610483753e-08, 4.11180174353e-08, 4.46542225419e-09, 1.58110102788e-09, 1.32324479065e-12, 1.8377394875e-13, 2.5227269089e-15, 3.74907926232e-16, 1.4094667947e-17, 8.61704567061e-18, 7.45915907634e-18, 7.03848562248e-18, 6.75897343528e-18, 7.81661277035e-18], "max": [1.81809045898e-05, 0.0480631664395, 0.0307821277529, 0.0545676872134, 0.0291201844811, 0.0425723232329, 0.0572330616415, 0.0182960946113, 0.00483497045934, 0.00215605436824, 0.00188580481336, 0.00480117229745, 0.00127928471193, 0.000866925925948, 0.00438557937741, 0.000736291753128, 0.000951497873757, 3.21417901432e-05, 1.01524838101e-05, 4.7050659191e-07, 2.16939852749e-07, 2.14818118849e-08, 1.64753881648e-08, 1.62039839324e-08, 1.58388502314e-08, 1.74613603576e-08, 1.88218596264e-08], "mean": [8.62186539052e-07, 0.00292249023914, 0.00243662414141, 0.00209611514583, 0.00317123276182, 0.00723044062033, 0.00676971441135, 0.00117237563245, 0.000584587687626, 0.000264334521489, 0.000148556326167, 0.00022812372481, 7.9079552961e-05, 5.84629124205e-05, 3.87989239243e-05, 1.02367284853e-05, 5.99399982093e-06, 3.89337543538e-07, 1.33206299324e-07, 2.13071658095e-08, 1.25188774902e-08, 2.86181878195e-09, 2.4463358006e-09, 2.77690936912e-09, 3.52986595509e-09, 4.65943728045e-09, 5.79382586352e-09], "median": [3.21098895029e-07, 0.000403447134886, 0.00113136740401, 0.000480453658383, 0.00161133147776, 0.00438444130123, 0.00407823547721, 0.000369509187294, 0.000351584691089, 0.000159083807375, 8.42269073473e-05, 9.09730151761e-05, 2.81682623609e-05, 2.61625064013e-05, 7.33480555937e-06, 1.14299109555e-06, 3.22275809594e-07, 3.8987742812e-08, 3.96564594496e-08, 7.55210471937e-09, 3.84284071231e-09, 1.99368432874e-09, 1.96187821544e-09, 2.3356752088e-09, 3.12261683177e-09, 4.32259383842e-09, 5.48245093768e-09], "min": [1.92044258849e-23, 8.399205584e-24, 6.49189729293e-24, 5.37161817205e-24, 5.12374119401e-23, 3.39007956863e-23, 5.76054631985e-23, 1.51251646128e-23, 6.59445938691e-23, 3.69411255685e-23, 4.79538888626e-23, 1.00036290739e-22, 4.38334916498e-23, 8.625471402e-23, 9.67967608566e-23, 1.58604385123e-22, 1.48646208952e-22, 2.40728970542e-22, 3.81479477005e-22, 4.50104090115e-22, 4.58020921455e-22, 4.19137399457e-22, 8.91172302365e-22, 7.41898614516e-22, 1.3845634244e-21, 1.40671362888e-21, 2.64912507547e-21], "var": [2.5776392739e-12, 3.85247549275e-05, 1.68183105416e-05, 2.00503782253e-05, 1.62836076925e-05, 6.14492964814e-05, 6.19101410848e-05, 3.95174265577e-06, 4.927419468e-07, 1.05666359218e-07, 3.69064281358e-08, 1.3125328735e-07, 2.16390745322e-08, 9.23486620508e-09, 2.18101678939e-08, 1.5493228922e-09, 1.62963587069e-09, 3.8952899066e-12, 1.19238332316e-13, 1.59215967826e-15, 5.87653353476e-16, 6.75400001185e-18, 2.6513500233e-18, 2.28649451038e-18, 2.20704691447e-18, 2.06926550779e-18, 2.59970624252e-18]}, "erbbands": {"dmean": [0.00792018603534, 0.22189283371, 0.764776408672, 1.49212777615, 3.29083538055, 3.69913649559, 9.94209480286, 15.5661764145, 30.2213401794, 13.8758745193, 5.8160982132, 2.9411444664, 2.3137485981, 1.65022587776, 1.30910491943, 3.51430225372, 1.1854634285, 1.95048952103, 0.870562434196, 0.789678156376, 0.299907982349, 0.108568564057, 0.0105232568458, 0.00376423681155, 0.00224809907377, 0.000563144742046, 0.000373791815946, 0.000101211917354, 6.00198618486e-05, 4.49790677521e-05, 3.55775155185e-05, 2.77355084108e-05, 2.06873901334e-05, 1.5087986867e-05, 9.98507675831e-06, 5.89463388678e-06, 3.05596677208e-06, 9.88067313301e-07, 2.27843679568e-06, 5.4117763284e-06], "dmean2": [0.0109397498891, 0.297315269709, 1.11490762234, 2.49252533913, 5.52010011673, 5.90249681473, 16.1013584137, 24.589838028, 49.8312950134, 17.9919643402, 6.70637321472, 4.09606122971, 3.00177693367, 2.38036894798, 1.68610799313, 5.3267159462, 1.54687416553, 3.09270858765, 1.37843084335, 1.18632721901, 0.511375367641, 0.174369618297, 0.0144101930782, 0.00522737205029, 0.00337422243319, 0.00080887490185, 0.000510007084813, 0.000166082711075, 0.000105610168248, 8.05709059932e-05, 6.33924137219e-05, 4.93520965392e-05, 3.65164851246e-05, 2.6455403713e-05, 1.71408519236e-05, 9.9922035588e-06, 5.1731262829e-06, 1.70608984718e-06, 3.41754162037e-06, 8.08578897704e-06], "dvar": [0.000482493196614, 0.432296037674, 2.87630748749, 18.9543571472, 104.482795715, 45.9306297302, 307.506164551, 746.982543945, 2872.36572266, 1116.0189209, 123.656684875, 29.8228034973, 25.1365737915, 11.0590648651, 12.1102809906, 108.028488159, 9.57865428925, 15.223862648, 12.042432785, 29.2760620117, 2.41078329086, 0.660396397114, 0.00707995891571, 0.000433294364484, 4.7550729505e-05, 2.04947809834e-06, 1.05007859474e-06, 3.99331590017e-08, 6.44622977219e-09, 3.53523699204e-09, 2.0896555597e-09, 1.17373710751e-09, 6.17766227062e-10, 2.99120422875e-10, 1.16654783056e-10, 4.01801161787e-11, 1.06001353528e-11, 1.0655827349e-12, 1.25626783282e-11, 7.32395602498e-11], "dvar2": [0.000795253843535, 0.773756086826, 6.13667869568, 67.3061218262, 366.76184082, 120.560523987, 774.659729004, 1712.6697998, 8111.27783203, 2230.78540039, 176.833023071, 64.2973403931, 46.3198051453, 22.6047821045, 22.472618103, 258.607696533, 15.5334358215, 35.3271102905, 29.7988739014, 72.3808135986, 6.83285188675, 1.44474506378, 0.0120540326461, 0.000942109560128, 0.00010689170449, 4.51031928606e-06, 1.85606802461e-06, 9.61020418799e-08, 1.85453856716e-08, 1.07466009425e-08, 6.44515774084e-09, 3.61227936452e-09, 1.87668192098e-09, 8.97484031537e-10, 3.37971511888e-10, 1.08989650638e-10, 2.73820133234e-11, 3.20969726492e-12, 2.77242950819e-11, 1.64553815019e-10], "max": [0.465473264456, 13.2696113586, 28.7691001892, 79.8547515869, 156.612503052, 102.542907715, 257.916870117, 466.999725342, 777.024841309, 703.455322266, 222.941986084, 86.0011444092, 84.6444778442, 74.6689224243, 66.645072937, 237.119064331, 69.9198760986, 49.4983787537, 80.5478591919, 182.111953735, 36.4668807983, 26.3705043793, 2.81789779663, 0.65314000845, 0.214885652065, 0.0197753254324, 0.0147121008486, 0.0045172246173, 0.000902036204934, 0.000617779092863, 0.000489086611196, 0.000394582224544, 0.000307818845613, 0.000233117520111, 0.00016717708786, 0.000112890069431, 6.02471154707e-05, 1.46207539728e-05, 6.75856208545e-05, 0.000162307682331], "mean": [0.0324850827456, 0.837869286537, 2.7885260582, 5.09738492966, 8.00605678558, 11.9137868881, 30.2620925903, 58.2127189636, 102.101478577, 63.0081214905, 25.6900138855, 11.5575380325, 9.37255573273, 5.61355257034, 4.67050743103, 10.5711622238, 4.32134962082, 3.84098100662, 1.68552434444, 1.70007193089, 0.554103851318, 0.259719997644, 0.0344437658787, 0.00989057216793, 0.00572482449934, 0.00121944618877, 0.000827821961138, 0.000218085348024, 0.000116586947115, 9.26387656364e-05, 8.14811210148e-05, 7.16148279025e-05, 6.18343401584e-05, 5.21357469552e-05, 4.11717155657e-05, 2.917931306e-05, 1.65393994394e-05, 4.62384105049e-06, 1.34763140522e-05, 3.02300741168e-05], "median": [0.00411346554756, 0.148688897491, 1.30900096893, 2.10754799843, 3.2728433609, 6.12178993225, 21.3296489716, 32.541053772, 65.4869766235, 30.6009025574, 15.3160085678, 8.37041854858, 5.89390563965, 3.72441577911, 2.26396584511, 4.16316795349, 1.83138990402, 2.14249372482, 0.568150281906, 0.282871901989, 0.0899752080441, 0.019259121269, 0.00369000388309, 0.00214918795973, 0.00167983409483, 0.000468696409371, 0.000242280017119, 0.000118091178592, 8.27934854897e-05, 7.21416436136e-05, 6.77110947436e-05, 6.0589358327e-05, 5.47247436771e-05, 4.62996031274e-05, 3.71031237592e-05, 2.64674890786e-05, 1.50646355905e-05, 4.3338791329e-06, 1.14845061034e-05, 2.54025053437e-05], "min": [4.29616627722e-22, 1.28351481055e-21, 4.84735028319e-21, 1.92243656759e-20, 7.20994403344e-20, 1.97251311252e-19, 3.40321956339e-19, 2.06281189635e-19, 6.52976478947e-19, 6.29743043492e-19, 5.80894616201e-19, 1.81992431984e-18, 9.80631715168e-19, 2.19621643191e-18, 1.24772719759e-18, 4.51660466789e-18, 2.52455812464e-18, 3.48572048973e-18, 3.61162771872e-18, 7.28175944063e-18, 9.86030061282e-18, 9.24850459689e-18, 1.09146059964e-17, 2.15469796222e-17, 1.57815588769e-17, 1.84344908831e-17, 2.54211064909e-17, 1.37674162715e-17, 1.53828065364e-17, 1.98672107174e-17, 2.39758201287e-17, 1.35632672691e-17, 1.53031821306e-17, 1.38894411283e-17, 1.01944145787e-17, 5.1080284661e-18, 2.7736002868e-18, 1.26709221951e-18, 2.91308687461e-19, 4.12073560763e-20], "var": [0.00485143531114, 2.9133887291, 18.4035282135, 59.9642791748, 246.319900513, 210.173446655, 1006.05743408, 4868.52490234, 13307.0478516, 6440.5078125, 998.638977051, 144.044998169, 133.513031006, 42.4238967896, 52.134098053, 278.810699463, 56.2434120178, 28.5425186157, 15.8893499374, 39.6216430664, 3.86297655106, 1.61770689487, 0.0299370717257, 0.00105439336039, 0.000107911793748, 3.95993447455e-06, 2.82671840068e-06, 8.60881002041e-08, 1.03977635391e-08, 4.30013757935e-09, 2.50361442689e-09, 1.55512613897e-09, 9.55505452538e-10, 5.8861920893e-10, 3.31260130437e-10, 1.66257563272e-10, 5.47037415366e-11, 2.33357929334e-12, 1.06080665085e-10, 6.04988281694e-10]}, "gfcc": {"mean": [-231.281204224, 256.087280273, -61.4659156799, -63.6348609924, -26.2410392761, -12.2037849426, -35.7419815063, -19.4332389832, -9.00095462799, -0.949405670166, -0.699507415295, -12.7528839111, -5.67012071609], "cov": [[10630.0351562, 5015.5390625, -2451.62255859, -2208.60766602, 778.627624512, -896.864013672, -340.863464355, -108.233795166, 694.455993652, 67.6348114014, 351.485687256, -303.821411133, 356.835754395], [5015.5390625, 2983.02441406, -643.904052734, -1149.51159668, 264.996490479, -260.11819458, -70.8064880371, -104.225746155, 304.368927002, 17.5971279144, 181.435348511, -176.534957886, 118.492408752], [-2451.62255859, -643.904052734, 1380.76123047, 687.172546387, -259.149871826, 446.65335083, 240.401855469, -14.4919157028, -210.235153198, -16.7873420715, -65.4430847168, 47.8207092285, -153.353668213], [-2208.60766602, -1149.51159668, 687.172546387, 798.823425293, -31.883026123, 229.928756714, 120.90763092, 52.8104934692, -170.959014893, -7.31786584854, -76.6495895386, 91.1909179688, -56.6844291687], [778.627624512, 264.996490479, -259.149871826, -31.883026123, 247.791091919, -53.1268806458, -44.8018264771, 23.4317131042, 69.0157089233, -12.7482004166, 27.2160968781, 15.4317846298, 53.1401176453], [-896.864013672, -260.11819458, 446.65335083, 229.928756714, -53.1268806458, 230.361801147, 105.26940918, -5.08299732208, -68.9219360352, -5.94038438797, -15.0098733902, 41.6479034424, -55.3046073914], [-340.863464355, -70.8064880371, 240.401855469, 120.90763092, -44.8018264771, 105.26940918, 119.585441589, 24.2267398834, -33.1660003662, 25.5156784058, 11.7237787247, -0.706907093525, -18.5041561127], [-108.233795166, -104.225746155, -14.4919157028, 52.8104934692, 23.4317131042, -5.08299732208, 24.2267398834, 60.0133132935, 26.1007156372, 8.60303211212, 7.32892894745, 14.1595287323, 5.80850839615], [694.455993652, 304.368927002, -210.235153198, -170.959014893, 69.0157089233, -68.9219360352, -33.1660003662, 26.1007156372, 108.494010925, 24.0230636597, 27.5968704224, -12.0528678894, 34.6333999634], [67.6348114014, 17.5971279144, -16.7873420715, -7.31786584854, -12.7482004166, -5.94038438797, 25.5156784058, 8.60303211212, 24.0230636597, 57.3229255676, 29.827791214, -6.50584363937, 12.3165998459], [351.485687256, 181.435348511, -65.4430847168, -76.6495895386, 27.2160968781, -15.0098733902, 11.7237787247, 7.32892894745, 27.5968704224, 29.827791214, 68.1535949707, 22.7510986328, 4.94554948807], [-303.821411133, -176.534957886, 47.8207092285, 91.1909179688, 15.4317846298, 41.6479034424, -0.706907093525, 14.1595287323, -12.0528678894, -6.50584363937, 22.7510986328, 79.2608108521, 2.29932713509], [356.835754395, 118.492408752, -153.353668213, -56.6844291687, 53.1401176453, -55.3046073914, -18.5041561127, 5.80850839615, 34.6333999634, 12.3165998459, 4.94554948807, 2.29932713509, 72.1358718872]], "icov": [[0.00274006137624, -0.00468552811071, 0.0049609169364, -0.0053128846921, 0.00230320729315, 0.000350304384483, -0.00201452895999, 0.00440321629867, -0.00586126139387, 0.00468462146819, -0.00437833135948, 0.00248659052886, 0.000449493934866], [-0.00468552811071, 0.0110811637715, -0.0117314457893, 0.0138801429421, -0.00878872722387, 0.00398651603609, -0.00179520132951, -0.00138695526402, 0.00623484514654, -0.00500134238973, 0.00470804562792, -0.00307183875702, -0.00223956652917], [0.0049609169364, -0.0117314457893, 0.0183669421822, -0.0217700973153, 0.0166307445616, -0.011884897016, 0.00118434091564, 0.00735517218709, -0.0152630088851, 0.0180908050388, -0.0174434222281, 0.0127256950364, 4.72734318464e-05], [-0.0053128846921, 0.0138801429421, -0.0217700973153, 0.0334101356566, -0.025614246726, 0.0149186411873, -0.00522531662136, -0.0130026144907, 0.0275092795491, -0.0325983278453, 0.0336265712976, -0.0235992576927, 0.00427272031084], [0.00230320729315, -0.00878872722387, 0.0166307445616, -0.025614246726, 0.0290068220347, -0.0196203067899, 0.0120371673256, 0.00108613003977, -0.0186649020761, 0.0291757024825, -0.0312894061208, 0.0220846571028, -0.00971854757518], [0.000350304384483, 0.00398651603609, -0.011884897016, 0.0149186411873, -0.0196203067899, 0.0392829291523, -0.0333453826606, 0.0218463614583, -0.00406769383699, -0.0122708370909, 0.0291405711323, -0.0312326420099, 0.0154795320705], [-0.00201452895999, -0.00179520132951, 0.00118434091564, -0.00522531662136, 0.0120371673256, -0.0333453826606, 0.0570709779859, -0.0449126586318, 0.0269911307842, -0.0110487435013, -0.0206543020904, 0.0268589239568, -0.0153627274558], [0.00440321629867, -0.00138695526402, 0.00735517218709, -0.0130026144907, 0.00108613003977, 0.0218463614583, -0.0449126586318, 0.0757581591606, -0.0555114336312, 0.0369099490345, -0.0159408692271, -0.00231693568639, 0.00575994327664], [-0.00586126139387, 0.00623484514654, -0.0152630088851, 0.0275092795491, -0.0186649020761, -0.00406769383699, 0.0269911307842, -0.0555114336312, 0.0735947415233, -0.0589605532587, 0.0404322817922, -0.020421186462, 0.00255860527977], [0.00468462146819, -0.00500134238973, 0.0180908050388, -0.0325983278453, 0.0291757024825, -0.0122708370909, -0.0110487435013, 0.0369099490345, -0.0589605532587, 0.0959739908576, -0.0796856880188, 0.0499358102679, -0.0230290032923], [-0.00437833135948, 0.00470804562792, -0.0174434222281, 0.0336265712976, -0.0312894061208, 0.0291405711323, -0.0206543020904, -0.0159408692271, 0.0404322817922, -0.0796856880188, 0.110798023641, -0.0741879492998, 0.0336042940617], [0.00248659052886, -0.00307183875702, 0.0127256950364, -0.0235992576927, 0.0220846571028, -0.0312326420099, 0.0268589239568, -0.00231693568639, -0.020421186462, 0.0499358102679, -0.0741879492998, 0.0706388354301, -0.0277702305466], [0.000449493934866, -0.00223956652917, 4.72734318464e-05, 0.00427272031084, -0.00971854757518, 0.0154795320705, -0.0153627274558, 0.00575994327664, 0.00255860527977, -0.0230290032923, 0.0336042940617, -0.0277702305466, 0.0346833355725]]}, "melbands": {"dmean": [0.000145946629345, 0.000368417968275, 0.000314573611831, 0.000242688591243, 0.000287453178316, 0.000398970936658, 0.000426366517786, 0.000129536885652, 4.78910296806e-05, 1.66289282788e-05, 1.13451396828e-05, 6.48692230243e-06, 4.49295066574e-06, 7.24019992049e-06, 6.73101658322e-06, 2.3025891096e-06, 4.14786154579e-06, 1.30759110561e-06, 1.75697061877e-06, 7.17958357654e-07, 2.64992451093e-07, 1.58136614914e-07, 1.08648023911e-08, 8.00174770887e-09, 2.5325985753e-09, 2.39946640335e-09, 6.82967959964e-10, 2.91479673731e-10, 2.67270566789e-10, 1.06916295262e-10, 5.08551811773e-11, 3.61584026609e-11, 2.80665195945e-11, 2.44117798892e-11, 2.12472140576e-11, 1.87626962578e-11, 1.67876008234e-11, 1.49616707912e-11, 1.35823262359e-11, 1.26774233472e-11], "dmean2": [0.000197240427951, 0.000513182661962, 0.000524943403434, 0.000398588977987, 0.000465773307951, 0.000638451019768, 0.000683947524521, 0.000160590920132, 5.66329872527e-05, 2.3871411031e-05, 1.47821383507e-05, 9.42464521358e-06, 5.95327765041e-06, 1.07146579467e-05, 9.8914379123e-06, 2.94667211165e-06, 6.70483495924e-06, 2.12251848097e-06, 2.58920772467e-06, 1.20691845495e-06, 4.54453356724e-07, 2.56860261061e-07, 1.63191877789e-08, 9.87724124712e-09, 3.8241805278e-09, 3.60877439043e-09, 1.02569874816e-09, 4.30960239717e-10, 3.68155617103e-10, 1.60636282054e-10, 8.6566052937e-11, 6.34606880934e-11, 5.02411202918e-11, 4.38971047012e-11, 3.80851183923e-11, 3.35126822126e-11, 3.02676460284e-11, 2.68070721871e-11, 2.42920319277e-11, 2.25471325638e-11], "dvar": [1.87564339171e-07, 7.77321076839e-07, 9.2386204642e-07, 2.78352359828e-07, 2.33613931755e-07, 4.38534385694e-07, 5.6575504459e-07, 1.03269421459e-07, 8.10959477349e-09, 1.0377960713e-09, 6.14075845728e-10, 1.62641206058e-10, 1.11849633722e-10, 4.47074377519e-10, 3.55694057541e-10, 4.75093298036e-11, 7.17563716779e-11, 2.47589639762e-11, 2.02143829453e-10, 1.18407731536e-11, 2.93338595601e-12, 1.66192775687e-12, 4.9526761815e-15, 3.17366622315e-15, 1.69198616393e-16, 1.10488850377e-16, 3.51820056367e-18, 4.53932111546e-19, 5.58092038447e-19, 6.68717493359e-20, 7.53477042829e-21, 2.26303771677e-21, 1.3279944487e-21, 9.898684194e-22, 7.20972671677e-22, 5.44253137162e-22, 4.08162362647e-22, 3.19511739218e-22, 2.47940926264e-22, 2.02295376939e-22], "dvar2": [3.20260227227e-07, 1.55110183186e-06, 3.32017384608e-06, 8.45754129841e-07, 5.85840552958e-07, 1.01740113223e-06, 1.48631852426e-06, 2.00799362915e-07, 1.18257830195e-08, 2.36269093179e-09, 1.13231635179e-09, 3.33735705738e-10, 2.28470228847e-10, 1.05072384127e-09, 7.85103093648e-10, 6.86340498324e-11, 1.71827552187e-10, 6.42804906525e-11, 4.98120100723e-10, 3.77707622123e-11, 7.0015330339e-12, 3.66631074458e-12, 1.04144725274e-14, 5.45777209234e-15, 3.87230746837e-16, 2.52338658874e-16, 8.22381889665e-18, 1.00515793052e-18, 1.00318314021e-18, 1.36620238972e-19, 1.97577016849e-20, 6.46355255188e-21, 4.09273457455e-21, 3.0387756116e-21, 2.23280664837e-21, 1.69000966009e-21, 1.2603510271e-21, 9.80152884222e-22, 7.62988236527e-22, 6.2881296775e-22], "max": [0.00904249213636, 0.0153977284208, 0.0189181510359, 0.00685971183702, 0.00668665254489, 0.00901008676738, 0.0119987810031, 0.0061846524477, 0.00166526378598, 0.000463872740511, 0.000418325333158, 0.000275025609881, 0.000220762434765, 0.000481231021695, 0.000382251484552, 0.000172172556631, 0.000101151046692, 9.28343797568e-05, 0.000486522621941, 6.61051526549e-05, 5.58102947252e-05, 4.34952889918e-05, 1.5638709101e-06, 1.64739799402e-06, 4.2768525077e-07, 3.66809416619e-07, 2.58182684121e-08, 8.6155074186e-09, 1.04437845039e-08, 5.30841637314e-09, 1.84558512917e-09, 5.22153820182e-10, 3.84388437746e-10, 3.03677805125e-10, 2.65532817956e-10, 2.38475100778e-10, 2.07883030234e-10, 1.88780352461e-10, 1.65389077433e-10, 1.47144824103e-10], "mean": [0.000571737007704, 0.00140569533687, 0.00100303220097, 0.000682093843352, 0.000933447852731, 0.00144982058555, 0.00155285769142, 0.000577608239837, 0.000202696712222, 6.18579142611e-05, 4.51165105915e-05, 2.15529908019e-05, 1.51310068759e-05, 2.20200836338e-05, 2.10014823097e-05, 8.0104882727e-06, 7.09607047611e-06, 2.28947874348e-06, 3.62978335033e-06, 1.1998466789e-06, 5.10384609242e-07, 3.53173533085e-07, 3.15924957306e-08, 2.38761472815e-08, 5.37415090207e-09, 5.64731506003e-09, 1.49262135984e-09, 5.65583746504e-10, 5.55415435866e-10, 2.32115424104e-10, 8.84438494664e-11, 6.11584463628e-11, 4.85188243748e-11, 4.35345370864e-11, 3.95593557911e-11, 3.75283450149e-11, 3.44061341917e-11, 3.27298674274e-11, 3.17068558908e-11, 3.07830219648e-11], "median": [7.2512193583e-05, 0.000553340651095, 0.000396874442231, 0.000349889800418, 0.000666375388391, 0.000833849073388, 0.00101246463601, 0.000272530829534, 0.000115824739623, 4.38394017692e-05, 2.75864076684e-05, 1.38999112096e-05, 8.03878356237e-06, 8.51560798765e-06, 8.92676234798e-06, 1.85202020475e-06, 3.73318425773e-06, 6.8917529461e-07, 6.47442732316e-07, 1.12306196343e-07, 9.36557711384e-08, 1.84589730168e-08, 2.4772384144e-09, 1.57178048354e-09, 1.38258715587e-09, 1.41050882085e-09, 4.77097694684e-10, 2.12494272178e-10, 1.51853446484e-10, 8.20066028973e-11, 5.19914666874e-11, 4.13558388923e-11, 3.64468767666e-11, 3.29309600422e-11, 3.18072408689e-11, 3.10726132324e-11, 2.9037086971e-11, 2.79165995876e-11, 2.7551740403e-11, 2.73685518692e-11], "min": [3.27574609222e-24, 2.29828018026e-24, 3.59535111582e-24, 1.06877533901e-23, 1.03478363814e-23, 4.73422960469e-24, 1.11224220597e-23, 5.7767787107e-24, 6.04692018338e-24, 1.0589706657e-23, 4.48636950827e-24, 8.68921136314e-24, 4.4334909785e-24, 8.78009997234e-24, 9.33841785573e-24, 5.0734859423e-24, 7.05320219814e-24, 5.81066423088e-24, 9.25388194341e-24, 6.53889604794e-24, 1.39235606379e-23, 9.8661784231e-24, 5.73170201528e-24, 1.39345920688e-23, 1.83014783378e-23, 1.27504716182e-23, 9.75621910152e-24, 1.34352446936e-23, 1.81214776342e-23, 1.0641174309e-23, 7.68425147927e-24, 8.65318724105e-24, 7.94146115514e-24, 1.30405886267e-23, 1.3401315786e-23, 1.35788410441e-23, 6.33396378983e-24, 1.02785956932e-23, 1.15467684844e-23, 1.19057072961e-23], "var": [1.51459471454e-06, 4.75402703159e-06, 2.82317819256e-06, 8.57194550008e-07, 8.52708637922e-07, 2.66192660092e-06, 2.93802668239e-06, 5.68352334085e-07, 6.3432189279e-08, 4.29117719136e-09, 3.28387939064e-09, 6.3333505107e-10, 4.6334761028e-10, 1.2008742889e-09, 1.31865329767e-09, 2.83890966291e-10, 1.1624184254e-10, 3.01804969904e-11, 2.53721127441e-10, 1.47249868548e-11, 5.95026068348e-12, 3.8141508181e-12, 2.00592208046e-14, 1.37096873432e-14, 2.59834953397e-16, 1.80328510205e-16, 6.65137129966e-18, 8.40300937839e-19, 1.40721744246e-18, 1.70105557068e-19, 1.34301399683e-20, 3.38334884331e-21, 1.46948201631e-21, 1.01003266339e-21, 7.05275677572e-22, 5.37200140068e-22, 4.01523612191e-22, 3.13491607174e-22, 2.48772928395e-22, 2.05253782038e-22]}, "mfcc": {"mean": [-855.068847656, 265.967193604, 46.3671302795, -25.2151813507, 4.32469034195, 8.56330680847, -12.3929309845, -17.5490875244, -7.78207731247, -1.66706073284, -2.62426662445, 0.394103437662, 5.45022201538], "cov": [[5587.35644531, 4127.27880859, -1086.0177002, -1333.69140625, 103.79296875, -186.358230591, -706.758728027, -411.330932617, 19.274263382, 109.098846436, -35.7849235535, 26.1227741241, 253.684127808], [4127.27880859, 3332.60083008, -385.957092285, -975.17980957, -53.9215354919, -62.5947952271, -442.816436768, -332.484222412, 4.01691627502, 118.163368225, 3.62796854973, 14.2459783554, 164.613250732], [-1086.0177002, -385.957092285, 877.961669922, 382.209411621, -167.559890747, 146.620422363, 293.704406738, 74.3668441772, -17.3262577057, 37.3703308105, 60.0336914062, -6.34605264664, -71.6893157959], [-1333.69140625, -975.17980957, 382.209411621, 553.336486816, 111.67363739, 73.3240661621, 247.595016479, 187.302902222, 6.28601503372, -35.8454170227, 28.9832668304, 21.4311332703, -41.0712165833], [103.79296875, -53.9215354919, -167.559890747, 111.67363739, 225.142059326, 39.4010848999, -8.32056808472, 72.2279434204, 29.118221283, -42.4745483398, -8.28696537018, 38.7873191833, 24.7223644257], [-186.358230591, -62.5947952271, 146.620422363, 73.3240661621, 39.4010848999, 111.912513733, 89.8116836548, 28.1411247253, 10.9288349152, 2.10087275505, 5.19574642181, 9.13121318817, -13.252281189], [-706.758728027, -442.816436768, 293.704406738, 247.595016479, -8.32056808472, 89.8116836548, 208.88571167, 109.599990845, -11.2742061615, -12.1673202515, 30.5917625427, 8.71721744537, -40.119972229], [-411.330932617, -332.484222412, 74.3668441772, 187.302902222, 72.2279434204, 28.1411247253, 109.599990845, 126.390083313, 13.1544523239, -42.5620956421, 18.7832660675, 31.6321678162, -17.1827430725], [19.274263382, 4.01691627502, -17.3262577057, 6.28601503372, 29.118221283, 10.9288349152, -11.2742061615, 13.1544523239, 53.6995506287, 38.8052864075, -8.71116352081, -11.5194692612, 13.5056905746], [109.098846436, 118.163368225, 37.3703308105, -35.8454170227, -42.4745483398, 2.10087275505, -12.1673202515, -42.5620956421, 38.8052864075, 101.741020203, 16.0593185425, -45.8055686951, 6.41698026657], [-35.7849235535, 3.62796854973, 60.0336914062, 28.9832668304, -8.28696537018, 5.19574642181, 30.5917625427, 18.7832660675, -8.71116352081, 16.0593185425, 54.7666168213, 26.771894455, -10.1579418182], [26.1227741241, 14.2459783554, -6.34605264664, 21.4311332703, 38.7873191833, 9.13121318817, 8.71721744537, 31.6321678162, -11.5194692612, -45.8055686951, 26.771894455, 86.0806121826, 39.6471633911], [253.684127808, 164.613250732, -71.6893157959, -41.0712165833, 24.7223644257, -13.252281189, -40.119972229, -17.1827430725, 13.5056905746, 6.41698026657, -10.1579418182, 39.6471633911, 86.1392288208]], "icov": [[683.893249512, -932.13671875, 833.633544922, -689.641479492, 524.701965332, -363.793334961, 226.52986145, -123.60018158, 56.610168457, -19.801410675, 3.83927798271, 0.732800841331, -0.795650005341], [-932.13671875, 1273.56860352, -1147.5423584, 962.017456055, -747.110229492, 533.904968262, -347.573303223, 202.962219238, -103.811195374, 44.6911239624, -15.0201559067, 3.23254537582, -0.117830596864], [833.633544922, -1147.5423584, 1057.72045898, -921.637573242, 756.980773926, -583.310852051, 418.787750244, -277.465484619, 166.993392944, -89.2340393066, 40.6765441895, -14.6749897003, 3.45262050629], [-689.641479492, 962.017456055, -921.637573242, 853.316162109, -757.955810547, 639.540527344, -506.644439697, 371.99508667, -248.304244995, 147.061141968, -74.1948394775, 29.7014808655, -7.85713338852], [524.701965332, -747.110229492, 756.980773926, -757.955810547, 734.354614258, -674.569824219, 577.409667969, -453.859954834, 321.13772583, -199.912063599, 105.253921509, -43.785118103, 12.0299110413], [-363.793334961, 533.904968262, -583.310852051, 639.540527344, -674.569824219, 665.039123535, -601.967956543, 494.303436279, -361.860229492, 231.421478271, -124.533828735, 52.8016738892, -14.7806253433], [226.52986145, -347.573303223, 418.787750244, -506.644439697, 577.409667969, -601.967956543, 567.023498535, -479.26852417, 358.455474854, -233.099197388, 127.144721985, -54.5804214478, 15.4839353561], [-123.60018158, 202.962219238, -277.465484619, 371.99508667, -453.859954834, 494.303436279, -479.26852417, 413.371887207, -313.750152588, 206.416809082, -113.700141907, 49.281627655, -14.1413068771], [56.610168457, -103.811195374, 166.993392944, -248.304244995, 321.13772583, -361.860229492, 358.455474854, -313.750152588, 240.770599365, -159.823181152, 88.7401885986, -38.8034515381, 11.2623872757], [-19.801410675, 44.6911239624, -89.2340393066, 147.061141968, -199.912063599, 231.421478271, -233.099197388, 206.416809082, -159.823181152, 106.970016479, -59.8636627197, 26.4441738129, -7.78959178925], [3.83927798271, -15.0201559067, 40.6765441895, -74.1948394775, 105.253921509, -124.533828735, 127.144721985, -113.700141907, 88.7401885986, -59.8636627197, 33.8007888794, -15.0947036743, 4.52393865585], [0.732800841331, 3.23254537582, -14.6749897003, 29.7014808655, -43.785118103, 52.8016738892, -54.5804214478, 49.281627655, -38.8034515381, 26.4441738129, -15.0947036743, 6.87206315994, -2.11696982384], [-0.795650005341, -0.117830596864, 3.45262050629, -7.85713338852, 12.0299110413, -14.7806253433, 15.4839353561, -14.1413068771, 11.2623872757, -7.78959178925, 4.52393865585, -2.11696982384, 0.693796694279]]}, "spectral_contrast_coeffs": {"dmean": [0.0346922799945, 0.0313660204411, 0.022307690233, 0.0236907862127, 0.0162409786135, 0.0207543652505], "dmean2": [0.0569814927876, 0.0505162626505, 0.0356183461845, 0.0384332500398, 0.0265069305897, 0.0363992787898], "dvar": [0.00103430252057, 0.000890457478818, 0.000515185471158, 0.00059014983708, 0.000277806655504, 0.00032565993024], "dvar2": [0.0027431929484, 0.00249109836295, 0.00120412814431, 0.00135315011721, 0.000598877551965, 0.000950573710725], "max": [-0.357383310795, -0.38780233264, -0.546397864819, -0.517387032509, -0.566054224968, -0.788715779781], "mean": [-0.61277961731, -0.63527828455, -0.742851316929, -0.70624256134, -0.791309475899, -0.89998370409], "median": [-0.612361311913, -0.619335711002, -0.735403597355, -0.702267050743, -0.785705864429, -0.89761942625], "min": [-0.949182987213, -0.963940501213, -0.969198048115, -0.96761906147, -0.953592002392, -0.956691145897], "var": [0.00692958338186, 0.00937511306256, 0.00453875400126, 0.00552956061438, 0.00443483889103, 0.000469361373689]}, "spectral_contrast_valleys": {"dmean": [0.342057228088, 0.238351434469, 0.24344342947, 0.258511096239, 0.232316330075, 0.493242323399], "dmean2": [0.560009777546, 0.377229899168, 0.382521778345, 0.411411166191, 0.368969112635, 0.86974209547], "dvar": [0.186288774014, 0.198893025517, 0.188868105412, 0.214719071984, 0.188586935401, 0.283566951752], "dvar2": [0.328032493591, 0.29853412509, 0.287252217531, 0.324824571609, 0.259427458048, 0.63830280304], "max": [-5.58190536499, -4.889960289, -6.16667127609, -7.26892518997, -10.2229480743, -12.165307045], "mean": [-7.68574285507, -6.91506195068, -8.54222393036, -10.3018054962, -12.3157482147, -14.1580162048], "median": [-7.550947666