{"lowlevel": {"average_loudness": 0.759020328522, "barkbands_crest": {"dmean": 2.35237288475, "dmean2": 3.62190246582, "dvar": 5.74593019485, "dvar2": 13.3287668228, "max": 26.8743076324, "mean": 11.6924362183, "median": 10.9168987274, "min": 2.02476215363, "var": 19.5465660095}, "barkbands_flatness_db": {"dmean": 0.0252510029823, "dmean2": 0.0377122201025, "dvar": 0.00126456900034, "dvar2": 0.00263776187785, "max": 0.749756753445, "mean": 0.178217813373, "median": 0.154777139425, "min": 0.0132583659142, "var": 0.00787608046085}, "barkbands_kurtosis": {"dmean": 14.1973390579, "dmean2": 21.604839325, "dvar": 38647.0859375, "dvar2": 99939.5390625, "max": 15711.9765625, "mean": 20.4097824097, "median": 3.955742836, "min": -1.88261413574, "var": 54772.59375}, "barkbands_skewness": {"dmean": 0.676052927971, "dmean2": 1.0148601532, "dvar": 2.07054400444, "dvar2": 4.66239309311, "max": 102.663024902, "mean": 2.27162742615, "median": 1.89517378807, "min": -8.23504161835, "var": 8.10602855682}, "barkbands_spread": {"dmean": 4.29084157944, "dmean2": 6.82194757462, "dvar": 55.2287254333, "dvar2": 129.230804443, "max": 122.377799988, "mean": 15.7094774246, "median": 13.2549238205, "min": 0.0114517845213, "var": 145.072540283}, "dissonance": {"dmean": 0.0244042742997, "dmean2": 0.0398506596684, "dvar": 0.00106961640995, "dvar2": 0.00263254949823, "max": 0.500000059605, "mean": 0.441755950451, "median": 0.456455647945, "min": 0.0859752595425, "var": 0.00277665676549}, "dynamic_complexity": 6.16068029404, "erbbands_crest": {"dmean": 2.3357231617, "dmean2": 3.69526076317, "dvar": 5.55242586136, "dvar2": 13.0659065247, "max": 31.9487419128, "mean": 8.88272380829, "median": 7.80479049683, "min": 2.24136328697, "var": 18.7771930695}, "erbbands_flatness_db": {"dmean": 0.0176617186517, "dmean2": 0.0254246685654, "dvar": 0.000792745733634, "dvar2": 0.00147026078776, "max": 0.493777483702, "mean": 0.172521740198, "median": 0.169198587537, "min": 0.04287404567, "var": 0.00664056185633}, "erbbands_kurtosis": {"dmean": 1.08332848549, "dmean2": 1.67098534107, "dvar": 6.29186964035, "dvar2": 14.1179800034, "max": 103.804641724, "mean": 0.751379489899, "median": -0.0712215900421, "min": -1.80627930164, "var": 11.0589771271}, "erbbands_skewness": {"dmean": 0.356668740511, "dmean2": 0.535054862499, "dvar": 0.17980620265, "dvar2": 0.384964168072, "max": 9.66163730621, "mean": 0.524804115295, "median": 0.518577218056, "min": -4.18140745163, "var": 0.709908485413}, "erbbands_spread": {"dmean": 8.38213443756, "dmean2": 12.7852516174, "dvar": 149.151123047, "dvar2": 348.996582031, "max": 149.913711548, "mean": 39.1834373474, "median": 34.7168197632, "min": 1.1402605772, "var": 502.495330811}, "hfc": {"dmean": 5.27560520172, "dmean2": 7.71661090851, "dvar": 144.684661865, "dvar2": 293.837799072, "max": 202.990646362, "mean": 15.9439554214, "median": 10.0926589966, "min": 1.07670606325e-16, "var": 431.253692627}, "melbands_crest": {"dmean": 2.82791423798, "dmean2": 4.37657690048, "dvar": 8.29492092133, "dvar2": 18.9041748047, "max": 39.9978523254, "mean": 15.6755037308, "median": 15.4694213867, "min": 1.58599424362, "var": 31.6336975098}, "melbands_flatness_db": {"dmean": 0.0285329669714, "dmean2": 0.0421962141991, "dvar": 0.00167122192215, "dvar2": 0.00347019685432, "max": 0.824905753136, "mean": 0.247937723994, "median": 0.224376380444, "min": 0.00283895037137, "var": 0.0115648619831}, "melbands_kurtosis": {"dmean": 31.4830112457, "dmean2": 50.2398414612, "dvar": 590660.5, "dvar2": 1547615.875, "max": 52091.6679688, "mean": 43.7266197205, "median": 10.2536811829, "min": -1.93879699707, "var": 616863}, "melbands_skewness": {"dmean": 0.840708255768, "dmean2": 1.28079247475, "dvar": 7.59739971161, "dvar2": 17.7537097931, "max": 211.806793213, "mean": 3.31217765808, "median": 2.7400765419, "min": -4.88863658905, "var": 20.5182590485}, "melbands_spread": {"dmean": 5.35311985016, "dmean2": 8.36811637878, "dvar": 204.953659058, "dvar2": 421.112487793, "max": 261.87689209, "mean": 17.6086540222, "median": 12.6471033096, "min": 0.00959701929241, "var": 574.013366699}, "pitch_salience": {"dmean": 0.0686612948775, "dmean2": 0.108951181173, "dvar": 0.00515280617401, "dvar2": 0.0125858522952, "max": 0.996787369251, "mean": 0.533605098724, "median": 0.543360888958, "min": 0.00143552187365, "var": 0.0174433887005}, "silence_rate_20dB": {"dmean": 0, "dmean2": 0, "dvar": 0, "dvar2": 0, "max": 1, "mean": 1, "median": 1, "min": 1, "var": 0}, "silence_rate_30dB": {"dmean": 0.0465664602816, "dmean2": 0.0931420698762, "dvar": 0.0443966500461, "dvar2": 0.0891785100102, "max": 1, "mean": 0.918074667454, "median": 1, "min": 0, "var": 0.075214356184}, "silence_rate_60dB": {"dmean": 0.0282935462892, "dmean2": 0.0564943999052, "dvar": 0.0274880453944, "dvar2": 0.0558642335236, "max": 1, "mean": 0.203929275274, "median": 0, "min": 0, "var": 0.162359073758}, "spectral_centroid": {"dmean": 234.743927002, "dmean2": 359.745391846, "dvar": 312996.96875, "dvar2": 527614.75, "max": 11872.1171875, "mean": 1134.71105957, "median": 927.947570801, "min": 76.191192627, "var": 1362179.25}, "spectral_complexity": {"dmean": 2.74742126465, "dmean2": 4.39329910278, "dvar": 14.4280490875, "dvar2": 30.6376934052, "max": 51, "mean": 13.8801574707, "median": 14, "min": 0, "var": 90.2637557983}, "spectral_decrease": {"dmean": 3.44481021486e-09, "dmean2": 5.64137536685e-09, "dvar": 7.31799210213e-17, "dvar2": 1.85445052428e-16, "max": 4.20153176644e-20, "mean": -8.25345569666e-09, "median": -4.57155868716e-09, "min": -8.75387868859e-08, "var": 1.38290992952e-16}, "spectral_energy": {"dmean": 0.0133265545592, "dmean2": 0.0217674765736, "dvar": 0.00108023977373, "dvar2": 0.00272831972688, "max": 0.336709588766, "mean": 0.0325966663659, "median": 0.0189601816237, "min": 9.99351633149e-21, "var": 0.00206618010998}, "spectral_energyband_high": {"dmean": 0.000414416281274, "dmean2": 0.000608281348832, "dvar": 1.33291689508e-06, "dvar2": 2.59900184574e-06, "max": 0.020489230752, "mean": 0.000810965546407, "median": 0.000203758827411, "min": 7.14832521703e-21, "var": 3.6625294797e-06}, "spectral_energyband_low": {"dmean": 0.00948762800545, "dmean2": 0.0159558933228, "dvar": 0.000760234775953, "dvar2": 0.00197288277559, "max": 0.301658719778, "mean": 0.0185348913074, "median": 0.000439457624452, "min": 9.15932749758e-24, "var": 0.00131881854031}, "spectral_energyband_middle_high": {"dmean": 0.000798569235485, "dmean2": 0.00119628338143, "dvar": 1.16785417958e-06, "dvar2": 2.45447836278e-06, "max": 0.020818259567, "mean": 0.00265643279999, "median": 0.00207635108382, "min": 1.13018408049e-21, "var": 7.06941546014e-06}, "spectral_energyband_middle_low": {"dmean": 0.00581355858594, "dmean2": 0.00967044290155, "dvar": 0.000215561987716, "dvar2": 0.000574715086259, "max": 0.163253068924, "mean": 0.011448668316, "median": 0.00747536495328, "min": 1.55971041204e-22, "var": 0.000259038584772}, "spectral_entropy": {"dmean": 0.196537047625, "dmean2": 0.285571753979, "dvar": 0.105546593666, "dvar2": 0.205992385745, "max": 9.82381725311, "mean": 7.26691198349, "median": 7.39181041718, "min": 4.31161642075, "var": 0.615965366364}, "spectral_flux": {"dmean": 0.0280786752701, "dmean2": 0.0456858091056, "dvar": 0.00283009000123, "dvar2": 0.00587459746748, "max": 0.472293674946, "mean": 0.071957282722, "median": 0.0527728721499, "min": 6.40928074502e-11, "var": 0.00566600821912}, "spectral_kurtosis": {"dmean": 4.89833116531, "dmean2": 7.78143596649, "dvar": 345.876464844, "dvar2": 701.511291504, "max": 496.909606934, "mean": 14.1103878021, "median": 4.56459569931, "min": -1.38619148731, "var": 1858.29272461}, "spectral_rms": {"dmean": 0.000856642029248, "dmean2": 0.00131660164334, "dvar": 2.64996378974e-06, "dvar2": 5.9867093114e-06, "max": 0.0181244909763, "mean": 0.00455510383472, "median": 0.00430089980364, "min": 3.12246235812e-12, "var": 1.10526325443e-05}, "spectral_rolloff": {"dmean": 401.877471924, "dmean2": 678.852416992, "dvar": 1972901.375, "dvar2": 3861959, "max": 20262.7441406, "mean": 1347.86340332, "median": 689.0625, "min": 21.533203125, "var": 6639582.5}, "spectral_skewness": {"dmean": 0.367923051119, "dmean2": 0.579409003258, "dvar": 0.736828446388, "dvar2": 1.4081581831, "max": 19.0049266815, "mean": 2.15271496773, "median": 1.69740152359, "min": -0.384234935045, "var": 4.4693479538}, "spectral_spread": {"dmean": 650306.4375, "dmean2": 991609.375, "dvar": 4372737032190.0, "dvar2": 8339017170940.0, "max": 49706000, "mean": 4981964, "median": 4445812, "min": 162263.515625, "var": 16532530790400.0}, "spectral_strongpeak": {"dmean": 0.319303244352, "dmean2": 0.535425543785, "dvar": 0.46927267313, "dvar2": 1.1704249382, "max": 20.9493598938, "mean": 0.682527959347, "median": 0.479887783527, "min": 0, "var": 0.806278884411}, "zerocrossingrate": {"dmean": 0.0107452096418, "dmean2": 0.0136149292812, "dvar": 0.000956195872277, "dvar2": 0.00151753122918, "max": 0.52392578125, "mean": 0.0543391816318, "median": 0.0400390625, "min": 0, "var": 0.00483340676874}, "barkbands": {"dmean": [0.000283012137515, 0.00692126108333, 0.00327740167268, 0.00178325572051, 0.00311472429894, 0.000739515060559, 0.000643173523713, 0.000783739902545, 0.000480342947412, 0.000297645427054, 0.000205274205655, 0.00018615204317, 0.000190994411241, 0.000152395412442, 0.000153860499267, 0.000135866706842, 0.000111272369395, 7.59783142712e-05, 5.97970720264e-05, 9.18178338907e-05, 9.63520506048e-05, 0.000104655191535, 4.93203515362e-05, 7.91254424257e-05, 7.98118780949e-05, 2.06507029361e-05, 8.19283923192e-06], "dmean2": [0.000411389744841, 0.0107575627044, 0.00587171595544, 0.00323470053263, 0.00526959076524, 0.0011464896379, 0.000913897179998, 0.00111795193516, 0.00069078541128, 0.000447480328148, 0.000312708318233, 0.000291204632958, 0.000307852780679, 0.000244860159, 0.00024811323965, 0.000209782767342, 0.000169490187545, 0.000122069046483, 9.57857337198e-05, 0.00014795838797, 0.00016427540686, 0.000157977730851, 7.93291255832e-05, 0.00011196093692, 0.000109804757813, 2.94875098916e-05, 1.23336112665e-05], "dvar": [5.69939174966e-07, 0.00038357306039, 0.000172405707417, 4.73423460789e-05, 7.37141308491e-05, 1.70791895471e-06, 1.83247902896e-06, 2.44478155764e-06, 9.20680463423e-07, 1.96842165678e-07, 1.17080197981e-07, 1.10052553737e-07, 1.00097324207e-07, 9.81938228506e-08, 1.37063793204e-07, 1.55687430947e-07, 7.09034679858e-08, 2.75062532751e-08, 1.52516665963e-08, 5.01120958063e-08, 7.70099788383e-08, 8.35349069916e-08, 1.95546387971e-08, 1.06604751693e-07, 1.91475365341e-07, 9.60043777809e-09, 7.86114728868e-10], "dvar2": [1.00506099443e-06, 0.000826307339594, 0.000481248920551, 0.000136015558382, 0.000195097833057, 4.3757640924e-06, 4.02504610975e-06, 4.87194438392e-06, 1.75118896095e-06, 4.47401220072e-07, 2.59698850869e-07, 2.60540048203e-07, 2.43156620172e-07, 2.28895359555e-07, 3.18220372719e-07, 3.10727784836e-07, 1.28770324181e-07, 6.01861387395e-08, 3.61936685067e-08, 1.17622072082e-07, 2.19039392846e-07, 1.78740663159e-07, 4.80184993989e-08, 1.78049987198e-07, 3.07075737283e-07, 1.86123241264e-08, 1.47301648656e-09], "max": [0.0107707856223, 0.20955888927, 0.158162906766, 0.0734310150146, 0.119528107345, 0.0216733347625, 0.0419372916222, 0.0451819896698, 0.0530611276627, 0.00692405132577, 0.00846834573895, 0.00597022753209, 0.00593617139384, 0.00712245283648, 0.0120846349746, 0.0131745329127, 0.0113969463855, 0.00555868912488, 0.00437011197209, 0.00598695594817, 0.0033561210148, 0.00584049802274, 0.00159737211652, 0.0100640840828, 0.0144933499396, 0.00327663542703, 0.000718066992704], "mean": [0.000477829802549, 0.0121814124286, 0.00510450126603, 0.00154368998483, 0.00455799140036, 0.0013407926308, 0.00121908669826, 0.00173174741212, 0.000879083119798, 0.000486005184939, 0.000307168404106, 0.000317202298902, 0.000296491663903, 0.000240654466324, 0.000243235452217, 0.000266607268713, 0.000256230967352, 0.000137585549965, 0.000119406475278, 0.000159973336849, 0.000149503219291, 0.00017261535686, 7.48680249671e-05, 0.000133975801873, 0.000133821973577, 3.97487565351e-05, 2.53897724178e-05], "median": [1.14951435535e-05, 6.85318154865e-05, 0.000109893342596, 0.000205644988455, 0.00185050908476, 0.000660767778754, 0.000451855186839, 0.000466441328172, 0.000349596026354, 0.000220077810809, 0.000118872107123, 0.000138991890708, 0.000144625431858, 0.000104088292574, 0.000122820783872, 8.60529398778e-05, 9.53814305831e-05, 6.03613661951e-05, 5.57867751922e-05, 4.4113072363e-05, 4.06070066674e-05, 3.63478538929e-05, 1.47962464325e-05, 1.36114085763e-05, 1.20100612548e-05, 3.35065533363e-06, 3.24774475757e-07], "min": [7.00941174043e-25, 7.68583038437e-25, 9.72926313274e-25, 6.59451379859e-25, 5.3997355413e-24, 1.03360216117e-23, 3.84123748226e-24, 7.82133972738e-24, 1.53720275891e-23, 7.81228675963e-24, 1.213302861e-23, 2.23592131735e-23, 2.9765122971e-23, 2.80136529684e-23, 3.30283754786e-23, 5.48617166177e-23, 7.22799547316e-23, 9.29526479763e-23, 1.56101979492e-22, 1.74198410793e-22, 2.40686536136e-22, 2.84018501577e-22, 3.92360961223e-22, 5.10929532068e-22, 8.35895291502e-22, 1.27890594436e-21, 1.84951102423e-21], "var": [1.04137461676e-06, 0.000748486781958, 0.000140437754453, 2.93205575872e-05, 9.02852843865e-05, 3.54766643795e-06, 4.78686251881e-06, 1.2077928659e-05, 3.2351210848e-06, 4.13052987369e-07, 2.29965223753e-07, 2.67623079253e-07, 2.01375272013e-07, 2.18572324684e-07, 2.40005590513e-07, 5.47120123429e-07, 4.71671597779e-07, 6.84037289034e-08, 3.95433161771e-08, 1.1495382779e-07, 9.24306533534e-08, 1.61327761816e-07, 3.33188552304e-08, 2.99631949474e-07, 5.19672823884e-07, 1.91456166476e-08, 3.84442833123e-09]}, "erbbands": {"dmean": [0.256341069937, 1.56228077412, 3.77168798447, 5.11950206757, 9.91016769409, 9.62072277069, 6.35874032974, 5.88471460342, 7.75504016876, 13.8537139893, 14.9994335175, 12.3587665558, 7.49918174744, 9.14058685303, 8.92078113556, 7.72684574127, 8.57231903076, 8.41096591949, 7.87168645859, 6.5216293335, 6.60600709915, 4.97404050827, 4.55849695206, 2.56416368484, 3.66351056099, 4.3820514679, 3.47390341759, 3.97430181503, 4.18937206268, 2.44038796425, 1.25203311443, 1.51357531548, 1.41648101807, 1.21780467033, 0.365492194891, 0.127039760351, 0.0313629843295, 0.00771867344156, 0.00135181250516, 0.000104163707874], "dmean2": [0.348073780537, 2.63050198555, 6.75986814499, 9.39655399323, 17.2435932159, 16.0989284515, 9.80533504486, 9.15030956268, 11.1648569107, 19.3349151611, 21.7616481781, 17.6934661865, 10.7791194916, 14.1801662445, 13.5354175568, 12.044552803, 13.8832302094, 13.4176483154, 12.5702915192, 9.98266506195, 10.30286026, 7.64674329758, 7.12355852127, 4.14129066467, 5.83654165268, 7.03385829926, 5.6706533432, 6.71184539795, 6.42985916138, 3.95179200172, 1.93544399738, 2.20980381966, 1.98989582062, 1.66644203663, 0.535798549652, 0.183695703745, 0.0448616370559, 0.0115680340677, 0.00207489961758, 0.000159479866852], "dvar": [0.604234814644, 20.0995502472, 206.655075073, 440.592895508, 908.913269043, 661.15637207, 145.080032349, 124.248146057, 228.205764771, 1025.98864746, 913.320739746, 659.79675293, 143.300460815, 212.175094604, 199.688247681, 207.700271606, 202.445739746, 276.39743042, 336.92590332, 252.367645264, 347.471679688, 128.449356079, 91.5344619751, 24.4446487427, 64.1911849976, 119.781929016, 67.9738922119, 157.39642334, 146.08555603, 45.190952301, 13.1039028168, 34.3222961426, 39.0041275024, 49.7077407837, 3.25469326973, 0.41064581275, 0.0186937376857, 0.000875332509167, 2.38446100411e-05, 9.63442658986e-08], "dvar2": [1.0255471468, 53.8300323486, 580.524536133, 1264.23254395, 2372.60375977, 1823.03991699, 362.938323975, 319.044494629, 515.70526123, 2038.34118652, 1896.29980469, 1199.51940918, 300.712463379, 502.475006104, 448.353149414, 484.373809814, 492.244537354, 633.503417969, 765.724121094, 501.932891846, 724.091430664, 251.287216187, 187.050567627, 63.2212295532, 148.245895386, 283.38684082, 174.84715271, 441.182342529, 326.66986084, 116.847930908, 28.9354305267, 62.9799499512, 63.3340301514, 82.2693557739, 5.89839029312, 0.798481285572, 0.0344365648925, 0.00155348249245, 4.58088579762e-05, 1.93292251538e-07], "max": [8.61914920807, 50.8440742493, 174.517105103, 213.704452515, 468.156524658, 377.697143555, 278.069213867, 263.62399292, 404.134796143, 995.818908691, 807.170349121, 1593.02307129, 215.329360962, 204.409835815, 321.061431885, 282.838562012, 315.152618408, 430.455627441, 516.500061035, 682.479064941, 738.996032715, 441.248016357, 362.000579834, 166.91305542, 287.712860107, 268.249938965, 141.995437622, 161.097091675, 262.61151123, 104.953163147, 44.1620445251, 179.82383728, 186.866760254, 237.336898804, 47.8862876892, 20.7693710327, 4.69960021973, 1.15696871281, 0.10837046057, 0.00519858393818], "mean": [0.399624884129, 2.53686213493, 5.97449064255, 5.54831218719, 11.8741664886, 14.3612413406, 12.2283496857, 10.4517383575, 14.8616790771, 30.096244812, 32.4065246582, 23.4290542603, 13.6795892715, 14.0202445984, 15.2828197479, 13.9859762192, 13.9737415314, 14.5620040894, 12.7123384476, 12.5982875824, 14.3492660522, 12.7193689346, 9.71506690979, 5.47753095627, 7.18843173981, 7.8420624733, 6.12336111069, 5.9846663475, 6.78450250626, 3.60000872612, 2.03405046463, 2.51917481422, 2.38209152222, 1.98955965042, 0.607429504395, 0.217944309115, 0.0630239993334, 0.0193604212254, 0.00404280703515, 0.000333724165102], "median": [0.00134942424484, 0.0173743739724, 0.130542516708, 0.741928160191, 2.82161855698, 6.37132167816, 6.54804182053, 5.15525722504, 6.16843366623, 9.6617975235, 10.6172904968, 10.190829277, 6.40500640869, 6.61996173859, 7.79191017151, 6.98067426682, 7.8110575676, 7.02482032776, 6.49500179291, 5.85193157196, 5.02049684525, 4.68771457672, 4.15541028976, 3.0548620224, 2.70321965218, 2.30624628067, 1.81054496765, 1.42921376228, 1.38835704327, 0.816983938217, 0.383661687374, 0.321964502335, 0.189510017633, 0.147268772125, 0.0657169371843, 0.0224100835621, 0.00429655518383, 0.000485476688482, 7.25929276086e-05, 3.53755094693e-05], "min": [4.7728845779e-23, 1.22862018897e-22, 1.61334076096e-21, 4.40137836009e-21, 1.28502451615e-20, 1.6299661825e-20, 4.31205440538e-20, 7.99788397321e-20, 9.50737808496e-20, 1.21878096848e-19, 2.87317411759e-19, 3.46114133482e-19, 5.04627581446e-19, 7.67622677871e-19, 5.29445946654e-19, 1.20143703314e-18, 1.73950251197e-18, 1.93301852114e-18, 2.4425007739e-18, 1.58494371111e-18, 3.25376394993e-18, 4.31243622678e-18, 5.15290260074e-18, 6.05204048196e-18, 7.48703837171e-18, 8.15632261303e-18, 9.28015252712e-18, 1.0211050008e-17, 9.36065622588e-18, 8.60587707798e-18, 1.07320174567e-17, 9.14941249541e-18, 9.74828629581e-18, 8.5873978631e-18, 6.20111993504e-18, 4.76321036955e-18, 2.39018532247e-18, 1.01222608546e-18, 2.37929378365e-19, 2.72385890511e-20], "var": [1.04667448997, 30.7085437775, 170.326156616, 283.992126465, 1016.55126953, 722.025634766, 282.586700439, 239.275466919, 559.577331543, 4559.72998047, 3859.73876953, 2371.55541992, 368.226074219, 369.332702637, 449.574249268, 499.847991943, 393.453094482, 701.379577637, 603.869506836, 889.350769043, 1322.7298584, 946.588684082, 338.969604492, 55.0200881958, 181.638305664, 278.184997559, 132.533721924, 185.512145996, 261.677124023, 64.5276794434, 25.8448219299, 86.8914871216, 111.883621216, 132.768112183, 7.51318836212, 0.809698760509, 0.0397613719106, 0.00283923442475, 0.000120606207929, 4.88065552418e-07]}, "gfcc": {"mean": [-86.6182861328, 93.1712875366, -106.95740509, 13.1526889801, -64.0902709961, -0.942585587502, -37.0898284912, -2.02050447464, -22.2449436188, -1.28611445427, -15.0660982132, -4.55980920792, -8.57495498657], "cov": [[47133.7734375, -2826.82446289, -2133.88500977, 3243.56347656, 41.3668899536, 1284.94458008, -445.122253418, 868.389343262, -224.320419312, 687.578613281, -555.324279785, 181.471817017, -450.679718018], [-2826.82446289, 3371.82080078, 293.703918457, -457.097320557, 506.622467041, 44.242099762, 433.472381592, -67.60912323, 200.85005188, -230.387680054, 113.153610229, -108.667984009, 34.4862747192], [-2133.88500977, 293.703918457, 2671.6472168, 454.773223877, 834.693969727, 503.721588135, 684.270141602, 275.414093018, 243.264389038, 135.33253479, 58.4182281494, 27.7585926056, -68.0565795898], [3243.56347656, -457.097320557, 454.773223877, 1019.90924072, 362.271514893, 317.383605957, 140.495254517, 248.804473877, 146.659622192, 151.220489502, -4.93922567368, 19.6228179932, 4.4386510849], [41.3668899536, 506.622467041, 834.693969727, 362.271514893, 886.397460938, 314.754577637, 422.376312256, 175.089859009, 242.692703247, 61.7831802368, 61.8805999756, 36.4723815918, -11.941236496], [1284.94458008, 44.242099762, 503.721588135, 317.383605957, 314.754577637, 400.68359375, 266.982940674, 142.457550049, 90.1415176392, 86.7583007812, 43.8329963684, 25.5087871552, 6.78832244873], [-445.122253418, 433.472381592, 684.270141602, 140.495254517, 422.376312256, 266.982940674, 510.367767334, 112.768234253, 150.771392822, 49.9107551575, 76.0986251831, 36.0100746155, -6.35366725922], [868.389343262, -67.60912323, 275.414093018, 248.804473877, 175.089859009, 142.457550049, 112.768234253, 223.376235962, 108.333198547, 89.3856811523, 19.9525775909, 23.9590034485, 4.63040924072], [-224.320419312, 200.85005188, 243.264389038, 146.659622192, 242.692703247, 90.1415176392, 150.771392822, 108.333198547, 188.823348999, 55.9899177551, 46.8933792114, 20.4104061127, 25.2722740173], [687.578613281, -230.387680054, 135.33253479, 151.220489502, 61.7831802368, 86.7583007812, 49.9107551575, 89.3856811523, 55.9899177551, 142.367340088, 25.6243495941, 20.1044101715, -6.96124458313], [-555.324279785, 113.153610229, 58.4182281494, -4.93922567368, 61.8805999756, 43.8329963684, 76.0986251831, 19.9525775909, 46.8933792114, 25.6243495941, 117.547012329, 31.2491893768, 38.0172767639], [181.471817017, -108.667984009, 27.7585926056, 19.6228179932, 36.4723815918, 25.5087871552, 36.0100746155, 23.9590034485, 20.4104061127, 20.1044101715, 31.2491893768, 96.5415802002, 26.2039489746], [-450.679718018, 34.4862747192, -68.0565795898, 4.4386510849, -11.941236496, 6.78832244873, -6.35366725922, 4.63040924072, 25.2722740173, -6.96124458313, 38.0172767639, 26.2039489746, 101.998550415]], "icov": [[4.7587127483e-05, -2.34073795582e-05, 8.95154298632e-05, -0.000131960550789, 1.29161289806e-05, -0.000182442978257, 4.30692634836e-05, -9.09919763217e-05, 0.000131047374452, -0.000111320085125, 0.000191940853256, -0.000197550310986, 0.000243258939008], [-2.34073795582e-05, 0.000556290557142, 1.53695218614e-05, 0.00034845242044, -0.00023466910352, 5.17921544088e-05, -0.000364750419976, 3.64628467651e-05, -0.000615645083599, 0.000987876090221, -0.000455618224805, 0.000922824197914, -0.000199013811653], [8.95154298632e-05, 1.53695218614e-05, 0.000836740306113, -0.000225785042858, -0.000284449575702, -0.000523475173395, -0.00051698461175, -0.000407446816098, 0.000325977918692, -0.000236087435042, 0.00046584289521, -0.000171875872184, 0.000719926261809], [-0.000131960550789, 0.00034845242044, -0.000225785042858, 0.0022354379762, -0.000548462674487, -0.000496954016853, 0.000307918729959, -0.000691074354108, -0.000883086642716, 5.14008534083e-05, 1.18281732284e-05, 0.00108706962783, -0.00099076400511], [1.29161289806e-05, -0.00023466910352, -0.000284449575702, -0.000548462674487, 0.00288724247366, -0.000774713291321, -0.000670916342642, 0.000236461462919, -0.00218803551979, 0.000713715911843, 0.000163317483384, -0.000812546291854, 0.00104625255335], [-0.000182442978257, 5.17921544088e-05, -0.000523475173395, -0.000496954016853, -0.000774713291321, 0.0064742565155, -0.00227202661335, -0.000864320143592, 0.00175823306199, -0.00102416507434, -0.00113745231647, 0.00108619313687, -0.00213578762487], [4.30692634836e-05, -0.000364750419976, -0.00051698461175, 0.000307918729959, -0.000670916342642, -0.00227202661335, 0.00526055227965, 0.000138517920277, -0.0012737789657, 4.83905423607e-05, -0.000997812720016, -0.00134193873964, 0.00138491019607], [-9.09919763217e-05, 3.64628467651e-05, -0.000407446816098, -0.000691074354108, 0.000236461462919, -0.000864320143592, 0.000138517920277, 0.00913539994508, -0.00366156361997, -0.00232090195641, 0.000458514725324, -0.000529668410309, -0.000263040274149], [0.000131047374452, -0.000615645083599, 0.000325977918692, -0.000883086642716, -0.00218803551979, 0.00175823306199, -0.0012737789657, -0.00366156361997, 0.0129930349067, -0.0034513422288, -0.000627124391031, -0.000283805333311, -0.00239137094468], [-0.000111320085125, 0.000987876090221, -0.000236087435042, 5.14008534083e-05, 0.000713715911843, -0.00102416507434, 4.83905423607e-05, -0.00232090195641, -0.0034513422288, 0.0130738001317, -0.00326277734712, 0.00042281037895, 0.00212936033495], [0.000191940853256, -0.000455618224805, 0.00046584289521, 1.18281732284e-05, 0.000163317483384, -0.00113745231647, -0.000997812720016, 0.000458514725324, -0.000627124391031, -0.00326277734712, 0.0132709508762, -0.00321942684241, -0.00286231050268], [-0.000197550310986, 0.000922824197914, -0.000171875872184, 0.00108706962783, -0.000812546291854, 0.00108619313687, -0.00134193873964, -0.000529668410309, -0.000283805333311, 0.00042281037895, -0.00321942684241, 0.0143370740116, -0.0039579719305], [0.000243258939008, -0.000199013811653, 0.000719926261809, -0.00099076400511, 0.00104625255335, -0.00213578762487, 0.00138491019607, -0.000263040274149, -0.00239137094468, 0.00212936033495, -0.00286231050268, -0.0039579719305, 0.0146540105343]]}, "melbands": {"dmean": [0.00199778727256, 0.0019248778699, 0.000982076395303, 0.000798608758487, 0.000230172940064, 0.000131311113364, 0.000122603873024, 0.000155254310812, 0.000119314921903, 7.19466042938e-05, 3.70301204384e-05, 3.92512774852e-05, 2.98090089927e-05, 2.29938686971e-05, 2.05941378226e-05, 1.6023441276e-05, 1.69515969901e-05, 1.2617705579e-05, 9.03036834643e-06, 1.00482038761e-05, 8.13062524685e-06, 5.07356162416e-06, 6.26650353297e-06, 3.72069871446e-06, 2.06352160603e-06, 2.63896299657e-06, 3.11106100526e-06, 3.09785968966e-06, 2.29900888371e-06, 2.36403479903e-06, 2.34456729231e-06, 2.64261393568e-06, 1.83330610071e-06, 1.2046619986e-06, 6.8874516046e-07, 7.66374796513e-07, 1.07920084247e-06, 1.05179674392e-06, 1.11504880351e-06, 1.03757008674e-06], "dmean2": [0.00284731946886, 0.00342786754481, 0.00176698854193, 0.00136404589284, 0.000359048048267, 0.000204411669984, 0.000175678927917, 0.000216298867599, 0.000173125474248, 0.000103600250441, 5.35733561264e-05, 6.12667645328e-05, 4.51070372947e-05, 3.56404489139e-05, 3.30314178427e-05, 2.56126277236e-05, 2.72230972769e-05, 2.01747498068e-05, 1.43321922224e-05, 1.55156467372e-05, 1.27126304506e-05, 7.85501106293e-06, 9.53011749516e-06, 6.13178099229e-06, 3.37891378877e-06, 4.28287512477e-06, 4.96127358929e-06, 5.0044695854e-06, 3.76735783902e-06, 4.01880652134e-06, 3.94781363866e-06, 4.03997864851e-06, 2.86737940769e-06, 2.00253703042e-06, 1.05210256152e-06, 1.18327238852e-06, 1.58956709129e-06, 1.56335681822e-06, 1.51220240241e-06, 1.45962849274e-06], "dvar": [3.37929886882e-05, 4.40473304479e-05, 1.31835176944e-05, 5.30119223185e-06, 2.03162755952e-07, 5.85370472095e-08, 5.88729562878e-08, 1.22215439546e-07, 5.61252235798e-08, 2.18735092261e-08, 3.46456108247e-09, 4.01776700798e-09, 2.36632002881e-09, 1.54239521155e-09, 1.03827257902e-09, 7.16969983383e-10, 1.19905951834e-09, 8.3831230846e-10, 6.03331329341e-10, 9.36076660629e-10, 6.11909578563e-10, 1.31769192779e-10, 2.02654407144e-10, 7.18171841441e-11, 1.69156928048e-11, 3.14485312791e-11, 6.31241309224e-11, 6.61848076344e-11, 3.14556748704e-11, 3.7553682386e-11, 5.90082704921e-11, 6.17526862978e-11, 2.47305249196e-11, 1.1878680331e-11, 3.91496991076e-12, 5.22138885947e-12, 2.2896592608e-11, 2.02571986962e-11, 4.06583412771e-11, 3.90400836658e-11], "dvar2": [6.1353421188e-05, 0.000127668958157, 3.74230403395e-05, 1.41795471791e-05, 5.24882466379e-07, 1.50122019704e-07, 1.32789452323e-07, 2.41433667725e-07, 1.15599227968e-07, 4.01857285226e-08, 7.36849559146e-09, 9.55406775915e-09, 5.23250598405e-09, 3.62386698427e-09, 2.5284419003e-09, 1.68134450806e-09, 2.7648345835e-09, 1.88530169254e-09, 1.36967182041e-09, 1.82072434907e-09, 1.26400900857e-09, 2.60330562663e-10, 3.65199120944e-10, 1.57582738525e-10, 4.4729851767e-11, 7.67667318602e-11, 1.45339087987e-10, 1.56245127947e-10, 7.93149643186e-11, 1.05690102503e-10, 1.61560542722e-10, 1.38853137321e-10, 5.54613889536e-11, 3.25679032354e-11, 8.09026717147e-12, 1.23494296386e-11, 4.31952008884e-11, 3.79603362632e-11, 6.74658731659e-11, 6.9255587376e-11], "max": [0.0663492977619, 0.0755014121532, 0.036900382489, 0.0311151761562, 0.00994549598545, 0.00507878512144, 0.00759208062664, 0.00997072923928, 0.00809101667255, 0.00879734195769, 0.00101071817335, 0.000891845789738, 0.00100591126829, 0.000801435031462, 0.000517003471032, 0.000721473479643, 0.00086822907906, 0.000742339470889, 0.00102899991907, 0.00130666885525, 0.000975338101853, 0.000396546674892, 0.000646436063107, 0.000396788847866, 0.000154841618496, 0.000160902491189, 0.000264865055215, 0.00023912753386, 0.000127789098769, 0.000109940585389, 9.50765388552e-05, 0.000151998596266, 0.000121758625028, 3.48808025592e-05, 2.59946973529e-05, 4.95118147228e-05, 0.000155398214702, 0.000151312444359, 0.000199988629902, 0.000231020443607], "mean": [0.00343511882238, 0.00324588315561, 0.00113333284389, 0.00105522212107, 0.000458322901977, 0.00023351010168, 0.000231519006775, 0.000345592939993, 0.000250049080933, 0.000131137945573, 6.48094719509e-05, 5.67079987377e-05, 4.77007488371e-05, 4.03133963118e-05, 3.30076181854e-05, 2.70329783234e-05, 2.70791006187e-05, 1.93894338736e-05, 1.52778302436e-05, 1.92321058421e-05, 1.62675787578e-05, 1.22718765851e-05, 1.30517191792e-05, 6.48915056445e-06, 3.95525830754e-06, 4.80336348119e-06, 5.54636835659e-06, 5.12232190886e-06, 3.75879926651e-06, 3.58830016012e-06, 3.39086500389e-06, 4.11236214859e-06, 2.89717172564e-06, 1.64426330684e-06, 1.09786378744e-06, 1.1898697494e-06, 1.72043553448e-06, 1.62981484664e-06, 1.85469536973e-06, 1.60381580372e-06], "median": [1.68642291101e-05, 5.38690728717e-05, 0.000218092754949, 0.000364917505067, 0.000265249807853, 0.0001155705977, 9.10899689188e-05, 0.000104378435935, 8.79193612491e-05, 5.41549052286e-05, 2.79525884253e-05, 2.43070062425e-05, 2.10564357985e-05, 1.93292107724e-05, 1.714834616e-05, 1.39601488627e-05, 1.17012514238e-05, 9.509974916e-06, 7.50932895244e-06, 7.02608303982e-06, 5.35632079846e-06, 4.7697590162e-06, 4.13902398577e-06, 3.01913587464e-06, 2.09747054214e-06, 1.95703796635e-06, 1.58933971761e-06, 1.25481255964e-06, 1.02736032659e-06, 9.46897216636e-07, 7.03876025909e-07, 7.83397354098e-07, 5.51926234493e-07, 3.51364633389e-07, 1.74470528691e-07, 1.69537145212e-07, 1.85632956118e-07, 1.21394862163e-07, 1.03946106833e-07, 1.22483527321e-07], "min": [5.15111182752e-25, 4.62963532612e-25, 1.58831897341e-24, 1.08706669626e-24, 1.54859193823e-24, 1.73973510493e-24, 1.27442116125e-24, 1.58411740162e-24, 2.09588884313e-24, 2.11710742654e-24, 2.06632470298e-24, 2.95437303412e-24, 1.30694126181e-24, 1.47756862156e-24, 2.70788062529e-24, 3.06197129501e-24, 2.51138069861e-24, 3.007499069e-24, 2.47416539655e-24, 1.99284842333e-24, 3.03765643254e-24, 3.88311455784e-24, 3.50783725358e-24, 3.94849929397e-24, 4.22479743159e-24, 4.93640124406e-24, 4.83949835932e-24, 4.57731452102e-24, 3.69561020928e-24, 2.77600921687e-24, 4.67944794799e-24, 4.53852070828e-24, 4.63338320429e-24, 4.04434747167e-24, 6.04481510806e-24, 6.18336077669e-24, 5.44189069035e-24, 5.99369376596e-24, 6.12151289843e-24, 6.01649894587e-24], "var": [6.70492809149e-05, 4.28609382652e-05, 9.20714137465e-06, 6.07182300882e-06, 3.64071155445e-07, 1.16214543766e-07, 1.42437698969e-07, 5.88626789977e-07, 2.23753033879e-07, 7.67552634784e-08, 8.71454197693e-09, 6.63492505382e-09, 4.96699614772e-09, 3.97057942081e-09, 2.07664729857e-09, 1.79160575264e-09, 2.81415113434e-09, 1.47760459424e-09, 1.16756437851e-09, 3.09694914158e-09, 2.09288297803e-09, 9.26348386887e-10, 1.01729780155e-09, 1.65968488952e-10, 3.30834561135e-11, 6.88536241911e-11, 1.68800806666e-10, 1.38769454261e-10, 5.9384143436e-11, 5.06560626778e-11, 6.86633458424e-11, 1.03376571192e-10, 4.64033568515e-11, 1.40618124783e-11, 8.16305096435e-12, 9.87604095726e-12, 5.40860897735e-11, 4.79484021931e-11, 1.12138319464e-10, 9.2795722495e-11]}, "mfcc": {"mean": [-711.643798828, 118.126411438, 5.73937606812, 15.1568450928, -5.75106287003, -1.45268762112, -7.36768245697, -5.75854539871, -3.27896642685, -4.53044080734, -1.61736214161, -2.27481865883, -3.90936160088], "cov": [[22414.2402344, 1357.84802246, -846.526367188, 955.018859863, 518.760986328, 798.096984863, 329.613525391, 358.748565674, 483.018035889, 235.859436035, 314.507720947, 249.949356079, 79.39453125], [1357.84802246, 2113.8293457, -33.223236084, 100.355201721, 132.957366943, 218.897583008, 209.062362671, 285.016540527, 74.8984222412, 119.582817078, 60.1478652954, 16.793756485, 46.5287590027], [-846.526367188, -33.223236084, 1475.08508301, 399.237609863, 357.828948975, 305.631591797, 386.108947754, 219.269790649, 230.477844238, 190.707138062, 123.090690613, 101.28074646, 66.3504638672], [955.018859863, 100.355201721, 399.237609863, 572.412231445, 348.343841553, 225.363952637, 165.12071228, 180.452011108, 195.269363403, 161.769088745, 109.914749146, 94.2491989136, 79.5828018188], [518.760986328, 132.957366943, 357.828948975, 348.343841553, 488.395721436, 207.111526489, 167.640457153, 173.07862854, 179.681472778, 158.157791138, 80.5916671753, 86.7665863037, 79.2959365845], [798.096984863, 218.897583008, 305.631591797, 225.363952637, 207.111526489, 376.95916748, 256.417633057, 189.242202759, 138.38835144, 136.289840698, 94.1415557861, 75.0214309692, 48.4888267517], [329.613525391, 209.062362671, 386.108947754, 165.12071228, 167.640457153, 256.417633057, 336.526275635, 191.075668335, 127.474578857, 137.797149658, 86.5569152832, 70.9580535889, 56.1646347046], [358.748565674, 285.016540527, 219.269790649, 180.452011108, 173.07862854, 189.242202759, 191.075668335, 264.560882568, 131.385803223, 119.640052795, 57.6239013672, 64.7899627686, 66.8483123779], [483.018035889, 74.8984222412, 230.477844238, 195.269363403, 179.681472778, 138.38835144, 127.474578857, 131.385803223, 204.124969482, 122.051071167, 70.6093521118, 62.8185958862, 49.0609397888], [235.859436035, 119.582817078, 190.707138062, 161.769088745, 158.157791138, 136.289840698, 137.797149658, 119.640052795, 122.051071167, 184.577896118, 79.1361923218, 56.2288551331, 50.9767189026], [314.507720947, 60.1478652954, 123.090690613, 109.914749146, 80.5916671753, 94.1415557861, 86.5569152832, 57.6239013672, 70.6093521118, 79.1361923218, 133.585205078, 60.4474334717, 38.0203132629], [249.949356079, 16.793756485, 101.28074646, 94.2491989136, 86.7665863037, 75.0214309692, 70.9580535889, 64.7899627686, 62.8185958862, 56.2288551331, 60.4474334717, 98.0806350708, 52.0262680054], [79.39453125, 46.5287590027, 66.3504638672, 79.5828018188, 79.2959365845, 48.4888267517, 56.1646347046, 66.8483123779, 49.0609397888, 50.9767189026, 38.0203132629, 52.0262680054, 96.1673965454]], "icov": [[6.09519884165e-05, -2.84210382233e-05, 9.71895569819e-05, -0.000111995017505, 1.10666042019e-05, -0.00011549541523, -3.44784966728e-05, 7.31815234758e-05, -0.000135203634272, 9.93959401967e-05, -3.77208234568e-05, -7.80931077315e-05, 8.0879246525e-05], [-2.84210382233e-05, 0.000609812675975, 9.3468799605e-05, 0.000103671554825, -6.62852326059e-05, -2.93653047265e-05, -0.000120085009257, -0.000773226376623, 0.000291346514132, -0.000126186801936, -0.000192361650988, 0.000452380394563, 4.79129721498e-06], [9.71895569819e-05, 9.3468799605e-05, 0.00130223075394, -0.000563374254853, -0.000266460090643, 3.07075533783e-05, -0.00137572688982, 0.00026551343035, -0.00054092152277, 0.000316104124067, -9.84056750895e-05, -3.91945432057e-05, 0.000433920533396], [-0.000111995017505, 0.000103671554825, -0.000563374254853, 0.00403482839465, -0.00162489037029, -0.000608865288086, 0.00113730272278, -0.000685750099365, -0.000748605874833, -0.000464110315079, -0.000808645738289, 2.14161118492e-05, -0.000512673112098], [1.10666042019e-05, -6.62852326059e-05, -0.000266460090643, -0.00162489037029, 0.00442062178627, -0.000619690981694, 0.000359995203326, -0.00018062122399, -0.00102123676334, -0.00103961257264, 0.000862601038534, -0.00061382871354, -0.000802742608357], [-0.00011549541523, -2.93653047265e-05, 3.07075533783e-05, -0.000608865288086, -0.000619690981694, 0.0069510708563, -0.00369047396816, -0.00127712986432, 6.36471668258e-05, -0.000239541404881, -0.000884679844603, -0.00047189448378, 0.00134106504265], [-3.44784966728e-05, -0.000120085009257, -0.00137572688982, 0.00113730272278, 0.000359995203326, -0.00369047396816, 0.00923547986895, -0.00265759974718, 0.000327224115608, -0.00183223048225, -0.000735573703423, -0.000379769364372, -0.000587346963584], [7.31815234758e-05, -0.000773226376623, 0.00026551343035, -0.000685750099365, -0.00018062122399, -0.00127712986432, -0.00265759974718, 0.0096417684108, -0.00243921601214, -0.000696823582985, 0.0018449369818, -0.000957172189374, -0.00225705094635], [-0.000135203634272, 0.000291346514132, -0.00054092152277, -0.000748605874833, -0.00102123676334, 6.36471668258e-05, 0.000327224115608, -0.00243921601214, 0.0113018704578, -0.00352846528403, -0.000752977037337, -0.00109407166019, 0.00027198260068], [9.93959401967e-05, -0.000126186801936, 0.000316104124067, -0.000464110315079, -0.00103961257264, -0.000239541404881, -0.00183223048225, -0.000696823582985, -0.00352846528403, 0.0121045066044, -0.00305413641036, 0.000515235413332, -0.00101014692336], [-3.77208234568e-05, -0.000192361650988, -9.84056750895e-05, -0.000808645738289, 0.000862601038534, -0.000884679844603, -0.000735573703423, 0.0018449369818, -0.000752977037337, -0.00305413641036, 0.0129187591374, -0.00520455511287, -0.00054553541122], [-7.80931077315e-05, 0.000452380394563, -3.91945432057e-05, 2.14161118492e-05, -0.00061382871354, -0.00047189448378, -0.000379769364372, -0.000957172189374, -0.00109407166019, 0.000515235413332, -0.00520455511287, 0.0192559603602, -0.00658858846873], [8.0879246525e-05, 4.79129721498e-06, 0.000433920533396, -0.000512673112098, -0.000802742608357, 0.00134106504265, -0.000587346963584, -0.00225705094635, 0.00027198260068, -0.00101014692336, -0.00054553541122, -0.00658858846873, 0.0165288019925]]}, "spectral_contrast_coeffs": {"dmean": [0.0493839643896, 0.0422709099948, 0.0383301489055, 0.0326337739825, 0.0251953806728, 0.0201013535261], "dmean2": [0.0817110240459, 0.0656003281474, 0.0587433166802, 0.0509178079665, 0.0381165519357, 0.0293952487409], "dvar": [0.00226461561397, 0.00180403271224, 0.00130950508174, 0.00110208243132, 0.00091512023937, 0.000573372934014], "dvar2": [0.00551935937256, 0.00357536878437, 0.00259515084326, 0.00203163130209, 0.00147886562627, 0.000886423222255], "max": [-0.277478009462, -0.293664157391, -0.350698888302, -0.403897047043, -0.425322383642, -0.51063400507], "mean": [-0.600288450718, -0.705131292343, -0.748463928699, -0.767486572266, -0.781232714653, -0.761416375637], "median": [-0.613219976425, -0.720613718033, -0.753796219826, -0.778475284576, -0.797838687897, -0.761194825172], "min": [-0.999168157578, -0.997890353203, -0.994948446751, -0.991070330143, -0.985033750534, -0.972257554531], "var": [0.0153355496004, 0.010081124492, 0.00636069523171, 0.0066864201799, 0.00676805013791, 0.0041640996933]}, "spectral_contrast_valleys": {"dmean": [0.50663870573, 0.449527382851, 0.451776087284, 0.44168317318, 0.420518130064, 0.415424972773], "dmean2": [0.801285207272, 0.671680450439, 0.669386088848, 0.639981210232, 0.595591366291, 0.566776096821], "dvar": [0.687374591827, 0.847053945065, 0.849142611027, 0.876158058643, 0.932767510414, 0.729299426079], "dvar2": [1.0543845892, 1.28624129295, 1.28535711765, 1.31103038788, 1.45415079594, 1.14040505886], "max": [-4.7060046196, -4.70793104172, -5.69876718521, -6.