{"lowlevel": {"average_loudness": 0.908873796463, "barkbands_crest": {"dmean": 2.49912619591, "dmean2": 4.01446437836, "dvar": 7.32844209671, "dvar2": 18.8077697754, "max": 26.982673645, "mean": 16.4694328308, "median": 16.0554866791, "min": 4.51009941101, "var": 29.0606822968}, "barkbands_flatness_db": {"dmean": 0.047350473702, "dmean2": 0.0674612671137, "dvar": 0.00275150476955, "dvar2": 0.00573411444202, "max": 0.908895075321, "mean": 0.32238638401, "median": 0.287402331829, "min": 0.0481338016689, "var": 0.0246827118099}, "barkbands_kurtosis": {"dmean": 19.376455307, "dmean2": 30.3886489868, "dvar": 17039.2304688, "dvar2": 44722.2304688, "max": 5585.10449219, "mean": 30.589723587, "median": 8.96317386627, "min": -1.95826983452, "var": 16815.8203125}, "barkbands_skewness": {"dmean": 1.1914716959, "dmean2": 1.8542381525, "dvar": 3.99035811424, "dvar2": 9.61541175842, "max": 63.5, "mean": 2.54757237434, "median": 1.9931999445, "min": -5.57628297806, "var": 10.9168739319}, "barkbands_spread": {"dmean": 3.57258152962, "dmean2": 5.65705823898, "dvar": 45.0979766846, "dvar2": 111.601036072, "max": 109.345695496, "mean": 8.28740215302, "median": 5.35119485855, "min": 0.00903845578432, "var": 92.783821106}, "dissonance": {"dmean": 0.0500412881374, "dmean2": 0.0799726173282, "dvar": 0.00242165243253, "dvar2": 0.00583350006491, "max": 0.499872744083, "mean": 0.345554620028, "median": 0.361563056707, "min": 0.0223077200353, "var": 0.00962584465742}, "dynamic_complexity": 5.59333944321, "erbbands_crest": {"dmean": 2.83256602287, "dmean2": 4.04381608963, "dvar": 10.4750804901, "dvar2": 21.5370883942, "max": 34.583984375, "mean": 18.0580654144, "median": 17.9117031097, "min": 1.89871573448, "var": 51.8707237244}, "erbbands_flatness_db": {"dmean": 0.0399854332209, "dmean2": 0.0542840845883, "dvar": 0.00176032388117, "dvar2": 0.00330399814993, "max": 0.70565533638, "mean": 0.276724010706, "median": 0.255408674479, "min": 0.023779399693, "var": 0.0168766025454}, "erbbands_kurtosis": {"dmean": 6.48254823685, "dmean2": 9.43825721741, "dvar": 225.467788696, "dvar2": 503.375244141, "max": 404.75177002, "mean": 11.9412136078, "median": 4.31313037872, "min": -1.93542444706, "var": 528.195983887}, "erbbands_skewness": {"dmean": 0.806995868683, "dmean2": 1.14427137375, "dvar": 0.942464530468, "dvar2": 2.17365694046, "max": 14.8623409271, "mean": 1.42946350574, "median": 1.20769870281, "min": -9.28070926666, "var": 3.84241175652}, "erbbands_spread": {"dmean": 7.88132476807, "dmean2": 11.9285821915, "dvar": 137.01739502, "dvar2": 313.417358398, "max": 165.298019409, "mean": 20.9078865051, "median": 14.9120063782, "min": 0.207203313708, "var": 435.886077881}, "hfc": {"dmean": 3.22529387474, "dmean2": 4.36163568497, "dvar": 30.1267280579, "dvar2": 62.7326622009, "max": 66.5144958496, "mean": 7.83204460144, "median": 4.10845994949, "min": 1.16411456945e-16, "var": 82.6894836426}, "melbands_crest": {"dmean": 3.16457772255, "dmean2": 5.26997089386, "dvar": 10.2765474319, "dvar2": 29.3301963806, "max": 35.9875411987, "mean": 19.6204433441, "median": 19.6871833801, "min": 1.64128494263, "var": 35.58776474}, "melbands_flatness_db": {"dmean": 0.052868898958, "dmean2": 0.0762101560831, "dvar": 0.00352062471211, "dvar2": 0.00731925666332, "max": 1, "mean": 0.422055363655, "median": 0.387034475803, "min": 0.00310931052081, "var": 0.0316312797368}, "melbands_kurtosis": {"dmean": 15.8033943176, "dmean2": 25.6963024139, "dvar": 835.284179688, "dvar2": 2214.88598633, "max": 692.62322998, "mean": 27.9368534088, "median": 12.2129516602, "min": -1.95342719555, "var": 1908.36193848}, "melbands_skewness": {"dmean": 1.12087345123, "dmean2": 1.76569867134, "dvar": 1.67948997021, "dvar2": 4.12280654907, "max": 17.6941623688, "mean": 2.750218153, "median": 2.29513907433, "min": -3.86018800735, "var": 6.59679985046}, "melbands_spread": {"dmean": 3.12424039841, "dmean2": 4.96753883362, "dvar": 34.8119888306, "dvar2": 86.2731628418, "max": 175.305130005, "mean": 9.59174919128, "median": 5.49696159363, "min": 0.147642120719, "var": 296.93548584}, "pitch_salience": {"dmean": 0.0658744052052, "dmean2": 0.106950059533, "dvar": 0.00554087897763, "dvar2": 0.0145545611158, "max": 0.933958232403, "mean": 0.373870432377, "median": 0.397724121809, "min": 0.00533759454265, "var": 0.0204771198332}, "silence_rate_20dB": {"dmean": 0, "dmean2": 0, "dvar": 0, "dvar2": 0, "max": 1, "mean": 1, "median": 1, "min": 1, "var": 0}, "silence_rate_30dB": {"dmean": 0.00237368606031, "dmean2": 0.00474817724898, "dvar": 0.00236811861396, "dvar2": 0.00540420319885, "max": 1, "mean": 0.997796237469, "median": 1, "min": 0, "var": 0.00219883909449}, "silence_rate_60dB": {"dmean": 0.0481519177556, "dmean2": 0.0963201597333, "dvar": 0.0458340756595, "dvar2": 0.0968784317374, "max": 1, "mean": 0.178335309029, "median": 0, "min": 0, "var": 0.146527513862}, "spectral_centroid": {"dmean": 112.208633423, "dmean2": 169.356872559, "dvar": 52272.1640625, "dvar2": 107059.515625, "max": 10817.8408203, "mean": 581.725463867, "median": 421.390472412, "min": 138.465881348, "var": 314895.03125}, "spectral_complexity": {"dmean": 1.14377760887, "dmean2": 1.82194340229, "dvar": 2.4445707798, "dvar2": 5.12491559982, "max": 20, "mean": 4.89710140228, "median": 5, "min": 0, "var": 9.45107460022}, "spectral_decrease": {"dmean": 2.1826331853e-09, "dmean2": 3.11510395257e-09, "dvar": 1.02468892624e-17, "dvar2": 2.45696679797e-17, "max": 1.55605721995e-18, "mean": -5.99002802915e-09, "median": -3.38603056704e-09, "min": -3.64795944563e-08, "var": 4.2122197387e-17}, "spectral_energy": {"dmean": 0.00847841799259, "dmean2": 0.0120620429516, "dvar": 0.000153970759129, "dvar2": 0.000366215914255, "max": 0.14108556509, "mean": 0.0233181435615, "median": 0.0133173977956, "min": 1.06966319691e-20, "var": 0.000631710572634}, "spectral_energyband_high": {"dmean": 0.000119586664368, "dmean2": 0.000200058813789, "dvar": 8.01999036071e-08, "dvar2": 2.0174748272e-07, "max": 0.00387532962486, "mean": 0.000111604873382, "median": 1.19912047012e-05, "min": 7.31877127525e-21, "var": 7.55298046329e-08}, "spectral_energyband_low": {"dmean": 0.0053425678052, "dmean2": 0.00923963077366, "dvar": 0.000109400098154, "dvar2": 0.000299044564599, "max": 0.10133626312, "mean": 0.0074849948287, "median": 0.00156065658666, "min": 7.12010075834e-23, "var": 0.000156938331202}, "spectral_energyband_middle_high": {"dmean": 0.00148721353617, "dmean2": 0.00199500960298, "dvar": 1.39797930387e-05, "dvar2": 2.86413869617e-05, "max": 0.0459286347032, "mean": 0.00258416100405, "median": 0.000280255830148, "min": 1.74193937636e-21, "var": 3.31565970555e-05}, "spectral_energyband_middle_low": {"dmean": 0.00403610756621, "dmean2": 0.00384741649032, "dvar": 2.851069803e-05, "dvar2": 3.49047804775e-05, "max": 0.109323650599, "mean": 0.0137719577178, "median": 0.00663931528106, "min": 3.97597558751e-22, "var": 0.000354529125616}, "spectral_entropy": {"dmean": 0.480995357037, "dmean2": 0.666514277458, "dvar": 0.289621889591, "dvar2": 0.574807167053, "max": 9.80827713013, "mean": 5.90367412567, "median": 6.02356052399, "min": 2.06888341904, "var": 1.97728276253}, "spectral_flux": {"dmean": 0.023621795699, "dmean2": 0.0359949693084, "dvar": 0.00116124970373, "dvar2": 0.00247562862933, "max": 0.261462986469, "mean": 0.0502851344645, "median": 0.0354444310069, "min": 1.03424525888e-10, "var": 0.00222151703201}, "spectral_kurtosis": {"dmean": 25.9485092163, "dmean2": 40.6111297607, "dvar": 4789.70166016, "dvar2": 12549.3398438, "max": 1396.68322754, "mean": 46.1480636597, "median": 10.3325052261, "min": -1.20074224472, "var": 8976.96386719}, "spectral_rms": {"dmean": 0.000820757530164, "dmean2": 0.00110833731014, "dvar": 1.03884133296e-06, "dvar2": 2.31648641602e-06, "max": 0.0117321973667, "mean": 0.00403074640781, "median": 0.00360452267341, "min": 3.23043935352e-12, "var": 6.50249785394e-06}, "spectral_rolloff": {"dmean": 193.392669678, "dmean2": 352.4737854, "dvar": 655885.6875, "dvar2": 1721029.5, "max": 19186.0839844, "mean": 769.048828125, "median": 322.998046875, "min": 43.06640625, "var": 4165748.75}, "spectral_skewness": {"dmean": 1.21596360207, "dmean2": 1.77593696117, "dvar": 3.25600242615, "dvar2": 7.37020730972, "max": 32.9022712708, "mean": 4.34813594818, "median": 2.81911945343, "min": -0.0157499872148, "var": 15.8686923981}, "spectral_spread": {"dmean": 1446580.25, "dmean2": 2164508.75, "dvar": 2493331537920.0, "dvar2": 5343005376510.0, "max": 40375284, "mean": 4541669, "median": 4024322.25, "min": 89033.8125, "var": 8659180453890.0}, "spectral_strongpeak": {"dmean": 0.432051002979, "dmean2": 0.669450223446, "dvar": 0.672823905945, "dvar2": 1.80474865437, "max": 7.69339895248, "mean": 1.01604640484, "median": 0.678284883499, "min": 0, "var": 1.15717279911}, "zerocrossingrate": {"dmean": 0.00712734973058, "dmean2": 0.00921507645398, "dvar": 0.000134535803227, "dvar2": 0.000193329207832, "max": 0.5068359375, "mean": 0.0338978432119, "median": 0.021484375, "min": 0.001953125, "var": 0.00330237997696}, "barkbands": {"dmean": [3.42313687725e-05, 0.00406186236069, 0.0014829543652, 0.000524876697455, 0.00253028585576, 0.000889838265721, 7.77274326538e-05, 0.000103246937215, 0.000316043180646, 0.000776245025918, 0.000689003732987, 0.000153100991156, 9.07968351385e-05, 1.64408866112e-05, 3.35205550073e-05, 1.07219448182e-05, 1.1974235349e-05, 7.13276040187e-06, 9.56028088694e-06, 1.10520986709e-05, 1.10651290015e-05, 2.47081698035e-05, 1.19581827676e-05, 2.41870475293e-05, 3.72833055735e-05, 1.12264360723e-05, 2.83924714495e-06], "dmean2": [5.56380618946e-05, 0.00733753945678, 0.0025146859698, 0.000667973246891, 0.00216338061728, 0.000941935228184, 9.46765067056e-05, 0.000135240596137, 0.000459760572994, 0.000984054990113, 0.000965921382885, 0.000206659417017, 0.000121721117466, 2.52313802775e-05, 5.18545857631e-05, 1.74181350303e-05, 1.92651114048e-05, 1.16172577691e-05, 1.57320937433e-05, 1.75790755748e-05, 1.79320813913e-05, 4.19373609475e-05, 2.05183332582e-05, 4.28725834354e-05, 6.5194304625e-05, 1.86764482351e-05, 4.87270426675e-06], "dvar": [5.34699573507e-09, 7.09286614438e-05, 1.76323192136e-05, 1.22251663015e-06, 1.65759847732e-05, 4.0505033212e-06, 5.45272804686e-08, 3.22168006051e-07, 2.13955672734e-06, 7.21422384231e-06, 6.40829284748e-06, 1.08985045699e-06, 4.17847189738e-07, 3.07662784138e-09, 4.00783513044e-08, 1.36032729525e-09, 2.73656408645e-09, 6.90513701773e-10, 2.14446504998e-09, 1.46024092817e-09, 3.82750053873e-09, 1.3141095323e-08, 1.33376165667e-09, 5.19528464693e-09, 7.83577025487e-09, 6.87745471684e-10, 6.28928159552e-11], "dvar2": [1.18493774792e-08, 0.000208315963391, 4.64340446342e-05, 2.80046697299e-06, 1.45489902934e-05, 4.96831125929e-06, 7.77182620482e-08, 4.5808948812e-07, 4.70546001452e-06, 1.2090549717e-05, 1.41156806421e-05, 2.05524406738e-06, 9.56054350354e-07, 7.18948767187e-09, 9.45542311115e-08, 3.37706063114e-09, 6.46811715299e-09, 1.85063064873e-09, 5.9691429577e-09, 3.68836849951e-09, 1.05091739755e-08, 3.66205554769e-08, 3.64209973291e-09, 1.44443639272e-08, 2.08288497561e-08, 1.58406066042e-09, 1.59867272198e-10], "max": [0.000834553153254, 0.0967131853104, 0.0323877446353, 0.0138808796182, 0.101947486401, 0.0329518578947, 0.00700306287035, 0.0120116854087, 0.0291632283479, 0.0378225743771, 0.0317889116704, 0.025022463873, 0.0190664213151, 0.00112419575453, 0.00338364182971, 0.000446616613772, 0.00126246991567, 0.000634135911241, 0.00113906967454, 0.000914806325454, 0.00273429765366, 0.00234950194135, 0.000613674463239, 0.000887613568921, 0.000782405608334, 0.00028568849666, 7.8728167864e-05], "mean": [0.00010553184984, 0.00580005999655, 0.00135026685894, 0.00111312989611, 0.00889223534614, 0.00203213351779, 0.000192506849999, 0.000180761737283, 0.000605061708484, 0.00150392157957, 0.000994795002043, 0.000209804726182, 0.000126716840896, 1.98389861907e-05, 3.16183359246e-05, 1.12354464363e-05, 1.20537952171e-05, 7.57645238991e-06, 1.03810552901e-05, 1.32803652377e-05, 1.14301910799e-05, 2.17530759983e-05, 1.06302586573e-05, 1.79415128514e-05, 2.96358575724e-05, 1.11212730189e-05, 2.73523323813e-06], "median": [2.1458217816e-05, 0.000872258911841, 0.000134981659357, 6.0245525674e-05, 0.00139424717054, 0.000412439141655, 2.02907704079e-05, 5.71645068703e-06, 1.76458688657e-05, 3.73538205167e-05, 4.43821736553e-05, 8.95018274605e-06, 9.28124791244e-06, 2.3970364964e-06, 1.41347913996e-06, 1.14707984267e-06, 1.2809407508e-06, 1.19445644486e-06, 1.56243947913e-06, 1.26689894842e-06, 1.01277555586e-06, 1.26481938878e-06, 1.02553974557e-06, 1.14306033083e-06, 1.54846418354e-06, 5.20582318586e-07, 3.70602677435e-08], "min": [9.65099215651e-24, 1.33117706069e-23, 2.84989696636e-23, 8.06804714024e-23, 9.27628669752e-23, 6.91970042725e-23, 3.74914254696e-23, 2.25604247691e-23, 6.15144393778e-23, 8.74391918247e-23, 8.58803395671e-23, 5.74516668764e-23, 1.35963054779e-22, 1.34253283964e-22, 1.68868525729e-22, 1.01575333122e-22, 2.31309794629e-22, 1.70194973253e-22, 4.37084729736e-22, 3.46558056235e-22, 5.30346516524e-22, 4.2070724528e-22, 7.13731610143e-22, 9.82097243338e-22, 9.72876178797e-22, 1.43959486602e-21, 2.28466437004e-21], "var": [2.86456121046e-08, 0.0001081137234, 1.52130623974e-05, 5.01296835864e-06, 0.000264987931587, 1.67516682268e-05, 3.1188238836e-07, 7.8520866964e-07, 4.76998866361e-06, 2.13514904317e-05, 1.11138451757e-05, 1.87718740108e-06, 5.69481926505e-07, 3.58334961703e-09, 3.79714890641e-08, 1.33023192461e-09, 2.86933965477e-09, 5.95482829713e-10, 1.58831570118e-09, 1.69139557915e-09, 2.71988365164e-09, 9.13530762148e-09, 1.02415265157e-09, 3.47751738516e-09, 5.99060845374e-09, 8.70376271056e-10, 6.67439922775e-11]}, "erbbands": {"dmean": [0.103207677603, 0.988190412521, 1.9764482975, 1.33193767071, 5.965467453, 7.25719642639, 12.5925283432, 4.52087879181, 1.62708592415, 0.956543147564, 3.71760034561, 9.07477378845, 20.2921562195, 18.2673931122, 27.0467777252, 7.83015489578, 4.77060699463, 1.24916803837, 1.89814293385, 0.987674474716, 0.414627194405, 0.513974428177, 0.406941473484, 0.500825226307, 0.455331593752, 0.62476170063, 0.384253382683, 0.494809061289, 0.996437549591, 0.57905626297, 0.322911262512, 0.405938088894, 0.4387614429, 0.380766272545, 0.280725389719, 0.0699702575803, 0.0183618068695, 0.00408023875207, 0.00043747012387, 2.48978958552e-05], "dmean2": [0.192274421453, 1.76378726959, 3.31771874428, 1.87372040749, 4.27064609528, 6.99606657028, 14.0879278183, 4.80832529068, 1.80952441692, 1.30878949165, 5.02071475983, 12.8050937653, 26.3673057556, 23.1547164917, 37.7620010376, 10.2891788483, 6.31096696854, 1.81605172157, 2.92280268669, 1.56960201263, 0.675006508827, 0.823379397392, 0.633922696114, 0.850469768047, 0.722153007984, 0.992013275623, 0.605715513229, 0.826980352402, 1.70339095592, 0.965042233467, 0.553178966045, 0.719854474068, 0.772108435631, 0.657379448414, 0.495184808969, 0.118104167283, 0.0302066560835, 0.00696273474023, 0.000737393798772, 3.9612143155e-05], "dvar": [0.0448010861874, 4.30656099319, 29.2905216217, 7.17754077911, 211.154678345, 151.982162476, 935.391235352, 84.429145813, 27.8353500366, 15.1607627869, 277.252319336, 1572.97302246, 5909.69140625, 4677.21386719, 10603.6621094, 2761.00073242, 1010.83123779, 20.3007392883, 127.564933777, 11.9770383835, 1.90822649002, 3.55042171478, 2.23540425301, 11.8067207336, 3.03204011917, 5.36320829391, 1.60726892948, 10.3703489304, 27.5186347961, 3.82631039619, 0.822479903698, 1.61905729771, 2.11294555664, 0.741366565228, 0.476303339005, 0.0256903190166, 0.00205088639632, 0.000117967232654, 1.5541098719e-06, 3.29170934954e-09], "dvar2": [0.156211212277, 11.8443279266, 77.7531051636, 18.1534233093, 118.867950439, 173.483261108, 1297.63366699, 103.129554749, 27.8664035797, 30.102191925, 425.973388672, 3430.03637695, 9698.38378906, 7691.87255859, 23249.9941406, 5113.64550781, 2285.50341797, 42.3425559998, 301.145385742, 28.8158473969, 5.2006149292, 8.05595111847, 4.97245836258, 33.8890686035, 7.75302934647, 13.7879743576, 3.78565430641, 29.4549407959, 77.6374893188, 10.3177194595, 2.21220564842, 4.5128326416, 5.94255208969, 1.92881083488, 1.2919857502, 0.0624223947525, 0.00474100699648, 0.000288633367745, 3.92265246774e-06, 8.2821074443e-09], "max": [1.99562585354, 23.7400741577, 43.5777816772, 28.03083992, 321.780426025, 287.119781494, 479.482757568, 153.577453613, 127.190994263, 180.765838623, 328.419158936, 793.082336426, 1105.39428711, 1333.5267334, 1534.97741699, 1274.98950195, 962.770812988, 194.543075562, 185.931274414, 43.9176177979, 30.2952899933, 47.0656318665, 38.9829750061, 100.165176392, 40.3796539307, 60.8563117981, 41.0619773865, 150.126235962, 116.561653137, 50.8321037292, 19.9751224518, 19.3992958069, 22.8140144348, 8.96465587616, 5.18982887268, 1.47882091999, 0.532852649689, 0.12387150526, 0.0132222473621, 0.000740553950891], "mean": [0.141229644418, 1.36193680763, 2.11737346649, 2.48692393303, 23.2833347321, 23.0231971741, 27.7523384094, 11.8686923981, 4.11472082138, 2.75994348526, 6.16547966003, 18.0879459381, 37.6994819641, 35.8587112427, 39.3601837158, 11.4342689514, 6.80928564072, 1.68466520309, 1.86384928226, 0.985784471035, 0.465071499348, 0.533808112144, 0.481053382158, 0.500508248806, 0.531967759132, 0.740898609161, 0.432458996773, 0.478512525558, 0.867139339447, 0.536798298359, 0.281465321779, 0.305216491222, 0.331392496824, 0.316753476858, 0.211886793375, 0.0634374320507, 0.0186829026788, 0.00407854747027, 0.000420374824898, 4.30649815826e-05], "median": [0.0213394872844, 0.202140629292, 0.261827707291, 0.337492078543, 0.921796321869, 4.12898206711, 7.04970312119, 2.88982415199, 0.953730642796, 0.18254929781, 0.224777579308, 0.565109074116, 1.10108089447, 1.51216495037, 2.16775178909, 0.944294214249, 0.639030516148, 0.346904158592, 0.126109316945, 0.0924700647593, 0.0726092532277, 0.0705213174224, 0.074257068336, 0.0817871615291, 0.0705400258303, 0.06679584831, 0.0479886643589, 0.0353290587664, 0.0443667806685, 0.0474537275732, 0.02804203704, 0.0201147403568, 0.0206568166614, 0.0195062160492, 0.0100421933457, 0.00316854123957, 0.000755065120757, 0.000108741391159, 2.10856487683e-05, 1.95821521629e-05], "min": [6.02387616795e-22, 2.80141274209e-21, 2.83650410243e-20, 1.35322676934e-19, 4.17910774013e-19, 2.34351150131e-19, 1.8339245585e-19, 8.28004846335e-19, 4.42266538463e-19, 5.36244285614e-19, 9.10143829462e-19, 9.41659204005e-19, 2.97701144405e-18, 1.93380351554e-18, 3.74230240317e-18, 3.03649917178e-18, 5.29630800841e-18, 6.8067112692e-18, 1.02854350517e-17, 6.13872487426e-18, 8.0996979642e-18, 1.14091822478e-17, 7.0833262563e-18, 2.06548041202e-17, 2.03907564882e-17, 1.81280188118e-17, 2.08677948561e-17, 1.8827140285e-17, 1.68559870832e-17, 1.73104649272e-17, 2.04143724946e-17, 2.10573184781e-17, 1.45584102138e-17, 9.83947055063e-18, 7.88488991247e-18, 4.33083065566e-18, 3.0637148615e-18, 1.05591528387e-18, 3.27883253727e-19, 3.62264395502e-20], "var": [0.0576274730265, 6.59473085403, 25.8063106537, 17.9871692657, 4069.61889648, 1213.25744629, 3316.37573242, 490.203735352, 137.98236084, 121.135009766, 625.26171875, 3685.34326172, 15036.3691406, 16224.6240234, 17668.0136719, 4847.74658203, 1412.41333008, 31.6185626984, 122.487579346, 11.6142511368, 1.68609809875, 4.04866981506, 2.86851978302, 7.32388877869, 3.07554745674, 5.75355386734, 1.85027933121, 6.58877229691, 18.3634815216, 3.02038669586, 0.657962679863, 1.084202528, 1.36610734463, 0.623861551285, 0.337130010128, 0.0266772750765, 0.00274548400193, 0.000136247166665, 1.55575378358e-06, 4.46924230957e-09]}, "gfcc": {"mean": [-186.709640503, 127.409156799, -53.4625396729, 6.20837926865, -51.9824333191, 16.5518016815, -25.1664657593, -5.76037454605, -38.3747253418, -8.83598995209, -5.61944818497, 10.2707996368, 5.46023702621], "cov": [[34290.6367188, -1369.12304688, -1801.87670898, 1328.57641602, -1412.78466797, 1898.43811035, -201.663757324, 1142.03747559, -945.820129395, 313.660675049, -609.071716309, 657.639526367, 327.574279785], [-1369.12304688, 3792.39428711, 632.668884277, -813.176391602, 481.33416748, -510.046508789, 227.47618103, -670.393493652, 46.8667945862, -494.995880127, 225.966644287, -307.273864746, 154.551681519], [-1801.87670898, 632.668884277, 1902.34509277, 35.6779556274, 394.148651123, -51.4819488525, -16.0418949127, -199.187438965, -223.523864746, -289.932434082, -98.9754180908, -114.18674469, -71.7655258179], [1328.57641602, -813.176391602, 35.6779556274, 906.923217773, -10.8788070679, 155.580123901, -53.5396652222, 103.312232971, -9.97326469421, 111.631912231, -50.8146705627, 84.6228713989, 1.78046810627], [-1412.78466797, 481.33416748, 394.148651123, -10.8788070679, 566.868713379, 10.6198396683, 42.0175704956, -188.001464844, -42.6376304626, -104.957626343, 47.5178871155, -43.5213165283, -37.5037498474], [1898.43811035, -510.046508789, -51.4819488525, 155.580123901, 10.6198396683, 582.658813477, 204.370132446, 287.970489502, -61.1726112366, 61.9518356323, -24.0106678009, 130.64743042, 20.4315395355], [-201.663757324, 227.47618103, -16.0418949127, -53.5396652222, 42.0175704956, 204.370132446, 386.338195801, 175.200592041, 74.8678817749, -59.5518074036, 42.4406890869, 59.675365448, 104.094245911], [1142.03747559, -670.393493652, -199.187438965, 103.312232971, -188.001464844, 287.970489502, 175.200592041, 507.45413208, 184.000274658, 193.35736084, -78.3426589966, 57.8441810608, 9.47891139984], [-945.820129395, 46.8667945862, -223.523864746, -9.97326469421, -42.6376304626, -61.1726112366, 74.8678817749, 184.000274658, 458.143493652, 300.946136475, 61.1990661621, -114.672645569, -35.3199462891], [313.660675049, -494.995880127, -289.932434082, 111.631912231, -104.957626343, 61.9518356323, -59.5518074036, 193.35736084, 300.946136475, 497.889312744, 157.049545288, 10.2676591873, -112.759841919], [-609.071716309, 225.966644287, -98.9754180908, -50.8146705627, 47.5178871155, -24.0106678009, 42.4406890869, -78.3426589966, 61.1990661621, 157.049545288, 348.194061279, 162.21685791, 22.4408931732], [657.639526367, -307.273864746, -114.18674469, 84.6228713989, -43.5213165283, 130.64743042, 59.675365448, 57.8441810608, -114.672645569, 10.2676591873, 162.21685791, 331.910125732, 148.28453064], [327.574279785, 154.551681519, -71.7655258179, 1.78046810627, -37.5037498474, 20.4315395355, 104.094245911, 9.47891139984, -35.3199462891, -112.759841919, 22.4408931732, 148.28453064, 247.591705322]], "icov": [[8.42418521643e-05, -0.000206048047403, 9.13132316782e-05, -0.000145090918522, 0.000156732960022, -0.000246528798016, 0.00021813280182, -0.000208422236028, 0.000407655315939, -0.000360203674063, 0.000352399307303, -0.000184975666343, -2.20197507588e-05], [-0.000206048047403, 0.00132926902734, -0.000364485953469, 0.000720856245607, -0.000518715241924, 0.000619733065832, -0.000860616506543, 0.00102903496008, -0.00134341209196, 0.00162475463003, -0.00209261127748, 0.00188971008174, -0.000869041017722], [9.13132316782e-05, -0.000364485953469, 0.000819286564365, -0.000313739030389, -0.000256266997894, -0.000133656460093, 0.000300106417853, -0.000547440431546, 0.000832479330711, -0.000248789088801, 0.000466741563287, -0.000147106111399, 0.000264685659204], [-0.000145090918522, 0.000720856245607, -0.000313739030389, 0.00174021627754, -0.000417005911004, 0.000140728530823, -0.000318165897625, 0.000818435742985, -0.000959546014201, 0.000364756793715, -0.000333168951329, 0.000205238888157, -0.000397295632865], [0.000156732960022, -0.000518715241924, -0.000256266997894, -0.000417005911004, 0.00307818362489, -0.00133467710111, -2.41716898017e-05, 0.0012213611044, -0.000307700160192, -0.000137594077387, 0.000740672054235, -0.000955603201874, 0.000983581528999], [-0.000246528798016, 0.000619733065832, -0.000133656460093, 0.000140728530823, -0.00133467710111, 0.00483411410823, -0.00280079501681, -0.00128180487081, 0.00150155590381, -0.000816414889414, -0.000282815017272, 0.000185817771126, 0.000281814689515], [0.00021813280182, -0.000860616506543, 0.000300106417853, -0.000318165897625, -2.41716898017e-05, -0.00280079501681, 0.00741633959115, -0.00350660155527, -0.00100846658461, 0.00280050351284, -0.00218234257773, 0.000615089724306, -0.00145744753536], [-0.000208422236028, 0.00102903496008, -0.000547440431546, 0.000818435742985, 0.0012213611044, -0.00128180487081, -0.00350660155527, 0.00846476573497, -0.00425377627835, -0.000748588412534, 0.00337125943042, -0.00293833971955, 0.00141631416045], [0.000407655315939, -0.00134341209196, 0.000832479330711, -0.000959546014201, -0.000307700160192, 0.00150155590381, -0.00100846658461, -0.00425377627835, 0.0109963025898, -0.00729545904323, 0.000770821003243, 0.00382724055089, -0.00315214856528], [-0.000360203674063, 0.00162475463003, -0.000248789088801, 0.000364756793715, -0.000137594077387, -0.000816414889414, 0.00280050351284, -0.000748588412534, -0.00729545904323, 0.011376795359, -0.00695507274941, 0.00154390244279, 0.0021317047067], [0.000352399307303, -0.00209261127748, 0.000466741563287, -0.000333168951329, 0.000740672054235, -0.000282815017272, -0.00218234257773, 0.00337125943042, 0.000770821003243, -0.00695507274941, 0.013259600848, -0.00999737065285, 0.00362980319187], [-0.000184975666343, 0.00188971008174, -0.000147106111399, 0.000205238888157, -0.000955603201874, 0.000185817771126, 0.000615089724306, -0.00293833971955, 0.00382724055089, 0.00154390244279, -0.00999737065285, 0.0150196058676, -0.00812529120594], [-2.20197507588e-05, -0.000869041017722, 0.000264685659204, -0.000397295632865, 0.000983581528999, 0.000281814689515, -0.00145744753536, 0.00141631416045, -0.00315214856528, 0.0021317047067, 0.00362980319187, -0.00812529120594, 0.0104328226298]]}, "melbands": {"dmean": [0.00102958967909, 0.00110714242328, 0.000368937093299, 0.000467956240755, 0.000430900021456, 0.000113249479909, 2.22228391067e-05, 1.05147737486e-05, 3.79532830266e-05, 5.33796446689e-05, 0.000102288708149, 7.29933963157e-05, 0.000102003687061, 2.65873804892e-05, 1.32924142235e-05, 7.62164518164e-06, 1.88224476005e-06, 2.93357084047e-06, 1.70985435943e-06, 1.10920257157e-06, 4.39830614596e-07, 5.43775797723e-07, 5.82435177421e-07, 3.27399533262e-07, 4.27146915172e-07, 3.24489690229e-07, 3.53442402456e-07, 4.20738075491e-07, 2.5416892413e-07, 1.71576033381e-07, 3.51528626652e-07, 5.90616878071e-07, 4.93713685046e-07, 2.82938486862e-07, 1.98508232074e-07, 1.7332561697e-07, 2.69639230055e-07, 3.35506598503e-07, 2.73859996014e-07, 3.50904031166e-07], "dmean2": [0.00189559860155, 0.00188858562615, 0.000407214596635, 0.000354411429726, 0.000475566834211, 0.000119011332572, 2.55099421338e-05, 1.4580730749e-05, 5.24490096723e-05, 7.46190853533e-05, 0.00013339643192, 9.30156020331e-05, 0.000144132878631, 3.50912450813e-05, 1.77811998583e-05, 1.01902087408e-05, 2.86889644485e-06, 4.51135611002e-06, 2.67699851975e-06, 1.79905009645e-06, 7.44504347949e-07, 8.97450490811e-07, 9.04202693164e-07, 5.38302344921e-07, 7.37687059882e-07, 5.17307626069e-07, 5.69052133415e-07, 6.68119298552e-07, 4.01357198143e-07, 2.74089074992e-07, 5.95578967477e-07, 1.03527452211e-06, 8.1108868244e-07, 4.81766562643e-07, 3.42398095654e-07, 3.05239751697e-07, 4.80808921566e-07, 5.9951963749e-07, 4.73308858773e-07, 6.08829793691e-07], "dvar": [4.68090229333e-06, 6.86091971147e-06, 4.55226114582e-07, 7.8266049286e-07, 8.50851506584e-07, 5.15859213124e-08, 5.16440445963e-09, 1.7177176348e-09, 2.50878198216e-08, 5.19823828427e-08, 1.52164957967e-07, 8.89441906793e-08, 1.44715286865e-07, 2.06863255414e-08, 7.26645232874e-09, 2.68370881074e-09, 4.20458390327e-11, 2.71467542889e-10, 9.74313824065e-11, 1.41985746077e-11, 4.56082784386e-12, 4.34039436337e-12, 8.74527793931e-12, 1.73681739563e-12, 1.03724277431e-11, 1.82257377593e-12, 1.70757071677e-12, 2.48580344676e-12, 8.5387789504e-13, 3.29426807014e-13, 7.75888554794e-12, 1.54277424169e-11, 5.04099366416e-12, 1.0045202517e-12, 4.01036164997e-13, 2.42580803535e-13, 7.46019402937e-13, 2.05699671706e-12, 6.43281001383e-13, 6.41350579415e-13], "dvar2": [1.48840890688e-05, 1.78899626917e-05, 7.52732887577e-07, 4.21260665462e-07, 1.24670884816e-06, 6.32248386978e-08, 5.36760413894e-09, 3.26273696949e-09, 4.56125839321e-08, 1.12719575895e-07, 2.53192695254e-07, 1.44429193938e-07, 3.25324549522e-07, 3.94410832882e-08, 1.55070711827e-08, 5.90253890209e-09, 9.69560542963e-11, 6.41225961218e-10, 2.28234861566e-10, 3.51125968578e-11, 1.30251269839e-11, 1.14751264046e-11, 1.72064966442e-11, 4.73537355161e-12, 2.98752064753e-11, 4.67515089142e-12, 4.59252687962e-12, 6.29090573037e-12, 1.91904218211e-12, 8.41208071083e-13, 2.22435004443e-11, 4.45019784912e-11, 1.35395288731e-11, 2.76846340991e-12, 1.09502185965e-12, 6.68268283592e-13, 2.07566602795e-12, 5.91070335038e-12, 1.74446047885e-12, 1.69280583474e-12], "max": [0.0239150486887, 0.0223399922252, 0.0116537027061, 0.0253186468035, 0.0134202521294, 0.00352532835677, 0.00167981931008, 0.00168912648223, 0.00243959832005, 0.00431610224769, 0.00559792248532, 0.00592025509104, 0.00491037778556, 0.00263468478806, 0.00176826841198, 0.00198782468215, 0.000131193839479, 0.000257829669863, 0.000174520828295, 4.16259972553e-05, 5.18149900017e-05, 4.4491927838e-05, 9.04849148355e-05, 2.95919326163e-05, 9.47211083258e-05, 4.30335931014e-05, 2.74987341982e-05, 3.91806133848e-05, 3.63235958503e-05, 1.44397154145e-05, 0.000134344911203, 9.15476193768e-05, 7.41443218431e-05, 2.02070004889e-05, 1.58133934747e-05, 7.20075513527e-06, 1.14690728878e-05, 2.5144612664e-05, 1.44642044688e-05, 8.54822883412e-06], "mean": [0.00147398654372, 0.00139998761006, 0.00102178473026, 0.00177715532482, 0.00100788555574, 0.000283850444248, 5.44464019185e-05, 2.86649774353e-05, 6.13931188127e-05, 0.000107865635073, 0.000186950681382, 0.000142081538797, 0.000146815509652, 3.83990409318e-05, 1.86012493941e-05, 1.05616782093e-05, 2.32843763115e-06, 2.89845684165e-06, 1.5795960735e-06, 1.1592961755e-06, 4.46954743438e-07, 5.25885297975e-07, 6.51567063414e-07, 3.48624610069e-07, 4.04036512691e-07, 3.6713166196e-07, 4.01810893891e-07, 4.95005053835e-07, 2.78669830323e-07, 1.94110455709e-07, 3.17375963732e-07, 4.79293362332e-07, 4.53756797469e-07, 2.53768973835e-07, 1.69436830788e-07, 1.37330786742e-07, 1.98122236839e-07, 2.3867261234e-07, 2.3131225646e-07, 2.82525775219e-07], "median": [0.0002215240238, 0.000184308053576, 5.86981368542e-05, 0.000187905752682, 0.000251328834565, 6.01271894993e-05, 9.30215355766e-06, 1.01180501133e-06, 1.50718915393e-06, 3.26944223161e-06, 4.7416324378e-06, 4.69705719297e-06, 6.940822459e-06, 1.90915579878e-06, 1.25184840272e-06, 8.39960421217e-07, 3.41912851809e-07, 1.53660067781e-07, 9.13472391062e-08, 9.977797788e-08, 5.9755606685e-08, 6.22287501528e-08, 6.03708514291e-08, 5.61507711438e-08, 5.84999604314e-08, 4.91581459983e-08, 4.02866078275e-08, 4.04627940043e-08, 2.84777179616e-08, 1.9744943458e-08, 1.90103026654e-08, 2.10558930291e-08, 2.78247167529e-08, 2.28987353523e-08, 1.62471103238e-08, 1.03544817165e-08, 1.10378906015e-08, 1.30770647644e-08, 1.46266918577e-08, 1.62155942007e-08], "min": [5.06952309954e-24, 1.03067738047e-23, 3.51137198152e-23, 2.52947428844e-23, 6.92945201021e-24, 1.63878248441e-23, 7.16426119182e-24, 5.06459469103e-24, 8.58230098896e-24, 6.37881802647e-24, 1.54171409665e-23, 7.89530253699e-24, 1.2192498467e-23, 6.91210180346e-24, 1.20922184687e-23, 1.05565587218e-23, 1.35540250578e-23, 1.7226118929e-23, 1.02257207133e-23, 7.12014414569e-24, 1.08393551011e-23, 1.31155075358e-23, 6.44452382899e-24, 7.93670747932e-24, 1.75083938713e-23, 1.66987843466e-23, 1.05362297762e-23, 1.2088037506e-23, 1.42819559244e-23, 1.06683071799e-23, 1.08124415336e-23, 1.13014729748e-23, 6.59487598436e-24, 9.83404417412e-24, 1.06595484573e-23, 1.5753219378e-23, 1.06839834238e-23, 1.10836195695e-23, 8.17761613345e-24, 8.27397628188e-24], "var": [6.76120907883e-06, 7.56550844017e-06, 5.32964895683e-06, 1.5040346625e-05, 3.25007840729e-06, 2.70877961839e-07, 2.524694942e-08, 1.28521167042e-08, 5.29487778067e-08, 1.28161403268e-07, 3.79129033945e-07, 3.10468692533e-07, 2.4242419272e-07, 3.67499985998e-08, 1.07975113295e-08, 3.83300902129e-09, 5.10287020972e-11, 2.65571203917e-10, 9.14122180729e-11, 1.39599798735e-11, 3.14474835061e-12, 3.63896066058e-12, 1.20371334428e-11, 1.38490770501e-12, 6.30507061491e-12, 1.81421923925e-12, 1.61304173144e-12, 2.73574500727e-12, 1.00634225345e-12, 3.69219411989e-13, 4.66068503235e-12, 9.24382011908e-12, 3.84263627862e-12, 7.33840722564e-13, 2.97934393085e-13, 1.73487241825e-13, 4.96800788442e-13, 1.2202318149e-12, 4.76174926312e-13, 5.15736270964e-13]}, "mfcc": {"mean": [-831.308837891, 150.091323853, 51.2733039856, 12.5263681412, 2.12059736252, 11.9639940262, 18.700838089, 8.69866275787, -6.1074962616, -16.6305770874, -13.2901706696, -13.4333362579, -2.21128106117], "cov": [[16157.2578125, 954.30645752, -538.906066895, -49.0644226074, -126.188949585, 190.71937561, 253.754425049, 197.059936523, 354.816986084, 230.639007568, 315.214813232, -59.6759872437, 402.326049805], [954.30645752, 2699.09204102, 471.913543701, -146.108535767, -41.2863998413, 113.103538513, 272.554077148, 182.22946167, 43.6579666138, -70.3384475708, -78.7905731201, -21.4748821259, -10.3310642242], [-538.906066895, 471.913543701, 1031.29101562, 253.069946289, 168.760848999, 95.5869369507, 228.693725586, 160.917449951, 29.468837738, -91.4630584717, -136.038696289, -84.8422851562, -46.9431419373], [-49.0644226074, -146.108535767, 253.069946289, 565.828613281, 206.946395874, 128.66847229, -8.82472705841, -41.1697921753, -42.5548248291, -54.0691719055, -54.5018081665, -26.2520828247, 4.42267560959], [-126.188949585, -41.2863998413, 168.760848999, 206.946395874, 337.835021973, 153.488922119, 62.273235321, -28.6478061676, -59.7306175232, -68.9894866943, -34.1644515991, -0.475016951561, 26.2930679321], [190.71937561, 113.103538513, 95.5869369507, 128.66847229, 153.488922119, 259.782562256, 157.494598389, 54.7459907532, -40.0459480286, -82.9230804443, -39.7060165405, 29.7787342072, 54.5422172546], [253.754425049, 272.554077148, 228.693725586, -8.82472705841, 62.273235321, 157.494598389, 376.78692627, 283.237213135, 38.4412345886, -138.942947388, -109.803886414, -16.5088272095, 49.6016349792], [197.059936523, 182.22946167, 160.917449951, -41.1697921753, -28.6478061676, 54.7459907532, 283.237213135, 390.378295898, 185.26600647, -53.9384269714, -118.277252197, -46.7320709229, 20.035484314], [354.816986084, 43.6579666138, 29.468837738, -42.5548248291, -59.7306175232, -40.0459480286, 38.4412345886, 185.26600647, 337.256530762, 213.755737305, 23.5883846283, -43.8351516724, 5.69567012787], [230.639007568, -70.3384475708, -91.4630584717, -54.0691719055, -68.9894866943, -82.9230804443, -138.942947388, -53.9384269714, 213.755737305, 406.217956543, 262.998504639, 74.9086685181, 14.9113254547], [315.214813232, -78.7905731201, -136.038696289, -54.5018081665, -34.1644515991, -39.7060165405, -109.803886414, -118.277252197, 23.5883846283, 262.998504639, 388.974487305, 237.782058716, 92.991859436], [-59.6759872437, -21.4748821259, -84.8422851562, -26.2520828247, -0.475016951561, 29.7787342072, -16.5088272095, -46.7320709229, -43.8351516724, 74.9086685181, 237.782058716, 308.480560303, 163.479873657], [402.326049805, -10.3310642242, -46.9431419373, 4.42267560959, 26.2930679321, 54.5422172546, 49.6016349792, 20.035484314, 5.69567012787, 14.9113254547, 92.991859436, 163.479873657, 237.919754028]], "icov": [[8.18879489088e-05, -3.76176030841e-05, 6.84142505634e-05, -4.58226713818e-05, 5.86160422245e-05, -6.27080662525e-05, -6.38769997749e-05, 5.06498217874e-05, -0.000146218560985, 0.000168841012055, -0.000322933512507, 0.000346315384377, -0.000227629832807], [-3.76176030841e-05, 0.000467005185783, -0.000269912066869, 0.000231478159549, 0.000166493977304, -0.000215364736505, -0.00017426283739, 0.000127679813886, -2.39506953221e-05, -4.90635975439e-05, 0.000165295758052, -0.000202498384169, 0.000161065341672], [6.84142505634e-05, -0.000269912066869, 0.00161027989816, -0.000806550786365, -0.000489153724629, 0.000786800927017, -0.00130456918851, 0.000179101116373, -7.37135196687e-05, -0.000246885727393, 0.000141270560562, 5.03322007717e-05, 0.000263320718659], [-4.58226713818e-05, 0.000231478159549, -0.000806550786365, 0.00290240999311, -0.000987174571492, -0.00142047530971, 0.00164546340238, -0.000471956125693, 0.000101384044683, 0.000141503769555, 0.000156017791596, 0.000125119229779, -0.000152369771968], [5.86160422245e-05, 0.000166493977304, -0.000489153724629, -0.000987174571492, 0.00518420850858, -0.00239957892336, -0.000546279072296, 0.00137313385494, -0.000521151232533, 0.000685258477461, -0.000585588102695, 0.000678940326907, -0.000462729862193], [-6.27080662525e-05, -0.000215364736505, 0.000786800927017, -0.00142047530971, -0.00239957892336, 0.00855119340122, -0.00487064803019, 0.00185971567407, 0.000213854931644, -0.000928480469156, 0.00161404919345, -0.00177098251879, 8.11105492176e-05], [-6.38769997749e-05, -0.00017426283739, -0.00130456918851, 0.00164546340238, -0.000546279072296, -0.00487064803019, 0.0125081818551, -0.00898393802345, 0.00280313310213, 0.00128294760361, -0.0016876856098, 0.00174167775549, -0.00154637312517], [5.06498217874e-05, 0.000127679813886, 0.000179101116373, -0.000471956125693, 0.00137313385494, 0.00185971567407, -0.00898393802345, 0.0131112392992, -0.00834618043154, 0.00341567094438, 0.000826352275908, -0.00188701844309, 0.00111414748244], [-0.000146218560985, -2.39506953221e-05, -7.37135196687e-05, 0.000101384044683, -0.000521151232533, 0.000213854931644, 0.00280313310213, -0.00834618043154, 0.0135334124789, -0.0100526586175, 0.00422493554652, 0.000713976216502, -0.00147906620987], [0.000168841012055, -4.90635975439e-05, -0.000246885727393, 0.000141503769555, 0.000685258477461, -0.000928480469156, 0.00128294760361, 0.00341567094438, -0.0100526586175, 0.0142587125301, -0.00996551476419, 0.00334011134692, 0.000190032849787], [-0.000322933512507, 0.000165295758052, 0.000141270560562, 0.000156017791596, -0.000585588102695, 0.00161404919345, -0.0016876856098, 0.000826352275908, 0.00422493554652, -0.00996551476419, 0.0145272249356, -0.00921707414091, 0.00173386314418], [0.000346315384377, -0.000202498384169, 5.03322007717e-05, 0.000125119229779, 0.000678940326907, -0.00177098251879, 0.00174167775549, -0.00188701844309, 0.000713976216502, 0.00334011134692, -0.00921707414091, 0.0128143569455, -0.00588897615671], [-0.000227629832807, 0.000161065341672, 0.000263320718659, -0.000152369771968, -0.000462729862193, 8.11105492176e-05, -0.00154637312517, 0.00111414748244, -0.00147906620987, 0.000190032849787, 0.00173386314418, -0.00588897615671, 0.00830316822976]]}, "spectral_contrast_coeffs": {"dmean": [0.0458543673158, 0.0451858788729, 0.0439078882337, 0.0346566177905, 0.0236696433276, 0.0218396130949], "dmean2": [0.0719621032476, 0.0703773722053, 0.0692533403635, 0.0520260222256, 0.0363560132682, 0.0343559756875], "dvar": [0.00168821017724, 0.00226580654271, 0.00230024708435, 0.000978053198196, 0.000529478478711, 0.000588857976254], "dvar2": [0.00388967781328, 0.00488933129236, 0.00534885888919, 0.00208212737925, 0.00107917003334, 0.00131069915369], "max": [-0.122454978526, -0.272548884153, -0.401813864708, -0.513844609261, -0.655094265938, -0.675210058689], "mean": [-0.587835967541, -0.632921040058, -0.685811638832, -0.768127739429, -0.838310837746, -0.844017922878], "median": [-0.585653722286, -0.626637458801, -0.689974665642, -0.767751395702, -0.844167053699, -0.848508179188], "min": [-0.965724110603, -0.987574756145, -0.968915939331, -0.968566536903, -0.962085962296, -0.966157913208], "var": [0.0205621868372, 0.0148337418213, 0.0127245085314, 0.00576886022463, 0.00241356762126, 0.00239884015173]}, "spectral_contrast_valleys": {"dmean": [0.457267612219, 0.490850359201, 0.604635953903, 0.572610914707, 0.611316025257, 0.750018239021], "dmean2": [0.741823732853, 0.750026524067, 0.891657233238, 0.836742997169, 0.83611869812, 1.01873886585], "dvar": [0.232773810625, 0.365212023258, 0.593567848206, 0.460898131132,