{"lowlevel": {"average_loudness": 0.785836875439, "barkbands_crest": {"dmean": 3.23217082024, "dmean2": 5.31461048126, "dvar": 8.76814079285, "dvar2": 22.5931015015, "max": 26.4834194183, "mean": 11.3343296051, "median": 10.5076351166, "min": 3.26115036011, "var": 19.7056083679}, "barkbands_flatness_db": {"dmean": 0.0300535261631, "dmean2": 0.0450049936771, "dvar": 0.000831442768686, "dvar2": 0.0018269441789, "max": 0.505623936653, "mean": 0.161578565836, "median": 0.150001257658, "min": 0.0451657325029, "var": 0.00324739492498}, "barkbands_kurtosis": {"dmean": 5.84597873688, "dmean2": 9.15552043915, "dvar": 186.009643555, "dvar2": 397.306091309, "max": 317.257293701, "mean": 9.14576244354, "median": 2.92835450172, "min": -1.91259658337, "var": 380.923706055}, "barkbands_skewness": {"dmean": 0.736774027348, "dmean2": 1.12605440617, "dvar": 0.684985518456, "dvar2": 1.53585660458, "max": 15.2333202362, "mean": 1.87660622597, "median": 1.54517507553, "min": -2.12404727936, "var": 3.13478350639}, "barkbands_spread": {"dmean": 4.97379970551, "dmean2": 8.09624576569, "dvar": 62.5913848877, "dvar2": 163.954498291, "max": 90.3684082031, "mean": 14.8649549484, "median": 13.2638187408, "min": 0.218727082014, "var": 103.439750671}, "dissonance": {"dmean": 0.0254460331053, "dmean2": 0.0423417799175, "dvar": 0.000580184801947, "dvar2": 0.00154818582814, "max": 0.499991625547, "mean": 0.447027593851, "median": 0.454643219709, "min": 0.104014731944, "var": 0.00127492449246}, "dynamic_complexity": 3.89376425743, "erbbands_crest": {"dmean": 2.65838217735, "dmean2": 4.20011520386, "dvar": 6.30658864975, "dvar2": 14.9297409058, "max": 31.0431632996, "mean": 10.0601911545, "median": 9.01859760284, "min": 2.32292890549, "var": 20.0285625458}, "erbbands_flatness_db": {"dmean": 0.0247830078006, "dmean2": 0.0361928194761, "dvar": 0.00060389918508, "dvar2": 0.00123733107466, "max": 0.342716187239, "mean": 0.172655388713, "median": 0.169519260526, "min": 0.0463596209884, "var": 0.00253542629071}, "erbbands_kurtosis": {"dmean": 1.35461866856, "dmean2": 2.12911009789, "dvar": 4.53081321716, "dvar2": 10.8018989563, "max": 40.7958755493, "mean": 1.53112232685, "median": 0.695197105408, "min": -1.77011227608, "var": 9.74201393127}, "erbbands_skewness": {"dmean": 0.420190364122, "dmean2": 0.648936569691, "dvar": 0.186950325966, "dvar2": 0.448125481606, "max": 6.15982055664, "mean": 0.577630877495, "median": 0.559054732323, "min": -4.94160461426, "var": 0.792741596699}, "erbbands_spread": {"dmean": 9.25520992279, "dmean2": 14.4478740692, "dvar": 158.803955078, "dvar2": 395.491577148, "max": 145.511581421, "mean": 32.0561332703, "median": 26.9756965637, "min": 3.73638033867, "var": 392.356536865}, "hfc": {"dmean": 5.10780715942, "dmean2": 7.49345970154, "dvar": 53.0353126526, "dvar2": 112.65234375, "max": 161.006668091, "mean": 17.4100856781, "median": 12.4243497849, "min": 4.7217021959e-12, "var": 295.364227295}, "melbands_crest": {"dmean": 3.75647068024, "dmean2": 6.19723415375, "dvar": 11.7512216568, "dvar2": 30.5893764496, "max": 34.106552124, "mean": 14.5600728989, "median": 13.9427986145, "min": 3.58738493919, "var": 27.3880310059}, "melbands_flatness_db": {"dmean": 0.0345376543701, "dmean2": 0.0515450797975, "dvar": 0.00113825418521, "dvar2": 0.0025046938099, "max": 0.641206383705, "mean": 0.235646873713, "median": 0.221721485257, "min": 0.0365319289267, "var": 0.0051181348972}, "melbands_kurtosis": {"dmean": 10.5978775024, "dmean2": 16.817035675, "dvar": 405.31427002, "dvar2": 966.197937012, "max": 386.214294434, "mean": 18.8757781982, "median": 7.2180814743, "min": -1.76144945621, "var": 998.194152832}, "melbands_skewness": {"dmean": 0.912212431431, "dmean2": 1.40774023533, "dvar": 0.967371940613, "dvar2": 2.28799700737, "max": 17.3211326599, "mean": 2.64766764641, "median": 2.26292085648, "min": -1.37275969982, "var": 4.4692606926}, "melbands_spread": {"dmean": 5.40512895584, "dmean2": 8.54519557953, "dvar": 68.7530593872, "dvar2": 169.620178223, "max": 185.421295166, "mean": 17.3373203278, "median": 15.0876541138, "min": 0.343812286854, "var": 170.733078003}, "pitch_salience": {"dmean": 0.083602078259, "dmean2": 0.133124038577, "dvar": 0.00583320856094, "dvar2": 0.0142527390271, "max": 0.943173527718, "mean": 0.521664619446, "median": 0.531079649925, "min": 0.0765249952674, "var": 0.0140806538984}, "silence_rate_20dB": {"dmean": 0, "dmean2": 0, "dvar": 0, "dvar2": 0, "max": 1, "mean": 1, "median": 1, "min": 1, "var": 0}, "silence_rate_30dB": {"dmean": 0.00250469637103, "dmean2": 0.00501001998782, "dvar": 0.00249833287671, "dvar2": 0.00723959039897, "max": 1, "mean": 0.998622596264, "median": 1, "min": 0, "var": 0.00137552118395}, "silence_rate_60dB": {"dmean": 0.0365685671568, "dmean2": 0.0731462910771, "dvar": 0.0352348499, "dvar2": 0.0748152509332, "max": 1, "mean": 0.112947657704, "median": 0, "min": 0, "var": 0.100190095603}, "spectral_centroid": {"dmean": 187.343063354, "dmean2": 291.60925293, "dvar": 63024.453125, "dvar2": 135338.6875, "max": 10566.4785156, "mean": 950.575622559, "median": 879.776000977, "min": 102.902511597, "var": 254560.484375}, "spectral_complexity": {"dmean": 2.91396379471, "dmean2": 4.47695398331, "dvar": 14.8544282913, "dvar2": 29.4254798889, "max": 51, "mean": 14.8283243179, "median": 14, "min": 0, "var": 72.757774353}, "spectral_decrease": {"dmean": 2.78131540021e-09, "dmean2": 4.21354418023e-09, "dvar": 1.3386066984e-17, "dvar2": 3.18744155967e-17, "max": -4.2041464336e-25, "mean": -7.16177428473e-09, "median": -5.72299629908e-09, "min": -3.4649012548e-08, "var": 3.65328784309e-17}, "spectral_energy": {"dmean": 0.0108477259055, "dmean2": 0.0163847841322, "dvar": 0.000199346395675, "dvar2": 0.000472599262139, "max": 0.133565217257, "mean": 0.0286093838513, "median": 0.0233492571861, "min": 4.29858818108e-16, "var": 0.000570953299757}, "spectral_energyband_high": {"dmean": 0.000178435017006, "dmean2": 0.000275657395832, "dvar": 9.11080775268e-08, "dvar2": 2.01874726713e-07, "max": 0.00654058065265, "mean": 0.00029866368277, "median": 0.000126990911667, "min": 3.15984343954e-16, "var": 2.04078702382e-07}, "spectral_energyband_low": {"dmean": 0.00610622158274, "dmean2": 0.00930938590318, "dvar": 0.000133649227791, "dvar2": 0.00032034816104, "max": 0.120965145528, "mean": 0.0101815024391, "median": 0.00208640284836, "min": 1.53138345626e-17, "var": 0.00025735644158}, "spectral_energyband_middle_high": {"dmean": 0.0022852239199, "dmean2": 0.00337966391817, "dvar": 1.95233733393e-05, "dvar2": 4.36114023614e-05, "max": 0.0857686176896, "mean": 0.0077766738832, "median": 0.00302153918892, "min": 5.38505696079e-17, "var": 0.000108858737804}, "spectral_energyband_middle_low": {"dmean": 0.00604256801307, "dmean2": 0.00925104878843, "dvar": 9.39597885008e-05, "dvar2": 0.000224110423005, "max": 0.0981892049313, "mean": 0.0111835980788, "median": 0.00757146719843, "min": 6.6922050706e-18, "var": 0.000144899910083}, "spectral_entropy": {"dmean": 0.242545604706, "dmean2": 0.37185382843, "dvar": 0.0707900300622, "dvar2": 0.164022415876, "max": 9.79190254211, "mean": 7.21369075775, "median": 7.24199867249, "min": 4.91374540329, "var": 0.218662306666}, "spectral_flux": {"dmean": 0.0301772151142, "dmean2": 0.0472416505218, "dvar": 0.000948608794715, "dvar2": 0.00205581611954, "max": 0.284467309713, "mean": 0.0862194299698, "median": 0.0762624889612, "min": 3.1316139939e-05, "var": 0.00295270280913}, "spectral_kurtosis": {"dmean": 2.57916784286, "dmean2": 4.18560171127, "dvar": 11.0880880356, "dvar2": 27.9162120819, "max": 68.0141830444, "mean": 6.73153829575, "median": 5.76232242584, "min": -1.17833328247, "var": 21.4188346863}, "spectral_rms": {"dmean": 0.000942985876463, "dmean2": 0.00136940705124, "dvar": 1.10198345737e-06, "dvar2": 2.32129104916e-06, "max": 0.0114152319729, "mean": 0.00474420795217, "median": 0.00477281445637, "min": 6.47591258396e-10, "var": 5.40416385775e-06}, "spectral_rolloff": {"dmean": 334.608062744, "dmean2": 586.873168945, "dvar": 843610.625, "dvar2": 2236371.5, "max": 18733.8867188, "mean": 1039.38806152, "median": 861.328125, "min": 86.1328125, "var": 924429.1875}, "spectral_skewness": {"dmean": 0.308391600847, "dmean2": 0.480987519026, "dvar": 0.118623681366, "dvar2": 0.290212959051, "max": 6.61560773849, "mean": 1.97092115879, "median": 1.92908406258, "min": 0.026670737192, "var": 0.372358560562}, "spectral_spread": {"dmean": 818346.875, "dmean2": 1252453.875, "dvar": 1332901707780.0, "dvar2": 3060317814780.0, "max": 39675280, "mean": 4270067.5, "median": 3996894.75, "min": 1162080.5, "var": 2420807827460.0}, "spectral_strongpeak": {"dmean": 0.673614799976, "dmean2": 1.13668501377, "dvar": 1.36789405346, "dvar2": 3.33451652527, "max": 14.1967725754, "mean": 1.24309420586, "median": 0.54342353344, "min": 0, "var": 2.715259552}, "zerocrossingrate": {"dmean": 0.0085031259805, "dmean2": 0.0105608552694, "dvar": 0.000133376452141, "dvar2": 0.000195749060367, "max": 0.49951171875, "mean": 0.0441404171288, "median": 0.04248046875, "min": 0.0029296875, "var": 0.000522751070093}, "barkbands": {"dmean": [4.66235505883e-05, 0.00430782977492, 0.00251916609704, 0.00144666561391, 0.00420976104215, 0.000998830772005, 0.000428132159868, 0.000403848622227, 0.000764891447034, 0.000901920779143, 0.00057082681451, 0.000647436245345, 0.000529549841303, 0.000419111311203, 0.000323444255628, 0.000361011800123, 0.000121300610772, 7.89616751717e-05, 7.68764439272e-05, 6.88938307576e-05, 4.09811364079e-05, 2.86588965537e-05, 3.74395385734e-05, 2.90749958367e-05, 2.66614588327e-05, 9.23436618905e-06, 4.03682497563e-06], "dmean2": [7.02096949681e-05, 0.00662487791851, 0.00390935363248, 0.00241689197719, 0.00702120596543, 0.00155675655697, 0.000687937485054, 0.000607939087786, 0.00118805503007, 0.00138111540582, 0.000796659733169, 0.00100495223887, 0.000817932595965, 0.000663637707476, 0.00051567342598, 0.000571120239329, 0.000195840650122, 0.000124976751977, 0.000118811192806, 0.000103789330751, 6.1424652813e-05, 4.36612390331e-05, 6.26242035651e-05, 4.66892670374e-05, 4.47671154689e-05, 1.46678275996e-05, 7.05177626514e-06], "dvar": [1.54043373612e-08, 9.97531315079e-05, 2.67858977168e-05, 8.01038368081e-06, 7.4124764069e-05, 4.51154983239e-06, 7.03163891558e-07, 6.63830405756e-07, 2.94209917229e-06, 6.46683338346e-06, 2.78526681541e-06, 2.75980505648e-06, 3.13771010951e-06, 2.02646879188e-06, 3.4913489344e-06, 1.08366396034e-06, 1.45917027794e-07, 2.33319781273e-08, 4.13979179825e-08, 3.02742790836e-08, 8.83190232059e-09, 3.90130994177e-09, 4.39235448013e-09, 4.70290606458e-09, 2.60608001845e-09, 2.79134465542e-10, 6.52961087977e-11], "dvar2": [3.45154838044e-08, 0.00023437247728, 6.48948480375e-05, 2.07696284633e-05, 0.000198563342565, 1.00277957245e-05, 1.81975087798e-06, 1.54159567956e-06, 7.17850707588e-06, 1.54403005581e-05, 4.96194934385e-06, 6.84707356413e-06, 7.1409094744e-06, 5.06433025294e-06, 8.20579589345e-06, 2.54670135291e-06, 3.16532862144e-07, 5.57823440772e-08, 9.65330073655e-08, 6.79838834117e-08, 2.03095833484e-08, 8.92369111938e-09, 1.13843752203e-08, 1.17437988223e-08, 6.98505386865e-09, 6.84581391575e-10, 1.75530590063e-10], "max": [0.00276990281418, 0.0940933302045, 0.0705887675285, 0.0343491509557, 0.0853172689676, 0.0496005564928, 0.0168100576848, 0.018082048744, 0.0414641536772, 0.0674376115203, 0.0743961855769, 0.0358642488718, 0.0490387640893, 0.0382371544838, 0.0626233518124, 0.0300546120852, 0.0194279812276, 0.00371241103858, 0.00954572856426, 0.00604492658749, 0.00214636139572, 0.00151598220691, 0.000669597240631, 0.00382553832605, 0.000624377164058, 0.00018450821517, 7.2086804721e-05], "mean": [8.10082347016e-05, 0.00566091062501, 0.00374331185594, 0.00154539989308, 0.00459953630343, 0.00180769548751, 0.000707535131369, 0.000714119174518, 0.00159559492022, 0.00181298318785, 0.00127748004161, 0.00135374860838, 0.000950166897383, 0.00072694325354, 0.000428480154369, 0.000671330897603, 0.000232111793594, 0.000164372555446, 0.00015320503735, 0.000144132223795, 7.62462514103e-05, 4.40732983407e-05, 4.33128370787e-05, 3.49532419932e-05, 2.73184996331e-05, 1.01668492789e-05, 3.25088240061e-06], "median": [1.52101820277e-05, 0.00068879860919, 0.000538895605132, 0.000447736732895, 0.00185160024557, 0.000801662099548, 0.00039431831101, 0.000307536975015, 0.000441375479568, 0.000263129564701, 0.000203087314731, 0.000212491810089, 0.00012502053869, 0.000123042453197, 6.2583188992e-05, 8.00246925792e-05, 7.26247817511e-05, 5.64527472307e-05, 4.53997272416e-05, 3.70338239009e-05, 2.20885012823e-05, 1.55470097525e-05, 1.27058974613e-05, 1.14297326945e-05, 8.72861801327e-06, 3.33603884428e-06, 5.01433532918e-07], "min": [5.39497576624e-18, 7.30371612281e-18, 3.8146881514e-18, 2.75318919159e-18, 2.8905555604e-18, 2.20084455914e-19, 2.83262107107e-19, 3.35064913354e-19, 1.02380913435e-19, 4.62866747836e-19, 2.58814448061e-19, 3.56826360229e-18, 6.42504599867e-18, 1.34631192716e-18, 4.13860794337e-18, 8.1132571088e-18, 7.87568794174e-19, 1.32717597223e-17, 1.41781056554e-17, 1.09004397013e-17, 1.77651594925e-17, 2.68293285442e-17, 2.12844324958e-17, 3.10353169659e-17, 5.11658953729e-17, 6.55961769642e-17, 9.4615836757e-17], "var": [4.67309746455e-08, 0.000133719368023, 4.53777029179e-05, 7.67819619796e-06, 6.78523647366e-05, 1.05340295704e-05, 1.04762159481e-06, 1.44785883549e-06, 7.46055638956e-06, 1.95315133169e-05, 9.96619746729e-06, 8.65156016516e-06, 6.22196876066e-06, 3.43490069099e-06, 3.61498996426e-06, 3.37723395205e-06, 4.22481491569e-07, 7.26819990859e-08, 1.36307775733e-07, 8.95977976256e-08, 2.47085090166e-08, 6.9124221902e-09, 5.30312815883e-09, 5.08880271255e-09, 2.29272600905e-09, 3.022606887e-10, 5.03253376472e-11]}, "erbbands": {"dmean": [0.0786744728684, 1.1358127594, 2.79833364487, 3.55532836914, 11.7299337387, 14.2612857819, 7.37726593018, 8.85884952545, 6.26837587357, 6.77314186096, 8.28373432159, 18.373878479, 22.7155246735, 23.4124279022, 23.5636711121, 20.269033432, 23.8513889313, 15.2422599792, 23.5011615753, 14.7849292755, 13.8937149048, 6.80376720428, 4.53248310089, 3.74441766739, 3.4756052494, 2.90135645866, 1.89463376999, 1.45591425896, 1.05867123604, 1.12399446964, 0.925131917, 0.620560705662, 0.50610435009, 0.427933901548, 0.113079406321, 0.0487464033067, 0.0158642232418, 0.00404097652063, 0.000756712979637, 4.31857806689e-05], "dmean2": [0.117196686566, 1.75841629505, 4.38543319702, 5.66805267334, 19.3418178558, 24.4021015167, 11.3103141785, 14.0793714523, 10.018866539, 10.443116188, 12.3768606186, 28.3301868439, 34.141078949, 34.1404647827, 34.2529144287, 31.1548042297, 36.555934906, 22.929857254, 37.3746376038, 23.7488574982, 21.5939540863, 10.7397909164, 7.20988559723, 5.68838596344, 5.31980609894, 4.32358694077, 2.79280877113, 2.2150220871, 1.61612379551, 1.82606899738, 1.51508915424, 0.999047458172, 0.809892892838, 0.739510118961, 0.178248867393, 0.0767989978194, 0.0258820373565, 0.00658173905686, 0.00133018684573, 7.36276779207e-05], "dvar": [0.0312110651284, 6.99533176422, 31.6163806915, 39.7123794556, 583.174072266, 921.821960449, 155.357818604, 441.780426025, 217.190246582, 147.131469727, 342.393615723, 2026.19873047, 2366.36083984, 5008.74951172, 3180.30249023, 2889.84545898, 6531.66552734, 2716.0625, 12396.8359375, 1703.28015137, 1973.27868652, 639.742980957, 73.0508270264, 120.426277161, 63.227180481, 56.2508354187, 18.2650718689, 11.5229358673, 5.95261192322, 3.82264900208, 2.60191249847, 1.42880320549, 1.9316110611, 0.753222286701, 0.035106588155, 0.0084429923445, 0.000874613760971, 6.15097815171e-05, 2.31947660723e-06, 5.41461719905e-09], "dvar2": [0.0730061680079, 16.7362709045, 77.9899673462, 97.419052124, 1511.36108398, 2492.08959961, 356.066741943, 978.814147949, 572.060852051, 358.99331665, 784.783813477, 4881.60742188, 5370.20410156, 11348.0595703, 6717.34423828, 7019.34423828, 15239.8486328, 5892.18701172, 28465.7714844, 4431.59179688, 3932.83056641, 1334.109375, 184.133529663, 274.397888184, 144.643264771, 121.014328003, 40.3708381653, 26.5199775696, 13.8538379669, 9.29718399048, 6.46761465073, 3.53523755074, 4.86137580872, 2.06184148788, 0.0849582925439, 0.0208350028843, 0.00224773655646, 0.000151100262883, 6.28210591458e-06, 1.45844749611e-08], "max": [2.19772219658, 24.5906677246, 74.8972702026, 70.0421829224, 321.657348633, 340.851348877, 228.854492188, 545.270202637, 422.285888672, 322.755554199, 406.0418396, 1304.55126953, 1371.02807617, 1931.88366699, 1696.57971191, 1123.30529785, 2650.52612305, 1587.08618164, 3648.19360352, 1357.08886719, 1719.84741211, 1354.00585938, 228.094787598, 516.782226562, 200.145187378, 296.442626953, 106.919143677, 104.349060059, 55.9240531921, 36.1685562134, 18.0493450165, 35.2264900208, 86.4256057739, 15.2688322067, 1.86672270298, 1.01404881477, 0.291432142258, 0.185064300895, 0.0116540808231, 0.000690480985213], "mean": [0.112521141768, 1.45270717144, 4.34136819839, 4.79812335968, 11.7190189362, 14.7362470627, 14.1567487717, 15.5640935898, 10.7002124786, 12.1328439713, 16.5835056305, 39.5084686279, 49.5509338379, 51.978969574, 59.233631134, 44.1641731262, 46.168636322, 30.4785175323, 39.3168029785, 28.2397270203, 25.7887573242, 14.4206190109, 10.1397638321, 8.12525653839, 7.53758335114, 6.21674203873, 3.81639385223, 2.41853475571, 1.62420272827, 1.52345359325, 1.12909924984, 0.752564489841, 0.576980769634, 0.40041026473, 0.140025809407, 0.0560837723315, 0.0161673501134, 0.00382663728669, 0.000613971962593, 5.89988558204e-05], "median": [0.0178413651884, 0.169979959726, 0.668136835098, 1.23675453663, 3.41580104828, 5.84924697876, 8.16703796387, 6.95760250092, 6.17931318283, 6.76716566086, 6.86768054962, 10.7962646484, 13.3884086609, 11.0818920135, 10.5033283234, 11.4743680954, 8.22247886658, 7.39263772964, 8.40214347839, 4.96071434021, 5.12900876999, 4.09190654755, 3.66589450836, 2.67765378952, 2.3293504715, 1.59296059608, 1.05700230598, 0.759266018867, 0.553892970085, 0.528148949146, 0.343664765358, 0.229575306177, 0.176052153111, 0.105142146349, 0.0569031611085, 0.0197609793395, 0.00494984444231, 0.000852746539749, 0.000103087033494, 3.75642084691e-05], "min": [2.79593849776e-16, 1.42479729695e-15, 4.08142867986e-15, 7.58734929404e-15, 1.00881014154e-14, 9.26048331036e-15, 4.97428483901e-15, 1.11806422038e-15, 2.46087910419e-15, 6.95192000009e-15, 5.96376712865e-15, 2.17781297519e-15, 1.01350456754e-14, 1.41101204749e-14, 2.85382509996e-14, 1.77202057281e-13, 2.92403633858e-13, 1.25762139418e-13, 8.86498583959e-14, 4.24320138488e-13, 3.06199754137e-13, 9.01583834174e-14, 6.29238523266e-13, 6.99898147251e-13, 5.78604926558e-13, 4.48290520373e-13, 5.94125172237e-13, 8.33292094181e-13, 4.31935872703e-13, 1.81581811219e-12, 3.37660455152e-13, 4.19829047828e-13, 6.34543687126e-13, 5.73207063412e-13, 3.57085183905e-13, 3.07224975711e-13, 7.90318602662e-14, 6.4232995279e-14, 1.25161730277e-14, 1.39578133631e-15], "var": [0.0488546825945, 8.99487304688, 54.2065925598, 53.1242523193, 563.13671875, 757.941040039, 382.729827881, 991.068786621, 273.317626953, 277.115722656, 777.395996094, 5177.70898438, 8898.75585938, 15731.6679688, 12744.3369141, 7659.36083984, 13280.2958984, 5188.12255859, 17006.8359375, 3832.10913086, 5274.40185547, 1782.49157715, 253.26651001, 457.680999756, 177.136489868, 168.195144653, 66.3848495483, 25.8571720123, 10.3893384933, 6.25490140915, 3.52967023849, 1.78677606583, 1.89126002789, 0.601268053055, 0.0441197268665, 0.00942439772189, 0.000824925606139, 6.08936497883e-05, 1.73609805643e-06, 4.954019861e-09]}, "gfcc": {"mean": [-28.342464447, 107.010894775, -110.568855286, 17.2744655609, -55.1009178162, 10.1813573837, -37.4148597717, 2.85344910622, -26.3669509888, -4.40101051331, -15.6444063187, -2.53607106209, -7.23032426834], "cov": [[7254.49316406, -714.946960449, -837.716674805, -174.915023804, 432.087646484, 553.985534668, 235.813842773, 304.627441406, -108.672187805, 157.756057739, -46.1098632812, 182.67868042, 24.2401351929], [-714.946960449, 982.7109375, -20.127828598, 8.77714538574, 187.912963867, 27.35105896, 221.352050781, 34.8317642212, 82.0523452759, 7.99543380737, 131.014862061, -34.8554000854, 39.3720855713], [-837.716674805, -20.127828598, 1127.76672363, 349.409576416, -11.1332759857, 95.847984314, -105.184867859, 8.45677661896, 113.15940094, -48.136051178, -19.7770652771, -41.7584533691, -52.9830665588], [-174.915023804, 8.77714538574, 349.409576416, 547.199829102, 85.9683761597, 14.5663337708, 52.8496742249, 15.1706228256, 73.9303512573, 37.2873687744, -21.1269836426, -6.69029808044, 25.1691150665], [432.087646484, 187.912963867, -11.1332759857, 85.9683761597, 359.210235596, 118.277519226, 118.766555786, 107.972450256, 40.3837356567, 54.2488212585, 18.3197879791, 23.8610973358, 39.6542892456], [553.985534668, 27.35105896, 95.847984314, 14.5663337708, 118.277519226, 298.152008057, 93.8979263306, 81.147064209, 56.1870727539, 5.39485359192, 45.0500183105, 12.7956295013, -19.669670105], [235.813842773, 221.352050781, -105.184867859, 52.8496742249, 118.766555786, 93.8979263306, 298.926544189, 59.0838394165, 5.02269792557, 51.6934928894, 53.707950592, -3.41173291206, -1.6716427803], [304.627441406, 34.8317642212, 8.45677661896, 15.1706228256, 107.972450256, 81.147064209, 59.0838394165, 180.958648682, 34.0446510315, 46.8783874512, 10.7423915863, 17.0581226349, 34.466129303], [-108.672187805, 82.0523452759, 113.15940094, 73.9303512573, 40.3837356567, 56.1870727539, 5.02269792557, 34.0446510315, 165.835327148, 7.73779582977, 23.1179847717, 16.8686752319, 22.0718326569], [157.756057739, 7.99543380737, -48.136051178, 37.2873687744, 54.2488212585, 5.39485359192, 51.6934928894, 46.8783874512, 7.73779582977, 122.814476013, 24.806268692, 20.519493103, 15.300863266], [-46.1098632812, 131.014862061, -19.7770652771, -21.1269836426, 18.3197879791, 45.0500183105, 53.707950592, 10.7423915863, 23.1179847717, 24.806268692, 107.278266907, 15.0093374252, 2.27664995193], [182.67868042, -34.8554000854, -41.7584533691, -6.69029808044, 23.8610973358, 12.7956295013, -3.41173291206, 17.0581226349, 16.8686752319, 20.519493103, 15.0093374252, 91.9132919312, 47.5416908264], [24.2401351929, 39.3720855713, -52.9830665588, 25.1691150665, 39.6542892456, -19.669670105, -1.6716427803, 34.466129303, 22.0718326569, 15.300863266, 2.27664995193, 47.5416908264, 109.434715271]], "icov": [[0.000244643189944, 0.000195144486497, 0.000204845200642, -2.39292367041e-05, -0.000189126250916, -0.000443963916041, -4.13141824538e-05, -0.000146587699419, 0.000155319052283, -7.49323589844e-05, 0.000175052453415, -0.000283182977, 0.000113083719043], [0.000195144486497, 0.00201736646704, -2.84657362499e-05, 0.000349422276486, -0.00111356156413, 0.000512370024808, -0.00124072027393, 0.000200829323148, -0.000685380364303, 0.000750167178921, -0.00192515808158, 0.00127884012181, -0.000931945920456], [0.000204845200642, -2.84657362499e-05, 0.00162665243261, -0.00106522126589, 9.89589461824e-05, -0.000940490106586, 0.000886258727405, -0.000491926562972, -0.000281640765024, 0.000390075030737, 0.000160998795764, -0.000109876986244, 0.00100762420334], [-2.39292367041e-05, 0.000349422276486, -0.00106522126589, 0.00294556864537, -0.000649229798, 0.000588189112023, -0.00116760761011, 0.000818405940663, -0.000900700164493, -0.000898859580047, 0.000641504011583, 0.000718092662282, -0.00126618635841], [-0.000189126250916, -0.00111356156413, 9.89589461824e-05, -0.000649229798, 0.00480837095529, -0.00126305257436, -0.00021561999165, -0.00133109674789, 0.000174309592694, -0.00104240828659, 0.00142211827915, -0.000622872903477, -0.000562074768823], [-0.000443963916041, 0.000512370024808, -0.000940490106586, 0.000588189112023, -0.00126305257436, 0.00654898025095, -0.00159160711337, -0.00132336572278, -0.00167500949465, 0.00189807161223, -0.00256035802886, -0.00021533149993, 0.00156989949755], [-4.13141824538e-05, -0.00124072027393, 0.000886258727405, -0.00116760761011, -0.00021561999165, -0.00159160711337, 0.00589686539024, -0.000786392076407, 0.00106183497701, -0.00127847876865, -0.00071866257349, 0.000163190677995, 0.00119161221664], [-0.000146587699419, 0.000200829323148, -0.000491926562972, 0.000818405940663, -0.00133109674789, -0.00132336572278, -0.000786392076407, 0.0085477149114, -0.000904072541744, -0.00248443987221, 0.000740881427191, 0.00124435080215, -0.00295208371244], [0.000155319052283, -0.000685380364303, -0.000281640765024, -0.000900700164493, 0.000174309592694, -0.00167500949465, 0.00106183497701, -0.000904072541744, 0.00807361118495, -0.000168183032656, -0.000595534045715, -0.00129484001081, -0.000810235913377], [-7.49323589844e-05, 0.000750167178921, 0.000390075030737, -0.000898859580047, -0.00104240828659, 0.00189807161223, -0.00127847876865, -0.00248443987221, -0.000168183032656, 0.0112694874406, -0.00317472033203, -0.00139064341784, 0.000752543273848], [0.000175052453415, -0.00192515808158, 0.000160998795764, 0.000641504011583, 0.00142211827915, -0.00256035802886, -0.00071866257349, 0.000740881427191, -0.000595534045715, -0.00317472033203, 0.0143072232604, -0.00317608052865, 0.00101056916174], [-0.000283182977, 0.00127884012181, -0.000109876986244, 0.000718092662282, -0.000622872903477, -0.00021533149993, 0.000163190677995, 0.00124435080215, -0.00129484001081, -0.00139064341784, -0.00317608052865, 0.0169185679406, -0.00764640048146], [0.000113083719043, -0.000931945920456, 0.00100762420334, -0.00126618635841, -0.000562074768823, 0.00156989949755, 0.00119161221664, -0.00295208371244, -0.000810235913377, 0.000752543273848, 0.00101056916174, -0.00764640048146, 0.0150199607015]]}, "melbands": {"dmean": [0.0009613596485, 0.00146236713044, 0.000770823098719, 0.00108094606549, 0.000280049920548, 0.000192445877474, 9.36959331739e-05, 8.06635725894e-05, 6.89048538334e-05, 0.00012474952382, 0.00012268514547, 0.000106976600364, 7.25859499653e-05, 7.14394554961e-05, 6.16526667727e-05, 5.21103065694e-05, 3.02211556118e-05, 4.47319143859e-05, 1.93240612134e-05, 3.19249411405e-05, 1.27829916892e-05, 8.55285998114e-06, 4.64457343696e-06, 3.6500744045e-06, 3.33886623594e-06, 3.02710031974e-06, 2.98063332593e-06, 1.92819538825e-06, 1.38217262702e-06, 1.06308402792e-06, 8.12130565464e-07, 6.42507075099e-07, 5.21350443705e-07, 7.72194027832e-07, 6.01829697189e-07, 4.24170963242e-07, 3.56644363819e-07, 3.58643347909e-07, 3.88753278457e-07, 3.4417789152e-07], "dmean2": [0.00145080452785, 0.00227285735309, 0.00122045760509, 0.00182789913379, 0.000435642432421, 0.000304279616103, 0.000149693791172, 0.000122979632579, 0.000102713063825, 0.000193767424207, 0.000185295313713, 0.000157934497111, 0.00010233908688, 0.000109360174974, 9.26733482629e-05, 8.04704832262e-05, 4.56275229226e-05, 7.12194741936e-05, 3.09205679514e-05, 5.1333772717e-05, 1.99770856852e-05, 1.35343880174e-05, 7.3427991083e-06, 5.74982141188e-06, 5.10402469445e-06, 4.70872146252e-06, 4.61114314021e-06, 2.93324114864e-06, 2.06539266401e-06, 1.65532355823e-06, 1.24925918499e-06, 9.99908024824e-07, 8.01548367235e-07, 1.31737488118e-06, 1.00895988453e-06, 6.81946175973e-07, 5.79058678341e-07, 5.7188685787e-07, 6.532497423e-07, 6.02045929554e-07], "dvar": [4.85487453261e-06, 8.43436555442e-06, 1.77210915808e-06, 5.41589088243e-06, 1.91363596969e-07, 1.96339598801e-07, 4.47715322593e-08, 1.98971736864e-08, 2.52897525144e-08, 9.04891876985e-08, 7.43050065921e-08, 1.01701104427e-07, 4.03086097833e-08, 3.54815092862e-08, 3.79136828599e-08, 3.13368637705e-08, 1.13474039054e-08, 3.80799569655e-08, 1.18722249809e-08, 8.7253466674e-09, 1.93788407543e-09, 1.00179053941e-09, 1.04207475982e-10, 5.0678582858e-11, 1.09492588607e-10, 6.40251185402e-11, 5.41947355048e-11, 2.98698461798e-11, 1.23439990868e-11, 7.36917384753e-12, 3.95859473673e-12, 2.27570544874e-12, 1.27918173016e-12, 1.93244010203e-12, 1.18835377736e-12, 5.34992352069e-13, 5.58701034655e-13, 1.16187560874e-12, 7.74666572209e-13, 4.89551270615e-13], "dvar2": [1.10351029434e-05, 2.09388126677e-05, 4.2549581849e-06, 1.45775275087e-05, 4.61361452153e-07, 4.41857395117e-07, 1.16613648515e-07, 4.68317367108e-08, 5.6959482464e-08, 2.22179565412e-07, 1.70494246277e-07, 2.357638067e-07, 7.65881154052e-08, 9.02444483586e-08, 8.54463735322e-08, 7.04168812149e-08, 2.52010465829e-08, 8.85932109895e-08, 3.00260332153e-08, 2.27291501176e-08, 3.68839292442e-09, 2.09837813792e-09, 2.42659614624e-10, 1.1342825984e-10, 2.48668030611e-10, 1.49184914422e-10, 1.28857327586e-10, 6.46629763623e-11, 2.79514623253e-11, 1.81334756238e-11, 8.62018095793e-12, 5.41698803869e-12, 2.94795828373e-12, 5.14922262815e-12, 3.05777061657e-12, 1.28860637438e-12, 1.40706207536e-12, 2.92764402131e-12, 2.03058598582e-12, 1.35510222835e-12], "max": [0.0231357943267, 0.0310684572905, 0.0157814845443, 0.0220207404345, 0.00747391674668, 0.0115013709292, 0.00565141811967, 0.00311158131808, 0.00289575755596, 0.0081896064803, 0.00747728953138, 0.00887721404433, 0.00927881430835, 0.00396565301344, 0.00488898111507, 0.00539629999548, 0.00319308717735, 0.00660953531042, 0.00524798361585, 0.00208905735053, 0.00167968228925, 0.00165514752734, 0.000263924594037, 0.000188360747416, 0.000496691325679, 0.000256103376159, 0.000250436540227, 0.00027991598472, 9.86608574749e-05, 4.17716109951e-05, 8.3911108959e-05, 3.82598955184e-05, 1.99790338229e-05, 2.01104321604e-05, 1.21414504974e-05, 1.15527209346e-05, 2.43283939199e-05, 7.07075669197e-05, 3.22090054397e-05, 6.88224145051e-06], "mean": [0.00131400197279, 0.00223402539268, 0.0010238684481, 0.00105073535815, 0.00051746761892, 0.000342747021932, 0.000157498419867, 0.000144306774018, 0.000132362605655, 0.00025975209428, 0.000258450541878, 0.000226977019338, 0.000172929125256, 0.000162682801601, 0.000107848063635, 9.64472565101e-05, 5.18946071679e-05, 7.31287291273e-05, 2.83349800156e-05, 5.79105762881e-05, 2.08254368772e-05, 1.59007613547e-05, 9.3557209766e-06, 7.47177091398e-06, 6.51008213026e-06, 5.71452756049e-06, 5.75843387196e-06, 3.72497879653e-06, 2.71120825346e-06, 1.59793194143e-06, 1.32293598654e-06, 9.24727430629e-07, 7.92294144958e-07, 9.00855013697e-07, 6.9375636258e-07, 5.12761971549e-07, 4.27869082387e-07, 4.12676456563e-07, 3.86949579934e-07, 3.13293156751e-07], "median": [0.000166555400938, 0.000338989222655, 0.000328205322148, 0.000323784304783, 0.000310023315251, 0.000157319038408, 9.04297485249e-05, 7.66251832829e-05, 4.60913579445e-05, 6.59498764435e-05, 5.77041137149e-05, 3.90972090827e-05, 3.01094769384e-05, 2.48010583164e-05, 1.78218942892e-05, 9.79538526735e-06, 1.00728348116e-05, 1.17232539196e-05, 4.39336372438e-06, 5.39745724382e-06, 5.0826356528e-06, 4.22516040999e-06, 3.04433251586e-06, 2.61135710389e-06, 1.78057382527e-06, 1.66136624102e-06, 1.41337477544e-06, 8.62898900778e-07, 6.57164491713e-07, 4.59313071133e-07, 3.98152280923e-07, 3.01797030033e-07, 2.63703697101e-07, 2.74683088719e-07, 1.95369693756e-07, 1.47993716837e-07, 1.31744556597e-07, 1.23411069808e-07, 1.09413726079e-07, 7.78218307573e-08], "min": [2.5229215478e-18, 2.0907085108e-18, 1.40730667457e-18, 7.22280152208e-19, 2.177042954e-19, 2.70770141818e-20, 4.32737211012e-20, 7.90672349983e-20, 4.19813741787e-20, 1.30850974086e-20, 5.30449213339e-20, 5.83854061637e-20, 5.04982325607e-20, 3.00468859715e-19, 6.66695993189e-19, 5.73245004992e-19, 1.8280346448e-19, 8.20691639141e-20, 3.93137283354e-19, 6.95750660506e-19, 2.58486548496e-19, 4.88048839869e-20, 2.46967980918e-19, 7.66683982972e-19, 5.20099891406e-19, 6.53381073664e-19, 1.35329475325e-19, 3.61531746124e-19, 4.72400986673e-19, 3.61593215984e-19, 4.6078918033e-19, 1.42221311544e-19, 6.99196436444e-19, 9.89355885691e-19, 1.35810183583e-19, 1.99490876911e-19, 2.8332812646e-19, 4.1432486851e-19, 5.35303729559e-19, 4.64676515619e-19], "var": [7.00453210811e-06, 1.41212149174e-05, 2.26917723012e-06, 4.65602897748e-06, 4.15758734107e-07, 4.32788198168e-07, 5.85256465513e-08, 4.16826431149e-08, 5.81995003301e-08, 2.27939182196e-07, 2.75994608501e-07, 3.03939032165e-07, 1.33517332301e-07, 1.25657820149e-07, 8.05088475886e-08, 7.08165757146e-08, 1.94385432195e-08, 5.68099380871e-08, 1.19434675483e-08, 2.59878323305e-08, 4.41921921279e-09, 2.57393484304e-09, 2.79606643394e-10, 1.62391794456e-10, 4.06945865894e-10, 1.47411888252e-10, 1.41532618958e-10, 8.12034398057e-11, 4.58559475114e-11, 1.16484729848e-11, 9.71474636846e-12, 3.69498528996e-12, 2.20421727745e-12, 2.33444188459e-12, 1.4431917033e-12, 7.48950977191e-13, 6.44558028912e-13, 1.11901427794e-12, 6.82605610491e-13, 3.72616786601e-13]}, "mfcc": {"mean": [-676.550048828, 142.144485474, 2.92767000198, 13.7688426971, 2.69081306458, 2.14580583572, 0.961198329926, 2.1485388279, -3.06204390526, -1.66708374023, -6.16718387604, -5.6939163208, -3.28353953362], "cov": [[7156.55517578, -454.846588135, -1173.49975586, -333.462524414, -25.0109481812, 226.871047974, 364.388000488, 282.808502197, 159.802734375, 93.0699539185, 6.34916543961, -11.7594938278, 171.317504883], [-454.846588135, 881.780944824, -160.580718994, -29.854429245, 11.306637764, 13.9526062012, 150.770751953, 71.637588501, 22.1840553284, 49.0518493652, 83.919128418, 46.5662612915, 41.0699768066], [-1173.49975586, -160.580718994, 1044.05065918, 153.754623413, 209.877288818, 70.6537704468, -112.497848511, 10.6967334747, 15.02754879, -11.4659576416, 38.1118087769, 60.9523582458, -37.670917511], [-333.462524414, -29.854429245, 153.754623413, 500.993652344, 61.8038139343, 68.5888824463, 31.258102417, -28.1979026794, 98.3879776001, 3.52223730087, -5.40084218979, 57.9123039246, 22.3169174194], [-25.0109481812, 11.306637764, 209.877288818, 61.8038139343, 324.815643311, 53.2696418762, -15.6449050903, 60.250213623, 76.6267242432, 32.8008384705, -10.2219572067, 32.340965271, 41.6943092346], [226.871047974, 13.9526062012, 70.6537704468, 68.5888824463, 53.2696418762, 198.314712524, 79.0299224854, 63.4704933167, 34.3244628906, 27.609834671, 62.126083374, 22.3871669769, 11.8394956589], [364.388000488, 150.770751953, -112.497848511, 31.258102417, -15.6449050903, 79.0299224854, 263.907470703, 74.1364440918, 35.146938324, 51.3691825867, 71.7398605347, 21.1374378204, 21.7501754761], [282.808502197, 71.637588501, 10.6967334747, -28.1979026794, 60.250213623, 63.4704933167, 74.1364440918, 153.12437439, 54.1663665771, 36.7397613525, 33.2201538086, 18.9222507477, 34.2424354553], [159.802734375, 22.1840553284, 15.02754879, 98.3879776001, 76.6267242432, 34.3244628906, 35.146938324, 54.1663665771, 166.715362549, 36.4829216003, -9.28970813751, 35.4243278503, 41.9761238098], [93.0699539185, 49.0518493652, -11.4659576416, 3.52223730087, 32.8008384705, 27.609834671, 51.3691825867, 36.7397613525, 36.4829216003, 111.441390991, 48.535949707, 6.09393358231, 16.2879142761], [6.34916543961, 83.919128418, 38.1118087769, -5.40084218979, -10.2219572067, 62.126083374, 71.7398605347, 33.2201538086, -9.28970813751, 48.535949707, 141.674911499, 31.8446350098, -8.24089717865], [-11.7594938278, 46.5662612915, 60.9523582458, 57.9123039246, 32.340965271, 22.3871669769, 21.1374378204, 18.9222507477, 35.4243278503, 6.09393358231, 31.8446350098, 92.302947998, 36.8767547607], [171.317504883, 41.0699768066, -37.670917511, 22.3169174194, 41.6943092346, 11.8394956589, 21.7501754761, 34.2424354553, 41.9761238098, 16.2879142761, -8.24089717865, 36.8767547607, 96.8840103149]], "icov": [[0.00025200546952, 0.000269837008091, 0.000314100150717, 0.000180537943379, -8.77213460626e-05, -0.000257285835687, -0.000220444446313, -0.00024606968509, -0.000128518993733, 3.33958487317e-05, 2.44257607847e-05, -0.000121944307466, -0.000175244931597], [0.000269837008091, 0.00166401092429, 0.000538671272807, 0.000234342136537, -0.000300838175463, 0.000149032639456, -0.00079499516869, -0.000541707500815, -4.5257871534e-05, 4.92327271786e-05, -0.000602585729212, -0.000577205675654, -0.000366100954125], [0.000314100150717, 0.000538671272807, 0.00180999352597, -0.000134804067784, -0.000995668466203, -0.00051897886442, 0.000407765561249, -0.000631489383522, 0.000164728422533, 0.000239847169723, -0.000512350758072, -0.0010630695615, 0.000823979382403], [0.000180537943379, 0.000234342136537, -0.000134804067784, 0.00297396234237, -6.23111627647e-05, -0.00116831646301, -0.000755767745432, 0.00162035995163, -0.00175020948518, 0.000154057677719, 0.000611604365986, -0.00121916248463, -0.000141010212246], [-8.77213460626e-05, -0.000300838175463, -0.000995668466203, -6.23111627647e-05, 0.0045900917612, -0.000722714292351, 0.000731699343305, -0.000899129605386, -0.000948237080593, -0.00117987731937, 0.00125023315195, -0.000148406077642, -0.00105163932312], [-0.000257285835687, 0.000149032639456, -0.00051897886442, -0.00116831646301, -0.000722714292351, 0.00786401238292, -0.00110315938946, -0.00186369672883, -1.17139406939e-05, 0.000763517455198, -0.0029583722353, 0.000928147754166, -1.27260327645e-05], [-0.000220444446313, -0.00079499516869, 0.000407765561249, -0.000755767745432, 0.000731699343305, -0.00110315938946, 0.00627575768158, -0.00168207497336, -7.83557043178e-05, -0.000979730160907, -0.0015928162029, 0.000105946513941, 8.78372957231e-05], [-0.00024606968509, -0.000541707500815, -0.000631489383522, 0.00162035995163, -0.000899129605386, -0.00186369672883, -0.00168207497336, 0.0110608926043, -0.00261741224676, -0.000400046061259, -0.000704361067619, 0.000580275373068, -0.00195055338554], [-0.000128518993733, -4.5257871534e-05, 0.000164728422533, -0.00175020948518, -0.000948237080593, -1.17139406939e-05, -7.83557043178e-05, -0.00261741224676, 0.00985764805228, -0.00275825359859, 0.00259830034338, -0.00236422824673, -0.000620490929577], [3.33958487317e-05, 4.92327271786e-05, 0.000239847169723, 0.000154057677719, -0.00117987731937, 0.000763517455198, -0.000979730160907, -0.000400046061259, -0.00275825359859, 0.0130252484232, -0.00535529106855, 0.00304680480622, -0.00185629969928], [2.44257607847e-05, -0.000602585729212, -0.000512350758072, 0.000611604365986, 0.00125023315195, -0.0029583722353, -0.0015928162029, -0.000704361067619, 0.00259830034338, -0.00535529106855, 0.0133770219982, -0.00553537951782, 0.00332150072791], [-0.000121944307466, -0.000577205675654, -0.0010630695615, -0.00121916248463, -0.000148406077642, 0.000928147754166, 0.000105946513941, 0.000580275373068, -0.00236422824673, 0.00304680480622, -0.00553537951782, 0.0175012107939, -0.00657081278041], [-0.000175244931597, -0.000366100954125, 0.000823979382403, -0.000141010212246, -0.00105163932312, -1.27260327645e-05, 8.78372957231e-05, -0.00195055338554, -0.000620490929577, -0.00185629969928, 0.00332150072791, -0.00657081278041, 0.0156278423965]]}, "spectral_contrast_coeffs": {"dmean": [0.0612265616655, 0.0459907203913, 0.0388086736202, 0.0356524959207, 0.023868361488, 0.0203478019685], "dmean2": [0.0961737036705, 0.0736104846001, 0.0609153732657, 0.0555847100914, 0.0375903956592, 0.0305999200791], "dvar": [0.00273620919324, 0.00144341471605, 0.00103183533065, 0.000978755997494, 0.000443264580099, 0.000332836032612], "dvar2": [0.00656553450972, 0.00354083441198, 0.00236414698884, 0.00210250727832, 0.000992889283225, 0.000722265336663], "max": [-0.28756532073, -0.425552964211, -0.395025551319, -0.487562984228, -0.573006689548, -0.566549599171], "mean": [-0.603718101978, -0.728023350239, -0.715602040291, -0.736527323723, -0.780264496803, -0.78476691246], "median": [-0.609729886055, -0.731969118118, -0.727899432182, -0.743653059006, -0.787270545959, -0.789445519447], "min": [-0.970179498196, -0.95668399334, -0.976788878441, -0.946207165718, -0.956380307674, -0.959300518036], "var": [0.00761498650536, 0.00462136277929, 0.0085388822481, 0.00770469382405, 0.00326761906035, 0.00187930872198]}, "spectral_contrast_valleys": {"dmean": [0.46709215641, 0.386994898319, 0.348889112473, 0.37662923336, 0.346218675375, 0.492858141661], "dmean2": [0.713350653648, 0.605803966522, 0.533181071281, 0.552759408951, 0.493480026722, 0.674897491932], "dvar": [0.219768360257, 0.176098302007, 0.143565401435, 0.184073805809, 0.176831454039, 0.300691336393], "dvar2": [0.392012327909, 0.324361920357, 0.243299499154, 0.297250032425, 0.286133021116, 0.593599021435], "