{"lowlevel": {"average_loudness": 0.823487401009, "barkbands_crest": {"dmean": 1.76457476616, "dmean2": 2.88760018349, "dvar": 2.53507089615, "dvar2": 7.42850589752, "max": 22.6893482208, "mean": 9.41191482544, "median": 8.78816986084, "min": 3.61275315285, "var": 9.51327037811}, "barkbands_flatness_db": {"dmean": 0.0157043747604, "dmean2": 0.0247770082206, "dvar": 0.000221482478082, "dvar2": 0.00051314686425, "max": 0.348183095455, "mean": 0.182207584381, "median": 0.174735978246, "min": 0.0527943708003, "var": 0.00230990350246}, "barkbands_kurtosis": {"dmean": 1.44198405743, "dmean2": 2.34952282906, "dvar": 2.29527115822, "dvar2": 6.22918128967, "max": 29.7078475952, "mean": 2.37680983543, "median": 1.9202234745, "min": -1.7267229557, "var": 6.9430346489}, "barkbands_skewness": {"dmean": 0.32060354948, "dmean2": 0.505112051964, "dvar": 0.079519495368, "dvar2": 0.202599987388, "max": 4.48234891891, "mean": 1.27578604221, "median": 1.31253838539, "min": -2.11908769608, "var": 0.506749391556}, "barkbands_spread": {"dmean": 2.80705356598, "dmean2": 4.50763130188, "dvar": 9.5526971817, "dvar2": 23.8525333405, "max": 53.0792694092, "mean": 13.8091440201, "median": 12.5527172089, "min": 3.56165862083, "var": 45.7966041565}, "dissonance": {"dmean": 0.0230809543282, "dmean2": 0.0392060242593, "dvar": 0.000447258731583, "dvar2": 0.00125629210379, "max": 0.499999970198, "mean": 0.451848417521, "median": 0.456696331501, "min": 0.271012157202, "var": 0.000891264877282}, "dynamic_complexity": 5.03435754776, "erbbands_crest": {"dmean": 2.30165600777, "dmean2": 3.69372200966, "dvar": 4.055580616, "dvar2": 10.4384126663, "max": 29.1219902039, "mean": 9.85361766815, "median": 8.79340267181, "min": 2.75948476791, "var": 19.5148925781}, "erbbands_flatness_db": {"dmean": 0.0136532634497, "dmean2": 0.0205527823418, "dvar": 0.000191021666978, "dvar2": 0.000409275700804, "max": 0.409706443548, "mean": 0.21227888763, "median": 0.199186295271, "min": 0.0827633887529, "var": 0.00323519017547}, "erbbands_kurtosis": {"dmean": 0.609719932079, "dmean2": 0.958808422089, "dvar": 0.437102168798, "dvar2": 1.0164347887, "max": 23.7264709473, "mean": 0.096497580409, "median": -0.254774808884, "min": -1.71712934971, "var": 2.75039982796}, "erbbands_skewness": {"dmean": 0.308438718319, "dmean2": 0.485489070415, "dvar": 0.0643969774246, "dvar2": 0.161558553576, "max": 2.95961070061, "mean": 0.444106668234, "median": 0.432357609272, "min": -1.45836186409, "var": 0.266509592533}, "erbbands_spread": {"dmean": 4.42103099823, "dmean2": 6.84306049347, "dvar": 22.3304328918, "dvar2": 55.1055221558, "max": 83.9919815063, "mean": 26.6369228363, "median": 26.0630302429, "min": 5.18369007111, "var": 93.3559341431}, "hfc": {"dmean": 4.25140190125, "dmean2": 6.84993219376, "dvar": 90.0981063843, "dvar2": 231.503005981, "max": 220.638778687, "mean": 15.8034486771, "median": 15.8491764069, "min": 1.10686341402e-16, "var": 168.328414917}, "melbands_crest": {"dmean": 2.08918905258, "dmean2": 3.44754171371, "dvar": 3.943785429, "dvar2": 11.9752407074, "max": 27.6732063293, "mean": 11.592256546, "median": 10.9517965317, "min": 1.70088148117, "var": 13.3647527695}, "melbands_flatness_db": {"dmean": 0.0163595229387, "dmean2": 0.0260312706232, "dvar": 0.00028670442407, "dvar2": 0.000673233007547, "max": 0.465899080038, "mean": 0.239491447806, "median": 0.239316910505, "min": 0.00446229428053, "var": 0.00254215649329}, "melbands_kurtosis": {"dmean": 2.46932601929, "dmean2": 3.94441962242, "dvar": 8.44298839569, "dvar2": 22.4969539642, "max": 53.7258605957, "mean": 5.89741659164, "median": 5.16202068329, "min": -1.68842685223, "var": 25.253780365}, "melbands_skewness": {"dmean": 0.354889035225, "dmean2": 0.551998376846, "dvar": 0.106400370598, "dvar2": 0.274989247322, "max": 5.5709643364, "mean": 1.83161389828, "median": 1.85777950287, "min": -0.938835501671, "var": 0.662629306316}, "melbands_spread": {"dmean": 3.62823104858, "dmean2": 5.7764081955, "dvar": 21.1074790955, "dvar2": 48.5602874756, "max": 160.400268555, "mean": 16.8946170807, "median": 14.693564415, "min": 2.96273851395, "var": 158.220687866}, "pitch_salience": {"dmean": 0.0485232174397, "dmean2": 0.0795480906963, "dvar": 0.0017261672765, "dvar2": 0.00477890949696, "max": 0.852156102657, "mean": 0.562094867229, "median": 0.566821038723, "min": 0.25138387084, "var": 0.00869469717145}, "silence_rate_20dB": {"dmean": 0, "dmean2": 0, "dvar": 0, "dvar2": 0, "max": 1, "mean": 1, "median": 1, "min": 1, "var": 0}, "silence_rate_30dB": {"dmean": 0.00769585976377, "dmean2": 0.0153940888122, "dvar": 0.00763721950352, "dvar2": 0.0203916914761, "max": 1, "mean": 0.994767606258, "median": 1, "min": 0, "var": 0.00520474417135}, "silence_rate_60dB": {"dmean": 0.00338617828675, "dmean2": 0.00677339918911, "dvar": 0.00337469135411, "dvar2": 0.00734319258481, "max": 1, "mean": 0.234841495752, "median": 0, "min": 0, "var": 0.179709106684}, "spectral_centroid": {"dmean": 138.703720093, "dmean2": 222.977844238, "dvar": 41467.0351562, "dvar2": 78761.3515625, "max": 11686.8623047, "mean": 970.696777344, "median": 811.846008301, "min": 295.148132324, "var": 834655.1875}, "spectral_complexity": {"dmean": 2.10958909988, "dmean2": 3.44304180145, "dvar": 5.31248903275, "dvar2": 12.8330755234, "max": 44, "mean": 16.3108654022, "median": 18, "min": 0, "var": 55.7622299194}, "spectral_decrease": {"dmean": 1.72219671857e-09, "dmean2": 2.8582094469e-09, "dvar": 6.3846613868e-18, "dvar2": 1.66216368895e-17, "max": 5.63550331891e-20, "mean": -7.64060548164e-09, "median": -7.93245202857e-09, "min": -4.69598688824e-08, "var": 3.08499954215e-17}, "spectral_energy": {"dmean": 0.00682196905836, "dmean2": 0.0112981488928, "dvar": 9.99317853712e-05, "dvar2": 0.000259124906734, "max": 0.183366835117, "mean": 0.0302708093077, "median": 0.0315244570374, "min": 1.01171814487e-20, "var": 0.000479946640553}, "spectral_energyband_high": {"dmean": 0.000169298582477, "dmean2": 0.000285640882794, "dvar": 4.4690074219e-07, "dvar2": 1.20519621305e-06, "max": 0.0169789716601, "mean": 0.000221835274715, "median": 8.74820252648e-05, "min": 7.00769078041e-21, "var": 3.60608538585e-07}, "spectral_energyband_low": {"dmean": 0.00202360795811, "dmean2": 0.00336343306117, "dvar": 3.1525400118e-05, "dvar2": 8.58690254972e-05, "max": 0.104968965054, "mean": 0.00692031346262, "median": 0.00405627209693, "min": 1.78183956967e-23, "var": 8.08525292086e-05}, "spectral_energyband_middle_high": {"dmean": 0.00152989348862, "dmean2": 0.0023300293833, "dvar": 6.40495591142e-06, "dvar2": 1.52731809067e-05, "max": 0.04761518538, "mean": 0.0049025984481, "median": 0.00445115054026, "min": 1.24920842361e-21, "var": 1.7067315639e-05}, "spectral_energyband_middle_low": {"dmean": 0.00538602704182, "dmean2": 0.00907178130001, "dvar": 4.93637417094e-05, "dvar2": 0.000137158873258, "max": 0.0978385657072, "mean": 0.0190596971661, "median": 0.0192645639181, "min": 1.99496776126e-22, "var": 0.000207306569791}, "spectral_entropy": {"dmean": 0.127920731902, "dmean2": 0.200182929635, "dvar": 0.0173970870674, "dvar2": 0.038432855159, "max": 9.81736660004, "mean": 6.99853849411, "median": 6.99270486832, "min": 5.52268886566, "var": 0.222289651632}, "spectral_flux": {"dmean": 0.0140163423494, "dmean2": 0.0221647284925, "dvar": 0.000306891597575, "dvar2": 0.000673407339491, "max": 0.284220337868, "mean": 0.0627407133579, "median": 0.0644142180681, "min": 6.42148140217e-11, "var": 0.00163332279772}, "spectral_kurtosis": {"dmean": 3.50904917717, "dmean2": 6.041888237, "dvar": 22.2331771851, "dvar2": 67.1765289307, "max": 117.530677795, "mean": 9.80608081818, "median": 7.63907766342, "min": -1.26233541965, "var": 92.3309402466}, "spectral_rms": {"dmean": 0.000524917209987, "dmean2": 0.000859710678924, "dvar": 4.02297473556e-07, "dvar2": 1.04584501059e-06, "max": 0.0133751444519, "mean": 0.00483985710889, "median": 0.00554577028379, "min": 3.14172255919e-12, "var": 6.10827464698e-06}, "spectral_rolloff": {"dmean": 249.661636353, "dmean2": 434.349609375, "dvar": 169947.65625, "dvar2": 358865.15625, "max": 19444.4824219, "mean": 1445.95263672, "median": 1033.59375, "min": 150.732421875, "var": 6544949}, "spectral_skewness": {"dmean": 0.317467331886, "dmean2": 0.534432888031, "dvar": 0.111476920545, "dvar2": 0.323441892862, "max": 8.63350963593, "mean": 2.1549975872, "median": 2.0391972065, "min": -0.0794592946768, "var": 0.586961388588}, "spectral_spread": {"dmean": 331154.375, "dmean2": 524287.53125, "dvar": 554465230848, "dvar2": 999073710080, "max": 43382412, "mean": 3366677.5, "median": 2840994.25, "min": 713533.4375, "var": 11699366133800.0}, "spectral_strongpeak": {"dmean": 0.402540504932, "dmean2": 0.70125490427, "dvar": 0.385904222727, "dvar2": 1.01323640347, "max": 8.90501022339, "mean": 0.867040455341, "median": 0.700104236603, "min": 0, "var": 0.531961083412}, "zerocrossingrate": {"dmean": 0.00520673021674, "dmean2": 0.00703557953238, "dvar": 5.69518524571e-05, "dvar2": 8.09720440884e-05, "max": 0.525390625, "mean": 0.051186721772, "median": 0.0380859375, "min": 0.009765625, "var": 0.00390162481926}, "barkbands": {"dmean": [1.57982522069e-05, 0.000996821559966, 0.00113961100578, 0.000578046950977, 0.00273645715788, 0.00297321588732, 0.000748019723687, 0.00121980649419, 0.000227457087021, 0.000364466861356, 0.000775665335823, 0.000119601514598, 0.000609364476986, 0.000222517817747, 0.000196567823878, 0.000322442734614, 0.00013171278988, 0.000184613847523, 6.65935731377e-05, 5.74803270865e-05, 4.52749191027e-05, 6.02499967499e-05, 9.75614693743e-06, 3.05500543618e-05, 8.47878345667e-06, 5.49279366169e-06, 6.12284793533e-07], "dmean2": [2.50967004831e-05, 0.00166420836467, 0.00191260885913, 0.000963505997788, 0.00438842596486, 0.00541076716036, 0.00118182227015, 0.0018350261962, 0.000343395280652, 0.000511992897373, 0.00105114595499, 0.000188898760825, 0.0010443875799, 0.000355291937012, 0.000316352176014, 0.000525997602381, 0.000217952969251, 0.000316875753924, 0.000114803558972, 9.83325298876e-05, 7.91792481323e-05, 0.000101839352283, 1.62881078722e-05, 5.08381708642e-05, 1.44005307448e-05, 9.4536017059e-06, 1.12315785827e-06], "dvar": [9.71552949203e-10, 6.91760078553e-06, 1.11294812086e-05, 2.38010375142e-06, 1.95926550077e-05, 1.61041079991e-05, 1.61598381965e-06, 3.62756668437e-06, 1.54903744942e-07, 3.39685186646e-07, 1.31212505039e-06, 4.45140102556e-08, 5.46716023564e-07, 1.27346950762e-07, 2.0466309536e-07, 2.66836366336e-07, 5.58510606652e-08, 1.28879003114e-06, 1.24749002239e-08, 3.36606831297e-08, 1.04401507883e-07, 8.20358891929e-08, 2.33118235826e-09, 1.85439574807e-08, 1.65277580511e-09, 6.74474753826e-10, 2.29817918168e-11], "dvar2": [2.35838526486e-09, 1.9029570467e-05, 3.0736788176e-05, 6.09863673162e-06, 5.38772801519e-05, 5.40037617611e-05, 3.85721477869e-06, 8.24278322398e-06, 3.69678048173e-07, 7.09886933237e-07, 2.49629465543e-06, 1.05271411144e-07, 1.56434839482e-06, 3.06626844804e-07, 4.91346725084e-07, 6.92333401275e-07, 1.37366896524e-07, 3.47859827343e-06, 3.51219000549e-08, 8.99695606904e-08, 2.89061119929e-07, 2.12895230334e-07, 6.39094288601e-09, 4.645870888e-08, 4.51349757569e-09, 1.87283766273e-09, 6.64296881392e-11], "max": [0.000656753894873, 0.0563725009561, 0.0597276464105, 0.0383717045188, 0.0744928568602, 0.0492945127189, 0.0299247037619, 0.0346511043608, 0.0072295893915, 0.0109663745388, 0.021747469902, 0.00430434150621, 0.00674393307418, 0.00498829688877, 0.0153326550499, 0.010001918301, 0.0052519114688, 0.0256360378116, 0.00225203903392, 0.0037941171322, 0.010261323303, 0.0056760427542, 0.00123664049897, 0.00334637658671, 0.000681424338836, 0.000588341732509, 0.000161143849255], "mean": [3.71801179426e-05, 0.00362615706399, 0.0026760273613, 0.0011835207697, 0.00754485884681, 0.00519499648362, 0.00181217142381, 0.00225023087114, 0.000505578645971, 0.000790078018326, 0.00159658864141, 0.000239922039327, 0.000826747913379, 0.000366293272236, 0.000352122297045, 0.000457586895209, 0.000212999861105, 0.000201561037102, 0.000128084531752, 8.14719605842e-05, 5.37872292625e-05, 6.98995572748e-05, 1.31093256641e-05, 3.63283943443e-05, 8.45455269882e-06, 4.69973701911e-06, 3.91051599991e-07], "median": [1.40609627124e-05, 0.00207699136809, 0.000827884417959, 0.000516544794664, 0.00591430813074, 0.00388899003156, 0.00109870219603, 0.0012277837377, 0.000352618109901, 0.000481272290926, 0.000826354254968, 0.000165764577105, 0.000531179597601, 0.000205721677048, 0.000181790441275, 0.000309627270326, 0.00012925505871, 7.83565410529e-05, 9.14293777896e-05, 4.23420933657e-05, 2.40831104747e-05, 1.15678822112e-05, 5.00229634781e-06, 3.84660597774e-06, 1.64049333762e-06, 8.03784246273e-07, 4.42468328643e-09], "min": [9.8112336694e-25, 2.35281374021e-24, 7.24388289513e-25, 1.527277311e-24, 1.65720727748e-23, 6.63414981895e-24, 1.35385681172e-23, 1.3990074234e-23, 1.73727618604e-23, 1.07865621627e-23, 1.79371539728e-23, 3.03127502114e-23, 3.58189078219e-23, 2.77167667445e-23, 4.3084010681e-23, 5.93746005299e-23, 5.46809096982e-23, 1.02814879728e-22, 1.49745742215e-22, 2.07547297302e-22, 2.17631628108e-22, 2.82219267624e-22, 3.25883110003e-22, 5.08971238513e-22, 1.03465734151e-21, 1.42283426023e-21, 2.06974402531e-21], "var": [3.4670293303e-09, 2.39487799263e-05, 2.43387239607e-05, 5.46681485503e-06, 6.04237502557e-05, 2.89495092147e-05, 6.27236158834e-06, 9.42705355556e-06, 3.42439705037e-07, 9.11049085062e-07, 3.97076746594e-06, 8.27491959399e-08, 8.57418001488e-07, 2.41598513639e-07, 4.305528023e-07, 3.53878363057e-07, 8.76140973105e-08, 9.02861472696e-07, 2.11019592911e-08, 2.94453652572e-08, 6.78489087136e-08, 8.55736459471e-08, 1.9763630732e-09, 2.03436734125e-08, 1.22669796543e-09, 4.45426667772e-10, 1.32160558539e-11]}, "erbbands": {"dmean": [0.0157676693052, 0.278946369886, 1.27280139923, 1.39108920097, 4.41900444031, 11.0747909546, 13.771147728, 32.5311279297, 8.10918998718, 31.8041820526, 10.4265632629, 5.72983121872, 13.0286722183, 6.71050596237, 35.5570678711, 8.5119972229, 27.4702987671, 11.6554021835, 5.51562547684, 16.0190296173, 11.1199808121, 6.84531784058, 9.63369083405, 6.92507886887, 2.89588403702, 2.55914759636, 1.38295328617, 2.0114107132, 2.7632086277, 0.829709708691, 0.255604535341, 0.719566047192, 0.357474297285, 0.113600492477, 0.0503749661148, 0.0237249657512, 0.0111697996035, 0.00194475566968, 7.93488652562e-05, 9.21938135434e-06], "dmean2": [0.0258982833475, 0.465794444084, 2.17398834229, 2.22306585312, 7.88405418396, 17.5807170868, 22.8636646271, 59.1189079285, 11.6505155563, 50.0382537842, 16.0297718048, 8.57632541656, 17.9931774139, 9.83134174347, 48.3728065491, 13.5791931152, 46.9987335205, 18.5416603088, 8.7610912323, 25.6190853119, 18.1882915497, 11.348156929, 16.5941944122, 11.9572601318, 4.94607067108, 4.36549711227, 2.34222197533, 3.54381203651, 4.71541213989, 1.39310216904, 0.428469955921, 1.20730233192, 0.58799636364, 0.189912140369, 0.0853092223406, 0.041947375983, 0.0189625080675, 0.00332481157966, 0.000140370786539, 1.52279935719e-05], "dvar": [0.0012996441219, 0.581540703773, 14.4405050278, 15.9259672165, 68.8234710693, 353.87197876, 417.254730225, 1952.80700684, 135.594924927, 2678.56860352, 269.326751709, 96.9520950317, 498.158752441, 120.106575012, 2786.06103516, 130.24647522, 1120.03344727, 341.490356445, 109.802078247, 941.938354492, 598.788757324, 207.697189331, 4024.58154297, 693.351806641, 31.9614944458, 78.9605178833, 16.9638004303, 272.918609619, 214.39604187, 11.7812452316, 0.850633740425, 11.6478796005, 2.32729625702, 0.321530789137, 0.0481256768107, 0.0167074538767, 0.00288223917596, 0.000114178510557, 3.39643264624e-07, 2.79992862229e-10], "dvar2": [0.00345532828942, 1.6257956028, 42.089756012, 36.9827766418, 204.430297852, 978.262878418, 1163.20056152, 6512.74853516, 283.692840576, 6828.82568359, 641.165893555, 225.7084198, 1048.8392334, 264.7784729, 5291.01855469, 310.708068848, 3189.67529297, 824.428466797, 242.94052124, 2271.14794922, 1561.53601074, 525.208190918, 10964.3408203, 1819.8449707, 87.4456710815, 208.547592163, 44.9561767578, 762.045043945, 567.956848145, 31.0034122467, 2.29763484001, 29.7465515137, 6.01632547379, 0.878100216389, 0.131791144609, 0.0476138480008, 0.00779836857691, 0.000318242789945, 9.73792566583e-07, 7.35737248903e-10], "max": [0.910457313061, 15.6919555664, 72.7659912109, 101.011741638, 125.55291748, 344.738952637, 333.688446045, 556.66595459, 228.93270874, 808.27355957, 399.268096924, 198.924301147, 430.097351074, 222.712402344, 1070.82312012, 223.488220215, 313.782928467, 264.334350586, 288.69732666, 1022.51696777, 613.678161621, 277.373382568, 1191.50524902, 748.876403809, 122.36114502, 223.533477783, 84.9751586914, 508.409301758, 338.898590088, 67.9887924194, 21.2066650391, 74.4549255371, 31.1436367035, 12.6364784241, 3.36337161064, 3.93314170837, 0.865619838238, 0.311672925949, 0.020229794085, 0.00038620037958], "mean": [0.0593477375805, 0.976789951324, 3.1135737896, 3.63831949234, 8.36556720734, 29.4879875183, 33.5219268799, 53.4890670776, 25.5195159912, 60.8822364807, 22.4282913208, 13.9531106949, 27.9782066345, 16.4751987457, 72.5872116089, 20.1927032471, 38.6356964111, 20.4154644012, 11.7378377914, 29.9604492188, 17.983997345, 11.0146837234, 10.5187921524, 10.2497653961, 5.30334091187, 3.83913087845, 2.23238825798, 2.02361488342, 3.0923743248, 1.04243505001, 0.355129867792, 0.880176067352, 0.409197717905, 0.119329951704, 0.0496822074056, 0.0204486437142, 0.00952822715044, 0.00149667600635, 6.93547481205e-05, 3.59728364856e-05], "median": [0.034331291914, 0.551951169968, 1.13337647915, 1.79647362232, 4.70958185196, 21.7917537689, 28.4659423828, 37.38230896, 19.7024154663, 31.6074924469, 15.0616970062, 10.4963130951, 16.1755809784, 11.8894271851, 37.4815368652, 17.0344047546, 25.6795845032, 13.2862663269, 7.02130031586, 19.4603538513, 12.3041219711, 6.315782547, 4.45072078705, 6.1469335556, 3.52770185471, 2.22808122635, 1.32308757305, 0.737920045853, 0.436135470867, 0.280992746353, 0.150950878859, 0.0942617058754, 0.049812015146, 0.0243437346071, 0.00921460427344, 0.00458448193967, 0.00129273289349, 0.000114646129077, 1.97310546355e-05, 3.66550520994e-05], "min": [4.51312782794e-23, 5.57977903274e-22, 2.39438737413e-21, 1.04608022917e-20, 7.99637759977e-21, 4.42833984364e-20, 6.29813638187e-20, 9.42501545288e-20, 9.56643684199e-20, 2.36882426203e-19, 4.13315010229e-19, 4.09717343251e-19, 6.7383394149e-19, 8.87462847259e-19, 1.29989809921e-18, 1.50017289777e-18, 1.99680800164e-18, 1.45328354436e-18, 2.75915854048e-18, 3.37711126172e-18, 4.03026217237e-18, 3.66610831541e-18, 5.8043342165e-18, 7.53308007178e-18, 8.53709121978e-18, 9.89785295827e-18, 8.48942990007e-18, 7.8807970228e-18, 9.53270896611e-18, 1.10194809176e-17, 9.12463760888e-18, 8.33952574792e-18, 1.09692545108e-17, 9.72672417878e-18, 7.11433064002e-18, 4.76651082019e-18, 2.58166295182e-18, 1.06846526813e-18, 2.85355029153e-19, 2.8459559334e-20], "var": [0.00675206957385, 1.78537118435, 27.2441062927, 41.1647224426, 137.296401978, 1041.25012207, 1064.80761719, 3370.61425781, 653.074890137, 7089.69628906, 640.261291504, 230.025817871, 1272.55456543, 351.664733887, 8346.7109375, 344.093536377, 1803.76196289, 641.037963867, 313.700592041, 1979.21862793, 650.364746094, 265.778320312, 2761.58666992, 570.483825684, 44.9099884033, 67.1041107178, 18.1151580811, 169.391921997, 201.97984314, 11.5933332443, 0.767681896687, 12.5715761185, 2.24987864494, 0.250332355499, 0.0352379903197, 0.00995037332177, 0.00209734379314, 7.42679403629e-05, 2.01896966701e-07, 7.67826413561e-10]}, "gfcc": {"mean": [-87.0984268188, 129.984069824, -138.677627563, 5.67013120651, -58.9941482544, -2.70159053802, -41.7093925476, -3.57466959953, -21.8001804352, -2.29382801056, -6.98376703262, 2.04217576981, -5.40309286118], "cov": [[52047.5117188, 7036.46875, -600.871154785, 5113.01074219, 267.834014893, 322.774902344, -897.393432617, 223.485671997, -690.600585938, -354.769775391, -527.494140625, -12.7563390732, 634.567932129], [7036.46875, 2195.37036133, -133.242904663, 704.351867676, 251.312362671, -113.328956604, 26.2720565796, -85.1494750977, -23.0060749054, -129.730392456, 10.2814121246, -93.1534805298, 177.540679932], [-600.871154785, -133.242904663, 1255.12902832, 589.324523926, 340.289916992, 433.270202637, 304.722961426, 121.302093506, -36.2882385254, 367.07800293, 194.978164673, 93.4577102661, -33.6949920654], [5113.01074219, 704.351867676, 589.324523926, 1180.19689941, 310.661437988, 273.062744141, 201.779495239, 75.7729492188, -32.1503448486, 170.54699707, 116.282676697, 42.0997009277, 82.2033081055], [267.834014893, 251.312362671, 340.289916992, 310.661437988, 285.828552246, 123.533958435, 149.902542114, 36.5646438599, 20.6641311646, 90.6835403442, 80.4716720581, 14.804066658, 24.019487381], [322.774902344, -113.328956604, 433.270202637, 273.062744141, 123.533958435, 272.9559021, 111.751708984, 67.8554077148, -26.7850379944, 143.086761475, 83.9307403564, 41.5884284973, -17.0092430115], [-897.393432617, 26.2720565796, 304.722961426, 201.779495239, 149.902542114, 111.751708984, 247.363372803, 25.7053813934, 33.5328140259, 123.341552734, 112.677955627, 29.4592380524, -4.20409488678], [223.485671997, -85.1494750977, 121.302093506, 75.7729492188, 36.5646438599, 67.8554077148, 25.7053813934, 100.89919281, 2.34371232986, 40.7480278015, 26.4678630829, 9.0057592392, -1.16481769085], [-690.600585938, -23.0060749054, -36.2882385254, -32.1503448486, 20.6641311646, -26.7850379944, 33.5328140259, 2.34371232986, 86.6828613281, 4.11511516571, 11.0510959625, -5.51513910294, -7.45517873764], [-354.769775391, -129.730392456, 367.07800293, 170.54699707, 90.6835403442, 143.086761475, 123.341552734, 40.7480278015, 4.11511516571, 218.7003479, 100.647567749, 50.7768363953, -30.1211128235], [-527.494140625, 10.2814121246, 194.978164673, 116.282676697, 80.4716720581, 83.9307403564, 112.677955627, 26.4678630829, 11.0510959625, 100.647567749, 165.098083496, 23.5621242523, 14.1014413834], [-12.7563390732, -93.1534805298, 93.4577102661, 42.0997009277, 14.804066658, 41.5884284973, 29.4592380524, 9.0057592392, -5.51513910294, 50.7768363953, 23.5621242523, 74.150894165, -6.75605154037], [634.567932129, 177.540679932, -33.6949920654, 82.2033081055, 24.019487381, -17.0092430115, -4.20409488678, -1.16481769085, -7.45517873764, -30.1211128235, 14.1014413834, -6.75605154037, 76.4846420288]], "icov": [[0.000319516228046, -0.000814970233478, 0.000705970276613, -0.00139138998929, 0.000700342759956, -0.000697802985087, 0.00140938861296, -0.00126182532404, 0.00110027950723, -0.000609954353422, 0.000878644292243, -0.000971625151578, 0.000349617126631], [-0.000814970233478, 0.003027490573, -0.00161927298177, 0.00290172593668, -0.00262747262605, 0.00249683856964, -0.00347912777215, 0.00394591642544, -0.00235851714388, 0.00178036757279, -0.00243100011721, 0.00331248226576, -0.00163678172976], [0.000705970276613, -0.00161927298177, 0.00446745986119, -0.00330040371045, -4.67975878564e-05, -0.00351357809268, 0.002430571476, -0.00304638873786, 0.00375247793272, -0.00370781123638, 0.00226225005463, -0.0020911663305, 0.00104111689143], [-0.00139138998929, 0.00290172593668, -0.00330040371045, 0.00803431030363, -0.00337766087614, 0.00170817342587, -0.00651908479631, 0.00494290655479, -0.00469751749188, 0.00208752788603, -0.00319395516999, 0.00368697033264, -0.00284442980774], [0.000700342759956, -0.00262747262605, -4.67975878564e-05, -0.00337766087614, 0.00967824552208, -0.00240693544038, 0.000777983455919, -0.00342298066244, -4.181368422e-05, -0.000423741963459, 0.00194666557945, -0.00204694084823, -0.00039657796151], [-0.000697802985087, 0.00249683856964, -0.00351357809268, 0.00170817342587, -0.00240693544038, 0.0119138127193, -0.00307319220155, 0.000547440373339, 0.000278594088741, 0.000938628742006, -0.00326735712588, 0.00193782418501, 0.00102500873618], [0.00140938861296, -0.00347912777215, 0.002430571476, -0.00651908479631, 0.000777983455919, -0.00307319220155, 0.0151080479845, -0.00442531052977, 0.00206839665771, -0.00363407051191, 0.00055029860232, -0.00468702521175, 0.00255026458763], [-0.00126182532404, 0.00394591642544, -0.00304638873786, 0.00494290655479, -0.00342298066244, 0.000547440373339, -0.00442531052977, 0.0178003683686, -0.00573703134432, 0.00231426465325, -0.00409494806081, 0.00479967938736, -0.00258940062486], [0.00110027950723, -0.00235851714388, 0.00375247793272, -0.00469751749188, -4.181368422e-05, 0.000278594088741, 0.00206839665771, -0.00573703134432, 0.0189029183239, -0.00316853146069, 0.00262776529416, -0.00208812835626, 0.00307512842119], [-0.000609954353422, 0.00178036757279, -0.00370781123638, 0.00208752788603, -0.000423741963459, 0.000938628742006, -0.00363407051191, 0.00231426465325, -0.00316853146069, 0.0138032874092, -0.00561486836523, -0.00126436713617, 0.00327880983241], [0.000878644292243, -0.00243100011721, 0.00226225005463, -0.00319395516999, 0.00194666557945, -0.00326735712588, 0.00055029860232, -0.00409494806081, 0.00262776529416, -0.00561486836523, 0.0135088954121, -0.00276896776631, -0.00327785080299], [-0.000971625151578, 0.00331248226576, -0.0020911663305, 0.00368697033264, -0.00204694084823, 0.00193782418501, -0.00468702521175, 0.00479967938736, -0.00208812835626, -0.00126436713617, -0.00276896776631, 0.0200276542455, -0.00204439647496], [0.000349617126631, -0.00163678172976, 0.00104111689143, -0.00284442980774, -0.00039657796151, 0.00102500873618, 0.00255026458763, -0.00258940062486, 0.00307512842119, 0.00327880983241, -0.00327785080299, -0.00204439647496, 0.0199570059776]]}, "melbands": {"dmean": [0.000199213216547, 0.000558703148272, 0.000303986482322, 0.000498447101563, 0.00054025487043, 0.000660789432004, 0.000122048506455, 0.000354569056071, 6.33723466308e-05, 3.73955372197e-05, 6.44871688564e-05, 2.50624107139e-05, 0.000106530016637, 4.00078461098e-05, 6.51269947411e-05, 3.20686667692e-05, 2.59899552475e-05, 9.23594052438e-06, 1.23022145999e-05, 3.21771658491e-05, 9.46057480178e-06, 7.94286734163e-06, 6.41043516225e-06, 1.06453153421e-05, 5.46913906874e-06, 1.96397013497e-06, 2.43744011641e-06, 1.63016352417e-06, 1.08496919893e-06, 7.01496389865e-07, 1.4993250943e-06, 1.3535798189e-06, 1.42938301906e-06, 2.2132842048e-07, 1.42982941043e-07, 1.35834071102e-07, 6.62308366373e-07, 3.17354050594e-07, 8.46973620128e-08, 1.09348299304e-07], "dmean2": [0.00033166189678, 0.000944943574723, 0.00050435756566, 0.000836963066831, 0.00087308807997, 0.00119910947978, 0.000174450935447, 0.000550798722543, 9.80240947683e-05, 5.54569851374e-05, 8.92063399078e-05, 3.73970615328e-05, 0.000144419696881, 5.61832130188e-05, 0.000111521803774, 5.43642163393e-05, 4.15416652686e-05, 1.46588099597e-05, 1.98441612156e-05, 5.17061380378e-05, 1.57464182848e-05, 1.31532106025e-05, 1.08145250124e-05, 1.84528289537e-05, 9.49405875872e-06, 3.36155153491e-06, 4.18851186623e-06, 2.77068329524e-06, 1.84574082596e-06, 1.19652020203e-06, 2.68297003458e-06, 2.32173147197e-06, 2.39855057771e-06, 3.79416349006e-07, 2.420231624e-07, 2.20456115585e-07, 1.11667350211e-06, 5.20176911323e-07, 1.42636366718e-07, 1.83820432653e-07], "dvar": [2.45993817316e-07, 2.58926388597e-06, 5.38529093319e-07, 6.91400316555e-07, 6.75741034684e-07, 7.97757138571e-07, 3.14356789488e-08, 3.18048222425e-07, 1.132480687e-08, 4.01838962105e-09, 1.21469252434e-08, 1.87468840451e-09, 2.50984140138e-08, 3.75205821967e-09, 6.05764505224e-09, 1.51044377006e-09, 1.76991921119e-09, 3.11027148481e-10, 8.99252339259e-10, 1.83670834097e-09, 1.08622011386e-09, 2.36156899591e-10, 5.81814707523e-10, 5.19850607006e-09, 2.87067897231e-10, 1.16424907909e-11, 4.5376705865e-11, 3.05077109408e-11, 7.87573391919e-12, 1.16261774513e-11, 1.8797875756e-10, 5.9349219983e-11, 4.80248202317e-11, 1.46326483916e-12, 2.41304019951e-13, 1.12656477029e-12, 1.12376375566e-11, 2.03321495924e-12, 1.97218313186e-13, 4.2500245402e-13], "dvar2": [6.54168729852e-07, 7.50327671994e-06, 1.34227536819e-06, 1.98535417439e-06, 1.8358964553e-06, 2.66362826551e-06, 6.70927065016e-08, 7.91689217294e-07, 2.77105343116e-08, 9.34204980041e-09, 2.55682568451e-08, 4.15670298182e-09, 4.81891504478e-08, 7.37637373405e-09, 1.73553580396e-08, 4.2841667991e-09, 4.2547889656e-09, 6.84056977729e-10, 2.15531570369e-09, 4.5536907578e-09, 2.86165957597e-09, 5.96844962342e-10, 1.53020562887e-09, 1.41778482288e-08, 7.51827045065e-10, 3.25429336256e-11, 1.21896812089e-10, 8.09164957261e-11, 2.1249118784e-11, 2.95533389427e-11, 5.33225907873e-10, 1.61422500367e-10, 1.214051637e-10, 4.13730247978e-12, 6.54053417329e-13, 2.95709767437e-12, 2.83339948726e-11, 5.04902239809e-12, 5.57539908339e-13, 1.15462771722e-12], "max": [0.0116737643257, 0.0298231523484, 0.0171792786568, 0.0121857738122, 0.0136383995414, 0.0110873878002, 0.00304549792781, 0.00784637313336, 0.0028211758472, 0.00140257994644, 0.00212228693999, 0.00085972744273, 0.00298471353017, 0.00118453078903, 0.000686807907186, 0.000386134837754, 0.000601039093453, 0.000483636482386, 0.00105251115747, 0.000852785189636, 0.000952283444349, 0.000250486395089, 0.000634829280898, 0.00161202950403, 0.000482745323097, 6.71748493914e-05, 0.00012832795619, 0.000131852037157, 5.30371908098e-05, 0.000109970656922, 0.000406630744692, 0.00020196888363, 0.000175596505869, 4.15151007473e-05, 1.01490095403e-05, 4.22449156758e-05, 7.92732753325e-05, 3.58820179827e-05, 1.90304654097e-05, 1.54152421601e-05], "mean": [0.000788716599345, 0.00157662271522, 0.000747333047912, 0.00125419197138, 0.00144031341188, 0.00112295837607, 0.000377724645659, 0.000669282802846, 0.000136140442919, 8.83302418515e-05, 0.000136456044856, 5.1294813602e-05, 0.000220769623411, 8.25191382319e-05, 9.0412060672e-05, 4.92373983434e-05, 4.10874854424e-05, 1.81046489161e-05, 2.19655867113e-05, 5.26204457856e-05, 1.43150855365e-05, 1.22514029499e-05, 8.43444831844e-06, 1.06090155896e-05, 8.21382764116e-06, 3.46704473486e-06, 3.57835983777e-06, 2.30817590818e-06, 1.61435571044e-06, 1.00427462257e-06, 1.26778661524e-06, 1.44935074786e-06, 1.71015619799e-06, 2.81858007156e-07, 1.85361500371e-07, 1.94736330172e-07, 7.83969710483e-07, 3.61081987421e-07, 9.25511187688e-08, 1.08249459174e-07], "median": [0.000469783321023, 0.000753069005441, 0.000407929881476, 0.000977232935838, 0.0011699879542, 0.000811212754343, 0.000290143449092, 0.000353107170667, 9.16771678021e-05, 6.3601823058e-05, 7.8158424003e-05, 3.05345420202e-05, 0.000114707167086, 4.40721778432e-05, 6.04250089964e-05, 3.50404443452e-05, 2.30908190133e-05, 9.83025165624e-06, 1.16087612696e-05, 3.8054142351e-05, 8.77632919583e-06, 6.47590468361e-06, 3.70449470211e-06, 3.64425795851e-06, 4.7285866458e-06, 2.30618888963e-06, 1.67933603734e-06, 1.28971328195e-06, 8.64473236106e-07, 4.82715165617e-07, 3.24443362842e-07, 2.26791968316e-07, 1.99284926339e-07, 1.20872101661e-07, 7.85006548654e-08, 4.96505307979e-08, 5.02420824944e-08, 3.52047990759e-08, 2.30099637122e-08, 1.66706666249e-08], "min": [5.8230053681e-25, 1.29377389141e-24, 1.84243414517e-24, 1.32741121623e-24, 2.21398526494e-24, 2.53667000151e-24, 1.48795436981e-24, 3.32751232811e-24, 3.31351714679e-24, 2.37801942385e-24, 3.30041002564e-24, 3.25006097836e-24, 3.35338104935e-24, 3.20642947613e-24, 4.29852003306e-24, 2.94616473919e-24, 2.36672510506e-24, 3.33177454358e-24, 2.21802364113e-24, 4.99804401849e-24, 3.82377920156e-24, 3.16700832175e-24, 4.39592147789e-24, 5.14211289674e-24, 4.93305923484e-24, 4.46260665122e-24, 5.18770787378e-24, 5.67181524523e-24, 4.89333969383e-24, 4.58662899615e-24, 3.77995285068e-24, 4.42362430073e-24, 5.77149570921e-24, 5.69843259546e-24, 4.9905940161e-24, 5.29141586711e-24, 5.03079594555e-24, 6.63748196742e-24, 6.98633677009e-24, 7.47438529063e-24], "var": [1.0873533256e-06, 5.308762411e-06, 1.35137179313e-06, 1.7237115344e-06, 2.0771663003e-06, 1.42415433402e-06, 1.45296183973e-07, 8.20663728973e-07, 2.37359607524e-08, 9.89476589552e-09, 3.09358370032e-08, 4.90361307115e-09, 7.58215250585e-08, 1.08749036443e-08, 9.63656443531e-09, 2.67423549971e-09, 3.1802271927e-09, 8.87323547971e-10, 1.84659587621e-09, 3.54944873493e-09, 9.20622356126e-10, 3.31809607568e-10, 5.1278720159e-10, 3.50632833879e-09, 2.62062260781e-10, 1.90555921736e-11, 4.74931968752e-11, 2.54187712545e-11, 9.2408294558e-12, 9.7543301561e-12, 1.11324074958e-10, 4.80129026814e-11, 5.81918783993e-11, 9.59246679484e-13, 1.91068352546e-13, 1.25055087813e-12, 1.24172677349e-11, 2.17597489506e-12, 1.34224472899e-13, 3.36781546661e-13]}, "mfcc": {"mean": [-700.89630127, 156.193130493, -21.3316783905, 10.3236274719, -4.52803468704, -4.26799583435, -10.2110624313, -5.5513548851, -10.4140901566, -8.64708900452, -7.97253656387, -2.14834904671, 2.90622901917], "cov": [[21121.6835938, 5201.50097656, 683.677246094, 2336.39111328, 846.387573242, 1228.19836426, 821.547241211, 178.384887695, -68.0652770996, 187.951446533, 152.3256073, 499.559326172, 263.477203369], [5201.50097656, 2219.87182617, -157.75402832, 459.790679932, 125.748252869, 157.600448608, 95.6139373779, 10.5722494125, -68.1820907593, -6.55833387375, -41.935760498, 42.2686080933, 79.5148391724], [683.677246094, -157.75402832, 709.402893066, 484.032867432, 249.610473633, 376.878265381, 344.114501953, 89.6965332031, 80.6197357178, 146.252456665, 158.743804932, 196.75163269, 44.6033782959], [2336.39111328, 459.790679932, 484.032867432, 830.311157227, 272.712768555, 470.766082764, 391.138824463, 104.072341919, 72.827507019, 158.451416016, 181.197402954, 220.945114136, 93.0770187378], [846.387573242, 125.748252869, 249.610473633, 272.712768555, 243.571670532, 203.810638428, 183.791061401, 53.7054710388, 43.0116271973, 89.0280380249, 63.5330047607, 102.431716919, 26.6274738312], [1228.19836426, 157.600448608, 376.878265381, 470.766082764, 203.810638428, 397.982055664, 277.840240479, 76.6341552734, 58.167049408, 112.759376526, 135.022994995, 146.220687866, 48.5213623047], [821.547241211, 95.6139373779, 344.114501953, 391.138824463, 183.791061401, 277.840240479, 334.00189209, 77.628326416, 43.2020797729, 115.191101074, 96.2449188232, 161.69909668, 49.7315254211], [178.384887695, 10.5722494125, 89.6965332031, 104.072341919, 53.7054710388, 76.6341552734, 77.628326416, 90.1639251709, 29.4363288879, 28.0993003845, 22.8362770081, 45.621509552, 10.9718437195], [-68.0652770996, -68.1820907593, 80.6197357178, 72.827507019, 43.0116271973, 58.167049408, 43.2020797729, 29.4363288879, 75.1402053833, 37.8217964172, 34.9264678955, 15.0123023987, 10.2138395309], [187.951446533, -6.55833387375, 146.252456665, 158.451416016, 89.0280380249, 112.759376526, 115.191101074, 28.0993003845, 37.8217964172, 106.699630737, 59.352432251, 67.6838607788, 16.0306015015], [152.3256073, -41.935760498, 158.743804932, 181.197402954, 63.5330047607, 135.022994995, 96.2449188232, 22.8362770081, 34.9264678955, 59.352432251, 136.591049194, 62.6854362488, 26.8205089569], [499.559326172, 42.2686080933, 196.75163269, 220.945114136, 102.431716919, 146.220687866, 161.69909668, 45.621509552, 15.0123023987, 67.6838607788, 62.6854362488, 164.276428223, 43.820098877], [263.477203369, 79.5148391724, 44.6033782959, 93.0770187378, 26.6274738312, 48.5213623047, 49.7315254211, 10.9718437195, 10.2138395309, 16.0306015015, 26.8205089569, 43.820098877, 72.1919403076]], "icov": [[0.000162127689691, -0.000316150137223, -6.95544003975e-05, -0.0002492958738, -0.000148806997458, -0.000165912861121, 0.00018111486861, 6.50907677482e-05, 0.00010344889597, 0.000186099656275, 0.000156030335347, -0.000125239530462, 0.000114728005428], [-0.000316150137223, 0.00136764859781, 0.00076147710206, -0.000384249171475, -0.000173944819835, 0.000214155123103, -0.000231162281125, -8.871742466e-05, 0.000576693622861, -0.000220200992771, 0.00030121175223, 0.000487490004161, -0.000675150775351], [-6.95544003975e-05, 0.00076147710206, 0.00423012906685, -0.000537563755643, -0.00112925923895, -0.00132946437225, -0.00157169939484, 0.000323063228279, -0.000657987024169, 0.000209001387702, -0.000618100049905, -0.000958964636084, 0.000696740637068], [-0.0002492958738, -0.000384249171475, -0.000537563755643, 0.00580724654719, 0.000282953609712, -0.00298152072355, -0.0017797491746, -0.000322633015458, -0.000873463228345, -0.000693125650287, -0.00172631884925, -0.000603354885243, -0.00136236369144], [-0.000148806997458, -0.000173944819835, -0.00112925923895, 0.000282953609712, 0.00924895331264, -0.00174004328437, -0.00115748855751, -0.000539666274562, -0.00147937214933, -0.00287324050441, 0.00124130840413, -0.000762233044952, 0.000553898571525], [-0.000165912861121, 0.000214155123103, -0.00132946437225, -0.00298152072355, -0.00174004328437, 0.0113102830946, -0.00280462088995, -0.000828354968689, -0.000563492358197, 0.00059266545577, -0.00316570955329, 0.00088312709704, 0.000721223826986], [0.00018111486861, -0.000231162281125, -0.00157169939484, -0.0017797491746, -0.00115748855751, -0.00280462088995, 0.0119454283267, -0.00208204612136, 0.00172801059671, -0.0032940201927, 0.0019100025529, -0.00347919226624, -0.000852042401675], [6.50907677482e-05, -8.871742466e-05, 0.000323063228279, -0.000322633015458, -0.000539666274562, -0.000828354968689, -0.00208204612136, 0.0157742146403, -0.00531486095861, 0.00190660450608, 0.00129066873342, -0.00250906334259, 0.00124128162861], [0.00010344889597, 0.000576693622861, -0.000657987024169, -0.000873463228345, -0.00147937214933, -0.000563492358197, 0.00172801059671, -0.00531486095861, 0.0208071433008, -0.0054780524224, -0.00149942969438, 0.00436192890629, -0.0027563017793], [0.000186099656275, -0.000220200992771, 0.000209001387702, -0.000693125650287, -0.00287324050441, 0.00059266545577, -0.0032940201927, 0.00190660450608, -0.0054780524224, 0.0198037866503, -0.00316291046329, -0.00291305081919, 0.00228948541917], [0.000156030335347, 0.00030121175223, -0.000618100049905, -0.00172631884925, 0.00124130840413, -0.00316570955329, 0.0019100025529, 0.00129066873342, -0.00149942969438, -0.00316291046329, 0.013819151558, -0.00106114323717, -0.00171109091025], [-0.000125239530462, 0.000487490004161, -0.000958964636084, -0.000603354885243, -0.000762233044952, 0.00088312709704, -0.00347919226624, -0.00250906334259, 0.00436192890629, -0.00291305081919, -0.00106114323717, 0.0145627437159, -0.00465935003012], [0.000114728005428, -0.000675150775351, 0.000696740637068, -0.00136236369144, 0.000553898571525, 0.000721223826986, -0.000852042401675, 0.00124128162861, -0.0027563017793, 0.00228948541917, -0.00171109091025, -0.00465935003012, 0.0185576211661]]}, "spectral_contrast_coeffs": {"dmean": [0.0390811152756, 0.042580910027, 0.0308618396521, 0.0305148474872, 0.0221722349524, 0.0207587759942], "dmean2": [0.0643329843879, 0.0727736949921, 0.0477586202323, 0.0502731017768, 0.0370115786791, 0.0334241725504], "dvar": [0.00105192745104, 0.00129566795658, 0.000639470526949, 0.000594840908889, 0.000340151425917, 0.000427189545007], "dvar2": [0.00297022354789, 0.00388270616531, 0.00154465599917, 0.00159585929941, 0.000940563622862, 0.00100757041946], "max": [-0.309830516577, -0.448094069958, -0.46874538064, -0.519315481186, -0.605728507042, -0.523882031441], "mean": [-0.585152029991, -0.680534243584, -0.721767127514, -0.719695746899, -0.764348447323, -0.75011241436], "median": [-0.578852772713, -0.673300981522, -0.722708821297, -0.717001676559, -0.756878256798, -0.747056722641], "min": [-0.97570335865, -0.974586606026, -0.981160402298, -0.96994549036, -0.96675914526, -0.962564349174], "var": [0.0096632912755, 0.00633005145937, 0.00528145814314, 0.0032428316772, 0.00296722352505, 0.00465343333781]}, "spectral_contrast_valleys": {"dmean": [0.353767514229, 0.274212598801, 0.250628232956, 0.217185497284, 0.220509320498, 0.27308562398], "dmean2": [0.597006082535, 0.449834138155, 0.406410515308, 0.355979382992, 0.341620922089, 0.416838467121], "dvar": [0.149509042501, 0.0905699804425, 0.0817937478423, 0.0710095316172, 0.0844513103366, 0.134085506201], "dvar2": [0.373129338026, 0.175632089376, 0.152336359024, 0.127245768905, 0.14827363193, 0.266380339861], "max": [-4.95456790924, -4.27862930298, -5.77909183502, -6.2662048339