{"lowlevel": {"average_loudness": 0.810231685638, "barkbands_crest": {"dmean": 2.88200116158, "dmean2": 4.56733369827, "dvar": 10.1604547501, "dvar2": 23.362197876, "max": 26.4866046906, "mean": 13.9655046463, "median": 13.5841083527, "min": 2.59913778305, "var": 27.2147789001}, "barkbands_flatness_db": {"dmean": 0.088224388659, "dmean2": 0.11986515671, "dvar": 0.00800920370966, "dvar2": 0.0137521596625, "max": 0.869981229305, "mean": 0.310105502605, "median": 0.312216371298, "min": 0.0344722792506, "var": 0.0233946871012}, "barkbands_kurtosis": {"dmean": 28.4660739899, "dmean2": 46.0750694275, "dvar": 4665.63818359, "dvar2": 12407.6699219, "max": 967.984375, "mean": 34.1362228394, "median": 5.74066925049, "min": -1.96012032032, "var": 5997.07128906}, "barkbands_skewness": {"dmean": 1.57240176201, "dmean2": 2.39361524582, "dvar": 4.64012956619, "dvar2": 11.3397598267, "max": 23.3172283173, "mean": 2.89315795898, "median": 1.86163496971, "min": -6.77813577652, "var": 11.1393003464}, "barkbands_spread": {"dmean": 6.71470355988, "dmean2": 10.4659852982, "dvar": 113.959831238, "dvar2": 252.773117065, "max": 114.100028992, "mean": 10.9885559082, "median": 5.22176504135, "min": 0.0640730783343, "var": 208.69569397}, "dissonance": {"dmean": 0.0539514683187, "dmean2": 0.0799472332001, "dvar": 0.00268172333017, "dvar2": 0.00559603935108, "max": 0.499999940395, "mean": 0.36777356267, "median": 0.383068293333, "min": 0.0784188583493, "var": 0.00893965456635}, "dynamic_complexity": 6.01498985291, "erbbands_crest": {"dmean": 4.09319972992, "dmean2": 6.35450458527, "dvar": 18.8482532501, "dvar2": 39.5881614685, "max": 33.9833984375, "mean": 16.3560733795, "median": 15.648226738, "min": 2.70048332214, "var": 51.2721252441}, "erbbands_flatness_db": {"dmean": 0.0738862454891, "dmean2": 0.101469375193, "dvar": 0.0056791161187, "dvar2": 0.0094986576587, "max": 0.674587249756, "mean": 0.28765937686, "median": 0.273255348206, "min": 0.0453940629959, "var": 0.0169923640788}, "erbbands_kurtosis": {"dmean": 13.2397575378, "dmean2": 21.2580833435, "dvar": 1278.14465332, "dvar2": 2939.79711914, "max": 394.835388184, "mean": 14.0047140121, "median": 1.91331338882, "min": -1.88856589794, "var": 1586.88464355}, "erbbands_skewness": {"dmean": 1.25378572941, "dmean2": 1.91669130325, "dvar": 3.03984856606, "dvar2": 6.60695648193, "max": 15.3967180252, "mean": 1.4312287569, "median": 0.8904530406, "min": -9.55804538727, "var": 6.17897510529}, "erbbands_spread": {"dmean": 14.3883771896, "dmean2": 22.2268562317, "dvar": 368.330535889, "dvar2": 801.798400879, "max": 153.930389404, "mean": 25.3040294647, "median": 14.6737804413, "min": 0.195641756058, "var": 653.83013916}, "hfc": {"dmean": 8.30042362213, "dmean2": 13.9295158386, "dvar": 355.688262939, "dvar2": 885.162475586, "max": 139.691055298, "mean": 12.3749513626, "median": 5.38719511032, "min": 1.07176560959e-08, "var": 363.960723877}, "melbands_crest": {"dmean": 3.66281414032, "dmean2": 5.77852344513, "dvar": 16.254076004, "dvar2": 37.8363800049, "max": 37.7134094238, "mean": 19.963142395, "median": 20.0229110718, "min": 1.68442988396, "var": 48.0814781189}, "melbands_flatness_db": {"dmean": 0.0981939062476, "dmean2": 0.132767736912, "dvar": 0.00980574544519, "dvar2": 0.0169479064643, "max": 1, "mean": 0.384646624327, "median": 0.39165365696, "min": 0.00471268082038, "var": 0.0309721510857}, "melbands_kurtosis": {"dmean": 43.8517913818, "dmean2": 68.6679077148, "dvar": 9782.4921875, "dvar2": 22928.0273438, "max": 1017.18963623, "mean": 57.7732582092, "median": 10.5803422928, "min": -1.89935517311, "var": 16592.8183594}, "melbands_skewness": {"dmean": 1.83618986607, "dmean2": 2.7871966362, "dvar": 6.92795467377, "dvar2": 15.617058754, "max": 24.7277584076, "mean": 3.60380291939, "median": 2.25486183167, "min": -4.67181015015, "var": 15.8543777466}, "melbands_spread": {"dmean": 7.20714712143, "dmean2": 11.1790246964, "dvar": 187.066925049, "dvar2": 423.310974121, "max": 180.485336304, "mean": 12.8371334076, "median": 5.87093687057, "min": 0.12061689049, "var": 422.311950684}, "pitch_salience": {"dmean": 0.0922512114048, "dmean2": 0.142356261611, "dvar": 0.0128151997924, "dvar2": 0.02820610255, "max": 0.942077577114, "mean": 0.388896256685, "median": 0.407203793526, "min": 0.0131316138431, "var": 0.0372308827937}, "silence_rate_20dB": {"dmean": 0, "dmean2": 0, "dvar": 0, "dvar2": 0, "max": 1, "mean": 1, "median": 1, "min": 1, "var": 0}, "silence_rate_30dB": {"dmean": 0.000458295136923, "dmean2": 0.000916800345294, "dvar": 0.000458105670987, "dvar2": 0.00137444201391, "max": 1, "mean": 0.999770879745, "median": 1, "min": 0, "var": 0.000229047742323}, "silence_rate_60dB": {"dmean": 0.0705774500966, "dmean2": 0.141187250614, "dvar": 0.0655922964215, "dvar2": 0.135007202625, "max": 1, "mean": 0.247651770711, "median": 0, "min": 0, "var": 0.186326265335}, "spectral_centroid": {"dmean": 286.744628906, "dmean2": 433.850524902, "dvar": 202909.640625, "dvar2": 407057.625, "max": 4371.15332031, "mean": 856.439147949, "median": 631.928527832, "min": 98.4108276367, "var": 595236.8125}, "spectral_complexity": {"dmean": 3.98120999336, "dmean2": 6.58400201797, "dvar": 74.0323562622, "dvar2": 162.076263428, "max": 56, "mean": 7.10057258606, "median": 5, "min": 0, "var": 79.8957519531}, "spectral_decrease": {"dmean": 2.64023269914e-09, "dmean2": 4.34776969982e-09, "dvar": 2.23573618509e-17, "dvar2": 5.67865512393e-17, "max": 5.58083197954e-19, "mean": -6.73542910334e-09, "median": -6.86175827269e-09, "min": -4.25969872708e-08, "var": 3.89383593569e-17}, "spectral_energy": {"dmean": 0.0106189530343, "dmean2": 0.017515450716, "dvar": 0.000361848360626, "dvar2": 0.000916308781598, "max": 0.170620083809, "mean": 0.0265434850007, "median": 0.0277033783495, "min": 1.19790158695e-12, "var": 0.000609933165833}, "spectral_energyband_high": {"dmean": 0.000605858047493, "dmean2": 0.00104135251604, "dvar": 3.07510026687e-06, "dvar2": 7.92779792391e-06, "max": 0.0152958687395, "mean": 0.000418934971094, "median": 1.08273434307e-05, "min": 8.98489290781e-13, "var": 2.24971427087e-06}, "spectral_energyband_low": {"dmean": 0.00569779193029, "dmean2": 0.00879255589098, "dvar": 0.000121852412121, "dvar2": 0.000282834051177, "max": 0.106619164348, "mean": 0.0145625229925, "median": 0.00191682949662, "min": 2.57925089977e-14, "var": 0.000309412862407}, "spectral_energyband_middle_high": {"dmean": 0.00123953016009, "dmean2": 0.00203043152578, "dvar": 8.71455449669e-06, "dvar2": 2.17390770558e-05, "max": 0.0447693541646, "mean": 0.00201481743716, "median": 0.000290060706902, "min": 2.05267918006e-13, "var": 1.61942225532e-05}, "spectral_energyband_middle_low": {"dmean": 0.00685867387801, "dmean2": 0.0117162270471, "dvar": 0.000220703790546, "dvar2": 0.000590521318372, "max": 0.160375475883, "mean": 0.0121095553041, "median": 0.00449715321884, "min": 4.66931486152e-14, "var": 0.000291107047815}, "spectral_entropy": {"dmean": 0.823629260063, "dmean2": 1.17636239529, "dvar": 0.779647290707, "dvar2": 1.33856070042, "max": 8.85134983063, "mean": 6.186003685, "median": 6.09933757782, "min": 2.2700741291, "var": 1.81802642345}, "spectral_flux": {"dmean": 0.0396361239254, "dmean2": 0.0608030892909, "dvar": 0.00273827346973, "dvar2": 0.00553859956563, "max": 0.395300060511, "mean": 0.0618697851896, "median": 0.0308767557144, "min": 3.04903937831e-06, "var": 0.00459222123027}, "spectral_kurtosis": {"dmean": 25.1428012848, "dmean2": 39.5544929504, "dvar": 1997.08776855, "dvar2": 4295.31640625, "max": 880.536682129, "mean": 34.0057106018, "median": 8.56054973602, "min": -0.40825009346, "var": 3281.36157227}, "spectral_rms": {"dmean": 0.00098997913301, "dmean2": 0.0015117431758, "dvar": 2.38590268964e-06, "dvar2": 5.2064110605e-06, "max": 0.0129018845037, "mean": 0.00427318923175, "median": 0.0051988158375, "min": 3.41860264541e-08, "var": 7.63592379371e-06}, "spectral_rolloff": {"dmean": 520.934753418, "dmean2": 899.13885498, "dvar": 1562254.125, "dvar2": 3578525, "max": 17958.6914062, "mean": 1119.50927734, "median": 602.9296875, "min": 43.06640625, "var": 3133227.25}, "spectral_skewness": {"dmean": 1.61981487274, "dmean2": 2.42255878448, "dvar": 4.08059358597, "dvar2": 7.82045221329, "max": 26.9605560303, "mean": 3.58486771584, "median": 2.44700717926, "min": 0.149796813726, "var": 8.80088996887}, "spectral_spread": {"dmean": 1499865.375, "dmean2": 2195879.75, "dvar": 2316047482880.0, "dvar2": 4610018246660.0, "max": 24009436, "mean": 3883428.5, "median": 3959041.25, "min": 250444.265625, "var": 5274164264960.0}, "spectral_strongpeak": {"dmean": 0.354105859995, "dmean2": 0.586913466454, "dvar": 0.46716427803, "dvar2": 1.14469182491, "max": 8.49838256836, "mean": 1.08323335648, "median": 0.733796536922, "min": 0, "var": 1.49815189838}, "zerocrossingrate": {"dmean": 0.0128200678155, "dmean2": 0.0157467629761, "dvar": 0.000453750282759, "dvar2": 0.000514312705491, "max": 0.8388671875, "mean": 0.0435758307576, "median": 0.0302734375, "min": 0.00341796875, "var": 0.0035998953972}, "barkbands": {"dmean": [6.35446849628e-06, 0.00157486053649, 0.0035666746553, 0.00248333252966, 0.00064341473626, 0.00180449697655, 0.000777010864113, 0.00128528568894, 0.000936140364502, 0.000452011649031, 0.000101278244983, 9.20274687815e-05, 0.000170808882103, 0.000162625146913, 0.000117329705972, 9.68339882093e-05, 9.77153104031e-05, 0.000137171489769, 0.000103307647805, 0.000211914957617, 0.000129401538288, 0.000145377387526, 9.91331253317e-05, 6.20087157586e-05, 3.89767665183e-05, 2.04618227144e-05, 5.16809404871e-06], "dmean2": [1.03256379589e-05, 0.00231849309057, 0.00555419409648, 0.00426457822323, 0.00110997515731, 0.00324038416147, 0.00133156310767, 0.00216515501961, 0.00145772797987, 0.000657448021229, 0.000155338304467, 0.000150253239553, 0.000291774485959, 0.000260929315118, 0.000197713889065, 0.000169320366695, 0.000169059276232, 0.000248079479206, 0.000178551403224, 0.000362485210644, 0.000219199821004, 0.000247649470111, 0.000171200619661, 0.00010609842866, 6.83942998876e-05, 3.59084770025e-05, 9.23274183151e-06], "dvar": [6.30667018608e-10, 1.19634005387e-05, 5.03014853166e-05, 4.03773665312e-05, 4.20789592681e-06, 0.000101627570984, 6.38756046101e-06, 1.5271574739e-05, 1.09197571874e-05, 2.45009073296e-06, 5.82684265282e-07, 4.28675512865e-08, 2.26293806804e-07, 1.7108220618e-07, 8.5470311717e-08, 3.43351445053e-07, 8.02237352104e-08, 2.93590943556e-07, 1.03066177815e-07, 5.10768586537e-07, 1.59252735443e-07, 2.24725155817e-07, 1.05682950391e-07, 3.06412601958e-08, 2.31782468774e-08, 5.61065593985e-09, 4.84453921423e-10], "dvar2": [1.55735302432e-09, 2.11350907193e-05, 0.000114391288662, 0.00010547524289, 1.1158606867e-05, 0.000284852692857, 1.7662810933e-05, 4.09424392274e-05, 2.64250156761e-05, 5.06419246449e-06, 1.20622155464e-06, 1.07682126327e-07, 5.97058146923e-07, 3.9802122842e-07, 2.32433507108e-07, 9.38480184232e-07, 2.13262737248e-07, 8.08854053957e-07, 2.6654996077e-07, 1.33983849082e-06, 4.03533533699e-07, 5.83561472922e-07, 2.77090265399e-07, 7.82573508218e-08, 6.06466556974e-08, 1.42841622974e-08, 1.28327060089e-09], "max": [0.000738954287954, 0.037570759654, 0.0598871484399, 0.0678045749664, 0.0392192192376, 0.141690224409, 0.0706309825182, 0.0707968696952, 0.0667872056365, 0.0409237407148, 0.0419881902635, 0.00423751911148, 0.0141922263429, 0.0137657811865, 0.00510636530817, 0.027895655483, 0.0027802712284, 0.0053379535675, 0.00279132649302, 0.00663213059306, 0.00394001230597, 0.00510435411707, 0.00377683201805, 0.00203943625093, 0.00229040998966, 0.000998545205221, 0.00034398023854], "mean": [5.43454962099e-06, 0.00413777399808, 0.00826656445861, 0.00283860345371, 0.000679798889905, 0.00153605081141, 0.0012444560416, 0.00236591068096, 0.00247637438588, 0.00111074768938, 0.000113051122753, 0.000111921253847, 0.000337173696607, 0.000352505187038, 0.000156073554535, 7.54815773689e-05, 7.28722006897e-05, 8.79337749211e-05, 7.1878064773e-05, 0.000153374508955, 9.15636701393e-05, 0.000101460231235, 6.92171888659e-05, 4.39100986114e-05, 2.62357589236e-05, 1.37596334753e-05, 3.37323899657e-06], "median": [3.41835118434e-07, 6.13002266618e-05, 0.00068565341644, 3.09027018375e-05, 2.3236261768e-05, 0.000104916856799, 0.000252726342296, 0.000333711213898, 5.27993834112e-05, 4.80026756122e-05, 2.23451706916e-06, 1.0948666386e-05, 3.45024682247e-06, 8.48775835038e-06, 1.26215845739e-05, 3.47210857399e-06, 2.01122452381e-06, 1.13714190775e-06, 1.34517279093e-06, 3.07573668579e-06, 1.66591007655e-06, 1.60341971878e-06, 1.75353795839e-06, 1.03558227238e-06, 3.80528376809e-07, 1.08937783239e-07, 1.86624813381e-08], "min": [2.30342838479e-15, 1.04468740787e-14, 5.2003550739e-16, 6.33844177672e-16, 1.31040475627e-15, 2.24296780828e-15, 6.38778716337e-15, 1.37145958991e-14, 1.89950882307e-14, 1.43570322731e-14, 9.1845586651e-15, 6.71203391668e-15, 1.0688751113e-14, 2.37188402057e-14, 1.6885307036e-14, 2.42205649254e-14, 2.19643486748e-14, 3.58127901791e-14, 3.59013593322e-14, 4.37936565809e-14, 4.2509635948e-14, 1.07074397092e-13, 7.49947115042e-14, 1.30905702944e-13, 1.07910513478e-13, 1.80125703307e-13, 2.23456439442e-13], "var": [5.41654998631e-10, 5.7278546592e-05, 0.000126028666273, 4.86803619424e-05, 5.28344344275e-06, 6.26423934591e-05, 7.94551124272e-06, 3.2692343666e-05, 5.59180298296e-05, 1.36321050377e-05, 1.0461204738e-06, 5.35513819955e-08, 1.38420625717e-06, 1.0945568647e-06, 1.06415804169e-07, 2.22342208644e-07, 5.6451828101e-08, 1.84021871519e-07, 7.47641877297e-08, 3.6545787907e-07, 1.21065383496e-07, 1.62714911767e-07, 7.44266372976e-08, 2.30519212607e-08, 1.61754307726e-08, 4.11528189304e-09, 3.28283372708e-10]}, "erbbands": {"dmean": [0.0132792154327, 0.468625426292, 2.95844435692, 7.89770793915, 3.82719802856, 1.82192456722, 4.07954835892, 19.9505214691, 10.5924835205, 21.5166988373, 25.0195808411, 22.6364212036, 20.988822937, 6.50316476822, 3.90069413185, 4.02824163437, 6.21826171875, 10.1440620422, 6.35293483734, 4.99408102036, 5.77858066559, 5.78201055527, 7.562520504, 5.64446926117, 6.68123960495, 9.87205314636, 6.073158741, 5.48652744293, 4.91207313538, 3.81640052795, 2.6064350605, 1.41717886925, 1.00795865059, 0.553303658962, 0.23824377358, 0.10659353435, 0.0330303050578, 0.00773398857564, 0.000902865198441, 4.43136632384e-05], "dmean2": [0.0191150009632, 0.670127332211, 4.38468456268, 13.2801036835, 6.67778682709, 3.11974954605, 7.08162927628, 36.1281166077, 18.1783905029, 36.8966217041, 41.3793945312, 33.9815368652, 31.1135368347, 10.4907722473, 5.98512840271, 6.51380348206, 10.504527092, 16.4953765869, 10.5753545761, 8.60216617584, 10.1392869949, 10.064332962, 13.5585641861, 9.96378898621, 11.1482801437, 17.3049163818, 10.4743452072, 9.43002223969, 8.32655239105, 6.54683065414, 4.46991252899, 2.44744372368, 1.7156419754, 0.970133602619, 0.415737718344, 0.186142712831, 0.0582238696516, 0.0137546621263, 0.00160354014952, 7.58662426961e-05], "dvar": [0.000881840765942, 0.955874085426, 33.058795929, 356.144500732, 124.777542114, 32.8547401428, 191.628585815, 13934.9970703, 1669.56933594, 5426.921875, 5893.48632812, 6173.36621094, 4368.36425781, 689.40625, 573.086914062, 74.6207427979, 234.189331055, 620.282653809, 240.505523682, 198.553192139, 1286.20751953, 296.500061035, 848.948608398, 389.820587158, 346.582519531, 1282.2545166, 402.092590332, 372.738983154, 257.072601318, 164.896850586, 61.374256134, 17.5651836395, 8.32848072052, 4.40272474289, 0.841201782227, 0.14725728333, 0.0164305847138, 0.000983899808489, 1.54635599756e-05, 2.08648813782e-08], "dvar2": [0.00156555289868, 1.66204917431, 68.3110580444, 922.392028809, 333.53692627, 84.5386810303, 506.117004395, 39050.4765625, 4570.40478516, 15343.1796875, 15145.7392578, 13973.0410156, 9748.39550781, 1543.9453125, 1167.56616211, 178.133682251, 619.359069824, 1487.92956543, 638.316162109, 545.848205566, 3504.92700195, 790.53137207, 2317.55737305, 1063.89587402, 857.195983887, 3466.03466797, 1020.25891113, 993.931152344, 668.735046387, 425.195892334, 159.687408447, 45.6631011963, 21.0603466034, 11.7106552124, 2.16249656677, 0.372197240591, 0.0422737821937, 0.00258344807662, 4.07669322158e-05, 5.31333377296e-08], "max": [0.375696271658, 10.2940559387, 57.9560089111, 202.475265503, 151.809020996, 123.926544189, 152.619094849, 1650.07324219, 564.140258789, 1683.14562988, 1741.90136719, 1760.30078125, 1581.43078613, 858.743225098, 1246.33093262, 156.354309082, 450.737335205, 761.090881348, 236.797592163, 249.449020386, 1714.36254883, 169.432159424, 286.313598633, 182.63494873, 142.89263916, 347.426116943, 163.820220947, 222.593032837, 176.087265015, 158.674346924, 89.9376220703, 47.3828582764, 34.0809249878, 32.1418991089, 13.3697290421, 5.02154254913, 1.6723651886, 0.400518745184, 0.0659640654922, 0.00253891968168], "mean": [0.029108196497, 1.31157469749, 8.30222225189, 11.2787303925, 4.02055358887, 2.02701687813, 4.26201343536, 15.9008321762, 14.7254924774, 35.7872543335, 50.2304534912, 65.0264129639, 58.2344894409, 8.80504226685, 4.84865427017, 5.35331964493, 12.5440683365, 24.2416267395, 9.98950862885, 5.64046669006, 4.55084848404, 4.09487724304, 4.90549707413, 3.73882389069, 5.11918210983, 6.71737718582, 4.19691371918, 3.8193590641, 3.46304273605, 2.69329071045, 1.83870756626, 0.971184790134, 0.724834799767, 0.375405132771, 0.160944208503, 0.0731125250459, 0.0219910833985, 0.00505408784375, 0.000604747096077, 5.26534749952e-05], "median": [0.00222303229384, 0.0658739879727, 0.74254244566, 0.858977794647, 0.27288877964, 0.0974402502179, 0.185847297311, 1.14685928822, 2.97656035423, 6.46295928955, 8.22653007507, 2.7805454731, 3.16122674942, 0.877836942673, 0.358947277069, 0.736196756363, 0.400249063969, 0.659828305244, 0.759597480297, 0.442953199148, 0.232253998518, 0.134578898549, 0.0612035021186, 0.088239915669, 0.161169797182, 0.117802046239, 0.0421126671135, 0.0844277963042, 0.0605938360095, 0.0416004471481, 0.0522843301296, 0.0251705292612, 0.0142937330529, 0.00590936513618, 0.00239097559825, 0.000776954751927, 0.000136552669574, 2.74119756796e-05, 2.10846556001e-05, 3.65733758372e-05], "min": [5.29184985762e-13, 9.4363384294e-13, 8.53832629599e-13, 1.13650712105e-12, 2.89871598946e-12, 4.65713015027e-12, 1.09364132334e-11, 2.09046079058e-11, 4.58667583081e-11, 2.31692831587e-10, 2.68569583239e-10, 4.14944884009e-10, 4.26131296916e-10, 5.96421245724e-10, 2.92876084496e-10, 2.71776212646e-10, 4.8026693733e-10, 1.31007238391e-09, 5.19364995455e-10, 1.33338895481e-09, 1.42882017329e-09, 1.24237131693e-09, 1.70235647801e-09, 2.41361219899e-09, 1.19348131378e-09, 1.88794069267e-09, 2.1280466278e-09, 1.90116566934e-09, 3.51240103669e-09, 3.20679371946e-09, 2.35965180728e-09, 2.20148366203e-09, 2.13876627519e-09, 1.15655007793e-09, 9.53728540587e-10, 7.60749963025e-10, 3.46581846555e-10, 1.36711933441e-10, 3.32719962692e-11, 2.84105356428e-12], "var": [0.00338824721985, 4.91986179352, 117.299423218, 461.785247803, 136.922042847, 53.4077224731, 222.755233765, 8456.90136719, 1508.89599609, 7569.98144531, 15783.234375, 37677.3671875, 24152.0175781, 1109.61938477, 1063.26086426, 109.988822937, 1526.0177002, 4083.99584961, 422.251647949, 192.811706543, 837.839294434, 203.555404663, 544.593933105, 252.415267944, 282.508483887, 848.358032227, 300.195739746, 256.38684082, 186.008178711, 120.200286865, 44.0527305603, 12.5821695328, 6.42217206955, 2.98040866852, 0.608232438564, 0.110135786235, 0.0117878718302, 0.000678482581861, 1.058491398e-05, 1.57701371961e-08]}, "gfcc": {"mean": [-189.330871582, 109.70450592, -99.8022384644, 0.199649319053, -64.669960022, 4.80536031723, -24.5306549072, 8.00434780121, 0.506565213203, 6.29226827621, -11.7604951859, -18.251335144, -14.315571785], "cov": [[40733.1054688, -557.006652832, 74.3056716919, 4538.75292969, -371.196472168, 1586.54382324, -855.916503906, -267.635223389, -1101.36096191, -552.448974609, -1198.87219238, -451.675109863, -989.983398438], [-557.006652832, 3970.55224609, 511.131408691, -1109.59228516, 688.263671875, -341.484893799, 500.66104126, -190.072357178, 576.623291016, -160.842422485, 172.922683716, -506.557525635, 98.5130462646], [74.3056716919, 511.131408691, 3892.6472168, 2642.08691406, 496.261688232, 417.231262207, 359.9324646, -7.1455245018, -457.078125, -450.174194336, -220.259918213, -259.218048096, -375.120269775], [4538.75292969, -1109.59228516, 2642.08691406, 4376.53369141, 610.648132324, 730.075927734, 123.463821411, 21.4848003387, -885.825012207, -712.490234375, -321.724914551, -283.96182251, -405.565826416], [-371.196472168, 688.263671875, 496.261688232, 610.648132324, 1053.24414062, 219.963378906, 174.754074097, -117.498924255, -123.76688385, -285.828582764, -43.5348892212, -224.529159546, -27.288318634], [1586.54382324, -341.484893799, 417.231262207, 730.075927734, 219.963378906, 617.343017578, 121.276435852, 10.816822052, -181.833602905, -103.500839233, -184.970581055, -20.6485614777, -102.515510559], [-855.916503906, 500.66104126, 359.9324646, 123.463821411, 174.754074097, 121.276435852, 473.228942871, 140.967971802, 97.1739425659, -52.1959686279, 34.0948753357, -100.442802429, 17.242816925], [-267.635223389, -190.072357178, -7.1455245018, 21.4848003387, -117.498924255, 10.816822052, 140.967971802, 348.487792969, 95.5785675049, 96.1689758301, 47.7319450378, -18.2688941956, 17.684135437], [-1101.36096191, 576.623291016, -457.078125, -885.825012207, -123.76688385, -181.833602905, 97.1739425659, 95.5785675049, 497.522277832, 228.399765015, 131.522445679, 38.1015548706, 83.1020355225], [-552.448974609, -160.842422485, -450.174194336, -712.490234375, -285.828582764, -103.500839233, -52.1959686279, 96.1689758301, 228.399765015, 355.236236572, 142.175109863, 158.110549927, 51.4426574707], [-1198.87219238, 172.922683716, -220.259918213, -321.724914551, -43.5348892212, -184.970581055, 34.0948753357, 47.7319450378, 131.522445679, 142.175109863, 258.568267822, 59.8697547913, 116.519836426], [-451.675109863, -506.557525635, -259.218048096, -283.96182251, -224.529159546, -20.6485614777, -100.442802429, -18.2688941956, 38.1015548706, 158.110549927, 59.8697547913, 369.026000977, 84.94165802], [-989.983398438, 98.5130462646, -375.120269775, -405.565826416, -27.288318634, -102.515510559, 17.242816925, 17.684135437, 83.1020355225, 51.4426574707, 116.519836426, 84.94165802, 188.746627808]], "icov": [[5.31466939719e-05, -0.000127001592773, 0.00010830048268, -0.000137732771691, 8.78926948644e-05, -9.09707523533e-05, 0.000116392810014, -4.8441299441e-05, 0.000108694257506, -0.0001808370871, 0.000195121581783, -5.63557914575e-05, 0.000127871622681], [-0.000127001592773, 0.00110864278395, -0.000553694844712, 0.000666230276693, -0.000438623857917, 0.000317634490784, -0.000645399850328, 0.000774564687163, -0.00116822507698, 0.00110773590859, -0.000898431113455, 0.001012025401, -0.000506520678755], [0.00010830048268, -0.000553694844712, 0.000855998776387, -0.00069367501419, 0.000215803607716, -3.28793757944e-05, -9.40167956287e-05, -0.000168080543517, 0.000575850077439, -0.000697824289091, 0.000597431324422, -0.000531895260792, 0.000912632385734], [-0.000137732771691, 0.000666230276693, -0.00069367501419, 0.00133451039437, -0.000298791594105, -0.000340783590218, -7.96030071797e-05, -0.000237656422541, -0.000141311247717, 0.00216479972005, -0.00172050588299, 0.000272035133094, 0.000631889910437], [8.78926948644e-05, -0.000438623857917, 0.000215803607716, -0.000298791594105, 0.00175865134224, -0.000856384867802, 0.0001463512599, 0.000242757087108, 0.000191311395611, 0.000662859994918, -0.000444125762442, 0.000239153407165, 0.000131468856125], [-9.09707523533e-05, 0.000317634490784, -3.28793757944e-05, -0.000340783590218, -0.000856384867802, 0.00352288386784, -0.00158878986258, 0.000437511102064, 0.000383372040233, -0.00183018646203, 0.00260832160711, -0.000204847718123, -0.000734772824217], [0.000116392810014, -0.000645399850328, -9.40167956287e-05, -7.96030071797e-05, 0.0001463512599, -0.00158878986258, 0.00431874860078, -0.00197156961076, -0.000535551283974, 0.00117882981431, -0.000902072992176, -0.000109646200144, 5.85853049415e-05], [-4.8441299441e-05, 0.000774564687163, -0.000168080543517, -0.000237656422541, 0.000242757087108, 0.000437511102064, -0.00197156961076, 0.0050339512527, -0.00112449657172, -0.00168557895813, 0.000287903822027, 0.00173007242847, -0.00152367865667], [0.000108694257506, -0.00116822507698, 0.000575850077439, -0.000141311247717, 0.000191311395611, 0.000383372040233, -0.000535551283974, -0.00112449657172, 0.00551991583779, -0.00312088639475, 0.00102561095264, -0.000762058596592, 0.000540895445738], [-0.0001808370871, 0.00110773590859, -0.000697824289091, 0.00216479972005, 0.000662859994918, -0.00183018646203, 0.00117882981431, -0.00168557895813, -0.00312088639475, 0.0120793748647, -0.00701899453998, -0.00163100310601, 0.00403898721561], [0.000195121581783, -0.000898431113455, 0.000597431324422, -0.00172050588299, -0.000444125762442, 0.00260832160711, -0.000902072992176, 0.000287903822027, 0.00102561095264, -0.00701899453998, 0.0112237064168, -5.80326423005e-06, -0.00507402280346], [-5.63557914575e-05, 0.001012025401, -0.000531895260792, 0.000272035133094, 0.000239153407165, -0.000204847718123, -0.000109646200144, 0.00173007242847, -0.000762058596592, -0.00163100310601, -5.80326423005e-06, 0.00558305205777, -0.00325404223986], [0.000127871622681, -0.000506520678755, 0.000912632385734, 0.000631889910437, 0.000131468856125, -0.000734772824217, 5.85853049415e-05, -0.00152367865667, 0.000540895445738, 0.00403898721561, -0.00507402280346, -0.00325404223986, 0.0124198701233]]}, "melbands": {"dmean": [0.00027403148124, 0.00119264167733, 0.0011821158696, 0.000172723594005, 0.000131464679725, 0.000409679720178, 0.000166959303897, 0.000254618324107, 0.000185288590728, 0.000147399812704, 0.000102558071376, 2.53891957982e-05, 1.4224190636e-05, 1.07872665467e-05, 8.42888493935e-06, 1.95013180928e-05, 1.95617631107e-05, 1.00985616882e-05, 7.62216313888e-06, 6.84156157149e-06, 6.61099056742e-06, 5.84886311117e-06, 6.94254367772e-06, 6.40314192424e-06, 4.35118863606e-06, 4.02771183872e-06, 6.51293612464e-06, 6.81670871927e-06, 3.93755681216e-06, 2.93143602903e-06, 3.4782867715e-06, 3.05502044284e-06, 2.31269609685e-06, 2.03322792913e-06, 1.54229564941e-06, 1.22633957744e-06, 7.27939095668e-07, 6.78706385315e-07, 6.32981539184e-07, 4.35732317783e-07], "dmean2": [0.000402429723181, 0.00174987094942, 0.00198721163906, 0.000300163927022, 0.000226647563977, 0.00073823943967, 0.000286690832581, 0.000437417067587, 0.000301684805891, 0.000224346746108, 0.000152860709932, 4.15229369537e-05, 2.14754509216e-05, 1.75214190676e-05, 1.41051896208e-05, 3.33723182848e-05, 3.146841118e-05, 1.68881433638e-05, 1.29774662128e-05, 1.19212463687e-05, 1.16444598461e-05, 1.02019484984e-05, 1.23171948871e-05, 1.15017919597e-05, 7.78652156441e-06, 6.95566723152e-06, 1.06246716314e-05, 1.23045247165e-05, 6.84359702063e-06, 4.97461678606e-06, 6.0588672568e-06, 5.25536552232e-06, 3.94669177695e-06, 3.51711855728e-06, 2.64607479039e-06, 2.10936036638e-06, 1.26107340748e-06, 1.15777822884e-06, 1.08077381356e-06, 7.74124373493e-07], "dvar": [3.64957372767e-07, 5.07897993884e-06, 7.59988506616e-06, 3.02194706592e-07, 1.7369256966e-07, 5.66585276829e-06, 3.60983591463e-07, 6.98468738847e-07, 3.22345840686e-07, 2.67787157782e-07, 1.09280158256e-07, 1.2210358058e-08, 1.2081123657e-08, 7.17729486954e-10, 3.14542419888e-10, 3.0648747984e-09, 2.57317478436e-09, 6.48940512438e-10, 3.88337445534e-10, 7.98006827285e-10, 1.61829438738e-09, 3.2538721717e-10, 6.25920093533e-10, 6.27968232969e-10, 2.39773839672e-10, 1.52834855882e-10, 3.4611025157e-10, 7.6703698948e-10, 1.89464735567e-10, 7.76360573052e-11, 1.71208144883e-10, 1.06046657566e-10, 5.24896202891e-11, 5.44285519433e-11, 2.15029417883e-11, 1.35810121829e-11, 4.86622547813e-12, 3.54377291401e-12, 3.96308203268e-12, 3.50984714383e-12], "dvar2": [6.43845964987e-07, 9.96100061457e-06, 1.96452419914e-05, 8.21256890049e-07, 4.49930098512e-07, 1.58754446602e-05, 9.90354351416e-07, 1.97159579329e-06, 8.09502637367e-07, 6.29895964721e-07, 2.45528354981e-07, 2.73294418207e-08, 2.47876688064e-08, 1.82774995139e-09, 8.09501632393e-10, 8.21364132264e-09, 5.94710192203e-09, 1.71578740105e-09, 1.06404396405e-09, 2.17490425669e-09, 4.4392707288e-09, 8.83518425088e-10, 1.70309444325e-09, 1.73401948356e-09, 6.62928656414e-10, 3.96340016362e-10, 8.10103484294e-10, 2.13257944637e-09, 4.84835893655e-10, 1.93432034279e-10, 4.66055416481e-10, 2.80668460695e-10, 1.32306554601e-10, 1.43341657988e-10, 5.57801999035e-11, 3.6055783359e-11, 1.27690514412e-11, 8.96289032576e-12, 1.0165267933e-11, 9.50208228073e-12], "max": [0.00725319655612, 0.0214357115328, 0.0280777737498, 0.0100987134501, 0.00440476089716, 0.0334122218192, 0.0077956658788, 0.0184423737228, 0.0131717268378, 0.0103961434215, 0.00781481713057, 0.0038464826066, 0.00612897891551, 0.000721975113265, 0.000270438089501, 0.00145366077777, 0.00173167965841, 0.000367094908142, 0.000325348752085, 0.00116006657481, 0.00190185313113, 0.000202280658414, 0.000239207918639, 0.000244703725912, 0.000142366130603, 0.000103540289274, 0.000184429212823, 0.000280784850474, 0.000114836322609, 9.11553579499e-05, 0.000153068554937, 0.000106819010398, 8.71638840181e-05, 8.88527429197e-05, 4.86315657326e-05, 4.35657966591e-05, 2.74276753771e-05, 2.10980178963e-05, 2.54340684478e-05, 2.88083319901e-05], "mean": [0.000673817587085, 0.00358167150989, 0.00175157131162, 0.000168993836269, 0.000141848955536, 0.000338896614267, 0.000236254782067, 0.000417984294472, 0.000384435494198, 0.000416051334469, 0.000278344785329, 2.79686155409e-05, 1.64418015629e-05, 1.35895861604e-05, 1.00946199382e-05, 4.13202251366e-05, 4.64849435957e-05, 1.49282923303e-05, 9.50599132921e-06, 6.2357189563e-06, 5.07960794494e-06, 4.20060678152e-06, 4.50308289146e-06, 4.07354900744e-06, 2.83667714029e-06, 2.805441909e-06, 5.38781159776e-06, 4.29756755693e-06, 2.69549127552e-06, 2.09548034036e-06, 2.37483618548e-06, 2.11903670788e-06, 1.65730989465e-06, 1.40548399941e-06, 1.08545623334e-06, 8.42224665121e-07, 4.90754928251e-07, 4.83100961901e-07, 4.55918097941e-07, 2.82611267721e-07], "median": [9.75233524514e-06, 0.000239992165007, 0.000152300504851, 5.93438835494e-06, 4.31506941823e-06, 2.33076298173e-05, 4.56222587673e-05, 7.65570512158e-05, 4.43303069915e-05, 1.08491249193e-05, 1.010134838e-05, 1.73181808805e-06, 3.36816100344e-07, 1.38266159411e-06, 1.30719763547e-06, 5.68074540297e-07, 9.94644324237e-07, 1.07794971882e-06, 7.67569133586e-07, 3.39413816164e-07, 2.30324516792e-07, 1.20590726738e-07, 4.58577886775e-08, 5.32376240869e-08, 5.49768159885e-08, 6.13846182773e-08, 1.27585465748e-07, 4.01119173432e-08, 1.58152779761e-08, 3.35035004184e-08, 4.97221179785e-08, 3.32897762689e-08, 2.56015173505e-08, 1.95581115747e-08, 2.80017165011e-08, 2.47139002596e-08, 8.72761418691e-09, 9.75583169804e-09, 6.8373808837e-09, 2.76332001725e-09], "min": [6.33513432482e-15, 6.39760861627e-16, 2.64898304597e-16, 2.56342768904e-16, 3.56380165772e-16, 4.50094726386e-16, 8.62099651683e-16, 2.81319441178e-15, 2.05044717201e-15, 2.8250516025e-15, 2.06923542157e-15, 2.40699870314e-15, 1.08463987676e-15, 6.54245972058e-16, 8.5175700882e-16, 1.43565329472e-15, 2.55507234429e-15, 6.92214329798e-16, 1.45301492904e-15, 1.80320143108e-15, 1.65853614462e-15, 1.48444175721e-15, 7.42103352781e-16, 2.07833192015e-15, 1.97352853359e-15, 1.23006939869e-15, 5.06550901688e-16, 1.5593658448e-15, 1.4743855703e-15, 1.37266601894e-15, 9.34064735552e-16, 1.94922355844e-15, 2.26337770242e-15, 1.52271663499e-15, 1.24064608735e-15, 1.2841067126e-15, 1.35580603988e-15, 1.4228819437e-15, 1.48736497379e-15, 8.04625660415e-16], "var": [1.64307209616e-06, 2.11118422158e-05, 1.01210689536e-05, 3.05033950099e-07, 2.31176883858e-07, 3.46384376826e-06, 3.37748332413e-07, 9.94300762613e-07, 9.54120309871e-07, 1.58598709277e-06, 5.90513820953e-07, 1.79286256952e-08, 2.2114495124e-08, 8.86987649995e-10, 3.91993298932e-10, 2.01677163858e-08, 1.7760770632e-08, 1.04735875528e-09, 4.33117708365e-10, 5.63415203381e-10, 1.03858943667e-09, 2.15823456329e-10, 4.06903039041e-10, 3.92894106138e-10, 1.50332898907e-10, 1.10025315248e-10, 3.22261384245e-10, 4.7031550876e-10, 1.38768871394e-10, 6.05041156065e-11, 1.12293140064e-10, 7.38549360557e-11, 3.99812995211e-11, 3.79941772488e-11, 1.54918959605e-11, 9.41254192643e-12, 3.41494649399e-12, 2.71645683378e-12, 2.97053657713e-12, 2.27974757128e-12]}, "mfcc": {"mean": [-819.053283691, 129.718338013, 20.2034244537, 3.9321475029, -7.56268787384, -0.581120669842, -13.0919523239, -3.95520830154, 6.89059638977, 21.1448173523, 11.4150619507, 4.30522060394, 3.23600935936], "cov": [[21739.5019531, 820.000610352, -761.185302734, 717.976989746, 109.253822327, 709.840026855, -58.0317459106, 191.517105103, -185.54586792, -167.488113403, -164.451171875, -215.809310913, -420.741363525], [820.000610352, 3824.23608398, 317.804382324, -540.456970215, -103.442481995, -3.68508601189, -178.761688232, -151.75592041, 249.968353271, 557.660461426, 329.796539307, 57.9703330994, 52.042339325], [-761.185302734, 317.804382324, 2589.21166992, 1824.97314453, 543.852600098, 547.291381836, 587.532592773, 468.859436035, 2.81215953827, -147.114059448, -181.858306885, 49.0904541016, 152.019073486], [717.976989746, -540.456970215, 1824.97314453, 2306.16259766, 928.73260498, 647.073242188, 805.200073242, 557.64276123, -46.7074432373, -322.136047363, -314.47442627, -63.5309562683, 43.337688446], [109.253822327, -103.442481995, 543.852600098, 928.73260498, 884.079162598, 459.590789795, 463.311706543, 210.018539429, 9.05569267273, -154.026672363, -170.901184082, -116.810920715, -65.5399856567], [709.840026855, -3.68508601189, 547.291381836, 647.073242188, 459.590789795, 640.182189941, 374.870910645, 266.03604126, 23.8256607056, -104.105819702, -132.451324463, -97.8989639282, -73.4092483521], [-58.0317459106, -178.761688232, 587.532592773, 805.200073242, 463.311706543, 374.870910645, 614.690124512, 322.220397949, 59.9897079468, -81.7342147827, -163.877578735, -101.478622437, 9.25320148468], [191.517105103, -151.75592041, 468.859436035, 557.64276123, 210.018539429, 266.03604126, 322.220397949, 361.039398193, 122.797172546, -32.6125831604, -87.9276351929, -35.8283081055, 5.00300645828], [-185.54586792, 249.968353271, 2.81215953827, -46.7074432373, 9.05569267273, 23.8256607056, 59.9897079468, 122.797172546, 218.031524658, 178.499008179, 75.5841751099, 10.5159959793, 6.41232061386], [-167.488113403, 557.660461426, -147.114059448, -322.136047363, -154.026672363, -104.105819702, -81.7342147827, -32.6125831604, 178.499008179, 354.871063232, 205.943344116, 66.2284088135, 53.0427017212], [-164.451171875, 329.796539307, -181.858306885, -314.47442627, -170.901184082, -132.451324463, -163.877578735, -87.9276351929, 75.5841751099, 205.943344116, 242.431594849, 134.754135132, 66.6351776123], [-215.809310913, 57.9703330994, 49.0904541016, -63.5309562683, -116.810920715, -97.8989639282, -101.478622437, -35.8283081055, 10.5159959793, 66.2284088135, 134.754135132, 188.647277832, 142.10748291], [-420.741363525, 52.042339325, 152.019073486, 43.337688446, -65.5399856567, -73.4092483521, 9.25320148468, 5.00300645828, 6.41232061386, 53.0427017212, 66.6351776123, 142.10748291, 234.003128052]], "icov": [[6.36195982224e-05, -4.60748124169e-05, 0.000123788442579, -0.000148690523929, 9.5656097983e-05, -0.000119367541629, 9.72406051005e-05, -8.04024894023e-05, 0.000135020687594, -7.27963051759e-05, 7.54576321924e-05, -6.41041624476e-05, 8.9217130153e-05], [-4.60748124169e-05, 0.000449414423201, -0.000341215083608, 0.000315167068038, -0.00021254105377, -3.73325274268e-05, 1.5895726392e-05, 0.000312085001497, -0.000208552606637, -0.000437555310782, -0.000282739580143, 0.000409831787692, -0.000161510019097], [0.000123788442579, -0.000341215083608, 0.00143776996993, -0.00138862605672, 0.000700829259586, -0.000596853962634, 0.000296662619803, -0.000171991472598, 0.000251961348113, -0.000271669152426, 0.000686158309691, -0.000668522552587, -0.000112138470286], [-0.000148690523929, 0.000315167068038, -0.00138862605672, 0.00284247123636, -0.00173853081651, 0.000824628979899, -0.00081857648911, -0.00179172609933, 0.00144687492866, -0.000120369928482, 9.24046107684e-05, -0.000668910623062, 0.000248229742283], [9.5656097983e-05, -0.00021254105377, 0.000700829259586, -0.00173853081651, 0.00355969439261, -0.00159668899141, -0.00112764257938, 0.00256651476957, -0.00213406747207, 0.00124384532683, -0.000206677475944, 0.000343769119354, 0.000198390218429], [-0.000119367541629, -3.73325274268e-05, -0.000596853962634, 0.000824628979899, -0.00159668899141, 0.00388916744851, -0.000758972659241, -0.00234041060321, 0.00147745001595, -7.24135825294e-05, -0.000442511489382, 5.60340959055e-06, 0.00098015461117], [9.72406051005e-05, 1.5895726392e-05, 0.000296662619803, -0.00081857648911, -0.00112764257938, -0.000758972659241, 0.00572669086978, -0.00302353082225, 0.000908213143703, -0.00130608829204, 0.000680561875924, 0.00271369423717, -0.00215618056245], [-8.04024894023e-05, 0.000312085001497, -0.000171991472598, -0.00179172609933, 0.00256651476957, -0.00234041060321, -0.00302353082225, 0.012722902, -0.0100188050419, 0.00341026904061, 0.000777390494477, -0.000516633910593, -0.000344350119121], [0.000135020687594, -0.000208552606637, 0.000251961348113, 0.00144687492866, -0.00213406747207, 0.00147745001595, 0.000908213143703, -0.0100188050419, 0.0173966791481, -0.00873981881887, 0.00096835551085, -0.0014252748806, 0.00199575698934], [-7.27963051759e-05, -0.000437555310782, -0.000271669152426, -0.000120369928482, 0.00124384532683, -7.24135825294e-05, -0.00130608829204, 0.00341026904061, -0.00873981881887, 0.0127867972478, -0.00890265405178, 0.00526428362355, -0.00285115791485], [7.54576321924e-05, -0.000282739580143, 0.000686158309691, 9.24046107684e-05, -0.000206677475944, -0.000442511489382, 0.000680561875924, 0.000777390494477, 0.00096835551085, -0.00890265405178, 0.01929711923, -0.0138454260305, 0.00440000556409], [-6.41041624476e-05, 0.000409831787692, -0.000668522552587, -0.000668910623062, 0.000343769119354, 5.60340959055e-06, 0.00271369423717, -0.000516633910593, -0.0014252748806, 0.00526428362355, -0.0138454260305, 0.0228231213987, -0.0107182450593], [8.9217130153e-05, -0.000161510019097, -0.000112138470286, 0.000248229742283, 0.000198390218429, 0.00098015461117, -0.00215618056245, -0.000344350119121, 0.00199575698934, -0.00285115791485, 0.00440000556409, -0.0107182450593, 0.0108000468463]]}, "spectral_contrast_coeffs": {"dmean": [0.0722469314933, 0.0533907935023, 0.054975271225, 0.0466983169317, 0.0340031348169, 0.0336927771568], "dmean2": [0.106367170811, 0.0851585939527, 0.0816238895059, 0.0702506154776, 0.0537170059979, 0.0510657764971], "dvar": [0.00453391950577, 0.00299964821897, 0.0033100808505, 0.00258009089157, 0.00110571912955, 0.000975836534053], "dvar2": [0.0094208503142, 0.00698672095314, 0.00611895835027, 0.00476499227807, 0.00231207185425, 0.00199760799296], "max": [-0.202873006463, -0.361349523067, -0.314343303442, -0.41899484396, -0.608141303062, -0.627655148506], "mean": [-0.603696227074, -0.667779326439, -0.702104687691, -0.771386682987, -0.814653158188, -0.801280081272], "median": [-0.586130440235, -0.656212866306, -0.722908079624, -0.812209069729, -0.824249982834, -0.796373009682], "min": [-0.972068846226, -0.962488532066, -0.973441362381, -0.97135412693, -0.962566256523, -0.966511547565], "var": [0.0349744446576, 0.0153525304049, 0.0238831080496, 0.0139873782173, 0.00344022014178, 0.00334197515622]}, "spectral_contrast_valleys": {"dmean": [0.888448238373, 0.807767987251, 0.980784416199, 1.12874078751, 1.25227868557, 1.39259541035], "dmean2": [1.24156284332, 1.13999521732, 1.35810983181, 1.50597596169, 1.61771988869, 1.78042936325], "dvar": [0.759105443954, 1.00160086155, 1.12047123909, 1.28335893154, 1.42021214962, 1.3975815773], "dvar2": [1.28293025494, 1.76306426525, 2.07069468498, 2.28900313377, 2.38234710693, 2.318880081