{"lowlevel": {"average_loudness": 0.383311748505, "barkbands_crest": {"dmean": 2.81631302834, "dmean2": 4.55625915527, "dvar": 6.44648218155, "dvar2": 16.672000885, "max": 26.613161087, "mean": 14.5568151474, "median": 14.0091991425, "min": 2.30429410934, "var": 20.3353214264}, "barkbands_flatness_db": {"dmean": 0.0494377724826, "dmean2": 0.0793204382062, "dvar": 0.00335664721206, "dvar2": 0.00784957874566, "max": 0.746863901615, "mean": 0.404528021812, "median": 0.423013061285, "min": 0.0251447241753, "var": 0.014092663303}, "barkbands_kurtosis": {"dmean": 9.57522106171, "dmean2": 15.8778390884, "dvar": 368.179473877, "dvar2": 953.157226562, "max": 701.790039062, "mean": 13.7470550537, "median": 7.15759086609, "min": -1.90912282467, "var": 500.267364502}, "barkbands_skewness": {"dmean": 0.981080293655, "dmean2": 1.59248840809, "dvar": 1.43406164646, "dvar2": 3.69068861008, "max": 23.2061386108, "mean": 1.53517365456, "median": 1.28525960445, "min": -9.40804386139, "var": 3.25503611565}, "barkbands_spread": {"dmean": 2.886323452, "dmean2": 5.01661109924, "dvar": 56.3377761841, "dvar2": 151.808685303, "max": 105.976539612, "mean": 4.22954702377, "median": 1.77379369736, "min": 0.0898378193378, "var": 78.475944519}, "dissonance": {"dmean": 0.0623428709805, "dmean2": 0.104750677943, "dvar": 0.00303048011847, "dvar2": 0.00813240651041, "max": 0.500000238419, "mean": 0.365149885416, "median": 0.380410432816, "min": 0.038192011416, "var": 0.008360510692}, "dynamic_complexity": 5.34217977524, "erbbands_crest": {"dmean": 3.31271219254, "dmean2": 5.44593858719, "dvar": 9.23849201202, "dvar2": 24.3180198669, "max": 32.4459724426, "mean": 14.3316202164, "median": 13.3499193192, "min": 2.134806633, "var": 28.929681778}, "erbbands_flatness_db": {"dmean": 0.0406992398202, "dmean2": 0.0656461119652, "dvar": 0.00246725790203, "dvar2": 0.00555490888655, "max": 0.632980048656, "mean": 0.354308307171, "median": 0.369645923376, "min": 0.027431614697, "var": 0.0102445967495}, "erbbands_kurtosis": {"dmean": 5.77836894989, "dmean2": 9.48332214355, "dvar": 103.505523682, "dvar2": 270.492126465, "max": 371.150604248, "mean": 8.78163909912, "median": 4.55520915985, "min": -1.95632135868, "var": 188.593002319}, "erbbands_skewness": {"dmean": 0.807085692883, "dmean2": 1.29948365688, "dvar": 0.876836597919, "dvar2": 2.25099992752, "max": 14.7192401886, "mean": 1.61997938156, "median": 1.49978280067, "min": -5.63266944885, "var": 1.98311173916}, "erbbands_spread": {"dmean": 7.35075855255, "dmean2": 12.5489263535, "dvar": 211.786834717, "dvar2": 545.126037598, "max": 130.558837891, "mean": 12.6769990921, "median": 6.451359272, "min": 0.279820114374, "var": 277.905090332}, "hfc": {"dmean": 2.84181380272, "dmean2": 4.75084447861, "dvar": 61.421962738, "dvar2": 172.110107422, "max": 226.072341919, "mean": 5.95898151398, "median": 3.43115758896, "min": 1.1421490199e-16, "var": 71.4153213501}, "melbands_crest": {"dmean": 3.46088266373, "dmean2": 5.58281850815, "dvar": 9.90774059296, "dvar2": 25.5837192535, "max": 35.7667236328, "mean": 18.6799964905, "median": 17.9393787384, "min": 2.17299747467, "var": 33.6487846375}, "melbands_flatness_db": {"dmean": 0.0568228363991, "dmean2": 0.0913606584072, "dvar": 0.00465102866292, "dvar2": 0.0110080903396, "max": 0.915514528751, "mean": 0.534619629383, "median": 0.557292044163, "min": 0.00680464180186, "var": 0.0188936591148}, "melbands_kurtosis": {"dmean": 11.2505397797, "dmean2": 18.7387237549, "dvar": 484.037231445, "dvar2": 1252.1730957, "max": 451.059570312, "mean": 16.065284729, "median": 8.09560585022, "min": -1.9260417223, "var": 646.006103516}, "melbands_skewness": {"dmean": 0.98594969511, "dmean2": 1.60231375694, "dvar": 1.56166958809, "dvar2": 4.00035667419, "max": 16.1398086548, "mean": 1.94816410542, "median": 1.61796367168, "min": -3.32764434814, "var": 3.32961940765}, "melbands_spread": {"dmean": 3.06542086601, "dmean2": 5.36301851273, "dvar": 95.7493972778, "dvar2": 262.377441406, "max": 160.989212036, "mean": 4.59102582932, "median": 2.24126195908, "min": 0.158045560122, "var": 102.02142334}, "pitch_salience": {"dmean": 0.0830047354102, "dmean2": 0.133975505829, "dvar": 0.00570352096111, "dvar2": 0.0146566992626, "max": 0.945764899254, "mean": 0.529688119888, "median": 0.540982186794, "min": 0.0357732512057, "var": 0.0193207096308}, "silence_rate_20dB": {"dmean": 0, "dmean2": 0, "dvar": 0, "dvar2": 0, "max": 1, "mean": 1, "median": 1, "min": 1, "var": 0}, "silence_rate_30dB": {"dmean": 0.00893305242062, "dmean2": 0.0178670007735, "dvar": 0.00885111559182, "dvar2": 0.0209588520229, "max": 1, "mean": 0.982737004757, "median": 1, "min": 0, "var": 0.016969460994}, "silence_rate_60dB": {"dmean": 0.0431596897542, "dmean2": 0.0863237157464, "dvar": 0.041312277317, "dvar2": 0.0958310067654, "max": 1, "mean": 0.183971494436, "median": 0, "min": 0, "var": 0.150157272816}, "spectral_centroid": {"dmean": 137.69670105, "dmean2": 239.375762939, "dvar": 144612.40625, "dvar2": 377802.71875, "max": 10588.4902344, "mean": 377.42401123, "median": 269.814941406, "min": 84.1294021606, "var": 165684.6875}, "spectral_complexity": {"dmean": 1.43159687519, "dmean2": 2.45490598679, "dvar": 5.49042797089, "dvar2": 14.5667505264, "max": 55, "mean": 5.43659353256, "median": 5, "min": 0, "var": 9.81106853485}, "spectral_decrease": {"dmean": 1.86927118229e-09, "dmean2": 2.79608181053e-09, "dvar": 8.78596256914e-18, "dvar2": 2.09741686285e-17, "max": 1.34253883131e-29, "mean": -6.01754468477e-09, "median": -3.69906238973e-09, "min": -8.03184008191e-08, "var": 5.08363664692e-17}, "spectral_energy": {"dmean": 0.00726837711409, "dmean2": 0.0109075792134, "dvar": 0.000131970518851, "dvar2": 0.000316142250085, "max": 0.307728201151, "mean": 0.0232521481812, "median": 0.0143355010077, "min": 1.03089645661e-20, "var": 0.000753334083129}, "spectral_energyband_high": {"dmean": 9.06403729459e-05, "dmean2": 0.000170019600773, "dvar": 4.68085602279e-07, "dvar2": 1.36560333885e-06, "max": 0.0445158220828, "mean": 5.60723347007e-05, "median": 1.09358666123e-07, "min": 7.640887038e-21, "var": 2.60612011971e-07}, "spectral_energyband_low": {"dmean": 0.00279627670534, "dmean2": 0.00413764081895, "dvar": 4.44554243586e-05, "dvar2": 0.000109643697215, "max": 0.251281529665, "mean": 0.0070212315768, "median": 0.00311653339304, "min": 5.71351569486e-23, "var": 0.000144363657455}, "spectral_energyband_middle_high": {"dmean": 0.000471600505989, "dmean2": 0.000863125082105, "dvar": 6.49559979138e-06, "dvar2": 1.83469928743e-05, "max": 0.0707248225808, "mean": 0.000370378722437, "median": 3.46530905517e-05, "min": 1.32830191513e-21, "var": 4.04868478654e-06}, "spectral_energyband_middle_low": {"dmean": 0.0060839895159, "dmean2": 0.00909515004605, "dvar": 0.000102193014754, "dvar2": 0.000235568659264, "max": 0.296217948198, "mean": 0.0188166201115, "median": 0.0104259522632, "min": 3.54125289665e-22, "var": 0.000570140720811}, "spectral_entropy": {"dmean": 0.41117593646, "dmean2": 0.662397027016, "dvar": 0.294193029404, "dvar2": 0.686364710331, "max": 9.78299045563, "mean": 5.30088472366, "median": 5.09320020676, "min": 2.74492835999, "var": 0.883755207062}, "spectral_flux": {"dmean": 0.0211962908506, "dmean2": 0.0351813323796, "dvar": 0.000741837546229, "dvar2": 0.00168293796014, "max": 0.427148014307, "mean": 0.0542928464711, "median": 0.0464237779379, "min": 1.01533073615e-10, "var": 0.0015947856009}, "spectral_kurtosis": {"dmean": 56.1502761841, "dmean2": 95.9993438721, "dvar": 6124.23144531, "dvar2": 17363.6289062, "max": 1355.42907715, "mean": 132.268112183, "median": 102.144897461, "min": -1.24902355671, "var": 15997.6542969}, "spectral_rms": {"dmean": 0.000708950916305, "dmean2": 0.001068717218, "dvar": 6.80992627622e-07, "dvar2": 1.65277265296e-06, "max": 0.0173269342631, "mean": 0.00405838806182, "median": 0.00373976677656, "min": 3.17136030978e-12, "var": 6.21448634774e-06}, "spectral_rolloff": {"dmean": 186.404052734, "dmean2": 345.057952881, "dvar": 573177.125, "dvar2": 1540593.625, "max": 18690.8203125, "mean": 454.849151611, "median": 301.46484375, "min": 64.599609375, "var": 1081485.125}, "spectral_skewness": {"dmean": 2.16261315346, "dmean2": 3.61906909943, "dvar": 5.18567991257, "dvar2": 12.6656923294, "max": 32.0963516235, "mean": 8.19907474518, "median": 7.84912776947, "min": -0.803071379662, "var": 21.9901695251}, "spectral_spread": {"dmean": 698503.125, "dmean2": 1187171.75, "dvar": 1041278369790.0, "dvar2": 2306346057730.0, "max": 41201340, "mean": 1615098.75, "median": 1077435, "min": 67462.0625, "var": 2554866171900.0}, "spectral_strongpeak": {"dmean": 0.262931913137, "dmean2": 0.423162341118, "dvar": 0.132259145379, "dvar2": 0.337631076574, "max": 8.70212936401, "mean": 0.700512707233, "median": 0.486128002405, "min": 0, "var": 0.474455922842}, "zerocrossingrate": {"dmean": 0.00341720902361, "dmean2": 0.00488790962845, "dvar": 5.41782173968e-05, "dvar2": 8.4925624833e-05, "max": 0.49951171875, "mean": 0.0162211954594, "median": 0.01220703125, "min": 0.001953125, "var": 0.000491437269375}, "barkbands": {"dmean": [4.90608799737e-05, 0.0013679106487, 0.000944051716942, 0.00243341876194, 0.00344335637055, 0.00147477036808, 0.000325120228808, 0.000212232189369, 7.66583398217e-05, 3.77622018277e-05, 6.06040339335e-05, 0.00010280629067, 1.63801159943e-05, 1.71441115526e-05, 1.73206735781e-05, 4.2979601858e-05, 0.00010829832172, 3.05726607621e-05, 5.70187148696e-05, 3.51169910573e-05, 1.98800553335e-05, 1.91182007256e-05, 1.18002490126e-05, 4.69670976599e-06, 4.81015149489e-06, 6.19667116553e-06, 4.83212625113e-06], "dmean2": [7.72692073951e-05, 0.00207029026933, 0.00156674231403, 0.00346057279967, 0.00531611731276, 0.00221296609379, 0.000536179926712, 0.000343230320141, 0.000125683101942, 6.50850270176e-05, 0.000112935558718, 0.000192021063413, 2.9482125683e-05, 3.04970562865e-05, 3.06647489197e-05, 7.90645644884e-05, 0.000198959751287, 5.55634542252e-05, 0.000106269188109, 6.56085103401e-05, 3.75414747396e-05, 3.59900514013e-05, 2.19782468776e-05, 8.65725542099e-06, 9.0098765213e-06, 1.15208222269e-05, 8.75481873663e-06], "dvar": [3.55329703439e-08, 1.96177425096e-05, 1.28082983792e-05, 3.35041841026e-05, 4.12999943364e-05, 1.38822260851e-05, 2.18926425077e-06, 8.08179549949e-07, 1.59026427582e-07, 2.99794677971e-08, 2.75231570868e-07, 6.62683021346e-07, 1.06952464662e-08, 1.00345500798e-08, 3.19642481372e-08, 2.85110246523e-07, 1.4360964542e-06, 7.10029155471e-08, 1.95080900767e-07, 3.17406971817e-07, 2.1133942596e-08, 1.90203195416e-08, 1.66977152105e-08, 1.3297056789e-09, 9.98881310998e-10, 3.11525361063e-09, 1.39470091032e-09], "dvar2": [8.42631706632e-08, 4.39769246441e-05, 3.56768650818e-05, 7.48526363168e-05, 9.74478462012e-05, 3.02050011669e-05, 5.62465947951e-06, 2.11454926102e-06, 3.97646374495e-07, 8.30891337955e-08, 8.02949898571e-07, 1.91169647223e-06, 3.00869409386e-08, 2.863327353e-08, 8.81250485918e-08, 8.1470642499e-07, 4.03087233281e-06, 1.97634662413e-07, 5.45324894574e-07, 9.15823761716e-07, 6.08458137208e-08, 5.50327570181e-08, 4.65832385999e-08, 3.60773722008e-09, 2.86328960541e-09, 8.92313689604e-09, 3.85500742439e-09], "max": [0.00828629266471, 0.202006012201, 0.180943846703, 0.27043402195, 0.246115520597, 0.14229734242, 0.0589763000607, 0.0375042781234, 0.0246581975371, 0.00695025874302, 0.0326691791415, 0.0244305469096, 0.00399018032476, 0.00324979261495, 0.0135881118476, 0.0338853038847, 0.0509549081326, 0.0147427162156, 0.0150581272319, 0.0420144237578, 0.00378498877399, 0.00434431340545, 0.00647560367361, 0.0019082785584, 0.000831506389659, 0.00390266627073, 0.00144080095924], "mean": [7.42511547287e-05, 0.00251258327626, 0.00143019249663, 0.00645417580381, 0.00813719071448, 0.00322227808647, 0.000523219059687, 0.000343029387295, 0.000120987024275, 4.91976934427e-05, 4.15375689045e-05, 7.59006361477e-05, 1.44139403346e-05, 1.68330534507e-05, 1.53524724738e-05, 2.88576484309e-05, 6.94337068126e-05, 2.14967822103e-05, 3.4902295738e-05, 2.1971984097e-05, 1.20977674669e-05, 1.15238181024e-05, 7.20215803085e-06, 3.03188789985e-06, 3.02077137349e-06, 3.98515521738e-06, 3.37262395078e-06], "median": [9.85342740023e-06, 0.00057337526232, 0.000457066111267, 0.00120274501387, 0.00326891755685, 0.00098171888385, 0.000111967638077, 5.0575385103e-05, 1.66581648955e-05, 8.75476780493e-06, 1.42689930271e-06, 1.96993869395e-06, 9.98599375635e-07, 6.49125126984e-07, 6.29718726941e-07, 4.46785236363e-07, 2.35732102283e-07, 1.15640162335e-07, 8.84218280817e-08, 3.44720803014e-08, 2.84188388378e-08, 1.23641186178e-08, 4.67999905496e-09, 3.88013887687e-09, 3.02621128156e-09, 3.021489281e-09, 3.13847858813e-09], "min": [4.82232840729e-24, 9.84667541494e-24, 3.19027971846e-23, 1.3861305313e-23, 4.79874754045e-23, 6.95204246218e-23, 6.24860509558e-23, 4.11762610222e-23, 1.14278783108e-22, 1.51540905645e-23, 5.16219690096e-23, 1.26252366363e-22, 7.63108761851e-23, 1.88649080399e-22, 1.46719343616e-22, 6.0749231678e-23, 1.93643655401e-22, 2.28419584977e-22, 1.48424456996e-22, 2.44155933776e-22, 4.16598933417e-22, 5.0715748952e-22, 5.94473158348e-22, 7.57281528386e-22, 1.81002668053e-21, 1.30001409513e-21, 2.22774723531e-21], "var": [7.36527070444e-08, 5.19320819876e-05, 1.3508280972e-05, 0.000206358614378, 0.000210174825042, 6.28107445664e-05, 4.46561898571e-06, 1.47745890899e-06, 2.36561561451e-07, 3.04989349331e-08, 1.50641014329e-07, 4.01318800414e-07, 7.28408489081e-09, 7.66028040999e-09, 2.09367634341e-08, 1.64631572375e-07, 8.78949492744e-07, 4.96767711411e-08, 1.19506111673e-07, 1.8211534325e-07, 1.21869643266e-08, 1.09433955231e-08, 1.02130091051e-08, 8.92774632e-10, 5.92219551176e-10, 1.88828308545e-09, 9.72733782412e-10]}, "erbbands": {"dmean": [0.0381892696023, 0.320852160454, 0.960603058338, 4.5096373558, 9.27528190613, 12.7109022141, 15.537270546, 10.4511470795, 5.8479514122, 3.88704776764, 4.43522977829, 1.93567121029, 1.24998188019, 1.19756281376, 4.33043432236, 2.95180988312, 0.814889907837, 0.905455768108, 0.810701668262, 1.25488293171, 3.41299319267, 5.98861503601, 1.95844054222, 3.14567089081, 2.02857422829, 1.76933801174, 0.858510077, 0.927570998669, 0.670844435692, 0.349422335625, 0.298909932375, 0.183340355754, 0.0723154172301, 0.0521542578936, 0.0314471907914, 0.0214440487325, 0.0133729772642, 0.00486222282052, 0.000766010838561, 4.74203880003e-05], "dmean2": [0.0549159757793, 0.498086869717, 1.56574356556, 6.41400384903, 14.4840946198, 19.3240833282, 23.6450271606, 15.4902791977, 9.493227005, 6.3715839386, 7.13613796234, 3.1445710659, 2.12549686432, 2.13787937164, 8.15367126465, 5.45746946335, 1.46718895435, 1.60993289948, 1.42940664291, 2.28195762634, 6.26534366608, 10.9758329391, 3.54100728035, 5.88973760605, 3.72242426872, 3.34417104721, 1.62471234798, 1.75595235825, 1.26021254063, 0.647136092186, 0.556466937065, 0.342724889517, 0.134566456079, 0.0978904888034, 0.0587022453547, 0.0400846712291, 0.0248488839716, 0.00885513331741, 0.00138823781163, 8.45004906296e-05], "dvar": [0.0146818691865, 1.16083168983, 11.8861398697, 107.989952087, 451.686584473, 693.835998535, 1062.05529785, 849.39855957, 895.200744629, 127.467391968, 441.720367432, 93.474029541, 37.2884902954, 40.9698829651, 1415.13012695, 430.546783447, 20.6415290833, 28.6293182373, 25.5966739655, 201.233169556, 1851.70288086, 4027.92138672, 242.438980103, 496.696563721, 434.899841309, 1143.41931152, 51.9915924072, 49.2388954163, 21.9673347473, 10.1578989029, 9.36758899689, 3.98524260521, 0.265470594168, 0.117187000811, 0.0492194853723, 0.0352089107037, 0.0150447757915, 0.00150408793706, 3.24061002175e-05, 1.15197103412e-07], "dvar2": [0.0286246053874, 2.70477128029, 32.4708023071, 244.950759888, 1148.21655273, 1560.89135742, 2390.09765625, 1863.81555176, 2262.76806641, 328.226470947, 1150.4510498, 229.544799805, 102.542251587, 117.011703491, 4106.40625, 1235.12988281, 58.555721283, 79.7770462036, 72.9972991943, 565.411621094, 5269.54736328, 11222.140625, 658.267822266, 1408.78479004, 1167.19628906, 3350.78930664, 152.922866821, 141.015869141, 63.7777481079, 27.333108902, 25.5766162872, 11.3633356094, 0.754938364029, 0.335923075676, 0.141313329339, 0.100992530584, 0.0430487245321, 0.00411707023159, 9.0128982265e-05, 3.25151432889e-07], "max": [7.31982803345, 39.7837944031, 169.894287109, 466.397338867, 731.715454102, 1493.64038086, 846.231384277, 1072.09204102, 1164.95068359, 333.23034668, 989.564819336, 571.18560791, 254.989624023, 292.47857666, 1499.96374512, 543.517089844, 167.949935913, 202.144775391, 192.781188965, 975.323303223, 2524.95922852, 2594.03515625, 969.629699707, 562.239501953, 842.681640625, 2758.86474609, 311.710601807, 219.727676392, 144.147720337, 184.450363159, 171.910919189, 110.671714783, 15.0226240158, 7.67672777176, 8.7681388855, 12.7395486832, 8.81297683716, 1.54832482338, 0.180430486798, 0.0158604867756], "mean": [0.0741260275245, 0.563981235027, 1.65109777451, 12.2512559891, 21.4819583893, 29.2517662048, 33.1978492737, 22.7297801971, 10.3884868622, 6.49441480637, 7.21044921875, 3.22095108032, 1.76888489723, 1.27440607548, 2.86182928085, 2.40045404434, 0.739591658115, 0.922374486923, 0.772636532784, 0.95798522234, 2.22566103935, 3.85427522659, 1.38349616528, 1.94846713543, 1.28959715366, 1.09647786617, 0.521208405495, 0.557582855225, 0.406616389751, 0.220358729362, 0.183953016996, 0.112753152847, 0.0455652475357, 0.0325324237347, 0.0201230961829, 0.0137208113447, 0.00851627159864, 0.0033110990189, 0.000553776451852, 5.25012910657e-05], "median": [0.0152322622016, 0.134985715151, 0.665660142899, 3.09790635109, 7.3223156929, 10.7180595398, 11.5073823929, 6.67122554779, 2.90060663223, 1.53503155708, 1.16255712509, 0.545461297035, 0.355542510748, 0.229600608349, 0.121361389756, 0.0828997194767, 0.0601812377572, 0.0441764220595, 0.042004596442, 0.0361893475056, 0.0253716818988, 0.0149475475773, 0.0082204407081, 0.00694729201496, 0.00390219618566, 0.00188370083924, 0.00138525804505, 0.000955627707299, 0.000498002686072, 0.000240550143644, 0.000133334848215, 0.000100378871139, 7.38401868148e-05, 5.25061041117e-05, 3.65355772374e-05, 2.54910355579e-05, 1.42631133713e-05, 3.4188835798e-06, 1.04558112071e-05, 1.81043033081e-05], "min": [4.26976606884e-22, 2.2865208816e-21, 2.72844878816e-20, 5.47673117021e-20, 6.70029931723e-20, 1.77768286845e-19, 4.51475695319e-19, 4.99014954195e-19, 7.87798440192e-19, 7.1331129132e-19, 1.45086662601e-18, 2.87920767637e-18, 1.09798114033e-18, 8.36183387846e-19, 4.36022121e-18, 3.75796341371e-18, 3.39917485699e-18, 5.64810461421e-18, 1.14317642785e-17, 6.0844903638e-18, 3.82609993513e-18, 1.21701801395e-17, 1.37751090512e-17, 7.99427544949e-18, 8.69073919138e-18, 1.13964676546e-17, 2.15682447814e-17, 1.11121292821e-17, 1.53480351722e-17, 1.91274548238e-17, 1.61611884559e-17, 1.52444539615e-17, 1.48889284255e-17, 1.90015215386e-17, 1.14135017849e-17, 5.57315874199e-18, 2.46879705237e-18, 1.0956701011e-18, 3.13066872143e-19, 3.50667355626e-20], "var": [0.0479378141463, 2.75151538849, 13.0901250839, 670.713623047, 1547.23303223, 3789.68603516, 3959.31982422, 3444.64575195, 1979.89941406, 252.299194336, 797.168945312, 153.29498291, 40.4250030518, 26.7216587067, 782.93572998, 307.616394043, 14.2888526917, 24.1749134064, 17.2744998932, 122.383460999, 1080.73547363, 2516.4543457, 183.088088989, 294.22845459, 298.327178955, 621.90447998, 28.2268714905, 28.5724048615, 12.7473917007, 6.82367897034, 6.03213119507, 2.3226017952, 0.160038307309, 0.0695101767778, 0.0295316334814, 0.0218110028654, 0.0089355846867, 0.0010588207515, 2.28476637858e-05, 7.55090852067e-08]}, "gfcc": {"mean": [-238.634368896, 209.396240234, -39.9593429565, -1.79464697838, -32.7722320557, -28.7316894531, -31.75, -16.2966022491, -18.0761680603, -12.0303277969, -11.002951622, -7.37558269501, -2.44119048119], "cov": [[11645.0166016, -2503.60644531, -1376.50061035, 1424.39465332, -210.077667236, 188.963684082, -174.399169922, 189.247146606, -149.120223999, 176.462997437, -34.0930137634, 189.307739258, -196.423477173], [-2503.60644531, 3625.17041016, 605.557189941, -1186.31848145, 582.568481445, -247.882263184, 114.835517883, -274.146118164, 292.497436523, -287.69317627, 81.6860046387, -339.825866699, 270.768188477], [-1376.50061035, 605.557189941, 1828.39050293, 38.259185791, -257.277496338, -83.0960159302, 6.71500825882, 11.887014389, 33.8117370605, -102.628890991, 15.717962265, -38.9535140991, 97.751159668], [1424.39465332, -1186.31848145, 38.259185791, 1040.5612793, -135.311538696, -21.9305438995, -8.33320331573, 115.693954468, -34.4533348083, 80.7872924805, -0.798949420452, 99.9459762573, -62.8013076782], [-210.077667236, 582.568481445, -257.277496338, -135.311538696, 795.212463379, 124.496337891, -145.91255188, -64.6785812378, 115.882766724, -12.3850870132, -24.7682285309, -49.2077827454, 49.4892158508], [188.963684082, -247.882263184, -83.0960159302, -21.9305438995, 124.496337891, 410.094360352, 17.3828487396, -43.185459137, 10.3621025085, 48.5685005188, -17.6569423676, 26.5489006042, -35.2150497437], [-174.399169922, 114.835517883, 6.71500825882, -8.33320331573, -145.91255188, 17.3828487396, 293.245574951, 64.8566665649, -62.8655166626, 1.58458352089, 41.923866272, -14.8928956985, -18.6757984161], [189.247146606, -274.146118164, 11.887014389, 115.693954468, -64.6785812378, -43.185459137, 64.8566665649, 240.152008057, 25.2166900635, 9.39672756195, -2.96460533142, 43.0668144226, -30.1319160461], [-149.120223999, 292.497436523, 33.8117370605, -34.4533348083, 115.882766724, 10.3621025085, -62.8655166626, 25.2166900635, 226.917663574, 27.7085838318, -33.8772315979, -31.8238639832, 50.5040626526], [176.462997437, -287.69317627, -102.628890991, 80.7872924805, -12.3850870132, 48.5685005188, 1.58458352089, 9.39672756195, 27.7085838318, 172.85244751, 12.9486532211, 10.1886072159, -12.9436645508], [-34.0930137634, 81.6860046387, 15.717962265, -0.798949420452, -24.7682285309, -17.6569423676, 41.923866272, -2.96460533142, -33.8772315979, 12.9486532211, 141.245956421, 47.7008934021, 4.44753026962], [189.307739258, -339.825866699, -38.9535140991, 99.9459762573, -49.2077827454, 26.5489006042, -14.8928956985, 43.0668144226, -31.8238639832, 10.1886072159, 47.7008934021, 153.548309326, 15.0215358734], [-196.423477173, 270.768188477, 97.751159668, -62.8013076782, 49.4892158508, -35.2150497437, -18.6757984161, -30.1319160461, 50.5040626526, -12.9436645508, 4.44753026962, 15.0215358734, 130.116195679]], "icov": [[0.000125284292153, -5.46015544387e-05, 0.000125691265566, -0.000209490695852, 0.000112160938443, -0.000143643948832, 0.00021592133271, -0.000149845611304, 0.000148056918988, -2.19537650992e-05, 2.33029550145e-06, 5.23990383954e-05, -4.38112147094e-05], [-5.46015544387e-05, 0.00218838686123, -0.000632129376754, 0.0016442387132, -0.00147153041326, 0.00150436989497, -0.00231617502868, 0.00188958086073, -0.00269568827935, 0.0023123412393, -0.00212571932934, 0.0022600106895, -0.00120783201419], [0.000125691265566, -0.000632129376754, 0.000951091002207, -0.000723708420992, 0.000830187404063, -0.000699158117641, 0.00102812307887, -0.000831855053548, 0.000787047087215, -0.000163659467944, 0.000231207974139, 2.36654959735e-05, -0.000441087584477], [-0.000209490695852, 0.0016442387132, -0.000723708420992, 0.00263606873341, -0.00118368049152, 0.00146560871508, -0.00188515638001, 0.00126638857182, -0.00204000854865, 0.00109864526894, -0.00116909947246, 0.000713435583748, -0.000193594620214], [0.000112160938443, -0.00147153041326, 0.000830187404063, -0.00118368049152, 0.00287409685552, -0.00186620943714, 0.00265287351795, -0.00158342067152, 0.00143211975228, -0.00100868253503, 0.000782262883149, -0.000329200411215, -0.000192552382941], [-0.000143643948832, 0.00150436989497, -0.000699158117641, 0.00146560871508, -0.00186620943714, 0.00445831753314, -0.00289820739999, 0.00274111051112, -0.00250056409277, 0.000576409278437, -0.000132831148221, -0.000669498578645, 0.00113020499703], [0.00021592133271, -0.00231617502868, 0.00102812307887, -0.00188515638001, 0.00265287351795, -0.00289820739999, 0.00781219126657, -0.00438876217231, 0.00452922005206, -0.00219494989142, 7.83044015407e-05, 0.000521436799318, -0.000264069880359], [-0.000149845611304, 0.00188958086073, -0.000831855053548, 0.00126638857182, -0.00158342067152, 0.00274111051112, -0.00438876217231, 0.00800061132759, -0.00451543414965, 0.00189925392624, -0.000314442644594, -0.00145659421105, 0.00176522694528], [0.000148056918988, -0.00269568827935, 0.000787047087215, -0.00204000854865, 0.00143211975228, -0.00250056409277, 0.00452922005206, -0.00451543414965, 0.00994926225394, -0.00412445655093, 0.00296228704974, -0.000443900411483, -0.0016818495933], [-2.19537650992e-05, 0.0023123412393, -0.000163659467944, 0.00109864526894, -0.00100868253503, 0.000576409278437, -0.00219494989142, 0.00189925392624, -0.00412445655093, 0.00938952341676, -0.00354344747029, 0.00296111777425, -0.00121320667677], [2.33029550145e-06, -0.00212571932934, 0.000231207974139, -0.00116909947246, 0.000782262883149, -0.000132831148221, 7.83044015407e-05, -0.000314442644594, 0.00296228704974, -0.00354344747029, 0.0115164974704, -0.00645663915202, 0.00214351015165], [5.23990383954e-05, 0.0022600106895, 2.36654959735e-05, 0.000713435583748, -0.000329200411215, -0.000669498578645, 0.000521436799318, -0.00145659421105, -0.000443900411483, 0.00296111777425, -0.00645663915202, 0.013717292808, -0.00551187153906], [-4.38112147094e-05, -0.00120783201419, -0.000441087584477, -0.000193594620214, -0.000192552382941, 0.00113020499703, -0.000264069880359, 0.00176522694528, -0.0016818495933, -0.00121320667677, 0.00214351015165, -0.00551187153906, 0.0122158778831]]}, "melbands": {"dmean": [0.000363188883057, 0.000453126587672, 0.000909919792321, 0.000775283086114, 0.000545135466382, 0.000242547117523, 8.44510796014e-05, 4.3400839786e-05, 3.26464250975e-05, 1.08076437755e-05, 6.17076466369e-06, 4.49505114375e-06, 1.14294734885e-05, 1.42700982906e-05, 2.47842376666e-06, 1.69394979821e-06, 1.67715973021e-06, 1.25132896756e-06, 1.34568608701e-06, 2.11770088754e-06, 4.52306312582e-06, 7.16521708455e-06, 2.62584740085e-06, 1.37706615533e-06, 2.79347068499e-06, 1.78091625003e-06, 1.17210345252e-06, 1.23894938042e-06, 5.32508295237e-07, 4.60620015019e-07, 5.80873916078e-07, 4.51490905107e-07, 2.38156275145e-07, 1.67174391663e-07, 1.49419662421e-07, 2.2195639815e-07, 7.04589453449e-08, 4.85262994232e-08, 5.02237824662e-08, 3.99968875797e-08], "dmean2": [0.000538077962119, 0.000727228703909, 0.00132470787503, 0.0011875894852, 0.000826458795927, 0.000359814206604, 0.000137404771522, 7.11063039489e-05, 5.25128452864e-05, 1.77228412213e-05, 1.05075050669e-05, 7.94089373812e-06, 2.14594692807e-05, 2.67045015789e-05, 4.49368417321e-06, 3.00959163724e-06, 2.9937191357e-06, 2.208450951e-06, 2.40005147134e-06, 3.90736113332e-06, 8.31818397273e-06, 1.31810338644e-05, 4.74583566756e-06, 2.49739127867e-06, 5.25582754562e-06, 3.30116699843e-06, 2.14258398046e-06, 2.34731419368e-06, 1.00784791357e-06, 8.70100279826e-07, 1.10237863282e-06, 8.5249280346e-07, 4.44483561068e-07, 3.07234159891e-07, 2.75446154774e-07, 4.20811232971e-07, 1.29537056637e-07, 9.01304275658e-08, 9.39244273468e-08, 7.50361692781e-08], "dvar": [1.34131619234e-06, 2.31552667174e-06, 4.32252272731e-06, 2.41015982283e-06, 1.16811963835e-06, 4.62859645722e-07, 1.71470318833e-07, 1.61563313839e-08, 2.23791332132e-08, 3.28815508155e-09, 9.24950727121e-10, 5.39943811884e-10, 9.69489288849e-09, 1.3609313676e-08, 1.86758497556e-10, 1.22483384546e-10, 1.03037030297e-10, 5.52983422941e-11, 2.54168019964e-10, 6.08011585523e-10, 3.5654250663e-09, 6.18734263824e-09, 5.74996439351e-10, 1.39591019299e-10, 4.18884843478e-10, 3.0089894465e-10, 2.67089794725e-10, 8.044230837e-10, 2.36063009418e-11, 1.2146121782e-11, 2.02222908557e-11, 1.22200270736e-11, 4.46048233071e-12, 3.19037613168e-12, 2.51997381295e-12, 1.10194822017e-11, 3.61408900853e-13, 1.60628536297e-13, 1.12669605362e-13, 7.2674363001e-14], "dvar2": [2.82605878965e-06, 6.07067795499e-06, 9.96272592602e-06, 5.68327277506e-06, 2.62183993982e-06, 1.01780494788e-06, 4.34619863654e-07, 4.18208081499e-08, 5.76547165565e-08, 8.26554469313e-09, 2.54530241328e-09, 1.53242252221e-09, 2.81895484733e-08, 3.93056929227e-08, 5.27057286703e-10, 3.37856936872e-10, 2.90075546916e-10, 1.58619742341e-10, 6.97663371518e-10, 1.75746051045e-09, 1.0130244199e-08, 1.72628968897e-08, 1.56652812944e-09, 3.88370363646e-10, 1.19187681946e-09, 8.35651770004e-10, 7.01033120443e-10, 2.38345299053e-09, 6.97614327416e-11, 3.49811117573e-11, 5.84074108523e-11, 3.580045288e-11, 1.2635299057e-11, 8.48650056479e-12, 6.64204368589e-12, 3.23696902615e-11, 9.68009201442e-13, 4.60861980089e-13, 3.22469915354e-13, 2.08704079951e-13], "max": [0.0626529976726, 0.0658561736345, 0.0886526629329, 0.0633961558342, 0.029766978696, 0.0251049678773, 0.015572543256, 0.00326862488873, 0.00681552058086, 0.00369868939742, 0.00121222191956, 0.00110524264164, 0.0049949940294, 0.00350461481139, 0.000428825966083, 0.00044972152682, 0.000385139632272, 0.000284863286652, 0.00129222660325, 0.00145572517067, 0.00324610900134, 0.00319794542156, 0.00107289711013, 0.000608917092904, 0.000539922795724, 0.000758057984058, 0.00104439503048, 0.00241155014373, 0.000235877116211, 0.0001394245337, 0.000138103307108, 0.000122799086967, 7.10624372005e-05, 0.000117277864774, 0.000105053506559, 0.000211625316297, 3.56354794349e-05, 1.67938378581e-05, 8.74854049471e-06, 6.7745945671e-06], "mean": [0.000686740037054, 0.000773482490331, 0.00240500154905, 0.00187529670075, 0.00121464696713, 0.000529309676494, 0.000144796591485, 7.19023519196e-05, 5.28722775925e-05, 1.70994790096e-05, 8.48292711453e-06, 5.09387655256e-06, 7.63231037126e-06, 1.02286267065e-05, 2.29835518439e-06, 1.63578920365e-06, 1.66386655565e-06, 1.18653360914e-06, 1.13709620564e-06, 1.47116463722e-06, 2.91363517135e-06, 4.56093948742e-06, 1.80837480457e-06, 9.60317152021e-07, 1.70481973782e-06, 1.09412997062e-06, 7.69654491251e-07, 7.36858680739e-07, 3.199654941e-07, 2.79036612483e-07, 3.45241744526e-07, 2.69577327572e-07, 1.48624380358e-07, 1.06198335459e-07, 9.37715540772e-08, 1.30004110588e-07, 4.52910065007e-08, 3.0658256378e-08, 3.10886001387e-08, 2.49520386575e-08], "median": [0.00014998394181, 0.00026463920949, 0.000653628143482, 0.000728864572011, 0.000443860626547, 0.000151440661284, 3.7277379306e-05, 1.46683023559e-05, 8.05078070698e-06, 2.39581481765e-06, 1.46234970089e-06, 8.77775619301e-07, 3.15593894129e-07, 2.52119804145e-07, 1.07414798833e-07, 1.04575406112e-07, 5.82697481377e-08, 5.95884905863e-08, 4.57385880281e-08, 3.43374217948e-08, 2.43135573896e-08, 1.36920244032e-08, 7.93309862246e-09, 4.92924323581e-09, 5.10680742138e-09, 3.00194469283e-09, 1.52507662055e-09, 9.12031783429e-10, 7.93927923404e-10, 5.82506709534e-10, 4.45391029613e-10, 2.52953935576e-10, 1.42320683016e-10, 9.38427321961e-11, 5.97895483123e-11, 5.01904177941e-11, 4.26630918093e-11, 3.69683346435e-11, 3.27248679544e-11, 2.53263885558e-11], "min": [3.5682896369e-24, 1.04396653128e-23, 8.25329313781e-24, 1.02197648135e-23, 1.30713668238e-23, 1.23283245377e-23, 1.24440606877e-23, 6.74941896328e-24, 1.31784752021e-23, 1.79471188637e-23, 4.89088949186e-24, 2.56753714266e-24, 1.24977505609e-23, 1.39097129736e-23, 7.54666782651e-24, 8.0173298527e-24, 9.95267702136e-24, 2.15588948525e-23, 9.47595654342e-24, 5.33236484784e-24, 3.99964666848e-24, 1.13424345773e-23, 1.27513409429e-23, 1.23011088365e-23, 5.617850454e-24, 6.13156338079e-24, 6.5367661235e-24, 7.18757676473e-24, 1.51845958157e-23, 7.7614344191e-24, 5.84684099756e-24, 6.50458769831e-24, 1.37466664686e-23, 9.53142529797e-24, 8.25949752883e-24, 1.15025157542e-23, 8.71173413085e-24, 8.5369115102e-24, 1.48822995837e-23, 1.6564438179e-23], "var": [3.95724327973e-06, 3.14284193337e-06, 2.39444088947e-05, 1.27811090351e-05, 4.69755650556e-06, 1.944159294e-06, 3.7827052779e-07, 3.10203027709e-08, 4.05723916685e-08, 4.87461226939e-09, 1.00793651203e-09, 3.81958048523e-10, 5.33195532171e-09, 8.00416355418e-09, 1.88664889267e-10, 9.20353654399e-11, 8.30547713937e-11, 3.73936992482e-11, 1.65475869118e-10, 3.41970340934e-10, 2.08768846655e-09, 3.82858367232e-09, 4.1550282659e-10, 9.54339593462e-11, 2.44842118802e-10, 1.87240833949e-10, 1.95603575004e-10, 4.19648205074e-10, 1.2659736974e-11, 6.9668155793e-12, 1.14393546718e-11, 6.79945769827e-12, 2.73599372325e-12, 2.18007144455e-12, 1.74996041963e-12, 5.87608867814e-12, 2.48915878144e-13, 9.41373986141e-14, 6.64593434539e-14, 4.29960361477e-14]}, "mfcc": {"mean": [-878.25402832, 212.370056152, 67.056137085, 30.6395874023, 12.095741272, -2.37315535545, -9.05261516571, -8.01550483704, -6.81937646866, -7.5835108757, -8.10397911072, -7.85620546341, -5.07426071167], "cov": [[6730.57958984, -263.558624268, -1720.53979492, 368.890991211, 154.492965698, 100.709991455, 33.4289131165, 69.8147277832, -61.041847229, -18.9549922943, 97.353187561, 46.7714347839, 18.2670497894], [-263.558624268, 2351.44262695, 541.412841797, -342.020294189, 175.280456543, -43.1348609924, -130.826751709, -58.2211074829, 77.8687591553, 47.9816360474, -61.0374259949, -82.1792144775, -41.2577056885], [-1720.53979492, 541.412841797, 1583.13317871, 223.09211731, -227.599899292, -97.9671020508, -3.01430487633, 3.36546587944, 15.7729616165, 19.0033092499, -55.9559631348, -69.5627975464, -19.7040748596], [368.890991211, -342.020294189, 223.09211731, 734.302368164, 76.9729766846, -133.803665161, 3.07425475121, 33.3801383972, -9.38311767578, -8.76896286011, 19.4513034821, 18.3132381439, 7.76095438004], [154.492965698, 175.280456543, -227.599899292, 76.9729766846, 559.311889648, 207.253997803, -99.6090774536, -23.8148231506, 64.1976089478, 19.8449726105, -9.60515785217, 12.1738634109, 4.23704099655], [100.709991455, -43.1348609924, -97.9671020508, -133.803665161, 207.253997803, 384.898590088, 66.4200820923, -51.8310890198, 21.3958110809, 35.5856056213, -2.0932841301, -6.39898586273, 11.0429477692], [33.4289131165, -130.826751709, -3.01430487633, 3.07425475121, -99.6090774536, 66.4200820923, 251.403320312, 79.5307388306, -57.1431922913, -14.8221244812, 27.7975921631, 2.89041590691, 13.0836801529], [69.8147277832, -58.2211074829, 3.36546587944, 33.3801383972, -23.8148231506, -51.8310890198, 79.5307388306, 191.318511963, 37.1605567932, -33.808467865, 15.9413204193, 28.4018611908, 17.4787597656], [-61.041847229, 77.8687591553, 15.7729616165, -9.38311767578, 64.1976089478, 21.3958110809, -57.1431922913, 37.1605567932, 172.84387207, 76.4149398804, -6.75845623016, 10.4643259048, 10.8997335434], [-18.9549922943, 47.9816360474, 19.0033092499, -8.76896286011, 19.8449726105, 35.5856056213, -14.8221244812, -33.808467865, 76.4149398804, 155.97895813, 47.1012687683, -9.75226211548, -3.17080259323], [97.353187561, -61.0374259949, -55.9559631348, 19.4513034821, -9.60515785217, -2.0932841301, 27.7975921631, 15.9413204193, -6.75845623016, 47.1012687683, 113.023300171, 43.5509567261, -3.82857465744], [46.7714347839, -82.1792144775, -69.5627975464, 18.3132381439, 12.1738634109, -6.39898586273, 2.89041590691, 28.4018611908, 10.4643259048, -9.75226211548, 43.5509567261, 102.309822083, 38.1506614685], [18.2670497894, -41.2577056885, -19.7040748596, 7.76095438004, 4.23704099655, 11.0429477692, 13.0836801529, 17.4787597656, 10.8997335434, -3.17080259323, -3.82857465744, 38.1506614685, 91.6077194214]], "icov": [[0.000302470289171, -0.000199777830858, 0.000513809383847, -0.000534657621756, 0.000486994336825, -0.000547911971807, 0.000398914562538, -0.000427405291703, 0.000267648632871, -0.000100417375506, -2.73435707641e-05, 0.000144793884829, -2.31421854551e-05], [-0.000199777830858, 0.000801260583103, -0.000700986536685, 0.000950713409111, -0.00102806615178, 0.00104254111648, -0.000542988884263, 0.000615208118688, -0.000425846868893, 8.09519769973e-05, -5.74796104047e-05, 0.000186752047739, 2.47223815677e-05], [0.000513809383847, -0.000700986536685, 0.0018391382182, -0.00157488358673, 0.00170375977177, -0.00152946682647, 0.00108599662781, -0.0010921912035, 0.000560467131436, -0.000403463927796, 0.000399379670853, 0.000433334935224, 2.52737318078e-05], [-0.000534657621756, 0.000950713409111, -0.00157488358673, 0.00327811250463, -0.00246553542092, 0.00281429407187, -0.00174571329262, 0.00138539436739, -0.000718999246601, 0.000277688493952, -0.000383993639844, -0.000191053622984, -0.000163218923262], [0.000486994336825, -0.00102806615178, 0.00170375977177, -0.00246553542092, 0.00504082860425, -0.00429565319791, 0.00340643338859, -0.0022623767145, 0.00073776114732, -0.000258474930888, 0.000319152721204, -9.65587023529e-05, 0.000201864575502], [-0.000547911971807, 0.00104254111648, -0.00152946682647, 0.00281429407187, -0.00429565319791, 0.00722910510376, -0.00477706408128, 0.00404510460794, -0.00230666389689, 0.000466157274786, -0.000212336628465, 7.72130370024e-05, -0.00050134328194], [0.000398914562538, -0.000542988884263, 0.00108599662781, -0.00174571329262, 0.00340643338859, -0.00477706408128, 0.00920421257615, -0.00603343732655, 0.00472496449947, -0.00199843151495, -0.000233104583458, 0.000818273168989, -0.000669576926157], [-0.000427405291703, 0.000615208118688, -0.0010921912035, 0.00138539436739, -0.0022623767145, 0.00404510460794, -0.00603343732655, 0.0112721435726, -0.00681153452024, 0.00544693972915, -0.00303718587384, 7.77962486609e-05, -0.000822329253424], [0.000267648632871, -0.000425846868893, 0.000560467131436, -0.000718999246601, 0.00073776114732, -0.00230666389689, 0.00472496449947, -0.00681153452024, 0.0133475260809, -0.00893295742571, 0.00551448203623, -0.00316320708953, 0.000455536006484], [-0.000100417375506, 8.09519769973e-05, -0.000403463927796, 0.000277688493952, -0.000258474930888, 0.000466157274786, -0.00199843151495, 0.00544693972915, -0.00893295742571, 0.0148217827082, -0.00924843363464, 0.00536124315113, -0.00189527450129], [-2.73435707641e-05, -5.74796104047e-05, 0.000399379670853, -0.000383993639844, 0.000319152721204, -0.000212336628465, -0.000233104583458, -0.00303718587384, 0.00551448203623, -0.00924843363464, 0.0176021438092, -0.00948580354452, 0.00443145725876], [0.000144793884829, 0.000186752047739, 0.000433334935224, -0.000191053622984, -9.65587023529e-05, 7.72130370024e-05, 0.000818273168989, 7.77962486609e-05, -0.00316320708953, 0.00536124315113, -0.00948580354452, 0.0177088435739, -0.00718140089884], [-2.31421854551e-05, 2.47223815677e-05, 2.52737318078e-05, -0.000163218923262, 0.000201864575502, -0.00050134328194, -0.000669576926157, -0.000822329253424, 0.000455536006484, -0.00189527450129, 0.00443145725876, -0.00718140089884, 0.0143109001219]]}, "spectral_contrast_coeffs": {"dmean": [0.0512318089604, 0.0502670109272, 0.0414048619568, 0.0295800082386, 0.0309632364661, 0.0346909947693], "dmean2": [0.0821712836623, 0.0812738761306, 0.0689674094319, 0.049235727638, 0.0511595010757, 0.0594946555793], "dvar": [0.00194159243256, 0.0017345380038, 0.00132638169453, 0.000857569568325, 0.00153810158372, 0.00138794106897], "dvar2": [0.00491717923433, 0.00450825551525, 0.00360462185927, 0.00221382780001, 0.0036294227466, 0.00360130285844], "max": [-0.253975987434, -0.254793047905, -0.461299359798, -0.484499871731, -0.418961644173, -0.452326118946], "mean": [-0.557528853416, -0.685337245464, -0.770794868469, -0.827121734619, -0.811951816082, -0.839548528194], "median": [-0.552079558372, -0.691900014877, -0.777291059494, -0.841037750244, -0.823126971722, -0.842176437378], "min": [-0.955245614052, -0.954641580582, -0.972152411938, -0.986835181713, -0.969217836857, -0.962922096252], "var": [0.0113604301587, 0.00925546139479, 0.00551167828962, 0.00384154194035, 0.00474064424634, 0.00414027599618]}, "spectral_contrast_valleys": {"dmean": [0.420099139214, 0.393489420414, 0.505209922791, 0.541850864887, 0.610431313515, 0.77391576767], "dmean2": [0.68618619442, 0.650804162025, 0.835504055023, 0.882371306419, 0.99018985033, 1.30063557625], "dvar": [0.160094663501, 0.145098417997, 0.315972954035, 0.480337738991, 0.73141849041, 0.686815023422], "dvar2": [0.398