{"lowlevel": {"average_loudness": 0.6301907897, "barkbands_crest": {"dmean": 3.0225725174, "dmean2": 4.85790681839, "dvar": 12.1545534134, "dvar2": 25.6172657013, "max": 26.6162414551, "mean": 13.315782547, "median": 10.5841665268, "min": 1.77890372276, "var": 60.8472251892}, "barkbands_flatness_db": {"dmean": 0.0406627394259, "dmean2": 0.0607106015086, "dvar": 0.00186175631825, "dvar2": 0.00368888373487, "max": 0.493444621563, "mean": 0.163477271795, "median": 0.147708833218, "min": 0.012053581886, "var": 0.00752089638263}, "barkbands_kurtosis": {"dmean": 17.5235805511, "dmean2": 26.3814582825, "dvar": 2538.57836914, "dvar2": 5268.91455078, "max": 540.805969238, "mean": 22.1874828339, "median": 1.17560553551, "min": -1.93120992184, "var": 3961.28613281}, "barkbands_skewness": {"dmean": 1.36474430561, "dmean2": 2.00900912285, "dvar": 4.3335852623, "dvar2": 8.65402507782, "max": 21.5302619934, "mean": 2.24023532867, "median": 1.02672100067, "min": -7.79234886169, "var": 14.9192781448}, "barkbands_spread": {"dmean": 11.0445022583, "dmean2": 17.3069248199, "dvar": 177.547210693, "dvar2": 368.486846924, "max": 117.615219116, "mean": 24.4231109619, "median": 19.1034832001, "min": 0.202753812075, "var": 376.832092285}, "dissonance": {"dmean": 0.0118587790057, "dmean2": 0.0200702380389, "dvar": 0.000159060902661, "dvar2": 0.000413025700254, "max": 0.500000119209, "mean": 0.482626080513, "median": 0.487693309784, "min": 0.388767242432, "var": 0.000270787189947}, "dynamic_complexity": 5.85517549515, "erbbands_crest": {"dmean": 2.88443922997, "dmean2": 4.60683298111, "dvar": 10.9420919418, "dvar2": 22.3020744324, "max": 33.848903656, "mean": 8.89583015442, "median": 7.08848571777, "min": 2.53052186966, "var": 30.7006435394}, "erbbands_flatness_db": {"dmean": 0.0310176275671, "dmean2": 0.0468929968774, "dvar": 0.00120358762797, "dvar2": 0.00255831703544, "max": 0.474833130836, "mean": 0.158378869295, "median": 0.137250125408, "min": 0.0470544025302, "var": 0.00533550186083}, "erbbands_kurtosis": {"dmean": 1.54784679413, "dmean2": 2.44879293442, "dvar": 13.7487773895, "dvar2": 27.562505722, "max": 79.3768157959, "mean": 0.960293710232, "median": -0.0659668445587, "min": -1.85514998436, "var": 25.289018631}, "erbbands_skewness": {"dmean": 0.533272206783, "dmean2": 0.826807141304, "dvar": 0.338028818369, "dvar2": 0.796923279762, "max": 4.44651699066, "mean": -0.346964776516, "median": -0.358837783337, "min": -5.85415697098, "var": 0.64286673069}, "erbbands_spread": {"dmean": 14.5395679474, "dmean2": 22.768743515, "dvar": 218.253356934, "dvar2": 478.434997559, "max": 144.873840332, "mean": 44.7483482361, "median": 38.7012023926, "min": 0.58044552803, "var": 740.521362305}, "hfc": {"dmean": 17.1276702881, "dmean2": 24.5983028412, "dvar": 1324.5579834, "dvar2": 2358.43774414, "max": 389.423950195, "mean": 24.4251403809, "median": 10.4675283432, "min": 1.10536720973e-16, "var": 2228.11865234}, "melbands_crest": {"dmean": 3.53191351891, "dmean2": 5.44203901291, "dvar": 15.9121618271, "dvar2": 34.5445785522, "max": 37.6385421753, "mean": 17.8300056458, "median": 15.6249408722, "min": 1.65325450897, "var": 102.789413452}, "melbands_flatness_db": {"dmean": 0.0516881197691, "dmean2": 0.0746728032827, "dvar": 0.00267341127619, "dvar2": 0.00516273081303, "max": 0.611989200115, "mean": 0.206042200327, "median": 0.188484236598, "min": 0.00191174587235, "var": 0.0149435773492}, "melbands_kurtosis": {"dmean": 34.2510452271, "dmean2": 55.4582595825, "dvar": 6562.62451172, "dvar2": 15838.5566406, "max": 931.441223145, "mean": 58.7601318359, "median": 6.41471004486, "min": -1.77637577057, "var": 15638.5556641}, "melbands_skewness": {"dmean": 1.57228386402, "dmean2": 2.42828059196, "dvar": 4.78736782074, "dvar2": 10.7355394363, "max": 24.7360134125, "mean": 4.22820520401, "median": 2.29279971123, "min": -7.12853574753, "var": 25.3971271515}, "melbands_spread": {"dmean": 17.6432189941, "dmean2": 27.3424396515, "dvar": 625.804382324, "dvar2": 1166.55566406, "max": 204.077285767, "mean": 35.7071762085, "median": 23.1074371338, "min": 0.314824402332, "var": 1468.18811035}, "pitch_salience": {"dmean": 0.0998460948467, "dmean2": 0.159640744328, "dvar": 0.0121432170272, "dvar2": 0.0263370443135, "max": 0.931480050087, "mean": 0.480716824532, "median": 0.550463795662, "min": 0.0243487395346, "var": 0.0583916306496}, "silence_rate_20dB": {"dmean": 0, "dmean2": 0, "dvar": 0, "dvar2": 0, "max": 1, "mean": 1, "median": 1, "min": 1, "var": 0}, "silence_rate_30dB": {"dmean": 0.0637196302414, "dmean2": 0.12749004364, "dvar": 0.0596587844193, "dvar2": 0.121595457196, "max": 1, "mean": 0.860270678997, "median": 1, "min": 0, "var": 0.120206221938}, "silence_rate_60dB": {"dmean": 0.0645161271095, "dmean2": 0.129083663225, "dvar": 0.0603561326861, "dvar2": 0.123576663435, "max": 1, "mean": 0.330812096596, "median": 0, "min": 0, "var": 0.221375703812}, "spectral_centroid": {"dmean": 582.441711426, "dmean2": 889.578613281, "dvar": 421307.65625, "dvar2": 733059.4375, "max": 11591.4941406, "mean": 2060.09765625, "median": 1831.29418945, "min": 154.657104492, "var": 1786933.75}, "spectral_complexity": {"dmean": 5.04420566559, "dmean2": 7.58725118637, "dvar": 55.3669281006, "dvar2": 105.547386169, "max": 63, "mean": 11.7623405457, "median": 8, "min": 0, "var": 158.292449951}, "spectral_decrease": {"dmean": 2.73855826904e-09, "dmean2": 3.43496942001e-09, "dvar": 2.46962282678e-17, "dvar2": 3.695754634e-17, "max": 9.63787806503e-27, "mean": -1.01710009304e-08, "median": -2.13423012596e-09, "min": -6.13738819766e-08, "var": 1.8266756522e-16}, "spectral_energy": {"dmean": 0.0112564563751, "dmean2": 0.013860986568, "dvar": 0.000374303694116, "dvar2": 0.000562373432331, "max": 0.234958425164, "mean": 0.0406031012535, "median": 0.00948738865554, "min": 1.01931754363e-20, "var": 0.00274567911401}, "spectral_energyband_high": {"dmean": 0.00142607861198, "dmean2": 0.00213127001189, "dvar": 7.73772171669e-06, "dvar2": 1.48511326188e-05, "max": 0.0259703006595, "mean": 0.00160675309598, "median": 0.000388998596463, "min": 7.41211909205e-21, "var": 1.21342909551e-05}, "spectral_energyband_low": {"dmean": 0.00762088457122, "dmean2": 0.00982022192329, "dvar": 0.000310586765409, "dvar2": 0.000453603919595, "max": 0.212594375014, "mean": 0.0306607894599, "median": 0.000514456594829, "min": 1.95088504636e-23, "var": 0.00228232960217}, "spectral_energyband_middle_high": {"dmean": 0.00181814737152, "dmean2": 0.00249048764817, "dvar": 1.26261884361e-05, "dvar2": 2.06551030715e-05, "max": 0.0388822965324, "mean": 0.00329111749306, "median": 0.00106653897092, "min": 1.35442091038e-21, "var": 2.87959519483e-05}, "spectral_energyband_middle_low": {"dmean": 0.00489642377943, "dmean2": 0.00770119298249, "dvar": 0.000155443223775, "dvar2": 0.000339694408467, "max": 0.205567598343, "mean": 0.00635198876262, "median": 0.00140332151204, "min": 1.80728399418e-22, "var": 0.000238525972236}, "spectral_entropy": {"dmean": 0.315193206072, "dmean2": 0.463775277138, "dvar": 0.116500981152, "dvar2": 0.210574060678, "max": 9.82088184357, "mean": 7.82249641418, "median": 7.93884706497, "min": 5.3424448967, "var": 0.340652853251}, "spectral_flux": {"dmean": 0.032751172781, "dmean2": 0.049498513341, "dvar": 0.00218112533912, "dvar2": 0.00432940060273, "max": 0.408336430788, "mean": 0.0688609927893, "median": 0.0460793375969, "min": 6.61629223631e-11, "var": 0.00467390567064}, "spectral_kurtosis": {"dmean": 2.91452813148, "dmean2": 4.69480848312, "dvar": 16.1641979218, "dvar2": 38.6042098999, "max": 56.8838272095, "mean": 4.75945472717, "median": 3.41439580917, "min": -1.24381649494, "var": 30.7817726135}, "spectral_rms": {"dmean": 0.000854532059748, "dmean2": 0.00103498343378, "dvar": 1.24112193589e-06, "dvar2": 1.72878696958e-06, "max": 0.0151402689517, "mean": 0.00478086201474, "median": 0.00304236472584, "min": 3.15349981371e-12, "var": 1.67561720446e-05}, "spectral_rolloff": {"dmean": 1503.21130371, "dmean2": 2577.33666992, "dvar": 5814926.5, "dvar2": 11638149, "max": 19444.4824219, "mean": 2953.04370117, "median": 1873.38867188, "min": 64.599609375, "var": 12966249}, "spectral_skewness": {"dmean": 0.362436830997, "dmean2": 0.564791381359, "dvar": 0.154762268066, "dvar2": 0.320934414864, "max": 5.23824262619, "mean": 1.41721558571, "median": 1.3266466856, "min": -0.0536001473665, "var": 0.36909481883}, "spectral_spread": {"dmean": 1305141.875, "dmean2": 1931645.625, "dvar": 2540361744380.0, "dvar2": 4817999101950.0, "max": 42514896, "mean": 5446595.5, "median": 5423646.5, "min": 1223051.125, "var": 16031866159100.0}, "spectral_strongpeak": {"dmean": 0.387772649527, "dmean2": 0.625775277615, "dvar": 0.49097764492, "dvar2": 1.14857566357, "max": 7.51160240173, "mean": 0.778126776218, "median": 0.528755903244, "min": 0, "var": 0.948051512241}, "zerocrossingrate": {"dmean": 0.0292332880199, "dmean2": 0.0341810509562, "dvar": 0.00112577120308, "dvar2": 0.00166085502133, "max": 0.5166015625, "mean": 0.093326061964, "median": 0.07177734375, "min": 0.00244140625, "var": 0.0070035988465}, "barkbands": {"dmean": [0.000200553957256, 0.00724912434816, 0.00159651821014, 0.0024046190083, 0.00218362477608, 0.000461409596028, 0.000199582864298, 0.000171594772837, 0.000179529859452, 0.000152775421157, 0.000117171897728, 0.000208376295632, 0.000168923274032, 0.000181818584679, 0.000369064335246, 0.000294675148325, 0.000307418144075, 0.00028754567029, 0.000257323874393, 0.000229505079915, 0.000260330096353, 0.000223919792916, 0.000145324287587, 0.000189630722161, 0.000243696122197, 0.000178970731213, 0.000184701188118], "dmean2": [0.000278542371234, 0.00998801924288, 0.00276148016565, 0.00395077513531, 0.00354942912236, 0.000719449599274, 0.000331382179866, 0.000278428284219, 0.000314403354423, 0.000244564696914, 0.000188619087567, 0.000326779671013, 0.000255305174505, 0.000273205689155, 0.000569850730244, 0.000458695780253, 0.000457224290585, 0.000422804994741, 0.000405158905778, 0.000351157417754, 0.000424465251854, 0.000338387908414, 0.000209861726034, 0.0002952926734, 0.000388527259929, 0.000279890751699, 0.000264748407062], "dvar": [1.73318582597e-07, 0.00037593403249, 2.94709006994e-05, 5.61935958103e-05, 4.35167748947e-05, 6.35985998088e-06, 2.02033348273e-07, 1.20659677805e-07, 2.58817124177e-07, 1.00008932691e-07, 8.62541043034e-08, 1.79540307954e-07, 1.16930557681e-07, 1.51147730776e-07, 8.14618431377e-07, 4.71722728435e-07, 8.58684074956e-07, 7.65653908275e-07, 3.8668832758e-07, 3.14210410579e-07, 2.34917351349e-07, 1.6931848279e-07, 1.20577439588e-07, 9.5481794915e-08, 6.37927939806e-07, 2.60501280991e-07, 4.26899077866e-07], "dvar2": [4.11143815882e-07, 0.00063699495513, 7.76217784733e-05, 0.000138130082632, 8.89647271833e-05, 1.72883592313e-05, 5.54347195703e-07, 3.21867247521e-07, 7.4045749443e-07, 2.50215009601e-07, 2.11467920508e-07, 4.01793386118e-07, 2.36943577647e-07, 3.3993416082e-07, 1.72289924194e-06, 9.72935708887e-07, 1.52986297053e-06, 1.48315291426e-06, 6.87308101988e-07, 5.64179572393e-07, 5.54548137188e-07, 3.01170246075e-07, 2.4945151722e-07, 2.24114103275e-07, 1.68813312484e-06, 5.422005529e-07, 8.52425728226e-07], "max": [0.00608225725591, 0.208937346935, 0.0421837754548, 0.137962609529, 0.130503803492, 0.0663818269968, 0.00684791244566, 0.0036419746466, 0.00490212859586, 0.00268193730153, 0.00398411694914, 0.00439384765923, 0.0052354359068, 0.0044967867434, 0.0119341462851, 0.00907803419977, 0.0110256485641, 0.0114934155717, 0.00730369333178, 0.00693952711299, 0.00604599295184, 0.0042662974447, 0.00614095386118, 0.00415955577046, 0.0170742478222, 0.00514813186601, 0.00695434166119], "mean": [0.000701380718965, 0.0273881629109, 0.0013136996422, 0.00226432201453, 0.00270298682153, 0.000593819131609, 0.000279831845546, 0.000223528637434, 0.000213247782085, 0.000233721963014, 0.000146568840137, 0.00027193207643, 0.000247618183494, 0.000265841430519, 0.000621959043201, 0.000372753449483, 0.000371182744857, 0.000323710060911, 0.000309501163429, 0.00027742923703, 0.00028056310839, 0.000253597187111, 0.000170688712387, 0.000183136959095, 0.000228019445785, 0.000173676409759, 0.000190265986021], "median": [7.41926328374e-07, 7.13616755093e-05, 3.59603982361e-05, 6.15443641436e-05, 0.000405579281505, 0.000136325776111, 6.26025357633e-05, 5.95021265326e-05, 5.68618161196e-05, 5.36070256203e-05, 2.85229543806e-05, 5.3498588386e-05, 3.94422168029e-05, 3.65477899322e-05, 9.24236737774e-05, 8.17354739411e-05, 6.84583937982e-05, 7.12303881301e-05, 5.27225674887e-05, 5.46409137314e-05, 7.69870748627e-05, 6.77951029502e-05, 2.78475454252e-05, 4.33868481196e-05, 3.79463672289e-05, 8.55048165249e-06, 5.58467604606e-07], "min": [1.09584435155e-24, 3.62528168186e-24, 2.6833387188e-25, 5.75428177819e-25, 8.48778677505e-24, 1.35095238364e-23, 9.47192230875e-24, 1.5795936196e-23, 2.33524632061e-23, 2.24072895125e-23, 2.26912526171e-23, 2.36703615291e-23, 4.02634479807e-23, 3.73809344558e-23, 6.73901089027e-23, 6.71491781605e-23, 1.02341108801e-22, 1.02931662697e-22, 1.63725543902e-22, 1.91999530435e-22, 3.23923226105e-22, 3.09928757916e-22, 4.75710691804e-22, 5.03947671294e-22, 9.7814339675e-22, 1.31437767449e-21, 2.07866852864e-21], "var": [1.23942038499e-06, 0.00204685516655, 2.28803910431e-05, 6.18647245574e-05, 6.99684824212e-05, 5.28399186805e-06, 2.33653992154e-07, 1.49300177554e-07, 2.03003338584e-07, 1.71036788288e-07, 1.28470546201e-07, 2.79166442851e-07, 2.52654729138e-07, 3.25708555238e-07, 1.89107367987e-06, 6.83882376507e-07, 1.23274821817e-06, 1.00035595096e-06, 6.3435265929e-07, 5.04939805523e-07, 2.97919768855e-07, 2.78366570683e-07, 1.71492288814e-07, 1.14230822135e-07, 6.09146525221e-07, 3.13709762167e-07, 5.46503827081e-07]}, "erbbands": {"dmean": [0.260725349188, 1.60034680367, 1.70168364048, 5.64047241211, 9.5689125061, 5.16169691086, 4.00672626495, 4.0076956749, 2.72643494606, 3.20131540298, 3.41459131241, 4.07811260223, 4.83574724197, 4.48565816879, 5.86809301376, 8.43205070496, 7.53830099106, 9.04227828979, 11.7200040817, 18.2882671356, 16.4466590881, 17.1642360687, 17.3830738068, 12.1410961151, 13.244931221, 10.5703783035, 9.42745780945, 11.4639749527, 8.97299766541, 5.41513633728, 3.92582201958, 3.40296220779, 3.58359265327, 3.26638150215, 1.35777997971, 0.691704273224, 0.334239035845, 0.138555049896, 0.0296199861914, 0.00222037755884], "dmean2": [0.296891331673, 2.32475352287, 2.73345851898, 9.19450283051, 15.8147678375, 8.25199127197, 6.38111305237, 6.22790765762, 4.4178853035, 5.31768798828, 5.62730979919, 7.10661315918, 8.13984870911, 7.14275169373, 9.2010383606, 13.1417217255, 11.257027626, 13.153796196, 18.0661430359, 27.5715236664, 25.393901825, 25.5624732971, 25.6305351257, 18.5203380585, 20.0441455841, 16.8351135254, 14.687078476, 18.7594013214, 13.6019124985, 8.17472934723, 5.81025266647, 5.34143781662, 5.50847530365, 5.13239955902, 2.20763087273, 1.06266260147, 0.527752459049, 0.214010581374, 0.0430027768016, 0.00313254445791], "dvar": [0.355795443058, 20.6008491516, 29.835401535, 313.983978271, 870.492614746, 136.022460938, 260.886169434, 374.644805908, 38.0700340271, 51.9172554016, 53.1636123657, 123.511924744, 163.087020874, 79.3855133057, 184.752304077, 333.331573486, 218.93888855, 395.297576904, 535.190734863, 1685.58483887, 1544.3371582, 2923.40649414, 2930.49926758, 1072.68737793, 989.499023438, 738.352233887, 338.580657959, 424.244415283, 240.872406006, 176.080780029, 88.0885162354, 42.2349128723, 31.2119026184, 77.900604248, 29.7111110687, 3.85858201981, 1.06122660637, 0.208294034004, 0.011279319413, 6.51722439216e-05], "dvar2": [0.46470272541, 39.645160675, 74.6845932007, 759.608032227, 1834.46887207, 299.788818359, 662.469909668, 1014.28405762, 101.590484619, 142.833450317, 139.665420532, 350.347076416, 455.264587402, 189.460647583, 437.536956787, 736.472595215, 459.627929688, 827.453918457, 1216.4901123, 3543.81713867, 3011.54418945, 5128.48535156, 5969.28613281, 1824.21459961, 1716.71936035, 1480.13537598, 699.196777344, 1069.19348145, 424.92086792, 331.81161499, 182.958587646, 99.9131698608, 71.8792037964, 201.850189209, 80.0179595947, 9.21902275085, 2.21030044556, 0.429412424564, 0.0229414068162, 0.000131828215672], "max": [7.22382450104, 48.7958183289, 56.1320304871, 325.339874268, 544.064147949, 190.038803101, 382.365539551, 500.275726318, 96.0770339966, 112.275627136, 67.0686798096, 114.915206909, 136.691589355, 96.4466171265, 203.535629272, 216.271606445, 185.525802612, 259.643737793, 232.398452759, 474.145141602, 506.567657471, 642.926147461, 774.536010742, 379.650878906, 395.85269165, 289.214172363, 212.926742554, 290.159912109, 159.913894653, 221.79107666, 146.968353271, 90.306930542, 78.5415039062, 197.131240845, 109.111099243, 23.2900981903, 9.24877643585, 4.19312047958, 1.07702946663, 0.095329515636], "mean": [1.12731325626, 4.81318807602, 2.09432625771, 5.46363353729, 10.5322036743, 6.51880598068, 5.00037765503, 5.38178062439, 3.9360537529, 4.5325717926, 4.45725870132, 5.07982826233, 6.66205644608, 6.73141336441, 7.91859006882, 11.182682991, 11.8343915939, 14.3133192062, 18.448759079, 31.5026741028, 21.4952659607, 20.5351314545, 19.3379821777, 14.9251422882, 15.5842142105, 13.0032243729, 10.5666685104, 11.8213300705, 9.70819473267, 6.4357213974, 4.567445755, 3.49824595451, 3.43612265587, 3.03969216347, 1.27020394802, 0.629868447781, 0.32767868042, 0.137065008283, 0.0299086533487, 0.00235813600011], "median": [0.00128122000024, 0.02358754538, 0.145981520414, 0.216647028923, 0.547130167484, 1.19223189354, 1.32127344608, 0.867587327957, 0.908863902092, 1.3044513464, 1.31968474388, 1.4376039505, 1.76113152504, 1.63051223755, 1.758898139, 2.19115209579, 1.94367861748, 2.14056015015, 3.28585958481, 5.44099998474, 5.3456788063, 4.28291368484, 4.0787768364, 3.00057983398, 2.57486414909, 2.55284333229, 2.89085388184, 3.46392393112, 2.68636798859, 1.031488657, 0.7834674716, 0.817667484283, 0.757128119469, 0.544161617756, 0.142197817564, 0.0523182228208, 0.0108794933185, 0.00132777565159, 0.000133521214593, 3.86291394534e-05], "min": [1.42399364594e-22, 5.02174362467e-22, 1.8872987995e-21, 4.52271056943e-21, 1.06748982831e-20, 2.39666567511e-20, 9.76469070907e-20, 1.34569929652e-19, 1.50708029532e-19, 1.40597556002e-19, 3.90126242527e-19, 5.07175711323e-19, 6.18056222207e-19, 1.10301494795e-18, 9.53772643691e-19, 1.0572409442e-18, 2.23155379448e-18, 2.12271440345e-18, 3.22971780952e-18, 4.63466360722e-18, 4.84351306341e-18, 5.98263258395e-18, 6.66580436058e-18, 7.20885008708e-18, 8.22928407896e-18, 9.6174734722e-18, 1.22394019219e-17, 1.14164498566e-17, 1.16121326654e-17, 1.29362461669e-17, 1.4342736104e-17, 1.20399016746e-17, 7.90156173771e-18, 9.38973162441e-18, 7.51362312941e-18, 4.97439578379e-18, 2.55793196723e-18, 9.46371548558e-19, 2.67948641674e-19, 2.70163262667e-20], "var": [3.20362234116, 73.2610321045, 30.8897380829, 359.299468994, 1343.04626465, 211.632980347, 245.740371704, 334.728607178, 46.3596382141, 63.9023628235, 62.3396682739, 106.607124329, 165.729614258, 145.045227051, 284.567718506, 513.445007324, 496.754577637, 939.018493652, 1052.86633301, 3885.05737305, 2177.06958008, 4141.21240234, 3619.56323242, 1779.44750977, 1589.05236816, 1135.39147949, 495.831268311, 477.098632812, 391.901275635, 270.555114746, 122.621513367, 50.2819633484, 39.4976348877, 78.2618255615, 26.6709823608, 4.00183916092, 1.26126492023, 0.255463719368, 0.0138915041462, 8.30096032587e-05]}, "gfcc": {"mean": [-79.9578552246, 50.8857192993, -121.493148804, 29.7167720795, -49.1901359558, 10.1084880829, -36.799533844, 4.13125324249, -19.1014575958, 1.72496211529, -16.8677825928, -0.752115905285, -3.95338153839], "cov": [[35832.3945312, -1088.94763184, 2850.15649414, 2807.85571289, 298.932403564, 1351.33349609, -22.8682556152, 523.557495117, -390.041107178, 487.053619385, 24.8191337585, 427.031524658, -65.3401794434], [-1088.94763184, 4115.93847656, -424.698181152, -176.845169067, 656.48815918, -286.525543213, 355.684875488, -295.251403809, 427.38192749, -184.735870361, 321.912384033, -94.9337539673, 151.734725952], [2850.15649414, -424.698181152, 2246.03637695, 970.388793945, 683.14831543, 394.488372803, 484.348876953, 337.304901123, 174.874023438, 228.009613037, 184.749633789, 204.011444092, 64.7843475342], [2807.85571289, -176.845169067, 970.388793945, 909.868469238, 338.362060547, 394.386779785, 270.332550049, 289.282623291, 134.135910034, 155.038619995, 106.950134277, 100.110908508, 46.5348167419], [298.932403564, 656.48815918, 683.14831543, 338.362060547, 926.41217041, 67.439201355, 548.508239746, 118.313964844, 364.756011963, 78.3860015869, 222.266036987, 121.899963379, 77.9176635742], [1351.33349609, -286.525543213, 394.488372803, 394.386779785, 67.439201355, 505.850952148, 116.799369812, 238.274291992, 59.6051940918, 168.791351318, 66.5478668213, 38.0692062378, 64.4446716309], [-22.8682556152, 355.684875488, 484.348876953, 270.332550049, 548.508239746, 116.799369812, 522.0390625, 181.197998047, 274.489074707, 91.2092132568, 212.079742432, 128.878311157, 51.200553894], [523.557495117, -295.251403809, 337.304901123, 289.282623291, 118.313964844, 238.274291992, 181.197998047, 280.878051758, 104.104301453, 134.939437866, 84.2175292969, 80.0210952759, 45.0065765381], [-390.041107178, 427.38192749, 174.874023438, 134.135910034, 364.756011963, 59.6051940918, 274.489074707, 104.104301453, 295.182342529, 83.7813034058, 143.578765869, 59.9646759033, 75.0989379883], [487.053619385, -184.735870361, 228.009613037, 155.038619995, 78.3860015869, 168.791351318, 91.2092132568, 134.939437866, 83.7813034058, 162.947387695, 73.0494842529, 50.3119697571, 46.7419662476], [24.8191337585, 321.912384033, 184.749633789, 106.950134277, 222.266036987, 66.5478668213, 212.079742432, 84.2175292969, 143.578765869, 73.0494842529, 184.234710693, 84.9551010132, 52.3965988159], [427.031524658, -94.9337539673, 204.011444092, 100.110908508, 121.899963379, 38.0692062378, 128.878311157, 80.0210952759, 59.9646759033, 50.3119697571, 84.9551010132, 116.584365845, 29.0936260223], [-65.3401794434, 151.734725952, 64.7843475342, 46.5348167419, 77.9176635742, 64.4446716309, 51.200553894, 45.0065765381, 75.0989379883, 46.7419662476, 52.3965988159, 29.0936260223, 89.7151184082]], "icov": [[4.77613866678e-05, -3.66613057849e-05, 1.29751570057e-05, -0.000159198360052, -5.11782236572e-05, -6.77925272612e-05, 0.000105460574559, 8.61908993102e-05, 0.000141940792673, -0.000158822062076, 0.00011742800416, -0.000320615072269, 0.00015903727035], [-3.66613057849e-05, 0.000622833613306, 9.00467712199e-05, -6.88156214892e-05, -5.68187861063e-05, 0.000139071751619, -0.000198366353288, 0.00060507125454, -0.000538873195183, 0.00104251387529, -0.00161159900017, 0.00161864329129, -0.00102606392466], [1.29751570057e-05, 9.00467712199e-05, 0.00111220451072, -0.000975392933469, -0.000669822387863, 0.000151628773892, -0.00026203514426, 0.000207529825275, 0.000969641085248, -0.000746343517676, 6.81637611706e-05, -0.000451753643574, -0.000237925516558], [-0.000159198360052, -6.88156214892e-05, -0.000975392933469, 0.00355342426337, -0.000197286120965, -0.00121970823966, 0.000261205452261, -0.00181770755444, -0.000894815253559, 0.00120068609249, 0.000107264466351, 0.000464728247607, 0.000582052918617], [-5.11782236572e-05, -5.68187861063e-05, -0.000669822387863, -0.000197286120965, 0.0044177537784, 0.000298518280033, -0.0034889576491, 0.0018063201569, -0.00273818639107, 0.000471087987535, 0.000678620068356, 0.000284157576971, -0.00076325883856], [-6.77925272612e-05, 0.000139071751619, 0.000151628773892, -0.00121970823966, 0.000298518280033, 0.00506999809295, -0.000817166466732, -0.00212342431769, 0.00137782632373, -0.0024583961349, -0.000743607757613, 0.00307095237076, -0.00256510032341], [0.000105460574559, -0.000198366353288, -0.00026203514426, 0.000261205452261, -0.0034889576491, -0.000817166466732, 0.00982734374702, -0.00332176825032, -0.00223036203533, 0.00187740533147, -0.00363006815314, -0.00303157302551, 0.00413315882906], [8.61908993102e-05, 0.00060507125454, 0.000207529825275, -0.00181770755444, 0.0018063201569, -0.00212342431769, -0.00332176825032, 0.0114063071087, -0.00162227707915, -0.00294118840247, 0.000616354460362, -0.0021183968056, -0.000820093031507], [0.000141940792673, -0.000538873195183, 0.000969641085248, -0.000894815253559, -0.00273818639107, 0.00137782632373, -0.00223036203533, -0.00162227707915, 0.0122059825808, -0.00431584846228, -0.000679733173456, 0.00110199011397, -0.00367540214211], [-0.000158822062076, 0.00104251387529, -0.000746343517676, 0.00120068609249, 0.000471087987535, -0.0024583961349, 0.00187740533147, -0.00294118840247, -0.00431584846228, 0.01620971784, -0.00542009854689, 0.00174067425542, -0.00243346416391], [0.00011742800416, -0.00161159900017, 6.81637611706e-05, 0.000107264466351, 0.000678620068356, -0.000743607757613, -0.00363006815314, 0.000616354460362, -0.000679733173456, -0.00542009854689, 0.0185631401837, -0.00969637930393, 0.000109436135972], [-0.000320615072269, 0.00161864329129, -0.000451753643574, 0.000464728247607, 0.000284157576971, 0.00307095237076, -0.00303157302551, -0.0021183968056, 0.00110199011397, 0.00174067425542, -0.00969637930393, 0.0221887920052, -0.00590776978061], [0.00015903727035, -0.00102606392466, -0.000237925516558, 0.000582052918617, -0.00076325883856, -0.00256510032341, 0.00413315882906, -0.000820093031507, -0.00367540214211, -0.00243346416391, 0.000109436135972, -0.00590776978061, 0.0196219459176]]}, "melbands": {"dmean": [0.00221197097562, 0.00117680162657, 0.00107768154703, 0.000547688978259, 0.000148614490172, 8.60891886987e-05, 4.13334964833e-05, 3.60865997209e-05, 2.66595725407e-05, 2.69432821369e-05, 2.43437643803e-05, 1.84051423275e-05, 1.63339409482e-05, 2.63509082288e-05, 1.49227798829e-05, 2.08378787647e-05, 1.6326435798e-05, 1.39857038448e-05, 3.52108145307e-05, 1.94683816517e-05, 1.91805011127e-05, 1.72420950548e-05, 1.90382561414e-05, 1.27486700876e-05, 9.64792980085e-06, 1.07753958218e-05, 9.10904054763e-06, 6.87840065439e-06, 6.31787861494e-06, 5.63093044548e-06, 7.1180179475e-06, 5.66306289329e-06, 3.4756903915e-06, 2.91928631668e-06, 2.43022509494e-06, 2.00036356546e-06, 2.061274472e-06, 2.26866018238e-06, 3.07579080072e-06, 2.6668785722e-06], "dmean2": [0.00282704201527, 0.00171874125954, 0.00176202249713, 0.000890880182851, 0.000236312582274, 0.000133935667691, 6.77776915836e-05, 5.9624788264e-05, 4.4392534619e-05, 4.72029678349e-05, 4.07367369917e-05, 2.936934834e-05, 2.57412011706e-05, 4.11599285144e-05, 2.36367377511e-05, 3.05833818857e-05, 2.45018309215e-05, 2.22856360779e-05, 5.37989508302e-05, 2.9928442018e-05, 3.00324390992e-05, 2.6243063985e-05, 2.9341879781e-05, 1.86626548384e-05, 1.49958359543e-05, 1.7284981368e-05, 1.33884095703e-05, 1.13805472211e-05, 9.89989803202e-06, 9.46064483287e-06, 1.16880155474e-05, 8.64491357788e-06, 5.37181995242e-06, 4.36032814832e-06, 3.66793415196e-06, 3.1303607102e-06, 3.30043167196e-06, 3.51803009835e-06, 4.79018490296e-06, 4.25925418313e-06], "dvar": [3.03289525618e-05, 1.04264863694e-05, 9.04865191842e-06, 2.63104175247e-06, 2.20255884642e-07, 1.88032998949e-07, 8.26944912546e-09, 6.13775474889e-09, 3.36543171109e-09, 5.67136337892e-09, 4.00700672643e-09, 1.37002487133e-09, 1.53612156328e-09, 2.7650117751e-09, 9.92793514065e-10, 1.96806637653e-09, 1.40378886293e-09, 9.76601577385e-10, 9.59266444056e-09, 2.13478168476e-09, 2.2453623405e-09, 2.81863954399e-09, 3.98158750414e-09, 1.40972833407e-09, 6.84809320362e-10, 6.73149147534e-10, 5.42006883819e-10, 3.28717969511e-10, 1.60221794165e-10, 1.38660027904e-10, 1.42452216689e-10, 9.20572576502e-11, 6.58155474564e-11, 5.34375391159e-11, 4.20848737803e-11, 1.69196531785e-11, 1.72248274671e-11, 1.54671588037e-11, 2.56235709734e-11, 7.0147804232e-11], "dvar2": [4.58798022009e-05, 2.26297379413e-05, 2.1617348466e-05, 5.47089166503e-06, 5.39344114259e-07, 5.11373855261e-07, 2.2128348931e-08, 1.69079861223e-08, 8.93105855937e-09, 1.61011115551e-08, 1.11245324064e-08, 3.20943072118e-09, 3.6908773815e-09, 6.19452578121e-09, 2.32869723504e-09, 3.83650355928e-09, 3.0690090469e-09, 2.35607577892e-09, 1.99801704071e-08, 4.6570933776e-09, 4.459935532e-09, 4.79720840829e-09, 8.65814619999e-09, 2.56547427746e-09, 1.20547516413e-09, 1.30279342869e-09, 9.64754831578e-10, 7.63234087042e-10, 3.2560346086e-10, 3.4774005897e-10, 3.56863594231e-10, 1.73647179968e-10, 1.22308219108e-10, 1.04447915594e-10, 8.61865440127e-11, 3.90318055654e-11, 4.21842838438e-11, 3.69951361212e-11, 5.73706186724e-11, 1.86858126194e-10], "max": [0.0604986250401, 0.0381525941193, 0.0505457371473, 0.028902836144, 0.0107411732897, 0.0113468533382, 0.00129825202748, 0.00110416940879, 0.000530649849679, 0.000784989795648, 0.000676436990034, 0.000416853261413, 0.000558281841222, 0.000480126211187, 0.000334838230629, 0.000699131807778, 0.000438501214376, 0.000339077028912, 0.00134346308187, 0.000779946218245, 0.000635416246951, 0.000592851021793, 0.000819306413177, 0.000532288977411, 0.000295731064398, 0.000310669711325, 0.000330510025378, 0.000202642098884, 0.000149917395902, 0.000151936066686, 0.000181783907465, 0.000109789281851, 9.96655435301e-05, 0.000128008061438, 9.06255882001e-05, 7.98752298579e-05, 6.42187951598e-05, 5.69157673453e-05, 9.67855812632e-05, 0.000186824370758], "mean": [0.00876386277378, 0.00277718668804, 0.00108451279812, 0.000645681633614, 0.00019043876091, 0.00011489111057, 5.97336184001e-05, 5.03419469169e-05, 3.42954845109e-05, 3.24940083374e-05, 3.34847827617e-05, 2.76670070889e-05, 2.14276697079e-05, 3.43317515217e-05, 2.04467578442e-05, 3.13982636726e-05, 2.48585438385e-05, 1.88246267498e-05, 6.10781717114e-05, 2.7260319257e-05, 2.41343659582e-05, 2.10375201277e-05, 1.97360877792e-05, 1.47213404489e-05, 1.16468027045e-05, 1.23340396385e-05, 1.03981619759e-05, 8.03276816441e-06, 6.86610019329e-06, 5.96326162849e-06, 7.22949971532e-06, 5.87962313148e-06, 4.06962317356e-06, 3.3958815493e-06, 2.76651735476e-06, 2.22488029067e-06, 2.00748922907e-06, 2.20352671931e-06, 2.81448615169e-06, 2.46565741691e-06], "median": [1.51517087943e-05, 8.54646204971e-05, 3.95187198592e-05, 6.59748402541e-05, 4.90027305204e-05, 1.95289721887e-05, 1.34820029416e-05, 1.47183864101e-05, 9.46658474277e-06, 8.35544233269e-06, 8.69089126354e-06, 6.34745356365e-06, 4.98765803059e-06, 6.34524212728e-06, 4.21882032242e-06, 4.2665537876e-06, 3.49916308551e-06, 3.39409825756e-06, 7.42618976801e-06, 6.06696357863e-06, 5.17418538948e-06, 3.71893429474e-06, 3.75631566385e-06, 3.13094233206e-06, 2.10419966606e-06, 1.99340229301e-06, 1.57318447691e-06, 1.61882712746e-06, 1.76940579877e-06, 1.43384454532e-06, 2.18873833546e-06, 1.78548509666e-06, 6.38106030237e-07, 4.86883664053e-07, 3.99821061592e-07, 4.72751253255e-07, 4.37119808794e-07, 5.25077780367e-07, 4.86537032884e-07, 4.18942306624e-07], "min": [2.45693785767e-24, 1.14600476246e-24, 9.48094253877e-25, 1.01477193303e-24, 4.64344275855e-24, 3.02498456539e-24, 1.9177701644e-24, 1.74288009614e-24, 3.55377262409e-24, 3.41249749672e-24, 2.81614981238e-24, 3.70636711658e-24, 2.92036031012e-24, 3.01536716767e-24, 2.39497618622e-24, 4.03519431859e-24, 3.35535793478e-24, 4.88501445026e-24, 4.73030028852e-24, 3.91645615843e-24, 5.22361958319e-24, 4.99953575446e-24, 4.85455574185e-24, 5.14091027829e-24, 5.14980744601e-24, 3.56553020145e-24, 4.64275644956e-24, 5.86494969407e-24, 7.2548090131e-24, 6.07776858908e-24, 5.77115413244e-24, 5.57624474656e-24, 6.72837136547e-24, 6.46547715792e-24, 7.53787518286e-24, 6.32724269492e-24, 6.47816204128e-24, 4.69636388681e-24, 6.52000480141e-24, 7.32997956876e-24], "var": [0.000202480820008, 2.66768838628e-05, 1.081271148e-05, 4.02700015911e-06, 2.39314744022e-07, 1.63680255127e-07, 1.02151256343e-08, 7.51142170685e-09, 3.78506292975e-09, 4.77033612611e-09, 4.20396162326e-09, 2.61773891452e-09, 2.34393504606e-09, 4.39781677741e-09, 1.7194181634e-09, 4.42964243064e-09, 3.16780623955e-09, 1.45248391092e-09, 2.29609469216e-08, 3.54434903649e-09, 3.0248186178e-09, 4.25054169639e-09, 4.28534141506e-09, 2.00336525147e-09, 1.11999443053e-09, 9.74458180814e-10, 8.19956713638e-10, 4.38301811512e-10, 2.27978580458e-10, 1.51397824832e-10, 1.6006097836e-10, 1.35627495346e-10, 1.05866107547e-10, 7.81526232618e-11, 5.68319107053e-11, 2.2373554398e-11, 1.80576439218e-11, 1.78334395862e-11, 3.4116938441e-11, 6.54153745061e-11]}, "mfcc": {"mean": [-709.580993652, 82.664855957, -7.66593647003, 18.4404144287, 7.40069007874, 5.04989624023, -1.46356534958, -1.06441760063, 5.42711687088, -2.4340763092, -2.54493045807, -0.89035576582, -0.920899391174], "cov": [[16919.7597656, 230.250152588, 1806.51928711, 1805.91162109, 876.764526367, 989.540893555, 711.361877441, 400.715270996, 116.573959351, 97.1590118408, 275.507415771, 75.5013122559, 33.7732009888], [230.250152588, 3417.7175293, -448.807739258, 409.997253418, 201.04473877, 226.484115601, -15.4252138138, 158.051391602, -94.794342041, 217.910491943, -33.4581604004, 2.25039076805, 186.811508179], [1806.51928711, -448.807739258, 1107.4005127, 521.116149902, 262.862915039, 237.991912842, 265.674713135, 154.306671143, 163.827224731, 72.935256958, 138.893264771, 89.279083252, 36.3057670593], [1805.91162109, 409.997253418, 521.116149902, 867.198913574, 376.858459473, 319.431488037, 258.447113037, 317.093139648, 137.94883728, 190.581573486, 150.906356812, 110.8592453, 152.720184326], [876.764526367, 201.04473877, 262.862915039, 376.858459473, 319.225128174, 230.869827271, 178.615936279, 176.616256714, 130.233123779, 140.049285889, 112.873657227, 63.8566741943, 98.888961792], [989.540893555, 226.484115601, 237.991912842, 319.431488037, 230.869827271, 324.440582275, 194.687088013, 186.708389282, 110.989784241, 162.723434448, 118.258560181, 70.3803634644, 96.3107299805], [711.361877441, -15.4252138138, 265.674713135, 258.447113037, 178.615936279, 194.687088013, 269.372314453, 188.242782593, 124.911651611, 109.999580383, 145.978088379, 106.409873962, 66.8229293823], [400.715270996, 158.051391602, 154.306671143, 317.093139648, 176.616256714, 186.708389282, 188.242782593, 279.564147949, 123.131385803, 143.243850708, 125.450279236, 115.882553101, 109.499526978], [116.573959351, -94.794342041, 163.827224731, 137.94883728, 130.233123779, 110.989784241, 124.911651611, 123.131385803, 183.456497192, 114.379829407, 97.9602966309, 76.2566757202, 75.119644165], [97.1590118408, 217.910491943, 72.935256958, 190.581573486, 140.049285889, 162.723434448, 109.999580383, 143.243850708, 114.379829407, 205.018127441, 106.938346863, 69.2294845581, 108.135055542], [275.507415771, -33.4581604004, 138.893264771, 150.906356812, 112.873657227, 118.258560181, 145.978088379, 125.450279236, 97.9602966309, 106.938346863, 160.7394104, 103.88936615, 55.3993911743], [75.5013122559, 2.25039076805, 89.279083252, 110.8592453, 63.8566741943, 70.3803634644, 106.409873962, 115.882553101, 76.2566757202, 69.2294845581, 103.88936615, 143.717025757, 72.5550994873], [33.7732009888, 186.811508179, 36.3057670593, 152.720184326, 98.888961792, 96.3107299805, 66.8229293823, 109.499526978, 75.119644165, 108.135055542, 55.3993911743, 72.5550994873, 141.279968262]], "icov": [[9.76287701633e-05, 5.05415709995e-06, -3.68416622223e-05, -0.000180865768925, -8.88507292984e-06, -0.000285351765342, -8.67179041961e-05, 0.000165815159562, 7.49247337808e-05, 0.000215307372855, -3.11128387693e-05, 2.14653373405e-05, 8.47449337016e-05], [5.05415709995e-06, 0.000448710343335, 0.000288045383058, -0.000272586941719, -0.000214303814573, -0.00020200634026, 1.1482777154e-05, 8.27180483611e-05, 0.000605566776358, -0.000513386330567, 0.000466464349302, -0.000182901974767, -0.000173744672793], [-3.68416622223e-05, 0.000288045383058, 0.00192593666725, -0.00125658500474, 4.09842432418e-05, -0.000511149002705, -0.000939582183491, 0.00124166405294, -0.00100128422491, 0.000466646830318, 0.000272626028163, -0.000484314339701, 0.00061019975692], [-0.000180865768925, -0.000272586941719, -0.00125658500474, 0.00424420647323, -0.00261496496387, 0.000736197805963, 0.000573407916818, -0.00315464125015, 0.00159691169392, -0.000550262688193, 7.16716458555e-05, 0.000410269363783, -0.00102573644836], [-8.88507292984e-06, -0.000214303814573, 4.09842432418e-05, -0.00261496496387, 0.0105305826291, -0.00325919152237, -0.00105931400321, 0.000726159603801, -0.00349357491359, 0.001038297778, -0.00196207361296, 0.00273686484434, -0.0016824931372], [-0.000285351765342, -0.00020200634026, -0.000511149002705, 0.000736197805963, -0.00325919152237, 0.0103377979249, -0.00304964580573, -0.00166650442407, 0.00154933938757, -0.00459026033059, 0.000454313179944, 0.00118098186795, -0.000456172216218], [-8.67179041961e-05, 1.1482777154e-05, -0.000939582183491, 0.000573407916818, -0.00105931400321, -0.00304964580573, 0.0129767768085, -0.00413441797718, -0.00160827091895, 0.00233335490339, -0.00544676044956, -0.00110700482037, 0.00128769082949], [0.000165815159562, 8.27180483611e-05, 0.00124166405294, -0.00315464125015, 0.000726159603801, -0.00166650442407, -0.00413441797718, 0.012389568612, -0.00172995985486, -0.00113414425869, 0.000829111784697, -0.00361383915879, -0.000758600188419], [7.49247337808e-05, 0.000605566776358, -0.00100128422491, 0.00159691169392, -0.00349357491359, 0.00154933938757, -0.00160827091895, -0.00172995985486, 0.0134131535888, -0.00462920963764, -0.00032902995008, -0.00106579053681, -0.00170925387647], [0.000215307372855, -0.000513386330567, 0.000466646830318, -0.000550262688193, 0.001038297778, -0.00459026033059, 0.00233335490339, -0.00113414425869, -0.00462920963764, 0.0165066830814, -0.00768758589402, 0.00408089254051, -0.00597393605858], [-3.11128387693e-05, 0.000466464349302, 0.000272626028163, 7.16716458555e-05, -0.00196207361296, 0.000454313179944, -0.00544676044956, 0.000829111784697, -0.00032902995008, -0.00768758589402, 0.021901961416, -0.0108145950362, 0.00526495324448], [2.14653373405e-05, -0.000182901974767, -0.000484314339701, 0.000410269363783, 0.00273686484434, 0.00118098186795, -0.00110700482037, -0.00361383915879, -0.00106579053681, 0.00408089254051, -0.0108145950362, 0.0191394668072, -0.00762386526912], [8.47449337016e-05, -0.000173744672793, 0.00061019975692, -0.00102573644836, -0.0016824931372, -0.000456172216218, 0.00128769082949, -0.000758600188419, -0.00170925387647, -0.00597393605858, 0.00526495324448, -0.00762386526912, 0.0170391537249]]}, "spectral_contrast_coeffs": {"dmean": [0.0578761659563, 0.0436761491001, 0.0373940430582, 0.0346249677241, 0.0249779168516, 0.0228648129851], "dmean2": [0.0935920700431, 0.0712839514017, 0.0605890750885, 0.0527393557131, 0.039966981858, 0.038289938122], "dvar": [0.00275699817576, 0.00122773915064, 0.00109436444473, 0.000894714496098, 0.000465264602099, 0.000424172671046], "dvar2": [0.00606702128425, 0.00310421548784, 0.00264439219609, 0.00192653946579, 0.00108624214772, 0.00113775127102], "max": [-0.261008232832, -0.591328024864, -0.545297503471, -0.552075922489, -0.63094073534, -0.598110437393], "mean": [-0.630422949791, -0.804548442364, -0.809223473072, -0.774537503719, -0.81292450428, -0.768816769123], "median": [-0.644341945648, -0.810252189636, -0.818867325783, -0.788240730762, -0.818268060684, -0.769053697586], "min": [-0.971764147282, -0.978438854218, -0.97494405508, -0.968362510204, -0.965604305267, -0.964663267136], "var": [0.0120752248913, 0.00352496095002, 0.00378489191644, 0.00499976659194, 0.00165240396746, 0.00150017009582]}, "spectral_contrast_valleys": {"dmean": [0.528425097466, 0.477587521076, 0.408432394266, 0.401209890842, 0.564255833626, 1.03196001053], "dmean2": [0.818491280079, 0.745020627975, 0.633697330952, 0.605423986912, 0.7864844203, 1.40919029713], "dvar": [0.293029338121, 0.271031558514, 0.207824200392, 0.201081752777, 0.331211864948, 1.10108137131], "dvar2": [0.51844984293, 0.548040091991, 0.425167351961, 0.412566930056, 0.604674398899, 2.1075091362], "max": [-5.11368274689, -4.82324314117, -5.62327337265, -5.83415412903, -5.03921985626, -7.39168548584], "mean": [-8.95310878754, -7.76315784454, -8.19779586792, -8.50254631