{"lowlevel": {"average_loudness": 0.830332517624, "barkbands_crest": {"dmean": 1.71763753891, "dmean2": 2.67708659172, "dvar": 2.67509365082, "dvar2": 6.90879201889, "max": 25.2103233337, "mean": 12.4154472351, "median": 11.6497135162, "min": 4.27712583542, "var": 16.2209320068}, "barkbands_flatness_db": {"dmean": 0.0142674008384, "dmean2": 0.0229852963239, "dvar": 0.000189184152987, "dvar2": 0.000498873007018, "max": 0.512874484062, "mean": 0.402072489262, "median": 0.405636608601, "min": 0.0650911852717, "var": 0.0014580009738}, "barkbands_kurtosis": {"dmean": 1.89383292198, "dmean2": 3.0299346447, "dvar": 17.1287784576, "dvar2": 43.9302330017, "max": 153.427703857, "mean": 4.69648361206, "median": 2.51262450218, "min": -1.73074281216, "var": 48.7382850647}, "barkbands_skewness": {"dmean": 0.441965192556, "dmean2": 0.73256868124, "dvar": 0.24476736784, "dvar2": 0.690378785133, "max": 7.8294210434, "mean": 0.503934085369, "median": 0.361847013235, "min": -2.14493393898, "var": 0.936843395233}, "barkbands_spread": {"dmean": 0.598690211773, "dmean2": 0.982734322548, "dvar": 0.976659595966, "dvar2": 2.4487760067, "max": 49.6620483398, "mean": 2.93883919716, "median": 2.51152014732, "min": 0.318415910006, "var": 5.32972574234}, "dissonance": {"dmean": 0.0471528917551, "dmean2": 0.0798422470689, "dvar": 0.00194176775403, "dvar2": 0.00520537840202, "max": 0.500000059605, "mean": 0.335481077433, "median": 0.332704246044, "min": 0.130466014147, "var": 0.00612228410318}, "dynamic_complexity": 4.86189985275, "erbbands_crest": {"dmean": 1.80605530739, "dmean2": 2.72108125687, "dvar": 4.07097578049, "dvar2": 8.45664024353, "max": 30.8556118011, "mean": 14.098200798, "median": 12.9365921021, "min": 2.98333978653, "var": 26.2214317322}, "erbbands_flatness_db": {"dmean": 0.0105552049354, "dmean2": 0.0168025493622, "dvar": 0.000108684303996, "dvar2": 0.000260590692051, "max": 0.504920125008, "mean": 0.407998740673, "median": 0.411530554295, "min": 0.0825057178736, "var": 0.00124061841052}, "erbbands_kurtosis": {"dmean": 1.09373629093, "dmean2": 1.64490044117, "dvar": 3.29514241219, "dvar2": 6.71204853058, "max": 76.5850448608, "mean": 3.21845316887, "median": 1.64013576508, "min": -1.52638077736, "var": 28.1296386719}, "erbbands_skewness": {"dmean": 0.248396217823, "dmean2": 0.368426352739, "dvar": 0.0767609849572, "dvar2": 0.153906151652, "max": 6.53390455246, "mean": 0.774957835674, "median": 0.720670461655, "min": -2.56037425995, "var": 0.953111708164}, "erbbands_spread": {"dmean": 0.900973916054, "dmean2": 1.38606703281, "dvar": 4.60478639603, "dvar2": 12.5068426132, "max": 109.748649597, "mean": 6.127866745, "median": 5.76197624207, "min": 1.28901481628, "var": 10.1606807709}, "hfc": {"dmean": 1.58587789536, "dmean2": 2.33658242226, "dvar": 12.2149496078, "dvar2": 24.3261566162, "max": 72.3264160156, "mean": 8.14249420166, "median": 5.9967508316, "min": 1.30020880893e-16, "var": 62.6843147278}, "melbands_crest": {"dmean": 2.15135359764, "dmean2": 3.28635931015, "dvar": 3.91494727135, "dvar2": 9.47162628174, "max": 30.1781616211, "mean": 14.6782999039, "median": 13.7596139908, "min": 1.73428452015, "var": 21.3869991302}, "melbands_flatness_db": {"dmean": 0.0149670531973, "dmean2": 0.023771237582, "dvar": 0.000226551434025, "dvar2": 0.000555793580133, "max": 0.642117083073, "mean": 0.531615316868, "median": 0.537375211716, "min": 0.00404444197193, "var": 0.00219192984514}, "melbands_kurtosis": {"dmean": 1.53344738483, "dmean2": 2.33791732788, "dvar": 7.6494307518, "dvar2": 16.0217990875, "max": 101.397651672, "mean": 3.91910386086, "median": 2.32020950317, "min": -1.68259620667, "var": 36.8461685181}, "melbands_skewness": {"dmean": 0.297385692596, "dmean2": 0.459873229265, "dvar": 0.109137743711, "dvar2": 0.255855739117, "max": 9.11015892029, "mean": 1.02680766582, "median": 0.980703473091, "min": -1.87734353542, "var": 0.747932136059}, "melbands_spread": {"dmean": 0.656603753567, "dmean2": 1.03772234917, "dvar": 4.48792266846, "dvar2": 9.14512634277, "max": 148.358413696, "mean": 4.2416100502, "median": 3.58080673218, "min": 0.642803549767, "var": 26.6905002594}, "pitch_salience": {"dmean": 0.0485588461161, "dmean2": 0.0797507464886, "dvar": 0.00182537373621, "dvar2": 0.00487657543272, "max": 0.845436811447, "mean": 0.582963168621, "median": 0.592646837234, "min": 0.197931200266, "var": 0.0131022948772}, "silence_rate_20dB": {"dmean": 0, "dmean2": 0, "dvar": 0, "dvar2": 0, "max": 1, "mean": 1, "median": 1, "min": 1, "var": 0}, "silence_rate_30dB": {"dmean": 0.00386566808447, "dmean2": 0.00773320440203, "dvar": 0.00385083816946, "dvar2": 0.0076731457375, "max": 1, "mean": 0.994202911854, "median": 1, "min": 0, "var": 0.00576368020847}, "silence_rate_60dB": {"dmean": 0.00579850189388, "dmean2": 0.0115998070687, "dvar": 0.00576554052532, "dvar2": 0.0133975893259, "max": 1, "mean": 0.0879227072001, "median": 0, "min": 0, "var": 0.0801902860403}, "spectral_centroid": {"dmean": 21.3584117889, "dmean2": 31.1726493835, "dvar": 14719.0488281, "dvar2": 16693.5996094, "max": 10822.5273438, "mean": 359.350524902, "median": 335.94342041, "min": 169.784225464, "var": 44209.2695312}, "spectral_complexity": {"dmean": 0.986711740494, "dmean2": 1.67230546474, "dvar": 1.03173434734, "dvar2": 2.41270565987, "max": 17, "mean": 7.87318849564, "median": 8, "min": 0, "var": 10.8900327682}, "spectral_decrease": {"dmean": 1.23676857644e-09, "dmean2": 1.9210173452e-09, "dvar": 4.2209045561e-18, "dvar2": 9.00398008165e-18, "max": 4.19526071634e-18, "mean": -6.35551034023e-09, "median": -5.15204678919e-09, "min": -3.9051123224e-08, "var": 2.70100426926e-17}, "spectral_energy": {"dmean": 0.00480388756841, "dmean2": 0.00745070725679, "dvar": 6.47975248285e-05, "dvar2": 0.000137645678478, "max": 0.153243005276, "mean": 0.0247257258743, "median": 0.0200047567487, "min": 1.10066687946e-20, "var": 0.000412092980696}, "spectral_energyband_high": {"dmean": 2.40621478298e-08, "dmean2": 3.83723559594e-08, "dvar": 4.00639045458e-15, "dvar2": 9.33290123921e-15, "max": 1.295819402e-06, "mean": 7.50332631583e-08, "median": 6.20786408945e-08, "min": 8.03619859145e-21, "var": 6.23125928636e-15}, "spectral_energyband_low": {"dmean": 0.00161839951761, "dmean2": 0.00292555219494, "dvar": 7.26486814528e-06, "dvar2": 2.32926486206e-05, "max": 0.0337267816067, "mean": 0.00289350748062, "median": 0.00155234732665, "min": 7.79492140675e-23, "var": 1.47239388752e-05}, "spectral_energyband_middle_high": {"dmean": 0.000181338691618, "dmean2": 0.000261962821241, "dvar": 6.41480824015e-07, "dvar2": 1.39699147894e-06, "max": 0.0203491225839, "mean": 0.000602246902417, "median": 0.000210603611777, "min": 1.32136084793e-21, "var": 2.12976556213e-06}, "spectral_energyband_middle_low": {"dmean": 0.00421607401222, "dmean2": 0.00634599803016, "dvar": 5.48357529624e-05, "dvar2": 0.000112453017209, "max": 0.147423923016, "mean": 0.0216596908867, "median": 0.0166385360062, "min": 2.89385482036e-22, "var": 0.000340899132425}, "spectral_entropy": {"dmean": 0.0925050973892, "dmean2": 0.14410173893, "dvar": 0.011910488829, "dvar2": 0.0273517165333, "max": 9.79688072205, "mean": 5.21047115326, "median": 5.19521427155, "min": 4.3307390213, "var": 0.0888225436211}, "spectral_flux": {"dmean": 0.0136554893106, "dmean2": 0.0220471750945, "dvar": 0.000473359890748, "dvar2": 0.0011840563966, "max": 0.295008003712, "mean": 0.0445433631539, "median": 0.0413227751851, "min": 1.0491266883e-10, "var": 0.000956133299042}, "spectral_kurtosis": {"dmean": 40.5052375793, "dmean2": 70.3554229736, "dvar": 1405.29882812, "dvar2": 4083.06225586, "max": 400.615692139, "mean": 178.109863281, "median": 183.443328857, "min": -1.23922562599, "var": 4033.81665039}, "spectral_rms": {"dmean": 0.000429631647421, "dmean2": 0.00065799645381, "dvar": 3.38573244107e-07, "dvar2": 7.20601519788e-07, "max": 0.0122272390872, "mean": 0.00446238880977, "median": 0.00441778637469, "min": 3.27692126906e-12, "var": 4.20977903559e-06}, "spectral_rolloff": {"dmean": 36.1415710449, "dmean2": 63.8861160278, "dvar": 81071.484375, "dvar2": 152542.65625, "max": 19379.8828125, "mean": 484.397521973, "median": 452.197265625, "min": 193.798828125, "var": 422599.875}, "spectral_skewness": {"dmean": 1.62112796307, "dmean2": 2.85950875282, "dvar": 2.31271958351, "dvar2": 6.49807214737, "max": 16.3481216431, "mean": 10.236497879, "median": 10.6712274551, "min": 0.0117230964825, "var": 5.51152276993}, "spectral_spread": {"dmean": 276778.46875, "dmean2": 482463.03125, "dvar": 287254380544, "dvar2": 376828592128, "max": 41333724, "mean": 796144.625, "median": 641856.125, "min": 213844.84375, "var": 931734421504}, "spectral_strongpeak": {"dmean": 0.369050323963, "dmean2": 0.625132799149, "dvar": 0.251229971647, "dvar2": 0.570534050465, "max": 6.15107488632, "mean": 1.00383269787, "median": 0.729361057281, "min": 0, "var": 0.791909575462}, "zerocrossingrate": {"dmean": 0.00148702226579, "dmean2": 0.00196221098304, "dvar": 4.96218744956e-05, "dvar2": 5.12853948749e-05, "max": 0.5234375, "mean": 0.0172787867486, "median": 0.015625, "min": 0.00439453125, "var": 0.000350586924469}, "barkbands": {"dmean": [0.000277223880403, 0.000261521578068, 0.00109394488391, 0.00107937678695, 0.00170896423515, 0.00174927955959, 0.00102409091778, 0.00079147372162, 0.000104043720057, 0.000126120488858, 9.49409004534e-05, 4.14519636251e-05, 1.24393309306e-05, 3.04056948153e-06, 2.18947343456e-06, 4.26004959309e-07, 1.94282733901e-06, 9.35259194534e-08, 4.66616647543e-08, 1.89513773563e-08, 9.50456335858e-09, 4.1516003968e-09, 3.15040771248e-09, 2.01301952885e-09, 1.55647816857e-09, 1.13174536409e-09, 1.29453348041e-09], "dmean2": [0.000427792867413, 0.000477525783936, 0.00198055384681, 0.00186695868615, 0.00239061308093, 0.00273626181297, 0.00171002338175, 0.00105809397064, 0.000165839112015, 0.000160503463121, 0.000146392048919, 6.23900559731e-05, 1.55140442075e-05, 4.03910644309e-06, 3.40637893714e-06, 7.15227486126e-07, 2.48242031375e-06, 1.28771176833e-07, 7.59561515906e-08, 3.09134620124e-08, 1.57514818966e-08, 6.74468925155e-09, 5.02156227711e-09, 3.23991189433e-09, 2.52250509369e-09, 1.9439745369e-09, 2.27302487943e-09], "dvar": [1.78301789333e-07, 2.50026374715e-07, 3.95225970351e-06, 3.59358500646e-06, 4.70141685582e-06, 1.41382333823e-05, 5.97708094574e-06, 8.31730994832e-06, 1.27392922877e-07, 3.11302784439e-07, 2.32239599995e-07, 1.77575483207e-08, 2.29629093518e-09, 2.43685904788e-10, 2.43622830243e-11, 1.7412924401e-12, 1.45999615175e-10, 8.3112065407e-14, 1.82708869193e-14, 9.48980985753e-16, 7.89795066421e-16, 1.13142306815e-16, 8.7235287963e-17, 2.14957407463e-17, 9.4675842093e-18, 3.10790471098e-18, 2.69436465592e-18], "dvar2": [3.92357065948e-07, 7.95001369625e-07, 1.30602193167e-05, 1.09888060251e-05, 9.44817566051e-06, 3.45977969118e-05, 1.30543076011e-05, 1.50711275637e-05, 3.35650014449e-07, 3.9787357764e-07, 5.73777015234e-07, 4.67604195364e-08, 4.03321687159e-09, 3.55552670639e-10, 5.53381229729e-11, 3.99945267876e-12, 1.75219228016e-10, 1.02412991824e-13, 4.07501824981e-14, 2.2308812834e-15, 2.04793402526e-15, 2.80214248471e-16, 1.9691067569e-16, 4.81437876962e-17, 2.10174467182e-17, 7.9398122236e-18, 8.11345232342e-18], "max": [0.00561186717823, 0.00725161004812, 0.0241385381669, 0.0258867125958, 0.0470587015152, 0.0626126229763, 0.0541312471032, 0.0670661404729, 0.0106581039727, 0.0192256756127, 0.0119025195017, 0.00410793349147, 0.00115806749091, 0.000480298738694, 9.90337211988e-05, 3.41044724337e-05, 0.000386364903534, 1.11686695163e-05, 3.31655587615e-06, 7.33083822979e-07, 7.42274778531e-07, 2.9552947467e-07, 2.15675868276e-07, 1.02582752959e-07, 6.58799734765e-08, 3.82740097393e-08, 2.32000996192e-08], "mean": [0.000618230726104, 0.000382496102247, 0.00161059433594, 0.00197784602642, 0.00730933388695, 0.00615723058581, 0.00297983898781, 0.00271535804495, 0.000221208465518, 0.000408059946494, 0.000220622707275, 7.47212689021e-05, 2.86878876068e-05, 1.00538109109e-05, 5.17597254657e-06, 1.19119511055e-06, 4.61490299131e-06, 2.66331085186e-07, 1.21831220667e-07, 4.89676565962e-08, 2.23813252376e-08, 1.08877609151e-08, 6.3883587309e-09, 4.53463711025e-09, 3.46082895675e-09, 3.30072680299e-09, 4.30312274702e-09], "median": [0.000121227640193, 0.000109333705041, 0.000556061975658, 0.00085378694348, 0.00569371506572, 0.00325010763481, 0.00134777184576, 0.000753493863158, 7.48025922803e-05, 0.000110077889985, 4.26277510996e-05, 2.51611745625e-05, 7.46904424886e-06, 1.65581127476e-06, 1.49103948388e-06, 3.81432982977e-07, 3.96744042064e-07, 1.33668692115e-07, 8.01289061769e-08, 3.99302422238e-08, 1.80471886324e-08, 8.4615185969e-09, 3.77737396917e-09, 3.08462322351e-09, 2.27923946383e-09, 2.43261988331e-09, 3.33771699168e-09], "min": [3.44242616949e-23, 2.37993529089e-23, 3.20797134421e-23, 1.87985285501e-23, 5.9071974554e-23, 8.46924412616e-23, 3.65350862388e-23, 4.21268731229e-23, 3.80620622049e-23, 1.3695253879e-22, 2.56159370683e-23, 8.40479923891e-23, 4.30700636202e-23, 6.18632989137e-23, 5.03252457645e-23, 1.08977271793e-22, 1.78718407075e-22, 1.40628176225e-22, 3.17796919693e-22, 3.15977945285e-22, 4.39542441663e-22, 5.08176975488e-22, 5.49604163698e-22, 7.13503559922e-22, 1.50932936225e-21, 1.65909489541e-21, 2.72352346883e-21], "var": [9.08867036742e-07, 4.94430082654e-07, 6.40736516289e-06, 8.23044229037e-06, 3.63414837921e-05, 6.37409830233e-05, 2.37082185777e-05, 3.45548287441e-05, 2.0834801262e-07, 2.03572790269e-06, 4.89153023864e-07, 2.54547494194e-08, 6.02276273298e-09, 1.54093870997e-09, 1.07525113813e-10, 8.08020404058e-12, 4.95631702346e-10, 6.11931946087e-13, 5.20434152859e-14, 2.19862330416e-15, 8.69289002641e-16, 1.62221897174e-16, 1.25249239898e-16, 3.68202641368e-17, 1.85064142373e-17, 8.73814822101e-18, 1.21679666042e-17]}, "erbbands": {"dmean": [0.00209454190917, 0.0953612998128, 1.04255211353, 2.39273452759, 4.51955318451, 6.53156805038, 10.3751583099, 16.472902298, 12.7930717468, 11.8379793167, 20.5906352997, 3.86428523064, 4.32235193253, 4.51523828506, 1.24233901501, 2.05851125717, 0.534608840942, 0.298596650362, 0.137392520905, 0.0414407253265, 0.0684492662549, 0.0565475784242, 0.00702377967536, 0.00248629576527, 0.00167871930171, 0.00082339142682, 0.000462674826849, 0.000331550807459, 0.000154046661919, 0.000109535838419, 8.9635628683e-05, 5.63525791222e-05, 2.99614330288e-05, 1.80959868885e-05, 1.22103128888e-05, 5.81524091103e-06, 2.70595592156e-06, 7.91459285665e-07, 2.2217550395e-06, 5.30828765477e-06], "dmean2": [0.00362228881568, 0.176526337862, 1.94016158581, 4.13427877426, 7.13661146164, 9.21934509277, 13.3214836121, 26.8534927368, 21.5510444641, 19.6022548676, 26.6131649017, 5.45015716553, 5.29247283936, 6.92228937149, 1.97389113903, 3.07422423363, 0.674499869347, 0.371303588152, 0.210733264685, 0.0633875206113, 0.087973408401, 0.0745089575648, 0.0091443983838, 0.00397179275751, 0.00273116840981, 0.00134080718271, 0.0007634278154, 0.000549891265109, 0.000252071797149, 0.000176804722287, 0.000143596276757, 8.84354594746e-05, 4.81191964354e-05, 2.90352345473e-05, 1.93630658032e-05, 9.35224397836e-06, 4.39825771537e-06, 1.33740081765e-06, 3.42859357261e-06, 8.21714820631e-06], "dvar": [9.20175443753e-06, 0.0331242084503, 3.79799008369, 15.4724225998, 33.060459137, 80.9095458984, 517.631286621, 1770.51745605, 799.551391602, 1011.91491699, 6201.47949219, 151.874404907, 431.218170166, 491.870574951, 28.0075950623, 41.05884552, 3.73707675934, 1.15597391129, 0.0965364873409, 0.0113801378757, 0.155035838485, 0.0992484539747, 0.000718192604836, 3.44083564414e-05, 3.93040645577e-05, 2.91512242256e-06, 7.83844086527e-07, 1.13451392281e-06, 1.39861967341e-07, 9.14270330554e-08, 7.58085434427e-08, 2.36771011686e-08, 4.21969525988e-09, 1.29775423741e-09, 6.23092411001e-10, 1.08114767139e-10, 1.72464317133e-11, 1.15726514743e-12, 1.4307330494e-11, 8.06863603708e-11], "dvar2": [2.69286247203e-05, 0.111205659807, 13.3513507843, 46.3006744385, 97.575340271, 166.062225342, 723.526489258, 4478.64941406, 1957.96716309, 2173.0534668, 11128.0039062, 333.000732422, 515.897277832, 1205.34436035, 70.939956665, 108.02469635, 6.60424804688, 1.86623060703, 0.207799077034, 0.0233707278967, 0.181719020009, 0.122104972601, 0.000820602697786, 6.07597830822e-05, 9.3985676358e-05, 6.55414351058e-06, 1.97158851734e-06, 2.94897381536e-06, 3.54865505869e-07, 2.06113469403e-07, 1.67320223454e-07, 5.39851932047e-08, 8.57173532154e-09, 2.81903678179e-09, 1.2766214752e-09, 2.2699898905e-10, 3.86702753152e-11, 3.00512371064e-12, 2.98218255645e-11, 1.70575747971e-10], "max": [0.0477983392775, 2.27164244652, 20.6457023621, 48.291469574, 94.6571273804, 200.843032837, 509.344299316, 783.819763184, 512.758728027, 736.918518066, 1846.83789062, 298.335723877, 737.69909668, 518.561096191, 127.66242981, 196.419570923, 49.3397979736, 24.7248935699, 5.83794498444, 2.67154288292, 12.7846832275, 10.0033493042, 1.03058207035, 0.185335174203, 0.218080669641, 0.0464868582785, 0.0204295236617, 0.0269633661956, 0.010681219399, 0.00546881649643, 0.00641622859985, 0.00296990363859, 0.00129303161521, 0.000956961594056, 0.000480835704366, 0.000266818911768, 7.85338925198e-05, 1.88653593796e-05, 7.34720306355e-05, 0.000171369072632], "mean": [0.00458398880437, 0.139448598027, 1.5490847826, 4.33530330658, 14.5374507904, 28.2511062622, 40.9025993347, 52.175617218, 35.7073249817, 39.7711296082, 71.6052856445, 12.4043636322, 14.6823396683, 11.1579685211, 3.22747540474, 3.68044757843, 1.37007379532, 0.905547738075, 0.361980140209, 0.123073652387, 0.185400187969, 0.139803275466, 0.0216386485845, 0.00760075589642, 0.00440254667774, 0.00219304626808, 0.00118066207506, 0.000783498689998, 0.00040593763697, 0.00026728148805, 0.0001881463686, 0.000125963517348, 8.16191459307e-05, 5.26050826011e-05, 3.79795455956e-05, 2.39828023041e-05, 1.30971993713e-05, 3.38530458066e-06, 1.20452905321e-05, 2.74338290183e-05], "median": [0.0029908795841, 0.0438292361796, 0.59653365612, 2.47840261459, 10.3709754944, 20.2397918701, 23.9145355225, 21.1620388031, 21.0484523773, 19.5949707031, 18.1533889771, 4.21299695969, 3.61616706848, 3.05352950096, 1.19677352905, 1.19659876823, 0.469718694687, 0.24536010623, 0.105252236128, 0.0506775192916, 0.0320848077536, 0.0188238508999, 0.00932704843581, 0.00520709482953, 0.00309985573404, 0.00172271183692, 0.00103782536462, 0.000606461660936, 0.000324117747368, 0.000179935741471, 0.000114086418762, 7.97450193204e-05, 6.05302848271e-05, 3.98169031541e-05, 2.94969377137e-05, 2.05432988878e-05, 1.16866494864e-05, 2.78868128589e-06, 9.80076038104e-06, 2.21730770136e-05], "min": [6.96237578274e-22, 5.92899354337e-21, 2.88301168614e-20, 6.18138242335e-20, 8.52114356531e-20, 1.7497449725e-19, 6.01860284308e-19, 7.10931802891e-19, 3.65111008334e-19, 7.15683076631e-19, 1.17978816554e-18, 9.91343704101e-19, 1.61734303154e-18, 4.45422863226e-18, 1.40211963174e-18, 4.05212372878e-18, 2.0437976507e-18, 2.67362951271e-18, 3.50156885668e-18, 3.55085641348e-18, 7.16545867369e-18, 1.02022099288e-17, 7.12285969932e-18, 1.4129924039e-17, 1.43509731685e-17, 1.67535738516e-17, 1.72583277332e-17, 1.60479375039e-17, 1.69767256742e-17, 1.82951820874e-17, 1.61615491067e-17, 1.03765680214e-17, 1.49591229723e-17, 1.57745328047e-17, 1.08389752187e-17, 5.42099762754e-18, 3.08377978162e-18, 1.72491642263e-18, 3.98554851077e-19, 3.79961730838e-20], "var": [2.51032124652e-05, 0.0583130791783, 5.78731107712, 30.5406494141, 193.625, 659.943359375, 2810.06616211, 7580.53564453, 2348.56713867, 4142.45410156, 25689, 488.433898926, 2918.88623047, 1019.62799072, 54.9023628235, 60.7578010559, 10.3589315414, 5.30272865295, 0.47575366497, 0.0481058061123, 0.55641824007, 0.348534524441, 0.00493555981666, 0.000179741109605, 7.31899999664e-05, 5.69084022572e-06, 1.09250299829e-06, 1.23168342725e-06, 1.88546351865e-07, 1.549547477e-07, 1.09664867409e-07, 3.69450212645e-08, 9.27928667238e-09, 3.12353520826e-09, 1.49978918174e-09, 3.97406163533e-10, 9.44841843653e-11, 6.53938968947e-12, 9.40949818062e-11, 5.10608499926e-10]}, "gfcc": {"mean": [-238.469039917, 247.582763672, -68.5336151123, -51.3474769592, -49.6088790894, -33.7461891174, -30.8276596069, -22.243183136, -16.8327655792, -15.933423996, -8.31167602539, -11.5743713379, -3.24980998039], "cov": [[11529.4052734, 3107.33105469, -694.557739258, -315.42755127, 875.655517578, -347.297454834, -266.180450439, -658.410583496, 82.9957427979, -268.958221436, 226.873123169, -288.220092773, -61.6238212585], [3107.33105469, 1041.31469727, -30.7624187469, -37.4046173096, 309.122619629, -66.3659286499, -26.8750629425, -195.145462036, -6.71528339386, -77.6305007935, 80.4010009766, -92.8890380859, -37.7700195312], [-694.557739258, -30.7624187469, 474.443450928, 150.820236206, -0.341428369284, 141.497085571, 103.108650208, 90.9633026123, -1.42721557617, 31.4803314209, 4.36764431, -11.7688760757, -59.7803039551], [-315.42755127, -37.4046173096, 150.820236206, 278.738677979, 75.7337341309, -20.4044876099, 33.5367851257, -27.5642795563, -20.1321392059, -1.92426264286, 10.6418991089, -9.30212402344, -16.4724273682], [875.655517578, 309.122619629, -0.341428369284, 75.7337341309, 234.431625366, 3.86271476746, -42.052822113, -72.1091156006, 5.48291683197, -24.9500827789, 37.8779907227, -11.2410640717, -13.1914234161], [-347.297454834, -66.3659286499, 141.497085571, -20.4044876099, 3.86271476746, 217.874969482, 98.6062927246, 96.2574768066, 26.6174526215, 20.3720550537, 2.22445368767, 14.0456762314, -32.5561065674], [-266.180450439, -26.8750629425, 103.108650208, 33.5367851257, -42.052822113, 98.6062927246, 151.69519043, 81.4199142456, -2.58122038841, -2.98091602325, -13.729309082, -9.34851551056, -20.0214157104], [-658.410583496, -195.145462036, 90.9633026123, -27.5642795563, -72.1091156006, 96.2574768066, 81.4199142456, 181.65020752, 58.4192581177, 9.70477199554, -35.7740516663, 20.5963459015, -14.072810173], [82.9957427979, -6.71528339386, -1.42721557617, -20.1321392059, 5.48291683197, 26.6174526215, -2.58122038841, 58.4192581177, 78.2849273682, 27.6220035553, 2.08639407158, -3.02496361732, -14.1270275116], [-268.958221436, -77.6305007935, 31.4803314209, -1.92426264286, -24.9500827789, 20.3720550537, -2.98091602325, 9.70477199554, 27.6220035553, 66.9851455688, 28.5119438171, 3.49238157272, -15.0506505966], [226.873123169, 80.4010009766, 4.36764431, 10.6418991089, 37.8779907227, 2.22445368767, -13.729309082, -35.7740516663, 2.08639407158, 28.5119438171, 67.8711700439, 13.3217582703, -17.8610744476], [-288.220092773, -92.8890380859, -11.7688760757, -9.30212402344, -11.2410640717, 14.0456762314, -9.34851551056, 20.5963459015, -3.02496361732, 3.49238157272, 13.3217582703, 56.8558082581, 23.9878978729], [-61.6238212585, -37.7700195312, -59.7803039551, -16.4724273682, -13.1914234161, -32.5561065674, -20.0214157104, -14.072810173, -14.1270275116, -15.0506505966, -17.8610744476, 23.9878978729, 54.7007789612]], "icov": [[0.000860371277668, -0.00255675427616, 0.00106666691136, -0.000393218389945, 0.000920277496334, -0.000705523241777, 0.000891079427674, 0.000377190241124, -0.00179580715485, 0.00149960222188, -0.000723587872926, 0.000747388461605, -0.000138812858495], [-0.00255675427616, 0.0138660669327, -0.00659343507141, 0.00748916203156, -0.00953685119748, 0.00643185898662, -0.00975951645523, 0.00628444040194, -0.0025640334934, 0.00510594528168, -0.005234639626, 0.00346820033155, -0.00117112882435], [0.00106666691136, -0.00659343507141, 0.00757429841906, -0.00656960904598, 0.00505838776007, -0.00573345227167, 0.00622580572963, -0.00670091854408, 0.00567654706538, -0.00512571306899, 0.00236095837317, 0.000193530286197, 0.00205236207694], [-0.000393218389945, 0.00748916203156, -0.00656960904598, 0.0132282376289, -0.0102933375165, 0.00869335886091, -0.011802691035, 0.00988079421222, -0.00787955988199, 0.00704457331449, -0.00367533788085, 0.00106538843829, 0.000681763398461], [0.000920277496334, -0.00953685119748, 0.00505838776007, -0.0102933375165, 0.0173983052373, -0.0094553893432, 0.0121733918786, -0.00457194447517, 0.001481124782, -0.000204185664188, 0.00074730522465, -0.00233979825862, 0.000324147433275], [-0.000705523241777, 0.00643185898662, -0.00573345227167, 0.00869335886091, -0.0094553893432, 0.0153552377596, -0.0132589871064, 0.00524788815528, -0.00531762326136, 0.00135424931068, 0.000416935043177, -0.00501975324005, 0.00469085667282], [0.000891079427674, -0.00975951645523, 0.00622580572963, -0.011802691035, 0.0121733918786, -0.0132589871064, 0.0264499075711, -0.0179092697799, 0.0148144885898, -0.00556503050029, -0.000904497341253, 0.00729624694213, -0.00356739317067], [0.000377190241124, 0.00628444040194, -0.00670091854408, 0.00988079421222, -0.00457194447517, 0.00524788815528, -0.0179092697799, 0.0336855500937, -0.0291395839304, 0.0153699070215, 0.00583307957277, -0.0124320602044, 0.00860832910985], [-0.00179580715485, -0.0025640334934, 0.00567654706538, -0.00787955988199, 0.001481124782, -0.00531762326136, 0.0148144885898, -0.0291395839304, 0.0463370196521, -0.0281432885677, 0.00644043693319, 0.00398964621127, -0.000267824449111], [0.00149960222188, 0.00510594528168, -0.00512571306899, 0.00704457331449, -0.000204185664188, 0.00135424931068, -0.00556503050029, 0.0153699070215, -0.0281432885677, 0.0483472086489, -0.0279928147793, 0.0131535613909, -0.00446558743715], [-0.000723587872926, -0.005234639626, 0.00236095837317, -0.00367533788085, 0.00074730522465, 0.000416935043177, -0.000904497341253, 0.00583307957277, 0.00644043693319, -0.0279928147793, 0.0510976985097, -0.0348215289414, 0.0245578568429], [0.000747388461605, 0.00346820033155, 0.000193530286197, 0.00106538843829, -0.00233979825862, -0.00501975324005, 0.00729624694213, -0.0124320602044, 0.00398964621127, 0.0131535613909, -0.0348215289414, 0.0543180704117, -0.0308512374759], [-0.000138812858495, -0.00117112882435, 0.00205236207694, 0.000681763398461, 0.000324147433275, 0.00469085667282, -0.00356739317067, 0.00860832910985, -0.000267824449111, -0.00446558743715, 0.0245578568429, -0.0308512374759, 0.0437934696674]]}, "melbands": {"dmean": [4.46342055511e-05, 0.000394240429159, 0.000439113413449, 0.000398642587243, 0.000326522160321, 0.000347912078723, 0.000217881999561, 0.000121506491269, 0.000155359099153, 1.64644316101e-05, 2.11203459912e-05, 1.73848457052e-05, 7.08156358087e-06, 4.88636578666e-06, 2.14028636947e-06, 1.69297061348e-06, 4.09777499044e-07, 2.13658836401e-07, 1.28875200289e-07, 3.68155639308e-08, 1.13688265913e-07, 9.15609774665e-08, 5.18731413379e-09, 4.74621231206e-09, 2.06464423336e-09, 1.75082348619e-09, 9.57976808991e-10, 5.24951471181e-10, 3.3421992951e-10, 3.28644778058e-10, 1.51079995736e-10, 9.35366090138e-11, 7.99121116501e-11, 5.82613540745e-11, 6.20701476328e-11, 4.35130299847e-11, 3.34105867972e-11, 2.3268763652e-11, 1.58610260342e-11, 1.54910233946e-11], "dmean2": [7.86141608842e-05, 0.000731000036467, 0.00075719342567, 0.000534007267561, 0.000442788383225, 0.000562992063351, 0.000368721579434, 0.000198277673917, 0.000200637849048, 2.44752282015e-05, 2.57279680227e-05, 2.67332288786e-05, 1.11555755211e-05, 7.46775185689e-06, 3.13556256515e-06, 2.09854579225e-06, 5.32224134986e-07, 3.27110171838e-07, 1.93478300048e-07, 6.21190920924e-08, 1.42823580518e-07, 1.19875281257e-07, 7.70194930055e-09, 6.60334009694e-09, 3.3893621243e-09, 2.87859780457e-09, 1.54855717138e-09, 8.64586513494e-10, 5.57527191081e-10, 5.49484902024e-10, 2.51034276699e-10, 1.54641632832e-10, 1.30977839685e-10, 9.46055733753e-11, 9.99055352335e-11, 6.91428025945e-11, 5.36299546439e-11, 3.70119317139e-11, 2.66427643836e-11, 2.52473163903e-11], "dvar": [5.44187894747e-09, 5.41466931736e-07, 4.7918342716e-07, 2.56566039525e-07, 4.19520404193e-07, 7.17397426797e-07, 2.4145936095e-07, 1.10058124392e-07, 3.54691252369e-07, 2.99308933194e-09, 1.03777635374e-08, 6.88986689923e-09, 1.12793974161e-09, 2.72887018538e-10, 3.74520969793e-11, 4.26034763024e-11, 3.53289381257e-12, 2.65305084759e-13, 1.0449699103e-13, 1.03875648317e-14, 5.10802663188e-13, 2.77698870843e-13, 1.6944691616e-16, 2.01210850205e-16, 1.86539121211e-17, 3.04916640888e-17, 6.02283645685e-18, 1.27715921436e-18, 2.48322023882e-19, 1.46307622544e-18, 1.37693441193e-19, 4.564140282e-20, 4.66168200144e-20, 2.11313788793e-20, 3.95183695878e-20, 1.91220780076e-20, 7.28176221298e-21, 2.78458175728e-21, 9.39991003661e-22, 9.49628889682e-22], "dvar2": [1.65130202845e-08, 1.88132139556e-06, 1.45411979702e-06, 5.10667121034e-07, 6.13645397607e-07, 1.82806581961e-06, 5.74656894514e-07, 2.35844069607e-07, 6.39653535472e-07, 7.24251192352e-09, 1.22695862359e-08, 1.70413905209e-08, 2.83512502364e-09, 7.26342208601e-10, 9.61494425744e-11, 7.3535691425e-11, 5.20082891683e-12, 5.46220783448e-13, 2.19730023022e-13, 2.31448889866e-14, 5.95465517172e-13, 3.39439170131e-13, 2.7386822469e-16, 2.41412277962e-16, 3.85295997854e-17, 7.15984774215e-17, 1.41143631174e-17, 2.87958073483e-18, 6.41168682498e-19, 3.89664231136e-18, 3.49744784287e-19, 1.19697441958e-19, 1.11985301065e-19, 4.77477439328e-20, 8.69930922197e-20, 4.57891644192e-20, 1.75077348758e-20, 5.56482849038e-21, 2.25242512683e-21, 2.16228990505e-21], "max": [0.00107717816718, 0.00801085587591, 0.010279503651, 0.0113526945934, 0.0148863531649, 0.0151900146157, 0.00859483052045, 0.00728438422084, 0.0139741869643, 0.00169883272611, 0.00366130610928, 0.00189412850887, 0.000798979133833, 0.000504886789713, 0.000186320932698, 0.000154653927893, 5.65094851481e-05, 1.12842526505e-05, 7.19033459973e-06, 2.7905891784e-06, 2.30932037084e-05, 1.67666166817e-05, 4.54378124459e-07, 5.57257180844e-07, 1.28954752654e-07, 1.51091384737e-07, 8.8501174389e-08, 3.49402036193e-08, 8.52994830325e-09, 3.27788676202e-08, 8.13218825613e-09, 6.43533226707e-09, 4.53882709195e-09, 2.45806330845e-09, 4.43039516185e-09, 2.99769542522e-09, 1.86661464063e-09, 1.12264697538e-09, 8.24907753216e-10, 7.50683182282e-10], "mean": [8.9692621259e-05, 0.00058792863274, 0.00102781085297, 0.00156501703896, 0.00134145573247, 0.00112023507245, 0.000614063756075, 0.000423846096965, 0.000528143602423, 4.5629163651e-05, 7.01933822711e-05, 4.16379189119e-05, 1.6626319848e-05, 9.06426976144e-06, 3.96200675823e-06, 3.86961846743e-06, 1.34051651912e-06, 5.56694885745e-07, 3.14480161023e-07, 1.06522307419e-07, 2.84479114043e-07, 2.1992282484e-07, 1.50368038021e-08, 1.27017747431e-08, 5.43853184709e-09, 4.14277545602e-09, 2.22345541978e-09, 1.2476254474e-09, 7.53094364647e-10, 6.64509502979e-10, 3.53923279572e-10, 2.26094545863e-10, 1.80546799733e-10, 1.24814755753e-10, 1.12142621578e-10, 8.04777078312e-11, 6.49819781318e-11, 5.10140679699e-11, 3.58596832783e-11, 3.21136589543e-11], "median": [4.4929649448e-05, 0.000210401194636, 0.000628311012406, 0.00113941216841, 0.00088001874974, 0.000516207073815, 0.000331770483172, 0.000215369946091, 0.000125176477013, 1.59991905093e-05, 1.60461495398e-05, 1.16791761684e-05, 4.443767466e-06, 3.29784779751e-06, 1.26451595861e-06, 9.38134803619e-07, 2.74877777429e-07, 1.4968865969e-07, 9.72877529648e-08, 4.00221367158e-08, 3.35982122124e-08, 2.20508766802e-08, 8.54332427025e-09, 6.09366423987e-09, 3.79105458137e-09, 2.58868904091e-09, 1.60354551859e-09, 9.82909309499e-10, 6.61564136806e-10, 4.64338512085e-10, 2.89047147328e-10, 1.82649020908e-10, 1.24548413249e-10, 7.94653787217e-11, 6.31369956317e-11, 4.24212193151e-11, 4.02909650088e-11, 3.40028005752e-11, 2.60382236605e-11, 2.05013280657e-11], "min": [7.93693624899e-24, 1.29978828528e-23, 1.09648889035e-23, 8.48360581225e-24, 1.90493847403e-23, 1.57774673845e-23, 5.91712574321e-24, 7.60965836979e-24, 1.03438305458e-23, 5.23263665777e-24, 8.69954070784e-24, 1.96900754794e-23, 3.47827745217e-24, 8.01091956898e-24, 7.6557270578e-24, 5.10826997505e-24, 4.63591663108e-24, 6.01856576144e-24, 3.64432951727e-24, 6.37975795424e-24, 9.10494263792e-24, 1.18004653627e-23, 5.94614951363e-24, 7.21669598733e-24, 1.2182902763e-23, 9.301092902e-24, 1.19319842528e-23, 1.0454500631e-23, 1.16041107836e-23, 8.59826753369e-24, 9.16261862528e-24, 7.50709146376e-24, 1.30346311492e-23, 9.26528571665e-24, 1.06466884468e-23, 6.6090269657e-24, 5.95306940149e-24, 1.06639124358e-23, 1.06802600003e-23, 1.46663315559e-23], "var": [1.38144438111e-08, 8.53465792261e-07, 1.34763661208e-06, 1.94819949684e-06, 2.36453433899e-06, 2.95868312605e-06, 7.84515066243e-07, 4.46281205768e-07, 1.44610271491e-06, 7.44307637746e-09, 7.06257026195e-08, 1.34741968694e-08, 2.26233409784e-09, 3.66825320119e-10, 6.58713986135e-11, 1.13624082365e-10, 2.13575303276e-11, 1.36435123182e-12, 3.98339428933e-13, 5.36471908563e-14, 1.7743994208e-12, 9.62846230697e-13, 1.09182430434e-15, 1.50522519287e-15, 7.21845712815e-17, 7.2894603267e-17, 1.18693916262e-17, 2.07438410142e-18, 3.64748134539e-19, 1.45928722125e-18, 1.63606825511e-19, 5.66107418583e-20, 6.51753893077e-20, 3.5584938367e-20, 5.1604735264e-20, 2.59022109169e-20, 1.00578288163e-20, 5.42904445023e-21, 1.80682660631e-21, 1.80556018795e-21]}, "mfcc": {"mean": [-865.552185059, 256.500061035, 51.883934021, -15.3950424194, -5.31856489182, -11.9063262939, -16.9528923035, -11.2640752792, -11.3316049576, -11.9222078323, -8.02962684631, -4.1667265892, -3.31865572929], "cov": [[3969.88110352, 3210.16918945, -88.4578094482, -398.774078369, 235.795700073, 62.065322876, -106.838294983, -63.7637252808, -131.237121582, -133.571899414, -16.5797595978, 86.7762908936, 54.1956138611], [3210.16918945, 2749.17797852, 154.287490845, -283.134643555, 173.273223877, 108.332298279, -40.2305259705, -54.26820755, -113.01839447, -110.885055542, -15.3578557968, 66.0734710693, 35.4287796021], [-88.4578094482, 154.287490845, 372.733703613, 128.100524902, -16.2809906006, 79.0025405884, 86.7342910767, 13.5841093063, -1.75673389435, 4.85537004471, -1.13729012012, -7.81081104279, -8.07216262817], [-398.774078369, -283.134643555, 128.100524902, 185.737930298, 58.9291496277, 16.2647705078, 32.8192138672, 28.1680603027, 16.1716003418, 11.8504571915, 3.86984634399, 2.4931538105, 13.9099807739], [235.795700073, 173.273223877, -16.2809906006, 58.9291496277, 154.365829468, 66.1711120605, -16.1393585205, -7.73103618622, -11.048169136, -22.1083049774, 3.37300276756, 36.5722885132, 34.47813797], [62.065322876, 108.332298279, 79.0025405884, 16.2647705078, 66.1711120605, 128.827987671, 74.5240707397, 4.51736164093, -7.06208229065, 0.0318675078452, 14.7335882187, 28.7189445496, 17.9290657043], [-106.838294983, -40.2305259705, 86.7342910767, 32.8192138672, -16.1393585205, 74.5240707397, 133.348983765, 76.096572876, 22.212020874, 22.0680408478, 24.5966510773, 14.7318983078, 8.19665622711], [-63.7637252808, -54.26820755, 13.5841093063, 28.1680603027, -7.73103618622, 4.51736164093, 76.096572876, 113.184829712, 75.8702774048, 23.3395671844, 6.88317108154, 12.2661466599, 10.8969688416], [-131.237121582, -113.01839447, -1.75673389435, 16.1716003418, -11.048169136, -7.06208229065, 22.212020874, 75.8702774048, 105.065765381, 55.4571418762, 0.814563333988, 0.157065302134, 5.69612264633], [-133.571899414, -110.885055542, 4.85537004471, 11.8504571915, -22.1083049774, 0.0318675078452, 22.0680408478, 23.3395671844, 55.4571418762, 77.0066833496, 41.6617469788, 5.17072677612, 1.81587290764], [-16.5797595978, -15.3578557968, -1.13729012012, 3.86984634399, 3.37300276756, 14.7335882187, 24.5966510773, 6.88317108154, 0.814563333988, 41.6617469788, 69.5196762085, 46.4242706299, 15.6737318039], [86.7762908936, 66.0734710693, -7.81081104279, 2.4931538105, 36.5722885132, 28.7189445496, 14.7318983078, 12.2661466599, 0.157065302134, 5.17072677612, 46.4242706299, 77.1563796997, 50.2885398865], [54.1956138611, 35.4287796021, -8.07216262817, 13.9099807739, 34.47813797, 17.9290657043, 8.19665622711, 10.8969688416, 5.69612264633, 1.81587290764, 15.6737318039, 50.2885398865, 60.7553329468]], "icov": [[64.4469833374, -90.3636169434, 88.0449066162, -83.9379501343, 77.9957580566, -69.9737319946, 59.9701042175, -48.5570640564, 36.3720321655, -24.6879291534, 14.5758953094, -6.87164211273, 2.38266038895], [-90.3636169434, 126.707443237, -123.467842102, 117.726081848, -109.406425476, 98.1643447876, -84.1356430054, 68.1215133667, -51.0216140747, 34.6247596741, -20.4360313416, 9.63025760651, -3.33768224716], [88.0449066162, -123.467842102, 120.34589386, -114.794372559, 106.726593018, -95.800743103, 82.1343536377, -66.5109558105, 49.8153381348, -33.7975730896, 19.9387531281, -9.38908195496, 3.25234508514], [-83.9379501343, 117.726081848, -114.794372559, 109.579231262, -101.95514679, 91.5944366455, -78.5947799683, 63.680557251, -47.7127799988, 32.3719940186, -19.0907554626, 8.98441791534, -3.11070156097], [77.9957580566, -109.406425476, 106.726593018, -101.95514679, 94.984375, -85.4588623047, 73.4569396973, -59.618434906, 44.735408783, -30.3889045715, 17.9348945618, -8.44054508209, 2.92004799843], [-69.9737319946, 98.1643447876, -95.800743103, 91.5944366455, -85.4588623047, 77.065574646, -66.4153289795, 54.0607795715, -40.6807670593, 27.7145442963, -16.3936882019, 7.72343730927, -2.68271327019], [59.9701042175, -84.1356430054, 82.1343536377, -78.5947799683, 73.4569396973, -66.4153289795, 57.4549980164, -46.966342926, 35.5009765625, -24.3039417267, 14.4423036575, -6.83483123779, 2.38962244987], [-48.5570640564, 68.1215133667, -66.5109558105, 63.680557251, -59.618434906, 54.0607795715, -46.966342926, 38.6242027283, -29.386516571, 20.2663078308, -12.1427640915, 5.79252624512, -2.05081820488], [36.3720321655, -51.0216140747, 49.8153381348, -47.7127799988, 44.735408783, -40.6807670593, 35.5009765625, -29.386516571, 22.5580978394, -15.7151250839, 9.52941703796, -4.60593891144, 1.65823864937], [-24.6879291534, 34.6247596741, -33.7975730896, 32.3719940186, -30.3889045715, 27.7145442963, -24.3039417267, 20.2663078308, -15.7151250839, 11.1043386459, -6.8385386467, 3.36482000351, -1.23935461044], [14.5758953094, -20.4360313416, 19.9387531281, -19.0907554626, 17.9348945618, -16.3936882019, 14.4423036575, -12.1427640915, 9.52941703796, -6.8385386467, 4.31942605972, -2.18344664574, 0.828164696693], [-6.87164211273, 9.63025760651, -9.38908195496, 8.98441791534, -8.44054508209, 7.72343730927, -6.83483123779, 5.79252624512, -4.60593891144, 3.36482000351, -2.18344664574, 1.16583693027, -0.467057019472], [2.38266038895, -3.33768224716, 3.25234508514, -3.11070156097, 2.92004799843, -2.68271327019, 2.38962244987, -2.05081820488, 1.65823864937, -1.23935461044, 0.828164696693, -0.467057019472, 0.216231420636]]}, "spectral_contrast_coeffs": {"dmean": [0.042282320559, 0.0350377224386, 0.0264521613717, 0.0194930713624, 0.0133286565542, 0.0281791687012], "dmean2": [0.0721985250711, 0.0583058521152, 0.0426106415689, 0.0315964184701, 0.0220952443779, 0.0495684556663], "dvar": [0.00110281351954, 0.00115965935402, 0.000494474719744, 0.000285209651338, 0.000143260258483, 0.000548503070604], "dvar2": [0.00327620189637, 0.00311217643321, 0.00122990831733, 0.000657427124679, 0.000327383924741, 0.0016278399853], "max": [-0.245144277811, -0.368223130703, -0.442714244127, -0.607461035252, -0.600896239281, -0.754702925682], "mean": [-0.497294098139, -0.651517152786, -0.764505147934, -0.798002898693, -0.825794637203, -0.854983448982], "median": [-0.495148599148, -0.650256693363, -0.770819664001, -0.80326128006, -0.831620633602, -0.852741599083], "min": [-0.962404668331, -0.968188226223, -0.966393828392, -0.957005620003, -0.966646552086, -0.956507861614], "var": [0.00926908291876, 0.00541768874973, 0.0039944127202, 0.0032879053615, 0.00169984484091, 0.00112238142174]}, "spectral_contrast_valleys": {"dmean": [0.44186899066, 0.288528263569, 0.255983948708, 0.209487661719, 0.144376546144, 0.489706575871], "dmean2": [0.766178786755, 0.48059591651, 0.427781641483, 0.356468319893, 0.239939138293, 0.86532753706], "dvar": [0.133789494634, 0.100974202156, 0.0837902203202, 0.0630685612559, 0.0502746328712, 0.195174843073], "dvar2": [0.353166460991, 0.212552979589, 0.166186586022, 0.120042294264, 0.076451741159, 0.527758359909], "max": [-5.96272134781, -4.61211252213, -5.78996944427, -8.2517490387, -9.94138336182, -12.2410879135], "mean": [-8.