{"lowlevel": {"average_loudness": 0.511654913425, "barkbands_crest": {"dmean": 2.68426728249, "dmean2": 4.33906698227, "dvar": 6.0370388031, "dvar2": 16.4727077484, "max": 26.6381778717, "mean": 10.182182312, "median": 9.43491363525, "min": 2.46958565712, "var": 18.2126655579}, "barkbands_flatness_db": {"dmean": 0.0203617438674, "dmean2": 0.0299053862691, "dvar": 0.000373942544684, "dvar2": 0.000893027347047, "max": 0.440066725016, "mean": 0.123539172113, "median": 0.113735079765, "min": 0.026202654466, "var": 0.00316206202842}, "barkbands_kurtosis": {"dmean": 3.18793845177, "dmean2": 5.23631381989, "dvar": 124.50378418, "dvar2": 357.823730469, "max": 282.067230225, "mean": 4.87438631058, "median": 1.25317597389, "min": -1.82521796227, "var": 259.864685059}, "barkbands_skewness": {"dmean": 0.5042989254, "dmean2": 0.782424867153, "dvar": 0.417957127094, "dvar2": 1.0813845396, "max": 15.8727331161, "mean": 1.48708343506, "median": 1.25573968887, "min": -2.04329991341, "var": 1.87422716618}, "barkbands_spread": {"dmean": 4.95119810104, "dmean2": 7.14496183395, "dvar": 28.5169830322, "dvar2": 54.4205932617, "max": 84.0448150635, "mean": 22.6489810944, "median": 20.5832118988, "min": 0.486197113991, "var": 184.3175354}, "dissonance": {"dmean": 0.0168672893196, "dmean2": 0.0277422815561, "dvar": 0.000324005901348, "dvar2": 0.000874896591995, "max": 0.499921768904, "mean": 0.458858907223, "median": 0.468177855015, "min": 0.223293766379, "var": 0.00109201867599}, "dynamic_complexity": 4.97311973572, "erbbands_crest": {"dmean": 2.51118469238, "dmean2": 3.94822669029, "dvar": 6.07236099243, "dvar2": 15.6878299713, "max": 28.0847129822, "mean": 9.60707473755, "median": 8.69369888306, "min": 2.1375181675, "var": 19.3375358582}, "erbbands_flatness_db": {"dmean": 0.0155988903716, "dmean2": 0.0216783229262, "dvar": 0.000218159751967, "dvar2": 0.000436262576841, "max": 0.334283947945, "mean": 0.170592784882, "median": 0.164158463478, "min": 0.0218056794256, "var": 0.00175217702053}, "erbbands_kurtosis": {"dmean": 0.867847681046, "dmean2": 1.38031160831, "dvar": 2.72898244858, "dvar2": 8.2156047821, "max": 58.2132225037, "mean": 0.53630566597, "median": -0.210799694061, "min": -1.69330871105, "var": 6.93264055252}, "erbbands_skewness": {"dmean": 0.344543337822, "dmean2": 0.517781972885, "dvar": 0.112532757223, "dvar2": 0.287023544312, "max": 6.63361406326, "mean": 0.404579758644, "median": 0.30943775177, "min": -2.37716555595, "var": 0.700405180454}, "erbbands_spread": {"dmean": 6.65027093887, "dmean2": 10.0003452301, "dvar": 37.8923530579, "dvar2": 90.1078186035, "max": 105.495635986, "mean": 37.7126655579, "median": 38.3185806274, "min": 3.23599529266, "var": 218.661239624}, "hfc": {"dmean": 4.93321323395, "dmean2": 6.4497795105, "dvar": 95.4003829956, "dvar2": 192.284713745, "max": 479.702606201, "mean": 16.4715499878, "median": 9.51660633087, "min": 1.19861051562e-16, "var": 629.29119873}, "melbands_crest": {"dmean": 3.36914920807, "dmean2": 5.5419716835, "dvar": 9.26371574402, "dvar2": 24.8745822906, "max": 39.3239784241, "mean": 13.9670410156, "median": 12.9779644012, "min": 3.11962103844, "var": 28.8354549408}, "melbands_flatness_db": {"dmean": 0.023536933586, "dmean2": 0.0346430540085, "dvar": 0.000470985658467, "dvar2": 0.00110178231262, "max": 0.595901608467, "mean": 0.172788500786, "median": 0.16178175807, "min": 0.00794837344438, "var": 0.0048131942749}, "melbands_kurtosis": {"dmean": 5.79318618774, "dmean2": 9.44497585297, "dvar": 221.126754761, "dvar2": 607.173706055, "max": 395.087127686, "mean": 12.1063661575, "median": 6.13131952286, "min": -1.6383343935, "var": 692.627502441}, "melbands_skewness": {"dmean": 0.593158602715, "dmean2": 0.932882785797, "dvar": 0.492668956518, "dvar2": 1.24852108955, "max": 16.8078937531, "mean": 2.39748954773, "median": 2.17112874985, "min": -1.02692508698, "var": 2.36864066124}, "melbands_spread": {"dmean": 7.57876586914, "dmean2": 11.1977624893, "dvar": 87.8364639282, "dvar2": 170.718505859, "max": 221.166824341, "mean": 26.6236495972, "median": 22.0147628784, "min": 0.345723003149, "var": 403.589599609}, "pitch_salience": {"dmean": 0.0662425234914, "dmean2": 0.106824837625, "dvar": 0.00340100564063, "dvar2": 0.00883769337088, "max": 0.944256305695, "mean": 0.553385972977, "median": 0.562190055847, "min": 0.0245273374021, "var": 0.0126072410494}, "silence_rate_20dB": {"dmean": 0.000316405639751, "dmean2": 0.000632911396679, "dvar": 0.000316310499329, "dvar2": 0.000948986213189, "max": 1, "mean": 0.999841809273, "median": 1, "min": 0, "var": 0.000158146285685}, "silence_rate_30dB": {"dmean": 0.00506249023601, "dmean2": 0.0101265823469, "dvar": 0.00503669725731, "dvar2": 0.0112895797938, "max": 1, "mean": 0.985764026642, "median": 1, "min": 0, "var": 0.0140337692574}, "silence_rate_60dB": {"dmean": 0.0376522690058, "dmean2": 0.0753164589405, "dvar": 0.0362358093262, "dvar2": 0.0819889008999, "max": 1, "mean": 0.134609296918, "median": 0, "min": 0, "var": 0.116490162909}, "spectral_centroid": {"dmean": 251.478683472, "dmean2": 368.348052979, "dvar": 74752.28125, "dvar2": 140597.140625, "max": 11125.2617188, "mean": 1415.27539062, "median": 1334.29077148, "min": 134.85256958, "var": 403018.75}, "spectral_complexity": {"dmean": 2.88973259926, "dmean2": 4.11993694305, "dvar": 9.75358200073, "dvar2": 16.8158416748, "max": 50, "mean": 15.8963937759, "median": 15, "min": 0, "var": 67.4689025879}, "spectral_decrease": {"dmean": 1.24501853271e-09, "dmean2": 1.79535308842e-09, "dvar": 5.60198639993e-18, "dvar2": 1.26616643897e-17, "max": 1.60873048625e-28, "mean": -3.96625221555e-09, "median": -2.48319609319e-09, "min": -9.39011286505e-08, "var": 3.0357525172e-17}, "spectral_energy": {"dmean": 0.00506801530719, "dmean2": 0.00725645245984, "dvar": 9.41748949117e-05, "dvar2": 0.000211167280213, "max": 0.397914558649, "mean": 0.0164635460824, "median": 0.0104164909571, "min": 1.02645730785e-20, "var": 0.000526147312485}, "spectral_energyband_high": {"dmean": 0.000223501279834, "dmean2": 0.000266195187578, "dvar": 1.77828866299e-07, "dvar2": 2.93054455369e-07, "max": 0.0084535907954, "mean": 0.000500499561895, "median": 0.000238214604906, "min": 7.43184864213e-21, "var": 6.11017355823e-07}, "spectral_energyband_low": {"dmean": 0.000306162954075, "dmean2": 0.000464944227133, "dvar": 1.58937424999e-07, "dvar2": 3.90082760759e-07, "max": 0.0068625677377, "mean": 0.00068523560185, "median": 0.000515321502462, "min": 9.45805413403e-23, "var": 4.09907528365e-07}, "spectral_energyband_middle_high": {"dmean": 0.00179099407978, "dmean2": 0.00256264908239, "dvar": 4.59913499071e-05, "dvar2": 0.00010702367581, "max": 0.365798145533, "mean": 0.00533865857869, "median": 0.00211976375431, "min": 1.28005684824e-21, "var": 0.000223234572331}, "spectral_energyband_middle_low": {"dmean": 0.00400698976591, "dmean2": 0.00594291463494, "dvar": 4.58307113149e-05, "dvar2": 0.00011032402108, "max": 0.146366432309, "mean": 0.0101780677214, "median": 0.00659249490127, "min": 1.82688775565e-22, "var": 0.000139768817462}, "spectral_entropy": {"dmean": 0.171464249492, "dmean2": 0.233920514584, "dvar": 0.0273984465748, "dvar2": 0.0557866729796, "max": 9.80181980133, "mean": 7.43313646317, "median": 7.45721817017, "min": 4.42363548279, "var": 0.210109844804}, "spectral_flux": {"dmean": 0.0144940605387, "dmean2": 0.0219720341265, "dvar": 0.000306728266878, "dvar2": 0.000722352822777, "max": 0.454578101635, "mean": 0.054509434849, "median": 0.0449437052011, "min": 1.01314227841e-10, "var": 0.00165252119768}, "spectral_kurtosis": {"dmean": 1.23646783829, "dmean2": 2.0419614315, "dvar": 2.033826828, "dvar2": 5.23083543777, "max": 46.2657089233, "mean": 4.15815925598, "median": 3.4404194355, "min": -1.22752571106, "var": 8.78483963013}, "spectral_rms": {"dmean": 0.000543843780179, "dmean2": 0.000758087495342, "dvar": 3.90474525602e-07, "dvar2": 7.98041924099e-07, "max": 0.0197030287236, "mean": 0.00348051381297, "median": 0.00318785663694, "min": 3.16452484876e-12, "var": 3.94811468141e-06}, "spectral_rolloff": {"dmean": 469.13192749, "dmean2": 743.485412598, "dvar": 589509.75, "dvar2": 1063870.25, "max": 19293.75, "mean": 1784.90820312, "median": 1378.125, "min": 21.533203125, "var": 1930241.75}, "spectral_skewness": {"dmean": 0.16513697803, "dmean2": 0.255782037973, "dvar": 0.0251136478037, "dvar2": 0.0550878345966, "max": 5.52857589722, "mean": 1.54197907448, "median": 1.45650267601, "min": 0.0195397790521, "var": 0.195118993521}, "spectral_spread": {"dmean": 389114.125, "dmean2": 544469.75, "dvar": 299948376064, "dvar2": 391540310016, "max": 41245980, "mean": 4475061, "median": 4365605.5, "min": 1684616.75, "var": 1277462970370.0}, "spectral_strongpeak": {"dmean": 0.49050039053, "dmean2": 0.789280891418, "dvar": 0.76215171814, "dvar2": 1.94753587246, "max": 15.5928602219, "mean": 1.10713481903, "median": 0.647426187992, "min": 0, "var": 1.80789923668}, "zerocrossingrate": {"dmean": 0.0106630865484, "dmean2": 0.0116044059396, "dvar": 0.000183159558219, "dvar2": 0.00019027403323, "max": 0.50390625, "mean": 0.0674138590693, "median": 0.0615234375, "min": 0, "var": 0.00136906944681}, "barkbands": {"dmean": [4.01588331442e-05, 6.3227089413e-05, 0.000216565516894, 0.000246505980613, 0.00137503049336, 0.000695449591149, 0.00164562545251, 0.000512156693731, 0.0011768094264, 0.000437770795543, 0.000460513721919, 0.000599869235884, 0.00061202183133, 0.000219345543883, 0.000137765688123, 0.000150997890159, 0.000200533322641, 9.11100432859e-05, 9.07265930437e-05, 0.000160373878316, 4.13234629377e-05, 3.58830584446e-05, 3.22766500176e-05, 8.6903659394e-05, 2.87888760795e-05, 3.7564395825e-06, 6.16095974237e-07], "dmean2": [7.32287735445e-05, 9.1544497991e-05, 0.000329395930748, 0.00039011289482, 0.00216235755943, 0.00101584161166, 0.00242784852162, 0.000729177496396, 0.0018019679701, 0.000648992601782, 0.000731537991669, 0.00093279540306, 0.000941990234423, 0.000336863304256, 0.00020891733584, 0.000237417902099, 0.000304868619423, 0.000135186710395, 0.000133529130835, 0.000239486442297, 5.92960022914e-05, 4.86686694785e-05, 4.55894332845e-05, 0.000112050147436, 3.88536209357e-05, 5.06028527525e-06, 8.87435533059e-07], "dvar": [9.40200184374e-09, 9.28590182525e-09, 9.12047255497e-08, 1.47752899693e-07, 3.56037139682e-06, 2.34346566685e-06, 1.96956862055e-05, 2.93562925435e-06, 2.04567149922e-05, 6.2339595388e-06, 1.40455786095e-05, 5.97842836214e-06, 1.18937159641e-05, 1.6851423652e-06, 1.62915611668e-07, 1.69410128592e-07, 1.39591691095e-07, 3.97192039259e-08, 2.40365256587e-08, 1.18155412565e-07, 5.24420995518e-09, 5.35065147744e-09, 1.33372006772e-08, 3.53598323954e-08, 4.89708895657e-09, 8.40133240754e-11, 2.83834370937e-12], "dvar2": [2.49037626077e-08, 1.67887215241e-08, 2.44182302822e-07, 3.79085065561e-07, 9.50710364123e-06, 5.16483623869e-06, 4.35917827417e-05, 7.04112562744e-06, 5.27719348611e-05, 1.21482426039e-05, 3.75222953153e-05, 1.5545714632e-05, 2.91461001325e-05, 4.39804898633e-06, 3.92447503827e-07, 4.41119937022e-07, 3.37013318585e-07, 9.05260719719e-08, 5.21795904262e-08, 2.61187949491e-07, 1.06752251483e-08, 1.09166444773e-08, 3.46026709508e-08, 6.12024066982e-08, 9.70648006415e-09, 1.7361843907e-10, 5.97674991096e-12], "max": [0.00290238112211, 0.00199854886159, 0.00477594183758, 0.00670975120738, 0.025717837736, 0.0342553034425, 0.118806838989, 0.0432656854391, 0.107157170773, 0.130293577909, 0.163904637098, 0.0813140794635, 0.150107041001, 0.0621902011335, 0.0135814212263, 0.0104218078777, 0.0131888017058, 0.00404984783381, 0.00259288726375, 0.00687612872571, 0.00175297702663, 0.00166794471443, 0.00489007122815, 0.00487363431603, 0.00184385722969, 0.000159834642545, 4.63749674964e-05], "mean": [5.67729475733e-05, 0.00012373435311, 0.000402956211474, 0.000418886425905, 0.00242657959461, 0.00151221465785, 0.00269833113998, 0.000884391425643, 0.00193455535918, 0.000744805904105, 0.000747207959648, 0.00104254600592, 0.00104447186459, 0.000348108500475, 0.000246238603722, 0.000269924814347, 0.000460798182758, 0.000196469103685, 0.000201968476176, 0.000257721665548, 8.68946081027e-05, 8.38008127175e-05, 6.07452639088e-05, 0.000158737791935, 4.8999369028e-05, 4.99349016536e-06, 6.95335131695e-07], "median": [2.32530001085e-05, 6.64398903609e-05, 0.000270926044323, 0.000248873082455, 0.001547938562, 0.000370299036149, 0.000783510855399, 9.04517510207e-05, 0.000120836892165, 0.000146601290908, 0.000123454054119, 0.000313023774652, 0.000123727455502, 6.71180387144e-05, 8.12340076664e-05, 0.000108999221993, 0.000265716429567, 7.64692667872e-05, 0.000125447535538, 0.000110554086859, 4.80262533529e-05, 4.10135908169e-05, 2.51873207162e-05, 5.37291816727e-05, 1.52570974024e-05, 1.10224550554e-06, 1.08604382376e-07], "min": [1.77517685046e-23, 4.2457390065e-23, 2.58092348113e-23, 2.26480325058e-23, 1.9216970351e-23, 2.71202332834e-23, 4.27314308771e-23, 1.80719734569e-23, 4.74743560956e-23, 5.89239148284e-23, 1.93899839558e-22, 7.99964785105e-23, 8.74931688432e-23, 4.38924921346e-23, 6.30512035301e-23, 5.51161084824e-23, 1.07850854151e-22, 2.26682778321e-22, 2.95669535385e-22, 2.16056001512e-22, 3.87970502212e-22, 5.27622788077e-22, 6.26604409651e-22, 8.86161154973e-22, 1.05249756341e-21, 1.59354204355e-21, 2.45547009834e-21], "var": [1.98863663314e-08, 2.91941617547e-08, 1.97373921651e-07, 2.7732420449e-07, 7.85314023233e-06, 8.3408140199e-06, 3.72622671421e-05, 6.30771683063e-06, 4.55987647001e-05, 1.6159234292e-05, 2.55054073932e-05, 1.32032373585e-05, 2.46812214755e-05, 2.96499024444e-06, 4.35667516285e-07, 3.09782507202e-07, 4.37062425362e-07, 1.28263607735e-07, 6.15027175854e-08, 2.07569527788e-07, 1.38620119827e-08, 1.8644087163e-08, 1.7307122846e-08, 1.11171210904e-07, 1.08455697756e-08, 1.27658883464e-10, 3.55553780862e-12]}, "erbbands": {"dmean": [0.000982602476142, 0.0210276655853, 0.220777899027, 0.443024814129, 4.02630186081, 4.24300813675, 1.3705842495, 6.71694993973, 19.9891376495, 21.626127243, 13.2197217941, 28.5044441223, 15.628704071, 15.5197668076, 16.2296333313, 24.4603729248, 27.2910366058, 14.6387491226, 6.53935050964, 6.77866601944, 10.7077102661, 8.48465156555, 5.48559427261, 3.6960105896, 6.97663402557, 6.30973958969, 2.05500459671, 1.33373916149, 1.35320031643, 0.947886824608, 0.905557572842, 2.10372114182, 1.10411500931, 0.469170957804, 0.13193102181, 0.02824424766, 0.00426913611591, 0.00112220342271, 8.36884864839e-05, 7.80575646786e-06], "dmean2": [0.0014857678907, 0.030578777194, 0.328234016895, 0.707579791546, 6.25086402893, 6.71708965302, 2.00294494629, 9.88048553467, 29.2463264465, 31.9647521973, 18.9650630951, 43.2983970642, 23.511888504, 24.3434066772, 25.3001556396, 37.9592781067, 42.4020614624, 21.6241130829, 10.0242185593, 10.362610817, 16.2552051544, 12.6763896942, 8.09943675995, 5.36131429672, 10.3552446365, 9.3832321167, 2.94759917259, 1.88455855846, 1.83494389057, 1.31458318233, 1.25310564041, 2.86414122581, 1.4390951395, 0.633785247803, 0.178517058492, 0.0379465781152, 0.00567078404129, 0.00157162582036, 0.000117488852993, 1.07147116069e-05], "dvar": [1.09885068014e-05, 0.000978433061391, 0.0988730639219, 0.335497230291, 33.7165527344, 47.2957038879, 15.362112999, 219.913757324, 1874.55175781, 7861.25537109, 1331.24597168, 12491.6738281, 4806.93554688, 11746.2392578, 13946.8984375, 11589.1230469, 22014.2910156, 7098.44189453, 456.175354004, 353.203491211, 526.218444824, 295.021209717, 131.570205688, 37.3550796509, 198.419296265, 138.443756104, 12.6457891464, 5.32629585266, 7.89519739151, 3.867821455, 10.6794872284, 23.068780899, 6.38266038895, 1.26445257664, 0.121072582901, 0.00457563530654, 9.59566968959e-05, 8.58564908413e-06, 4.59953923837e-08, 1.94330121439e-10], "dvar2": [2.40369172388e-05, 0.00177186273504, 0.239642992616, 0.856790721416, 79.7693252563, 130.187026978, 38.1499671936, 490.242370605, 4353.31738281, 16296.1630859, 3144.26782227, 32983.46875, 10835.8916016, 28988.09375, 40123.4414062, 29329.8515625, 55886.3554688, 17339.9433594, 1104.76159668, 867.436889648, 1327.17773438, 639.010375977, 295.472595215, 76.2667999268, 444.187255859, 299.24407959, 25.9634742737, 10.2120227814, 16.004234314, 8.32840824127, 27.3098220825, 45.000087738, 11.1829271317, 2.3473842144, 0.263989120722, 0.00945587549359, 0.000186340083019, 1.7823826056e-05, 9.58099306558e-08, 4.16189638308e-10], "max": [0.113046646118, 0.673779726028, 5.46698379517, 9.38608646393, 109.952568054, 150.216552734, 89.4209442139, 349.384155273, 1183.07775879, 3078.45751953, 826.167663574, 2723.31787109, 1993.68139648, 4519.56689453, 6544.38671875, 3728.2253418, 6800.17431641, 4075.81884766, 652.457092285, 653.226928711, 573.770446777, 574.555847168, 226.975494385, 141.423736572, 270.739379883, 237.236099243, 76.6910247803, 46.4020957947, 65.5408554077, 62.4440956116, 138.922958374, 115.140190125, 83.8804855347, 30.3743591309, 8.11232089996, 1.04524719715, 0.165419027209, 0.0679136440158, 0.0050866920501, 0.000612422241829], "mean": [0.00189851480536, 0.0414659790695, 0.429528176785, 0.942151665688, 6.66349887848, 7.67690038681, 3.09438586235, 14.3805036545, 37.8628082275, 31.7989444733, 25.1112861633, 46.7746505737, 29.9935894012, 26.7923660278, 30.2280406952, 45.6348571777, 49.8009490967, 26.7567768097, 11.960392952, 13.3431367874, 21.9852752686, 20.1638870239, 12.9926939011, 8.74767780304, 13.8423099518, 10.5145606995, 4.3110704422, 2.79329657555, 2.9924390316, 2.2715280056, 1.70567929745, 3.62345337868, 2.09798073769, 0.849670529366, 0.203630000353, 0.0392571240664, 0.00596378138289, 0.00137199810706, 0.00010684296285, 2.3545253498e-05], "median": [0.000633358838968, 0.0234607476741, 0.279176533222, 0.696341872215, 3.79166269302, 4.16610765457, 1.51602435112, 4.40058851242, 13.2673358917, 5.85114097595, 3.80923914909, 3.60445976257, 5.47589015961, 3.30695104599, 9.35978507996, 12.3915529251, 7.48053693771, 4.61891317368, 3.37063121796, 5.37534761429, 11.54804039, 10.5722389221, 5.6550283432, 5.06840848923, 7.10436248779, 5.11295127869, 2.34383392334, 1.55393648148, 1.43624663353, 1.06048130989, 0.692883789539, 1.25139069557, 0.668494403362, 0.276820719242, 0.0606275498867, 0.00924449972808, 0.00142676872201, 0.000276791572105, 2.59982025455e-05, 1.50429932546e-05], "min": [1.83931101486e-21, 7.54172068414e-21, 1.78761582126e-20, 7.33845752759e-20, 4.47746532473e-20, 8.13305950247e-20, 1.63240526671e-19, 1.9830287753e-19, 5.52904530332e-19, 4.73074983776e-19, 5.00636796882e-19, 8.85267716708e-19, 1.58214029262e-18, 2.81244282721e-18, 8.82243461671e-18, 3.49029314416e-18, 2.86027123741e-18, 3.72092722896e-18, 2.40547162019e-18, 2.64152890788e-18, 3.99613021876e-18, 6.3798616713e-18, 1.09475956136e-17, 1.39878226816e-17, 1.32446397787e-17, 9.48409390715e-18, 1.31185807621e-17, 1.95997253227e-17, 1.90258373399e-17, 1.44897806927e-17, 2.01696808889e-17, 1.68278877578e-17, 1.48718239848e-17, 1.04850693023e-17, 8.21548091608e-18, 6.44010192659e-18, 2.96747136325e-18, 1.22317058335e-18, 3.20857104056e-19, 3.81053835428e-20], "var": [2.63513629761e-05, 0.00302513781935, 0.238434970379, 0.76091170311, 72.2568283081, 121.15802002, 40.2116317749, 692.813842773, 4549.47558594, 14406.7792969, 3862.54296875, 26242.4472656, 15464.7783203, 27511.4257812, 21136.8066406, 28407.4023438, 46466.6640625, 16626.0292969, 1069.16052246, 1080.51574707, 1101.57763672, 999.79486084, 470.770843506, 127.572883606, 411.778564453, 255.875442505, 35.3662528992, 14.2237882614, 24.8549022675, 13.9585103989, 14.2652902603, 59.1265869141, 20.7198886871, 3.25274682045, 0.193582624197, 0.00729939108714, 0.000162107666256, 1.14187123472e-05, 6.21799784994e-08, 9.62366852875e-10]}, "gfcc": {"mean": [-43.9459533691, 83.5732727051, -135.818847656, 29.5753421783, -74.9973678589, 7.10033226013, -51.7614364624, 1.94538521767, -30.8022403717, -10.9381418228, -8.98417758942, -10.0483951569, -12.39067173], "cov": [[13038.8466797, -750.856689453, -1799.36132812, -250.841384888, -1068.4309082, 98.0698776245, -783.520263672, 74.6338577271, -457.613830566, -134.65020752, -149.474655151, -109.253318787, -0.569280028343], [-750.856689453, 1026.58532715, 5.32119750977, -129.250488281, -26.8224201202, -120.025733948, 118.401000977, -94.9613113403, 119.900390625, -83.0319671631, 166.046966553, -97.3432006836, -59.955406189], [-1799.36132812, 5.32119750977, 580.771057129, 152.136489868, 199.034072876, -6.05704498291, 63.1433105469, -14.5714139938, 26.1646747589, 40.0153465271, -8.21776199341, 48.7566413879, -0.486983180046], [-250.841384888, -129.250488281, 152.136489868, 308.873565674, 122.132415771, -7.12988328934, -82.502204895, -12.0444860458, -35.7209243774, -10.4159526825, -45.9277687073, 56.2293548584, 68.6961669922], [-1068.4309082, -26.8224201202, 199.034072876, 122.132415771, 242.51789856, 49.1542434692, 56.7589683533, 5.05815219879, 16.5655403137, 16.8463287354, -34.3523788452, 24.0692806244, 24.2093982697], [98.0698776245, -120.025733948, -6.05704498291, -7.12988328934, 49.1542434692, 160.53012085, 65.5122528076, 13.44535923, -23.3526268005, 4.23265457153, -34.2062263489, -2.71288847923, 0.385807007551], [-783.520263672, 118.401000977, 63.1433105469, -82.502204895, 56.7589683533, 65.5122528076, 207.500015259, 35.8326034546, 32.3081016541, 13.4655399323, 24.7425289154, -25.3105869293, -36.82654953], [74.6338577271, -94.9613113403, -14.5714139938, -12.0444860458, 5.05815219879, 13.44535923, 35.8326034546, 100.880744934, 38.6219520569, 19.3768444061, -16.6225585938, -6.90482473373, -4.9594578743], [-457.613830566, 119.900390625, 26.1646747589, -35.7209243774, 16.5655403137, -23.3526268005, 32.3081016541, 38.6219520569, 143.501159668, 26.5822181702, 28.0174732208, -18.2509479523, -16.9738674164], [-134.65020752, -83.0319671631, 40.0153465271, -10.4159526825, 16.8463287354, 4.23265457153, 13.4655399323, 19.3768444061, 26.5822181702, 97.5934295654, 16.6141452789, -1.06945216656, -8.68059444427], [-149.474655151, 166.046966553, -8.21776199341, -45.9277687073, -34.3523788452, -34.2062263489, 24.7425289154, -16.6225585938, 28.0174732208, 16.6141452789, 106.625305176, 4.31321620941, -20.5067882538], [-109.253318787, -97.3432006836, 48.7566413879, 56.2293548584, 24.0692806244, -2.71288847923, -25.3105869293, -6.90482473373, -18.2509479523, -1.06945216656, 4.31321620941, 97.525390625, 43.6785202026], [-0.569280028343, -59.955406189, -0.486983180046, 68.6961669922, 24.2093982697, 0.385807007551, -36.82654953, -4.9594578743, -16.9738674164, -8.68059444427, -20.5067882538, 43.6785202026, 76.2832717896]], "icov": [[0.000350454298314, -0.000332191470079, 0.000628173816949, -0.000161361793289, 0.000949554203544, -0.000973758404143, 0.00140469754115, -0.00113277707715, 0.00100628507789, -0.000456344394479, 0.000416184164351, -0.000253344594967, 0.000627830333542], [-0.000332191470079, 0.00339636253193, -0.000659401121084, 0.00031251020846, -0.0013845966896, 0.00275756139308, -0.00325472676195, 0.00418330542743, -0.0031830703374, 0.00391025887802, -0.00409736298025, 0.00349908135831, -0.00186081859283], [0.000628173816949, -0.000659401121084, 0.00416291225702, -0.00155561836436, 9.04998305487e-05, -0.000700693344697, 0.00123871688265, -0.000922992068809, 0.00140483817086, -0.0019293371588, 0.0015641778009, -0.00217985082418, 0.00318839773536], [-0.000161361793289, 0.00031251020846, -0.00155561836436, 0.00682354485616, -0.00342210917734, 0.00062511471333, 0.00248917518184, -0.000601219420787, 0.00077734014485, 0.00131558685098, -0.000588659604546, 0.000260617642198, -0.00364971812814], [0.000949554203544, -0.0013845966896, 9.04998305487e-05, -0.00342210917734, 0.0111876260489, -0.00442916993052, 0.00117324001621, -0.00218288437463, 0.00127729203086, -0.00269596045837, 0.00387192401104, -0.00141065416392, 0.000723539909814], [-0.000973758404143, 0.00275756139308, -0.000700693344697, 0.00062511471333, -0.00442916993052, 0.0128368549049, -0.00845439732075, 0.00531383510679, -0.002454362344, 0.00219607190229, -0.000156064954353, 0.00183752179146, -0.00219291634858], [0.00140469754115, -0.00325472676195, 0.00123871688265, 0.00248917518184, 0.00117324001621, -0.00845439732075, 0.0164505317807, -0.0100117987022, 0.00578286871314, -0.00245313206688, 0.000201760791242, -0.00147822732106, 0.0040881363675], [-0.00113277707715, 0.00418330542743, -0.000922992068809, -0.000601219420787, -0.00218288437463, 0.00531383510679, -0.0100117987022, 0.020706826821, -0.00960357580334, 0.00219973549247, -0.000278445135336, 0.00261099077761, -0.00246265367605], [0.00100628507789, -0.0031830703374, 0.00140483817086, 0.00077734014485, 0.00127729203086, -0.002454362344, 0.00578286871314, -0.00960357580334, 0.0142888156697, -0.00470604980364, 0.00104039418511, -0.0011620685691, 0.00217808131129], [-0.000456344394479, 0.00391025887802, -0.0019293371588, 0.00131558685098, -0.00269596045837, 0.00219607190229, -0.00245313206688, 0.00219973549247, -0.00470604980364, 0.0165709033608, -0.00746870879084, 0.00436771754175, -0.0019940645434], [0.000416184164351, -0.00409736298025, 0.0015641778009, -0.000588659604546, 0.00387192401104, -0.000156064954353, 0.000201760791242, -0.000278445135336, 0.00104039418511, -0.00746870879084, 0.0196051225066, -0.0082274582237, 0.0055369772017], [-0.000253344594967, 0.00349908135831, -0.00217985082418, 0.000260617642198, -0.00141065416392, 0.00183752179146, -0.00147822732106, 0.00261099077761, -0.0011620685691, 0.00436771754175, -0.0082274582237, 0.0196464750916, -0.0108283925802], [0.000627830333542, -0.00186081859283, 0.00318839773536, -0.00364971812814, 0.000723539909814, -0.00219291634858, 0.0040881363675, -0.00246265367605, 0.00217808131129, -0.0019940645434, 0.0055369772017, -0.0108283925802, 0.0244995821267]]}, "melbands": {"dmean": [1.28196506921e-05, 8.33259618958e-05, 0.000157094094902, 0.000355373631464, 6.09881863056e-05, 0.00015831910423, 0.000320259714499, 0.000204540978302, 0.000123674180941, 0.000174734712346, 7.73895953898e-05, 6.22531006229e-05, 6.31410148344e-05, 5.75193589611e-05, 7.21945616533e-05, 5.70504198549e-05, 2.56008661381e-05, 1.0447834029e-05, 9.47702847043e-06, 8.26547420729e-06, 1.56922978931e-05, 1.08944341264e-05, 6.86201519784e-06, 4.5981932999e-06, 3.08547782879e-06, 4.18374975197e-06, 8.32192836242e-06, 3.18278398481e-06, 1.2930460116e-06, 1.18637660762e-06, 6.95873495715e-07, 8.37035258883e-07, 7.70360259139e-07, 4.7367458933e-07, 4.07915791811e-07, 9.38541290907e-07, 1.65265589658e-06, 8.94973652521e-07, 5.79864206429e-07, 3.693655799e-07], "dmean2": [1.89945167222e-05, 0.000123975783936, 0.000238882363192, 0.000567129987758, 8.87039932422e-05, 0.000230904173804, 0.000470096769277, 0.000302709871903, 0.000180206945515, 0.00026505405549, 0.000116084403999, 9.79690303211e-05, 9.83595164143e-05, 8.92833049875e-05, 0.000114273570944, 8.72208620422e-05, 3.81024583476e-05, 1.62269006978e-05, 1.44037239806e-05, 1.28209094328e-05, 2.39888486249e-05, 1.65118362929e-05, 1.07140713226e-05, 6.9371835707e-06, 4.62331263407e-06, 6.37245329926e-06, 1.2645951756e-05, 4.70203985969e-06, 1.93178470909e-06, 1.70100611285e-06, 1.02051251361e-06, 1.18614366329e-06, 1.09076199806e-06, 6.75598698763e-07, 5.72259978071e-07, 1.36960386499e-06, 2.29087936532e-06, 1.19731430459e-06, 8.05059471531e-07, 5.11811151682e-07], "dvar": [6.95019264363e-10, 1.40780986868e-08, 5.14443136979e-08, 2.40945951191e-07, 2.09721395805e-08, 1.16027592867e-07, 4.893518053e-07, 6.7729803277e-07, 1.38921876669e-07, 4.73962671776e-07, 1.31239872303e-07, 1.94100721274e-07, 2.68269161552e-07, 3.73336845882e-08, 1.36591751243e-07, 1.3280236999e-07, 2.05620587224e-08, 1.34885214109e-09, 6.03986138881e-10, 6.17242534862e-10, 1.05276753981e-09, 4.94610408186e-10, 2.17658627233e-10, 1.11324179042e-10, 2.67903772083e-11, 5.78952302766e-11, 4.32597846434e-10, 3.43605213726e-11, 5.37160246838e-12, 5.96465845465e-12, 1.62172933502e-12, 3.27782267474e-12, 2.68498287839e-12, 1.02714646684e-12, 1.47094695365e-12, 1.22347991113e-11, 1.43331050154e-11, 4.15457859088e-12, 2.48850137545e-12, 7.46717629136e-13], "dvar2": [1.42527767366e-09, 3.29401750321e-08, 1.14584757682e-07, 6.6380636099e-07, 4.77526391762e-08, 2.52268165468e-07, 1.13466740004e-06, 1.4213974282e-06, 3.50237513658e-07, 1.2262345308e-06, 2.91138263719e-07, 4.58593376607e-07, 7.42882548366e-07, 9.89039676824e-08, 3.58886012464e-07, 3.34261841317e-07, 5.05993078548e-08, 3.29849925151e-09, 1.38309252939e-09, 1.60947710715e-09, 2.65905852892e-09, 1.14422515907e-09, 5.11058306785e-10, 2.70198613483e-10, 5.67123327466e-11, 1.35925409817e-10, 9.6837615704e-10, 7.39601296873e-11, 1.19190291317e-11, 1.25780557844e-11, 3.34016646807e-12, 6.85911397125e-12, 6.02131105393e-12, 2.30850148025e-12, 3.50936185493e-12, 3.22672409625e-11, 2.86781206421e-11, 7.69663673073e-12, 4.98458826298e-12, 1.5109287519e-12], "max": [0.000901333347429, 0.00207226187922, 0.00473981816322, 0.00653366185725, 0.00287348031998, 0.00765652721748, 0.0172158405185, 0.0279966425151, 0.00711116520688, 0.0193890091032, 0.0123414285481, 0.0171871036291, 0.0266271997243, 0.00654579233378, 0.015396213159, 0.0184065569192, 0.00698856404051, 0.00114854960702, 0.000706231221557, 0.000879211351275, 0.000741557450965, 0.000707762141246, 0.000355657219188, 0.000259353342699, 0.000125444843434, 0.000128649131511, 0.000447865808383, 8.54602185427e-05, 5.20055400557e-05, 6.19114071014e-05, 3.05959802063e-05, 4.16256443714e-05, 4.27188169851e-05, 3.65237610822e-05, 4.58804570371e-05, 0.000141912852996, 7.81455382821e-05, 7.11480242899e-05, 4.4448148401e-05, 1.95245356736e-05], "mean": [2.65576127276e-05, 0.000161123403814, 0.000302991858916, 0.000607488036621, 0.000132787565235, 0.000346521672327, 0.00058575195726, 0.000297657912597, 0.00022317787807, 0.000286793627311, 0.000141629468999, 0.000103270125692, 0.000106764928205, 0.000105438390165, 0.000127528328449, 9.42754559219e-05, 4.27350496466e-05, 1.71756710188e-05, 1.75498917088e-05, 1.53848832269e-05, 3.08004018734e-05, 2.38803640968e-05, 1.4213468603e-05, 9.54125698627e-06, 6.51746040603e-06, 8.44430178404e-06, 1.32310797198e-05, 5.04243007526e-06, 2.54803353528e-06, 2.21829645852e-06, 1.33176388317e-06, 1.66274696767e-06, 1.72060845216e-06, 1.05075537249e-06, 7.72279065586e-07, 1.48688877744e-06, 2.6689904189e-06, 1.62570040629e-06, 1.00202578324e-06, 6.24555354989e-07], "median": [1.2831080312e-05, 0.000103209604276, 0.000186332254088, 0.000392737274524, 5.44234571862e-05, 9.25773056224e-05, 0.000209923338844, 4.46290396212e-05, 2.57629762928e-05, 1.95528227778e-05, 2.44442726398e-05, 1.10414657684e-05, 2.51641686191e-05, 3.83304577554e-05, 1.93906344066e-05, 1.31007191158e-05, 7.1452350312e-06, 4.41591328126e-06, 6.55570875097e-06, 5.61169872526e-06, 1.67371654243e-05, 1.26806135086e-05, 6.20552236796e-06, 3.85962812288e-06, 3.68468045053e-06, 5.06180322191e-06, 4.74916123494e-06, 2.33609694078e-06, 1.26474628814e-06, 1.13807845992e-06, 7.09898358764e-07, 7.35158778298e-07, 7.84467374615e-07, 4.607799724e-07, 3.01355669308e-07, 5.47857666788e-07, 8.31481315799e-07, 4.95505673825e-07, 2.96516077469e-07, 1.99661357669e-07], "min": [1.52610238156e-23, 1.01080763088e-23, 1.13471969306e-23, 4.74187011698e-24, 5.36434171906e-24, 4.77564085791e-24, 8.94154272318e-24, 4.92529999897e-24, 5.0064670808e-24, 5.79328444185e-24, 8.40324297411e-24, 9.95692267075e-24, 2.76400168893e-23, 1.38956523168e-23, 6.54604431103e-24, 7.61544308681e-24, 6.82102623423e-24, 2.86655210777e-24, 6.02965280703e-24, 2.07441328827e-24, 5.19881937406e-24, 7.08540034484e-24, 4.67649879149e-24, 1.4475222113e-23, 1.03267911502e-23, 1.31149884653e-23, 5.2560741097e-24, 6.51278277982e-24, 7.41660044046e-24, 1.02068740374e-23, 1.19397789874e-23, 1.17274823183e-23, 8.44068704584e-24, 7.3921678405e-24, 1.29577456099e-23, 1.02536818881e-23, 1.01199478766e-23, 1.02246541734e-23, 1.10844573398e-23, 7.87787028871e-24], "var": [2.11289208352e-09, 3.50779920666e-08, 1.22766607547e-07, 4.79610775983e-07, 7.05834111159e-08, 4.23440269515e-07, 1.08645485852e-06, 1.22693052163e-06, 3.40847748248e-07, 1.03407160168e-06, 3.90445933363e-07, 4.50956008535e-07, 4.20358020392e-07, 8.93759448672e-08, 3.15604779644e-07, 2.19773070853e-07, 4.56052653419e-08, 2.74095768305e-09, 1.84175141804e-09, 1.50438050905e-09, 2.03749017658e-09, 1.44050293915e-09, 6.01082683627e-10, 3.28614052636e-10, 7.67409330527e-11, 1.18612494826e-10, 7.39444006026e-10, 6.04612748756e-11, 1.42528185434e-11, 1.19195547529e-11, 3.96935219069e-12, 8.72966109122e-12, 8.75094354619e-12, 3.1880986566e-12, 2.48333233317e-12, 1.42238278447e-11, 3.35926009232e-11, 1.26802917125e-11, 5.78226962838e-12, 1.68853624659e-12]}, "mfcc": {"mean": [-672.57409668, 103.762527466, -3.88316750526, 11.6900510788, 1.54921615124, -8.57671833038, -3.10974693298, -2.41342425346, -12.7094755173, -7.57755899429, -9.66554450989, 3.10741662979, 0.558387458324], "cov": [[10771.8085938, -270.896820068, -1126.38146973, -637.274536133, -390.979980469, -470.678344727, -236.332244873, -203.06288147, -217.249313354, -164.204284668, -295.702392578, -55.6908035278, -155.984115601], [-270.896820068, 985.514526367, -20.4394569397, -61.4664764404, -148.705154419, -46.1594085693, -28.6073951721, 25.1559391022, -146.076507568, 26.4004631042, 100.946784973, 25.7342300415, 36.4622459412], [-1126.38146973, -20.4394569397, 356.588348389, 137.470962524, 88.5135345459, 59.3732757568, 22.2459754944, 6.78625392914, 19.8596019745, -0.617308020592, 5.7663564682, 9.95069503784, 35.6752738953], [-637.274536133, -61.4664764404, 137.470962524, 283.118225098, 154.14263916, 21.1918334961, -11.7493724823, -17.1596546173, 29.5334815979, -47.3281364441, -67.7264404297, 2.43356966972, 28.7328357697], [-390.979980469, -148.705154419, 88.5135345459, 154.14263916, 215.424926758, 58.9132270813, -13.4090805054, -10.2032651901, 55.1118392944, -22.0563220978, -56.5375595093, -12.6309041977, 4.56737518311], [-470.678344727, -46.1594085693, 59.3732757568, 21.1918334961, 58.9132270813, 150.767120361, 70.5296096802, 16.3288669586, 30.1711921692, -0.557639181614, 0.0738029107451, -13.8153982162, -7.42293119431], [-236.332244873, -28.6073951721, 22.2459754944, -11.7493724823, -13.4090805054, 70.5296096802, 151.75177002, 31.9406051636, 16.9134559631, 12.3820695877, 9.33880329132, -6.90052175522, -13.5734653473], [-203.06288147, 25.1559391022, 6.78625392914, -17.1596546173, -10.2032651901, 16.3288669586, 31.9406051636, 111.091583252, 26.9282054901, 6.65380907059, 19.4278049469, -2.47349047661, -0.565755426884], [-217.249313354, -146.076507568, 19.8596019745, 29.5334815979, 55.1118392944, 30.1711921692, 16.9134559631, 26.9282054901, 130.15838623, 25.9657783508, -9.70013237, -7.7931728363, -10.463145256], [-164.204284668, 26.4004631042, -0.617308020592, -47.3281364441, -22.0563220978, -0.557639181614, 12.3820695877, 6.65380907059, 25.9657783508, 136.81401062, 67.4647750854, 5.66415262222, -14.9783239365], [-295.702392578, 100.946784973, 5.7663564682, -67.7264404297, -56.5375595093, 0.0738029107451, 9.33880329132, 19.4278049469, -9.70013237, 67.4647750854, 137.412628174, 29.8002223969, -4.33443975449], [-55.6908035278, 25.7342300415, 9.95069503784, 2.43356966972, -12.6309041977, -13.8153982162, -6.90052175522, -2.47349047661, -7.7931728363, 5.66415262222, 29.8002223969, 73.6697998047, 25.6559429169], [-155.984115601, 36.4622459412, 35.6752738953, 28.7328357697, 4.56737518311, -7.42293119431, -13.5734653473, -0.565755426884, -10.463145256, -14.9783239365, -4.33443975449, 25.6559429169, 77.6761169434]], "icov": [[0.000196922323084, 6.16873658146e-05, 0.000390252273064, 0.000362119812053, -2.25224121095e-05, 0.0003664525575, 3.56209966412e-05, 0.000174432847416, 0.000170790561242, 8.1374993897e-05, 0.000510928977747, -0.000130407803226, 0.000207422956009], [6.16873658146e-05, 0.00145917909686, 0.00019838179287, -0.000384719634894, 0.000801274378318, -0.000149023035192, 0.000428846658906, -0.000573719444219, 0.00155023834668, -0.000297750084428, -0.000563272682484, 0.00022646675643, -0.000455308676464], [0.000390252273064, 0.00019838179287, 0.00473357643932, -0.00117998709902, -0.000324776250636, -0.000408328458434, -0.000149471728946, 0.000159779607202, 0.000573385623284, -0.000157000918989, -0.000142940421938, -2.07307439268e-05, -0.00104605522938], [0.000362119812053, -0.000384719634894, -0.00117998709902, 0.00827910471708, -0.00484467623755, 0.00240360852331, -0.000791608472355, 0.00103498832323, -0.000327309040586, 0.00137064279988, 0.00264776614495, -0.00117116479669, -0.000474199478049], [-2.25224121095e-05, 0.000801274378318, -0.000324776250636, -0.00484467623755, 0.0108276177198, -0.00423313397914, 0.00293199997395, 2.85499791062e-05, -0.00165752472822, -0.000738831004128, 0.00143330777064, 0.000340283178957, 0.000593088218011], [0.0003664525575, -0.000149023035192, -0.000408328458434, 0.00240360852331, -0.00423313397914, 0.0118038281798, -0.00513475993648, 0.000616529898252, -0.000646981585305, 0.00138842873275, -0.000357426557457, 0.00117620045785, 0.00036054791417], [3.56209966412e-05, 0.000428846658906, -0.000149471728946, -0.000791608472355, 0.00293199997395, -0.00513475993648, 0.00987803842872, -0.00208639772609, 0.000164990924532, -0.000922213017475, 0.000794291787315, -0.000363119674148, 0.0012881901348], [0.000174432847416, -0.000573719444219, 0.000159779607202, 0.00103498832323, 2.85499791062e-05, 0.000616529898252, -0.00208639772609, 0.0110208326951, -0.00315271853469, 0.00145221408457, -0.00123451428954, 0.000816270592622, -0.000546856725123], [0.000170790561242, 0.00155023834668, 0.000573385623284, -0.000327309040586, -0.00165752472822, -0.000646981585305, 0.000164990924532, -0.00315271853469, 0.0119354575872, -0.0031338292174, 0.00124162400607, -0.000201340371859, 0.000653719354887], [8.1374993897e-05, -0.000297750084428, -0.000157000918989, 0.00137064279988, -0.000738831004128, 0.00138842873275, -0.000922213017475, 0.00145221408457, -0.0031338292174, 0.0110585987568, -0.00515586463735, 0.000771682825871, 0.0010615446372], [0.000510928977747, -0.000563272682484, -0.000142940421938, 0.00264776614495, 0.00143330777064, -0.000357426557457, 0.000794291787315, -0.00123451428954, 0.00124162400607, -0.00515586463735, 0.0146800782531, -0.00544242514297, 0.00217783031985], [-0.000130407803226, 0.00022646675643, -2.07307439268e-05, -0.00117116479669, 0.000340283178957, 0.00117620045785, -0.000363119674148, 0.000816270592622, -0.000201340371859, 0.000771682825871, -0.00544242514297, 0.0179173238575, -0.00599055131897], [0.000207422956009, -0.000455308676464, -0.00104605522938, -0.000474199478049, 0.000593088218011, 0.00036054791417, 0.0012881901348, -0.000546856725123, 0.000653719354887, 0.0010615446372, 0.00217783031985, -0.00599055131897, 0.0167737007141]]}, "spectral_contrast_coeffs": {"dmean": [0.0502106659114, 0.0467241741717, 0.0338512063026, 0.0290366578847, 0.0252412073314, 0.0165180340409], "dmean2": [0.0831970199943, 0.0723575130105, 0.0522888191044, 0.0446466356516, 0.0366169027984, 0.0245733167976], "dvar": [0.00163000775501, 0.00156268011779, 0.000846002716571, 0.000576661201194, 0.000471342442324, 0.000200407230295], "dvar2": [0.00444463547319, 0.00372787937522, 0.00201663840562, 0.00129277445376, 0.000948936212808, 0.000416617258452], "max": [-0.316106021404, -0.37448579073, -0.392651468515, -0.488405883312, -0.556565701962, -0.686707615852], "mean": [-0.567181110382, -0.664701521397, -0.748023867607, -0.760369062424, -0.741625666618, -0.771416842937], "median": [-0.565313458443, -0.66742002964, -0.753827214241, -0.763873815536, -0.736186623573, -0.769488453865], "min": [-0.957186818123, -0.963512420654, -0.964671134949, -0.969449996948, -0.960917234421, -0.961348593235], "var": [0.0063755037263, 0.00908848736435, 0.00499706761912, 0.00373780285008, 0.00296161184087, 0.00118266697973]}, "spectral_contrast_valleys": {"dmean": [0.408845663071, 0.304982662201, 0.286628901958, 0.286119788885, 0.309144824743, 0.322750747204], "dmean2": [0.670910000801, 0.488605111837, 0.420777052641, 0.393470674753, 0.367746949196, 0.371295779943], "dvar": [0.148272946477, 0.0983243957162, 0.0915345847607, 0.0885544866