{"lowlevel": {"average_loudness": 0.91021579504, "barkbands_crest": {"dmean": 2.63158512115, "dmean2": 3.82451820374, "dvar": 7.61027622223, "dvar2": 14.9857645035, "max": 26.9553565979, "mean": 13.1464300156, "median": 11.9619436264, "min": 2.47504401207, "var": 38.9927711487}, "barkbands_flatness_db": {"dmean": 0.0269979406148, "dmean2": 0.0382737442851, "dvar": 0.00095340423286, "dvar2": 0.00180994533002, "max": 0.776901483536, "mean": 0.179729148746, "median": 0.156638234854, "min": 0.0154017079622, "var": 0.0100622875616}, "barkbands_kurtosis": {"dmean": 10.7893648148, "dmean2": 16.283536911, "dvar": 2309.59667969, "dvar2": 5117.33935547, "max": 2135.1862793, "mean": 16.4482746124, "median": 0.909032702446, "min": -1.9609618187, "var": 4869.60302734}, "barkbands_skewness": {"dmean": 0.965580165386, "dmean2": 1.35480344296, "dvar": 2.19441771507, "dvar2": 4.07453918457, "max": 40.6154975891, "mean": 2.08927893639, "median": 1.28701925278, "min": -10.5271129608, "var": 9.31283569336}, "barkbands_spread": {"dmean": 9.48023986816, "dmean2": 14.5029058456, "dvar": 145.232284546, "dvar2": 314.928497314, "max": 124.390930176, "mean": 32.4444999695, "median": 29.507106781, "min": 0.0262458138168, "var": 476.057434082}, "dissonance": {"dmean": 0.0158183407038, "dmean2": 0.0260275043547, "dvar": 0.00048706002417, "dvar2": 0.00127061305102, "max": 0.500000178814, "mean": 0.464947074652, "median": 0.478872567415, "min": 0.0244758520275, "var": 0.002487126505}, "dynamic_complexity": 3.85623407364, "erbbands_crest": {"dmean": 2.95688009262, "dmean2": 4.85682582855, "dvar": 8.47151756287, "dvar2": 22.1289424896, "max": 33.0730781555, "mean": 9.35098457336, "median": 8.13010787964, "min": 2.51006174088, "var": 21.2838554382}, "erbbands_flatness_db": {"dmean": 0.0190432555974, "dmean2": 0.0288643632084, "dvar": 0.000401168799726, "dvar2": 0.000866568007041, "max": 0.680002868176, "mean": 0.16877630353, "median": 0.15168312192, "min": 0.0482598915696, "var": 0.00628653494641}, "erbbands_kurtosis": {"dmean": 1.76802694798, "dmean2": 2.78615498543, "dvar": 31.3396835327, "dvar2": 68.4629364014, "max": 240.56690979, "mean": 1.96153187752, "median": 0.110289812088, "min": -1.8971965313, "var": 98.9633407593}, "erbbands_skewness": {"dmean": 0.466490328312, "dmean2": 0.687026202679, "dvar": 0.307638436556, "dvar2": 0.637512981892, "max": 12.3954753876, "mean": -0.277121186256, "median": -0.331257075071, "min": -5.57846879959, "var": 1.56764388084}, "erbbands_spread": {"dmean": 12.1143169403, "dmean2": 18.452047348, "dvar": 178.98789978, "dvar2": 386.943328857, "max": 162.860305786, "mean": 45.3372383118, "median": 40.9378662109, "min": 0.26884534955, "var": 598.77520752}, "hfc": {"dmean": 11.2485361099, "dmean2": 17.3388690948, "dvar": 432.836151123, "dvar2": 1059.16467285, "max": 230.650283813, "mean": 21.9143199921, "median": 14.0045070648, "min": 1.17303342934e-16, "var": 687.82019043}, "melbands_crest": {"dmean": 2.94079089165, "dmean2": 4.48408699036, "dvar": 10.3718776703, "dvar2": 23.3964824677, "max": 34.7432975769, "mean": 18.6245059967, "median": 19.2262248993, "min": 1.71538484097, "var": 38.0815620422}, "melbands_flatness_db": {"dmean": 0.0335684120655, "dmean2": 0.0457671508193, "dvar": 0.0015628588153, "dvar2": 0.0027561057359, "max": 0.913049042225, "mean": 0.222537904978, "median": 0.193927437067, "min": 0.0045588077046, "var": 0.0159581415355}, "melbands_kurtosis": {"dmean": 18.7558307648, "dmean2": 27.6667118073, "dvar": 1415.68103027, "dvar2": 2690.97192383, "max": 624.260925293, "mean": 36.0032424927, "median": 9.79847145081, "min": -1.89808082581, "var": 4145.39550781}, "melbands_skewness": {"dmean": 1.21547651291, "dmean2": 1.74266088009, "dvar": 2.23524856567, "dvar2": 4.17502641678, "max": 20.0610427856, "mean": 3.9630048275, "median": 2.99008440971, "min": -3.51761317253, "var": 10.5408601761}, "melbands_spread": {"dmean": 13.7749300003, "dmean2": 20.5458297729, "dvar": 421.166442871, "dvar2": 886.18182373, "max": 291.07232666, "mean": 36.4746627808, "median": 26.5576019287, "min": 0.200635582209, "var": 1239.98608398}, "pitch_salience": {"dmean": 0.0784488245845, "dmean2": 0.114490263164, "dvar": 0.0075066415593, "dvar2": 0.015093815513, "max": 0.882670998573, "mean": 0.440611451864, "median": 0.454197824001, "min": 0.014958947897, "var": 0.029098443687}, "silence_rate_20dB": {"dmean": 0, "dmean2": 0, "dvar": 0, "dvar2": 0, "max": 1, "mean": 1, "median": 1, "min": 1, "var": 0}, "silence_rate_30dB": {"dmean": 0.000386212224839, "dmean2": 0.000772499013692, "dvar": 0.00038605168811, "dvar2": 0.00115810625721, "max": 1, "mean": 0.999806940556, "median": 1, "min": 0, "var": 0.000193050203961}, "silence_rate_60dB": {"dmean": 0.047890316695, "dmean2": 0.0957898795605, "dvar": 0.0455940291286, "dvar2": 0.0972284525633, "max": 1, "mean": 0.154276892543, "median": 0, "min": 0, "var": 0.130476981401}, "spectral_centroid": {"dmean": 387.214782715, "dmean2": 568.061340332, "dvar": 220768.21875, "dvar2": 440710.53125, "max": 11256.3554688, "mean": 2049.03564453, "median": 2085.4465332, "min": 105.810348511, "var": 960860.5625}, "spectral_complexity": {"dmean": 4.548807621, "dmean2": 6.57840871811, "dvar": 38.6638793945, "dvar2": 69.5217208862, "max": 57, "mean": 14.0565748215, "median": 12, "min": 0, "var": 128.900558472}, "spectral_decrease": {"dmean": 1.925168025e-09, "dmean2": 2.82279200015e-09, "dvar": 1.21841942334e-17, "dvar2": 2.57845779238e-17, "max": 9.90012356905e-18, "mean": -5.51905010582e-09, "median": -3.41865913356e-09, "min": -3.34900391863e-08, "var": 3.57529993145e-17}, "spectral_energy": {"dmean": 0.00801703426987, "dmean2": 0.0118684526533, "dvar": 0.00018415300292, "dvar2": 0.00039051217027, "max": 0.127271130681, "mean": 0.0228178296238, "median": 0.0148085486144, "min": 1.08628985034e-20, "var": 0.000549374730326}, "spectral_energyband_high": {"dmean": 0.00140978279524, "dmean2": 0.00230150506832, "dvar": 1.06003944893e-05, "dvar2": 2.89943327516e-05, "max": 0.0367756299675, "mean": 0.00194720108993, "median": 0.000781265436672, "min": 7.73611459044e-21, "var": 1.16662204164e-05}, "spectral_energyband_low": {"dmean": 0.00553557695821, "dmean2": 0.00805253349245, "dvar": 0.0001704798633, "dvar2": 0.000345339969499, "max": 0.125941425562, "mean": 0.015014517121, "median": 0.00746603962034, "min": 9.85227001648e-23, "var": 0.00043734718929}, "spectral_energyband_middle_high": {"dmean": 0.00166404224001, "dmean2": 0.00245989020914, "dvar": 6.34483967588e-06, "dvar2": 1.36641938298e-05, "max": 0.0289596114308, "mean": 0.00334343453869, "median": 0.00206776894629, "min": 1.65636546192e-21, "var": 1.41135633385e-05}, "spectral_energyband_middle_low": {"dmean": 0.00263379467651, "dmean2": 0.00446920283139, "dvar": 5.18811903021e-05, "dvar2": 0.000140697258757, "max": 0.0986163765192, "mean": 0.00305121927522, "median": 0.00146700721234, "min": 3.56689150716e-22, "var": 3.77864635084e-05}, "spectral_entropy": {"dmean": 0.192880377173, "dmean2": 0.291291981936, "dvar": 0.0551889054477, "dvar2": 0.115135163069, "max": 9.79452133179, "mean": 7.63314676285, "median": 7.79691886902, "min": 2.76734352112, "var": 0.578710794449}, "spectral_flux": {"dmean": 0.0263995286077, "dmean2": 0.0399821661413, "dvar": 0.00126762711443, "dvar2": 0.00239387340844, "max": 0.317405641079, "mean": 0.0740308985114, "median": 0.0587177202106, "min": 1.04225232611e-10, "var": 0.00367621099576}, "spectral_kurtosis": {"dmean": 3.96903967857, "dmean2": 6.87423181534, "dvar": 880.315917969, "dvar2": 2766.38818359, "max": 1085.75292969, "mean": 7.73964643478, "median": 2.39295244217, "min": -1.33410573006, "var": 1596.46105957}, "spectral_rms": {"dmean": 0.000744936638512, "dmean2": 0.00104326044675, "dvar": 1.10831842903e-06, "dvar2": 2.02056639864e-06, "max": 0.0111430222169, "mean": 0.0040984605439, "median": 0.00380096910521, "min": 3.25544929555e-12, "var": 5.46389082956e-06}, "spectral_rolloff": {"dmean": 930.874755859, "dmean2": 1528.06005859, "dvar": 2247421, "dvar2": 4771917, "max": 18518.5546875, "mean": 2419.65087891, "median": 1873.38867188, "min": 64.599609375, "var": 6053836.5}, "spectral_skewness": {"dmean": 0.290392905474, "dmean2": 0.46650364995, "dvar": 0.507831454277, "dvar2": 1.50876820087, "max": 28.8349018097, "mean": 1.45325112343, "median": 1.19585931301, "min": -0.592557311058, "var": 3.21086883545}, "spectral_spread": {"dmean": 843891.6875, "dmean2": 1291057.75, "dvar": 1056928759810.0, "dvar2": 2372672684030.0, "max": 41099824, "mean": 5279745, "median": 5109023.5, "min": 165820.578125, "var": 3522875883520.0}, "spectral_strongpeak": {"dmean": 0.393897712231, "dmean2": 0.682173073292, "dvar": 1.34869039059, "dvar2": 3.70905303955, "max": 15.7891597748, "mean": 0.641078710556, "median": 0.329039394855, "min": 0, "var": 1.38601577282}, "zerocrossingrate": {"dmean": 0.0164564494044, "dmean2": 0.0181327927858, "dvar": 0.000396360643208, "dvar2": 0.000429475476267, "max": 0.5107421875, "mean": 0.079864487052, "median": 0.0712890625, "min": 0.00146484375, "var": 0.0035274529364}, "barkbands": {"dmean": [0.000111250388727, 0.00505317095667, 0.00251043238677, 0.00121815863531, 0.000886702735443, 0.00032996488153, 0.000273874145932, 0.000166149548022, 0.000227787168114, 0.000113279209472, 0.000128985586343, 0.000169861043105, 0.000231531143072, 0.00019809170044, 0.000211425940506, 0.000286996742943, 0.00033537694253, 0.000338483485393, 0.000275163067272, 0.000687741150614, 0.000204574971576, 0.000323334184941, 0.000204128838959, 0.000219343462959, 0.000100675759313, 2.73491277767e-05, 8.59810995735e-07], "dmean2": [0.000140425079735, 0.00725615397096, 0.00429476378486, 0.0022406342905, 0.00153953908011, 0.000559899548534, 0.000441889773356, 0.000268014438916, 0.00035347379162, 0.00017121079145, 0.000198923240532, 0.000261693319771, 0.000357273733243, 0.000317407189868, 0.000345656211721, 0.000435728317825, 0.000533070822712, 0.000533870654181, 0.000441880925791, 0.00111878581811, 0.000330117356498, 0.000528936157934, 0.000322418665746, 0.000362303806469, 0.000165912744706, 4.52461281384e-05, 1.48479591644e-06], "dvar": [9.81248078347e-08, 0.000181091527338, 7.289172936e-05, 2.14755818888e-05, 9.11195638764e-06, 6.02268642069e-07, 3.89992663941e-07, 1.80915705528e-07, 2.86800514004e-07, 1.0095903491e-07, 1.59411015943e-07, 2.17103590217e-07, 3.65964268667e-07, 2.59989406004e-07, 2.27925042395e-07, 3.48469683331e-07, 4.60988133e-07, 4.64884976736e-07, 3.92124434256e-07, 4.94705909659e-06, 2.02367729685e-07, 1.30821899802e-06, 1.60983702813e-07, 5.20368757861e-07, 5.26798835665e-08, 5.47004574969e-09, 6.52619971953e-12], "dvar2": [1.4960021133e-07, 0.000379126518965, 0.00018671581347, 6.07609836152e-05, 2.51623914664e-05, 1.5674856968e-06, 9.22484616694e-07, 4.34898140611e-07, 6.29196563295e-07, 2.16972196654e-07, 3.61378170055e-07, 4.91859850626e-07, 8.81960431798e-07, 6.32670719369e-07, 5.7796381725e-07, 7.75551029619e-07, 1.18584546271e-06, 1.07138021122e-06, 1.01599141544e-06, 1.32215918711e-05, 5.23914025052e-07, 3.61089701073e-06, 4.1073977286e-07, 1.44940986502e-06, 1.32277889975e-07, 1.46477114882e-08, 1.61691372097e-11], "max": [0.00584863871336, 0.122093871236, 0.074077501893, 0.0582965016365, 0.0428545922041, 0.0181498043239, 0.0167199131101, 0.00724586006254, 0.012349830009, 0.00720782997087, 0.00960967410356, 0.0103627443314, 0.0104720788077, 0.0109386369586, 0.00889487192035, 0.0099236164242, 0.0139207653701, 0.0108246933669, 0.0106967575848, 0.0336756519973, 0.00999727007002, 0.0177407432348, 0.00601162901148, 0.0125146508217, 0.00392810394987, 0.00267858779989, 5.1101862482e-05], "mean": [0.000612168456428, 0.0110916411504, 0.00280377711169, 0.000807647360489, 0.000819332548417, 0.000486602657475, 0.000378741387976, 0.000195251195692, 0.000325308530591, 0.000153185770614, 0.000163600343512, 0.000228988108574, 0.000302205473417, 0.000236143285292, 0.000254000304267, 0.000427094782935, 0.000480494287331, 0.00046804556041, 0.000362001737813, 0.00074490258703, 0.000293179386063, 0.000427976541687, 0.000315244920785, 0.000275527185295, 0.000129660184029, 3.41511440638e-05, 8.90009289378e-07], "median": [8.2504528109e-05, 0.00390264578164, 0.00071257253876, 7.10369640728e-05, 9.82213532552e-05, 0.000239213084569, 9.80384502327e-05, 3.45566768374e-05, 8.95038538147e-05, 2.26365646085e-05, 3.58744255209e-05, 4.94503037771e-05, 6.09970811638e-05, 4.94711421197e-05, 7.76797460276e-05, 0.000112541019917, 0.000180226823431, 0.000104354417999, 9.87409657682e-05, 0.00010278323316, 5.75925660087e-05, 7.53771309974e-05, 0.000129371474031, 8.5067586042e-05, 4.14646347053e-05, 8.73733551998e-06, 3.69377843867e-08], "min": [8.45070968141e-23, 2.82888644501e-23, 2.98017387387e-23, 8.97377242432e-24, 4.02377563587e-23, 1.17763175415e-22, 5.52167734448e-23, 1.44899675011e-23, 1.03406645314e-22, 4.60506420219e-23, 1.93670732263e-23, 3.31375853823e-23, 1.15457732575e-22, 1.44591350303e-22, 2.35860348227e-22, 2.27145921714e-22, 1.16414551434e-22, 2.96108444971e-22, 3.20272100157e-22, 2.21611475551e-22, 4.79662670369e-22, 5.82454805659e-22, 5.88625944614e-22, 9.55774280217e-22, 1.10619119791e-21, 1.69879956481e-21, 2.46720309795e-21], "var": [8.36194431031e-07, 0.000325935194269, 5.51569755771e-05, 1.27171388158e-05, 6.36314598523e-06, 8.37776894969e-07, 6.41069505036e-07, 2.5131018333e-07, 5.40319661013e-07, 1.87810684338e-07, 2.18840796151e-07, 3.55098904947e-07, 5.31295938799e-07, 3.33905376237e-07, 2.76257026144e-07, 6.47041417778e-07, 6.1539788021e-07, 7.13498423011e-07, 4.80739345221e-07, 4.81331517221e-06, 3.65881589914e-07, 1.74354374849e-06, 2.24418883477e-07, 4.06908839068e-07, 6.52810072665e-08, 5.63199042958e-09, 9.42283490818e-12]}, "erbbands": {"dmean": [0.135987251997, 1.24735701084, 2.4473593235, 3.84534883499, 3.22697615623, 2.97637438774, 2.17940926552, 2.9673602581, 3.45994901657, 3.96741247177, 3.8245267868, 4.8039264679, 3.84762120247, 4.28243255615, 4.90683269501, 6.85464859009, 9.19126605988, 9.72176837921, 9.70216655731, 12.209028244, 15.348323822, 18.5819606781, 19.4505653381, 14.1603717804, 14.2154283524, 32.5854415894, 16.5391273499, 7.0715880394, 9.15242004395, 12.0891046524, 5.86523914337, 5.39510297775, 2.99349927902, 1.44085550308, 0.581279039383, 0.181622684002, 0.0411381758749, 0.00339604704641, 0.000127452600282, 1.55202433234e-05], "dmean2": [0.196309700608, 1.78225517273, 3.75008177757, 6.90097904205, 5.63911676407, 5.13018894196, 3.79945325851, 5.07200050354, 5.54880046844, 6.48002433777, 6.03684425354, 7.52720880508, 5.81789636612, 6.39855670929, 7.48500061035, 10.3720350266, 14.1156377792, 15.3303871155, 15.4556598663, 19.1330280304, 23.363697052, 29.1878566742, 30.6290111542, 22.4506454468, 21.8150501251, 53.5098800659, 27.5156726837, 11.4949712753, 15.0703821182, 19.8872299194, 9.38541030884, 8.9468126297, 4.85988473892, 2.36562371254, 0.962868928909, 0.29866489768, 0.0686786398292, 0.00579830538481, 0.000212582512177, 2.44121019932e-05], "dvar": [0.108401350677, 10.9658937454, 53.5698699951, 198.989624023, 132.534301758, 93.2195663452, 48.2798538208, 51.1379203796, 63.3087120056, 87.861289978, 86.9519195557, 157.170455933, 100.887748718, 132.333679199, 239.292434692, 346.484100342, 616.340087891, 586.385437012, 519.645080566, 639.690551758, 1038.51257324, 1414.25219727, 1508.75793457, 1025.43566895, 842.939086914, 11737.9667969, 1825.18261719, 348.101898193, 961.008117676, 2184.28955078, 148.992218018, 338.334594727, 57.4784698486, 10.8897104263, 1.83440375328, 0.244500041008, 0.0112786404788, 6.36006443528e-05, 1.25793761185e-07, 6.98778479524e-10], "dvar2": [0.239328980446, 22.67304039, 125.902992249, 538.447692871, 366.043060303, 256.073974609, 134.537460327, 132.485717773, 145.744613647, 220.535583496, 200.224838257, 346.820526123, 222.085021973, 290.369293213, 539.388977051, 757.814331055, 1524.92541504, 1425.91699219, 1241.66833496, 1563.81347656, 2358.55810547, 3606.34375, 3528.70092773, 2626.58569336, 1885.74987793, 31614.3652344, 5017.08789062, 900.544921875, 2663.31665039, 6069.03613281, 385.678894043, 949.69140625, 148.597076416, 26.9438762665, 4.73316001892, 0.643531799316, 0.0309389606118, 0.000170405139215, 3.14515574473e-07, 1.74664904762e-09], "max": [3.01864790916, 30.0603694916, 65.3432617188, 131.529129028, 192.571640015, 151.66784668, 192.165786743, 196.271911621, 159.856201172, 166.400054932, 219.039199829, 340.153808594, 260.726470947, 288.193847656, 408.907562256, 417.30859375, 484.711730957, 528.805297852, 372.249145508, 482.966949463, 583.134338379, 957.929077148, 627.547424316, 532.280090332, 380.11920166, 1630.62597656, 553.52520752, 513.318664551, 798.044677734, 884.092163086, 174.75541687, 310.136627197, 118.252128601, 68.804107666, 29.5025672913, 13.7745847702, 4.85859203339, 0.214817464352, 0.00684627657756, 0.000457623362308], "mean": [0.302331507206, 2.4832816124, 3.72508907318, 3.32385492325, 2.62700891495, 2.87251615524, 2.65779781342, 4.29934453964, 4.98408555984, 5.14900302887, 5.17430019379, 6.66551446915, 5.61802339554, 5.98804712296, 6.86038064957, 9.73740291595, 12.7797355652, 12.7048006058, 12.5349645615, 17.1767444611, 23.7129325867, 28.9140853882, 27.5249023438, 18.7927646637, 20.5813541412, 35.007724762, 19.3859004974, 9.67397594452, 12.7761802673, 15.5988082886, 8.71187114716, 6.74387788773, 3.87108707428, 1.84553563595, 0.735118091106, 0.229840368032, 0.0499511547387, 0.00397429754958, 0.00016322110605, 3.68007567886e-05], "median": [0.162291899323, 0.388259291649, 1.47500443459, 0.59082698822, 0.296379417181, 0.341149389744, 0.764598011971, 1.98644852638, 1.55890893936, 1.53687119484, 1.48176348209, 1.80563473701, 1.24536204338, 1.48933172226, 1.3123357296, 2.2871799469, 3.03075218201, 2.85643410683, 3.91773629189, 5.24770116806, 7.86881446838, 11.3334445953, 7.47319841385, 5.33951997757, 5.52770519257, 4.59739589691, 2.93918657303, 2.01940727234, 2.61426401138, 3.62290000916, 3.44560408592, 1.96472048759, 1.28654575348, 0.597322285175, 0.223709315062, 0.0670215636492, 0.0104228034616, 0.000640777405351, 3.96034010919e-05, 2.51427663898e-05], "min": [1.13658483476e-21, 6.27778466919e-21, 3.54775309032e-20, 2.77198013725e-20, 1.49326224319e-19, 6.86123699893e-20, 1.34689780368e-19, 1.23533024175e-18, 1.16549820687e-18, 5.81304484194e-19, 3.09156866936e-19, 1.95471443463e-18, 2.55106492058e-18, 1.1605603522e-18, 8.78866269345e-19, 1.68309334368e-18, 4.57428934867e-18, 7.06175917619e-18, 1.06470817243e-17, 1.03873602468e-17, 1.24358986764e-17, 7.10352104378e-18, 1.40435250241e-17, 1.55673422593e-17, 1.64980164013e-17, 1.04237140075e-17, 1.76538143646e-17, 1.78870346295e-17, 2.23315769768e-17, 1.78279077594e-17, 1.82266088146e-17, 1.39211519242e-17, 2.0680198565e-17, 1.21506992089e-17, 7.82240138027e-18, 5.83730315417e-18, 3.27634887578e-18, 1.49279599767e-18, 3.54762668678e-19, 3.12743806415e-20], "var": [0.191155776381, 20.2914676666, 57.6590003967, 130.96673584, 88.0839996338, 69.5098266602, 45.3432197571, 70.530960083, 106.445655823, 113.724449158, 142.076858521, 288.011260986, 185.898452759, 216.365386963, 368.081115723, 585.065307617, 865.550231934, 842.719726562, 693.520263672, 946.347167969, 1847.40026855, 2011.46459961, 2257.36450195, 1251.51135254, 1405.63867188, 11486.7851562, 1808.46362305, 645.297668457, 1418.88989258, 2394.18505859, 192.643676758, 254.023345947, 62.4977073669, 13.9473400116, 2.10901212692, 0.253334701061, 0.0120144663379, 7.61237533879e-05, 1.72872205439e-07, 1.30019850442e-09]}, "gfcc": {"mean": [-55.6372261047, 52.3266906738, -120.612228394, 49.9309310913, -59.333065033, 19.3793334961, -42.7698402405, 16.1700382233, -15.1397638321, 6.00657367706, -7.78457927704, 4.23407459259, -9.37195301056], "cov": [[15932.1855469, -2387.08911133, 99.8561935425, 2329, 553.385437012, 1961.89746094, -19.7055702209, 1179.73828125, -278.0987854, 342.433746338, -547.083435059, -20.8015117645, -478.682342529], [-2387.08911133, 2671.890625, 957.090759277, 56.7591285706, 823.59197998, -78.4623641968, 603.319030762, -90.9134292603, 293.476898193, -133.360153198, 252.10017395, -89.5941314697, 166.07244873], [99.8561935425, 957.090759277, 1889.72131348, 741.970092773, 844.23626709, 498.530944824, 343.7215271, 278.574249268, 150.971282959, 99.681350708, 20.6746406555, -21.350982666, 9.00245952606], [2329, 56.7591285706, 741.970092773, 1463.65209961, 806.665527344, 635.35369873, 305.891265869, 359.09463501, 179.818832397, 132.780517578, -41.8892364502, -54.4121780396, -51.7528648376], [553.385437012, 823.59197998, 844.23626709, 806.665527344, 1064.33984375, 476.543304443, 460.194213867, 298.890075684, 197.336975098, 123.571235657, 63.2639350891, -20.381521225, 12.9532594681], [1961.89746094, -78.4623641968, 498.530944824, 635.35369873, 476.543304443, 861.057373047, 308.780426025, 319.530548096, 62.9275474548, 98.2831573486, -10.3734750748, 20.1704998016, -85.830291748], [-19.7055702209, 603.319030762, 343.7215271, 305.891265869, 460.194213867, 308.780426025, 575.978515625, 175.515823364, 137.425750732, 59.2949562073, 96.4061813354, 36.7464141846, 34.2818412781], [1179.73828125, -90.9134292603, 278.574249268, 359.09463501, 298.890075684, 319.530548096, 175.515823364, 396.423553467, 108.061973572, 123.535194397, 1.10957860947, 12.112487793, -17.1253204346], [-278.0987854, 293.476898193, 150.971282959, 179.818832397, 197.336975098, 62.9275474548, 137.425750732, 108.061973572, 299.985290527, 76.1522979736, 70.9365081787, 8.76091766357, 20.462934494], [342.433746338, -133.360153198, 99.681350708, 132.780517578, 123.571235657, 98.2831573486, 59.2949562073, 123.535194397, 76.1522979736, 213.182632446, 30.2440643311, 19.3397388458, -0.285662949085], [-547.083435059, 252.10017395, 20.6746406555, -41.8892364502, 63.2639350891, -10.3734750748, 96.4061813354, 1.10957860947, 70.9365081787, 30.2440643311, 164.118835449, 43.1405143738, 51.5934524536], [-20.8015117645, -89.5941314697, -21.350982666, -54.4121780396, -20.381521225, 20.1704998016, 36.7464141846, 12.112487793, 8.76091766357, 19.3397388458, 43.1405143738, 146.151107788, 30.1233043671], [-478.682342529, 166.07244873, 9.00245952606, -51.7528648376, 12.9532594681, -85.830291748, 34.2818412781, -17.1253204346, 20.462934494, -0.285662949085, 51.5934524536, 30.1233043671, 140.36138916]], "icov": [[0.000168787300936, -0.000108011350676, 0.000149399435031, -0.000272215169389, 0.000168268088601, -0.000270611228188, 0.000195565982722, -0.000395859271521, 0.000305953988573, -0.000175005334313, 0.000341850914992, -0.000212810802623, 0.000191456332686], [-0.000108011350676, 0.00160438730381, -0.000652478483971, 0.000794818100985, -0.00123653595801, 0.000664892955683, -0.00114320521243, 0.00107478641439, -0.0010727676563, 0.00153170956764, -0.00136172317434, 0.0015031703515, -0.000663232174702], [0.000149399435031, -0.000652478483971, 0.00117880664766, -0.000505296513438, -3.85552120861e-05, -0.000591527030338, 0.000628991692793, -0.000666891515721, 0.000561256078072, -0.000636210548691, 0.000824554066639, -0.000651192502119, 0.000179988317541], [-0.000272215169389, 0.000794818100985, -0.000505296513438, 0.00220676022582, -0.00157632795162, 2.27848704526e-05, -0.000461852905573, 0.000755769200623, -0.00122927618213, 0.000768946600147, -0.000370081746951, 0.00123286433518, -0.000606054323725], [0.000168268088601, -0.00123653595801, -3.85552120861e-05, -0.00157632795162, 0.00374701572582, -0.000675316492561, -0.000223746901611, -0.0012307097204, 0.000739440554753, -0.00143229856621, 0.000725237652659, -0.000699078897014, 0.000376637617592], [-0.000270611228188, 0.000664892955683, -0.000591527030338, 2.27848704526e-05, -0.000675316492561, 0.00310744531453, -0.00137630489189, -0.00018269586144, -0.000154448745889, 0.000745157769416, -0.000987178063951, 0.00013101415243, 0.000971918809228], [0.000195565982722, -0.00114320521243, 0.000628991692793, -0.000461852905573, -0.000223746901611, -0.00137630489189, 0.00416193064302, -0.00128337007482, 0.000454730703495, -0.000725130958017, 9.47565640672e-05, -0.00150071247481, 3.43566716765e-05], [-0.000395859271521, 0.00107478641439, -0.000666891515721, 0.000755769200623, -0.0012307097204, -0.00018269586144, -0.00128337007482, 0.00598968053237, -0.00197230116464, -0.000480017624795, -0.00053066079272, 0.00100855820347, -0.000988979707472], [0.000305953988573, -0.0010727676563, 0.000561256078072, -0.00122927618213, 0.000739440554753, -0.000154448745889, 0.000454730703495, -0.00197230116464, 0.00571561325341, -0.00189811608288, -0.000391697656596, -0.000961495039519, 0.00082225468941], [-0.000175005334313, 0.00153170956764, -0.000636210548691, 0.000768946600147, -0.00143229856621, 0.000745157769416, -0.000725130958017, -0.000480017624795, -0.00189811608288, 0.00764020066708, -0.00232226308435, 0.00090305012418, -0.000426337996032], [0.000341850914992, -0.00136172317434, 0.000824554066639, -0.000370081746951, 0.000725237652659, -0.000987178063951, 9.47565640672e-05, -0.00053066079272, -0.000391697656596, -0.00232226308435, 0.0105540417135, -0.00305374129675, -0.00134247750975], [-0.000212810802623, 0.0015031703515, -0.000651192502119, 0.00123286433518, -0.000699078897014, 0.00013101415243, -0.00150071247481, 0.00100855820347, -0.000961495039519, 0.00090305012418, -0.00305374129675, 0.00956039316952, -0.00216101133265], [0.000191456332686, -0.000663232174702, 0.000179988317541, -0.000606054323725, 0.000376637617592, 0.000971918809228, 3.43566716765e-05, -0.000988979707472, 0.00082225468941, -0.000426337996032, -0.00134247750975, -0.00216101133265, 0.00959412939847]]}, "melbands": {"dmean": [0.00134229415562, 0.00114719790872, 0.000617925543338, 0.00022778721177, 8.26522082207e-05, 6.45735635771e-05, 5.45356888324e-05, 4.21145487053e-05, 3.3117885323e-05, 3.11264047923e-05, 1.93896357814e-05, 1.74541455635e-05, 1.66901190823e-05, 1.75228051376e-05, 2.2908916435e-05, 2.22997223318e-05, 1.85094504559e-05, 1.62610795087e-05, 1.73168664332e-05, 1.94480489881e-05, 1.90720093087e-05, 1.97240824491e-05, 2.15737763938e-05, 1.52776628966e-05, 1.15623506645e-05, 1.07576834125e-05, 1.23025174616e-05, 2.81687425741e-05, 1.42995795613e-05, 5.24869392393e-06, 3.68264136341e-06, 5.10042400492e-06, 7.78147932579e-06, 5.89116962146e-06, 3.41116424352e-06, 3.28306236952e-06, 3.70720954379e-06, 2.43250110543e-06, 1.51371432366e-06, 1.13985277039e-06], "dmean2": [0.00191715965047, 0.00164385419339, 0.00108855415601, 0.000393728754716, 0.00014420595835, 0.000109781809442, 8.74845791259e-05, 6.84317346895e-05, 5.24327770108e-05, 4.88234691147e-05, 2.9432680094e-05, 2.61948971456e-05, 2.56705534412e-05, 2.69526572083e-05, 3.5270684748e-05, 3.43041683664e-05, 2.9556973459e-05, 2.59724329226e-05, 2.83286244667e-05, 3.00631672872e-05, 2.96668131341e-05, 3.12407137244e-05, 3.42861749232e-05, 2.43228860199e-05, 1.87536315934e-05, 1.70795647136e-05, 1.89941183635e-05, 4.79994378111e-05, 2.44098482653e-05, 8.52867560752e-06, 6.08259188084e-06, 8.33037302073e-06, 1.30332600747e-05, 9.63572983892e-06, 5.50753793505e-06, 5.28366808794e-06, 6.27890494798e-06, 3.99483587898e-06, 2.46435456575e-06, 1.88316118965e-06], "dvar": [1.19876967801e-05, 8.87067290023e-06, 4.7198741413e-06, 5.98447627453e-07, 6.9634310762e-08, 2.29578240862e-08, 1.50522119213e-08, 9.57048129635e-09, 6.62758248282e-09, 6.39359676313e-09, 2.61582000505e-09, 2.26379825996e-09, 2.85716161841e-09, 2.77512679503e-09, 3.65596997121e-09, 3.58391627486e-09, 2.41305508908e-09, 1.76743530922e-09, 1.63103253126e-09, 1.72736125403e-09, 1.76216075065e-09, 1.64895785915e-09, 2.42865261235e-09, 9.858468486e-10, 7.34188376761e-10, 5.68059321804e-10, 6.73983757693e-10, 1.08329762938e-08, 1.85327497793e-09, 1.48938916755e-10, 1.02680343395e-10, 3.26742966017e-10, 9.33922383872e-10, 4.04259736797e-10, 4.93796531442e-11, 5.27006216444e-11, 2.44167575048e-10, 4.82423198611e-11, 1.22031352037e-11, 7.49969010505e-12], "dvar2": [2.53608614003e-05, 1.71093561221e-05, 1.23888867165e-05, 1.64308664807e-06, 1.9582266475e-07, 5.92733613303e-08, 3.49853337411e-08, 2.38986199719e-08, 1.48131835687e-08, 1.41494105321e-08, 5.69964475616e-09, 4.96888041823e-09, 6.42403952256e-09, 6.44796172011e-09, 8.42325142969e-09, 8.63959748187e-09, 5.98140292851e-09, 4.14474632393e-09, 4.19131040985e-09, 4.0290060177e-09, 4.05261957326e-09, 4.24770085772e-09, 6.15828188444e-09, 2.27291896415e-09, 1.93240023982e-09, 1.40605682653e-09, 1.48697498759e-09, 3.03612459618e-08, 5.20147658278e-09, 3.80533632383e-10, 2.72800865231e-10, 7.60020546497e-10, 2.76725575787e-09, 1.11190434637e-09, 1.26436208725e-10, 1.36569866527e-10, 6.98123225895e-10, 1.2987495801e-10, 2.93599415613e-11, 1.88019495806e-11], "max": [0.0309965554625, 0.026377607137, 0.0232925117016, 0.0105713335797, 0.00591026991606, 0.00406280579045, 0.00302477460355, 0.00149620836601, 0.00192596984562, 0.002361160703, 0.00126168318093, 0.00124990870245, 0.00141432229429, 0.00150195020251, 0.00148519233335, 0.00106070388574, 0.001199422637, 0.000804356590379, 0.000988511485048, 0.000644509971607, 0.000810578465462, 0.00105000729673, 0.000965148501564, 0.00035752041731, 0.000476771732792, 0.00045687466627, 0.000477832887555, 0.00154001929332, 0.000580584746785, 0.00029302801704, 0.000231964382692, 0.00069737440208, 0.000530558172613, 0.000384354731068, 0.000106155224785, 0.000100058176031, 0.000296291895211, 0.000114673406642, 7.83968789619e-05, 6.2269398768e-05], "mean": [0.00297920312732, 0.00255160150118, 0.000556878105272, 0.000206782890018, 9.43973936955e-05, 9.48631641222e-05, 7.94718434918e-05, 5.29421704414e-05, 4.51459563919e-05, 4.28387829743e-05, 2.75649235846e-05, 2.36790692725e-05, 2.21715945372e-05, 2.30342120631e-05, 3.03516517306e-05, 2.89491326839e-05, 2.2282005375e-05, 1.94154072233e-05, 2.13486473513e-05, 2.64939444605e-05, 2.74673839158e-05, 2.87168222712e-05, 3.03122124024e-05, 2.00836493605e-05, 1.43560628203e-05, 1.4089186152e-05, 1.68532696989e-05, 2.62821376964e-05, 1.47312821355e-05, 7.18111323295e-06, 4.66474966743e-06, 6.67964559398e-06, 9.42319093156e-06, 7.74757700128e-06, 4.94311234434e-06, 4.39846189693e-06, 4.16993407271e-06, 2.96639450426e-06, 1.93576920537e-06, 1.39754092743e-06], "median": [0.0013974327594, 0.000819358741865, 0.000100501303677, 2.09168647416e-05, 2.71802000498e-05, 4.65550219815e-05, 2.52940008068e-05, 1.39240037242e-05, 1.16053433885e-05, 1.1057483789e-05, 5.43017858945e-06, 5.36641709914e-06, 4.43618409918e-06, 3.96664518121e-06, 7.14213365427e-06, 6.08034861216e-06, 4.22317407356e-06, 4.51439063909e-06, 6.89565695211e-06, 6.05884451943e-06, 8.38459345687e-06, 1.08887943497e-05, 8.47175579111e-06, 4.37025846622e-06, 3.60128728971e-06, 3.30789475811e-06, 3.71762644136e-06, 2.44549755735e-06, 1.7435246491e-06, 1.22961705529e-06, 7.60040052228e-07, 1.22199628549e-06, 1.531530188e-06, 2.03696390599e-06, 2.00492786462e-06, 1.34854303724e-06, 9.49583295551e-07, 8.46765146889e-07, 6.1358127823e-07, 3.99290058795e-07], "min": [1.35956942685e-23, 1.50728568239e-23, 8.4387022718e-24, 9.39385978901e-24, 3.62111728514e-24, 2.67061317952e-23, 1.74218873844e-23, 5.36045381809e-24, 2.25326856587e-24, 1.50192868576e-23, 1.29196317953e-23, 4.61974932126e-24, 2.84810696208e-24, 3.65582479838e-24, 5.80437661504e-24, 1.23977324644e-23, 1.37290196501e-23, 1.58455350365e-23, 1.90361823642e-23, 1.51817117402e-23, 1.27223897477e-23, 6.08902957851e-24, 1.1575014438e-23, 1.31457335302e-23, 1.23351182078e-23, 1.29845250711e-23, 9.65084148408e-24, 6.19333828942e-24, 1.0230724458e-23, 1.27248202281e-23, 9.04942655171e-24, 1.48071668933e-23, 8.44818280216e-24, 9.96703586755e-24, 9.95469571641e-24, 9.10647381693e-24, 7.97798147075e-24, 1.37280367294e-23, 1.52735698595e-23, 8.65014460454e-24], "var": [2.0823583327e-05, 1.83231295523e-05, 3.31799969899e-06, 4.24509295271e-07, 5.53372565548e-08, 3.17680104445e-08, 2.56470293891e-08, 1.25386128147e-08, 1.1861946092e-08, 1.16699450103e-08, 4.87333018384e-09, 3.70067376743e-09, 4.15709378032e-09, 4.33973390557e-09, 5.40134958982e-09, 5.25996490808e-09, 3.09216674488e-09, 2.34001373833e-09, 1.99145699931e-09, 2.74970446412e-09, 2.94397217715e-09, 2.18286833054e-09, 3.12951065062e-09, 1.44476008934e-09, 8.36355262823e-10, 7.60278839884e-10, 1.35338851237e-09, 8.68650662511e-09, 1.5278576182e-09, 2.57864368747e-10, 1.7056295265e-10, 6.41966146908e-10, 9.31035193386e-10, 4.5162126816e-10, 6.48998979558e-11, 6.40074590552e-11, 1.5886515714e-10, 4.4539726074e-11, 1.62378461371e-11, 9.11191174596e-12]}, "mfcc": {"mean": [-690.995666504, 71.0928115845, 2.60486483574, 25.2793865204, 11.937994957, 3.17986965179, -4.45068979263, 7.50162220001, -3.4018445015, 5.10819482803, 0.898197650909, 6.4507484436, 6.32906913757], "cov": [[13014.4726562, -1600.65869141, -261.501220703, 709.033813477, 808.12713623, 823.486450195, 626.691650391, 767.389709473, 527.437438965, 524.705322266, 113.561828613, 187.894393921, 41.567527771], [-1600.65869141, 1891.39904785, 449.013671875, 364.428710938, 363.033111572, 271.057952881, 401.385742188, 237.452285767, 184.536712646, 97.9741287231, 149.661804199, 76.8628540039, 82.3287124634], [-261.501220703, 449.013671875, 1118.65380859, 474.708068848, 499.713287354, 358.289733887, 283.730926514, 206.823959351, 230.256561279, 123.727470398, 128.997451782, 126.292854309, 55.5102882385], [709.033813477, 364.428710938, 474.708068848, 983.128967285, 612.833862305, 418.508483887, 361.104980469, 266.364257812, 337.556396484, 227.594955444, 132.200942993, 162.638153076, 76.9233627319], [808.12713623, 363.033111572, 499.713287354, 612.833862305, 845.658691406, 432.007537842, 357.366973877, 274.492614746, 306.197662354, 245.002044678, 156.300201416, 135.58215332, 77.4065246582], [823.486450195, 271.057952881, 358.289733887, 418.508483887, 432.007537842, 647.633850098, 400.789215088, 335.833618164, 230.333633423, 178.09274292, 182.420562744, 78.5474853516, 53.2064437866], [626.691650391, 401.385742188, 283.730926514, 361.104980469, 357.366973877, 400.789215088, 607.360412598, 317.82244873, 253.948730469, 177.578781128, 132.849411011, 121.905586243, 57.8954811096], [767.389709473, 237.452285767, 206.823959351, 266.364257812, 274.492614746, 335.833618164, 317.82244873, 450.174133301, 205.301071167, 165.220870972, 142.788467407, 70.5975875854, 81.4049987793], [527.437438965, 184.536712646, 230.256561279, 337.556396484, 306.197662354, 230.333633423, 253.948730469, 205.301071167, 326.890411377, 193.7003479, 120.059417725, 119.041061401, 68.545425415], [524.705322266, 97.9741287231, 123.727470398, 227.594955444, 245.002044678, 178.09274292, 177.578781128, 165.220870972, 193.7003479, 294.260925293, 137.752105713, 101.464332581, 63.5795669556], [113.561828613, 149.661804199, 128.997451782, 132.200942993, 156.300201416, 182.420562744, 132.849411011, 142.788467407, 120.059417725, 137.752105713, 234.869827271, 72.8421020508, 70.1182937622], [187.894393921, 76.8628540039, 126.292854309, 162.638153076, 135.58215332, 78.5474853516, 121.905586243, 70.5975875854, 119.041061401, 101.464332581, 72.8421020508, 177.945022583, 73.4281921387], [41.567527771, 82.3287124634, 55.5102882385, 76.9233627319, 77.4065246582, 53.2064437866, 57.8954811096, 81.4049987793, 68.545425415, 63.5795669556, 70.1182937622, 73.4281921387, 159.893676758]], "icov": [[0.000124296042486, 0.000143999670399, 9.27960427362e-05, -1.46539123307e-05, -9.33816918405e-05, -7.99760236987e-05, -4.5792250603e-05, -0.000167046033312, -4.41782503913e-05, -7.42022893974e-05, 0.000119261778309, -4.24894642492e-05, 5.74800942559e-05], [0.000143999670399, 0.000838793348521, -5.35829640285e-05, -0.000104481921881, -0.000192097271793, 0.000100698955066, -0.000480641785543, -0.000225889147259, 1.48822537085e-05, 0.000106220162706, -0.000147051207023, 0.000178312286153, -0.000117949944979], [9.27960427362e-05, -5.35829640285e-05, 0.00143165467307, -0.000171692765434, -0.000554434664082, -0.00036066697794, 6.70202207402e-05, -0.000104057660792, -0.000243377056904, 0.000379877747037, -3.42647581419e-05, -0.00047652554349, 0.000193315776414], [-1.46539123307e-05, -0.000104481921881, -0.000171692765434, 0.00225104880519, -0.000914414762519, -0.000483504583826, 6.56017000438e-05, 8.88662325451e-05, -0.00098877470009, -2.712505011e-05, 0.000479115085909, -0.000590918876696, 6.4758292865e-05], [-9.33816918405e-05, -0.000192097271793, -0.000554434664082, -0.000914414762519, 0.00297648902051, -0.000627532892395, -3.76406133e-05, 0.000203894494916, -0.000429368839832, -0.000783919240348, 7.77093518991e-05, 0.000136460221256, -0.000167690159287], [-7.99760236987e-05, 0.000100698955066, -0.00036066697794, -0.000483504583826, -0.000627532892395, 0.00405582273379, -0.00133041315712, -0.00111676531378, 0.00028810754884, 0.000277775194263, -0.00155887671281, 0.00092035921989, 0.000358226243407], [-4.5792250603e-05, -0.000480641785543, 6.70202207402e-05, 6.56017000438e-05, -3.76406133e-05, -0.00133041315712, 0.00392648670822, -0.00110223528463, -0.000986370607279, -2.82923792838e-05, 0.000495073094498, -0.00126337900292, 0.000602107902523], [-0.000167046033312, -0.000225889147259, -0.000104057660792, 8.88662325451e-05, 0.000203894494916, -0.00111676531378, -0.00110223528463, 0.00495595252141, -0.000878489052411, -0.000463696167571, -0.000631469825748, 0.00105935230386, -0.00134663237259], [-4.41782503913e-05, 1.48822537085e-05, -0.000243377056904, -0.00098877470009, -0.000429368839832, 0.00028810754884, -0.000986370607279, -0.000878489052411, 0.00785256456584, -0.00227776891552, -0.000330722512444, -0.00139847712126, -0.000192959341803], [-7.42022893974e-05, 0.000106220162706, 0.000379877747037, -2.712505011e-05, -0.000783919240348, 0.000277775194263, -2.82923792838e-05, -0.000463696167571, -0.00227776891552, 0.0070535284467, -0.00226136809215, -0.00113265565597, 6.27138651907e-05], [0.000119261778309, -0.000147051207023, -3.42647581419e-05, 0.000479115085909, 7.77093518991e-05, -0.00155887671281, 0.000495073094498, -0.000631469825748, -0.000330722512444, -0.00226136809215, 0.00749858701602, -0.000928689842112, -0.00137143873144], [-4.24894642492e-05, 0.000178312286153, -0.00047652554349, -0.000590918876696, 0.000136460221256, 0.00092035921989, -0.00126337900292, 0.00105935230386, -0.00139847712126, -0.00113265565597, -0.000928689842112, 0.00961909070611, -0.0030454765074], [5.74800942559e-05, -0.000117949944979, 0.000193315776414, 6.4758292865e-05, -0.000167690159287, 0.000358226243407, 0.000602107902523, -0.00134663237259, -0.000192959341803, 6.27138651907e-05, -0.00137143873144, -0.0030454765074, 0.0086890142411]]}, "spectral_contrast_coeffs": {"dmean": [0.0519748143852, 0.0515165701509, 0.0420295186341, 0.0384422838688, 0.029594860971, 0.0270158089697], "dmean2": [0.0811212658882, 0.0848772600293, 0.0663815662265, 0.060452517122, 0.0462165400386, 0.041582942009], "dvar": [0.00273865042254, 0.0020588315092, 0.0013391263783, 0.00104246090632, 0.000672501511872, 0.000605003035162], "dvar2": [0.0065698530525, 0.00535696744919, 0.00312827317975, 0.00248102052137, 0.00149889662862, 0.00139435497113], "max": [-0.213004276156, -0.317874729633, -0.424380332232, -0.519401192665, -0.536533474922, -0.519156396389], "mean": [-0.646518409252, -0.700902163982, -0.775222599506, -0.761302351952, -0.767756283283, -0.76669472456], "median": [-0.660043716431, -0.709599494934, -0.789573609829, -0.769442737103, -0.772038519382, -0.77018558979], "min": [-0.956633687019, -0.958066642284, -0.963591873646, -0.963233232498, -0.960231482983, -0.96316242218], "var": [0.00960079114884, 0.00689343130216, 0.00596876861528, 0.00428619002923, 0.00325104012154, 0.00313819129951]}, "spectral_contrast_valleys": {"dmean": [0.501071453094, 0.528287410736, 0.442519664764, 0.427447915077, 0.406183630228, 0.467051595449], "dmean2": [0.725950181484, 0.837366044521, 0.677125751972, 0.634773850441, 0.57348382473, 0.673322021961], "dvar": [0.267802268267, 0.303828567266, 0.217478781939, 0.205177456141, 0.222071111202, 0.292273133993], "dvar2": [0.449460238218, 0.674279987812, 0.4353749156, 0.387956082821, 0.379312574863, 0.572357773781], "max": [-5.55018568039, -5.1407866478, -5.67239999771, -5.9