{"lowlevel": {"average_loudness": 0.897979617119, "barkbands_crest": {"dmean": 3.58720016479, "dmean2": 5.49232006073, "dvar": 12.2998180389, "dvar2": 25.2014560699, "max": 26.0710048676, "mean": 13.9931726456, "median": 13.542591095, "min": 1.86342120171, "var": 51.577545166}, "barkbands_flatness_db": {"dmean": 0.0459267571568, "dmean2": 0.0660318061709, "dvar": 0.00215479638427, "dvar2": 0.00364555441774, "max": 0.450199902058, "mean": 0.172294944525, "median": 0.168703660369, "min": 0.0166353471577, "var": 0.00964052882046}, "barkbands_kurtosis": {"dmean": 31.6674118042, "dmean2": 47.5060882568, "dvar": 3482.07568359, "dvar2": 7992.65185547, "max": 1018.97479248, "mean": 34.45936203, "median": 4.82914447784, "min": -1.94019722939, "var": 4324.07421875}, "barkbands_skewness": {"dmean": 2.07364964485, "dmean2": 3.00988459587, "dvar": 5.95452260971, "dvar2": 12.1868400574, "max": 26.8010368347, "mean": 3.52168989182, "median": 2.13462638855, "min": -5.26984357834, "var": 16.8857498169}, "barkbands_spread": {"dmean": 15.456284523, "dmean2": 24.4504795074, "dvar": 407.083648682, "dvar2": 823.693969727, "max": 130.149490356, "mean": 30.7293262482, "median": 17.2478408813, "min": 0.226034536958, "var": 908.367370605}, "dissonance": {"dmean": 0.017945472151, "dmean2": 0.0307972766459, "dvar": 0.0006056028069, "dvar2": 0.00171925162431, "max": 0.500000059605, "mean": 0.467765539885, "median": 0.476012378931, "min": 0.238523721695, "var": 0.000808721291833}, "dynamic_complexity": 7.72039651871, "erbbands_crest": {"dmean": 2.42167615891, "dmean2": 3.78167843819, "dvar": 5.94570112228, "dvar2": 12.7155742645, "max": 28.4552650452, "mean": 8.55851554871, "median": 7.26442623138, "min": 2.21732926369, "var": 23.6551704407}, "erbbands_flatness_db": {"dmean": 0.0272094178945, "dmean2": 0.0385385900736, "dvar": 0.000824638525955, "dvar2": 0.00139027321711, "max": 0.435087502003, "mean": 0.113366834819, "median": 0.0944550335407, "min": 0.0227403305471, "var": 0.00488940440118}, "erbbands_kurtosis": {"dmean": 1.5064394474, "dmean2": 2.47036266327, "dvar": 5.53347301483, "dvar2": 13.5260353088, "max": 27.0621643066, "mean": 0.536861479282, "median": -0.276299953461, "min": -1.88348948956, "var": 6.64294481277}, "erbbands_skewness": {"dmean": 0.530764758587, "dmean2": 0.803920328617, "dvar": 0.301593214273, "dvar2": 0.659123659134, "max": 3.95331120491, "mean": 0.327385127544, "median": 0.271311163902, "min": -4.67695188522, "var": 0.960305213928}, "erbbands_spread": {"dmean": 20.9918060303, "dmean2": 32.7066230774, "dvar": 487.4190979, "dvar2": 1120.53735352, "max": 209.333908081, "mean": 63.4543037415, "median": 59.2901763916, "min": 4.06968641281, "var": 1167.6015625}, "hfc": {"dmean": 13.6766586304, "dmean2": 19.3594703674, "dvar": 557.326965332, "dvar2": 1016.38226318, "max": 255.099441528, "mean": 17.8187599182, "median": 4.97140216827, "min": 1.19558621096e-16, "var": 1112.57580566}, "melbands_crest": {"dmean": 3.38790798187, "dmean2": 4.91208028793, "dvar": 11.9644832611, "dvar2": 23.6784248352, "max": 36.0068321228, "mean": 20.5692024231, "median": 21.0391349792, "min": 1.69146859646, "var": 90.4155807495}, "melbands_flatness_db": {"dmean": 0.0536915324628, "dmean2": 0.0737986788154, "dvar": 0.00290981866419, "dvar2": 0.00455730874091, "max": 0.58623945713, "mean": 0.255959451199, "median": 0.264538854361, "min": 0.00451005483046, "var": 0.0181821230799}, "melbands_kurtosis": {"dmean": 86.1254272461, "dmean2": 140.67779541, "dvar": 20565.4316406, "dvar2": 48519.6640625, "max": 1228.53991699, "mean": 106.716041565, "median": 29.3268699646, "min": -1.91611027718, "var": 29470.7617188}, "melbands_skewness": {"dmean": 2.53550457954, "dmean2": 4.08486270905, "dvar": 9.42594146729, "dvar2": 21.6021232605, "max": 28.4487705231, "mean": 6.08668470383, "median": 4.48567962646, "min": -1.66857838631, "var": 28.7228488922}, "melbands_spread": {"dmean": 12.153881073, "dmean2": 17.923368454, "dvar": 419.995605469, "dvar2": 937.267150879, "max": 277.459686279, "mean": 28.6244907379, "median": 10.5299530029, "min": 0.257011294365, "var": 1651.32067871}, "pitch_salience": {"dmean": 0.110983602703, "dmean2": 0.175385639071, "dvar": 0.0118251610547, "dvar2": 0.026167307049, "max": 0.855023920536, "mean": 0.438722163439, "median": 0.461587101221, "min": 0.0445183627307, "var": 0.0425107777119}, "silence_rate_20dB": {"dmean": 0.0162771288306, "dmean2": 0.0325576551259, "dvar": 0.0160111188889, "dvar2": 0.0471529997885, "max": 1, "mean": 0.991549313068, "median": 1, "min": 0, "var": 0.00837854575366}, "silence_rate_30dB": {"dmean": 0.0688647776842, "dmean2": 0.137743920088, "dvar": 0.0641235485673, "dvar2": 0.118973702192, "max": 1, "mean": 0.894418358803, "median": 1, "min": 0, "var": 0.0944422185421}, "silence_rate_60dB": {"dmean": 0.0845158621669, "dmean2": 0.169049352407, "dvar": 0.077371686697, "dvar2": 0.164670526981, "max": 1, "mean": 0.332394361496, "median": 0, "min": 0, "var": 0.221898436546}, "spectral_centroid": {"dmean": 416.515838623, "dmean2": 610.097595215, "dvar": 289026.4375, "dvar2": 604191.125, "max": 10602.515625, "mean": 1510.97521973, "median": 1173.97839355, "min": 157.607086182, "var": 1115567.75}, "spectral_complexity": {"dmean": 2.48685312271, "dmean2": 3.6024210453, "dvar": 33.2778816223, "dvar2": 46.0888214111, "max": 65, "mean": 6.72477817535, "median": 4, "min": 0, "var": 102.757530212}, "spectral_decrease": {"dmean": 7.7358155437e-09, "dmean2": 1.11986304674e-08, "dvar": 3.18610966654e-16, "dvar2": 6.64892170354e-16, "max": 7.29956789458e-11, "mean": -8.9975422668e-09, "median": -1.44713585559e-09, "min": -1.41915421636e-07, "var": 4.19537165781e-16}, "spectral_energy": {"dmean": 0.0301047023386, "dmean2": 0.0434678532183, "dvar": 0.00462463637814, "dvar2": 0.00965523440391, "max": 0.541411042213, "mean": 0.0355749763548, "median": 0.00712913647294, "min": 1.08411090797e-20, "var": 0.00610388955101}, "spectral_energyband_high": {"dmean": 0.00101183215156, "dmean2": 0.00140337483026, "dvar": 4.35105130236e-06, "dvar2": 7.99426106823e-06, "max": 0.0246753841639, "mean": 0.00127857760526, "median": 0.000255279504927, "min": 7.7899128342e-21, "var": 8.7956796051e-06}, "spectral_energyband_low": {"dmean": 0.0265128929168, "dmean2": 0.0386012755334, "dvar": 0.00386539450847, "dvar2": 0.00776178902015, "max": 0.489785820246, "mean": 0.0306510273367, "median": 0.00273121334612, "min": 6.61767650999e-23, "var": 0.00528985541314}, "spectral_energyband_middle_high": {"dmean": 0.000697740295436, "dmean2": 0.00101926911157, "dvar": 6.46786247671e-06, "dvar2": 1.26928534883e-05, "max": 0.0307369306684, "mean": 0.00101409188937, "median": 0.000226845004363, "min": 1.7569768575e-21, "var": 1.09656584755e-05}, "spectral_energyband_middle_low": {"dmean": 0.00385757512413, "dmean2": 0.00673303427175, "dvar": 0.000130182728753, "dvar2": 0.00034259838867, "max": 0.0959687381983, "mean": 0.00343105895445, "median": 0.000790541176684, "min": 2.85801327223e-22, "var": 9.36645592446e-05}, "spectral_entropy": {"dmean": 0.331595867872, "dmean2": 0.45500138402, "dvar": 0.124860063195, "dvar2": 0.209432035685, "max": 9.80415058136, "mean": 7.77572631836, "median": 7.90951728821, "min": 5.47114276886, "var": 0.453684598207}, "spectral_flux": {"dmean": 0.0510836802423, "dmean2": 0.083171479404, "dvar": 0.00757097778842, "dvar2": 0.0181721709669, "max": 0.638948559761, "mean": 0.0923554599285, "median": 0.0428364723921, "min": 1.04120649602e-10, "var": 0.0141757605597}, "spectral_kurtosis": {"dmean": 2.60556602478, "dmean2": 4.08854627609, "dvar": 20.4695396423, "dvar2": 51.6284255981, "max": 77.5266036987, "mean": 4.27695035934, "median": 2.28049612045, "min": -1.62042820454, "var": 41.0560684204}, "spectral_rms": {"dmean": 0.00178597448394, "dmean2": 0.00251790555194, "dvar": 8.6128093244e-06, "dvar2": 1.57018221216e-05, "max": 0.0229827295989, "mean": 0.00401429273188, "median": 0.00263728178106, "min": 3.25218259441e-12, "var": 1.85926746781e-05}, "spectral_rolloff": {"dmean": 1847.95227051, "dmean2": 3123.02734375, "dvar": 12922585, "dvar2": 24799730, "max": 19013.8183594, "mean": 3630.16625977, "median": 689.0625, "min": 64.599609375, "var": 26175780}, "spectral_skewness": {"dmean": 0.394168138504, "dmean2": 0.609178423882, "dvar": 0.203722476959, "dvar2": 0.454059630632, "max": 6.52761507034, "mean": 1.54931986332, "median": 1.37002193928, "min": -0.140252798796, "var": 0.507896304131}, "spectral_spread": {"dmean": 2186444, "dmean2": 3114126.75, "dvar": 6119949860860.0, "dvar2": 8883928039420.0, "max": 39234576, "mean": 8308884.5, "median": 7849292, "min": 918888, "var": 15260335472600.0}, "spectral_strongpeak": {"dmean": 0.297525465488, "dmean2": 0.498876839876, "dvar": 0.731429815292, "dvar2": 1.99754428864, "max": 11.8017950058, "mean": 0.444196462631, "median": 0.249977737665, "min": 0, "var": 0.606314718723}, "zerocrossingrate": {"dmean": 0.043943375349, "dmean2": 0.0485523678362, "dvar": 0.00235538976267, "dvar2": 0.00238493504003, "max": 0.55029296875, "mean": 0.116325557232, "median": 0.07080078125, "min": 0.001953125, "var": 0.0125121055171}, "barkbands": {"dmean": [0.000986863626167, 0.0170382950455, 0.013157245703, 0.00208991859108, 0.000872640928719, 0.000650356931146, 0.000198046473088, 9.43663762882e-05, 0.000184221207746, 7.26534053683e-05, 7.07298895577e-05, 7.09122032276e-05, 6.53247407172e-05, 7.52854029997e-05, 8.63500026753e-05, 0.000143458804814, 8.94681725185e-05, 8.18554108264e-05, 7.82394272392e-05, 6.24332606094e-05, 6.73222748446e-05, 9.75103248493e-05, 0.000217753753532, 0.000136065165862, 0.000181954543223, 0.000212977218325, 0.000164296114235], "dmean2": [0.00164042192046, 0.0272316634655, 0.0227983538061, 0.00365905975923, 0.00151247077156, 0.00115988496691, 0.000340761325788, 0.000166190555319, 0.000303207838442, 0.000122920726426, 0.000122821540572, 0.000124857499031, 0.000106903040432, 0.00011306887609, 0.00013022168423, 0.000235771716689, 0.000154410357936, 0.000124944970594, 0.000110145512735, 0.000103797407064, 0.000100844838016, 0.000127001389046, 0.000325113214785, 0.000209346719203, 0.000270617194474, 0.000313509721309, 0.000239259272348], "dvar": [5.07594631927e-06, 0.00131891586352, 0.00189567822963, 5.10719655722e-05, 5.30202169102e-06, 3.09517031383e-06, 2.33499420688e-07, 7.49394075683e-08, 2.33285078366e-07, 2.79459353436e-08, 5.89014810259e-08, 7.57071632052e-08, 6.36579073898e-08, 9.0250523499e-08, 1.4270739257e-07, 4.64153032453e-07, 1.27661138549e-07, 1.12728891111e-07, 1.10933292774e-07, 5.85091761707e-08, 4.65960070528e-08, 6.69807391773e-08, 6.27467727554e-07, 1.45286833231e-07, 1.7378367545e-07, 1.4492403011e-07, 8.36714946217e-08], "dvar2": [1.34008814712e-05, 0.00289300829172, 0.00497344788164, 0.000136574497446, 1.36788103191e-05, 8.57531813381e-06, 6.21112008048e-07, 2.0393719069e-07, 5.94447101321e-07, 7.60160716595e-08, 1.65632542348e-07, 2.08053947404e-07, 1.74135607267e-07, 2.06719036555e-07, 3.29937392962e-07, 1.19701246604e-06, 3.37161424113e-07, 2.25692460276e-07, 2.07165285815e-07, 1.40594593745e-07, 8.10279843222e-08, 9.83506396324e-08, 1.48530216393e-06, 3.37936882033e-07, 4.07948306247e-07, 3.50578716279e-07, 1.70076631889e-07], "max": [0.0198816508055, 0.272565811872, 0.320034205914, 0.0662174150348, 0.0160507578403, 0.0101643372327, 0.00427703373134, 0.00326772546396, 0.0163772013038, 0.00212806463242, 0.00308074778877, 0.00419667549431, 0.00314815319143, 0.00544648384675, 0.00666411360726, 0.0101067097858, 0.00475533632562, 0.00389823270962, 0.00566859031096, 0.00245144823566, 0.00272615370341, 0.00369338248856, 0.00926631595939, 0.00443439884111, 0.00599444145337, 0.00383646343835, 0.00218199868686], "mean": [0.00113020115532, 0.0196235571057, 0.0091229621321, 0.00148021790665, 0.000810811063275, 0.000517899752595, 0.000219447916606, 8.28917254694e-05, 0.000271962257102, 0.000107917876448, 8.68535498739e-05, 7.85804513725e-05, 7.32146727387e-05, 9.72084453679e-05, 9.96094822767e-05, 0.000139868308906, 0.000104557606392, 0.000102887082903, 0.000105399820313, 8.90898154466e-05, 0.000103260244941, 0.000138798059197, 0.000235995859839, 0.000152045337018, 0.000222362650675, 0.000215320236748, 0.000162135213031], "median": [0.000224911200348, 0.00198498251848, 0.000141503493069, 8.87916758074e-05, 0.000160600044183, 4.49106337328e-05, 2.89816507575e-05, 1.76865742105e-05, 4.05868922826e-05, 3.27233392454e-05, 2.34635044762e-05, 1.4525797269e-05, 1.26508530229e-05, 2.18197928916e-05, 1.03094207589e-05, 6.85275153955e-06, 1.07625228338e-05, 6.75819228491e-06, 5.32654394192e-06, 9.11044116947e-06, 1.79840681085e-05, 2.4720098736e-05, 1.35510190375e-05, 2.29040597333e-05, 3.93273949157e-05, 3.2063042454e-05, 1.38771674756e-05], "min": [1.1096490624e-23, 1.08919303139e-23, 2.02683247224e-23, 4.52670759511e-23, 5.72644480955e-23, 2.43731450878e-23, 4.71917040778e-23, 5.6318837373e-23, 3.59411560187e-23, 1.10669889617e-22, 2.0892982337e-22, 2.54583005713e-23, 1.40080353347e-22, 9.25877082998e-23, 1.6000127477e-22, 1.34317743367e-22, 2.35096326974e-22, 2.2262200006e-22, 2.26947810342e-22, 4.44239003948e-22, 4.64077909082e-22, 4.92914725783e-22, 5.83267647936e-22, 6.52315014761e-22, 1.32225537833e-21, 1.84358989739e-21, 2.41284323571e-21], "var": [4.97523114973e-06, 0.00173757097218, 0.00134996313136, 3.49121146428e-05, 4.26033602707e-06, 2.13836528928e-06, 2.25459231729e-07, 5.33336361741e-08, 4.07438676575e-07, 3.28688685158e-08, 5.88428079595e-08, 7.56161426807e-08, 6.34513170894e-08, 1.04277617652e-07, 1.73688988525e-07, 4.37414627186e-07, 1.49540653638e-07, 1.76579391109e-07, 1.76738566893e-07, 8.95000482615e-08, 1.00147772741e-07, 1.55137740876e-07, 7.84427697909e-07, 1.89844016063e-07, 2.75258742022e-07, 1.65446081724e-07, 1.10223808747e-07]}, "erbbands": {"dmean": [0.639906406403, 3.92839598656, 13.5939216614, 10.685133934, 4.23061752319, 2.06789946556, 8.062915802, 3.10484790802, 2.98303723335, 3.21982884407, 1.63711476326, 4.83724832535, 2.47758746147, 2.43692398071, 2.51661801338, 3.00387430191, 2.91960644722, 2.65422821045, 4.19716501236, 6.54644441605, 7.60206365585, 4.45449018478, 4.58207893372, 4.17855024338, 3.37462496758, 2.81164693832, 3.19127321243, 2.87771010399, 3.22278857231, 3.82040500641, 7.3518576622, 3.44798898697, 2.27070641518, 2.31747746468, 1.02555298805, 0.59833586216, 0.477831155062, 0.192990779877, 0.0269739311188, 0.00101350736804], "dmean2": [0.93608379364, 6.85591173172, 22.8933525085, 18.7875461578, 7.44530105591, 3.51785254478, 14.6171588898, 5.3950009346, 4.86868572235, 5.8016705513, 2.76630949974, 7.89245128632, 4.05797433853, 4.30074310303, 4.35516357422, 5.27902078629, 4.73631620407, 3.95529651642, 6.04231595993, 10.5465297699, 12.5578899384, 7.47415924072, 7.08862638474, 5.86720514297, 4.90770864487, 4.631254673, 5.13154459, 4.00323820114, 4.0893535614, 4.96977949142, 11.6682653427, 5.55273866653, 3.3115837574, 3.44211506844, 1.57844007015, 0.890762805939, 0.705614328384, 0.291630089283, 0.0389948450029, 0.00139159371611], "dvar": [1.6765794754, 77.0888290405, 1900.34204102, 1336.3927002, 178.586105347, 23.9303913116, 575.643981934, 75.7470397949, 48.3277931213, 100.911605835, 16.7314014435, 170.428710938, 23.8246631622, 59.6765441895, 70.3801193237, 125.761192322, 125.998031616, 80.9599304199, 309.57232666, 857.175109863, 1240.59350586, 322.885009766, 352.199676514, 307.018035889, 177.261856079, 116.129081726, 131.928390503, 56.2468223572, 92.077583313, 141.781478882, 802.237121582, 133.825698853, 32.34582901, 28.5497283936, 6.54747533798, 1.57214164734, 0.745787203312, 0.104633770883, 0.00226727477275, 2.97880092148e-06], "dvar2": [3.80120062828, 194.686157227, 5004.74121094, 3549.94458008, 465.067504883, 61.2271347046, 1574.71923828, 213.412826538, 118.158691406, 278.272399902, 43.946811676, 424.807250977, 63.1001052856, 163.263427734, 187.643569946, 346.0284729, 338.195678711, 183.424255371, 628.679504395, 2141.80712891, 3181.48779297, 774.262573242, 744.823547363, 547.013366699, 334.855804443, 260.26550293, 292.153045654, 89.23387146, 132.669570923, 240.461990356, 2020.65454102, 335.293640137, 69.1968612671, 67.1211242676, 16.4929618835, 3.75280761719, 1.81881427765, 0.23599614203, 0.00448488304392, 6.15899716649e-06], "max": [10.0367145538, 62.3122329712, 302.896942139, 319.117736816, 109.286575317, 40.498008728, 161.11227417, 83.6389770508, 115.111595154, 84.2705078125, 64.4930877686, 507.423675537, 72.0022354126, 97.6809082031, 195.775268555, 117.000495911, 142.125244141, 130.373062134, 307.385375977, 485.779418945, 546.972167969, 209.003585815, 223.932952881, 260.275634766, 190.924575806, 112.976257324, 132.010055542, 130.434417725, 127.030067444, 155.316329956, 350.246520996, 131.148620605, 69.9380111694, 63.2963371277, 48.8773460388, 22.8011245728, 7.15446567535, 2.28376579285, 0.352465242147, 0.0148389432579], "mean": [0.692925751209, 3.95859050751, 10.169049263, 7.52695846558, 3.23548364639, 2.32555150986, 5.54788160324, 2.97257709503, 3.72535991669, 2.60678553581, 1.94079899788, 7.40866994858, 4.26553344727, 2.89983177185, 3.19495034218, 3.43143749237, 3.44265985489, 3.87369179726, 5.22366523743, 7.13167047501, 7.60649347305, 5.6120800972, 5.68738412857, 5.59918212891, 4.76798629761, 4.1495885849, 4.4725856781, 4.29831504822, 4.64064216614, 5.08104133606, 7.69500780106, 3.57045197487, 2.89722323418, 2.87323284149, 1.10593962669, 0.670713484287, 0.461716920137, 0.185800001025, 0.0264917723835, 0.00105371198151], "median": [0.0920220836997, 0.238473758101, 0.204586714506, 0.309161931276, 0.353512763977, 0.525679707527, 0.434697031975, 0.42989808321, 0.543125927448, 0.287968158722, 0.670463442802, 1.15457546711, 1.69515395164, 0.838720321655, 0.820644319057, 0.71573227644, 0.734594404697, 1.00268018246, 0.777217745781, 0.720645189285, 0.497755736113, 0.550747990608, 0.402918934822, 0.338085740805, 0.22670340538, 0.478030562401, 0.583230018616, 0.758753716946, 0.613511621952, 0.785467326641, 0.427788257599, 0.297834217548, 0.47127237916, 0.477559059858, 0.234800592065, 0.116531863809, 0.0585903041065, 0.0169726572931, 0.00241375830956, 0.000129554668092], "min": [2.49670134612e-22, 2.88554020117e-21, 1.53539778962e-20, 1.04860936621e-19, 9.95862772733e-20, 2.74892745368e-19, 3.10693329074e-19, 1.59073604335e-19, 5.41362465655e-19, 8.7057099197e-19, 1.29732680827e-18, 1.06568356312e-18, 2.25537018547e-18, 5.77280788181e-18, 5.73946174978e-18, 1.530387324e-18, 6.68771099833e-18, 4.24433734208e-18, 7.59763903705e-18, 8.03706632976e-18, 7.22198902393e-18, 1.35137431387e-17, 1.27244126566e-17, 1.47885831454e-17, 1.05082154702e-17, 2.51969339274e-17, 1.83272684234e-17, 1.90403659402e-17, 1.50970933897e-17, 1.9176638983e-17, 1.69084998172e-17, 1.13512026771e-17, 1.29397492767e-17, 1.40503641534e-17, 9.46460305037e-18, 6.34456049788e-18, 3.51107481628e-18, 1.27630690814e-18, 3.07950217217e-19, 3.98205683924e-20], "var": [1.98003983498, 87.217010498, 1432.94055176, 919.797729492, 129.298141479, 24.5151996613, 369.872253418, 60.9488143921, 75.7805023193, 66.1827163696, 14.5913696289, 320.876403809, 37.5270080566, 53.6532325745, 85.5008773804, 127.064605713, 130.009963989, 112.823631287, 426.716217041, 924.280029297, 1223.40002441, 435.205718994, 524.27911377, 512.272949219, 316.699584961, 187.265014648, 218.062225342, 134.715560913, 209.448623657, 278.732086182, 886.854858398, 152.232025146, 54.642791748, 47.7616271973, 6.93777704239, 1.85560202599, 0.805693328381, 0.128943279386, 0.00299465679564, 4.08625373893e-06]}, "gfcc": {"mean": [-99.7707443237, 43.3480224609, -64.6040039062, 20.3311824799, -38.3822402954, 20.8193683624, -22.2897949219, 9.71925067902, -16.6421737671, 5.66282081604, -19.2002277374, 3.71487879753, -6.45355558395], "cov": [[25274.5722656, -826.898742676, 2995.41113281, 592.736694336, -500.550201416, 366.83392334, -382.410186768, -46.9459152222, -217.320297241, 164.601119995, -212.744155884, 85.3439331055, -150.181945801], [-826.898742676, 5033.11035156, -277.183776855, 208.043746948, 435.119415283, -167.389282227, 341.955383301, -169.973892212, 102.184028625, -109.12084198, 68.0222549438, -159.211120605, 94.2243881226], [2995.41113281, -277.183776855, 2639.40698242, 265.583343506, 100.385154724, 459.622741699, 100.166625977, 173.24659729, -31.1150035858, 264.383392334, -94.8963012695, 78.9521789551, 13.8972358704], [592.736694336, 208.043746948, 265.583343506, 687.184448242, 21.5326843262, 154.236190796, 95.5091400146, 103.389343262, 16.4298839569, 118.046264648, 32.2754364014, 39.7573547363, 31.9607086182], [-500.550201416, 435.119415283, 100.385154724, 21.5326843262, 359.227111816, 28.0120391846, 161.002868652, 69.092666626, 101.34866333, 36.2948455811, 57.9150657654, 19.9124851227, 35.5633659363], [366.83392334, -167.389282227, 459.622741699, 154.236190796, 28.0120391846, 319.672332764, 80.697769165, 139.38949585, 26.2034721375, 122.47303772, 12.1358671188, 53.4998779297, 44.1194648743], [-382.410186768, 341.955383301, 100.166625977, 95.5091400146, 161.002868652, 80.697769165, 224.09437561, 92.4362106323, 71.5855560303, 49.4552001953, 15.6061925888, 3.47268199921, 42.0340270996], [-46.9459152222, -169.973892212, 173.24659729, 103.389343262, 69.092666626, 139.38949585, 92.4362106323, 186.189453125, 58.3050193787, 86.2248764038, 7.45022964478, 46.0535507202, 30.3267745972], [-217.320297241, 102.184028625, -31.1150035858, 16.4298839569, 101.34866333, 26.2034721375, 71.5855560303, 58.3050193787, 123.526123047, 32.5607414246, 52.3595046997, 21.5931854248, 30.3028755188], [164.601119995, -109.12084198, 264.383392334, 118.046264648, 36.2948455811, 122.47303772, 49.4552001953, 86.2248764038, 32.5607414246, 178.425598145, 30.0103359222, 66.0540161133, 42.1858024597], [-212.744155884, 68.0222549438, -94.8963012695, 32.2754364014, 57.9150657654, 12.1358671188, 15.6061925888, 7.45022964478, 52.3595046997, 30.0103359222, 110.754432678, 40.643283844, 17.4962615967], [85.3439331055, -159.211120605, 78.9521789551, 39.7573547363, 19.9124851227, 53.4998779297, 3.47268199921, 46.0535507202, 21.5931854248, 66.0540161133, 40.643283844, 82.0539703369, 32.7932014465], [-150.181945801, 94.2243881226, 13.8972358704, 31.9607086182, 35.5633659363, 44.1194648743, 42.0340270996, 30.3267745972, 30.3028755188, 42.1858024597, 17.4962615967, 32.7932014465, 66.1245117188]], "icov": [[5.06315409439e-05, -6.09794642514e-06, -5.99876002525e-05, -4.2338102503e-05, 5.63557514397e-05, -3.65635196431e-06, 7.45706929592e-05, 4.5351087465e-05, -6.9623150921e-05, 3.11335570586e-05, 6.67636923026e-05, -0.00010972484597, 0.000109476721263], [-6.09794642514e-06, 0.000307898793835, -4.11589508076e-06, -0.000132379936986, -0.000269257900072, 0.000106501101982, -0.000348458823282, 0.000432589033153, 6.3030871388e-05, 6.37080302113e-05, -0.000235297527979, 0.000757739704568, -0.000673935457598], [-5.99876002525e-05, -4.11589508076e-06, 0.000705444253981, -3.76430602955e-06, -0.000442987191491, -0.000889379007276, -1.1128990991e-05, 0.000380069453968, 0.000124565383885, -0.000674429815263, 0.00095443992177, -0.000391303852666, 0.000702304649167], [-4.2338102503e-05, -0.000132379936986, -3.76430602955e-06, 0.00191190361511, 0.000411805754993, -0.000294604862574, -0.000604053784627, -0.000711551110726, 0.00065897667082, -0.000749376602471, -0.000796469103079, 0.000136411326821, 0.000173763444764], [5.63557514397e-05, -0.000269257900072, -0.000442987191491, 0.000411805754993, 0.00537265557796, 0.000944150844589, -0.00284721702337, -0.000737118651159, -0.00181802141014, 0.000425152800744, -0.00166378531139, -0.000990004860796, 0.000527332071215], [-3.65635196431e-06, 0.000106501101982, -0.000889379007276, -0.000294604862574, 0.000944150844589, 0.00688773067668, -0.000845648290124, -0.00369150470942, 0.00126718939282, -0.000998503528535, -0.00193757365923, 0.00109728320967, -0.002678751247], [7.45706929592e-05, -0.000348458823282, -1.1128990991e-05, -0.000604053784627, -0.00284721702337, -0.000845648290124, 0.00998279638588, -0.00291677447967, -0.00155429588631, -0.000575887213927, 0.000931008951738, 0.00357359135523, -0.00289130676538], [4.5351087465e-05, 0.000432589033153, 0.000380069453968, -0.000711551110726, -0.000737118651159, -0.00369150470942, -0.00291677447967, 0.0129282874987, -0.00446502864361, -0.00144475966226, 0.00450427271426, -0.00473057525232, 0.0026570588816], [-6.9623150921e-05, 6.3030871388e-05, 0.000124565383885, 0.00065897667082, -0.00181802141014, 0.00126718939282, -0.00155429588631, -0.00446502864361, 0.0154448896646, -0.000289497489575, -0.00661253742874, 0.00300904782489, -0.00406038109213], [3.11335570586e-05, 6.37080302113e-05, -0.000674429815263, -0.000749376602471, 0.000425152800744, -0.000998503528535, -0.000575887213927, -0.00144475966226, -0.000289497489575, 0.0111965704709, -0.000949791923631, -0.00506156263873, -0.00229883845896], [6.67636923026e-05, -0.000235297527979, 0.00095443992177, -0.000796469103079, -0.00166378531139, -0.00193757365923, 0.000931008951738, 0.00450427271426, -0.00661253742874, -0.000949791923631, 0.0172777250409, -0.00962684955448, 0.00404019327834], [-0.00010972484597, 0.000757739704568, -0.000391303852666, 0.000136411326821, -0.000990004860796, 0.00109728320967, 0.00357359135523, -0.00473057525232, 0.00300904782489, -0.00506156263873, -0.00962684955448, 0.0287471599877, -0.0114735858515], [0.000109476721263, -0.000673935457598, 0.000702304649167, 0.000173763444764, 0.000527332071215, -0.002678751247, -0.00289130676538, 0.0026570588816, -0.00406038109213, -0.00229883845896, 0.00404019327834, -0.0114735858515, 0.0261718444526]]}, "melbands": {"dmean": [0.0051421741955, 0.00591798638925, 0.00180306716356, 0.00016993402096, 0.000241603076574, 8.20364512037e-05, 4.46810190624e-05, 3.35180011461e-05, 1.40874180943e-05, 3.05935427605e-05, 1.16799819807e-05, 9.78702610155e-06, 9.52180380409e-06, 7.72790372139e-06, 8.00405632617e-06, 6.11847372056e-06, 5.24787856193e-06, 7.68799782236e-06, 6.53505958326e-06, 1.05969429569e-05, 8.54753398016e-06, 5.16841328135e-06, 3.65246478395e-06, 4.21417689722e-06, 3.4342165236e-06, 3.15136480822e-06, 2.00869885703e-06, 1.90557443602e-06, 2.21764958042e-06, 1.79334540462e-06, 1.78524408057e-06, 1.81901191354e-06, 1.88099443221e-06, 2.24052746489e-06, 4.70032546218e-06, 2.90032403427e-06, 1.94504241335e-06, 1.44739055941e-06, 2.22519520321e-06, 1.87196633306e-06], "dmean2": [0.00753217563033, 0.00960408896208, 0.00316899316385, 0.000293389253784, 0.00043421931332, 0.000142488788697, 7.37917653169e-05, 6.06040775892e-05, 2.38841348619e-05, 4.97140827065e-05, 1.91963190446e-05, 1.72775235114e-05, 1.64844386745e-05, 1.358767895e-05, 1.33894372993e-05, 1.00096849565e-05, 7.76284559834e-06, 1.14976901386e-05, 1.00227807707e-05, 1.74539436557e-05, 1.42328044603e-05, 8.89075272426e-06, 5.76553520659e-06, 6.55327494314e-06, 4.89488775202e-06, 4.57534224552e-06, 3.28924716086e-06, 3.13871078106e-06, 3.68665314454e-06, 2.67529571829e-06, 2.49781237471e-06, 2.38775623984e-06, 2.51075539381e-06, 2.91219089377e-06, 7.40773293728e-06, 4.80841981698e-06, 3.1580157156e-06, 2.15525710701e-06, 3.23905214827e-06, 2.8321951504e-06], "dvar": [0.000107394138467, 0.000290519616101, 3.7180918298e-05, 2.10911480281e-07, 4.9597394991e-07, 4.74858801169e-08, 1.08156434919e-08, 1.11237303813e-08, 1.2118394066e-09, 6.90835477712e-09, 5.30115118469e-10, 9.3490692965e-10, 1.03093877879e-09, 9.10593433989e-10, 9.9990749014e-10, 5.31645727442e-10, 3.27479515727e-10, 1.11229070399e-09, 8.65480520584e-10, 2.36115682561e-09, 1.47569467757e-09, 4.3749864842e-10, 2.00769012526e-10, 3.20997894931e-10, 2.11126963134e-10, 1.85064075175e-10, 6.32101870846e-11, 5.04493773146e-11, 6.84798120987e-11, 3.05842885739e-11, 1.95367541589e-11, 2.54088208806e-11, 3.85179631246e-11, 5.44630902877e-11, 3.47852385785e-10, 1.18510423697e-10, 4.01017552498e-11, 1.6891432697e-11, 3.81581745368e-11, 1.72301461293e-11], "dvar2": [0.000231834012084, 0.000746523379348, 9.82835990726e-05, 5.34515038453e-07, 1.35144705382e-06, 1.32062396574e-07, 2.70604783026e-08, 3.06985619147e-08, 3.18490411821e-09, 1.69866112287e-08, 1.40480205246e-09, 2.55359955403e-09, 2.85941181843e-09, 2.5517983282e-09, 2.76711142888e-09, 1.46510403809e-09, 7.60587537396e-10, 2.36983899171e-09, 2.08020090042e-09, 6.09709838173e-09, 3.81746234623e-09, 1.11936671043e-09, 4.50023907028e-10, 6.58182397473e-10, 3.93633431406e-10, 3.637385948e-10, 1.47963877262e-10, 1.15849163596e-10, 1.68637256936e-10, 5.39417052692e-11, 3.4753366851e-11, 3.62020795286e-11, 6.82166961807e-11, 1.00001368297e-10, 8.72681205077e-10, 3.1020208624e-10, 1.00904298805e-10, 3.91053578408e-11, 9.12076109083e-11, 4.12853397302e-11], "max": [0.0771917030215, 0.130561202765, 0.0516964569688, 0.00356544787064, 0.00487611396238, 0.00190988508984, 0.00152983737644, 0.000874900317285, 0.000423847726779, 0.00326433801092, 0.000232291800785, 0.000400950724725, 0.000443641736638, 0.000510837009642, 0.000400621473091, 0.000295902980724, 0.000283140834654, 0.000594591896515, 0.000528396631125, 0.000633641320746, 0.000568854389712, 0.000264694564976, 0.000179839946213, 0.000215479929466, 0.000221074660658, 0.000230988531257, 8.24495000415e-05, 7.62968484196e-05, 9.65107828961e-05, 7.37016525818e-05, 7.84339645179e-05, 6.78383803461e-05, 8.94479235285e-05, 0.00010352901154, 0.000238007269218, 0.000117393137771, 7.40057366784e-05, 6.04466367804e-05, 9.15574564715e-05, 5.80956002523e-05], "mean": [0.00575859611854, 0.00530804554, 0.00127097335644, 0.000163543852977, 0.000176780464244, 7.723129238e-05, 5.46724768355e-05, 2.63003894361e-05, 1.68223650689e-05, 4.73736581625e-05, 1.99517871806e-05, 1.14684016808e-05, 1.1500371329e-05, 8.39435324451e-06, 8.38514461066e-06, 7.30205329091e-06, 7.44388307794e-06, 9.16876069823e-06, 7.5019029282e-06, 1.06130219137e-05, 8.52886296343e-06, 6.15395947534e-06, 4.61337549496e-06, 5.23779317518e-06, 4.46276408184e-06, 4.00890121455e-06, 2.88390810965e-06, 2.69177189693e-06, 2.85938176603e-06, 2.65477297035e-06, 2.50078278441e-06, 2.61792843048e-06, 2.5689857921e-06, 2.82190148937e-06, 4.78069796372e-06, 3.07323671223e-06, 1.91580488718e-06, 1.58379668846e-06, 3.18589559356e-06, 2.10488838093e-06], "median": [0.000680372759234, 0.000179883878445, 5.59337131563e-05, 3.0540064472e-05, 1.89624824998e-05, 9.76853425527e-06, 7.74190448283e-06, 2.71194198831e-06, 4.84336806039e-06, 7.15677151675e-06, 7.54978555051e-06, 2.78784455077e-06, 2.85521355181e-06, 1.8026557882e-06, 1.57923204824e-06, 1.21636185213e-06, 1.78369270998e-06, 1.36225355618e-06, 7.59285626373e-07, 8.01388750915e-07, 5.47094998637e-07, 6.14075645444e-07, 3.76481551712e-07, 3.41559939443e-07, 2.64208495082e-07, 1.40551577488e-07, 2.1602674849e-07, 3.1559773106e-07, 2.38493186089e-07, 5.71670796035e-07, 3.64106398365e-07, 3.18470000593e-07, 4.28655681617e-07, 3.92265121718e-07, 2.50149923886e-07, 1.58114048077e-07, 1.87673691698e-07, 2.58246132034e-07, 4.11335605577e-07, 3.87479019537e-07], "min": [4.11311997096e-24, 7.18412786486e-24, 1.78662543101e-23, 1.23968039751e-23, 1.14734943504e-23, 4.42783366252e-24, 7.88894905126e-24, 9.6273334291e-24, 1.02309587497e-23, 5.79483376466e-24, 1.15489023532e-23, 2.30601870853e-23, 2.64836193774e-23, 3.81257737671e-24, 7.11553404256e-24, 1.49220266188e-23, 7.16297929285e-24, 1.21470955776e-23, 1.19729040457e-23, 1.00147248759e-23, 7.603441357e-24, 1.23301231405e-23, 1.35084746514e-23, 1.19741875224e-23, 1.22578224609e-23, 7.25436646213e-24, 9.78114316182e-24, 1.77078115973e-23, 1.26668215967e-23, 6.96385738973e-24, 1.30464672182e-23, 7.98009009594e-24, 1.01896973801e-23, 1.06568631747e-23, 1.03668242634e-23, 6.73977592758e-24, 7.19253791097e-24, 9.6599070736e-24, 8.91492734509e-24, 1.27571043607e-23], "var": [0.000141504206113, 0.000264636270003, 2.5804816687e-05, 1.78654318006e-07, 3.26957945163e-07, 3.96411401482e-08, 1.53027013283e-08, 7.24332327451e-09, 1.16552956175e-09, 1.37036382242e-08, 8.20180978689e-10, 8.28953350407e-10, 1.08242026453e-09, 8.88043139025e-10, 9.02248165069e-10, 5.5416438105e-10, 4.21557427854e-10, 1.39167677382e-09, 9.83350179062e-10, 2.29738028601e-09, 1.48379697418e-09, 5.34683408659e-10, 2.94660990052e-10, 4.79436490508e-10, 3.33167243793e-10, 2.73661537875e-10, 9.94949331257e-11, 7.77850422962e-11, 9.85542689125e-11, 6.23371354536e-11, 4.24273463584e-11, 6.02120922566e-11, 7.20183565561e-11, 9.57252541123e-11, 3.70114078274e-10, 1.31336191922e-10, 4.31103590326e-11, 2.07462571428e-11, 8.18464601648e-11, 2.2902771693e-11]}, "mfcc": {"mean": [-757.41003418, 94.4979324341, 32.0552330017, 16.0610675812, 14.1055927277, 15.0954685211, 8.04321289062, 6.92487049103, 12.834985733, 1.56602978706, 3.4683778286, -1.48196864128, -0.725843369961], "cov": [[14354.3417969, -351.289581299, 1000.10748291, 361.456878662, -13.5220298767, 197.995727539, -68.944732666, -73.8660583496, 22.8633995056, -24.9923858643, -14.7613992691, -77.4331512451, 68.364151001], [-351.289581299, 2728.77514648, -5.58118009567, 77.8315887451, 134.446624756, 129.566101074, 161.652145386, 100.484672546, 163.075912476, 49.8527679443, 111.125587463, 24.9620990753, 8.39916133881], [1000.10748291, -5.58118009567, 1337.36645508, 188.693939209, 149.135726929, 245.490005493, 207.364257812, 24.9155158997, 256.605987549, 21.6303062439, 129.040405273, 48.3788948059, 48.8679237366], [361.456878662, 77.8315887451, 188.693939209, 509.019256592, 65.5536727905, 116.278266907, 94.1801834106, 54.7781448364, 79.1060714722, 61.1388397217, 83.2493057251, 21.5511131287, 72.7392501831], [-13.5220298767, 134.446624756, 149.135726929, 65.5536727905, 184.481216431, 61.1247177124, 56.4449157715, 54.613899231, 51.4754066467, 43.2677001953, 43.5366897583, 29.7316093445, 34.3356666565], [197.995727539, 129.566101074, 245.490005493, 116.278266907, 61.1247177124, 183.554229736, 110.560401917, 33.1936302185, 104.727790833, 35.1320075989, 73.3983383179, 36.5978965759, 43.8591537476], [-68.944732666, 161.652145386, 207.364257812, 94.1801834106, 56.4449157715, 110.560401917, 158.946487427, 65.6078948975, 100.838005066, 39.4845046997, 72.8107299805, 32.0928764343, 23.2375869751], [-73.8660583496, 100.484672546, 24.9155158997, 54.7781448364, 54.613899231, 33.1936302185, 65.6078948975, 129.410202026, 48.7030029297, 51.9671096802, 35.5541992188, 10.5930147171, 20.2711677551], [22.8633995056, 163.075912476, 256.605987549, 79.1060714722, 51.4754066467, 104.727790833, 100.838005066, 48.7030029297, 198.117019653, 41.8423500061, 70.6480789185, 39.8428039551, 28.051410675], [-24.9923858643, 49.8527679443, 21.6303062439, 61.1388397217, 43.2677001953, 35.1320075989, 39.4845046997, 51.9671096802, 41.8423500061, 83.5322647095, 42.9746170044, 14.0610113144, 17.7396774292], [-14.7613992691, 111.125587463, 129.040405273, 83.2493057251, 43.5366897583, 73.3983383179, 72.8107299805, 35.5541992188, 70.6480789185, 42.9746170044, 107.260932922, 42.7207565308, 31.9676055908], [-77.4331512451, 24.9620990753, 48.3788948059, 21.5511131287, 29.7316093445, 36.5978965759, 32.0928764343, 10.5930147171, 39.8428039551, 14.0610113144, 42.7207565308, 62.9514541626, 34.1327095032], [68.364151001, 8.39916133881, 48.8679237366, 72.7392501831, 34.3356666565, 43.8591537476, 23.2375869751, 20.2711677551, 28.051410675, 17.7396774292, 31.9676055908, 34.1327095032, 81.4530258179]], "icov": [[7.96323292889e-05, -4.6489518013e-07, -7.99692061264e-05, -4.53928914794e-05, 5.31810801476e-05, -0.000124334284919, 0.000185292985407, -2.65029302682e-05, 5.49507967662e-05, -2.03315375984e-05, 3.43089232047e-05, 0.000107528692752, -5.30298057129e-05], [-4.6489518013e-07, 0.000428405910498, 0.000168737125932, 2.84382767859e-05, -0.000307433161652, -0.000103938065877, -0.000269736920018, -2.93138564302e-05, -0.00032494138577, 0.000288845913019, -0.000363621220458, 0.000347158958903, 0.000145624973811], [-7.99692061264e-05, 0.000168737125932, 0.00140245910734, -1.99435562536e-05, -0.000877480022609, -0.000565485213883, -0.000951944792178, 0.000716741953511, -0.00127294508275, 0.00102752959356, -0.000639940495603, 0.000819029810373, 0.000116250797873], [-4.53928914794e-05, 2.84382767859e-05, -1.99435562536e-05, 0.00273139541969, -8.30204298836e-05, -0.000584814464673, -0.000614136457443, 8.05476156529e-05, 4.63855358248e-05, -0.000820847693831, -0.00107430003118, 0.00165786698926, -0.00199730671011], [5.31810801476e-05, -0.000307433161652, -0.000877480022609, -8.30204298836e-05, 0.0078085125424, -0.000762033218052, 0.000408700987464, -0.0020825448446, 0.000923298997805, -0.00238760956563, 0.00075137137901, -0.00219660904258, -0.0010643156711], [-0.000124334284919, -0.000103938065877, -0.000565485213883, -0.000584814464673, -0.000762033218052, 0.0127059165388, -0.00584981590509, 0.00226511643268, -0.00194843334612, -0.000578097300604, -0.00158707995433, 0.000224464834901, -0.00311290565878], [0.000185292985407, -0.000269736920018, -0.000951944792178, -0.000614136457443, 0.000408700987464, -0.00584981590509, 0.0166024249047, -0.0055256607011, -0.00153881998267, 0.000828392396215, -0.00319499289617, -0.00167137058452, 0.00291199912317], [-2.65029302682e-05, -2.93138564302e-05, 0.000716741953511, 8.05476156529e-05, -0.0020825448446, 0.00226511643268, -0.0055256607011, 0.013296614401, -0.0012508899672, -0.00526598701254, 0.000287538598059, 0.0025992996525, -0.00217559654266], [5.49507967662e-05, -0.00032494138577, -0.00127294508275, 4.63855358248e-05, 0.000923298997805, -0.00194843334612, -0.00153881998267, -0.0012508899672, 0.00992545764893, -0.00200073211454, -0.000460832030512, -0.00297909788787, 0.00056671135826], [-2.03315375984e-05, 0.000288845913019, 0.00102752959356, -0.000820847693831, -0.00238760956563, -0.000578097300604, 0.000828392396215, -0.00526598701254, -0.00200073211454, 0.0201787296683, -0.00598369492218, 0.00191755674314, 0.000334960903274], [3.43089232047e-05, -0.000363621220458, -0.000639940495603, -0.00107430003118, 0.00075137137901, -0.00158707995433, -0.00319499289617, 0.000287538598059, -0.000460832030512, -0.00598369492218, 0.02048426494, -0.00904848147184, -5.59661202715e-05], [0.000107528692752, 0.000347158958903, 0.000819029810373, 0.00165786698926, -0.00219660904258, 0.000224464834901, -0.00167137058452, 0.0025992996525, -0.00297909788787, 0.00191755674314, -0.00904848147184, 0.0286496169865, -0.00930889882147], [-5.30298057129e-05, 0.000145624973811, 0.000116250797873, -0.00199730671011, -0.0010643156711, -0.00311290565878, 0.00291199912317, -0.00217559654266, 0.00056671135826, 0.000334960903274, -5.59661202715e-05, -0.00930889882147, 0.019510621205]]}, "spectral_contrast_coeffs": {"dmean": [0.053099565208, 0.03949515149, 0.02899129875, 0.0242654327303, 0.0206946711987, 0.0250725951046], "dmean2": [0.0869423672557, 0.0649777501822, 0.0467333644629, 0.0383137948811, 0.0325792469084, 0.0375663861632], "dvar": [0.00238620210439, 0.00122019369155, 0.000656114832964, 0.000486473843921, 0.000320700957673, 0.000479790120153], "dvar2": [0.00618763500825, 0.00315198628232, 0.0016528289998, 0.0011006097775, 0.000751118699554, 0.00100983737502], "max": [-0.416245520115, -0.482149064541, -0.51233536005, -0.646242022514, -0.628061115742, -0.452906042337], "mean": [-0.721175909042, -0.772021710873, -0.782805562019, -0.807139575481, -0.8195489645, -0.796797454357], "median": [-0.727797150612, -0.781266689301, -0.788481712341, -0.811599910259, -0.823731303215, -0.795742988586], "min": [-0.96587228775, -0.965139329433, -0.960116147995, -0.95990806818, -0.95871078968, -0.960683763027], "var": [0.00781744904816, 0.0046868971549, 0.00380422733724, 0.0020648567006, 0.00140753888991, 0.00195539719425]}, "spectral_contrast_valleys": {"dmean": [0.464069485664, 0.456274330616, 0.371566563845, 0.342268049717, 0.365125179291, 0.701694369316], "dmean2": [0.740405082703, 0.712548732758, 0.586575090885, 0.511836051941, 0.47499102354, 0.848061561584], "dvar": [0.311661928892, 0.276498168707, 0.196152254939, 0.184222593904, 0.222716629505, 0.511106431484], "dvar2": [0.518422484398, 0.47569450736, 0.363681674004, 0.291822552681, 0.310763150454, 0.737174510956], "max": [-4.97544288635, -5.21558380127, -5