{"lowlevel": {"average_loudness": 0.892792463303, "barkbands_crest": {"dmean": 2.14009308815, "dmean2": 3.44780731201, "dvar": 5.87745141983, "dvar2": 13.9124898911, "max": 26.7349720001, "mean": 15.8448181152, "median": 15.0310306549, "min": 3.13970375061, "var": 30.9072399139}, "barkbands_flatness_db": {"dmean": 0.0345829874277, "dmean2": 0.051352802664, "dvar": 0.00197664229199, "dvar2": 0.0037281466648, "max": 0.663280189037, "mean": 0.332486540079, "median": 0.352303475142, "min": 0.0259755849838, "var": 0.0170845445246}, "barkbands_kurtosis": {"dmean": 23.5691013336, "dmean2": 36.2354354858, "dvar": 5099.27490234, "dvar2": 10974.7158203, "max": 1950.08459473, "mean": 49.0460739136, "median": 12.6814594269, "min": -1.78785395622, "var": 15920.1650391}, "barkbands_skewness": {"dmean": 1.0346916914, "dmean2": 1.56610703468, "dvar": 2.44396305084, "dvar2": 5.1079158783, "max": 33.0156517029, "mean": 3.82900953293, "median": 2.99181318283, "min": -5.2524266243, "var": 11.1138334274}, "barkbands_spread": {"dmean": 2.71786808968, "dmean2": 4.42888689041, "dvar": 50.8031616211, "dvar2": 126.982551575, "max": 111.993606567, "mean": 8.63705825806, "median": 3.06335425377, "min": 0.058207269758, "var": 250.048538208}, "dissonance": {"dmean": 0.0294770691544, "dmean2": 0.0491807088256, "dvar": 0.00104972720146, "dvar2": 0.00265285698697, "max": 0.5, "mean": 0.390010237694, "median": 0.407666087151, "min": 0.0768730714917, "var": 0.00686501571909}, "dynamic_complexity": 9.59539890289, "erbbands_crest": {"dmean": 2.23555231094, "dmean2": 3.43026614189, "dvar": 5.96244812012, "dvar2": 13.2707853317, "max": 32.4163017273, "mean": 13.2284574509, "median": 12.4881668091, "min": 2.0675432682, "var": 34.1172180176}, "erbbands_flatness_db": {"dmean": 0.0225281771272, "dmean2": 0.0329078733921, "dvar": 0.000850579119287, "dvar2": 0.00169196119532, "max": 0.624038159847, "mean": 0.22654312849, "median": 0.236222833395, "min": 0.0115329902619, "var": 0.0087788105011}, "erbbands_kurtosis": {"dmean": 3.21561312675, "dmean2": 4.9214015007, "dvar": 41.6425895691, "dvar2": 85.409362793, "max": 122.241455078, "mean": 6.2711186409, "median": 2.02367305756, "min": -1.75675320625, "var": 152.119644165}, "erbbands_skewness": {"dmean": 0.512608349323, "dmean2": 0.760284662247, "dvar": 0.465910792351, "dvar2": 0.940268874168, "max": 8.85845756531, "mean": 1.17040073872, "median": 0.819997370243, "min": -2.28587436676, "var": 2.91226768494}, "erbbands_spread": {"dmean": 7.09430408478, "dmean2": 11.320435524, "dvar": 168.061782837, "dvar2": 420.372741699, "max": 157.165039062, "mean": 27.4760341644, "median": 16.5584068298, "min": 0.328246861696, "var": 679.108215332}, "hfc": {"dmean": 2.9450647831, "dmean2": 3.95885896683, "dvar": 32.4260444641, "dvar2": 66.2460479736, "max": 106.160018921, "mean": 7.70380306244, "median": 3.16703701019, "min": 1.19772629264e-16, "var": 111.404006958}, "melbands_crest": {"dmean": 2.46890377998, "dmean2": 3.9353222847, "dvar": 7.0443110466, "dvar2": 16.2432441711, "max": 39.4519691467, "mean": 20.6257686615, "median": 20.9801464081, "min": 1.75985240936, "var": 31.1137809753}, "melbands_flatness_db": {"dmean": 0.0387198477983, "dmean2": 0.057440392673, "dvar": 0.0026165752206, "dvar2": 0.00489342631772, "max": 0.817724883556, "mean": 0.450751334429, "median": 0.479801028967, "min": 0.0045381388627, "var": 0.0239618178457}, "melbands_kurtosis": {"dmean": 21.2735977173, "dmean2": 34.3295021057, "dvar": 2144.05712891, "dvar2": 5429.07421875, "max": 647.322509766, "mean": 48.5780258179, "median": 23.2587776184, "min": -1.63868057728, "var": 4741.43554688}, "melbands_skewness": {"dmean": 0.962539970875, "dmean2": 1.51953136921, "dvar": 2.10558962822, "dvar2": 5.27443933487, "max": 20.0920639038, "mean": 3.96781992912, "median": 3.47230148315, "min": -4.37356281281, "var": 6.46928071976}, "melbands_spread": {"dmean": 2.29462480545, "dmean2": 3.64414978027, "dvar": 65.03150177, "dvar2": 128.157485962, "max": 187.210403442, "mean": 6.06673765182, "median": 2.64986562729, "min": 0.173206344247, "var": 145.616821289}, "pitch_salience": {"dmean": 0.0702830404043, "dmean2": 0.109908819199, "dvar": 0.00610705837607, "dvar2": 0.013851525262, "max": 0.894762158394, "mean": 0.363440155983, "median": 0.376907110214, "min": 0.0320418998599, "var": 0.0267913304269}, "silence_rate_20dB": {"dmean": 0.0171218924224, "dmean2": 0.0342577472329, "dvar": 0.016828995198, "dvar2": 0.0420571230352, "max": 1, "mean": 0.986145079136, "median": 1, "min": 0, "var": 0.0136629836634}, "silence_rate_30dB": {"dmean": 0.102731347084, "dmean2": 0.205546498299, "dvar": 0.0921796858311, "dvar2": 0.188577234745, "max": 1, "mean": 0.767318665981, "median": 1, "min": 0, "var": 0.178538829088}, "silence_rate_60dB": {"dmean": 0.0277211572975, "dmean2": 0.0554649271071, "dvar": 0.026952445507, "dvar2": 0.0580987110734, "max": 1, "mean": 0.3276283741, "median": 0, "min": 0, "var": 0.220287665725}, "spectral_centroid": {"dmean": 114.880691528, "dmean2": 183.473251343, "dvar": 114739.03125, "dvar2": 212076.5625, "max": 11082.3173828, "mean": 524.030090332, "median": 299.604553223, "min": 85.3452987671, "var": 437825.96875}, "spectral_complexity": {"dmean": 0.797390937805, "dmean2": 1.24306690693, "dvar": 1.96340930462, "dvar2": 3.6276652813, "max": 22, "mean": 4.68989419937, "median": 4, "min": 0, "var": 15.395026207}, "spectral_decrease": {"dmean": 7.37267624729e-09, "dmean2": 1.05681436935e-08, "dvar": 2.02934509314e-16, "dvar2": 4.2477714982e-16, "max": 1.75598650259e-20, "mean": -1.59527182575e-08, "median": -5.12707298839e-09, "min": -1.71140968064e-07, "var": 5.29045926245e-16}, "spectral_energy": {"dmean": 0.0280767623335, "dmean2": 0.0402198545635, "dvar": 0.00293735018931, "dvar2": 0.00614372175187, "max": 0.65091252327, "mean": 0.0609078444541, "median": 0.0197686776519, "min": 1.05207042237e-20, "var": 0.00768665317446}, "spectral_energyband_high": {"dmean": 3.08462476823e-05, "dmean2": 5.3938387282e-05, "dvar": 8.3132519535e-08, "dvar2": 2.36845636437e-07, "max": 0.00964054465294, "mean": 2.51235778705e-05, "median": 2.49674417319e-06, "min": 7.7751835263e-21, "var": 4.96013470297e-08}, "spectral_energyband_low": {"dmean": 0.027111645788, "dmean2": 0.039664439857, "dvar": 0.00287064141594, "dvar2": 0.00607947772369, "max": 0.643533945084, "mean": 0.052940312773, "median": 0.0140123795718, "min": 8.19201694704e-23, "var": 0.00664855819196}, "spectral_energyband_middle_high": {"dmean": 0.000128606654471, "dmean2": 0.000181586510735, "dvar": 2.56853667224e-07, "dvar2": 5.81279437029e-07, "max": 0.0111788026989, "mean": 0.000264103524387, "median": 2.8502283385e-05, "min": 1.36976515113e-21, "var": 4.79551829358e-07}, "spectral_energyband_middle_low": {"dmean": 0.00260829087347, "dmean2": 0.00332871335559, "dvar": 3.81721583835e-05, "dvar2": 5.75450867473e-05, "max": 0.105428226292, "mean": 0.00865323841572, "median": 0.0019343898166, "min": 3.83317510292e-22, "var": 0.00024038538686}, "spectral_entropy": {"dmean": 0.26076105237, "dmean2": 0.388134151697, "dvar": 0.135238423944, "dvar2": 0.273285776377, "max": 9.80461788177, "mean": 6.21022510529, "median": 5.95708322525, "min": 2.83374738693, "var": 1.17556631565}, "spectral_flux": {"dmean": 0.0411012098193, "dmean2": 0.0683964788914, "dvar": 0.00442162901163, "dvar2": 0.0116642620414, "max": 0.55517333746, "mean": 0.0668290406466, "median": 0.0348032414913, "min": 1.02570486826e-10, "var": 0.00719550065696}, "spectral_kurtosis": {"dmean": 8.96904850006, "dmean2": 14.7125654221, "dvar": 199.914840698, "dvar2": 529.138977051, "max": 323.722229004, "mean": 28.0452671051, "median": 15.6792469025, "min": -1.22287845612, "var": 1253.89196777}, "spectral_rms": {"dmean": 0.00143708777614, "dmean2": 0.00193991197739, "dvar": 5.23708740729e-06, "dvar2": 9.47777607507e-06, "max": 0.0251999329776, "mean": 0.00567935034633, "median": 0.00439163763076, "min": 3.20376364327e-12, "var": 2.7167290682e-05}, "spectral_rolloff": {"dmean": 240.911224365, "dmean2": 416.974700928, "dvar": 1246142, "dvar2": 2691369.25, "max": 19293.75, "mean": 524.336181641, "median": 150.732421875, "min": 21.533203125, "var": 1908405.875}, "spectral_skewness": {"dmean": 0.615569770336, "dmean2": 0.987540960312, "dvar": 0.559401154518, "dvar2": 1.33752596378, "max": 15.3358516693, "mean": 3.66512060165, "median": 3.25946378708, "min": -0.0417440235615, "var": 5.13119649887}, "spectral_spread": {"dmean": 689136.5625, "dmean2": 1093771.5, "dvar": 1354394501120.0, "dvar2": 2252217778180.0, "max": 41366280, "mean": 3614574.25, "median": 2944489, "min": 280709.09375, "var": 7574781952000.0}, "spectral_strongpeak": {"dmean": 0.199585467577, "dmean2": 0.301097244024, "dvar": 0.122949235141, "dvar2": 0.312626242638, "max": 3.75569748878, "mean": 0.569065451622, "median": 0.398924648762, "min": 0, "var": 0.356411755085}, "zerocrossingrate": {"dmean": 0.00551739893854, "dmean2": 0.00665293168277, "dvar": 0.000249215547228, "dvar2": 0.000274262391031, "max": 0.5166015625, "mean": 0.0234108380973, "median": 0.009765625, "min": 0.00244140625, "var": 0.00134935206734}, "barkbands": {"dmean": [0.00013654223585, 0.022356569767, 0.00602639699355, 0.00126777670812, 0.000623636646196, 0.000437156850239, 0.000476000655908, 0.000424143683631, 0.00026380358031, 7.80835616752e-05, 2.94483998005e-05, 1.44607174661e-05, 7.47357034925e-06, 5.70338852413e-06, 9.60038414632e-06, 2.99924499814e-06, 4.99062844028e-06, 3.18830666401e-06, 3.57423459718e-06, 4.13473935623e-06, 6.45638147034e-06, 7.59468002798e-06, 4.81215056425e-06, 4.17401861341e-06, 3.51607536686e-06, 1.93342793864e-06, 7.85440477102e-07], "dmean2": [0.000231968733715, 0.0337672941387, 0.00828337017447, 0.00191502145026, 0.000934051931836, 0.000761384435464, 0.00053747947095, 0.000561648514122, 0.00029968956369, 0.000116560528113, 4.56650850538e-05, 2.20264373638e-05, 1.08487811303e-05, 8.59345436766e-06, 1.25933256641e-05, 4.90181037094e-06, 7.13148710929e-06, 5.05610887558e-06, 5.76801312491e-06, 6.9056150096e-06, 1.10139790195e-05, 1.34850970426e-05, 8.39385029394e-06, 7.74619820731e-06, 6.32173941995e-06, 3.47532977685e-06, 1.39433313961e-06], "dvar": [1.29773241042e-07, 0.00205462588929, 0.000175437569851, 1.18083871712e-05, 2.46950503424e-06, 1.83426982403e-06, 2.82986820821e-06, 1.98168640964e-06, 1.24666769352e-06, 1.39312533065e-07, 4.91248250967e-08, 4.44051062587e-09, 7.14773851218e-10, 4.48754533533e-10, 1.2123406723e-09, 8.77271658095e-11, 3.79462711253e-10, 1.35227037901e-10, 2.01430164215e-10, 6.70293043292e-10, 1.51514534252e-09, 4.68481653471e-09, 1.68432523484e-09, 2.36060060388e-09, 2.52572007753e-09, 1.26390653499e-09, 5.75276666581e-11], "dvar2": [3.38102410069e-07, 0.0046669752337, 0.000343464722391, 2.50644188782e-05, 5.64367928746e-06, 5.50561162527e-06, 3.56919736078e-06, 3.58216743734e-06, 1.78899563252e-06, 3.40736477256e-07, 1.15516783694e-07, 1.10551026111e-08, 1.42845046902e-09, 9.45806655217e-10, 1.81381321074e-09, 2.11865552879e-10, 8.22826029534e-10, 3.36735667128e-10, 5.17974829695e-10, 1.84884307863e-09, 4.24453228121e-09, 1.34479529734e-08, 4.71871697272e-09, 6.87584744696e-09, 7.14915726618e-09, 3.66023700238e-09, 1.65704130972e-10], "max": [0.0049871923402, 0.554804563522, 0.198262706399, 0.0621629059315, 0.0398651361465, 0.0200353525579, 0.0521723031998, 0.0348623543978, 0.0240470767021, 0.00823295023292, 0.0104140993208, 0.00162077089772, 0.000905019580387, 0.000448967883131, 0.001467469614, 0.000169874590938, 0.000480094488012, 0.000327188929077, 0.000356739270501, 0.000617542595137, 0.000847012910526, 0.00229159067385, 0.00132238771766, 0.00155464967247, 0.00179913034663, 0.00125649326947, 0.000266191927949], "mean": [0.000154784342158, 0.0416475012898, 0.0101722069085, 0.0028103068471, 0.00141501426697, 0.000763271120377, 0.00155679171439, 0.00136819586623, 0.000721695832908, 0.000116002142022, 5.67567331018e-05, 2.50051798503e-05, 1.70744751813e-05, 1.14716985991e-05, 2.16438384086e-05, 4.88049317937e-06, 8.94540971785e-06, 4.60134015157e-06, 5.23607923242e-06, 3.93508753405e-06, 5.59086447538e-06, 6.23070991423e-06, 3.83708220397e-06, 2.78851916846e-06, 2.46191029873e-06, 1.32860941449e-06, 5.32302465217e-07], "median": [1.02254498415e-05, 0.00798697117716, 0.0024150358513, 0.00044234941015, 0.000280618784018, 6.61722806399e-05, 9.15905256988e-05, 3.40115730069e-05, 1.81505511136e-05, 6.33943272987e-06, 2.66341135102e-06, 1.31778961077e-06, 1.56288547259e-06, 6.98639269103e-07, 6.11326868238e-07, 8.78878779531e-07, 4.64577396997e-07, 9.29037241804e-07, 1.15037755677e-06, 4.44772410901e-07, 4.04612535476e-07, 6.59064539832e-07, 2.90185312224e-07, 1.82272302141e-07, 2.11152070051e-07, 9.35437114435e-08, 1.425023477e-08], "min": [3.34934405367e-23, 2.29370443202e-23, 2.44180438951e-23, 3.18893076631e-23, 5.15439033344e-23, 5.47005618011e-23, 4.91536200817e-23, 5.6680728891e-23, 8.34224509348e-23, 7.06200588584e-23, 5.78819305468e-23, 7.94862369661e-23, 1.27394435005e-22, 1.25182140861e-22, 8.86553881486e-23, 7.57653504702e-23, 1.37546191331e-22, 2.1558283643e-22, 2.50948518419e-22, 4.06362573336e-22, 3.42800755919e-22, 4.62068522584e-22, 4.58406895319e-22, 9.35523097442e-22, 1.11595176758e-21, 1.882464155e-21, 2.49781685855e-21], "var": [1.30023551037e-07, 0.00454626465216, 0.000419206655351, 4.26366641477e-05, 7.07831577529e-06, 4.13041379943e-06, 1.83133179235e-05, 1.07152145574e-05, 5.81003041589e-06, 1.52383023533e-07, 1.09030835915e-07, 7.6557817863e-09, 3.15653991834e-09, 1.41877709581e-09, 6.0351501574e-09, 1.39098649266e-10, 8.27703017237e-10, 1.61634150508e-10, 2.15268872172e-10, 4.61024690646e-10, 1.01079167258e-09, 2.78384360008e-09, 1.05510933324e-09, 1.30306843094e-09, 1.49563517127e-09, 7.03565761206e-10, 3.28178248465e-11]}, "erbbands": {"dmean": [0.320239037275, 5.97541999817, 10.2555065155, 3.22810387611, 3.58143138885, 1.77575170994, 2.42844820023, 4.21774721146, 7.42131996155, 8.57718753815, 5.25814771652, 7.57224559784, 1.67020714283, 2.39252877235, 1.23332512379, 0.72060406208, 0.401207625866, 0.297022432089, 0.534276127815, 0.250795036554, 0.195989027619, 0.205827817321, 0.18509349227, 0.184843108058, 0.184287577868, 0.192848294973, 0.230347901583, 0.291065096855, 0.269807517529, 0.203361108899, 0.130740478635, 0.102663218975, 0.0606408119202, 0.0409132316709, 0.024005735293, 0.0088552236557, 0.00312379491515, 0.00079001794802, 0.000131597102154, 3.69195295207e-05], "dmean2": [0.482297003269, 9.06202888489, 14.1454534531, 4.88683700562, 5.12356472015, 2.75158548355, 3.86442422867, 7.42054700851, 8.29226779938, 10.8621225357, 7.2476773262, 8.47661399841, 2.40208292007, 3.53696084023, 1.90579259396, 1.09165263176, 0.577591538429, 0.418143451214, 0.697400391102, 0.378656923771, 0.294031083584, 0.298580110073, 0.29234033823, 0.290000170469, 0.305355459452, 0.32110735774, 0.383706241846, 0.512283682823, 0.476848065853, 0.359023660421, 0.22849906981, 0.190916642547, 0.111177802086, 0.0738004744053, 0.0432850569487, 0.0159037802368, 0.00563170528039, 0.00137330417056, 0.000232196602155, 5.52737074031e-05], "dvar": [0.411953300238, 148.442169189, 452.881988525, 53.3992042542, 78.3555221558, 23.8651924133, 44.2691078186, 178.672805786, 723.83215332, 635.96875, 275.479125977, 1025.44885254, 57.781452179, 148.397537231, 56.5414466858, 10.9664039612, 1.83090960979, 1.08380174637, 3.913585186, 0.718211531639, 0.402123481035, 0.603901863098, 0.349519819021, 0.646268367767, 0.636860132217, 1.50505721569, 2.03928780556, 3.93550825119, 6.25954246521, 2.8774998188, 1.19750785828, 1.34220063686, 0.489164590836, 0.216944053769, 0.179928049445, 0.0279068816453, 0.00301059405319, 8.50505748531e-05, 2.14156511902e-06, 1.06889146423e-08], "dvar2": [0.896932303905, 336.786773682, 851.101379395, 123.91091156, 155.086303711, 58.71824646, 107.48690033, 567.478027344, 916.528320312, 1102.26306152, 562.53717041, 1478.15539551, 149.287643433, 359.587005615, 132.564788818, 27.0713729858, 3.75866508484, 2.09373044968, 5.66657590866, 1.58214652538, 0.868134915829, 1.3856703043, 0.83810710907, 1.59956169128, 1.733974576, 4.15817737579, 5.51710414886, 11.3468675613, 17.9703712463, 8.14657878876, 3.32147336006, 3.91983795166, 1.41292572021, 0.60493260622, 0.51551502943, 0.0798548012972, 0.00878448970616, 0.000243908376433, 6.19980619376e-06, 2.81650187617e-08], "max": [9.01417064667, 152.143951416, 270.75213623, 96.0815429688, 175.203643799, 115.787261963, 105.068840027, 183.411575317, 814.324523926, 571.791809082, 284.094146729, 700.706542969, 182.900970459, 290.564453125, 332.950286865, 84.9936065674, 43.5700111389, 22.6639194489, 86.9098815918, 14.4421415329, 14.0408163071, 15.8767814636, 12.2535095215, 23.7847614288, 20.4882068634, 33.0035362244, 34.2762489319, 47.2138404846, 85.9234313965, 51.3077774048, 36.1237449646, 36.3921279907, 22.7384529114, 15.7382850647, 15.5002603531, 5.9343752861, 1.93419110775, 0.318821758032, 0.0522345639765, 0.00321556441486], "mean": [0.615340769291, 10.9834003448, 18.2361316681, 7.19487333298, 8.7464427948, 3.55896830559, 4.63411092758, 7.23409700394, 23.8549537659, 29.9140396118, 15.4882555008, 20.7144298553, 3.09074378014, 3.67500257492, 2.26358938217, 1.26404440403, 0.940472483635, 0.665879666805, 1.22165024281, 0.537330150604, 0.374367237091, 0.361279666424, 0.270198106766, 0.295056730509, 0.22716589272, 0.191638812423, 0.209299057722, 0.239548310637, 0.228230819106, 0.163118377328, 0.103278174996, 0.0686383545399, 0.0418312437832, 0.0291264504194, 0.0165863260627, 0.00606659986079, 0.00218771630898, 0.000575093668886, 0.000110589717224, 7.22475379007e-05], "median": [0.104633554816, 2.11750793457, 4.74071598053, 2.21951007843, 1.50766336918, 0.687406659126, 0.467019230127, 0.725928485394, 1.40892696381, 1.56459617615, 0.804925441742, 0.642489552498, 0.232955127954, 0.231838434935, 0.136618852615, 0.0858782753348, 0.0853118821979, 0.0529286935925, 0.0464068353176, 0.0290549974889, 0.0529476776719, 0.0285885073245, 0.0483794137836, 0.0556228794158, 0.049369379878, 0.0256317742169, 0.0183768980205, 0.0175965055823, 0.0286339968443, 0.0106988986954, 0.00786549597979, 0.00449118763208, 0.00307559687644, 0.0024136826396, 0.0014044069685, 0.000423230463639, 0.000198007444851, 3.44514119206e-05, 2.41333036683e-05, 2.61369350483e-05], "min": [1.23907788449e-21, 3.50764040438e-21, 1.730790775e-20, 8.60783920209e-20, 4.80636396851e-20, 1.87936430374e-19, 4.9029300672e-19, 4.79254384843e-19, 8.52405640429e-19, 3.29807663573e-19, 1.78609015125e-18, 1.70273133521e-18, 3.2688647524e-18, 7.55213779611e-19, 3.37981221321e-18, 3.26574690187e-18, 6.94640635823e-18, 5.90303547514e-18, 5.16280560704e-18, 4.82249564482e-18, 4.33487805039e-18, 7.56701184769e-18, 9.82243228438e-18, 1.3942648694e-17, 1.23847565807e-17, 1.77633396951e-17, 1.5314454948e-17, 1.56647146522e-17, 1.16623508004e-17, 1.74061349825e-17, 1.3285026045e-17, 1.63156975225e-17, 1.45893004466e-17, 1.25664013073e-17, 7.95968937372e-18, 6.41922140638e-18, 3.73078060442e-18, 1.279691938e-18, 3.63786666323e-19, 3.90728585109e-20], "var": [1.3410435915, 316.94317627, 1097.76208496, 144.98475647, 343.817504883, 56.1282463074, 113.728530884, 327.027557373, 4462.7734375, 4055.05737305, 1067.94384766, 4657.09960938, 70.8542327881, 162.007644653, 120.708984375, 19.330871582, 7.08438014984, 4.16810512543, 19.8370399475, 2.25431847572, 0.913582801819, 1.16530072689, 0.486945480108, 0.753535032272, 0.54874587059, 1.03005349636, 1.45916473866, 2.40021920204, 3.71270680428, 1.77055513859, 0.76696407795, 0.735825181007, 0.276738882065, 0.133379951119, 0.103170730174, 0.0160335414112, 0.001643383177, 4.90402817377e-05, 1.20896186218e-06, 1.37388509458e-08]}, "gfcc": {"mean": [-210.819076538, 148.02482605, -44.5304946899, 27.5324001312, -39.0291099548, 3.36338543892, -12.5625667572, 10.6659803391, -4.9597697258, 0.209636539221, -8.02534389496, -7.73787546158, -15.1530532837], "cov": [[27338.5996094, 3368.59106445, -1420.34399414, 1573.89782715, -816.556640625, -167.033065796, -427.538360596, -56.5831489563, 297.94631958, 317.712432861, 99.1262512207, -24.486032486, 265.518737793], [3368.59106445, 4110.8203125, 304.101318359, -954.03314209, 400.03314209, -169.767623901, 514.688354492, 120.129295349, 412.417999268, -254.957885742, 193.759063721, -310.078765869, 109.742378235], [-1420.34399414, 304.101318359, 1382.92272949, 154.948196411, 259.761260986, 179.171844482, 320.435668945, 37.483417511, 95.7771377563, -27.0840549469, 15.8702659607, -59.421913147, 17.2192707062], [1573.89782715, -954.03314209, 154.948196411, 1067.17260742, -59.841506958, 152.786865234, -102.717849731, -76.6885147095, -130.888198853, 69.2033615112, -46.3531265259, 85.9298706055, 50.4415969849], [-816.556640625, 400.03314209, 259.761260986, -59.841506958, 447.949462891, 42.2358016968, 183.136459351, 11.2700300217, 37.7457580566, -105.561347961, 45.0489654541, -35.2561645508, 41.6576042175], [-167.033065796, -169.767623901, 179.171844482, 152.786865234, 42.2358016968, 173.460494995, 64.5220031738, -12.462184906, -44.5227394104, -7.89894723892, -39.8549537659, 9.6485414505, 20.5519523621], [-427.538360596, 514.688354492, 320.435668945, -102.717849731, 183.136459351, 64.5220031738, 288.804077148, 65.4309692383, 81.8860244751, -80.7049255371, 28.2509231567, -65.043510437, 22.9813613892], [-56.5831489563, 120.129295349, 37.483417511, -76.6885147095, 11.2700300217, -12.462184906, 65.4309692383, 123.744293213, 57.2404327393, 15.5929603577, 8.01845645905, -15.7448949814, -36.8116416931], [297.94631958, 412.417999268, 95.7771377563, -130.888198853, 37.7457580566, -44.5227394104, 81.8860244751, 57.2404327393, 175.346801758, 25.2492771149, 62.7648544312, -53.3111228943, 2.05678963661], [317.712432861, -254.957885742, -27.0840549469, 69.2033615112, -105.561347961, -7.89894723892, -80.7049255371, 15.5929603577, 25.2492771149, 126.725387573, 24.4983386993, 36.3034057617, -25.8747005463], [99.1262512207, 193.759063721, 15.8702659607, -46.3531265259, 45.0489654541, -39.8549537659, 28.2509231567, 8.01845645905, 62.7648544312, 24.4983386993, 93.3581161499, 8.15801429749, 11.5392580032], [-24.486032486, -310.078765869, -59.421913147, 85.9298706055, -35.2561645508, 9.6485414505, -65.043510437, -15.7448949814, -53.3111228943, 36.3034057617, 8.15801429749, 82.4106903076, 9.85739135742], [265.518737793, 109.742378235, 17.2192707062, 50.4415969849, 41.6576042175, 20.5519523621, 22.9813613892, -36.8116416931, 2.05678963661, -25.8747005463, 11.5392580032, 9.85739135742, 72.0719299316]], "icov": [[9.66103907558e-05, -0.000215848122025, 0.000134951042128, -0.000303532375256, 0.000116645031085, -1.04814862425e-05, 6.9265915954e-05, 3.15235920425e-05, -0.000175847453647, -0.000301324587781, 0.000312066578772, -0.000265634036623, -3.427093543e-05], [-0.000215848122025, 0.00108272884972, -0.000339562102454, 0.000984379439615, -0.000191348008229, 0.000208722951356, -0.000318079633871, -0.000444196019089, 0.000247384159593, 0.0012264715042, -0.00169757509138, 0.00221973890439, -0.00113418267574], [0.000134951042128, -0.000339562102454, 0.0013899957994, -0.000673392787576, -0.000220385656576, -0.00053463812219, -0.00131854845677, 0.000855416874401, -0.000863742141519, -0.00118593859952, 0.00104430213105, -0.000679974851664, 0.000820951885544], [-0.000303532375256, 0.000984379439615, -0.000673392787576, 0.00246790889651, -0.000331278220983, -0.000731460982934, 0.00027530209627, -0.000417978822952, 0.00133363110945, 0.000327281159116, -0.00149496179074, 0.00171365344431, -0.00176380365156], [0.000116645031085, -0.000191348008229, -0.000220385656576, -0.000331278220983, 0.00397363491356, -0.00073455349775, -0.000580626365263, -0.000324411608744, -0.000184440534213, 0.00290662446059, -0.00243632216007, -0.000339428632287, -0.000436437432654], [-1.04814862425e-05, 0.000208722951356, -0.00053463812219, -0.000731460982934, -0.00073455349775, 0.0114135453478, -0.00496733142063, 0.00148299720604, 0.00252861180343, -0.00443744659424, 0.00576472003013, -0.000796536216512, -0.0026075495407], [6.9265915954e-05, -0.000318079633871, -0.00131854845677, 0.00027530209627, -0.000580626365263, -0.00496733142063, 0.0120293674991, -0.00596588896587, -0.00135938683525, 0.00608785590157, -0.00472534168512, 0.00345180835575, -0.00227047968656], [3.15235920425e-05, -0.000444196019089, 0.000855416874401, -0.000417978822952, -0.000324411608744, 0.00148299720604, -0.00596588896587, 0.0158910807222, -0.00553027633578, -0.00254269619472, 0.00554099818692, -0.00676226103678, 0.0097146006301], [-0.000175847453647, 0.000247384159593, -0.000863742141519, 0.00133363110945, -0.000184440534213, 0.00252861180343, -0.00135938683525, -0.00553027633578, 0.0177500527352, -0.0072692586109, -0.00772046390921, 0.0126556567848, -0.00707264430821], [-0.000301324587781, 0.0012264715042, -0.00118593859952, 0.000327281159116, 0.00290662446059, -0.00443744659424, 0.00608785590157, -0.00254269619472, -0.0072692586109, 0.0227803196758, -0.00816283840686, -0.00524249952286, 0.00605210289359], [0.000312066578772, -0.00169757509138, 0.00104430213105, -0.00149496179074, -0.00243632216007, 0.00576472003013, -0.00472534168512, 0.00554099818692, -0.00772046390921, -0.00816283840686, 0.0258493069559, -0.0124705610797, 0.00118991441559], [-0.000265634036623, 0.00221973890439, -0.000679974851664, 0.00171365344431, -0.000339428632287, -0.000796536216512, 0.00345180835575, -0.00676226103678, 0.0126556567848, -0.00524249952286, -0.0124705610797, 0.0327116176486, -0.0122901480645], [-3.427093543e-05, -0.00113418267574, 0.000820951885544, -0.00176380365156, -0.000436437432654, -0.0026075495407, -0.00227047968656, 0.0097146006301, -0.00707264430821, 0.00605210289359, 0.00118991441559, -0.0122901480645, 0.0273132957518]]}, "melbands": {"dmean": [0.00471264868975, 0.00655440334231, 0.000617861223873, 0.000168288475834, 8.64289831952e-05, 8.94360491657e-05, 0.000108143685793, 9.91541674011e-05, 4.40491312474e-05, 4.15308386437e-05, 7.12442579243e-06, 1.03872498585e-05, 4.34560251961e-06, 1.83987458513e-06, 1.39477299399e-06, 6.56495444673e-07, 5.87846670896e-07, 8.09245932487e-07, 5.02134639646e-07, 2.65425768475e-07, 2.5740575893e-07, 2.32238463127e-07, 2.31075233614e-07, 1.5491052352e-07, 1.58637249115e-07, 1.20341809406e-07, 1.34812324859e-07, 1.30774580498e-07, 1.45749993408e-07, 1.48308586745e-07, 1.7876661218e-07, 1.64329122754e-07, 1.29491084522e-07, 1.04961841885e-07, 7.1008301461e-08, 7.47437312043e-08, 5.8050840579e-08, 4.49026273941e-08, 3.43784734014e-08, 3.52555638017e-08], "dmean2": [0.00714138010517, 0.00941687542945, 0.00091422587866, 0.000244350696448, 0.000135036039865, 0.000156397320097, 0.000119881457067, 0.000127758161398, 5.91752286709e-05, 4.67785175715e-05, 1.09389256977e-05, 1.53154869622e-05, 6.74027387504e-06, 2.82959649667e-06, 2.10718894778e-06, 8.94655727279e-07, 8.54356073887e-07, 1.07900893909e-06, 6.73623276271e-07, 4.29060122542e-07, 3.75487445581e-07, 3.24388480522e-07, 3.7252843299e-07, 2.4859093628e-07, 2.48255332735e-07, 1.99713596771e-07, 2.26911794243e-07, 2.20009383156e-07, 2.45495158424e-07, 2.51600681622e-07, 3.18300010349e-07, 2.91586161438e-07, 2.30937544643e-07, 1.8535898505e-07, 1.21703990885e-07, 1.37765425734e-07, 1.08542558053e-07, 8.30986763845e-08, 6.15297963691e-08, 6.40740793756e-08], "dvar": [8.97052377695e-05, 0.000175928944373, 1.87748901226e-06, 1.5987700408e-07, 5.3420109225e-08, 7.83145566174e-08, 1.57961849823e-07, 9.73257598957e-08, 1.99541734247e-08, 3.06171195064e-08, 1.3670852228e-09, 2.89155632771e-09, 1.12977005529e-09, 6.18067819147e-11, 2.54294675595e-11, 5.78256886818e-12, 5.05483068597e-12, 8.38402524489e-12, 2.91967340062e-12, 7.73626117594e-13, 7.95448667872e-13, 8.90617657748e-13, 6.48028831117e-13, 3.53462566291e-13, 4.73027812666e-13, 2.66742628419e-13, 4.94198540597e-13, 7.01871612045e-13, 9.6035755303e-13, 7.96239539146e-13, 1.58126170578e-12, 3.36215170288e-12, 7.47710107805e-13, 9.25092901588e-13, 3.37584262844e-13, 4.57978327571e-13, 4.94308370277e-13, 2.86616975813e-13, 1.21441729286e-13, 1.71874965432e-13], "dvar2": [0.000206272539799, 0.000355491996743, 4.01929128202e-06, 3.4839916907e-07, 1.23079701098e-07, 2.43016074819e-07, 1.96430747224e-07, 1.70645307662e-07, 3.80561502311e-08, 4.4300499269e-08, 3.62456975544e-09, 6.99864122211e-09, 2.64266009076e-09, 1.50760917639e-10, 6.17089504495e-11, 8.78552959549e-12, 9.97861255431e-12, 1.24582020047e-11, 4.8653125799e-12, 1.81119756779e-12, 1.62309738132e-12, 1.88150666922e-12, 1.61006375333e-12, 9.0395361552e-13, 1.1593875816e-12, 7.15981907009e-13, 1.38858260827e-12, 1.92170866893e-12, 2.60141756227e-12, 2.21789275313e-12, 4.59428241978e-12, 9.73082898981e-12, 2.11719053747e-12, 2.63275577554e-12, 9.16111262371e-13, 1.32782391853e-12, 1.44112272029e-12, 8.32399036851e-13, 3.35263582304e-13, 4.82990275379e-13], "max": [0.106944106519, 0.158436253667, 0.0217190422118, 0.00882439315319, 0.00413696793839, 0.00385349919088, 0.0122809512541, 0.00750999618322, 0.00234258919954, 0.00384647934698, 0.000905625347514, 0.00130509142764, 0.00157939491328, 0.000222347196541, 9.17870929698e-05, 9.33307455853e-05, 4.98230874655e-05, 0.000123937090393, 6.40528232907e-05, 1.72830441443e-05, 2.50805442192e-05, 2.54496135312e-05, 1.24811213027e-05, 1.64386128745e-05, 1.9584891561e-05, 1.35500085889e-05, 1.86059387488e-05, 2.11769256566e-05, 2.53331145359e-05, 2.04370917345e-05, 2.98496725009e-05, 6.4697531343e-05, 2.30777750403e-05, 2.97263177345e-05, 1.96357868845e-05, 2.07594239328e-05, 2.1904699679e-05, 1.73641747097e-05, 1.07315654532e-05, 1.42967937791e-05], "mean": [0.00885734055191, 0.0121654951945, 0.00149094464723, 0.000405038066674, 0.000169450489921, 0.000154083201778, 0.000352117262082, 0.000341827981174, 0.000125802689581, 0.000111654378998, 1.11448762254e-05, 1.56824189617e-05, 8.48683339427e-06, 2.92332060781e-06, 2.72491956821e-06, 1.64258051427e-06, 1.19951971556e-06, 1.84302700745e-06, 1.11510064471e-06, 5.01894987792e-07, 4.80742016862e-07, 4.2456346705e-07, 3.16598857353e-07, 2.10960124036e-07, 2.51417304753e-07, 1.48273230138e-07, 1.4361603462e-07, 1.25791970618e-07, 1.29901678747e-07, 1.31124750169e-07, 1.40672270277e-07, 1.37294819069e-07, 1.06052304716e-07, 8.27810779924e-08, 5.8095906752e-08, 5.25469481261e-08, 3.76772710808e-08, 3.0439228027e-08, 2.48161899918e-08, 2.46508484736e-08], "median": [0.00168260745704, 0.00297707784921, 0.000411094923038, 7.94127990957e-05, 1.93829000636e-05, 1.5066189917e-05, 1.96165310626e-05, 1.67535981745e-05, 5.05839989273e-06, 2.8762688089e-06, 7.63749540056e-07, 8.15305384094e-07, 3.8970884475e-07, 2.00854529453e-07, 2.20467313738e-07, 1.2345932987e-07, 7.30831999363e-08, 7.87507019595e-08, 3.63898138289e-08, 4.95218728247e-08, 5.75290357574e-08, 2.05016768007e-08, 4.55504292063e-08, 4.08147826647e-08, 4.7004071746e-08, 3.29275522404e-08, 2.54056438109e-08, 1.56610298063e-08, 1.13950484604e-08, 1.05503517034e-08, 8.71746586029e-09, 1.72166281232e-08, 1.02137640567e-08, 4.52248638538e-09, 4.56455540032e-09, 3.76368269883e-09, 2.262494192e-09, 2.23205942618e-09, 1.76925163409e-09, 2.11134620898e-09], "min": [1.0249729695e-23, 7.75510538805e-24, 1.38120504158e-23, 5.94841669987e-24, 1.71993497231e-23, 1.13320642119e-23, 1.14758601443e-23, 4.31688353164e-24, 1.4713256158e-23, 1.16653555777e-23, 1.62445408824e-23, 2.29001350962e-24, 9.48450464019e-24, 7.84758434083e-24, 1.47729855503e-23, 1.09009162284e-23, 1.18761305341e-23, 8.53258697472e-24, 6.62274446799e-24, 6.62183096706e-24, 4.89788668808e-24, 8.62381794955e-24, 6.04384835902e-24, 1.17050447476e-23, 1.11198819276e-23, 1.00827704398e-23, 1.02206262496e-23, 1.24722466878e-23, 1.10096922586e-23, 7.22896908529e-24, 1.02858831903e-23, 6.43985022255e-24, 8.97647190634e-24, 9.2202007382e-24, 7.80777289753e-24, 7.42817855196e-24, 1.16295341929e-23, 9.50377493438e-24, 1.19051148615e-23, 1.06635448266e-23], "var": [0.000221280541155, 0.000397887255531, 6.6878906182e-06, 5.77404705382e-07, 1.44656169709e-07, 1.55199302299e-07, 1.00785041468e-06, 5.92718890857e-07, 7.95892063365e-08, 1.37411461765e-07, 1.36784339411e-09, 3.0920010996e-09, 2.49170795108e-09, 1.07119105253e-10, 5.02368702193e-11, 4.06710151668e-11, 1.7902566582e-11, 4.16100903733e-11, 1.34648394864e-11, 1.88282896219e-12, 1.91205948644e-12, 2.06141614195e-12, 9.24572809806e-13, 3.64483915055e-13, 5.73140276558e-13, 2.32143514481e-13, 3.48842347153e-13, 4.8614519528e-13, 6.74567823475e-13, 5.40726751569e-13, 9.38692157858e-13, 1.92857166868e-12, 4.80212278362e-13, 5.55675460073e-13, 2.27885744129e-13, 2.58816134757e-13, 2.71625847899e-13, 1.59529033321e-13, 7.68768593706e-14, 1.03543137064e-13]}, "mfcc": {"mean": [-855.911193848, 170.430633545, 52.0621452332, 41.6257362366, 8.68944835663, 6.72633075714, 4.28528165817, 10.7600059509, 7.6243019104, 8.98210048676, 13.69049263, 5.69471645355, 4.92871141434], "cov": [[12225.3349609, 4010.38891602, -187.849685669, 395.142242432, -14.9005422592, 297.179321289, -217.216751099, -44.7054481506, 6.10741710663, 54.8848457336, -21.7055587769, -113.743537903, 25.1105632782], [4010.38891602, 3712.44921875, 318.849914551, 71.9138870239, 145.963150024, -54.9312057495, 16.0374469757, 161.335083008, 172.778015137, 180.446914673, 198.48979187, 18.0802154541, 44.4791412354], [-187.849685669, 318.849914551, 802.200744629, 303.390808105, 74.0849685669, 119.283889771, 168.590423584, 139.997055054, 133.736022949, 105.297317505, 85.82006073, 59.4014930725, 20.2884902954], [395.142242432, 71.9138870239, 303.390808105, 456.803253174, 158.593170166, 156.442642212, 113.233703613, 71.6042861938, 31.6263446808, 22.2970333099, 24.1142597198, 4.36818504333, 21.2200984955], [-14.9005422592, 145.963150024, 74.0849685669, 158.593170166, 211.981964111, 96.6416168213, 80.5618133545, 50.3741989136, 21.664390564, -2.27363467216, -7.49801683426, -19.6244087219, 2.87892794609], [297.179321289, -54.9312057495, 119.283889771, 156.442642212, 96.6416168213, 195.349197388, 101.803749084, 46.6074905396, 23.3825206757, -6.50470542908, -43.9578208923, -22.7165794373, -12.1171979904], [-217.216751099, 16.0374469757, 168.590423584, 113.233703613, 80.5618133545, 101.803749084, 169.772323608, 109.272521973, 53.1080474854, 7.93566799164, -6.15449571609, -0.236342951655, -9.12170314789], [-44.7054481506, 161.335083008, 139.997055054, 71.6042861938, 50.3741989136, 46.6074905396, 109.272521973, 133.206604004, 75.3560409546, 26.9494590759, 8.25712680817, 11.8957586288, -9.76017951965], [6.10741710663, 172.778015137, 133.736022949, 31.6263446808, 21.664390564, 23.3825206757, 53.1080474854, 75.3560409546, 103.663291931, 61.1612167358, 23.9979705811, 11.6525440216, -8.29270839691], [54.8848457336, 180.446914673, 105.297317505, 22.2970333099, -2.27363467216, -6.50470542908, 7.93566799164, 26.9494590759, 61.1612167358, 94.8996124268, 64.2635040283, 33.5475387573, 5.11437892914], [-21.7055587769, 198.48979187, 85.82006073, 24.1142597198, -7.49801683426, -43.9578208923, -6.15449571609, 8.25712680817, 23.9979705811, 64.2635040283, 118.687614441, 66.1484527588, 29.3948478699], [-113.743537903, 18.0802154541, 59.4014930725, 4.36818504333, -19.6244087219, -22.7165794373, -0.236342951655, 11.8957586288, 11.6525440216, 33.5475387573, 66.1484527588, 86.0130691528, 37.368473053], [25.1105632782, 44.4791412354, 20.2884902954, 21.2200984955, 2.87892794609, -12.1171979904, -9.12170314789, -9.76017951965, -8.29270839691, 5.11437892914, 29.3948478699, 37.368473053, 68.5887069702]], "icov": [[0.000235541447182, -0.000323408254189, 0.000257839739788, -0.000410384382121, 0.000626038759947, -0.000827364274301, 0.000560066837352, -1.84326909221e-05, 2.39020719164e-05, 4.20157957706e-05, 0.000251532997936, -6.21790313744e-05, -5.56200802748e-07], [-0.000323408254189, 0.000819635053631, -0.000461682269815, 0.000745817029383, -0.00116700655781, 0.00106756563764, -0.000132030472741, -0.000815565930679, -4.18651434302e-05, -0.000247942778515, -0.00119287869893, 0.00101686548442, -0.000432684639236], [0.000257839739788, -0.000461682269815, 0.00275138858706, -0.00185195507947, 0.00157616659999, -0.000993070541881, -0.00105841748882, 0.000576781225391, -0.00181990303099, -0.000491884246003, -2.23078022827e-05, -0.000886016874574, -2.72568722721e-05], [-0.000410384382121, 0.000745817029383, -0.00185195507947, 0.00547370966524, -0.00317686866038, -0.00122614263091, 0.000189301703358, -0.00180654437281, 0.00206999923103, -0.000241170608206, -0.00264922855422, 0.00199654954486, -0.00147836992983], [0.000626038759947, -0.00116700655781, 0.00157616659999, -0.00317686866038, 0.00974561180919, -0.00407842500135, -0.000459781789687, -0.00026636061375, -0.00069874181645, 0.00116494845133, -0.000614266959019, 0.00194004445802, -0.0011494559003], [-0.000827364274301, 0.00106756563764, -0.000993070541881, -0.00122614263091, -0.00407842500135, 0.0148363504559, -0.0084337554872, 0.00442000944167, -0.00104348850437, -0.00245211506262, 0.00603575725108, -0.00233748648316, 0.00132675096393], [0.000560066837352, -0.000132030472741, -0.00105841748882, 0.000189301703358, -0.000459781789687, -0.0084337554872, 0.0215835645795, -0.0150714740157, 0.00208881031722, 0.00289029022679, -0.00325137097389, 0.00266577606089, -0.000631708942819], [-1.84326909221e-05, -0.000815565930679, 0.000576781225391, -0.00180654437281, -0.00026636061375, 0.00442000944167, -0.0150714740157, 0.0277955383062, -0.0143313575536, 0.00379205867648, 0.00423269346356, -0.00741585530341, 0.00387772964314], [2.39020719164e-05, -4.18651434302e-05, -0.00181990303099, 0.00206999923103, -0.00069874181645, -0.00104348850437, 0.00208881031722, -0.0143313575536, 0.0303478632122, -0.0174418240786, 0.00336467335001, 0.00286272726953, -3.21618099406e-05], [4.20157957706e-05, -0.000247942778515, -0.000491884246003, -0.000241170608206, 0.00116494845133, -0.00245211506262, 0.00289029022679, 0.00379205867648, -0.0174418240786, 0.030533188954, -0.0132604083046, -0.000918539531995, 0.002605287591], [0.000251532997936, -0.00119287869893, -2.23078022827e-05, -0.00264922855422, -0.000614266959019, 0.00603575725108, -0.00325137097389, 0.00423269346356, 0.00336467335001, -0.0132604083046, 0.0275372397155, -0.0151328248903, 0.000608392234426], [-6.21790313744e-05, 0.00101686548442, -0.000886016874574, 0.00199654954486, 0.00194004445802, -0.00233748648316, 0.00266577606089, -0.00741585530341, 0.00286272726953, -0.000918539531995, -0.0151328248903, 0.0291625466198, -0.0111757013947], [-5.56200802748e-07, -0.000432684639236, -2.72568722721e-05, -0.00147836992983, -0.0011494559003, 0.00132675096393, -0.000631708942819, 0.00387772964314, -3.21618099406e-05, 0.002605287591, 0.000608392234426, -0.0111757013947, 0.0217061750591]]}, "spectral_contrast_coeffs": {"dmean": [0.0399088673294, 0.0339451543987, 0.0280799530447, 0.0217541866004, 0.0165518932045, 0.0153589351103], "dmean2": [0.0643144696951, 0.0544294379652, 0.0437408126891, 0.034770976752, 0.0270621068776, 0.0253957975656], "dvar": [0.00122424052097, 0.00109996285755, 0.000733633409254, 0.000380288605811, 0.000259347318206, 0.000274470512522], "dvar2": [0.00303341541439, 0.00250810012221, 0.00145792320836, 0.000863185909111, 0.000565929571167, 0.000646629137918], "max": [-0.384901732206, -0.333037793636, -0.405462384224, -0.572057127953, -0.618211746216, -0.693634748459], "mean": [-0.648789048195, -0.714003205299, -0.767760157585, -0.819186985493, -0.843442976475, -0.820201635361], "median": [-0.644306242466, -0.720405101776, -0.779601871967, -0.827745079994, -0.848429977894, -0.816288292408], "min": [-0.963148891926, -0.957150518894, -0.970809280872, -0.964279472828, -0.955154895782, -0.964074850082], "var": [0.00884723104537, 0.0119428234175, 0.00880391988903, 0.00306593673304, 0.00180968269706, 0.00187565293163]}, "spectral_contrast_valleys": {"dmean": [0.410917073488, 0.35276144743, 0.360481441021, 0.337501943111, 0.318688720465, 0.403816342354], "dmean2": [0.637684524059, 0.543645203114, 0.548719227314, 0.498733699322, 0.459762305021, 0.580497920513], "dvar": [0.293284326792, 0.264149159193, 0.265880316496, 0.260169237852, 0.230079323053, 0.