{"lowlevel": {"average_loudness": 0.595309734344, "barkbands_crest": {"dmean": 2.62234354019, "dmean2": 4.31622266769, "dvar": 5.91829490662, "dvar2": 15.4839830399, "max": 26.5693664551, "mean": 11.5449123383, "median": 10.8099870682, "min": 1.87712299824, "var": 21.4022426605}, "barkbands_flatness_db": {"dmean": 0.0245240442455, "dmean2": 0.0366941131651, "dvar": 0.00061901670415, "dvar2": 0.00146119843703, "max": 0.561502635479, "mean": 0.192918121815, "median": 0.207195445895, "min": 0.0165207050741, "var": 0.00561366230249}, "barkbands_kurtosis": {"dmean": 9.01986598969, "dmean2": 15.3034658432, "dvar": 3292.48120117, "dvar2": 9815.99804688, "max": 2643.71020508, "mean": 13.6241531372, "median": 5.50051164627, "min": -1.70332694054, "var": 5121.06738281}, "barkbands_skewness": {"dmean": 0.730704784393, "dmean2": 1.1592104435, "dvar": 1.49378311634, "dvar2": 4.14902210236, "max": 43.4369392395, "mean": 1.92403018475, "median": 1.58772110939, "min": -2.05477619171, "var": 5.5400352478}, "barkbands_spread": {"dmean": 3.91910743713, "dmean2": 6.20745372772, "dvar": 50.6159248352, "dvar2": 118.272262573, "max": 101.682647705, "mean": 12.0956802368, "median": 5.54950857162, "min": 0.119208626449, "var": 251.226043701}, "dissonance": {"dmean": 0.0308858770877, "dmean2": 0.0516384281218, "dvar": 0.000940878293477, "dvar2": 0.00261491537094, "max": 0.500000119209, "mean": 0.430901557207, "median": 0.441447496414, "min": 0.18700902164, "var": 0.00302630779333}, "dynamic_complexity": 8.54835605621, "erbbands_crest": {"dmean": 2.33624792099, "dmean2": 3.78829550743, "dvar": 5.07897377014, "dvar2": 12.4105176926, "max": 31.7634296417, "mean": 11.3575983047, "median": 10.3906040192, "min": 1.97227048874, "var": 36.1529388428}, "erbbands_flatness_db": {"dmean": 0.0194190535694, "dmean2": 0.0278640091419, "dvar": 0.000348411063896, "dvar2": 0.000657388300169, "max": 0.396918952465, "mean": 0.214305818081, "median": 0.232847541571, "min": 0.0260094832629, "var": 0.00615893257782}, "erbbands_kurtosis": {"dmean": 1.99631428719, "dmean2": 3.22885322571, "dvar": 6.2635884285, "dvar2": 15.3937931061, "max": 46.5291099548, "mean": 3.71840858459, "median": 2.37856054306, "min": -1.65454041958, "var": 21.7128257751}, "erbbands_skewness": {"dmean": 0.400041162968, "dmean2": 0.650831818581, "dvar": 0.139508903027, "dvar2": 0.343673974276, "max": 5.18635797501, "mean": 1.08890557289, "median": 1.09388852119, "min": -1.54764723778, "var": 0.780124366283}, "erbbands_spread": {"dmean": 5.39126682281, "dmean2": 8.2666759491, "dvar": 55.1347923279, "dvar2": 122.380897522, "max": 172.665817261, "mean": 21.6835460663, "median": 14.518907547, "min": 1.64806520939, "var": 391.477539062}, "hfc": {"dmean": 2.27474164963, "dmean2": 3.56403470039, "dvar": 10.4577903748, "dvar2": 26.7203960419, "max": 52.7677345276, "mean": 10.1214981079, "median": 7.94237041473, "min": 1.21793305769e-16, "var": 85.6244354248}, "melbands_crest": {"dmean": 3.34066724777, "dmean2": 5.4919424057, "dvar": 11.084031105, "dvar2": 27.5128498077, "max": 39.9329109192, "mean": 14.9701786041, "median": 13.2026672363, "min": 2.43963384628, "var": 48.2533874512}, "melbands_flatness_db": {"dmean": 0.0281432811171, "dmean2": 0.0415457002819, "dvar": 0.000772089057136, "dvar2": 0.00170242297463, "max": 0.618815422058, "mean": 0.264564007521, "median": 0.283447951078, "min": 0.0120159117505, "var": 0.0075078997761}, "melbands_kurtosis": {"dmean": 23.1049594879, "dmean2": 37.5052986145, "dvar": 47056.2734375, "dvar2": 126503.554688, "max": 10996.2158203, "mean": 35.1021156311, "median": 6.21488904953, "min": -1.34600782394, "var": 89926.5390625}, "melbands_skewness": {"dmean": 0.825383126736, "dmean2": 1.29828476906, "dvar": 4.14328289032, "dvar2": 10.7942657471, "max": 84.7068328857, "mean": 2.37420678139, "median": 1.64776110649, "min": -1.33037912846, "var": 19.8785514832}, "melbands_spread": {"dmean": 4.28991889954, "dmean2": 6.76430511475, "dvar": 71.5970153809, "dvar2": 157.044250488, "max": 164.430358887, "mean": 13.6980981827, "median": 7.35500717163, "min": 0.0405818894506, "var": 306.319244385}, "pitch_salience": {"dmean": 0.0735851600766, "dmean2": 0.121231406927, "dvar": 0.00488931545988, "dvar2": 0.0125572439283, "max": 0.958672761917, "mean": 0.572012245655, "median": 0.60144418478, "min": 0.00613715685904, "var": 0.0234231632203}, "silence_rate_20dB": {"dmean": 0, "dmean2": 0, "dvar": 0, "dvar2": 0, "max": 1, "mean": 1, "median": 1, "min": 1, "var": 0}, "silence_rate_30dB": {"dmean": 0.000278745632386, "dmean2": 0.000557568971999, "dvar": 0.000278682186035, "dvar2": 0.000836099614389, "max": 1, "mean": 0.999860644341, "median": 1, "min": 0, "var": 0.000139327312354}, "silence_rate_60dB": {"dmean": 0.00836236961186, "dmean2": 0.0167270693928, "dvar": 0.00829165708274, "dvar2": 0.0209046173841, "max": 1, "mean": 0.237179487944, "median": 0, "min": 0, "var": 0.180943265557}, "spectral_centroid": {"dmean": 121.091690063, "dmean2": 191.173217773, "dvar": 48009.4921875, "dvar2": 98281.3203125, "max": 11167.0556641, "mean": 842.909790039, "median": 541.149658203, "min": 270.262542725, "var": 434926.1875}, "spectral_complexity": {"dmean": 1.53254354, "dmean2": 2.53526616096, "dvar": 3.72806286812, "dvar2": 9.11651802063, "max": 35, "mean": 9.81326675415, "median": 10, "min": 0, "var": 44.8995475769}, "spectral_decrease": {"dmean": 1.25473076373e-09, "dmean2": 2.05578665202e-09, "dvar": 3.29011729708e-18, "dvar2": 9.50223232362e-18, "max": 3.30093318371e-28, "mean": -5.49243361903e-09, "median": -4.48494397176e-09, "min": -3.19970148155e-08, "var": 2.54728069335e-17}, "spectral_energy": {"dmean": 0.00491582928225, "dmean2": 0.00804514996707, "dvar": 5.03079572809e-05, "dvar2": 0.000144816949614, "max": 0.125053077936, "mean": 0.021647689864, "median": 0.0176794975996, "min": 1.11348680571e-20, "var": 0.000393939088099}, "spectral_energyband_high": {"dmean": 6.65975821903e-05, "dmean2": 9.97153620119e-05, "dvar": 3.51762743378e-08, "dvar2": 8.03863926535e-08, "max": 0.00145891134162, "mean": 6.95948911016e-05, "median": 1.44460000229e-05, "min": 7.80140935225e-21, "var": 3.62408982824e-08}, "spectral_energyband_low": {"dmean": 0.000827866781037, "dmean2": 0.00143139553256, "dvar": 2.13141629501e-06, "dvar2": 6.38526489638e-06, "max": 0.0185877326876, "mean": 0.00156677409541, "median": 0.000599834951572, "min": 1.61159322579e-22, "var": 4.9226655392e-06}, "spectral_energyband_middle_high": {"dmean": 0.000554490718059, "dmean2": 0.0008821474039, "dvar": 1.22459789509e-06, "dvar2": 3.03991873807e-06, "max": 0.0311180278659, "mean": 0.00169519579504, "median": 0.000825449766126, "min": 1.92326055741e-21, "var": 6.11940049566e-06}, "spectral_energyband_middle_low": {"dmean": 0.00466409418732, "dmean2": 0.00763160642236, "dvar": 4.68557554996e-05, "dvar2": 0.000135418085847, "max": 0.116332598031, "mean": 0.0190863441676, "median": 0.01507242769, "min": 1.4356343299e-22, "var": 0.000327173038386}, "spectral_entropy": {"dmean": 0.192775994539, "dmean2": 0.282570779324, "dvar": 0.0396959222853, "dvar2": 0.0833167731762, "max": 9.79593658447, "mean": 6.94552373886, "median": 6.70592308044, "min": 5.26210927963, "var": 0.669398486614}, "spectral_flux": {"dmean": 0.0140078458935, "dmean2": 0.0228542964906, "dvar": 0.000263357913354, "dvar2": 0.000681469100527, "max": 0.237543538213, "mean": 0.0534428246319, "median": 0.0500338561833, "min": 1.05521882898e-10, "var": 0.00142131745815}, "spectral_kurtosis": {"dmean": 4.90597343445, "dmean2": 7.87912845612, "dvar": 28.7090187073, "dvar2": 74.6316299438, "max": 54.5252304077, "mean": 12.7296209335, "median": 11.0630645752, "min": -1.13930118084, "var": 94.8951644897}, "spectral_rms": {"dmean": 0.000462211028207, "dmean2": 0.000747324025724, "dvar": 2.75115780823e-07, "dvar2": 7.68543657159e-07, "max": 0.0110454969108, "mean": 0.00388576905243, "median": 0.00415310636163, "min": 3.29594988455e-12, "var": 6.02056752541e-06}, "spectral_rolloff": {"dmean": 373.808044434, "dmean2": 631.365478516, "dvar": 1200642.125, "dvar2": 2611486, "max": 19143.0175781, "mean": 998.825012207, "median": 645.99609375, "min": 21.533203125, "var": 2041950.75}, "spectral_skewness": {"dmean": 0.434831559658, "dmean2": 0.684319972992, "dvar": 0.178134843707, "dvar2": 0.431332916021, "max": 5.92273378372, "mean": 2.74775290489, "median": 2.84161663055, "min": 0.00864282250404, "var": 1.09220385551}, "spectral_spread": {"dmean": 801234.6875, "dmean2": 1143290.75, "dvar": 789348220928, "dvar2": 1220916150270.0, "max": 39192900, "mean": 3905903.25, "median": 3297418.5, "min": 1315631.25, "var": 4031249907710.0}, "spectral_strongpeak": {"dmean": 0.366309791803, "dmean2": 0.607718706131, "dvar": 0.22189989686, "dvar2": 0.577153742313, "max": 7.14936351776, "mean": 1.05047404766, "median": 0.80196762085, "min": 0, "var": 1.07107651234}, "zerocrossingrate": {"dmean": 0.00863206386566, "dmean2": 0.0106990355998, "dvar": 0.000225198804401, "dvar2": 0.000315597513691, "max": 0.5029296875, "mean": 0.0415948107839, "median": 0.029296875, "min": 0, "var": 0.00127698131837}, "barkbands": {"dmean": [4.2563664465e-05, 0.000234838094912, 0.000421737291617, 0.000768157478888, 0.00167549040634, 0.00250474316999, 0.00151456904132, 0.000973254151177, 0.000664711464196, 0.00028196311905, 0.000210658792639, 0.000164187062182, 0.000148799881572, 6.99980810168e-05, 4.62327916466e-05, 2.61989225692e-05, 2.61835393758e-05, 1.36850658237e-05, 7.73168358137e-06, 1.28533811221e-05, 2.2789943614e-05, 1.18024445328e-05, 8.75922341947e-06, 1.05290746433e-05, 7.93501658336e-06, 4.53184213711e-07, 1.98757721392e-08], "dmean2": [7.23284974811e-05, 0.000410844135331, 0.000730367435608, 0.00133713777177, 0.00281912996434, 0.00422746920958, 0.00231372704729, 0.00150355591904, 0.000977549818344, 0.000427997467341, 0.000352800212568, 0.000269640149781, 0.000250941200648, 0.000110778782982, 7.46123332647e-05, 4.10508655477e-05, 4.17215705966e-05, 2.26736137847e-05, 1.26485820147e-05, 2.08801848203e-05, 3.77528631361e-05, 1.8668049961e-05, 1.42954913827e-05, 1.62243577506e-05, 1.16019718917e-05, 6.27927420283e-07, 3.20719486524e-08], "dvar": [2.11588950805e-08, 3.02576353306e-07, 6.5415821382e-07, 2.08558435588e-06, 9.70422388491e-06, 2.31475460168e-05, 6.86626344759e-06, 3.10533278025e-06, 1.38885934575e-06, 4.45084680223e-07, 2.4205175464e-07, 3.7753747506e-07, 9.94694033807e-08, 2.01174348291e-08, 1.53842467654e-08, 4.14745660038e-09, 4.3466221733e-09, 2.11155226637e-09, 4.26051915969e-10, 1.81642634267e-09, 6.26277518734e-09, 1.30338162485e-09, 6.70387023671e-10, 7.08691938467e-10, 1.85059703672e-10, 5.1182148797e-13, 9.3413334522e-16], "dvar2": [5.61486395156e-08, 9.13414567094e-07, 1.96557311938e-06, 5.88720422456e-06, 2.78598708974e-05, 7.03975892975e-05, 1.6186355424e-05, 7.39379674997e-06, 2.69861834568e-06, 9.37504069043e-07, 6.27429301403e-07, 9.77358467935e-07, 2.71119375839e-07, 4.79258517316e-08, 3.39808430283e-08, 9.23216081361e-09, 1.03373682947e-08, 5.46883338615e-09, 1.08272069088e-09, 4.58905580203e-09, 1.62049200725e-08, 3.22160187416e-09, 1.72609393445e-09, 1.78888670543e-09, 3.43542916337e-10, 8.10458145907e-13, 2.31345894895e-15], "max": [0.00475221965462, 0.00742161320522, 0.0122834760696, 0.0254646874964, 0.0701716318727, 0.0993506163359, 0.0546167939901, 0.0646496415138, 0.0521937906742, 0.0490592308342, 0.0145809818059, 0.0224218592048, 0.00474285008386, 0.00210875296034, 0.00363204022869, 0.00176186335739, 0.00120038737077, 0.000870593998116, 0.00025429337984, 0.000340385042364, 0.000589126138948, 0.000331424234901, 0.000237131782342, 0.000280455162283, 8.84485707502e-05, 1.29401141749e-05, 4.77941910049e-07], "mean": [3.76224634238e-05, 0.000370272231521, 0.000664543535095, 0.00109546713065, 0.00354126933962, 0.00587316695601, 0.00396322924644, 0.0023880188819, 0.00174204155337, 0.000726793892682, 0.000343860359862, 0.00026314126444, 0.000230596051551, 0.000123819714645, 8.23749142e-05, 5.05834104843e-05, 4.65223020001e-05, 2.15158597712e-05, 1.08623089545e-05, 1.18415246106e-05, 2.02085902856e-05, 1.19078176795e-05, 8.49884054333e-06, 1.04327991721e-05, 8.43562520458e-06, 5.94476944116e-07, 9.24796026425e-08], "median": [9.37697495829e-06, 5.53538739041e-05, 0.000120769967907, 0.000389394059312, 0.00160115410108, 0.0026693912223, 0.0014956719242, 0.000804001931101, 0.000488085614052, 0.000155133384396, 9.38800658332e-05, 5.70258926018e-05, 7.72284183768e-05, 4.33163295384e-05, 2.97900078294e-05, 1.09706143121e-05, 6.86403791406e-06, 3.51038443114e-06, 2.54248243436e-06, 1.80491156243e-06, 2.9667689887e-06, 2.60953856923e-06, 2.28479689213e-06, 2.04378875424e-06, 8.72815178354e-07, 1.04664849232e-07, 8.5238639258e-08], "min": [1.76728003726e-23, 8.79149948574e-23, 5.55791256576e-23, 1.61742707307e-23, 1.75438752571e-23, 1.28199844634e-23, 1.42874953057e-23, 4.94136286361e-23, 3.1911563007e-23, 1.8105956007e-23, 6.36011090008e-23, 1.35087393931e-22, 1.39432300958e-22, 9.4852622622e-23, 1.07785422872e-22, 2.52105253563e-22, 2.89980043345e-22, 3.0147933818e-22, 2.96162466166e-22, 4.50263427397e-22, 4.64182114452e-22, 4.72420195196e-22, 6.88340840799e-22, 9.92695494936e-22, 1.07389147116e-21, 1.55748961082e-21, 2.57218394991e-21], "var": [1.74538428155e-08, 6.21747972218e-07, 1.15694763281e-06, 3.25068685925e-06, 2.88465998892e-05, 8.059652464e-05, 3.12733318424e-05, 2.2570744477e-05, 1.60868457897e-05, 6.79103186485e-06, 4.36548589278e-07, 5.6461578879e-07, 1.50593720605e-07, 4.33134701439e-08, 2.80053136237e-08, 1.111242387e-08, 8.48043768542e-09, 2.99154190309e-09, 5.11824527205e-10, 1.53010026871e-09, 4.96270669004e-09, 1.21075516279e-09, 5.57989043859e-10, 6.60952570453e-10, 2.49814197106e-10, 9.54244929602e-13, 1.06312481638e-15]}, "erbbands": {"dmean": [0.00438702944666, 0.0639043152332, 0.371366530657, 1.54806661606, 3.89609241486, 5.91911029816, 12.9493350983, 22.7177410126, 22.4975719452, 27.4420127869, 14.2908191681, 17.6481266022, 11.6237955093, 5.29857301712, 8.80752468109, 6.4531493187, 8.05948257446, 3.85124969482, 2.31723952293, 1.86211538315, 1.24708628654, 1.27167439461, 0.830649912357, 0.469400942326, 0.380717933178, 0.850820243359, 1.12148988247, 0.495900422335, 0.430192321539, 0.300291836262, 0.263569027185, 0.240637913346, 0.17646124959, 0.126947626472, 0.0342008695006, 0.00419025635347, 0.000702109013218, 6.9410278229e-05, 5.91493198954e-06, 5.63101275475e-06], "dmean2": [0.00760318338871, 0.111296929419, 0.637124598026, 2.7115650177, 6.80500221252, 9.83604431152, 20.222284317, 39.2131538391, 36.9108161926, 41.6290397644, 21.2542495728, 25.8706436157, 17.5053462982, 8.26016712189, 14.6679048538, 10.5775403976, 13.6113548279, 6.11549949646, 3.70788359642, 2.96483159065, 1.92637944221, 2.0144135952, 1.37677061558, 0.775817930698, 0.611846208572, 1.3806489706, 1.89542901516, 0.787322759628, 0.680161297321, 0.478197902441, 0.441413521767, 0.401930510998, 0.260780245066, 0.186065971851, 0.0509458221495, 0.00600448576733, 0.000957655487582, 9.87747916952e-05, 9.19808462641e-06, 9.15731288842e-06], "dvar": [0.000102728561615, 0.0226064752787, 0.506351053715, 8.46395492554, 52.490814209, 144.53012085, 620.953979492, 2066.5390625, 1481.55249023, 3059.65356445, 747.024169922, 1084.69824219, 660.542236328, 147.936294556, 482.041717529, 437.447662354, 291.901672363, 61.0351867676, 40.8712806702, 19.7729320526, 7.75578451157, 11.5179624557, 6.56054019928, 2.68706321716, 1.09206342697, 8.34888458252, 16.7370986938, 2.35163617134, 1.7435324192, 0.762596786022, 0.648030996323, 0.586466670036, 0.134513303638, 0.051536180079, 0.0033260199707, 3.96096911572e-05, 1.47117714278e-06, 1.62500555234e-08, 6.83713433092e-11, 6.3736640965e-11], "dvar2": [0.000295798789011, 0.0685705170035, 1.50030577183, 24.4920387268, 159.22328186, 408.439422607, 1670.72766113, 6408.96972656, 4168.03222656, 6827.69287109, 1414.49182129, 2050.44213867, 1438.31860352, 334.617340088, 1279.04711914, 1134.75183105, 799.374389648, 147.785354614, 89.650100708, 45.5650787354, 16.9639778137, 27.1122093201, 16.8165779114, 7.3173494339, 2.62497162819, 21.0815830231, 44.6391029358, 5.64663314819, 4.28576850891, 1.84677827358, 1.73320484161, 1.61073279381, 0.297887504101, 0.102301217616, 0.0057287607342, 6.08020272921e-05, 2.60980982603e-06, 3.11266354913e-08, 1.63390342922e-10, 1.81221065931e-10], "max": [0.151062756777, 1.98336935043, 11.3115367889, 40.9950637817, 150.903106689, 240.654602051, 450.962432861, 913.854064941, 609.433105469, 1138.16455078, 1153.53833008, 1537.37536621, 1847.89587402, 291.321472168, 577.174743652, 617.963378906, 256.142913818, 119.29838562, 197.184448242, 118.01399231, 57.6255493164, 60.5011978149, 41.788269043, 32.9005889893, 13.7198705673, 23.1553535461, 31.9695606232, 15.0768232346, 11.4052381516, 9.91505527496, 7.15662574768, 7.79574203491, 3.52625656128, 1.66124379635, 0.413802087307, 0.0739814415574, 0.023508310318, 0.00254572019912, 0.000132475048304, 0.000144807709148], "mean": [0.00609337817878, 0.106427885592, 0.64871430397, 2.43632698059, 6.35461378098, 12.3248977661, 29.4975795746, 51.3276634216, 53.236579895, 68.985710144, 41.2244491577, 48.9406394958, 30.8782558441, 12.3969993591, 15.4357185364, 11.3204565048, 12.9297389984, 7.2598156929, 4.34631919861, 3.63317751884, 2.57215762138, 2.30876159668, 1.4303123951, 0.716235339642, 0.498204261065, 0.758901655674, 0.931273937225, 0.511314332485, 0.433791905642, 0.305698752403, 0.243599489331, 0.21641933918, 0.183215543628, 0.130780518055, 0.0382327362895, 0.00514396792278, 0.000906753237359, 0.000122629629914, 2.72339566436e-05, 2.57010324276e-05], "median": [0.00187567283865, 0.0138213373721, 0.138816416264, 1.0832452774, 2.87381768227, 4.69508457184, 12.9277553558, 20.9907188416, 24.0243301392, 25.7402153015, 16.5738105774, 14.4472017288, 8.21291542053, 4.55193328857, 4.2014503479, 3.60175848007, 4.98162937164, 2.97320795059, 1.98114871979, 1.21640229225, 0.540538668633, 0.357828140259, 0.215380638838, 0.151362478733, 0.124908924103, 0.0914454609156, 0.11230801791, 0.109349563718, 0.0922311991453, 0.0805955454707, 0.0621111765504, 0.045579649508, 0.0327908396721, 0.0147315394133, 0.00340960267931, 0.000659331795759, 0.000184032192919, 6.07985675742e-05, 2.49125951086e-05, 2.12422492041e-05], "min": [2.24765268244e-21, 2.0680723773e-20, 7.2823643423e-20, 4.38362426918e-20, 5.8598657203e-20, 7.91007745872e-20, 8.35028940979e-20, 9.30788797061e-20, 1.68923774467e-19, 5.0514239798e-19, 1.0412284853e-18, 8.23349318751e-19, 3.59427941483e-19, 1.3836043311e-18, 3.97130818294e-18, 5.64458826942e-18, 6.59639398102e-18, 4.37275010115e-18, 3.38986866151e-18, 1.48963631249e-17, 1.03160093015e-17, 1.77729763492e-17, 1.81689262018e-17, 1.20015486183e-17, 1.85525891135e-17, 2.23723702159e-17, 1.76072904182e-17, 1.85334316105e-17, 2.06202693296e-17, 1.69116613015e-17, 1.92353456455e-17, 1.86111303398e-17, 1.7721062494e-17, 1.06767816441e-17, 8.2034694264e-18, 4.74438497957e-18, 2.96088948712e-18, 1.3875038673e-18, 3.79538537481e-19, 3.66557559817e-20], "var": [0.000158045571879, 0.0475223809481, 1.02897012234, 13.8727140427, 98.9041366577, 421.806030273, 1991.02978516, 6564.18261719, 5300.52978516, 13643.1787109, 6047.04052734, 13634.1523438, 9687.99707031, 588.530212402, 879.840698242, 707.825500488, 437.903991699, 134.766876221, 73.4382781982, 49.1526260376, 22.4606323242, 22.257768631, 10.7811346054, 2.88053512573, 1.27732717991, 6.97586774826, 12.2889289856, 2.23258495331, 1.62937378883, 0.70857912302, 0.497446388006, 0.432410478592, 0.157215058804, 0.065203666687, 0.00469718081877, 6.68598586344e-05, 2.50740094998e-06, 2.47074716242e-08, 1.95934810043e-10, 5.0453552447e-10]}, "gfcc": {"mean": [-112.029586792, 121.246826172, -107.893249512, -3.50080537796, -76.0352859497, 3.76997208595, -45.516544342, -5.52254295349, -14.2299089432, -0.905769467354, -7.16461372375, -6.14015579224, -4.17488384247], "cov": [[12491.859375, 4245.51269531, -1018.54083252, -939.994934082, -1776.86816406, -781.507019043, -1086.62963867, -645.545776367, -491.983093262, -651.495239258, -155.50932312, -707.985900879, -120.074928284], [4245.51269531, 2619.58349609, -165.408203125, -537.03112793, -496.744262695, -525.459960938, -215.461151123, -468.505828857, 4.27088356018, -382.987670898, -17.3572711945, -353.444274902, -114.885131836], [-1018.54083252, -165.408203125, 569.840515137, 185.61656189, 185.606918335, 133.858688354, 69.9494781494, 57.6655426025, 24.2357006073, 86.5531005859, -19.3371524811, 2.61571288109, -15.9632797241], [-939.994934082, -537.03112793, 185.61656189, 448.382995605, 259.388092041, 154.096069336, 119.414489746, 93.0854187012, 39.2436065674, 73.5271377563, -10.8523778915, 60.2280006409, 18.0882492065], [-1776.86816406, -496.744262695, 185.606918335, 259.388092041, 475.956970215, 131.947402954, 206.25100708, 114.05973053, 108.545860291, 84.7547988892, 30.9216709137, 117.550674438, 8.81723690033], [-781.507019043, -525.459960938, 133.858688354, 154.096069336, 131.947402954, 229.545318604, 62.3426437378, 119.043548584, -18.6448326111, 105.110931396, 4.59558534622, 65.0053787231, 22.4029350281], [-1086.62963867, -215.461151123, 69.9494781494, 119.414489746, 206.25100708, 62.3426437378, 231.153182983, 37.1203842163, 96.2102890015, 22.3558044434, 21.8893756866, 53.942943573, 1.52451682091], [-645.545776367, -468.505828857, 57.6655426025, 93.0854187012, 114.05973053, 119.043548584, 37.1203842163, 174.719848633, 5.63241815567, 76.935798645, -6.33845233917, 64.0476760864, 24.8459663391], [-491.983093262, 4.27088356018, 24.2357006073, 39.2436065674, 108.545860291, -18.6448326111, 96.2102890015, 5.63241815567, 125.689666748, 26.5570297241, 24.1106395721, 7.13363218307, -8.84243583679], [-651.495239258, -382.987670898, 86.5531005859, 73.5271377563, 84.7547988892, 105.110931396, 22.3558044434, 76.935798645, 26.5570297241, 141.651031494, 39.6132545471, 54.128452301, 7.39833068848], [-155.50932312, -17.3572711945, -19.3371524811, -10.8523778915, 30.9216709137, 4.59558534622, 21.8893756866, -6.33845233917, 24.1106395721, 39.6132545471, 74.5613708496, 43.6918678284, 3.35080647469], [-707.985900879, -353.444274902, 2.61571288109, 60.2280006409, 117.550674438, 65.0053787231, 53.942943573, 64.0476760864, 7.13363218307, 54.128452301, 43.6918678284, 122.825393677, 43.2383308411], [-120.074928284, -114.885131836, -15.9632797241, 18.0882492065, 8.81723690033, 22.4029350281, 1.52451682091, 24.8459663391, -8.84243583679, 7.39833068848, 3.35080647469, 43.2383308411, 61.5989723206]], "icov": [[0.00155646773055, -0.0034200635273, 0.00238882261328, -0.00267764064483, 0.00276226783171, -0.00159635336604, 0.00249371724203, -0.00291302776895, 0.00241024256684, -0.00195431290194, 0.00145602051634, -0.00097008649027, 0.000541655812413], [-0.0034200635273, 0.00948862917721, -0.0060172653757, 0.00680270418525, -0.00627865642309, 0.00425605801865, -0.00463688792661, 0.00785204675049, -0.00629276409745, 0.00801747571677, -0.00678476411849, 0.00601246254519, -0.00194597349036], [0.00238882261328, -0.0060172653757, 0.00648495042697, -0.00477097043768, 0.00336310570128, -0.0034448581282, 0.00338980788365, -0.00440894812346, 0.00453224731609, -0.00593690248206, 0.00462484080344, -0.00166635320056, 0.00126323592849], [-0.00267764064483, 0.00680270418525, -0.00477097043768, 0.00894581712782, -0.00651949038729, 0.00161237898283, -0.00416602566838, 0.00608863774687, -0.00463624997064, 0.0046836915426, -0.0027333330363, 0.00384086184204, -0.00217679468915], [0.00276226783171, -0.00627865642309, 0.00336310570128, -0.00651949038729, 0.0111861983314, -0.00347934057936, 0.00260684150271, -0.00638669449836, 0.00108391151298, -0.00263163587078, 0.00364886131138, -0.00732676312327, 0.00405229488388], [-0.00159635336604, 0.00425605801865, -0.0034448581282, 0.00161237898283, -0.00347934057936, 0.0149527927861, -0.0065751853399, -0.000247143121669, 0.00490591907874, -0.00410938542336, -0.00221227598377, 0.00403621420264, -0.0027329637669], [0.00249371724203, -0.00463688792661, 0.00338980788365, -0.00416602566838, 0.00260684150271, -0.0065751853399, 0.0150458151475, -0.00301242200658, -0.00451213959605, 0.00345973134972, 0.000525193638168, -0.00335944606923, 0.0024419517722], [-0.00291302776895, 0.00785204675049, -0.00440894812346, 0.00608863774687, -0.00638669449836, -0.000247143121669, -0.00301242200658, 0.0184297710657, -0.00672853598371, 0.00274365977384, 0.0012609603582, 0.000257668143604, -0.00186426867731], [0.00241024256684, -0.00629276409745, 0.00453224731609, -0.00463624997064, 0.00108391151298, 0.00490591907874, -0.00451213959605, -0.00672853598371, 0.0238838791847, -0.0123895322904, 0.000447996542789, 0.00435967044905, -0.00178387574852], [-0.00195431290194, 0.00801747571677, -0.00593690248206, 0.0046836915426, -0.00263163587078, -0.00410938542336, 0.00345973134972, 0.00274365977384, -0.0123895322904, 0.0285174641758, -0.0166879165918, 0.00510549824685, 0.00102899072226], [0.00145602051634, -0.00678476411849, 0.00462484080344, -0.0027333330363, 0.00364886131138, -0.00221227598377, 0.000525193638168, 0.0012609603582, 0.000447996542789, -0.0166879165918, 0.0345937050879, -0.0203307531774, 0.00640376191586], [-0.00097008649027, 0.00601246254519, -0.00166635320056, 0.00384086184204, -0.00732676312327, 0.00403621420264, -0.00335944606923, 0.000257668143604, 0.00435967044905, 0.00510549824685, -0.0203307531774, 0.0345038212836, -0.015777900815], [0.000541655812413, -0.00194597349036, 0.00126323592849, -0.00217679468915, 0.00405229488388, -0.0027329637669, 0.0024419517722, -0.00186426867731, -0.00178387574852, 0.00102899072226, 0.00640376191586, -0.015777900815, 0.0260795652866]]}, "melbands": {"dmean": [5.23455637449e-05, 0.000152659064042, 0.000311175681418, 0.000340729486197, 0.000406515900977, 0.00050196913071, 0.000338916201144, 0.000286394410068, 0.000111060449854, 0.000103827551357, 5.72252938582e-05, 2.1007261239e-05, 3.31684859702e-05, 1.9823315597e-05, 1.61028183356e-05, 1.31765782498e-05, 7.13817689757e-06, 3.51779249286e-06, 3.16146406476e-06, 2.26402789849e-06, 1.52268569309e-06, 1.48097763031e-06, 1.20992365282e-06, 6.0465737306e-07, 3.73330550474e-07, 2.87719103653e-07, 2.70386294687e-07, 6.25119525921e-07, 6.42650888949e-07, 6.51511697924e-07, 1.8557280157e-07, 2.50290099757e-07, 2.35087043166e-07, 1.34671623186e-07, 1.37896478236e-07, 1.76355001713e-07, 1.37299380754e-07, 1.22990883256e-07, 1.22630694932e-07, 1.03064969892e-07], "dmean2": [9.12906689337e-05, 0.000263117603026, 0.000542097375728, 0.000585903704632, 0.000644037150778, 0.000863800756633, 0.000549699238036, 0.000438078888692, 0.000162384181749, 0.000153105560457, 8.64748726599e-05, 3.26280169247e-05, 5.55842198082e-05, 3.25858673023e-05, 2.68047533609e-05, 2.19709181692e-05, 1.13556625365e-05, 5.65570326216e-06, 5.07575987285e-06, 3.57646149496e-06, 2.38250663642e-06, 2.32785305343e-06, 2.03518811759e-06, 1.00274201031e-06, 6.25345478511e-07, 4.69073626164e-07, 4.38134691194e-07, 1.03984689304e-06, 1.12396617169e-06, 1.06326604055e-06, 2.91868076374e-07, 3.86467291946e-07, 3.92719044839e-07, 2.11426993246e-07, 2.31202278655e-07, 3.06015664364e-07, 2.28037166039e-07, 1.8570149507e-07, 1.83567607337e-07, 1.52702824607e-07], "dvar": [1.37262627931e-08, 8.67256773063e-08, 2.97889897638e-07, 4.2772083475e-07, 6.05905142947e-07, 9.67083110481e-07, 3.33205974812e-07, 3.21205845921e-07, 4.32989786248e-08, 3.70459112276e-08, 1.67281690722e-08, 2.54905030417e-09, 6.01816596557e-09, 6.49705400591e-09, 1.32263899832e-09, 7.1514427713e-10, 2.1026158592e-10, 8.05475894317e-11, 6.03602098859e-11, 3.66709405897e-11, 1.10886586371e-11, 1.52035588979e-11, 1.3188282931e-11, 4.00466161968e-12, 1.81396792118e-12, 5.48034165791e-13, 6.31831880652e-13, 4.78687228744e-12, 5.88364643464e-12, 4.98282144712e-12, 2.76552543886e-13, 5.53321277685e-13, 5.74812387358e-13, 1.32582746865e-13, 1.62448667799e-13, 3.62952479486e-13, 1.79243027213e-13, 7.90993721802e-14, 4.24274568115e-14, 3.69844468094e-14], "dvar2": [4.02211384198e-08, 2.59818790482e-07, 8.53094320519e-07, 1.26052316318e-06, 1.64132484315e-06, 3.00126589536e-06, 9.2042387223e-07, 7.44282147025e-07, 7.90120395777e-08, 7.07315237491e-08, 3.63490322286e-08, 5.77050229822e-09, 1.58651030091e-08, 1.66084941355e-08, 3.56165652526e-09, 1.93993332509e-09, 5.11459929964e-10, 1.77638612153e-10, 1.36179401089e-10, 8.17420783839e-11, 2.57993973407e-11, 3.53384509155e-11, 3.58047307081e-11, 1.03563373155e-11, 5.02517862391e-12, 1.32192444924e-12, 1.57266474149e-12, 1.24344189459e-11, 1.62181258007e-11, 1.25404261628e-11, 6.54834964465e-13, 1.30408693826e-12, 1.50597427324e-12, 3.05311250457e-13, 4.30254546184e-13, 1.01523661439e-12, 4.89453529789e-13, 1.85227145579e-13, 7.96977162542e-14, 7.58237399191e-14], "max": [0.00161007663701, 0.00449274480343, 0.00871494971216, 0.0142581807449, 0.0143400896341, 0.0197208337486, 0.0101528828964, 0.01458732225, 0.00872838217765, 0.00839028414339, 0.00925825629383, 0.0011978604598, 0.00215249462053, 0.00336409336887, 0.000831888872199, 0.000425799400546, 0.000236866253545, 0.000268607691396, 0.000211938968278, 0.000160987707204, 5.8913097746e-05, 6.92575486028e-05, 6.7164794018e-05, 3.50070476998e-05, 2.79359210253e-05, 1.05258286567e-05, 9.83250902209e-06, 1.77869605977e-05, 1.95388020074e-05, 1.67762718775e-05, 6.69895007377e-06, 7.44279032006e-06, 8.03776310931e-06, 3.88270200347e-06, 3.62471405424e-06, 5.63636876905e-06, 4.30262753071e-06, 2.80570316136e-06, 1.61166633461e-06, 1.43701856814e-06], "mean": [8.06665411801e-05, 0.000271920842351, 0.000520648201928, 0.000657018565107, 0.00096753629623, 0.00114657334052, 0.000820134708192, 0.000708822160959, 0.000320483522955, 0.000280736887362, 0.000143410856253, 4.56568413938e-05, 5.43087226106e-05, 3.29537688231e-05, 2.66079186986e-05, 2.25084077101e-05, 1.24387852338e-05, 6.34202478977e-06, 5.76632510274e-06, 4.15907061324e-06, 2.84906263914e-06, 2.49947288467e-06, 1.92858055925e-06, 9.26417442315e-07, 5.33828256266e-07, 3.85656704793e-07, 3.01402963032e-07, 5.23433584476e-07, 5.01843885559e-07, 5.82004759053e-07, 2.11150961604e-07, 2.61877545427e-07, 2.13001328575e-07, 1.44617970932e-07, 1.30302126422e-07, 1.47574155562e-07, 1.25935144979e-07, 1.26715235638e-07, 1.25670453599e-07, 1.05356349422e-07], "median": [1.74290998984e-05, 4.69516817247e-05, 0.000278180872556, 0.000271388038527, 0.000434490502812, 0.000475719629321, 0.000350194226485, 0.000269726850092, 0.000121114702779, 7.69941543695e-05, 2.99194580293e-05, 1.4396536244e-05, 1.40635693242e-05, 7.59240947446e-06, 1.11536865006e-05, 8.78510672919e-06, 4.33114382759e-06, 2.85146552415e-06, 2.2312215151e-06, 8.85674921847e-07, 5.23865537616e-07, 3.77077469693e-07, 2.3618113687e-07, 1.47816606955e-07, 1.16254057048e-07, 9.29081664935e-08, 7.46744035496e-08, 5.39288755874e-08, 6.32714645121e-08, 7.17819830243e-08, 6.07620833648e-08, 5.31358566036e-08, 4.63922091853e-08, 4.29447410966e-08, 3.60922314258e-08, 3.14772847787e-08, 2.5625205069e-08, 2.43134419264e-08, 1.75409624603e-08, 1.03722950229e-08], "min": [2.25594134495e-23, 3.49659409241e-23, 9.08773521499e-24, 4.69592173027e-24, 2.97386618152e-24, 2.18039280658e-24, 2.74544460388e-24, 6.79073239775e-24, 8.36638029287e-24, 4.86793679496e-24, 1.64897616474e-24, 5.02998026337e-24, 1.03844915923e-23, 1.85234227758e-23, 1.32357922577e-23, 1.26998259592e-23, 7.51300397624e-24, 5.16019871629e-24, 1.19482805414e-23, 2.06398024781e-23, 1.034004638e-23, 1.64774867745e-23, 1.93001872879e-23, 1.31929744655e-23, 8.84923100891e-24, 1.29095454197e-23, 1.48894403526e-23, 1.43953199696e-23, 1.09890753789e-23, 1.05255296669e-23, 1.1189246467e-23, 1.26156481897e-23, 7.80738162252e-24, 1.07293318818e-23, 1.10127853823e-23, 1.26782293142e-23, 9.76517582824e-24, 1.13187490286e-23, 1.17850802085e-23, 8.46724957024e-24], "var": [2.8473872149e-08, 1.83037997203e-07, 5.42084706012e-07, 1.16395915484e-06, 1.98721750166e-06, 3.1622764709e-06, 1.2656639683e-06, 1.53692712956e-06, 3.75909024797e-07, 4.47081816901e-07, 2.40511013772e-07, 9.02955754611e-09, 1.06854587401e-08, 9.78126468709e-09, 1.94973726053e-09, 1.26857802041e-09, 4.37569591671e-10, 1.46924444833e-10, 1.16438608755e-10, 9.54165496614e-11, 2.7419191917e-11, 2.78749384686e-11, 1.99703205361e-11, 5.4921128409e-12, 1.76634173867e-12, 6.81155381665e-13, 6.13703207177e-13, 3.73794181371e-12, 3.94518489058e-12, 4.1841838154e-12, 2.84167410739e-13, 5.69686658958e-13, 4.52795543031e-13, 1.34064702157e-13, 1.27851166611e-13, 2.45701381333e-13, 1.36334059276e-13, 8.48309392024e-14, 5.72125897005e-14, 4.44399494959e-14]}, "mfcc": {"mean": [-757.8046875, 157.809326172, 14.4475193024, -6.18115901947, -6.76438856125, -4.09525680542, -15.8717184067, -11.0916595459, -6.70483636856, -4.55867004395, -1.10353314877, 1.94948470592, -2.9057123661], "cov": [[12673.5126953, 3644.31713867, 5.40890789032, -719.83203125, -945.495239258, -908.615356445, -904.467468262, -760.919494629, -659.543151855, -662.93145752, -471.972137451, -260.512084961, -417.035919189], [3644.31713867, 2317.40649414, 67.1139450073, -202.032546997, -362.429260254, -266.334838867, -410.792449951, -243.147491455, -300.905303955, -181.872650146, -125.210220337, -102.725593567, -179.378585815], [5.40890789032, 67.1139450073, 424.437988281, 41.7621116638, 47.7691802979, 49.6879386902, 31.4541893005, -56.2360839844, 10.050567627, 25.5235061646, 12.6912670135, -18.5330162048, -7.41161966324], [-719.83203125, -202.032546997, 41.7621116638, 307.376342773, 142.083618164, 140.493591309, 73.9694213867, 103.195007324, 77.7046508789, 69.0875930786, 21.1373920441, 28.6563014984, 23.9650783539], [-945.495239258, -362.429260254, 47.7691802979, 142.083618164, 254.656814575, 113.725601196, 124.496582031, 79.4350585938, 92.8856430054, 57.0659065247, 56.5336952209, 21.5643138885, 54.0221824646], [-908.615356445, -266.334838867, 49.6879386902, 140.493591309, 113.725601196, 195.411636353, 111.762985229, 76.7187805176, 60.7131309509, 73.1683959961, 41.8300323486, 39.4708366394, 36.0856018066], [-904.467468262, -410.792449951, 31.4541893005, 73.9694213867, 124.496582031, 111.762985229, 174.711547852, 96.4422683716, 80.8401794434, 42.3546714783, 43.0587120056, 31.3852996826, 49.7911109924], [-760.919494629, -243.147491455, -56.2360839844, 103.195007324, 79.4350585938, 76.7187805176, 96.4422683716, 148.313659668, 82.3103256226, 40.3360443115, 17.8885746002, 22.3978939056, 27.8432064056], [-659.543151855, -300.905303955, 10.050567627, 77.7046508789, 92.8856430054, 60.7131309509, 80.8401794434, 82.3103256226, 120.419212341, 63.1538925171, 24.5069561005, 8.07388210297, 26.2127876282], [-662.93145752, -181.872650146, 25.5235061646, 69.0875930786, 57.0659065247, 73.1683959961, 42.3546714783, 40.3360443115, 63.1538925171, 105.269668579, 55.2990188599, 19.6247558594, 13.8572912216], [-471.972137451, -125.210220337, 12.6912670135, 21.1373920441, 56.5336952209, 41.8300323486, 43.0587120056, 17.8885746002, 24.5069561005, 55.2990188599, 88.5783538818, 43.5083198547, 25.1511745453], [-260.512084961, -102.725593567, -18.5330162048, 28.6563014984, 21.5643138885, 39.4708366394, 31.3852996826, 22.3978939056, 8.07388210297, 19.6247558594, 43.5083198547, 72.3522567749, 37.799243927], [-417.035919189, -179.378585815, -7.41161966324, 23.9650783539, 54.0221824646, 36.0856018066, 49.7911109924, 27.8432064056, 26.2127876282, 13.8572912216, 25.1511745453, 37.799243927, 71.040763855]], "icov": [[0.000261044129729, -0.000252876168815, 4.52788881375e-05, -0.000119571959658, 0.000130717337015, 0.000406921521062, -0.000148728315253, 0.00081275991397, -0.000448398845037, 0.000720222829841, 0.000460404786281, -0.000522045709658, 0.00055829732446], [-0.000252876168815, 0.00120605004486, -0.000470159691758, 8.77132406458e-05, 7.49344981159e-05, -0.000587511574849, 0.00203914567828, -0.00159537151922, 0.00164020713419, 6.52687594993e-05, -0.00100667832885, 0.000851692748256, 0.000204993033549], [4.52788881375e-05, -0.000470159691758, 0.00334337842651, -0.000805071322247, -3.55342890543e-05, -0.000453413987998, -0.0024523222819, 0.00375851825811, -0.00127154204529, -0.000383947393857, 2.34201979765e-05, 0.000935491290875, 0.000240101770032], [-0.000119571959658, 8.77132406458e-05, -0.000805071322247, 0.00712350895628, -0.00329252867959, -0.00326407165267, 0.00318256393075, -0.00416575092822, 0.000398585252697, -0.00222486350685, 0.00303326640278, -0.00253179064021, 0.0011564893648], [0.000130717337015, 7.49344981159e-05, -3.55342890543e-05, -0.00329252867959, 0.00977354031056, -0.00128183886409, -0.00242869928479, 0.00178254535422, -0.00392221007496, 0.00414097588509, -0.00619156006724, 0.00506735267118, -0.00357859558426], [0.000406921521062, -0.000587511574849, -0.000453413987998, -0.00326407165267, -0.00128183886409, 0.014411829412, -0.00736461346969, 0.00110472005326, 0.0034923334606, -0.00695078447461, 0.00502199260518, -0.00502621894702, 0.00130561867263], [-0.000148728315253, 0.00203914567828, -0.0024523222819, 0.00318256393075, -0.00242869928479, -0.00736461346969, 0.0214417390525, -0.00924818404019, -0.00192635774147, 0.00651796581224, -0.0056061190553, 0.00186641549226, -0.00243825651705], [0.00081275991397, -0.00159537151922, 0.00375851825811, -0.00416575092822, 0.00178254535422, 0.00110472005326, -0.00924818404019, 0.021568544209, -0.00987569708377, 0.00249544344842, 0.00307746930048, -0.00322232069448, 0.00243425159715], [-0.000448398845037, 0.00164020713419, -0.00127154204529, 0.000398585252697, -0.00392221007496, 0.0034923334606, -0.00192635774147, -0.00987569708377, 0.0256275814027, -0.0136652095243, 0.00457001803443, 0.00259120529518, -0.00211570411921], [0.000720222829841, 6.52687594993e-05, -0.000383947393857, -0.00222486350685, 0.00414097588509, -0.00695078447461, 0.00651796581224, 0.00249544344842, -0.0136652095243, 0.0304986312985, -0.0166413225234, 0.00431285984814, 0.00262865284458], [0.000460404786281, -0.00100667832885, 2.34201979765e-05, 0.00303326640278, -0.00619156006724, 0.00502199260518, -0.0056061190553, 0.00307746930048, 0.00457001803443, -0.0166413225234, 0.0319669805467, -0.0174564253539, 0.00355093926191], [-0.000522045709658, 0.000851692748256, 0.000935491290875, -0.00253179064021, 0.00506735267118, -0.00502621894702, 0.00186641549226, -0.00322232069448, 0.00259120529518, 0.00431285984814, -0.0174564253539, 0.0321936495602, -0.0140545796603], [0.00055829732446, 0.000204993033549, 0.000240101770032, 0.0011564893648, -0.00357859558426, 0.00130561867263, -0.00243825651705, 0.00243425159715, -0.00211570411921, 0.00262865284458, 0.00355093926191, -0.0140545796603, 0.0268082134426]]}, "spectral_contrast_coeffs": {"dmean": [0.049729257822, 0.0422714538872, 0.0322137884796, 0.0253033768386, 0.0163353029639, 0.0202408079058], "dmean2": [0.0842444822192, 0.0712350010872, 0.0532157942653, 0.0424798168242, 0.0274535007775, 0.0309528708458], "dvar": [0.00142998446245, 0.00117729895283, 0.000698882446159, 0.000440788426204, 0.000213727238588, 0.000281688116957], "dvar2": [0.00418868754059, 0.00325526343659, 0.00185887445696, 0.00120944110677, 0.000535477884114, 0.000595161225647], "max": [-0.29125636816, -0.423535048962, -0.439822018147, -0.619122564793, -0.644245505333, -0.712674975395], "mean": [-0.602512180805, -0.715268194675, -0.761726260185, -0.801460981369, -0.837840735912, -0.819557607174], "median": [-0.571079432964, -0.699944019318, -0.756302893162, -0.793917000294, -0.852671504021, -0.814990460873], "min": [-0.971816956997, -0.97335755825, -0.959704577923, -0.963961899281, -0.961113154888, -0.961490392685], "var": [0.0173009559512, 0.0107582993805, 0.00824614521116, 0.00344738620333, 0.00203169486485, 0.00100815820042]}, "spectral_contrast_valleys": {"dmean": [0.423039495945, 0.308113336563, 0.2660330832, 0.232538700104, 0.217354640365, 0.420812815428], "dmean2": [0.720773160458, 0.51131016016, 0.448082387447, 0.382925152779, 0.33160674572, 0.571026742458], "dvar": [0.16436932981, 0.104469507933, 0.0880866348743, 0.0781973153353, 0.0909572914243, 0.193888261914], "dvar2": [0.369481235743, 0.207917317748, 0.167382910848, 0.138317018747, 0.14006437361