{"lowlevel": {"average_loudness": 0.594952225685, "barkbands_crest": {"dmean": 2.7890059948, "dmean2": 4.34110498428, "dvar": 8.44530391693, "dvar2": 20.5773792267, "max": 25.0220565796, "mean": 12.5059375763, "median": 11.8380947113, "min": 2.85300660133, "var": 21.8812789917}, "barkbands_flatness_db": {"dmean": 0.0421790629625, "dmean2": 0.0560517720878, "dvar": 0.00181559647899, "dvar2": 0.00348518881947, "max": 0.592606723309, "mean": 0.205383867025, "median": 0.181895196438, "min": 0.0314141474664, "var": 0.0123411267996}, "barkbands_kurtosis": {"dmean": 6.32886981964, "dmean2": 9.98246669769, "dvar": 101.37311554, "dvar2": 248.215560913, "max": 106.919265747, "mean": 10.5948562622, "median": 6.11823320389, "min": -1.78343784809, "var": 203.626815796}, "barkbands_skewness": {"dmean": 0.784577727318, "dmean2": 1.16726410389, "dvar": 0.764683425426, "dvar2": 1.85281300545, "max": 8.44908905029, "mean": 1.89066040516, "median": 1.85107040405, "min": -2.18911647797, "var": 3.01067376137}, "barkbands_spread": {"dmean": 5.04256010056, "dmean2": 7.87099075317, "dvar": 55.5515327454, "dvar2": 131.531463623, "max": 96.8869247437, "mean": 13.0456018448, "median": 8.74406719208, "min": 0.558446884155, "var": 199.13243103}, "dissonance": {"dmean": 0.0398042760789, "dmean2": 0.0645025297999, "dvar": 0.00188854616135, "dvar2": 0.00486236484721, "max": 0.499999970198, "mean": 0.409440547228, "median": 0.422718882561, "min": 0.054150544107, "var": 0.0049668205902}, "dynamic_complexity": 8.24951934814, "erbbands_crest": {"dmean": 3.41935801506, "dmean2": 5.27802658081, "dvar": 15.6248235703, "dvar2": 34.3332481384, "max": 33.6683158875, "mean": 13.2052545547, "median": 11.0981884003, "min": 2.24129915237, "var": 55.7271232605}, "erbbands_flatness_db": {"dmean": 0.0346768945456, "dmean2": 0.0471483431756, "dvar": 0.00129361031577, "dvar2": 0.00230479356833, "max": 0.503826379776, "mean": 0.203852638602, "median": 0.189704656601, "min": 0.0346620045602, "var": 0.00701371813193}, "erbbands_kurtosis": {"dmean": 4.2767291069, "dmean2": 6.39465284348, "dvar": 80.9595031738, "dvar2": 155.409866333, "max": 188.359695435, "mean": 6.47601652145, "median": 2.22398257256, "min": -1.64833164215, "var": 208.434448242}, "erbbands_skewness": {"dmean": 0.694741785526, "dmean2": 1.04515206814, "dvar": 0.767867982388, "dvar2": 1.71199607849, "max": 9.54090595245, "mean": 1.37012863159, "median": 1.2489361763, "min": -4.65204811096, "var": 2.12268209457}, "erbbands_spread": {"dmean": 9.02703952789, "dmean2": 13.8183526993, "dvar": 136.850204468, "dvar2": 333.354492188, "max": 114.584457397, "mean": 27.0417785645, "median": 22.4258327484, "min": 0.574065506458, "var": 427.770843506}, "hfc": {"dmean": 4.63566970825, "dmean2": 6.6475610733, "dvar": 98.2514343262, "dvar2": 218.162979126, "max": 118.918624878, "mean": 7.00628376007, "median": 2.55898141861, "min": 1.24237247284e-16, "var": 157.246551514}, "melbands_crest": {"dmean": 3.13435721397, "dmean2": 5.00116586685, "dvar": 11.4937477112, "dvar2": 27.5989971161, "max": 32.1413803101, "mean": 15.334774971, "median": 14.9746351242, "min": 1.62519681454, "var": 33.1165504456}, "melbands_flatness_db": {"dmean": 0.0475954711437, "dmean2": 0.063257984817, "dvar": 0.00232272129506, "dvar2": 0.00451945187524, "max": 0.754375219345, "mean": 0.2836984694, "median": 0.270168304443, "min": 0.00382387870923, "var": 0.0209271665663}, "melbands_kurtosis": {"dmean": 10.1843996048, "dmean2": 16.25548172, "dvar": 334.9894104, "dvar2": 882.613708496, "max": 231.410232544, "mean": 17.844329834, "median": 9.35930633545, "min": -1.83561897278, "var": 678.042175293}, "melbands_skewness": {"dmean": 0.889483869076, "dmean2": 1.32397449017, "dvar": 1.09226477146, "dvar2": 2.72232651711, "max": 12.4538373947, "mean": 2.41639757156, "median": 2.149050951, "min": -2.0193297863, "var": 3.74360990524}, "melbands_spread": {"dmean": 5.96640777588, "dmean2": 9.27837753296, "dvar": 161.971908569, "dvar2": 378.267913818, "max": 170.633544922, "mean": 17.5577049255, "median": 8.97753334045, "min": 0.567830145359, "var": 812.725891113}, "pitch_salience": {"dmean": 0.0822726711631, "dmean2": 0.131611526012, "dvar": 0.00793735124171, "dvar2": 0.0201116725802, "max": 0.920433461666, "mean": 0.543198287487, "median": 0.536981701851, "min": 0.161539718509, "var": 0.0187109410763}, "silence_rate_20dB": {"dmean": 0, "dmean2": 0, "dvar": 0, "dvar2": 0, "max": 1, "mean": 1, "median": 1, "min": 1, "var": 0}, "silence_rate_30dB": {"dmean": 0.0160750169307, "dmean2": 0.0321715809405, "dvar": 0.0158164203167, "dvar2": 0.0378387644887, "max": 1, "mean": 0.98527443409, "median": 1, "min": 0, "var": 0.0145088527352}, "silence_rate_60dB": {"dmean": 0.0656396523118, "dmean2": 0.13136729598, "dvar": 0.0613319091499, "dvar2": 0.130195900798, "max": 1, "mean": 0.355421692133, "median": 0, "min": 0, "var": 0.229095578194}, "spectral_centroid": {"dmean": 220.487716675, "dmean2": 334.932678223, "dvar": 154806.015625, "dvar2": 305283.21875, "max": 11070.0839844, "mean": 935.692993164, "median": 626.626159668, "min": 135.852554321, "var": 767831.8125}, "spectral_complexity": {"dmean": 2.40857338905, "dmean2": 3.58713126183, "dvar": 12.0419836044, "dvar2": 26.6524925232, "max": 35, "mean": 6.6224899292, "median": 6, "min": 0, "var": 35.556098938}, "spectral_decrease": {"dmean": 2.56459498083e-09, "dmean2": 3.96422361604e-09, "dvar": 4.38036868274e-17, "dvar2": 1.10179200278e-16, "max": 7.0529315047e-18, "mean": -4.08214617664e-09, "median": -2.02700012331e-09, "min": -6.12957862245e-08, "var": 5.17992113197e-17}, "spectral_energy": {"dmean": 0.0100869880989, "dmean2": 0.0155216576532, "dvar": 0.000659787503537, "dvar2": 0.0016510526184, "max": 0.235444173217, "mean": 0.0160424318165, "median": 0.00786611065269, "min": 1.09949614424e-20, "var": 0.000794133520685}, "spectral_energyband_high": {"dmean": 0.000129215652123, "dmean2": 0.000206344149774, "dvar": 1.13972781435e-07, "dvar2": 2.9309785532e-07, "max": 0.00347790773958, "mean": 0.000116641967907, "median": 1.40703523357e-05, "min": 8.19774114896e-21, "var": 9.87603812064e-08}, "spectral_energyband_low": {"dmean": 0.00352915143594, "dmean2": 0.00641253683716, "dvar": 0.000329754780978, "dvar2": 0.000951228663325, "max": 0.200604170561, "mean": 0.0051058428362, "median": 0.00227912003174, "min": 3.65273112257e-23, "var": 0.000203203380806}, "spectral_energyband_middle_high": {"dmean": 0.000708866049536, "dmean2": 0.00112310319673, "dvar": 2.42867758971e-06, "dvar2": 6.37065795672e-06, "max": 0.0169452633709, "mean": 0.000892918847967, "median": 0.000346956599969, "min": 1.51234647122e-21, "var": 2.48447508966e-06}, "spectral_energyband_middle_low": {"dmean": 0.00659645022824, "dmean2": 0.0095122763887, "dvar": 0.000251913676038, "dvar2": 0.000535612634849, "max": 0.221196219325, "mean": 0.0102589717135, "median": 0.00274122226983, "min": 3.51740985978e-22, "var": 0.000424685043981}, "spectral_entropy": {"dmean": 0.430613547564, "dmean2": 0.587763607502, "dvar": 0.197041615844, "dvar2": 0.356240659952, "max": 9.79419898987, "mean": 6.87944221497, "median": 6.94837903976, "min": 4.04655265808, "var": 1.0636780262}, "spectral_flux": {"dmean": 0.0305247474462, "dmean2": 0.0470683686435, "dvar": 0.00263593276031, "dvar2": 0.00528183672577, "max": 0.444905459881, "mean": 0.048881996423, "median": 0.0289855003357, "min": 1.04856859307e-10, "var": 0.00416075345129}, "spectral_kurtosis": {"dmean": 6.76960849762, "dmean2": 10.1014928818, "dvar": 161.627258301, "dvar2": 391.006744385, "max": 276.435058594, "mean": 18.8253669739, "median": 6.74438714981, "min": -1.1376541853, "var": 1661.7947998}, "spectral_rms": {"dmean": 0.000923936837353, "dmean2": 0.00132213230245, "dvar": 2.61985724137e-06, "dvar2": 6.13221754975e-06, "max": 0.0151559105143, "mean": 0.00293856835924, "median": 0.00277024437673, "min": 3.2751780888e-12, "var": 7.01595581631e-06}, "spectral_rolloff": {"dmean": 403.218505859, "dmean2": 687.03137207, "dvar": 1083863.375, "dvar2": 2517113.75, "max": 19078.4179688, "mean": 1945.82751465, "median": 516.796875, "min": 86.1328125, "var": 17893556}, "spectral_skewness": {"dmean": 0.591518759727, "dmean2": 0.857213556767, "dvar": 0.521410405636, "dvar2": 1.16898679733, "max": 14.1447219849, "mean": 2.7991874218, "median": 2.15386915207, "min": 0.0220192745328, "var": 5.01195383072}, "spectral_spread": {"dmean": 1020678, "dmean2": 1506107.375, "dvar": 1879862280190.0, "dvar2": 3757329612800.0, "max": 39758532, "mean": 4806992, "median": 4567693, "min": 366039.96875, "var": 6694691143680.0}, "spectral_strongpeak": {"dmean": 0.348761826754, "dmean2": 0.513451814651, "dvar": 0.396502047777, "dvar2": 0.765798270702, "max": 6.95083522797, "mean": 0.727621734142, "median": 0.271086931229, "min": 0, "var": 1.06806409359}, "zerocrossingrate": {"dmean": 0.0126158399507, "dmean2": 0.0163096413016, "dvar": 0.00033292354783, "dvar2": 0.000479052076116, "max": 0.52099609375, "mean": 0.0712831765413, "median": 0.0361328125, "min": 0.00341796875, "var": 0.0119392480701}, "barkbands": {"dmean": [0.000176780391484, 0.0024579288438, 0.00092976517044, 0.000481716502691, 0.000822901027277, 0.000764801108744, 0.00411844952032, 0.000678765471093, 0.000382425030693, 0.000203078947379, 0.000111869427201, 0.000105220999103, 8.19173801574e-05, 8.36380277178e-05, 8.17605905468e-05, 5.45436378161e-05, 4.32985143561e-05, 3.68176260963e-05, 2.65276958089e-05, 2.37201165874e-05, 1.70763159986e-05, 2.02383362193e-05, 1.83081774594e-05, 1.348562364e-05, 2.26244519581e-05, 2.12653376366e-05, 4.6383352128e-06], "dmean2": [0.000300168583635, 0.00457584904507, 0.00162039045244, 0.000832807621919, 0.00141938554589, 0.00120653933845, 0.00587763404474, 0.00104994431604, 0.000574437435716, 0.000320838793414, 0.000183639509487, 0.000179048161954, 0.000139265277539, 0.000133366338559, 0.000144870879012, 8.91050221981e-05, 7.22553668311e-05, 6.04803790338e-05, 4.36843183707e-05, 3.75427880499e-05, 2.7842252166e-05, 3.50121990778e-05, 3.09306051349e-05, 2.23461829592e-05, 3.73855582438e-05, 3.38736535923e-05, 7.31990940039e-06], "dvar": [6.5581787112e-07, 0.000202797760721, 1.23690379041e-05, 4.10342363466e-06, 8.76295780472e-06, 3.64990182788e-06, 0.000142084652907, 6.16911711404e-06, 3.24989059663e-06, 1.97350942699e-07, 7.76398465518e-08, 9.18422742302e-08, 5.60757804635e-08, 4.51879600405e-08, 1.86952476611e-07, 1.94823144284e-08, 1.2650406056e-08, 7.48799866557e-09, 4.00793620514e-09, 4.93269425306e-09, 2.46116638181e-09, 4.80541650916e-09, 2.01182004389e-09, 1.37075162332e-09, 4.90499774131e-09, 5.6195599285e-09, 2.34126495968e-10], "dvar2": [1.7024161707e-06, 0.000587121816352, 3.58003599104e-05, 1.13158275781e-05, 2.50407028943e-05, 9.20190359466e-06, 0.000275289727142, 1.27228377096e-05, 6.31162174614e-06, 4.75694491797e-07, 1.9877867885e-07, 2.46113017965e-07, 1.56862341782e-07, 1.08077827576e-07, 5.48106982023e-07, 5.14883815583e-08, 3.17242054848e-08, 1.92179783198e-08, 1.06431325975e-08, 1.27517019166e-08, 6.43631548058e-09, 1.37035200964e-08, 5.2233053438e-09, 3.44538908514e-09, 1.26009247481e-08, 1.39172655622e-08, 5.70099523145e-10], "max": [0.0109429014847, 0.156406193972, 0.0399344265461, 0.02604592219, 0.0359308160841, 0.028890632093, 0.141542851925, 0.0471258684993, 0.0711660385132, 0.00530717009678, 0.00300067453645, 0.00540318526328, 0.00340001587756, 0.00367590039968, 0.00702551705763, 0.00181090016849, 0.00145991076715, 0.000849191157613, 0.000824778049719, 0.000949649838731, 0.00071670638863, 0.00112923921552, 0.00050258974079, 0.000390518369386, 0.000714132911526, 0.00071985903196, 0.000151918909978], "mean": [0.00014761541388, 0.00285971560515, 0.00178613851313, 0.000765808916185, 0.000958639953751, 0.00101309176534, 0.00599925173447, 0.000908042711671, 0.000574463920202, 0.000232268415857, 0.000142559205415, 9.6932562883e-05, 8.7237189291e-05, 0.000102957237686, 7.44540375308e-05, 5.75398807996e-05, 4.64618460683e-05, 3.7485602661e-05, 2.65853923338e-05, 2.31532521866e-05, 1.53605942614e-05, 1.61903572007e-05, 1.58444381668e-05, 1.17254139695e-05, 1.89614456758e-05, 1.96920118469e-05, 4.28230669058e-06], "median": [3.83332690035e-06, 0.000156040056027, 0.000410095555708, 0.000134621703182, 0.000210854312172, 0.00015531067038, 0.000331545772497, 6.46894186502e-05, 3.63549297617e-05, 3.32331765094e-05, 1.91711369553e-05, 7.14196357876e-06, 1.39974963531e-05, 9.64657010627e-06, 7.80443133408e-06, 9.71060762822e-06, 6.83200960339e-06, 5.21043966728e-06, 4.78807987747e-06, 2.63218271357e-06, 1.57340082296e-06, 1.82514077096e-06, 1.2969043155e-06, 1.12194993562e-06, 1.02606531982e-06, 3.32142036541e-07, 8.06151945199e-08], "min": [1.51541343463e-24, 1.07701144129e-23, 1.4145595006e-23, 1.30426499203e-23, 3.19521167684e-23, 4.29777479616e-23, 6.54947033394e-23, 5.15256995802e-23, 1.44712481473e-22, 4.70932668586e-23, 9.59091156334e-23, 1.95698357225e-23, 1.49567219836e-22, 1.25555669655e-22, 1.88475467891e-22, 1.80319744225e-22, 8.78370869544e-23, 2.5562627426e-22, 1.97882072517e-22, 3.69793430394e-22, 3.85599476632e-22, 6.4146821518e-22, 4.77534790652e-22, 6.46668992112e-22, 1.47155602629e-21, 1.80518718927e-21, 2.81976520609e-21], "var": [4.93516722599e-07, 0.000118560579722, 1.09010679807e-05, 3.28578744302e-06, 6.68244456392e-06, 4.56847374153e-06, 0.000244552560616, 1.06899833554e-05, 9.50116009335e-06, 2.47875874493e-07, 8.99766376961e-08, 7.44640473727e-08, 4.47100525491e-08, 6.59728982555e-08, 1.12276794084e-07, 1.81758412765e-08, 1.32725483937e-08, 7.38126315625e-09, 3.37566996578e-09, 4.6018198141e-09, 2.04768824119e-09, 2.97267854776e-09, 1.69176594955e-09, 1.1640264308e-09, 4.05698985517e-09, 5.220568422e-09, 2.24722393471e-10]}, "erbbands": {"dmean": [0.0704820156097, 0.547922432423, 1.13167798519, 1.22337186337, 2.58619499207, 2.38828420639, 3.66703605652, 9.12635993958, 55.1325187683, 39.7692642212, 11.9942703247, 9.20423698425, 4.96791028976, 6.60216188431, 4.04291057587, 4.08813142776, 4.00341367722, 3.16840267181, 5.55112123489, 3.54777431488, 2.61164975166, 2.24166631699, 2.12799358368, 1.67508971691, 1.18984234333, 1.23500812054, 0.926704585552, 0.511829674244, 0.64356726408, 0.758406102657, 0.513673245907, 0.357778966427, 0.197118967772, 0.209965512156, 0.178960233927, 0.105078861117, 0.0361044555902, 0.0066923587583, 0.000884873152245, 4.49812469014e-05], "dmean2": [0.131680294871, 1.01496064663, 2.0078754425, 2.08909320831, 4.54924678802, 4.06045722961, 6.21348762512, 13.4937343597, 80.4579238892, 55.6225738525, 19.0205001831, 13.470864296, 7.85788345337, 10.616314888, 6.64237594604, 6.99949121475, 6.67986106873, 5.27872419357, 9.42407131195, 5.78010654449, 4.30208921432, 3.75903916359, 3.46779608727, 2.80689549446, 1.8858114481, 1.97047877312, 1.46622478962, 0.835733294487, 1.09987723827, 1.30600357056, 0.870856404305, 0.598089396954, 0.325256973505, 0.350018084049, 0.296197503805, 0.168882936239, 0.0568136833608, 0.0106358863413, 0.00137506204192, 6.81744422764e-05], "dvar": [0.167219057679, 9.88181400299, 25.5473270416, 14.4373865128, 149.296905518, 47.5089797974, 109.690315247, 466.922851562, 28779.0390625, 27324.8652344, 1868.2088623, 2291.33691406, 119.866760254, 272.595062256, 94.228263855, 140.958633423, 122.824584961, 74.1809844971, 679.040710449, 91.0102233887, 42.2696037292, 29.9748401642, 27.1245651245, 19.4000015259, 6.90505313873, 15.258026123, 7.18672704697, 2.04482221603, 4.09530687332, 5.98484325409, 1.70828127861, 0.998567759991, 0.343518853188, 0.402626186609, 0.345301866531, 0.119747929275, 0.017296416685, 0.000601613195613, 8.16527972347e-06, 1.60665702964e-08], "dvar2": [0.481311202049, 28.7284641266, 74.4995803833, 40.0617370605, 425.24911499, 131.740097046, 307.410400391, 1011.32232666, 56725.5976562, 51369.875, 4173.08496094, 4319.52539062, 293.674194336, 682.392456055, 249.408493042, 384.131500244, 340.427703857, 193.567382812, 1965.16149902, 236.653549194, 112.845741272, 77.7813262939, 69.0774688721, 52.2090644836, 17.2757892609, 40.4547386169, 18.644241333, 5.45560455322, 11.507109642, 16.7888412476, 4.47780847549, 2.54418706894, 0.883562922478, 1.03439879417, 0.899669229984, 0.295748889446, 0.0425538644195, 0.00149327353574, 1.96268501895e-05, 3.81133418159e-08], "max": [4.91611528397, 35.3682899475, 59.912437439, 47.6835136414, 146.817047119, 81.8752822876, 162.767166138, 245.003616333, 1904.82434082, 3617.51953125, 787.201660156, 1977.25769043, 128.824310303, 211.527008057, 117.778778076, 219.010574341, 165.862747192, 110.368743896, 398.574462891, 108.488868713, 74.8946151733, 65.8819274902, 67.3924942017, 65.0966110229, 30.5136585236, 59.4703369141, 43.5956420898, 18.4203567505, 33.475566864, 40.8838310242, 16.2259140015, 14.251914978, 6.32765436172, 6.74267196655, 6.959233284, 3.08663034439, 1.41699886322, 0.253373533487, 0.0301623065025, 0.0013199102832], "mean": [0.070714764297, 0.683823823929, 2.01919054985, 2.29050993919, 3.13624572754, 3.15226340294, 4.44348621368, 12.2229042053, 70.9973602295, 69.6151123047, 16.0039215088, 14.8861341476, 5.93520307541, 7.52913331985, 5.41957235336, 3.81392407417, 4.4456076622, 3.54647064209, 5.37079620361, 4.1516919136, 2.69973111153, 2.32918071747, 2.25183868408, 1.66680884361, 1.26325619221, 1.18597555161, 0.858490765095, 0.464563548565, 0.529793202877, 0.62448489666, 0.430220365524, 0.295191437006, 0.175655946136, 0.17305482924, 0.149988099933, 0.0934067368507, 0.0343200750649, 0.00642843777314, 0.000838961161207, 5.17965527251e-05], "median": [0.0035452847369, 0.105660185218, 0.718498587608, 0.836823403835, 0.835892438889, 0.652699232101, 0.929285287857, 1.68881392479, 3.5003027916, 4.06105422974, 2.13656568527, 1.25260210037, 1.21390414238, 1.72294616699, 1.03674721718, 0.559335231781, 0.821713924408, 0.51676428318, 0.678212940693, 0.652974128723, 0.476334869862, 0.401349902153, 0.362597942352, 0.296073794365, 0.235542103648, 0.135706439614, 0.0923920571804, 0.0591487698257, 0.0631787031889, 0.0568897426128, 0.0333335846663, 0.0281059555709, 0.0160627085716, 0.0118332700804, 0.00680920202285, 0.00232298136689, 0.000476876622997, 0.000101597091998, 2.19513658521e-05, 1.15753309728e-05], "min": [4.73507535824e-22, 1.73092551497e-21, 9.65282212449e-21, 4.59660162804e-20, 4.83133512949e-20, 1.13179452602e-19, 1.31355867683e-19, 4.99461941918e-19, 7.28168023809e-19, 1.22073505343e-18, 1.40585321483e-18, 4.16467695396e-18, 1.15123006509e-18, 2.4680875382e-18, 4.21199085782e-18, 1.24711777227e-18, 6.25637890868e-18, 6.39590980236e-18, 7.53890425047e-18, 1.2058681156e-17, 9.581062636e-18, 7.10661387209e-18, 1.37197739769e-17, 9.96413080485e-18, 1.19752111876e-17, 1.58740161626e-17, 1.36750160612e-17, 2.02258332176e-17, 2.4703002877e-17, 1.60806888931e-17, 1.48337951833e-17, 1.32174611053e-17, 1.01627352156e-17, 1.35890198832e-17, 1.16651499796e-17, 6.08558679171e-18, 3.20507341074e-18, 1.66030027851e-18, 4.02656245199e-19, 3.91128992224e-20], "var": [0.0990272238851, 5.77144145966, 17.820148468, 14.7517871857, 102.132873535, 47.6613998413, 93.4662399292, 715.664672852, 42223.4804688, 61862.09375, 2796.96362305, 7008.27441406, 152.895217896, 292.06048584, 106.375358582, 105.634231567, 103.998390198, 71.5271682739, 442.573577881, 102.658561707, 37.6784210205, 28.5406265259, 28.5201320648, 15.3103885651, 6.93412399292, 13.0519618988, 6.17311811447, 1.64430201054, 2.69033551216, 3.94722390175, 1.39016056061, 0.805651068687, 0.28226017952, 0.324151426554, 0.279036909342, 0.109219059348, 0.0165458228439, 0.000563995388802, 8.18487569632e-06, 1.76221419679e-08]}, "gfcc": {"mean": [-217.981628418, 92.8898620605, -91.0485305786, 1.41143810749, -61.5752944946, -4.34325647354, -38.2844543457, 4.5985865593, -14.8146352768, 3.19137907028, -10.8316841125, 1.97202253342, -11.4546556473], "cov": [[67839.0234375, 8382.28417969, -1482.97119141, 1083.26086426, 55.832069397, 479.253753662, -717.506103516, 1001.13916016, 22.2706947327, 530.600341797, -422.529724121, -620.63104248, -1451.09204102], [8382.28417969, 5415.69042969, 1208.67919922, 404.262969971, 956.148254395, -176.194778442, 328.420959473, 51.9232254028, 295.817321777, -389.936859131, 74.8341827393, -439.548126221, -185.101226807], [-1482.97119141, 1208.67919922, 2405.71337891, 494.192352295, 682.328430176, 121.723091125, 158.384414673, 114.439102173, 186.289855957, -25.2842578888, -2.51229691505, -60.1628074646, -164.9662323], [1083.26086426, 404.262969971, 494.192352295, 771.091369629, 408.832519531, 199.427474976, 148.601455688, 66.2278900146, 51.2013053894, -28.1928195953, -23.8015041351, -83.2503585815, -72.8438568115], [55.832069397, 956.148254395, 682.328430176, 408.832519531, 918.015319824, 173.616760254, 310.926696777, 139.250015259, 79.7251358032, -16.1229496002, 52.2035522461, -95.3349151611, -57.9632835388], [479.253753662, -176.194778442, 121.723091125, 199.427474976, 173.616760254, 328.9659729, 173.450393677, 86.9565963745, -4.01102018356, 36.256729126, -38.8213844299, -12.6024885178, -49.5292205811], [-717.506103516, 328.420959473, 158.384414673, 148.601455688, 310.926696777, 173.450393677, 328.585998535, 110.227035522, 51.9311828613, -20.9461078644, 20.5928020477, -82.1680831909, -13.0589570999], [1001.13916016, 51.9232254028, 114.439102173, 66.2278900146, 139.250015259, 86.9565963745, 110.227035522, 198.277633667, 74.6647720337, 67.9920349121, -0.455407351255, -8.68683433533, -63.7431678772], [22.2706947327, 295.817321777, 186.289855957, 51.2013053894, 79.7251358032, -4.01102018356, 51.9311828613, 74.6647720337, 168.213134766, 28.528793335, 38.8833389282, -18.4750480652, -14.4711017609], [530.600341797, -389.936859131, -25.2842578888, -28.1928195953, -16.1229496002, 36.256729126, -20.9461078644, 67.9920349121, 28.528793335, 207.486206055, 46.83411026, 49.9802207947, -31.6532325745], [-422.529724121, 74.8341827393, -2.51229691505, -23.8015041351, 52.2035522461, -38.8213844299, 20.5928020477, -0.455407351255, 38.8833389282, 46.83411026, 105.558250427, 29.6449317932, 10.4265775681], [-620.63104248, -439.548126221, -60.1628074646, -83.2503585815, -95.3349151611, -12.6024885178, -82.1680831909, -8.68683433533, -18.4750480652, 49.9802207947, 29.6449317932, 128.033966064, 42.3599624634], [-1451.09204102, -185.101226807, -164.9662323, -72.8438568115, -57.9632835388, -49.5292205811, -13.0589570999, -63.7431678772, -14.4711017609, -31.6532325745, 10.4265775681, 42.3599624634, 122.882713318]], "icov": [[7.57634043111e-05, -0.000244443072006, 0.000167418736964, -0.000124486876302, 0.000100468299934, -0.000278675172012, 0.000469534716103, -0.000426700309617, 0.000283417321043, -0.000413889298216, 0.000289095507469, -0.000149546467583, 0.000394828035496], [-0.000244443072006, 0.00122463575099, -0.000612777308561, 0.000491216429509, -0.000645882915705, 0.00110865710303, -0.00131953181699, 0.00137589359656, -0.00137130822986, 0.00212192488834, -0.00154412828851, 0.00154615705833, -0.000874504505191], [0.000167418736964, -0.000612777308561, 0.00108152977191, -0.000455781613709, -0.000235655825236, -0.000323390646372, 0.000678576296195, -0.000197228611796, -0.000232504244195, -0.000975988921709, 0.00165117310826, -0.00159328558948, 0.00209435191937], [-0.000124486876302, 0.000491216429509, -0.000455781613709, 0.00230561965145, -0.000922626990359, -0.000767868361436, 2.25431922445e-05, 0.000797395361587, -0.000912878196687, 0.001154791913, -0.000688754196744, 0.00143262860365, -0.000549346616026], [0.000100468299934, -0.000645882915705, -0.000235655825236, -0.000922626990359, 0.00280324416235, -0.000645975058433, -0.000576955499128, -0.00174143759068, 0.00162791949697, -0.000867084716447, -0.00105994555634, 8.65054826136e-05, -0.000524056842551], [-0.000278675172012, 0.00110865710303, -0.000323390646372, -0.000767868361436, -0.000645975058433, 0.00876994337887, -0.00755548197776, 0.00366052333266, -0.00136495695915, -0.000229411642067, 0.00454438198358, -0.00448599271476, 0.00275685451925], [0.000469534716103, -0.00131953181699, 0.000678576296195, 2.25431922445e-05, -0.000576955499128, -0.00755548197776, 0.0144219882786, -0.0088119590655, 0.00292210793123, 0.000268049683655, -0.00570363923907, 0.00849362276495, -0.00390534475446], [-0.000426700309617, 0.00137589359656, -0.000197228611796, 0.000797395361587, -0.00174143759068, 0.00366052333266, -0.0088119590655, 0.0158216822892, -0.00713738100603, -0.00101100560278, 0.00576841738075, -0.00631093792617, 0.00575149152428], [0.000283417321043, -0.00137130822986, -0.000232504244195, -0.000912878196687, 0.00162791949697, -0.00136495695915, 0.00292210793123, -0.00713738100603, 0.0116588650271, -0.00224300450645, -0.00382378371432, 0.00272424472496, -0.00256566680036], [-0.000413889298216, 0.00212192488834, -0.000975988921709, 0.001154791913, -0.000867084716447, -0.000229411642067, 0.000268049683655, -0.00101100560278, -0.00224300450645, 0.0116256121546, -0.00749154109508, 0.00210102507845, -0.00067243759986], [0.000289095507469, -0.00154412828851, 0.00165117310826, -0.000688754196744, -0.00105994555634, 0.00454438198358, -0.00570363923907, 0.00576841738075, -0.00382378371432, -0.00749154109508, 0.0224469993263, -0.0121654998511, 0.0065230880864], [-0.000149546467583, 0.00154615705833, -0.00159328558948, 0.00143262860365, 8.65054826136e-05, -0.00448599271476, 0.00849362276495, -0.00631093792617, 0.00272424472496, 0.00210102507845, -0.0121654998511, 0.0232457909733, -0.0109840054065], [0.000394828035496, -0.000874504505191, 0.00209435191937, -0.000549346616026, -0.000524056842551, 0.00275685451925, -0.00390534475446, 0.00575149152428, -0.00256566680036, -0.00067243759986, 0.0065230880864, -0.0109840054065, 0.0201589297503]]}, "melbands": {"dmean": [0.000659391866066, 0.000650400994346, 0.000260653818259, 0.000184409029316, 0.000120088268886, 0.000230279591051, 0.000809459015727, 0.00035876914626, 8.74944016687e-05, 5.14889470651e-05, 2.47585612669e-05, 2.80817057501e-05, 1.50934101839e-05, 1.11278022814e-05, 1.21787252283e-05, 6.49478488413e-06, 5.92184096604e-06, 9.95184836938e-06, 4.81268534713e-06, 4.38876622866e-06, 2.82062796941e-06, 1.9558740405e-06, 2.98612326333e-06, 1.68713984294e-06, 1.34371418881e-06, 9.97920096779e-07, 6.61937804125e-07, 8.71224585808e-07, 6.94633456533e-07, 3.41778957136e-07, 2.72752401997e-07, 3.20275660215e-07, 4.71329542506e-07, 3.91387914078e-07, 2.91622200166e-07, 2.89832513545e-07, 1.89260902062e-07, 1.25028137177e-07, 1.6875718245e-07, 1.71631910462e-07], "dmean2": [0.00123215583153, 0.00116901437286, 0.000447529688245, 0.000316947785905, 0.000203291332582, 0.000339742749929, 0.0011775973253, 0.000508001714479, 0.000142554723425, 7.57187808631e-05, 3.92137626477e-05, 4.49175386166e-05, 2.42948808591e-05, 1.88062585949e-05, 2.07573539228e-05, 1.0852437299e-05, 9.84348389466e-06, 1.66705685842e-05, 8.3030499809e-06, 7.01763656252e-06, 4.71843623018e-06, 3.32619492838e-06, 4.94629875902e-06, 2.76185187431e-06, 2.29222064263e-06, 1.60126501214e-06, 1.07259688775e-06, 1.38785503623e-06, 1.09410973437e-06, 5.64263871183e-07, 4.47207185061e-07, 5.43942633158e-07, 8.26558618883e-07, 6.64168680942e-07, 4.90536820053e-07, 4.97268388244e-07, 3.1404832157e-07, 2.03188591286e-07, 2.8757639825e-07, 2.84807896378e-07], "dvar": [1.47850196299e-05, 1.05932049337e-05, 8.58230919221e-07, 5.19640195762e-07, 1.09722172681e-07, 3.33585205681e-07, 5.82741995458e-06, 2.29613738156e-06, 1.10930713504e-07, 6.62774013449e-08, 2.83830869918e-09, 4.88148721445e-09, 1.28200361438e-09, 9.36988375777e-10, 1.67085534297e-09, 2.70384714618e-10, 2.57073223819e-10, 1.77159542591e-09, 3.42717354496e-10, 1.31754121502e-10, 5.31723241826e-11, 2.1653841914e-11, 8.61148027886e-11, 1.69789807214e-11, 1.45810516439e-11, 4.73679255542e-12, 3.12139572002e-12, 8.52319777256e-12, 4.38619496626e-12, 1.14625637541e-12, 6.48572504296e-13, 9.1036640032e-13, 3.00367196393e-12, 1.20931856109e-12, 5.19528268062e-13, 8.08869464464e-13, 2.65862933882e-13, 1.24854960355e-13, 3.35322183432e-13, 2.39085850727e-13], "dvar2": [4.26308288297e-05, 3.08589333144e-05, 2.39752534981e-06, 1.48223841734e-06, 3.04540037632e-07, 6.95979508691e-07, 1.14990443763e-05, 4.3185332288e-06, 2.57232983358e-07, 1.23912982986e-07, 7.02028701838e-09, 1.2142268524e-08, 3.30688809669e-09, 2.41051401062e-09, 4.71239980371e-09, 7.36893990272e-10, 6.54085396956e-10, 5.04832486925e-09, 9.81744796569e-10, 3.31408095411e-10, 1.43575942801e-10, 5.80014369866e-11, 2.12427422874e-10, 4.37785675766e-11, 3.9999354523e-11, 1.20824383484e-11, 8.0105757097e-12, 2.22950807122e-11, 1.12535076743e-11, 3.10805808174e-12, 1.7643195932e-12, 2.53600504312e-12, 8.63530080775e-12, 3.28365047826e-12, 1.35183379248e-12, 2.16562596848e-12, 6.53066955982e-13, 3.15892060773e-13, 8.98073390827e-13, 6.02897885695e-13], "max": [0.0443104915321, 0.0377666167915, 0.0112570151687, 0.00920433085412, 0.00505626341328, 0.00674009555951, 0.0304364003241, 0.0333464629948, 0.00574386725202, 0.0106403799728, 0.00058821158018, 0.000916891265661, 0.00039187137736, 0.000429208856076, 0.000826661882456, 0.000189571874216, 0.00024739879882, 0.000615574710537, 0.000289749412332, 0.000140757358167, 8.66577320267e-05, 5.76678794459e-05, 0.000146494610817, 5.54638354515e-05, 6.20956343482e-05, 2.33552782447e-05, 2.74667527265e-05, 4.3335443479e-05, 3.78767981601e-05, 1.75462009793e-05, 1.18036277854e-05, 1.53666878759e-05, 2.81437714875e-05, 1.7767009922e-05, 7.70173755882e-06, 1.34130450533e-05, 7.63262050896e-06, 4.18866102336e-06, 7.21913011148e-06, 4.78094716527e-06], "mean": [0.000722841650713, 0.00103847135324, 0.000447346945293, 0.00022954060114, 0.000151126703713, 0.000296677899314, 0.00109064951539, 0.000625314656645, 0.00010814279085, 8.08384575066e-05, 2.77678282146e-05, 3.18392812915e-05, 2.08645979001e-05, 1.04082209873e-05, 1.17593599498e-05, 7.39251026971e-06, 6.63152468405e-06, 9.91300294118e-06, 4.75232263852e-06, 5.10762538397e-06, 2.73976775134e-06, 1.93966570805e-06, 3.10581117446e-06, 1.79523317456e-06, 1.26219322283e-06, 1.05954654828e-06, 6.6607952931e-07, 8.27505516554e-07, 6.46971273e-07, 3.09478650706e-07, 2.43448056381e-07, 2.66992230991e-07, 3.65921124512e-07, 3.34975737815e-07, 2.49994599244e-07, 2.20516568561e-07, 1.60702370522e-07, 1.13863116269e-07, 1.37355726793e-07, 1.42437585282e-07], "median": [4.18649360654e-05, 0.000451780186268, 0.000157896516612, 6.35900796624e-05, 3.73804505216e-05, 3.6002118577e-05, 5.66469680052e-05, 3.22789128404e-05, 1.31269753183e-05, 5.00001760884e-06, 4.41324300482e-06, 6.33209310763e-06, 3.52661027136e-06, 7.5218144957e-07, 1.43149702581e-06, 1.25054816635e-06, 6.30542331237e-07, 9.08695369617e-07, 6.2523372435e-07, 9.1071137831e-07, 3.57481866331e-07, 3.72885835986e-07, 2.77716395658e-07, 2.29855857015e-07, 1.71841065821e-07, 1.81688960765e-07, 1.08747869376e-07, 6.82826026832e-08, 5.68874014562e-08, 3.33039373857e-08, 2.99201126097e-08, 3.30700800077e-08, 3.74803832415e-08, 2.84195138534e-08, 1.7178152234e-08, 1.79283006219e-08, 1.49177008524e-08, 1.11251363677e-08, 9.01490260219e-09, 9.23247611695e-09], "min": [3.27852110767e-24, 4.51411295744e-24, 7.31958869292e-24, 5.45482722034e-24, 5.17373280841e-24, 1.06738536609e-23, 1.15837913044e-23, 1.29677049788e-23, 1.15300714545e-23, 2.55118168951e-23, 4.69349834957e-24, 9.5358295084e-24, 1.29353364382e-23, 4.9521776733e-24, 7.37540454627e-24, 1.41415765486e-23, 1.20324425337e-23, 1.25325937582e-23, 1.2806772621e-23, 1.52836025925e-23, 9.61699698466e-24, 6.14958766919e-24, 1.12541791858e-23, 1.03310028786e-23, 7.64195117981e-24, 8.62865287803e-24, 9.1471758842e-24, 1.1141737319e-23, 8.92856832787e-24, 8.68699229742e-24, 1.26257448205e-23, 1.54372411424e-23, 1.0503240402e-23, 8.37627891951e-24, 9.29404916298e-24, 7.22864486346e-24, 8.77067939541e-24, 6.50047576084e-24, 9.0715864434e-24, 1.25050988002e-23], "var": [8.69242194312e-06, 6.58299359202e-06, 7.35854484901e-07, 3.89738659123e-07, 9.73508349489e-08, 5.0200435453e-07, 8.84066230356e-06, 5.19860759596e-06, 1.6968209593e-07, 2.04414803306e-07, 3.48695583519e-09, 5.38321209831e-09, 1.66838975968e-09, 8.93922325051e-10, 1.15356424413e-09, 2.45981651714e-10, 2.6904792283e-10, 1.28951826994e-09, 2.38107172867e-10, 1.51790302549e-10, 4.48070851256e-11, 1.78948193069e-11, 9.70669170042e-11, 1.65883886488e-11, 1.05720519145e-11, 4.70737294631e-12, 2.79562592694e-12, 7.83514138986e-12, 3.90713026169e-12, 8.69994451914e-13, 4.9318161317e-13, 6.19206292143e-13, 1.79097437835e-12, 8.93670228964e-13, 4.47658647347e-13, 5.73045246238e-13, 2.29664350688e-13, 1.0864674774e-13, 2.42744274117e-13, 2.01270613674e-13]}, "mfcc": {"mean": [-828.885803223, 127.219314575, 17.0399780273, 10.1188631058, -2.48620581627, -7.16111850739, -11.648525238, -2.29966473579, -5.31565189362, -0.20152156055, 0.775134563446, -0.698066949844, 4.39077091217], "cov": [[27257.0292969, 5937.85546875, -476.809661865, 816.079528809, 472.491760254, -22.2853603363, -65.5082397461, 37.3257141113, -166.080337524, 389.404754639, 405.227142334, 202.225997925, 359.302459717], [5937.85546875, 4180.96240234, 877.573852539, 719.349975586, 468.17779541, 39.9267234802, 132.199005127, 155.256866455, 78.9221496582, 181.38760376, 236.881256104, 85.4965438843, 72.4849777222], [-476.809661865, 877.573852539, 1496.37487793, 543.62286377, 393.301544189, 252.06690979, 132.214675903, 173.859939575, 140.035263062, 83.4207382202, 156.797195435, 105.450759888, 42.6493835449], [816.079528809, 719.349975586, 543.62286377, 726.165161133, 434.200317383, 232.934173584, 205.134338379, 151.930114746, 131.000518799, 99.2626419067, 87.3991928101, 93.2597885132, 36.8532905579], [472.491760254, 468.17779541, 393.301544189, 434.200317383, 446.532531738, 214.898498535, 185.556182861, 111.6459198, 114.034538269, 70.7249679565, 88.0741043091, 91.2077407837, 18.0377922058], [-22.2853603363, 39.9267234802, 252.06690979, 232.934173584, 214.898498535, 296.573394775, 194.308563232, 101.338775635, 77.6281814575, 44.7653694153, 34.0975265503, 41.3649787903, -10.2120409012], [-65.5082397461, 132.199005127, 132.214675903, 205.134338379, 185.556182861, 194.308563232, 308.159393311, 129.50038147, 90.9446563721, 69.7729187012, 57.2640762329, 46.6799507141, -12.7599554062], [37.3257141113, 155.256866455, 173.859939575, 151.930114746, 111.6459198, 101.338775635, 129.50038147, 178.406707764, 89.4743423462, 40.9485702515, 35.4464683533, 32.5022964478, 6.08044099808], [-166.080337524, 78.9221496582, 140.035263062, 131.000518799, 114.034538269, 77.6281814575, 90.9446563721, 89.4743423462, 145.149642944, 67.747756958, 21.9921092987, 42.194190979, 10.7141675949], [389.404754639, 181.38760376, 83.4207382202, 99.2626419067, 70.7249679565, 44.7653694153, 69.7729187012, 40.9485702515, 67.747756958, 120.241188049, 71.8745727539, 16.1502189636, 24.8535957336], [405.227142334, 236.881256104, 156.797195435, 87.3991928101, 88.0741043091, 34.0975265503, 57.2640762329, 35.4464683533, 21.9921092987, 71.8745727539, 151.145324707, 70.9097976685, 32.3169937134], [202.225997925, 85.4965438843, 105.450759888, 93.2597885132, 91.2077407837, 41.3649787903, 46.6799507141, 32.5022964478, 42.194190979, 16.1502189636, 70.9097976685, 129.964157104, 56.7265205383], [359.302459717, 72.4849777222, 42.6493835449, 36.8532905579, 18.0377922058, -10.2120409012, -12.7599554062, 6.08044099808, 10.7141675949, 24.8535957336, 32.3169937134, 56.7265205383, 101.481506348]], "icov": [[7.14928028174e-05, -0.00011307260138, 0.000120297343528, -2.21439586312e-05, -1.888999941e-05, -0.000140339136124, 0.000148515740875, -7.92930513853e-05, 0.000238584820181, -0.00023658691498, 3.24404063576e-05, -0.000107733481855, -0.000119573145639], [-0.00011307260138, 0.00052344694268, -0.000307031703414, -0.000203167350264, -0.000176243163878, 0.00064962595934, -0.000268477364443, -2.7188916647e-05, -5.67980496271e-05, 6.91376480972e-05, -0.000219934998313, 0.000294239784125, 0.000188473655726], [0.000120297343528, -0.000307031703414, 0.00135874957778, -0.00053630938055, -8.97106219782e-05, -0.000989278196357, 0.000921205268241, -0.000415121583501, -0.000420844764449, 0.000615389901213, -0.00122782588005, 0.000374647555873, -0.000450497667771], [-2.21439586312e-05, -0.000203167350264, -0.00053630938055, 0.00406965985894, -0.00296703632921, -0.000201277434826, -0.000190888880752, -0.000854822690599, 0.000793702027295, -0.00171713845339, 0.00174741481896, -0.000759636284783, -0.000289760180749], [-1.888999941e-05, -0.000176243163878, -8.97106219782e-05, -0.00296703632921, 0.00722620077431, -0.00208195787854, -0.00068467395613, 0.00123644282576, -0.00248746969737, 0.00190960394684, -0.00195835507475, -0.000684599566739, 0.000455125526059], [-0.000140339136124, 0.00064962595934, -0.000989278196357, -0.000201277434826, -0.00208195787854, 0.00822665169835, -0.00367161259055, -0.000517700333148, 0.000567348382901, -0.000615475932136, 0.00152995600365, -0.00040078497841, 0.00111664342694], [0.000148515740875, -0.000268477364443, 0.000921205268241, -0.000190888880752, -0.00068467395613, -0.00367161259055, 0.008017051965, -0.00330451061018, 0.000786317861639, -0.00275594461709, -0.000293629564112, -0.00165931915399, 0.00191933522001], [-7.92930513853e-05, -2.7188916647e-05, -0.000415121583501, -0.000854822690599, 0.00123644282576, -0.000517700333148, -0.00330451061018, 0.011152070947, -0.00651377346367, 0.00407753651962, -0.00262157339603, 0.00244069611654, -0.00141088094097], [0.000238584820181, -5.67980496271e-05, -0.000420844764449, 0.000793702027295, -0.00248746969737, 0.000567348382901, 0.000786317861639, -0.00651377346367, 0.0195191837847, -0.0140656689182, 0.00920194201171, -0.0087524484843, 0.00341895618476], [-0.00023658691498, 6.91376480972e-05, 0.000615389901213, -0.00171713845339, 0.00190960394684, -0.000615475932136, -0.00275594461709, 0.00407753651962, -0.0140656689182, 0.0255469754338, -0.0143051501364, 0.0120399743319, -0.0067852451466], [3.24404063576e-05, -0.000219934998313, -0.00122782588005, 0.00174741481896, -0.00195835507475, 0.00152995600365, -0.000293629564112, -0.00262157339603, 0.00920194201171, -0.0143051501364, 0.0187652483582, -0.0115056019276, 0.00353340944275], [-0.000107733481855, 0.000294239784125, 0.000374647555873, -0.000759636284783, -0.000684599566739, -0.00040078497841, -0.00165931915399, 0.00244069611654, -0.0087524484843, 0.0120399743319, -0.0115056019276, 0.0203747153282, -0.00973361264914], [-0.000119573145639, 0.000188473655726, -0.000450497667771, -0.000289760180749, 0.000455125526059, 0.00111664342694, 0.00191933522001, -0.00141088094097, 0.00341895618476, -0.0067852451466, 0.00353340944275, -0.00973361264914, 0.016411146149]]}, "spectral_contrast_coeffs": {"dmean": [0.0503230467439, 0.057953260839, 0.0494584739208, 0.0416724011302, 0.0294266343117, 0.0182703509927], "dmean2": [0.0783595070243, 0.0858356058598, 0.0735986158252, 0.0614896118641, 0.0438371449709, 0.0284361876547], "dvar": [0.0027283297386, 0.00346212484874, 0.00245665106922, 0.00175055011641, 0.000869022624101, 0.000314335018629], "dvar2": [0.00604874221608, 0.00693314848468, 0.00435202475637, 0.00332968099974, 0.00156920903828, 0.000719311181456], "max": [-0.348900318146, -0.380129814148, -0.42918241024, -0.544112741947, -0.600419938564, -0.703812897205], "mean": [-0.652323842049, -0.702725887299, -0.759331047535, -0.787261664867, -0.812223434448, -0.827434062958], "median": [-0.659760475159, -0.713940680027, -0.775194823742, -0.802478075027, -0.820120811462, -0.824058413506], "min": [-0.961166977882, -0.973097264767, -0.963610053062, -0.953760147095, -0.960344612598, -0.957259595394], "var": [0.0123393861577, 0.0157978218049, 0.0106860315427, 0.00831018388271, 0.00515209324658, 0.00172598904464]}, "spectral_contrast_valleys": {"dmean": [0.588536262512, 0.658911168575, 0.801087617874, 0.800196826458, 0.756312847137, 0.719767093658], "dmean2": [0.890681445599, 0.979131639004, 1.13741230965, 1.14680206776, 1.03377079964, 0.878983080387], "dvar": [0.457738816738, 0.587172210217, 0.743803739548, 0.786122918129, 0.706146240234, 0.533743023872], "dvar2": [0.889611959457, 1.22612154484, 1.46306371689, 1.4972383976, 1.26638197899, 0.858437657356], "max": [-