{"lowlevel": {"average_loudness": 0.967358112335, "barkbands_crest": {"dmean": 2.69173598289, "dmean2": 4.56419944763, "dvar": 5.35177373886, "dvar2": 15.0216236115, "max": 24.3119926453, "mean": 11.9880685806, "median": 11.6414270401, "min": 3.31715369225, "var": 13.269536972}, "barkbands_flatness_db": {"dmean": 0.0287438742816, "dmean2": 0.0431025736034, "dvar": 0.000864328816533, "dvar2": 0.00176953396294, "max": 0.642327547073, "mean": 0.201843887568, "median": 0.181221976876, "min": 0.0412755273283, "var": 0.00803371425718}, "barkbands_kurtosis": {"dmean": 5.48583078384, "dmean2": 8.80268383026, "dvar": 49.7102508545, "dvar2": 118.715637207, "max": 188.961273193, "mean": 12.0422563553, "median": 8.95538139343, "min": -1.80732417107, "var": 130.783905029}, "barkbands_skewness": {"dmean": 0.62801027298, "dmean2": 0.996522665024, "dvar": 0.404857844114, "dvar2": 0.96497040987, "max": 9.31236076355, "mean": 2.68840312958, "median": 2.54473590851, "min": -2.92910790443, "var": 1.24027991295}, "barkbands_spread": {"dmean": 3.71895575523, "dmean2": 6.15393829346, "dvar": 38.0306739807, "dvar2": 99.8355865479, "max": 83.7819137573, "mean": 9.90436172485, "median": 8.31126022339, "min": 0.304129987955, "var": 59.5246391296}, "dissonance": {"dmean": 0.0259496644139, "dmean2": 0.0425298474729, "dvar": 0.000602649815846, "dvar2": 0.00153201445937, "max": 0.499879837036, "mean": 0.431226760149, "median": 0.442845642567, "min": 0.0916483253241, "var": 0.00258920178749}, "dynamic_complexity": 1.76756465435, "erbbands_crest": {"dmean": 2.15740156174, "dmean2": 3.57147169113, "dvar": 4.29781961441, "dvar2": 12.0068998337, "max": 24.4793701172, "mean": 8.96309185028, "median": 8.30794715881, "min": 2.7529835701, "var": 11.0263376236}, "erbbands_flatness_db": {"dmean": 0.0247630737722, "dmean2": 0.0335319600999, "dvar": 0.000842066307086, "dvar2": 0.00159705616534, "max": 0.501738607883, "mean": 0.175742566586, "median": 0.155169039965, "min": 0.041547011584, "var": 0.00581845501438}, "erbbands_kurtosis": {"dmean": 1.10904633999, "dmean2": 1.75836718082, "dvar": 3.22360610962, "dvar2": 7.92473125458, "max": 36.7553634644, "mean": 1.19145321846, "median": 0.630400538445, "min": -1.76508450508, "var": 6.51417350769}, "erbbands_skewness": {"dmean": 0.344202011824, "dmean2": 0.543294608593, "dvar": 0.130676493049, "dvar2": 0.323708117008, "max": 5.3592710495, "mean": 0.959523260593, "median": 0.913915991783, "min": -1.80806040764, "var": 0.415443748236}, "erbbands_spread": {"dmean": 9.04906749725, "dmean2": 13.9729290009, "dvar": 169.452758789, "dvar2": 410.53918457, "max": 151.347717285, "mean": 34.761264801, "median": 30.6311206818, "min": 2.08492779732, "var": 348.642181396}, "hfc": {"dmean": 7.01918983459, "dmean2": 11.1619739532, "dvar": 149.56892395, "dvar2": 388.833282471, "max": 155.188278198, "mean": 16.3320560455, "median": 13.3258113861, "min": 1.16413640702e-16, "var": 159.883926392}, "melbands_crest": {"dmean": 3.07132434845, "dmean2": 5.18270683289, "dvar": 7.25325059891, "dvar2": 20.3303871155, "max": 30.4519672394, "mean": 14.7313537598, "median": 14.2959547043, "min": 2.10893917084, "var": 15.0981683731}, "melbands_flatness_db": {"dmean": 0.0325927361846, "dmean2": 0.0499146915972, "dvar": 0.00111809000373, "dvar2": 0.00234333006665, "max": 0.799803435802, "mean": 0.291581332684, "median": 0.270256012678, "min": 0.00694458046928, "var": 0.0109652094543}, "melbands_kurtosis": {"dmean": 10.4137449265, "dmean2": 16.3703384399, "dvar": 214.423553467, "dvar2": 499.589904785, "max": 321.358001709, "mean": 23.1784534454, "median": 16.8579826355, "min": -1.65864801407, "var": 463.594451904}, "melbands_skewness": {"dmean": 0.784730911255, "dmean2": 1.2305098772, "dvar": 0.712103188038, "dvar2": 1.61188292503, "max": 14.1981191635, "mean": 3.4240128994, "median": 3.21548843384, "min": -0.797422289848, "var": 2.01919794083}, "melbands_spread": {"dmean": 2.70410132408, "dmean2": 4.50387144089, "dvar": 16.8203582764, "dvar2": 41.3259544373, "max": 190.500823975, "mean": 8.5789899826, "median": 7.24717998505, "min": 0.371022760868, "var": 41.866317749}, "pitch_salience": {"dmean": 0.0680400878191, "dmean2": 0.114627577364, "dvar": 0.00371602969244, "dvar2": 0.0101381223649, "max": 0.856562554836, "mean": 0.566749691963, "median": 0.572118639946, "min": 0.176818698645, "var": 0.00841117091477}, "silence_rate_20dB": {"dmean": 0, "dmean2": 0, "dvar": 0, "dvar2": 0, "max": 1, "mean": 1, "median": 1, "min": 1, "var": 0}, "silence_rate_30dB": {"dmean": 0.0451845377684, "dmean2": 0.0903778746724, "dvar": 0.0431454703212, "dvar2": 0.109680615366, "max": 1, "mean": 0.968257069588, "median": 1, "min": 0, "var": 0.0307348258793}, "silence_rate_60dB": {"dmean": 0.00253189215437, "dmean2": 0.00506427744403, "dvar": 0.00252505461685, "dvar2": 0.00562351755798, "max": 1, "mean": 0.0136319380254, "median": 0, "min": 0, "var": 0.0134471440688}, "spectral_centroid": {"dmean": 120.410179138, "dmean2": 200.729919434, "dvar": 41508.6289062, "dvar2": 91675.359375, "max": 11019.1386719, "mean": 532.270507812, "median": 474.925384521, "min": 128.692108154, "var": 85784.6953125}, "spectral_complexity": {"dmean": 2.75041389465, "dmean2": 4.23626804352, "dvar": 12.8399190903, "dvar2": 28.0049266815, "max": 49, "mean": 14.4166507721, "median": 14, "min": 0, "var": 30.5080337524}, "spectral_decrease": {"dmean": 4.29731361606e-09, "dmean2": 6.88421009087e-09, "dvar": 3.12647305457e-17, "dvar2": 6.74565127793e-17, "max": -1.96696970594e-28, "mean": -1.08876498928e-08, "median": -9.19504739016e-09, "min": -5.59600472627e-08, "var": 5.1896365337e-17}, "spectral_energy": {"dmean": 0.016686797142, "dmean2": 0.0266796592623, "dvar": 0.000470707193017, "dvar2": 0.00101724243723, "max": 0.217416465282, "mean": 0.0425739102066, "median": 0.0359795168042, "min": 1.13014463997e-20, "var": 0.000776455446612}, "spectral_energyband_high": {"dmean": 0.000388382060919, "dmean2": 0.000636166194454, "dvar": 9.07789399207e-07, "dvar2": 2.48759010901e-06, "max": 0.0140481330454, "mean": 0.000468143349281, "median": 0.000167485530255, "min": 7.80567934904e-21, "var": 7.77086938797e-07}, "spectral_energyband_low": {"dmean": 0.00986965373158, "dmean2": 0.0160503480583, "dvar": 0.000319006299833, "dvar2": 0.000639490725007, "max": 0.175182655454, "mean": 0.0156126841903, "median": 0.00854384154081, "min": 5.45898372845e-23, "var": 0.000477692723507}, "spectral_energyband_middle_high": {"dmean": 0.00120197562501, "dmean2": 0.00188236811664, "dvar": 5.10698282596e-06, "dvar2": 1.23808358694e-05, "max": 0.0425680205226, "mean": 0.00302164396271, "median": 0.00231090770103, "min": 1.98409225977e-21, "var": 8.03987495601e-06}, "spectral_energyband_middle_low": {"dmean": 0.0103336563334, "dmean2": 0.0172807928175, "dvar": 0.000164186800248, "dvar2": 0.00043857676792, "max": 0.139649093151, "mean": 0.0258481986821, "median": 0.0226281043142, "min": 4.84219484367e-22, "var": 0.000246304407483}, "spectral_entropy": {"dmean": 0.277235895395, "dmean2": 0.410867899656, "dvar": 0.0947509780526, "dvar2": 0.200898885727, "max": 9.79495334625, "mean": 6.89338779449, "median": 7.0504655838, "min": 3.63816356659, "var": 0.593529999256}, "spectral_flux": {"dmean": 0.0361117646098, "dmean2": 0.0565806180239, "dvar": 0.00166543282103, "dvar2": 0.0037340503186, "max": 0.393726706505, "mean": 0.0942519903183, "median": 0.078884229064, "min": 1.06308260805e-10, "var": 0.00340747623704}, "spectral_kurtosis": {"dmean": 8.33180427551, "dmean2": 13.10384655, "dvar": 470.516204834, "dvar2": 1191.54443359, "max": 603.282531738, "mean": 19.8100624084, "median": 6.25262880325, "min": -1.15792405605, "var": 2142.92675781}, "spectral_rms": {"dmean": 0.00117437227163, "dmean2": 0.00185876060277, "dvar": 1.62300511874e-06, "dvar2": 3.44456884704e-06, "max": 0.014564121142, "mean": 0.00613791402429, "median": 0.00592469144613, "min": 3.32051226792e-12, "var": 3.86161264032e-06}, "spectral_rolloff": {"dmean": 209.745697021, "dmean2": 373.030883789, "dvar": 450517.40625, "dvar2": 1199801.75, "max": 18217.0898438, "mean": 564.363647461, "median": 430.6640625, "min": 86.1328125, "var": 433014.15625}, "spectral_skewness": {"dmean": 0.561268687248, "dmean2": 0.858603656292, "dvar": 0.772477567196, "dvar2": 1.7700830698, "max": 20.1791000366, "mean": 2.85307717323, "median": 2.20723032951, "min": -0.0101199224591, "var": 4.90755367279}, "spectral_spread": {"dmean": 1067881.875, "dmean2": 1555726.5, "dvar": 2245459968000.0, "dvar2": 5196123471870.0, "max": 39261280, "mean": 4675757.5, "median": 4703072, "min": 153607.90625, "var": 5726728093700.0}, "spectral_strongpeak": {"dmean": 0.310175478458, "dmean2": 0.537313103676, "dvar": 0.117599986494, "dvar2": 0.31848526001, "max": 4.7185716629, "mean": 0.722191870213, "median": 0.645053505898, "min": 6.22019946661e-09, "var": 0.186938256025}, "zerocrossingrate": {"dmean": 0.00757508771494, "dmean2": 0.0093439668417, "dvar": 0.000100311779534, "dvar2": 0.000131728564156, "max": 0.48095703125, "mean": 0.0349164828658, "median": 0.02978515625, "min": 0.00390625, "var": 0.000512334110681}, "barkbands": {"dmean": [0.000348702946212, 0.00434819841757, 0.0051894383505, 0.00356028904207, 0.00703617790714, 0.00140344025567, 0.000625431828666, 0.000507419812493, 0.000323396088788, 0.000491359853186, 0.000182978459634, 0.000346232147422, 0.000172474698047, 0.000101623372757, 8.18626140244e-05, 9.61852347245e-05, 6.29530186416e-05, 9.12570758373e-05, 8.85209447006e-05, 4.09157510148e-05, 4.86187091155e-05, 4.8903420975e-05, 4.76824679936e-05, 7.50895851525e-05, 8.58726416482e-05, 7.55675064283e-05, 1.02503663584e-05], "dmean2": [0.000544420909137, 0.00676881195977, 0.00907554291189, 0.00613588280976, 0.0118436152115, 0.00233206851408, 0.000975299568381, 0.000793584738858, 0.000521195644978, 0.00075208011549, 0.000299228384392, 0.000550775323063, 0.000272387842415, 0.000160308452905, 0.000128767205752, 0.000151971849846, 0.000102568679722, 0.000157213740749, 0.000157968504936, 6.94491609465e-05, 8.04351002444e-05, 8.08333061286e-05, 7.89872792666e-05, 0.000126104161609, 0.000146651291288, 0.000126411265228, 1.77988986252e-05], "dvar": [1.18555215067e-06, 0.000137403403642, 6.76580020809e-05, 4.10459615523e-05, 8.01843198133e-05, 9.97277311399e-06, 1.33281173476e-06, 8.3917569782e-07, 4.31985085925e-07, 7.7829190559e-07, 2.08603609053e-07, 3.93653976971e-07, 2.50996180284e-07, 4.13539567035e-08, 2.44450433229e-08, 5.31834523088e-08, 2.17383853141e-08, 1.17128791999e-07, 1.38059576216e-07, 1.49362389124e-08, 1.61066200377e-08, 1.34817241815e-08, 1.29396884319e-08, 4.34717826181e-08, 6.93146660069e-08, 6.74338025419e-08, 1.52762769101e-09], "dvar2": [2.64724690169e-06, 0.000279599305941, 0.000194468273548, 0.000105541956145, 0.000225744530326, 2.75924376183e-05, 3.37989649779e-06, 2.08907226806e-06, 1.10897622108e-06, 1.86026011306e-06, 5.22393577285e-07, 1.02305716609e-06, 6.48651280244e-07, 1.03863690981e-07, 5.82165675667e-08, 1.32672340669e-07, 5.60218289536e-08, 3.3080576145e-07, 3.97714785549e-07, 4.21535411022e-08, 4.36702940476e-08, 3.68222465852e-08, 3.53678011322e-08, 1.21203413528e-07, 1.95018401428e-07, 1.86660045642e-07, 4.24807522492e-09], "max": [0.0104450043291, 0.12540756166, 0.0971605181694, 0.121823579073, 0.0958695709705, 0.0684489756823, 0.0209629610181, 0.0144979376346, 0.0193636380136, 0.0136380782351, 0.0097129996866, 0.0119313076138, 0.0180634278804, 0.00310417986475, 0.00318023795262, 0.00682965898886, 0.00213860697113, 0.0071599832736, 0.00704407645389, 0.00257165543735, 0.00271918927319, 0.00197516963817, 0.00183386763092, 0.00314944027923, 0.00404845736921, 0.00591405620798, 0.000882014806848], "mean": [0.000306373956846, 0.00442114053294, 0.00859177857637, 0.00465091923252, 0.0148241976276, 0.00295621086843, 0.00155240856111, 0.00109601544682, 0.00059773720568, 0.000986544182524, 0.00026461656671, 0.000734175846446, 0.000341653591022, 0.000194050575374, 0.000151453612489, 0.000145707599586, 8.25578317745e-05, 0.00010024997755, 8.48864146974e-05, 5.2453520766e-05, 6.87463689246e-05, 6.36398399365e-05, 6.08887894487e-05, 8.5219850007e-05, 8.20702771307e-05, 7.00154487276e-05, 8.22009315016e-06], "median": [1.66702284332e-06, 0.000570530770347, 0.00508181471378, 0.00282008992508, 0.0116625633091, 0.00222865049727, 0.00102549931034, 0.000713378656656, 0.000328311463818, 0.000540918204933, 0.00010442949133, 0.000482941686641, 0.000161018353538, 0.000111789035145, 8.06030948297e-05, 6.51360023767e-05, 3.63372892025e-05, 3.80205347028e-05, 2.77835169982e-05, 2.04514471989e-05, 2.91732521873e-05, 2.23171373364e-05, 2.35872812482e-05, 2.8075719456e-05, 1.98303332581e-05, 1.187244834e-05, 9.34719537327e-07], "min": [1.40564363688e-23, 2.97508414331e-23, 6.70748469529e-24, 1.84971821066e-23, 6.372998994e-23, 9.51893904979e-23, 1.945908754e-23, 8.66282175705e-23, 1.93302450972e-22, 4.00791006535e-23, 3.32341419571e-23, 1.30350416724e-22, 2.33912682206e-22, 1.23465188256e-22, 1.65149658717e-22, 3.26374829094e-22, 2.45568259853e-22, 2.54669240832e-22, 3.20072221736e-22, 2.20245597604e-22, 4.90056045324e-22, 8.2550272434e-22, 6.28020825184e-22, 7.60660326928e-22, 1.45310450661e-21, 1.34729869547e-21, 2.56735738335e-21], "var": [1.17975991998e-06, 0.000157026239322, 0.000100570003269, 4.22183111368e-05, 0.00014591391664, 1.00455044958e-05, 2.97774886349e-06, 1.58753641699e-06, 6.61760282128e-07, 1.54704525812e-06, 2.47130287789e-07, 6.84902261128e-07, 3.70575463648e-07, 6.53763052583e-08, 4.03255846493e-08, 6.41139337176e-08, 2.2163240132e-08, 7.88093146298e-08, 8.38423233063e-08, 1.17615224227e-08, 1.68656821842e-08, 1.39444598091e-08, 1.14993765621e-08, 3.31201093218e-08, 4.78144244198e-08, 4.8224151783e-08, 9.96991933455e-10]}, "erbbands": {"dmean": [0.174604356289, 0.867954552174, 4.73033285141, 9.69790840149, 19.039812088, 27.7898044586, 16.1881465912, 11.5761756897, 9.548371315, 9.29050159454, 11.9220104218, 6.97550058365, 9.61930274963, 16.3886947632, 7.2066860199, 14.3717298508, 9.04428482056, 4.90190792084, 4.1524438858, 4.41699361801, 5.68694257736, 3.39665341377, 4.27664422989, 5.630879879, 3.51885938644, 1.74659800529, 1.74130523205, 2.1248857975, 1.75351345539, 1.58324921131, 1.40700042248, 1.35694825649, 1.36253249645, 0.944710731506, 0.61296916008, 0.354683488607, 0.135665133595, 0.0249719284475, 0.00162567826919, 6.45420223009e-05], "dmean2": [0.278043180704, 1.42244362831, 8.15683746338, 17.070526123, 32.2782859802, 47.0962524414, 26.2786121368, 19.7569103241, 15.1435995102, 14.8066272736, 18.5930309296, 11.3315439224, 15.510011673, 24.6307296753, 11.5008897781, 22.8806228638, 14.2497396469, 7.74848222733, 6.49664926529, 6.96475410461, 8.90358829498, 5.53272819519, 7.33442020416, 9.94298458099, 6.21831846237, 2.97236180305, 2.92042613029, 3.48957633972, 2.88824820518, 2.68110203743, 2.32070064545, 2.24888300896, 2.31789517403, 1.63673722744, 1.04203462601, 0.601388096809, 0.226284787059, 0.0424359925091, 0.00279765878804, 0.000106260740722], "dvar": [0.29904717207, 4.73601341248, 63.3117523193, 276.594696045, 701.799133301, 1218.59692383, 671.006408691, 937.187866211, 335.593780518, 390.596008301, 461.540374756, 215.583816528, 380.627655029, 934.245178223, 209.899093628, 775.609436035, 672.150085449, 111.355781555, 65.5409545898, 76.4579849243, 205.929489136, 70.6266403198, 226.457427979, 548.882202148, 209.807678223, 30.4193172455, 24.7434864044, 27.6105518341, 17.6651725769, 16.3715667725, 10.5238647461, 12.096780777, 16.6130886078, 9.15904331207, 3.5675842762, 1.46707820892, 0.233083471656, 0.00798268802464, 3.51651760866e-05, 3.38704566616e-08], "dvar2": [0.696986198425, 9.72096633911, 176.34413147, 754.855041504, 1962.42089844, 3469.92749023, 1762.07543945, 2589.16723633, 858.584716797, 1017.49951172, 1138.2520752, 555.481262207, 979.237365723, 2170.89697266, 524.139282227, 2017.3848877, 1729.25891113, 282.656524658, 158.899963379, 180.784408569, 514.936035156, 187.195892334, 634.745544434, 1575.49304199, 606.124450684, 86.2284851074, 69.296257019, 73.087020874, 48.4435386658, 45.8767089844, 28.3900794983, 33.2949867249, 46.6888465881, 26.0446624756, 9.97274589539, 4.09799623489, 0.645254433155, 0.0219303481281, 9.7224379715e-05, 9.1400075064e-08], "max": [5.15960168839, 24.9276943207, 94.3055953979, 286.161529541, 373.211334229, 416.174957275, 387.158630371, 673.482116699, 308.20413208, 361.696624756, 416.674407959, 393.905700684, 377.971679688, 559.679077148, 354.109191895, 559.692016602, 947.327026367, 170.966629028, 139.951950073, 150.108383179, 447.049530029, 114.057304382, 352.041473389, 470.48260498, 287.97644043, 141.651611328, 119.128684998, 88.2031478882, 67.8635559082, 69.4244155884, 45.6781234741, 49.0743293762, 73.7988510132, 62.4371261597, 38.9194259644, 29.4173965454, 10.2192687988, 1.60796380043, 0.105701766908, 0.00296839699149], "mean": [0.148436799645, 1.03104364872, 7.63020849228, 14.6554069519, 32.5375595093, 54.0516014099, 39.0729942322, 19.91680336, 23.2979011536, 19.9054145813, 27.037322998, 13.5872659683, 19.1039962769, 32.8601341248, 14.3148441315, 30.7001056671, 19.3981304169, 9.85538578033, 8.1476650238, 7.9510474205, 8.79076099396, 4.44294118881, 4.85091352463, 5.73304271698, 3.46996188164, 2.237449646, 2.50931167603, 2.99677228928, 2.33365702629, 1.85420024395, 1.82501256466, 1.6624686718, 1.44449293613, 0.885544598103, 0.590960919857, 0.334378302097, 0.125143662095, 0.0212406199425, 0.00135696004145, 8.88853974175e-05], "median": [0.00797876901925, 0.323429554701, 4.58540534973, 9.92836761475, 21.7538776398, 41.1206893921, 28.7678279877, 14.2877502441, 15.4448413849, 11.230723381, 18.0977687836, 8.23847389221, 10.9792661667, 17.5508880615, 9.71696281433, 19.562877655, 9.68830299377, 6.41044712067, 4.75793457031, 3.75426101685, 4.02014112473, 2.06702566147, 2.05967140198, 1.82413470745, 1.236795187, 0.882121682167, 1.13378584385, 1.09157085419, 0.828884065151, 0.658623993397, 0.699016332626, 0.609879851341, 0.437787294388, 0.225893720984, 0.136236041784, 0.0642776340246, 0.0194135736674, 0.002825146541, 0.000173823151272, 5.15052306582e-05], "min": [1.42804664919e-21, 4.64525406523e-21, 7.43247791332e-21, 3.8336228326e-20, 8.99823613947e-20, 2.22634240152e-19, 5.32177297036e-19, 9.24653818177e-19, 2.74164516236e-19, 5.66076347611e-19, 2.61679227846e-18, 3.7508600002e-18, 2.54449441818e-18, 2.15197054095e-18, 1.59150873344e-18, 7.00175218584e-18, 1.06439086594e-17, 6.05142381882e-18, 8.64626830729e-18, 8.66166213849e-18, 2.15076703451e-17, 1.58317819749e-17, 1.36862160867e-17, 1.62327114547e-17, 1.35280831418e-17, 1.17761435557e-17, 2.07023885121e-17, 1.77261314568e-17, 2.64681632908e-17, 2.13590524588e-17, 1.93832505021e-17, 1.31986121407e-17, 1.48145516536e-17, 1.56370586956e-17, 1.0376804595e-17, 3.88337681587e-18, 3.01617472374e-18, 1.69159810455e-18, 3.0412512727e-19, 3.33207285418e-20], "var": [0.274442493916, 5.49361276627, 81.6592254639, 298.509216309, 1219.18811035, 2108.76855469, 1310.1932373, 729.264953613, 649.019592285, 685.276367188, 878.904602051, 311.858337402, 588.114440918, 1900.2878418, 289.716186523, 1320.4432373, 1041.83618164, 159.066665649, 105.868965149, 130.93762207, 247.838806152, 64.1374969482, 157.259689331, 341.458435059, 128.09223938, 23.0683441162, 21.705450058, 34.4896011353, 17.7269935608, 12.7725811005, 9.92220783234, 10.0880708694, 11.8268718719, 5.99280500412, 2.5209107399, 1.02225506306, 0.166604369879, 0.00555710587651, 2.3633314413e-05, 2.5330834319e-08]}, "gfcc": {"mean": [-15.420050621, 121.765090942, -81.9922943115, 8.31183052063, -57.7068328857, 8.56998062134, -45.2366409302, -6.47786331177, -34.6693191528, -9.00335597992, -21.0683231354, -2.90196347237, -14.4522886276], "cov": [[9985.23242188, -3413.04003906, -570.865783691, 1008.4901123, -815.678405762, 766.65826416, -274.510437012, 612.675354004, -346.99609375, 499.381134033, -308.747772217, 486.417724609, -140.498962402], [-3413.04003906, 3046.25634766, -105.54196167, -573.294555664, 828.843994141, -385.435058594, 190.348068237, -330.282989502, 365.904846191, -395.175445557, 250.766189575, -275.455047607, 208.495513916], [-570.865783691, -105.54196167, 754.364013672, 115.576942444, 42.4255485535, 82.6652145386, 92.2356109619, 14.8356342316, 1.8844871521, 47.5521850586, -26.0169773102, -0.218726634979, 8.07555580139], [1008.4901123, -573.294555664, 115.576942444, 419.902374268, -108.050003052, 85.8412628174, 4.47250127792, 105.307502747, -57.3337478638, 77.8293228149, -46.3778495789, 48.1866760254, -14.3392686844], [-815.678405762, 828.843994141, 42.4255485535, -108.050003052, 407.316650391, -35.1085395813, 66.007270813, -34.8609390259, 161.476913452, -81.6815490723, 61.7972488403, -67.1474761963, 73.9987716675], [766.65826416, -385.435058594, 82.6652145386, 85.8412628174, -35.1085395813, 243.74987793, 23.1464519501, 78.4425964355, -12.1659984589, 97.7843475342, -35.895778656, 59.6443595886, -13.4405527115], [-274.510437012, 190.348068237, 92.2356109619, 4.47250127792, 66.007270813, 23.1464519501, 126.199569702, 9.60182857513, 23.5181522369, -4.57679462433, 33.259475708, -11.1692609787, 13.1092042923], [612.675354004, -330.282989502, 14.8356342316, 105.307502747, -34.8609390259, 78.4425964355, 9.60182857513, 133.628936768, 9.68108558655, 61.8781051636, -26.9982891083, 48.4284362793, -6.5928440094], [-346.99609375, 365.904846191, 1.8844871521, -57.3337478638, 161.476913452, -12.1659984589, 23.5181522369, 9.68108558655, 133.272384644, -8.79978752136, 24.8193206787, -22.9441509247, 48.6493797302], [499.381134033, -395.175445557, 47.5521850586, 77.8293228149, -81.6815490723, 97.7843475342, -4.57679462433, 61.8781051636, -8.79978752136, 122.50440979, -11.7170886993, 44.143535614, -27.8636646271], [-308.747772217, 250.766189575, -26.0169773102, -46.3778495789, 61.7972488403, -35.895778656, 33.259475708, -26.9982891083, 24.8193206787, -11.7170886993, 79.5363922119, -4.8379573822, 0.522361159325], [486.417724609, -275.455047607, -0.218726634979, 48.1866760254, -67.1474761963, 59.6443595886, -11.1692609787, 48.4284362793, -22.9441509247, 44.143535614, -4.8379573822, 76.774269104, 2.49183344841], [-140.498962402, 208.495513916, 8.07555580139, -14.3392686844, 73.9987716675, -13.4405527115, 13.1092042923, -6.5928440094, 48.6493797302, -27.8636646271, 0.522361159325, 2.49183344841, 71.4632110596]], "icov": [[0.000306030007778, -0.000161548348842, 0.000334804528393, -0.000466782483272, 5.92367287027e-05, -0.000499574583955, 0.000405508442782, -0.00056962063536, 0.000506144366227, -0.000369766523363, 0.000627522997092, -0.000969442888163, 0.000199737391085], [-0.000161548348842, 0.00399882998317, 1.24229859466e-06, 0.00139882427175, -0.00216923723929, 0.00034708189196, -0.00218849303201, 0.00336532155052, -0.0042472765781, 0.00557082379237, -0.00603500008583, 0.00515380408615, -0.00375247793272], [0.000334804528393, 1.24229859466e-06, 0.00207373523153, -0.000873858225532, -0.000592173950281, -0.000466886471258, -0.00119135831483, 0.000489900703542, 0.000600106082857, -0.0012236420298, 0.00193667947315, -0.001200699131, 0.000176125729922], [-0.000466782483272, 0.00139882427175, -0.000873858225532, 0.00466459570453, -0.000806474592537, 0.000927467131987, -0.00108524423558, -0.0010936066974, 0.00059856538428, 0.000739829149097, -0.00248373392969, 0.00384938204661, -0.00309147662483], [5.92367287027e-05, -0.00216923723929, -0.000592173950281, -0.000806474592537, 0.00875843688846, -0.00266769784503, 0.00126882700715, -0.00235407776199, -0.00467710616067, 0.00188616116066, -0.00112517469097, 0.00118831254076, 0.000215703301365], [-0.000499574583955, 0.00034708189196, -0.000466886471258, 0.000927467131987, -0.00266769784503, 0.00934170372784, -0.00360938464291, 0.00117313652299, 0.000540972338058, -0.00514755118638, 0.00439212424681, -0.00367123051547, 0.00125428941101], [0.000405508442782, -0.00218849303201, -0.00119135831483, -0.00108524423558, 0.00126882700715, -0.00360938464291, 0.0142280459404, -0.00635491730645, 0.0044880961068, -0.00138879939914, -0.00473324675113, 0.00214649108239, -0.00172692653723], [-0.00056962063536, 0.00336532155052, 0.000489900703542, -0.0010936066974, -0.00235407776199, 0.00117313652299, -0.00635491730645, 0.0203348062932, -0.0107498830184, 0.00256938813254, 0.00202834815718, -0.00500922044739, 0.00296663958579], [0.000506144366227, -0.0042472765781, 0.000600106082857, 0.00059856538428, -0.00467710616067, 0.000540972338058, 0.0044880961068, -0.0107498830184, 0.0279896799475, -0.0142333414406, 0.00354491476901, 0.00113852496725, -0.0081008290872], [-0.000369766523363, 0.00557082379237, -0.0012236420298, 0.000739829149097, 0.00188616116066, -0.00514755118638, -0.00138879939914, 0.00256938813254, -0.0142333414406, 0.0282139070332, -0.0124495690688, 0.00437866384163, 0.00150582473725], [0.000627522997092, -0.00603500008583, 0.00193667947315, -0.00248373392969, -0.00112517469097, 0.00439212424681, -0.00473324675113, 0.00202834815718, 0.00354491476901, -0.0124495690688, 0.0344638749957, -0.02050527744, 0.0143660288304], [-0.000969442888163, 0.00515380408615, -0.001200699131, 0.00384938204661, 0.00118831254076, -0.00367123051547, 0.00214649108239, -0.00500922044739, 0.00113852496725, 0.00437866384163, -0.02050527744, 0.0397532731295, -0.0191151238978], [0.000199737391085, -0.00375247793272, 0.000176125729922, -0.00309147662483, 0.000215703301365, 0.00125428941101, -0.00172692653723, 0.00296663958579, -0.0081008290872, 0.00150582473725, 0.0143660288304, -0.0191151238978, 0.0319600142539]]}, "melbands": {"dmean": [0.00132912280969, 0.00196364196017, 0.00177469011396, 0.0017051466275, 0.000698897812981, 0.000253856735071, 0.00014521209232, 9.75121438387e-05, 9.40147438087e-05, 4.31827284046e-05, 4.94566411362e-05, 7.09347077645e-05, 2.48075120908e-05, 3.91862777178e-05, 2.88224709948e-05, 1.44782088682e-05, 9.40877635003e-06, 7.05102820575e-06, 6.19198817731e-06, 5.89820501773e-06, 6.85205213813e-06, 3.63990602636e-06, 3.24201459989e-06, 4.67499830847e-06, 4.76281684314e-06, 2.95111226478e-06, 1.86046179351e-06, 1.07908533664e-06, 1.13720739137e-06, 1.21476750792e-06, 1.27654050175e-06, 1.00538215975e-06, 9.65716708379e-07, 8.70881024184e-07, 8.98676944416e-07, 6.81307312789e-07, 9.06990010208e-07, 1.03769332327e-06, 8.11825316305e-07, 8.10529058981e-07], "dmean2": [0.00204297667369, 0.00331164547242, 0.00308581395075, 0.00289683672599, 0.00114494271111, 0.000430339161539, 0.000229468787438, 0.000155783927767, 0.000147474958794, 7.02633697074e-05, 7.99025801825e-05, 0.000106785097159, 4.02034602303e-05, 6.24516324024e-05, 4.60886549263e-05, 2.27299042308e-05, 1.48938179336e-05, 1.10940836748e-05, 9.75756847765e-06, 9.36818832997e-06, 1.07268124339e-05, 5.93608046984e-06, 5.50124241272e-06, 8.14732447907e-06, 8.45174599817e-06, 5.24743109054e-06, 3.24786401507e-06, 1.84961538707e-06, 1.927143785e-06, 2.01135230782e-06, 2.11200790545e-06, 1.67037205756e-06, 1.62243463819e-06, 1.49613379108e-06, 1.49852712639e-06, 1.13807277557e-06, 1.51610947796e-06, 1.77206834451e-06, 1.40582540098e-06, 1.41677151078e-06], "dvar": [1.47538730744e-05, 1.17525296446e-05, 6.97139194017e-06, 4.84814609081e-06, 9.97134293357e-07, 4.13432275082e-07, 7.42670778209e-08, 4.10396978623e-08, 2.85640702202e-08, 8.64967120151e-09, 1.01295345445e-08, 1.72896541528e-08, 3.23173043881e-09, 4.33807079148e-09, 5.06334041361e-09, 1.61402402554e-09, 4.04387079378e-10, 1.94929170028e-10, 1.55434040638e-10, 1.62863320052e-10, 3.09135356202e-10, 7.89744936114e-11, 1.01994794555e-10, 3.33564453836e-10, 4.1074871282e-10, 1.53683940574e-10, 4.75876213435e-11, 1.16964962021e-11, 1.01658707494e-11, 1.00563229619e-11, 1.09362189443e-11, 6.19128229587e-12, 5.41725345138e-12, 5.64550880003e-12, 4.24289596512e-12, 3.25470401498e-12, 5.47592873823e-12, 9.67097235627e-12, 6.35872994884e-12, 7.86942819936e-12], "dvar2": [3.19252649206e-05, 3.08956150548e-05, 1.87342557183e-05, 1.39656376632e-05, 2.60113461081e-06, 1.14401996143e-06, 1.88877663732e-07, 1.06878189854e-07, 7.14849690553e-08, 2.22754312773e-08, 2.61404071722e-08, 4.01094517599e-08, 8.01305954923e-09, 1.13280851366e-08, 1.29734987198e-08, 4.20519130628e-09, 1.01980068834e-09, 4.75776917863e-10, 3.72790465164e-10, 3.96423643911e-10, 7.67638341781e-10, 2.05760380956e-10, 2.81722228879e-10, 9.47526945794e-10, 1.18200560451e-09, 4.43335562705e-10, 1.36493996661e-10, 3.3003374339e-11, 2.86059353288e-11, 2.67606110882e-11, 2.9072499616e-11, 1.70000749589e-11, 1.49406285954e-11, 1.59478263928e-11, 1.14228982176e-11, 9.03249523787e-12, 1.50632770146e-11, 2.70896430288e-11, 1.80462953608e-11, 2.25008310595e-11], "max": [0.0395137183368, 0.045354578644, 0.0450374484062, 0.0246955547482, 0.0123972874135, 0.0140955150127, 0.00477942824364, 0.00384013610892, 0.00344242225401, 0.00276965391822, 0.00184282951523, 0.00237075169571, 0.00128488172777, 0.000998761504889, 0.00146398227662, 0.0015825725859, 0.000323294225382, 0.000266176008154, 0.000306045723846, 0.000227652082685, 0.000517434382346, 0.000134773465106, 0.00025046968949, 0.000366897555068, 0.00042705697706, 0.000282800465357, 0.000132007888169, 0.000108227002784, 7.81682829256e-05, 7.50118706492e-05, 6.70546723995e-05, 5.08865632582e-05, 3.84199047403e-05, 5.30997640453e-05, 3.02076095977e-05, 3.82259022444e-05, 3.49530746462e-05, 5.17572334502e-05, 4.52080494142e-05, 7.62273775763e-05], "mean": [0.00123965321109, 0.00312615558505, 0.0029922768008, 0.00329499691725, 0.00160921784118, 0.000454643159173, 0.000359083642252, 0.00020912605396, 0.000207686141948, 7.85017982707e-05, 9.69036991592e-05, 0.000140417338116, 4.15339673054e-05, 8.03469447419e-05, 5.97478938289e-05, 2.98526956612e-05, 1.78039772436e-05, 1.35404679895e-05, 1.09789943963e-05, 9.93692901829e-06, 1.02172389234e-05, 4.58341128251e-06, 3.76559455617e-06, 5.00272381032e-06, 4.71507837574e-06, 2.82623909698e-06, 1.90716252746e-06, 1.41540260756e-06, 1.59089506724e-06, 1.7017407572e-06, 1.70691839685e-06, 1.33234118493e-06, 1.14545434826e-06, 9.81574316938e-07, 1.15757950425e-06, 8.33185310967e-07, 1.0891499187e-06, 1.10632925043e-06, 7.82066479132e-07, 7.38815174373e-07], "median": [0.000102568294096, 0.00184195057955, 0.00224818568677, 0.0024655261077, 0.00133353983983, 0.000340933387633, 0.000244490685873, 0.000119258489576, 0.000143125274917, 4.31139014836e-05, 5.50203985767e-05, 7.36007496016e-05, 2.34185499721e-05, 5.22677946719e-05, 3.49133697455e-05, 1.45735866681e-05, 1.02374788185e-05, 7.37645677873e-06, 5.65250320506e-06, 4.7139783419e-06, 4.28423027188e-06, 1.82993358067e-06, 1.65087806181e-06, 1.82444546226e-06, 1.38961968332e-06, 9.3822211511e-07, 5.48239427189e-07, 4.89889544042e-07, 6.72103624311e-07, 6.99587474173e-07, 5.46893829778e-07, 4.44194512284e-07, 3.97056169277e-07, 3.42430723776e-07, 4.29856584105e-07, 3.11196515668e-07, 3.84566845923e-07, 3.26512633819e-07, 2.1553627505e-07, 1.75366437816e-07], "min": [1.11611890512e-23, 4.40153303994e-24, 8.45927891966e-24, 9.04309042092e-24, 1.93425112532e-23, 1.95613049807e-23, 4.14708437724e-24, 8.44740577417e-24, 2.22523209431e-23, 2.61985203131e-23, 1.24249473768e-23, 8.33156549454e-24, 4.27178040938e-24, 1.25616072734e-23, 2.70224334638e-23, 1.84407690856e-23, 9.41558422948e-24, 1.40015663597e-23, 1.06279671998e-23, 1.45949932865e-23, 2.57653410128e-23, 1.55512488981e-23, 1.53299876137e-23, 9.63890444086e-24, 1.36766803068e-23, 1.23765846813e-23, 7.55308836542e-24, 6.91501033362e-24, 1.33657634027e-23, 9.51278845908e-24, 1.14788262613e-23, 1.65150886184e-23, 1.51443686427e-23, 9.69714761922e-24, 1.1251178359e-23, 1.05317727121e-23, 7.24554620835e-24, 8.91580140298e-24, 1.37067264409e-23, 1.36520078931e-23], "var": [1.53991513798e-05, 1.50119894897e-05, 8.30719091027e-06, 8.41644032334e-06, 1.81284144674e-06, 3.35081381309e-07, 1.50038957258e-07, 6.88379344638e-08, 5.02591461782e-08, 1.24830634718e-08, 1.56328567869e-08, 3.5562127465e-08, 4.00507405018e-09, 7.91036658399e-09, 7.56049001183e-09, 2.42123721073e-09, 6.2229099651e-10, 3.32497945843e-10, 2.38664615848e-10, 2.24397764259e-10, 3.79697023822e-10, 7.58184626193e-11, 7.60457322113e-11, 2.19026533022e-10, 2.51844378685e-10, 9.34751581694e-11, 3.18888457307e-11, 9.26952698627e-12, 8.79263589021e-12, 1.15653779956e-11, 1.3574794934e-11, 6.52322640349e-12, 4.62471770948e-12, 4.13091349322e-12, 4.0801285961e-12, 2.60496290337e-12, 4.52729607275e-12, 7.00962508524e-12, 4.20564928369e-12, 4.98122680256e-12]}, "mfcc": {"mean": [-669.707519531, 159.903305054, 26.6258945465, 8.65833473206, 5.41802120209, 5.02099466324, -2.49107694626, -1.96595096588, -8.98723220825, -10.610578537, -9.86839103699, -5.46379852295, -8.85566234589], "cov": [[6966.23486328, -2280.14453125, -223.382995605, -51.2486495972, -261.559844971, -0.748822331429, 47.1692123413, 70.1115875244, 18.20520401, 54.4902114868, 72.5620651245, 68.3601150513, 12.6627664566], [-2280.14453125, 2582.0625, -370.301452637, -102.316268921, 343.031890869, 34.4239234924, -64.9345932007, 34.8060035706, 14.592247963, -49.9375419617, -30.7918186188, -12.62895298, 12.1575813293], [-223.382995605, -370.301452637, 690.104248047, 130.614562988, -46.573513031, 90.4524230957, 87.197265625, -2.24029111862, 46.0996246338, 30.1708927155, -3.05628657341, -1.74974322319, 10.8202457428], [-51.2486495972, -102.316268921, 130.614562988, 281.380401611, 24.7113685608, -11.6432714462, 28.8583965302, 15.5586290359, 12.6568632126, 26.2033939362, -9.20862865448, -13.6149396896, -2.51070690155], [-261.559844971, 343.031890869, -46.573513031, 24.7113685608, 231.637863159, 52.5947265625, -16.8441028595, 33.1323547363, 64.5881729126, 41.0318908691, 2.37547969818, 3.28839635849, 27.6875514984], [-0.748822331429, 34.4239234924, 90.4524230957, -11.6432714462, 52.5947265625, 133.305541992, 48.0184402466, 11.7103023529, 43.0983047485, 26.2275600433, 21.3186950684, 18.6891841888, 14.2304887772], [47.1692123413, -64.9345932007, 87.197265625, 28.8583965302, -16.8441028595, 48.0184402466, 102.641990662, 36.945022583, 2.20966339111, 12.9963684082, 25.2850131989, 19.2696285248, -1.4521406889], [70.1115875244, 34.8060035706, -2.24029111862, 15.5586290359, 33.1323547363, 11.7103023529, 36.945022583, 76.6393280029, 39.755569458, 14.1876001358, 10.0229177475, 7.75947093964, 12.3518838882], [18.20520401, 14.592247963, 46.0996246338, 12.6568632126, 64.5881729126, 43.0983047485, 2.20966339111, 39.755569458, 112.449287415, 55.0602798462, -4.56562852859, -4.82426404953, 23.7807884216], [54.4902114868, -49.9375419617, 30.1708927155, 26.2033939362, 41.0318908691, 26.2275600433, 12.9963684082, 14.1876001358, 55.0602798462, 87.3362808228, 27.0231208801, 0.116466060281, 4.47785663605], [72.5620651245, -30.7918186188, -3.05628657341, -9.20862865448, 2.37547969818, 21.3186950684, 25.2850131989, 10.0229177475, -4.56562852859, 27.0231208801, 81.8605117798, 30.015581131, -3.12217903137], [68.3601150513, -12.62895298, -1.74974322319, -13.6149396896, 3.28839635849, 18.6891841888, 19.2696285248, 7.75947093964, -4.82426404953, 0.116466060281, 30.015581131, 67.4378433228, 27.2864303589], [12.6627664566, 12.1575813293, 10.8202457428, -2.51070690155, 27.6875514984, 14.2304887772, -1.4521406889, 12.3518838882, 23.7807884216, 4.47785663605, -3.12217903137, 27.2864303589, 62.1005134583]], "icov": [[0.000237052576267, 0.000243391928962, 0.000219943874981, 1.66026802617e-05, 6.66583800921e-05, -0.000244691647822, 0.00014313509746, -0.000389809574699, 3.66376807506e-05, -3.56035634468e-05, 1.97111403395e-05, -0.00013173208572, 2.10053567571e-05], [0.000243391928962, 0.000807122967672, 0.000414589419961, 0.000176668996573, -0.000885291665327, -0.000284730922431, 4.00713033741e-05, -0.000412477820646, 0.000114575086627, 0.000566862639971, 8.74903271324e-05, 4.87430668272e-07, 0.000189632206457], [0.000219943874981, 0.000414589419961, 0.00238279881887, -0.000895641045645, 0.000561309279874, -0.00131965230685, -0.00145653856453, 0.00109047314618, -0.0012302090181, 0.000450418592663, 0.000218155313632, 0.000378289842047, -0.000492842460517], [1.66026802617e-05, 0.000176668996573, -0.000895641045645, 0.00457277428359, -0.0014284675708, 0.00193541613407, -0.00163591350429, -0.000254817685345, 0.000707498576958, -0.00132564513478, 0.000887756352313, 0.00054860021919, 0.000137006427394], [6.66583800921e-05, -0.000885291665327, 0.000561309279874, -0.0014284675708, 0.00847764592618, -0.00394798349589, 0.00408842787147, -0.00339451036416, -0.000407293468015, -0.00292127602734, 0.00031303614378, -8.81578525878e-05, -0.00167904095724], [-0.000244691647822, -0.000284730922431, -0.00131965230685, 0.00193541613407, -0.00394798349589, 0.0151646314189, -0.0092472853139, 0.00731539633125, -0.00682854838669, 0.00242146058008, -0.00242454977706, -0.000981825287454, -0.000222431786824], [0.00014313509746, 4.00713033741e-05, -0.00145653856453, -0.00163591350429, 0.00408842787147, -0.0092472853139, 0.0227487701923, -0.0146764777601, 0.00821794103831, -0.00452833157033, 8.97154768609e-06, -0.00340331415646, 0.0025733273942], [-0.000389809574699, -0.000412477820646, 0.00109047314618, -0.000254817685345, -0.00339451036416, 0.00731539633125, -0.0146764777601, 0.0276433099061, -0.0136125162244, 0.00666366703808, -0.00383373280056, 0.000943621969782, -0.0019195281202], [3.66376807506e-05, 0.000114575086627, -0.0012302090181, 0.000707498576958, -0.000407293468015, -0.00682854838669, 0.00821794103831, -0.0136125162244, 0.0247642789036, -0.0137542458251, 0.00595587305725, 0.0020901595708, -0.00425129011273], [-3.56035634468e-05, 0.000566862639971, 0.000450418592663, -0.00132564513478, -0.00292127602734, 0.00242146058008, -0.00452833157033, 0.00666366703808, -0.0137542458251, 0.0238020457327, -0.00940603855997, 0.00264289136976, 0.000997081282549], [1.97111403395e-05, 8.74903271324e-05, 0.000218155313632, 0.000887756352313, 0.00031303614378, -0.00242454977706, 8.97154768609e-06, -0.00383373280056, 0.00595587305725, -0.00940603855997, 0.0204376764596, -0.00925863627344, 0.0046486905776], [-0.00013173208572, 4.87430668272e-07, 0.000378289842047, 0.00054860021919, -8.81578525878e-05, -0.000981825287454, -0.00340331415646, 0.000943621969782, 0.0020901595708, 0.00264289136976, -0.00925863627344, 0.0256455522031, -0.0127448439598], [2.10053567571e-05, 0.000189632206457, -0.000492842460517, 0.000137006427394, -0.00167904095724, -0.000222431786824, 0.0025733273942, -0.0019195281202, -0.00425129011273, 0.000997081282549, 0.0046486905776, -0.0127448439598, 0.0247842594981]]}, "spectral_contrast_coeffs": {"dmean": [0.05569505319, 0.0429043546319, 0.0371456257999, 0.0307399854064, 0.0218942407519, 0.0186363197863], "dmean2": [0.0901910290122, 0.0701402500272, 0.05851919204, 0.0486392788589, 0.0355032533407, 0.0310895945877], "dvar": [0.00212604692206, 0.00149670639075, 0.00103699788451, 0.00081787124509, 0.00041956602945, 0.000371776201064], "dvar2": [0.00535999704152, 0.00378669891506, 0.00246308580972, 0.00191207393073, 0.000994125730358, 0.000984257436357], "max": [-0.244240641594, -0.445771098137, -0.489825129509, -0.560826957226, -0.581729769707, -0.639187574387], "mean": [-0.508137404919, -0.698396265507, -0.730843901634, -0.756575942039, -0.796137452126, -0.804481565952], "median": [-0.499228745699, -0.698876857758, -0.729933857918, -0.755476713181, -0.798263311386, -0.804007768631], "min": [-0.944172859192, -0.957594931126, -0.960867345333, -0.9508010149, -0.956549942493, -0.960804700851], "var": [0.00740140583366, 0.0043698088266, 0.00359556358308, 0.00282325642183, 0.00135992944706, 0.00115292845294]}, "spectral_contrast_valleys": {"dmean": [0.478144466877, 0.363252520561, 0.386512547731, 0.378328442574, 0.348797112703, 0.49606654048], "dmean2": [0.753309011459, 0.577998220921, 0.594377398491, 0.57073456049, 0.491925656796, 0.656480252743], "dvar": [0.205191463232, 0.143817782402, 0.166930660605, 0.182222917676, 0.20153003931, 0.401731163263], "dvar2": [0.41795989871, 0.309324145317, 0.339637666941, 0.352609097958, 0.395628094673, 0.855351567268], "max": [-4.86639881134, -4.58728456497, -5.0762090683, -5.65357398987, -5.58024215698, -7.65999984741], "mean": [-7.1717481