{"lowlevel": {"average_loudness": 0.976786017418, "barkbands_crest": {"dmean": 2.75275826454, "dmean2": 4.66151189804, "dvar": 7.73517417908, "dvar2": 21.8816776276, "max": 26.8837928772, "mean": 10.0926885605, "median": 9.44583129883, "min": 2.63737154007, "var": 13.0309047699}, "barkbands_flatness_db": {"dmean": 0.0292166527361, "dmean2": 0.046326007694, "dvar": 0.00142167333979, "dvar2": 0.00335794431157, "max": 0.620299339294, "mean": 0.139978632331, "median": 0.127910509706, "min": 0.0248270500451, "var": 0.00448854360729}, "barkbands_kurtosis": {"dmean": 14.7411623001, "dmean2": 18.9715232849, "dvar": 26214.1015625, "dvar2": 32576.09375, "max": 9823.07226562, "mean": 21.9627113342, "median": 8.97671127319, "min": -1.53492474556, "var": 63850.9609375}, "barkbands_skewness": {"dmean": 0.840812802315, "dmean2": 1.2848238945, "dvar": 2.95749378204, "dvar2": 4.54505729675, "max": 91.5722732544, "mean": 2.79785633087, "median": 2.6409573555, "min": -2.11799669266, "var": 9.49737644196}, "barkbands_spread": {"dmean": 5.33977985382, "dmean2": 8.5889081955, "dvar": 48.2333831787, "dvar2": 116.081314087, "max": 125.637283325, "mean": 15.7652053833, "median": 13.4712219238, "min": 0.0485357902944, "var": 100.730293274}, "dissonance": {"dmean": 0.0185837913305, "dmean2": 0.0307911597192, "dvar": 0.000414858281147, "dvar2": 0.0011009805603, "max": 0.500000059605, "mean": 0.463615983725, "median": 0.470049679279, "min": 0.236874133348, "var": 0.000784442934673}, "dynamic_complexity": 2.71096849442, "erbbands_crest": {"dmean": 1.49425947666, "dmean2": 2.32604861259, "dvar": 2.16808485985, "dvar2": 4.68969964981, "max": 15.9925270081, "mean": 6.54850101471, "median": 6.14023399353, "min": 2.20411157608, "var": 6.00257158279}, "erbbands_flatness_db": {"dmean": 0.0131837530062, "dmean2": 0.0179223231971, "dvar": 0.000398827774916, "dvar2": 0.000738535774872, "max": 0.420175254345, "mean": 0.103617884219, "median": 0.097582384944, "min": 0.0388797782362, "var": 0.00138208910357}, "erbbands_kurtosis": {"dmean": 0.664445877075, "dmean2": 0.997955679893, "dvar": 1.20384669304, "dvar2": 2.86587619781, "max": 19.8789978027, "mean": 0.243324577808, "median": -0.0108207464218, "min": -1.70170783997, "var": 2.16998934746}, "erbbands_skewness": {"dmean": 0.295793116093, "dmean2": 0.457283228636, "dvar": 0.124515667558, "dvar2": 0.300969362259, "max": 3.55778813362, "mean": 0.613283336163, "median": 0.684713423252, "min": -1.15181541443, "var": 0.318404465914}, "erbbands_spread": {"dmean": 7.52662658691, "dmean2": 11.1259202957, "dvar": 82.1100082397, "dvar2": 183.345977783, "max": 179.683731079, "mean": 46.1300010681, "median": 45.155670166, "min": 5.43816947937, "var": 175.392074585}, "hfc": {"dmean": 12.2615499496, "dmean2": 19.6898212433, "dvar": 367.130767822, "dvar2": 938.954772949, "max": 156.353942871, "mean": 17.0465736389, "median": 11.041229248, "min": 8.80245409007e-07, "var": 360.78036499}, "melbands_crest": {"dmean": 2.83859062195, "dmean2": 4.66024589539, "dvar": 7.81753444672, "dvar2": 17.7986698151, "max": 39.9900436401, "mean": 13.9226837158, "median": 13.6037597656, "min": 1.58087003231, "var": 22.3487682343}, "melbands_flatness_db": {"dmean": 0.0368815362453, "dmean2": 0.0574419908226, "dvar": 0.00212672492489, "dvar2": 0.00502042938024, "max": 0.737143695354, "mean": 0.242709368467, "median": 0.235982760787, "min": 0.00348358321935, "var": 0.0081362882629}, "melbands_kurtosis": {"dmean": 22.7914352417, "dmean2": 32.9337882996, "dvar": 64974.5742188, "dvar2": 118592.953125, "max": 13333.8222656, "mean": 36.580280304, "median": 20.2141036987, "min": -1.31390297413, "var": 102480.90625}, "melbands_skewness": {"dmean": 0.927272439003, "dmean2": 1.39070153236, "dvar": 3.88074946404, "dvar2": 6.48905086517, "max": 111.062545776, "mean": 3.80821275711, "median": 3.58559274673, "min": -0.300587654114, "var": 9.72785377502}, "melbands_spread": {"dmean": 4.64280891418, "dmean2": 7.44124555588, "dvar": 41.6823310852, "dvar2": 93.4146728516, "max": 154.861663818, "mean": 14.6515293121, "median": 9.29626274109, "min": 0.0624574646354, "var": 456.502075195}, "pitch_salience": {"dmean": 0.0791278630495, "dmean2": 0.130815550685, "dvar": 0.00613827165216, "dvar2": 0.0157946106046, "max": 0.850301384926, "mean": 0.59015250206, "median": 0.596405029297, "min": 0.00236599310301, "var": 0.0132494196296}, "silence_rate_20dB": {"dmean": 0, "dmean2": 0, "dvar": 0, "dvar2": 0, "max": 1, "mean": 1, "median": 1, "min": 1, "var": 0}, "silence_rate_30dB": {"dmean": 0.135680228472, "dmean2": 0.271460026503, "dvar": 0.117267593741, "dvar2": 0.226380765438, "max": 1, "mean": 0.867302060127, "median": 1, "min": 0, "var": 0.115089438856}, "silence_rate_60dB": {"dmean": 0.00366703327745, "dmean2": 0.00696991942823, "dvar": 0.00365349208005, "dvar2": 0.00838823337108, "max": 1, "mean": 0.0399560108781, "median": 0, "min": 0, "var": 0.0383594892919}, "spectral_centroid": {"dmean": 254.750183105, "dmean2": 418.530273438, "dvar": 112095.703125, "dvar2": 265334.4375, "max": 4027.99536133, "mean": 963.755065918, "median": 750.614501953, "min": 170.272262573, "var": 481121.59375}, "spectral_complexity": {"dmean": 6.11954545975, "dmean2": 9.08473968506, "dvar": 65.3636474609, "dvar2": 128.520645142, "max": 57, "mean": 16.9611434937, "median": 15, "min": 0, "var": 108.430351257}, "spectral_decrease": {"dmean": 9.8840331475e-09, "dmean2": 1.63005182685e-08, "dvar": 2.7478701721e-16, "dvar2": 6.80983096434e-16, "max": 6.2407071448e-18, "mean": -1.30510287022e-08, "median": -7.60637419717e-09, "min": -1.2008963779e-07, "var": 2.68993655958e-16}, "spectral_energy": {"dmean": 0.0382670536637, "dmean2": 0.0630269795656, "dvar": 0.00405512191355, "dvar2": 0.0100234532729, "max": 0.467428326607, "mean": 0.0508037023246, "median": 0.0299664884806, "min": 8.2863778339e-11, "var": 0.00399221526459}, "spectral_energyband_high": {"dmean": 0.000519658846315, "dmean2": 0.000851167540532, "dvar": 8.00712541604e-07, "dvar2": 2.16437842937e-06, "max": 0.0062524904497, "mean": 0.000662653299514, "median": 0.000355999363819, "min": 6.09418002173e-11, "var": 7.62282240885e-07}, "spectral_energyband_low": {"dmean": 0.0296945385635, "dmean2": 0.0492157675326, "dvar": 0.00308768940158, "dvar2": 0.00782568566501, "max": 0.396366864443, "mean": 0.0329320132732, "median": 0.0144566074014, "min": 5.50250654503e-13, "var": 0.00279841921292}, "spectral_energyband_middle_high": {"dmean": 0.00276519171894, "dmean2": 0.00475177541375, "dvar": 2.90395655611e-05, "dvar2": 7.68773752498e-05, "max": 0.0359669290483, "mean": 0.00301781506278, "median": 0.00144526804797, "min": 1.29007629232e-11, "var": 2.29456145462e-05}, "spectral_energyband_middle_low": {"dmean": 0.00712218601257, "dmean2": 0.0117868939415, "dvar": 0.000114958544145, "dvar2": 0.000293796270853, "max": 0.0986097753048, "mean": 0.0140734072775, "median": 0.0112991305068, "min": 2.74253363075e-12, "var": 0.000144580728374}, "spectral_entropy": {"dmean": 0.281703978777, "dmean2": 0.395719230175, "dvar": 0.128203257918, "dvar2": 0.277671039104, "max": 8.83542251587, "mean": 7.29006290436, "median": 7.26504516602, "min": 4.69914913177, "var": 0.440066516399}, "spectral_flux": {"dmean": 0.0633793771267, "dmean2": 0.100100882351, "dvar": 0.00683768466115, "dvar2": 0.0142941018566, "max": 0.607641041279, "mean": 0.115057826042, "median": 0.0789094939828, "min": 1.72080872289e-05, "var": 0.0105091743171}, "spectral_kurtosis": {"dmean": 2.61404490471, "dmean2": 3.96199226379, "dvar": 142.095870972, "dvar2": 305.067718506, "max": 223.817993164, "mean": 7.18848752975, "median": 5.51037073135, "min": 0.262093544006, "var": 226.570770264}, "spectral_rms": {"dmean": 0.00212264177389, "dmean2": 0.00330429640599, "dvar": 7.94231073087e-06, "dvar2": 1.82210969797e-05, "max": 0.0213548038155, "mean": 0.00609793327749, "median": 0.00540699530393, "min": 2.84328535827e-07, "var": 1.23795134641e-05}, "spectral_rolloff": {"dmean": 272.525177002, "dmean2": 445.524078369, "dvar": 261765.9375, "dvar2": 495599.53125, "max": 18733.8867188, "mean": 1074.16381836, "median": 387.59765625, "min": 21.533203125, "var": 8835328}, "spectral_skewness": {"dmean": 0.329477906227, "dmean2": 0.485049158335, "dvar": 0.384711742401, "dvar2": 0.784188449383, "max": 12.0319490433, "mean": 1.99132204056, "median": 1.98343014717, "min": 0.542952775955, "var": 1.0260797739}, "spectral_spread": {"dmean": 634374.1875, "dmean2": 870635.875, "dvar": 605340827648, "dvar2": 1062351798270.0, "max": 14435690, "mean": 5289527, "median": 5147592, "min": 326862.53125, "var": 2231309172740.0}, "spectral_strongpeak": {"dmean": 0.242184951901, "dmean2": 0.415943086147, "dvar": 0.0686971619725, "dvar2": 0.18132635951, "max": 2.10242271423, "mean": 0.35223865509, "median": 0.271977841854, "min": 0, "var": 0.0952169001102}, "zerocrossingrate": {"dmean": 0.00973608065397, "dmean2": 0.0113404486328, "dvar": 0.000127344159409, "dvar2": 0.000150699619553, "max": 0.51416015625, "mean": 0.051125086844, "median": 0.03466796875, "min": 0, "var": 0.00604317104444}, "barkbands": {"dmean": [0.00474086357281, 0.0209805574268, 0.00771310599521, 0.00265359645709, 0.00274050887674, 0.00144386664033, 0.000566018396057, 0.000599244900513, 0.000470770872198, 0.000589451694395, 0.000221527603571, 0.00039189850213, 0.000184638338396, 0.000217911234358, 0.000422329176217, 0.00019278289983, 0.000239304470597, 0.000420698139351, 0.000164122146089, 0.000113546258945, 0.000222978720558, 8.48028430482e-05, 2.30845762417e-05, 3.15768011205e-05, 3.33943607984e-05, 4.50077786809e-05, 4.76747991343e-05], "dmean2": [0.0079861683771, 0.0362051427364, 0.0128731839359, 0.00462782010436, 0.0044974302873, 0.00243408652022, 0.000934036506806, 0.000981115037575, 0.000796966312919, 0.00100817997009, 0.000344732718077, 0.000706676219124, 0.000296383863315, 0.000356541975634, 0.000764953147154, 0.000338134908816, 0.000418723037001, 0.000785736658145, 0.000288394308882, 0.000193005020265, 0.000409048167057, 0.000139811832923, 3.75142590201e-05, 5.01746217196e-05, 4.83852418256e-05, 6.98689400451e-05, 7.58364258218e-05], "dvar": [8.14988961793e-05, 0.00172970804852, 0.000258610205492, 2.27553391596e-05, 1.77137699211e-05, 6.47381739327e-06, 7.93336141669e-07, 1.25245560412e-06, 8.30207795843e-07, 1.20248660096e-06, 1.1823404833e-07, 8.87243629677e-07, 8.8367364981e-08, 2.04421127137e-07, 8.54862776123e-07, 1.41242537666e-07, 1.68144751456e-07, 7.38188134619e-07, 1.02664024837e-07, 3.08135561511e-08, 2.80974518319e-07, 3.08859924303e-08, 1.18621612533e-09, 2.33363306457e-09, 2.57159871175e-09, 5.76237679795e-09, 7.13580394773e-09], "dvar2": [0.000220852991333, 0.004553578794, 0.000679986493196, 6.21087892796e-05, 4.63085234514e-05, 1.73991247721e-05, 2.10827988667e-06, 3.37909796144e-06, 2.26714473683e-06, 3.16193995786e-06, 2.79985869156e-07, 2.45234809881e-06, 2.19570424065e-07, 5.20527862591e-07, 2.33550827033e-06, 3.84531347208e-07, 4.46940617849e-07, 2.02399291993e-06, 2.71183012046e-07, 8.10481708413e-08, 8.02014710644e-07, 7.97108086203e-08, 2.55023513418e-09, 5.88109916322e-09, 5.58967716557e-09, 1.30530866116e-08, 1.81452808334e-08], "max": [0.0821385830641, 0.275345206261, 0.163858056068, 0.0508046671748, 0.0480099357665, 0.0256847124547, 0.00968389678746, 0.011573866941, 0.00884852558374, 0.011669434607, 0.00407815724611, 0.00590367615223, 0.00260208244435, 0.00511370040476, 0.00674108648673, 0.00261117517948, 0.00229787104763, 0.00524640735239, 0.00185262667947, 0.00132018327713, 0.00334487017244, 0.00113199325278, 0.000266345334239, 0.000360992649803, 0.000295363919577, 0.000358067220077, 0.000407538725995], "mean": [0.00393066043034, 0.020532855764, 0.00870887190104, 0.0033890879713, 0.00546692032367, 0.00211494718678, 0.000924017396756, 0.0011005938286, 0.00070079928264, 0.000751065905206, 0.00034079523175, 0.000315062294248, 0.000245575705776, 0.000355810858309, 0.000332473457092, 0.000195741275093, 0.000214561601751, 0.000304870278342, 0.00015140985488, 0.000134274727316, 0.000210105630686, 0.000117610907182, 4.60592746094e-05, 5.34898426849e-05, 5.26474577782e-05, 5.7755765738e-05, 5.57163439225e-05], "median": [0.000847725546919, 0.00784846954048, 0.00373160047457, 0.0019124452956, 0.00405862089247, 0.00131727359258, 0.000596311292611, 0.00075655215187, 0.000369307817891, 0.000358732999302, 0.000202395225642, 5.37230007467e-05, 0.000147833430674, 0.000150423526065, 9.98007599264e-05, 8.59688807395e-05, 7.79317051638e-05, 7.6355310739e-05, 5.49001124455e-05, 6.1265702243e-05, 5.6924749515e-05, 5.45385664736e-05, 3.22214946209e-05, 3.8129684981e-05, 3.25774672092e-05, 2.78377428913e-05, 2.59949847532e-05], "min": [4.40426571623e-14, 1.23474635464e-13, 1.66869996824e-14, 1.10340085186e-14, 1.18233073614e-13, 5.56500266875e-13, 5.53909077893e-13, 2.23919800345e-13, 6.90039009005e-13, 7.0637527945e-13, 1.09304709381e-12, 7.38763379898e-13, 3.09653290422e-13, 5.92133926527e-13, 2.22700568923e-12, 9.57027317637e-13, 1.86807860847e-12, 2.00232408779e-12, 1.76470459339e-12, 2.85652816505e-12, 2.17822222932e-12, 2.67062478902e-12, 4.57392760819e-12, 8.7479077801e-12, 1.11508614842e-11, 1.10160474492e-11, 1.97900619503e-11], "var": [6.30937574897e-05, 0.00140371976886, 0.000220057438128, 2.19426983676e-05, 2.47722109634e-05, 7.10141466698e-06, 1.05050537513e-06, 1.64879759268e-06, 8.43231362069e-07, 1.18616083e-06, 1.74693070676e-07, 5.78747233249e-07, 9.54942365183e-08, 2.92749945174e-07, 5.66811593217e-07, 1.12381357553e-07, 1.30147597588e-07, 4.67342601951e-07, 7.92101886304e-08, 3.20667723486e-08, 2.00451353294e-07, 3.2715949061e-08, 2.10517225874e-09, 2.83343637442e-09, 3.25387605749e-09, 6.17289597216e-09, 6.5177396813e-09]}, "erbbands": {"dmean": [0.399193912745, 5.3393907547, 10.2564563751, 9.31487941742, 8.23945617676, 9.0060968399, 12.6638174057, 11.1777610779, 10.2931146622, 9.20795631409, 13.3244953156, 11.2712087631, 16.285533905, 14.2292079926, 10.0416040421, 18.5178585052, 9.1405210495, 10.5772838593, 19.539642334, 16.3968715668, 9.88369560242, 14.5519275665, 22.4448070526, 11.7726840973, 7.74565887451, 6.53957462311, 8.77288627625, 6.56429338455, 3.08643889427, 1.77697610855, 0.682939291, 0.531205296516, 0.647551178932, 0.353219926357, 0.242788672447, 0.103365957737, 0.102230101824, 0.0515387915075, 0.00872606318444, 0.000392615213059], "dmean2": [0.681342542171, 9.22060680389, 16.5564498901, 16.2331027985, 13.5708742142, 14.984503746, 20.9678497314, 18.9536018372, 17.0118656158, 14.0568237305, 22.8748416901, 18.8423614502, 27.4350357056, 24.0267562866, 16.0959835052, 33.2013092041, 14.9314117432, 17.3771038055, 34.9854812622, 29.2985305786, 16.9293270111, 25.7018756866, 41.8669662476, 21.2865371704, 13.561624527, 11.4676628113, 15.6360578537, 11.7930421829, 5.09649896622, 2.74565434456, 1.15264856815, 0.820329070091, 1.08043766022, 0.52442586422, 0.364939332008, 0.152511209249, 0.160143360496, 0.0846678614616, 0.013830778189, 0.000611678755376], "dvar": [0.54804110527, 117.497650146, 416.99206543, 334.731170654, 173.363601685, 187.591278076, 576.915161133, 357.772796631, 339.515014648, 156.230422974, 808.625671387, 462.148925781, 829.64630127, 851.72644043, 289.945037842, 1976.54821777, 244.188720703, 444.204864502, 1972.40649414, 1124.94177246, 348.534851074, 643.339111328, 1958.71850586, 608.89831543, 259.128265381, 109.215377808, 385.584197998, 217.913131714, 41.9584388733, 11.2208862305, 1.10877811909, 0.547740280628, 1.2965502739, 0.27620446682, 0.144321471453, 0.0260602217168, 0.031241947785, 0.00899996142834, 0.000231185564189, 4.25683055028e-07], "dvar2": [1.43001186848, 309.798431396, 1050.06481934, 915.082824707, 458.926177979, 513.832519531, 1526.70703125, 969.988342285, 933.420776367, 378.043365479, 2224.66040039, 1260.14550781, 2177.19506836, 2270.9387207, 713.139099121, 5463.52148438, 622.33416748, 1140.91833496, 5320.14453125, 3074.77929688, 910.363891602, 1704.45300293, 5351.16308594, 1643.93237305, 699.008972168, 291.814697266, 1070.05578613, 629.102355957, 109.556777954, 28.592924118, 2.64495515823, 1.16174125671, 3.48016357422, 0.661579668522, 0.278952658176, 0.052044287324, 0.0735470354557, 0.0234868954867, 0.000575190410018, 1.01084265225e-06], "max": [6.31085824966, 71.9818954468, 189.67729187, 184.282562256, 145.348205566, 144.060913086, 353.495300293, 176.850952148, 182.897155762, 164.150680542, 274.961181641, 211.317764282, 340.650054932, 348.136932373, 202.852783203, 281.531066895, 127.348419189, 276.670684814, 292.436706543, 282.713562012, 134.642410278, 134.956771851, 232.625411987, 163.919570923, 93.4914932251, 73.0935745239, 130.183319092, 95.2420272827, 40.4902114868, 23.8022975922, 8.46678733826, 5.48361492157, 8.65156841278, 3.41361474991, 2.07445549965, 0.983264625072, 0.852012932301, 0.44666916132, 0.0730185732245, 0.0036918791011], "mean": [0.445373117924, 5.03098487854, 10.9564723969, 11.8792419434, 15.0726938248, 15.9779052734, 20.3227920532, 16.1117324829, 14.2238063812, 21.5599632263, 19.8334274292, 17.2484130859, 23.4845809937, 16.6986846924, 13.8590784073, 15.7219142914, 11.6232061386, 20.2314834595, 16.6290531158, 14.7198896408, 9.54492950439, 12.4439134598, 15.5351161957, 10.324256897, 7.80363988876, 7.33610296249, 8.19886779785, 7.08889722824, 4.34583187103, 2.58333063126, 1.34883713722, 1.04850292206, 0.872326731682, 0.5785998106, 0.374062806368, 0.17287658155, 0.120811775327, 0.0515087433159, 0.00978525634855, 0.000583631510381], "median": [0.196745067835, 1.77049231529, 4.24848031998, 6.67021560669, 10.1236972809, 11.6415710449, 12.3084764481, 8.93870353699, 6.97690248489, 14.4724283218, 10.7915201187, 9.35873889923, 12.5166788101, 5.43862056732, 7.31264066696, 4.32878541946, 5.75562620163, 10.0749111176, 5.81133413315, 5.46953487396, 3.54118657112, 4.25488996506, 3.29431009293, 3.38068318367, 3.29852151871, 3.2030544281, 2.56236505508, 1.95008122921, 1.87770438194, 1.36906981468, 0.957940876484, 0.751730918884, 0.543937921524, 0.40139696002, 0.216457545757, 0.102970942855, 0.0524526759982, 0.0184445939958, 0.0041673979722, 0.000333806849085], "min": [6.31474516774e-12, 2.12543212197e-11, 2.84439988923e-11, 2.8937937116e-11, 1.63145108534e-10, 3.99986155308e-10, 1.65644498118e-09, 6.47845155299e-09, 8.44755376761e-09, 1.10335678372e-08, 4.84228257491e-09, 1.45856917655e-08, 1.83784916175e-08, 3.64489842752e-08, 3.28983844611e-08, 3.44971446964e-08, 2.17451070483e-08, 2.2402339539e-08, 7.02933462549e-08, 1.12622373649e-07, 5.36386117744e-08, 1.17596734128e-07, 9.88078170394e-08, 1.03333434254e-07, 6.57424692463e-08, 1.16948157824e-07, 1.21217723859e-07, 9.37596809081e-08, 1.03900489989e-07, 8.12616036683e-08, 1.47649458881e-07, 1.39561862511e-07, 1.76996167056e-07, 1.14711276922e-07, 8.31496009823e-08, 4.43214567269e-08, 2.04125836234e-08, 1.025164309e-08, 2.98858893188e-09, 2.54014448364e-10], "var": [0.509770095348, 93.3933334351, 377.786346436, 286.778686523, 248.742355347, 242.025863647, 694.934509277, 422.365509033, 358.373504639, 501.157623291, 738.823425293, 485.822357178, 925.353759766, 825.012023926, 361.561126709, 1292.61608887, 240.540328979, 786.55847168, 1351.53430176, 787.667907715, 283.482421875, 484.487213135, 1243.3034668, 425.093841553, 198.978988647, 102.224761963, 283.008270264, 177.737243652, 45.695186615, 12.7122631073, 1.71151709557, 0.929503679276, 1.12946224213, 0.338225871325, 0.187761574984, 0.0356626808643, 0.0312993228436, 0.00745708867908, 0.00021557114087, 4.60412707071e-07]}, "gfcc": {"mean": [-5.60211420059, 82.0706634521, -67.3805236816, 24.5204524994, -40.1190338135, 6.94076824188, -25.067325592, 3.11062121391, -19.2723312378, 3.39329361916, -15.9628772736, -1.87200832367, -10.9377059937], "cov": [[28973.1523438, 3183.79125977, -437.213867188, 467.399536133, 44.5715484619, -123.280662537, -225.714248657, -49.0683784485, -220.133087158, -61.2673377991, -333.698516846, -77.1348724365, -167.828079224], [3183.79125977, 1533.76574707, 310.584899902, 49.830783844, 3.85786366463, -4.81712198257, 62.4782562256, -69.9873275757, -19.8873176575, -71.922203064, -7.81251859665, -105.43939209, -20.6408672333], [-437.213867188, 310.584899902, 668.703918457, -181.761856079, 100.148033142, 31.4108142853, 51.0572128296, 53.8580589294, 11.9171295166, 14.8626756668, -19.0378570557, -29.0374984741, -58.387840271], [467.399536133, 49.830783844, -181.761856079, 221.830657959, -42.3711395264, 18.5841903687, 10.0179948807, -22.0172386169, -1.87857532501, -3.08671998978, 7.0420498848, -4.65479183197, 23.1598625183], [44.5715484619, 3.85786366463, 100.148033142, -42.3711395264, 119.571632385, 21.5273704529, 16.1682071686, 45.7498893738, 18.9093914032, 10.6566610336, -4.89848995209, -1.39708471298, -26.7950592041], [-123.280662537, -4.81712198257, 31.4108142853, 18.5841903687, 21.5273704529, 64.8690261841, 36.0043754578, 9.6257019043, 4.14314460754, 10.9803638458, 0.0915560126305, 1.09691894054, 1.21756827831], [-225.714248657, 62.4782562256, 51.0572128296, 10.0179948807, 16.1682071686, 36.0043754578, 76.4394454956, 22.8288116455, 13.4819917679, 0.532529175282, 0.358197629452, -6.93580389023, 6.78524494171], [-49.0683784485, -69.9873275757, 53.8580589294, -22.0172386169, 45.7498893738, 9.6257019043, 22.8288116455, 73.1212997437, 28.4977760315, 12.7121362686, -1.95004832745, 2.16565728188, -14.7623701096], [-220.133087158, -19.8873176575, 11.9171295166, -1.87857532501, 18.9093914032, 4.14314460754, 13.4819917679, 28.4977760315, 44.3263702393, 21.9257469177, 7.96742773056, -4.61279726028, -5.31605195999], [-61.2673377991, -71.922203064, 14.8626756668, -3.08671998978, 10.6566610336, 10.9803638458, 0.532529175282, 12.7121362686, 21.9257469177, 44.0798797607, 12.199754715, 5.11211585999, -7.79114818573], [-333.698516846, -7.81251859665, -19.0378570557, 7.0420498848, -4.89848995209, 0.0915560126305, 0.358197629452, -1.95004832745, 7.96742773056, 12.199754715, 35.432056427, 13.2412366867, 7.12402248383], [-77.1348724365, -105.43939209, -29.0374984741, -4.65479183197, -1.39708471298, 1.09691894054, -6.93580389023, 2.16565728188, -4.61279726028, 5.11211585999, 13.2412366867, 47.1580734253, 23.5748577118], [-167.828079224, -20.6408672333, -58.387840271, 23.1598625183, -26.7950592041, 1.21756827831, 6.78524494171, -14.7623701096, -5.31605195999, -7.79114818573, 7.12402248383, 23.5748577118, 43.7669525146]], "icov": [[0.00012363967835, -0.000490821665153, 0.000379465462174, -0.000106456318463, 3.58022480214e-05, 0.000107703948743, 0.000340314261848, -0.000716857844964, 0.00087273697136, -0.00123311637435, 0.00178598822095, -0.00128037820105, 0.000815018895082], [-0.000490821665153, 0.00309807457961, -0.0022768357303, -0.00027044385206, -0.000629718240816, 0.000237870452111, -0.0020412853919, 0.00440157530829, -0.00393271073699, 0.00672628497705, -0.00832766946405, 0.0072652916424, -0.00374460988678], [0.000379465462174, -0.0022768357303, 0.00411530816928, 0.00192463840358, -0.000298619735986, -0.000596170837525, -0.000182489835424, -0.00336054479703, 0.00390420621261, -0.00567305600271, 0.00661300169304, -0.00473235268146, 0.00451848655939], [-0.000106456318463, -0.00027044385206, 0.00192463840358, 0.00722831906751, 0.00127717247233, -0.00331404921599, -0.000466158584459, -0.000146058679093, -0.000448828010121, -0.000169374266989, -0.00170004600659, 0.00270493491553, -0.0021609691903], [3.58022480214e-05, -0.000629718240816, -0.000298619735986, 0.00127717247233, 0.0141411907971, -0.00463882600889, 0.000844269408844, -0.00580773735419, -0.00280854059383, 0.00152361893561, 0.00196937960573, -0.00549879064783, 0.00803430564702], [0.000107703948743, 0.000237870452111, -0.000596170837525, -0.00331404921599, -0.00463882600889, 0.0260795727372, -0.012387634255, 0.00259786681272, 0.00595598341897, -0.00903494376689, 0.00351176923141, -0.0023602170404, 0.000529520679265], [0.000340314261848, -0.0020412853919, -0.000182489835424, -0.000466158584459, 0.000844269408844, -0.012387634255, 0.0259930081666, -0.0102937603369, -0.00100875087082, 0.000499168876559, 0.0023935791105, 0.00407347129658, -0.0089121973142], [-0.000716857844964, 0.00440157530829, -0.00336054479703, -0.000146058679093, -0.00580773735419, 0.00259786681272, -0.0102937603369, 0.0333059206605, -0.0208308510482, 0.01175516285, -0.00655328249559, -0.000736610207241, 0.00514883967116], [0.00087273697136, -0.00393271073699, 0.00390420621261, -0.000448828010121, -0.00280854059383, 0.00595598341897, -0.00100875087082, -0.0208308510482, 0.0522427111864, -0.0301862414926, 0.00583601323888, 0.00440911343321, -0.00416998239234], [-0.00123311637435, 0.00672628497705, -0.00567305600271, -0.000169374266989, 0.00152361893561, -0.00903494376689, 0.000499168876559, 0.01175516285, -0.0301862414926, 0.0546936690807, -0.0273861568421, 0.00660642748699, 0.00300573953427], [0.00178598822095, -0.00832766946405, 0.00661300169304, -0.00170004600659, 0.00196937960573, 0.00351176923141, 0.0023935791105, -0.00655328249559, 0.00583601323888, -0.0273861568421, 0.064510397613, -0.0328304804862, 0.0141866505146], [-0.00128037820105, 0.0072652916424, -0.00473235268146, 0.00270493491553, -0.00549879064783, -0.0023602170404, 0.00407347129658, -0.000736610207241, 0.00440911343321, 0.00660642748699, -0.0328304804862, 0.062051679939, -0.0397771187127], [0.000815018895082, -0.00374460988678, 0.00451848655939, -0.0021609691903, 0.00803430564702, 0.000529520679265, -0.0089121973142, 0.00514883967116, -0.00416998239234, 0.00300573953427, 0.0141866505146, -0.0397771187127, 0.0585465282202]]}, "melbands": {"dmean": [0.00492875697091, 0.00622520595789, 0.00153310084715, 0.000572887191083, 0.000441970740212, 0.000257593899732, 0.000145651385537, 0.000104753504274, 0.000107425163151, 6.82445024722e-05, 8.07942487882e-05, 5.99248305662e-05, 3.07520349452e-05, 4.04590355174e-05, 4.24494755862e-05, 1.24557318486e-05, 2.06975109904e-05, 3.02887692669e-05, 2.85285077553e-05, 1.68521783053e-05, 1.04782193375e-05, 1.19779570014e-05, 2.49604399869e-05, 1.66317913681e-05, 8.93434844329e-06, 6.21962226433e-06, 4.04453430747e-06, 4.38116830992e-06, 4.48562013844e-06, 6.36812274024e-06, 3.36511698151e-06, 1.56280214014e-06, 2.02786623049e-06, 5.61050967463e-07, 3.70646120018e-07, 3.83210505106e-07, 3.04503714688e-07, 5.29499857294e-07, 3.05886175056e-07, 3.24239408656e-07], "dmean2": [0.00850199908018, 0.0101902643219, 0.00263211061247, 0.000960593519267, 0.00072542327689, 0.000434858753579, 0.000239240587689, 0.000160981362569, 0.000185733908438, 0.000114278991532, 0.000136075905175, 0.000101558129245, 4.83472940687e-05, 7.25051140762e-05, 7.30199753889e-05, 1.96491637325e-05, 3.3990607335e-05, 5.39054708497e-05, 5.11026373715e-05, 3.01767995552e-05, 1.77743931999e-05, 2.05624455702e-05, 4.66975325253e-05, 3.074536653e-05, 1.61738662428e-05, 1.0954152458e-05, 6.74836974213e-06, 7.86738746683e-06, 7.70994483901e-06, 1.20810072985e-05, 5.86000442127e-06, 2.64637219516e-06, 3.32163654093e-06, 8.40053814954e-07, 6.33108982129e-07, 6.35377318758e-07, 4.4384080411e-07, 8.98534551652e-07, 4.87856198106e-07, 4.80121400415e-07], "dvar": [8.84943583515e-05, 0.000148897481267, 8.05145828053e-06, 8.2605595253e-07, 6.06037417583e-07, 1.9364992454e-07, 6.37341415199e-08, 2.25763443495e-08, 5.28237187325e-08, 1.66293414594e-08, 2.04476062748e-08, 1.54749013603e-08, 2.38969510846e-09, 8.96684504426e-09, 8.20021739401e-09, 3.93878291094e-10, 1.74230441186e-09, 4.97588326098e-09, 3.45642869881e-09, 1.14795761785e-09, 3.76013359338e-10, 4.12983980347e-10, 2.37221042809e-09, 1.39422606793e-09, 3.41994071951e-10, 1.76148318154e-10, 4.51048677574e-11, 5.34327304624e-11, 8.06133770848e-11, 2.87885160155e-10, 5.01427128985e-11, 9.95904053669e-12, 2.13388941933e-11, 7.50646560969e-13, 3.29849700071e-13, 2.96229539379e-13, 1.67431078225e-13, 9.50822320184e-13, 2.09051593853e-13, 2.48031467327e-13], "dvar2": [0.000232431499171, 0.000376141601009, 2.18147652049e-05, 2.23297774937e-06, 1.62072842613e-06, 5.26049632299e-07, 1.73872720666e-07, 5.54154446775e-08, 1.45837191212e-07, 4.51124684275e-08, 5.36089395098e-08, 4.12150065188e-08, 5.68476021812e-09, 2.48793128321e-08, 2.2094090113e-08, 9.40335809219e-10, 4.50060788637e-09, 1.33491351306e-08, 9.3180023697e-09, 3.22213278281e-09, 9.67846469635e-10, 1.06557873636e-09, 6.525255003e-09, 3.85994436414e-09, 9.20206022492e-10, 4.78190098629e-10, 1.16600590294e-10, 1.45283132746e-10, 2.14871773152e-10, 8.33478730478e-10, 1.43651035511e-10, 2.55025809498e-11, 5.73400910087e-11, 1.56310099413e-12, 8.02631778315e-13, 7.07722454859e-13, 3.42857307215e-13, 2.5894577281e-12, 5.25892914285e-13, 5.98644614783e-13], "max": [0.0668085813522, 0.0984664559364, 0.0273983199149, 0.0121352644637, 0.0105924485251, 0.00413467409089, 0.00249477080069, 0.00199258606881, 0.00213463162072, 0.0013188701123, 0.00170415220782, 0.00150688621216, 0.000604962871876, 0.000672884925734, 0.000677798176184, 0.000193729632883, 0.000591623480432, 0.00047742514289, 0.000407470419304, 0.000251605379162, 0.0001522948005, 0.000127681691083, 0.000231836456805, 0.00020594317175, 0.000129265594296, 7.68620884628e-05, 5.35346625838e-05, 4.32439046563e-05, 6.15004755673e-05, 0.000101098266896, 5.63689936826e-05, 2.02018636628e-05, 3.16292134812e-05, 6.48774630463e-06, 4.7955336413e-06, 4.13606358052e-06, 3.78404001822e-06, 7.58793430577e-06, 3.02845614897e-06, 3.35048207489e-06], "mean": [0.00508530344814, 0.00642169313505, 0.00216608005576, 0.00107925222255, 0.000758761598263, 0.00036860621185, 0.000209048419492, 0.000240029854467, 0.000152295877342, 0.000104647951957, 0.000114399357699, 6.67746280669e-05, 4.61925192212e-05, 3.69358822354e-05, 3.82959005947e-05, 1.91059370991e-05, 4.09465537814e-05, 2.44689381361e-05, 2.22222188313e-05, 1.7481179384e-05, 9.76271530817e-06, 1.11549325084e-05, 1.73361204361e-05, 1.21470775412e-05, 7.83599261922e-06, 6.18372769168e-06, 4.62792786493e-06, 4.77830235468e-06, 4.43862700195e-06, 5.25871246282e-06, 4.01315446652e-06, 2.38716029344e-06, 2.25221674555e-06, 1.06594677618e-06, 7.53930123665e-07, 6.94572236171e-07, 6.13650854575e-07, 6.58532769648e-07, 4.81787026274e-07, 5.06866626893e-07], "median": [0.00212946371175, 0.00243177544326, 0.00134899874683, 0.000804135808721, 0.000496570719406, 0.000213308405364, 0.00011017799261, 0.000156607915414, 8.51001314004e-05, 5.76118545723e-05, 6.03887237958e-05, 1.74125088961e-05, 2.73838504654e-05, 1.10657965706e-05, 1.33306566568e-05, 1.27634230012e-05, 1.9430048269e-05, 6.60115256323e-06, 5.96722020418e-06, 8.42719055072e-06, 3.54345093001e-06, 4.31620082963e-06, 3.7314639485e-06, 2.96769667329e-06, 2.44001466854e-06, 2.37628000832e-06, 1.97298322746e-06, 1.99513192456e-06, 1.43885131365e-06, 1.24924486045e-06, 1.20009917737e-06, 9.36320702749e-07, 8.61631860971e-07, 6.51516870676e-07, 5.20289347605e-07, 4.65540409778e-07, 4.50417360298e-07, 3.97642622829e-07, 3.18474292271e-07, 3.33299567501e-07], "min": [1.101253149e-13, 2.12611249813e-14, 7.93659537775e-15, 1.94990135421e-14, 4.94127071345e-14, 1.40158135206e-13, 1.25128152197e-13, 1.08994363285e-13, 4.45492777325e-14, 9.67873920116e-14, 8.75692137618e-14, 1.39378824237e-13, 1.46139150043e-13, 5.25088937717e-14, 8.83926924169e-14, 3.33964118567e-14, 3.99496618241e-14, 9.01483409948e-14, 2.00698791896e-13, 8.64060816712e-14, 5.764088344e-14, 1.18949663487e-13, 1.21061093008e-13, 7.71841425951e-14, 8.60937094727e-14, 6.03677874291e-14, 4.23260025932e-14, 9.24799719768e-14, 8.87365810172e-14, 6.12933437187e-14, 5.53609689016e-14, 6.295400941e-14, 3.94043826702e-14, 4.82116245797e-14, 7.92011313304e-14, 8.43555301023e-14, 8.80607774743e-14, 1.17499136506e-13, 1.07059509641e-13, 9.98924182846e-14], "var": [7.45402649045e-05, 0.000132425499032, 7.39290544516e-06, 1.04027321868e-06, 7.62340334859e-07, 2.1457576338e-07, 7.11915362217e-08, 6.58403536136e-08, 4.63355860347e-08, 1.78241190696e-08, 2.25514362739e-08, 1.51474743859e-08, 3.48127326966e-09, 5.98956528819e-09, 5.94990146041e-09, 4.95201712969e-10, 3.52345952415e-09, 3.42840267287e-09, 2.39443398442e-09, 8.70019944976e-10, 3.14933912282e-10, 3.43312184237e-10, 1.47650480731e-09, 8.7861756759e-10, 2.41506564747e-10, 1.31178901075e-10, 4.78577108498e-11, 4.53386633792e-11, 6.77282951944e-11, 1.79019910007e-10, 4.7949456905e-11, 1.24000896357e-11, 1.75634593674e-11, 1.39629887513e-12, 5.14015045805e-13, 4.61650628749e-13, 3.03005423486e-13, 7.62049277847e-13, 2.3671949817e-13, 2.92760309268e-13]}, "mfcc": {"mean": [-659.594238281, 128.426757812, 29.0140705109, 30.0068740845, 8.42439174652, 9.81574249268, 4.8358039856, 2.57700133324, 3.30798387527, 1.54454886913, 2.83058214188, 0.268067657948, -3.29230642319], "cov": [[12772.2578125, 1167.82275391, -628.480041504, 415.108032227, 81.0752182007, 130.029586792, -7.54280138016, 57.3419151306, 150.687149048, -29.3246135712, -6.58130836487, -12.7201051712, -80.9057540894], [1167.82275391, 1162.56640625, 426.709899902, 60.4941482544, 75.1843414307, 37.9404983521, 80.7455368042, 41.9327201843, 25.5330467224, 27.0370140076, 42.1458930969, 10.6543703079, -11.1143941879], [-628.480041504, 426.709899902, 457.120178223, -7.26836538315, 33.2551040649, 6.38103342056, 44.3534317017, 19.3089885712, 6.17823505402, 30.4674491882, 25.3654994965, -1.55000472069, 8.33896255493], [415.108032227, 60.4941482544, -7.26836538315, 123.717536926, 7.51910924911, 20.745552063, 2.61391973495, 1.8085616827, 8.58830928802, 0.121188051999, 1.66980528831, 8.48853492737, -2.96116542816], [81.0752182007, 75.1843414307, 33.2551040649, 7.51910924911, 79.0709381104, -5.70438432693, 9.85380649567, 13.9778547287, 5.16122579575, 16.3464756012, 19.3659820557, 14.4988622665, 11.4938173294], [130.029586792, 37.9404983521, 6.38103342056, 20.745552063, -5.70438432693, 73.3771820068, 25.4268131256, -4.20224285126, 7.01563215256, -2.35841107368, 3.38649773598, -6.6481590271, 0.288783699274], [-7.54280138016, 80.7455368042, 44.3534317017, 2.61391973495, 9.85380649567, 25.4268131256, 51.687713623, 23.3564758301, 17.1203384399, 7.49578952789, 8.93003082275, -0.0975569859147, -1.0400916338], [57.3419151306, 41.9327201843, 19.3089885712, 1.8085616827, 13.9778547287, -4.20224285126, 23.3564758301, 44.1077766418, 24.6565818787, 9.53111839294, 1.5235067606, 2.14067983627, -0.943936109543], [150.687149048, 25.5330467224, 6.17823505402, 8.58830928802, 5.16122579575, 7.01563215256, 17.1203384399, 24.6565818787, 53.9376831055, 20.736579895, 6.41528654099, 4.83682823181, 1.93888425827], [-29.3246135712, 27.0370140076, 30.4674491882, 0.121188051999, 16.3464756012, -2.35841107368, 7.49578952789, 9.53111839294, 20.736579895, 47.6918449402, 27.7487564087, 13.673866272, -0.456345379353], [-6.58130836487, 42.1458930969, 25.3654994965, 1.66980528831, 19.3659820557, 3.38649773598, 8.93003082275, 1.5235067606, 6.41528654099, 27.7487564087, 45.5306282043, 25.54114151, 3.61148643494], [-12.7201051712, 10.6543703079, -1.55000472069, 8.48853492737, 14.4988622665, -6.6481590271, -0.0975569859147, 2.14067983627, 4.83682823181, 13.673866272, 25.54114151, 41.0821456909, 17.2689495087], [-80.9057540894, -11.1143941879, 8.33896255493, -2.96116542816, 11.4938173294, 0.288783699274, -1.0400916338, -0.943936109543, 1.93888425827, -0.456345379353, 3.61148643494, 17.2689495087, 34.8037376404]], "icov": [[0.00014612567611, -0.00030647663516, 0.00046487574582, -0.00028545895475, -8.68084534886e-05, -0.000127192557557, 0.000376665877411, -9.9205353763e-05, -0.000376960088033, 0.000123604302644, -0.000167753445567, 0.00031255101203, 2.93804041576e-05], [-0.00030647663516, 0.00218199193478, -0.00234928587452, 1.46405609485e-05, -0.000748413905967, -4.76466120745e-05, -0.00154067971744, 0.000121714962006, 0.000365938030882, 0.000807786709629, 1.04888567876e-05, -0.00143609778024, 0.00145499396604], [0.00046487574582, -0.00234928587452, 0.00534167978913, -0.00053139985539, 0.000204663345357, 0.000646605971269, -0.000654722680338, -0.000215605090489, 0.000221267619054, -0.00210179504938, -0.00141063134652, 0.00388137786649, -0.00291238748468], [-0.00028545895475, 1.46405609485e-05, -0.00053139985539, 0.0101224221289, -0.00113039871212, -0.00356094306335, 0.00156390375923, -2.2037913368e-05, -0.000748630962335, 0.000218245069846, 0.00327585823834, -0.00581288477406, 0.00336752575822], [-8.68084534886e-05, -0.000748413905967, 0.000204663345357, -0.00113039871212, 0.0171460378915, 0.00216367887333, -0.000694279384334, -0.0054035927169, 0.00350508722477, -0.00323391892016, -0.0057385545224, 0.00223993649706, -0.00718729803339], [-0.000127192557557, -4.76466120745e-05, 0.000646605971269, -0.00356094306335, 0.00216367887333, 0.0219620484859, -0.0146359074861, 0.0100694363937, -0.0028751688078, 0.00210018525831, -0.00514038372785, 0.00791666004807, -0.00503683462739], [0.000376665877411, -0.00154067971744, -0.000654722680338, 0.00156390375923, -0.000694279384334, -0.0146359074861, 0.0405811183155, -0.0204937569797, -0.0028012895491, 0.00356236286461, -0.0072371494025, 0.00220494973473, 0.0015408678446], [-9.9205353763e-05, 0.000121714962006, -0.000215605090489, -2.2037913368e-05, -0.0054035927169, 0.0100694363937, -0.0204937569797, 0.0448668971658, -0.0151436468586, -0.000519501045346, 0.00835266895592, -0.00385349732824, 0.00404555117711], [-0.000376960088033, 0.000365938030882, 0.000221267619054, -0.000748630962335, 0.00350508722477, -0.0028751688078, -0.0028012895491, -0.0151436468586, 0.0329568572342, -0.015433604829, 0.00485345721245, -0.00076813675696, -0.00466512097046], [0.000123604302644, 0.000807786709629, -0.00210179504938, 0.000218245069846, -0.00323391892016, 0.00210018525831, 0.00356236286461, -0.000519501045346, -0.015433604829, 0.0432749502361, -0.0245895087719, 0.00166830886155, 0.00536140194163], [-0.000167753445567, 1.04888567876e-05, -0.00141063134652, 0.00327585823834, -0.0057385545224, -0.00514038372785, -0.0072371494025, 0.00835266895592, 0.00485345721245, -0.0245895087719, 0.0592455938458, -0.0345532409847, 0.0125822490081], [0.00031255101203, -0.00143609778024, 0.00388137786649, -0.00581288477406, 0.00223993649706, 0.00791666004807, 0.00220494973473, -0.00385349732824, -0.00076813675696, 0.00166830886155, -0.0345532409847, 0.0596119686961, -0.0279287919402], [2.93804041576e-05, 0.00145499396604, -0.00291238748468, 0.00336752575822, -0.00718729803339, -0.00503683462739, 0.0015408678446, 0.00404555117711, -0.00466512097046, 0.00536140194163, 0.0125822490081, -0.0279287919402, 0.0457032509148]]}, "spectral_contrast_coeffs": {"dmean": [0.0441816933453, 0.0450296401978, 0.0367057062685, 0.0375814661384, 0.0348551981151, 0.0285557322204], "dmean2": [0.0736519992352, 0.0759953781962, 0.0609381496906, 0.0578059181571, 0.0517835170031, 0.0391765795648], "dvar": [0.00153834361117, 0.00179300724994, 0.00122681283392, 0.00158900360111, 0.00156504986808, 0.00111557403579], "dvar2": [0.00408702949062, 0.00459809368476, 0.00288186315447, 0.00334536959417, 0.00315394788049, 0.00225936365314], "max": [-0.447812289, -0.440004199743, -0.535758793354, -0.524316370487, -0.540692746639, -0.56970334053], "mean": [-0.668808579445, -0.741760194302, -0.767676651478, -0.763860106468, -0.76496130228, -0.73089081049], "median": [-0.670958280563, -0.744566440582, -0.769654750824, -0.779530882835, -0.788968980312, -0.720247268677], "min": [-0.937819123268, -0.960163593292, -0.965727984905, -0.982793629169, -0.956557154655, -0.921833455563], "var": [0.00527472514659, 0.00613835966215, 0.00455719744787, 0.00651978095993, 0.00665568746626, 0.00439670775086]}, "spectral_contrast_valleys": {"dmean": [0.406744778156, 0.470879942179, 0.557259559631, 0.672930300236, 0.77085095644, 0.675777673721], "dmean2": [0.64301776886, 0.746970653534, 0.847390174866, 0.909618258476, 1.00560605526, 0.816068232059], "dvar": [0.164993688464, 0.256153255701, 0.377055764198, 0.529621660709, 0.765169143677, 0.59968650341], "dvar2": [0.336477845907, 0.532359838486, 0.786992847919, 1.03460907936, 1.69962620735, 1.30720484257], "max": [-4.74186420441, -4.62868690491, -5.19892501831, -5.69404697418, -5.64070892334, -8.69712638855], "mean": [-6.67790699005, -6.85506916046, -7.74930906296, -8.49131202698, -8.584