{"lowlevel": {"average_loudness": 0.946116447449, "barkbands_crest": {"dmean": 3.06052875519, "dmean2": 4.73632717133, "dvar": 12.6213302612, "dvar2": 26.4655742645, "max": 26.796453476, "mean": 16.581489563, "median": 17.5001544952, "min": 1.97291755676, "var": 46.379032135}, "barkbands_flatness_db": {"dmean": 0.0595201924443, "dmean2": 0.0865832343698, "dvar": 0.00342929107137, "dvar2": 0.00695988209918, "max": 0.623136758804, "mean": 0.217169627547, "median": 0.210253223777, "min": 0.0161035843194, "var": 0.0137449540198}, "barkbands_kurtosis": {"dmean": 58.701751709, "dmean2": 93.1005706787, "dvar": 15595.2900391, "dvar2": 36917.4023438, "max": 3388.27026367, "mean": 82.6423492432, "median": 23.1678943634, "min": -1.91065990925, "var": 27064.9570312}, "barkbands_skewness": {"dmean": 2.49587202072, "dmean2": 3.74949026108, "dvar": 8.49160575867, "dvar2": 18.8545074463, "max": 40.9433326721, "mean": 5.76718902588, "median": 4.62972211838, "min": -3.89997625351, "var": 27.9014110565}, "barkbands_spread": {"dmean": 9.84168052673, "dmean2": 15.1550045013, "dvar": 164.529525757, "dvar2": 357.968475342, "max": 119.097511292, "mean": 18.1241092682, "median": 9.64996528625, "min": 0.0431418865919, "var": 430.424163818}, "dissonance": {"dmean": 0.0174876060337, "dmean2": 0.0295486468822, "dvar": 0.000396885065129, "dvar2": 0.00100393826142, "max": 0.500000059605, "mean": 0.473076045513, "median": 0.481449902058, "min": 0.203491598368, "var": 0.000748043123167}, "dynamic_complexity": 3.25111150742, "erbbands_crest": {"dmean": 2.9380645752, "dmean2": 4.77524662018, "dvar": 9.04368305206, "dvar2": 21.2125434875, "max": 29.3375968933, "mean": 7.90496730804, "median": 6.44852733612, "min": 2.08827018738, "var": 20.1544361115}, "erbbands_flatness_db": {"dmean": 0.0246660951525, "dmean2": 0.0358399040997, "dvar": 0.000656073680148, "dvar2": 0.00132587063126, "max": 0.391380488873, "mean": 0.109530642629, "median": 0.0990228950977, "min": 0.0279449690133, "var": 0.00204122229479}, "erbbands_kurtosis": {"dmean": 1.54385828972, "dmean2": 2.43998789787, "dvar": 9.46002006531, "dvar2": 22.4671726227, "max": 109.178977966, "mean": 0.678924143314, "median": -0.371366024017, "min": -1.91781115532, "var": 12.9445238113}, "erbbands_skewness": {"dmean": 0.566319465637, "dmean2": 0.857438743114, "dvar": 0.336064815521, "dvar2": 0.749003946781, "max": 8.98721504211, "mean": 0.0892331302166, "median": 0.0225992128253, "min": -5.04965305328, "var": 1.08495306969}, "erbbands_spread": {"dmean": 19.4568920135, "dmean2": 29.7469100952, "dvar": 345.75390625, "dvar2": 755.370239258, "max": 201.341903687, "mean": 65.6520233154, "median": 62.0309295654, "min": 3.13034272194, "var": 1090.49401855}, "hfc": {"dmean": 22.2352828979, "dmean2": 34.5504264832, "dvar": 1140.98254395, "dvar2": 2760.20336914, "max": 417.656677246, "mean": 32.6228218079, "median": 20.1558818817, "min": 4.85459601407e-08, "var": 1378.33911133}, "melbands_crest": {"dmean": 4.07674884796, "dmean2": 6.33098840714, "dvar": 22.5348644257, "dvar2": 45.6664466858, "max": 39.5987548828, "mean": 25.9493236542, "median": 27.3854827881, "min": 2.00589632988, "var": 102.649589539}, "melbands_flatness_db": {"dmean": 0.0692778751254, "dmean2": 0.101921863854, "dvar": 0.00460881972685, "dvar2": 0.00948791112751, "max": 0.785589993, "mean": 0.30556038022, "median": 0.311059802771, "min": 0.0105468891561, "var": 0.0206389836967}, "melbands_kurtosis": {"dmean": 165.808013916, "dmean2": 258.729858398, "dvar": 126842.289062, "dvar2": 277880.34375, "max": 8106.83056641, "mean": 245.389068604, "median": 83.3990707397, "min": -1.82255232334, "var": 211289.1875}, "melbands_skewness": {"dmean": 3.81598997116, "dmean2": 5.72889757156, "dvar": 23.5469264984, "dvar2": 50.3467674255, "max": 77.1301651001, "mean": 9.79278945923, "median": 7.94446277618, "min": -1.50677931309, "var": 69.3511810303}, "melbands_spread": {"dmean": 9.36303710938, "dmean2": 14.9008111954, "dvar": 278.054351807, "dvar2": 614.601989746, "max": 230.468963623, "mean": 16.4521636963, "median": 4.68641281128, "min": 0.0429027974606, "var": 761.456176758}, "pitch_salience": {"dmean": 0.112406998873, "dmean2": 0.1695715487, "dvar": 0.0161553081125, "dvar2": 0.0327649191022, "max": 0.933530390263, "mean": 0.304008483887, "median": 0.202154830098, "min": 0.0179380103946, "var": 0.0581732355058}, "silence_rate_20dB": {"dmean": 0.027893640101, "dmean2": 0.0557909160852, "dvar": 0.0271090753376, "dvar2": 0.0735300779343, "max": 1, "mean": 0.979015946388, "median": 1, "min": 0, "var": 0.0205418802798}, "silence_rate_30dB": {"dmean": 0.104927010834, "dmean2": 0.209867686033, "dvar": 0.0939051583409, "dvar2": 0.182622879744, "max": 1, "mean": 0.410100996494, "median": 0, "min": 0, "var": 0.241923421621}, "silence_rate_60dB": {"dmean": 0.0338894687593, "dmean2": 0.0677181780338, "dvar": 0.0327471978962, "dvar2": 0.0795649886131, "max": 1, "mean": 0.0761159956455, "median": 0, "min": 0, "var": 0.0703272670507}, "spectral_centroid": {"dmean": 496.610595703, "dmean2": 782.856933594, "dvar": 253738.5625, "dvar2": 549893.8125, "max": 5039.82080078, "mean": 1577.87536621, "median": 1445.84484863, "min": 66.2471008301, "var": 950913.3125}, "spectral_complexity": {"dmean": 7.46806573868, "dmean2": 11.0905294418, "dvar": 73.9781646729, "dvar2": 156.759033203, "max": 66, "mean": 15.0636692047, "median": 12, "min": 0, "var": 156.193267822}, "spectral_decrease": {"dmean": 1.56306843024e-08, "dmean2": 2.57083225819e-08, "dvar": 3.71618394372e-16, "dvar2": 9.78618562698e-16, "max": -3.85937916893e-20, "mean": -3.66891796943e-08, "median": -3.78640301335e-08, "min": -1.59311682069e-07, "var": 8.86032091151e-16}, "spectral_energy": {"dmean": 0.0598257035017, "dmean2": 0.0982152819633, "dvar": 0.00532970111817, "dvar2": 0.0140608688816, "max": 0.604825437069, "mean": 0.141432285309, "median": 0.145509213209, "min": 4.54892503873e-12, "var": 0.0127516295761}, "spectral_energyband_high": {"dmean": 0.00188205752056, "dmean2": 0.00290098506957, "dvar": 1.08919557533e-05, "dvar2": 2.56806288235e-05, "max": 0.0415678173304, "mean": 0.00219234847464, "median": 0.000753470987547, "min": 3.01403541882e-12, "var": 1.27892835735e-05}, "spectral_energyband_low": {"dmean": 0.0567175410688, "dmean2": 0.0934915244579, "dvar": 0.0054937438108, "dvar2": 0.0144174937159, "max": 0.599715530872, "mean": 0.127574965358, "median": 0.130006417632, "min": 1.1537513024e-13, "var": 0.0124113578349}, "spectral_energyband_middle_high": {"dmean": 0.00234174216166, "dmean2": 0.00397097319365, "dvar": 1.66461613844e-05, "dvar2": 4.6126126108e-05, "max": 0.0373813770711, "mean": 0.0027988308575, "median": 0.00111875275616, "min": 7.90979694937e-13, "var": 1.70895928022e-05}, "spectral_energyband_middle_low": {"dmean": 0.00741495611146, "dmean2": 0.0126289613545, "dvar": 0.000240802328335, "dvar2": 0.000644952640869, "max": 0.16365429759, "mean": 0.00773446587846, "median": 0.00351786706597, "min": 8.40574354913e-14, "var": 0.000185147218872}, "spectral_entropy": {"dmean": 0.291862338781, "dmean2": 0.433093905449, "dvar": 0.104870125651, "dvar2": 0.228048473597, "max": 8.81650066376, "mean": 7.89955329895, "median": 8.03890991211, "min": 4.91496801376, "var": 0.316300004721}, "spectral_flux": {"dmean": 0.0768389999866, "dmean2": 0.117736726999, "dvar": 0.00699827680364, "dvar2": 0.0166535452008, "max": 0.642899155617, "mean": 0.153231427073, "median": 0.124999649823, "min": 3.8484581637e-06, "var": 0.0123905744404}, "spectral_kurtosis": {"dmean": 1.73411142826, "dmean2": 2.72333192825, "dvar": 20.8404083252, "dvar2": 50.0636978149, "max": 119.227203369, "mean": 3.33553862572, "median": 2.10230255127, "min": -0.667517900467, "var": 26.4369602203}, "spectral_rms": {"dmean": 0.0025659231469, "dmean2": 0.00402442738414, "dvar": 8.23693062557e-06, "dvar2": 1.89621987374e-05, "max": 0.0242914296687, "mean": 0.0103094065562, "median": 0.0119147058576, "min": 6.66181350084e-08, "var": 3.16988225677e-05}, "spectral_rolloff": {"dmean": 725.059326172, "dmean2": 1219.80358887, "dvar": 2414515.5, "dvar2": 5442458, "max": 19832.0800781, "mean": 1283.20947266, "median": 86.1328125, "min": 43.06640625, "var": 6877555.5}, "spectral_skewness": {"dmean": 0.28449550271, "dmean2": 0.427738130093, "dvar": 0.18222181499, "dvar2": 0.400236785412, "max": 8.90785121918, "mean": 1.38733148575, "median": 1.25167918205, "min": -0.0376039110124, "var": 0.421364635229}, "spectral_spread": {"dmean": 1028600.9375, "dmean2": 1505240.25, "dvar": 1036039946240.0, "dvar2": 2179743350780.0, "max": 17745638, "mean": 6644483.5, "median": 6640968.5, "min": 562681.375, "var": 3414850011140.0}, "spectral_strongpeak": {"dmean": 0.28563323617, "dmean2": 0.472727537155, "dvar": 0.150932878256, "dvar2": 0.395358800888, "max": 13.0976467133, "mean": 0.673359274864, "median": 0.664619147778, "min": 0, "var": 0.237386703491}, "zerocrossingrate": {"dmean": 0.0175894536078, "dmean2": 0.0200540609658, "dvar": 0.000450110179372, "dvar2": 0.000517286651302, "max": 0.5126953125, "mean": 0.0553647950292, "median": 0.0302734375, "min": 0.00146484375, "var": 0.00469597429037}, "barkbands": {"dmean": [0.0080654527992, 0.0494419932365, 0.00595398712903, 0.00255026249215, 0.0029553337954, 0.00075079879025, 0.000726340862457, 0.000867138791364, 0.000543472182471, 0.000283958477667, 0.000179798880708, 0.000244366965489, 0.000235212544794, 0.000352449162165, 0.000287357863272, 0.000275070720818, 0.000227832933888, 0.000230535675655, 0.00032590268529, 0.000256014493061, 0.000289769028313, 0.000334982847562, 0.000347015098669, 0.000349757465301, 0.000274543010164, 0.000146473787026, 0.000113954651169], "dmean2": [0.0132170263678, 0.0821973606944, 0.010558760725, 0.00461582746357, 0.00523256510496, 0.00131735904142, 0.00128305354156, 0.00143845262937, 0.000918195350096, 0.00052165921079, 0.000317625585012, 0.000431360240327, 0.000410670880228, 0.000589197967201, 0.000473123538541, 0.000478859292343, 0.000369784625946, 0.000403752841521, 0.000548078736756, 0.000433600100223, 0.000485772208776, 0.0005476984079, 0.000566568691283, 0.00055131665431, 0.000416870607296, 0.000222264614422, 0.000169754304807], "dvar": [0.00021304206166, 0.00449597463012, 0.000290877011139, 5.82213542657e-05, 5.73181205255e-05, 2.71531280305e-06, 2.32021579905e-06, 4.66961137136e-06, 9.51835716023e-07, 5.0374529792e-07, 1.40521052572e-07, 2.87862548021e-07, 2.65443333092e-07, 1.34632250592e-06, 3.28394236249e-07, 5.03747116909e-07, 1.63971023426e-07, 2.35189787645e-07, 3.58074117912e-07, 2.25785697694e-07, 3.0706189591e-07, 3.93486487837e-07, 4.38654808477e-07, 4.37123048869e-07, 2.84834356989e-07, 9.05103334503e-08, 9.33677881676e-08], "dvar2": [0.000501664646436, 0.0119396978989, 0.000808159413282, 0.000162088661455, 0.000153661196236, 7.59267413741e-06, 6.39694735582e-06, 1.15742595881e-05, 2.53568600783e-06, 1.43016313814e-06, 3.90881098156e-07, 7.99986651145e-07, 7.29370185582e-07, 3.79155540031e-06, 8.27641542855e-07, 1.40212216593e-06, 3.82589092851e-07, 6.36028630652e-07, 9.36022843234e-07, 6.07733454672e-07, 8.13742474293e-07, 9.03832983568e-07, 1.0801903727e-06, 9.90805915535e-07, 6.50153026527e-07, 2.12943234601e-07, 2.17768445054e-07], "max": [0.180073097348, 0.568119466305, 0.196401536465, 0.0956262052059, 0.111582562327, 0.0209097191691, 0.0281382855028, 0.0353699997067, 0.0105340685695, 0.0101980725303, 0.00675201928243, 0.00764805730432, 0.0111878877506, 0.0188219826669, 0.0113205723464, 0.0170764960349, 0.00743933301419, 0.0169334150851, 0.0124032068998, 0.00408125529066, 0.00553316203877, 0.00890302099288, 0.00807781610638, 0.0092402137816, 0.00801878515631, 0.0069339373149, 0.00480754114687], "mean": [0.0245083738118, 0.0996541008353, 0.00458845868707, 0.00177694519516, 0.00253004580736, 0.000741941912565, 0.000788687961176, 0.00112486258149, 0.000695569906384, 0.00021703823586, 0.000164218130521, 0.000228314267588, 0.000224664778216, 0.000355267024133, 0.000320208520861, 0.000298833678244, 0.000289247080218, 0.000246916461037, 0.000345849141013, 0.00029853329761, 0.000302151427604, 0.000386192259612, 0.000381545949494, 0.000399736425607, 0.000296425743727, 0.000154654422658, 0.000113483081805], "median": [0.00341822416522, 0.0898924544454, 0.0005715014413, 0.000256877363427, 0.000589944072999, 0.000216901971726, 0.000158825016115, 0.000205697724596, 0.000225322684855, 5.69865223952e-05, 5.54823782295e-05, 8.81121086422e-05, 7.33236811357e-05, 9.77761301328e-05, 8.88855502126e-05, 9.91360284388e-05, 7.42548363633e-05, 6.83952894178e-05, 0.00010188723536, 9.09571026568e-05, 9.50832836679e-05, 0.000119876996905, 0.000117011055409, 0.000109917251393, 7.6722317317e-05, 3.78407930839e-05, 8.97078552953e-06], "min": [1.26204724297e-13, 4.19973978554e-14, 7.13694206544e-15, 3.18330778743e-15, 3.0511460837e-15, 1.33934526745e-14, 2.72742559196e-14, 8.56195980271e-15, 2.70213572926e-14, 1.80666384766e-14, 2.67735137581e-14, 4.5195120026e-14, 1.06839890938e-13, 7.17482171765e-14, 1.34059579301e-13, 2.16845584457e-14, 5.76392842418e-14, 1.19808595553e-13, 7.41726287595e-14, 1.65819574326e-13, 1.61685619862e-13, 2.31329847855e-13, 2.58795318075e-13, 3.14651435332e-13, 3.83389229652e-13, 6.97848788304e-13, 9.95751549791e-13], "var": [0.00132652779575, 0.00892013311386, 0.000201211980311, 3.60748672392e-05, 4.30914587923e-05, 2.12995223592e-06, 2.00444833354e-06, 5.73196348341e-06, 1.17728131954e-06, 3.05100343212e-07, 1.01751382431e-07, 2.06904701372e-07, 2.11594951338e-07, 1.01318596535e-06, 4.64415279566e-07, 4.01348586365e-07, 3.695897135e-07, 2.78412755961e-07, 3.91281417933e-07, 2.34047320191e-07, 2.81303613292e-07, 4.66836695523e-07, 4.5458563136e-07, 5.13994280027e-07, 3.16408119261e-07, 9.57355723585e-08, 1.02062223561e-07]}, "erbbands": {"dmean": [2.22817730904, 8.49420547485, 7.56330251694, 7.8232665062, 9.56871700287, 9.5941991806, 6.91705703735, 6.05805492401, 8.07144546509, 12.5709695816, 21.9423046112, 12.6698503494, 10.812743187, 8.02987861633, 6.9929485321, 10.4657430649, 10.7342329025, 16.6103973389, 15.5942220688, 13.7220315933, 15.4769582748, 11.6844062805, 11.9744291306, 13.6333169937, 15.6826229095, 12.6560153961, 11.0620880127, 12.0878410339, 11.3599367142, 11.2461643219, 10.1707906723, 8.0799074173, 5.33902406693, 3.66223192215, 1.70433795452, 0.628530085087, 0.289207071066, 0.0977044552565, 0.0242555886507, 0.000758650130592], "dmean2": [3.59520673752, 14.3196125031, 13.1413621902, 13.7464294434, 17.165271759, 16.8509960175, 12.3775491714, 10.6875257492, 14.380689621, 21.5293292999, 36.2033042908, 21.1851119995, 19.3248386383, 14.3853273392, 12.1881198883, 18.664150238, 18.733341217, 27.4879550934, 25.7666721344, 23.7244129181, 26.1892108917, 19.3320140839, 20.6768951416, 22.6242542267, 26.341375351, 21.3698329926, 18.54388237, 20.2751693726, 18.5826854706, 18.3422489166, 16.6692638397, 13.018652916, 8.25999927521, 5.67553663254, 2.55671000481, 0.966541707516, 0.439183294773, 0.149804159999, 0.0363537557423, 0.00111716403626], "dvar": [9.51293754578, 157.275299072, 314.206451416, 522.185058594, 678.644165039, 601.573364258, 300.517150879, 164.625228882, 272.125091553, 722.939697266, 3581.26928711, 516.001586914, 599.524353027, 320.205841064, 196.608642578, 569.275878906, 601.305786133, 2515.41479492, 1381.75048828, 924.486206055, 1362.50732422, 403.219696045, 517.695617676, 676.208740234, 777.996582031, 561.217590332, 394.86315918, 584.42980957, 435.494506836, 480.194915771, 386.413238525, 218.982711792, 117.439590454, 48.1287879944, 12.2153568268, 1.75609254837, 0.341541290283, 0.0545539446175, 0.00433062156662, 3.82053849535e-06], "dvar2": [24.4122562408, 419.552307129, 850.378540039, 1418.89892578, 1884.05236816, 1585.45959473, 850.65447998, 459.276489258, 766.237243652, 1912.12719727, 9010.73632812, 1355.45776367, 1697.8737793, 903.902709961, 542.168395996, 1587.23144531, 1636.29211426, 6930.35351562, 3690.19482422, 2630.26293945, 3670.49804688, 1031.87780762, 1381.92492676, 1417.84753418, 2126.34130859, 1492.51379395, 1062.85449219, 1524.05407715, 1043.51525879, 1081.4329834, 974.799072266, 524.193908691, 261.970367432, 111.123550415, 27.3183193207, 4.11181879044, 0.810180664062, 0.135502830148, 0.0100304028019, 8.10390520201e-06], "max": [28.3955554962, 116.286003113, 234.92074585, 340.22668457, 341.823516846, 371.665679932, 234.044296265, 154.723007202, 354.354980469, 424.640808105, 1010.75213623, 262.300933838, 364.810638428, 195.93321228, 316.748199463, 303.721221924, 624.485778809, 788.021240234, 655.133178711, 491.107635498, 715.726257324, 456.869567871, 505.500823975, 968.54699707, 258.406738281, 214.981994629, 201.147781372, 230.933395386, 236.832946777, 347.469146729, 241.787811279, 173.764602661, 180.176040649, 97.6038208008, 55.4302177429, 29.5531349182, 12.8714542389, 5.31835269928, 0.679444491863, 0.0412277765572], "mean": [4.99945688248, 13.9051055908, 8.18035697937, 5.96213006973, 7.53906059265, 8.1586561203, 6.49958992004, 5.98401355743, 8.80099868774, 15.1595115662, 27.8791275024, 16.9137001038, 10.2456932068, 6.95512628555, 7.07380485535, 9.51913261414, 10.2409982681, 17.4237804413, 17.175409317, 15.2568702698, 18.8810997009, 14.6468839645, 13.4295024872, 16.0482368469, 16.809709549, 14.7071733475, 12.1458730698, 12.4220895767, 13.0056152344, 12.9625873566, 10.8746652603, 8.89732551575, 6.15824079514, 3.90221858025, 1.83810937405, 0.683985054493, 0.292673557997, 0.0966981127858, 0.0237603150308, 0.000926792854443], "median": [3.86708688736, 7.35669136047, 1.91178500652, 1.09735715389, 1.62983250618, 1.66218090057, 1.57297134399, 1.90402698517, 2.91051697731, 3.51687574387, 5.13558626175, 5.74263286591, 3.40509748459, 2.39456772804, 3.03410434723, 3.49923801422, 3.45177531242, 4.74382591248, 5.27487230301, 5.23602104187, 5.68959665298, 4.48785305023, 3.81082773209, 4.66405534744, 5.28020811081, 4.3546257019, 3.89436650276, 3.72213959694, 4.14160585403, 4.14307832718, 3.11634373665, 2.43416857719, 1.67182743549, 1.0011190176, 0.459631979465, 0.184410333633, 0.0655222609639, 0.0146891977638, 0.00161356769968, 0.000282043911284], "min": [2.8277996264e-12, 5.97896168339e-12, 8.85720403271e-12, 1.02069117047e-11, 6.75902866662e-12, 7.86228287336e-12, 4.96422833396e-11, 1.21283788568e-10, 4.33259927934e-10, 1.96628324733e-10, 2.38202929603e-10, 6.80099865313e-10, 4.99656149788e-10, 9.58234935844e-10, 1.09958564476e-09, 1.92980320612e-09, 4.85529216832e-09, 3.45008666081e-09, 7.4799180183e-09, 3.64712260392e-09, 1.87461091095e-09, 3.46683637353e-09, 6.12284356549e-09, 4.24293000734e-09, 5.73091574196e-09, 7.03049929385e-09, 6.83809009416e-09, 6.40040287436e-09, 8.74571348675e-09, 6.8102790074e-09, 8.21015877506e-09, 6.53524701022e-09, 5.24567900229e-09, 3.08139003202e-09, 3.1555720259e-09, 2.48292919558e-09, 1.35745548135e-09, 5.77369929644e-10, 1.27529195537e-10, 1.53800201741e-11], "var": [24.1767902374, 303.986816406, 273.983947754, 352.505187988, 446.547058105, 473.522155762, 238.52456665, 122.630065918, 224.073043823, 815.437683105, 3990.66943359, 672.035522461, 407.517547607, 208.776855469, 152.753692627, 395.430297852, 471.81072998, 2066.84716797, 1471.23156738, 849.013671875, 1433.29772949, 662.89263916, 728.87689209, 1343.22351074, 772.041015625, 590.983337402, 382.280914307, 531.636047363, 497.318481445, 575.650512695, 381.956787109, 240.694473267, 137.031417847, 53.1717910767, 13.5673379898, 1.86877977848, 0.35401570797, 0.0537363775074, 0.00471365684643, 4.82151335746e-06]}, "gfcc": {"mean": [0.588452041149, 49.8131027222, -71.2725982666, 42.5163230896, -38.6879959106, 26.8598690033, -20.5049228668, 19.2377185822, -5.53036117554, 12.5249176025, -9.26038742065, 2.70126342773, -9.05839443207], "cov": [[12387.421875, -217.298736572, 417.25994873, 974.862915039, -15.1307516098, 262.553070068, -37.5035934448, 218.990005493, -177.729598999, -16.3562812805, -170.873794556, -90.4739151001, -155.936065674], [-217.298736572, 2277.11132812, 429.191040039, -55.5586357117, 265.38583374, 19.0255680084, 294.889160156, 115.800765991, 194.417892456, -14.7984409332, 81.2272033691, -32.3099708557, 51.9433517456], [417.25994873, 429.191040039, 1121.20178223, 228.862503052, 225.156066895, 214.814697266, 360.044372559, 143.443847656, 112.359924316, 42.8773040771, 3.71367621422, -20.8704986572, 32.7571563721], [974.862915039, -55.5586357117, 228.862503052, 758.272521973, 362.274169922, 319.833770752, 140.598907471, 116.32661438, 85.1895446777, 33.8673171997, 46.3237037659, 29.7968387604, 62.5098648071], [-15.1307516098, 265.38583374, 225.156066895, 362.274169922, 710.736022949, 250.711776733, 211.210571289, 97.6397705078, 151.880737305, 17.0650234222, 62.7999343872, 13.6029653549, 59.0484771729], [262.553070068, 19.0255680084, 214.814697266, 319.833770752, 250.711776733, 354.178009033, 203.662765503, 105.524528503, 83.5302658081, 48.1891479492, 36.7178344727, 18.2749958038, 36.7720947266], [-37.5035934448, 294.889160156, 360.044372559, 140.598907471, 211.210571289, 203.662765503, 350.057098389, 145.110809326, 112.501686096, 63.4748954773, 45.3424797058, -1.64120590687, 41.0651893616], [218.990005493, 115.800765991, 143.443847656, 116.32661438, 97.6397705078, 105.524528503, 145.110809326, 159.118881226, 98.2856216431, 60.1983566284, 42.2285842896, 11.5261802673, 18.4231719971], [-177.729598999, 194.417892456, 112.359924316, 85.1895446777, 151.880737305, 83.5302658081, 112.501686096, 98.2856216431, 178.859481812, 60.1122055054, 73.3409500122, 9.77342414856, 33.8460578918], [-16.3562812805, -14.7984409332, 42.8773040771, 33.8673171997, 17.0650234222, 48.1891479492, 63.4748954773, 60.1983566284, 60.1122055054, 111.618942261, 49.593952179, 19.1059875488, 17.8862628937], [-170.873794556, 81.2272033691, 3.71367621422, 46.3237037659, 62.7999343872, 36.7178344727, 45.3424797058, 42.2285842896, 73.3409500122, 49.593952179, 102.620155334, 37.6946868896, 42.1034851074], [-90.4739151001, -32.3099708557, -20.8704986572, 29.7968387604, 13.6029653549, 18.2749958038, -1.64120590687, 11.5261802673, 9.77342414856, 19.1059875488, 37.6946868896, 83.5942764282, 45.1044883728], [-155.936065674, 51.9433517456, 32.7571563721, 62.5098648071, 59.0484771729, 36.7720947266, 41.0651893616, 18.4231719971, 33.8460578918, 17.8862628937, 42.1034851074, 45.1044883728, 79.0902328491]], "icov": [[0.000107727224531, -1.94535132323e-05, -3.71710957552e-05, -0.000177087145858, 3.98105185013e-05, 9.16628414416e-06, 0.000131151158712, -0.000284993846435, 0.00021251081489, -3.73155162379e-05, 7.8479955846e-05, 3.69710469386e-05, 0.000199471207452], [-1.94535132323e-05, 0.000599624705501, -0.000109803127998, 0.000160829047672, -0.000116487084597, 0.00032634017407, -0.000470644794405, 2.06704371521e-05, -0.000465334567707, 0.000619502796326, -0.0003970033722, 0.000274953927146, -0.00022543099476], [-3.71710957552e-05, -0.000109803127998, 0.00144706002902, -0.000257459440036, 9.33027185965e-05, 0.000123990132124, -0.00152345560491, 0.000281937856926, -0.000370139605366, -1.60455365403e-05, 0.00086207856657, -4.44072102255e-05, -7.05692000338e-05], [-0.000177087145858, 0.000160829047672, -0.000257459440036, 0.00296116410755, -0.000870046729688, -0.00207323697396, 0.00117168424185, -0.000979625852779, 0.000272843259154, 0.000313140626531, -0.000423169607529, 0.000513956299983, -0.00171060860157], [3.98105185013e-05, -0.000116487084597, 9.33027185965e-05, -0.000870046729688, 0.00253693759441, -0.000610439572483, -0.000809059070889, 0.000775230291765, -0.00156274868641, 0.00103544944432, -8.90808732947e-05, -5.59460531804e-05, -5.28233322257e-05], [9.16628414416e-06, 0.00032634017407, 0.000123990132124, -0.00207323697396, -0.000610439572483, 0.00692123780027, -0.00328364036977, 0.000162495751283, -0.000324593915138, -0.000475039763842, 0.000468261772767, -0.00118058326188, 0.000966214691289], [0.000131151158712, -0.000470644794405, -0.00152345560491, 0.00117168424185, -0.000809059070889, -0.00328364036977, 0.00901432428509, -0.0049360296689, 0.00120804400649, -0.00128642329946, -0.000251320103416, 0.00259031378664, -0.00269677792676], [-0.000284993846435, 2.06704371521e-05, 0.000281937856926, -0.000979625852779, 0.000775230291765, 0.000162495751283, -0.0049360296689, 0.0153396725655, -0.0057948930189, -0.00260256975889, 0.000547223491594, -0.00270617380738, 0.00273780315183], [0.00021251081489, -0.000465334567707, -0.000370139605366, 0.000272843259154, -0.00156274868641, -0.000324593915138, 0.00120804400649, -0.0057948930189, 0.0134555706754, -0.00223532412201, -0.00561132421717, 0.00323663395829, -0.00140880490653], [-3.73155162379e-05, 0.000619502796326, -1.60455365403e-05, 0.000313140626531, 0.00103544944432, -0.000475039763842, -0.00128642329946, -0.00260256975889, -0.00223532412201, 0.014560867101, -0.00495778024197, -0.000928048975766, 0.000832859484944], [7.8479955846e-05, -0.0003970033722, 0.00086207856657, -0.000423169607529, -8.90808732947e-05, 0.000468261772767, -0.000251320103416, 0.000547223491594, -0.00561132421717, -0.00495778024197, 0.0200049933046, -0.00489499932155, -0.00409081485122], [3.69710469386e-05, 0.000274953927146, -4.44072102255e-05, 0.000513956299983, -5.59460531804e-05, -0.00118058326188, 0.00259031378664, -0.00270617380738, 0.00323663395829, -0.000928048975766, -0.00489499932155, 0.0205246023834, -0.0108937863261], [0.000199471207452, -0.00022543099476, -7.05692000338e-05, -0.00171060860157, -5.28233322257e-05, 0.000966214691289, -0.00269677792676, 0.00273780315183, -0.00140880490653, 0.000832859484944, -0.00409081485122, -0.0108937863261, 0.0237239412963]]}, "melbands": {"dmean": [0.016438242048, 0.00601725606248, 0.00135918159503, 0.000745058699977, 0.000260589033132, 0.000134637128212, 0.000132520886837, 0.000137348193675, 0.00017524168652, 7.50642793719e-05, 5.38108979526e-05, 3.27899106196e-05, 2.3563801733e-05, 2.62441171799e-05, 2.81846514554e-05, 2.12849281525e-05, 3.41333361575e-05, 2.6238943974e-05, 2.09255285881e-05, 1.82185085578e-05, 1.86946781469e-05, 1.30365078803e-05, 1.12396410259e-05, 1.08910016934e-05, 1.12193947643e-05, 1.22430792544e-05, 9.96359995042e-06, 8.11752033769e-06, 7.1100448622e-06, 7.2977036325e-06, 6.94476966601e-06, 6.2437102315e-06, 6.91184641255e-06, 6.05605646342e-06, 5.92555215917e-06, 5.94957782596e-06, 4.6267655307e-06, 3.77931178264e-06, 3.48152752849e-06, 3.07916593556e-06], "dmean2": [0.0269347447902, 0.0101856933907, 0.00236385129392, 0.00131368485745, 0.000467019592179, 0.000237346219365, 0.000235290513956, 0.000233947313973, 0.00028814439429, 0.000126468061353, 9.66210282058e-05, 5.9075133322e-05, 4.12478511862e-05, 4.59124275949e-05, 5.07154363731e-05, 3.68179935322e-05, 5.639826486e-05, 4.42506752734e-05, 3.43960964528e-05, 3.2045700209e-05, 3.13287891913e-05, 2.13319326576e-05, 1.97497538466e-05, 1.86463857972e-05, 1.85414901352e-05, 2.09226527659e-05, 1.67828275153e-05, 1.36185071824e-05, 1.21008897622e-05, 1.21120419863e-05, 1.18213247333e-05, 1.03463189589e-05, 1.13071992018e-05, 9.86777467915e-06, 9.89474210655e-06, 9.7741767604e-06, 7.47142166801e-06, 5.85802990827e-06, 5.43418263987e-06, 4.85128566652e-06], "dvar": [0.000490970094688, 0.000101551377156, 1.37822789839e-05, 3.87051477446e-06, 4.23321779408e-07, 8.25105672675e-08, 7.31943146093e-08, 7.99707109422e-08, 2.35610158938e-07, 1.84033535078e-08, 1.52839341183e-08, 5.60430857277e-09, 2.30194951989e-09, 3.16792170274e-09, 4.5731538556e-09, 2.15642970147e-09, 1.23113030881e-08, 5.23284882092e-09, 1.80613368705e-09, 2.19408957669e-09, 2.01143190992e-09, 5.39399469535e-10, 4.58157012329e-10, 4.52368698056e-10, 5.20469167764e-10, 5.6520266245e-10, 3.36308897397e-10, 2.27056318192e-10, 1.71917230452e-10, 2.00373648229e-10, 1.96031343935e-10, 1.23841992217e-10, 2.10227765751e-10, 1.33955194159e-10, 1.45876644098e-10, 1.34316918698e-10, 7.24344334513e-11, 6.92359086729e-11, 4.2875307471e-11, 3.56542538549e-11], "dvar2": [0.00127917760983, 0.000271766097285, 3.68433393305e-05, 1.02936201074e-05, 1.19431501844e-06, 2.30435318826e-07, 2.0448985083e-07, 2.08879285424e-07, 5.94050106884e-07, 4.92563039245e-08, 4.32825011387e-08, 1.5848391044e-08, 6.38468966585e-09, 8.82769768396e-09, 1.27258070748e-08, 5.94684701483e-09, 3.38843548775e-08, 1.4356963618e-08, 4.44428804869e-09, 6.23056362059e-09, 5.29026600304e-09, 1.33298316829e-09, 1.23311383327e-09, 1.17116139009e-09, 1.0227390046e-09, 1.5698985445e-09, 9.10248432184e-10, 5.97183469342e-10, 4.71935768243e-10, 5.26585774985e-10, 5.12962505805e-10, 3.01992680862e-10, 4.92551333053e-10, 3.06618869184e-10, 3.77372466609e-10, 3.33501365413e-10, 1.71513525604e-10, 1.54760759763e-10, 1.00859466612e-10, 8.35622404605e-11], "max": [0.195452734828, 0.119052767754, 0.0481851920485, 0.028357764706, 0.00981851294637, 0.00348390475847, 0.00554386433214, 0.00480758212507, 0.00821697060019, 0.0016593671171, 0.00184193544555, 0.000792746199295, 0.000998888397589, 0.000888240465429, 0.000672971247695, 0.00105026061647, 0.00177531095687, 0.00122335273772, 0.00091628258815, 0.00128233723808, 0.000902882253285, 0.00059702701401, 0.000542490568478, 0.00068075733725, 0.000941276666708, 0.000331628660206, 0.000196391614736, 0.000133520166855, 0.000154159672093, 0.000151181797264, 0.000159111223184, 0.000116108814836, 0.00021766986174, 0.00017738059978, 0.000146969556226, 0.000128774292534, 0.000149395884364, 0.000149537750985, 0.000100408986327, 8.77375568962e-05], "mean": [0.0363006517291, 0.00880937743932, 0.00105816149153, 0.000615481694695, 0.000242066307692, 0.000132737579406, 0.000144304911373, 0.000172856278368, 0.000220413785428, 9.69220709521e-05, 4.90569000249e-05, 2.75027468888e-05, 2.32176189456e-05, 2.5338582418e-05, 2.3885149858e-05, 2.18322329602e-05, 3.4594329918e-05, 2.75637939922e-05, 2.38851189351e-05, 1.93748855963e-05, 2.28789340326e-05, 1.62573142006e-05, 1.14916829261e-05, 1.25798687804e-05, 1.2953728401e-05, 1.27670855363e-05, 1.0715721146e-05, 9.52164646151e-06, 7.60187958804e-06, 7.38622838981e-06, 6.97318591847e-06, 7.07685012458e-06, 7.75403532316e-06, 6.91519335305e-06, 6.23051937509e-06, 6.13559404883e-06, 5.12238739248e-06, 4.34874436905e-06, 3.83748511013e-06, 3.16084719998e-06], "median": [0.0332397036254, 0.00348802073859, 0.000195927364985, 0.000121140823467, 6.31170842098e-05, 4.12866284023e-05, 4.38456518168e-05, 4.02010555263e-05, 4.40675321443e-05, 3.24661814375e-05, 1.43382067108e-05, 8.84720247996e-06, 9.12151790544e-06, 1.04093514892e-05, 6.92022922522e-06, 7.48996626498e-06, 8.65100355441e-06, 7.96956192062e-06, 6.71606903779e-06, 6.99588827047e-06, 6.17472687736e-06, 4.41384327132e-06, 3.21162337968e-06, 3.35368576998e-06, 3.52203937837e-06, 3.57759904546e-06, 3.21934430758e-06, 2.62951562036e-06, 2.32205093198e-06, 2.08405890589e-06, 2.10432676795e-06, 2.29314036915e-06, 2.24911741498e-06, 2.21325967686e-06, 1.81866994353e-06, 1.55138957325e-06, 1.40978863783e-06, 1.17797708299e-06, 1.00637453215e-06, 7.65078198128e-07], "min": [2.60455058806e-14, 5.67856224147e-15, 1.71345183169e-15, 3.828623597e-16, 1.38292528199e-15, 3.07802836835e-15, 6.382018869e-15, 2.00890211177e-15, 1.91282867028e-15, 4.47260162391e-15, 2.47196782426e-15, 3.87156017355e-15, 3.48094775355e-15, 5.64782976856e-15, 4.98404647021e-15, 1.19373191819e-14, 5.89951502092e-15, 1.17937801316e-14, 8.5979671733e-15, 2.1479819571e-15, 2.51417314668e-15, 3.17037719421e-15, 6.45894089555e-15, 4.15224868106e-15, 3.34976162002e-15, 2.80946301989e-15, 7.10655221735e-15, 3.63936684337e-15, 4.77029092971e-15, 2.90246448464e-15, 3.8513927426e-15, 5.31558533016e-15, 3.82660432339e-15, 3.59358047741e-15, 4.96450542012e-15, 4.47054163979e-15, 3.73450897214e-15, 4.42403444878e-15, 2.11519818215e-15, 2.71777022104e-15], "var": [0.00112777703907, 0.000150493418914, 9.68921631284e-06, 2.93388893624e-06, 3.13465591262e-07, 6.14278405919e-08, 6.04290235628e-08, 9.84755033073e-08, 2.53743024814e-07, 2.27850982526e-08, 1.02509822852e-08, 3.60181973136e-09, 1.74455039303e-09, 2.34079999828e-09, 3.19047654962e-09, 1.76392112028e-09, 9.84556969286e-09, 4.6337120807e-09, 2.72986389049e-09, 1.62888713628e-09, 2.38581310263e-09, 9.9456098912e-10, 5.01017172194e-10, 7.49430684177e-10, 1.05805275652e-09, 4.94066620949e-10, 3.43027051208e-10, 2.50442111493e-10, 1.59998569949e-10, 1.81287249101e-10, 1.73679959303e-10, 1.39351169492e-10, 2.31375238413e-10, 1.58728322153e-10, 1.34421307418e-10, 1.31842356477e-10, 8.06997108027e-11, 7.77898995219e-11, 4.83501988446e-11, 3.74565760353e-11]}, "mfcc": {"mean": [-656.460327148, 89.4841156006, 29.7232303619, 29.6375217438, 17.470697403, 17.601184845, 7.85306596756, 12.9578866959, 11.6535596848, 15.9987707138, 11.4503631592, 7.93400764465, 6.6663441658], "cov": [[10530.1865234, -508.194030762, 56.3882102966, 271.254180908, 63.8860397339, -29.6991901398, -50.7148590088, -75.9702224731, -107.960243225, 41.9183044434, -73.4468994141, -136.080444336, -95.4917068481], [-508.194030762, 2133.0871582, 256.777801514, 43.8348693848, -25.5707969666, -29.0311431885, 54.1354408264, 114.502609253, 114.357475281, 83.4062652588, 101.812805176, 35.7776985168, 66.9832077026], [56.3882102966, 256.777801514, 822.987731934, 121.964179993, -75.7516555786, 86.0576477051, 137.162994385, 86.2062530518, 146.794204712, 49.4017677307, 68.12159729, 61.4178009033, 27.6045780182], [271.254180908, 43.8348693848, 121.964179993, 371.848876953, 242.229629517, 174.566802979, 121.687774658, 115.471138, 101.257263184, 77.0621109009, 44.0076675415, 20.9775295258, 38.1411437988], [63.8860397339, -25.5707969666, -75.7516555786, 242.229629517, 446.788787842, 226.497329712, 98.1507415771, 134.054824829, 79.9197235107, 71.5154037476, 39.5366325378, 31.0196914673, 19.1005878448], [-29.6991901398, -29.0311431885, 86.0576477051, 174.566802979, 226.497329712, 303.847106934, 177.145095825, 138.130203247, 120.376976013, 73.5823287964, 48.9699401855, 45.9102401733, 35.2711601257], [-50.7148590088, 54.1354408264, 137.162994385, 121.687774658, 98.1507415771, 177.145095825, 232.554016113, 119.008628845, 122.169616699, 77.3918533325, 52.6574707031, 41.925868988, 43.5389060974], [-75.9702224731, 114.502609253, 86.2062530518, 115.471138, 134.054824829, 138.130203247, 119.008628845, 177.699798584, 113.773933411, 66.7219619751, 52.8199653625, 46.0399246216, 30.197927475], [-107.960243225, 114.357475281, 146.794204712, 101.257263184, 79.9197235107, 120.376976013, 122.169616699, 113.773933411, 155.108337402, 90.6398773193, 68.8389205933, 41.7461624146, 40.9547576904], [41.9183044434, 83.4062652588, 49.4017677307, 77.0621109009, 71.5154037476, 73.5823287964, 77.3918533325, 66.7219619751, 90.6398773193, 145.040359497, 85.3349761963, 36.0618629456, 50.7189102173], [-73.4468994141, 101.812805176, 68.12159729, 44.0076675415, 39.5366325378, 48.9699401855, 52.6574707031, 52.8199653625, 68.8389205933, 85.3349761963, 106.874069214, 52.7672271729, 46.5023765564], [-136.080444336, 35.7776985168, 61.4178009033, 20.9775295258, 31.0196914673, 45.9102401733, 41.925868988, 46.0399246216, 41.7461624146, 36.0618629456, 52.7672271729, 89.6774978638, 38.7180671692], [-95.4917068481, 66.9832077026, 27.6045780182, 38.1411437988, 19.1005878448, 35.2711601257, 43.5389060974, 30.197927475, 40.9547576904, 50.7189102173, 46.5023765564, 38.7180671692, 78.4572219849]], "icov": [[0.00010445688531, 2.23702791118e-05, -2.99806415569e-05, -0.000122238343465, 2.46507843258e-05, 1.54675781232e-05, -9.92052662241e-08, -9.82431538432e-06, 0.000178511923878, -0.000185223674634, 3.69008230336e-05, 0.000104308834125, 0.000122100333101], [2.23702791118e-05, 0.00054392562015, -0.000143001961987, 1.6990406948e-05, -3.07303307636e-05, 0.000360905018169, 3.88513617509e-05, -0.000440086383605, -9.87331295619e-05, 4.28230632679e-05, -0.000366451626178, 0.000328378926497, -0.000323033687891], [-2.99806415569e-05, -0.000143001961987, 0.00188693567179, -0.000877992075402, 0.00113949365914, -0.000237502623349, -0.000330753711751, 0.000348245579517, -0.00175456050783, 0.000777751614805, -0.0004328013747, -0.000997314229608, 0.000889185175765], [-0.000122238343465, 1.6990406948e-05, -0.000877992075402, 0.00545860314742, -0.00264517660253, -0.000251519290032, -0.000507606717292, -0.000439346884377, -0.0004398105375, -0.000363433675375, 0.000370154710254, 0.00155967660248, -0.00182472961023], [2.46507843258e-05, -3.07303307636e-05, 0.00113949365914, -0.00264517660253, 0.00571031682193, -0.00324653740972, 0.00144447304774, -0.00174827571027, 0.000784329837188, -0.000820740126073, -0.000179131835466, -0.00077701464761, 0.0014926479198], [1.54675781232e-05, 0.000360905018169, -0.000237502623349, -0.000251519290032, -0.00324653740972, 0.00963233225048, -0.00450772419572, -0.00104253483005, -0.00168144248892, 0.000612406991422, 0.000471169652883, -0.000739218608942, -0.000153256565682], [-9.92052662241e-08, 3.88513617509e-05, -0.000330753711751, -0.000507606717292, 0.00144447304774, -0.00450772419572, 0.0105029111728, -0.00194315309636, -0.00295747234486, -0.00103841524106, 0.00107233703602, 4.37020607933e-05, -0.00151793495752], [-9.82431538432e-06, -0.000440086383605, 0.000348245579517, -0.000439346884377, -0.00174827571027, -0.00104253483005, -0.00194315309636, 0.0140612125397, -0.00691621378064, 0.000775179825723, 0.000157839574968, -0.00298048905097, 0.00150179304183], [0.000178511923878, -9.87331295619e-05, -0.00175456050783, -0.0004398105375, 0.000784329837188, -0.00168144248892, -0.00295747234486, -0.00691621378064, 0.0212233588099, -0.00586233334616, -0.00259193731472, 0.00131306413095, -0.000399709591875], [-0.000185223674634, 4.28230632679e-05, 0.000777751614805, -0.000363433675375, -0.000820740126073, 0.000612406991422, -0.00103841524106, 0.000775179825723, -0.00586233334616, 0.017432462424, -0.0102282613516, 0.00259724655189, -0.00358503032476], [3.69008230336e-05, -0.000366451626178, -0.0004328013747, 0.000370154710254, -0.000179131835466, 0.000471169652883, 0.00107233703602, 0.000157839574968, -0.00259193731472, -0.0102282613516, 0.0241357535124, -0.00798155460507, -0.0028955147136], [0.000104308834125, 0.000328378926497, -0.000997314229608, 0.00155967660248, -0.00077701464761, -0.000739218608942, 4.37020607933e-05, -0.00298048905097, 0.00131306413095, 0.00259724655189, -0.00798155460507, 0.0193214043975, -0.00608494877815], [0.000122100333101, -0.000323033687891, 0.000889185175765, -0.00182472961023, 0.0014926479198, -0.000153256565682, -0.00151793495752, 0.00150179304183, -0.000399709591875, -0.00358503032476, -0.0028955147136, -0.00608494877815, 0.0209595356137]]}, "spectral_contrast_coeffs": {"dmean": [0.0644163265824, 0.0512383021414, 0.0389748923481, 0.0341449826956, 0.0280716810375, 0.0220999680459], "dmean2": [0.10421718657, 0.0823498815298, 0.0622429661453, 0.0538024455309, 0.0434538237751, 0.0365160740912], "dvar": [0.00319008156657, 0.00196211319417, 0.00110451702494, 0.00101043831091, 0.000844248046633, 0.000413303379901], "dvar2": [0.0079439021647, 0.00471187569201, 0.00257332576439, 0.00210372917354, 0.00164034613408, 0.00105769955553], "max": [-0.290015220642, -0.427785366774, -0.525783598423, -0.483610004187, -0.434289872646, -0.663639307022], "mean": [-0.679827153683, -0.776854276657, -0.810561060905, -0.81400591135, -0.813433468342, -0.792774260044], "median": [-0.686517953873, -0.786295115948, -0.817730784416, -0.829158425331, -0.825932145119, -0.79286634922], "min": [-0.949832737446, -0.964063644409, -0.958273410797, -0.952453434467, -0.948185384274, -0.922847211361], "var": [0.00830261781812, 0.00581123167649, 0.00346627202816, 0.00345322163776, 0.00296411523595, 0.00100598542485]}, "spectral_contrast_valleys": {"dmean": [0.607301414013, 0.68696719408, 0.619664847851, 0.579083025455, 0.603235185146, 0.608426690102], "dmean2": [0.942718267441, 1.06064510345, 0.945565760136, 0.85730522871, 0.87399315834, 0.829437494278], "dvar": [0.347203195095, 0.470401376486, 0.394437432289, 0.35562312603, 0.401327252388, 0.431525677443], "dvar2": [0.775034070015, 1.0647315979, 0.918226063251, 0.816714525223, 0.943865954876, 0.899743855], "max": [-4.68834590912, -4.22304010391, -5.08067989349, -5.35961484909, -5.33342075348, -7.090848922