{"lowlevel": {"average_loudness": 0.950763940811, "barkbands_crest": {"dmean": 2.28157043457, "dmean2": 3.61357474327, "dvar": 7.33078289032, "dvar2": 16.5712814331, "max": 26.9692840576, "mean": 11.1479721069, "median": 9.98251533508, "min": 3.34911084175, "var": 17.9565620422}, "barkbands_flatness_db": {"dmean": 0.0326824747026, "dmean2": 0.0460811816156, "dvar": 0.00111507729162, "dvar2": 0.00232353270985, "max": 0.662910103798, "mean": 0.242375090718, "median": 0.252457261086, "min": 0.0521035119891, "var": 0.00481109973043}, "barkbands_kurtosis": {"dmean": 7.01006746292, "dmean2": 10.6864337921, "dvar": 488.953948975, "dvar2": 1054.56237793, "max": 1289.4152832, "mean": 16.617389679, "median": 10.2116394043, "min": -1.91455972195, "var": 2183.99316406}, "barkbands_skewness": {"dmean": 0.825016856194, "dmean2": 1.23136878014, "dvar": 1.04739820957, "dvar2": 2.28167414665, "max": 10.9214029312, "mean": 2.07885169983, "median": 2.24830961227, "min": -33.0012435913, "var": 6.29321575165}, "barkbands_spread": {"dmean": 6.77995634079, "dmean2": 10.5004234314, "dvar": 137.634277344, "dvar2": 283.725158691, "max": 112.74710083, "mean": 14.0097379684, "median": 8.51717853546, "min": 0.0359930917621, "var": 265.628417969}, "dissonance": {"dmean": 0.0570969618857, "dmean2": 0.097087725997, "dvar": 0.00306595000438, "dvar2": 0.00832277163863, "max": 0.499999970198, "mean": 0.349792271852, "median": 0.347097426653, "min": 0.0651859119534, "var": 0.00706090033054}, "dynamic_complexity": 3.97973847389, "erbbands_crest": {"dmean": 3.13667297363, "dmean2": 4.99691581726, "dvar": 13.7304058075, "dvar2": 31.3972110748, "max": 32.4329490662, "mean": 14.1662969589, "median": 12.4018154144, "min": 2.75300550461, "var": 35.2569847107}, "erbbands_flatness_db": {"dmean": 0.0289136208594, "dmean2": 0.0412796735764, "dvar": 0.000907825888135, "dvar2": 0.00206957571208, "max": 0.647530674934, "mean": 0.218381687999, "median": 0.20790708065, "min": 0.0913274213672, "var": 0.00452422490343}, "erbbands_kurtosis": {"dmean": 5.76056480408, "dmean2": 8.68074417114, "dvar": 87.5484619141, "dvar2": 199.183517456, "max": 252.691055298, "mean": 10.5725193024, "median": 6.90560245514, "min": -1.90272140503, "var": 241.26373291}, "erbbands_skewness": {"dmean": 0.792632877827, "dmean2": 1.20916569233, "dvar": 0.932683646679, "dvar2": 2.14955067635, "max": 12.5133705139, "mean": 1.83056104183, "median": 1.85764682293, "min": -3.15243268013, "var": 2.27692818642}, "erbbands_spread": {"dmean": 14.3266963959, "dmean2": 21.9396190643, "dvar": 357.251953125, "dvar2": 879.611022949, "max": 159.610244751, "mean": 30.7757663727, "median": 23.6028938293, "min": 0.240975826979, "var": 638.280273438}, "hfc": {"dmean": 5.49201917648, "dmean2": 8.2322769165, "dvar": 80.1400299072, "dvar2": 188.788604736, "max": 67.6035003662, "mean": 10.6314916611, "median": 5.90520048141, "min": 1.25213518931e-16, "var": 138.866744995}, "melbands_crest": {"dmean": 2.38326716423, "dmean2": 3.81126880646, "dvar": 8.70643520355, "dvar2": 19.3998451233, "max": 33.0996246338, "mean": 14.3052330017, "median": 13.8766117096, "min": 1.59772753716, "var": 25.5006561279}, "melbands_flatness_db": {"dmean": 0.0396794900298, "dmean2": 0.0549697317183, "dvar": 0.00189006072469, "dvar2": 0.00381068279967, "max": 0.717578470707, "mean": 0.33702069521, "median": 0.356527835131, "min": 0.00609925482422, "var": 0.00790449324995}, "melbands_kurtosis": {"dmean": 12.9405012131, "dmean2": 19.5611362457, "dvar": 482.992401123, "dvar2": 1116.80773926, "max": 431.170562744, "mean": 26.4463405609, "median": 15.4450426102, "min": -1.84089624882, "var": 1157.53649902}, "melbands_skewness": {"dmean": 1.08702468872, "dmean2": 1.62093949318, "dvar": 1.85303151608, "dvar2": 4.51653003693, "max": 16.0362854004, "mean": 2.62276601791, "median": 2.49937105179, "min": -11.2878417969, "var": 5.77449846268}, "melbands_spread": {"dmean": 7.46787929535, "dmean2": 11.7770175934, "dvar": 393.575439453, "dvar2": 784.178222656, "max": 267.96975708, "mean": 16.0615653992, "median": 8.47319602966, "min": 0.264467149973, "var": 950.096557617}, "pitch_salience": {"dmean": 0.069208137691, "dmean2": 0.113511480391, "dvar": 0.00708902208135, "dvar2": 0.0177525859326, "max": 0.948241889477, "mean": 0.500045478344, "median": 0.499255001545, "min": 0.0242455527186, "var": 0.0157631505281}, "silence_rate_20dB": {"dmean": 0, "dmean2": 0, "dvar": 0, "dvar2": 0, "max": 1, "mean": 1, "median": 1, "min": 1, "var": 0}, "silence_rate_30dB": {"dmean": 0, "dmean2": 0, "dvar": 0, "dvar2": 0, "max": 1, "mean": 1, "median": 1, "min": 1, "var": 0}, "silence_rate_60dB": {"dmean": 0.0661238580942, "dmean2": 0.132280349731, "dvar": 0.061754964292, "dvar2": 0.126129955053, "max": 1, "mean": 0.11618155241, "median": 0, "min": 0, "var": 0.102681204677}, "spectral_centroid": {"dmean": 190.229354858, "dmean2": 287.485626221, "dvar": 194473.234375, "dvar2": 340324.03125, "max": 11014.2470703, "mean": 661.892272949, "median": 457.313232422, "min": 216.018615723, "var": 541423.8125}, "spectral_complexity": {"dmean": 1.47643721104, "dmean2": 2.46989130974, "dvar": 3.89601540565, "dvar2": 7.89261198044, "max": 17, "mean": 6.6238284111, "median": 7, "min": 0, "var": 9.09747314453}, "spectral_decrease": {"dmean": 1.80551495976e-09, "dmean2": 2.44352404977e-09, "dvar": 6.63360015138e-18, "dvar2": 1.04193324318e-17, "max": 3.6997072102e-29, "mean": -5.93395732551e-09, "median": -4.93414642477e-09, "min": -2.66839510488e-08, "var": 2.54514309321e-17}, "spectral_energy": {"dmean": 0.00722526572645, "dmean2": 0.00984968710691, "dvar": 0.00010727182962, "dvar2": 0.000172315354575, "max": 0.10583486408, "mean": 0.0233604740351, "median": 0.0191846396774, "min": 1.12175877339e-20, "var": 0.000398243835662}, "spectral_energyband_high": {"dmean": 0.000174397981027, "dmean2": 0.000265243259491, "dvar": 6.47945128662e-08, "dvar2": 1.63013055499e-07, "max": 0.00182310899254, "mean": 0.00021027342882, "median": 0.000103929662146, "min": 8.31178867592e-21, "var": 6.48221032407e-08}, "spectral_energyband_low": {"dmean": 0.0021232930012, "dmean2": 0.00324687315151, "dvar": 1.00457191365e-05, "dvar2": 1.80145980266e-05, "max": 0.0364518128335, "mean": 0.00813219696283, "median": 0.00767104513943, "min": 1.41192091865e-22, "var": 4.04635029554e-05}, "spectral_energyband_middle_high": {"dmean": 0.00182911206502, "dmean2": 0.00326762488112, "dvar": 2.71094886557e-05, "dvar2": 7.21766264178e-05, "max": 0.0692103132606, "mean": 0.00185849529225, "median": 0.000164323515492, "min": 1.50552243312e-21, "var": 2.73491041298e-05}, "spectral_energyband_middle_low": {"dmean": 0.00503738969564, "dmean2": 0.00617560697719, "dvar": 8.04200099083e-05, "dvar2": 0.000118205076433, "max": 0.0984445661306, "mean": 0.013884213753, "median": 0.00767482258379, "min": 1.8686651981e-22, "var": 0.000292033248115}, "spectral_entropy": {"dmean": 0.382841587067, "dmean2": 0.514293372631, "dvar": 0.15879689157, "dvar2": 0.310742110014, "max": 9.80381298065, "mean": 6.57066059113, "median": 6.43836402893, "min": 2.62151670456, "var": 0.728798925877}, "spectral_flux": {"dmean": 0.0301294047385, "dmean2": 0.049674294889, "dvar": 0.00134869024623, "dvar2": 0.00305041787215, "max": 0.271656572819, "mean": 0.0509593226016, "median": 0.0362222120166, "min": 1.05913111614e-10, "var": 0.00194985652342}, "spectral_kurtosis": {"dmean": 2.93433094025, "dmean2": 4.2875328064, "dvar": 19.5725402832, "dvar2": 33.7025413513, "max": 242.440689087, "mean": 6.6384935379, "median": 4.67998409271, "min": -1.35309910774, "var": 185.709289551}, "spectral_rms": {"dmean": 0.000768115394749, "dmean2": 0.00105682155117, "dvar": 1.02390208667e-06, "dvar2": 1.65140750141e-06, "max": 0.0101613746956, "mean": 0.00428074458614, "median": 0.00432628300041, "min": 3.30816992723e-12, "var": 4.46590502179e-06}, "spectral_rolloff": {"dmean": 488.17388916, "dmean2": 902.354919434, "dvar": 2465716.75, "dvar2": 5150753, "max": 18604.6875, "mean": 1182.11572266, "median": 624.462890625, "min": 129.19921875, "var": 5179905}, "spectral_skewness": {"dmean": 0.491931915283, "dmean2": 0.686673283577, "dvar": 0.25755494833, "dvar2": 0.533664882183, "max": 13.5527124405, "mean": 2.34947657585, "median": 2.32623815536, "min": -0.0931715145707, "var": 1.26991593838}, "spectral_spread": {"dmean": 1650942.125, "dmean2": 2423269.75, "dvar": 3111408631810.0, "dvar2": 6850244247550.0, "max": 40311836, "mean": 7603529, "median": 7241952, "min": 473644.96875, "var": 8225066844160.0}, "spectral_strongpeak": {"dmean": 0.535441339016, "dmean2": 0.792754232883, "dvar": 0.831657171249, "dvar2": 1.39986908436, "max": 8.66630649567, "mean": 1.12574589252, "median": 0.445231556892, "min": 0, "var": 2.27227520943}, "zerocrossingrate": {"dmean": 0.0181254390627, "dmean2": 0.0199355408549, "dvar": 0.000774260493927, "dvar2": 0.000719987554476, "max": 0.85693359375, "mean": 0.0639973655343, "median": 0.0400390625, "min": 0.01025390625, "var": 0.00676346290857}, "barkbands": {"dmean": [3.60807862307e-05, 0.00147765560541, 0.000641038874164, 0.000396796065615, 0.000667010550387, 0.000794690335169, 0.000969663320575, 0.000738966045901, 0.00221750093624, 0.000408236141084, 0.000251561228652, 0.000187499303138, 0.000299365230603, 0.00082555640256, 2.32633610722e-05, 7.15235455573e-06, 2.51280607699e-06, 2.55352688328e-06, 2.10423513636e-06, 1.07389087134e-06, 8.75166676906e-07, 3.13108807859e-06, 2.17026044993e-05, 0.00012447006884, 2.03344770853e-05, 5.28053351445e-06, 3.64225144267e-07], "dmean2": [6.15428580204e-05, 0.00222988449968, 0.00103030400351, 0.000642972823698, 0.000959510682151, 0.000978033524007, 0.00108849920798, 0.000914760283194, 0.00279527110979, 0.000586518843193, 0.000380842247978, 0.000331929128151, 0.000578667968512, 0.00160778244026, 4.38726965513e-05, 1.29643985929e-05, 4.4607872951e-06, 4.63803189632e-06, 3.96527912017e-06, 1.91714912035e-06, 1.41945463383e-06, 5.0939306675e-06, 3.52168972313e-05, 0.000191282379092, 3.10491013806e-05, 8.22985748528e-06, 5.76821037157e-07], "dvar": [1.10575131274e-08, 5.06278956891e-06, 1.57527210831e-06, 3.60479447181e-07, 1.86812542324e-06, 3.42698854183e-06, 1.10820637929e-05, 7.46769183024e-06, 3.58830220648e-05, 6.82591644363e-06, 1.84586269825e-06, 4.28193430935e-07, 1.07202095023e-06, 9.43912800722e-06, 4.78923034564e-09, 3.9529840512e-10, 4.30315401367e-11, 5.74490108263e-11, 4.62682253621e-11, 1.03426789702e-11, 1.80884680064e-12, 2.64420794288e-11, 1.28814003908e-09, 3.36752528085e-08, 7.98073940267e-10, 5.61898375051e-11, 2.97526136757e-13], "dvar2": [2.81559362492e-08, 1.06720626718e-05, 2.78403831544e-06, 6.91400430242e-07, 3.0715466437e-06, 4.58888416688e-06, 1.35655063787e-05, 1.06568713818e-05, 5.68462419324e-05, 1.35585132739e-05, 4.24338577432e-06, 1.19640139928e-06, 3.12726615448e-06, 2.75588336081e-05, 1.3862207382e-08, 1.1268689315e-09, 1.17215542828e-10, 1.64807167913e-10, 1.36906805337e-10, 2.93759738756e-11, 4.57082505526e-12, 6.97211594014e-11, 3.40110140051e-09, 8.40041494143e-08, 1.9779844429e-09, 1.40026018558e-10, 7.27342990524e-13], "max": [0.0016398181906, 0.0287325121462, 0.0128397103399, 0.00957912672311, 0.0294800363481, 0.0545494705439, 0.0679363831878, 0.0660999268293, 0.0726821944118, 0.0677770897746, 0.0353577882051, 0.0132833626121, 0.00843978393823, 0.0204338505864, 0.000594338111114, 0.000205309712328, 0.000131042674184, 6.14804812358e-05, 5.15678475494e-05, 2.92233908112e-05, 9.01470775716e-06, 3.89861488657e-05, 0.000278452032944, 0.00129710684996, 0.000169408944203, 4.52095118817e-05, 4.4746925596e-06], "mean": [7.47935700929e-05, 0.00436867354438, 0.00300553184934, 0.00146672478877, 0.00268395850435, 0.00269201863557, 0.00200502760708, 0.00129531847779, 0.00365894683637, 0.000633085554, 0.000388141401345, 0.00018453154189, 0.000196643726667, 0.000465151941171, 1.7230227968e-05, 6.51498339721e-06, 2.7831360967e-06, 2.60621277448e-06, 1.70599912508e-06, 1.23329380131e-06, 1.0930971257e-06, 3.45498506249e-06, 2.28698463616e-05, 0.000149428087752, 2.61706554738e-05, 6.3157567638e-06, 5.23222354332e-07], "median": [8.28922566143e-06, 0.00405686721206, 0.00271479878575, 0.00123288738541, 0.00255056237802, 0.000932025897782, 0.000172505897353, 0.000171067484189, 0.000645534135401, 4.78239599033e-05, 1.8598015231e-05, 1.97424451471e-05, 1.82618041435e-05, 1.90155587916e-05, 2.97419865092e-06, 1.67374582816e-06, 9.45507167671e-07, 5.82230882173e-07, 2.20731493528e-07, 1.78204004442e-07, 3.88941487017e-07, 1.54890221893e-06, 9.42727092479e-06, 7.40155228414e-05, 1.41457840073e-05, 3.23662879964e-06, 2.39170134364e-07], "min": [8.58135640692e-23, 5.52986256524e-23, 4.22829634525e-23, 1.06208177534e-23, 1.32922005456e-23, 2.90978349976e-23, 1.57113198198e-23, 3.64189059601e-23, 4.89225532563e-23, 7.58351867484e-23, 9.01193372838e-23, 8.13526503134e-23, 7.53310036557e-23, 1.21119986826e-22, 7.80490775472e-23, 1.14813189039e-22, 1.0859364558e-22, 2.66452273157e-22, 3.11318617235e-22, 4.05464155429e-22, 5.55733802258e-22, 5.34229327764e-22, 6.22135897587e-22, 1.05927101345e-21, 1.12729753115e-21, 1.86519393244e-21, 2.58720345765e-21], "var": [3.77576974131e-08, 1.43985544128e-05, 8.38456435304e-06, 1.7573106561e-06, 1.19524465845e-05, 2.37715848925e-05, 3.91137582483e-05, 1.94348413061e-05, 8.2023871073e-05, 1.24378739201e-05, 2.99196108244e-06, 4.78047127217e-07, 5.90001263845e-07, 5.01196609548e-06, 2.83322232342e-09, 2.68048999663e-10, 3.67512027755e-11, 3.9775554378e-11, 2.89352933974e-11, 8.08650455625e-12, 2.10658226973e-12, 2.30768945619e-11, 1.10281961341e-09, 3.32563026006e-08, 8.32394819739e-10, 5.55499743427e-11, 3.76627900959e-13]}, "erbbands": {"dmean": [0.0375010259449, 0.356789946556, 0.766923546791, 0.994861364365, 1.78529465199, 2.38898134232, 4.04550552368, 7.11325883865, 7.80911016464, 20.1718769073, 27.0499591827, 37.0446624756, 30.1069202423, 8.5431842804, 8.96539211273, 6.99281787872, 13.2656974792, 44.0408325195, 10.5876913071, 1.17507851124, 0.325050383806, 0.152255147696, 0.133221849799, 0.128050014377, 0.0896067395806, 0.0494658090174, 0.0271584577858, 0.0479608103633, 0.0899390280247, 0.225303411484, 0.792540848255, 2.81002569199, 1.64310503006, 0.354019224644, 0.100577004254, 0.0311230253428, 0.00811535958201, 0.00144497514702, 4.35899855802e-05, 9.54000370257e-06], "dmean2": [0.0549031049013, 0.548306822777, 1.22456121445, 1.60421741009, 2.72042322159, 3.38204455376, 5.30477046967, 8.81625270844, 9.16248607635, 22.4281024933, 33.2829017639, 47.095249176, 39.7430000305, 12.4826993942, 13.8532714844, 12.6489515305, 25.4442024231, 85.8041610718, 20.5488452911, 2.21483492851, 0.581165075302, 0.268732190132, 0.243179142475, 0.235540762544, 0.166981995106, 0.089674718678, 0.0453387163579, 0.0772774219513, 0.1452768296, 0.361083179712, 1.28642237186, 4.4606180191, 2.51147723198, 0.532731592655, 0.155196800828, 0.0486522316933, 0.0125884916633, 0.0022636228241, 6.60516598145e-05, 1.32569539346e-05], "dvar": [0.00542072113603, 0.257054954767, 1.63678598404, 2.82252550125, 10.3302583694, 43.9103393555, 104.566474915, 324.707580566, 730.04107666, 5726.84570312, 8231.484375, 11880.1210938, 10451.9355469, 1293.87841797, 1533.89660645, 459.79397583, 1942.01977539, 26674.5546875, 1478.50744629, 12.5472373962, 0.701417148113, 0.162542745471, 0.16080737114, 0.14330996573, 0.0887280777097, 0.0242066048086, 0.00218689907342, 0.00551515398547, 0.0204416662455, 0.142035230994, 1.73473131657, 19.1555099487, 5.57087802887, 0.235400676727, 0.0207522232085, 0.001977089094, 0.000132928995299, 4.40229177912e-06, 3.80206399697e-09, 1.64077515463e-10], "dvar2": [0.0107192182913, 0.557377099991, 2.91448497772, 5.08465194702, 16.3308143616, 73.6769104004, 161.110794067, 426.932739258, 950.842529297, 7055.10253906, 12468.2294922, 19311.6523438, 18068.0292969, 2730.95922852, 3559.32641602, 1349.72497559, 5662.7734375, 77872.5078125, 4317.78759766, 36.3385009766, 1.96203529835, 0.439307928085, 0.46485632658, 0.416851311922, 0.258895635605, 0.0694866701961, 0.00562531128526, 0.0139939095825, 0.0536290071905, 0.371407657862, 4.55610895157, 48.7676544189, 13.6629581451, 0.580622732639, 0.0516712479293, 0.0048920889385, 0.00033342311508, 1.11617109724e-05, 9.06430663861e-09, 2.84848034049e-10], "max": [0.997090339661, 5.61971330643, 11.7117471695, 15.8976869583, 88.2633209229, 159.928314209, 222.269729614, 661.204528809, 1043.54296875, 1665.37658691, 1346.66186523, 1886.73181152, 1732.54064941, 757.564086914, 945.369873047, 398.992858887, 373.179473877, 1104.83862305, 290.613708496, 27.0874729156, 8.10290241241, 8.79460430145, 3.50417041779, 3.19494175911, 2.67203140259, 1.4029276371, 0.409389942884, 0.57492184639, 1.0144431591, 2.97973561287, 9.54999828339, 32.4956512451, 14.9284973145, 3.04939651489, 1.07422375679, 0.270079493523, 0.0756605342031, 0.0151009419933, 0.00062985799741, 0.000125996419229], "mean": [0.106627851725, 1.05658435822, 3.31015968323, 4.32316923141, 7.37169742584, 9.45495319366, 13.8230524063, 23.4555797577, 19.3189811707, 40.0122528076, 44.9559631348, 60.5840835571, 51.1393165588, 13.9402666092, 13.608716011, 6.62391996384, 9.09805393219, 24.9411125183, 6.17674827576, 0.894821763039, 0.320120334625, 0.172403097153, 0.136072218418, 0.120313040912, 0.0815043225884, 0.0521270409226, 0.0339322052896, 0.0575274378061, 0.102104857564, 0.248638942838, 0.832265555859, 3.09952926636, 2.10920929909, 0.464306771755, 0.123212970793, 0.0369714945555, 0.00993347913027, 0.00180557696149, 7.82497954788e-05, 2.99266994261e-05], "median": [0.0352967530489, 1.10232663155, 3.57510328293, 2.98001909256, 5.01847553253, 3.07289028168, 5.212225914, 7.08363437653, 5.63970756531, 3.52719593048, 4.87567043304, 11.7862348557, 9.76731300354, 1.86926293373, 0.913100004196, 0.938085436821, 0.923085093498, 0.93813252449, 0.305281341076, 0.151505112648, 0.0899994596839, 0.0577276870608, 0.0354814976454, 0.0189815405756, 0.00981566030532, 0.00845049507916, 0.012228069827, 0.0212889313698, 0.0453302189708, 0.111552879214, 0.344029545784, 1.44487047195, 1.09036803246, 0.251496851444, 0.064977183938, 0.0182515736669, 0.00520885782316, 0.000960265519097, 4.29289830208e-05, 2.41402158281e-05], "min": [3.27431165595e-21, 7.87830887644e-21, 3.6543585767e-20, 4.67187603314e-20, 4.2659810915e-20, 2.46281492096e-20, 8.45831790532e-20, 3.43233218505e-19, 2.11761093172e-19, 4.77994381975e-19, 7.92231611287e-19, 1.01634958081e-18, 2.75167793261e-18, 2.23900400346e-18, 4.26745166353e-18, 2.66225309095e-18, 3.46591571792e-18, 3.93405031379e-18, 7.26444241451e-18, 4.27763218892e-18, 6.804074631e-18, 6.50209125528e-18, 1.13537967155e-17, 1.62821106809e-17, 1.56175752835e-17, 1.82301193691e-17, 2.73976959236e-17, 1.68884125632e-17, 2.13987405846e-17, 1.86410362277e-17, 1.74006970971e-17, 2.35850616617e-17, 1.49167663619e-17, 1.06309674187e-17, 9.17918189847e-18, 7.16740833839e-18, 3.22990950863e-18, 1.38238703143e-18, 3.88868669502e-19, 3.66549675752e-20], "var": [0.0193251725286, 0.668386220932, 7.76599407196, 13.9851236343, 70.3974609375, 296.849395752, 659.689941406, 2158.36181641, 3106.42651367, 18838.8242188, 19293.3378906, 26258.1699219, 22119.2050781, 2324.98730469, 2580.91748047, 407.635345459, 1090.91784668, 14159.8984375, 794.62322998, 7.37080287933, 0.540694355965, 0.143457904458, 0.104663588107, 0.0974937304854, 0.0550450608134, 0.0170900207013, 0.00239358702675, 0.00590253900737, 0.0186587646604, 0.124356240034, 1.46745586395, 17.4465656281, 5.71888875961, 0.252056360245, 0.0208304915577, 0.0019551704172, 0.000132507644594, 4.37587732449e-06, 7.00738400639e-09, 5.52069501225e-10]}, "gfcc": {"mean": [-100.318611145, 109.838722229, -33.0573310852, -9.82758903503, -80.3887176514, 51.4294891357, -54.413230896, 12.7422943115, -12.7418909073, -7.40435791016, -8.24392414093, -7.36290550232, -12.5973720551], "cov": [[13763.2226562, 2498.86791992, 454.383911133, -138.382766724, -758.578430176, 10.5976715088, -815.792236328, -78.7914276123, 56.6196861267, -26.4067630768, -80.3072509766, -442.09753418, -279.418701172], [2498.86791992, 1873.72570801, 748.89630127, -180.698974609, -49.9382362366, -36.6868515015, 28.3697147369, -88.8699188232, 51.5507698059, -152.064437866, 37.051486969, -126.815231323, 12.1398353577], [454.383911133, 748.89630127, 1118.58483887, 330.961914062, -56.5272140503, 43.0254173279, -32.4814949036, 14.5470438004, 148.476501465, -6.72536945343, -18.1940135956, -16.839056015, -18.6616859436], [-138.382766724, -180.698974609, 330.961914062, 421.89440918, 123.009590149, 35.0614204407, -67.8541564941, 18.39087677, 48.1178588867, 81.1903076172, -5.58166503906, -12.0982837677, -55.0569114685], [-758.578430176, -49.9382362366, -56.5272140503, 123.009590149, 306.902252197, 112.987304688, 80.5408630371, -52.4659423828, -24.0007972717, 20.3413143158, 43.3257904053, 22.3902835846, 13.8080606461], [10.5976715088, -36.6868515015, 43.0254173279, 35.0614204407, 112.987304688, 235.707168579, 42.7886924744, -9.22942256927, -1.30005192757, 8.61331653595, -6.67754411697, 47.0248756409, 19.999502182], [-815.792236328, 28.3697147369, -32.4814949036, -67.8541564941, 80.5408630371, 42.7886924744, 211.781707764, 32.8493385315, -44.8916473389, -69.75831604, -0.336927086115, 43.7181434631, 65.3348312378], [-78.7914276123, -88.8699188232, 14.5470438004, 18.39087677, -52.4659423828, -9.22942256927, 32.8493385315, 102.530761719, 50.3173217773, 1.53084886074, -25.361333847, 3.22358155251, 9.08288097382], [56.6196861267, 51.5507698059, 148.476501465, 48.1178588867, -24.0007972717, -1.30005192757, -44.8916473389, 50.3173217773, 120.416824341, 63.8635139465, 3.69487452507, -16.4392852783, -19.5022087097], [-26.4067630768, -152.064437866, -6.72536945343, 81.1903076172, 20.3413143158, 8.61331653595, -69.75831604, 1.53084886074, 63.8635139465, 109.50868988, 32.4087181091, -8.83075523376, -45.9605484009], [-80.3072509766, 37.051486969, -18.1940135956, -5.58166503906, 43.3257904053, -6.67754411697, -0.336927086115, -25.361333847, 3.69487452507, 32.4087181091, 64.46849823, 18.0770397186, -8.36012744904], [-442.09753418, -126.815231323, -16.839056015, -12.0982837677, 22.3902835846, 47.0248756409, 43.7181434631, 3.22358155251, -16.4392852783, -8.83075523376, 18.0770397186, 81.6914291382, 45.7238044739], [-279.418701172, 12.1398353577, -18.6616859436, -55.0569114685, 13.8080606461, 19.999502182, 65.3348312378, 9.08288097382, -19.5022087097, -45.9605484009, -8.36012744904, 45.7238044739, 74.6957473755]], "icov": [[0.000413390051108, -0.00128157157451, 0.00152004195843, -0.00209662271664, 0.00230500847101, -0.00148256635293, 0.000809796503745, 0.000134781788802, -0.000140289863339, 0.000297504506307, -0.000381203368306, 0.000237221596763, -0.000206241398701], [-0.00128157157451, 0.00687783351168, -0.0081132510677, 0.010619642213, -0.00937667861581, 0.00414855778217, -0.000402196630603, -0.00226618349552, 0.00215394678526, 0.00189057912212, -0.00423484202474, 0.00664043752477, -0.00167450809386], [0.00152004195843, -0.0081132510677, 0.01547293365, -0.0215021725744, 0.0192310549319, -0.00809658132493, -0.00528810732067, 0.015350212343, -0.0187266506255, 0.0110717779025, -0.00121044320986, -0.00613818131387, 0.00193829543423], [-0.00209662271664, 0.010619642213, -0.0215021725744, 0.0345004275441, -0.0306745506823, 0.012675258331, 0.00967002473772, -0.0249839294702, 0.0278145000339, -0.0189534146339, 0.00738563388586, 0.00386553094722, 0.0014055770589], [0.00230500847101, -0.00937667861581, 0.0192310549319, -0.0306745506823, 0.0345586277544, -0.0156110739335, -0.00986442994326, 0.0247185043991, -0.0240844748914, 0.0158460494131, -0.0120263304561, 0.00285463174805, -0.00387626071461], [-0.00148256635293, 0.00414855778217, -0.00809658132493, 0.012675258331, -0.0156110739335, 0.014113326557, -0.000468737795018, -0.00584091665223, 0.00729840435088, -0.00958582852036, 0.0118416640908, -0.00939616840333, 0.00441140215844], [0.000809796503745, -0.000402196630603, -0.00528810732067, 0.00967002473772, -0.00986442994326, -0.000468737795018, 0.0207621399313, -0.0223244931549, 0.0202623326331, -0.00570322293788, -0.00144108035602, 0.00348194129765, -0.0051071671769], [0.000134781788802, -0.00226618349552, 0.015350212343, -0.0249839294702, 0.0247185043991, -0.00584091665223, -0.0223244931549, 0.051459826529, -0.0469928197563, 0.0262469556183, -0.00226319511421, -0.00462710950524, 0.00301580619998], [-0.000140289863339, 0.00215394678526, -0.0187266506255, 0.0278145000339, -0.0240844748914, 0.00729840435088, 0.0202623326331, -0.0469928197563, 0.0653045997024, -0.0455887652934, 0.0103311892599, 0.00707097491249, -0.0087353233248], [0.000297504506307, 0.00189057912212, 0.0110717779025, -0.0189534146339, 0.0158460494131, -0.00958582852036, -0.00570322293788, 0.0262469556183, -0.0455887652934, 0.0596855543554, -0.0283261239529, 0.0055616046302, 0.00928298849612], [-0.000381203368306, -0.00423484202474, -0.00121044320986, 0.00738563388586, -0.0120263304561, 0.0118416640908, -0.00144108035602, -0.00226319511421, 0.0103311892599, -0.0283261239529, 0.0504025742412, -0.0308722145855, 0.0147992642596], [0.000237221596763, 0.00664043752477, -0.00613818131387, 0.00386553094722, 0.00285463174805, -0.00939616840333, 0.00348194129765, -0.00462710950524, 0.00707097491249, 0.0055616046302, -0.0308722145855, 0.0510740838945, -0.0288222581148], [-0.000206241398701, -0.00167450809386, 0.00193829543423, 0.0014055770589, -0.00387626071461, 0.00441140215844, -0.0051071671769, 0.00301580619998, -0.0087353233248, 0.00928298849612, 0.0147992642596, -0.0288222581148, 0.0407750234008]]}, "melbands": {"dmean": [0.000376691692509, 0.000425485428423, 0.000193914180272, 0.000142880482599, 0.000133805486257, 0.000160189694725, 0.000136017508339, 0.000198532114155, 0.000271618831903, 0.000247427611612, 0.00015506206546, 3.85981838917e-05, 3.76278730982e-05, 1.62291853485e-05, 2.21585669351e-05, 4.06156905228e-05, 8.95090706763e-05, 2.119711462e-05, 1.71297222096e-06, 7.30902627311e-07, 2.79415502291e-07, 1.62278723792e-07, 1.11603640107e-07, 1.33304567385e-07, 1.01972965183e-07, 7.68603598544e-08, 5.18947977923e-08, 2.84785919291e-08, 1.53202339703e-08, 2.04852348418e-08, 3.09691223777e-08, 4.23502974911e-08, 7.9521626617e-08, 1.35553818836e-07, 2.96893603036e-07, 1.0037725815e-06, 2.05639798878e-06, 1.39972405577e-06, 5.15427132086e-07, 2.19874749519e-07], "dmean2": [0.000558829284273, 0.0006691829185, 0.000307115435135, 0.000210434358451, 0.00017646975175, 0.000195582571905, 0.000157429618412, 0.000223576222197, 0.000337819830747, 0.000314149394399, 0.00020522144041, 5.63004687137e-05, 5.70212869206e-05, 2.83232566289e-05, 4.11041401094e-05, 7.87566968938e-05, 0.000174478904228, 4.11481669289e-05, 3.23294784721e-06, 1.35327297812e-06, 4.89388412461e-07, 2.85533985789e-07, 2.04580587138e-07, 2.38658827811e-07, 1.88688375147e-07, 1.44838324445e-07, 9.45980431766e-08, 5.15905611564e-08, 2.56824836953e-08, 3.39222481216e-08, 5.02222370358e-08, 6.8974706835e-08, 1.30566490952e-07, 2.17947388137e-07, 4.8539106956e-07, 1.65773587923e-06, 3.25398968926e-06, 2.18586569645e-06, 7.92995365373e-07, 3.40148517353e-07], "dvar": [4.1083137603e-07, 3.77827063858e-07, 9.09868305143e-08, 8.23918071546e-08, 9.61750359352e-08, 1.47167654063e-07, 1.7043744549e-07, 5.33088098109e-07, 8.72839336807e-07, 5.02866782881e-07, 2.95042923426e-07, 3.68925476835e-08, 3.66110661787e-08, 4.45442260855e-09, 5.3053805793e-09, 2.07490238324e-08, 1.1172364367e-07, 5.99171912086e-09, 2.58636740497e-11, 4.27479926457e-12, 4.60255423183e-13, 1.98779957338e-13, 1.15294167442e-13, 1.41393380294e-13, 9.2808946021e-14, 6.26387098657e-14, 2.91418941116e-14, 7.81981833345e-15, 7.87815073967e-16, 1.11625887553e-15, 2.41814544496e-15, 4.63997025209e-15, 1.9022911569e-14, 5.44991636997e-14, 2.72501693519e-13, 2.84747486007e-12, 9.65945899656e-12, 4.30582089081e-12, 5.18327947837e-13, 9.42302266489e-14], "dvar2": [8.49735556585e-07, 6.70880638154e-07, 1.58636780156e-07, 1.31996060304e-07, 1.53449121854e-07, 1.93018266259e-07, 2.2022076962e-07, 6.66490166168e-07, 1.34470417379e-06, 8.04955618605e-07, 5.1380595778e-07, 7.55507585382e-08, 8.40492333509e-08, 1.16345733048e-08, 1.59824828927e-08, 6.05761414363e-08, 3.26193571709e-07, 1.75180190354e-08, 7.51678858046e-11, 1.22550459364e-11, 1.24933028332e-12, 5.20433034775e-13, 3.33700460927e-13, 3.99835709246e-13, 2.70738780787e-13, 1.85179860812e-13, 8.36807497752e-14, 2.22206320455e-14, 1.94106197248e-15, 2.91169079102e-15, 6.19271293452e-15, 1.20773743857e-14, 5.12824815436e-14, 1.419452392e-13, 7.22562797355e-13, 7.42352186667e-12, 2.41285706692e-11, 1.04239785206e-11, 1.26266868055e-12, 2.34431994216e-13], "max": [0.00841652043164, 0.00556644704193, 0.00470984447747, 0.00793597009033, 0.00578334089369, 0.0131476549432, 0.013360735029, 0.014947399497, 0.0142535129562, 0.0101124169305, 0.00952504854649, 0.00444777635857, 0.00485003832728, 0.00171561760362, 0.00149651442189, 0.00101218570489, 0.00226505543105, 0.000615276920144, 4.4748387154e-05, 1.95645188796e-05, 9.09426762519e-06, 1.18670923257e-05, 3.1412057524e-06, 4.02795876653e-06, 2.57995043285e-06, 2.02732644539e-06, 1.46904199028e-06, 8.53645076404e-07, 3.12085944643e-07, 3.15049334176e-07, 3.93417906253e-07, 4.87444879127e-07, 1.26783197629e-06, 1.89132424566e-06, 4.32222441304e-06, 1.2244775462e-05, 2.2433925551e-05, 1.3047210814e-05, 4.35919355368e-06, 2.00948034035e-06], "mean": [0.00108708604239, 0.00166296900716, 0.000875136582181, 0.000591147749219, 0.00047392968554, 0.000527013849933, 0.000322064617649, 0.000387624313589, 0.000434306566603, 0.00041007110849, 0.000260653701844, 6.04586784902e-05, 5.81193926337e-05, 1.66543522937e-05, 1.89936199604e-05, 2.504728036e-05, 5.01329777762e-05, 1.2254997273e-05, 1.2982171711e-06, 6.31182615507e-07, 2.90354563504e-07, 1.82675620408e-07, 1.04913809196e-07, 1.47324740851e-07, 9.13081450449e-08, 6.38250341467e-08, 5.33098543087e-08, 2.98260438569e-08, 1.96573513023e-08, 2.39464554852e-08, 3.5849414104e-08, 4.73770249698e-08, 8.6406444666e-08, 1.49597852328e-07, 3.15047003596e-07, 9.97990809992e-07, 2.33894661505e-06, 1.80798508609e-06, 6.71508303185e-07, 2.82389720496e-07], "median": [0.000724838406313, 0.00199175532907, 0.0010311761871, 0.000451609608717, 0.000156359776156, 0.000183936470421, 8.59924621182e-05, 1.99307614821e-05, 2.62156409008e-05, 7.22578843124e-05, 3.20153339999e-05, 3.72930844605e-06, 2.44305920205e-06, 1.98368479687e-06, 1.59725561844e-06, 1.96306473299e-06, 1.5598684513e-06, 3.6512085444e-07, 2.33350732515e-07, 1.34898897386e-07, 8.63053486455e-08, 5.76246534933e-08, 3.41372370372e-08, 2.96972437752e-08, 1.2863878851e-08, 7.58426210723e-09, 6.03661920451e-09, 5.25676302487e-09, 6.80296263766e-09, 8.95675533741e-09, 1.32561517319e-08, 2.10590798133e-08, 3.92510486336e-08, 6.81493901311e-08, 1.38903246238e-07, 3.80535823297e-07, 1.14217868941e-06, 9.48814999902e-07, 3.64915592854e-07, 1.55767693855e-07], "min": [2.6228681621e-23, 1.54118350881e-23, 8.64994502273e-24, 1.89298277425e-24, 2.77761435159e-24, 6.78382828711e-24, 3.56176575721e-24, 5.7964493518e-24, 5.74242302941e-24, 6.84730319099e-24, 1.38436868936e-23, 8.61198503597e-24, 1.36118075414e-23, 1.1441566783e-23, 5.05649742827e-24, 7.46825268595e-24, 7.19653664689e-24, 1.32531345759e-23, 5.71557730395e-24, 6.338851572e-24, 8.52218111052e-24, 6.87105500398e-24, 6.85682237553e-24, 1.34633975615e-23, 1.31786164082e-23, 1.41621358415e-23, 1.03555601186e-23, 1.19422047347e-23, 1.7964301832e-23, 1.35497715198e-23, 8.23883173969e-24, 1.35911472743e-23, 8.60186079511e-24, 1.1696586581e-23, 9.75639186206e-24, 1.13985146991e-23, 1.49287019598e-23, 1.04848339105e-23, 9.41693554821e-24, 8.82580184002e-24], "var": [1.26088400521e-06, 1.60553588557e-06, 3.9195523982e-07, 5.76212187298e-07, 5.88454952322e-07, 9.68902213572e-07, 6.79218601363e-07, 1.71021383721e-06, 1.98787097361e-06, 1.14680528895e-06, 6.19396871571e-07, 6.66211192879e-08, 6.05351502259e-08, 5.68258506917e-09, 4.16440570916e-09, 1.11787787915e-08, 5.92355640094e-08, 3.227868417e-09, 1.57402320344e-11, 2.79450984922e-12, 4.33024655629e-13, 1.95907553418e-13, 7.18044737167e-14, 1.14567670672e-13, 6.31928862536e-14, 3.88275057993e-14, 2.05588143894e-14, 5.97437748687e-15, 9.9067999423e-16, 1.09013405009e-15, 2.44031102664e-15, 4.21361452403e-15, 1.54557051565e-14, 4.74404925608e-14, 2.21041324892e-13, 2.3631337772e-12, 9.16264546874e-12, 4.31716945179e-12, 5.48849811086e-13, 9.55750439186e-14]}, "mfcc": {"mean": [-767.512451172, 151.870956421, 91.0699539185, -37.9526100159, 22.3875293732, 3.6583032608, -4.31915950775, 8.13447380066, -5.82812643051, 10.8104715347, -1.80985832214, 5.29520988464, -13.4409894943], "cov": [[5965.91357422, 1860.57592773, 409.365020752, -192.562759399, -13.7308244705, -33.6492958069, -23.1292572021, -166.031143188, -273.147277832, 143.293701172, 24.0254631042, -122.849311829, -275.638641357], [1860.57592773, 1880.50524902, 818.597167969, -7.00559711456, 60.9137039185, -11.5930624008, -10.354845047, 19.9964141846, -37.3162002563, 12.689414978, 8.40430450439, 0.421559840441, -82.129234314], [409.365020752, 818.597167969, 1123.44702148, 198.559692383, 128.667572021, 46.3808326721, -85.6514663696, 67.1575241089, 83.0671386719, 1.92796707153, 34.2336349487, 108.881713867, -10.4706630707], [-192.562759399, -7.00559711456, 198.559692383, 273.892944336, 81.3071136475, 9.25287151337, 13.7232570648, 1.8796864748, 19.8659553528, 8.54118347168, 28.2061443329, 30.1635169983, 21.9123535156], [-13.7308244705, 60.9137039185, 128.667572021, 81.3071136475, 217.870346069, 151.111236572, 15.9989356995, -2.68708872795, 2.51030874252, 25.5761318207, 47.1785354614, 50.4999046326, 15.2184000015], [-33.6492958069, -11.5930624008, 46.3808326721, 9.25287151337, 151.111236572, 198.195877075, 68.8221130371, 21.2579803467, 7.99347019196, 0.641225874424, 12.8381156921, 20.5593910217, 22.7990970612], [-23.1292572021, -10.354845047, -85.6514663696, 13.7232570648, 15.9989356995, 68.8221130371, 118.092987061, 58.0467948914, 9.91312217712, -15.1951198578, -30.8017272949, -35.5846405029, 11.4224863052], [-166.031143188, 19.9964141846, 67.1575241089, 1.8796864748, -2.68708872795, 21.2579803467, 58.0467948914, 103.762275696, 68.5062637329, -13.4232816696, -35.9900894165, -17.4849777222, 9.14772701263], [-273.147277832, -37.3162002563, 83.0671386719, 19.8659553528, 2.51030874252, 7.99347019196, 9.91312217712, 68.5062637329, 98.6770401001, 16.3030204773, -9.89331817627, -0.826862990856, 2.59901714325], [143.293701172, 12.689414978, 1.92796707153, 8.54118347168, 25.5761318207, 0.641225874424, -15.1951198578, -13.4232816696, 16.3030204773, 75.0068206787, 55.8667640686, 9.32259750366, -29.3900241852], [24.0254631042, 8.40430450439, 34.2336349487, 28.2061443329, 47.1785354614, 12.8381156921, -30.8017272949, -35.9900894165, -9.89331817627, 55.8667640686, 93.6497039795, 52.7133140564, -11.7514848709], [-122.849311829, 0.421559840441, 108.881713867, 30.1635169983, 50.4999046326, 20.5593910217, -35.5846405029, -17.4849777222, -0.826862990856, 9.32259750366, 52.7133140564, 95.0974960327, 52.1659202576], [-275.638641357, -82.129234314, -10.4706630707, 21.9123535156, 15.2184000015, 22.7990970612, 11.4224863052, 9.14772701263, 2.59901714325, -29.3900241852, -11.7514848709, 52.1659202576, 104.725234985]], "icov": [[0.000404594786232, -0.00035900430521, 4.05045720981e-05, -9.24042324186e-05, 0.000472874817206, -0.000540880893823, 0.000202995041036, -0.000272355158813, 0.00164709112141, -0.002053698292, 0.00165212422144, -0.000735734356567, 0.000792074075434], [-0.00035900430521, 0.00157831015531, -0.00163633155171, 0.00167948123999, -0.00192165817134, 0.00274189165793, -0.00301790330559, 0.00174957688432, -0.000872166943736, 0.00162598199677, -0.00209893868305, 0.00213692267425, -0.0011854970362], [4.05045720981e-05, -0.00163633155171, 0.00395691767335, -0.0038976513315, 0.00277561461553, -0.00486906245351, 0.00716679031029, -0.00581262493506, 0.000877560174558, -0.000569004972931, 0.00336181675084, -0.00575049920008, 0.00347742671147], [-9.24042324186e-05, 0.00167948123999, -0.0038976513315, 0.00962654035538, -0.00809941347688, 0.0102645754814, -0.0118074836209, 0.00967414863408, -0.00560356257483, 0.00431024469435, -0.00621062936261, 0.00606181751937, -0.0043125981465], [0.000472874817206, -0.00192165817134, 0.00277561461553, -0.00809941347688, 0.0204324051738, -0.019765464589, 0.0131331542507, -0.00957508292049, 0.00819154363126, -0.0090366769582, 0.00598084554076, -0.00822709128261, 0.00447743758559], [-0.000540880893823, 0.00274189165793, -0.00486906245351, 0.0102645754814, -0.019765464589, 0.0282535105944, -0.0236595440656, 0.0156579315662, -0.010998104699, 0.00990365259349, -0.00837903283536, 0.00635848101228, -0.00502887601033], [0.000202995041036, -0.00301790330559, 0.00716679031029, -0.0118074836209, 0.0131331542507, -0.0236595440656, 0.0424783304334, -0.0326918847859, 0.0173818171024, -0.00733723817393, 0.00339128845371, 0.00335963349789, -0.000964027829468], [-0.000272355158813, 0.00174957688432, -0.00581262493506, 0.00967414863408, -0.00957508292049, 0.0156579315662, -0.0326918847859, 0.0493345670402, -0.0312153641135, 0.0117693487555, -0.00215128529817, 0.002767985221, -0.00225366838276], [0.00164709112141, -0.000872166943736, 0.000877560174558, -0.00560356257483, 0.00819154363126, -0.010998104699, 0.0173818171024, -0.0312153641135, 0.0409442335367, -0.0253655388951, 0.0152759617195, -0.00580191612244, 0.00341567234136], [-0.002053698292, 0.00162598199677, -0.000569004972931, 0.00431024469435, -0.0090366769582, 0.00990365259349, -0.00733723817393, 0.0117693487555, -0.0253655388951, 0.0503604784608, -0.0382266119123, 0.0170151758939, -0.00416210992262], [0.00165212422144, -0.00209893868305, 0.00336181675084, -0.00621062936261, 0.00598084554076, -0.00837903283536, 0.00339128845371, -0.00215128529817, 0.0152759617195, -0.0382266119123, 0.0596539229155, -0.0409986898303, 0.0211202763021], [-0.000735734356567, 0.00213692267425, -0.00575049920008, 0.00606181751937, -0.00822709128261, 0.00635848101228, 0.00335963349789, 0.002767985221, -0.00580191612244, 0.0170151758939, -0.0409986898303, 0.0569671951234, -0.0309589151293], [0.000792074075434, -0.0011854970362, 0.00347742671147, -0.0043125981465, 0.00447743758559, -0.00502887601033, -0.000964027829468, -0.00225366838276, 0.00341567234136, -0.00416210992262, 0.0211202763021, -0.0309589151293, 0.0292384866625]]}, "spectral_contrast_coeffs": {"dmean": [0.0449041314423, 0.0544445551932, 0.051146671176, 0.0443408787251, 0.0194365102798, 0.0110095823184], "dmean2": [0.0703330785036, 0.0840609967709, 0.0752225443721, 0.0734775289893, 0.0308789163828, 0.0193453002721], "dvar": [0.00226050266065, 0.00297187175602, 0.00263405800797, 0.00189737405162, 0.000303683773382, 9.22078543226e-05], "dvar2": [0.00457802833989, 0.00646958593279, 0.00505829695612, 0.00493724131957, 0.00070637272438, 0.000284051435301], "max": [-0.334825903177, -0.355163365602, -0.342436015606, -0.573760688305, -0.738103687763, -0.80649805069], "mean": [-0.65563750267, -0.668183267117, -0.713893771172, -0.804495215416, -0.85520106554, -0.860019385815], "median": [-0.659243524075, -0.666422843933, -0.706446170807, -0.808997988701, -0.8640396595, -0.860332787037], "min": [-0.958076298237, -0.978521227837, -0.966361820698, -0.960338294506, -0.960160851479, -0.961964190006], "var": [0.009108312428, 0.0133181288838, 0.0149260619655, 0.00474090967327, 0.00109916494694, 0.000143587967614]}, "spectral_contrast_valleys": {"dmean": [0.511318087578, 0.499542862177, 0.529741466045, 0.571907103062, 0.426489144564, 0.408209741116], "dmean2": [0.79955548048, 0.834103167057, 0.849015533924, 0.881498932838, 0.659407258034, 0.540334939957], "dvar": [0.43814265728, 0.417788505554, 0.361179202795, 0.370901972055, 0.289051175117, 0.188663735986], "dvar2": [0.783021092415, 0.841247618198, 0.80604749918, 0.868734717369, 0.675541996956, 0.419221907854], "max": [-5.68802213669, -4.98962402344, -5.6236577034, -6.23477220535, -7.43151140213, -8.84896850586], "mean": [-7.5625128746, -7.48373126984, -8.49892807007, 