{"lowlevel": {"average_loudness": 0.965687572956, "barkbands_crest": {"dmean": 3.52291417122, "dmean2": 5.61128950119, "dvar": 12.5493335724, "dvar2": 24.8723449707, "max": 26.5456047058, "mean": 14.178445816, "median": 12.0594806671, "min": 2.93294596672, "var": 49.60572052}, "barkbands_flatness_db": {"dmean": 0.0517470166087, "dmean2": 0.074468664825, "dvar": 0.00277769449167, "dvar2": 0.00561462854967, "max": 0.643008947372, "mean": 0.212058529258, "median": 0.201004758477, "min": 0.0225607324392, "var": 0.0132120829076}, "barkbands_kurtosis": {"dmean": 30.0234851837, "dmean2": 46.1640319824, "dvar": 4731.94384766, "dvar2": 10356.9658203, "max": 936.494384766, "mean": 37.2473373413, "median": 6.94913578033, "min": -1.90365684032, "var": 6894.87988281}, "barkbands_skewness": {"dmean": 1.65924441814, "dmean2": 2.5005505085, "dvar": 4.60851192474, "dvar2": 9.30788707733, "max": 25.9585361481, "mean": 3.55937242508, "median": 2.28156137466, "min": -3.1353366375, "var": 12.769068718}, "barkbands_spread": {"dmean": 7.23131895065, "dmean2": 10.4937744141, "dvar": 95.2545013428, "dvar2": 173.531600952, "max": 93.8238296509, "mean": 16.3855457306, "median": 9.34246444702, "min": 0.184830844402, "var": 345.515014648}, "dissonance": {"dmean": 0.0307905785739, "dmean2": 0.0494129359722, "dvar": 0.000970084453002, "dvar2": 0.00240535987541, "max": 0.499942570925, "mean": 0.438900411129, "median": 0.450995326042, "min": 0.150563403964, "var": 0.00235805031843}, "dynamic_complexity": 4.51500892639, "erbbands_crest": {"dmean": 3.20796084404, "dmean2": 5.20369148254, "dvar": 8.89210700989, "dvar2": 21.5562973022, "max": 26.4172019958, "mean": 9.63199710846, "median": 8.7653169632, "min": 2.18010115623, "var": 18.8457565308}, "erbbands_flatness_db": {"dmean": 0.0350338071585, "dmean2": 0.0500265061855, "dvar": 0.00106198270805, "dvar2": 0.00214089895599, "max": 0.507962524891, "mean": 0.165759697556, "median": 0.160000771284, "min": 0.0490588434041, "var": 0.00437990669161}, "erbbands_kurtosis": {"dmean": 2.71997737885, "dmean2": 4.52571725845, "dvar": 28.0356349945, "dvar2": 74.6954421997, "max": 97.4709625244, "mean": 2.3086206913, "median": 0.609359025955, "min": -1.88397800922, "var": 28.5844516754}, "erbbands_skewness": {"dmean": 0.651653647423, "dmean2": 0.969025552273, "dvar": 0.485042095184, "dvar2": 1.08236050606, "max": 8.41715335846, "mean": 0.778219401836, "median": 0.655081450939, "min": -6.9607257843, "var": 1.21007955074}, "erbbands_spread": {"dmean": 13.4389610291, "dmean2": 20.8672142029, "dvar": 213.949417114, "dvar2": 453.706390381, "max": 148.891540527, "mean": 36.0894966125, "median": 30.8274688721, "min": 1.77919220924, "var": 471.466949463}, "hfc": {"dmean": 9.77988910675, "dmean2": 13.5512981415, "dvar": 403.305236816, "dvar2": 682.301879883, "max": 205.893997192, "mean": 14.5150022507, "median": 5.41656303406, "min": 1.18442350785e-16, "var": 669.976745605}, "melbands_crest": {"dmean": 4.00830411911, "dmean2": 6.49047708511, "dvar": 15.2530431747, "dvar2": 37.2742156982, "max": 35.2508392334, "mean": 17.6037273407, "median": 17.6277770996, "min": 1.68249344826, "var": 47.9004821777}, "melbands_flatness_db": {"dmean": 0.0604350753129, "dmean2": 0.0870635956526, "dvar": 0.00377929140814, "dvar2": 0.00757693871856, "max": 0.805731773376, "mean": 0.31161159277, "median": 0.295205384493, "min": 0.00577738322318, "var": 0.0204442888498}, "melbands_kurtosis": {"dmean": 31.3278999329, "dmean2": 48.5650939941, "dvar": 3000.73852539, "dvar2": 6882.49414062, "max": 558.209106445, "mean": 43.7538795471, "median": 16.5457191467, "min": -1.88039016724, "var": 4856.65917969}, "melbands_skewness": {"dmean": 1.52502965927, "dmean2": 2.36794829369, "dvar": 2.61942672729, "dvar2": 6.15395069122, "max": 18.8571395874, "mean": 3.91973423958, "median": 3.37569618225, "min": -1.59597873688, "var": 7.49992465973}, "melbands_spread": {"dmean": 6.72219800949, "dmean2": 10.5445718765, "dvar": 104.10836792, "dvar2": 233.617675781, "max": 176.229370117, "mean": 14.0378046036, "median": 8.80052471161, "min": 0.284702658653, "var": 262.20614624}, "pitch_salience": {"dmean": 0.110458008945, "dmean2": 0.171768456697, "dvar": 0.0111780576408, "dvar2": 0.0241187829524, "max": 0.895279288292, "mean": 0.460361152887, "median": 0.481063306332, "min": 0.0337124988437, "var": 0.0475566796958}, "silence_rate_20dB": {"dmean": 0, "dmean2": 0, "dvar": 0, "dvar2": 0, "max": 1, "mean": 1, "median": 1, "min": 1, "var": 0}, "silence_rate_30dB": {"dmean": 0.0736776590347, "dmean2": 0.147373661399, "dvar": 0.0682520866394, "dvar2": 0.144082710147, "max": 1, "mean": 0.883524119854, "median": 1, "min": 0, "var": 0.102907136083}, "silence_rate_60dB": {"dmean": 0.0816428139806, "dmean2": 0.163181483746, "dvar": 0.0749720409513, "dvar2": 0.15173406899, "max": 1, "mean": 0.180935785174, "median": 0, "min": 0, "var": 0.148190498352}, "spectral_centroid": {"dmean": 294.11416626, "dmean2": 422.955047607, "dvar": 144351.75, "dvar2": 268452.6875, "max": 11097.9677734, "mean": 943.17767334, "median": 702.865112305, "min": 102.014015198, "var": 593067.625}, "spectral_complexity": {"dmean": 4.27031755447, "dmean2": 6.06646728516, "dvar": 53.7969779968, "dvar2": 76.4388885498, "max": 64, "mean": 12.1835489273, "median": 8, "min": 0, "var": 131.939590454}, "spectral_decrease": {"dmean": 6.04324634779e-09, "dmean2": 9.57752011033e-09, "dvar": 9.63972926289e-17, "dvar2": 2.1757152981e-16, "max": 1.11549207864e-29, "mean": -1.07000897032e-08, "median": -6.40758912596e-09, "min": -8.71953105275e-08, "var": 1.97932501827e-16}, "spectral_energy": {"dmean": 0.0235365312546, "dmean2": 0.0370427444577, "dvar": 0.00142727710772, "dvar2": 0.00320538785309, "max": 0.331859529018, "mean": 0.0417012348771, "median": 0.0254516024143, "min": 1.07009722439e-20, "var": 0.00292235752568}, "spectral_energyband_high": {"dmean": 0.00061629130505, "dmean2": 0.000833256402984, "dvar": 3.18187653647e-06, "dvar2": 5.53321297048e-06, "max": 0.0428045131266, "mean": 0.000699741416611, "median": 6.39165955363e-05, "min": 7.96112791189e-21, "var": 4.9153522923e-06}, "spectral_energyband_low": {"dmean": 0.0199700500816, "dmean2": 0.0320938080549, "dvar": 0.00126137118787, "dvar2": 0.00290927523747, "max": 0.328281968832, "mean": 0.0321992374957, "median": 0.0117021799088, "min": 9.4781934374e-23, "var": 0.00252442038618}, "spectral_energyband_middle_high": {"dmean": 0.00162300292868, "dmean2": 0.00243717408739, "dvar": 1.39457843034e-05, "dvar2": 3.11508847517e-05, "max": 0.0415766052902, "mean": 0.002250372665, "median": 0.000462396332296, "min": 1.42414217898e-21, "var": 1.91974650079e-05}, "spectral_energyband_middle_low": {"dmean": 0.00767517089844, "dmean2": 0.0132043156773, "dvar": 0.000252899713814, "dvar2": 0.000679951859638, "max": 0.120146937668, "mean": 0.00895385164768, "median": 0.00289263017476, "min": 2.58370803391e-22, "var": 0.000225733456318}, "spectral_entropy": {"dmean": 0.394967883825, "dmean2": 0.577604174614, "dvar": 0.173024579883, "dvar2": 0.3642372787, "max": 9.78269577026, "mean": 7.13988685608, "median": 7.08854961395, "min": 4.37325239182, "var": 0.64672678709}, "spectral_flux": {"dmean": 0.0523275844753, "dmean2": 0.0822709053755, "dvar": 0.00356230931357, "dvar2": 0.0076506016776, "max": 0.524558901787, "mean": 0.100244343281, "median": 0.0684798210859, "min": 1.03445502164e-10, "var": 0.00824425835162}, "spectral_kurtosis": {"dmean": 5.63497686386, "dmean2": 8.50563907623, "dvar": 87.1228256226, "dvar2": 178.581222534, "max": 210.817825317, "mean": 10.0164308548, "median": 6.31185531616, "min": -1.21487474442, "var": 187.440093994}, "spectral_rms": {"dmean": 0.00158664560877, "dmean2": 0.00234376592562, "dvar": 3.5788493733e-06, "dvar2": 7.31154614186e-06, "max": 0.0179934818298, "mean": 0.00524769211188, "median": 0.004983054474, "min": 3.23109464531e-12, "var": 1.31457290991e-05}, "spectral_rolloff": {"dmean": 560.805786133, "dmean2": 906.158447266, "dvar": 1525797.5, "dvar2": 3295010, "max": 18863.0859375, "mean": 1011.0949707, "median": 581.396484375, "min": 64.599609375, "var": 2317039.5}, "spectral_skewness": {"dmean": 0.610694885254, "dmean2": 0.908114612103, "dvar": 0.524044036865, "dvar2": 1.10026371479, "max": 12.0480546951, "mean": 2.3245947361, "median": 2.09138679504, "min": -0.520679295063, "var": 1.47642552853}, "spectral_spread": {"dmean": 1395036.125, "dmean2": 1928104.25, "dvar": 2099662684160.0, "dvar2": 3772462661630.0, "max": 41361752, "mean": 5071120.5, "median": 4792856, "min": 417234.875, "var": 5695209996290.0}, "spectral_strongpeak": {"dmean": 0.298705935478, "dmean2": 0.49777674675, "dvar": 0.191376939416, "dvar2": 0.447703242302, "max": 7.88497877121, "mean": 0.563048362732, "median": 0.429164797068, "min": 0, "var": 0.307317256927}, "zerocrossingrate": {"dmean": 0.0141295893118, "dmean2": 0.0163741968572, "dvar": 0.000333248550305, "dvar2": 0.000400110060582, "max": 0.49267578125, "mean": 0.045368231833, "median": 0.03076171875, "min": 0.00244140625, "var": 0.00182898552157}, "barkbands": {"dmean": [0.000518189452123, 0.0147856343538, 0.00634389137849, 0.00423438847065, 0.00162781018298, 0.000458578433609, 0.000640409998596, 0.000936055381317, 0.000877619429957, 0.000637338322122, 0.000263553170953, 0.000163696051459, 0.000150670661242, 0.000162620039191, 0.000172153202584, 0.000227286436711, 0.000139505413244, 0.000111649518658, 0.000123748337501, 0.000118351294077, 0.000102226957097, 0.000101753641502, 0.000109633328975, 0.0001015226444, 9.87905077636e-05, 7.45080178604e-05, 1.38639470606e-05], "dmean2": [0.000757220026571, 0.0237628407776, 0.0105107091367, 0.00769880181178, 0.002764781937, 0.000727246107999, 0.00106152403168, 0.0015742998803, 0.00148706929758, 0.0011305824155, 0.000446110381745, 0.000273113953881, 0.000249085598625, 0.000269250245765, 0.00027189598768, 0.000381978345104, 0.000197676155949, 0.000174328946741, 0.000184849370271, 0.000172901171027, 0.000146472943015, 0.000138896924909, 0.00014274122077, 0.000138304196298, 0.000142577118822, 0.000109760716441, 2.09542995435e-05], "dvar": [1.22901019495e-06, 0.000764656404499, 0.000286167400191, 0.000133690336952, 1.75583099917e-05, 1.08094116058e-06, 4.87012721351e-06, 4.48931450592e-06, 6.1349119278e-06, 4.48726086688e-06, 4.96911582104e-07, 3.42151508903e-07, 1.37730069127e-07, 1.25489862057e-07, 1.74933617814e-07, 5.81070992212e-07, 1.26770288489e-07, 7.41750767475e-08, 1.19598240644e-07, 1.23860544932e-07, 2.9665159218e-07, 9.61923234399e-08, 1.0622927249e-07, 9.63183808267e-08, 8.55117860965e-08, 5.49003935646e-08, 1.15108311771e-09], "dvar2": [2.61567947746e-06, 0.00181126361713, 0.000654008414131, 0.000375374715077, 4.81023562315e-05, 2.65762173512e-06, 1.16127539513e-05, 1.09124011942e-05, 1.54679801199e-05, 1.27653011077e-05, 1.30113437535e-06, 7.79301274179e-07, 3.6332320974e-07, 3.10582692009e-07, 3.61677507499e-07, 1.55824034209e-06, 2.4995662784e-07, 1.55793358658e-07, 2.7125557267e-07, 2.76205554428e-07, 6.30718886896e-07, 1.93074086496e-07, 1.86302770544e-07, 1.81212897132e-07, 1.81925898346e-07, 1.10979335943e-07, 2.6191719904e-09], "max": [0.00959837716073, 0.262213200331, 0.147591292858, 0.0955340787768, 0.0422946289182, 0.027511369437, 0.0778082162142, 0.0713526904583, 0.0628890320659, 0.030868075788, 0.00963225215673, 0.0289279483259, 0.007142808754, 0.0106580629945, 0.00548813864589, 0.00838882941753, 0.00358295161277, 0.00356579059735, 0.00423577195033, 0.00839246530086, 0.0388853773475, 0.00295494054444, 0.00319099402986, 0.00296505982988, 0.00296107959002, 0.00215625553392, 0.000298528844723], "mean": [0.00065810943488, 0.0236631035805, 0.00565238343552, 0.00317484233528, 0.00178087432869, 0.00071904878132, 0.000834415201098, 0.00111771130469, 0.000970568682533, 0.00066328496905, 0.00025982275838, 0.000169746403117, 0.000178322312422, 0.000224847171921, 0.00020989550103, 0.000211697886698, 0.000189888523892, 0.000123573845485, 0.000136533126351, 0.000123487887322, 0.000121107026644, 0.000112127621833, 0.000119499141874, 0.000105546474515, 9.45875508478e-05, 7.37948867027e-05, 1.22728351926e-05], "median": [7.72114726715e-05, 0.00757741369307, 0.000681707286276, 0.000275572412647, 0.000530546880327, 0.000286807742668, 0.000180018018, 0.00030663999496, 0.000100745353848, 0.000154875335284, 3.98475785914e-05, 2.7497389965e-05, 1.95137181436e-05, 2.20505971811e-05, 1.31439373945e-05, 1.24304515339e-05, 1.21738285088e-05, 1.10396613309e-05, 8.91899799171e-06, 6.83046528138e-06, 7.02375655237e-06, 7.12327391739e-06, 5.79367224418e-06, 6.40332928015e-06, 8.8732704171e-06, 5.38410586159e-06, 1.30463376991e-06], "min": [3.23888459427e-23, 2.00310337844e-23, 3.80008434432e-23, 3.88261276342e-23, 4.33855196299e-23, 4.34602910219e-23, 3.49461815362e-23, 4.42854489951e-23, 4.38227221207e-23, 3.24949698226e-23, 9.54438391606e-23, 5.42799348556e-23, 1.45090377401e-22, 1.20655240468e-22, 1.71778589432e-22, 1.64917859829e-22, 2.25320560688e-22, 1.57293613843e-22, 2.06870555619e-22, 1.57837385131e-22, 5.3575893537e-22, 6.66542531395e-22, 7.96456588131e-22, 8.94077834851e-22, 1.00360444414e-21, 1.68797058718e-21, 2.46320351005e-21], "var": [1.98964039555e-06, 0.00136814650614, 0.000271504017292, 8.65713955136e-05, 1.44030336742e-05, 1.83997610748e-06, 5.89528463024e-06, 5.97588632445e-06, 6.63681657898e-06, 3.35652316608e-06, 4.6944083465e-07, 4.40527173851e-07, 1.58266828976e-07, 2.09064182854e-07, 2.50762582255e-07, 4.29626481946e-07, 2.19453824002e-07, 1.02441589434e-07, 1.51623666511e-07, 1.48830665125e-07, 3.73114374952e-07, 1.32361151373e-07, 1.61884017302e-07, 1.3212535066e-07, 9.69059215095e-08, 6.59147829651e-08, 1.20616439059e-09]}, "erbbands": {"dmean": [0.36858689785, 3.61327576637, 7.12735700607, 13.6714448929, 8.08807086945, 4.68141937256, 3.39198684692, 3.752576828, 7.94028329849, 12.6848087311, 23.4975509644, 18.5809726715, 18.2574768066, 17.5761299133, 7.95271396637, 6.59772253036, 6.31020927429, 8.59839725494, 8.64522171021, 7.70998048782, 13.2768545151, 8.19949817657, 6.46911859512, 6.34284877777, 5.96774101257, 5.45892286301, 4.41724300385, 4.23145580292, 3.73278546333, 2.4432721138, 3.41661810875, 2.55745172501, 1.45854508877, 1.12703871727, 0.695856034756, 0.496157556772, 0.0918235182762, 0.0153123475611, 0.00203799619339, 0.000188462581718], "dmean2": [0.590478718281, 5.91093111038, 11.9007701874, 24.2293968201, 14.1195869446, 7.90397310257, 5.5106883049, 5.94823455811, 13.001452446, 20.2228279114, 40.0296821594, 31.2189674377, 31.4129829407, 31.0585212708, 13.6396808624, 10.8237428665, 10.3701047897, 14.1753396988, 14.2037649155, 11.5369758606, 21.8274421692, 11.6861639023, 9.93904590607, 9.79216766357, 8.99643230438, 8.01827335358, 6.51385879517, 5.80645179749, 5.03733778, 3.282289505, 4.49185419083, 3.38409876823, 2.04666161537, 1.62224423885, 0.995233952999, 0.736820578575, 0.137842640281, 0.0226444657892, 0.00300186011009, 0.00028990325518], "dvar": [0.507830202579, 50.1048965454, 312.881103516, 1407.26757812, 437.191589355, 107.563224792, 61.3025398254, 93.2079772949, 671.354919434, 1363.90710449, 4133.26464844, 2719.4140625, 2899.14941406, 2967.91259766, 657.54107666, 473.828399658, 229.239532471, 321.598693848, 369.077026367, 380.984100342, 1854.28234863, 469.44720459, 243.81427002, 289.299743652, 291.462646484, 329.32043457, 657.073303223, 194.782714844, 124.591094971, 52.0130004883, 107.188156128, 59.3251953125, 19.5829143524, 11.4170131683, 4.1468000412, 2.65454888344, 0.0772958695889, 0.00131081533618, 2.41526722675e-05, 2.28569433602e-07], "dvar2": [1.30677890778, 118.486373901, 739.641601562, 3830.25878906, 1202.22558594, 286.585601807, 147.905166626, 227.442001343, 1590.26159668, 3251.34863281, 10720.4404297, 6748.56445312, 7874.37060547, 8324.12597656, 1812.85961914, 1086.4284668, 592.423583984, 782.336486816, 826.20703125, 730.687072754, 4897.52148438, 974.561096191, 470.533355713, 674.255493164, 658.067565918, 797.79699707, 1453.14404297, 362.448028564, 241.490203857, 90.1077575684, 197.816268921, 109.072883606, 36.5364532471, 24.0090351105, 8.84430599213, 5.46868848801, 0.155649378896, 0.00258135027252, 5.24193019373e-05, 5.252662163e-07], "max": [7.93677568436, 71.1399612427, 161.764816284, 309.522857666, 191.32611084, 100.283821106, 328.904876709, 276.515777588, 823.64453125, 990.962280273, 1982.22265625, 1585.52697754, 972.068481445, 595.343322754, 1159.2253418, 1063.28442383, 347.585540771, 322.141448975, 337.428283691, 305.035186768, 472.428924561, 218.931945801, 216.83190918, 244.902587891, 196.158355713, 364.24407959, 1810.19580078, 739.145996094, 112.747871399, 75.0565109253, 105.530136108, 75.0918655396, 39.397731781, 33.3364295959, 22.0165100098, 15.3057889938, 2.54240441322, 0.318857014179, 0.0471835434437, 0.00418998301029], "mean": [0.540590882301, 5.68975448608, 7.61122083664, 10.6450929642, 7.01357603073, 5.47050571442, 5.10120630264, 5.75589752197, 10.4047193527, 19.2005138397, 25.521566391, 21.8932323456, 21.9075927734, 15.4582958221, 7.98724269867, 7.33484220505, 7.6801609993, 11.5427131653, 11.3791847229, 9.69295597076, 13.2296495438, 10.5073404312, 7.55410718918, 7.36933612823, 6.21119308472, 5.49064445496, 5.06179714203, 4.95888710022, 4.20304822922, 2.81737065315, 3.61821365356, 2.70742487907, 1.53200638294, 1.08237564564, 0.673819601536, 0.491837471724, 0.0899236574769, 0.0149285998195, 0.00188860483468, 0.000191159153474], "median": [0.29027569294, 1.20696997643, 1.76024746895, 1.04930388927, 0.956212162971, 2.04320812225, 2.01288223267, 2.1874871254, 3.08236646652, 4.04869937897, 6.88896274567, 2.755235672, 6.03353786469, 2.11560106277, 1.57223749161, 1.49223661423, 1.02052807808, 1.35579776764, 0.811798393726, 0.801202356815, 0.689719200134, 0.737167596817, 0.677340388298, 0.608462810516, 0.385883390903, 0.31114667654, 0.251297056675, 0.310781896114, 0.249816149473, 0.212818413973, 0.165715545416, 0.14674282074, 0.0980981141329, 0.0868906751275, 0.0708263963461, 0.0327179916203, 0.00731310714036, 0.00172889523674, 0.00021815855871, 5.18695960636e-05], "min": [4.08045636477e-22, 5.67649908477e-21, 3.4364226578e-20, 1.15283050448e-19, 7.39259649868e-20, 2.00636134318e-19, 1.2022215881e-19, 4.8799287593e-19, 6.27003473002e-19, 3.53031689848e-19, 1.58348425432e-18, 7.67626503581e-19, 9.57578191496e-19, 9.44240524505e-19, 4.33250652358e-18, 3.07529683764e-18, 5.1080156448e-18, 5.61784055714e-18, 8.59656385146e-18, 8.45764631221e-18, 9.7613210079e-18, 1.37988011583e-17, 9.80505404689e-18, 9.00463438151e-18, 9.86405022254e-18, 7.9198490467e-18, 1.80924318474e-17, 2.22554168035e-17, 2.38534602638e-17, 2.60824440081e-17, 1.96595801119e-17, 2.00456980956e-17, 1.47091820784e-17, 1.16599221981e-17, 7.54256121596e-18, 6.24161828424e-18, 2.95503594351e-18, 1.29415891332e-18, 3.42857058121e-19, 3.73338114394e-20], "var": [0.729217112064, 85.3192672729, 332.863464355, 980.883056641, 317.174804688, 102.149536133, 115.744987488, 151.225296021, 846.448364258, 2034.30627441, 3800.95874023, 3248.57495117, 2895.17919922, 2115.20874023, 551.715576172, 665.323242188, 277.437438965, 490.996398926, 621.621276855, 540.813476562, 1480.05114746, 706.647521973, 356.285125732, 383.275604248, 349.98449707, 337.856933594, 803.020568848, 313.086761475, 181.847671509, 80.9701843262, 153.916213989, 85.4380187988, 27.0190792084, 13.2055940628, 4.71597290039, 3.1109213829, 0.0915573239326, 0.00169243710116, 2.73785462923e-05, 2.28043589345e-07]}, "gfcc": {"mean": [-71.1305007935, 98.9666137695, -72.7870254517, 13.0223226547, -50.9051132202, 10.8379631042, -27.460483551, 15.7349586487, -13.3031539917, 6.33363676071, -14.5166435242, 1.1208564043, -9.60031509399], "cov": [[12907.1201172, -1652.20361328, -147.493896484, 1122.14282227, 713.858398438, 1181.89245605, -330.61618042, 5.92578172684, -86.6301498413, -1.15969526768, -690.756835938, -383.264648438, -258.711486816], [-1652.20361328, 2985.85473633, 540.21673584, -346.836334229, 498.382904053, -48.2080116272, 410.84387207, -46.7633285522, 311.607025146, -136.8150177, 78.0671691895, -153.482772827, 59.9384803772], [-147.493896484, 540.21673584, 2187.23046875, 353.857269287, 215.01361084, 653.405090332, 385.48840332, 89.3417892456, 131.5650177, 93.7929229736, 5.96038579941, 34.9435539246, 45.7780418396], [1122.14282227, -346.836334229, 353.857269287, 895.528442383, 275.787658691, 206.456420898, 171.245773315, 76.3721694946, -2.10929822922, 40.4044189453, 22.3331928253, 64.8921890259, 6.28750228882], [713.858398438, 498.382904053, 215.01361084, 275.787658691, 554.415466309, 223.648513794, 128.590942383, 66.7242431641, 118.504676819, -11.0285634995, 12.798207283, -54.6220054626, -22.7617378235], [1181.89245605, -48.2080116272, 653.405090332, 206.456420898, 223.648513794, 571.311401367, 153.636886597, 34.9059143066, 71.1969680786, 77.0291213989, -64.9247970581, -1.81403875351, -1.43290913105], [-330.61618042, 410.84387207, 385.48840332, 171.245773315, 128.590942383, 153.636886597, 372.884918213, 98.1266098022, 46.7649116516, 7.12501192093, 102.475334167, 32.7223052979, 22.2455825806], [5.92578172684, -46.7633285522, 89.3417892456, 76.3721694946, 66.7242431641, 34.9059143066, 98.1266098022, 181.866897583, 53.2315597534, 10.0315713882, 50.3807640076, 32.8034477234, -15.8945732117], [-86.6301498413, 311.607025146, 131.5650177, -2.10929822922, 118.504676819, 71.1969680786, 46.7649116516, 53.2315597534, 177.11831665, 51.0826454163, -6.57665252686, -18.1018562317, 20.7679424286], [-1.15969526768, -136.8150177, 93.7929229736, 40.4044189453, -11.0285634995, 77.0291213989, 7.12501192093, 10.0315713882, 51.0826454163, 133.975585938, 13.6687431335, 18.3777961731, 25.4917850494], [-690.756835938, 78.0671691895, 5.96038579941, 22.3331928253, 12.798207283, -64.9247970581, 102.475334167, 50.3807640076, -6.57665252686, 13.6687431335, 179.855285645, 74.5314178467, 4.54519176483], [-383.264648438, -153.482772827, 34.9435539246, 64.8921890259, -54.6220054626, -1.81403875351, 32.7223052979, 32.8034477234, -18.1018562317, 18.3777961731, 74.5314178467, 114.868377686, 30.2980518341], [-258.711486816, 59.9384803772, 45.7780418396, 6.28750228882, -22.7617378235, -1.43290913105, 22.2455825806, -15.8945732117, 20.7679424286, 25.4917850494, 4.54519176483, 30.2980518341, 81.0190963745]], "icov": [[0.000191579252714, -1.05565668491e-05, 0.000155311194248, -0.000270571705187, 3.87951404264e-05, -0.000561522960197, 0.000278334278846, -0.000258977350313, 0.000227807948249, 8.27924814075e-05, 0.000239415268879, 0.000572006509174, 0.000114760165161], [-1.05565668491e-05, 0.00126504618675, -0.000386783969589, 0.000871830619872, -0.00124665140174, 0.00118048675358, -0.0017117994139, 0.00170510751195, -0.00192329718266, 0.00123789545614, 6.76602357998e-05, 0.000250773271546, -0.000337607780239], [0.000155311194248, -0.000386783969589, 0.00104237522464, -0.000631150964182, 0.000720252050087, -0.00169571314473, 0.00033459381666, -0.000673222239129, 0.000378791766707, -6.44183455734e-05, -8.83743632585e-05, 0.0006096958532, -0.000109362299554], [-0.000270571705187, 0.000871830619872, -0.000631150964182, 0.00276003126055, -0.00219778716564, 0.001966989832, -0.00224514934234, 0.00133033411112, -0.000406825070968, -0.000410859502153, 0.0011299168691, -0.00261066085659, 7.46794903534e-05], [3.87951404264e-05, -0.00124665140174, 0.000720252050087, -0.00219778716564, 0.00524565437809, -0.00313342479058, 0.00221704714932, -0.00198441790417, -0.000694240268786, 0.0012530144304, -0.00279921176843, 0.00339909549803, -0.000100363024103], [-0.000561522960197, 0.00118048675358, -0.00169571314473, 0.001966989832, -0.00313342479058, 0.00719462847337, -0.00395129434764, 0.00282543455251, -0.00160041172057, -0.00201434618793, 0.0033180275932, -0.00443908153102, 0.00154316611588], [0.000278334278846, -0.0017117994139, 0.00033459381666, -0.00224514934234, 0.00221704714932, -0.00395129434764, 0.00824526976794, -0.00458160974085, 0.00249545951374, 0.000505933130626, -0.00422646431252, 0.00342372618616, -0.00231150630862], [-0.000258977350313, 0.00170510751195, -0.000673222239129, 0.00133033411112, -0.00198441790417, 0.00282543455251, -0.00458160974085, 0.0110065964982, -0.00578028568998, 0.00150332087651, 5.44414251635e-05, -0.00400650920346, 0.00360238715075], [0.000227807948249, -0.00192329718266, 0.000378791766707, -0.000406825070968, -0.000694240268786, -0.00160041172057, 0.00249545951374, -0.00578028568998, 0.0132062593475, -0.00592908030376, 0.00187669100706, 0.00127545406576, -0.00217661703937], [8.27924814075e-05, 0.00123789545614, -6.44183455734e-05, -0.000410859502153, 0.0012530144304, -0.00201434618793, 0.000505933130626, 0.00150332087651, -0.00592908030376, 0.012972750701, -0.00387761835009, 0.00258078868501, -0.0034202283714], [0.000239415268879, 6.76602357998e-05, -8.83743632585e-05, 0.0011299168691, -0.00279921176843, 0.0033180275932, -0.00422646431252, 5.44414251635e-05, 0.00187669100706, -0.00387761835009, 0.0142117440701, -0.00931652635336, 0.00454584416002], [0.000572006509174, 0.000250773271546, 0.0006096958532, -0.00261066085659, 0.00339909549803, -0.00443908153102, 0.00342372618616, -0.00400650920346, 0.00127545406576, 0.00258078868501, -0.00931652635336, 0.0219422765076, -0.00817237887532], [0.000114760165161, -0.000337607780239, -0.000109362299554, 7.46794903534e-05, -0.000100363024103, 0.00154316611588, -0.00231150630862, 0.00360238715075, -0.00217661703937, -0.0034202283714, 0.00454584416002, -0.00817237887532, 0.0187906976789]]}, "melbands": {"dmean": [0.00374330044724, 0.00414864672348, 0.00211373134516, 0.000444690289441, 0.000121446995763, 9.05819761101e-05, 0.000123200166854, 0.000143255034345, 0.000208701851079, 0.000108503227239, 9.2127113021e-05, 7.36551810405e-05, 2.99370385619e-05, 1.83227402886e-05, 1.51844942593e-05, 1.57789654622e-05, 1.64245939231e-05, 1.43978659253e-05, 1.30967737277e-05, 1.14313106678e-05, 1.63541972142e-05, 8.90901901585e-06, 6.23078221906e-06, 5.32872218173e-06, 5.27745714862e-06, 4.65989978693e-06, 4.28700377597e-06, 3.43275019077e-06, 2.84710313281e-06, 2.55270742855e-06, 2.57122269431e-06, 2.43301019509e-06, 1.48811113831e-06, 1.36352559821e-06, 1.98483439817e-06, 1.87970454135e-06, 1.56202906965e-06, 1.07961500362e-06, 8.21154628738e-07, 1.02819785752e-06], "dmean2": [0.00589858880267, 0.00672866543755, 0.0036976612173, 0.000770174665377, 0.000195334796445, 0.00014364150411, 0.000201775110327, 0.000229973360547, 0.000355996948201, 0.000182937801583, 0.00015922851162, 0.000131202526973, 5.11550024385e-05, 3.0694387533e-05, 2.50915181823e-05, 2.62243156612e-05, 2.72348079307e-05, 2.4198599931e-05, 2.02202591026e-05, 1.81620525836e-05, 2.68833027803e-05, 1.28307528939e-05, 9.3879252745e-06, 8.35232185636e-06, 8.20165314508e-06, 7.02322176949e-06, 6.61234298605e-06, 5.10484051119e-06, 4.33037030234e-06, 3.66054428014e-06, 3.56852820005e-06, 3.4137599414e-06, 2.07602852242e-06, 1.84401358183e-06, 2.61065952145e-06, 2.65292510448e-06, 2.11155770558e-06, 1.55156737947e-06, 1.1353803302e-06, 1.52882387283e-06], "dvar": [4.68815524073e-05, 7.65858058003e-05, 3.13436503347e-05, 1.4065809637e-06, 6.55541683159e-08, 4.96316729937e-08, 1.62663113201e-07, 1.48346629203e-07, 3.66890873238e-07, 1.02062976737e-07, 7.61292540119e-08, 5.60527979587e-08, 7.37327265909e-09, 4.89533702464e-09, 2.26536367443e-09, 1.36664157768e-09, 1.23533927532e-09, 1.00571306838e-09, 1.18704468477e-09, 1.16284282203e-09, 2.84219225932e-09, 5.76120651186e-10, 2.33492974955e-10, 1.87404980423e-10, 2.09275305418e-10, 2.04960867722e-10, 1.46188935957e-10, 1.4550367855e-10, 1.83811271759e-10, 3.32213645482e-10, 5.73263589376e-11, 5.83170178814e-11, 1.95049826984e-11, 1.71216877481e-11, 3.79772914505e-11, 3.48774169268e-11, 2.33213604678e-11, 1.10550631149e-11, 5.76788530132e-12, 1.01908334202e-11], "dvar2": [0.000111037661554, 0.00018512972747, 8.45412505441e-05, 3.88666649087e-06, 1.56267347506e-07, 1.23203903968e-07, 3.83890807143e-07, 3.47129201828e-07, 9.66035599959e-07, 2.5430426831e-07, 2.08052412631e-07, 1.58493051572e-07, 2.01959551305e-08, 1.05500603809e-08, 5.96049298807e-09, 3.56904394927e-09, 3.01382030443e-09, 2.41075626128e-09, 2.46035147811e-09, 2.82398016083e-09, 7.53877760218e-09, 1.23012389164e-09, 4.45961351181e-10, 4.19101281457e-10, 4.94642382609e-10, 4.77194561643e-10, 3.32691513227e-10, 3.54061113761e-10, 3.96941146619e-10, 7.6008960237e-10, 1.08048618663e-10, 1.19606435867e-10, 3.73848278723e-11, 3.23657108059e-11, 7.23601317754e-11, 6.91184956492e-11, 4.57347666682e-11, 2.06607474185e-11, 1.12090597221e-11, 2.27014969323e-11], "max": [0.0722699016333, 0.0845111832023, 0.0458513721824, 0.011807451956, 0.010752315633, 0.00605175644159, 0.0126872789115, 0.0100397784263, 0.0153393857181, 0.00855595804751, 0.0047138845548, 0.00258120661601, 0.00268105766736, 0.00392343103886, 0.00110986479558, 0.000517073494848, 0.000754821347073, 0.000746677920688, 0.000430500484072, 0.000340691884048, 0.00062101543881, 0.000261511857389, 0.00019247768796, 0.00020332983695, 0.000216756059672, 0.000151945205289, 0.000125970793306, 0.000299801235087, 0.000806082622148, 0.00134771096054, 0.000174221102498, 7.80407062848e-05, 5.65848022234e-05, 4.61951931356e-05, 6.47511405987e-05, 5.54278594791e-05, 4.98969966429e-05, 2.90634652629e-05, 2.3538390451e-05, 3.10742216243e-05], "mean": [0.00602006586269, 0.00556551199406, 0.00169506587554, 0.000434939021943, 0.0001893529261, 0.000137757786433, 0.00016529612185, 0.000216406522668, 0.000221928101382, 0.000126846047351, 0.000106602514279, 6.17465993855e-05, 2.94702076644e-05, 1.94118656509e-05, 1.73777534656e-05, 1.83803786058e-05, 2.15672534978e-05, 1.83093452506e-05, 1.55578509293e-05, 1.20012346088e-05, 1.61821335496e-05, 1.14757631309e-05, 7.63341813581e-06, 5.83885002925e-06, 6.09062590229e-06, 4.66381652586e-06, 4.30223462899e-06, 3.41283339367e-06, 3.21297989103e-06, 2.85930263999e-06, 2.97092014989e-06, 2.65614812633e-06, 1.73103114776e-06, 1.47633397773e-06, 2.0581580884e-06, 2.01231841856e-06, 1.57585463967e-06, 1.13813666758e-06, 8.41117298478e-07, 9.43619284044e-07], "median": [0.00273977592587, 0.00146232231054, 0.00019638305821, 0.000110760935058, 8.20936402306e-05, 5.44348877156e-05, 4.52845488326e-05, 4.70356244477e-05, 5.04239324073e-05, 1.6140696971e-05, 2.88007868221e-05, 7.36927449907e-06, 4.8184838306e-06, 3.61772345059e-06, 2.8194672268e-06, 1.7871785758e-06, 2.38700886257e-06, 1.22106246181e-06, 1.06687321022e-06, 8.38788253077e-07, 7.60113834986e-07, 6.79869003761e-07, 5.70622660234e-07, 5.24698862137e-07, 4.50229777016e-07, 2.72020315606e-07, 2.1528322236e-07, 1.65285342746e-07, 1.50035049273e-07, 1.62237341783e-07, 1.72406942056e-07, 1.36151399488e-07, 1.1835184921e-07, 1.05917401072e-07, 8.69465281994e-08, 9.93005073724e-08, 8.07794222624e-08, 6.36387937902e-08, 6.41530562007e-08, 7.31845304358e-08], "min": [5.66203573659e-24, 1.47001957769e-23, 1.71351664221e-23, 1.00792797303e-23, 5.65680006676e-24, 1.07182207759e-23, 8.90803743395e-24, 3.66239482643e-24, 1.51148400013e-23, 3.92308377332e-24, 4.85938514831e-24, 3.21626026073e-24, 1.35137363536e-23, 7.17896792567e-24, 1.05111495215e-23, 1.38213116428e-23, 1.00727164076e-23, 1.37659588509e-23, 1.38759118615e-23, 1.0440441552e-23, 1.05497705737e-23, 1.29576832899e-23, 1.32337238644e-23, 6.41595759789e-24, 7.2307164122e-24, 7.83411848518e-24, 5.35309177369e-24, 5.09159463881e-24, 9.69533402799e-24, 1.16226308711e-23, 1.43617665599e-23, 1.41404121899e-23, 1.15940567514e-23, 1.52297817684e-23, 1.016896296e-23, 1.29469745031e-23, 1.2502207625e-23, 1.01757424307e-23, 1.03687238405e-23, 9.08644779399e-24], "var": [8.38120104163e-05, 0.000109089356556, 2.2508091206e-05, 1.04067134998e-06, 1.29354702949e-07, 7.73786794639e-08, 2.0676932877e-07, 2.44795415938e-07, 3.21806169268e-07, 1.15950463453e-07, 7.21253172742e-08, 3.81738445299e-08, 6.42014041929e-09, 6.52286979985e-09, 2.43708320191e-09, 1.65294455901e-09, 1.85400894637e-09, 1.69799307947e-09, 1.58206425738e-09, 1.09256614866e-09, 2.26341079212e-09, 8.79758210726e-10, 3.47242123944e-10, 2.41555025982e-10, 2.73403383266e-10, 2.26025878569e-10, 1.68002972645e-10, 1.44830633597e-10, 2.58778776185e-10, 3.40715344826e-10, 9.24235896149e-11, 7.71843838843e-11, 2.93618289404e-11, 2.40929203671e-11, 5.19960810519e-11, 4.70641338401e-11, 3.08551864614e-11, 1.52836146516e-11, 7.59962405505e-12, 1.0651330512e-11]}, "mfcc": {"mean": [-731.695739746, 144.467010498, 29.6641139984, 15.8345403671, 4.89787960052, 1.85864508152, -0.522728741169, 6.26334142685, 7.19875001907, 5.57003116608, 8.11328601837, 3.21003293991, -0.360801935196], "cov": [[10707.3154297, -1667.22033691, -1365.31103516, 303.984313965, 616.230163574, 494.998504639, 67.2299804688, 76.9121780396, 215.759078979, 219.93901062, -279.970855713, -31.2715015411, -311.559509277], [-1667.22033691, 3147.15942383, 411.703918457, -135.185012817, 136.75289917, 139.435272217, 60.519077301, 133.067382812, 264.189025879, 51.8221435547, 189.5728302, 19.7116069794, 10.5291061401], [-1365.31103516, 411.703918457, 1561.54919434, 212.189239502, 80.6541061401, 368.164001465, 291.644226074, 206.343429565, 183.591827393, 21.9149551392, 166.607467651, 29.0597705841, 100.864700317], [303.984313965, -135.185012817, 212.189239502, 644.446655273, 174.020141602, 139.356582642, 179.270721436, 147.644287109, 69.6264877319, -2.56106686592, 63.2643013, 56.1801757812, 65.1934585571], [616.230163574, 136.75289917, 80.6541061401, 174.020141602, 432.707336426, 219.536636353, 68.5665588379, 98.1867523193, 112.852241516, 70.4951248169, 46.4727516174, 33.8115272522, 18.5911273956], [494.998504639, 139.435272217, 368.164001465, 139.356582642, 219.536636353, 470.86706543, 178.545532227, 97.3750457764, 171.153808594, 70.6382598877, 54.9831352234, 11.548951149, 19.1105442047], [67.2299804688, 60.519077301, 291.644226074, 179.270721436, 68.5665588379, 178.545532227, 327.409576416, 187.243606567, 35.4886398315, 26.3376064301, 87.498046875, 32.6794128418, 60.5768890381], [76.9121780396, 133.067382812, 206.343429565, 147.644287109, 98.1867523193, 97.3750457764, 187.243606567, 253.15914917, 66.6530380249, 18.331577301, 94.1586303711, 30.7654304504, 35.4330749512], [215.759078979, 264.189025879, 183.591827393, 69.6264877319, 112.852241516, 171.153808594, 35.4886398315, 66.6530380249, 220.5337677, 74.2568817139, 55.8558082581, 16.8437385559, 0.0831424668431], [219.93901062, 51.8221435547, 21.9149551392, -2.56106686592, 70.4951248169, 70.6382598877, 26.3376064301, 18.331577301, 74.2568817139, 122.466888428, 37.0596580505, 5.39892292023, -12.5421581268], [-279.970855713, 189.5728302, 166.607467651, 63.2643013, 46.4727516174, 54.9831352234, 87.498046875, 94.1586303711, 55.8558082581, 37.0596580505, 160.667160034, 57.6032867432, 38.0704956055], [-31.2715015411, 19.7116069794, 29.0597705841, 56.1801757812, 33.8115272522, 11.548951149, 32.6794128418, 30.7654304504, 16.8437385559, 5.39892292023, 57.6032867432, 91.5213623047, 38.7268028259], [-311.559509277, 10.5291061401, 100.864700317, 65.1934585571, 18.5911273956, 19.1105442047, 60.5768890381, 35.4330749512, 0.0831424668431, -12.5421581268, 38.0704956055, 38.7268028259, 99.7843093872]], "icov": [[0.000178240021341, 8.93733522389e-05, 0.000189803293324, -2.7461512218e-05, -0.00014393631136, -0.000176434783498, -0.00014720443869, -0.000108975429612, -0.000202093229746, -6.64521357976e-05, 0.000301480758935, -0.000205039250432, 0.000518215529155], [8.93733522389e-05, 0.000444470148068, 4.75628949062e-05, 0.000193403306184, -0.00022153230384, 6.41341612209e-05, -0.000163423945196, -2.34779436141e-05, -0.000653451599646, 0.000289200630505, -0.00029787508538, 0.000102618534584, 0.000304971763398], [0.000189803293324, 4.75628949062e-05, 0.00118949846365, -9.87649764284e-05, 0.000157119706273, -0.000776761618908, -0.000446039513918, -0.000210606565815, -0.000609270180576, 0.000351948139723, -0.000302572501823, 0.000308281421894, -4.46437079518e-05], [-2.7461512218e-05, 0.000193403306184, -9.87649764284e-05, 0.00226014130749, -0.000768765225075, 0.000283553701593, -0.000913235649932, -0.000221658221562, -0.000736368296202, 0.000960929435678, 6.89950502419e-06, -0.000492966268212, -0.000450839841506], [-0.00014393631136, -0.00022153230384, 0.000157119706273, -0.000768765225075, 0.00403648475185, -0.00178726878949, 0.00156023481395, -0.00145537126809, 0.00055078859441, -0.001575119677, 0.000233781116549, -0.000665802683216, -0.000951968540903], [-0.000176434783498, 6.41341612209e-05, -0.000776761618908, 0.000283553701593, -0.00178726878949, 0.00528540415689, -0.00284752552398, 0.0018299149815, -0.00285680755042, 0.00044869465637, 6.72251990181e-05, 0.000777039676905, 0.000173428605194], [-0.00014720443869, -0.000163423945196, -0.000446039513918, -0.000913235649932, 0.00156023481395, -0.00284752552398, 0.00848889816552, -0.00494023645297, 0.00337910605595, -0.00210670335218, -0.000529733486474, 4.50150801043e-05, -0.00262232869864], [-0.000108975429612, -2.34779436141e-05, -0.000210606565815, -0.000221658221562, -0.00145537126809, 0.0018299149815, -0.00494023645297, 0.00913318619132, -0.00227363430895, 0.00200184201822, -0.00292181014083, 0.00102910376154, 0.000665427418426], [-0.000202093229746, -0.000653451599646, -0.000609270180576, -0.000736368296202, 0.00055078859441, -0.00285680755042, 0.00337910605595, -0.00227363430895, 0.00992563925683, -0.00419245706871, -0.000506179057993, -0.000684643979184, -0.00034098760807], [-6.64521357976e-05, 0.000289200630505, 0.000351948139723, 0.000960929435678, -0.001575119677, 0.00044869465637, -0.00210670335218, 0.00200184201822, -0.00419245706871, 0.0125883640721, -0.00320615177043, 0.00103498389944, 0.00196135346778], [0.000301480758935, -0.00029787508538, -0.000302572501823, 6.89950502419e-06, 0.000233781116549, 6.72251990181e-05, -0.000529733486474, -0.00292181014083, -0.000506179057993, -0.00320615177043, 0.0124941291288, -0.00616065599024, -0.000201666654903], [-0.000205039250432, 0.000102618534584, 0.000308281421894, -0.000492966268212, -0.000665802683216, 0.000777039676905, 4.50150801043e-05, 0.00102910376154, -0.000684643979184, 0.00103498389944, -0.00616065599024, 0.0169485528022, -0.00515479780734], [0.000518215529155, 0.000304971763398, -4.46437079518e-05, -0.000450839841506, -0.000951968540903, 0.000173428605194, -0.00262232869864, 0.000665427418426, -0.00034098760807, 0.00196135346778, -0.000201666654903, -0.00515479780734, 0.0157713294029]]}, "spectral_contrast_coeffs": {"dmean": [0.0596960708499, 0.0481817945838, 0.042408015579, 0.0350194126368, 0.0297168437392, 0.0269226543605], "dmean2": [0.0937826633453, 0.0776058137417, 0.065713904798, 0.0552454181015, 0.0455816052854, 0.0415114164352], "dvar": [0.00259921629913, 0.00183835055213, 0.0013133258326, 0.000935728719924, 0.000902622414287, 0.000842193199787], "dvar2": [0.00611838046461, 0.00441225524992, 0.0030407004524, 0.00207785773091, 0.00188638328109, 0.00197852449492], "max": [-0.378588140011, -0.459626495838, -0.463915348053, -0.548519968987, -0.469638437033, -0.468199104071], "mean": [-0.649273395538, -0.746453285217, -0.769727170467, -0.803115129471, -0.812574803829, -0.809068083763], "median": [-0.655709207058, -0.756011247635, -0.781798601151, -0.819984197617, -0.830798923969, -0.809871315956], "min": [-0.968266069889, -0.972397387028, -0.962073862553, -0.95933765173, -0.955934822559, -0.958433747292], "var": [0.00790432095528, 0.00501961680129, 0.00551867624745, 0.00407579774037, 0.0041661481373, 0.00232681375928]}, "spectral_contrast_valleys": {"dmean": [0.577389597893, 0.468773394823, 0.571086764336, 0.578066647053, 0.657892048359, 0.699001133442], "dmean2": [0.79423302412, 0.709779381752, 0.865675389767, 0.846301794052, 0.903701722622, 0.882310211658], "dvar": [0.389467924833, 0.261943638325, 0.419317424297, 0.425957232714, 0.544250309467, 0.435068428516], "dvar2": [0.607487857342, 0.521808087826, 0.861716985703, 0.763895452023, 1.04031789303, 0.769032597542], "max": [-5.03528690338, -4.68143606186, -5.01603460312, -5.710688591, -5.51876783371, -7.53029823303], "mean": [-7.61963129044, -7.08311748505, -8.07427024841, 