{"lowlevel": {"average_loudness": 0.713067650795, "barkbands_crest": {"dmean": 1.49512755871, "dmean2": 2.48638081551, "dvar": 2.10337018967, "dvar2": 6.11596679688, "max": 25.1222457886, "mean": 9.69037818909, "median": 8.88626289368, "min": 3.35049414635, "var": 11.6766490936}, "barkbands_flatness_db": {"dmean": 0.0198939051479, "dmean2": 0.0307151637971, "dvar": 0.000442076154286, "dvar2": 0.000927144021261, "max": 0.503615021706, "mean": 0.284744113684, "median": 0.285267591476, "min": 0.0325322858989, "var": 0.00340230436996}, "barkbands_kurtosis": {"dmean": 1.31243956089, "dmean2": 2.11173510551, "dvar": 2.1501147747, "dvar2": 5.68929100037, "max": 31.1646957397, "mean": 4.7304224968, "median": 4.01001787186, "min": -1.72941446304, "var": 12.9841957092}, "barkbands_skewness": {"dmean": 0.259711176157, "dmean2": 0.416031062603, "dvar": 0.0678004473448, "dvar2": 0.180985897779, "max": 4.69961738586, "mean": 1.55531001091, "median": 1.52132594585, "min": -2.21151590347, "var": 0.393448919058}, "barkbands_spread": {"dmean": 1.25228822231, "dmean2": 1.99285280704, "dvar": 6.93630647659, "dvar2": 17.5238246918, "max": 112.430236816, "mean": 7.1165189743, "median": 5.52565813065, "min": 1.11134302616, "var": 77.5361862183}, "dissonance": {"dmean": 0.0282074417919, "dmean2": 0.0478628128767, "dvar": 0.000695310358424, "dvar2": 0.00186125002801, "max": 0.500000119209, "mean": 0.420137763023, "median": 0.426874637604, "min": 0.187271535397, "var": 0.00238590408117}, "dynamic_complexity": 5.03631401062, "erbbands_crest": {"dmean": 1.62474560738, "dmean2": 2.60932588577, "dvar": 2.60372924805, "dvar2": 6.88915538788, "max": 31.7924728394, "mean": 10.506896019, "median": 9.78657913208, "min": 2.08458924294, "var": 15.4194431305}, "erbbands_flatness_db": {"dmean": 0.0132284006104, "dmean2": 0.0197968631983, "dvar": 0.000258394313278, "dvar2": 0.000503164890688, "max": 0.482696503401, "mean": 0.305003553629, "median": 0.305913329124, "min": 0.0354301258922, "var": 0.00267442897893}, "erbbands_kurtosis": {"dmean": 0.74702256918, "dmean2": 1.1974824667, "dvar": 0.920546233654, "dvar2": 2.12255740166, "max": 48.3522529602, "mean": 1.61118960381, "median": 1.08200335503, "min": -1.38484883308, "var": 6.18873214722}, "erbbands_skewness": {"dmean": 0.20602042973, "dmean2": 0.329036355019, "dvar": 0.0373997054994, "dvar2": 0.0979924947023, "max": 4.53065919876, "mean": 1.03434324265, "median": 1.01660275459, "min": -0.80626398325, "var": 0.303574949503}, "erbbands_spread": {"dmean": 2.40375113487, "dmean2": 3.76279973984, "dvar": 11.688167572, "dvar2": 25.7540225983, "max": 107.475967407, "mean": 16.7773590088, "median": 14.8610296249, "min": 1.32592463493, "var": 91.2309646606}, "hfc": {"dmean": 1.80793297291, "dmean2": 2.70318198204, "dvar": 12.2589302063, "dvar2": 24.4206428528, "max": 52.9136276245, "mean": 9.67571926117, "median": 7.06697654724, "min": 1.2592151936e-16, "var": 82.2958602905}, "melbands_crest": {"dmean": 1.98282563686, "dmean2": 3.25449347496, "dvar": 3.84319400787, "dvar2": 10.7364120483, "max": 31.6260681152, "mean": 12.7183513641, "median": 11.6841926575, "min": 2.17849135399, "var": 19.446149826}, "melbands_flatness_db": {"dmean": 0.0241857971996, "dmean2": 0.035462513566, "dvar": 0.000870671239682, "dvar2": 0.00161361263599, "max": 0.67478376627, "mean": 0.368202954531, "median": 0.371424823999, "min": 0.00870273634791, "var": 0.00687742000446}, "melbands_kurtosis": {"dmean": 1.79783916473, "dmean2": 2.88626503944, "dvar": 5.78341722488, "dvar2": 15.9094247818, "max": 58.2875480652, "mean": 6.70215606689, "median": 5.80691099167, "min": -1.27911138535, "var": 21.200668335}, "melbands_skewness": {"dmean": 0.292721837759, "dmean2": 0.469283401966, "dvar": 0.0970211103559, "dvar2": 0.25456699729, "max": 6.64587116241, "mean": 1.74873769283, "median": 1.69836211205, "min": -1.96038901806, "var": 0.475875854492}, "melbands_spread": {"dmean": 1.54440581799, "dmean2": 2.46861338615, "dvar": 8.92664146423, "dvar2": 21.7791442871, "max": 144.526550293, "mean": 8.55371284485, "median": 7.39102172852, "min": 1.88596212864, "var": 29.8168334961}, "pitch_salience": {"dmean": 0.041643653065, "dmean2": 0.0683682858944, "dvar": 0.00154270685744, "dvar2": 0.00426257774234, "max": 0.961496949196, "mean": 0.632512450218, "median": 0.644041776657, "min": 0.171066865325, "var": 0.00842532329261}, "silence_rate_20dB": {"dmean": 0, "dmean2": 0, "dvar": 0, "dvar2": 0, "max": 1, "mean": 1, "median": 1, "min": 1, "var": 0}, "silence_rate_30dB": {"dmean": 0.000432666303823, "dmean2": 0.000865426205564, "dvar": 0.000432519387687, "dvar2": 0.00108105537947, "max": 1, "mean": 0.999567389488, "median": 1, "min": 0, "var": 0.000432472676039}, "silence_rate_60dB": {"dmean": 0.0181719847023, "dmean2": 0.036347899586, "dvar": 0.0178425386548, "dvar2": 0.040651936084, "max": 1, "mean": 0.169911310077, "median": 0, "min": 0, "var": 0.141044482589}, "spectral_centroid": {"dmean": 63.1624946594, "dmean2": 98.3726730347, "dvar": 19812.4863281, "dvar2": 36190.2539062, "max": 10599.0039062, "mean": 572.433044434, "median": 493.990631104, "min": 228.305236816, "var": 85515.53125}, "spectral_complexity": {"dmean": 1.71963226795, "dmean2": 2.723279953, "dvar": 4.9831829071, "dvar2": 9.18406867981, "max": 39, "mean": 12.8990917206, "median": 12, "min": 0, "var": 42.4294548035}, "spectral_decrease": {"dmean": 9.09948894012e-10, "dmean2": 1.41792955155e-09, "dvar": 1.97496877911e-18, "dvar2": 4.49468769038e-18, "max": 2.02606581304e-29, "mean": -5.20073051291e-09, "median": -3.90792509464e-09, "min": -2.91046600154e-08, "var": 2.19972835128e-17}, "spectral_energy": {"dmean": 0.00358475418761, "dmean2": 0.00557427853346, "dvar": 3.10496034217e-05, "dvar2": 6.99972370057e-05, "max": 0.114647142589, "mean": 0.0205063931644, "median": 0.0153785943985, "min": 1.13449985898e-20, "var": 0.000341508537531}, "spectral_energyband_high": {"dmean": 2.89979361696e-05, "dmean2": 4.03744998039e-05, "dvar": 9.17255604804e-09, "dvar2": 1.92858475856e-08, "max": 0.00143104430754, "mean": 5.21141373611e-05, "median": 5.07673303218e-06, "min": 8.50978372594e-21, "var": 1.68039875348e-08}, "spectral_energyband_low": {"dmean": 0.000701346958522, "dmean2": 0.00119292095769, "dvar": 2.34586605075e-06, "dvar2": 6.83222515363e-06, "max": 0.0441756695509, "mean": 0.00178395991679, "median": 0.000685195671394, "min": 1.75331925027e-23, "var": 8.71191241458e-06}, "spectral_energyband_middle_high": {"dmean": 0.000524410279468, "dmean2": 0.000739980256185, "dvar": 1.39211772421e-06, "dvar2": 2.65681183009e-06, "max": 0.0225841887295, "mean": 0.00187628588174, "median": 0.00109617272392, "min": 1.35723102225e-21, "var": 5.13969598614e-06}, "spectral_energyband_middle_low": {"dmean": 0.00318425521255, "dmean2": 0.00499601615593, "dvar": 2.35133993556e-05, "dvar2": 5.58654974157e-05, "max": 0.109558612108, "mean": 0.0175865143538, "median": 0.0128557160497, "min": 2.55571041375e-22, "var": 0.000265312002739}, "spectral_entropy": {"dmean": 0.132128626108, "dmean2": 0.203300833702, "dvar": 0.0395280122757, "dvar2": 0.0852629169822, "max": 9.79542160034, "mean": 6.34329271317, "median": 6.30558538437, "min": 5.08393478394, "var": 0.24896761775}, "spectral_flux": {"dmean": 0.0108921127394, "dmean2": 0.0172086451203, "dvar": 0.000242289650487, "dvar2": 0.000527926022187, "max": 0.210736319423, "mean": 0.0379172153771, "median": 0.0305155999959, "min": 1.06512902665e-10, "var": 0.000773496227339}, "spectral_kurtosis": {"dmean": 15.5428848267, "dmean2": 26.8582782745, "dvar": 335.374023438, "dvar2": 867.647216797, "max": 449.980834961, "mean": 38.3256530762, "median": 25.3479938507, "min": -1.21231245995, "var": 1544.17163086}, "spectral_rms": {"dmean": 0.000361110287486, "dmean2": 0.000557730614673, "dvar": 2.19117737288e-07, "dvar2": 4.4086135631e-07, "max": 0.0105759575963, "mean": 0.00396098196507, "median": 0.00387343601324, "min": 3.32690407341e-12, "var": 4.31689932157e-06}, "spectral_rolloff": {"dmean": 114.332839966, "dmean2": 198.162445068, "dvar": 285771.625, "dvar2": 771728.5, "max": 19099.9511719, "mean": 739.229980469, "median": 538.330078125, "min": 64.599609375, "var": 1117412.75}, "spectral_skewness": {"dmean": 0.965562582016, "dmean2": 1.67169177532, "dvar": 0.912471592426, "dvar2": 2.41505455971, "max": 16.2043018341, "mean": 3.81839108467, "median": 3.25094985962, "min": 0.0207193661481, "var": 4.66558218002}, "spectral_spread": {"dmean": 252853.515625, "dmean2": 420438.0625, "dvar": 185950617600, "dvar2": 278424551424, "max": 40702092, "mean": 1693056.875, "median": 1506372.5, "min": 277374.5, "var": 1368907186180.0}, "spectral_strongpeak": {"dmean": 0.261716127396, "dmean2": 0.444922953844, "dvar": 0.125580698252, "dvar2": 0.30530872941, "max": 5.54984951019, "mean": 0.923806130886, "median": 0.688570618629, "min": 0, "var": 0.626957714558}, "zerocrossingrate": {"dmean": 0.00296158809215, "dmean2": 0.00381486886181, "dvar": 2.86179365503e-05, "dvar2": 4.00167555199e-05, "max": 0.498046875, "mean": 0.0280228871852, "median": 0.02392578125, "min": 0.0078125, "var": 0.000524977629539}, "barkbands": {"dmean": [9.38420498642e-07, 9.5626921393e-05, 0.000391184905311, 0.000725106510799, 0.00101921858732, 0.0015105784405, 0.000674758455716, 0.000890980183613, 0.000342104409356, 0.000211547172512, 0.00014282410848, 9.06286586542e-05, 8.82679596543e-05, 8.09190823929e-05, 7.92239516159e-05, 4.05916616728e-05, 3.99412710976e-05, 2.7080604923e-05, 2.91228170681e-05, 1.29881009343e-05, 9.50907815422e-06, 9.2518321253e-06, 2.94678443424e-06, 4.95925689847e-07, 3.91358874197e-08, 3.58256158073e-09, 1.26785237864e-09], "dmean2": [1.57010811108e-06, 0.000147887243656, 0.000644698215183, 0.00125715264585, 0.00161740416661, 0.00238179718144, 0.00112147233449, 0.0013537023915, 0.000482059374917, 0.000304984976538, 0.000216947548324, 0.000130219836137, 0.000134262692882, 0.000117223520647, 0.000127765175421, 6.01601786911e-05, 6.44975589239e-05, 4.1426235839e-05, 4.47187958343e-05, 1.87002133316e-05, 1.35645041155e-05, 1.38640589284e-05, 4.42767804998e-06, 8.14734050891e-07, 6.28321146223e-08, 6.01075056395e-09, 2.23198570737e-09], "dvar": [1.84679563309e-11, 8.51296420024e-08, 1.0449941783e-06, 1.61726643455e-06, 2.81435018223e-06, 7.5722236943e-06, 2.39204996433e-06, 2.73824662145e-06, 5.33277216164e-07, 1.68305120951e-07, 1.25315679611e-07, 8.37627851524e-08, 6.93448569677e-08, 3.05209049145e-08, 3.47272184342e-08, 1.70378395836e-08, 1.49556544926e-08, 7.54535456338e-09, 8.44483150075e-09, 1.62683866378e-09, 1.13135922852e-09, 1.45179612776e-09, 2.05976485868e-10, 7.03972080282e-12, 5.31784462114e-14, 2.51525490701e-17, 2.19475501056e-18], "dvar2": [4.55681846423e-11, 1.99544331281e-07, 2.94792357636e-06, 5.04383751831e-06, 7.03614387021e-06, 1.98636807909e-05, 7.32813350623e-06, 6.21092522124e-06, 1.11359213406e-06, 3.68344529988e-07, 2.58390230101e-07, 1.56745286972e-07, 1.59959952839e-07, 6.34263628285e-08, 8.86166517944e-08, 3.08450083253e-08, 3.91908834274e-08, 1.75765233479e-08, 2.00217797897e-08, 3.46040174293e-09, 2.37051156482e-09, 3.49037154734e-09, 4.82198669882e-10, 1.77096635967e-11, 1.30539378135e-13, 6.21018947415e-17, 6.64540567308e-18], "max": [0.000159509145305, 0.01041641552, 0.0288594029844, 0.027908699587, 0.0267352759838, 0.0706409588456, 0.0304081048816, 0.0532590039074, 0.026764947921, 0.0111955720931, 0.0119666680694, 0.00824783556163, 0.0106655750424, 0.00349916424602, 0.00366459134966, 0.00523511879146, 0.00183227122761, 0.00371004850604, 0.00172244594432, 0.000975501025096, 0.000740014133044, 0.000701746728737, 0.000316759309499, 6.28489287919e-05, 5.98749784331e-06, 1.66569563476e-07, 2.12305906189e-08], "mean": [1.06407969724e-06, 0.000211593855056, 0.000971644476522, 0.0016786538763, 0.00319398171268, 0.00625048298389, 0.00195917556994, 0.00298727210611, 0.00119918317068, 0.000605205190368, 0.000302520929836, 0.000212808328797, 0.000188912745216, 0.000228851175052, 0.000164800410857, 9.0367422672e-05, 8.04160517873e-05, 6.22531806584e-05, 5.79177030886e-05, 2.45378250838e-05, 1.82621770364e-05, 1.24738835439e-05, 3.47853483618e-06, 4.52734468581e-07, 3.97657444751e-08, 1.28994273041e-08, 1.68409519663e-09], "median": [2.5542971116e-07, 3.45784865203e-05, 0.000266477902187, 0.000715572503395, 0.00205309549347, 0.00322684203275, 0.000945438048802, 0.00139781436883, 0.000442018907052, 0.000291415402899, 0.000123948513647, 7.85395823186e-05, 7.55514192861e-05, 0.000105967759737, 5.84468798479e-05, 2.6415586035e-05, 2.60730048467e-05, 1.59117807925e-05, 1.05815615825e-05, 3.3043725125e-06, 1.51737526721e-06, 5.71513510295e-07, 2.30939107837e-08, 4.06127975694e-09, 5.87517812178e-09, 1.67639306881e-08, 1.31612432064e-09], "min": [3.31362537851e-23, 4.31116350122e-24, 4.45025861147e-24, 9.42188486153e-24, 4.387965579e-23, 2.51685582717e-23, 4.33005593104e-23, 3.29830948626e-23, 8.0668127307e-23, 4.05760956456e-23, 3.34877638936e-23, 1.20771840421e-22, 1.66285643664e-22, 1.68437580483e-22, 1.0829084921e-22, 9.03017724122e-23, 9.51236373637e-23, 1.33431732663e-22, 2.57436362939e-22, 3.82784719948e-22, 6.83891311884e-22, 4.97890431233e-22, 8.71433967531e-22, 1.01894373715e-21, 1.39008691487e-21, 1.86451659753e-21, 2.19805133015e-21], "var": [1.87636694376e-11, 3.22244858353e-07, 3.42087241734e-06, 6.13425754636e-06, 1.13882406367e-05, 6.9074689236e-05, 8.66979371494e-06, 1.89381444216e-05, 3.60286298928e-06, 7.42011991406e-07, 3.60469414318e-07, 2.13351128764e-07, 1.33870059926e-07, 1.00622195021e-07, 7.57815357133e-08, 5.16285574292e-08, 2.25801422005e-08, 1.62044688778e-08, 1.56435842058e-08, 3.22821480658e-09, 2.32040009429e-09, 1.7464100166e-09, 2.42167730313e-10, 6.37139863438e-12, 5.42065239808e-14, 1.22247791884e-16, 2.82385440414e-18]}, "erbbands": {"dmean": [0.000907075824216, 0.0306624062359, 0.325898081064, 1.47601079941, 2.60014271736, 3.30755972862, 7.92276239395, 15.7607746124, 8.07236099243, 19.8725090027, 9.20895004272, 9.69931793213, 6.07642173767, 5.22955131531, 5.99932813644, 3.99550104141, 4.22417020798, 4.05405282974, 4.68668556213, 2.06430387497, 1.89101314545, 1.9837692976, 1.28943908215, 1.67724883556, 1.09173846245, 0.756560564041, 0.415497213602, 0.37476554513, 0.414232492447, 0.17758397758, 0.0706394985318, 0.018071655184, 0.00502146966755, 0.00100757239852, 9.85809019767e-05, 1.56313162734e-05, 8.92762363947e-06, 2.33030732488e-06, 1.76158482645e-06, 4.05180162488e-06], "dmean2": [0.00149648322258, 0.0482871793211, 0.5384760499, 2.57287740707, 4.63295555115, 5.16110181808, 11.6303911209, 25.323261261, 12.6765403748, 31.0930976868, 14.6280860901, 13.4858341217, 9.1442899704, 7.24614191055, 9.23962497711, 5.62158060074, 6.34844732285, 5.96232557297, 7.5125875473, 3.10058426857, 2.82539081573, 3.22313499451, 1.99529147148, 2.47248077393, 1.7219080925, 1.08159732819, 0.591153562069, 0.528365135193, 0.622013449669, 0.266338974237, 0.103780068457, 0.0279958304018, 0.00845231488347, 0.00163803389296, 0.000160844065249, 2.61402747128e-05, 1.4824061509e-05, 3.86745978176e-06, 2.70643499789e-06, 6.27843792245e-06], "dvar": [7.184966762e-06, 0.00821454357356, 0.710909068584, 7.85754299164, 19.3645420074, 44.0707931519, 168.401535034, 1018.94396973, 307.271240234, 1251.12683105, 338.038024902, 432.753143311, 194.479522705, 92.8181686401, 329.519744873, 186.166412354, 147.630584717, 81.0065612793, 119.543823242, 24.2982063293, 31.9134635925, 42.3492851257, 21.1120185852, 23.9697494507, 15.7698602676, 5.40642881393, 2.19697880745, 1.79977095127, 3.6159465313, 0.711045861244, 0.101196065545, 0.00799636170268, 0.000763859949075, 3.28812275256e-05, 2.51114045113e-07, 3.79292020014e-09, 1.24383128797e-10, 6.5613621307e-12, 7.88395043694e-12, 4.05516592528e-11], "dvar2": [1.79116796062e-05, 0.0192657411098, 1.92520785332, 24.6894435883, 65.6769256592, 107.286483765, 352.886505127, 2712.97827148, 789.8203125, 3210.8894043, 837.043579102, 885.388549805, 458.369537354, 175.527267456, 691.216491699, 328.874755859, 343.906341553, 171.349182129, 305.595336914, 50.7504310608, 60.2389373779, 112.993492126, 53.1322631836, 52.6589927673, 40.6403579712, 11.3019742966, 4.72886371613, 3.80419301987, 8.85786914825, 1.68962800503, 0.238226950169, 0.0193921085447, 0.00202735490166, 8.30341086839e-05, 6.44422016194e-07, 1.01516972606e-08, 3.05650532662e-10, 1.66172943461e-11, 1.69893370205e-11, 9.00788749147e-11], "max": [0.0912642478943, 3.35362195969, 28.5811233521, 56.4300003052, 96.1591949463, 120.84790802, 421.171875, 897.145812988, 449.178497314, 967.191345215, 399.953582764, 778.284667969, 422.033782959, 214.759780884, 745.502197266, 427.959136963, 405.425720215, 185.660598755, 202.185943604, 105.831626892, 195.94758606, 107.868782043, 266.988830566, 112.39691925, 100.372322083, 50.1996192932, 32.8377494812, 34.1971359253, 37.7818565369, 20.6621360779, 7.20418834686, 2.54829525948, 0.575964450836, 0.11735869199, 0.0120916394517, 0.00285567156971, 0.000316855555866, 3.55426818714e-05, 5.69399308006e-05, 0.000129238134832], "mean": [0.00202814838849, 0.0762911587954, 0.873896181583, 3.3278491497, 6.45426893234, 10.6799430847, 30.5437698364, 62.8132514954, 30.2775192261, 64.8873748779, 30.1269931793, 34.3746032715, 20.9779205322, 13.9779558182, 12.4155960083, 10.0917472839, 9.96463775635, 11.1283960342, 11.3065423965, 5.42594766617, 4.67520141602, 3.94737410545, 3.04182696342, 3.81844043732, 2.01360249519, 1.45426297188, 0.825920760632, 0.669822990894, 0.550011634827, 0.228717043996, 0.0840511769056, 0.0185828115791, 0.00423377007246, 0.000929428322706, 0.000127411592985, 4.84524280182e-05, 3.48757857864e-05, 7.75829630584e-06, 1.01477562566e-05, 2.31510384765e-05], "median": [0.00045498405234, 0.015739062801, 0.238812893629, 1.65747010708, 2.8822157383, 6.23162555695, 16.4287605286, 26.077331543, 18.3728408813, 34.2685928345, 17.113368988, 13.7949829102, 10.7746076584, 7.37726783752, 5.14452028275, 4.05584573746, 4.86728191376, 5.53444099426, 4.91556739807, 2.1702876091, 1.69352400303, 1.40796363354, 0.943526983261, 0.809748291969, 0.3129144907, 0.192752614617, 0.0802333429456, 0.0536958351731, 0.0266371611506, 0.00525588542223, 0.000765762291849, 0.000201854782063, 9.12566683837e-05, 6.70296503813e-05, 5.26646108483e-05, 4.4924327085e-05, 3.92731199099e-05, 8.25516235636e-06, 7.60749890105e-06, 1.7347800167e-05], "min": [3.04256456732e-22, 4.19786814998e-22, 4.28208098274e-21, 2.16098980169e-20, 8.12295109689e-20, 1.9130826412e-19, 1.25690934183e-19, 2.94667867929e-19, 6.09722584331e-19, 5.51372798632e-19, 1.02823420166e-18, 1.83703372363e-18, 1.39687654743e-18, 1.02730900015e-18, 2.15234587415e-18, 5.52172423791e-18, 6.029187136e-18, 9.04835335843e-18, 7.52930895537e-18, 6.08210725646e-18, 5.58163899763e-18, 5.8901521371e-18, 7.03008146745e-18, 7.13404566274e-18, 1.79586883229e-17, 1.8120857082e-17, 1.43621285262e-17, 3.64347483405e-17, 1.66600081438e-17, 2.5245249547e-17, 2.42285105709e-17, 2.13613321686e-17, 1.68292410253e-17, 1.42272749253e-17, 1.06347269546e-17, 6.28450222233e-18, 4.07623687082e-18, 1.21595033057e-18, 2.59201749533e-19, 3.70456714741e-20], "var": [2.31870290008e-05, 0.0339657478034, 2.80128955841, 22.0551509857, 80.8057098389, 161.07673645, 1513.43408203, 9833.65039062, 1470.11047363, 7073.39160156, 1428.61401367, 2878.71606445, 876.814208984, 360.242706299, 804.192810059, 502.866912842, 283.996398926, 236.859909058, 281.403747559, 73.1256256104, 98.8978652954, 54.2516021729, 35.0114593506, 56.6654510498, 24.5193557739, 11.2064085007, 4.30487012863, 3.53255057335, 4.12843942642, 0.858274281025, 0.116900466383, 0.00812730565667, 0.000582393433433, 2.98264512821e-05, 2.18425412868e-07, 3.79848774656e-09, 5.89996052014e-10, 3.00917311902e-11, 8.15121303788e-11, 4.35007307953e-10]}, "gfcc": {"mean": [-148.028549194, 209.77532959, -146.152618408, -16.5016345978, -45.2130088806, -41.8845329285, -26.4223995209, -24.2286109924, -14.481426239, -9.70626831055, -13.8196678162, -10.8502941132, -12.035159111], "cov": [[10682.5107422, -205.33442688, -3088.52099609, 2378.64282227, -1301.58447266, -830.611450195, 860.443786621, -1113.77636719, 653.98449707, -436.267333984, 223.490264893, -229.342071533, 140.448471069], [-205.33442688, 1552.99951172, 172.768203735, -607.156860352, 659.223266602, -359.270294189, 22.564414978, -2.86944961548, -83.86693573, 13.9955034256, 15.8177051544, -87.9196777344, 90.208366394], [-3088.52099609, 172.768203735, 1315.78393555, -776.332458496, 396.636993408, 399.548126221, -339.641204834, 363.569488525, -196.67918396, 142.227325439, -81.3146514893, 105.669868469, -79.7207183838], [2378.64282227, -607.156860352, -776.332458496, 1088.08081055, -452.42590332, -52.7985954285, 355.761505127, -305.687927246, 223.436279297, -82.4394454956, 48.7765083313, 2.40721607208, 15.3985528946], [-1301.58447266, 659.223266602, 396.636993408, -452.42590332, 570.559082031, -54.7261314392, -44.1587142944, 182.95300293, -140.166809082, 84.9973754883, -19.2660331726, 1.94765007496, 23.7885665894], [-830.611450195, -359.270294189, 399.548126221, -52.7985954285, -54.7261314392, 426.394744873, -119.444000244, 135.74156189, 15.9664564133, -2.98222947121, -11.6048202515, 68.4144515991, -67.0352249146], [860.443786621, 22.564414978, -339.641204834, 355.761505127, -44.1587142944, -119.444000244, 263.131835938, -118.056884766, 79.8778305054, 8.47438716888, -10.1493673325, -1.67908322811, 14.8622579575], [-1113.77636719, -2.86944961548, 363.569488525, -305.687927246, 182.95300293, 135.74156189, -118.056884766, 259.711120605, -77.3505783081, 47.5679740906, -4.35075139999, -1.02170372009, -26.1373176575], [653.98449707, -83.86693573, -196.67918396, 223.436279297, -140.166809082, 15.9664564133, 79.8778305054, -77.3505783081, 153.860931396, -34.765953064, 20.8374061584, -6.54823875427, -13.6293668747], [-436.267333984, 13.9955034256, 142.227325439, -82.4394454956, 84.9973754883, -2.98222947121, 8.47438716888, 47.5679740906, -34.765953064, 103.266052246, -27.5801200867, 17.408372879, 0.151017963886], [223.490264893, 15.8177051544, -81.3146514893, 48.7765083313, -19.2660331726, -11.6048202515, -10.1493673325, -4.35075139999, 20.8374061584, -27.5801200867, 79.2499847412, -21.6269760132, 12.1235628128], [-229.342071533, -87.9196777344, 105.669868469, 2.40721607208, 1.94765007496, 68.4144515991, -1.67908322811, -1.02170372009, -6.54823875427, 17.408372879, -21.6269760132, 99.6368408203, -17.6607589722], [140.448471069, 90.208366394, -79.7207183838, 15.3985528946, 23.7885665894, -67.0352249146, 14.8622579575, -26.1373176575, -13.6293668747, 0.151017963886, 12.1235628128, -17.6607589722, 87.1667251587]], "icov": [[0.000777782406658, -0.0018667349359, 0.00148838711902, -0.00187586108223, 0.00213885353878, -0.000409302214393, 0.00154658325482, -0.00112038990483, 0.000677403237205, -0.000871854135767, 0.000681222532876, -0.000658216013107, 0.000752474821638], [-0.0018667349359, 0.00932061392814, -0.00500973127782, 0.00788154173642, -0.0101704318076, 0.00297162658535, -0.00738129904494, 0.00767809199169, -0.00489743100479, 0.00611789012328, -0.00404743244871, 0.0043031880632, -0.00333195691928], [0.00148838711902, -0.00500973127782, 0.00671273656189, -0.00386015046388, 0.00427350681275, -0.00378618808463, 0.00601695012301, -0.00374642154202, 0.00286270282231, -0.00541286263615, 0.00320466933772, -0.00312293414026, 0.00275880866684], [-0.00187586108223, 0.00788154173642, -0.00386015046388, 0.0107721602544, -0.00703254062682, 0.000712624401785, -0.0105935875326, 0.00742468936369, -0.00388038554229, 0.00492453482002, -0.00532677676529, 0.00315934885293, -0.00330186332576], [0.00213885353878, -0.0101704318076, 0.00427350681275, -0.00703254062682, 0.015698608011, -0.00192806264386, 0.00434629851952, -0.0099422717467, 0.00654892995954, -0.00608643330634, 0.00270658382215, -0.00491820927709, 0.00240213051438], [-0.000409302214393, 0.00297162658535, -0.00378618808463, 0.000712624401785, -0.00192806264386, 0.00761663820595, -0.000911560666282, -0.00062406755751, -0.00384293217212, 0.00442594755441, -0.000890467548743, -0.000808148295619, -0.000300888350466], [0.00154658325482, -0.00738129904494, 0.00601695012301, -0.0105935875326, 0.00434629851952, -0.000911560666282, 0.0192726086825, -0.00589543394744, 0.000688377243932, -0.00859913788736, 0.00794596131891, -0.00434201676399, 0.00371794519015], [-0.00112038990483, 0.00767809199169, -0.00374642154202, 0.00742468936369, -0.0099422717467, -0.00062406755751, -0.00589543394744, 0.0161933414638, -0.00282653374597, 0.00299954693764, -0.00539914378896, 0.00659507419914, -0.00114454387221], [0.000677403237205, -0.00489743100479, 0.00286270282231, -0.00388038554229, 0.00654892995954, -0.00384293217212, 0.000688377243932, -0.00282653374597, 0.0145202772692, -0.00276946625672, -0.000310634757625, -0.00119363702834, 0.00364948413335], [-0.000871854135767, 0.00611789012328, -0.00541286263615, 0.00492453482002, -0.00608643330634, 0.00442594755441, -0.00859913788736, 0.00299954693764, -0.00276946625672, 0.0196600072086, -0.000582500419114, 0.00163816474378, -0.00337077653967], [0.000681222532876, -0.00404743244871, 0.00320466933772, -0.00532677676529, 0.00270658382215, -0.000890467548743, 0.00794596131891, -0.00539914378896, -0.000310634757625, -0.000582500419114, 0.0191126838326, -0.000447372556664, -0.000230756006204], [-0.000658216013107, 0.0043031880632, -0.00312293414026, 0.00315934885293, -0.00491820927709, -0.000808148295619, -0.00434201676399, 0.00659507419914, -0.00119363702834, 0.00163816474378, -0.000447372556664, 0.0156814921647, -0.000318501435686], [0.000752474821638, -0.00333195691928, 0.00275880866684, -0.00330186332576, 0.00240213051438, -0.000300888350466, 0.00371794519015, -0.00114454387221, 0.00364948413335, -0.00337077653967, -0.000230756006204, -0.000318501435686, 0.0154944518581]]}, "melbands": {"dmean": [1.62959295267e-05, 0.000124364538351, 0.000285805435851, 0.000176180939889, 0.00026136438828, 0.000323590909829, 0.00012866583711, 0.000228938501095, 6.20810096734e-05, 6.06673420407e-05, 2.94441215374e-05, 2.1712103262e-05, 2.0040635718e-05, 1.11286162792e-05, 9.01645307749e-06, 9.85826500255e-06, 8.24546896183e-06, 7.31835189072e-06, 4.94998766953e-06, 3.35014192387e-06, 2.11626502278e-06, 2.33848300013e-06, 1.59580270065e-06, 1.3164012671e-06, 1.49476068145e-06, 8.29133568914e-07, 5.55734970931e-07, 5.80298888053e-07, 2.48103759759e-07, 2.59759360688e-07, 1.92081358819e-07, 2.74333416428e-07, 1.15304672477e-07, 9.65023545518e-08, 4.76726853549e-08, 1.88780653332e-08, 7.27929938549e-09, 3.92007404315e-09, 1.92710913893e-09, 4.39861702617e-10], "dmean2": [2.55647810263e-05, 0.000204037263757, 0.000497463275678, 0.000294330064207, 0.000386855303077, 0.000518098066095, 0.000206662982237, 0.000354323419742, 9.79222822934e-05, 8.52074517752e-05, 4.45097539341e-05, 3.01419095194e-05, 3.02809621644e-05, 1.67574526131e-05, 1.25301339722e-05, 1.54868175741e-05, 1.2060494555e-05, 1.15670554806e-05, 7.66860739532e-06, 5.01005752085e-06, 3.22122036778e-06, 3.812422392e-06, 2.56788734987e-06, 2.0231570943e-06, 2.21041750592e-06, 1.29480895339e-06, 8.85552367436e-07, 8.31476540952e-07, 3.63511958312e-07, 3.75128365704e-07, 2.72272501434e-07, 4.21680539375e-07, 1.71373827129e-07, 1.46507986187e-07, 7.11492234018e-08, 2.8363285054e-08, 1.18363097101e-08, 6.79526568348e-09, 3.16837334147e-09, 7.28444082831e-10], "dvar": [2.43938691469e-09, 1.06840303715e-07, 2.41650127464e-07, 1.05149020158e-07, 1.79176936399e-07, 4.0008256974e-07, 8.28780670759e-08, 1.64067998298e-07, 1.67843676735e-08, 1.65974043398e-08, 4.80790118829e-09, 1.69208469458e-09, 2.73988343125e-09, 1.35754518737e-09, 4.99425334421e-10, 9.9790975483e-10, 3.29719501702e-10, 2.81380724276e-10, 1.31210917131e-10, 1.17881079897e-10, 3.70499603219e-11, 5.4378473946e-11, 2.33630510771e-11, 1.9202561416e-11, 1.98993599376e-11, 8.04429352991e-12, 4.7183606848e-12, 3.1272855399e-12, 8.63777365606e-13, 9.11546988065e-13, 5.15022757514e-13, 1.80445166188e-12, 2.21049212463e-13, 2.49548347481e-13, 5.73816235955e-14, 7.09334866777e-15, 1.48058394565e-15, 5.73005030384e-16, 1.68362131652e-16, 6.93223634075e-18], "dvar2": [5.78939296503e-09, 2.85529495159e-07, 7.59994748023e-07, 2.9353580544e-07, 3.87709746974e-07, 1.06806544409e-06, 2.29083696013e-07, 3.96773060629e-07, 4.17776639949e-08, 3.45055646278e-08, 1.13854499162e-08, 3.1899836106e-09, 5.64080782084e-09, 2.67185251701e-09, 9.15636066967e-10, 2.37426101002e-09, 6.98448021641e-10, 7.03203439922e-10, 2.98495339557e-10, 2.21549917301e-10, 7.81659251214e-11, 1.45015721653e-10, 5.922822649e-11, 4.44121336929e-11, 4.44504051622e-11, 1.93978756668e-11, 1.2386806858e-11, 6.55072827579e-12, 1.94059568762e-12, 1.95413889063e-12, 1.09192158353e-12, 4.52940809859e-12, 4.95201427607e-13, 5.91811755851e-13, 1.37034995981e-13, 1.69024662295e-14, 3.66928955278e-15, 1.556141508e-15, 4.260130503e-16, 1.76659110538e-17], "max": [0.00160923262592, 0.0112132690847, 0.0106044299901, 0.00625643739477, 0.011525945738, 0.0172765851021, 0.00687976926565, 0.012256288901, 0.00237131048925, 0.00426768139005, 0.00211900612339, 0.000920869526453, 0.0018545682542, 0.00126253289636, 0.000571355572902, 0.00144337688107, 0.000378280994482, 0.000278916937532, 0.000204567884794, 0.000432997883763, 0.000186266566743, 0.000120489203255, 0.000150284453412, 0.000179172624485, 0.000117416871944, 6.30764407106e-05, 5.03859519085e-05, 3.79552548111e-05, 3.53518116754e-05, 2.20793754124e-05, 1.63225286087e-05, 2.75965703622e-05, 1.09337142931e-05, 1.22587989608e-05, 5.46079309061e-06, 2.12627901419e-06, 1.02473870811e-06, 5.82841664709e-07, 4.21777002657e-07, 5.86068686914e-08], "mean": [3.59383448085e-05, 0.000333309260895, 0.00072203570744, 0.000540173379704, 0.000994823174551, 0.00129398843274, 0.00044593893108, 0.00076355447527, 0.000202306473511, 0.000210494312341, 9.81545381364e-05, 5.49343640159e-05, 4.15183567384e-05, 2.38792872551e-05, 2.45286100835e-05, 2.03050240088e-05, 2.18775003304e-05, 1.84561886272e-05, 1.13408405014e-05, 6.99187694408e-06, 5.07193499288e-06, 4.32174601883e-06, 3.19812465932e-06, 2.96919370157e-06, 3.26434724229e-06, 1.61642674357e-06, 9.28036968162e-07, 1.05563469788e-06, 4.79863103919e-07, 4.631139916e-07, 3.38572760938e-07, 3.53519652663e-07, 1.49543211592e-07, 1.19221354566e-07, 5.53425429928e-08, 2.00324077326e-08, 6.91592516588e-09, 3.06608671785e-09, 1.6698653571e-09, 3.98680671809e-10], "median": [6.32391947875e-06, 8.50590586197e-05, 0.000354713061824, 0.000310162839014, 0.000586145441048, 0.000605350418482, 0.000257020030404, 0.000393222901039, 0.000117579184007, 7.75724620325e-05, 4.8196867283e-05, 2.60908782366e-05, 1.64803259395e-05, 9.59259887168e-06, 1.05369053927e-05, 7.90579542809e-06, 1.02421763586e-05, 7.86339569459e-06, 4.01948909712e-06, 1.79120058874e-06, 1.77507695298e-06, 1.42070985021e-06, 8.99404312804e-07, 6.33965782981e-07, 6.41628844278e-07, 2.57915047541e-07, 1.10575768986e-07, 1.23196002733e-07, 4.69718202112e-08, 3.41283623584e-08, 2.23401510624e-08, 1.48353240803e-08, 4.57622340022e-09, 7.02175817491e-10, 3.20424686784e-10, 1.2262074689e-10, 4.75659303611e-11, 4.15902208506e-11, 4.62110592847e-11, 4.30610894164e-11], "min": [2.17457377412e-24, 1.53026196623e-24, 5.16662556608e-24, 9.6095848476e-24, 5.1243599765e-24, 5.95410872573e-24, 9.36257750981e-24, 6.33774085584e-24, 1.08240393666e-23, 1.08396493462e-23, 6.57064336064e-24, 3.76351298942e-24, 5.84924386788e-24, 1.22248528082e-23, 1.23518744023e-23, 1.76875315611e-23, 1.56977656118e-23, 1.30626341336e-23, 7.79520476559e-24, 7.91728730156e-24, 6.0361285662e-24, 5.64432462597e-24, 7.97450496074e-24, 4.69433927529e-24, 5.08398370879e-24, 1.21120851418e-23, 1.25059996794e-23, 1.24778625886e-23, 9.46151644455e-24, 9.04974130721e-24, 2.49826048237e-23, 8.11067339703e-24, 9.90490123835e-24, 1.55616050641e-23, 1.49830923415e-23, 1.20669473096e-23, 1.3641334605e-23, 1.18988426285e-23, 1.28754595289e-23, 1.07968552198e-23], "var": [8.71789129775e-09, 4.23851048481e-07, 9.62259719017e-07, 4.1622516278e-07, 1.34254344175e-06, 3.69841268366e-06, 3.60183719295e-07, 1.0477305068e-06, 6.24163334351e-08, 1.08721962988e-07, 2.11347810364e-08, 6.3364971048e-09, 7.48468753642e-09, 3.0445719279e-09, 1.66164682014e-09, 1.79049519655e-09, 9.63581214819e-10, 7.28185289844e-10, 3.50122514314e-10, 3.27722932125e-10, 1.10264242181e-10, 7.08430536456e-11, 3.9031895771e-11, 4.20008160196e-11, 4.42437683712e-11, 1.46794711803e-11, 6.64810177395e-12, 6.43627946079e-12, 1.51198834269e-12, 1.73878934254e-12, 1.04531140688e-12, 1.96883611844e-12, 2.8683527992e-13, 3.01624095709e-13, 6.32884383464e-14, 7.6422954743e-15, 1.41443797813e-15, 4.04221248377e-16, 1.47408548241e-16, 6.14169279829e-18]}, "mfcc": {"mean": [-765.646179199, 218.801300049, -23.2769069672, 10.993311882, -13.1338644028, -11.8642101288, -18.6790485382, -15.4877738953, -11.3342447281, -8.25648975372, -2.58722710609, -7.86053752899, -8.46253013611], "cov": [[8967.77734375, 222.496704102, -2378.52685547, 1826.14208984, -1136.16101074, 181.77456665, -393.885742188, -110.141487122, -124.606018066, 4.94717216492, 88.6702270508, -233.832504272, -112.486503601], [222.496704102, 1255.88928223, 20.9486236572, -164.571960449, 261.878417969, -201.22479248, 57.6237373352, -125.506324768, 20.6085796356, -69.9909057617, -6.52120399475, -7.45656347275, -26.5915756226], [-2378.52685547, 20.9486236572, 934.250976562, -536.091125488, 310.066741943, 60.8988838196, 76.1518554688, 60.6573753357, 18.3883628845, 18.5814380646, -42.8773498535, 86.9018707275, 63.7496757507], [1826.14208984, -164.571960449, -536.091125488, 635.661315918, -270.458740234, 107.525161743, -12.3569355011, -18.1065063477, 25.4660663605, 1.73713040352, 58.2295951843, -33.7425918579, -1.53254067898], [-1136.16101074, 261.878417969, 310.066741943, -270.458740234, 351.702667236, -58.3728218079, 101.178573608, 33.7734718323, 25.3943462372, 3.39482045174, -10.296710968, 51.3929023743, 15.7150812149], [181.77456665, -201.22479248, 60.8988838196, 107.525161743, -58.3728218079, 212.868560791, 8.03492832184, 51.3595962524, 27.5809230804, 2.91877102852, 18.2497692108, 25.9366455078, 43.2975273132], [-393.885742188, 57.6237373352, 76.1518554688, -12.3569355011, 101.178573608, 8.03492832184, 136.592529297, 22.3263378143, 46.6382827759, -1.33278572559, 12.2538738251, 37.9112815857, 10.5236263275], [-110.141487122, -125.506324768, 60.6573753357, -18.1065063477, 33.7734718323, 51.3595962524, 22.3263378143, 125.324188232, 14.260424614, 19.7674674988, 21.7460308075, 19.4881839752, 21.2848625183], [-124.606018066, 20.6085796356, 18.3883628845, 25.4660663605, 25.3943462372, 27.5809230804, 46.6382827759, 14.260424614, 96.7703018188, 7.02870368958, 21.0284347534, 27.0193710327, 5.07478809357], [4.94717216492, -69.9909057617, 18.5814380646, 1.73713040352, 3.39482045174, 2.91877102852, -1.33278572559, 19.7674674988, 7.02870368958, 112.495376587, 18.0110569, -2.91791248322, 5.10343837738], [88.6702270508, -6.52120399475, -42.8773498535, 58.2295951843, -10.296710968, 18.2497692108, 12.2538738251, 21.7460308075, 21.0284347534, 18.0110569, 92.8112030029, 16.1188335419, -8.73354816437], [-233.832504272, -7.45656347275, 86.9018707275, -33.7425918579, 51.3929023743, 25.9366455078, 37.9112815857, 19.4881839752, 27.0193710327, -2.91791248322, 16.1188335419, 73.6850891113, 20.1756191254], [-112.486503601, -26.5915756226, 63.7496757507, -1.53254067898, 15.7150812149, 43.2975273132, 10.5236263275, 21.2848625183, 5.07478809357, 5.10343837738, -8.73354816437, 20.1756191254, 67.1725997925]], "icov": [[0.00161008851137, -0.00181597471237, 0.00250823586248, -0.00212808395736, 0.00201894086786, -0.00224563619122, 0.00235633272678, -0.00227089738473, 0.00197953148745, -0.00174805871211, 0.00210838159546, -0.0019639742095, 0.00172120332718], [-0.00181597471237, 0.00337972561829, -0.00262586120516, 0.00241002137773, -0.00354750663973, 0.00319104129449, -0.00255005341023, 0.00388334691525, -0.00273193605244, 0.00272462773137, -0.00298327254131, 0.00285116280429, -0.00245880312286], [0.00250823586248, -0.00262586120516, 0.00718027167022, -0.000630623893812, 0.00207325303927, -0.00572253670543, 0.00308766914532, -0.00288217375055, 0.00305761885829, -0.00320850219578, 0.0034843236208, -0.00375865888782, 0.00155979348347], [-0.00212808395736, 0.00241002137773, -0.000630623893812, 0.00792865641415, -0.00110508862417, 0.00027188268723, -0.00509978225455, 0.0039545702748, -0.00309647177346, 0.00193643209059, -0.00406293570995, 0.00320625584573, -0.00360551057383], [0.00201894086786, -0.00354750663973, 0.00207325303927, -0.00110508862417, 0.0102213500068, -0.00154632492922, -0.000866680173203, -0.00498935114592, 0.00274087605067, -0.00286756898277, 0.00300924363546, -0.00402419408783, 0.00191663065925], [-0.00224563619122, 0.00319104129449, -0.00572253670543, 0.00027188268723, -0.00154632492922, 0.0122410552576, -0.00265405676328, 0.00105738255661, -0.00426187133417, 0.00366455572657, -0.00351415621117, 0.00190658716019, -0.00549385510385], [0.00235633272678, -0.00255005341023, 0.00308766914532, -0.00509978225455, -0.000866680173203, -0.00265405676328, 0.0157590638846, -0.00400498928502, -0.000870704010595, -0.00188102340326, 0.00327525753528, -0.0055331508629, 0.00289979903027], [-0.00227089738473, 0.00388334691525, -0.00288217375055, 0.0039545702748, -0.00498935114592, 0.00105738255661, -0.00400498928502, 0.014793176204, -0.0030686261598, 0.0018214690499, -0.0057576270774, 0.00339299836196, -0.00468857865781], [0.00197953148745, -0.00273193605244, 0.00305761885829, -0.00309647177346, 0.00274087605067, -0.00426187133417, -0.000870704010595, -0.0030686261598, 0.016354477033, -0.00323461857624, 0.00144337187521, -0.00552387069911, 0.00333254202269], [-0.00174805871211, 0.00272462773137, -0.00320850219578, 0.00193643209059, -0.00286756898277, 0.00366455572657, -0.00188102340326, 0.0018214690499, -0.00323461857624, 0.01201912947, -0.00468500424176, 0.0041763917543, -0.0032654798124], [0.00210838159546, -0.00298327254131, 0.0034843236208, -0.00406293570995, 0.00300924363546, -0.00351415621117, 0.00327525753528, -0.0057576270774, 0.00144337187521, -0.00468500424176, 0.0170024707913, -0.00676789227873, 0.00631288718432], [-0.0019639742095, 0.00285116280429, -0.00375865888782, 0.00320625584573, -0.00402419408783, 0.00190658716019, -0.0055331508629, 0.00339299836196, -0.00552387069911, 0.0041763917543, -0.00676789227873, 0.0231312178075, -0.00674312375486], [0.00172120332718, -0.00245880312286, 0.00155979348347, -0.00360551057383, 0.00191663065925, -0.00549385510385, 0.00289979903027, -0.00468857865781, 0.00333254202269, -0.0032654798124, 0.00631288718432, -0.00674312375486, 0.0221999790519]]}, "spectral_contrast_coeffs": {"dmean": [0.0401114672422, 0.0318630151451, 0.02820956707, 0.0229831170291, 0.0222596935928, 0.0404865778983], "dmean2": [0.0677086040378, 0.0529308095574, 0.0453379526734, 0.0369506925344, 0.0345870032907, 0.064893193543], "dvar": [0.00108090054709, 0.000801490736194, 0.000664858380333, 0.000526423100382, 0.00072341656778, 0.00216853199527], "dvar2": [0.003043072531, 0.00206435518339, 0.00159600330517, 0.00122231955174, 0.0014960328117, 0.00497481692582], "max": [-0.284862339497, -0.325640201569, -0.446313112974, -0.477755725384, -0.442799150944, -0.365230619907], "mean": [-0.528416752815, -0.665456414223, -0.72138607502, -0.746640861034, -0.729546129704, -0.729417383671], "median": [-0.524060368538, -0.667367219925, -0.723558664322, -0.750638186932, -0.732439398766, -0.723148405552], "min": [-0.949269115925, -0.955641269684, -0.970123589039, -0.962556481361, -0.962600946426, -0.972418785095], "var": [0.00770822400227, 0.0069602211006, 0.00523060979322, 0.00312516768463, 0.00337848044001, 0.013970548287]}, "spectral_contrast_valleys": {"dmean": [0.387242853642, 0.251557588577, 0.256553083658, 0.253004193306, 0.305356562138, 0.629428386688], "dmean2": [0.651488721371, 0.412315458059, 0.413554906845, 0.402578026056, 0.448102891445, 1.07604074478], "dvar": [0.120942734182, 0.0719865635037, 0.0840361937881, 0.110353089869, 0.2436