{"lowlevel": {"average_loudness": 0.773980677128, "barkbands_crest": {"dmean": 1.21283507347, "dmean2": 1.96752917767, "dvar": 2.08563446999, "dvar2": 5.82859945297, "max": 24.0886459351, "mean": 13.4368181229, "median": 13.18014431, "min": 3.44468736649, "var": 16.5985221863}, "barkbands_flatness_db": {"dmean": 0.0139385592192, "dmean2": 0.0233541112393, "dvar": 0.000248408177868, "dvar2": 0.000607732101344, "max": 0.501184880733, "mean": 0.406043618917, "median": 0.417363166809, "min": 0.0353598073125, "var": 0.00476106023416}, "barkbands_kurtosis": {"dmean": 1.25928652287, "dmean2": 1.95635652542, "dvar": 3.10168147087, "dvar2": 6.48354721069, "max": 36.5656547546, "mean": 5.77047300339, "median": 3.97086906433, "min": -1.77390515804, "var": 32.3641281128}, "barkbands_skewness": {"dmean": 0.242927357554, "dmean2": 0.382737964392, "dvar": 0.0761116594076, "dvar2": 0.171241521835, "max": 4.50086212158, "mean": 0.984529078007, "median": 0.790129065514, "min": -2.04167914391, "var": 1.33114492893}, "barkbands_spread": {"dmean": 0.587296307087, "dmean2": 0.955779671669, "dvar": 1.92557168007, "dvar2": 4.19035291672, "max": 85.9711837769, "mean": 4.41279745102, "median": 3.00975513458, "min": 0.678418040276, "var": 62.4865608215}, "dissonance": {"dmean": 0.0416953898966, "dmean2": 0.0732675939798, "dvar": 0.00198725843802, "dvar2": 0.0053464025259, "max": 0.500000119209, "mean": 0.33179807663, "median": 0.335071563721, "min": 0.127903953195, "var": 0.00632207840681}, "dynamic_complexity": 6.49367618561, "erbbands_crest": {"dmean": 1.48453474045, "dmean2": 2.30735135078, "dvar": 3.02105331421, "dvar2": 7.17661476135, "max": 31.3507385254, "mean": 17.0685939789, "median": 16.9055500031, "min": 2.55468654633, "var": 30.8450641632}, "erbbands_flatness_db": {"dmean": 0.011835321784, "dmean2": 0.0195158626884, "dvar": 0.00017959435354, "dvar2": 0.000441998330643, "max": 0.524545013905, "mean": 0.405908972025, "median": 0.422317236662, "min": 0.0542204193771, "var": 0.00595457432792}, "erbbands_kurtosis": {"dmean": 1.0633225441, "dmean2": 1.64630687237, "dvar": 2.38556027412, "dvar2": 5.76137924194, "max": 27.3992614746, "mean": 3.99055600166, "median": 3.24777507782, "min": -1.48483777046, "var": 13.0763206482}, "erbbands_skewness": {"dmean": 0.201918810606, "dmean2": 0.310546994209, "dvar": 0.0549451075494, "dvar2": 0.131728425622, "max": 4.37181949615, "mean": 1.28593540192, "median": 1.32477581501, "min": -1.35455799103, "var": 0.657335698605}, "erbbands_spread": {"dmean": 1.14888334274, "dmean2": 1.79500877857, "dvar": 3.39078044891, "dvar2": 7.50768661499, "max": 93.0929489136, "mean": 8.88519477844, "median": 6.80955266953, "min": 1.25787997246, "var": 82.1834564209}, "hfc": {"dmean": 1.52963161469, "dmean2": 2.12780237198, "dvar": 10.7634010315, "dvar2": 19.4590930939, "max": 64.6750946045, "mean": 8.37218666077, "median": 5.8756275177, "min": 1.15759056287e-16, "var": 83.2335891724}, "melbands_crest": {"dmean": 1.5166875124, "dmean2": 2.45896148682, "dvar": 3.28580522537, "dvar2": 8.59771537781, "max": 30.8219165802, "mean": 16.2327270508, "median": 15.7520847321, "min": 1.90270245075, "var": 27.6242656708}, "melbands_flatness_db": {"dmean": 0.0161060988903, "dmean2": 0.0270220451057, "dvar": 0.000330419716192, "dvar2": 0.000763029267546, "max": 0.648618519306, "mean": 0.530369877815, "median": 0.546167433262, "min": 0.00530809070915, "var": 0.00809395126998}, "melbands_kurtosis": {"dmean": 1.33818185329, "dmean2": 2.07470679283, "dvar": 4.40960121155, "dvar2": 9.75423622131, "max": 43.8729095459, "mean": 5.72058343887, "median": 3.80334615707, "min": -1.47566318512, "var": 38.6687393188}, "melbands_skewness": {"dmean": 0.246627271175, "dmean2": 0.387982547283, "dvar": 0.0831514075398, "dvar2": 0.188508018851, "max": 5.02626085281, "mean": 1.04054248333, "median": 0.794303238392, "min": -1.52972435951, "var": 1.20193302631}, "melbands_spread": {"dmean": 0.933573663235, "dmean2": 1.53100037575, "dvar": 11.5971717834, "dvar2": 26.9961013794, "max": 164.609405518, "mean": 7.22283792496, "median": 4.61094331741, "min": 1.00716304779, "var": 264.070465088}, "pitch_salience": {"dmean": 0.0347126126289, "dmean2": 0.0553089901805, "dvar": 0.00183590268716, "dvar2": 0.00452040554956, "max": 0.908379852772, "mean": 0.481882512569, "median": 0.479644447565, "min": 0.15927760303, "var": 0.0143186775967}, "silence_rate_20dB": {"dmean": 0, "dmean2": 0, "dvar": 0, "dvar2": 0, "max": 1, "mean": 1, "median": 1, "min": 1, "var": 0}, "silence_rate_30dB": {"dmean": 0.00173913047183, "dmean2": 0.00347977387719, "dvar": 0.00173612625804, "dvar2": 0.00346760894172, "max": 1, "mean": 0.99782705307, "median": 1, "min": 0, "var": 0.00216826517135}, "silence_rate_60dB": {"dmean": 0.0113043477759, "dmean2": 0.0226185303181, "dvar": 0.0111765675247, "dvar2": 0.0229765363038, "max": 1, "mean": 0.159061282873, "median": 0, "min": 0, "var": 0.133760467172}, "spectral_centroid": {"dmean": 22.437456131, "dmean2": 33.202129364, "dvar": 25709.3144531, "dvar2": 29266.9746094, "max": 10666.4101562, "mean": 482.934051514, "median": 412.703704834, "min": 181.077224731, "var": 251112.921875}, "spectral_complexity": {"dmean": 0.733913064003, "dmean2": 1.24401915073, "dvar": 1.12222599983, "dvar2": 2.15313315392, "max": 17, "mean": 7.37766170502, "median": 8, "min": 0, "var": 11.5387887955}, "spectral_decrease": {"dmean": 8.69129546111e-10, "dmean2": 1.24350030273e-09, "dvar": 2.65971571442e-18, "dvar2": 5.24343586443e-18, "max": -6.21379328918e-29, "mean": -5.20559062522e-09, "median": -4.19155199438e-09, "min": -3.01330587149e-08, "var": 2.33785609848e-17}, "spectral_energy": {"dmean": 0.00341516360641, "dmean2": 0.00488065229729, "dvar": 4.14770911448e-05, "dvar2": 8.13372171251e-05, "max": 0.119595319033, "mean": 0.0204065106809, "median": 0.0163561608642, "min": 1.07342161803e-20, "var": 0.000362915132428}, "spectral_energyband_high": {"dmean": 1.03128883211e-08, "dmean2": 1.68931144628e-08, "dvar": 4.37274141575e-16, "dvar2": 1.00258853631e-15, "max": 3.65735246532e-07, "mean": 2.9235490473e-08, "median": 1.72402607745e-08, "min": 7.66671785289e-21, "var": 9.60848658498e-16}, "spectral_energyband_low": {"dmean": 0.000614188902546, "dmean2": 0.000989397522062, "dvar": 3.60280114364e-06, "dvar2": 1.04157898022e-05, "max": 0.0467727184296, "mean": 0.00271707377397, "median": 0.00113022676669, "min": 1.24776464407e-22, "var": 1.49821917148e-05}, "spectral_energyband_middle_high": {"dmean": 0.000223144787014, "dmean2": 0.000268980918918, "dvar": 4.08805419738e-07, "dvar2": 6.71672921726e-07, "max": 0.0144076822326, "mean": 0.000928374181967, "median": 0.000416358612711, "min": 1.79707532627e-21, "var": 2.02693718165e-06}, "spectral_energyband_middle_low": {"dmean": 0.00309796142392, "dmean2": 0.00436914805323, "dvar": 3.28939895553e-05, "dvar2": 6.44080282655e-05, "max": 0.102632462978, "mean": 0.017456728965, "median": 0.0132895046845, "min": 2.05836756558e-22, "var": 0.000292305601761}, "spectral_entropy": {"dmean": 0.11194614321, "dmean2": 0.178157642484, "dvar": 0.0317131839693, "dvar2": 0.0698523968458, "max": 9.807097435, "mean": 5.18463611603, "median": 5.08015155792, "min": 4.19718599319, "var": 0.466986626387}, "spectral_flux": {"dmean": 0.0111445430666, "dmean2": 0.0174747277051, "dvar": 0.000437789218267, "dvar2": 0.00104826805182, "max": 0.228560134768, "mean": 0.025725338608, "median": 0.0180829875171, "min": 1.0360606123e-10, "var": 0.000752144900616}, "spectral_kurtosis": {"dmean": 37.7621231079, "dmean2": 65.9460372925, "dvar": 1443.49768066, "dvar2": 4110.7734375, "max": 408.769195557, "mean": 173.533340454, "median": 177.874420166, "min": -1.17236661911, "var": 5693.02148438}, "spectral_rms": {"dmean": 0.000333837175276, "dmean2": 0.000477054272778, "dvar": 2.93972192367e-07, "dvar2": 5.43906367056e-07, "max": 0.0108017763123, "mean": 0.00390568678267, "median": 0.00399465020746, "min": 3.23610973088e-12, "var": 4.65439188702e-06}, "spectral_rolloff": {"dmean": 51.7263031006, "dmean2": 90.188041687, "dvar": 161680.640625, "dvar2": 310394.59375, "max": 18540.0878906, "mean": 827.133178711, "median": 452.197265625, "min": 107.666015625, "var": 5634196.5}, "spectral_skewness": {"dmean": 1.57989680767, "dmean2": 2.76813960075, "dvar": 2.46439242363, "dvar2": 6.66046190262, "max": 16.6739521027, "mean": 9.7638130188, "median": 10.2795801163, "min": 0.0489776395261, "var": 9.12971401215}, "spectral_spread": {"dmean": 301229.6875, "dmean2": 524822.25, "dvar": 544300924928, "dvar2": 806508888064, "max": 40486956, "mean": 1120072.375, "median": 675139.625, "min": 211439.328125, "var": 3525691047940.0}, "spectral_strongpeak": {"dmean": 0.237473547459, "dmean2": 0.378993749619, "dvar": 0.140184447169, "dvar2": 0.335686326027, "max": 5.46482419968, "mean": 1.25956344604, "median": 1.08574128151, "min": 2.56850696267e-09, "var": 0.917309880257}, "zerocrossingrate": {"dmean": 0.00207434617914, "dmean2": 0.00266441423446, "dvar": 9.11365059437e-05, "dvar2": 0.000162781041581, "max": 0.50146484375, "mean": 0.0291027091444, "median": 0.01953125, "min": 0.00390625, "var": 0.00388332945295}, "barkbands": {"dmean": [3.17498489721e-07, 0.000174566885107, 0.000394969363697, 0.000232011603657, 0.000179187583853, 0.00128431245685, 0.00143341638613, 0.000793574145064, 7.64336364227e-05, 5.71578420931e-05, 0.000109402331873, 3.04253790091e-05, 1.54668505274e-05, 1.34566325869e-05, 2.11225815292e-05, 1.31709493871e-05, 2.17425304072e-06, 7.70535507399e-07, 1.9928178574e-07, 2.26674039538e-08, 3.88605903012e-09, 1.06249986587e-09, 8.22384327304e-10, 8.06685829247e-10, 8.03069388766e-10, 8.37233393725e-10, 9.56016821263e-10], "dmean2": [5.61733145332e-07, 0.00026087887818, 0.000667474290822, 0.000366028689314, 0.000276959122857, 0.0020413370803, 0.00186324445531, 0.00119229173288, 9.16730059544e-05, 7.68338795751e-05, 0.000131630498799, 4.69984370284e-05, 1.76872108568e-05, 1.76902012754e-05, 2.88711689791e-05, 1.83228694368e-05, 3.03422507386e-06, 1.04424498204e-06, 2.99499447465e-07, 3.31106626561e-08, 5.75710146222e-09, 1.87171256272e-09, 1.47080558843e-09, 1.45750056468e-09, 1.44142386915e-09, 1.49776224756e-09, 1.68893921071e-09], "dvar": [5.12537657715e-13, 1.63514584983e-07, 2.16717626245e-06, 3.19120971426e-07, 1.77131582291e-07, 5.77218042963e-06, 9.8542914202e-06, 7.87792941992e-06, 8.11735390016e-08, 5.26079269036e-08, 1.54089264015e-07, 1.49497285662e-08, 2.24051954767e-09, 2.58430432609e-09, 5.89006043938e-09, 3.14716874783e-09, 2.06197989239e-10, 4.21648653492e-11, 6.50214561013e-12, 8.13335943733e-14, 9.26871162663e-17, 2.8043879492e-18, 1.52420714746e-18, 1.37789109801e-18, 1.22046425518e-18, 1.20713796192e-18, 1.40474655057e-18], "dvar2": [1.64798242327e-12, 3.36087992991e-07, 6.75380670145e-06, 7.88611316693e-07, 4.07358811572e-07, 1.44708910739e-05, 1.50935329657e-05, 1.68402930285e-05, 1.27541994743e-07, 9.46542684233e-08, 2.15645741264e-07, 3.72237245472e-08, 3.54892981669e-09, 4.99455721226e-09, 1.37356073182e-08, 5.85312065482e-09, 4.97283492162e-10, 9.92920051734e-11, 1.63308394585e-11, 1.81582721949e-13, 1.88530396408e-16, 8.04043874512e-18, 4.67724562439e-18, 4.25748703228e-18, 3.79321743783e-18, 3.76158853274e-18, 4.35314343909e-18], "max": [1.76017128979e-05, 0.00918926484883, 0.0367003455758, 0.0120461378247, 0.0121704405174, 0.0575940720737, 0.0702707916498, 0.0689980015159, 0.00636183237657, 0.00439763953909, 0.010416074656, 0.00273359939456, 0.000852690427564, 0.00112190889195, 0.00117388356011, 0.00177820422687, 0.000510685145855, 0.00017846377159, 0.000106382758531, 1.19658516269e-05, 1.76624581627e-07, 1.89307396425e-08, 1.57777950704e-08, 1.48320431492e-08, 1.50188199655e-08, 1.49964609619e-08, 1.57571946602e-08], "mean": [5.77528169288e-07, 0.000798640481662, 0.00125387415756, 0.00105755461846, 0.000853565928992, 0.00622043758631, 0.00649543758482, 0.00252246879973, 0.00023845108808, 0.000246282346779, 0.000410820328398, 0.00010673727229, 5.80174782954e-05, 4.24918507633e-05, 6.11873256275e-05, 3.30804869009e-05, 4.98909503222e-06, 1.36890628255e-06, 4.60473756903e-07, 4.37159677347e-08, 8.08047406764e-09, 1.83294823763e-09, 1.58696511487e-09, 1.82541515237e-09, 2.37008501713e-09, 3.12229975208e-09, 3.91562116064e-09], "median": [1.15652603938e-07, 0.000288700335659, 0.00035001305514, 0.000321339903167, 0.000304590939777, 0.00391368521377, 0.00272059859708, 9.70769833657e-05, 3.38207210007e-05, 7.84176882007e-05, 7.09997839294e-05, 2.56704570347e-05, 1.12036104838e-05, 1.06747229438e-05, 8.46362854645e-06, 5.13365648658e-06, 6.18839067101e-07, 6.00228275971e-08, 2.49894185345e-08, 5.36050936972e-09, 1.91046067854e-09, 1.17061393912e-09, 1.23836152444e-09, 1.5210048776e-09, 2.11956674434e-09, 2.88726265119e-09, 3.71451958081e-09], "min": [2.69710123545e-23, 6.09400476646e-23, 3.65492510252e-23, 2.83124565188e-24, 2.01115370398e-23, 4.59507375215e-23, 2.47907554293e-23, 6.10938313649e-23, 4.15324474982e-23, 4.07178634165e-23, 3.86264290737e-23, 5.13398723499e-23, 1.65912190601e-22, 1.07968413359e-22, 1.30566476259e-22, 1.68727389047e-22, 2.25391116407e-22, 2.71026252769e-22, 3.50428169971e-22, 3.50803541544e-22, 3.8342810228e-22, 5.47512079334e-22, 7.77226759347e-22, 1.00489661092e-21, 1.24878241348e-21, 1.31693787523e-21, 2.48832063932e-21], "var": [1.67904915232e-12, 1.58057503086e-06, 6.01052715865e-06, 3.26007375406e-06, 2.09476343116e-06, 5.21823421877e-05, 9.72746565822e-05, 4.38780080003e-05, 3.71062895965e-07, 2.83540913415e-07, 8.94796414741e-07, 4.35898677154e-08, 1.3991865444e-08, 7.62760876682e-09, 1.77965642223e-08, 1.06185300552e-08, 3.38525596444e-10, 7.27717400228e-11, 1.30810423257e-11, 1.32801864124e-13, 2.61907087154e-16, 3.36553466225e-18, 1.32282123854e-18, 1.12906348583e-18, 1.02869059856e-18, 1.01606244574e-18, 1.23442913187e-18]}, "erbbands": {"dmean": [0.00226602237672, 0.0517827533185, 0.34989592433, 0.699985325336, 0.610737383366, 0.587503612041, 2.77069425583, 12.5533504486, 14.8853359222, 34.4510993958, 5.62915563583, 1.34905564785, 1.89286255836, 2.48999881744, 4.18582439423, 1.50138711929, 0.872243225574, 0.644447386265, 0.640622496605, 1.40544569492, 0.478854238987, 0.120901845396, 0.0487164966762, 0.0350933335721, 0.00425059953704, 0.000732179847546, 0.000222001908696, 9.45278807194e-05, 3.96045070374e-05, 2.93606899504e-05, 2.32780639635e-05, 1.83074007509e-05, 1.35994068842e-05, 9.79287506198e-06, 6.43861812932e-06, 4.07925426771e-06, 2.07966604648e-06, 6.67931203679e-07, 1.62732101217e-06, 3.82293683288e-06], "dmean2": [0.00338508118875, 0.0786746814847, 0.580389142036, 1.13078200817, 0.948673546314, 0.927090227604, 4.12185573578, 20.5270023346, 22.5235691071, 45.9538955688, 8.09397983551, 1.73485004902, 2.21153759956, 3.11085939407, 4.97463464737, 2.22498726845, 1.01920580864, 0.848071813583, 0.768140494823, 2.0159907341, 0.713861763477, 0.172818556428, 0.0682377070189, 0.049080863595, 0.005944092758, 0.00101359887049, 0.000327552348608, 0.000144717050716, 6.91268141964e-05, 5.20622634212e-05, 4.13080560975e-05, 3.25797118421e-05, 2.40476820181e-05, 1.71142073668e-05, 1.09473512566e-05, 6.83606549501e-06, 3.41684381056e-06, 1.13911175958e-06, 2.31608373724e-06, 5.45491275261e-06], "dvar": [3.42097373505e-05, 0.0146581167355, 1.50691270828, 4.07751607895, 2.08022332191, 1.78732573986, 36.961605072, 590.603942871, 630.778198242, 10764.7265625, 362.851409912, 16.458896637, 37.2321586609, 75.7439117432, 270.541778564, 36.519367218, 6.58428382874, 6.37972640991, 5.37851524353, 38.7517204285, 3.72220492363, 0.451608985662, 0.153372049332, 0.0788631886244, 0.00128022255376, 3.90934837924e-05, 4.77401272292e-07, 5.23744567715e-08, 3.95127131014e-09, 2.0570798398e-09, 1.18795584481e-09, 6.84084788816e-10, 3.56015078529e-10, 1.65138028252e-10, 6.95149632302e-11, 2.64716287085e-11, 6.93557971471e-12, 6.44016849398e-13, 9.4038605028e-12, 5.25835867904e-11], "dvar2": [6.84121623635e-05, 0.0316762290895, 4.56124973297, 11.3141174316, 4.73430919647, 3.85887074471, 90.9488220215, 1490.09008789, 1424.95275879, 21351.4863281, 714.274169922, 30.7208900452, 53.4998207092, 125.518157959, 376.401855469, 89.4073638916, 11.0812101364, 12.430721283, 8.93527984619, 94.8175964355, 8.16361236572, 1.03754675388, 0.381708234549, 0.190247267485, 0.00294104381464, 8.5805724666e-05, 1.04643811483e-06, 1.15812206047e-07, 1.11056426277e-08, 6.02799543614e-09, 3.57584961641e-09, 2.07469774693e-09, 1.06549924439e-09, 4.82779372035e-10, 1.95676044812e-10, 6.95171212262e-11, 1.66952111857e-11, 1.75838868206e-12, 1.80277338196e-11, 1.02472585972e-10], "max": [0.197456941009, 2.34188842773, 30.6806316376, 43.1444358826, 36.8221664429, 49.1184425354, 233.390838623, 474.283508301, 377.369384766, 1882.75158691, 486.281219482, 77.9336090088, 132.585296631, 161.923080444, 509.658477783, 138.438430786, 44.0078582764, 56.7459640503, 50.236328125, 129.27456665, 64.0142211914, 20.6737155914, 13.2144899368, 8.05904483795, 1.20467114449, 0.258120626211, 0.0177939273417, 0.00307277520187, 0.000734288594685, 0.00058432505466, 0.000463501753984, 0.000354870979208, 0.000269087584456, 0.000195630156668, 0.000138873336255, 9.03780382941e-05, 4.99933303217e-05, 1.26756158352e-05, 5.88297734794e-05, 0.000135530921398], "mean": [0.00987087842077, 0.233771041036, 1.17400276661, 3.05139660835, 2.8349442482, 2.97118902206, 18.052324295, 54.1014137268, 65.0215759277, 141.837356567, 21.3815174103, 4.40910816193, 7.77643489838, 10.5019226074, 15.5236377716, 5.70889139175, 3.33690595627, 1.96732783318, 2.76301050186, 3.25128293037, 1.23630738258, 0.269730091095, 0.088500328362, 0.0703836604953, 0.00904821418226, 0.00154271500651, 0.000469599064672, 0.000190792619833, 7.86204909673e-05, 6.28109555691e-05, 5.54625876248e-05, 4.92608887726e-05, 4.28478342656e-05, 3.67631801055e-05, 2.9333636121e-05, 2.09461959457e-05, 1.18849911814e-05, 3.38565564562e-06, 1.01900632217e-05, 2.28372537094e-05], "median": [0.00299392919987, 0.0911888331175, 0.455285429955, 0.902195215225, 1.11785554886, 1.20667695999, 6.37495088577, 34.7961730957, 40.4599990845, 23.637298584, 2.26103067398, 1.51764750481, 3.25738072395, 3.11064434052, 3.87397408485, 1.70100986958, 0.929939448833, 0.559634506702, 0.63941270113, 0.482994228601, 0.263900667429, 0.0509223155677, 0.0075804903172, 0.00300818053074, 0.00092537177261, 0.000291287491564, 0.00011595509568, 6.77799689583e-05, 5.10363061039e-05, 4.73026011605e-05, 4.46211197414e-05, 4.14617097704e-05, 3.64281586371e-05, 3.18423626595e-05, 2.57270967268e-05, 1.84295204235e-05, 1.04624796222e-05, 3.06148967866e-06, 8.2525812104e-06, 1.82307139767e-05], "min": [3.12178710387e-21, 9.03941196252e-21, 3.77443805978e-20, 2.64739235827e-20, 5.04606636975e-20, 6.33339366301e-20, 7.86207771874e-20, 3.97748298281e-19, 6.07078243009e-19, 4.48200938973e-19, 1.43591947234e-18, 1.17172087982e-18, 1.01168852146e-18, 1.36233762095e-18, 2.01241069595e-18, 2.77761004482e-18, 5.00093091066e-18, 7.31015324234e-18, 4.80134670451e-18, 1.00089275981e-17, 1.07939815564e-17, 1.19420023675e-17, 1.09906784886e-17, 1.71024620903e-17, 2.25048630434e-17, 1.44165685911e-17, 1.38018881963e-17, 1.74094751378e-17, 1.77684996478e-17, 2.12491019575e-17, 2.49268776554e-17, 2.47082389303e-17, 1.42157208665e-17, 1.16625427063e-17, 9.86891900762e-18, 5.44126727486e-18, 2.54643229556e-18, 1.20908648925e-18, 3.64820435294e-19, 3.29282022605e-20], "var": [0.000306809233734, 0.125647112727, 4.40708875656, 27.7924785614, 20.8474445343, 29.3070983887, 739.495117188, 3750.30200195, 4603.76269531, 74746.34375, 2431.39648438, 62.87317276, 195.858352661, 428.079040527, 1402.55041504, 116.039848328, 38.762172699, 17.5550804138, 31.1678543091, 97.7766342163, 10.3574476242, 0.783812463284, 0.223682224751, 0.14823462069, 0.00226193387061, 6.82099489495e-05, 9.44094949773e-07, 1.24045641314e-07, 5.76041880862e-09, 2.50003662217e-09, 1.39947864408e-09, 8.68211336158e-10, 5.53051660024e-10, 3.5409894461e-10, 2.20343007729e-10, 1.21067947334e-10, 4.12198365718e-11, 1.97937846669e-12, 8.26523155473e-11, 4.57780841012e-10]}, "gfcc": {"mean": [-256.456756592, 243.727432251, -77.7160568237, -66.6296005249, -21.0430908203, -15.9837150574, -40.9938583374, -11.440826416, -2.94148015976, -4.63808441162, 0.116505712271, -1.6281478405, -0.564957380295], "cov": [[12225.8271484, 5586.2421875, -2612.5300293, -1870.60070801, 1597.28137207, -1031.44335938, -633.176269531, -248.09173584, 597.470153809, -224.292358398, 501.856628418, -103.762672424, 423.826660156], [5586.2421875, 3390.28735352, -473.885314941, -866.575012207, 652.974487305, -269.774902344, -268.280273438, -221.087890625, 265.218963623, -128.82208252, 171.447463989, -74.4745788574, 179.875183105], [-2612.5300293, -473.885314941, 1538.20019531, 608.894348145, -507.401855469, 399.206329346, 262.519012451, -18.2400722504, -198.416015625, 36.6217308044, -147.631484985, -54.0212631226, -170.721206665], [-1870.60070801, -866.575012207, 608.894348145, 559.880432129, -193.870681763, 189.095794678, 181.784729004, 76.5356521606, -129.415481567, 33.3705596924, -97.4544448853, -15.783624649, -94.2310943604], [1597.28137207, 652.974487305, -507.401855469, -193.870681763, 439.634979248, -78.3005828857, -133.006225586, -32.5348815918, 119.969741821, -61.5444908142, 30.2555904388, 18.8533916473, 121.818435669], [-1031.44335938, -269.774902344, 399.206329346, 189.095794678, -78.3005828857, 275.36026001, 63.0703277588, -75.6452407837, -60.1352043152, 29.1428260803, -86.2966690063, 28.0310993195, 14.6511669159], [-633.176269531, -268.280273438, 262.519012451, 181.784729004, -133.006225586, 63.0703277588, 184.788330078, 109.129966736, -41.4566841125, 42.2353477478, 9.65457344055, -34.5083236694, -77.252456665], [-248.09173584, -221.087890625, -18.2400722504, 76.5356521606, -32.5348815918, -75.6452407837, 109.129966736, 280.686798096, 90.2335128784, -24.8147239685, 2.25044512749, -31.1339702606, -103.169219971], [597.470153809, 265.218963623, -198.416015625, -129.415481567, 119.969741821, -60.1352043152, -41.4566841125, 90.2335128784, 135.684188843, -19.1759414673, 10.0274362564, 5.01864051819, 14.4980316162], [-224.292358398, -128.82208252, 36.6217308044, 33.3705596924, -61.5444908142, 29.1428260803, 42.2353477478, -24.8147239685, -19.1759414673, 89.9817581177, 53.9050521851, 16.7732410431, -0.123060584068], [501.856628418, 171.447463989, -147.631484985, -97.4544448853, 30.2555904388, -86.2966690063, 9.65457344055, 2.25044512749, 10.0274362564, 53.9050521851, 133.135864258, 24.2069568634, 3.01272654533], [-103.762672424, -74.4745788574, -54.0212631226, -15.783624649, 18.8533916473, 28.0310993195, -34.5083236694, -31.1339702606, 5.01864051819, 16.7732410431, 24.2069568634, 69.3963241577, 51.8706817627], [423.826660156, 179.875183105, -170.721206665, -94.2310943604, 121.818435669, 14.6511669159, -77.252456665, -103.169219971, 14.4980316162, -0.123060584068, 3.01272654533, 51.8706817627, 129.631149292]], "icov": [[0.00270895659924, -0.00442860927433, 0.00484194187447, -0.00439579505473, 0.00237343553454, 0.000635920034256, -0.00121495290659, 0.00280594779179, -0.00353127671406, 0.0040784352459, -0.00445132283494, 0.00357961794361, -0.00125366111752], [-0.00442860927433, 0.00924160517752, -0.0107154324651, 0.0112260971218, -0.00830721016973, 0.00229647615924, -0.00099663506262, -0.00202244753018, 0.00421240692958, -0.00697132991627, 0.0081723863259, -0.00616334378719, 0.00284613552503], [0.00484194187447, -0.0107154324651, 0.0170513130724, -0.0189259685576, 0.016964321956, -0.00978645309806, 0.00200045993552, 0.00618723547086, -0.0123623721302, 0.0182823315263, -0.0188612304628, 0.0146079622209, -0.00498977862298], [-0.00439579505473, 0.0112260971218, -0.0189259685576, 0.028544684872, -0.0238167885691, 0.0135157015175, -0.0075323395431, -0.00825930759311, 0.0209984015673, -0.0263669583946, 0.029828839004, -0.0224862247705, 0.010341851972], [0.00237343553454, -0.00830721016973, 0.016964321956, -0.0238167885691, 0.0293917004019, -0.0197026319802, 0.0114126149565, 0.00257099745795, -0.0181050729007, 0.0279008373618, -0.0315773971379, 0.0264170709997, -0.0155354402959], [0.000635920034256, 0.00229647615924, -0.00978645309806, 0.0135157015175, -0.0197026319802, 0.0321662612259, -0.0239307284355, 0.0133451586589, 0.00121113378555, -0.0188731011003, 0.0338162854314, -0.0334940291941, 0.0153729664162], [-0.00121495290659, -0.00099663506262, 0.00200045993552, -0.0075323395431, 0.0114126149565, -0.0239307284355, 0.0439851805568, -0.0314987152815, 0.0186457689852, -0.00453640241176, -0.0234470684081, 0.0336792245507, -0.0193831399083], [0.00280594779179, -0.00202244753018, 0.00618723547086, -0.00825930759311, 0.00257099745795, 0.0133451586589, -0.0314987152815, 0.0427160002291, -0.0393526107073, 0.023988103494, -0.00248099979945, -0.011915420182, 0.0163270197809], [-0.00353127671406, 0.00421240692958, -0.0123623721302, 0.0209984015673, -0.0181050729007, 0.00121113378555, 0.0186457689852, -0.0393526107073, 0.0578956492245, -0.0398056730628, 0.0280034895986, -0.0136269517243, -0.000358198740287], [0.0040784352459, -0.00697132991627, 0.0182823315263, -0.0263669583946, 0.0279008373618, -0.0188731011003, -0.00453640241176, 0.023988103494, -0.0398056730628, 0.0648906603456, -0.0526294261217, 0.0306542478502, -0.0129778450355], [-0.00445132283494, 0.0081723863259, -0.0188612304628, 0.029828839004, -0.0315773971379, 0.0338162854314, -0.0234470684081, -0.00248099979945, 0.0280034895986, -0.0526294261217, 0.0751913785934, -0.0612495429814, 0.0295405779034], [0.00357961794361, -0.00616334378719, 0.0146079622209, -0.0224862247705, 0.0264170709997, -0.0334940291941, 0.0336792245507, -0.011915420182, -0.0136269517243, 0.0306542478502, -0.0612495429814, 0.0825796425343, -0.0407770574093], [-0.00125366111752, 0.00284613552503, -0.00498977862298, 0.010341851972, -0.0155354402959, 0.0153729664162, -0.0193831399083, 0.0163270197809, -0.000358198740287, -0.0129778450355, 0.0295405779034, -0.0407770574093, 0.0387723408639]]}, "melbands": {"dmean": [3.50187910954e-05, 0.000144450445077, 0.000114350550575, 3.96836112486e-05, 8.06486641522e-05, 0.00027909403434, 0.000238854700001, 0.000345765729435, 2.37041367654e-05, 9.62780359259e-06, 9.64669106907e-06, 9.69838310994e-06, 1.59094834089e-05, 5.09915298608e-06, 2.5731255846e-06, 1.14194062917e-06, 1.35239258725e-06, 9.4612664725e-07, 1.58709099196e-06, 1.50946482336e-06, 4.20717668703e-07, 1.08904089302e-07, 8.00776831511e-08, 4.4157395962e-08, 2.862708115e-08, 2.37559794058e-09, 1.65357993964e-09, 2.2303864311e-10, 1.5553716648e-10, 9.37566413395e-11, 4.08952906261e-11, 2.30803657436e-11, 1.91517253445e-11, 1.5741489709e-11, 1.39104604571e-11, 1.24195549678e-11, 1.11464136532e-11, 9.87860574592e-12, 8.85444235293e-12, 8.22804064465e-12], "dmean2": [5.20785688423e-05, 0.000235332205193, 0.000183680880582, 6.1273247411e-05, 0.000118828109407, 0.000450705643743, 0.000344261934515, 0.00046941061737, 3.48549656337e-05, 1.19930118672e-05, 1.13373380373e-05, 1.23122081277e-05, 1.9390045054e-05, 6.89872967996e-06, 3.4452248201e-06, 1.35835068704e-06, 1.80428924068e-06, 1.13338887786e-06, 2.12636336983e-06, 2.16146759158e-06, 6.64364449676e-07, 1.49934862748e-07, 1.18632328849e-07, 5.98501372906e-08, 4.06346067905e-08, 3.47560802361e-09, 2.32432695313e-09, 3.38498368224e-10, 2.33608826727e-10, 1.34519256845e-10, 6.69938063358e-11, 4.09390438216e-11, 3.37155164898e-11, 2.81322101031e-11, 2.47697227312e-11, 2.22056730642e-11, 2.00534189948e-11, 1.76902173465e-11, 1.58864275901e-11, 1.47679299345e-11], "dvar": [7.17063741718e-09, 2.20839311282e-07, 9.47231413306e-08, 8.75977690384e-09, 3.10694865391e-08, 2.80310729295e-07, 1.5960316091e-07, 1.09953907668e-06, 8.81393980023e-09, 1.16858700494e-09, 9.99344718089e-10, 1.40807454585e-09, 3.25919091715e-09, 4.36084029998e-10, 7.71552474688e-11, 1.12941383676e-11, 3.20895914008e-11, 1.05406803078e-11, 3.44531417285e-11, 5.05936473272e-11, 2.88646407123e-12, 3.50468270941e-13, 8.85918183431e-13, 1.59315784306e-13, 5.82970764761e-14, 3.43604288419e-16, 3.37380740309e-16, 5.20398555306e-19, 2.42371984489e-19, 5.92998801803e-20, 9.75554600122e-21, 1.35124204074e-21, 9.38271716028e-22, 5.37561375254e-22, 4.03090832685e-22, 3.00833810146e-22, 2.33998888926e-22, 1.77313982228e-22, 1.35347490838e-22, 1.05333100443e-22], "dvar2": [1.45847822708e-08, 6.55297924368e-07, 2.60963901155e-07, 1.87623907522e-08, 7.52147499838e-08, 6.99346685451e-07, 3.13396384399e-07, 2.2567041924e-06, 1.6383609136e-08, 1.95973903772e-09, 1.46206069473e-09, 2.37902608724e-09, 4.7063952735e-09, 7.75577602141e-10, 1.79973452807e-10, 1.90349541684e-11, 6.24026524898e-11, 1.73972884709e-11, 7.52590698094e-11, 1.12266813901e-10, 7.58671424295e-12, 7.23531748837e-13, 2.25891419285e-12, 3.77192905816e-13, 1.42028871845e-13, 7.54893444406e-16, 7.3912619079e-16, 1.20952272362e-18, 5.60331474859e-19, 1.13635151571e-19, 2.44212522744e-20, 3.9188897249e-21, 2.64730996333e-21, 1.64347398536e-21, 1.22862099676e-21, 9.26570220366e-22, 7.24754003851e-22, 5.49158615059e-22, 4.14238030499e-22, 3.26039165623e-22], "max": [0.00231644627638, 0.0116588696837, 0.00669569894671, 0.00351075199433, 0.00703938025981, 0.0107255997136, 0.00683517102152, 0.0187224410474, 0.0024782626424, 0.000746110395994, 0.000676838390063, 0.000715146539733, 0.00154422514606, 0.000622181338258, 0.000178492380655, 5.76145903324e-05, 0.000129400475998, 7.70165643189e-05, 0.000102929385321, 0.000154399807798, 4.65649100079e-05, 1.28170486278e-05, 3.67928187188e-05, 1.10379096441e-05, 8.09590255813e-06, 4.30692182363e-07, 7.57914222049e-07, 1.52161199196e-08, 1.05870485712e-08, 3.59485774482e-09, 1.48745737949e-09, 4.92720975132e-10, 5.51331591492e-10, 2.96637880925e-10, 2.59701593563e-10, 2.15874332299e-10, 1.92883181649e-10, 1.70967046076e-10, 1.51453252717e-10, 1.35189248684e-10], "mean": [0.000158202732564, 0.000533603597432, 0.000518218032084, 0.000194676438696, 0.000542961352039, 0.00125996163115, 0.0010752271628, 0.00137607567012, 8.39216518216e-05, 2.98973372992e-05, 3.89759225072e-05, 4.01829893235e-05, 6.09885937592e-05, 1.6929987396e-05, 9.84482812783e-06, 4.18605441155e-06, 3.96563973482e-06, 4.1716252781e-06, 4.38236747868e-06, 3.37755523105e-06, 1.10204427983e-06, 2.49018114573e-07, 1.36039417953e-07, 7.63827472383e-08, 5.91031117381e-08, 4.61357307913e-09, 3.31159855094e-09, 3.95786986518e-10, 2.71108635541e-10, 1.97551572323e-10, 6.39711061901e-11, 3.75075213943e-11, 3.24748214431e-11, 2.79623980221e-11, 2.5918456617e-11, 2.43638997866e-11, 2.26854195151e-11, 2.14806401833e-11, 2.09127958006e-11, 2.06989321516e-11], "median": [5.39834145457e-05, 0.000239106011577, 0.00019196854555, 7.07035505911e-05, 0.000203462885111, 0.000806968309917, 0.00063295988366, 0.000176925648702, 8.18521493784e-06, 6.44492683932e-06, 1.59584142239e-05, 9.79130709311e-06, 1.26125114548e-05, 3.63447429663e-06, 3.12882093567e-06, 9.38713867527e-07, 8.68412655564e-07, 1.02158946902e-06, 6.86983696596e-07, 3.29141471411e-07, 2.16765499772e-07, 2.5161003947e-08, 7.03731561913e-09, 1.85276705089e-09, 2.14310502678e-09, 3.78908099341e-10, 3.4431796303e-10, 1.04983390037e-10, 6.04733416121e-11, 4.27623492172e-11, 2.7908234751e-11, 2.42728094568e-11, 2.24315236524e-11, 2.12941157762e-11, 2.0449414731e-11, 1.98664158041e-11, 1.90951802981e-11, 1.8203001606e-11, 1.81402878829e-11, 1.8470332902e-11], "min": [2.34693960581e-23, 1.69021668874e-23, 5.05224191812e-24, 5.06300710846e-24, 2.18256394901e-24, 9.3330086365e-24, 8.67494481367e-24, 6.7188648027e-24, 1.04786831621e-23, 6.90836970252e-24, 4.90757074456e-24, 5.35237824901e-24, 6.69573855641e-24, 5.25911161861e-24, 1.0790956118e-23, 1.38501823743e-23, 1.35978762578e-23, 6.80850306736e-24, 1.21974682907e-23, 1.09122916027e-23, 1.36182036256e-23, 1.2888157034e-23, 8.44871212783e-24, 1.44442088354e-23, 1.37837129544e-23, 1.32470445697e-23, 1.83521216302e-23, 7.33773486032e-24, 7.3846373743e-24, 1.00632027451e-23, 1.01264047031e-23, 1.01157148489e-23, 1.06359922818e-23, 1.2532850138e-23, 1.5072374041e-23, 1.25933605026e-23, 1.54191162742e-23, 9.98014594694e-24, 8.7455194657e-24, 1.00637170824e-23], "var": [6.49277822617e-08, 6.97383200077e-07, 6.21994672656e-07, 1.33472227049e-07, 6.72534952173e-07, 2.01507077691e-06, 1.36647429372e-06, 7.2024677138e-06, 6.28870466812e-08, 4.92316765133e-09, 5.16827114438e-09, 7.8558741734e-09, 1.88251654265e-08, 1.75299486038e-09, 2.70783728773e-10, 6.56831047885e-11, 8.80553963079e-11, 6.36342090132e-11, 1.05105618653e-10, 1.42308637097e-10, 7.07153996818e-12, 7.37974460187e-13, 1.18624316099e-12, 2.71208863744e-13, 1.14177981306e-13, 5.59461132376e-16, 5.68090756982e-16, 8.73802786623e-19, 3.78092910114e-19, 2.17537308314e-19, 1.25763837552e-20, 1.53807186905e-21, 1.04125146137e-21, 4.91072754502e-22, 3.65142533689e-22, 2.60039174786e-22, 1.99468187807e-22, 1.52699515123e-22, 1.19883103414e-22, 9.47341294031e-23]}, "mfcc": {"mean": [-870.131591797, 244.881118774, 32.9875564575, -23.2860889435, 9.75753307343, 3.30946826935, -18.548828125, -13.1937513351, -3.74736070633, -6.54552698135, -8.09134101868, 0.989313066006, 12.571513176], "cov": [[5998.16455078, 4322.89160156, -1242.81872559, -1167.8104248, 445.77520752, -107.797958374, -604.396972656, -176.335235596, -44.7439994812, -183.234268188, -199.686447144, -68.9726867676, 240.856491089], [4322.89160156, 3448.38012695, -397.34286499, -791.372375488, 238.245269775, 62.2689399719, -357.1824646, -177.468276978, -30.273651123, -132.2159729, -184.466415405, -70.5372009277, 127.47869873], [-1242.81872559, -397.34286499, 1079.25891113, 451.581298828, -209.96472168, 152.44229126, 260.838043213, 14.0929899216, 11.7937402725, 66.6277236938, 40.0273399353, -0.00168122991454, -119.018981934], [-1167.8104248, -791.372375488, 451.581298828, 498.473846436, -25.9561710358, -59.8707542419, 153.618621826, 122.630897522, 29.7246742249, 87.3081359863, 126.014144897, 35.6775093079, -63.4642944336], [445.77520752, 238.245269775, -209.96472168, -25.9561710358, 221.865264893, 83.9672927856, -62.8048782349, -3.63463187218, 36.1446723938, -18.7478313446, -39.0074653625, -10.8321142197, -1.50060987473], [-107.797958374, 62.2689399719, 152.44229126, -59.8707542419, 83.9672927856, 302.074279785, 77.4072418213, -89.5245666504, 1.68947577477, -48.5211524963, -113.609779358, -33.5238227844, -57.7870445251], [-604.396972656, -357.1824646, 260.838043213, 153.618621826, -62.8048782349, 77.4072418213, 160.68057251, 45.4607582092, -10.362695694, 16.1771697998, 28.5961418152, 12.1268253326, -44.95936203], [-176.335235596, -177.468276978, 14.0929899216, 122.630897522, -3.63463187218, -89.5245666504, 45.4607582092, 129.885665894, 70.3818740845, 59.7202987671, 70.1058044434, 20.7300128937, 4.463098526], [-44.7439994812, -30.273651123, 11.7937402725, 29.7246742249, 36.1446723938, 1.68947577477, -10.362695694, 70.3818740845, 127.532188416, 74.945602417, 2.85129117966, -17.0294570923, 0.109408676624], [-183.234268188, -132.2159729, 66.6277236938, 87.3081359863, -18.7478313446, -48.5211524963, 16.1771697998, 59.7202987671, 74.945602417, 92.8465118408, 60.2039527893, -1.82040035725, -1.55080223083], [-199.686447144, -184.466415405, 40.0273399353, 126.014144897, -39.0074653625, -113.609779358, 28.5961418152, 70.1058044434, 2.85129117966, 60.2039527893, 124.30569458, 61.1262779236, 13.444562912], [-68.9726867676, -70.5372009277, -0.00168122991454, 35.6775093079, -10.8321142197, -33.5238227844, 12.1268253326, 20.7300128937, -17.0294570923, -1.82040035725, 61.1262779236, 81.5764160156, 41.7730369568], [240.856491089, 127.47869873, -119.018981934, -63.4642944336, -1.50060987473, -57.7870445251, -44.95936203, 4.463098526, 0.109408676624, -1.55080223083, 13.444562912, 41.7730369568, 90.8985595703]], "icov": [[113.533210754, -138.384414673, 78.0240936279, 3.70954728127, -85.2836837769, 146.581054688, -175.314529419, 170.148910522, -138.917175293, 95.7459564209, -54.3664512634, 23.53474617, -6.26840400696], [-138.384414673, 171.883529663, -106.932136536, 18.6222019196, 70.2365112305, -138.246322632, 172.179992676, -170.28805542, 140.520248413, -97.5135116577, 55.6336364746, -24.1704998016, 6.45731592178], [78.0240936279, -106.932136536, 97.2476119995, -82.8078384399, 65.7510757446, -48.3806381226, 32.6786727905, -20.0016975403, 10.8572330475, -5.05361127853, 1.90537190437, -0.507896721363, 0.0646856278181], [3.70954728127, 18.6222019196, -82.8078384399, 167.147903442, -246.166275024, 296.670593262, -305.595184326, 273.716827393, -212.816253662, 141.96232605, -78.7490768433, 33.4833335876, -8.78308200836], [-85.2836837769, 70.2365112305, 65.7510757446, -246.166275024, 418.794555664, -535.653198242, 569.032775879, -519.060180664, 408.373474121, -274.68862915, 153.322509766, -65.5304946899, 17.2754402161], [146.581054688, -138.246322632, -48.3806381226, 296.670593262, -535.653198242, 699.947875977, -751.433410645, 689.659606934, -544.78314209, 367.507904053, -205.58694458, 88.0460586548, -23.2569293976], [-175.314529419, 172.179992676, 32.6786727905, -305.595184326, 569.032775879, -751.433410645, 810.915161133, -746.548034668, 590.995788574, -399.369140625, 223.74949646, -95.9819564819, 25.4077148438], [170.148910522, -170.28805542, -20.0016975403, 273.716827393, -519.060180664, 689.659606934, -746.548034668, 688.634033203, -545.941833496, 369.395507812, -207.212509155, 89.0138778687, -23.6076011658], [-138.917175293, 140.520248413, 10.8572330475, -212.816253662, 408.373474121, -544.78314209, 590.995788574, -545.941833496, 433.385284424, -293.622741699, 164.926147461, -70.9731445312, 18.8690929413], [95.7459564209, -97.5135116577, -5.05361127853, 141.96232605, -274.68862915, 367.507904053, -399.369140625, 369.395507812, -293.622741699, 199.253982544, -112.1120224, 48.3663520813, -12.9055557251], [-54.3664512634, 55.6336364746, 1.90537190437, -78.7490768433, 153.322509766, -205.58694458, 223.74949646, -207.212509155, 164.926147461, -112.1120224, 63.2339515686, -27.3634529114, 7.3343706131], [23.53474617, -24.1704998016, -0.507896721363, 33.4833335876, -65.5304946899, 88.0460586548, -95.9819564819, 89.0138778687, -70.9731445312, 48.3663520813, -27.3634529114, 11.9123735428, -3.219632864], [-6.26840400696, 6.45731592178, 0.0646856278181, -8.78308200836, 17.2754402161, -23.2569293976, 25.4077148438, -23.6076011658, 18.8690929413, -12.9055557251, 7.3343706131, -3.219632864, 0.895091533661]]}, "spectral_contrast_coeffs": {"dmean": [0.029456531629, 0.0307783167809, 0.0228317733854, 0.0227285977453, 0.0195035710931, 0.0198892187327], "dmean2": [0.0494904629886, 0.0501079931855, 0.0354179553688, 0.0349488146603, 0.0318284146488, 0.0349440984428], "dvar": [0.000657449592836, 0.00122085190378, 0.000781219976489, 0.000914781587198, 0.000449946557637, 0.000321546220221], "dvar2": [0.00180113606621, 0.00281281676143, 0.00170441309456, 0.00196698820218, 0.000949234701693, 0.000938323151786], "max": [-0.361118137836, -0.314134120941, -0.444668024778, -0.510033011436, -0.559847891331, -0.808889567852], "mean": [-0.637735247612, -0.540866613388, -0.689740240574, -0.687671601772, -0.740379393101, -0.902317762375], "median": [-0.638300061226, -0.523929357529, -0.68935996294, -0.677795529366, -0.727972209454, -0.899768769741], "min": [-0.961769938469, -0.965986847878, -0.968237102032, -0.954922914505, -0.963323891163, -0.960886955261], "var": [0.00535495718941, 0.0136406812817, 0.00594206061214, 0.00793715473264, 0.00748046627268, 0.000480821821839]}, "spectral_contrast_valleys": {"dmean": [0.322523385286, 0.273846894503, 0.253684431314, 0.310338646173, 0.243908852339, 0.485238611698], "dmean2": [0.528477847576, 0.433348447084, 0.396791607141, 0.48307916522, 0.390252023935, 0.855640411377], "dvar": [0.136106625199, 0.174013018608, 0.169492736459, 0.289516448975, 0.158896878362, 0.260817050934], "dvar2": [0.251009345055, 0.272345304489, 0.254821926355, 0.503941297531, 0.243369117379, 0.665975809097], "max": [-5.82728481293, -5.41409683228, -6.28331422806, -7.43264293671, -9.51907348633, -12.1773891449], "mean": [-8.48538208008, -7.94005250931, -9.14834976196, -10.9420776367, -12.6