{"lowlevel": {"average_loudness": 0.764869511127, "barkbands_crest": {"dmean": 1.65915858746, "dmean2": 2.54646110535, "dvar": 3.62015724182, "dvar2": 8.49627304077, "max": 26.5800991058, "mean": 13.7131690979, "median": 12.9023504257, "min": 3.40008163452, "var": 24.2206020355}, "barkbands_flatness_db": {"dmean": 0.0211057979614, "dmean2": 0.0316325314343, "dvar": 0.000716010748874, "dvar2": 0.00145561352838, "max": 0.505687594414, "mean": 0.309709221125, "median": 0.30810469389, "min": 0.0773549899459, "var": 0.00496724387631}, "barkbands_kurtosis": {"dmean": 2.29780650139, "dmean2": 3.49534320831, "dvar": 23.5382423401, "dvar2": 55.8970870972, "max": 149.863464355, "mean": 7.33719205856, "median": 3.97237920761, "min": -1.70399677753, "var": 147.46736145}, "barkbands_skewness": {"dmean": 0.479380011559, "dmean2": 0.718477904797, "dvar": 0.347845137119, "dvar2": 0.769257605076, "max": 7.49945020676, "mean": 0.948509514332, "median": 0.983689248562, "min": -2.62108254433, "var": 1.35395729542}, "barkbands_spread": {"dmean": 1.24651777744, "dmean2": 1.86824011803, "dvar": 7.40562152863, "dvar2": 18.6386165619, "max": 79.2680206299, "mean": 5.7134141922, "median": 4.94409179688, "min": 0.203517332673, "var": 19.5499362946}, "dissonance": {"dmean": 0.0406425707042, "dmean2": 0.06809489429, "dvar": 0.00160244130529, "dvar2": 0.00432770978659, "max": 0.499562382698, "mean": 0.353642761707, "median": 0.363317370415, "min": 0.142290025949, "var": 0.00572456466034}, "dynamic_complexity": 6.46108579636, "erbbands_crest": {"dmean": 2.02302360535, "dmean2": 2.98331165314, "dvar": 5.69917201996, "dvar2": 11.7762565613, "max": 33.942527771, "mean": 15.2500238419, "median": 14.1753387451, "min": 3.30732584, "var": 39.8557395935}, "erbbands_flatness_db": {"dmean": 0.0175577420741, "dmean2": 0.0248101651669, "dvar": 0.000544901180547, "dvar2": 0.00103817693889, "max": 0.519154250622, "mean": 0.348267316818, "median": 0.344812303782, "min": 0.0391632243991, "var": 0.00533800618723}, "erbbands_kurtosis": {"dmean": 1.34696137905, "dmean2": 1.81222689152, "dvar": 5.40099525452, "dvar2": 9.7472114563, "max": 60.7821731567, "mean": 4.47972297668, "median": 1.76769351959, "min": -1.53215587139, "var": 57.4411811829}, "erbbands_skewness": {"dmean": 0.279412448406, "dmean2": 0.381307005882, "dvar": 0.114205494523, "dvar2": 0.210674747825, "max": 5.78080224991, "mean": 1.19674611092, "median": 0.990435779095, "min": -2.05975389481, "var": 1.14056491852}, "erbbands_spread": {"dmean": 1.9030828476, "dmean2": 2.6073050499, "dvar": 9.04515171051, "dvar2": 16.9467144012, "max": 69.1905899048, "mean": 11.1035356522, "median": 10.1064739227, "min": 0.778496921062, "var": 52.6291809082}, "hfc": {"dmean": 3.10575079918, "dmean2": 4.55937099457, "dvar": 38.1000709534, "dvar2": 98.2586746216, "max": 82.31980896, "mean": 12.1912584305, "median": 10.3095340729, "min": 1.21607024695e-16, "var": 124.146118164}, "melbands_crest": {"dmean": 2.00951838493, "dmean2": 3.08313512802, "dvar": 5.79513311386, "dvar2": 13.7864980698, "max": 34.4585494995, "mean": 16.5437641144, "median": 15.2910633087, "min": 2.62631130219, "var": 39.7338447571}, "melbands_flatness_db": {"dmean": 0.0226964596659, "dmean2": 0.0327572748065, "dvar": 0.00100148119964, "dvar2": 0.00200882623903, "max": 0.598676383495, "mean": 0.383194327354, "median": 0.382310330868, "min": 0.00794312078506, "var": 0.00648980308324}, "melbands_kurtosis": {"dmean": 2.44127392769, "dmean2": 3.68768167496, "dvar": 13.8718662262, "dvar2": 30.9487113953, "max": 71.5849609375, "mean": 7.44617795944, "median": 4.89182043076, "min": -1.4503172636, "var": 81.2162475586}, "melbands_skewness": {"dmean": 0.459632128477, "dmean2": 0.700711369514, "dvar": 0.301481455564, "dvar2": 0.685214102268, "max": 5.82233572006, "mean": 1.05179786682, "median": 1.11061537266, "min": -3.06486845016, "var": 1.44030940533}, "melbands_spread": {"dmean": 1.84172606468, "dmean2": 2.68810296059, "dvar": 22.4885215759, "dvar2": 29.103729248, "max": 151.569107056, "mean": 8.37004184723, "median": 7.49508857727, "min": 0.431430101395, "var": 49.4014778137}, "pitch_salience": {"dmean": 0.0490368045866, "dmean2": 0.0767988413572, "dvar": 0.00367000047117, "dvar2": 0.00876378733665, "max": 0.898871958256, "mean": 0.491300851107, "median": 0.493970155716, "min": 0.106265120208, "var": 0.0153852216899}, "silence_rate_20dB": {"dmean": 0, "dmean2": 0, "dvar": 0, "dvar2": 0, "max": 1, "mean": 1, "median": 1, "min": 1, "var": 0}, "silence_rate_30dB": {"dmean": 0.00101317127701, "dmean2": 0.00202736956999, "dvar": 0.00101215357427, "dvar2": 0.00303697842173, "max": 1, "mean": 0.999493658543, "median": 1, "min": 0, "var": 0.000506069278345}, "silence_rate_60dB": {"dmean": 0.0354609936476, "dmean2": 0.070957928896, "dvar": 0.0342045687139, "dvar2": 0.077073790133, "max": 1, "mean": 0.221265822649, "median": 0, "min": 0, "var": 0.172311112285}, "spectral_centroid": {"dmean": 52.228969574, "dmean2": 73.5846252441, "dvar": 42840.3125, "dvar2": 35839.1757812, "max": 10892.6425781, "mean": 634.959289551, "median": 622.978210449, "min": 297.195037842, "var": 87432.109375}, "spectral_complexity": {"dmean": 1.50962507725, "dmean2": 2.42169284821, "dvar": 3.52546954155, "dvar2": 7.65892887115, "max": 32, "mean": 10.0435447693, "median": 10, "min": 0, "var": 44.8438873291}, "spectral_decrease": {"dmean": 1.23769283711e-09, "dmean2": 1.88439952531e-09, "dvar": 5.05844601942e-18, "dvar2": 1.29890897731e-17, "max": 7.6859225391e-22, "mean": -6.26149221361e-09, "median": -5.5912812158e-09, "min": -3.31013936261e-08, "var": 3.23515267566e-17}, "spectral_energy": {"dmean": 0.00492799747735, "dmean2": 0.00749514531344, "dvar": 7.98972832854e-05, "dvar2": 0.000204461844987, "max": 0.128953963518, "mean": 0.0247380845249, "median": 0.0219760742038, "min": 1.09529327509e-20, "var": 0.000501403294038}, "spectral_energyband_high": {"dmean": 5.1151655498e-05, "dmean2": 8.26550822239e-05, "dvar": 5.94620743755e-08, "dvar2": 1.57108345888e-07, "max": 0.00337647343986, "mean": 4.78304609715e-05, "median": 2.25072813009e-06, "min": 8.10833213359e-21, "var": 4.57620679128e-08}, "spectral_energyband_low": {"dmean": 0.0013322988525, "dmean2": 0.00230508297682, "dvar": 2.31989306485e-05, "dvar2": 7.10119420546e-05, "max": 0.0680492520332, "mean": 0.00320287700742, "median": 0.000291696604108, "min": 4.62314016098e-23, "var": 6.29786445643e-05}, "spectral_energyband_middle_high": {"dmean": 0.0016040217597, "dmean2": 0.00239708367735, "dvar": 1.19767992146e-05, "dvar2": 2.98342492897e-05, "max": 0.0375969521701, "mean": 0.00364293670282, "median": 0.00201895367354, "min": 1.42934376371e-21, "var": 2.28257049457e-05}, "spectral_energyband_middle_low": {"dmean": 0.00336914835498, "dmean2": 0.0048704254441, "dvar": 3.42692219419e-05, "dvar2": 7.77463719714e-05, "max": 0.0801205635071, "mean": 0.0182687360793, "median": 0.0151347145438, "min": 3.72523192049e-22, "var": 0.000288645998808}, "spectral_entropy": {"dmean": 0.221267238259, "dmean2": 0.346944332123, "dvar": 0.0961088687181, "dvar2": 0.223761230707, "max": 9.80878448486, "mean": 5.79396057129, "median": 5.84838533401, "min": 3.52896428108, "var": 0.503926634789}, "spectral_flux": {"dmean": 0.0189459212124, "dmean2": 0.0298066269606, "dvar": 0.000753004511353, "dvar2": 0.00164907949511, "max": 0.259542882442, "mean": 0.038899153471, "median": 0.0288694277406, "min": 1.04656262823e-10, "var": 0.00143181334715}, "spectral_kurtosis": {"dmean": 18.7708034515, "dmean2": 32.3380775452, "dvar": 381.776824951, "dvar2": 984.780273438, "max": 223.953613281, "mean": 49.5501708984, "median": 39.4890899658, "min": -1.17136633396, "var": 1458.20996094}, "spectral_rms": {"dmean": 0.000451528292615, "dmean2": 0.000648648652714, "dvar": 4.69981955575e-07, "dvar2": 1.07729420051e-06, "max": 0.0112164495513, "mean": 0.00419698096812, "median": 0.00463034259155, "min": 3.26891248445e-12, "var": 6.52006337987e-06}, "spectral_rolloff": {"dmean": 83.7872924805, "dmean2": 132.800537109, "dvar": 272140.0625, "dvar2": 231805.53125, "max": 18992.2851562, "mean": 760.659057617, "median": 689.0625, "min": 236.865234375, "var": 407701.9375}, "spectral_skewness": {"dmean": 1.16699802876, "dmean2": 2.02802348137, "dvar": 1.2048407793, "dvar2": 3.18883347511, "max": 11.5144071579, "mean": 4.67811870575, "median": 4.230509758, "min": 0.0422493107617, "var": 4.76074123383}, "spectral_spread": {"dmean": 360682.75, "dmean2": 592269.1875, "dvar": 776211595264, "dvar2": 738804826112, "max": 39826784, "mean": 1542504.875, "median": 1411325.125, "min": 356297.75, "var": 1394795216900.0}, "spectral_strongpeak": {"dmean": 0.334979116917, "dmean2": 0.514462769032, "dvar": 0.325129121542, "dvar2": 0.673848211765, "max": 5.77956724167, "mean": 1.41461408138, "median": 1.22729122639, "min": 0, "var": 1.1608029604}, "zerocrossingrate": {"dmean": 0.00271127186716, "dmean2": 0.00330684939399, "dvar": 0.000168819780811, "dvar2": 0.000152753287693, "max": 0.49658203125, "mean": 0.0289799254388, "median": 0.0283203125, "min": 0.0048828125, "var": 0.000287458387902}, "barkbands": {"dmean": [5.12439373779e-06, 0.000503527058754, 0.000833543075714, 0.000263749127043, 0.00118800252676, 0.00086191057926, 0.000708886422217, 0.000725503778085, 0.00100450986065, 0.000913361960556, 0.000500053225551, 0.000254770682659, 9.27865185076e-05, 0.000137939714477, 8.4745726781e-05, 3.50085938408e-05, 3.26185690938e-05, 1.30389807964e-05, 2.35917195823e-05, 2.62095400103e-05, 7.11194434189e-06, 1.67172329384e-05, 5.73011902816e-06, 1.05397543848e-06, 5.40848077435e-07, 2.19969138016e-07, 2.72184563777e-09], "dmean2": [8.99941369426e-06, 0.000852246710565, 0.00148831028491, 0.000446354883024, 0.00181966589298, 0.00139697047416, 0.00105840968899, 0.000928058114368, 0.00133267068304, 0.00123512698337, 0.000759263988584, 0.000470984756248, 0.000132195069455, 0.000181183902896, 0.000120831857203, 5.2033126849e-05, 5.16325198987e-05, 1.98208235815e-05, 3.66850399587e-05, 4.01790348405e-05, 1.2226418221e-05, 2.84205416392e-05, 9.54529241426e-06, 1.82317921826e-06, 9.69023858488e-07, 4.01957066742e-07, 4.97723462445e-09], "dvar": [1.02359329346e-10, 3.04234254145e-06, 1.06453617263e-05, 8.01001874606e-07, 6.84396491124e-06, 4.60853516415e-06, 2.56391581388e-06, 5.02896227772e-06, 6.75604087519e-06, 4.41481734015e-06, 1.8981932044e-06, 1.53071778186e-06, 3.22490407711e-08, 9.99207472319e-08, 2.10682927104e-07, 5.97254112833e-09, 6.41923669775e-09, 1.23351795445e-09, 5.11830444694e-09, 9.6489447543e-09, 1.75129899471e-09, 1.04398711898e-08, 1.23737198265e-09, 2.76897671458e-11, 1.42883153226e-11, 2.8423225145e-12, 2.29546934558e-16], "dvar2": [2.99407360016e-10, 8.27100939205e-06, 3.51932103513e-05, 2.00907629733e-06, 1.49218403749e-05, 1.27680013975e-05, 5.31899968337e-06, 8.51358254295e-06, 1.10150513137e-05, 8.13010319689e-06, 4.91365108246e-06, 4.46219564765e-06, 6.67881039362e-08, 1.728411263e-07, 4.91085700105e-07, 1.32867539193e-08, 1.6281509474e-08, 2.79234324552e-09, 1.2661685922e-08, 2.50248479716e-08, 4.76174077946e-09, 2.75553730944e-08, 3.30896177125e-09, 7.38378594378e-11, 4.01733334099e-11, 8.14804647364e-12, 6.62385005769e-16], "max": [0.000140867632581, 0.0338482446969, 0.0475698113441, 0.013501602225, 0.0378250516951, 0.0368420146406, 0.045007057488, 0.0479821041226, 0.0490387380123, 0.0335477180779, 0.0187093038112, 0.0159207675606, 0.00238875229843, 0.0062059299089, 0.0177452936769, 0.00115951197222, 0.00138661067467, 0.000597156817093, 0.000873279233929, 0.00124504440464, 0.000792351202108, 0.00138909800444, 0.000549799646251, 7.31145264581e-05, 7.52574269427e-05, 3.12321062665e-05, 2.61245673983e-07], "mean": [5.01401927977e-06, 0.00111164839473, 0.0019195076311, 0.000370510475477, 0.00548723014072, 0.00269031804055, 0.00376481097192, 0.00261618522927, 0.00283918948844, 0.00179064588156, 0.000939459656365, 0.000284379668301, 0.000177835376235, 0.00027274369495, 0.000213648352656, 7.9325203842e-05, 6.30306822131e-05, 2.53350663115e-05, 3.19692080666e-05, 3.00059273286e-05, 6.7707837843e-06, 1.25136675706e-05, 4.64983804704e-06, 8.71378517786e-07, 3.57172808663e-07, 1.42274288351e-07, 2.16746642856e-09], "median": [1.92120023712e-06, 0.000112263864139, 8.84592736838e-05, 4.86643439217e-05, 0.00136021338403, 0.000318935955875, 0.00108488055412, 0.000549010059331, 0.000699289143085, 0.000593325181399, 0.000228109463933, 6.02567561145e-05, 6.3064690039e-05, 8.71353113325e-05, 8.38467603899e-05, 2.44447710429e-05, 1.70026614796e-05, 5.64174570172e-06, 6.34812113276e-06, 1.65746030234e-06, 4.65138839445e-07, 1.96854557544e-07, 5.48217613527e-08, 8.33785396281e-09, 2.4998232373e-09, 1.25074195445e-09, 6.7292904582e-10], "min": [4.42625791286e-24, 2.85356737838e-23, 1.34440389149e-23, 1.31734606598e-25, 1.15016071443e-22, 6.50215003923e-23, 7.85899647601e-23, 3.28933635124e-23, 5.98095658112e-23, 8.81326258039e-23, 1.27746797083e-22, 9.66553717388e-23, 1.16407735675e-22, 7.70869449219e-23, 4.68612470891e-23, 1.50388909977e-22, 2.02689857879e-22, 1.94539044083e-22, 1.76224218219e-22, 3.66338901205e-22, 4.29960192424e-22, 7.08951794633e-22, 7.28902377227e-22, 7.9974289431e-22, 1.32256173404e-21, 1.47727621449e-21, 2.56247487708e-21], "var": [9.27006596485e-11, 1.01351724879e-05, 2.76931496046e-05, 1.21011191823e-06, 5.39458487765e-05, 2.67375144176e-05, 3.36341727234e-05, 2.88245082629e-05, 2.96652469842e-05, 1.11379367809e-05, 2.95837048725e-06, 9.5412644896e-07, 9.00253596114e-08, 3.04092566239e-07, 2.8893194326e-07, 1.68084071106e-08, 1.32334045944e-08, 2.99868307962e-09, 5.81229198104e-09, 9.2930774187e-09, 1.19164977885e-09, 7.41387973235e-09, 8.93726537221e-10, 2.02265582755e-11, 8.73098641996e-12, 1.67770712687e-12, 1.31090908498e-16]}, "erbbands": {"dmean": [0.00405683694407, 0.154132083058, 0.89891576767, 0.86209821701, 1.83449840546, 4.94216585159, 4.86364841461, 8.90103626251, 10.0215454102, 17.2757606506, 10.8971290588, 26.8929481506, 21.5202255249, 18.6057853699, 24.6792011261, 6.68765544891, 4.43683433533, 6.42945814133, 6.15577363968, 2.90438914299, 1.36471581459, 1.63705337048, 0.714278519154, 1.41579592228, 0.803172171116, 0.910997748375, 0.671366930008, 0.639984309673, 0.616708815098, 0.199819460511, 0.0967878848314, 0.0297547318041, 0.0131983207539, 0.00743420934305, 0.00423751538619, 0.00149866042193, 0.000162789627211, 1.01670675576e-05, 2.71840326604e-06, 5.65743766856e-06], "dmean2": [0.00691420584917, 0.261690169573, 1.59704399109, 1.48560392857, 2.72239875793, 7.45313262939, 8.22943592072, 14.2969322205, 15.1591119766, 23.2283172607, 15.0344057083, 34.66248703, 27.1784858704, 28.3422870636, 39.7539558411, 11.7137699127, 6.19446706772, 8.60692310333, 8.61291217804, 4.10300397873, 2.12515807152, 2.57819414139, 1.09007656574, 2.22812056541, 1.1999809742, 1.32856822014, 1.06935882568, 1.10045492649, 1.04865312576, 0.332460731268, 0.161150559783, 0.0496322847903, 0.023127047345, 0.0133507736027, 0.00791811943054, 0.00274865119718, 0.000303400825942, 1.87889290828e-05, 4.17383535023e-06, 8.60166164784e-06], "dvar": [0.000137554307003, 0.289681583643, 11.5972080231, 9.23331642151, 23.5443725586, 121.893493652, 129.831710815, 576.153808594, 525.148864746, 1694.65905762, 1007.07513428, 4953.57275391, 2488.42382812, 1597.50366211, 7480.46923828, 734.262817383, 73.9317703247, 232.897583008, 784.809814453, 49.9614715576, 10.3672380447, 15.4255428314, 2.95116043091, 22.8430976868, 6.95452785492, 8.62717056274, 10.8822278976, 10.0324058533, 12.8123130798, 1.32902479172, 0.335021734238, 0.0217892136425, 0.0040378975682, 0.00215720641427, 0.0010456207674, 0.000111735760584, 1.63758227245e-06, 5.79514747301e-09, 3.3409483513e-11, 1.06682968015e-10], "dvar2": [0.000359368685167, 0.806775689125, 37.4761886597, 26.3217506409, 51.41223526, 263.321868896, 360.493286133, 1562.53930664, 1087.21569824, 2952.75805664, 1717.9786377, 7755.19042969, 4035.85766602, 3823.48168945, 20708.4746094, 2094.78149414, 146.131958008, 420.821105957, 1818.34936523, 106.153282166, 25.2423439026, 38.7708816528, 6.68324518204, 57.1725578308, 16.1184558868, 20.4342365265, 29.4166221619, 26.9528770447, 33.7230491638, 3.55276751518, 0.893404245377, 0.0584834851325, 0.0104421759024, 0.00584758631885, 0.00304676685482, 0.000320711958921, 4.66780102215e-06, 1.66354450215e-08, 8.66710175851e-11, 2.72029704318e-10], "max": [0.249453619123, 9.42972660065, 52.8303413391, 55.3319015503, 80.9885406494, 158.984420776, 167.198654175, 469.73236084, 696.674072266, 731.733581543, 1324.3515625, 1365.05969238, 772.884765625, 596.774536133, 1105.33435059, 352.170410156, 124.853149414, 314.292785645, 1057.85205078, 146.892059326, 52.8975563049, 75.9626693726, 26.0665664673, 61.5276603699, 41.1948623657, 36.4830169678, 44.960609436, 49.318813324, 49.7359657288, 17.0852603912, 9.20619487762, 2.12211370468, 0.75274592638, 0.823895275593, 0.674325227737, 0.187624499202, 0.0240598805249, 0.00140227156226, 8.67724011187e-05, 0.000143889192259], "mean": [0.0081367297098, 0.354625672102, 2.19787120819, 1.54524719715, 6.13821363449, 22.4576244354, 18.3621349335, 30.6650257111, 53.3804740906, 69.5790405273, 37.7878990173, 78.6216583252, 48.9859466553, 36.6189651489, 41.3209457397, 10.7829656601, 9.04797363281, 12.9526939392, 14.4853639603, 7.1682806015, 3.42885923386, 3.23675942421, 1.50567209721, 1.98581969738, 1.1778023243, 1.17855787277, 0.671148598194, 0.508782863617, 0.468746960163, 0.165481969714, 0.080139786005, 0.025135345757, 0.0110496245325, 0.00526850717142, 0.00268389773555, 0.000978964497335, 0.000112330038974, 8.29015061754e-06, 1.23400386656e-05, 2.79778905679e-05], "median": [0.0014886589488, 0.0318218842149, 0.115527756512, 0.23502252996, 0.83926653862, 4.6842713356, 6.51445865631, 6.71244907379, 13.5629072189, 35.7915306091, 15.5229434967, 21.1007404327, 14.9441928864, 17.6717605591, 12.4573421478, 3.80538415909, 3.66076135635, 4.649933815, 5.78241634369, 2.80143809319, 1.15155673027, 0.945568740368, 0.459530085325, 0.425743103027, 0.214900478721, 0.079362757504, 0.0445694848895, 0.0189516805112, 0.00918377283961, 0.0034212693572, 0.00111272453796, 0.000373528484488, 0.00012366269948, 5.25715076947e-05, 3.02709886455e-05, 1.88553076441e-05, 9.54566894507e-06, 2.03064587367e-06, 1.07368805402e-05, 2.48199939961e-05], "min": [8.8528439603e-22, 6.22003994995e-21, 1.7750342749e-20, 4.89093842016e-21, 3.44292862719e-20, 4.92440057397e-19, 8.34792587044e-19, 3.8317244531e-19, 1.12538873596e-18, 7.10723249979e-19, 1.22071302975e-18, 1.3049502082e-18, 1.76451624689e-18, 4.71675921507e-18, 3.92038653084e-18, 4.78708983306e-18, 5.31556022358e-18, 4.32022413225e-18, 2.8261688555e-18, 3.990010323e-18, 8.04020630736e-18, 1.22375639266e-17, 8.77364088673e-18, 1.15784655873e-17, 1.16149103379e-17, 1.55326602305e-17, 1.98914619986e-17, 1.8723342353e-17, 2.21623424409e-17, 2.59963609761e-17, 1.97234368008e-17, 1.5862018735e-17, 1.35698474909e-17, 1.437654463e-17, 1.03036752114e-17, 4.52686253466e-18, 2.99003664357e-18, 1.50344563786e-18, 3.55820580982e-19, 3.52091495685e-20], "var": [0.000472678104416, 0.954023063183, 34.6884117126, 13.0893592834, 107.292098999, 992.162109375, 747.64666748, 3817.37573242, 7987.75439453, 9155.90625, 6113.20849609, 22021.7441406, 7732.33203125, 3124.81494141, 7544.95947266, 644.659240723, 217.509963989, 694.760253906, 1102.95361328, 134.173629761, 28.8000221252, 31.5450839996, 7.1988568306, 25.2430152893, 9.0894317627, 11.6446170807, 8.36222839355, 6.88993501663, 9.17067337036, 0.966575562954, 0.24360319972, 0.0158728230745, 0.00309175858274, 0.00142898689955, 0.000583409098908, 6.58641001792e-05, 9.58192686085e-07, 3.33040817146e-09, 1.31399668923e-10, 6.39190311791e-10]}, "gfcc": {"mean": [-179.294494629, 197.390396118, -151.998703003, -24.9570941925, -45.5925559998, -22.5532741547, -14.7749052048, -3.57930779457, 2.55572557449, -6.99312353134, -5.63868141174, -14.211977005, -3.68337392807], "cov": [[21718.6367188, 1683.0682373, -1439.61608887, 3502.48217773, -1341.4576416, -392.656433105, -270.802886963, -2580.60791016, -1339.80126953, -1384.83984375, 173.880447388, -3.62117886543, 739.010925293], [1683.0682373, 1095.39404297, -33.000377655, -32.4910354614, 247.061660767, -299.998199463, 34.4103393555, -324.986816406, -81.8721923828, -191.08732605, 65.1753082275, -46.9877929688, 82.7137527466], [-1439.61608887, -33.000377655, 486.381896973, -105.26083374, 92.8163070679, 61.0653648376, -110.227668762, 102.193481445, 17.1891937256, 93.9377975464, -10.3558864594, 26.5335006714, -57.9949989319], [3502.48217773, -32.4910354614, -105.26083374, 1026.07287598, -237.093841553, 80.1527938843, -93.2825469971, -456.156646729, -267.821502686, -212.172912598, 38.884967804, 42.9377555847, 104.171302795], [-1341.4576416, 247.061660767, 92.8163070679, -237.093841553, 359.581237793, 0.105908796191, 93.5719528198, 169.588363647, 98.2604598999, 61.4352645874, 5.6951880455, -10.5680427551, -53.7281227112], [-392.656433105, -299.998199463, 61.0653648376, 80.1527938843, 0.105908796191, 305.575042725, 69.2667160034, 114.997047424, -5.21050214767, 13.774720192, -60.2417678833, 31.2588481903, 2.61197924614], [-270.802886963, 34.4103393555, -110.227668762, -93.2825469971, 93.5719528198, 69.2667160034, 280.696777344, 133.780563354, 79.7388381958, 10.4882993698, -32.6989402771, -23.7394504547, -22.4254741669], [-2580.60791016, -324.986816406, 102.193481445, -456.156646729, 169.588363647, 114.997047424, 133.780563354, 547.726867676, 249.261581421, 208.484451294, -15.095076561, -21.5272083282, -144.754302979], [-1339.80126953, -81.8721923828, 17.1891937256, -267.821502686, 98.2604598999, -5.21050214767, 79.7388381958, 249.261581421, 241.862716675, 111.889892578, -2.84252810478, -27.6692295074, -80.7326660156], [-1384.83984375, -191.08732605, 93.9377975464, -212.172912598, 61.4352645874, 13.774720192, 10.4882993698, 208.484451294, 111.889892578, 193.358337402, 38.9069099426, 5.3960943222, -85.9493026733], [173.880447388, 65.1753082275, -10.3558864594, 38.884967804, 5.6951880455, -60.2417678833, -32.6989402771, -15.095076561, -2.84252810478, 38.9069099426, 137.160964966, 41.7401046753, -20.4297409058], [-3.62117886543, -46.9877929688, 26.5335006714, 42.9377555847, -10.5680427551, 31.2588481903, -23.7394504547, -21.5272083282, -27.6692295074, 5.3960943222, 41.7401046753, 119.584228516, 32.0862464905], [739.010925293, 82.7137527466, -57.9949989319, 104.171302795, -53.7281227112, 2.61197924614, -22.4254741669, -144.754302979, -80.7326660156, -85.9493026733, -20.4297409058, 32.0862464905, 141.566635132]], "icov": [[0.000538960273843, -0.00159716082271, 0.00109267665539, -0.00138679600786, 0.00195493944921, -0.00051921675913, 0.000278041494312, -0.000444708683062, 0.000537603686098, -0.000183668526006, 0.000394889008021, -0.000133905356051, 0.000211044782191], [-0.00159716082271, 0.00947242602706, -0.0046382532455, 0.00532473577186, -0.00964329764247, 0.00423971377313, -0.00290683237836, 0.00462136557326, -0.00196620984934, 0.00523466290906, -0.00480541819707, 0.00252696522512, -0.00169779849239], [0.00109267665539, -0.0046382532455, 0.00583040341735, -0.00310461176559, 0.0040179444477, -0.00257667712867, 0.00305312289856, -0.00186347600538, 0.00167776818853, -0.00298134726472, 0.00302323885262, -0.00168298452627, 0.00179415219463], [-0.00138679600786, 0.00532473577186, -0.00310461176559, 0.00609851209447, -0.0054475995712, 0.000474143016618, -0.00128641433548, 0.00366374501027, -0.00116836780217, 0.00269398023374, -0.00331331114285, 0.00109161192086, 7.88162506069e-05], [0.00195493944921, -0.00964329764247, 0.0040179444477, -0.0054475995712, 0.0142237981781, -0.00375525327399, 0.00122448254842, -0.00471399491653, 0.00192837475333, -0.00365573028103, 0.00347012793645, -0.00211123423651, 0.00178461428732], [-0.00051921675913, 0.00423971377313, -0.00257667712867, 0.000474143016618, -0.00375525327399, 0.00816961750388, -0.00276405992918, -0.000681067875121, 0.000827046053018, 0.00240528071299, 0.000646673375741, -0.000779303140007, -0.00167948182207], [0.000278041494312, -0.00290683237836, 0.00305312289856, -0.00128641433548, 0.00122448254842, -0.00276405992918, 0.00690102018416, -0.00252740783617, -0.000388705491787, -0.00148728326894, 0.00249136169441, -0.000729168066755, 0.00086905277567], [-0.000444708683062, 0.00462136557326, -0.00186347600538, 0.00366374501027, -0.00471399491653, -0.000681067875121, -0.00252740783617, 0.0100182760507, -0.00395347969607, 0.0007573516923, -0.0029552676715, 0.00160503154621, 0.00164391775616], [0.000537603686098, -0.00196620984934, 0.00167776818853, -0.00116836780217, 0.00192837475333, 0.000827046053018, -0.000388705491787, -0.00395347969607, 0.00979246105999, -0.00207494013011, 0.00139099755324, 5.80594823987e-05, 0.00101425289176], [-0.000183668526006, 0.00523466290906, -0.00298134726472, 0.00269398023374, -0.00365573028103, 0.00240528071299, -0.00148728326894, 0.0007573516923, -0.00207494013011, 0.0170171130449, -0.00742729054764, 0.00157029775437, 0.00152412732132], [0.000394889008021, -0.00480541819707, 0.00302323885262, -0.00331331114285, 0.00347012793645, 0.000646673375741, 0.00249136169441, -0.0029552676715, 0.00139099755324, -0.00742729054764, 0.0153176337481, -0.00678746262565, 0.00313362083398], [-0.000133905356051, 0.00252696522512, -0.00168298452627, 0.00109161192086, -0.00211123423651, -0.000779303140007, -0.000729168066755, 0.00160503154621, 5.80594823987e-05, 0.00157029775437, -0.00678746262565, 0.0130055788904, -0.00447212299332], [0.000211044782191, -0.00169779849239, 0.00179415219463, 7.88162506069e-05, 0.00178461428732, -0.00167948182207, 0.00086905277567, 0.00164391775616, 0.00101425289176, 0.00152412732132, 0.00313362083398, -0.00447212299332, 0.0131275700405]]}, "melbands": {"dmean": [8.27059120638e-05, 0.000377423508326, 0.000156949681696, 0.000239856613916, 0.000193088912056, 0.000186836099601, 0.000149615982082, 0.000193905812921, 0.000117088784464, 0.000147089347593, 0.00011285047367, 8.55711987242e-05, 7.78834873927e-05, 4.26586266258e-05, 8.26560426503e-06, 7.85193515185e-06, 1.37241659104e-05, 1.06585475805e-05, 4.69703218187e-06, 3.53869631908e-06, 1.50398557253e-06, 1.98855877898e-06, 1.01780801742e-06, 6.77946502492e-07, 1.35767345455e-06, 5.0600766599e-07, 5.16269210493e-07, 7.19828619822e-07, 6.73339570767e-07, 1.1510987008e-07, 5.1289498515e-07, 5.38922847682e-07, 2.2665403776e-08, 1.63825717436e-07, 7.943696545e-08, 1.84011348381e-08, 1.51003760607e-08, 1.01300727806e-08, 6.79630485223e-09, 6.01834759806e-09], "dmean2": [0.00013984531688, 0.000664345396217, 0.000261823879555, 0.000348313624272, 0.000321503845043, 0.00030021139537, 0.000226807227591, 0.000257503910689, 0.000162872558576, 0.000189787737327, 0.000142390053952, 0.000128735657199, 0.00012001615687, 7.61276241974e-05, 1.17184026749e-05, 1.14290378406e-05, 1.81758296094e-05, 1.48611698023e-05, 6.71259294904e-06, 5.13758550369e-06, 2.38121560869e-06, 3.12064798891e-06, 1.61020989253e-06, 1.02856108697e-06, 2.15310797103e-06, 7.4406824524e-07, 7.79386937211e-07, 1.05400215489e-06, 1.0803804571e-06, 1.89280228824e-07, 8.8824242539e-07, 9.16086662528e-07, 3.68372568005e-08, 2.73704586107e-07, 1.33367535682e-07, 2.96944175915e-08, 2.55584655662e-08, 1.74999090774e-08, 1.24005792301e-08, 1.07881641398e-08], "dvar": [7.52269215809e-08, 1.95032953343e-06, 2.48599661745e-07, 2.7453845064e-07, 2.09891041436e-07, 2.36618049598e-07, 1.1554065793e-07, 2.46329022957e-07, 9.05103547666e-08, 1.4426662176e-07, 7.54815943083e-08, 3.8162315974e-08, 5.32964889999e-08, 3.87383600753e-08, 2.26769381051e-10, 2.7222510357e-10, 1.14322940004e-09, 1.7669443686e-09, 3.99207666923e-10, 6.21244999888e-11, 1.57542069668e-11, 2.59015794923e-11, 5.64743304204e-12, 3.52314379927e-12, 2.33607057309e-11, 2.51910059652e-12, 4.12268613345e-12, 6.21200443515e-12, 1.28233066526e-11, 2.53261252031e-13, 6.62192262829e-12, 1.09013301858e-11, 7.72749851846e-15, 1.00877205894e-12, 2.58362396147e-13, 5.46675657081e-15, 6.19492411403e-15, 2.54448337366e-15, 1.4140329905e-15, 1.47391218476e-15], "dvar2": [1.99396666289e-07, 6.11461700828e-06, 6.67803817578e-07, 5.59787110888e-07, 5.30152021838e-07, 6.43167311409e-07, 2.37240712408e-07, 4.23754642043e-07, 1.57239071541e-07, 2.24984475494e-07, 1.24235512544e-07, 8.5520490245e-08, 1.41590248859e-07, 1.10761767758e-07, 4.49143694459e-10, 6.41042496863e-10, 1.97533078783e-09, 4.01875333012e-09, 9.03409458353e-10, 1.31334595976e-10, 4.01613742262e-11, 6.46276088201e-11, 1.34549593689e-11, 7.98837211657e-12, 5.89187587607e-11, 5.68785686952e-12, 9.82644608044e-12, 1.50265615922e-11, 3.45985393113e-11, 6.82682046744e-13, 1.77254860095e-11, 2.87135194094e-11, 2.02347107847e-14, 2.70313827745e-12, 6.89323760832e-13, 1.39708657173e-14, 1.66718750621e-14, 6.35088447896e-15, 3.81055897827e-15, 4.02407904362e-15], "max": [0.00586262717843, 0.0207258053124, 0.00864796712995, 0.00805946066976, 0.00709221977741, 0.00897916406393, 0.0105218132958, 0.00958586204797, 0.0102202165872, 0.00734292529523, 0.00436258781701, 0.0025895703584, 0.00290511595085, 0.00258177053183, 0.000231052879826, 0.000244935508817, 0.000716233626008, 0.00151719572023, 0.000784617266618, 0.000146332313307, 6.9391055149e-05, 9.29637244553e-05, 3.77958240279e-05, 2.64860918833e-05, 6.23638261459e-05, 2.88794872176e-05, 3.97421244998e-05, 2.89943527605e-05, 4.92957406095e-05, 7.80127356848e-06, 3.49218535121e-05, 4.58114882349e-05, 1.19631249618e-06, 1.52780194185e-05, 8.18270564196e-06, 1.0298754205e-06, 1.14818999464e-06, 7.66562777699e-07, 5.5172483826e-07, 6.75313231113e-07], "mean": [0.000180452494533, 0.000926345936023, 0.000344154133927, 0.00105698883999, 0.00083395675756, 0.000619431375526, 0.000800351263024, 0.000752869120333, 0.00035781605402, 0.000431056425441, 0.000240315755946, 0.000161355594173, 0.00013743530144, 5.53415411559e-05, 1.71700849023e-05, 1.54680528794e-05, 2.65652070084e-05, 2.39767996391e-05, 1.27002494992e-05, 7.50859862819e-06, 3.40121550835e-06, 3.72277645511e-06, 1.89621357549e-06, 1.25538019802e-06, 1.77388858447e-06, 7.88857107636e-07, 7.15674161711e-07, 8.73469900853e-07, 6.15294084128e-07, 1.34308976385e-07, 3.79163111575e-07, 4.02096475227e-07, 2.41133033541e-08, 1.31420620164e-07, 6.31229255532e-08, 1.72329226444e-08, 1.22331984542e-08, 8.54408810369e-09, 5.12044184831e-09, 4.0459093853e-09], "median": [2.24507275561e-05, 5.54696380277e-05, 3.95570532419e-05, 0.000255496765021, 0.000273452111287, 0.000104503655166, 0.000191314466065, 0.000338940997608, 0.000126971950522, 0.000123698104289, 5.69821386307e-05, 6.30287177046e-05, 3.41108097928e-05, 1.17718445836e-05, 7.03202431396e-06, 5.49896822122e-06, 8.0702948253e-06, 8.7552198238e-06, 5.73895522393e-06, 2.15835530071e-06, 8.52205175761e-07, 8.9620681365e-07, 5.16695934039e-07, 2.49849961165e-07, 3.16107701792e-07, 1.48802428157e-07, 7.21365012168e-08, 3.43228201416e-08, 2.73820681684e-08, 9.61770751928e-09, 7.65495222765e-09, 5.00503283263e-09, 1.13478326735e-09, 1.64436453343e-09, 5.69446267917e-10, 3.24374388461e-10, 1.22860374652e-10, 8.03092037316e-11, 3.56766907683e-11, 2.50963989173e-11], "min": [8.19621195157e-24, 8.95566727768e-24, 1.02515452583e-24, 1.55463453387e-23, 3.02556934798e-23, 1.08294612076e-23, 1.62293411105e-23, 5.63761102524e-24, 1.17351595127e-23, 7.7406992102e-24, 8.22857733679e-24, 1.80559296039e-23, 1.56433342093e-23, 6.75135798339e-24, 2.0497944777e-23, 7.46129808821e-24, 8.29916618831e-24, 4.35369296477e-24, 3.92937454461e-24, 9.03443503907e-24, 8.60920035697e-24, 1.23467215629e-23, 8.92737241474e-24, 9.30641613539e-24, 9.24734780853e-24, 7.46337752556e-24, 9.86295908174e-24, 1.02742743132e-23, 1.34753409156e-23, 9.68748407313e-24, 1.13625055653e-23, 1.25451390132e-23, 1.38820223781e-23, 1.47381983621e-23, 1.10532397472e-23, 9.0924344594e-24, 1.09126536898e-23, 9.04023553331e-24, 1.09325771609e-23, 1.1893763942e-23], "var": [2.67942965593e-07, 5.79230754738e-06, 5.16736179179e-07, 1.9974334009e-06, 1.64568234595e-06, 1.50594314619e-06, 1.79812695933e-06, 1.32013269649e-06, 4.66896182161e-07, 6.52360768072e-07, 2.19590475581e-07, 7.99560311293e-08, 7.00029261225e-08, 2.74452744975e-08, 7.64560748046e-10, 6.45663300602e-10, 3.47635809028e-09, 2.71943600971e-09, 6.38438357736e-10, 1.71656786008e-10, 3.72200742449e-11, 5.03094649273e-11, 1.12656646165e-11, 8.19296974014e-12, 2.42224105357e-11, 3.70621762447e-12, 5.20635921528e-12, 7.54078483683e-12, 9.73811309368e-12, 2.19179722657e-13, 4.53523113161e-12, 7.76927740892e-12, 6.73972850592e-15, 7.28004353849e-13, 1.8652520663e-13, 4.81603621458e-15, 4.45668799242e-15, 2.07334501367e-15, 9.74334164172e-16, 9.57624639342e-16]}, "mfcc": {"mean": [-797.582092285, 203.84765625, -21.4813327789, -4.36187124252, -12.7708282471, -12.8517847061, -12.5290546417, -3.19425964355, 3.56840205193, 10.5354681015, 3.95723605156, -3.22603726387, -1.49050199986], "cov": [[15341.0341797, 3999.23876953, -1998.40454102, 2019.73706055, -200.717178345, 748.668212891, 145.421875, -227.830413818, -1171.54772949, -1294.22949219, -1442.10888672, -778.447998047, -122.788505554], [3999.23876953, 2377.88500977, -649.074829102, 316.043426514, 178.372116089, 15.1530761719, 70.2559738159, -93.4985122681, -309.167755127, -340.94708252, -361.790466309, -360.648376465, -86.0659561157], [-1998.40454102, -649.074829102, 561.588195801, -191.79196167, 36.4363098145, -3.19259214401, -42.430721283, 6.70550870895, 118.020927429, 147.66758728, 186.52432251, 98.5986938477, -25.6479148865], [2019.73706055, 316.043426514, -191.79196167, 565.249938965, 20.0473213196, 171.527572632, 29.0837936401, -58.8428993225, -207.606002808, -208.943634033, -194.366653442, -55.1131858826, 22.464012146], [-200.717178345, 178.372116089, 36.4363098145, 20.0473213196, 234.972518921, 7.1850028038, 28.7101459503, 14.3343782425, -24.8789081573, -20.4089641571, 17.569694519, 8.72010707855, 43.3725090027], [748.668212891, 15.1530761719, -3.19259214401, 171.527572632, 7.1850028038, 234.413665771, 58.0040016174, -4.97975635529, -59.6413040161, -96.3564910889, -118.78918457, -31.160741806, -20.3379402161], [145.421875, 70.2559738159, -42.430721283, 29.0837936401, 28.7101459503, 58.0040016174, 178.893768311, 93.074180603, 27.726392746, -24.5918693542, -17.3517227173, 2.31285500526, 6.94687986374], [-227.830413818, -93.4985122681, 6.70550870895, -58.8428993225, 14.3343782425, -4.97975635529, 93.074180603, 190.787918091, 110.799133301, 42.5045814514, 45.5193939209, 18.4409008026, 5.70530366898], [-1171.54772949, -309.167755127, 118.020927429, -207.606002808, -24.8789081573, -59.6413040161, 27.726392746, 110.799133301, 255.070419312, 182.746932983, 122.223731995, 37.4170150757, -45.2292404175], [-1294.22949219, -340.94708252, 147.66758728, -208.943634033, -20.4089641571, -96.3564910889, -24.5918693542, 42.5045814514, 182.746932983, 262.534118652, 193.199661255, 60.5255699158, -25.1801605225], [-1442.10888672, -361.790466309, 186.52432251, -194.366653442, 17.569694519, -118.78918457, -17.3517227173, 45.5193939209, 122.223731995, 193.199661255, 287.881378174, 147.498718262, 16.5700340271], [-778.447998047, -360.648376465, 98.5986938477, -55.1131858826, 8.72010707855, -31.160741806, 2.31285500526, 18.4409008026, 37.4170150757, 60.5255699158, 147.498718262, 219.920150757, 116.139572144], [-122.788505554, -86.0659561157, -25.6479148865, 22.464012146, 43.3725090027, -20.3379402161, 6.94687986374, 5.70530366898, -45.2292404175, -25.1801605225, 16.5700340271, 116.139572144, 241.18081665]], "icov": [[0.000594636599999, -0.000618790916633, 0.000733863387723, -0.000927254732233, 0.000955533760134, -0.000834808277432, 0.000598147511482, -0.00100669625681, 0.0010503338417, -0.000199652247829, 0.000721224874724, -0.000307546986733, 0.000285353889922], [-0.000618790916633, 0.00166625669226, 0.000127522362163, 0.00101198116317, -0.0018754133489, 0.00127025321126, -0.00103828951251, 0.00142238254193, -0.00072750513209, 0.000734521832783, -0.00102172861807, 0.00153984001372, -9.15364871616e-05], [0.000733863387723, 0.000127522362163, 0.00452325632796, -0.000464491866296, -0.000152326014359, -0.00231551821344, 0.00127393205184, -0.000448290258646, 0.000914329604711, 0.00034449447412, -0.00107343064155, 0.000388698041206, 0.000843457819428], [-0.000927254732233, 0.00101198116317, -0.000464491866296, 0.00479446956888, -0.00171564426273, -0.000375127565349, -0.000829789729323, 0.00130166125018, 0.00023539007816, 0.000489287544042, -0.000566958333366, 1.90332939383e-05, -0.000211890670471], [0.000955533760134, -0.0018754133489, -0.000152326014359, -0.00171564426273, 0.00718769710511, -0.00173689052463, 0.000467427773401, -0.00209732051007, 0.00178287248127, 6.40911166556e-05, -0.000105553277535, -0.000117440802569, -0.00103723618668], [-0.000834808277432, 0.00127025321126, -0.00231551821344, -0.000375127565349, -0.00173689052463, 0.00929039902985, -0.00341688538902, 0.0015014357632, -0.000901867228094, 3.47542140844e-07, 0.00305326748639, -0.0011292611016, 0.00114058784675], [0.000598147511482, -0.00103828951251, 0.00127393205184, -0.000829789729323, 0.000467427773401, -0.00341688538902, 0.00980428606272, -0.00530204828829, 0.000331658811774, 0.000621627143119, 0.000266099115834, -0.00105571572203, 0.000234792678384], [-0.00100669625681, 0.00142238254193, -0.000448290258646, 0.00130166125018, -0.00209732051007, 0.0015014357632, -0.00530204828829, 0.0122806299478, -0.00751961674541, 0.00341578223743, -0.00388587825, 0.00251808553003, -0.00180701352656], [0.0010503338417, -0.00072750513209, 0.000914329604711, 0.00023539007816, 0.00178287248127, -0.000901867228094, 0.000331658811774, -0.00751961674541, 0.0155519805849, -0.00866494886577, 0.00504022371024, -0.0026596901007, 0.00306842103601], [-0.000199652247829, 0.000734521832783, 0.00034449447412, 0.000489287544042, 6.40911166556e-05, 3.47542140844e-07, 0.000621627143119, 0.00341578223743, -0.00866494886577, 0.0149948084727, -0.00899848714471, 0.00433995341882, -0.00148977478966], [0.000721224874724, -0.00102172861807, -0.00107343064155, -0.000566958333366, -0.000105553277535, 0.00305326748639, 0.000266099115834, -0.00388587825, 0.00504022371024, -0.00899848714471, 0.0165525954217, -0.00947869196534, 0.00373487453908], [-0.000307546986733, 0.00153984001372, 0.000388698041206, 1.90332939383e-05, -0.000117440802569, -0.0011292611016, -0.00105571572203, 0.00251808553003, -0.0026596901007, 0.00433995341882, -0.00947869196534, 0.0141887674108, -0.00589777249843], [0.000285353889922, -9.15364871616e-05, 0.000843457819428, -0.000211890670471, -0.00103723618668, 0.00114058784675, 0.000234792678384, -0.00180701352656, 0.00306842103601, -0.00148977478966, 0.00373487453908, -0.00589777249843, 0.00769034400582]]}, "spectral_contrast_coeffs": {"dmean": [0.0428631603718, 0.0466662608087, 0.0459014438093, 0.0386661365628, 0.028588026762, 0.0308735389262], "dmean2": [0.0729493051767, 0.0759683772922, 0.0740595906973, 0.0608638077974, 0.0456951670349, 0.0523334294558], "dvar": [0.00123601907399, 0.00225361576304, 0.00226509850472, 0.00163115351461, 0.000899606500752, 0.000866877438966], "dvar2": [0.00340092694387, 0.00564728258178, 0.00556359533221, 0.00400430476293, 0.00218028528616, 0.00218535563909], "max": [-0.296429932117, -0.368567466736, -0.406217485666, -0.541488468647, -0.605059206486, -0.624232947826], "mean": [-0.622708559036, -0.596062481403, -0.639894664288, -0.683928310871, -0.720288455486, -0.772745013237], "median": [-0.607862770557, -0.597421586514, -0.648415327072, -0.673649132252, -0.715891361237, -0.761261701584], "min": [-0.965230464935, -0.961627066135, -0.960967421532, -0.967737734318, -0.965138614178, -0.961498022079], "var": [0.0225418191403, 0.0086232284084, 0.00796535890549, 0.00394726824015, 0.00263560912572, 0.00668345065787]}, "spectral_contrast_valleys": {"dmean": [0.437795042992, 0.492378920317, 0.491348087788, 0.487810879946, 0.441820681095, 0.54736995697], "dmean2": [0.69620424509, 0.783896446228, 0.795844435692, 0.76817291975, 0.69212448597, 0.913195490837], "dvar": [0.222137868404, 0.403369963169, 0.427632540464, 0.428463369608, 0.445920854