{"lowlevel": {"average_loudness": 0.00172849826049, "barkbands_crest": {"dmean": 1.74943816662, "dmean2": 2.60282921791, "dvar": 3.81520795822, "dvar2": 9.4377822876, "max": 26.989528656, "mean": 15.720158577, "median": 15.325334549, "min": 2.32399201393, "var": 35.5487442017}, "barkbands_flatness_db": {"dmean": 0.0180852152407, "dmean2": 0.0255113374442, "dvar": 0.000476694956888, "dvar2": 0.000973454967607, "max": 0.619210481644, "mean": 0.279463529587, "median": 0.281743019819, "min": 0.0269546583295, "var": 0.0142237655818}, "barkbands_kurtosis": {"dmean": 14.3269395828, "dmean2": 19.7298526764, "dvar": 7169.97265625, "dvar2": 16442.5332031, "max": 8450.16113281, "mean": 50.1661720276, "median": 13.6145019531, "min": -1.91878008842, "var": 37865.1054688}, "barkbands_skewness": {"dmean": 0.702185750008, "dmean2": 0.971971213818, "dvar": 1.26473712921, "dvar2": 2.71005725861, "max": 82.026725769, "mean": 3.55944132805, "median": 2.80670142174, "min": -3.66325116158, "var": 17.3292064667}, "barkbands_spread": {"dmean": 2.27953219414, "dmean2": 3.38163352013, "dvar": 15.0262241364, "dvar2": 33.6885147095, "max": 87.0743179321, "mean": 12.4995346069, "median": 3.99911594391, "min": 0.0167771037668, "var": 220.398742676}, "dissonance": {"dmean": 0.0209860019386, "dmean2": 0.0350077673793, "dvar": 0.000822594389319, "dvar2": 0.00223275530152, "max": 0.500000059605, "mean": 0.42136785388, "median": 0.44299352169, "min": 0.12833750248, "var": 0.0051730829291}, "dynamic_complexity": 7.21500062943, "erbbands_crest": {"dmean": 2.11049485207, "dmean2": 3.1063914299, "dvar": 5.31461048126, "dvar2": 12.8396348953, "max": 33.3620605469, "mean": 16.557718277, "median": 15.5534420013, "min": 3.00580692291, "var": 48.4875106812}, "erbbands_flatness_db": {"dmean": 0.0140419732779, "dmean2": 0.0195056181401, "dvar": 0.000306200963678, "dvar2": 0.000648769724648, "max": 0.553678095341, "mean": 0.282900542021, "median": 0.277991563082, "min": 0.0500860102475, "var": 0.00771148689091}, "erbbands_kurtosis": {"dmean": 4.51255941391, "dmean2": 6.21401023865, "dvar": 92.2291946411, "dvar2": 186.395889282, "max": 358.294067383, "mean": 16.9861793518, "median": 3.79506230354, "min": -1.94939768314, "var": 1261.28662109}, "erbbands_skewness": {"dmean": 0.456030577421, "dmean2": 0.616232216358, "dvar": 0.300551593304, "dvar2": 0.592618107796, "max": 14.1674165726, "mean": 2.04180026054, "median": 1.66173362732, "min": -5.11312150955, "var": 7.56510734558}, "erbbands_spread": {"dmean": 4.11177158356, "dmean2": 5.99505233765, "dvar": 35.3046035767, "dvar2": 77.9964294434, "max": 136.648178101, "mean": 24.4363555908, "median": 16.2735404968, "min": 0.374034285545, "var": 466.557098389}, "hfc": {"dmean": 1.54879784584, "dmean2": 2.18408608437, "dvar": 22.8838214874, "dvar2": 47.5031852722, "max": 197.419998169, "mean": 7.41502857208, "median": 2.62232422829, "min": 1.20332862149e-16, "var": 184.271820068}, "melbands_crest": {"dmean": 2.1841943264, "dmean2": 3.28350901604, "dvar": 5.85139131546, "dvar2": 14.8337497711, "max": 34.8084449768, "mean": 19.3964328766, "median": 19.0077323914, "min": 1.93026971817, "var": 48.9708251953}, "melbands_flatness_db": {"dmean": 0.0192421264946, "dmean2": 0.0264351163059, "dvar": 0.00056363485055, "dvar2": 0.00110958784353, "max": 0.718812346458, "mean": 0.330182760954, "median": 0.343689143658, "min": 0.00553943868726, "var": 0.0210988856852}, "melbands_kurtosis": {"dmean": 11.3801088333, "dmean2": 16.0519332886, "dvar": 466.387390137, "dvar2": 980.016906738, "max": 798.966125488, "mean": 45.8809242249, "median": 19.7972373962, "min": -1.90336692333, "var": 5487.47607422}, "melbands_skewness": {"dmean": 0.669527292252, "dmean2": 0.961745917797, "dvar": 0.638322532177, "dvar2": 1.40529847145, "max": 20.8759269714, "mean": 3.64773416519, "median": 3.11665916443, "min": -3.97255849838, "var": 8.01180458069}, "melbands_spread": {"dmean": 3.9981713295, "dmean2": 6.02372312546, "dvar": 59.8191795349, "dvar2": 141.08543396, "max": 137.03793335, "mean": 17.6970977783, "median": 4.31683158875, "min": 0.148230567575, "var": 640.691589355}, "pitch_salience": {"dmean": 0.05340860039, "dmean2": 0.0807348638773, "dvar": 0.00342848827131, "dvar2": 0.00845057982951, "max": 0.857247054577, "mean": 0.462404876947, "median": 0.491905450821, "min": 0.00736773852259, "var": 0.0359711907804}, "silence_rate_20dB": {"dmean": 0.000145862955833, "dmean2": 0.000291736563668, "dvar": 0.00014582631411, "dvar2": 0.000291589909466, "max": 1, "mean": 0.999671816826, "median": 1, "min": 0, "var": 0.000327994173858}, "silence_rate_30dB": {"dmean": 0.00743901124224, "dmean2": 0.0148785645142, "dvar": 0.00738786812872, "dvar2": 0.0162561442703, "max": 1, "mean": 0.976918041706, "median": 1, "min": 0, "var": 0.0225607790053}, "silence_rate_60dB": {"dmean": 0.0370491929352, "dmean2": 0.0741010904312, "dvar": 0.035664383322, "dvar2": 0.0775069221854, "max": 1, "mean": 0.403478711843, "median": 0, "min": 0, "var": 0.240702822804}, "spectral_centroid": {"dmean": 112.096366882, "dmean2": 162.121154785, "dvar": 40334.953125, "dvar2": 78796.2421875, "max": 11286.7910156, "mean": 1075.62353516, "median": 524.922119141, "min": 127.841003418, "var": 909827.3125}, "spectral_complexity": {"dmean": 1.04321193695, "dmean2": 1.71883893013, "dvar": 2.44525671005, "dvar2": 5.86015415192, "max": 37, "mean": 6.46481180191, "median": 4, "min": 0, "var": 37.4520721436}, "spectral_decrease": {"dmean": 7.5682277112e-10, "dmean2": 1.04094211029e-09, "dvar": 7.20009189875e-18, "dvar2": 1.49314554352e-17, "max": 6.52600880173e-29, "mean": -3.18644999275e-09, "median": -1.08166375856e-09, "min": -9.15303033366e-08, "var": 5.20219809848e-17}, "spectral_energy": {"dmean": 0.00298120663501, "dmean2": 0.00410223565996, "dvar": 0.000110727531137, "dvar2": 0.000229530021898, "max": 0.363362431526, "mean": 0.0126990089193, "median": 0.00455967057496, "min": 1.06682396408e-20, "var": 0.000797894957941}, "spectral_energyband_high": {"dmean": 3.0311239243e-05, "dmean2": 4.58325630461e-05, "dvar": 1.05781401416e-08, "dvar2": 2.47112108553e-08, "max": 0.00500154541805, "mean": 0.000161862320965, "median": 1.1716329027e-06, "min": 7.99189353768e-21, "var": 1.89054304656e-07}, "spectral_energyband_low": {"dmean": 0.00022894392896, "dmean2": 0.000341544859111, "dvar": 8.77509762631e-07, "dvar2": 2.19097478293e-06, "max": 0.0716367512941, "mean": 0.000855347490869, "median": 3.65742453141e-05, "min": 4.75425452322e-23, "var": 1.35988702823e-05}, "spectral_energyband_middle_high": {"dmean": 0.00026963383425, "dmean2": 0.000403290760005, "dvar": 7.57355735459e-07, "dvar2": 1.70069938576e-06, "max": 0.0404163524508, "mean": 0.00102820526809, "median": 0.000149183731992, "min": 1.36913557702e-21, "var": 4.97724977322e-06}, "spectral_energyband_middle_low": {"dmean": 0.00278869341128, "dmean2": 0.0038165349979, "dvar": 0.000104479062429, "dvar2": 0.000216655535041, "max": 0.322346001863, "mean": 0.0111682675779, "median": 0.00276707671583, "min": 2.64736519621e-22, "var": 0.000751694547944}, "spectral_entropy": {"dmean": 0.152645245194, "dmean2": 0.213728874922, "dvar": 0.0388477742672, "dvar2": 0.0772282332182, "max": 9.80513095856, "mean": 6.26326560974, "median": 6.26344871521, "min": 3.11714148521, "var": 1.19943189621}, "spectral_flux": {"dmean": 0.00891331210732, "dmean2": 0.0143370414153, "dvar": 0.000383317965316, "dvar2": 0.000922342180274, "max": 0.41385897994, "mean": 0.0272959303111, "median": 0.015398895368, "min": 1.03287170483e-10, "var": 0.00113066041376}, "spectral_kurtosis": {"dmean": 5.07201862335, "dmean2": 8.63822460175, "dvar": 52.4406890869, "dvar2": 141.294998169, "max": 138.347610474, "mean": 16.5942077637, "median": 8.79029083252, "min": -1.22928059101, "var": 324.690429688}, "spectral_rms": {"dmean": 0.00030162447365, "dmean2": 0.000400622375309, "dvar": 3.68368148429e-07, "dvar2": 7.37585423849e-07, "max": 0.0188281685114, "mean": 0.00262930756435, "median": 0.00210913689807, "min": 3.22614916552e-12, "var": 5.4760294006e-06}, "spectral_rolloff": {"dmean": 180.993743896, "dmean2": 308.428161621, "dvar": 208198.9375, "dvar2": 454928, "max": 18798.4863281, "mean": 1286.38232422, "median": 430.6640625, "min": 21.533203125, "var": 2005761.625}, "spectral_skewness": {"dmean": 0.40339076519, "dmean2": 0.679020822048, "dvar": 0.224509820342, "dvar2": 0.592924237251, "max": 9.92468738556, "mean": 2.70670723915, "median": 2.18799686432, "min": -0.0373436808586, "var": 2.76341557503}, "spectral_spread": {"dmean": 297025.15625, "dmean2": 494227.46875, "dvar": 133296357376, "dvar2": 274188812288, "max": 41638944, "mean": 3238620.75, "median": 3229509, "min": 663099.5, "var": 1221943099390.0}, "spectral_strongpeak": {"dmean": 0.282379984856, "dmean2": 0.4353300035, "dvar": 0.396463125944, "dvar2": 0.980252563953, "max": 20.8364582062, "mean": 0.957540512085, "median": 0.567062318325, "min": 0, "var": 1.53181600571}, "zerocrossingrate": {"dmean": 0.00414140755311, "dmean2": 0.00479652360082, "dvar": 4.07784900744e-05, "dvar2": 4.33177301602e-05, "max": 0.51025390625, "mean": 0.0446222536266, "median": 0.02392578125, "min": 0.0048828125, "var": 0.00164409144782}, "barkbands": {"dmean": [1.08802043997e-06, 2.51208966802e-05, 0.000112595495011, 0.000232211881666, 0.000639130594209, 0.00162361713592, 0.00113779178355, 0.000129941181513, 4.22133525717e-05, 1.35564623633e-05, 1.86739362107e-05, 3.8912105083e-05, 8.56053738971e-05, 4.07878214901e-05, 2.64807022177e-05, 2.99901585095e-05, 2.73016048595e-05, 7.2393740993e-05, 0.000111869798275, 3.06794790959e-05, 1.15664770419e-05, 9.17293891689e-06, 8.88880185812e-06, 6.15076123722e-06, 4.38478218712e-06, 3.46618065805e-07, 4.83906390514e-08], "dmean2": [1.92452398551e-06, 4.26245060225e-05, 0.000179566981387, 0.000319456477882, 0.000863384455442, 0.00241100857966, 0.00149284326471, 0.000174643355422, 4.87847646582e-05, 1.97126428247e-05, 2.82973451249e-05, 5.8154346334e-05, 0.000132905188366, 6.01843421464e-05, 3.8992438931e-05, 4.21830700361e-05, 4.08883715863e-05, 0.0001099448491, 0.000171145846252, 4.78619076603e-05, 1.82692365343e-05, 1.47176624523e-05, 1.41913105836e-05, 9.71366171143e-06, 6.81866868035e-06, 5.2448592669e-07, 7.50641433456e-08], "dvar": [9.16396264428e-11, 5.61001733956e-09, 3.16527120958e-07, 7.7597451309e-07, 3.98005067836e-06, 5.81230233365e-05, 3.79487682949e-05, 8.44162343583e-07, 9.37832140835e-08, 9.42039157792e-09, 1.50577115221e-08, 1.07364606095e-07, 1.45313606481e-07, 2.81727707829e-08, 1.88533899603e-08, 5.35026458692e-08, 1.86726332174e-08, 7.18788868426e-08, 1.72320469005e-07, 1.24148371583e-08, 1.8362534826e-09, 1.77054537698e-09, 1.45300327326e-09, 5.14594644674e-10, 3.15252712824e-10, 2.87566173131e-12, 1.25252531871e-12], "dvar2": [2.67823568878e-10, 1.54731729651e-08, 9.77435206551e-07, 1.56585178956e-06, 8.03840157459e-06, 0.000140418545925, 6.79755394231e-05, 1.89137017514e-06, 1.62803942771e-07, 2.20110560889e-08, 3.46766988457e-08, 2.29134968777e-07, 3.57647962801e-07, 6.23973264169e-08, 4.17190477719e-08, 8.60444657746e-08, 3.5548627153e-08, 1.59400400435e-07, 3.70153742324e-07, 3.08694261264e-08, 4.73439509818e-09, 4.61047466871e-09, 3.88252363592e-09, 1.28676802547e-09, 7.57925999739e-10, 7.24865827084e-12, 3.71891319823e-12], "max": [0.000442877557361, 0.0021890681237, 0.0233228243887, 0.0819128826261, 0.0795684829354, 0.302324324846, 0.274550825357, 0.051927216351, 0.0338924191892, 0.00749822240323, 0.00756982946768, 0.0267505422235, 0.0157712996006, 0.006928677205, 0.00967647507787, 0.0249403491616, 0.0131868598983, 0.0150335337967, 0.0279401671141, 0.00481295399368, 0.00176164321601, 0.00288922176696, 0.00181835750118, 0.000988393789157, 0.000945230422076, 0.000116998256999, 0.000128778803628], "mean": [9.91910383163e-07, 3.34041396854e-05, 0.000311257899739, 0.000974509399384, 0.00203049997799, 0.0044309287332, 0.00323237525299, 0.000374389870558, 0.00012002245785, 2.74533304037e-05, 3.03318938677e-05, 7.27449369151e-05, 0.000159812247148, 8.24782910058e-05, 5.29756835022e-05, 5.47890958842e-05, 5.16616091772e-05, 0.000170141429408, 0.000278453051578, 7.73341671447e-05, 3.30874354404e-05, 2.58969339484e-05, 2.97563492495e-05, 2.30076493608e-05, 1.94629647012e-05, 1.00675731574e-06, 5.32106945172e-08], "median": [9.95296147721e-08, 1.45020021591e-06, 7.91575803305e-06, 3.10087489197e-05, 0.000284904235741, 0.000567194540054, 8.52530356497e-05, 8.69303221407e-06, 2.12180748349e-06, 4.90530055686e-07, 1.17191166282e-06, 5.60686203244e-06, 1.27732455439e-05, 7.27693623048e-06, 3.40150086231e-06, 1.83087070127e-06, 1.47488572111e-06, 5.15485271535e-06, 4.79000482301e-06, 9.82158212537e-07, 2.38190864366e-07, 1.53647846446e-07, 1.48492034668e-07, 1.17298185387e-07, 1.16277263373e-07, 9.98849269962e-09, 1.28422972256e-09], "min": [2.72774986213e-24, 2.72128139992e-23, 3.26738889979e-24, 2.71296806816e-23, 6.44770601499e-23, 3.28271496834e-23, 6.70937243943e-23, 2.37932913017e-23, 3.37179819047e-23, 7.37587155192e-23, 8.68895009241e-23, 1.00014196323e-22, 1.7513950292e-22, 7.64950152531e-23, 1.58731663097e-22, 9.48420203314e-23, 2.40725739368e-22, 6.35842147556e-23, 1.76944012774e-22, 2.87476312427e-22, 3.89302907214e-22, 4.89774226343e-22, 8.02912928702e-22, 1.16552656366e-21, 1.09278586367e-21, 1.65586927472e-21, 2.41428716671e-21], "var": [6.07078623482e-11, 8.67838334528e-09, 1.73666717274e-06, 1.91022609215e-05, 2.81355587504e-05, 0.00021760915115, 0.000213347040699, 3.83073120247e-06, 5.70755616991e-07, 2.42929765193e-08, 2.78849210389e-08, 3.22788906715e-07, 3.78128959255e-07, 6.97848392406e-08, 6.10743953189e-08, 1.50917657038e-07, 5.15838181059e-08, 2.60057561263e-07, 7.63164962336e-07, 4.98485484002e-08, 8.28178681189e-09, 6.89801149534e-09, 8.5477589451e-09, 4.55384041587e-09, 3.71028052726e-09, 9.21429252343e-12, 6.63074413085e-13]}, "erbbands": {"dmean": [0.000419415096985, 0.00764671899378, 0.086986258626, 0.496138393879, 1.07116293907, 2.4367184639, 5.67750310898, 17.293504715, 21.3721218109, 4.84096193314, 2.64420580864, 0.727179169655, 0.398316413164, 0.479572057724, 0.920788526535, 1.42797672749, 3.86926245689, 2.15005421638, 1.80261540413, 0.900846898556, 1.70889019966, 1.64119458199, 3.36619591713, 6.19613647461, 3.45964694023, 1.43284964561, 0.655483305454, 0.279387146235, 0.238805308938, 0.452135294676, 0.187393784523, 0.188176438212, 0.0695164203644, 0.0752053633332, 0.0214122161269, 0.00247759441845, 0.000523274065927, 6.97373325238e-05, 8.94186905498e-06, 3.74537717107e-06], "dmean2": [0.000700163887814, 0.0129194902256, 0.139797642827, 0.697467923164, 1.51060938835, 3.40822529793, 7.47987222672, 25.9999732971, 28.8198375702, 6.87566947937, 3.26512360573, 0.879697203636, 0.572049856186, 0.698854148388, 1.39481985569, 2.12865972519, 5.90598011017, 3.19514942169, 2.69831848145, 1.30378782749, 2.39993071556, 2.44319152832, 5.07453584671, 9.43126392365, 5.35742139816, 2.21282935143, 1.03477883339, 0.440366119146, 0.377697706223, 0.712959289551, 0.300417482853, 0.29840400815, 0.10919521749, 0.119481682777, 0.0332874730229, 0.00372543744743, 0.000783714174759, 0.000102777434222, 1.33844650918e-05, 5.25313134858e-06], "dvar": [1.56263047302e-06, 0.000516200321727, 0.15598103404, 3.81037378311, 10.3109016418, 74.8644485474, 500.933319092, 7323.82373047, 12594.5175781, 1171.04382324, 249.243652344, 25.222442627, 10.2336292267, 8.09616661072, 46.3991165161, 167.645904541, 307.889251709, 74.4634780884, 69.0732574463, 20.8277854919, 228.989028931, 68.1715698242, 206.61366272, 551.512390137, 154.779205322, 30.6070175171, 5.68653249741, 1.00109791756, 0.859286248684, 4.9275226593, 0.759416401386, 0.494692951441, 0.0699029266834, 0.100964821875, 0.00754277454689, 0.000108591935714, 7.26062035028e-06, 4.89788988034e-07, 2.8005464614e-08, 3.86934151386e-10], "dvar2": [4.19250955019e-06, 0.00145809154492, 0.48472225666, 8.06248760223, 19.8342208862, 157.029403687, 992.900085449, 18585.8183594, 23975.3828125, 2481.38671875, 477.199371338, 48.064491272, 25.8772583008, 18.719991684, 111.802787781, 358.814239502, 729.046691895, 167.162811279, 169.566757202, 40.2023277283, 366.121917725, 132.15234375, 450.388580322, 1203.04284668, 352.758728027, 75.4095535278, 14.5761146545, 2.50283360481, 2.25765323639, 12.2071838379, 2.13749933243, 1.27002394199, 0.172644391656, 0.254445761442, 0.0188275445253, 0.000265463575488, 1.82367839443e-05, 1.3785036117e-06, 8.31009074886e-08, 1.04225661435e-09], "max": [0.0363391824067, 0.605251073837, 15.3660535812, 188.724334717, 203.672027588, 475.695953369, 1141.45178223, 3639.29638672, 4979.97216797, 3282.57617188, 901.13470459, 503.854125977, 298.648925781, 125.776077271, 390.698699951, 1057.39196777, 753.647766113, 372.381744385, 516.89074707, 322.108337402, 1721.71459961, 785.776306152, 853.103149414, 1940.17626953, 1111.20874023, 268.528778076, 123.817459106, 46.0482559204, 43.5102539062, 152.581008911, 50.9269752502, 30.5403003693, 12.7639760971, 17.3734798431, 3.90709638596, 0.502134919167, 0.208387613297, 0.0733947902918, 0.0192401632667, 0.00193000992294], "mean": [0.000609264883678, 0.0128478538245, 0.244085714221, 2.0998840332, 3.45577692986, 7.07526826859, 19.3851680756, 44.3304595947, 61.1415786743, 13.8848323822, 8.52045345306, 2.16402626038, 0.918086647987, 0.944201350212, 1.67453598976, 2.81704044342, 7.46912479401, 4.79319906235, 3.91500806808, 2.09752750397, 3.25324082375, 3.51586771011, 8.01774120331, 15.6932420731, 9.20594882965, 3.81273388863, 1.87733530998, 0.923330724239, 0.755957961082, 1.34557783604, 0.696636021137, 0.646472990513, 0.269413292408, 0.294138401747, 0.08737770468, 0.00952937267721, 0.00151006667875, 0.000122040728456, 1.74025444721e-05, 1.55427442223e-05], "median": [6.16580946371e-05, 0.000891009229235, 0.0119547881186, 0.0904705226421, 0.358351498842, 0.909662842751, 2.35944890976, 4.9700756073, 3.37380170822, 0.804335355759, 0.289725244045, 0.0724859833717, 0.0249699261039, 0.0364859215915, 0.112149953842, 0.262489497662, 0.61716234684, 0.55975985527, 0.347155600786, 0.189364627004, 0.152940556407, 0.154759585857, 0.328811585903, 0.355451703072, 0.164691150188, 0.0486596301198, 0.0162085201591, 0.00634725764394, 0.00477954559028, 0.00650452915579, 0.00372851965949, 0.00326737528667, 0.00145693030208, 0.0016485779779, 0.000633045390714, 8.71892480063e-05, 1.88358026207e-05, 2.03355762096e-06, 3.33490106641e-06, 5.97591406404e-06], "min": [1.24130567817e-21, 4.50735481762e-21, 4.27521837249e-21, 5.30641306649e-20, 6.74444491255e-20, 2.79357323477e-19, 2.45804344591e-19, 4.34098181613e-19, 8.40539010759e-19, 8.72367835056e-19, 4.58123900999e-19, 9.83197526031e-19, 1.70373935818e-18, 2.88544503178e-18, 3.35393428134e-18, 4.59683332909e-18, 6.93682264365e-18, 4.2740236135e-18, 5.37638901787e-18, 8.03000882477e-18, 7.67812205629e-18, 1.12309364063e-17, 4.4782644329e-18, 8.34665356326e-18, 9.77788447249e-18, 1.41918467797e-17, 1.22622039826e-17, 1.79548849465e-17, 1.63894423285e-17, 2.36829386348e-17, 2.13464710417e-17, 1.9821098707e-17, 2.21648239828e-17, 1.20426462598e-17, 8.65913841044e-18, 4.70044514544e-18, 2.9637229943e-18, 1.53371662257e-18, 3.60439454125e-19, 3.62257060737e-20], "var": [2.34569051827e-06, 0.0012123194756, 0.86645591259, 88.3640975952, 110.865127563, 470.088134766, 3049.92114258, 25233.1386719, 67689.0078125, 3973.0378418, 1486.02404785, 140.493789673, 21.8802547455, 19.7013511658, 89.9020004272, 496.993103027, 877.636108398, 194.765518188, 215.255432129, 78.7981567383, 630.406677246, 207.237167358, 677.781799316, 2470.94165039, 667.391479492, 123.296188354, 26.3849716187, 6.46373939514, 5.23375272751, 20.1266841888, 4.64387750626, 3.67257642746, 0.647133946419, 0.893094301224, 0.0749128833413, 0.000790808990132, 2.11316182686e-05, 3.70025333041e-07, 1.56602197876e-08, 1.1756615681e-09]}, "gfcc": {"mean": [-193.008056641, 102.025726318, -118.703071594, 29.8108062744, -68.3496856689, -23.516462326, -70.4050750732, -15.2781209946, -31.5536899567, 1.69240701199, 14.0119304657, -8.14333534241, -14.6143770218], "cov": [[12331.9804688, -2316.43920898, -1617.56921387, 1558.58618164, 157.119247437, 536.541137695, -382.661437988, -95.2219085693, -404.93838501, 148.564025879, -197.992416382, 89.7866668701, -212.027816772], [-2316.43920898, 2550.35913086, 1011.8112793, -1214.66589355, 108.801261902, -606.311645508, 76.0921859741, -471.978973389, 118.804641724, -206.949707031, 131.034820557, -215.591415405, 98.9745178223], [-1617.56921387, 1011.8112793, 1276.06335449, 46.3551368713, 301.752685547, -26.6513710022, 46.1318702698, -228.13722229, -127.005661011, -225.00328064, -64.2870864868, -167.593551636, -49.7273139954], [1558.58618164, -1214.66589355, 46.3551368713, 2021.38354492, 651.584533691, 564.399475098, -107.069038391, 50.4510307312, -316.368041992, -89.2464752197, -165.21144104, -73.8397064209, -228.666854858], [157.119247437, 108.801261902, 301.752685547, 651.584533691, 570.795654297, 210.445449829, -14.9444084167, -144.307830811, -154.971710205, -128.974334717, -86.8561935425, -121.44316864, -106.402297974], [536.541137695, -606.311645508, -26.6513710022, 564.399475098, 210.445449829, 473.328491211, 88.2174377441, 153.227600098, -135.021118164, -16.2285499573, -138.664627075, -6.43473577499, -109.999130249], [-382.661437988, 76.0921859741, 46.1318702698, -107.069038391, -14.9444084167, 88.2174377441, 191.203399658, 142.711212158, 40.6194496155, -35.2667541504, -55.1528587341, -16.085100174, -11.980255127], [-95.2219085693, -471.978973389, -228.13722229, 50.4510307312, -144.307830811, 153.227600098, 142.711212158, 360.80291748, 103.357063293, 65.9219284058, -77.4169464111, 51.7123718262, -22.000535965], [-404.93838501, 118.804641724, -127.005661011, -316.368041992, -154.971710205, -135.021118164, 40.6194496155, 103.357063293, 214.437011719, 107.916694641, 59.281085968, 5.51496839523, 27.0067806244], [148.564025879, -206.949707031, -225.00328064, -89.2464752197, -128.974334717, -16.2285499573, -35.2667541504, 65.9219284058, 107.916694641, 205.618133545, 114.594184875, 64.7943267822, -9.81165409088], [-197.992416382, 131.034820557, -64.2870864868, -165.21144104, -86.8561935425, -138.664627075, -55.1528587341, -77.4169464111, 59.281085968, 114.594184875, 215.290420532, 93.2344741821, 47.3481903076], [89.7866668701, -215.591415405, -167.593551636, -73.8397064209, -121.44316864, -6.43473577499, -16.085100174, 51.7123718262, 5.51496839523, 64.7943267822, 93.2344741821, 197.234802246, 101.385269165], [-212.027816772, 98.9745178223, -49.7273139954, -228.666854858, -106.402297974, -109.999130249, -11.980255127, -22.000535965, 27.0067806244, -9.81165409088, 47.3481903076, 101.385269165, 165.631362915]], "icov": [[0.000135242458782, -9.97682309389e-06, 0.000201070637559, -0.000100251221738, 0.000104698599898, -1.96462769964e-05, -1.34285946842e-05, 0.000325954722939, 0.000112099092803, -0.000168064958416, 0.000348170055076, -0.000160907322424, 0.000168316924828], [-9.97682309389e-06, 0.0025531842839, -0.00116434483789, 0.00138243590482, -0.00176765793003, 0.00179991533514, -0.00188217370305, 0.00126345083117, -0.000550340802874, 0.000763457734138, -0.00117612362374, 0.0012108538067, -0.000157976013725], [0.000201070637559, -0.00116434483789, 0.00200038496405, -0.000674606824759, 0.000596376543399, -0.000756653666031, 0.000280270905932, 0.000313485856168, 0.000585471221711, 0.000315125304041, 0.000599464750849, -0.000291726028081, 0.00049531145487], [-0.000100251221738, 0.00138243590482, -0.000674606824759, 0.00238959374838, -0.00257486850023, 0.000300928484648, 0.00119544414338, -0.00161464465782, 0.000966619467363, 0.00103356363252, -0.00180320441723, 0.00117600802332, 0.000259041436948], [0.000104698599898, -0.00176765793003, 0.000596376543399, -0.00257486850023, 0.00666837580502, -0.00346389156766, -3.15791694447e-05, 0.00336773158051, -0.00229837652296, 0.00135743676219, 0.00103594386019, -0.000594873679802, 0.000766111130361], [-1.96462769964e-05, 0.00179991533514, -0.000756653666031, 0.000300928484648, -0.00346389156766, 0.00980326067656, -0.00554066151381, -0.00131355039775, 0.00599540350959, -0.00542372930795, 0.00334717379883, -0.00105208694004, 0.00118596327957], [-1.34285946842e-05, -0.00188217370305, 0.000280270905932, 0.00119544414338, -3.15791694447e-05, -0.00554066151381, 0.0156711321324, -0.00801577698439, -0.00184742629062, 0.00638325093314, -0.00390245905146, 0.00159957795404, 2.67118521151e-05], [0.000325954722939, 0.00126345083117, 0.000313485856168, -0.00161464465782, 0.00336773158051, -0.00131355039775, -0.00801577698439, 0.0150696802884, -0.00799967069179, -0.00118461996317, 0.00700007192791, -0.00598948588595, 0.00313960644417], [0.000112099092803, -0.000550340802874, 0.000585471221711, 0.000966619467363, -0.00229837652296, 0.00599540350959, -0.00184742629062, -0.00799967069179, 0.0186767000705, -0.00969039648771, -0.000770192418713, 0.00585757615045, -0.00369307189249], [-0.000168064958416, 0.000763457734138, 0.000315125304041, 0.00103356363252, 0.00135743676219, -0.00542372930795, 0.00638325093314, -0.00118461996317, -0.00969039648771, 0.019410321489, -0.00980691984296, -0.000654421804938, 0.00435845460743], [0.000348170055076, -0.00117612362374, 0.000599464750849, -0.00180320441723, 0.00103594386019, 0.00334717379883, -0.00390245905146, 0.00700007192791, -0.000770192418713, -0.00980691984296, 0.0174885392189, -0.0094213411212, 0.00268719298765], [-0.000160907322424, 0.0012108538067, -0.000291726028081, 0.00117600802332, -0.000594873679802, -0.00105208694004, 0.00159957795404, -0.00598948588595, 0.00585757615045, -0.000654421804938, -0.0094213411212, 0.0177777670324, -0.0103369411081], [0.000168316924828, -0.000157976013725, 0.00049531145487, 0.000259041436948, 0.000766111130361, 0.00118596327957, 2.67118521151e-05, 0.00313960644417, -0.00369307189249, 0.00435845460743, 0.00268719298765, -0.0103369411081, 0.0149720050395]]}, "melbands": {"dmean": [5.24300639881e-06, 3.32184936269e-05, 9.58928358159e-05, 0.000118523923447, 0.000178321817657, 0.000374807976186, 0.000287035916699, 4.33628047176e-05, 2.04625066544e-05, 3.93431309931e-06, 2.07198377211e-06, 1.94510471374e-06, 2.62260550699e-06, 4.02711475544e-06, 4.62086200059e-06, 1.0505168575e-05, 3.58704596692e-06, 3.34805076818e-06, 1.87764590009e-06, 1.6114107666e-06, 2.01835723601e-06, 1.85644432804e-06, 2.33386595028e-06, 3.84599889003e-06, 5.92093738305e-06, 4.17823184762e-06, 1.63894071648e-06, 9.60777811088e-07, 4.90439788337e-07, 3.4988141806e-07, 1.55696255888e-07, 1.60203754263e-07, 2.18581504896e-07, 2.85028505687e-07, 1.45246858096e-07, 1.17305866354e-07, 1.27653933646e-07, 7.03743623376e-08, 5.3037616965e-08, 7.37395353667e-08], "dmean2": [8.85113968252e-06, 5.37866217201e-05, 0.000132594053866, 0.00016888747632, 0.00023387640249, 0.000559675740078, 0.000385862629628, 6.28780326224e-05, 2.45776300289e-05, 4.83423991682e-06, 2.96526945931e-06, 2.80972403743e-06, 4.01222359869e-06, 6.12308849668e-06, 6.79857066643e-06, 1.61764619406e-05, 5.32425201527e-06, 5.0517028285e-06, 2.73569980891e-06, 2.32079310081e-06, 2.85806504507e-06, 2.76314813163e-06, 3.56084342457e-06, 5.78377375859e-06, 9.06839795789e-06, 6.41441920379e-06, 2.54975816461e-06, 1.48748324591e-06, 7.73872045556e-07, 5.55825977244e-07, 2.48308651862e-07, 2.53623198887e-07, 3.46520522498e-07, 4.45965582685e-07, 2.34917266084e-07, 1.87462177337e-07, 2.02264615723e-07, 1.11772443745e-07, 8.50110950523e-08, 1.1550981327e-07], "dvar": [2.46684284111e-10, 2.26314842422e-08, 1.10115053076e-07, 1.40478519484e-07, 4.3742849698e-07, 3.19835226037e-06, 2.17502224586e-06, 1.01074590475e-07, 1.46504763876e-08, 7.40987105008e-10, 2.63955662883e-10, 1.28208915706e-10, 3.5915348473e-10, 1.07189468412e-09, 1.1113036047e-09, 2.41917508248e-09, 2.49124831875e-10, 2.43530889898e-10, 1.08947011135e-10, 9.04616798136e-11, 3.4740130217e-10, 1.20870757847e-10, 9.61636326124e-11, 2.7162405658e-10, 5.28519894516e-10, 2.65201388627e-10, 3.47344063234e-11, 1.37107981218e-11, 3.38369046324e-12, 1.7678815226e-12, 3.57673146743e-13, 4.0239751635e-13, 1.01470372903e-12, 1.73017232052e-12, 4.84369434752e-13, 2.4614910262e-13, 2.34961464347e-13, 7.60742583836e-14, 4.78861572519e-14, 9.81138320545e-14], "dvar2": [6.7129685144e-10, 7.07300031877e-08, 2.26393950697e-07, 2.95484511526e-07, 8.64557989644e-07, 7.91037473391e-06, 4.13746465711e-06, 2.23525461251e-07, 2.7107208922e-08, 1.45922540717e-09, 6.54508169884e-10, 2.92244339839e-10, 8.44405156908e-10, 2.57576115992e-09, 2.01705119274e-09, 5.91417848028e-09, 5.53277257342e-10, 5.93600946175e-10, 2.0400878209e-10, 1.57352450514e-10, 5.57891510766e-10, 2.20611279245e-10, 2.23537507948e-10, 5.55189949569e-10, 1.14610676505e-09, 5.70225977548e-10, 8.54506673753e-11, 3.38041677983e-11, 8.59371167977e-12, 4.61968917981e-12, 9.16488564727e-13, 1.05957419488e-12, 2.58303144499e-12, 4.33576308537e-12, 1.38319032877e-12, 6.72333228587e-13, 6.10713519686e-13, 1.88486880726e-13, 1.26767628512e-13, 2.41806195293e-13], "max": [0.000450999155873, 0.00594823388383, 0.0282726809382, 0.016718916595, 0.0312007665634, 0.0725456029177, 0.0633976757526, 0.0292836148292, 0.00948255229741, 0.0025873077102, 0.0014735792065, 0.000434848334407, 0.0011245746864, 0.00234810006805, 0.00353362201713, 0.00211778632365, 0.00077507365495, 0.000888570211828, 0.000962096150033, 0.000656176533084, 0.0021650607232, 0.00115906412248, 0.000581234518904, 0.001127306954, 0.00191116076894, 0.00163045013323, 0.000249207369052, 0.000153373912326, 0.000104998151073, 5.12606056873e-05, 2.37332769757e-05, 3.21224651998e-05, 6.86873390805e-05, 7.07396538928e-05, 4.39111172454e-05, 2.00731410587e-05, 2.00153408514e-05, 1.29272684717e-05, 1.23028485177e-05, 1.86819179362e-05], "mean": [7.00731243342e-06, 8.5908890469e-05, 0.000398926029447, 0.000336861849064, 0.000609152775723, 0.0010135214543, 0.000830405799206, 0.000114899507025, 6.36327458778e-05, 1.07715104605e-05, 4.42743112217e-06, 3.79481912205e-06, 4.52354379377e-06, 7.35491130399e-06, 8.83131542651e-06, 1.94078038476e-05, 7.37546497476e-06, 6.73854538036e-06, 3.78156869374e-06, 2.98059694614e-06, 3.59009118256e-06, 3.29233785124e-06, 4.78557331007e-06, 8.70181156643e-06, 1.35927657539e-05, 9.37430650083e-06, 3.69492431673e-06, 2.15570207729e-06, 1.18871116683e-06, 8.69053849328e-07, 4.11492408148e-07, 3.91121716348e-07, 5.62638092561e-07, 8.08270556263e-07, 4.1148811647e-07, 3.49364370322e-07, 3.99382145133e-07, 1.9511004723e-07, 1.81767262575e-07, 2.66271541705e-07], "median": [3.82258832587e-07, 3.02689795717e-06, 2.19648700295e-05, 4.47416132374e-05, 7.44980352465e-05, 0.000118951167678, 4.94628911838e-05, 4.52190261058e-06, 1.63527465702e-06, 2.2769799557e-07, 7.72697461571e-08, 1.09653285563e-07, 2.63830486347e-07, 5.14338125868e-07, 7.10235894985e-07, 1.39549047162e-06, 7.2091711445e-07, 4.36309562701e-07, 2.42133921802e-07, 1.12971150656e-07, 1.1232410202e-07, 8.93222846798e-08, 1.52552587451e-07, 2.48958485827e-07, 2.5640318313e-07, 1.42475101939e-07, 4.78789132785e-08, 2.12210018447e-08, 9.82551995321e-09, 5.71477709599e-09, 2.59283661208e-09, 2.45118036979e-09, 2.9006237412e-09, 3.62967167433e-09, 2.02892236345e-09, 1.85190751623e-09, 1.89311943899e-09, 1.04083008878e-09, 1.02664210466e-09, 1.50745349536e-09], "min": [9.40964016256e-24, 2.87645980631e-24, 9.65129429024e-24, 1.02292185226e-23, 1.19086071488e-23, 8.45608403299e-24, 1.34588474118e-23, 8.212327591e-24, 3.73320100913e-24, 6.26157041899e-24, 8.3785532055e-24, 1.17325097289e-23, 1.27666748212e-23, 9.74307510112e-24, 1.89631638211e-23, 1.34491318009e-23, 6.9343011382e-24, 6.11916485395e-24, 1.66342113483e-23, 6.70656093917e-24, 1.01594997846e-23, 1.42301514288e-23, 4.89838090944e-24, 3.5976498565e-24, 7.17837864658e-24, 6.45836005483e-24, 8.68185760179e-24, 9.61684315679e-24, 5.90237522757e-24, 9.12031753696e-24, 1.12975326146e-23, 8.73149825197e-24, 1.05012035632e-23, 1.30719979125e-23, 1.02524023557e-23, 1.48145048775e-23, 1.06917434485e-23, 1.53496065844e-23, 1.35333632129e-23, 9.25173860833e-24], "var": [3.64999974689e-10, 1.11641568878e-07, 2.43553085966e-06, 8.83652717221e-07, 2.84279076368e-06, 1.19587512017e-05, 1.16630399134e-05, 3.31428822165e-07, 8.85979147824e-08, 3.79087694569e-09, 5.67898505999e-10, 3.35755118153e-10, 6.64587607169e-10, 2.42115527627e-09, 3.81258757898e-09, 6.30413143909e-09, 5.55266777003e-10, 7.08868630461e-10, 3.78254982891e-10, 2.89934409814e-10, 9.28089993746e-10, 3.08594094722e-10, 2.75458128529e-10, 8.97703689162e-10, 2.13162221208e-09, 9.30886923101e-10, 1.10729370117e-10, 4.74842908049e-11, 1.26904112219e-11, 6.35458309237e-12, 1.51271942021e-12, 1.5666391795e-12, 3.62390347765e-12, 7.52464323489e-12, 1.84359363713e-12, 1.27291926999e-12, 1.44931820451e-12, 3.80944082702e-13, 3.28314252954e-13, 7.70212236004e-13]}, "mfcc": {"mean": [-838.182250977, 123.152374268, 1.62241470814, 31.2597389221, 9.98477840424, -15.7493314743, -13.7632293701, -28.1565876007, -45.0872879028, -13.7063045502, 2.79064583778, -2.81165242195, 0.101883262396], "cov": [[13555.3984375, -3171.24951172, -1408.48742676, 768.59387207, 366.406005859, 620.31640625, 165.979156494, 62.2283058167, -132.046051025, 38.5340690613, 12.8794546127, -21.8572883606, -20.5012359619], [-3171.24951172, 3653.07446289, 527.872070312, -779.912841797, -449.846405029, -471.934875488, -349.877868652, -386.926635742, -153.891494751, -170.611709595, -88.9043502808, -50.1408729553, -55.6912460327], [-1408.48742676, 527.872070312, 722.803283691, 137.410186768, 144.09513855, 78.5424804688, 98.9450836182, 25.5352344513, 2.15323424339, -35.5730628967, -33.5746841431, -55.7908058167, -73.3748626709], [768.59387207, -779.912841797, 137.410186768, 938.918884277, 636.40838623, 423.15625, 226.262954712, 81.4395828247, -78.3962478638, -25.0380496979, -24.8534011841, -54.1234092712, -57.0107803345], [366.406005859, -449.846405029, 144.09513855, 636.40838623, 630.119689941, 429.65020752, 224.876464844, 47.7850723267, -73.5021743774, -30.2704315186, -25.3676128387, -77.0568847656, -79.1290512085], [620.31640625, -471.934875488, 78.5424804688, 423.15625, 429.65020752, 416.604614258, 232.808731079, 63.0327568054, -46.2394332886, -19.3263378143, -13.589673996, -56.2365112305, -69.4835281372], [165.979156494, -349.877868652, 98.9450836182, 226.262954712, 224.876464844, 232.808731079, 253.528610229, 159.374343872, 51.0501480103, 3.83423709869, -18.7205619812, -23.7510681152, -38.4790687561], [62.2283058167, -386.926635742, 25.5352344513, 81.4395828247, 47.7850723267, 63.0327568054, 159.374343872, 270.260162354, 190.428283691, 49.3032188416, -26.3987598419, 6.38784694672, 1.96241235733], [-132.046051025, -153.891494751, 2.15323424339, -78.3962478638, -73.5021743774, -46.2394332886, 51.0501480103, 190.428283691, 256.674407959, 116.426460266, 2.90220618248, 4.95867538452, 3.18789315224], [38.5340690613, -170.611709595, -35.5730628967, -25.0380496979, -30.2704315186, -19.3263378143, 3.83423709869, 49.3032188416, 116.426460266, 181.547973633, 112.927513123, 2.8664753437, -27.3760452271], [12.8794546127, -88.9043502808, -33.5746841431, -24.8534011841, -25.3676128387, -13.589673996, -18.7205619812, -26.3987598419, 2.90220618248, 112.927513123, 172.712387085, 74.2224578857, -1.34662055969], [-21.8572883606, -50.1408729553, -55.7908058167, -54.1234092712, -77.0568847656, -56.2365112305, -23.7510681152, 6.38784694672, 4.95867538452, 2.8664753437, 74.2224578857, 181.648544312, 128.145812988], [-20.5012359619, -55.6912460327, -73.3748626709, -57.0107803345, -79.1290512085, -69.4835281372, -38.4790687561, 1.96241235733, 3.18789315224, -27.3760452271, -1.34662055969, 128.145812988, 201.067245483]], "icov": [[0.000122162615298, 5.49471915292e-05, 0.000201344344532, -0.00011698641174, 0.000246023118962, -0.000344097148627, 0.000112947382149, 2.68008243438e-05, 3.43639476341e-05, -2.51751807809e-05, 9.62540798355e-05, -2.98870927509e-05, 8.29646523925e-05], [5.49471915292e-05, 0.000595432065893, -0.000366629945347, 0.000458364840597, -0.000340432947269, 0.000471872161143, -7.55460205255e-05, 0.00092506891815, -0.000347041204805, 0.000414900132455, 0.000237931191805, -0.000193501022295, 0.000359210476745], [0.000201344344532, -0.000366629945347, 0.00234854244627, -0.000717850052752, 0.000252042897046, -7.33946726541e-05, -0.00109277712181, 0.000284525245661, -0.000595135788899, 0.000661359576043, -0.00045332746231, 0.000323971704347, 0.00032437837217], [-0.00011698641174, 0.000458364840597, -0.000717850052752, 0.00433126883581, -0.00453728903085, 0.000947070133407, 0.000852787925396, -0.00144217326306, 0.00195602723397, -0.00140869850293, 0.0013497263426, -0.00104956026189, 0.000255230756011], [0.000246023118962, -0.000340432947269, 0.000252042897046, -0.00453728903085, 0.0106889987364, -0.00751647539437, 0.000553074118216, 0.000479831796838, -0.00048770068679, 0.000544470909517, -0.000695479218848, 0.00153224670794, -0.000452804903034], [-0.000344097148627, 0.000471872161143, -7.33946726541e-05, 0.000947070133407, -0.00751647539437, 0.0149727007374, -0.00936332996935, 0.00404462544248, -0.000656989170238, 0.00100074626971, -0.000630822964013, 0.000143211538671, 0.000773259205744], [0.000112947382149, -7.55460205255e-05, -0.00109277712181, 0.000852787925396, 0.000553074118216, -0.00936332996935, 0.0180632863194, -0.0116760889068, 0.00445233331993, -0.00138419086579, 0.000514097628184, -0.00069502851693, 0.000573702680413], [2.68008243438e-05, 0.00092506891815, 0.000284525245661, -0.00144217326306, 0.000479831796838, 0.00404462544248, -0.0116760889068, 0.0202309973538, -0.0141265662387, 0.00538781890646, -0.000392118730815, -0.000817662279587, 0.000584507244639], [3.43639476341e-05, -0.000347041204805, -0.000595135788899, 0.00195602723397, -0.00048770068679, -0.000656989170238, 0.00445233331993, -0.0141265662387, 0.0209237895906, -0.016149064526, 0.0102473106235, -0.00429728347808, 0.00109269109089], [-2.51751807809e-05, 0.000414900132455, 0.000661359576043, -0.00140869850293, 0.000544470909517, 0.00100074626971, -0.00138419086579, 0.00538781890646, -0.016149064526, 0.0278499089181, -0.0217064730823, 0.0109812421724, -0.00289922393858], [9.62540798355e-05, 0.000237931191805, -0.00045332746231, 0.0013497263426, -0.000695479218848, -0.000630822964013, 0.000514097628184, -0.000392118730815, 0.0102473106235, -0.0217064730823, 0.0268227662891, -0.0160347037017, 0.00718462560326], [-2.98870927509e-05, -0.000193501022295, 0.000323971704347, -0.00104956026189, 0.00153224670794, 0.000143211538671, -0.00069502851693, -0.000817662279587, -0.00429728347808, 0.0109812421724, -0.0160347037017, 0.0202225800604, -0.0111410813406], [8.29646523925e-05, 0.000359210476745, 0.00032437837217, 0.000255230756011, -0.000452804903034, 0.000773259205744, 0.000573702680413, 0.000584507244639, 0.00109269109089, -0.00289922393858, 0.00718462560326, -0.0111410813406, 0.012201840058]]}, "spectral_contrast_coeffs": {"dmean": [0.0414801836014, 0.0357195027173, 0.0275760255754, 0.0244133975357, 0.0180115643889, 0.0109940478578], "dmean2": [0.0685130804777, 0.0568522699177, 0.0446136668324, 0.0385724790394, 0.0284705720842, 0.0174140129238], "dvar": [0.00125694298185, 0.0011115684174, 0.000557528866921, 0.000460854615085, 0.000289238843834, 0.000115996452223], "dvar2": [0.0033832967747, 0.00276352907531, 0.00140095991082, 0.00108325527981, 0.000643037026748, 0.000245691946475], "max": [-0.157274886966, -0.236510127783, -0.51110970974, -0.513924300671, -0.477986097336, -0.589941382408], "mean": [-0.563970267773, -0.600402712822, -0.809392809868, -0.779123783112, -0.779105484486, -0.820543408394], "median": [-0.570485711098, -0.59731143713, -0.816474735737, -0.785312712193, -0.791315972805, -0.840858995914], "min": [-0.965436637402, -0.955322086811, -0.977882921696, -0.97229629755, -0.956558406353, -0.958055317402], "var": [0.018876645714, 0.013597629033, 0.00478512840346, 0.00503173749894, 0.00603488460183, 0.00273589161225]}, "spectral_contrast_valleys": {"dmean": [0.437001228333, 0.320624053478, 0.285964787006, 0.238249927759, 0.176794871688, 0.135138913989], "dmean2":