{"lowlevel": {"average_loudness": 0.966956555843, "barkbands_crest": {"dmean": 2.78912425041, "dmean2": 4.4550318718, "dvar": 6.82672214508, "dvar2": 16.6910820007, "max": 26.4636421204, "mean": 13.7491912842, "median": 13.1095962524, "min": 2.72078299522, "var": 22.0765209198}, "barkbands_flatness_db": {"dmean": 0.0340087041259, "dmean2": 0.0520205050707, "dvar": 0.00116944289766, "dvar2": 0.00279303616844, "max": 0.482688635588, "mean": 0.208369314671, "median": 0.207694083452, "min": 0.0336324647069, "var": 0.00518384110183}, "barkbands_kurtosis": {"dmean": 9.62927532196, "dmean2": 15.7141027451, "dvar": 302.320281982, "dvar2": 738.897155762, "max": 323.03604126, "mean": 15.0448360443, "median": 9.87399768829, "min": -1.82389748096, "var": 401.010864258}, "barkbands_skewness": {"dmean": 0.980439603329, "dmean2": 1.55845749378, "dvar": 1.39123046398, "dvar2": 3.47825670242, "max": 13.9167079926, "mean": 2.85779666901, "median": 2.61500954628, "min": -1.8502522707, "var": 2.53273963928}, "barkbands_spread": {"dmean": 6.07809400558, "dmean2": 10.2105894089, "dvar": 130.322967529, "dvar2": 353.071929932, "max": 95.8628463745, "mean": 11.4009237289, "median": 7.22464942932, "min": 0.379710704088, "var": 149.36428833}, "dissonance": {"dmean": 0.0283050257713, "dmean2": 0.0453542023897, "dvar": 0.000647361390293, "dvar2": 0.00154388498049, "max": 0.499999940395, "mean": 0.418978661299, "median": 0.424183487892, "min": 0.177516669035, "var": 0.00225050584413}, "dynamic_complexity": 4.12748289108, "erbbands_crest": {"dmean": 2.39608573914, "dmean2": 3.47921061516, "dvar": 5.56212759018, "dvar2": 11.5858259201, "max": 28.4330272675, "mean": 11.8335103989, "median": 11.0445365906, "min": 2.69823217392, "var": 24.6927032471}, "erbbands_flatness_db": {"dmean": 0.0261168759316, "dmean2": 0.0338910445571, "dvar": 0.000938036420848, "dvar2": 0.00182121188845, "max": 0.42624849081, "mean": 0.183655008674, "median": 0.17675101757, "min": 0.0526130646467, "var": 0.00422317860648}, "erbbands_kurtosis": {"dmean": 1.52333796024, "dmean2": 2.31636285782, "dvar": 5.34471607208, "dvar2": 12.4524621964, "max": 48.2569046021, "mean": 2.37232995033, "median": 1.25921702385, "min": -1.75416564941, "var": 15.125207901}, "erbbands_skewness": {"dmean": 0.40817591548, "dmean2": 0.602683484554, "dvar": 0.180555582047, "dvar2": 0.417179733515, "max": 6.35593366623, "mean": 1.13317012787, "median": 1.03665542603, "min": -1.91705286503, "var": 0.822073996067}, "erbbands_spread": {"dmean": 10.3467597961, "dmean2": 15.5821247101, "dvar": 248.012130737, "dvar2": 565.941162109, "max": 149.081359863, "mean": 34.3792572021, "median": 28.2877120972, "min": 2.78785395622, "var": 490.951751709}, "hfc": {"dmean": 5.64768743515, "dmean2": 7.21900415421, "dvar": 84.8010940552, "dvar2": 170.195724487, "max": 80.9127120972, "mean": 10.8686943054, "median": 6.06897640228, "min": 9.31985218167e-12, "var": 169.095169067}, "melbands_crest": {"dmean": 3.62009477615, "dmean2": 5.77832221985, "dvar": 12.8327646255, "dvar2": 31.9692897797, "max": 31.6454429626, "mean": 18.8434200287, "median": 18.5954265594, "min": 3.28431081772, "var": 37.831741333}, "melbands_flatness_db": {"dmean": 0.0387084558606, "dmean2": 0.059009578079, "dvar": 0.00163531745784, "dvar2": 0.00379793881439, "max": 0.611359000206, "mean": 0.292404681444, "median": 0.294626027346, "min": 0.0217390917242, "var": 0.00735640712082}, "melbands_kurtosis": {"dmean": 18.8923110962, "dmean2": 31.4402580261, "dvar": 1270.82507324, "dvar2": 3345.49169922, "max": 500.050079346, "mean": 29.0994377136, "median": 18.1334762573, "min": -1.38073658943, "var": 1352.1439209}, "melbands_skewness": {"dmean": 1.21354162693, "dmean2": 1.90035009384, "dvar": 2.21513557434, "dvar2": 5.45763635635, "max": 16.682926178, "mean": 3.62776064873, "median": 3.23788762093, "min": -0.522110700607, "var": 4.06996011734}, "melbands_spread": {"dmean": 4.57285356522, "dmean2": 7.57100343704, "dvar": 93.4713897705, "dvar2": 247.499176025, "max": 164.96182251, "mean": 9.70910739899, "median": 6.76505994797, "min": 0.399852991104, "var": 123.205123901}, "pitch_salience": {"dmean": 0.0856520310044, "dmean2": 0.137529626489, "dvar": 0.00755423726514, "dvar2": 0.0187155939639, "max": 0.982628166676, "mean": 0.440476089716, "median": 0.449846982956, "min": 0.05427037552, "var": 0.0208906270564}, "silence_rate_20dB": {"dmean": 0, "dmean2": 0, "dvar": 0, "dvar2": 0, "max": 1, "mean": 1, "median": 1, "min": 1, "var": 0}, "silence_rate_30dB": {"dmean": 0.0966087654233, "dmean2": 0.193084046245, "dvar": 0.0872781649232, "dvar2": 0.173675432801, "max": 1, "mean": 0.891002297401, "median": 1, "min": 0, "var": 0.0971173122525}, "silence_rate_60dB": {"dmean": 0.0569065324962, "dmean2": 0.113666445017, "dvar": 0.0536655187607, "dvar2": 0.10537904501, "max": 1, "mean": 0.154978498816, "median": 0, "min": 0, "var": 0.130967274308}, "spectral_centroid": {"dmean": 182.380950928, "dmean2": 291.329223633, "dvar": 98972.5234375, "dvar2": 213049.1875, "max": 11691.9511719, "mean": 701.573913574, "median": 545.416625977, "min": 130.749176025, "var": 218911.5625}, "spectral_complexity": {"dmean": 2.74177002907, "dmean2": 3.84579753876, "dvar": 19.243560791, "dvar2": 31.4659442902, "max": 55, "mean": 10.2801856995, "median": 9, "min": 0, "var": 50.5240097046}, "spectral_decrease": {"dmean": 6.50006137803e-09, "dmean2": 1.07280175854e-08, "dvar": 2.12187497229e-16, "dvar2": 5.65560034294e-16, "max": -2.70046986873e-24, "mean": -8.91647200518e-09, "median": -4.231852202e-09, "min": -8.69787086799e-08, "var": 1.95806819707e-16}, "spectral_energy": {"dmean": 0.0249846521765, "dmean2": 0.0410389900208, "dvar": 0.0030991982203, "dvar2": 0.00823789462447, "max": 0.332565188408, "mean": 0.0346385911107, "median": 0.0166443809867, "min": 8.55529640627e-16, "var": 0.00289293937385}, "spectral_energyband_high": {"dmean": 0.000241939211264, "dmean2": 0.0003287656873, "dvar": 2.32912569231e-07, "dvar2": 4.69200443831e-07, "max": 0.00571944471449, "mean": 0.000348463421687, "median": 5.51171906409e-05, "min": 6.41982258471e-16, "var": 4.35467200077e-07}, "spectral_energyband_low": {"dmean": 0.0214831084013, "dmean2": 0.0374708287418, "dvar": 0.0028595905751, "dvar2": 0.00783916842192, "max": 0.31318423152, "mean": 0.0236463584006, "median": 0.00685554463416, "min": 5.39169847665e-18, "var": 0.00229873252101}, "spectral_energyband_middle_high": {"dmean": 0.00056454440346, "dmean2": 0.000717556045856, "dvar": 1.13381076972e-06, "dvar2": 2.19319667849e-06, "max": 0.0130093740299, "mean": 0.00143916998059, "median": 0.000852065510117, "min": 1.16489542795e-16, "var": 2.82278415398e-06}, "spectral_energyband_middle_low": {"dmean": 0.00503026507795, "dmean2": 0.00697093317285, "dvar": 6.35063624941e-05, "dvar2": 0.000130992295453, "max": 0.0749107450247, "mean": 0.00984236970544, "median": 0.00566274300218, "min": 3.11206224481e-17, "var": 0.000121784185467}, "spectral_entropy": {"dmean": 0.305711686611, "dmean2": 0.43050378561, "dvar": 0.133253544569, "dvar2": 0.26926612854, "max": 9.81157875061, "mean": 6.85318851471, "median": 6.8186507225, "min": 4.6694316864, "var": 0.574639379978}, "spectral_flux": {"dmean": 0.0497424192727, "dmean2": 0.0792500823736, "dvar": 0.00702162319794, "dvar2": 0.0149080073461, "max": 0.539890944958, "mean": 0.0816387236118, "median": 0.0459590181708, "min": 2.54749738815e-05, "var": 0.0100172730163}, "spectral_kurtosis": {"dmean": 3.92308855057, "dmean2": 6.17041778564, "dvar": 38.3270950317, "dvar2": 87.9385986328, "max": 86.4661483765, "mean": 9.79848670959, "median": 6.50107574463, "min": -1.18450033665, "var": 107.432746887}, "spectral_rms": {"dmean": 0.00156906130724, "dmean2": 0.00232417020015, "dvar": 7.21509650248e-06, "dvar2": 1.73346925294e-05, "max": 0.0180126018822, "mean": 0.00471045449376, "median": 0.00402969215065, "min": 9.1359897425e-10, "var": 1.16054397949e-05}, "spectral_rolloff": {"dmean": 503.746612549, "dmean2": 927.192810059, "dvar": 2486309.25, "dvar2": 6922741, "max": 16989.6972656, "mean": 771.69543457, "median": 430.6640625, "min": 86.1328125, "var": 1876375.125}, "spectral_skewness": {"dmean": 0.415340483189, "dmean2": 0.624824464321, "dvar": 0.262700110674, "dvar2": 0.568723976612, "max": 7.52070665359, "mean": 2.3314037323, "median": 2.16521549225, "min": -0.0790524706244, "var": 1.00955462456}, "spectral_spread": {"dmean": 1063368, "dmean2": 1499794.75, "dvar": 2391594762240.0, "dvar2": 4955725889540.0, "max": 41506992, "mean": 4626752.5, "median": 4355845, "min": 767221.5, "var": 5001347334140.0}, "spectral_strongpeak": {"dmean": 0.330803513527, "dmean2": 0.530706524849, "dvar": 0.202442914248, "dvar2": 0.468386739492, "max": 13.2501716614, "mean": 0.741522729397, "median": 0.535909295082, "min": 6.2706646986e-08, "var": 0.406777411699}, "zerocrossingrate": {"dmean": 0.0115169752389, "dmean2": 0.0148860346526, "dvar": 0.000320146849845, "dvar2": 0.000484680960653, "max": 0.4912109375, "mean": 0.0381482839584, "median": 0.0283203125, "min": 0.0029296875, "var": 0.00102314085234}, "barkbands": {"dmean": [0.00012787966989, 0.00782628916204, 0.0141340047121, 0.000789286510553, 0.00162476382684, 0.00195209798403, 0.001470413059, 0.000276980252238, 0.000148263890878, 0.000192995998077, 8.65281690494e-05, 8.20749628474e-05, 5.2181090723e-05, 4.13774469052e-05, 9.42114347708e-05, 4.51080886705e-05, 5.53397767362e-05, 8.95814155228e-05, 5.1023424021e-05, 3.27439811372e-05, 3.52887218469e-05, 3.95948336518e-05, 3.67433603969e-05, 5.38241183676e-05, 7.54463835619e-05, 2.01618822757e-05, 5.04531271872e-06], "dmean2": [0.000195133397938, 0.0143363364041, 0.024401139468, 0.00124728796072, 0.0026908214204, 0.00267041474581, 0.00219641649164, 0.000401556084398, 0.000201336893952, 0.000240451976424, 0.000126799772261, 0.000117436349683, 7.17759612598e-05, 6.21781800874e-05, 0.000143055483932, 7.11581742507e-05, 8.18561966298e-05, 0.00012333446648, 7.21486940165e-05, 4.56218876934e-05, 4.98488516314e-05, 5.92421238252e-05, 5.18645720149e-05, 7.81042181188e-05, 0.000116904833703, 3.1583418604e-05, 8.11035624793e-06], "dvar": [7.69163079894e-08, 0.000362175836926, 0.00126470532268, 3.62802302334e-06, 1.37929710036e-05, 9.89177533484e-06, 1.02641834019e-05, 4.88874263738e-07, 8.76473222888e-08, 8.66940794708e-08, 4.33717062265e-08, 1.44115773537e-07, 1.5819777488e-08, 1.08359161644e-08, 4.74457237942e-08, 1.29127313286e-08, 1.86561432969e-08, 5.26110071064e-08, 1.22193055674e-08, 4.64715066428e-09, 5.90142024137e-09, 9.8501526935e-09, 6.29584473444e-09, 2.10662989275e-08, 3.98011898994e-08, 2.72866440554e-09, 1.85572349154e-10], "dvar2": [1.8914715838e-07, 0.00105846021324, 0.00339703820646, 8.82079893927e-06, 3.48052526533e-05, 1.95371412701e-05, 2.38386091951e-05, 9.6588348697e-07, 1.62671824455e-07, 1.92709109115e-07, 9.1665249613e-08, 3.21401870451e-07, 3.55486164949e-08, 2.40116033723e-08, 1.02697505611e-07, 3.16982138315e-08, 4.02147151135e-08, 1.02115720324e-07, 2.63924206934e-08, 9.16708309262e-09, 1.20932064362e-08, 2.44054767506e-08, 1.24780834554e-08, 4.69247325441e-08, 9.49475946754e-08, 6.60860210999e-09, 4.42979292137e-10], "max": [0.00210120063275, 0.12275134027, 0.203733727336, 0.0195029433817, 0.0357979983091, 0.0373578704894, 0.0365815572441, 0.0137674277648, 0.00572304148227, 0.00532513204962, 0.00368756102398, 0.00984568428248, 0.00260467361659, 0.00247832504101, 0.00289417710155, 0.00141295976937, 0.00152166374028, 0.00318022607826, 0.00149041065015, 0.00141045288183, 0.00162949378137, 0.00159965548664, 0.00130260759033, 0.00299851037562, 0.00208692532033, 0.000712236273102, 0.000175212495378], "mean": [0.000131341934321, 0.00861023180187, 0.0143530890346, 0.000707107363269, 0.00192359834909, 0.00430265301839, 0.00191765383352, 0.000512068101671, 0.000305119145196, 0.000506219745148, 0.000148739432916, 0.000159919683938, 0.000106188803329, 5.88111797697e-05, 0.000166013647686, 6.85901613906e-05, 7.39090392017e-05, 0.00013695434609, 7.58223177399e-05, 5.06973046868e-05, 5.5294149206e-05, 5.08972261741e-05, 5.03402297909e-05, 6.77121061017e-05, 7.53256463213e-05, 1.97985846171e-05, 4.55239705843e-06], "median": [3.30864486386e-06, 0.00179065973498, 0.00075242400635, 3.4209129808e-05, 0.000796129810624, 0.00225155916996, 0.000547845731489, 0.000210204350878, 8.52772500366e-05, 0.000345958047546, 4.57780806755e-05, 2.98133600154e-05, 3.18290803989e-05, 1.32928871608e-05, 4.05775281251e-05, 2.05479864235e-05, 2.21825430344e-05, 2.12208015e-05, 1.89513229998e-05, 1.23378522403e-05, 1.06228226286e-05, 6.2084163801e-06, 5.31611658516e-06, 6.36840741208e-06, 1.01600862763e-05, 6.87029398705e-07, 4.65822211027e-07], "min": [1.81884319478e-18, 2.51953052088e-18, 1.38312580712e-18, 1.0684365236e-18, 1.31679646854e-18, 4.30221341179e-19, 1.92173743195e-18, 5.69869415329e-18, 1.52803817242e-17, 1.90714232635e-17, 1.49687033782e-17, 7.92765515014e-18, 2.15538824444e-18, 4.61314202205e-18, 2.49868577624e-18, 4.1185707338e-18, 1.08448399292e-17, 4.94263411621e-18, 2.18465083395e-17, 5.18295456871e-17, 4.09770286946e-17, 1.67895148492e-17, 4.3762003542e-17, 6.15020829183e-17, 6.08264153242e-17, 2.44912456328e-16, 1.57310164871e-16], "var": [9.06194586037e-08, 0.000250427925494, 0.00110623938963, 3.3751605315e-06, 1.23516911117e-05, 2.97555288853e-05, 1.35386289912e-05, 9.4789237437e-07, 3.13138770025e-07, 2.6244887863e-07, 9.86932064961e-08, 3.05929034994e-07, 4.20353281072e-08, 1.54207970837e-08, 1.0881875312e-07, 1.72045808711e-08, 2.62953907537e-08, 1.12048383016e-07, 2.17871622965e-08, 9.16810005691e-09, 1.37389140065e-08, 1.28968986601e-08, 1.22007364212e-08, 3.21876356679e-08, 3.96450232643e-08, 2.98925662001e-09, 1.7180068479e-10]}, "erbbands": {"dmean": [0.0968175977468, 2.3573641777, 14.7618741989, 8.70293521881, 3.84642744064, 4.77861690521, 9.66604137421, 19.7587566376, 22.7218360901, 13.0371809006, 4.8125295639, 4.16077899933, 4.52922153473, 5.22709083557, 4.01835536957, 3.71446347237, 2.37976098061, 2.49279379845, 4.57254981995, 3.29781866074, 2.1681830883, 3.00198483467, 4.68065452576, 3.89414310455, 2.11315917969, 1.48506772518, 1.35022675991, 1.40536761284, 1.14649319649, 1.40135622025, 1.18798470497, 1.34900248051, 0.790833294392, 1.07390129566, 0.406325250864, 0.128929302096, 0.0301856603473, 0.00771785061806, 0.000714953173883, 4.65635857836e-05], "dmean2": [0.171328127384, 4.29403448105, 25.826669693, 14.2888851166, 6.56692838669, 7.88631105423, 15.1804742813, 27.0374164581, 31.9083213806, 19.8212852478, 6.9781627655, 5.61450529099, 5.72842788696, 6.6952381134, 5.88220643997, 5.17164182663, 3.26733469963, 3.60715651512, 6.86105680466, 5.17270994186, 3.25811362267, 4.36729860306, 6.69827318192, 5.42644262314, 2.85520672798, 2.06402850151, 1.90831899643, 1.967903018, 1.61828994751, 2.18520092964, 1.69099116325, 1.95186209679, 1.16627883911, 1.6717467308, 0.62334883213, 0.202711731195, 0.0481112040579, 0.0120047200471, 0.00115536060184, 7.25352729205e-05], "dvar": [0.0376288369298, 35.6357078552, 1417.9942627, 428.16305542, 147.411407471, 96.4482650757, 278.789978027, 1094.9095459, 2195.82861328, 865.136962891, 90.5743255615, 67.506401062, 58.7290077209, 99.9495162964, 84.7627105713, 359.643218994, 33.6763916016, 30.359292984, 133.753250122, 64.6567764282, 22.0751838684, 59.6267318726, 154.244827271, 83.2302856445, 17.4586906433, 10.6290988922, 8.28443717957, 8.75868034363, 5.69204330444, 17.9993152618, 7.33576440811, 16.9533119202, 3.81915235519, 9.2523765564, 1.06369590759, 0.132385671139, 0.00621436396614, 0.00040680472739, 3.50226400769e-06, 1.07274003014e-08], "dvar2": [0.116482160985, 102.56072998, 3881.89208984, 1062.63061523, 383.458007812, 250.123550415, 647.688598633, 2120.37939453, 4644.94433594, 1980.90686035, 190.869888306, 130.025772095, 113.121856689, 227.668045044, 172.480819702, 790.518554688, 77.7508544922, 65.9708786011, 273.800018311, 158.357147217, 49.4981498718, 125.279129028, 324.82598877, 155.998809814, 34.2479400635, 21.6253948212, 16.2243041992, 17.7024803162, 11.5274991989, 47.7899169922, 15.2487535477, 36.9457931519, 8.91339015961, 22.9294109344, 2.50434088707, 0.333402425051, 0.0154731264338, 0.000952514645178, 8.48588751978e-06, 2.74409952539e-08], "max": [1.06711578369, 37.5878067017, 219.351196289, 126.5443573, 131.536758423, 100.528938293, 193.671966553, 469.615783691, 546.932922363, 435.278808594, 142.881668091, 151.687194824, 124.377426147, 217.453887939, 179.747070312, 501.20526123, 131.700500488, 120.039535522, 175.072357178, 109.627471924, 62.6177597046, 87.3021011353, 174.972305298, 125.883506775, 72.380859375, 89.0431365967, 62.620349884, 50.793838501, 30.5381622314, 74.8642959595, 58.9110565186, 102.667976379, 31.2398471832, 33.3742790222, 12.8782024384, 5.08498954773, 1.2013053894, 0.210907697678, 0.0243808887899, 0.00134861085098], "mean": [0.12768791616, 2.5557847023, 15.2329444885, 8.66112518311, 3.32472848892, 6.19056463242, 15.2240362167, 44.8404350281, 36.0459022522, 16.8236942291, 9.22793960571, 9.04522037506, 11.2056665421, 13.4214010239, 7.7734375, 7.7682056427, 4.95663166046, 4.43379974365, 8.33107280731, 5.27789926529, 3.6374270916, 4.04945755005, 6.26497173309, 6.55314064026, 3.37579345703, 2.31001496315, 2.1321387291, 2.17273855209, 1.64371848106, 1.62531614304, 1.62225103378, 1.87715852261, 0.860108315945, 1.03217434883, 0.420110583305, 0.125693127513, 0.0286660026759, 0.00752505427226, 0.000642225320917, 5.86764836044e-05], "median": [0.0195366516709, 0.652071714401, 1.4228041172, 0.503441631794, 0.611806988716, 2.95933628082, 7.73965740204, 21.371383667, 10.4244699478, 5.8449048996, 3.66857004166, 3.3079533577, 7.04924631119, 6.31298828125, 2.77205324173, 1.52294778824, 1.59420609474, 1.90191328526, 1.88070774078, 1.69267249107, 1.39123094082, 1.14437174797, 1.39391422272, 1.05562996864, 0.994760990143, 0.582628846169, 0.483792901039, 0.355870604515, 0.225368335843, 0.151024162769, 0.188402891159, 0.185735180974, 0.0796950161457, 0.143527016044, 0.0513736605644, 0.00518306531012, 0.000956781557761, 0.000899946084246, 6.43297244096e-05, 2.54049882642e-05], "min": [9.49457759423e-17, 4.97536618245e-16, 1.46508896019e-15, 2.88853375728e-15, 4.16385557354e-15, 4.33169599907e-15, 3.26316139501e-15, 4.09915962055e-15, 1.71505892848e-14, 6.23065509776e-14, 1.64816551791e-13, 3.34633552422e-13, 5.31421749054e-13, 6.43742708879e-13, 5.49611951003e-13, 2.8313953287e-13, 1.11096007881e-13, 1.9648647672e-13, 2.20833564651e-13, 7.49225442971e-14, 3.69448531013e-13, 5.87612478207e-13, 2.72031014251e-13, 6.48888169759e-13, 1.64333672538e-12, 2.46386504948e-12, 1.91944832424e-12, 1.35899841727e-12, 5.48532139849e-13, 7.20670214043e-13, 1.57401294689e-12, 1.32453499124e-12, 9.95971209151e-13, 8.85231558195e-13, 3.94145111514e-13, 1.23355329857e-12, 2.71418412919e-13, 1.78821868879e-13, 1.95015258418e-14, 1.7303009052e-15], "var": [0.0429025366902, 24.0516681671, 1177.32629395, 416.780517578, 108.076858521, 92.9145584106, 452.653198242, 3533.48168945, 4493.25830078, 1046.18884277, 195.190200806, 233.775680542, 209.09588623, 277.712921143, 230.552810669, 787.171264648, 82.0195083618, 49.9388084412, 351.539764404, 87.6643829346, 37.7470703125, 86.7333908081, 223.942565918, 219.774688721, 38.8519477844, 20.8168087006, 17.9763393402, 20.6500740051, 11.5367336273, 17.8608856201, 13.0829496384, 30.4621219635, 4.32728385925, 8.48103237152, 1.1091748476, 0.130384981632, 0.00640221964568, 0.000412921624957, 3.18980050906e-06, 1.00860582108e-08]}, "gfcc": {"mean": [-68.046081543, 111.367362976, -92.3758392334, 15.0716600418, -61.9827575684, 1.5317825079, -40.0082206726, 8.53794002533, -19.252204895, 1.36651027203, -4.8486123085, 3.66133880615, -1.24168026447], "cov": [[10403.8037109, -1945.67614746, 835.414733887, 1931.93444824, 215.009567261, 1143.03344727, -10.1512498856, 486.937011719, 1.87746810913, 418.157623291, -169.231124878, -184.750717163, -579.838012695], [-1945.67614746, 1928.53393555, -160.495162964, -233.012527466, 410.649993896, -233.237945557, 406.421417236, -87.5237350464, 193.016586304, -161.388092041, 212.64125061, -77.6608734131, 185.835006714], [835.414733887, -160.495162964, 791.635986328, 275.05569458, 231.914535522, 362.543212891, 50.1353378296, 186.44354248, 26.7921352386, 45.2823524475, -45.9663887024, -53.5098114014, -94.6020507812], [1931.93444824, -233.012527466, 275.05569458, 699.217529297, 227.164581299, 312.015075684, 156.617660522, 155.900909424, 114.582580566, 98.6084747314, -10.0767774582, -41.2476730347, -124.77331543], [215.009567261, 410.649993896, 231.914535522, 227.164581299, 490.95199585, 212.690612793, 211.879150391, 117.938224792, 96.9917526245, 15.1158638, 61.9522628784, -35.5243682861, -26.5189647675], [1143.03344727, -233.237945557, 362.543212891, 312.015075684, 212.690612793, 444.09197998, 71.9008178711, 156.90776062, 52.8628883362, 53.3008270264, 7.7318572998, -52.4759254456, -88.9377670288], [-10.1512498856, 406.421417236, 50.1353378296, 156.617660522, 211.879150391, 71.9008178711, 282.816894531, 61.2836112976, 92.391708374, -9.05822372437, 44.1643257141, -7.02750968933, 0.155901625752], [486.937011719, -87.5237350464, 186.44354248, 155.900909424, 117.938224792, 156.90776062, 61.2836112976, 161.412338257, 51.6118469238, 39.9077186584, -1.74925172329, -11.802983284, -26.6004619598], [1.87746810913, 193.016586304, 26.7921352386, 114.582580566, 96.9917526245, 52.8628883362, 92.391708374, 51.6118469238, 164.717147827, 46.7138328552, 46.9124794006, -11.5572967529, 20.635471344], [418.157623291, -161.388092041, 45.2823524475, 98.6084747314, 15.1158638, 53.3008270264, -9.05822372437, 39.9077186584, 46.7138328552, 122.847755432, 20.7701854706, 30.4068908691, -12.9484777451], [-169.231124878, 212.64125061, -45.9663887024, -10.0767774582, 61.9522628784, 7.7318572998, 44.1643257141, -1.74925172329, 46.9124794006, 20.7701854706, 131.386138916, 22.9135437012, 35.5637779236], [-184.750717163, -77.6608734131, -53.5098114014, -41.2476730347, -35.5243682861, -52.4759254456, -7.02750968933, -11.802983284, -11.5572967529, 30.4068908691, 22.9135437012, 107.837791443, 29.9132556915], [-579.838012695, 185.835006714, -94.6020507812, -124.77331543, -26.5189647675, -88.9377670288, 0.155901625752, -26.6004619598, 20.635471344, -12.9484777451, 35.5637779236, 29.9132556915, 121.960411072]], "icov": [[0.000337150297128, -0.000138937335578, 0.000182798059541, -0.000883962668013, 0.000326590408804, -0.00044291105587, 0.000335897901095, -0.000361648213584, 0.000758991576731, -0.000714333902579, 9.21356622712e-05, 0.000248801603448, 0.000428632512921], [-0.000138937335578, 0.00286984420381, -0.00068055751035, 0.0013065416133, -0.00197842437774, 0.00223245494999, -0.0029788389802, 0.00185921182856, -0.0020754665602, 0.00228419317864, -0.0027080392465, 0.00266750436276, -0.00188844674267], [0.000182798059541, -0.00068055751035, 0.00257987552322, -0.000619902450126, -7.16549857316e-06, -0.00196562334895, 0.00114232976921, -0.00181055627763, 0.00106978218537, -0.000923756393604, 0.00151382712647, -0.000389590190025, 0.000816747022327], [-0.000883962668013, 0.0013065416133, -0.000619902450126, 0.0056305360049, -0.00161383661907, 0.000744264107198, -0.00287151406519, 0.001142240013, -0.00358914770186, 0.0010969977593, -0.000368038658053, 0.00034856502316, 0.000276305479929], [0.000326590408804, -0.00197842437774, -7.16549857316e-06, -0.00161383661907, 0.00556517904624, -0.00248603662476, -5.17602711625e-05, -0.00208073202521, 0.00175388017669, -0.00169724680018, 0.000409887579735, -0.000926089996938, 0.00148478196934], [-0.00044291105587, 0.00223245494999, -0.00196562334895, 0.000744264107198, -0.00248603662476, 0.00763485999778, -0.00194433960132, -0.000614926801063, -0.0018423931906, 0.00211802846752, -0.00349102914333, 0.00295924139209, -0.000546481169295], [0.000335897901095, -0.0029788389802, 0.00114232976921, -0.00287151406519, -5.17602711625e-05, -0.00194433960132, 0.00993528589606, -0.00296537787654, 6.8984401878e-05, 0.000185255848919, 0.00219019711949, -0.00389549555257, 0.00232043070719], [-0.000361648213584, 0.00185921182856, -0.00181055627763, 0.001142240013, -0.00208073202521, -0.000614926801063, -0.00296537787654, 0.0132106943056, -0.00343803595752, 0.000343449908542, -0.000157944668899, 0.000737817957997, -0.00232060765848], [0.000758991576731, -0.0020754665602, 0.00106978218537, -0.00358914770186, 0.00175388017669, -0.0018423931906, 6.8984401878e-05, -0.00343803595752, 0.0137587254867, -0.0069850445725, -0.000172122992808, 0.00212070462294, -0.00132280960679], [-0.000714333902579, 0.00228419317864, -0.000923756393604, 0.0010969977593, -0.00169724680018, 0.00211802846752, 0.000185255848919, 0.000343449908542, -0.0069850445725, 0.0163360890001, -0.00359992939048, -0.00358198001049, -0.000376193522243], [9.21356622712e-05, -0.0027080392465, 0.00151382712647, -0.000368038658053, 0.000409887579735, -0.00349102914333, 0.00219019711949, -0.000157944668899, -0.000172122992808, -0.00359992939048, 0.013365461491, -0.00437804264948, -0.000308476854116], [0.000248801603448, 0.00266750436276, -0.000389590190025, 0.00034856502316, -0.000926089996938, 0.00295924139209, -0.00389549555257, 0.000737817957997, 0.00212070462294, -0.00358198001049, -0.00437804264948, 0.0158120486885, -0.00404545664787], [0.000428632512921, -0.00188844674267, 0.000816747022327, 0.000276305479929, 0.00148478196934, -0.000546481169295, 0.00232043070719, -0.00232060765848, -0.00132280960679, -0.000376193522243, -0.000308476854116, -0.00404545664787, 0.0147122209892]]}, "melbands": {"dmean": [0.00147796596866, 0.00615015532821, 0.00146980234422, 0.000313617143547, 0.000317695346894, 0.000419700983912, 0.000347521650838, 0.000120651238831, 3.20382168866e-05, 2.72916895483e-05, 2.26001848205e-05, 2.24691757467e-05, 1.2343747585e-05, 1.05521630758e-05, 5.27826205143e-06, 6.39396239421e-06, 4.64057711724e-06, 6.71561065246e-06, 5.49299466002e-06, 4.08923961004e-06, 2.34501112573e-06, 2.92899858323e-06, 4.18671970692e-06, 4.2834103624e-06, 3.19280457006e-06, 1.63847312251e-06, 1.27889734358e-06, 9.76842102318e-07, 8.35192111026e-07, 1.02301635252e-06, 7.92199330135e-07, 6.13282793438e-07, 8.68951758548e-07, 6.84821372943e-07, 6.90953243065e-07, 6.63445803184e-07, 9.11848019314e-07, 5.51690106931e-07, 4.40836970483e-07, 1.1913509752e-06], "dmean2": [0.00267825834453, 0.0108164027333, 0.00243116519414, 0.000534296559636, 0.000502298586071, 0.000567712297197, 0.000493255385663, 0.000183011245099, 4.70109116577e-05, 3.67099637515e-05, 2.87238763121e-05, 2.86865451926e-05, 1.85203552974e-05, 1.50127543748e-05, 7.49188302507e-06, 8.73272983881e-06, 6.95690914654e-06, 1.00694132925e-05, 8.50003289088e-06, 6.47869592285e-06, 3.53404561793e-06, 4.29371311839e-06, 6.29855503576e-06, 5.94654875385e-06, 4.53040956927e-06, 2.29147826758e-06, 1.80179426934e-06, 1.41551402066e-06, 1.19713956792e-06, 1.52827419697e-06, 1.13091425646e-06, 8.5450443521e-07, 1.35903781029e-06, 1.06220431917e-06, 9.94756646833e-07, 9.59474618867e-07, 1.34530750984e-06, 8.46842397095e-07, 6.5287548523e-07, 1.89691149899e-06], "dvar": [1.13074265755e-05, 0.000246365554631, 1.18857051348e-05, 8.49571563322e-07, 2.76014304745e-07, 4.86741328132e-07, 5.12536757924e-07, 7.56700373472e-08, 4.16534229331e-09, 3.04138669804e-09, 1.47314094257e-09, 1.86873050367e-09, 9.34803456865e-10, 1.67807778784e-09, 5.73828706774e-10, 2.49513743e-10, 1.26463617356e-10, 2.88841700558e-10, 1.84182946672e-10, 9.69360910985e-11, 2.44551462414e-11, 5.07039341069e-11, 1.35281036373e-10, 1.20627119404e-10, 5.7868973502e-11, 1.1994918947e-11, 7.24729044138e-12, 4.77000773949e-12, 3.10658248258e-12, 5.85834245698e-12, 2.60516564918e-12, 1.4875106355e-12, 6.41989976805e-12, 3.99775915497e-12, 3.01077088607e-12, 1.82035853405e-12, 1.00607690581e-11, 2.09312168292e-12, 1.56656046642e-12, 1.27068772171e-11], "dvar2": [3.33253192366e-05, 0.000679891149048, 2.98212726193e-05, 2.23996403292e-06, 6.55336293676e-07, 9.37848710691e-07, 1.11060774088e-06, 1.69472485823e-07, 8.86982309822e-09, 5.6538520532e-09, 2.89242718665e-09, 4.23557233731e-09, 2.0621320207e-09, 3.73724962088e-09, 1.26306420878e-09, 5.41518663244e-10, 2.74423289648e-10, 5.88746107422e-10, 4.50701587162e-10, 2.42587838706e-10, 5.31007217364e-11, 1.0668406436e-10, 2.99812230597e-10, 2.45488546158e-10, 1.11688741589e-10, 2.40700410992e-11, 1.52565182709e-11, 1.01405472561e-11, 6.21049262364e-12, 1.32723901314e-11, 5.29440206953e-12, 2.83673605439e-12, 1.71298426832e-11, 1.0332169148e-11, 6.46205745164e-12, 3.70600815661e-12, 2.27183410972e-11, 5.12366017669e-12, 3.65641458083e-12, 3.21283659399e-11], "max": [0.0213931798935, 0.091987863183, 0.0201532784849, 0.00916159432381, 0.00554175628349, 0.00908431969583, 0.0083498833701, 0.00382075435482, 0.000940698315389, 0.00104492658284, 0.000613650365267, 0.000939963269047, 0.000461125920992, 0.00103158177808, 0.000622589257546, 0.000319977931213, 0.000229108336498, 0.000262305722572, 0.000274697202258, 0.000130553467898, 7.15300702723e-05, 9.24888881855e-05, 0.000143247481901, 0.000132783054141, 0.000102703932498, 7.02876277501e-05, 4.96527791256e-05, 5.66999660805e-05, 3.33669340762e-05, 5.74099540245e-05, 2.35854586208e-05, 1.55981033458e-05, 4.48968057754e-05, 3.58318247891e-05, 4.47747916041e-05, 1.9661621991e-05, 7.69912076066e-05, 2.4637012757e-05, 2.9098295272e-05, 3.05292633129e-05], "mean": [0.00175905588549, 0.00648147100583, 0.00145661365241, 0.0003201655054, 0.000504613271914, 0.000948285858613, 0.000524733040947, 0.000161463452969, 6.11442083027e-05, 5.84288827667e-05, 5.56594641239e-05, 5.65976770304e-05, 2.07505345315e-05, 2.29676770687e-05, 9.98277027975e-06, 1.32163931994e-05, 7.03324894857e-06, 1.20998329294e-05, 8.90940009413e-06, 6.3428105932e-06, 3.72452132069e-06, 3.92481615563e-06, 5.26932763023e-06, 6.18215244685e-06, 5.30108263774e-06, 2.52632707998e-06, 1.92915581465e-06, 1.43663271501e-06, 1.24406881241e-06, 1.52481857185e-06, 1.17615184081e-06, 8.90554190391e-07, 1.00187514818e-06, 7.95294965883e-07, 9.05480931124e-07, 9.30545127176e-07, 1.22367612221e-06, 5.54831785848e-07, 4.68347593596e-07, 1.09021459593e-06], "median": [0.000341464299709, 0.00145355798304, 0.000106873019831, 0.000116243463708, 0.000272355915513, 0.00045798177598, 0.000150207866682, 5.34575447091e-05, 2.30002515309e-05, 1.83920274139e-05, 3.58856486855e-05, 2.40781300818e-05, 6.47337765258e-06, 5.7141983234e-06, 2.2509293558e-06, 3.61118463843e-06, 1.97584768102e-06, 2.60565911958e-06, 2.18679360842e-06, 2.19103299059e-06, 1.31348679133e-06, 1.16125238492e-06, 1.19082403671e-06, 1.04256923805e-06, 7.53951610477e-07, 5.94209552673e-07, 5.39421137091e-07, 3.16926275445e-07, 2.98257589293e-07, 2.51220143355e-07, 1.74968903366e-07, 1.21167516909e-07, 1.04812350799e-07, 6.44558966201e-08, 7.92214507328e-08, 1.25543067497e-07, 8.5583437226e-08, 3.718877295e-08, 3.75706719069e-08, 1.48937957078e-07], "min": [8.6319150693e-19, 7.44744619887e-19, 5.43062270115e-19, 3.16193278817e-19, 1.29124056842e-19, 9.21477716044e-20, 2.95615041429e-19, 7.82675710658e-19, 1.47969418055e-18, 2.21516445141e-18, 2.67887818049e-18, 2.61726211705e-18, 1.98490838815e-18, 1.07284942877e-18, 3.81440484204e-19, 2.16505827015e-19, 3.88655153506e-19, 3.99147396739e-19, 1.40593265002e-19, 1.14750552928e-19, 5.17495461549e-19, 6.80223084541e-19, 3.27539172442e-19, 2.23498798988e-19, 5.16780984295e-19, 9.34085538317e-19, 1.59779303135e-18, 1.64219081336e-18, 1.24592477103e-18, 9.83903628081e-19, 7.29907222745e-19, 2.72626580682e-19, 3.41519067631e-19, 4.22990231661e-19, 1.11292498528e-18, 4.42348274248e-19, 1.02939845837e-18, 6.810909521e-19, 8.14045398016e-19, 6.534734077e-19], "var": [9.02732972463e-06, 0.000194358173758, 1.13532014439e-05, 6.28377222256e-07, 4.39882427372e-07, 1.58335910783e-06, 9.44837552197e-07, 9.90910891119e-08, 9.15044484628e-09, 1.1064943628e-08, 5.06833686131e-09, 5.38317479482e-09, 1.87962778675e-09, 4.0168730564e-09, 1.11709974604e-09, 7.30485671951e-10, 1.91934218519e-10, 7.70000285755e-10, 2.85006879208e-10, 1.23827892384e-10, 4.25314228281e-11, 7.6961576001e-11, 1.68684677337e-10, 2.25431256995e-10, 1.50131740373e-10, 2.68787336138e-11, 1.36871555756e-11, 8.56410602157e-12, 5.71390807932e-12, 1.29035627669e-11, 5.68785470112e-12, 3.32726944954e-12, 6.37699832176e-12, 4.35423832407e-12, 4.89370219695e-12, 3.49205581986e-12, 1.68843116571e-11, 2.05858897637e-12, 1.63958354272e-12, 1.09196714171e-11]}, "mfcc": {"mean": [-722.028381348, 147.376190186, 21.4874668121, 18.1850852966, 3.14656734467, -8.45856952667, -5.40481328964, -1.24902057648, -2.94867801666, -2.25284075737, -4.45786142349, -2.40620160103, 1.33222091198], "cov": [[9698.92382812, -1920.22766113, 388.317779541, 1028.0480957, 524.715881348, 771.188232422, 408.276855469, 248.825668335, 174.74987793, 356.7315979, 453.936645508, 267.117706299, 121.627182007], [-1920.22766113, 1640.09875488, -169.275024414, 11.5500326157, 23.8829784393, -49.3978233337, 127.646125793, 82.8307113647, 62.2698440552, 41.3779525757, -41.6924285889, -15.2990722656, 43.5037689209], [388.317779541, -169.275024414, 510.261901855, 46.1116523743, 180.89944458, 121.736251831, 96.0151748657, 80.0872802734, 82.9941329956, 77.6978149414, 56.1422233582, 37.9242591858, 14.7314033508], [1028.0480957, 11.5500326157, 46.1116523743, 427.668914795, 127.313499451, 189.826202393, 117.295127869, 124.189277649, 98.9586410522, 111.84173584, 108.392990112, 78.720085144, 37.4581489563], [524.715881348, 23.8829784393, 180.89944458, 127.313499451, 363.385620117, 186.23387146, 171.632354736, 128.333953857, 96.2587890625, 121.811080933, 98.0724945068, 41.0258026123, 26.732301712], [771.188232422, -49.3978233337, 121.736251831, 189.826202393, 186.23387146, 269.73348999, 146.373794556, 131.00352478, 82.4638824463, 116.568267822, 98.3789367676, 65.9387207031, 35.949005127], [408.276855469, 127.646125793, 96.0151748657, 117.295127869, 171.632354736, 146.373794556, 241.081314087, 145.385101318, 71.5255966187, 58.507522583, 82.6745071411, 35.3252410889, 39.9266662598], [248.825668335, 82.8307113647, 80.0872802734, 124.189277649, 128.333953857, 131.00352478, 145.385101318, 188.16104126, 84.6947402954, 69.6801376343, 75.3472366333, 41.6253433228, 16.1637039185], [174.74987793, 62.2698440552, 82.9941329956, 98.9586410522, 96.2587890625, 82.4638824463, 71.5255966187, 84.6947402954, 141.529602051, 81.6071166992, 55.9343986511, 15.7424821854, 14.850233078], [356.7315979, 41.3779525757, 77.6978149414, 111.84173584, 121.811080933, 116.568267822, 58.507522583, 69.6801376343, 81.6071166992, 182.567016602, 56.5332870483, 42.1106872559, -11.1239805222], [453.936645508, -41.6924285889, 56.1422233582, 108.392990112, 98.0724945068, 98.3789367676, 82.6745071411, 75.3472366333, 55.9343986511, 56.5332870483, 134.990905762, 38.4439430237, 32.0205917358], [267.117706299, -15.2990722656, 37.9242591858, 78.720085144, 41.0258026123, 65.9387207031, 35.3252410889, 41.6253433228, 15.7424821854, 42.1106872559, 38.4439430237, 118.136909485, 41.6772499084], [121.627182007, 43.5037689209, 14.7314033508, 37.4581489563, 26.732301712, 35.949005127, 39.9266662598, 16.1637039185, 14.850233078, -11.1239805222, 32.0205917358, 41.6772499084, 109.266716003]], "icov": [[0.000241720656049, 0.000295417528832, 4.6197023039e-05, -0.000432213069871, 8.54845382037e-07, -0.000200115027837, -0.000374506256776, 0.000320549472235, 0.00013998580107, -0.000188987090951, -0.000158612630912, 5.06813057655e-06, -8.34022066556e-05], [0.000295417528832, 0.0011546529131, 0.000414278736571, -0.000527161697391, -2.1720341465e-05, 0.000388944783481, -0.00113897316623, 5.65006157558e-05, -0.000124840604258, -0.000754859356675, 0.000485978758661, 0.000165732490132, -0.000644021318294], [4.6197023039e-05, 0.000414278736571, 0.0027029546909, 0.000404752674513, -0.000929960981011, -0.000307862123009, -0.000421577919042, 4.08113810408e-05, -0.00109151820652, -0.000145192228956, 0.000312873133225, -0.000480103772134, -1.77183392225e-05], [-0.000432213069871, -0.000527161697391, 0.000404752674513, 0.00475861411542, 0.000321988016367, -0.00148065621033, 0.00064268312417, -0.000968755688518, -0.00143443001434, -7.23629418644e-05, -0.000806165044196, -0.00110818003304, 0.000168454702361], [8.54845382037e-07, -2.1720341465e-05, -0.000929960981011, 0.000321988016367, 0.00577778276056, -0.00162834918592, -0.00221683154814, 0.000101992714917, -0.000332627474563, -0.00166216981597, -0.000889793795068, 0.000586907495745, -0.000147287311847], [-0.000200115027837, 0.000388944783481, -0.000307862123009, -0.00148065621033, -0.00162834918592, 0.0101926587522, -0.00174054095987, -0.00229336507618, 0.000670174718834, -0.00274104112759, -0.000396250427002, -0.000716039678082, -0.00134367740247], [-0.000374506256776, -0.00113897316623, -0.000421577919042, 0.00064268312417, -0.00221683154814, -0.00174054095987, 0.0112134916708, -0.00570844998583, 0.000488345976919, 0.0017837829655, -0.00113618851174, 0.000949379755184, -0.00134510174394], [0.000320549472235, 5.65006157558e-05, 4.08113810408e-05, -0.000968755688518, 0.000101992714917, -0.00229336507618, -0.00570844998583, 0.0136941485107, -0.00359195214696, 0.000700542179402, -0.0016707383329, -0.0020984490402, 0.00258651259355], [0.00013998580107, -0.000124840604258, -0.00109151820652, -0.00143443001434, -0.000332627474563, 0.000670174718834, 0.000488345976919, -0.00359195214696, 0.0131859434769, -0.00408792356029, -0.00148732401431, 0.0027506747283, -0.00207498902455], [-0.000188987090951, -0.000754859356675, -0.000145192228956, -7.23629418644e-05, -0.00166216981597, -0.00274104112759, 0.0017837829655, 0.000700542179402, -0.00408792356029, 0.0111654167995, -0.000912935414817, -0.00285317050293, 0.00415641348809], [-0.000158612630912, 0.000485978758661, 0.000312873133225, -0.000806165044196, -0.000889793795068, -0.000396250427002, -0.00113618851174, -0.0016707383329, -0.00148732401431, -0.000912935414817, 0.0128564434126, -0.000561165157706, -0.00221671164036], [5.06813057655e-06, 0.000165732490132, -0.000480103772134, -0.00110818003304, 0.000586907495745, -0.000716039678082, 0.000949379755184, -0.0020984490402, 0.0027506747283, -0.00285317050293, -0.000561165157706, 0.0125681338832, -0.00486517744139], [-8.34022066556e-05, -0.000644021318294, -1.77183392225e-05, 0.000168454702361, -0.000147287311847, -0.00134367740247, -0.00134510174394, 0.00258651259355, -0.00207498902455, 0.00415641348809, -0.00221671164036, -0.00486517744139, 0.0132432729006]]}, "spectral_contrast_coeffs": {"dmean": [0.057370364666, 0.0456666536629, 0.0410421006382, 0.0301230624318, 0.0236329622567, 0.0188979338855], "dmean2": [0.0962724462152, 0.0694829151034, 0.0585857182741, 0.0451980978251, 0.0352839492261, 0.0273756943643], "dvar": [0.00244547822513, 0.00164842989761, 0.00147078756709, 0.00070444191806, 0.000459204631625, 0.000319718557876], "dvar2": [0.00658238260075, 0.003728865413, 0.00305484514683, 0.00143374537583, 0.000882514985278, 0.000641399179585], "max": [-0.281442314386, -0.346513658762, -0.467837303877, -0.571028292179, -0.585228383541, -0.635215640068], "mean": [-0.596998929977, -0.634317934513, -0.701036036015, -0.761138081551, -0.789401590824, -0.789989173412], "median": [-0.601143717766, -0.637404561043, -0.698173046112, -0.764643788338, -0.795710802078, -0.789173662663], "min": [-0.955024719238, -0.972154438496, -0.98195630312, -0.989361584187, -0.963033914566, -0.964438021183], "var": [0.00716235209256, 0.00636138301343, 0.00561950122938, 0.0029433160089, 0.00198416714557, 0.00160158192739]}, "spectral_contrast_valleys": {"dmean": [0.627240478992, 0.452901989222, 0.438955366611, 0.450521916151, 0.470626115799, 0.55562132597], "dmean2": [0.926018714905, 0.632057905197, 0.624161243439, 0.612303376198, 0.558207571507, 0.64893501997], "dvar": [0.538420259953, 0.267355620861, 0.302309334278, 0.339617103338, 0.361799925566, 0.452579855919], "dvar2": [0.884181678295, 0.373791128397, 0.470531344414, 0.520424962044, 0.521914482117, 0.686986029148], "max": [-4.97160720825, -5.17023181915, -5.58520078659, -6.16865253448, -6.05944252014, -8.208