{"lowlevel": {"average_loudness": 0.945845961571, "barkbands_crest": {"dmean": 3.75305867195, "dmean2": 6.12892389297, "dvar": 12.55037117, "dvar2": 28.6644439697, "max": 26.0888748169, "mean": 11.5694961548, "median": 10.409538269, "min": 2.50691342354, "var": 27.0460968018}, "barkbands_flatness_db": {"dmean": 0.0280659068376, "dmean2": 0.0449333153665, "dvar": 0.000884715467691, "dvar2": 0.00213299831375, "max": 0.46193626523, "mean": 0.116231247783, "median": 0.10717959702, "min": 0.0212403852493, "var": 0.00199058256112}, "barkbands_kurtosis": {"dmean": 5.66885566711, "dmean2": 9.67337608337, "dvar": 391.617218018, "dvar2": 1123.93798828, "max": 920.464050293, "mean": 4.92997598648, "median": 1.01162266731, "min": -1.86617302895, "var": 293.105041504}, "barkbands_skewness": {"dmean": 0.841435551643, "dmean2": 1.35869383812, "dvar": 1.33469593525, "dvar2": 3.43600153923, "max": 25.5012264252, "mean": 1.7771320343, "median": 1.42395710945, "min": -1.81027269363, "var": 2.26259088516}, "barkbands_spread": {"dmean": 8.78178977966, "dmean2": 14.2984256744, "dvar": 90.2621078491, "dvar2": 226.236633301, "max": 94.6886367798, "mean": 30.0388355255, "median": 29.7435684204, "min": 0.238851889968, "var": 186.489181519}, "dissonance": {"dmean": 0.0116139436141, "dmean2": 0.0197809152305, "dvar": 0.000157969174325, "dvar2": 0.000432649801951, "max": 0.500000059605, "mean": 0.480088531971, "median": 0.484899103642, "min": 0.293753743172, "var": 0.000280539272353}, "dynamic_complexity": 2.1019115448, "erbbands_crest": {"dmean": 2.53396725655, "dmean2": 4.10749149323, "dvar": 6.77034330368, "dvar2": 16.3262691498, "max": 30.8167438507, "mean": 7.92693901062, "median": 6.44146823883, "min": 2.29752039909, "var": 20.6617507935}, "erbbands_flatness_db": {"dmean": 0.0137048596516, "dmean2": 0.0207578800619, "dvar": 0.000167277816217, "dvar2": 0.000362412538379, "max": 0.264375180006, "mean": 0.123671837151, "median": 0.119792789221, "min": 0.0513196364045, "var": 0.00101343495771}, "erbbands_kurtosis": {"dmean": 0.763382196426, "dmean2": 1.23922896385, "dvar": 0.911483645439, "dvar2": 2.28868412971, "max": 19.6864356995, "mean": 0.0136918509379, "median": -0.282532930374, "min": -1.80889093876, "var": 1.87973201275}, "erbbands_skewness": {"dmean": 0.349244266748, "dmean2": 0.548987388611, "dvar": 0.116859406233, "dvar2": 0.294097214937, "max": 3.3424372673, "mean": -0.184036672115, "median": -0.294936537743, "min": -3.50811362267, "var": 0.418176054955}, "erbbands_spread": {"dmean": 10.8107261658, "dmean2": 16.8219623566, "dvar": 114.87348175, "dvar2": 286.899658203, "max": 154.043136597, "mean": 50.3281440735, "median": 46.8831787109, "min": 6.14262104034, "var": 492.369842529}, "hfc": {"dmean": 8.28349494934, "dmean2": 14.0693416595, "dvar": 151.298980713, "dvar2": 414.009155273, "max": 139.195541382, "mean": 24.8846282959, "median": 22.5098876953, "min": 1.20751719941e-16, "var": 208.874435425}, "melbands_crest": {"dmean": 4.11582136154, "dmean2": 6.57902479172, "dvar": 12.7768325806, "dvar2": 31.0752029419, "max": 34.1106338501, "mean": 15.6115198135, "median": 14.6162233353, "min": 2.51154661179, "var": 33.8674583435}, "melbands_flatness_db": {"dmean": 0.0355243273079, "dmean2": 0.0563394390047, "dvar": 0.00136471237056, "dvar2": 0.00324187637307, "max": 0.569001615047, "mean": 0.185998156667, "median": 0.17588108778, "min": 0.00470026349649, "var": 0.00343933328986}, "melbands_kurtosis": {"dmean": 18.3867340088, "dmean2": 30.4821090698, "dvar": 1523.60437012, "dvar2": 4015.24121094, "max": 847.614685059, "mean": 24.1943397522, "median": 10.7193670273, "min": -1.43549478054, "var": 1753.80822754}, "melbands_skewness": {"dmean": 1.29251027107, "dmean2": 2.05349850655, "dvar": 2.70741248131, "dvar2": 6.48046875, "max": 19.1915016174, "mean": 3.67443799973, "median": 3.09289598465, "min": -0.592561006546, "var": 5.99615526199}, "melbands_spread": {"dmean": 9.11459827423, "dmean2": 14.6449651718, "dvar": 88.0726776123, "dvar2": 204.092681885, "max": 150.272903442, "mean": 25.7587013245, "median": 24.0605125427, "min": 0.309032678604, "var": 239.321029663}, "pitch_salience": {"dmean": 0.09198679775, "dmean2": 0.150050625205, "dvar": 0.00777457049116, "dvar2": 0.0180606041104, "max": 0.814488887787, "mean": 0.500980019569, "median": 0.513896524906, "min": 0.0673708692193, "var": 0.0169203635305}, "silence_rate_20dB": {"dmean": 0, "dmean2": 0, "dvar": 0, "dvar2": 0, "max": 1, "mean": 1, "median": 1, "min": 1, "var": 0}, "silence_rate_30dB": {"dmean": 0.0764650553465, "dmean2": 0.152946099639, "dvar": 0.0706243515015, "dvar2": 0.187239155173, "max": 1, "mean": 0.952266573906, "median": 1, "min": 0, "var": 0.0454578474164}, "silence_rate_60dB": {"dmean": 0.00125352549367, "dmean2": 0.00250731292181, "dvar": 0.0012519658776, "dvar2": 0.00250110914931, "max": 1, "mean": 0.0124294962734, "median": 0, "min": 0, "var": 0.0122747104615}, "spectral_centroid": {"dmean": 346.5574646, "dmean2": 566.437255859, "dvar": 134174.484375, "dvar2": 363697.3125, "max": 11289.8300781, "mean": 1736.56481934, "median": 1759.31542969, "min": 196.095001221, "var": 283181.46875}, "spectral_complexity": {"dmean": 5.49169540405, "dmean2": 8.85938167572, "dvar": 29.0457859039, "dvar2": 71.7150192261, "max": 54, "mean": 24.7400245667, "median": 25, "min": 0, "var": 95.3929748535}, "spectral_decrease": {"dmean": 5.35402699953e-09, "dmean2": 8.89948648108e-09, "dvar": 6.32018001107e-17, "dvar2": 1.51041459317e-16, "max": -2.2869969709e-29, "mean": -9.92959758861e-09, "median": -7.21584925145e-09, "min": -5.03458004175e-08, "var": 7.12845326006e-17}, "spectral_energy": {"dmean": 0.0205991268158, "dmean2": 0.0341773964465, "dvar": 0.000918544072192, "dvar2": 0.0021902450826, "max": 0.192119985819, "mean": 0.0397337935865, "median": 0.0295490212739, "min": 1.10388464436e-20, "var": 0.00104942230973}, "spectral_energyband_high": {"dmean": 0.000708911567926, "dmean2": 0.0012426993344, "dvar": 1.66036090832e-06, "dvar2": 4.5651399887e-06, "max": 0.0126742953435, "mean": 0.00136572611518, "median": 0.000941712642089, "min": 8.08191889954e-21, "var": 1.73736680154e-06}, "spectral_energyband_low": {"dmean": 0.0158168412745, "dmean2": 0.0259117372334, "dvar": 0.000830109638628, "dvar2": 0.0019610458985, "max": 0.18513122201, "mean": 0.0222280789167, "median": 0.0118527300656, "min": 8.21541077496e-23, "var": 0.000910176138859}, "spectral_energyband_middle_high": {"dmean": 0.00204012077302, "dmean2": 0.00325080193579, "dvar": 7.57432962928e-06, "dvar2": 1.85430562851e-05, "max": 0.0505828112364, "mean": 0.00631314050406, "median": 0.00489737512544, "min": 1.66052044911e-21, "var": 2.94257770292e-05}, "spectral_energyband_middle_low": {"dmean": 0.00705598015338, "dmean2": 0.012493130751, "dvar": 0.000260388391325, "dvar2": 0.000748288293835, "max": 0.125621587038, "mean": 0.0110083436593, "median": 0.00694637186825, "min": 4.04061320925e-22, "var": 0.000200281487196}, "spectral_entropy": {"dmean": 0.12353438139, "dmean2": 0.189726874232, "dvar": 0.0161322169006, "dvar2": 0.0363164134324, "max": 9.79922103882, "mean": 7.89668083191, "median": 7.9277100563, "min": 6.46516466141, "var": 0.0663942247629}, "spectral_flux": {"dmean": 0.0418722704053, "dmean2": 0.0689661204815, "dvar": 0.00259687728249, "dvar2": 0.00567797664553, "max": 0.397404909134, "mean": 0.110354430974, "median": 0.0910859331489, "min": 1.05065914302e-10, "var": 0.00403661653399}, "spectral_kurtosis": {"dmean": 0.833735287189, "dmean2": 1.41143906116, "dvar": 0.784654378891, "dvar2": 2.22758150101, "max": 13.4195384979, "mean": 2.71999025345, "median": 2.49746251106, "min": -1.21375095844, "var": 2.07164263725}, "spectral_rms": {"dmean": 0.00139441725332, "dmean2": 0.00225434987806, "dvar": 2.93871971735e-06, "dvar2": 6.70388726576e-06, "max": 0.013690658845, "mean": 0.00583348423243, "median": 0.00536920037121, "min": 3.28170780481e-12, "var": 4.73514501209e-06}, "spectral_rolloff": {"dmean": 674.203674316, "dmean2": 1144.33972168, "dvar": 885483.6875, "dvar2": 1956953, "max": 18410.8886719, "mean": 1505.73046875, "median": 1291.9921875, "min": 64.599609375, "var": 1707104.125}, "spectral_skewness": {"dmean": 0.159568578005, "dmean2": 0.265820145607, "dvar": 0.0309841185808, "dvar2": 0.0814907997847, "max": 2.69185590744, "mean": 1.17451179028, "median": 1.17665195465, "min": -0.0212250966579, "var": 0.0684795901179}, "spectral_spread": {"dmean": 418637.21875, "dmean2": 597453.5, "dvar": 322344681472, "dvar2": 503945003008, "max": 41184564, "mean": 4966278, "median": 4876498.5, "min": 2230973.5, "var": 1589989212160.0}, "spectral_strongpeak": {"dmean": 0.524755597115, "dmean2": 0.911389172077, "dvar": 0.920247197151, "dvar2": 2.38945841789, "max": 14.4372634888, "mean": 0.757155179977, "median": 0.366654962301, "min": 0, "var": 1.20612585545}, "zerocrossingrate": {"dmean": 0.0114024616778, "dmean2": 0.0140165081248, "dvar": 0.000140952543006, "dvar2": 0.00018633477157, "max": 0.50146484375, "mean": 0.066150277853, "median": 0.06298828125, "min": 0.00537109375, "var": 0.000802503083833}, "barkbands": {"dmean": [0.000401050900109, 0.014470837079, 0.00222762837075, 0.0013230429031, 0.00532896863297, 0.000639108358882, 0.000335034710588, 0.000564691436011, 0.000527227122802, 0.000571998767555, 0.000576275924686, 0.000383932841942, 0.000371262867702, 0.000331889430527, 0.00026698660804, 0.000336001074174, 0.000311683746986, 0.000251828809269, 0.000249911012361, 0.000213068924495, 0.00024725770345, 0.000169532213476, 0.000153274449985, 9.84611688182e-05, 3.6432640627e-05, 1.07992727862e-05, 2.60549131781e-06], "dmean2": [0.000647438049782, 0.0239783544093, 0.00361524592154, 0.00221014278941, 0.00975820701569, 0.00103483209386, 0.000547155330423, 0.000869195209816, 0.000846432405524, 0.000873378594406, 0.000856017170008, 0.000594673037995, 0.000599801540375, 0.000541090674233, 0.00043008220382, 0.000548660580534, 0.000519985915162, 0.000416308030253, 0.000426354876254, 0.000375479779905, 0.000446166348411, 0.000304731336655, 0.000266207032837, 0.000153566768859, 5.57274652238e-05, 1.5610439732e-05, 4.13312091041e-06], "dvar": [5.01552904097e-07, 0.000804906827398, 1.18753869174e-05, 3.00660076391e-06, 0.000208705401747, 2.12630698115e-06, 1.05675110262e-06, 3.48066873812e-06, 1.27439307107e-06, 2.7961689284e-06, 2.85448390969e-06, 9.7267422916e-07, 8.36256333514e-07, 5.10489542194e-07, 3.57339928314e-07, 4.44548192036e-07, 2.45758172923e-07, 1.35772111776e-07, 1.08502256069e-07, 1.09476246735e-07, 2.04988126029e-07, 1.09523504932e-07, 7.5766450891e-08, 4.24278390199e-08, 5.92783511166e-09, 6.08864680895e-10, 4.31879289275e-11], "dvar2": [1.19805258691e-06, 0.001909662853, 2.80823769572e-05, 7.81926155469e-06, 0.000605258101132, 5.00171563544e-06, 2.61347668129e-06, 7.43993632568e-06, 2.94422420666e-06, 6.35007563687e-06, 5.67583492739e-06, 2.2684898795e-06, 2.12621148421e-06, 1.2278073882e-06, 8.51513618727e-07, 1.04784771793e-06, 6.40703888166e-07, 3.39735294119e-07, 2.94268545531e-07, 3.08790845338e-07, 5.78547826535e-07, 3.06734563083e-07, 2.04233145951e-07, 8.07404916259e-08, 1.22361516475e-08, 1.06027353564e-09, 1.1108888115e-10], "max": [0.00598288979381, 0.174665510654, 0.0518659800291, 0.0213811136782, 0.112682834268, 0.0367596894503, 0.030246745795, 0.0528188310564, 0.0305871292949, 0.0455645732582, 0.0464065559208, 0.02695184201, 0.0192087218165, 0.0137865338475, 0.0145905790851, 0.0331562161446, 0.0110993767157, 0.00664588436484, 0.00509373517707, 0.00374676357023, 0.00459722615778, 0.0034855059348, 0.00318868248723, 0.0052251862362, 0.00185422890354, 0.00101878016721, 0.000156825888553], "mean": [0.000574995414354, 0.0171310827136, 0.00344673753716, 0.00211873953231, 0.0054134321399, 0.000998551608063, 0.000482063594973, 0.000930820300709, 0.000862373097334, 0.000920892285649, 0.00093646266032, 0.000660776509903, 0.000616367673501, 0.000492123013828, 0.000442971271696, 0.000634309486486, 0.000573307683226, 0.00047424348304, 0.000471767009003, 0.000379013508791, 0.000347122055246, 0.000242469497607, 0.000254439859418, 0.00021901234868, 8.32027872093e-05, 2.27221626119e-05, 3.78662480216e-06], "median": [9.97960160021e-05, 0.00713494326919, 0.00187448225915, 0.00138180842623, 0.00243240268901, 0.000379296136089, 0.000178418325959, 0.000183393727639, 0.00028923334321, 0.000224385439651, 0.000177839392563, 0.00022245888249, 0.000203635776415, 0.000202623588848, 0.000188005244127, 0.000436929927673, 0.000369756889995, 0.000319917045999, 0.000363281229511, 0.000293312536087, 0.000229885408771, 0.000142614371725, 0.000150453066453, 0.000136062692036, 5.72247445234e-05, 1.18186781037e-05, 1.67989037436e-06], "min": [1.04352524249e-23, 4.1473245065e-23, 1.37933181248e-23, 2.70315211414e-23, 3.65050148611e-23, 5.312461335e-23, 8.33170212525e-23, 5.94219069406e-23, 1.01867135926e-22, 6.11554761115e-23, 5.21006308742e-23, 1.705143925e-22, 5.41061393318e-23, 9.10276506627e-23, 1.23112624229e-22, 3.36261995161e-22, 1.86698372531e-22, 1.48145591511e-22, 3.31514642855e-22, 2.38203605903e-22, 2.98039096839e-22, 5.33389272942e-22, 7.47715435018e-22, 9.1021108797e-22, 1.29781134305e-21, 1.72069521334e-21, 2.63721638076e-21], "var": [9.39962660595e-07, 0.000825110822916, 2.51600340562e-05, 4.91240507472e-06, 0.000133390261908, 4.42409418611e-06, 1.50872403992e-06, 1.01735731732e-05, 3.38043059855e-06, 6.41575570626e-06, 7.62480294725e-06, 2.25265921472e-06, 1.99471196538e-06, 8.1564400034e-07, 6.90797548941e-07, 7.53202243686e-07, 4.67980839858e-07, 2.99050924468e-07, 1.61813247246e-07, 1.14222991954e-07, 1.524162343e-07, 8.96659315686e-08, 9.89629782566e-08, 1.22474830277e-07, 1.28819381828e-08, 1.6781562806e-09, 4.64881050322e-11]}, "erbbands": {"dmean": [0.422529816628, 3.33734822273, 3.25575375557, 3.19033026695, 12.0574626923, 20.8411197662, 8.26031589508, 5.47970438004, 4.36276483536, 7.1062502861, 12.580904007, 10.6570587158, 16.6047496796, 18.483335495, 18.265499115, 13.5847406387, 15.5718641281, 16.3571510315, 12.7750301361, 12.9630775452, 17.8568019867, 15.1253137589, 14.1743850708, 12.6799049377, 11.3107690811, 10.7133712769, 10.1491699219, 8.1033744812, 6.37223625183, 6.26228094101, 3.98293495178, 2.53596258163, 1.30530810356, 0.533105611801, 0.213008955121, 0.072898119688, 0.015109539032, 0.00250177737325, 0.00042701192433, 4.69274127681e-05], "dmean2": [0.670994400978, 5.67235851288, 5.47340011597, 5.1234664917, 21.8962039948, 37.9496955872, 14.0631656647, 8.89065551758, 7.11942052841, 11.3657140732, 19.4880008698, 17.2369422913, 25.1668395996, 28.1660614014, 26.8098068237, 21.3913002014, 24.9605102539, 26.7087459564, 20.6569480896, 21.0686969757, 29.0700054169, 25.1986255646, 23.5010147095, 21.1939563751, 19.685125351, 18.9022274017, 18.1268482208, 14.6594753265, 11.4558849335, 11.2511014938, 6.83218479156, 4.10759592056, 2.01653695107, 0.831005632877, 0.322528779507, 0.10737837851, 0.0216050352901, 0.00379718770273, 0.000676198571455, 7.35978246666e-05], "dvar": [0.619420528412, 45.408367157, 25.7258853912, 15.5765609741, 834.66217041, 3401.84619141, 309.741333008, 239.506317139, 161.156570435, 604.78314209, 1565.94641113, 555.048034668, 2352.97485352, 2169.30737305, 2692.51196289, 982.988708496, 1334.59191895, 1308.59765625, 683.461608887, 702.887084961, 818.561706543, 608.077392578, 497.948760986, 270.719543457, 260.037780762, 301.964782715, 296.745788574, 247.624389648, 151.261566162, 155.738937378, 48.7904853821, 22.27942276, 10.7758045197, 1.41790950298, 0.198292568326, 0.0314499922097, 0.00105509557761, 3.45033331541e-05, 1.10356700134e-06, 8.06451261326e-09], "dvar2": [1.32836318016, 114.855384827, 68.5369720459, 36.5336837769, 2442.61669922, 9785.76367188, 807.379211426, 556.379394531, 407.624908447, 1443.16589355, 3413.86083984, 1350.75610352, 5042.57226562, 4994.40966797, 5211.95800781, 2385.2199707, 3207.95556641, 3110.34155273, 1682.61047363, 1684.58190918, 1983.62133789, 1576.11047363, 1232.87194824, 710.341491699, 725.781616211, 854.263977051, 838.95111084, 697.820556641, 423.244506836, 436.927978516, 128.050567627, 46.3776245117, 21.0096492767, 3.06759762764, 0.384554386139, 0.0560406856239, 0.00183974858373, 7.95191372163e-05, 2.84131397166e-06, 2.03660626141e-08], "max": [5.25700759888, 42.7871246338, 55.4797973633, 54.5975418091, 252.28414917, 470.652435303, 334.294647217, 379.359436035, 340.381591797, 948.315673828, 1065.7166748, 661.812255859, 1465.07751465, 1023.33862305, 1632.50524902, 721.894104004, 942.808044434, 776.234924316, 571.338378906, 1049.57714844, 852.312805176, 610.482727051, 475.84085083, 333.245239258, 204.305786133, 202.552444458, 220.259048462, 202.079452515, 134.520996094, 153.962432861, 101.926651001, 105.336463928, 90.7635040283, 28.0080528259, 16.8288135529, 7.36103582382, 1.54131412506, 0.272731661797, 0.0265181232244, 0.00257285800762], "mean": [0.496737629175, 3.75018978119, 4.71426916122, 6.12820577621, 13.0770435333, 19.912443161, 11.0890607834, 8.05373096466, 6.56404781342, 10.6167821884, 21.9330005646, 17.4702415466, 27.7065906525, 36.3939285278, 31.1841316223, 25.7262592316, 27.6711597443, 25.2650814056, 22.9063339233, 25.370010376, 35.7630348206, 30.9341144562, 27.4450016022, 26.0346622467, 21.2033805847, 18.571472168, 15.6026678085, 11.2491207123, 9.07476234436, 8.82036495209, 6.99779987335, 5.40759754181, 2.79959869385, 1.18388557434, 0.471573412418, 0.154502108693, 0.0308942310512, 0.00457884278148, 0.00065279804403, 8.99200240383e-05], "median": [0.150600805879, 1.6609518528, 2.61051297188, 4.27734231949, 6.30182886124, 8.16180610657, 4.8333902359, 2.78732252121, 2.46854877472, 3.93228912354, 4.80605506897, 6.64825487137, 9.71331119537, 8.28385639191, 9.2889957428, 10.0720691681, 10.7092580795, 11.3386077881, 11.2088193893, 15.4341201782, 24.8836708069, 20.1705417633, 17.9140548706, 20.2885780334, 16.9401931763, 14.1988153458, 10.9563312531, 7.0995092392, 5.37884521484, 4.82589673996, 4.25463294983, 3.36583566666, 1.67981529236, 0.809216558933, 0.307347565889, 0.0864305570722, 0.0155239403248, 0.00244761817157, 0.000307705660816, 6.00166167715e-05], "min": [2.22836822662e-21, 5.51476427238e-21, 1.25305196599e-20, 6.53496529983e-20, 8.98219917535e-20, 1.29069010557e-19, 3.68521939288e-19, 3.09052719727e-19, 4.92669134728e-19, 2.2476972581e-18, 1.32729938758e-18, 1.84053724712e-18, 2.86428554492e-18, 1.58653872213e-18, 3.09582353133e-18, 6.59796810572e-18, 2.83656175951e-18, 4.85351698574e-18, 4.76927484421e-18, 1.38962339355e-17, 1.34124325388e-17, 9.47628863089e-18, 8.56591019232e-18, 1.15508815954e-17, 1.9739801742e-17, 1.10805773048e-17, 1.4515223114e-17, 9.83262976697e-18, 1.95862687485e-17, 2.11409911058e-17, 2.16183868158e-17, 2.07118646932e-17, 1.47687026866e-17, 1.38518540412e-17, 8.66120801633e-18, 6.41909981083e-18, 3.21667296447e-18, 1.5822219767e-18, 3.53495634775e-19, 3.69631731327e-20], "var": [0.787263274193, 40.1705627441, 33.7462768555, 35.7730102539, 585.861877441, 2118.52612305, 426.251251221, 382.909454346, 234.541885376, 858.975646973, 4689.51660156, 1290.63562012, 5033.81640625, 6999.3046875, 6576.18945312, 2514.3605957, 3210.40161133, 2222.45800781, 1236.40490723, 1347.56201172, 1692.00244141, 1275.3112793, 1067.00927734, 527.23449707, 296.997802734, 291.052886963, 249.768386841, 179.229385376, 122.039642334, 139.378921509, 73.9246444702, 59.7707901001, 27.4375743866, 2.90813207626, 0.452614635229, 0.0821323767304, 0.00275626080111, 5.46471201233e-05, 1.21905395645e-06, 9.0798355501e-09]}, "gfcc": {"mean": [35.2069320679, 74.6121826172, -110.442123413, 56.2752380371, -46.2819862366, 24.4730625153, -31.6543445587, 11.9855422974, -23.4563941956, -3.72685217857, -15.7132320404, -1.64616167545, -6.97974824905], "cov": [[4320.02246094, 50.4127426147, -204.382522583, 159.445419312, -140.57232666, -42.6750068665, -51.817024231, -12.9617404938, -8.14728546143, 6.67845106125, -42.0926704407, -21.1602115631, -31.0943565369], [50.4127426147, 522.660339355, -225.329650879, -32.392868042, 99.9563827515, -71.652557373, 99.0541229248, -30.8855705261, 3.4249317646, -11.5348215103, 45.2873725891, -27.8165245056, 50.9004173279], [-204.382522583, -225.329650879, 532.330688477, 114.497612, -4.54496431351, 33.3605728149, -77.8821716309, 10.9711914062, 26.0898704529, 17.8105316162, -8.92654705048, 26.4102611542, -32.8056983948], [159.445419312, -32.392868042, 114.497612, 237.167373657, 6.04603004456, 27.0603027344, -17.2807617188, -8.33249282837, 44.9216308594, 0.308596402407, 9.50574684143, 2.073179245, 10.6704349518], [-140.57232666, 99.9563827515, -4.54496431351, 6.04603004456, 223.246109009, 5.26916790009, 71.2152786255, 23.9497451782, -3.12635707855, 30.3488349915, 18.5180301666, 1.21161234379, 32.2684440613], [-42.6750068665, -71.652557373, 33.3605728149, 27.0603027344, 5.26916790009, 185.042236328, 68.5386047363, 32.9898719788, 6.12971544266, -5.42811346054, 20.3679637909, 10.9582529068, 1.92536139488], [-51.817024231, 99.0541229248, -77.8821716309, -17.2807617188, 71.2152786255, 68.5386047363, 173.949447632, 52.8461418152, 21.6688575745, 5.00728607178, 17.0597267151, 3.05151820183, 23.8992614746], [-12.9617404938, -30.8855705261, 10.9711914062, -8.33249282837, 23.9497451782, 32.9898719788, 52.8461418152, 123.174438477, 53.7505073547, 14.7009658813, -3.97404694557, 3.69476890564, 8.47336196899], [-8.14728546143, 3.4249317646, 26.0898704529, 44.9216308594, -3.12635707855, 6.12971544266, 21.6688575745, 53.7505073547, 101.983131409, 31.8721408844, 11.9654073715, -3.9322218895, -2.95794391632], [6.67845106125, -11.5348215103, 17.8105316162, 0.308596402407, 30.3488349915, -5.42811346054, 5.00728607178, 14.7009658813, 31.8721408844, 75.2566757202, 33.2036743164, -0.00868907663971, -9.55882453918], [-42.0926704407, 45.2873725891, -8.92654705048, 9.50574684143, 18.5180301666, 20.3679637909, 17.0597267151, -3.97404694557, 11.9654073715, 33.2036743164, 76.0901260376, 28.9690303802, 6.11456394196], [-21.1602115631, -27.8165245056, 26.4102611542, 2.073179245, 1.21161234379, 10.9582529068, 3.05151820183, 3.69476890564, -3.9322218895, -0.00868907663971, 28.9690303802, 62.5981941223, 26.0580196381], [-31.0943565369, 50.9004173279, -32.8056983948, 10.6704349518, 32.2684440613, 1.92536139488, 23.8992614746, 8.47336196899, -2.95794391632, -9.55882453918, 6.11456394196, 26.0580196381, 71.9618377686]], "icov": [[0.00027121041785, -0.000153953398694, 0.000189548431081, -0.000392862624722, 0.000237820175244, -3.61417187378e-05, 8.03133007139e-05, -0.000207651930396, 0.000339077814715, -0.000485690397909, 0.000513596343808, -0.000377120566554, 0.000305192457745], [-0.000153953398694, 0.00454209465533, 0.000578302424401, 0.00071348680649, -0.0013454197906, 0.00264183059335, -0.00238484772854, 0.00185777118895, -0.00177133711986, 0.00399471912533, -0.00569126894698, 0.0049914708361, -0.0028815753758], [0.000189548431081, 0.000578302424401, 0.00297167361714, -0.0014143952867, -0.000626900349744, -0.000469049351523, 0.0011585126631, -0.000289136805804, -0.000194341089809, -0.00070304539986, 0.0013170883758, -0.00218467810191, 0.00175804947503], [-0.000392862624722, 0.00071348680649, -0.0014143952867, 0.00660037249327, -0.00109362241346, -0.000764058087952, 0.000525428447872, 0.00264142011292, -0.00473156152293, 0.00302299601026, -0.00245733628981, 0.00253054336645, -0.00277306628413], [0.000237820175244, -0.0013454197906, -0.000626900349744, -0.00109362241346, 0.00698534538969, 0.000342877028743, -0.00219201552682, -0.00165787350852, 0.00350899389014, -0.00462332786992, 0.00111163430847, 0.00031667292933, -0.00196650694124], [-3.61417187378e-05, 0.00264183059335, -0.000469049351523, -0.000764058087952, 0.000342877028743, 0.00910263601691, -0.00485656736419, -0.000863729394041, 0.000976243871264, 0.00363081158139, -0.0059238485992, 0.00321058277041, -0.000804278475698], [8.03133007139e-05, -0.00238484772854, 0.0011585126631, 0.000525428447872, -0.00219201552682, -0.00485656736419, 0.0114531787112, -0.00321910344064, -0.00106204964686, -0.000546484836377, 0.00179023563396, -0.00204855157062, 0.000333419186063], [-0.000207651930396, 0.00185777118895, -0.000289136805804, 0.00264142011292, -0.00165787350852, -0.000863729394041, -0.00321910344064, 0.0146164232865, -0.00877514109015, 0.00101639726199, 0.00171729025897, -0.000199228496058, -0.00211215321906], [0.000339077814715, -0.00177133711986, -0.000194341089809, -0.00473156152293, 0.00350899389014, 0.000976243871264, -0.00106204964686, -0.00877514109015, 0.0194438062608, -0.00822423864156, 0.000835280865431, 0.000157318034326, 0.00137764879037], [-0.000485690397909, 0.00399471912533, -0.00070304539986, 0.00302299601026, -0.00462332786992, 0.00363081158139, -0.000546484836377, 0.00101639726199, -0.00822423864156, 0.0267129000276, -0.016299976036, 0.00833747908473, -0.000190160048078], [0.000513596343808, -0.00569126894698, 0.0013170883758, -0.00245733628981, 0.00111163430847, -0.0059238485992, 0.00179023563396, 0.00171729025897, 0.000835280865431, -0.016299976036, 0.0321578197181, -0.0194364152849, 0.00625040521845], [-0.000377120566554, 0.0049914708361, -0.00218467810191, 0.00253054336645, 0.00031667292933, 0.00321058277041, -0.00204855157062, -0.000199228496058, 0.000157318034326, 0.00833747908473, -0.0194364152849, 0.0332189314067, -0.0138522274792], [0.000305192457745, -0.0028815753758, 0.00175804947503, -0.00277306628413, -0.00196650694124, -0.000804278475698, 0.000333419186063, -0.00211215321906, 0.00137764879037, -0.000190160048078, 0.00625040521845, -0.0138522274792, 0.0228365566581]]}, "melbands": {"dmean": [0.00397331127897, 0.00263897981495, 0.000706620223355, 0.00129700859543, 0.000406381033827, 0.000118269599625, 6.67552376399e-05, 9.14351985557e-05, 9.75782168098e-05, 7.22507757018e-05, 8.69324721862e-05, 7.81774215284e-05, 7.13322151569e-05, 4.13542220485e-05, 5.04000163346e-05, 2.9553539207e-05, 3.29001559294e-05, 2.07314587897e-05, 2.33091432165e-05, 2.28089029406e-05, 2.31338817684e-05, 1.67956150108e-05, 1.50178484546e-05, 1.22447690956e-05, 1.11172594188e-05, 9.86954819382e-06, 7.8442362792e-06, 7.54789880375e-06, 6.7956152634e-06, 6.01152305535e-06, 4.54183282272e-06, 3.39140024153e-06, 3.94708786189e-06, 3.60680860467e-06, 2.41565044234e-06, 2.05096921491e-06, 1.45425144638e-06, 1.06612253603e-06, 6.96565336966e-07, 4.12863187194e-07], "dmean2": [0.00651267915964, 0.0044521773234, 0.00118001713417, 0.00237934757024, 0.000708519597538, 0.000190718026715, 0.000108811240352, 0.000145358513691, 0.000152566688485, 0.00011609646026, 0.000132077198941, 0.000119392112538, 0.000103105950984, 6.25304528512e-05, 8.1594720541e-05, 4.65369594167e-05, 5.38213498658e-05, 3.36160337611e-05, 3.75415547751e-05, 3.73671937268e-05, 3.78863951482e-05, 2.79727482848e-05, 2.50098819379e-05, 2.03726212931e-05, 1.85712615348e-05, 1.68892529473e-05, 1.37909637488e-05, 1.33271068989e-05, 1.20278218674e-05, 1.08760750663e-05, 8.19894194137e-06, 6.0367565311e-06, 7.16690965419e-06, 6.43228167974e-06, 4.16599732489e-06, 3.43801298186e-06, 2.31012836593e-06, 1.66779636857e-06, 1.09263635295e-06, 6.58021406252e-07], "dvar": [5.98330334469e-05, 2.23097413254e-05, 9.71901954472e-07, 1.26772602016e-05, 9.19580713798e-07, 9.78111529548e-08, 3.65460763874e-08, 9.5030536329e-08, 8.02090838192e-08, 2.67970676759e-08, 6.37588044583e-08, 3.87351022368e-08, 4.41731131673e-08, 1.34113813388e-08, 2.08056079032e-08, 4.2330743355e-09, 5.54918377915e-09, 2.05517936003e-09, 3.1779099352e-09, 3.51833318035e-09, 1.32728872337e-09, 7.7319550762e-10, 5.44647216216e-10, 3.60201646288e-10, 2.14979783975e-10, 1.85391021978e-10, 1.23148283238e-10, 1.60397584104e-10, 1.27587870824e-10, 1.16101649128e-10, 8.08742170455e-11, 4.0724926903e-11, 6.51988046885e-11, 4.85765178082e-11, 1.83279710853e-11, 1.25044731514e-11, 8.6846727726e-12, 7.12633684702e-12, 3.36933194019e-12, 6.93677754127e-13], "dvar2": [0.000136545917485, 5.86337155255e-05, 2.63049332716e-06, 3.67355169146e-05, 2.53766870628e-06, 2.27400349218e-07, 9.15880207231e-08, 2.15083005628e-07, 1.77674408519e-07, 6.42447517407e-08, 1.37230344421e-07, 8.98841818753e-08, 8.38337967934e-08, 2.98316500391e-08, 5.44495648569e-08, 9.44183131679e-09, 1.32424373689e-08, 5.180012419e-09, 7.60258078714e-09, 8.19699952359e-09, 3.2237938985e-09, 1.95560523331e-09, 1.39164046953e-09, 9.09627928536e-10, 5.64823077198e-10, 4.9941850655e-10, 3.46498857384e-10, 4.49113357615e-10, 3.57610663304e-10, 3.2924424298e-10, 2.27478855197e-10, 1.13541329116e-10, 1.83888751448e-10, 1.35767772025e-10, 4.89031003192e-11, 3.07372460817e-11, 1.75244038031e-11, 1.45305130775e-11, 7.1434433889e-12, 1.60886093944e-12], "max": [0.049443282187, 0.0341665558517, 0.00931247230619, 0.0284172520041, 0.0121838571504, 0.0074600703083, 0.00540171423927, 0.00933090411127, 0.00703958747908, 0.0046738255769, 0.00714253913611, 0.00397183652967, 0.00734787946567, 0.00356801250018, 0.00318587594666, 0.00163359730504, 0.0015171605628, 0.00109274673741, 0.00165215798188, 0.00336520583369, 0.00090671190992, 0.000696501054335, 0.000686975487042, 0.000357787008397, 0.000315668381518, 0.000241400834057, 0.00011914078641, 0.000184103177162, 0.000227696786169, 0.000100254095742, 0.000132536530145, 8.21571520646e-05, 8.08249460533e-05, 8.40796055854e-05, 6.74965776852e-05, 6.76254785503e-05, 8.14700397314e-05, 8.00741690909e-05, 5.04708696099e-05, 2.00005415536e-05], "mean": [0.00472105666995, 0.00346598401666, 0.00122321944218, 0.00127886247355, 0.00048959790729, 0.000178877526196, 0.000100338453194, 0.000142407181556, 0.000168751663296, 0.000115232003736, 0.000142075965414, 0.000148742692545, 0.00011591835937, 7.2720577009e-05, 8.30897770356e-05, 4.86269309476e-05, 4.63940668851e-05, 3.41643681168e-05, 3.75432464352e-05, 3.87571853935e-05, 4.2358522478e-05, 3.17292906402e-05, 2.74048506981e-05, 2.23225470108e-05, 2.11740698433e-05, 1.74599390448e-05, 1.32102186399e-05, 1.21076618598e-05, 1.01849127532e-05, 8.19271826913e-06, 5.9099684222e-06, 4.86286853629e-06, 5.02976126882e-06, 4.9950972425e-06, 3.99110285798e-06, 3.73632406081e-06, 3.08835524265e-06, 2.122364549e-06, 1.37776078191e-06, 8.73525038969e-07], "median": [0.00178834144026, 0.00184094032738, 0.000851341988891, 0.000563066685572, 0.00021977830329, 6.41541773803e-05, 3.75426498067e-05, 4.39297218691e-05, 3.5932251194e-05, 4.01963407057e-05, 4.42211166956e-05, 3.04441819026e-05, 2.79061587207e-05, 2.1580264729e-05, 2.57238461927e-05, 1.74978049472e-05, 1.89479396795e-05, 1.54244844452e-05, 1.51678750626e-05, 2.59757634922e-05, 2.81420689134e-05, 2.03090858122e-05, 1.75580644282e-05, 1.464750585e-05, 1.60857161973e-05, 1.31627011797e-05, 1.03437951111e-05, 8.75158275448e-06, 6.8954877861e-06, 5.47216131963e-06, 3.49142646883e-06, 2.92842287308e-06, 2.63977653958e-06, 2.59980993178e-06, 2.38157190324e-06, 2.22913331527e-06, 1.87128807738e-06, 1.21921266327e-06, 8.1517646322e-07, 6.21974663773e-07], "min": [1.57205984018e-23, 6.34294812668e-24, 1.15102047815e-23, 7.81462967652e-24, 1.10075441904e-23, 7.68499221966e-24, 1.04209345995e-23, 2.32047379575e-23, 1.15396498036e-23, 1.24025650263e-23, 1.36936613266e-23, 5.40917228988e-24, 8.69547334101e-24, 1.81562963768e-23, 1.19976458791e-23, 5.66429148435e-24, 9.44884497183e-24, 6.85417890264e-24, 1.07041916736e-23, 2.77321432212e-23, 1.19985380808e-23, 9.17961384462e-24, 9.54139571095e-24, 8.01830015161e-24, 9.06600683022e-24, 1.33112704691e-23, 1.24825933874e-23, 6.11478233719e-24, 9.4711484362e-24, 6.04745542551e-24, 5.84822268744e-24, 1.20381546755e-23, 1.02333024555e-23, 1.20496223464e-23, 1.24371384332e-23, 1.22989568239e-23, 1.2419473471e-23, 1.08840811478e-23, 1.01011927085e-23, 1.21284035185e-23], "var": [6.60321966279e-05, 2.11585484067e-05, 1.38954499107e-06, 7.98273504188e-06, 8.36471258481e-07, 1.68158436509e-07, 5.36077422453e-08, 1.83087735195e-07, 2.42996748057e-07, 6.56442722402e-08, 1.38747509482e-07, 1.19629874007e-07, 1.10647654594e-07, 3.39162653518e-08, 5.10940942888e-08, 9.37469391005e-09, 8.71524719059e-09, 3.42892580996e-09, 6.10234840437e-09, 4.981294488e-09, 2.77771250445e-09, 1.55810508939e-09, 1.0717959853e-09, 7.29782456688e-10, 3.94970695039e-10, 2.62502242165e-10, 1.29035698793e-10, 1.61217345029e-10, 1.20524687452e-10, 8.53625364838e-11, 5.88085691255e-11, 3.42533432174e-11, 5.05116642957e-11, 4.72321834422e-11, 2.50871545759e-11, 2.45704168816e-11, 2.32330127359e-11, 1.69397031125e-11, 6.98956821241e-12, 1.25247913169e-12]}, "mfcc": {"mean": [-604.195983887, 95.1394500732, 4.73324203491, 35.9814186096, 15.087477684, 13.6351566315, 8.70686912537, 12.9731693268, 3.92403578758, 4.21433782578, -4.55730676651, 0.531963527203, -2.90609884262], "cov": [[3313.94750977, 137.323806763, -132.472930908, -6.94028139114, -140.859542847, 8.73587322235, -78.8582305908, 13.1609992981, -47.9972267151, 13.0326013565, -8.59772396088, -24.0990715027, -38.9827308655], [137.323806763, 542.530761719, -258.118988037, 43.7159996033, -21.3151912689, -19.4204216003, 76.2282714844, -27.438501358, 24.4143447876, -28.6834125519, 13.153717041, 8.3406829834, -0.61112600565], [-132.472930908, -258.118988037, 496.706054688, 35.7422676086, 76.6553421021, 34.2111167908, -76.5340423584, 24.6918239594, -38.7345542908, 16.3257007599, 3.66651439667, 1.61094343662, 1.98645973206], [-6.94028139114, 43.7159996033, 35.7422676086, 182.328109741, 53.521484375, 7.77966690063, -19.2770500183, -18.6531429291, 16.7202720642, -5.42199659348, 0.145543262362, 16.4361763, 9.93713855743], [-140.859542847, -21.3151912689, 76.6553421021, 53.521484375, 137.787155151, 14.7664022446, 5.90000391006, -8.14895534515, 7.79147100449, 2.87040138245, 0.867391228676, 12.8305950165, 5.54354143143], [8.73587322235, -19.4204216003, 34.2111167908, 7.77966690063, 14.7664022446, 120.526359558, 51.553768158, 23.3016433716, -6.7721862793, 12.0307731628, 4.94921159744, -4.18279886246, 9.66905498505], [-78.8582305908, 76.2282714844, -76.5340423584, -19.2770500183, 5.90000391006, 51.553768158, 136.803939819, 39.9288902283, 33.1264343262, 4.21213054657, 2.57493376732, 8.37715053558, 16.0249977112], [13.1609992981, -27.438501358, 24.6918239594, -18.6531429291, -8.14895534515, 23.3016433716, 39.9288902283, 111.755012512, 44.1848373413, 27.8477611542, 0.0190503522754, -2.09292554855, 10.1484327316], [-47.9972267151, 24.4143447876, -38.7345542908, 16.7202720642, 7.79147100449, -6.7721862793, 33.1264343262, 44.1848373413, 99.3360977173, 40.6825218201, 6.78105068207, 0.962351202965, 4.21679878235], [13.0326013565, -28.6834125519, 16.3257007599, -5.42199659348, 2.87040138245, 12.0307731628, 4.21213054657, 27.8477611542, 40.6825218201, 85.4021453857, 35.6163749695, 8.79020118713, 1.87682497501], [-8.59772396088, 13.153717041, 3.66651439667, 0.145543262362, 0.867391228676, 4.94921159744, 2.57493376732, 0.0190503522754, 6.78105068207, 35.6163749695, 75.4445343018, 36.4995155334, 7.48597860336], [-24.0990715027, 8.3406829834, 1.61094343662, 16.4361763, 12.8305950165, -4.18279886246, 8.37715053558, -2.09292554855, 0.962351202965, 8.79020118713, 36.4995155334, 82.3229827881, 34.5620231628], [-38.9827308655, -0.61112600565, 1.98645973206, 9.93713855743, 5.54354143143, 9.66905498505, 16.0249977112, 10.1484327316, 4.21679878235, 1.87682497501, 7.48597860336, 34.5620231628, 65.4263687134]], "icov": [[0.000339247082593, -0.000118649208162, 9.80612894637e-05, -7.08927836968e-05, 0.000284035311779, -0.000198707886739, 0.00036219987669, -0.000237960121012, 0.00026710840757, -0.000227274504141, 0.000168178419699, -0.000106267689262, 0.000188508536667], [-0.000118649208162, 0.0028920781333, 0.00117918942124, -0.00111645960715, 6.12942603766e-05, 0.000761524483096, -0.00164275011048, 0.000478661007946, -8.71124357218e-05, 0.00103807589039, -0.00129530124832, 0.000471340230433, 0.000175521403435], [9.80612894637e-05, 0.00117918942124, 0.00350570655428, -0.000614191580098, -0.00161260983441, -0.000867744733114, 0.00179450341966, -0.00174740259536, 0.00161233567633, -0.000272619654424, -0.000431398279034, 0.000129175081383, 3.77014475816e-05], [-7.08927836968e-05, -0.00111645960715, -0.000614191580098, 0.00759754609317, -0.00234966631979, -0.00198410591111, 0.00267183384858, 0.00141542463098, -0.00336547172628, 0.00149849173613, 0.000662306905724, -0.00151568977162, -0.000670797831845], [0.000284035311779, 6.12942603766e-05, -0.00161260983441, -0.00234966631979, 0.00974949542433, -0.000399245182052, -0.00162468175404, 0.00175312673673, -0.00105845869984, -0.000396360672312, 0.000967535132077, -0.00139555695932, 0.000640681013465], [-0.000198707886739, 0.000761524483096, -0.000867744733114, -0.00198410591111, -0.000399245182052, 0.0127964187413, -0.00680180033669, -0.0011498661479, 0.00464058574289, -0.00276775332168, -0.00113654439338, 0.00302039436065, -0.00148174515925], [0.00036219987669, -0.00164275011048, 0.00179450341966, 0.00267183384858, -0.00162468175404, -0.00680180033669, 0.0145000973716, -0.00331862689927, -0.00384998414665, 0.00248128455132, 0.000414343812736, -0.0019302892033, -0.00100449670572], [-0.000237960121012, 0.000478661007946, -0.00174740259536, 0.00141542463098, 0.00175312673673, -0.0011498661479, -0.00331862689927, 0.0141399372369, -0.00599485682324, -0.00143704155926, 0.00138556514867, 0.000245965406066, -0.0015191542916], [0.00026710840757, -8.71124357218e-05, 0.00161233567633, -0.00336547172628, -0.00105845869984, 0.00464058574289, -0.00384998414665, -0.00599485682324, 0.0193842370063, -0.00916741415858, 0.0017498631496, 0.00134354783222, 9.576000366e-07], [-0.000227274504141, 0.00103807589039, -0.000272619654424, 0.00149849173613, -0.000396360672312, -0.00276775332168, 0.00248128455132, -0.00143704155926, -0.00916741415858, 0.021408630535, -0.0100703602657, 0.00141259038355, 9.54781207838e-05], [0.000168178419699, -0.00129530124832, -0.000431398279034, 0.000662306905724, 0.000967535132077, -0.00113654439338, 0.000414343812736, 0.00138556514867, 0.0017498631496, -0.0100703602657, 0.0229514688253, -0.0104789286852, 0.00285580242053], [-0.000106267689262, 0.000471340230433, 0.000129175081383, -0.00151568977162, -0.00139555695932, 0.00302039436065, -0.0019302892033, 0.000245965406066, 0.00134354783222, 0.00141259038355, -0.0104789286852, 0.021660560742, -0.0100966216996], [0.000188508536667, 0.000175521403435, 3.77014475816e-05, -0.000670797831845, 0.000640681013465, -0.00148174515925, -0.00100449670572, -0.0015191542916, 9.576000366e-07, 9.54781207838e-05, 0.00285580242053, -0.0100966216996, 0.021149488166]]}, "spectral_contrast_coeffs": {"dmean": [0.0590753704309, 0.0477576963603, 0.039432361722, 0.0308106020093, 0.019865764305, 0.020777868107], "dmean2": [0.100009068847, 0.0781107321382, 0.0639239102602, 0.0503209605813, 0.0325559973717, 0.0342465117574], "dvar": [0.00305729266256, 0.00148451200221, 0.00100937718526, 0.000605277891736, 0.000262715766439, 0.000481723778648], "dvar2": [0.00859115831554, 0.00383598660119, 0.00248257466592, 0.00156575255096, 0.00066142360447, 0.0012659720378], "max": [-0.303505003452, -0.415341645479, -0.491305053234, -0.57690602541, -0.606063067913, -0.609867334366], "mean": [-0.665651679039, -0.760145843029, -0.771243810654, -0.786143243313, -0.797658503056, -0.748934566975], "median": [-0.67184150219, -0.771734714508, -0.785678625107, -0.791420936584, -0.801879048347, -0.75116032362], "min": [-0.947848916054, -0.954364836216, -0.969285190105, -0.949796319008, -0.958371579647, -0.962057948112], "var": [0.00578463450074, 0.00552359502763, 0.0053155310452, 0.00227651605383, 0.00106453802437, 0.0012535933638]}, "spectral_contrast_valleys": {"dmean": [0.365266174078, 0.381291151047, 0.320961177349, 0.285672783852, 0.260863989592, 0.232682392001], "dmean2": [0.608656108379, 0.626103758812, 0.516473770142, 0.45851072669, 0.416209071875, 0.357026487589], "dvar": [0.110353857279, 0.138930469751, 0.0934011116624, 0.0938262194395, 0.101529419422, 0.115032374859], "dvar2": [0.253333389759, 0.319356679916, 0.192956492305, 0.194116666913, 0.21263371408, 0.232842817903], "max": [-5.0450553894, -4.97956562042, -5.6188993454, -5.75710010529, -5.4803481102, -7.82684421539], "mean": [-6.595118522