{"lowlevel": {"average_loudness": 0.959776103497, "barkbands_crest": {"dmean": 2.23743581772, "dmean2": 3.47128582001, "dvar": 6.50303173065, "dvar2": 15.0602073669, "max": 26.4436912537, "mean": 11.4783449173, "median": 10.7651109695, "min": 2.51203227043, "var": 16.4157333374}, "barkbands_flatness_db": {"dmean": 0.0268691182137, "dmean2": 0.0369855687022, "dvar": 0.00110253295861, "dvar2": 0.00210943655111, "max": 0.687758684158, "mean": 0.203352868557, "median": 0.202724486589, "min": 0.0218954514712, "var": 0.00637537054718}, "barkbands_kurtosis": {"dmean": 1.96747791767, "dmean2": 2.95772528648, "dvar": 20.1890048981, "dvar2": 49.9690818787, "max": 133.191925049, "mean": 3.33179068565, "median": 0.853397727013, "min": -1.81023049355, "var": 53.8347473145}, "barkbands_skewness": {"dmean": 0.459862440825, "dmean2": 0.626648902893, "dvar": 0.311768770218, "dvar2": 0.63148868084, "max": 10.7846918106, "mean": 0.947558999062, "median": 0.792194485664, "min": -2.75821518898, "var": 1.87293064594}, "barkbands_spread": {"dmean": 3.33728957176, "dmean2": 4.87973833084, "dvar": 23.257068634, "dvar2": 50.555934906, "max": 67.9712982178, "mean": 16.2682514191, "median": 13.3114776611, "min": 0.818678200245, "var": 106.442192078}, "dissonance": {"dmean": 0.0276137758046, "dmean2": 0.0447455830872, "dvar": 0.000918798032217, "dvar2": 0.00236484291963, "max": 0.499857246876, "mean": 0.412651956081, "median": 0.42236828804, "min": 0.0950265303254, "var": 0.0033333231695}, "dynamic_complexity": 3.2055542469, "erbbands_crest": {"dmean": 2.7369992733, "dmean2": 4.11557674408, "dvar": 10.2845010757, "dvar2": 22.9356136322, "max": 32.6198310852, "mean": 15.184211731, "median": 14.0162963867, "min": 2.62295341492, "var": 40.6353988647}, "erbbands_flatness_db": {"dmean": 0.0262421816587, "dmean2": 0.0348976776004, "dvar": 0.000997109105811, "dvar2": 0.00190718879458, "max": 0.666807591915, "mean": 0.247658967972, "median": 0.243998199701, "min": 0.0857439115644, "var": 0.00555770937353}, "erbbands_kurtosis": {"dmean": 1.51194083691, "dmean2": 2.2368452549, "dvar": 6.11265516281, "dvar2": 13.5974998474, "max": 35.7721672058, "mean": 2.32789993286, "median": 1.00684833527, "min": -1.8593518734, "var": 16.9690170288}, "erbbands_skewness": {"dmean": 0.427397757769, "dmean2": 0.597248017788, "dvar": 0.262087613344, "dvar2": 0.532485127449, "max": 5.57626628876, "mean": 0.341932892799, "median": 0.376347303391, "min": -4.62334918976, "var": 1.64845967293}, "erbbands_spread": {"dmean": 4.94563770294, "dmean2": 6.99163484573, "dvar": 37.9468612671, "dvar2": 83.020362854, "max": 92.8858718872, "mean": 21.7464561462, "median": 20.4572696686, "min": 2.02566170692, "var": 138.933898926}, "hfc": {"dmean": 8.75933170319, "dmean2": 13.9427814484, "dvar": 424.557678223, "dvar2": 1144.34606934, "max": 185.12902832, "mean": 15.08365345, "median": 10.065243721, "min": 1.06264405901e-16, "var": 409.227050781}, "melbands_crest": {"dmean": 2.85892963409, "dmean2": 4.38642644882, "dvar": 10.7628107071, "dvar2": 24.854549408, "max": 32.9996681213, "mean": 13.9846735001, "median": 12.9919509888, "min": 1.67099058628, "var": 27.2512226105}, "melbands_flatness_db": {"dmean": 0.0297786351293, "dmean2": 0.0391999855638, "dvar": 0.00138114450965, "dvar2": 0.00259436806664, "max": 0.767353951931, "mean": 0.258431255817, "median": 0.257776647806, "min": 0.00311584561132, "var": 0.00823813118041}, "melbands_kurtosis": {"dmean": 3.67967748642, "dmean2": 5.34708786011, "dvar": 62.1035842896, "dvar2": 148.501998901, "max": 206.657653809, "mean": 6.85833120346, "median": 2.45953607559, "min": -1.85865354538, "var": 163.947525024}, "melbands_skewness": {"dmean": 0.522741496563, "dmean2": 0.717087566853, "dvar": 0.409339815378, "dvar2": 0.851997315884, "max": 11.6948471069, "mean": 1.57502937317, "median": 1.32788145542, "min": -2.14742970467, "var": 2.04729413986}, "melbands_spread": {"dmean": 5.33973884583, "dmean2": 7.66022825241, "dvar": 58.0431518555, "dvar2": 113.263389587, "max": 154.298248291, "mean": 24.2139720917, "median": 18.9130725861, "min": 0.848200201988, "var": 343.92678833}, "pitch_salience": {"dmean": 0.0590803064406, "dmean2": 0.0917256399989, "dvar": 0.00580667518079, "dvar2": 0.0129347695038, "max": 0.917812228203, "mean": 0.457644581795, "median": 0.434974044561, "min": 0.110872782767, "var": 0.0132956281304}, "silence_rate_20dB": {"dmean": 0, "dmean2": 0, "dvar": 0, "dvar2": 0, "max": 1, "mean": 1, "median": 1, "min": 1, "var": 0}, "silence_rate_30dB": {"dmean": 0, "dmean2": 0, "dvar": 0, "dvar2": 0, "max": 1, "mean": 1, "median": 1, "min": 1, "var": 0}, "silence_rate_60dB": {"dmean": 0.0305489264429, "dmean2": 0.0611075758934, "dvar": 0.0296135433018, "dvar2": 0.0643745660782, "max": 1, "mean": 0.0825644284487, "median": 0, "min": 0, "var": 0.0757468119264}, "spectral_centroid": {"dmean": 187.845108032, "dmean2": 264.571044922, "dvar": 94139.4609375, "dvar2": 165980.484375, "max": 11599.5253906, "mean": 1211.01489258, "median": 975.252990723, "min": 353.231872559, "var": 803500.75}, "spectral_complexity": {"dmean": 3.06093883514, "dmean2": 4.51830053329, "dvar": 38.9923706055, "dvar2": 74.7098388672, "max": 56, "mean": 11.5964050293, "median": 10, "min": 0, "var": 65.4818267822}, "spectral_decrease": {"dmean": 1.8929771084e-09, "dmean2": 2.74109712706e-09, "dvar": 1.02537317004e-17, "dvar2": 2.47382143013e-17, "max": 2.184261365e-20, "mean": -4.23459356469e-09, "median": -2.7348787679e-09, "min": -2.74285483215e-08, "var": 1.85266652731e-17}, "spectral_energy": {"dmean": 0.00788260623813, "dmean2": 0.0115224719048, "dvar": 0.000181776311365, "dvar2": 0.000448909093393, "max": 0.118730150163, "mean": 0.0173504371196, "median": 0.0112312864512, "min": 1.02125035129e-20, "var": 0.0003078787704}, "spectral_energyband_high": {"dmean": 0.000405229860917, "dmean2": 0.000641157617792, "dvar": 1.18432546969e-06, "dvar2": 2.98925647257e-06, "max": 0.0122513063252, "mean": 0.000394973874791, "median": 5.0118087529e-05, "min": 7.15779659661e-21, "var": 1.12937948415e-06}, "spectral_energyband_low": {"dmean": 0.00195273535792, "dmean2": 0.00281610013917, "dvar": 4.27700942964e-05, "dvar2": 9.34847194003e-05, "max": 0.0698461011052, "mean": 0.00323716085404, "median": 0.000831419252791, "min": 2.03853711704e-23, "var": 6.07827278145e-05}, "spectral_energyband_middle_high": {"dmean": 0.00273232418112, "dmean2": 0.00453385943547, "dvar": 5.03976953041e-05, "dvar2": 0.000136269358336, "max": 0.0679560825229, "mean": 0.00504024233669, "median": 0.00352063961327, "min": 1.13863440899e-21, "var": 4.95293134009e-05}, "spectral_energyband_middle_low": {"dmean": 0.00398427294567, "dmean2": 0.00534891989082, "dvar": 5.52162528038e-05, "dvar2": 0.00011291114788, "max": 0.0798946991563, "mean": 0.00887115020305, "median": 0.00527407415211, "min": 1.93737018667e-22, "var": 0.000132382905576}, "spectral_entropy": {"dmean": 0.298629939556, "dmean2": 0.397281140089, "dvar": 0.141596034169, "dvar2": 0.258968681097, "max": 9.82360649109, "mean": 6.59563302994, "median": 6.47953987122, "min": 3.46826100349, "var": 0.59197884798}, "spectral_flux": {"dmean": 0.0280917324126, "dmean2": 0.0414478294551, "dvar": 0.00165259209462, "dvar2": 0.00307719409466, "max": 0.317330479622, "mean": 0.0532764680684, "median": 0.0315054655075, "min": 6.40865624457e-11, "var": 0.00303916190751}, "spectral_kurtosis": {"dmean": 6.62670278549, "dmean2": 11.05448246, "dvar": 144.914016724, "dvar2": 418.800872803, "max": 431.725982666, "mean": 13.5329799652, "median": 7.71841621399, "min": -1.25013804436, "var": 581.500061035}, "spectral_rms": {"dmean": 0.000778027402703, "dmean2": 0.00106979731936, "dvar": 1.21518451124e-06, "dvar2": 2.86637464342e-06, "max": 0.0107626337558, "mean": 0.00369934132323, "median": 0.00331018911675, "min": 3.15648830858e-12, "var": 3.24213920067e-06}, "spectral_rolloff": {"dmean": 262.616638184, "dmean2": 440.545562744, "dvar": 374742.53125, "dvar2": 781858.875, "max": 19509.0820312, "mean": 1452.68408203, "median": 1184.32617188, "min": 150.732421875, "var": 2370841.25}, "spectral_skewness": {"dmean": 0.512941479683, "dmean2": 0.826093494892, "dvar": 0.343954622746, "dvar2": 0.846111297607, "max": 16.1691226959, "mean": 2.33765721321, "median": 2.01928639412, "min": -0.0567204020917, "var": 1.84453582764}, "spectral_spread": {"dmean": 615165.0625, "dmean2": 817639.5, "dvar": 813087784960, "dvar2": 1384861007870.0, "max": 42365984, "mean": 3319462, "median": 3023674.25, "min": 225735.1875, "var": 8086050308100.0}, "spectral_strongpeak": {"dmean": 0.729679524899, "dmean2": 1.20872855186, "dvar": 1.38077235222, "dvar2": 3.34193539619, "max": 13.9673566818, "mean": 1.94685482979, "median": 1.24462270737, "min": 0, "var": 3.26410150528}, "zerocrossingrate": {"dmean": 0.00722213415429, "dmean2": 0.00826177466661, "dvar": 8.21226713015e-05, "dvar2": 0.000111449342512, "max": 0.5224609375, "mean": 0.0539437383413, "median": 0.04541015625, "min": 0.01025390625, "var": 0.00180278636981}, "barkbands": {"dmean": [0.000148265549797, 0.00127061537933, 0.000896396348253, 0.000144873556565, 0.000434634537669, 0.00109930499457, 0.00246246089227, 0.00050374265993, 0.000200064197998, 0.00022862899641, 0.000367674831068, 0.000451546657132, 0.000446330464911, 0.000383819191484, 0.000302922708215, 0.000300671235891, 0.00034280406544, 0.000190617953194, 0.000253999431152, 0.000109439184598, 9.46205400396e-05, 7.96226377133e-05, 6.44198735245e-05, 6.1758357333e-05, 4.21279510192e-05, 2.43610247708e-05, 3.10180598717e-06], "dmean2": [0.000261790875811, 0.00172607088462, 0.00165557628497, 0.000256222527241, 0.00069376186002, 0.00142668292392, 0.00356908235699, 0.000662801845465, 0.000347378256265, 0.00038353522541, 0.000622260442469, 0.000753066386096, 0.000693420763128, 0.000621639075689, 0.000498176843394, 0.000495474901982, 0.000584709574468, 0.000330237846356, 0.000448098202469, 0.000182210569619, 0.000150297637447, 0.000120350116049, 0.000106768602564, 9.93700014078e-05, 7.25475838408e-05, 4.33401619375e-05, 5.67223605685e-06], "dvar": [2.78078317706e-07, 1.68110782397e-05, 1.08658050522e-05, 1.89070817669e-07, 8.71511872447e-07, 1.04153850771e-05, 3.39103753504e-05, 1.08309529878e-06, 5.32804506292e-07, 5.88652653732e-07, 1.49088577928e-06, 1.9309156869e-06, 1.15883938179e-06, 1.63219726801e-06, 9.72511656983e-07, 1.75073375885e-06, 1.98047359845e-06, 4.10391891137e-07, 1.09072061605e-06, 1.16094888369e-07, 9.99848808192e-08, 5.78887870972e-08, 4.50171597777e-08, 3.85878990983e-08, 3.26821414376e-08, 1.10057589708e-08, 1.89517082583e-10], "dvar2": [8.28076110793e-07, 3.30182738253e-05, 3.15290271828e-05, 4.87003717353e-07, 1.88686681213e-06, 1.60668569151e-05, 7.894137525e-05, 2.16340185943e-06, 1.43102147376e-06, 1.53263829361e-06, 3.93311393054e-06, 5.01894555782e-06, 2.76577452496e-06, 3.89592878491e-06, 2.5356750939e-06, 4.41967404186e-06, 5.26399207956e-06, 1.12216059733e-06, 3.14668545798e-06, 3.05980734083e-07, 2.6389488994e-07, 1.37713044523e-07, 1.21088120864e-07, 9.61465431715e-08, 8.78806645233e-08, 2.96413222856e-08, 5.33147859194e-10], "max": [0.00770095363259, 0.0569386035204, 0.0267603937536, 0.00474139116704, 0.0136616248637, 0.0452362857759, 0.0702069327235, 0.0169418025762, 0.0142015153542, 0.00926022324711, 0.0163901522756, 0.0218006353825, 0.0214766673744, 0.0319111160934, 0.0189530085772, 0.0601671487093, 0.0448528155684, 0.00694593321532, 0.0115987258032, 0.00671220570803, 0.00677093770355, 0.0044076340273, 0.00308596575633, 0.00458644330502, 0.00476230029017, 0.00138472393155, 0.000295654375805], "mean": [0.000149725601659, 0.002073608106, 0.000910459260922, 0.000170460407389, 0.0010016572196, 0.00254608434625, 0.00326085556298, 0.00138844177127, 0.000341646024026, 0.000358914112439, 0.000619886850473, 0.000717092771083, 0.000934020848945, 0.000613700714894, 0.00039120260044, 0.00044471671572, 0.000528985110577, 0.000210918398807, 0.000241977919359, 0.00010706280591, 9.31948961806e-05, 8.01555142971e-05, 5.48044590687e-05, 5.71777927689e-05, 3.38881072821e-05, 1.75507630047e-05, 2.25801090892e-06], "median": [5.09306619279e-06, 0.000184114964213, 0.00043081928743, 7.1326692705e-05, 0.000415310729295, 0.000626848952379, 0.00101857050322, 0.000461049290607, 7.65176955611e-05, 5.27621959918e-05, 2.82254732156e-05, 4.76563363918e-05, 0.000135906360811, 3.59583209502e-05, 5.90235467826e-05, 3.7300727854e-05, 3.07836817228e-05, 3.43724968843e-05, 3.33870048053e-05, 1.46585662151e-05, 8.76451122167e-06, 8.27829717309e-06, 4.01455508836e-06, 3.52543338522e-06, 8.27997325814e-07, 2.60040081912e-07, 4.46679351285e-08], "min": [1.84462777013e-24, 6.6944432468e-24, 6.37402508017e-26, 1.61155733657e-24, 1.44451318026e-23, 8.89832813393e-24, 8.1841849782e-24, 9.75778499042e-24, 2.60705923178e-23, 3.31473798793e-23, 2.24787114011e-23, 1.82518700309e-23, 2.79406202258e-23, 3.36276289321e-23, 6.83050487133e-23, 3.7642350338e-23, 7.41825231519e-23, 1.17482984644e-22, 1.41356616695e-22, 2.2767224971e-22, 2.53907011871e-22, 3.84134442024e-22, 4.05503888775e-22, 5.81252051525e-22, 8.56595708474e-22, 1.43759880812e-21, 1.91044491247e-21], "var": [2.15795893155e-07, 2.9158365578e-05, 6.82124709783e-06, 1.53101339606e-07, 2.02209753297e-06, 3.21784973494e-05, 4.48475038866e-05, 4.11200562667e-06, 1.08272251964e-06, 1.24735129248e-06, 2.5972738058e-06, 3.49766150975e-06, 3.77986202693e-06, 4.7535795602e-06, 1.44612272379e-06, 2.32924980992e-06, 2.42966211772e-06, 3.67418010683e-07, 7.11173299806e-07, 1.04037702897e-07, 8.90385010166e-08, 6.24271905281e-08, 3.46434383403e-08, 3.50844651109e-08, 2.34313493053e-08, 7.92991894372e-09, 1.22153134829e-10]}, "erbbands": {"dmean": [0.056421931833, 0.285641282797, 1.00471031666, 0.699593305588, 0.746558129787, 1.75005102158, 3.87859487534, 10.0309104919, 37.3980865479, 21.0533752441, 5.98730039597, 4.53984928131, 7.44419574738, 7.60426187515, 17.5898590088, 19.4657764435, 21.5193061829, 21.6471252441, 15.6225690842, 15.4036388397, 16.3980464935, 14.7345294952, 11.7045965195, 15.2091264725, 7.83120536804, 5.29170560837, 4.09727144241, 3.309040308, 2.81141543388, 2.44506597519, 1.89132654667, 1.43236112595, 0.851867794991, 0.463181346655, 0.31783747673, 0.140017881989, 0.0403368361294, 0.00593495508656, 0.000505438947584, 3.25099863403e-05], "dmean2": [0.0798669978976, 0.435089319944, 1.86501431465, 1.24651587009, 1.37187325954, 2.74956870079, 5.55601835251, 13.1681156158, 54.7874450684, 27.7817993164, 8.58753108978, 7.59108018875, 12.7960720062, 13.1646671295, 29.3521995544, 31.6513671875, 33.5549850464, 35.1273231506, 25.5413379669, 25.5324516296, 27.371931076, 25.5836429596, 19.9591884613, 27.2043437958, 13.0669317245, 8.75830936432, 6.49751234055, 5.33586168289, 4.31952905655, 3.69512486458, 3.13821315765, 2.3668076992, 1.35742902756, 0.771234333515, 0.56061154604, 0.250770330429, 0.0703271925449, 0.0108838761225, 0.000924601976294, 5.54761681997e-05], "dvar": [0.0339017994702, 1.06974947453, 14.9459180832, 4.84893321991, 4.64370536804, 15.3119115829, 69.8952941895, 789.946472168, 8177.74462891, 1356.21435547, 173.365036011, 280.897460938, 750.934204102, 677.068786621, 3087.62597656, 3100.40576172, 2630.79638672, 4678.08642578, 2291.92358398, 2756.83520508, 3846.56420898, 2529.75878906, 1319.61608887, 4422.50732422, 648.98059082, 250.538787842, 194.933197021, 116.10067749, 80.4608230591, 58.6637573242, 41.7114601135, 21.7707290649, 16.3404541016, 6.41790533066, 1.43567347527, 0.325384825468, 0.038468260318, 0.000839332584292, 4.49894969279e-06, 1.11827995752e-08], "dvar2": [0.0780834257603, 2.66525816917, 43.6234893799, 12.9781398773, 13.317363739, 31.1963539124, 117.751174927, 1333.36132812, 18512.1640625, 2974.36914062, 386.143249512, 729.322021484, 2047.15148926, 1824.1829834, 7985.67089844, 7766.48681641, 6342.96777344, 11185.5273438, 5788.40527344, 7199.3984375, 10150.453125, 6877.25976562, 3533.44433594, 12737.4765625, 1752.59423828, 657.810241699, 516.317443848, 309.209289551, 200.320999146, 136.86038208, 112.741279602, 56.2739639282, 41.5611114502, 17.2697906494, 3.9454908371, 0.881219148636, 0.0995949208736, 0.00239448691718, 1.26294671645e-05, 3.08600860421e-08], "max": [2.34698629379, 11.5039634705, 31.0979785919, 17.9596500397, 17.5869827271, 45.6162261963, 81.3240661621, 375.985748291, 1025.32641602, 362.299926758, 284.324523926, 399.450073242, 342.654968262, 339.947113037, 809.641052246, 992.880981445, 951.586914062, 1706.72741699, 1175.50317383, 1626.74169922, 1835.04797363, 1176.88146973, 466.142059326, 721.890930176, 368.773681641, 322.02142334, 315.704071045, 201.776428223, 205.962219238, 187.820480347, 132.172454834, 100.784164429, 147.246810913, 71.3382797241, 22.3741168976, 6.98732709885, 3.95019316673, 0.538460969925, 0.0275771450251, 0.00110834615771], "mean": [0.0817110314965, 0.379447311163, 0.978345036507, 0.872173845768, 0.652038037777, 3.87972092628, 10.7840127945, 22.3388824463, 49.6686134338, 44.5888938904, 16.7905845642, 9.77646350861, 10.1317987442, 10.2068195343, 32.1544189453, 38.5025749207, 46.7640075684, 37.6712989807, 24.2430095673, 20.4367370605, 24.5061454773, 19.9655666351, 15.9137916565, 13.7085485458, 8.52198982239, 5.59205961227, 4.0725646019, 3.19676876068, 2.74544024467, 2.4445669651, 1.61002528667, 1.26585495472, 0.7661896348, 0.399545401335, 0.246114522219, 0.10216704756, 0.0297487918288, 0.00411782320589, 0.000360117846867, 3.822700819e-05], "median": [0.00321846827865, 0.0612531527877, 0.342775285244, 0.413280069828, 0.223786443472, 1.40165007114, 4.75363683701, 7.2800359726, 14.0657711029, 24.6891708374, 6.02820777893, 2.76555895805, 1.85405695438, 1.26880466938, 2.62821745872, 5.89925479889, 7.98257923126, 4.56447982788, 4.47100257874, 3.49155259132, 3.24643564224, 1.80613517761, 2.49624300003, 2.14500761032, 1.44352400303, 0.97282743454, 0.45801743865, 0.40173459053, 0.279270112514, 0.255060493946, 0.110540539026, 0.0816974416375, 0.0453361496329, 0.0137035567313, 0.00454097846523, 0.00138037651777, 0.000388822343666, 8.18610133138e-05, 1.84312702913e-05, 1.68126280187e-05], "min": [1.74465739976e-22, 1.1031284486e-21, 2.56960183777e-21, 6.83755976169e-21, 1.33854415191e-20, 6.02389886695e-20, 4.99145823215e-20, 5.42092103578e-20, 1.02267441057e-19, 2.24970896135e-19, 4.32770401634e-19, 6.11290815375e-19, 4.81490564231e-19, 1.59933841153e-18, 9.7187063171e-19, 1.06064872153e-18, 1.72370894574e-18, 1.88167562731e-18, 3.41661430584e-18, 3.86112441662e-18, 4.24876648067e-18, 4.81317538727e-18, 6.40812643283e-18, 6.38189157252e-18, 8.17575060408e-18, 1.10558214434e-17, 9.92644032024e-18, 1.07068132635e-17, 1.26586939841e-17, 1.24904206321e-17, 1.14849933509e-17, 1.05941388563e-17, 1.05358606735e-17, 8.41229861667e-18, 6.05507954354e-18, 4.55436298131e-18, 2.67891002695e-18, 9.90348916017e-19, 2.18962256166e-19, 2.83356050268e-20], "var": [0.0510609187186, 1.16011059284, 9.12965583801, 3.81349086761, 2.83610343933, 37.780960083, 241.358718872, 2221.86010742, 11691.4863281, 2992.90478516, 672.351257324, 761.405822754, 1108.72155762, 1057.33398438, 6072.56689453, 7961.64160156, 8594.09765625, 13986.9414062, 4858.47998047, 3021.6105957, 4343.82910156, 2725.50170898, 1519.10241699, 2757.40722656, 642.874572754, 247.915206909, 175.880966187, 96.7548828125, 75.3564071655, 66.9748382568, 31.7899799347, 18.9341831207, 13.1521873474, 4.48484945297, 0.981269657612, 0.231265157461, 0.029736276716, 0.000512329221237, 2.79357095678e-06, 7.83155496009e-09]}, "gfcc": {"mean": [-87.5313034058, 116.189407349, -139.533905029, 11.8796796799, -60.7137794495, -7.47045087814, -41.8499641418, -4.85566329956, -9.3086605072, 9.57861709595, 4.92584466934, -0.533019721508, -12.5343198776], "cov": [[19654.9199219, -1543.35620117, -139.425308228, 2381.68457031, -123.425331116, 900.872924805, -1063.27258301, 405.697723389, -504.535766602, 76.1681518555, -515.754638672, 111.51966095, -191.468490601], [-1543.35620117, 2627.40795898, -131.581100464, -176.062057495, 361.573822021, -378.67199707, 517.672119141, -320.825744629, 227.689498901, -231.841583252, 268.144836426, -144.293807983, 122.322463989], [-139.425308228, -131.581100464, 909.866577148, 262.005767822, 334.214874268, 352.546844482, 50.8735618591, 208.134292603, -0.419158726931, 94.8597946167, -65.1519546509, 89.7769851685, -33.2910079956], [2381.68457031, -176.062057495, 262.005767822, 968.084716797, 116.676040649, 216.221923828, -157.003097534, 97.2613449097, 85.6008834839, 43.439365387, -96.8399353027, -87.9595565796, 22.4022445679], [-123.425331116, 361.573822021, 334.214874268, 116.676040649, 691.026123047, 237.391494751, 134.513519287, 56.3538284302, 8.10366630554, 55.0737724304, 0.524078190327, 61.2647132874, -50.7585029602], [900.872924805, -378.67199707, 352.546844482, 216.221923828, 237.391494751, 526.150024414, 53.6119384766, 187.957382202, -11.7400407791, 92.284286499, -43.686668396, 88.5164794922, -32.2122688293], [-1063.27258301, 517.672119141, 50.8735618591, -157.003097534, 134.513519287, 53.6119384766, 417.044006348, 19.3008213043, 44.0501441956, -48.2545700073, 83.7109909058, 19.3622493744, 4.69681692123], [405.697723389, -320.825744629, 208.134292603, 97.2613449097, 56.3538284302, 187.957382202, 19.3008213043, 269.025512695, -2.42345762253, 38.5850753784, -36.6411170959, 51.6315536499, -0.711724162102], [-504.535766602, 227.689498901, -0.419158726931, 85.6008834839, 8.10366630554, -11.7400407791, 44.0501441956, -2.42345762253, 215.959747314, 66.823928833, 35.5313339233, -43.0382804871, 58.6810646057], [76.1681518555, -231.841583252, 94.8597946167, 43.439365387, 55.0737724304, 92.284286499, -48.2545700073, 38.5850753784, 66.823928833, 203.962112427, 32.6418495178, 14.5710906982, -52.4839401245], [-515.754638672, 268.144836426, -65.1519546509, -96.8399353027, 0.524078190327, -43.686668396, 83.7109909058, -36.6411170959, 35.5313339233, 32.6418495178, 192.38609314, 19.5427379608, -12.9723234177], [111.51966095, -144.293807983, 89.7769851685, -87.9595565796, 61.2647132874, 88.5164794922, 19.3622493744, 51.6315536499, -43.0382804871, 14.5710906982, 19.5427379608, 193.016448975, 18.308588028], [-191.468490601, 122.322463989, -33.2910079956, 22.4022445679, -50.7585029602, -32.2122688293, 4.69681692123, -0.711724162102, 58.6810646057, -52.4839401245, -12.9723234177, 18.308588028, 215.287750244]], "icov": [[0.000158400056534, -0.000262205925537, 0.000319450162351, -0.000432810193161, 0.000229246361414, -0.000337886798661, 0.00032921746606, -0.000284769921564, 0.000659832090605, -0.000402959209168, 0.000402024830692, -0.000386223720852, 0.000158643728355], [-0.000262205925537, 0.00177917955443, -0.000803307746537, 0.000690789369401, -0.00130465929396, 0.00132007640786, -0.00147297617514, 0.00146537902765, -0.00230018910952, 0.00231754803099, -0.00202193506993, 0.00130393158179, -0.000554074009415], [0.000319450162351, -0.000803307746537, 0.00252281758003, -0.00115701032337, 0.00013079449127, -0.00124571169727, 0.000639568082988, -0.00146857404616, 0.00170091143809, -0.00159898027778, 0.00152712303679, -0.00132256408688, 0.000427748978836], [-0.000432810193161, 0.000690789369401, -0.00115701032337, 0.00277154752985, -0.000784702890087, 0.000220990463276, -9.23042262002e-06, 0.000604867353104, -0.00258590234444, 0.00161618471611, -0.000984068727121, 0.00200538313948, -0.000525471346918], [0.000229246361414, -0.00130465929396, 0.00013079449127, -0.000784702890087, 0.00303089665249, -0.00152632885147, 0.000460422568722, -0.000540984212421, 0.00175755668897, -0.00191022560466, 0.00161848939024, -0.00139270338695, 0.000792651844677], [-0.000337886798661, 0.00132007640786, -0.00124571169727, 0.000220990463276, -0.00152632885147, 0.00491870846599, -0.00201890082099, -0.000235975414398, -0.00133161584381, 0.000371356378309, -0.000967925705481, 0.000173902590177, -0.000466434226837], [0.00032921746606, -0.00147297617514, 0.000639568082988, -9.23042262002e-06, 0.000460422568722, -0.00201890082099, 0.00515201501548, -0.00165217986796, 0.000589327828493, 0.000314087286824, 0.000120415075799, -0.000879602797795, 0.000916183227673], [-0.000284769921564, 0.00146537902765, -0.00146857404616, 0.000604867353104, -0.000540984212421, -0.000235975414398, -0.00165217986796, 0.00674053793773, -0.00209426041692, 0.00156927539501, -0.00101427116897, 0.000437885173596, -0.000625380314887], [0.000659832090605, -0.00230018910952, 0.00170091143809, -0.00258590234444, 0.00175755668897, -0.00133161584381, 0.000589327828493, -0.00209426041692, 0.0116902384907, -0.00714819924906, 0.00223627313972, -0.000393629044993, -0.00213960092515], [-0.000402959209168, 0.00231754803099, -0.00159898027778, 0.00161618471611, -0.00191022560466, 0.000371356378309, 0.000314087286824, 0.00156927539501, -0.00714819924906, 0.011676074937, -0.00444099726155, 0.00122096959967, 0.00193633779418], [0.000402024830692, -0.00202193506993, 0.00152712303679, -0.000984068727121, 0.00161848939024, -0.000967925705481, 0.000120415075799, -0.00101427116897, 0.00223627313972, -0.00444099726155, 0.00936586409807, -0.00294119864702, 0.00119798653759], [-0.000386223720852, 0.00130393158179, -0.00132256408688, 0.00200538313948, -0.00139270338695, 0.000173902590177, -0.000879602797795, 0.000437885173596, -0.000393629044993, 0.00122096959967, -0.00294119864702, 0.00857547391206, -0.00228080921806], [0.000158643728355, -0.000554074009415, 0.000427748978836, -0.000525471346918, 0.000792651844677, -0.000466434226837, 0.000916183227673, -0.000625380314887, -0.00213960092515, 0.00193633779418, 0.00119798653759, -0.00228080921806, 0.00663810782135]]}, "melbands": {"dmean": [0.000405702157877, 0.000469959806651, 0.000127341103507, 8.18798071123e-05, 0.000128299419885, 0.000232332764426, 0.000564569141716, 0.000201562201255, 4.03757185268e-05, 2.92526729027e-05, 3.68222754332e-05, 2.86621852865e-05, 5.37452870049e-05, 5.60522494197e-05, 4.38294300693e-05, 4.44855359092e-05, 4.27591730841e-05, 2.34621820709e-05, 2.16552653001e-05, 2.52551544691e-05, 1.89910115296e-05, 1.64270368259e-05, 1.44344930959e-05, 8.76055037224e-06, 1.35791060529e-05, 7.32649868951e-06, 3.66241238225e-06, 3.59757086699e-06, 2.41661246037e-06, 2.63712263404e-06, 1.84247153356e-06, 1.64150276305e-06, 1.53292830873e-06, 1.28168346691e-06, 1.16692774554e-06, 9.19869023619e-07, 8.6027330326e-07, 5.99755423991e-07, 5.76233560423e-07, 3.3407533806e-07], "dmean2": [0.000546752358787, 0.000842786917929, 0.000228932069149, 0.000138080824399, 0.00018121075118, 0.000305402791128, 0.000821106601506, 0.0002641438914, 6.07270121691e-05, 4.98232620885e-05, 6.32670416962e-05, 4.97258261021e-05, 9.14716438274e-05, 9.24223350012e-05, 7.03045880073e-05, 7.03266923665e-05, 6.90683082212e-05, 3.82585167245e-05, 3.68215696653e-05, 4.07569859817e-05, 3.19792234222e-05, 2.84486959572e-05, 2.45316587097e-05, 1.5021897525e-05, 2.45000574068e-05, 1.26118520711e-05, 6.01413239565e-06, 5.98635187998e-06, 3.86322335544e-06, 4.18974832428e-06, 3.02935791296e-06, 2.5699212074e-06, 2.2486240141e-06, 2.01359262064e-06, 1.9507556317e-06, 1.55236489263e-06, 1.42011936077e-06, 9.49482171109e-07, 9.52376581154e-07, 5.62093873668e-07], "dvar": [1.61961986578e-06, 3.34427727466e-06, 1.62281807548e-07, 3.21963042893e-08, 7.16344672469e-08, 4.97803114285e-07, 1.85061378488e-06, 1.16166766873e-07, 9.92881776796e-09, 1.1433456848e-08, 1.85796107388e-08, 9.9769570383e-09, 3.20160573608e-08, 2.63228194797e-08, 1.11245208601e-08, 1.40026550355e-08, 2.19977263072e-08, 4.85186202326e-09, 5.67372815397e-09, 1.40489921918e-08, 7.26902316117e-09, 4.41410952234e-09, 2.06825867544e-09, 7.83344333843e-10, 3.8184473361e-09, 7.85467690889e-10, 1.33266536695e-10, 1.42464401387e-10, 5.72202944749e-11, 1.13016755676e-10, 5.62144254757e-11, 3.86679230302e-11, 2.41713211946e-11, 1.71968880108e-11, 1.91771702684e-11, 1.04937872628e-11, 7.59966482106e-12, 9.97054695751e-12, 1.1324034592e-11, 3.28562329253e-12], "dvar2": [3.26418717123e-06, 9.49600780586e-06, 4.43584724508e-07, 8.26291497447e-08, 1.18744850397e-07, 8.11061454442e-07, 4.17912042394e-06, 2.48234840683e-07, 2.34597106186e-08, 3.01422424798e-08, 5.04773147725e-08, 2.65317385839e-08, 8.52674446605e-08, 6.85085765895e-08, 2.84549450669e-08, 3.38651808818e-08, 5.15419671387e-08, 1.21856400526e-08, 1.53675951964e-08, 3.48406210549e-08, 1.92434654878e-08, 1.18916023695e-08, 5.36007149776e-09, 2.15838924511e-09, 1.1027449176e-08, 2.19724261008e-09, 3.61495666734e-10, 3.75543485198e-10, 1.50496129447e-10, 3.02224884008e-10, 1.53343338027e-10, 9.9868946446e-11, 5.2816116064e-11, 4.30767990722e-11, 5.214947571e-11, 2.82412062486e-11, 1.9679421287e-11, 2.46886833893e-11, 3.05336970985e-11, 8.86955699858e-12], "max": [0.0188400149345, 0.0152583699673, 0.00309830880724, 0.00175548903644, 0.0029003538657, 0.00964507367462, 0.0158828124404, 0.00399200385436, 0.00210192520171, 0.00218396703713, 0.00170877308119, 0.00151618325617, 0.00243999948725, 0.00218183337711, 0.00240219058469, 0.0022159263026, 0.00391460862011, 0.00175262102857, 0.000905999040697, 0.00564209837466, 0.00273224385455, 0.00196738820523, 0.000922183797229, 0.000303546810756, 0.000682084239088, 0.00034861030872, 0.000177865222213, 0.000313494936563, 0.000117889154353, 0.000285447749775, 0.000190806778846, 0.000182206727914, 0.000103085963929, 8.11011923361e-05, 0.000120677992527, 5.50864315301e-05, 5.2040843002e-05, 0.000126533806906, 0.00010248007311, 5.38804160897e-05], "mean": [0.000630294089206, 0.000513202685397, 0.000146314268932, 0.000128093684907, 0.000361826212611, 0.00051818578504, 0.000752179068513, 0.000458697672002, 0.000110093409603, 5.50698496227e-05, 4.90130587423e-05, 3.70378329535e-05, 8.61902517499e-05, 0.000103472004412, 9.13089970709e-05, 8.75102559803e-05, 7.18276933185e-05, 3.67624961655e-05, 2.27589825954e-05, 4.092173549e-05, 2.74746453215e-05, 2.1445162929e-05, 2.15124946408e-05, 1.00137458503e-05, 1.15404927783e-05, 7.17301281838e-06, 3.920718882e-06, 3.70544125872e-06, 2.3141174097e-06, 2.60360047832e-06, 1.69317536347e-06, 1.55232180532e-06, 1.56605847224e-06, 1.21589971513e-06, 9.95772097667e-07, 7.44799876884e-07, 7.65608433539e-07, 5.28769476205e-07, 5.12860026447e-07, 2.8594450896e-07], "median": [4.22381490353e-05, 0.000180311442818, 6.83199396008e-05, 3.97939693357e-05, 0.000164000783116, 0.000143488839967, 0.000218971341383, 0.000240824534558, 3.09539973387e-05, 1.27626599351e-05, 7.9815290519e-06, 2.60193337454e-06, 4.24646896136e-06, 9.43316899793e-06, 1.59834198712e-05, 1.05397693915e-05, 3.98506927013e-06, 6.30741169516e-06, 3.23791209667e-06, 3.26009353557e-06, 3.05295861835e-06, 1.35716743443e-06, 1.21864877656e-06, 2.10972484638e-06, 1.05083415747e-06, 7.65489744481e-07, 6.57589339426e-07, 5.30830561729e-07, 2.30567991366e-07, 1.81596732318e-07, 1.82463395504e-07, 1.36206352863e-07, 1.20863887787e-07, 1.0534808581e-07, 5.44254596946e-08, 2.70133817537e-08, 4.42631424846e-08, 2.52321790128e-08, 1.17730758475e-08, 6.5381495773e-09], "min": [2.24554975913e-24, 1.55102468665e-24, 1.68403166426e-24, 2.47570545025e-24, 2.57066142627e-24, 1.22386691153e-24, 1.57357033132e-24, 2.40622731489e-24, 3.41602488826e-24, 3.99101258587e-24, 2.18755763576e-24, 5.32060569276e-24, 2.94808403777e-24, 2.85613362179e-24, 4.56231472533e-24, 3.16983678253e-24, 2.56310985804e-24, 4.49884534348e-24, 4.74108559481e-24, 3.82634063292e-24, 4.40577592832e-24, 3.66498031805e-24, 5.28307681848e-24, 5.29481901306e-24, 4.30310489264e-24, 6.24863349457e-24, 4.84629321273e-24, 6.67931605008e-24, 6.64253856582e-24, 5.97744835891e-24, 4.69459210521e-24, 5.85785901783e-24, 6.50030733904e-24, 6.37513562376e-24, 4.80320484123e-24, 6.15229701197e-24, 6.90971234378e-24, 6.05724440048e-24, 6.22968742221e-24, 7.37587865167e-24], "var": [2.83441340798e-06, 2.30764044318e-06, 1.19046170255e-07, 4.50458728096e-08, 2.53894995694e-07, 1.41717816859e-06, 2.65114294962e-06, 3.01818374737e-07, 3.68781982729e-08, 2.72560640724e-08, 2.77315166386e-08, 1.85656041651e-08, 4.98727530385e-08, 5.02605885799e-08, 3.15970289932e-08, 3.78120290634e-08, 6.95811337437e-08, 1.10845688184e-08, 4.96845853348e-09, 2.03411207877e-08, 7.70120855975e-09, 4.459104197e-09, 3.41296590989e-09, 6.59927612556e-10, 2.34955255252e-09, 6.45864806081e-10, 1.19463272608e-10, 1.32709357392e-10, 5.04255526224e-11, 9.8016698924e-11, 4.16452358709e-11, 3.26158162978e-11, 3.02354148662e-11, 1.69725813265e-11, 1.43297821525e-11, 8.06194173919e-12, 6.48563928257e-12, 8.38533149167e-12, 7.92654483717e-12, 2.32986937035e-12]}, "mfcc": {"mean": [-722.582702637, 143.652069092, -16.5974655151, 16.4464550018, -2.38522553444, -3.87663412094, -16.6656570435, -13.5786218643, -16.3776340485, -1.21390998363, 7.65504026413, 10.9334344864, 7.16433143616], "cov": [[9377.05175781, -1258.43054199, 261.142578125, 469.197296143, 283.287994385, 395.308349609, -34.3680915833, 194.699981689, 23.0752830505, 72.9952545166, -137.711135864, 49.8837013245, -100.241943359], [-1258.43054199, 2223.83447266, -122.658103943, 204.178665161, 131.521102905, 40.3527755737, 184.709884644, 53.7096366882, -69.3312530518, -32.8414916992, 120.178939819, -85.7792129517, -21.8656673431], [261.142578125, -122.658103943, 540.471740723, 119.049850464, 155.734558105, 108.46559906, 68.0268478394, 81.2020797729, 123.080551147, 80.046043396, 11.0444116592, 20.0747661591, 51.0619049072], [469.197296143, 204.178665161, 119.049850464, 358.115783691, 148.723403931, 95.3491210938, -6.53499603271, -0.895288407803, 36.4951438904, 80.8937835693, 64.442489624, -27.5484409332, -72.7318954468], [283.287994385, 131.521102905, 155.734558105, 148.723403931, 480.5652771, 220.842681885, 105.196899414, 72.1980209351, 124.019477844, 36.021194458, 66.8623886108, 95.5056304932, -55.1809768677], [395.308349609, 40.3527755737, 108.46559906, 95.3491210938, 220.842681885, 342.502441406, 125.596839905, 97.5606384277, 95.3295974731, 51.3193054199, 65.8539276123, 86.930809021, -9.69642925262], [-34.3680915833, 184.709884644, 68.0268478394, -6.53499603271, 105.196899414, 125.596839905, 316.562042236, 176.750274658, 48.8683280945, 8.38035774231, 27.1172790527, 51.3866043091, 55.0842590332], [194.699981689, 53.7096366882, 81.2020797729, -0.895288407803, 72.1980209351, 97.5606384277, 176.750274658, 257.306182861, 99.7698059082, -11.5267448425, -21.4703235626, 59.2003479004, 45.8794441223], [23.0752830505, -69.3312530518, 123.080551147, 36.4951438904, 124.019477844, 95.3295974731, 48.8683280945, 99.7698059082, 261.311859131, 66.6127319336, -77.6784439087, 37.6873321533, 50.7672271729], [72.9952545166, -32.8414916992, 80.046043396, 80.8937835693, 36.021194458, 51.3193054199, 8.38035774231, -11.5267448425, 66.6127319336, 248.606643677, 71.4253158569, -73.2950897217, -29.4182624817], [-137.711135864, 120.178939819, 11.0444116592, 64.442489624, 66.8623886108, 65.8539276123, 27.1172790527, -21.4703235626, -77.6784439087, 71.4253158569, 286.305358887, 50.7528572083, -91.9027023315], [49.8837013245, -85.7792129517, 20.0747661591, -27.5484409332, 95.5056304932, 86.930809021, 51.3866043091, 59.2003479004, 37.6873321533, -73.2950897217, 50.7528572083, 288.862426758, 85.2783813477], [-100.241943359, -21.8656673431, 51.0619049072, -72.7318954468, -55.1809768677, -9.69642925262, 55.0842590332, 45.8794441223, 50.7672271729, -29.4182624817, -91.9027023315, 85.2783813477, 237.384521484]], "icov": [[0.00014868551807, 0.000107459876745, 1.74786782736e-05, -0.000246286625043, -4.44724209956e-05, -0.000160495648743, 8.63020395627e-05, -0.000213018953218, 0.000257722102106, -5.57983657927e-05, 0.000196086373762, -1.43405941344e-05, 1.67506423168e-05], [0.000107459876745, 0.000666320556775, 0.00029696704587, -0.000611669442151, -0.000233993196161, 6.1625073613e-06, -0.000318212318234, -0.000157762726303, 0.00018525563064, 0.00031816252158, -0.000261282664724, 0.000475450447993, -0.000366490043234], [1.74786782736e-05, 0.00029696704587, 0.00257511204109, -0.000793759478256, -0.000627804780379, -2.3795530069e-05, -4.2957100959e-05, -0.000462445110315, -0.000507902062964, -0.000144378020195, -0.000481046590721, 0.00059188506566, -0.00111807615031], [-0.000246286625043, -0.000611669442151, -0.000793759478256, 0.00453079026192, -0.00062936230097, -0.000340461381711, 0.000718819268513, 0.000267068768153, -0.000289712770609, -0.000771195918787, -0.000322868349031, 0.000134957663249, 0.000812865095213], [-4.44724209956e-05, -0.000233993196161, -0.000627804780379, -0.00062936230097, 0.0040497216396, -0.00135926553048, -0.000900140847079, 0.000865347974468, -0.00151116563939, 0.000399342476157, -1.28057472466e-05, -0.00120585330296, 0.00163026305381], [-0.000160495648743, 6.1625073613e-06, -2.3795530069e-05, -0.000340461381711, -0.00135926553048, 0.00526684289798, -0.00122550898232, -0.000227799333516, -0.000908323563635, -0.000455158238765, -0.000720471085515, -0.000804283190519, 0.00020902104734], [8.63020395627e-05, -0.000318212318234, -4.2957100959e-05, 0.000718819268513, -0.000900140847079, -0.00122550898232, 0.00651569105685, -0.00415945146233, 0.00125156890135, -0.000512223690748, -0.000521881273016, 0.000552027660888, -0.00146222859621], [-0.000213018953218, -0.000157762726303, -0.000462445110315, 0.000267068768153, 0.000865347974468, -0.000227799333516, -0.00415945146233, 0.00810114294291, -0.00281101907603, 0.00117671384942, 3.78027434635e-05, -0.0006247999263, 0.00065421970794], [0.000257722102106, 0.00018525563064, -0.000507902062964, -0.000289712770609, -0.00151116563939, -0.000908323563635, 0.00125156890135, -0.00281101907603, 0.00806872639805, -0.00309935119003, 0.00342803588137, -0.0011958386749, -0.000342060666298], [-5.57983657927e-05, 0.00031816252158, -0.000144378020195, -0.000771195918787, 0.000399342476157, -0.000455158238765, -0.000512223690748, 0.00117671384942, -0.00309935119003, 0.00700912764296, -0.00327970646322, 0.00296030868776, -0.00103556050453], [0.000196086373762, -0.000261282664724, -0.000481046590721, -0.000322868349031, -1.28057472466e-05, -0.000720471085515, -0.000521881273016, 3.78027434635e-05, 0.00342803588137, -0.00327970646322, 0.00729483971372, -0.0032483455725, 0.00299622607417], [-1.43405941344e-05, 0.000475450447993, 0.00059188506566, 0.000134957663249, -0.00120585330296, -0.000804283190519, 0.000552027660888, -0.0006247999263, -0.0011958386749, 0.00296030868776, -0.0032483455725, 0.00673648249358, -0.0034237341024], [1.67506423168e-05, -0.000366490043234, -0.00111807615031, 0.000812865095213, 0.00163026305381, 0.00020902104734, -0.00146222859621, 0.00065421970794, -0.000342060666298, -0.00103556050453, 0.00299622607417, -0.0034237341024, 0.0076105534099]]}, "spectral_contrast_coeffs": {"dmean": [0.0441562794149, 0.0490679740906, 0.0434238947928, 0.0425092577934, 0.037218414247, 0.0231936406344], "dmean2": [0.0671758949757, 0.0726979449391, 0.0658664777875, 0.0627916529775, 0.0549892485142, 0.0331822708249], "dvar": [0.00185054680333, 0.0029386933893, 0.00216705538332, 0.00220136297867, 0.00170801579952, 0.000548609939869], "dvar2": [0.00372762326151, 0.00613501109183, 0.00420334609225, 0.00380005827174, 0.00330471340567, 0.00111650442705], "max": [-0.286152124405, -0.336409389973, -0.372986614704, -0.412919253111, -0.475394576788, -0.491059303284], "mean": [-0.610135793686, -0.60432779789, -0.690683364868, -0.688785254955, -0.715347647667, -0.737132072449], "median": [-0.617127537727, -0.605228424072, -0.69620513916, -0.679068624973, -0.709528505802, -0.741639494896], "min": [-0.976939558983, -0.983013808727, -0.973201453686, -0.968404591084, -0.965775966644, -0.966540336609], "var": [0.012452416122, 0.00826099701226, 0.0107362680137, 0.0108225336298, 0.00747559219599, 0.00344178173691]}, "spectral_contrast_valleys": {"dmean": [0.496994405985, 0.445342212915, 0.525880813599, 0.556421399117, 0.622986733913, 0.727775990963], "dmean2": [0.760173857212, 0.649730503559, 0.780823469162, 0.77408772707, 0.77579754591, 0.850649595261], "dvar": [0.32492390275, 0.302236050367, 0.50414711237, 0.551687479019, 0.612614393234, 0.663787186146], "dvar2": [0.581840217113, 0.502874612808, 0.86159068346, 0.899081349373, 1.0645544529, 1.10757780075], "max": [-5.3