{"lowlevel": {"average_loudness": 0.961617171764, "barkbands_crest": {"dmean": 1.97994220257, "dmean2": 3.23341941833, "dvar": 5.48491573334, "dvar2": 16.4954948425, "max": 24.2696800232, "mean": 14.2749872208, "median": 14.7371482849, "min": 3.04232978821, "var": 14.0519762039}, "barkbands_flatness_db": {"dmean": 0.0223160758615, "dmean2": 0.0317039117217, "dvar": 0.000680100056343, "dvar2": 0.0013871275587, "max": 0.560611784458, "mean": 0.206315591931, "median": 0.191162437201, "min": 0.0325016900897, "var": 0.010036370717}, "barkbands_kurtosis": {"dmean": 3.07971692085, "dmean2": 4.94509410858, "dvar": 16.1621875763, "dvar2": 44.3272590637, "max": 58.6579742432, "mean": 7.01476764679, "median": 5.43817424774, "min": -1.56917965412, "var": 41.9173240662}, "barkbands_skewness": {"dmean": 0.477389365435, "dmean2": 0.759301841259, "dvar": 0.26729080081, "dvar2": 0.68606543541, "max": 6.20707893372, "mean": 2.29556941986, "median": 2.29779458046, "min": -1.91238093376, "var": 0.990967035294}, "barkbands_spread": {"dmean": 3.75924515724, "dmean2": 5.6759595871, "dvar": 27.6469211578, "dvar2": 57.5129776001, "max": 57.7246398926, "mean": 14.9196949005, "median": 12.0228452682, "min": 0.856311380863, "var": 131.166122437}, "dissonance": {"dmean": 0.019130140543, "dmean2": 0.0313674472272, "dvar": 0.000391298963223, "dvar2": 0.000993717112578, "max": 0.499989718199, "mean": 0.442028224468, "median": 0.461239844561, "min": 0.106798030436, "var": 0.00430463114753}, "dynamic_complexity": 3.20003986359, "erbbands_crest": {"dmean": 2.28304576874, "dmean2": 3.50883889198, "dvar": 4.7703037262, "dvar2": 10.7616024017, "max": 25.7633171082, "mean": 9.93428897858, "median": 9.27157115936, "min": 2.18049955368, "var": 19.3795852661}, "erbbands_flatness_db": {"dmean": 0.0169412549585, "dmean2": 0.0230010934174, "dvar": 0.000346209359122, "dvar2": 0.000617618847173, "max": 0.517664134502, "mean": 0.174503207207, "median": 0.156464576721, "min": 0.0440034270287, "var": 0.00757083343342}, "erbbands_kurtosis": {"dmean": 0.556429088116, "dmean2": 0.839581727982, "dvar": 0.385403990746, "dvar2": 0.82345110178, "max": 10.8236722946, "mean": 0.2425647825, "median": -0.0457470417023, "min": -1.5780428648, "var": 1.63487434387}, "erbbands_skewness": {"dmean": 0.26936647296, "dmean2": 0.411245644093, "dvar": 0.0598775371909, "dvar2": 0.134222820401, "max": 2.5708334446, "mean": 0.0762342363596, "median": 0.0514624118805, "min": -1.80854582787, "var": 0.3427323699}, "erbbands_spread": {"dmean": 6.05763149261, "dmean2": 9.33365535736, "dvar": 55.261089325, "dvar2": 132.06980896, "max": 102.186523438, "mean": 34.1314697266, "median": 33.5948104858, "min": 3.01485323906, "var": 217.930114746}, "hfc": {"dmean": 6.87359905243, "dmean2": 10.6631708145, "dvar": 285.510192871, "dvar2": 686.760864258, "max": 180.152877808, "mean": 18.3816947937, "median": 11.5660161972, "min": 8.60782289891e-09, "var": 521.249755859}, "melbands_crest": {"dmean": 1.92731451988, "dmean2": 3.16023159027, "dvar": 5.41671705246, "dvar2": 14.9910993576, "max": 30.7461128235, "mean": 17.4774837494, "median": 17.647813797, "min": 3.20264673233, "var": 13.5379180908}, "melbands_flatness_db": {"dmean": 0.025494672358, "dmean2": 0.0366227701306, "dvar": 0.000959661381785, "dvar2": 0.00196612230502, "max": 0.629277765751, "mean": 0.297597706318, "median": 0.288293510675, "min": 0.0127511750907, "var": 0.0121817719191}, "melbands_kurtosis": {"dmean": 7.2791595459, "dmean2": 12.0494966507, "dvar": 105.088020325, "dvar2": 300.701843262, "max": 112.240753174, "mean": 18.5777664185, "median": 15.384059906, "min": -1.15731942654, "var": 205.190643311}, "melbands_skewness": {"dmean": 0.649894237518, "dmean2": 1.05228936672, "dvar": 0.546302497387, "dvar2": 1.50861740112, "max": 8.71955680847, "mean": 3.52209997177, "median": 3.54565191269, "min": -0.776122033596, "var": 1.77626991272}, "melbands_spread": {"dmean": 3.80482530594, "dmean2": 6.04045391083, "dvar": 41.9375572205, "dvar2": 86.8478546143, "max": 138.93536377, "mean": 12.4219112396, "median": 9.0885925293, "min": 1.34677278996, "var": 124.620094299}, "pitch_salience": {"dmean": 0.0563953481615, "dmean2": 0.0939060747623, "dvar": 0.00353024131618, "dvar2": 0.0101749692112, "max": 0.89192956686, "mean": 0.451980501413, "median": 0.443040072918, "min": 0.136050730944, "var": 0.0102982474491}, "silence_rate_20dB": {"dmean": 0, "dmean2": 0, "dvar": 0, "dvar2": 0, "max": 1, "mean": 1, "median": 1, "min": 1, "var": 0}, "silence_rate_30dB": {"dmean": 0.0311387907714, "dmean2": 0.0623052977026, "dvar": 0.0301688052714, "dvar2": 0.0788939073682, "max": 1, "mean": 0.979101836681, "median": 1, "min": 0, "var": 0.0204609390348}, "silence_rate_60dB": {"dmean": 0.00266903918236, "dmean2": 0.0048954160884, "dvar": 0.00266194413416, "dvar2": 0.00487132975832, "max": 1, "mean": 0.0867052003741, "median": 0, "min": 0, "var": 0.0791871622205}, "spectral_centroid": {"dmean": 162.927017212, "dmean2": 243.304016113, "dvar": 59797.8085938, "dvar2": 116822.242188, "max": 3783.74194336, "mean": 945.975097656, "median": 789.423461914, "min": 229.434051514, "var": 328722.9375}, "spectral_complexity": {"dmean": 3.56227755547, "dmean2": 5.2136182785, "dvar": 30.5840950012, "dvar2": 47.6936950684, "max": 63, "mean": 17.1462879181, "median": 14, "min": 0, "var": 146.408462524}, "spectral_decrease": {"dmean": 2.87370927055e-09, "dmean2": 5.0444950439e-09, "dvar": 3.02354796357e-17, "dvar2": 9.30615379162e-17, "max": -1.80930390723e-21, "mean": -1.1365506758e-08, "median": -1.09676738802e-08, "min": -5.04004589175e-08, "var": 4.17351231824e-17}, "spectral_energy": {"dmean": 0.0113726789132, "dmean2": 0.0198788065463, "dvar": 0.000461126939626, "dvar2": 0.00140296609607, "max": 0.194407179952, "mean": 0.0445632450283, "median": 0.0424782224, "min": 7.87584298993e-13, "var": 0.000654697185382}, "spectral_energyband_high": {"dmean": 0.00050132337492, "dmean2": 0.00073471450014, "dvar": 2.03892432182e-06, "dvar2": 4.83656367578e-06, "max": 0.0141186211258, "mean": 0.000813008868136, "median": 0.000138991003041, "min": 5.50686774826e-13, "var": 3.28288069795e-06}, "spectral_energyband_low": {"dmean": 0.00875255186111, "dmean2": 0.0157174598426, "dvar": 0.00036076689139, "dvar2": 0.00115163996816, "max": 0.172821938992, "mean": 0.0306444186717, "median": 0.0299077350646, "min": 1.12266941146e-14, "var": 0.000388870976167}, "spectral_energyband_middle_high": {"dmean": 0.00173056684434, "dmean2": 0.00281426450238, "dvar": 1.1716761037e-05, "dvar2": 3.02637417917e-05, "max": 0.0362425297499, "mean": 0.0043233637698, "median": 0.00273927114904, "min": 1.17173455725e-13, "var": 2.57876308751e-05}, "spectral_energyband_middle_low": {"dmean": 0.0025893105194, "dmean2": 0.00425095437095, "dvar": 2.70528180408e-05, "dvar2": 7.25464051357e-05, "max": 0.0666503533721, "mean": 0.0104850418866, "median": 0.00955325737596, "min": 2.06861285236e-14, "var": 5.57220882911e-05}, "spectral_entropy": {"dmean": 0.165493562818, "dmean2": 0.224509447813, "dvar": 0.0463405810297, "dvar2": 0.0825710445642, "max": 8.96761131287, "mean": 7.08626079559, "median": 7.21239089966, "min": 4.40506219864, "var": 0.74779176712}, "spectral_flux": {"dmean": 0.0233470592648, "dmean2": 0.035815782845, "dvar": 0.0013350516092, "dvar2": 0.00272078905255, "max": 0.365905493498, "mean": 0.0640177205205, "median": 0.0450061075389, "min": 7.52328123781e-05, "var": 0.00310761877336}, "spectral_kurtosis": {"dmean": 4.33179044724, "dmean2": 7.15810871124, "dvar": 80.3219146729, "dvar2": 211.685791016, "max": 280.897369385, "mean": 16.6450042725, "median": 5.39077663422, "min": 0.783526420593, "var": 1394.25439453}, "spectral_rms": {"dmean": 0.000728655140847, "dmean2": 0.00123941875063, "dvar": 1.40813665439e-06, "dvar2": 4.12954295825e-06, "max": 0.0137719111517, "mean": 0.00621875934303, "median": 0.00643755914643, "min": 2.77195759679e-08, "var": 4.80349308418e-06}, "spectral_rolloff": {"dmean": 249.116744995, "dmean2": 407.119812012, "dvar": 345116.59375, "dvar2": 592343.5625, "max": 19164.5507812, "mean": 696.243408203, "median": 430.6640625, "min": 86.1328125, "var": 745653}, "spectral_skewness": {"dmean": 0.345284074545, "dmean2": 0.564369261265, "dvar": 0.212282896042, "dvar2": 0.541182160378, "max": 14.4615516663, "mean": 2.51977968216, "median": 1.88925695419, "min": 0.800550878048, "var": 4.51516437531}, "spectral_spread": {"dmean": 499773.65625, "dmean2": 716750.75, "dvar": 371966312448, "dvar2": 697581830144, "max": 15155809, "mean": 3877216, "median": 3959543, "min": 318512.09375, "var": 2676439646210.0}, "spectral_strongpeak": {"dmean": 0.101380348206, "dmean2": 0.179257631302, "dvar": 0.0448856763542, "dvar2": 0.124976232648, "max": 3.27843308449, "mean": 0.420917421579, "median": 0.417200624943, "min": 0, "var": 0.0551190190017}, "zerocrossingrate": {"dmean": 0.00669562164694, "dmean2": 0.00770536949858, "dvar": 0.000145486745168, "dvar2": 0.000162975178682, "max": 0.5087890625, "mean": 0.0332689099014, "median": 0.025390625, "min": 0.00244140625, "var": 0.00068376265699}, "barkbands": {"dmean": [0.000278221530607, 0.00755366217345, 0.00203418056481, 0.00086633610772, 0.00117920548655, 0.0007157913642, 0.000272332865279, 0.000250219512964, 0.000546488910913, 0.000406508130254, 0.000119312368042, 0.000164556069649, 0.000416061899159, 0.000420767202741, 0.00028248806484, 0.00020236299315, 0.000176057190401, 0.00014775377349, 0.000149558138219, 0.000176612578798, 0.000150743464474, 0.000106458406663, 6.66382402414e-05, 6.29765490885e-05, 5.13017112098e-05, 2.41034649662e-05, 1.05224498839e-05], "dmean2": [0.000451203814009, 0.0135698281229, 0.00351822609082, 0.00152378389612, 0.00199716351926, 0.00118320970796, 0.000411870976677, 0.000379392702598, 0.000726759724785, 0.000579591083806, 0.00020551700436, 0.000268720032182, 0.000678527576383, 0.000657340104226, 0.000455207977211, 0.000332266703481, 0.000291324598948, 0.000250597397098, 0.000254605343798, 0.000297306920402, 0.000240669789491, 0.000173196851392, 9.42966653383e-05, 9.42317637964e-05, 7.21289688954e-05, 3.72388421965e-05, 1.62263986567e-05], "dvar": [8.98643861547e-07, 0.000287045375444, 1.97839599423e-05, 4.73218278785e-06, 7.58845453674e-06, 2.25366829909e-06, 2.43757654061e-07, 2.87724787995e-07, 8.20313744043e-07, 5.89265596318e-07, 8.26721731073e-08, 1.48255566046e-07, 6.14824557488e-07, 4.12774625147e-07, 3.81516684911e-07, 2.94774224585e-07, 2.46727381636e-07, 1.57470694262e-07, 1.90283756751e-07, 3.45483044839e-07, 2.02897766144e-07, 1.41340720461e-07, 2.77861271769e-08, 2.33217587464e-08, 1.78747256996e-08, 4.95276752943e-09, 1.58069213274e-09], "dvar2": [2.25062171921e-06, 0.000939367280807, 5.67437928112e-05, 1.35371701617e-05, 2.05114210985e-05, 6.4875875978e-06, 5.24038284766e-07, 6.39791551293e-07, 1.52065990733e-06, 1.1966232023e-06, 2.36821165345e-07, 3.94910188106e-07, 1.57290060088e-06, 1.04551861568e-06, 9.12145480925e-07, 7.46902287574e-07, 6.90842057338e-07, 4.48535217856e-07, 4.99723682879e-07, 9.52308823798e-07, 5.17375895015e-07, 3.80712549486e-07, 5.79550274438e-08, 5.09861948217e-08, 3.74803548198e-08, 1.1699995639e-08, 3.6769538525e-09], "max": [0.00979731511325, 0.14030213654, 0.0475695244968, 0.0270498245955, 0.0419594459236, 0.0172946415842, 0.00909952074289, 0.0139529854059, 0.0170385297388, 0.0162312574685, 0.00328413327225, 0.00483573414385, 0.0102625982836, 0.00729117495939, 0.00916712544858, 0.00612017326057, 0.00575582729653, 0.00528974365443, 0.00546587863937, 0.00727521581575, 0.00603710860014, 0.00384723581374, 0.00189933401998, 0.00165153748821, 0.00154538778588, 0.000692037807312, 0.000549860764295], "mean": [0.000552979821805, 0.0231671333313, 0.00543584534898, 0.00244064931758, 0.00326597993262, 0.00161952176131, 0.00069241435267, 0.00056233513169, 0.00142919097561, 0.000903638720047, 0.000156495094416, 0.000287982285954, 0.000810346798971, 0.000815304752905, 0.000574383186176, 0.000300121726468, 0.0002207406651, 0.00021125227795, 0.000199610381969, 0.000215791107621, 0.000230075485888, 0.000151845393702, 0.000114173148177, 9.90409316728e-05, 7.13868212188e-05, 2.58023574133e-05, 9.28836561798e-06], "median": [0.000141766708111, 0.0229328181595, 0.00398567551747, 0.00189328566194, 0.00291698984802, 0.00114059459884, 0.000309206690872, 0.000211479782593, 0.000664027058519, 0.000309136725264, 4.13676643802e-05, 0.000145755941048, 0.000387059873901, 0.000470646802569, 8.79964354681e-05, 6.18549238425e-05, 4.67756472062e-05, 6.16802353761e-05, 4.20636897616e-05, 3.08485032292e-05, 3.49403162545e-05, 1.72148429556e-05, 1.93797004613e-05, 2.31727117352e-05, 8.13392762211e-06, 1.5260679902e-06, 2.14566099999e-07], "min": [1.62965564573e-14, 3.80824276668e-15, 2.9520879628e-16, 8.84359968704e-17, 2.0362002896e-15, 9.11919736772e-15, 2.06461189223e-15, 2.13823345491e-15, 3.47044750962e-15, 3.4511743337e-15, 9.0097674872e-15, 9.29195990171e-15, 7.34873418357e-15, 5.24986065565e-15, 1.52364964178e-14, 1.65592789725e-14, 1.19131211447e-14, 8.6015408053e-15, 1.85582394585e-14, 3.12936322363e-14, 2.16128689652e-14, 4.10773506681e-14, 3.77103913146e-14, 5.88268244338e-14, 1.04474337981e-13, 1.12647657044e-13, 1.72746216745e-13], "var": [9.98656901174e-07, 0.000291372445645, 2.72281668003e-05, 6.40518965156e-06, 1.06413672256e-05, 3.07773416353e-06, 1.15711236504e-06, 1.05281480955e-06, 3.81182326237e-06, 2.76943887911e-06, 1.00028614725e-07, 2.15014907212e-07, 1.26264569644e-06, 8.88208830929e-07, 1.17071886052e-06, 4.18469113583e-07, 3.04850345856e-07, 1.92842009028e-07, 2.29705960919e-07, 3.3676965927e-07, 3.07473442263e-07, 1.57293115421e-07, 5.79089665109e-08, 3.84978342538e-08, 2.7047537543e-08, 5.40920330749e-09, 1.5218063476e-09]}, "erbbands": {"dmean": [0.185313180089, 1.85990798473, 2.61862945557, 2.50267124176, 3.10924530029, 4.769947052, 4.82089281082, 6.13917922974, 4.60767889023, 3.9111366272, 6.00771713257, 10.4390850067, 15.1998271942, 10.5900783539, 4.75281333923, 7.77804136276, 18.7670021057, 24.8986968994, 17.377363205, 8.9205198288, 11.6046419144, 9.11848163605, 8.03019046783, 7.42700958252, 8.10743904114, 7.97911500931, 7.72627925873, 4.80296516418, 4.10469007492, 2.3416030407, 1.94166195393, 1.52974593639, 0.931182980537, 0.577716529369, 0.364179521799, 0.134643018246, 0.0347399786115, 0.0122352624312, 0.00197921693325, 7.44621356716e-05], "dmean2": [0.320923089981, 3.36299872398, 4.68412208557, 4.38962364197, 5.29657793045, 8.10966014862, 8.07034873962, 10.0443172455, 7.46541833878, 5.5791349411, 8.86318492889, 13.7457504272, 19.697599411, 16.6361942291, 7.84077358246, 13.0680360794, 30.6356678009, 38.9762191772, 27.6301994324, 14.9234323502, 18.714635849, 14.8014192581, 13.7045726776, 12.5964164734, 13.9203910828, 13.3059101105, 12.866818428, 7.62448978424, 6.76908302307, 3.54843449593, 2.7824037075, 2.29895401001, 1.35621356964, 0.82337808609, 0.521659016609, 0.204448536038, 0.0532916225493, 0.0188562367111, 0.00305985216983, 0.000118042633403], "dvar": [0.198261171579, 17.4431743622, 35.1669540405, 33.9611129761, 40.751914978, 151.444839478, 117.764732361, 178.519485474, 67.56199646, 94.8699188232, 161.70539856, 359.055419922, 606.036254883, 496.66986084, 106.729904175, 350.663635254, 1379.4519043, 1335.92932129, 1454.24438477, 582.037780762, 823.872009277, 654.096557617, 461.102783203, 433.26550293, 677.987548828, 654.480285645, 564.602355957, 235.223510742, 215.811828613, 43.5597267151, 23.1884174347, 15.9640808105, 5.09434175491, 2.08964204788, 0.97521430254, 0.141271293163, 0.010850597173, 0.00199285452254, 5.91825591982e-05, 5.75047920393e-08], "dvar2": [0.576981902122, 58.1357536316, 104.379859924, 98.3004837036, 111.063270569, 414.461883545, 338.242340088, 509.765472412, 184.770126343, 179.314682007, 340.390014648, 668.008605957, 1023.35516357, 1217.07849121, 303.496246338, 939.455383301, 3466.42114258, 3360.30395508, 3525.79321289, 1488.26062012, 2093.40478516, 1803.64538574, 1309.62670898, 1155.55688477, 1845.50024414, 1791.5489502, 1535.21289062, 577.739624023, 585.727050781, 102.228111267, 48.1948814392, 37.6855010986, 10.7463226318, 4.51441240311, 2.0616838932, 0.332022279501, 0.0252620112151, 0.00452190358192, 0.00013796253188, 1.37536687816e-07], "max": [3.39624857903, 32.7940750122, 67.3486175537, 75.8679199219, 68.7202453613, 214.594161987, 149.081192017, 156.169662476, 102.092727661, 231.912658691, 380.488220215, 453.753631592, 561.962341309, 316.169128418, 100.339820862, 250.14225769, 481.516662598, 393.330596924, 651.57598877, 271.321655273, 314.186584473, 284.381286621, 234.124847412, 315.91015625, 300.277618408, 315.241699219, 312.369415283, 194.182891846, 150.460235596, 77.4778518677, 55.7768936157, 46.6822853088, 25.6722927094, 17.6995697021, 11.9505491257, 3.73941230774, 1.14881575108, 0.640290141106, 0.101231083274, 0.00301288324408], "mean": [0.60653346777, 5.29038715363, 7.82871389389, 7.56243562698, 9.20683574677, 11.2507123947, 11.301358223, 12.9988956451, 10.2987918854, 11.5819597244, 14.5891647339, 27.8340339661, 39.6376686096, 18.9267234802, 8.15152072906, 14.5222940445, 36.9378700256, 50.2486991882, 37.1451148987, 14.3978471756, 17.0881061554, 11.7654161453, 11.3145618439, 10.8715457916, 10.4625358582, 10.2583303452, 10.8567237854, 7.34274196625, 5.67495298386, 3.97379779816, 3.32032060623, 2.33326268196, 1.4482178688, 0.854044020176, 0.47136259079, 0.156944677234, 0.0356072895229, 0.0112974485382, 0.00177742890082, 0.000105657789391], "median": [0.575751245022, 4.91069078445, 6.22319507599, 6.12506389618, 8.48835277557, 6.56901693344, 7.12871313095, 8.13683509827, 6.51608991623, 4.06213951111, 6.57179450989, 13.0596132278, 17.693441391, 8.67219734192, 3.88781881332, 7.33904027939, 16.4875621796, 30.3858299255, 8.89314651489, 4.31161260605, 3.52075099945, 2.47061038017, 3.33373260498, 2.98152089119, 1.97654879093, 1.70509791374, 1.49331080914, 1.0802885294, 0.557483255863, 0.667118430138, 0.626281857491, 0.524503409863, 0.244233012199, 0.126398593187, 0.0404495671391, 0.0115249278024, 0.00179660832509, 0.000322402134771, 5.89747796766e-05, 5.14354687766e-05], "min": [3.05119970088e-13, 2.74399399687e-13, 2.53739330979e-13, 4.88867843776e-13, 9.44491013177e-13, 5.61421525588e-12, 5.86341253328e-11, 6.59224133615e-11, 3.94857722907e-11, 2.28677996678e-11, 6.17958045845e-11, 7.21723791841e-11, 1.17520063125e-10, 2.52649817734e-10, 3.82137377297e-10, 2.87378926211e-10, 2.98956331912e-10, 3.42271100351e-10, 4.01816191431e-10, 7.02297331401e-10, 1.04035269288e-09, 8.24090684581e-10, 5.58159074515e-10, 8.10507605475e-10, 1.12531217678e-09, 1.53728418884e-09, 1.06220654494e-09, 8.14369793822e-10, 1.27037813602e-09, 1.37318245663e-09, 1.12960796272e-09, 1.24746302177e-09, 1.01882635661e-09, 1.01301067534e-09, 7.45320472006e-10, 4.45857822884e-10, 2.22998272625e-10, 8.76266836869e-11, 2.11948219392e-11, 2.69383799122e-12], "var": [0.245179086924, 16.7414550781, 43.4327201843, 44.4113578796, 66.2630386353, 202.925643921, 168.898834229, 243.238021851, 145.762817383, 544.568115234, 659.189453125, 1661.7689209, 3907.75732422, 906.622802734, 159.051544189, 497.179626465, 2811.93994141, 3005.6887207, 4277.37451172, 796.861022949, 1337.59033203, 868.461486816, 580.49597168, 522.681274414, 722.53125, 679.125305176, 718.862670898, 356.351715088, 233.742630005, 73.3914031982, 48.8646736145, 22.8919944763, 8.98374557495, 3.32763791084, 1.36476421356, 0.169482409954, 0.0115134678781, 0.00200198008679, 5.68966934225e-05, 5.50894476703e-08]}, "gfcc": {"mean": [-34.5034866333, 124.242553711, -97.5486297607, 26.2937259674, -46.3292732239, 23.7502002716, -27.2518672943, 3.2394194603, -15.2753391266, 2.88414597511, -7.45878219604, -9.22863960266, -6.27710533142], "cov": [[22496.5117188, -2915.96972656, 390.261993408, 4635.63916016, 1820.18933105, 2177.20507812, 539.664428711, 1275.62768555, -226.346847534, 563.260437012, -642.223205566, -236.211105347, -654.157409668], [-2915.96972656, 2177.81884766, 273.600952148, -619.566162109, 98.9773406982, -290.908508301, 80.8985519409, -319.686218262, 168.375411987, -212.703201294, 258.089904785, -183.585784912, 123.552825928], [390.261993408, 273.600952148, 490.461364746, 155.898696899, 116.156890869, 63.2251586914, 61.5422172546, -8.87677669525, -31.3355522156, -1.15117990971, 35.4654541016, -45.2081604004, -37.4756622314], [4635.63916016, -619.566162109, 155.898696899, 1386.49365234, 585.629943848, 646.68963623, 213.817886353, 337.176452637, -17.3031139374, 134.521484375, -136.972549438, -90.0666885376, -137.079483032], [1820.18933105, 98.9773406982, 116.156890869, 585.629943848, 562.246276855, 364.664367676, 171.116317749, 124.91242218, 55.2470626831, 44.8532295227, -46.5885353088, -107.523521423, -33.5502586365], [2177.20507812, -290.908508301, 63.2251586914, 646.68963623, 364.664367676, 454.644470215, 130.405151367, 180.09614563, 14.1683254242, 78.2586669922, -64.4266586304, -86.8784561157, -64.7034072876], [539.664428711, 80.8985519409, 61.5422172546, 213.817886353, 171.116317749, 130.405151367, 147.332275391, 65.766708374, 45.4816513062, 10.7481822968, -0.840590298176, -44.0368118286, -11.1249427795], [1275.62768555, -319.686218262, -8.87677669525, 337.176452637, 124.91242218, 180.09614563, 65.766708374, 176.870132446, 14.8857107162, 60.6098213196, -55.7456550598, -9.37779140472, -37.424118042], [-226.346847534, 168.375411987, -31.3355522156, -17.3031139374, 55.2470626831, 14.1683254242, 45.4816513062, 14.8857107162, 142.17326355, 41.8548812866, 21.1993370056, -33.6040916443, 28.085981369], [563.260437012, -212.703201294, -1.15117990971, 134.521484375, 44.8532295227, 78.2586669922, 10.7481822968, 60.6098213196, 41.8548812866, 115.477920532, -20.8777866364, -3.43384408951, -9.53399848938], [-642.223205566, 258.089904785, 35.4654541016, -136.972549438, -46.5885353088, -64.4266586304, -0.840590298176, -55.7456550598, 21.1993370056, -20.8777866364, 90.8624572754, -0.800314843655, 10.9043197632], [-236.211105347, -183.585784912, -45.2081604004, -90.0666885376, -107.523521423, -86.8784561157, -44.0368118286, -9.37779140472, -33.6040916443, -3.43384408951, -0.800314843655, 107.126678467, 12.1518421173], [-654.157409668, 123.552825928, -37.4756622314, -137.079483032, -33.5502586365, -64.7034072876, -11.1249427795, -37.424118042, 28.085981369, -9.53399848938, 10.9043197632, 12.1518421173, 93.9284896851]], "icov": [[0.000176729969098, -6.02270010859e-05, 3.6583362089e-05, -0.000468387646833, -2.38676875597e-05, -2.05331671168e-05, 0.00016945610696, -0.000238237727899, 0.000212129802094, -0.000272839912213, 0.000365350773791, -7.0712841989e-05, 0.000419163203333], [-6.02270010859e-05, 0.00214962940663, -0.000746687059291, 0.000277950312011, -0.00130635523237, 0.00146845693234, -0.000272713426966, 0.00128247577231, -0.00181778077967, 0.00281126517802, -0.00341581250541, 0.00298875500448, -0.00127692695241], [3.6583362089e-05, -0.000746687059291, 0.00290410779417, -0.000516861618962, 4.37083326688e-05, 0.000137997267302, -0.00096632167697, 0.000256239756709, 0.00213287421502, -0.00182898005005, -0.000299801613437, -0.00012854594388, 0.000967685657088], [-0.000468387646833, 0.000277950312011, -0.000516861618962, 0.00433692615479, -0.00110280956142, -0.00217418232933, -0.000979554024525, -0.00126919406466, 0.000310288131004, 0.000222964838031, -0.000279838219285, -0.000409523840062, -2.56073872151e-06], [-2.38676875597e-05, -0.00130635523237, 4.37083326688e-05, -0.00110280956142, 0.00607069488615, -0.00347375962883, -0.00215513422154, 0.00115135358647, -0.000465020042611, -0.000716969196219, 0.00316555961035, -0.000825462862849, -0.000255347200437], [-2.05331671168e-05, 0.00146845693234, 0.000137997267302, -0.00217418232933, -0.00347375962883, 0.0106254266575, -0.000683926278725, -0.00200742203742, 0.000652015674859, -8.68114366313e-05, -0.00318859936669, 0.00561601668596, -0.000554918602575], [0.00016945610696, -0.000272713426966, -0.00096632167697, -0.000979554024525, -0.00215513422154, -0.000683926278725, 0.0140204457566, -0.00410103658214, -0.00340042053722, 0.00289531610906, -0.00163677043747, 0.000379918696126, -3.90111381421e-05], [-0.000238237727899, 0.00128247577231, 0.000256239756709, -0.00126919406466, 0.00115135358647, -0.00200742203742, -0.00410103658214, 0.0161155927926, -0.00315443146974, -0.000599232153036, 0.00218827952631, -0.00109861337114, 0.000637971737888], [0.000212129802094, -0.00181778077967, 0.00213287421502, 0.000310288131004, -0.000465020042611, 0.000652015674859, -0.00340042053722, -0.00315443146974, 0.0148780951276, -0.00862056389451, -0.000687339634169, 0.00147308513988, -0.00163882179186], [-0.000272839912213, 0.00281126517802, -0.00182898005005, 0.000222964838031, -0.000716969196219, -8.68114366313e-05, 0.00289531610906, -0.000599232153036, -0.00862056389451, 0.0177141595632, -0.00332897505723, 0.0020124821458, -0.00171233201399], [0.000365350773791, -0.00341581250541, -0.000299801613437, -0.000279838219285, 0.00316555961035, -0.00318859936669, -0.00163677043747, 0.00218827952631, -0.000687339634169, -0.00332897505723, 0.0225214734674, -0.00592369539663, 0.00414124689996], [-7.0712841989e-05, 0.00298875500448, -0.00012854594388, -0.000409523840062, -0.000825462862849, 0.00561601668596, 0.000379918696126, -0.00109861337114, 0.00147308513988, 0.0020124821458, -0.00592369539663, 0.0186069570482, -0.00384749332443], [0.000419163203333, -0.00127692695241, 0.000967685657088, -2.56073872151e-06, -0.000255347200437, -0.000554918602575, -3.90111381421e-05, 0.000637971737888, -0.00163882179186, -0.00171233201399, 0.00414124689996, -0.00384749332443, 0.0157369598746]]}, "melbands": {"dmean": [0.00192139670253, 0.00171306426637, 0.000424050434958, 0.000292346056085, 0.000164910175954, 0.000135983689688, 6.77643110976e-05, 4.52310305263e-05, 5.08807788719e-05, 7.31119944248e-05, 7.6397023804e-05, 4.51863197668e-05, 1.63685581356e-05, 1.76310149982e-05, 3.90036730096e-05, 3.94919625251e-05, 4.73837353638e-05, 2.71509907179e-05, 1.47933651533e-05, 1.31832694024e-05, 1.41105874718e-05, 9.96079779725e-06, 8.80009974935e-06, 7.2346356319e-06, 6.05672767051e-06, 6.12552003076e-06, 5.99287886871e-06, 5.43747819393e-06, 4.64170443593e-06, 4.21046661359e-06, 2.57470924225e-06, 2.68465487352e-06, 1.73755506694e-06, 1.23037852973e-06, 1.21735899938e-06, 1.09415725547e-06, 8.85800432116e-07, 6.60809348574e-07, 6.56390454878e-07, 4.32398763905e-07], "dmean2": [0.00341317220591, 0.00310038588941, 0.000737825524993, 0.000492892344482, 0.000279875006527, 0.00022372714011, 0.000108437532617, 6.5620886744e-05, 7.30616084184e-05, 9.65207218542e-05, 9.9224736914e-05, 7.12554901838e-05, 2.75486745522e-05, 2.86346730718e-05, 6.5331987571e-05, 6.31961083855e-05, 7.43368873373e-05, 4.33936911577e-05, 2.4016460884e-05, 2.19911507884e-05, 2.30035238928e-05, 1.61225980264e-05, 1.55011839524e-05, 1.21039174701e-05, 1.0362185094e-05, 1.06097768366e-05, 1.02608582893e-05, 9.20095317269e-06, 7.76262186264e-06, 6.90723027219e-06, 4.16552347815e-06, 4.51908726973e-06, 2.80674635178e-06, 1.8743878627e-06, 1.79012567969e-06, 1.67149698882e-06, 1.35480331664e-06, 9.72176394498e-07, 1.00266765912e-06, 6.16980628365e-07], "dvar": [1.95012435142e-05, 1.45229350892e-05, 1.05172080112e-06, 4.00207369466e-07, 1.76279101538e-07, 8.50555608167e-08, 1.34341036073e-08, 1.02095460974e-08, 1.06580815284e-08, 1.55025450255e-08, 1.50341517013e-08, 9.28551813217e-09, 1.37243350018e-09, 1.44184397755e-09, 7.93206744731e-09, 4.27368185285e-09, 5.20597254194e-09, 3.53616202986e-09, 1.01589059387e-09, 1.6740459019e-09, 1.22938559333e-09, 8.80623018951e-10, 6.056573576e-10, 3.34969080251e-10, 3.00242081197e-10, 4.03324540432e-10, 3.85089349297e-10, 3.01383945578e-10, 1.96236291106e-10, 1.80268189265e-10, 7.46281716979e-11, 1.01149123799e-10, 4.26440237289e-11, 9.99200808899e-12, 9.26730740758e-12, 7.65029099098e-12, 5.57110087229e-12, 2.55661659378e-12, 3.45508430893e-12, 1.13783591923e-12], "dvar2": [6.20716091362e-05, 4.60749251943e-05, 3.03477099806e-06, 1.06274490008e-06, 5.05690309183e-07, 2.43464540972e-07, 3.5643214602e-08, 2.09671657814e-08, 2.2015068879e-08, 3.02610416725e-08, 2.55360479429e-08, 2.2538444e-08, 3.9559115983e-09, 3.9616239178e-09, 2.08506492072e-08, 1.07129549676e-08, 1.3176902236e-08, 8.6828277901e-09, 2.47062947878e-09, 4.41856329303e-09, 3.18963633283e-09, 2.4061133086e-09, 1.75236136712e-09, 9.4256213945e-10, 7.98945631875e-10, 1.0938302486e-09, 1.04867425854e-09, 8.34697311269e-10, 5.31380495161e-10, 4.83585893551e-10, 1.84681644977e-10, 2.81560580406e-10, 1.14956807962e-10, 2.26678086024e-11, 1.97786093059e-11, 1.81585892156e-11, 1.30493203049e-11, 5.22240193798e-12, 8.55052400411e-12, 2.37622985524e-12], "max": [0.0363328754902, 0.0398963652551, 0.0135765103623, 0.00814192648977, 0.00695849815384, 0.00327449874021, 0.00150132540148, 0.00211258418858, 0.00282677751966, 0.00245491391979, 0.00280560459942, 0.00139968818985, 0.00042797558126, 0.000481733179186, 0.00120269705076, 0.000853541772813, 0.000902517640498, 0.00103699788451, 0.000413319387008, 0.000515499501489, 0.000355854106601, 0.000347441673512, 0.000276239559753, 0.000233516082517, 0.000284739362542, 0.00028363786987, 0.000276041770121, 0.000215390289668, 0.00016826071078, 0.000216576678213, 0.000105930499558, 0.000120400640299, 0.000102341218735, 3.84248851333e-05, 3.55495394615e-05, 3.79975317628e-05, 2.88419487333e-05, 2.13053917832e-05, 2.7040950954e-05, 1.24683856484e-05], "mean": [0.00607352890074, 0.00532415742055, 0.00133663951419, 0.000783335533924, 0.000390951900044, 0.000288960145554, 0.000160502124345, 0.000126244369312, 0.00012385827722, 0.000193723171833, 0.000196499211597, 7.6036361861e-05, 2.46780837188e-05, 3.08165872411e-05, 6.58310673316e-05, 8.42685331008e-05, 9.10359303816e-05, 5.58008796361e-05, 2.74739140878e-05, 1.88081485248e-05, 1.96244036488e-05, 1.20235990835e-05, 1.06505176518e-05, 1.07989353637e-05, 8.40283973957e-06, 7.55474638936e-06, 7.45090710552e-06, 6.65061816107e-06, 6.32629917163e-06, 6.11959922026e-06, 3.7681820686e-06, 3.38209110851e-06, 2.55735540122e-06, 2.05144374377e-06, 1.99759438146e-06, 1.66275958691e-06, 1.32034574563e-06, 1.02492549559e-06, 9.03733564428e-07, 6.39226982457e-07], "median": [0.00601517269388, 0.00511377397925, 0.00120785913896, 0.000669534725603, 0.000261911249254, 0.000184732372873, 0.000100570476206, 4.60592200398e-05, 5.2231389418e-05, 9.60734178079e-05, 8.80446314113e-05, 3.18346828863e-05, 9.56289295573e-06, 1.46760285133e-05, 2.13274706766e-05, 4.88844707434e-05, 5.17282751389e-05, 1.21406237668e-05, 5.61261367693e-06, 3.95460756408e-06, 3.92341644329e-06, 2.22105268222e-06, 2.39225369114e-06, 3.35231106874e-06, 1.94481413018e-06, 1.31590138608e-06, 1.22992025808e-06, 9.83562017609e-07, 8.50662161156e-07, 8.00991017513e-07, 5.31207604126e-07, 2.87169768853e-07, 2.69614446324e-07, 3.72614522348e-07, 3.16538944389e-07, 3.11225562655e-07, 2.7377097922e-07, 1.49451793163e-07, 1.32897497451e-07, 9.28197536609e-08], "min": [2.6856227796e-15, 1.79943917543e-16, 7.91342979427e-17, 1.41056701109e-16, 1.65163716715e-15, 1.53830225298e-15, 5.42861457132e-16, 2.34071440455e-16, 5.44709418325e-16, 4.87268355463e-16, 5.4327835616e-16, 9.16360476405e-16, 1.25387282446e-15, 9.61728831609e-16, 8.23563993626e-16, 6.75635089224e-16, 6.26990834096e-16, 3.64376897948e-16, 1.52753741713e-15, 7.60110690905e-16, 1.14267423326e-15, 7.1534166445e-16, 6.72268133258e-16, 4.46607015286e-16, 6.55426259531e-16, 7.61698665923e-16, 8.83318885803e-16, 1.06370196346e-15, 8.2592118044e-16, 3.48754645785e-16, 5.23932388343e-16, 7.20166893513e-16, 8.0207291487e-16, 7.15873918778e-16, 6.63829408703e-16, 6.38274795261e-16, 7.96657780299e-16, 5.91116394741e-16, 8.79151007246e-16, 8.31814147472e-16], "var": [2.09970330616e-05, 1.40975225804e-05, 1.1787137737e-06, 6.35877029254e-07, 2.13869498111e-07, 1.14835600584e-07, 3.43765869104e-08, 5.00824803851e-08, 4.51966535309e-08, 6.74040236959e-08, 9.6758803636e-08, 1.69516631843e-08, 1.92391635956e-09, 2.23850649128e-09, 1.22731922403e-08, 1.00733528186e-08, 1.15511715748e-08, 9.93335813604e-09, 2.43129316679e-09, 1.94601867953e-09, 1.8835148996e-09, 1.07596287435e-09, 6.75952738227e-10, 4.2711831294e-10, 3.42255002117e-10, 4.27708396478e-10, 3.78900494313e-10, 3.00225760919e-10, 2.4201304849e-10, 2.39917363754e-10, 1.05467974632e-10, 9.59576654247e-11, 4.57999298209e-11, 1.82561691459e-11, 1.86020417819e-11, 1.19344620991e-11, 7.74164499867e-12, 4.69154185986e-12, 4.24561167472e-12, 1.87473452561e-12]}, "mfcc": {"mean": [-676.797119141, 147.312286377, 15.0632505417, 17.9142494202, 8.5348367691, 15.7203197479, 6.95927047729, 2.58207082748, -0.355824530125, 12.57625103, 4.92449808121, 2.75366449356, -8.58160686493], "cov": [[15378.5351562, -1291.25964355, -337.480804443, 1737.28527832, 1476.95092773, 1369.96276855, 971.955627441, 825.989990234, 706.135559082, 496.532348633, 236.492736816, -4.87998819351, -82.5320587158], [-1291.25964355, 2083.64599609, 164.072113037, 55.4550552368, 214.419616699, 162.048171997, 109.66960907, 39.1183776855, -69.2215652466, 170.796081543, 0.350038409233, 62.5775146484, -64.0872268677], [-337.480804443, 164.072113037, 399.22088623, 6.76342535019, -69.5201187134, -60.579750061, 8.32401275635, -39.9664230347, -83.5383377075, -41.3525352478, 46.305141449, 17.6711673737, -17.6238632202], [1737.28527832, 55.4550552368, 6.76342535019, 489.706634521, 371.829742432, 317.313018799, 226.155670166, 192.629943848, 141.55897522, 130.269958496, 36.330368042, 9.73306560516, -14.3058004379], [1476.95092773, 214.419616699, -69.5201187134, 371.829742432, 504.511352539, 381.884521484, 251.810470581, 194.868835449, 162.913345337, 186.783355713, 22.80493927, 2.26517081261, -17.9113101959], [1369.96276855, 162.048171997, -60.579750061, 317.313018799, 381.884521484, 392.945465088, 224.963195801, 169.003311157, 138.113937378, 178.003158569, 25.5157184601, 1.89669811726, -16.8220405579], [971.955627441, 109.66960907, 8.32401275635, 226.155670166, 251.810470581, 224.963195801, 233.091522217, 146.342956543, 69.481552124, 98.0534896851, 21.0083656311, -4.45329523087, -42.315864563], [825.989990234, 39.1183776855, -39.9664230347, 192.629943848, 194.868835449, 169.003311157, 146.342956543, 181.85307312, 74.7950897217, 69.8594512939, 18.9109973907, 4.9356379509, -20.3163452148], [706.135559082, -69.2215652466, -83.5383377075, 141.55897522, 162.913345337, 138.113937378, 69.481552124, 74.7950897217, 187.873260498, 110.599639893, 9.52282047272, -17.9790229797, 5.13683271408], [496.532348633, 170.796081543, -41.3525352478, 130.269958496, 186.783355713, 178.003158569, 98.0534896851, 69.8594512939, 110.599639893, 210.816482544, 30.3292274475, -9.00169467926, -26.2101383209], [236.492736816, 0.350038409233, 46.305141449, 36.330368042, 22.80493927, 25.5157184601, 21.0083656311, 18.9109973907, 9.52282047272, 30.3292274475, 79.7791442871, 25.3055229187, -1.75060009956], [-4.87998819351, 62.5775146484, 17.6711673737, 9.73306560516, 2.26517081261, 1.89669811726, -4.45329523087, 4.9356379509, -17.9790229797, -9.00169467926, 25.3055229187, 73.0333023071, 28.5389823914], [-82.5320587158, -64.0872268677, -17.6238632202, -14.3058004379, -17.9113101959, -16.8220405579, -42.315864563, -20.3163452148, 5.13683271408, -26.2101383209, -1.75060009956, 28.5389823914, 96.3102264404]], "icov": [[0.000140749907587, 0.000103338374174, 8.19957131171e-05, -0.000303945678752, -1.0608946468e-05, -0.000192228530068, -0.000128733197926, 3.13128111884e-06, -8.78088394529e-05, 0.000113768117444, -0.000252492667641, -2.25546718866e-05, 0.000105523780803], [0.000103338374174, 0.000746724137571, -0.000295877427561, 5.11736761837e-05, -0.000523994851392, -0.00016142342065, 7.85591983004e-05, -4.11445835198e-05, 0.000577127910219, -0.000713937159162, 0.000511489342898, -0.000848831317853, 0.000474845379358], [8.19957131171e-05, -0.000295877427561, 0.00368599244393, -0.00138865050394, 0.000745047931559, 0.000664901337586, -0.0016778834397, 0.00155562604778, 0.000975605740678, 0.000562838162296, -0.0025775230024, 0.000466667843284, 0.00010325396579], [-0.000303945678752, 5.11736761837e-05, -0.00138865050394, 0.00681900745258, -0.00231227721088, -0.00129696796648, -0.000303772161715, -0.00205071270466, -0.00116398523096, 0.000657897384372, 0.000326291949023, -0.000629695423413, -0.000256606115727], [-1.0608946468e-05, -0.000523994851392, 0.000745047931559, -0.00231227721088, 0.0100581496954, -0.0050722816959, -0.00272383657284, -0.000387378822779, -0.0015804405557, -0.000584601482842, 0.00062341359444, -6.86927014613e-05, -0.000901884224731], [-0.000192228530068, -0.00016142342065, 0.000664901337586, -0.00129696796648, -0.0050722816959, 0.0130269322544, -0.00380194815807, -0.000176948000444, 0.000396276387619, -0.00364891416393, 0.000438071059762, -0.000105525628896, -0.0016938096378], [-0.000128733197926, 7.85591983004e-05, -0.0016778834397, -0.000303772161715, -0.00272383657284, -0.00380194815807, 0.0156664419919, -0.00596469873562, 0.00170841405634, -5.46820447198e-05, 0.000450074556284, 0.000710102845915, 0.00373606104404], [3.13128111884e-06, -4.11445835198e-05, 0.00155562604778, -0.00205071270466, -0.000387378822779, -0.000176948000444, -0.00596469873562, 0.0137772206217, -0.00148811656982, 0.00133500259835, -0.00134853646159, -0.00146759813651, 0.00099101359956], [-8.78088394529e-05, 0.000577127910219, 0.000975605740678, -0.00116398523096, -0.0015804405557, 0.000396276387619, 0.00170841405634, -0.00148811656982, 0.0112700378522, -0.00464346120134, -3.88466687582e-05, 0.00271539040841, -0.00214370293543], [0.000113768117444, -0.000713937159162, 0.000562838162296, 0.000657897384372, -0.000584601482842, -0.00364891416393, -5.46820447198e-05, 0.00133500259835, -0.00464346120134, 0.0112762628123, -0.00398279074579, 0.00116928922944, 0.00223220512271], [-0.000252492667641, 0.000511489342898, -0.0025775230024, 0.000326291949023, 0.00062341359444, 0.000438071059762, 0.000450074556284, -0.00134853646159, -3.88466687582e-05, -0.00398279074579, 0.0183010287583, -0.00708022154868, 0.00115539832041], [-2.25546718866e-05, -0.000848831317853, 0.000466667843284, -0.000629695423413, -6.86927014613e-05, -0.000105525628896, 0.000710102845915, -0.00146759813651, 0.00271539040841, 0.00116928922944, -0.00708022154868, 0.0203884579241, -0.00661798287183], [0.000105523780803, 0.000474845379358, 0.00010325396579, -0.000256606115727, -0.000901884224731, -0.0016938096378, 0.00373606104404, 0.00099101359956, -0.00214370293543, 0.00223220512271, 0.00115539832041, -0.00661798287183, 0.0148611627519]]}, "spectral_contrast_coeffs": {"dmean": [0.0376214273274, 0.0372977033257, 0.0353530570865, 0.0312773808837, 0.0199019368738, 0.0160326063633], "dmean2": [0.064471796155, 0.0613688454032, 0.054637812078, 0.0501578561962, 0.0331250205636, 0.026164771989], "dvar": [0.00107782904524, 0.0010322103044, 0.000904254964553, 0.000724123674445, 0.000314881064696, 0.00026132108178], "dvar2": [0.00305136549287, 0.0026385881938, 0.00209779641591, 0.00174425693695, 0.000837241590489, 0.000696311937645], "max": [-0.380307972431, -0.51991134882, -0.527280390263, -0.57019340992, -0.6765370965, -0.661617398262], "mean": [-0.673354566097, -0.71038800478, -0.72031378746, -0.730248689651, -0.795366108418, -0.769059062004], "median": [-0.683532834053, -0.710329532623, -0.721859931946, -0.728420615196, -0.794394552708, -0.764783084393], "min": [-0.950174033642, -0.936771273613, -0.942924618721, -0.920531988144, -0.943012475967, -0.935039043427], "var": [0.0064697614871, 0.00373327312991, 0.00458842376247, 0.00349063635804, 0.00140764028765, 0.00180441536941]}, "spectral_contrast_valleys": {"dmean": [0.322765499353, 0.327519327402, 0.323698997498, 0.320860058069, 0.333625525236, 0.367362529039], "dmean2": [0.54820650816, 0.526207745075, 0.506569623947, 0.487951606512, 0.476820170879, 0.474114626646], "dvar": [0.114984087646, 0.133342579007, 0.136420160532, 0.158971458673, 0.203024223447, 0.254778593779], "dvar2": [0.287873387337, 0.275351822376, 0.257061511278, 0.28278747201, 0.357081323862, 0.450879275799], "max": [-5.0