{"lowlevel": {"average_loudness": 0.928517103195, "barkbands_crest": {"dmean": 2.40792298317, "dmean2": 3.5983569622, "dvar": 4.82970428467, "dvar2": 10.452747345, "max": 26.4623775482, "mean": 11.7504444122, "median": 10.9189434052, "min": 3.22594618797, "var": 19.2735900879}, "barkbands_flatness_db": {"dmean": 0.0229944176972, "dmean2": 0.0315983891487, "dvar": 0.000530094723217, "dvar2": 0.000908727990463, "max": 0.542151212692, "mean": 0.177167594433, "median": 0.166032969952, "min": 0.047926902771, "var": 0.00559675693512}, "barkbands_kurtosis": {"dmean": 5.44022464752, "dmean2": 7.56243801117, "dvar": 98.8982620239, "dvar2": 169.950027466, "max": 536.127929688, "mean": 12.7151489258, "median": 5.84372138977, "min": -1.94667100906, "var": 960.492736816}, "barkbands_skewness": {"dmean": 0.667587339878, "dmean2": 0.908921957016, "dvar": 0.531405031681, "dvar2": 0.95529282093, "max": 18.2478580475, "mean": 2.26306653023, "median": 2.15276861191, "min": -7.47619199753, "var": 3.18634843826}, "barkbands_spread": {"dmean": 6.39861440659, "dmean2": 9.49373626709, "dvar": 118.05620575, "dvar2": 248.909881592, "max": 95.3290252686, "mean": 16.3460788727, "median": 11.1467065811, "min": 0.204046279192, "var": 242.962051392}, "dissonance": {"dmean": 0.0231757126749, "dmean2": 0.0378753691912, "dvar": 0.000629495829344, "dvar2": 0.00166470382828, "max": 0.499708712101, "mean": 0.435449004173, "median": 0.445163965225, "min": 0.171279370785, "var": 0.00182050117292}, "dynamic_complexity": 3.70173454285, "erbbands_crest": {"dmean": 2.53809309006, "dmean2": 3.73928141594, "dvar": 6.64619255066, "dvar2": 13.8143186569, "max": 34.0688896179, "mean": 11.3329706192, "median": 9.98359298706, "min": 2.55670785904, "var": 31.415802002}, "erbbands_flatness_db": {"dmean": 0.0198070630431, "dmean2": 0.0259501673281, "dvar": 0.000460073613795, "dvar2": 0.000726714264601, "max": 0.480238586664, "mean": 0.181526631117, "median": 0.1709164083, "min": 0.0359346978366, "var": 0.00420071696863}, "erbbands_kurtosis": {"dmean": 1.66261994839, "dmean2": 2.43711590767, "dvar": 13.8656406403, "dvar2": 26.3064613342, "max": 230.152053833, "mean": 4.13466691971, "median": 0.502133369446, "min": -1.86729085445, "var": 360.743865967}, "erbbands_skewness": {"dmean": 0.438955336809, "dmean2": 0.616748690605, "dvar": 0.274157494307, "dvar2": 0.528259575367, "max": 12.0960903168, "mean": 0.85589581728, "median": 0.848339855671, "min": -7.61160945892, "var": 2.31978654861}, "erbbands_spread": {"dmean": 10.4486379623, "dmean2": 15.0240936279, "dvar": 210.554412842, "dvar2": 448.07208252, "max": 148.941970825, "mean": 41.2445297241, "median": 36.6958618164, "min": 0.655044794083, "var": 751.598266602}, "hfc": {"dmean": 7.08310174942, "dmean2": 10.3110380173, "dvar": 190.784072876, "dvar2": 463.484008789, "max": 210.711105347, "mean": 18.8842182159, "median": 13.7456235886, "min": 1.07054694258e-16, "var": 368.954193115}, "melbands_crest": {"dmean": 2.69092607498, "dmean2": 4.17982006073, "dvar": 5.72797441483, "dvar2": 14.6283779144, "max": 30.5246677399, "mean": 14.3082790375, "median": 13.9288682938, "min": 1.57700669765, "var": 20.7371292114}, "melbands_flatness_db": {"dmean": 0.0261841695756, "dmean2": 0.0359923765063, "dvar": 0.000743984535802, "dvar2": 0.00136538501829, "max": 0.676146745682, "mean": 0.244031891227, "median": 0.233204931021, "min": 0.00336068798788, "var": 0.00835106987506}, "melbands_kurtosis": {"dmean": 10.6092815399, "dmean2": 14.7591648102, "dvar": 317.295166016, "dvar2": 544.834838867, "max": 561.534240723, "mean": 24.9265556335, "median": 15.1836795807, "min": -1.94890117645, "var": 1115.58898926}, "melbands_skewness": {"dmean": 0.806271672249, "dmean2": 1.10103166103, "dvar": 0.839167416096, "dvar2": 1.58038163185, "max": 16.1785964966, "mean": 3.27884364128, "median": 3.00429177284, "min": -4.51138973236, "var": 5.04838657379}, "melbands_spread": {"dmean": 6.54085350037, "dmean2": 9.90386390686, "dvar": 195.245956421, "dvar2": 422.251281738, "max": 231.240509033, "mean": 17.5314922333, "median": 11.235581398, "min": 0.288034588099, "var": 554.74822998}, "pitch_salience": {"dmean": 0.065501280129, "dmean2": 0.0980640351772, "dvar": 0.00369365350343, "dvar2": 0.00787162035704, "max": 0.850083470345, "mean": 0.545595288277, "median": 0.568844616413, "min": 0.0546712577343, "var": 0.0209141336381}, "silence_rate_20dB": {"dmean": 0, "dmean2": 0, "dvar": 0, "dvar2": 0, "max": 1, "mean": 1, "median": 1, "min": 1, "var": 0}, "silence_rate_30dB": {"dmean": 0.000572082353756, "dmean2": 0.00114432838745, "dvar": 0.000571678276174, "dvar2": 0.00171487545595, "max": 1, "mean": 0.999714016914, "median": 1, "min": 0, "var": 0.000285950023681}, "silence_rate_60dB": {"dmean": 0.0134439356625, "dmean2": 0.0268917176872, "dvar": 0.0132633754984, "dvar2": 0.0290283169597, "max": 1, "mean": 0.0792220756412, "median": 0, "min": 0, "var": 0.072946831584}, "spectral_centroid": {"dmean": 196.39743042, "dmean2": 283.610687256, "dvar": 122307.328125, "dvar2": 231952.609375, "max": 11935.4716797, "mean": 929.843261719, "median": 709.008483887, "min": 131.480148315, "var": 1467885.875}, "spectral_complexity": {"dmean": 2.08981704712, "dmean2": 3.16521239281, "dvar": 5.10044145584, "dvar2": 10.0179624557, "max": 39, "mean": 12.748462677, "median": 13, "min": 0, "var": 33.1714782715}, "spectral_decrease": {"dmean": 1.9126766837e-09, "dmean2": 2.54340859485e-09, "dvar": 5.28757008601e-18, "dvar2": 8.85086233282e-18, "max": 2.31533010872e-28, "mean": -6.39393071822e-09, "median": -5.38880184919e-09, "min": -3.19698152396e-08, "var": 2.32630915344e-17}, "spectral_energy": {"dmean": 0.00755247427151, "dmean2": 0.0100761996582, "dvar": 7.91891798144e-05, "dvar2": 0.000133530644234, "max": 0.123630277812, "mean": 0.0258450713009, "median": 0.0220381189138, "min": 1.01231583133e-20, "var": 0.000366220949218}, "spectral_energyband_high": {"dmean": 0.00062290916685, "dmean2": 0.000954464427195, "dvar": 3.24461757373e-06, "dvar2": 7.8220227806e-06, "max": 0.0283015426248, "mean": 0.000795943371486, "median": 0.000167408070411, "min": 7.26626307781e-21, "var": 4.05773153034e-06}, "spectral_energyband_low": {"dmean": 0.00133301259484, "dmean2": 0.00213716947474, "dvar": 4.42025429948e-06, "dvar2": 1.13673777378e-05, "max": 0.0398750454187, "mean": 0.00265864073299, "median": 0.00149600277655, "min": 1.67348147795e-23, "var": 1.09929569589e-05}, "spectral_energyband_middle_high": {"dmean": 0.00124038034119, "dmean2": 0.00165468337946, "dvar": 6.36534241494e-06, "dvar2": 1.06905845314e-05, "max": 0.0793813988566, "mean": 0.00391822867095, "median": 0.00156136543956, "min": 1.25979213492e-21, "var": 3.71217101929e-05}, "spectral_energyband_middle_low": {"dmean": 0.00664159469306, "dmean2": 0.00883209332824, "dvar": 7.51316547394e-05, "dvar2": 0.000126611936139, "max": 0.118980765343, "mean": 0.0194131042808, "median": 0.0145288035274, "min": 1.7315193947e-22, "var": 0.00029072270263}, "spectral_entropy": {"dmean": 0.248626172543, "dmean2": 0.327842861414, "dvar": 0.0816666036844, "dvar2": 0.138408064842, "max": 9.82190322876, "mean": 7.04761695862, "median": 7.04627799988, "min": 3.82186985016, "var": 0.619032561779}, "spectral_flux": {"dmean": 0.0214782506227, "dmean2": 0.032973587513, "dvar": 0.000508036173414, "dvar2": 0.00113744055852, "max": 0.255239486694, "mean": 0.0654118284583, "median": 0.0599701926112, "min": 6.14209516581e-11, "var": 0.00156223971862}, "spectral_kurtosis": {"dmean": 2.449862957, "dmean2": 3.74290966988, "dvar": 10.3877887726, "dvar2": 24.5708751678, "max": 67.6946792603, "mean": 6.94112825394, "median": 4.96779298782, "min": -1.26089918613, "var": 62.0703430176}, "spectral_rms": {"dmean": 0.000709857500624, "dmean2": 0.000929648173042, "dvar": 5.47331524103e-07, "dvar2": 8.88769307039e-07, "max": 0.0109824817628, "mean": 0.00460181757808, "median": 0.00463687442243, "min": 3.14265041941e-12, "var": 4.03796866522e-06}, "spectral_rolloff": {"dmean": 560.272583008, "dmean2": 991.221801758, "dvar": 2023915.5, "dvar2": 4740440.5, "max": 19466.015625, "mean": 1379.30090332, "median": 624.462890625, "min": 129.19921875, "var": 6085485.5}, "spectral_skewness": {"dmean": 0.312554359436, "dmean2": 0.451063036919, "dvar": 0.11832909286, "dvar2": 0.236199676991, "max": 7.28856706619, "mean": 2.00578308105, "median": 1.90850520134, "min": -0.726948559284, "var": 0.905929803848}, "spectral_spread": {"dmean": 899573.375, "dmean2": 1209287.25, "dvar": 1554735169540.0, "dvar2": 2657561608190.0, "max": 42687252, "mean": 5352072, "median": 4401060, "min": 1073580.25, "var": 19326860001300.0}, "spectral_strongpeak": {"dmean": 0.546859622002, "dmean2": 0.852527022362, "dvar": 0.822793900967, "dvar2": 1.8028999567, "max": 17.8390960693, "mean": 1.35441827774, "median": 0.797303438187, "min": 0, "var": 2.73531866074}, "zerocrossingrate": {"dmean": 0.0130289802328, "dmean2": 0.0149402469397, "dvar": 0.000348295201547, "dvar2": 0.000408630323363, "max": 0.53076171875, "mean": 0.0567547865212, "median": 0.041015625, "min": 0.00537109375, "var": 0.00380617170595}, "barkbands": {"dmean": [8.95393532119e-06, 0.000383000820875, 0.000863405235577, 0.00161343428772, 0.00400492735207, 0.0007341329474, 0.000841930333991, 0.00109529145993, 0.000823146663606, 0.00051280867774, 0.000237555388594, 0.000248272583121, 0.000211954844417, 0.000386583007639, 0.000175274573849, 0.000139206124004, 0.000100138648122, 7.33397027943e-05, 4.47892234661e-05, 1.87629048014e-05, 2.87017173832e-05, 0.000123219404486, 0.000268378207693, 0.000140608070069, 6.8875051511e-05, 2.86235663225e-05, 2.31325657296e-06], "dmean2": [1.57387712534e-05, 0.000627567875199, 0.00146589847282, 0.00259996275418, 0.00497570680454, 0.000992389628664, 0.0012486766791, 0.00147479004227, 0.00114270625636, 0.000737079943065, 0.000354741845513, 0.000368220673408, 0.000296127778711, 0.000534619670361, 0.000255266553722, 0.000193013256649, 0.000147805054439, 0.000103712824057, 6.33542222204e-05, 2.80136846413e-05, 4.31510234193e-05, 0.000184637538041, 0.000440761126811, 0.000220538902795, 0.000104133730929, 4.44451143267e-05, 3.75755712412e-06], "dvar": [9.55928114443e-10, 7.42582983548e-07, 2.26660586122e-06, 6.05840796197e-06, 3.88427397411e-05, 1.94613949134e-06, 6.38581468593e-06, 8.2519109128e-06, 6.34807747701e-06, 2.42122428062e-06, 7.26360724457e-07, 7.34441357508e-07, 3.46965549625e-07, 3.55122392648e-06, 3.81769496016e-07, 1.43389428331e-07, 4.01480981793e-08, 2.69241198225e-08, 8.00153099334e-09, 2.04016958882e-09, 8.27448154439e-09, 1.88681681834e-07, 8.34319052956e-07, 1.91181356968e-07, 3.57066198831e-08, 6.85919410159e-09, 7.93657917164e-11], "dvar2": [2.4703712409e-09, 1.88413434898e-06, 6.4192154241e-06, 1.49327925101e-05, 5.81752319704e-05, 3.44265799868e-06, 1.43956567626e-05, 1.4945944713e-05, 1.22688561532e-05, 5.30135412191e-06, 1.6020773046e-06, 1.45622277614e-06, 6.50220499665e-07, 5.65528171137e-06, 7.84721976288e-07, 2.44530667715e-07, 7.88707623656e-08, 5.33800523783e-08, 1.46023646508e-08, 4.33222302476e-09, 1.84121677904e-08, 4.18301539185e-07, 2.17820343096e-06, 4.71672507274e-07, 8.29422290849e-08, 1.71014900019e-08, 2.11156189756e-10], "max": [0.000918205711059, 0.0136404270306, 0.0253513101488, 0.028726182878, 0.0890356376767, 0.0405277833343, 0.0581852272153, 0.0703543797135, 0.0472302883863, 0.0330079272389, 0.0263948496431, 0.0365756750107, 0.0137609262019, 0.0792602598667, 0.0261306297034, 0.0101302359253, 0.00560393044725, 0.00397636508569, 0.00257744407281, 0.00125166645739, 0.00228343927301, 0.0123268952593, 0.0147226732224, 0.00861864164472, 0.00499163800851, 0.00124111038167, 0.000241774192546], "mean": [7.7171034718e-06, 0.000561856431887, 0.00150504836347, 0.0023978156969, 0.00822786986828, 0.00202996889129, 0.00171085598413, 0.00254826107994, 0.00165656593163, 0.00109034019988, 0.000448261765996, 0.000455604109447, 0.000436916336184, 0.000809750868939, 0.000341327890055, 0.000331722781993, 0.000219988185563, 0.000158390437718, 9.52541668084e-05, 3.50336740667e-05, 4.05226019211e-05, 0.000166132478626, 0.000288978510071, 0.000161397649208, 8.6120206106e-05, 3.09241841023e-05, 2.39228279497e-06], "median": [1.01822445231e-06, 0.000106069979665, 0.000790148682427, 0.00119706592523, 0.00420235376805, 0.0011847835267, 0.000647623790428, 0.000205333228223, 0.000174478365807, 0.000151396117872, 9.48985180003e-05, 8.88330032467e-05, 6.3182451413e-05, 8.07610049378e-05, 6.83329271851e-05, 8.57164122863e-05, 0.000102576836071, 4.3383675802e-05, 3.56911550625e-05, 1.62419637491e-05, 1.01466193883e-05, 3.1769661291e-05, 5.33574675501e-05, 2.57791070908e-05, 1.23581994558e-05, 3.36325774697e-06, 2.23657877996e-07], "min": [4.06448649894e-25, 2.88811404289e-24, 1.04206997162e-24, 1.35413338635e-24, 1.00091413184e-23, 6.49839908451e-24, 1.12780595832e-23, 7.53746576405e-24, 1.39264604906e-23, 1.71177436402e-23, 1.26893112322e-23, 2.695999039e-23, 2.87732124242e-23, 3.91043746527e-23, 3.67384514247e-23, 6.68876739259e-23, 5.62286547943e-23, 1.03959188736e-22, 1.25225534521e-22, 2.14891970982e-22, 2.37178364406e-22, 3.15334790145e-22, 4.04897816407e-22, 5.67749024747e-22, 7.99848816241e-22, 1.34988949139e-21, 1.92645517902e-21], "var": [8.41849534527e-10, 1.38930408866e-06, 4.48040282208e-06, 1.06313718788e-05, 0.00012559138122, 8.8544220489e-06, 1.2750746464e-05, 3.97783878725e-05, 1.9861434339e-05, 8.3313734649e-06, 1.70503165009e-06, 2.42800524575e-06, 1.21392326946e-06, 1.58680359164e-05, 1.54705514888e-06, 7.19609033695e-07, 1.4364894696e-07, 9.97770399636e-08, 2.91420683141e-08, 4.1011460894e-09, 1.24902630461e-08, 2.77933253301e-07, 8.05307251994e-07, 2.0765368447e-07, 5.03374835148e-08, 6.92336277197e-09, 7.37523167538e-11]}, "erbbands": {"dmean": [0.00369316129945, 0.117001242936, 0.834832906723, 2.57426762581, 17.1484718323, 7.51980400085, 3.39707636833, 6.84031915665, 12.0139656067, 16.7702331543, 23.3706932068, 20.3111667633, 21.1285381317, 6.33356523514, 10.0215063095, 10.3416671753, 10.4176797867, 16.8140144348, 12.9321832657, 7.55775499344, 5.99273872375, 4.83500766754, 4.36615610123, 2.55254292488, 1.63929355145, 0.799893915653, 0.875906050205, 1.6428604126, 3.39003062248, 7.14452600479, 8.10914897919, 3.64737534523, 2.00899291039, 0.841657817364, 0.471650630236, 0.189142480493, 0.0412565171719, 0.00583422323689, 0.000415278220316, 1.86024135473e-05], "dmean2": [0.00544763356447, 0.193106248975, 1.40522313118, 4.0187458992, 21.6309680939, 10.4787759781, 4.9139585495, 9.30859565735, 16.6302070618, 24.5796604156, 30.8110218048, 27.9216938019, 30.4211540222, 8.78116703033, 15.0008068085, 15.3543453217, 14.1457128525, 23.4720726013, 17.7754001617, 10.4562253952, 8.28463840485, 6.83036661148, 6.05571174622, 3.59199571609, 2.31856226921, 1.18448472023, 1.28762924671, 2.46333599091, 5.08105659485, 11.3767385483, 13.4061603546, 5.68293476105, 3.20084500313, 1.27755820751, 0.722638249397, 0.294274032116, 0.0627398043871, 0.00890849530697, 0.000692571105901, 2.83922818198e-05], "dvar": [9.44708372117e-05, 0.0630365237594, 2.3249502182, 12.2676849365, 814.882019043, 114.511749268, 39.7691497803, 162.158676147, 1102.36584473, 2871.84790039, 3829.30175781, 4086.68530273, 4234.81103516, 483.694854736, 1493.89733887, 903.688903809, 853.246704102, 5544.9140625, 2814.90332031, 238.859069824, 179.583206177, 102.470169067, 95.0132675171, 22.8319644928, 13.9337930679, 4.24819469452, 5.72137117386, 30.8127174377, 184.37789917, 508.839141846, 795.165527344, 128.964828491, 44.0752601624, 5.39574766159, 1.92948651314, 0.298191875219, 0.0142048224807, 0.000258552114246, 3.88418447983e-06, 3.2045572862e-09], "dvar2": [0.000201377173653, 0.157819196582, 6.24832057953, 28.5459022522, 1212.97070312, 240.10647583, 84.2840499878, 287.420898438, 2272.82299805, 6331.86621094, 6707.76318359, 8042.36669922, 9508.48535156, 905.233581543, 3418.70068359, 1830.92272949, 1598.06604004, 8603.32519531, 5844.22363281, 443.887786865, 300.824798584, 193.211242676, 181.73197937, 43.5343132019, 24.6158428192, 9.52826881409, 12.6470623016, 66.7554016113, 430.73638916, 1238.41381836, 2078.78662109, 304.923675537, 114.468574524, 12.8549633026, 4.61061477661, 0.735468566418, 0.0339820571244, 0.000610353192315, 1.08180756797e-05, 8.90364937334e-09], "max": [0.128961697221, 4.47486400604, 29.3171195984, 44.0772895813, 422.312255859, 197.401885986, 163.21383667, 349.308135986, 885.238098145, 1203.61779785, 1574.30187988, 1481.35144043, 1323.86743164, 1117.44042969, 1204.22912598, 1275.60888672, 756.675537109, 3464.90356445, 2467.90039062, 277.000946045, 360.056915283, 361.903991699, 240.246994019, 107.87928009, 127.294593811, 71.2951126099, 76.0594863892, 162.45741272, 544.637329102, 484.172821045, 459.054016113, 275.102050781, 99.9363174438, 45.6775436401, 39.7461853027, 7.36758804321, 2.78589868546, 0.261932551861, 0.066765755415, 0.00183923461009], "mean": [0.00535070942715, 0.183820724487, 1.48380219936, 4.83038187027, 30.0049381256, 17.7658309937, 10.0710792542, 18.4105186462, 27.4346370697, 33.7234611511, 57.6967353821, 44.6448516846, 45.933429718, 14.8330516815, 20.162229538, 20.5357894897, 22.5075550079, 35.6038475037, 28.173084259, 17.3071269989, 15.3344602585, 11.4983434677, 9.96946239471, 5.72294282913, 3.41838121414, 1.50895392895, 1.46514201164, 2.25783896446, 4.52819395065, 8.66524028778, 8.66939353943, 4.22454452515, 2.25637888908, 1.06463313103, 0.54754525423, 0.209127783775, 0.0461388379335, 0.00683052837849, 0.000405228231102, 4.28346284025e-05], "median": [0.00121641356964, 0.0446592979133, 0.646666288376, 3.08393979073, 9.79998970032, 12.0558691025, 6.87063980103, 11.2326641083, 12.502699852, 7.97794961929, 4.29447984695, 5.2399020195, 6.12112188339, 2.67540717125, 3.85161232948, 4.92179870605, 3.48586273193, 4.36102151871, 3.54675745964, 5.58763217926, 5.78931903839, 4.9657831192, 2.90813350677, 2.34432053566, 1.34756910801, 0.738652467728, 0.521079778671, 0.48386824131, 0.88357847929, 1.6760610342, 1.55492830276, 0.695324003696, 0.364333629608, 0.157032564282, 0.0709287002683, 0.023688506335, 0.00466997548938, 0.00079072319204, 4.39701325377e-05, 3.25016480929e-05], "min": [9.81016125245e-23, 6.68585946196e-22, 2.04495869724e-21, 7.10351125332e-21, 1.95081904079e-20, 2.87031866426e-20, 6.46020885197e-20, 6.09077189583e-20, 1.58672925801e-19, 2.19109416767e-19, 2.09688359502e-19, 4.99115766832e-19, 4.8050761517e-19, 6.04251973651e-19, 6.46057888605e-19, 1.43321583251e-18, 1.91754507381e-18, 2.13546332464e-18, 3.38110799164e-18, 3.62874704868e-18, 3.12893515766e-18, 3.65069835419e-18, 5.33457338355e-18, 6.92433635231e-18, 8.16582526391e-18, 8.84398763475e-18, 1.0666993616e-17, 9.92431033016e-18, 8.8606892385e-18, 1.23686124966e-17, 1.10024856647e-17, 1.08665310864e-17, 1.04060594917e-17, 9.28223040482e-18, 5.12696676623e-18, 4.31981881375e-18, 2.38753979208e-18, 9.84515328144e-19, 2.49499954924e-19, 2.88593234456e-20], "var": [0.000144424484461, 0.133146703243, 5.56935596466, 27.2363300323, 2475.69433594, 347.124023438, 154.827453613, 673.992431641, 2592.90283203, 6510.73486328, 22742.7441406, 13293.8994141, 14323.6835938, 2311.47827148, 3672.29418945, 3201.40087891, 3122.91455078, 23397.0625, 12896.8232422, 996.539611816, 911.140563965, 425.232421875, 379.99395752, 84.8185272217, 46.7696800232, 6.86670398712, 9.89510822296, 45.6736450195, 243.126434326, 631.403259277, 760.234375, 161.724395752, 40.6157684326, 7.28054189682, 2.40985131264, 0.327305674553, 0.0179892573506, 0.000333380769007, 2.76611240224e-06, 2.91322965751e-09]}, "gfcc": {"mean": [-48.9321556091, 94.8489456177, -99.0525283813, 20.1333236694, -70.2590026855, 8.05586338043, -60.7419166565, -4.82373428345, -22.4515380859, -14.3065547943, -22.0798587799, -4.02080774307, -21.817281723], "cov": [[26986.9628906, -477.484436035, -3503.55883789, -78.8012313843, -1586.02160645, 476.690643311, -1340.48999023, 368.179595947, -317.198822021, -141.500732422, -583.907836914, 74.0069198608, -386.166442871], [-477.484436035, 1486.48181152, -441.077484131, -285.958312988, 87.379989624, -244.263870239, 152.802520752, -35.4200592041, 41.4315452576, -165.812942505, 208.6534729, -115.989624023, 14.5431566238], [-3503.55883789, -441.077484131, 1394.82617188, 472.556091309, 179.228164673, 88.0943908691, 105.828041077, -117.877082825, -43.8824996948, 158.313674927, -42.6669006348, 71.2381210327, 79.2978286743], [-78.8012313843, -285.958312988, 472.556091309, 631.01373291, 86.8878250122, 30.2093219757, -122.767051697, -86.3110275269, -6.09819889069, 95.3242645264, -50.7420082092, 70.827331543, 115.014884949], [-1586.02160645, 87.379989624, 179.228164673, 86.8878250122, 327.110900879, -0.504478156567, 41.5885505676, -44.950969696, 35.5460281372, 39.6345481873, 39.5756225586, -27.533290863, 49.2764511108], [476.690643311, -244.263870239, 88.0943908691, 30.2093219757, -0.504478156567, 254.021881104, 35.5333938599, -42.1137962341, -53.5701065063, 63.434715271, -48.1793785095, -4.78772878647, 8.23904705048], [-1340.48999023, 152.802520752, 105.828041077, -122.767051697, 41.5885505676, 35.5333938599, 270.565002441, 34.5810508728, -22.5832118988, -27.1838436127, 70.6685333252, 2.69366979599, 8.91047859192], [368.179595947, -35.4200592041, -117.877082825, -86.3110275269, -44.950969696, -42.1137962341, 34.5810508728, 206.337310791, 61.501335144, -27.0665893555, -0.741967082024, 19.9223270416, -35.4844207764], [-317.198822021, 41.4315452576, -43.8824996948, -6.09819889069, 35.5460281372, -53.5701065063, -22.5832118988, 61.501335144, 166.225708008, 33.7634811401, 4.97910070419, -10.0247411728, 1.84573554993], [-141.500732422, -165.812942505, 158.313674927, 95.3242645264, 39.6345481873, 63.434715271, -27.1838436127, -27.0665893555, 33.7634811401, 146.893386841, -3.87108302116, 11.7603645325, 22.8943519592], [-583.907836914, 208.6534729, -42.6669006348, -50.7420082092, 39.5756225586, -48.1793785095, 70.6685333252, -0.741967082024, 4.97910070419, -3.87108302116, 132.74887085, 17.7345104218, 4.85891389847], [74.0069198608, -115.989624023, 71.2381210327, 70.827331543, -27.533290863, -4.78772878647, 2.69366979599, 19.9223270416, -10.0247411728, 11.7603645325, 17.7345104218, 116.263343811, 21.9164810181], [-386.166442871, 14.5431566238, 79.2978286743, 115.014884949, 49.2764511108, 8.23904705048, 8.91047859192, -35.4844207764, 1.84573554993, 22.8943519592, 4.85891389847, 21.9164810181, 117.209686279]], "icov": [[0.00021430203924, -0.000251564692007, 0.000533201615326, -0.000397093157517, 0.000564460409805, -0.000669951725286, 0.000740206742194, -0.000532674137503, 0.00059258879628, -0.000383888662327, 0.000548538577277, -0.000374580296921, 0.000471393810585], [-0.000251564692007, 0.00176468794234, -0.000329823989887, 0.000521613692399, -0.000724065874238, 0.00171655300073, -0.00150282518007, 0.00135296687949, -0.00108042173088, 0.00141113693826, -0.00226171012037, 0.00183043337893, -0.00113601807971], [0.000533201615326, -0.000329823989887, 0.00282738311216, -0.00203450163826, 0.000966028077528, -0.000949419743847, 0.000158627241035, -0.000606156070717, 0.0017623208696, -0.00205701543018, 0.00224120286293, -0.00120259518735, 0.00185223005246], [-0.000397093157517, 0.000521613692399, -0.00203450163826, 0.00417673448101, -0.00139533355832, 0.00104961975012, 0.000728934130166, 0.0010236200178, -0.00101218337659, 0.000692614528816, -0.000977816642262, -0.000383748702006, -0.00333484029397], [0.000564460409805, -0.000724065874238, 0.000966028077528, -0.00139533355832, 0.00561685021967, -0.00187821569853, 0.00160119263455, -0.000939752324484, 0.000498604378663, -0.00117822003085, 3.49022302544e-05, 0.000687072461005, 0.000121959819808], [-0.000669951725286, 0.00171655300073, -0.000949419743847, 0.00104961975012, -0.00187821569853, 0.00902082398534, -0.00506904674694, 0.00291059562005, 0.000170921019162, -0.00212243222632, 0.000713862420525, 0.00200712145306, -0.00137886300217], [0.000740206742194, -0.00150282518007, 0.000158627241035, 0.000728934130166, 0.00160119263455, -0.00506904674694, 0.0102109871805, -0.00421753013507, 0.00264565064572, 0.000765599892475, -0.00170791347045, -0.00136233330704, -0.000432997825556], [-0.000532674137503, 0.00135296687949, -0.000606156070717, 0.0010236200178, -0.000939752324484, 0.00291059562005, -0.00421753013507, 0.00902983918786, -0.00468493718654, 0.0019222603878, -0.000327141198795, -0.000774243904743, 0.000584256194998], [0.00059258879628, -0.00108042173088, 0.0017623208696, -0.00101218337659, 0.000498604378663, 0.000170921019162, 0.00264565064572, -0.00468493718654, 0.0108142783865, -0.00500685302541, 0.00239974493161, -0.000125474238303, 0.000777945679147], [-0.000383888662327, 0.00141113693826, -0.00205701543018, 0.000692614528816, -0.00117822003085, -0.00212243222632, 0.000765599892475, 0.0019222603878, -0.00500685302541, 0.012777402997, -0.00463722273707, 0.00113666302059, -0.00199681869708], [0.000548538577277, -0.00226171012037, 0.00224120286293, -0.000977816642262, 3.49022302544e-05, 0.000713862420525, -0.00170791347045, -0.000327141198795, 0.00239974493161, -0.00463722273707, 0.0154045978561, -0.00544085586444, 0.00274380692281], [-0.000374580296921, 0.00183043337893, -0.00120259518735, -0.000383748702006, 0.000687072461005, 0.00200712145306, -0.00136233330704, -0.000774243904743, -0.000125474238303, 0.00113666302059, -0.00544085586444, 0.0133774038404, -0.00332770263776], [0.000471393810585, -0.00113601807971, 0.00185223005246, -0.00333484029397, 0.000121959819808, -0.00137886300217, -0.000432997825556, 0.000584256194998, 0.000777945679147, -0.00199681869708, 0.00274380692281, -0.00332770263776, 0.0133867505938]]}, "melbands": {"dmean": [6.7232605943e-05, 0.000327803281834, 0.000886598310899, 0.000981259392574, 0.000142428529216, 0.000161540388945, 0.000177732872544, 0.000192730891285, 0.000191537081264, 0.000122631419799, 0.000103307582322, 2.37740277953e-05, 3.3555967093e-05, 3.05552966893e-05, 2.2497439204e-05, 2.00280410354e-05, 3.7293513742e-05, 2.48115011345e-05, 1.10330420284e-05, 1.2302707546e-05, 6.54996165395e-06, 5.19720242664e-06, 5.54385405849e-06, 3.06515516968e-06, 2.14659144149e-06, 1.62186313446e-06, 7.30424972062e-07, 5.47943443507e-07, 5.45820739717e-07, 6.72755618325e-07, 1.12467455438e-06, 1.73703233486e-06, 2.94509482046e-06, 4.46972944701e-06, 5.62576224183e-06, 2.79860523733e-06, 2.01729380933e-06, 1.47442653997e-06, 1.08095184714e-06, 5.98902033744e-07], "dmean2": [0.000107202307845, 0.000548177282326, 0.00126537086908, 0.00124431727454, 0.000206372933462, 0.000217991924728, 0.000248773139901, 0.000274393620202, 0.000256007857388, 0.000169192513567, 0.00014976017701, 3.31651499437e-05, 5.06367505295e-05, 4.50862680736e-05, 3.18145539495e-05, 2.80299645965e-05, 5.24791248608e-05, 3.39545294992e-05, 1.5919420548e-05, 1.69442191691e-05, 9.4364531833e-06, 7.55212704462e-06, 7.83349696576e-06, 4.37440303358e-06, 3.09908273266e-06, 2.29127704188e-06, 1.11493363875e-06, 8.21223693492e-07, 8.21012861252e-07, 1.01034027011e-06, 1.7188719994e-06, 2.62155253949e-06, 4.5090664571e-06, 7.28164468455e-06, 9.5387449619e-06, 4.38519600721e-06, 3.19292234963e-06, 2.39043106376e-06, 1.70243845332e-06, 9.08210893158e-07], "dvar": [2.53627199243e-08, 3.62201205917e-07, 1.89703894193e-06, 2.36715072788e-06, 5.39922524467e-08, 9.30757622086e-08, 2.47157601052e-07, 3.45776953736e-07, 2.51741454349e-07, 1.51938266413e-07, 1.02526740875e-07, 8.09057709716e-09, 1.52235219986e-08, 1.12754809933e-08, 3.57206331181e-09, 3.33813998665e-09, 3.0329019296e-08, 1.35878588381e-08, 9.7401919863e-10, 1.14521525596e-09, 1.73549813409e-10, 1.16957110663e-10, 1.63522043128e-10, 4.35248712072e-11, 1.71066563692e-11, 1.64900541139e-11, 2.10310826913e-12, 2.45746587142e-12, 1.86918579573e-12, 6.15826226819e-12, 1.6049659865e-11, 7.64730431757e-11, 1.09144450422e-10, 2.08652137235e-10, 4.31250951616e-10, 8.63817420371e-11, 4.51035285509e-11, 2.51532527445e-11, 1.17734598112e-11, 2.73300522838e-12], "dvar2": [6.25050233793e-08, 9.41625899031e-07, 3.43996066476e-06, 3.69817325918e-06, 1.15132287704e-07, 1.65759132642e-07, 5.15468855156e-07, 7.32750891075e-07, 4.742649935e-07, 2.98350784078e-07, 2.29795475093e-07, 1.52847086099e-08, 3.44106290129e-08, 2.24142464589e-08, 6.91719481694e-09, 6.45388587017e-09, 4.68596645931e-08, 2.67721897984e-08, 2.00548022633e-09, 1.94709715018e-09, 3.31120603159e-10, 2.2740123673e-10, 3.09928138709e-10, 8.84968556769e-11, 3.33050566292e-11, 2.89036797968e-11, 4.77691584205e-12, 5.63305695492e-12, 4.04525588374e-12, 1.40755254674e-11, 3.49661723187e-11, 1.91123367133e-10, 2.42787817628e-10, 5.36301836274e-10, 1.15751941365e-09, 2.08159628423e-10, 1.09797192172e-10, 6.6029702539e-11, 3.02388218631e-11, 6.22510029635e-12], "max": [0.00237824930809, 0.0121868345886, 0.0201551169157, 0.0220395922661, 0.0056999437511, 0.00777165079489, 0.0132944146171, 0.0147524541244, 0.0110053522512, 0.00875679124147, 0.00651752296835, 0.00456569902599, 0.00400020787492, 0.00435617147014, 0.00164487794973, 0.00158891559113, 0.00813250709325, 0.00571735575795, 0.00138961581979, 0.000909843831323, 0.000286977534415, 0.000362936523743, 0.000299251434626, 0.000149755462189, 0.000108363972686, 0.000142933247844, 4.33214408986e-05, 5.95768433413e-05, 3.22888299706e-05, 8.9285611466e-05, 0.00012550286192, 0.000444129691459, 0.000297405495076, 0.000283946079435, 0.000344435742591, 0.000318341015372, 0.000205352116609, 9.33995470405e-05, 6.08156442468e-05, 4.40284493379e-05], "mean": [9.68593012658e-05, 0.000593248696532, 0.00163222360425, 0.00191623601131, 0.000414519861806, 0.000432414264651, 0.000404318008805, 0.000395089795347, 0.00045170460362, 0.000259555788944, 0.000217838562094, 5.23160051671e-05, 6.54963951092e-05, 5.7646582718e-05, 4.65417870146e-05, 4.09623789892e-05, 7.59067770559e-05, 5.30622601218e-05, 2.13470630115e-05, 2.87953462248e-05, 1.53727742145e-05, 1.16591027108e-05, 1.18488342196e-05, 6.53872530165e-06, 4.44929173682e-06, 3.27634120367e-06, 1.31654235247e-06, 9.45425540522e-07, 9.38563175623e-07, 9.11624340461e-07, 1.44801549595e-06, 2.24484824685e-06, 3.7773315853e-06, 5.07884351464e-06, 5.68128007217e-06, 3.33465823132e-06, 2.21479263018e-06, 1.60657077686e-06, 1.2584846445e-06, 7.61545038586e-07], "median": [1.92022907868e-05, 0.000250981596764, 0.000769681064412, 0.000880539650097, 0.000291406438919, 0.000252167374128, 0.000179185619345, 7.60394177632e-05, 3.30640905304e-05, 2.87164493784e-05, 2.74343765341e-05, 8.97292102309e-06, 1.31760507429e-05, 1.16657574836e-05, 9.3419193945e-06, 6.44126839688e-06, 7.64953529142e-06, 5.22213667864e-06, 5.3545272749e-06, 6.38414257992e-06, 6.6659008553e-06, 5.27251131643e-06, 2.92606091534e-06, 2.12781969822e-06, 1.76456524059e-06, 1.01119780993e-06, 6.19153013304e-07, 3.97482637027e-07, 3.45430635207e-07, 2.18809489638e-07, 2.73759951597e-07, 4.0420209757e-07, 7.01682949966e-07, 9.50663434196e-07, 9.74618615146e-07, 5.5185103065e-07, 3.38757246254e-07, 2.61373713784e-07, 1.81245141562e-07, 1.03792231698e-07], "min": [7.92112146138e-25, 1.18197070607e-24, 1.38691538874e-24, 2.41243091704e-24, 2.20869989688e-24, 1.30854738262e-24, 2.53824279294e-24, 2.45666215078e-24, 1.66754565463e-24, 2.36125119924e-24, 2.22108067435e-24, 1.64718988783e-24, 1.61302728026e-24, 3.37946670733e-24, 4.36554007784e-24, 2.70780745844e-24, 3.35898708937e-24, 4.36373476966e-24, 2.63022377728e-24, 3.77516012625e-24, 2.69622954415e-24, 3.09309323823e-24, 4.88681305313e-24, 4.19114580867e-24, 4.04955868681e-24, 5.48844295009e-24, 3.36387842141e-24, 5.48119686825e-24, 4.78832771342e-24, 4.7962711483e-24, 5.41976393082e-24, 4.48839924738e-24, 4.93064334831e-24, 5.24730749846e-24, 5.18227617201e-24, 6.28205792556e-24, 6.13679826176e-24, 6.66427957237e-24, 6.78293371884e-24, 6.82091263826e-24], "var": [4.08866860369e-08, 9.09274035621e-07, 5.10479185323e-06, 7.36538549972e-06, 2.05756649052e-07, 3.81782598424e-07, 5.82601217047e-07, 8.88718489023e-07, 1.28053773096e-06, 4.99101247442e-07, 3.41099280377e-07, 3.77896576254e-08, 3.54627118782e-08, 3.60403014099e-08, 1.26476740192e-08, 1.10012310373e-08, 1.29521779968e-07, 6.01978484838e-08, 4.09769507215e-09, 5.80983305909e-09, 6.7422034622e-10, 4.45218389933e-10, 6.10042627525e-10, 1.52785728513e-10, 5.90272344891e-11, 5.63186962343e-11, 4.30703086043e-12, 3.60361632028e-12, 3.79586162849e-12, 8.83968939713e-12, 2.24152831713e-11, 8.16217995969e-11, 1.53975526773e-10, 2.23953203204e-10, 3.6834760242e-10, 1.12165297883e-10, 4.9491306886e-11, 2.21666764805e-11, 1.18639299773e-11, 4.03217563505e-12]}, "mfcc": {"mean": [-684.141296387, 124.327857971, 19.4844665527, 8.39213085175, 10.1376857758, -0.543097615242, -23.3686847687, 3.64043426514, -15.8457584381, -6.08850812912, -6.93731832504, -8.22810268402, -5.3306722641], "cov": [[11085.0048828, 369.374664307, -588.364257812, -707.522644043, -121.595016479, -248.093414307, -411.617553711, 287.18963623, -143.379257202, 158.432312012, 56.1935157776, -129.626052856, -61.4545402527], [369.374664307, 1556.86730957, -615.620422363, -211.087112427, -189.653533936, -253.727355957, -1.29488384724, 94.5090484619, -164.327056885, 16.3030338287, 50.1163711548, 18.8224887848, -39.2451515198], [-588.364257812, -615.620422363, 822.659301758, 301.086608887, 113.146339417, 248.402618408, 52.4777030945, -123.731712341, 115.093009949, -80.036781311, -79.176574707, 26.9008846283, 68.8231811523], [-707.522644043, -211.087112427, 301.086608887, 515.932006836, 215.576293945, 88.1385726929, -25.3799476624, -87.4347610474, 57.0865783691, -58.2213897705, -82.5101470947, 10.3197317123, 85.1921005249], [-121.595016479, -189.653533936, 113.146339417, 215.576293945, 298.722717285, 98.6745910645, -54.5520858765, -83.412437439, 44.680305481, 26.1527824402, -27.3273677826, -24.3327503204, 10.9064350128], [-248.093414307, -253.727355957, 248.402618408, 88.1385726929, 98.6745910645, 335.69909668, 93.7873077393, -112.030204773, 51.4216995239, -17.3713169098, -46.6207008362, 9.65885925293, -18.7004375458], [-411.617553711, -1.29488384724, 52.4777030945, -25.3799476624, -54.5520858765, 93.7873077393, 263.984313965, 13.1257095337, 10.3714408875, -30.9941329956, -17.5654850006, 36.6393013, -5.98327159882], [287.18963623, 94.5090484619, -123.731712341, -87.4347610474, -83.412437439, -112.030204773, 13.1257095337, 189.386962891, -7.52814817429, 2.40156722069, 32.953540802, 5.88569259644, 14.240562439], [-143.379257202, -164.327056885, 115.093009949, 57.0865783691, 44.680305481, 51.4216995239, 10.3714408875, -7.52814817429, 151.383575439, 32.6891479492, -17.5980625153, -1.51124429703, 13.3100605011], [158.432312012, 16.3030338287, -80.036781311, -58.2213897705, 26.1527824402, -17.3713169098, -30.9941329956, 2.40156722069, 32.6891479492, 140.389297485, 61.3707885742, -17.2825336456, -28.9303436279], [56.1935157776, 50.1163711548, -79.176574707, -82.5101470947, -27.3273677826, -46.6207008362, -17.5654850006, 32.953540802, -17.5980625153, 61.3707885742, 133.270858765, 8.23984146118, -18.440662384], [-129.626052856, 18.8224887848, 26.9008846283, 10.3197317123, -24.3327503204, 9.65885925293, 36.6393013, 5.88569259644, -1.51124429703, -17.2825336456, 8.23984146118, 89.7099609375, 33.7270889282], [-61.4545402527, -39.2451515198, 68.8231811523, 85.1921005249, 10.9064350128, -18.7004375458, -5.98327159882, 14.240562439, 13.3100605011, -28.9303436279, -18.440662384, 33.7270889282, 122.28868866]], "icov": [[0.000114587484859, -9.90408170765e-06, -1.17943118312e-05, 0.000191718179849, -7.22991971998e-05, -7.00871751178e-05, 0.000202564930078, -0.000191877043108, 0.000101317360532, -9.73027272266e-05, 0.000145809390233, 6.44538304186e-05, -7.43664422771e-05], [-9.90408170765e-06, 0.00101935025305, 0.000682850775775, -0.000246527197305, 0.000412532419432, 0.00025997532066, -0.00015940303274, 0.000185426193639, 0.000502429320477, -9.32261245907e-05, 0.000128762345412, -0.00033335146145, 0.000117780218716], [-1.17943118312e-05, 0.000682850775775, 0.00266834534705, -0.00106412521563, 0.000755635381211, -0.00105459452607, -1.54039862537e-05, 0.000695289636496, -0.000929224304855, 0.000964766019024, -0.000345056352671, -0.000154887835379, -0.000537510437425], [0.000191718179849, -0.000246527197305, -0.00106412521563, 0.00445358036086, -0.002856410807, 0.000506120966747, 0.000325846282067, 0.000142908917041, -0.000235670784605, 0.000951966096181, 0.00103508448228, -0.000105588806036, -0.00171894556843], [-7.22991971998e-05, 0.000412532419432, 0.000755635381211, -0.002856410807, 0.00656435033306, -0.00150908925571, 0.000971686502453, 0.00098789727781, -0.000186603414477, -0.00173473148607, -1.66042100318e-05, 0.00101745245047, 0.000103787009721], [-7.00871751178e-05, 0.00025997532066, -0.00105459452607, 0.000506120966747, -0.00150908925571, 0.00583308609203, -0.00212624901906, 0.00225147046149, -0.000559432723094, 0.000221000285819, 0.000570271047764, -0.000742549600545, 0.00135347316973], [0.000202564930078, -0.00015940303274, -1.54039862537e-05, 0.000325846282067, 0.000971686502453, -0.00212624901906, 0.00548119051382, -0.00141251785681, -0.000160753857926, 0.000361960468581, 0.00066773785511, -0.00153509608936, 0.00048036800581], [-0.000191877043108, 0.000185426193639, 0.000695289636496, 0.000142908917041, 0.00098789727781, 0.00225147046149, -0.00141251785681, 0.00814847368747, -0.00143349706195, 0.00111242500134, -0.0015843543224, 0.000311817362672, -0.00119531201199], [0.000101317360532, 0.000502429320477, -0.000929224304855, -0.000235670784605, -0.000186603414477, -0.000559432723094, -0.000160753857926, -0.00143349706195, 0.00944942329079, -0.00417945673689, 0.00225570239127, -8.76862177392e-05, -0.000663447775878], [-9.73027272266e-05, -9.32261245907e-05, 0.000964766019024, 0.000951966096181, -0.00173473148607, 0.000221000285819, 0.000361960468581, 0.00111242500134, -0.00417945673689, 0.0122931618243, -0.00541263120249, 0.001179000712, 0.00101348303724], [0.000145809390233, 0.000128762345412, -0.000345056352671, 0.00103508448228, -1.66042100318e-05, 0.000570271047764, 0.00066773785511, -0.0015843543224, 0.00225570239127, -0.00541263120249, 0.0115533554927, -0.00242525106296, 0.000778640678618], [6.44538304186e-05, -0.00033335146145, -0.000154887835379, -0.000105588806036, 0.00101745245047, -0.000742549600545, -0.00153509608936, 0.000311817362672, -8.76862177392e-05, 0.001179000712, -0.00242525106296, 0.0143866231665, -0.00427464349195], [-7.43664422771e-05, 0.000117780218716, -0.000537510437425, -0.00171894556843, 0.000103787009721, 0.00135347316973, 0.00048036800581, -0.00119531201199, -0.000663447775878, 0.00101348303724, 0.000778640678618, -0.00427464349195, 0.01164655108]]}, "spectral_contrast_coeffs": {"dmean": [0.0529961585999, 0.0387205705047, 0.0357854105532, 0.0303270183504, 0.0249491538852, 0.0181698575616], "dmean2": [0.0868021026254, 0.0599913857877, 0.0541556105018, 0.0451722107828, 0.0358194857836, 0.027499627322], "dvar": [0.00191358034499, 0.00126686843578, 0.00105933996383, 0.000739775947295, 0.000562162196729, 0.000296544109005], "dvar2": [0.00483610481024, 0.00289825047366, 0.00209479709156, 0.00144901731983, 0.00102797884028, 0.00063605629839], "max": [-0.250261038542, -0.391353040934, -0.381093740463, -0.434475630522, -0.524314701557, -0.586204409599], "mean": [-0.518668889999, -0.671685516834, -0.723334789276, -0.740551710129, -0.759261071682, -0.779531538486], "median": [-0.515836298466, -0.675817430019, -0.735911905766, -0.745906472206, -0.762065947056, -0.778037726879], "min": [-0.97597104311, -0.973527789116, -0.977016210556, -0.969287574291, -0.966513156891, -0.964705169201], "var": [0.00952714961022, 0.00716678285971, 0.0089720543474, 0.00604065554217, 0.00418411241844, 0.00197076564655]}, "spectral_contrast_valleys": {"dmean": [0.486063182354, 0.306951552629, 0.307102650404, 0.287549257278, 0.295030236244, 0.457849472761], "dmean2": [0.820504128933, 0.482760906219, 0.472011715174, 0.427168905735, 0.399017870426, 0.547957658768], "dvar": [0.192161157727, 0.122051104903, 0.110651090741, 0.105158634484, 0.135161399841, 0.278886556625], "dvar2": [0.447060227394, 0.226712092