{"lowlevel": {"average_loudness": 0.722313344479, "barkbands_crest": {"dmean": 2.18763232231, "dmean2": 3.36956644058, "dvar": 3.76665854454, "dvar2": 8.83735752106, "max": 22.4349479675, "mean": 9.73806667328, "median": 9.1262140274, "min": 3.06464958191, "var": 12.3657836914}, "barkbands_flatness_db": {"dmean": 0.0196481831372, "dmean2": 0.0263792462647, "dvar": 0.000279373285593, "dvar2": 0.000498636625707, "max": 0.307043254375, "mean": 0.129875332117, "median": 0.125036120415, "min": 0.0138907143846, "var": 0.00203580595553}, "barkbands_kurtosis": {"dmean": 2.41665673256, "dmean2": 3.68487453461, "dvar": 11.2705888748, "dvar2": 25.6123809814, "max": 62.329284668, "mean": 4.31904745102, "median": 3.04726696014, "min": -1.63015341759, "var": 28.6816539764}, "barkbands_skewness": {"dmean": 0.448115497828, "dmean2": 0.657862246037, "dvar": 0.1816868186, "dvar2": 0.387116402388, "max": 7.01829624176, "mean": 1.56902194023, "median": 1.69890367985, "min": -2.187895298, "var": 1.80755126476}, "barkbands_spread": {"dmean": 5.27381086349, "dmean2": 7.38692951202, "dvar": 30.1892051697, "dvar2": 60.0964927673, "max": 80.8731994629, "mean": 20.6950454712, "median": 19.9179401398, "min": 2.06222319603, "var": 104.644592285}, "dissonance": {"dmean": 0.0169652253389, "dmean2": 0.0281000304967, "dvar": 0.000213663777686, "dvar2": 0.000573476077989, "max": 0.499922126532, "mean": 0.461158365011, "median": 0.463529586792, "min": 0.328434169292, "var": 0.000468725484097}, "dynamic_complexity": 3.87634134293, "erbbands_crest": {"dmean": 2.28750753403, "dmean2": 3.71041512489, "dvar": 4.6288433075, "dvar2": 11.1049547195, "max": 22.7152633667, "mean": 7.74806833267, "median": 7.05017280579, "min": 2.64943814278, "var": 12.0086603165}, "erbbands_flatness_db": {"dmean": 0.0142809683457, "dmean2": 0.0194460544735, "dvar": 0.000166453624843, "dvar2": 0.000283697241684, "max": 0.312089622021, "mean": 0.142512962222, "median": 0.139280021191, "min": 0.055133048445, "var": 0.00129814515822}, "erbbands_kurtosis": {"dmean": 0.529252707958, "dmean2": 0.832522690296, "dvar": 0.406684309244, "dvar2": 0.962036550045, "max": 9.72537231445, "mean": -0.409646749496, "median": -0.596830129623, "min": -1.65608596802, "var": 0.71405851841}, "erbbands_skewness": {"dmean": 0.310791760683, "dmean2": 0.463053196669, "dvar": 0.0709127783775, "dvar2": 0.153279691935, "max": 2.96680760384, "mean": 0.35150256753, "median": 0.347567439079, "min": -1.34573972225, "var": 0.318278521299}, "erbbands_spread": {"dmean": 6.79632711411, "dmean2": 10.2911739349, "dvar": 38.2219467163, "dvar2": 82.0727081299, "max": 97.8841552734, "mean": 43.7495155334, "median": 42.324798584, "min": 9.31139373779, "var": 146.12562561}, "hfc": {"dmean": 4.01022434235, "dmean2": 5.49462127686, "dvar": 34.8590393066, "dvar2": 69.7501144409, "max": 98.5966873169, "mean": 15.8950986862, "median": 11.8341369629, "min": 1.04648161159e-16, "var": 231.516403198}, "melbands_crest": {"dmean": 2.97805833817, "dmean2": 4.53373575211, "dvar": 7.35578966141, "dvar2": 16.5157260895, "max": 31.8946723938, "mean": 13.3174753189, "median": 12.7382392883, "min": 1.52344536781, "var": 36.1549797058}, "melbands_flatness_db": {"dmean": 0.0225103348494, "dmean2": 0.0299809500575, "dvar": 0.000424229889177, "dvar2": 0.000719492207281, "max": 0.403658390045, "mean": 0.176395624876, "median": 0.178533658385, "min": 0.00275751855224, "var": 0.00559418462217}, "melbands_kurtosis": {"dmean": 5.29967355728, "dmean2": 8.11140155792, "dvar": 63.5291290283, "dvar2": 149.247375488, "max": 168.446884155, "mean": 12.6190290451, "median": 9.47068500519, "min": -1.45683860779, "var": 177.317382812}, "melbands_skewness": {"dmean": 0.568761646748, "dmean2": 0.844146251678, "dvar": 0.331996679306, "dvar2": 0.740582287312, "max": 11.4414863586, "mean": 2.71116995811, "median": 2.66207313538, "min": -0.304524838924, "var": 1.91822600365}, "melbands_spread": {"dmean": 6.13952684402, "dmean2": 9.15041351318, "dvar": 45.8308258057, "dvar2": 104.408508301, "max": 168.119781494, "mean": 28.5148525238, "median": 18.0818443298, "min": 1.87724113464, "var": 1112.65771484}, "pitch_salience": {"dmean": 0.0614122599363, "dmean2": 0.0963270291686, "dvar": 0.00278783356771, "dvar2": 0.00636406801641, "max": 0.940516710281, "mean": 0.545722067356, "median": 0.53993588686, "min": 0.130531266332, "var": 0.0146911833435}, "silence_rate_20dB": {"dmean": 0.00132450333331, "dmean2": 0.00265076220967, "dvar": 0.0013227541931, "dvar2": 0.00396913615987, "max": 1, "mean": 0.999338209629, "median": 1, "min": 0, "var": 0.000661372148897}, "silence_rate_30dB": {"dmean": 0.0172185432166, "dmean2": 0.0344599075615, "dvar": 0.0169219523668, "dvar2": 0.0332723408937, "max": 1, "mean": 0.967571139336, "median": 1, "min": 0, "var": 0.031377337873}, "silence_rate_60dB": {"dmean": 0.00927152298391, "dmean2": 0.0185553338379, "dvar": 0.00918544176966, "dvar2": 0.0195372588933, "max": 1, "mean": 0.14295168221, "median": 0, "min": 0, "var": 0.122513242066}, "spectral_centroid": {"dmean": 245.940673828, "dmean2": 363.946624756, "dvar": 104998.875, "dvar2": 182599.125, "max": 11779.3955078, "mean": 2016.46472168, "median": 1165.3717041, "min": 240.441925049, "var": 7851355}, "spectral_complexity": {"dmean": 2.40132451057, "dmean2": 3.54274344444, "dvar": 5.86679172516, "dvar2": 11.6543865204, "max": 37, "mean": 15.0443410873, "median": 16, "min": 0, "var": 64.8407211304}, "spectral_decrease": {"dmean": 2.03402517052e-09, "dmean2": 2.7219329013e-09, "dvar": 1.8438580464e-17, "dvar2": 3.39362228305e-17, "max": 1.10344570953e-21, "mean": -6.18778761563e-09, "median": -3.79338915835e-09, "min": -8.54454569321e-08, "var": 7.59035620806e-17}, "spectral_energy": {"dmean": 0.00790524389595, "dmean2": 0.0105712786317, "dvar": 0.00027010429767, "dvar2": 0.000498044653796, "max": 0.329422533512, "mean": 0.0247958730906, "median": 0.0156260468066, "min": 9.87121880883e-21, "var": 0.00113788829185}, "spectral_energyband_high": {"dmean": 0.000241141227889, "dmean2": 0.00032570696203, "dvar": 2.27166253808e-07, "dvar2": 4.66578995884e-07, "max": 0.00724842678756, "mean": 0.000584814464673, "median": 0.000240160981775, "min": 6.81623239593e-21, "var": 6.67364304263e-07}, "spectral_energyband_low": {"dmean": 0.00404518423602, "dmean2": 0.00537698576227, "dvar": 0.000159691786394, "dvar2": 0.000263307156274, "max": 0.282655447721, "mean": 0.0086749009788, "median": 0.000806893105619, "min": 1.17211351435e-23, "var": 0.000608881062362}, "spectral_energyband_middle_high": {"dmean": 0.000931855698582, "dmean2": 0.00139877002221, "dvar": 1.63339268511e-06, "dvar2": 3.99743430535e-06, "max": 0.0243859123439, "mean": 0.00320091843605, "median": 0.00238848756999, "min": 1.01550849403e-21, "var": 9.86799750535e-06}, "spectral_energyband_middle_low": {"dmean": 0.00520042469725, "dmean2": 0.00728538166732, "dvar": 0.00012015862012, "dvar2": 0.000275982252788, "max": 0.287063866854, "mean": 0.0137178087607, "median": 0.0103612272069, "min": 1.45708793864e-22, "var": 0.000290575320832}, "spectral_entropy": {"dmean": 0.141089051962, "dmean2": 0.183472588658, "dvar": 0.0187522564083, "dvar2": 0.0293313842267, "max": 9.81946659088, "mean": 7.63555335999, "median": 7.48375654221, "min": 6.10458135605, "var": 0.534695863724}, "spectral_flux": {"dmean": 0.0161063652486, "dmean2": 0.0268115382642, "dvar": 0.000488957157359, "dvar2": 0.00133931846358, "max": 0.398630648851, "mean": 0.0615149699152, "median": 0.0583397820592, "min": 6.39867811514e-11, "var": 0.0016204706626}, "spectral_kurtosis": {"dmean": 1.25168251991, "dmean2": 2.12004470825, "dvar": 2.62954497337, "dvar2": 7.08815383911, "max": 26.8443088531, "mean": 4.27762031555, "median": 4.01599645615, "min": -1.26875638962, "var": 9.18655872345}, "spectral_rms": {"dmean": 0.000646971690003, "dmean2": 0.000832528923638, "dvar": 7.05043476046e-07, "dvar2": 1.19770618312e-06, "max": 0.0179272927344, "mean": 0.00413117930293, "median": 0.00390447489917, "min": 3.10329778368e-12, "var": 7.12447172191e-06}, "spectral_rolloff": {"dmean": 531.585449219, "dmean2": 856.00604248, "dvar": 937842.625, "dvar2": 2069718.625, "max": 19552.1484375, "mean": 2852.72363281, "median": 1055.12695312, "min": 107.666015625, "var": 25424786}, "spectral_skewness": {"dmean": 0.161133363843, "dmean2": 0.266396015882, "dvar": 0.0281257927418, "dvar2": 0.0697074308991, "max": 3.6056637764, "mean": 1.45501255989, "median": 1.52063190937, "min": -0.0917769521475, "var": 0.293283343315}, "spectral_spread": {"dmean": 513036, "dmean2": 781115.3125, "dvar": 1570962145280.0, "dvar2": 2827746803710.0, "max": 42933864, "mean": 7467855, "median": 4377214.5, "min": 1584739.375, "var": 104645468881000.0}, "spectral_strongpeak": {"dmean": 0.352616459131, "dmean2": 0.56728297472, "dvar": 0.249279677868, "dvar2": 0.651953160763, "max": 8.10676002502, "mean": 0.798913121223, "median": 0.662212908268, "min": 0, "var": 0.486831337214}, "zerocrossingrate": {"dmean": 0.0132586145774, "dmean2": 0.0154224392027, "dvar": 0.00034400052391, "dvar2": 0.000562194501981, "max": 0.52978515625, "mean": 0.100524865091, "median": 0.0595703125, "min": 0.005859375, "var": 0.0164424143732}, "barkbands": {"dmean": [4.61017208409e-07, 0.00186867790762, 0.00194220559206, 0.00200875732116, 0.00183918536641, 0.00178440182935, 0.000970248016529, 0.000540795968845, 0.00029009571881, 0.000340422993759, 0.000269589188974, 0.000118253650726, 0.000165813369676, 0.000198840061785, 0.000263439549599, 0.000168423430296, 0.000251546531217, 0.000121202647279, 0.000162922995514, 7.6993033872e-05, 5.17605840287e-05, 4.24016725447e-05, 3.64392180927e-05, 3.9128393837e-05, 6.81526144035e-05, 3.51597991539e-05, 1.36659919008e-05], "dmean2": [5.44515557976e-07, 0.0023819275666, 0.00271595129743, 0.00307634007186, 0.00273526506498, 0.00244381418452, 0.00139775651041, 0.000773377425503, 0.000443759694463, 0.000535916246008, 0.000423832738306, 0.000196580818738, 0.000258671381744, 0.000335637305398, 0.000452326174127, 0.000283819274046, 0.000418756331783, 0.000196630324353, 0.000261298555415, 0.000126579921925, 7.6884032751e-05, 6.58721546642e-05, 5.6828615925e-05, 5.78998842684e-05, 8.94513214007e-05, 4.91667924507e-05, 1.73495500349e-05], "dvar": [3.13206947357e-12, 4.95517342642e-05, 4.53129941889e-05, 6.85120903654e-05, 1.12491125037e-05, 6.52374819765e-06, 3.53463951797e-06, 1.2535380165e-06, 3.07349466766e-07, 3.39200454391e-07, 3.42005193943e-07, 1.48232757624e-07, 1.2390607651e-07, 1.24188005657e-07, 2.29016492881e-07, 9.87454882306e-08, 2.21486473606e-07, 3.66030015186e-08, 8.29844637451e-08, 1.95512672718e-08, 1.09020517058e-08, 6.90859058849e-09, 1.03163415588e-08, 1.09520614799e-08, 4.28615827275e-08, 1.41063969394e-08, 2.53827381336e-09], "dvar2": [3.14073246577e-12, 7.7044707723e-05, 8.55495891301e-05, 0.000155278365128, 2.90854750347e-05, 1.14727781693e-05, 5.65445725442e-06, 2.6119037102e-06, 6.4930412691e-07, 8.29741225061e-07, 7.68428662923e-07, 3.47362117736e-07, 2.7312387374e-07, 3.53034295131e-07, 6.5902543156e-07, 2.74107577525e-07, 6.57257999137e-07, 9.35250241696e-08, 2.1628945035e-07, 5.19702894053e-08, 2.42429862851e-08, 1.65177596045e-08, 2.35044268493e-08, 2.24089298229e-08, 8.88484947836e-08, 2.50965239701e-08, 5.14988007794e-09], "max": [6.60964215058e-05, 0.220163628459, 0.154363378882, 0.215584129095, 0.0484370104969, 0.0589642561972, 0.060836777091, 0.0196477510035, 0.00932004116476, 0.00871250685304, 0.0161129198968, 0.00994348246604, 0.00722474092618, 0.00393272656947, 0.00723555032164, 0.00649109482765, 0.00869069620967, 0.00215763831511, 0.00344678945839, 0.00201445538551, 0.00175378564745, 0.00152372627053, 0.00180091755465, 0.00191953941248, 0.00360046932474, 0.00208808598109, 0.00115747039672], "mean": [1.30910518692e-06, 0.0039653419517, 0.00350319757126, 0.00296448427252, 0.0033269112464, 0.0038768616505, 0.00174191710539, 0.000926758686546, 0.000523820926901, 0.000525573443156, 0.000418378011091, 0.000184954988072, 0.000252239784459, 0.000316107383696, 0.000396068644477, 0.000267144758254, 0.00040773206274, 0.000227281387197, 0.000282492401311, 0.000151445652591, 0.000108564840048, 9.31611066335e-05, 7.53375497879e-05, 7.76576271164e-05, 9.96614689939e-05, 5.76261336391e-05, 2.38711672864e-05], "median": [3.51832483148e-08, 7.21703618183e-05, 0.000191733721294, 0.000613340293057, 0.00180684402585, 0.00233178259805, 0.000703187251929, 0.000375139148673, 0.000211653023143, 0.000240213397774, 0.000159023140441, 6.97437353665e-05, 9.05799461179e-05, 0.000150877109263, 0.000207418954233, 0.000145381578477, 0.000226305797696, 0.000126540573547, 0.000154779991135, 8.05444215075e-05, 4.85433229187e-05, 4.51326341135e-05, 2.09266418096e-05, 1.93289524759e-05, 1.44519653986e-05, 7.14298903404e-06, 8.32307364362e-07], "min": [2.00092990887e-25, 9.9150201544e-25, 9.36912150545e-25, 8.46853423023e-25, 9.27691115981e-24, 6.28157395939e-24, 9.42970878399e-24, 6.31602075411e-24, 1.57428001031e-23, 1.23891583352e-23, 1.29992996469e-23, 1.95017491378e-23, 2.0498506446e-23, 1.73309411884e-23, 3.60966878348e-23, 4.84465482752e-23, 5.33181114637e-23, 5.80236920069e-23, 6.97740781128e-23, 1.70614760851e-22, 2.39969543615e-22, 3.27663386051e-22, 3.78305933759e-22, 5.13758627088e-22, 8.48860883122e-22, 1.18294481439e-21, 1.89875896684e-21], "var": [2.98911728702e-11, 0.000224245668505, 0.000113632471766, 0.000134424248245, 2.10098951356e-05, 2.63163783529e-05, 1.12042898763e-05, 2.81739448837e-06, 9.90370949694e-07, 6.53664301353e-07, 6.42560337383e-07, 3.0385498917e-07, 2.46635636358e-07, 2.42842332909e-07, 3.59315464493e-07, 1.41885180938e-07, 3.66599039126e-07, 9.07870969513e-08, 1.57511550469e-07, 4.31000515277e-08, 2.74555880253e-08, 1.74373457895e-08, 2.36311397117e-08, 2.33560122354e-08, 6.72204407692e-08, 2.85986754278e-08, 5.63136470788e-09]}, "erbbands": {"dmean": [0.0129798296839, 0.558090984821, 2.40324020386, 3.77359294891, 8.57646942139, 4.55303049088, 8.78416061401, 15.1980218887, 15.2673120499, 15.655960083, 10.6029396057, 8.01063156128, 11.3359880447, 6.27257204056, 9.37300872803, 6.23936700821, 7.73037385941, 9.54683208466, 8.45027446747, 16.822145462, 9.98792743683, 9.4207239151, 6.56334447861, 9.66665172577, 4.85365581512, 4.23088359833, 1.8986222744, 1.99397671223, 1.71762824059, 1.19816219807, 1.07678186893, 0.907393157482, 0.628971517086, 0.697057187557, 0.45224443078, 0.139184311032, 0.0671166107059, 0.0122954500839, 0.00249851238914, 0.000146397491335], "dmean2": [0.0167078766972, 0.717053711414, 3.29992413521, 5.6007809639, 13.4391746521, 6.31200885773, 12.2853384018, 20.692905426, 21.2180461884, 23.0041542053, 15.4061555862, 12.1346378326, 17.7199287415, 9.90315246582, 14.7808008194, 10.2751398087, 11.8912696838, 15.9766206741, 14.1762170792, 28.7709751129, 16.5086135864, 15.5444049835, 10.6241149902, 15.5451669693, 7.83960819244, 6.9012055397, 2.97615408897, 2.94763588905, 2.71769380569, 1.79242479801, 1.68631279469, 1.38369393349, 0.888342618942, 0.956450402737, 0.581748723984, 0.193662956357, 0.0954337865114, 0.0162865500897, 0.00321235088632, 0.000189737111214], "dvar": [0.00263564172201, 4.28800725937, 72.8293151855, 180.483337402, 575.587524414, 73.0158081055, 215.48677063, 591.789306641, 768.695007324, 1094.09863281, 655.827087402, 236.73526001, 385.114044189, 187.355377197, 379.110229492, 372.359466553, 271.102264404, 304.191894531, 293.860748291, 1156.35693359, 359.515563965, 228.422439575, 112.228981018, 349.743286133, 102.43144989, 60.1177864075, 12.1002473831, 21.4255504608, 12.0073108673, 6.80747079849, 6.77902841568, 6.3124461174, 2.88628196716, 3.67601156235, 2.39573812485, 0.227397710085, 0.0628448203206, 0.00222400645725, 0.000173870139406, 2.50663561019e-07], "dvar2": [0.00456461310387, 6.74822616577, 132.423217773, 416.039642334, 1504.3092041, 143.79447937, 464.68057251, 937.711242676, 1245.45532227, 1980.95324707, 1396.1385498, 502.100158691, 951.720092773, 458.58972168, 846.948364258, 872.703308105, 581.823364258, 856.539245605, 807.7265625, 3348.77539062, 1094.63952637, 636.665405273, 283.41003418, 912.952392578, 260.267028809, 157.071685791, 30.2630653381, 46.3190689087, 31.5810623169, 13.0070991516, 15.0995044708, 14.2926397324, 5.63573122025, 7.78101444244, 4.91133737564, 0.426126629114, 0.112176589668, 0.00459926156327, 0.000338072917657, 4.82036398353e-07], "max": [1.59770047665, 61.6369934082, 201.025497437, 333.013519287, 581.26739502, 127.032875061, 245.971557617, 726.03326416, 898.98425293, 526.881286621, 424.651885986, 270.23916626, 303.35848999, 324.50402832, 521.035766602, 496.237304688, 364.615661621, 222.671173096, 417.946777344, 551.726135254, 385.525054932, 215.701980591, 144.817855835, 251.092758179, 178.985626221, 122.16960144, 70.3866195679, 90.1688461304, 69.7608261108, 60.2669410706, 41.5550193787, 28.0546321869, 30.7550621033, 27.2981472015, 28.2316875458, 9.46025276184, 4.94649457932, 0.735233008862, 0.38178601861, 0.00656708050519], "mean": [0.0294247213751, 1.17581307888, 4.59689474106, 6.30896043777, 12.2662353516, 9.42478084564, 18.6294174194, 32.2776260376, 26.5610237122, 27.5217113495, 18.8164291382, 15.0213317871, 18.6467781067, 10.7046823502, 15.0916624069, 10.4815073013, 12.4898777008, 15.9760169983, 14.3937234879, 25.3198451996, 17.6041851044, 17.1977081299, 13.5596551895, 16.9319591522, 10.0901432037, 8.2788066864, 4.25656652451, 4.13243675232, 3.64479017258, 2.57908272743, 2.23041963577, 1.66142916679, 1.21608388424, 1.06746721268, 0.644407987595, 0.239648163319, 0.108025036752, 0.0184703823179, 0.00452165212482, 0.00026771807461], "median": [0.000750849896576, 0.0248625148088, 0.221088930964, 1.62529885769, 4.35753059387, 4.26466989517, 9.8263759613, 16.7885875702, 13.026517868, 7.24470376968, 8.66533374786, 6.22470283508, 9.47314453125, 5.07750082016, 6.42376470566, 4.9746055603, 5.04982233047, 8.18870735168, 7.74352121353, 12.4941596985, 11.0375099182, 10.2138128281, 8.05422210693, 9.09733581543, 5.73625326157, 4.21130084991, 2.30383753777, 1.74090600014, 1.75975477695, 1.02191126347, 0.698162317276, 0.417238593102, 0.298996686935, 0.190800204873, 0.086115270853, 0.0406287312508, 0.00940441340208, 0.00159728899598, 0.000165587058291, 3.94131493522e-05], "min": [5.19398925762e-23, 3.53132965755e-22, 1.7333824191e-21, 5.83920607671e-21, 1.12011636751e-20, 2.38700026352e-20, 5.72814043893e-20, 7.19735408602e-20, 1.19976873909e-19, 9.90721134368e-20, 2.2511448952e-19, 3.45927035567e-19, 3.4560694252e-19, 5.67322495204e-19, 9.84248458999e-19, 1.03055309911e-18, 1.26823042003e-18, 1.64328817184e-18, 2.25032086821e-18, 2.51815781465e-18, 3.68187561865e-18, 3.31225864733e-18, 3.89135455929e-18, 5.17873586487e-18, 5.65793193347e-18, 8.18149620061e-18, 8.61498764525e-18, 8.41361962411e-18, 1.04763913505e-17, 1.06162270602e-17, 1.10506416384e-17, 9.91169996172e-18, 7.27637035894e-18, 6.31929219812e-18, 5.96108163386e-18, 4.49001370633e-18, 2.05697753299e-18, 9.77575179407e-19, 2.28608733072e-19, 2.66030994676e-20], "var": [0.0117260059342, 18.6074066162, 200.11076355, 372.298156738, 839.675720215, 222.640594482, 678.695617676, 2502.29858398, 2261.12695312, 3283.78881836, 1265.17578125, 766.433166504, 758.663391113, 364.333679199, 709.832336426, 761.874023438, 564.036193848, 636.42376709, 532.6953125, 1643.66137695, 532.267883301, 490.000854492, 292.658081055, 598.707092285, 247.319229126, 138.796356201, 35.2023773193, 47.9198646545, 24.0829925537, 20.140039444, 16.526512146, 11.418762207, 6.1035323143, 5.98494243622, 3.6839966774, 0.464372724295, 0.116452284157, 0.00341195985675, 0.000418175506638, 5.08379514486e-07]}, "gfcc": {"mean": [-110.315750122, 74.8452682495, -107.719787598, 18.6565799713, -56.7393035889, -8.41701602936, -46.0279197693, 0.0244869329035, -24.9977798462, -3.56567597389, -17.4221076965, -3.06065058708, -11.6873950958], "cov": [[114113.390625, 6198.92871094, -10424.7978516, 1713.76867676, -5467.50976562, -485.13494873, -5014.54052734, -42.0275001526, -2628.97314453, -356.467895508, -2004.03771973, -267.063568115, -1195.89208984], [6198.92871094, 1811.78747559, -859.226745605, 426.957824707, -255.860351562, -21.0340690613, -185.875595093, 59.0744094849, -72.4087753296, -65.9180145264, -38.5683250427, -37.6112594604, -54.882648468], [-10424.7978516, -859.226745605, 1536.34997559, -60.0114097595, 712.351379395, 228.038696289, 574.811462402, 75.9920043945, 304.160308838, 89.5838088989, 193.397872925, 30.1071243286, 119.033691406], [1713.76867676, 426.957824707, -60.0114097595, 378.729248047, -14.3148260117, 142.06237793, 14.6955451965, 96.7312393188, 20.1261310577, 31.0006828308, 11.2481117249, -3.36517333984, -13.1106777191], [-5467.50976562, -255.860351562, 712.351379395, -14.3148260117, 489.802734375, 117.554168701, 305.892120361, 29.779920578, 171.427688599, 24.0282821655, 109.817504883, 9.680560112, 68.4925537109], [-485.13494873, -21.0340690613, 228.038696289, 142.06237793, 117.554168701, 193.667419434, 106.695526123, 70.95287323, 45.848197937, 41.2892341614, 25.8296146393, 8.96556854248, 12.1765909195], [-5014.54052734, -185.875595093, 574.811462402, 14.6955451965, 305.892120361, 106.695526123, 336.231903076, 53.7305717468, 168.047302246, 37.3241271973, 110.221801758, 16.759727478, 57.0251312256], [-42.0275001526, 59.0744094849, 75.9920043945, 96.7312393188, 29.779920578, 70.95287323, 53.7305717468, 110.50920105, 38.4530754089, 37.9995803833, 19.3299713135, 11.6459665298, 5.60187673569], [-2628.97314453, -72.4087753296, 304.160308838, 20.1261310577, 171.427688599, 45.848197937, 168.047302246, 38.4530754089, 148.663742065, 34.3086547852, 74.8671798706, 8.25811195374, 35.2071762085], [-356.467895508, -65.9180145264, 89.5838088989, 31.0006828308, 24.0282821655, 41.2892341614, 37.3241271973, 37.9995803833, 34.3086547852, 75.3402862549, 27.3268127441, 15.583065033, 3.47251224518], [-2004.03771973, -38.5683250427, 193.397872925, 11.2481117249, 109.817504883, 25.8296146393, 110.221801758, 19.3299713135, 74.8671798706, 27.3268127441, 102.240707397, 20.2453250885, 34.3840789795], [-267.063568115, -37.6112594604, 30.1071243286, -3.36517333984, 9.680560112, 8.96556854248, 16.759727478, 11.6459665298, 8.25811195374, 15.583065033, 20.2453250885, 61.2843971252, 15.3986845016], [-1195.89208984, -54.882648468, 119.033691406, -13.1106777191, 68.4925537109, 12.1765909195, 57.0251312256, 5.60187673569, 35.2071762085, 3.47251224518, 34.3840789795, 15.3986845016, 59.5316429138]], "icov": [[5.31455007149e-05, -4.67234422104e-05, 0.000106595522084, -4.83668227389e-05, 0.000103793187009, -0.000299850507872, 0.000519598776009, -9.22154504224e-05, -2.88088449452e-05, -4.76925088151e-05, 0.000244243594352, -5.0415390433e-05, 0.000145401907503], [-4.67234422104e-05, 0.00144513067789, 0.00121217325795, -0.00155005033594, -0.000905218359549, 0.000938169541769, -0.00115138466936, -0.000257998908637, -0.000163681484992, 0.000949484587181, -0.000652731745504, 0.00038780880277, -7.65578370192e-05], [0.000106595522084, 0.00121217325795, 0.00441222265363, -0.000611823867075, -0.00299776671454, -0.00113063992467, -0.00198575551622, -0.000326491048327, -0.000345013220794, -0.000774460553657, 0.000416548107751, 0.000402463600039, -0.000180497881956], [-4.83668227389e-05, -0.00155005033594, -0.000611823867075, 0.00683770189062, 0.000935022311751, -0.00449615251273, 0.000745633966289, -0.0019975733012, -0.000924471125472, -0.000222831862629, -0.00101324170828, 0.00055281992536, 0.00064817146631], [0.000103793187009, -0.000905218359549, -0.00299776671454, 0.000935022311751, 0.00827842112631, -0.00237332819961, 0.00019134786271, 0.00108247471508, -0.00207614945248, 0.00191690365318, -0.000257462932495, 0.000248915923294, -0.000673414266203], [-0.000299850507872, 0.000938169541769, -0.00113063992467, -0.00449615251273, -0.00237332819961, 0.0139049263671, -0.00524513004348, -0.00208443566225, 0.00345931900665, -0.00237019266933, 0.000663348706439, -6.88988802722e-05, -0.0010540834628], [0.000519598776009, -0.00115138466936, -0.00198575551622, 0.000745633966289, 0.00019134786271, -0.00524513004348, 0.0184928160161, -0.00228653126396, -0.00654683867469, 0.00175367854536, -0.000925124972127, -0.000923301908188, 0.00140747532714], [-9.22154504224e-05, -0.000257998908637, -0.000326491048327, -0.0019975733012, 0.00108247471508, -0.00208443566225, -0.00228653126396, 0.0155595643446, -0.00214562774636, -0.0044580497779, 0.00111024838407, -0.00147494068369, -0.000701127108186], [-2.88088449452e-05, -0.000163681484992, -0.000345013220794, -0.000924471125472, -0.00207614945248, 0.00345931900665, -0.00654683867469, -0.00214562774636, 0.0195530541241, -0.00415741978213, -0.0041516260244, 0.00209729094058, -0.00155501661357], [-4.76925088151e-05, 0.000949484587181, -0.000774460553657, -0.000222831862629, 0.00191690365318, -0.00237019266933, 0.00175367854536, -0.0044580497779, -0.00415741978213, 0.0209807530046, -0.00462850974873, -0.00286622275598, 0.00308534549549], [0.000244243594352, -0.000652731745504, 0.000416548107751, -0.00101324170828, -0.000257462932495, 0.000663348706439, -0.000925124972127, 0.00111024838407, -0.0041516260244, -0.00462850974873, 0.0209849104285, -0.00374248507433, -0.00423618825153], [-5.0415390433e-05, 0.00038780880277, 0.000402463600039, 0.00055281992536, 0.000248915923294, -6.88988802722e-05, -0.000923301908188, -0.00147494068369, 0.00209729094058, -0.00286622275598, -0.00374248507433, 0.0194955505431, -0.00454166857526], [0.000145401907503, -7.65578370192e-05, -0.000180497881956, 0.00064817146631, -0.000673414266203, -0.0010540834628, 0.00140747532714, -0.000701127108186, -0.00155501661357, 0.00308534549549, -0.00423618825153, -0.00454166857526, 0.0242210477591]]}, "melbands": {"dmean": [0.000305112858769, 0.00108703831211, 0.000833583530039, 0.000446513091447, 0.000282423658064, 0.000354399206117, 0.00022341820295, 0.000156377922394, 8.13339356682e-05, 4.6337434469e-05, 5.62857821933e-05, 2.43850026891e-05, 3.91421417589e-05, 1.51388585437e-05, 1.63975473697e-05, 1.49346578837e-05, 2.07472439797e-05, 1.47842956721e-05, 1.66110949067e-05, 1.97933004529e-05, 1.41950495163e-05, 1.19439755508e-05, 8.51554159453e-06, 7.29111434339e-06, 8.73854514793e-06, 4.86215276396e-06, 2.7800076623e-06, 2.73572345577e-06, 1.26479324081e-06, 1.30103455831e-06, 1.37064876071e-06, 9.88991814665e-07, 8.80747847987e-07, 7.42701047329e-07, 8.5685923068e-07, 2.62651610683e-07, 7.87627925547e-07, 4.90508625717e-07, 3.79061390277e-07, 7.69037399095e-07], "dmean2": [0.000390389730455, 0.00146572384983, 0.00127272622194, 0.000682230805978, 0.000390133995097, 0.000481865805341, 0.000309734459734, 0.000229041193961, 0.00011886293214, 7.07100334694e-05, 8.83070169948e-05, 3.86413557862e-05, 6.14909586147e-05, 2.53978341789e-05, 2.58851268882e-05, 2.34220751736e-05, 3.49117653968e-05, 2.47804582614e-05, 2.83310073428e-05, 3.38319478033e-05, 2.38836710196e-05, 1.98311336135e-05, 1.42633907672e-05, 1.18474172268e-05, 1.41049686135e-05, 7.86995587987e-06, 4.40616395281e-06, 4.54577457276e-06, 2.04629873224e-06, 2.07184598366e-06, 2.05706965062e-06, 1.60131298799e-06, 1.36574738008e-06, 1.14610816127e-06, 1.34841502586e-06, 4.05024366046e-07, 1.20564357076e-06, 6.88474187882e-07, 5.54745838599e-07, 1.04257458133e-06], "dvar": [1.3823930658e-06, 1.48455437738e-05, 8.41140899865e-06, 9.2629630899e-07, 2.05765118722e-07, 2.81173441863e-07, 1.65525221973e-07, 9.89004789176e-08, 3.65846375416e-08, 8.88677309518e-09, 9.52133216714e-09, 3.36485905805e-09, 7.6509376612e-09, 2.02492866919e-09, 1.12822329257e-09, 1.15500331521e-09, 1.53884394116e-09, 7.57037321719e-10, 9.10506836593e-10, 1.51613499533e-09, 9.5037844261e-10, 4.19237672356e-10, 3.11033504508e-10, 1.60446739228e-10, 3.25048599148e-10, 1.20060794639e-10, 1.87295318144e-11, 2.54507317998e-11, 8.25591765091e-12, 1.10848040816e-11, 1.52798208114e-11, 5.57237199092e-12, 2.52660175767e-12, 4.26662698227e-12, 5.02985153528e-12, 3.51657152833e-13, 6.37064446335e-12, 2.60606250121e-12, 1.14831061326e-12, 5.68135902906e-12], "dvar2": [2.18880995817e-06, 2.56314542639e-05, 1.9946743123e-05, 2.40036911237e-06, 4.40808435087e-07, 4.64445946591e-07, 2.61771390342e-07, 1.82146223437e-07, 7.92617527168e-08, 1.85789321705e-08, 2.35292532125e-08, 8.180997213e-09, 1.70608238648e-08, 4.73444128346e-09, 2.49375209371e-09, 2.68610045318e-09, 4.35396696474e-09, 2.0541741641e-09, 2.65666089128e-09, 4.35033209456e-09, 2.949452238e-09, 1.20206633536e-09, 8.16224865474e-10, 4.1471157064e-10, 8.50649828354e-10, 3.1643801468e-10, 4.75402391065e-11, 6.89531418074e-11, 2.14815110144e-11, 2.7754538251e-11, 3.18733373028e-11, 1.53886330762e-11, 5.15653839073e-12, 9.39924093418e-12, 1.1601587746e-11, 6.83863556061e-13, 1.4285132105e-11, 4.89923943428e-12, 2.58772235411e-12, 1.18172034658e-11], "max": [0.0377589687705, 0.0861467123032, 0.0751005336642, 0.0199510063976, 0.00692344550043, 0.0141205843538, 0.0140437157825, 0.00482399202883, 0.00322469230741, 0.00183082779404, 0.00150616490282, 0.00142946070991, 0.00244983402081, 0.00116736488417, 0.000653147115372, 0.000807773438282, 0.000467385310913, 0.000619586789981, 0.000432532513514, 0.000615393335465, 0.00066341861384, 0.000347304914612, 0.000263564550551, 0.000166243116837, 0.000236755091464, 0.000203203904675, 6.59659926896e-05, 7.07277213223e-05, 7.05647908035e-05, 6.91986497259e-05, 8.15165476524e-05, 5.42784946447e-05, 3.81357021979e-05, 3.65600390069e-05, 3.86009851354e-05, 1.29116924654e-05, 2.75482980214e-05, 3.6060318962e-05, 1.41431910379e-05, 3.77608921553e-05], "mean": [0.000663603655994, 0.00218463712372, 0.00137388950679, 0.000752261432353, 0.00061997352168, 0.000749839004129, 0.000392912275856, 0.000270874239504, 0.00014047465811, 8.62310480443e-05, 9.00434097275e-05, 3.94137678086e-05, 6.05656132393e-05, 2.38768716372e-05, 2.66696079052e-05, 2.27144555538e-05, 3.2258903957e-05, 2.31016674661e-05, 2.56981638813e-05, 2.89656327368e-05, 2.1936626581e-05, 1.97168210434e-05, 1.42347425935e-05, 1.28319488795e-05, 1.39228668559e-05, 8.40810753289e-06, 5.74229215999e-06, 5.01734120917e-06, 2.50002040048e-06, 2.53318808063e-06, 2.51709366239e-06, 2.02123396775e-06, 1.71799058535e-06, 1.44224281939e-06, 1.6191454506e-06, 5.94506218476e-07, 1.22949097658e-06, 9.04041314698e-07, 6.32766557374e-07, 1.09833058559e-06], "median": [1.22911023936e-05, 7.76988817961e-05, 0.000415827176766, 0.000372137292288, 0.000338308193022, 0.000419701740611, 0.000190607723198, 7.21903488738e-05, 6.46165717626e-05, 3.48935500369e-05, 4.45642726845e-05, 1.65592373378e-05, 2.22168291657e-05, 9.86662871583e-06, 1.19743917821e-05, 9.47189164435e-06, 1.4769646441e-05, 1.12907091534e-05, 1.43489423863e-05, 1.46596621562e-05, 1.24303560369e-05, 1.11375229608e-05, 6.47825163469e-06, 6.58929411657e-06, 6.51963409837e-06, 3.87405953006e-06, 3.2015054785e-06, 2.51940423368e-06, 1.32543641485e-06, 9.99036387839e-07, 9.09804725779e-07, 9.67135974861e-07, 7.56188512696e-07, 4.18401100433e-07, 4.17214408799e-07, 2.33388306015e-07, 2.05384480978e-07, 1.92172407765e-07, 1.5974249834e-07, 1.31134214598e-07], "min": [5.95111440695e-25, 5.05564092254e-25, 9.18468779797e-25, 1.74522419632e-24, 2.25210775705e-24, 1.2775394298e-24, 1.83291456619e-24, 6.96009659398e-25, 1.87904872965e-24, 2.10937619524e-24, 1.52922944591e-24, 1.89260767089e-24, 2.45624247678e-24, 2.09993806615e-24, 1.83482794832e-24, 2.0656048674e-24, 2.37388362334e-24, 2.85408514724e-24, 2.96021888786e-24, 2.81645845421e-24, 4.01953148532e-24, 2.37717238445e-24, 3.47554128812e-24, 2.81039467765e-24, 3.61318962747e-24, 3.43137809363e-24, 3.51799659875e-24, 4.92832449168e-24, 4.20241113682e-24, 4.47997697392e-24, 4.00945418168e-24, 5.19465261075e-24, 4.693827699e-24, 5.45976627846e-24, 5.99827192022e-24, 4.81412622603e-24, 4.47624013981e-24, 4.39349454731e-24, 5.37247132512e-24, 5.15290688051e-24], "var": [6.38925303065e-06, 4.82417090097e-05, 1.59208721016e-05, 1.49662446347e-06, 6.89092360062e-07, 1.15324087346e-06, 5.02746672737e-07, 2.93244852401e-07, 6.97749484857e-08, 2.90750783449e-08, 1.85160438093e-08, 6.37585895191e-09, 1.41792115826e-08, 4.09604128393e-09, 2.30404917367e-09, 2.14394502152e-09, 3.03310243588e-09, 1.34989153189e-09, 1.41036793355e-09, 2.03962779999e-09, 1.20189336261e-09, 7.60954022017e-10, 6.53771370374e-10, 3.74207387299e-10, 5.15830489434e-10, 2.38498720773e-10, 5.23390948637e-11, 5.3009478751e-11, 1.85656039153e-11, 2.39161346977e-11, 3.03353973885e-11, 8.74875866197e-12, 7.0630341853e-12, 9.68525433465e-12, 1.11304576667e-11, 1.13257558713e-12, 9.58582952598e-12, 5.02873003655e-12, 1.83448308627e-12, 9.00251314467e-12]}, "mfcc": {"mean": [-696.548400879, 108.277244568, -5.14794588089, 21.0681171417, 1.78687381744, -8.30895137787, -12.8098773956, -6.57473134995, -7.55578756332, -5.88915538788, -5.77845668793, -8.38189411163, -2.74362587929], "cov": [[26896.4160156, 4672.16210938, -319.785003662, 932.809875488, 300.432250977, -247.204421997, -612.850891113, -308.955047607, -282.503875732, -301.2315979, -314.017028809, -482.369995117, -175.975296021], [4672.16210938, 2050.65039062, -152.22114563, 395.5027771, 87.4862060547, -48.6963768005, -121.83291626, 15.8493490219, -82.0786743164, -35.3845291138, -60.5469169617, -68.0927963257, -30.5619125366], [-319.785003662, -152.22114563, 328.513153076, 86.6310958862, 70.1769104004, 101.413894653, 107.295455933, 76.8955993652, 79.3415756226, 85.9575805664, 60.6779403687, 66.3789291382, 44.053276062], [932.809875488, 395.5027771, 86.6310958862, 224.340438843, 87.3234710693, 55.2809143066, 23.6522922516, 60.4730033875, 18.9301567078, 54.5661010742, 12.8067159653, 21.634393692, 10.8757486343], [300.432250977, 87.4862060547, 70.1769104004, 87.3234710693, 136.660675049, 71.8105545044, 52.5726547241, 47.4374694824, 35.2181129456, 40.0177078247, 25.9974308014, 22.7553634644, 3.6323826313], [-247.204421997, -48.6963768005, 101.413894653, 55.2809143066, 71.8105545044, 139.022644043, 78.7150802612, 64.0581207275, 43.9124755859, 54.0796661377, 34.3527488708, 37.2414512634, 19.7904071808], [-612.850891113, -121.83291626, 107.295455933, 23.6522922516, 52.5726547241, 78.7150802612, 123.097290039, 61.4397354126, 52.1760253906, 50.7166748047, 39.91588974, 44.0869827271, 18.8974971771], [-308.955047607, 15.8493490219, 76.8955993652, 60.4730033875, 47.4374694824, 64.0581207275, 61.4397354126, 116.11971283, 42.4641952515, 56.5219459534, 21.4333782196, 36.7431907654, 23.8122901917], [-282.503875732, -82.0786743164, 79.3415756226, 18.9301567078, 35.2181129456, 43.9124755859, 52.1760253906, 42.4641952515, 93.6141433716, 46.1755027771, 35.6661071777, 29.1332759857, 22.5975379944], [-301.2315979, -35.3845291138, 85.9575805664, 54.5661010742, 40.0177078247, 54.0796661377, 50.7166748047, 56.5219459534, 46.1755027771, 96.884552002, 38.528553009, 44.811920166, 19.6501674652], [-314.017028809, -60.5469169617, 60.6779403687, 12.8067159653, 25.9974308014, 34.3527488708, 39.91588974, 21.4333782196, 35.6661071777, 38.528553009, 72.8612289429, 38.1785240173, 21.0957279205], [-482.369995117, -68.0927963257, 66.3789291382, 21.634393692, 22.7553634644, 37.2414512634, 44.0869827271, 36.7431907654, 29.1332759857, 44.811920166, 38.1785240173, 84.2515335083, 33.0893630981], [-175.975296021, -30.5619125366, 44.053276062, 10.8757486343, 3.6323826313, 19.7904071808, 18.8974971771, 23.8122901917, 22.5975379944, 19.6501674652, 21.0957279205, 33.0893630981, 81.2228240967]], "icov": [[7.83579816925e-05, -0.000146391947055, -0.000118055460916, -5.91910320509e-05, -0.000192570863874, -2.21253194468e-05, 0.000240957131609, 0.000205878066481, -5.50086006115e-05, 5.80873747822e-05, 8.91160016181e-05, 0.000247266405495, -3.84036247851e-05], [-0.000146391947055, 0.0013344688341, 0.00091461482225, -0.00229220627807, 0.000326317211147, 0.000390460016206, -7.30586616555e-05, -0.000590043782722, 0.000302471540635, 0.000596577650867, -0.000372588285245, -0.00010475282761, -1.29674826894e-05], [-0.000118055460916, 0.00091461482225, 0.00598918320611, -0.0027675004676, 0.000647783803288, -0.000756808149163, -0.00255200103857, -6.01654164711e-06, -0.00133285147604, -0.000700528733432, -0.0010227918392, -0.000792969600298, -0.00090950622689], [-5.91910320509e-05, -0.00229220627807, -0.0027675004676, 0.01278141886, -0.00385552668013, -0.000918030738831, 0.00157031661365, -0.00184012402315, 0.00117094861344, -0.00421357899904, 0.00139125459827, -0.000645372609142, -3.57353819709e-05], [-0.000192570863874, 0.000326317211147, 0.000647783803288, -0.00385552668013, 0.0134700275958, -0.00383472861722, -0.00262490496971, -0.000681499601342, -0.00158858112991, 0.000717041140888, -0.00170253729448, -0.000439202209236, 0.00190256722271], [-2.21253194468e-05, 0.000390460016206, -0.000756808149163, -0.000918030738831, -0.00383472861722, 0.0145661644638, -0.00479955645278, -0.00241728383116, 0.000445215729997, -0.00132269086316, -0.000603463791776, 0.000273106066743, -0.000678290671203], [0.000240957131609, -7.30586616555e-05, -0.00255200103857, 0.00157031661365, -0.00262490496971, -0.00479955645278, 0.0190163850784, -0.00347244204022, -0.00257530994713, 0.000403618003475, -0.00181642512325, -0.0017027213471, 0.00133318640292], [0.000205878066481, -0.000590043782722, -6.01654164711e-06, -0.00184012402315, -0.000681499601342, -0.00241728383116, -0.00347244204022, 0.0165469758213, -0.0021828438621, -0.00435057282448, 0.00343258329667, -0.000711225438863, -0.00189201161265], [-5.50086006115e-05, 0.000302471540635, -0.00133285147604, 0.00117094861344, -0.00158858112991, 0.000445215729997, -0.00257530994713, -0.0021828438621, 0.0177397150546, -0.0038522023242, -0.00353910704143, 0.00148618849926, -0.00192734284792], [5.80873747822e-05, 0.000596577650867, -0.000700528733432, -0.00421357899904, 0.000717041140888, -0.00132269086316, 0.000403618003475, -0.00435057282448, -0.0038522023242, 0.0217231251299, -0.00425131712109, -0.00434144586325, 0.00145538174547], [8.91160016181e-05, -0.000372588285245, -0.0010227918392, 0.00139125459827, -0.00170253729448, -0.000603463791776, -0.00181642512325, 0.00343258329667, -0.00353910704143, -0.00425131712109, 0.0224721804261, -0.00521755311638, -0.00163710641209], [0.000247266405495, -0.00010475282761, -0.000792969600298, -0.000645372609142, -0.000439202209236, 0.000273106066743, -0.0017027213471, -0.000711225438863, 0.00148618849926, -0.00434144586325, -0.00521755311638, 0.021369272843, -0.00514307338744], [-3.84036247851e-05, -1.29674826894e-05, -0.00090950622689, -3.57353819709e-05, 0.00190256722271, -0.000678290671203, 0.00133318640292, -0.00189201161265, -0.00192734284792, 0.00145538174547, -0.00163710641209, -0.00514307338744, 0.0157510489225]]}, "spectral_contrast_coeffs": {"dmean": [0.048112437129, 0.0428316630423, 0.0354542024434, 0.0289229024202, 0.021155718714, 0.0141774583608], "dmean2": [0.0755730569363, 0.0671693086624, 0.0578719265759, 0.0475270412862, 0.0340780690312, 0.0224055927247], "dvar": [0.00161160004791, 0.00128444144502, 0.000841768865939, 0.00059116713237, 0.000345032225596, 0.000140630392707], "dvar2": [0.00388316437602, 0.00312022957951, 0.00214910018258, 0.00152632792015, 0.000850909913424, 0.000349009322235], "max": [-0.287473917007, -0.468018680811, -0.570128917694, -0.578412413597, -0.623486697674, -0.667772471905], "mean": [-0.59220802784, -0.709494233131, -0.762459397316, -0.781212866306, -0.782618224621, -0.769184827805], "median": [-0.568373739719, -0.694121062756, -0.752412319183, -0.774793624878, -0.772921442986, -0.751410603523], "min": [-0.982749283314, -0.981836855412, -0.982953190804, -0.97151696682, -0.968079864979, -0.96495115757], "var": [0.0207261405885, 0.0103424862027, 0.00661321124062, 0.00548143591732, 0.00470515852794, 0.00437951972708]}, "spectral_contrast_valleys": {"dmean": [0.428274482489, 0.333495140076, 0.293507605791, 0.275255978107, 0.240771532059, 0.26366224885], "dmean2": [0.681162953377, 0.541061460972, 0.463254213333, 0.399246156216, 0.315043330193, 0.309129238129], "dvar": [0.22228038311, 0.193488076329, 0.177301958203, 0.183466479182, 0.177582085133, 0.146487370133], "dvar2": [0.342555195093, 0.2573