{"lowlevel": {"average_loudness": 0.947793185711, "barkbands_crest": {"dmean": 2.33515048027, "dmean2": 3.72855138779, "dvar": 8.53499984741, "dvar2": 21.6263923645, "max": 25.2030334473, "mean": 16.5710792542, "median": 16.9609222412, "min": 2.73179388046, "var": 26.0380077362}, "barkbands_flatness_db": {"dmean": 0.0399252101779, "dmean2": 0.0535508804023, "dvar": 0.00146504770964, "dvar2": 0.00281772296876, "max": 0.506256341934, "mean": 0.252434372902, "median": 0.2524048388, "min": 0.0279631931335, "var": 0.0072449198924}, "barkbands_kurtosis": {"dmean": 13.8713846207, "dmean2": 20.4192047119, "dvar": 1550.54638672, "dvar2": 2872.53222656, "max": 737.690917969, "mean": 31.7912769318, "median": 12.1704177856, "min": -1.76105082035, "var": 5492.44580078}, "barkbands_skewness": {"dmean": 0.898125648499, "dmean2": 1.31534850597, "dvar": 1.43304622173, "dvar2": 2.84112358093, "max": 22.5143718719, "mean": 3.87070631981, "median": 3.2795214653, "min": -1.78291940689, "var": 9.41425609589}, "barkbands_spread": {"dmean": 3.96572303772, "dmean2": 5.6722817421, "dvar": 32.8992881775, "dvar2": 59.9914665222, "max": 90.4090957642, "mean": 10.5900182724, "median": 8.24925327301, "min": 0.180708691478, "var": 97.520614624}, "dissonance": {"dmean": 0.0210401751101, "dmean2": 0.0344767048955, "dvar": 0.000386895408155, "dvar2": 0.00100106664468, "max": 0.499999940395, "mean": 0.457557380199, "median": 0.464284092188, "min": 0.302814900875, "var": 0.000986361992545}, "dynamic_complexity": 3.78555893898, "erbbands_crest": {"dmean": 1.97705042362, "dmean2": 2.9061434269, "dvar": 3.76304030418, "dvar2": 7.87715911865, "max": 28.4670085907, "mean": 9.06609725952, "median": 8.04092025757, "min": 2.68885016441, "var": 17.3579940796}, "erbbands_flatness_db": {"dmean": 0.0274106748402, "dmean2": 0.0356642492115, "dvar": 0.000714358175173, "dvar2": 0.00131114607211, "max": 0.360029786825, "mean": 0.184827700257, "median": 0.174200043082, "min": 0.0651008933783, "var": 0.00399651192129}, "erbbands_kurtosis": {"dmean": 1.02537465096, "dmean2": 1.54864871502, "dvar": 4.9927444458, "dvar2": 10.1048707962, "max": 28.5689468384, "mean": 0.439527630806, "median": -0.389637708664, "min": -1.82418048382, "var": 9.97065067291}, "erbbands_skewness": {"dmean": 0.377488493919, "dmean2": 0.55029797554, "dvar": 0.19481548667, "dvar2": 0.394496709108, "max": 5.0988445282, "mean": 0.220786005259, "median": 0.0951553210616, "min": -2.91871547699, "var": 0.955411791801}, "erbbands_spread": {"dmean": 10.4406661987, "dmean2": 15.1148500443, "dvar": 166.13961792, "dvar2": 312.418151855, "max": 156.897125244, "mean": 47.008769989, "median": 41.1868934631, "min": 3.04037976265, "var": 654.994384766}, "hfc": {"dmean": 5.67773246765, "dmean2": 8.0440158844, "dvar": 214.090927124, "dvar2": 420.217926025, "max": 167.240341187, "mean": 12.3011512756, "median": 7.05215167999, "min": 0.000128071726067, "var": 329.014526367}, "melbands_crest": {"dmean": 2.54686975479, "dmean2": 3.86099505424, "dvar": 8.54921340942, "dvar2": 21.1984100342, "max": 34.6856079102, "mean": 19.2595615387, "median": 19.5770778656, "min": 4.83865070343, "var": 24.1392021179}, "melbands_flatness_db": {"dmean": 0.0448518060148, "dmean2": 0.0594781711698, "dvar": 0.00182037672494, "dvar2": 0.00344174983911, "max": 0.613365590572, "mean": 0.34933412075, "median": 0.34794446826, "min": 0.0352406539023, "var": 0.0104179792106}, "melbands_kurtosis": {"dmean": 22.7662181854, "dmean2": 33.7449989319, "dvar": 1739.43457031, "dvar2": 3632.07177734, "max": 728.911499023, "mean": 66.8339157104, "median": 35.24817276, "min": -1.40786612034, "var": 10483.0400391}, "melbands_skewness": {"dmean": 1.11932003498, "dmean2": 1.62496244907, "dvar": 1.76602208614, "dvar2": 3.44537568092, "max": 19.9927196503, "mean": 5.51191473007, "median": 5.12935781479, "min": -0.932008445263, "var": 11.2820291519}, "melbands_spread": {"dmean": 3.57685542107, "dmean2": 5.26898097992, "dvar": 54.2852363586, "dvar2": 109.470222473, "max": 126.659477234, "mean": 9.16641712189, "median": 5.41059541702, "min": 0.304634481668, "var": 134.51864624}, "pitch_salience": {"dmean": 0.072443857789, "dmean2": 0.11627381295, "dvar": 0.00754773849621, "dvar2": 0.0186157580465, "max": 0.892276465893, "mean": 0.382128298283, "median": 0.365732461214, "min": 0.0930049046874, "var": 0.0218044556677}, "silence_rate_20dB": {"dmean": 0, "dmean2": 0, "dvar": 0, "dvar2": 0, "max": 1, "mean": 1, "median": 1, "min": 1, "var": 0}, "silence_rate_30dB": {"dmean": 0.0514905154705, "dmean2": 0.103050850332, "dvar": 0.0488405935466, "dvar2": 0.124974399805, "max": 1, "mean": 0.947867274284, "median": 1, "min": 0, "var": 0.0494137406349}, "silence_rate_60dB": {"dmean": 0.0162601619959, "dmean2": 0.0318644084036, "dvar": 0.0159960035235, "dvar2": 0.0335605144501, "max": 1, "mean": 0.0805687233806, "median": 0, "min": 0, "var": 0.0740775987506}, "spectral_centroid": {"dmean": 245.417236328, "dmean2": 357.324493408, "dvar": 93166.734375, "dvar2": 197999.0625, "max": 3675.41235352, "mean": 880.21673584, "median": 782.58380127, "min": 121.451835632, "var": 290410.75}, "spectral_complexity": {"dmean": 3.17750668526, "dmean2": 4.78915262222, "dvar": 31.8387565613, "dvar2": 56.5823059082, "max": 56, "mean": 10.356803894, "median": 8, "min": 0, "var": 73.9345932007}, "spectral_decrease": {"dmean": 3.73148179023e-09, "dmean2": 5.63209390236e-09, "dvar": 2.98867998464e-17, "dvar2": 7.61805021497e-17, "max": -3.05337272156e-15, "mean": -1.21164180911e-08, "median": -1.10298978839e-08, "min": -5.71545548667e-08, "var": 7.5920330686e-17}, "spectral_energy": {"dmean": 0.0145075600594, "dmean2": 0.0218397323042, "dvar": 0.000454248220194, "dvar2": 0.00114988524001, "max": 0.219911858439, "mean": 0.0468458719552, "median": 0.0425664111972, "min": 2.31406378504e-08, "var": 0.00114363979083}, "spectral_energyband_high": {"dmean": 0.000384108658182, "dmean2": 0.000553495599888, "dvar": 1.60422598583e-06, "dvar2": 2.72679699265e-06, "max": 0.0146323237568, "mean": 0.000467102101538, "median": 5.77796345169e-05, "min": 7.86483655979e-10, "var": 2.45218393502e-06}, "spectral_energyband_low": {"dmean": 0.0109055899084, "dmean2": 0.0163278281689, "dvar": 0.000259646942141, "dvar2": 0.000688749249093, "max": 0.156232789159, "mean": 0.0353450998664, "median": 0.032845929265, "min": 7.09166780855e-10, "var": 0.000604879343882}, "spectral_energyband_middle_high": {"dmean": 0.00120833027177, "dmean2": 0.00176206592005, "dvar": 1.00696115624e-05, "dvar2": 2.31051926676e-05, "max": 0.0392936803401, "mean": 0.0027448523324, "median": 0.0013271094067, "min": 6.81426648441e-09, "var": 1.58776638273e-05}, "spectral_energyband_middle_low": {"dmean": 0.00506192119792, "dmean2": 0.00819684192538, "dvar": 0.000154729263159, "dvar2": 0.000364420178812, "max": 0.187139928341, "mean": 0.00922679249197, "median": 0.00371101149358, "min": 3.09202574655e-09, "var": 0.000315508747008}, "spectral_entropy": {"dmean": 0.319260269403, "dmean2": 0.424585819244, "dvar": 0.0995852276683, "dvar2": 0.189257919788, "max": 8.55219364166, "mean": 7.05563545227, "median": 7.10995721817, "min": 4.91157960892, "var": 0.420962661505}, "spectral_flux": {"dmean": 0.0295061282814, "dmean2": 0.0464369803667, "dvar": 0.00183862622362, "dvar2": 0.00387511844747, "max": 0.374616205692, "mean": 0.0707871690392, "median": 0.050348199904, "min": 0.000152120468556, "var": 0.00406617019325}, "spectral_kurtosis": {"dmean": 4.47645139694, "dmean2": 7.04048728943, "dvar": 44.0377540588, "dvar2": 101.649589539, "max": 108.622039795, "mean": 7.51926326752, "median": 4.09028339386, "min": -0.503055334091, "var": 97.3306503296}, "spectral_rms": {"dmean": 0.000957852054853, "dmean2": 0.00139210454654, "dvar": 1.55390364398e-06, "dvar2": 3.63490948985e-06, "max": 0.0146474624053, "mean": 0.0062067382969, "median": 0.00644423812628, "min": 4.75144543088e-06, "var": 7.17976854503e-06}, "spectral_rolloff": {"dmean": 231.539230347, "dmean2": 358.281921387, "dvar": 423307.5, "dvar2": 823709.0625, "max": 11283.3984375, "mean": 499.302429199, "median": 193.798828125, "min": 64.599609375, "var": 789369.5625}, "spectral_skewness": {"dmean": 0.460069358349, "dmean2": 0.68957734108, "dvar": 0.263737529516, "dvar2": 0.614301741123, "max": 8.26916694641, "mean": 1.74412751198, "median": 1.57150793076, "min": -0.00315397279337, "var": 0.876881122589}, "spectral_spread": {"dmean": 718949, "dmean2": 965787.4375, "dvar": 569722601472, "dvar2": 1090901245950.0, "max": 8584470, "mean": 3958450.75, "median": 3863913.5, "min": 873697.0625, "var": 2764163776510.0}, "spectral_strongpeak": {"dmean": 0.183406308293, "dmean2": 0.322288185358, "dvar": 0.0889553576708, "dvar2": 0.217556938529, "max": 4.03870725632, "mean": 0.507960617542, "median": 0.409924983978, "min": 7.61921473895e-05, "var": 0.183315575123}, "zerocrossingrate": {"dmean": 0.00740262167528, "dmean2": 0.0087096132338, "dvar": 0.000111506742542, "dvar2": 0.000126481769257, "max": 0.203125, "mean": 0.0264088418335, "median": 0.01904296875, "min": 0.00244140625, "var": 0.000576207065023}, "barkbands": {"dmean": [0.000333741249051, 0.00941940117627, 0.00250098039396, 0.00146974122617, 0.00324471178465, 0.000436781672761, 0.000228819422773, 0.000327404326526, 0.000292562006507, 0.000205200805794, 0.000287659466267, 0.000209475314477, 0.000142663673614, 0.000154828987434, 0.000240987370489, 8.96968849702e-05, 0.000142255506944, 8.88288122951e-05, 8.24280577945e-05, 9.40813770285e-05, 9.51604524744e-05, 0.000111517736514, 6.14780146861e-05, 5.16737927683e-05, 2.98152044707e-05, 4.72363672088e-06, 7.50143556161e-07], "dmean2": [0.000481725146528, 0.014475684613, 0.00395311880857, 0.00265631987713, 0.00511569157243, 0.000712298380677, 0.000393953756429, 0.000588523747865, 0.000445672223577, 0.000313679658575, 0.000377148535335, 0.000311248470098, 0.000225340001634, 0.00024090068473, 0.000337599078193, 0.000137694150908, 0.000226854652283, 0.000134423171403, 0.000132551926072, 0.000144350342453, 0.000142546923598, 0.000169351158547, 8.64788307808e-05, 7.424269279e-05, 4.25634643761e-05, 7.55674682296e-06, 1.10426765332e-06], "dvar": [5.25412758634e-07, 0.000214286308619, 3.14891658491e-05, 1.54934441525e-05, 8.304095536e-05, 9.8851421626e-07, 9.5986456472e-07, 2.66044276032e-06, 6.49522974072e-07, 3.5130696574e-07, 3.38576796821e-07, 6.63451146465e-07, 1.68094302921e-07, 2.02051268161e-07, 3.14820795211e-07, 5.80798840133e-08, 1.25914169757e-07, 5.24058734186e-08, 6.10320114447e-08, 9.42476745536e-08, 9.26895680209e-08, 1.43324982105e-07, 3.59267104955e-08, 4.91018887772e-08, 1.26841799286e-08, 1.68086822239e-10, 5.87875841757e-12], "dvar2": [1.14129625217e-06, 0.000583152170293, 8.69248251547e-05, 4.58179601992e-05, 0.000180471281055, 2.52338736573e-06, 2.63679021373e-06, 7.61281580708e-06, 1.68666792888e-06, 8.72246346262e-07, 7.44039141409e-07, 1.54984149958e-06, 4.18446148842e-07, 4.72845329114e-07, 5.92265621435e-07, 1.33931735036e-07, 3.12814535164e-07, 1.27454555354e-07, 1.44459789908e-07, 2.18705693555e-07, 1.87750316627e-07, 2.44193017807e-07, 6.2500895126e-08, 7.84464617709e-08, 2.07106065631e-08, 3.85255494173e-10, 1.10405001114e-11], "max": [0.0101109612733, 0.144166275859, 0.0570036247373, 0.038920044899, 0.180229380727, 0.0151171181351, 0.0149687891826, 0.0174714587629, 0.00914068706334, 0.00731334555894, 0.00896616373211, 0.0156935080886, 0.00413441751152, 0.00597872911021, 0.0104742841795, 0.00315136974677, 0.00420948583633, 0.00301862414926, 0.00367348873988, 0.00349066476338, 0.00414586858824, 0.00519035756588, 0.00249684858136, 0.00337429274805, 0.00120681419503, 0.000129691761686, 2.98357335851e-05], "mean": [0.000927667832002, 0.0279098022729, 0.00559154246002, 0.00185276637785, 0.00557274650782, 0.000576457008719, 0.000213979772525, 0.000366705440683, 0.000599645078182, 0.000318611506373, 0.000632963085081, 0.000396696705138, 0.000183894473594, 0.000260140746832, 0.000379266100936, 0.00011487021402, 0.000223065013415, 0.000114741895231, 9.60451943683e-05, 0.000106603227323, 0.000114520647912, 0.000122576078866, 6.80588418618e-05, 6.39753634459e-05, 3.34495925927e-05, 4.43730323241e-06, 7.48717866372e-07], "median": [0.000575094250962, 0.0253613051027, 0.00384792941622, 0.000765469274484, 0.00198145932518, 0.000178918926395, 1.91524504771e-05, 7.85010997788e-05, 0.000195789907593, 7.17637885828e-05, 0.000101524943602, 7.93307481217e-05, 3.72258145944e-05, 6.30687645753e-05, 8.89871298568e-05, 2.56164130406e-05, 4.6015236876e-05, 1.98970901693e-05, 2.32865913858e-05, 1.57635713549e-05, 1.30015214381e-05, 1.37554070534e-05, 8.56793667481e-06, 2.22832409236e-06, 1.1333851262e-06, 2.43040460646e-07, 1.15519078747e-08], "min": [6.64573051538e-13, 7.18370224417e-11, 1.81266765487e-10, 3.84324256447e-12, 6.45604292249e-10, 1.5472291226e-09, 2.45472919769e-10, 4.75997241622e-10, 1.67032762621e-10, 3.98336710838e-11, 1.18037646324e-09, 1.31746635823e-09, 3.09320319358e-10, 1.15355469621e-09, 1.10708997525e-10, 1.97547672665e-10, 1.01155994692e-09, 4.79379314022e-10, 6.24122975523e-10, 5.63314006552e-10, 5.8886104326e-11, 2.26426880717e-11, 2.89024498779e-11, 4.2086951979e-11, 4.42014827517e-11, 4.04261971121e-11, 1.57474693008e-11], "var": [1.04232117337e-06, 0.000423264718847, 3.45367989212e-05, 1.1649372027e-05, 0.000219202411245, 1.83585575542e-06, 6.66708274366e-07, 1.68887765994e-06, 1.14479075819e-06, 4.51495793641e-07, 1.18168122754e-06, 9.69249640548e-07, 1.76268898144e-07, 2.8748993941e-07, 6.34165871816e-07, 7.08357106305e-08, 1.8133621893e-07, 6.44270770067e-08, 6.16469648662e-08, 1.05957141727e-07, 1.24820942915e-07, 2.08222502351e-07, 5.43123483965e-08, 7.81522402349e-08, 1.92557809697e-08, 1.72345374083e-10, 7.69562365222e-12]}, "erbbands": {"dmean": [0.302145212889, 2.16416859627, 3.35824108124, 3.76075673103, 6.99921607971, 13.712231636, 6.39740800858, 2.92166519165, 3.07606863976, 3.90434885025, 8.30865192413, 5.94110918045, 7.3014383316, 10.2436904907, 6.91440868378, 8.3225479126, 7.10218858719, 7.13605976105, 8.28075027466, 10.1063890457, 5.13765335083, 9.12635231018, 5.28903770447, 3.71302103996, 4.94787836075, 4.20312690735, 3.75561547279, 4.34742641449, 4.29407215118, 2.45543813705, 1.65602493286, 1.17951536179, 0.827107667923, 0.486771464348, 0.124615781009, 0.030305750668, 0.00872718635947, 0.00104373553768, 0.000144785662997, 2.25450803555e-05], "dmean2": [0.468671381474, 3.34590697289, 5.06946611404, 6.56211090088, 11.1851673126, 21.855178833, 10.406167984, 4.83502626419, 5.22076225281, 6.87615394592, 14.3167362213, 9.23344707489, 12.0025901794, 13.4329519272, 10.1928958893, 12.6280202866, 10.7938337326, 11.0232028961, 12.1659803391, 14.1480283737, 7.81913518906, 14.5396680832, 7.93379878998, 5.70974445343, 7.96019124985, 6.40637922287, 5.72576189041, 6.4588394165, 6.433406353, 3.56731033325, 2.36207890511, 1.70711565018, 1.15688931942, 0.695970773697, 0.179540023208, 0.0466873571277, 0.0141309276223, 0.00158592755906, 0.0002153882524, 3.27030793414e-05], "dvar": [0.296613663435, 11.175242424, 38.5652275085, 102.273986816, 364.0987854, 2101.02246094, 180.747253418, 58.4297714233, 171.874359131, 278.96182251, 1504.35083008, 272.096588135, 799.198608398, 487.794158936, 331.044769287, 1127.01916504, 389.752532959, 527.792053223, 483.67666626, 495.749420166, 184.012786865, 557.397827148, 153.203033447, 119.985023499, 238.439453125, 190.042175293, 160.262908936, 169.626205444, 215.842758179, 68.8730926514, 26.4726219177, 23.4319114685, 12.46397686, 3.96449017525, 0.160739853978, 0.0100568216294, 0.000433758978033, 7.79315541877e-06, 2.10527787203e-07, 1.63268198961e-09], "dvar2": [0.745035231113, 30.1780853271, 100.940383911, 297.136657715, 856.929260254, 5014.29980469, 432.148986816, 141.194030762, 462.094604492, 789.161682129, 4301.50097656, 704.854309082, 2170.83740234, 1160.32275391, 762.403869629, 2767.71264648, 963.580566406, 1253.4395752, 1172.11877441, 892.93939209, 414.379760742, 1394.6315918, 356.152801514, 284.495025635, 581.395141602, 448.343261719, 343.315612793, 339.179718018, 369.370422363, 113.643302917, 45.6340141296, 39.5588912964, 20.6050167084, 6.50642204285, 0.266718655825, 0.0232432913035, 0.00100893946365, 1.47159626067e-05, 4.13466921145e-07, 3.42171957435e-09], "max": [5.83700561523, 33.7888374329, 54.9479217529, 110.565086365, 371.258056641, 715.802185059, 159.206512451, 147.48614502, 201.395690918, 221.292144775, 473.239196777, 187.886993408, 316.538696289, 340.647827148, 298.917663574, 622.933288574, 215.510009766, 318.65411377, 299.291656494, 408.791778564, 183.216110229, 289.016784668, 138.028564453, 163.565567017, 223.048400879, 160.091629028, 191.459945679, 142.148086548, 212.02684021, 94.717880249, 68.4710845947, 72.1266174316, 51.5392494202, 22.1371631622, 4.60742855072, 1.11965572834, 0.148140758276, 0.0296819824725, 0.00589143903926, 0.000541171408258], "mean": [0.764023959637, 6.22024965286, 8.80352306366, 5.69046926498, 12.1210460663, 20.970123291, 10.7438297272, 3.93996477127, 3.10367059708, 4.12004041672, 12.7501459122, 11.1275615692, 9.58645820618, 23.4624977112, 11.9811420441, 14.8888931274, 11.2391166687, 11.5041418076, 13.4150485992, 16.6037063599, 7.76650905609, 14.451415062, 7.44956541061, 4.52524280548, 5.4007101059, 4.84862375259, 4.35921192169, 5.03422260284, 4.72973155975, 2.85312747955, 1.83155417442, 1.40033686161, 1.0003323555, 0.55066806078, 0.141004368663, 0.0300873145461, 0.00787898525596, 0.00103084894363, 0.000158341499628, 6.00028542976e-05], "median": [0.68332362175, 5.9148645401, 6.59893321991, 3.00410962105, 4.35597038269, 5.88347864151, 4.26792669296, 0.964332938194, 0.29022243619, 0.501978695393, 3.64331245422, 3.69794750214, 2.23814034462, 5.2399263382, 3.06092119217, 3.35333156586, 2.4701230526, 2.42803859711, 5.16275882721, 4.55446386337, 2.30688023567, 2.84359478951, 1.53463602066, 1.06441187859, 1.14143896103, 0.737562537193, 0.631268024445, 0.471279352903, 0.510652661324, 0.321694105864, 0.218097358942, 0.0806120932102, 0.0255750380456, 0.0135668329895, 0.00689602736384, 0.00181538355537, 0.000385669787647, 4.34867215517e-05, 2.77071903838e-05, 5.01998583786e-05], "min": [2.6691120425e-09, 6.31454071254e-08, 2.59667984892e-07, 9.19247753473e-08, 1.70451102122e-07, 2.45854153036e-06, 9.76731917035e-06, 1.22632018247e-05, 5.48777552467e-06, 6.91227387506e-06, 7.59307431508e-06, 4.35973242929e-06, 1.5797307924e-06, 1.57320009748e-05, 4.44592405984e-05, 5.81866515859e-05, 2.30640798691e-05, 5.36835577805e-05, 2.097824472e-05, 5.69557914787e-06, 1.93789146579e-05, 5.75038102397e-05, 1.94689746422e-05, 3.34742253472e-05, 4.49530562037e-05, 2.76299670077e-05, 7.54157190386e-06, 1.66213806096e-06, 9.5948314538e-07, 7.35885237191e-07, 8.3482257196e-07, 7.64792957852e-07, 6.51694961107e-07, 5.1519475619e-07, 3.25878545482e-07, 1.64231806821e-07, 7.12511152301e-08, 3.00091613781e-08, 9.06978936399e-09, 2.56368859475e-09], "var": [0.479290127754, 22.4814052582, 60.5118598938, 81.7424621582, 831.080200195, 4022.80322266, 347.561981201, 128.445846558, 132.114456177, 203.586151123, 1140.95458984, 417.796051025, 654.765136719, 1486.38305664, 531.835083008, 1418.04101562, 506.736114502, 797.045043945, 579.260131836, 1057.45800781, 261.066802979, 774.51953125, 228.350585938, 124.646377563, 230.315826416, 213.487594604, 188.2240448, 239.118972778, 315.876953125, 105.052330017, 39.9455070496, 35.6905822754, 19.4027805328, 5.91581058502, 0.250400573015, 0.0104350764304, 0.000430975225754, 1.02663370853e-05, 2.6202690151e-07, 3.01224067911e-09]}, "gfcc": {"mean": [-76.956741333, 134.366348267, -104.644752502, 50.1976394653, -28.644361496, 20.7518196106, -16.8626499176, -0.0705329999328, -12.8040590286, -9.98184299469, -15.5742864609, -4.43761253357, 0.658953726292], "cov": [[12761.2832031, -2450.10400391, 1322.36706543, 1599.66918945, -589.893676758, 2133.17333984, 359.399475098, 571.626037598, -59.7194061279, 525.066711426, -105.4271698, 527.408813477, 45.9026565552], [-2450.10400391, 2398.58544922, -523.369140625, -704.072509766, 716.036132812, -657.061645508, 171.816436768, -341.567657471, 280.002441406, -338.667419434, 38.434173584, -223.608108521, 31.9811019897], [1322.36706543, -523.369140625, 1683.09606934, 904.646240234, -93.0913391113, 644.545959473, 256.405456543, 82.9562683105, 123.02835083, 211.304977417, 77.5452423096, 51.4582099915, -71.1024551392], [1599.66918945, -704.072509766, 904.646240234, 1117.47143555, 21.6444320679, 559.631774902, 274.16418457, 52.8750953674, 81.7383956909, 117.799057007, 59.50573349, 45.3203849792, -14.9591665268], [-589.893676758, 716.036132812, -93.0913391113, 21.6444320679, 629.821716309, -30.6642036438, 113.263031006, -55.5610809326, 138.912765503, -120.892379761, 4.6238360405, -69.5921020508, -10.700047493], [2133.17333984, -657.061645508, 644.545959473, 559.631774902, -30.6642036438, 800.880004883, 204.979507446, 132.669296265, 82.0099182129, 158.937911987, 17.5838565826, 105.935913086, 3.10938858986], [359.399475098, 171.816436768, 256.405456543, 274.16418457, 113.263031006, 204.979507446, 296.864227295, -3.06318354607, 108.341674805, 23.426864624, 51.9412727356, -13.3499889374, 2.84381079674], [571.626037598, -341.567657471, 82.9562683105, 52.8750953674, -55.5610809326, 132.669296265, -3.06318354607, 205.773529053, -18.2108478546, 72.4389572144, -14.5208692551, 43.0879707336, 0.0439036078751], [-59.7194061279, 280.002441406, 123.02835083, 81.7383956909, 138.912765503, 82.0099182129, 108.341674805, -18.2108478546, 203.77142334, 15.7169532776, 15.8139820099, -39.8206138611, -12.2129793167], [525.066711426, -338.667419434, 211.304977417, 117.799057007, -120.892379761, 158.937911987, 23.426864624, 72.4389572144, 15.7169532776, 166.92010498, 19.1198196411, 21.0750923157, -39.4039306641], [-105.4271698, 38.434173584, 77.5452423096, 59.50573349, 4.6238360405, 17.5838565826, 51.9412727356, -14.5208692551, 15.8139820099, 19.1198196411, 93.6252746582, 10.2923049927, 11.8069763184], [527.408813477, -223.608108521, 51.4582099915, 45.3203849792, -69.5921020508, 105.935913086, -13.3499889374, 43.0879707336, -39.8206138611, 21.0750923157, 10.2923049927, 118.530082703, 34.8653640747], [45.9026565552, 31.9811019897, -71.1024551392, -14.9591665268, -10.700047493, 3.10938858986, 2.84381079674, 0.0439036078751, -12.2129793167, -39.4039306641, 11.8069763184, 34.8653640747, 95.549041748]], "icov": [[0.000211598904571, -0.000347823050106, 0.000211159756873, -0.000417934381403, 0.000327173853293, -0.000622660852969, 0.000252386351349, -0.000346291984897, 0.00034340354614, -0.000367085973267, 0.000430921820225, -0.000540020875633, 0.000192327061086], [-0.000347823050106, 0.00390850193799, -0.00129264220595, 0.00328834285028, -0.00265877414495, 0.00269377115183, -0.00337554397993, 0.00286693847738, -0.00310081220232, 0.00288557889871, -0.00113822275307, 0.00185353460256, -0.00161649973597], [0.000211159756873, -0.00129264220595, 0.00175761105493, -0.00190348154865, 0.00116898550186, -0.00149136746768, 0.00109655037522, -0.000962082820479, 0.00068039575126, -0.00127847865224, 5.77497703489e-05, -0.000869550742209, 0.00135826074984], [-0.000417934381403, 0.00328834285028, -0.00190348154865, 0.00485789682716, -0.00243564834818, 0.00183025572915, -0.00362972705625, 0.00264887907542, -0.00214949296787, 0.00255085038953, -0.00130954931956, 0.00199434021488, -0.00156996853184], [0.000327173853293, -0.00265877414495, 0.00116898550186, -0.00243564834818, 0.00441344548017, -0.00223642657511, 0.00180621980689, -0.00238021858968, 0.000608803529758, 0.000478992791614, 0.000487301353132, -0.000992356566712, 0.00231290259399], [-0.000622660852969, 0.00269377115183, -0.00149136746768, 0.00183025572915, -0.00223642657511, 0.00572628295049, -0.00330683402717, 0.00154918478802, -0.00276282522827, 0.000570373144001, -3.5222266888e-05, -4.53405373264e-05, -0.00186185631901], [0.000252386351349, -0.00337554397993, 0.00109655037522, -0.00362972705625, 0.00180621980689, -0.00330683402717, 0.00910975411534, -0.00239568762481, 0.000847836839966, -0.00191254832316, -0.00167139945552, -0.000154845285579, 0.000878830207512], [-0.000346291984897, 0.00286693847738, -0.000962082820479, 0.00264887907542, -0.00238021858968, 0.00154918478802, -0.00239568762481, 0.00877811107785, -0.00151725567412, -0.000898992177099, 0.000735131499823, 0.000320162333082, -0.00211648200639], [0.00034340354614, -0.00310081220232, 0.00068039575126, -0.00214949296787, 0.000608803529758, -0.00276282522827, 0.000847836839966, -0.00151725567412, 0.0101894969121, -0.00418964866549, 0.00126875762362, 0.000566552451346, 0.000387341773603], [-0.000367085973267, 0.00288557889871, -0.00127847865224, 0.00255085038953, 0.000478992791614, 0.000570373144001, -0.00191254832316, -0.000898992177099, -0.00418964866549, 0.0150272827595, -0.00445581739768, 0.00155396631453, 0.00439615128562], [0.000430921820225, -0.00113822275307, 5.77497703489e-05, -0.00130954931956, 0.000487301353132, -3.5222266888e-05, -0.00167139945552, 0.000735131499823, 0.00126875762362, -0.00445581739768, 0.0147640677169, -0.00313153560273, -0.00224006641656], [-0.000540020875633, 0.00185353460256, -0.000869550742209, 0.00199434021488, -0.000992356566712, -4.53405373264e-05, -0.000154845285579, 0.000320162333082, 0.000566552451346, 0.00155396631453, -0.00313153560273, 0.0149811841547, -0.00516732549295], [0.000192327061086, -0.00161649973597, 0.00135826074984, -0.00156996853184, 0.00231290259399, -0.00186185631901, 0.000878830207512, -0.00211648200639, 0.000387341773603, 0.00439615128562, -0.00224006641656, -0.00516732549295, 0.0159986503422]]}, "melbands": {"dmean": [0.00259682745673, 0.00213436922058, 0.000716090609785, 0.000779826776125, 0.000304916262394, 6.91506429575e-05, 4.66370256618e-05, 4.73930413136e-05, 6.80485682096e-05, 3.69104673155e-05, 3.68168766727e-05, 3.9488888433e-05, 2.96833713946e-05, 2.11809401662e-05, 2.29473062063e-05, 1.40643423947e-05, 1.34770352815e-05, 1.1168391211e-05, 2.36730284087e-05, 6.38132905806e-06, 5.77174932914e-06, 1.05350854938e-05, 5.13541635883e-06, 4.14854821429e-06, 2.91491619464e-06, 3.66852100342e-06, 3.43192550645e-06, 2.77146227745e-06, 2.39976930061e-06, 2.35019638239e-06, 2.737507657e-06, 2.71909561889e-06, 1.67966823028e-06, 1.30813396026e-06, 1.03065588064e-06, 7.37583661703e-07, 7.37071786716e-07, 5.72406577248e-07, 5.51831305984e-07, 3.66943368135e-07], "dmean2": [0.00403307983652, 0.00315348478034, 0.00126156955957, 0.00121354544535, 0.000503030780237, 0.000113875015813, 7.96610183897e-05, 8.39692875161e-05, 0.000113028421765, 5.80342712055e-05, 6.01427746005e-05, 5.21435613337e-05, 4.14649657614e-05, 3.40726182912e-05, 3.31715018547e-05, 2.22849030251e-05, 2.07847187994e-05, 1.76891753654e-05, 3.22725645674e-05, 9.98792347673e-06, 8.8292217697e-06, 1.68453134393e-05, 7.86448345025e-06, 6.33261788607e-06, 4.51393907497e-06, 5.91513025938e-06, 5.57596013095e-06, 4.23408937422e-06, 3.70743077838e-06, 3.57056251232e-06, 4.12517920267e-06, 4.11729934058e-06, 2.47660113928e-06, 1.85964609045e-06, 1.50203436533e-06, 1.04256594113e-06, 1.06427648916e-06, 7.93346487171e-07, 7.86533405517e-07, 5.34355535819e-07], "dvar": [1.86588040378e-05, 1.04887867565e-05, 3.8919574763e-06, 5.38154336027e-06, 6.16187378455e-07, 3.06832816932e-08, 3.95493167105e-08, 4.43007834861e-08, 8.24585484338e-08, 1.14802274354e-08, 1.90497662089e-08, 7.032834759e-09, 4.59478410875e-09, 1.28047759063e-08, 2.99776869994e-09, 1.9496460002e-09, 1.8510865063e-09, 1.28520782905e-09, 3.12979375749e-09, 2.79775758116e-10, 2.54003595934e-10, 7.70275454531e-10, 1.31189267782e-10, 1.21905943673e-10, 7.17394546546e-11, 1.28774255148e-10, 1.34561209397e-10, 8.25471496713e-11, 6.11542066986e-11, 7.20955517508e-11, 6.48178594131e-11, 8.6037801883e-11, 3.65749895648e-11, 1.84265588898e-11, 9.80317216293e-12, 6.37847847457e-12, 1.07270659369e-11, 5.83772310006e-12, 5.60143554804e-12, 2.22617345565e-12], "dvar2": [4.9745925935e-05, 2.65408361884e-05, 1.12280740723e-05, 1.10671126095e-05, 1.57870829298e-06, 7.67765016008e-08, 1.07356115109e-07, 1.25759868297e-07, 2.34363056961e-07, 3.01251219526e-08, 5.1486313879e-08, 1.67159033282e-08, 1.04300301729e-08, 3.07639460573e-08, 6.75823930152e-09, 4.74875339052e-09, 4.42821734836e-09, 3.32228977662e-09, 5.24964205439e-09, 5.91341309253e-10, 5.77671244173e-10, 1.93170190954e-09, 3.17072174072e-10, 2.94922974931e-10, 1.68021513369e-10, 3.19278437022e-10, 3.30378918667e-10, 1.94302379741e-10, 1.36749125912e-10, 1.53878285114e-10, 1.33794322843e-10, 1.50323212211e-10, 6.28072246989e-11, 3.26566829134e-11, 1.80845234621e-11, 1.02564701523e-11, 2.01522149662e-11, 1.02364366983e-11, 9.03175624567e-12, 3.85698114072e-12], "max": [0.0461073555052, 0.0317095182836, 0.0202123373747, 0.0514276102185, 0.00964215118438, 0.00309814955108, 0.003062477801, 0.00268263136968, 0.00365782086737, 0.00110861740541, 0.00152845832054, 0.00129952898715, 0.00138528901152, 0.00196585920639, 0.000754085252993, 0.000495009298902, 0.000604868750088, 0.000518817570992, 0.00113619095646, 0.000278836901998, 0.000243619462708, 0.000340048311045, 0.000120000258903, 0.000141508644447, 0.000122717348859, 0.000171323001268, 0.000130197455292, 0.000101901750895, 0.000114373033284, 0.000121377925097, 8.82706881384e-05, 0.000137069058837, 7.990472659e-05, 5.39043066965e-05, 4.0784922021e-05, 3.64517836715e-05, 5.28816053702e-05, 3.50187692675e-05, 3.12397642119e-05, 1.68969436345e-05], "mean": [0.00741269998252, 0.00610853172839, 0.00112621532753, 0.00133280444425, 0.000479589507449, 8.94008917385e-05, 4.580546738e-05, 4.82623909193e-05, 0.000122114623082, 6.42413942842e-05, 4.69537189929e-05, 9.17694196687e-05, 5.86572205066e-05, 2.67761060968e-05, 5.04258459841e-05, 1.76165340235e-05, 2.14573192352e-05, 1.63734021044e-05, 3.88782209484e-05, 8.55616781337e-06, 7.77884542913e-06, 1.65112833201e-05, 7.51285733713e-06, 5.18791694049e-06, 3.39985990649e-06, 4.05590117225e-06, 3.59527484761e-06, 3.18794741361e-06, 2.70936334346e-06, 2.74502758657e-06, 3.01237196254e-06, 2.8529273095e-06, 1.96232781491e-06, 1.46206946283e-06, 1.11656549961e-06, 8.48853403568e-07, 8.3318121824e-07, 6.7390641334e-07, 6.40679047592e-07, 4.08613260561e-07], "median": [0.00671307975426, 0.0056810202077, 0.00058825686574, 0.000398021744331, 0.000187019948498, 2.26204574574e-05, 3.82931830245e-06, 4.59149941889e-06, 3.73321236111e-05, 2.06197892112e-05, 7.67574510974e-06, 2.16105217987e-05, 1.22380097309e-05, 5.62440072827e-06, 7.62672561905e-06, 2.04813136406e-06, 4.28379553341e-06, 4.66429673907e-06, 8.45612066769e-06, 2.01837224267e-06, 1.83050053693e-06, 2.80249469142e-06, 1.92480115402e-06, 8.22841627723e-07, 7.42387101127e-07, 9.56881990533e-07, 5.80025186991e-07, 4.37007969367e-07, 4.06138667586e-07, 2.42764087943e-07, 2.86912893444e-07, 2.91219549808e-07, 1.99874605755e-07, 1.73627512368e-07, 1.33358653898e-07, 7.75518174123e-08, 3.5522198516e-08, 1.63741660231e-08, 1.06973274683e-08, 1.04952153634e-08], "min": [1.18969235505e-11, 6.13879572176e-11, 1.55465362806e-11, 7.00689506417e-11, 3.03841701799e-10, 2.78394030051e-10, 7.27714416504e-11, 9.09784400593e-11, 5.40150459083e-11, 2.44668417471e-11, 5.55562887361e-12, 5.07863057164e-11, 1.65908356498e-10, 1.08398429122e-10, 1.4772016943e-10, 2.22234401021e-11, 1.18017789985e-10, 4.35902702822e-11, 6.76332384195e-12, 7.85480274573e-12, 2.50719653372e-11, 6.94815940894e-11, 2.47515064e-11, 2.07813540681e-11, 2.71419119818e-11, 2.32370216818e-11, 3.42888946403e-11, 1.59222045271e-11, 2.18701359106e-12, 1.22728509213e-12, 4.81522590898e-13, 4.23936818809e-13, 3.77194830274e-13, 3.54506083777e-13, 3.79177700523e-13, 4.24133465978e-13, 3.45106511727e-13, 3.98366777933e-13, 4.77777648174e-13, 3.80160855053e-13], "var": [3.39032558259e-05, 2.12059494515e-05, 3.13737450597e-06, 1.64476514328e-05, 8.29327120755e-07, 6.14382145159e-08, 2.95825923757e-08, 3.11462855507e-08, 7.88019960396e-08, 1.52062789027e-08, 1.62744679955e-08, 2.12742996553e-08, 1.08771205376e-08, 1.13360556497e-08, 1.09669873183e-08, 2.41528641531e-09, 2.64800115168e-09, 1.2595772203e-09, 7.12262204772e-09, 4.00922822719e-10, 3.49641954278e-10, 1.06791830934e-09, 1.87596924106e-10, 1.43579675926e-10, 7.5394940291e-11, 1.20330467812e-10, 1.2806962435e-10, 9.68553293124e-11, 6.89404713872e-11, 8.88906587226e-11, 8.70197525149e-11, 1.2092983559e-10, 5.55988345641e-11, 2.68431891298e-11, 1.40238333099e-11, 1.03220730574e-11, 1.47150954616e-11, 8.7429230522e-12, 8.59279401105e-12, 3.16367071429e-12]}, "mfcc": {"mean": [-719.40032959, 147.098892212, 8.49218177795, 39.6490745544, 14.7705507278, 27.1584129333, 8.9422044754, 18.4717483521, 9.51607227325, 4.1857843399, -2.61773085594, -6.62328147888, -4.38818740845], "cov": [[9557.75390625, -949.396850586, -8.10466575623, 243.418212891, -77.6883087158, 570.026611328, 583.25012207, 383.762969971, 333.405456543, 86.1659088135, 85.1905517578, 249.902908325, 204.642211914], [-949.396850586, 2330.08691406, -554.709655762, -3.4752471447, 224.678329468, 57.6402931213, -65.4828567505, 121.455795288, 63.7118301392, -15.5755567551, 34.7783584595, -27.7430362701, -18.8633289337], [-8.10466575623, -554.709655762, 1248.13354492, 396.260528564, 21.767496109, 308.499755859, 177.735961914, 24.0253715515, 43.9346694946, 163.992889404, 103.894332886, 108.100547791, 87.0277328491], [243.418212891, -3.4752471447, 396.260528564, 724.144714355, 130.47164917, 363.03793335, 231.162307739, 154.7784729, 42.6809196472, 132.926254272, 100.647720337, 51.3996543884, 29.7423305511], [-77.6883087158, 224.678329468, 21.767496109, 130.47164917, 312.843719482, 125.773223877, 78.5601272583, 89.5866241455, 62.6373558044, 32.2889022827, 71.0538864136, 17.420217514, -26.3230934143], [570.026611328, 57.6402931213, 308.499755859, 363.03793335, 125.773223877, 540.115234375, 235.233337402, 196.058364868, 106.362495422, 124.651062012, 119.007110596, 84.820930481, 51.3356628418], [583.25012207, -65.4828567505, 177.735961914, 231.162307739, 78.5601272583, 235.233337402, 278.672210693, 127.690315247, 71.0660247803, 63.4504432678, 61.8942298889, 56.2991294861, 44.1672859192], [383.762969971, 121.455795288, 24.0253715515, 154.7784729, 89.5866241455, 196.058364868, 127.690315247, 199.198608398, 93.4773330688, 37.139251709, 44.2061500549, 18.9442901611, 19.2427082062], [333.405456543, 63.7118301392, 43.9346694946, 42.6809196472, 62.6373558044, 106.362495422, 71.0660247803, 93.4773330688, 147.95161438, 64.6207427979, 33.1946525574, 34.7061805725, 43.9718551636], [86.1659088135, -15.5755567551, 163.992889404, 132.926254272, 32.2889022827, 124.651062012, 63.4504432678, 37.139251709, 64.6207427979, 132.18637085, 74.3843078613, 37.4270019531, 31.5097675323], [85.1905517578, 34.7783584595, 103.894332886, 100.647720337, 71.0538864136, 119.007110596, 61.8942298889, 44.2061500549, 33.1946525574, 74.3843078613, 118.778686523, 65.4635162354, 7.90209817886], [249.902908325, -27.7430362701, 108.100547791, 51.3996543884, 17.420217514, 84.820930481, 56.2991294861, 18.9442901611, 34.7061805725, 37.4270019531, 65.4635162354, 116.223976135, 55.5744819641], [204.642211914, -18.8633289337, 87.0277328491, 29.7423305511, -26.3230934143, 51.3356628418, 44.1672859192, 19.2427082062, 43.9718551636, 31.5097675323, 7.90209817886, 55.5744819641, 109.421875]], "icov": [[0.000146546779433, 7.32197513571e-05, 8.84543042048e-05, 8.06574007584e-06, 0.00011986476602, -8.04639057606e-05, -0.00021402562561, -8.27259209473e-05, -0.000240553330514, 0.000112318062747, 6.39442514512e-05, -0.000230932972045, 1.05231783891e-05], [7.32197513571e-05, 0.000595697725657, 0.000325961678755, -6.77722200635e-05, -0.000303795182845, -0.000173411579453, 0.000273103592917, -0.000245001836447, -0.000139648938784, 9.01994644664e-05, -0.000177968264325, 5.71970776946e-05, -0.000320002785884], [8.84543042048e-05, 0.000325961678755, 0.00138142320793, -0.000438190530986, -1.60175568453e-05, -0.000518946500961, -0.000169588369317, 0.000646112312097, -4.82072173327e-05, -0.000706337043084, 0.000118406373076, -0.000455800531199, -0.000448671227787], [8.06574007584e-06, -6.77722200635e-05, -0.000438190530986, 0.00283218082041, -0.000569781870581, -0.000728941289708, -0.000966735300608, -0.00131528172642, 0.00212699570693, -0.00219702906907, 0.000862161512487, -4.83897565573e-05, 0.000118589377962], [0.00011986476602, -0.000303795182845, -1.60175568453e-05, -0.000569781870581, 0.00501695415005, -0.000128497209516, -0.00066972442437, -5.85551970289e-05, -0.00253034965135, 0.00204942282289, -0.00298650283366, 0.0005217253929, 0.0018162537599], [-8.04639057606e-05, -0.000173411579453, -0.000518946500961, -0.000728941289708, -0.000128497209516, 0.0047772875987, -0.00117560499348, -0.00272700283676, 0.000438279559603, -0.00131926278118, -0.000729621446226, -0.000863520835992, 0.000108404667117], [-0.00021402562561, 0.000273103592917, -0.000169588369317, -0.000966735300608, -0.00066972442437, -0.00117560499348, 0.00747866276652, -0.00216647866182, 5.11422913405e-05, 0.000161592193763, -0.000162010430358, -0.000633428804576, -0.00113594986033], [-8.27259209473e-05, -0.000245001836447, 0.000646112312097, -0.00131528172642, -5.85551970289e-05, -0.00272700283676, -0.00216647866182, 0.0131413945928, -0.00686089415103, 0.00481274491176, -0.00337364780717, 0.00361407944001, -0.000435870810179], [-0.000240553330514, -0.000139648938784, -4.82072173327e-05, 0.00212699570693, -0.00253034965135, 0.000438279559603, 5.11422913405e-05, -0.00686089415103, 0.016090573743, -0.00906225573272, 0.00485756387934, -0.00263227545656, -0.00261279009283], [0.000112318062747, 9.01994644664e-05, -0.000706337043084, -0.00219702906907, 0.00204942282289, -0.00131926278118, 0.000161592193763, 0.00481274491176, -0.00906225573272, 0.0207144208252, -0.0130303297192, 0.00618171691895, -0.00335713522509], [6.39442514512e-05, -0.000177968264325, 0.000118406373076, 0.000862161512487, -0.00298650283366, -0.000729621446226, -0.000162010430358, -0.00337364780717, 0.00485756387934, -0.0130303297192, 0.0254799481481, -0.0139420498163, 0.00684496480972], [-0.000230932972045, 5.71970776946e-05, -0.000455800531199, -4.83897565573e-05, 0.0005217253929, -0.000863520835992, -0.000633428804576, 0.00361407944001, -0.00263227545656, 0.00618171691895, -0.0139420498163, 0.0209717992693, -0.0093987127766], [1.05231783891e-05, -0.000320002785884, -0.000448671227787, 0.000118589377962, 0.0018162537599, 0.000108404667117, -0.00113594986033, -0.000435870810179, -0.00261279009283, -0.00335713522509, 0.00684496480972, -0.0093987127766, 0.0166058596224]]}, "spectral_contrast_coeffs": {"dmean": [0.042854860425, 0.0466903038323, 0.039629407227, 0.033385656774, 0.0244605317712, 0.0226699635386], "dmean2": [0.0665530189872, 0.0766797289252, 0.059694096446, 0.0502569638193, 0.0376486182213, 0.0337493680418], "dvar": [0.00174183526542, 0.00163942703512, 0.00122314330656, 0.000896803103387, 0.000441410986241, 0.00048627104843], "dvar2": [0.00423609092832, 0.00427685398608, 0.00266886386089, 0.00195500045083, 0.000919073005207, 0.0010637199739], "max": [-0.289125531912, -0.443383932114, -0.539716303349, -0.54530608654, -0.613885760307, -0.530517876148], "mean": [-0.671712398529, -0.731522738934, -0.752499103546, -0.753653109074, -0.792217552662, -0.746202588081], "median": [-0.689769268036, -0.736890375614, -0.761706829071, -0.755117952824, -0.799191832542, -0.751186132431], "min": [-0.827806770802, -0.918583214283, -0.918068766594, -0.935613334179, -0.893023192883, -0.908308207989], "var": [0.00615247990936, 0.00533923786134, 0.00576961971819, 0.00531435897574, 0.00265800999478, 0.00258934707381]}, "spectral_contrast_valleys": {"dmean": [0.351921975613, 0.515643060207, 0.488250613213, 0.490198969841, 0.490350663662, 0.635669827461], "dmean2": [0.537691056728, 0.79446554184, 0.695286273956, 0.670221030712, 0.63242316246, 0.788165211678], "dvar": [0.205785006285, 0.353488951921, 0.284432083368, 0.256724357605, 0.239393219352, 0.43082678318], "dvar2": [0.366021215916, 0.710378646851, 0.541891336441, 0.497236728668, 0.445768713951, 0.751544773579], "max": [-4.92878675461,