{"lowlevel": {"average_loudness": 0.974780619144, "barkbands_crest": {"dmean": 2.76196861267, "dmean2": 4.0078625679, "dvar": 7.88575744629, "dvar2": 15.3675422668, "max": 26.633266449, "mean": 15.5604867935, "median": 15.3569564819, "min": 2.65843701363, "var": 32.3244285583}, "barkbands_flatness_db": {"dmean": 0.0578136406839, "dmean2": 0.0779258534312, "dvar": 0.00433339783922, "dvar2": 0.00887048058212, "max": 0.651325881481, "mean": 0.237428843975, "median": 0.208349764347, "min": 0.0222347099334, "var": 0.0167712494731}, "barkbands_kurtosis": {"dmean": 33.2163314819, "dmean2": 49.8052253723, "dvar": 7362.83837891, "dvar2": 17242.796875, "max": 1880.22888184, "mean": 49.6548919678, "median": 13.5117645264, "min": -1.94255387783, "var": 11616.4921875}, "barkbands_skewness": {"dmean": 1.66946554184, "dmean2": 2.40236449242, "dvar": 5.05003356934, "dvar2": 10.990489006, "max": 38.1175460815, "mean": 4.3486995697, "median": 3.43244218826, "min": -5.4450135231, "var": 14.5089063644}, "barkbands_spread": {"dmean": 8.84450244904, "dmean2": 12.9006328583, "dvar": 155.520370483, "dvar2": 300.842010498, "max": 125.712379456, "mean": 18.9741363525, "median": 10.7348623276, "min": 0.0469726771116, "var": 464.944763184}, "dissonance": {"dmean": 0.0242288224399, "dmean2": 0.040260605514, "dvar": 0.000682417012285, "dvar2": 0.00172786135226, "max": 0.499998390675, "mean": 0.460325062275, "median": 0.470455944538, "min": 0.12533006072, "var": 0.00120938045438}, "dynamic_complexity": 3.54750156403, "erbbands_crest": {"dmean": 3.35114860535, "dmean2": 5.21196222305, "dvar": 10.2730302811, "dvar2": 22.1454734802, "max": 29.5699863434, "mean": 9.85018062592, "median": 8.86461162567, "min": 1.95179021358, "var": 27.2114009857}, "erbbands_flatness_db": {"dmean": 0.0355056375265, "dmean2": 0.0506296530366, "dvar": 0.00160652631894, "dvar2": 0.00321238674223, "max": 0.439388781786, "mean": 0.148173078895, "median": 0.12750980258, "min": 0.0412628240883, "var": 0.00492168031633}, "erbbands_kurtosis": {"dmean": 2.55734682083, "dmean2": 3.95045566559, "dvar": 24.8213596344, "dvar2": 57.1845779419, "max": 98.092376709, "mean": 1.87737989426, "median": -0.130992412567, "min": -1.89518380165, "var": 32.774974823}, "erbbands_skewness": {"dmean": 0.67236238718, "dmean2": 0.981522977352, "dvar": 0.524599432945, "dvar2": 1.10276031494, "max": 8.76875209808, "mean": 0.42129689455, "median": 0.340209305286, "min": -6.36038303375, "var": 1.71235430241}, "erbbands_spread": {"dmean": 17.2777462006, "dmean2": 25.0983524323, "dvar": 367.050018311, "dvar2": 784.844482422, "max": 189.822906494, "mean": 53.8093566895, "median": 49.8829078674, "min": 1.60316264629, "var": 1058.67810059}, "hfc": {"dmean": 11.864033699, "dmean2": 16.8871746063, "dvar": 689.133850098, "dvar2": 1339.53955078, "max": 1200.48461914, "mean": 18.4249572754, "median": 7.34752511978, "min": 4.39466171787e-12, "var": 1516.60998535}, "melbands_crest": {"dmean": 4.1078877449, "dmean2": 6.3864197731, "dvar": 18.9932155609, "dvar2": 44.1780700684, "max": 39.8745536804, "mean": 25.2799377441, "median": 25.3583564758, "min": 2.50763940811, "var": 71.5346832275}, "melbands_flatness_db": {"dmean": 0.0628092736006, "dmean2": 0.0833882465959, "dvar": 0.00531883118674, "dvar2": 0.0106990560889, "max": 0.796636581421, "mean": 0.3302064538, "median": 0.300405830145, "min": 0.0091693662107, "var": 0.022914884612}, "melbands_kurtosis": {"dmean": 74.7488327026, "dmean2": 109.560836792, "dvar": 51776.7382812, "dvar2": 118286.796875, "max": 6544.68847656, "mean": 122.140525818, "median": 41.164691925, "min": -1.93080461025, "var": 90706.59375}, "melbands_skewness": {"dmean": 2.22546720505, "dmean2": 3.19060921669, "dvar": 10.8078289032, "dvar2": 21.5548591614, "max": 66.6293029785, "mean": 6.71945667267, "median": 5.28425455093, "min": -1.17646050453, "var": 31.3734722137}, "melbands_spread": {"dmean": 7.3306646347, "dmean2": 10.8479681015, "dvar": 208.844955444, "dvar2": 411.193450928, "max": 302.228424072, "mean": 14.1016578674, "median": 6.20641136169, "min": 0.0455728285015, "var": 484.835998535}, "pitch_salience": {"dmean": 0.0976650044322, "dmean2": 0.153899952769, "dvar": 0.0145310591906, "dvar2": 0.030518963933, "max": 0.966219782829, "mean": 0.357779383659, "median": 0.3725733459, "min": 0.0103206094354, "var": 0.0404701828957}, "silence_rate_20dB": {"dmean": 0, "dmean2": 0, "dvar": 0, "dvar2": 0, "max": 1, "mean": 1, "median": 1, "min": 1, "var": 0}, "silence_rate_30dB": {"dmean": 0.080848775804, "dmean2": 0.161719277501, "dvar": 0.0743091031909, "dvar2": 0.136898040771, "max": 1, "mean": 0.844366848469, "median": 1, "min": 0, "var": 0.131415560842}, "silence_rate_60dB": {"dmean": 0.0542573183775, "dmean2": 0.108394898474, "dvar": 0.0513083152473, "dvar2": 0.11841969192, "max": 1, "mean": 0.0581442192197, "median": 0, "min": 0, "var": 0.0547679550946}, "spectral_centroid": {"dmean": 370.595031738, "dmean2": 556.163635254, "dvar": 231314.59375, "dvar2": 456667.4375, "max": 7542.35058594, "mean": 1098.9708252, "median": 842.272949219, "min": 69.9112243652, "var": 744432.5}, "spectral_complexity": {"dmean": 5.45527791977, "dmean2": 7.62941551208, "dvar": 60.1946334839, "dvar2": 118.543815613, "max": 52, "mean": 10.3961324692, "median": 7, "min": 0, "var": 104.741477966}, "spectral_decrease": {"dmean": 4.55693305312e-09, "dmean2": 5.85083270721e-09, "dvar": 5.39373805589e-17, "dvar2": 9.69202759168e-17, "max": -1.78215967463e-25, "mean": -1.21557137689e-08, "median": -7.09663661169e-09, "min": -5.40749951483e-08, "var": 1.66571027546e-16}, "spectral_energy": {"dmean": 0.0179918929935, "dmean2": 0.0231075659394, "dvar": 0.000797737098765, "dvar2": 0.00145267322659, "max": 0.206372901797, "mean": 0.0475498326123, "median": 0.0287888180465, "min": 3.99280875773e-16, "var": 0.00242391694337}, "spectral_energyband_high": {"dmean": 0.000909623224288, "dmean2": 0.00132186303381, "dvar": 5.97097232458e-06, "dvar2": 1.13284413601e-05, "max": 0.107636786997, "mean": 0.00116180058103, "median": 0.000140757707413, "min": 3.0066847949e-16, "var": 1.28525989567e-05}, "spectral_energyband_low": {"dmean": 0.0141337197274, "dmean2": 0.0177609622478, "dvar": 0.00071006960934, "dvar2": 0.00126285490114, "max": 0.20076033473, "mean": 0.036987375468, "median": 0.0183297079057, "min": 2.99703624591e-18, "var": 0.00211334880441}, "spectral_energyband_middle_high": {"dmean": 0.00147122703493, "dmean2": 0.00219010282308, "dvar": 1.04830969576e-05, "dvar2": 2.24726391025e-05, "max": 0.0994203463197, "mean": 0.00226348987781, "median": 0.000543629401363, "min": 4.61997114246e-17, "var": 2.5208641091e-05}, "spectral_energyband_middle_low": {"dmean": 0.00931901857257, "dmean2": 0.0163182001561, "dvar": 0.000468976650154, "dvar2": 0.00129967764951, "max": 0.142754897475, "mean": 0.0097236065194, "median": 0.00285614235327, "min": 1.66729038895e-17, "var": 0.000332780822646}, "spectral_entropy": {"dmean": 0.420954763889, "dmean2": 0.605567216873, "dvar": 0.224188223481, "dvar2": 0.469206631184, "max": 9.03784561157, "mean": 7.38160848618, "median": 7.50291967392, "min": 4.44414806366, "var": 0.696344852448}, "spectral_flux": {"dmean": 0.0475867092609, "dmean2": 0.0644939914346, "dvar": 0.00379542005248, "dvar2": 0.00500294659287, "max": 0.468566685915, "mean": 0.103835314512, "median": 0.0639517530799, "min": 0.000178956383024, "var": 0.0104981530458}, "spectral_kurtosis": {"dmean": 5.05143642426, "dmean2": 7.83974599838, "dvar": 122.745414734, "dvar2": 281.351715088, "max": 207.873199463, "mean": 7.96022129059, "median": 3.66118097305, "min": -1.40294718742, "var": 218.629150391}, "spectral_rms": {"dmean": 0.00126720895059, "dmean2": 0.00157145538833, "dvar": 2.97597853205e-06, "dvar2": 5.23112112205e-06, "max": 0.014189411886, "mean": 0.00593957444653, "median": 0.00529968412593, "min": 6.24133245086e-10, "var": 1.11112767627e-05}, "spectral_rolloff": {"dmean": 685.182678223, "dmean2": 1100.11035156, "dvar": 2263402, "dvar2": 4508453.5, "max": 19056.8847656, "mean": 1062.26367188, "median": 193.798828125, "min": 21.533203125, "var": 4317656.5}, "spectral_skewness": {"dmean": 0.513832449913, "dmean2": 0.761579453945, "dvar": 0.519717693329, "dvar2": 1.14033305645, "max": 11.3998270035, "mean": 1.87582027912, "median": 1.61891639233, "min": -0.564480900764, "var": 1.34388506413}, "spectral_spread": {"dmean": 1254490.375, "dmean2": 1805477.25, "dvar": 2066336841730.0, "dvar2": 4088072503300.0, "max": 20176436, "mean": 5985713.5, "median": 6135349, "min": 497305.53125, "var": 7630362247170.0}, "spectral_strongpeak": {"dmean": 0.240407958627, "dmean2": 0.362249523401, "dvar": 0.606040000916, "dvar2": 1.39950525761, "max": 40.9243087769, "mean": 0.548361599445, "median": 0.304881215096, "min": 0, "var": 0.960478186607}, "zerocrossingrate": {"dmean": 0.0154194179922, "dmean2": 0.0168649517, "dvar": 0.000474860455142, "dvar2": 0.000492146180477, "max": 0.50244140625, "mean": 0.0465946346521, "median": 0.029296875, "min": 0.00146484375, "var": 0.00290940725245}, "barkbands": {"dmean": [0.000817351276055, 0.011977661401, 0.00785684213042, 0.00448752380908, 0.00415199249983, 0.00108623085544, 0.000316413294058, 0.000260320899542, 0.000336347467965, 0.000187396857655, 0.000285120360786, 0.000283323024632, 0.000191615443327, 0.000255219609244, 0.000179702372407, 0.000160045092343, 0.00013065271196, 8.53247038322e-05, 0.000126663348055, 0.000119319600344, 9.86255472526e-05, 0.000162312586326, 0.000150376436068, 0.000177471811185, 0.000209728430491, 9.91661436274e-05, 2.13570456253e-05], "dmean2": [0.000578646955546, 0.0137158976868, 0.0139792365953, 0.0081276986748, 0.00772799411789, 0.00177787186112, 0.000519286259077, 0.000452175445389, 0.000536861771252, 0.000288517185254, 0.000484386575408, 0.000440014642663, 0.000295705365716, 0.000389253225876, 0.000287355767796, 0.00025268617901, 0.00020630194922, 0.000132790344651, 0.000194649459445, 0.000183619442396, 0.000154761044541, 0.000246739073191, 0.000228497534408, 0.000254710117588, 0.000293901393889, 0.000151582833496, 3.55798983946e-05], "dvar": [1.1668857951e-06, 0.000491086801048, 0.000518296379596, 0.000139738083817, 0.000129101710627, 3.83777160096e-06, 5.50266292976e-07, 4.00510089094e-07, 3.17320382237e-06, 1.05156527752e-06, 9.44199030073e-07, 1.82343649158e-06, 3.23317294715e-07, 9.46566672155e-07, 2.30429762382e-07, 2.21757744612e-07, 1.34481751957e-07, 3.05680600832e-08, 9.48341707385e-08, 6.6993685266e-08, 4.43963799057e-08, 2.25962651257e-07, 1.23836031207e-07, 3.74927140001e-07, 1.61098000717e-06, 1.45376745309e-07, 6.94185864347e-09], "dvar2": [8.45322006171e-07, 0.000749941274989, 0.00142158428207, 0.000393087073462, 0.000371279747924, 9.79463129624e-06, 1.32506090722e-06, 1.0408551816e-06, 7.88025135989e-06, 2.44072543865e-06, 2.46892773248e-06, 3.79886000701e-06, 6.82544794017e-07, 1.80285519491e-06, 4.9231630328e-07, 4.90493562211e-07, 3.2140084727e-07, 7.22209705373e-08, 1.91055804066e-07, 1.43735391589e-07, 1.03814642216e-07, 5.73745353449e-07, 2.86023521312e-07, 9.12265761599e-07, 2.95421659757e-06, 2.8337723279e-07, 1.5948145915e-08], "max": [0.0128222415224, 0.190695941448, 0.139584690332, 0.0951509326696, 0.114514887333, 0.0507643669844, 0.0281560271978, 0.0150576736778, 0.0987084284425, 0.049242310226, 0.0295519065112, 0.0776810795069, 0.0184650979936, 0.0469243526459, 0.0132878255099, 0.0187992285937, 0.0103215128183, 0.00401959288865, 0.00796541664749, 0.00809773709625, 0.00667843967676, 0.0209448691458, 0.00962284393609, 0.0317093729973, 0.0797910541296, 0.0177352335304, 0.00419194251299], "mean": [0.00255116471089, 0.0262939948589, 0.00559797976166, 0.00408317893744, 0.00309420074336, 0.00141307630111, 0.000371296802768, 0.000241562767769, 0.000423216028139, 0.000242314592469, 0.000248784257565, 0.000379117904231, 0.000210543657886, 0.000349705660483, 0.000183826676221, 0.000252207450103, 0.000131904744194, 9.73662172328e-05, 0.00015370795154, 0.000156020760187, 9.67985106399e-05, 0.000181814481039, 0.000166339581483, 0.000235974483076, 0.000262056884822, 0.000106874053017, 2.45992359851e-05], "median": [0.0011094402289, 0.00837380252779, 0.000230589270359, 0.000211155813304, 0.000439337076386, 0.000489104015287, 0.000123547797557, 4.95921849506e-05, 8.59274587128e-05, 3.42957609973e-05, 3.66012573068e-05, 6.0148180637e-05, 2.72613287962e-05, 4.63776887045e-05, 3.05210232909e-05, 2.2883670681e-05, 1.90799946722e-05, 1.21561497508e-05, 1.258269549e-05, 2.34409963014e-05, 1.49358529598e-05, 1.73885346157e-05, 1.7574739104e-05, 1.79543385457e-05, 1.60967974807e-05, 8.44111218612e-06, 1.50572088842e-06], "min": [7.20090811922e-19, 1.19447196558e-18, 9.32243924081e-19, 1.05216443339e-18, 2.84795865399e-18, 2.42410489747e-18, 1.88776512419e-18, 2.31410062934e-18, 4.76248410497e-18, 4.15938382522e-18, 2.79323445261e-18, 5.29199550229e-18, 4.01266514561e-18, 2.00987021749e-18, 3.24455991125e-18, 2.08374261607e-18, 4.07951664195e-18, 5.50761460461e-18, 1.2208667199e-17, 8.59332626655e-18, 2.9742939903e-17, 2.188367191e-17, 1.27340054702e-17, 2.89305128839e-17, 5.5001512021e-17, 6.62989760824e-17, 8.64135071855e-17], "var": [9.49759942159e-06, 0.00149137666449, 0.00032971877954, 9.38195371418e-05, 7.70739716245e-05, 6.23727191851e-06, 1.11721544727e-06, 4.07524254342e-07, 3.38911740982e-06, 1.68556857716e-06, 8.94198649348e-07, 3.88012358599e-06, 4.33681663026e-07, 1.6837353769e-06, 3.17867005606e-07, 1.28959754875e-06, 1.52156118816e-07, 5.2192596911e-08, 1.89470583223e-07, 1.18883100697e-07, 4.79264450348e-08, 2.29291458709e-07, 1.54365210392e-07, 4.84057181893e-07, 3.62210744242e-06, 3.03878579189e-07, 1.06235340525e-08]}, "erbbands": {"dmean": [0.427053809166, 2.91802692413, 8.14897155762, 12.5276966095, 14.9047803879, 13.0328388214, 11.3351955414, 7.16325998306, 4.54100131989, 4.67196321487, 6.19318008423, 7.21982526779, 6.97125244141, 6.66754007339, 11.6443500519, 10.8152046204, 8.46916484833, 10.1332988739, 9.52226066589, 9.9785118103, 9.20557975769, 7.05893754959, 4.86438798904, 5.88523817062, 5.5541510582, 5.89440393448, 3.87285900116, 4.15019464493, 5.69225072861, 5.32986497879, 4.59871482849, 3.72309446335, 3.07530760765, 2.4693505764, 1.42813491821, 0.576377213001, 0.159240826964, 0.027262115851, 0.00358386989683, 0.00021201481286], "dmean2": [0.394936531782, 3.58487820625, 13.4394693375, 21.885225296, 27.5554904938, 24.3882141113, 19.578578949, 11.4143009186, 7.23964977264, 8.02035140991, 10.4310741425, 11.7842655182, 10.7728452682, 10.5988550186, 19.0152988434, 16.8890113831, 12.8112211227, 15.5355615616, 14.4616518021, 15.6491575241, 14.2713184357, 10.9519433975, 7.65034389496, 9.29007053375, 8.23025512695, 9.08659744263, 5.89394712448, 6.58460950851, 8.87702655792, 8.12732696533, 7.14215278625, 5.40676116943, 4.5440993309, 3.62151360512, 2.01434755325, 0.860119998455, 0.248541548848, 0.0430758744478, 0.00597507925704, 0.000342869316228], "dvar": [0.427645564079, 35.9253540039, 489.295532227, 1024.94787598, 1778.65380859, 1503.38427734, 628.934204102, 199.752182007, 135.994232178, 94.7569046021, 250.550994873, 2663.65161133, 1138.64819336, 597.34765625, 1364.83361816, 2648.26538086, 662.511413574, 2181.97558594, 566.103637695, 687.139404297, 700.096801758, 341.61706543, 112.130935669, 139.088531494, 252.403808594, 159.581588745, 76.9756317139, 82.0459442139, 270.135986328, 223.176467896, 125.817169189, 81.602645874, 207.957000732, 188.84552002, 107.670646667, 6.08633089066, 0.395417481661, 0.0228304322809, 0.000201177608687, 3.55501725835e-07], "dvar2": [0.499250650406, 59.1404266357, 1250.54248047, 2847.31665039, 5077.83349609, 4388.03515625, 1807.58605957, 447.841461182, 303.675170898, 250.228973389, 631.293579102, 6843.12548828, 2717.84082031, 1304.32922363, 3346.5168457, 5309.63232422, 1450.2923584, 4051.49462891, 1172.15612793, 1475.7565918, 1643.40075684, 763.423156738, 273.602111816, 305.649719238, 486.581207275, 348.093353271, 167.78805542, 203.24710083, 702.927429199, 545.534851074, 295.716247559, 157.125259399, 537.837402344, 370.407989502, 217.099105835, 10.7343091965, 0.813988983631, 0.0520948171616, 0.000455111061456, 8.03008674666e-07], "max": [6.16300535202, 49.1086730957, 136.479110718, 232.466705322, 308.206054688, 538.307983398, 334.295898438, 567.409545898, 446.250244141, 216.042907715, 394.413604736, 3098.43579102, 1604.28491211, 1741.24072266, 917.11126709, 2953.41870117, 834.35168457, 2607.6081543, 585.840393066, 993.239318848, 1276.2244873, 708.970336914, 284.279510498, 240.774887085, 463.4815979, 412.779449463, 438.465606689, 255.949249268, 695.890075684, 605.875610352, 274.474456787, 187.982772827, 878.305969238, 1008.14801025, 622.268737793, 130.73387146, 34.5917129517, 9.34018611908, 0.797646522522, 0.0285329557955], "mean": [1.10669863224, 4.4519572258, 6.69407081604, 11.7046308517, 10.9143095016, 9.5028219223, 12.7382211685, 9.91774177551, 6.03840923309, 4.76062297821, 6.60033607483, 8.31452178955, 10.0831737518, 7.54438114166, 11.9751424789, 14.1508903503, 10.0890846252, 14.1540880203, 12.2196416855, 11.3121833801, 15.4473667145, 8.03004837036, 5.51440095901, 7.11648273468, 6.8930273056, 7.69737434387, 4.26690292358, 3.96815848351, 5.99860477448, 6.15673017502, 4.96448945999, 4.6956205368, 4.07436847687, 3.10669827461, 1.68281424046, 0.636578679085, 0.165160179138, 0.0310080964118, 0.00402993289754, 0.000301377323922], "median": [0.415635883808, 0.87200075388, 0.618785142899, 0.905452549458, 0.860139429569, 1.39029097557, 4.94877672195, 3.00016641617, 1.6285135746, 1.62048268318, 1.7443510294, 1.65226459503, 1.4391040802, 1.63643598557, 1.97412276268, 2.17500400543, 1.71833729744, 2.43513917923, 2.03420090675, 2.06460785866, 1.26825213432, 1.2923886776, 0.728918552399, 0.668723344803, 0.749758183956, 1.18101418018, 0.612353861332, 0.599293708801, 0.59111058712, 0.63927924633, 0.471475273371, 0.398831605911, 0.289488196373, 0.203276187181, 0.0997369289398, 0.0460385344923, 0.0121005792171, 0.00196113274433, 0.000281623913907, 9.48291271925e-05], "min": [4.1673054858e-17, 2.50788482702e-16, 9.39116016533e-16, 2.5460063389e-15, 5.61110707865e-15, 1.02803795885e-14, 1.58465126058e-14, 2.07778198401e-14, 2.51385351879e-14, 3.50234706688e-14, 6.17892916737e-14, 1.05467833089e-13, 1.33633623373e-13, 1.20480882215e-13, 1.35161440417e-13, 2.25877652628e-13, 1.96602852271e-13, 9.42343330646e-14, 1.81183450946e-13, 1.17685266914e-13, 1.22624065307e-13, 2.48525890622e-13, 3.30411506532e-13, 6.35333528409e-13, 3.40956998962e-13, 4.63378630172e-13, 1.11949176058e-12, 9.13532595924e-13, 5.45073209658e-13, 8.80131904857e-13, 3.87379879693e-13, 4.43775902527e-13, 5.93580523275e-13, 7.88205601048e-13, 2.8075670044e-13, 1.44847756836e-13, 1.50790811044e-13, 5.58612265602e-14, 1.00545987213e-14, 1.57935179895e-15], "var": [2.13893771172, 72.7972869873, 385.001403809, 714.235351562, 1047.30224609, 869.500732422, 504.061676025, 480.645996094, 328.106994629, 99.5250015259, 276.345977783, 2194.02368164, 2488.84790039, 1100.99255371, 1558.30078125, 6557.88574219, 893.329040527, 4176.59033203, 919.210083008, 1064.74658203, 5190.57080078, 478.92300415, 175.682540894, 307.825164795, 494.589874268, 274.14453125, 95.9029006958, 80.3807907104, 254.293960571, 249.67817688, 145.878051758, 134.918045044, 233.161056519, 359.376586914, 220.015335083, 14.2909259796, 0.724871039391, 0.0368365608156, 0.00029564005672, 5.64686388316e-07]}, "gfcc": {"mean": [-58.5446777344, 81.7886047363, -75.391204834, 31.2148265839, -39.6105651855, 20.6123256683, -26.5828380585, 6.83997869492, -11.7120933533, 8.25936508179, -3.86305522919, 5.78395032883, -0.0738463699818], "cov": [[11273.0878906, -3472.94458008, -431.737884521, 370.57144165, -1120.75268555, 240.67376709, -1213.55554199, -180.394439697, -1314.94604492, -374.287750244, -978.044067383, -386.576324463, -836.144592285], [-3472.94458008, 3909.71875, -64.869102478, -167.055007935, 1087.50476074, -203.915115356, 677.416442871, -85.9703903198, 661.368469238, -147.358856201, 435.517303467, -30.2738800049, 355.377563477], [-431.737884521, -64.869102478, 1345.01159668, 325.263122559, -180.96144104, 0.619143247604, 42.2200126648, -11.3944253922, -39.8082771301, -13.9672012329, -119.802726746, -32.4844207764, -52.8454589844], [370.57144165, -167.055007935, 325.263122559, 695.911071777, 107.162315369, 342.902069092, 27.7597198486, 89.9115753174, 37.6730537415, 56.9793663025, -51.8125572205, -64.2571182251, -21.7883663177], [-1120.75268555, 1087.50476074, -180.96144104, 107.162315369, 913.719116211, 180.568389893, 377.361846924, 110.382675171, 369.297485352, 55.9620780945, 176.151870728, 41.4794044495, 85.5222396851], [240.67376709, -203.915115356, 0.619143247604, 342.902069092, 180.568389893, 542.679016113, 109.601928711, 134.800064087, 83.6833572388, 89.1800537109, 15.8220748901, -26.4455451965, -9.18187713623], [-1213.55554199, 677.416442871, 42.2200126648, 27.7597198486, 377.361846924, 109.601928711, 430.909301758, 144.499176025, 279.88494873, 70.0006866455, 156.376678467, 43.4417495728, 89.6015930176], [-180.394439697, -85.9703903198, -11.3944253922, 89.9115753174, 110.382675171, 134.800064087, 144.499176025, 240.443191528, 146.072662354, 104.271560669, 64.7948379517, 59.4311447144, 30.3916034698], [-1314.94604492, 661.368469238, -39.8082771301, 37.6730537415, 369.297485352, 83.6833572388, 279.88494873, 146.072662354, 411.978881836, 160.02293396, 212.202697754, 98.3243484497, 162.597259521], [-374.287750244, -147.358856201, -13.9672012329, 56.9793663025, 55.9620780945, 89.1800537109, 70.0006866455, 104.271560669, 160.02293396, 220.926513672, 120.484733582, 100.214355469, 73.1618041992], [-978.044067383, 435.517303467, -119.802726746, -51.8125572205, 176.151870728, 15.8220748901, 156.376678467, 64.7948379517, 212.202697754, 120.484733582, 248.870681763, 114.356567383, 155.909332275], [-386.576324463, -30.2738800049, -32.4844207764, -64.2571182251, 41.4794044495, -26.4455451965, 43.4417495728, 59.4311447144, 98.3243484497, 100.214355469, 114.356567383, 167.639144897, 103.537269592], [-836.144592285, 355.377563477, -52.8454589844, -21.7883663177, 85.5222396851, -9.18187713623, 89.6015930176, 30.3916034698, 162.597259521, 73.1618041992, 155.909332275, 103.537269592, 199.397460938]], "icov": [[0.000220977861318, -1.13220094136e-05, 0.000141817406984, -0.000120700729894, 1.26996401377e-05, -0.00010222128185, 0.000313302269205, -0.000205290154554, 0.000332037394401, -3.06533365801e-05, 0.000344744970789, -0.000220381843974, 0.000436929636635], [-1.13220094136e-05, 0.00103323988151, -0.000166564394021, 5.00662754348e-05, -0.000666599546093, 0.000492661551107, -0.000473998225061, 0.000735878944397, -0.00107023760211, 0.00156759086531, -0.0012636174215, 0.00139599223621, -0.00095751916524], [0.000141817406984, -0.000166564394021, 0.00119243189692, -0.000853529782034, 0.00061166647356, 0.000210483805859, -0.000525965238921, 0.000257360137766, 3.04228888126e-05, -0.000199190209969, 0.0011238277657, -0.00099904416129, 0.000747088168282], [-0.000120700729894, 5.00662754348e-05, -0.000853529782034, 0.00294575165026, -0.000637022545561, -0.00140566949267, 0.000682327896357, -0.000602438347414, 6.06138928561e-05, -0.000707683328073, 0.000298588507576, 0.00173375813756, -0.00142948166467], [1.26996401377e-05, -0.000666599546093, 0.00061166647356, -0.000637022545561, 0.00303259212524, -0.000686776824296, -0.00102142617106, 0.000551893841475, -0.00171202479396, 0.000484232004965, 0.000535450060852, -0.00203647091985, 0.00223351945169], [-0.00010222128185, 0.000492661551107, 0.000210483805859, -0.00140566949267, -0.000686776824296, 0.00365508976392, -0.000922747829463, -0.000571080599912, 0.000156070353114, -0.000447081169114, -0.000697297102306, 0.0016296308022, -0.000704148842487], [0.000313302269205, -0.000473998225061, -0.000525965238921, 0.000682327896357, -0.00102142617106, -0.000922747829463, 0.00674323365092, -0.0028778326232, -0.00105332362, 0.000629775400739, -0.00108551292215, 0.000455486704595, 0.00113792635966], [-0.000205290154554, 0.000735878944397, 0.000257360137766, -0.000602438347414, 0.000551893841475, -0.000571080599912, -0.0028778326232, 0.00855870358646, -0.00327061349526, 0.000127026054543, 8.35165337776e-06, -0.00192067841999, 0.00116686010733], [0.000332037394401, -0.00107023760211, 3.04228888126e-05, 6.06138928561e-05, -0.00171202479396, 0.000156070353114, -0.00105332362, -0.00327061349526, 0.0117252953351, -0.00595430471003, 0.000329418136971, 0.000809010874946, -0.00302646495402], [-3.06533365801e-05, 0.00156759086531, -0.000199190209969, -0.000707683328073, 0.000484232004965, -0.000447081169114, 0.000629775400739, 0.000127026054543, -0.00595430471003, 0.0131002841517, -0.00504893157631, -0.00242326385342, 0.00167162111029], [0.000344744970789, -0.0012636174215, 0.0011238277657, 0.000298588507576, 0.000535450060852, -0.000697297102306, -0.00108551292215, 8.35165337776e-06, 0.000329418136971, -0.00504893157631, 0.0148872053251, -0.00413838494569, -0.0036546268966], [-0.000220381843974, 0.00139599223621, -0.00099904416129, 0.00173375813756, -0.00203647091985, 0.0016296308022, 0.000455486704595, -0.00192067841999, 0.000809010874946, -0.00242326385342, -0.00413838494569, 0.0157141163945, -0.00714524742216], [0.000436929636635, -0.00095751916524, 0.000747088168282, -0.00142948166467, 0.00223351945169, -0.000704148842487, 0.00113792635966, 0.00116686010733, -0.00302646495402, 0.00167162111029, -0.0036546268966, -0.00714524742216, 0.0153383770958]]}, "melbands": {"dmean": [0.00340846809559, 0.00366263464093, 0.00217328569852, 0.00102642748971, 0.000416917639086, 0.000168512488017, 6.90701126587e-05, 5.16622094437e-05, 5.29102762812e-05, 4.61988893221e-05, 3.45399894286e-05, 2.55879676843e-05, 4.06696854043e-05, 3.42375315086e-05, 2.50371831498e-05, 1.80706101673e-05, 2.06604672712e-05, 1.75379955181e-05, 1.61468851729e-05, 1.13031755973e-05, 1.09968268589e-05, 8.39508447825e-06, 5.21485344507e-06, 3.69447866433e-06, 5.03368664795e-06, 5.05916250404e-06, 3.56249711331e-06, 4.07657034884e-06, 2.39881728703e-06, 2.60139108832e-06, 2.16075773096e-06, 3.08238304569e-06, 3.73566308554e-06, 2.56473890659e-06, 2.59712192019e-06, 2.58106638285e-06, 2.26451038543e-06, 2.05756782634e-06, 2.48067271968e-06, 2.07735433833e-06], "dmean2": [0.00351021415554, 0.00505890604109, 0.00380239333026, 0.00191973231267, 0.000733507680707, 0.000270953169093, 0.000110341527034, 8.92807001946e-05, 8.76542108017e-05, 7.45923898648e-05, 5.32268168172e-05, 4.0380138671e-05, 6.81737583363e-05, 5.29555327375e-05, 3.90102723031e-05, 2.73573878076e-05, 3.17519661621e-05, 2.67959658231e-05, 2.59856933553e-05, 1.76021767402e-05, 1.72844956978e-05, 1.32620725708e-05, 8.44608985062e-06, 5.71570262764e-06, 8.09978064353e-06, 7.56420558901e-06, 5.47285844732e-06, 6.33371018921e-06, 3.65664027413e-06, 4.19236403104e-06, 3.44229943039e-06, 4.97090695717e-06, 5.75247304369e-06, 3.97283292841e-06, 4.17940736952e-06, 3.87439376937e-06, 3.29374597641e-06, 3.03804858959e-06, 3.74904448108e-06, 3.13835289489e-06], "dvar": [3.19421487802e-05, 7.18222436262e-05, 3.08072631015e-05, 8.35287573864e-06, 1.05732033262e-06, 1.01792196006e-07, 2.9095408749e-08, 1.22573080574e-08, 2.05148875665e-08, 9.91496591496e-08, 2.91855641876e-08, 1.05337720768e-08, 1.80154788865e-08, 3.74577275863e-08, 1.25578907273e-08, 2.72490385811e-09, 1.10351638938e-08, 2.64385469073e-09, 2.1169426212e-09, 1.20014276295e-09, 9.95007853888e-10, 5.8731342012e-10, 1.44931525115e-10, 5.63629802552e-11, 1.07309043595e-10, 2.34755326289e-10, 1.04934914924e-10, 7.11307748813e-11, 3.58722877791e-11, 3.28214504186e-11, 2.12774624309e-11, 8.60566062855e-11, 1.09279696403e-10, 5.10906074391e-11, 4.74253553095e-11, 3.42889917848e-11, 3.38052398574e-11, 4.88765763973e-11, 3.0166830145e-10, 1.63461591485e-10], "dvar2": [4.19448806497e-05, 0.000156017194968, 8.39955828269e-05, 2.39808068727e-05, 3.08911194224e-06, 2.35799106463e-07, 6.54664518152e-08, 3.25800932899e-08, 5.10428925793e-08, 2.5223511102e-07, 6.97210325029e-08, 2.22750422552e-08, 4.66093901252e-08, 8.19374221805e-08, 3.02085929604e-08, 5.27668486683e-09, 2.03328358594e-08, 5.60354385115e-09, 4.57052573566e-09, 2.30525021294e-09, 2.35786146163e-09, 1.33553657022e-09, 3.74908631917e-10, 1.26247734489e-10, 2.46356712807e-10, 4.32649721605e-10, 2.31142757712e-10, 1.57419272062e-10, 7.94555254924e-11, 7.98575372496e-11, 5.17880356654e-11, 2.26595409103e-10, 2.76403872013e-10, 1.21590612578e-10, 1.18809115324e-10, 7.12547659765e-11, 6.74030622982e-11, 1.21216606197e-10, 7.45258299517e-10, 3.72291086848e-10], "max": [0.0524161234498, 0.0601699315012, 0.038905184716, 0.0277304649353, 0.0131606627256, 0.0116629088297, 0.00627776188776, 0.00207252963446, 0.00402234680951, 0.0184309761971, 0.00828695017844, 0.00785336922854, 0.00424495479092, 0.0115624433383, 0.00573175679892, 0.00128961505834, 0.00595488445833, 0.00132549519185, 0.00135308876634, 0.00154461211059, 0.00146108947229, 0.000931814312935, 0.00021198898321, 0.000156818336109, 0.000229737881455, 0.000510193000082, 0.000327512738295, 0.00030372463516, 0.000333992502419, 0.000136514558108, 0.000149328130647, 0.00038157927338, 0.000435744936112, 0.000298940198263, 0.000183212410775, 0.000106011641037, 0.000126155428006, 0.000351265538484, 0.00118238048162, 0.000900059996638], "mean": [0.00838425848633, 0.00432914728299, 0.00198716064915, 0.000721725577023, 0.000438568764366, 0.000231463534874, 8.96079291124e-05, 5.06294272782e-05, 5.82942157052e-05, 5.45936454728e-05, 4.96453176311e-05, 2.90599327855e-05, 3.76335592591e-05, 4.4404539949e-05, 2.78815859929e-05, 2.10978105315e-05, 2.84525831376e-05, 2.1885121896e-05, 1.67748639797e-05, 1.44292343975e-05, 1.75518944161e-05, 8.57098893903e-06, 5.57329758522e-06, 4.13264069721e-06, 5.88446164329e-06, 6.18464491708e-06, 4.35841684521e-06, 5.32574676981e-06, 2.74405397249e-06, 2.36412415688e-06, 2.14717670133e-06, 3.0812186651e-06, 4.2999854486e-06, 2.93486550618e-06, 2.63679089585e-06, 2.96746134154e-06, 2.90759066957e-06, 2.73998875855e-06, 3.04309060084e-06, 2.47786306318e-06], "median": [0.00310587370768, 0.000716247537639, 0.000184921736945, 5.79664592806e-05, 0.000158811657457, 7.35003777663e-05, 2.47766420216e-05, 1.55480120156e-05, 1.49684619828e-05, 9.90661919786e-06, 6.79900131217e-06, 6.02662430538e-06, 5.87212980463e-06, 6.00253133598e-06, 3.58094416697e-06, 2.85965438707e-06, 4.09330277762e-06, 2.79118717117e-06, 2.8227200346e-06, 1.69420479779e-06, 1.22686969917e-06, 1.2478866438e-06, 6.70479494147e-07, 5.42118300473e-07, 4.87205568334e-07, 5.06512151333e-07, 5.73782926949e-07, 7.77960337928e-07, 3.68655378225e-07, 2.53744985912e-07, 3.41595324471e-07, 3.17178830755e-07, 3.67058532902e-07, 3.26422508579e-07, 2.63789274868e-07, 2.45618423378e-07, 2.2950895584e-07, 1.83312749868e-07, 1.84741537623e-07, 1.59920162446e-07], "min": [3.8551905331e-19, 4.42784095033e-19, 5.21165817023e-19, 5.6889532744e-19, 5.49993423262e-19, 4.6803724705e-19, 3.86621840163e-19, 4.02393046668e-19, 5.3930232064e-19, 6.87669778006e-19, 6.67801830271e-19, 4.89363359109e-19, 4.07679299469e-19, 5.53618593996e-19, 5.99964851633e-19, 3.18445975968e-19, 1.53139139202e-19, 2.90875994453e-19, 2.22345114678e-19, 1.28095121708e-19, 1.35702947371e-19, 1.90107960427e-19, 4.34407547162e-19, 1.82632961876e-19, 5.78702380782e-19, 3.90609316005e-19, 1.00480459515e-19, 3.62503631645e-19, 4.94485726751e-19, 1.03825322004e-18, 3.33524987396e-19, 2.40549602202e-19, 5.51428271432e-19, 3.87739904008e-19, 2.07748685589e-19, 1.68754848676e-19, 3.38319274528e-19, 5.67478160255e-19, 2.85812718526e-19, 7.88492134533e-19], "var": [0.000129581560032, 9.23370316741e-05, 2.14212741412e-05, 4.90557158628e-06, 7.42786198771e-07, 2.24684541195e-07, 6.9006546255e-08, 1.16797442828e-08, 2.23266560795e-08, 8.90061286896e-08, 6.10948731605e-08, 2.05944896692e-08, 1.79715460291e-08, 6.72287114867e-08, 1.53593777696e-08, 4.50358328408e-09, 1.99191898531e-08, 3.98444655048e-09, 2.89564972e-09, 2.95002333672e-09, 6.62909593885e-09, 7.39840022579e-10, 2.15266304782e-10, 7.94002502635e-11, 2.28549915104e-10, 4.59006915809e-10, 2.00861174915e-10, 1.12525315454e-10, 4.39216128745e-11, 3.23331535157e-11, 2.18108552053e-11, 7.54352483257e-11, 1.16492163138e-10, 5.95031246498e-11, 4.80775558254e-11, 4.84900834763e-11, 5.5386282366e-11, 6.52028500636e-11, 3.24406557173e-10, 2.62797172912e-10]}, "mfcc": {"mean": [-716.879394531, 119.792030334, 28.3468360901, 21.8142414093, 16.0408306122, 15.9334564209, 6.69627809525, 5.6925368309, 2.88990998268, 6.76539134979, 2.57288646698, 2.48688101768, 8.3407201767], "cov": [[11131.5195312, -2965.69458008, -460.252258301, -262.886901855, -264.905181885, -172.71395874, -220.731918335, -350.676177979, -563.687072754, -363.391479492, -489.332977295, -558.776550293, -644.848632812], [-2965.69458008, 3175.84545898, -320.676605225, 222.248443604, 332.278259277, 96.8577957153, 122.859573364, 259.494506836, 203.461990356, 50.7139625549, 159.865493774, 203.257827759, 168.784118652], [-460.252258301, -320.676605225, 1269.48413086, 241.413314819, -94.0924301147, 46.095905304, -20.7128601074, -66.249961853, 25.1491165161, -29.9204921722, -66.4208450317, -63.5325393677, -88.8540344238], [-262.886901855, 222.248443604, 241.413314819, 440.051025391, 166.632019043, 126.537452698, 65.5523681641, 84.0006866455, 97.7589035034, 58.2717514038, 42.2659873962, 36.5311851501, 30.1849784851], [-264.905181885, 332.278259277, -94.0924301147, 166.632019043, 406.404052734, 256.166717529, 118.269081116, 141.60774231, 136.223403931, 95.7123947144, 92.6401062012, 105.133415222, 58.662273407], [-172.71395874, 96.8577957153, 46.095905304, 126.537452698, 256.166717529, 388.463378906, 159.037857056, 125.150444031, 157.813903809, 104.362228394, 99.3592529297, 100.249160767, 42.8737945557], [-220.731918335, 122.859573364, -20.7128601074, 65.5523681641, 118.269081116, 159.037857056, 204.905883789, 143.051895142, 94.244758606, 93.3902511597, 73.5168762207, 57.0209350586, 37.1388473511], [-350.676177979, 259.494506836, -66.249961853, 84.0006866455, 141.60774231, 125.150444031, 143.051895142, 235.504547119, 153.225479126, 98.40184021, 95.0543441772, 95.0508651733, 74.5687561035], [-563.687072754, 203.461990356, 25.1491165161, 97.7589035034, 136.223403931, 157.813903809, 94.244758606, 153.225479126, 228.665893555, 133.399261475, 114.108688354, 127.782234192, 91.1547775269], [-363.391479492, 50.7139625549, -29.9204921722, 58.2717514038, 95.7123947144, 104.362228394, 93.3902511597, 98.40184021, 133.399261475, 182.717132568, 122.954849243, 88.2388458252, 87.0546112061], [-489.332977295, 159.865493774, -66.4208450317, 42.2659873962, 92.6401062012, 99.3592529297, 73.5168762207, 95.0543441772, 114.108688354, 122.954849243, 175.014190674, 131.122528076, 92.5039672852], [-558.776550293, 203.257827759, -63.5325393677, 36.5311851501, 105.133415222, 100.249160767, 57.0209350586, 95.0508651733, 127.782234192, 88.2388458252, 131.122528076, 184.882751465, 119.254310608], [-644.848632812, 168.784118652, -88.8540344238, 30.1849784851, 58.662273407, 42.8737945557, 37.1388473511, 74.5687561035, 91.1547775269, 87.0546112061, 92.5039672852, 119.254310608, 171.580001831]], "icov": [[0.000176514586201, 0.000153550208779, 0.000155987130711, -0.000102019628685, -5.90212903262e-06, -0.000110092973046, 0.000151202708366, -0.000214171363041, 0.000248482858296, -8.13226797618e-05, 0.000218421002501, -7.3434508522e-05, 0.000543483591173], [0.000153550208779, 0.000540507957339, 0.000215188963921, -0.000233469443629, -0.000297290505841, 0.000199535046704, -1.20220693134e-05, -0.000318809878081, -9.19546946534e-05, 0.000524275761563, -0.00010468121036, -7.69608377595e-05, 0.000283614877844], [0.000155987130711, 0.000215188963921, 0.00124569726177, -0.000898449099623, 0.000651455426123, -0.000409454660257, 7.53609638195e-05, 0.000278233055724, -0.000464216253022, 5.83983273827e-05, 0.000507208984345, -0.000177740148501, 0.000987144885585], [-0.000102019628685, -0.000233469443629, -0.000898449099623, 0.00349068106152, -0.00137389614247, 0.000157646398293, -8.92027674126e-05, -0.000186532590305, -0.000590975978412, 4.19790512751e-06, -0.000401177210733, 0.00103765202221, -0.000895489181858], [-5.90212903262e-06, -0.000297290505841, 0.000651455426123, -0.00137389614247, 0.00571305444464, -0.00325696985237, 0.000948889006395, -0.00141334242653, 0.000907674082555, -0.0012241685763, 0.00101997703314, -0.00149062415585, 0.000743781158235], [-0.000110092973046, 0.000199535046704, -0.000409454660257, 0.000157646398293, -0.00325696985237, 0.00684257224202, -0.00403621606529, 0.00228006416, -0.00338197126985, 0.00151235703379, -0.00125210790429, -0.000175566005055, 0.000263132591499], [0.000151202708366, -1.20220693134e-05, 7.53609638195e-05, -8.92027674126e-05, 0.000948889006395, -0.00403621606529, 0.0122717181221, -0.00706682680175, 0.00396715896204, -0.00437520258129, 0.000758310954552, -0.000195129716303, 0.00157297460828], [-0.000214171363041, -0.000318809878081, 0.000278233055724, -0.000186532590305, -0.00141334242653, 0.00228006416, -0.00706682680175, 0.012687032111, -0.00708817876875, 0.00265362835489, -0.00172495283186, 0.00105853227433, -0.00177148682997], [0.000248482858296, -9.19546946534e-05, -0.000464216253022, -0.000590975978412, 0.000907674082555, -0.00338197126985, 0.00396715896204, -0.00708817876875, 0.0159565936774, -0.00764123164117, 0.00295310979709, -0.00595423672348, 0.0015904934844], [-8.13226797618e-05, 0.000524275761563, 5.83983273827e-05, 4.19790512751e-06, -0.0012241685763, 0.00151235703379, -0.00437520258129, 0.00265362835489, -0.00764123164117, 0.0170409400016, -0.00948293786496, 0.00581893371418, -0.00447584176436], [0.000218421002501, -0.00010468121036, 0.000507208984345, -0.000401177210733, 0.00101997703314, -0.00125210790429, 0.000758310954552, -0.00172495283186, 0.00295310979709, -0.00948293786496, 0.019078373909, -0.0106720179319, 0.0021809625905], [-7.3434508522e-05, -7.69608377595e-05, -0.000177740148501, 0.00103765202221, -0.00149062415585, -0.000175566005055, -0.000195129716303, 0.00105853227433, -0.00595423672348, 0.00581893371418, -0.0106720179319, 0.019472386688, -0.00790864229202], [0.000543483591173, 0.000283614877844, 0.000987144885585, -0.000895489181858, 0.000743781158235, 0.000263132591499, 0.00157297460828, -0.00177148682997, 0.0015904934844, -0.00447584176436, 0.0021809625905, -0.00790864229202, 0.0141167752445]]}, "spectral_contrast_coeffs": {"dmean": [0.0650920197368, 0.0568725503981, 0.0416702069342, 0.0377018377185, 0.0287456270307, 0.0210019592196], "dmean2": [0.104928165674, 0.0914411991835, 0.0662633627653, 0.058693382889, 0.0444676354527, 0.0329497121274], "dvar": [0.00393375428393, 0.00222521671094, 0.00128961994778, 0.00126528029796, 0.000816097774077, 0.00040993388393], "dvar2": [0.00925936177373, 0.00536228856072, 0.00291743385606, 0.00276815379038, 0.00172115990426, 0.000958485645242], "max": [-0.221372067928, -0.451401859522, -0.405984222889, -0.418709933758, -0.460806667805, -0.635705411434], "mean": [-0.61482167244, -0.740498065948, -0.796669125557, -0.790939807892, -0.80541831255, -0.804341197014], "median": [-0.629214763641, -0.745568990707, -0.808117389679, -0.801857292652, -0.81516200304, -0.809642016888], "min": [-0.936762809753, -0.980781078339, -0.982548475266, -0.989075124264, -0.980387628078, -0.920713186264], "var": [0.0111016826704, 0.00624123681337, 0.00440694205463, 0.00470292475075, 0.00330533180386, 0.000941606529523]}, "spectral_contrast_valleys": {"dmean": [0.704062461853, 0.635017514229, 0.624730408192, 0.66363120079, 0.706766784191, 0.87648165226], "dmean2": [1.03212690353, 0.974067568779, 0.919247210026, 0.926284730434, 0.925322413445, 1.16614711285], "dvar": [0.519767522812, 0.472703784704, 0.443496137857, 0.534390866756, 0.578555047512, 0.976170361042], "dvar2": [0.877437353134, 0.989550173283, 0.858667254448, 1.09816503525, 1.13533687592, 2.07042169571], "max": [-5.28456163406, -4.77528619766, -5.17949199677, -5.802339077, -5.96763753891, -7.18862342834], "mean": [-7.85509538651, -7.4