{"lowlevel": {"average_loudness": 0.870148360729, "barkbands_crest": {"dmean": 2.80746078491, "dmean2": 4.13123941422, "dvar": 7.7679901123, "dvar2": 15.7891559601, "max": 26.4927635193, "mean": 13.4024686813, "median": 12.3433742523, "min": 2.17983698845, "var": 47.0459671021}, "barkbands_flatness_db": {"dmean": 0.0307788755745, "dmean2": 0.0435470975935, "dvar": 0.00121006392874, "dvar2": 0.00232296064496, "max": 0.53593146801, "mean": 0.172287926078, "median": 0.154683306813, "min": 0.0182451736182, "var": 0.009038772434}, "barkbands_kurtosis": {"dmean": 14.3520755768, "dmean2": 20.8713150024, "dvar": 1994.54125977, "dvar2": 4757.54931641, "max": 1471.23388672, "mean": 24.1536331177, "median": 6.03953361511, "min": -1.80092644691, "var": 4416.37207031}, "barkbands_skewness": {"dmean": 1.01092553139, "dmean2": 1.43012726307, "dvar": 2.04013824463, "dvar2": 4.43932723999, "max": 31.3221168518, "mean": 2.95405077934, "median": 2.13438510895, "min": -2.21180915833, "var": 9.3603553772}, "barkbands_spread": {"dmean": 4.93812465668, "dmean2": 7.36862897873, "dvar": 50.034702301, "dvar2": 102.194595337, "max": 94.5074386597, "mean": 15.9146471024, "median": 12.3603172302, "min": 0.0893604531884, "var": 190.818267822}, "dissonance": {"dmean": 0.023724578321, "dmean2": 0.038857396692, "dvar": 0.000621151237283, "dvar2": 0.00154350709636, "max": 0.500000059605, "mean": 0.448340773582, "median": 0.460287690163, "min": 0.202973976731, "var": 0.0019418670563}, "dynamic_complexity": 4.90566730499, "erbbands_crest": {"dmean": 2.39882588387, "dmean2": 3.88319134712, "dvar": 5.15191507339, "dvar2": 13.3014764786, "max": 25.2461051941, "mean": 8.21930789948, "median": 7.4600687027, "min": 2.31707978249, "var": 12.8602218628}, "erbbands_flatness_db": {"dmean": 0.0210557822138, "dmean2": 0.0306727103889, "dvar": 0.000610491784755, "dvar2": 0.00121970311739, "max": 0.400955677032, "mean": 0.152180120349, "median": 0.140407323837, "min": 0.0440988950431, "var": 0.00345717580058}, "erbbands_kurtosis": {"dmean": 1.10852134228, "dmean2": 1.72931790352, "dvar": 2.03179717064, "dvar2": 4.58192300797, "max": 20.3970813751, "mean": 0.907440960407, "median": 0.130161523819, "min": -1.82234334946, "var": 5.27612447739}, "erbbands_skewness": {"dmean": 0.384823769331, "dmean2": 0.578728973866, "dvar": 0.137323766947, "dvar2": 0.294191420078, "max": 3.98407244682, "mean": 0.594803392887, "median": 0.510936141014, "min": -2.49694776535, "var": 0.593222856522}, "erbbands_spread": {"dmean": 10.419716835, "dmean2": 15.1670417786, "dvar": 159.745483398, "dvar2": 274.512481689, "max": 166.2865448, "mean": 41.1678161621, "median": 35.5484733582, "min": 3.54272437096, "var": 691.388977051}, "hfc": {"dmean": 10.430855751, "dmean2": 15.1114397049, "dvar": 332.499450684, "dvar2": 735.648498535, "max": 193.957717896, "mean": 18.8307266235, "median": 9.86074733734, "min": 1.12833378018e-16, "var": 603.471435547}, "melbands_crest": {"dmean": 3.53051590919, "dmean2": 5.27634239197, "dvar": 13.0508384705, "dvar2": 26.6152667999, "max": 35.1294441223, "mean": 18.2049751282, "median": 16.9889450073, "min": 1.66028869152, "var": 81.0692596436}, "melbands_flatness_db": {"dmean": 0.0366915948689, "dmean2": 0.0501677580178, "dvar": 0.00168288324494, "dvar2": 0.00297828856856, "max": 0.669666528702, "mean": 0.252337247133, "median": 0.242970690131, "min": 0.0029962209519, "var": 0.0155595298856}, "melbands_kurtosis": {"dmean": 23.1631240845, "dmean2": 33.1111869812, "dvar": 2733.86669922, "dvar2": 6070.59033203, "max": 1238.05419922, "mean": 46.7756309509, "median": 14.0868206024, "min": -1.59587609768, "var": 8756.36035156}, "melbands_skewness": {"dmean": 1.22688066959, "dmean2": 1.72151613235, "dvar": 2.21470427513, "dvar2": 4.29979467392, "max": 28.3077793121, "mean": 4.14388084412, "median": 3.01093220711, "min": -1.16045212746, "var": 12.2874298096}, "melbands_spread": {"dmean": 5.49982404709, "dmean2": 8.18517112732, "dvar": 76.5874938965, "dvar2": 146.789138794, "max": 188.777770996, "mean": 16.9091453552, "median": 9.64311027527, "min": 0.201520994306, "var": 402.983062744}, "pitch_salience": {"dmean": 0.0875526368618, "dmean2": 0.130802512169, "dvar": 0.00781547091901, "dvar2": 0.016394931823, "max": 0.880334317684, "mean": 0.479473829269, "median": 0.527207791805, "min": 0.0187811870128, "var": 0.0463213324547}, "silence_rate_20dB": {"dmean": 0.0431060828269, "dmean2": 0.0862187594175, "dvar": 0.041245508939, "dvar2": 0.112117983401, "max": 1, "mean": 0.973557531834, "median": 1, "min": 0, "var": 0.0257450062782}, "silence_rate_30dB": {"dmean": 0.101498015225, "dmean2": 0.203011542559, "dvar": 0.0911925509572, "dvar2": 0.172814875841, "max": 1, "mean": 0.759189903736, "median": 1, "min": 0, "var": 0.182841867208}, "silence_rate_60dB": {"dmean": 0.0429532267153, "dmean2": 0.0859130173922, "dvar": 0.0411010533571, "dvar2": 0.0869389921427, "max": 1, "mean": 0.170959115028, "median": 0, "min": 0, "var": 0.141719385982}, "spectral_centroid": {"dmean": 244.648635864, "dmean2": 362.850158691, "dvar": 99250.03125, "dvar2": 191328.375, "max": 10792.2226562, "mean": 1130.55236816, "median": 931.721191406, "min": 115.785865784, "var": 541857.125}, "spectral_complexity": {"dmean": 3.35463166237, "dmean2": 5.1593670845, "dvar": 17.5658378601, "dvar2": 39.1930732727, "max": 48, "mean": 11.9034004211, "median": 10, "min": 0, "var": 69.1094512939}, "spectral_decrease": {"dmean": 1.04200985618e-08, "dmean2": 1.53251562551e-08, "dvar": 4.09366523545e-16, "dvar2": 9.9274442528e-16, "max": 4.13874815048e-18, "mean": -1.75813479331e-08, "median": -5.46299405713e-09, "min": -1.76833538035e-07, "var": 6.83317307478e-16}, "spectral_energy": {"dmean": 0.0401236973703, "dmean2": 0.0589620880783, "dvar": 0.00596113689244, "dvar2": 0.0144287832081, "max": 0.674106061459, "mean": 0.0680639073253, "median": 0.0220059715211, "min": 1.03484260897e-20, "var": 0.00999220833182}, "spectral_energyband_high": {"dmean": 0.000700889737345, "dmean2": 0.00101673288736, "dvar": 2.84163797915e-06, "dvar2": 6.27112876828e-06, "max": 0.0162406247109, "mean": 0.00101582391653, "median": 0.000163200558745, "min": 7.35116056611e-21, "var": 4.2661513362e-06}, "spectral_energyband_low": {"dmean": 0.0329268164933, "dmean2": 0.0479301661253, "dvar": 0.00522328447551, "dvar2": 0.012717243284, "max": 0.663892507553, "mean": 0.0542172603309, "median": 0.00635222252458, "min": 3.94619621456e-23, "var": 0.00854638777673}, "spectral_energyband_middle_high": {"dmean": 0.00121018569916, "dmean2": 0.00197242572904, "dvar": 2.95924451166e-06, "dvar2": 7.38940070732e-06, "max": 0.0250786356628, "mean": 0.00291138282046, "median": 0.00164764281362, "min": 1.75341893074e-21, "var": 1.14395224955e-05}, "spectral_energyband_middle_low": {"dmean": 0.0104089202359, "dmean2": 0.0169099234045, "dvar": 0.000552643323317, "dvar2": 0.00142862542998, "max": 0.240027755499, "mean": 0.0111811859533, "median": 0.00459173787385, "min": 2.4116106437e-22, "var": 0.000459248927655}, "spectral_entropy": {"dmean": 0.209267109632, "dmean2": 0.301897346973, "dvar": 0.064948387444, "dvar2": 0.123816527426, "max": 9.81182003021, "mean": 7.49029493332, "median": 7.63066482544, "min": 5.55386304855, "var": 0.379846572876}, "spectral_flux": {"dmean": 0.0605608262122, "dmean2": 0.0955222696066, "dvar": 0.00790242478251, "dvar2": 0.018453091383, "max": 0.651688337326, "mean": 0.107865929604, "median": 0.0680034011602, "min": 1.01727216928e-10, "var": 0.0121608357877}, "spectral_kurtosis": {"dmean": 2.4563703537, "dmean2": 4.01693487167, "dvar": 21.2658309937, "dvar2": 53.9022483826, "max": 79.8791656494, "mean": 6.29249477386, "median": 3.56321144104, "min": -1.17472398281, "var": 60.1683578491}, "spectral_rms": {"dmean": 0.00198489706963, "dmean2": 0.00270490720868, "dvar": 8.03062721388e-06, "dvar2": 1.75237801159e-05, "max": 0.0256449691951, "mean": 0.00629947707057, "median": 0.00463349139318, "min": 3.17742446937e-12, "var": 2.67201285169e-05}, "spectral_rolloff": {"dmean": 429.131164551, "dmean2": 684.27154541, "dvar": 804994.375, "dvar2": 1634298, "max": 19099.9511719, "mean": 1259.45178223, "median": 581.396484375, "min": 64.599609375, "var": 3895245.5}, "spectral_skewness": {"dmean": 0.295026570559, "dmean2": 0.457666069269, "dvar": 0.167463183403, "dvar2": 0.387628555298, "max": 7.07467651367, "mean": 1.84666144848, "median": 1.57425916195, "min": 0.0109825860709, "var": 0.771916329861}, "spectral_spread": {"dmean": 600277.375, "dmean2": 877187.875, "dvar": 643073835008, "dvar2": 1079453810690.0, "max": 39190356, "mean": 5190157.5, "median": 4836171, "min": 964225.5625, "var": 4049944444930.0}, "spectral_strongpeak": {"dmean": 0.307980328798, "dmean2": 0.485643446445, "dvar": 0.18166230619, "dvar2": 0.500815153122, "max": 6.66054964066, "mean": 0.685413777828, "median": 0.601978600025, "min": 0, "var": 0.307549506426}, "zerocrossingrate": {"dmean": 0.0110316704959, "dmean2": 0.0120380753651, "dvar": 0.000188707446796, "dvar2": 0.000182751973625, "max": 0.53125, "mean": 0.0548915453255, "median": 0.04052734375, "min": 0.001953125, "var": 0.00290333922021}, "barkbands": {"dmean": [0.00152741069905, 0.0276027712971, 0.0049298517406, 0.00383130460978, 0.00503605883569, 0.00135891907848, 0.000609565584455, 0.000491503742523, 0.000338922458468, 0.000438844697783, 0.000413680332713, 0.000281333283056, 0.000132986038807, 0.000258683110587, 0.000114655122161, 9.98557079583e-05, 6.49451176287e-05, 6.82864119881e-05, 9.63958518696e-05, 7.56003937568e-05, 0.000136065631523, 0.000144754652865, 0.000128958068672, 0.000128540748847, 0.000101443227322, 6.70796289342e-05, 8.4976954895e-06], "dmean2": [0.00245349435136, 0.0413124077022, 0.00675101019442, 0.00668603787199, 0.0082938419655, 0.00231480016373, 0.000940827827435, 0.000777470180765, 0.000515643507242, 0.0007114278269, 0.000676940078847, 0.000454416673165, 0.000221301612328, 0.00043486332288, 0.000197656438104, 0.000174270855496, 0.000111827102955, 0.00011520809494, 0.000163805743796, 0.000123893347336, 0.000225972413318, 0.000235589453951, 0.000200150330784, 0.000185394921573, 0.000147132421262, 9.68775057117e-05, 1.18717098303e-05], "dvar": [1.83553602255e-05, 0.00444772606716, 0.000180296978215, 0.00018317476497, 0.000118754389405, 8.2634987848e-06, 9.24742096231e-07, 5.9598187363e-07, 3.03744940311e-07, 4.94238861393e-07, 4.75715069115e-07, 2.41603231643e-07, 1.40713140695e-07, 5.00030580497e-07, 1.8226265297e-07, 5.151526139e-08, 2.55720031817e-08, 3.29036744517e-08, 4.58112339174e-08, 2.45418867451e-08, 1.00137000913e-07, 1.31891709998e-07, 9.80005836482e-08, 1.18422782691e-07, 6.44685016482e-08, 2.95547284423e-08, 7.0293476595e-10], "dvar2": [4.87321303808e-05, 0.0114832771942, 0.000371913454728, 0.000493233965244, 0.000313980621286, 2.15599557123e-05, 2.38803886532e-06, 1.48669846567e-06, 7.05955130798e-07, 1.16682826956e-06, 1.24137659441e-06, 6.12588451077e-07, 3.58527501021e-07, 1.25683959595e-06, 4.73734360185e-07, 1.47257480876e-07, 7.02056084378e-08, 8.58365680756e-08, 1.260331004e-07, 6.0609671948e-08, 2.4280942057e-07, 3.29076016214e-07, 2.274444455e-07, 2.54998951732e-07, 1.38171571962e-07, 6.25591454195e-08, 1.30132615794e-09], "max": [0.0427193790674, 0.641711294651, 0.149144247174, 0.131221935153, 0.0933886989951, 0.0320799015462, 0.0198924392462, 0.0176702961326, 0.0113369077444, 0.0119572104886, 0.0107083451003, 0.0079743321985, 0.0107041690499, 0.0196820050478, 0.0123406900093, 0.00420481571928, 0.00575196975842, 0.00562604097649, 0.00468860100955, 0.00316991866566, 0.00454821856692, 0.00359100219794, 0.00376000325195, 0.0043872455135, 0.00255031185225, 0.00176486175042, 0.000348959758412], "mean": [0.00234782276675, 0.0442945063114, 0.00635597715154, 0.00279556051828, 0.00407349457964, 0.00126677798107, 0.00117655389477, 0.00114465004299, 0.000662375881802, 0.000628276146017, 0.00064672366716, 0.000466774916276, 0.000190909180674, 0.000346982706105, 0.000126158513012, 0.00013850851974, 8.34768870845e-05, 0.000101673300378, 0.000146599602886, 0.000121708479128, 0.000173303953488, 0.000187971396372, 0.00018358550733, 0.000179015449248, 0.000132626810228, 8.11163772596e-05, 1.02709655039e-05], "median": [0.000187675410416, 0.00247856439091, 0.00038006019895, 0.000164262164617, 0.000279394444078, 0.000333121686708, 0.000792116275989, 0.000641697377432, 0.000201190036023, 0.000196031338419, 0.000268395146122, 0.000222139133257, 6.51952213957e-05, 0.000103812490124, 3.37635938195e-05, 3.02966236632e-05, 2.55662616837e-05, 2.12961422221e-05, 3.16802834277e-05, 2.67774357781e-05, 3.43324572896e-05, 2.67655050266e-05, 2.49224158324e-05, 1.7171849322e-05, 1.22234005175e-05, 5.46285855307e-06, 2.60713051148e-07], "min": [7.15352676705e-25, 2.71392732302e-23, 1.19826425336e-23, 1.34709645126e-24, 3.79268482903e-23, 2.41998938781e-23, 7.82503948502e-23, 3.53308080254e-23, 5.07700623408e-23, 1.07400660699e-22, 1.61339725602e-22, 5.17622821211e-23, 1.80523484909e-22, 6.28752307502e-23, 1.52542247813e-22, 1.58965759148e-22, 2.06144033658e-22, 2.77084224893e-22, 3.07473848022e-22, 2.29805733494e-22, 5.43018222747e-22, 4.35280573291e-22, 6.0940719143e-22, 6.13679308683e-22, 1.14595210994e-21, 1.9828003959e-21, 2.07311514981e-21], "var": [2.30360219575e-05, 0.00636399677023, 0.000317130528856, 0.000124936515931, 9.42110782489e-05, 6.56534439258e-06, 1.81544942279e-06, 1.90624757579e-06, 1.21815367038e-06, 9.63101911111e-07, 9.47026364884e-07, 5.07030222252e-07, 2.75189250942e-07, 6.66380287839e-07, 1.9027558551e-07, 9.66338689068e-08, 3.11950500986e-08, 6.80021585708e-08, 7.90287160157e-08, 4.73026595671e-08, 1.2105049052e-07, 1.64488724863e-07, 1.43294613508e-07, 1.7789621154e-07, 9.00100260992e-08, 4.0772381027e-08, 1.197355326e-09]}, "erbbands": {"dmean": [0.988763511181, 5.46498775482, 6.22700119019, 8.61123180389, 13.0821456909, 17.6189174652, 17.5523891449, 10.6451101303, 7.74926280975, 12.1825380325, 8.2288274765, 5.92787122726, 11.6939239502, 9.44555282593, 18.5265960693, 9.51003170013, 6.75613451004, 8.65957927704, 11.282409668, 4.15927028656, 5.30121231079, 4.17173337936, 3.51060962677, 4.93186283112, 3.94052696228, 3.23630166054, 4.47370672226, 5.76237392426, 5.94125032425, 3.74537539482, 4.0125541687, 2.96998476982, 1.91200995445, 1.21474516392, 0.695424377918, 0.317448407412, 0.131034329534, 0.0201200693846, 0.0012489350047, 7.04214107827e-05], "dmean2": [1.3857678175, 8.58324337006, 8.52284049988, 14.0031433105, 23.4541015625, 29.2671833038, 26.1326789856, 18.2573108673, 11.6060438156, 19.6072502136, 12.749171257, 9.15039634705, 19.1909160614, 15.0813627243, 30.7992687225, 15.3999509811, 11.0755434036, 14.6457023621, 19.1650295258, 7.02148342133, 9.26327419281, 7.15068912506, 5.8316116333, 8.39755344391, 6.58088493347, 5.35629272461, 7.28035926819, 9.55948734283, 9.81668376923, 5.83802700043, 6.22487974167, 4.34232807159, 2.82012534142, 1.7647947073, 1.03039908409, 0.456078827381, 0.186547473073, 0.0301460139453, 0.00174185284413, 0.000100318313343], "dvar": [4.59609699249, 213.057891846, 269.20324707, 626.580505371, 2155.6796875, 1409.53417969, 1184.9576416, 516.592651367, 173.384384155, 346.684570312, 153.209686279, 98.5164871216, 327.241821289, 225.475021362, 1108.05749512, 245.787521362, 272.313964844, 428.527709961, 1078.10449219, 176.755218506, 136.028564453, 115.972686768, 105.046661377, 108.718399048, 65.050201416, 42.0992279053, 81.2716217041, 208.497116089, 232.156814575, 77.6687164307, 97.7459411621, 68.1891021729, 24.3364391327, 9.32352542877, 2.9963054657, 0.627164900303, 0.117953941226, 0.0033073364757, 1.57131653395e-05, 1.67693503528e-08], "dvar2": [10.1357955933, 585.416748047, 526.388427734, 1528.71740723, 6018.01416016, 3718.77539062, 2680.77905273, 1388.2611084, 418.467102051, 899.776428223, 358.827606201, 238.51524353, 800.05456543, 549.558837891, 2919.63427734, 628.437255859, 692.211486816, 1114.15356445, 2775.41748047, 459.607574463, 385.151153564, 319.750152588, 261.674163818, 301.012969971, 167.181442261, 104.733261108, 192.92628479, 511.489379883, 586.028686523, 183.664962769, 225.45010376, 153.124160767, 51.1612586975, 19.1133499146, 6.59739780426, 1.36934709549, 0.255312353373, 0.00589563790709, 3.025940714e-05, 3.48438788933e-08], "max": [16.45977211, 148.176681519, 180.122970581, 235.188247681, 458.583984375, 238.513763428, 217.053848267, 298.164550781, 342.799438477, 334.276367188, 274.453094482, 213.894897461, 263.263671875, 366.734161377, 579.111816406, 310.828948975, 456.781036377, 456.766448975, 801.011413574, 443.681182861, 212.930587769, 399.653961182, 358.077209473, 197.418762207, 152.848144531, 104.597724915, 139.84677124, 235.222488403, 161.816543579, 88.2006835938, 111.425697327, 106.335838318, 62.5617980957, 32.6631774902, 15.4287805557, 7.8953537941, 3.63464188576, 0.569310367107, 0.0694490671158, 0.00159231945872], "mean": [1.797326684, 7.75686359406, 9.1848783493, 7.65404605865, 9.02711200714, 14.0436201096, 17.4506835938, 10.3802986145, 15.8756427765, 22.7393932343, 21.7328014374, 11.8385400772, 17.5550136566, 16.0087413788, 29.6629772186, 16.6756706238, 10.7517910004, 12.8002080917, 13.7571125031, 5.9477596283, 7.30627965927, 5.70203542709, 5.51235771179, 7.75739240646, 6.25705289841, 5.19615268707, 6.22929000854, 7.07158565521, 7.39748859406, 5.32491350174, 5.54286575317, 4.01040220261, 2.70461297035, 1.69722545147, 0.855487883091, 0.383456200361, 0.152688443661, 0.0263957437128, 0.00143193395343, 0.000109048880404], "median": [0.0483469255269, 0.52239125967, 0.737335383892, 0.763591766357, 0.608929216862, 0.929871201515, 1.99389111996, 3.68052768707, 9.81396961212, 15.3524560928, 11.5304632187, 4.6558175087, 5.7753944397, 9.07030010223, 10.2441616058, 9.14492225647, 4.63332462311, 4.59875631332, 3.93848514557, 1.84070813656, 1.70368254185, 1.6521075964, 1.35307812691, 1.43270254135, 1.56308305264, 1.29324531555, 1.30127704144, 1.3200378418, 1.01977992058, 0.818121373653, 0.694940328598, 0.423197716475, 0.262373447418, 0.150204226375, 0.080162756145, 0.0299763940275, 0.00910994876176, 0.00136306218337, 7.44448479963e-05, 3.80692072213e-05], "min": [1.07223983624e-21, 4.91139175328e-21, 1.4124325448e-20, 7.75429640804e-21, 5.79872479457e-20, 1.23947586418e-19, 2.49476509523e-19, 1.42303538467e-19, 2.76686150484e-19, 1.82520710882e-18, 9.30441187333e-19, 1.33951746561e-18, 2.59507237673e-18, 3.23722840269e-18, 6.63186059055e-18, 2.91239395575e-18, 5.48594826283e-18, 5.64621657446e-18, 7.75346001212e-18, 6.04061050026e-18, 1.2078374672e-17, 1.08025403942e-17, 1.25516303431e-17, 1.94789437184e-17, 1.29099591942e-17, 1.08664624304e-17, 2.16895640531e-17, 1.93194566789e-17, 1.38097025716e-17, 1.6937548746e-17, 1.78026622071e-17, 1.2325247553e-17, 1.02427351613e-17, 9.70202208415e-18, 1.05542455897e-17, 6.79698693392e-18, 3.95056497472e-18, 1.28982200537e-18, 3.27688478542e-19, 2.72027165544e-20], "var": [9.74732112885, 242.927124023, 535.371826172, 546.525817871, 1332.72314453, 1133.6817627, 1359.05236816, 396.198394775, 403.731689453, 638.082702637, 794.622924805, 357.112121582, 673.487304688, 481.931854248, 2225.74511719, 527.344848633, 547.77746582, 768.808959961, 1188.79711914, 225.093063354, 247.777572632, 146.739959717, 205.187728882, 210.576782227, 122.600868225, 75.9883346558, 133.137802124, 232.075790405, 267.880249023, 115.949707031, 140.559082031, 97.4668807983, 36.7860527039, 14.3987855911, 3.80953383446, 0.809942305088, 0.162416025996, 0.00578253762797, 2.41887501033e-05, 2.87444237301e-08]}, "gfcc": {"mean": [-41.8293495178, 84.807258606, -101.115524292, 17.9015445709, -62.6224937439, 19.0437049866, -29.5997333527, 10.5403347015, -19.3657398224, 12.3228168488, -9.23298740387, 5.00268888474, -11.462428093], "cov": [[14945.1923828, -692.152404785, 1335.83081055, 1192.93322754, -204.743103027, 803.175720215, 212.749984741, 585.454223633, 108.083625793, 138.177124023, -150.258239746, 164.573303223, -104.703338623], [-692.152404785, 2585.28735352, 564.737548828, -64.7470855713, 633.018920898, -20.4636573792, 375.917785645, -90.5259399414, 290.994812012, -48.8072357178, 257.987457275, -77.8054656982, 204.800369263], [1335.83081055, 564.737548828, 1398.4387207, 680.255187988, 553.215820312, 314.284423828, 303.272125244, 105.131484985, 181.034255981, 24.4289016724, 98.1971282959, 11.7631378174, 56.4320259094], [1192.93322754, -64.7470855713, 680.255187988, 928.699279785, 410.680755615, 307.564483643, 98.0323104858, 92.1348190308, 31.9162464142, -7.87511205673, -32.3679008484, -25.0795269012, 6.73442697525], [-204.743103027, 633.018920898, 553.215820312, 410.680755615, 635.283203125, 217.663024902, 277.388702393, 75.2067337036, 173.239562988, 37.763381958, 89.5100326538, -33.7077178955, 58.5105361938], [803.175720215, -20.4636573792, 314.284423828, 307.564483643, 217.663024902, 316.949523926, 207.25189209, 154.540435791, 87.9236450195, 36.053401947, 31.6366100311, 15.0876579285, -1.66006863117], [212.749984741, 375.917785645, 303.272125244, 98.0323104858, 277.388702393, 207.25189209, 330.987121582, 165.14112854, 180.47819519, 56.8615341187, 107.118812561, 5.47445774078, 33.0735321045], [585.454223633, -90.5259399414, 105.131484985, 92.1348190308, 75.2067337036, 154.540435791, 165.14112854, 194.134475708, 115.383026123, 69.361114502, 32.6558074951, 8.71534252167, -18.3758773804], [108.083625793, 290.994812012, 181.034255981, 31.9162464142, 173.239562988, 87.9236450195, 180.47819519, 115.383026123, 202.182357788, 88.3119735718, 104.687232971, -8.5690984726, 20.5797615051], [138.177124023, -48.8072357178, 24.4289016724, -7.87511205673, 37.763381958, 36.053401947, 56.8615341187, 69.361114502, 88.3119735718, 117.134132385, 63.3926506042, 16.2144260406, -13.5654163361], [-150.258239746, 257.987457275, 98.1971282959, -32.3679008484, 89.5100326538, 31.6366100311, 107.118812561, 32.6558074951, 104.687232971, 63.3926506042, 135.354644775, 36.1541519165, 43.7020683289], [164.573303223, -77.8054656982, 11.7631378174, -25.0795269012, -33.7077178955, 15.0876579285, 5.47445774078, 8.71534252167, -8.5690984726, 16.2144260406, 36.1541519165, 87.9358215332, 48.3704185486], [-104.703338623, 204.800369263, 56.4320259094, 6.73442697525, 58.5105361938, -1.66006863117, 33.0735321045, -18.3758773804, 20.5797615051, -13.5654163361, 43.7020683289, 48.3704185486, 101.753105164]], "icov": [[0.000119730008009, -0.000121683049656, -0.000104099432065, -0.000140495612868, 0.000339507911121, -0.000239484026679, 0.000133081834065, -0.000263525813352, -7.76266460889e-05, -0.000226163785555, 0.000421879347414, -0.000379641773179, 0.00012999282626], [-0.000121683049656, 0.0012630551355, -0.000110457716801, 0.00053622800624, -0.000950161716901, 0.000673701812048, -0.000893430726137, 0.00123677612282, -0.000585474364925, 0.00143683329225, -0.00176587386522, 0.00222941325046, -0.00156190956477], [-0.000104099432065, -0.000110457716801, 0.0017438166542, -0.00110008544289, -0.000368631444871, 0.00027934164973, -0.00125009741168, 0.0014971914934, -0.00122515542898, 0.000641481019557, 7.1530797868e-05, -0.00163303920999, 0.00119302072562], [-0.000140495612868, 0.00053622800624, -0.00110008544289, 0.00386417517439, -0.00254290085286, -0.00245600845665, 0.003631898202, -0.00198792479932, 0.00146772409789, 0.000747820362449, -0.00121645501349, 0.00307825859636, -0.00212484132499], [0.000339507911121, -0.000950161716901, -0.000368631444871, -0.00254290085286, 0.00657451990992, -0.00103131623473, -0.00390628399327, 0.0030554283876, -0.00169354258105, -0.0030913008377, 0.00308612082154, 3.60966187145e-05, -0.000753581232857], [-0.000239484026679, 0.000673701812048, 0.00027934164973, -0.00245600845665, -0.00103131623473, 0.0115367947146, -0.00648947805166, -0.00224912492558, 0.0016919214977, 0.00123409775551, -0.000600205908995, -0.00242474977858, 0.00212239217944], [0.000133081834065, -0.000893430726137, -0.00125009741168, 0.003631898202, -0.00390628399327, -0.00648947805166, 0.0188010502607, -0.0112581662834, -0.0012156261364, 0.00432963436469, -0.0056034643203, 0.00179314229172, -0.00123844540212], [-0.000263525813352, 0.00123677612282, 0.0014971914934, -0.00198792479932, 0.0030554283876, -0.00224912492558, -0.0112581662834, 0.0236953627318, -0.0107100233436, -0.0034596612677, 0.0075435298495, -0.00461787451059, 0.00334588601254], [-7.76266460889e-05, -0.000585474364925, -0.00122515542898, 0.00146772409789, -0.00169354258105, 0.0016919214977, -0.0012156261364, -0.0107100233436, 0.0243013203144, -0.00849437341094, -0.00931985583156, 0.0117389643565, -0.00648174481466], [-0.000226163785555, 0.00143683329225, 0.000641481019557, 0.000747820362449, -0.0030913008377, 0.00123409775551, 0.00432963436469, -0.0034596612677, -0.00849437341094, 0.022803761065, -0.00930180307478, -0.00467651383951, 0.00721195759252], [0.000421879347414, -0.00176587386522, 7.1530797868e-05, -0.00121645501349, 0.00308612082154, -0.000600205908995, -0.0056034643203, 0.0075435298495, -0.00931985583156, -0.00930180307478, 0.0262064151466, -0.0121032474563, 0.000571381940972], [-0.000379641773179, 0.00222941325046, -0.00163303920999, 0.00307825859636, 3.60966187145e-05, -0.00242474977858, 0.00179314229172, -0.00461787451059, 0.0117389643565, -0.00467651383951, -0.0121032474563, 0.0335927456617, -0.0194214377552], [0.00012999282626, -0.00156190956477, 0.00119302072562, -0.00212484132499, -0.000753581232857, 0.00212239217944, -0.00123844540212, 0.00334588601254, -0.00648174481466, 0.00721195759252, 0.000571381940972, -0.0194214377552, 0.0253182724118]]}, "melbands": {"dmean": [0.00824471283704, 0.00443738419563, 0.00164077081718, 0.00104386871681, 0.000730945903342, 0.000240146677243, 0.000113721929665, 0.000133526235004, 7.01066455804e-05, 3.76362513634e-05, 6.34752504993e-05, 4.40124422312e-05, 5.29091703356e-05, 3.54865223926e-05, 2.883925481e-05, 1.41687678479e-05, 1.78035788849e-05, 2.27179752983e-05, 8.40427128423e-06, 6.55035455566e-06, 5.87598651691e-06, 5.02931789015e-06, 2.81223310594e-06, 3.3477983834e-06, 4.44072384198e-06, 3.55150564246e-06, 2.88384399028e-06, 2.28903923016e-06, 2.68288886218e-06, 3.80494066121e-06, 2.81915208689e-06, 3.26089070768e-06, 3.134772669e-06, 1.92719630832e-06, 2.62091134573e-06, 1.81246502962e-06, 1.93928713088e-06, 1.44133741742e-06, 1.18324533105e-06, 9.90597868622e-07], "dmean2": [0.0121436417103, 0.00651134178042, 0.00266489898786, 0.00182679668069, 0.00110309338197, 0.000410367152654, 0.000173637788976, 0.000213228791836, 0.000106781801151, 5.85859379498e-05, 0.000103812642919, 7.00060918462e-05, 8.72590462677e-05, 5.88271323068e-05, 4.72652209282e-05, 2.33677928918e-05, 3.01783056784e-05, 3.85378007195e-05, 1.42113067341e-05, 1.14178719741e-05, 1.03058901004e-05, 8.71499287314e-06, 4.63868946099e-06, 5.67559527553e-06, 7.56055669626e-06, 6.01137253398e-06, 4.87776469527e-06, 3.8293351281e-06, 4.35960555478e-06, 6.32731052974e-06, 4.70072654934e-06, 5.41053896086e-06, 5.19477634953e-06, 3.01474074149e-06, 4.18318677475e-06, 2.74055332738e-06, 2.96623466056e-06, 2.15484146793e-06, 1.75048785422e-06, 1.4661819705e-06], "dvar": [0.000361605169019, 0.00012017354311, 2.4414372092e-05, 6.68063375997e-06, 2.21869686357e-06, 2.55486696688e-07, 3.57458347366e-08, 3.9925872386e-08, 1.12269695762e-08, 4.54024773333e-09, 9.77291936266e-09, 4.64845850701e-09, 8.1651396755e-09, 4.05548972182e-09, 3.28410898476e-09, 2.82009726682e-09, 1.73597769493e-09, 4.66795091469e-09, 1.57490354091e-09, 2.65337335437e-10, 1.74899747463e-10, 1.88076554331e-10, 5.14801014317e-11, 1.03446140542e-10, 9.30972660074e-11, 6.8333880221e-11, 5.26697019332e-11, 2.46989147884e-11, 2.92758942089e-11, 8.81463235736e-11, 4.70102255734e-11, 6.54702125846e-11, 6.90253479374e-11, 1.87636850502e-11, 4.07394534774e-11, 2.33818017031e-11, 3.1508153725e-11, 1.43054864829e-11, 8.29150203357e-12, 6.4416562362e-12], "dvar2": [0.000899290142115, 0.000285171932774, 6.06432804489e-05, 1.83650081453e-05, 5.18703654961e-06, 6.84157328124e-07, 8.97804426359e-08, 1.02662731649e-07, 2.48105873624e-08, 1.12800844221e-08, 2.37041852813e-08, 1.11465059405e-08, 2.13643893687e-08, 1.06380939613e-08, 8.41751202074e-09, 7.26873938817e-09, 4.47748282895e-09, 1.18767751189e-08, 4.00932131939e-09, 7.64405927445e-10, 4.92838714283e-10, 5.23199761293e-10, 1.22698184946e-10, 2.83747830787e-10, 2.59968574445e-10, 1.83715861968e-10, 1.42894654442e-10, 6.34991989545e-11, 7.15021167275e-11, 2.13307829733e-10, 1.16954876339e-10, 1.63298929934e-10, 1.78924902672e-10, 4.43017879326e-11, 9.63772048279e-11, 5.04621830433e-11, 7.57178000854e-11, 3.11885899051e-11, 1.65934453678e-11, 1.38294471361e-11], "max": [0.171027988195, 0.110286809504, 0.0491151772439, 0.0236828401685, 0.00874960515648, 0.00648189801723, 0.00453877262771, 0.00416406663135, 0.00218496704474, 0.00161211413797, 0.00148428964894, 0.00154701643623, 0.00145145028364, 0.00111446715891, 0.00131739058997, 0.0014808375854, 0.000789771496784, 0.00186163070612, 0.00136481039226, 0.000310968054691, 0.000263380177785, 0.000499239366036, 0.000226895994274, 0.00028180424124, 0.000186067336472, 0.000181540453923, 0.000204249081435, 9.65786748566e-05, 0.000121011762531, 0.000146818070789, 0.000101545447251, 9.56020157901e-05, 8.55693142512e-05, 5.36138977623e-05, 6.81560049998e-05, 6.38862256892e-05, 7.39956522011e-05, 5.11904618179e-05, 2.90167008643e-05, 3.08288508677e-05], "mean": [0.0137595934793, 0.00659521110356, 0.00143133406527, 0.00075346394442, 0.000698742049281, 0.000244855269557, 0.000227283060667, 0.000259369873675, 0.000177388996235, 6.88875079504e-05, 9.32611874305e-05, 6.96674687788e-05, 8.50735523272e-05, 5.92578398937e-05, 4.17036535509e-05, 2.04287134693e-05, 2.4768340154e-05, 2.6547761081e-05, 9.97872939479e-06, 8.60316504259e-06, 7.54017582949e-06, 6.15211729382e-06, 4.14695387008e-06, 5.00182977703e-06, 6.66207097311e-06, 4.97575729241e-06, 4.17346063841e-06, 3.37090864377e-06, 4.01255329052e-06, 4.24465315518e-06, 3.55835982191e-06, 4.11724795413e-06, 3.72890735889e-06, 2.7919461445e-06, 3.45643024957e-06, 2.56523662756e-06, 2.46190529651e-06, 1.99191140382e-06, 1.59759292728e-06, 1.360009378e-06], "median": [0.000621558574494, 0.000819329114165, 0.000129025444039, 5.86696914979e-05, 6.73742470099e-05, 0.000101877943962, 0.000143622426549, 0.000161636300618, 8.11284335214e-05, 2.36099403992e-05, 2.87081857095e-05, 3.48178000422e-05, 3.34234064212e-05, 2.50870816672e-05, 1.68072820088e-05, 3.90037666875e-06, 8.82044787431e-06, 6.91724198987e-06, 2.30405134971e-06, 2.06470213016e-06, 1.67685163888e-06, 1.59379396791e-06, 1.32282161758e-06, 9.48531351241e-07, 1.13285102543e-06, 1.07212792955e-06, 9.92453237814e-07, 7.60219336371e-07, 7.2928287409e-07, 7.68623181102e-07, 6.88640284352e-07, 5.59174679893e-07, 4.5680343419e-07, 4.32408370443e-07, 4.08642193861e-07, 3.14532684342e-07, 2.26075385967e-07, 1.98192040557e-07, 1.35431250214e-07, 1.18861670728e-07], "min": [7.88524850475e-24, 7.02066957441e-24, 2.00283698011e-24, 7.80784783932e-24, 7.53615152178e-24, 3.32002012167e-24, 7.60925447301e-24, 1.6924673089e-23, 6.705268785e-24, 8.56464154874e-24, 1.37875973055e-23, 1.28010336579e-23, 2.59893633104e-23, 7.43964070092e-24, 1.12387956093e-23, 1.41136666498e-23, 9.19976135214e-24, 1.17396347206e-23, 9.42230059123e-24, 8.10529573224e-24, 1.56338868111e-23, 1.16738744867e-23, 9.13032739299e-24, 1.35098015154e-23, 1.66232982465e-23, 8.79593714387e-24, 7.76635612228e-24, 6.61688993678e-24, 1.60181788234e-23, 9.52014143158e-24, 1.21724101241e-23, 7.32339573565e-24, 8.529590881e-24, 9.78074320934e-24, 9.27359794401e-24, 1.01038803576e-23, 7.01143201321e-24, 6.48557457277e-24, 7.57000706525e-24, 8.62054654337e-24], "var": [0.000586551905144, 0.000191306520719, 2.05798642128e-05, 4.43940689365e-06, 2.39731889451e-06, 1.99796943434e-07, 7.60697744795e-08, 8.72521113138e-08, 6.32110470633e-08, 1.46221879049e-08, 1.9936438278e-08, 9.67732827206e-09, 1.66609162022e-08, 8.95193341677e-09, 5.06491648622e-09, 5.59361845731e-09, 2.66937982829e-09, 5.16295406428e-09, 1.80410764106e-09, 4.02685162992e-10, 2.88291585049e-10, 2.18317516842e-10, 7.88732620882e-11, 2.12884043727e-10, 1.6991824614e-10, 1.0545556095e-10, 8.72864835966e-11, 3.8896417337e-11, 6.15720252561e-11, 9.22524001634e-11, 5.4105515207e-11, 8.05457506248e-11, 7.66448779443e-11, 2.97672025917e-11, 5.565086586e-11, 3.43258824143e-11, 4.06116910934e-11, 2.06432423239e-11, 1.28393771309e-11, 9.46011758512e-12]}, "mfcc": {"mean": [-688.857910156, 122.854812622, 14.2748889923, 9.24765968323, -5.62453746796, 7.27286434174, 2.67049431801, 2.10054779053, -0.680147826672, 3.93881869316, 3.65290808678, 5.95724010468, 5.41568183899], "cov": [[10845.5595703, -1233.81811523, 1228.74804688, 390.84362793, 142.390579224, 299.408233643, 260.197662354, 491.369720459, 248.445739746, 192.926452637, 124.48160553, -78.5828704834, 56.0249214172], [-1233.81811523, 2582.08007812, 89.0196685791, 135.941772461, 158.339492798, 139.653045654, 123.728546143, 63.9453582764, 114.635040283, 63.538860321, 51.8730049133, 181.974685669, 144.350631714], [1228.74804688, 89.0196685791, 913.26184082, 426.825500488, 332.005187988, 279.708770752, 198.13218689, 202.181976318, 106.881767273, 90.5129928589, 81.8297271729, 19.3694705963, 43.4719009399], [390.84362793, 135.941772461, 426.825500488, 579.131713867, 426.176513672, 286.805023193, 167.911071777, 109.721427917, 91.3983840942, 82.1712036133, 60.4646224976, 4.04303741455, -28.975019455], [142.390579224, 158.339492798, 332.005187988, 426.176513672, 420.343048096, 279.912567139, 166.373397827, 112.69682312, 96.3849182129, 87.8172073364, 61.3233528137, 19.3190441132, -3.14758372307], [299.408233643, 139.653045654, 279.708770752, 286.805023193, 279.912567139, 270.255554199, 180.993560791, 134.035842896, 100.605834961, 75.4181671143, 59.4575119019, 35.6754188538, 16.1640625], [260.197662354, 123.728546143, 198.13218689, 167.911071777, 166.373397827, 180.993560791, 210.525924683, 167.43522644, 115.56098175, 87.6757049561, 67.4948883057, 48.89295578, 41.0616531372], [491.369720459, 63.9453582764, 202.181976318, 109.721427917, 112.69682312, 134.035842896, 167.43522644, 204.989990234, 134.001159668, 85.5065383911, 56.9189147949, 43.4309997559, 52.8855895996], [248.445739746, 114.635040283, 106.881767273, 91.3983840942, 96.3849182129, 100.605834961, 115.56098175, 134.001159668, 144.882644653, 106.454399109, 67.1841964722, 47.8972320557, 42.9296989441], [192.926452637, 63.538860321, 90.5129928589, 82.1712036133, 87.8172073364, 75.4181671143, 87.6757049561, 85.5065383911, 106.454399109, 148.41545105, 111.821105957, 58.5500411987, 40.7513580322], [124.48160553, 51.8730049133, 81.8297271729, 60.4646224976, 61.3233528137, 59.4575119019, 67.4948883057, 56.9189147949, 67.1841964722, 111.821105957, 143.055023193, 89.1455154419, 46.6490211487], [-78.5828704834, 181.974685669, 19.3694705963, 4.04303741455, 19.3190441132, 35.6754188538, 48.89295578, 43.4309997559, 47.8972320557, 58.5500411987, 89.1455154419, 125.614204407, 79.1681213379], [56.0249214172, 144.350631714, 43.4719009399, -28.975019455, -3.14758372307, 16.1640625, 41.0616531372, 52.8855895996, 42.9296989441, 40.7513580322, 46.6490211487, 79.1681213379, 112.396903992]], "icov": [[0.00013620381651, 5.76730526518e-05, -0.000141548516694, -0.000137066759635, 0.000345235079294, -0.000252725119935, 0.000311841344228, -0.000395856157411, 4.87151482957e-05, -0.000112666908535, -6.15215321886e-05, 0.000201771355933, -9.85430087894e-05], [5.76730526518e-05, 0.000509228033479, -9.78239258984e-05, -9.07417488634e-05, 1.82702278835e-05, -5.45372895431e-05, -0.000205691670999, 0.000486418983201, -0.000579728279263, -1.47035700593e-06, 0.000658352393657, -0.000826149305794, -0.000283050147118], [-0.000141548516694, -9.78239258984e-05, 0.00241519254632, -0.00133655488025, 0.000124891230371, -0.00103004020639, 0.000882671680301, -0.00222568702884, 0.001736375154, 0.000201978575205, -0.00121415383182, 0.00144748354796, -0.00145814870484], [-0.000137066759635, -9.07417488634e-05, -0.00133655488025, 0.00829346571118, -0.0075580929406, 0.000744890247006, -0.00126179226208, 0.00192183768377, -0.00130143470597, 0.000926685228478, -0.000470115541248, -0.000671949645039, 0.00290720839985], [0.000345235079294, 1.82702278835e-05, 0.000124891230371, -0.0075580929406, 0.0161817986518, -0.0105298263952, 0.00265645189211, -0.000498604786117, 0.00105853343848, -0.00357039226219, 0.00101575709414, 0.00162495300174, -0.00163659255486], [-0.000252725119935, -5.45372895431e-05, -0.00103004020639, 0.000744890247006, -0.0105298263952, 0.0220073722303, -0.0115249548107, 0.00263428175822, -0.00324097368866, 0.00390794640407, -0.00022994603205, -0.00280062225647, 0.00218658312224], [0.000311841344228, -0.000205691670999, 0.000882671680301, -0.00126179226208, 0.00265645189211, -0.0115249548107, 0.0245293807238, -0.0156305562705, 0.0038455047179, -0.00319299357943, -0.00120985484682, 0.000273001060123, -0.000434061599663], [-0.000395856157411, 0.000486418983201, -0.00222568702884, 0.00192183768377, -0.000498604786117, 0.00263428175822, -0.0156305562705, 0.0280176680535, -0.0180727895349, 0.00580701278523, 0.000375103118131, 0.000753631058615, -0.002825766569], [4.87151482957e-05, -0.000579728279263, 0.001736375154, -0.00130143470597, 0.00105853343848, -0.00324097368866, 0.0038455047179, -0.0180727895349, 0.0340516157448, -0.0198141057044, 0.00724340090528, -0.00319498055615, 0.000729894498363], [-0.000112666908535, -1.47035700593e-06, 0.000201978575205, 0.000926685228478, -0.00357039226219, 0.00390794640407, -0.00319299357943, 0.00580701278523, -0.0198141057044, 0.0336340330541, -0.0224807523191, 0.00841381028295, -0.00323166209273], [-6.15215321886e-05, 0.000658352393657, -0.00121415383182, -0.000470115541248, 0.00101575709414, -0.00022994603205, -0.00120985484682, 0.000375103118131, 0.00724340090528, -0.0224807523191, 0.0319599322975, -0.0187918804586, 0.00521643133834], [0.000201771355933, -0.000826149305794, 0.00144748354796, -0.000671949645039, 0.00162495300174, -0.00280062225647, 0.000273001060123, 0.000753631058615, -0.00319498055615, 0.00841381028295, -0.0187918804586, 0.0287589505315, -0.0140663087368], [-9.85430087894e-05, -0.000283050147118, -0.00145814870484, 0.00290720839985, -0.00163659255486, 0.00218658312224, -0.000434061599663, -0.002825766569, 0.000729894498363, -0.00323166209273, 0.00521643133834, -0.0140663087368, 0.020386653021]]}, "spectral_contrast_coeffs": {"dmean": [0.0625733062625, 0.0472253262997, 0.0424742847681, 0.032867256552, 0.0218939799815, 0.0179022848606], "dmean2": [0.0997069180012, 0.0763123631477, 0.0701547935605, 0.054431155324, 0.0358614474535, 0.0303731709719], "dvar": [0.00329432729632, 0.00152769603301, 0.00138075475115, 0.000786145508755, 0.000424918893259, 0.000250301003689], "dvar2": [0.00741880992427, 0.00384146114811, 0.00344319897704, 0.00199997378513, 0.00105122057721, 0.000651324226055], "max": [-0.334810853004, -0.507411003113, -0.52730101347, -0.533558428288, -0.537407040596, -0.513861775398], "mean": [-0.648299813271, -0.736814081669, -0.775729954243, -0.786147117615, -0.81331551075, -0.779545426369], "median": [-0.661379635334, -0.734344244003, -0.789558172226, -0.798417329788, -0.831427931786, -0.781887829304], "min": [-0.957268178463, -0.965036988258, -0.972209393978, -0.967597186565, -0.963232398033, -0.959727466106], "var": [0.00942451041192, 0.00604846840724, 0.00696714967489, 0.00434751110151, 0.00311577366665, 0.00115750404075]}, "spectral_contrast_valleys": {"dmean": [0.661954641342, 0.448080807924, 0.461783885956, 0.389563173056, 0.38367125392, 0.412278443575], "dmean2": [0.969716846943, 0.711906671524, 0.743869423866, 0.623377799988, 0.584995031357, 0.57806032896], "dvar": [0.485670477152, 0.195782870054, 0.23606339097, 0.171113476157, 0.220790922642, 0.305719435215], "dvar2": [0.942997157574, 0.442399859428, 0.543245732784, 0.384075880051, 0.464759260416, 0.601233363152], "max": [-4.49363851547, -4.39862632751, -5.46842432022, -6.25498247147, -5.83407020569, -7.48405885696], "mean": [-7.8401093483, -6.92630672455, -7.6559472084, -8.19354724884, -8.23541164398, -