{"lowlevel": {"average_loudness": 0.909780025482, "barkbands_crest": {"dmean": 2.02488136292, "dmean2": 3.07549500465, "dvar": 5.0598859787, "dvar2": 11.1963920593, "max": 26.0025005341, "mean": 12.494052887, "median": 11.3419380188, "min": 2.39605236053, "var": 27.4457683563}, "barkbands_flatness_db": {"dmean": 0.0260555315763, "dmean2": 0.0368210449815, "dvar": 0.000824344111606, "dvar2": 0.00167739880271, "max": 0.833218276501, "mean": 0.197983130813, "median": 0.154472321272, "min": 0.0216185357422, "var": 0.0234780237079}, "barkbands_kurtosis": {"dmean": 3.05627179146, "dmean2": 4.7631354332, "dvar": 37.4842720032, "dvar2": 89.8119506836, "max": 159.144577026, "mean": 5.75186634064, "median": 2.25279378891, "min": -1.88868534565, "var": 124.690132141}, "barkbands_skewness": {"dmean": 0.481686234474, "dmean2": 0.727669656277, "dvar": 0.357291460037, "dvar2": 0.80057990551, "max": 11.620759964, "mean": 1.47623991966, "median": 1.36559486389, "min": -3.83644747734, "var": 2.72414255142}, "barkbands_spread": {"dmean": 5.15382909775, "dmean2": 7.654255867, "dvar": 55.3594818115, "dvar2": 120.443069458, "max": 95.6586532593, "mean": 19.5190525055, "median": 17.6551170349, "min": 0.263705998659, "var": 181.063262939}, "dissonance": {"dmean": 0.0193532649428, "dmean2": 0.0316698886454, "dvar": 0.000648308428936, "dvar2": 0.00167197838891, "max": 0.499989777803, "mean": 0.419149041176, "median": 0.449851036072, "min": 0.0898952335119, "var": 0.00812167767435}, "dynamic_complexity": 2.73317933083, "erbbands_crest": {"dmean": 2.11593127251, "dmean2": 3.21804022789, "dvar": 6.17635393143, "dvar2": 13.7895822525, "max": 34.327381134, "mean": 13.9894752502, "median": 12.0562858582, "min": 2.41895771027, "var": 60.0661468506}, "erbbands_flatness_db": {"dmean": 0.0197192654014, "dmean2": 0.0269335545599, "dvar": 0.000605748500675, "dvar2": 0.00113518163562, "max": 0.732147157192, "mean": 0.201471343637, "median": 0.147581189871, "min": 0.0373342521489, "var": 0.0212112478912}, "erbbands_kurtosis": {"dmean": 0.989529848099, "dmean2": 1.51356482506, "dvar": 6.91826868057, "dvar2": 16.898109436, "max": 142.66267395, "mean": 1.7692373991, "median": -0.140022039413, "min": -1.87020134926, "var": 49.0525894165}, "erbbands_skewness": {"dmean": 0.320574015379, "dmean2": 0.482614427805, "dvar": 0.163823783398, "dvar2": 0.375986665487, "max": 10.2177944183, "mean": 0.0527117289603, "median": 0.124813854694, "min": -6.37687349319, "var": 1.23583960533}, "erbbands_spread": {"dmean": 7.64697265625, "dmean2": 10.9916343689, "dvar": 111.608451843, "dvar2": 233.145462036, "max": 139.693206787, "mean": 34.9790039062, "median": 33.2499580383, "min": 0.458888441324, "var": 509.768585205}, "hfc": {"dmean": 10.3887376785, "dmean2": 15.4389190674, "dvar": 457.628417969, "dvar2": 1079.99743652, "max": 286.07232666, "mean": 25.6944065094, "median": 19.2742462158, "min": 1.11092844425e-16, "var": 626.830993652}, "melbands_crest": {"dmean": 2.58779168129, "dmean2": 3.96327567101, "dvar": 8.1438999176, "dvar2": 18.464630127, "max": 35.6883659363, "mean": 16.3129634857, "median": 15.2405147552, "min": 1.00135278702, "var": 38.7751350403}, "melbands_flatness_db": {"dmean": 0.0308781620115, "dmean2": 0.0432383678854, "dvar": 0.00114076817408, "dvar2": 0.00230379356071, "max": 0.868818163872, "mean": 0.274611115456, "median": 0.231662705541, "min": 5.56550503461e-07, "var": 0.024111090228}, "melbands_kurtosis": {"dmean": 7.22844171524, "dmean2": 11.1626186371, "dvar": 196.651748657, "dvar2": 448.399841309, "max": 371.558044434, "mean": 15.2987747192, "median": 7.2573223114, "min": -1.86447262764, "var": 634.401245117}, "melbands_skewness": {"dmean": 0.644921064377, "dmean2": 0.97410851717, "dvar": 0.693454861641, "dvar2": 1.53679001331, "max": 15.7083396912, "mean": 2.53368496895, "median": 2.29613661766, "min": -2.6722266674, "var": 4.46003770828}, "melbands_spread": {"dmean": 4.89817285538, "dmean2": 7.49248456955, "dvar": 48.8587646484, "dvar2": 108.410247803, "max": 146.288711548, "mean": 20.3136768341, "median": 16.6844272614, "min": 0.590457737446, "var": 283.884979248}, "pitch_salience": {"dmean": 0.0577320232987, "dmean2": 0.0882040187716, "dvar": 0.00424107769504, "dvar2": 0.00951826479286, "max": 0.996084570885, "mean": 0.453132241964, "median": 0.449813812971, "min": 0.107535384595, "var": 0.0140089150518}, "silence_rate_20dB": {"dmean": 0, "dmean2": 0, "dvar": 0, "dvar2": 0, "max": 1, "mean": 1, "median": 1, "min": 1, "var": 0}, "silence_rate_30dB": {"dmean": 0.057967312634, "dmean2": 0.115949429572, "dvar": 0.0546045824885, "dvar2": 0.126251906157, "max": 1, "mean": 0.914209127426, "median": 1, "min": 0, "var": 0.0784363746643}, "silence_rate_60dB": {"dmean": 0.00153217569459, "dmean2": 0.0030647427775, "dvar": 0.0015298333019, "dvar2": 0.00331088691019, "max": 1, "mean": 0.0598748885095, "median": 0, "min": 0, "var": 0.0562910400331}, "spectral_centroid": {"dmean": 195.722793579, "dmean2": 300.629669189, "dvar": 84271.6171875, "dvar2": 183719.765625, "max": 11618.7851562, "mean": 1224.51367188, "median": 1130.67163086, "min": 262.675201416, "var": 710203.5}, "spectral_complexity": {"dmean": 3.29698681831, "dmean2": 4.97050189972, "dvar": 25.1233997345, "dvar2": 47.4299812317, "max": 63, "mean": 16.4067401886, "median": 15, "min": 0, "var": 102.542327881}, "spectral_decrease": {"dmean": 3.33828631405e-09, "dmean2": 5.24653653855e-09, "dvar": 2.59982370217e-17, "dvar2": 6.46865231358e-17, "max": 1.4460398268e-20, "mean": -1.09558175865e-08, "median": -8.20232326504e-09, "min": -5.77392320622e-08, "var": 9.06431728251e-17}, "spectral_energy": {"dmean": 0.0132305920124, "dmean2": 0.0207757502794, "dvar": 0.000393522088416, "dvar2": 0.000978483585641, "max": 0.220234021544, "mean": 0.0436803139746, "median": 0.0333783105016, "min": 1.01751987982e-20, "var": 0.00134864868596}, "spectral_energyband_high": {"dmean": 0.000904745422304, "dmean2": 0.00137148646172, "dvar": 4.8148363021e-06, "dvar2": 1.17389708976e-05, "max": 0.0280136168003, "mean": 0.0011332265567, "median": 0.000340950675309, "min": 7.06437203942e-21, "var": 5.03938008478e-06}, "spectral_energyband_low": {"dmean": 0.00998998526484, "dmean2": 0.0156749784946, "dvar": 0.000342851795722, "dvar2": 0.000852628494613, "max": 0.199562728405, "mean": 0.0235337261111, "median": 0.0104857971892, "min": 1.59344759482e-23, "var": 0.00110520410817}, "spectral_energyband_middle_high": {"dmean": 0.00177194736898, "dmean2": 0.00271500274539, "dvar": 1.94588046725e-05, "dvar2": 4.51134437753e-05, "max": 0.0890661478043, "mean": 0.00598668074235, "median": 0.00406169006601, "min": 1.25104665885e-21, "var": 5.48772768525e-05}, "spectral_energyband_middle_low": {"dmean": 0.00507009588182, "dmean2": 0.00788024347275, "dvar": 9.47927910602e-05, "dvar2": 0.000234040882788, "max": 0.126340851188, "mean": 0.0137524679303, "median": 0.0112115209922, "min": 1.6366485841e-22, "var": 0.000140588221257}, "spectral_entropy": {"dmean": 0.222875729203, "dmean2": 0.309019893408, "dvar": 0.076799839735, "dvar2": 0.147372230887, "max": 9.81777572632, "mean": 6.99953985214, "median": 7.32484340668, "min": 3.2806327343, "var": 1.31317663193}, "spectral_flux": {"dmean": 0.0285019166768, "dmean2": 0.042716383934, "dvar": 0.00133214495145, "dvar2": 0.00276225293055, "max": 0.357222527266, "mean": 0.0773890465498, "median": 0.0600631982088, "min": 6.50812251313e-11, "var": 0.00396694336087}, "spectral_kurtosis": {"dmean": 15.0340776443, "dmean2": 27.0126590729, "dvar": 4145.07226562, "dvar2": 14059.3115234, "max": 1111.9453125, "mean": 28.0224494934, "median": 5.05378246307, "min": -1.26478505135, "var": 7050.78173828}, "spectral_rms": {"dmean": 0.000848987256177, "dmean2": 0.00130160187837, "dvar": 1.19831724987e-06, "dvar2": 2.78061338577e-06, "max": 0.014658187516, "mean": 0.00592726515606, "median": 0.00570650584996, "min": 3.15071796778e-12, "var": 7.482582987e-06}, "spectral_rolloff": {"dmean": 371.970794678, "dmean2": 630.033508301, "dvar": 785680.125, "dvar2": 1920131.5, "max": 19573.6816406, "mean": 1311.55908203, "median": 882.861328125, "min": 64.599609375, "var": 2632830.75}, "spectral_skewness": {"dmean": 0.588572382927, "dmean2": 0.98623496294, "dvar": 1.92121887207, "dvar2": 6.31109523773, "max": 28.1702785492, "mean": 2.83201003075, "median": 1.72765624523, "min": -0.0978592485189, "var": 11.9853954315}, "spectral_spread": {"dmean": 798024.5, "dmean2": 1094944.125, "dvar": 1194964418560.0, "dvar2": 2083433349120.0, "max": 45346164, "mean": 4757277, "median": 4554850.5, "min": 86821.1171875, "var": 9852023734270.0}, "spectral_strongpeak": {"dmean": 0.54319870472, "dmean2": 0.925151050091, "dvar": 1.50842308998, "dvar2": 3.62510538101, "max": 16.2921981812, "mean": 1.62630403042, "median": 0.703865885735, "min": 0, "var": 5.40938043594}, "zerocrossingrate": {"dmean": 0.0102418735623, "dmean2": 0.0114503232762, "dvar": 0.000171153136762, "dvar2": 0.000221889422392, "max": 0.51904296875, "mean": 0.0570647604764, "median": 0.0517578125, "min": 0.00244140625, "var": 0.00213003531098}, "barkbands": {"dmean": [0.000842418638058, 0.00795360747725, 0.00299436738715, 0.00134737149347, 0.0022250583861, 0.00234963512048, 0.000436668749899, 0.000236228457652, 0.00052628578851, 0.000175098684849, 0.000189373022295, 9.78049793048e-05, 0.000639804522507, 0.000132233195473, 0.000491016253363, 0.000220202025957, 0.000231167141465, 0.00010531416774, 0.000128830928588, 0.000150066131027, 0.000170597995748, 0.000166375437402, 0.000171556792338, 0.000123554447782, 0.000143294993904, 0.000114344366011, 2.61838958977e-05], "dmean2": [0.00131872820202, 0.0121345901862, 0.00478203129023, 0.00232834974304, 0.00382294203155, 0.00344720599242, 0.000680075434502, 0.000373431772459, 0.000764486321714, 0.000279411266092, 0.000294664845569, 0.000159221788635, 0.00094671692932, 0.000199231726583, 0.000739591196179, 0.000383048201911, 0.000418773852289, 0.000170909188455, 0.000204721800401, 0.000245989474934, 0.000266146089416, 0.000261144596152, 0.000274968479061, 0.000194308580831, 0.000222176677198, 0.000172897751327, 3.91098001273e-05], "dvar": [5.695641903e-06, 0.000291723583359, 4.11729051848e-05, 2.38821739913e-05, 3.3865464502e-05, 1.39188650792e-05, 4.5515093916e-07, 2.6389372465e-07, 8.43773932502e-07, 1.47932638583e-07, 1.8149052039e-07, 6.07918835271e-08, 1.30209900817e-05, 2.23290712142e-07, 1.96358337234e-06, 2.10651833754e-07, 4.17017844256e-07, 5.47265770479e-08, 1.02754583509e-07, 1.41936084219e-07, 2.88800407588e-07, 1.80034760433e-07, 2.53227000258e-07, 1.1677392564e-07, 1.57894248787e-07, 1.53305975914e-07, 4.08843447985e-08], "dvar2": [1.43837150972e-05, 0.000688104599249, 0.000106349762063, 6.41354854451e-05, 9.47369044297e-05, 3.06920810544e-05, 1.11853739782e-06, 6.84366455062e-07, 1.77170829829e-06, 3.52329635689e-07, 4.2507457465e-07, 1.55098533128e-07, 2.86855010927e-05, 4.23316578235e-07, 4.2763995225e-06, 6.68333655085e-07, 1.31998046982e-06, 1.43087419247e-07, 2.6541653142e-07, 3.77644227001e-07, 6.83491975906e-07, 4.63233448045e-07, 6.66083224132e-07, 3.01918788637e-07, 3.87038824101e-07, 3.56661217893e-07, 9.60000150485e-08], "max": [0.0567065551877, 0.182147622108, 0.0910081714392, 0.0822435617447, 0.078294172883, 0.0666885599494, 0.0111990030855, 0.00826315302402, 0.0217413250357, 0.0121603654698, 0.0102921752259, 0.00663164025173, 0.0885557830334, 0.0229991786182, 0.0369911715388, 0.0077249109745, 0.00942156743258, 0.00407812092453, 0.00570238893852, 0.0057240948081, 0.0137197859585, 0.00519438786432, 0.0069460622035, 0.00563177606091, 0.00534236058593, 0.00837324094027, 0.00645406963304], "mean": [0.0012834884692, 0.0162980016321, 0.00525752641261, 0.00187594071031, 0.00263993861154, 0.00544450478628, 0.00093137199292, 0.000561679073144, 0.00223846826702, 0.000344093015883, 0.000384642655263, 0.000183048075996, 0.00185738061555, 0.000435774185462, 0.00143070216291, 0.000472560059279, 0.000377084303182, 0.000206248936593, 0.000218004352064, 0.000212734565139, 0.000245634757448, 0.000191252082004, 0.000180933231604, 0.000120535791211, 0.000143515819218, 0.000113803347631, 3.14624739985e-05], "median": [0.000102385522041, 0.00444337539375, 0.0026130178012, 0.000630531052593, 0.00123859615996, 0.00357689731754, 0.000512504775543, 0.000312183896312, 0.00124481797684, 0.000115300113976, 9.94811198325e-05, 5.92967262492e-05, 0.000219032983296, 6.59975630697e-05, 0.000243372778641, 0.000159608855029, 8.65718975547e-05, 9.15464042919e-05, 9.88769970718e-05, 8.69369396241e-05, 7.86513701314e-05, 5.21384354215e-05, 2.85507521767e-05, 1.95083612198e-05, 2.08083238249e-05, 1.4757709323e-05, 5.8294685914e-06], "min": [1.09361019886e-24, 1.85661431437e-24, 1.11056074895e-24, 8.79828104684e-25, 7.49401609425e-24, 1.14910504498e-23, 6.60885578289e-24, 1.27599868584e-23, 1.84644065137e-23, 1.17726272502e-23, 1.43863159113e-23, 2.65735589869e-23, 3.83163373182e-23, 3.16871699448e-23, 6.15380988941e-23, 3.49929862314e-23, 9.07199696662e-23, 9.79729461554e-23, 1.45992733303e-22, 1.99111862492e-22, 2.08263368433e-22, 2.88271282271e-22, 3.74131534284e-22, 5.9920874716e-22, 9.90081273005e-22, 1.21498776376e-21, 2.02568757001e-21], "var": [1.67816433532e-05, 0.000825320079457, 5.76804886805e-05, 1.98242159968e-05, 2.56648127106e-05, 3.84038867196e-05, 1.34013612296e-06, 5.42968678019e-07, 7.04702597432e-06, 5.74079479065e-07, 5.03785258843e-07, 1.87244239669e-07, 4.12774279539e-05, 3.07996515403e-06, 1.09232069008e-05, 6.22012919393e-07, 5.57387863864e-07, 9.06211496954e-08, 1.266810159e-07, 1.49784355585e-07, 3.62849903013e-07, 1.72446874558e-07, 2.14788357766e-07, 9.65508775153e-08, 1.44891330933e-07, 1.55074673103e-07, 4.13318552717e-08]}, "erbbands": {"dmean": [0.291596442461, 1.63284671307, 3.30711507797, 3.68481683731, 5.10133886337, 7.34550094604, 15.6546201706, 21.6176147461, 7.14716386795, 4.58300209045, 5.95549106598, 14.5594978333, 4.41395378113, 7.42632579803, 6.50477170944, 5.99638748169, 29.8414955139, 10.0979785919, 24.5091304779, 15.8209877014, 13.2960920334, 9.59782123566, 5.6426115036, 5.8617682457, 6.4248085022, 6.75074386597, 7.52905750275, 6.65923786163, 6.50453329086, 4.99663257599, 4.98124074936, 2.90316271782, 1.97484171391, 1.62925505638, 0.997158229351, 0.569336652756, 0.201313093305, 0.0399103015661, 0.00422951718792, 0.000181099851034], "dmean2": [0.419656187296, 2.60908818245, 5.27126073837, 5.98502254486, 8.99939537048, 12.6157083511, 24.1201705933, 31.7456855774, 10.8875341415, 7.65880489349, 9.1253824234, 21.0474033356, 7.06251001358, 11.6375217438, 10.091006279, 9.15875816345, 43.9365119934, 15.2116594315, 37.6531448364, 24.4721736908, 22.7739849091, 17.0784263611, 9.16065502167, 9.34998607635, 10.0804262161, 11.0359373093, 12.0336036682, 10.4943256378, 10.354186058, 7.80885124207, 8.02958011627, 4.68158483505, 3.11330795288, 2.56853342056, 1.55890858173, 0.892378866673, 0.29621592164, 0.0591756403446, 0.00625468418002, 0.000272677192697], "dvar": [0.536095321178, 11.4628992081, 41.347366333, 115.125480652, 403.405303955, 333.580413818, 918.558532715, 1388.92956543, 111.534927368, 92.80909729, 131.47845459, 657.774475098, 85.2600708008, 255.230651855, 187.037338257, 395.364746094, 29623.140625, 1514.54272461, 5897.69775391, 2482.62792969, 737.77911377, 719.911315918, 176.168334961, 184.01940918, 232.248062134, 275.433349609, 592.856079102, 317.104766846, 306.873809814, 197.199188232, 236.654602051, 71.0625076294, 31.1744403839, 24.9151096344, 7.23059415817, 3.19835972786, 0.505631566048, 0.0612814873457, 0.00108194327913, 9.69615712165e-07], "dvar2": [1.10898280144, 29.931558609, 107.940284729, 293.022247314, 1125.80163574, 926.46307373, 2388.18701172, 3090.08007812, 265.033691406, 254.119857788, 331.035736084, 1385.796875, 221.695877075, 599.129638672, 437.65524292, 831.781982422, 65426.2734375, 3294.59326172, 13362.7568359, 4733.77294922, 2202.17114258, 2164.43457031, 461.613677979, 489.175750732, 586.827209473, 730.503601074, 1460.7487793, 776.141479492, 808.926391602, 506.85534668, 621.393249512, 188.567642212, 80.1785964966, 62.9875717163, 17.4176521301, 7.68839359283, 1.1417645216, 0.143284797668, 0.00252469908446, 2.27044665735e-06], "max": [8.79416561127, 35.6951980591, 88.8174514771, 148.755477905, 280.800720215, 304.490997314, 498.188140869, 604.946899414, 158.80078125, 153.297210693, 235.239440918, 588.092407227, 217.159454346, 431.819671631, 292.602508545, 521.091674805, 4481.94921875, 1216.16943359, 1980.27319336, 2765.66259766, 528.225830078, 515.29876709, 236.795898438, 245.884017944, 310.523223877, 250.903671265, 600.564575195, 293.094116211, 232.231018066, 190.452484131, 269.723846436, 144.198471069, 85.2977294922, 76.3981781006, 29.6154346466, 24.2897396088, 17.593711853, 8.11459636688, 1.09085834026, 0.0302361361682], "mean": [0.601995110512, 3.11143279076, 6.32313251495, 5.93406391144, 6.09332847595, 8.42196178436, 30.5111312866, 49.2722167969, 17.9924755096, 8.37276649475, 19.9135169983, 63.0493927002, 13.0556526184, 15.825966835, 14.0204267502, 16.0934257507, 88.1523513794, 34.3068084717, 58.0783119202, 55.5120925903, 32.0751075745, 17.2746620178, 11.3994445801, 11.172624588, 11.7701892853, 9.6991891861, 10.4578018188, 8.90386772156, 7.36656522751, 5.50288963318, 5.16168212891, 2.80116415024, 1.93433880806, 1.62935435772, 0.988931596279, 0.524881184101, 0.208709791303, 0.0445369407535, 0.00519834691659, 0.000281877146335], "median": [0.105767570436, 1.03670632839, 3.46274518967, 2.96063613892, 2.55885910988, 3.67124581337, 16.1391105652, 28.4893512726, 11.8224515915, 5.31158399582, 12.4749088287, 35.2551231384, 7.29079389572, 6.34163475037, 5.56315469742, 5.52723646164, 10.58826828, 7.45925331116, 13.8391885757, 10.9958953857, 10.4275302887, 5.69364976883, 4.74140882492, 5.84144592285, 5.53554821014, 4.23602104187, 3.26701664925, 2.96844649315, 2.02743721008, 1.14179444313, 0.738344430923, 0.485754400492, 0.298176646233, 0.229011908174, 0.149221584201, 0.0658114627004, 0.0255623180419, 0.00622821645811, 0.000944191706367, 0.000110382366984], "min": [1.39569575377e-22, 2.16629913598e-22, 2.19297152031e-21, 4.42488434509e-21, 1.16621375364e-20, 2.75251328163e-20, 5.42201769633e-20, 1.25928748609e-19, 1.39246123826e-19, 1.31201288306e-19, 2.37746855793e-19, 4.19108919281e-19, 6.24758401422e-19, 1.20808818565e-18, 1.26344197487e-18, 1.41721298958e-18, 2.01619091135e-18, 2.0943948412e-18, 3.46016226317e-18, 3.5217148405e-18, 3.5051050538e-18, 5.49468908036e-18, 4.95477588684e-18, 6.53298934629e-18, 8.77941460741e-18, 1.01702575961e-17, 8.68779773713e-18, 1.06500513027e-17, 1.11977689453e-17, 1.21056914846e-17, 1.19487546429e-17, 1.04994241947e-17, 9.70585193039e-18, 8.80265672826e-18, 6.92671284221e-18, 4.8763620599e-18, 2.44279855892e-18, 1.04167175071e-18, 2.57801203509e-19, 2.78739574656e-20], "var": [1.74575054646, 24.2062683105, 70.0673370361, 118.678123474, 273.13949585, 259.883270264, 1694.29394531, 3872.39477539, 355.02142334, 97.9514312744, 468.075622559, 5511.55419922, 294.976959229, 917.075073242, 584.023132324, 1513.29199219, 93895.2109375, 10681.0966797, 20912.7226562, 30313.7578125, 2668.90161133, 865.051025391, 293.162780762, 256.24017334, 327.15322876, 286.860931396, 669.902160645, 366.931976318, 270.053985596, 183.284835815, 202.392089844, 55.0289382935, 25.8427295685, 21.1047649384, 6.86407232285, 2.91070127487, 0.553172290325, 0.0634064003825, 0.0011039028177, 1.06501011032e-06]}, "gfcc": {"mean": [-29.7301158905, 90.5732421875, -99.9135055542, 7.40197086334, -49.6255722046, 1.68017625809, -32.5348052979, 7.20950365067, -8.40355491638, 11.6517896652, -15.2391119003, -0.807085931301, -6.30609798431], "cov": [[35240.9257812, -2368.99536133, 1392.45678711, 7262.73535156, 2157.88037109, 2618.36425781, -854.91229248, -655.346496582, -2563.85644531, -171.288726807, -476.753204346, 1033.8527832, -349.43145752], [-2368.99536133, 2430.03173828, -229.446517944, -1042.22229004, 111.309783936, -377.527984619, 123.358139038, -151.780899048, 407.738739014, 3.68921995163, 285.77947998, -152.526901245, 123.306694031], [1392.45678711, -229.446517944, 1084.83508301, 866.523925781, 215.935195923, 361.322174072, 65.8237228394, -30.4628486633, -341.716491699, -12.8256206512, 42.5990486145, 176.215881348, -35.6618766785], [7262.73535156, -1042.22229004, 866.523925781, 2640.79516602, 765.883728027, 830.209533691, -91.3922271729, -105.541603088, -735.242248535, -52.2459144592, -110.476020813, 347.089355469, -52.9332122803], [2157.88037109, 111.309783936, 215.935195923, 765.883728027, 660.526245117, 310.772674561, -22.1456794739, -69.7259979248, -114.404045105, 9.86341953278, -46.5124816895, 44.9458961487, 11.5641736984], [2618.36425781, -377.527984619, 361.322174072, 830.209533691, 310.772674561, 486.500915527, 20.9003543854, -73.8678970337, -291.102325439, 36.4088630676, -14.014538765, 85.0803909302, -87.4314117432], [-854.91229248, 123.358139038, 65.8237228394, -91.3922271729, -22.1456794739, 20.9003543854, 231.103210449, 91.6192779541, 26.8551654816, 1.06179344654, 75.2046661377, 1.64650011063, -10.5998210907], [-655.346496582, -151.780899048, -30.4628486633, -105.541603088, -69.7259979248, -73.8678970337, 91.6192779541, 253.68057251, 153.407409668, -12.1555538177, -81.613067627, -3.96392297745, 37.6377639771], [-2563.85644531, 407.738739014, -341.716491699, -735.242248535, -114.404045105, -291.102325439, 26.8551654816, 153.407409668, 481.234039307, 57.8813171387, -61.591217041, -157.20425415, 91.8969345093], [-171.288726807, 3.68921995163, -12.8256206512, -52.2459144592, 9.86341953278, 36.4088630676, 1.06179344654, -12.1555538177, 57.8813171387, 114.940063477, 19.1677265167, -42.3858985901, -18.3386173248], [-476.753204346, 285.77947998, 42.5990486145, -110.476020813, -46.5124816895, -14.014538765, 75.2046661377, -81.613067627, -61.591217041, 19.1677265167, 220.617614746, 51.264339447, -20.6799106598], [1033.8527832, -152.526901245, 176.215881348, 347.089355469, 44.9458961487, 85.0803909302, 1.64650011063, -3.96392297745, -157.20425415, -42.3858985901, 51.264339447, 173.068908691, 32.1732254028], [-349.43145752, 123.306694031, -35.6618766785, -52.9332122803, 11.5641736984, -87.4314117432, -10.5998210907, 37.6377639771, 91.8969345093, -18.3386173248, -20.6799106598, 32.1732254028, 135.633331299]], "icov": [[0.000129614272737, -0.000203884133953, 0.000239285451244, -0.000229581055464, 7.7913296991e-05, -0.000337555946317, 0.000417692877818, -0.000307689304464, 0.000511054997332, -0.000234194856603, 0.000376024399884, -0.000333966483595, 0.000145011814311], [-0.000203884133953, 0.00135869544465, -0.000605569046456, 0.000575900950935, -0.000862294109538, 0.000897913530935, -0.00102786102798, 0.00146503362339, -0.00175081682391, 0.00131923973095, -0.00196909462102, 0.00115630729124, -0.000739379378501], [0.000239285451244, -0.000605569046456, 0.00194145971909, -0.000660283956677, 0.000350568443537, -0.00117229495663, 0.000453443324659, -0.000960096076597, 0.00161014671903, -0.000850618991535, 0.000901670893654, -0.00119777093641, 0.00015172145504], [-0.000229581055464, 0.000575900950935, -0.000660283956677, 0.0021541970782, -0.00130982755218, -0.000440282281488, -0.000232825506828, -6.78382712067e-05, 0.00053218123503, 0.000233602200751, -0.000127421255456, -0.000474344124086, -0.000855331774801], [7.7913296991e-05, -0.000862294109538, 0.000350568443537, -0.00130982755218, 0.00375838996843, -0.00212150346488, 0.000301409920212, 0.000427763705375, -0.000931180082262, 0.000281842862023, 0.000912823306862, 0.000154046472744, -0.000445843383204], [-0.000337555946317, 0.000897913530935, -0.00117229495663, -0.000440282281488, -0.00212150346488, 0.0090105496347, -0.00375442625955, 0.00230886414647, 0.000409818283515, -0.00328355235979, 0.00100760068744, -7.06216669641e-05, 0.00233785412274], [0.000417692877818, -0.00102786102798, 0.000453443324659, -0.000232825506828, 0.000301409920212, -0.00375442625955, 0.0104632470757, -0.00722862128168, 0.00270933494903, 0.000968494394328, -0.0042545190081, 0.002147866413, -0.000446237128926], [-0.000307689304464, 0.00146503362339, -0.000960096076597, -6.78382712067e-05, 0.000427763705375, 0.00230886414647, -0.00722862128168, 0.012697215192, -0.00723875174299, 0.00166322675068, 0.00398445874453, -0.00431153690442, 0.00171966454946], [0.000511054997332, -0.00175081682391, 0.00161014671903, 0.00053218123503, -0.000931180082262, 0.000409818283515, 0.00270933494903, -0.00723875174299, 0.0132896956056, -0.00627979403362, 0.00272950879298, 0.00302431895398, -0.00405118614435], [-0.000234194856603, 0.00131923973095, -0.000850618991535, 0.000233602200751, 0.000281842862023, -0.00328355235979, 0.000968494394328, 0.00166322675068, -0.00627979403362, 0.0152239734307, -0.00588094675913, 0.00430788751692, -6.70213485137e-05], [0.000376024399884, -0.00196909462102, 0.000901670893654, -0.000127421255456, 0.000912823306862, 0.00100760068744, -0.0042545190081, 0.00398445874453, 0.00272950879298, -0.00588094675913, 0.0146242538467, -0.00925524532795, 0.00386042147875], [-0.000333966483595, 0.00115630729124, -0.00119777093641, -0.000474344124086, 0.000154046472744, -7.06216669641e-05, 0.002147866413, -0.00431153690442, 0.00302431895398, 0.00430788751692, -0.00925524532795, 0.0189586728811, -0.00848094467074], [0.000145011814311, -0.000739379378501, 0.00015172145504, -0.000855331774801, -0.000445843383204, 0.00233785412274, -0.000446237128926, 0.00171966454946, -0.00405118614435, -6.70213485137e-05, 0.00386042147875, -0.00848094467074, 0.0144937504083]]}, "melbands": {"dmean": [0.00236826809123, 0.00170656875707, 0.000630341935903, 0.000419469928602, 0.000509623903781, 0.000453787972219, 0.000104985687358, 4.7796042054e-05, 5.54558791919e-05, 8.71660886332e-05, 2.0402503651e-05, 3.06315014313e-05, 2.33432674577e-05, 1.3661754565e-05, 3.99987693527e-05, 6.00615312578e-05, 1.45855692608e-05, 3.68463006453e-05, 2.46812414844e-05, 2.06469539989e-05, 1.71557003341e-05, 1.28035117086e-05, 6.04382466918e-06, 5.24086908626e-06, 5.09765868628e-06, 5.27090605829e-06, 4.57849228042e-06, 4.87072293254e-06, 4.63127071271e-06, 5.22812706549e-06, 3.6327462567e-06, 3.93933532905e-06, 2.8370666314e-06, 2.82725545731e-06, 3.16739510708e-06, 2.14719875657e-06, 1.73788407665e-06, 1.47012201523e-06, 1.28040471736e-06, 1.42090834743e-06], "dmean2": [0.00356679479592, 0.00274699949659, 0.00101361982524, 0.000738835078664, 0.000794715480879, 0.000664945517201, 0.000160772731761, 8.01911955932e-05, 8.37093757582e-05, 0.000126025857753, 3.30551956722e-05, 4.79125083075e-05, 3.65925734513e-05, 2.17857195821e-05, 5.71872042201e-05, 9.07895882847e-05, 2.19312933041e-05, 5.66570379306e-05, 3.74456940335e-05, 3.44793952536e-05, 2.9908187571e-05, 2.31661924772e-05, 1.00915804069e-05, 8.57558643474e-06, 8.26541963761e-06, 8.41316341393e-06, 7.36626225262e-06, 8.12412872619e-06, 7.66669745644e-06, 8.12164671515e-06, 5.88415878156e-06, 6.33464014754e-06, 4.47806860393e-06, 4.49808339908e-06, 5.12752740178e-06, 3.57760632141e-06, 2.81689335679e-06, 2.3566544769e-06, 2.04979301088e-06, 2.26172505791e-06], "dvar": [3.01604359265e-05, 8.82668609847e-06, 3.49782817466e-06, 1.76277217179e-06, 1.01391810858e-06, 5.80672917749e-07, 2.37877895159e-08, 1.11671543124e-08, 1.05649142768e-08, 2.2956195167e-08, 2.03843586455e-09, 4.27820623372e-09, 2.6038680101e-09, 9.43112477003e-10, 6.20838420673e-08, 1.29950123551e-07, 3.35133054641e-09, 1.28797710275e-08, 4.26775503826e-09, 2.90417778714e-09, 1.4781091906e-09, 1.49378320824e-09, 1.50062254289e-10, 1.23001983598e-10, 1.36721231558e-10, 1.90750970575e-10, 1.02913746969e-10, 1.7592670376e-10, 2.23978016689e-10, 3.4444117003e-10, 8.72983282885e-11, 1.03492103776e-10, 6.46726006082e-11, 6.93519616735e-11, 1.07709903496e-10, 5.35383161415e-11, 2.19062962215e-11, 1.67259227302e-11, 1.60027009005e-11, 1.87086734993e-11], "dvar2": [6.843405572e-05, 2.34101844399e-05, 8.31371198728e-06, 4.97691689816e-06, 2.67032578449e-06, 1.27928274196e-06, 5.68668809819e-08, 3.04758991376e-08, 2.54285890122e-08, 4.85711169063e-08, 5.28666799227e-09, 9.99964822057e-09, 6.22228446545e-09, 2.37235853184e-09, 1.27097891323e-07, 2.90876897679e-07, 6.36746211313e-09, 2.90641199996e-08, 9.13500919353e-09, 7.12051884122e-09, 4.54018023177e-09, 4.59329285718e-09, 4.00229904773e-10, 3.2272068351e-10, 3.6802044745e-10, 5.00971208961e-10, 2.64258476212e-10, 4.74639827441e-10, 5.97603133645e-10, 7.7889450445e-10, 2.23375665187e-10, 2.73181949284e-10, 1.6802627345e-10, 1.7905150973e-10, 2.81589640494e-10, 1.4601345133e-10, 5.79151032687e-11, 4.37874354831e-11, 4.08687042541e-11, 4.70067387792e-11], "max": [0.0605142265558, 0.0438836552203, 0.0300115868449, 0.0161873698235, 0.0162428580225, 0.0130527522415, 0.00231171865016, 0.00172109878622, 0.00208932044916, 0.00315779075027, 0.00119640666526, 0.00192957860418, 0.00120723305736, 0.000730001425836, 0.00745958974585, 0.00980542041361, 0.0027962019667, 0.00293783401139, 0.00240960810333, 0.00248499633744, 0.000632062496152, 0.000713654735591, 0.000167547535966, 0.000208552533877, 0.000188567515579, 0.000273612415185, 0.000219248991925, 0.000187768833712, 0.000280554406345, 0.000579551619012, 0.000131033360958, 0.000136301125167, 0.000118358126201, 0.000114904418297, 0.000227914002608, 0.000122377125081, 7.66853190726e-05, 5.93139011471e-05, 6.61357335048e-05, 6.1558203015e-05], "mean": [0.00486316578463, 0.00361639563926, 0.00109930639155, 0.00045936513925, 0.000952934205998, 0.00103873549961, 0.000254768994637, 8.84983455762e-05, 0.00019990959845, 0.000375418749172, 5.03732844663e-05, 6.29810165265e-05, 4.68902653665e-05, 2.81259654002e-05, 0.000119078358694, 0.000169311344507, 5.14556122653e-05, 8.39229178382e-05, 7.52473570174e-05, 5.63758658245e-05, 3.64296647604e-05, 2.01971633942e-05, 1.06595180114e-05, 1.00213101177e-05, 8.80568495631e-06, 8.63408058649e-06, 7.87976659922e-06, 6.12555231783e-06, 5.7888532865e-06, 7.2532361628e-06, 4.56760835732e-06, 4.44867282567e-06, 3.09511256091e-06, 2.98446389024e-06, 3.25410564983e-06, 2.0167965431e-06, 1.60909542046e-06, 1.39666906307e-06, 1.22529206692e-06, 1.43435045175e-06], "median": [0.00118914793711, 0.00205506850034, 0.000561689957976, 0.000186762074009, 0.000521692621987, 0.000634355121292, 0.000163028962561, 5.67436400161e-05, 0.000118584051961, 0.00021056488913, 2.43803660851e-05, 2.29152992688e-05, 1.59885785251e-05, 9.77220861387e-06, 1.58018210641e-05, 2.05019423447e-05, 6.94447226124e-06, 1.8156328224e-05, 1.43072184073e-05, 1.20395907288e-05, 8.70371968631e-06, 4.24255495091e-06, 3.84831901101e-06, 4.15992371927e-06, 4.06738081438e-06, 3.64767129213e-06, 3.62728292203e-06, 2.1333244149e-06, 1.79666130862e-06, 1.90990272131e-06, 1.46020693137e-06, 1.17656645671e-06, 7.04255569417e-07, 4.68124710551e-07, 4.14948289063e-07, 3.04867228351e-07, 2.4319032832e-07, 2.11052224586e-07, 1.64180377737e-07, 1.86961742088e-07], "min": [1.25200705913e-24, 5.04668587215e-25, 1.86476502246e-24, 9.10560547829e-25, 1.71054232105e-24, 3.35269434593e-24, 2.14378689957e-24, 1.52132081952e-24, 1.87999141843e-24, 2.80732581151e-24, 2.82488013602e-24, 4.28611046216e-24, 2.78916978335e-24, 4.35035056111e-24, 3.69494441067e-24, 4.08884474876e-24, 3.31809135675e-24, 3.09128773283e-24, 5.74643083724e-24, 3.55748145363e-24, 4.38531642631e-24, 4.62043089708e-24, 4.76340720299e-24, 4.76763470858e-24, 4.90317955033e-24, 4.3408822581e-24, 6.47993263958e-24, 5.62668372398e-24, 3.5603071534e-24, 4.20141559436e-24, 6.39647864998e-24, 5.17925917348e-24, 5.87578785405e-24, 5.90995815302e-24, 6.0369911856e-24, 6.63610146083e-24, 5.84136709174e-24, 6.0779488438e-24, 5.97714070315e-24, 7.79736387789e-24], "var": [8.9785149612e-05, 2.00528756977e-05, 3.92730453314e-06, 1.17897343443e-06, 1.60745923949e-06, 1.61864829806e-06, 7.55568336785e-08, 1.13981020178e-08, 5.58227988279e-08, 1.91568005903e-07, 6.71000899288e-09, 1.59250195253e-08, 6.42236930304e-09, 3.24722781997e-09, 2.25449340974e-07, 3.80942537959e-07, 4.6073175497e-08, 4.64089566776e-08, 3.16181250071e-08, 2.46503208956e-08, 4.26504787043e-09, 1.67795144446e-09, 2.67788680119e-10, 2.19030460435e-10, 1.77522441192e-10, 2.19318743722e-10, 1.59170704395e-10, 1.58492538538e-10, 1.99134625456e-10, 4.71904126886e-10, 9.12048908619e-11, 9.30735766236e-11, 5.78878785185e-11, 6.2573994597e-11, 9.35182070672e-11, 3.80418196944e-11, 1.72216841482e-11, 1.34450454242e-11, 1.29584971226e-11, 1.61926427128e-11]}, "mfcc": {"mean": [-671.80645752, 125.900215149, 6.55368757248, 17.6980857849, 1.92420172691, 1.28758764267, -9.7150220871, -5.20369720459, 6.20563840866, 8.46373653412, 5.8664598465, 2.13310408592, 1.24141955376], "cov": [[17564.6972656, -397.867828369, 756.130859375, 2812.83349609, 1851.49658203, 2033.55895996, 1669.43310547, 800.926330566, -429.179351807, -1086.47119141, -1110.7512207, -730.232116699, -204.797012329], [-397.867828369, 2137.24389648, -17.1206798553, -85.5717926025, 180.789886475, 96.5980606079, -9.68439292908, -98.1806182861, -62.3399200439, 23.1279640198, 121.386009216, 58.7548942566, -21.9637107849], [756.130859375, -17.1206798553, 686.799621582, 315.118774414, 163.060394287, 205.015274048, 226.75302124, 71.1742095947, -127.990440369, -122.688835144, -33.8681907654, -12.5247354507, -35.680267334], [2812.83349609, -85.5717926025, 315.118774414, 906.446228027, 508.465362549, 466.465393066, 401.108398438, 228.79057312, -44.9239463806, -216.750457764, -248.527877808, -156.725204468, -23.2085380554], [1851.49658203, 180.789886475, 163.060394287, 508.465362549, 548.514648438, 409.434356689, 231.046264648, 98.8148193359, 6.42957925797, -119.909553528, -182.001815796, -143.477508545, -24.9239196777], [2033.55895996, 96.5980606079, 205.015274048, 466.465393066, 409.434356689, 531.041748047, 362.192108154, 94.7135314941, -99.157661438, -171.170883179, -138.434036255, -109.095024109, -60.0840530396], [1669.43310547, -9.68439292908, 226.75302124, 401.108398438, 231.046264648, 362.192108154, 467.89276123, 180.359695435, -143.239242554, -197.052108765, -91.8202896118, -43.820350647, -52.0579986572], [800.926330566, -98.1806182861, 71.1742095947, 228.79057312, 98.8148193359, 94.7135314941, 180.359695435, 207.300430298, 38.1622467041, -59.7802391052, -58.8816299438, -20.7363529205, 5.74041652679], [-429.179351807, -62.3399200439, -127.990440369, -44.9239463806, 6.42957925797, -99.157661438, -143.239242554, 38.1622467041, 301.748168945, 171.8021698, 8.06999206543, -5.52339220047, 31.3235988617], [-1086.47119141, 23.1279640198, -122.688835144, -216.750457764, -119.909553528, -171.170883179, -197.052108765, -59.7802391052, 171.8021698, 268.899169922, 125.712142944, 35.3939552307, 4.60564041138], [-1110.7512207, 121.386009216, -33.8681907654, -248.527877808, -182.001815796, -138.434036255, -91.8202896118, -58.8816299438, 8.06999206543, 125.712142944, 220.177032471, 117.569381714, -11.3018827438], [-730.232116699, 58.7548942566, -12.5247354507, -156.725204468, -143.477508545, -109.095024109, -43.820350647, -20.7363529205, -5.52339220047, 35.3939552307, 117.569381714, 176.736312866, 41.8781852722], [-204.797012329, -21.9637107849, -35.680267334, -23.2085380554, -24.9239196777, -60.0840530396, -52.0579986572, 5.74041652679, 31.3235988617, 4.60564041138, -11.3018827438, 41.8781852722, 108.007347107]], "icov": [[0.000154871479026, 1.06354264062e-05, 7.94261941337e-05, -0.00022531079594, 2.05512733373e-05, -0.000287751259748, 1.9031962438e-05, -0.000181289491593, 8.40162610984e-05, 0.000103430567833, 0.000239687025896, 6.1165963416e-05, 0.000109708838863], [1.06354264062e-05, 0.00057404616382, 7.18110604794e-05, 0.00015847022587, -0.000668141175993, 8.55417893035e-05, -2.46937197517e-05, 0.000168741433299, 0.000154417721205, 8.84084729478e-05, -0.000505700299982, -0.00016029222752, 2.78918359982e-05], [7.94261941337e-05, 7.18110604794e-05, 0.00201319321059, -0.000787599303294, -0.000215649706661, -2.57590329511e-07, -0.000345125212334, 6.88444779371e-05, 0.000601586187258, 0.000116938019346, -0.000434707675595, -0.000298240891425, 0.00033181119943], [-0.00022531079594, 0.00015847022587, -0.000787599303294, 0.00420070812106, -0.00203362596221, -9.48484521359e-05, -0.00060141592985, -0.00164289248642, 5.53900172235e-05, -0.000168313548784, 0.000969043525402, 0.000128001309349, -0.000434253248386], [2.05512733373e-05, -0.000668141175993, -0.000215649706661, -0.00203362596221, 0.00756122311577, -0.00470033660531, 0.0016386306379, -0.000164714336279, -0.00135500263423, -7.0491482802e-06, 0.00141605886165, 0.00127883185633, -0.000630915805232], [-0.000287751259748, 8.55417893035e-05, -2.57590329511e-07, -9.48484521359e-05, -0.00470033660531, 0.00987464003265, -0.00592023553327, 0.00406371476129, -0.000574989186134, 0.000266848597676, -0.00097499252297, 0.000401088560466, 0.000688266940415], [1.9031962438e-05, -2.46937197517e-05, -0.000345125212334, -0.00060141592985, 0.0016386306379, -0.00592023553327, 0.0106705762446, -0.00720720738173, 0.00299102300778, 0.0010003792122, -0.000322019623127, -0.0013570835581, 0.00198106444441], [-0.000181289491593, 0.000168741433299, 6.88444779371e-05, -0.00164289248642, -0.000164714336279, 0.00406371476129, -0.00720720738173, 0.0130911609158, -0.00497994711623, 0.00174423970748, -0.00104496837594, 0.000408541905927, -0.00148451980203], [8.40162610984e-05, 0.000154417721205, 0.000601586187258, 5.53900172235e-05, -0.00135500263423, -0.000574989186134, 0.00299102300778, -0.00497994711623, 0.00901734735817, -0.00610783183947, 0.00270045688376, -0.00116728013381, -0.000144428719068], [0.000103430567833, 8.84084729478e-05, 0.000116938019346, -0.000168313548784, -7.0491482802e-06, 0.000266848597676, 0.0010003792122, 0.00174423970748, -0.00610783183947, 0.0120104439557, -0.00669127283618, 0.0026569867041, 0.000281671324046], [0.000239687025896, -0.000505700299982, -0.000434707675595, 0.000969043525402, 0.00141605886165, -0.00097499252297, -0.000322019623127, -0.00104496837594, 0.00270045688376, -0.00669127283618, 0.014906514436, -0.00708611123264, 0.00391048938036], [6.1165963416e-05, -0.00016029222752, -0.000298240891425, 0.000128001309349, 0.00127883185633, 0.000401088560466, -0.0013570835581, 0.000408541905927, -0.00116728013381, 0.0026569867041, -0.00708611123264, 0.0125046232715, -0.00550995254889], [0.000109708838863, 2.78918359982e-05, 0.00033181119943, -0.000434253248386, -0.000630915805232, 0.000688266940415, 0.00198106444441, -0.00148451980203, -0.000144428719068, 0.000281671324046, 0.00391048938036, -0.00550995254889, 0.0133351283148]]}, "spectral_contrast_coeffs": {"dmean": [0.0454805269837, 0.042038410902, 0.037445191294, 0.0334598645568, 0.0253464262933, 0.0216385908425], "dmean2": [0.0740177035332, 0.0664106234908, 0.0573890097439, 0.0524470061064, 0.0393744558096, 0.0342465527356], "dvar": [0.00171873485669, 0.00165513530374, 0.0013331444934, 0.00100071018096, 0.000587817339692, 0.000461081421236], "dvar2": [0.00421215593815, 0.00405769143254, 0.00290319579653, 0.00222653523088, 0.00128550722729, 0.00113721878733], "max": [-0.354545235634, -0.328209161758, -0.35256510973, -0.380371391773, -0.542687892914, -0.57472884655], "mean": [-0.681917190552, -0.628982305527, -0.67901211977, -0.695422530174, -0.771981835365, -0.771151423454], "median": [-0.668418645859, -0.633432805538, -0.688870608807, -0.705788135529, -0.772051870823, -0.760563313961], "min": [-0.993493556976, -0.996641635895, -0.998882114887, -0.98838019371, -0.98905056715, -0.966466248035], "var": [0.0115802865475, 0.00858171377331, 0.00989932660013, 0.00859949272126, 0.00405436195433, 0.00385095644742]}, "spectral_contrast_valleys": {"dmean": [0.414506554604, 0.351329296827, 0.410000652075, 0.369437903166, 0.384627819061, 0.523378014565], "dmean2": [0.677669763565, 0.557996094227, 0.630110919476, 0.561981320381, 0.549437403679, 0.68228161335], "dvar": [0.190260276198, 0.161646261811, 0.203809201717, 0.180395364761, 0.226483106613, 0.319207370281], "dvar2": [0.484574228525, 0.36452332139, 0.434392184019, 0.376128196716, 0.447896420956, 0.620952069759], "max": [-5.00722360611, -4.66166305542, -5.27019453049, 