{"lowlevel": {"average_loudness": 0.009775637649, "barkbands_crest": {"dmean": 1.60787296295, "dmean2": 2.59809350967, "dvar": 3.96518659592, "dvar2": 10.5505332947, "max": 25.9531936646, "mean": 13.2930040359, "median": 11.9252328873, "min": 3.62000226974, "var": 28.3950309753}, "barkbands_flatness_db": {"dmean": 0.0173428822309, "dmean2": 0.0292373578995, "dvar": 0.000386084255297, "dvar2": 0.00102592736948, "max": 0.509630024433, "mean": 0.370838463306, "median": 0.375951081514, "min": 0.0683229416609, "var": 0.00360055151395}, "barkbands_kurtosis": {"dmean": 1.96358692646, "dmean2": 3.20802497864, "dvar": 17.4664478302, "dvar2": 47.35597229, "max": 72.0697021484, "mean": 4.53478336334, "median": 2.37677574158, "min": -1.90721595287, "var": 59.758518219}, "barkbands_skewness": {"dmean": 0.377150803804, "dmean2": 0.613219380379, "dvar": 0.266062289476, "dvar2": 0.710708141327, "max": 6.68691110611, "mean": 0.943507134914, "median": 1.03851187229, "min": -7.24080657959, "var": 1.71766471863}, "barkbands_spread": {"dmean": 1.06774508953, "dmean2": 1.7499525547, "dvar": 5.2800989151, "dvar2": 13.1069955826, "max": 129.123016357, "mean": 6.02462720871, "median": 4.76787996292, "min": 0.364766359329, "var": 69.2750396729}, "dissonance": {"dmean": 0.0362722426653, "dmean2": 0.0616978853941, "dvar": 0.0014496340882, "dvar2": 0.00389188644476, "max": 0.499991357327, "mean": 0.372543394566, "median": 0.377900421619, "min": 0.0991625785828, "var": 0.00367644592188}, "dynamic_complexity": 10.7570419312, "erbbands_crest": {"dmean": 1.57205474377, "dmean2": 2.45209407806, "dvar": 3.59506988525, "dvar2": 8.09077835083, "max": 34.1790046692, "mean": 14.6584262848, "median": 12.8340673447, "min": 3.24859189987, "var": 44.047542572}, "erbbands_flatness_db": {"dmean": 0.0112238032743, "dmean2": 0.0184035468847, "dvar": 0.000161615826073, "dvar2": 0.000376379291993, "max": 0.573184132576, "mean": 0.390547066927, "median": 0.400564342737, "min": 0.0458021834493, "var": 0.0039167702198}, "erbbands_kurtosis": {"dmean": 0.91947388649, "dmean2": 1.37116622925, "dvar": 5.15470552444, "dvar2": 9.99286460876, "max": 70.325630188, "mean": 2.24167537689, "median": 0.232262372971, "min": -1.81364405155, "var": 37.586894989}, "erbbands_skewness": {"dmean": 0.237494155765, "dmean2": 0.372953176498, "dvar": 0.0924956649542, "dvar2": 0.225395724177, "max": 5.64288902283, "mean": 0.434623599052, "median": 0.417517066002, "min": -5.74319124222, "var": 1.03534376621}, "erbbands_spread": {"dmean": 1.29888439178, "dmean2": 1.96784842014, "dvar": 2.75283837318, "dvar2": 5.84448003769, "max": 117.667442322, "mean": 11.879242897, "median": 11.7941474915, "min": 0.364920169115, "var": 57.0484886169}, "hfc": {"dmean": 1.07262694836, "dmean2": 1.58981561661, "dvar": 8.52144145966, "dvar2": 19.1790390015, "max": 88.6016998291, "mean": 4.94687986374, "median": 1.1071574688, "min": 1.22409509003e-16, "var": 85.3575744629}, "melbands_crest": {"dmean": 1.83230614662, "dmean2": 2.91464281082, "dvar": 4.70968437195, "dvar2": 12.0524759293, "max": 33.9470062256, "mean": 15.86622715, "median": 14.9777402878, "min": 1.92339587212, "var": 27.5749473572}, "melbands_flatness_db": {"dmean": 0.0188492797315, "dmean2": 0.0317122749984, "dvar": 0.000485341879539, "dvar2": 0.00125804240815, "max": 0.681679725647, "mean": 0.497129708529, "median": 0.498765081167, "min": 0.00912566389889, "var": 0.0056522898376}, "melbands_kurtosis": {"dmean": 2.09827876091, "dmean2": 3.48076367378, "dvar": 15.946393013, "dvar2": 45.729549408, "max": 99.5131530762, "mean": 5.81271791458, "median": 3.4987077713, "min": -1.86668002605, "var": 63.8644180298}, "melbands_skewness": {"dmean": 0.353811711073, "dmean2": 0.572066783905, "dvar": 0.203332006931, "dvar2": 0.547571837902, "max": 7.60938739777, "mean": 1.34911966324, "median": 1.42857480049, "min": -5.52619934082, "var": 1.85258352757}, "melbands_spread": {"dmean": 1.5169904232, "dmean2": 2.49388766289, "dvar": 16.4024715424, "dvar2": 42.8381958008, "max": 250.345062256, "mean": 8.99033355713, "median": 6.71282815933, "min": 0.684768259525, "var": 273.555755615}, "pitch_salience": {"dmean": 0.0426922701299, "dmean2": 0.069662719965, "dvar": 0.00262350472622, "dvar2": 0.00681630894542, "max": 0.854456841946, "mean": 0.49262920022, "median": 0.504525959492, "min": 0.0927806943655, "var": 0.0152509473264}, "silence_rate_20dB": {"dmean": 0, "dmean2": 0, "dvar": 0, "dvar2": 0, "max": 1, "mean": 1, "median": 1, "min": 1, "var": 0}, "silence_rate_30dB": {"dmean": 0.00682128220797, "dmean2": 0.013644891791, "dvar": 0.00677422108129, "dvar2": 0.0175499711186, "max": 1, "mean": 0.984995722771, "median": 1, "min": 0, "var": 0.01478168834}, "silence_rate_60dB": {"dmean": 0.0317189618945, "dmean2": 0.0634487494826, "dvar": 0.030713384971, "dvar2": 0.0659060254693, "max": 1, "mean": 0.515089511871, "median": 1, "min": 0, "var": 0.249766677618}, "spectral_centroid": {"dmean": 30.1738891602, "dmean2": 47.3890800476, "dvar": 12421.7529297, "dvar2": 18103.1503906, "max": 11071.7597656, "mean": 499.313476562, "median": 430.401000977, "min": 209.850097656, "var": 183192.15625}, "spectral_complexity": {"dmean": 0.67871761322, "dmean2": 1.12365686893, "dvar": 1.1023594141, "dvar2": 2.26464486122, "max": 24, "mean": 5.94305181503, "median": 5, "min": 0, "var": 23.6546783447}, "spectral_decrease": {"dmean": 8.07077848997e-10, "dmean2": 1.26821420032e-09, "dvar": 6.10063237987e-18, "dvar2": 1.6105891432e-17, "max": 1.65980590764e-28, "mean": -3.03771097165e-09, "median": -7.35975613786e-10, "min": -5.42977858231e-08, "var": 3.73041813387e-17}, "spectral_energy": {"dmean": 0.00313886068761, "dmean2": 0.00492288032547, "dvar": 9.15827404242e-05, "dvar2": 0.000241003290284, "max": 0.209311589599, "mean": 0.0119136758149, "median": 0.00288231996819, "min": 1.04764678324e-20, "var": 0.000569006428123}, "spectral_energyband_high": {"dmean": 1.01296784294e-07, "dmean2": 1.36557744668e-07, "dvar": 3.59784440738e-13, "dvar2": 7.36372117796e-13, "max": 1.997884101e-05, "mean": 2.41622501562e-07, "median": 2.45765696683e-09, "min": 7.84244041868e-21, "var": 8.54809387336e-13}, "spectral_energyband_low": {"dmean": 0.00043139475747, "dmean2": 0.000714135181624, "dvar": 3.00372198581e-06, "dvar2": 7.5153261605e-06, "max": 0.0962011441588, "mean": 0.00151645205915, "median": 0.000122180397739, "min": 4.05034447116e-23, "var": 3.22506057273e-05}, "spectral_energyband_middle_high": {"dmean": 0.000225555588258, "dmean2": 0.000313931930577, "dvar": 4.07832288829e-07, "dvar2": 7.69369023601e-07, "max": 0.0262460820377, "mean": 0.00111909850966, "median": 0.000184853881365, "min": 1.35881631712e-21, "var": 5.21807305631e-06}, "spectral_energyband_middle_low": {"dmean": 0.00290911551565, "dmean2": 0.00459110597149, "dvar": 8.35345927044e-05, "dvar2": 0.000224968593102, "max": 0.194618612528, "mean": 0.00964175537229, "median": 0.00215745763853, "min": 1.61926436167e-22, "var": 0.000380991317797}, "spectral_entropy": {"dmean": 0.114241540432, "dmean2": 0.185657575727, "dvar": 0.0272702015936, "dvar2": 0.0678758174181, "max": 9.79871273041, "mean": 5.506336689, "median": 5.46132850647, "min": 3.9000415802, "var": 0.263067424297}, "spectral_flux": {"dmean": 0.00955969281495, "dmean2": 0.01546618063, "dvar": 0.000404808699386, "dvar2": 0.00106745318044, "max": 0.301947295666, "mean": 0.0209199953824, "median": 0.00973190739751, "min": 1.02354617837e-10, "var": 0.000914874661248}, "spectral_kurtosis": {"dmean": 34.3668708801, "dmean2": 60.2469139099, "dvar": 1182.35961914, "dvar2": 3322.64233398, "max": 396.814300537, "mean": 138.949172974, "median": 133.547302246, "min": -1.20750129223, "var": 4990.33740234}, "spectral_rms": {"dmean": 0.000302294210996, "dmean2": 0.000457872520201, "dvar": 3.88687254826e-07, "dvar2": 9.63527554632e-07, "max": 0.0142900813371, "mean": 0.00239418656565, "median": 0.00167690764647, "min": 3.1970212068e-12, "var": 5.89098863202e-06}, "spectral_rolloff": {"dmean": 75.9309082031, "dmean2": 137.163803101, "dvar": 77917.765625, "dvar2": 174932.65625, "max": 19315.2832031, "mean": 744.812683105, "median": 602.9296875, "min": 86.1328125, "var": 2067384.375}, "spectral_skewness": {"dmean": 1.63905954361, "dmean2": 2.9166431427, "dvar": 2.58620667458, "dvar2": 7.40692901611, "max": 15.202755928, "mean": 8.41230678558, "median": 8.59686374664, "min": -0.0153184263036, "var": 8.17559528351}, "spectral_spread": {"dmean": 282650.65625, "dmean2": 508878.84375, "dvar": 232768602112, "dvar2": 386744516608, "max": 40396976, "mean": 1004697.125, "median": 780090.5625, "min": 224675.578125, "var": 1699942891520.0}, "spectral_strongpeak": {"dmean": 0.173004165292, "dmean2": 0.27954903245, "dvar": 0.124197311699, "dvar2": 0.282387286425, "max": 8.47818660736, "mean": 0.730305254459, "median": 0.35307982564, "min": 0, "var": 0.879734814167}, "zerocrossingrate": {"dmean": 0.00204213801771, "dmean2": 0.00278402771801, "dvar": 2.78335446637e-05, "dvar2": 3.93461705244e-05, "max": 0.50732421875, "mean": 0.0261124316603, "median": 0.02099609375, "min": 0.0068359375, "var": 0.00162004795857}, "barkbands": {"dmean": [5.36573634236e-06, 0.000150248801219, 0.00029044385883, 0.000174700806383, 0.00216571916826, 0.000323447427945, 0.000180465256562, 0.000342454615748, 0.000230035875575, 9.95968002826e-05, 7.44435528759e-05, 7.84993098932e-05, 3.51403141394e-05, 1.90920727619e-05, 1.3405543541e-05, 9.02037209016e-06, 2.99544376503e-06, 8.16897340883e-07, 2.917391555e-07, 1.39280373901e-07, 2.71685678399e-08, 3.83985865327e-09, 1.47878098655e-09, 6.55558607399e-10, 4.76083839018e-10, 4.49399933933e-10, 4.72371752824e-10], "dmean2": [9.32836974243e-06, 0.000253577076364, 0.000496179913171, 0.000258186133578, 0.00371775496751, 0.000395701848902, 0.00026411289582, 0.000468714017188, 0.000280583306449, 0.000105202714622, 0.000106608058559, 0.000128179352032, 4.79727459606e-05, 2.93058601528e-05, 2.17363613046e-05, 1.16054907267e-05, 4.37740709458e-06, 1.11350482257e-06, 4.23622310564e-07, 1.86834611782e-07, 3.99901942671e-08, 6.35854302544e-09, 2.4355668593e-09, 1.15425602409e-09, 8.68749017169e-10, 8.23209833634e-10, 8.67620586487e-10], "dvar": [1.58888485702e-10, 5.14981138622e-07, 1.34079607506e-06, 1.31991885155e-06, 7.11916e-05, 1.60567162766e-06, 4.73268357837e-07, 1.74964498001e-06, 2.16795410779e-06, 3.1097459896e-07, 5.41383045061e-08, 8.85188526922e-08, 1.76503931471e-08, 4.35979607971e-09, 4.44369208097e-09, 1.13495646215e-09, 1.6214171672e-10, 2.59141839931e-11, 1.60777944777e-12, 5.12731838324e-13, 5.14589523879e-14, 4.29395411677e-16, 9.4955543291e-17, 9.19591328072e-18, 1.53510452824e-18, 1.32204461934e-18, 1.48501584702e-18], "dvar2": [4.20163043247e-10, 1.34090578285e-06, 3.64942911801e-06, 2.47464163294e-06, 0.000206499913475, 2.15589989239e-06, 9.45123645124e-07, 3.35739287038e-06, 2.76943524113e-06, 3.57473140866e-07, 1.22272467706e-07, 2.7636420441e-07, 3.46192692291e-08, 9.52321421721e-09, 1.52256180996e-08, 1.9619044167e-09, 3.5212799343e-10, 4.56643368951e-11, 3.43753649677e-12, 1.07031094057e-12, 1.16138476332e-13, 1.0795241154e-15, 2.34856322359e-16, 2.50439816147e-17, 4.70212308131e-18, 4.18428568397e-18, 4.71412878072e-18], "max": [0.000312912976369, 0.0541239343584, 0.0330668576062, 0.0793926641345, 0.14992159605, 0.0549279861152, 0.0247563850135, 0.0415256023407, 0.101827710867, 0.0286632291973, 0.009436044842, 0.0122926495969, 0.00526310643181, 0.00212953309529, 0.00229387171566, 0.00131620978937, 0.000440132076619, 0.000280408654362, 5.5988686654e-05, 2.24827217608e-05, 8.9426557679e-06, 6.74289765357e-07, 4.74790425642e-07, 1.06244350206e-07, 2.11988933074e-08, 1.47655443428e-08, 1.51818824179e-08], "mean": [5.55522592549e-06, 0.000600455095991, 0.000683694146574, 0.000800524896476, 0.00415595714003, 0.00116697500926, 0.000672908907291, 0.00173199316487, 0.000860378204379, 0.000361764978152, 0.000329521775711, 0.000287285540253, 0.000119733791507, 5.56296799914e-05, 3.66279200534e-05, 3.31757837557e-05, 8.27358235256e-06, 2.00712156584e-06, 8.01017677077e-07, 3.79781624815e-07, 5.28120089882e-08, 7.43888151078e-09, 2.26352780963e-09, 9.26506260601e-10, 6.49086118187e-10, 5.98473548497e-10, 5.03876884661e-10], "median": [2.06480672205e-06, 3.15459292324e-05, 4.29054089182e-05, 4.71385028504e-05, 0.000479238020489, 8.60217987793e-05, 8.32444347907e-05, 4.76397945022e-05, 6.78215801599e-05, 1.94919430214e-05, 2.78203442576e-05, 2.24386603804e-05, 9.61348268902e-06, 3.41417671734e-06, 1.72542149812e-06, 9.43068471315e-07, 3.69921878018e-07, 2.43295694702e-08, 8.8460598846e-09, 1.86578730244e-09, 3.44224287963e-10, 2.11806738815e-10, 1.69457045618e-10, 1.89184334864e-10, 2.18595933021e-10, 2.20682097596e-10, 1.59516316822e-10], "min": [2.74906918308e-23, 2.12288102062e-23, 1.44717854405e-24, 8.73233917769e-25, 1.76446853699e-23, 1.97178970258e-23, 2.31669168103e-23, 3.54357580803e-23, 3.84743871783e-23, 6.00886080015e-23, 9.02737773164e-23, 6.72711297456e-23, 8.36743752426e-23, 1.00020772267e-22, 1.12438061382e-22, 1.69121743769e-22, 1.23671970787e-22, 1.59856427286e-22, 3.10413358325e-22, 2.63143045836e-22, 3.75930768237e-22, 5.55778634801e-22, 4.15343798918e-22, 7.09739342874e-22, 1.45025238947e-21, 1.9290696029e-21, 2.47090420612e-21], "var": [1.82624457223e-10, 1.00262568594e-05, 4.52956692243e-06, 1.59077317221e-05, 0.000138483912451, 1.5481520677e-05, 3.55720158041e-06, 2.26008396567e-05, 2.08955298149e-05, 2.44302646024e-06, 6.34094760699e-07, 6.73956606079e-07, 1.34223228088e-07, 1.98576977084e-08, 1.37113280729e-08, 1.07279571893e-08, 8.41450797928e-10, 9.56066059654e-11, 6.23789344831e-12, 1.61036277629e-12, 9.72925895664e-14, 1.07343892482e-15, 1.15992625623e-16, 1.00201582293e-17, 1.67214085199e-18, 1.25347155335e-18, 1.18881653174e-18]}, "erbbands": {"dmean": [0.00162509828806, 0.0449918545783, 0.289047718048, 0.408888846636, 1.15757739544, 10.4909343719, 8.09362697601, 2.08175086975, 3.31442451477, 2.99761724472, 8.33868122101, 6.85756731033, 3.24460315704, 1.76942968369, 3.3845334053, 3.71531009674, 1.86761367321, 1.0461794138, 0.56409984827, 0.865777373314, 0.315846890211, 0.116448052227, 0.0628567785025, 0.0260437987745, 0.00910049956292, 0.00542487110943, 0.00252373889089, 0.000610163377132, 0.000163633012562, 7.47365265852e-05, 3.46488923242e-05, 1.62407541211e-05, 1.01850000647e-05, 5.86390433455e-06, 3.77235869564e-06, 2.34978551816e-06, 1.23978816191e-06, 3.27778025166e-07, 1.44596072005e-06, 3.47390096067e-06], "dmean2": [0.00288734887727, 0.0762389600277, 0.498873084784, 0.619261443615, 1.89678800106, 18.418296814, 12.752820015, 2.76439189911, 4.60869407654, 4.09443569183, 11.5488967896, 8.3714017868, 3.46682620049, 2.22669053078, 4.91700220108, 6.02555561066, 2.58121466637, 1.59248459339, 0.864010035992, 1.33450138569, 0.419647365808, 0.170514419675, 0.0873305127025, 0.0378114692867, 0.0126686599106, 0.00751527911052, 0.0034901520703, 0.000817727239337, 0.000264716363745, 0.000125300211948, 5.63200082979e-05, 2.79846371996e-05, 1.77882011485e-05, 1.03385164039e-05, 6.51304571875e-06, 4.00132694267e-06, 2.06094387067e-06, 5.65456389268e-07, 2.25613257498e-06, 5.43577971257e-06], "dvar": [5.9653466451e-05, 0.0428620055318, 1.27921879292, 4.06177473068, 28.1793994904, 1803.29345703, 1032.0904541, 66.8505554199, 177.02696228, 112.382011414, 1220.05725098, 1750.92553711, 329.471466064, 128.922653198, 117.353111267, 213.600189209, 46.0122451782, 12.8808298111, 3.74011540413, 28.0107059479, 1.49710965157, 0.231526464224, 0.123157091439, 0.0114886490628, 0.00144630775321, 0.00074069283437, 0.000286970229354, 1.80073457159e-05, 8.61898968196e-07, 2.19084796527e-07, 3.88702048326e-08, 6.50757048248e-09, 2.33334906952e-09, 2.31084623659e-10, 8.38586283747e-11, 3.31251102936e-11, 9.45330706076e-12, 6.1618050072e-13, 1.8951609379e-11, 1.11173785455e-10], "dvar2": [0.000183385360288, 0.111192509532, 3.58016180992, 7.7639541626, 64.4815444946, 5415.62939453, 2381.78710938, 104.142364502, 313.270111084, 181.936981201, 2379.53637695, 2248.61987305, 328.107055664, 203.242630005, 267.602874756, 669.475585938, 89.5695343018, 27.6815643311, 9.43416500092, 93.9471054077, 3.07069826126, 0.491684257984, 0.205023050308, 0.0239813141525, 0.00281077087857, 0.00159029278439, 0.000640149519313, 3.20102626574e-05, 2.00445583687e-06, 5.78037656851e-07, 9.21761724726e-08, 1.71507377189e-08, 6.56899334928e-09, 6.51952103414e-10, 2.38971925581e-10, 9.03328592483e-11, 2.4931117934e-11, 1.78480819533e-12, 4.92198504176e-11, 2.91348167814e-10], "max": [0.468368977308, 14.8762998581, 34.8787498474, 132.724945068, 279.003540039, 709.125061035, 919.908996582, 280.432952881, 422.061187744, 442.010955811, 1087.48498535, 2890.86499023, 912.260253906, 690.618286133, 470.959289551, 635.418945312, 277.134429932, 103.990089417, 70.2843551636, 180.248565674, 43.3907089233, 15.3056287766, 15.6205844879, 3.61539769173, 1.28128230572, 0.976135611534, 0.627724945545, 0.169397890568, 0.0304467286915, 0.0188699737191, 0.00873524881899, 0.00305600184947, 0.00228991429321, 0.000338784331689, 0.000197081462829, 0.000136533388286, 7.38515154808e-05, 1.96572418645e-05, 9.54290298978e-05, 0.000229605037021], "mean": [0.00468951324001, 0.178969100118, 0.767239630222, 1.5654976368, 3.89405012131, 17.8712387085, 19.335975647, 6.98882865906, 12.9531698227, 10.5138893127, 45.0399894714, 27.9373588562, 12.8475799561, 6.65829086304, 15.6130714417, 14.3667850494, 7.03246879578, 3.23658418655, 1.93085539341, 2.33342170715, 1.16909706593, 0.345254004002, 0.151007980108, 0.077259093523, 0.025079973042, 0.0143774151802, 0.00582580128685, 0.00129406386986, 0.000345963373547, 0.000129358653794, 5.83842738706e-05, 3.04466648231e-05, 2.07694392884e-05, 1.48745357365e-05, 1.12442257887e-05, 8.10761139292e-06, 4.61868148705e-06, 9.94831680146e-07, 5.69418216401e-06, 1.33269440994e-05], "median": [0.000531058292836, 0.00947505328804, 0.0524051934481, 0.145169749856, 0.681686937809, 1.76402544975, 1.13146829605, 0.852299749851, 1.37025952339, 1.55372726917, 1.59807670116, 2.3464217186, 1.03074324131, 0.797462403774, 1.51017093658, 1.27107930183, 0.71381342411, 0.2951810956, 0.129585430026, 0.0784159377217, 0.0471892058849, 0.0150758251548, 0.0033572264947, 0.000992954242975, 0.000290361320367, 9.69837710727e-05, 2.79059295281e-05, 1.47522659972e-05, 9.71194458543e-06, 7.67933215684e-06, 6.58764020045e-06, 5.86371379541e-06, 5.1408287618e-06, 4.32373781223e-06, 3.34550873049e-06, 2.36822461375e-06, 1.31345677801e-06, 2.92510009103e-07, 1.40522433867e-06, 3.21577635987e-06], "min": [1.43180369707e-21, 1.83616587061e-21, 1.19219758483e-21, 4.04232865987e-21, 1.77661496535e-20, 3.87602779434e-20, 1.25780773752e-19, 2.17934561803e-19, 4.26271321109e-19, 4.01385488983e-19, 8.21865925419e-19, 9.10255809038e-19, 1.81284179264e-18, 2.21924968966e-18, 2.97520922429e-18, 3.49510030429e-18, 4.11922544725e-18, 5.66986194586e-18, 4.45659230086e-18, 6.68306761996e-18, 9.81135385443e-18, 7.57246793101e-18, 8.59052874171e-18, 1.75256361112e-17, 1.08952822301e-17, 1.18230496595e-17, 1.04627825751e-17, 2.1625536965e-17, 2.12794578316e-17, 1.34649130128e-17, 1.29405781117e-17, 1.50814464413e-17, 1.37886177378e-17, 1.21534735727e-17, 1.22959827301e-17, 7.63631138505e-18, 3.65558492365e-18, 1.25530510258e-18, 3.24154788815e-19, 3.85870449974e-20], "var": [0.000523446360603, 0.810333967209, 6.63906860352, 38.3558654785, 210.509719849, 2835.73803711, 4360.81445312, 369.736450195, 1281.60046387, 598.490356445, 15790.109375, 16983.4960938, 2824.29736328, 680.659545898, 1477.33337402, 1740.73449707, 390.709594727, 56.9787139893, 24.007270813, 76.6167907715, 12.8510828018, 1.17396628857, 0.478453725576, 0.0476532056928, 0.00542349647731, 0.00220489711501, 0.000598934711888, 4.39221694251e-05, 2.36707614931e-06, 2.71489312809e-07, 5.22703267336e-08, 8.45657943671e-09, 3.0571061238e-09, 7.37799099593e-10, 3.87827353565e-10, 2.05106195916e-10, 6.881367004e-11, 2.86810267376e-12, 1.26164245717e-10, 7.0522754303e-10]}, "gfcc": {"mean": [-325.494873047, 249.396209717, -97.5665283203, -64.2481155396, -18.0900478363, -9.57939815521, -30.2919750214, -15.4396057129, -14.9511041641, -15.0680589676, -8.18815040588, -12.4483499527, -3.75363183022], "cov": [[21612.8710938, 4074.25927734, -4553.14892578, -459.318634033, 1366.49023438, -2754.74951172, 452.952880859, -404.134155273, -107.316101074, -333.996734619, 411.475952148, -593.815795898, 135.534240723], [4074.25927734, 2047.4432373, -330.098175049, -581.076599121, 421.236694336, -336.905517578, -146.244506836, -218.823501587, 20.8875465393, -226.42338562, 90.030090332, -94.9032363892, 33.1707611084], [-4553.14892578, -330.098175049, 1672.48071289, 80.5076522827, -258.454040527, 718.590148926, -201.040420532, -52.1431083679, 36.9112052917, 29.7818622589, -112.9061203, 136.267715454, 2.54977178574], [-459.318634033, -581.076599121, 80.5076522827, 503.753448486, -21.3588256836, -2.84711408615, 100.957901001, 72.89112854, -2.05065059662, 114.237892151, -4.41578197479, -6.66382980347, -46.5713691711], [1366.49023438, 421.236694336, -258.454040527, -21.3588256836, 298.067138672, -111.888557434, -5.75337409973, -26.0098934174, -4.56978940964, -95.1182556152, 33.8664894104, -14.8071298599, 15.3427429199], [-2754.74951172, -336.905517578, 718.590148926, -2.84711408615, -111.888557434, 567.774841309, -21.131149292, 2.08985185623, 1.82375514507, -14.6585865021, -123.138938904, 85.1981124878, 16.9082889557], [452.952880859, -146.244506836, -201.040420532, 100.957901001, -5.75337409973, -21.131149292, 223.378173828, 106.060836792, 1.32768654823, 28.9075870514, -13.9926099777, -53.7446289062, -21.9932899475], [-404.134155273, -218.823501587, -52.1431083679, 72.89112854, -26.0098934174, 2.08985185623, 106.060836792, 186.612991333, 68.3000411987, 30.9233627319, 6.09093236923, -8.88098239899, -54.855430603], [-107.316101074, 20.8875465393, 36.9112052917, -2.05065059662, -4.56978940964, 1.82375514507, 1.32768654823, 68.3000411987, 101.835525513, 34.5278968811, -4.55174160004, -13.7556676865, -40.3946342468], [-333.996734619, -226.42338562, 29.7818622589, 114.237892151, -95.1182556152, -14.6585865021, 28.9075870514, 30.9233627319, 34.5278968811, 129.318984985, 29.9514656067, -26.739736557, -51.7117958069], [411.475952148, 90.030090332, -112.9061203, -4.41578197479, 33.8664894104, -123.138938904, -13.9926099777, 6.09093236923, -4.55174160004, 29.9514656067, 113.832550049, 13.7494001389, -42.7095985413], [-593.815795898, -94.9032363892, 136.267715454, -6.66382980347, -14.8071298599, 85.1981124878, -53.7446289062, -8.88098239899, -13.7556676865, -26.739736557, 13.7494001389, 95.6759643555, 30.6451129913], [135.534240723, 33.1707611084, 2.54977178574, -46.5713691711, 15.3427429199, 16.9082889557, -21.9932899475, -54.855430603, -40.3946342468, -51.7117958069, -42.7095985413, 30.6451129913, 107.432044983]], "icov": [[0.000813876278698, -0.00117626669817, 0.000974621158093, -0.000778805348091, -0.000309208204271, 0.0021290704608, -0.00237168418244, 0.00248800986446, -0.00128933566157, 0.000348716363078, 0.000688749947585, -0.00066698883893, -0.000383255945053], [-0.00117626669817, 0.00389490672387, -0.00247046933509, 0.0034184360411, -0.00202220259234, -0.00125972530805, 0.00181860942394, -0.00084176188102, -0.000142019664054, 0.00089463655604, -0.00160887022503, 0.00208618910983, 0.00139396428131], [0.000974621158093, -0.00247046933509, 0.00418808590621, -0.00398842338473, 0.003457283834, -0.00230417936109, 0.000284540175926, 0.00243368814699, -0.00370703218505, 0.00351462000981, -0.003616244765, 0.00222631543875, -0.00290014618076], [-0.000778805348091, 0.0034184360411, -0.00398842338473, 0.00900723040104, -0.00732531724498, 0.00432709511369, -0.00199482170865, -0.00167835957836, 0.00610509514809, -0.00975911878049, 0.00909500569105, -0.00650756759569, 0.00609612185508], [-0.000309208204271, -0.00202220259234, 0.003457283834, -0.00732531724498, 0.0139875132591, -0.0080882832408, 0.0045695095323, -0.000557051505893, -0.00694305868819, 0.0143796671182, -0.0140507780015, 0.00958953332156, -0.0063270223327], [0.0021290704608, -0.00125972530805, -0.00230417936109, 0.00432709511369, -0.0080882832408, 0.0177801121026, -0.012012783438, 0.00779152708128, 0.00221145921387, -0.00766351353377, 0.0177066083997, -0.0144310612231, 0.00780782662332], [-0.00237168418244, 0.00181860942394, 0.000284540175926, -0.00199482170865, 0.0045695095323, -0.012012783438, 0.0199140720069, -0.0158527456224, 0.0073009878397, 0.000285560177872, -0.00632061017677, 0.0109719196334, -0.00398049456999], [0.00248800986446, -0.00084176188102, 0.00243368814699, -0.00167835957836, -0.000557051505893, 0.00779152708128, -0.0158527456224, 0.0256782434881, -0.0179963055998, 0.00964543502778, -0.00258596241474, -0.00291842641309, 0.00273571629077], [-0.00128933566157, -0.000142019664054, -0.00370703218505, 0.00610509514809, -0.00694305868819, 0.00221145921387, 0.0073009878397, -0.0179963055998, 0.0322990193963, -0.0216949358582, 0.019596664235, -0.0104332165793, 0.00982259772718], [0.000348716363078, 0.00089463655604, 0.00351462000981, -0.00975911878049, 0.0143796671182, -0.00766351353377, 0.000285560177872, 0.00964543502778, -0.0216949358582, 0.0391813740134, -0.0286833122373, 0.0219404865056, -0.00785332545638], [0.000688749947585, -0.00160887022503, -0.003616244765, 0.00909500569105, -0.0140507780015, 0.0177066083997, -0.00632061017677, -0.00258596241474, 0.019596664235, -0.0286833122373, 0.0474876686931, -0.0323141254485, 0.0219200272113], [-0.00066698883893, 0.00208618910983, 0.00222631543875, -0.00650756759569, 0.00958953332156, -0.0144310612231, 0.0109719196334, -0.00291842641309, -0.0104332165793, 0.0219404865056, -0.0323141254485, 0.0402531065047, -0.0187095031142], [-0.000383255945053, 0.00139396428131, -0.00290014618076, 0.00609612185508, -0.0063270223327, 0.00780782662332, -0.00398049456999, 0.00273571629077, 0.00982259772718, -0.00785332545638, 0.0219200272113, -0.0187095031142, 0.0262939017266]]}, "melbands": {"dmean": [2.77519211522e-05, 0.000117423216579, 8.5809842858e-05, 0.000360391073627, 0.0003870271903, 5.06797987327e-05, 4.70671766379e-05, 3.75069867005e-05, 6.91249733791e-05, 3.62715145457e-05, 1.51916055984e-05, 6.95961216479e-06, 1.05548688225e-05, 1.0678385479e-05, 5.85931320529e-06, 2.7588116609e-06, 2.04731441045e-06, 9.35956165904e-07, 8.0930118429e-07, 1.13460680495e-06, 2.56294526935e-07, 1.31191455921e-07, 1.21330501202e-07, 3.61785090774e-08, 2.1225135427e-08, 6.55826637441e-09, 5.57926593814e-09, 3.70805608441e-09, 2.28071406205e-09, 7.41473549226e-10, 2.09571179854e-10, 1.16116331828e-10, 4.12553567697e-11, 4.29837831994e-11, 2.14055526776e-11, 1.27303011882e-11, 8.68149736127e-12, 7.57689917752e-12, 5.38805155006e-12, 4.51178200703e-12], "dmean2": [4.78575748275e-05, 0.000201013026526, 0.000132878165459, 0.000629099959042, 0.000639341131318, 6.39149584458e-05, 6.61162848701e-05, 5.11973412358e-05, 9.43751147133e-05, 4.43804456154e-05, 1.60611016327e-05, 8.82376752998e-06, 1.52577376866e-05, 1.72191830643e-05, 8.96995152289e-06, 3.75312743017e-06, 3.1599945487e-06, 1.47336515965e-06, 1.25376845972e-06, 1.65722383372e-06, 3.45506151689e-07, 1.96514875483e-07, 1.69463518773e-07, 5.42605604892e-08, 3.11632568639e-08, 9.13463438224e-09, 7.68097851989e-09, 5.14339060231e-09, 3.21861048924e-09, 9.88653825473e-10, 2.98341046312e-10, 1.91822877027e-10, 7.13536799091e-11, 7.17163550767e-11, 3.42937934994e-11, 2.18685815984e-11, 1.51801887033e-11, 1.34330263926e-11, 9.67190910695e-12, 8.19792064094e-12], "dvar": [1.86671194058e-08, 2.1457394439e-07, 2.30034117976e-07, 1.87534476481e-06, 2.34294634538e-06, 4.12141325512e-08, 3.61510466007e-08, 1.65130735752e-08, 7.89609302387e-08, 5.26824983638e-08, 8.11466094319e-09, 2.46026465867e-09, 1.07112052561e-09, 1.37767108832e-09, 3.57964519138e-10, 9.16004147533e-11, 4.89724372166e-11, 1.0369931476e-11, 1.85043456252e-11, 2.99312137575e-11, 1.20633071674e-12, 3.37673953469e-13, 5.4914655722e-13, 7.78851470622e-14, 7.60560539515e-15, 6.76090051795e-16, 7.75792235374e-16, 4.25378622622e-16, 2.44435735597e-16, 2.43235767844e-17, 3.05744235091e-18, 4.23561503272e-19, 4.48327820724e-20, 9.48106081679e-20, 1.45338913267e-20, 5.49230195666e-21, 1.45272211733e-21, 2.07868306892e-21, 2.20511689853e-22, 1.41466527107e-22], "dvar2": [5.17824858548e-08, 5.85054181101e-07, 4.60393778212e-07, 5.64801712244e-06, 6.26707605988e-06, 5.99556955194e-08, 6.63313457494e-08, 2.62726818079e-08, 1.49411363282e-07, 6.90500598921e-08, 8.04002642241e-09, 3.91058385674e-09, 2.42786124538e-09, 4.21778922899e-09, 9.29361421154e-10, 1.75704548133e-10, 1.09356391997e-10, 2.72022890324e-11, 6.13376849312e-11, 9.07805011718e-11, 2.53606901104e-12, 7.80675112229e-13, 8.28713237356e-13, 1.72335371884e-13, 1.72264495556e-14, 1.29487536009e-15, 1.60339165278e-15, 9.23120011082e-16, 5.50938128042e-16, 3.98550409117e-17, 6.01223779166e-18, 1.0598434612e-18, 1.20407007827e-19, 2.44613359606e-19, 3.32697599989e-20, 1.47218826612e-20, 3.83703761835e-21, 5.95242157629e-21, 6.41911996771e-22, 4.27778392486e-22], "max": [0.0098793162033, 0.018974442035, 0.0288133341819, 0.0224548988044, 0.0364733487368, 0.00619038706645, 0.00652148481458, 0.00530208600685, 0.00822457950562, 0.0156534947455, 0.00455289613456, 0.00299457204528, 0.00129132345319, 0.0012938886648, 0.000765120435972, 0.000363564206054, 0.000239673448959, 0.000124541285913, 0.000147905724589, 0.000182849209523, 4.57715286757e-05, 2.47552379733e-05, 3.75769923266e-05, 1.77217625605e-05, 3.25018550029e-06, 7.73734711856e-07, 1.07720507003e-06, 7.60522198107e-07, 5.6891173017e-07, 1.53640300482e-07, 8.86579201165e-08, 2.02175307606e-08, 5.62829294282e-09, 1.35940139145e-08, 4.81290607368e-09, 3.0414935015e-09, 1.56239521321e-09, 2.235538199e-09, 3.09677089527e-10, 2.28107976952e-10], "mean": [0.000103002545075, 0.000361212558346, 0.00035871352884, 0.000680172699504, 0.000813773367554, 0.000176134839421, 0.000185022188816, 0.000140526812174, 0.000369484623661, 0.000138454284752, 5.79024017497e-05, 2.36029991356e-05, 4.6449538786e-05, 4.23392484663e-05, 2.35883599089e-05, 9.44457497098e-06, 5.94000175624e-06, 3.14152612191e-06, 2.28489716392e-06, 3.48951562046e-06, 9.20446268537e-07, 3.80570810421e-07, 2.57238212953e-07, 8.34196569599e-08, 6.24650340342e-08, 1.52559085365e-08, 1.54472399316e-08, 8.78682016037e-09, 4.96100671654e-09, 1.45140510721e-09, 4.09615702468e-10, 2.19706836058e-10, 6.88350765277e-11, 6.46422082529e-11, 3.06108853543e-11, 1.73506365525e-11, 1.26652707419e-11, 1.00502340825e-11, 7.29277228884e-12, 6.07313418305e-12], "median": [6.9168754635e-06, 2.28865010286e-05, 3.31515984726e-05, 0.000106399602373, 5.29001990799e-05, 1.69125287357e-05, 1.8620330593e-05, 1.55619909492e-05, 1.45859085023e-05, 1.13264068204e-05, 2.98477971228e-06, 2.24591326514e-06, 4.14872283727e-06, 3.67184929928e-06, 1.9396618427e-06, 8.24642086172e-07, 3.57104880777e-07, 1.68972889014e-07, 9.67545830122e-08, 9.07388866267e-08, 2.68531223924e-08, 1.41280400712e-08, 4.74392969352e-09, 5.80842540732e-10, 7.09289349476e-10, 1.79778122944e-10, 1.07008173156e-10, 4.11565469205e-11, 1.24780767316e-11, 9.24739798625e-12, 5.74000222353e-12, 4.52311885862e-12, 3.46962888108e-12, 3.18294500999e-12, 2.69767650059e-12, 2.51101418304e-12, 2.36726068435e-12, 2.26047826291e-12, 2.12524355753e-12, 2.02976069112e-12], "min": [1.06164679744e-23, 1.13746662506e-24, 1.03168520945e-24, 1.50430587865e-24, 4.3465190637e-24, 4.70424894598e-24, 5.94754698072e-24, 4.75492339838e-24, 7.29922898181e-24, 5.47835223582e-24, 9.11113046286e-24, 8.26517496076e-24, 1.22255738271e-23, 5.37583187258e-24, 1.20503512539e-23, 7.23932209581e-24, 1.12931639029e-23, 6.26231076495e-24, 8.71242832845e-24, 9.11469138098e-24, 1.11544024808e-23, 6.62403583329e-24, 6.80950413185e-24, 9.08223212132e-24, 1.53361075966e-23, 9.58404153149e-24, 5.74847911458e-24, 8.85952327714e-24, 7.07110934069e-24, 5.99807707158e-24, 1.46754192335e-23, 1.13534825743e-23, 1.09702137146e-23, 5.85873544229e-24, 6.53349668947e-24, 9.67638953336e-24, 8.2443624435e-24, 8.77596713006e-24, 1.07956056642e-23, 9.31625638632e-24], "var": [2.91377972417e-07, 1.79166568159e-06, 2.37980748352e-06, 3.14550311487e-06, 6.53106599202e-06, 2.59030514371e-07, 2.66882068445e-07, 1.07960019591e-07, 1.00741783626e-06, 5.0138419283e-07, 6.91397161745e-08, 1.22045360484e-08, 1.20871481712e-08, 1.08939914867e-08, 3.89088805619e-09, 7.4641953729e-10, 2.3386112491e-10, 6.46500977752e-11, 5.63112126373e-11, 1.30466998316e-10, 8.98493345697e-12, 1.91854496699e-12, 2.08509880369e-12, 1.52453014947e-13, 3.22640033451e-14, 2.31730913721e-15, 2.5173319443e-15, 1.041744646e-15, 4.83918657794e-16, 6.01703486019e-17, 6.27085787813e-18, 1.10637175028e-18, 6.55834672307e-20, 1.09276387957e-19, 1.96067913063e-20, 5.2616518517e-21, 1.75230054054e-21, 1.81928136948e-21, 2.62023746875e-22, 1.57083145753e-22]}, "mfcc": {"mean": [-897.446960449, 212.99369812, 24.2223815918, -20.9394893646, 0.646873116493, 3.28144979477, -2.31396508217, -6.38107967377, -5.72849607468, -4.84193563461, -6.20488214493, -2.80358433723, -1.50356686115], "cov": [[8928.8046875, 5470.81005859, -2355.65307617, -843.438537598, 562.01348877, -408.026641846, -394.489685059, -328.795257568, -181.867141724, -22.2015914917, -208.734695435, 44.0897636414, 236.469390869], [5470.81005859, 3763.95361328, -1020.68383789, -675.482849121, 293.877288818, -100.957901001, -250.265075684, -215.300262451, -116.617156982, -64.4273757935, -153.596160889, -1.7770806551, 120.981941223], [-2355.65307617, -1020.68383789, 1194.88305664, 259.736236572, -183.557174683, 251.786148071, 142.589355469, 56.6871490479, 25.8091907501, -21.2598323822, 43.1976127625, -46.8488502502, -87.9834442139], [-843.438537598, -675.482849121, 259.736236572, 485.42880249, 76.2262878418, -31.1796073914, 89.4715652466, 25.7621841431, -19.5124950409, 45.9259605408, 57.2885284424, -5.80300807953, -8.86375808716], [562.01348877, 293.877288818, -183.557174683, 76.2262878418, 202.418380737, 7.09514141083, -32.8578681946, -1.40664184093, -24.0563850403, -19.7636871338, -13.6680860519, -10.6664276123, 18.8976802826], [-408.026641846, -100.957901001, 251.786148071, -31.1796073914, 7.09514141083, 186.371017456, 82.4436645508, 26.2427902222, 20.9892520905, -27.9494075775, -38.772857666, -46.8443832397, -33.5606498718], [-394.489685059, -250.265075684, 142.589355469, 89.4715652466, -32.8578681946, 82.4436645508, 155.843490601, 77.8626251221, 25.5355644226, 18.8587932587, -10.3110132217, -36.4847145081, -22.9562644958], [-328.795257568, -215.300262451, 56.6871490479, 25.7621841431, -1.40664184093, 26.2427902222, 77.8626251221, 144.300689697, 85.5040664673, 0.774973809719, 6.395195961, -1.36450839043, -17.6701107025], [-181.867141724, -116.617156982, 25.8091907501, -19.5124950409, -24.0563850403, 20.9892520905, 25.5355644226, 85.5040664673, 123.441230774, 52.2202529907, 0.924559652805, -5.89818763733, -17.9008216858], [-22.2015914917, -64.4273757935, -21.2598323822, 45.9259605408, -19.7636871338, -27.9494075775, 18.8587932587, 0.774973809719, 52.2202529907, 124.593231201, 68.9781951904, -7.62024497986, -13.2739610672], [-208.734695435, -153.596160889, 43.1976127625, 57.2885284424, -13.6680860519, -38.772857666, -10.3110132217, 6.395195961, 0.924559652805, 68.9781951904, 146.342041016, 86.2317504883, 1.15020000935], [44.0897636414, -1.7770806551, -46.8488502502, -5.80300807953, -10.6664276123, -46.8443832397, -36.4847145081, -1.36450839043, -5.89818763733, -7.62024497986, 86.2317504883, 154.650756836, 73.2717819214], [236.469390869, 120.981941223, -87.9834442139, -8.86375808716, 18.8976802826, -33.5606498718, -22.9562644958, -17.6701107025, -17.9008216858, -13.2739610672, 1.15020000935, 73.2717819214, 98.932220459]], "icov": [[21.9804840088, -30.6770629883, 29.4530086517, -27.4856376648, 24.7589378357, -21.4146404266, 17.7497596741, -13.8530397415, 10.0933008194, -6.69617986679, 3.88575196266, -1.83863437176, 0.602045476437], [-30.6770629883, 42.8188400269, -41.1203079224, 38.3908576965, -34.6012916565, 29.9464073181, -24.8398094177, 19.4018573761, -14.1466531754, 9.39237594604, -5.45412540436, 2.58268594742, -0.846617102623], [29.4530086517, -41.1203079224, 39.5211677551, -36.9413414001, 33.3472061157, -28.9156932831, 24.0330600739, -18.810836792, 13.7453927994, -9.14402770996, 5.31921625137, -2.52293252945, 0.828571379185], [-27.4856376648, 38.3908576965, -36.9413414001, 34.6043586731, -31.316493988, 27.2380905151, -22.7212352753, 17.8498973846, -13.092209816, 8.7444190979, -5.1078953743, 2.43311595917, -0.803887724876], [24.7589378357, -34.6012916565, 33.3472061157, -31.316493988, 28.439201355, -24.8273620605, 20.8011283875, -16.4168548584, 12.0969419479, -8.11515712738, 4.75907421112, -2.2753174305, 0.754650533199], [-21.4146404266, 29.9464073181, -28.9156932831, 27.2380905151, -24.8273620605, 21.7897777557, -18.3528461456, 14.5682029724, -10.8026819229, 7.29741621017, -4.30725383759, 2.07811427116, -0.697390735149], [17.7497596741, -24.8398094177, 24.0330600739, -22.7212352753, 20.8011283875, -18.3528461456, 15.5696163177, -12.4437608719, 9.29321098328, -6.32914543152, 3.76820635796, -1.83414185047, 0.625887393951], [-13.8530397415, 19.4018573761, -18.810836792, 17.8498973846, -16.4168548584, 14.5682029724, -12.4437608719, 10.0358753204, -7.55776309967, 5.193754673, -3.12340712547, 1.54048919678, -0.536512553692], [10.0933008194, -14.1466531754, 13.7453927994, -13.092209816, 12.0969419479, -10.8026819229, 9.29321098328, -7.55776309967, 5.75483798981, -3.99577093124, 2.43175601959, -1.22006368637, 0.437384188175], [-6.69617986679, 9.39237594604, -9.14402770996, 8.7444190979, -8.11515712738, 7.29741621017, -6.32914543152, 5.193754673, -3.99577093124, 2.82403707504, -1.74545657635, 0.89541554451, -0.33132827282], [3.88575196266, -5.45412540436, 5.31921625137, -5.1078953743, 4.75907421112, -4.30725383759, 3.76820635796, -3.12340712547, 2.43175601959, -1.74545657635, 1.11082005501, -0.58674287796, 0.228598460555], [-1.83863437176, 2.58268594742, -2.52293252945, 2.43311595917, -2.2753174305, 2.07811427116, -1.83414185047, 1.54048919678, -1.22006368637, 0.89541554451, -0.58674287796, 0.331665754318, -0.139610871673], [0.602045476437, -0.846617102623, 0.828571379185, -0.803887724876, 0.754650533199, -0.697390735149, 0.625887393951, -0.536512553692, 0.437384188175, -0.33132827282, 0.228598460555, -0.139610871673, 0.0753548815846]]}, "spectral_contrast_coeffs": {"dmean": [0.0369555577636, 0.0271015837789, 0.0216390267015, 0.0191588010639, 0.0162023436278, 0.026510996744], "dmean2": [0.0627638548613, 0.0439925640821, 0.0346705839038, 0.0304977074265, 0.026591392234, 0.0472962670028], "dvar": [0.00113762007095, 0.000807436823379, 0.000563864072319, 0.000466909812531, 0.000314062548568, 0.000834877486341], "dvar2": [0.00324401585385, 0.00199528341182, 0.00136612833012, 0.00111345457844, 0.000741070660297, 0.00253646750934], "max": [-0.261358827353, -0.388773620129, -0.485694885254, -0.518325507641, -0.601180076599, -0.672508001328], "mean": [-0.606155991554, -0.690458416939, -0.723609507084, -0.726214587688, -0.766574919224, -0.893630206585], "median": [-0.618074655533, -0.692234635353, -0.721050739288, -0.725439548492, -0.753661811352, -0.907403945923], "min": [-0.960094213486, -0.966709494591, -0.963648915291, -0.963302016258, -0.960317313671, -0.96354418993], "var": [0.0121693229303, 0.00859536975622, 0.00676185823977, 0.00406707497314, 0.0053113438189, 0.00197208113968]}, "spectral_contrast_valleys": {"dmean": [0.365155935287, 0.274217933416, 0.222620636225, 0.241526246071, 0.247725084424, 0.578312456608], "dmean2": [0.61576038599, 0.442319601774, 0.355959832668, 0.386180132627, 0.405859977007, 1.04731070995], "dvar": [0.134250760078, 0.123253971338, 0.108962930739, 0.137371748686, 0.147787094116, 0.338777422905], "dvar2": [0.317481338978, 0.232113584876, 0.204235106707, 0.264297038317, 0.302274286747, 1.06057322025], "max": [-5.35028886795, -5.16365194321, -5.8638677597, -6.80052566528, -8.76573085785, -12.1486635208], 