{"lowlevel": {"average_loudness": 0.878314256668, "barkbands_crest": {"dmean": 4.38240528107, "dmean2": 6.94160652161, "dvar": 15.0977468491, "dvar2": 32.6212501526, "max": 26.9700870514, "mean": 16.6893825531, "median": 18.0661144257, "min": 2.03964853287, "var": 42.2117652893}, "barkbands_flatness_db": {"dmean": 0.0619328208268, "dmean2": 0.0930171906948, "dvar": 0.00296330801211, "dvar2": 0.006388082169, "max": 0.613737523556, "mean": 0.192074015737, "median": 0.18335314095, "min": 0.0142729310319, "var": 0.00944178178906}, "barkbands_kurtosis": {"dmean": 44.3083877563, "dmean2": 70.7871398926, "dvar": 11314.1914062, "dvar2": 26226.2089844, "max": 3102.06323242, "mean": 49.3170967102, "median": 14.8574180603, "min": -1.95917856693, "var": 15299.8291016}, "barkbands_skewness": {"dmean": 2.36606264114, "dmean2": 3.60440540314, "dvar": 6.54371547699, "dvar2": 15.0283145905, "max": 40.4873390198, "mean": 4.46840715408, "median": 3.61550331116, "min": -7.34977579117, "var": 17.0093574524}, "barkbands_spread": {"dmean": 15.5015459061, "dmean2": 24.5924606323, "dvar": 343.61920166, "dvar2": 803.957824707, "max": 133.969421387, "mean": 21.4054050446, "median": 12.0966043472, "min": 0.0387701056898, "var": 525.315917969}, "dissonance": {"dmean": 0.0181570295244, "dmean2": 0.0296468250453, "dvar": 0.000389675726183, "dvar2": 0.000991515233181, "max": 0.500000178814, "mean": 0.471139937639, "median": 0.47915828228, "min": 0.0856110006571, "var": 0.000819600361865}, "dynamic_complexity": 4.51547384262, "erbbands_crest": {"dmean": 3.16487407684, "dmean2": 5.14195346832, "dvar": 9.44830226898, "dvar2": 22.6402435303, "max": 32.8484344482, "mean": 7.98993444443, "median": 6.53752803802, "min": 2.20193982124, "var": 20.8804798126}, "erbbands_flatness_db": {"dmean": 0.0257868468761, "dmean2": 0.0404044464231, "dvar": 0.000719808449503, "dvar2": 0.00170610961504, "max": 0.593016326427, "mean": 0.116062626243, "median": 0.100177258253, "min": 0.0420092269778, "var": 0.00304405088536}, "erbbands_kurtosis": {"dmean": 2.0203359127, "dmean2": 3.30518841743, "dvar": 24.3496875763, "dvar2": 59.9941444397, "max": 256.372802734, "mean": 0.938845813274, "median": -0.404174804688, "min": -1.91701805592, "var": 40.4552078247}, "erbbands_skewness": {"dmean": 0.731734514236, "dmean2": 1.09607863426, "dvar": 0.544720888138, "dvar2": 1.26296889782, "max": 11.1320104599, "mean": 0.27772668004, "median": 0.0886075049639, "min": -4.62102842331, "var": 1.37382292747}, "erbbands_spread": {"dmean": 21.5755329132, "dmean2": 34.4187583923, "dvar": 387.580535889, "dvar2": 990.743408203, "max": 238.817321777, "mean": 65.6399612427, "median": 64.0177230835, "min": 0.25187727809, "var": 962.19708252}, "hfc": {"dmean": 19.7555427551, "dmean2": 31.4556388855, "dvar": 860.907226562, "dvar2": 2086.35717773, "max": 236.89692688, "mean": 21.1536521912, "median": 8.57408428192, "min": 1.13734899006e-16, "var": 907.501647949}, "melbands_crest": {"dmean": 4.45270395279, "dmean2": 7.15451812744, "dvar": 15.8489770889, "dvar2": 38.2266616821, "max": 37.0516777039, "mean": 21.0796985626, "median": 21.3185806274, "min": 1.60677957535, "var": 51.2610282898}, "melbands_flatness_db": {"dmean": 0.0738807246089, "dmean2": 0.110519751906, "dvar": 0.0042574768886, "dvar2": 0.00911863241345, "max": 0.784720480442, "mean": 0.279830813408, "median": 0.277846902609, "min": 0.00399326719344, "var": 0.0148678822443}, "melbands_kurtosis": {"dmean": 70.65259552, "dmean2": 112.297599792, "dvar": 8912.12597656, "dvar2": 20683.5800781, "max": 1305.32250977, "mean": 104.840118408, "median": 54.5439682007, "min": -1.93468260765, "var": 17937.2695312}, "melbands_skewness": {"dmean": 2.64596009254, "dmean2": 4.15050411224, "dvar": 6.3488073349, "dvar2": 15.2358865738, "max": 27.5856876373, "mean": 6.90656232834, "median": 6.08937597275, "min": -3.47116041183, "var": 19.7559871674}, "melbands_spread": {"dmean": 12.2800512314, "dmean2": 20.0131416321, "dvar": 375.334747314, "dvar2": 864.25378418, "max": 284.987915039, "mean": 17.5177974701, "median": 6.2217206955, "min": 0.203797802329, "var": 829.823608398}, "pitch_salience": {"dmean": 0.126966431737, "dmean2": 0.200132533908, "dvar": 0.0130009185523, "dvar2": 0.0283521581441, "max": 0.953923821449, "mean": 0.389549553394, "median": 0.345862060785, "min": 0.0338484160602, "var": 0.0377647392452}, "silence_rate_20dB": {"dmean": 0.0007944914978, "dmean2": 0.00158908823505, "dvar": 0.000793868559413, "dvar2": 0.00238095642999, "max": 1, "mean": 0.999602794647, "median": 1, "min": 0, "var": 0.000397059746319}, "silence_rate_30dB": {"dmean": 0.0885858014226, "dmean2": 0.17718334496, "dvar": 0.0807414129376, "dvar2": 0.166448801756, "max": 1, "mean": 0.831976175308, "median": 1, "min": 0, "var": 0.139785930514}, "silence_rate_60dB": {"dmean": 0.0579978823662, "dmean2": 0.116003446281, "dvar": 0.0546283684671, "dvar2": 0.125168636441, "max": 1, "mean": 0.116120487452, "median": 0, "min": 0, "var": 0.102619744837}, "spectral_centroid": {"dmean": 635.717834473, "dmean2": 999.046203613, "dvar": 428027.5625, "dvar2": 942097.6875, "max": 11896.2441406, "mean": 1413.63769531, "median": 1131.50256348, "min": 79.6138687134, "var": 1177791}, "spectral_complexity": {"dmean": 6.70643520355, "dmean2": 9.90266799927, "dvar": 65.895942688, "dvar2": 135.481048584, "max": 58, "mean": 11.1345911026, "median": 8, "min": 0, "var": 121.287330627}, "spectral_decrease": {"dmean": 9.27094845338e-09, "dmean2": 1.52972177148e-08, "dvar": 2.02433754023e-16, "dvar2": 5.72360703009e-16, "max": 3.78310993643e-11, "mean": -1.38091857949e-08, "median": -6.76472167171e-09, "min": -1.37229974939e-07, "var": 3.32678860419e-16}, "spectral_energy": {"dmean": 0.0359795615077, "dmean2": 0.0590263269842, "dvar": 0.00292755197734, "dvar2": 0.00825923215598, "max": 0.522391080856, "mean": 0.0540375709534, "median": 0.0271603055298, "min": 1.02863657333e-20, "var": 0.0048657762818}, "spectral_energyband_high": {"dmean": 0.00184422265738, "dmean2": 0.00299906055443, "dvar": 9.35168100114e-06, "dvar2": 2.31922495004e-05, "max": 0.0254175011069, "mean": 0.00163014174905, "median": 0.000370457681129, "min": 7.31270474556e-21, "var": 8.66962636792e-06}, "spectral_energyband_low": {"dmean": 0.0324443280697, "dmean2": 0.0547038950026, "dvar": 0.00286004156806, "dvar2": 0.00811831466854, "max": 0.51187735796, "mean": 0.044863037765, "median": 0.0202520862222, "min": 4.11371776976e-23, "var": 0.00433612661436}, "spectral_energyband_middle_high": {"dmean": 0.00174291338772, "dmean2": 0.00284532597288, "dvar": 1.0589968042e-05, "dvar2": 2.78275783785e-05, "max": 0.0273538585752, "mean": 0.00170800252818, "median": 0.000639226811472, "min": 1.26714760022e-21, "var": 9.31406975724e-06}, "spectral_energyband_middle_low": {"dmean": 0.00810469593853, "dmean2": 0.0138566214591, "dvar": 0.000390066881664, "dvar2": 0.00103218923323, "max": 0.274875193834, "mean": 0.0076327607967, "median": 0.00243933498859, "min": 2.21899807368e-22, "var": 0.000295230478514}, "spectral_entropy": {"dmean": 0.387564957142, "dmean2": 0.581301271915, "dvar": 0.154610946774, "dvar2": 0.36829289794, "max": 9.81677341461, "mean": 7.79142045975, "median": 7.93002796173, "min": 3.0671377182, "var": 0.396139651537}, "spectral_flux": {"dmean": 0.0576015971601, "dmean2": 0.0875039026141, "dvar": 0.0038429480046, "dvar2": 0.00764168193564, "max": 0.650993645191, "mean": 0.127479955554, "median": 0.101394899189, "min": 6.50283021875e-11, "var": 0.0106322756037}, "spectral_kurtosis": {"dmean": 1.80552613735, "dmean2": 2.88595890999, "dvar": 6.53101301193, "dvar2": 15.789229393, "max": 74.5835952759, "mean": 2.91585445404, "median": 1.88539886475, "min": -1.2579805851, "var": 14.0447368622}, "spectral_rms": {"dmean": 0.00212169997394, "dmean2": 0.00328285270371, "dvar": 5.33927686774e-06, "dvar2": 1.32735585794e-05, "max": 0.0225754249841, "mean": 0.00602283328772, "median": 0.00514760706574, "min": 3.16788240605e-12, "var": 1.64452485478e-05}, "spectral_rolloff": {"dmean": 1260.90063477, "dmean2": 2210.99633789, "dvar": 5039550, "dvar2": 11651513, "max": 19616.7480469, "mean": 1590.52514648, "median": 193.798828125, "min": 21.533203125, "var": 9007069}, "spectral_skewness": {"dmean": 0.367785215378, "dmean2": 0.555370390415, "dvar": 0.150823026896, "dvar2": 0.362771451473, "max": 7.48916530609, "mean": 1.35714352131, "median": 1.24833893776, "min": -0.144811376929, "var": 0.353745222092}, "spectral_spread": {"dmean": 1220453.5, "dmean2": 1893663.25, "dvar": 1863116390400.0, "dvar2": 4190553243650.0, "max": 42286644, "mean": 6871040.5, "median": 6851175, "min": 925569.9375, "var": 6025460056060.0}, "spectral_strongpeak": {"dmean": 0.244838953018, "dmean2": 0.410260051489, "dvar": 0.144742235541, "dvar2": 0.375533401966, "max": 11.1463346481, "mean": 0.477354496717, "median": 0.382441401482, "min": 0, "var": 0.265160471201}, "zerocrossingrate": {"dmean": 0.0247029773891, "dmean2": 0.028785219416, "dvar": 0.00075167871546, "dvar2": 0.000856448896229, "max": 0.6181640625, "mean": 0.0645468086004, "median": 0.04052734375, "min": 0.001953125, "var": 0.00558424508199}, "barkbands": {"dmean": [0.00104381714482, 0.026755400002, 0.00897943787277, 0.00461818557233, 0.00261813402176, 0.000623457832262, 0.000459606410004, 0.000420228025177, 0.000322375213727, 0.000247357878834, 0.000146123566083, 0.000119693875604, 0.00015809656179, 0.00012042094022, 0.000139184558066, 0.000243976828642, 0.000231135665672, 0.0002986084437, 0.000140619726153, 0.000208211000427, 0.000238090142375, 0.000325234461343, 0.000368732464267, 0.000403546204325, 0.000346796849044, 9.65334838838e-05, 1.77611455001e-05], "dmean2": [0.00158233952243, 0.0451365113258, 0.0154125196859, 0.00839835032821, 0.00452726194635, 0.000988177140243, 0.000784558360465, 0.000754029897507, 0.00053016730817, 0.000409439293435, 0.000246880896157, 0.000193170664716, 0.000271956116194, 0.00019813531253, 0.000228988748859, 0.000425155711127, 0.000409314408898, 0.000541770481504, 0.0002296888415, 0.000332846335368, 0.00038913654862, 0.000527759082615, 0.000604657281656, 0.000658016244415, 0.000579587649554, 0.000159559669555, 2.8970920539e-05], "dvar": [4.80150765725e-06, 0.00220344192348, 0.000614218995906, 0.000190712613403, 5.30587640242e-05, 1.28406691147e-06, 1.07845971797e-06, 9.05126341877e-07, 8.45199167543e-07, 3.3086627127e-07, 1.21807758546e-07, 5.31160075923e-08, 1.05442445886e-07, 5.72054581482e-08, 1.1789986587e-07, 3.14111076705e-07, 2.80198349856e-07, 9.43384691254e-07, 6.30437284599e-08, 1.17090337426e-07, 1.60531300253e-07, 2.91043875222e-07, 4.42471247197e-07, 5.66318988149e-07, 4.68887094485e-07, 2.69620219484e-08, 1.1209291273e-09], "dvar2": [1.0034648767e-05, 0.00624811649323, 0.00163097842596, 0.000529074401129, 0.000145431040437, 3.0371588764e-06, 2.91446804113e-06, 2.50249445344e-06, 2.1262469545e-06, 8.65973447617e-07, 3.30414422933e-07, 1.26471945805e-07, 2.78044183233e-07, 1.49450329445e-07, 3.08767994284e-07, 8.69308735219e-07, 7.82090808116e-07, 2.71926228379e-06, 1.59257226073e-07, 2.87759064577e-07, 3.93921339992e-07, 7.41138762805e-07, 1.11100814593e-06, 1.39372195918e-06, 1.2408454495e-06, 7.0414422737e-08, 2.64306754261e-09], "max": [0.0227634832263, 0.448934227228, 0.333297163248, 0.220825850964, 0.0941118001938, 0.0148954577744, 0.0148717276752, 0.00896422099322, 0.0109828617424, 0.00793237425387, 0.00520928530023, 0.00335150049068, 0.00343753397465, 0.00275174551643, 0.00702262716368, 0.00557953678071, 0.00609319051728, 0.0110000586137, 0.00259286630899, 0.00322445901111, 0.00376653554849, 0.00524018146098, 0.00503551168367, 0.00698927044868, 0.00605141511187, 0.00187970465049, 0.000616693752818], "mean": [0.0015274786856, 0.0346396118402, 0.0069642951712, 0.00312839518301, 0.00230814912356, 0.000862615474034, 0.000502416572999, 0.000335163378622, 0.000364940118743, 0.000264118454652, 0.000149161365698, 0.000134012560011, 0.000145757934661, 0.000120698859973, 0.000140441727126, 0.000193278188817, 0.000175654422492, 0.000207833450986, 0.000130501241074, 0.000190090824617, 0.00021232344443, 0.000293765682727, 0.000312583491905, 0.000342068204191, 0.00028864244814, 8.68097340572e-05, 1.68789665622e-05], "median": [0.000254896527622, 0.0164444018155, 0.0012041538721, 0.000430580170359, 0.000447042431915, 0.000298332684906, 0.000117052812129, 6.25222965027e-05, 5.73297511437e-05, 6.26615947112e-05, 4.31579392171e-05, 4.51820196758e-05, 4.09626918554e-05, 4.4983033149e-05, 3.93342634197e-05, 4.02577134082e-05, 3.29573013005e-05, 2.63415277004e-05, 3.16186560667e-05, 4.26495644206e-05, 4.25858597737e-05, 6.09070048085e-05, 5.08959310537e-05, 5.99010309088e-05, 5.20459616382e-05, 1.91403760255e-05, 2.3855109248e-06], "min": [4.01861325122e-25, 7.87158858932e-24, 4.80180579641e-24, 1.75126608199e-24, 1.48598249365e-23, 8.85207485247e-24, 1.46350311329e-23, 1.17489014696e-23, 9.32874168787e-24, 1.82776862929e-23, 2.91034295991e-23, 2.84324402903e-23, 2.61876876752e-23, 4.87380008252e-23, 4.65115166509e-23, 7.76828820041e-23, 7.99421796367e-23, 1.09450335901e-22, 1.20201866329e-22, 1.93096084959e-22, 2.73031347863e-22, 4.14013564862e-22, 3.64603710137e-22, 7.10714753606e-22, 9.94723460686e-22, 1.44454714546e-21, 2.14313489814e-21], "var": [9.39351684792e-06, 0.0030886051245, 0.000443259312306, 0.000118766285595, 3.74391238438e-05, 2.23790539167e-06, 1.01693206034e-06, 6.43716191462e-07, 9.27444148147e-07, 3.11109886297e-07, 1.03952096708e-07, 5.94860836145e-08, 8.71806093983e-08, 5.03347550307e-08, 1.03485412239e-07, 2.17727460949e-07, 1.84813089277e-07, 5.48441732917e-07, 5.87932298401e-08, 1.15105514453e-07, 1.55453150796e-07, 2.78130272591e-07, 3.84138616027e-07, 4.99690031575e-07, 3.76130799395e-07, 2.49769804839e-08, 1.41618328175e-09]}, "erbbands": {"dmean": [0.856039106846, 5.93329668045, 9.8229598999, 13.6296663284, 12.0871143341, 7.63947582245, 4.78370141983, 5.26393985748, 5.17674732208, 11.0823974609, 6.69736909866, 7.22751617432, 8.52875518799, 6.29248571396, 5.85821199417, 4.65298318863, 7.47207736969, 6.33817529678, 7.03239917755, 7.59715127945, 15.2469806671, 12.9700584412, 16.4401721954, 9.89881229401, 8.57719135284, 9.75256633759, 8.09904098511, 11.9465684891, 11.8458862305, 9.31098079681, 10.8765058517, 9.80645751953, 5.85516309738, 4.33111715317, 2.11145734787, 0.642487227917, 0.133385583758, 0.0220403857529, 0.00313003128394, 0.000210016281926], "dmean2": [1.3338162899, 10.2470293045, 16.6640148163, 24.1979351044, 21.2934169769, 13.1687860489, 7.85811901093, 8.41793441772, 8.44188213348, 19.7146034241, 11.5669374466, 11.8526220322, 14.1970529556, 10.4895887375, 9.45799350739, 7.60673427582, 12.7987575531, 10.4677028656, 11.754776001, 12.5864391327, 26.673210144, 23.001121521, 29.8718528748, 16.7501945496, 13.8736972809, 15.6894865036, 13.0659284592, 19.8069648743, 19.1695804596, 15.2372264862, 17.8496284485, 15.9785480499, 9.43726539612, 7.20931100845, 3.54282188416, 1.06785309315, 0.218921512365, 0.0353753902018, 0.00516678160056, 0.000342717801686], "dvar": [2.39116454124, 114.630897522, 612.876220703, 1517.16699219, 1278.5916748, 399.770935059, 89.0681610107, 96.8470458984, 117.066574097, 631.700866699, 237.898498535, 380.507202148, 470.241241455, 296.993225098, 161.05859375, 69.6991043091, 235.914901733, 148.688491821, 321.366333008, 281.991241455, 1201.12609863, 1003.37963867, 3042.95556641, 597.307373047, 214.49395752, 272.701660156, 175.225082397, 429.658416748, 381.599517822, 235.523468018, 418.487091064, 378.751983643, 106.720542908, 73.3241577148, 16.2747631073, 1.28852880001, 0.0476970225573, 0.00125672877766, 3.41243685398e-05, 2.79565057326e-07], "dvar2": [5.93540143967, 330.091461182, 1576.47631836, 4137.63720703, 3495.13085938, 1085.84130859, 227.325363159, 235.083984375, 299.59979248, 1726.05432129, 609.501098633, 945.387817383, 1247.4967041, 784.312744141, 402.820495605, 172.560668945, 620.788452148, 388.647277832, 867.102050781, 731.410522461, 3326.0456543, 2831.26611328, 8791.79492188, 1663.39099121, 539.22277832, 687.914367676, 429.429016113, 1074.12451172, 965.462402344, 598.786743164, 1041.390625, 948.448120117, 260.171234131, 193.474822998, 42.8908920288, 3.39952540398, 0.120989903808, 0.00299786403775, 8.24173839646e-05, 6.74489115227e-07], "max": [15.5912189484, 120.688423157, 347.488037109, 493.920379639, 595.216003418, 303.883361816, 139.247879028, 135.139816284, 152.22265625, 229.060791016, 227.999359131, 238.392471313, 227.048355103, 305.969573975, 176.682266235, 98.3513336182, 158.590515137, 139.680969238, 449.417266846, 170.185409546, 338.93057251, 371.818359375, 681.765136719, 256.058746338, 154.002944946, 160.341033936, 122.338729858, 179.718185425, 188.846557617, 133.968444824, 154.860305786, 179.129638672, 100.945953369, 71.9617843628, 38.8256530762, 14.5315208435, 2.68362307549, 0.718956053257, 0.166097551584, 0.0170796141028], "mean": [1.17116034031, 6.9713435173, 9.19221973419, 10.0471048355, 9.36992645264, 6.81514263153, 5.8643450737, 6.94584369659, 6.80033302307, 9.45428943634, 6.53431987762, 8.37156391144, 9.15438747406, 6.2263584137, 6.60650587082, 5.54185914993, 7.02217292786, 6.39194631577, 7.0557756424, 7.39096879959, 11.7237129211, 9.76956558228, 11.5826873779, 8.13992214203, 7.9721660614, 8.7181634903, 7.39767313004, 10.3408155441, 10.7703723907, 8.26561069489, 9.22476482391, 8.06744289398, 5.18591165543, 3.63175749779, 1.74055838585, 0.572336852551, 0.119067884982, 0.0212902966887, 0.00290944660082, 0.000223751660087], "median": [0.376558631659, 3.71065711975, 2.720048666, 1.8931106329, 1.11359024048, 1.48525774479, 1.98491334915, 2.28877282143, 1.90397083759, 1.6690299511, 1.27201521397, 1.45768272877, 1.85147988796, 1.78420770168, 2.06702780724, 2.32340812683, 2.07416367531, 2.55353927612, 2.20535087585, 2.02805280685, 2.34122347832, 1.78995800018, 1.5710183382, 1.66631555557, 1.84290003777, 1.9951338768, 1.51455843449, 1.94505369663, 2.11675906181, 1.66402614117, 1.51625323296, 1.2435375452, 0.921471655369, 0.628524422646, 0.335834085941, 0.124317653477, 0.024819932878, 0.00457700761035, 0.000403308280511, 8.043001435e-05], "min": [2.40048000565e-22, 1.15455773676e-21, 5.95471328664e-21, 1.01417585679e-20, 2.039781831e-20, 7.27502828424e-20, 5.84783864344e-20, 7.13503378168e-20, 2.11268959481e-19, 4.61225104513e-19, 1.82145506926e-19, 2.68108313381e-19, 7.71903182445e-19, 7.39140005947e-19, 1.28825036221e-18, 2.13360444301e-18, 1.94698401822e-18, 2.67129438184e-18, 2.39097300521e-18, 4.31612214359e-18, 4.4791478618e-18, 5.31861252004e-18, 6.78353904511e-18, 7.93241888328e-18, 7.46454815803e-18, 9.12369296862e-18, 1.35021865984e-17, 1.31705806441e-17, 1.40206121211e-17, 1.09599272222e-17, 1.11427283473e-17, 1.22251512543e-17, 1.12718264255e-17, 9.62230586134e-18, 6.49379794246e-18, 4.48761157383e-18, 2.35042357761e-18, 1.00098914703e-18, 2.29458325109e-19, 3.13990910436e-20], "var": [4.49263525009, 128.193359375, 506.669403076, 1000.27844238, 861.382080078, 290.728393555, 107.442298889, 157.729949951, 166.753509521, 470.075012207, 265.233917236, 433.281341553, 439.469146729, 236.247512817, 169.327819824, 78.1757965088, 194.62121582, 126.781188965, 266.005310059, 248.357818604, 813.056945801, 640.290405273, 1758.12841797, 406.733673096, 207.277236938, 251.540115356, 177.051193237, 392.992095947, 375.39440918, 218.43132019, 360.584411621, 319.096099854, 100.790618896, 60.0581550598, 13.0419397354, 1.20183801651, 0.0454223826528, 0.0015148378443, 4.3510372052e-05, 3.0823022712e-07]}, "gfcc": {"mean": [-42.9644622803, 56.5824394226, -72.4395904541, 46.7026100159, -45.3997650146, 28.7841796875, -27.3321266174, 15.7201662064, -16.7899875641, 8.74497890472, -11.8122768402, 3.47007441521, -8.52252578735], "cov": [[19153.5546875, 901.019470215, 1225.078125, 1453.81140137, -409.850738525, 494.158813477, -604.459838867, -210.10357666, -345.498565674, -45.2027130127, -38.240978241, 112.762557983, 0.975667715073], [901.019470215, 3000.48486328, 718.080566406, 423.968475342, 403.786010742, -41.4508972168, 152.53894043, -173.358932495, 75.3197402954, -50.0564460754, 188.94039917, 15.0826349258, 175.745834351], [1225.078125, 718.080566406, 1479.60839844, 539.718994141, 255.116195679, 77.7839279175, 35.6523094177, -83.473739624, 4.39529895782, 30.9805183411, 69.0192337036, -16.167930603, 7.04633426666], [1453.81140137, 423.968475342, 539.718994141, 835.578613281, 310.607879639, 253.388626099, 128.713134766, -38.4744529724, 27.0437717438, -3.96100711823, 58.4892082214, -6.59813642502, 8.69733333588], [-409.850738525, 403.786010742, 255.116195679, 310.607879639, 580.58190918, 177.105117798, 213.309585571, 23.6056652069, 91.6505050659, -26.5862369537, 44.2473716736, -13.932800293, -3.84814548492], [494.158813477, -41.4508972168, 77.7839279175, 253.388626099, 177.105117798, 338.125305176, 140.436096191, 53.627494812, 54.7987327576, 31.8297595978, 16.609205246, 4.26277065277, -3.30803894997], [-604.459838867, 152.53894043, 35.6523094177, 128.713134766, 213.309585571, 140.436096191, 292.215606689, 75.8313903809, 87.4459533691, 9.29442977905, 36.9105491638, -14.1402997971, -2.94582819939], [-210.10357666, -173.358932495, -83.473739624, -38.4744529724, 23.6056652069, 53.627494812, 75.8313903809, 177.891769409, 81.6923599243, 29.8372039795, -7.9558262825, 9.71578884125, -4.97167396545], [-345.498565674, 75.3197402954, 4.39529895782, 27.0437717438, 91.6505050659, 54.7987327576, 87.4459533691, 81.6923599243, 175.93347168, 58.5867195129, 36.3444786072, -0.932233572006, 16.7650051117], [-45.2027130127, -50.0564460754, 30.9805183411, -3.96100711823, -26.5862369537, 31.8297595978, 9.29442977905, 29.8372039795, 58.5867195129, 125.107154846, 51.2592773438, 15.9315786362, 11.2431144714], [-38.240978241, 188.94039917, 69.0192337036, 58.4892082214, 44.2473716736, 16.609205246, 36.9105491638, -7.9558262825, 36.3444786072, 51.2592773438, 124.105575562, 48.966053009, 27.4344768524], [112.762557983, 15.0826349258, -16.167930603, -6.59813642502, -13.932800293, 4.26277065277, -14.1402997971, 9.71578884125, -0.932233572006, 15.9315786362, 48.966053009, 82.9698410034, 26.2930755615], [0.975667715073, 175.745834351, 7.04633426666, 8.69733333588, -3.84814548492, -3.30803894997, -2.94582819939, -4.97167396545, 16.7650051117, 11.2431144714, 27.4344768524, 26.2930755615, 90.1996459961]], "icov": [[8.42464360176e-05, -4.8393409088e-05, -2.02693372557e-05, -0.000154582739924, 0.000136088608997, -0.000183736847248, 0.000242809022893, -8.66343689268e-05, 8.18751432234e-05, 2.81738502963e-05, 6.91332970746e-05, -0.000117159535876, 0.000106485022116], [-4.8393409088e-05, 0.000587130722124, -0.000157304501045, 1.81669147423e-05, -0.000275333033642, 0.000397731084377, -0.00034341175342, 0.000485591473989, -0.00029612830258, 0.000468796439236, -0.00068323535379, 0.000381283723982, -0.00102125061676], [-2.02693372557e-05, -0.000157304501045, 0.00101859972347, -0.000567452050745, -0.000256416562479, 0.000280469976133, 0.000172750442289, 6.05123859714e-05, 0.00021162853227, -0.00064442754956, 5.75204637698e-07, 0.000215154475882, 0.000268279283773], [-0.000154582739924, 1.81669147423e-05, -0.000567452050745, 0.00258262595162, -0.000683824415319, -0.00117168354336, -0.000366416905308, 0.000585893285461, -3.95367351302e-05, 0.000509486242663, -0.000794423976913, 0.000572564720642, -0.000271671364317], [0.000136088608997, -0.000275333033642, -0.000256416562479, -0.000683824415319, 0.00342232873663, -0.00101829727646, -0.000974250840954, 0.000157818969456, -0.00111094245221, 0.0015936732525, -0.000298178434605, -0.000214170810068, 0.000867458875291], [-0.000183736847248, 0.000397731084377, 0.000280469976133, -0.00117168354336, -0.00101829727646, 0.00567339593545, -0.00216019805521, -0.00020961186965, -3.18244528899e-05, -0.00176728377119, 0.00114849919919, -0.000856155296788, -0.00047291451483], [0.000242809022893, -0.00034341175342, 0.000172750442289, -0.000366416905308, -0.000974250840954, -0.00216019805521, 0.00714465696365, -0.00245830463246, -0.000520384695847, 0.00113783951383, -0.00226530153304, 0.00207962701097, 0.00070304935798], [-8.66343689268e-05, 0.000485591473989, 6.05123859714e-05, 0.000585893285461, 0.000157818969456, -0.00020961186965, -0.00245830463246, 0.00955883786082, -0.00410495325923, -0.000745976518374, 0.00291784363799, -0.00314047886059, 0.000323142419802], [8.18751432234e-05, -0.00029612830258, 0.00021162853227, -3.95367351302e-05, -0.00111094245221, -3.18244528899e-05, -0.000520384695847, -0.00410495325923, 0.0104425353929, -0.00383414304815, -0.00140500615817, 0.00232763029635, -0.00144260108937], [2.81738502963e-05, 0.000468796439236, -0.00064442754956, 0.000509486242663, 0.0015936732525, -0.00176728377119, 0.00113783951383, -0.000745976518374, -0.00383414304815, 0.0134513173252, -0.00629433477297, 0.00166159751825, -0.000447222031653], [6.91332970746e-05, -0.00068323535379, 5.75204637698e-07, -0.000794423976913, -0.000298178434605, 0.00114849919919, -0.00226530153304, 0.00291784363799, -0.00140500615817, -0.00629433477297, 0.0171653740108, -0.0098794894293, 0.000227948068641], [-0.000117159535876, 0.000381283723982, 0.000215154475882, 0.000572564720642, -0.000214170810068, -0.000856155296788, 0.00207962701097, -0.00314047886059, 0.00232763029635, 0.00166159751825, -0.0098794894293, 0.0198896210641, -0.00439202506095], [0.000106485022116, -0.00102125061676, 0.000268279283773, -0.000271671364317, 0.000867458875291, -0.00047291451483, 0.00070304935798, 0.000323142419802, -0.00144260108937, -0.000447222031653, 0.000227948068641, -0.00439202506095, 0.0146756675094]]}, "melbands": {"dmean": [0.00755029870197, 0.00571465305984, 0.00228517246433, 0.000716147245839, 0.000184312782949, 0.000117726100143, 8.28253832879e-05, 0.000120232070913, 5.07139593537e-05, 4.6272729378e-05, 4.2532759835e-05, 2.57281044469e-05, 1.98302768695e-05, 1.5027811969e-05, 1.2773580238e-05, 1.62143660418e-05, 1.16886158139e-05, 1.11709414341e-05, 1.00351180663e-05, 1.10748542284e-05, 2.02925384656e-05, 1.35885602504e-05, 1.25001542983e-05, 1.5822786736e-05, 7.10431959305e-06, 5.5312607401e-06, 7.77841523814e-06, 5.86037685935e-06, 4.96724805998e-06, 5.06535252498e-06, 7.82169900049e-06, 7.16968452252e-06, 5.30729130332e-06, 5.33628508492e-06, 6.26807468507e-06, 6.56612701277e-06, 5.65807613384e-06, 4.09112590205e-06, 3.42600424119e-06, 4.15239264839e-06], "dmean2": [0.0123670967296, 0.00978634785861, 0.00399079965428, 0.00124791939743, 0.000306920119328, 0.000186197226867, 0.000137051625643, 0.000214998086449, 8.56429469422e-05, 7.65988661442e-05, 7.10295789759e-05, 4.31609296356e-05, 3.25746732415e-05, 2.41825691774e-05, 2.14694682654e-05, 2.80493986793e-05, 1.92740317289e-05, 1.88963949768e-05, 1.64638804563e-05, 1.87657406059e-05, 3.58494144166e-05, 2.41002198891e-05, 2.25344592764e-05, 2.89006238745e-05, 1.19183450806e-05, 9.09845675778e-06, 1.2609209989e-05, 9.59492172115e-06, 7.97897337179e-06, 8.35810897115e-06, 1.30954713313e-05, 1.17655545182e-05, 8.5090750872e-06, 8.90567844181e-06, 1.03591337393e-05, 1.07280584416e-05, 9.23814877751e-06, 6.57785813019e-06, 5.54252710572e-06, 7.07612025508e-06], "dvar": [0.00017784643569, 0.000132650035084, 3.95569804823e-05, 4.14049054598e-06, 1.39414922273e-07, 4.72629864134e-08, 3.21299715722e-08, 7.42523624808e-08, 1.53591130925e-08, 1.73576779616e-08, 1.14262315165e-08, 5.33994626295e-09, 1.95353244692e-09, 8.89916862423e-10, 4.69916827672e-10, 1.27503652081e-09, 5.28708243852e-10, 8.12638012437e-10, 5.5532017873e-10, 7.20220494355e-10, 2.15217732524e-09, 1.03745945168e-09, 1.31906996437e-09, 3.01367863997e-09, 2.88181367658e-10, 1.02663037793e-10, 1.73300790385e-10, 1.05040282028e-10, 6.6542452104e-11, 7.65206648046e-11, 1.91116400483e-10, 1.47689666052e-10, 7.37427272024e-11, 8.43120850913e-11, 1.40543535143e-10, 1.73198594355e-10, 1.28446947523e-10, 5.49146179918e-11, 3.3473973593e-11, 8.94946478036e-11], "dvar2": [0.000487690005684, 0.000352786766598, 0.000105604885903, 1.13131718535e-05, 3.66545947372e-07, 1.11749891119e-07, 8.41992147116e-08, 2.034347375e-07, 3.63341108311e-08, 4.46995684911e-08, 3.03341529673e-08, 1.41889318073e-08, 5.03736075075e-09, 2.13295225926e-09, 1.20509879853e-09, 3.39018790818e-09, 1.39274780597e-09, 2.21159668357e-09, 1.40532652182e-09, 1.95319338481e-09, 5.9483049597e-09, 2.90922153035e-09, 3.77644093774e-09, 8.72400196528e-09, 7.94759813516e-10, 2.59932630975e-10, 4.25817742178e-10, 2.69219091464e-10, 1.6030413108e-10, 1.92564214574e-10, 4.8613807424e-10, 3.80209030926e-10, 1.80995135546e-10, 2.19213203145e-10, 3.48436196562e-10, 4.35453229031e-10, 3.2150992979e-10, 1.33579758366e-10, 8.25968946017e-11, 2.44465725441e-10], "max": [0.124481327832, 0.13226313889, 0.0788216516376, 0.0252337623388, 0.00597950955853, 0.00318927504122, 0.00259897718206, 0.00255491561256, 0.00232747057453, 0.00168679142371, 0.00109402521048, 0.00127254775725, 0.000640122801997, 0.000475925655337, 0.000274185760645, 0.000377129297704, 0.000299971958157, 0.000736594200134, 0.000320439401548, 0.000278074207017, 0.000380887679057, 0.000359577097697, 0.000423654331826, 0.00061947258655, 0.000198133449885, 0.000111439221655, 0.000125963313621, 0.000100104189187, 8.03620932857e-05, 8.50242431625e-05, 0.000119702621305, 0.000125542355818, 9.28557565203e-05, 8.07505275588e-05, 8.52330922498e-05, 0.000106567254988, 0.000120128672279, 7.33421766199e-05, 6.08270784141e-05, 8.48988638609e-05], "mean": [0.0100604407489, 0.00647479342297, 0.00174770038575, 0.000592494325247, 0.00021649482369, 0.000160737545229, 0.000104061669845, 9.85668521025e-05, 5.41098124813e-05, 5.16781110491e-05, 4.48245191365e-05, 2.46577565122e-05, 2.15459149331e-05, 1.66216395883e-05, 1.40452866617e-05, 1.42952276292e-05, 1.16045903269e-05, 1.09135853563e-05, 9.98848099698e-06, 1.02342946775e-05, 1.49350653373e-05, 1.0105378351e-05, 9.49665991357e-06, 1.06097686512e-05, 6.02718228038e-06, 5.09731717102e-06, 7.11406391929e-06, 5.14941802976e-06, 4.5563601816e-06, 4.39714176537e-06, 6.6207103373e-06, 6.39502331978e-06, 4.94536652695e-06, 4.54910104963e-06, 5.32831791134e-06, 5.38454969501e-06, 4.63825517727e-06, 3.6428700696e-06, 3.04319792122e-06, 3.30538432536e-06], "median": [0.00430300924927, 0.00296640326269, 0.000315243058139, 9.4434399216e-05, 7.4382587627e-05, 5.42795714864e-05, 2.73748864856e-05, 1.72560303326e-05, 9.50751564233e-06, 8.76030935615e-06, 8.44443184178e-06, 6.34005300526e-06, 6.42208169666e-06, 5.70977999814e-06, 5.28784858034e-06, 3.99837563236e-06, 4.45231626145e-06, 3.19213904731e-06, 2.61590776063e-06, 2.70617078968e-06, 2.58085674432e-06, 1.71230635715e-06, 1.71884653355e-06, 1.14960755582e-06, 1.31803085424e-06, 1.09057430109e-06, 1.57477222729e-06, 1.19095363971e-06, 9.09139657779e-07, 8.86707994141e-07, 1.13784415134e-06, 1.21371829209e-06, 1.02154967863e-06, 8.36664753479e-07, 8.80660024905e-07, 7.74782847657e-07, 7.02565955635e-07, 6.02105615144e-07, 5.70373970277e-07, 4.87813622385e-07], "min": [2.8471254219e-24, 2.50068867512e-24, 1.92905501686e-24, 2.81881912047e-24, 2.38925280314e-24, 1.3921955306e-24, 3.25956221632e-24, 4.43142810723e-24, 1.36000369478e-24, 1.43984864573e-24, 3.39664297025e-24, 2.97791146024e-24, 4.83253468968e-24, 2.49429791571e-24, 5.34109793249e-24, 2.57242236103e-24, 4.3771564491e-24, 2.73590076743e-24, 3.85350190275e-24, 4.72003247498e-24, 4.41888206339e-24, 5.01571450276e-24, 4.04209842923e-24, 5.27888678378e-24, 6.27881412951e-24, 4.58097286346e-24, 4.06594411668e-24, 6.31570402646e-24, 5.9779883342e-24, 6.85464511943e-24, 7.48876464721e-24, 8.29554216131e-24, 6.60416363822e-24, 4.761941105e-24, 6.14769834732e-24, 6.17317697684e-24, 7.88563031343e-24, 6.5966820814e-24, 7.47031871266e-24, 7.1687774205e-24], "var": [0.000280548556475, 0.000134578978759, 2.76408354694e-05, 2.85306009573e-06, 1.48031205072e-07, 8.34032576336e-08, 4.01830568819e-08, 5.33189137286e-08, 2.1963352026e-08, 1.71406249194e-08, 1.06425597224e-08, 4.13273415489e-09, 1.93284699357e-09, 9.72516067677e-10, 4.97547725242e-10, 9.74320735203e-10, 4.43782205428e-10, 6.64600319222e-10, 5.31900690159e-10, 5.67718538846e-10, 1.42511202839e-09, 6.69655553232e-10, 8.07784672485e-10, 1.70837044511e-09, 2.02812197592e-10, 9.73970834539e-11, 1.69904784686e-10, 9.11316300201e-11, 6.84901996229e-11, 6.97518987014e-11, 1.68102878839e-10, 1.40246120273e-10, 7.46118375416e-11, 7.25828633308e-11, 1.20832677197e-10, 1.44289191706e-10, 1.0779061671e-10, 5.16696199715e-11, 3.19137702376e-11, 6.54144516332e-11]}, "mfcc": {"mean": [-696.073242188, 91.6476364136, 35.0174331665, 30.135509491, 16.5268917084, 17.5672836304, 9.70150852203, 10.6262016296, 6.97996377945, 6.35023260117, 5.02168703079, 4.53923082352, 4.23579263687], "cov": [[14231.0175781, -104.554321289, 674.619995117, 229.289871216, 204.228973389, 221.905654907, -141.482284546, -7.36931180954, -46.9689941406, -156.190124512, -90.7967071533, 26.0850429535, -4.80777168274], [-104.554321289, 2179.2199707, 232.81640625, 328.962890625, 178.999420166, 86.8078689575, 66.6637573242, 5.37555027008, 2.84118294716, -22.1093978882, 39.5213279724, -18.8223896027, 70.3561325073], [674.619995117, 232.81640625, 911.015930176, 292.176452637, 144.502593994, 110.591567993, 50.1816101074, -35.2879943848, 8.9259557724, 33.0652160645, 21.5615787506, 36.091796875, 24.1916790009], [229.289871216, 328.962890625, 292.176452637, 496.857543945, 229.535324097, 198.294418335, 137.40713501, 102.130210876, 47.6927032471, 50.4974212646, 41.4126281738, 36.4107933044, 36.4809646606], [204.228973389, 178.999420166, 144.502593994, 229.535324097, 328.487091064, 193.394836426, 105.891609192, 96.3104095459, 55.663356781, 44.0625839233, 26.6347961426, 37.7957992554, 28.0223369598], [221.905654907, 86.8078689575, 110.591567993, 198.294418335, 193.394836426, 346.774871826, 178.165283203, 115.650062561, 74.096572876, 72.5217819214, 50.0442237854, 45.4602127075, 45.3559455872], [-141.482284546, 66.6637573242, 50.1816101074, 137.40713501, 105.891609192, 178.165283203, 214.258773804, 115.782844543, 53.5317878723, 46.1791191101, 39.3640480042, 29.0213031769, 19.9553775787], [-7.36931180954, 5.37555027008, -35.2879943848, 102.130210876, 96.3104095459, 115.650062561, 115.782844543, 204.446136475, 80.8483276367, 53.1156387329, 43.6035232544, 36.941078186, 9.89663410187], [-46.9689941406, 2.84118294716, 8.9259557724, 47.6927032471, 55.663356781, 74.096572876, 53.5317878723, 80.8483276367, 146.241043091, 74.9626617432, 38.5491600037, 22.2110328674, 18.0518379211], [-156.190124512, -22.1093978882, 33.0652160645, 50.4974212646, 44.0625839233, 72.5217819214, 46.1791191101, 53.1156387329, 74.9626617432, 125.393516541, 56.9977912903, 26.3108196259, 24.2516670227], [-90.7967071533, 39.5213279724, 21.5615787506, 41.4126281738, 26.6347961426, 50.0442237854, 39.3640480042, 43.6035232544, 38.5491600037, 56.9977912903, 102.94316864, 53.2090492249, 24.0660400391], [26.0850429535, -18.8223896027, 36.091796875, 36.4107933044, 37.7957992554, 45.4602127075, 29.0213031769, 36.941078186, 22.2110328674, 26.3108196259, 53.2090492249, 104.740135193, 52.0894012451], [-4.80777168274, 70.3561325073, 24.1916790009, 36.4809646606, 28.0223369598, 45.3559455872, 19.9553775787, 9.89663410187, 18.0518379211, 24.2516670227, 24.0660400391, 52.0894012451, 91.2621459961]], "icov": [[7.91633865447e-05, 1.19802680274e-05, -6.15572207607e-05, -6.11304722042e-06, -5.25281120645e-06, -0.000130644169985, 0.000181723939022, -6.9748108217e-05, -1.58119928528e-05, 0.000155875604833, 3.24807297147e-05, -1.99429377972e-05, 1.25880205815e-05], [1.19802680274e-05, 0.000570949632674, -4.27207851317e-05, -0.000328808382619, -0.000203694580705, 0.000135916969157, -3.6454785004e-05, 9.8722979601e-05, -6.19468701188e-05, 0.000507460907102, -0.000591997581068, 0.000753490370698, -0.000701057608239], [-6.15572207607e-05, -4.27207851317e-05, 0.00154882774223, -0.000899928854778, -0.000157754504471, 1.53872006194e-05, -0.000212580547668, 0.0011087245075, -6.53005190543e-05, -0.000451244122814, 0.000160981711815, -0.000653108698316, 0.000409058353398], [-6.11304722042e-06, -0.000328808382619, -0.000899928854778, 0.00401512579992, -0.00151832425036, -0.00043084853678, -0.000704989535734, -0.000929166504648, 0.000464474229375, -0.000199294998311, -0.000199001660803, 0.000347913504811, -0.000363051862223], [-5.25281120645e-06, -0.000203694580705, -0.000157754504471, -0.00151832425036, 0.00574262067676, -0.00219742278568, 0.00057789857965, -0.000927481800318, -0.000409624335589, -0.000100416931673, 0.00114636076614, -0.00116190861445, 0.000577106780838], [-0.000130644169985, 0.000135916969157, 1.53872006194e-05, -0.00043084853678, -0.00219742278568, 0.00704022217542, -0.00421509379521, 0.000178413334652, -0.000346732907929, -0.00119666394312, -0.000351600523572, 0.000399043201469, -0.00161381391808], [0.000181723939022, -3.6454785004e-05, -0.000212580547668, -0.000704989535734, 0.00057789857965, -0.00421509379521, 0.0103339552879, -0.0035814139992, 0.000224501214689, 0.000552819285076, -0.000637036864646, 0.000315788260195, 0.000218421555473], [-6.9748108217e-05, 9.8722979601e-05, 0.0011087245075, -0.000929166504648, -0.000927481800318, 0.000178413334652, -0.0035814139992, 0.00964577123523, -0.00315459631383, -0.000357678974979, -0.000490555190481, -0.0021726260893, 0.00201942306012], [-1.58119928528e-05, -6.19468701188e-05, -6.53005190543e-05, 0.000464474229375, -0.000409624335589, -0.000346732907929, 0.000224501214689, -0.00315459631383, 0.0114759281278, -0.00543157244101, -1.56218793563e-05, 0.000442356948042, -0.00060529547045], [0.000155875604833, 0.000507460907102, -0.000451244122814, -0.000199294998311, -0.000100416931673, -0.00119666394312, 0.000552819285076, -0.000357678974979, -0.00543157244101, 0.0152738681063, -0.0065667014569, 0.00265424349345, -0.00240799994208], [3.24807297147e-05, -0.000591997581068, 0.000160981711815, -0.000199001660803, 0.00114636076614, -0.000351600523572, -0.000637036864646, -0.000490555190481, -1.56218793563e-05, -0.0065667014569, 0.0178921315819, -0.00869300868362, 0.00250179436989], [-1.99429377972e-05, 0.000753490370698, -0.000653108698316, 0.000347913504811, -0.00116190861445, 0.000399043201469, 0.000315788260195, -0.0021726260893, 0.000442356948042, 0.00265424349345, -0.00869300868362, 0.0191824622452, -0.00967205408961], [1.25880205815e-05, -0.000701057608239, 0.000409058353398, -0.000363051862223, 0.000577106780838, -0.00161381391808, 0.000218421555473, 0.00201942306012, -0.00060529547045, -0.00240799994208, 0.00250179436989, -0.00967205408961, 0.0175137333572]]}, "spectral_contrast_coeffs": {"dmean": [0.0657910779119, 0.0514659546316, 0.0386777818203, 0.032798346132, 0.0268826149404, 0.0238148216158], "dmean2": [0.106153197587, 0.08327344805, 0.063215367496, 0.0528450533748, 0.0436360985041, 0.0380259715021], "dvar": [0.00327242538333, 0.00178224605042, 0.00110723241232, 0.000786169955973, 0.000665473809931, 0.000482588540763], "dvar2": [0.00785467028618, 0.0044329832308, 0.00274925795384, 0.00189092382789, 0.0016496864846, 0.00108704378363], "max": [-0.292494654655, -0.436890184879, -0.482575953007, -0.438085347414, -0.41872343421, -0.489385873079], "mean": [-0.684991061687, -0.770010232925, -0.815418064594, -0.822004437447, -0.82143843174, -0.793704509735], "median": [-0.696467339993, -0.776415348053, -0.826027393341, -0.828915178776, -0.826174676418, -0.792385816574], "min": [-0.986956417561, -0.98093444109, -0.974555492401, -0.967069983482, -0.966706633568, -0.965414762497], "var": [0.00906896870583, 0.00547452829778, 0.00360743002966, 0.00247544120066, 0.00178874086123, 0.00152106827591]}, "spectral_contrast_valleys": {"dmean": [0.604819953442, 0.626807332039, 0.645590782166, 0.65939873457, 0.745674610138, 0.862278580666], "dmean2": [0.888350725174, 0.936054706573, 0.95328694582, 0.953451037407, 1.02533710003, 1.14939534664], "dvar": [0.380208164454, 0.414029926062, 0.428453952074, 0.434403717518, 0.498463779688, 0.70094370842], "dvar2": [0.675052583218, 0.851522028446, 0.889604687691, 0.902262449265, 1.09353148937, 1.54741835594], "max": [-4.95529127121, -4.