{"lowlevel": {"average_loudness": 0.673783481121, "barkbands_crest": {"dmean": 3.1651237011, "dmean2": 5.21850252151, "dvar": 6.35966348648, "dvar2": 16.8966884613, "max": 26.3123836517, "mean": 14.8039093018, "median": 14.30509758, "min": 3.93557691574, "var": 17.0715713501}, "barkbands_flatness_db": {"dmean": 0.0271148718894, "dmean2": 0.0439677126706, "dvar": 0.000450983410701, "dvar2": 0.00120393687394, "max": 0.584451556206, "mean": 0.431279420853, "median": 0.432844996452, "min": 0.0388470627367, "var": 0.00174582889304}, "barkbands_kurtosis": {"dmean": 10.8567390442, "dmean2": 18.0003128052, "dvar": 252.008041382, "dvar2": 659.601501465, "max": 352.358062744, "mean": 19.3128585815, "median": 13.0636377335, "min": -1.08372247219, "var": 461.030334473}, "barkbands_skewness": {"dmean": 0.665018975735, "dmean2": 1.09644949436, "dvar": 0.370827108622, "dvar2": 0.99708199501, "max": 8.49063014984, "mean": 0.619857251644, "median": 0.441964536905, "min": -8.11992263794, "var": 1.18360173702}, "barkbands_spread": {"dmean": 0.396152406931, "dmean2": 0.65171957016, "dvar": 0.607983887196, "dvar2": 1.21667230129, "max": 59.5712852478, "mean": 1.18354713917, "median": 1.08208560944, "min": 0.104087591171, "var": 0.904036998749}, "dissonance": {"dmean": 0.0656071305275, "dmean2": 0.112102031708, "dvar": 0.00269786966965, "dvar2": 0.00772625347599, "max": 0.500000238419, "mean": 0.374697089195, "median": 0.379166126251, "min": 0.160175979137, "var": 0.0044434601441}, "dynamic_complexity": 3.18381261826, "erbbands_crest": {"dmean": 3.91168665886, "dmean2": 6.47527456284, "dvar": 9.87791156769, "dvar2": 26.1944713593, "max": 31.9410743713, "mean": 16.5685634613, "median": 15.8587875366, "min": 3.34608602524, "var": 24.9085693359}, "erbbands_flatness_db": {"dmean": 0.0236049760133, "dmean2": 0.0381483137608, "dvar": 0.000345669686794, "dvar2": 0.000920449732803, "max": 0.506240129471, "mean": 0.379629194736, "median": 0.381470918655, "min": 0.0640742555261, "var": 0.00157380732708}, "erbbands_kurtosis": {"dmean": 16.6958179474, "dmean2": 26.7260971069, "dvar": 296.591796875, "dvar2": 722.128112793, "max": 265.465789795, "mean": 40.6356658936, "median": 32.3015899658, "min": -0.738619089127, "var": 912.645568848}, "erbbands_skewness": {"dmean": 1.00479030609, "dmean2": 1.60933554173, "dvar": 0.685739099979, "dvar2": 1.7726495266, "max": 12.0910215378, "mean": 3.67034506798, "median": 3.39670801163, "min": -1.00866544247, "var": 2.98725533485}, "erbbands_spread": {"dmean": 1.22367048264, "dmean2": 1.98369860649, "dvar": 2.06437325478, "dvar2": 5.21208620071, "max": 57.7433509827, "mean": 3.61356830597, "median": 3.06968593597, "min": 0.468537390232, "var": 6.7229142189}, "hfc": {"dmean": 2.5999712944, "dmean2": 4.0091586113, "dvar": 27.576128006, "dvar2": 57.008605957, "max": 217.676498413, "mean": 5.59929800034, "median": 3.73969268799, "min": 1.20047875267e-16, "var": 53.1969451904}, "melbands_crest": {"dmean": 3.66273927689, "dmean2": 6.08120059967, "dvar": 8.94536781311, "dvar2": 24.1978034973, "max": 34.9620552063, "mean": 17.5363712311, "median": 16.9069633484, "min": 1.91036093235, "var": 22.9083957672}, "melbands_flatness_db": {"dmean": 0.0280638020486, "dmean2": 0.045421551913, "dvar": 0.0004815418215, "dvar2": 0.00128320837393, "max": 0.726199448109, "mean": 0.552945971489, "median": 0.555035233498, "min": 0.0050786966458, "var": 0.00208176253363}, "melbands_kurtosis": {"dmean": 6.63842630386, "dmean2": 11.0356874466, "dvar": 71.3405075073, "dvar2": 188.077316284, "max": 203.269424438, "mean": 12.988155365, "median": 8.54975128174, "min": -1.252399683, "var": 199.359619141}, "melbands_skewness": {"dmean": 0.561984539032, "dmean2": 0.913667976856, "dvar": 0.209948167205, "dvar2": 0.558004140854, "max": 6.78219890594, "mean": 0.758968174458, "median": 0.646289110184, "min": -1.95220899582, "var": 0.88119918108}, "melbands_spread": {"dmean": 0.487787872553, "dmean2": 0.792706370354, "dvar": 0.762868106365, "dvar2": 1.37630486488, "max": 138.327819824, "mean": 1.63263380527, "median": 1.46710932255, "min": 0.213581934571, "var": 9.47920322418}, "pitch_salience": {"dmean": 0.0958094894886, "dmean2": 0.157260105014, "dvar": 0.0059171593748, "dvar2": 0.0160719789565, "max": 0.870128512383, "mean": 0.584885120392, "median": 0.604181170464, "min": 0.0815743878484, "var": 0.0170946288854}, "silence_rate_20dB": {"dmean": 0.00063366338145, "dmean2": 0.00126742711291, "dvar": 0.000633297953755, "dvar2": 0.00126581278164, "max": 1, "mean": 0.999366402626, "median": 1, "min": 0, "var": 0.000633247836959}, "silence_rate_30dB": {"dmean": 0.0158415846527, "dmean2": 0.0316856764257, "dvar": 0.0155894001946, "dvar2": 0.0371793247759, "max": 1, "mean": 0.984634876251, "median": 1, "min": 0, "var": 0.015127742663}, "silence_rate_60dB": {"dmean": 0.0214653462172, "dmean2": 0.0429340936244, "dvar": 0.0210018083453, "dvar2": 0.0518527105451, "max": 1, "mean": 0.0367495641112, "median": 0, "min": 0, "var": 0.0353921204805}, "spectral_centroid": {"dmean": 20.1915416718, "dmean2": 31.4689178467, "dvar": 5182.2265625, "dvar2": 5904.38867188, "max": 11486.2148438, "mean": 254.415100098, "median": 255.284698486, "min": 130.944976807, "var": 20180.5722656}, "spectral_complexity": {"dmean": 1.02962374687, "dmean2": 1.79245877266, "dvar": 0.864412307739, "dvar2": 2.16596961021, "max": 17, "mean": 4.79217481613, "median": 5, "min": 0, "var": 2.09603190422}, "spectral_decrease": {"dmean": 2.77853318131e-09, "dmean2": 4.23653423454e-09, "dvar": 2.52241696763e-17, "dvar2": 5.24105871278e-17, "max": 1.22008584486e-15, "mean": -6.26681995186e-09, "median": -4.33746993878e-09, "min": -1.9479713842e-07, "var": 5.28524637023e-17}, "spectral_energy": {"dmean": 0.0107190422714, "dmean2": 0.0163472946733, "dvar": 0.000377332733478, "dvar2": 0.000783875468187, "max": 0.754953086376, "mean": 0.0241603627801, "median": 0.0167117938399, "min": 1.08476788648e-20, "var": 0.000788879406173}, "spectral_energyband_high": {"dmean": 3.67930852008e-07, "dmean2": 6.30406361779e-07, "dvar": 1.56011108979e-13, "dvar2": 4.46888131968e-13, "max": 9.92914829112e-06, "mean": 1.62847823049e-06, "median": 1.58949569595e-06, "min": 8.09250261086e-21, "var": 1.73923280834e-13}, "spectral_energyband_low": {"dmean": 0.002883678535, "dmean2": 0.0043208906427, "dvar": 2.05261712836e-05, "dvar2": 4.13717207266e-05, "max": 0.156240999699, "mean": 0.00554499775171, "median": 0.00277160690166, "min": 8.19742348414e-23, "var": 6.94107147865e-05}, "spectral_energyband_middle_high": {"dmean": 1.25661863422e-05, "dmean2": 1.95734701265e-05, "dvar": 1.1990125337e-08, "dvar2": 2.47266385145e-08, "max": 0.00546957319602, "mean": 1.68713359017e-05, "median": 5.5332525335e-06, "min": 1.52316333196e-21, "var": 1.33320918749e-08}, "spectral_energyband_middle_low": {"dmean": 0.009855536744, "dmean2": 0.0152261769399, "dvar": 0.000358198100002, "dvar2": 0.000751545536332, "max": 0.728721559048, "mean": 0.0205038413405, "median": 0.0133578842506, "min": 2.74820055256e-22, "var": 0.000710696738679}, "spectral_entropy": {"dmean": 0.222700476646, "dmean2": 0.355615347624, "dvar": 0.0312569737434, "dvar2": 0.0802246183157, "max": 9.81169128418, "mean": 5.0798125267, "median": 5.06273174286, "min": 3.73865604401, "var": 0.140379801393}, "spectral_flux": {"dmean": 0.0231788568199, "dmean2": 0.0390050821006, "dvar": 0.000646431115456, "dvar2": 0.00171977514401, "max": 0.536460399628, "mean": 0.0711445659399, "median": 0.0639586299658, "min": 1.04152193814e-10, "var": 0.00164328247774}, "spectral_kurtosis": {"dmean": 17.0566749573, "dmean2": 29.1326293945, "dvar": 225.745498657, "dvar2": 642.643554688, "max": 201.685638428, "mean": 44.3193969727, "median": 40.6868591309, "min": -1.17533624172, "var": 626.879882812}, "spectral_rms": {"dmean": 0.000970036024228, "dmean2": 0.00147182948422, "dvar": 1.02530202639e-06, "dvar2": 2.20771926251e-06, "max": 0.0271392632276, "mean": 0.00439034821466, "median": 0.00403784448281, "min": 3.25316791734e-12, "var": 4.29596229878e-06}, "spectral_rolloff": {"dmean": 29.392747879, "dmean2": 50.6941375732, "dvar": 19715.2558594, "dvar2": 29617.4628906, "max": 19810.546875, "mean": 300.715911865, "median": 301.46484375, "min": 107.666015625, "var": 236137.203125}, "spectral_skewness": {"dmean": 1.00465452671, "dmean2": 1.72817003727, "dvar": 0.640538096428, "dvar2": 1.83426809311, "max": 10.6956996918, "mean": 5.06939458847, "median": 4.97143554688, "min": -0.0606952756643, "var": 2.22935986519}, "spectral_spread": {"dmean": 432511.6875, "dmean2": 761594.3125, "dvar": 177273110528, "dvar2": 428555173888, "max": 38816220, "mean": 1677385.125, "median": 1586928, "min": 386806.3125, "var": 509947052032}, "spectral_strongpeak": {"dmean": 0.351433932781, "dmean2": 0.558575809002, "dvar": 0.156503677368, "dvar2": 0.378364712, "max": 8.5206193924, "mean": 0.731011271477, "median": 0.573160588741, "min": 3.89096532771e-09, "var": 0.364712297916}, "zerocrossingrate": {"dmean": 0.00116363703273, "dmean2": 0.00158447725698, "dvar": 2.26278680202e-05, "dvar2": 3.42161547451e-05, "max": 0.7275390625, "mean": 0.0115531533957, "median": 0.01123046875, "min": 0.00390625, "var": 0.000256901257671}, "barkbands": {"dmean": [4.25481121056e-05, 0.00031860001036, 0.00179054890759, 0.00212064967491, 0.00686510279775, 0.00324115203694, 0.000289070681902, 5.25232935615e-05, 1.63523654919e-05, 1.06854013211e-05, 2.61166223936e-06, 1.12586701562e-06, 4.87149179662e-07, 2.4098167728e-07, 2.13698470475e-07, 1.76710969413e-07, 1.74654303464e-07, 1.83346216431e-07, 2.07342736758e-07, 2.24347033395e-07, 2.35444858276e-07, 1.7365016447e-07, 7.6968390772e-08, 9.2041857469e-10, 8.88592477377e-10, 8.77112715791e-10, 1.40387046432e-09], "dmean2": [7.04721023794e-05, 0.000534311286174, 0.00268027349375, 0.00333172734827, 0.0107334256172, 0.00515353213996, 0.00047930033179, 8.5854124336e-05, 2.71463432e-05, 1.73340031324e-05, 4.29518468081e-06, 1.89542959106e-06, 8.03656746484e-07, 3.9822822373e-07, 3.58949307611e-07, 2.99755839706e-07, 2.9907539556e-07, 3.12587815188e-07, 3.53752966475e-07, 3.81207286182e-07, 4.04427225931e-07, 2.99520536373e-07, 1.30901668172e-07, 1.683250761e-09, 1.62458335673e-09, 1.59788648979e-09, 2.48172682404e-09], "dvar": [3.06188212562e-08, 2.98171784152e-07, 1.05231956695e-05, 1.09994380182e-05, 0.000147093553096, 7.07963772584e-05, 3.47979948856e-07, 1.74799978936e-08, 3.97232025051e-09, 8.1747169034e-09, 4.15103867946e-10, 1.53372217704e-10, 1.59062624183e-11, 1.48508679312e-12, 1.0551226776e-12, 1.59435507331e-13, 1.18930784817e-13, 3.78550001675e-14, 4.04554590782e-14, 4.2445542659e-14, 5.0731449342e-14, 2.83104668994e-14, 3.62823174825e-15, 2.95430099354e-18, 2.83479903762e-18, 2.52733559035e-18, 2.82296808012e-18], "dvar2": [6.11278920815e-08, 7.6589708442e-07, 2.03302515729e-05, 2.47878415394e-05, 0.000335458753398, 0.000150316394866, 9.13107101042e-07, 4.57098572326e-08, 9.88423654036e-09, 1.81268902111e-08, 1.01558506049e-09, 4.11762623997e-10, 3.18085800755e-11, 2.83859524428e-12, 2.46558546149e-12, 3.36849851398e-13, 3.04400358002e-13, 9.53791760199e-14, 1.07857624741e-13, 1.15785636287e-13, 1.44370491039e-13, 8.28006147804e-14, 1.05353229531e-14, 8.83115889063e-18, 8.39191357765e-18, 7.54909263408e-18, 8.67804775924e-18], "max": [0.0107721220702, 0.0185388997197, 0.129527136683, 0.106237567961, 0.300474405289, 0.382048010826, 0.0204551927745, 0.00633736141026, 0.00295068975538, 0.00483936304227, 0.00126971257851, 0.000700344506186, 0.000175741501153, 6.62100501359e-05, 7.42743359297e-05, 2.14210685954e-05, 2.46086747211e-05, 7.93743402028e-06, 8.40017673909e-06, 4.93088600706e-06, 5.2203922678e-06, 3.66033577848e-06, 6.28248358225e-07, 5.69442164533e-08, 5.79440886384e-08, 5.78690695363e-08, 5.67199123225e-08], "mean": [7.12344190106e-05, 0.000531865051016, 0.00303679751232, 0.00352159282193, 0.0117828603834, 0.00466119637713, 0.000436901056673, 7.46000223444e-05, 2.30464811466e-05, 1.1103921679e-05, 2.96943176181e-06, 1.25460201161e-06, 6.21916967702e-07, 3.92555023154e-07, 3.79372835368e-07, 3.60466543725e-07, 3.82118685138e-07, 4.3332309474e-07, 5.20514561231e-07, 5.90715899307e-07, 6.25153575129e-07, 4.86287603962e-07, 1.8328468343e-07, 8.50404580088e-10, 8.50288062182e-10, 1.17002529887e-09, 7.52577733465e-09], "median": [4.91294122185e-05, 0.000324364838889, 0.00112336373422, 0.00167614244856, 0.00639960961416, 0.00198131753132, 0.000191503262613, 3.9125992771e-05, 9.54166534939e-06, 2.22368362301e-06, 6.30859290141e-07, 3.96291682137e-07, 2.6994490554e-07, 2.57180204244e-07, 2.86669774141e-07, 3.06481098278e-07, 3.34714570727e-07, 3.94208825583e-07, 4.80916696688e-07, 5.51980065211e-07, 5.97279324666e-07, 4.71181522244e-07, 1.7969387045e-07, 3.59402202443e-10, 3.77540776419e-10, 7.17187975674e-10, 7.22326953806e-09], "min": [9.73394640272e-24, 5.00272014927e-23, 2.71489320431e-23, 5.45269256273e-24, 4.18606515001e-23, 2.65123780906e-23, 9.92696694005e-23, 2.38871357727e-23, 7.45872529725e-23, 4.89949075785e-23, 1.6846124631e-22, 6.425961853e-23, 7.03730444209e-23, 1.78168867635e-22, 9.66877718339e-23, 9.4762231784e-23, 2.65227607623e-22, 2.31936516219e-22, 2.24315387812e-22, 3.24949401614e-22, 4.54859722305e-22, 5.68496789155e-22, 5.1482067368e-22, 1.00963835916e-21, 1.12742516254e-21, 1.68485129232e-21, 2.72216193277e-21], "var": [4.14617034039e-08, 5.70469637751e-07, 3.53193136107e-05, 3.58966135536e-05, 0.000289988936856, 0.000112106034067, 5.79157870106e-07, 2.21216502894e-08, 5.15366638254e-09, 8.10931943818e-09, 4.07381295364e-10, 1.15266775291e-10, 1.85129446495e-11, 2.00676107676e-12, 1.00265900183e-12, 1.93037101061e-13, 1.14968337584e-13, 5.57911735474e-14, 5.99375285732e-14, 6.42927144899e-14, 6.21107508415e-14, 3.12775521628e-14, 5.64830961272e-15, 2.52165513428e-18, 2.4145677118e-18, 2.19230676275e-18, 2.96813662326e-18]}, "erbbands": {"dmean": [0.00936044380069, 0.08970143646, 1.31911659241, 5.21763038635, 12.1094408035, 24.7553863525, 48.6579322815, 15.2691717148, 5.42699670792, 2.66754770279, 0.765346229076, 0.377589195967, 0.335170805454, 0.24970600009, 0.0900721028447, 0.0391913838685, 0.0226125288755, 0.0138589721173, 0.0114350607619, 0.00965985283256, 0.00919812265784, 0.0094060394913, 0.0095486799255, 0.0097230579704, 0.0107851028442, 0.0107485307381, 0.0104301664978, 0.00926184467971, 0.00719379680231, 0.00371370301582, 0.00198429147713, 8.17360851215e-05, 1.63306158356e-05, 1.16734317999e-05, 8.39090262161e-06, 5.83649580221e-06, 3.32736226483e-06, 7.33797435259e-07, 4.85381133331e-06, 1.17519666674e-05], "dmean2": [0.0162125546485, 0.14611402154, 2.01234292984, 7.93141174316, 19.1932373047, 39.1631088257, 77.5620803833, 24.679063797, 8.9371919632, 4.38171434402, 1.23659348488, 0.625041484833, 0.532788693905, 0.407475143671, 0.147947311401, 0.0644172057509, 0.0366249792278, 0.0223521683365, 0.0190573818982, 0.0161606706679, 0.0155479768291, 0.0160898976028, 0.0162303317338, 0.0164962783456, 0.0183744616807, 0.0183481350541, 0.0177255365998, 0.0160123910755, 0.0123873036355, 0.00633181538433, 0.00337814982049, 0.000140571792144, 2.84755424218e-05, 1.97793233383e-05, 1.36603930514e-05, 9.13333951758e-06, 5.09257824888e-06, 1.24555674574e-06, 7.38083235774e-06, 1.79245762411e-05], "dvar": [0.000340780476108, 0.0190908294171, 5.42610502243, 61.8333320618, 456.22744751, 2016.55297852, 16290.7070312, 1101.41015625, 99.2269592285, 40.2687950134, 4.74650430679, 2.1612610817, 4.10309457779, 5.49287414551, 0.933103203773, 0.175380647182, 0.0352148748934, 0.00838101655245, 0.00488423043862, 0.000871627416927, 0.0005007039872, 0.000302998698317, 0.000118821146316, 8.8600354502e-05, 0.000109849672299, 9.82722267509e-05, 9.41378530115e-05, 8.34645688883e-05, 5.04682320752e-05, 8.85539157025e-06, 2.49836944022e-06, 5.06098718489e-09, 8.94911145188e-10, 5.17045128934e-10, 2.14696996292e-10, 1.08579638336e-10, 3.43006491266e-11, 1.35532806766e-12, 7.80536399403e-11, 4.5609307997e-10], "dvar2": [0.000911007053219, 0.0469774417579, 11.2083787918, 133.219207764, 1107.45568848, 4873.45703125, 36623.609375, 2477.03051758, 252.242294312, 101.964225769, 11.4118900299, 5.20522594452, 8.52354049683, 12.763086319, 2.42674517632, 0.454537034035, 0.0694296732545, 0.0157913025469, 0.0109901819378, 0.00183196889702, 0.00114234362263, 0.000751996587496, 0.000290256371954, 0.000235599014559, 0.000292869226541, 0.000272079196293, 0.000262358138571, 0.000240828623646, 0.000148207851453, 2.56799303315e-05, 7.25043582861e-06, 1.44249314715e-08, 2.40813968766e-09, 1.30437316503e-09, 4.89399520909e-10, 2.27339522207e-10, 6.90727752772e-11, 3.37579812194e-12, 1.6080606291e-10, 9.46977496419e-10], "max": [0.857262611389, 3.13615107536, 89.0365371704, 215.24168396, 528.649780273, 1074.54675293, 5118.4375, 1469.71276855, 226.150146484, 296.141296387, 122.442832947, 63.4524841309, 106.177482605, 111.043800354, 56.3749237061, 23.8097476959, 8.04100894928, 5.37641525269, 4.98592424393, 1.65614318848, 1.44253969193, 1.17770206928, 0.468045175076, 0.333916127682, 0.39483332634, 0.225911349058, 0.200884059072, 0.199273273349, 0.163499742746, 0.0391875430942, 0.0142367854714, 0.00186610815581, 0.00143767462578, 0.00126576633193, 0.000626162276603, 0.000509753765073, 0.0002642434265, 4.2457570089e-05, 0.000349592301063, 0.000832360528875], "mean": [0.0159848704934, 0.154794991016, 2.28831529617, 9.48421764374, 19.5500297546, 39.8099212646, 68.1179580688, 24.2567386627, 8.58458137512, 4.07299280167, 1.23988997936, 0.560425460339, 0.398768782616, 0.258826375008, 0.102369338274, 0.0474192835391, 0.0303420871496, 0.0219381209463, 0.0203859377652, 0.019613083452, 0.0201674178243, 0.0219408646226, 0.0232443194836, 0.0251834914088, 0.0271872244775, 0.0279978532344, 0.0258486140519, 0.0246315859258, 0.018960641697, 0.0104601187631, 0.00419797189534, 0.000174403437995, 3.22016312566e-05, 2.29159977607e-05, 1.81536124728e-05, 1.36418775583e-05, 8.7370399342e-06, 2.59227863353e-06, 1.19281066873e-05, 2.66093575192e-05], "median": [0.0120454998687, 0.0861894786358, 0.981298327446, 4.64220619202, 10.2707710266, 19.5277309418, 27.7196350098, 11.7282915115, 4.24877071381, 2.03537464142, 0.677480697632, 0.250544548035, 0.11769618094, 0.0452754274011, 0.0237030014396, 0.0157663729042, 0.012875739485, 0.0130912652239, 0.0146786868572, 0.0157448090613, 0.0173613987863, 0.0192760899663, 0.0210028253496, 0.0231355763972, 0.0251230783761, 0.0260460767895, 0.0244509819895, 0.0233908221126, 0.0182241722941, 0.0102549307048, 0.00403377786279, 0.000162713797181, 2.30874666158e-05, 1.54941335495e-05, 1.24106245494e-05, 9.40244353842e-06, 6.27926829111e-06, 2.18897412196e-06, 8.50798278407e-06, 1.84158216143e-05], "min": [9.80269206496e-22, 1.27132393335e-20, 3.06942846941e-20, 2.54519952503e-20, 1.93766412256e-20, 1.81855644745e-19, 2.16776651117e-19, 3.62492232062e-19, 1.28104241375e-18, 1.08998095964e-18, 9.38637926818e-19, 1.66049363197e-18, 7.98915023841e-19, 5.25164728637e-18, 4.18888356741e-18, 3.04118659751e-18, 3.49659295171e-18, 8.74171750535e-18, 5.61194193219e-18, 4.92240624152e-18, 6.63861327948e-18, 1.60138543539e-17, 1.32271738601e-17, 1.02260203227e-17, 1.21150808117e-17, 1.59344714849e-17, 1.50675547701e-17, 2.29750109968e-17, 1.99297290281e-17, 1.61637146655e-17, 1.67487877846e-17, 2.23788040267e-17, 1.50772443638e-17, 9.13255041862e-18, 9.84496220272e-18, 6.46061807373e-18, 3.19459592751e-18, 1.22530047003e-18, 3.82684486297e-19, 3.88396775887e-20], "var": [0.000367394881323, 0.0514328405261, 17.3566207886, 205.183074951, 876.884216309, 3974.44799805, 22932.7792969, 2091.98803711, 176.997314453, 56.15391922, 6.65299892426, 2.93956947327, 4.84777450562, 5.05897569656, 0.759846627712, 0.1427154392, 0.0423203893006, 0.0107882898301, 0.0048398738727, 0.00105486414395, 0.000543601810932, 0.000320197810652, 0.000173441352672, 0.000134265210363, 0.000161714284332, 0.000144509394886, 0.00012608137331, 9.38866942306e-05, 5.43851092516e-05, 1.30373709908e-05, 3.7566287574e-06, 6.93680091146e-09, 1.17336995675e-09, 7.77845399202e-10, 4.34455027509e-10, 2.40882480629e-10, 8.1067513813e-11, 2.40417017891e-12, 1.65179786515e-10, 9.51955958506e-10]}, "gfcc": {"mean": [-233.776931763, 209.628799438, -45.1453285217, 56.0375556946, -54.6647109985, -57.5655708313, -14.1463508606, -45.2227249146, -4.69091081619, -15.2867002487, -13.9063234329, -0.97915571928, -7.80607223511], "cov": [[1216.07531738, 431.967132568, 159.521072388, -420.914916992, -134.078765869, -111.557830811, -35.2488136292, 38.5703926086, -144.805114746, -32.4334983826, -16.6342430115, -17.3859634399, 113.307037354], [431.967132568, 234.886383057, 33.718662262, -165.815383911, -77.9522323608, -55.2296600342, 21.9332027435, 32.8062591553, -15.9304208755, 5.08908462524, -0.0113487346098, 2.39042282104, 31.5363445282], [159.521072388, 33.718662262, 147.555358887, 8.83281707764, 45.095539093, 4.52838277817, -22.0901355743, 6.61476755142, -31.6428985596, -15.3276348114, -22.1249752045, -38.0498771667, -7.80925703049], [-420.914916992, -165.815383911, 8.83281707764, 326.686126709, 135.640380859, 70.1218795776, 7.77122402191, -40.5305976868, 65.4349060059, 2.8726940155, -9.42338466644, -20.6705551147, -83.028793335], [-134.078765869, -77.9522323608, 45.095539093, 135.640380859, 139.787185669, 59.9317588806, -0.139304101467, -23.9221134186, -16.4699611664, -10.0082540512, -16.1513614655, -24.4858074188, -27.7400226593], [-111.557830811, -55.2296600342, 4.52838277817, 70.1218795776, 59.9317588806, 74.1542510986, 25.8212718964, 2.32671451569, 8.13171672821, -7.73850107193, -5.81942653656, -13.1443147659, -27.3690547943], [-35.2488136292, 21.9332027435, -22.0901355743, 7.77122402191, -0.139304101467, 25.8212718964, 56.980682373, 25.4830684662, 20.4142398834, 5.08312988281, -4.473320961, -3.33197116852, -14.0839519501], [38.5703926086, 32.8062591553, 6.61476755142, -40.5305976868, -23.9221134186, 2.32671451569, 25.4830684662, 52.695110321, 20.317937851, 8.45981025696, -1.82867944241, -8.69970035553, -4.68878889084], [-144.805114746, -15.9304208755, -31.6428985596, 65.4349060059, -16.4699611664, 8.13171672821, 20.4142398834, 20.317937851, 79.016998291, 25.6465644836, 10.5295705795, 4.15837240219, -33.4803009033], [-32.4334983826, 5.08908462524, -15.3276348114, 2.8726940155, -10.0082540512, -7.73850107193, 5.08312988281, 8.45981025696, 25.6465644836, 39.4488945007, 22.1992874146, 12.2205877304, 1.70192229748], [-16.6342430115, -0.0113487346098, -22.1249752045, -9.42338466644, -16.1513614655, -5.81942653656, -4.473320961, -1.82867944241, 10.5295705795, 22.1992874146, 41.4927062988, 33.1010093689, 13.6904087067], [-17.3859634399, 2.39042282104, -38.0498771667, -20.6705551147, -24.4858074188, -13.1443147659, -3.33197116852, -8.69970035553, 4.15837240219, 12.2205877304, 33.1010093689, 52.8467063904, 36.6477622986], [113.307037354, 31.5363445282, -7.80925703049, -83.028793335, -27.7400226593, -27.3690547943, -14.0839519501, -4.68878889084, -33.4803009033, 1.70192229748, 13.6904087067, 36.6477622986, 69.5262145996]], "icov": [[0.00633687898517, -0.0112509662285, -0.00151500036009, -0.000211204198422, 0.00296775181778, -0.00493542710319, 0.00747217796743, -0.00187871127855, 0.00654496252537, 0.000710915250238, -0.00191750295926, 0.00519454060122, -0.00424428051338], [-0.0112509662285, 0.0314497090876, -0.0033952658996, 0.00770509475842, -0.007526029367, 0.017809169367, -0.0258352961391, 0.0092103164643, -0.0176058020443, 0.00111371662933, 0.00084369344404, -0.00887724757195, 0.00829389039427], [-0.00151500036009, -0.0033952658996, 0.0150928786024, -0.00511631183326, -0.00257758353837, -0.00213007279672, 0.0101049495861, -0.00951594486833, 0.00507501047105, 0.000134116387926, -0.00111676042434, 0.00771207036451, -0.0022719502449], [-0.000211204198422, 0.00770509475842, -0.00511631183326, 0.0191637631506, -0.0144464718178, 0.00684398552403, -0.00911447964609, 0.0150255234912, -0.0199096091092, 0.00509548420087, 0.000346185755916, -0.00524077564478, 0.0082393810153], [0.00296775181778, -0.007526029367, -0.00257758353837, -0.0144464718178, 0.0302897337824, -0.0190664120018, 0.00881910230964, -0.00461041368544, 0.0230848509818, -0.0117549486458, 0.00564608490095, 0.00327731575817, -0.00434421468526], [-0.00493542710319, 0.017809169367, -0.00213007279672, 0.00684398552403, -0.0190664120018, 0.0429204590619, -0.0289090555161, 0.0050793401897, -0.0147239416838, 0.014794790186, -0.0130003159866, 0.00117616157513, 0.00616145087406], [0.00747217796743, -0.0258352961391, 0.0101049495861, -0.00911447964609, 0.00881910230964, -0.0289090555161, 0.0576974898577, -0.026466306299, 0.0194159820676, -0.0111400820315, 0.0171983502805, -0.0076771392487, 0.00211575813591], [-0.00187871127855, 0.0092103164643, -0.00951594486833, 0.0150255234912, -0.00461041368544, 0.0050793401897, -0.026466306299, 0.0498871281743, -0.0290431063622, 0.00467391917482, -0.00910237058997, 0.0148919066414, -0.006235526409], [0.00654496252537, -0.0176058020443, 0.00507501047105, -0.0199096091092, 0.0230848509818, -0.0147239416838, 0.0194159820676, -0.0290431063622, 0.0635514035821, -0.0277345422655, 0.0163201298565, -0.0185454655439, 0.0173460766673], [0.000710915250238, 0.00111371662933, 0.000134116387926, 0.00509548420087, -0.0117549486458, 0.014794790186, -0.0111400820315, 0.00467391917482, -0.0277345422655, 0.0608451478183, -0.0448118373752, 0.0290211495012, -0.0176894683391], [-0.00191750295926, 0.00084369344404, -0.00111676042434, 0.000346185755916, 0.00564608490095, -0.0130003159866, 0.0171983502805, -0.00910237058997, 0.0163201298565, -0.0448118373752, 0.0928468555212, -0.0742098018527, 0.0328253246844], [0.00519454060122, -0.00887724757195, 0.00771207036451, -0.00524077564478, 0.00327731575817, 0.00117616157513, -0.0076771392487, 0.0148919066414, -0.0185454655439, 0.0290211495012, -0.0742098018527, 0.113589942455, -0.0635139197111], [-0.00424428051338, 0.00829389039427, -0.0022719502449, 0.0082393810153, -0.00434421468526, 0.00616145087406, 0.00211575813591, -0.006235526409, 0.0173460766673, -0.0176894683391, 0.0328253246844, -0.0635139197111, 0.0636235699058]]}, "melbands": {"dmean": [8.08887634776e-05, 0.000502874492668, 0.000978927826509, 0.00125083024614, 0.00158289726824, 0.000383466656785, 7.63030766393e-05, 2.46511208388e-05, 5.26231451659e-06, 2.3218149181e-06, 1.69755048773e-06, 1.09691734451e-06, 3.26955699848e-07, 1.57404727474e-07, 6.56872032323e-08, 4.40884981856e-08, 2.48397107327e-08, 1.9740030055e-08, 1.58393955729e-08, 1.29321584552e-08, 1.18062493115e-08, 1.09084767885e-08, 9.93399407179e-09, 9.46330569462e-09, 8.85988171717e-09, 9.15404196888e-09, 8.60952820148e-09, 8.15906542329e-09, 7.63533147818e-09, 7.00860924852e-09, 6.07759798044e-09, 5.14609332924e-09, 3.31365113126e-09, 2.30304819659e-09, 1.69779657e-09, 1.31159597072e-10, 1.19147374258e-11, 1.0488042726e-11, 9.36223147618e-12, 8.21987356653e-12], "dmean2": [0.000136791815748, 0.000761679722928, 0.00150187627878, 0.00199532276019, 0.00251841195859, 0.000615023716819, 0.000126116516185, 4.0395589167e-05, 8.579148016e-06, 3.88181342714e-06, 2.7125622637e-06, 1.80143217676e-06, 5.36977154297e-07, 2.66439087682e-07, 1.06869045169e-07, 7.26076478941e-08, 4.06860927171e-08, 3.3020828738e-08, 2.6563135691e-08, 2.19133493573e-08, 2.0059918171e-08, 1.87245650096e-08, 1.69649769788e-08, 1.62288635863e-08, 1.51079362354e-08, 1.57080979335e-08, 1.46013219293e-08, 1.40207792043e-08, 1.29705375329e-08, 1.20291252514e-08, 1.05101207737e-08, 8.86947937317e-09, 5.68768765419e-09, 3.93040844315e-09, 2.90076540566e-09, 2.30370778009e-10, 2.1787915222e-11, 1.91703701524e-11, 1.7117498391e-11, 1.50269865995e-11], "dvar": [2.30305605697e-08, 7.81378560077e-07, 2.00532349481e-06, 5.0278499657e-06, 1.4258786905e-05, 7.46081241232e-07, 2.04443750818e-08, 3.33847149925e-09, 2.45390818776e-10, 9.24340257114e-11, 1.1116491061e-10, 1.10070057235e-10, 9.18999772115e-12, 3.55086251201e-12, 2.91881400777e-13, 1.45041490211e-13, 2.00388733791e-14, 1.42046586692e-14, 3.27149111702e-15, 8.03686989091e-16, 8.75066667314e-16, 4.65428828528e-16, 1.40780250731e-16, 9.00984049085e-17, 7.02607675524e-17, 8.58831123593e-17, 6.28054283961e-17, 5.47493939877e-17, 4.77973214423e-17, 4.06911385313e-17, 3.41055533193e-17, 2.51560265374e-17, 7.93242880945e-18, 3.29192716826e-18, 1.83759558606e-18, 1.97143053989e-20, 4.66510528921e-22, 3.73967577434e-22, 4.26921929357e-22, 2.47507772208e-22], "dvar2": [5.91774842462e-08, 1.58670525252e-06, 4.51161122328e-06, 1.23835952763e-05, 3.20889012073e-05, 1.59380908826e-06, 5.24899377297e-08, 8.36432523244e-09, 5.78732173295e-10, 2.33979280395e-10, 2.32114494292e-10, 2.57902810219e-10, 2.35700504253e-11, 9.7135077759e-12, 6.21100772809e-13, 2.88480041721e-13, 3.81857834741e-14, 3.26007362111e-14, 7.09064705619e-15, 1.71114557274e-15, 2.16354957563e-15, 1.19924057579e-15, 3.43961656913e-16, 2.38146780662e-16, 1.91178234636e-16, 2.29475122045e-16, 1.72705332794e-16, 1.53901505768e-16, 1.32982306599e-16, 1.16304571975e-16, 9.91724372619e-17, 7.33840890488e-17, 2.30798180892e-17, 9.56998751477e-18, 5.31347076535e-18, 5.39112863968e-20, 1.41431264394e-21, 1.12128583045e-21, 1.24468780886e-21, 7.31497817958e-22], "max": [0.00670607201755, 0.0342276133597, 0.0373163409531, 0.0498426221311, 0.1465819031, 0.0402710773051, 0.00349482567981, 0.00257601682097, 0.000875156605616, 0.000397588824853, 0.00057031516917, 0.000490941572934, 0.000186615681741, 0.000105954321043, 2.68252260867e-05, 1.9608574803e-05, 8.37475545268e-06, 8.45321119414e-06, 3.35963636644e-06, 1.60417971529e-06, 2.00485987989e-06, 1.51435426687e-06, 5.16877094014e-07, 3.42940012388e-07, 2.39782679046e-07, 4.22816953005e-07, 1.82986241271e-07, 1.41819157307e-07, 1.21326607427e-07, 1.2672109051e-07, 1.13348121999e-07, 1.12014163278e-07, 4.27110684598e-08, 1.81107004948e-08, 1.203876554e-08, 2.20157181374e-09, 7.31027405276e-10, 6.55538345828e-10, 1.1318489479e-09, 5.75930192426e-10], "mean": [0.00014070776524, 0.000887589005288, 0.00185638573021, 0.00205776910298, 0.0023478071671, 0.000598836515564, 0.000117381605378, 3.63930266758e-05, 7.98335986474e-06, 3.19180526276e-06, 1.93628125089e-06, 1.1014425354e-06, 3.72295232864e-07, 1.67722745914e-07, 8.47674783699e-08, 5.6734485554e-08, 3.83022076278e-08, 3.24566400423e-08, 2.82778689353e-08, 2.47947511411e-08, 2.32660006816e-08, 2.25469829473e-08, 2.14586677316e-08, 2.05141628129e-08, 2.01889456264e-08, 1.99959515612e-08, 1.92547933153e-08, 1.84220958488e-08, 1.62553828176e-08, 1.48307321979e-08, 1.42675746773e-08, 1.1910974429e-08, 6.98822244516e-09, 5.42576295004e-09, 3.25692539604e-09, 1.29942917537e-10, 1.08439021651e-11, 9.81003906581e-12, 8.96421478713e-12, 7.96263055491e-12], "median": [9.62397025432e-05, 0.00037711270852, 0.00102396658622, 0.00110140815377, 0.00104290584568, 0.000280290289083, 5.67324095755e-05, 1.79417056643e-05, 4.00675389756e-06, 1.30500734485e-06, 5.24124004642e-07, 1.7541954378e-07, 8.21817565111e-08, 4.83282853736e-08, 3.19518989045e-08, 2.60154173759e-08, 2.36001334031e-08, 2.29038530364e-08, 2.16028599453e-08, 2.05646166762e-08, 1.97968468285e-08, 1.96441387601e-08, 1.87298105914e-08, 1.85110078377e-08, 1.83963138056e-08, 1.80801862371e-08, 1.77229004805e-08, 1.69968306096e-08, 1.52111976348e-08, 1.39569387159e-08, 1.3516050501e-08, 1.1332298655e-08, 6.68990907116e-09, 5.27368637648e-09, 3.12663228641e-09, 8.29195323515e-11, 4.493001457e-12, 4.2314780152e-12, 3.98881535441e-12, 3.58660583871e-12], "min": [1.19485164108e-23, 1.75331940804e-23, 4.43837323864e-24, 5.88180212959e-24, 8.85599628003e-24, 9.13915080221e-24, 1.81148622466e-23, 9.59061984257e-24, 1.01223318142e-23, 9.43469438491e-24, 3.54726452162e-24, 2.01087539385e-23, 1.67662003995e-23, 8.60852035887e-24, 6.03925639969e-24, 9.45172273641e-24, 1.74380748102e-23, 8.82119173689e-24, 9.10148821601e-24, 5.89894210491e-24, 7.58401092404e-24, 1.58081446073e-23, 1.49182085321e-23, 9.74060202218e-24, 7.71612777073e-24, 9.6076213728e-24, 6.13835034559e-24, 1.25907399067e-23, 8.89978437116e-24, 1.18244285904e-23, 1.39824680372e-23, 1.28538549953e-23, 8.54284216649e-24, 8.92937927688e-24, 1.02920686486e-23, 8.95960842677e-24, 1.54417344941e-23, 1.02381326508e-23, 9.59124777585e-24, 6.54584039049e-24], "var": [3.26969278319e-08, 2.57377246271e-06, 6.43520161248e-06, 9.10546259547e-06, 2.15750660573e-05, 1.4237779169e-06, 3.55260070251e-08, 4.65245308945e-09, 3.3973956981e-10, 1.1309263942e-10, 1.2870141064e-10, 9.94721596759e-11, 8.0153340562e-12, 2.50532884369e-12, 3.25851325089e-13, 1.6658126701e-13, 2.64179682904e-14, 1.36369458477e-14, 3.66776828161e-15, 1.01012617663e-15, 8.24667095222e-16, 4.42538318993e-16, 1.93327779263e-16, 1.28136986974e-16, 1.01187998482e-16, 1.16575688693e-16, 9.10339461813e-17, 7.6630726631e-17, 6.54833230588e-17, 5.11038303572e-17, 3.8426033464e-17, 2.74282949888e-17, 1.04328882677e-17, 4.93208963136e-18, 2.73077735328e-18, 2.05981527302e-20, 3.99903304514e-22, 3.20772402054e-22, 3.34883747875e-22, 2.09865929896e-22]}, "mfcc": {"mean": [-876.208312988, 199.401199341, 79.9065933228, 74.6151809692, 1.57449305058, -2.38274621964, -16.2252845764, -16.589258194, -9.75684452057, -14.5912857056, -6.6331410408, -10.9534959793, -4.34600496292], "cov": [[637.049865723, 525.640380859, -4.20792722702, -161.075271606, -205.449569702, -133.592086792, -14.4471311569, -19.1440544128, -9.54151821136, -45.3946304321, -63.7247428894, -37.3998985291, -21.9081363678], [525.640380859, 475.837677002, 21.959438324, -144.743331909, -172.384796143, -127.063423157, -13.3970870972, -12.2460508347, -2.07976937294, -28.9343471527, -47.9419746399, -25.0597381592, -16.7902755737], [-4.20792722702, 21.959438324, 66.1903533936, 41.9021873474, 11.1686115265, 2.98976325989, -12.167011261, 5.16765546799, 8.04210472107, 13.2260036469, 14.7580432892, 5.80895042419, 5.71246576309], [-161.075271606, -144.743331909, 41.9021873474, 134.452270508, 114.708511353, 68.2239837646, 11.2162284851, 0.956521987915, 1.9874433279, 12.5906667709, 18.500541687, 8.03471946716, -0.0412847064435], [-205.449569702, -172.384796143, 11.1686115265, 114.708511353, 156.580352783, 98.019241333, 27.5272521973, 9.71760177612, -4.68753767014, 9.3446969986, 14.2274236679, 5.07810735703, -2.7967171669], [-133.592086792, -127.063423157, 2.98976325989, 68.2239837646, 98.019241333, 100.848457336, 39.1815719604, 12.4092693329, 1.11343061924, 1.3602451086, 9.15411281586, 2.01210308075, -2.43079948425], [-14.4471311569, -13.3970870972, -12.167011261, 11.2162284851, 27.5272521973, 39.1815719604, 55.5171775818, 19.6321964264, 4.5300283432, -0.277014046907, -6.10375022888, -0.971304893494, -7.15439033508], [-19.1440544128, -12.2460508347, 5.16765546799, 0.956521987915, 9.71760177612, 12.4092693329, 19.6321964264, 40.393447876, 18.4205093384, 9.96408748627, 9.55051898956, -1.13584125042, 0.684965491295], [-9.54151821136, -2.07976937294, 8.04210472107, 1.9874433279, -4.68753767014, 1.11343061924, 4.5300283432, 18.4205093384, 38.7627716064, 22.531047821, 11.754776001, 8.04503631592, -3.0229985714], [-45.3946304321, -28.9343471527, 13.2260036469, 12.5906667709, 9.3446969986, 1.3602451086, -0.277014046907, 9.96408748627, 22.531047821, 44.5753860474, 28.653924942, 12.0897893906, 6.96758556366], [-63.7247428894, -47.9419746399, 14.7580432892, 18.500541687, 14.2274236679, 9.15411281586, -6.10375022888, 9.55051898956, 11.754776001, 28.653924942, 48.381149292, 25.3442020416, 11.6289367676], [-37.3998985291, -25.0597381592, 5.80895042419, 8.03471946716, 5.07810735703, 2.01210308075, -0.971304893494, -1.13584125042, 8.04503631592, 12.0897893906, 25.3442020416, 41.7761650085, 22.2801113129], [-21.9081363678, -16.7902755737, 5.71246576309, -0.0412847064435, -2.7967171669, -2.43079948425, -7.15439033508, 0.684965491295, -3.0229985714, 6.96758556366, 11.6289367676, 22.2801113129, 39.9293823242]], "icov": [[11.0925636292, -15.4724712372, 14.8449325562, -13.8270397186, 12.5485973358, -10.9999303818, 9.34381484985, -7.62974977493, 5.98570346832, -4.38126277924, 3.06674313545, -1.94998764992, 0.868898153305], [-15.4724712372, 21.5887489319, -20.7175006866, 19.2959823608, -17.5062389374, 15.3513536453, -13.0420379639, 10.6488323212, -8.35326766968, 6.11656999588, -4.27790975571, 2.72306847572, -1.21177792549], [14.8449325562, -20.7175006866, 19.9118614197, -18.5377197266, 16.8115005493, -14.7379522324, 12.5288066864, -10.2326431274, 8.02233982086, -5.87911844254, 4.10820579529, -2.61827492714, 1.16391193867], [-13.8270397186, 19.2959823608, -18.5377197266, 17.2827148438, -15.6730070114, 13.727440834, -11.6660709381, 9.53501415253, -7.47858381271, 5.47688961029, -3.83234643936, 2.44167137146, -1.08672690392], [12.5485973358, -17.5062389374, 16.8115005493, -15.6730070114, 14.2386035919, -12.4736385345, 10.5883378983, -8.65361976624, 6.79517316818, -4.97713708878, 3.48491382599, -2.22194671631, 0.993764400482], [-10.9999303818, 15.3513536453, -14.7379522324, 13.727440834, -12.4736385345, 10.9591140747, -9.30148506165, 7.58874034882, -5.95847845078, 4.3710064888, -3.06202030182, 1.95454001427, -0.873422086239], [9.34381484985, -13.0420379639, 12.5288066864, -11.6660709381, 10.5883378983, -9.30148506165, 7.92857551575, -6.46622657776, 5.06694316864, -3.7173614502, 2.6115527153, -1.67116332054, 0.749134421349], [-7.62974977493, 10.6488323212, -10.2326431274, 9.53501415253, -8.65361976624, 7.58874034882, -6.46622657776, 5.3162984848, -4.16082143784, 3.04249501228, -2.14209794998, 1.37742269039, -0.619186043739], [5.98570346832, -8.35326766968, 8.02233982086, -7.47858381271, 6.79517316818, -5.95847845078, 5.06694316864, -4.16082143784, 3.30287909508, -2.410602808, 1.68543708324, -1.08917927742, 0.49624979496], [-4.38126277924, 6.11656999588, -5.87911844254, 5.47688961029, -4.97713708878, 4.3710064888, -3.7173614502, 3.04249501228, -2.410602808, 1.80124819279, -1.25701200962, 0.801122665405, -0.36361899972], [3.06674313545, -4.27790975571, 4.10820579529, -3.83234643936, 3.48491382599, -3.06202030182, 2.6115527153, -2.14209794998, 1.68543708324, -1.25701200962, 0.91944038868, -0.586069345474, 0.260625690222], [-1.94998764992, 2.72306847572, -2.61827492714, 2.44167137146, -2.22194671631, 1.95454001427, -1.67116332054, 1.37742269039, -1.08917927742, 0.801122665405, -0.586069345474, 0.416121512651, -0.191211804748], [0.868898153305, -1.21177792549, 1.16391193867, -1.08672690392, 0.993764400482, -0.873422086239, 0.749134421349, -0.619186043739, 0.49624979496, -0.36361899972, 0.260625690222, -0.191211804748, 0.117687702179]]}, "spectral_contrast_coeffs": {"dmean": [0.0553633719683, 0.055542010814, 0.0337471999228, 0.0179784875363, 0.0209884922951, 0.0566499233246], "dmean2": [0.0903079807758, 0.0917609259486, 0.0573376864195, 0.0308585930616, 0.035843718797, 0.101554475725], "dvar": [0.00184982875362, 0.00183651677798, 0.000660814286675, 0.000197330489755, 0.000256991828792, 0.00178807065822], "dvar2": [0.00514526525512, 0.00503395544365, 0.00189739675261, 0.000587340560742, 0.000733062275685, 0.00549898203462], "max": [-0.241529792547, -0.342588216066, -0.655319333076, -0.752091169357, -0.747848749161, -0.539347648621], "mean": [-0.512690544128, -0.650226891041, -0.830022215843, -0.886841118336, -0.862034440041, -0.683509588242], "median": [-0.511771202087, -0.653564453125, -0.830174028873, -0.888163626194, -0.863586783409, -0.683969020844], "min": [-0.95134729147, -0.968605816364, -0.947281420231, -0.96886575222, -0.960955679417, -0.961008906364], "var": [0.00682264659554, 0.00538366055116, 0.00168242922518, 0.000293788762065, 0.000392709829612, 0.00299825030379]}, "spectral_contrast_valleys": {"dmean": [0.387529194355, 0.344436407089, 0.324500411749, 0.238522589207, 0.239487200975, 0.913334786892], "dmean2": [0.652835428715, 0.569043397903, 0.538647115231, 0.401398748159, 0.402242720127, 1.64098978043], "dvar": [0.0994289368391, 0.0800568908453, 0.0874044969678, 0.0474599190056, 0.0458568222821, 0.467868387699], "dvar2": [0.267194479704, 0.202058359981, 0.201080992818, 0.108197212219, 0.107886858284, 1.42556619644], "max": [-5.68313932419, -4.75555801392,