{"lowlevel": {"average_loudness": 0.952095150948, "barkbands_crest": {"dmean": 2.65542936325, "dmean2": 4.38994216919, "dvar": 7.34389686584, "dvar2": 19.8350467682, "max": 26.5676364899, "mean": 10.8212099075, "median": 10.0109424591, "min": 2.4842467308, "var": 17.7909259796}, "barkbands_flatness_db": {"dmean": 0.027322486043, "dmean2": 0.0391684882343, "dvar": 0.000733275781386, "dvar2": 0.00148658594117, "max": 0.52101713419, "mean": 0.146160259843, "median": 0.134900391102, "min": 0.0280608646572, "var": 0.00442490773275}, "barkbands_kurtosis": {"dmean": 6.46715068817, "dmean2": 9.67162132263, "dvar": 254.758102417, "dvar2": 543.305480957, "max": 569.088928223, "mean": 11.8493804932, "median": 3.58623361588, "min": -1.81642436981, "var": 802.479187012}, "barkbands_skewness": {"dmean": 0.729243397713, "dmean2": 1.09015154839, "dvar": 0.758903264999, "dvar2": 1.67640924454, "max": 20.4632148743, "mean": 2.24226856232, "median": 1.83154273033, "min": -2.93480443954, "var": 3.2221634388}, "barkbands_spread": {"dmean": 5.59402751923, "dmean2": 8.36519241333, "dvar": 50.432472229, "dvar2": 108.729896545, "max": 113.407699585, "mean": 19.6961307526, "median": 17.6165847778, "min": 0.143661394715, "var": 170.045333862}, "dissonance": {"dmean": 0.0209719147533, "dmean2": 0.0342496074736, "dvar": 0.000439981056843, "dvar2": 0.00109315686859, "max": 0.499999970198, "mean": 0.457217752934, "median": 0.465651273727, "min": 0.237258315086, "var": 0.00109302520286}, "dynamic_complexity": 3.53990244865, "erbbands_crest": {"dmean": 3.12671017647, "dmean2": 4.67118310928, "dvar": 9.08866119385, "dvar2": 19.2070465088, "max": 34.2481765747, "mean": 11.2318754196, "median": 9.61742305756, "min": 2.4496216774, "var": 37.500289917}, "erbbands_flatness_db": {"dmean": 0.0233500264585, "dmean2": 0.0296607818455, "dvar": 0.000548197131138, "dvar2": 0.000902481668163, "max": 0.452080756426, "mean": 0.14054402709, "median": 0.130840271711, "min": 0.0379255227745, "var": 0.00319932890125}, "erbbands_kurtosis": {"dmean": 1.57152843475, "dmean2": 2.34528446198, "dvar": 15.7105512619, "dvar2": 31.2816562653, "max": 181.74597168, "mean": 1.97338724136, "median": 0.117819309235, "min": -1.79819345474, "var": 102.293075562}, "erbbands_skewness": {"dmean": 0.409641236067, "dmean2": 0.593182861805, "dvar": 0.230378866196, "dvar2": 0.468325853348, "max": 10.6782245636, "mean": 0.612591862679, "median": 0.475980997086, "min": -3.96911501884, "var": 1.26001381874}, "erbbands_spread": {"dmean": 10.7179346085, "dmean2": 15.2360305786, "dvar": 142.209228516, "dvar2": 289.178344727, "max": 145.71812439, "mean": 42.4174766541, "median": 38.8417205811, "min": 0.890930593014, "var": 511.209411621}, "hfc": {"dmean": 8.04900169373, "dmean2": 11.179725647, "dvar": 155.202896118, "dvar2": 338.438812256, "max": 154.581497192, "mean": 20.896112442, "median": 16.4674777985, "min": 1.18155683072e-16, "var": 351.954772949}, "melbands_crest": {"dmean": 3.27343130112, "dmean2": 5.23619890213, "dvar": 9.2515001297, "dvar2": 23.847032547, "max": 35.090221405, "mean": 15.6577978134, "median": 14.8684339523, "min": 1.98229408264, "var": 30.0725688934}, "melbands_flatness_db": {"dmean": 0.0329446159303, "dmean2": 0.0474952049553, "dvar": 0.00111775367986, "dvar2": 0.00228720530868, "max": 0.620480656624, "mean": 0.232256904244, "median": 0.222031638026, "min": 0.00560432765633, "var": 0.00688054692}, "melbands_kurtosis": {"dmean": 14.8020009995, "dmean2": 22.7259902954, "dvar": 910.8984375, "dvar2": 1958.80175781, "max": 710.440063477, "mean": 28.3866214752, "median": 11.1994590759, "min": -1.76506412029, "var": 2947.85253906}, "melbands_skewness": {"dmean": 1.02223348618, "dmean2": 1.55404829979, "dvar": 1.61151993275, "dvar2": 3.65448665619, "max": 21.1197814941, "mean": 3.36407566071, "median": 2.78729319572, "min": -2.91683077812, "var": 5.75560998917}, "melbands_spread": {"dmean": 5.8834643364, "dmean2": 9.04605484009, "dvar": 79.6946868896, "dvar2": 185.554946899, "max": 168.951324463, "mean": 17.5680713654, "median": 14.9098348618, "min": 0.336542129517, "var": 193.223907471}, "pitch_salience": {"dmean": 0.0761461183429, "dmean2": 0.122017033398, "dvar": 0.00549104856327, "dvar2": 0.0135423848405, "max": 0.94165289402, "mean": 0.493020653725, "median": 0.492015898228, "min": 0.0941677168012, "var": 0.0147492839023}, "silence_rate_20dB": {"dmean": 0, "dmean2": 0, "dvar": 0, "dvar2": 0, "max": 1, "mean": 1, "median": 1, "min": 1, "var": 0}, "silence_rate_30dB": {"dmean": 0.0325909815729, "dmean2": 0.0651908218861, "dvar": 0.0315301530063, "dvar2": 0.0875624269247, "max": 1, "mean": 0.98071962595, "median": 1, "min": 0, "var": 0.0189084857702}, "silence_rate_60dB": {"dmean": 0.0334057584405, "dmean2": 0.0668205916882, "dvar": 0.0322880856693, "dvar2": 0.0685973763466, "max": 1, "mean": 0.0761710777879, "median": 0, "min": 0, "var": 0.0703653842211}, "spectral_centroid": {"dmean": 248.51625061, "dmean2": 371.454376221, "dvar": 107022.960938, "dvar2": 224129.25, "max": 11167.8574219, "mean": 1081.19641113, "median": 985.037780762, "min": 122.05771637, "var": 354350.625}, "spectral_complexity": {"dmean": 4.17055940628, "dmean2": 6.02145862579, "dvar": 27.4675540924, "dvar2": 56.0069770813, "max": 56, "mean": 15.6615066528, "median": 15, "min": 0, "var": 94.0030822754}, "spectral_decrease": {"dmean": 4.30715196842e-09, "dmean2": 6.93187240941e-09, "dvar": 5.46435810438e-17, "dvar2": 1.42433354641e-16, "max": 2.77402437196e-19, "mean": -9.00317775887e-09, "median": -7.29128712962e-09, "min": -5.81866110849e-08, "var": 6.29632478395e-17}, "spectral_energy": {"dmean": 0.0168636664748, "dmean2": 0.0269656442106, "dvar": 0.000812833663076, "dvar2": 0.00210965331644, "max": 0.223515167832, "mean": 0.0358755104244, "median": 0.0289918072522, "min": 1.09897891402e-20, "var": 0.000963419268373}, "spectral_energyband_high": {"dmean": 0.000505529867951, "dmean2": 0.00073187664384, "dvar": 9.2996077683e-07, "dvar2": 2.10691814573e-06, "max": 0.0123942168429, "mean": 0.00090790935792, "median": 0.000446294841822, "min": 7.60281734278e-21, "var": 1.61864420534e-06}, "spectral_energyband_low": {"dmean": 0.0114910760894, "dmean2": 0.0199218261987, "dvar": 0.000665262457915, "dvar2": 0.00180677173194, "max": 0.198347643018, "mean": 0.016333937645, "median": 0.0105550717562, "min": 6.024081398e-23, "var": 0.000559744948987}, "spectral_energyband_middle_high": {"dmean": 0.0020215776749, "dmean2": 0.00282056047581, "dvar": 8.29580403661e-06, "dvar2": 1.71972133103e-05, "max": 0.0432877987623, "mean": 0.00558046577498, "median": 0.00355937774293, "min": 2.04081249481e-21, "var": 3.7826692278e-05}, "spectral_energyband_middle_low": {"dmean": 0.00648833857849, "dmean2": 0.0096652796492, "dvar": 9.6028423286e-05, "dvar2": 0.000211522943573, "max": 0.129835858941, "mean": 0.0146493576467, "median": 0.0108126690611, "min": 3.32400110822e-22, "var": 0.000205053336686}, "spectral_entropy": {"dmean": 0.235014081001, "dmean2": 0.309350848198, "dvar": 0.0646391585469, "dvar2": 0.110975690186, "max": 9.80994224548, "mean": 7.43978738785, "median": 7.54311752319, "min": 3.78304028511, "var": 0.344476431608}, "spectral_flux": {"dmean": 0.0397577174008, "dmean2": 0.0602200515568, "dvar": 0.00294016930275, "dvar2": 0.00562149798498, "max": 0.410756528378, "mean": 0.0891413167119, "median": 0.0666916519403, "min": 1.04832198478e-10, "var": 0.00491833686829}, "spectral_kurtosis": {"dmean": 1.59768772125, "dmean2": 2.41920351982, "dvar": 6.53398752213, "dvar2": 16.2181529999, "max": 62.1852416992, "mean": 5.01371335983, "median": 3.89748048782, "min": -1.22511017323, "var": 18.349779129}, "spectral_rms": {"dmean": 0.00122297834605, "dmean2": 0.00183335982729, "dvar": 2.91813421427e-06, "dvar2": 7.03088744558e-06, "max": 0.0147669762373, "mean": 0.00536903645843, "median": 0.00531833525747, "min": 3.27440765474e-12, "var": 6.17386740487e-06}, "spectral_rolloff": {"dmean": 436.743530273, "dmean2": 735.87890625, "dvar": 815387.25, "dvar2": 1857837.5, "max": 18776.953125, "mean": 1129.73254395, "median": 882.861328125, "min": 64.599609375, "var": 2152632.25}, "spectral_skewness": {"dmean": 0.239969432354, "dmean2": 0.346342951059, "dvar": 0.0819226279855, "dvar2": 0.17066642642, "max": 6.52547359467, "mean": 1.70598614216, "median": 1.5998737812, "min": 0.0043244776316, "var": 0.318962097168}, "spectral_spread": {"dmean": 706800.4375, "dmean2": 901129.1875, "dvar": 612116987904, "dvar2": 942480293888, "max": 41204396, "mean": 5532456, "median": 5462763.5, "min": 1213694.875, "var": 2968818548740.0}, "spectral_strongpeak": {"dmean": 0.477680265903, "dmean2": 0.810561180115, "dvar": 0.848184108734, "dvar2": 1.94009840488, "max": 10.5076684952, "mean": 0.940383732319, "median": 0.511998772621, "min": 0, "var": 1.58902561665}, "zerocrossingrate": {"dmean": 0.0112378289923, "dmean2": 0.0129054663703, "dvar": 0.000158750379342, "dvar2": 0.000195449756575, "max": 0.50927734375, "mean": 0.0571651719511, "median": 0.05029296875, "min": 0.00390625, "var": 0.00144831556827}, "barkbands": {"dmean": [0.00017731191474, 0.00827173702419, 0.00331143126823, 0.00221384665929, 0.00297694280744, 0.00208388990723, 0.000763637886848, 0.000286300142761, 0.000285218586214, 0.000528011703864, 0.000504793133587, 0.000806548981927, 0.000249588134466, 0.000226131785894, 0.000289762305329, 0.000141854921822, 0.000145528101712, 0.000100995581306, 0.000157260496053, 0.000111155233753, 0.000118736999866, 0.000110563458293, 9.0257213742e-05, 4.63611431769e-05, 5.98212172918e-05, 8.06723110145e-05, 2.13449420698e-05], "dmean2": [0.00028618160286, 0.0144642358646, 0.00598354684189, 0.00382609688677, 0.00471910275519, 0.00301499990746, 0.00116551155224, 0.000414210779127, 0.000438195624156, 0.000766565965023, 0.000711028056685, 0.00113300373778, 0.000360430101864, 0.000345792825101, 0.00043431375525, 0.000226585078053, 0.000232629536185, 0.00015625161177, 0.000243487695116, 0.000176662622835, 0.000183357813512, 0.000173208129127, 0.000142757446156, 6.9180954597e-05, 8.42153312988e-05, 0.00011957022798, 3.0074008464e-05], "dvar": [9.24478982256e-08, 0.000383664184483, 6.05534878559e-05, 2.32011880144e-05, 2.41600137088e-05, 1.00535507954e-05, 3.3503611121e-06, 5.10607833348e-07, 5.69697135688e-07, 1.38730695198e-06, 1.60582692388e-06, 3.1502170259e-06, 5.17380726706e-07, 5.51629682377e-07, 4.43090158342e-07, 8.07668953939e-08, 8.77800232502e-08, 4.05181488361e-08, 1.04040481119e-07, 4.10764968706e-08, 4.56882709443e-08, 4.46878445359e-08, 4.51618440422e-08, 7.13708026012e-09, 1.7088044757e-08, 9.01004000298e-08, 1.97991312234e-09], "dvar2": [2.4230365625e-07, 0.00105291604996, 0.000172777698026, 6.05235654803e-05, 5.73336146772e-05, 2.19859575736e-05, 7.90832837083e-06, 1.07682467387e-06, 1.1791913721e-06, 3.17537796946e-06, 3.02579633171e-06, 6.13299744145e-06, 9.9799126474e-07, 1.30033970436e-06, 8.99490771644e-07, 1.92909908492e-07, 2.23826347678e-07, 9.5955563495e-08, 2.30961205716e-07, 9.95408271365e-08, 1.110266723e-07, 1.0965981545e-07, 1.13053737039e-07, 1.65453926115e-08, 3.87428897852e-08, 2.08016857073e-07, 4.3566932284e-09], "max": [0.00295148743317, 0.141419306397, 0.070621445775, 0.0514438450336, 0.0856856778264, 0.069507881999, 0.0452545247972, 0.0219860821962, 0.0309340581298, 0.0303555056453, 0.028905864805, 0.0377023331821, 0.0214356519282, 0.0180577840656, 0.0289970878512, 0.00467974692583, 0.00682300608605, 0.00557798566297, 0.00692060915753, 0.00492758117616, 0.00507970759645, 0.00331984297372, 0.00361428363249, 0.00158455607016, 0.00202073343098, 0.00501270871609, 0.000837747124024], "mean": [0.000211126243812, 0.0100590251386, 0.00467825168744, 0.00253064185381, 0.0048758611083, 0.00461944425479, 0.00116295216139, 0.000559917651117, 0.000471365085104, 0.00102194328792, 0.000846793525852, 0.00163612666074, 0.000408191524912, 0.000344554631738, 0.000580375955906, 0.000228318240261, 0.000221303213038, 0.000156617112225, 0.000265913578914, 0.000192325474927, 0.000216436732444, 0.000158189097419, 0.000123815538245, 8.14235463622e-05, 9.64128485066e-05, 9.71461704466e-05, 3.10426366923e-05], "median": [3.73521361325e-05, 0.00465909997001, 0.00240350933746, 0.000696829752997, 0.00283040804788, 0.00282768695615, 0.000386079336749, 0.000197692570509, 0.000145367273944, 0.000372976646759, 0.000216760672629, 0.000296966871247, 6.68642605888e-05, 0.000118211297377, 0.000138569594128, 7.33808046789e-05, 7.48223246774e-05, 5.93976037635e-05, 0.000112771718705, 9.44609273574e-05, 0.000101688674476, 6.1178827309e-05, 3.55219344783e-05, 2.85778060061e-05, 3.59605073754e-05, 2.85355235974e-05, 1.21679404401e-05], "min": [1.97415971684e-24, 5.06586783365e-23, 3.38247226738e-24, 2.75576093237e-23, 7.82481166199e-23, 6.80742343233e-23, 2.69158331119e-23, 8.55471752078e-23, 3.67576554546e-23, 3.84334389864e-23, 7.74724644017e-23, 2.01995597173e-22, 1.78767164989e-22, 3.0277680611e-22, 1.26685419445e-22, 1.45784675972e-22, 1.85887448764e-22, 2.96948979421e-22, 2.96385896818e-22, 3.62643901969e-22, 5.38092903421e-22, 3.71930776442e-22, 5.90932094274e-22, 6.25989224363e-22, 1.33515988057e-21, 1.7881877795e-21, 2.36863794445e-21], "var": [1.30474163029e-07, 0.000312522810418, 4.81606221001e-05, 2.51100555033e-05, 3.88288863178e-05, 3.39873949997e-05, 5.60901298741e-06, 1.39037160807e-06, 1.52524353325e-06, 3.78707227355e-06, 5.18924480275e-06, 1.40833772093e-05, 1.37706706482e-06, 7.760767744e-07, 2.32988804783e-06, 1.86202072427e-07, 1.7496780913e-07, 8.08724038848e-08, 2.2179246173e-07, 7.76198092467e-08, 9.94542403987e-08, 6.1419910935e-08, 5.61065185423e-08, 1.55909223309e-08, 2.6322442892e-08, 9.43070475046e-08, 2.81102652266e-09]}, "erbbands": {"dmean": [0.196927785873, 2.02296996117, 3.90212273598, 5.67899513245, 7.10554790497, 10.2241744995, 21.2642326355, 14.6280574799, 13.518324852, 8.03884792328, 6.13261508942, 6.41853904724, 13.8272361755, 16.6338920593, 21.9471054077, 36.853012085, 13.3765115738, 11.9360923767, 12.5680065155, 12.7389526367, 8.1170759201, 6.64502000809, 5.43815517426, 7.46082687378, 7.51528930664, 5.04497480392, 5.96233224869, 3.68878626823, 4.030772686, 2.83019661903, 2.91987538338, 1.28610682487, 0.691622555256, 0.538087069988, 0.55460268259, 0.530063450336, 0.0847011581063, 0.0209034234285, 0.0032996723894, 0.000288430252112], "dmean2": [0.325525701046, 3.59773945808, 6.96818161011, 10.0134048462, 11.7537937164, 16.4317913055, 32.0409927368, 21.9949321747, 19.9864635468, 12.3744125366, 8.88262367249, 9.83443641663, 20.2114429474, 24.6504936218, 29.885931015, 51.2327461243, 18.5734806061, 18.0897083282, 19.4156360626, 19.0158805847, 12.8433294296, 10.5254621506, 8.38957977295, 11.5428333282, 11.6151447296, 7.94536018372, 9.41464424133, 5.67656326294, 6.29847383499, 4.46165800095, 4.6913228035, 1.9536806345, 1.03596627712, 0.779753267765, 0.798459589481, 0.801629841328, 0.122350811958, 0.0298155974597, 0.00465220864862, 0.000413611996919], "dvar": [0.196143597364, 23.8215522766, 83.2773208618, 139.02911377, 276.013183594, 301.773742676, 1294.28588867, 636.067504883, 800.104003906, 685.536987305, 162.499343872, 341.912200928, 1184.25939941, 1423.00756836, 2503.03320312, 6876.48876953, 1203.01184082, 1558.29382324, 1060.30895996, 981.04083252, 273.791687012, 180.246368408, 106.116622925, 222.155136108, 250.178268433, 82.4564743042, 116.379333496, 46.757850647, 57.8332443237, 32.0694160461, 53.8644294739, 7.56603240967, 1.37412619591, 1.06481778622, 1.87274217606, 4.6905040741, 0.0583775751293, 0.00192645273637, 4.66116398457e-05, 3.96670202463e-07], "dvar2": [0.51546895504, 66.4326324463, 235.836135864, 381.509033203, 680.084350586, 750.883666992, 3000.4296875, 1475.14477539, 1685.60217285, 1504.95825195, 351.048614502, 726.137390137, 2656.99194336, 3335.62768555, 4003.79931641, 13355.3310547, 2153.98022461, 3740.48022461, 2304.38012695, 1777.00891113, 659.196533203, 455.428710938, 258.513061523, 515.719604492, 531.465209961, 204.639389038, 292.311096191, 112.21471405, 141.900970459, 79.6994934082, 137.929840088, 18.0535774231, 3.07431077957, 2.38951206207, 4.28874731064, 10.7925777435, 0.13570535183, 0.00429160799831, 0.000103101752757, 9.03575710254e-07], "max": [3.76993608475, 34.4897422791, 71.9542617798, 113.947937012, 245.958099365, 381.137329102, 571.29864502, 469.757415771, 704.875061035, 770.639160156, 371.786560059, 877.515625, 911.924804688, 735.944885254, 1415.08557129, 1894.40246582, 1070.04882812, 910.694091797, 1266.84936523, 937.802978516, 306.954345703, 288.042236328, 204.51940918, 341.55859375, 436.55859375, 160.742401123, 262.241638184, 186.448532104, 139.687667847, 84.885887146, 89.0649185181, 44.1783561707, 22.402513504, 15.2941417694, 21.431098938, 35.3218269348, 4.30889797211, 0.607349812984, 0.1314381212, 0.0120008997619], "mean": [0.236502766609, 2.41635608673, 5.79031276703, 7.20608377457, 8.68671894073, 16.8737030029, 40.3427886963, 29.7084445953, 24.6527938843, 11.0930280685, 12.8020715714, 11.2691020966, 26.8266506195, 29.3183631897, 43.7883415222, 76.0925216675, 25.3560371399, 19.5245876312, 20.7890968323, 28.6877346039, 13.423869133, 10.1689844131, 8.98104095459, 12.4874668121, 12.6175012589, 9.02927684784, 10.8370399475, 6.41709899902, 5.82692432404, 4.01113843918, 3.82050514221, 1.9839001894, 1.25402343273, 0.937292873859, 0.81053686142, 0.588810741901, 0.119228601456, 0.0300398748368, 0.00492995372042, 0.000412678113207], "median": [0.0724064558744, 1.1196013689, 2.9829287529, 3.28016781807, 3.30656814575, 8.77962589264, 19.6693687439, 16.8152389526, 9.5597486496, 3.2621281147, 5.1274189949, 4.59381771088, 9.50955104828, 11.9933824539, 16.1870288849, 15.6292943954, 5.64722776413, 7.60325860977, 6.07479476929, 7.02120065689, 4.83586454391, 3.9893488884, 3.79537200928, 5.13299274445, 5.54091596603, 4.75030040741, 5.05122375488, 3.21383523941, 2.3312394619, 1.41382169724, 1.03059768677, 0.63114708662, 0.466113954782, 0.3607018888, 0.279545009136, 0.139371678233, 0.0442395992577, 0.0119004715234, 0.00203780876473, 0.000179829396075], "min": [2.34870927325e-21, 7.95807364441e-21, 3.79966868405e-21, 3.92195732097e-20, 1.97507646769e-19, 2.38055213215e-19, 4.29485227982e-19, 7.10829697784e-19, 3.99998358794e-19, 1.01238159542e-18, 1.61104043226e-18, 7.80333393657e-19, 8.81544680169e-19, 2.70218254669e-18, 3.19044286045e-18, 9.56062383024e-18, 8.16418661911e-18, 1.23795585777e-17, 1.18267231686e-17, 4.89425439014e-18, 1.09360283199e-17, 1.00320084187e-17, 1.65922074577e-17, 1.27711425709e-17, 1.86908771683e-17, 1.7434083761e-17, 2.17036062712e-17, 1.9704866596e-17, 1.51267048013e-17, 1.63452675751e-17, 1.60243148799e-17, 1.32640206205e-17, 1.14299403452e-17, 1.52869396121e-17, 9.13609571472e-18, 5.12052716516e-18, 3.6159125143e-18, 1.31734116698e-18, 3.36663905176e-19, 3.60211145814e-20], "var": [0.191475600004, 18.2228069305, 68.9573898315, 133.046569824, 291.155151367, 611.415710449, 3201.72631836, 1753.1060791, 2089.11523438, 1169.1640625, 518.709838867, 795.531921387, 3502.25073242, 2997.45678711, 10743.5537109, 32249.1171875, 3726.80126953, 2190.99047852, 3550.31713867, 6356.37402344, 528.186889648, 311.715057373, 206.754211426, 474.114929199, 567.94354248, 150.46321106, 260.751312256, 75.9875183105, 81.1003723145, 42.6806221008, 60.8537559509, 12.2933149338, 3.26023888588, 2.04911637306, 2.50287652016, 4.74633598328, 0.0684213191271, 0.00290788710117, 6.75104165566e-05, 4.75051137983e-07]}, "gfcc": {"mean": [-2.97771716118, 76.7287368774, -87.3806915283, 21.7998714447, -48.122844696, 7.80065441132, -29.2749900818, -3.73113489151, -32.5262069702, 2.41383743286, -12.5309495926, 8.80530071259, -2.69586420059], "cov": [[14106.6269531, -280.797058105, -125.531265259, 137.132751465, -149.609710693, 515.64630127, -89.2404403687, 264.887359619, 32.1109161377, 207.352233887, -136.281143188, -57.0813217163, -343.165649414], [-280.797058105, 1322.25817871, -60.1369743347, 62.1575088501, 221.283050537, -56.0866508484, 168.986587524, 8.60122966766, 50.8285255432, -10.1159944534, 91.2148895264, -32.2165603638, 55.0791778564], [-125.531265259, -60.1369743347, 1114.1361084, 330.543212891, 243.990447998, 310.052703857, 130.480957031, 163.541351318, 127.052093506, -11.2321100235, -37.9253234863, 5.23463010788, -56.1932258606], [137.132751465, 62.1575088501, 330.543212891, 426.09286499, 178.361053467, 142.421600342, 112.821121216, 74.6910324097, 56.9442939758, -20.9554080963, -17.2354049683, -37.9476585388, -33.1358261108], [-149.609710693, 221.283050537, 243.990447998, 178.361053467, 424.695098877, 202.738693237, 148.790893555, 86.3300628662, 63.646030426, 24.9296569824, 47.0112686157, 0.86603718996, -23.0318107605], [515.64630127, -56.0866508484, 310.052703857, 142.421600342, 202.738693237, 355.562774658, 142.302124023, 110.445213318, 42.7929344177, 25.7897930145, -0.708542764187, 26.8537940979, -42.3300094604], [-89.2404403687, 168.986587524, 130.480957031, 112.821121216, 148.790893555, 142.302124023, 219.879623413, 96.9714050293, 19.6016616821, 3.41030335426, 40.6126861572, 15.320151329, 7.38180351257], [264.887359619, 8.60122966766, 163.541351318, 74.6910324097, 86.3300628662, 110.445213318, 96.9714050293, 151.236816406, 75.6876602173, 17.8984260559, -7.26980400085, 8.64835166931, -14.487206459], [32.1109161377, 50.8285255432, 127.052093506, 56.9442939758, 63.646030426, 42.7929344177, 19.6016616821, 75.6876602173, 139.481948853, 56.4712638855, -10.9316730499, -19.9401721954, -7.13214635849], [207.352233887, -10.1159944534, -11.2321100235, -20.9554080963, 24.9296569824, 25.7897930145, 3.41030335426, 17.8984260559, 56.4712638855, 131.842300415, 44.0467224121, 1.33105015755, -6.60032653809], [-136.281143188, 91.2148895264, -37.9253234863, -17.2354049683, 47.0112686157, -0.708542764187, 40.6126861572, -7.26980400085, -10.9316730499, 44.0467224121, 122.546226501, 49.1920013428, 12.7407312393], [-57.0813217163, -32.2165603638, 5.23463010788, -37.9476585388, 0.86603718996, 26.8537940979, 15.320151329, 8.64835166931, -19.9401721954, 1.33105015755, 49.1920013428, 93.4638977051, 34.2493209839], [-343.165649414, 55.0791778564, -56.1932258606, -33.1358261108, -23.0318107605, -42.3300094604, 7.38180351257, -14.487206459, -7.13214635849, -6.60032653809, 12.7407312393, 34.2493209839, 92.2505722046]], "icov": [[9.97991737677e-05, -6.56976990285e-05, 8.00596826593e-05, -9.23761108425e-05, 0.00013542654051, -0.000236172578298, 0.00025527147227, -0.000331326271407, 0.00022883474594, -0.000231354861171, 0.000112033107143, -6.03251319262e-05, 0.000287103117444], [-6.56976990285e-05, 0.00117830280215, 1.8626325982e-05, 0.000219906345592, -0.000646600325126, 0.000695992144756, -0.00123444816563, 0.000833076541312, -0.00103080621921, 0.000822265283205, -0.000864602741785, 0.000862448010594, -0.000691687164363], [8.00596826593e-05, 1.8626325982e-05, 0.00159627129324, -0.00081549549941, -2.17778106162e-05, -0.000993464724161, 0.000440326752141, -0.000558698200621, -0.000812393496744, 0.000449891958851, 0.000227605429245, -0.00059810798848, 0.00054185296176], [-9.23761108425e-05, 0.000219906345592, -0.00081549549941, 0.00394106144086, -0.000863766472321, 2.08169476537e-05, -0.00146600499284, 0.000726699479856, -0.00106278841849, 0.0013927394757, -0.000438289920567, 0.00187953119166, -0.000150533931446], [0.00013542654051, -0.000646600325126, -2.17778106162e-05, -0.000863766472321, 0.00468264846131, -0.00235162768513, -0.000178659960511, -0.000350005138898, -0.000663812679704, 0.00010670361371, -0.00173380575143, 0.000782845017966, 0.000520800822414], [-0.000236172578298, 0.000695992144756, -0.000993464724161, 2.08169476537e-05, -0.00235162768513, 0.00752938631922, -0.00388709595427, 0.00040500072646, 0.000262272573309, -0.00161808694247, 0.00303813139908, -0.00371354189701, 0.00221429090016], [0.00025527147227, -0.00123444816563, 0.000440326752141, -0.00146600499284, -0.000178659960511, -0.00388709595427, 0.012533210218, -0.00808871164918, 0.00439146487042, 0.000171890671481, -0.00404734211043, 0.00304823275656, -0.00289403088391], [-0.000331326271407, 0.000833076541312, -0.000558698200621, 0.000726699479856, -0.000350005138898, 0.00040500072646, -0.00808871164918, 0.0175642576069, -0.00932450313121, 0.00165201735217, 0.00289465603419, -0.0043884976767, 0.002321629785], [0.00022883474594, -0.00103080621921, -0.000812393496744, -0.00106278841849, -0.000663812679704, 0.000262272573309, 0.00439146487042, -0.00932450313121, 0.0168321151286, -0.00750503083691, 0.00217712065205, 0.00268550030887, -0.00180436985102], [-0.000231354861171, 0.000822265283205, 0.000449891958851, 0.0013927394757, 0.00010670361371, -0.00161808694247, 0.000171890671481, 0.00165201735217, -0.00750503083691, 0.0139935491607, -0.00753713678569, 0.00344913033769, -0.000866019632667], [0.000112033107143, -0.000864602741785, 0.000227605429245, -0.000438289920567, -0.00173380575143, 0.00303813139908, -0.00404734211043, 0.00289465603419, 0.00217712065205, -0.00753713678569, 0.0181712508202, -0.0113323032856, 0.00398053461686], [-6.03251319262e-05, 0.000862448010594, -0.00059810798848, 0.00187953119166, 0.000782845017966, -0.00371354189701, 0.00304823275656, -0.0043884976767, 0.00268550030887, 0.00344913033769, -0.0113323032856, 0.0225967112929, -0.00924003124237], [0.000287103117444, -0.000691687164363, 0.00054185296176, -0.000150533931446, 0.000520800822414, 0.00221429090016, -0.00289403088391, 0.002321629785, -0.00180436985102, -0.000866019632667, 0.00398053461686, -0.00924003124237, 0.0170185361058]]}, "melbands": {"dmean": [0.00207848264836, 0.00226422329433, 0.00103610975202, 0.000520449189935, 0.000705194892362, 0.000345099921105, 0.000197525994736, 7.8213022789e-05, 4.80088310724e-05, 4.18611780333e-05, 7.00350938132e-05, 6.85690029059e-05, 7.20848838682e-05, 9.94228030322e-05, 5.51990997337e-05, 2.12589911825e-05, 2.40576155193e-05, 1.9526860342e-05, 1.75092609425e-05, 1.35210721055e-05, 1.03745169326e-05, 7.39590541343e-06, 6.75451019561e-06, 5.07375898451e-06, 6.58247154206e-06, 5.85185807722e-06, 4.66984101877e-06, 3.34884703079e-06, 4.3106283556e-06, 2.84811358142e-06, 2.1770724743e-06, 2.31138687923e-06, 2.36036044043e-06, 1.31443550799e-06, 1.81063194304e-06, 1.24655207401e-06, 6.85777365561e-07, 5.21515858054e-07, 4.40404335222e-07, 4.73893607023e-07], "dmean2": [0.00357510522008, 0.00402000267059, 0.00180209125392, 0.000824267219286, 0.00107849645428, 0.000508673489094, 0.000293822202366, 0.000119372438348, 7.02283869032e-05, 6.43168314127e-05, 0.000102739628346, 0.000101888719655, 0.000100420962553, 0.000138549352414, 7.69799225964e-05, 3.10302893922e-05, 3.6729623389e-05, 3.02922144328e-05, 2.67925079243e-05, 2.0431003577e-05, 1.67179587152e-05, 1.18964899229e-05, 1.07172891148e-05, 7.88822126196e-06, 1.03073634818e-05, 9.05527213035e-06, 7.37586606192e-06, 5.36707466381e-06, 6.91912191542e-06, 4.49727667728e-06, 3.39261350746e-06, 3.6605929381e-06, 3.75665285901e-06, 2.08942856261e-06, 2.9478255783e-06, 1.95114876078e-06, 1.06063282601e-06, 7.88949989783e-07, 6.77812806771e-07, 6.96118377164e-07], "dvar": [2.37304248003e-05, 2.84019206447e-05, 4.56154020867e-06, 9.03155807919e-07, 1.33603418817e-06, 3.30876758881e-07, 1.74684572585e-07, 6.36097823303e-08, 1.0129671324e-08, 1.27099442082e-08, 3.10638483825e-08, 2.45750140238e-08, 2.85589187854e-08, 4.55093633889e-08, 1.39195810434e-08, 3.1800584388e-09, 6.64970301045e-09, 2.42697839603e-09, 1.52571710821e-09, 9.10152175848e-10, 5.35276767355e-10, 2.3444002295e-10, 2.54352844342e-10, 1.03195958723e-10, 1.85006954201e-10, 1.5369412687e-10, 8.27848067875e-11, 3.9060477075e-11, 6.63663637934e-11, 2.93683723174e-11, 1.56160535891e-11, 1.91270142086e-11, 2.28563262067e-11, 7.70549422879e-12, 2.16318265384e-11, 9.47218692371e-12, 2.12678616038e-12, 8.2015644276e-13, 5.60550358301e-13, 9.34437640113e-13], "dvar2": [6.44407409709e-05, 7.94054212747e-05, 1.20319737107e-05, 2.14749229599e-06, 3.1927550026e-06, 7.44114572626e-07, 3.81011602713e-07, 1.37755236551e-07, 2.21631957231e-08, 2.6834626965e-08, 7.07926020027e-08, 5.67697782117e-08, 5.25003365226e-08, 9.15258269174e-08, 2.76137352984e-08, 6.54962306612e-09, 1.57454334015e-08, 5.30194466108e-09, 3.29955018863e-09, 1.77969006199e-09, 1.3425012213e-09, 6.04319150277e-10, 6.4075306172e-10, 2.37875025233e-10, 4.35046249025e-10, 3.3841113245e-10, 1.82453246955e-10, 9.75526534552e-11, 1.70149658252e-10, 7.33497013128e-11, 3.74735832642e-11, 4.83140576157e-11, 5.61835751534e-11, 1.93837966511e-11, 5.64893652688e-11, 2.30127427531e-11, 5.19707974572e-12, 1.86833903383e-12, 1.2992536734e-12, 2.11972388427e-12], "max": [0.0374104268849, 0.0408235676587, 0.0176574122161, 0.0213183891028, 0.0182629805058, 0.0115135712549, 0.0108348811045, 0.0070286123082, 0.0028694847133, 0.00477698538452, 0.00482169119641, 0.00300489854999, 0.00384950404987, 0.00396998645738, 0.00240723835304, 0.0014277708251, 0.00198408099823, 0.00186886079609, 0.00140491046477, 0.000798664870672, 0.000395203358494, 0.000377771881176, 0.000410133361584, 0.000266458024271, 0.000299155479297, 0.000290950178169, 0.000227944809012, 0.000124913931359, 0.000152905588038, 0.000136637376272, 8.52278171806e-05, 8.79961517057e-05, 0.000103830105218, 7.38351227483e-05, 7.05482088961e-05, 5.03087321704e-05, 2.55512914009e-05, 2.06773074751e-05, 1.277676256e-05, 1.49237803271e-05], "mean": [0.0024826314766, 0.00319963903166, 0.00132337049581, 0.00078994827345, 0.00131594808772, 0.000734395405743, 0.000346283748513, 0.000110371540359, 9.99297408271e-05, 7.14686757419e-05, 0.000133925539558, 0.000115274422569, 0.000126637678477, 0.000202920127776, 0.000109814012831, 3.46090018866e-05, 3.71131282009e-05, 3.03356991935e-05, 3.43136598531e-05, 3.02680036839e-05, 1.42064709507e-05, 1.0326296433e-05, 1.03369529825e-05, 7.75676562625e-06, 1.04702839963e-05, 9.28341069084e-06, 7.50164190322e-06, 5.54251028007e-06, 7.45023635318e-06, 4.88931573273e-06, 3.38461336469e-06, 3.27653674503e-06, 3.03032925331e-06, 1.87722184819e-06, 2.28098065236e-06, 1.67626171788e-06, 1.06264133137e-06, 8.99538292742e-07, 7.74511704549e-07, 7.83777863944e-07], "median": [0.00108073931187, 0.0018930034712, 0.000617277226411, 0.000404988793889, 0.000691183144227, 0.000431011139881, 0.000126522121718, 2.99439725495e-05, 4.13695779571e-05, 2.48080450547e-05, 4.53541179013e-05, 4.07505685871e-05, 3.98771335313e-05, 4.11674664065e-05, 1.97637109522e-05, 8.36912568047e-06, 1.23426534628e-05, 7.58935766498e-06, 9.08916263143e-06, 7.4736994975e-06, 4.14009173255e-06, 3.63541857951e-06, 3.43990041074e-06, 2.88813248517e-06, 4.030753189e-06, 3.56274131263e-06, 3.19962327922e-06, 2.82785185846e-06, 3.3003682347e-06, 2.09664767681e-06, 1.62696119332e-06, 1.25171993659e-06, 1.09154757411e-06, 6.02006764439e-07, 5.98219060066e-07, 4.43465950184e-07, 3.41640770785e-07, 3.23234701227e-07, 3.02803499608e-07, 2.91526845331e-07], "min": [1.70770652387e-23, 4.38904694953e-24, 1.260257992e-23, 1.55357130715e-23, 1.40795531488e-23, 1.39753446232e-23, 6.04112402788e-24, 1.43751693067e-23, 1.25093318278e-23, 4.41216451836e-24, 3.98208307486e-24, 1.03120441845e-23, 9.29572233696e-24, 2.32610941806e-23, 2.37148643282e-23, 1.93047043054e-23, 2.15864671188e-23, 2.1882376733e-23, 8.29454030796e-24, 6.31740283841e-24, 1.39537960987e-23, 9.63490333835e-24, 1.20575298882e-23, 1.6199132471e-23, 9.3394394306e-24, 1.22029769064e-23, 1.32630805342e-23, 1.06530261553e-23, 1.37959402984e-23, 1.17320340458e-23, 1.08348159955e-23, 8.68624682386e-24, 6.66615075043e-24, 9.8930880463e-24, 8.80574505151e-24, 1.01538539071e-23, 6.79910378968e-24, 7.31448239628e-24, 9.75737557161e-24, 1.38425667111e-23], "var": [2.01585899049e-05, 2.25433468586e-05, 4.55386452813e-06, 1.38128075378e-06, 2.89512877316e-06, 9.89986119748e-07, 4.19976430521e-07, 1.15711877413e-07, 3.23574020911e-08, 3.11198320446e-08, 8.78179022834e-08, 5.35191055917e-08, 9.56412478104e-08, 1.84649735502e-07, 5.85265453878e-08, 7.576838712e-09, 9.52040668523e-09, 7.82538833732e-09, 7.1923218492e-09, 5.49142686879e-09, 7.68507257831e-10, 3.43234746181e-10, 5.30768817786e-10, 2.11741887912e-10, 3.79596964972e-10, 3.14158560277e-10, 1.72825573297e-10, 6.42252015459e-11, 1.37891101315e-10, 5.43658902619e-11, 2.26967854233e-11, 2.60765801313e-11, 2.7933854882e-11, 1.03682592026e-11, 2.29584996847e-11, 1.23557128071e-11, 3.35532795125e-12, 1.79328622264e-12, 1.23853195495e-12, 1.65574639503e-12]}, "mfcc": {"mean": [-659.608703613, 120.82333374, 14.1931018829, 24.2906627655, 0.494560331106, 12.0058574677, 7.4344162941, -0.547231137753, -4.48543310165, -7.93827962875, -9.75960063934, -5.57685804367, 2.08699631691], "cov": [[10676.8818359, -146.145568848, -436.325256348, -13.5666160583, 50.1431007385, 69.5606079102, -26.7588367462, -41.8381004333, 14.1925077438, 150.989761353, 162.881103516, 161.585586548, 69.3150482178], [-146.145568848, 1189.35888672, -127.149864197, 125.882835388, 67.8971099854, 50.7887954712, 130.290863037, 43.3395690918, 41.0948982239, 17.6582241058, 39.1929969788, 34.7129821777, 46.8378715515], [-436.325256348, -127.149864197, 795.068786621, 167.628723145, 222.062820435, 153.100845337, 64.9290542603, 178.034790039, 125.528244019, 95.2954711914, 66.758682251, 25.0233573914, -4.75313711166], [-13.5666160583, 125.882835388, 167.628723145, 317.252044678, 133.323425293, 81.6530838013, 94.7071456909, 83.0483627319, 68.0651473999, 54.7108345032, 40.9691619873, 21.4373035431, -2.56367945671], [50.1431007385, 67.8971099854, 222.062820435, 133.323425293, 304.105438232, 164.546615601, 98.9622802734, 123.173629761, 82.1859588623, 71.8998641968, 71.4198532104, 53.7517471313, 40.807888031], [69.5606079102, 50.7887954712, 153.100845337, 81.6530838013, 164.546615601, 227.898376465, 138.950500488, 103.790985107, 66.1804962158, 56.8245925903, 59.2735977173, 37.1180839539, 28.6104507446], [-26.7588367462, 130.290863037, 64.9290542603, 94.7071456909, 98.9622802734, 138.950500488, 241.275848389, 136.942398071, 48.5425186157, 17.2044487, 41.6819992065, 51.5769577026, 36.8168373108], [-41.8381004333, 43.3395690918, 178.034790039, 83.0483627319, 123.173629761, 103.790985107, 136.942398071, 225.273391724, 99.4774169922, 29.345281601, 34.8014068604, 34.0709381104, 27.0061836243], [14.1925077438, 41.0948982239, 125.528244019, 68.0651473999, 82.1859588623, 66.1804962158, 48.5425186157, 99.4774169922, 148.972839355, 88.1310119629, 30.9549827576, 16.19490242, 15.6834917068], [150.989761353, 17.6582241058, 95.2954711914, 54.7108345032, 71.8998641968, 56.8245925903, 17.2044487, 29.345281601, 88.1310119629, 140.537582397, 58.0877494812, 17.4906692505, 8.65939331055], [162.881103516, 39.1929969788, 66.758682251, 40.9691619873, 71.4198532104, 59.2735977173, 41.6819992065, 34.8014068604, 30.9549827576, 58.0877494812, 114.861473083, 56.5481910706, 8.78021812439], [161.585586548, 34.7129821777, 25.0233573914, 21.4373035431, 53.7517471313, 37.1180839539, 51.5769577026, 34.0709381104, 16.19490242, 17.4906692505, 56.5481910706, 106.260345459, 49.7052078247], [69.3150482178, 46.8378715515, -4.75313711166, -2.56367945671, 40.807888031, 28.6104507446, 36.8168373108, 27.0061836243, 15.6834917068, 8.65939331055, 8.78021812439, 49.7052078247, 107.481193542]], "icov": [[0.000103618098365, 2.78139177681e-05, 0.000102608959423, -2.6607163818e-05, 2.60030356003e-06, -7.12631590432e-05, 9.13946569199e-05, -5.76980237383e-05, 5.7112894865e-05, -0.000137447044835, -6.4608095272e-05, -0.000138613584568, -1.74791443897e-06], [2.78139177681e-05, 0.000994841684587, 0.000313275173539, -0.000364409497706, -0.000168309765286, 0.000187914993148, -0.000505770964082, 0.000215032036067, -0.000356764940079, 0.000175903958734, -0.000377782795113, 0.000216046159039, -0.000344368716469], [0.000102608959423, 0.000313275173539, 0.00210256432183, -0.000594292301685, -0.000638408528175, -0.000658633536659, 0.000933698669542, -0.00129246199504, -0.000114118949568, -0.000460808339994, -0.000176554502104, -0.000132506960654, 0.00042822220712], [-2.6607163818e-05, -0.000364409497706, -0.000594292301685, 0.00461026187986, -0.00150734058116, 0.000833527767099, -0.00161417736672, 0.000458222406451, -0.000692128669471, -0.000479550246382, 0.000132435845444, 5.20611283719e-05, 0.00115259096492], [2.60030356003e-06, -0.000168309765286, -0.000638408528175, -0.00150734058116, 0.00733653735369, -0.00386400287971, 0.0015913270181, -0.00177823076956, 0.000450447725598, -0.000709627347533, -0.000848668627441, -0.000921979779378, -0.00136059941724], [-7.12631590432e-05, 0.000187914993148, -0.000658633536659, 0.000833527767099, -0.00386400287971, 0.0105937579647, -0.00518377590925, 0.00104574265424, -0.000850534124766, -0.000703423283994, -0.00163093011361, 0.00176289619412, -0.000386411033105], [9.13946569199e-05, -0.000505770964082, 0.000933698669542, -0.00161417736672, 0.0015913270181, -0.00518377590925, 0.010242764838, -0.0051617315039, 0.00176457548514, 0.000179263501195, 0.000260490138317, -0.00240389676765, -0.000453196436865], [-5.76980237383e-05, 0.000215032036067, -0.00129246199504, 0.000458222406451, -0.00177823076956, 0.00104574265424, -0.0051617315039, 0.0114780385047, -0.00691623147577, 0.00412946753204, -0.000954748713411, 0.000641506689135, -0.000364015926607], [5.7112894865e-05, -0.000356764940079, -0.000114118949568, -0.000692128669471, 0.000450447725598, -0.000850534124766, 0.00176457548514, -0.00691623147577, 0.0167681220919, -0.00990172848105, 0.00280068442225, -0.000654236762784, -0.00028944236692], [-0.000137447044835, 0.000175903958734, -0.000460808339994, -0.000479550246382, -0.000709627347533, -0.000703423283994, 0.000179263501195, 0.00412946753204, -0.00990172848105, 0.0161905344576, -0.00655189994723, 0.00239244499244, -0.00109289202373], [-6.4608095272e-05, -0.000377782795113, -0.000176554502104, 0.000132435845444, -0.000848668627441, -0.00163093011361, 0.000260490138317, -0.000954748713411, 0.00280068442225, -0.00655189994723, 0.0172029752284, -0.00893863290548, 0.00395625084639], [-0.000138613584568, 0.000216046159039, -0.000132506960654, 5.20611283719e-05, -0.000921979779378, 0.00176289619412, -0.00240389676765, 0.000641506689135, -0.000654236762784, 0.00239244499244, -0.00893863290548, 0.0182479452342, -0.00727227330208], [-1.74791443897e-06, -0.000344368716469, 0.00042822220712, 0.00115259096492, -0.00136059941724, -0.000386411033105, -0.000453196436865, -0.000364015926607, -0.00028944236692, -0.00109289202373, 0.00395625084639, -0.00727227330208, 0.0135379200801]]}, "spectral_contrast_coeffs": {"dmean": [0.0544774010777, 0.0517288632691, 0.0398653484881, 0.0342530012131, 0.023771122098, 0.0190636944026], "dmean2": [0.0866078436375, 0.08065418154, 0.0601633377373, 0.0501595921814, 0.0359871312976, 0.0294647011906], "dvar": [0.0022797472775, 0.00196799403057, 0.0011052142363, 0.000840262859128, 0.00042285741074, 0.0003103891504], "dvar2": [0.00535899307579, 0.00464506447315, 0.00235763797536, 0.00164138246328, 0.000884356326424, 0.000700928096194], "max": [-0.237538158894, -0.337239593267, -0.464369773865, -0.421712249517, -0.552816331387, -0.621332168579], "mean": [-0.621650576591, -0.67344725132, -0.75156712532, -0.768391013145, -0.794152438641, -0.76776009798], "median": [-0.63483440876, -0.672882378101, -0.756893396378, -0.776094138622, -0.797969579697, -0.769024252892], "min": [-0.962679624557, -0.986297667027, -0.988685727119, -0.968813180923, -0.966611742973, -0.96174377203], "var": [0.0107868071645, 0.007746970281, 0.00643074931577, 0.00556112173945, 0.00240334286354, 0.00123554421589]}, "spectral_contrast_valleys": {"dmean": [0.48900359869, 0.446074217558, 0.408510535955, 0.437697291374, 0.404450953007, 0.438604265451], "dmean2": [0.748810350895, 0.659907221794, 0.577678740025, 0.585548639297, 0.512311995029, 0.49745169282], "dvar": [0.318546503782, 0.196400016546, 0.144981607795, 0.184180393815, 0.185897365212, 0.214897722006], "dvar2": [0.576991915703, 0.354743182659, 0.252022832632, 0.317132204771, 0.2999150455, 0.354767531157], "max": [-4.81125068665, -4.76374101639, -5.00310277939, -5.64629459381, -5.65441131592, -7.94256401062], "mean": [-7.27473449707, -7.219306