{"lowlevel": {"average_loudness": 0.939008831978, "barkbands_crest": {"dmean": 3.00005078316, "dmean2": 4.98349571228, "dvar": 5.55390739441, "dvar2": 14.6972970963, "max": 24.9698944092, "mean": 16.1988449097, "median": 16.1599159241, "min": 4.48370218277, "var": 13.2955284119}, "barkbands_flatness_db": {"dmean": 0.0245570223778, "dmean2": 0.0399108678102, "dvar": 0.000361083686585, "dvar2": 0.000966520456132, "max": 0.565029501915, "mean": 0.407515406609, "median": 0.408268868923, "min": 0.0330161340535, "var": 0.00213966239244}, "barkbands_kurtosis": {"dmean": 7.61325645447, "dmean2": 12.1950054169, "dvar": 69.1978683472, "dvar2": 180.232070923, "max": 196.587463379, "mean": 17.6525840759, "median": 14.3678798676, "min": -1.34995555878, "var": 172.426101685}, "barkbands_skewness": {"dmean": 0.675356805325, "dmean2": 1.04540514946, "dvar": 0.337364792824, "dvar2": 0.828264534473, "max": 11.9115982056, "mean": 2.28757143021, "median": 2.17584133148, "min": -2.91151762009, "var": 1.53255844116}, "barkbands_spread": {"dmean": 0.599448561668, "dmean2": 0.963560521603, "dvar": 0.713144302368, "dvar2": 1.71465647221, "max": 78.5810394287, "mean": 1.73563349247, "median": 1.39421844482, "min": 0.191764324903, "var": 3.19494342804}, "dissonance": {"dmean": 0.039250832051, "dmean2": 0.0650709569454, "dvar": 0.00101980415639, "dvar2": 0.00279939034954, "max": 0.499999970198, "mean": 0.39135581255, "median": 0.396493405104, "min": 0.163499876857, "var": 0.00242783408612}, "dynamic_complexity": 2.22359871864, "erbbands_crest": {"dmean": 3.26910758018, "dmean2": 5.03732728958, "dvar": 6.62982082367, "dvar2": 15.1523561478, "max": 31.7555904388, "mean": 16.3345851898, "median": 15.953959465, "min": 2.666451931, "var": 24.8920440674}, "erbbands_flatness_db": {"dmean": 0.0190229862928, "dmean2": 0.0287629719824, "dvar": 0.000224748611799, "dvar2": 0.00053905666573, "max": 0.515580356121, "mean": 0.374976962805, "median": 0.374634444714, "min": 0.0540531128645, "var": 0.00162188382819}, "erbbands_kurtosis": {"dmean": 4.29905509949, "dmean2": 6.53194189072, "dvar": 19.2072200775, "dvar2": 44.7661781311, "max": 81.6390151978, "mean": 8.76858615875, "median": 6.66014385223, "min": -1.70505011082, "var": 67.8213348389}, "erbbands_skewness": {"dmean": 0.555542826653, "dmean2": 0.851348996162, "dvar": 0.198657885194, "dvar2": 0.485692590475, "max": 6.94284725189, "mean": 2.18904924393, "median": 2.1563937664, "min": -1.10409271717, "var": 0.849704325199}, "erbbands_spread": {"dmean": 2.18430614471, "dmean2": 3.32975387573, "dvar": 4.6868853569, "dvar2": 11.4298458099, "max": 84.8907394409, "mean": 7.31580018997, "median": 6.23505735397, "min": 0.65386646986, "var": 22.2638893127}, "hfc": {"dmean": 2.76596641541, "dmean2": 4.30107879639, "dvar": 6.63193035126, "dvar2": 16.52085495, "max": 41.3020896912, "mean": 8.73305892944, "median": 7.86008453369, "min": 1.06962579425e-16, "var": 24.7300643921}, "melbands_crest": {"dmean": 3.42742419243, "dmean2": 5.56395864487, "dvar": 7.37770795822, "dvar2": 18.7629680634, "max": 32.6221847534, "mean": 17.4992637634, "median": 16.8941326141, "min": 1.61758327484, "var": 21.1985054016}, "melbands_flatness_db": {"dmean": 0.0237604212016, "dmean2": 0.0381710901856, "dvar": 0.00034625272383, "dvar2": 0.00090271566296, "max": 0.654338479042, "mean": 0.497000932693, "median": 0.498289644718, "min": 0.0036559428554, "var": 0.00264725880697}, "melbands_kurtosis": {"dmean": 5.52641534805, "dmean2": 8.70805644989, "dvar": 34.7956581116, "dvar2": 87.2110214233, "max": 200.63230896, "mean": 14.3583679199, "median": 12.0683403015, "min": -1.42331945896, "var": 97.1699447632}, "melbands_skewness": {"dmean": 0.534251987934, "dmean2": 0.796717703342, "dvar": 0.198127269745, "dvar2": 0.459299117327, "max": 9.20131206512, "mean": 1.88913965225, "median": 1.87296140194, "min": -1.52453231812, "var": 1.0774230957}, "melbands_spread": {"dmean": 0.80558270216, "dmean2": 1.30627834797, "dvar": 2.59525585175, "dvar2": 6.08788013458, "max": 154.365020752, "mean": 2.6714091301, "median": 2.12630987167, "min": 0.373747289181, "var": 32.5636253357}, "pitch_salience": {"dmean": 0.0762316435575, "dmean2": 0.125285580754, "dvar": 0.00387702649459, "dvar2": 0.00991784222424, "max": 0.936035394669, "mean": 0.592250883579, "median": 0.608100056648, "min": 0.15887118876, "var": 0.00950897764415}, "silence_rate_20dB": {"dmean": 0, "dmean2": 0, "dvar": 0, "dvar2": 0, "max": 1, "mean": 1, "median": 1, "min": 1, "var": 0}, "silence_rate_30dB": {"dmean": 0.0014271697728, "dmean2": 0.00285446690395, "dvar": 0.0014250195818, "dvar2": 0.00364882987924, "max": 1, "mean": 0.998974263668, "median": 1, "min": 0, "var": 0.00102482060902}, "silence_rate_60dB": {"dmean": 0.00214075460099, "dmean2": 0.0042817001231, "dvar": 0.00213541998528, "dvar2": 0.00524526461959, "max": 1, "mean": 0.0305489897728, "median": 0, "min": 0, "var": 0.0296282004565}, "spectral_centroid": {"dmean": 18.9793624878, "dmean2": 30.7356796265, "dvar": 5952.91357422, "dvar2": 11917.7431641, "max": 11565.0712891, "mean": 324.673736572, "median": 301.433410645, "min": 214.061264038, "var": 188703.328125}, "spectral_complexity": {"dmean": 1.15208280087, "dmean2": 1.96137547493, "dvar": 1.02664113045, "dvar2": 2.59819698334, "max": 17, "mean": 8.14895439148, "median": 8, "min": 0, "var": 5.35564947128}, "spectral_decrease": {"dmean": 2.57514320978e-09, "dmean2": 4.10945633078e-09, "dvar": 5.85238265674e-18, "dvar2": 1.52161031732e-17, "max": 7.55420497216e-20, "mean": -7.77744002534e-09, "median": -7.04870961599e-09, "min": -3.84589213809e-08, "var": 1.91175485088e-17}, "spectral_energy": {"dmean": 0.00996759627014, "dmean2": 0.0158973317593, "dvar": 8.76456324477e-05, "dvar2": 0.000227679949603, "max": 0.148892581463, "mean": 0.0301459692419, "median": 0.0273142810911, "min": 1.02276318709e-20, "var": 0.00028716630186}, "spectral_energyband_high": {"dmean": 2.44592797571e-07, "dmean2": 4.21735137479e-07, "dvar": 3.50708936718e-13, "dvar2": 1.00904376001e-12, "max": 3.32347517542e-05, "mean": 6.89544322086e-07, "median": 4.64859652993e-07, "min": 7.26447623844e-21, "var": 9.45667589375e-13}, "spectral_energyband_low": {"dmean": 0.000909928872716, "dmean2": 0.00102412153501, "dvar": 9.92425611912e-07, "dvar2": 1.11724727958e-06, "max": 0.0297286659479, "mean": 0.00278503843583, "median": 0.00201023276895, "min": 1.99774164864e-23, "var": 6.96478991813e-06}, "spectral_energyband_middle_high": {"dmean": 0.000147131999256, "dmean2": 0.000222184957238, "dvar": 5.11869124864e-08, "dvar2": 1.18598869392e-07, "max": 0.00708926934749, "mean": 0.000427563762059, "median": 0.000291152682621, "min": 1.2649755443e-21, "var": 2.14479726424e-07}, "spectral_energyband_middle_low": {"dmean": 0.00991533417255, "dmean2": 0.0158522464335, "dvar": 8.74487523106e-05, "dvar2": 0.000227761091082, "max": 0.14860881865, "mean": 0.0279149916023, "median": 0.0248738881201, "min": 1.98800697885e-22, "var": 0.000275307887932}, "spectral_entropy": {"dmean": 0.190465807915, "dmean2": 0.303227216005, "dvar": 0.0227139126509, "dvar2": 0.0585025064647, "max": 9.81593227386, "mean": 5.24956607819, "median": 5.24587583542, "min": 4.06874752045, "var": 0.157180860639}, "spectral_flux": {"dmean": 0.0233786776662, "dmean2": 0.0395221076906, "dvar": 0.000422866141889, "dvar2": 0.00123853236437, "max": 0.217104643583, "mean": 0.0641634836793, "median": 0.060007315129, "min": 6.36080910166e-11, "var": 0.000767652294599}, "spectral_kurtosis": {"dmean": 29.1962833405, "dmean2": 50.0545578003, "dvar": 551.554077148, "dvar2": 1591.86474609, "max": 271.518707275, "mean": 89.4493560791, "median": 87.7894210815, "min": -1.26370811462, "var": 1446.59118652}, "spectral_rms": {"dmean": 0.000880216888618, "dmean2": 0.00139831460547, "dvar": 5.22579853168e-07, "dvar2": 1.35991774641e-06, "max": 0.01205242984, "mean": 0.00518307508901, "median": 0.00516217760742, "min": 3.15882541478e-12, "var": 2.54636665886e-06}, "spectral_rolloff": {"dmean": 31.0793743134, "dmean2": 54.8543510437, "dvar": 28819.2832031, "dvar2": 54610.5625, "max": 19961.2792969, "mean": 379.913391113, "median": 344.53125, "min": 172.265625, "var": 610770.375}, "spectral_skewness": {"dmean": 1.49033474922, "dmean2": 2.58061313629, "dvar": 1.28266990185, "dvar2": 3.69499754906, "max": 13.3770914078, "mean": 6.97120141983, "median": 6.94395685196, "min": -0.0591253712773, "var": 3.38404560089}, "spectral_spread": {"dmean": 281797.4375, "dmean2": 495073.09375, "dvar": 129014808576, "dvar2": 301471629312, "max": 42347716, "mean": 1057814.375, "median": 956079.9375, "min": 294030.15625, "var": 2665042673660.0}, "spectral_strongpeak": {"dmean": 0.469372063875, "dmean2": 0.740594685078, "dvar": 0.15627579391, "dvar2": 0.387565642595, "max": 4.73365259171, "mean": 1.26204454899, "median": 1.20825493336, "min": 0, "var": 0.500195741653}, "zerocrossingrate": {"dmean": 0.00125916104298, "dmean2": 0.00177517812699, "dvar": 1.15142283903e-05, "dvar2": 1.96905803023e-05, "max": 0.5185546875, "mean": 0.0154254669324, "median": 0.01416015625, "min": 0.00830078125, "var": 0.000454623164842}, "barkbands": {"dmean": [1.92186071502e-08, 1.70540424733e-05, 0.000697426672559, 0.000478258560179, 0.0088238408789, 0.00306684849784, 0.000159600720508, 0.000103086546005, 0.000152363121742, 6.16957477177e-05, 7.40553950891e-05, 4.98864574183e-05, 2.71684075415e-05, 2.01903803827e-05, 7.4141676123e-06, 5.49441756448e-06, 2.76814034805e-06, 1.4412287328e-06, 4.45210702082e-07, 2.67745093652e-07, 8.54513686477e-08, 3.21394324487e-08, 7.62529239751e-09, 4.13891010353e-09, 2.3607933386e-09, 1.15377640775e-09, 1.03371289306e-09], "dmean2": [3.45786119738e-08, 1.62305768754e-05, 0.000842118286528, 0.000590868992731, 0.0148771703243, 0.00322795868851, 0.000185638913536, 0.000147467624629, 0.000210547092138, 7.57500893087e-05, 0.000113587761007, 8.04852606962e-05, 4.53659013147e-05, 3.42160274158e-05, 1.2614023035e-05, 9.51298443397e-06, 4.78189213027e-06, 2.50770631283e-06, 7.64095091199e-07, 4.62072364371e-07, 1.47123415672e-07, 5.60583970355e-08, 1.3196724602e-08, 7.10380465563e-09, 4.06433819933e-09, 2.05942063403e-09, 1.88426474423e-09], "dvar": [4.92104373608e-15, 2.4595395165e-10, 5.61330182336e-07, 2.52475302887e-07, 7.51623374526e-05, 1.13747546493e-05, 3.99344166624e-08, 6.55883169998e-08, 4.19623873427e-08, 1.83449628821e-08, 1.24233459076e-08, 2.11149142615e-08, 6.43874242812e-09, 4.44238557051e-09, 1.88147206148e-10, 4.95080476615e-10, 2.99406853477e-11, 5.86739771352e-12, 4.49931053786e-13, 3.64457297891e-13, 2.57015562939e-14, 6.0331073633e-15, 4.94085700139e-16, 5.44329213028e-17, 4.10486195223e-17, 1.82026015517e-18, 1.68892269225e-18], "dvar2": [1.41784590931e-14, 3.41282474503e-10, 7.57690429509e-07, 3.57982884225e-07, 0.00020928576123, 1.20553113447e-05, 5.59898651886e-08, 1.22659642443e-07, 7.5032112079e-08, 3.08780343516e-08, 2.7814397896e-08, 5.34586348522e-08, 1.77282348801e-08, 1.27848460707e-08, 5.2846849119e-10, 1.42531664249e-09, 8.58217039101e-11, 1.70974848862e-11, 1.26116836158e-12, 1.04441585588e-12, 7.47683775244e-14, 1.80192656179e-14, 1.50824370066e-15, 1.55084903439e-16, 1.1381310397e-16, 5.44491886367e-18, 5.08192884983e-18], "max": [7.02370834915e-06, 0.000531576806679, 0.0181675627828, 0.0126529112458, 0.128338724375, 0.0879471451044, 0.00635101925582, 0.012122662738, 0.00492191594094, 0.00439315801486, 0.00279627391137, 0.00608180044219, 0.00346908927895, 0.00252514425665, 0.000486387230922, 0.000937267148402, 0.000100276738522, 6.13327210885e-05, 2.41068282776e-05, 3.37666315318e-05, 4.19640127802e-06, 2.45192904913e-06, 1.14505769488e-06, 2.62775330384e-07, 3.2045082321e-07, 2.73935523154e-08, 2.06505230693e-08], "mean": [1.85004989106e-08, 0.000193436586414, 0.00164531054907, 0.00124696211424, 0.016707919538, 0.0089433118701, 0.000421344651841, 0.000219314766582, 0.000301095511531, 0.00015620184422, 0.000134566405904, 8.18884072942e-05, 3.89724300476e-05, 2.82697783405e-05, 1.16684568638e-05, 7.18075807526e-06, 4.52512040283e-06, 2.35495735978e-06, 8.3863284317e-07, 6.08042398653e-07, 2.182573553e-07, 8.06267124176e-08, 2.13766426782e-08, 1.23137287034e-08, 7.30802929283e-09, 2.88400947568e-09, 9.95658555603e-10], "median": [1.02695620896e-08, 0.000185644414159, 0.00114913354628, 0.000871718977578, 0.0136940833181, 0.00631750375032, 0.000284951122012, 0.000101897720015, 0.00016828578373, 5.07804325025e-05, 7.02120523783e-05, 3.16366058541e-05, 1.77813853952e-05, 4.47556203653e-06, 6.1826253841e-06, 2.51077085522e-06, 2.05432434086e-06, 1.36300241138e-06, 5.76605998504e-07, 4.06385510132e-07, 1.56486152036e-07, 5.25004217877e-08, 1.31729391839e-08, 7.919297218e-09, 4.31056168537e-09, 2.30563634851e-09, 5.38753486268e-10], "min": [6.60141978278e-25, 6.30816409392e-24, 7.24519733462e-25, 1.68750482161e-24, 1.04318216689e-23, 4.66516917117e-24, 7.97549971434e-24, 1.81863456664e-23, 1.12025435064e-23, 3.77459593293e-23, 2.14655000322e-23, 5.58109434786e-23, 3.32303238703e-23, 5.68511102247e-23, 5.5312187749e-23, 8.46725935212e-23, 6.39263468857e-23, 9.96434569409e-23, 1.4340937161e-22, 2.0432449127e-22, 2.30334964498e-22, 3.64777739163e-22, 3.53021237808e-22, 6.37545216209e-22, 1.00707644186e-21, 1.36954472446e-21, 1.95927845698e-21], "var": [3.03115441208e-15, 2.13411528449e-08, 2.60908154814e-06, 1.53218411469e-06, 0.000160046445671, 7.58378082537e-05, 2.07639700989e-07, 2.16085055627e-07, 1.45700539633e-07, 7.39900158919e-08, 3.76939759406e-08, 3.57521621197e-08, 9.48915079846e-09, 6.78000233734e-09, 3.15055204148e-10, 5.98114724415e-10, 4.67849613217e-11, 9.15058220169e-12, 8.32175582784e-13, 7.79923001182e-13, 6.40720048089e-14, 1.3904735314e-14, 1.48464493923e-15, 2.14817574235e-16, 1.96767408008e-16, 5.11138185631e-18, 1.45059427679e-18]}, "erbbands": {"dmean": [0.000207587814657, 0.0154187148437, 0.527101576328, 1.38313412666, 4.90142297745, 30.1126480103, 51.9366188049, 36.3334579468, 4.54672527313, 1.76572024822, 1.93222141266, 3.99796175957, 2.40627884865, 1.32096087933, 3.49617385864, 1.55866062641, 1.27832460403, 1.06220471859, 0.671299040318, 0.230863958597, 0.176316648722, 0.157038003206, 0.0936656668782, 0.0373380742967, 0.0124918781221, 0.0119695104659, 0.00586156407371, 0.00186175224371, 0.00117775378749, 0.000798078661319, 0.000262976129306, 0.000115041759273, 4.3200518121e-05, 3.35883669322e-05, 1.73947464646e-05, 7.68584686739e-06, 3.53146219823e-06, 7.72874955146e-07, 4.55603185401e-06, 1.09681386675e-05], "dmean2": [0.000261551205767, 0.0196439623833, 0.659688055515, 1.4480907917, 8.09629058838, 51.7232551575, 83.1900405884, 36.8448944092, 5.05795717239, 2.39741611481, 2.62942290306, 5.50377368927, 3.07814598083, 1.86534249783, 5.47569322586, 2.50481271744, 2.12624645233, 1.78540849686, 1.14301264286, 0.396454930305, 0.30409604311, 0.272112160921, 0.163196280599, 0.0644909590483, 0.0215643998235, 0.0206456910819, 0.0100760515779, 0.00320078083314, 0.00204225629568, 0.0013984371908, 0.000455121946288, 0.000197317116545, 7.41478506825e-05, 5.68018622289e-05, 2.96974758385e-05, 1.29009322336e-05, 5.82337543165e-06, 1.34147057906e-06, 7.24938263374e-06, 1.74812103069e-05], "dvar": [4.6178520563e-08, 0.00025425068452, 0.314317375422, 2.27834486961, 25.1157493591, 872.921569824, 2774.1003418, 1763.20349121, 23.7580108643, 7.19624137878, 20.5235881805, 29.3207054138, 16.1384391785, 7.36627674103, 31.691783905, 12.3480968475, 12.2261991501, 6.35636663437, 4.33604431152, 0.502362728119, 0.435743033886, 0.101237826049, 0.0266215633601, 0.00393825629726, 0.000304098095512, 0.000769480189774, 0.000138431496453, 8.55065991345e-06, 6.72486385156e-06, 9.59900808084e-06, 6.48738819109e-07, 4.5719431796e-08, 4.4952317424e-09, 1.10125331076e-08, 1.15862164307e-09, 6.67506397378e-11, 1.13964497561e-11, 7.2891313211e-13, 1.82915991381e-11, 1.06070541239e-10], "dvar2": [7.355952647e-08, 0.00042571593076, 0.468275249004, 2.26401925087, 71.6504135132, 2528.5222168, 6754.37939453, 1776.01269531, 33.7990570068, 14.8299894333, 33.1756095886, 51.3936767578, 26.5652675629, 13.9223203659, 74.8716278076, 31.1637802124, 33.6589431763, 17.1399936676, 12.8516931534, 1.45122909546, 1.24572229385, 0.289768368006, 0.0776650235057, 0.0112551338971, 0.000869365932886, 0.00221130694263, 0.000399513053708, 2.45411683863e-05, 2.0058672817e-05, 2.88219689537e-05, 1.99700343728e-06, 1.2830709295e-07, 1.27918324822e-08, 2.99374534052e-08, 3.42865091874e-09, 1.87188139988e-10, 3.05509992304e-11, 2.1194387391e-12, 4.73525732514e-11, 2.75260869653e-10], "max": [0.00505730230361, 0.336122989655, 12.1468200684, 48.1003799438, 62.156665802, 400.494506836, 1012.31811523, 1098.5604248, 114.723609924, 97.7301330566, 200.290847778, 140.127655029, 124.930770874, 95.6927185059, 129.706481934, 148.861953735, 149.34928894, 59.8248291016, 92.9621200562, 24.323600769, 29.2610111237, 6.03989839554, 4.22176170349, 1.89358699322, 0.376776903868, 1.58661139011, 0.576891243458, 0.0705077424645, 0.084943369031, 0.111568592489, 0.0440819039941, 0.00643489696085, 0.00232486613095, 0.00523902429268, 0.00163461256307, 0.000251620134804, 6.27683984931e-05, 1.66774916579e-05, 6.91410677973e-05, 0.000163980206707], "mean": [0.00107334298082, 0.0795831829309, 1.28173458576, 4.45357894897, 14.617275238, 49.5398483276, 98.5060958862, 98.1419448853, 14.6420164108, 5.13864660263, 4.15820741653, 7.87374830246, 6.48776721954, 3.28179144859, 5.88867092133, 2.86431264877, 1.99366247654, 1.60659515858, 1.09095323086, 0.395436137915, 0.280977725983, 0.264006078243, 0.152436226606, 0.0702518224716, 0.0287732165307, 0.0278549641371, 0.0148660996929, 0.00544798746705, 0.00303700799122, 0.0018324960256, 0.000720988609828, 0.000345513457432, 0.000156131703989, 0.000111223867862, 6.26928449492e-05, 3.07157024508e-05, 1.23560166685e-05, 2.00628937819e-06, 1.3944303646e-05, 3.32432427967e-05], "median": [0.00100378110074, 0.0751483514905, 0.986678540707, 3.06268787384, 12.6347703934, 40.1396560669, 72.3176345825, 62.3632125854, 11.3075046539, 3.62875676155, 1.86615860462, 4.46778678894, 3.31777906418, 1.47927975655, 3.18823051453, 1.39401948452, 0.977236807346, 0.551577627659, 0.518771231174, 0.176674947143, 0.136471778154, 0.118341654539, 0.0835773125291, 0.0467596612871, 0.0218020584434, 0.0195565987378, 0.0102152880281, 0.00415095314384, 0.00212309509516, 0.000933862640522, 0.000435361173004, 0.000219684108743, 0.000119631615235, 7.11626853445e-05, 4.65511293442e-05, 2.73140103673e-05, 1.14109798233e-05, 1.77370327492e-06, 1.26396435007e-05, 3.01162253891e-05], "min": [2.07479871782e-22, 8.53506806848e-22, 1.66387178267e-21, 3.10587821541e-21, 1.00729919094e-20, 3.66984042508e-20, 4.05976851908e-20, 5.91830603058e-20, 1.45921859111e-19, 2.52166087285e-19, 3.22103510143e-19, 4.23052399454e-19, 9.03047033397e-19, 8.72215116835e-19, 1.19443070995e-18, 2.32366076927e-18, 1.71481385902e-18, 2.80078454365e-18, 3.35023326848e-18, 4.08867311774e-18, 4.25997395079e-18, 3.65444589595e-18, 6.27609724013e-18, 6.19788938116e-18, 7.74253130187e-18, 1.09263858755e-17, 9.77043736543e-18, 1.08691797187e-17, 1.20058367226e-17, 1.30048004145e-17, 1.23834388819e-17, 1.24185659338e-17, 1.11284851243e-17, 1.01988656375e-17, 6.27083306271e-18, 4.19233415133e-18, 2.38601612539e-18, 9.79212273237e-19, 2.65859286844e-19, 2.42701205604e-20], "var": [5.19489447015e-07, 0.00321108778007, 1.24947202206, 19.6842193604, 120.60005188, 1446.35888672, 7838.80615234, 11651.2822266, 151.748413086, 31.5640277863, 69.7242507935, 100.170349121, 79.1428375244, 32.726146698, 70.5870895386, 24.1077461243, 18.6108932495, 10.3344163895, 6.43654966354, 0.740167021751, 0.539812266827, 0.159500971437, 0.041256647557, 0.00685843126848, 0.000670149107464, 0.00156660831999, 0.000371919159079, 2.78056268144e-05, 1.59924002219e-05, 1.9311606593e-05, 1.75202433184e-06, 1.70281708733e-07, 2.13042294916e-08, 4.51290738113e-08, 4.3593684218e-09, 3.30878102694e-10, 4.06069552983e-11, 1.35282421116e-12, 6.08144090641e-11, 3.48856415977e-10]}, "gfcc": {"mean": [-186.804473877, 231.877380371, -92.7248077393, -16.5818958282, -40.9541168213, -38.5763244629, -34.7559242249, -37.3025932312, -29.5373783112, -23.1050109863, -6.32524347305, -9.46965408325, 3.0551097393], "cov": [[5006.00390625, 619.893920898, -576.975219727, -6.86912536621, -75.4082717896, -11.949596405, -18.036157608, -137.4140625, -0.519520282745, -43.0593986511, 31.0858383179, -92.5433654785, -4.30341768265], [619.893920898, 251.473937988, 21.8300209045, -10.8828296661, 15.0060434341, -32.1348381042, 35.3813056946, 1.72331690788, 0.754332721233, -20.0185108185, 1.84372925758, -10.283531189, 5.25617599487], [-576.975219727, 21.8300209045, 297.701171875, 14.6147489548, 31.3211097717, -48.5532112122, 10.5064077377, -4.46660518646, -11.0877933502, 0.956048667431, 18.916852951, 25.4261436462, 19.2468929291], [-6.86912536621, -10.8828296661, 14.6147489548, 87.8049545288, 43.9237785339, 17.3649501801, 7.01236629486, 9.88360404968, 15.5301532745, 11.2742176056, 2.49112200737, -6.44707965851, -13.7530088425], [-75.4082717896, 15.0060434341, 31.3211097717, 43.9237785339, 96.3017425537, 24.9558753967, -9.75940895081, -12.2547340393, 2.86415624619, 6.95701265335, -0.0864583030343, 5.98683404922, 8.0315284729], [-11.949596405, -32.1348381042, -48.5532112122, 17.3649501801, 24.9558753967, 133.627410889, 31.7152385712, -7.7266201973, -2.30266046524, 22.9853534698, 7.32421922684, -19.392326355, -18.9501152039], [-18.036157608, 35.3813056946, 10.5064077377, 7.01236629486, -9.75940895081, 31.7152385712, 81.1951675415, 44.206073761, -7.06248807907, -11.8743906021, 3.4094889164, -3.12896513939, -9.31281375885], [-137.4140625, 1.72331690788, -4.46660518646, 9.88360404968, -12.2547340393, -7.7266201973, 44.206073761, 91.180015564, 29.0853710175, -18.5185756683, -19.3883323669, 3.62029099464, -3.25659394264], [-0.519520282745, 0.754332721233, -11.0877933502, 15.5301532745, 2.86415624619, -2.30266046524, -7.06248807907, 29.0853710175, 68.1332931519, 22.8181800842, -17.8880519867, -9.02122020721, 0.492803990841], [-43.0593986511, -20.0185108185, 0.956048667431, 11.2742176056, 6.95701265335, 22.9853534698, -11.8743906021, -18.5185756683, 22.8181800842, 68.9682922363, 34.9483337402, -9.86460590363, -15.7958364487], [31.0858383179, 1.84372925758, 18.916852951, 2.49112200737, -0.0864583030343, 7.32421922684, 3.4094889164, -19.3883323669, -17.8880519867, 34.9483337402, 70.0235137939, 22.347202301, -11.7421131134], [-92.5433654785, -10.283531189, 25.4261436462, -6.44707965851, 5.98683404922, -19.392326355, -3.12896513939, 3.62029099464, -9.02122020721, -9.86460590363, 22.347202301, 56.6012992859, 27.1150512695], [-4.30341768265, 5.25617599487, 19.2468929291, -13.7530088425, 8.0315284729, -18.9501152039, -9.31281375885, -3.25659394264, 0.492803990841, -15.7958364487, -11.7421131134, 27.1150512695, 57.1911277771]], "icov": [[0.000686526997015, -0.0018086344935, 0.00144650181755, -0.00118096370716, 0.00105127808638, -8.86930356501e-05, 0.000460345880128, 0.00129467609804, -0.000846343871672, 0.00153764907736, -0.00179387303069, 0.0011643768521, -0.00106962013524], [-0.0018086344935, 0.0110690379515, -0.0033340130467, 0.00563517492265, -0.0066118654795, 0.00394234759733, -0.00770741468295, 0.000511297315825, -0.00272402190603, 0.000997586757876, -0.000135431473609, 0.0017215955304, 0.00178757286631], [0.00144650181755, -0.0033340130467, 0.00733210425824, -0.00259573059157, 5.68243121961e-05, 0.00270594679751, -0.00209468044341, 0.00404599681497, -0.00164538261015, 0.00236776308157, -0.00426245015115, 0.00201639626175, -0.00306154228747], [-0.00118096370716, 0.00563517492265, -0.00259573059157, 0.0204343255609, -0.0119438813999, 0.0018883056473, -0.00496535329148, -0.00175481103361, -0.00450392300263, 0.000203480565688, -0.000668426451739, 0.00101751089096, 0.00605061976239], [0.00105127808638, -0.0066118654795, 5.68243121961e-05, -0.0119438813999, 0.02091778256, -0.00676976051182, 0.00837125256658, 0.000496536958963, 0.00301001826301, -0.00134934706148, 0.00254312250763, -0.00377372675575, -0.00408112816513], [-8.86930356501e-05, 0.00394234759733, 0.00270594679751, 0.0018883056473, -0.00676976051182, 0.0147572718561, -0.01243209932, 0.00605347193778, -0.00182012980804, -0.00273613119498, 5.33320489922e-05, 0.00288781663403, 0.00123699731193], [0.000460345880128, -0.00770741468295, -0.00209468044341, -0.00496535329148, 0.00837125256658, -0.01243209932, 0.0339285880327, -0.0193557403982, 0.0109550440684, 0.000824662100058, -0.00360001041554, 0.00206251884811, -0.0022020235192], [0.00129467609804, 0.000511297315825, 0.00404599681497, -0.00175481103361, 0.000496536958963, 0.00605347193778, -0.0193557403982, 0.0315841957927, -0.0192389823496, 0.0121336532757, -0.00226362748072, -0.00238771387376, 0.00303384941071], [-0.000846343871672, -0.00272402190603, -0.00164538261015, -0.00450392300263, 0.00301001826301, -0.00182012980804, 0.0109550440684, -0.0192389823496, 0.0392509549856, -0.0292543061078, 0.0225450880826, -0.00823049806058, -0.000567187787965], [0.00153764907736, 0.000997586757876, 0.00236776308157, 0.000203480565688, -0.00134934706148, -0.00273613119498, 0.000824662100058, 0.0121336532757, -0.0292543061078, 0.0514868348837, -0.0386174954474, 0.021798318252, -0.00440693460405], [-0.00179387303069, -0.000135431473609, -0.00426245015115, -0.000668426451739, 0.00254312250763, 5.33320489922e-05, -0.00360001041554, -0.00226362748072, 0.0225450880826, -0.0386174954474, 0.0544481053948, -0.0339732468128, 0.016522526741], [0.0011643768521, 0.0017215955304, 0.00201639626175, 0.00101751089096, -0.00377372675575, 0.00288781663403, 0.00206251884811, -0.00238771387376, -0.00823049806058, 0.021798318252, -0.0339732468128, 0.0472352132201, -0.0220963060856], [-0.00106962013524, 0.00178757286631, -0.00306154228747, 0.00605061976239, -0.00408112816513, 0.00123699731193, -0.0022020235192, 0.00303384941071, -0.000567187787965, -0.00440693460405, 0.016522526741, -0.0220963060856, 0.0331791453063]]}, "melbands": {"dmean": [2.34218532569e-06, 0.000195099230041, 0.00025186163839, 0.000983263598755, 0.00207150285132, 0.000703944067936, 5.42791385669e-05, 2.1301479137e-05, 1.51364720296e-05, 2.71519020316e-05, 1.19402138807e-05, 5.70605288885e-06, 9.46678301261e-06, 7.38251037546e-06, 2.80305062006e-06, 3.55254451279e-06, 1.97264375856e-06, 1.2787788819e-06, 4.21966205977e-07, 5.24629285792e-07, 1.27928586835e-07, 2.29241408078e-07, 7.68075096858e-08, 5.21132044184e-08, 3.40785142328e-08, 1.22202621355e-08, 6.94163304615e-09, 1.0102496617e-08, 4.63890081903e-09, 3.07737146876e-09, 8.65957472396e-10, 9.37599997641e-10, 4.51775811205e-10, 3.73594932768e-10, 1.97627456067e-10, 9.35363522747e-11, 7.6001149818e-11, 3.22679556686e-11, 4.26947158183e-11, 2.42345189055e-11], "dmean2": [2.21661707656e-06, 0.00024210990523, 0.000304742425214, 0.00173332553823, 0.00339210755192, 0.000716168608051, 6.30565555184e-05, 2.96127836918e-05, 2.04567695619e-05, 3.75708368665e-05, 1.52788816195e-05, 7.94619063527e-06, 1.46497895912e-05, 1.18218449643e-05, 4.50988818557e-06, 5.97343159825e-06, 3.32428044203e-06, 2.17775004785e-06, 7.15014891739e-07, 9.08553943191e-07, 2.18609272906e-07, 3.97494432036e-07, 1.33798351953e-07, 9.05574850663e-08, 5.89591699907e-08, 2.12606945382e-08, 1.19556666789e-08, 1.74781664697e-08, 8.00002109003e-09, 5.31451949115e-09, 1.48489032181e-09, 1.63342250836e-09, 7.86904097438e-10, 6.54215126517e-10, 3.44306028133e-10, 1.60619656464e-10, 1.30174038215e-10, 5.57662908907e-11, 7.28128390914e-11, 4.13073776573e-11], "dvar": [4.61735771146e-12, 4.32145839113e-08, 6.17867002006e-08, 8.63937486884e-07, 4.37359085481e-06, 6.59853071738e-07, 3.43898975963e-09, 1.59943558398e-09, 1.13381437572e-09, 1.36009492557e-09, 4.44415781953e-10, 1.44310285943e-10, 2.0549995039e-10, 3.70863589838e-10, 7.02192332058e-11, 1.22019894189e-10, 2.95963739627e-11, 2.38655102625e-11, 1.57430622358e-12, 4.52028518783e-12, 1.53540090256e-13, 2.21383661728e-13, 1.77701193468e-14, 7.34089574067e-15, 3.39827712614e-15, 2.72658714581e-16, 1.82107994079e-16, 7.13613346661e-16, 1.15735498184e-16, 4.2903022798e-17, 2.00152603306e-18, 4.94320693879e-18, 2.36783697027e-18, 1.89296043882e-18, 4.57606706321e-19, 4.78726740547e-20, 2.58974885557e-20, 3.41428531744e-21, 1.38439338386e-20, 5.01791912602e-21], "dvar2": [6.39606596853e-12, 6.30249132882e-08, 8.6447130343e-08, 2.70008877123e-06, 1.13134456114e-05, 6.68628729272e-07, 5.50274315003e-09, 3.29391869336e-09, 1.86272020031e-09, 2.41556041836e-09, 7.38810346235e-10, 2.67465494197e-10, 4.75803674238e-10, 9.33161325989e-10, 1.82297080209e-10, 3.3712102554e-10, 8.07443278905e-11, 7.09670169852e-11, 4.50152588816e-12, 1.30584007149e-11, 4.33704152236e-13, 6.34513166835e-13, 5.17438197324e-14, 2.13828012642e-14, 9.69927941132e-15, 7.80639646112e-16, 5.36022883692e-16, 2.05504169048e-15, 3.3081599674e-16, 1.25922948729e-16, 5.65692980416e-18, 1.47627502949e-17, 7.08082155341e-18, 5.68607716741e-18, 1.42712230313e-18, 1.3150466972e-19, 7.2832858732e-20, 9.72447664505e-21, 3.84742350102e-20, 1.36166013418e-20], "max": [7.3274015449e-05, 0.00466240989044, 0.00693341437727, 0.0116120837629, 0.0349605493248, 0.0212065111846, 0.00140289391857, 0.00175122334622, 0.00131054839585, 0.00095465767663, 0.000668132386636, 0.000344953557942, 0.000314990233164, 0.000880134233739, 0.000232270831475, 0.000480632996187, 0.000120134995086, 0.000218731976929, 5.27402444277e-05, 8.69517971296e-05, 1.81034210982e-05, 8.85424742592e-06, 3.41773761647e-06, 2.27916621043e-06, 1.70324733517e-06, 2.58725407321e-07, 4.37025448718e-07, 1.45509909544e-06, 5.44885779163e-07, 1.68871778783e-07, 4.1208725321e-08, 7.44510728623e-08, 6.25560474532e-08, 4.88987410563e-08, 3.84837122169e-08, 9.04710972804e-09, 6.46967190931e-09, 2.46541076443e-09, 4.78523798364e-09, 3.57809226692e-09], "mean": [2.66380338871e-05, 0.000496425665915, 0.000887171016075, 0.00206225248985, 0.00366165419109, 0.00190883653704, 0.000172872561961, 5.34076643817e-05, 3.01220916299e-05, 5.22699738212e-05, 3.12894044328e-05, 1.29151576402e-05, 1.69372488017e-05, 1.26474569697e-05, 4.51749610875e-06, 4.75467413708e-06, 2.81339771391e-06, 1.95705069927e-06, 6.7650512392e-07, 6.75449086884e-07, 2.17246935108e-07, 3.49662627741e-07, 1.23044031852e-07, 9.20165348361e-08, 5.57995463168e-08, 2.13513953184e-08, 1.64125388835e-08, 1.99918108734e-08, 1.04720863092e-08, 6.34194785576e-09, 2.2042756509e-09, 2.01362926333e-09, 1.07005693195e-09, 8.02939714717e-10, 4.50489201498e-10, 2.30725355488e-10, 1.92344098982e-10, 9.33774307876e-11, 1.09392328529e-10, 6.44780895342e-11], "median": [2.55551040027e-05, 0.000386765867006, 0.00073527242057, 0.00187844550237, 0.0027100648731, 0.00122037320398, 0.000135488575324, 3.31874725816e-05, 1.15067514344e-05, 2.92676995741e-05, 1.46382844832e-05, 4.53629036201e-06, 9.40187328524e-06, 6.33734634903e-06, 1.25925123484e-06, 1.89139620943e-06, 5.70971621983e-07, 7.91745094375e-07, 2.79559230876e-07, 2.29773789329e-07, 1.19362965734e-07, 1.39405315736e-07, 6.94943125268e-08, 5.69356473079e-08, 3.39234382807e-08, 1.49062877597e-08, 1.20310508223e-08, 1.19923813102e-08, 6.76835698599e-09, 3.81418141515e-09, 1.66319735762e-09, 1.23346699521e-09, 6.5149480255e-10, 3.87824633519e-10, 2.41292708036e-10, 1.35098696119e-10, 1.07405515037e-10, 6.98924390585e-11, 6.00372043746e-11, 3.5774425089e-11], "min": [2.0219944672e-24, 1.58475016668e-24, 7.32295634012e-25, 1.39660999623e-24, 1.68107816903e-24, 1.20153997854e-24, 2.08682680348e-24, 2.59290197899e-24, 2.21297335362e-24, 1.74531570419e-24, 4.73755228682e-24, 3.21633539973e-24, 4.15512523644e-24, 5.90530347925e-24, 4.49091216379e-24, 2.8655098253e-24, 4.75057204163e-24, 4.42831999526e-24, 3.33973217797e-24, 3.65435515052e-24, 4.32036990241e-24, 3.44639918856e-24, 2.93878593149e-24, 4.22489130604e-24, 4.4883645375e-24, 4.82073214725e-24, 4.92659491415e-24, 5.40891433236e-24, 4.81528309055e-24, 4.76939978486e-24, 5.14648910262e-24, 4.31990408005e-24, 6.8977705674e-24, 6.38592250778e-24, 6.32000568497e-24, 7.32176989332e-24, 6.21677061375e-24, 7.38774469741e-24, 7.01674893571e-24, 7.67783094036e-24], "var": [4.04401845344e-10, 1.85039397138e-07, 4.68179621294e-07, 1.81083385087e-06, 1.05999952211e-05, 4.34985622633e-06, 2.0333231987e-08, 5.92463234028e-09, 3.66334584889e-09, 4.56737447863e-09, 2.067624294e-09, 5.80672343542e-10, 5.17246856457e-10, 6.66093458168e-10, 1.23627899584e-10, 1.75442993466e-10, 4.66900164364e-11, 3.40706074464e-11, 2.48169670578e-12, 5.44495785265e-12, 1.9264138082e-13, 3.29427159379e-13, 2.68176712797e-14, 1.22072558767e-14, 5.45182549753e-15, 4.52259795538e-16, 3.5758856415e-16, 1.31691579266e-15, 2.60589818572e-16, 8.96701768141e-17, 4.92130402335e-18, 1.07436724316e-17, 4.76775448624e-18, 3.8582880143e-18, 1.07683716311e-18, 1.12600839763e-19, 8.57539627374e-20, 1.13366443888e-20, 4.87554017841e-20, 1.97535011584e-20]}, "mfcc": {"mean": [-826.579040527, 248.248825073, 23.1181869507, 10.4147844315, 6.94995164871, -9.64152908325, -6.14522886276, -16.0936088562, -19.7575778961, -20.6588115692, -20.7669429779, -12.7553930283, -10.4533491135], "cov": [[1801.11682129, 871.631530762, -490.766937256, -15.4971122742, -24.0977058411, -20.8458614349, 45.5049362183, -45.6095924377, 16.7501964569, 3.06403231621, 20.5830097198, 57.3507843018, -50.9528541565], [871.631530762, 601.898864746, -73.0939407349, -13.7311677933, 13.3558197021, -14.1689443588, 23.7176151276, -7.8986082077, -5.04155540466, 1.96601748466, -3.17132163048, 5.89857149124, -12.0564680099], [-490.766937256, -73.0939407349, 327.696136475, 39.1831817627, 18.7919502258, -1.45107316971, -5.8903927803, 26.2570610046, -15.9136419296, 0.910140573978, -10.2685461044, -25.156829834, 32.3719902039], [-15.4971122742, -13.7311677933, 39.1831817627, 92.0077514648, 39.0347366333, -18.3971767426, 0.329830229282, 9.36793422699, 4.34572553635, 0.0318370126188, 5.42398357391, 17.4354705811, 13.6911296844], [-24.0977058411, 13.3558197021, 18.7919502258, 39.0347366333, 104.562988281, 47.6332969666, -10.8957147598, -3.03865528107, -0.335406780243, 6.75002861023, -1.60753488541, -5.68146705627, 18.849527359], [-20.8458614349, -14.1689443588, -1.45107316971, -18.3971767426, 47.6332969666, 120.043228149, 42.2862129211, -25.5420894623, -11.9952964783, 13.4814310074, 16.5793609619, 5.22788572311, 9.99146938324], [45.5049362183, 23.7176151276, -5.8903927803, 0.329830229282, -10.8957147598, 42.2862129211, 93.4747543335, 32.5369148254, -6.89312171936, 1.28570961952, 14.9112014771, 23.2146492004, 1.85833477974], [-45.6095924377, -7.8986082077, 26.2570610046, 9.36793422699, -3.03865528107, -25.5420894623, 32.5369148254, 91.5038604736, 46.3230209351, 0.754115819931, -4.22977828979, -2.37974047661, 7.18543672562], [16.7501964569, -5.04155540466, -15.9136419296, 4.34572553635, -0.335406780243, -11.9952964783, -6.89312171936, 46.3230209351, 80.6762695312, 39.4661865234, 0.658861815929, -2.62889432907, 1.57448148727], [3.06403231621, 1.96601748466, 0.910140573978, 0.0318370126188, 6.75002861023, 13.4814310074, 1.28570961952, 0.754115819931, 39.4661865234, 71.6415328979, 40.0071907043, -0.130362346768, -1.99953174591], [20.5830097198, -3.17132163048, -10.2685461044, 5.42398357391, -1.60753488541, 16.5793609619, 14.9112014771, -4.22977828979, 0.658861815929, 40.0071907043, 82.4963150024, 44.526550293, -8.07015132904], [57.3507843018, 5.89857149124, -25.156829834, 17.4354705811, -5.68146705627, 5.22788572311, 23.2146492004, -2.37974047661, -2.62889432907, -0.130362346768, 44.526550293, 85.6668777466, 26.4166183472], [-50.9528541565, -12.0564680099, 32.3719902039, 13.6911296844, 18.849527359, 9.99146938324, 1.85833477974, 7.18543672562, 1.57448148727, -1.99953174591, -8.07015132904, 26.4166183472, 67.1845397949]], "icov": [[0.306232213974, -0.427784353495, 0.416783094406, -0.395470350981, 0.370320349932, -0.323172807693, 0.272141605616, -0.231673538685, 0.189310744405, -0.142420768738, 0.0997490137815, -0.0623836703598, 0.0244973283261], [-0.427784353495, 0.599613010883, -0.582309901714, 0.554654896259, -0.520549833775, 0.455441892147, -0.384652018547, 0.327878385782, -0.267786473036, 0.201298996806, -0.141118958592, 0.08842138201, -0.0348444916308], [0.416783094406, -0.582309901714, 0.572235286236, -0.543335199356, 0.509232521057, -0.446535170078, 0.37885376811, -0.326546579599, 0.269294977188, -0.202600046992, 0.14116962254, -0.0866941735148, 0.033275205642], [-0.395470350981, 0.554654896259, -0.543335199356, 0.539523184299, -0.503857076168, 0.446200579405, -0.380799680948, 0.330113947392, -0.27383929491, 0.207262158394, -0.147010445595, 0.0890811160207, -0.0384036488831], [0.370320349932, -0.520549833775, 0.509232521057, -0.503857076168, 0.488962769508, -0.432168453932, 0.372958779335, -0.326022446156, 0.271230071783, -0.206756517291, 0.147588774562, -0.0916116833687, 0.0376257970929], [-0.323172807693, 0.455441892147, -0.446535170078, 0.446200579405, -0.432168453932, 0.402015835047, -0.350675374269, 0.313027858734, -0.261179476976, 0.200672954321, -0.148665294051, 0.0971440821886, -0.0454112887383], [0.272141605616, -0.384652018547, 0.37885376811, -0.380799680948, 0.372958779335, -0.350675374269, 0.328197598457, -0.295402646065, 0.25262182951, -0.196750149131, 0.145182073116, -0.100670479238, 0.047695402056], [-0.231673538685, 0.327878385782, -0.326546579599, 0.330113947392, -0.326022446156, 0.313027858734, -0.295402646065, 0.291598200798, -0.253202170134, 0.199556320906, -0.14745606482, 0.101679705083, -0.0507100336254], [0.189310744405, -0.267786473036, 0.269294977188, -0.27383929491, 0.271230071783, -0.261179476976, 0.25262182951, -0.253202170134, 0.243741631508, -0.195267289877, 0.14297157526, -0.0970431864262, 0.0482102632523], [-0.142420768738, 0.201298996806, -0.202600046992, 0.207262158394, -0.206756517291, 0.200672954321, -0.196750149131, 0.199556320906, -0.195267289877, 0.181601643562, -0.134303435683, 0.0910415872931, -0.0461891964078], [0.0997490137815, -0.141118958592, 0.14116962254, -0.147010445595, 0.147588774562, -0.148665294051, 0.145182073116, -0.14745606482, 0.14297157526, -0.134303435683, 0.120919875801, -0.082615442574, 0.0443800874054], [-0.0623836703598, 0.08842138201, -0.0866941735148, 0.0890811160207, -0.0916116833687, 0.0971440821886, -0.100670479238, 0.101679705083, -0.0970431864262, 0.0910415872931, -0.082615442574, 0.0738793984056, -0.0386483743787], [0.0244973283261, -0.0348444916308, 0.033275205642, -0.0384036488831, 0.0376257970929, -0.0454112887383, 0.047695402056, -0.0507100336254, 0.0482102632523, -0.0461891964078, 0.0443800874054, -0.0386483743787, 0.037327028811]]}, "spectral_contrast_coeffs": {"dmean": [0.0499527491629, 0.042021073401, 0.031493358314, 0.0255319233984, 0.0159797593951, 0.0269686300308], "dmean2": [0.0833350867033, 0.0592768341303, 0.0487872138619, 0.0425358079374, 0.0273512061685, 0.0474788844585], "dvar": [0.00153461529408, 0.00106018246152, 0.000588270253502, 0.000381521502277, 0.000152910666657, 0.000450832973002], "dvar2": [0.00432961015031, 0.0022387043573, 0.00143545144238, 0.00106638227589, 0.000446369638667, 0.00135569390841], "max": [-0.16035720706, -0.275627911091, -0.535604596138, -0.546781420708, -0.689438045025, -0.690534353256], "mean": [-0.449531883001, -0.586901664734, -0.752149701118, -0.725896120071, -0.798954188824, -0.796219110489], "median": [-0.45570269227, -0.588446617126, -0.754470944405, -0.729491949081, -0.800089836121, -0.79205930233], "min": [-0.975954830647, -0.982265889645, -0.973127484322, -0.97150427103, -0.965288460255, -0.964359760284], "var": [0.00735173514113, 0.00756451068446, 0.00239956262521, 0.00201617949642, 0.000704512756784, 0.00118116440717]}, "spectral_contrast_valleys": {"dmean": [0.329608738422, 0.295943588018, 0.229049861431, 0.195062741637, 0.128391161561, 0.408373236656], "dmean2": [0.530820608139, 0.470788985491, 0.374568790197, 0.326222538948, 0.219454213977, 0.724199414253], "dvar": [0.108807437122, 0.0582222975791, 0.0356181338429, 0.0278005637228, 0.0158657263964, 0.11342035234], "dvar2": [0.281794279814, 0.142983645