{"lowlevel": {"average_loudness": 0.88828086853, "barkbands_crest": {"dmean": 2.80786061287, "dmean2": 4.35653972626, "dvar": 7.58125495911, "dvar2": 16.9857616425, "max": 26.4586849213, "mean": 14.8206710815, "median": 14.3917675018, "min": 2.68065595627, "var": 25.4005775452}, "barkbands_flatness_db": {"dmean": 0.0398648381233, "dmean2": 0.050607252866, "dvar": 0.00205543264747, "dvar2": 0.00380142498761, "max": 0.617990911007, "mean": 0.255268245935, "median": 0.232813879848, "min": 0.0351122803986, "var": 0.0163030773401}, "barkbands_kurtosis": {"dmean": 11.1556568146, "dmean2": 16.5555286407, "dvar": 553.640136719, "dvar2": 1323.21813965, "max": 1080.25585938, "mean": 20.3068237305, "median": 11.326002121, "min": -1.82066726685, "var": 1146.56640625}, "barkbands_skewness": {"dmean": 0.97208070755, "dmean2": 1.42868030071, "dvar": 1.30952966213, "dvar2": 2.95607352257, "max": 24.211812973, "mean": 2.64645290375, "median": 2.52420663834, "min": -3.50995182991, "var": 4.12506866455}, "barkbands_spread": {"dmean": 3.73664069176, "dmean2": 5.07370328903, "dvar": 32.0825271606, "dvar2": 63.3459358215, "max": 74.4341506958, "mean": 9.93702125549, "median": 5.41189575195, "min": 0.051303114742, "var": 129.396392822}, "dissonance": {"dmean": 0.0366622395813, "dmean2": 0.0570576526225, "dvar": 0.00150517118163, "dvar2": 0.00350826536305, "max": 0.500000059605, "mean": 0.39667519927, "median": 0.416562974453, "min": 0.0729004070163, "var": 0.00610701367259}, "dynamic_complexity": 4.49124908447, "erbbands_crest": {"dmean": 2.90923047066, "dmean2": 4.36179924011, "dvar": 9.3155632019, "dvar2": 19.0193099976, "max": 32.6659011841, "mean": 13.8093767166, "median": 13.2483911514, "min": 2.17152142525, "var": 41.5253448486}, "erbbands_flatness_db": {"dmean": 0.0357833169401, "dmean2": 0.0437319092453, "dvar": 0.00171376205981, "dvar2": 0.00304893031716, "max": 0.589711725712, "mean": 0.223622992635, "median": 0.192722409964, "min": 0.0277487821877, "var": 0.0131529597566}, "erbbands_kurtosis": {"dmean": 5.63694906235, "dmean2": 7.8670630455, "dvar": 107.819343567, "dvar2": 220.778167725, "max": 177.542022705, "mean": 9.69944667816, "median": 3.43992829323, "min": -1.7745821476, "var": 277.989227295}, "erbbands_skewness": {"dmean": 0.693768978119, "dmean2": 0.95472484827, "dvar": 0.621477425098, "dvar2": 1.32240223885, "max": 9.82473659515, "mean": 1.8609303236, "median": 1.57900762558, "min": -2.05876016617, "var": 2.66366934776}, "erbbands_spread": {"dmean": 10.6942939758, "dmean2": 14.4832239151, "dvar": 199.052841187, "dvar2": 368.501281738, "max": 153.686645508, "mean": 31.7033157349, "median": 22.4363422394, "min": 0.414737403393, "var": 836.81060791}, "hfc": {"dmean": 4.2958445549, "dmean2": 5.99602365494, "dvar": 67.6985778809, "dvar2": 161.364227295, "max": 137.121231079, "mean": 9.49220085144, "median": 5.20533514023, "min": 1.06340665336e-16, "var": 130.733139038}, "melbands_crest": {"dmean": 3.07665419579, "dmean2": 4.84354257584, "dvar": 8.91904735565, "dvar2": 20.5221061707, "max": 36.9642753601, "mean": 17.1646518707, "median": 16.9662399292, "min": 1.00135684013, "var": 28.1630516052}, "melbands_flatness_db": {"dmean": 0.0436994060874, "dmean2": 0.0550458952785, "dvar": 0.00258650397882, "dvar2": 0.00488012563437, "max": 0.762519478798, "mean": 0.340783029795, "median": 0.321712732315, "min": 3.4514704339e-07, "var": 0.0224693138152}, "melbands_kurtosis": {"dmean": 15.2777309418, "dmean2": 22.8881855011, "dvar": 717.067199707, "dvar2": 1667.64404297, "max": 944.794799805, "mean": 30.6793804169, "median": 20.2131385803, "min": -1.66416013241, "var": 1462.16223145}, "melbands_skewness": {"dmean": 1.08593058586, "dmean2": 1.59634041786, "dvar": 1.57746613026, "dvar2": 3.31497001648, "max": 23.6170959473, "mean": 3.14311099052, "median": 2.97781682014, "min": -2.75895857811, "var": 5.42662858963}, "melbands_spread": {"dmean": 3.08105611801, "dmean2": 4.44729232788, "dvar": 30.7327709198, "dvar2": 62.6656341553, "max": 160.134048462, "mean": 9.28708553314, "median": 5.30209445953, "min": 0.296436727047, "var": 247.168167114}, "pitch_salience": {"dmean": 0.0765448212624, "dmean2": 0.120385289192, "dvar": 0.00638365512714, "dvar2": 0.0145814390853, "max": 0.996045470238, "mean": 0.480827182531, "median": 0.473736822605, "min": 0.0676766708493, "var": 0.0216623209417}, "silence_rate_20dB": {"dmean": 0, "dmean2": 0, "dvar": 0, "dvar2": 0, "max": 1, "mean": 1, "median": 1, "min": 1, "var": 0}, "silence_rate_30dB": {"dmean": 0.0192328710109, "dmean2": 0.0384699441493, "dvar": 0.0188609603792, "dvar2": 0.0450733974576, "max": 1, "mean": 0.979676544666, "median": 1, "min": 0, "var": 0.0199097022414}, "silence_rate_60dB": {"dmean": 0.0410884059966, "dmean2": 0.0821857899427, "dvar": 0.0393991693854, "dvar2": 0.0863640233874, "max": 1, "mean": 0.145979017019, "median": 0, "min": 0, "var": 0.124664597213}, "spectral_centroid": {"dmean": 146.672821045, "dmean2": 203.860977173, "dvar": 58005.71875, "dvar2": 110193.304688, "max": 11611.4023438, "mean": 744.857543945, "median": 446.343261719, "min": 117.066627502, "var": 1291136.25}, "spectral_complexity": {"dmean": 2.35930490494, "dmean2": 3.46076512337, "dvar": 13.979473114, "dvar2": 27.6295566559, "max": 46, "mean": 8.09418678284, "median": 6, "min": 0, "var": 42.6423683167}, "spectral_decrease": {"dmean": 3.10534642445e-09, "dmean2": 4.60767424215e-09, "dvar": 3.67580998594e-17, "dvar2": 8.58308477795e-17, "max": 2.22296515675e-28, "mean": -6.39629726962e-09, "median": -4.36866365305e-09, "min": -8.43347081059e-08, "var": 5.9365058497e-17}, "spectral_energy": {"dmean": 0.0120660653338, "dmean2": 0.0178700406104, "dvar": 0.000549276766833, "dvar2": 0.0012826063903, "max": 0.327001810074, "mean": 0.0250021368265, "median": 0.0170706100762, "min": 9.8871452668e-21, "var": 0.000893238116987}, "spectral_energyband_high": {"dmean": 0.000196269960725, "dmean2": 0.000248788157478, "dvar": 1.50244460428e-07, "dvar2": 3.20360896922e-07, "max": 0.00499430298805, "mean": 0.000366217747796, "median": 4.82165924041e-05, "min": 7.03040674331e-21, "var": 4.23116517823e-07}, "spectral_energyband_low": {"dmean": 0.00655463896692, "dmean2": 0.0102493753657, "dvar": 0.000249973294558, "dvar2": 0.000623351894319, "max": 0.180974006653, "mean": 0.0107199661434, "median": 0.00514527130872, "min": 1.54881731579e-23, "var": 0.000283825880615}, "spectral_energyband_middle_high": {"dmean": 0.000683735066559, "dmean2": 0.00109834282193, "dvar": 7.88446050137e-06, "dvar2": 2.12591457966e-05, "max": 0.0339404903352, "mean": 0.000846326467581, "median": 0.000179248207132, "min": 1.16015069747e-21, "var": 6.36446247881e-06}, "spectral_energyband_middle_low": {"dmean": 0.00694551412016, "dmean2": 0.0102362614125, "dvar": 0.000247218558798, "dvar2": 0.000568059971556, "max": 0.260488897562, "mean": 0.0137595431879, "median": 0.00702224392444, "min": 1.62313634343e-22, "var": 0.000429347361205}, "spectral_entropy": {"dmean": 0.380237370729, "dmean2": 0.480474501848, "dvar": 0.233483538032, "dvar2": 0.423614025116, "max": 9.8266620636, "mean": 6.6328496933, "median": 6.83217048645, "min": 3.29172134399, "var": 1.52344954014}, "spectral_flux": {"dmean": 0.0346158109605, "dmean2": 0.0533842109144, "dvar": 0.00258174003102, "dvar2": 0.00590410362929, "max": 0.484071463346, "mean": 0.0670561343431, "median": 0.0469876304269, "min": 6.12888836904e-11, "var": 0.00434331456199}, "spectral_kurtosis": {"dmean": 11.5717315674, "dmean2": 17.9219360352, "dvar": 546.61529541, "dvar2": 1363.05224609, "max": 500.682861328, "mean": 28.5768642426, "median": 4.97578144073, "min": -1.27192056179, "var": 3391.49804688}, "spectral_rms": {"dmean": 0.00100861827377, "dmean2": 0.00142790575046, "dvar": 2.38119355345e-06, "dvar2": 5.28910186404e-06, "max": 0.017861302942, "mean": 0.00424617063254, "median": 0.00408096238971, "min": 3.10580033913e-12, "var": 6.3624052018e-06}, "spectral_rolloff": {"dmean": 220.147476196, "dmean2": 350.642333984, "dvar": 452635.6875, "dvar2": 937969.5, "max": 19616.7480469, "mean": 817.767944336, "median": 387.59765625, "min": 43.06640625, "var": 4284611}, "spectral_skewness": {"dmean": 0.767823636532, "dmean2": 1.10043787956, "dvar": 1.18451929092, "dvar2": 2.56283974648, "max": 18.4328994751, "mean": 3.2306163311, "median": 1.97069144249, "min": -0.0918757617474, "var": 9.68473815918}, "spectral_spread": {"dmean": 910850.9375, "dmean2": 1171454.25, "dvar": 1076778237950.0, "dvar2": 2051279945730.0, "max": 42746152, "mean": 4918621.5, "median": 4874939, "min": 240064.484375, "var": 18877165600800.0}, "spectral_strongpeak": {"dmean": 0.31005692482, "dmean2": 0.486764967442, "dvar": 0.262784034014, "dvar2": 0.551354169846, "max": 7.07987070084, "mean": 0.766779243946, "median": 0.444160342216, "min": 0, "var": 0.617182374001}, "zerocrossingrate": {"dmean": 0.00876158289611, "dmean2": 0.00940984673798, "dvar": 0.000130426458782, "dvar2": 0.000133531313622, "max": 0.525390625, "mean": 0.038893211633, "median": 0.0224609375, "min": 0.00244140625, "var": 0.00313814380206}, "barkbands": {"dmean": [0.000164529148606, 0.00398084009066, 0.00315572065301, 0.00119768828154, 0.00163858372252, 0.00420768465847, 0.000891754985787, 0.000174901273567, 0.000157446760568, 0.000114014794235, 0.00010641256813, 0.000198137087864, 0.000124243888422, 5.28881391801e-05, 5.95765195612e-05, 3.28710775648e-05, 2.62177763943e-05, 3.53841278411e-05, 2.84615180135e-05, 4.48137507192e-05, 3.70537600247e-05, 4.60010305687e-05, 4.46453341283e-05, 4.09125423175e-05, 2.01054899662e-05, 5.33027059646e-06, 1.33673154323e-06], "dmean2": [0.000250836252235, 0.0061728800647, 0.00565785402432, 0.00210530473851, 0.00280730891973, 0.00607571192086, 0.00132327410392, 0.000276813778328, 0.00025211868342, 0.000186212026165, 0.0001741637534, 0.000362604419934, 0.000210446669371, 9.01189850993e-05, 9.48571832851e-05, 5.08667872055e-05, 4.17230548919e-05, 5.58320934942e-05, 4.27932027378e-05, 7.11847897037e-05, 5.39539105375e-05, 6.80556840962e-05, 6.09093476669e-05, 5.20795401826e-05, 2.53786220128e-05, 6.61554258841e-06, 1.71297233464e-06], "dvar": [2.33117617654e-07, 5.72027238377e-05, 0.000100069781183, 1.07512933027e-05, 3.63217113772e-05, 0.000109648892249, 5.56801887797e-06, 1.39271151056e-07, 1.69157104324e-07, 1.25772487536e-07, 2.74546920309e-07, 1.30376497509e-06, 2.90318041607e-07, 1.99997103323e-08, 2.97999438459e-08, 5.4695679097e-09, 3.51619466876e-09, 1.04138235812e-08, 3.51779028129e-09, 2.11518820237e-08, 6.84759271508e-09, 9.56917745043e-09, 7.36007432778e-09, 5.21733856118e-09, 1.30463873038e-09, 9.2859879508e-11, 7.03607181199e-12], "dvar2": [5.11711334639e-07, 0.00013859810133, 0.000288026407361, 2.98094073514e-05, 0.000101124533103, 0.000219611887587, 1.1071831068e-05, 3.49753321416e-07, 4.62540839408e-07, 3.11576485501e-07, 7.09652113073e-07, 3.77844276045e-06, 7.75471619363e-07, 5.590064589e-08, 7.56350999609e-08, 1.34690161246e-08, 9.04301789006e-09, 2.81178813566e-08, 7.9799171715e-09, 5.85919792684e-08, 1.68837228642e-08, 2.38770123673e-08, 1.50788572739e-08, 9.53951406757e-09, 2.49704212862e-09, 1.62797234027e-10, 1.32544175288e-11], "max": [0.00691123399884, 0.0850268304348, 0.114991754293, 0.038632620126, 0.0885756760836, 0.230438172817, 0.0655362457037, 0.00881424266845, 0.00731330737472, 0.00410837121308, 0.0068547828123, 0.0140801034868, 0.00681696273386, 0.00211279117502, 0.00227832212113, 0.00115323241334, 0.00109688774683, 0.00206410349347, 0.000743967830203, 0.00205600401387, 0.00100288947579, 0.00146243127529, 0.00107098312583, 0.000913804629818, 0.000817578518763, 0.000171471518115, 3.30895381921e-05], "mean": [0.000163564269315, 0.00689961574972, 0.00297743570991, 0.00104416895192, 0.00187025708146, 0.00795372575521, 0.00225481297821, 0.000286166236037, 0.00032459013164, 0.000122866069432, 9.81775301625e-05, 0.000157139642397, 0.000127964070998, 6.01229803578e-05, 8.55391044752e-05, 5.00993810419e-05, 3.83551450795e-05, 4.81412971567e-05, 4.83647272631e-05, 5.83990040468e-05, 6.23276064289e-05, 7.4996285548e-05, 7.53131535021e-05, 7.26182115613e-05, 3.5663259041e-05, 9.64597256825e-06, 2.07725975088e-06], "median": [1.13572223199e-05, 0.00241794623435, 0.000641985447146, 0.000130277083372, 0.00044721661834, 0.00312473298982, 0.000695997150615, 0.000111772023956, 0.000138927483931, 2.81310494756e-05, 7.80388290877e-06, 1.12730513138e-05, 1.57763734023e-05, 1.19019787235e-05, 1.03366764961e-05, 8.85178633325e-06, 6.45372256258e-06, 6.74451621308e-06, 8.94684671948e-06, 8.09772427601e-06, 9.5580917332e-06, 9.02141073311e-06, 7.55189603296e-06, 7.30101191948e-06, 4.06666913477e-06, 7.91993556959e-07, 9.51837364482e-08], "min": [1.39897529704e-25, 4.63750026935e-24, 1.28867045439e-24, 1.64497614692e-24, 5.84176822751e-24, 4.7536517546e-24, 9.81089268428e-24, 6.92963739253e-24, 6.6122999496e-24, 2.60211054955e-23, 1.57881312062e-23, 1.66639892698e-23, 2.87258839253e-23, 4.29913731672e-23, 5.05375976539e-23, 6.04066830294e-23, 7.62419676073e-23, 5.15507380253e-23, 1.30257974848e-22, 1.6142378662e-22, 2.35215779448e-22, 3.33610993379e-22, 4.00019071429e-22, 5.81995423555e-22, 8.86207502129e-22, 1.23940584868e-21, 1.97486665139e-21], "var": [2.39934450974e-07, 8.87041242095e-05, 6.58423741697e-05, 7.69329835748e-06, 2.64383215836e-05, 0.000210800164496, 2.26713764278e-05, 2.47254547503e-07, 2.94337269224e-07, 1.14605441581e-07, 2.23253039167e-07, 7.90579861132e-07, 2.24941246074e-07, 1.73234422363e-08, 4.16373922008e-08, 9.57627932507e-09, 5.70961411483e-09, 1.22684236104e-08, 7.61061702548e-09, 2.04308232554e-08, 1.33776651978e-08, 1.95024405514e-08, 1.91241618097e-08, 1.78181061017e-08, 4.14775946922e-09, 3.35362959625e-10, 1.69216498452e-11]}, "erbbands": {"dmean": [0.116901390254, 0.924864888191, 3.00848913193, 4.53422546387, 3.8889336586, 5.72229099274, 15.868894577, 39.8824119568, 21.5083942413, 6.31951713562, 3.80887770653, 3.11027288437, 3.6702542305, 3.5093729496, 6.81100320816, 7.53775978088, 5.92554950714, 2.97374010086, 2.83155441284, 2.62948393822, 1.81348776817, 1.45340883732, 1.60538876057, 1.82014596462, 1.49394249916, 2.34370565414, 1.41682219505, 1.76918101311, 1.54932355881, 1.50487494469, 1.26776301861, 1.10461342335, 0.524130642414, 0.271253526211, 0.117075324059, 0.0354372113943, 0.0078968629241, 0.00159509875812, 0.000247549702181, 2.03272029466e-05], "dmean2": [0.176222577691, 1.48738670349, 5.24602890015, 8.09306049347, 6.49318170547, 10.1382846832, 25.4890346527, 57.0218429565, 30.4266738892, 9.70974826813, 5.96716976166, 5.02441310883, 5.73563671112, 5.51584005356, 12.0273361206, 13.4408302307, 10.0796813965, 5.06072664261, 4.62451934814, 4.09299850464, 2.86331391335, 2.32203817368, 2.4904897213, 2.81170368195, 2.25624060631, 3.80288243294, 2.07924675941, 2.65797781944, 2.30309081078, 2.13393783569, 1.74557435513, 1.49861812592, 0.666860282421, 0.347084254026, 0.152016669512, 0.0449677780271, 0.0098954224959, 0.00196942337789, 0.000320754101267, 2.69038173428e-05], "dvar": [0.0590665899217, 3.16875624657, 82.1052322388, 181.428894043, 152.113693237, 464.299041748, 1471.38305664, 12449.4677734, 2888.05078125, 321.667144775, 63.4312515259, 63.6130332947, 88.9533920288, 126.875587463, 1557.39245605, 1641.07739258, 667.986083984, 70.5695571899, 51.7920036316, 67.1782302856, 16.6952857971, 11.0437345505, 16.1984901428, 27.2673377991, 10.8795089722, 65.0852508545, 9.95221996307, 20.4309959412, 10.9998245239, 8.22109603882, 6.00545597076, 4.59025764465, 0.783911049366, 0.231515929103, 0.0485581234097, 0.00444552768022, 0.000210900514503, 9.09248774406e-06, 2.45832154633e-07, 1.13325515638e-09], "dvar2": [0.149927631021, 7.6802611351, 231.317810059, 513.014953613, 409.024139404, 1319.46630859, 3683.53271484, 24636.46875, 5482.82861328, 763.480102539, 157.313354492, 176.729888916, 219.511016846, 300.140533447, 4390.48242188, 4636.76953125, 1792.88171387, 198.174453735, 139.197357178, 177.048995972, 41.5736274719, 28.6511859894, 41.791217804, 71.5849609375, 26.5974769592, 184.065597534, 23.106464386, 53.5452804565, 27.5935535431, 17.9062976837, 12.8316164017, 9.44417381287, 1.5029104948, 0.422266125679, 0.102270416915, 0.00834770686924, 0.000393876369344, 1.71490046341e-05, 4.55159494095e-07, 2.27526397722e-09], "max": [3.0855755806, 19.2004985809, 101.791290283, 155.008148193, 140.905441284, 313.745117188, 555.216430664, 2536.12133789, 1215.83447266, 447.346282959, 173.592773438, 116.747764587, 147.594421387, 156.7237854, 478.177520752, 493.030426025, 330.419403076, 106.187263489, 80.186126709, 112.275306702, 82.477973938, 59.4409980774, 89.3491744995, 69.6022644043, 54.2471847534, 118.998435974, 47.5706291199, 61.7919082642, 56.2548484802, 31.6302719116, 34.2019805908, 26.4143409729, 12.10069561, 8.87515354156, 6.42311954498, 1.60680747032, 0.215209156275, 0.0382084958255, 0.0061354986392, 0.000442919845227], "mean": [0.180969968438, 1.60660922527, 3.30850553513, 4.06775522232, 3.89200329781, 5.79710054398, 34.6499023438, 68.7906265259, 45.2582359314, 14.5772609711, 6.56466770172, 6.11554718018, 6.58270311356, 3.96070957184, 5.63121604919, 6.25674581528, 6.15525102615, 3.36313652992, 3.7672533989, 3.71504354477, 2.87038064003, 2.17558836937, 2.37842512131, 2.65635180473, 2.44877624512, 2.94341945648, 2.29402399063, 2.87644720078, 2.56261348724, 2.47856163979, 2.10730338097, 1.86228466034, 0.916939377785, 0.487177163363, 0.20010381937, 0.0643069446087, 0.0134140932932, 0.00260590552352, 0.00039004808059, 4.41716547357e-05], "median": [0.0407755337656, 0.535011649132, 1.30856132507, 0.816897630692, 0.576106905937, 1.64336907864, 16.6333961487, 20.4662837982, 14.5372562408, 4.97937011719, 2.90249156952, 3.25104618073, 1.41807258129, 0.849116921425, 0.445136427879, 0.583321928978, 0.801057755947, 0.673376441002, 0.605009794235, 0.54156768322, 0.563531041145, 0.397666960955, 0.362414211035, 0.383777916431, 0.494938254356, 0.431497693062, 0.361920177937, 0.35624986887, 0.319881945848, 0.267980992794, 0.207819581032, 0.176533058286, 0.101212248206, 0.0565806031227, 0.0210735090077, 0.00543382065371, 0.00115894968621, 0.000170611150679, 3.07659429382e-05, 2.50712946581e-05], "min": [7.18679232145e-23, 5.44388190149e-22, 2.21482475967e-21, 4.24158911851e-21, 4.68837408583e-21, 1.74364810209e-20, 3.13574605943e-20, 5.76364845919e-20, 1.52347385184e-19, 2.33116272874e-19, 2.48721241925e-19, 2.58033899755e-19, 4.88567921552e-19, 7.72803878734e-19, 9.90627469088e-19, 1.0697337496e-18, 1.73109111911e-18, 1.94746543733e-18, 2.57384526785e-18, 2.26603812703e-18, 4.31123846926e-18, 5.17967926435e-18, 3.05330727503e-18, 5.77197821966e-18, 7.24278103581e-18, 8.49375853621e-18, 9.49741151501e-18, 1.03556833652e-17, 1.12222162683e-17, 1.15568116532e-17, 1.17076199138e-17, 1.027175183e-17, 9.62765854708e-18, 7.44544938487e-18, 7.31125918282e-18, 3.88881842353e-18, 2.48142231006e-18, 1.01928152249e-18, 2.57700313324e-19, 2.53135345861e-20], "var": [0.0778228715062, 4.86026525497, 59.4764060974, 121.478691101, 127.757003784, 306.320129395, 2467.51782227, 21591.625, 8291.94140625, 959.784851074, 115.702087402, 82.2472915649, 169.516235352, 130.258300781, 1014.68988037, 1061.1496582, 520.387512207, 58.9610061646, 60.623790741, 76.7987289429, 30.1368751526, 17.84724617, 25.6430740356, 33.4264755249, 20.479434967, 56.3807487488, 19.2909240723, 32.8117599487, 22.7515964508, 20.5081233978, 15.0300168991, 12.5054426193, 2.62160801888, 0.766013324261, 0.13585279882, 0.0150037547573, 0.000666123407427, 2.57643514487e-05, 5.75899093747e-07, 2.67273136956e-09]}, "gfcc": {"mean": [-122.615715027, 122.389419556, -70.8292312622, 25.6208000183, -71.6809234619, -3.44392347336, -39.6014976501, -0.0853182673454, -8.3841047287, 9.54305744171, 1.66292250156, 2.04020452499, 0.0909957066178], "cov": [[32963.8867188, -4754.43261719, -2871.76660156, 3142.66943359, -941.055847168, 1859.94104004, -1041.09533691, 489.783294678, -1066.7409668, 44.7098350525, -888.520019531, 331.744171143, -508.694458008], [-4754.43261719, 3926.27612305, 622.122009277, -858.189575195, 532.970825195, -692.300354004, 473.332366943, -211.669219971, 533.125854492, -57.7018699646, 398.18371582, -291.227783203, 272.116210938], [-2871.76660156, 622.122009277, 1507.49267578, 141.7237854, 277.475128174, 130.716125488, 277.873413086, 134.15802002, 162.16166687, 7.06695127487, 40.383518219, -39.2101173401, -27.290813446], [3142.66943359, -858.189575195, 141.7237854, 940.36315918, 108.798057556, 465.881591797, 33.229839325, 206.996688843, -86.5854644775, 3.94750523567, -153.6927948, 21.4687614441, -93.9343566895], [-941.055847168, 532.970825195, 277.475128174, 108.798057556, 475.216796875, 110.593269348, 231.344467163, 36.8809280396, 110.7315979, -19.9625339508, 22.9731998444, -69.9893569946, 4.47103309631], [1859.94104004, -692.300354004, 130.716125488, 465.881591797, 110.593269348, 486.040985107, 61.7227706909, 138.088287354, -109.143074036, -9.64148616791, -129.940887451, 30.3235168457, -91.7170562744], [-1041.09533691, 473.332366943, 277.873413086, 33.229839325, 231.344467163, 61.7227706909, 270.977264404, 58.8587112427, 101.123199463, -28.2728767395, 43.6804428101, -41.6202926636, 24.0516700745], [489.783294678, -211.669219971, 134.15802002, 206.996688843, 36.8809280396, 138.088287354, 58.8587112427, 150.208557129, 24.021572113, 14.0039358139, -43.0422782898, 11.7619276047, -17.6299705505], [-1066.7409668, 533.125854492, 162.16166687, -86.5854644775, 110.7315979, -109.143074036, 101.123199463, 24.021572113, 186.79359436, 38.3359985352, 79.9326095581, -34.1302261353, 55.7864341736], [44.7098350525, -57.7018699646, 7.06695127487, 3.94750523567, -19.9625339508, -9.64148616791, -28.2728767395, 14.0039358139, 38.3359985352, 101.974723816, 46.4836540222, 23.7736816406, 0.166281983256], [-888.520019531, 398.18371582, 40.383518219, -153.6927948, 22.9731998444, -129.940887451, 43.6804428101, -43.0422782898, 79.9326095581, 46.4836540222, 150.749145508, 15.316652298, 32.6441917419], [331.744171143, -291.227783203, -39.2101173401, 21.4687614441, -69.9893569946, 30.3235168457, -41.6202926636, 11.7619276047, -34.1302261353, 23.7736816406, 15.316652298, 84.0555114746, -5.94557142258], [-508.694458008, 272.116210938, -27.290813446, -93.9343566895, 4.47103309631, -91.7170562744, 24.0516700745, -17.6299705505, 55.7864341736, 0.166281983256, 32.6441917419, -5.94557142258, 107.112419128]], "icov": [[0.000114973670861, -0.000228898614296, 0.00025802719756, -0.00036477408139, 0.000218117391341, -0.000320420542266, 0.000295812875265, -0.000130699641886, 0.000161772346473, -0.00018477885169, 0.000370907684555, -0.000501368485857, 0.000277141545666], [-0.000228898614296, 0.00162452727091, -0.000751195417251, 0.0010121492669, -0.000816864543594, 0.000975630537141, -0.000981806777418, 0.000834307807963, -0.00134281581268, 0.0014462081017, -0.00269059278071, 0.00371309532784, -0.00156740518287], [0.00025802719756, -0.000751195417251, 0.00152242300101, -0.000866653979756, 0.000520400877576, -0.000903921434656, 0.00014307735546, -0.000718202267308, -4.73442523798e-05, -0.000577542814426, 0.00118849507999, -0.00173338828608, 0.00138273334596], [-0.00036477408139, 0.0010121492669, -0.000866653979756, 0.00360540580004, -0.00117399997544, -0.000591243093368, -0.00020488021255, -0.00144667737186, -0.000570529780816, 0.00081947928993, -0.00159114343114, 0.00270811398514, -0.00108093733434], [0.000218117391341, -0.000816864543594, 0.000520400877576, -0.00117399997544, 0.00510284211487, -0.00213128374889, -0.00218724575825, 0.00173356267624, -0.0016259199474, -0.000590566487517, 0.00137792574242, -0.000103260521428, 0.00137469777837], [-0.000320420542266, 0.000975630537141, -0.000903921434656, -0.000591243093368, -0.00213128374889, 0.0080615831539, -0.00344340503216, -0.00125801819377, 0.00322683365084, -0.00160167948343, 0.00178242474794, -0.000359029014362, 0.000567619339563], [0.000295812875265, -0.000981806777418, 0.00014307735546, -0.00020488021255, -0.00218724575825, -0.00344340503216, 0.0117254760116, -0.00451712077484, -0.00126470613759, 0.00461365748197, -0.00387319759466, 0.000251557590673, -0.000631775707006], [-0.000130699641886, 0.000834307807963, -0.000718202267308, -0.00144667737186, 0.00173356267624, -0.00125801819377, -0.00451712077484, 0.0160942021757, -0.00661929231137, -0.00165485136677, 0.00447687180713, -0.00216563045979, 0.0002872334735], [0.000161772346473, -0.00134281581268, -4.73442523798e-05, -0.000570529780816, -0.0016259199474, 0.00322683365084, -0.00126470613759, -0.00661929231137, 0.0172596387565, -0.0065264320001, -0.00124242925085, 0.00149544025771, -0.00282472698018], [-0.00018477885169, 0.0014462081017, -0.000577542814426, 0.00081947928993, -0.000590566487517, -0.00160167948343, 0.00461365748197, -0.00165485136677, -0.0065264320001, 0.0182374492288, -0.00928327254951, 0.00172275782097, -0.000339620135492], [0.000370907684555, -0.00269059278071, 0.00118849507999, -0.00159114343114, 0.00137792574242, 0.00178242474794, -0.00387319759466, 0.00447687180713, -0.00124242925085, -0.00928327254951, 0.0217628851533, -0.0134364282712, 0.00386268785223], [-0.000501368485857, 0.00371309532784, -0.00173338828608, 0.00270811398514, -0.000103260521428, -0.000359029014362, 0.000251557590673, -0.00216563045979, 0.00149544025771, 0.00172275782097, -0.0134364282712, 0.0278739314526, -0.00573620805517], [0.000277141545666, -0.00156740518287, 0.00138273334596, -0.00108093733434, 0.00137469777837, 0.000567619339563, -0.000631775707006, 0.0002872334735, -0.00282472698018, -0.000339620135492, 0.00386268785223, -0.00573620805517, 0.0146323582157]]}, "melbands": {"dmean": [0.00107954500709, 0.00139543612022, 0.000746169709601, 0.000334441923769, 0.000481482129544, 0.000857290870044, 0.000307866604999, 5.73016041017e-05, 2.81423872366e-05, 2.11757960642e-05, 1.89919028344e-05, 1.47891887536e-05, 1.81727300514e-05, 2.38215252466e-05, 1.78165646503e-05, 9.69884968072e-06, 5.10863037562e-06, 4.55928011434e-06, 4.77395178677e-06, 2.55044710684e-06, 2.12098075281e-06, 1.46766683429e-06, 1.53135329128e-06, 1.78780351234e-06, 1.51663368797e-06, 1.07496191504e-06, 1.26214695229e-06, 1.68845576809e-06, 8.97567304037e-07, 8.95906964615e-07, 1.25196902445e-06, 9.54976940193e-07, 8.13414771983e-07, 8.9912674639e-07, 7.32769649403e-07, 8.36448975861e-07, 5.9598204416e-07, 4.14139833538e-07, 2.86421055762e-07, 2.22274394446e-07], "dmean2": [0.00163408741355, 0.00232064793818, 0.00131131289527, 0.000579293176997, 0.00077978882473, 0.00122568628285, 0.000433227862231, 9.03187537915e-05, 4.41096599388e-05, 3.4249638702e-05, 2.98100057989e-05, 2.34439503402e-05, 3.08544586005e-05, 4.33714158135e-05, 3.09039132844e-05, 1.63661570696e-05, 8.79424715095e-06, 7.59616250434e-06, 7.34346804165e-06, 4.06362778449e-06, 3.39920347869e-06, 2.35498328038e-06, 2.48058404395e-06, 2.79937489722e-06, 2.38493339566e-06, 1.62214655575e-06, 2.02129695026e-06, 2.77991489384e-06, 1.35925631639e-06, 1.36138555717e-06, 1.95414781956e-06, 1.46264164869e-06, 1.18277785077e-06, 1.31727165353e-06, 1.05878871182e-06, 1.12656732654e-06, 8.15769340079e-07, 5.50587856196e-07, 3.92942069993e-07, 2.92322226869e-07], "dvar": [4.31833495895e-06, 1.40879792525e-05, 4.41618840341e-06, 1.38410348427e-06, 1.58414059115e-06, 5.40422024642e-06, 5.70300358049e-07, 2.82422067954e-08, 3.33568817013e-09, 3.15529313788e-09, 2.40658826201e-09, 2.23121254805e-09, 9.63024682221e-09, 1.92879898719e-08, 7.30406046756e-09, 1.48660139754e-09, 1.97189695128e-10, 1.40193953668e-10, 2.04193426057e-10, 4.79759322547e-11, 2.3170560956e-11, 1.17056243171e-11, 1.37406848053e-11, 2.68495139316e-11, 1.94496276723e-11, 4.8906044145e-12, 1.12796655696e-11, 3.60112495379e-11, 4.57681201965e-12, 3.00423293013e-12, 1.3107363285e-11, 5.11722478627e-12, 2.3744524142e-12, 3.00799641272e-12, 2.07180323245e-12, 2.85140227402e-12, 1.29453240662e-12, 5.20711024212e-13, 2.59453103533e-13, 1.60867128537e-13], "dvar2": [1.07531877802e-05, 3.80912642868e-05, 1.23823947433e-05, 3.87811769542e-06, 4.05676291848e-06, 1.07233399831e-05, 1.07047867459e-06, 6.84315111243e-08, 8.19528978013e-09, 8.73009753377e-09, 5.94444582447e-09, 5.3643502973e-09, 2.630324758e-08, 5.5656702358e-08, 1.99466558826e-08, 4.05145827997e-09, 5.56065471446e-10, 3.8840766714e-10, 4.99897179207e-10, 1.21326407254e-10, 5.90898927011e-11, 3.02739569524e-11, 3.68596819733e-11, 7.0889523418e-11, 5.12503373074e-11, 1.10468084333e-11, 3.06239027192e-11, 1.02172513505e-10, 1.03024108342e-11, 7.32131456155e-12, 3.55049878387e-11, 1.36064805256e-11, 5.46483561528e-12, 6.63173509163e-12, 4.89368701811e-12, 5.88833929532e-12, 2.74525953185e-12, 1.07273001246e-12, 5.35231418648e-13, 2.99103840654e-13], "max": [0.0243577379733, 0.041092928499, 0.0241500511765, 0.0155767286196, 0.0191338714212, 0.0525260493159, 0.0163483954966, 0.00367030035704, 0.00127319991589, 0.000936319294851, 0.000737603986636, 0.000674380513374, 0.00121612462681, 0.00168510864023, 0.00101914268453, 0.000533972342964, 0.000182632458746, 0.000142092583701, 0.000242748181336, 8.00347334007e-05, 0.000105718834675, 6.70937879477e-05, 4.89939193358e-05, 0.000158467883011, 5.8834993979e-05, 3.77052929252e-05, 5.48015159438e-05, 7.33046690584e-05, 3.7173020246e-05, 2.92645108857e-05, 4.65992525278e-05, 3.57500066457e-05, 2.43219728873e-05, 2.10399539355e-05, 1.88969770534e-05, 2.07769953704e-05, 1.52772608999e-05, 1.03664315247e-05, 1.19545238704e-05, 5.33722959517e-06], "mean": [0.00182129826862, 0.00194598326925, 0.000697470852174, 0.000309527036734, 0.00101608387195, 0.00153746677097, 0.000638576399069, 0.000120054719446, 4.76932946185e-05, 4.17875198764e-05, 3.29441463691e-05, 1.59086575877e-05, 1.59088795044e-05, 1.83582833415e-05, 1.65203200595e-05, 1.05899243863e-05, 5.55551332582e-06, 5.38592439625e-06, 7.05167167325e-06, 3.48554431184e-06, 3.1963679703e-06, 2.15381055568e-06, 2.04872230825e-06, 2.4301252779e-06, 2.11674364436e-06, 1.79668973033e-06, 1.75675518221e-06, 2.01680677492e-06, 1.38118832638e-06, 1.41996179082e-06, 1.86200850294e-06, 1.4795257357e-06, 1.32157606458e-06, 1.41627174344e-06, 1.14644637961e-06, 1.33849573558e-06, 1.00841452877e-06, 6.80331993408e-07, 4.95380277243e-07, 3.83299806117e-07], "median": [0.000534540624358, 0.000851014861837, 0.000149272935232, 4.64295517304e-05, 0.000482053146698, 0.000496849010233, 0.000205764430575, 3.94201852032e-05, 2.21442624024e-05, 1.90373921214e-05, 6.34210300632e-06, 2.77255639958e-06, 1.25128235595e-06, 1.09676170723e-06, 1.65220581039e-06, 1.75329046215e-06, 1.02416424852e-06, 8.62581259753e-07, 7.67017468206e-07, 5.44581496342e-07, 5.94233370066e-07, 3.50681602868e-07, 2.90195089292e-07, 3.42121609265e-07, 2.76088400142e-07, 3.48886800339e-07, 3.05488924823e-07, 2.63343679308e-07, 2.11092327618e-07, 2.18103480165e-07, 1.87464578971e-07, 1.77188724138e-07, 1.57005970891e-07, 1.44413320413e-07, 1.15789632105e-07, 1.07774589253e-07, 1.00076505305e-07, 7.02127138652e-08, 6.18744380176e-08, 4.25542410198e-08], "min": [1.4889087929e-24, 1.20743069875e-24, 9.05388578519e-25, 7.65571660539e-25, 1.11290514496e-24, 1.83276428819e-24, 2.55171850936e-24, 2.12323273425e-24, 1.72796175035e-24, 1.26689878087e-24, 1.94851996248e-24, 2.59931403764e-24, 2.90288723828e-24, 1.96514895315e-24, 3.25766204762e-24, 2.68568385436e-24, 3.01714230192e-24, 2.57006524465e-24, 3.36998302153e-24, 2.03217787262e-24, 4.13100226439e-24, 4.6496203283e-24, 2.78218816712e-24, 2.6281685974e-24, 4.41821981466e-24, 4.98123852019e-24, 4.90496237597e-24, 4.49462809308e-24, 5.40226147392e-24, 5.73597290822e-24, 4.79499240477e-24, 4.83164998218e-24, 6.27646095743e-24, 5.90000470055e-24, 6.07282164235e-24, 6.41292482214e-24, 5.66258596707e-24, 6.60764290925e-24, 7.09873603845e-24, 5.73536232988e-24], "var": [6.47739670967e-06, 1.23743966469e-05, 3.09262031806e-06, 9.9201190551e-07, 2.2932892989e-06, 9.71914505499e-06, 1.61814864441e-06, 7.19125026194e-08, 6.34937435962e-09, 4.60970639438e-09, 4.42701963976e-09, 2.20942020235e-09, 6.87516310549e-09, 1.1617838247e-08, 5.42052047692e-09, 1.14013398722e-09, 1.62149890737e-10, 1.40020245398e-10, 3.36219968533e-10, 5.9783025752e-11, 3.89193122174e-11, 1.84295825129e-11, 2.04073789117e-11, 3.35086056125e-11, 2.26509228041e-11, 1.06503954961e-11, 1.35548109195e-11, 2.98103590424e-11, 8.07152521903e-12, 6.70933534425e-12, 1.67933861261e-11, 8.34205621247e-12, 5.73885210187e-12, 7.0487842993e-12, 4.43479541284e-12, 6.85995487845e-12, 3.58390942791e-12, 1.52300654727e-12, 7.55824981595e-13, 4.97811264866e-13]}, "mfcc": {"mean": [-759.878417969, 139.644180298, 48.0778160095, 27.0597686768, -1.42671632767, -2.88936567307, -13.1834955215, -10.2899522781, -8.25447559357, 2.03484797478, 2.95892262459, 4.61765432358, 3.48356437683], "cov": [[17516.1210938, -2755.48583984, -1305.36694336, 222.714187622, 428.937774658, 1027.08605957, 373.888641357, 504.072296143, 0.874082326889, -9.83134269714, -357.635864258, -271.65411377, -172.512969971], [-2755.48583984, 2943.96557617, 343.041046143, 188.830581665, 65.0898132324, -146.260025024, 2.81297039986, -127.944816589, 102.563674927, 143.755523682, 187.780471802, 113.277404785, 57.9122619629], [-1305.36694336, 343.041046143, 1010.26873779, 260.46081543, 122.877502441, 41.5428352356, 78.0454940796, 121.271446228, 88.0890655518, 66.1167907715, 95.2432937622, 62.8585205078, 14.7723646164], [222.714187622, 188.830581665, 260.46081543, 342.114349365, 182.608444214, 118.658317566, 92.7685699463, 94.1302108765, 98.1279373169, 84.1243972778, 40.9279022217, 24.7963085175, 22.3476924896], [428.937774658, 65.0898132324, 122.877502441, 182.608444214, 248.014450073, 183.445709229, 123.971946716, 114.733787537, 92.2716674805, 70.0291137695, 29.3984203339, 12.6645994186, 1.27969157696], [1027.08605957, -146.260025024, 41.5428352356, 118.658317566, 183.445709229, 282.561218262, 189.236785889, 151.27230835, 80.8288574219, 49.9773521423, 4.93893480301, 0.696560323238, -5.87463712692], [373.888641357, 2.81297039986, 78.0454940796, 92.7685699463, 123.971946716, 189.236785889, 218.898086548, 156.867401123, 84.9563293457, 43.5854797363, 13.9241638184, 18.7580699921, 8.11853599548], [504.072296143, -127.944816589, 121.271446228, 94.1302108765, 114.733787537, 151.27230835, 156.867401123, 206.812820435, 106.399147034, 41.2520980835, 14.2744245529, 11.6588363647, -1.75534665585], [0.874082326889, 102.563674927, 88.0890655518, 98.1279373169, 92.2716674805, 80.8288574219, 84.9563293457, 106.399147034, 151.025131226, 88.9262619019, 21.1046028137, 2.62934327126, 3.66894888878], [-9.83134269714, 143.755523682, 66.1167907715, 84.1243972778, 70.0291137695, 49.9773521423, 43.5854797363, 41.2520980835, 88.9262619019, 118.046714783, 45.1804504395, -1.58189237118, 10.2036380768], [-357.635864258, 187.780471802, 95.2432937622, 40.9279022217, 29.3984203339, 4.93893480301, 13.9241638184, 14.2744245529, 21.1046028137, 45.1804504395, 88.0839767456, 41.5204467773, 14.5777797699], [-271.65411377, 113.277404785, 62.8585205078, 24.7963085175, 12.6645994186, 0.696560323238, 18.7580699921, 11.6588363647, 2.62934327126, -1.58189237118, 41.5204467773, 87.3085632324, 50.5134735107], [-172.512969971, 57.9122619629, 14.7723646164, 22.3476924896, 1.27969157696, -5.87463712692, 8.11853599548, -1.75534665585, 3.66894888878, 10.2036380768, 14.5777797699, 50.5134735107, 91.6513442993]], "icov": [[0.000117375100672, 2.7545280318e-05, 0.000166245692526, -0.000186713470612, 0.000147321887198, -0.000566295580938, 0.000413722678786, -0.000439101160737, 0.000415140122641, -0.000295537523925, 0.0003676864726, -4.83456606162e-05, 0.000123291931232], [2.7545280318e-05, 0.000525359122548, -3.10257019009e-05, -0.000171873165527, -0.000234952123719, 0.000539278262295, -0.000755783810746, 0.00101832300425, -0.000584805675317, 3.07326299662e-05, -0.000698188727256, -0.000192618521396, 0.000128295825562], [0.000166245692526, -3.10257019009e-05, 0.00166060251649, -0.00128895498347, 0.00027170139947, -0.000257340900134, 0.000634115072899, -0.00155090156477, 0.00074728805339, -0.000179146518349, -0.000367268454283, -0.000404535298003, 0.000544401642401], [-0.000186713470612, -0.000171873165527, -0.00128895498347, 0.00638238806278, -0.0038407263346, 0.000958051299676, -0.000395354494685, 0.00067740608938, -0.00111873925198, -0.000983170932159, 0.000224061179324, -4.63647593278e-05, -0.00128414353821], [0.000147321887198, -0.000234952123719, 0.00027170139947, -0.0038407263346, 0.0120003810152, -0.00723174633458, 0.00220860191621, -0.00136938726064, -0.000573782890569, -0.00110891787335, -0.000205882184673, -0.000872333010193, 0.00112546375021], [-0.000566295580938, 0.000539278262295, -0.000257340900134, 0.000958051299676, -0.00723174633458, 0.0165884625167, -0.010583489202, 0.001509172027, -0.00028483979986, 1.39647472679e-05, -0.00106406782288, 0.000798710796516, 0.000270732096396], [0.000413722678786, -0.000755783810746, 0.000634115072899, -0.000395354494685, 0.00220860191621, -0.010583489202, 0.0183754321188, -0.00988683383912, 0.00219648657367, -0.00208592996933, 0.00301599455997, -0.00226986012422, -0.000360169942724], [-0.000439101160737, 0.00101832300425, -0.00155090156477, 0.00067740608938, -0.00136938726064, 0.001509172027, -0.00988683383912, 0.0190915893763, -0.0113348355517, 0.006629741285, -0.00477118324488, 0.000690231856424, 6.62498641759e-05], [0.000415140122641, -0.000584805675317, 0.00074728805339, -0.00111873925198, -0.000573782890569, -0.00028483979986, 0.00219648657367, -0.0113348355517, 0.0226234961301, -0.0155891235918, 0.00799539498985, -0.00302883610129, 0.00210888194852], [-0.000295537523925, 3.07326299662e-05, -0.000179146518349, -0.000983170932159, -0.00110891787335, 1.39647472679e-05, -0.00208592996933, 0.006629741285, -0.0155891235918, 0.0263242032379, -0.0147227365524, 0.0104061039165, -0.00567916501313], [0.0003676864726, -0.000698188727256, -0.000367268454283, 0.000224061179324, -0.000205882184673, -0.00106406782288, 0.00301599455997, -0.00477118324488, 0.00799539498985, -0.0147227365524, 0.0263551212847, -0.0139676025137, 0.0055392337963], [-4.83456606162e-05, -0.000192618521396, -0.000404535298003, -4.63647593278e-05, -0.000872333010193, 0.000798710796516, -0.00226986012422, 0.000690231856424, -0.00302883610129, 0.0104061039165, -0.0139676025137, 0.0269956998527, -0.0133093809709], [0.000123291931232, 0.000128295825562, 0.000544401642401, -0.00128414353821, 0.00112546375021, 0.000270732096396, -0.000360169942724, 6.62498641759e-05, 0.00210888194852, -0.00567916501313, 0.0055392337963, -0.0133093809709, 0.0183243323117]]}, "spectral_contrast_coeffs": {"dmean": [0.0536380708218, 0.0501723326743, 0.0378979593515, 0.0295141693205, 0.0225515644997, 0.0177443958819], "dmean2": [0.0884440019727, 0.0782970935106, 0.0604651197791, 0.0460832752287, 0.0354709625244, 0.0283696372062], "dvar": [0.00266811461188, 0.00234880228527, 0.00144050223753, 0.000971255940385, 0.000649729452562, 0.000355617346941], "dvar2": [0.00664346804842, 0.00512387696654, 0.00341109698638, 0.00202512345277, 0.00125164131168, 0.000888663344085], "max": [-0.281051754951, -0.259592920542, -0.490926921368, -0.53409665823, -0.544021308422, -0.642730593681], "mean": [-0.681249380112, -0.628251314163, -0.770126283169, -0.809076666832, -0.828483998775, -0.806889891624], "median": [-0.685938000679, -0.631045877934, -0.782672286034, -0.825629353523, -0.834730088711, -0.803934574127], "min": [-0.981570601463, -0.986435711384, -0.997485220432, -0.987801969051, -0.989317834377, -0.964564025402], "var": [0.00729115353897, 0.0112353703007, 0.00614342605695, 0.00439986726269, 0.00288171693683, 0.00174688652623]}, "spectral_contrast_valleys": {"dmean": [0.51077824831, 0.405275791883, 0.516935288906, 0.546441793442, 0.54156690836, 0.637671351433], "dmean2": [0.773118376732, 0.628575444221, 0.743203520775, 0.750173866749, 0.691072523594, 0.714246869087], "dvar": [0.250687748194, 0.177444934845, 0.38209605217, 0.475814193487, 0.506179273129, 0.54660910368], "dvar2": [0.462525606155, 0.360201627016, 0.737842321396, 0.912767589092, 0.953716993332, 0.990667819977], "max": [-5.052695274