{"lowlevel": {"average_loudness": 0.963741004467, "barkbands_crest": {"dmean": 2.80539155006, "dmean2": 4.56169891357, "dvar": 7.4979057312, "dvar2": 21.4844684601, "max": 25.898891449, "mean": 10.1134595871, "median": 9.30305862427, "min": 2.51957249641, "var": 18.3336315155}, "barkbands_flatness_db": {"dmean": 0.03109418042, "dmean2": 0.0426344014704, "dvar": 0.000977985211648, "dvar2": 0.00199016160332, "max": 0.564396619797, "mean": 0.133409932256, "median": 0.114531219006, "min": 0.0136906597763, "var": 0.00677909748629}, "barkbands_kurtosis": {"dmean": 2.96397328377, "dmean2": 4.46605587006, "dvar": 21.0397491455, "dvar2": 47.6738777161, "max": 129.576095581, "mean": 5.253033638, "median": 2.8962123394, "min": -1.79927110672, "var": 68.4411239624}, "barkbands_skewness": {"dmean": 0.534070789814, "dmean2": 0.801771998405, "dvar": 0.284830540419, "dvar2": 0.655657351017, "max": 9.72848987579, "mean": 1.77889335155, "median": 1.66304326057, "min": -2.08532333374, "var": 1.04259860516}, "barkbands_spread": {"dmean": 7.43799114227, "dmean2": 10.2968492508, "dvar": 76.2266921997, "dvar2": 140.61680603, "max": 87.6158294678, "mean": 21.5195083618, "median": 18.6292724609, "min": 0.336538314819, "var": 220.973327637}, "dissonance": {"dmean": 0.0223122127354, "dmean2": 0.0355625487864, "dvar": 0.000511177349836, "dvar2": 0.00114980130456, "max": 0.5, "mean": 0.450673341751, "median": 0.4639724195, "min": 0.0873996019363, "var": 0.00204633409157}, "dynamic_complexity": 3.75771260262, "erbbands_crest": {"dmean": 2.52604556084, "dmean2": 3.75108170509, "dvar": 6.2965631485, "dvar2": 13.5174236298, "max": 32.5094833374, "mean": 9.07886981964, "median": 7.97059059143, "min": 2.42754721642, "var": 21.4711399078}, "erbbands_flatness_db": {"dmean": 0.026392089203, "dmean2": 0.033902078867, "dvar": 0.000715315400157, "dvar2": 0.00131081114523, "max": 0.556682050228, "mean": 0.14819675684, "median": 0.125247210264, "min": 0.0413390956819, "var": 0.0072187432088}, "erbbands_kurtosis": {"dmean": 1.09667360783, "dmean2": 1.63793706894, "dvar": 3.05561685562, "dvar2": 6.0826921463, "max": 36.1510925293, "mean": 0.843946039677, "median": 0.0292739868164, "min": -1.71184873581, "var": 7.42823171616}, "erbbands_skewness": {"dmean": 0.36614754796, "dmean2": 0.528865158558, "dvar": 0.157330617309, "dvar2": 0.331863045692, "max": 5.29790306091, "mean": 0.628426074982, "median": 0.545912623405, "min": -2.81064629555, "var": 0.616445541382}, "erbbands_spread": {"dmean": 9.44854927063, "dmean2": 13.1085672379, "dvar": 84.9005966187, "dvar2": 160.687271118, "max": 112.73690033, "mean": 37.1144866943, "median": 35.3068695068, "min": 1.49779975414, "var": 311.414154053}, "hfc": {"dmean": 14.742316246, "dmean2": 20.7355365753, "dvar": 508.229248047, "dvar2": 1090.39978027, "max": 156.255966187, "mean": 24.6899662018, "median": 13.6682662964, "min": 1.18871214154e-16, "var": 812.464477539}, "melbands_crest": {"dmean": 3.38620376587, "dmean2": 5.50031328201, "dvar": 9.98461151123, "dvar2": 27.7456264496, "max": 31.1680660248, "mean": 14.4255161285, "median": 13.7449054718, "min": 1.62696766853, "var": 25.9169521332}, "melbands_flatness_db": {"dmean": 0.0373994447291, "dmean2": 0.0516577996314, "dvar": 0.00137805147097, "dvar2": 0.00282490160316, "max": 0.667695641518, "mean": 0.216704696417, "median": 0.203254848719, "min": 0.00515336496755, "var": 0.0074196094647}, "melbands_kurtosis": {"dmean": 5.45299386978, "dmean2": 8.51955699921, "dvar": 46.6633300781, "dvar2": 114.48085022, "max": 178.251800537, "mean": 11.8227205276, "median": 8.69534873962, "min": -1.82276892662, "var": 192.786849976}, "melbands_skewness": {"dmean": 0.668341100216, "dmean2": 1.03851485252, "dvar": 0.404046595097, "dvar2": 1.01370358467, "max": 9.920753479, "mean": 2.54031395912, "median": 2.3975789547, "min": -0.605789363384, "var": 1.39244389534}, "melbands_spread": {"dmean": 6.02048206329, "dmean2": 8.93456459045, "dvar": 54.2986946106, "dvar2": 111.55620575, "max": 147.770629883, "mean": 18.3163948059, "median": 16.0087566376, "min": 0.640770256519, "var": 140.562088013}, "pitch_salience": {"dmean": 0.0772358477116, "dmean2": 0.124831601977, "dvar": 0.0050318306312, "dvar2": 0.0139934420586, "max": 0.957421600819, "mean": 0.543936371803, "median": 0.542203426361, "min": 0.155326589942, "var": 0.011419614777}, "silence_rate_20dB": {"dmean": 0, "dmean2": 0, "dvar": 0, "dvar2": 0, "max": 1, "mean": 1, "median": 1, "min": 1, "var": 0}, "silence_rate_30dB": {"dmean": 0.0163245107979, "dmean2": 0.0326571017504, "dvar": 0.0160583015531, "dvar2": 0.0474253669381, "max": 1, "mean": 0.991592466831, "median": 1, "min": 0, "var": 0.00833689142019}, "silence_rate_60dB": {"dmean": 0.00840959697962, "dmean2": 0.0168233551085, "dvar": 0.00834048446268, "dvar2": 0.0170344170183, "max": 1, "mean": 0.0714638978243, "median": 0, "min": 0, "var": 0.0663544014096}, "spectral_centroid": {"dmean": 255.09513855, "dmean2": 375.247314453, "dvar": 92432.96875, "dvar2": 172576.015625, "max": 10639.3564453, "mean": 1129.95690918, "median": 1094.06066895, "min": 275.99432373, "var": 276255.15625}, "spectral_complexity": {"dmean": 5.79965353012, "dmean2": 8.18381977081, "dvar": 43.5046081543, "dvar2": 83.4933013916, "max": 59, "mean": 19.1367454529, "median": 17, "min": 0, "var": 137.146591187}, "spectral_decrease": {"dmean": 3.37829098029e-09, "dmean2": 5.35988986528e-09, "dvar": 2.6704796503e-17, "dvar2": 6.59654833292e-17, "max": 5.11536261767e-29, "mean": -7.94073251598e-09, "median": -6.63988730665e-09, "min": -4.71401477853e-08, "var": 4.44307195103e-17}, "spectral_energy": {"dmean": 0.0137908058241, "dmean2": 0.0216155871749, "dvar": 0.000422844837885, "dvar2": 0.00103035627399, "max": 0.187848672271, "mean": 0.0322095900774, "median": 0.0270703695714, "min": 1.05888989644e-20, "var": 0.000714138383046}, "spectral_energyband_high": {"dmean": 0.00104948657099, "dmean2": 0.00148688885383, "dvar": 3.05368916997e-06, "dvar2": 6.57188957121e-06, "max": 0.0166133511811, "mean": 0.00126873538829, "median": 0.000325245055137, "min": 8.11994820509e-21, "var": 4.70500026495e-06}, "spectral_energyband_low": {"dmean": 0.00846926216036, "dmean2": 0.0142298061401, "dvar": 0.000239926943323, "dvar2": 0.000635450240225, "max": 0.14587828517, "mean": 0.0147435031831, "median": 0.0113204447553, "min": 6.78119412278e-23, "var": 0.000319988233969}, "spectral_energyband_middle_high": {"dmean": 0.00221665273421, "dmean2": 0.00321616395377, "dvar": 1.2800958757e-05, "dvar2": 2.54830465565e-05, "max": 0.0379343926907, "mean": 0.0044901962392, "median": 0.00311202020384, "min": 1.37811612102e-21, "var": 2.57556021097e-05}, "spectral_energyband_middle_low": {"dmean": 0.00497296405956, "dmean2": 0.00789722148329, "dvar": 6.79450240568e-05, "dvar2": 0.000172913409187, "max": 0.135773152113, "mean": 0.0123466793448, "median": 0.0104581713676, "min": 1.57279376481e-22, "var": 0.000107183004729}, "spectral_entropy": {"dmean": 0.296302944422, "dmean2": 0.384626835585, "dvar": 0.0973267108202, "dvar2": 0.192350924015, "max": 9.80932426453, "mean": 7.47221660614, "median": 7.63563537598, "min": 3.78255200386, "var": 0.537662982941}, "spectral_flux": {"dmean": 0.0323482863605, "dmean2": 0.0483688004315, "dvar": 0.00156394497026, "dvar2": 0.00337541732006, "max": 0.372703641653, "mean": 0.087500885129, "median": 0.077334985137, "min": 1.02902374122e-10, "var": 0.00368127436377}, "spectral_kurtosis": {"dmean": 3.24543118477, "dmean2": 5.12682723999, "dvar": 52.0033073425, "dvar2": 137.750961304, "max": 130.634841919, "mean": 7.19512271881, "median": 4.30375480652, "min": -1.21084487438, "var": 109.055015564}, "spectral_rms": {"dmean": 0.00105217215605, "dmean2": 0.00160782365128, "dvar": 1.72327372638e-06, "dvar2": 3.98760676035e-06, "max": 0.013537613675, "mean": 0.00509112467989, "median": 0.00513907754794, "min": 3.21413013392e-12, "var": 5.50448748982e-06}, "spectral_rolloff": {"dmean": 643.039001465, "dmean2": 1020.97143555, "dvar": 1806595.125, "dvar2": 3858006, "max": 18389.3554688, "mean": 1307.82800293, "median": 796.728515625, "min": 107.666015625, "var": 2283101.75}, "spectral_skewness": {"dmean": 0.362259656191, "dmean2": 0.556311845779, "dvar": 0.282621383667, "dvar2": 0.727680206299, "max": 8.55184459686, "mean": 1.88139486313, "median": 1.69538509846, "min": 0.0658133774996, "var": 0.682658016682}, "spectral_spread": {"dmean": 929507.4375, "dmean2": 1116901.875, "dvar": 1177157369860.0, "dvar2": 1616650436610.0, "max": 40178404, "mean": 5087380.5, "median": 4993337, "min": 612651.75, "var": 4598153609220.0}, "spectral_strongpeak": {"dmean": 0.364277124405, "dmean2": 0.628891587257, "dvar": 0.330642998219, "dvar2": 0.81218868494, "max": 5.82689094543, "mean": 0.647986650467, "median": 0.374033272266, "min": 0, "var": 0.52858710289}, "zerocrossingrate": {"dmean": 0.0173810254782, "dmean2": 0.0188624914736, "dvar": 0.00043397283298, "dvar2": 0.000520430505276, "max": 0.51171875, "mean": 0.0604219064116, "median": 0.05126953125, "min": 0.0087890625, "var": 0.00153917772695}, "barkbands": {"dmean": [0.00064202019712, 0.00706957420334, 0.00196302263066, 0.00100021297112, 0.00162660505157, 0.00149697670713, 0.00147673417814, 0.000776411266997, 0.000997595256194, 0.000429094216088, 0.000483662821352, 0.000537262880243, 0.000293847173452, 0.000271572644124, 0.000244810129516, 0.000189028956811, 0.000226513438975, 0.000252157391515, 0.000195940810954, 0.00014872533211, 0.000147625658428, 0.000121183635201, 0.000145298836287, 0.000151760716108, 0.000160377283464, 0.000212057799217, 9.29437446757e-05], "dmean2": [0.00107845908497, 0.0121611887589, 0.00324218580499, 0.00168616010342, 0.00280313030817, 0.00231669074856, 0.00252858689055, 0.00125701969955, 0.00151878851466, 0.00067434128141, 0.00073121447349, 0.000784906500485, 0.000478050758829, 0.00042229090468, 0.000385637191357, 0.000300529267406, 0.000346558954334, 0.000378204800654, 0.000310473813443, 0.000231828380493, 0.000224378280109, 0.000176784116775, 0.000203243238502, 0.000216922402615, 0.000230728328461, 0.000312734598992, 0.000139081341331], "dvar": [2.35280867855e-06, 0.000198235735297, 9.24372125155e-06, 2.46377430813e-06, 1.0893306353e-05, 4.41993870481e-06, 1.58986294991e-05, 2.47436196332e-06, 3.19475384458e-06, 7.59705642395e-07, 5.86063947594e-07, 1.2130047935e-06, 3.00877957216e-07, 1.936570726e-07, 1.32929500296e-07, 1.05018180818e-07, 1.28928348886e-07, 2.53155576502e-07, 1.69176871623e-07, 5.70310376702e-08, 5.75956740079e-08, 4.27451176677e-08, 6.01435203862e-08, 6.49690719001e-08, 8.8796959119e-08, 1.86756636822e-07, 3.91831420643e-08], "dvar2": [7.00979808244e-06, 0.000550739641767, 2.29144388868e-05, 6.33446916254e-06, 3.03912929667e-05, 1.02953954411e-05, 4.66596866318e-05, 6.32458295513e-06, 7.25445352145e-06, 1.75324464635e-06, 1.38187203902e-06, 2.39657538259e-06, 7.17280443041e-07, 4.60845114958e-07, 3.2820256024e-07, 2.55466176213e-07, 2.97159431284e-07, 5.85287693866e-07, 4.17010795672e-07, 1.33472028097e-07, 1.30533251763e-07, 9.24963643456e-08, 1.22348595255e-07, 1.41287628708e-07, 2.02095549184e-07, 4.41544273144e-07, 9.27530194872e-08], "max": [0.0214799474925, 0.125148668885, 0.0335285328329, 0.0215667113662, 0.0775769427419, 0.0191159043461, 0.0436105579138, 0.0262250378728, 0.0380998626351, 0.00918226595968, 0.0145455515012, 0.0213041231036, 0.00716632464901, 0.00486950995401, 0.00411222036928, 0.00402987934649, 0.00355683616363, 0.00720316171646, 0.0059381457977, 0.00459253555164, 0.00271853385493, 0.00417972635478, 0.00399338174611, 0.00324782915413, 0.00241801165976, 0.00346313184127, 0.00152994960081], "mean": [0.000956431380473, 0.00985621660948, 0.00336242699996, 0.0012623447692, 0.00241547683254, 0.00367132225074, 0.0018078731373, 0.00117936218157, 0.00184655876365, 0.000519507098943, 0.000783841242082, 0.00081885891268, 0.000389106047805, 0.000378181575797, 0.000400443735998, 0.000271036813501, 0.000323173910147, 0.000360803504009, 0.000243106958806, 0.000189833444892, 0.000190439255675, 0.000159138478921, 0.000178647213033, 0.000177991896635, 0.000176244007889, 0.000207668272196, 8.36190956761e-05], "median": [0.000216969085159, 0.00606487970799, 0.00219034752809, 0.00071769481292, 0.00168002780993, 0.00269023212604, 0.000780922244303, 0.000549864082132, 0.00105329579674, 0.000185040422366, 0.000387164065614, 0.000303080654703, 0.000144313002238, 0.000186356133781, 0.000227276759688, 0.000143696073792, 0.000145943631651, 0.000144976729644, 9.21427126741e-05, 7.29549283278e-05, 7.14068810339e-05, 4.90857710247e-05, 3.63197686966e-05, 3.75799281755e-05, 3.12502961606e-05, 2.40306380874e-05, 3.91616049455e-06], "min": [2.68377769031e-23, 4.08178468031e-23, 1.21271113643e-23, 3.06708370532e-24, 2.2335395885e-23, 3.33077837003e-23, 3.68104681145e-23, 1.2370665069e-23, 3.83806484147e-23, 2.92795853947e-23, 3.98001625928e-23, 8.78222058822e-23, 1.02479973564e-22, 1.3657463024e-22, 1.59609015263e-22, 1.38536823923e-22, 1.46020968212e-22, 1.6954312171e-22, 2.48423027562e-22, 2.92822820368e-22, 4.51210767302e-22, 5.70986913799e-22, 6.01391455865e-22, 8.07650335049e-22, 1.48195909477e-21, 1.86318696932e-21, 2.38533624916e-21], "var": [2.88876549348e-06, 0.000206696888199, 1.58373804879e-05, 2.90679599857e-06, 1.01870418803e-05, 1.18620100693e-05, 1.37088236443e-05, 3.51137941834e-06, 7.19683748684e-06, 1.01980822365e-06, 1.09462530418e-06, 2.28529961532e-06, 4.03622863132e-07, 2.80624277593e-07, 2.18519147666e-07, 1.57070047635e-07, 2.13019902162e-07, 4.02284314305e-07, 1.87250108752e-07, 9.02288022075e-08, 9.03856616219e-08, 9.03446206735e-08, 1.17092845642e-07, 1.01128932783e-07, 1.07656106252e-07, 1.94040623569e-07, 3.88978804722e-08]}, "erbbands": {"dmean": [0.230918690562, 1.55958378315, 2.47386837006, 2.67053675652, 3.64922332764, 6.80142688751, 6.22261428833, 16.0490112305, 22.2152576447, 21.2082672119, 18.5485286713, 17.9179763794, 18.1967830658, 14.4984741211, 19.1125583649, 17.5525760651, 13.3126544952, 13.4313564301, 11.9078931808, 13.8694791794, 10.6027021408, 13.8599252701, 14.5633087158, 10.1553897858, 8.79807949066, 6.85648345947, 6.01764774323, 6.07602024078, 4.38637399673, 4.48452615738, 3.8313138485, 3.20279932022, 2.56276059151, 1.72108316422, 1.12236011028, 0.87865871191, 0.378005772829, 0.127282351255, 0.0160096008331, 0.000577282975428], "dmean2": [0.390887081623, 2.70980358124, 4.09141874313, 4.41265058517, 6.20908975601, 11.8110342026, 10.4967346191, 24.6680431366, 39.3821334839, 33.7908935547, 29.0876064301, 27.8102760315, 28.4392967224, 22.1534080505, 28.0285377502, 26.0696315765, 21.21434021, 21.1257171631, 18.9017333984, 21.7389907837, 16.8229618073, 20.9660778046, 21.4943389893, 15.8820619583, 13.894692421, 10.6865186691, 9.39849758148, 9.17804336548, 6.42931461334, 6.28445529938, 5.4063577652, 4.57333040237, 3.65693664551, 2.4514067173, 1.62146997452, 1.33752202988, 0.544209361076, 0.190788790584, 0.0237269941717, 0.00085644389037], "dvar": [0.163299188018, 11.2500839233, 17.5742378235, 15.4561338425, 35.6577987671, 219.870727539, 109.327476501, 495.296173096, 5197.20507812, 1368.09594727, 1379.22192383, 1390.88781738, 1084.30383301, 611.243408203, 935.252075195, 1277.82495117, 560.627563477, 500.947235107, 440.517913818, 484.047119141, 326.836120605, 486.641998291, 845.84564209, 415.600128174, 231.025680542, 126.556533813, 106.545639038, 94.8672027588, 59.6763496399, 55.3663635254, 40.3582954407, 28.7174243927, 19.2160930634, 9.17349433899, 4.52811050415, 3.56326246262, 0.544684827328, 0.0733084231615, 0.00110844464507, 1.43415684306e-06], "dvar2": [0.454499125481, 31.286655426, 44.7287902832, 38.5808982849, 94.7611160278, 616.625305176, 271.097839355, 1131.53771973, 15961.6552734, 3189.2512207, 3411.50048828, 3289.14575195, 2526.33398438, 1400.82507324, 2007.87573242, 2459.49267578, 1294.9831543, 1271.51586914, 1075.65332031, 1181.54199219, 798.592041016, 1113.97473145, 1885.99169922, 1030.14807129, 550.57623291, 298.298614502, 252.010147095, 205.543548584, 131.912094116, 114.321250916, 80.5206832886, 61.3095397949, 42.3639411926, 20.4923992157, 10.3882379532, 8.85531997681, 1.21813452244, 0.176496505737, 0.00253680138849, 3.35964045917e-06], "max": [3.36643528938, 31.0435123444, 42.0355834961, 57.9635887146, 117.441764832, 330.065673828, 159.606613159, 189.846893311, 809.364868164, 773.875061035, 566.950439453, 1057.19128418, 709.425292969, 331.380615234, 454.014678955, 599.690124512, 297.590698242, 277.21182251, 232.787155151, 242.963928223, 269.621307373, 224.299972534, 393.682952881, 277.572601318, 164.17906189, 166.983428955, 193.002090454, 151.46774292, 163.456741333, 154.617080688, 95.5525360107, 55.5733833313, 58.217048645, 25.3156318665, 18.077922821, 14.8692903519, 5.95930337906, 2.10365581512, 0.256683707237, 0.00949350744486], "mean": [0.308099716902, 2.07205963135, 4.11273431778, 4.2953453064, 5.21932029724, 9.22612667084, 9.67667007446, 40.101474762, 28.2235889435, 33.8511161804, 29.9812927246, 30.7658519745, 29.9762058258, 22.3366718292, 34.0613365173, 27.1027984619, 19.3410682678, 18.2755851746, 16.3321857452, 23.9606666565, 16.0634460449, 21.1447582245, 21.6163539886, 13.0320243835, 11.1021108627, 8.73203086853, 7.69403266907, 7.68889045715, 5.66470098495, 5.70779943466, 4.69885015488, 3.78798174858, 2.98929333687, 1.97026443481, 1.20729732513, 0.842447042465, 0.381586521864, 0.116393126547, 0.0146159920841, 0.000545830174815], "median": [0.131166532636, 1.26133060455, 2.94211983681, 3.17579936981, 3.46645736694, 5.63292503357, 6.27763271332, 26.6430358887, 17.2025623322, 18.1223983765, 12.3172302246, 16.8334007263, 17.2504825592, 12.2865686417, 19.4440479279, 10.9792699814, 7.46616840363, 8.5089302063, 8.45320987701, 12.1475667953, 8.5906162262, 10.3262252808, 9.04205703735, 5.49463558197, 4.57724332809, 3.40871763229, 2.97697687149, 2.53507184982, 1.79387593269, 1.38019657135, 0.991466462612, 0.814975321293, 0.601704835892, 0.383612513542, 0.198580592871, 0.109162658453, 0.0417314954102, 0.00826133601367, 0.000689684413373, 6.60408550175e-05], "min": [1.73159638753e-21, 7.14702224601e-21, 1.72724714618e-20, 7.93110868735e-21, 4.88889559101e-20, 8.55384628008e-20, 1.20245203545e-19, 3.25655759735e-19, 3.71222864934e-19, 5.44212671551e-19, 5.0321263731e-19, 7.10801004957e-19, 1.01118383789e-18, 7.47298281534e-19, 2.48284878303e-18, 3.92462541789e-18, 4.14845635574e-18, 6.53594610339e-18, 7.79822785405e-18, 7.31462084482e-18, 8.54125276544e-18, 8.1941983861e-18, 8.44643057029e-18, 9.26709465397e-18, 1.44478724142e-17, 1.62943910043e-17, 1.33809326739e-17, 2.06405881942e-17, 1.68571600253e-17, 2.06808338397e-17, 1.77347870747e-17, 1.63943524726e-17, 1.49876276162e-17, 1.35147713242e-17, 1.16450834051e-17, 5.96055141108e-18, 4.29971294819e-18, 1.44904796604e-18, 3.26436437288e-19, 3.15692511429e-20], "var": [0.218389868736, 10.1062116623, 25.2389469147, 23.5112094879, 41.1497383118, 195.246047974, 141.325012207, 1501.5357666, 3610.49316406, 2567.66625977, 2414.67749023, 2871.34887695, 1741.15380859, 953.616088867, 1927.10644531, 2317.08129883, 846.57598877, 672.878356934, 547.972717285, 902.749328613, 515.258728027, 858.033691406, 1467.54711914, 469.803741455, 295.00982666, 193.890319824, 165.045333862, 158.381790161, 109.287391663, 124.999061584, 76.9455947876, 45.8630409241, 29.840057373, 12.4509296417, 5.28641891479, 3.3303668499, 0.62567025423, 0.071899279952, 0.00115851825103, 1.4490464082e-06]}, "gfcc": {"mean": [-8.89605236053, 89.6227493286, -103.496711731, 12.3173074722, -51.9080047607, 1.24801516533, -32.5188941956, 8.9333114624, -16.8051605225, 4.18492269516, -12.3599290848, 5.09207677841, -8.7927646637], "cov": [[22043.0371094, -3926.59594727, 2317.45703125, 1887.17578125, -57.4313850403, 2487.66748047, 43.4337120056, 1124.60144043, -550.661010742, 725.808227539, -470.511383057, 531.512756348, -334.219604492], [-3926.59594727, 2077.49926758, -778.851074219, -66.7045135498, 152.944396973, -461.215118408, 121.194137573, -190.896865845, 179.376251221, -171.701721191, 173.351272583, -118.10181427, 220.789001465], [2317.45703125, -778.851074219, 1715.78723145, 442.193695068, 97.4594039917, 652.283203125, -12.7599067688, 276.351348877, -142.097320557, 199.913909912, -167.24017334, 43.8563690186, -94.6085586548], [1887.17578125, -66.7045135498, 442.193695068, 672.397216797, 101.019836426, 421.618011475, 59.5627441406, 165.87121582, -44.8101654053, 50.6932411194, -48.3122024536, 6.31444835663, -38.3516349792], [-57.4313850403, 152.944396973, 97.4594039917, 101.019836426, 238.135848999, 74.7265548706, 51.3381652832, 47.041759491, 24.0991649628, -3.08625054359, -10.41979599, -3.72359061241, -8.41462516785], [2487.66748047, -461.215118408, 652.283203125, 421.618011475, 74.7265548706, 584.273254395, 53.0119514465, 195.051620483, -95.7580871582, 130.881515503, -85.8913269043, 47.1450309753, -83.0323638916], [43.4337120056, 121.194137573, -12.7599067688, 59.5627441406, 51.3381652832, 53.0119514465, 120.402923584, 24.6469326019, 34.2807617188, 14.8546524048, 22.3572063446, -2.56931185722, -0.79968804121], [1124.60144043, -190.896865845, 276.351348877, 165.87121582, 47.041759491, 195.051620483, 24.6469326019, 180.469940186, -4.49663972855, 63.758682251, -34.8808174133, 38.9052963257, -31.4714756012], [-550.661010742, 179.376251221, -142.097320557, -44.8101654053, 24.0991649628, -95.7580871582, 34.2807617188, -4.49663972855, 92.0491943359, -1.35629343987, 33.3963127136, -11.4358778, 20.0615520477], [725.808227539, -171.701721191, 199.913909912, 50.6932411194, -3.08625054359, 130.881515503, 14.8546524048, 63.758682251, -1.35629343987, 96.9505081177, -4.25248908997, 30.6849002838, -18.1479740143], [-470.511383057, 173.351272583, -167.24017334, -48.3122024536, -10.41979599, -85.8913269043, 22.3572063446, -34.8808174133, 33.3963127136, -4.25248908997, 75.587020874, 8.97108364105, 26.0860404968], [531.512756348, -118.10181427, 43.8563690186, 6.31444835663, -3.72359061241, 47.1450309753, -2.56931185722, 38.9052963257, -11.4358778, 30.6849002838, 8.97108364105, 67.630065918, 16.3534297943], [-334.219604492, 220.789001465, -94.6085586548, -38.3516349792, -8.41462516785, -83.0323638916, -0.79968804121, -31.4714756012, 20.0615520477, -18.1479740143, 26.0860404968, 16.3534297943, 96.2088699341]], "icov": [[0.000170588551555, 0.000205390169867, 0.000209689649637, -0.000268048897851, 5.68074756302e-05, -0.000257847364992, -9.45263673202e-05, -0.000342906132573, 0.000419480144046, -0.000539170810953, 0.000416879629483, -0.000371774571249, -0.000348925997969], [0.000205390169867, 0.00158162869047, 0.000437290407717, -0.000606103509199, -0.000782836985309, -7.01424578438e-05, -0.000619588710833, -0.0006301907124, 0.000351856608177, -0.000136764661875, -0.00140620453749, 0.00234367442317, -0.00318432110362], [0.000209689649637, 0.000437290407717, 0.00161188119091, -0.000439179304522, -0.000431359512731, -0.000840086839162, 0.000244087452302, -0.0011304874206, 0.00159065960906, -0.00250212498941, 0.00150088814553, 0.000865259789862, -0.00135331437923], [-0.000268048897851, -0.000606103509199, -0.000439179304522, 0.00396912870929, -8.00978887128e-05, -0.00291529111564, 0.000609011098277, -0.000978433061391, -0.00137436948717, 0.00346922664903, -0.00208639074117, 0.00206398288719, -7.20625466784e-05], [5.68074756302e-05, -0.000782836985309, -0.000431359512731, -8.00978887128e-05, 0.00596349593252, -0.000989675871097, -0.00125606276561, -0.000420576980105, -0.00232314760797, 0.00229073874652, 0.00180842913687, -0.00244509987533, 0.00189899164252], [-0.000257847364992, -7.01424578438e-05, -0.000840086839162, -0.00291529111564, -0.000989675871097, 0.00951105728745, -0.0034931760747, -0.00067824771395, 0.00558586185798, -0.00587549107149, 0.00275319628417, -0.00101762171835, 0.00230139540508], [-9.45263673202e-05, -0.000619588710833, 0.000244087452302, 0.000609011098277, -0.00125606276561, -0.0034931760747, 0.0130149554461, -0.000207277451409, -0.00520456256345, 0.000994998728856, -0.00439061457291, 0.00150720064994, 0.000699295429513], [-0.000342906132573, -0.0006301907124, -0.0011304874206, -0.000978433061391, -0.000420576980105, -0.00067824771395, -0.000207277451409, 0.0135101210326, -0.00600546924397, -0.00060873629991, 0.00377695658244, -0.00708656013012, 0.00386671768501], [0.000419480144046, 0.000351856608177, 0.00159065960906, -0.00137436948717, -0.00232314760797, 0.00558586185798, -0.00520456256345, -0.00600546924397, 0.02429927513, -0.00991216208786, -0.00159802252892, 0.00522107118741, -0.00311482907273], [-0.000539170810953, -0.000136764661875, -0.00250212498941, 0.00346922664903, 0.00229073874652, -0.00587549107149, 0.000994998728856, -0.00060873629991, -0.00991216208786, 0.0266744866967, -0.00773288402706, -0.00334537238814, 0.00206582085229], [0.000416879629483, -0.00140620453749, 0.00150088814553, -0.00208639074117, 0.00180842913687, 0.00275319628417, -0.00439061457291, 0.00377695658244, -0.00159802252892, -0.00773288402706, 0.0283484682441, -0.01173225604, 0.00223521073349], [-0.000371774571249, 0.00234367442317, 0.000865259789862, 0.00206398288719, -0.00244509987533, -0.00101762171835, 0.00150720064994, -0.00708656013012, 0.00522107118741, -0.00334537238814, -0.01173225604, 0.0327345766127, -0.0124968951568], [-0.000348925997969, -0.00318432110362, -0.00135331437923, -7.20625466784e-05, 0.00189899164252, 0.00230139540508, 0.000699295429513, 0.00386671768501, -0.00311482907273, 0.00206582085229, 0.00223521073349, -0.0124968951568, 0.0211103670299]]}, "melbands": {"dmean": [0.00196467968635, 0.00151383003686, 0.000470204977319, 0.000352233531885, 0.00024184655922, 0.00034808460623, 0.000317712634569, 0.000214351486648, 0.000163675955264, 0.000116257586342, 9.12248360692e-05, 5.79847874178e-05, 7.15887654223e-05, 6.50036090519e-05, 4.05567552662e-05, 3.07739283016e-05, 2.33893351833e-05, 2.07582488656e-05, 1.79240396392e-05, 1.46915417645e-05, 1.25080196085e-05, 1.51633630594e-05, 1.42502649396e-05, 1.17969293569e-05, 8.09943594504e-06, 7.95269897935e-06, 5.33833463123e-06, 4.48702121503e-06, 3.95609640691e-06, 3.77800233764e-06, 3.57583508048e-06, 2.64107620751e-06, 2.22144353756e-06, 2.75405022876e-06, 2.28575140682e-06, 2.04282787308e-06, 2.01438638214e-06, 1.8127786916e-06, 1.71537067217e-06, 1.37209394779e-06], "dmean2": [0.00335286767222, 0.0025534874294, 0.000775011256337, 0.000604775792453, 0.000409185478929, 0.000540626293514, 0.000557879160624, 0.000340678117936, 0.000254087994108, 0.000177712616278, 0.000142692646477, 8.97493591765e-05, 0.00010623462731, 9.55833602347e-05, 6.40532089164e-05, 5.04845920659e-05, 3.67008178728e-05, 3.32493873429e-05, 2.85829155473e-05, 2.31834874285e-05, 2.02405699383e-05, 2.26344454859e-05, 2.10979997064e-05, 1.84803575394e-05, 1.27279154185e-05, 1.29021191242e-05, 8.65188667376e-06, 7.04106105331e-06, 6.30546128377e-06, 5.91279240325e-06, 5.46065848539e-06, 3.92934771298e-06, 3.28188798449e-06, 3.92041420127e-06, 3.32252079716e-06, 2.86725071419e-06, 2.97152860185e-06, 2.62624212155e-06, 2.48744026976e-06, 1.97598888008e-06], "dvar": [1.36946100611e-05, 8.59335978021e-06, 4.51487693454e-07, 5.27318093191e-07, 1.79817860158e-07, 2.50192130125e-07, 9.00860243291e-07, 1.40155819395e-07, 1.10523288299e-07, 4.73012669033e-08, 2.73776059601e-08, 1.05879545131e-08, 1.32600161962e-08, 2.06390264879e-08, 5.86376236456e-09, 3.0683400265e-09, 1.46617962216e-09, 1.46215861641e-09, 7.32653882007e-10, 6.21468654316e-10, 4.80868400654e-10, 6.01759531094e-10, 7.09211578354e-10, 6.69597044478e-10, 2.91464852253e-10, 2.6627774985e-10, 6.71631500415e-11, 6.2853257321e-11, 4.89427109951e-11, 4.42369717246e-11, 3.39322805964e-11, 2.60078313052e-11, 1.70275807343e-11, 2.23076453143e-11, 1.51213538219e-11, 1.26415111018e-11, 1.21669748929e-11, 1.00179560827e-11, 9.35218829462e-12, 6.01759874569e-12], "dvar2": [3.82707112294e-05, 2.26302217925e-05, 1.12324528345e-06, 1.47705100062e-06, 4.62954119484e-07, 6.04619003752e-07, 2.73621685665e-06, 3.30574692953e-07, 2.63718106908e-07, 1.09796530978e-07, 6.4048066406e-08, 2.45180320491e-08, 3.04067633294e-08, 4.20695727144e-08, 1.3564402046e-08, 7.87909382183e-09, 3.6634544287e-09, 3.56854901185e-09, 1.84894621835e-09, 1.51244528013e-09, 1.2001848404e-09, 1.297742247e-09, 1.54663848395e-09, 1.71252945158e-09, 7.30147775574e-10, 6.59937160474e-10, 1.63632676853e-10, 1.44175921202e-10, 1.15590821637e-10, 1.0643790016e-10, 7.48276510198e-11, 6.09234190874e-11, 4.02918289011e-11, 4.81088016646e-11, 3.12150444381e-11, 2.5933895656e-11, 2.72776991966e-11, 2.22379701459e-11, 2.15391263853e-11, 1.37695453997e-11], "max": [0.0313389226794, 0.0298353936523, 0.0082544637844, 0.0174474064261, 0.00774852186441, 0.0046616429463, 0.0108258388937, 0.00703281210735, 0.00456528132781, 0.00573076028377, 0.00361189153045, 0.00136063399259, 0.00214749341831, 0.00294604292139, 0.00119328184519, 0.000800250447355, 0.000472232204629, 0.000457142683445, 0.000369586108718, 0.000303722772514, 0.000315792392939, 0.00025154647301, 0.000329882663209, 0.000499690766446, 0.000250067212619, 0.000213136692764, 8.31274228403e-05, 0.000141828757478, 0.000156760652317, 7.73552528699e-05, 9.0752459073e-05, 0.000116886796604, 0.000119271695439, 8.58283601701e-05, 5.12332917424e-05, 7.80284535722e-05, 3.16739860864e-05, 4.3078649469e-05, 3.30157308781e-05, 2.11750921153e-05], "mean": [0.00277387583628, 0.00245035416447, 0.000784416508395, 0.000504639639985, 0.000364271982107, 0.000839965301566, 0.000439108291175, 0.000346613727743, 0.000256144383457, 0.00020856851188, 0.000147809041664, 8.39163039927e-05, 0.000122347613797, 9.56925869104e-05, 5.40270848433e-05, 3.98346419388e-05, 3.15861179843e-05, 2.67785526376e-05, 2.8491476769e-05, 2.449024214e-05, 1.7001571905e-05, 2.24865179916e-05, 2.04916213988e-05, 1.59326591529e-05, 9.87374460237e-06, 9.55967516347e-06, 6.63379887555e-06, 5.50586173631e-06, 4.90112915941e-06, 4.50231846116e-06, 4.45864998255e-06, 3.29932754539e-06, 2.83618783214e-06, 3.34367086907e-06, 2.72816350844e-06, 2.4757571282e-06, 2.2651886411e-06, 2.09142694985e-06, 1.95613120013e-06, 1.54547365128e-06], "median": [0.00158716680016, 0.0018498741556, 0.000600000377744, 0.000341866805684, 0.000232976904954, 0.000593687640503, 0.000284522073343, 0.000184068165254, 9.05993219931e-05, 0.000121573117212, 8.25296810945e-05, 4.40460353275e-05, 6.7072105594e-05, 3.20746476064e-05, 1.70777966559e-05, 1.69031918631e-05, 1.46220645547e-05, 1.23853697005e-05, 1.63298973348e-05, 1.26410568555e-05, 7.67165693105e-06, 9.27904329728e-06, 8.57368195284e-06, 6.64616391077e-06, 3.70431689589e-06, 3.67295274373e-06, 2.62172488874e-06, 2.03332820092e-06, 1.84804684977e-06, 1.65373751315e-06, 1.36537437356e-06, 1.06723916815e-06, 7.86722694102e-07, 7.41876817756e-07, 5.61197680327e-07, 4.96319671583e-07, 4.80682615489e-07, 4.14663531956e-07, 3.91677218659e-07, 2.960161396e-07], "min": [1.43168993071e-23, 9.09122276905e-24, 2.58541509735e-24, 5.03813195754e-24, 4.25701332767e-24, 7.2738229275e-24, 6.17740053812e-24, 4.76932760408e-24, 5.01666705231e-24, 4.59993510747e-24, 5.11979444401e-24, 2.69083353835e-24, 7.1069938344e-24, 9.54690038235e-24, 1.01746640578e-23, 9.38446051133e-24, 1.29395355448e-23, 1.22373964854e-23, 1.26866385715e-23, 9.35128891026e-24, 1.00587015047e-23, 8.15431476003e-24, 8.8562471378e-24, 7.27963288807e-24, 7.38341621762e-24, 9.36712765952e-24, 9.63131402123e-24, 1.1473701032e-23, 6.52494622612e-24, 1.28997643334e-23, 1.15400253014e-23, 9.09260958653e-24, 1.18065664129e-23, 1.13151652336e-23, 1.08717970058e-23, 8.83696579955e-24, 1.00835600896e-23, 1.01100855375e-23, 1.07955851538e-23, 1.15439333183e-23], "var": [1.60479485203e-05, 9.72591624304e-06, 6.97920597759e-07, 4.76145686434e-07, 2.16647094931e-07, 6.6429367962e-07, 6.70111091949e-07, 2.5685210403e-07, 2.17298193661e-07, 1.01537352748e-07, 4.39163869714e-08, 1.55523682821e-08, 2.54182221937e-08, 3.69944643808e-08, 8.60670290592e-09, 3.66956731668e-09, 2.03200611892e-09, 1.79771664222e-09, 1.1357597085e-09, 1.00594854668e-09, 7.14199921426e-10, 1.23769949845e-09, 1.28443655711e-09, 7.59330764932e-10, 3.13406828267e-10, 2.86961454599e-10, 9.10827593903e-11, 9.79328562689e-11, 7.6539469207e-11, 5.56463937429e-11, 5.7473654308e-11, 4.00430071046e-11, 3.41582560848e-11, 4.28988511381e-11, 2.54995018156e-11, 2.62922600358e-11, 1.63228579958e-11, 1.47877352724e-11, 1.32878638648e-11, 7.73543729071e-12]}, "mfcc": {"mean": [-654.773620605, 126.854789734, 5.30442523956, 15.2912073135, 0.990360558033, -3.27859330177, -3.69960021973, 1.33024215698, 0.703819990158, -0.0210695471615, 0.397718846798, 2.17866158485, 1.67205703259], "cov": [[15191.8222656, -779.797058105, 648.358642578, 337.121520996, 452.45892334, 980.122009277, 852.200073242, 677.072143555, 399.457275391, 269.249176025, 217.408828735, 256.405426025, 44.4694671631], [-779.797058105, 1288.87133789, -368.12512207, 164.044555664, 12.8285217285, -47.0977249146, -18.1743717194, -0.651342689991, 36.8094749451, -9.79762935638, -51.9549636841, -30.7677288055, 26.2097301483], [648.358642578, -368.12512207, 1055.19494629, 142.95614624, 174.765274048, 290.829589844, 183.990219116, 89.8018493652, 91.0403137207, 129.218231201, 73.2161636353, 14.2330141068, -91.8573684692], [337.121520996, 164.044555664, 142.95614624, 315.903594971, 124.371116638, 118.788528442, 99.9002838135, 97.1078796387, 63.8829689026, 52.2564048767, 19.773147583, 9.35550022125, -4.07200098038], [452.45892334, 12.8285217285, 174.765274048, 124.371116638, 206.787979126, 127.282279968, 91.2197494507, 81.7913665771, 64.1377105713, 44.8340454102, 19.9244689941, 18.4370975494, -5.75537109375], [980.122009277, -47.0977249146, 290.829589844, 118.788528442, 127.282279968, 280.932159424, 175.216094971, 94.7724838257, 70.5993728638, 65.2612991333, 37.1707839966, 33.240852356, -1.8081895113], [852.200073242, -18.1743717194, 183.990219116, 99.9002838135, 91.2197494507, 175.216094971, 168.961105347, 101.143318176, 58.9767494202, 47.3924102783, 33.0058860779, 33.7340087891, 8.93981838226], [677.072143555, -0.651342689991, 89.8018493652, 97.1078796387, 81.7913665771, 94.7724838257, 101.143318176, 124.970970154, 62.6813583374, 39.2991485596, 30.4479370117, 29.5143413544, 20.3182945251], [399.457275391, 36.8094749451, 91.0403137207, 63.8829689026, 64.1377105713, 70.5993728638, 58.9767494202, 62.6813583374, 94.7668609619, 45.6803207397, 17.8048839569, 15.4742841721, 14.2525081635], [269.249176025, -9.79762935638, 129.218231201, 52.2564048767, 44.8340454102, 65.2612991333, 47.3924102783, 39.2991485596, 45.6803207397, 75.9756393433, 40.0173568726, 17.858379364, -0.651866257191], [217.408828735, -51.9549636841, 73.2161636353, 19.773147583, 19.9244689941, 37.1707839966, 33.0058860779, 30.4479370117, 17.8048839569, 40.0173568726, 68.2643585205, 36.1752166748, 4.17795801163], [256.405426025, -30.7677288055, 14.2330141068, 9.35550022125, 18.4370975494, 33.240852356, 33.7340087891, 29.5143413544, 15.4742841721, 17.858379364, 36.1752166748, 67.7201538086, 35.1388969421], [44.4694671631, 26.2097301483, -91.8573684692, -4.07200098038, -5.75537109375, -1.8081895113, 8.93981838226, 20.3182945251, 14.2525081635, -0.651866257191, 4.17795801163, 35.1388969421, 76.0514678955]], "icov": [[0.000110508546641, 7.28914601495e-05, 0.000107111605757, 7.57671441534e-05, 7.18918308849e-05, -0.000217120134039, -0.000238706430537, -0.000348943547579, -0.000160464434884, -4.63639262307e-05, 0.000100087709143, -0.000214599262108, 0.000288584938971], [7.28914601495e-05, 0.00111140264198, 0.000585490546655, -0.000719478179235, 3.89344932046e-05, -4.93281986564e-05, -0.000455424014945, 0.000441171752755, -0.000782367889769, -0.000414859154262, 0.000624279899057, 7.64631258789e-05, 0.000253888109], [0.000107111605757, 0.000585490546655, 0.00209096400067, -0.000192737585166, -0.000270985648967, -0.00127367780078, -0.000740555697121, 0.00036726766848, -0.000704353151377, -0.00174107495695, 0.000141205047839, -0.000384682352887, 0.00247600232251], [7.57671441534e-05, -0.000719478179235, -0.000192737585166, 0.00545208249241, -0.00151761202142, -0.000489931204356, -0.000362464808859, -0.0029830513522, 0.000420887809014, -0.00126314396039, 0.00036890048068, 0.000524084432982, 0.000623735424597], [7.18918308849e-05, 3.89344932046e-05, -0.000270985648967, -0.00151761202142, 0.00871466100216, -0.00237485393882, 0.00108686205931, -0.00297546992078, -0.00212659384124, -5.88400034758e-05, 0.00146152358502, -0.00171242491342, 0.00191515462939], [-0.000217120134039, -4.93281986564e-05, -0.00127367780078, -0.000489931204356, -0.00237485393882, 0.0129980295897, -0.0113449255005, 0.00409074127674, -0.000424749654485, -0.00156772357877, 0.000506907294039, 4.59138609585e-05, -0.00103355746251], [-0.000238706430537, -0.000455424014945, -0.000740555697121, -0.000362464808859, 0.00108686205931, -0.0113449255005, 0.0257623102516, -0.0111911119893, 0.00113419175614, 0.000930027104914, 0.000121457538626, -0.00237088673748, 4.08902815252e-05], [-0.000348943547579, 0.000441171752755, 0.00036726766848, -0.0029830513522, -0.00297546992078, 0.00409074127674, -0.0111911119893, 0.0240857936442, -0.00645722355694, 0.00127965980209, -0.00424587726593, 0.00123126222752, -0.00402596499771], [-0.000160464434884, -0.000782367889769, -0.000704353151377, 0.000420887809014, -0.00212659384124, -0.000424749654485, 0.00113419175614, -0.00645722355694, 0.0215178225189, -0.00929193105549, 0.00313468906097, 0.00126893306151, -0.00391468266025], [-4.63639262307e-05, -0.000414859154262, -0.00174107495695, -0.00126314396039, -5.88400034758e-05, -0.00156772357877, 0.000930027104914, 0.00127965980209, -0.00929193105549, 0.0298436395824, -0.0146249430254, 0.00289154984057, -0.00102881947532], [0.000100087709143, 0.000624279899057, 0.000141205047839, 0.00036890048068, 0.00146152358502, 0.000506907294039, 0.000121457538626, -0.00424587726593, 0.00313468906097, -0.0146249430254, 0.031449995935, -0.0158205889165, 0.00602857256308], [-0.000214599262108, 7.64631258789e-05, -0.000384682352887, 0.000524084432982, -0.00171242491342, 4.59138609585e-05, -0.00237088673748, 0.00123126222752, 0.00126893306151, 0.00289154984057, -0.0158205889165, 0.0316164344549, -0.0144681846723], [0.000288584938971, 0.000253888109, 0.00247600232251, 0.000623735424597, 0.00191515462939, -0.00103355746251, 4.08902815252e-05, -0.00402596499771, -0.00391468266025, -0.00102881947532, 0.00602857256308, -0.0144681846723, 0.0241864155978]]}, "spectral_contrast_coeffs": {"dmean": [0.0507220514119, 0.0495611727238, 0.0421648845077, 0.0322782881558, 0.0247800759971, 0.0209216494113], "dmean2": [0.0835566148162, 0.0793896317482, 0.066385909915, 0.0514767840505, 0.0382701382041, 0.0329147465527], "dvar": [0.00173335336149, 0.00187352567445, 0.00136607140303, 0.000778837304097, 0.000530138146132, 0.000426936749136], "dvar2": [0.00454312935472, 0.00471783429384, 0.00338970194571, 0.00182460213546, 0.00113375205547, 0.00100171775557], "max": [-0.361962497234, -0.355918586254, -0.418227374554, -0.489606291056, -0.517887353897, -0.597767472267], "mean": [-0.675567924976, -0.707773447037, -0.746057152748, -0.780826091766, -0.790374934673, -0.780737817287], "median": [-0.68624997139, -0.71738088131, -0.757809638977, -0.792085051537, -0.799856483936, -0.783955216408], "min": [-0.978729844093, -0.972913324833, -0.956338524818, -0.958677589893, -0.964537858963, -0.959067940712], "var": [0.00541579956189, 0.0077287144959, 0.00503794196993, 0.00306547083892, 0.00242964946665, 0.00161303195637]}, "spectral_contrast_valleys": {"dmean": [0.471309572458, 0.437067270279, 0.464452385902, 0.487161010504, 0.527292132378, 0.615259766579], "dmean2": [0.747398138046, 0.684259235859, 0.685895740986, 0.690067410469, 0.703920722008, 0.743853807449], "dvar": [0.302998900414, 0.283080995083, 0.306084007025, 0.335900127888, 0.369175553322, 0.392011940479], "dvar2": [0.532758355141, 0.512054860592, 0.546702802181, 0.598401963711, 0.711462676525, 0.738338768482], "max": [-5.10658693314, -4.3586807251, -5.05257558823, -5.42590808868, -5.49347639084, -7.72113800049], "mean": [-7.35