{"lowlevel": {"average_loudness": 0.638212859631, "barkbands_crest": {"dmean": 2.85445523262, "dmean2": 4.59957838058, "dvar": 7.36579751968, "dvar2": 18.5089130402, "max": 26.0301971436, "mean": 13.5091819763, "median": 12.6494827271, "min": 2.28321838379, "var": 30.2043514252}, "barkbands_flatness_db": {"dmean": 0.0278181284666, "dmean2": 0.0422441586852, "dvar": 0.00103861419484, "dvar2": 0.00223943218589, "max": 0.635053217411, "mean": 0.19435121119, "median": 0.172032043338, "min": 0.0208426900208, "var": 0.010663382709}, "barkbands_kurtosis": {"dmean": 13.9962625504, "dmean2": 21.7702331543, "dvar": 1967.42407227, "dvar2": 4811.19677734, "max": 1042.3951416, "mean": 20.2037372589, "median": 3.29504466057, "min": -1.95337402821, "var": 3335.20385742}, "barkbands_skewness": {"dmean": 0.901714026928, "dmean2": 1.38435983658, "dvar": 1.65130531788, "dvar2": 3.78109717369, "max": 24.0260047913, "mean": 2.47079944611, "median": 1.68441534042, "min": -3.84814310074, "var": 6.86408615112}, "barkbands_spread": {"dmean": 4.44441223145, "dmean2": 6.75419044495, "dvar": 37.8474655151, "dvar2": 75.6421127319, "max": 123.062103271, "mean": 17.3882884979, "median": 13.2578792572, "min": 0.0810588225722, "var": 231.488555908}, "dissonance": {"dmean": 0.0223688650876, "dmean2": 0.0370289571583, "dvar": 0.000490881560836, "dvar2": 0.00130251760129, "max": 0.500000178814, "mean": 0.447069644928, "median": 0.456476360559, "min": 0.20699429512, "var": 0.00153536500875}, "dynamic_complexity": 5.51957273483, "erbbands_crest": {"dmean": 2.69152498245, "dmean2": 4.26539564133, "dvar": 6.0377202034, "dvar2": 14.2915639877, "max": 31.7609539032, "mean": 10.7643556595, "median": 9.63323783875, "min": 2.42034292221, "var": 25.0300121307}, "erbbands_flatness_db": {"dmean": 0.0177463889122, "dmean2": 0.0261082742363, "dvar": 0.00037287347368, "dvar2": 0.000824966933578, "max": 0.483355164528, "mean": 0.178701624274, "median": 0.166009753942, "min": 0.0512740463018, "var": 0.00420758593827}, "erbbands_kurtosis": {"dmean": 1.34258580208, "dmean2": 2.085064888, "dvar": 8.65520000458, "dvar2": 19.9662971497, "max": 90.3762512207, "mean": 1.47113323212, "median": 0.164794564247, "min": -1.91128206253, "var": 21.2398014069}, "erbbands_skewness": {"dmean": 0.399695575237, "dmean2": 0.603142857552, "dvar": 0.190311953425, "dvar2": 0.405086219311, "max": 7.60619544983, "mean": 0.625801622868, "median": 0.490988492966, "min": -4.21940135956, "var": 0.970825135708}, "erbbands_spread": {"dmean": 7.39402103424, "dmean2": 11.4475984573, "dvar": 105.174369812, "dvar2": 251.520797729, "max": 211.846740723, "mean": 32.4178276062, "median": 29.6812095642, "min": 1.48929584026, "var": 348.653503418}, "hfc": {"dmean": 4.63156652451, "dmean2": 6.7923784256, "dvar": 82.8263778687, "dvar2": 154.898696899, "max": 299.443023682, "mean": 17.7193050385, "median": 6.6821398735, "min": 1.06589884929e-16, "var": 557.161071777}, "melbands_crest": {"dmean": 3.18040943146, "dmean2": 5.11960029602, "dvar": 8.84212779999, "dvar2": 22.5859203339, "max": 35.3962478638, "mean": 16.6746921539, "median": 17.086145401, "min": 1.56206095219, "var": 33.5587692261}, "melbands_flatness_db": {"dmean": 0.0333832725883, "dmean2": 0.049913559109, "dvar": 0.00144308491144, "dvar2": 0.00302840420045, "max": 0.784343898296, "mean": 0.270664483309, "median": 0.241582483053, "min": 0.00332794338465, "var": 0.01786984317}, "melbands_kurtosis": {"dmean": 15.4939222336, "dmean2": 24.4722919464, "dvar": 1123.56860352, "dvar2": 2680.66870117, "max": 845.079711914, "mean": 27.2235870361, "median": 7.8782043457, "min": -1.84516990185, "var": 2673.84643555}, "melbands_skewness": {"dmean": 0.958134531975, "dmean2": 1.48319375515, "dvar": 1.48634803295, "dvar2": 3.53238606453, "max": 23.4553966522, "mean": 3.04813694954, "median": 2.34340810776, "min": -1.65095996857, "var": 6.02668857574}, "melbands_spread": {"dmean": 5.40178537369, "dmean2": 8.37157058716, "dvar": 63.4349517822, "dvar2": 132.140197754, "max": 280.031005859, "mean": 19.4726753235, "median": 13.5569391251, "min": 0.262106537819, "var": 478.258331299}, "pitch_salience": {"dmean": 0.0749551951885, "dmean2": 0.12106693536, "dvar": 0.0054369517602, "dvar2": 0.0136163244024, "max": 0.943300127983, "mean": 0.438990116119, "median": 0.439796328545, "min": 0.0603011287749, "var": 0.0226563476026}, "silence_rate_20dB": {"dmean": 0, "dmean2": 0, "dvar": 0, "dvar2": 0, "max": 1, "mean": 1, "median": 1, "min": 1, "var": 0}, "silence_rate_30dB": {"dmean": 0.047614865005, "dmean2": 0.095238097012, "dvar": 0.0453449338675, "dvar2": 0.100754782557, "max": 1, "mean": 0.951335191727, "median": 1, "min": 0, "var": 0.0463012047112}, "silence_rate_60dB": {"dmean": 0.0245980843902, "dmean2": 0.0491126328707, "dvar": 0.0239955130965, "dvar2": 0.0554956831038, "max": 1, "mean": 0.172435000539, "median": 0, "min": 0, "var": 0.142711415887}, "spectral_centroid": {"dmean": 201.240509033, "dmean2": 305.77935791, "dvar": 92023.5546875, "dvar2": 171413.8125, "max": 11885.4394531, "mean": 1246.87512207, "median": 989.381591797, "min": 82.3883132935, "var": 1856214.625}, "spectral_complexity": {"dmean": 2.1588332653, "dmean2": 3.33781409264, "dvar": 8.07981586456, "dvar2": 16.051858902, "max": 62, "mean": 13.367269516, "median": 10, "min": 0, "var": 119.604255676}, "spectral_decrease": {"dmean": 4.30065050239e-09, "dmean2": 6.84855860911e-09, "dvar": 7.94843012209e-17, "dvar2": 1.94521645733e-16, "max": 2.23472897759e-28, "mean": -8.96587071253e-09, "median": -5.66478197683e-09, "min": -1.09566656192e-07, "var": 1.17159016461e-16}, "spectral_energy": {"dmean": 0.016485966742, "dmean2": 0.0262192990631, "dvar": 0.00115547061432, "dvar2": 0.00282717496157, "max": 0.418052107096, "mean": 0.0354464761913, "median": 0.0225212499499, "min": 9.99629675694e-21, "var": 0.00175980571657}, "spectral_energyband_high": {"dmean": 0.000244816590566, "dmean2": 0.00032203871524, "dvar": 5.00090379774e-07, "dvar2": 6.27718179658e-07, "max": 0.0311868265271, "mean": 0.000727699720301, "median": 8.13326114439e-05, "min": 6.8005910891e-21, "var": 2.63010906565e-06}, "spectral_energyband_low": {"dmean": 0.0142375659198, "dmean2": 0.0229142829776, "dvar": 0.00106795772444, "dvar2": 0.00261426740326, "max": 0.39384418726, "mean": 0.0198154132813, "median": 0.00809611566365, "min": 1.42865344731e-23, "var": 0.0012388236355}, "spectral_energyband_middle_high": {"dmean": 0.00148119183723, "dmean2": 0.00230096420273, "dvar": 1.06087172753e-05, "dvar2": 2.70378641289e-05, "max": 0.0511806607246, "mean": 0.00469292001799, "median": 0.00127174635418, "min": 1.07898057063e-21, "var": 4.62953175884e-05}, "spectral_energyband_middle_low": {"dmean": 0.00301624089479, "dmean2": 0.00464346632361, "dvar": 3.36533194059e-05, "dvar2": 8.37910047267e-05, "max": 0.0906656235456, "mean": 0.00765737891197, "median": 0.00386295444332, "min": 1.84173096244e-22, "var": 9.32824914344e-05}, "spectral_entropy": {"dmean": 0.1879029423, "dmean2": 0.279713273048, "dvar": 0.0572296157479, "dvar2": 0.124678909779, "max": 9.82510566711, "mean": 7.14718151093, "median": 7.21946430206, "min": 4.45966863632, "var": 0.585845112801}, "spectral_flux": {"dmean": 0.0328497514129, "dmean2": 0.0527860969305, "dvar": 0.00273664132692, "dvar2": 0.00607967562973, "max": 0.582056224346, "mean": 0.0818892270327, "median": 0.0665669590235, "min": 6.30659760525e-11, "var": 0.00509198242798}, "spectral_kurtosis": {"dmean": 3.58089399338, "dmean2": 5.83710289001, "dvar": 61.6059913635, "dvar2": 165.244140625, "max": 231.813995361, "mean": 10.2074108124, "median": 5.12492656708, "min": -1.60061562061, "var": 316.908081055}, "spectral_rms": {"dmean": 0.00114939466584, "dmean2": 0.00175564398523, "dvar": 2.94935193779e-06, "dvar2": 6.60450041323e-06, "max": 0.0201954375952, "mean": 0.00496320985258, "median": 0.00468742474914, "min": 3.12289690635e-12, "var": 9.94848960545e-06}, "spectral_rolloff": {"dmean": 337.932067871, "dmean2": 570.726074219, "dvar": 663795.9375, "dvar2": 1387557.625, "max": 19832.0800781, "mean": 1260.51452637, "median": 689.0625, "min": 21.533203125, "var": 6101147.5}, "spectral_skewness": {"dmean": 0.326658964157, "dmean2": 0.517569243908, "dvar": 0.240164458752, "dvar2": 0.607182383537, "max": 12.2010240555, "mean": 2.10839247704, "median": 1.7522418499, "min": -0.201021417975, "var": 1.61414968967}, "spectral_spread": {"dmean": 547319.25, "dmean2": 818962.1875, "dvar": 944823664640, "dvar2": 1662633246720.0, "max": 42812424, "mean": 4748565.5, "median": 4113005, "min": 398905.0625, "var": 22066248024100.0}, "spectral_strongpeak": {"dmean": 0.305860251188, "dmean2": 0.515226662159, "dvar": 0.456396520138, "dvar2": 1.18380022049, "max": 22.2547340393, "mean": 0.581910192966, "median": 0.301434457302, "min": 0, "var": 0.826337456703}, "zerocrossingrate": {"dmean": 0.0077750091441, "dmean2": 0.00924263801426, "dvar": 0.000170438535861, "dvar2": 0.000211553589907, "max": 0.52392578125, "mean": 0.0496377944946, "median": 0.03662109375, "min": 0.00244140625, "var": 0.0042982106097}, "barkbands": {"dmean": [0.00224161078222, 0.0107108177617, 0.00401303125545, 0.00070337287616, 0.000949275156017, 0.000630251015536, 0.000622184423264, 0.00071143155219, 0.000489126658067, 0.000622445601039, 0.000280590378679, 0.000416756520281, 0.000308100949042, 0.000251988385571, 0.000299244420603, 0.000159206145327, 0.000223118215217, 0.000121399774798, 0.000152160719153, 6.60961813992e-05, 7.29234598111e-05, 4.92909312015e-05, 5.43109126738e-05, 3.92113724956e-05, 4.56948473584e-05, 1.97340214072e-05, 5.23368998984e-06], "dmean2": [0.00378704466857, 0.017020970583, 0.00735614262521, 0.00129817740526, 0.00156417500693, 0.000959592172876, 0.000853915058542, 0.00101151759736, 0.000719832081813, 0.000950016139541, 0.000432252301835, 0.00066123099532, 0.000492376566399, 0.000400352757424, 0.0004843728384, 0.000259345513768, 0.000371947302483, 0.000199591726414, 0.000250380398938, 0.000107562758785, 0.000111750916403, 7.34996501706e-05, 7.02796969563e-05, 5.52011551918e-05, 5.7570876379e-05, 2.74496233033e-05, 8.03917191661e-06], "dvar": [3.69634617527e-05, 0.000496204185765, 0.000203108254937, 7.82362621976e-06, 5.06597871208e-06, 3.15843817589e-06, 2.73404248219e-06, 3.3685832932e-06, 2.437080866e-06, 2.86182739728e-06, 5.57209091312e-07, 9.7022166301e-07, 7.40329937798e-07, 5.47505237591e-07, 6.39416612103e-07, 3.00306510326e-07, 3.04324146327e-07, 7.75474617853e-08, 1.27788979398e-07, 2.20781863902e-08, 2.5383636526e-08, 1.68200653405e-08, 2.74734404115e-08, 2.55361989332e-08, 9.05317989464e-08, 7.35418037578e-09, 4.51083531638e-10], "dvar2": [0.000117111834697, 0.00112239166629, 0.000585142464843, 2.24125160457e-05, 1.34856645673e-05, 7.32216130928e-06, 5.27925249116e-06, 6.61511012368e-06, 5.31283694727e-06, 6.36697541267e-06, 1.32671925712e-06, 2.3834638796e-06, 1.81785947007e-06, 1.23464167245e-06, 1.56250860073e-06, 7.59656870741e-07, 8.00794396127e-07, 2.0944519008e-07, 3.41555931982e-07, 5.75418717119e-08, 5.86831632177e-08, 3.51246143282e-08, 4.04869915371e-08, 4.05198612441e-08, 9.7537650845e-08, 1.10463878045e-08, 1.07648967518e-09], "max": [0.0831143558025, 0.262180685997, 0.161082342267, 0.036061309278, 0.0529996417463, 0.0486009269953, 0.0744024217129, 0.0467650294304, 0.045889057219, 0.0362793318927, 0.0148162115365, 0.0194866098464, 0.0192138124257, 0.0208753924817, 0.0236362535506, 0.0173310842365, 0.00741917267442, 0.00735951960087, 0.00696857366711, 0.0032522615511, 0.00446947151795, 0.00416285451502, 0.00345499673858, 0.00824693124741, 0.0176614411175, 0.00487581221387, 0.000989943509921], "mean": [0.00490001728758, 0.0146822119132, 0.00301077519543, 0.00052935583517, 0.00138139654882, 0.00131511921063, 0.00136886641849, 0.00166441395413, 0.000913558760658, 0.00102319079451, 0.000452803418739, 0.000689617532771, 0.0005419923109, 0.000409679400036, 0.000506978074554, 0.000289211835479, 0.000382913189242, 0.000250613578828, 0.000328138266923, 0.000164334182045, 0.000191384067875, 0.000119529577205, 0.000101026635093, 8.26826144475e-05, 9.47303560679e-05, 3.92677975469e-05, 1.26295080918e-05], "median": [0.000352649949491, 0.00483027193695, 0.000482957984786, 0.000108165411802, 0.00058616080787, 0.000245798262767, 0.00020750935073, 0.000278386578429, 0.000121613054944, 0.000112486755825, 7.2966562584e-05, 0.000107714498881, 7.29895837139e-05, 3.5522505641e-05, 4.8568326747e-05, 2.61103414232e-05, 4.45483165095e-05, 2.64633381448e-05, 2.5392826501e-05, 1.53774653882e-05, 1.88044487004e-05, 1.39662424772e-05, 6.78513788444e-06, 6.62085449221e-06, 5.2706554925e-06, 1.94057474801e-06, 3.13444331823e-07], "min": [2.01640809939e-25, 1.21936621355e-25, 7.42827124312e-25, 1.22497457085e-24, 3.4308661229e-24, 5.81770599775e-24, 3.28921056737e-24, 7.8908289068e-24, 1.62876615972e-23, 1.15068126796e-23, 1.39297389966e-23, 1.43959557915e-23, 2.50471352234e-23, 3.12388634478e-23, 4.61595805575e-23, 5.55499188714e-23, 6.34367987405e-23, 9.28137642808e-23, 1.01263878214e-22, 1.54906154712e-22, 2.19639399019e-22, 2.37609549466e-22, 3.47163951897e-22, 6.0504091574e-22, 8.77563707065e-22, 1.18353218129e-21, 1.95501997124e-21], "var": [0.000101479738078, 0.000692255212925, 0.000117858289741, 4.6034206207e-06, 5.81585891268e-06, 1.08653475763e-05, 1.41076716318e-05, 1.69891955011e-05, 7.27196902517e-06, 6.15668250248e-06, 1.13965336368e-06, 2.29138754548e-06, 2.03375134333e-06, 1.49321920162e-06, 1.68530004885e-06, 7.91027161995e-07, 5.64961112559e-07, 2.35541946836e-07, 4.34546763017e-07, 9.74298046685e-08, 1.181193241e-07, 5.73244882673e-08, 7.33218499249e-08, 1.00589723218e-07, 3.83031647289e-07, 2.47555131949e-08, 9.4333074685e-10]}, "erbbands": {"dmean": [0.238670527935, 2.71989417076, 5.45121717453, 2.93013834953, 2.4070057869, 3.91487264633, 3.79829525948, 5.74641084671, 8.06274318695, 10.3553514481, 15.763633728, 12.8312282562, 15.6236257553, 17.1698303223, 10.4311475754, 20.2303333282, 13.8443746567, 13.720615387, 16.3293323517, 8.77692508698, 9.15770721436, 8.91989517212, 6.81552886963, 6.00390815735, 8.47523212433, 2.87985110283, 2.81371212006, 2.49841237068, 1.82833623886, 1.76826691628, 1.29222166538, 0.878968477249, 0.664845407009, 0.621475219727, 0.266954481602, 0.112855680287, 0.0325796864927, 0.00649223476648, 0.000947373744566, 6.16519464529e-05], "dmean2": [0.373481780291, 4.36650705338, 9.68312931061, 5.29478025436, 4.20922327042, 6.47072219849, 5.91066217422, 8.7961730957, 11.2780799866, 14.4402399063, 22.3645801544, 18.5708446503, 23.0743942261, 26.6696739197, 16.2750453949, 32.1152267456, 22.0223731995, 21.3467311859, 26.4089546204, 14.0302286148, 15.0223789215, 14.62088871, 11.147354126, 9.79539775848, 14.1289272308, 4.684633255, 4.47562742233, 3.68325710297, 2.71153354645, 2.35029840469, 1.74087047577, 1.25073421001, 0.948890566826, 0.821577012539, 0.344553232193, 0.150702208281, 0.0480230636895, 0.00971071142703, 0.0014863825636, 9.48853776208e-05], "dvar": [0.16893042624, 36.6284179688, 309.805114746, 116.351898193, 60.644493103, 84.9772949219, 77.2351455688, 374.935333252, 471.22833252, 1143.92871094, 1692.41564941, 1453.44897461, 2785.06518555, 2057.83544922, 922.8828125, 2349.98364258, 1452.99267578, 1371.59216309, 1983.4732666, 657.775390625, 616.700439453, 448.506896973, 245.700653076, 235.248840332, 447.684387207, 37.6516227722, 37.5149917603, 38.9550437927, 24.4188842773, 25.185880661, 14.0483064651, 10.6991405487, 9.40305328369, 17.2378425598, 2.87456727028, 0.355777531862, 0.0156690888107, 0.000580782245379, 1.37467004606e-05, 4.39857750223e-08], "dvar2": [0.384431660175, 85.7040634155, 871.897705078, 331.604858398, 166.331726074, 231.825119019, 184.968215942, 849.330688477, 990.890014648, 2089.53710938, 3425.36987305, 3086.57202148, 5796.50048828, 4889.88037109, 2230.52685547, 5741.64160156, 3518.109375, 3080.25439453, 4905.39746094, 1602.60302734, 1627.88696289, 1150.23303223, 651.541137695, 654.091918945, 1208.64819336, 95.4924468994, 93.0843429565, 83.4730911255, 50.8815345764, 41.6579437256, 21.9653530121, 19.240196228, 14.422627449, 20.3774814606, 3.29916453362, 0.453174203634, 0.0309806298465, 0.0011887177825, 3.34971628035e-05, 1.07911176883e-07], "max": [7.00759935379, 72.4117279053, 199.593475342, 138.978424072, 142.798614502, 214.890762329, 204.131500244, 602.170227051, 1120.65759277, 1567.70324707, 1254.37805176, 1024.70117188, 1532.51965332, 768.087463379, 724.415527344, 976.691894531, 963.33013916, 1139.34741211, 1454.72216797, 738.499389648, 978.263183594, 432.306732178, 424.183197021, 371.551116943, 440.389434814, 121.392166138, 182.552993774, 239.749389648, 159.111343384, 104.29914093, 81.0257568359, 218.236068726, 162.751342773, 243.333206177, 93.1616592407, 33.659450531, 7.64537286758, 1.05556845665, 0.172509893775, 0.0107374954969], "mean": [0.329792231321, 3.55846238136, 4.91090679169, 2.35347557068, 2.50212287903, 5.42185735703, 7.29552459717, 11.8794002533, 18.4335575104, 25.3123245239, 35.6369590759, 26.3596935272, 27.842666626, 27.7052059174, 19.0373668671, 34.1241226196, 26.7525234222, 25.906288147, 28.5776615143, 17.4202842712, 16.4773750305, 16.8116416931, 15.3107614517, 13.5979318619, 17.5734481812, 7.84501123428, 7.61972999573, 6.57386207581, 4.51684093475, 3.72055768967, 2.48210072517, 1.76761221886, 1.38031125069, 1.24886000156, 0.547718763351, 0.219766154885, 0.0612731464207, 0.0134928366169, 0.00209500291385, 0.000172764601302], "median": [0.121594250202, 0.976421892643, 1.06515359879, 0.545094251633, 0.926884114742, 1.96427357197, 2.18916225433, 2.05406570435, 3.67428612709, 4.36871623993, 7.1246099472, 4.96270656586, 3.54711389542, 4.03853559494, 4.34507894516, 6.10554504395, 4.76784324646, 3.57382059097, 3.42111110687, 2.22306251526, 2.22458934784, 2.29084324837, 1.84552526474, 1.31191921234, 1.25841891766, 0.791179060936, 0.761238276958, 0.649453282356, 0.510776400566, 0.320276737213, 0.185000687838, 0.158693283796, 0.0960922837257, 0.0695384815335, 0.028848497197, 0.0117958104238, 0.00300501682796, 0.000480130605865, 6.8377063144e-05, 3.59641489922e-05], "min": [2.14817805435e-23, 4.90437879245e-22, 1.25582193052e-21, 7.17556240052e-21, 6.42612989931e-21, 1.76139839637e-20, 3.25260729294e-20, 5.72232755642e-20, 4.94860316784e-20, 1.1145625444e-19, 2.75023595001e-19, 4.0860809405e-19, 4.65144234556e-19, 3.2550748761e-19, 7.37039225686e-19, 8.44105555066e-19, 1.37451702829e-18, 1.97840840289e-18, 2.22991308173e-18, 2.88479776295e-18, 3.86703917159e-18, 4.49734500809e-18, 5.27070015101e-18, 6.36629135976e-18, 4.59571415372e-18, 8.24042041155e-18, 8.06590019155e-18, 8.86505840649e-18, 8.93427026271e-18, 1.15216622675e-17, 1.03916557957e-17, 1.02383039548e-17, 9.03640142576e-18, 8.19715638397e-18, 6.18188012758e-18, 3.85414466661e-18, 2.13160225234e-18, 8.6888954058e-19, 2.36408244917e-19, 2.56499062898e-20], "var": [0.271544873714, 46.9840736389, 206.592300415, 69.3993759155, 43.7357521057, 101.313095093, 204.575714111, 1296.10473633, 2615.37768555, 5807.86376953, 6660.01464844, 5192.15234375, 6379.93554688, 3891.83984375, 1984.00634766, 5385.62695312, 4536.45800781, 4493.21728516, 4914.89941406, 2012.11328125, 1469.25085449, 1033.58666992, 791.62121582, 732.240966797, 1343.84887695, 195.080307007, 183.074996948, 152.145111084, 80.6931381226, 73.4169616699, 38.4329338074, 32.5057411194, 36.6687774658, 67.9445953369, 12.0275592804, 1.27823138237, 0.0434189625084, 0.00147547596134, 2.63521669694e-05, 1.04398303336e-07]}, "gfcc": {"mean": [-79.4097900391, 104.64680481, -106.18396759, 20.7322101593, -45.9117164612, 11.5944595337, -23.5429267883, 7.75040578842, -13.9212408066, 5.72696352005, -6.95340967178, 0.570440590382, -6.94012451172], "cov": [[36592.84375, -3015.8425293, -2123.31079102, 1622.24157715, -1446.03320312, 676.360473633, -650.38885498, 997.575622559, -350.593292236, 824.912963867, -368.155151367, 487.085083008, -359.122009277], [-3015.8425293, 3195.51367188, 293.956359863, 144.976119995, 592.579223633, -228.558044434, 195.204696655, -332.503326416, 184.489562988, -264.045166016, 186.445556641, -214.664367676, 123.508880615], [-2123.31079102, 293.956359863, 1678.47998047, 522.001403809, 565.951782227, 291.915496826, 170.637084961, 26.49036026, 64.6630630493, -21.9212245941, 49.16639328, -35.3611297607, 54.4445343018], [1622.24157715, 144.976119995, 522.001403809, 804.84564209, 217.817337036, 156.26651001, 92.047996521, 52.8322219849, 26.0010204315, 8.90427398682, -1.88284027576, -28.7922153473, 37.2415313721], [-1446.03320312, 592.579223633, 565.951782227, 217.817337036, 587.160522461, 109.567016602, 224.87298584, -0.565687060356, 107.628623962, -52.9162559509, 68.6849975586, -46.272769928, 35.622379303], [676.360473633, -228.558044434, 291.915496826, 156.26651001, 109.567016602, 357.767242432, 106.208229065, 93.7885360718, -6.96099996567, 27.4725723267, -1.99820065498, 19.746635437, -13.2342443466], [-650.38885498, 195.204696655, 170.637084961, 92.047996521, 224.87298584, 106.208229065, 341.494018555, 39.5568733215, 77.9690246582, -18.8857116699, 59.7368659973, -26.3355846405, -13.8183555603], [997.575622559, -332.503326416, 26.49036026, 52.8322219849, -0.565687060356, 93.7885360718, 39.5568733215, 180.725036621, 31.1545829773, 61.9029960632, -7.5357336998, 33.6601066589, -16.4127082825], [-350.593292236, 184.489562988, 64.6630630493, 26.0010204315, 107.628623962, -6.96099996567, 77.9690246582, 31.1545829773, 160.615158081, 31.0245342255, 27.6521186829, -20.0298480988, 2.69292902946], [824.912963867, -264.045166016, -21.9212245941, 8.90427398682, -52.9162559509, 27.4725723267, -18.8857116699, 61.9029960632, 31.0245342255, 142.098571777, 9.31193065643, 17.3015842438, -13.1733818054], [-368.155151367, 186.445556641, 49.16639328, -1.88284027576, 68.6849975586, -1.99820065498, 59.7368659973, -7.5357336998, 27.6521186829, 9.31193065643, 105.098381042, 11.6908588409, 13.6120643616], [487.085083008, -214.664367676, -35.3611297607, -28.7922153473, -46.272769928, 19.746635437, -26.3355846405, 33.6601066589, -20.0298480988, 17.3015842438, 11.6908588409, 112.778289795, 20.7975387573], [-359.122009277, 123.508880615, 54.4445343018, 37.2415313721, 35.622379303, -13.2342443466, -13.8183555603, -16.4127082825, 2.69292902946, -13.1733818054, 13.6120643616, 20.7975387573, 94.1214828491]], "icov": [[6.93566107657e-05, -5.81012282055e-05, 0.000133311230456, -0.000230349905905, 5.71935124754e-05, -0.000105088074633, 9.76856972557e-05, -0.000248833239311, 0.00015085429186, -0.000294153927825, 0.000147821381688, -0.000284233479761, 0.000285372429062], [-5.81012282055e-05, 0.000782359100413, 5.20499668255e-07, 8.19998531369e-05, -0.000515085936058, 0.000247591466177, 6.61907251924e-05, 0.000993671477772, -0.000774055835791, 0.00115105172154, -0.00114322011359, 0.00117349438369, -0.000779031484853], [0.000133311230456, 5.20499668255e-07, 0.00137444224674, -0.000849822419696, -0.000889238144737, -0.000762938521802, 0.000529594486579, -0.000179005641257, 0.000262568937615, -0.000530994031578, 3.66087515431e-05, -0.000348732661223, 0.000314922217513], [-0.000230349905905, 8.19998531369e-05, -0.000849822419696, 0.00245920196176, -0.000276267208392, 6.21431536274e-05, -0.000480115937535, 0.000339629652444, -0.000231253288803, 0.000619423692115, 3.01107102132e-05, 0.00132486748043, -0.00156973034609], [5.71935124754e-05, -0.000515085936058, -0.000889238144737, -0.000276267208392, 0.00417666882277, -0.000378253200324, -0.00137862120755, -0.000545140646864, -0.000996050075628, 0.00049790967023, -0.000200359267183, -0.000141573851579, -0.000255130318692], [-0.000105088074633, 0.000247591466177, -0.000762938521802, 6.21431536274e-05, -0.000378253200324, 0.00456830952317, -0.00130960776005, -0.00110168068204, 0.00102324457839, 2.52692416325e-06, 0.000284936715616, -8.6016698333e-05, 4.08692903875e-05], [9.76856972557e-05, 6.61907251924e-05, 0.000529594486579, -0.000480115937535, -0.00137862120755, -0.00130960776005, 0.00519487401471, -0.00100409239531, -0.00124159874395, 0.0010263879085, -0.00219186698087, 0.000500245194416, 0.00148034223821], [-0.000248833239311, 0.000993671477772, -0.000179005641257, 0.000339629652444, -0.000545140646864, -0.00110168068204, -0.00100409239531, 0.0102494582534, -0.00278871809132, -0.000706722203176, 2.43870872509e-05, -0.000629188667517, -0.000476532266475], [0.00015085429186, -0.000774055835791, 0.000262568937615, -0.000231253288803, -0.000996050075628, 0.00102324457839, -0.00124159874395, -0.00278871809132, 0.00988526083529, -0.00394500093535, 0.000634841853753, 6.65592597215e-05, 0.000441725220298], [-0.000294153927825, 0.00115105172154, -0.000530994031578, 0.000619423692115, 0.00049790967023, 2.52692416325e-06, 0.0010263879085, -0.000706722203176, -0.00394500093535, 0.0121821397915, -0.00394234666601, 0.00209530466236, -0.000806303287391], [0.000147821381688, -0.00114322011359, 3.66087515431e-05, 3.01107102132e-05, -0.000200359267183, 0.000284936715616, -0.00219186698087, 2.43870872509e-05, 0.000634841853753, -0.00394234666601, 0.0140588972718, -0.00421541929245, 0.000157730159117], [-0.000284233479761, 0.00117349438369, -0.000348732661223, 0.00132486748043, -0.000141573851579, -8.6016698333e-05, 0.000500245194416, -0.000629188667517, 6.65592597215e-05, 0.00209530466236, -0.00421541929245, 0.0138882724568, -0.00510948803276], [0.000285372429062, -0.000779031484853, 0.000314922217513, -0.00156973034609, -0.000255130318692, 4.08692903875e-05, 0.00148034223821, -0.000476532266475, 0.000441725220298, -0.000806303287391, 0.000157730159117, -0.00510948803276, 0.0143918748945]]}, "melbands": {"dmean": [0.00263421609998, 0.00317837530747, 0.000512141385116, 0.000212302198634, 0.000140799951623, 0.000126976563479, 0.000128246130771, 0.000115402013762, 0.000123170306324, 8.06846728665e-05, 7.72095881985e-05, 7.15516143828e-05, 3.2580421248e-05, 4.95851963933e-05, 3.43565297953e-05, 3.3018834074e-05, 2.72261240752e-05, 2.5845150958e-05, 1.81928171514e-05, 1.3599185877e-05, 1.22198589452e-05, 1.07855394162e-05, 9.24515643419e-06, 4.4517319111e-06, 5.13324539497e-06, 7.73420379119e-06, 3.48471098732e-06, 2.0638829028e-06, 1.73354237631e-06, 2.42205305767e-06, 1.46075899465e-06, 1.19337198612e-06, 8.6263941057e-07, 1.22339088193e-06, 9.2319265832e-07, 5.96243864948e-07, 5.60010391837e-07, 4.77561457046e-07, 5.23522089679e-07, 5.66835296922e-07], "dmean2": [0.00410082330927, 0.00536079611629, 0.000921781582292, 0.000353973242454, 0.000221854861593, 0.00019325237372, 0.000178316884558, 0.000162622745847, 0.000176292320248, 0.000116607450764, 0.00011476437794, 0.000111425055366, 5.05126045027e-05, 7.83408468124e-05, 5.50748809474e-05, 5.20127177879e-05, 4.28796411143e-05, 4.19370044256e-05, 2.93946031888e-05, 2.2170084776e-05, 2.01621060114e-05, 1.76863959496e-05, 1.51039985212e-05, 7.33188517188e-06, 8.36101116874e-06, 1.28584542836e-05, 5.88215016251e-06, 3.32636773237e-06, 2.73672185358e-06, 3.81219865631e-06, 2.17846945816e-06, 1.81860480097e-06, 1.26001714307e-06, 1.57765850872e-06, 1.26641532461e-06, 8.85562315034e-07, 8.17749310045e-07, 6.97467839927e-07, 7.3291806757e-07, 7.72730004428e-07], "dvar": [2.35281313508e-05, 7.65268778196e-05, 3.48929870597e-06, 2.85432321334e-07, 9.62328883247e-08, 1.62313014584e-07, 1.08960612977e-07, 1.32013042276e-07, 1.11067890884e-07, 6.08311552242e-08, 6.84205900825e-08, 3.8190805185e-08, 8.51113401978e-09, 1.30641453211e-08, 6.97884461331e-09, 8.63342997093e-09, 6.24916030034e-09, 5.29215826717e-09, 2.89790813568e-09, 2.3641928415e-09, 1.08093956008e-09, 7.62094776174e-10, 4.64133259603e-10, 9.18651682502e-11, 1.91793636528e-10, 3.86332299485e-10, 8.22996809591e-11, 2.09031854326e-11, 1.60063785143e-11, 2.87897917312e-11, 1.84441368428e-11, 1.02965283869e-11, 5.20693774556e-12, 1.41346890789e-11, 7.82708273195e-12, 3.39495142068e-12, 5.27086837718e-12, 5.0486459631e-12, 8.41410708469e-12, 1.61149826122e-11], "dvar2": [5.11136386194e-05, 0.00020312446577, 9.92097011476e-06, 7.59141471462e-07, 2.4145487032e-07, 3.73625397287e-07, 2.2193711402e-07, 2.4355162509e-07, 2.29264344398e-07, 1.26575883996e-07, 1.42681045645e-07, 9.08890598339e-08, 2.07865742397e-08, 3.24721334266e-08, 1.66354130471e-08, 2.07310009159e-08, 1.44416665293e-08, 1.31096182798e-08, 7.05018177172e-09, 5.80760772806e-09, 2.84705392595e-09, 1.9687118602e-09, 1.20474041854e-09, 2.46730968989e-10, 5.29036758845e-10, 1.04905795162e-09, 2.23182847203e-10, 5.11314081353e-11, 3.94718285834e-11, 7.19343681843e-11, 4.10856591804e-11, 2.29189098255e-11, 1.0676825743e-11, 2.29280015113e-11, 1.31884546686e-11, 6.84990736008e-12, 9.99997046974e-12, 9.23155475674e-12, 1.27080802478e-11, 2.10297820824e-11], "max": [0.0658577382565, 0.105192601681, 0.0238247141242, 0.0125791784376, 0.00618564197794, 0.0116887371987, 0.0172173641622, 0.0146250389516, 0.00920655298978, 0.00675851851702, 0.00749316997826, 0.00336074945517, 0.00200635846704, 0.00232874392532, 0.00272189034149, 0.00249984487891, 0.00215409207158, 0.00222857552581, 0.00234323134646, 0.00185970286839, 0.00108472455759, 0.000432583561633, 0.000500934373122, 0.000162558208103, 0.000337722129188, 0.000361070589861, 0.000163681252161, 9.43526101764e-05, 0.000101836791146, 0.000113768524898, 0.000208342753467, 0.000123248260934, 6.99679367244e-05, 7.97504835646e-05, 5.91033131059e-05, 8.98491489352e-05, 0.000137184993946, 0.000126580547658, 0.000176959918463, 0.000220103975153], "mean": [0.00387722416781, 0.00354468706064, 0.000421801116318, 0.000274851918221, 0.000260917586274, 0.00026245394838, 0.000292422948405, 0.000287383765681, 0.000268470699666, 0.000158347393153, 0.000133494540933, 0.00011098968389, 5.43138376088e-05, 8.40386201162e-05, 6.0807356931e-05, 5.94480989093e-05, 4.63076830783e-05, 4.24272220698e-05, 3.10096256726e-05, 2.37660988205e-05, 1.94063177332e-05, 1.78597219929e-05, 1.86656616279e-05, 9.84650159808e-06, 1.02392259578e-05, 1.49958768816e-05, 7.10293534212e-06, 4.97201244798e-06, 4.28962448495e-06, 5.53330664843e-06, 3.34252354151e-06, 2.77430558526e-06, 1.8649965341e-06, 2.26603015108e-06, 1.59448620707e-06, 1.07425944407e-06, 1.08294500478e-06, 9.34617162329e-07, 1.00840429695e-06, 1.09113261715e-06], "median": [0.00153200351633, 0.000929002999328, 0.000106572930235, 0.000109556174721, 8.68383212946e-05, 4.29273750342e-05, 5.34823811904e-05, 4.97609798913e-05, 4.93845873279e-05, 2.22322723857e-05, 1.46646525536e-05, 1.33619723783e-05, 9.97897222987e-06, 1.63883432833e-05, 1.19258820632e-05, 7.42128759157e-06, 4.43853696197e-06, 4.72770170745e-06, 2.94221717922e-06, 2.08707251659e-06, 2.4137393666e-06, 2.20360880121e-06, 1.8245384581e-06, 1.24131452139e-06, 8.80295601746e-07, 8.90974092727e-07, 6.17064131347e-07, 4.1232109993e-07, 4.29382424727e-07, 4.3557116669e-07, 2.99960333905e-07, 3.00380747831e-07, 1.89827403574e-07, 1.4271205373e-07, 9.13547495429e-08, 9.15402793566e-08, 8.82007498149e-08, 5.39298348201e-08, 6.41216360009e-08, 5.31577981633e-08], "min": [2.38793101739e-25, 7.98208315302e-25, 1.46201908844e-24, 7.95045821237e-25, 1.03318532706e-24, 9.39358704035e-25, 7.63127769455e-25, 1.03728602326e-24, 1.56240804812e-24, 2.67256450586e-24, 1.96779873693e-24, 1.075585023e-24, 2.35836909592e-24, 1.78527505891e-24, 1.91462438432e-24, 1.80099173194e-24, 2.89387193864e-24, 2.94760657971e-24, 3.13880200844e-24, 2.68410692141e-24, 3.76306373313e-24, 2.92805347888e-24, 3.44144356435e-24, 4.22847194569e-24, 4.09063388529e-24, 3.27310143604e-24, 3.5359479175e-24, 4.75485003432e-24, 3.45886042985e-24, 4.74038548076e-24, 4.42797131874e-24, 4.83798453525e-24, 4.45192310798e-24, 4.80717320601e-24, 4.88441373268e-24, 5.15256372602e-24, 5.66415382812e-24, 4.53529939477e-24, 6.14014737073e-24, 5.46341476015e-24], "var": [3.7631871237e-05, 6.69276487315e-05, 2.09794029615e-06, 2.89631316264e-07, 2.17894609023e-07, 5.57725456929e-07, 6.28135808256e-07, 7.46488694858e-07, 4.05279109827e-07, 2.20058765876e-07, 1.54872580538e-07, 7.00290598843e-08, 1.69861191779e-08, 2.98222353479e-08, 1.79523382826e-08, 2.61944563817e-08, 1.80359176483e-08, 1.18348815192e-08, 7.16339965123e-09, 6.12270811828e-09, 2.08394035361e-09, 1.36933409056e-09, 1.32534183628e-09, 3.10542896953e-10, 5.21298504363e-10, 1.04803654644e-09, 2.31747648849e-10, 8.94950571984e-11, 6.38842659328e-11, 1.19709062107e-10, 4.77862194259e-11, 3.16325646232e-11, 1.55649677175e-11, 3.59335027011e-11, 1.80452146281e-11, 8.30789256834e-12, 1.50609698324e-11, 1.60523729725e-11, 3.01156599658e-11, 5.98671667795e-11]}, "mfcc": {"mean": [-713.573730469, 134.200088501, 4.48809337616, 19.3750610352, 3.66562318802, 7.78506708145, 3.95299458504, 3.95870804787, 3.28329396248, 2.59054541588, 6.38852834702, 6.40083742142, 3.145819664], "cov": [[17946.15625, -1895.60339355, -1355.0970459, 118.01726532, -504.163452148, -100.615829468, -43.6493835449, 247.241394043, 184.862075806, 327.647460938, 332.840759277, 95.715675354, 14.3252725601], [-1895.60339355, 2185.16796875, 309.69543457, 305.037445068, 350.159637451, 176.097763062, 117.285301208, 93.9192199707, -12.9369974136, -12.6127967834, -1.68961668015, 8.10211181641, 21.4233646393], [-1355.0970459, 309.69543457, 1026.03759766, 307.10824585, 381.11907959, 237.686096191, 179.415679932, 58.9351997375, 86.4695510864, 17.6404418945, 5.81429624557, 29.8068065643, 9.14201641083], [118.01726532, 305.037445068, 307.10824585, 539.323486328, 268.465576172, 169.485473633, 148.066772461, 102.814590454, 89.8339385986, 47.6843414307, 19.4700889587, 18.7423000336, -0.595197141171], [-504.163452148, 350.159637451, 381.11907959, 268.465576172, 421.448425293, 160.175354004, 115.920066833, 68.4422683716, 78.5820007324, 32.9160270691, -5.82432556152, 5.2052359581, 17.8111457825], [-100.615829468, 176.097763062, 237.686096191, 169.485473633, 160.175354004, 267.026794434, 158.056808472, 105.622253418, 59.6186103821, 54.0689582825, 33.5408706665, 8.63161468506, 6.2590341568], [-43.6493835449, 117.285301208, 179.415679932, 148.066772461, 115.920066833, 158.056808472, 261.813690186, 123.228385925, 50.3226089478, 51.0453643799, 24.7114067078, 15.341050148, 3.6419878006], [247.241394043, 93.9192199707, 58.9351997375, 102.814590454, 68.4422683716, 105.622253418, 123.228385925, 209.636322021, 46.1731529236, 53.9302978516, 24.2839736938, 2.75307893753, 20.4588165283], [184.862075806, -12.9369974136, 86.4695510864, 89.8339385986, 78.5820007324, 59.6186103821, 50.3226089478, 46.1731529236, 132.151916504, 54.2733917236, 29.8820438385, 20.7505226135, 8.06955432892], [327.647460938, -12.6127967834, 17.6404418945, 47.6843414307, 32.9160270691, 54.0689582825, 51.0453643799, 53.9302978516, 54.2733917236, 154.009368896, 64.9367446899, 12.45835495, 23.4449615479], [332.840759277, -1.68961668015, 5.81429624557, 19.4700889587, -5.82432556152, 33.5408706665, 24.7114067078, 24.2839736938, 29.8820438385, 64.9367446899, 122.313514709, 39.0825805664, 4.44258022308], [95.715675354, 8.10211181641, 29.8068065643, 18.7423000336, 5.2052359581, 8.63161468506, 15.341050148, 2.75307893753, 20.7505226135, 12.45835495, 39.0825805664, 94.1379013062, 30.3059940338], [14.3252725601, 21.4233646393, 9.14201641083, -0.595197141171, 17.8111457825, 6.2590341568, 3.6419878006, 20.4588165283, 8.06955432892, 23.4449615479, 4.44258022308, 30.3059940338, 97.9270172119]], "icov": [[7.75149674155e-05, 6.42125014565e-05, 0.000113282083475, -9.90048793028e-05, 1.83817846846e-05, -1.04338760138e-05, 3.39883554261e-05, -8.68849310791e-05, -4.1792569391e-05, -4.82532741444e-05, -0.000139516749186, -3.29913455062e-05, 9.18287514651e-06], [6.42125014565e-05, 0.000615297234617, 0.00012232408335, -0.000229845783906, -0.000419187737862, -0.000140584554174, 6.5277738031e-05, -0.000193260522792, 0.000419738469645, 0.000122406534501, -0.000234286897467, -7.06471619196e-05, -6.50429356028e-05], [0.000113282083475, 0.00012232408335, 0.00181287096348, -0.000308521091938, -0.00108873553108, -0.000736395013519, -0.000330439448589, 0.000355861120624, -0.000158994327649, 0.000293180521112, -0.0001852762216, -0.000408914725995, 4.64475524495e-05], [-9.90048793028e-05, -0.000229845783906, -0.000308521091938, 0.00325094419532, -0.00128417729866, -0.000372428563423, -0.000459917238913, -0.000336466851877, -0.000688705244102, -3.17297053698e-05, 0.000251158431638, -0.000390898494516, 0.000632026407402], [1.83817846846e-05, -0.000419187737862, -0.00108873553108, -0.00128417729866, 0.0051583936438, -0.000869281764608, 2.59676435235e-05, 0.000170264393091, -0.00138061109465, -0.000263361609541, 0.00096021295758, 0.00059724150924, -0.000787917757407], [-1.04338760138e-05, -0.000140584554174, -0.000736395013519, -0.000372428563423, -0.000869281764608, 0.00757121387869, -0.00261059822515, -0.0012146650115, -0.000440890260506, -0.00040451271343, -0.00114721350837, 0.000746737176087, 7.79363326728e-05], [3.39883554261e-05, 6.5277738031e-05, -0.000330439448589, -0.000459917238913, 2.59676435235e-05, -0.00261059822515, 0.00722787994891, -0.00266781100072, 0.000149025989231, -0.000742099597119, 0.000472504063509, -0.00114506168757, 0.000957800191827], [-8.68849310791e-05, -0.000193260522792, 0.000355861120624, -0.000336466851877, 0.000170264393091, -0.0012146650115, -0.00266781100072, 0.00767336366698, -0.000914177566301, -0.000661556259729, -0.00013178086374, 0.00122280558571, -0.00157623633277], [-4.1792569391e-05, 0.000419738469645, -0.000158994327649, -0.000688705244102, -0.00138061109465, -0.000440890260506, 0.000149025989231, -0.000914177566301, 0.0109032057226, -0.00261222850531, -0.000264338625129, -0.00186175759882, 0.000704774807673], [-4.82532741444e-05, 0.000122406534501, 0.000293180521112, -3.17297053698e-05, -0.000263361609541, -0.00040451271343, -0.000742099597119, -0.000661556259729, -0.00261222850531, 0.0105301095173, -0.00507896905765, 0.00226685684174, -0.00258462247439], [-0.000139516749186, -0.000234286897467, -0.0001852762216, 0.000251158431638, 0.00096021295758, -0.00114721350837, 0.000472504063509, -0.00013178086374, -0.000264338625129, -0.00507896905765, 0.0131944622844, -0.00533479219303, 0.00228927982971], [-3.29913455062e-05, -7.06471619196e-05, -0.000408914725995, -0.000390898494516, 0.00059724150924, 0.000746737176087, -0.00114506168757, 0.00122280558571, -0.00186175759882, 0.00226685684174, -0.00533479219303, 0.0148743372411, -0.00506367580965], [9.18287514651e-06, -6.50429356028e-05, 4.64475524495e-05, 0.000632026407402, -0.000787917757407, 7.79363326728e-05, 0.000957800191827, -0.00157623633277, 0.000704774807673, -0.00258462247439, 0.00228927982971, -0.00506367580965, 0.0126800304279]]}, "spectral_contrast_coeffs": {"dmean": [0.0475629456341, 0.0434558056295, 0.0360222198069, 0.0302438605577, 0.0232693310827, 0.0171449463814], "dmean2": [0.0786425098777, 0.0690575018525, 0.0569338276982, 0.0481640957296, 0.0366035103798, 0.0267686620355], "dvar": [0.00156373309437, 0.00130473624449, 0.000935737392865, 0.000714631925803, 0.000466633355245, 0.000288794894004], "dvar2": [0.00423394981772, 0.00324346148409, 0.00226532085799, 0.00168933859095, 0.00105047493707, 0.00063549913466], "max": [-0.273309856653, -0.298714280128, -0.407202064991, -0.502660512924, -0.517411828041, -0.561539709568], "mean": [-0.677331149578, -0.703643620014, -0.740391790867, -0.756206691265, -0.76610481739, -0.767605483532], "median": [-0.686366081238, -0.713732242584, -0.74497282505, -0.759804129601, -0.772243380547, -0.766817271709], "min": [-0.995751023293, -0.983048975468, -0.975844919682, -0.975720047951, -0.97251188755, -0.968759417534], "var": [0.00798460096121, 0.0108044594526, 0.00777700776234, 0.00642456253991, 0.00516003696248, 0.00298631819896]}, "spectral_contrast_valleys": {"dmean": [0.447349876165, 0.391320943832, 0.355984628201, 0.347082734108, 0.319496899843, 0.345485806465], "dmean2": [0.701475322247, 0.608742296696, 0.547152340412, 0.524119257927, 0.461778640747, 0.48266133666], "dvar": [0.220202341676, 0.175528630614, 0.177850708365, 0.211324542761, 0.221481531858, 0.259917080402], "dvar2": [0.427620083094, 0.334726184607, 0.325453191996, 0.383580178022, 0.402643024921, 0.501638770103], "max": [-4.64889764786, -4.312