{"lowlevel": {"average_loudness": 0.944283664227, "barkbands_crest": {"dmean": 2.54267764091, "dmean2": 4.25732898712, "dvar": 7.03421878815, "dvar2": 20.1264381409, "max": 23.3164405823, "mean": 15.1288175583, "median": 16.17212677, "min": 2.1176199913, "var": 23.9341564178}, "barkbands_flatness_db": {"dmean": 0.0388111248612, "dmean2": 0.0548641309142, "dvar": 0.00216045160778, "dvar2": 0.00421527260914, "max": 0.501564562321, "mean": 0.254387140274, "median": 0.25472599268, "min": 0.0382821522653, "var": 0.0123832765967}, "barkbands_kurtosis": {"dmean": 13.4649629593, "dmean2": 20.7765541077, "dvar": 299.587097168, "dvar2": 780.472717285, "max": 172.327529907, "mean": 24.7918720245, "median": 16.6118564606, "min": -1.78098642826, "var": 647.726623535}, "barkbands_skewness": {"dmean": 1.03159952164, "dmean2": 1.57256162167, "dvar": 1.11217832565, "dvar2": 2.62582039833, "max": 10.7859067917, "mean": 3.43565058708, "median": 3.25274801254, "min": -3.12071537971, "var": 3.64315009117}, "barkbands_spread": {"dmean": 4.05029439926, "dmean2": 6.07314586639, "dvar": 55.7192077637, "dvar2": 124.187576294, "max": 87.0467300415, "mean": 9.80380916595, "median": 4.23758172989, "min": 0.662723898888, "var": 166.607910156}, "dissonance": {"dmean": 0.024614635855, "dmean2": 0.0395764410496, "dvar": 0.000784144795034, "dvar2": 0.00190838461276, "max": 0.499999970198, "mean": 0.448178976774, "median": 0.462836235762, "min": 0.22968070209, "var": 0.00216083810665}, "dynamic_complexity": 4.99389028549, "erbbands_crest": {"dmean": 1.93034803867, "dmean2": 3.23643183708, "dvar": 3.65757656097, "dvar2": 10.0786933899, "max": 18.1447219849, "mean": 7.72763299942, "median": 7.4240322113, "min": 2.54630303383, "var": 8.7369966507}, "erbbands_flatness_db": {"dmean": 0.0259945075959, "dmean2": 0.0372855253518, "dvar": 0.000995681621134, "dvar2": 0.0019601623062, "max": 0.371413171291, "mean": 0.162576377392, "median": 0.145044237375, "min": 0.0562527254224, "var": 0.00427138525993}, "erbbands_kurtosis": {"dmean": 2.67814445496, "dmean2": 4.01457691193, "dvar": 17.0522766113, "dvar2": 34.9707145691, "max": 36.4120635986, "mean": 4.84106731415, "median": 1.34602594376, "min": -1.82769036293, "var": 59.6111526489}, "erbbands_skewness": {"dmean": 0.536282718182, "dmean2": 0.799353301525, "dvar": 0.343085587025, "dvar2": 0.740958452225, "max": 4.67586135864, "mean": 1.23549985886, "median": 0.950838446617, "min": -2.08985042572, "var": 1.60632097721}, "erbbands_spread": {"dmean": 13.1825933456, "dmean2": 19.5148735046, "dvar": 351.533233643, "dvar2": 674.267456055, "max": 144.353591919, "mean": 45.3376502991, "median": 35.4470787048, "min": 3.57474541664, "var": 1287.1854248}, "hfc": {"dmean": 6.73838186264, "dmean2": 11.0044498444, "dvar": 208.823638916, "dvar2": 540.710998535, "max": 110.759490967, "mean": 12.0693206787, "median": 6.5755405426, "min": 0.0005777918268, "var": 236.043579102}, "melbands_crest": {"dmean": 3.11871361732, "dmean2": 5.11735010147, "dvar": 10.6087646484, "dvar2": 27.4258766174, "max": 33.5926017761, "mean": 20.6204528809, "median": 21.441778183, "min": 3.27570271492, "var": 31.5706825256}, "melbands_flatness_db": {"dmean": 0.0469906739891, "dmean2": 0.0659529194236, "dvar": 0.00306062656455, "dvar2": 0.00587893882766, "max": 0.653452634811, "mean": 0.359701156616, "median": 0.361789345741, "min": 0.0345087312162, "var": 0.0194729231298}, "melbands_kurtosis": {"dmean": 29.1532249451, "dmean2": 44.7233161926, "dvar": 1739.65307617, "dvar2": 4047.93432617, "max": 435.020385742, "mean": 54.0451889038, "median": 30.8943061829, "min": -0.856538534164, "var": 3796.82250977}, "melbands_skewness": {"dmean": 1.35781538486, "dmean2": 2.09271335602, "dvar": 2.73645782471, "dvar2": 5.51364135742, "max": 17.870010376, "mean": 4.72128295898, "median": 3.70845985413, "min": -1.31742250919, "var": 8.89026927948}, "melbands_spread": {"dmean": 3.7270963192, "dmean2": 5.70453357697, "dvar": 66.4462432861, "dvar2": 129.411956787, "max": 147.954971313, "mean": 8.74599075317, "median": 3.16406655312, "min": 0.597899377346, "var": 259.656921387}, "pitch_salience": {"dmean": 0.0791491344571, "dmean2": 0.135330468416, "dvar": 0.00590647477657, "dvar2": 0.0166470184922, "max": 0.919336140156, "mean": 0.486135482788, "median": 0.472069710493, "min": 0.223959073424, "var": 0.0167819131166}, "silence_rate_20dB": {"dmean": 0.0115942033008, "dmean2": 0.0232052206993, "dvar": 0.0114598181099, "dvar2": 0.0255670882761, "max": 1, "mean": 0.989862442017, "median": 1, "min": 0, "var": 0.0100349774584}, "silence_rate_30dB": {"dmean": 0.10000000149, "dmean2": 0.199419870973, "dvar": 0.0900006368756, "dvar2": 0.193008318543, "max": 1, "mean": 0.821144104004, "median": 1, "min": 0, "var": 0.146864071488}, "silence_rate_60dB": {"dmean": 0.0471014492214, "dmean2": 0.0935460478067, "dvar": 0.0448835417628, "dvar2": 0.0847950950265, "max": 1, "mean": 0.217233881354, "median": 0, "min": 0, "var": 0.170044124126}, "spectral_centroid": {"dmean": 227.277450562, "dmean2": 338.729187012, "dvar": 115074.710938, "dvar2": 249071.578125, "max": 4769.16308594, "mean": 725.021240234, "median": 381.206634521, "min": 164.804336548, "var": 501526.8125}, "spectral_complexity": {"dmean": 2.76231884956, "dmean2": 4.21247291565, "dvar": 25.3435630798, "dvar2": 49.9513511658, "max": 48, "mean": 8.06951522827, "median": 7, "min": 0, "var": 49.8256416321}, "spectral_decrease": {"dmean": 8.13950062906e-09, "dmean2": 1.43019232013e-08, "dvar": 4.07952799087e-16, "dvar2": 1.1387231422e-15, "max": -1.18059926527e-14, "mean": -1.72532228504e-08, "median": -1.51086450018e-08, "min": -2.38037699773e-07, "var": 3.85838701128e-16}, "spectral_energy": {"dmean": 0.0312682501972, "dmean2": 0.0548878461123, "dvar": 0.00596071407199, "dvar2": 0.0166249144822, "max": 0.907932281494, "mean": 0.0662122666836, "median": 0.0578506626189, "min": 9.69659339489e-08, "var": 0.00564941344783}, "spectral_energyband_high": {"dmean": 0.000306990754325, "dmean2": 0.000469283491839, "dvar": 4.1270135398e-07, "dvar2": 9.14384429507e-07, "max": 0.00792168173939, "mean": 0.000465903693112, "median": 3.4842214518e-05, "min": 5.15199047868e-08, "var": 9.29354314394e-07}, "spectral_energyband_low": {"dmean": 0.0264643132687, "dmean2": 0.0469154193997, "dvar": 0.0050074858591, "dvar2": 0.0141465738416, "max": 0.85480850935, "mean": 0.0529473945498, "median": 0.0467941500247, "min": 2.57993093555e-09, "var": 0.00428809318691}, "spectral_energyband_middle_high": {"dmean": 0.00121254217811, "dmean2": 0.0019950310234, "dvar": 1.73063181137e-05, "dvar2": 4.54628498119e-05, "max": 0.0371704697609, "mean": 0.00116341840476, "median": 0.000111724722956, "min": 2.44415350181e-08, "var": 1.35810814754e-05}, "spectral_energyband_middle_low": {"dmean": 0.00590870017186, "dmean2": 0.0104274516925, "dvar": 0.000167571211932, "dvar2": 0.000452752778074, "max": 0.158511519432, "mean": 0.0123624242842, "median": 0.00790090765804, "min": 1.91226270374e-08, "var": 0.000214524858166}, "spectral_entropy": {"dmean": 0.337275534868, "dmean2": 0.474879443645, "dvar": 0.17268948257, "dvar2": 0.341876506805, "max": 8.59665679932, "mean": 6.98028564453, "median": 7.08940267563, "min": 4.87050151825, "var": 0.859805643559}, "spectral_flux": {"dmean": 0.0528643019497, "dmean2": 0.0832644924521, "dvar": 0.00729466369376, "dvar2": 0.0142389964312, "max": 0.794782340527, "mean": 0.0923487693071, "median": 0.058032669127, "min": 0.000311393523589, "var": 0.0104453926906}, "spectral_kurtosis": {"dmean": 4.61307144165, "dmean2": 7.04293060303, "dvar": 87.5788192749, "dvar2": 198.100601196, "max": 131.41255188, "mean": 8.61908912659, "median": 3.91764068604, "min": -0.0770959854126, "var": 166.181777954}, "spectral_rms": {"dmean": 0.00158330029808, "dmean2": 0.00258798198774, "dvar": 7.99484314484e-06, "dvar2": 2.00375307031e-05, "max": 0.0297621842474, "mean": 0.00679231109098, "median": 0.00751263415441, "min": 9.72630004981e-06, "var": 1.84618620551e-05}, "spectral_rolloff": {"dmean": 256.446960449, "dmean2": 428.19619751, "dvar": 662976.25, "dvar2": 1473230.375, "max": 11197.265625, "mean": 627.487304688, "median": 193.798828125, "min": 64.599609375, "var": 1774912.5}, "spectral_skewness": {"dmean": 0.51565939188, "dmean2": 0.748944938183, "dvar": 0.553412139416, "dvar2": 1.19242596626, "max": 9.56951999664, "mean": 2.10003495216, "median": 1.69667112827, "min": 0.371778845787, "var": 1.76431906223}, "spectral_spread": {"dmean": 824191.5625, "dmean2": 1204494, "dvar": 1356677775360.0, "dvar2": 3035377434620.0, "max": 21963352, "mean": 4757858, "median": 4680294, "min": 732305.1875, "var": 3809950826500.0}, "spectral_strongpeak": {"dmean": 0.151958286762, "dmean2": 0.244220599532, "dvar": 0.0503635667264, "dvar2": 0.118161000311, "max": 3.5093626976, "mean": 0.498176634312, "median": 0.474942088127, "min": 0, "var": 0.14763648808}, "zerocrossingrate": {"dmean": 0.00814580544829, "dmean2": 0.00932160392404, "dvar": 0.000141091120895, "dvar2": 0.000169592458406, "max": 0.3134765625, "mean": 0.0296631734818, "median": 0.0146484375, "min": 0.001953125, "var": 0.00136108242441}, "barkbands": {"dmean": [0.00341696664691, 0.0195662360638, 0.00565325748175, 0.00219733384438, 0.00324040907435, 0.000704950420186, 0.000179135196959, 0.000489493599162, 0.000305509252939, 0.000320061983075, 0.000211596212466, 0.000344326137565, 0.000109922519187, 6.80705707055e-05, 7.08508960088e-05, 6.24864405836e-05, 8.60350992298e-05, 4.49022736575e-05, 6.37932898826e-05, 7.27448787075e-05, 6.73918038956e-05, 6.59239740344e-05, 8.10273486422e-05, 4.91256032547e-05, 2.68391213467e-05, 1.16617702588e-05, 1.7305358142e-06], "dmean2": [0.00565062975511, 0.0357666797936, 0.00910648982972, 0.00390895036981, 0.00566976517439, 0.00101201108191, 0.000265832379228, 0.000778524496127, 0.000505607575178, 0.000565999129321, 0.000336372089805, 0.000612607051153, 0.000178681482794, 0.000115659939183, 0.00012711121235, 0.000104788166936, 0.000147935585119, 7.41002731957e-05, 0.000104372658825, 0.000125592632685, 0.000105858387542, 9.84502403298e-05, 0.000127615974634, 7.75610096753e-05, 4.47796010121e-05, 1.91658346012e-05, 2.85818668999e-06], "dvar": [6.77249845467e-05, 0.00306623801589, 0.00017220886366, 3.01753461827e-05, 7.18613591744e-05, 1.69915620063e-06, 1.68133624356e-07, 1.97415147341e-06, 1.11310941975e-06, 1.70450653059e-06, 7.89787122812e-07, 3.49497531715e-06, 1.65182385103e-07, 5.22665821734e-08, 7.72109132186e-08, 5.09931865622e-08, 1.05057353039e-07, 1.45508458615e-08, 3.46842483623e-08, 2.93660473716e-08, 1.95033358352e-08, 1.85548394427e-08, 3.04530303197e-08, 1.30711654833e-08, 4.1239016646e-09, 9.17720122118e-10, 1.59124467075e-11], "dvar2": [0.000162523123436, 0.0088947257027, 0.000387387699448, 8.39063723106e-05, 0.000202468901989, 3.4372162645e-06, 3.90800209971e-07, 5.30215766048e-06, 3.05344133267e-06, 4.80818061988e-06, 2.00460362976e-06, 9.8862537925e-06, 4.10667411188e-07, 1.34723748602e-07, 2.12661859678e-07, 1.31227636757e-07, 2.8037183597e-07, 3.87914766975e-08, 8.628754955e-08, 7.96666839165e-08, 4.32804441175e-08, 3.61934233695e-08, 6.99980020613e-08, 3.05371443687e-08, 1.07561213269e-08, 2.34650920916e-09, 3.99644206617e-11], "max": [0.0762424319983, 0.618059456348, 0.19452303648, 0.0518817082047, 0.13042601943, 0.0215796642005, 0.00385183631442, 0.0171738043427, 0.00855184532702, 0.0116639910266, 0.0137223070487, 0.0196916628629, 0.00479984050617, 0.00283566745929, 0.0027545071207, 0.00256292428821, 0.00350706349127, 0.00169960502535, 0.00168266741093, 0.00154836080037, 0.00144429283682, 0.00259584118612, 0.0020002964884, 0.00147257046774, 0.000611624389421, 0.000318072357913, 3.25935143337e-05], "mean": [0.00346157629974, 0.0354655720294, 0.0133406994864, 0.00274037825875, 0.00594061147422, 0.00199606013484, 0.000500307767652, 0.000673629227094, 0.000370301946532, 0.000320816005114, 0.000219642592128, 0.000244213006226, 9.35218267841e-05, 5.37222258572e-05, 5.67200622754e-05, 5.2473085816e-05, 6.9190566137e-05, 4.71919011034e-05, 6.3498300733e-05, 8.04490846349e-05, 0.000105139784864, 0.000101638659544, 0.000104917271528, 6.4156454755e-05, 3.19341488648e-05, 1.22137325889e-05, 1.88232718301e-06], "median": [0.000972290639766, 0.0296671483666, 0.00506118033081, 0.00113716966007, 0.00381913501769, 0.000970813969616, 0.00010612179176, 0.000107664323878, 2.78427341982e-05, 2.34488488786e-05, 1.02839467218e-05, 7.97436405264e-06, 6.22281959295e-06, 3.58120360033e-06, 3.04995842271e-06, 2.77464550891e-06, 3.35628919856e-06, 3.9465021473e-06, 4.40173425886e-06, 7.40266250432e-06, 1.01199848359e-05, 8.48188574309e-06, 5.63833782508e-06, 2.51075448432e-06, 8.84370592757e-07, 5.32134833975e-07, 6.60420653276e-07], "min": [6.52667989098e-11, 8.21069046086e-10, 1.11667897151e-09, 1.06900488461e-09, 1.68090974473e-09, 1.689647533e-09, 4.4019823342e-09, 4.85177276133e-09, 2.12574602365e-09, 6.72437883154e-10, 7.68512142812e-10, 2.43611658624e-10, 3.13533005114e-10, 2.9730391482e-09, 2.76312128733e-09, 2.18828244414e-09, 9.85101000772e-10, 3.06251668469e-09, 4.55160797941e-09, 6.89899692929e-09, 3.23756399467e-09, 2.51827025899e-09, 1.04193649264e-08, 1.13082503361e-08, 1.01035491085e-08, 1.08305595603e-08, 2.27788077289e-09], "var": [7.36044967198e-05, 0.00244271033444, 0.000415417132899, 2.76446298813e-05, 7.36350775696e-05, 9.0671255748e-06, 5.69707651721e-07, 2.17387014345e-06, 9.57232487053e-07, 1.13241503641e-06, 7.064685974e-07, 2.15069258047e-06, 1.34593420853e-07, 4.04819715527e-08, 5.28726360471e-08, 4.09287430614e-08, 7.77990152301e-08, 1.34108821825e-08, 3.23349880205e-08, 3.01680529446e-08, 4.56269724225e-08, 4.74359822533e-08, 5.51443761765e-08, 2.30430980963e-08, 6.27823393273e-09, 1.11828368787e-09, 1.6051705104e-11]}, "erbbands": {"dmean": [0.711297333241, 4.00643444061, 6.72181892395, 7.25236368179, 8.72676944733, 11.9239416122, 7.4839963913, 5.18051481247, 3.15102362633, 3.95103216171, 10.7412023544, 5.50874567032, 13.7113256454, 11.2759723663, 10.2637414932, 8.81316184998, 4.53621387482, 3.63773322105, 3.17859172821, 4.06115913391, 3.3688480854, 4.58256149292, 2.7831017971, 2.50898098946, 3.54668045044, 3.33565831184, 2.51619052887, 3.02532505989, 2.504124403, 2.42801141739, 2.23439455032, 1.31706655025, 0.679144144058, 0.324629276991, 0.184636056423, 0.0705662742257, 0.0189208202064, 0.00326470541768, 0.000318656821037, 4.32162923971e-05], "dmean2": [1.30374658108, 7.27307796478, 10.9048709869, 12.4270801544, 15.5686388016, 20.8590679169, 11.6572914124, 7.40145349503, 4.76752376556, 5.92730236053, 17.5558929443, 8.6393032074, 24.9354400635, 18.2512645721, 17.4074954987, 15.4691820145, 7.31399345398, 6.20370054245, 5.43990373611, 7.0743355751, 5.57942390442, 7.75004386902, 4.61870002747, 4.08634805679, 5.9241194725, 5.69020462036, 3.81868195534, 4.79721450806, 3.88787174225, 3.77234911919, 3.54115557671, 2.08641695976, 1.08633041382, 0.532383441925, 0.310825437307, 0.117800176144, 0.0309695489705, 0.00531863188371, 0.000529427314177, 7.4403360486e-05], "dvar": [2.94437265396, 146.560409546, 325.849151611, 288.33102417, 395.768157959, 1159.02832031, 173.104782104, 90.8868637085, 47.887348175, 96.3626937866, 1067.49523926, 242.117599487, 3436.9309082, 2153.48535156, 2445.46850586, 1949.5793457, 236.8021698, 182.056976318, 105.085655212, 238.443817139, 127.320083618, 280.661987305, 52.3493041992, 51.7632026672, 86.5167388916, 68.0801544189, 23.703748703, 43.5732498169, 25.1858329773, 27.1461582184, 23.5535755157, 9.42852592468, 2.85542225838, 0.541062712669, 0.205691814423, 0.0428835302591, 0.00230709579773, 6.13826268818e-05, 5.31868636244e-07, 9.95296201012e-09], "dvar2": [8.55109405518, 424.662200928, 803.511047363, 768.647033691, 1115.89526367, 3286.50976562, 398.406280518, 186.926086426, 119.280738831, 239.907409668, 2941.91723633, 625.447631836, 9788.48046875, 5508.50292969, 6783.81298828, 5464.63085938, 582.240112305, 479.533813477, 270.04800415, 635.803588867, 325.134918213, 742.999389648, 133.223876953, 132.785552979, 217.136352539, 179.019088745, 49.0611953735, 100.47543335, 53.5539398193, 58.5506210327, 54.86145401, 22.9448699951, 6.4935965538, 1.35475862026, 0.548034489155, 0.116747975349, 0.00574073661119, 0.000151185013237, 1.33470246055e-06, 2.72723834627e-08], "max": [15.1692771912, 142.706710815, 279.951385498, 184.657241821, 254.535568237, 549.758666992, 221.16494751, 165.366531372, 60.7350196838, 88.6579284668, 413.97946167, 119.688354492, 485.590911865, 641.627990723, 558.363586426, 432.474395752, 177.089279175, 133.874450684, 103.615852356, 151.107147217, 106.830657959, 180.948181152, 70.0867156982, 92.1384658813, 91.9055404663, 82.6016921997, 59.4309768677, 63.5754051208, 87.1764297485, 73.1337203979, 50.1642837524, 33.4808921814, 22.8330039978, 8.37852859497, 4.24930047989, 2.50197100639, 0.464165329933, 0.070665858686, 0.0057419911027, 0.001151840901], "mean": [1.22113585472, 7.29767179489, 15.8288402557, 11.6777305603, 13.5179462433, 21.0864849091, 18.8411388397, 14.929391861, 8.25477218628, 8.39758396149, 13.974029541, 8.41033744812, 11.7861709595, 11.4531745911, 9.21129417419, 6.55742120743, 4.01285076141, 2.8479719162, 2.69150710106, 3.30687212944, 2.95792794228, 3.80540394783, 2.83374452591, 2.63824462891, 3.47392845154, 3.68367743492, 4.01521158218, 4.54769802094, 3.7007920742, 3.38786530495, 2.80594706535, 1.62068963051, 0.937696933746, 0.420509278774, 0.200187727809, 0.0741398558021, 0.0200214404613, 0.00325791933574, 0.00035603006836, 8.69011637405e-05], "median": [0.767453014851, 5.71650648117, 7.71667480469, 5.74935340881, 9.13935279846, 14.3381919861, 8.28883838654, 6.81911277771, 3.031488657, 1.7517952919, 2.13709020615, 0.765839040279, 0.705301582813, 0.714608252048, 0.542326450348, 0.332973510027, 0.30207324028, 0.208545356989, 0.214247956872, 0.153405487537, 0.161083906889, 0.19711111486, 0.209477722645, 0.21094109118, 0.294512033463, 0.347774147987, 0.349826127291, 0.399754106998, 0.307364493608, 0.244687229395, 0.160423845053, 0.0761108845472, 0.0298804342747, 0.0121421674266, 0.00531023973599, 0.00223440257832, 0.000972925859969, 0.000368195032934, 0.000127355073346, 7.31598920538e-05], "min": [2.152371259e-08, 2.01505002906e-07, 1.05798653749e-06, 2.79861251329e-06, 4.3435779844e-06, 5.83853307035e-06, 5.1769188758e-06, 1.94221811398e-05, 6.17304322077e-05, 8.33523081383e-05, 0.00012556189904, 4.61542913399e-05, 1.99171445274e-05, 3.10604918923e-05, 2.06967670238e-05, 1.06000843516e-05, 1.4983879737e-05, 6.44670290058e-05, 0.000155082554556, 0.000164528246387, 0.000147925878991, 6.51510345051e-05, 0.000111796238343, 0.00025085490779, 0.000376236595912, 0.000250577693805, 7.51748229959e-05, 0.000148997161887, 0.000111907807877, 0.0002330384159, 0.000219995956286, 0.000149421874085, 0.000219890338485, 0.0001407154341, 6.00725616096e-05, 4.23058882006e-05, 1.6021222109e-05, 5.14160637977e-06, 2.836341082e-07, 3.00893638894e-08], "var": [2.6138985157, 115.231864929, 564.775634766, 302.50970459, 391.45223999, 1066.53710938, 780.028137207, 519.057861328, 147.125137329, 181.896682739, 982.917541504, 351.32913208, 2077.31079102, 1845.71203613, 1645.66259766, 1227.23706055, 201.186889648, 132.97883606, 85.1370544434, 176.295700073, 107.378181458, 215.038970947, 50.4776382446, 48.6216964722, 80.7074279785, 68.1593933105, 68.4865951538, 91.3959960938, 59.9046897888, 54.5320587158, 38.9170150757, 13.1881504059, 6.02000141144, 1.04514348507, 0.273346245289, 0.0471053421497, 0.00289616314694, 6.87935607857e-05, 5.33547392934e-07, 9.27497456615e-09]}, "gfcc": {"mean": [-92.4931030273, 114.157814026, -50.9941062927, 52.9736824036, -54.4997634888, 10.415471077, -17.37266922, -2.65137887001, -16.7789573669, -4.32412195206, -11.4266366959, 1.07680583, -5.7664065361], "cov": [[13044.6376953, -69.3478851318, -330.617645264, 769.847351074, -749.005615234, 187.407577515, -721.52923584, 338.780273438, 191.207489014, 434.520324707, 18.1594181061, -14.1957769394, -137.841171265], [-69.3478851318, 2615.32958984, 1121.76538086, -257.927001953, 24.6782798767, -431.705169678, 338.398468018, -226.324234009, 268.244110107, -84.9948272705, 304.259796143, -40.3996543884, 156.712265015], [-330.617645264, 1121.76538086, 1710.41760254, 336.974884033, 419.774963379, -137.81427002, 169.019088745, -67.9947052002, 164.985366821, 82.4937591553, 204.346359253, 45.7101135254, 38.4465904236], [769.847351074, -257.927001953, 336.974884033, 561.713562012, 205.711593628, 86.3118286133, -103.608253479, 57.5762519836, 52.1610717773, 100.402252197, 65.6847457886, 39.8756446838, 23.8367385864], [-749.005615234, 24.6782798767, 419.774963379, 205.711593628, 490.983001709, 109.73903656, 115.053863525, -17.4497528076, -30.448797226, 3.82352852821, 37.6596336365, 36.4074287415, -3.07402801514], [187.407577515, -431.705169678, -137.81427002, 86.3118286133, 109.73903656, 226.610305786, 17.9323120117, 62.2069816589, -65.5344619751, 9.089594841, -50.1207389832, 9.38268184662, -47.8581962585], [-721.52923584, 338.398468018, 169.019088745, -103.608253479, 115.053863525, 17.9323120117, 189.765167236, -24.941318512, 7.85065507889, -53.0921096802, 26.8044166565, -0.836386859417, 2.06829953194], [338.780273438, -226.324234009, -67.9947052002, 57.5762519836, -17.4497528076, 62.2069816589, -24.941318512, 86.5431518555, 2.7166030407, 27.9039096832, -31.3992843628, -1.61961090565, -21.2109584808], [191.207489014, 268.244110107, 164.985366821, 52.1610717773, -30.448797226, -65.5344619751, 7.85065507889, 2.7166030407, 101.135528564, 30.389585495, 55.6904144287, -11.5426502228, 19.7839794159], [434.520324707, -84.9948272705, 82.4937591553, 100.402252197, 3.82352852821, 9.089594841, -53.0921096802, 27.9039096832, 30.389585495, 78.0248031616, 20.4144382477, 11.2480020523, -8.89682197571], [18.1594181061, 304.259796143, 204.346359253, 65.6847457886, 37.6596336365, -50.1207389832, 26.8044166565, -31.3992843628, 55.6904144287, 20.4144382477, 99.1067352295, 31.8405857086, 45.046710968], [-14.1957769394, -40.3996543884, 45.7101135254, 39.8756446838, 36.4074287415, 9.38268184662, -0.836386859417, -1.61961090565, -11.5426502228, 11.2480020523, 31.8405857086, 65.8243637085, 30.8483352661], [-137.841171265, 156.712265015, 38.4465904236, 23.8367385864, -3.07402801514, -47.8581962585, 2.06829953194, -21.2109584808, 19.7839794159, -8.89682197571, 45.046710968, 30.8483352661, 68.2783203125]], "icov": [[0.000248475203989, -0.000694628979545, 0.000261145527475, -0.000524853006937, 0.000333354488248, -0.000686890212819, 0.00115265103523, -0.000585816509556, 0.000208772384212, -0.000617971119937, 0.000677873555105, -0.00115614465903, 0.00138287106529], [-0.000694628979545, 0.00409618904814, -0.00171710387804, 0.00261889840476, -0.000525068549905, 0.00276572443545, -0.00478186504915, 0.00241482653655, -0.00172935950104, 0.00290593877435, -0.00600065803155, 0.00687820464373, -0.00621024519205], [0.000261145527475, -0.00171710387804, 0.00213494733907, -0.00192474236246, -0.000598274578806, 0.000525222276337, 0.000338302692398, -0.000544089765754, 9.38632292673e-05, -0.00232552434318, 0.00206847698428, -0.00352806784213, 0.00399911496788], [-0.000524853006937, 0.00261889840476, -0.00192474236246, 0.00722509482875, -0.00285063008778, -0.00132147793192, 0.00257026590407, -0.000846541312058, -0.00368174165487, 0.00242173811421, -0.00642622448504, 0.00543819740415, -0.00673940218985], [0.000333354488248, -0.000525068549905, -0.000598274578806, -0.00285063008778, 0.00562730198726, -0.00189493666403, -0.00267847022042, 0.00166135805193, 0.00344340270385, -0.00190554244909, 0.00105913216248, -0.00113618036266, 0.00130109349266], [-0.000686890212819, 0.00276572443545, 0.000525222276337, -0.00132147793192, -0.00189493666403, 0.0146410912275, -0.00916766840965, -0.00349041377194, 0.00577135477215, -0.000158256516443, -0.00383794098161, 0.00304712960497, 0.00126393022947], [0.00115265103523, -0.00478186504915, 0.000338302692398, 0.00257026590407, -0.00267847022042, -0.00916766840965, 0.0234386306256, -0.00633415114135, -0.00453292066231, 0.00831612199545, -0.0008689679089, -0.007785549853, 0.00947818718851], [-0.000585816509556, 0.00241482653655, -0.000544089765754, -0.000846541312058, 0.00166135805193, -0.00349041377194, -0.00633415114135, 0.0262412782758, -0.00992595404387, -0.00517750578001, 0.0113202007487, -0.00177884812001, -0.00461451616138], [0.000208772384212, -0.00172935950104, 9.38632292673e-05, -0.00368174165487, 0.00344340270385, 0.00577135477215, -0.00453292066231, -0.00992595404387, 0.03280319646, -0.01019954402, -0.0124884461984, 0.0122405076399, -0.00124765350483], [-0.000617971119937, 0.00290593877435, -0.00232552434318, 0.00242173811421, -0.00190554244909, -0.000158256516443, 0.00831612199545, -0.00517750578001, -0.01019954402, 0.034967686981, -0.0131100872532, -0.00213910802267, 0.00761728547513], [0.000677873555105, -0.00600065803155, 0.00206847698428, -0.00642622448504, 0.00105913216248, -0.00383794098161, -0.0008689679089, 0.0113202007487, -0.0124884461984, -0.0131100872532, 0.047975756228, -0.0229530204087, -0.00225102202967], [-0.00115614465903, 0.00687820464373, -0.00352806784213, 0.00543819740415, -0.00113618036266, 0.00304712960497, -0.007785549853, -0.00177884812001, 0.0122405076399, -0.00213910802267, -0.0229530204087, 0.0435188002884, -0.0246090199798], [0.00138287106529, -0.00621024519205, 0.00399911496788, -0.00673940218985, 0.00130109349266, 0.00126393022947, 0.00947818718851, -0.00461451616138, -0.00124765350483, 0.00761728547513, -0.00225102202967, -0.0246090199798, 0.0449738614261]]}, "melbands": {"dmean": [0.00584048731253, 0.00408549560234, 0.00120118586347, 0.000844021211378, 0.000284160370938, 0.000116859962873, 4.62519310531e-05, 5.99494342168e-05, 7.60068796808e-05, 3.94377493649e-05, 6.69969958835e-05, 4.2383424443e-05, 2.95199934044e-05, 4.60383889731e-05, 1.12436055133e-05, 8.00225734565e-06, 6.40082271275e-06, 4.69776568934e-06, 6.14698728896e-06, 4.38788902102e-06, 4.16746206611e-06, 5.40352675671e-06, 3.11893813887e-06, 2.07148923437e-06, 1.98275279217e-06, 2.86305498776e-06, 2.5852748422e-06, 2.14606438931e-06, 1.67884002167e-06, 1.62135302162e-06, 1.7542254227e-06, 1.52793995767e-06, 1.2000608649e-06, 1.5138582512e-06, 1.3839356825e-06, 9.33852220442e-07, 8.20414641112e-07, 4.97633720897e-07, 3.66875070767e-07, 2.52107383858e-07], "dmean2": [0.0107231223956, 0.00690607493743, 0.00204827496782, 0.00148326996714, 0.000450006860774, 0.000165624136571, 7.04522390151e-05, 8.97670688573e-05, 0.000124239275465, 6.44669635221e-05, 0.000122166966321, 6.80928642396e-05, 4.82152427139e-05, 8.22943620733e-05, 1.82928379218e-05, 1.30072776301e-05, 1.09749462354e-05, 7.8030207078e-06, 1.10084729386e-05, 7.59804015615e-06, 6.93573565513e-06, 9.23512652662e-06, 5.1772808547e-06, 3.40952738043e-06, 3.24761504089e-06, 4.77936191601e-06, 4.47225647804e-06, 3.67652319255e-06, 2.54466681326e-06, 2.56563066614e-06, 2.79582400253e-06, 2.38671054831e-06, 1.86960357951e-06, 2.39547421188e-06, 2.21163895731e-06, 1.47693174313e-06, 1.33401135827e-06, 7.75594742208e-07, 6.00057262545e-07, 4.12634904023e-07], "dvar": [0.000234339939198, 0.000140049975016, 7.52040705265e-06, 5.17110902365e-06, 2.48176462492e-07, 4.69082657162e-08, 1.00431787331e-08, 2.28044267914e-08, 5.34225321758e-08, 1.64163012073e-08, 8.21798664674e-08, 2.91881629977e-08, 1.53619712506e-08, 6.42308108922e-08, 2.06536254765e-09, 6.61142030012e-10, 5.82153769635e-10, 1.73309963603e-10, 6.6522465314e-10, 2.71956596132e-10, 2.0457752159e-10, 4.47672454662e-10, 8.88812773381e-11, 2.93184539146e-11, 3.42651913787e-11, 7.71934668964e-11, 3.79594862487e-11, 3.21283624705e-11, 1.12317013329e-11, 1.23285461701e-11, 1.35929167228e-11, 9.63537583054e-12, 6.47402921203e-12, 1.14190462641e-11, 9.17685805818e-12, 3.95387672256e-12, 4.10679433169e-12, 1.58419750842e-12, 8.80660507626e-13, 3.06346717742e-13], "dvar2": [0.000680479803123, 0.000381599267712, 1.9954119125e-05, 1.47167111209e-05, 6.01556905622e-07, 9.5928463395e-08, 2.48666562896e-08, 5.65928992557e-08, 1.47054663557e-07, 4.44332393101e-08, 2.34704003788e-07, 7.41801926551e-08, 4.12479508327e-08, 1.81973206281e-07, 5.10015496502e-09, 1.65427771481e-09, 1.53534596148e-09, 4.26275847953e-10, 1.81305759295e-09, 7.17976511577e-10, 5.29079224876e-10, 1.21791443597e-09, 2.26003243897e-10, 7.68324986966e-11, 8.86579698545e-11, 1.93560986683e-10, 1.02505059996e-10, 8.54209480927e-11, 2.36612899412e-11, 2.74101158437e-11, 3.07828380841e-11, 2.08252703277e-11, 1.40646340061e-11, 2.5020343436e-11, 2.19231421211e-11, 9.21268877158e-12, 1.04391434733e-11, 3.40312131773e-12, 2.21168331045e-12, 7.8644968142e-13], "max": [0.157573103905, 0.16895416379, 0.0345771834254, 0.0358997061849, 0.00689912820235, 0.00376628036611, 0.000889074173756, 0.00149252684787, 0.00298681133427, 0.00101815140806, 0.00237851636484, 0.00240895105526, 0.00137760653161, 0.00268137501553, 0.000576032849494, 0.000236141917412, 0.000262382236542, 0.000135390990181, 0.0002424405684, 0.000178304297151, 0.000128676212626, 0.00024339123047, 8.11746649561e-05, 8.73080061865e-05, 7.2817907494e-05, 7.53702697693e-05, 4.56729685538e-05, 6.31759903627e-05, 4.40538278781e-05, 3.3865293517e-05, 4.11262190028e-05, 5.67262395634e-05, 4.82886534883e-05, 4.20666583523e-05, 3.21133411489e-05, 1.72235704667e-05, 2.19387311517e-05, 1.79746093636e-05, 1.18491389003e-05, 6.35159130979e-06], "mean": [0.0105385836214, 0.00872115138918, 0.00207178294659, 0.00139737944119, 0.000703705125488, 0.000339649996022, 0.000119298849313, 0.000111449277028, 0.000103367456177, 5.13876075274e-05, 5.69349358557e-05, 4.44533616246e-05, 2.9808628824e-05, 3.242042294e-05, 9.57588508754e-06, 7.00554528521e-06, 4.95548056278e-06, 4.03730564358e-06, 4.87248462377e-06, 3.58591228178e-06, 3.64385482499e-06, 4.27015402238e-06, 2.8724848562e-06, 2.18127775042e-06, 2.07352877624e-06, 2.71149860964e-06, 2.4470164135e-06, 2.40306803789e-06, 2.58457885138e-06, 2.50840662375e-06, 2.56697785517e-06, 2.17863998841e-06, 1.74900037564e-06, 2.00472368306e-06, 1.67076723301e-06, 1.17271019917e-06, 9.4130149364e-07, 7.06065918621e-07, 4.48560911082e-07, 3.20011992017e-07], "median": [0.00819182954729, 0.00583527702838, 0.00118114240468, 0.000971257046331, 0.000317472906318, 0.000164903263794, 4.15916911152e-05, 2.16584448935e-05, 1.44645046021e-05, 4.04115553465e-06, 3.4849288113e-06, 2.85016290036e-06, 1.75603508978e-06, 9.85182509794e-07, 6.80316475155e-07, 5.59523869015e-07, 3.41365279155e-07, 3.35095791115e-07, 2.19650459599e-07, 1.93391770154e-07, 1.84829715977e-07, 1.94111493101e-07, 2.03308331947e-07, 1.83661569508e-07, 1.64914254697e-07, 1.86962680004e-07, 2.3688077988e-07, 2.18065622448e-07, 2.0004476653e-07, 2.1642794934e-07, 2.13001456473e-07, 1.80980961773e-07, 1.57250070743e-07, 1.20121754321e-07, 9.75252874014e-08, 6.5083725076e-08, 3.74245949786e-08, 2.17321431961e-08, 1.36731603817e-08, 8.72402239338e-09], "min": [2.11384493243e-10, 4.63459048916e-10, 5.28013965884e-10, 3.71845942926e-10, 1.94595395353e-10, 4.66540805988e-10, 7.64085683613e-10, 8.9026197525e-10, 1.02089070531e-09, 2.26113003321e-10, 8.8216600691e-11, 1.17667819932e-10, 9.16372047688e-11, 1.69110177251e-11, 4.51826492887e-11, 2.57481275884e-11, 1.37951497448e-10, 3.01270064451e-10, 2.15847312246e-10, 1.27031787867e-10, 2.04441547025e-10, 6.73936115247e-11, 6.65629079633e-11, 1.2485561196e-10, 2.06509961909e-10, 1.90681997969e-10, 3.83617443367e-10, 1.04719913296e-10, 4.86490812912e-11, 4.39080993786e-11, 1.06046969817e-10, 5.56223192505e-11, 6.38894007143e-11, 1.7146280229e-10, 9.23853840651e-11, 1.74081679627e-10, 5.39450324688e-11, 1.36886682545e-10, 1.31587907237e-10, 9.12560235711e-11], "var": [0.000198903479031, 0.000144369740156, 8.0674963101e-06, 4.6210234359e-06, 1.00407771697e-06, 2.66849724539e-07, 3.02077012293e-08, 4.05676772175e-08, 5.16546627694e-08, 1.60814987993e-08, 4.92724758772e-08, 2.56567300738e-08, 1.19259100373e-08, 3.9295191101e-08, 1.69309255504e-09, 5.46390876988e-10, 4.23103468927e-10, 1.56396492978e-10, 4.59661114727e-10, 2.02767927449e-10, 1.68983341209e-10, 3.17342430112e-10, 7.83194342713e-11, 2.76122961301e-11, 3.14967531223e-11, 6.86089449142e-11, 3.1780158366e-11, 3.17794575377e-11, 3.28321120291e-11, 2.77093833989e-11, 2.85239991349e-11, 2.16804213471e-11, 1.40215790367e-11, 2.15066731785e-11, 1.37374755668e-11, 6.62993748443e-12, 4.91690065399e-12, 3.81449949752e-12, 1.33109473964e-12, 6.06976708478e-13]}, "mfcc": {"mean": [-752.191467285, 139.651535034, 57.2977180481, 49.1161117554, 1.23323309422, 19.4411430359, 4.93016672134, 10.5717687607, 0.980497121811, 1.3284651041, -3.13379716873, 0.278011649847, -0.90634906292], "cov": [[13758.6318359, -975.942382812, -209.673233032, 88.7511291504, -140.758499146, -194.707061768, -624.825195312, -222.660003662, -85.4739303589, 143.252182007, 110.897384644, 257.097869873, 213.675384521], [-975.942382812, 2699.70703125, 901.26763916, 280.280822754, -210.905654907, -41.505859375, -12.5004711151, -3.80808377266, -59.56848526, -24.0572948456, 43.8192214966, 41.6382102966, 127.092605591], [-209.673233032, 901.26763916, 1045.62805176, 484.321502686, 197.804534912, 65.1856231689, 4.43744850159, -14.9393119812, 0.865533649921, 26.4328918457, 95.6688842773, 121.729095459, 72.3480987549], [88.7511291504, 280.280822754, 484.321502686, 503.028991699, 287.806549072, 100.198120117, 10.8763208389, -27.0298881531, -3.92877292633, 8.98171615601, 60.5642433167, 74.4170150757, 57.6634902954], [-140.758499146, -210.905654907, 197.804534912, 287.806549072, 380.453338623, 162.437667847, 118.217315674, 22.8027572632, 23.457195282, 16.0327358246, 48.6389389038, 28.3799476624, 12.5702419281], [-194.707061768, -41.505859375, 65.1856231689, 100.198120117, 162.437667847, 160.590133667, 117.424797058, 50.039680481, 3.14603638649, 8.515209198, 24.1393680573, 10.2547473907, 12.4921779633], [-624.825195312, -12.5004711151, 4.43744850159, 10.8763208389, 118.217315674, 117.424797058, 178.018859863, 84.4434738159, 29.7958507538, -8.52663516998, 9.48250675201, -10.6507892609, -5.18725538254], [-222.660003662, -3.80808377266, -14.9393119812, -27.0298881531, 22.8027572632, 50.039680481, 84.4434738159, 85.6250762939, 28.4816741943, 0.867947757244, -3.45879197121, -2.46718096733, 0.932321190834], [-85.4739303589, -59.56848526, 0.865533649921, -3.92877292633, 23.457195282, 3.14603638649, 29.7958507538, 28.4816741943, 54.5578575134, 17.707616806, 11.9434947968, 0.227646693587, -6.84057807922], [143.252182007, -24.0572948456, 26.4328918457, 8.98171615601, 16.0327358246, 8.515209198, -8.52663516998, 0.867947757244, 17.707616806, 56.7390289307, 30.3533039093, 12.0199384689, -5.5418343544], [110.897384644, 43.8192214966, 95.6688842773, 60.5642433167, 48.6389389038, 24.1393680573, 9.48250675201, -3.45879197121, 11.9434947968, 30.3533039093, 58.810043335, 33.9129524231, 4.52696037292], [257.097869873, 41.6382102966, 121.729095459, 74.4170150757, 28.3799476624, 10.2547473907, -10.6507892609, -2.46718096733, 0.227646693587, 12.0199384689, 33.9129524231, 59.4377250671, 21.6764373779], [213.675384521, 127.092605591, 72.3480987549, 57.6634902954, 12.5702419281, 12.4921779633, -5.18725538254, 0.932321190834, -6.84057807922, -5.5418343544, 4.52696037292, 21.6764373779, 49.8779945374]], "icov": [[0.000111601242679, 4.09023996326e-05, 5.61284978176e-05, 6.26227556495e-05, -6.51145601296e-05, -0.000120837954455, 0.000551926146727, -0.000156552880071, 4.31730804848e-05, -0.000102055710158, -0.000154111898155, -0.00026818891638, -0.000504007854033], [4.09023996326e-05, 0.000990001135506, -0.000850397860631, -0.000740918156225, 0.00176576082595, 0.000421915290644, -0.00113635638263, -0.000176459172508, 0.00113951251842, -0.000169283346622, -0.00140250602271, 0.00222202832811, -0.00197420874611], [5.61284978176e-05, -0.000850397860631, 0.00289175356738, -0.00159426697064, -0.000745553988963, 0.00032017036574, 0.000424916972406, -0.000213510516915, -0.000571398588363, -0.000418358424213, 0.000235542232986, -0.00368560152128, 0.00118643033784], [6.26227556495e-05, -0.000740918156225, -0.00159426697064, 0.00859586521983, -0.00668222596869, -0.00184873247053, 0.00498921796679, 0.000924240797758, -0.00143642083276, 0.00233435584232, 0.000601311738137, -0.00284641352482, -0.00211199163459], [-6.51145601296e-05, 0.00176576082595, -0.000745553988963, -0.00668222596869, 0.0128043992445, -0.00433353241533, -0.0065790573135, 0.00385036016814, -0.00158710544929, -0.00093715445837, -0.00212644413114, 0.00403165351599, -0.000192347099073], [-0.000120837954455, 0.000421915290644, 0.00032017036574, -0.00184873247053, -0.00433353241533, 0.022979600355, -0.0125837279484, -0.0046605351381, 0.0121426414698, -0.0066589564085, -0.00261213630438, 0.00195843959227, -0.00445788307115], [0.000551926146727, -0.00113635638263, 0.000424916972406, 0.00498921796679, -0.0065790573135, -0.0125837279484, 0.0287721697241, -0.0144267398864, -0.00644899066538, 0.0106629868969, -0.00630402565002, 0.00178153766319, 0.00231660553254], [-0.000156552880071, -0.000176459172508, -0.000213510516915, 0.000924240797758, 0.00385036016814, -0.0046605351381, -0.0144267398864, 0.031691133976, -0.0118565745652, -0.00377947604284, 0.011522565037, -0.00748735433444, -0.00137224886566], [4.31730804848e-05, 0.00113951251842, -0.000571398588363, -0.00143642083276, -0.00158710544929, 0.0121426414698, -0.00644899066538, -0.0118565745652, 0.033525288105, -0.00949109531939, -0.0066454121843, 0.00524603202939, -0.00182272098027], [-0.000102055710158, -0.000169283346622, -0.000418358424213, 0.00233435584232, -0.00093715445837, -0.0066589564085, 0.0106629868969, -0.00377947604284, -0.00949109531939, 0.0322108715773, -0.0168542042375, 0.00346571137197, 0.00416093319654], [-0.000154111898155, -0.00140250602271, 0.000235542232986, 0.000601311738137, -0.00212644413114, -0.00261213630438, -0.00630402565002, 0.011522565037, -0.0066454121843, -0.0168542042375, 0.0449125207961, -0.0234620105475, 0.00685222214088], [-0.00026818891638, 0.00222202832811, -0.00368560152128, -0.00284641352482, 0.00403165351599, 0.00195843959227, 0.00178153766319, -0.00748735433444, 0.00524603202939, 0.00346571137197, -0.0234620105475, 0.0424218438566, -0.012259721756], [-0.000504007854033, -0.00197420874611, 0.00118643033784, -0.00211199163459, -0.000192347099073, -0.00445788307115, 0.00231660553254, -0.00137224886566, -0.00182272098027, 0.00416093319654, 0.00685222214088, -0.012259721756, 0.0343091376126]]}, "spectral_contrast_coeffs": {"dmean": [0.0503501743078, 0.0401082113385, 0.0346530713141, 0.0238972287625, 0.0178825315088, 0.0171234384179], "dmean2": [0.0798752978444, 0.0654265806079, 0.0566272288561, 0.0383385494351, 0.0285393651575, 0.0275497995317], "dvar": [0.00233348575421, 0.00140801712405, 0.00110087147914, 0.000436256465036, 0.000312213058351, 0.000299144536257], "dvar2": [0.00482062669471, 0.00358538655564, 0.00285942899063, 0.000975616101641, 0.000674472888932, 0.000709371932317], "max": [-0.303242325783, -0.543838262558, -0.600291371346, -0.681433796883, -0.717735946178, -0.641309738159], "mean": [-0.675556242466, -0.740639030933, -0.80152541399, -0.853769421577, -0.854689598083, -0.769231259823], "median": [-0.697366893291, -0.737394809723, -0.818677425385, -0.864178240299, -0.863098859787, -0.76871073246], "min": [-0.914069890976, -0.97880667448, -0.944849550724, -0.932288885117, -0.939527750015, -0.895894706249], "var": [0.0107729043812, 0.0068157799542, 0.00466961367056, 0.0016148686409, 0.00117396889254, 0.00102596974466]}, "spectral_contrast_valleys": {"dmean": [0.43577721715, 0.440867245197, 0.478793472052, 0.504645228386, 0.493600189686, 0.590906381607], "dmean2": [0.692991375923, 0.693123400211, 0.721156179905, 0.722233295441, 0.691560685635, 0.771990597248], "dvar": [0.362187683582, 0.446323871613, 0.407579183578, 0.499141871929, 0.475969523191, 0.528301239014], "dvar2": [0.652571976185, 0.876816272736, 0.767513036728, 0.935174286366, 0.969110190868, 1.03658986092], "max": [-4.41207027435, -4.65392780304, -5.30622959137, -5.83736801147, -6.09873580933,