{"lowlevel": {"average_loudness": 0.717744767666, "barkbands_crest": {"dmean": 1.47174179554, "dmean2": 2.18349719048, "dvar": 3.34196805954, "dvar2": 7.67507886887, "max": 26.9113731384, "mean": 14.1749410629, "median": 13.0803947449, "min": 3.39047408104, "var": 27.125711441}, "barkbands_flatness_db": {"dmean": 0.018789915368, "dmean2": 0.0270731151104, "dvar": 0.00067415391095, "dvar2": 0.0012686579721, "max": 0.711163461208, "mean": 0.293157637119, "median": 0.277385562658, "min": 0.0420907735825, "var": 0.0108272666112}, "barkbands_kurtosis": {"dmean": 10.2717008591, "dmean2": 16.2261562347, "dvar": 2024.12561035, "dvar2": 4696.70166016, "max": 2600.20922852, "mean": 59.3646202087, "median": 10.2005414963, "min": -1.95577955246, "var": 52998.3945312}, "barkbands_skewness": {"dmean": 0.580901682377, "dmean2": 0.85956209898, "dvar": 0.968788325787, "dvar2": 1.98015332222, "max": 50.6523704529, "mean": 3.25658297539, "median": 1.98958444595, "min": -7.99329280853, "var": 38.9779930115}, "barkbands_spread": {"dmean": 2.1664583683, "dmean2": 3.30660152435, "dvar": 52.9188079834, "dvar2": 107.736297607, "max": 133.223342896, "mean": 6.40637683868, "median": 4.20835494995, "min": 0.238893046975, "var": 117.727668762}, "dissonance": {"dmean": 0.0307797789574, "dmean2": 0.0508809164166, "dvar": 0.000934615731239, "dvar2": 0.0023752769921, "max": 0.499999880791, "mean": 0.383135825396, "median": 0.385876595974, "min": 0.12104011327, "var": 0.00373730156571}, "dynamic_complexity": 5.90533304214, "erbbands_crest": {"dmean": 1.99173974991, "dmean2": 2.92461848259, "dvar": 5.22744274139, "dvar2": 11.5362329483, "max": 33.7970161438, "mean": 15.0588274002, "median": 14.1401453018, "min": 1.98610305786, "var": 32.2566604614}, "erbbands_flatness_db": {"dmean": 0.017999606207, "dmean2": 0.0258922595531, "dvar": 0.000567468930967, "dvar2": 0.00109024730045, "max": 0.556292533875, "mean": 0.243864834309, "median": 0.239795714617, "min": 0.0292739830911, "var": 0.00594167085364}, "erbbands_kurtosis": {"dmean": 2.6518945694, "dmean2": 3.98604631424, "dvar": 21.0894412994, "dvar2": 48.4870948792, "max": 94.5367660522, "mean": 7.15645742416, "median": 4.64723587036, "min": -1.84121203423, "var": 82.0438232422}, "erbbands_skewness": {"dmean": 0.394532620907, "dmean2": 0.575592517853, "dvar": 0.310041069984, "dvar2": 0.573071360588, "max": 7.16334915161, "mean": 1.61765706539, "median": 1.55978083611, "min": -5.53427457809, "var": 1.66532635689}, "erbbands_spread": {"dmean": 5.30058574677, "dmean2": 8.22062492371, "dvar": 120.59702301, "dvar2": 272.363433838, "max": 209.544113159, "mean": 23.3566017151, "median": 14.2083568573, "min": 0.448937147856, "var": 1072.86669922}, "hfc": {"dmean": 2.87017607689, "dmean2": 3.79955267906, "dvar": 92.8500061035, "dvar2": 162.02973938, "max": 387.193206787, "mean": 10.2917890549, "median": 4.79900932312, "min": 1.20381195967e-16, "var": 367.388885498}, "melbands_crest": {"dmean": 1.79319810867, "dmean2": 2.64215373993, "dvar": 5.20138931274, "dvar2": 11.4871931076, "max": 39.9975891113, "mean": 18.7798480988, "median": 17.506111145, "min": 2.60176444054, "var": 55.723777771}, "melbands_flatness_db": {"dmean": 0.020821807906, "dmean2": 0.0294006168842, "dvar": 0.000878613733221, "dvar2": 0.00159103586338, "max": 0.768204569817, "mean": 0.390970617533, "median": 0.377571851015, "min": 0.00667934026569, "var": 0.0120100080967}, "melbands_kurtosis": {"dmean": 111.565574646, "dmean2": 190.693237305, "dvar": 1385460.875, "dvar2": 3444550, "max": 62743.703125, "mean": 951.01184082, "median": 11.755279541, "min": -1.93223333359, "var": 29711910}, "melbands_skewness": {"dmean": 0.88364648819, "dmean2": 1.37978112698, "dvar": 19.9027080536, "dvar2": 44.9855194092, "max": 236.239044189, "mean": 7.23466205597, "median": 2.0775475502, "min": -3.5714468956, "var": 796.498352051}, "melbands_spread": {"dmean": 2.37496137619, "dmean2": 3.32998800278, "dvar": 122.929328918, "dvar2": 202.620986938, "max": 233.13508606, "mean": 7.88445663452, "median": 4.83896207809, "min": 0.0132079739124, "var": 365.919555664}, "pitch_salience": {"dmean": 0.0420531965792, "dmean2": 0.0629476010799, "dvar": 0.00276992656291, "dvar2": 0.00629415968433, "max": 0.862518727779, "mean": 0.468334317207, "median": 0.492337763309, "min": 0.00128731783479, "var": 0.0273560546339}, "silence_rate_20dB": {"dmean": 0, "dmean2": 0, "dvar": 0, "dvar2": 0, "max": 1, "mean": 1, "median": 1, "min": 1, "var": 0}, "silence_rate_30dB": {"dmean": 0.00420799525455, "dmean2": 0.00841683335602, "dvar": 0.0041904556565, "dvar2": 0.0105504645035, "max": 1, "mean": 0.996694028378, "median": 1, "min": 0, "var": 0.00329500040971}, "silence_rate_60dB": {"dmean": 0.0222422610968, "dmean2": 0.0444889776409, "dvar": 0.0217454433441, "dvar2": 0.0483237095177, "max": 1, "mean": 0.173612505198, "median": 0, "min": 0, "var": 0.143477171659}, "spectral_centroid": {"dmean": 96.3450012207, "dmean2": 140.433074951, "dvar": 104460.890625, "dvar2": 173349.46875, "max": 11256.0302734, "mean": 624.684692383, "median": 415.467926025, "min": 111.669555664, "var": 570692.25}, "spectral_complexity": {"dmean": 1.06742811203, "dmean2": 1.69719433784, "dvar": 2.63478255272, "dvar2": 5.1415438652, "max": 40, "mean": 7.31005811691, "median": 7, "min": 0, "var": 17.4621810913}, "spectral_decrease": {"dmean": 1.12538134367e-09, "dmean2": 1.49036960551e-09, "dvar": 5.15941871602e-18, "dvar2": 9.40026990541e-18, "max": 3.55237034233e-10, "mean": -5.73438629914e-09, "median": -4.33806768285e-09, "min": -4.8161155064e-08, "var": 2.78632745314e-17}, "spectral_energy": {"dmean": 0.00446088379249, "dmean2": 0.00591110764071, "dvar": 7.92081773398e-05, "dvar2": 0.000146524427691, "max": 0.189906284213, "mean": 0.0225763693452, "median": 0.0171802006662, "min": 1.10505109827e-20, "var": 0.00043225006084}, "spectral_energyband_high": {"dmean": 0.000197987203137, "dmean2": 0.000277049141005, "dvar": 1.88820808944e-06, "dvar2": 3.15866327583e-06, "max": 0.0478952378035, "mean": 0.00033239898039, "median": 1.85097615031e-05, "min": 7.82232878225e-21, "var": 5.93002005189e-06}, "spectral_energyband_low": {"dmean": 0.000758241862059, "dmean2": 0.00118892942555, "dvar": 4.53969551018e-06, "dvar2": 1.14820786621e-05, "max": 0.0419922620058, "mean": 0.00424199132249, "median": 0.002899447456, "min": 1.30888722784e-22, "var": 1.90665268747e-05}, "spectral_energyband_middle_high": {"dmean": 0.000264893111307, "dmean2": 0.000349415873643, "dvar": 6.24273582162e-07, "dvar2": 1.08924962205e-06, "max": 0.0239337515086, "mean": 0.000956791394856, "median": 0.000218982051592, "min": 1.79769530783e-21, "var": 4.58987778984e-06}, "spectral_energyband_middle_low": {"dmean": 0.0039758705534, "dmean2": 0.00521009322256, "dvar": 7.59155955166e-05, "dvar2": 0.000136291229865, "max": 0.186500802636, "mean": 0.0173931643367, "median": 0.0102355852723, "min": 2.95314232433e-22, "var": 0.000364749605069}, "spectral_entropy": {"dmean": 0.184488996863, "dmean2": 0.266154259443, "dvar": 0.0732976794243, "dvar2": 0.137718006968, "max": 9.79900932312, "mean": 6.18592262268, "median": 6.10273456573, "min": 3.70010733604, "var": 0.714610099792}, "spectral_flux": {"dmean": 0.0148587664589, "dmean2": 0.0229177884758, "dvar": 0.000548641139176, "dvar2": 0.00122527813073, "max": 0.377534121275, "mean": 0.0377534963191, "median": 0.0246952921152, "min": 1.05121411575e-10, "var": 0.00168261793442}, "spectral_kurtosis": {"dmean": 9.18270301819, "dmean2": 15.6589775085, "dvar": 302.961181641, "dvar2": 912.17755127, "max": 444.734313965, "mean": 26.6457157135, "median": 12.7673492432, "min": -1.25030231476, "var": 1726.63830566}, "spectral_rms": {"dmean": 0.000412202381995, "dmean2": 0.000537486979738, "dvar": 4.47731025588e-07, "dvar2": 7.44699434563e-07, "max": 0.0136115541682, "mean": 0.00410629529506, "median": 0.00409404095262, "min": 3.28344122724e-12, "var": 5.16424051966e-06}, "spectral_rolloff": {"dmean": 152.468933105, "dmean2": 243.960220337, "dvar": 702179.375, "dvar2": 1328819.5, "max": 18561.6210938, "mean": 604.915222168, "median": 430.6640625, "min": 21.533203125, "var": 1599898}, "spectral_skewness": {"dmean": 0.616250514984, "dmean2": 1.02159690857, "dvar": 0.587766945362, "dvar2": 1.58810782433, "max": 16.973985672, "mean": 3.43695831299, "median": 2.87453913689, "min": -0.0352659113705, "var": 4.94169330597}, "spectral_spread": {"dmean": 597597.6875, "dmean2": 926778.25, "dvar": 1122906800130.0, "dvar2": 2260368097280.0, "max": 41672696, "mean": 3498444.75, "median": 2986430.75, "min": 236174.125, "var": 7421801529340.0}, "spectral_strongpeak": {"dmean": 0.280076742172, "dmean2": 0.440176069736, "dvar": 0.355980783701, "dvar2": 0.822393238544, "max": 9.23962783813, "mean": 1.08397960663, "median": 0.665017724037, "min": 0, "var": 1.38719081879}, "zerocrossingrate": {"dmean": 0.00542412418872, "dmean2": 0.00635024951771, "dvar": 0.000236390667851, "dvar2": 0.000213119783439, "max": 0.59716796875, "mean": 0.0242310184985, "median": 0.01806640625, "min": 0, "var": 0.00126065593213}, "barkbands": {"dmean": [5.50315735381e-06, 0.000475594017189, 0.000318661681376, 0.000313203112455, 0.00164161017165, 0.000972220557742, 0.00137516495306, 0.000976232171524, 0.000411135668401, 0.000114781512821, 4.00191565859e-05, 0.000111360081064, 3.61967468052e-05, 2.4021270292e-05, 1.6224643332e-05, 1.04432438093e-05, 1.33690464281e-05, 1.2093454643e-05, 1.8181555788e-05, 6.24482781859e-05, 8.02950016805e-05, 2.87583061436e-05, 2.82166747638e-05, 2.23873830691e-05, 1.11409081001e-05, 1.99228215934e-05, 1.25512633531e-06], "dmean2": [8.91176205187e-06, 0.000790224235971, 0.00048466512817, 0.000458897033241, 0.00229534832761, 0.00134262861684, 0.00187784933951, 0.00130335299764, 0.000497866887599, 0.000151017098688, 5.6320161093e-05, 0.00015026856272, 5.13175691594e-05, 3.69008848793e-05, 2.39332257479e-05, 1.59655028256e-05, 2.08945930353e-05, 1.88765534404e-05, 2.79558498733e-05, 9.4107213954e-05, 0.000121329270769, 4.15063441324e-05, 3.84448831028e-05, 3.12675947498e-05, 1.62134092534e-05, 2.90590414807e-05, 1.99569331016e-06], "dvar": [2.79660905544e-10, 2.7095452424e-06, 8.34009938444e-07, 7.41855558317e-07, 1.06727402454e-05, 1.29337886392e-05, 3.01778891298e-05, 1.95216780412e-05, 2.57513238466e-06, 1.27556091911e-07, 4.30839008914e-08, 3.51996419568e-07, 2.54484966433e-08, 9.77010561343e-09, 6.274456954e-09, 3.54216744824e-09, 5.27191090782e-09, 6.63378507682e-09, 9.14722431133e-09, 1.4667512005e-07, 3.7493776972e-07, 6.30642915667e-08, 6.26481266863e-08, 3.26790328131e-08, 5.97534421942e-09, 2.50383536127e-08, 3.04790810646e-11], "dvar2": [6.57236820523e-10, 7.43400551073e-06, 2.08383130484e-06, 1.5097512005e-06, 2.08134679269e-05, 2.31332087424e-05, 6.17995028733e-05, 4.03783888032e-05, 3.59145542461e-06, 1.97977854555e-07, 6.46367510626e-08, 6.16404236098e-07, 5.36200523982e-08, 2.30193659689e-08, 1.26253745236e-08, 7.1128973822e-09, 1.36391689054e-08, 1.78794508088e-08, 2.00374454806e-08, 3.50314280695e-07, 7.95025584921e-07, 1.27088100044e-07, 1.01017285203e-07, 6.13815629436e-08, 9.51308898323e-09, 4.45130652338e-08, 6.31721272515e-11], "max": [0.000297374412185, 0.0352878794074, 0.0291057918221, 0.0291172470897, 0.0623797103763, 0.124132379889, 0.176745399833, 0.107857465744, 0.0643973574042, 0.0144105050713, 0.0135558545589, 0.0228289850056, 0.00581509247422, 0.00352791999467, 0.00442987028509, 0.0034933781717, 0.00288505596109, 0.00348813296296, 0.00565792294219, 0.0117416260764, 0.0209419764578, 0.00904638599604, 0.0134814018384, 0.00758923403919, 0.00534335197881, 0.00861171260476, 0.000282711087493], "mean": [9.78436128207e-06, 0.00234682648443, 0.00159001245629, 0.000873263983522, 0.00668470934033, 0.00237691099755, 0.00336646079086, 0.00266757234931, 0.00131620408501, 0.00038168343599, 7.41302137612e-05, 0.00027625990333, 7.29603707441e-05, 4.09630665672e-05, 2.76687624137e-05, 1.86657052836e-05, 2.34456401813e-05, 2.16490170715e-05, 3.17050144076e-05, 9.46976870182e-05, 0.000117898103781, 4.12320623582e-05, 4.50642546639e-05, 3.13754608214e-05, 1.42614144352e-05, 2.98064005619e-05, 1.29124850901e-06], "median": [5.97161897531e-06, 0.00125589501113, 0.000726039288566, 0.000241160130827, 0.00237296894193, 0.000628668698482, 0.00058035121765, 0.000167022051755, 7.683991862e-05, 4.81836614199e-05, 1.0192832633e-05, 2.48147480306e-05, 6.13631436863e-06, 5.36598736289e-06, 5.52981873625e-06, 2.76920081888e-06, 4.38091137767e-06, 3.20971366818e-06, 3.18842921843e-06, 5.15558349434e-06, 5.44985869055e-06, 1.18430807561e-06, 1.2938656937e-06, 5.2653331295e-07, 4.27665099778e-07, 6.98133362675e-07, 3.56856162398e-08], "min": [2.75806480064e-24, 6.10607812484e-23, 5.47636643626e-23, 2.30379932725e-23, 3.33401617073e-23, 9.46680102375e-23, 3.82212133148e-23, 2.22847147273e-23, 7.57890289191e-23, 7.05694707863e-23, 1.32790634872e-22, 7.82319165724e-23, 8.29234743241e-23, 7.26518300732e-23, 2.36491361221e-22, 2.50126134081e-22, 2.14013495478e-22, 2.05253630577e-22, 2.78685877588e-22, 3.50576602038e-22, 5.91370322284e-22, 5.54802062866e-22, 5.90417832694e-22, 6.50509293217e-22, 1.36477278494e-21, 1.4541513061e-21, 2.61423909664e-21], "var": [3.24407223307e-10, 8.66357459017e-06, 4.14467558585e-06, 3.01455634144e-06, 7.19584713806e-05, 3.20481449307e-05, 7.37049413146e-05, 6.13965894445e-05, 1.87363002624e-05, 1.30610567339e-06, 1.26128099964e-07, 1.14150952868e-06, 7.84775977536e-08, 2.40667148432e-08, 1.47147325436e-08, 6.99276103688e-09, 6.71810207464e-09, 7.10510539292e-09, 1.86173405581e-08, 2.26762324473e-07, 8.02410170309e-07, 1.36971891607e-07, 1.90565472735e-07, 7.93020475953e-08, 1.54799391083e-08, 6.8019403443e-08, 5.28843462078e-11]}, "erbbands": {"dmean": [0.00886871479452, 0.125060260296, 0.361784398556, 0.618118524551, 3.80758213997, 5.790620327, 5.56431722641, 8.68193721771, 18.1894607544, 21.2683506012, 19.4003772736, 10.8398551941, 3.94156551361, 2.63142323494, 2.42010569572, 4.0881114006, 1.67124938965, 1.36802113056, 0.873625218868, 0.675890803337, 0.546285033226, 0.655854642391, 0.666518688202, 0.499419689178, 1.54421746731, 2.97019934654, 3.45283198357, 2.5810110569, 1.16783583164, 0.810920119286, 0.784493327141, 0.608035027981, 0.273353815079, 0.0973308607936, 0.0996614322066, 0.0563393756747, 0.0540598742664, 0.00580279994756, 0.000225632931688, 1.45395233631e-05], "dmean2": [0.0143814114854, 0.208562359214, 0.559527337551, 0.909587442875, 5.46731233597, 7.96373462677, 7.1953368187, 12.146481514, 25.154510498, 28.506275177, 24.3543872833, 12.3642272949, 4.92782926559, 3.50807833672, 3.15790820122, 5.68125867844, 2.34819412231, 2.06172609329, 1.32721495628, 1.01430022717, 0.83461523056, 1.00662684441, 1.0426992178, 0.770649850368, 2.29127788544, 4.43647861481, 5.155834198, 3.9237575531, 1.70344209671, 1.14947938919, 1.03534710407, 0.829063713551, 0.393249362707, 0.141232103109, 0.145713984966, 0.0826945081353, 0.0795157551765, 0.00841948390007, 0.000353133713361, 2.23477873078e-05], "dvar": [0.00130170816556, 0.173283293843, 1.0481762886, 2.15184402466, 74.4864883423, 174.070236206, 325.039276123, 1359.32617188, 4335.70361328, 12108.2724609, 5466.47705078, 1493.7286377, 157.383407593, 70.5761566162, 138.422317505, 413.918182373, 55.3493843079, 28.3551025391, 15.5385026932, 19.6040153503, 4.9284286499, 16.8874912262, 22.4430351257, 5.93738365173, 59.396686554, 375.171417236, 720.203308105, 439.857086182, 106.310905457, 45.4162063599, 48.7614212036, 25.1606845856, 4.87547588348, 0.477101325989, 0.520285129547, 0.141453817487, 0.212735593319, 0.00239599077031, 1.17879562822e-06, 1.9607420132e-09], "dvar2": [0.00363421975635, 0.472720891237, 2.54693889618, 4.86550855637, 150.469955444, 327.921722412, 606.027832031, 2529.42236328, 9450.86621094, 25080.9257812, 10181.703125, 1816.87719727, 231.046264648, 123.070251465, 218.374542236, 778.426818848, 119.135398865, 65.8051452637, 36.5950965881, 46.243106842, 10.6619224548, 44.5633506775, 60.4071159363, 14.7135286331, 131.166275024, 869.676452637, 1519.95910645, 969.7890625, 225.703475952, 78.7951583862, 74.33253479, 45.2961807251, 8.93330287933, 0.677458703518, 0.906399726868, 0.27821752429, 0.40068590641, 0.00423125363886, 2.13389353121e-06, 4.19276346975e-09], "max": [0.807149708271, 8.53410053253, 26.4095420837, 40.9856910706, 185.416427612, 272.807891846, 608.53503418, 1298.14550781, 2518.69677734, 3266.81445312, 2133.74316406, 1551.2623291, 414.32598877, 441.135772705, 525.62902832, 938.625610352, 318.848999023, 193.976821899, 190.326858521, 284.828735352, 65.4441299438, 168.222869873, 203.130661011, 109.309280396, 370.718017578, 671.984924316, 1131.5793457, 887.255004883, 365.428039551, 307.230010986, 368.983917236, 247.92024231, 107.321258545, 46.4819755554, 48.2723655701, 20.1806926727, 27.0462760925, 2.28107404709, 0.0452351979911, 0.00171366136055], "mean": [0.0305809006095, 0.658795773983, 2.08022284508, 2.23100352287, 14.2778968811, 22.9760723114, 17.5481510162, 20.2897586823, 47.7422409058, 43.8134651184, 63.3336677551, 36.0300445557, 11.8719930649, 9.63367843628, 6.27935361862, 10.1906652451, 3.77244520187, 2.78431200981, 1.43057000637, 1.27260136604, 1.11188709736, 1.2237225771, 1.25870740414, 1.00533568859, 2.8215918541, 4.48942756653, 4.98632478714, 3.79818511009, 1.6623185873, 1.32376909256, 1.23292827606, 0.886452138424, 0.374573916197, 0.128491014242, 0.127028092742, 0.0754479691386, 0.0788355246186, 0.00856471806765, 0.00028319566627, 3.65799824067e-05], "median": [0.0120044127107, 0.367920547724, 1.06373953819, 1.29569733143, 2.10678839684, 5.41171550751, 4.59924316406, 6.07932758331, 11.027305603, 7.58312034607, 4.95531177521, 2.70077705383, 1.92637896538, 1.15244734287, 0.878595471382, 1.09880495071, 0.496541678905, 0.370211809874, 0.269175410271, 0.272848427296, 0.220320925117, 0.207276180387, 0.187137320638, 0.184879332781, 0.223725527525, 0.260082185268, 0.267240673304, 0.141777634621, 0.0434516891837, 0.0560713708401, 0.0340810716152, 0.0118373520672, 0.00832288060337, 0.0047987033613, 0.00289224553853, 0.0021236022003, 0.00146251986735, 0.000181528448593, 2.05425021704e-05, 2.3286742362e-05], "min": [8.40699441793e-22, 1.74360141162e-20, 6.31375717075e-20, 7.14416508016e-20, 8.66520805498e-20, 1.35171070237e-19, 4.67797209576e-19, 7.5082946387e-19, 5.92390824053e-19, 4.49422839834e-19, 6.44909038131e-19, 1.566439991e-18, 1.96524423703e-18, 2.77730646953e-18, 6.19759986795e-18, 3.27302485049e-18, 2.95369053424e-18, 5.39918073888e-18, 4.94723696273e-18, 1.90552651174e-17, 9.53259729673e-18, 1.40645321029e-17, 1.22037496103e-17, 1.01365226891e-17, 1.88017855448e-17, 1.6448570853e-17, 1.63710756102e-17, 2.84205659624e-17, 2.14484541394e-17, 2.01306958666e-17, 1.4425260605e-17, 1.14986864988e-17, 1.25093680312e-17, 1.51979779916e-17, 9.48409307997e-18, 5.52911509668e-18, 2.64539122096e-18, 1.29518565126e-18, 4.15815111932e-19, 3.42468929468e-20], "var": [0.00263553904369, 0.620300889015, 6.4869055748, 8.41631412506, 486.181121826, 1375.36584473, 1547.87280273, 3076.20727539, 11659.8144531, 20940.8378906, 31141.8574219, 11925.7587891, 1030.54052734, 1075.43945312, 585.303100586, 1218.05200195, 162.911834717, 105.267532349, 24.7278671265, 47.2012405396, 15.6446037292, 20.1398868561, 23.3391799927, 10.6925888062, 125.342842102, 585.044677734, 1305.19348145, 1009.70037842, 223.944793701, 132.398010254, 152.526687622, 70.2812271118, 10.7761678696, 1.32990908623, 1.25666618347, 0.332018643618, 0.530640184879, 0.00642766617239, 2.95272116091e-06, 4.65028371366e-09]}, "gfcc": {"mean": [-153.210998535, 149.000686646, -71.0877761841, 13.3547525406, -56.4685668945, -12.4767045975, -20.8971271515, -1.22136688232, -18.8030414581, 3.15590333939, -10.905169487, -3.7985906601, -11.7000007629], "cov": [[32813.9921875, 272.596679688, -2600.85498047, 923.364318848, -3262.92407227, -373.350402832, -1656.21069336, 16.0949401855, -1819.1796875, 254.880599976, -1025.5078125, -16.2330513, -1028.54077148], [272.596679688, 3513.51855469, -654.179504395, -690.253295898, 417.206207275, -340.671325684, 3.2866294384, -307.120147705, 271.003051758, -292.380249023, 205.473129272, -257.347015381, 87.5851593018], [-2600.85498047, -654.179504395, 1116.51159668, 196.868804932, 107.609230042, 184.213851929, 81.9855422974, 40.991645813, -13.244389534, 48.5867843628, -21.6684913635, 99.6750793457, 116.9504776], [923.364318848, -690.253295898, 196.868804932, 701.219970703, -58.0650177002, 143.0730896, -25.8208713531, 1.45581698418, -81.2220001221, 67.6293411255, -78.6394882202, 42.8012580872, 29.4605617523], [-3262.92407227, 417.206207275, 107.609230042, -58.0650177002, 689.990905762, 86.1862411499, 151.278823853, -21.8340396881, 295.231170654, -38.2016983032, 148.693832397, -27.1279621124, 139.111557007], [-373.350402832, -340.671325684, 184.213851929, 143.0730896, 86.1862411499, 309.620849609, 68.2601852417, 29.6236629486, 11.7486124039, 24.0986385345, 48.5209197998, 26.4468326569, 28.7111568451], [-1656.21069336, 3.2866294384, 81.9855422974, -25.8208713531, 151.278823853, 68.2601852417, 337.960357666, 26.3396396637, 57.8515434265, -15.2958602905, 61.097984314, -18.8992862701, 14.5998220444], [16.0949401855, -307.120147705, 40.991645813, 1.45581698418, -21.8340396881, 29.6236629486, 26.3396396637, 176.295516968, 39.4118995667, 14.5947332382, 20.6025447845, 26.7708206177, -21.063583374], [-1819.1796875, 271.003051758, -13.244389534, -81.2220001221, 295.231170654, 11.7486124039, 57.8515434265, 39.4118995667, 364.366851807, -22.0818138123, 120.354110718, -28.8769187927, 81.6522064209], [254.880599976, -292.380249023, 48.5867843628, 67.6293411255, -38.2016983032, 24.0986385345, -15.2958602905, 14.5947332382, -22.0818138123, 131.31829834, -25.7996101379, 11.7618513107, -10.6331291199], [-1025.5078125, 205.473129272, -21.6684913635, -78.6394882202, 148.693832397, 48.5209197998, 61.097984314, 20.6025447845, 120.354110718, -25.7996101379, 223.327545166, -3.26777172089, 25.2619743347], [-16.2330513, -257.347015381, 99.6750793457, 42.8012580872, -27.1279621124, 26.4468326569, -18.8992862701, 26.7708206177, -28.8769187927, 11.7618513107, -3.26777172089, 152.370239258, 34.5599937439], [-1028.54077148, 87.5851593018, 116.9504776, 29.4605617523, 139.111557007, 28.7111568451, 14.5998220444, -21.063583374, 81.6522064209, -10.6331291199, 25.2619743347, 34.5599937439, 161.573532104]], "icov": [[0.000230251069297, -0.000348028930603, 0.000407882762374, -0.000437928421889, 0.00066064693965, -0.000480740214698, 0.000630282971542, -0.000651405425742, 0.000451217696536, -0.000484999909531, 0.000449370098067, -0.000305290770484, 0.000548847543541], [-0.000348028930603, 0.0012174154399, -0.00043211429147, 0.00103456887882, -0.00119311618619, 0.00111863063648, -0.000865808222443, 0.00188039708883, -0.000768608239014, 0.00162101781461, -0.00102849304676, 0.00114342104644, -0.00118809484411], [0.000407882762374, -0.00043211429147, 0.00193278701045, -0.000791012193076, 0.000981500954367, -0.00120429357048, 0.000932187191211, -0.00117657077499, 0.00100421649404, -0.000873662473168, 0.000969879038166, -0.000779559253715, 0.000157416783622], [-0.000437928421889, 0.00103456887882, -0.000791012193076, 0.00283756502904, -0.00127971405163, 0.000289967545541, -0.00100914039649, 0.00176985410508, -0.0007248481852, 0.00082545040641, -0.000457412417745, 0.000861809763592, -0.00161340227351], [0.00066064693965, -0.00119311618619, 0.000981500954367, -0.00127971405163, 0.00481678638607, -0.00194101966918, 0.00105058518238, -0.00129915750585, -0.000459621485788, -0.00142584461719, 0.000841596513055, -0.000740773975849, 0.000473959575174], [-0.000480740214698, 0.00111863063648, -0.00120429357048, 0.000289967545541, -0.00194101966918, 0.0056080268696, -0.00177396484651, 0.0013543482637, -0.000507692107931, 0.00105603353586, -0.00225785677321, 0.000844822148792, -0.00133796629962], [0.000630282971542, -0.000865808222443, 0.000932187191211, -0.00100914039649, 0.00105058518238, -0.00177396484651, 0.00529496651143, -0.00224663713016, 0.00149683491327, -0.000919572659768, 0.000758215785027, -0.000198132780497, 0.00173707702197], [-0.000651405425742, 0.00188039708883, -0.00117657077499, 0.00176985410508, -0.00129915750585, 0.0013543482637, -0.00224663713016, 0.00993130542338, -0.00316513027065, 0.00202967878431, -0.00197221990675, 0.000147338883835, -0.000251576915616], [0.000451217696536, -0.000768608239014, 0.00100421649404, -0.0007248481852, -0.000459621485788, -0.000507692107931, 0.00149683491327, -0.00316513027065, 0.00619084620848, -0.00124170817435, -0.00048582997988, 0.000438506394858, -0.000595786725171], [-0.000484999909531, 0.00162101781461, -0.000873662473168, 0.00082545040641, -0.00142584461719, 0.00105603353586, -0.000919572659768, 0.00202967878431, -0.00124170817435, 0.0105853425339, -0.000712599081453, 0.00126140471548, -0.000930856564082], [0.000449370098067, -0.00102849304676, 0.000969879038166, -0.000457412417745, 0.000841596513055, -0.00225785677321, 0.000758215785027, -0.00197221990675, -0.00048582997988, -0.000712599081453, 0.00731256604195, -0.00143630383536, 0.00151301256847], [-0.000305290770484, 0.00114342104644, -0.000779559253715, 0.000861809763592, -0.000740773975849, 0.000844822148792, -0.000198132780497, 0.000147338883835, 0.000438506394858, 0.00126140471548, -0.00143630383536, 0.00914986431599, -0.0035024760291], [0.000548847543541, -0.00118809484411, 0.000157416783622, -0.00161340227351, 0.000473959575174, -0.00133796629962, 0.00173707702197, -0.000251576915616, -0.000595786725171, -0.000930856564082, 0.00151301256847, -0.0035024760291, 0.0108996052295]]}, "melbands": {"dmean": [0.000108501415525, 0.000179145179573, 0.00017521220434, 0.000371624861145, 0.000204403855605, 0.000198093126528, 0.000280579581158, 0.000230079560424, 0.000149135812535, 5.85446068726e-05, 1.92925981537e-05, 1.16887522381e-05, 7.02305715095e-06, 1.39709500218e-05, 5.30945362698e-06, 3.38815175382e-06, 2.60846331912e-06, 1.43865725022e-06, 1.01029172583e-06, 8.25765198442e-07, 6.84379870108e-07, 7.05438651494e-07, 8.24058474791e-07, 5.33693935267e-07, 3.91850591086e-07, 7.67890469433e-07, 1.71537146798e-06, 2.15949444282e-06, 2.14683041122e-06, 2.21502341446e-06, 1.2961718312e-06, 7.21423532468e-07, 4.81943459363e-07, 4.84375391352e-07, 4.71589231665e-07, 4.45296677754e-07, 3.61947655847e-07, 2.37431549976e-07, 8.20063732476e-08, 8.40027993831e-08], "dmean2": [0.000179042515811, 0.000281459477264, 0.000254404498264, 0.000532178150024, 0.000262969464529, 0.000276475446299, 0.000383531529224, 0.000310822215397, 0.000185770273674, 6.71170491842e-05, 2.42986316152e-05, 1.55936031661e-05, 9.42220049183e-06, 1.852951209e-05, 7.64703599998e-06, 4.76454124509e-06, 3.98307884097e-06, 2.23273900701e-06, 1.49616880663e-06, 1.24856421735e-06, 1.06504160158e-06, 1.10023256639e-06, 1.30668729525e-06, 8.24433641355e-07, 6.13577185504e-07, 1.16680189421e-06, 2.60488695858e-06, 3.25246173816e-06, 3.24376264871e-06, 3.4652098293e-06, 1.92084894479e-06, 1.07643256797e-06, 7.33654530904e-07, 7.01853082319e-07, 6.44840554287e-07, 5.96529901031e-07, 5.07104516601e-07, 3.42075992421e-07, 1.24862509665e-07, 1.21572526268e-07], "dvar": [1.64379684975e-07, 2.49233750083e-07, 1.65129691254e-07, 5.98028691456e-07, 3.5226614159e-07, 6.19868160356e-07, 1.03022580333e-06, 1.30731291392e-06, 2.93312808708e-07, 4.71269601121e-08, 4.14118428438e-09, 1.43987521906e-09, 1.16257026228e-09, 6.50855502826e-09, 5.17716480797e-10, 2.32511621068e-10, 1.06761759155e-10, 4.78475627175e-11, 4.66579101743e-11, 2.85064020999e-11, 7.51783184316e-12, 1.46803298684e-11, 4.6326342068e-11, 1.0304503778e-11, 3.91593962118e-12, 2.03395980614e-11, 7.84807288601e-11, 2.23661186793e-10, 3.25153015623e-10, 2.80646728079e-10, 1.25509005966e-10, 4.59176273393e-11, 1.68333871148e-11, 1.69693252505e-11, 1.96199549662e-11, 1.44666795904e-11, 9.33996369828e-12, 3.87243188904e-12, 3.56026812849e-13, 3.99058526024e-13], "dvar2": [4.60555583004e-07, 6.19954448666e-07, 3.39188488852e-07, 1.19724927572e-06, 6.31322620848e-07, 1.11747590381e-06, 2.18948457587e-06, 2.74472813544e-06, 5.31602552201e-07, 5.68850566651e-08, 6.00729821443e-09, 2.53267429251e-09, 1.71158442974e-09, 1.12394538121e-08, 1.1365954844e-09, 4.86290507862e-10, 2.50738291241e-10, 1.18271850647e-10, 1.09353720523e-10, 5.94186852498e-11, 1.70386604131e-11, 3.7734058933e-11, 1.28650742837e-10, 2.66103580143e-11, 9.70427557756e-12, 4.4018406975e-11, 1.87995494172e-10, 5.32525856745e-10, 7.13611225667e-10, 6.4163352409e-10, 2.71066474822e-10, 1.04151506863e-10, 3.58249992172e-11, 3.09403509757e-11, 3.27910025522e-11, 2.42951509605e-11, 1.84517384011e-11, 7.28800526872e-12, 6.67115343002e-13, 5.88204994694e-13], "max": [0.00917765405029, 0.0100534148514, 0.0102748665959, 0.0173129849136, 0.0203577205539, 0.0275846682489, 0.0342601016164, 0.0355519168079, 0.0163415726274, 0.00845542456955, 0.00220682262443, 0.00196468643844, 0.00223409780301, 0.00328228482977, 0.00111662421841, 0.000537022890057, 0.000341861479683, 0.000292084587272, 0.00046396223479, 0.000313462980557, 8.74521283549e-05, 0.00015472456289, 0.000308406335535, 0.000168525060872, 8.27940821182e-05, 0.000284387118882, 0.00030313138268, 0.000573731027544, 0.000774063344579, 0.000626361463219, 0.000516017258633, 0.000287478324026, 0.00015911484661, 0.000195756801986, 0.000233601225773, 0.000177812529728, 0.000129501524498, 9.68295425992e-05, 3.55727352144e-05, 4.51329833595e-05], "mean": [0.000475673004985, 0.00104490795638, 0.000653998518828, 0.00152190728113, 0.000668889377266, 0.00046025152551, 0.000737202644814, 0.000484259333462, 0.000502845156007, 0.000185985554708, 5.36964580533e-05, 4.13053603552e-05, 1.57815011335e-05, 3.40440237778e-05, 1.2544247511e-05, 6.95998141964e-06, 4.83640860693e-06, 2.11759856938e-06, 1.74137971953e-06, 1.49682216488e-06, 1.27916223391e-06, 1.21643358852e-06, 1.36424682751e-06, 1.02577212147e-06, 7.00771465745e-07, 1.37586459914e-06, 2.87910415864e-06, 2.99359544442e-06, 2.94631081488e-06, 3.12837960337e-06, 1.84851114682e-06, 9.49198522449e-07, 6.76433444369e-07, 7.7041181612e-07, 7.25061909179e-07, 6.51150344311e-07, 5.01299609823e-07, 3.15251497796e-07, 1.04591364902e-07, 1.06308377212e-07], "median": [0.000243337126449, 0.000656816526316, 0.000267058232566, 0.000271478609648, 0.00016494722513, 0.000122316094348, 0.000161769028637, 6.93912588758e-05, 3.27148882207e-05, 1.2274304936e-05, 7.21967853679e-06, 4.20142714574e-06, 2.22919311454e-06, 3.14363069265e-06, 1.61488867434e-06, 6.32264004707e-07, 5.72098429075e-07, 3.64224547411e-07, 3.695441535e-07, 2.64301263542e-07, 2.48727559438e-07, 2.15318948449e-07, 1.39556334489e-07, 1.47628526292e-07, 1.14980934995e-07, 9.9519652963e-08, 1.77034095827e-07, 1.2325115506e-07, 1.31395154312e-07, 1.41031733847e-07, 4.34930100823e-08, 1.53951091875e-08, 2.12356070506e-08, 3.02966824961e-08, 2.06186214768e-08, 7.60365281849e-09, 4.66651517428e-09, 5.30960875267e-09, 3.83827325479e-09, 3.17879012002e-09], "min": [1.30939187794e-23, 3.04445467805e-23, 1.22565934156e-23, 9.56252140599e-24, 1.31683856711e-23, 1.71632814248e-23, 8.52754773125e-24, 4.88397078729e-24, 6.1935011892e-24, 1.01869387335e-23, 9.82012077915e-24, 1.03788583365e-23, 1.95517629192e-23, 1.29685971805e-23, 3.82576318674e-24, 9.26911721407e-24, 1.02331983258e-23, 4.56844101912e-24, 2.2572925059e-23, 2.30579956297e-23, 8.62520161157e-24, 1.42703012934e-23, 1.01534878757e-23, 1.17001056895e-23, 7.43592516605e-24, 1.05172631935e-23, 1.48276504556e-23, 1.06028325136e-23, 8.38830825946e-24, 1.1013637352e-23, 1.97831626439e-23, 1.06636095132e-23, 1.22085383758e-23, 1.16762079372e-23, 7.5944459761e-24, 6.87383179437e-24, 7.30837030198e-24, 6.81058013813e-24, 1.20897027913e-23, 1.37889509908e-23], "var": [4.34092754631e-07, 1.34182073452e-06, 9.93670369098e-07, 4.38510141976e-06, 1.81798623089e-06, 1.46955710534e-06, 2.82082396552e-06, 2.31465742218e-06, 1.85627402516e-06, 3.60339527106e-07, 2.61840042981e-08, 2.13988844422e-08, 4.15699918932e-09, 1.98344203284e-08, 1.55928614465e-09, 7.15355497061e-10, 3.41224271061e-10, 6.40360334203e-11, 8.61467217006e-11, 5.75508876666e-11, 2.18738204633e-11, 2.00411128665e-11, 3.99911596893e-11, 1.50967988111e-11, 6.53788525054e-12, 4.03119725101e-11, 1.41232983641e-10, 3.23688548187e-10, 5.14682518826e-10, 5.45183509448e-10, 2.90957508087e-10, 8.08596106738e-11, 3.62832507095e-11, 4.6661789016e-11, 5.63312695101e-11, 4.28543416031e-11, 2.22033294528e-11, 8.02634000929e-12, 7.9050199546e-13, 1.0266378676e-12]}, "mfcc": {"mean": [-793.01940918, 175.633880615, 36.2941818237, 29.9838199615, -8.01744937897, -1.25081515312, -1.52269852161, -3.69918513298, -3.10627126694, 2.62792921066, -2.60041475296, 5.64439630508, 3.95109200478], "cov": [[13616.3691406, 1204.25219727, -587.466369629, 733.790161133, -1418.80310059, -441.193756104, -224.066177368, -295.729797363, -497.238494873, 57.7113265991, -444.737365723, -36.0377578735, -175.042938232], [1204.25219727, 2811.38574219, -1.71437585354, -155.029510498, 85.46118927, -115.704177856, -48.0467720032, 1.38236522675, -88.5258712769, -73.7027206421, 28.8560676575, -74.3706207275, 85.1850967407], [-587.466369629, -1.71437585354, 651.725158691, 114.689682007, 52.9430274963, 72.3895721436, 30.4325466156, -20.4704589844, 64.7674331665, -68.045791626, -46.0482025146, 19.9806861877, -11.1207075119], [733.790161133, -155.029510498, 114.689682007, 455.783843994, -47.5640296936, 67.4218673706, 30.4722194672, -39.6152267456, 24.6704444885, -11.4966440201, -112.390403748, 6.92695903778, -46.4920043945], [-1418.80310059, 85.46118927, 52.9430274963, -47.5640296936, 509.691314697, 108.351142883, -51.4484481812, 33.2679595947, 112.200843811, 8.29117870331, 53.4635505676, 15.3394451141, 41.0055122375], [-441.193756104, -115.704177856, 72.3895721436, 67.4218673706, 108.351142883, 257.660491943, 86.2245101929, -10.5171537399, 67.9354629517, -2.51037502289, 6.53858184814, -13.7734794617, -12.5620098114], [-224.066177368, -48.0467720032, 30.4325466156, 30.4722194672, -51.4484481812, 86.2245101929, 255.214614868, 43.0944328308, -23.5655345917, 8.79516506195, 16.6360263824, -34.1133155823, -4.85483074188], [-295.729797363, 1.38236522675, -20.4704589844, -39.6152267456, 33.2679595947, -10.5171537399, 43.0944328308, 171.267150879, 15.7338209152, -4.26132488251, 43.9460487366, -9.2921628952, 33.4661941528], [-497.238494873, -88.5258712769, 64.7674331665, 24.6704444885, 112.200843811, 67.9354629517, -23.5655345917, 15.7338209152, 180.53616333, 1.01091873646, -14.4020967484, 25.3144836426, -10.2116107941], [57.7113265991, -73.7027206421, -68.045791626, -11.4966440201, 8.29117870331, -2.51037502289, 8.79516506195, -4.26132488251, 1.01091873646, 168.706069946, 66.2138442993, -15.7913570404, 11.1755142212], [-444.737365723, 28.8560676575, -46.0482025146, -112.390403748, 53.4635505676, 6.53858184814, 16.6360263824, 43.9460487366, -14.4020967484, 66.2138442993, 202.335479736, -5.4565987587, 10.9732599258], [-36.0377578735, -74.3706207275, 19.9806861877, 6.92695903778, 15.3394451141, -13.7734794617, -34.1133155823, -9.2921628952, 25.3144836426, -15.7913570404, -5.4565987587, 118.625228882, 14.7421836853], [-175.042938232, 85.1850967407, -11.1207075119, -46.4920043945, 41.0055122375, -12.5620098114, -4.85483074188, 33.4661941528, -10.2116107941, 11.1755142212, 10.9732599258, 14.7421836853, 137.132949829]], "icov": [[0.000160350420629, -9.74898939603e-05, 0.000126562270452, -0.000244415656198, 0.000386165280361, -4.96879511047e-05, 0.000236952109844, -7.77505192673e-06, 0.000228421980864, -0.000195596308913, 0.00021325929265, -8.60231230035e-05, 0.000108033309516], [-9.74898939603e-05, 0.000458170601632, -9.97605093289e-05, 0.000205926757189, -0.000356051983545, 0.000237433880102, -0.000141679367516, 0.000133754307171, -2.66433962679e-05, 0.000382440193789, -0.000218376459088, 0.000391387118725, -0.000314517092193], [0.000126562270452, -9.97605093289e-05, 0.00187540217303, -0.00058274337789, 0.000192096806131, -0.000139692550874, -0.000115436254418, 0.000321643718053, -0.000377306365408, 0.000594213721342, 6.45056497888e-05, -0.0001879191841, -3.62617211067e-05], [-0.000244415656198, 0.000205926757189, -0.00058274337789, 0.00329957320355, -0.000379747070838, -0.000691995141096, -0.00044432352297, -6.97106806911e-05, -0.000189003229025, -0.000413863948779, 0.00139027356636, -0.000231537953368, 0.000616230419837], [0.000386165280361, -0.000356051983545, 0.000192096806131, -0.000379747070838, 0.00373633997515, -0.00140393606853, 0.00151582283434, -0.00042798704817, -0.000688468280714, -0.000470318249427, -0.000117020434118, -0.000222970746108, -0.000466415338451], [-4.96879511047e-05, 0.000237433880102, -0.000139692550874, -0.000691995141096, -0.00140393606853, 0.00626810546964, -0.00259604165331, 0.00158301659394, -0.00206966511905, 0.000829882221296, -0.000901736610103, 0.0010200337274, -0.000200333670364], [0.000236952109844, -0.000141679367516, -0.000115436254418, -0.00044432352297, 0.00151582283434, -0.00259604165331, 0.00591788487509, -0.00190577364992, 0.00161405536346, -0.000757241796236, 0.000240973662585, 0.000610850867815, 0.000310942006763], [-7.77505192673e-06, 0.000133754307171, 0.000321643718053, -6.97106806911e-05, -0.00042798704817, 0.00158301659394, -0.00190577364992, 0.00763662857935, -0.00172529462725, 0.00151700538117, -0.00192648882512, 0.00104564486537, -0.00195905426517], [0.000228421980864, -2.66433962679e-05, -0.000377306365408, -0.000189003229025, -0.000688468280714, -0.00206966511905, 0.00161405536346, -0.00172529462725, 0.0083614140749, -0.00136935571209, 0.00172037514858, -0.0017681971658, 0.00149455538485], [-0.000195596308913, 0.000382440193789, 0.000594213721342, -0.000413863948779, -0.000470318249427, 0.000829882221296, -0.000757241796236, 0.00151700538117, -0.00136935571209, 0.00805302895606, -0.00336319184862, 0.00154808466323, -0.001415271312], [0.00021325929265, -0.000218376459088, 6.45056497888e-05, 0.00139027356636, -0.000117020434118, -0.000901736610103, 0.000240973662585, -0.00192648882512, 0.00172037514858, -0.00336319184862, 0.00782082788646, -0.00093866547104, 0.00119278486818], [-8.60231230035e-05, 0.000391387118725, -0.0001879191841, -0.000231537953368, -0.000222970746108, 0.0010200337274, 0.000610850867815, 0.00104564486537, -0.0017681971658, 0.00154808466323, -0.00093866547104, 0.00985844992101, -0.00176263740286], [0.000108033309516, -0.000314517092193, -3.62617211067e-05, 0.000616230419837, -0.000466415338451, -0.000200333670364, 0.000310942006763, -0.00195905426517, 0.00149455538485, -0.001415271312, 0.00119278486818, -0.00176263740286, 0.00876233167946]]}, "spectral_contrast_coeffs": {"dmean": [0.0346426703036, 0.0351180247962, 0.0300249494612, 0.0254062339664, 0.0221552476287, 0.0231488589197], "dmean2": [0.0557329691947, 0.054753061384, 0.0458275191486, 0.0398491024971, 0.0344534888864, 0.0367255471647], "dvar": [0.00109534861986, 0.00127287989017, 0.000750828185119, 0.000534117920324, 0.000477344088722, 0.000556223909371], "dvar2": [0.00250959699042, 0.0027368995361, 0.00161937181838, 0.00122887117323, 0.00102458824404, 0.00130381551571], "max": [-0.224578723311, -0.353405356407, -0.433291912079, -0.553375840187, -0.509546399117, -0.577146530151], "mean": [-0.592547357082, -0.642841637135, -0.721856951714, -0.76692378521, -0.774043083191, -0.76724755764], "median": [-0.594089925289, -0.644760012627, -0.728378474712, -0.763868808746, -0.776333332062, -0.757666349411], "min": [-0.992706239223, -0.972006201744, -0.968181312084, -0.988615751266, -0.983037352562, -0.960566103458], "var": [0.010983703658, 0.0106004150584, 0.00778428139165, 0.00458248425275, 0.0042129107751, 0.00410451320931]}, "spectral_contrast_valleys": {"dmean": [0.319465041161, 0.291791766882, 0.290235877037, 0.286590307951, 0.269769191742, 0.41176378727], "dmean2": [0.520318806171, 0.469105362892, 0.460470110178, 0.439524948597, 0.400448709726, 0.611112535], "dvar": [0.115768738091, 0.118075467646, 0.110850103199, 0.128207847476, 0.144544184208, 0.297350108624], "dvar2": [0.257168203592,