{"lowlevel": {"average_loudness": 0.95123821497, "barkbands_crest": {"dmean": 2.32844114304, "dmean2": 3.475004673, "dvar": 5.98351716995, "dvar2": 14.1150398254, "max": 26.7932014465, "mean": 12.6839437485, "median": 11.5773544312, "min": 2.65103960037, "var": 27.409942627}, "barkbands_flatness_db": {"dmean": 0.0381455570459, "dmean2": 0.0488141998649, "dvar": 0.00203765276819, "dvar2": 0.00382010289468, "max": 0.623649299145, "mean": 0.209233105183, "median": 0.200937479734, "min": 0.0253199134022, "var": 0.00976226292551}, "barkbands_kurtosis": {"dmean": 4.94229888916, "dmean2": 7.17503404617, "dvar": 588.338500977, "dvar2": 903.724121094, "max": 1718.17773438, "mean": 8.81092262268, "median": 2.85295796394, "min": -1.78295242786, "var": 1952.64355469}, "barkbands_skewness": {"dmean": 0.586569488049, "dmean2": 0.831685066223, "dvar": 0.662739813328, "dvar2": 1.19581818581, "max": 35.3157539368, "mean": 1.88678753376, "median": 1.63911342621, "min": -6.30253124237, "var": 3.86870861053}, "barkbands_spread": {"dmean": 6.65813398361, "dmean2": 9.66573810577, "dvar": 101.388000488, "dvar2": 236.737075806, "max": 131.495162964, "mean": 17.7770996094, "median": 14.1227397919, "min": 0.0517479367554, "var": 225.1431427}, "dissonance": {"dmean": 0.0332531780005, "dmean2": 0.0537411272526, "dvar": 0.00099732610397, "dvar2": 0.00255394820124, "max": 0.499999433756, "mean": 0.417056053877, "median": 0.424399644136, "min": 0.117967911065, "var": 0.00260341865942}, "dynamic_complexity": 4.05948591232, "erbbands_crest": {"dmean": 2.67681622505, "dmean2": 4.03494501114, "dvar": 7.31666183472, "dvar2": 16.3092365265, "max": 30.7088451385, "mean": 12.7318172455, "median": 11.8890609741, "min": 2.28092646599, "var": 29.6046047211}, "erbbands_flatness_db": {"dmean": 0.0308973491192, "dmean2": 0.0392322652042, "dvar": 0.00138230458833, "dvar2": 0.00247492291965, "max": 0.522832691669, "mean": 0.193112194538, "median": 0.18630450964, "min": 0.0396519973874, "var": 0.0073832985945}, "erbbands_kurtosis": {"dmean": 1.14440584183, "dmean2": 1.69722473621, "dvar": 2.98216056824, "dvar2": 7.19942760468, "max": 72.8538665771, "mean": 1.71959543228, "median": 0.552895903587, "min": -1.85000991821, "var": 32.1108970642}, "erbbands_skewness": {"dmean": 0.389171183109, "dmean2": 0.548577308655, "dvar": 0.15798714757, "dvar2": 0.322984665632, "max": 4.4373960495, "mean": 0.0891537442803, "median": 0.183888792992, "min": -5.81136226654, "var": 0.972127556801}, "erbbands_spread": {"dmean": 8.44643306732, "dmean2": 12.0030450821, "dvar": 128.886581421, "dvar2": 272.589202881, "max": 125.773925781, "mean": 29.4926795959, "median": 25.4378890991, "min": 1.27918946743, "var": 307.593170166}, "hfc": {"dmean": 12.1987457275, "dmean2": 17.1781673431, "dvar": 461.028015137, "dvar2": 1078.11706543, "max": 179.180892944, "mean": 21.2304859161, "median": 11.4474239349, "min": 1.15255481965e-16, "var": 675.443725586}, "melbands_crest": {"dmean": 2.4797501564, "dmean2": 3.64968371391, "dvar": 6.6765294075, "dvar2": 15.368139267, "max": 37.6479072571, "mean": 16.9268283844, "median": 16.7706813812, "min": 1.57184231281, "var": 33.4627723694}, "melbands_flatness_db": {"dmean": 0.0441577546299, "dmean2": 0.0571723468602, "dvar": 0.00277664093301, "dvar2": 0.00529896747321, "max": 0.776483952999, "mean": 0.297092735767, "median": 0.293170571327, "min": 0.00339561305009, "var": 0.0128321787342}, "melbands_kurtosis": {"dmean": 7.39844417572, "dmean2": 10.8280200958, "dvar": 226.375854492, "dvar2": 513.270568848, "max": 350.878479004, "mean": 15.4968662262, "median": 8.19006252289, "min": -1.95510613918, "var": 548.484069824}, "melbands_skewness": {"dmean": 0.690991222858, "dmean2": 0.971611976624, "dvar": 0.672042071819, "dvar2": 1.47152340412, "max": 14.3703107834, "mean": 2.80913710594, "median": 2.57424974442, "min": -4.10227394104, "var": 3.44154047966}, "melbands_spread": {"dmean": 5.27208614349, "dmean2": 8.11060905457, "dvar": 72.2063140869, "dvar2": 179.000762939, "max": 170.208557129, "mean": 17.7593460083, "median": 12.8946037292, "min": 0.222182899714, "var": 401.60836792}, "pitch_salience": {"dmean": 0.0644276812673, "dmean2": 0.098886616528, "dvar": 0.00538422726095, "dvar2": 0.0127386571839, "max": 0.993795752525, "mean": 0.414536595345, "median": 0.413678020239, "min": 0.0193351469934, "var": 0.01801931113}, "silence_rate_20dB": {"dmean": 0, "dmean2": 0, "dvar": 0, "dvar2": 0, "max": 1, "mean": 1, "median": 1, "min": 1, "var": 0}, "silence_rate_30dB": {"dmean": 0.0106125278398, "dmean2": 0.0212275031954, "dvar": 0.0105011919513, "dvar2": 0.0263179186732, "max": 1, "mean": 0.9893887043, "median": 1, "min": 0, "var": 0.0104998880997}, "silence_rate_60dB": {"dmean": 0.0256084892899, "dmean2": 0.0512228906155, "dvar": 0.0249529592693, "dvar2": 0.0557524785399, "max": 1, "mean": 0.108765862882, "median": 0, "min": 0, "var": 0.0969461351633}, "spectral_centroid": {"dmean": 206.113967896, "dmean2": 312.996307373, "dvar": 104907.78125, "dvar2": 236419.84375, "max": 11014.0859375, "mean": 1004.55664062, "median": 804.674194336, "min": 81.3129196167, "var": 539956.8125}, "spectral_complexity": {"dmean": 3.2758102417, "dmean2": 4.93816328049, "dvar": 28.1672286987, "dvar2": 59.2297439575, "max": 50, "mean": 11.5279121399, "median": 10, "min": 0, "var": 57.5237960815}, "spectral_decrease": {"dmean": 2.66242561331e-09, "dmean2": 3.66647734396e-09, "dvar": 1.43306394147e-17, "dvar2": 3.07493970241e-17, "max": 2.1245724579e-18, "mean": -9.38117672433e-09, "median": -8.77250982967e-09, "min": -4.97729892857e-08, "var": 4.80003049472e-17}, "spectral_energy": {"dmean": 0.0107840290293, "dmean2": 0.0148344300687, "dvar": 0.000227258380619, "dvar2": 0.00048619802692, "max": 0.189391240478, "mean": 0.037332367152, "median": 0.0348330065608, "min": 1.07613806624e-20, "var": 0.00075122929411}, "spectral_energyband_high": {"dmean": 0.000862241664436, "dmean2": 0.00128687976394, "dvar": 2.8480490073e-06, "dvar2": 6.74735065331e-06, "max": 0.0140654994175, "mean": 0.000877621467225, "median": 8.06692623883e-05, "min": 7.80325354496e-21, "var": 3.13819077746e-06}, "spectral_energyband_low": {"dmean": 0.0067869531922, "dmean2": 0.00976427365094, "dvar": 0.000142162767588, "dvar2": 0.000334293348715, "max": 0.184564560652, "mean": 0.0212393030524, "median": 0.0179170500487, "min": 8.77074739522e-23, "var": 0.000421102740802}, "spectral_energyband_middle_high": {"dmean": 0.00225223600864, "dmean2": 0.0030923737213, "dvar": 2.27570690186e-05, "dvar2": 4.86573699163e-05, "max": 0.076642125845, "mean": 0.005456215702, "median": 0.00295022595674, "min": 1.62614731822e-21, "var": 5.21333313372e-05}, "spectral_energyband_middle_low": {"dmean": 0.00433152075857, "dmean2": 0.00589894782752, "dvar": 5.80364903726e-05, "dvar2": 0.000119364005513, "max": 0.109398663044, "mean": 0.0108891967684, "median": 0.00717331469059, "min": 3.96392759889e-22, "var": 0.000146710357512}, "spectral_entropy": {"dmean": 0.354387432337, "dmean2": 0.459722608328, "dvar": 0.196596771479, "dvar2": 0.373944699764, "max": 9.79789543152, "mean": 6.90963792801, "median": 6.89130210876, "min": 3.43774533272, "var": 0.873483896255}, "spectral_flux": {"dmean": 0.0301795508713, "dmean2": 0.0454453751445, "dvar": 0.00148920563515, "dvar2": 0.00320831383578, "max": 0.342051059008, "mean": 0.0661421641707, "median": 0.0523050427437, "min": 1.03737074486e-10, "var": 0.00273235933855}, "spectral_kurtosis": {"dmean": 5.05883789062, "dmean2": 7.87306690216, "dvar": 55.2669296265, "dvar2": 138.479644775, "max": 121.650024414, "mean": 11.6340322495, "median": 7.28445720673, "min": -1.16229689121, "var": 165.714599609}, "spectral_rms": {"dmean": 0.000829038908705, "dmean2": 0.00109181413427, "dvar": 1.14049282729e-06, "dvar2": 2.21020718527e-06, "max": 0.0135930841789, "mean": 0.00545612582937, "median": 0.00582952983677, "min": 3.24020194356e-12, "var": 6.65246898279e-06}, "spectral_rolloff": {"dmean": 504.285339355, "dmean2": 886.984436035, "dvar": 2086822.25, "dvar2": 5334709.5, "max": 19595.2148438, "mean": 1314.06530762, "median": 775.1953125, "min": 43.06640625, "var": 5916985.5}, "spectral_skewness": {"dmean": 0.49968290329, "dmean2": 0.744268536568, "dvar": 0.352154701948, "dvar2": 0.803917944431, "max": 8.50726890564, "mean": 2.41593766212, "median": 2.17207384109, "min": -0.00981245934963, "var": 1.18776357174}, "spectral_spread": {"dmean": 1109813.75, "dmean2": 1423906.5, "dvar": 1944490868740.0, "dvar2": 3148569378820.0, "max": 39511600, "mean": 4760466, "median": 4272545, "min": 661105.3125, "var": 6811508277250.0}, "spectral_strongpeak": {"dmean": 0.388795167208, "dmean2": 0.674669861794, "dvar": 0.789978265762, "dvar2": 1.92377650738, "max": 10.5883512497, "mean": 0.757469475269, "median": 0.46591001749, "min": 0, "var": 1.05541777611}, "zerocrossingrate": {"dmean": 0.0141782928258, "dmean2": 0.0158539880067, "dvar": 0.00034454985871, "dvar2": 0.0004489380226, "max": 0.53564453125, "mean": 0.05458246544, "median": 0.0361328125, "min": 0.00244140625, "var": 0.00425721192732}, "barkbands": {"dmean": [5.07038857904e-05, 0.00576681038365, 0.00195000425447, 0.000485599332023, 0.00201960303821, 0.00139037228655, 0.000547041418031, 0.000414733891375, 0.000469041639008, 0.000657233176753, 0.000574232311919, 0.000340353231877, 0.000607525871601, 0.000176881701918, 0.00028733315412, 0.00014458525402, 0.000155591158546, 7.95755186118e-05, 8.59541833051e-05, 8.06238749647e-05, 0.000113956906716, 0.000117689283798, 0.000108396234282, 9.50599787757e-05, 0.000142364035128, 0.000168717786437, 0.000108874395664], "dmean2": [7.47036756366e-05, 0.00818272586912, 0.00307586393319, 0.000793476123363, 0.00294082588516, 0.00184587773401, 0.000748522114009, 0.000592680356931, 0.000698271556757, 0.000911898503546, 0.000799010857008, 0.000529582554009, 0.000871408323292, 0.000277851941064, 0.000403295620345, 0.000227453841944, 0.000241757181357, 0.000126961764181, 0.000130419284687, 0.000120010488899, 0.000192021077964, 0.000182976640644, 0.000166468467796, 0.00014710391406, 0.000219568100874, 0.000260719534708, 0.000169251085026], "dvar": [6.84549794627e-09, 0.000110001761641, 1.91300223378e-05, 1.36163521347e-06, 2.61815312115e-05, 7.64321885072e-06, 1.9584022084e-06, 1.18282207495e-06, 2.30111072597e-06, 4.73662339573e-06, 5.24495908394e-06, 3.72315457753e-06, 3.40101746588e-06, 1.80136240147e-07, 5.09451012931e-07, 1.82209205946e-07, 2.6150866006e-07, 5.65263214014e-08, 4.5417255734e-08, 3.51361997275e-08, 6.79411371607e-08, 5.32665751507e-08, 7.10564691531e-08, 3.92340737676e-08, 9.0633996308e-08, 1.40319357911e-07, 1.42951151361e-07], "dvar2": [1.63600581971e-08, 0.000255929277046, 4.940483268e-05, 3.53885070581e-06, 5.44255817658e-05, 1.43753750308e-05, 3.6704248032e-06, 2.4707094326e-06, 5.45275042896e-06, 1.0423459571e-05, 1.07250098154e-05, 8.63266632223e-06, 7.80173650128e-06, 3.82832411105e-07, 8.40185975903e-07, 3.95124118313e-07, 6.10898496234e-07, 1.21608124459e-07, 8.51881125641e-08, 7.87069183161e-08, 1.83511644991e-07, 1.25781653537e-07, 1.56488482617e-07, 9.25829866105e-08, 2.25237400286e-07, 3.43482668086e-07, 3.29354207906e-07], "max": [0.000889040878974, 0.170403391123, 0.0661045461893, 0.0216590892524, 0.092352502048, 0.0567142926157, 0.0264862217009, 0.0256585590541, 0.053326446563, 0.0455188937485, 0.0506067201495, 0.0600432828069, 0.0604375787079, 0.00774248037487, 0.016113800928, 0.0101085528731, 0.0160473119467, 0.00624877214432, 0.00687225395814, 0.00243408232927, 0.00219950429164, 0.00171283062082, 0.0053991577588, 0.0018020105781, 0.00271024694666, 0.00369594432414, 0.0046141911298], "mean": [8.29532873468e-05, 0.0147175034508, 0.00568687031046, 0.00104720424861, 0.00378058804199, 0.00258925044909, 0.000862645742018, 0.000903782609385, 0.00088484963635, 0.00143725599628, 0.00104858516715, 0.000478992151329, 0.00131515972316, 0.000292428536341, 0.00065136468038, 0.000226274845772, 0.000208087672945, 9.70276450971e-05, 0.000107199251943, 0.000105337960122, 0.00011372105655, 0.000121813318401, 0.000109691667603, 9.13868716452e-05, 0.000129349238705, 0.000147607541294, 9.54980787355e-05], "median": [4.23527890234e-05, 0.00889871269464, 0.0037678135559, 0.00053989252774, 0.00144415139221, 0.000981041463092, 0.000179212278454, 0.000227214390179, 0.000232756137848, 0.00049826677423, 0.000152035892825, 5.33131824341e-05, 0.000234455161262, 5.33123820787e-05, 6.80935700075e-05, 3.79280936613e-05, 2.57844330918e-05, 1.50878422573e-05, 1.83243537322e-05, 1.37369816002e-05, 1.11981189548e-05, 8.51174172567e-06, 6.24508538749e-06, 5.28056716576e-06, 5.6373469306e-06, 3.32813397108e-06, 6.79169431805e-07], "min": [7.69637548252e-24, 5.07165365507e-23, 1.5641713889e-23, 2.29961031808e-23, 8.21268320949e-23, 9.76424260579e-23, 3.61041757025e-23, 2.77898215752e-23, 1.09968800531e-22, 6.45519766924e-23, 6.96367784499e-23, 9.56838863786e-23, 9.97008102842e-23, 8.50555066046e-23, 2.66617189263e-22, 2.49598594394e-22, 1.09039446654e-22, 2.01550831084e-22, 2.73396117146e-22, 3.48070119574e-22, 5.32254625903e-22, 5.98683125984e-22, 6.31642668615e-22, 7.86986016352e-22, 1.04417941013e-21, 1.8142932442e-21, 2.26499984734e-21], "var": [1.27470869415e-08, 0.000326572655467, 3.874988397e-05, 2.67594350589e-06, 6.09523485764e-05, 1.98701727641e-05, 3.7545212308e-06, 3.8527923607e-06, 4.15782642449e-06, 1.0204593309e-05, 1.12929701572e-05, 5.29061344423e-06, 7.28703298591e-06, 3.55848413847e-07, 1.83450197255e-06, 3.8243643985e-07, 4.27944144121e-07, 9.08763411189e-08, 7.8298022288e-08, 5.63409550125e-08, 5.94041402735e-08, 5.86041792872e-08, 8.90151383715e-08, 4.03643483082e-08, 8.56559836393e-08, 1.35459671924e-07, 1.50175722524e-07]}, "erbbands": {"dmean": [0.124880000949, 1.44155490398, 2.36067080498, 1.86004936695, 2.5763835907, 9.40093231201, 8.44436645508, 12.3013219833, 10.1444988251, 7.91464090347, 8.16786193848, 12.7279119492, 17.8366661072, 15.1778154373, 25.795375824, 17.3493862152, 30.1064395905, 10.8330602646, 15.7309932709, 9.75201511383, 6.72030067444, 6.24881124496, 5.73366785049, 4.81650066376, 3.58773732185, 3.93482470512, 4.72099971771, 4.17068862915, 4.56942892075, 4.18115711212, 2.68520092964, 2.26558017731, 1.43066191673, 1.51679956913, 1.00554513931, 0.627196192741, 0.33292734623, 0.120094530284, 0.0176499076188, 0.000797079177573], "dmean2": [0.158973187208, 2.10081458092, 3.76716351509, 2.9002468586, 4.03757095337, 13.9416399002, 11.788942337, 16.3548717499, 13.7533845901, 11.0828933716, 11.6788063049, 18.4417285919, 25.4058513641, 20.9203796387, 35.8248748779, 26.3125076294, 43.4768486023, 16.3030548096, 22.5879230499, 13.7974071503, 10.407245636, 9.67275905609, 8.73040676117, 7.48396348953, 5.55382013321, 5.78853988647, 7.84456396103, 6.6942191124, 7.19680261612, 6.39621353149, 4.19344902039, 3.51531171799, 2.22538709641, 2.33160829544, 1.5542576313, 0.995271980762, 0.516119241714, 0.185433372855, 0.027250405401, 0.00121766724624], "dvar": [0.0537646599114, 7.12233352661, 24.9566898346, 18.1561565399, 39.4410591125, 726.75, 242.249649048, 744.569824219, 623.342163086, 531.703552246, 474.052581787, 1648.97106934, 4222.35009766, 3733.33837891, 11114.0087891, 8957.875, 8761.56152344, 545.54119873, 1442.39782715, 706.058654785, 323.291564941, 340.007843018, 315.917999268, 180.872817993, 78.5359344482, 86.827041626, 124.313430786, 82.2002716064, 81.0646133423, 124.719085693, 35.9663047791, 24.0705280304, 8.67416572571, 9.84557056427, 4.4714345932, 1.95088911057, 0.585287034512, 0.123377263546, 0.00379519211128, 6.85268469169e-06], "dvar2": [0.0863173753023, 17.7436637878, 65.2378387451, 45.0517272949, 84.4941253662, 1584.08129883, 463.53036499, 1422.53881836, 1184.44628906, 1036.75537109, 1009.17675781, 3821.81811523, 9984.45410156, 7565.50683594, 23253.3515625, 20574.5800781, 20214.0996094, 1136.38024902, 2497.41308594, 1137.39111328, 741.909179688, 782.976501465, 647.01763916, 364.267669678, 171.634613037, 186.985961914, 328.358825684, 211.668045044, 189.429656982, 261.502227783, 87.6635360718, 55.951084137, 20.8990821838, 24.148349762, 11.1353988647, 4.84760904312, 1.44052708149, 0.289296627045, 0.00855374988168, 1.57241393026e-05], "max": [4.84489440918, 38.5412254333, 74.9381103516, 93.9812164307, 152.130737305, 482.841644287, 334.627807617, 545.40612793, 421.86340332, 573.694763184, 674.47869873, 1509.7590332, 1769.69421387, 1605.75073242, 2809.07177734, 3021.29858398, 3142.08959961, 380.426269531, 749.923828125, 888.253112793, 369.626464844, 629.694274902, 442.690765381, 458.878082275, 215.25453186, 160.986877441, 113.536605835, 81.648651123, 61.3341293335, 287.370269775, 56.2409248352, 48.6776809692, 26.1864414215, 28.5233860016, 21.2484779358, 12.070391655, 8.016456604, 4.36580228806, 0.739396333694, 0.0320916287601], "mean": [0.334973543882, 3.61849665642, 7.03297948837, 5.29483699799, 5.11086177826, 15.9282274246, 17.575876236, 21.9261283875, 15.0624761581, 16.8150081635, 17.8184757233, 25.8242988586, 39.7778816223, 31.5245895386, 46.3474998474, 29.2091503143, 65.066696167, 22.5576210022, 36.5710258484, 17.8245124817, 10.5552139282, 8.33339595795, 7.55187368393, 5.94006872177, 4.30877685547, 5.30624771118, 4.91498041153, 4.43601226807, 4.71658372879, 4.35467815399, 2.61518454552, 2.18600153923, 1.35061430931, 1.4092208147, 0.909852385521, 0.534634828568, 0.291044324636, 0.105781301856, 0.0157381873578, 0.00075778493192], "median": [0.154775038362, 2.22660589218, 5.05913686752, 3.35055708885, 1.99340391159, 4.40343236923, 8.81163024902, 6.79468536377, 3.33842182159, 4.42492628098, 6.45479774475, 8.70919418335, 13.0483379364, 7.7677488327, 8.33015823364, 7.63010501862, 13.1935091019, 8.28624534607, 6.53789234161, 3.64920759201, 2.2437710762, 1.34095430374, 1.05691730976, 1.03589868546, 0.801173686981, 0.742371201515, 0.593110918999, 0.41424921155, 0.309412837029, 0.257852196693, 0.169572889805, 0.113632760942, 0.0759316980839, 0.06035117805, 0.0428874269128, 0.0163749493659, 0.00550305563956, 0.00119037833065, 0.000136962640681, 5.6505210523e-05], "min": [2.34407900053e-21, 8.0164270361e-21, 1.55663306691e-20, 6.01806465869e-20, 7.03423665417e-20, 3.5016064934e-19, 5.61200893382e-19, 8.01491071064e-19, 9.06141722864e-19, 2.27494960226e-19, 8.74192802282e-19, 3.23776420893e-18, 2.07729143447e-18, 1.89198374531e-18, 4.13492823041e-18, 3.48081199998e-18, 3.77892623838e-18, 4.03101738827e-18, 9.91506410527e-18, 1.30822766322e-17, 1.28883540637e-17, 6.76213285163e-18, 7.67847774395e-18, 1.36546856161e-17, 1.43430487782e-17, 1.67775207303e-17, 1.96645878633e-17, 2.33026307677e-17, 2.15661255447e-17, 2.0423249797e-17, 1.93898762188e-17, 1.53908186078e-17, 1.42601685896e-17, 1.10057091876e-17, 7.55493501074e-18, 7.48888133011e-18, 3.32294582084e-18, 1.13395967127e-18, 3.45100552888e-19, 3.44509803759e-20], "var": [0.226458847523, 18.5594863892, 52.0030899048, 40.5573425293, 104.017799377, 1453.05822754, 676.096923828, 1839.99780273, 1171.18701172, 1483.92651367, 1344.31481934, 3152.55981445, 8234.40625, 8642.88964844, 21719.0957031, 13285.8828125, 18032.1132812, 1301.65124512, 5319.61914062, 1744.18127441, 623.559936523, 549.927062988, 558.372009277, 298.794433594, 107.769805908, 154.627410889, 120.995315552, 81.3051147461, 88.6363220215, 172.941223145, 36.0864334106, 24.8026275635, 8.70742225647, 9.67155647278, 4.22648334503, 1.74517631531, 0.562866985798, 0.128558322787, 0.00408207532018, 7.49020091462e-06]}, "gfcc": {"mean": [-67.4254074097, 102.03326416, -92.871963501, 7.05371904373, -38.7817878723, 16.9134750366, -22.7032394409, -0.840169072151, -21.8621292114, 5.07264757156, -13.1277713776, 0.385778188705, -6.77769899368], "cov": [[39596.2421875, 2147.58837891, 2010.7890625, 303.407104492, -1567.44543457, 1231.01623535, -915.921936035, 280.316650391, 223.173583984, 533.973388672, -1179.6550293, 457.196777344, -149.432556152], [2147.58837891, 4230.68945312, -26.4874973297, -475.217681885, 112.45375824, -302.870056152, 151.467193604, -202.702926636, 243.494003296, -53.7806816101, -82.6644744873, -156.16053772, 354.990509033], [2010.7890625, -26.4874973297, 1472.07287598, 440.978088379, 192.854660034, 398.421051025, 72.33228302, 259.012695312, 159.437637329, 149.525268555, -179.747924805, 14.8303041458, -26.1020736694], [303.407104492, -475.217681885, 440.978088379, 898.56451416, 284.054840088, 528.012878418, 137.762466431, 192.697845459, 106.031578064, 60.6649398804, 55.5641212463, -72.9882583618, -108.786705017], [-1567.44543457, 112.45375824, 192.854660034, 284.054840088, 649.993591309, 230.623916626, 243.550872803, 102.651771545, 94.9918289185, 15.2319507599, 95.6279449463, -72.72996521, -5.29018592834], [1231.01623535, -302.870056152, 398.421051025, 528.012878418, 230.623916626, 887.417175293, 229.212768555, 111.702598572, 58.9994888306, 56.146270752, 56.7191810608, -67.147857666, -115.261138916], [-915.921936035, 151.467193604, 72.33228302, 137.762466431, 243.550872803, 229.212768555, 315.03213501, 70.3552856445, 25.9775066376, -30.7646503448, 95.6869125366, -46.8633728027, -11.7280111313], [280.316650391, -202.702926636, 259.012695312, 192.697845459, 102.651771545, 111.702598572, 70.3552856445, 238.534988403, 114.198013306, 26.3168430328, -45.0161476135, 5.25286579132, -25.7628593445], [223.173583984, 243.494003296, 159.437637329, 106.031578064, 94.9918289185, 58.9994888306, 25.9775066376, 114.198013306, 231.917861938, 71.5545425415, -44.3464813232, -33.8111076355, 22.2941455841], [533.973388672, -53.7806816101, 149.525268555, 60.6649398804, 15.2319507599, 56.146270752, -30.7646503448, 26.3168430328, 71.5545425415, 201.297683716, 30.1941394806, 0.57275813818, -12.5052576065], [-1179.6550293, -82.6644744873, -179.747924805, 55.5641212463, 95.6279449463, 56.7191810608, 95.6869125366, -45.0161476135, -44.3464813232, 30.1941394806, 229.159042358, 12.7580499649, -32.9061431885], [457.196777344, -156.16053772, 14.8303041458, -72.9882583618, -72.72996521, -67.147857666, -46.8633728027, 5.25286579132, -33.8111076355, 0.57275813818, 12.7580499649, 145.579574585, 37.2461051941], [-149.432556152, 354.990509033, -26.1020736694, -108.786705017, -5.29018592834, -115.261138916, -11.7280111313, -25.7628593445, 22.2941455841, -12.5052576065, -32.9061431885, 37.2461051941, 142.21182251]], "icov": [[5.85178022448e-05, -9.52267218963e-05, 2.73980840575e-05, -4.11695727962e-05, 8.98429861991e-05, -0.000149543004227, 0.000100055913208, -6.98330040905e-05, 0.000115476323117, -0.000204157171538, 0.000355101423338, -0.000377828662749, 0.000295536767226], [-9.52267218963e-05, 0.000584983208682, -0.000186145320185, 0.000241256188019, -8.87685455382e-05, 0.000307166104903, -0.000467697333079, 0.000672537367791, -0.000814225815702, 0.00053965911502, -0.000690016313456, 0.00121207197662, -0.00138301029801], [2.73980840575e-05, -0.000186145320185, 0.00130867632106, -0.000429994892329, -0.000216961998376, -0.000320860708598, -0.000225840471103, -0.000637932273094, 0.000464724289486, -0.00119926512707, 0.00172731955536, -0.00111111719161, 0.000514779472724], [-4.11695727962e-05, 0.000241256188019, -0.000429994892329, 0.00242975819856, -0.000467041885713, -0.000927340530325, 0.000819637964014, -0.00107174890582, -0.000413014931837, 0.000662629143335, -0.00147569412366, 0.00141174218152, -0.000349456793629], [8.98429861991e-05, -8.87685455382e-05, -0.000216961998376, -0.000467041885713, 0.002742073033, -9.3513095635e-05, -0.00124873837922, -0.000238690248807, -0.000432576227468, -0.000107541265606, -0.000410820997786, 0.000365257874364, -0.000333477481036], [-0.000149543004227, 0.000307166104903, -0.000320860708598, -0.000927340530325, -9.3513095635e-05, 0.00267001846805, -0.00191730563529, 0.0010650656186, -0.000510805111844, 8.58293278725e-05, -0.000405169965234, 0.000734658795409, 0.000304672605125], [0.000100055913208, -0.000467697333079, -0.000225840471103, 0.000819637964014, -0.00124873837922, -0.00191730563529, 0.00763385463506, -0.00309867411852, 0.000974326627329, 0.00179458479397, -0.00305838976055, 0.00135334348306, -0.000731118954718], [-6.98330040905e-05, 0.000672537367791, -0.000637932273094, -0.00107174890582, -0.000238690248807, 0.0010650656186, -0.00309867411852, 0.00958720501512, -0.00447126338258, 0.000532971112989, 0.00203900947236, -0.00208347756416, 0.00141178630292], [0.000115476323117, -0.000814225815702, 0.000464724289486, -0.000413014931837, -0.000432576227468, -0.000510805111844, 0.000974326627329, -0.00447126338258, 0.00883544050157, -0.00328931771219, 0.00180288287811, 0.000606761837844, -0.000652673188597], [-0.000204157171538, 0.00053965911502, -0.00119926512707, 0.000662629143335, -0.000107541265606, 8.58293278725e-05, 0.00179458479397, 0.000532971112989, -0.00328931771219, 0.00830591935664, -0.00462578283623, 0.00217514624819, -0.00135874934494], [0.000355101423338, -0.000690016313456, 0.00172731955536, -0.00147569412366, -0.000410820997786, -0.000405169965234, -0.00305838976055, 0.00203900947236, 0.00180288287811, -0.00462578283623, 0.0115575334057, -0.00597611721605, 0.00460729980841], [-0.000377828662749, 0.00121207197662, -0.00111111719161, 0.00141174218152, 0.000365257874364, 0.000734658795409, 0.00135334348306, -0.00208347756416, 0.000606761837844, 0.00217514624819, -0.00597611721605, 0.0136742955074, -0.00707144988701], [0.000295536767226, -0.00138301029801, 0.000514779472724, -0.000349456793629, -0.000333477481036, 0.000304672605125, -0.000731118954718, 0.00141178630292, -0.000652673188597, -0.00135874934494, 0.00460729980841, -0.00707144988701, 0.0139527106658]]}, "melbands": {"dmean": [0.00141483626794, 0.00142508849967, 0.000310320931021, 0.000423716875957, 0.000342633808032, 0.000277722341707, 0.00014420239313, 8.69506402523e-05, 7.06878199708e-05, 7.47756857891e-05, 8.82004533196e-05, 6.01548017585e-05, 8.3128332335e-05, 5.00287715113e-05, 5.52021228941e-05, 5.31801706529e-05, 1.91494691535e-05, 2.36677151406e-05, 1.51502545123e-05, 1.46151478475e-05, 7.20344905858e-06, 6.13977499597e-06, 8.49605658004e-06, 3.78803019885e-06, 4.1431567297e-06, 2.77456842923e-06, 2.49930553764e-06, 2.74953163171e-06, 2.88587852992e-06, 3.02000239571e-06, 2.28559724746e-06, 2.72270267487e-06, 2.18074183067e-06, 2.41762813857e-06, 1.48631056618e-06, 1.39761937135e-06, 1.43257022955e-06, 1.02372553101e-06, 8.99167844182e-07, 1.46928675804e-06], "dmean2": [0.0019153925823, 0.00219145277515, 0.000483961921418, 0.000631363247521, 0.000476559012895, 0.000366507301806, 0.000195635293494, 0.000122651108541, 0.000101332669146, 0.000109675289423, 0.000125777587527, 8.33989834064e-05, 0.000115357994218, 7.44633071008e-05, 8.17591208033e-05, 7.60931216064e-05, 2.97765054711e-05, 3.43428182532e-05, 2.15207692236e-05, 2.21634527406e-05, 1.13599126053e-05, 9.64840728557e-06, 1.31404594867e-05, 5.98143833486e-06, 6.5234912654e-06, 4.17326418756e-06, 4.11284236179e-06, 3.99013651986e-06, 4.71554039905e-06, 5.16667569173e-06, 3.66611152458e-06, 4.29567080573e-06, 3.45069179275e-06, 3.71148985323e-06, 2.3476163733e-06, 2.21734649131e-06, 2.24103564506e-06, 1.61708669566e-06, 1.3829863974e-06, 2.29042075262e-06], "dvar": [6.68055827191e-06, 7.39122606319e-06, 4.92610354286e-07, 1.36219534852e-06, 4.85907719394e-07, 3.48210704715e-07, 1.25745572177e-07, 6.17710895767e-08, 3.52371749557e-08, 5.57082913133e-08, 1.04577566162e-07, 6.81983465256e-08, 1.12536810093e-07, 5.26451522376e-08, 3.54597666785e-08, 2.44924365234e-08, 2.20990403754e-09, 2.9853925998e-09, 1.31301103323e-09, 1.90522886356e-09, 4.69970062866e-10, 3.29883759198e-10, 9.73469860277e-10, 1.06215751472e-10, 1.50266077359e-10, 4.37674792242e-11, 3.92011700878e-11, 5.19211236505e-11, 4.85644371939e-11, 4.98566014862e-11, 2.51777713262e-11, 2.92666169077e-11, 2.01088659613e-11, 4.79644449158e-11, 1.18211924624e-11, 9.3927730177e-12, 1.00781778756e-11, 4.74776511508e-12, 3.29984715768e-12, 9.88350287029e-12], "dvar2": [1.37701226777e-05, 1.92776915355e-05, 1.22235678646e-06, 2.86123076876e-06, 9.69653683569e-07, 6.63424600589e-07, 2.37414923276e-07, 1.23673203234e-07, 7.86722935686e-08, 1.28793644194e-07, 2.47030612854e-07, 1.37404654765e-07, 2.31778685134e-07, 1.18548364014e-07, 8.40460643303e-08, 5.32498916073e-08, 4.57181981162e-09, 5.24998533535e-09, 2.17214024545e-09, 3.75287800836e-09, 1.17330067884e-09, 8.14829370643e-10, 2.09625272696e-09, 2.28493182708e-10, 3.04922226357e-10, 8.91396262359e-11, 9.98809229769e-11, 1.03944831908e-10, 1.22214807718e-10, 1.35910324661e-10, 6.45965850254e-11, 6.88860912756e-11, 4.74324086952e-11, 1.01034659805e-10, 2.97289623474e-11, 2.15446618879e-11, 2.40182474603e-11, 1.16434873895e-11, 7.86207470654e-12, 2.48667354069e-11], "max": [0.0485190562904, 0.0339686758816, 0.0157054662704, 0.0248879119754, 0.0129719832912, 0.0105483680964, 0.00627349410206, 0.00584073550999, 0.0049642464146, 0.00821197777987, 0.00882534589618, 0.00696524605155, 0.00748150376603, 0.00597512442619, 0.00475266203284, 0.00475660664961, 0.000830269185826, 0.00104835722595, 0.000924995809328, 0.000899432925507, 0.000656790740322, 0.000462361524114, 0.00109681626782, 0.000240221241256, 0.000414516020101, 0.00018514203839, 9.61752521107e-05, 0.000144639401697, 9.4502371212e-05, 6.46974222036e-05, 4.56321395177e-05, 3.98261727241e-05, 6.23171290499e-05, 0.000182870746357, 4.2494655645e-05, 3.28138121404e-05, 3.2378724427e-05, 1.99262085516e-05, 1.57351569214e-05, 2.85809364868e-05], "mean": [0.00370164844207, 0.00421919720247, 0.000888606475201, 0.000747344398405, 0.000693278794643, 0.000496119377203, 0.000212838029256, 0.00018730625743, 0.000151562897372, 0.000149085026351, 0.000193428058992, 0.000121098310046, 0.000151739222929, 7.78021058068e-05, 0.00010784004553, 0.000114749243949, 3.48610155925e-05, 5.3281266446e-05, 3.30599104927e-05, 2.32520269492e-05, 1.04234168248e-05, 8.084079127e-06, 1.06493216663e-05, 4.57444093627e-06, 4.91222181154e-06, 3.33816092279e-06, 2.65374615083e-06, 3.84420263799e-06, 3.06610309053e-06, 2.81028474092e-06, 2.45380124397e-06, 2.71840826827e-06, 2.27957002608e-06, 2.45619662564e-06, 1.43945476339e-06, 1.35280697577e-06, 1.34268691454e-06, 9.39798383115e-07, 8.60285126691e-07, 1.33649973577e-06], "median": [0.00199744920246, 0.00355114950798, 0.000595539982896, 0.000242554408032, 0.000322977895848, 0.000159435498063, 4.21014847234e-05, 4.90467209602e-05, 6.13269221503e-05, 5.03840492456e-05, 5.96554236836e-05, 2.10492326005e-05, 2.33656210185e-05, 1.26453942357e-05, 2.31465801335e-05, 1.77112360689e-05, 7.07862182026e-06, 1.02736757981e-05, 4.29993178841e-06, 3.31640512741e-06, 1.88639228327e-06, 1.17889590001e-06, 9.05292949938e-07, 8.05956176464e-07, 7.11479344773e-07, 5.49362994207e-07, 4.13226558749e-07, 4.51161440651e-07, 3.23054109685e-07, 2.63647081056e-07, 2.0547312829e-07, 1.54880183345e-07, 1.64299365224e-07, 1.26489965169e-07, 8.9384187163e-08, 6.84011354224e-08, 6.61158736648e-08, 5.13368831889e-08, 4.27387902846e-08, 5.29826209572e-08], "min": [1.70728369443e-23, 8.64197752758e-24, 9.39494447276e-24, 1.39145755122e-23, 1.93625088771e-23, 1.95914946875e-23, 1.21874032144e-23, 3.02942900773e-24, 7.42411039628e-24, 2.02014356285e-23, 9.25878313621e-24, 7.07446357725e-24, 1.31026483141e-23, 1.13163414252e-23, 9.39790822318e-24, 8.6101138579e-24, 6.42339931724e-24, 1.33260032354e-23, 2.2612874553e-23, 1.53020019842e-23, 1.55442990335e-23, 6.96757055801e-24, 6.36211705224e-24, 8.43953057575e-24, 1.06535838799e-23, 1.31597066234e-23, 7.53266870089e-24, 1.22735578693e-23, 1.1962268623e-23, 1.22385679439e-23, 1.27994575138e-23, 1.21122989231e-23, 1.12419968069e-23, 1.08961649192e-23, 1.13188129264e-23, 1.02198216115e-23, 8.29886405458e-24, 9.14583718724e-24, 1.09074834955e-23, 8.9411609145e-24], "var": [2.3555894586e-05, 1.62314736372e-05, 1.02774515653e-06, 3.27749307871e-06, 1.17691058676e-06, 8.58361318024e-07, 2.38117564777e-07, 1.86280985304e-07, 8.64621227947e-08, 1.06989574533e-07, 2.03328283988e-07, 1.60730664334e-07, 2.34496170037e-07, 8.37692155642e-08, 6.25493044026e-08, 5.77420209424e-08, 4.83028816944e-09, 1.06848645487e-08, 4.47763337519e-09, 4.17193257718e-09, 7.50084883094e-10, 5.15714138061e-10, 1.54691315313e-09, 1.6808700265e-10, 2.43418923906e-10, 6.35546337779e-11, 3.95782816243e-11, 1.06053513194e-10, 5.65254440477e-11, 4.23874164934e-11, 2.50570189597e-11, 3.1333761974e-11, 2.25729764741e-11, 6.63104016141e-11, 1.14455684513e-11, 9.73604964011e-12, 9.91964062974e-12, 4.54844929082e-12, 3.3941621215e-12, 9.19956645584e-12]}, "mfcc": {"mean": [-711.71685791, 146.016708374, 11.4347839355, 8.03646183014, 3.7730178833, 15.2180690765, 5.65794372559, 1.33658754826, 1.77209925652, 1.92014622688, 1.19999539852, -3.46568799019, -2.22453570366], "cov": [[18479.8515625, 417.462341309, 1200.21069336, 990.793518066, 590.067687988, 660.198303223, 50.2307891846, 184.865570068, 573.803283691, 180.450073242, 251.2762146, 187.323471069, 125.699432373], [417.462341309, 3435.51831055, -42.2238082886, 182.921234131, 48.0151405334, 70.1647033691, 50.348033905, -32.2359161377, 187.351806641, 47.4665107727, -21.4693756104, -10.1943483353, -89.1185531616], [1200.21069336, -42.2238082886, 869.012207031, 255.834381104, 237.037597656, 289.845336914, 133.577423096, 140.193481445, 192.727432251, 107.891517639, 128.324188232, 49.6475639343, 23.5583724976], [990.793518066, 182.921234131, 255.834381104, 457.254425049, 236.916824341, 134.639465332, 82.7392959595, 112.370254517, 181.486862183, 103.227272034, 75.6345214844, 59.9480743408, 18.2799091339], [590.067687988, 48.0151405334, 237.037597656, 236.916824341, 375.21484375, 265.22833252, 139.277191162, 148.909561157, 165.530029297, 129.516204834, 100.777954102, 43.6478271484, 41.0965957642], [660.198303223, 70.1647033691, 289.845336914, 134.639465332, 265.22833252, 521.991027832, 304.802246094, 163.763076782, 106.21711731, 153.963058472, 147.253540039, 53.3717842102, 29.1027965546], [50.2307891846, 50.348033905, 133.577423096, 82.7392959595, 139.277191162, 304.802246094, 368.453887939, 181.931152344, 28.1545028687, 78.1321334839, 85.0422363281, 66.2135391235, 7.34049940109], [184.865570068, -32.2359161377, 140.193481445, 112.370254517, 148.909561157, 163.763076782, 181.931152344, 284.570587158, 131.168609619, 61.1702613831, 47.2149353027, 30.2727489471, 18.8398170471], [573.803283691, 187.351806641, 192.727432251, 181.486862183, 165.530029297, 106.21711731, 28.1545028687, 131.168609619, 294.885925293, 125.042610168, 45.9448356628, 0.875386834145, 1.49780321121], [180.450073242, 47.4665107727, 107.891517639, 103.227272034, 129.516204834, 153.963058472, 78.1321334839, 61.1702613831, 125.042610168, 213.069152832, 114.206443787, 9.79001522064, -2.30149126053], [251.2762146, -21.4693756104, 128.324188232, 75.6345214844, 100.777954102, 147.253540039, 85.0422363281, 47.2149353027, 45.9448356628, 114.206443787, 188.767913818, 90.707611084, -5.03895807266], [187.323471069, -10.1943483353, 49.6475639343, 59.9480743408, 43.6478271484, 53.3717842102, 66.2135391235, 30.2727489471, 0.875386834145, 9.79001522064, 90.707611084, 175.986251831, 53.9752388], [125.699432373, -89.1185531616, 23.5583724976, 18.2799091339, 41.0965957642, 29.1027965546, 7.34049940109, 18.8398170471, 1.49780321121, -2.30149126053, -5.03895807266, 53.9752388, 149.988800049]], "icov": [[6.76492054481e-05, 2.18457060441e-07, -3.83706719731e-05, -0.000123216028442, 4.65966004413e-05, -0.000128331943415, 0.000102652884379, 2.63707643171e-05, -6.85290942783e-05, 9.42621627473e-05, -2.30341865972e-05, -2.103163024e-05, -2.27980435739e-05], [2.18457060441e-07, 0.000329408154357, 9.21007085708e-05, -0.000130844622618, 7.44664066588e-05, -9.390876221e-05, -0.000146266887896, 0.000273224082775, -0.000363714585546, 8.49792631925e-05, 0.000140917472891, -8.37007246446e-05, 0.000207469303859], [-3.83706719731e-05, 9.21007085708e-05, 0.00177042710129, -0.000523474649526, 2.12618579098e-05, -0.000736968300771, 9.43101767916e-05, 3.11484836857e-05, -0.000766215962358, 0.000727122533135, -0.000838011153974, 0.000337447359925, -0.000129534499138], [-0.000123216028442, -0.000130844622618, -0.000523474649526, 0.00422638421878, -0.00215207482688, 0.00111479777843, -0.00060087145539, 9.38357479754e-05, -0.000930574489757, -0.000596170080826, 0.0004532742023, -0.00107725174166, 0.000386659114156], [4.65966004413e-05, 7.44664066588e-05, 2.12618579098e-05, -0.00215207482688, 0.00664909090847, -0.00254523544572, 0.000809454941191, -0.00103419797961, -0.00102508068085, -0.000301212799968, -0.000660051300656, 0.000386320520192, -0.00112912978511], [-0.000128331943415, -9.390876221e-05, -0.000736968300771, 0.00111479777843, -0.00254523544572, 0.00657921517268, -0.00449297530577, 0.000897873949725, -0.000173786203959, -0.000736790127121, -0.00205059931614, 0.00156157196034, -0.0010808610823], [0.000102652884379, -0.000146266887896, 9.43101767916e-05, -0.00060087145539, 0.000809454941191, -0.00449297530577, 0.0083963656798, -0.00419208128005, 0.00272398092784, -0.00135816587135, 0.00179618108086, -0.00256629101932, 0.00158692966215], [2.63707643171e-05, 0.000273224082775, 3.11484836857e-05, 9.38357479754e-05, -0.00103419797961, 0.000897873949725, -0.00419208128005, 0.0075751831755, -0.00360284489579, 0.0016476304736, -0.000702102319337, 0.000718719675206, -0.000734247209039], [-6.85290942783e-05, -0.000363714585546, -0.000766215962358, -0.000930574489757, -0.00102508068085, -0.000173786203959, 0.00272398092784, -0.00360284489579, 0.00825604051352, -0.00424065208063, 0.00224231393076, -0.000752388557885, 0.000907481415197], [9.42621627473e-05, 8.49792631925e-05, 0.000727122533135, -0.000596170080826, -0.000301212799968, -0.000736790127121, -0.00135816587135, 0.0016476304736, -0.00424065208063, 0.011465058662, -0.00731654418632, 0.00403151288629, -0.00146336632315], [-2.30341865972e-05, 0.000140917472891, -0.000838011153974, 0.0004532742023, -0.000660051300656, -0.00205059931614, 0.00179618108086, -0.000702102319337, 0.00224231393076, -0.00731654418632, 0.0150047140196, -0.00824904255569, 0.00409638183191], [-2.103163024e-05, -8.37007246446e-05, 0.000337447359925, -0.00107725174166, 0.000386320520192, 0.00156157196034, -0.00256629101932, 0.000718719675206, -0.000752388557885, 0.00403151288629, -0.00824904255569, 0.0117345703766, -0.00475792819634], [-2.27980435739e-05, 0.000207469303859, -0.000129534499138, 0.000386659114156, -0.00112912978511, -0.0010808610823, 0.00158692966215, -0.000734247209039, 0.000907481415197, -0.00146336632315, 0.00409638183191, -0.00475792819634, 0.0091347284615]]}, "spectral_contrast_coeffs": {"dmean": [0.0438051447272, 0.0464909747243, 0.0418563634157, 0.0369062200189, 0.0233324524015, 0.0184612032026], "dmean2": [0.0696440413594, 0.0725439488888, 0.0639976635575, 0.056376490742, 0.0367978811264, 0.0297853071243], "dvar": [0.00166293012444, 0.00202169921249, 0.00157347961795, 0.00129496864974, 0.000500342634041, 0.000352780480171], "dvar2": [0.00384271866642, 0.00484919268638, 0.0035379352048, 0.00276079913601, 0.00106388691347, 0.000844406429678], "max": [-0.244844928384, -0.377563893795, -0.426110565662, -0.455927163363, -0.512235879898, -0.589753031731], "mean": [-0.634358227253, -0.67412686348, -0.683831274509, -0.711487650871, -0.802246809006, -0.790883362293], "median": [-0.640291571617, -0.66749894619, -0.677572548389, -0.713932991028, -0.81645488739, -0.789965510368], "min": [-0.971998155117, -0.987330555916, -0.980006694794, -0.99593514204, -0.961342513561, -0.962519943714], "var": [0.0108743794262, 0.00969137437642, 0.00845842435956, 0.00740685826167, 0.00377780385315, 0.00163168169092]}, "spectral_contrast_valleys": {"dmean": [0.425032109022, 0.47348061204, 0.455594152212, 0.480778664351, 0.515331864357, 0.671185433865], "dmean2": [0.637734591961, 0.721970617771, 0.675803601742, 0.666575610638, 0.673817694187, 0.793215692043], "dvar": [0.268477410078, 0.283390104771, 0.267430186272, 0.313030421734, 0.420724391937, 0.653581380844], "dvar2": [0.457323044538, 0.587272047997, 0.51450407505, 0.594766318798, 0.789726138115, 1.17122936249], "max": [-5.21247434616, -5.00568628311, -5.36598205566, -5.97222471237, -5.91520452499, -7.6769728