{"lowlevel": {"average_loudness": 0.781023204327, "barkbands_crest": {"dmean": 1.59129953384, "dmean2": 2.40526771545, "dvar": 2.46337580681, "dvar2": 6.11501789093, "max": 25.1633358002, "mean": 12.9012937546, "median": 12.1771287918, "min": 3.51044583321, "var": 16.2630672455}, "barkbands_flatness_db": {"dmean": 0.0258312877268, "dmean2": 0.034369520843, "dvar": 0.000825849594548, "dvar2": 0.00147432903759, "max": 0.532785415649, "mean": 0.312797576189, "median": 0.318413347006, "min": 0.0274155773222, "var": 0.00845278985798}, "barkbands_kurtosis": {"dmean": 5.279276371, "dmean2": 7.22015476227, "dvar": 50.5527915955, "dvar2": 106.787689209, "max": 116.688697815, "mean": 16.5176105499, "median": 11.151922226, "min": -1.69553685188, "var": 259.96685791}, "barkbands_skewness": {"dmean": 0.493266224861, "dmean2": 0.65526342392, "dvar": 0.296119213104, "dvar2": 0.620155632496, "max": 8.3324174881, "mean": 2.58018803596, "median": 2.30152392387, "min": -2.07796573639, "var": 2.62863230705}, "barkbands_spread": {"dmean": 0.994382321835, "dmean2": 1.35531330109, "dvar": 5.07255887985, "dvar2": 7.95934247971, "max": 79.4058990479, "mean": 4.44499111176, "median": 3.02209615707, "min": 0.265610456467, "var": 47.4547348022}, "dissonance": {"dmean": 0.0335482917726, "dmean2": 0.0543475523591, "dvar": 0.000913138850592, "dvar2": 0.00219645677134, "max": 0.496416330338, "mean": 0.381034433842, "median": 0.382556051016, "min": 0.179185077548, "var": 0.00297163543291}, "dynamic_complexity": 5.84985160828, "erbbands_crest": {"dmean": 1.94111609459, "dmean2": 2.92702865601, "dvar": 3.68312358856, "dvar2": 8.2554807663, "max": 25.2322673798, "mean": 12.4045944214, "median": 11.8475780487, "min": 2.02130842209, "var": 15.9109830856}, "erbbands_flatness_db": {"dmean": 0.0229949373752, "dmean2": 0.030216762796, "dvar": 0.000677923671901, "dvar2": 0.00123817042913, "max": 0.49665299058, "mean": 0.294442504644, "median": 0.299775004387, "min": 0.0675151497126, "var": 0.00717672239989}, "erbbands_kurtosis": {"dmean": 2.77535676956, "dmean2": 4.080037117, "dvar": 11.2411642075, "dvar2": 26.0051994324, "max": 38.8834571838, "mean": 7.09613084793, "median": 5.78130626678, "min": -1.61400938034, "var": 37.9789848328}, "erbbands_skewness": {"dmean": 0.40655785799, "dmean2": 0.564882040024, "dvar": 0.159108504653, "dvar2": 0.379968702793, "max": 5.49978971481, "mean": 2.00438475609, "median": 1.96455264091, "min": -0.735204935074, "var": 0.794944226742}, "erbbands_spread": {"dmean": 3.15770554543, "dmean2": 4.60301303864, "dvar": 25.2885398865, "dvar2": 52.277557373, "max": 93.313621521, "mean": 13.4124851227, "median": 9.87042713165, "min": 1.32285940647, "var": 137.518310547}, "hfc": {"dmean": 1.99116134644, "dmean2": 2.73210787773, "dvar": 17.286441803, "dvar2": 39.5014190674, "max": 77.766960144, "mean": 7.22673463821, "median": 5.7022819519, "min": 2.99906481871e-08, "var": 50.2032737732}, "melbands_crest": {"dmean": 1.84482133389, "dmean2": 2.75976705551, "dvar": 4.00885915756, "dvar2": 9.91800308228, "max": 31.1293334961, "mean": 14.786567688, "median": 14.4696025848, "min": 4.92638683319, "var": 21.0813903809}, "melbands_flatness_db": {"dmean": 0.0273688454181, "dmean2": 0.0348302163184, "dvar": 0.000994124216959, "dvar2": 0.00177129311487, "max": 0.625266492367, "mean": 0.388408541679, "median": 0.39015313983, "min": 0.0168969128281, "var": 0.00892883166671}, "melbands_kurtosis": {"dmean": 5.84463977814, "dmean2": 8.04957962036, "dvar": 71.9512176514, "dvar2": 149.565505981, "max": 143.223510742, "mean": 18.6116390228, "median": 11.8193769455, "min": -1.37402260303, "var": 378.260620117}, "melbands_skewness": {"dmean": 0.478325784206, "dmean2": 0.678099513054, "dvar": 0.305866926908, "dvar2": 0.661205768585, "max": 8.36122989655, "mean": 2.45849704742, "median": 2.14327812195, "min": -0.332613825798, "var": 2.41467261314}, "melbands_spread": {"dmean": 1.03088033199, "dmean2": 1.33753049374, "dvar": 20.0824317932, "dvar2": 20.3209896088, "max": 171.693695068, "mean": 4.68190765381, "median": 3.8056871891, "min": 0.641428351402, "var": 38.3728027344}, "pitch_salience": {"dmean": 0.0493160299957, "dmean2": 0.0769096538424, "dvar": 0.0023428266868, "dvar2": 0.00641167489812, "max": 0.8232858181, "mean": 0.583262085915, "median": 0.591413736343, "min": 0.1767218858, "var": 0.0118524748832}, "silence_rate_20dB": {"dmean": 0, "dmean2": 0, "dvar": 0, "dvar2": 0, "max": 1, "mean": 1, "median": 1, "min": 1, "var": 0}, "silence_rate_30dB": {"dmean": 0.00618238002062, "dmean2": 0.0123743228614, "dvar": 0.00614413060248, "dvar2": 0.0168615169823, "max": 1, "mean": 0.996138989925, "median": 1, "min": 0, "var": 0.00384607026353}, "silence_rate_60dB": {"dmean": 0.0185471400619, "dmean2": 0.0371229685843, "dvar": 0.0182032156736, "dvar2": 0.0388388670981, "max": 1, "mean": 0.183011576533, "median": 0, "min": 0, "var": 0.149518013}, "spectral_centroid": {"dmean": 50.5184936523, "dmean2": 70.1183853149, "dvar": 98279.3515625, "dvar2": 104737.023438, "max": 11288.9101562, "mean": 436.268981934, "median": 389.583770752, "min": 262.91116333, "var": 123277.976562}, "spectral_complexity": {"dmean": 1.38021636009, "dmean2": 2.23511219025, "dvar": 4.65292835236, "dvar2": 10.8001480103, "max": 36, "mean": 8.34285736084, "median": 8, "min": 0, "var": 19.9009990692}, "spectral_decrease": {"dmean": 1.31020316818e-09, "dmean2": 1.90694704472e-09, "dvar": 8.10536663294e-18, "dvar2": 1.9034956179e-17, "max": 2.32250747917e-20, "mean": -5.43579581347e-09, "median": -4.58592364083e-09, "min": -4.98216152778e-08, "var": 2.6804582609e-17}, "spectral_energy": {"dmean": 0.00511946901679, "dmean2": 0.00743195740506, "dvar": 0.000123422287288, "dvar2": 0.000289642252028, "max": 0.195091605186, "mean": 0.021171387285, "median": 0.0178181920201, "min": 2.63258078531e-12, "var": 0.000406516919611}, "spectral_energyband_high": {"dmean": 2.26367901632e-05, "dmean2": 3.18356724165e-05, "dvar": 8.2344149277e-09, "dvar2": 1.59582800308e-08, "max": 0.00229959539138, "mean": 3.7903937482e-05, "median": 7.08309289621e-06, "min": 1.84957626471e-12, "var": 1.62327573605e-08}, "spectral_energyband_low": {"dmean": 0.00032169467886, "dmean2": 0.000510319776367, "dvar": 1.33993103191e-06, "dvar2": 3.39937810168e-06, "max": 0.021725544706, "mean": 0.00287811900489, "median": 1.00623965409e-05, "min": 6.30050753323e-14, "var": 1.25789447338e-05}, "spectral_energyband_middle_high": {"dmean": 0.000252118799835, "dmean2": 0.00034572739969, "dvar": 3.54407688974e-07, "dvar2": 7.79622780556e-07, "max": 0.012186223641, "mean": 0.000639723031782, "median": 0.000415570917539, "min": 3.21588160832e-13, "var": 7.51910988583e-07}, "spectral_energyband_middle_low": {"dmean": 0.00498919701204, "dmean2": 0.00727401021868, "dvar": 0.000115636001283, "dvar2": 0.000274045363767, "max": 0.175161361694, "mean": 0.0180930234492, "median": 0.0139813320711, "min": 5.4597172188e-14, "var": 0.000336394849}, "spectral_entropy": {"dmean": 0.216725200415, "dmean2": 0.290491819382, "dvar": 0.0817652121186, "dvar2": 0.139390289783, "max": 9.80494594574, "mean": 5.90081119537, "median": 5.77599477768, "min": 4.29984664917, "var": 0.590373158455}, "spectral_flux": {"dmean": 0.0142432851717, "dmean2": 0.020894607529, "dvar": 0.000525661511347, "dvar2": 0.00112047907896, "max": 0.332867383957, "mean": 0.0384345501661, "median": 0.0284092910588, "min": 1.56996284204e-05, "var": 0.00130514253397}, "spectral_kurtosis": {"dmean": 14.7493038177, "dmean2": 24.3323764801, "dvar": 409.636779785, "dvar2": 1006.05541992, "max": 265.54788208, "mean": 39.1738204956, "median": 23.4620513916, "min": -1.18955647945, "var": 2039.01318359}, "spectral_rms": {"dmean": 0.000448353821412, "dmean2": 0.000611272174865, "dvar": 5.01183649249e-07, "dvar2": 1.05120773242e-06, "max": 0.0137961329892, "mean": 0.00397984869778, "median": 0.00416936445981, "min": 5.0679101804e-08, "var": 4.81585948364e-06}, "spectral_rolloff": {"dmean": 74.4674453735, "dmean2": 105.434066772, "dvar": 194561.484375, "dvar2": 190145.359375, "max": 19552.1484375, "mean": 527.171508789, "median": 409.130859375, "min": 215.33203125, "var": 982316.0625}, "spectral_skewness": {"dmean": 0.849371910095, "dmean2": 1.36849832535, "dvar": 0.977745354176, "dvar2": 2.2838537693, "max": 13.7803945541, "mean": 4.3283457756, "median": 3.68252372742, "min": -0.026733065024, "var": 5.80080795288}, "spectral_spread": {"dmean": 497899.625, "dmean2": 699968.125, "dvar": 1154326069250.0, "dvar2": 1276423045120.0, "max": 39933476, "mean": 2524930.5, "median": 1984242.75, "min": 338542.34375, "var": 3947544182780.0}, "spectral_strongpeak": {"dmean": 0.239679351449, "dmean2": 0.368968009949, "dvar": 0.112028263509, "dvar2": 0.257053226233, "max": 4.74762868881, "mean": 0.946812391281, "median": 0.869825422764, "min": 0, "var": 0.490106642246}, "zerocrossingrate": {"dmean": 0.00328854029067, "dmean2": 0.00390020781197, "dvar": 4.95911153848e-05, "dvar2": 5.06849755766e-05, "max": 0.4794921875, "mean": 0.0236207470298, "median": 0.01904296875, "min": 0.0068359375, "var": 0.000742663862184}, "barkbands": {"dmean": [3.19687978845e-06, 0.000181967756362, 0.000171170438989, 0.000192935505765, 0.00242932583205, 0.00185402634088, 0.00158888217993, 0.000289136281935, 9.76459050435e-05, 0.000152596563566, 8.17033724161e-05, 2.37766416831e-05, 3.84536542697e-05, 2.04899806704e-05, 2.55607828876e-05, 1.31739088829e-05, 2.78106945188e-05, 1.40236161315e-05, 1.1609199646e-05, 1.21031353046e-05, 6.64813478579e-06, 4.34879802924e-06, 2.72417014457e-06, 2.84581483356e-06, 1.93416917682e-06, 1.47154355545e-06, 2.85746750706e-07], "dmean2": [5.54571715838e-06, 0.000281204091152, 0.000280461506918, 0.000310676958179, 0.00385825755075, 0.00272162538022, 0.00238436460495, 0.000373951741494, 0.000136280112201, 0.000194359774468, 0.00011755804735, 3.82946018362e-05, 6.13419033471e-05, 3.34598771587e-05, 4.05109894928e-05, 2.17915530811e-05, 3.81448444386e-05, 2.24962914217e-05, 1.86601901078e-05, 2.07868288271e-05, 9.55645555223e-06, 5.89259843764e-06, 3.79177458854e-06, 4.1944399527e-06, 2.7649691674e-06, 2.1021971861e-06, 4.23624015866e-07], "dvar": [6.15414330607e-10, 2.65875513605e-07, 6.03243506703e-07, 6.15980070506e-07, 4.90926831844e-05, 9.80218919722e-06, 2.36035320995e-05, 2.02975712682e-07, 2.60903021854e-07, 8.46889847139e-08, 3.26110054516e-08, 3.75245479134e-09, 1.25884929147e-08, 3.90061627442e-09, 6.43900088804e-09, 2.37714914419e-09, 4.74178696308e-09, 1.76782044559e-09, 1.07768827196e-09, 2.00640970505e-09, 7.18790860166e-10, 6.57041643315e-10, 1.47166043241e-10, 7.78950029479e-11, 6.98972893454e-11, 8.23375187475e-11, 3.2890719228e-12], "dvar2": [1.76248959871e-09, 6.90039655638e-07, 1.67325356415e-06, 1.60803858762e-06, 0.000123831749079, 2.13815637835e-05, 6.18593912804e-05, 3.87728761098e-07, 7.50317269649e-07, 1.86475872965e-07, 6.59743122355e-08, 9.60507939851e-09, 3.29111635722e-08, 1.05955280105e-08, 1.61773172636e-08, 6.51934106699e-09, 1.044027087e-08, 4.44812364719e-09, 2.90034218864e-09, 5.65822544374e-09, 1.63508562245e-09, 1.14444675958e-09, 2.4925986275e-10, 1.52331952608e-10, 1.50489079531e-10, 1.94142438237e-10, 6.00530129097e-12], "max": [0.000588168099057, 0.00855737365782, 0.0140350349247, 0.0154302157462, 0.12273837626, 0.0565027073026, 0.0672636255622, 0.0063433307223, 0.01316679921, 0.00474409898743, 0.0025917487219, 0.000885471585207, 0.00183152582031, 0.0010510138236, 0.000931371410843, 0.000806503929198, 0.00120608939324, 0.000702181248926, 0.000499192799907, 0.000828200834803, 0.000676237978041, 0.000636091746856, 0.00029668645584, 0.000169560924405, 0.000131650667754, 0.000175073277205, 5.26582007296e-05], "mean": [1.67356865859e-05, 0.0015931421658, 0.000896036042832, 0.000712768756784, 0.0070417560637, 0.00646412884817, 0.00276617868803, 0.000700622447766, 0.000192808307474, 0.00031671335455, 0.000162344134878, 3.56584023393e-05, 6.39904828859e-05, 3.00536830764e-05, 3.18745187542e-05, 1.60135205078e-05, 5.20887806488e-05, 1.86851812032e-05, 1.5022757907e-05, 1.50364076035e-05, 1.09644488475e-05, 6.35188962406e-06, 4.28103930972e-06, 3.61764659829e-06, 2.56514204011e-06, 1.68205326645e-06, 3.14611071417e-07], "median": [1.19747207705e-08, 1.11689026028e-07, 2.67743985205e-06, 4.09563654102e-05, 0.00368127319962, 0.0049121924676, 0.00118371262215, 0.000321084429743, 8.98317375686e-05, 0.000191954371985, 0.000106117055111, 1.47932641994e-05, 1.85640838026e-05, 5.37315008842e-06, 5.14743123858e-06, 2.32239403886e-06, 1.04114169517e-05, 2.65317385129e-06, 2.50374364441e-06, 2.22914241021e-06, 2.13504654312e-06, 5.55700012228e-07, 1.63603630199e-07, 1.59464136118e-07, 5.82194950027e-08, 2.47754403659e-08, 3.77092401749e-09], "min": [1.32276637628e-14, 2.47958798676e-14, 8.68774250131e-15, 2.91215517683e-15, 6.34783558386e-15, 1.29144724835e-14, 9.76759600665e-15, 1.46531448271e-14, 7.67071766484e-15, 7.67993592441e-15, 1.43326512768e-14, 2.54509327974e-14, 1.66687715334e-14, 2.47849230729e-15, 2.12042585774e-14, 4.90508377188e-14, 4.94976577629e-14, 3.46272252679e-14, 3.645296074e-14, 1.50616688175e-13, 4.42447151779e-14, 1.11228131469e-13, 1.32373346767e-13, 2.59721308045e-13, 3.13882058366e-13, 2.74118916585e-13, 6.94914178284e-13], "var": [1.84040271911e-09, 4.28961266152e-06, 2.16047556023e-06, 1.63359209182e-06, 0.00012732410687, 4.20738979301e-05, 2.92143649858e-05, 8.90480407634e-07, 2.31008399965e-07, 1.81117883358e-07, 5.41661222542e-08, 5.09937336801e-09, 1.62238382728e-08, 5.14794207263e-09, 8.08492650606e-09, 2.70754929588e-09, 1.24053283201e-08, 2.50093501464e-09, 1.40748013244e-09, 2.23713070291e-09, 1.21776810857e-09, 1.16157472529e-09, 3.20777598928e-10, 1.35498015585e-10, 1.00081672116e-10, 8.1147762121e-11, 5.57090181277e-12]}, "erbbands": {"dmean": [0.00362994195893, 0.0472516752779, 0.159966751933, 0.454939544201, 1.86235427856, 7.74032783508, 20.7298564911, 14.5837306976, 24.4399261475, 14.7146606445, 3.73223233223, 2.63712620735, 5.14713335037, 2.25312638283, 3.30063343048, 1.21167874336, 1.86526119709, 1.11768352985, 1.04847443104, 1.10194003582, 0.941123127937, 1.55203127861, 0.81792140007, 0.489506572485, 0.696887910366, 0.604949831963, 0.33940833807, 0.217299535871, 0.165153875947, 0.106427751482, 0.0766575112939, 0.0690478309989, 0.0419249720871, 0.0231365785003, 0.0134971225634, 0.00704987812787, 0.00254407781176, 0.000553586753085, 4.85964701511e-05, 6.69920473229e-06], "dmean2": [0.00581616256386, 0.0727014988661, 0.263337254524, 0.719126284122, 3.08701491356, 12.3550949097, 32.5192642212, 22.1234970093, 34.0620498657, 22.67370224, 4.68799257278, 3.48929858208, 6.77881145477, 3.03330659866, 4.68888759613, 1.9428268671, 2.97465205193, 1.77577412128, 1.59120714664, 1.7775490284, 1.51427829266, 2.02375483513, 1.27952194214, 0.776305377483, 1.14295721054, 1.02466201782, 0.521381258965, 0.314554721117, 0.230642154813, 0.150273814797, 0.109250284731, 0.101446956396, 0.0645442306995, 0.0339930765331, 0.0189160387963, 0.0100772734731, 0.00374173489399, 0.000787396449596, 6.9417321356e-05, 9.49415789364e-06], "dvar": [0.000150098494487, 0.016982967034, 0.390826225281, 4.05532693863, 196.647476196, 556.274536133, 2110.24536133, 581.949951172, 4086.75048828, 1291.69396973, 34.8216629028, 108.172042847, 176.455581665, 29.0493202209, 43.6082687378, 9.66418361664, 28.5598468781, 12.0776901245, 10.1555643082, 11.945982933, 9.09024429321, 15.7033033371, 6.30687999725, 1.64174234867, 4.81915426254, 4.55044317245, 1.20747840405, 1.0172150135, 1.02026367188, 0.542043328285, 0.0957400277257, 0.0423514842987, 0.0217309389263, 0.00989961251616, 0.00307523971424, 0.00117797136772, 0.0003329157189, 1.48643430293e-05, 9.26014891434e-08, 2.62132565654e-10], "dvar2": [0.000401368422899, 0.0431288070977, 1.06958305836, 10.6569719315, 495.115997314, 1421.58581543, 5234.49365234, 1404.39086914, 10350.5126953, 3356.89941406, 55.985458374, 296.407012939, 443.741577148, 67.3725204468, 89.378692627, 23.8239860535, 75.3272247314, 31.4676074982, 25.0423240662, 30.8902015686, 25.4678401947, 31.8329257965, 15.6545505524, 4.16472673416, 13.1907653809, 12.5139274597, 2.83457827568, 2.09158706665, 1.89736139774, 1.14866328239, 0.171825453639, 0.0808991268277, 0.0450805127621, 0.0214099921286, 0.00661370577291, 0.00273187225685, 0.000809058605228, 3.26405533997e-05, 1.56481789304e-07, 5.2873949663e-10], "max": [0.192891448736, 2.31381940842, 10.8600215912, 39.4854621887, 314.321716309, 439.584075928, 555.929260254, 490.188018799, 917.779907227, 439.776916504, 85.6864318848, 266.885437012, 262.946807861, 119.330101013, 95.1621704102, 45.9161376953, 84.3689575195, 68.4113922119, 36.0659942627, 39.5781211853, 46.3216819763, 77.5156326294, 41.824180603, 16.1214580536, 33.8323135376, 43.0760154724, 27.9120464325, 23.1123428345, 27.2919540405, 20.3108501434, 7.06217479706, 4.34699630737, 2.49861645699, 1.52145719528, 0.897691369057, 0.695364058018, 0.356030017138, 0.0745501443744, 0.00944238901138, 0.000405856728321], "mean": [0.0360376499593, 0.394603818655, 0.959131777287, 1.9915086031, 5.49576711655, 25.5302009583, 56.2507591248, 47.165512085, 51.4273300171, 26.5723342896, 9.19953727722, 5.9504275322, 10.0352935791, 5.24515247345, 6.66215467453, 2.08065056801, 3.17836356163, 1.67209815979, 1.55601418018, 1.28947913647, 1.33084154129, 3.04436969757, 1.14777123928, 0.715738475323, 0.84423571825, 0.79521125555, 0.572832584381, 0.337693154812, 0.239991694689, 0.15149705112, 0.119116328657, 0.0864374414086, 0.0541061349213, 0.0315829776227, 0.0174195803702, 0.0087654357776, 0.00271193590015, 0.000564236543141, 6.38334240648e-05, 2.54347542068e-05], "median": [2.29067500186e-05, 0.00021865934832, 0.00330098369159, 0.0801432058215, 1.58693659306, 11.9877681732, 24.3284740448, 37.1137313843, 26.07746315, 13.5464754105, 5.06557559967, 3.48816108704, 4.14250326157, 3.10558199883, 4.3529753685, 1.06616556644, 0.999256849289, 0.405199885368, 0.355667859316, 0.194375097752, 0.301517575979, 0.483122736216, 0.198975965381, 0.124602369964, 0.141037374735, 0.15503500402, 0.139992371202, 0.0429964438081, 0.0202107951045, 0.00865285564214, 0.00452690478414, 0.00435002939776, 0.00185819144826, 0.000900192710105, 0.000362984719686, 0.000159320916282, 3.79556331609e-05, 6.57288092043e-06, 1.12945263027e-05, 2.03883319045e-05], "min": [1.11961676909e-12, 4.81882199074e-12, 7.18596276233e-12, 1.54189282869e-11, 2.17784609791e-11, 1.12474708366e-11, 4.41455066946e-11, 1.3846319924e-10, 1.87897683523e-10, 1.15508796972e-10, 3.84224457806e-10, 1.54398285823e-10, 1.28221558371e-10, 4.72909378324e-10, 4.91924723178e-10, 1.19397214338e-09, 8.24559420742e-10, 2.00061842093e-10, 4.7908554901e-10, 1.76910708305e-09, 3.21064930198e-09, 2.67519251196e-09, 1.8985619743e-09, 1.51808465798e-09, 3.36624084163e-09, 8.09927946932e-09, 2.53677900908e-09, 2.19493268006e-09, 3.75833009159e-09, 3.10999581643e-09, 4.56898563428e-09, 5.23919352347e-09, 4.20174650628e-09, 4.06892919358e-09, 1.95520977186e-09, 1.00853747576e-09, 4.40029679361e-10, 2.41630382369e-10, 1.06243853992e-10, 1.10316686341e-11], "var": [0.00247626309283, 0.263376444578, 2.22376012802, 10.6818275452, 183.150543213, 1935.42529297, 5498.59814453, 2216.86352539, 6404.74023438, 1772.38977051, 126.955612183, 129.854873657, 282.839202881, 50.5056991577, 75.9967346191, 13.4898920059, 36.9417724609, 15.914399147, 15.3117580414, 14.3637619019, 11.4958868027, 48.3307113647, 9.06614017487, 2.81718850136, 5.42081403732, 5.41834592819, 2.24608516693, 1.84506964684, 1.68034243584, 0.746036469936, 0.207604765892, 0.0762489810586, 0.0353212654591, 0.0148033201694, 0.00438416469842, 0.0013209922472, 0.000299279403407, 1.62669148267e-05, 1.73658591507e-07, 8.29059265683e-10]}, "gfcc": {"mean": [-181.578689575, 157.441314697, -103.110801697, -12.9149503708, -81.2703170776, -36.5743560791, -43.6850318909, -17.4056453705, -28.9463806152, -10.6247835159, -5.34016656876, 0.201605170965, 4.33475589752], "cov": [[31277.5292969, 2125.07739258, -1291.57421875, 3375.08837891, 1466.94055176, 1258.84509277, 670.569152832, 1074.58874512, 538.388793945, 693.06036377, 683.709106445, 285.56149292, -42.4616241455], [2125.07739258, 2736.92407227, 115.675445557, 12.004360199, 708.718811035, -167.394882202, 648.753845215, -115.466156006, 267.17074585, -216.589141846, 205.676513672, -145.043579102, 164.847808838], [-1291.57421875, 115.675445557, 1362.8795166, 393.969512939, 296.74987793, 600.448181152, 166.501373291, 270.250854492, 62.6165237427, 94.0379180908, -65.2515029907, 53.2121696472, -52.40782547], [3375.08837891, 12.004360199, 393.969512939, 1120.58850098, 501.036407471, 591.868896484, 266.472106934, 366.816375732, 179.237075806, 217.150695801, 82.9074401855, 84.8172607422, -25.0391387939], [1466.94055176, 708.718811035, 296.74987793, 501.036407471, 772.195922852, 334.672363281, 329.650512695, 190.05708313, 188.877441406, 129.279251099, 110.115837097, 59.1501350403, 14.6448287964], [1258.84509277, -167.394882202, 600.448181152, 591.868896484, 334.672363281, 617.215087891, 145.901123047, 292.269958496, 71.2942810059, 186.030105591, -7.06564569473, 66.8859176636, -76.6039352417], [670.569152832, 648.753845215, 166.501373291, 266.472106934, 329.650512695, 145.901123047, 330.196472168, 76.5259094238, 110.714401245, 20.8819732666, 56.068271637, -35.0254135132, 27.3665142059], [1074.58874512, -115.466156006, 270.250854492, 366.816375732, 190.05708313, 292.269958496, 76.5259094238, 258.902374268, 72.8585968018, 105.394889832, 9.60328292847, 47.9779129028, -50.2522926331], [538.388793945, 267.17074585, 62.6165237427, 179.237075806, 188.877441406, 71.2942810059, 110.714401245, 72.8585968018, 136.211044312, 26.7842273712, 44.6359901428, 12.657626152, -7.09995126724], [693.06036377, -216.589141846, 94.0379180908, 217.150695801, 129.279251099, 186.030105591, 20.8819732666, 105.394889832, 26.7842273712, 166.281768799, 16.1790370941, 31.3876304626, -46.7655906677], [683.709106445, 205.676513672, -65.2515029907, 82.9074401855, 110.115837097, -7.06564569473, 56.068271637, 9.60328292847, 44.6359901428, 16.1790370941, 108.187599182, 8.46926879883, 21.7697105408], [285.56149292, -145.043579102, 53.2121696472, 84.8172607422, 59.1501350403, 66.8859176636, -35.0254135132, 47.9779129028, 12.657626152, 31.3876304626, 8.46926879883, 80.3937606812, -1.77126777172], [-42.4616241455, 164.847808838, -52.40782547, -25.0391387939, 14.6448287964, -76.6039352417, 27.3665142059, -50.2522926331, -7.09995126724, -46.7655906677, 21.7697105408, -1.77126777172, 85.9832305908]], "icov": [[0.00018257186457, -0.00070864072768, 0.000590965268202, -0.000623316562269, 0.000508398981765, -0.000497281842399, 0.000815319421235, -0.000594600569457, 0.000650396337733, -0.000683988211676, -3.37630444847e-05, -0.000738962262403, 0.000165836827364], [-0.00070864072768, 0.00443390849978, -0.00263886991888, 0.00279446714558, -0.00316773960367, 0.00248871743679, -0.00512126693502, 0.00291005661711, -0.00362725299783, 0.00465581659228, -0.00126802327577, 0.00447412813082, -0.000911847862881], [0.000590965268202, -0.00263886991888, 0.00356934801675, -0.00147979916073, 0.00192713853903, -0.00389731768519, 0.00277644488961, -0.00240008439869, 0.00187541509513, -0.00182844907977, 0.000873780110851, -0.00287075247616, -0.000111064211524], [-0.000623316562269, 0.00279446714558, -0.00147979916073, 0.00523198442534, -0.00169994926546, -0.000693369307555, -0.00396750541404, 0.000549956574105, -0.00405476195738, 0.0019947080873, -0.000835348968394, 0.00237263436429, -0.00277729146183], [0.000508398981765, -0.00316773960367, 0.00192713853903, -0.00169994926546, 0.00615288969129, -0.00280901696533, 0.000715413189027, -0.0018642222276, 0.000469808670459, -0.00469926046208, -0.000314062199323, -0.00598434032872, -0.000424806494266], [-0.000497281842399, 0.00248871743679, -0.00389731768519, -0.000693369307555, -0.00280901696533, 0.0105496365577, -0.00377599522471, -0.000517819949891, 0.00125640025362, -8.06817697594e-05, 0.000922164239455, 0.00132457667496, 0.00303579308093], [0.000815319421235, -0.00512126693502, 0.00277644488961, -0.00396750541404, 0.000715413189027, -0.00377599522471, 0.0148869361728, -0.00325535121374, 0.00152973458171, -0.00380478543229, 0.000952761329245, 0.00236733118072, -0.00150415173266], [-0.000594600569457, 0.00291005661711, -0.00240008439869, 0.000549956574105, -0.0018642222276, -0.000517819949891, -0.00325535121374, 0.0128977932036, -0.00476899370551, 0.00240235845558, -0.000150443549501, 0.000935365271289, 0.00222495128401], [0.000650396337733, -0.00362725299783, 0.00187541509513, -0.00405476195738, 0.000469808670459, 0.00125640025362, 0.00152973458171, -0.00476899370551, 0.0181115176529, -0.00235107797198, -0.00155126140453, -0.00534528540447, 0.00550238415599], [-0.000683988211676, 0.00465581659228, -0.00182844907977, 0.0019947080873, -0.00469926046208, -8.06817697594e-05, -0.00380478543229, 0.00240235845558, -0.00235107797198, 0.0168491210788, -0.00322090974078, 0.00457514077425, 0.00342569127679], [-3.37630444847e-05, -0.00126802327577, 0.000873780110851, -0.000835348968394, -0.000314062199323, 0.000922164239455, 0.000952761329245, -0.000150443549501, -0.00155126140453, -0.00322090974078, 0.0147063201293, -0.00199775048532, -0.00245689647272], [-0.000738962262403, 0.00447412813082, -0.00287075247616, 0.00237263436429, -0.00598434032872, 0.00132457667496, 0.00236733118072, 0.000935365271289, -0.00534528540447, 0.00457514077425, -0.00199775048532, 0.0254639200866, -0.00493167201057], [0.000165836827364, -0.000911847862881, -0.000111064211524, -0.00277729146183, -0.000424806494266, 0.00303579308093, -0.00150415173266, 0.00222495128401, 0.00550238415599, 0.00342569127679, -0.00245689647272, -0.00493167201057, 0.0199779085815]]}, "melbands": {"dmean": [4.17872252001e-05, 7.02249599271e-05, 0.000103612299426, 0.000286647613393, 0.000695891678333, 0.000325890025124, 0.000371728907339, 0.000137600116432, 2.55939394265e-05, 1.5373372662e-05, 2.56407765846e-05, 8.93462492968e-06, 1.18427487905e-05, 3.82933922083e-06, 4.34463208876e-06, 3.10443351736e-06, 2.0978854991e-06, 1.5629303789e-06, 2.02009209715e-06, 1.01749185433e-06, 1.23870415791e-06, 2.01691182156e-06, 8.81042751644e-07, 5.82254074288e-07, 3.92838700236e-07, 4.44479553607e-07, 4.91925788992e-07, 4.11498888298e-07, 2.36562030409e-07, 1.57883889074e-07, 1.26009453538e-07, 1.03904788773e-07, 7.33416811727e-08, 5.82979566843e-08, 4.50880506264e-08, 4.67640219881e-08, 3.92896666312e-08, 3.2292000185e-08, 2.28513563627e-08, 1.96808080943e-08], "dmean2": [6.4151652623e-05, 0.000111926958198, 0.000166926038219, 0.000468796788482, 0.00109054578934, 0.000482593313791, 0.000526252842974, 0.000210222118767, 3.11082076223e-05, 2.12984923564e-05, 3.38924619427e-05, 1.21018792925e-05, 1.70432704181e-05, 5.51614039068e-06, 7.17544708095e-06, 4.82807263325e-06, 3.43341548614e-06, 2.46655349656e-06, 3.23567928717e-06, 1.6517341237e-06, 2.053956905e-06, 2.62718867816e-06, 1.37064944283e-06, 9.41417681588e-07, 6.22258028216e-07, 7.20602940874e-07, 8.43902398628e-07, 6.92729713592e-07, 3.71982849856e-07, 2.44364258606e-07, 1.78463210432e-07, 1.47737509337e-07, 1.00524360391e-07, 8.38241547285e-08, 6.55716405618e-08, 6.8533957176e-08, 5.90758446606e-08, 5.01479497927e-08, 3.47098314535e-08, 2.94771496101e-08], "dvar": [1.54437138633e-08, 5.68769422671e-08, 2.48736796493e-07, 2.14608758142e-06, 2.27855252888e-06, 2.85454916593e-07, 1.05124024685e-06, 9.76804201969e-08, 1.76878967029e-09, 5.58300738973e-09, 4.45648939973e-09, 4.98543595295e-10, 6.94338475604e-10, 5.04098013332e-11, 1.86857057605e-10, 7.47060052708e-11, 4.5153915329e-11, 2.38032839966e-11, 4.19919377048e-11, 1.1604517694e-11, 1.65339582303e-11, 2.65552146245e-11, 6.86290651045e-12, 2.89744183507e-12, 1.1161707409e-12, 1.77224814685e-12, 3.32831743936e-12, 1.97598860018e-12, 5.52995908613e-13, 4.26337215314e-13, 3.18018099918e-13, 3.37840107452e-13, 2.47228913773e-13, 1.48509934276e-13, 3.49045438549e-14, 2.223360012e-14, 1.41038981709e-14, 1.22519241592e-14, 9.26910779983e-15, 6.37069065036e-15], "dvar2": [4.03443358721e-08, 1.52597138481e-07, 6.18153592313e-07, 5.6299058997e-06, 5.59345426154e-06, 6.58032718093e-07, 2.70745681519e-06, 2.50613254593e-07, 2.82509704519e-09, 1.59701425417e-08, 1.1267245803e-08, 1.16967979746e-09, 1.38027345109e-09, 1.22217069798e-10, 5.23765364413e-10, 1.86146431602e-10, 1.21524942887e-10, 6.15147169314e-11, 1.09466519183e-10, 3.02563078758e-11, 4.72873892821e-11, 5.35914576605e-11, 1.68476083778e-11, 7.78664892981e-12, 2.79800054653e-12, 4.91963110874e-12, 8.86818916912e-12, 5.55738658217e-12, 1.31176536647e-12, 1.13707990506e-12, 5.42325353462e-13, 5.58562256777e-13, 5.44705990382e-13, 3.1269632066e-13, 6.66252670438e-14, 4.53451092322e-14, 2.68750069399e-14, 2.54876279587e-14, 2.04187574916e-14, 1.37312485668e-14], "max": [0.00206046528183, 0.00407885201275, 0.00953833665699, 0.0307930037379, 0.016088699922, 0.0111302752048, 0.0146418437362, 0.00381492497399, 0.000635953736492, 0.00194663426373, 0.00133221305441, 0.000500968366396, 0.00036877556704, 0.000127094142954, 0.000194262247533, 0.000153489629156, 0.000129029460368, 5.59236468689e-05, 7.36510992283e-05, 4.99511697853e-05, 5.78743129154e-05, 9.88118335954e-05, 4.83854346385e-05, 2.40821100306e-05, 1.35739219331e-05, 1.81900632015e-05, 2.54332753684e-05, 2.79630767182e-05, 1.805762804e-05, 1.53025248437e-05, 1.27674520627e-05, 1.54776116688e-05, 1.22875053421e-05, 1.06959932964e-05, 4.02350224249e-06, 3.28082455781e-06, 2.68380654234e-06, 2.16724993152e-06, 1.49859909016e-06, 1.31557328586e-06], "mean": [0.000398188858526, 0.000529204320628, 0.000410807784647, 0.000945009524003, 0.00196347176097, 0.00111121858936, 0.000742571952287, 0.000254713697359, 6.23488231213e-05, 3.26619228872e-05, 4.89046433358e-05, 1.97186909645e-05, 2.37546919379e-05, 6.86385146764e-06, 6.62243201077e-06, 5.16456202604e-06, 2.98062900583e-06, 2.35722200159e-06, 2.25063490689e-06, 1.27938790229e-06, 1.51400240611e-06, 3.94038443119e-06, 1.19798744436e-06, 7.72584996866e-07, 5.4591174603e-07, 5.40981545782e-07, 5.76324509893e-07, 5.22958430338e-07, 3.81988797926e-07, 2.36246023633e-07, 1.84660947866e-07, 1.47705421227e-07, 9.58977963705e-08, 8.02320982984e-08, 6.93943960073e-08, 6.20471070079e-08, 4.71345451558e-08, 3.84647904639e-08, 3.04044434074e-08, 2.60708397093e-08], "median": [2.18920135353e-08, 7.1021702297e-07, 3.31324190483e-05, 0.000562128785532, 0.00087333767442, 0.000894759199582, 0.000361817714293, 0.000124094149214, 3.43215178873e-05, 1.82956337085e-05, 1.93655341718e-05, 9.39396886679e-06, 1.56273727043e-05, 3.54898520527e-06, 2.19827165893e-06, 1.71291026163e-06, 5.37057474048e-07, 5.5273039834e-07, 3.055819775e-07, 2.04648557656e-07, 3.01088874721e-07, 5.54025007204e-07, 2.35810460936e-07, 1.19716432323e-07, 8.47151255812e-08, 8.47225507528e-08, 7.20015052025e-08, 7.31942222387e-08, 8.63319726818e-08, 4.24697574886e-08, 1.39427056567e-08, 1.23459891199e-08, 5.66630520282e-09, 3.6251539548e-09, 2.24056928566e-09, 2.72458300365e-09, 2.29028973564e-09, 1.17630527541e-09, 9.9691355171e-10, 6.3436839115e-10], "min": [1.24096577876e-14, 4.96986036241e-15, 2.79922260332e-15, 1.19678926244e-15, 1.190366741e-15, 2.88253866983e-15, 2.64660441864e-15, 1.63030104248e-15, 3.25313866591e-15, 7.50896401807e-16, 6.64722181429e-16, 1.86003183613e-15, 1.749824697e-15, 1.95656564003e-15, 3.71142012455e-15, 1.08777231048e-15, 2.41155785797e-16, 5.08319241784e-16, 1.82243162008e-15, 2.93076322014e-15, 3.92281540774e-15, 2.9666054193e-15, 1.39494531479e-15, 2.05973488828e-15, 8.85858343518e-16, 2.04675304957e-15, 3.57371586073e-15, 5.9613954364e-15, 1.52904111237e-15, 8.33369035266e-16, 1.53830172359e-15, 2.06092200495e-15, 2.2151938097e-15, 1.50395496109e-15, 2.75115517763e-15, 2.29949434026e-15, 3.66751967744e-15, 2.67962028062e-15, 3.30825573506e-15, 3.29969540833e-15], "var": [2.79228856925e-07, 4.70859390589e-07, 4.71492000997e-07, 3.03761498799e-06, 6.83707548887e-06, 1.18352625122e-06, 1.50378764374e-06, 1.49559838292e-07, 6.18601125879e-09, 5.1617963237e-09, 7.02828417687e-09, 8.77484196415e-10, 1.16695941799e-09, 9.24337967279e-11, 1.85533796659e-10, 1.04114925015e-10, 5.54887941151e-11, 3.41927354486e-11, 4.75632033758e-11, 1.37971760752e-11, 1.78929007028e-11, 8.3063972367e-11, 9.49439919046e-12, 4.0199354262e-12, 1.7795889545e-12, 2.05832616576e-12, 3.59097842607e-12, 2.28528090548e-12, 9.87702541283e-13, 5.97012944723e-13, 6.45066248681e-13, 6.19086596224e-13, 3.1917185366e-13, 2.1014697686e-13, 7.41118117938e-14, 4.12926291738e-14, 2.40710043179e-14, 1.92769757134e-14, 1.3508409445e-14, 9.76687602864e-15]}, "mfcc": {"mean": [-810.342773438, 178.561264038, 14.6372737885, 9.3922662735, -23.7816238403, -27.2490100861, -19.062078476, -20.7080936432, -19.5436229706, -22.2086715698, -20.290430069, -3.71054077148, -6.42509126663], "cov": [[14447.7988281, 3099.77099609, -570.84954834, 1356.06884766, 782.176147461, 827.135803223, 498.25793457, 424.586883545, 282.681427002, 405.568450928, 341.097808838, 758.170776367, 521.864501953], [3099.77099609, 3219.7043457, 20.8140945435, 286.846893311, 128.599105835, 54.7068214417, 253.465438843, 125.154777527, 98.4711380005, -48.3341140747, 42.7790641785, 217.06640625, 25.3728256226], [-570.84954834, 20.8140945435, 1102.7779541, 269.745788574, 239.614440918, 316.78717041, 246.879837036, 283.004394531, 214.532730103, 174.080459595, 111.899185181, -8.5234708786, 52.6944122314], [1356.06884766, 286.846893311, 269.745788574, 673.096557617, 438.759460449, 426.545074463, 338.096710205, 323.45010376, 277.772186279, 260.116973877, 177.17565918, 203.764007568, 184.41809082], [782.176147461, 128.599105835, 239.614440918, 438.759460449, 579.149719238, 476.50894165, 343.942504883, 331.961456299, 252.842086792, 261.134185791, 231.995941162, 186.352432251, 166.568359375], [827.135803223, 54.7068214417, 316.78717041, 426.545074463, 476.50894165, 560.416992188, 369.96496582, 313.87008667, 269.475036621, 263.407348633, 241.154846191, 165.365402222, 147.859863281], [498.25793457, 253.465438843, 246.879837036, 338.096710205, 343.942504883, 369.96496582, 375.778564453, 259.45993042, 226.311416626, 209.802581787, 153.452758789, 148.277908325, 138.235153198], [424.586883545, 125.154777527, 283.004394531, 323.45010376, 331.961456299, 313.87008667, 259.45993042, 318.572387695, 214.94694519, 191.45501709, 158.790878296, 121.482887268, 108.278808594], [282.681427002, 98.4711380005, 214.532730103, 277.772186279, 252.842086792, 269.475036621, 226.311416626, 214.94694519, 232.068267822, 167.621414185, 125.652641296, 114.868415833, 81.4803848267], [405.568450928, -48.3341140747, 174.080459595, 260.116973877, 261.134185791, 263.407348633, 209.802581787, 191.45501709, 167.621414185, 230.36932373, 145.543945312, 94.7063674927, 114.843147278], [341.097808838, 42.7790641785, 111.899185181, 177.17565918, 231.995941162, 241.154846191, 153.452758789, 158.790878296, 125.652641296, 145.543945312, 208.610458374, 105.984710693, 67.6699676514], [758.170776367, 217.06640625, -8.5234708786, 203.764007568, 186.352432251, 165.365402222, 148.277908325, 121.482887268, 114.868415833, 94.7063674927, 105.984710693, 196.606872559, 91.8168640137], [521.864501953, 25.3728256226, 52.6944122314, 184.41809082, 166.568359375, 147.859863281, 138.235153198, 108.278808594, 81.4803848267, 114.843147278, 67.6699676514, 91.8168640137, 146.991500854]], "icov": [[0.000158150942298, -0.000163276898093, 0.000121474578918, -0.000224859628361, 0.000194143387489, -0.000549333344679, 0.000511073274538, -8.80561419763e-05, 0.000387054402381, -0.000304306478938, 0.000243875954766, -0.000334939133609, -0.000257775012869], [-0.000163276898093, 0.000594476761762, -0.000146654958371, -6.63338068989e-05, -0.000250343349762, 0.00106760591734, -0.00133890879806, 9.2794522061e-05, -0.000233921673498, 0.000993648776785, -0.000496021762956, -3.53610303137e-05, 0.00061720906524], [0.000121474578918, -0.000146654958371, 0.00151719339192, -0.000251625257079, 0.000611393537838, -0.000962872989476, 0.000209059944609, -0.00126162578817, -0.000226695774472, -0.000228110031458, 0.000285073678242, 0.000996062299237, -7.52039632061e-05], [-0.000224859628361, -6.63338068989e-05, -0.000251625257079, 0.00490361917764, -0.000947815831751, -0.00069285207428, 0.000405879778555, -0.00101223646197, -0.00220241071656, -0.00101736211218, 0.00154511712026, -0.000792975362856, -0.00131754972972], [0.000194143387489, -0.000250343349762, 0.000611393537838, -0.000947815831751, 0.00822333991528, -0.00473544187844, 0.000737667316571, -0.00352784921415, 0.00173232599627, -0.00123800418805, -0.000450632098364, -0.00118318560999, -0.00137271592394], [-0.000549333344679, 0.00106760591734, -0.000962872989476, -0.00069285207428, -0.00473544187844, 0.0128471050411, -0.00700822658837, 0.00194339593872, -0.00300730019808, 0.00188403844368, -0.00537907751277, 0.00227725901641, 0.00183166039642], [0.000511073274538, -0.00133890879806, 0.000209059944609, 0.000405879778555, 0.000737667316571, -0.00700822658837, 0.0143900336698, -0.00234749447554, -0.00210415455513, -0.00366937392391, 0.00374454446137, -0.00224260939285, -0.00404718797654], [-8.80561419763e-05, 9.2794522061e-05, -0.00126162578817, -0.00101223646197, -0.00352784921415, 0.00194339593872, -0.00234749447554, 0.0135393813252, -0.00529838260263, 0.000149396320921, -0.00249394378625, 0.000832906516735, -0.000256085739238], [0.000387054402381, -0.000233921673498, -0.000226695774472, -0.00220241071656, 0.00173232599627, -0.00300730019808, -0.00210415455513, -0.00529838260263, 0.0192798003554, -0.0057341591455, 0.00195399555378, -0.00479780230671, 0.00434467243031], [-0.000304306478938, 0.000993648776785, -0.000228110031458, -0.00101736211218, -0.00123800418805, 0.00188403844368, -0.00366937392391, 0.000149396320921, -0.0057341591455, 0.0181761737913, -0.00642126891762, 0.00397997163236, -0.00543674314395], [0.000243875954766, -0.000496021762956, 0.000285073678242, 0.00154511712026, -0.000450632098364, -0.00537907751277, 0.00374454446137, -0.00249394378625, 0.00195399555378, -0.00642126891762, 0.0140253268182, -0.00480826664716, 0.0018965943018], [-0.000334939133609, -3.53610303137e-05, 0.000996062299237, -0.000792975362856, -0.00118318560999, 0.00227725901641, -0.00224260939285, 0.000832906516735, -0.00479780230671, 0.00397997163236, -0.00480826664716, 0.013000770472, -0.00397867150605], [-0.000257775012869, 0.00061720906524, -7.52039632061e-05, -0.00131754972972, -0.00137271592394, 0.00183166039642, -0.00404718797654, -0.000256085739238, 0.00434467243031, -0.00543674314395, 0.0018965943018, -0.00397867150605, 0.0164509788156]]}, "spectral_contrast_coeffs": {"dmean": [0.0369012579322, 0.035929851234, 0.035102494061, 0.0299587287009, 0.027685649693, 0.0206575449556], "dmean2": [0.0601406283677, 0.0548956990242, 0.0514565445483, 0.0431977249682, 0.0417507737875, 0.0306593682617], "dvar": [0.00127784081269, 0.00100615399424, 0.00103240716271, 0.000864237779751, 0.000797416083515, 0.000364613108104], "dvar2": [0.00304929283448, 0.00226541422307, 0.00210087746382, 0.00156988180242, 0.00140031334013, 0.000724605866708], "max": [-0.167301803827, -0.39257144928, -0.495933711529, -0.577190816402, -0.544141292572, -0.648296117783], "mean": [-0.493791013956, -0.625320911407, -0.694278419018, -0.757510602474, -0.765350878239, -0.796861052513], "median": [-0.497484236956, -0.622147202492, -0.68839263916, -0.749122142792, -0.77099609375, -0.797015368938], "min": [-0.96602255106, -0.949012517929, -0.958972871304, -0.961557209492, -0.962074518204, -0.961522936821], "var": [0.019237563014, 0.00673760287464, 0.00529775070027, 0.00662652822211, 0.00635932805017, 0.00297046080232]}, "spectral_contrast_valleys": {"dmean": [0.410285621881, 0.302795529366, 0.359568327665, 0.438616216183, 0.441202521324, 0.507743000984], "dmean2": [0.679883420467, 0.451394200325, 0.538387537003, 0.589365005493, 0.600373983383, 0.678463220596], "dvar": [0.3554212749, 0.357816666365, 0.367754310369, 0.483671963215, 0.501139461994, 0.4823392033