{"lowlevel": {"average_loudness": 0.124504134059, "barkbands_crest": {"dmean": 1.59025764465, "dmean2": 2.33740711212, "dvar": 2.73935127258, "dvar2": 6.61452960968, "max": 26.4589443207, "mean": 14.0092763901, "median": 13.1617870331, "min": 3.90471434593, "var": 26.8677997589}, "barkbands_flatness_db": {"dmean": 0.0130734434351, "dmean2": 0.0192808043212, "dvar": 0.000159081886522, "dvar2": 0.000352607661625, "max": 0.541692793369, "mean": 0.241390347481, "median": 0.232428058982, "min": 0.0520360991359, "var": 0.00375664746389}, "barkbands_kurtosis": {"dmean": 3.40305900574, "dmean2": 4.87572383881, "dvar": 52.4268951416, "dvar2": 91.1870498657, "max": 751.96282959, "mean": 9.87374973297, "median": 4.38093280792, "min": -1.87620508671, "var": 583.750610352}, "barkbands_skewness": {"dmean": 0.418090134859, "dmean2": 0.590084135532, "dvar": 0.189254432917, "dvar2": 0.412276864052, "max": 21.096118927, "mean": 1.92207562923, "median": 1.5802218914, "min": -1.99803674221, "var": 2.36280155182}, "barkbands_spread": {"dmean": 1.1557123661, "dmean2": 1.62468636036, "dvar": 3.34284353256, "dvar2": 6.43384599686, "max": 115.158714294, "mean": 6.97712230682, "median": 6.04951953888, "min": 0.176654860377, "var": 25.1877403259}, "dissonance": {"dmean": 0.0327516123652, "dmean2": 0.054653391242, "dvar": 0.000770321290474, "dvar2": 0.00213377643377, "max": 0.499682486057, "mean": 0.402052879333, "median": 0.408958792686, "min": 0.163508400321, "var": 0.00264706765302}, "dynamic_complexity": 7.85455417633, "erbbands_crest": {"dmean": 1.99341726303, "dmean2": 2.91124272346, "dvar": 3.76948261261, "dvar2": 8.00346946716, "max": 30.8508358002, "mean": 13.653468132, "median": 12.642706871, "min": 2.88004875183, "var": 28.6542224884}, "erbbands_flatness_db": {"dmean": 0.0110187893733, "dmean2": 0.0151076288894, "dvar": 0.000108578133222, "dvar2": 0.000206931756111, "max": 0.415259629488, "mean": 0.243274793029, "median": 0.239972621202, "min": 0.0323445126414, "var": 0.00213556084782}, "erbbands_kurtosis": {"dmean": 1.31029391289, "dmean2": 1.90769851208, "dvar": 3.20930600166, "dvar2": 7.08507299423, "max": 46.6992454529, "mean": 3.34799551964, "median": 2.49358654022, "min": -1.84682047367, "var": 17.3491516113}, "erbbands_skewness": {"dmean": 0.286835104227, "dmean2": 0.406474411488, "dvar": 0.0772213637829, "dvar2": 0.163608103991, "max": 5.59796285629, "mean": 1.0317633152, "median": 1.00115823746, "min": -2.94568371773, "var": 0.823844134808}, "erbbands_spread": {"dmean": 2.82833576202, "dmean2": 3.75572013855, "dvar": 10.8651695251, "dvar2": 18.5803508759, "max": 145.664352417, "mean": 18.0987110138, "median": 15.2079563141, "min": 1.78496742249, "var": 116.023345947}, "hfc": {"dmean": 1.17320942879, "dmean2": 1.48199462891, "dvar": 7.13238096237, "dvar2": 12.2213373184, "max": 127.269058228, "mean": 7.02842092514, "median": 2.83979153633, "min": 1.18692079921e-16, "var": 104.120162964}, "melbands_crest": {"dmean": 1.87699317932, "dmean2": 2.83535957336, "dvar": 4.51664733887, "dvar2": 11.6120347977, "max": 33.7741508484, "mean": 17.6639842987, "median": 16.6861095428, "min": 1.97102570534, "var": 45.4080352783}, "melbands_flatness_db": {"dmean": 0.0142363514751, "dmean2": 0.0205859541893, "dvar": 0.000191209473996, "dvar2": 0.000423916178988, "max": 0.708710134029, "mean": 0.329768329859, "median": 0.316854774952, "min": 0.0044877701439, "var": 0.00541412131861}, "melbands_kurtosis": {"dmean": 4.34125709534, "dmean2": 6.18758106232, "dvar": 51.1934547424, "dvar2": 104.922462463, "max": 519.245727539, "mean": 12.3054771423, "median": 6.14032173157, "min": -1.40988469124, "var": 382.850311279}, "melbands_skewness": {"dmean": 0.462581694126, "dmean2": 0.654588758945, "dvar": 0.239567741752, "dvar2": 0.512290179729, "max": 17.2482852936, "mean": 2.2413957119, "median": 1.90838754177, "min": -1.55210518837, "var": 2.36990618706}, "melbands_spread": {"dmean": 1.44289422035, "dmean2": 2.04438352585, "dvar": 5.14700078964, "dvar2": 8.55078125, "max": 156.777236938, "mean": 8.61611938477, "median": 7.61008405685, "min": 0.325104445219, "var": 52.1394309998}, "pitch_salience": {"dmean": 0.0482723936439, "dmean2": 0.0723213925958, "dvar": 0.00222483184189, "dvar2": 0.005508616101, "max": 0.850406765938, "mean": 0.477513939142, "median": 0.501655817032, "min": 0.0755211636424, "var": 0.0224143993109}, "silence_rate_20dB": {"dmean": 0, "dmean2": 0, "dvar": 0, "dvar2": 0, "max": 1, "mean": 1, "median": 1, "min": 1, "var": 0}, "silence_rate_30dB": {"dmean": 0.00174114911351, "dmean2": 0.00348263513297, "dvar": 0.00173838669434, "dvar2": 0.00385716487654, "max": 1, "mean": 0.997775435448, "median": 1, "min": 0, "var": 0.00221991352737}, "silence_rate_60dB": {"dmean": 0.0168311093003, "dmean2": 0.0336654745042, "dvar": 0.0165490843356, "dvar2": 0.0365927107632, "max": 1, "mean": 0.37324693799, "median": 0, "min": 0, "var": 0.233926713467}, "spectral_centroid": {"dmean": 47.99741745, "dmean2": 66.0562973022, "dvar": 11933.2324219, "dvar2": 14323.1220703, "max": 10423.0878906, "mean": 519.712768555, "median": 461.677276611, "min": 110.130508423, "var": 80761.7578125}, "spectral_complexity": {"dmean": 1.04256141186, "dmean2": 1.7006868124, "dvar": 1.28184044361, "dvar2": 2.9245800972, "max": 27, "mean": 7.36299467087, "median": 7, "min": 0, "var": 21.9704780579}, "spectral_decrease": {"dmean": 6.3445759757e-10, "dmean2": 8.48759507122e-10, "dvar": 1.43935299567e-18, "dvar2": 2.76891947851e-18, "max": 3.17068374528e-29, "mean": -3.97667765384e-09, "median": -2.29964158827e-09, "min": -4.13764311702e-08, "var": 2.16605779901e-17}, "spectral_energy": {"dmean": 0.00248791091144, "dmean2": 0.00332159129903, "dvar": 2.21351165237e-05, "dvar2": 4.23814817623e-05, "max": 0.162100374699, "mean": 0.0156463757157, "median": 0.00895198993385, "min": 1.06460543982e-20, "var": 0.000337569566909}, "spectral_energyband_high": {"dmean": 7.57517727834e-06, "dmean2": 1.02538488136e-05, "dvar": 5.84423565098e-10, "dvar2": 1.03154274012e-09, "max": 0.000968861044385, "mean": 3.0261284337e-05, "median": 3.33951697939e-06, "min": 7.79642284256e-21, "var": 5.53448309404e-09}, "spectral_energyband_low": {"dmean": 0.000291366421152, "dmean2": 0.000439100840595, "dvar": 2.80602705516e-07, "dvar2": 5.97320877205e-07, "max": 0.0204201824963, "mean": 0.00147654477041, "median": 0.000411828135839, "min": 3.40255650826e-23, "var": 6.38800065644e-06}, "spectral_energyband_middle_high": {"dmean": 0.000378141121473, "dmean2": 0.000472684332635, "dvar": 1.07289292828e-06, "dvar2": 1.71204726485e-06, "max": 0.042749710381, "mean": 0.00150612962898, "median": 0.000252176017966, "min": 1.4819746448e-21, "var": 1.06555817183e-05}, "spectral_energyband_middle_low": {"dmean": 0.00233533955179, "dmean2": 0.00310669257306, "dvar": 2.06509230338e-05, "dvar2": 3.96444302169e-05, "max": 0.159891918302, "mean": 0.0133961969987, "median": 0.00695008318871, "min": 3.40483675803e-22, "var": 0.000282877183054}, "spectral_entropy": {"dmean": 0.115452244878, "dmean2": 0.163696080446, "dvar": 0.012841177173, "dvar2": 0.0262423474342, "max": 9.79072952271, "mean": 6.37917709351, "median": 6.41655826569, "min": 4.69629240036, "var": 0.259954243898}, "spectral_flux": {"dmean": 0.00798342935741, "dmean2": 0.0130459517241, "dvar": 0.000194385749637, "dvar2": 0.000504894007463, "max": 0.229693695903, "mean": 0.0244625099003, "median": 0.0180901139975, "min": 1.03179721711e-10, "var": 0.000484485703055}, "spectral_kurtosis": {"dmean": 4.62658834457, "dmean2": 7.96504211426, "dvar": 26.2015743256, "dvar2": 77.3783798218, "max": 98.6309280396, "mean": 15.2635831833, "median": 11.9934272766, "min": -1.19113147259, "var": 112.015884399}, "spectral_rms": {"dmean": 0.000273321114946, "dmean2": 0.000370392604964, "dvar": 1.63366792094e-07, "dvar2": 3.22949404108e-07, "max": 0.0125756394118, "mean": 0.00318669015542, "median": 0.00295527465641, "min": 3.22279290928e-12, "var": 5.10977179147e-06}, "spectral_rolloff": {"dmean": 84.5041427612, "dmean2": 142.868041992, "dvar": 63680.1367188, "dvar2": 112916.46875, "max": 18820.0195312, "mean": 605.806030273, "median": 538.330078125, "min": 86.1328125, "var": 497685.03125}, "spectral_skewness": {"dmean": 0.360960483551, "dmean2": 0.607729017735, "dvar": 0.119367174804, "dvar2": 0.346053004265, "max": 7.75262308121, "mean": 2.88083958626, "median": 2.71546149254, "min": 0.0811043009162, "var": 0.891072452068}, "spectral_spread": {"dmean": 212731.390625, "dmean2": 343337.65625, "dvar": 107507572736, "dvar2": 145267163136, "max": 40242804, "mean": 2722354, "median": 2692807, "min": 748258.6875, "var": 737576484864}, "spectral_strongpeak": {"dmean": 0.179512187839, "dmean2": 0.287685334682, "dvar": 0.116775132716, "dvar2": 0.257173299789, "max": 8.51825332642, "mean": 0.894227325916, "median": 0.530891776085, "min": 0, "var": 0.91151201725}, "zerocrossingrate": {"dmean": 0.00256803445518, "dmean2": 0.00314607680775, "dvar": 1.95787506527e-05, "dvar2": 2.35605111811e-05, "max": 0.49853515625, "mean": 0.0225452855229, "median": 0.0205078125, "min": 0.0029296875, "var": 0.000352663657395}, "barkbands": {"dmean": [1.42975968629e-05, 9.13970725378e-05, 0.000120445394714, 0.000291130709229, 0.001072201645, 0.00092444306938, 0.000158019494847, 0.000376479380066, 0.000197289627977, 0.000204457377549, 8.44198511913e-05, 6.37239063508e-05, 2.76321152342e-05, 4.97999462823e-05, 7.64682481531e-05, 4.23360070272e-05, 6.0500427935e-05, 4.30890177086e-05, 2.32847287407e-05, 6.62589854983e-06, 3.84272289011e-06, 2.63831771008e-06, 1.19387448194e-06, 6.60374098516e-07, 1.12352680048e-07, 5.00082535382e-08, 3.90794907545e-09], "dmean2": [2.49677868851e-05, 0.000160827388754, 0.000162405893207, 0.000413822679548, 0.00149984413292, 0.00120666157454, 0.000204399912036, 0.000409481464885, 0.00026166960015, 0.000258587737335, 0.000117681476695, 7.86566452007e-05, 3.75558884116e-05, 6.88255095156e-05, 0.000103580045106, 5.83151158935e-05, 8.32489095046e-05, 6.03353837505e-05, 3.38922982337e-05, 9.0846524472e-06, 5.50582717551e-06, 3.80475580641e-06, 1.67591701938e-06, 9.6470751032e-07, 1.6330619701e-07, 7.91475684991e-08, 6.15916517788e-09], "dvar": [5.6209348287e-10, 1.26702870418e-08, 8.11050213656e-08, 8.33146486912e-07, 6.44414740236e-06, 1.0447247405e-05, 3.02187373791e-07, 1.23425502352e-06, 5.26613860075e-07, 3.3334626437e-07, 8.69018705885e-08, 6.13140258565e-08, 9.22048126739e-09, 4.14643928082e-08, 1.41315325664e-07, 3.11296410871e-08, 1.53760566945e-07, 5.5297597612e-08, 1.7920450901e-08, 6.61838972515e-10, 1.85410117814e-10, 9.36098074056e-11, 1.61898116441e-11, 5.48401211595e-12, 1.14157232387e-13, 1.22532141904e-14, 1.87182939043e-16], "dvar2": [1.7003060071e-09, 3.86943135311e-08, 1.31376552304e-07, 1.57136344114e-06, 1.3914869669e-05, 1.8296739654e-05, 4.48146295184e-07, 1.45069623159e-06, 7.92451885445e-07, 4.76358422929e-07, 1.56289630127e-07, 7.0357543791e-08, 1.61488777906e-08, 8.21015717634e-08, 2.70210648523e-07, 5.83727270964e-08, 2.80617172166e-07, 1.03221466929e-07, 3.4234606261e-08, 1.16316600796e-09, 3.64955038412e-10, 2.05174127688e-10, 2.91123999907e-11, 1.23494365775e-11, 2.23709587096e-13, 2.79625006824e-14, 4.03733145641e-16], "max": [0.000334009731887, 0.00180542608723, 0.0158018302172, 0.0410676896572, 0.0921251922846, 0.14022885263, 0.0353236496449, 0.0650699064136, 0.0450173094869, 0.0262501835823, 0.0187944751233, 0.0112384539098, 0.00502344174311, 0.00910424534231, 0.0156531762332, 0.00586012238637, 0.0262418817729, 0.017614768818, 0.00616067321971, 0.00103758927435, 0.000518194166943, 0.000350945454556, 0.000206761847949, 9.5267459983e-05, 1.52588509081e-05, 3.90236436942e-06, 5.9337867242e-07], "mean": [1.63233653439e-05, 0.000172209649463, 0.000735753856134, 0.00137704669032, 0.00495564285666, 0.00408463040367, 0.000564490037505, 0.00125647976529, 0.000639378093183, 0.000672868278343, 0.000222290880629, 0.000153233573656, 7.36002184567e-05, 0.00011640421144, 0.00016449271061, 8.95450575626e-05, 0.000139746334753, 0.000115033042675, 5.79503794143e-05, 1.51816857397e-05, 1.01591367638e-05, 7.43132159187e-06, 3.76504567612e-06, 2.10996017813e-06, 3.93310841673e-07, 2.2442809211e-07, 1.19050334035e-08], "median": [7.00541249898e-06, 0.00010114734323, 8.67242415552e-05, 0.00010943649977, 0.000708293169737, 0.000162920943694, 0.000138871037052, 0.000176160450792, 0.000105229621113, 8.49613934406e-05, 3.39036450896e-05, 1.6367112039e-05, 1.0696498066e-05, 7.5072330219e-06, 7.03631303622e-06, 3.47711261384e-06, 2.86828912976e-06, 2.10755683838e-06, 1.43003251196e-06, 9.34111767492e-07, 1.2738166788e-06, 5.51281459593e-07, 3.5272918808e-07, 1.98397785311e-07, 1.07615818479e-07, 9.15865996376e-08, 3.47569484305e-09], "min": [4.8217425203e-23, 1.16638180878e-23, 4.48917114777e-24, 7.72105262936e-24, 1.03497294898e-22, 5.83171608854e-23, 7.29532632914e-23, 3.45091241957e-23, 5.09493262484e-23, 4.15333215561e-23, 5.5066934049e-23, 1.73108823489e-22, 8.29200727559e-23, 6.99756920275e-23, 9.14718424613e-23, 1.13125998579e-22, 1.63087185036e-22, 2.1427789641e-22, 2.45555284669e-22, 3.30560184269e-22, 3.79458478475e-22, 5.0821887978e-22, 8.13499467294e-22, 7.3217818209e-22, 1.28496358832e-21, 1.85023420143e-21, 2.40609795747e-21], "var": [6.41732722517e-10, 4.24353210349e-08, 3.20725666825e-06, 9.96930793917e-06, 8.3117185568e-05, 0.00013659481192, 2.81486950371e-06, 1.0590311831e-05, 4.59538841824e-06, 4.071350304e-06, 6.30575527794e-07, 3.12088474175e-07, 6.74255460353e-08, 1.83660063158e-07, 4.78807464788e-07, 1.14911053117e-07, 6.39848167339e-07, 5.09639733082e-07, 9.29023613594e-08, 2.34673969146e-09, 9.4291607855e-10, 5.1266668688e-10, 1.153553017e-10, 3.82498477336e-11, 8.59962437632e-13, 1.20081245295e-13, 1.32915658341e-15]}, "erbbands": {"dmean": [0.00398626271635, 0.0168281849474, 0.0862247720361, 0.593563318253, 1.9598608017, 3.25353336334, 8.3024969101, 5.91345405579, 3.43405103683, 4.31877326965, 7.85812568665, 4.35940265656, 6.93038034439, 4.32168006897, 2.31938624382, 2.79833006859, 1.32747137547, 2.39512968063, 3.37674427032, 2.77367639542, 2.46301341057, 3.03278160095, 2.59304428101, 2.0360045433, 0.442992568016, 0.252881258726, 0.208917424083, 0.104422092438, 0.103056818247, 0.0603623390198, 0.0289686471224, 0.0203004591167, 0.00650552520528, 0.00181457225699, 0.000565057503991, 0.000317278027069, 9.71154076979e-05, 8.78206810739e-06, 1.57743681939e-06, 2.79421351479e-06], "dmean2": [0.00713933026418, 0.0286762136966, 0.120920166373, 0.84359484911, 2.57496857643, 4.65580463409, 11.304438591, 7.83594942093, 4.29574966431, 4.57844114304, 8.97202968597, 5.64887619019, 8.49882507324, 6.02230119705, 3.08357954025, 3.44476389885, 1.74545705318, 3.27600574493, 4.53152036667, 3.78558731079, 3.47907924652, 4.16653203964, 3.73821091652, 2.84521484375, 0.610741257668, 0.357165783644, 0.303444951773, 0.148856297135, 0.151225402951, 0.08254186064, 0.0405970513821, 0.0290791653097, 0.00947147980332, 0.00260995770805, 0.000839745160192, 0.000512351922225, 0.000153980887262, 1.34081356009e-05, 2.17322440221e-06, 3.7183879158e-06], "dvar": [2.51838537224e-05, 0.000416501628933, 0.0332878939807, 2.02876853943, 38.9266777039, 84.9760742188, 840.985595703, 762.981933594, 242.821411133, 161.540115356, 836.066955566, 175.979812622, 488.087188721, 179.377578735, 39.5962524414, 123.534812927, 18.2990493774, 99.9772720337, 217.39654541, 190.385681152, 93.8286209106, 629.590637207, 215.593338013, 141.413101196, 2.96673202515, 0.754294991493, 0.674979388714, 0.105914913118, 0.160840541124, 0.0545127727091, 0.00753774307668, 0.00546041410416, 0.000448002683697, 3.03755223285e-05, 2.95486734103e-06, 4.79304674172e-07, 5.56975017219e-08, 6.96302460135e-10, 1.17315723108e-11, 2.80505965677e-11], "dvar2": [7.73800347815e-05, 0.00120255362708, 0.0537581630051, 4.17811870575, 73.1811904907, 192.453903198, 1548.40112305, 1343.73034668, 347.842681885, 123.728981018, 1078.83203125, 271.442993164, 626.756896973, 370.407928467, 69.1231842041, 142.209289551, 29.4261779785, 196.685287476, 412.786437988, 357.52633667, 195.623565674, 1126.12988281, 447.311553955, 242.657272339, 5.4431219101, 1.42932486534, 1.43425309658, 0.199931189418, 0.37396645546, 0.0851328000426, 0.0142946243286, 0.0119716254994, 0.00093443604419, 5.87260219618e-05, 6.24556196271e-06, 1.18981665764e-06, 1.25148474694e-07, 1.52515744478e-09, 2.24884954408e-11, 5.32046767754e-11], "max": [0.0654017627239, 0.471137434244, 10.1930437088, 54.7552223206, 214.407745361, 399.030975342, 881.773376465, 1451.42480469, 1063.83898926, 441.364746094, 1770.39013672, 665.880615234, 1030.12976074, 640.933837891, 205.894790649, 516.695068359, 279.670410156, 474.463104248, 510.706268311, 642.04083252, 278.439025879, 1834.39599609, 603.381774902, 801.414245605, 62.2191772461, 31.2664375305, 27.3178691864, 10.4136800766, 14.9878234863, 16.152551651, 3.73476696014, 3.2106859684, 0.90310126543, 0.2029299438, 0.0608382113278, 0.0210215095431, 0.00883080996573, 0.00125688873231, 0.000126704384456, 0.000180905612069], "mean": [0.00585308391601, 0.0449936836958, 0.518190383911, 3.13826870918, 10.7531633377, 14.5309343338, 33.9018630981, 28.4389953613, 14.0008974075, 15.0473680496, 26.7413063049, 15.0193138123, 24.3074874878, 11.4413232803, 6.46094512939, 7.08097457886, 3.9798605442, 5.96737909317, 8.32748317719, 6.47697353363, 5.50618934631, 7.57879543304, 6.65604448318, 6.1292347908, 1.21473765373, 0.646144807339, 0.540477752686, 0.300481706858, 0.277955114841, 0.186483293772, 0.0949860438704, 0.0633769258857, 0.0221071913838, 0.00635902676731, 0.00199851766229, 0.00119636731688, 0.000398290139856, 3.68390137737e-05, 9.79613469099e-06, 1.7741078409e-05], "median": [0.00363849452697, 0.0274012144655, 0.102088034153, 0.525560677052, 0.709134817123, 2.67533040047, 1.93436300755, 1.44403219223, 2.27594733238, 3.80795884132, 3.37672710419, 3.38907051086, 2.9909055233, 2.32555055618, 1.15234255791, 0.88858127594, 0.628834366798, 0.496675431728, 0.388444930315, 0.357858240604, 0.214070811868, 0.159833952785, 0.135366007686, 0.0855538696051, 0.0603631325066, 0.0469822920859, 0.0522347874939, 0.0448033958673, 0.0212300736457, 0.012771463953, 0.009516290389, 0.0049934941344, 0.00300762592815, 0.00162047753111, 0.000538548745681, 0.000505747040734, 0.000155825400725, 1.25103060782e-05, 5.00130772707e-06, 9.98208270175e-06], "min": [5.61200747171e-22, 2.17616153813e-21, 6.71849462499e-21, 1.1812324132e-20, 1.84869167114e-19, 4.45364950243e-19, 1.83065887529e-19, 6.52464040557e-19, 9.12483820018e-19, 7.71720427228e-19, 1.05301167313e-18, 1.49279837581e-18, 1.05108734083e-18, 1.8744400717e-18, 2.94438744069e-18, 7.94543705176e-18, 3.90434005414e-18, 3.59630212992e-18, 5.1277616868e-18, 4.32005414663e-18, 7.76647900778e-18, 7.81264147622e-18, 9.2792831603e-18, 1.29209656594e-17, 1.56351429454e-17, 1.53269553014e-17, 1.16091225552e-17, 1.788300626e-17, 1.43770293578e-17, 2.65640980439e-17, 2.019086333e-17, 1.5483992232e-17, 1.31220880079e-17, 1.1752572217e-17, 1.02154919679e-17, 6.20291119466e-18, 3.6723675911e-18, 1.37185392031e-18, 3.08107433233e-19, 3.62393222421e-20], "var": [4.37503076682e-05, 0.00246425019577, 1.31686222553, 28.8354473114, 628.195617676, 1158.04382324, 7714.31298828, 12045.1445312, 2570.74658203, 1659.88146973, 6797.54882812, 1521.58557129, 6343.72460938, 1066.0032959, 268.320861816, 647.402770996, 171.141677856, 444.714630127, 1070.17773438, 701.995117188, 330.648406982, 2739.87402344, 988.692626953, 1411.83093262, 17.3890724182, 2.94884181023, 3.08868837357, 0.502083718777, 0.651672482491, 0.523025155067, 0.0597863607109, 0.0369916297495, 0.00358940125443, 0.00023114765645, 2.19454486796e-05, 3.28321993948e-06, 4.35795556086e-07, 6.12043438153e-09, 1.61953311872e-10, 4.37349129134e-10]}, "gfcc": {"mean": [-159.09147644, 154.808242798, -106.268737793, 8.17000961304, -62.0724563599, -5.50636053085, -30.1898670197, -1.27473032475, -18.7944755554, -8.0942325592, -15.7269105911, -3.68667340279, -7.05771160126], "cov": [[13062.6289062, -591.174682617, -2924.59326172, 154.269073486, -621.973022461, -579.174133301, -718.335510254, -543.106201172, 69.9748535156, -777.833557129, -316.063262939, -272.34576416, 82.4357452393], [-591.174682617, 669.894104004, 299.64630127, -121.862289429, 163.886138916, -44.2518997192, 74.0030136108, -130.541061401, 80.21068573, 48.9179039001, -11.7533960342, -148.343978882, -32.4321098328], [-2924.59326172, 299.64630127, 1026.32910156, -93.5456085205, 75.5648574829, 91.6381454468, 153.863189697, 135.398971558, -49.5127029419, 207.722213745, 42.7595367432, 79.0179519653, -42.8275947571], [154.269073486, -121.862289429, -93.5456085205, 252.842285156, 71.5810089111, 14.6761188507, -10.5762052536, 3.78226518631, 28.7021389008, -43.9242591858, -2.82776546478, -27.1020927429, -13.9831476212], [-621.973022461, 163.886138916, 75.5648574829, 71.5810089111, 218.469970703, 17.8485298157, 28.7760505676, -65.9706115723, 41.364025116, 12.6385402679, 11.3714981079, -59.8404197693, 0.407660573721], [-579.174133301, -44.2518997192, 91.6381454468, 14.6761188507, 17.8485298157, 191.143798828, 80.3436431885, 55.6957931519, -18.5976924896, 65.7697143555, -17.9003887177, -27.3927135468, -58.2468566895], [-718.335510254, 74.0030136108, 153.863189697, -10.5762052536, 28.7760505676, 80.3436431885, 127.54119873, 69.5102615356, -7.02395915985, 44.5422821045, 19.7070102692, 12.9396753311, -13.3347148895], [-543.106201172, -130.541061401, 135.398971558, 3.78226518631, -65.9706115723, 55.6957931519, 69.5102615356, 235.624465942, -5.10557126999, 36.4601783752, 44.436668396, 121.164276123, 10.7971324921], [69.9748535156, 80.21068573, -49.5127029419, 28.7021389008, 41.364025116, -18.5976924896, -7.02395915985, -5.10557126999, 133.912002563, 28.4423370361, -6.70561885834, -63.3016052246, -19.4498405457], [-777.833557129, 48.9179039001, 207.722213745, -43.9242591858, 12.6385402679, 65.7697143555, 44.5422821045, 36.4601783752, 28.4423370361, 193.593521118, 45.41847229, 30.7347984314, -23.7811985016], [-316.063262939, -11.7533960342, 42.7595367432, -2.82776546478, 11.3714981079, -17.9003887177, 19.7070102692, 44.436668396, -6.70561885834, 45.41847229, 165.788757324, 144.226089478, 68.3471908569], [-272.34576416, -148.343978882, 79.0179519653, -27.1020927429, -59.8404197693, -27.3927135468, 12.9396753311, 121.164276123, -63.3016052246, 30.7347984314, 144.226089478, 284.415985107, 128.269546509], [82.4357452393, -32.4321098328, -42.8275947571, -13.9831476212, 0.407660573721, -58.2468566895, -13.3347148895, 10.7971324921, -19.4498405457, -23.7811985016, 68.3471908569, 128.269546509, 143.031539917]], "icov": [[0.000463763746666, -0.000824943359476, 0.00123302242719, -0.000602869899012, 0.00133749027736, 7.74484142312e-05, 0.00109472533222, 9.90673797787e-05, 0.000250683457125, 0.000172758300323, 0.000621022714768, -0.000590732495766, 0.00027405199944], [-0.000824943359476, 0.0061365487054, -0.00359092000872, 0.00366427819245, -0.00419584382325, 0.0019199163653, -0.00540992012247, 0.00210875249468, -0.00281846919097, 0.0006453654496, -0.00239582848735, 0.00328452698886, -0.000796487322077], [0.00123302242719, -0.00359092000872, 0.00550425145775, -0.00190691591706, 0.00281152385287, 0.000651162408758, 0.00266539002769, -0.00132637622301, 0.00272379955277, -0.00164696481079, 0.00275514042005, -0.00270764692686, 0.00175081263296], [-0.000602869899012, 0.00366427819245, -0.00190691591706, 0.00752093503252, -0.00518489582464, 0.000131325694383, -0.00202744244598, -5.93344047957e-05, -0.00234194332734, 0.00180508114863, -0.00184760987759, 0.00150665396359, 0.000739710754715], [0.00133749027736, -0.00419584382325, 0.00281152385287, -0.00518489582464, 0.0128316180781, -0.0018071384402, 0.00243456475437, 0.00264737475663, -0.000659141456708, 0.000851436867379, 0.000227847252972, -0.000440820847871, -0.00179428386036], [7.74484142312e-05, 0.0019199163653, 0.000651162408758, 0.000131325694383, -0.0018071384402, 0.0112620778382, -0.00628846418113, -0.00100670673419, 0.00271388562396, -0.0035322571639, 0.0011134428205, 0.00163807964418, 0.00246033445001], [0.00109472533222, -0.00540992012247, 0.00266539002769, -0.00202744244598, 0.00243456475437, -0.00628846418113, 0.0201908964664, -0.00549386627972, 0.00293902098201, 0.000411676766817, -0.00018727130373, -0.000396676856326, -0.000615113531239], [9.90673797787e-05, 0.00210875249468, -0.00132637622301, -5.93344047957e-05, 0.00264737475663, -0.00100670673419, -0.00549386627972, 0.0109963817522, -0.00526124052703, 0.00230904878117, 0.000971341738477, -0.00534920953214, 0.00225976761431], [0.000250683457125, -0.00281846919097, 0.00272379955277, -0.00234194332734, -0.000659141456708, 0.00271388562396, 0.00293902098201, -0.00526124052703, 0.0140763586387, -0.00508664222434, -0.000540108827408, 0.0044757341966, -0.00110602041241], [0.000172758300323, 0.0006453654496, -0.00164696481079, 0.00180508114863, 0.000851436867379, -0.0035322571639, 0.000411676766817, 0.00230904878117, -0.00508664222434, 0.010405738838, -0.00248020864092, -0.00201613618992, 0.0021849272307], [0.000621022714768, -0.00239582848735, 0.00275514042005, -0.00184760987759, 0.000227847252972, 0.0011134428205, -0.00018727130373, 0.000971341738477, -0.000540108827408, -0.00248020864092, 0.0148139335215, -0.00981719046831, 0.00134452618659], [-0.000590732495766, 0.00328452698886, -0.00270764692686, 0.00150665396359, -0.000440820847871, 0.00163807964418, -0.000396676856326, -0.00534920953214, 0.0044757341966, -0.00201613618992, -0.00981719046831, 0.018835246563, -0.0104698473588], [0.00027405199944, -0.000796487322077, 0.00175081263296, 0.000739710754715, -0.00179428386036, 0.00246033445001, -0.000615113531239, 0.00225976761431, -0.00110602041241, 0.0021849272307, 0.00134452618659, -0.0104698473588, 0.0169882550836]]}, "melbands": {"dmean": [2.95444588119e-05, 3.53133073077e-05, 0.000138009607326, 0.000175018198206, 0.000258802523604, 0.000141702432302, 4.89783960802e-05, 5.41600675206e-05, 6.25862230663e-05, 2.57657738985e-05, 3.41617014783e-05, 1.69364648173e-05, 8.34883576317e-06, 7.75415901444e-06, 4.78128140458e-06, 2.82545693153e-06, 5.10211202709e-06, 5.30909574081e-06, 4.75185015603e-06, 3.31013961841e-06, 2.95619815915e-06, 3.56531677426e-06, 2.88405499305e-06, 2.14753163164e-06, 1.79324911187e-06, 3.6438132156e-07, 2.83772237708e-07, 1.60160240625e-07, 1.80350227197e-07, 8.60476845332e-08, 6.48734044262e-08, 7.21760500255e-08, 4.51459492012e-08, 3.49356632512e-08, 1.96444638334e-08, 1.43059111224e-08, 1.41835316825e-08, 6.25790619324e-09, 2.39211050967e-09, 1.5087743277e-09], "dmean2": [5.24949646206e-05, 5.04775271111e-05, 0.00018999898748, 0.000240284527536, 0.000360639212886, 0.000186362463864, 6.12992371316e-05, 5.73933175474e-05, 7.38938979339e-05, 3.34596516041e-05, 4.20535361627e-05, 2.37969670707e-05, 1.12980133053e-05, 9.41901816987e-06, 6.10575671089e-06, 3.90454260923e-06, 7.03539581082e-06, 7.15779515303e-06, 6.4528276198e-06, 4.58553677163e-06, 4.28644807471e-06, 4.83159146825e-06, 4.18051513407e-06, 3.08770086122e-06, 2.5417427878e-06, 5.29331259713e-07, 4.01052943744e-07, 2.32937296119e-07, 2.69012247145e-07, 1.28073253336e-07, 9.45558866761e-08, 1.08096472218e-07, 6.40987707357e-08, 4.90483067495e-08, 2.91713657674e-08, 2.03637355867e-08, 2.13001598581e-08, 9.41129929544e-09, 3.51720430558e-09, 2.21814522305e-09], "dvar": [1.35197897322e-09, 4.99682561994e-09, 1.29819568429e-07, 2.29009259556e-07, 6.76697254676e-07, 3.37013659646e-07, 4.76068606758e-08, 2.39486688258e-08, 5.43268292574e-08, 6.28752161447e-09, 1.1823789059e-08, 2.9190474482e-09, 6.29938046171e-10, 1.03073305446e-09, 2.66701633e-10, 1.25390239858e-10, 5.03996677725e-10, 4.94675356233e-10, 6.53596121669e-10, 1.99818842028e-10, 1.37785532983e-10, 1.17850484926e-09, 1.73636008349e-10, 1.357025603e-10, 1.165932767e-10, 2.29686061837e-12, 1.76693382148e-12, 3.70943456073e-13, 5.99922834934e-13, 9.61650396358e-14, 4.50190896389e-14, 9.10474359751e-14, 2.65811339411e-14, 1.86532020163e-14, 3.60533263603e-15, 2.29043913454e-15, 3.05200815148e-15, 4.3034742377e-16, 6.77687370645e-17, 2.31422818059e-17], "dvar2": [4.17296286415e-09, 7.94540166993e-09, 2.60967993881e-07, 4.48422440513e-07, 1.31958836391e-06, 5.90694355651e-07, 6.81732856833e-08, 1.9712217636e-08, 7.26252906702e-08, 9.63854240865e-09, 1.52554715527e-08, 6.07840533462e-09, 1.07589304132e-09, 1.10197095893e-09, 3.98855032335e-10, 2.55000937033e-10, 1.0005245521e-09, 9.30145793721e-10, 1.14634934878e-09, 3.8454411877e-10, 2.93285062902e-10, 2.16967399602e-09, 3.5472552673e-10, 2.70139521863e-10, 2.02462699384e-10, 4.62089698103e-12, 3.15212200959e-12, 7.24865371719e-13, 1.35205995705e-12, 1.90679910013e-13, 9.32431486623e-14, 2.21100834039e-13, 4.72560426662e-14, 3.06349116539e-14, 7.27408178179e-15, 4.33947472614e-15, 7.11501068837e-15, 9.72385353118e-16, 1.25267424637e-16, 4.80121038514e-17], "max": [0.000537904095836, 0.00398823292926, 0.0142764328048, 0.0145563073456, 0.0228984989226, 0.0304625388235, 0.0147212389857, 0.0051285745576, 0.012732218951, 0.00354514177889, 0.00509386975318, 0.00235150917433, 0.00134449615143, 0.0015377223026, 0.000825245457236, 0.000556503422558, 0.00107688747812, 0.000785252661444, 0.00175829941873, 0.000498128007166, 0.000346830318449, 0.00244673714042, 0.000484869437059, 0.00055833440274, 0.000691205321345, 5.64840738662e-05, 6.21391445748e-05, 2.7037167456e-05, 2.25993699132e-05, 1.40404890772e-05, 6.49298817734e-06, 1.13071855594e-05, 9.238322491e-06, 8.38670621306e-06, 2.81888037534e-06, 2.6451116355e-06, 2.17486899601e-06, 7.92358889612e-07, 3.45708087934e-07, 1.95704927819e-07], "mean": [5.19068489666e-05, 0.000205121585168, 0.000776277040131, 0.000867370225023, 0.00110221514478, 0.000665397848934, 0.000189353682799, 0.000184466713108, 0.000216198561247, 8.64540197654e-05, 0.000116929091746, 4.20491378463e-05, 2.26456631935e-05, 1.90487608052e-05, 1.24098623928e-05, 7.44899944038e-06, 1.15992506835e-05, 1.29706086227e-05, 1.0361072782e-05, 7.63325624575e-06, 5.82240727454e-06, 8.22895344754e-06, 6.66863434162e-06, 5.31727755515e-06, 5.20174307894e-06, 8.24355709028e-07, 6.10839890669e-07, 3.62246225905e-07, 3.8889098164e-07, 2.16827373833e-07, 1.59569040648e-07, 1.69168572484e-07, 1.23097279925e-07, 9.58247952099e-08, 5.6018659933e-08, 4.11208205264e-08, 3.86351537429e-08, 1.76986727496e-08, 7.43229477962e-09, 4.40598801887e-09], "median": [3.12860756821e-05, 4.78946021758e-05, 9.04669286683e-05, 0.000101445417386, 6.92202229402e-05, 3.04767891066e-05, 2.9992806958e-05, 3.76375173801e-05, 2.54392507486e-05, 1.6708718249e-05, 1.22070723592e-05, 7.95834966993e-06, 3.69865392713e-06, 2.4091141313e-06, 1.71420072093e-06, 8.91916386081e-07, 7.99048621047e-07, 5.48530124433e-07, 4.47115866109e-07, 3.58867282557e-07, 1.8506254662e-07, 1.50323515413e-07, 1.44651266965e-07, 9.67640048088e-08, 6.18847124656e-08, 4.3485730572e-08, 3.7624733551e-08, 2.72930655854e-08, 2.69222386606e-08, 3.46049873201e-08, 2.04372447854e-08, 1.30459119063e-08, 6.79183420615e-09, 6.79597489395e-09, 5.89135540352e-09, 3.57809648577e-09, 2.87623480588e-09, 2.53239829107e-09, 1.36644784376e-09, 1.26622312635e-09], "min": [6.37032002237e-24, 3.30709621346e-24, 5.46635247816e-24, 2.58893467917e-23, 8.60610486678e-24, 1.34295996049e-23, 1.54813999981e-23, 7.2759134089e-24, 9.2454032664e-24, 8.48964454248e-24, 4.76338353716e-24, 7.21019656233e-24, 6.96674225406e-24, 2.21015065152e-23, 1.22123477851e-23, 8.21495449781e-24, 6.253307101e-24, 8.22364301182e-24, 6.63875913322e-24, 5.52207485149e-24, 1.08257425173e-23, 7.92294580083e-24, 9.29488298896e-24, 9.63748843554e-24, 1.04345605939e-23, 1.03965469646e-23, 1.35166567167e-23, 9.00714597378e-24, 5.81933578438e-24, 8.3573360026e-24, 1.15359666121e-23, 7.02902597798e-24, 1.13277593979e-23, 1.68345788628e-23, 1.20252386559e-23, 1.02443457193e-23, 8.97365330632e-24, 9.24126490209e-24, 8.79598684211e-24, 1.02697533513e-23], "var": [3.64729135782e-09, 2.02901091484e-07, 1.8960433863e-06, 3.00677243104e-06, 6.76861736792e-06, 5.16193176736e-06, 4.84445536131e-07, 2.51278351016e-07, 4.73301298598e-07, 5.37131548128e-08, 1.53817197202e-07, 1.59025290714e-08, 4.38450653562e-09, 5.0806638896e-09, 1.55911639155e-09, 7.83891895839e-10, 2.07755324055e-09, 2.70967248639e-09, 2.47755727045e-09, 8.27522106395e-10, 3.77400194429e-10, 4.39046177192e-09, 7.80480347018e-10, 7.54585116614e-10, 1.10512310414e-09, 8.44452893028e-12, 5.33060618216e-12, 1.09084215185e-12, 1.95658918754e-12, 4.16048190907e-13, 1.65446920487e-13, 2.77890178316e-13, 2.06365604943e-13, 1.44698109831e-13, 2.10754248661e-14, 1.63674666675e-14, 1.59643975692e-14, 2.46337403973e-15, 3.91957111273e-16, 1.26360176548e-16]}, "mfcc": {"mean": [-801.747680664, 181.667709351, 9.03304958344, 16.5710849762, -9.45510482788, -3.56498646736, -8.0847234726, 1.88942110538, -1.99323821068, -3.63157200813, -4.85631752014, -1.90987932682, -7.79569149017], "cov": [[10310.5117188, -87.1828308105, -2442.47094727, 263.320831299, -260.50112915, -205.264770508, -982.311157227, 46.8076324463, -376.285461426, -117.946060181, -414.285308838, -478.463104248, -352.617126465], [-87.1828308105, 941.939819336, 143.501434326, -117.558822632, -84.4910888672, 9.13578414917, -40.2553138733, -169.523010254, 11.902633667, 13.5236940384, 30.5004177094, -17.1589698792, -23.3767871857], [-2442.47094727, 143.501434326, 820.492736816, -22.085773468, 38.4188804626, 20.8277721405, 225.374969482, 6.93938112259, 83.115737915, 10.5070886612, 85.8868942261, 144.021224976, 95.58934021], [263.320831299, -117.558822632, -22.085773468, 165.91444397, 69.9907913208, -6.14706945419, -39.6769371033, 19.5240097046, -12.3979797363, -5.40394973755, -20.0604877472, -18.735666275, 2.67818570137], [-260.50112915, -84.4910888672, 38.4188804626, 69.9907913208, 152.521774292, 54.0626678467, 7.21206188202, -7.4836564064, 14.3942785263, 26.285741806, 6.45523262024, -12.5083580017, 19.539264679], [-205.264770508, 9.13578414917, 20.8277721405, -6.14706945419, 54.0626678467, 200.405044556, 28.2084236145, -82.615562439, 11.5973863602, 64.8314208984, 52.5599441528, -37.7373161316, 0.794342696667], [-982.311157227, -40.2553138733, 225.374969482, -39.6769371033, 7.21206188202, 28.2084236145, 210.62550354, 52.8056259155, 19.3711357117, -5.14893770218, 32.9324607849, 62.3052749634, 25.3104629517], [46.8076324463, -169.523010254, 6.93938112259, 19.5240097046, -7.4836564064, -82.615562439, 52.8056259155, 182.164718628, 14.5335426331, -38.5457954407, -28.427274704, 31.7740497589, 12.4604701996], [-376.285461426, 11.902633667, 83.115737915, -12.3979797363, 14.3942785263, 11.5973863602, 19.3711357117, 14.5335426331, 115.967330933, 53.3151550293, 15.3770189285, 15.9406499863, 13.7708797455], [-117.946060181, 13.5236940384, 10.5070886612, -5.40394973755, 26.285741806, 64.8314208984, -5.14893770218, -38.5457954407, 53.3151550293, 124.89176178, 53.379196167, -22.9373626709, 11.5915260315], [-414.285308838, 30.5004177094, 85.8868942261, -20.0604877472, 6.45523262024, 52.5599441528, 32.9324607849, -28.427274704, 15.3770189285, 53.379196167, 118.517547607, 38.7298088074, 19.9557723999], [-478.463104248, -17.1589698792, 144.021224976, -18.735666275, -12.5083580017, -37.7373161316, 62.3052749634, 31.7740497589, 15.9406499863, -22.9373626709, 38.7298088074, 134.964782715, 56.2541007996], [-352.617126465, -23.3767871857, 95.58934021, 2.67818570137, 19.539264679, 0.794342696667, 25.3104629517, 12.4604701996, 13.7708797455, 11.5915260315, 19.9557723999, 56.2541007996, 99.2310791016]], "icov": [[0.000789525918663, -0.000427089078585, 0.001662628958, -0.00111996766645, 0.00114952737931, -0.000802597030997, 0.00182959041558, -0.00140496296808, 0.00139729096554, -0.000966960040387, 0.00132530950941, -0.00083989702398, 0.000752065738197], [-0.000427089078585, 0.00181291915942, -0.00137530523352, 0.00140115898103, -0.000103157239209, 0.000940893427469, -0.0005996117834, 0.00225003180094, -0.00108825601637, 0.000885317102075, -0.000987450242974, 0.00105495518073, -0.000272240082268], [0.001662628958, -0.00137530523352, 0.00594514654949, -0.00311100808904, 0.00201430357993, -0.00123955938034, 0.00138773093931, -0.00215315073729, 0.0014717268059, -0.00128431979101, 0.00199938612059, -0.00249486602843, 0.000428894185461], [-0.00111996766645, 0.00140115898103, -0.00311100808904, 0.0108085591346, -0.00574281252921, 0.00164735177532, 3.35903605446e-05, 0.000922730308957, -0.00056693557417, 0.00138048036024, -0.00138693058398, 0.00172979722265, -0.000735706766136], [0.00114952737931, -0.000103157239209, 0.00201430357993, -0.00574281252921, 0.0118324151263, -0.00351434131153, 0.00221136817709, -0.00160796102136, 0.00105360697489, -0.00187758728862, 0.00243831402622, -0.000288394367089, -0.000642480852548], [-0.000802597030997, 0.000940893427469, -0.00123955938034, 0.00164735177532, -0.00351434131153, 0.0105105638504, -0.00492386706173, 0.00575770484284, -0.0019534190651, -4.53713255411e-05, -0.00452781748027, 0.00461659487337, -0.00177018530667], [0.00182959041558, -0.0005996117834, 0.00138773093931, 3.35903605446e-05, 0.00221136817709, -0.00492386706173, 0.0139087475836, -0.00708174146712, 0.00461546424776, -0.00234615337104, 0.00334536493756, -0.00429846253246, 0.00336564611644], [-0.00140496296808, 0.00225003180094, -0.00215315073729, 0.000922730308957, -0.00160796102136, 0.00575770484284, -0.00708174146712, 0.0131297968328, -0.0054624597542, 0.00386499147862, -0.00252852682024, 0.00246870354749, -0.00256955018267], [0.00139729096554, -0.00108825601637, 0.0014717268059, -0.00056693557417, 0.00105360697489, -0.0019534190651, 0.00461546424776, -0.0054624597542, 0.016159337014, -0.00976483244449, 0.00549292657524, -0.00451132515445, 0.00297428993508], [-0.000966960040387, 0.000885317102075, -0.00128431979101, 0.00138048036024, -0.00187758728862, -4.53713255411e-05, -0.00234615337104, 0.00386499147862, -0.00976483244449, 0.0186076499522, -0.00942783150822, 0.00713483104482, -0.00451169069856], [0.00132530950941, -0.000987450242974, 0.00199938612059, -0.00138693058398, 0.00243831402622, -0.00452781748027, 0.00334536493756, -0.00252852682024, 0.00549292657524, -0.00942783150822, 0.0177261084318, -0.00838811416179, 0.00313806650229], [-0.00083989702398, 0.00105495518073, -0.00249486602843, 0.00172979722265, -0.000288394367089, 0.00461659487337, -0.00429846253246, 0.00246870354749, -0.00451132515445, 0.00713483104482, -0.00838811416179, 0.0176683347672, -0.00810987502337], [0.000752065738197, -0.000272240082268, 0.000428894185461, -0.000735706766136, -0.000642480852548, -0.00177018530667, 0.00336564611644, -0.00256955018267, 0.00297428993508, -0.00451169069856, 0.00313806650229, -0.00810987502337, 0.0159780718386]]}, "spectral_contrast_coeffs": {"dmean": [0.0358615256846, 0.0338719822466, 0.0294406507164, 0.0234114862978, 0.0166530217975, 0.0114053199068], "dmean2": [0.0586895570159, 0.0535738877952, 0.0466332994401, 0.0373233221471, 0.0258724428713, 0.0180945061147], "dvar": [0.000865026435349, 0.000799928966444, 0.000599519815296, 0.000402843812481, 0.000236234089243, 9.05610722839e-05], "dvar2": [0.00226123561151, 0.0018953793915, 0.00140268809628, 0.000931711110752, 0.00048503302969, 0.000210423779208], "max": [-0.265681684017, -0.356348752975, -0.442280679941, -0.458474904299, -0.457139194012, -0.618718147278], "mean": [-0.57908809185, -0.690903425217, -0.736319363117, -0.780636548996, -0.80411285162, -0.777586460114], "median": [-0.570540904999, -0.712167084217, -0.751584649086, -0.802753806114, -0.836602389812, -0.784558594227], "min": [-0.960201561451, -0.968976080418, -0.964510023594, -0.964061021805, -0.959326863289, -0.95987534523], "var": [0.0167669262737, 0.0111295580864, 0.00695197237656, 0.00648105656728, 0.00632294267416, 0.00216413545422]}, "spectral_contrast_valleys": {"dmean": [0.327884405851, 0.269373387098, 0.240864723921, 0.202075913548, 0.146302834153, 0.113456524909], "dmean2": [0.561808764935, 0.451291620731, 0.403826028109, 0.337987273932, 0.237794831395, 0.176415547729], "dvar": [0.0813086628914, 0.0609635822475,