{"lowlevel": {"average_loudness": 0.831397354603, "barkbands_crest": {"dmean": 2.50053453445, "dmean2": 4.00925683975, "dvar": 5.69644069672, "dvar2": 13.8310852051, "max": 24.7415790558, "mean": 10.16705513, "median": 9.34305381775, "min": 2.91525697708, "var": 15.4786729813}, "barkbands_flatness_db": {"dmean": 0.0293582603335, "dmean2": 0.042991310358, "dvar": 0.000873956771102, "dvar2": 0.00195220997557, "max": 0.352544844151, "mean": 0.141246914864, "median": 0.136980742216, "min": 0.0209888946265, "var": 0.00223357253708}, "barkbands_kurtosis": {"dmean": 2.94751548767, "dmean2": 4.69540882111, "dvar": 31.6331272125, "dvar2": 81.6052398682, "max": 119.170097351, "mean": 4.41615724564, "median": 2.46203279495, "min": -1.90661275387, "var": 51.3223762512}, "barkbands_skewness": {"dmean": 0.528473615646, "dmean2": 0.822208285332, "dvar": 0.351217120886, "dvar2": 0.828314721584, "max": 9.64836978912, "mean": 1.81152498722, "median": 1.71903598309, "min": -1.94840312004, "var": 1.09198725224}, "barkbands_spread": {"dmean": 5.45681476593, "dmean2": 8.6092042923, "dvar": 38.310131073, "dvar2": 86.3804931641, "max": 136.930679321, "mean": 21.0273990631, "median": 19.2986488342, "min": 1.10616695881, "var": 150.854202271}, "dissonance": {"dmean": 0.0163805186749, "dmean2": 0.0269463472068, "dvar": 0.000233182654483, "dvar2": 0.000582921900786, "max": 0.500000059605, "mean": 0.467152297497, "median": 0.472249686718, "min": 0.229497984052, "var": 0.000551734585315}, "dynamic_complexity": 2.65045452118, "erbbands_crest": {"dmean": 2.6432557106, "dmean2": 4.21936321259, "dvar": 6.62387228012, "dvar2": 15.8224010468, "max": 32.026763916, "mean": 8.72651004791, "median": 7.67267417908, "min": 2.5257525444, "var": 17.8426074982}, "erbbands_flatness_db": {"dmean": 0.0252306107432, "dmean2": 0.0361001454294, "dvar": 0.00067035324173, "dvar2": 0.00140195072163, "max": 0.327504426241, "mean": 0.15721423924, "median": 0.153693407774, "min": 0.0635204017162, "var": 0.00176201737486}, "erbbands_kurtosis": {"dmean": 0.712646067142, "dmean2": 1.14020860195, "dvar": 1.43382120132, "dvar2": 3.36521410942, "max": 29.3723449707, "mean": -0.206376299262, "median": -0.676292419434, "min": -1.75471019745, "var": 2.83752584457}, "erbbands_skewness": {"dmean": 0.354512393475, "dmean2": 0.553823590279, "dvar": 0.115682646632, "dvar2": 0.266416579485, "max": 3.41233158112, "mean": 0.061421893537, "median": 0.0865288898349, "min": -4.27392530441, "var": 0.542578756809}, "erbbands_spread": {"dmean": 8.24907588959, "dmean2": 12.8451337814, "dvar": 68.064994812, "dvar2": 156.464660645, "max": 121.442901611, "mean": 42.87449646, "median": 41.7221374512, "min": 5.51491832733, "var": 228.552825928}, "hfc": {"dmean": 5.32078886032, "dmean2": 8.16206932068, "dvar": 37.4804725647, "dvar2": 88.7889175415, "max": 70.9438323975, "mean": 16.1192760468, "median": 14.515411377, "min": 1.15722925038e-16, "var": 116.625541687}, "melbands_crest": {"dmean": 3.38102555275, "dmean2": 5.46081018448, "dvar": 9.54487705231, "dvar2": 23.2901115417, "max": 33.3344154358, "mean": 15.4174070358, "median": 14.8212871552, "min": 2.52815914154, "var": 25.5843467712}, "melbands_flatness_db": {"dmean": 0.0328570306301, "dmean2": 0.0484420582652, "dvar": 0.00116026750766, "dvar2": 0.00254956423305, "max": 0.469572216272, "mean": 0.217919498682, "median": 0.213193073869, "min": 0.0061622899957, "var": 0.0037014328409}, "melbands_kurtosis": {"dmean": 7.55453681946, "dmean2": 12.0687761307, "dvar": 227.243362427, "dvar2": 582.504089355, "max": 341.543792725, "mean": 15.1540784836, "median": 10.1612453461, "min": -1.80573391914, "var": 377.787963867}, "melbands_skewness": {"dmean": 0.733233213425, "dmean2": 1.14163565636, "dvar": 0.709989011288, "dvar2": 1.63311064243, "max": 15.1958341599, "mean": 3.07862877846, "median": 2.86686754227, "min": -0.820829629898, "var": 2.11103701591}, "melbands_spread": {"dmean": 6.27244091034, "dmean2": 9.99036312103, "dvar": 68.2273635864, "dvar2": 156.754074097, "max": 243.136505127, "mean": 20.5419273376, "median": 16.7172374725, "min": 0.834434449673, "var": 296.003814697}, "pitch_salience": {"dmean": 0.0813228189945, "dmean2": 0.129750907421, "dvar": 0.00534648401663, "dvar2": 0.0130565958098, "max": 0.920887708664, "mean": 0.536094903946, "median": 0.538715362549, "min": 0.0993492081761, "var": 0.0127033293247}, "silence_rate_20dB": {"dmean": 0, "dmean2": 0, "dvar": 0, "dvar2": 0, "max": 1, "mean": 1, "median": 1, "min": 1, "var": 0}, "silence_rate_30dB": {"dmean": 0.000957395881414, "dmean2": 0.00191509735305, "dvar": 0.000956498202868, "dvar2": 0.00254987063818, "max": 1, "mean": 0.999361813068, "median": 1, "min": 0, "var": 0.000637753808405}, "silence_rate_60dB": {"dmean": 0.0223392378539, "dmean2": 0.0446856059134, "dvar": 0.0218387767673, "dvar2": 0.0497040748596, "max": 1, "mean": 0.0508934259415, "median": 0, "min": 0, "var": 0.0483044087887}, "spectral_centroid": {"dmean": 270.194854736, "dmean2": 429.358947754, "dvar": 81533.7578125, "dvar2": 179246.453125, "max": 10560.9697266, "mean": 1275.65393066, "median": 1217.51635742, "min": 234.501434326, "var": 345644.15625}, "spectral_complexity": {"dmean": 4.79719161987, "dmean2": 7.2381105423, "dvar": 22.1935329437, "dvar2": 46.7299156189, "max": 52, "mean": 18.4562854767, "median": 18, "min": 0, "var": 83.957611084}, "spectral_decrease": {"dmean": 2.04095007561e-09, "dmean2": 3.15611181634e-09, "dvar": 6.76415820336e-18, "dvar2": 1.55543125103e-17, "max": 6.24166992142e-29, "mean": -7.10667658055e-09, "median": -6.40258157603e-09, "min": -3.329212106e-08, "var": 2.05607636107e-17}, "spectral_energy": {"dmean": 0.00806329771876, "dmean2": 0.012452442199, "dvar": 0.000103244870843, "dvar2": 0.000237690284848, "max": 0.131493881345, "mean": 0.0282843243331, "median": 0.0255808252841, "min": 1.02608475345e-20, "var": 0.00031672779005}, "spectral_energyband_high": {"dmean": 0.000250235752901, "dmean2": 0.000398274627514, "dvar": 1.55522684508e-07, "dvar2": 3.69407331391e-07, "max": 0.00423754798248, "mean": 0.000397079711547, "median": 0.000245901406743, "min": 7.31210374715e-21, "var": 2.42615016077e-07}, "spectral_energyband_low": {"dmean": 0.00357039831579, "dmean2": 0.00535044120625, "dvar": 3.00295323541e-05, "dvar2": 6.19036800344e-05, "max": 0.0746467635036, "mean": 0.0104377940297, "median": 0.00870523508638, "min": 8.075129849e-23, "var": 8.84935579961e-05}, "spectral_energyband_middle_high": {"dmean": 0.00149416842032, "dmean2": 0.0023138159886, "dvar": 3.5392722566e-06, "dvar2": 8.46963575896e-06, "max": 0.0462497733533, "mean": 0.0043295007199, "median": 0.00360517669469, "min": 1.5031237911e-21, "var": 1.35368109113e-05}, "spectral_energyband_middle_low": {"dmean": 0.00593352084979, "dmean2": 0.00947946682572, "dvar": 6.68401044095e-05, "dvar2": 0.000166624522535, "max": 0.117269217968, "mean": 0.0145955663174, "median": 0.010567093268, "min": 2.45125967632e-22, "var": 0.000183396870852}, "spectral_entropy": {"dmean": 0.23876427114, "dmean2": 0.344682842493, "dvar": 0.060954131186, "dvar2": 0.130782574415, "max": 9.80739784241, "mean": 7.44519519806, "median": 7.49077558517, "min": 5.29378032684, "var": 0.169331654906}, "spectral_flux": {"dmean": 0.0277304369956, "dmean2": 0.042621396482, "dvar": 0.00085617887089, "dvar2": 0.00175836391281, "max": 0.260625660419, "mean": 0.080494299531, "median": 0.0743425786495, "min": 1.01295839772e-10, "var": 0.00169883051421}, "spectral_kurtosis": {"dmean": 2.23677062988, "dmean2": 3.77382254601, "dvar": 9.3152551651, "dvar2": 24.0932693481, "max": 49.1168365479, "mean": 5.11079120636, "median": 4.29901409149, "min": -1.11434853077, "var": 13.6009740829}, "spectral_rms": {"dmean": 0.000749229395296, "dmean2": 0.0011284055654, "dvar": 7.11739630788e-07, "dvar2": 1.50088533246e-06, "max": 0.0113263726234, "mean": 0.00494164507836, "median": 0.00499568833038, "min": 3.16395043845e-12, "var": 3.17454168908e-06}, "spectral_rolloff": {"dmean": 438.400817871, "dmean2": 736.90423584, "dvar": 497137.75, "dvar2": 1082709.5, "max": 19099.9511719, "mean": 1203.42980957, "median": 796.728515625, "min": 21.533203125, "var": 1885628.375}, "spectral_skewness": {"dmean": 0.263467460871, "dmean2": 0.427730292082, "dvar": 0.0770184770226, "dvar2": 0.194852620363, "max": 5.22510576248, "mean": 1.4820690155, "median": 1.42527556419, "min": 0.067074328661, "var": 0.201734110713}, "spectral_spread": {"dmean": 660256.9375, "dmean2": 961563.9375, "dvar": 614571573248, "dvar2": 1051833008130.0, "max": 37946852, "mean": 3988311.5, "median": 3718216.25, "min": 1472391, "var": 2066109825020.0}, "spectral_strongpeak": {"dmean": 0.368882954121, "dmean2": 0.629199802876, "dvar": 0.544985234737, "dvar2": 1.23557686806, "max": 14.2117557526, "mean": 0.73522567749, "median": 0.44864910841, "min": 0, "var": 0.947750627995}, "zerocrossingrate": {"dmean": 0.00902981404215, "dmean2": 0.0107971252874, "dvar": 0.000130482134409, "dvar2": 0.000154585242853, "max": 0.50830078125, "mean": 0.0492570474744, "median": 0.0439453125, "min": 0.0048828125, "var": 0.00121632870287}, "barkbands": {"dmean": [0.000253119069384, 0.00200709677301, 0.00191931705922, 0.00168791518081, 0.00370510015637, 0.00144975224975, 0.000701246608514, 0.000469279824756, 0.000579506857321, 0.000363968167221, 0.00023092412448, 0.000158841488883, 0.000166046476807, 0.000211569364183, 0.000468389334856, 0.0003071296087, 0.000258715910604, 0.00026521331165, 0.000188621677808, 0.000107875763206, 6.55559633742e-05, 4.46104641014e-05, 4.68041325803e-05, 2.96158686979e-05, 2.54050391959e-05, 1.04489272417e-05, 3.78787785849e-06], "dmean2": [0.000377257179935, 0.00283403252251, 0.00317064160481, 0.00282289786264, 0.00603112019598, 0.00231734779663, 0.00112356652971, 0.000739525654353, 0.000917640747502, 0.000570314645302, 0.00036780568189, 0.000261317647528, 0.000271697936114, 0.000352680508513, 0.000759121554438, 0.000498267589137, 0.000410135282436, 0.000429816078395, 0.000312888936605, 0.000174809916643, 0.000107071304228, 7.24717392586e-05, 7.68664904172e-05, 4.61751187686e-05, 3.93283153244e-05, 1.68059323187e-05, 6.44971532893e-06], "dvar": [3.58479923079e-07, 1.24170019262e-05, 1.18100242616e-05, 4.66408391731e-06, 4.48261926067e-05, 7.2515017564e-06, 1.37026768243e-06, 7.4433410191e-07, 8.31811632906e-07, 4.35517137021e-07, 2.57557047689e-07, 7.22202031511e-08, 8.13665010924e-08, 1.63961686894e-07, 1.05083142898e-06, 3.58104216502e-07, 2.52012426927e-07, 1.93888411104e-07, 7.82122668852e-08, 2.30834658055e-08, 1.15511520349e-08, 6.46585851527e-09, 7.91623744334e-09, 3.18842485747e-09, 4.06216260629e-09, 4.30404628604e-10, 4.83281123453e-11], "dvar2": [6.94589743944e-07, 2.2364058168e-05, 3.28487367369e-05, 1.22436058518e-05, 0.000111063287477, 1.74568031071e-05, 3.2096859286e-06, 1.65749156622e-06, 1.83919871688e-06, 1.02317108031e-06, 5.18577678577e-07, 1.74312901891e-07, 1.9212693303e-07, 4.04870405646e-07, 2.65836729341e-06, 8.80040147422e-07, 5.35548110747e-07, 4.19139666974e-07, 2.07129275509e-07, 5.96849787371e-08, 3.06590521859e-08, 1.67821720964e-08, 1.99624299313e-08, 6.55229470681e-09, 7.90174237153e-09, 9.74273439702e-10, 1.25350049784e-10], "max": [0.00741992145777, 0.0517672039568, 0.0374797470868, 0.0254323780537, 0.10121165961, 0.0553080849349, 0.0185807812959, 0.0156727880239, 0.0193510334939, 0.0201849937439, 0.0192980132997, 0.00428832322359, 0.00475913984701, 0.00825711805373, 0.0275619719177, 0.011492610909, 0.0198108330369, 0.0202820077538, 0.00548977172002, 0.00217918888666, 0.00211449549533, 0.00153523986228, 0.00120409659576, 0.000685282924678, 0.00131975824479, 0.000298191123875, 6.52850649203e-05], "mean": [0.000465036166133, 0.00415500532836, 0.00443852180615, 0.00276334467344, 0.0057696797885, 0.00297676282935, 0.00117573607713, 0.000781288079452, 0.000939269259106, 0.000696167116985, 0.000359726836905, 0.000216238477151, 0.000251197168836, 0.000274991296465, 0.000789774232544, 0.000514176499564, 0.00046141751227, 0.000426613260061, 0.000316843768815, 0.000205355740036, 0.000102871636045, 6.19627462584e-05, 5.78892177145e-05, 3.70548477804e-05, 3.25350338244e-05, 1.15943357741e-05, 3.26114218296e-06], "median": [6.69554719934e-05, 0.00206312048249, 0.00305126048625, 0.00197939760983, 0.00246046716347, 0.000842088833451, 0.00043333839858, 0.00027630259865, 0.00043509886018, 0.000338768586516, 0.000157756716362, 0.000104671133158, 0.00012740684906, 0.000121327131637, 0.000279183557723, 0.000242072113906, 0.000248868542258, 0.000251396093518, 0.000206748954952, 0.000138443399919, 7.01572498656e-05, 3.11852127197e-05, 1.95819193323e-05, 1.08064177766e-05, 6.78898231854e-06, 2.6019820325e-06, 4.4935762844e-07], "min": [1.05896829912e-23, 1.55802742463e-23, 1.37372411585e-23, 6.77981645609e-23, 2.08065014092e-23, 4.66365227054e-23, 1.86461884653e-23, 3.46593580219e-23, 4.67156454541e-23, 6.45085325446e-23, 7.98738453496e-23, 2.07478849418e-22, 1.3957856208e-22, 1.27959675932e-22, 4.12060515655e-23, 1.74750133799e-22, 1.35399744984e-22, 1.9625714527e-22, 2.055304892e-22, 2.64328432408e-22, 3.59987472824e-22, 4.39778468846e-22, 5.76343847325e-22, 9.91091822758e-22, 1.05684551229e-21, 1.89630024517e-21, 2.14202620147e-21], "var": [1.03319871414e-06, 3.40795668308e-05, 2.17169144889e-05, 8.03702369012e-06, 8.83895409061e-05, 2.98664417642e-05, 3.61783963854e-06, 1.96972723643e-06, 2.04260709324e-06, 1.42727174079e-06, 7.14814120784e-07, 1.13108349353e-07, 1.37160853342e-07, 2.28392039503e-07, 2.33251262216e-06, 6.90658964686e-07, 5.78022252284e-07, 4.58640698753e-07, 1.36858787414e-07, 5.11094278011e-08, 1.42665141922e-08, 7.77843300881e-09, 1.0426322028e-08, 5.18785103765e-09, 8.58162874096e-09, 6.89309220814e-10, 4.5163237733e-11]}, "erbbands": {"dmean": [0.0805016234517, 0.446387499571, 1.95341515541, 3.62024688721, 8.71171379089, 15.0396518707, 14.2158107758, 10.3889436722, 11.0735445023, 7.74844741821, 11.3050413132, 14.4772319794, 9.16434383392, 11.5012378693, 7.97806358337, 6.48962116241, 7.41363620758, 8.8131313324, 23.7469902039, 17.2867679596, 15.1502685547, 11.9673604965, 15.3283643723, 10.1366262436, 8.08760547638, 5.13071250916, 3.39309287071, 2.10132145882, 1.58746743202, 1.65238976479, 1.17643630505, 0.699289441109, 0.492062181234, 0.323637574911, 0.160519346595, 0.0556979514658, 0.0177142713219, 0.00425165472552, 0.000701109820511, 3.6408957385e-05], "dmean2": [0.112469889224, 0.696155548096, 3.23039889336, 5.96277093887, 14.5264558792, 24.6497612, 22.9187526703, 16.527338028, 17.8569545746, 12.384721756, 17.6370124817, 22.765789032, 14.6912879944, 17.8266372681, 12.846657753, 10.5191879272, 12.0480136871, 14.5080356598, 38.9085960388, 27.1942081451, 24.5769729614, 19.1114902496, 24.7741203308, 16.3770389557, 13.3485374451, 8.26459312439, 5.54443788528, 3.43540811539, 2.61227250099, 2.70601201057, 1.9305062294, 1.10471200943, 0.767957866192, 0.501853883266, 0.249321073294, 0.0877293199301, 0.0289502087981, 0.00708988681436, 0.00119709630962, 5.90014387853e-05], "dvar": [0.0402185246348, 0.604651689529, 13.5434913635, 21.2987270355, 159.920059204, 1041.49414062, 833.52520752, 420.052215576, 371.425811768, 179.776123047, 412.133026123, 544.377990723, 246.715560913, 679.854370117, 167.927536011, 139.594482422, 154.589263916, 254.154724121, 3510.71875, 1125.60925293, 843.196044922, 407.174133301, 801.078979492, 222.33682251, 164.944946289, 51.8540382385, 29.39777565, 12.3030357361, 9.30870723724, 8.39692592621, 5.29181814194, 1.71418225765, 0.913056671619, 0.598183631897, 0.188001990318, 0.0153894396499, 0.00106028805021, 5.95025449002e-05, 1.57410249813e-06, 3.32612337672e-09], "dvar2": [0.0785086005926, 1.36539852619, 37.6032562256, 56.3512840271, 399.233947754, 2636.41601562, 2060.29223633, 930.954833984, 883.719116211, 412.759857178, 886.350219727, 1197.49816895, 551.53918457, 1548.84960938, 395.279602051, 333.770904541, 353.537994385, 576.454223633, 9022.91113281, 2451.24438477, 2091.40698242, 934.272521973, 1661.51965332, 558.613342285, 460.546966553, 128.957794189, 77.0541229248, 31.8065605164, 24.7446022034, 20.682062149, 13.478972435, 3.78170204163, 1.88467633724, 1.22607982159, 0.37230938673, 0.0330798476934, 0.00244203372858, 0.000149966130266, 4.05535683967e-06, 8.54709369946e-09], "max": [2.63218855858, 10.1070346832, 39.919052124, 63.1069793701, 134.999771118, 574.730773926, 538.671447754, 448.098907471, 310.006530762, 255.528366089, 428.347320557, 458.17401123, 326.009002686, 930.877868652, 239.320648193, 195.411483765, 218.780685425, 421.213745117, 1653.23266602, 1410.80566406, 644.732727051, 646.807312012, 1394.14196777, 348.840911865, 279.722412109, 105.313552856, 92.3792495728, 55.4707183838, 72.0902252197, 35.5222816467, 36.8953666687, 17.1057395935, 11.4497480392, 16.9958686829, 9.12368679047, 1.99126684666, 0.455761283636, 0.0752630531788, 0.0118457814679, 0.000559234118555], "mean": [0.133149191737, 0.910534322262, 4.56684589386, 7.68180561066, 12.0454673767, 21.4590549469, 28.528968811, 20.6063766479, 18.7521324158, 13.3733434677, 20.3825531006, 24.5814933777, 15.7647275925, 22.9399185181, 13.1523561478, 9.83787155151, 12.0309371948, 13.2445049286, 37.5630683899, 32.3898010254, 26.9802570343, 22.7298583984, 26.4211425781, 18.2910575867, 14.6205873489, 10.0326547623, 5.70012903214, 3.13351202011, 2.13434815407, 2.18993806839, 1.48309636116, 0.862013578415, 0.598631799221, 0.408592969179, 0.203796461225, 0.0655435174704, 0.0186702888459, 0.00402077147737, 0.000608825590461, 5.81334934395e-05], "median": [0.032049600035, 0.598815858364, 3.00931119919, 6.56148815155, 7.00150823593, 7.97484540939, 7.592045784, 6.83497858047, 7.03087759018, 6.61804819107, 8.45058441162, 11.8300285339, 9.54800987244, 9.93435955048, 7.44387340546, 5.48718357086, 6.56410980225, 7.35191631317, 13.9310998917, 16.2041244507, 14.471075058, 14.3193092346, 15.8984394073, 12.219584465, 9.96846199036, 7.16733932495, 4.03726005554, 2.05383563042, 1.12030291557, 0.784857749939, 0.553937554359, 0.276079058647, 0.158168077469, 0.0936219841242, 0.0358761548996, 0.0133607797325, 0.00431561935693, 0.000762565527111, 9.01114544831e-05, 4.01937068091e-05], "min": [5.72785466176e-22, 2.98651803211e-21, 1.62874754513e-20, 1.48707945585e-19, 1.27235991245e-19, 5.57662292269e-20, 1.61920294715e-19, 4.78286583526e-19, 3.41347039913e-19, 4.16270785051e-19, 6.78490192857e-19, 1.04222833987e-18, 1.74790708058e-18, 2.47349254312e-18, 5.15108859366e-18, 8.16751602108e-18, 6.89227069586e-18, 4.46656065442e-18, 5.79690075793e-18, 4.1265919042e-18, 9.81852799189e-18, 8.55363648639e-18, 1.02393842527e-17, 9.75420477309e-18, 1.20481660361e-17, 1.33008897147e-17, 1.21508869789e-17, 1.53147924377e-17, 1.74172125852e-17, 1.70274186108e-17, 1.66411384996e-17, 2.22381733964e-17, 1.37673128739e-17, 1.02400302807e-17, 8.84364766352e-18, 6.39437951823e-18, 3.68240294629e-18, 1.2636623151e-18, 2.83267561329e-19, 3.37120657509e-20], "var": [0.0845775008202, 1.111135602, 23.1562480927, 40.7086372375, 226.29119873, 1724.22180176, 3670.11010742, 1360.55078125, 948.006408691, 388.676147461, 1240.81799316, 1392.54016113, 528.940307617, 2294.54272461, 353.910339355, 228.469848633, 284.968139648, 462.049530029, 7005.21777344, 2807.96948242, 1585.58178711, 914.114318848, 2039.58581543, 471.365081787, 298.906738281, 115.718986511, 42.6724433899, 14.1780891418, 9.47585391998, 12.8003635406, 6.58021450043, 2.4588470459, 1.48375225067, 1.21294283867, 0.381283074617, 0.0273661464453, 0.00159449421335, 6.48009299766e-05, 1.51100562107e-06, 3.56170204441e-09]}, "gfcc": {"mean": [-10.1225528717, 106.267417908, -118.589744568, 39.2736434937, -45.0159683228, -0.643089294434, -35.4470863342, 6.38651609421, -22.8487606049, -6.24703121185, -18.5146064758, -5.79949998856, -8.92104530334], "cov": [[8686.57519531, 169.017089844, -100.217216492, -67.4098815918, -89.3987350464, 30.754283905, -367.380371094, 76.9002685547, -138.020263672, -31.1548633575, -294.078979492, -53.2986869812, -189.935638428], [169.017089844, 1425.72094727, -323.707244873, -1.25052452087, 329.397094727, -251.907989502, 123.772865295, -36.5469436646, 81.4504013062, -90.9411315918, 95.3239822388, -57.7145233154, 97.268081665], [-100.217216492, -323.707244873, 617.139282227, 15.0606937408, -58.6178741455, 193.587738037, 10.4659948349, 54.7424354553, 17.419216156, 39.9362030029, -15.7243299484, 50.1505203247, -70.3488540649], [-67.4098815918, -1.25052452087, 15.0606937408, 287.090423584, 56.5190963745, 75.373916626, 54.2286872864, 14.0168066025, 27.1441326141, 11.5492448807, 10.1520967484, -4.68766212463, 28.1893901825], [-89.3987350464, 329.397094727, -58.6178741455, 56.5190963745, 370.318939209, -10.4987506866, 110.756202698, 48.3564109802, 63.468132019, 6.56747722626, 0.103032007813, -22.7811279297, 22.0606594086], [30.754283905, -251.907989502, 193.587738037, 75.373916626, -10.4987506866, 233.943130493, 48.9542884827, 59.8152427673, 10.056552887, 15.3280000687, -32.9343528748, 9.25675201416, -35.0703620911], [-367.380371094, 123.772865295, 10.4659948349, 54.2286872864, 110.756202698, 48.9542884827, 165.851150513, 73.3927154541, 51.7505569458, -1.38779258728, 14.8495578766, -3.99187779427, 16.5468521118], [76.9002685547, -36.5469436646, 54.7424354553, 14.0168066025, 48.3564109802, 59.8152427673, 73.3927154541, 131.118041992, 53.6600494385, 19.4136390686, -14.3908481598, -0.255151540041, -6.36382055283], [-138.020263672, 81.4504013062, 17.419216156, 27.1441326141, 63.468132019, 10.056552887, 51.7505569458, 53.6600494385, 98.7479019165, 34.1743049622, 12.9205713272, 1.24589025974, 1.68864941597], [-31.1548633575, -90.9411315918, 39.9362030029, 11.5492448807, 6.56747722626, 15.3280000687, -1.38779258728, 19.4136390686, 34.1743049622, 89.0042877197, 34.3005752563, 12.9961919785, -8.46610069275], [-294.078979492, 95.3239822388, -15.7243299484, 10.1520967484, 0.103032007813, -32.9343528748, 14.8495578766, -14.3908481598, 12.9205713272, 34.3005752563, 99.4505233765, 36.1848945618, 26.4037036896], [-53.2986869812, -57.7145233154, 50.1505203247, -4.68766212463, -22.7811279297, 9.25675201416, -3.99187779427, -0.255151540041, 1.24589025974, 12.9961919785, 36.1848945618, 81.8881378174, 24.066740036], [-189.935638428, 97.268081665, -70.3488540649, 28.1893901825, 22.0606594086, -35.0703620911, 16.5468521118, -6.36382055283, 1.68864941597, -8.46610069275, 26.4037036896, 24.066740036, 82.8562469482]], "icov": [[0.000195420623641, -0.000279051600955, 0.000116899449495, -0.0001490230934, 7.73608771851e-05, -0.000131582477479, 0.000612698670011, -0.000570064876229, 0.000538138032425, -0.000494745734613, 0.00081739545567, -0.000527094583958, 0.000514183950145], [-0.000279051600955, 0.00213289749809, -0.000134080852149, 0.000412482157117, -0.00126356165856, 0.00123950268608, -0.00116581865586, 0.00135419925209, -0.00242664292455, 0.00347638665698, -0.00352138117887, 0.00232021324337, -0.00134696788155], [0.000116899449495, -0.000134080852149, 0.0026568993926, 2.21505415539e-05, 0.000181970317499, -0.00182126509026, 0.000502482173033, -0.000483039650135, -1.62502019521e-05, -0.000577527389396, 0.000566400703974, -0.00214018695988, 0.00209936569445], [-0.0001490230934, 0.000412482157117, 2.21505415539e-05, 0.00465972255915, -0.000530782272108, -0.00193241040688, -0.00102512235753, 0.00164653651882, -0.00156977307051, 0.000368973414879, -0.00143185746856, 0.00188153970521, -0.00275832391344], [7.73608771851e-05, -0.00126356165856, 0.000181970317499, -0.000530782272108, 0.00455561280251, -4.23273631895e-05, -0.0019372421084, -0.00031614821637, 4.85134369228e-05, -0.00256023206748, 0.00283569702879, -0.000701239157934, 0.000164951532497], [-0.000131582477479, 0.00123950268608, -0.00182126509026, -0.00193241040688, -4.23273631895e-05, 0.009028730914, -0.00306338816881, -0.00113777350634, 0.000651591981295, 0.00045803168905, 0.00112279993482, -0.000414406735217, 0.00150769029278], [0.000612698670011, -0.00116581865586, 0.000502482173033, -0.00102512235753, -0.0019372421084, -0.00306338816881, 0.0141578381881, -0.00683269137517, -0.000698323536199, 0.00227534025908, -0.00177286227699, 5.80325031478e-05, 0.000210314465221], [-0.000570064876229, 0.00135419925209, -0.000483039650135, 0.00164653651882, -0.00031614821637, -0.00113777350634, -0.00683269137517, 0.0156622361392, -0.00692756706849, -0.000128826883156, 0.000781594368163, 0.00114208750892, -0.00214955885895], [0.000538138032425, -0.00242664292455, -1.62502019521e-05, -0.00156977307051, 4.85134369228e-05, 0.000651591981295, -0.000698323536199, -0.00692756706849, 0.0200125370175, -0.00940905790776, 0.00448339898139, -0.00310540525243, 0.0025768885389], [-0.000494745734613, 0.00347638665698, -0.000577527389396, 0.000368973414879, -0.00256023206748, 0.00045803168905, 0.00227534025908, -0.000128826883156, -0.00940905790776, 0.0232244040817, -0.0135074211285, 0.0042087319307, 0.000226869931794], [0.00081739545567, -0.00352138117887, 0.000566400703974, -0.00143185746856, 0.00283569702879, 0.00112279993482, -0.00177286227699, 0.000781594368163, 0.00448339898139, -0.0135074211285, 0.0246116667986, -0.0108816931024, 0.000956232717726], [-0.000527094583958, 0.00232021324337, -0.00214018695988, 0.00188153970521, -0.000701239157934, -0.000414406735217, 5.80325031478e-05, 0.00114208750892, -0.00310540525243, 0.0042087319307, -0.0108816931024, 0.0214908663183, -0.00858323089778], [0.000514183950145, -0.00134696788155, 0.00209936569445, -0.00275832391344, 0.000164951532497, 0.00150769029278, 0.000210314465221, -0.00214955885895, 0.0025768885389, 0.000226869931794, 0.000956232717726, -0.00858323089778, 0.0200961399823]]}, "melbands": {"dmean": [0.000605362351052, 0.000847683520988, 0.000711936154403, 0.000882031628862, 0.000512940110639, 0.000241331421421, 0.00015884131426, 8.44328751555e-05, 9.93118301267e-05, 8.4882871306e-05, 4.5920998673e-05, 4.85477794427e-05, 2.99732073472e-05, 1.93439791474e-05, 1.66696318047e-05, 1.5950497982e-05, 1.75735149242e-05, 3.75556846848e-05, 2.97088772641e-05, 2.44000184466e-05, 1.76838784682e-05, 1.29480995383e-05, 1.653104664e-05, 1.33899484354e-05, 8.46694092616e-06, 7.91760248831e-06, 4.09446420235e-06, 3.56110649591e-06, 2.4883822789e-06, 1.53593293817e-06, 1.25802807815e-06, 9.14284441933e-07, 9.1447310524e-07, 9.86625309451e-07, 7.51428217427e-07, 5.25688960806e-07, 4.11066110928e-07, 3.58167454806e-07, 3.21765014633e-07, 2.66389577064e-07], "dmean2": [0.000827459560242, 0.00138534454163, 0.00118432880845, 0.00142008601688, 0.000835125334561, 0.000383937847801, 0.00025416148128, 0.00013502969523, 0.000156162073836, 0.000133695459226, 7.36854271963e-05, 7.52775013098e-05, 4.81723291159e-05, 3.18265992973e-05, 2.72038796538e-05, 2.6146772143e-05, 2.89477266051e-05, 6.19097336312e-05, 4.78208494314e-05, 3.87153631891e-05, 2.87652273983e-05, 2.09674180951e-05, 2.64286099991e-05, 2.1809768441e-05, 1.37933138831e-05, 1.31742372105e-05, 6.65625384499e-06, 5.7894631027e-06, 4.06301296607e-06, 2.56635257756e-06, 2.08088249565e-06, 1.50974199187e-06, 1.50113567088e-06, 1.62609876497e-06, 1.23645634176e-06, 8.6627261453e-07, 6.43374505671e-07, 5.61270780963e-07, 5.09704420892e-07, 4.15645814655e-07], "dvar": [1.52697282374e-06, 2.46508466262e-06, 8.12890050383e-07, 2.7952974051e-06, 9.26139307467e-07, 1.9909873572e-07, 7.39967944696e-08, 2.19680948987e-08, 2.80063225944e-08, 1.8311375527e-08, 6.30156504755e-09, 1.1714212711e-08, 2.92630497611e-09, 1.00330455055e-09, 7.37413852203e-10, 8.57815152244e-10, 1.19425902501e-09, 8.46091463558e-09, 3.37699845865e-09, 2.45090725493e-09, 1.17093079677e-09, 4.84520701338e-10, 1.39366373997e-09, 4.47264114634e-10, 1.87445739486e-10, 1.77361195175e-10, 3.70515701453e-11, 2.80668387836e-11, 1.5487207003e-11, 7.32852840912e-12, 4.73641612042e-12, 3.48118430783e-12, 2.82236625564e-12, 3.30957678797e-12, 2.16951695324e-12, 1.27363506026e-12, 6.35842832379e-13, 5.25207861143e-13, 4.85798630056e-13, 4.67397171314e-13], "dvar2": [2.81206257569e-06, 6.66985033604e-06, 2.11704195863e-06, 6.77676598571e-06, 2.35082120525e-06, 4.51571054327e-07, 1.74310784473e-07, 5.13805105129e-08, 6.06771308753e-08, 4.06196036806e-08, 1.41264404618e-08, 2.70526729906e-08, 6.49855147472e-09, 2.45728970505e-09, 1.71641523217e-09, 1.99242777832e-09, 2.68636846101e-09, 2.17111146839e-08, 8.18372036804e-09, 5.68638824916e-09, 2.84489187763e-09, 1.16154896812e-09, 2.82613221714e-09, 1.03437280963e-09, 4.76564065988e-10, 4.90206431003e-10, 1.02036719352e-10, 7.14623707432e-11, 4.02024039059e-11, 1.96962984117e-11, 1.22838354072e-11, 9.41971500801e-12, 7.26901611819e-12, 8.18753571885e-12, 5.54002720435e-12, 3.26860196895e-12, 1.3389424118e-12, 1.08610787464e-12, 1.03281695262e-12, 9.76651485379e-13], "max": [0.0180742777884, 0.0168567690998, 0.00950761977583, 0.0274190623313, 0.017515707761, 0.00863859243691, 0.00441136397421, 0.00242471438833, 0.00319806532934, 0.00245444197208, 0.00168782961555, 0.00387624488212, 0.00138419447467, 0.000451516825706, 0.000548819254618, 0.000642636907287, 0.000968415581156, 0.00243256986141, 0.00112209201325, 0.0014904824784, 0.0007739107823, 0.000488869089168, 0.00157694157679, 0.00073045148747, 0.000325350178173, 0.000315969664371, 0.000135116948513, 6.86088606017e-05, 6.51409864076e-05, 5.60028965992e-05, 2.65118396783e-05, 5.56753511773e-05, 2.51556484727e-05, 2.17382894334e-05, 1.99618261831e-05, 1.84080345207e-05, 1.05288090708e-05, 8.90495994099e-06, 1.51283175001e-05, 1.56938276632e-05], "mean": [0.00113838608377, 0.00199894281104, 0.00144548062235, 0.00123682280537, 0.000999835552648, 0.000482200324768, 0.000270697491942, 0.000141680618981, 0.000177756461198, 0.000140207339427, 7.49988175812e-05, 9.49865498114e-05, 4.76471577713e-05, 2.66251608991e-05, 2.59954449575e-05, 2.36203668464e-05, 2.36034757108e-05, 5.59665168112e-05, 5.00793212268e-05, 4.12808913097e-05, 2.87648308586e-05, 2.16747612285e-05, 2.86135582428e-05, 2.06687636819e-05, 1.38698214869e-05, 1.21817038234e-05, 7.87570752436e-06, 6.25401708021e-06, 3.99370992454e-06, 2.25254825637e-06, 1.70708347014e-06, 1.17433944524e-06, 1.21777588902e-06, 1.23360337057e-06, 9.42593828768e-07, 5.98216729486e-07, 5.01633735439e-07, 4.23634674007e-07, 3.82692036283e-07, 3.34679242542e-07], "median": [0.000452298263554, 0.00152851757593, 0.00124861043878, 0.000552912475541, 0.000311646901537, 0.000155030109454, 9.77059389697e-05, 6.71740417602e-05, 7.31285763322e-05, 6.47167325951e-05, 4.26821170549e-05, 3.90026107198e-05, 2.38661195908e-05, 1.36907456181e-05, 1.36590952025e-05, 1.13775868158e-05, 1.05286617327e-05, 1.92307961697e-05, 1.92218540178e-05, 1.91336785065e-05, 1.37492388603e-05, 1.30179914777e-05, 1.33122739499e-05, 1.1867563444e-05, 8.18606531539e-06, 7.28334543965e-06, 5.23822473042e-06, 4.13423276768e-06, 2.55291979556e-06, 1.43959550769e-06, 1.03060801848e-06, 6.17071350462e-07, 5.29747808287e-07, 3.74574625539e-07, 3.46713648014e-07, 2.06861642482e-07, 1.46115326061e-07, 1.17137318512e-07, 9.06321417915e-08, 7.00965401279e-08], "min": [5.04860526934e-24, 6.42776014032e-24, 2.41937754729e-23, 6.5568875986e-24, 4.63384389905e-24, 1.01186533558e-23, 4.56297302976e-24, 5.64486539013e-24, 5.04097777325e-24, 7.09732318857e-24, 8.95485711753e-24, 9.75824252974e-24, 1.45615613614e-23, 2.22437854681e-23, 1.68835513478e-23, 1.49418428048e-23, 6.7503750627e-24, 1.13041566796e-23, 3.11032689078e-24, 9.62519009402e-24, 1.10287826926e-23, 7.89746480473e-24, 9.77370104804e-24, 8.87870206347e-24, 7.86530452335e-24, 6.69834258625e-24, 1.02642723458e-23, 8.74370035245e-24, 6.06206986264e-24, 9.34828177249e-24, 8.60049448802e-24, 9.20519739264e-24, 9.22924108417e-24, 1.03439614967e-23, 9.27497371743e-24, 1.12041661933e-23, 1.42332563853e-23, 9.96540844751e-24, 8.2202374993e-24, 8.49163562741e-24], "var": [3.83373253499e-06, 3.94090284317e-06, 1.40454562825e-06, 4.3964669203e-06, 3.67353391084e-06, 7.04267961282e-07, 1.98811548557e-07, 4.4667320509e-08, 8.25454264941e-08, 4.5473527166e-08, 1.34632740512e-08, 4.0254651168e-08, 7.2787598171e-09, 1.51196932752e-09, 1.36405353679e-09, 1.4745235033e-09, 2.08125428003e-09, 1.58399089401e-08, 7.9377722173e-09, 5.22793230928e-09, 2.10646367016e-09, 8.62302063087e-10, 3.69298791547e-09, 9.04623098652e-10, 3.59069135536e-10, 2.56700050105e-10, 8.14373846136e-11, 5.40938648042e-11, 2.58119706165e-11, 8.05837861717e-12, 5.13412489606e-12, 3.1905934058e-12, 3.74163287159e-12, 4.9147717146e-12, 2.88438825775e-12, 1.28544765977e-12, 9.523974491e-13, 7.59067017141e-13, 9.06114159399e-13, 9.04611184138e-13]}, "mfcc": {"mean": [-651.716247559, 133.588424683, -8.81995773315, 38.9068565369, 9.08687591553, -0.436752438545, -1.20820343494, 4.35934114456, 0.858180165291, 2.5578494072, -5.77235555649, -6.64310455322, -4.1758723259], "cov": [[6100.55859375, 91.4592971802, -258.368530273, 18.7067832947, 44.5805358887, -1.41102528572, -199.721832275, -23.3881759644, -36.8503646851, 4.33129692078, -39.5381698608, -161.556243896, -55.2191886902], [91.4592971802, 1271.92504883, -419.26776123, 197.148635864, 95.3606414795, -83.6658172607, 25.2060012817, 21.3823032379, 25.0690746307, -1.17069089413, -3.43605017662, -5.06590843201, 25.0001964569], [-258.368530273, -419.26776123, 623.003112793, -122.172836304, -21.9585971832, 88.3924102783, 4.44761657715, 49.2332649231, -13.9173746109, -18.5538005829, 61.8180809021, 36.8670158386, -0.473326563835], [18.7067832947, 197.148635864, -122.172836304, 246.356033325, 68.6037063599, 22.9258861542, 36.3084030151, 13.678442955, 39.5650367737, 35.4072113037, -8.33937168121, 3.8726170063, 17.9289588928], [44.5805358887, 95.3606414795, -21.9585971832, 68.6037063599, 156.167678833, 58.5997695923, 31.639585495, 27.8442382812, 40.8546981812, 27.6095275879, 22.6696910858, -2.24771571159, 12.025645256], [-1.41102528572, -83.6658172607, 88.3924102783, 22.9258861542, 58.5997695923, 139.440292358, 46.4514923096, 42.0104866028, 24.8007640839, 15.1704311371, 25.505241394, 2.576212883, 8.09181785583], [-199.721832275, 25.2060012817, 4.44761657715, 36.3084030151, 31.639585495, 46.4514923096, 115.868186951, 52.9603462219, 41.6651115417, 23.1837749481, 6.23315191269, 19.2658500671, 12.1699523926], [-23.3881759644, 21.3823032379, 49.2332649231, 13.678442955, 27.8442382812, 42.0104866028, 52.9603462219, 130.599838257, 76.4011764526, 23.7463474274, 18.4885902405, 1.69703483582, 26.1301059723], [-36.8503646851, 25.0690746307, -13.9173746109, 39.5650367737, 40.8546981812, 24.8007640839, 41.6651115417, 76.4011764526, 125.195198059, 63.4508972168, 10.3128328323, 2.34649467468, 20.9394245148], [4.33129692078, -1.17069089413, -18.5538005829, 35.4072113037, 27.6095275879, 15.1704311371, 23.1837749481, 23.7463474274, 63.4508972168, 91.4029312134, 38.224647522, 6.47518014908, 3.96933913231], [-39.5381698608, -3.43605017662, 61.8180809021, -8.33937168121, 22.6696910858, 25.505241394, 6.23315191269, 18.4885902405, 10.3128328323, 38.224647522, 96.3523635864, 35.7674102783, 0.889341711998], [-161.556243896, -5.06590843201, 36.8670158386, 3.8726170063, -2.24771571159, 2.576212883, 19.2658500671, 1.69703483582, 2.34649467468, 6.47518014908, 35.7674102783, 84.8019180298, 29.4595870972], [-55.2191886902, 25.0001964569, -0.473326563835, 17.9289588928, 12.025645256, 8.09181785583, 12.1699523926, 26.1301059723, 20.9394245148, 3.96933913231, 0.889341711998, 29.4595870972, 83.1654815674]], "icov": [[0.000188006160897, 5.73140596316e-06, 9.305356798e-05, -1.52452571456e-06, -6.36443510302e-05, -0.000130466651171, 0.000410409353208, -0.000190730279428, 0.000147379236296, -0.000138099421747, 3.90438726754e-05, 0.000206514130696, 4.16451512137e-05], [5.73140596316e-06, 0.00124901696108, 0.000704909092747, -0.000675367657095, -0.000634220603388, 0.000976009352598, -0.000233761500567, -0.000542443711311, 6.283690891e-05, 0.000983657082543, -0.000918680569157, 0.000186585093616, -0.000139704963658], [9.305356798e-05, 0.000704909092747, 0.00271316501312, 0.000579546729568, 0.000108839914901, -0.00117166666314, 0.000587485090364, -0.00133662472945, 0.000382439728128, 0.00101079966407, -0.0013134238543, -0.000687940104399, 0.000285837129923], [-1.52452571456e-06, -0.000675367657095, 0.000579546729568, 0.00589942606166, -0.00153735582717, -0.00113642867655, -0.00046485682833, 0.000293634162517, 0.000130608517793, -0.00234484462999, 0.0020593975205, -0.00105001486372, -0.000328909663949], [-6.36443510302e-05, -0.000634220603388, 0.000108839914901, -0.00153735582717, 0.00973946042359, -0.00366807589307, -0.000636462646071, 0.00147796329111, -0.00264524575323, 0.000857057224493, -0.0025035510771, 0.00172519811895, -0.000901440100279], [-0.000130466651171, 0.000976009352598, -0.00117166666314, -0.00113642867655, -0.00366807589307, 0.0121278204024, -0.00389135209844, -0.00120106164832, 0.000492762483191, 0.00120801117737, -0.0025020535104, 0.00201006280258, -0.000711492146365], [0.000410409353208, -0.000233761500567, 0.000587485090364, -0.00046485682833, -0.000636462646071, -0.00389135209844, 0.0143388975412, -0.00528690451756, 0.000801232992671, -0.00307108648121, 0.00384122715332, -0.00462719984353, 0.00202267523855], [-0.000190730279428, -0.000542443711311, -0.00133662472945, 0.000293634162517, 0.00147796329111, -0.00120106164832, -0.00528690451756, 0.0173464491963, -0.0113658187911, 0.00603447435424, -0.00499005056918, 0.00435325317085, -0.00372284487821], [0.000147379236296, 6.283690891e-05, 0.000382439728128, 0.000130608517793, -0.00264524575323, 0.000492762483191, 0.000801232992671, -0.0113658187911, 0.0224961265922, -0.0147512406111, 0.0066699469462, -0.00207916949876, -0.000453488028143], [-0.000138099421747, 0.000983657082543, 0.00101079966407, -0.00234484462999, 0.000857057224493, 0.00120801117737, -0.00307108648121, 0.00603447435424, -0.0147512406111, 0.0260477345437, -0.012531882152, 0.0038425012026, -0.000320441002259], [3.90438726754e-05, -0.000918680569157, -0.0013134238543, 0.0020593975205, -0.0025035510771, -0.0025020535104, 0.00384122715332, -0.00499005056918, 0.0066699469462, -0.012531882152, 0.021153183654, -0.00965844932944, 0.00357569707558], [0.000206514130696, 0.000186585093616, -0.000687940104399, -0.00105001486372, 0.00172519811895, 0.00201006280258, -0.00462719984353, 0.00435325317085, -0.00207916949876, 0.0038425012026, -0.00965844932944, 0.0199163146317, -0.00744375213981], [4.16451512137e-05, -0.000139704963658, 0.000285837129923, -0.000328909663949, -0.000901440100279, -0.000711492146365, 0.00202267523855, -0.00372284487821, -0.000453488028143, -0.000320441002259, 0.00357569707558, -0.00744375213981, 0.0159677099437]]}, "spectral_contrast_coeffs": {"dmean": [0.0548214130104, 0.0531110987067, 0.042995467782, 0.0377257876098, 0.0276543311775, 0.0211417358369], "dmean2": [0.0881410688162, 0.085500150919, 0.0684571489692, 0.0597392506897, 0.0427193641663, 0.0333635061979], "dvar": [0.00228187791072, 0.00190351298079, 0.00123797601555, 0.00098187266849, 0.000579340325203, 0.000365048676031], "dvar2": [0.00575589761138, 0.00475820433348, 0.00289744394831, 0.00229653483257, 0.00126215757336, 0.000892303476576], "max": [-0.292467623949, -0.412746965885, -0.505618691444, -0.504677653313, -0.587367832661, -0.588656365871], "mean": [-0.606152117252, -0.71906131506, -0.766525089741, -0.771370172501, -0.773675203323, -0.756877601147], "median": [-0.611181259155, -0.726169764996, -0.772192001343, -0.777234792709, -0.779447495937, -0.757853388786], "min": [-0.965155661106, -0.975569963455, -0.965252578259, -0.952651917934, -0.958122313023, -0.960773527622], "var": [0.00804513227195, 0.00650387909263, 0.00392590416595, 0.0036098593846, 0.00236550346017, 0.00131624692585]}, "spectral_contrast_valleys": {"dmean": [0.429217249155, 0.47728523612, 0.467052519321, 0.460760176182, 0.42687985301, 0.627927303314], "dmean2": [0.65945571661, 0.741732776165, 0.719459593296, 0.684872686863, 0.612444877625, 0.828868627548], "dvar": [0.197225093842, 0.205607503653, 0.195990473032, 0.203317910433, 0.198897629976, 0.444594442844], "dvar2": [0.363431483507, 0.427650481462, 0.413097709417, 0.415330201387, 0.399879306555, 0.989657580853], "max": [-5.3118510246