{"lowlevel": {"average_loudness": 0.770279884338, "barkbands_crest": {"dmean": 1.89199268818, "dmean2": 2.84003353119, "dvar": 4.30545330048, "dvar2": 10.5781183243, "max": 26.5253143311, "mean": 13.4658823013, "median": 12.5325889587, "min": 3.69051814079, "var": 26.1383285522}, "barkbands_flatness_db": {"dmean": 0.0230117999017, "dmean2": 0.0311321783811, "dvar": 0.000606932735536, "dvar2": 0.00117697124369, "max": 0.508739769459, "mean": 0.287893593311, "median": 0.281773000956, "min": 0.0562075413764, "var": 0.00518576614559}, "barkbands_kurtosis": {"dmean": 2.62178969383, "dmean2": 3.84259819984, "dvar": 24.9738407135, "dvar2": 49.4923820496, "max": 178.555236816, "mean": 6.92021369934, "median": 3.57894396782, "min": -1.50778651237, "var": 148.96043396}, "barkbands_skewness": {"dmean": 0.493867844343, "dmean2": 0.724128544331, "dvar": 0.335344225168, "dvar2": 0.733417928219, "max": 8.66909599304, "mean": 1.02416336536, "median": 1.04960036278, "min": -2.783411026, "var": 1.25062119961}, "barkbands_spread": {"dmean": 1.34091806412, "dmean2": 1.99064922333, "dvar": 9.31093788147, "dvar2": 23.4572639465, "max": 93.7367782593, "mean": 5.83332443237, "median": 5.11046123505, "min": 0.161747336388, "var": 18.7979736328}, "dissonance": {"dmean": 0.0411440953612, "dmean2": 0.0678107216954, "dvar": 0.00158028339501, "dvar2": 0.00433087069541, "max": 0.5, "mean": 0.365177810192, "median": 0.376040697098, "min": 0.133533105254, "var": 0.00504597183317}, "dynamic_complexity": 5.84973955154, "erbbands_crest": {"dmean": 2.37288665771, "dmean2": 3.45440363884, "dvar": 6.11803102493, "dvar2": 12.7929353714, "max": 33.7835617065, "mean": 14.6385564804, "median": 13.1303224564, "min": 2.74401783943, "var": 38.0859260559}, "erbbands_flatness_db": {"dmean": 0.0197262819856, "dmean2": 0.0271483324468, "dvar": 0.000504351570271, "dvar2": 0.000956884992775, "max": 0.517840981483, "mean": 0.327061086893, "median": 0.312114298344, "min": 0.048196144402, "var": 0.00573814800009}, "erbbands_kurtosis": {"dmean": 1.55421125889, "dmean2": 2.20173311234, "dvar": 6.31632614136, "dvar2": 11.3795604706, "max": 61.2697067261, "mean": 4.1582403183, "median": 1.61969828606, "min": -1.66809809208, "var": 55.5259056091}, "erbbands_skewness": {"dmean": 0.325729250908, "dmean2": 0.460357069969, "dvar": 0.124954007566, "dvar2": 0.249688699841, "max": 5.72842550278, "mean": 1.1432608366, "median": 0.930392920971, "min": -1.84856975079, "var": 1.04333722591}, "erbbands_spread": {"dmean": 2.05087947845, "dmean2": 2.95389819145, "dvar": 8.40978717804, "dvar2": 18.3710308075, "max": 74.717590332, "mean": 11.5723896027, "median": 10.948132515, "min": 0.744330585003, "var": 47.3514060974}, "hfc": {"dmean": 3.32463788986, "dmean2": 4.8853764534, "dvar": 35.4466972351, "dvar2": 79.4473190308, "max": 73.1574325562, "mean": 12.3017349243, "median": 10.4922733307, "min": 1.19882386205e-16, "var": 125.06048584}, "melbands_crest": {"dmean": 2.28844118118, "dmean2": 3.44029998779, "dvar": 6.91808652878, "dvar2": 16.5954856873, "max": 34.2987251282, "mean": 16.3369503021, "median": 15.0727758408, "min": 1.81369245052, "var": 39.9924964905}, "melbands_flatness_db": {"dmean": 0.0240735299885, "dmean2": 0.0318708606064, "dvar": 0.00075778743485, "dvar2": 0.00142741820309, "max": 0.601488471031, "mean": 0.363321304321, "median": 0.356968402863, "min": 0.00699729193002, "var": 0.00599080137908}, "melbands_kurtosis": {"dmean": 2.78448629379, "dmean2": 4.18568229675, "dvar": 18.777349472, "dvar2": 41.679271698, "max": 114.562698364, "mean": 7.15992021561, "median": 4.431183815, "min": -1.44017755985, "var": 80.8434448242}, "melbands_skewness": {"dmean": 0.48069819808, "dmean2": 0.716893672943, "dvar": 0.310366481543, "dvar2": 0.718706488609, "max": 6.70899295807, "mean": 1.14635431767, "median": 1.19100880623, "min": -2.85169243813, "var": 1.37196397781}, "melbands_spread": {"dmean": 2.02139616013, "dmean2": 2.88983035088, "dvar": 18.7870578766, "dvar2": 22.4670848846, "max": 138.344543457, "mean": 8.43354797363, "median": 7.36934328079, "min": 0.363606631756, "var": 43.4165916443}, "pitch_salience": {"dmean": 0.054654635489, "dmean2": 0.0837973430753, "dvar": 0.00373303075321, "dvar2": 0.00898959767073, "max": 0.971238732338, "mean": 0.502991974354, "median": 0.514276742935, "min": 0.109194166958, "var": 0.0164172705263}, "silence_rate_20dB": {"dmean": 0, "dmean2": 0, "dvar": 0, "dvar2": 0, "max": 1, "mean": 1, "median": 1, "min": 1, "var": 0}, "silence_rate_30dB": {"dmean": 0, "dmean2": 0, "dvar": 0, "dvar2": 0, "max": 1, "mean": 1, "median": 1, "min": 1, "var": 0}, "silence_rate_60dB": {"dmean": 0.0381045415998, "dmean2": 0.0762463361025, "dvar": 0.036651071161, "dvar2": 0.0811854749918, "max": 1, "mean": 0.2197265625, "median": 0, "min": 0, "var": 0.17144587636}, "spectral_centroid": {"dmean": 59.8973617554, "dmean2": 81.6259689331, "dvar": 44280.375, "dvar2": 33123.4179688, "max": 11243.3544922, "mean": 620.392272949, "median": 599.54888916, "min": 333.978912354, "var": 91593.03125}, "spectral_complexity": {"dmean": 1.61797749996, "dmean2": 2.54056692123, "dvar": 3.43781399727, "dvar2": 6.91885042191, "max": 29, "mean": 10.5620117188, "median": 11, "min": 0, "var": 43.7930374146}, "spectral_decrease": {"dmean": 1.32599475844e-09, "dmean2": 1.98532124074e-09, "dvar": 4.19022897668e-18, "dvar2": 1.00615594461e-17, "max": 1.17993289712e-28, "mean": -6.40332453727e-09, "median": -5.62487079137e-09, "min": -2.96069089245e-08, "var": 3.11901221632e-17}, "spectral_energy": {"dmean": 0.00528357177973, "dmean2": 0.00790473818779, "dvar": 6.6477638029e-05, "dvar2": 0.000158199574798, "max": 0.113991066813, "mean": 0.0252833645791, "median": 0.0223900303245, "min": 1.0428349993e-20, "var": 0.000484192220028}, "spectral_energyband_high": {"dmean": 3.71190326405e-05, "dmean2": 5.98139486101e-05, "dvar": 2.59795029933e-08, "dvar2": 6.63445121063e-08, "max": 0.00245206733234, "mean": 3.84612721973e-05, "median": 3.58248325938e-06, "min": 7.78162648779e-21, "var": 2.18521662987e-08}, "spectral_energyband_low": {"dmean": 0.0012034495594, "dmean2": 0.00207784445956, "dvar": 1.497546873e-05, "dvar2": 5.03876181028e-05, "max": 0.0727947354317, "mean": 0.00334637355991, "median": 0.000334570708219, "min": 9.41016017967e-23, "var": 4.66472083644e-05}, "spectral_energyband_middle_high": {"dmean": 0.00189820164815, "dmean2": 0.00277259945869, "dvar": 1.67317975865e-05, "dvar2": 3.76950738428e-05, "max": 0.0534671470523, "mean": 0.00380738521926, "median": 0.0022415779531, "min": 1.28636480723e-21, "var": 2.87364637188e-05}, "spectral_energyband_middle_low": {"dmean": 0.00393477221951, "dmean2": 0.00564430374652, "dvar": 3.62738173862e-05, "dvar2": 7.78291578172e-05, "max": 0.0884039625525, "mean": 0.0185975488275, "median": 0.0160465184599, "min": 3.26623730487e-22, "var": 0.000280726380879}, "spectral_entropy": {"dmean": 0.205765977502, "dmean2": 0.289628744125, "dvar": 0.0658445358276, "dvar2": 0.135302722454, "max": 9.8067855835, "mean": 5.97376441956, "median": 6.0728302002, "min": 3.55540680885, "var": 0.493065446615}, "spectral_flux": {"dmean": 0.0182360932231, "dmean2": 0.0284655801952, "dvar": 0.000593794451561, "dvar2": 0.00126667774748, "max": 0.211888760328, "mean": 0.0453056059778, "median": 0.0376424454153, "min": 1.02119292189e-10, "var": 0.00151498313062}, "spectral_kurtosis": {"dmean": 15.8137722015, "dmean2": 26.4603691101, "dvar": 260.322570801, "dvar2": 654.731384277, "max": 214.173583984, "mean": 41.0532073975, "median": 29.9054450989, "min": -1.18105864525, "var": 1137.04650879}, "spectral_rms": {"dmean": 0.000488963443786, "dmean2": 0.000698482559528, "dvar": 4.21469366074e-07, "dvar2": 8.94913512184e-07, "max": 0.010545653291, "mean": 0.00429317355156, "median": 0.00467374920845, "min": 3.18967074975e-12, "var": 6.23532332611e-06}, "spectral_rolloff": {"dmean": 97.5039596558, "dmean2": 151.447631836, "dvar": 228772.859375, "dvar2": 181445, "max": 18906.1523438, "mean": 761.585693359, "median": 689.0625, "min": 236.865234375, "var": 416943.1875}, "spectral_skewness": {"dmean": 0.993149161339, "dmean2": 1.68882584572, "dvar": 0.808606147766, "dvar2": 2.13538956642, "max": 11.329993248, "mean": 4.29079580307, "median": 3.80094099045, "min": -0.00929329451174, "var": 3.71564412117}, "spectral_spread": {"dmean": 357599.78125, "dmean2": 565002, "dvar": 555127275520, "dvar2": 496524099584, "max": 39537040, "mean": 1677484.125, "median": 1620792.875, "min": 375026.125, "var": 1192117665790.0}, "spectral_strongpeak": {"dmean": 0.407302111387, "dmean2": 0.644907653332, "dvar": 0.425374627113, "dvar2": 0.97301030159, "max": 5.83831644058, "mean": 1.37310373783, "median": 1.15316534042, "min": 0, "var": 1.14838349819}, "zerocrossingrate": {"dmean": 0.00299504608847, "dmean2": 0.00363633502275, "dvar": 0.000179044523975, "dvar2": 0.000184723365237, "max": 0.51171875, "mean": 0.028472661972, "median": 0.02783203125, "min": 0.0048828125, "var": 0.000287783012027}, "barkbands": {"dmean": [4.30647514804e-06, 0.000563969428185, 0.000688337895554, 0.000389482476749, 0.00137539324351, 0.00108939467464, 0.00110670248978, 0.000775553693529, 0.0012173432624, 0.000958766264375, 0.000761981122196, 0.000329660746502, 0.000101479934528, 0.000139080540976, 8.54686877574e-05, 3.72906324628e-05, 3.02602766169e-05, 1.4811616893e-05, 2.11598307942e-05, 1.88979975064e-05, 6.52090466247e-06, 1.08631511466e-05, 4.48859145763e-06, 1.07018740891e-06, 6.40944165298e-07, 2.90333304065e-07, 9.06072585849e-08], "dmean2": [7.74440559326e-06, 0.000969963963144, 0.00121932593174, 0.000603234686423, 0.00192234269343, 0.00157803785987, 0.00153880578, 0.0010817690054, 0.00171711482108, 0.00137360556982, 0.00112233415712, 0.000597347680014, 0.000153615430463, 0.00020263697661, 0.000122597048176, 5.70115953451e-05, 4.78953988932e-05, 2.10620710277e-05, 3.26551380567e-05, 2.84812631435e-05, 1.1347938198e-05, 1.83723495866e-05, 7.41545227356e-06, 1.78809534646e-06, 1.13279372727e-06, 5.16204579526e-07, 1.60221972578e-07], "dvar": [1.27971300223e-10, 3.04721925204e-06, 6.18798549112e-06, 8.55058146954e-07, 7.52465484766e-06, 5.64851279705e-06, 3.74900650968e-06, 5.71834016228e-06, 8.47208411869e-06, 3.67527604794e-06, 5.16950422025e-06, 2.67633777185e-06, 3.33229941418e-08, 9.5624749008e-08, 9.86621699894e-08, 7.95779264706e-09, 3.87769594212e-09, 1.62728164277e-09, 3.21531268277e-09, 3.96045862772e-09, 1.56676505103e-09, 3.84874754289e-09, 5.90740123485e-10, 1.85894910576e-11, 1.16259085692e-11, 2.73710763256e-12, 1.39406173237e-13], "dvar2": [3.78728132189e-10, 1.02049434645e-05, 2.14168285311e-05, 2.10350162888e-06, 1.5693351088e-05, 1.23753534353e-05, 7.2585912676e-06, 1.08788472062e-05, 1.69406939676e-05, 7.23073208064e-06, 1.05668550532e-05, 7.70053065935e-06, 7.52155457917e-08, 1.85690552712e-07, 1.68633874864e-07, 1.89816926621e-08, 9.37148048052e-09, 3.55608142932e-09, 7.3710952897e-09, 9.7549319733e-09, 4.45818271189e-09, 9.63157731348e-09, 1.53659962532e-09, 4.87012791206e-11, 3.27948085355e-11, 7.83150194e-12, 3.90876540119e-13], "max": [0.000244427064899, 0.0221867933869, 0.0470972061157, 0.0123916454613, 0.0545067861676, 0.0697075203061, 0.0343614146113, 0.0624389089644, 0.0505379214883, 0.0286527909338, 0.0357590392232, 0.0215162169188, 0.00250715832226, 0.00514985900372, 0.0125739211217, 0.00152642338071, 0.000833499070723, 0.000759871851187, 0.000717417569831, 0.000967312895227, 0.000855161633808, 0.000958381744567, 0.000402693374781, 6.06382018304e-05, 6.5638567321e-05, 2.79400046566e-05, 5.32732110514e-06], "mean": [4.082851774e-06, 0.00123346375767, 0.00185556686483, 0.000638075405732, 0.0054696011357, 0.00318378279917, 0.00359423481859, 0.00223639397882, 0.00298336637206, 0.00174671364948, 0.0011725461809, 0.000315411773045, 0.000177869689651, 0.000247101095738, 0.000191555227502, 7.41501062294e-05, 5.72701646888e-05, 2.70075070148e-05, 2.99188995996e-05, 2.42406767939e-05, 6.20347918812e-06, 9.28506688069e-06, 3.92571701013e-06, 9.19989815884e-07, 4.58498448097e-07, 2.0657995492e-07, 6.68487842859e-08], "median": [1.53140490511e-06, 0.000108335443656, 8.62701563165e-05, 7.31070467737e-05, 0.00239328714088, 0.000629992689937, 0.00126601825468, 0.000573133176658, 0.000911460607313, 0.000624386535492, 0.000292976066703, 6.56668416923e-05, 7.05106795067e-05, 8.07135511423e-05, 8.85748013388e-05, 2.58778745774e-05, 1.79471790034e-05, 6.8430790634e-06, 7.57443967814e-06, 2.19070057028e-06, 7.46131888718e-07, 4.14590488163e-07, 1.70260278765e-07, 5.03775794414e-08, 1.51526862169e-08, 6.15965234374e-09, 2.35273067695e-09], "min": [5.62831745492e-23, 4.57832087087e-23, 1.06920968582e-23, 1.45121534252e-23, 2.53526705184e-23, 3.01932030743e-23, 3.94600215477e-23, 7.1481879931e-23, 1.3753103258e-22, 1.06344697802e-22, 1.02883075176e-22, 1.14695806537e-22, 7.15954695905e-23, 8.46060515261e-23, 1.37651078277e-22, 9.88115052976e-23, 1.49383686614e-22, 1.45223511878e-22, 1.44722225483e-22, 2.2431402466e-22, 4.33759598979e-22, 3.89711650759e-22, 6.6510753661e-22, 9.05604443206e-22, 1.12235060335e-21, 1.48687078258e-21, 2.90390882104e-21], "var": [9.2408872221e-11, 8.36602521304e-06, 1.93164833036e-05, 1.77426875325e-06, 5.77637110837e-05, 3.24376924254e-05, 2.31984140555e-05, 2.59492371697e-05, 2.74704798358e-05, 9.02188094187e-06, 7.63676416682e-06, 1.63128413533e-06, 7.69984112026e-08, 2.32405696465e-07, 1.98909546612e-07, 1.58767985425e-08, 8.87424178586e-09, 3.20785864538e-09, 4.21228829595e-09, 4.46667103304e-09, 9.60862500676e-10, 3.04911251803e-09, 4.533513287e-10, 1.45188193065e-11, 7.16514911639e-12, 1.62976446574e-12, 9.33890077358e-14]}, "erbbands": {"dmean": [0.00428213132545, 0.166751638055, 0.78325343132, 0.90076059103, 2.31835746765, 5.75690841675, 5.67326164246, 11.443611145, 16.5309486389, 19.0796356201, 12.7321796417, 32.8681259155, 23.2338829041, 21.4081096649, 36.0937194824, 7.99765396118, 4.87066173553, 6.187479496, 6.06093168259, 3.24840188026, 1.39343595505, 1.49528598785, 0.799583494663, 1.31447863579, 0.706711947918, 0.70556807518, 0.47558093071, 0.493814140558, 0.411196410656, 0.154263466597, 0.084197640419, 0.0284445974976, 0.014783564955, 0.0090998141095, 0.00437348056585, 0.00173331995029, 0.000332981435349, 6.28492271062e-05, 1.92787319975e-05, 6.59646093482e-06], "dmean2": [0.00753405876458, 0.287424296141, 1.38055551052, 1.47757911682, 3.28702902794, 7.9272518158, 8.80956554413, 16.5591087341, 22.7901420593, 26.8787937164, 18.5451183319, 45.4496421814, 31.9136753082, 32.8994674683, 53.2558708191, 13.282160759, 7.31943798065, 9.02248859406, 8.8236656189, 4.84049701691, 2.14681625366, 2.34124112129, 1.15504074097, 2.0238237381, 1.03768312931, 1.02699768543, 0.746205985546, 0.864577054977, 0.702327549458, 0.24907322228, 0.136225312948, 0.0461882054806, 0.0249919816852, 0.0159399230033, 0.00786145683378, 0.00314104859717, 0.000573468510993, 0.000104922284663, 3.34668584401e-05, 9.818448234e-06], "dvar": [0.000130169035401, 0.278124094009, 7.7848982811, 4.42859745026, 27.6043758392, 137.328781128, 142.2784729, 757.580200195, 899.580627441, 1732.07775879, 1581.09777832, 6029.24023438, 2231.98486328, 1692.08435059, 15901.9814453, 934.539672852, 75.5212402344, 199.356689453, 383.56942749, 67.5973587036, 8.63662719727, 9.95126438141, 3.49484920502, 14.7811574936, 4.74455547333, 4.71303129196, 4.20660734177, 7.26228809357, 4.94642782211, 0.56260406971, 0.178658932447, 0.0132837286219, 0.00360047607683, 0.002213958418, 0.000625271815807, 9.97781316983e-05, 2.14330771087e-06, 4.11379659226e-08, 7.14402803581e-09, 1.02142350134e-10], "dvar2": [0.000400757911848, 0.935503900051, 26.7658367157, 12.1970453262, 62.8042373657, 273.776519775, 378.874755859, 1642.87084961, 1695.65319824, 3380.04418945, 2942.93701172, 11629.8632812, 4428.02783203, 3805.16967773, 35657.171875, 2503.43652344, 166.057312012, 372.807250977, 672.41192627, 140.402618408, 20.3894767761, 23.5923748016, 7.08535575867, 34.5514526367, 10.0105867386, 10.8481369019, 10.9811048508, 20.2893028259, 12.4672908783, 1.40752637386, 0.456534832716, 0.0341598540545, 0.0095394346863, 0.00619449373335, 0.00179045216646, 0.000287778471829, 5.88709690419e-06, 1.08109809105e-07, 2.03735890381e-08, 2.42284581287e-10], "max": [0.160695180297, 7.21234083176, 53.2882347107, 34.9245605469, 95.0802688599, 255.311798096, 236.939498901, 882.826538086, 475.721832275, 1083.55041504, 1663.53405762, 1361.50219727, 657.437805176, 447.850189209, 1865.93945312, 383.254211426, 127.95980072, 266.780334473, 733.508483887, 168.522872925, 44.2690849304, 58.7611160278, 28.7241821289, 45.1574821472, 46.0949821472, 37.3553161621, 33.7192955017, 52.9675140381, 34.0550727844, 13.0066232681, 7.09958362579, 1.77259516716, 0.926812171936, 0.874488413334, 0.536228060722, 0.162230089307, 0.0242221225053, 0.00221449951641, 0.00129050586838, 0.00012491189409], "mean": [0.00863648019731, 0.388220369816, 2.20853638649, 1.86042964458, 6.62976646423, 22.4459457397, 19.6661701202, 35.0770301819, 52.1538047791, 60.7083511353, 36.8758430481, 81.7052307129, 47.4068260193, 39.4783363342, 50.7959632874, 11.3928470612, 9.01284694672, 11.4379339218, 12.8776960373, 6.90949010849, 3.26494455338, 2.93831157684, 1.58316397667, 1.91383814812, 1.07713866234, 0.987923979759, 0.539046883583, 0.40490758419, 0.34902331233, 0.143744647503, 0.0753936320543, 0.0255723316222, 0.0126143265516, 0.00659446232021, 0.00310507882386, 0.00120044115465, 0.000262224319158, 5.24807292095e-05, 2.49561908277e-05, 2.92736294796e-05], "median": [0.00153764151037, 0.0320395603776, 0.121186673641, 0.359227895737, 1.09911680222, 9.15592670441, 8.3595123291, 8.42889404297, 16.302646637, 35.1535263062, 17.7717895508, 26.1960468292, 18.0623588562, 18.870552063, 13.7777118683, 4.03529453278, 3.98568749428, 4.33472537994, 5.74675369263, 2.85680866241, 1.26444578171, 1.01488232613, 0.475439190865, 0.512144863605, 0.257114768028, 0.116354972124, 0.0639722794294, 0.0276586990803, 0.0182046741247, 0.00716556841508, 0.00388402631506, 0.00153198745102, 0.00073699222412, 0.000264902453637, 0.000101889920188, 4.66471537948e-05, 1.95834891201e-05, 4.26894757766e-06, 1.24141060951e-05, 2.60011474893e-05], "min": [3.31160122454e-21, 2.90958033967e-21, 8.3117660577e-21, 2.72367375882e-20, 1.11493684363e-19, 5.6392818541e-20, 5.16002923994e-20, 2.97538443148e-19, 5.21684097376e-19, 1.6556626904e-18, 1.17484565798e-18, 2.75419462963e-18, 2.7046053587e-18, 3.73634380763e-18, 3.95213620429e-18, 5.04095280382e-18, 4.18264579841e-18, 4.78304574704e-18, 6.94811035029e-18, 4.83578554213e-18, 6.29033508642e-18, 9.42985236566e-18, 7.36806002112e-18, 7.69666909998e-18, 7.90284965793e-18, 1.11506428114e-17, 1.23450543928e-17, 1.82792042667e-17, 1.52792964633e-17, 1.91442002681e-17, 1.64529499472e-17, 2.02389357585e-17, 1.42369496298e-17, 1.08141316761e-17, 8.50167382749e-18, 5.96997961571e-18, 3.32948158166e-18, 1.14688209359e-18, 4.34384644599e-19, 4.12127618309e-20], "var": [0.00036645916407, 0.783342182636, 25.7280006409, 9.77951431274, 114.639411926, 1079.36254883, 766.074707031, 4496.23388672, 5541.3984375, 7541.09472656, 7065.55078125, 19875.2441406, 6035.53466797, 3285.96264648, 18709.2734375, 826.291381836, 184.844970703, 501.581726074, 784.208618164, 140.038146973, 23.3887557983, 22.2529888153, 7.86870145798, 19.1484260559, 6.77473306656, 6.74524354935, 3.61980462074, 4.56424283981, 3.86645293236, 0.47848713398, 0.143046826124, 0.0109146274626, 0.00269233761355, 0.00139175890945, 0.000371013855329, 5.79121006012e-05, 1.44488888054e-06, 3.25390523415e-08, 4.8312283063e-09, 6.56380172437e-10]}, "gfcc": {"mean": [-157.590881348, 185.978744507, -146.009292603, -23.7407131195, -51.0331573486, -19.489648819, -19.3004570007, -3.13092017174, -2.55085968971, -6.3903055191, -6.84619569778, -11.2715749741, -3.39525079727], "cov": [[20460.1347656, 1034.18432617, -239.455734253, 2764.37719727, -1033.90576172, -72.0520782471, -605.117736816, -1790.87036133, -1542.56604004, -1159.41638184, -200.62487793, -71.7959213257, 317.089935303], [1034.18432617, 999.294189453, -31.4551639557, 19.5372371674, 266.53717041, -159.505950928, 116.839790344, -132.827407837, 60.9251174927, -135.418563843, 74.7479858398, -97.8623352051, 42.9566802979], [-239.455734253, -31.4551639557, 486.340179443, 79.3635406494, 9.82124519348, 69.7287597656, -139.935073853, -1.22692883015, -56.238948822, 11.5234661102, -9.9373626709, 39.2045631409, -19.0903778076], [2764.37719727, 19.5372371674, 79.3635406494, 765.559692383, -83.789352417, 89.0084075928, -101.120445251, -310.492950439, -279.374664307, -159.145080566, -6.754342556, 25.208278656, 42.6749763489], [-1033.90576172, 266.53717041, 9.82124519348, -83.789352417, 334.282104492, 42.7982444763, 140.07383728, 144.788131714, 133.707122803, 30.0251808167, 22.6697654724, -30.4247627258, -32.6557312012], [-72.0520782471, -159.505950928, 69.7287597656, 89.0084075928, 42.7982444763, 232.065460205, 67.2433166504, 54.2512245178, -18.5554084778, -5.81172609329, -51.9716873169, 40.7714347839, 14.3223800659], [-605.117736816, 116.839790344, -139.935073853, -101.120445251, 140.07383728, 67.2433166504, 312.734649658, 172.781402588, 147.862472534, 28.6514282227, -10.2481985092, -40.3144950867, -14.6508541107], [-1790.87036133, -132.827407837, -1.22692883015, -310.492950439, 144.788131714, 54.2512245178, 172.781402588, 405.542633057, 250.078674316, 142.917953491, 8.71212100983, -11.8635063171, -79.9735488892], [-1542.56604004, 60.9251174927, -56.238948822, -279.374664307, 133.707122803, -18.5554084778, 147.862472534, 250.078674316, 284.559326172, 111.734237671, 31.2093410492, -28.5190429688, -48.4085388184], [-1159.41638184, -135.418563843, 11.5234661102, -159.145080566, 30.0251808167, -5.81172609329, 28.6514282227, 142.917953491, 111.734237671, 157.10144043, 55.3064422607, 12.02430439, -46.2670021057], [-200.62487793, 74.7479858398, -9.9373626709, -6.754342556, 22.6697654724, -51.9716873169, -10.2481985092, 8.71212100983, 31.2093410492, 55.3064422607, 131.613510132, 39.9275512695, -16.5845623016], [-71.7959213257, -97.8623352051, 39.2045631409, 25.208278656, -30.4247627258, 40.7714347839, -40.3144950867, -11.8635063171, -28.5190429688, 12.02430439, 39.9275512695, 117.045341492, 31.1514911652], [317.089935303, 42.9566802979, -19.0903778076, 42.6749763489, -32.6557312012, 14.3223800659, -14.6508541107, -79.9735488892, -48.4085388184, -46.2670021057, -16.5845623016, 31.1514911652, 103.495903015]], "icov": [[0.000280124077108, -0.000794850173406, 0.000431421591202, -0.000760915514547, 0.00114796857815, -0.000310909206746, 0.000310492003337, -0.000573945639189, 0.000705890124664, 0.000308372924337, 0.000414796464611, -0.000137976006954, 0.000446711841505], [-0.000794850173406, 0.00632363604382, -0.00254963338375, 0.00270746205933, -0.00632300088182, 0.00316672795452, -0.00285468436778, 0.00420909235254, -0.00371221359819, 0.00379789201543, -0.00504345726222, 0.00302277086303, -0.0031175694894], [0.000431421591202, -0.00254963338375, 0.00399325974286, -0.00158588879276, 0.00212114164606, -0.00221069925465, 0.0030980873853, -0.00232214853168, 0.00184944772627, -0.00132599426433, 0.00223983684555, -0.00136299896985, 0.00178779521957], [-0.000760915514547, 0.00270746205933, -0.00158588879276, 0.00483082374558, -0.00350088858977, -0.000371111265849, -0.00145808060188, 0.00321848876774, -0.000797300192062, 0.00113498256542, -0.00318935886025, 0.00127006985713, -0.000608478847425], [0.00114796857815, -0.00632300088182, 0.00212114164606, -0.00350088858977, 0.0115957753733, -0.00399487884715, 0.00160754064564, -0.00478265853599, 0.00267957244068, -0.000739665643778, 0.00263125239871, -0.00112993945368, 0.00336998305283], [-0.000310909206746, 0.00316672795452, -0.00221069925465, -0.000371111265849, -0.00399487884715, 0.0101388264447, -0.00393961044028, 0.00043804832967, -6.93479596521e-05, 0.00053586618742, 0.00231928052381, -0.00292547559366, -0.00204001297243], [0.000310492003337, -0.00285468436778, 0.0030980873853, -0.00145808060188, 0.00160754064564, -0.00393961044028, 0.00839378591627, -0.00382764567621, -0.000316868623486, -0.000656127172988, 0.00146723701619, 0.000798444903921, 0.000242438283749], [-0.000573945639189, 0.00420909235254, -0.00232214853168, 0.00321848876774, -0.00478265853599, 0.00043804832967, -0.00382764567621, 0.0116686793044, -0.00667307665572, -0.000477758352645, -0.00144354486838, 0.000229840778047, 0.00152583490126], [0.000705890124664, -0.00371221359819, 0.00184944772627, -0.000797300192062, 0.00267957244068, -6.93479596521e-05, -0.000316868623486, -0.00667307665572, 0.0137673309073, -0.00335304811597, 0.00156266719569, -0.000277274142718, 0.000976118899416], [0.000308372924337, 0.00379789201543, -0.00132599426433, 0.00113498256542, -0.000739665643778, 0.00053586618742, -0.000656127172988, -0.000477758352645, -0.00335304811597, 0.0196528788656, -0.00976580195129, 0.00322588230483, 0.000678143580444], [0.000414796464611, -0.00504345726222, 0.00223983684555, -0.00318935886025, 0.00263125239871, 0.00231928052381, 0.00146723701619, -0.00144354486838, 0.00156266719569, -0.00976580195129, 0.0191844571382, -0.0101909907535, 0.00465901242569], [-0.000137976006954, 0.00302277086303, -0.00136299896985, 0.00127006985713, -0.00112993945368, -0.00292547559366, 0.000798444903921, 0.000229840778047, -0.000277274142718, 0.00322588230483, -0.0101909907535, 0.017060033977, -0.00672361953184], [0.000446711841505, -0.0031175694894, 0.00178779521957, -0.000608478847425, 0.00336998305283, -0.00204001297243, 0.000242438283749, 0.00152583490126, 0.000976118899416, 0.000678143580444, 0.00465901242569, -0.00672361953184, 0.0162572730333]]}, "melbands": {"dmean": [9.22921753954e-05, 0.000340518832672, 0.000181492243428, 0.000270040880423, 0.000228910255828, 0.000243260670686, 0.000242076261202, 0.000211550301174, 0.000138129020343, 0.000180618124432, 0.000121174096421, 9.42160040722e-05, 0.000117914147268, 5.518429316e-05, 9.93274716166e-06, 8.00922498456e-06, 1.32793347802e-05, 1.06503293864e-05, 4.87523720949e-06, 3.86960027754e-06, 1.55685904701e-06, 1.7955826479e-06, 1.02959018022e-06, 7.79895515279e-07, 1.22908886624e-06, 4.82269001623e-07, 4.30912336924e-07, 5.46453691186e-07, 4.58774337631e-07, 1.02234338328e-07, 3.81496079171e-07, 3.46402032392e-07, 2.88518400282e-08, 1.20878425491e-07, 6.60640111505e-08, 1.95121483415e-08, 1.46273615442e-08, 1.15426717073e-08, 7.52719842012e-09, 7.65341656717e-09], "dmean2": [0.000160063194926, 0.00059543561656, 0.000285160174826, 0.000360815320164, 0.000343639607308, 0.000351751863491, 0.000336939236149, 0.000296077632811, 0.000200659633265, 0.000249601143878, 0.000167243459146, 0.000143886340084, 0.000173003398231, 9.25822096178e-05, 1.51564618136e-05, 1.23105746752e-05, 1.93540781765e-05, 1.55995385285e-05, 7.13526696927e-06, 5.71967711949e-06, 2.48330820796e-06, 2.8414483495e-06, 1.57736985784e-06, 1.14001136353e-06, 1.93163327822e-06, 7.22157722066e-07, 6.48809191262e-07, 8.10253482086e-07, 7.26185191979e-07, 1.70677125766e-07, 6.71292184506e-07, 5.94176185587e-07, 4.34700311303e-08, 1.9984642563e-07, 1.08621122763e-07, 3.1204525186e-08, 2.40903901272e-08, 1.956719764e-08, 1.30676722776e-08, 1.35838504889e-08], "dvar": [7.35977536692e-08, 1.40255758652e-06, 1.72492690353e-07, 3.00244465734e-07, 2.3971574592e-07, 3.1310128179e-07, 1.87773125049e-07, 2.46951969984e-07, 1.29108769897e-07, 1.79276639756e-07, 6.56932357401e-08, 3.58773668552e-08, 1.2987213438e-07, 6.63554047264e-08, 2.96862617821e-10, 2.23567192537e-10, 9.84130332782e-10, 9.93411464201e-10, 2.30068561424e-10, 8.51514692091e-11, 1.14045439759e-11, 1.51215845401e-11, 5.59103891656e-12, 4.66914961555e-12, 1.43599715452e-11, 2.02404759619e-12, 1.93318473209e-12, 3.25052181352e-12, 4.85884249501e-12, 1.84278549993e-13, 4.25684053978e-12, 4.15397620815e-12, 7.20725681149e-15, 4.3562264798e-13, 1.33561334193e-13, 4.99449546865e-15, 3.62988261546e-15, 2.57374539737e-15, 1.19010490194e-15, 1.58686900459e-15], "dvar2": [2.41332344331e-07, 4.79962682221e-06, 4.49159671234e-07, 5.73909403556e-07, 5.89053456679e-07, 6.78288870404e-07, 3.58430156666e-07, 4.80108553802e-07, 2.44573783448e-07, 3.49614964534e-07, 1.27776814907e-07, 7.76792816737e-08, 2.76978994407e-07, 1.75350535869e-07, 6.88462065135e-10, 5.29976840191e-10, 1.78652437288e-09, 1.84402981773e-09, 4.08317379907e-10, 1.81914178166e-10, 2.86114881787e-11, 3.62340678295e-11, 1.22373873188e-11, 1.05357155292e-11, 3.40153530343e-11, 4.20217203048e-12, 4.32394441433e-12, 7.5789739068e-12, 1.26729590363e-11, 5.04622819225e-13, 1.17589618598e-11, 1.04912580359e-11, 1.57130456243e-14, 1.1229664117e-12, 3.47342624498e-13, 1.18910771122e-14, 9.48034511138e-15, 6.84531497444e-15, 3.2374588155e-15, 4.46129585165e-15], "max": [0.00372754503042, 0.0216552969068, 0.00693838298321, 0.00984382256866, 0.010126256384, 0.0169965904206, 0.00612163357437, 0.0139651987702, 0.012598047033, 0.00733556365594, 0.00362386344932, 0.0023185913451, 0.00516156805679, 0.00346175045706, 0.000230267934967, 0.000173713458935, 0.000607277906965, 0.00103189796209, 0.000578114704695, 0.000185882032383, 4.75844935863e-05, 7.21446995158e-05, 4.33247842011e-05, 4.19900061388e-05, 4.53749962617e-05, 3.31276060024e-05, 2.42931619141e-05, 3.00240844808e-05, 3.64483275916e-05, 7.64587275626e-06, 3.8150450564e-05, 3.11166586471e-05, 1.27251428239e-06, 1.11898816613e-05, 6.08155733062e-06, 1.14140436835e-06, 9.2537953833e-07, 9.60092165769e-07, 4.66082525463e-07, 7.21247090496e-07], "mean": [0.000198944166186, 0.000945401610807, 0.000419166928623, 0.00106276746374, 0.000871403084602, 0.000728634942789, 0.00077206309652, 0.000647754350211, 0.0003643220698, 0.000448777282145, 0.000230743840802, 0.000169643957634, 0.000172771455254, 6.17697733105e-05, 1.80149108928e-05, 1.46067441165e-05, 2.34925355471e-05, 2.15542859223e-05, 1.1562941836e-05, 7.24467963664e-06, 3.26144026985e-06, 3.36485095431e-06, 1.80724794063e-06, 1.37727670335e-06, 1.67080202118e-06, 7.59092188218e-07, 6.28300597327e-07, 7.16790566457e-07, 4.77128082821e-07, 1.21233000527e-07, 2.91374277595e-07, 2.88229756507e-07, 3.40186083747e-08, 1.05869702338e-07, 5.61908137797e-08, 1.9068210122e-08, 1.25247563432e-08, 9.78391323514e-09, 5.94835691814e-09, 5.29404253768e-09], "median": [2.14695755858e-05, 5.38435706403e-05, 7.112705498e-05, 0.000395521812607, 0.000382612110116, 0.000149383209646, 0.000250270415563, 0.000336102151778, 0.000138848045026, 0.000149773957673, 7.44647622923e-05, 6.74550101394e-05, 4.13905509049e-05, 1.26467784867e-05, 7.65516233514e-06, 5.71264263272e-06, 7.69175676396e-06, 8.62343222252e-06, 5.75957164983e-06, 2.2630397325e-06, 1.05807839645e-06, 1.00363627098e-06, 5.26818439539e-07, 3.15251554639e-07, 3.94169944684e-07, 1.84384930435e-07, 9.62614450373e-08, 5.81763153207e-08, 4.35734577309e-08, 1.54102970384e-08, 1.21171508383e-08, 1.10715872026e-08, 3.77229980586e-09, 3.72205466448e-09, 2.20553886265e-09, 1.35475819452e-09, 6.00727523281e-10, 4.91318541407e-10, 2.54657128718e-10, 1.58170337938e-10], "min": [2.29040541572e-23, 4.13598549873e-24, 8.32840137345e-24, 6.31081663872e-24, 1.78637315329e-24, 6.68839110594e-24, 7.77463363976e-24, 1.8429060812e-23, 1.09180794751e-23, 1.85987447927e-23, 1.4789303927e-23, 1.59760568065e-23, 1.45972620505e-23, 8.5243063018e-24, 1.57846791509e-23, 7.11145642054e-24, 8.47508532561e-24, 1.12075180633e-23, 7.41801092376e-24, 5.173647217e-24, 8.34714549742e-24, 9.44582994545e-24, 9.19127163108e-24, 5.71504837271e-24, 6.42401581203e-24, 4.82494348119e-24, 8.26482470652e-24, 6.88852196215e-24, 6.10238104933e-24, 9.81662296989e-24, 1.03859430963e-23, 9.00634606882e-24, 6.73994789926e-24, 1.26724264534e-23, 8.24051122456e-24, 1.3252509798e-23, 1.1386236868e-23, 9.68333782021e-24, 8.6818189476e-24, 9.11226247826e-24], "var": [2.14449855207e-07, 4.3988611651e-06, 4.77212211081e-07, 2.17318279283e-06, 1.6340776483e-06, 1.81544714906e-06, 1.18042169106e-06, 1.07787423076e-06, 5.15635747433e-07, 5.90137233303e-07, 1.70732604943e-07, 7.58024754077e-08, 1.76414275188e-07, 5.2451419208e-08, 7.05094260756e-10, 4.95431251579e-10, 2.50538212399e-09, 2.05642458617e-09, 4.85688378404e-10, 1.73873665466e-10, 2.81069056918e-11, 3.31223971861e-11, 1.01287615448e-11, 8.77080266054e-12, 1.73087447153e-11, 3.07502179102e-12, 2.79055294497e-12, 4.24566631851e-12, 4.08983480762e-12, 1.51615414559e-13, 2.72377346372e-12, 3.215888493e-12, 9.51018862321e-15, 3.44290541172e-13, 1.02037546164e-13, 4.92892791875e-15, 2.87873189201e-15, 1.8928418691e-15, 8.17089909052e-16, 9.79542146248e-16]}, "mfcc": {"mean": [-784.18927002, 203.437683105, -20.3439941406, -4.02586650848, -14.1724967957, -13.3621034622, -12.3532094955, -3.24637174606, 0.971155464649, 8.05649089813, 1.19685053825, -4.64039802551, -1.16859269142], "cov": [[14172.7958984, 3301.02441406, -1249.96252441, 1865.70007324, -122.831207275, 761.13293457, 133.835372925, -69.5635986328, -920.461303711, -996.206970215, -1195.36828613, -686.085571289, -255.076583862], [3301.02441406, 1947.00720215, -415.515380859, 325.734039307, 134.605834961, 64.0329589844, 56.48387146, -39.970085144, -201.772491455, -200.541610718, -255.06918335, -262.520355225, -90.2448577881], [-1249.96252441, -415.515380859, 385.661315918, -98.9916763306, 15.3014173508, -0.86934196949, -25.7587490082, 20.9697723389, 79.3308868408, 73.3352432251, 103.383590698, 67.5376663208, 20.356880188], [1865.70007324, 325.734039307, -98.9916763306, 551.349609375, 49.3035583496, 191.338653564, 54.4799385071, -14.8563909531, -156.527832031, -168.179077148, -164.443008423, -41.788898468, -12.0238552094], [-122.831207275, 134.605834961, 15.3014173508, 49.3035583496, 188.068847656, 40.5072021484, 31.571308136, 15.9848880768, -13.6909646988, -17.6325817108, 10.5324544907, 10.1410531998, 35.1136131287], [761.13293457, 64.0329589844, -0.86934196949, 191.338653564, 40.5072021484, 230.371124268, 78.4415664673, 22.524848938, -43.2978897095, -89.9027328491, -99.2199707031, -22.1318016052, -15.859541893], [133.835372925, 56.48387146, -25.7587490082, 54.4799385071, 31.571308136, 78.4415664673, 155.015319824, 85.8976898193, 38.2413063049, -7.98991107941, -7.64626455307, 12.9119625092, -0.989362180233], [-69.5635986328, -39.970085144, 20.9697723389, -14.8563909531, 15.9848880768, 22.524848938, 85.8976898193, 197.667144775, 126.908973694, 49.275226593, 43.7494697571, 30.9774703979, 8.85708522797], [-920.461303711, -201.772491455, 79.3308868408, -156.527832031, -13.6909646988, -43.2978897095, 38.2413063049, 126.908973694, 250.632278442, 165.204986572, 106.046043396, 52.5395927429, -20.3078231812], [-996.206970215, -200.541610718, 73.3352432251, -168.179077148, -17.6325817108, -89.9027328491, -7.98991107941, 49.275226593, 165.204986572, 222.841903687, 155.285232544, 49.3358955383, -8.34963417053], [-1195.36828613, -255.06918335, 103.383590698, -164.443008423, 10.5324544907, -99.2199707031, -7.64626455307, 43.7494697571, 106.046043396, 155.285232544, 241.928146362, 131.828964233, 29.3583183289], [-686.085571289, -262.520355225, 67.5376663208, -41.788898468, 10.1410531998, -22.1318016052, 12.9119625092, 30.9774703979, 52.5395927429, 49.3358955383, 131.828964233, 203.469772339, 106.562072754], [-255.076583862, -90.2448577881, 20.356880188, -12.0238552094, 35.1136131287, -15.859541893, -0.989362180233, 8.85708522797, -20.3078231812, -8.34963417053, 29.3583183289, 106.562072754, 207.549087524]], "icov": [[0.000433445617091, -0.000435363064753, 0.000507051881868, -0.000679896271322, 0.000832320074551, -0.000616215518676, 0.000595711520873, -0.000916272518225, 0.000796543201432, -0.000116502160381, 0.000656679330859, -8.790546417e-05, 0.000133816502057], [-0.000435363064753, 0.00134304282255, 0.000196847584448, 0.000367642642232, -0.00152023916598, 0.00099504168611, -0.000812760263216, 0.000874471035786, -0.000726624683011, 0.000342947838362, -0.000719380273949, 0.00101912568789, -0.000135849055368], [0.000507051881868, 0.000196847584448, 0.00445902580395, -0.000685622217134, 0.000246444193181, -0.00183168880176, 0.00178655504715, -0.000902850355487, -2.61251479969e-05, 0.000437143433373, -0.000797742861323, 0.000622605206445, -9.47223015828e-05], [-0.000679896271322, 0.000367642642232, -0.000685622217134, 0.00454732589424, -0.00158425176051, -0.000972339010332, -0.000758143491112, 0.000431964435847, 0.00088358821813, -0.000426747341407, 0.000643398729153, -0.00156001991127, 0.000605871609878], [0.000832320074551, -0.00152023916598, 0.000246444193181, -0.00158425176051, 0.00836564414203, -0.00244455807842, 0.000411084096413, -0.00150665070396, 0.00116058019921, 0.000707009865437, -0.0010518883355, 0.000946549756918, -0.00148510828149], [-0.000616215518676, 0.00099504168611, -0.00183168880176, -0.000972339010332, -0.00244455807842, 0.00977739319205, -0.00439465139061, 0.00119309034199, -0.00106478633825, 0.000813022663351, 0.0022721006535, -0.00103470997419, 0.00102587416768], [0.000595711520873, -0.000812760263216, 0.00178655504715, -0.000758143491112, 0.000411084096413, -0.00439465139061, 0.0118090063334, -0.00526085495949, 0.000637977791484, 5.17466360179e-05, 0.000486865115818, -0.00101816735696, 0.000553411431611], [-0.000916272518225, 0.000874471035786, -0.000902850355487, 0.000431964435847, -0.00150665070396, 0.00119309034199, -0.00526085495949, 0.0128285624087, -0.00896401051432, 0.00371646834537, -0.00435458729044, 0.0024015144445, -0.00220337370411], [0.000796543201432, -0.000726624683011, -2.61251479969e-05, 0.00088358821813, 0.00116058019921, -0.00106478633825, 0.000637977791484, -0.00896401051432, 0.0165958292782, -0.0103843891993, 0.00647180760279, -0.00472639780492, 0.00354191404767], [-0.000116502160381, 0.000342947838362, 0.000437143433373, -0.000426747341407, 0.000707009865437, 0.000813022663351, 5.17466360179e-05, 0.00371646834537, -0.0103843891993, 0.0167411789298, -0.00996703840792, 0.00542632117867, -0.00199625687674], [0.000656679330859, -0.000719380273949, -0.000797742861323, 0.000643398729153, -0.0010518883355, 0.0022721006535, 0.000486865115818, -0.00435458729044, 0.00647180760279, -0.00996703840792, 0.0179304219782, -0.010466712527, 0.00421940814704], [-8.790546417e-05, 0.00101912568789, 0.000622605206445, -0.00156001991127, 0.000946549756918, -0.00103470997419, -0.00101816735696, 0.0024015144445, -0.00472639780492, 0.00542632117867, -0.010466712527, 0.0151405949146, -0.0067001557909], [0.000133816502057, -0.000135849055368, -9.47223015828e-05, 0.000605871609878, -0.00148510828149, 0.00102587416768, 0.000553411431611, -0.00220337370411, 0.00354191404767, -0.00199625687674, 0.00421940814704, -0.0067001557909, 0.00850370246917]]}, "spectral_contrast_coeffs": {"dmean": [0.040240675211, 0.04157050699, 0.0421498529613, 0.0344021730125, 0.0236663706601, 0.0221831873059], "dmean2": [0.0668041408062, 0.0646932348609, 0.0661600083113, 0.0518403947353, 0.0371717661619, 0.0372320078313], "dvar": [0.00107830634806, 0.00148275180254, 0.00154966814443, 0.00104792497586, 0.000475800217828, 0.00050956371706], "dvar2": [0.0029515598435, 0.00366179062985, 0.00371874729171, 0.00241942564026, 0.00104845920578, 0.00128458451945], "max": [-0.292536735535, -0.389676183462, -0.403186261654, -0.562204480171, -0.622544586658, -0.649374842644], "mean": [-0.617764532566, -0.629931569099, -0.658384561539, -0.706623733044, -0.748004257679, -0.782125473022], "median": [-0.608290076256, -0.630321383476, -0.665337979794, -0.704964756966, -0.748318076134, -0.776401400566], "min": [-0.967637062073, -0.956278920174, -0.976492226124, -0.971273243427, -0.958538413048, -0.962424457073], "var": [0.0221018809825, 0.00627360399812, 0.00631557591259, 0.00341674615629, 0.00199987459928, 0.00334465340711]}, "spectral_contrast_valleys": {"dmean": [0.432199537754, 0.406686872244, 0.43597009778, 0.425132751465, 0.368013173342, 0.452165931463], "dmean2": [0.682510077953, 0.620347559452, 0.656343579292, 0.618386805058, 0.509379386902, 0.66378903389], "dvar": [0.222285747528, 0.311664491892, 0.315486013889, 0.30767172575, 0.289259105921, 0.300314635038], "dvar2": [0.333329677582, 0.400253742933, 0.504780292511