{"lowlevel": {"average_loudness": 0.797722816467, "barkbands_crest": {"dmean": 2.87766885757, "dmean2": 4.41000127792, "dvar": 9.16700935364, "dvar2": 20.4970588684, "max": 26.5697116852, "mean": 12.8336162567, "median": 11.7343292236, "min": 2.27217149734, "var": 34.8324203491}, "barkbands_flatness_db": {"dmean": 0.0318521633744, "dmean2": 0.0455805957317, "dvar": 0.00127703254111, "dvar2": 0.00240264786407, "max": 0.614279389381, "mean": 0.166842624545, "median": 0.140264570713, "min": 0.0142326233909, "var": 0.0108326282352}, "barkbands_kurtosis": {"dmean": 9.00674915314, "dmean2": 14.0696439743, "dvar": 629.022766113, "dvar2": 1379.06347656, "max": 483.320098877, "mean": 13.2784061432, "median": 2.15975189209, "min": -1.94039809704, "var": 1205.65234375}, "barkbands_skewness": {"dmean": 0.852729141712, "dmean2": 1.28009021282, "dvar": 1.81868827343, "dvar2": 3.78926420212, "max": 18.0223751068, "mean": 2.06296920776, "median": 1.44448518753, "min": -2.6578066349, "var": 5.16444396973}, "barkbands_spread": {"dmean": 9.93505191803, "dmean2": 15.4630994797, "dvar": 252.98664856, "dvar2": 567.551391602, "max": 147.097732544, "mean": 25.8529491425, "median": 21.9304046631, "min": 0.0531666055322, "var": 442.8046875}, "dissonance": {"dmean": 0.0284747313708, "dmean2": 0.0458573289216, "dvar": 0.000905372377019, "dvar2": 0.00230643409304, "max": 0.499884873629, "mean": 0.426887005568, "median": 0.445970118046, "min": 0.0604675002396, "var": 0.00428576814011}, "dynamic_complexity": 4.12644147873, "erbbands_crest": {"dmean": 3.14109945297, "dmean2": 4.81356668472, "dvar": 9.51057434082, "dvar2": 21.0635871887, "max": 32.6151771545, "mean": 12.4494123459, "median": 10.5963802338, "min": 2.59800338745, "var": 40.7239456177}, "erbbands_flatness_db": {"dmean": 0.022154962644, "dmean2": 0.0316537022591, "dvar": 0.000562204688322, "dvar2": 0.00113153480925, "max": 0.6179921031, "mean": 0.160959392786, "median": 0.141306996346, "min": 0.021304577589, "var": 0.00836563482881}, "erbbands_kurtosis": {"dmean": 2.40695714951, "dmean2": 3.66706848145, "dvar": 36.2656707764, "dvar2": 78.7317733765, "max": 110.368309021, "mean": 2.5547542572, "median": 0.0821270942688, "min": -1.87679255009, "var": 70.26197052}, "erbbands_skewness": {"dmean": 0.563372612, "dmean2": 0.83290117979, "dvar": 0.511108577251, "dvar2": 1.13487029076, "max": 9.34926891327, "mean": 0.702201128006, "median": 0.511870741844, "min": -4.10352706909, "var": 1.35885894299}, "erbbands_spread": {"dmean": 13.0210609436, "dmean2": 20.4749145508, "dvar": 382.436004639, "dvar2": 944.041564941, "max": 210.204650879, "mean": 42.0907020569, "median": 36.5855331421, "min": 0.309817641973, "var": 859.300170898}, "hfc": {"dmean": 13.3727865219, "dmean2": 21.0422286987, "dvar": 589.605285645, "dvar2": 1490.01721191, "max": 216.344818115, "mean": 27.4813404083, "median": 15.9158010483, "min": 1.24759959257e-16, "var": 1031.83422852}, "melbands_crest": {"dmean": 3.17109799385, "dmean2": 4.56018543243, "dvar": 10.582783699, "dvar2": 21.4914455414, "max": 37.8974838257, "mean": 17.6108989716, "median": 16.4066085815, "min": 2.12978887558, "var": 50.1120567322}, "melbands_flatness_db": {"dmean": 0.0371752493083, "dmean2": 0.052551869303, "dvar": 0.00205683452077, "dvar2": 0.00382640631869, "max": 0.709643304348, "mean": 0.238487437367, "median": 0.202094078064, "min": 0.00476046465337, "var": 0.0156023660675}, "melbands_kurtosis": {"dmean": 24.5799541473, "dmean2": 38.3353691101, "dvar": 8207.42871094, "dvar2": 18518.2265625, "max": 1666.02416992, "mean": 38.1920051575, "median": 7.32222557068, "min": -1.76843476295, "var": 14375.6816406}, "melbands_skewness": {"dmean": 1.13820981979, "dmean2": 1.70345711708, "dvar": 3.7127122879, "dvar2": 8.22972679138, "max": 34.4424362183, "mean": 3.31399273872, "median": 2.19237089157, "min": -1.99904990196, "var": 13.3084526062}, "melbands_spread": {"dmean": 9.58623790741, "dmean2": 15.231924057, "dvar": 318.782897949, "dvar2": 790.567504883, "max": 227.34815979, "mean": 23.2242527008, "median": 18.7835216522, "min": 0.174242928624, "var": 490.534423828}, "pitch_salience": {"dmean": 0.0745145380497, "dmean2": 0.111702598631, "dvar": 0.00630982639268, "dvar2": 0.0136106042191, "max": 0.925065696239, "mean": 0.432405591011, "median": 0.440944582224, "min": 0.0312243513763, "var": 0.0208259839565}, "silence_rate_20dB": {"dmean": 0.000341355189448, "dmean2": 0.000682826910634, "dvar": 0.000341239356203, "dvar2": 0.00102377682924, "max": 1, "mean": 0.999829351902, "median": 1, "min": 0, "var": 0.000170611703652}, "silence_rate_30dB": {"dmean": 0.0317460335791, "dmean2": 0.0635029003024, "dvar": 0.0307375974953, "dvar2": 0.0615161396563, "max": 1, "mean": 0.937372028828, "median": 1, "min": 0, "var": 0.0587094202638}, "silence_rate_60dB": {"dmean": 0.0348182283342, "dmean2": 0.069648347795, "dvar": 0.03360074386, "dvar2": 0.0750407800078, "max": 1, "mean": 0.153754264116, "median": 0, "min": 0, "var": 0.130111515522}, "spectral_centroid": {"dmean": 310.023773193, "dmean2": 479.827880859, "dvar": 258405.1875, "dvar2": 579859.0625, "max": 10508.1054688, "mean": 1290.95007324, "median": 1164.69750977, "min": 173.081832886, "var": 546875.4375}, "spectral_complexity": {"dmean": 2.60283327103, "dmean2": 3.96859002113, "dvar": 21.1264247894, "dvar2": 30.8564968109, "max": 52, "mean": 12.3505115509, "median": 11, "min": 0, "var": 83.7551651001}, "spectral_decrease": {"dmean": 3.72647734892e-09, "dmean2": 5.90704063441e-09, "dvar": 7.91325377024e-17, "dvar2": 2.21605299228e-16, "max": 2.31488841984e-10, "mean": -8.15354272987e-09, "median": -4.95720708926e-09, "min": -9.66566489069e-08, "var": 1.43455299892e-16}, "spectral_energy": {"dmean": 0.0147137502208, "dmean2": 0.0233752690256, "dvar": 0.00114164676052, "dvar2": 0.00320570450276, "max": 0.374113738537, "mean": 0.0332659631968, "median": 0.0211026519537, "min": 1.17171119276e-20, "var": 0.00218000891618}, "spectral_energyband_high": {"dmean": 0.00121226895135, "dmean2": 0.00199577864259, "dvar": 6.32305636827e-06, "dvar2": 1.61781590577e-05, "max": 0.0209366623312, "mean": 0.00150508666411, "median": 0.000413353031036, "min": 8.5160166611e-21, "var": 6.32447472526e-06}, "spectral_energyband_low": {"dmean": 0.0110390102491, "dmean2": 0.0181100666523, "dvar": 0.00112356629688, "dvar2": 0.0031150681898, "max": 0.332831054926, "mean": 0.0163913443685, "median": 0.00248338235542, "min": 6.61168432255e-23, "var": 0.00172429822851}, "spectral_energyband_middle_high": {"dmean": 0.00146965961903, "dmean2": 0.00194649107289, "dvar": 8.29622695164e-06, "dvar2": 1.43315673995e-05, "max": 0.0766144841909, "mean": 0.0042418371886, "median": 0.00181899801828, "min": 1.77490058506e-21, "var": 3.71724563593e-05}, "spectral_energyband_middle_low": {"dmean": 0.00402113888413, "dmean2": 0.0057414858602, "dvar": 5.02299590153e-05, "dvar2": 0.00012177714234, "max": 0.110905602574, "mean": 0.0127941742539, "median": 0.0084833484143, "min": 4.30272303663e-22, "var": 0.000189181257156}, "spectral_entropy": {"dmean": 0.35537302494, "dmean2": 0.521566033363, "dvar": 0.17131896317, "dvar2": 0.34944742918, "max": 9.79401493073, "mean": 7.17048501968, "median": 7.24421405792, "min": 3.02057886124, "var": 0.848108053207}, "spectral_flux": {"dmean": 0.0279057305306, "dmean2": 0.0442311353981, "dvar": 0.00171344866976, "dvar2": 0.00383351417258, "max": 0.429810941219, "mean": 0.0742665603757, "median": 0.052078332752, "min": 1.08245606922e-10, "var": 0.00449286261573}, "spectral_kurtosis": {"dmean": 2.98877668381, "dmean2": 4.77351474762, "dvar": 51.0070953369, "dvar2": 156.466522217, "max": 230.169723511, "mean": 9.42156982422, "median": 4.14155006409, "min": -1.22325694561, "var": 514.220581055}, "spectral_rms": {"dmean": 0.000984838814475, "dmean2": 0.00142471026629, "dvar": 2.33384548665e-06, "dvar2": 5.80218284085e-06, "max": 0.0191046856344, "mean": 0.00478645646945, "median": 0.00453739520162, "min": 3.38102484378e-12, "var": 9.54444567469e-06}, "spectral_rolloff": {"dmean": 1169.10900879, "dmean2": 1982.48205566, "dvar": 5688209, "dvar2": 12547627, "max": 18217.0898438, "mean": 2217.66918945, "median": 1162.79296875, "min": 43.06640625, "var": 9864518}, "spectral_skewness": {"dmean": 0.355151385069, "dmean2": 0.528429031372, "dvar": 0.223962292075, "dvar2": 0.46011826396, "max": 13.0294713974, "mean": 2.06541442871, "median": 1.65850543976, "min": 0.0489786267281, "var": 2.65101695061}, "spectral_spread": {"dmean": 1075356.75, "dmean2": 1592624.625, "dvar": 2668197576700.0, "dvar2": 4475048165380.0, "max": 40464780, "mean": 6312094, "median": 5352729, "min": 374850.46875, "var": 9151661998080.0}, "spectral_strongpeak": {"dmean": 0.465736567974, "dmean2": 0.745981574059, "dvar": 0.586111843586, "dvar2": 1.26664626598, "max": 14.1158761978, "mean": 1.07829117775, "median": 0.660688877106, "min": 0, "var": 1.42883777618}, "zerocrossingrate": {"dmean": 0.020566733554, "dmean2": 0.0239209476858, "dvar": 0.000768573430832, "dvar2": 0.000881709507667, "max": 0.5712890625, "mean": 0.083540007472, "median": 0.0673828125, "min": 0.001953125, "var": 0.00398399680853}, "barkbands": {"dmean": [0.000925831089262, 0.00974813103676, 0.000914850272238, 0.00133855291642, 0.00109237781726, 0.000522441114299, 0.000374665251002, 0.000734158616979, 0.00137330661528, 0.000627958972473, 0.000264112779405, 0.000189537706319, 0.000242055859417, 0.000198504945729, 0.000347045512171, 0.000177942638402, 0.000217605440412, 7.83464929555e-05, 0.000102459634945, 6.32486771792e-05, 9.01750318008e-05, 0.000126553175505, 0.000273505982477, 0.000342227460351, 0.00016619937378, 0.000173775915755, 9.06936329557e-05], "dmean2": [0.0010040353518, 0.0157337356359, 0.00165130698588, 0.00212370301597, 0.00170097732916, 0.000791100901552, 0.000497927772813, 0.000964207400102, 0.00166602083482, 0.0008719068137, 0.000422853860073, 0.000289609452011, 0.000327809335431, 0.000291211064905, 0.000517684675287, 0.000279967178358, 0.000349443929736, 0.000121202974697, 0.000161124175065, 9.98737596092e-05, 0.000135505702929, 0.000203249888727, 0.000462997326395, 0.000584531633649, 0.000273724261206, 0.000296978629194, 0.000136577058583], "dvar": [1.0291205399e-05, 0.00100108142942, 1.65315177583e-05, 1.42813141792e-05, 7.92675018602e-06, 1.32257673613e-06, 1.62222693234e-06, 3.8639586819e-06, 1.03758311525e-05, 3.41916552316e-06, 8.27930364267e-07, 2.05054675462e-07, 6.53913843962e-07, 2.38117976892e-07, 8.41063581447e-07, 1.45934478724e-07, 2.09356528558e-07, 2.77618532607e-08, 4.53353585783e-08, 1.48143426415e-08, 3.24330571289e-08, 5.96459130975e-08, 3.48859629185e-07, 5.62912816804e-07, 1.18343429278e-07, 1.42126253877e-07, 3.78488067554e-08], "dvar2": [1.22806868603e-05, 0.00282732699998, 4.75451779494e-05, 3.68831169908e-05, 1.95016491489e-05, 3.23992662743e-06, 2.86574527308e-06, 7.61805540606e-06, 1.64298126037e-05, 7.12074870535e-06, 2.13718521991e-06, 4.20961072223e-07, 1.14042052246e-06, 4.39089092197e-07, 1.36347250645e-06, 3.41645375102e-07, 4.78404956539e-07, 5.58826940278e-08, 9.42074862564e-08, 3.14444399407e-08, 6.83133976054e-08, 1.37748472184e-07, 9.0446400236e-07, 1.4695228856e-06, 2.93968156484e-07, 3.68287430774e-07, 6.91919339602e-08], "max": [0.0492555573583, 0.297722488642, 0.0662330389023, 0.0539436154068, 0.0410823039711, 0.0284252185374, 0.0475089810789, 0.0501812845469, 0.0853596925735, 0.0718553066254, 0.022401696071, 0.0067627504468, 0.0275224540383, 0.0157073624432, 0.0414940230548, 0.00611033430323, 0.00972385983914, 0.00323237827979, 0.00890095438808, 0.00225546653382, 0.0021499004215, 0.0032436249312, 0.00494911894202, 0.00542563246563, 0.00257247616537, 0.0027751903981, 0.00530528323725], "mean": [0.00124916341156, 0.0123691158369, 0.00125984335318, 0.00323193031363, 0.00239673163742, 0.00098157604225, 0.000765451986808, 0.00193195033353, 0.00314832106233, 0.00125571445096, 0.00029150856426, 0.000329874950694, 0.000424655416282, 0.000345912238117, 0.000694565067533, 0.000288443610771, 0.000434212881373, 0.000123406731291, 0.000171206629602, 0.000118479729281, 0.00016663086717, 0.000179797265446, 0.000246881652856, 0.000278501509456, 0.000151216969243, 0.000161573276273, 0.000269193085842], "median": [1.13334208436e-05, 0.000158009308507, 0.000124020152725, 0.000490633887239, 0.000665388070047, 0.000317006080877, 0.000197766697966, 0.000296819023788, 0.000295579811791, 0.000154109380674, 5.10629979544e-05, 5.228392547e-05, 5.98896294832e-05, 4.87362849526e-05, 8.73095341376e-05, 6.08623522567e-05, 7.68665777287e-05, 3.35204495059e-05, 7.18511801097e-05, 4.09022541135e-05, 5.88994989812e-05, 4.86297285534e-05, 4.39071372966e-05, 3.21449333569e-05, 2.75752609014e-05, 2.3511431209e-05, 2.78565566987e-05], "min": [1.70007997441e-23, 1.3961604244e-23, 2.50536875021e-23, 1.95112706889e-23, 1.08073678958e-22, 8.7871639062e-23, 5.91603585298e-23, 4.11153104733e-23, 1.07235429049e-22, 6.98250637708e-23, 4.62263434336e-23, 1.18920869814e-22, 2.17304421226e-22, 1.00136495007e-22, 1.2262645872e-22, 1.08030121214e-22, 1.57883025468e-22, 2.08821339218e-22, 5.19347043958e-22, 2.87486182655e-22, 3.61628076315e-22, 5.04551093089e-22, 8.39480632761e-22, 1.26537136314e-21, 1.53544118833e-21, 1.58021435847e-21, 2.40133884167e-21], "var": [2.56896601059e-05, 0.00133423332591, 1.50312489495e-05, 3.2898326026e-05, 2.31481280935e-05, 3.04255263472e-06, 4.99564521306e-06, 1.75571476575e-05, 4.7594498028e-05, 9.83089012152e-06, 8.255932471e-07, 4.74446352428e-07, 1.78096502168e-06, 7.59020679197e-07, 3.12408019454e-06, 3.25344387875e-07, 7.63128014114e-07, 5.37615925111e-08, 9.27384533611e-08, 3.65891530407e-08, 7.87314817785e-08, 1.0005937412e-07, 2.91552879617e-07, 4.35423885392e-07, 1.02196985097e-07, 1.20764738654e-07, 3.9139891328e-07]}, "erbbands": {"dmean": [0.411601036787, 1.72130179405, 1.19806563854, 2.87082839012, 4.71877002716, 3.03588318825, 3.05787873268, 4.67658615112, 6.0369644165, 9.20899009705, 16.6186389923, 38.8835220337, 12.0644378662, 19.146692276, 12.7242956161, 9.17502307892, 11.3203048706, 9.35628128052, 15.5712461472, 15.1507616043, 9.34886932373, 8.5094575882, 4.94358110428, 4.18620014191, 4.94875240326, 3.42478823662, 3.18323612213, 3.34997749329, 3.26635599136, 9.85256481171, 6.51642751694, 8.81690120697, 4.39271211624, 2.06510257721, 1.12919270992, 0.645992457867, 0.373560070992, 0.108011186123, 0.0184996910393, 0.000657596974634], "dmean2": [0.657251179218, 2.84792423248, 2.13524460793, 4.64741706848, 7.50178766251, 4.65704011917, 4.66315126419, 7.1413731575, 7.68815231323, 11.7491388321, 21.9841156006, 46.6539115906, 15.1052341461, 27.1727771759, 19.4986896515, 13.3563280106, 15.34953022, 13.0510053635, 21.7279167175, 22.7274131775, 14.2720441818, 12.9616174698, 7.65813493729, 6.44935560226, 7.73054933548, 5.49271440506, 4.96081399918, 5.0999121666, 5.00005292892, 16.5179042816, 11.0159254074, 15.3845272064, 7.36583662033, 3.42124652863, 1.84975504875, 1.09484374523, 0.642663598061, 0.182797938585, 0.0273145381361, 0.000978855066933], "dvar": [2.21706366539, 26.1535701752, 18.4586811066, 81.0134506226, 152.560668945, 65.0858154297, 43.4630241394, 127.781455994, 389.741851807, 628.436828613, 1816.94213867, 8663.62890625, 895.244750977, 4554.21484375, 1725.67675781, 432.044830322, 1538.6340332, 557.311523438, 2373.71533203, 1158.97290039, 356.979675293, 296.696502686, 104.763534546, 63.4329833984, 126.252220154, 42.4816894531, 56.530544281, 39.2647705078, 41.151763916, 419.033966064, 193.182662964, 394.415374756, 88.2572402954, 18.3707942963, 5.46860218048, 1.92315256596, 0.673398077488, 0.0525169856846, 0.00187341542915, 3.33401453645e-06], "dvar2": [5.51788568497, 81.3572387695, 54.7993621826, 217.480758667, 387.043945312, 154.542572021, 110.143348694, 308.251800537, 670.658691406, 1117.08496094, 3486.90258789, 13814.3095703, 1515.0814209, 9516.27148438, 4284.91064453, 870.275085449, 2727.39355469, 935.416015625, 3189.01733398, 2544.29760742, 761.03918457, 656.023071289, 226.680099487, 130.373931885, 242.230667114, 95.84790802, 125.987915039, 77.3042678833, 84.5231628418, 1083.57397461, 499.846221924, 1053.65661621, 223.794281006, 46.0731582642, 13.5340280533, 4.97509527206, 1.75826072693, 0.13506488502, 0.00324886594899, 6.48940476822e-06], "max": [14.9347648621, 44.0495223999, 61.8806686401, 142.030593872, 174.670974731, 158.893493652, 133.531661987, 297.459533691, 715.22857666, 926.346130371, 1345.17614746, 2488.62329102, 816.350158691, 2909.39550781, 1113.58068848, 353.288726807, 1450.74987793, 819.238586426, 2577.11352539, 871.715576172, 407.501678467, 302.209594727, 177.963317871, 184.565689087, 570.995117188, 116.547866821, 90.3219146729, 91.6806945801, 85.3626251221, 180.398330688, 141.682647705, 153.454162598, 74.5211257935, 32.131072998, 18.4935379028, 10.3616437912, 5.99457740784, 2.66629171371, 1.30444037914, 0.0553494729102], "mean": [0.51642280817, 2.12229752541, 1.64376795292, 6.88326787949, 11.138666153, 6.16050767899, 5.76441764832, 8.59802150726, 12.2274436951, 25.9216957092, 41.2849311829, 90.7233276367, 27.023639679, 35.5717010498, 16.1723995209, 16.9581756592, 21.0089607239, 18.6723804474, 29.2941951752, 31.3950080872, 18.9355144501, 17.3312187195, 8.82331180573, 7.77781105042, 8.21974277496, 6.35523557663, 5.95762062073, 5.98372554779, 5.46882104874, 9.47968387604, 6.45964097977, 6.91604185104, 3.66560935974, 1.84153342247, 1.03197145462, 0.566683232784, 0.335727095604, 0.146487027407, 0.0619561821222, 0.00217001745477], "median": [0.00522649753839, 0.0457160845399, 0.405335426331, 1.07805263996, 2.61060643196, 1.75224733353, 2.17796087265, 2.76092386246, 3.45107984543, 6.02560424805, 11.7339820862, 9.61005401611, 7.26655292511, 3.84118080139, 4.13771104813, 3.63833141327, 4.10025167465, 3.63499307632, 4.86236858368, 6.0891866684, 4.92749404907, 3.55722641945, 2.70083045959, 3.64699077606, 3.1894493103, 2.27393341064, 2.00821495056, 1.97229552269, 1.66190171242, 1.65478181839, 1.3375916481, 0.680180430412, 0.478981614113, 0.348884940147, 0.188376054168, 0.0910768806934, 0.0469676144421, 0.0188232976943, 0.00635264161974, 0.000234450766584], "min": [8.3018338319e-22, 1.84056390269e-21, 1.53076832469e-20, 7.63893023887e-20, 2.10418721209e-19, 3.74610557283e-19, 2.79705256322e-19, 9.12080569469e-19, 8.63569683567e-19, 9.70142651411e-19, 1.29582899098e-18, 2.87311590475e-18, 1.45804283141e-18, 2.39141988954e-18, 4.64736082963e-18, 3.31854770153e-18, 9.25909912617e-18, 6.26764262708e-18, 5.06832296952e-18, 7.32199598717e-18, 6.60404002501e-18, 9.32900829564e-18, 1.20548041605e-17, 1.61187971039e-17, 2.46369773205e-17, 1.47376999572e-17, 1.35331008194e-17, 1.80109661376e-17, 1.47175399113e-17, 1.93201879065e-17, 2.72212202486e-17, 2.36793437079e-17, 2.27549247056e-17, 1.27336547456e-17, 1.32277810107e-17, 6.24847685229e-18, 3.04499142154e-18, 1.41360193262e-18, 3.48444689009e-19, 3.22260228557e-20], "var": [3.32106971741, 29.0467014313, 14.8672657013, 154.211608887, 409.743438721, 192.467895508, 101.816017151, 295.333404541, 1129.48120117, 3479.97827148, 6104.99658203, 39495.9492188, 4068.32275391, 11196.7001953, 1944.2298584, 1128.6907959, 4094.63989258, 2142.84838867, 8569.49316406, 3884.13916016, 1160.44445801, 1139.47497559, 232.150726318, 146.151550293, 265.981689453, 102.145042419, 111.622535706, 106.592025757, 90.4967498779, 371.890228271, 185.071273804, 292.259735107, 71.1955184937, 15.4462976456, 4.78829193115, 1.54497241974, 0.554504096508, 0.085370272398, 0.0224807392806, 2.96071393677e-05]}, "gfcc": {"mean": [-25.024684906, 47.2505989075, -87.8392486572, 2.78145241737, -55.8620033264, 2.38473653793, -29.0823745728, 4.14825868607, -13.944480896, -2.63175702095, -20.5918865204, -4.68259191513, -15.3710298538], "cov": [[15185.4570312, -1275.07617188, 391.918243408, 2148.86523438, 1232.97070312, 708.938476562, -517.276062012, -248.699005127, -427.207458496, -184.871444702, -740.237060547, -193.478988647, -327.602600098], [-1275.07617188, 1875.25170898, -58.5524902344, -455.118225098, -132.230667114, -277.908172607, 120.041099548, -23.9045829773, 87.577041626, -38.7726402283, -22.8306312561, -128.438186646, 2.06417965889], [391.918243408, -58.5524902344, 2307.75732422, 557.542907715, 703.01763916, 306.91595459, 486.835601807, 170.732711792, 227.104324341, 64.3172912598, 296.718811035, 154.458358765, 24.7484645844], [2148.86523438, -455.118225098, 557.542907715, 1094.82446289, 521.37298584, 366.373779297, 3.4313762188, -16.052854538, -159.415222168, -24.074968338, -15.0854110718, 34.1294555664, -57.9258995056], [1232.97070312, -132.230667114, 703.01763916, 521.37298584, 735.075805664, 226.560714722, 228.352172852, 29.2434482574, 83.7847213745, 27.8680934906, 89.6024475098, 51.2309303284, -4.40649271011], [708.938476562, -277.908172607, 306.91595459, 366.373779297, 226.560714722, 369.544555664, 137.689956665, 107.990325928, 1.85288095474, 27.859664917, 37.2186203003, 78.1675109863, 7.06582307816], [-517.276062012, 120.041099548, 486.835601807, 3.4313762188, 228.352172852, 137.689956665, 395.246917725, 195.688049316, 166.186126709, 53.8145179749, 142.056625366, 53.9543914795, 60.5527458191], [-248.699005127, -23.9045829773, 170.732711792, -16.052854538, 29.2434482574, 107.990325928, 195.688049316, 271.672607422, 189.610977173, 74.4085617065, 74.5104522705, 40.8775062561, 36.5456504822], [-427.207458496, 87.577041626, 227.104324341, -159.415222168, 83.7847213745, 1.85288095474, 166.186126709, 189.610977173, 307.181610107, 129.580993652, 95.3271865845, 16.4035587311, 35.283164978], [-184.871444702, -38.7726402283, 64.3172912598, -24.074968338, 27.8680934906, 27.859664917, 53.8145179749, 74.4085617065, 129.580993652, 179.210601807, 92.8258056641, -1.83300435543, 0.438776344061], [-740.237060547, -22.8306312561, 296.718811035, -15.0854110718, 89.6024475098, 37.2186203003, 142.056625366, 74.5104522705, 95.3271865845, 92.8258056641, 251.517669678, 107.350372314, 37.7409744263], [-193.478988647, -128.438186646, 154.458358765, 34.1294555664, 51.2309303284, 78.1675109863, 53.9543914795, 40.8775062561, 16.4035587311, -1.83300435543, 107.350372314, 194.122497559, 70.4914550781], [-327.602600098, 2.06417965889, 24.7484645844, -57.9258995056, -4.40649271011, 7.06582307816, 60.5527458191, 36.5456504822, 35.283164978, 0.438776344061, 37.7409744263, 70.4914550781, 115.969299316]], "icov": [[0.000131789158331, 2.0255896743e-05, -1.29469399326e-05, -9.15869604796e-05, -0.00023571040947, -6.55285039102e-05, 0.000231473910389, -0.000125435690279, 5.52635574422e-05, -9.78928219411e-05, 0.000422917830292, -6.39100762783e-05, 0.000127419800265], [2.0255896743e-05, 0.000705563055817, -2.49955928666e-06, 6.21859289822e-05, 6.54502437101e-05, 0.000415223563323, -0.000563012843486, 0.000309967930662, -0.000211685081013, 0.000243678805418, 0.000117299372505, 0.000308305083308, 8.76451449585e-05], [-1.29469399326e-05, -2.49955928666e-06, 0.000871435098816, -0.000513172068167, -6.96730603522e-06, 1.0877416571e-05, -0.000945461040828, 0.00075311108958, -0.000977647374384, 0.000579215120524, -0.000581032480113, -0.000258468557149, 0.000418039475335], [-9.15869604796e-05, 6.21859289822e-05, -0.000513172068167, 0.00324892252684, -0.00211622309871, -0.00151082850061, 0.00215013162233, -0.00228096870705, 0.00311645795591, -0.000713663699571, -0.00024311991001, 0.000799752247985, -0.000272207835224], [-0.00023571040947, 6.54502437101e-05, -6.96730603522e-06, -0.00211622309871, 0.00470825377852, -0.000158135735546, -0.00337222288363, 0.00415044184774, -0.00377160124481, 0.00114475295413, -0.000680045515765, -0.000419485761086, 0.000538266089279], [-6.55285039102e-05, 0.000415223563323, 1.0877416571e-05, -0.00151082850061, -0.000158135735546, 0.00668660644442, -0.00236560916528, -0.00202301540412, 0.00181857333519, -0.00186851865146, 0.00169086840469, -0.00255907536484, 0.000968846026808], [0.000231473910389, -0.000563012843486, -0.000945461040828, 0.00215013162233, -0.00337222288363, -0.00236560916528, 0.00966330245137, -0.00595735246316, 0.00219952990301, 0.000723604636732, -0.00206809584051, 0.00262836040929, -0.00280916714109], [-0.000125435690279, 0.000309967930662, 0.00075311108958, -0.00228096870705, 0.00415044184774, -0.00202301540412, -0.00595735246316, 0.0134914945811, -0.00898074638098, 0.00174355134368, -8.86279740371e-05, -0.00108424271457, 0.000893704302143], [5.52635574422e-05, -0.000211685081013, -0.000977647374384, 0.00311645795591, -0.00377160124481, 0.00181857333519, 0.00219952990301, -0.00898074638098, 0.0134816467762, -0.00623505981639, 0.00124670518562, 0.000270895339781, -0.00129582826048], [-9.78928219411e-05, 0.000243678805418, 0.000579215120524, -0.000713663699571, 0.00114475295413, -0.00186851865146, 0.000723604636732, 0.00174355134368, -0.00623505981639, 0.0117338839918, -0.00539435166866, 0.00317826075479, 0.000145350742969], [0.000422917830292, 0.000117299372505, -0.000581032480113, -0.00024311991001, -0.000680045515765, 0.00169086840469, -0.00206809584051, -8.86279740371e-05, 0.00124670518562, -0.00539435166866, 0.0107519421726, -0.00563910650089, 0.00174379511736], [-6.39100762783e-05, 0.000308305083308, -0.000258468557149, 0.000799752247985, -0.000419485761086, -0.00255907536484, 0.00262836040929, -0.00108424271457, 0.000270895339781, 0.00317826075479, -0.00563910650089, 0.011183546856, -0.00567925069481], [0.000127419800265, 8.76451449585e-05, 0.000418039475335, -0.000272207835224, 0.000538266089279, 0.000968846026808, -0.00280916714109, 0.000893704302143, -0.00129582826048, 0.000145350742969, 0.00174379511736, -0.00567925069481, 0.0131810717285]]}, "melbands": {"dmean": [0.00315821263939, 0.0011171476217, 0.000556731014512, 0.000284928653855, 0.000106587584014, 0.000102907593828, 8.79933504621e-05, 0.000116278490168, 0.000165363046108, 0.000217687338591, 5.58012616239e-05, 8.24343005661e-05, 3.91883659177e-05, 2.67253562924e-05, 2.3760863769e-05, 2.06005188375e-05, 1.98501984414e-05, 2.48259657383e-05, 2.03936633625e-05, 1.92942716239e-05, 1.2625688214e-05, 1.02420417534e-05, 7.49323999116e-06, 4.17329829361e-06, 3.50269260707e-06, 4.76725699627e-06, 2.30289788306e-06, 2.34592789639e-06, 2.27747273129e-06, 1.95535722014e-06, 2.22766266234e-06, 1.3869976101e-06, 3.67101279153e-06, 6.62545562591e-06, 3.3632306895e-06, 5.40926657777e-06, 4.40313669969e-06, 2.76683431366e-06, 2.67101563622e-06, 1.57661850153e-06], "dmean2": [0.00503706000745, 0.00192615517881, 0.00089617370395, 0.000446402555099, 0.000162155774888, 0.000155689340318, 0.000111717177788, 0.000148380815517, 0.0002151603112, 0.000260899483692, 7.17519869795e-05, 0.000117914620205, 6.26219698461e-05, 3.7954407162e-05, 3.30940783897e-05, 2.80288149952e-05, 2.83436820609e-05, 3.49400470441e-05, 2.9623570299e-05, 2.99478142551e-05, 1.92999123101e-05, 1.55001525854e-05, 1.21557113744e-05, 6.5028998506e-06, 5.48258640265e-06, 7.56482450015e-06, 3.56242799171e-06, 3.79789935323e-06, 3.76536581825e-06, 2.94996061712e-06, 3.40392489306e-06, 2.00677141038e-06, 6.0388174461e-06, 1.11701256174e-05, 5.602602414e-06, 9.48073011386e-06, 7.61594446885e-06, 4.65814946438e-06, 4.46281683253e-06, 2.61129389401e-06], "dvar": [0.000113730384328, 8.87195074029e-06, 2.67430186796e-06, 5.48817752133e-07, 5.05213897384e-08, 5.70556686341e-08, 8.45092458235e-08, 9.83139543109e-08, 1.33720163831e-07, 2.75199710131e-07, 2.18116849027e-08, 8.67745484356e-08, 1.84849788809e-08, 3.91637655639e-09, 4.59347582193e-09, 5.60031709895e-09, 2.79106426859e-09, 5.66048319328e-09, 2.46071252263e-09, 1.48551670964e-09, 7.43466843645e-10, 4.64897675911e-10, 3.76063402641e-10, 8.56703874508e-11, 4.97292554358e-11, 1.12078415992e-10, 1.97244234834e-11, 1.97645892708e-11, 3.8288244103e-11, 1.60323542636e-11, 1.80099494346e-11, 8.53514828258e-12, 5.5437522628e-11, 1.99276734003e-10, 5.0524466555e-11, 1.48709530801e-10, 9.62899066037e-11, 3.48677406392e-11, 3.19312458419e-11, 1.06317316062e-11], "dvar2": [0.000303863140289, 2.83963217953e-05, 7.21341666576e-06, 1.34891115522e-06, 1.30498918338e-07, 1.36164345577e-07, 1.44293466064e-07, 1.79046367066e-07, 2.44257336135e-07, 4.4312187697e-07, 3.82806497612e-08, 1.81600668725e-07, 4.80366040279e-08, 6.81141232306e-09, 8.14310929798e-09, 9.54101952999e-09, 4.71758854204e-09, 7.67167485094e-09, 4.71063188456e-09, 3.39078032319e-09, 1.5574525003e-09, 9.66557611726e-10, 9.56601020619e-10, 1.71383532366e-10, 1.0456192856e-10, 2.18090864812e-10, 4.21791421235e-11, 4.58690099792e-11, 9.84601636334e-11, 3.04824637753e-11, 3.61460132658e-11, 1.62100714796e-11, 1.37201972006e-10, 5.16262532724e-10, 1.26242197251e-10, 3.99189292732e-10, 2.55715865149e-10, 8.94902138504e-11, 7.94931342973e-11, 2.71802580443e-11], "max": [0.101711079478, 0.0325547754765, 0.024388210848, 0.0117679638788, 0.00405890773982, 0.00611180625856, 0.0109508261085, 0.011604689993, 0.0100180758163, 0.0135441543534, 0.00372654292732, 0.0125679951161, 0.00311216455884, 0.00133758666925, 0.00270692398772, 0.00280906422995, 0.00187255872879, 0.00390312541276, 0.00146078923717, 0.000958907825407, 0.000628687790595, 0.000424114812631, 0.000362390448572, 0.00022777893173, 0.000165507866768, 0.000571959360968, 9.06849745661e-05, 6.61313097226e-05, 7.04753474565e-05, 7.54614302423e-05, 7.65097720432e-05, 4.22418779635e-05, 9.61278055911e-05, 0.000117285911983, 0.000106919076643, 9.56540607149e-05, 7.50287508708e-05, 4.97245673614e-05, 3.79863849957e-05, 2.52003592323e-05], "mean": [0.00402195705101, 0.00151056156028, 0.0013506981777, 0.000646414759103, 0.000201481583645, 0.000190630977158, 0.000176410627319, 0.000330236245645, 0.000406533508794, 0.000502044975292, 0.000114690374176, 0.000150898122229, 4.47922866442e-05, 4.52889253211e-05, 4.52439271612e-05, 3.60962476407e-05, 3.58666220563e-05, 4.36722584709e-05, 4.15175782109e-05, 3.57570643246e-05, 2.21606933337e-05, 1.9730101485e-05, 1.29244381242e-05, 6.04823708272e-06, 5.8708992583e-06, 7.42200973036e-06, 4.08347705161e-06, 4.00038788939e-06, 3.70999987354e-06, 3.29223348672e-06, 3.79942730433e-06, 2.67495329354e-06, 4.25442385676e-06, 5.7756883507e-06, 3.68614496438e-06, 4.24457402914e-06, 3.51889138983e-06, 2.34646768149e-06, 2.19057892537e-06, 1.42877092912e-06], "median": [5.30772158527e-05, 0.000158042821568, 0.00027597026201, 0.000169276056113, 8.07855540188e-05, 5.93031363678e-05, 4.16420443798e-05, 6.68196807965e-05, 9.8055563285e-05, 4.78674737678e-05, 2.21227273869e-05, 1.09752800199e-05, 9.41915641306e-06, 9.63121328823e-06, 8.43149882712e-06, 4.64788536192e-06, 5.01995964441e-06, 5.60850730835e-06, 5.17687385582e-06, 6.5063159127e-06, 3.33688808496e-06, 3.35065237778e-06, 2.07835114452e-06, 1.49998004417e-06, 2.01803959499e-06, 2.38631173488e-06, 1.41697000799e-06, 1.29761565404e-06, 1.10379539819e-06, 1.00591557839e-06, 1.1158055031e-06, 7.3668013556e-07, 8.86630346031e-07, 8.81750793269e-07, 7.51719881009e-07, 4.80751396026e-07, 3.54599620778e-07, 3.21847750229e-07, 2.93785262784e-07, 2.97369979307e-07], "min": [6.64468268976e-24, 6.78829402869e-24, 1.48929586722e-23, 2.27350580632e-23, 1.1329006587e-23, 1.95103524548e-23, 1.39683963364e-23, 9.73615521326e-24, 1.03847566495e-23, 1.82325760709e-23, 6.73204824615e-24, 9.718098976e-24, 1.16040232201e-23, 1.48991038987e-23, 8.97904359289e-24, 2.45677002751e-23, 9.86374715379e-24, 7.51243441867e-24, 1.11620654757e-23, 6.95441709128e-24, 8.31077822083e-24, 9.7153505846e-24, 1.09417705458e-23, 9.41809044058e-24, 1.224212334e-23, 2.56203468007e-23, 8.06060912854e-24, 1.0182920276e-23, 9.18325207112e-24, 7.14534036301e-24, 1.12878611799e-23, 8.12302932539e-24, 9.57161697223e-24, 1.10264066435e-23, 1.64382709212e-23, 1.40999246928e-23, 1.45222855546e-23, 1.71132991978e-23, 1.20305863439e-23, 9.93215874921e-24], "var": [0.000162509342772, 1.0084355381e-05, 4.90769662065e-06, 1.61558796208e-06, 1.0741980816e-07, 1.34041485467e-07, 2.50150947068e-07, 5.72939541144e-07, 5.07955348894e-07, 1.2448247162e-06, 9.34136608066e-08, 2.15280024918e-07, 1.77699917003e-08, 8.91396290115e-09, 1.42035014861e-08, 1.58384381166e-08, 9.91055237876e-09, 1.97328873242e-08, 9.58436352505e-09, 4.40849579064e-09, 2.18150897346e-09, 1.68281211188e-09, 8.72048599998e-10, 1.35900582454e-10, 1.08942604937e-10, 2.43288306168e-10, 4.25974394647e-11, 4.35928654285e-11, 5.44119714563e-11, 3.88886388369e-11, 5.86996770635e-11, 2.45883140237e-11, 7.21711232443e-11, 1.62000607373e-10, 6.54243881293e-11, 1.07270428651e-10, 7.39084904389e-11, 2.79231290867e-11, 2.62641870058e-11, 8.8190999642e-12]}, "mfcc": {"mean": [-687.596008301, 97.8499908447, 15.2043218613, 9.06247425079, -3.33518695831, -1.45574402809, -9.05217838287, 2.34346628189, 2.04851388931, 5.60829591751, 0.261770993471, -4.50474643707, -1.53630900383], "cov": [[12464.0820312, -101.00667572, -736.222412109, 417.645294189, 895.208374023, 771.860046387, -94.3140716553, -188.28692627, -88.1107940674, -228.996780396, -450.192749023, -214.013076782, -382.095458984], [-101.00667572, 1531.19750977, 145.065963745, 154.567581177, -14.603682518, -38.0559692383, 0.109333455563, 9.84939479828, 101.15234375, 58.7747497559, 106.641563416, 13.2268104553, 8.37356567383], [-736.222412109, 145.065963745, 1412.5736084, 398.225219727, 375.734375, 239.911804199, 340.938079834, 302.772094727, 81.0803604126, 171.348815918, 177.505691528, 126.440979004, 168.740997314], [417.645294189, 154.567581177, 398.225219727, 527.273864746, 398.8097229, 284.839813232, 217.207778931, 100.79850769, 6.42683315277, 26.5642089844, 48.9640083313, 11.9218616486, 68.6194229126], [895.208374023, -14.603682518, 375.734375, 398.8097229, 551.09197998, 361.365325928, 207.40196228, 151.005599976, 19.2055740356, 41.5754432678, 64.5985488892, 63.6347770691, 84.8039245605], [771.860046387, -38.0559692383, 239.911804199, 284.839813232, 361.365325928, 393.301849365, 236.041000366, 108.029502869, 11.8595867157, 10.6322135925, 14.232884407, 40.0269050598, 49.5465583801], [-94.3140716553, 0.109333455563, 340.938079834, 217.207778931, 207.40196228, 236.041000366, 337.094390869, 197.84375, 40.3961334229, 66.8052215576, 73.4373016357, 52.4688415527, 86.8865509033], [-188.28692627, 9.84939479828, 302.772094727, 100.79850769, 151.005599976, 108.029502869, 197.84375, 306.154266357, 125.63483429, 64.8964767456, 82.1864089966, 63.5847511292, 104.605262756], [-88.1107940674, 101.15234375, 81.0803604126, 6.42683315277, 19.2055740356, 11.8595867157, 40.3961334229, 125.63483429, 231.660079956, 148.850418091, 74.1901702881, 61.4445457458, 27.4725341797], [-228.996780396, 58.7747497559, 171.348815918, 26.5642089844, 41.5754432678, 10.6322135925, 66.8052215576, 64.8964767456, 148.850418091, 278.81036377, 162.526077271, 79.780128479, 40.9318389893], [-450.192749023, 106.641563416, 177.505691528, 48.9640083313, 64.5985488892, 14.232884407, 73.4373016357, 82.1864089966, 74.1901702881, 162.526077271, 238.954147339, 114.112815857, 99.5669403076], [-214.013076782, 13.2268104553, 126.440979004, 11.9218616486, 63.6347770691, 40.0269050598, 52.4688415527, 63.5847511292, 61.4445457458, 79.780128479, 114.112815857, 214.318115234, 72.6653671265], [-382.095458984, 8.37356567383, 168.740997314, 68.6194229126, 84.8039245605, 49.5465583801, 86.8865509033, 104.605262756, 27.4725341797, 40.9318389893, 99.5669403076, 72.6653671265, 203.644546509]], "icov": [[0.000129051797558, -2.66382139671e-05, 8.96401979844e-05, 6.33390664007e-05, -0.000258632382611, -0.000251089280937, 0.000188314632396, -3.78069926228e-05, 1.88858193724e-05, -8.95483099157e-05, 0.000182956602657, 3.62661849067e-05, 0.000168539554579], [-2.66382139671e-05, 0.000783707248047, -8.51188015076e-05, -0.00053902878426, 0.00037509156391, 0.000143609984661, 4.82720206492e-05, 0.000209882782656, -0.000579778745305, 0.000424833997386, -0.000625571177807, 9.50665489654e-05, 0.00011516820814], [8.96401979844e-05, -8.51188015076e-05, 0.00127746537328, -0.000543414207641, -0.000387663894799, 0.000196249238797, -0.000253962178249, -0.000857352220919, 0.000644551822916, -0.000765614560805, 0.000301057181787, -0.0002873200865, -1.90200680663e-05], [6.33390664007e-05, -0.00053902878426, -0.000543414207641, 0.00580536248162, -0.00402853963897, 0.000420603435487, -0.00241349101998, 0.00217729737051, -0.000994729343802, 0.000905296124984, -0.000168148151715, 0.0012985302601, -0.000307169510052], [-0.000258632382611, 0.00037509156391, -0.000387663894799, -0.00402853963897, 0.00897809676826, -0.00578898377717, 0.00382320233621, -0.00334583036602, 0.00199530553073, -0.00114900746848, -0.000917154655326, -0.00089934252901, -0.000333792733727], [-0.000251089280937, 0.000143609984661, 0.000196249238797, 0.000420603435487, -0.00578898377717, 0.011294061318, -0.00701707787812, 0.00335969030857, -0.00218533491716, 0.00171860551927, 0.000964167527854, -0.000532915408257, -0.000182220057468], [0.000188314632396, 4.82720206492e-05, -0.000253962178249, -0.00241349101998, 0.00382320233621, -0.00701707787812, 0.011321220547, -0.00647356407717, 0.00370518304408, -0.00293882354163, 6.05480199738e-05, -0.000253428675933, 0.000136808448588], [-3.78069926228e-05, 0.000209882782656, -0.000857352220919, 0.00217729737051, -0.00334583036602, 0.00335969030857, -0.00647356407717, 0.010650863871, -0.0065331524238, 0.0039086220786, -0.00118697213475, 0.000800637935754, -0.00184552150313], [1.88858193724e-05, -0.000579778745305, 0.000644551822916, -0.000994729343802, 0.00199530553073, -0.00218533491716, 0.00370518304408, -0.0065331524238, 0.0111021026969, -0.00664497539401, 0.00227658869699, -0.00155354267918, 0.000615327153355], [-8.95483099157e-05, 0.000424833997386, -0.000765614560805, 0.000905296124984, -0.00114900746848, 0.00171860551927, -0.00293882354163, 0.0039086220786, -0.00664497539401, 0.0103619713336, -0.00593073572963, 0.000769943697378, 0.000889020680916], [0.000182956602657, -0.000625571177807, 0.000301057181787, -0.000168148151715, -0.000917154655326, 0.000964167527854, 6.05480199738e-05, -0.00118697213475, 0.00227658869699, -0.00593073572963, 0.0109922913834, -0.00295858038589, -0.00252635148354], [3.62661849067e-05, 9.50665489654e-05, -0.0002873200865, 0.0012985302601, -0.00089934252901, -0.000532915408257, -0.000253428675933, 0.000800637935754, -0.00155354267918, 0.000769943697378, -0.00295858038589, 0.00703900540248, -0.000944639497902], [0.000168539554579, 0.00011516820814, -1.90200680663e-05, -0.000307169510052, -0.000333792733727, -0.000182220057468, 0.000136808448588, -0.00184552150313, 0.000615327153355, 0.000889020680916, -0.00252635148354, -0.000944639497902, 0.00772478664294]]}, "spectral_contrast_coeffs": {"dmean": [0.0557819120586, 0.0553477928042, 0.0500075593591, 0.0419140011072, 0.0340560488403, 0.0241968873888], "dmean2": [0.0872109830379, 0.0887617170811, 0.0783599689603, 0.0687113702297, 0.054055929184, 0.0388026870787], "dvar": [0.00235852436163, 0.00245419004932, 0.00182577897795, 0.00129128841218, 0.000899070466403, 0.00058494170662], "dvar2": [0.00530627230182, 0.00613759318367, 0.00453258072957, 0.00323342182674, 0.00230138399638, 0.00139944278635], "max": [-0.195087209344, -0.375004798174, -0.384899377823, -0.461297392845, -0.538621544838, -0.590639054775], "mean": [-0.572537004948, -0.670659482479, -0.687810897827, -0.732329905033, -0.74323797226, -0.762702047825], "median": [-0.583651900291, -0.672079205513, -0.686136484146, -0.73816215992, -0.740884542465, -0.766900122166], "min": [-0.955736219883, -0.97732847929, -0.95968079567, -0.953415095806, -0.963714420795, -0.9615650177], "var": [0.0198327880353, 0.00951096136123, 0.00907632056624, 0.00717373983935, 0.00473830103874, 0.00355964503251]}, "spectral_contrast_valleys": {"dmean": [0.633288264275, 0.553307950497, 0.551359176636, 0.508825421333, 0.496422529221, 0.593830525875], "dmean2": [0.983107447624, 0.886194229126, 0.864156961441, 0.821194529533, 0.751734435558, 0.819030702114], "dvar": [0.401576936245, 0.370066761971, 0.348817318678, 0.338561326265, 0.32815861702, 0.529632389545], "dvar2": [0.79848754406, 0.846001386642, 0.766043424606, 0.70591968298, 0.660671889782, 0.9938159585], "max": [-4.95847940445, -4.54927110672, -5.50085926056, -5.64159107208, -