{"lowlevel": {"average_loudness": 0.970409393311, "barkbands_crest": {"dmean": 2.57250547409, "dmean2": 4.1365737915, "dvar": 6.80698919296, "dvar2": 16.6368274689, "max": 24.6521644592, "mean": 9.63397407532, "median": 8.7225189209, "min": 2.43454122543, "var": 15.9453458786}, "barkbands_flatness_db": {"dmean": 0.0170433651656, "dmean2": 0.0258816983551, "dvar": 0.000264923874056, "dvar2": 0.00059148366563, "max": 0.491695791483, "mean": 0.108391225338, "median": 0.104370623827, "min": 0.0159983858466, "var": 0.00191613147035}, "barkbands_kurtosis": {"dmean": 2.11992263794, "dmean2": 3.29382109642, "dvar": 18.9615783691, "dvar2": 39.2756996155, "max": 291.7394104, "mean": 3.86429047585, "median": 1.9188773632, "min": -1.91458046436, "var": 107.424560547}, "barkbands_skewness": {"dmean": 0.422567129135, "dmean2": 0.642531633377, "dvar": 0.198591932654, "dvar2": 0.427304387093, "max": 11.3594465256, "mean": 1.56305813789, "median": 1.44171285629, "min": -2.16950058937, "var": 1.05783760548}, "barkbands_spread": {"dmean": 5.20476865768, "dmean2": 7.84951257706, "dvar": 48.8927307129, "dvar2": 89.7393112183, "max": 111.032196045, "mean": 24.2695045471, "median": 21.4103374481, "min": 0.234266266227, "var": 194.235061646}, "dissonance": {"dmean": 0.0155339380726, "dmean2": 0.0260457880795, "dvar": 0.000231329962844, "dvar2": 0.000624142820016, "max": 0.499985039234, "mean": 0.465225189924, "median": 0.470758676529, "min": 0.286046922207, "var": 0.000557101215236}, "dynamic_complexity": 1.79947924614, "erbbands_crest": {"dmean": 2.13360261917, "dmean2": 3.38116073608, "dvar": 4.28144645691, "dvar2": 10.4308872223, "max": 28.0539321899, "mean": 8.64414596558, "median": 7.80384349823, "min": 2.45697617531, "var": 14.1567201614}, "erbbands_flatness_db": {"dmean": 0.0168887171894, "dmean2": 0.023295937106, "dvar": 0.00026582981809, "dvar2": 0.000520411354955, "max": 0.278366357088, "mean": 0.126454532146, "median": 0.123963534832, "min": 0.041484259069, "var": 0.00122602272313}, "erbbands_kurtosis": {"dmean": 0.585283815861, "dmean2": 0.904087603092, "dvar": 0.613917708397, "dvar2": 1.39587545395, "max": 21.6228141785, "mean": -0.0212423950434, "median": -0.4789083004, "min": -1.7578933239, "var": 2.59907984734}, "erbbands_skewness": {"dmean": 0.289724558592, "dmean2": 0.438541591167, "dvar": 0.0741941779852, "dvar2": 0.159630104899, "max": 4.10175037384, "mean": 0.330280631781, "median": 0.330167651176, "min": -2.98943996429, "var": 0.422134578228}, "erbbands_spread": {"dmean": 7.24739265442, "dmean2": 10.8479709625, "dvar": 64.9461517334, "dvar2": 140.146530151, "max": 121.981193542, "mean": 43.1521644592, "median": 41.4115753174, "min": 6.41269350052, "var": 321.136566162}, "hfc": {"dmean": 7.32033872604, "dmean2": 10.4815816879, "dvar": 149.122268677, "dvar2": 274.892791748, "max": 242.016983032, "mean": 31.38621521, "median": 27.8058319092, "min": 1.11123986121e-16, "var": 542.724121094}, "melbands_crest": {"dmean": 2.91884183884, "dmean2": 4.66748952866, "dvar": 7.6974067688, "dvar2": 18.1471614838, "max": 30.0403556824, "mean": 12.2908639908, "median": 11.3562927246, "min": 1.67767131329, "var": 19.8225326538}, "melbands_flatness_db": {"dmean": 0.0198320541531, "dmean2": 0.0296769570559, "dvar": 0.000388985994505, "dvar2": 0.00081018707715, "max": 0.619158387184, "mean": 0.187015980482, "median": 0.181584984064, "min": 0.00346740079112, "var": 0.00324611598626}, "melbands_kurtosis": {"dmean": 5.19721746445, "dmean2": 8.21849632263, "dvar": 73.1202087402, "dvar2": 173.906539917, "max": 202.308731079, "mean": 11.62657547, "median": 7.34905815125, "min": -1.60019958019, "var": 200.067886353}, "melbands_skewness": {"dmean": 0.594348192215, "dmean2": 0.915384709835, "dvar": 0.424135386944, "dvar2": 0.964246749878, "max": 10.7986698151, "mean": 2.57301878929, "median": 2.41027259827, "min": -0.913800895214, "var": 1.80385434628}, "melbands_spread": {"dmean": 5.64434099197, "dmean2": 8.47014045715, "dvar": 73.2168273926, "dvar2": 134.983856201, "max": 210.563247681, "mean": 23.2783432007, "median": 20.2181911469, "min": 0.344478100538, "var": 317.262298584}, "pitch_salience": {"dmean": 0.0646196827292, "dmean2": 0.104621648788, "dvar": 0.0037713649217, "dvar2": 0.00956162530929, "max": 0.901578843594, "mean": 0.563662707806, "median": 0.570792794228, "min": 0.107013605535, "var": 0.0105132777244}, "silence_rate_20dB": {"dmean": 0, "dmean2": 0, "dvar": 0, "dvar2": 0, "max": 1, "mean": 1, "median": 1, "min": 1, "var": 0}, "silence_rate_30dB": {"dmean": 0, "dmean2": 0, "dvar": 0, "dvar2": 0, "max": 1, "mean": 1, "median": 1, "min": 1, "var": 0}, "silence_rate_60dB": {"dmean": 0.00024706608383, "dmean2": 0.000494193227496, "dvar": 0.000247004179982, "dvar2": 0.000493943225592, "max": 1, "mean": 0.00988142285496, "median": 0, "min": 0, "var": 0.00978387892246}, "spectral_centroid": {"dmean": 201.785720825, "dmean2": 311.046173096, "dvar": 58833.9101562, "dvar2": 105091.515625, "max": 11536.7109375, "mean": 1336.90270996, "median": 1251.95947266, "min": 106.404632568, "var": 579493.9375}, "spectral_complexity": {"dmean": 3.27486109734, "dmean2": 5.17642688751, "dvar": 10.2854061127, "dvar2": 23.0919895172, "max": 49, "mean": 23.0893039703, "median": 24, "min": 0, "var": 52.4828414917}, "spectral_decrease": {"dmean": 2.23258878052e-09, "dmean2": 3.48954287688e-09, "dvar": 7.26963710875e-18, "dvar2": 1.72982028018e-17, "max": 1.31349048134e-28, "mean": -9.37065536277e-09, "median": -9.04794816847e-09, "min": -3.16345456497e-08, "var": 1.6482237104e-17}, "spectral_energy": {"dmean": 0.00877158623189, "dmean2": 0.0136918351054, "dvar": 0.000108167339931, "dvar2": 0.000257871637587, "max": 0.122681289911, "mean": 0.0382138155401, "median": 0.0373765900731, "min": 1.00533940296e-20, "var": 0.000252061523497}, "spectral_energyband_high": {"dmean": 0.000619591388386, "dmean2": 0.000844168767799, "dvar": 2.24566178986e-06, "dvar2": 3.70515840586e-06, "max": 0.0284750070423, "mean": 0.00136815209407, "median": 0.000628761132248, "min": 7.08309184754e-21, "var": 7.81831658969e-06}, "spectral_energyband_low": {"dmean": 0.00549026951194, "dmean2": 0.00853951368481, "dvar": 0.000104553299025, "dvar2": 0.000243945192778, "max": 0.0949496105313, "mean": 0.0105685442686, "median": 0.00609071925282, "min": 2.13887249334e-23, "var": 0.000155667119543}, "spectral_energyband_middle_high": {"dmean": 0.0017593834782, "dmean2": 0.00257502682507, "dvar": 6.31952298136e-06, "dvar2": 1.31539663926e-05, "max": 0.0720904096961, "mean": 0.0071907103993, "median": 0.00575679913163, "min": 1.29355851187e-21, "var": 3.34210744768e-05}, "spectral_energyband_middle_low": {"dmean": 0.00546083040535, "dmean2": 0.00869908928871, "dvar": 3.70497255062e-05, "dvar2": 9.24944251892e-05, "max": 0.082609705627, "mean": 0.020278127864, "median": 0.0180954504758, "min": 1.96815469464e-22, "var": 0.000116616072773}, "spectral_entropy": {"dmean": 0.144894406199, "dmean2": 0.203663647175, "dvar": 0.0234028063715, "dvar2": 0.0404749289155, "max": 9.82158946991, "mean": 7.61158466339, "median": 7.59627819061, "min": 5.25027656555, "var": 0.159912899137}, "spectral_flux": {"dmean": 0.0269707739353, "dmean2": 0.0427146814764, "dvar": 0.000825354713015, "dvar2": 0.00194557302166, "max": 0.274962812662, "mean": 0.0913714021444, "median": 0.0837189108133, "min": 6.38095826178e-11, "var": 0.00169999373611}, "spectral_kurtosis": {"dmean": 1.07729268074, "dmean2": 1.68376171589, "dvar": 1.34359955788, "dvar2": 3.17619299889, "max": 34.6231689453, "mean": 5.09004497528, "median": 4.98766899109, "min": -1.29812026024, "var": 6.40029239655}, "spectral_rms": {"dmean": 0.000679404125549, "dmean2": 0.00104616908357, "dvar": 5.57418445624e-07, "dvar2": 1.27901512315e-06, "max": 0.0109402500093, "mean": 0.00595228932798, "median": 0.00603862293065, "min": 3.13180297667e-12, "var": 1.85198143754e-06}, "spectral_rolloff": {"dmean": 467.445220947, "dmean2": 766.911193848, "dvar": 824468.125, "dvar2": 1550675.375, "max": 19293.75, "mean": 1555.80249023, "median": 1012.06054688, "min": 86.1328125, "var": 3630334.25}, "spectral_skewness": {"dmean": 0.17051845789, "dmean2": 0.259397804737, "dvar": 0.0334835499525, "dvar2": 0.0659461840987, "max": 4.59597396851, "mean": 1.68833076954, "median": 1.72263121605, "min": -0.0658912286162, "var": 0.205390676856}, "spectral_spread": {"dmean": 678663.5625, "dmean2": 913169.5625, "dvar": 854798303232, "dvar2": 1570166145020.0, "max": 47478404, "mean": 5305327.5, "median": 4891862, "min": 2141332, "var": 7021883031550.0}, "spectral_strongpeak": {"dmean": 0.571495473385, "dmean2": 0.969273209572, "dvar": 0.634039282799, "dvar2": 1.46863949299, "max": 7.60850286484, "mean": 1.21505284309, "median": 0.731309652328, "min": 0, "var": 1.38758611679}, "zerocrossingrate": {"dmean": 0.0115120979026, "dmean2": 0.0130967237055, "dvar": 0.000199356320081, "dvar2": 0.000209926685784, "max": 0.515625, "mean": 0.0689861923456, "median": 0.05859375, "min": 0.00341796875, "var": 0.002134823706}, "barkbands": {"dmean": [0.000284024776192, 0.00471828691661, 0.00101601064671, 0.00158348027617, 0.00293226470239, 0.00189389346633, 0.0010448123794, 0.000957091979217, 0.00138886133209, 0.000400751916459, 0.000845152128022, 0.000326692999806, 0.000299442501273, 0.000353058887413, 0.000246787967626, 0.000162497133715, 0.000276602484519, 0.000331625167746, 0.000169556587934, 0.000112735273433, 8.80257211975e-05, 9.93259454845e-05, 0.000154549008585, 0.000146821446833, 9.13625772228e-05, 7.59643007768e-05, 4.46666526841e-05], "dmean2": [0.000441945390776, 0.00728749204427, 0.00174166203942, 0.00266544194892, 0.00480978377163, 0.00302573060617, 0.00157590582967, 0.00145638582762, 0.00212653097697, 0.000619392027147, 0.00124707189389, 0.000505448086187, 0.000465854507638, 0.000527220487129, 0.000385280378396, 0.000260375032667, 0.000439940049546, 0.000522989954334, 0.000270664721029, 0.000180438859388, 0.000137334442115, 0.000143697572639, 0.000222424132517, 0.000206545664696, 0.000132221277454, 0.00011368261039, 6.0379923525e-05], "dvar": [2.64800604555e-07, 9.85344813671e-05, 2.4629721338e-06, 5.53842392037e-06, 1.52162865561e-05, 1.21127568491e-05, 5.3863109315e-06, 5.5856767176e-06, 8.1217940533e-06, 1.01161674593e-06, 4.04776346841e-06, 5.69557926156e-07, 3.83870514042e-07, 5.53566508188e-07, 3.34683988967e-07, 7.48934994022e-08, 1.31904130285e-07, 1.88861591255e-07, 4.88969433832e-08, 2.4450947933e-08, 2.17488373977e-08, 7.31635196871e-08, 3.11104741968e-07, 2.87017314804e-07, 9.8253984504e-08, 2.99682660909e-08, 4.39535297048e-09], "dvar2": [5.97477594511e-07, 0.000233345519518, 6.86351177137e-06, 1.55432517204e-05, 3.90068416891e-05, 2.91976393783e-05, 1.1337118849e-05, 1.16870151032e-05, 1.93833129742e-05, 2.08355345421e-06, 9.35712068895e-06, 1.24503753796e-06, 9.10445010049e-07, 1.14685065e-06, 7.47970204884e-07, 1.77776200871e-07, 3.23818284187e-07, 4.55652696019e-07, 1.16442031128e-07, 5.76898493421e-08, 4.5323190534e-08, 1.46932478629e-07, 6.0376868305e-07, 4.96037614539e-07, 2.12660452803e-07, 7.72848238739e-08, 9.26153198577e-09], "max": [0.00609598867595, 0.0909397155046, 0.0355912260711, 0.0356318056583, 0.0474816597998, 0.0659648403525, 0.0720166489482, 0.0480279326439, 0.0512379705906, 0.0270038228482, 0.0675789415836, 0.0194835104048, 0.0179414469749, 0.0155452312902, 0.0120377391577, 0.00704415049404, 0.00631597219035, 0.00880271662027, 0.00470968801528, 0.0042122984305, 0.00327029288746, 0.00795318372548, 0.0173142403364, 0.0129690375179, 0.0145170809701, 0.00305649102665, 0.000694410700817], "mean": [0.000310358766001, 0.00724852085114, 0.00187601917423, 0.00314274360426, 0.00555331027135, 0.0040526567027, 0.00228827167302, 0.00171011150815, 0.0034180006478, 0.000785139971413, 0.0018627459649, 0.000621492043138, 0.000581069849432, 0.00068613019539, 0.000523048336618, 0.000316808436764, 0.000514514220413, 0.000810470373835, 0.00041822908679, 0.000245173519943, 0.000177466237801, 0.000196325141587, 0.00028859541635, 0.000259392545559, 0.000154209454195, 0.000109411776066, 6.36537151877e-05], "median": [4.19075113314e-05, 0.00273947697133, 0.00139137520455, 0.0022902067285, 0.00386092765257, 0.00205749087036, 0.000802854134236, 0.000386063824408, 0.00134512549266, 0.000225019422942, 0.000784409116022, 0.00023848847195, 0.000286766095087, 0.000271285651252, 0.000150280757225, 0.000220195302973, 0.00035622814903, 0.000594585028011, 0.000326434208546, 0.000182716205018, 0.00010247778846, 7.85334705142e-05, 7.24770798115e-05, 5.44406939298e-05, 6.1476661358e-05, 5.27028532815e-05, 2.33568025578e-05], "min": [1.86406273903e-24, 2.7880604477e-24, 3.35199502074e-24, 1.42047372886e-24, 1.57531483805e-23, 7.11537627038e-24, 8.95786267758e-24, 1.17915078471e-23, 2.30097094537e-23, 2.7190044318e-23, 1.81499239584e-23, 2.33001648835e-23, 3.14152622125e-23, 4.79384051008e-23, 3.73010449342e-23, 7.13206620055e-23, 7.59330055006e-23, 1.2391752741e-22, 1.42874877326e-22, 2.13904746269e-22, 2.40682673873e-22, 3.57649162883e-22, 4.64283694493e-22, 6.1682611901e-22, 9.08052966482e-22, 1.47481739185e-21, 2.01088535874e-21], "var": [3.48721528098e-07, 0.000131965061883, 3.45138641933e-06, 9.41755934036e-06, 3.01118179777e-05, 2.90544667223e-05, 1.62992819241e-05, 1.59858955158e-05, 2.54799870163e-05, 3.58904935638e-06, 1.14109980132e-05, 1.62539754456e-06, 9.56380517891e-07, 1.5517795191e-06, 1.3401936485e-06, 1.35821366598e-07, 2.69958690069e-07, 5.66617700315e-07, 1.4750146704e-07, 5.89508069027e-08, 5.5173689617e-08, 1.86992664908e-07, 9.1768964694e-07, 8.9616725063e-07, 1.83414599064e-07, 3.31105916018e-08, 7.59467422284e-09]}, "erbbands": {"dmean": [0.133427858353, 1.09905397892, 1.28401887417, 2.88553714752, 8.46688938141, 11.2347269058, 13.287607193, 14.0964403152, 10.3481779099, 19.8841667175, 24.8475093842, 30.6795501709, 13.9680738449, 21.6461315155, 23.895565033, 11.6883583069, 13.2167377472, 17.2865219116, 12.7084569931, 11.369679451, 8.7210149765, 17.2047634125, 16.2085609436, 11.1165180206, 7.37269306183, 5.54571676254, 4.24670267105, 3.23551535606, 3.52285695076, 4.10616827011, 4.53398704529, 3.75828456879, 2.11788725853, 1.03589713573, 0.662538468838, 0.353093355894, 0.139583066106, 0.0369495637715, 0.00768164172769, 0.000487985147629], "dmean2": [0.205915644765, 1.73435401917, 2.20403003693, 4.8851518631, 14.0393724442, 18.5722312927, 21.7196846008, 22.1979522705, 16.0117492676, 29.5543022156, 37.5682640076, 46.3508453369, 21.7799186707, 32.048828125, 35.2472686768, 17.7321796417, 20.2260055542, 25.4929714203, 19.3394393921, 17.7997989655, 13.9786186218, 27.4008598328, 25.4969005585, 18.043636322, 11.4544935226, 8.86569786072, 6.77219724655, 4.93348121643, 5.1023812294, 5.93226051331, 6.46557474136, 5.32851982117, 3.00051546097, 1.49818348885, 0.967375516891, 0.532882213593, 0.2107604146, 0.0531099885702, 0.010409061797, 0.000658794597257], "dvar": [0.0804068446159, 5.25907039642, 4.02432394028, 16.3543930054, 190.121398926, 260.332702637, 535.499206543, 731.001953125, 684.396484375, 2160.70947266, 3778.77563477, 4283.39306641, 1022.98809814, 2340.56835938, 3238.23217773, 693.287597656, 648.157897949, 1479.50439453, 965.780517578, 582.71270752, 190.521789551, 518.731811523, 481.055969238, 187.355728149, 130.869232178, 64.0287475586, 38.9282264709, 42.6957588196, 80.1288528442, 175.632766724, 274.77456665, 192.713119507, 61.2719078064, 13.1951131821, 5.47540616989, 0.763174772263, 0.101340956986, 0.00360149191692, 0.000129736872623, 5.38524432159e-07], "dvar2": [0.175158277154, 12.9697570801, 11.2002248764, 45.8147850037, 516.338867188, 640.865844727, 1289.10241699, 1780.31677246, 1482.71264648, 4494.41601562, 8227.24902344, 10112.9365234, 2216.46826172, 5004.38623047, 7703.23388672, 1445.05004883, 1414.7800293, 2868.57739258, 2233.66186523, 1369.99597168, 442.0027771, 1266.82751465, 1133.13415527, 479.733703613, 288.593658447, 151.934509277, 90.2160949707, 83.9638671875, 150.220169067, 370.203704834, 525.593688965, 347.848236084, 107.546173096, 24.3868694305, 13.316204071, 1.93477118015, 0.263754248619, 0.0086236493662, 0.000265939423116, 1.11061615371e-06], "max": [2.40707397461, 21.6049308777, 34.9441070557, 62.1058158875, 166.615859985, 285.321289062, 554.929870605, 699.364257812, 520.566711426, 1447.66125488, 1118.94238281, 1340.96716309, 774.109008789, 1916.90075684, 1858.40661621, 661.638427734, 723.531677246, 932.255737305, 686.395996094, 551.917419434, 348.67578125, 380.858093262, 418.423461914, 252.421173096, 281.418762207, 163.242172241, 140.903045654, 153.397918701, 223.97315979, 371.80960083, 511.442382812, 334.444122314, 216.243331909, 120.250427246, 121.134048462, 18.0987377167, 5.29112100601, 0.835555195808, 0.115353740752, 0.00641936482862], "mean": [0.177518948913, 1.70654582977, 2.62990117073, 6.22440481186, 14.9888868332, 20.5642185211, 27.8282241821, 30.2333984375, 24.3751792908, 42.2352180481, 51.7945480347, 77.523979187, 29.1171169281, 50.0403137207, 55.210357666, 24.4842300415, 28.6247596741, 36.6229476929, 28.6053524017, 22.361869812, 18.9524421692, 34.3593826294, 41.3414001465, 28.7644424438, 18.7733955383, 12.2848510742, 8.64434051514, 6.42463779449, 6.98479652405, 7.57298231125, 8.34386062622, 6.59939908981, 3.61406970024, 1.79350304604, 1.05521595478, 0.523651719093, 0.193997293711, 0.053762126714, 0.0110235884786, 0.000719015079085], "median": [0.0531025528908, 0.660086154938, 1.94393694401, 4.90031528473, 11.0850419998, 12.8890419006, 16.0851516724, 15.9994010925, 8.21963787079, 15.4126548767, 15.5056476593, 30.0635738373, 13.594789505, 23.7574005127, 24.2378234863, 11.8824396133, 15.5704269409, 15.7758769989, 7.58878564835, 10.7157144547, 13.823261261, 24.9780158997, 31.4620361328, 23.0203647614, 13.3018760681, 9.07685661316, 5.84659099579, 3.04974603653, 2.94118022919, 2.34957504272, 2.09361577034, 1.26892316341, 0.871679663658, 0.57580602169, 0.46614420414, 0.255093812943, 0.0932122915983, 0.0258338190615, 0.00405968911946, 0.000270746124443], "min": [1.76056373862e-22, 6.92067343984e-22, 3.08125161878e-21, 1.32266034544e-20, 1.81193800089e-20, 3.53022493927e-20, 5.45671856926e-20, 6.95564932609e-20, 1.35106214108e-19, 2.42044860406e-19, 3.62161876805e-19, 6.12160699187e-19, 8.89781951504e-19, 8.95302244719e-19, 8.20310360578e-19, 1.28588224751e-18, 1.82646835246e-18, 1.82859482702e-18, 2.41997023517e-18, 3.80969322127e-18, 4.49923594297e-18, 4.84323595791e-18, 6.6128466034e-18, 9.11169057793e-18, 9.23925589046e-18, 1.1007969045e-17, 9.21744727361e-18, 8.68381651684e-18, 1.28285637947e-17, 1.1736982344e-17, 1.23546935285e-17, 1.26063673657e-17, 1.09957400068e-17, 8.08814225104e-18, 6.0202655795e-18, 4.31419812149e-18, 2.75011456126e-18, 1.05262910209e-18, 2.52890516556e-19, 2.86446313026e-20], "var": [0.112643226981, 6.84819984436, 6.28941011429, 27.4666366577, 222.231369019, 616.782714844, 1280.54150391, 1637.23693848, 2087.3034668, 6748.11328125, 10321.9306641, 14840.8193359, 2312.88183594, 7508.72607422, 8234.45507812, 1786.05322266, 1870.8572998, 4666.38867188, 3970.06982422, 1329.65722656, 401.577728271, 1053.48132324, 1389.98571777, 557.843261719, 415.825469971, 150.766159058, 85.8960571289, 111.782844543, 214.90574646, 443.321777344, 805.110351562, 619.226928711, 168.844894409, 33.4633636475, 7.19871330261, 0.910557150841, 0.10503474623, 0.00490028038621, 0.000229467608733, 9.35888181175e-07]}, "gfcc": {"mean": [49.2351264954, 73.3018875122, -95.302116394, 19.6534805298, -47.1728057861, 1.20854783058, -33.8324890137, 9.36312103271, -27.2400188446, -5.32119560242, -15.4712600708, 3.83939003944, -15.201666832], "cov": [[9859.80371094, 71.8656234741, -540.927856445, -97.9278030396, -448.102752686, -68.1588745117, -171.9793396, 79.9571151733, -137.962600708, -41.6210975647, -170.115325928, -33.1829566956, -115.430793762], [71.8656234741, 849.924133301, -275.697265625, 40.0562362671, 94.0510482788, -44.9873275757, 73.1903610229, 76.9897460938, -10.3608007431, 15.3481588364, 72.5472640991, -15.5452594757, -3.71290421486], [-540.927856445, -275.697265625, 623.875854492, 43.7004623413, 122.075164795, 49.6452407837, 2.07382893562, -43.1088638306, 42.996673584, 20.520734787, 34.3125839233, 91.686050415, 46.6625022888], [-97.9278030396, 40.0562362671, 43.7004623413, 363.776672363, -24.6719169617, 86.174621582, -42.3179473877, -18.4875202179, -13.1759681702, -5.92827749252, 28.7215557098, 34.4257698059, 32.3451805115], [-448.102752686, 94.0510482788, 122.075164795, -24.6719169617, 273.836273193, -1.97875809669, 67.1994247437, 36.3607978821, 28.242351532, 19.4741172791, 31.9070281982, 35.724773407, 29.8774986267], [-68.1588745117, -44.9873275757, 49.6452407837, 86.174621582, -1.97875809669, 185.287506104, 51.9659881592, 10.8264503479, -1.40049958229, 1.72442603111, 11.9381046295, 1.9092233181, 2.94994425774], [-171.9793396, 73.1903610229, 2.07382893562, -42.3179473877, 67.1994247437, 51.9659881592, 181.33757019, 59.0928115845, 9.51825523376, 11.0421485901, 24.0205059052, -8.04962825775, -4.08635044098], [79.9571151733, 76.9897460938, -43.1088638306, -18.4875202179, 36.3607978821, 10.8264503479, 59.0928115845, 119.790328979, 42.8967933655, 8.62642765045, 9.22979164124, -12.9703378677, -12.7037324905], [-137.962600708, -10.3608007431, 42.996673584, -13.1759681702, 28.242351532, -1.40049958229, 9.51825523376, 42.8967933655, 108.113388062, 39.8952331543, 3.46477746964, -22.4980487823, 0.315355360508], [-41.6210975647, 15.3481588364, 20.520734787, -5.92827749252, 19.4741172791, 1.72442603111, 11.0421485901, 8.62642765045, 39.8952331543, 85.57056427, 27.2230224609, -14.7541599274, -11.7618093491], [-170.115325928, 72.5472640991, 34.3125839233, 28.7215557098, 31.9070281982, 11.9381046295, 24.0205059052, 9.22979164124, 3.46477746964, 27.2230224609, 87.578956604, 35.8417510986, 5.805123806], [-33.1829566956, -15.5452594757, 91.686050415, 34.4257698059, 35.724773407, 1.9092233181, -8.04962825775, -12.9703378677, -22.4980487823, -14.7541599274, 35.8417510986, 91.0771179199, 39.387840271], [-115.430793762, -3.71290421486, 46.6625022888, 32.3451805115, 29.8774986267, 2.94994425774, -4.08635044098, -12.7037324905, 0.315355360508, -11.7618093491, 5.805123806, 39.387840271, 67.0533065796]], "icov": [[0.000124971091282, -3.47138666257e-05, 5.03500268678e-05, 4.22633238486e-05, 0.00018254139286, -2.7794703783e-05, 0.000104629456473, -0.000231532452744, 0.000170324143255, -0.000194162697881, 0.000343125138897, -0.000315920478897, 0.000161194329849], [-3.47138666257e-05, 0.00187227257993, 0.000898402649909, -0.000498242327012, -0.000883558706846, 0.000674503564369, -0.000386843690649, -0.000486530334456, 0.00034280132968, 0.000180772869498, -0.00179300375748, 0.000803379167337, -0.000379263336072], [5.03500268678e-05, 0.000898402649909, 0.00289811403491, -0.000226572199608, -0.00115628470667, -0.000434537156252, -0.000271284283372, 0.00132208096329, -0.00170644023456, -0.000242369933403, -7.9505101894e-05, -0.00270400010049, 0.000557946157642], [4.22633238486e-05, -0.000498242327012, -0.000226572199608, 0.00381609308533, 0.000552592799067, -0.00218967115507, 0.00167427945416, -0.000231176731177, 0.000292100943625, 1.39889125421e-05, -0.000794947496615, -0.000314685865305, -0.00147487199865], [0.00018254139286, -0.000883558706846, -0.00115628470667, 0.000552592799067, 0.0056523848325, 0.000387295614928, -0.00125304900575, -0.00127394497395, -0.000122289216961, -0.00110316858627, 0.000807524775155, -0.00157258205581, -0.00138901395258], [-2.7794703783e-05, 0.000674503564369, -0.000434537156252, -0.00218967115507, 0.000387295614928, 0.00755542935804, -0.00292546139099, -0.000289033778245, 0.000509943231009, 0.000130703934701, -0.000587304995861, 0.00113090558443, 1.72111413121e-05], [0.000104629456473, -0.000386843690649, -0.000271284283372, 0.00167427945416, -0.00125304900575, -0.00292546139099, 0.00896206777543, -0.00389439682476, 0.00204571592622, -0.000261627341388, -0.0018884355668, 0.00207361392677, -0.0010748632485], [-0.000231532452744, -0.000486530334456, 0.00132208096329, -0.000231176731177, -0.00127394497395, -0.000289033778245, -0.00389439682476, 0.0141727924347, -0.00722280144691, 0.0026438832283, -0.000385901861591, -0.0019312526565, 0.00345970294438], [0.000170324143255, 0.00034280132968, -0.00170644023456, 0.000292100943625, -0.000122289216961, 0.000509943231009, 0.00204571592622, -0.00722280144691, 0.016539555043, -0.0063775125891, -4.48545597465e-06, 0.00593244610354, -0.00453374488279], [-0.000194162697881, 0.000180772869498, -0.000242369933403, 1.39889125421e-05, -0.00110316858627, 0.000130703934701, -0.000261627341388, 0.0026438832283, -0.0063775125891, 0.0180595051497, -0.00756452931091, 0.00441504642367, 0.00206769700162], [0.000343125138897, -0.00179300375748, -7.9505101894e-05, -0.000794947496615, 0.000807524775155, -0.000587304995861, -0.0018884355668, -0.000385901861591, -4.48545597465e-06, -0.00756452931091, 0.0210310239345, -0.0115889310837, 0.00406785588712], [-0.000315920478897, 0.000803379167337, -0.00270400010049, -0.000314685865305, -0.00157258205581, 0.00113090558443, 0.00207361392677, -0.0019312526565, 0.00593244610354, 0.00441504642367, -0.0115889310837, 0.0261235740036, -0.0116498339921], [0.000161194329849, -0.000379263336072, 0.000557946157642, -0.00147487199865, -0.00138901395258, 1.72111413121e-05, -0.0010748632485, 0.00345970294438, -0.00453374488279, 0.00206769700162, 0.00406785588712, -0.0116498339921, 0.0235763732344]]}, "melbands": {"dmean": [0.00127610657364, 0.000927082146518, 0.000643790583126, 0.000672296213452, 0.000461281073513, 0.000325955857988, 0.000169393431861, 0.000209772450035, 0.000228384102229, 0.000180108254426, 7.07937433617e-05, 8.58395651449e-05, 0.000111290362838, 2.99132952932e-05, 4.05655227951e-05, 2.91986070806e-05, 3.36058838002e-05, 2.28740336752e-05, 1.68131446117e-05, 1.26052527776e-05, 1.00839824881e-05, 2.06165823329e-05, 1.63996282936e-05, 1.88134090422e-05, 9.13373514777e-06, 6.66866435495e-06, 4.41995098299e-06, 3.84527766073e-06, 3.2025748169e-06, 1.93023083739e-06, 2.137341653e-06, 2.14321471503e-06, 2.05355559046e-06, 2.54244855569e-06, 2.67312429969e-06, 2.84844395537e-06, 2.24600762522e-06, 1.65694279985e-06, 1.10832581868e-06, 8.45348495204e-07], "dmean2": [0.0019417789299, 0.00153672113083, 0.00108467938844, 0.00111020333134, 0.000754420238081, 0.000515097694006, 0.000260081375018, 0.000312945630867, 0.0003485113848, 0.000272958161077, 0.000110470558866, 0.000127921579406, 0.000163371310919, 4.56477901025e-05, 6.26600158284e-05, 4.4464108214e-05, 4.95863969263e-05, 3.55364936695e-05, 2.63623860519e-05, 2.004802991e-05, 1.6208838133e-05, 3.28279384121e-05, 2.58081217908e-05, 2.98593095067e-05, 1.49608686115e-05, 1.05079197965e-05, 6.96466804584e-06, 6.19669754087e-06, 5.20458024766e-06, 3.03861907014e-06, 3.34516107614e-06, 3.19900914292e-06, 3.03882734443e-06, 3.74090677724e-06, 3.93954678657e-06, 4.16227430833e-06, 3.23610879605e-06, 2.41419570557e-06, 1.59337560035e-06, 1.24486484765e-06], "dvar": [7.38231847208e-06, 2.80046106127e-06, 9.22659637581e-07, 8.56499980273e-07, 4.8981951295e-07, 3.67053416994e-07, 1.52982636337e-07, 2.19538335955e-07, 3.01420101323e-07, 1.41571916856e-07, 2.7061087593e-08, 3.67390988742e-08, 7.10884933142e-08, 7.07283298595e-09, 7.51770468099e-09, 3.52753537491e-09, 6.05048766644e-09, 3.27286953095e-09, 1.76280623432e-09, 5.25819665587e-10, 2.94679308732e-10, 8.28435486877e-10, 5.00162078421e-10, 7.40081440576e-10, 1.31859620445e-10, 1.05210166967e-10, 4.59232547823e-11, 3.05013063417e-11, 2.14799480286e-11, 1.23035869687e-11, 2.01052750837e-11, 2.7360636326e-11, 3.95312706181e-11, 7.2378270044e-11, 9.45728495516e-11, 1.30027238976e-10, 6.98637328544e-11, 3.67509842003e-11, 1.94435925693e-11, 8.61647038441e-12], "dvar2": [1.65924884641e-05, 7.30217152523e-06, 2.57169858742e-06, 2.22576250053e-06, 1.18493824175e-06, 8.86406496647e-07, 3.31321132307e-07, 4.56222551293e-07, 6.89093610617e-07, 3.32248987434e-07, 5.87480570857e-08, 7.79337625545e-08, 1.66558251635e-07, 1.48753116491e-08, 1.57026089909e-08, 8.22595502825e-09, 1.16118927806e-08, 7.77052200363e-09, 3.75910857997e-09, 1.30606059301e-09, 6.63505805854e-10, 2.02929673065e-09, 1.25605814638e-09, 1.78710868326e-09, 3.44413997322e-10, 2.52322884808e-10, 1.03557808162e-10, 7.46830097764e-11, 5.33834990102e-11, 2.61428604459e-11, 4.37721317526e-11, 5.48056842964e-11, 8.70677696607e-11, 1.53788648483e-10, 1.93453350561e-10, 2.78954886967e-10, 1.29660338022e-10, 6.91081358806e-11, 3.60271291966e-11, 1.72380981017e-11], "max": [0.0246815364808, 0.0181221440434, 0.012328424491, 0.0106691140682, 0.0147376032546, 0.0136520769447, 0.00713559240103, 0.0126537457108, 0.00928992219269, 0.00764209730551, 0.00372728612274, 0.00737572647631, 0.00801591016352, 0.00244788290001, 0.00262764608487, 0.00168477266561, 0.00201154476963, 0.00102917756885, 0.00109596899711, 0.000528770207893, 0.000510905112606, 0.00041778650484, 0.000465758610517, 0.000595948484261, 0.000188767357031, 0.000234631428611, 0.000187347061001, 0.000102314916148, 0.000106859690277, 7.70824117353e-05, 0.000110971297545, 0.000115986855235, 0.00020369446429, 0.00026152326609, 0.000313640135573, 0.000323340907926, 0.000194827734958, 0.000161853691679, 0.000120329335914, 0.000124570782646], "mean": [0.00187712418847, 0.00174510560464, 0.00138379179407, 0.00129840511363, 0.000977271120064, 0.000702969555277, 0.000389454275137, 0.000439559429651, 0.000504008319695, 0.000444721343229, 0.00013364086044, 0.000192971128854, 0.000249576900387, 5.74544174015e-05, 7.62762138038e-05, 5.99482737016e-05, 6.69913133606e-05, 4.63873475383e-05, 3.23404201481e-05, 2.46270374191e-05, 1.92281477212e-05, 3.51993912773e-05, 3.51436392521e-05, 4.01163597417e-05, 2.10144280572e-05, 1.55485304276e-05, 9.68783297139e-06, 7.66718403611e-06, 5.9133326431e-06, 3.7641052586e-06, 3.76034176952e-06, 4.00193721362e-06, 3.74388241653e-06, 4.39558152721e-06, 4.71370458399e-06, 4.75615343021e-06, 3.7890420117e-06, 2.67326913672e-06, 1.85636758943e-06, 1.38902385061e-06], "median": [0.000686669722199, 0.00105775520205, 0.00111739733256, 0.000898731406778, 0.000632677809335, 0.000365420477465, 0.000132303510327, 0.000143907745951, 0.000145073892782, 0.000178804708412, 5.26926742168e-05, 8.74888792168e-05, 0.00010467635002, 1.90696882783e-05, 3.51094786311e-05, 3.1625637348e-05, 2.55981849477e-05, 1.13319583761e-05, 9.89080035652e-06, 1.50306459545e-05, 1.28180981847e-05, 2.24596369662e-05, 2.51675737672e-05, 2.73896021099e-05, 1.59950959642e-05, 1.03564834717e-05, 6.74297189107e-06, 5.36448806088e-06, 3.98119118472e-06, 2.00918066184e-06, 1.67452594724e-06, 1.74392425834e-06, 1.3194364783e-06, 1.24855023387e-06, 1.22637834465e-06, 9.05960348518e-07, 7.16637032383e-07, 6.24889139544e-07, 4.68592361358e-07, 4.78935760384e-07], "min": [1.99638409791e-24, 1.50769729029e-24, 2.75755539371e-24, 3.47174883932e-24, 2.1650640559e-24, 1.25260708646e-24, 1.64906155894e-24, 3.05250733073e-24, 3.5239229163e-24, 3.61554674385e-24, 4.19412415301e-24, 3.68732559205e-24, 2.40026904847e-24, 2.87476276929e-24, 4.32448420646e-24, 3.42890659241e-24, 3.24011265349e-24, 3.16355034998e-24, 3.54514209135e-24, 3.21148252465e-24, 4.49339470906e-24, 3.91218013789e-24, 3.8367579356e-24, 5.16454928418e-24, 6.01368862889e-24, 5.91687527987e-24, 6.84236492172e-24, 7.56339877745e-24, 4.63556992671e-24, 5.25539726704e-24, 4.26435998928e-24, 6.48127330869e-24, 5.10689262391e-24, 5.81922416056e-24, 5.93794891009e-24, 6.55301271384e-24, 5.53854153403e-24, 6.37980962463e-24, 6.50817031011e-24, 6.37229414678e-24], "var": [1.0041952919e-05, 4.08397772844e-06, 1.30617536342e-06, 1.58563670993e-06, 1.16896956115e-06, 8.48546903853e-07, 4.68736317316e-07, 7.14656380296e-07, 8.38997834762e-07, 4.60208440245e-07, 6.12936545963e-08, 1.21333869174e-07, 1.89123014138e-07, 2.21814371315e-08, 1.70026819291e-08, 8.55812398726e-09, 1.88124307243e-08, 1.07899564838e-08, 4.68899852279e-09, 1.03566766274e-09, 5.69792157901e-10, 1.48794021548e-09, 1.1482406137e-09, 1.7603459801e-09, 3.33803040764e-10, 3.04050812305e-10, 1.23329541024e-10, 6.54809956258e-11, 4.00538040235e-11, 2.95655132321e-11, 4.46980022439e-11, 6.67129060328e-11, 8.72886485315e-11, 1.74660258478e-10, 2.49085835291e-10, 3.43020029048e-10, 2.06460570862e-10, 9.16586043176e-11, 4.94812524288e-11, 1.8803854307e-11]}, "mfcc": {"mean": [-603.936584473, 119.359191895, 5.42470788956, 24.8003520966, 5.04813623428, -3.7570977211, 1.57828080654, 9.46996021271, -6.26191473007, -2.96052527428, -0.637492358685, -2.06189918518, -6.00493526459], "cov": [[4178.07666016, 78.6587142944, -201.04776001, -93.1699142456, -161.451217651, -94.0986557007, -68.3310012817, 12.8360366821, 6.39553928375, 81.1348953247, 29.0687580109, -49.3487815857, -74.586479187], [78.6587142944, 821.890869141, -257.956573486, 54.0432014465, 19.9565429688, -78.6924133301, 88.7175598145, 37.4888114929, 3.32394123077, 32.9494590759, 70.3319473267, 2.55003666878, 18.0504436493], [-201.04776001, -257.956573486, 459.919586182, 43.3148155212, 79.3419570923, 107.986251831, -14.7882900238, 12.9247722626, -7.00831508636, -44.4259185791, -40.0934867859, 41.5775985718, 33.8764839172], [-93.1699142456, 54.0432014465, 43.3148155212, 218.909683228, 78.7303085327, 28.6792373657, 17.0950660706, 8.18141460419, -4.39588880539, -31.0842037201, -15.7386369705, 29.1457977295, 18.2189159393], [-161.451217651, 19.9565429688, 79.3419570923, 78.7303085327, 194.915466309, 41.9702453613, -4.49545192719, 15.2929897308, 13.2420558929, -17.6577167511, -10.9295940399, 15.4122867584, 17.3391189575], [-94.0986557007, -78.6924133301, 107.986251831, 28.6792373657, 41.9702453613, 151.006637573, 49.4439659119, 5.33754253387, 4.50287723541, -12.2561197281, -12.454076767, 18.7247848511, 7.22305250168], [-68.3310012817, 88.7175598145, -14.7882900238, 17.0950660706, -4.49545192719, 49.4439659119, 155.215423584, 61.6303329468, 5.58826494217, -3.44841456413, 22.4838199615, 26.3724136353, 18.0316181183], [12.8360366821, 37.4888114929, 12.9247722626, 8.18141460419, 15.2929897308, 5.33754253387, 61.6303329468, 105.869979858, 29.0719356537, -3.30149292946, 5.20514011383, 12.1529178619, 16.1508235931], [6.39553928375, 3.32394123077, -7.00831508636, -4.39588880539, 13.2420558929, 4.50287723541, 5.58826494217, 29.0719356537, 94.6946182251, 43.5312271118, 9.15064620972, -7.26809692383, 0.117861710489], [81.1348953247, 32.9494590759, -44.4259185791, -31.0842037201, -17.6577167511, -12.2561197281, -3.44841456413, -3.30149292946, 43.5312271118, 128.075210571, 60.0234451294, -3.40790605545, -6.50076913834], [29.0687580109, 70.3319473267, -40.0934867859, -15.7386369705, -10.9295940399, -12.454076767, 22.4838199615, 5.20514011383, 9.15064620972, 60.0234451294, 96.0619354248, 29.4054508209, -2.23685264587], [-49.3487815857, 2.55003666878, 41.5775985718, 29.1457977295, 15.4122867584, 18.7247848511, 26.3724136353, 12.1529178619, -7.26809692383, -3.40790605545, 29.4054508209, 74.2130966187, 28.3153877258], [-74.586479187, 18.0504436493, 33.8764839172, 18.2189159393, 17.3391189575, 7.22305250168, 18.0316181183, 16.1508235931, 0.117861710489, -6.50076913834, -2.23685264587, 28.3153877258, 66.5185775757]], "icov": [[0.000259859982179, -2.79139530903e-05, 6.34612151771e-05, 3.81788458981e-06, 0.000186286008102, -2.79610248981e-05, 0.000210874248296, -0.00023998740653, 8.91892268555e-05, -0.000158903305419, 5.7465487771e-05, -3.70544403268e-05, 0.000223189781536], [-2.79139530903e-05, 0.00183410255704, 0.000858318875544, -0.000530687568244, -0.000593947886955, 0.000802319438662, -0.00106688460801, -5.18082742929e-07, 0.00019649832393, 0.000107080028101, -0.00109742768109, 0.000707083963789, -0.000791515398305], [6.34612151771e-05, 0.000858318875544, 0.00361268920824, -9.96153539745e-05, -0.000716213020496, -0.00196963897906, 0.0011817321647, -0.00105399161112, 0.000425637204899, 0.000225526047871, 0.00048509737826, -0.00131721480284, -0.00103988917544], [3.81788458981e-06, -0.000530687568244, -9.96153539745e-05, 0.00596605567262, -0.00199635163881, -0.000212238664972, -0.000360378180631, 0.000461028452264, -0.000113196780148, 0.000496601744089, 0.00158530275803, -0.00245407223701, 0.000240825887886], [0.000186286008102, -0.000593947886955, -0.000716213020496, -0.00199635163881, 0.00714024575427, -0.0018568681553, 0.00205516815186, -0.00130247313064, -0.00101810402703, 0.000668710214086, -0.000470187020255, 0.000157609858434, -0.00063460652018], [-2.79610248981e-05, 0.000802319438662, -0.00196963897906, -0.000212238664972, -0.0018568681553, 0.0108964638785, -0.00556771410629, 0.00301828724332, -0.000988596933894, -0.000667655782308, 0.00178038945887, -0.00108597136568, 0.001348039601], [0.000210874248296, -0.00106688460801, 0.0011817321647, -0.000360378180631, 0.00205516815186, -0.00556771410629, 0.0125254001468, -0.00694377021864, 0.00115462765098, 0.000943219056353, -0.00224258843809, -0.0012214082526, -0.0010830325773], [-0.00023998740653, -5.18082742929e-07, -0.00105399161112, 0.000461028452264, -0.00130247313064, 0.00301828724332, -0.00694377021864, 0.0153607828543, -0.00518267555162, 0.0018436393002, 0.000122321551316, -0.000224373026867, -0.00140503642615], [8.91892268555e-05, 0.00019649832393, 0.000425637204899, -0.000113196780148, -0.00101810402703, -0.000988596933894, 0.00115462765098, -0.00518267555162, 0.015091765672, -0.00631571188569, 0.00191608478781, 0.00114360405132, 0.000112686211651], [-0.000158903305419, 0.000107080028101, 0.000225526047871, 0.000496601744089, 0.000668710214086, -0.000667655782308, 0.000943219056353, 0.0018436393002, -0.00631571188569, 0.0151324346662, -0.0102249709889, 0.00374195096083, -0.0017098763492], [5.7465487771e-05, -0.00109742768109, 0.00048509737826, 0.00158530275803, -0.000470187020255, 0.00178038945887, -0.00224258843809, 0.000122321551316, 0.00191608478781, -0.0102249709889, 0.0221082605422, -0.0112322065979, 0.004710491281], [-3.70544403268e-05, 0.000707083963789, -0.00131721480284, -0.00245407223701, 0.000157609858434, -0.00108597136568, -0.0012214082526, -0.000224373026867, 0.00114360405132, 0.00374195096083, -0.0112322065979, 0.0238536931574, -0.00859602633864], [0.000223189781536, -0.000791515398305, -0.00103988917544, 0.000240825887886, -0.00063460652018, 0.001348039601, -0.0010830325773, -0.00140503642615, 0.000112686211651, -0.0017098763492, 0.004710491281, -0.00859602633864, 0.0202660672367]]}, "spectral_contrast_coeffs": {"dmean": [0.0505450442433, 0.0478532202542, 0.0380897819996, 0.0295277070254, 0.0241500455886, 0.0175518002361], "dmean2": [0.0813435465097, 0.0783003941178, 0.0609179660678, 0.0473122745752, 0.0387604571879, 0.0280202385038], "dvar": [0.00182301818859, 0.00161669950467, 0.00103804166429, 0.000587798422202, 0.000438603718067, 0.000274103018455], "dvar2": [0.00452121719718, 0.00416472088546, 0.00255013350397, 0.0014323288342, 0.00108871678822, 0.000664238003083], "max": [-0.297564268112, -0.433724820614, -0.478233247995, -0.545720994473, -0.586189866066, -0.651032745838], "mean": [-0.614526450634, -0.682095468044, -0.71971064806, -0.764078557491, -0.762773692608, -0.777517557144], "median": [-0.616016745567, -0.683088779449, -0.723385572433, -0.768833339214, -0.760813772678, -0.777557134628], "min": [-0.97814977169, -0.975137412548, -0.970616042614, -0.969268798828, -0.964144349098, -0.964120268822], "var": [0.00659300852567, 0.00642042141408, 0.00563084194437, 0.00298166112043, 0.00185997306835, 0.00113289256115]}, "spectral_contrast_valleys": {"dmean": [0.375182539225, 0.332090079784, 0.314386963844, 0.246601656079, 0.232764840126, 0.293478220701], "dmean2": [0.600193560123, 0.547415316105, 0.515937685966, 0.396882861853, 0.360893130302, 0.386773765087], "dvar": [0.128923535347, 0.106769308448, 0.111293114722, 0.080991961062, 0.0954937934875, 0.12684212625], "dvar2": [0.253159791231, 0.208586141467, 0.226938024163, 0.137885451317, 0.168299615383, 0.201649352908], "max": [-5.3056769371, -4.8792963028, -5.33365678787, -6.01069259644, -5.84217643738, -7.0804901123], "mean": [-6.95010852814, -6.55813407898, -7.2780055