{"lowlevel": {"average_loudness": 0.983523726463, "barkbands_crest": {"dmean": 1.59201383591, "dmean2": 2.66909718513, "dvar": 5.71043539047, "dvar2": 15.3943386078, "max": 21.8864326477, "mean": 9.1079788208, "median": 8.50460910797, "min": 2.30310940742, "var": 8.55794048309}, "barkbands_flatness_db": {"dmean": 0.0312106087804, "dmean2": 0.0417008437216, "dvar": 0.00160237029195, "dvar2": 0.00218358123675, "max": 0.318118363619, "mean": 0.139618679881, "median": 0.106077618897, "min": 0.0152292829007, "var": 0.0054746796377}, "barkbands_kurtosis": {"dmean": 1.9215914011, "dmean2": 3.05464792252, "dvar": 11.1526174545, "dvar2": 18.0384597778, "max": 21.6590938568, "mean": 4.33333539963, "median": 2.72239351273, "min": -1.52446770668, "var": 28.0617980957}, "barkbands_skewness": {"dmean": 0.342448443174, "dmean2": 0.548053324223, "dvar": 0.280618846416, "dvar2": 0.461696386337, "max": 3.75989413261, "mean": 1.57718908787, "median": 1.43162941933, "min": -2.28137278557, "var": 1.47902429104}, "barkbands_spread": {"dmean": 8.62592029572, "dmean2": 12.3280773163, "dvar": 158.179534912, "dvar2": 282.953796387, "max": 82.7582931519, "mean": 27.5492744446, "median": 21.4770336151, "min": 5.84434223175, "var": 324.769134521}, "dissonance": {"dmean": 0.0339590832591, "dmean2": 0.0538045428693, "dvar": 0.00192117574625, "dvar2": 0.00474700471386, "max": 0.499783247709, "mean": 0.440179616213, "median": 0.462708324194, "min": 0.163785815239, "var": 0.00305473129265}, "dynamic_complexity": 1.60312509537, "erbbands_crest": {"dmean": 1.97121047974, "dmean2": 3.09136104584, "dvar": 6.5154466629, "dvar2": 11.1839075089, "max": 24.9832706451, "mean": 8.55879211426, "median": 7.41572904587, "min": 2.213514328, "var": 21.0315742493}, "erbbands_flatness_db": {"dmean": 0.0146717783064, "dmean2": 0.021803136915, "dvar": 0.000361937709386, "dvar2": 0.000725030258764, "max": 0.198515623808, "mean": 0.125101462007, "median": 0.129268094897, "min": 0.0483442395926, "var": 0.000760200782679}, "erbbands_kurtosis": {"dmean": 0.467024147511, "dmean2": 0.700816035271, "dvar": 0.418434411287, "dvar2": 0.88274782896, "max": 5.22140693665, "mean": -0.147905901074, "median": -0.243227243423, "min": -1.47413671017, "var": 0.804682374001}, "erbbands_skewness": {"dmean": 0.290460973978, "dmean2": 0.435364603996, "dvar": 0.14900764823, "dvar2": 0.240465864539, "max": 1.93623125553, "mean": 0.263715326786, "median": 0.251817971468, "min": -1.1305077076, "var": 0.412493795156}, "erbbands_spread": {"dmean": 7.80999803543, "dmean2": 11.2655878067, "dvar": 90.7822494507, "dvar2": 176.687286377, "max": 94.2827987671, "mean": 47.777141571, "median": 45.0849723816, "min": 15.1468601227, "var": 228.114227295}, "hfc": {"dmean": 12.7970724106, "dmean2": 18.9238758087, "dvar": 341.394714355, "dvar2": 675.091674805, "max": 105.969551086, "mean": 29.7622127533, "median": 19.3613834381, "min": 1.09363904596e-16, "var": 622.310424805}, "melbands_crest": {"dmean": 2.05727934837, "dmean2": 3.48811197281, "dvar": 7.44807910919, "dvar2": 20.3101959229, "max": 30.9560661316, "mean": 15.4158601761, "median": 15.5247659683, "min": 1.57098329067, "var": 26.9639339447}, "melbands_flatness_db": {"dmean": 0.0313740596175, "dmean2": 0.0432468615472, "dvar": 0.00198793690652, "dvar2": 0.00276327831671, "max": 0.393389880657, "mean": 0.201133981347, "median": 0.189267009497, "min": 0.00349184102379, "var": 0.00796404480934}, "melbands_kurtosis": {"dmean": 3.21441268921, "dmean2": 5.00285768509, "dvar": 25.5317440033, "dvar2": 43.4899406433, "max": 49.7208213806, "mean": 13.6184501648, "median": 11.3673114777, "min": -1.38479888439, "var": 105.756706238}, "melbands_skewness": {"dmean": 0.35610973835, "dmean2": 0.548089385033, "dvar": 0.1925085783, "dvar2": 0.397787630558, "max": 6.653236866, "mean": 2.90300726891, "median": 2.95635390282, "min": -0.327424347401, "var": 1.28790140152}, "melbands_spread": {"dmean": 6.39869022369, "dmean2": 9.41128921509, "dvar": 83.3500671387, "dvar2": 150.635070801, "max": 156.542556763, "mean": 27.8062820435, "median": 19.7138156891, "min": 4.60237693787, "var": 876.778442383}, "pitch_salience": {"dmean": 0.0570593997836, "dmean2": 0.0945870131254, "dvar": 0.00518572796136, "dvar2": 0.0117221167311, "max": 0.991438090801, "mean": 0.522148430347, "median": 0.532043397427, "min": 0.119390398264, "var": 0.0147884534672}, "silence_rate_20dB": {"dmean": 0, "dmean2": 0, "dvar": 0, "dvar2": 0, "max": 1, "mean": 1, "median": 1, "min": 1, "var": 0}, "silence_rate_30dB": {"dmean": 0, "dmean2": 0, "dvar": 0, "dvar2": 0, "max": 1, "mean": 1, "median": 1, "min": 1, "var": 0}, "silence_rate_60dB": {"dmean": 0.00134770886507, "dmean2": 0.00269723543897, "dvar": 0.00134586449713, "dvar2": 0.00268996390514, "max": 1, "mean": 0.0612794607878, "median": 0, "min": 0, "var": 0.0575241744518}, "spectral_centroid": {"dmean": 352.71282959, "dmean2": 522.158752441, "dvar": 297141.125, "dvar2": 525432.25, "max": 11758.2148438, "mean": 1914.40319824, "median": 1144.09082031, "min": 359.714447021, "var": 5749506}, "spectral_complexity": {"dmean": 8.72237205505, "dmean2": 12.4436950684, "dvar": 129.449661255, "dvar2": 218.18196106, "max": 58, "mean": 23.9629631042, "median": 16, "min": 0, "var": 322.250335693}, "spectral_decrease": {"dmean": 2.34739983007e-09, "dmean2": 3.74100173062e-09, "dvar": 9.68794512449e-18, "dvar2": 2.08572631926e-17, "max": 6.49036609773e-28, "mean": -9.2592467027e-09, "median": -1.04242161569e-08, "min": -1.79619537022e-08, "var": 1.82836147937e-17}, "spectral_energy": {"dmean": 0.00967643223703, "dmean2": 0.0155676305294, "dvar": 0.000167647696799, "dvar2": 0.00036256419844, "max": 0.0738958716393, "mean": 0.0376460291445, "median": 0.0419434905052, "min": 1.01915582335e-20, "var": 0.000303986744257}, "spectral_energyband_high": {"dmean": 0.00121836073231, "dmean2": 0.00178628182039, "dvar": 3.51178550773e-06, "dvar2": 6.10940014667e-06, "max": 0.00993201881647, "mean": 0.00197616172954, "median": 0.000458101043478, "min": 7.1278492657e-21, "var": 6.55231633573e-06}, "spectral_energyband_low": {"dmean": 0.00479654455557, "dmean2": 0.00779351545498, "dvar": 3.92361544073e-05, "dvar2": 8.7346197688e-05, "max": 0.0357547178864, "mean": 0.0168799087405, "median": 0.0208067316562, "min": 1.3347193617e-23, "var": 6.1934828409e-05}, "spectral_energyband_middle_high": {"dmean": 0.00187470426317, "dmean2": 0.00258056563325, "dvar": 4.84289284941e-06, "dvar2": 7.77293007559e-06, "max": 0.0161689724773, "mean": 0.00494509842247, "median": 0.00324677326716, "min": 1.14237479613e-21, "var": 1.50353598656e-05}, "spectral_energyband_middle_low": {"dmean": 0.0041941460222, "dmean2": 0.00674609141424, "dvar": 2.68544081337e-05, "dvar2": 5.95465862716e-05, "max": 0.0408473685384, "mean": 0.01513152197, "median": 0.0151644535363, "min": 1.72970350001e-22, "var": 7.60564871598e-05}, "spectral_entropy": {"dmean": 0.420707404613, "dmean2": 0.532281935215, "dvar": 0.333121359348, "dvar2": 0.458451777697, "max": 9.82632827759, "mean": 7.33951950073, "median": 7.61064624786, "min": 5.14109134674, "var": 1.36912405491}, "spectral_flux": {"dmean": 0.0315419770777, "dmean2": 0.0516172461212, "dvar": 0.00127086124849, "dvar2": 0.00243845558725, "max": 0.231270119548, "mean": 0.075671903789, "median": 0.0824861451983, "min": 6.29563207122e-11, "var": 0.00269974092953}, "spectral_kurtosis": {"dmean": 1.59702265263, "dmean2": 2.47966480255, "dvar": 3.64979481697, "dvar2": 7.25651788712, "max": 16.8950157166, "mean": 4.39700460434, "median": 4.74137210846, "min": -1.25463533401, "var": 9.71601390839}, "spectral_rms": {"dmean": 0.00100560556166, "dmean2": 0.00168371270411, "dvar": 2.4498140192e-06, "dvar2": 5.93850654695e-06, "max": 0.00849079154432, "mean": 0.00568543700501, "median": 0.00639691157266, "min": 3.15324957985e-12, "var": 4.40364874521e-06}, "spectral_rolloff": {"dmean": 749.295410156, "dmean2": 1093.47424316, "dvar": 1591498.5, "dvar2": 3083950.25, "max": 19875.1464844, "mean": 2683.99365234, "median": 1012.06054688, "min": 107.666015625, "var": 18904068}, "spectral_skewness": {"dmean": 0.286676764488, "dmean2": 0.424911081791, "dvar": 0.129899442196, "dvar2": 0.20584782958, "max": 3.39996218681, "mean": 1.52357804775, "median": 1.72107934952, "min": -0.0997281000018, "var": 0.458310514688}, "spectral_spread": {"dmean": 780581.6875, "dmean2": 1101279.25, "dvar": 1739895865340.0, "dvar2": 3043380428800.0, "max": 43363840, "mean": 7105050, "median": 4918753, "min": 2738660.25, "var": 71551059755000.0}, "spectral_strongpeak": {"dmean": 0.176283344626, "dmean2": 0.291820496321, "dvar": 0.0589577406645, "dvar2": 0.131001710892, "max": 2.69956421852, "mean": 0.593788981438, "median": 0.561540961266, "min": 0, "var": 0.167597457767}, "zerocrossingrate": {"dmean": 0.0213678982109, "dmean2": 0.0230937600136, "dvar": 0.000672785972711, "dvar2": 0.00102508626878, "max": 0.52490234375, "mean": 0.084755435586, "median": 0.04931640625, "min": 0.00439453125, "var": 0.0127413263544}, "barkbands": {"dmean": [0.000133316410938, 0.00214843801223, 0.00261225108989, 0.000438341958215, 0.00188767816871, 0.0010418909369, 0.000513346923981, 0.000681466597598, 0.000697358453181, 0.00044887320837, 0.000253914186032, 0.000286717258859, 0.000266596500296, 0.000275792670436, 0.000280892767478, 0.000240145222051, 0.000232141901506, 0.000260452943621, 0.000280561303953, 0.000267138413619, 0.000308685412165, 0.000265156093519, 0.000240937981289, 0.000222363334615, 0.000130911648739, 7.58515743655e-05, 3.52617207682e-05], "dmean2": [0.000233677463257, 0.00350742531009, 0.00424904469401, 0.000774612475652, 0.00306328991428, 0.00162376731168, 0.000834116654005, 0.00109444942791, 0.00116524030454, 0.000725003657863, 0.000403927842854, 0.00046010184451, 0.000406199018471, 0.000429485400673, 0.000425452570198, 0.000356058240868, 0.000360671809176, 0.000390312605305, 0.000406981067499, 0.000374431430828, 0.000438778894022, 0.000363232305972, 0.000346335262293, 0.000335604738211, 0.000202984374482, 0.000123895282741, 6.24374661129e-05], "dvar": [6.50106173339e-08, 1.15299289973e-05, 1.26747227114e-05, 9.15754924335e-07, 1.12815196189e-05, 3.39213329426e-06, 1.24209373098e-06, 2.0404136194e-06, 2.31813305618e-06, 7.33435342681e-07, 1.43122576901e-07, 1.4355086364e-07, 1.13815026737e-07, 1.31626606503e-07, 1.34843787691e-07, 9.96927909114e-08, 9.15492535114e-08, 1.16067397471e-07, 1.26208902884e-07, 1.25908599102e-07, 1.69610714806e-07, 1.30369897988e-07, 1.26494043684e-07, 1.3560409684e-07, 6.76839704283e-08, 3.97522939011e-08, 9.95674742654e-09], "dvar2": [1.80564782681e-07, 2.53076432273e-05, 2.68629846687e-05, 2.40634699367e-06, 2.04412099265e-05, 6.54893210594e-06, 2.68071789833e-06, 3.91799130739e-06, 5.25996438228e-06, 1.39431062962e-06, 3.30106587398e-07, 3.424374313e-07, 2.47743457749e-07, 3.03297781556e-07, 3.16759553698e-07, 2.21210484597e-07, 2.01406066935e-07, 2.44812895289e-07, 2.35471119936e-07, 2.13459117049e-07, 2.99412334925e-07, 2.26031900752e-07, 2.16279062215e-07, 2.80456987412e-07, 1.48574955006e-07, 9.84795889281e-08, 2.72321365458e-08], "max": [0.00237920647487, 0.0253588408232, 0.0247148498893, 0.00723293004557, 0.0373014397919, 0.0196127519011, 0.0165818911046, 0.014305007644, 0.0170859023929, 0.0159907899797, 0.00373988598585, 0.00299850106239, 0.00356855336577, 0.00361166661605, 0.00399839831516, 0.00278857699595, 0.00249793194234, 0.0021669305861, 0.00256110890768, 0.00211457419209, 0.00242911023088, 0.00233342638239, 0.00206482689828, 0.00236005405895, 0.0015742596006, 0.00144304067362, 0.000876464531757], "mean": [0.000127084334963, 0.00710400613025, 0.00865484867245, 0.00114781083539, 0.00638127233833, 0.00283291889355, 0.00106304523069, 0.00163883250207, 0.0014598533744, 0.00103682407644, 0.000390565837733, 0.000426532351412, 0.00049622671213, 0.000497848668601, 0.000511879043188, 0.000389594817534, 0.000410691689467, 0.000412736990256, 0.000469098420581, 0.000437466718722, 0.000480344227981, 0.000389688095311, 0.000350914429873, 0.000276773964288, 0.000155301313498, 7.22611875972e-05, 3.16564619425e-05], "median": [2.31629965128e-05, 0.00887521356344, 0.0102072255686, 8.42015142553e-05, 0.0038866517134, 0.00057310948614, 0.000181696581421, 0.000163613367477, 0.000407377374358, 0.000713907764293, 0.000137815019116, 0.000300634856103, 0.000331514165737, 0.000330043782014, 0.000363933912013, 0.000211277088965, 0.000274592166534, 0.00019727597828, 0.000197018307517, 0.000134370580781, 0.000120953547594, 7.95479791122e-05, 7.64564028941e-05, 4.38971801486e-05, 3.8300819142e-05, 2.18462228077e-05, 9.22172148421e-06], "min": [5.27446391186e-26, 3.73925275557e-24, 2.08817043081e-24, 7.00171393711e-25, 5.11801556267e-24, 9.92496828206e-24, 6.93265557435e-24, 1.00692509416e-23, 7.73126443378e-24, 7.49536346868e-24, 2.22697973676e-23, 2.72764466753e-23, 3.31804678611e-23, 3.12533564003e-23, 4.0077503999e-23, 5.99278633926e-23, 5.92653590717e-23, 8.64689749528e-23, 1.11839120318e-22, 1.63790659637e-22, 2.33987504086e-22, 2.77703322932e-22, 3.94535768697e-22, 6.56875665779e-22, 8.50435777655e-22, 1.35245070187e-21, 2.0140555446e-21], "var": [5.79014773905e-08, 3.73811271857e-05, 2.9702025131e-05, 3.78672848456e-06, 5.65993723285e-05, 1.55459492817e-05, 4.60046385342e-06, 8.38145115267e-06, 6.9369089033e-06, 3.50989489561e-06, 2.90430676841e-07, 2.59781330669e-07, 2.35458159636e-07, 3.23396562862e-07, 3.01269182046e-07, 2.11745415868e-07, 1.95411402615e-07, 2.24472671562e-07, 2.80444851342e-07, 2.81839220406e-07, 3.62266888487e-07, 2.64692886276e-07, 2.31545072893e-07, 1.87428724985e-07, 7.4937823058e-08, 3.29693854439e-08, 6.65519239718e-09]}, "erbbands": {"dmean": [0.0182314943522, 0.638367176056, 2.92858862877, 2.2257809639, 1.33958482742, 8.15460777283, 12.6635017395, 6.72845697403, 5.46875476837, 13.5028438568, 13.1606960297, 17.2962703705, 14.2749652863, 11.55377388, 9.68598937988, 11.6219654083, 11.2732887268, 14.2991876602, 13.3099727631, 13.8946943283, 12.9609298706, 12.8628377914, 13.7660589218, 14.1755800247, 13.2173986435, 12.5406770706, 12.5804138184, 11.7661190033, 9.81115245819, 8.87726020813, 6.70428180695, 5.16907262802, 3.2328608036, 1.6357152462, 0.85220938921, 0.382344901562, 0.122836276889, 0.0342959612608, 0.00579686416313, 0.00037962233182], "dmean2": [0.0334259793162, 1.03905069828, 4.75426912308, 3.7352001667, 2.36281776428, 13.1126718521, 20.0123538971, 10.7229261398, 9.15318107605, 21.2642364502, 21.3583717346, 28.6204624176, 22.5557327271, 18.4753170013, 15.127281189, 18.209897995, 16.9915561676, 22.3285598755, 19.8102359772, 21.032459259, 19.2165126801, 19.7384128571, 20.8487014771, 19.363445282, 18.9406909943, 17.4479312897, 17.7071113586, 16.923822403, 13.6302070618, 12.2739496231, 9.71677875519, 7.63975191116, 4.94036149979, 2.50248122215, 1.34630787373, 0.614006757736, 0.202849581838, 0.0590656287968, 0.0102145615965, 0.000680452911183], "dvar": [0.000831202603877, 0.99551820755, 14.9994907379, 23.1614189148, 11.3209953308, 266.085784912, 324.581634521, 176.08757019, 171.883056641, 817.512695312, 799.617675781, 1653.30285645, 1003.37957764, 261.609466553, 195.619338989, 233.985702515, 213.733596802, 327.226135254, 297.236419678, 347.544677734, 282.282623291, 276.16986084, 330.619598389, 324.342437744, 287.594604492, 273.685211182, 267.602813721, 259.962738037, 170.170593262, 154.959487915, 99.4730148315, 69.0492324829, 32.0503692627, 9.13488960266, 3.56420350075, 0.935278058052, 0.107931822538, 0.00969029404223, 0.000266901770374, 1.07572498109e-06], "dvar2": [0.0025125388056, 2.13869357109, 31.6319465637, 49.9746246338, 22.0784645081, 467.334991455, 643.698730469, 350.917388916, 388.98034668, 1553.20605469, 1648.15393066, 3690.86254883, 1740.01940918, 668.413452148, 453.490142822, 544.177001953, 444.385864258, 754.780822754, 623.076477051, 801.953125, 592.837890625, 577.456481934, 668.382141113, 615.266845703, 522.036315918, 481.209411621, 469.089141846, 470.05960083, 309.804016113, 265.397033691, 186.090164185, 141.889602661, 63.6757621765, 18.7443981171, 8.39483451843, 2.30332517624, 0.263171225786, 0.0254899542779, 0.000725848134607, 3.03034175886e-06], "max": [0.210558399558, 7.1743106842, 24.6768074036, 40.5567550659, 61.6800727844, 219.417572021, 155.357971191, 144.803222656, 257.476013184, 313.492034912, 403.68572998, 463.148925781, 607.026733398, 196.478179932, 142.404418945, 115.489273071, 170.26210022, 175.615249634, 199.177841187, 242.961853027, 134.805725098, 138.913208008, 116.302314758, 140.212936401, 103.996376038, 105.479446411, 96.9050750732, 91.5136795044, 84.6014556885, 69.8924026489, 62.2377891541, 52.9821891785, 36.6256103516, 20.9964427948, 12.1847524643, 7.28161430359, 2.3807914257, 0.938484013081, 0.155897855759, 0.00778307626024], "mean": [0.0484977811575, 2.14270162582, 9.87456035614, 7.29518222809, 3.76840925217, 28.9251842499, 36.0254325867, 18.5512695312, 11.2811117172, 33.1086730957, 30.1023483276, 37.7120628357, 37.0416717529, 21.1107540131, 16.6962680817, 18.3909702301, 21.8718795776, 26.7962360382, 26.2759647369, 24.9745388031, 22.2298774719, 22.2707710266, 23.4931812286, 23.7885417938, 22.5022563934, 20.5444793701, 20.0112934113, 17.612077713, 14.1143255234, 12.7045936584, 9.22333049774, 6.71352148056, 4.1537733078, 2.08237934113, 0.930420100689, 0.374206364155, 0.115726612508, 0.0301146302372, 0.00517076998949, 0.00039368137368], "median": [0.0432047769427, 2.75843167305, 10.4649763107, 2.55399012566, 2.18495607376, 9.67768573761, 30.1012382507, 4.96888399124, 3.91458201408, 3.50880217552, 5.68422365189, 10.4972143173, 18.7335472107, 13.4700574875, 9.47376537323, 11.7252759933, 15.5325317383, 18.6137886047, 18.4171390533, 11.0329399109, 11.4969491959, 13.2879495621, 11.2953166962, 8.49576091766, 8.75863552094, 6.38338851929, 5.67295980453, 3.84344887733, 3.50674557686, 2.39844441414, 1.58121967316, 1.14004611969, 0.810110747814, 0.48756441474, 0.224558517337, 0.101601906121, 0.0338314548135, 0.00837160274386, 0.00151129800361, 0.000161676260177], "min": [1.04484589031e-22, 8.12122078288e-22, 2.07526125537e-21, 5.74676541208e-21, 6.6976111418e-21, 1.1871916679e-20, 2.57112727514e-20, 8.97667774476e-20, 1.07127902638e-19, 1.42602977849e-19, 2.85530210497e-19, 2.1996728061e-19, 6.05558608826e-19, 6.82434913801e-19, 1.11951378905e-18, 1.00818468778e-18, 2.09758693119e-18, 1.94602304114e-18, 1.78246234387e-18, 2.81510696916e-18, 3.62155388607e-18, 4.07244383412e-18, 4.7038725683e-18, 7.03761956438e-18, 5.34022468149e-18, 7.74352888168e-18, 7.72177072285e-18, 1.11236800322e-17, 1.03576214494e-17, 1.15844221149e-17, 1.08490841929e-17, 9.41673162678e-18, 1.02638886511e-17, 8.80438057266e-18, 5.99270309431e-18, 4.18807499836e-18, 2.16312031522e-18, 8.68290144828e-19, 2.26430430477e-19, 2.82817639699e-20], "var": [0.00189725286327, 2.9904024601, 28.2607212067, 106.419662476, 61.1393508911, 1538.40673828, 1141.0592041, 840.183776855, 592.679199219, 3473.66503906, 3030.52197266, 5110.6640625, 5295.58447266, 525.770385742, 402.638549805, 430.500427246, 462.062408447, 811.248596191, 702.473327637, 906.345703125, 577.866699219, 573.298706055, 652.717102051, 747.488525391, 657.99407959, 603.199890137, 596.690979004, 529.954772949, 338.735870361, 302.378387451, 170.392776489, 101.922622681, 43.048286438, 11.3401937485, 3.43265199661, 0.803768992424, 0.0900612547994, 0.00696155847982, 0.000180393049959, 6.9380558898e-07]}, "gfcc": {"mean": [-30.1282138824, 60.5695381165, -89.511428833, 36.2166175842, -44.837677002, 12.9619789124, -30.3842201233, 2.18231296539, -22.0049629211, -2.13966941833, -16.2995929718, -1.84261727333, -7.89512252808], "cov": [[82534.2890625, 3673.15039062, -6994.79101562, 2593.62548828, -3388.74658203, 1000.50085449, -2096.81323242, 271.352813721, -1370.93774414, -28.5035953522, -1095.06079102, -229.973388672, -671.565307617], [3673.15039062, 998.134155273, -313.082580566, -13.5166015625, -77.6659240723, 0.892130494118, -117.448028564, -39.2266044617, -130.482513428, -25.592962265, -66.8964538574, -7.09073877335, -42.1763191223], [-6994.79101562, -313.082580566, 860.101501465, -182.679702759, 309.951477051, -90.6030502319, 143.830688477, -39.9352531433, 78.1822433472, -7.13331604004, 56.164100647, 24.7561454773, 68.2434692383], [2593.62548828, -13.5166015625, -182.679702759, 320.689788818, -59.6845588684, 82.8997497559, -79.1490707397, -47.9578590393, -102.394317627, -47.5382843018, 7.51181268692, 34.8983306885, 50.5068016052], [-3388.74658203, -77.6659240723, 309.951477051, -59.6845588684, 273.677276611, -8.82238578796, 89.2094116211, -23.579366684, 29.3225078583, -4.2487244606, 53.7066574097, 44.5767631531, 68.3450317383], [1000.50085449, 0.892130494118, -90.6030502319, 82.8997497559, -8.82238578796, 97.2608261108, 9.8692522049, 14.3206586838, -20.4978923798, -11.7111310959, 4.78616857529, 10.5892114639, 29.2438545227], [-2096.81323242, -117.448028564, 143.830688477, -79.1490707397, 89.2094116211, 9.8692522049, 146.567672729, 68.3031997681, 92.5197067261, 20.981470108, 18.1919250488, -19.2452068329, 1.30794966221], [271.352813721, -39.2266044617, -39.9352531433, -47.9578590393, -23.579366684, 14.3206586838, 68.3031997681, 140.753036499, 109.836799622, 61.8341941833, -27.5057506561, -64.6614532471, -68.4299316406], [-1370.93774414, -130.482513428, 78.1822433472, -102.394317627, 29.3225078583, -20.4978923798, 92.5197067261, 109.836799622, 185.383850098, 118.536460876, 31.5901641846, -62.9291763306, -85.4656677246], [-28.5035953522, -25.592962265, -7.13331604004, -47.5382843018, -4.2487244606, -11.7111310959, 20.981470108, 61.8341941833, 118.536460876, 148.240951538, 58.8740272522, -25.4532279968, -88.1263275146], [-1095.06079102, -66.8964538574, 56.164100647, 7.51181268692, 53.7066574097, 4.78616857529, 18.1919250488, -27.5057506561, 31.5901641846, 58.8740272522, 132.488494873, 61.4391899109, 11.8077726364], [-229.973388672, -7.09073877335, 24.7561454773, 34.8983306885, 44.5767631531, 10.5892114639, -19.2452068329, -64.6614532471, -62.9291763306, -25.4532279968, 61.4391899109, 122.50969696, 92.159828186], [-671.565307617, -42.1763191223, 68.2434692383, 50.5068016052, 68.3450317383, 29.2438545227, 1.30794966221, -68.4299316406, -85.4656677246, -88.1263275146, 11.8077726364, 92.159828186, 153.056274414]], "icov": [[0.000220218411414, -0.00022411775717, 0.000713507761247, -0.000739088573027, 0.000829489494208, -0.000914682925213, 0.00110747257713, -0.000980927376077, 0.00101927109063, -0.00130663090385, 0.00153256277554, -0.000968625594396, 0.000468427198939], [-0.00022411775717, 0.00172628823202, -0.000103712533019, 0.00149735098239, -0.00160209136084, 0.000916610995773, -0.000898760277778, 0.000761288800277, 0.00123776728287, 0.000355904194294, -0.00112633546814, 0.00114011554979, 0.000229249548283], [0.000713507761247, -0.000103712533019, 0.00515047740191, -0.0017754691653, 0.000309672177536, -0.0010510898428, 0.00241879257374, -0.00189191324171, 0.00343821546994, -0.00442388793454, 0.00503064924851, -0.00218653585762, 0.000888720271178], [-0.000739088573027, 0.00149735098239, -0.0017754691653, 0.00833859294653, -0.00301824579947, -0.000861364474986, -0.00111290952191, 0.00275243259966, -0.000816636136733, 0.00437090685591, -0.0068827746436, 0.00485723977908, -0.00237091490999], [0.000829489494208, -0.00160209136084, 0.000309672177536, -0.00301824579947, 0.0113875577226, -0.0040326169692, 0.000887035625055, -0.00212311302312, 0.00282262568362, -0.00569600379094, 0.00486074341461, -0.00403640978038, -0.000863300345372], [-0.000914682925213, 0.000916610995773, -0.0010510898428, -0.000861364474986, -0.0040326169692, 0.0228029489517, -0.00939856469631, -0.00119565892965, 0.00170276523568, 0.00198724563234, -0.00908908061683, 0.00813878607005, -0.00812269002199], [0.00110747257713, -0.000898760277778, 0.00241879257374, -0.00111290952191, 0.000887035625055, -0.00939856469631, 0.0259572155774, -0.0122998468578, -0.00366146746092, 0.00190060259774, 0.00324385939166, -0.00358750508167, 0.000538745138329], [-0.000980927376077, 0.000761288800277, -0.00189191324171, 0.00275243259966, -0.00212311302312, -0.00119565892965, -0.0122998468578, 0.0289292931557, -0.0169929470867, 0.00392038282007, 0.00317744514905, 0.00103303336073, 0.00195800769143], [0.00101927109063, 0.00123776728287, 0.00343821546994, -0.000816636136733, 0.00282262568362, 0.00170276523568, -0.00366146746092, -0.0169929470867, 0.0407465733588, -0.0246856175363, 0.0016714760568, 0.00668143760413, -0.00121484615374], [-0.00130663090385, 0.000355904194294, -0.00442388793454, 0.00437090685591, -0.00569600379094, 0.00198724563234, 0.00190060259774, 0.00392038282007, -0.0246856175363, 0.0371345430613, -0.0169132854789, -0.00144028116483, 0.008564369753], [0.00153256277554, -0.00112633546814, 0.00503064924851, -0.0068827746436, 0.00486074341461, -0.00908908061683, 0.00324385939166, 0.00317744514905, 0.0016714760568, -0.0169132854789, 0.0320872142911, -0.0198702234775, 0.00808537192643], [-0.000968625594396, 0.00114011554979, -0.00218653585762, 0.00485723977908, -0.00403640978038, 0.00813878607005, -0.00358750508167, 0.00103303336073, 0.00668143760413, -0.00144028116483, -0.0198702234775, 0.0344654098153, -0.0201420746744], [0.000468427198939, 0.000229249548283, 0.000888720271178, -0.00237091490999, -0.000863300345372, -0.00812269002199, 0.000538745138329, 0.00195800769143, -0.00121484615374, 0.008564369753, 0.00808537192643, -0.0201420746744, 0.0276036225259]]}, "melbands": {"dmean": [0.000357474287739, 0.00133612146601, 0.000340988655807, 0.000296098412946, 0.000460355280666, 0.000159153758432, 8.7589607574e-05, 0.000150175750605, 0.000110512031824, 0.000105034632725, 7.01748504071e-05, 4.76194727526e-05, 3.46624110534e-05, 3.12128249789e-05, 3.03371107293e-05, 2.43909107667e-05, 2.82267228613e-05, 2.19655576075e-05, 1.93699797819e-05, 1.83379215741e-05, 1.55206998897e-05, 1.35117334139e-05, 1.28609945023e-05, 1.33428493427e-05, 1.16905184768e-05, 1.08248350443e-05, 9.30161604629e-06, 8.52041921462e-06, 8.04409592092e-06, 7.65431923355e-06, 6.73563636155e-06, 5.60002308703e-06, 5.23745256942e-06, 4.94928872286e-06, 4.10443180954e-06, 3.29257727572e-06, 3.15145462082e-06, 2.50411903835e-06, 1.74294200406e-06, 1.28890906126e-06], "dmean2": [0.000604803382885, 0.00215274491347, 0.000571905868128, 0.000483666080981, 0.000727055943571, 0.000250512413913, 0.000144758931128, 0.000235750339925, 0.000180227871169, 0.000174767847057, 0.000111214321805, 7.72768034949e-05, 5.49483520444e-05, 4.98775189044e-05, 4.73303844046e-05, 3.67889260815e-05, 4.43933677161e-05, 3.32581621478e-05, 2.91913693218e-05, 2.8134241802e-05, 2.33280970861e-05, 2.04499883694e-05, 2.04496063816e-05, 2.04778461921e-05, 1.62337619258e-05, 1.62295727932e-05, 1.35127811518e-05, 1.2299023183e-05, 1.17324825624e-05, 1.15139491754e-05, 9.77783020062e-06, 8.01396981842e-06, 7.29237990527e-06, 6.94158416081e-06, 6.06855201113e-06, 5.08105085828e-06, 4.71583371109e-06, 3.83439328289e-06, 2.67881341642e-06, 1.97810027203e-06], "dvar": [3.28469099031e-07, 3.15533588946e-06, 4.657306647e-07, 4.49306355677e-07, 4.17067269609e-07, 9.15057540851e-08, 4.0140186286e-08, 9.71524016791e-08, 5.09647684055e-08, 6.05835595024e-08, 2.42476687617e-08, 4.72294114928e-09, 2.76717693204e-09, 1.81132453481e-09, 1.73056957653e-09, 9.16346609703e-10, 1.38926914417e-09, 8.24747992123e-10, 6.25863416648e-10, 6.2250943289e-10, 4.24971363655e-10, 3.1614122431e-10, 2.82938256158e-10, 3.29614419092e-10, 2.28218513532e-10, 1.95253965773e-10, 1.52350659866e-10, 1.30404534393e-10, 1.14707507382e-10, 1.0977631304e-10, 8.96238291914e-11, 5.60584842435e-11, 5.38107336467e-11, 4.93876294028e-11, 3.73191547109e-11, 2.83960546049e-11, 2.57658113595e-11, 1.87084844144e-11, 1.02317581491e-11, 5.56663439302e-12], "dvar2": [8.06503464901e-07, 6.66749338052e-06, 1.01964769783e-06, 7.90294564013e-07, 8.05625290923e-07, 1.79568573344e-07, 9.07120352167e-08, 1.83621594374e-07, 1.05026508379e-07, 1.39693298706e-07, 4.20318251315e-08, 1.2379297587e-08, 6.50021370063e-09, 4.42554703994e-09, 4.00097643904e-09, 1.90039406434e-09, 3.30653016078e-09, 1.74733083558e-09, 1.44781453493e-09, 1.4776347923e-09, 9.20800380388e-10, 6.49544418252e-10, 6.35733632404e-10, 7.21024240313e-10, 4.40027042581e-10, 3.88459570067e-10, 2.72256300837e-10, 2.47668607845e-10, 2.08785516653e-10, 2.07326197876e-10, 1.66577487914e-10, 1.05416606e-10, 9.47757566871e-11, 8.848573263e-11, 7.41451275377e-11, 5.13823289472e-11, 5.52940436493e-11, 3.78338853302e-11, 2.0895523159e-11, 1.16044136106e-11], "max": [0.00437836209312, 0.0112387388945, 0.00577720068395, 0.00963284354657, 0.00705013982952, 0.00310068204999, 0.00384965422563, 0.00325611117296, 0.00315372343175, 0.00309373345226, 0.00301067437977, 0.000829046824947, 0.000556347426027, 0.000279806408798, 0.000365881511243, 0.00026570277987, 0.000391874520574, 0.000277401471976, 0.000265253591351, 0.000270560674835, 0.000186084551387, 0.000174810847966, 0.000145418263855, 0.000129924548673, 0.000124942089315, 0.000103176054836, 7.36010551918e-05, 7.9205739894e-05, 6.15959870629e-05, 7.53551939852e-05, 5.43324240425e-05, 5.18588749401e-05, 4.75613123854e-05, 4.54915498267e-05, 3.56179043592e-05, 3.31596384058e-05, 3.26087538269e-05, 2.75784768746e-05, 2.85371497739e-05, 1.56984442583e-05], "mean": [0.00115556200035, 0.00460047321394, 0.00112170563079, 0.00104385893792, 0.00141779228579, 0.000432347500464, 0.000176306741196, 0.000369560584659, 0.000243195041548, 0.000226310454309, 0.000178307454917, 8.27612238936e-05, 5.71383534407e-05, 4.47711499874e-05, 5.44683098269e-05, 4.54094333691e-05, 5.03511255374e-05, 4.22418925154e-05, 3.41808154189e-05, 3.05658832076e-05, 2.56683106272e-05, 2.34838917095e-05, 2.1050516807e-05, 2.06160038942e-05, 1.9085007807e-05, 1.72014406417e-05, 1.54736371769e-05, 1.29996906253e-05, 1.26793092932e-05, 1.13912474262e-05, 9.71829376795e-06, 8.04542378319e-06, 7.35105277272e-06, 6.90581464369e-06, 5.33284628546e-06, 4.74869375466e-06, 3.83918131774e-06, 3.14424482895e-06, 2.16890748561e-06, 1.60532101745e-06], "median": [0.0013348783832, 0.00541741494089, 0.000496343360282, 0.000324037129758, 0.00126651569735, 9.96610760922e-05, 4.31274347648e-05, 3.51765665982e-05, 4.58207614429e-05, 6.389398186e-05, 8.74368488439e-05, 5.06101496285e-05, 2.54000078712e-05, 2.48217565968e-05, 3.99315540562e-05, 3.02189127979e-05, 3.2390384149e-05, 3.17986668961e-05, 2.3666099878e-05, 1.67924190464e-05, 1.47978407767e-05, 1.40819729495e-05, 1.02651529232e-05, 8.42837198434e-06, 6.88484669809e-06, 7.86155032984e-06, 5.37641471965e-06, 3.99244390792e-06, 3.8969360503e-06, 3.34818241754e-06, 2.02763044399e-06, 2.11298856811e-06, 1.3080308463e-06, 1.29851309794e-06, 9.95633286038e-07, 9.84881467048e-07, 6.03046487413e-07, 6.48616435228e-07, 3.96712522388e-07, 4.00882385065e-07], "min": [1.53461066058e-24, 9.30949545393e-25, 1.53010961747e-24, 1.27526751039e-24, 1.09161447938e-24, 2.00177832878e-24, 1.41302875546e-24, 1.36195346311e-24, 2.59316545853e-24, 1.18129041215e-24, 2.78528937656e-24, 2.19493052699e-24, 3.02115346241e-24, 2.38878323369e-24, 2.88721414981e-24, 2.29711739929e-24, 2.72991587696e-24, 1.79723813454e-24, 2.59908014038e-24, 3.69670554264e-24, 3.2995249237e-24, 3.49950491027e-24, 4.72965342258e-24, 3.85932566838e-24, 4.7874221011e-24, 3.61844777983e-24, 3.38246201219e-24, 4.60483077825e-24, 4.4727091984e-24, 4.44425419669e-24, 6.02563711059e-24, 5.0870717048e-24, 4.53559166774e-24, 5.62745246893e-24, 5.07595783794e-24, 5.41604800153e-24, 4.88924747788e-24, 5.94099115217e-24, 5.6589260469e-24, 6.68764563238e-24], "var": [1.03173022126e-06, 5.76268803343e-06, 2.05913011087e-06, 2.73023238151e-06, 1.52435245582e-06, 4.3660665483e-07, 1.39775622188e-07, 4.13887875084e-07, 1.88502923493e-07, 1.7833448851e-07, 1.29388652681e-07, 9.17018105895e-09, 5.74828940003e-09, 3.13108317052e-09, 3.16664872102e-09, 2.00089078639e-09, 3.35468408608e-09, 1.84790660551e-09, 1.40239919677e-09, 1.52134649323e-09, 8.21792300876e-10, 6.78257450204e-10, 5.27976051767e-10, 5.99450045158e-10, 5.13482145692e-10, 3.96407712211e-10, 3.30906718693e-10, 2.62567856346e-10, 2.39507164101e-10, 2.1567897468e-10, 1.71433423013e-10, 1.06485695262e-10, 1.0402361611e-10, 9.17355080787e-11, 6.00820226904e-11, 4.54566974339e-11, 3.58648284682e-11, 2.46826968586e-11, 1.31001607132e-11, 6.72650173408e-12]}, "mfcc": {"mean": [-649.578857422, 90.3813095093, 16.2958087921, 30.6435661316, 9.30411338806, 12.1147670746, 4.26465368271, 4.65128326416, 0.639395236969, 2.4403026104, -2.8093650341, -5.58602714539, -8.88636875153], "cov": [[20917.25, 2059.98730469, -400.08102417, 549.323852539, 49.4177474976, 378.605529785, -17.3258457184, 146.479110718, 38.8594665527, 250.608428955, 116.910377502, 115.951469421, -14.917798996], [2059.98730469, 1366.63708496, 109.73651123, 90.1904602051, 51.6927261353, 28.3224525452, 12.7002029419, -4.2123708725, 11.6676473618, 41.268032074, 45.443649292, -0.429339468479, -43.5519294739], [-400.08102417, 109.73651123, 420.319274902, 180.299438477, 55.6661911011, 25.3165016174, 42.2727775574, 2.03624558449, 0.507329642773, -4.86746931076, -28.9518451691, -71.6064605713, -98.6881637573], [549.323852539, 90.1904602051, 180.299438477, 309.515258789, 117.143585205, 64.0672531128, 68.2626647949, 23.5500125885, -16.1288032532, -37.1940078735, -57.9840888977, -64.7091674805, -76.4038543701], [49.4177474976, 51.6927261353, 55.6661911011, 117.143585205, 146.308334351, 60.7007751465, 44.1064987183, 10.0368881226, -14.6893901825, -28.3336105347, -41.7739257812, -28.7524185181, -26.8239688873], [378.605529785, 28.3224525452, 25.3165016174, 64.0672531128, 60.7007751465, 114.065002441, 52.3090362549, 10.3162908554, -17.3702754974, -38.7215614319, -56.3239860535, -39.349155426, 2.45403432846], [-17.3258457184, 12.7002029419, 42.2727775574, 68.2626647949, 44.1064987183, 52.3090362549, 104.56452179, 48.4020805359, -3.49139904976, -37.3975448608, -67.5836715698, -55.0470809937, -32.4942131042], [146.479110718, -4.2123708725, 2.03624558449, 23.5500125885, 10.0368881226, 10.3162908554, 48.4020805359, 88.6756134033, 45.1606674194, 4.67104673386, -23.3618011475, -21.5960216522, -22.7210140228], [38.8594665527, 11.6676473618, 0.507329642773, -16.1288032532, -14.6893901825, -17.3702754974, -3.49139904976, 45.1606674194, 127.780548096, 100.796401978, 51.5999946594, 6.5420999527, -6.2739944458], [250.608428955, 41.268032074, -4.86746931076, -37.1940078735, -28.3336105347, -38.7215614319, -37.3975448608, 4.67104673386, 100.796401978, 182.93196106, 162.888442993, 88.8626937866, 22.1701316833], [116.910377502, 45.443649292, -28.9518451691, -57.9840888977, -41.7739257812, -56.3239860535, -67.5836715698, -23.3618011475, 51.5999946594, 162.888442993, 272.203430176, 204.325592041, 64.0839385986], [115.951469421, -0.429339468479, -71.6064605713, -64.7091674805, -28.7524185181, -39.349155426, -55.0470809937, -21.5960216522, 6.5420999527, 88.8626937866, 204.325592041, 234.475326538, 117.086494446], [-14.917798996, -43.5519294739, -98.6881637573, -76.4038543701, -26.8239688873, 2.45403432846, -32.4942131042, -22.7210140228, -6.2739944458, 22.1701316833, 64.0839385986, 117.086494446, 164.90675354]], "icov": [[8.8366541604e-05, -0.000129821957671, 0.000218186542043, -0.000309682451189, 0.000303628999973, -0.000486440432724, 0.000382796686608, -0.00032186525641, 0.000305247493088, -0.000478099507745, 0.000323329790263, -0.000240764929913, 0.000169697756064], [-0.000129821957671, 0.000962026242632, -0.000427645893069, 0.000372866226826, -0.00059233000502, 0.00053107982967, -0.000541081652045, 0.000524452247191, -0.000381012592698, 0.000576857535634, -0.000742693373468, 0.000475354347145, -0.000120394870464], [0.000218186542043, -0.000427645893069, 0.00407533766702, -0.0026286104694, 0.00113498256542, -0.00107986107469, 0.000206397700822, 0.00038871797733, 0.000472269864986, -0.00129703083076, 0.000271248194622, -9.16684948606e-05, 0.0015747329453], [-0.000309682451189, 0.000372866226826, -0.0026286104694, 0.00743126263842, -0.00451630679891, 0.000878346036188, -0.00228582741693, 0.00041336697177, -0.000556122104172, 0.00188880716451, -0.00134053267539, 0.000686218496412, 0.000557856517844], [0.000303628999973, -0.00059233000502, 0.00113498256542, -0.00451630679891, 0.0127327349037, -0.00579027784988, 0.000334359297995, -4.97959808854e-05, 0.000918366364203, -0.002404774772, 0.00337385409512, -0.00356734381057, 0.00225410866551], [-0.000486440432724, 0.00053107982967, -0.00107986107469, 0.000878346036188, -0.00579027784988, 0.0177256725729, -0.00799700338393, 0.00329599296674, -0.00168029672932, 0.00364209269173, -0.00271265488118, 0.00442943302915, -0.00511470995843], [0.000382796686608, -0.000541081652045, 0.000206397700822, -0.00228582741693, 0.000334359297995, -0.00799700338393, 0.0220168828964, -0.01234045811, 0.00489643169567, -0.00338233937509, 0.00358547689393, -0.000794933759607, 0.00157972448505], [-0.00032186525641, 0.000524452247191, 0.00038871797733, 0.00041336697177, -4.97959808854e-05, 0.00329599296674, -0.01234045811, 0.024420786649, -0.0129419239238, 0.00541276298463, 0.00136937294155, -0.00374987535179, 0.00231971801259], [0.000305247493088, -0.000381012592698, 0.000472269864986, -0.000556122104172, 0.000918366364203, -0.00168029672932, 0.00489643169567, -0.0129419239238, 0.0239626839757, -0.0167297627777, 0.00328927696683, 0.00284784380347, -0.00083140283823], [-0.000478099507745, 0.000576857535634, -0.00129703083076, 0.00188880716451, -0.002404774772, 0.00364209269173, -0.00338233937509, 0.00541276298463, -0.0167297627777, 0.0279701221734, -0.0180740952492, 0.00738582713529, -0.00277520436794], [0.000323329790263, -0.000742693373468, 0.000271248194622, -0.00134053267539, 0.00337385409512, -0.00271265488118, 0.00358547689393, 0.00136937294155, 0.00328927696683, -0.0180740952492, 0.0295577477664, -0.0224493909627, 0.00786679890007], [-0.000240764929913, 0.000475354347145, -9.16684948606e-05, 0.000686218496412, -0.00356734381057, 0.00442943302915, -0.000794933759607, -0.00374987535179, 0.00284784380347, 0.00738582713529, -0.0224493909627, 0.0272140633315, -0.0124356895685], [0.000169697756064, -0.000120394870464, 0.0015747329453, 0.000557856517844, 0.00225410866551, -0.00511470995843, 0.00157972448505, 0.00231971801259, -0.00083140283823, -0.00277520436794, 0.00786679890007, -0.0124356895685, 0.0144360270351]]}, "spectral_contrast_coeffs": {"dmean": [0.0836952477694, 0.0807174965739, 0.0666752457619, 0.0607367306948, 0.0539522655308, 0.0363517440856], "dmean2": [0.123468376696, 0.119922839105, 0.0926471203566, 0.0844889357686, 0.0791581347585, 0.0537831671536], "dvar": [0.00738467741758, 0.00719954725355, 0.00510664144531, 0.00476974435151, 0.00434997910634, 0.00138072564732], "dvar2": [0.012110222131, 0.0114145120606, 0.00688898051158, 0.00662414636463, 0.00653171539307, 0.00281973136589], "max": [-0.17152646184, -0.248312190175, -0.358844518661, -0.446014165878, -0.478673279285, -0.566475272179], "mean": [-0.515130162239, -0.649144947529, -0.707291483879, -0.725456774235, -0.726098716259, -0.71855288744], "median": [-0.510704219341, -0.670529603958, -0.757020235062, -0.788045883179, -0.775257110596, -0.714096307755], "min": [-0.98198145628, -0.995706319809, -0.998075485229, -0.995466649532, -0.968735337257, -0.965005099773], "var": [0.0321206636727, 0.0293824523687, 0.023292420432, 0.0198507476598, 0.0157387461513, 0.00663423445076]}, "spectral_contrast_valleys": {"dmean": [0.85627913475, 0.863131761551, 0.851608216763, 0.894130766392, 0.88634955883, 0.829255700111], "dmean2": [1.43432629108, 1.34488129616, 1.23380661011, 1.18554568291, 1.15617847443, 1.12236213684], "dvar": [0.95382475853, 1.14963448048, 1.06447529793, 1.16784119606, 1.27754127979, 1.18708622456], "dvar2": [1.80217826366, 1.75421357155, 1.5498239994, 1.62649178505, 1.72289609909, 1.66803300381], "max": [-5.85946846008, -5.08744955063, -5.35057544708, -5.89204263687, -5.77625465393, -7.72940444946], "mean": [-9.26856803894, -8.89804458618, -9.19272518158, -9.48443126678, -9.35322475433, -11.4581871033], "med