{"lowlevel": {"average_loudness": 0.745470166206, "barkbands_crest": {"dmean": 2.94672894478, "dmean2": 4.12344121933, "dvar": 9.20418071747, "dvar2": 17.3091259003, "max": 26.7799892426, "mean": 14.2267484665, "median": 13.3610277176, "min": 2.1537668705, "var": 39.4752731323}, "barkbands_flatness_db": {"dmean": 0.0391223169863, "dmean2": 0.0494658462703, "dvar": 0.00174593098927, "dvar2": 0.00340070971288, "max": 0.945387542248, "mean": 0.208499997854, "median": 0.201631486416, "min": 0.0128974467516, "var": 0.0120025994256}, "barkbands_kurtosis": {"dmean": 16.821428299, "dmean2": 21.8099861145, "dvar": 2004.36462402, "dvar2": 4025.31469727, "max": 2297.7409668, "mean": 26.7610473633, "median": 4.59507369995, "min": -1.95413935184, "var": 5471.08740234}, "barkbands_skewness": {"dmean": 1.23794901371, "dmean2": 1.50705111027, "dvar": 2.06583619118, "dvar2": 3.35714149475, "max": 27.0208683014, "mean": 2.99268198013, "median": 2.07053232193, "min": -4.29552984238, "var": 11.7855520248}, "barkbands_spread": {"dmean": 10.1854124069, "dmean2": 14.8025217056, "dvar": 197.622375488, "dvar2": 398.952911377, "max": 119.281700134, "mean": 21.1956214905, "median": 12.486749649, "min": 0.0113082956523, "var": 488.66607666}, "dissonance": {"dmean": 0.0249402858317, "dmean2": 0.0404270850122, "dvar": 0.000650785514154, "dvar2": 0.00162128661759, "max": 0.500000119209, "mean": 0.440473288298, "median": 0.452618420124, "min": 0.164381116629, "var": 0.00217010010965}, "dynamic_complexity": 4.86244869232, "erbbands_crest": {"dmean": 2.82046914101, "dmean2": 4.39933490753, "dvar": 7.97299051285, "dvar2": 17.3950042725, "max": 32.9207000732, "mean": 10.6015853882, "median": 9.1508769989, "min": 2.29693078995, "var": 34.5288200378}, "erbbands_flatness_db": {"dmean": 0.0237007457763, "dmean2": 0.0346645563841, "dvar": 0.000829526630696, "dvar2": 0.00171693181619, "max": 0.539944350719, "mean": 0.177759096026, "median": 0.129914164543, "min": 0.0335655026138, "var": 0.0118567189202}, "erbbands_kurtosis": {"dmean": 1.60153341293, "dmean2": 2.46108341217, "dvar": 13.9543561935, "dvar2": 25.4099807739, "max": 365.656829834, "mean": 1.62890625, "median": -0.0337859392166, "min": -1.92018568516, "var": 127.678848267}, "erbbands_skewness": {"dmean": 0.541451513767, "dmean2": 0.820897459984, "dvar": 0.320117324591, "dvar2": 0.744914412498, "max": 14.2411651611, "mean": 0.383594453335, "median": 0.359127312899, "min": -5.19947576523, "var": 1.29521667957}, "erbbands_spread": {"dmean": 13.4644203186, "dmean2": 20.3914470673, "dvar": 270.756225586, "dvar2": 629.361816406, "max": 197.093917847, "mean": 46.3422241211, "median": 42.8091125488, "min": 0.39991748333, "var": 877.288208008}, "hfc": {"dmean": 26.6527481079, "dmean2": 39.8178024292, "dvar": 3960.25268555, "dvar2": 8931.70507812, "max": 590.396240234, "mean": 29.8203430176, "median": 6.9304523468, "min": 1.15309745014e-16, "var": 4424.92236328}, "melbands_crest": {"dmean": 3.68628740311, "dmean2": 5.30549573898, "dvar": 14.9592761993, "dvar2": 30.0260314941, "max": 36.7979927063, "mean": 19.4882659912, "median": 18.5170516968, "min": 2.08399748802, "var": 64.3718109131}, "melbands_flatness_db": {"dmean": 0.0494176708162, "dmean2": 0.0614874996245, "dvar": 0.00283452612348, "dvar2": 0.0056258845143, "max": 1, "mean": 0.284753769636, "median": 0.282779306173, "min": 0.00760575057939, "var": 0.0158614777029}, "melbands_kurtosis": {"dmean": 28.7332267761, "dmean2": 37.3629722595, "dvar": 4031.12988281, "dvar2": 7175.95410156, "max": 1835.44958496, "mean": 50.3339691162, "median": 14.1611909866, "min": -1.88392186165, "var": 10491.1757812}, "melbands_skewness": {"dmean": 1.38871586323, "dmean2": 1.78088247776, "dvar": 2.88386392593, "dvar2": 5.05851221085, "max": 31.9412822723, "mean": 4.26574897766, "median": 3.21058154106, "min": -2.94460439682, "var": 14.5141582489}, "melbands_spread": {"dmean": 12.7401809692, "dmean2": 18.7467956543, "dvar": 629.608337402, "dvar2": 1217.76586914, "max": 236.354034424, "mean": 21.2010917664, "median": 11.1210155487, "min": 0.102589771152, "var": 1025.25048828}, "pitch_salience": {"dmean": 0.0859319418669, "dmean2": 0.11755618453, "dvar": 0.00806523673236, "dvar2": 0.0153130870312, "max": 0.896473765373, "mean": 0.43468645215, "median": 0.460781991482, "min": 0.00895933713764, "var": 0.0330744795501}, "silence_rate_20dB": {"dmean": 0, "dmean2": 0, "dvar": 0, "dvar2": 0, "max": 1, "mean": 1, "median": 1, "min": 1, "var": 0}, "silence_rate_30dB": {"dmean": 0.0529745183885, "dmean2": 0.105954654515, "dvar": 0.0501687340438, "dvar2": 0.0953661724925, "max": 1, "mean": 0.838277339935, "median": 1, "min": 0, "var": 0.135558381677}, "silence_rate_60dB": {"dmean": 0.0502198450267, "dmean2": 0.100445009768, "dvar": 0.0476854369044, "dvar2": 0.104052208364, "max": 1, "mean": 0.226030305028, "median": 0, "min": 0, "var": 0.174953565001}, "spectral_centroid": {"dmean": 387.606048584, "dmean2": 583.780212402, "dvar": 287750.28125, "dvar2": 583484.3125, "max": 10798.8066406, "mean": 1153.62939453, "median": 847.695068359, "min": 49.3272666931, "var": 704035.125}, "spectral_complexity": {"dmean": 4.48471689224, "dmean2": 6.71021413803, "dvar": 49.591545105, "dvar2": 101.292442322, "max": 57, "mean": 10.4680576324, "median": 8, "min": 0, "var": 95.2810897827}, "spectral_decrease": {"dmean": 3.73628283867e-09, "dmean2": 4.78341499743e-09, "dvar": 5.07408271084e-17, "dvar2": 6.53700191673e-17, "max": 1.14946013184e-15, "mean": -1.02887236508e-08, "median": -3.24465476709e-09, "min": -8.3548563623e-08, "var": 2.53935633617e-16}, "spectral_energy": {"dmean": 0.0159260444343, "dmean2": 0.0211422946304, "dvar": 0.000796274864115, "dvar2": 0.00112756271847, "max": 0.318055272102, "mean": 0.0415367558599, "median": 0.0136710628867, "min": 1.0420441694e-20, "var": 0.00375704467297}, "spectral_energyband_high": {"dmean": 0.0025895270519, "dmean2": 0.00386811606586, "dvar": 4.86251046823e-05, "dvar2": 0.000109122476715, "max": 0.0669944956899, "mean": 0.00249255564995, "median": 0.000196946610231, "min": 7.23456041148e-21, "var": 5.31044752279e-05}, "spectral_energyband_low": {"dmean": 0.0120640499517, "dmean2": 0.0128680421039, "dvar": 0.000653082737699, "dvar2": 0.000663197366521, "max": 0.31510335207, "mean": 0.030026011169, "median": 0.00332394335419, "min": 5.18653231325e-23, "var": 0.00335388281383}, "spectral_energyband_middle_high": {"dmean": 0.00191927386913, "dmean2": 0.00305589172058, "dvar": 2.53727212112e-05, "dvar2": 6.37785997242e-05, "max": 0.125137761235, "mean": 0.00266488455236, "median": 0.000672252557706, "min": 1.6090999457e-21, "var": 4.13029119954e-05}, "spectral_energyband_middle_low": {"dmean": 0.00575793581083, "dmean2": 0.00988152809441, "dvar": 0.000293403485557, "dvar2": 0.000805673014838, "max": 0.168545007706, "mean": 0.00724905962124, "median": 0.00346195464954, "min": 3.28052161948e-22, "var": 0.000212098879274}, "spectral_entropy": {"dmean": 0.306489259005, "dmean2": 0.440810203552, "dvar": 0.14247444272, "dvar2": 0.286348760128, "max": 9.79636573792, "mean": 7.28526830673, "median": 7.35140228271, "min": 2.57326865196, "var": 0.758410394192}, "spectral_flux": {"dmean": 0.0349922627211, "dmean2": 0.0507078357041, "dvar": 0.00226036296226, "dvar2": 0.00415684888139, "max": 0.427977710962, "mean": 0.0836579576135, "median": 0.0494688041508, "min": 1.02080566222e-10, "var": 0.00767014734447}, "spectral_kurtosis": {"dmean": 4.2131986618, "dmean2": 6.90642309189, "dvar": 41.8157196045, "dvar2": 111.019371033, "max": 165.190261841, "mean": 8.19870853424, "median": 5.18226051331, "min": -1.32295024395, "var": 109.008094788}, "spectral_rms": {"dmean": 0.00108754262328, "dmean2": 0.00140821456444, "dvar": 2.40645863414e-06, "dvar2": 3.63106755685e-06, "max": 0.0176152717322, "mean": 0.00492478627712, "median": 0.00365207111463, "min": 3.1884612138e-12, "var": 1.62700580404e-05}, "spectral_rolloff": {"dmean": 1075.78308105, "dmean2": 1731.68005371, "dvar": 4526655, "dvar2": 8425832, "max": 19164.5507812, "mean": 1798.98254395, "median": 645.99609375, "min": 64.599609375, "var": 8121334}, "spectral_skewness": {"dmean": 0.46181795001, "dmean2": 0.73007941246, "dvar": 0.285334765911, "dvar2": 0.668899357319, "max": 11.472867012, "mean": 1.87265098095, "median": 1.72640001774, "min": -0.115065485239, "var": 0.964891433716}, "spectral_spread": {"dmean": 923186.9375, "dmean2": 1376067.125, "dvar": 1536912654340.0, "dvar2": 2852869898240.0, "max": 42118992, "mean": 5458382.5, "median": 5713091, "min": 711274.75, "var": 8401095491580.0}, "spectral_strongpeak": {"dmean": 0.312176615, "dmean2": 0.509683728218, "dvar": 0.724849760532, "dvar2": 1.96030092239, "max": 18.4826793671, "mean": 0.687796294689, "median": 0.404218047857, "min": 0, "var": 0.960709154606}, "zerocrossingrate": {"dmean": 0.0231030732393, "dmean2": 0.0245663207024, "dvar": 0.000994649482891, "dvar2": 0.0011723759817, "max": 0.509765625, "mean": 0.0675272718072, "median": 0.0419921875, "min": 0.001953125, "var": 0.0044525670819}, "barkbands": {"dmean": [0.00108446588274, 0.0112630436197, 0.0030204905197, 0.00268911290914, 0.0020536002703, 0.000437321490608, 0.000435224676039, 0.000613046402577, 0.000345065636793, 0.000485323835164, 0.00017281746841, 0.000263596884906, 0.000276078208117, 0.000191806509974, 0.00016327558842, 0.000174694971065, 0.00017555350496, 0.000134343514219, 0.000140893011121, 0.000206438300665, 0.000273130950518, 0.000285895657726, 0.000476944667753, 0.000685809645802, 0.000379765726393, 0.000264813250396, 0.000151202402776], "dmean2": [0.00133541831747, 0.0117748286575, 0.00518865743652, 0.00489927409217, 0.00351641559973, 0.000649709545542, 0.000663881073706, 0.00109636760317, 0.000622093619313, 0.000666884123348, 0.000302282860503, 0.000471764535177, 0.000459185044747, 0.000343834515661, 0.000258816871792, 0.000310050905682, 0.000303147680825, 0.000223632858251, 0.000229025856243, 0.000341020175256, 0.000416089547798, 0.000451356492704, 0.000727606238797, 0.00107908749487, 0.000556733983103, 0.000394161354052, 0.000228363569477], "dvar": [5.7559209381e-06, 0.000642158091068, 0.000123250618344, 9.56640651566e-05, 3.38776917488e-05, 7.3046385296e-07, 6.95305175213e-07, 4.17974115408e-06, 1.43287763876e-06, 4.57775149698e-06, 2.44924081017e-07, 7.76514070822e-07, 8.45317970288e-07, 3.47130878708e-07, 2.13088924284e-07, 3.35733631118e-07, 2.17300325289e-07, 1.16988438492e-07, 1.3314620162e-07, 2.60625057535e-07, 4.84593897454e-07, 4.93395759804e-07, 2.00358977054e-06, 5.18907518199e-06, 1.05755100321e-06, 5.1417339364e-07, 1.61282486033e-07], "dvar2": [8.10783058114e-06, 0.000594092532992, 0.000326493434841, 0.00026933819754, 9.57439478952e-05, 1.42965222949e-06, 1.63461049851e-06, 1.18745292639e-05, 4.06815843235e-06, 5.75026751903e-06, 6.76391152865e-07, 2.20472179535e-06, 1.92077004613e-06, 9.81722678262e-07, 5.11610153353e-07, 9.5683571999e-07, 6.02408761097e-07, 3.08129870064e-07, 3.48394422645e-07, 6.33049410226e-07, 1.11649853807e-06, 1.17031686386e-06, 4.72736201118e-06, 1.23978270494e-05, 2.19170624405e-06, 1.18495609058e-06, 3.49784727405e-07], "max": [0.022229898721, 0.298321694136, 0.0832366943359, 0.0911914333701, 0.0728192701936, 0.0269727185369, 0.0207618605345, 0.0257020071149, 0.0124236885458, 0.123008951545, 0.0116691067815, 0.0103520248085, 0.0455354899168, 0.00865810085088, 0.0184827819467, 0.0153510421515, 0.00603673001751, 0.00848521757871, 0.00997742172331, 0.00767112942412, 0.00878655258566, 0.00824767909944, 0.0227904841304, 0.0224173497409, 0.00995471514761, 0.00787257775664, 0.0050834598951], "mean": [0.00163696717937, 0.0251333359629, 0.00243048905395, 0.00189706985839, 0.00260566384532, 0.000891306612175, 0.000836822728161, 0.000579978281166, 0.000302295928122, 0.0010316047119, 0.000183734606253, 0.000232630554819, 0.000317820289638, 0.00016657706874, 0.000170690065715, 0.000151446452946, 0.000158591908985, 0.000125653547002, 0.000130284330226, 0.000190450198716, 0.000259950407781, 0.00027167177177, 0.000442335964181, 0.000592054449953, 0.00037265298306, 0.000258184416452, 0.000166082871147], "median": [6.70466542942e-05, 0.00173881882802, 4.63351934741e-05, 0.000152615742991, 0.00100405840203, 0.000343267049175, 0.000318321865052, 8.53410965647e-05, 5.33722268301e-05, 0.000115793984151, 4.30640793638e-05, 3.37009114446e-05, 3.87956679333e-05, 2.88956398435e-05, 3.30229486281e-05, 2.93179982691e-05, 3.34602918883e-05, 2.22855705942e-05, 1.81802497536e-05, 1.46985021274e-05, 1.32743734866e-05, 1.25099886645e-05, 1.09375469037e-05, 9.8384116427e-06, 1.09880247692e-05, 1.62028682098e-05, 8.60286127136e-06], "min": [2.56437223271e-23, 2.15092486803e-23, 9.82204559976e-24, 6.35605899492e-24, 3.6122893794e-23, 1.13303894602e-23, 4.13953119184e-23, 5.26373686787e-23, 1.64276534845e-22, 6.603913096e-23, 4.65242520213e-23, 8.8878900842e-23, 7.91049016045e-23, 5.90378515866e-23, 1.6123750185e-22, 2.50226628649e-22, 2.17537797837e-22, 2.27464974929e-22, 3.18188194702e-22, 2.40480649751e-22, 3.49396062227e-22, 5.56480052053e-22, 6.58688808927e-22, 9.75013297653e-22, 9.62862163896e-22, 1.54469284805e-21, 2.38928252269e-21], "var": [1.2915973457e-05, 0.00282447994687, 8.82050953805e-05, 5.77176360821e-05, 2.62014546024e-05, 2.62639014181e-06, 1.87174111943e-06, 2.99176849694e-06, 1.00988040685e-06, 2.27786440519e-05, 2.42252070848e-07, 5.36768311576e-07, 1.68669203049e-06, 2.53346371437e-07, 2.29181210898e-07, 2.31598477285e-07, 1.56035596888e-07, 9.59422123969e-08, 1.13161512161e-07, 2.50111554578e-07, 5.25971756815e-07, 5.2171446896e-07, 2.06363665711e-06, 4.80485141452e-06, 1.26552163238e-06, 5.44922670542e-07, 1.72531031239e-07]}, "erbbands": {"dmean": [0.585797905922, 2.0114402771, 3.42808485031, 5.46713209152, 9.64925956726, 5.59028720856, 4.18982696533, 3.39179778099, 7.12706041336, 7.36152029037, 14.0231628418, 7.91103506088, 8.7531080246, 14.7611627579, 8.03432655334, 12.4390678406, 13.7228155136, 10.4194669724, 10.0053777695, 6.11755561829, 10.582859993, 9.64928150177, 7.81739330292, 6.02535200119, 8.43132972717, 8.91937923431, 13.6041650772, 9.07175922394, 10.7514009476, 12.8297071457, 12.8846960068, 17.6662521362, 8.67238044739, 4.59066200256, 2.57916998863, 1.43625867367, 0.410278558731, 0.117775455117, 0.0234496500343, 0.00192273873836], "dmean2": [0.622213125229, 2.19675564766, 5.13713979721, 9.29674339294, 17.3085079193, 9.32460403442, 6.21721220016, 5.22203397751, 10.8258066177, 12.1244544983, 25.5940361023, 14.3045711517, 13.7910413742, 19.2421474457, 13.8271932602, 21.980506897, 22.856760025, 18.4504089355, 16.1977958679, 10.2089338303, 18.6712722778, 16.737487793, 13.0308570862, 10.008638382, 13.7467870712, 14.599158287, 20.845582962, 14.174115181, 17.0905952454, 18.9524173737, 19.9370670319, 28.7939414978, 12.8852491379, 6.82454299927, 3.73565649986, 2.12921643257, 0.612377941608, 0.17580793798, 0.0361294820905, 0.00290719000623], "dvar": [1.79168283939, 22.0255069733, 125.339225769, 336.661956787, 1094.10949707, 197.212799072, 117.242805481, 35.6204071045, 189.253662109, 316.269439697, 2699.17138672, 780.085205078, 501.234527588, 6150.77246094, 501.729736328, 1736.69580078, 2187.47802734, 1078.31677246, 859.451049805, 233.315963745, 1305.07104492, 676.998291016, 419.607452393, 215.850418091, 558.270080566, 468.235107422, 1502.51342773, 450.224975586, 748.173461914, 1455.50634766, 1369.85913086, 3964.45751953, 673.525390625, 162.906784058, 49.1270332336, 17.5495319366, 1.1652559042, 0.0808701142669, 0.00402260385454, 2.92416061711e-05], "dvar2": [1.79841160774, 25.2632160187, 297.420074463, 875.030334473, 3075.22705078, 552.519104004, 201.652542114, 85.980178833, 471.880584717, 823.370605469, 7720.61621094, 2233.67504883, 1116.88830566, 7386.14550781, 1389.84387207, 4900.46289062, 5032.21679688, 3040.9230957, 2136.328125, 595.355407715, 3731.59008789, 1875.24938965, 1122.67236328, 565.716430664, 1495.48852539, 1103.34960938, 3477.64819336, 1093.28015137, 1819.36303711, 3410.42480469, 3174.17260742, 9892.33105469, 1499.36486816, 337.301239014, 105.844139099, 40.2662391663, 2.64791917801, 0.181643024087, 0.00898357760161, 6.23675441602e-05], "max": [14.097193718, 52.5155029297, 91.8883514404, 173.790435791, 352.105072021, 196.80909729, 475.461914062, 157.594680786, 319.634460449, 301.723449707, 686.187438965, 293.468322754, 661.741821289, 4609.35791016, 385.970306396, 479.815734863, 2358.28320312, 463.27444458, 1111.50939941, 290.910430908, 1018.27630615, 356.002960205, 513.803039551, 340.051605225, 919.235595703, 248.848205566, 544.573852539, 267.92956543, 331.524810791, 437.944274902, 641.047424316, 705.118041992, 295.602966309, 128.516693115, 91.5807647705, 42.248210907, 13.3223991394, 3.80167412758, 1.02341651917, 0.0513947419822], "mean": [1.08336615562, 4.15266895294, 3.60054516792, 4.55444812775, 8.12443256378, 8.21455478668, 7.66083955765, 6.93427562714, 14.3231840134, 10.1036996841, 12.0370559692, 7.0217962265, 13.6518335342, 34.0521621704, 9.6366186142, 11.711725235, 15.8652296066, 9.39266300201, 10.0584745407, 6.46681070328, 9.49512290955, 8.77624988556, 7.21179580688, 5.72617959976, 7.61958360672, 8.45325469971, 12.9384460449, 8.34407234192, 9.75481987, 12.9383029938, 11.7062416077, 14.1560840607, 8.23451709747, 4.47787952423, 2.52952170372, 1.33736860752, 0.40546298027, 0.12522444129, 0.026202827692, 0.0021235733293], "median": [0.063775062561, 0.256333589554, 0.176939874887, 0.370406031609, 1.71550631523, 3.04316902161, 2.27252554893, 3.1342895031, 5.37483644485, 3.03697729111, 1.6777613163, 1.51515245438, 3.35077381134, 2.89701676369, 2.56320643425, 2.07879781723, 2.041929245, 2.02148675919, 1.50790822506, 1.71468782425, 2.06214427948, 1.86480784416, 1.36832559109, 1.08122324944, 0.943263173103, 0.73134469986, 0.572813928127, 0.486950993538, 0.462253689766, 0.382841587067, 0.299944937229, 0.225129574537, 0.15134292841, 0.120709881186, 0.0746063888073, 0.0547808110714, 0.0237557496876, 0.00711649470031, 0.00140853959601, 0.000182315270649], "min": [9.95590728055e-22, 3.43788742988e-21, 1.00964922398e-20, 2.01480113806e-20, 1.98476026466e-20, 1.10681535173e-19, 2.68128320812e-19, 8.55204974718e-20, 4.11862222579e-19, 5.57698145379e-19, 2.16851911628e-18, 2.57243140939e-18, 3.17816253707e-18, 2.16443635957e-18, 2.73735385274e-18, 3.22877399644e-18, 3.44973110205e-18, 2.95138352752e-18, 5.19669147442e-18, 1.12956475728e-17, 1.26414315519e-17, 1.2774509196e-17, 1.35768528835e-17, 1.0083290308e-17, 2.02903499967e-17, 1.16312835509e-17, 1.38009617541e-17, 1.36223900034e-17, 2.14208428506e-17, 1.83684884876e-17, 1.79654099926e-17, 1.72663348415e-17, 1.63760287677e-17, 1.10798990167e-17, 7.96574516298e-18, 5.86961448326e-18, 2.85974163502e-18, 1.41070256117e-18, 2.86953762482e-19, 3.49160335948e-20], "var": [5.9368686676, 83.6887283325, 126.359901428, 250.813354492, 685.842285156, 203.544250488, 416.911621094, 105.566459656, 516.98614502, 389.989196777, 1776.09667969, 508.933044434, 1186.84130859, 31256.2636719, 497.06652832, 1257.09875488, 4225.97753906, 776.23828125, 857.484191895, 223.395248413, 897.153625488, 477.858459473, 326.74206543, 183.840423584, 439.28918457, 473.593505859, 1614.75097656, 444.487030029, 730.589416504, 1683.81750488, 1379.3236084, 3284.26342773, 739.294311523, 191.47454834, 57.7800292969, 18.2546806335, 1.24259233475, 0.088959030807, 0.0041484516114, 3.1510466215e-05]}, "gfcc": {"mean": [-83.2821502686, 85.8218002319, -96.9787597656, 12.436548233, -48.268157959, -3.75478434563, -29.6238288879, -6.32027339935, -18.1026306152, -4.52398729324, -7.9942817688, 2.4661591053, -4.4792547226], "cov": [[28094.1699219, -6418.62451172, 4833.32470703, 1925.38476562, 387.692108154, 2431.37646484, 186.519134521, 1521.84387207, 208.83934021, 1345.03356934, -209.989257812, 709.447021484, -499.909301758], [-6418.62451172, 4673.87890625, -2286.14599609, -661.926025391, 289.781188965, -1035.82202148, 115.952095032, -696.108032227, 89.0430145264, -623.716674805, 201.670120239, -423.804626465, 210.82484436], [4833.32470703, -2286.14599609, 3403.20703125, 751.239746094, 664.551086426, 1087.90759277, 459.968963623, 892.435852051, 383.127807617, 764.116821289, 140.213256836, 483.450286865, -117.597900391], [1925.38476562, -661.926025391, 751.239746094, 713.681945801, 284.733947754, 250.13343811, 91.1165008545, 225.012268066, 138.946731567, 220.285140991, 45.8739128113, 84.2674179077, -22.2190189362], [387.692108154, 289.781188965, 664.551086426, 284.733947754, 891.800598145, 120.228042603, 97.6300201416, 105.967887878, 195.203521729, 147.357131958, 68.730178833, 42.3657722473, 0.91026955843], [2431.37646484, -1035.82202148, 1087.90759277, 250.13343811, 120.228042603, 868.080383301, 215.911010742, 350.527404785, 118.103363037, 275.460083008, 46.3775024414, 191.070053101, -33.6593589783], [186.519134521, 115.952095032, 459.968963623, 91.1165008545, 97.6300201416, 215.911010742, 476.850189209, 225.632171631, 167.934524536, 173.541213989, 138.008728027, 112.651748657, 44.0584793091], [1521.84387207, -696.108032227, 892.435852051, 225.012268066, 105.967887878, 350.527404785, 225.632171631, 451.959991455, 180.585876465, 295.217468262, 92.3086547852, 196.949554443, -4.57933998108], [208.83934021, 89.0430145264, 383.127807617, 138.946731567, 195.203521729, 118.103363037, 167.934524536, 180.585876465, 265.754730225, 177.167922974, 118.484992981, 87.7051391602, 13.9363870621], [1345.03356934, -623.716674805, 764.116821289, 220.285140991, 147.357131958, 275.460083008, 173.541213989, 295.217468262, 177.167922974, 421.903045654, 150.985107422, 192.41104126, -12.3144578934], [-209.989257812, 201.670120239, 140.213256836, 45.8739128113, 68.730178833, 46.3775024414, 138.008728027, 92.3086547852, 118.484992981, 150.985107422, 230.630340576, 117.523178101, 49.3020858765], [709.447021484, -423.804626465, 483.450286865, 84.2674179077, 42.3657722473, 191.070053101, 112.651748657, 196.949554443, 87.7051391602, 192.41104126, 117.523178101, 251.206573486, 49.0077896118], [-499.909301758, 210.82484436, -117.597900391, -22.2190189362, 0.91026955843, -33.6593589783, 44.0584793091, -4.57933998108, 13.9363870621, -12.3144578934, 49.3020858765, 49.0077896118, 135.033737183]], "icov": [[6.50361325825e-05, 1.61983207363e-05, -4.79181653645e-06, -9.96783855953e-05, 8.84272503754e-06, -8.71130541782e-05, 3.56109812856e-05, -5.9672860516e-05, 7.21675096429e-05, -7.95777377789e-05, 0.000100658959127, -5.43636597286e-05, 0.000127762774355], [1.61983207363e-05, 0.000909818336368, 0.000304159184452, 0.000418609735789, -0.000589723757003, 0.000316603080137, -0.000640135316644, 0.00035141321132, -0.000857912062202, 0.000922832579818, -0.00121397478506, 0.000877240556292, -0.000425513659138], [-4.79181653645e-06, 0.000304159184452, 0.00119102082681, -9.87962048384e-05, -0.000701929675415, -0.000352163711796, -0.000398410193156, -0.000797726679593, -0.00010381944594, -0.000175947585376, 0.00018588147941, -0.000592571275774, 0.000690113985911], [-9.96783855953e-05, 0.000418609735789, -9.87962048384e-05, 0.00239190226421, -0.000639856327325, 0.000197891131393, -0.000113668451377, -7.02117831679e-05, -0.000743911718018, 0.000118936375657, -0.000728453334887, 0.0010779449949, -0.000664333812892], [8.84272503754e-06, -0.000589723757003, -0.000701929675415, -0.000639856327325, 0.00209166738205, -8.53475430631e-05, 0.000526062678546, 0.000560805608984, -0.000571676238906, -0.000538922904525, 0.000652316841297, -8.13512524473e-05, -0.000149908897583], [-8.71130541782e-05, 0.000316603080137, -0.000352163711796, 0.000197891131393, -8.53475430631e-05, 0.00232731946744, -0.000666945299599, -0.000201244198252, -0.000160988842254, 0.000346705404809, -0.00027579194284, 4.48059399787e-05, -0.000166788056958], [3.56109812856e-05, -0.000640135316644, -0.000398410193156, -0.000113668451377, 0.000526062678546, -0.000666945299599, 0.00392346037552, -0.00137443770654, -0.000321244762745, -0.000490555365104, -0.000427802995546, 0.000175927081727, -0.000650184112601], [-5.9672860516e-05, 0.00035141321132, -0.000797726679593, -7.02117831679e-05, 0.000560805608984, -0.000201244198252, -0.00137443770654, 0.00742726773024, -0.00246837758459, -0.00108920910861, 0.00061121530598, -0.00133761111647, -0.000411740562413], [7.21675096429e-05, -0.000857912062202, -0.00010381944594, -0.000743911718018, -0.000571676238906, -0.000160988842254, -0.000321244762745, -0.00246837758459, 0.00859650410712, -0.00202262355015, -0.000752112013288, -0.000126318322145, 0.000627395871561], [-7.95777377789e-05, 0.000922832579818, -0.000175947585376, 0.000118936375657, -0.000538922904525, 0.000346705404809, -0.000490555365104, -0.00108920910861, -0.00202262355015, 0.00768380798399, -0.00386852701195, -0.000557319377549, 0.000868294446263], [0.000100658959127, -0.00121397478506, 0.00018588147941, -0.000728453334887, 0.000652316841297, -0.00027579194284, -0.000427802995546, 0.00061121530598, -0.000752112013288, -0.00386852701195, 0.0105426004156, -0.00430789217353, -0.000163724282174], [-5.43636597286e-05, 0.000877240556292, -0.000592571275774, 0.0010779449949, -8.13512524473e-05, 4.48059399787e-05, 0.000175927081727, -0.00133761111647, -0.000126318322145, -0.000557319377549, -0.00430789217353, 0.0106756165624, -0.00434004515409], [0.000127762774355, -0.000425513659138, 0.000690113985911, -0.000664333812892, -0.000149908897583, -0.000166788056958, -0.000650184112601, -0.000411740562413, 0.000627395871561, 0.000868294446263, -0.000163724282174, -0.00434004515409, 0.0108415409923]]}, "melbands": {"dmean": [0.00389017397538, 0.00165494589601, 0.00110123062041, 0.000537909916602, 0.000162543103215, 8.260562754e-05, 0.00010205617582, 9.00999875739e-05, 0.000115349816042, 4.32846209151e-05, 4.45283549197e-05, 6.39997742837e-05, 2.56089915638e-05, 2.49518488999e-05, 3.91056855733e-05, 2.30527530221e-05, 1.93630639842e-05, 1.66830068338e-05, 9.6118374131e-06, 8.71534030011e-06, 1.32103932629e-05, 9.27255950955e-06, 1.04691698652e-05, 5.84842018725e-06, 4.70788017992e-06, 5.74603927816e-06, 5.98329643253e-06, 6.08804202784e-06, 1.06771731225e-05, 4.9389727792e-06, 5.49672813577e-06, 6.0260704231e-06, 5.99043778493e-06, 7.80145910539e-06, 6.97258838045e-06, 9.29140151129e-06, 1.10232222141e-05, 6.0349807427e-06, 4.73793534184e-06, 3.64004813491e-06], "dmean2": [0.00396980438381, 0.00212059845217, 0.00185772986151, 0.000942176673561, 0.000244079827098, 0.000126168015413, 0.000153949804371, 0.000152202948811, 0.000212182203541, 7.71456980146e-05, 6.95148482919e-05, 8.28099364298e-05, 4.45084697276e-05, 4.3868614739e-05, 6.80658122292e-05, 3.8797101297e-05, 3.47061395587e-05, 2.7156474971e-05, 1.52780667122e-05, 1.51338863361e-05, 2.34891394939e-05, 1.61323823704e-05, 1.79876788025e-05, 9.62608282862e-06, 7.9182555055e-06, 9.44951898418e-06, 1.0031398233e-05, 1.01004334283e-05, 1.64032553585e-05, 7.72840212449e-06, 8.84937890078e-06, 1.00022598417e-05, 9.11583447305e-06, 1.15364900921e-05, 1.07344958451e-05, 1.50050291268e-05, 1.81278664968e-05, 8.86776615516e-06, 7.17670445738e-06, 5.46115416e-06], "dvar": [7.71743943915e-05, 2.00857612072e-05, 1.29576164909e-05, 2.74494232144e-06, 1.37214613005e-07, 2.16217959093e-08, 3.75368998107e-08, 5.60014257189e-08, 1.92346391259e-07, 2.07253396667e-08, 1.31604664944e-08, 1.20984736895e-07, 5.19124521148e-09, 5.63223512273e-09, 1.77860819406e-08, 5.18027398755e-09, 3.80195430694e-09, 2.26935159553e-09, 6.88554713246e-10, 5.68805780254e-10, 2.05390504604e-09, 5.97375093836e-10, 8.92276419417e-10, 2.09484998792e-10, 1.46097925424e-10, 2.43271125466e-10, 3.07235070718e-10, 2.38004810305e-10, 1.08880104932e-09, 1.36915048743e-10, 1.77788381239e-10, 2.37602937325e-10, 2.80540340958e-10, 5.5459686843e-10, 3.41014078087e-10, 1.06367814556e-09, 1.57202728612e-09, 3.31269262022e-10, 1.68402916612e-10, 1.07991234011e-10], "dvar2": [7.23322082194e-05, 3.42363855452e-05, 3.34044088959e-05, 7.76990054874e-06, 2.77090975942e-07, 5.20392013925e-08, 9.0317278989e-08, 1.52290098754e-07, 5.53051052066e-07, 5.85707233824e-08, 2.80029510691e-08, 1.44689039416e-07, 1.43155194365e-08, 1.56989177214e-08, 4.73287187219e-08, 1.2587140219e-08, 1.06941611122e-08, 5.72312064406e-09, 1.6639201128e-09, 1.56904778059e-09, 5.88314996719e-09, 1.65588187606e-09, 2.437272828e-09, 5.43592948432e-10, 3.85940140957e-10, 6.3479754786e-10, 8.43564051944e-10, 5.41170719348e-10, 2.49351272963e-09, 3.25848847904e-10, 4.53951570778e-10, 6.0765509291e-10, 6.22736306966e-10, 1.3001376642e-09, 7.69280250612e-10, 2.63053379079e-09, 3.93294286027e-09, 7.17442605325e-10, 3.85427412208e-10, 2.15002474158e-10], "max": [0.10078715533, 0.0417357310653, 0.0336735099554, 0.0198444779962, 0.0135640213266, 0.00305013312027, 0.00485151074827, 0.00399111257866, 0.00512111419812, 0.00157238193788, 0.00378741370514, 0.0204332824796, 0.00147213065065, 0.00092625443358, 0.00393334263936, 0.00312739727087, 0.00105787289795, 0.00162837095559, 0.00073719577631, 0.000517282867804, 0.00121086055879, 0.000299888226436, 0.000662881007884, 0.00029366085073, 0.000320152554195, 0.000430958229117, 0.000711551052518, 0.000144465622725, 0.000489364843816, 0.000221085108933, 0.000168585087522, 0.00020996137755, 0.000218498680624, 0.000264774309471, 0.000288134644506, 0.000581671018153, 0.000396595161874, 0.000212364975596, 0.000146634367411, 0.000104149781691], "mean": [0.0080904783681, 0.00306079769507, 0.000931936840061, 0.000582591979764, 0.000301120307995, 0.000170813436853, 0.000205124655622, 0.000110526838398, 9.3591894256e-05, 4.03867707064e-05, 7.14768320904e-05, 0.000148482737131, 2.88453702524e-05, 2.45392820943e-05, 3.95976312575e-05, 2.47474727075e-05, 1.68611604749e-05, 1.638908725e-05, 9.8330729088e-06, 8.52968241816e-06, 1.14265912998e-05, 8.50809192343e-06, 8.78753780853e-06, 5.57078647034e-06, 4.35529227616e-06, 5.18033994013e-06, 5.14045677846e-06, 5.79345032747e-06, 1.015284397e-05, 4.65118910142e-06, 4.78167339679e-06, 5.18258002558e-06, 5.93924960413e-06, 7.82887673267e-06, 6.42630766379e-06, 7.72375096858e-06, 8.7031894509e-06, 5.81014410272e-06, 4.47670618087e-06, 3.5842995203e-06], "median": [0.000542861875147, 0.000245060451562, 0.00011373389134, 0.000210959929973, 9.42353653954e-05, 7.09575542714e-05, 8.12038779259e-05, 2.69359370577e-05, 1.09770271592e-05, 8.46929378895e-06, 1.67298185261e-05, 1.11565223051e-05, 7.33701972422e-06, 4.65373977931e-06, 5.18213801115e-06, 3.58536772183e-06, 3.31008686771e-06, 2.10393727684e-06, 2.05795004149e-06, 2.3616830731e-06, 2.17804927161e-06, 1.75887248588e-06, 1.27813223116e-06, 1.0161247701e-06, 7.54139136916e-07, 6.67025005896e-07, 5.66247649658e-07, 4.18428442117e-07, 3.60618173545e-07, 2.63551442004e-07, 2.56374278251e-07, 2.44644780878e-07, 2.17316284079e-07, 1.89580049437e-07, 1.61602912385e-07, 1.5849818169e-07, 1.18956847928e-07, 9.7620052486e-08, 9.52739540594e-08, 9.59221964081e-08], "min": [8.92290351771e-24, 5.51471004608e-24, 3.51231601137e-24, 3.12725229593e-24, 9.6404876847e-24, 2.11599375216e-24, 6.8450793921e-24, 4.82134272559e-24, 2.07028419308e-23, 1.8949467618e-23, 1.66660702848e-23, 8.78259513938e-24, 8.05608422239e-24, 8.4862966168e-24, 1.22565531837e-23, 5.10945997173e-24, 4.96769930047e-24, 7.30128396447e-24, 1.24836078626e-23, 1.62341610506e-23, 1.45982765256e-23, 1.08631305799e-23, 1.51079201134e-23, 1.22214614952e-23, 6.23292332964e-24, 1.5928550025e-23, 1.00956580604e-23, 7.25325574598e-24, 7.90181221718e-24, 1.02994484424e-23, 6.38397836008e-24, 1.28716453864e-23, 9.88570115278e-24, 1.081138446e-23, 1.01031664385e-23, 1.14782630146e-23, 9.43223866091e-24, 9.45083763447e-24, 1.40534639409e-23, 7.8986015533e-24], "var": [0.000305869500153, 4.82191862829e-05, 9.76766477834e-06, 1.85851649803e-06, 4.20923129241e-07, 6.72520812373e-08, 1.04554146674e-07, 5.6682743832e-08, 1.20753853139e-07, 1.51341321697e-08, 3.52042341945e-08, 6.17155706095e-07, 5.26038146376e-09, 4.4687471501e-09, 2.0584074889e-08, 7.98237742572e-09, 2.85271251066e-09, 2.19529328049e-09, 7.09538039434e-10, 4.52807291662e-10, 1.36861311173e-09, 4.32186980648e-10, 6.32700059011e-10, 1.81016590606e-10, 1.20682491778e-10, 2.04673042403e-10, 2.18021309339e-10, 2.50468007446e-10, 1.18156717743e-09, 1.39709785407e-10, 1.56797269613e-10, 2.05414976695e-10, 3.19544363192e-10, 6.52576381821e-10, 3.62671809251e-10, 8.97527885346e-10, 1.28649457753e-09, 3.77736425472e-10, 1.81696394042e-10, 1.29282223815e-10]}, "mfcc": {"mean": [-728.738342285, 121.617782593, 10.0279788971, 15.6463737488, 3.77783536911, 0.985038101673, -3.02895975113, -1.27302730083, -5.63109922409, -5.55547761917, -6.26116514206, -1.74614572525, 0.0145679777488], "cov": [[15834.765625, -3095.10668945, 2336.00097656, 909.661376953, 589.10333252, 1144.95178223, 543.724487305, 711.097229004, 633.063171387, 677.192871094, 445.321228027, 453.942474365, 230.924438477], [-3095.10668945, 2971.55224609, -894.252929688, -174.111206055, -99.0481033325, -272.489135742, -38.3393135071, -106.942199707, -81.5003967285, -160.498443604, -75.4057159424, -149.820846558, -28.636013031], [2336.00097656, -894.252929688, 1665.43261719, 406.945556641, 324.829223633, 509.111724854, 384.580627441, 457.405090332, 341.517852783, 387.633972168, 349.685913086, 387.284698486, 304.315673828], [909.661376953, -174.111206055, 406.945556641, 677.450256348, 313.766387939, 127.351356506, 138.766891479, 114.407905579, 158.873336792, 157.988769531, 177.972885132, 161.011642456, 118.712417603], [589.10333252, -99.0481033325, 324.829223633, 313.766387939, 663.273254395, 285.48147583, 50.4101104736, 96.5657424927, 97.1975784302, 106.082672119, 116.233283997, 72.1791534424, 50.6778869629], [1144.95178223, -272.489135742, 509.111724854, 127.351356506, 285.48147583, 476.509552002, 221.387298584, 206.350357056, 167.422180176, 171.782562256, 161.445861816, 144.715591431, 125.557289124], [543.724487305, -38.3393135071, 384.580627441, 138.766891479, 50.4101104736, 221.387298584, 345.164306641, 196.324584961, 159.286651611, 145.78237915, 145.950714111, 152.419662476, 138.27784729], [711.097229004, -106.942199707, 457.405090332, 114.407905579, 96.5657424927, 206.350357056, 196.324584961, 320.965881348, 179.425384521, 157.799118042, 143.059280396, 134.484222412, 127.252830505], [633.063171387, -81.5003967285, 341.517852783, 158.873336792, 97.1975784302, 167.422180176, 159.286651611, 179.425384521, 263.473480225, 158.552474976, 151.554473877, 139.563827515, 105.283493042], [677.192871094, -160.498443604, 387.633972168, 157.988769531, 106.082672119, 171.782562256, 145.78237915, 157.799118042, 158.552474976, 244.802459717, 158.707366943, 142.408935547, 124.31703949], [445.321228027, -75.4057159424, 349.685913086, 177.972885132, 116.233283997, 161.445861816, 145.950714111, 143.059280396, 151.554473877, 158.707366943, 258.943939209, 203.244400024, 151.486679077], [453.942474365, -149.820846558, 387.284698486, 161.011642456, 72.1791534424, 144.715591431, 152.419662476, 134.484222412, 139.563827515, 142.408935547, 203.244400024, 291.869384766, 199.02456665], [230.924438477, -28.636013031, 304.315673828, 118.712417603, 50.6778869629, 125.557289124, 138.27784729, 127.252830505, 105.283493042, 124.31703949, 151.486679077, 199.02456665, 233.382293701]], "icov": [[0.000101594938315, 6.79525983287e-05, -4.51762316516e-05, -0.000101350058685, 7.20688840374e-05, -0.000186426259461, 5.60499429412e-05, -4.89812045998e-05, -5.26511321368e-05, -6.38385172351e-05, 5.98604456172e-05, -8.02429622127e-06, 0.000122161683976], [6.79525983287e-05, 0.000506934593432, 0.00029967262526, 2.5921543056e-05, -0.000132153101731, 0.00016454969591, -0.000260764616542, -0.000198684414499, -0.00014428596478, 8.4614221123e-05, -0.00019868358504, 0.00030187467928, -0.000314420962241], [-4.51762316516e-05, 0.00029967262526, 0.00168231572025, -0.000190931430552, -0.000149659259478, -0.000345074542565, -0.000225278694415, -0.00112364813685, 0.000132902947371, -0.000665800238494, 4.49474500783e-05, -0.000702347082552, -0.000186272285646], [-0.000101350058685, 2.5921543056e-05, -0.000190931430552, 0.0026672182139, -0.00140778638888, 0.0014134508092, -0.000850022071972, 0.000530714693014, -0.000591330754105, -0.000318027829053, -0.000668229884468, -9.93142093648e-05, -0.000290148775093], [7.20688840374e-05, -0.000132153101731, -0.000149659259478, -0.00140778638888, 0.00302088120952, -0.00234935968183, 0.0013988527935, -5.5258111388e-05, 0.000193123778445, 6.45120235276e-05, -0.000263839232503, 0.00024461268913, 0.000474152649986], [-0.000186426259461, 0.00016454969591, -0.000345074542565, 0.0014134508092, -0.00234935968183, 0.00584933022037, -0.00236802105792, -0.000330955634126, -0.000440599571448, -0.000417722185375, -0.000668066611979, 0.000433143955888, -0.000632057199255], [5.60499429412e-05, -0.000260764616542, -0.000225278694415, -0.000850022071972, 0.0013988527935, -0.00236802105792, 0.00634745787829, -0.00148892309517, -0.000653524475638, -0.000225420561037, 1.87199620996e-05, -0.00049003661843, -0.000519472989254], [-4.89812045998e-05, -0.000198684414499, -0.00112364813685, 0.000530714693014, -5.5258111388e-05, -0.000330955634126, -0.00148892309517, 0.00742104416713, -0.00234376802109, -0.000508305209223, -0.000378451193683, 0.0011089531472, -0.0011267963564], [-5.26511321368e-05, -0.00014428596478, 0.000132902947371, -0.000591330754105, 0.000193123778445, -0.000440599571448, -0.000653524475638, -0.00234376802109, 0.00847288779914, -0.00227902666666, -0.00123643211555, -0.00113856466487, 0.00118734349962], [-6.38385172351e-05, 8.4614221123e-05, -0.000665800238494, -0.000318027829053, 6.45120235276e-05, -0.000417722185375, -0.000225420561037, -0.000508305209223, -0.00227902666666, 0.00965771917254, -0.00251992442645, 0.000937603472266, -0.00155530835036], [5.98604456172e-05, -0.00019868358504, 4.49474500783e-05, -0.000668229884468, -0.000263839232503, -0.000668066611979, 1.87199620996e-05, -0.000378451193683, -0.00123643211555, -0.00251992442645, 0.0113528920338, -0.00533512188122, -0.000109640044684], [-8.02429622127e-06, 0.00030187467928, -0.000702347082552, -9.93142093648e-05, 0.00024461268913, 0.000433143955888, -0.00049003661843, 0.0011089531472, -0.00113856466487, 0.000937603472266, -0.00533512188122, 0.0124277705327, -0.00671016750857], [0.000122161683976, -0.000314420962241, -0.000186272285646, -0.000290148775093, 0.000474152649986, -0.000632057199255, -0.000519472989254, -0.0011267963564, 0.00118734349962, -0.00155530835036, -0.000109640044684, -0.00671016750857, 0.0117614185438]]}, "spectral_contrast_coeffs": {"dmean": [0.0497051477432, 0.0488867722452, 0.0420216396451, 0.0333528630435, 0.0257166177034, 0.0232763662934], "dmean2": [0.0776605084538, 0.0766426101327, 0.0677989423275, 0.0531876832247, 0.0410335771739, 0.0375794693828], "dvar": [0.00236176513135, 0.00200443062931, 0.0014453852782, 0.000883311964571, 0.000579390034545, 0.000600491766818], "dvar2": [0.00560489762574, 0.00450337352231, 0.0034978534095, 0.00202641193755, 0.00134086539038, 0.00145031162538], "max": [-0.158493191004, -0.370614230633, -0.372101932764, -0.419122457504, -0.565575003624, -0.491423726082], "mean": [-0.587685167789, -0.687636613846, -0.749898195267, -0.784198105335, -0.799446225166, -0.781325221062], "median": [-0.609369397163, -0.693621277809, -0.759255886078, -0.789638876915, -0.805065631866, -0.788885116577], "min": [-0.971676468849, -0.964529156685, -0.966511666775, -0.962475955486, -0.952649116516, -0.95591956377], "var": [0.0201322529465, 0.00805756263435, 0.00599551247433, 0.00349182891659, 0.00259779277258, 0.00253857509233]}, "spectral_contrast_valleys": {"dmean": [0.460319846869, 0.498222470284, 0.493467986584, 0.51552349329, 0.512554943562, 0.696417629719], "dmean2": [0.697580039501, 0.782405495644, 0.754274189472, 0.765786230564, 0.730729758739, 0.927155673504], "dvar": [0.206446558237, 0.281609296799, 0.315970957279, 0.41540107131, 0.423220902681, 0.681333303452], "dvar2": [0.468792617321, 0.604157567024, 0.663638293743, 0.893515050411, 0.891883134842, 1.34818100929], "max": [-5.02776575089, -4.53989124298, -5.00921058655, -5.04673719406, -5.2220697403, -6.816