{"lowlevel": {"average_loudness": 0.930874943733, "barkbands_crest": {"dmean": 2.8453681469, "dmean2": 4.62900972366, "dvar": 6.62160110474, "dvar2": 16.9528217316, "max": 25.8800544739, "mean": 11.4458370209, "median": 10.7876138687, "min": 2.32232761383, "var": 16.090927124}, "barkbands_flatness_db": {"dmean": 0.0317355804145, "dmean2": 0.0455642305315, "dvar": 0.0011838064529, "dvar2": 0.00213711895049, "max": 0.490799367428, "mean": 0.172798752785, "median": 0.155172407627, "min": 0.024964062497, "var": 0.00611741840839}, "barkbands_kurtosis": {"dmean": 5.94878721237, "dmean2": 9.36203384399, "dvar": 137.371307373, "dvar2": 327.805053711, "max": 240.290206909, "mean": 9.90964984894, "median": 4.0694270134, "min": -1.92208516598, "var": 316.972930908}, "barkbands_skewness": {"dmean": 0.801204323769, "dmean2": 1.20484089851, "dvar": 0.829450428486, "dvar2": 1.92026364803, "max": 11.4703063965, "mean": 2.26292443275, "median": 2.03234148026, "min": -10.5071411133, "var": 2.71286606789}, "barkbands_spread": {"dmean": 8.01605415344, "dmean2": 12.1550340652, "dvar": 124.550613403, "dvar2": 272.437347412, "max": 120.208831787, "mean": 21.4609107971, "median": 18.5701599121, "min": 0.446625828743, "var": 236.961196899}, "dissonance": {"dmean": 0.0183433629572, "dmean2": 0.0302378982306, "dvar": 0.000409740197938, "dvar2": 0.0010695848614, "max": 0.5, "mean": 0.457051128149, "median": 0.467712372541, "min": 0.210391417146, "var": 0.00138276943471}, "dynamic_complexity": 3.25898265839, "erbbands_crest": {"dmean": 3.14381718636, "dmean2": 4.55358409882, "dvar": 9.74192619324, "dvar2": 19.4720363617, "max": 34.3795280457, "mean": 13.1578207016, "median": 12.0535917282, "min": 2.39331483841, "var": 39.641910553}, "erbbands_flatness_db": {"dmean": 0.0261422023177, "dmean2": 0.033356834203, "dvar": 0.000805152987596, "dvar2": 0.00140043825377, "max": 0.444517999887, "mean": 0.148912742734, "median": 0.136660650373, "min": 0.038463845849, "var": 0.00409661699086}, "erbbands_kurtosis": {"dmean": 1.83142876625, "dmean2": 2.65174722672, "dvar": 16.1740245819, "dvar2": 33.1566581726, "max": 119.133903503, "mean": 2.08328318596, "median": 0.243530154228, "min": -1.91366922855, "var": 47.4949417114}, "erbbands_skewness": {"dmean": 0.466212242842, "dmean2": 0.677907705307, "dvar": 0.359782993793, "dvar2": 0.732533991337, "max": 7.43269872665, "mean": 0.299603670835, "median": 0.252812922001, "min": -5.15322494507, "var": 1.1816958189}, "erbbands_spread": {"dmean": 14.7570199966, "dmean2": 21.3567619324, "dvar": 315.865966797, "dvar2": 700.015686035, "max": 167.007064819, "mean": 47.5919113159, "median": 42.2899093628, "min": 0.679272413254, "var": 851.954040527}, "hfc": {"dmean": 14.8885440826, "dmean2": 22.600982666, "dvar": 716.123474121, "dvar2": 1681.54528809, "max": 198.073776245, "mean": 21.4855384827, "median": 12.0149803162, "min": 1.1022692529e-16, "var": 791.376647949}, "melbands_crest": {"dmean": 3.41196250916, "dmean2": 5.49221086502, "dvar": 8.8014125824, "dvar2": 22.1110725403, "max": 32.9615440369, "mean": 16.8457603455, "median": 16.4138946533, "min": 1.77262985706, "var": 26.5224971771}, "melbands_flatness_db": {"dmean": 0.0373981408775, "dmean2": 0.0544745884836, "dvar": 0.00168080930598, "dvar2": 0.00298383855261, "max": 0.594691336155, "mean": 0.264971077442, "median": 0.251659154892, "min": 0.00472290348262, "var": 0.00805902294815}, "melbands_kurtosis": {"dmean": 20.6450595856, "dmean2": 32.8847618103, "dvar": 1417.01086426, "dvar2": 3443.94995117, "max": 658.487365723, "mean": 35.3842544556, "median": 16.3167419434, "min": -1.92964279652, "var": 2954.45361328}, "melbands_skewness": {"dmean": 1.35710740089, "dmean2": 2.06013607979, "dvar": 2.65744137764, "dvar2": 6.25128221512, "max": 21.8064994812, "mean": 4.0927863121, "median": 3.4815659523, "min": -1.84768438339, "var": 7.91549491882}, "melbands_spread": {"dmean": 7.14983844757, "dmean2": 11.1187887192, "dvar": 198.972549438, "dvar2": 407.453979492, "max": 249.510848999, "mean": 17.365983963, "median": 13.3557128906, "min": 0.329623997211, "var": 345.248504639}, "pitch_salience": {"dmean": 0.0802238807082, "dmean2": 0.129023015499, "dvar": 0.00579940294847, "dvar2": 0.0145371342078, "max": 0.95161819458, "mean": 0.481269836426, "median": 0.483027487993, "min": 0.0745770782232, "var": 0.0137472236529}, "silence_rate_20dB": {"dmean": 0, "dmean2": 0, "dvar": 0, "dvar2": 0, "max": 1, "mean": 1, "median": 1, "min": 1, "var": 0}, "silence_rate_30dB": {"dmean": 0.0727641656995, "dmean2": 0.145549431443, "dvar": 0.0674639046192, "dvar2": 0.166121944785, "max": 1, "mean": 0.947101473808, "median": 1, "min": 0, "var": 0.0501014105976}, "silence_rate_60dB": {"dmean": 0.0205826926976, "dmean2": 0.0411713533103, "dvar": 0.020160721615, "dvar2": 0.0461445599794, "max": 1, "mean": 0.056811593473, "median": 0, "min": 0, "var": 0.0535873472691}, "spectral_centroid": {"dmean": 287.113861084, "dmean2": 440.537109375, "dvar": 194591.59375, "dvar2": 399285.40625, "max": 11164.7255859, "mean": 1057.09814453, "median": 946.279174805, "min": 120.801300049, "var": 506470.3125}, "spectral_complexity": {"dmean": 3.64342665672, "dmean2": 5.41606283188, "dvar": 38.0292663574, "dvar2": 75.6370620728, "max": 63, "mean": 11.4620294571, "median": 10, "min": 0, "var": 70.376335144}, "spectral_decrease": {"dmean": 5.14249087757e-09, "dmean2": 8.63652260819e-09, "dvar": 9.56229126092e-17, "dvar2": 2.5857589186e-16, "max": 1.04432048643e-17, "mean": -8.53550741198e-09, "median": -5.99046590111e-09, "min": -8.27535018288e-08, "var": 8.90737928274e-17}, "spectral_energy": {"dmean": 0.0204996336251, "dmean2": 0.0342057310045, "dvar": 0.00148321280722, "dvar2": 0.00398635398597, "max": 0.317482233047, "mean": 0.0341637544334, "median": 0.0240589939058, "min": 1.00800601031e-20, "var": 0.00139829900581}, "spectral_energyband_high": {"dmean": 0.00121992791537, "dmean2": 0.00185845675878, "dvar": 5.57249950361e-06, "dvar2": 1.2844986486e-05, "max": 0.0214799232781, "mean": 0.00127919123042, "median": 0.000364775652997, "min": 7.60256773457e-21, "var": 5.94049924985e-06}, "spectral_energyband_low": {"dmean": 0.0131844431162, "dmean2": 0.022800706327, "dvar": 0.0010675835656, "dvar2": 0.00292335846461, "max": 0.283429801464, "mean": 0.0183806046844, "median": 0.0103274229914, "min": 2.26659680474e-23, "var": 0.000876842765138}, "spectral_energyband_middle_high": {"dmean": 0.00164597621188, "dmean2": 0.0021789369639, "dvar": 8.17936415842e-06, "dvar2": 1.41469536175e-05, "max": 0.0633778497577, "mean": 0.00439080083743, "median": 0.00298592983745, "min": 1.17403848642e-21, "var": 2.50520351983e-05}, "spectral_energyband_middle_low": {"dmean": 0.00829118583351, "dmean2": 0.0133022880182, "dvar": 0.000336361088557, "dvar2": 0.000883609347511, "max": 0.165165454149, "mean": 0.0123435817659, "median": 0.0063908486627, "min": 2.33700005306e-22, "var": 0.00032961400575}, "spectral_entropy": {"dmean": 0.296605974436, "dmean2": 0.386588782072, "dvar": 0.121902659535, "dvar2": 0.184552043676, "max": 9.81896305084, "mean": 7.37303209305, "median": 7.52353954315, "min": 4.67252969742, "var": 0.516992092133}, "spectral_flux": {"dmean": 0.0423618964851, "dmean2": 0.0659481436014, "dvar": 0.0038314727135, "dvar2": 0.0075364257209, "max": 0.514427781105, "mean": 0.0863435864449, "median": 0.0616484805942, "min": 6.57456866726e-11, "var": 0.00581164099276}, "spectral_kurtosis": {"dmean": 1.88125491142, "dmean2": 2.85617351532, "dvar": 9.52286529541, "dvar2": 23.583562851, "max": 68.3167495728, "mean": 4.78663730621, "median": 3.33740782738, "min": -1.24491655827, "var": 27.904510498}, "spectral_rms": {"dmean": 0.00141208583955, "dmean2": 0.00220045796596, "dvar": 4.12115241488e-06, "dvar2": 1.04286018541e-05, "max": 0.0175993964076, "mean": 0.00513480324298, "median": 0.00484481081367, "min": 3.13595351943e-12, "var": 6.96428787705e-06}, "spectral_rolloff": {"dmean": 555.446350098, "dmean2": 959.285644531, "dvar": 2024955.375, "dvar2": 4419480, "max": 20176.6113281, "mean": 1085.36132812, "median": 796.728515625, "min": 64.599609375, "var": 3014742.75}, "spectral_skewness": {"dmean": 0.266823232174, "dmean2": 0.390539109707, "dvar": 0.0965817421675, "dvar2": 0.199200227857, "max": 6.1310338974, "mean": 1.66534292698, "median": 1.54626643658, "min": -0.0163000002503, "var": 0.371555447578}, "spectral_spread": {"dmean": 1214895.75, "dmean2": 1584530.125, "dvar": 1947583381500.0, "dvar2": 3381769011200.0, "max": 41939196, "mean": 6128114.5, "median": 5965624.5, "min": 1001826.25, "var": 6926139129860.0}, "spectral_strongpeak": {"dmean": 0.470943599939, "dmean2": 0.80178040266, "dvar": 0.946547269821, "dvar2": 2.32027721405, "max": 14.2884130478, "mean": 0.809484481812, "median": 0.461044192314, "min": 0, "var": 1.26653969288}, "zerocrossingrate": {"dmean": 0.0154748847708, "dmean2": 0.0181784611195, "dvar": 0.000427499850048, "dvar2": 0.000549928634427, "max": 0.51611328125, "mean": 0.0566318519413, "median": 0.04931640625, "min": 0.00439453125, "var": 0.00176251877565}, "barkbands": {"dmean": [0.000166740777786, 0.00900380313396, 0.00440859049559, 0.0030240311753, 0.00537618808448, 0.000306334637571, 9.15828204597e-05, 5.40773435205e-05, 0.000161912146723, 0.000438748771558, 0.000626603548881, 0.000171572566614, 0.000381926336559, 0.000125991573441, 0.000161829113495, 9.31750546442e-05, 9.86071536317e-05, 7.53229396651e-05, 9.17938232305e-05, 6.66959313094e-05, 0.000157637186931, 0.000150657549966, 0.000241349000135, 0.000104641127109, 0.000188355712453, 0.000364311679732, 5.43288442714e-05], "dmean2": [0.000264778733253, 0.0154328839853, 0.00772648770362, 0.00499874260277, 0.00860685482621, 0.000489470548928, 0.000158319700859, 8.36050603539e-05, 0.000260883534793, 0.000620402861387, 0.000779260531999, 0.000243232090725, 0.000499619054608, 0.000186762452358, 0.000252538768109, 0.000147665123222, 0.000155170346261, 0.000120058160974, 0.000150585983647, 0.000110406122985, 0.000233265105635, 0.000238758482737, 0.000365512649296, 0.000163760851137, 0.000294582074275, 0.000598622020334, 8.98922953638e-05], "dvar": [1.71740438759e-07, 0.000643648440018, 8.0450612586e-05, 3.40482692991e-05, 0.000157270507771, 2.84460185185e-07, 5.49174572484e-08, 1.50816283906e-08, 1.76660236662e-07, 9.15813473057e-07, 3.55905490323e-06, 2.08556102166e-07, 2.97217229672e-06, 8.63414655328e-08, 2.23176172653e-07, 3.76556492654e-08, 3.65491814591e-08, 2.54591654425e-08, 4.58268694103e-08, 2.23659473164e-08, 1.66044145544e-07, 8.98800180948e-08, 3.79825308983e-07, 3.75122013452e-08, 1.40971863516e-07, 7.41568385365e-07, 1.42499132494e-08], "dvar2": [4.29360085263e-07, 0.00176483753603, 0.000230212084716, 8.60916916281e-05, 0.000420085823862, 7.2876463264e-07, 1.54426331278e-07, 3.54863480823e-08, 4.20745692509e-07, 1.79003495759e-06, 5.92364267504e-06, 3.49983508841e-07, 4.29259353041e-06, 1.85778873174e-07, 4.93662810186e-07, 8.81699051547e-08, 8.16521250613e-08, 6.21489917307e-08, 1.17450838388e-07, 5.79535814893e-08, 3.21820294857e-07, 2.26305090223e-07, 8.99914823549e-07, 8.85488660174e-08, 3.43114038515e-07, 1.84260750302e-06, 3.63500554101e-08], "max": [0.00531759113073, 0.240461930633, 0.102516397834, 0.0602742396295, 0.111754201353, 0.0106161888689, 0.0023955500219, 0.00256615923718, 0.0135357789695, 0.0227717868984, 0.0475672483444, 0.0147949093953, 0.0615763105452, 0.0137973995879, 0.0227749943733, 0.00397270964459, 0.0052338540554, 0.00228547514416, 0.00386816379614, 0.00139607826713, 0.0123359411955, 0.00304054375738, 0.00800532568246, 0.00218977523036, 0.00316414632834, 0.0070449449122, 0.0010569782462], "mean": [0.000257572042756, 0.0106323650107, 0.00556753296405, 0.00413522357121, 0.00630320934579, 0.000685471284669, 0.000126122293295, 8.3269966126e-05, 0.000303814362269, 0.0014071612386, 0.00127622811124, 0.000321339466609, 0.00056771421805, 0.000248912256211, 0.000307061651256, 0.000157649323228, 0.000209191421163, 0.000114407805086, 0.000144063902553, 8.70114745339e-05, 0.000214565399801, 0.000158146547619, 0.000228761622566, 0.000112299210741, 0.000174682660145, 0.000296084064757, 4.39223695139e-05], "median": [5.06683136337e-05, 0.00402098149061, 0.00275258906186, 0.00172267539892, 0.00230480078608, 0.000426771788625, 5.1655464631e-05, 2.94010369544e-05, 7.33336200938e-05, 0.000255873019341, 0.000145244179294, 5.16809886904e-05, 2.75791189779e-05, 6.56813353999e-05, 9.47084772633e-05, 5.30822071596e-05, 8.06238531368e-05, 4.3037092837e-05, 6.26664623269e-05, 3.55296433554e-05, 8.01243877504e-05, 5.04380477651e-05, 3.45955704688e-05, 3.84806880902e-05, 3.81975551136e-05, 3.48236353602e-05, 6.72902297083e-06], "min": [1.98705522606e-24, 4.30483802005e-24, 3.484621866e-24, 4.19984773331e-24, 2.84576680621e-23, 1.82552826432e-23, 1.61709654035e-23, 1.62971673711e-23, 1.4503012105e-23, 3.79306348227e-23, 3.3217582189e-23, 7.26961325017e-23, 3.34476014072e-23, 3.3615401588e-23, 6.6293396607e-23, 7.96753679459e-23, 5.11843152903e-23, 9.85111070649e-23, 1.30835370543e-22, 1.90843956494e-22, 2.63656726814e-22, 3.5944266655e-22, 4.81541800154e-22, 6.73245047055e-22, 9.62338410742e-22, 1.43600775772e-21, 2.01565336027e-21], "var": [2.52266659118e-07, 0.000498192734085, 7.8523546108e-05, 4.09134008805e-05, 0.000139958152431, 6.94057348483e-07, 4.99201853188e-08, 2.99425231276e-08, 6.39227607735e-07, 6.19275988356e-06, 9.03807722352e-06, 7.41278654459e-07, 8.54761037772e-06, 3.00554944488e-07, 5.38047572718e-07, 1.00685639381e-07, 2.26772812084e-07, 4.105242013e-08, 6.35676471461e-08, 2.48506211165e-08, 3.55650684014e-07, 8.27657942182e-08, 3.66762975545e-07, 3.84600973291e-08, 1.32508276351e-07, 6.24611004696e-07, 1.14714309163e-08]}, "erbbands": {"dmean": [0.230839625001, 2.14063811302, 5.16042137146, 6.81214380264, 24.377122879, 9.7476234436, 3.64080524445, 1.95054244995, 1.65091705322, 0.768545269966, 1.51882588863, 3.41205024719, 11.5290880203, 14.2644405365, 21.9221820831, 9.78040504456, 18.983215332, 7.61993122101, 6.81098461151, 7.85909938812, 4.99689769745, 4.33261013031, 4.32948970795, 5.53245353699, 3.17784047127, 3.27603292465, 5.28207206726, 6.42787122726, 5.34663105011, 4.32725524902, 7.93981122971, 3.39705634117, 1.56207787991, 1.59878182411, 1.86946153641, 2.28743672371, 0.36986669898, 0.0972094759345, 0.00756826205179, 0.000448337814305], "dmean2": [0.382694065571, 3.76446223259, 9.03914356232, 11.6222305298, 38.4121589661, 16.4809169769, 5.86819028854, 3.22197246552, 2.79305195808, 1.33929085732, 2.29722452164, 5.30141448975, 17.6008968353, 18.2319259644, 27.4942684174, 13.1050443649, 24.4654941559, 11.2133703232, 10.5505399704, 12.2934923172, 7.79999446869, 6.88650846481, 6.960085392, 9.09079170227, 5.09275102615, 5.3881611824, 7.66335201263, 9.8258972168, 8.3150434494, 6.96268558502, 12.1663265228, 5.20141077042, 2.41459655762, 2.44380402565, 2.97486233711, 3.75877261162, 0.60299628973, 0.163967117667, 0.0122810155153, 0.000717412272934], "dvar": [0.400182723999, 37.5611114502, 132.670776367, 125.879852295, 3209.69677734, 537.013916016, 43.9818229675, 11.9682979584, 13.0453653336, 4.15085363388, 11.5453271866, 76.3909378052, 786.06036377, 1081.36535645, 3742.12670898, 622.87322998, 7836.00585938, 310.946136475, 655.89642334, 278.295806885, 96.0515365601, 75.0715560913, 77.4686203003, 191.266571045, 52.993396759, 54.2054519653, 229.261383057, 196.611846924, 99.5084762573, 84.896812439, 463.413726807, 55.9774894714, 8.36346435547, 9.49271869659, 14.9137401581, 32.6032142639, 0.665848314762, 0.0676817446947, 0.000264085043455, 8.31853242289e-07], "dvar2": [1.027384758, 105.344657898, 377.259490967, 331.565338135, 8425.4140625, 1494.84204102, 115.423240662, 30.3506469727, 36.3224945068, 11.6372756958, 25.782037735, 160.371841431, 1818.80773926, 1800.42553711, 6251.17285156, 953.767333984, 11371.1240234, 667.541503906, 1429.09631348, 649.283691406, 221.20640564, 181.533447266, 183.12411499, 502.131378174, 118.907424927, 138.750076294, 394.962646484, 465.178497314, 240.176620483, 220.621398926, 1100.46289062, 125.233093262, 20.1438388824, 22.3542079926, 36.5628166199, 81.3652954102, 1.64013457298, 0.181176051497, 0.000660887511913, 2.0588024654e-06], "max": [5.97294330597, 55.9078102112, 126.59413147, 109.141601562, 541.378356934, 187.298736572, 128.985198975, 59.7170028687, 44.346862793, 25.7731075287, 73.0762176514, 350.701141357, 781.719787598, 833.413024902, 1466.2878418, 745.682128906, 3139.37817383, 807.094482422, 1375.20849609, 284.214996338, 158.166229248, 168.503738403, 136.066329956, 203.897155762, 250.951248169, 81.6470794678, 532.627502441, 207.101104736, 86.6698455811, 104.108444214, 272.946014404, 79.3092498779, 29.3287086487, 29.6140327454, 26.5089130402, 50.4453964233, 7.08164262772, 2.89622664452, 0.171838954091, 0.00775890750811], "mean": [0.260842382908, 2.53445005417, 6.70234203339, 10.5176935196, 27.9299888611, 11.4325418472, 7.09427785873, 4.06188058853, 2.82567095757, 0.968073606491, 2.83516550064, 8.14781284332, 34.9440841675, 39.4972114563, 46.0987014771, 20.0730113983, 29.1869163513, 14.732831955, 13.0444660187, 15.1177692413, 10.3612880707, 8.60311222076, 6.91535758972, 7.95155858994, 5.52537488937, 4.53140735626, 7.86769008636, 7.79795980453, 5.73790836334, 4.20428371429, 7.32099962234, 3.59721279144, 1.61075842381, 1.59401810169, 1.656452775, 1.85161995888, 0.314280360937, 0.0737420767546, 0.00643901526928, 0.000411246728618], "median": [0.0861503481865, 0.964027404785, 3.0018901825, 5.49966239929, 9.04799079895, 5.28970956802, 3.76088023186, 2.45493769646, 1.28289031982, 0.397748112679, 1.0760422945, 2.23585176468, 7.33715343475, 9.52559757233, 8.70672798157, 3.62656068802, 2.16004037857, 3.9958691597, 4.48251914978, 4.77443552017, 4.02355480194, 3.96067523956, 3.03729987144, 3.12375068665, 2.60165071487, 1.95778369904, 2.9554977417, 2.84526062012, 1.8676431179, 1.07553076744, 0.984301447868, 0.883136868477, 0.538917839527, 0.376255631447, 0.316452026367, 0.188436418772, 0.0523672476411, 0.010505313985, 0.00110253063031, 9.57165466389e-05], "min": [1.86289187224e-22, 9.13405204708e-22, 3.79487362143e-21, 1.04839173047e-20, 7.99986468304e-20, 6.88315340775e-20, 1.47718017187e-19, 2.11584696906e-19, 1.91388953004e-19, 5.61641935745e-19, 3.85379156389e-19, 3.44344535658e-19, 6.45061497858e-19, 1.36879159428e-18, 1.64144903914e-18, 2.34960404842e-18, 1.83937609233e-18, 1.3038534701e-18, 3.38393674254e-18, 2.19818098587e-18, 4.85917903703e-18, 3.84426688933e-18, 6.22210881591e-18, 7.92855843136e-18, 8.87638085472e-18, 9.31742776707e-18, 1.05337505357e-17, 1.28915130665e-17, 1.22157180866e-17, 1.36764818252e-17, 1.38058082053e-17, 1.24782015201e-17, 1.24906530699e-17, 9.4185059292e-18, 7.444795085e-18, 4.66695342961e-18, 2.41319686673e-18, 1.09094845077e-18, 2.67986950476e-19, 3.12533166165e-20], "var": [0.358302563429, 27.4093170166, 128.117095947, 179.073272705, 2957.56640625, 417.249664307, 89.3593597412, 26.2848434448, 17.7811908722, 3.48477506638, 32.7170448303, 447.159118652, 5776.51513672, 4544.05615234, 9874.64550781, 2311.86181641, 22112.5449219, 1010.64349365, 1593.80029297, 723.531799316, 318.12890625, 267.062286377, 139.407821655, 245.768447876, 118.504417419, 65.8071746826, 595.90045166, 241.845901489, 101.324882507, 71.606048584, 437.963012695, 59.1212730408, 8.54435253143, 9.82361221313, 13.4473018646, 27.1559677124, 0.571272492409, 0.0473637916148, 0.00022421227186, 7.48241347992e-07]}, "gfcc": {"mean": [-24.8106117249, 72.3156814575, -77.1567230225, 38.1757125854, -30.8982334137, 25.5089263916, -27.3316764832, -1.43175446987, -36.4705085754, -9.70895195007, -29.962644577, 3.97257804871, -4.68348789215], "cov": [[16562.8535156, -2800.57421875, -93.1754455566, -363.848846436, -622.09197998, 915.916625977, -138.122451782, 787.594238281, -409.30557251, 302.721221924, -39.358959198, 411.599029541, -199.999328613], [-2800.57421875, 2291.48779297, -542.910705566, -23.9025840759, 117.433448792, -332.485748291, 172.179031372, -179.801269531, 168.366104126, -104.195617676, 49.2933502197, -142.469833374, 224.102005005], [-93.1754455566, -542.910705566, 723.839172363, 190.048843384, 65.7848358154, 169.61479187, -43.5166511536, 46.8223381042, 36.0847091675, 64.2316436768, -16.0402488708, 78.6094665527, -58.1487083435], [-363.848846436, -23.9025840759, 190.048843384, 399.377532959, 194.392028809, 17.5457954407, -87.7647094727, -58.4417724609, 56.9773635864, 7.23294496536, 0.964249312878, -12.138010025, -32.6141319275], [-622.09197998, 117.433448792, 65.7848358154, 194.392028809, 372.069000244, 58.8308525085, -66.9229431152, -82.8941574097, 67.9137191772, -8.65661334991, 11.8904294968, -18.6874542236, -19.9718570709], [915.916625977, -332.485748291, 169.61479187, 17.5457954407, 58.8308525085, 357.505157471, 56.3001403809, 80.0567779541, -41.8175125122, 16.8117771149, 13.594537735, 87.4701461792, -14.2928791046], [-138.122451782, 172.179031372, -43.5166511536, -87.7647094727, -66.9229431152, 56.3001403809, 220.724212646, 80.586151123, -31.3461475372, -47.2500495911, 24.7519016266, 39.4576759338, 62.5315437317], [787.594238281, -179.801269531, 46.8223381042, -58.4417724609, -82.8941574097, 80.0567779541, 80.586151123, 250.458816528, 15.0589828491, 8.25779914856, 4.77056026459, 87.6612625122, 37.7064170837], [-409.30557251, 168.366104126, 36.0847091675, 56.9773635864, 67.9137191772, -41.8175125122, -31.3461475372, 15.0589828491, 177.879562378, 54.2221832275, -18.7562866211, -20.8660068512, 29.3586025238], [302.721221924, -104.195617676, 64.2316436768, 7.23294496536, -8.65661334991, 16.8117771149, -47.2500495911, 8.25779914856, 54.2221832275, 164.453781128, 54.8240432739, -3.12036991119, -45.1069259644], [-39.358959198, 49.2933502197, -16.0402488708, 0.964249312878, 11.8904294968, 13.594537735, 24.7519016266, 4.77056026459, -18.7562866211, 54.8240432739, 134.519790649, 33.9492416382, -32.7517318726], [411.599029541, -142.469833374, 78.6094665527, -12.138010025, -18.6874542236, 87.4701461792, 39.4576759338, 87.6612625122, -20.8660068512, -3.12036991119, 33.9492416382, 165.557327271, 39.4415512085], [-199.999328613, 224.102005005, -58.1487083435, -32.6141319275, -19.9718570709, -14.2928791046, 62.5315437317, 37.7064170837, 29.3586025238, -45.1069259644, -32.7517318726, 39.4415512085, 132.891571045]], "icov": [[0.000122103010654, 5.84095469094e-05, 0.000195695596631, -5.60054140806e-05, 0.000135231603053, -0.000271664030151, 0.000219141351408, -0.000309554918204, 0.000235901417909, -0.000281111802906, 0.000219706795178, -0.000118266514619, 7.46864025132e-05], [5.84095469094e-05, 0.00106418645009, 0.000494329608046, -0.000103588477941, -0.000174002809217, 0.000327487272443, -0.00073297705967, 0.000591870048083, -0.000858314684592, 0.000316794263199, -0.000986304017715, 0.000646574189886, -0.00146760500502], [0.000195695596631, 0.000494329608046, 0.00258377380669, -0.00113038928248, 0.000369167857571, -0.000918966135941, -0.000197223795112, -0.000198850975721, -0.000406695122365, -0.000985746388324, 0.00113707233686, -0.00118675339036, 0.000807640550192], [-5.60054140806e-05, -0.000103588477941, -0.00113038928248, 0.00409922376275, -0.0016749742208, 0.000322923908243, 0.000881750544067, 0.000248988741077, -0.000583063578233, 0.000862092187162, -0.000673478061799, 0.000247183721513, 8.13455772004e-05], [0.000135231603053, -0.000174002809217, 0.000369167857571, -0.0016749742208, 0.0050244666636, -0.0020747333765, 0.00137699511833, 0.000891588220838, -0.00201744865626, 0.00160628755111, -0.00113387079909, -5.70619195059e-05, 0.000606868823525], [-0.000271664030151, 0.000327487272443, -0.000918966135941, 0.000322923908243, -0.0020747333765, 0.00532315950841, -0.0024060420692, 6.01935826126e-05, 0.000902130675968, -0.000760140072089, 0.000514371087775, -0.00111595599446, 9.2493086413e-05], [0.000219141351408, -0.00073297705967, -0.000197223795112, 0.000881750544067, 0.00137699511833, -0.0024060420692, 0.00896818004549, -0.00272840261459, 0.0012904338073, 0.00201997393742, -0.00259629101492, 0.00100715819281, -0.00233989581466], [-0.000309554918204, 0.000591870048083, -0.000198850975721, 0.000248988741077, 0.000891588220838, 6.01935826126e-05, -0.00272840261459, 0.00763040827587, -0.00322646601126, 0.000931015354581, -0.00070574862184, -0.00198663212359, -0.00078611751087], [0.000235901417909, -0.000858314684592, -0.000406695122365, -0.000583063578233, -0.00201744865626, 0.000902130675968, 0.0012904338073, -0.00322646601126, 0.0114093795419, -0.00604906771332, 0.00364116160199, 0.000643129576929, -0.00228379573673], [-0.000281111802906, 0.000316794263199, -0.000985746388324, 0.000862092187162, 0.00160628755111, -0.000760140072089, 0.00201997393742, 0.000931015354581, -0.00604906771332, 0.0124722514302, -0.00687862327322, 0.00172518973704, 0.00113043154124], [0.000219706795178, -0.000986304017715, 0.00113707233686, -0.000673478061799, -0.00113387079909, 0.000514371087775, -0.00259629101492, -0.00070574862184, 0.00364116160199, -0.00687862327322, 0.014618719928, -0.0054191313684, 0.00570502970368], [-0.000118266514619, 0.000646574189886, -0.00118675339036, 0.000247183721513, -5.70619195059e-05, -0.00111595599446, 0.00100715819281, -0.00198663212359, 0.000643129576929, 0.00172518973704, -0.0054191313684, 0.011541351676, -0.0060832798481], [7.46864025132e-05, -0.00146760500502, 0.000807640550192, 8.13455772004e-05, 0.000606868823525, 9.2493086413e-05, -0.00233989581466, -0.00078611751087, -0.00228379573673, 0.00113043154124, 0.00570502970368, -0.0060832798481, 0.0160105787218]]}, "melbands": {"dmean": [0.00230723037384, 0.00273249321617, 0.00171121873427, 0.00136963860132, 0.000131122287712, 4.60349947389e-05, 2.37879921769e-05, 8.06793286756e-06, 1.38190616781e-05, 2.36727119045e-05, 5.81184431212e-05, 5.61077140446e-05, 9.16345306905e-05, 2.34644267039e-05, 3.71049827663e-05, 3.03090619127e-05, 1.36077060233e-05, 1.02655703813e-05, 1.02635931398e-05, 9.39107758313e-06, 6.18034800937e-06, 5.20716002939e-06, 4.02982823289e-06, 3.89395654565e-06, 4.99578254676e-06, 2.31819285545e-06, 2.12786630982e-06, 2.28590056395e-06, 2.78539505416e-06, 4.41487873104e-06, 3.89742535845e-06, 3.10368545797e-06, 2.80909216599e-06, 2.0753464014e-06, 4.28873636338e-06, 4.49279968961e-06, 1.43080706039e-06, 1.07713447051e-06, 1.01599880509e-06, 1.49071729538e-06], "dmean2": [0.00389606459066, 0.00480955792591, 0.00282688857988, 0.00221112393774, 0.000216971006012, 7.52402629587e-05, 4.03793965233e-05, 1.38913983392e-05, 2.06640852412e-05, 3.7474448618e-05, 8.89526854735e-05, 7.20562675269e-05, 0.000113386486191, 3.30043367285e-05, 4.78166803077e-05, 4.09955137002e-05, 2.03007857635e-05, 1.59558876476e-05, 1.60764629982e-05, 1.47575046867e-05, 9.68828317127e-06, 8.19751039671e-06, 6.75046294418e-06, 6.12021176494e-06, 8.32544264995e-06, 3.7352531308e-06, 3.49312358594e-06, 3.78919162358e-06, 4.18385252487e-06, 6.52518656352e-06, 6.1498217292e-06, 4.81293773191e-06, 4.62836396764e-06, 3.35263621309e-06, 6.74132434142e-06, 6.69092469252e-06, 2.24601444643e-06, 1.69106976955e-06, 1.57969304837e-06, 2.27888608606e-06], "dvar": [4.19500101998e-05, 4.57208734588e-05, 1.00116112662e-05, 1.0606799151e-05, 5.96808718001e-08, 6.47772768758e-09, 2.80447554069e-09, 4.43891839952e-10, 1.06371722541e-09, 3.41120554026e-09, 1.944457928e-08, 1.78011898555e-08, 7.79898883252e-08, 3.30487259781e-09, 2.37044535112e-08, 1.41075151561e-08, 1.0295574393e-09, 1.39207123606e-09, 6.72827460413e-10, 3.69379138387e-10, 1.54484508519e-10, 1.24719665151e-10, 5.24388865664e-11, 7.49651729581e-11, 1.62766647382e-10, 2.40024632114e-11, 2.1618786622e-11, 2.84080415441e-11, 3.81778011982e-11, 2.3760315937e-10, 7.10570005613e-11, 3.35178655664e-11, 4.20436949145e-11, 1.7704573918e-11, 1.27584984244e-10, 1.57770949083e-10, 8.35162581453e-12, 4.2268944421e-12, 3.94545550744e-12, 8.52340160257e-12], "dvar2": [0.0001124155242, 0.000129855339765, 2.57775918726e-05, 2.85189526039e-05, 1.61331470849e-07, 1.65330984458e-08, 7.81655895565e-09, 1.23766286109e-09, 2.25437202239e-09, 7.87143861203e-09, 4.49802364244e-08, 2.91231838645e-08, 1.28471626226e-07, 5.80070835809e-09, 3.32386669299e-08, 2.15231672485e-08, 2.28504792865e-09, 3.04885983127e-09, 1.53792134583e-09, 8.81465400671e-10, 3.48970990993e-10, 2.92970619986e-10, 1.35716882177e-10, 1.75124525992e-10, 4.28617530357e-10, 5.7394089481e-11, 5.15915088428e-11, 7.20623422046e-11, 7.77144321118e-11, 4.12112621806e-10, 1.76496608995e-10, 7.97420185439e-11, 1.11512493683e-10, 4.5175595903e-11, 3.11535824915e-10, 3.53633927697e-10, 2.03895355461e-11, 1.03985700259e-11, 9.6084754736e-12, 2.00682439416e-11], "max": [0.0621076002717, 0.0601767301559, 0.0298350378871, 0.0290272105485, 0.00416239770129, 0.00144683313556, 0.000584596768022, 0.00026886415435, 0.00123043241911, 0.00188791879918, 0.00385469105095, 0.00371608021669, 0.00704947393388, 0.00173413066659, 0.00546933151782, 0.00409391196445, 0.00136532157194, 0.00199674163014, 0.000921331171412, 0.000455182860605, 0.00026302083279, 0.000277285813354, 0.000147523373016, 0.00013501320791, 0.000187703102711, 0.000133931811433, 0.000132738918182, 7.21243486623e-05, 0.000166032419656, 0.000545055198018, 0.000117537980259, 5.39642423973e-05, 8.2189704699e-05, 3.68979235645e-05, 0.000148239370901, 0.000161476433277, 3.31593910232e-05, 2.15277668758e-05, 2.32437214436e-05, 2.91408177873e-05], "mean": [0.00266376254149, 0.00353942951187, 0.00240793661214, 0.00155545235611, 0.000236339445109, 0.000100531113276, 3.89294291381e-05, 1.00250163086e-05, 2.82848941424e-05, 5.36332699994e-05, 0.00017395397299, 0.000153315544594, 0.00018808466848, 4.63036340079e-05, 6.31325310678e-05, 4.32992128481e-05, 2.71694370895e-05, 1.93027826754e-05, 1.84800501302e-05, 1.83032934729e-05, 1.25074393509e-05, 1.06280576802e-05, 6.12848498349e-06, 5.9248859543e-06, 6.74609691487e-06, 3.92869014831e-06, 3.27613656737e-06, 2.89686636279e-06, 4.05553055316e-06, 5.97992493567e-06, 4.32596198152e-06, 3.37484834745e-06, 2.67192899628e-06, 2.03228023565e-06, 3.83701262763e-06, 4.36259142589e-06, 1.54376425598e-06, 1.07845323782e-06, 1.02196997886e-06, 1.46770355514e-06], "median": [0.000958567892667, 0.00175868638325, 0.00122656894382, 0.000536382955033, 0.000136502814712, 6.35004544165e-05, 1.68610567925e-05, 3.61530692317e-06, 9.50735284277e-06, 1.35045647767e-05, 3.42689345416e-05, 3.06914589601e-05, 2.23421957344e-05, 7.75227999839e-06, 4.72389729111e-06, 3.03396700474e-06, 6.59505712974e-06, 5.99988106842e-06, 5.92855121795e-06, 5.5345653891e-06, 4.11677183365e-06, 4.08743699154e-06, 3.02677744912e-06, 1.99057649297e-06, 2.38616939896e-06, 1.94952281163e-06, 1.38138739203e-06, 1.05197318589e-06, 1.64465654962e-06, 1.80471420208e-06, 1.49655193127e-06, 1.09281768346e-06, 7.10622316547e-07, 5.01342867665e-07, 5.26928033651e-07, 5.60639989544e-07, 4.54887185697e-07, 3.51935881326e-07, 2.89478748527e-07, 3.04005254748e-07], "min": [2.41775257271e-24, 1.78947515158e-24, 4.69907362402e-24, 6.22449395644e-24, 6.42495810638e-24, 4.68468440667e-24, 3.18232050636e-24, 5.51596196834e-24, 3.23793145308e-24, 1.86960350082e-24, 3.29232972339e-24, 5.06527192812e-24, 5.6300450603e-24, 6.21206269187e-24, 5.05023545041e-24, 3.47485931786e-24, 1.89229902906e-24, 5.09724367175e-24, 4.08989117275e-24, 2.92874511268e-24, 5.21233098364e-24, 3.25124446694e-24, 5.04996960428e-24, 3.50108618195e-24, 5.37090464736e-24, 4.3353464267e-24, 6.82509596764e-24, 5.13019123631e-24, 6.55174580322e-24, 5.7987717583e-24, 7.63331788606e-24, 5.85971560197e-24, 4.54198025778e-24, 8.08525945411e-24, 7.86186982297e-24, 8.17669474391e-24, 6.97889702289e-24, 8.39987217147e-24, 9.82431515258e-24, 6.54209842878e-24], "var": [3.39652870025e-05, 3.76027892344e-05, 1.08993735921e-05, 9.13882558962e-06, 9.08666706323e-08, 1.48948240408e-08, 3.60977181479e-09, 4.03044347896e-10, 4.77021000478e-09, 1.5375125173e-08, 1.41290797728e-07, 7.96853072416e-08, 1.99010912638e-07, 1.19798775344e-08, 7.12527850055e-08, 3.84895209038e-08, 3.67356300934e-09, 3.30973670692e-09, 1.42364120492e-09, 1.22760024368e-09, 6.83786582911e-10, 6.26407647975e-10, 8.57735896198e-11, 1.30355323757e-10, 2.08433312276e-10, 4.56482629474e-11, 3.91025094248e-11, 3.60901725172e-11, 8.02269223277e-11, 5.99041982685e-10, 6.59012150406e-11, 3.52659151881e-11, 3.2674626893e-11, 1.5939933401e-11, 1.14310748367e-10, 1.63034863387e-10, 8.1277337291e-12, 4.14686210717e-12, 3.87504611732e-12, 8.92648108208e-12]}, "mfcc": {"mean": [-682.537231445, 110.429603577, 19.9482746124, 30.6894836426, 19.2941589355, 26.6752891541, 13.6095972061, 13.6913871765, 8.5867729187, -6.5834274292, -13.4689655304, -12.6919317245, -11.0008907318], "cov": [[10109.9814453, -806.580383301, -122.515190125, -478.809936523, -551.62286377, -248.181304932, 141.32989502, 170.873825073, -5.7946267128, 96.706993103, 6.22113370895, 109.599617004, 155.56803894], [-806.580383301, 1418.03552246, -312.000762939, 65.4604949951, -45.038860321, -34.6093940735, 3.09680294991, 5.0680475235, 119.244232178, 12.4374895096, -58.6301383972, -111.589134216, -14.7655420303], [-122.515190125, -312.000762939, 538.257446289, 42.1088752747, 93.0521850586, 89.9733505249, -3.82578659058, 48.2617721558, -8.24460220337, 32.8973579407, 34.6300773621, 47.2281608582, -18.4209918976], [-478.809936523, 65.4604949951, 42.1088752747, 312.957611084, 160.998199463, 52.1159667969, -45.9896011353, -21.7967262268, 16.7104530334, -6.09384012222, 23.3790283203, 5.16344213486, -28.2656230927], [-551.62286377, -45.038860321, 93.0521850586, 160.998199463, 381.035125732, 189.178237915, -54.7828788757, -30.1848487854, -1.88737332821, -5.78504133224, 46.9299316406, 41.164100647, 13.2665128708], [-248.181304932, -34.6093940735, 89.9733505249, 52.1159667969, 189.178237915, 284.717285156, 42.738155365, 15.1698493958, -5.08627796173, -22.3881225586, 7.55598688126, 37.8073501587, 27.8181838989], [141.32989502, 3.09680294991, -3.82578659058, -45.9896011353, -54.7828788757, 42.738155365, 203.060150146, 98.4860610962, -19.8268966675, -41.1414756775, -21.7790431976, 20.2786064148, 33.6259880066], [170.873825073, 5.0680475235, 48.2617721558, -21.7967262268, -30.1848487854, 15.1698493958, 98.4860610962, 225.67868042, 82.3138885498, -30.0015029907, -61.7666549683, 4.66081523895, 40.8461494446], [-5.7946267128, 119.244232178, -8.24460220337, 16.7104530334, -1.88737332821, -5.08627796173, -19.8268966675, 82.3138885498, 189.386856079, 30.4874973297, -42.6746253967, -50.9327926636, -21.5162315369], [96.706993103, 12.4374895096, 32.8973579407, -6.09384012222, -5.78504133224, -22.3881225586, -41.1414756775, -30.0015029907, 30.4874973297, 141.112304688, 57.0415992737, -11.9413175583, -34.570350647], [6.22113370895, -58.6301383972, 34.6300773621, 23.3790283203, 46.9299316406, 7.55598688126, -21.7790431976, -61.7666549683, -42.6746253967, 57.0415992737, 135.615402222, 44.3602142334, -21.6626281738], [109.599617004, -111.589134216, 47.2281608582, 5.16344213486, 41.164100647, 37.8073501587, 20.2786064148, 4.66081523895, -50.9327926636, -11.9413175583, 44.3602142334, 142.538345337, 75.5624771118], [155.56803894, -14.7655420303, -18.4209918976, -28.2656230927, 13.2665128708, 27.8181838989, 33.6259880066, 40.8461494446, -21.5162315369, -34.570350647, -21.6626281738, 75.5624771118, 172.303344727]], "icov": [[0.000122016033856, 8.1020349171e-05, 6.24507301836e-05, 7.72377607063e-05, 0.000145918427734, -3.20387994179e-06, -3.06278536755e-07, -7.96715467004e-05, -3.11703770421e-05, -0.000114443238999, -4.34047396993e-05, -5.53867903363e-05, -8.36672406876e-05], [8.1020349171e-05, 0.000959784723818, 0.000528480275534, -0.000266541814199, 0.000193429164938, -0.000101322460978, -0.000178521411726, 7.12613109499e-05, -0.000462069700006, -0.000260723609244, 3.56877826562e-05, 0.000460859388113, -0.000266346993158], [6.24507301836e-05, 0.000528480275534, 0.00255528581329, -0.000206040262128, -4.85079326609e-05, -0.000672829919495, 0.000439968222054, -0.00114077387843, 0.0003822267754, -0.000893007032573, 9.34114905249e-06, -0.000595184974372, 0.000655969954096], [7.72377607063e-05, -0.000266541814199, -0.000206040262128, 0.00448587210849, -0.00193364359438, 0.000549250689801, 0.000282567256363, 2.57258689089e-05, -0.000416613271227, 0.000682991871145, -0.000272263801889, -0.000460224808194, 0.000872852338944], [0.000145918427734, 0.000193429164938, -4.85079326609e-05, -0.00193364359438, 0.00596200302243, -0.00356493680738, 0.00199957145378, -0.000298207683954, -0.0001997918298, 0.000531931524165, -0.00164829089772, -4.3443073082e-05, -0.000746988225728], [-3.20387994179e-06, -0.000101322460978, -0.000672829919495, 0.000549250689801, -0.00356493680738, 0.00637370999902, -0.00243037007749, 0.000832097197417, -0.000517111970112, 0.000232179168961, 0.000800737238023, -0.000557786901481, -0.000137826820719], [-3.06278536755e-07, -0.000178521411726, 0.000439968222054, 0.000282567256363, 0.00199957145378, -0.00243037007749, 0.00852534547448, -0.00441820733249, 0.00244808685966, 0.00110755127389, -0.0011014760239, -4.43582684966e-05, 0.000109289903776], [-7.96715467004e-05, 7.12613109499e-05, -0.00114077387843, 2.57258689089e-05, -0.000298207683954, 0.000832097197417, -0.00441820733249, 0.00916826725006, -0.00455359416083, 0.000834459264297, 0.00216890242882, -0.000912830408197, -0.0011904721614], [-3.11703770421e-05, -0.000462069700006, 0.0003822267754, -0.000416613271227, -0.0001997918298, -0.000517111970112, 0.00244808685966, -0.00455359416083, 0.00924468506128, -0.00282181310467, 0.00188596954104, 0.00161282264162, 0.000779732887167], [-0.000114443238999, -0.000260723609244, -0.000893007032573, 0.000682991871145, 0.000531931524165, 0.000232179168961, 0.00110755127389, 0.000834459264297, -0.00282181310467, 0.01098889485, -0.00553482677788, 0.00128466566093, 0.00019831424288], [-4.34047396993e-05, 3.56877826562e-05, 9.34114905249e-06, -0.000272263801889, -0.00164829089772, 0.000800737238023, -0.0011014760239, 0.00216890242882, 0.00188596954104, -0.00553482677788, 0.0138424290344, -0.00518344156444, 0.00283552100882], [-5.53867903363e-05, 0.000460859388113, -0.000595184974372, -0.000460224808194, -4.3443073082e-05, -0.000557786901481, -4.43582684966e-05, -0.000912830408197, 0.00161282264162, 0.00128466566093, -0.00518344156444, 0.0131413321942, -0.00568675203249], [-8.36672406876e-05, -0.000266346993158, 0.000655969954096, 0.000872852338944, -0.000746988225728, -0.000137826820719, 0.000109289903776, -0.0011904721614, 0.000779732887167, 0.00019831424288, 0.00283552100882, -0.00568675203249, 0.00939793884754]]}, "spectral_contrast_coeffs": {"dmean": [0.056540992111, 0.043924856931, 0.0375374741852, 0.0302719417959, 0.0195372104645, 0.022772140801], "dmean2": [0.0905715897679, 0.0722034350038, 0.0580536685884, 0.0473861806095, 0.0305406078696, 0.0365657918155], "dvar": [0.0024888580665, 0.00150186661631, 0.00120157410856, 0.000813069171272, 0.000338731042575, 0.000527943077032], "dvar2": [0.0059769670479, 0.00389812258072, 0.00276016397402, 0.00178705214057, 0.000688721542247, 0.00129897415172], "max": [-0.289929807186, -0.462391972542, -0.455101370811, -0.530326008797, -0.593938827515, -0.548909068108], "mean": [-0.618569850922, -0.714813888073, -0.723373472691, -0.77719438076, -0.809056699276, -0.763233840466], "median": [-0.626130282879, -0.714334905148, -0.722363710403, -0.789254844189, -0.816431641579, -0.767540931702], "min": [-0.974223554134, -0.980431377888, -0.987731575966, -0.987583339214, -0.987732052803, -0.964434683323], "var": [0.0074676037766, 0.00512603763491, 0.0101065365598, 0.0047847405076, 0.00227851327509, 0.00158356630709]}, "spectral_contrast_valleys": {"dmean": [0.43115657568, 0.468129992485, 0.406691223383, 0.404615402222, 0.378505647182, 0.580594062805], "dmean2": [0.699786901474, 0.735337615013, 0.622927010059, 0.58994358778, 0.51031768322, 0.670393109322], "dvar": [0.201535701752, 0.298286467791, 0.247672483325, 0.263197034597, 0.270046025515, 0.394587874413], "dvar2": [0.430736362934, 0.590551316738, 0.44724971056, 0.44691708684, 0.447833359241, 0.616259753704], "max": [-4.89871406555, -5.3787612915, -5.4