{"lowlevel": {"average_loudness": 0.789788722992, "barkbands_crest": {"dmean": 1.86824405193, "dmean2": 2.76988244057, "dvar": 3.86859369278, "dvar2": 8.7690820694, "max": 26.5048332214, "mean": 13.5065517426, "median": 12.7487611771, "min": 4.00213384628, "var": 27.0326747894}, "barkbands_flatness_db": {"dmean": 0.0229302160442, "dmean2": 0.0318339169025, "dvar": 0.000619617640041, "dvar2": 0.00113969075028, "max": 0.498950481415, "mean": 0.288626462221, "median": 0.283231973648, "min": 0.0676455646753, "var": 0.0051148510538}, "barkbands_kurtosis": {"dmean": 2.62887859344, "dmean2": 3.9698331356, "dvar": 23.0803375244, "dvar2": 45.9904289246, "max": 134.400421143, "mean": 7.01300859451, "median": 3.69098591805, "min": -1.63910472393, "var": 131.487854004}, "barkbands_skewness": {"dmean": 0.505521357059, "dmean2": 0.747842371464, "dvar": 0.341077804565, "dvar2": 0.733113229275, "max": 7.64411211014, "mean": 1.00491917133, "median": 1.04352140427, "min": -2.74926257133, "var": 1.27949535847}, "barkbands_spread": {"dmean": 1.29156160355, "dmean2": 1.89382588863, "dvar": 7.52090978622, "dvar2": 18.3129520416, "max": 82.6929779053, "mean": 5.72043418884, "median": 5.1316614151, "min": 0.208602532744, "var": 17.4670085907}, "dissonance": {"dmean": 0.0413305833936, "dmean2": 0.0689079165459, "dvar": 0.00164494803175, "dvar2": 0.00448295613751, "max": 0.497975945473, "mean": 0.36440217495, "median": 0.372182250023, "min": 0.0955100059509, "var": 0.00479146884754}, "dynamic_complexity": 5.95474863052, "erbbands_crest": {"dmean": 2.44796299934, "dmean2": 3.62278842926, "dvar": 6.74344062805, "dvar2": 14.929063797, "max": 33.8391304016, "mean": 14.7273359299, "median": 13.4505748749, "min": 3.07040309906, "var": 38.6198768616}, "erbbands_flatness_db": {"dmean": 0.0205571018159, "dmean2": 0.0288416426629, "dvar": 0.000562589149922, "dvar2": 0.00108767126221, "max": 0.513971090317, "mean": 0.328446894884, "median": 0.316550135612, "min": 0.0397380180657, "var": 0.00568113243207}, "erbbands_kurtosis": {"dmean": 1.61177301407, "dmean2": 2.30105924606, "dvar": 7.53587913513, "dvar2": 14.1428508759, "max": 65.5948257446, "mean": 4.23420906067, "median": 1.69461369514, "min": -1.59137272835, "var": 55.3205184937}, "erbbands_skewness": {"dmean": 0.33990958333, "dmean2": 0.48913231492, "dvar": 0.144583404064, "dvar2": 0.280766844749, "max": 5.27132034302, "mean": 1.15394461155, "median": 0.937100887299, "min": -1.31491434574, "var": 1.07028484344}, "erbbands_spread": {"dmean": 2.12621617317, "dmean2": 2.99822735786, "dvar": 10.1663961411, "dvar2": 21.5038375854, "max": 79.9924163818, "mean": 11.4258508682, "median": 10.6404571533, "min": 0.669938862324, "var": 49.222858429}, "hfc": {"dmean": 3.03808403015, "dmean2": 4.41778326035, "dvar": 24.1371669769, "dvar2": 53.4222412109, "max": 55.1157875061, "mean": 12.2006072998, "median": 10.495923996, "min": 1.12860403663e-16, "var": 114.008773804}, "melbands_crest": {"dmean": 2.29834866524, "dmean2": 3.43086600304, "dvar": 6.49313020706, "dvar2": 14.8095598221, "max": 34.3868865967, "mean": 16.2773342133, "median": 15.0704994202, "min": 2.91911172867, "var": 41.3327102661}, "melbands_flatness_db": {"dmean": 0.0243830010295, "dmean2": 0.0330787114799, "dvar": 0.000810801517218, "dvar2": 0.00145978969522, "max": 0.591302633286, "mean": 0.364338606596, "median": 0.358126223087, "min": 0.00675467494875, "var": 0.00592342438176}, "melbands_kurtosis": {"dmean": 2.90408587456, "dmean2": 4.45906591415, "dvar": 20.124704361, "dvar2": 43.2807655334, "max": 97.1212081909, "mean": 7.24868822098, "median": 4.49837207794, "min": -1.47597789764, "var": 80.8076324463}, "melbands_skewness": {"dmean": 0.489711493254, "dmean2": 0.738313317299, "dvar": 0.322770744562, "dvar2": 0.734699904919, "max": 6.85177659988, "mean": 1.12285971642, "median": 1.16039657593, "min": -2.60211586952, "var": 1.40384733677}, "melbands_spread": {"dmean": 1.97095835209, "dmean2": 2.84129595757, "dvar": 15.6354236603, "dvar2": 21.0556964874, "max": 128.003326416, "mean": 8.30415534973, "median": 7.5621509552, "min": 0.448580205441, "var": 37.4817314148}, "pitch_salience": {"dmean": 0.0549519322813, "dmean2": 0.0839396491647, "dvar": 0.00374910491519, "dvar2": 0.00852402113378, "max": 0.935516655445, "mean": 0.502846121788, "median": 0.511601626873, "min": 0.118610665202, "var": 0.0167163051665}, "silence_rate_20dB": {"dmean": 0, "dmean2": 0, "dvar": 0, "dvar2": 0, "max": 1, "mean": 1, "median": 1, "min": 1, "var": 0}, "silence_rate_30dB": {"dmean": 0, "dmean2": 0, "dvar": 0, "dvar2": 0, "max": 1, "mean": 1, "median": 1, "min": 1, "var": 0}, "silence_rate_60dB": {"dmean": 0.038203407079, "dmean2": 0.0764462798834, "dvar": 0.0367427058518, "dvar2": 0.0829989910126, "max": 1, "mean": 0.220846235752, "median": 0, "min": 0, "var": 0.172070041299}, "spectral_centroid": {"dmean": 60.1630744934, "dmean2": 83.0245361328, "dvar": 46829.9414062, "dvar2": 38182.5273438, "max": 10939.5371094, "mean": 621.001953125, "median": 597.894042969, "min": 312.022888184, "var": 90387.0703125}, "spectral_complexity": {"dmean": 1.56840479374, "dmean2": 2.44834709167, "dvar": 3.35941696167, "dvar2": 6.81136751175, "max": 31, "mean": 10.5082559586, "median": 11, "min": 0, "var": 44.9258956909}, "spectral_decrease": {"dmean": 1.27413690709e-09, "dmean2": 1.85877091496e-09, "dvar": 3.67836589131e-18, "dvar2": 8.76028440138e-18, "max": 7.31043585538e-23, "mean": -6.4207945627e-09, "median": -5.68038860393e-09, "min": -2.93775794802e-08, "var": 3.09550804465e-17}, "spectral_energy": {"dmean": 0.00504989502952, "dmean2": 0.00736454175785, "dvar": 5.75387675781e-05, "dvar2": 0.000135772133945, "max": 0.113185629249, "mean": 0.025340154767, "median": 0.0223849155009, "min": 1.08797127265e-20, "var": 0.000479290320072}, "spectral_energyband_high": {"dmean": 4.10708416894e-05, "dmean2": 6.64998806315e-05, "dvar": 3.31336416082e-08, "dvar2": 8.56489705825e-08, "max": 0.00255344924517, "mean": 4.06572871725e-05, "median": 3.53044538315e-06, "min": 7.7157137639e-21, "var": 2.68534883219e-08}, "spectral_energyband_low": {"dmean": 0.00118701951578, "dmean2": 0.00203061080538, "dvar": 1.4658490727e-05, "dvar2": 4.74740409118e-05, "max": 0.0692965239286, "mean": 0.00325891003013, "median": 0.000323171261698, "min": 8.89308899311e-23, "var": 4.46471494797e-05}, "spectral_energyband_middle_high": {"dmean": 0.0016107467236, "dmean2": 0.0023659109138, "dvar": 8.3720906332e-06, "dvar2": 1.88538379007e-05, "max": 0.0427614785731, "mean": 0.00361302285455, "median": 0.00215301150456, "min": 1.79062691217e-21, "var": 1.99904206966e-05}, "spectral_energyband_middle_low": {"dmean": 0.00399212120101, "dmean2": 0.00549081619829, "dvar": 3.51168528141e-05, "dvar2": 7.24918281776e-05, "max": 0.0905977860093, "mean": 0.0190148018301, "median": 0.0160678401589, "min": 2.77460025607e-22, "var": 0.000294832047075}, "spectral_entropy": {"dmean": 0.2124158144, "dmean2": 0.307673335075, "dvar": 0.0726162865758, "dvar2": 0.14767511189, "max": 9.78961181641, "mean": 5.9625620842, "median": 6.05914592743, "min": 3.63536524773, "var": 0.493677645922}, "spectral_flux": {"dmean": 0.0174126513302, "dmean2": 0.0275895167142, "dvar": 0.000537159328815, "dvar2": 0.00116003036965, "max": 0.232766970992, "mean": 0.0452225506306, "median": 0.0383429415524, "min": 1.04305862558e-10, "var": 0.00140992226079}, "spectral_kurtosis": {"dmean": 16.1643199921, "dmean2": 27.1074848175, "dvar": 270.222473145, "dvar2": 669.295410156, "max": 194.375854492, "mean": 40.6752586365, "median": 29.3705749512, "min": -1.17201089859, "var": 1115.95019531}, "spectral_rms": {"dmean": 0.000472104147775, "dmean2": 0.000660913123284, "dvar": 3.83941454629e-07, "dvar2": 8.02010845291e-07, "max": 0.0105083305389, "mean": 0.00429334165528, "median": 0.00467321369797, "min": 3.25796768036e-12, "var": 6.28932593827e-06}, "spectral_rolloff": {"dmean": 102.985649109, "dmean2": 162.143783569, "dvar": 314724.84375, "dvar2": 277033, "max": 20865.6738281, "mean": 759.124816895, "median": 689.0625, "min": 279.931640625, "var": 451891.25}, "spectral_skewness": {"dmean": 1.00306069851, "dmean2": 1.70533359051, "dvar": 0.872472941875, "dvar2": 2.31845116615, "max": 11.2661066055, "mean": 4.27108860016, "median": 3.79146909714, "min": 0.00637223012745, "var": 3.75466895103}, "spectral_spread": {"dmean": 375082.03125, "dmean2": 595435, "dvar": 722229985280, "dvar2": 676335452160, "max": 40921632, "mean": 1660952, "median": 1592322, "min": 382554.125, "var": 1300650786820.0}, "spectral_strongpeak": {"dmean": 0.392285972834, "dmean2": 0.59761685133, "dvar": 0.350563377142, "dvar2": 0.743798077106, "max": 6.23091506958, "mean": 1.37524878979, "median": 1.15985393524, "min": 0, "var": 1.09668552876}, "zerocrossingrate": {"dmean": 0.0029241417069, "dmean2": 0.00357736623846, "dvar": 0.000169779974385, "dvar2": 0.000167608101037, "max": 0.49462890625, "mean": 0.0285458080471, "median": 0.02783203125, "min": 0.0068359375, "var": 0.00028033205308}, "barkbands": {"dmean": [4.62317575511e-06, 0.000532204110641, 0.000670317094773, 0.000406836363254, 0.00144579075277, 0.000954443297815, 0.00113845488522, 0.000922035658732, 0.00120500265621, 0.00103517773096, 0.000589214148931, 0.000230153207667, 0.00010076657054, 0.000134993751999, 8.6915169959e-05, 3.58390207111e-05, 3.02866192214e-05, 1.51011299749e-05, 2.08225046663e-05, 2.02680093935e-05, 6.52693597658e-06, 1.2771173715e-05, 4.93741163154e-06, 1.14371994187e-06, 5.89313629007e-07, 3.1453330962e-07, 6.98738915617e-08], "dmean2": [8.30447061162e-06, 0.000911179289687, 0.00116826384328, 0.000635586853605, 0.00196455186233, 0.00136153097264, 0.00147735408973, 0.001275534858, 0.00171683786903, 0.00137152778916, 0.000898562371731, 0.000408550753491, 0.000155386442202, 0.000193071973627, 0.000128141808091, 5.5922431784e-05, 4.68862599519e-05, 2.21723657887e-05, 3.17421217915e-05, 3.12125157507e-05, 1.11380131784e-05, 2.1729083528e-05, 8.30366298032e-06, 1.91562253349e-06, 1.01818773146e-06, 5.56900715765e-07, 1.24334988527e-07], "dvar": [1.14300374721e-10, 3.03056458506e-06, 5.72980206925e-06, 8.61960188558e-07, 7.61502906244e-06, 4.26821543442e-06, 3.6689884837e-06, 8.16549072624e-06, 8.04311366664e-06, 4.46683134214e-06, 1.951884542e-06, 7.83824987138e-07, 3.37999566113e-08, 1.07484545708e-07, 2.01612522233e-07, 7.35076577385e-09, 3.78824172031e-09, 1.53038282047e-09, 3.23709947736e-09, 5.15452702743e-09, 1.02564312598e-09, 5.5803663912e-09, 7.72096331314e-10, 2.0293039818e-11, 9.09729062915e-12, 2.62537040718e-12, 5.40712392666e-14], "dvar2": [3.34817673586e-10, 9.96582639345e-06, 1.90799546544e-05, 2.01262673727e-06, 1.535226329e-05, 8.67578182806e-06, 6.25183838565e-06, 1.59053124662e-05, 1.67465241248e-05, 7.79617403168e-06, 4.43271528638e-06, 2.23360757445e-06, 7.70777290882e-08, 2.15495674638e-07, 4.56594477782e-07, 1.97942089386e-08, 8.8981852997e-09, 3.39766770274e-09, 7.21518533808e-09, 1.31557591487e-08, 2.80995449131e-09, 1.43906211392e-08, 2.05717687329e-09, 5.27036782272e-11, 2.50394652929e-11, 7.38387909843e-12, 1.59424665309e-13], "max": [0.000215236999793, 0.0234292820096, 0.0456072762609, 0.0104065043852, 0.0487054213881, 0.0667413324118, 0.0342278108001, 0.0720307901502, 0.0510045811534, 0.0377112738788, 0.0233433544636, 0.0109724672511, 0.00310022872873, 0.00670124869794, 0.0167849175632, 0.00186095538083, 0.00094681920018, 0.000749685510527, 0.000719765026588, 0.000907877343707, 0.000623997591902, 0.0011165792821, 0.000398254924221, 5.18372071383e-05, 5.92562209931e-05, 2.53798425547e-05, 3.24464213008e-06], "mean": [4.44639090347e-06, 0.00118984386791, 0.00180296017788, 0.00069659325527, 0.00580897880718, 0.00287934136577, 0.0036658809986, 0.00239254417829, 0.0029158021789, 0.00188027287368, 0.00100474758074, 0.000264161033556, 0.000177586160135, 0.000233794300584, 0.000188553822227, 7.1817987191e-05, 5.83413457207e-05, 2.73899677268e-05, 2.99891598843e-05, 2.47948410106e-05, 6.31347120361e-06, 1.02799222077e-05, 4.08679943575e-06, 9.75965235739e-07, 4.29997015772e-07, 2.18490043835e-07, 5.10599171832e-08], "median": [1.75694162863e-06, 0.000103002515971, 8.47882838571e-05, 6.99233351042e-05, 0.00217844126746, 0.000487994984724, 0.00132704316638, 0.000607750727795, 0.000905195483938, 0.0006496575661, 0.000280646956526, 6.71435554978e-05, 7.16055656085e-05, 7.89575278759e-05, 8.30486533232e-05, 2.54647166003e-05, 1.81699069799e-05, 6.60377008899e-06, 7.4168538049e-06, 1.93237815438e-06, 7.30385977477e-07, 4.12888994106e-07, 1.63891030525e-07, 5.06969541902e-08, 1.26189654281e-08, 6.00140293017e-09, 1.94413773968e-09], "min": [7.45167950719e-24, 4.90090818312e-23, 3.23646752446e-23, 1.68512285611e-23, 6.56783122928e-23, 2.76071971202e-23, 5.70035181516e-23, 5.59948048675e-23, 5.19562630177e-23, 2.17941063531e-23, 7.72063658412e-23, 2.54069782274e-22, 1.87456411062e-22, 1.12645878899e-22, 2.37098771496e-22, 1.85786815356e-22, 2.12426761721e-22, 9.74557941895e-23, 3.13225994551e-22, 2.14431023778e-22, 6.87137026435e-22, 6.29287344523e-22, 9.1567025787e-22, 7.3635987695e-22, 1.25592280374e-21, 1.46006889885e-21, 2.2078456252e-21], "var": [8.87523526893e-11, 8.23979644338e-06, 1.81237901415e-05, 2.02577189157e-06, 6.4592124545e-05, 2.76426017081e-05, 2.65811067948e-05, 2.83955323539e-05, 2.5878460292e-05, 1.12199304567e-05, 3.48258390659e-06, 5.47488696157e-07, 7.89665577372e-08, 2.40373566385e-07, 2.62819611407e-07, 1.38231310842e-08, 9.56551016174e-09, 3.26176552434e-09, 4.44571801594e-09, 5.28534860322e-09, 7.06695701957e-10, 4.1395824546e-09, 5.61550250744e-10, 1.62186687691e-11, 6.00041674334e-12, 1.65607512512e-12, 3.76088591693e-14]}, "erbbands": {"dmean": [0.00381912337616, 0.159357488155, 0.774653971195, 0.915935575962, 2.52232265472, 6.01745653152, 5.35050010681, 10.1195840836, 17.1461753845, 21.5797462463, 13.9449005127, 32.5408477783, 26.6763591766, 21.5336265564, 25.8319740295, 6.33461666107, 4.83236551285, 6.22749185562, 5.70436811447, 3.29612922668, 1.35406446457, 1.51023733616, 0.821065962315, 1.27016925812, 0.705912053585, 0.725332856178, 0.539576947689, 0.519283652306, 0.474266558886, 0.170970231295, 0.0896178483963, 0.0306203067303, 0.0145103037357, 0.00817448180169, 0.00417123921216, 0.0017935532378, 0.000376237090677, 6.51084992569e-05, 1.3747752746e-05, 6.06387175139e-06], "dmean2": [0.00667095789686, 0.272938251495, 1.33373868465, 1.52258074284, 3.56699061394, 8.03320789337, 7.95655679703, 14.2592124939, 21.7417526245, 30.169008255, 20.0571060181, 45.2770347595, 34.230430603, 32.7080116272, 40.6838531494, 10.8118667603, 7.39423465729, 8.99681568146, 8.08915710449, 5.19191026688, 2.11592650414, 2.32564091682, 1.22167730331, 1.91907322407, 1.05409801006, 1.08134484291, 0.860272586346, 0.896495878696, 0.810618937016, 0.285243660212, 0.149257421494, 0.0501675009727, 0.0246888957918, 0.0140399383381, 0.00746195623651, 0.00323415664025, 0.000648829969577, 0.000114444315841, 2.33624832617e-05, 8.73614499142e-06], "dvar": [9.14372503757e-05, 0.280553966761, 7.46998167038, 4.64223861694, 33.9444236755, 137.232208252, 106.57623291, 548.820678711, 900.488098145, 2360.37011719, 2270.14501953, 5470.88427734, 3717.49853516, 2025.32763672, 4475.83007812, 393.173828125, 77.27759552, 249.430999756, 832.010437012, 55.8367881775, 8.62550258636, 10.6239318848, 3.57969284058, 14.2944946289, 5.71650075912, 5.16265726089, 5.73494100571, 5.7418012619, 7.0002989769, 0.788767576218, 0.221033558249, 0.0155310165137, 0.00304101291113, 0.00150242284872, 0.000597124511842, 9.33182382141e-05, 2.33535411098e-06, 4.47005277238e-08, 1.6040234696e-09, 8.39520813978e-11], "dvar2": [0.000278270803392, 0.921572804451, 24.7064647675, 12.541759491, 79.1107711792, 268.915008545, 241.438949585, 1037.99926758, 1469.18017578, 4694.42041016, 4792.73193359, 10659.3232422, 6047.79394531, 4931.13916016, 11091.3261719, 1085.35571289, 170.814743042, 503.488800049, 1923.54187012, 141.460708618, 21.5751533508, 25.1822319031, 7.6536564827, 32.6377296448, 12.3008451462, 12.4734020233, 15.0681943893, 15.4205780029, 18.0935878754, 2.07985162735, 0.585619270802, 0.0402730405331, 0.00782850943506, 0.00402344437316, 0.00170238374267, 0.000264708913164, 6.33627860225e-06, 1.21999931935e-07, 4.7420991578e-09, 1.96771182681e-10], "max": [0.16446569562, 6.95254135132, 51.0194244385, 34.2760620117, 112.184776306, 228.037490845, 174.56086731, 844.787719727, 600.50604248, 1063.95166016, 1979.4276123, 1410.53027344, 1132.36828613, 594.353515625, 781.015075684, 227.956039429, 158.118759155, 351.709136963, 1062.88305664, 157.918945312, 59.8887481689, 66.5366973877, 29.5537967682, 49.7277832031, 51.2098236084, 32.2726097107, 32.5789146423, 38.2542495728, 39.2309951782, 12.7407073975, 6.6639213562, 1.50885629654, 0.678612828255, 0.68240916729, 0.497007846832, 0.145877465606, 0.0277596283704, 0.00306195043959, 0.00058047962375, 0.000128847110318], "mean": [0.00830207206309, 0.374935686588, 2.14632129669, 1.92427253723, 7.28651618958, 23.5084323883, 20.0900535583, 31.5539512634, 53.0546264648, 63.4938621521, 37.272895813, 80.1841506958, 53.0153007507, 39.3058280945, 41.7993431091, 10.0073919296, 8.94009876251, 11.1621274948, 12.1908130646, 6.77785158157, 3.24341440201, 2.98289179802, 1.61807835102, 1.90379202366, 1.07987928391, 0.98808580637, 0.578608632088, 0.425395578146, 0.383390545845, 0.148538202047, 0.076187171042, 0.0272017978132, 0.0125979799777, 0.00618127873167, 0.00296231149696, 0.00122723996174, 0.00028551169089, 5.14312632731e-05, 2.11903679883e-05, 2.91636260954e-05], "median": [0.00149037945084, 0.0294234864414, 0.116737544537, 0.344888925552, 1.00086987019, 8.34360694885, 8.0573348999, 7.89812850952, 16.1033172607, 37.0055656433, 17.5146503448, 26.3700065613, 18.8563575745, 19.0093173981, 14.221288681, 4.09547710419, 3.91005325317, 4.17099761963, 5.45569896698, 2.85026311874, 1.21465301514, 0.973654508591, 0.501164376736, 0.487588584423, 0.24239140749, 0.101278029382, 0.0619878396392, 0.0280041657388, 0.0183259509504, 0.00789409410208, 0.00365456030704, 0.00158005673438, 0.000729215098545, 0.000225043477258, 9.69278626144e-05, 4.59365328425e-05, 1.98180787265e-05, 4.13086036133e-06, 1.24403713926e-05, 2.55044469668e-05], "min": [8.67544845403e-22, 1.28883398983e-20, 3.63775906513e-20, 4.04078149285e-20, 7.46275627803e-20, 2.97512102616e-19, 2.53193006166e-19, 3.05486950901e-19, 7.1269395609e-19, 1.3334250736e-18, 8.48919746232e-19, 1.28191219416e-18, 7.82631766688e-19, 1.4943987635e-18, 6.72548254664e-18, 8.07999121329e-18, 8.216533917e-18, 6.60654969099e-18, 1.12180464508e-17, 9.75709742369e-18, 1.10739797122e-17, 1.25092737326e-17, 6.94225887464e-18, 1.09759827979e-17, 1.40291717861e-17, 1.26858734847e-17, 2.61370114587e-17, 2.59643275797e-17, 2.32805797869e-17, 2.70250163161e-17, 2.29266010787e-17, 1.37726299909e-17, 1.24450406765e-17, 1.38669517418e-17, 9.97735576848e-18, 5.437583426e-18, 2.66679121059e-18, 1.07500340709e-18, 3.0031546941e-19, 3.30956093993e-20], "var": [0.000340268277796, 0.768803298473, 24.2526073456, 10.1875524521, 141.738723755, 1173.52502441, 844.287414551, 3814, 6537.52783203, 8437.22949219, 6988.64013672, 18788.7421875, 9950.70507812, 3526.95043945, 6063.7109375, 381.170410156, 189.342590332, 558.830566406, 1043.18652344, 111.241363525, 22.9898910522, 23.7889080048, 8.22282791138, 19.5854320526, 7.63831090927, 6.91639614105, 4.76247930527, 3.97904086113, 5.1760892868, 0.593624293804, 0.163531199098, 0.0124900443479, 0.00244742771611, 0.00105786358472, 0.000358240038622, 5.70276970393e-05, 1.66195161455e-06, 3.2747415446e-08, 1.39356204354e-09, 6.42970010567e-10]}, "gfcc": {"mean": [-158.618331909, 186.122070312, -146.045135498, -23.7880268097, -51.1380386353, -19.3980922699, -18.9453735352, -3.14429116249, -2.27176523209, -6.95727825165, -7.42285108566, -11.4644050598, -3.7922039032], "cov": [[20391.3066406, 990.967224121, -240.565979004, 2792.34741211, -1066.05236816, -98.5910110474, -583.183166504, -1818.35742188, -1482.82556152, -1145.80725098, -239.141174316, -88.8904724121, 321.72177124], [990.967224121, 957.307373047, -27.0091400146, 12.4490995407, 265.602722168, -164.873809814, 105.496627808, -134.952545166, 63.7287025452, -134.57019043, 86.1332168579, -91.7661895752, 35.238948822], [-240.565979004, -27.0091400146, 479.645080566, 78.5047302246, 4.3868970871, 61.9041595459, -138.438430786, -6.88038396835, -55.3027801514, 12.8220539093, -16.8158721924, 44.6679496765, -20.1809597015], [2792.34741211, 12.4490995407, 78.5047302246, 759.78338623, -102.197044373, 80.3601226807, -103.539886475, -305.113586426, -271.838500977, -165.521392822, -14.8967761993, 13.4728736877, 38.5016021729], [-1066.05236816, 265.602722168, 4.3868970871, -102.197044373, 342.347076416, 38.6784362793, 135.290893555, 149.841506958, 132.208312988, 29.6502971649, 30.4329662323, -29.6547641754, -29.1509647369], [-98.5910110474, -164.873809814, 61.9041595459, 80.3601226807, 38.6784362793, 236.951400757, 75.5623168945, 66.614402771, -15.0496921539, -11.6143302917, -56.1475715637, 36.463924408, 15.4343395233], [-583.183166504, 105.496627808, -138.438430786, -103.539886475, 135.290893555, 75.5623168945, 308.850463867, 177.215332031, 138.006530762, 25.2348747253, -4.60168218613, -40.5917167664, -13.1750459671], [-1818.35742188, -134.952545166, -6.88038396835, -305.113586426, 149.841506958, 66.614402771, 177.215332031, 415.852264404, 245.851013184, 146.414581299, 21.1354045868, -7.66520261765, -81.7094039917], [-1482.82556152, 63.7287025452, -55.3027801514, -271.838500977, 132.208312988, -15.0496921539, 138.006530762, 245.851013184, 274.068817139, 101.836975098, 40.0845947266, -32.6394691467, -55.148815155], [-1145.80725098, -134.57019043, 12.8220539093, -165.521392822, 29.6502971649, -11.6143302917, 25.2348747253, 146.414581299, 101.836975098, 162.175796509, 57.4180908203, 10.7210130692, -49.9027137756], [-239.141174316, 86.1332168579, -16.8158721924, -14.8967761993, 30.4329662323, -56.1475715637, -4.60168218613, 21.1354045868, 40.0845947266, 57.4180908203, 144.44039917, 32.3030014038, -20.6958198547], [-88.8904724121, -91.7661895752, 44.6679496765, 13.4728736877, -29.6547641754, 36.463924408, -40.5917167664, -7.66520261765, -32.6394691467, 10.7210130692, 32.3030014038, 113.022186279, 33.838344574], [321.72177124, 35.238948822, -20.1809597015, 38.5016021729, -29.1509647369, 15.4343395233, -13.1750459671, -81.7094039917, -55.148815155, -49.9027137756, -20.6958198547, 33.838344574, 106.460250854]], "icov": [[0.000273183046374, -0.000795592612121, 0.000437773269368, -0.000739271112252, 0.00106196291745, -0.000266366434516, 0.000299482984701, -0.000515369640198, 0.000721694261301, 0.00018475073739, 0.000463369535282, -0.000124941099784, 0.000349295296473], [-0.000795592612121, 0.0066064381972, -0.00275157229044, 0.00269133481197, -0.00623470777646, 0.00349285872653, -0.00314343697391, 0.00419133761898, -0.0036751201842, 0.00402296101674, -0.00484523968771, 0.00256980978884, -0.00243989331648], [0.000437773269368, -0.00275157229044, 0.00413190154359, -0.00162170105614, 0.00213215802796, -0.00221909862012, 0.00313179474324, -0.00217280979268, 0.00186297099572, -0.00166080764029, 0.0025530718267, -0.00164651591331, 0.00178928382229], [-0.000739271112252, 0.00269133481197, -0.00162170105614, 0.00482223089784, -0.00311756320298, -0.000452496606158, -0.0013464569347, 0.00284239789471, -0.000539139262401, 0.00164223532192, -0.00331634609029, 0.00136407045648, -6.90356609994e-05], [0.00106196291745, -0.00623470777646, 0.00213215802796, -0.00311756320298, 0.0107280835509, -0.00367470318452, 0.00172015500721, -0.00453530577943, 0.00282783526927, -0.00142704357859, 0.00272320350632, -0.000869386654813, 0.00219011981972], [-0.000266366434516, 0.00349285872653, -0.00221909862012, -0.000452496606158, -0.00367470318452, 0.00991907063872, -0.00405212072656, 0.000202083596378, -0.000541036424693, 0.00207446981221, 0.00121120119002, -0.00221898616292, -0.00176594464574], [0.000299482984701, -0.00314343697391, 0.00313179474324, -0.0013464569347, 0.00172015500721, -0.00405212072656, 0.00853374507278, -0.00404373696074, 0.000207075485378, -0.00126400729641, 0.00173592532519, 0.000900898128748, -0.000207065357245], [-0.000515369640198, 0.00419133761898, -0.00217280979268, 0.00284239789471, -0.00453530577943, 0.000202083596378, -0.00404373696074, 0.0114593012258, -0.00662203365937, -0.000639978039544, -0.00165906420443, -0.000330871407641, 0.00180608429946], [0.000721694261301, -0.0036751201842, 0.00186297099572, -0.000539139262401, 0.00282783526927, -0.000541036424693, 0.000207075485378, -0.00662203365937, 0.0136171784252, -0.00161760626361, 0.000589225441217, 0.000922899518628, 0.00149652862456], [0.00018475073739, 0.00402296101674, -0.00166080764029, 0.00164223532192, -0.00142704357859, 0.00207446981221, -0.00126400729641, -0.000639978039544, -0.00161760626361, 0.0178419314325, -0.00789169408381, 0.00206915405579, 0.00119573180564], [0.000463369535282, -0.00484523968771, 0.0025530718267, -0.00331634609029, 0.00272320350632, 0.00121120119002, 0.00173592532519, -0.00165906420443, 0.000589225441217, -0.00789169408381, 0.0160529129207, -0.00812827702612, 0.00370867573656], [-0.000124941099784, 0.00256980978884, -0.00164651591331, 0.00136407045648, -0.000869386654813, -0.00221898616292, 0.000900898128748, -0.000330871407641, 0.000922899518628, 0.00206915405579, -0.00812827702612, 0.0165183730423, -0.00671980017796], [0.000349295296473, -0.00243989331648, 0.00178928382229, -6.90356609994e-05, 0.00219011981972, -0.00176594464574, -0.000207065357245, 0.00180608429946, 0.00149652862456, 0.00119573180564, 0.00370867573656, -0.00671980017796, 0.0159182436764]]}, "melbands": {"dmean": [8.55615217006e-05, 0.00033768339199, 0.000189251048141, 0.000290881172987, 0.000223831812036, 0.000215809064684, 0.000251115503488, 0.000241461661062, 0.000144867037307, 0.000178369344212, 0.000137952156365, 9.53514827415e-05, 8.95093689905e-05, 3.77008582291e-05, 9.66435163718e-06, 8.03897728474e-06, 1.33823814394e-05, 9.96686958388e-06, 4.95669200973e-06, 3.81473591915e-06, 1.5193991203e-06, 1.853791332e-06, 1.04410776203e-06, 8.00358122888e-07, 1.19366211493e-06, 4.73340293183e-07, 4.25365186629e-07, 5.723409231e-07, 5.27382212567e-07, 1.10085345284e-07, 4.05667151426e-07, 4.06421804655e-07, 3.1033739134e-08, 1.35848466698e-07, 7.27843882942e-08, 1.84533330838e-08, 1.65421809584e-08, 1.12623910198e-08, 7.33993665847e-09, 6.80374911965e-09], "dmean2": [0.000147364553413, 0.000577222032007, 0.000300998013699, 0.000392212095903, 0.000320237508276, 0.000303059088765, 0.000319636950735, 0.000335788470693, 0.000212225015275, 0.000247882213444, 0.000176723246113, 0.000142669377965, 0.000137349998113, 6.53882161714e-05, 1.50870037032e-05, 1.24630187202e-05, 1.91941144294e-05, 1.42045182656e-05, 7.54734583097e-06, 6.03662738285e-06, 2.42213081947e-06, 2.8866163575e-06, 1.63689674082e-06, 1.2037585293e-06, 1.83265387932e-06, 7.16721558547e-07, 6.44785870918e-07, 8.60406487391e-07, 8.42285430736e-07, 1.8161306059e-07, 7.05715194727e-07, 6.96537824751e-07, 4.93405458712e-08, 2.2985013004e-07, 1.22993554896e-07, 2.9294062287e-08, 2.77056706466e-08, 1.91579658804e-08, 1.25350592128e-08, 1.17766578711e-08], "dvar": [6.90947246085e-08, 1.38177620101e-06, 1.96057314383e-07, 3.21928354197e-07, 2.04625280276e-07, 2.30225438713e-07, 1.86649657508e-07, 3.46847940591e-07, 1.75939561586e-07, 1.61116147979e-07, 1.00060354669e-07, 4.13908800567e-08, 4.69923051583e-08, 1.86484712117e-08, 2.82900480819e-10, 2.3145838024e-10, 1.23054189061e-09, 2.07674899499e-09, 4.01294497632e-10, 6.77401398863e-11, 1.07742235272e-11, 1.68386710825e-11, 5.02152095946e-12, 4.32531918268e-12, 1.40126781706e-11, 2.45710266369e-12, 2.32096438423e-12, 3.6652608032e-12, 6.61246881903e-12, 1.63802253554e-13, 3.71434610499e-12, 5.91452841564e-12, 9.58412782324e-15, 6.03037043044e-13, 1.68598357389e-13, 4.60393111777e-15, 4.54347541171e-15, 1.85536002591e-15, 1.11131188548e-15, 1.07958256067e-15], "dvar2": [2.23346603434e-07, 4.55547888123e-06, 5.04558613557e-07, 6.5111441927e-07, 4.15640812435e-07, 4.43461914301e-07, 3.1004501011e-07, 6.79652885083e-07, 3.83276898219e-07, 3.14016972425e-07, 1.62546768934e-07, 9.44655837998e-08, 1.09334550302e-07, 5.14500619886e-08, 6.47658260355e-10, 5.61359680962e-10, 2.42266517958e-09, 4.89358642497e-09, 8.92609153258e-10, 1.7691431653e-10, 2.61492060644e-11, 3.96356628074e-11, 1.20472147883e-11, 9.98069508984e-12, 3.24527314743e-11, 5.12508611938e-12, 5.33170903261e-12, 8.95888571661e-12, 1.73586856694e-11, 4.32450218213e-13, 9.89489653408e-12, 1.52978862217e-11, 2.25328365314e-14, 1.60599148997e-12, 4.50003017705e-13, 1.11903250609e-14, 1.16958148421e-14, 4.71114727768e-15, 2.90572979666e-15, 2.92114389047e-15], "max": [0.0039603644982, 0.0206312350929, 0.00711713870987, 0.00943033304065, 0.00883158296347, 0.0162859093398, 0.00801623612642, 0.0141506846994, 0.0152452457696, 0.00758822867647, 0.00555106345564, 0.00299291312695, 0.003586437786, 0.00159202876966, 0.000278145860648, 0.000204578667763, 0.000801872462034, 0.00162164343055, 0.00073975045234, 0.000158832888701, 4.72306564916e-05, 8.12432263047e-05, 3.77566902898e-05, 3.22545602103e-05, 4.6217784984e-05, 3.67617649317e-05, 3.36528610205e-05, 2.55260893027e-05, 3.56064119842e-05, 6.0335719354e-06, 2.74631947832e-05, 3.62074933946e-05, 1.72225372808e-06, 1.11871322588e-05, 5.85847237744e-06, 9.83150812317e-07, 8.13183021364e-07, 6.70999384056e-07, 5.09812423388e-07, 5.63331866488e-07], "mean": [0.000191632439964, 0.00091667479137, 0.000451920379419, 0.00111594621558, 0.000904706714209, 0.000657481898088, 0.000784725940321, 0.000682610319927, 0.000360873731552, 0.000442222662969, 0.000258140324149, 0.000168280428625, 0.000147152095451, 4.93179941259e-05, 1.76833345904e-05, 1.46308193507e-05, 2.28369372053e-05, 2.01246730285e-05, 1.14843041956e-05, 7.04131025486e-06, 3.27502857544e-06, 3.43190595231e-06, 1.84151315352e-06, 1.39007386224e-06, 1.66028314652e-06, 7.57103066462e-07, 6.18200374447e-07, 7.25197821794e-07, 5.17940577538e-07, 1.27989565613e-07, 3.08419515704e-07, 3.20670750398e-07, 3.35435430543e-08, 1.11551130999e-07, 5.84327821684e-08, 1.80430532737e-08, 1.41263880593e-08, 9.66639834843e-09, 5.922804025e-09, 4.93289231684e-09], "median": [2.04939242394e-05, 4.96214488521e-05, 7.04612684785e-05, 0.000365821528248, 0.000347847526427, 0.000130637199618, 0.000248151540291, 0.000347796129063, 0.000145800149767, 0.000150653562741, 7.65544245951e-05, 7.01762983226e-05, 4.24835088779e-05, 1.37420465762e-05, 7.78178400651e-06, 5.81485892326e-06, 7.51246579966e-06, 8.30225508253e-06, 5.85104226047e-06, 2.36474306803e-06, 9.79624928732e-07, 9.95849973151e-07, 5.13694089932e-07, 3.17787680615e-07, 3.65101186617e-07, 1.77901853249e-07, 9.45589420098e-08, 4.94528862305e-08, 3.8720880724e-08, 1.52416852472e-08, 1.26879262652e-08, 1.04258397471e-08, 4.0768388665e-09, 3.95667765218e-09, 2.01627803342e-09, 1.26461474625e-09, 6.88685442007e-10, 4.8991261048e-10, 2.36368313811e-10, 1.34236399774e-10], "min": [1.15669301915e-23, 1.96059639742e-23, 9.34428619201e-24, 1.1218749076e-23, 1.22327832269e-23, 7.18423514994e-24, 1.00679366994e-23, 1.38782437344e-23, 7.30628297603e-24, 7.62572509985e-24, 3.69411571229e-24, 5.31851639465e-24, 1.58652108052e-23, 3.52873197015e-23, 8.48493977604e-24, 2.27405722009e-23, 1.06747135193e-23, 1.64577542079e-23, 1.57543569154e-23, 1.16942720631e-23, 1.27864673413e-23, 1.3411263322e-23, 9.50361400675e-24, 3.87552295492e-24, 9.51947011095e-24, 1.08501601289e-23, 8.46907578324e-24, 7.57561271085e-24, 1.67277292309e-23, 1.52880643898e-23, 1.43150817715e-23, 1.47130415878e-23, 9.61524729117e-24, 1.81924814265e-23, 1.55414843778e-23, 8.22847478487e-24, 8.59050198694e-24, 8.36494772147e-24, 8.94175334904e-24, 1.30220740613e-23], "var": [2.10356191133e-07, 4.18693616666e-06, 5.53949575988e-07, 2.23376014219e-06, 1.88668411738e-06, 1.55263364832e-06, 1.38719940423e-06, 1.2266923477e-06, 5.05810533014e-07, 5.60095884339e-07, 2.63177042825e-07, 7.97323380652e-08, 7.76992692408e-08, 1.52603121251e-08, 6.8504213413e-10, 5.10403330711e-10, 2.78999356951e-09, 2.60890398174e-09, 5.86752979537e-10, 1.36940001005e-10, 2.88334009446e-11, 3.67730290662e-11, 9.65001689668e-12, 8.82851517586e-12, 1.77890167874e-11, 3.50400286044e-12, 3.14983174092e-12, 4.4418579058e-12, 5.402350442e-12, 1.49652466526e-13, 2.58125725655e-12, 4.35002468074e-12, 1.0322682955e-14, 4.40912307749e-13, 1.21572199465e-13, 4.39140885724e-15, 3.68822412728e-15, 1.52160850414e-15, 8.35369621208e-16, 7.42421201895e-16]}, "mfcc": {"mean": [-785.24029541, 203.236740112, -20.0653209686, -4.0934510231, -14.3513860703, -13.1883955002, -12.5397043228, -2.88905692101, 1.50263154507, 7.82471895218, 1.29058086872, -4.52675056458, -1.79887342453], "cov": [[14219.0390625, 3309.97851562, -1304.7265625, 1869.0012207, -145.186294556, 740.969360352, 100.667327881, -69.7812805176, -883.227966309, -993.657714844, -1198.57385254, -671.612670898, -270.0284729], [3309.97851562, 1937.21984863, -439.144256592, 320.329223633, 140.385772705, 60.7512397766, 53.9574279785, -33.4038467407, -199.372909546, -204.941574097, -248.113189697, -253.984695435, -69.0191116333], [-1304.7265625, -439.144256592, 398.741394043, -98.9159317017, 12.3149328232, -0.273701995611, -29.58751297, 14.2230949402, 79.4821014404, 72.6646728516, 106.690605164, 69.6905822754, 11.1382427216], [1869.0012207, 320.329223633, -98.9159317017, 540.087341309, 46.0616607666, 175.319488525, 43.3854064941, -21.2993144989, -158.914199829, -167.222442627, -163.048919678, -48.0487518311, -13.4026279449], [-145.186294556, 140.385772705, 12.3149328232, 46.0616607666, 195.207763672, 36.0738525391, 32.9023132324, 17.3984489441, -13.6950874329, -13.8213424683, 13.7037286758, 15.3840036392, 37.9100036621], [740.969360352, 60.7512397766, -0.273701995611, 175.319488525, 36.0738525391, 217.409042358, 70.1308746338, 19.7847652435, -40.0095825195, -86.1282653809, -102.494064331, -33.0173568726, -28.9707584381], [100.667327881, 53.9574279785, -29.58751297, 43.3854064941, 32.9023132324, 70.1308746338, 163.292663574, 90.6856842041, 45.7228889465, -0.0830313116312, -5.90188741684, 11.056397438, 2.76671338081], [-69.7812805176, -33.4038467407, 14.2230949402, -21.2993144989, 17.3984489441, 19.7847652435, 90.6856842041, 204.374465942, 128.772827148, 54.7268028259, 41.7016525269, 25.6135616302, 6.98122501373], [-883.227966309, -199.372909546, 79.4821014404, -158.914199829, -13.6950874329, -40.0095825195, 45.7228889465, 128.772827148, 240.921478271, 155.707977295, 105.201324463, 44.272151947, -21.9192562103], [-993.657714844, -204.941574097, 72.6646728516, -167.222442627, -13.8213424683, -86.1282653809, -0.0830313116312, 54.7268028259, 155.707977295, 220.028961182, 160.119094849, 55.1946678162, -1.60681951046], [-1198.57385254, -248.113189697, 106.690605164, -163.048919678, 13.7037286758, -102.494064331, -5.90188741684, 41.7016525269, 105.201324463, 160.119094849, 250.568008423, 131.975128174, 33.6709289551], [-671.612670898, -253.984695435, 69.6905822754, -48.0487518311, 15.3840036392, -33.0173568726, 11.056397438, 25.6135616302, 44.272151947, 55.1946678162, 131.975128174, 199.217971802, 112.221939087], [-270.0284729, -69.0191116333, 11.1382427216, -13.4026279449, 37.9100036621, -28.9707584381, 2.76671338081, 6.98122501373, -21.9192562103, -1.60681951046, 33.6709289551, 112.221939087, 217.496932983]], "icov": [[0.000451413099654, -0.000472049083328, 0.000554445083253, -0.000767870049458, 0.000896118581295, -0.000654368661344, 0.000595766527113, -0.000823112262879, 0.000636040815152, -5.21640822626e-06, 0.000617807090748, -0.000222214352107, 0.000193491956452], [-0.000472049083328, 0.00142860854976, 0.000178665315616, 0.000499537098221, -0.00164573953953, 0.00105099764187, -0.000794694118667, 0.000800503592473, -0.000577008235268, 0.000305458903313, -0.000811428413726, 0.00127322925255, -0.00028704496799], [0.000554445083253, 0.000178665315616, 0.00454666605219, -0.000855524383951, 0.000351331866113, -0.00193028734066, 0.00184297515079, -0.000734006520361, -0.00026811438147, 0.000647891138215, -0.000769918668084, 0.000283456640318, 9.19623416848e-05], [-0.000767870049458, 0.000499537098221, -0.000855524383951, 0.00470387563109, -0.00167032831814, -0.000749729457311, -0.000946439104155, 0.000574579404201, 0.000877145328559, -0.000121471508464, 4.66642122774e-05, -0.000869000563398, 0.000252390833339], [0.000896118581295, -0.00164573953953, 0.000351331866113, -0.00167032831814, 0.00826191250235, -0.00257778516971, 0.000481951079564, -0.0016934145242, 0.00140928383917, 0.000443680735771, -0.000551515375264, 4.96245011163e-05, -0.00106073380448], [-0.000654368661344, 0.00105099764187, -0.00193028734066, -0.000749729457311, -0.00257778516971, 0.0101086394861, -0.00410990789533, 0.000961094687227, -0.000818902859464, 0.00069610925857, 0.00235748104751, -0.000704504782334, 0.00131212710403], [0.000595766527113, -0.000794694118667, 0.00184297515079, -0.000946439104155, 0.000481951079564, -0.00410990789533, 0.0109373675659, -0.0046125925146, -9.34238632908e-05, 0.00024977355497, 0.000356199831003, -0.000982591533102, 0.000156526060891], [-0.000823112262879, 0.000800503592473, -0.000734006520361, 0.000574579404201, -0.0016934145242, 0.000961094687227, -0.0046125925146, 0.0115824351087, -0.00754275452346, 0.00201179273427, -0.00274368049577, 0.00161321565975, -0.00173772126436], [0.000636040815152, -0.000577008235268, -0.00026811438147, 0.000877145328559, 0.00140928383917, -0.000818902859464, -9.34238632908e-05, -0.00754275452346, 0.0148387290537, -0.00789679866284, 0.00396267650649, -0.00292038638145, 0.00289338547736], [-5.21640822626e-06, 0.000305458903313, 0.000647891138215, -0.000121471508464, 0.000443680735771, 0.00069610925857, 0.00024977355497, 0.00201179273427, -0.00789679866284, 0.0148142566904, -0.00804085936397, 0.00364938820712, -0.00132712570485], [0.000617807090748, -0.000811428413726, -0.000769918668084, 4.66642122774e-05, -0.000551515375264, 0.00235748104751, 0.000356199831003, -0.00274368049577, 0.00396267650649, -0.00804085936397, 0.0156710725278, -0.00895620882511, 0.00358055322431], [-0.000222214352107, 0.00127322925255, 0.000283456640318, -0.000869000563398, 4.96245011163e-05, -0.000704504782334, -0.000982591533102, 0.00161321565975, -0.00292038638145, 0.00364938820712, -0.00895620882511, 0.0145178232342, -0.00645328313112], [0.000193491956452, -0.00028704496799, 9.19623416848e-05, 0.000252390833339, -0.00106073380448, 0.00131212710403, 0.000156526060891, -0.00173772126436, 0.00289338547736, -0.00132712570485, 0.00358055322431, -0.00645328313112, 0.0082283783704]]}, "spectral_contrast_coeffs": {"dmean": [0.0430970005691, 0.0437917895615, 0.041040558368, 0.034794125706, 0.0247567687184, 0.0232164002955], "dmean2": [0.07258117944, 0.0685138776898, 0.0638239458203, 0.0542654842138, 0.0392968840897, 0.0383680015802], "dvar": [0.00126332964282, 0.00157832587138, 0.0015486117918, 0.0010461359052, 0.000587821297813, 0.000506037264131], "dvar2": [0.00342088518664, 0.00376882241108, 0.00367907411419, 0.00239363336004, 0.00127019372303, 0.00128953391686], "max": [-0.284680604935, -0.374495029449, -0.417993396521, -0.532214403152, -0.621139764786, -0.647214174271], "mean": [-0.617131412029, -0.629999816418, -0.658748030663, -0.708268284798, -0.748111128807, -0.779961287975], "median": [-0.60963755846, -0.630187153816, -0.666042089462, -0.707535028458, -0.748164355755, -0.772043585777], "min": [-0.991417586803, -0.98766708374, -0.957172930241, -0.95874017477, -0.954159617424, -0.963572502136], "var": [0.0225475672632, 0.00666279066354, 0.00629887916148, 0.00334942247719, 0.00207965937443, 0.0035385643132]}, "spectral_contrast_valleys": {"dmean": [0.448006421328, 0.411251485348, 0.437849014997, 0.42181622982, 0.38453540206, 0.460847318172], "dmean2": [0.719916701317, 0.630639076233, 0.671236753464, 0.635910689831, 0.549824237823, 0.680137395859], "dvar": [0.236336261034, 0.321434885263, 0.33531409502, 0.32346624136, 0.306403785944, 0.284050881863], "dvar2": [0.37926