{"lowlevel": {"average_loudness": 0.891041696072, "barkbands_crest": {"dmean": 2.49136090279, "dmean2": 3.91373586655, "dvar": 6.29661607742, "dvar2": 15.4023923874, "max": 26.5624713898, "mean": 13.6495714188, "median": 13.0653343201, "min": 3.08832168579, "var": 22.4692153931}, "barkbands_flatness_db": {"dmean": 0.0440331101418, "dmean2": 0.0576560683548, "dvar": 0.00248823896982, "dvar2": 0.0044432845898, "max": 0.726008594036, "mean": 0.308658003807, "median": 0.314947426319, "min": 0.0201597176492, "var": 0.0170418377966}, "barkbands_kurtosis": {"dmean": 10.1216173172, "dmean2": 15.5683193207, "dvar": 433.097045898, "dvar2": 1052.82666016, "max": 603.909545898, "mean": 15.7747001648, "median": 8.1926574707, "min": -1.86528086662, "var": 680.297363281}, "barkbands_skewness": {"dmean": 0.922733366489, "dmean2": 1.35813808441, "dvar": 1.10829019547, "dvar2": 2.53554344177, "max": 17.054145813, "mean": 2.38174390793, "median": 2.12989330292, "min": -3.45581483841, "var": 3.48856687546}, "barkbands_spread": {"dmean": 4.13551473618, "dmean2": 6.41656684875, "dvar": 86.0955352783, "dvar2": 214.525405884, "max": 97.2680664062, "mean": 7.99291372299, "median": 3.8460290432, "min": 0.082415856421, "var": 124.198875427}, "dissonance": {"dmean": 0.0376408472657, "dmean2": 0.0599005967379, "dvar": 0.00141915748827, "dvar2": 0.00343889184296, "max": 0.5, "mean": 0.382548600435, "median": 0.3973954916, "min": 0.0503835231066, "var": 0.00661780172959}, "dynamic_complexity": 4.0394525528, "erbbands_crest": {"dmean": 2.60419368744, "dmean2": 3.88683915138, "dvar": 6.87724018097, "dvar2": 15.1324987411, "max": 30.9416446686, "mean": 13.0071363449, "median": 12.3384189606, "min": 2.25003147125, "var": 30.5281257629}, "erbbands_flatness_db": {"dmean": 0.0342911630869, "dmean2": 0.044339094311, "dvar": 0.00169200915843, "dvar2": 0.00301118474454, "max": 0.630516588688, "mean": 0.241372138262, "median": 0.245729595423, "min": 0.0476174205542, "var": 0.0107015874237}, "erbbands_kurtosis": {"dmean": 4.78765773773, "dmean2": 7.27080249786, "dvar": 77.3141555786, "dvar2": 180.363494873, "max": 161.699066162, "mean": 7.25279188156, "median": 3.00083613396, "min": -1.83123219013, "var": 159.839065552}, "erbbands_skewness": {"dmean": 0.685107290745, "dmean2": 1.00072264671, "dvar": 0.628217160702, "dvar2": 1.56655812263, "max": 9.35868835449, "mean": 1.35446798801, "median": 1.13620424271, "min": -2.23440074921, "var": 2.02367258072}, "erbbands_spread": {"dmean": 11.3234062195, "dmean2": 17.0514755249, "dvar": 386.469970703, "dvar2": 893.08581543, "max": 149.850082397, "mean": 26.166425705, "median": 13.7680034637, "min": 0.637945175171, "var": 789.631591797}, "hfc": {"dmean": 6.22871160507, "dmean2": 9.23949337006, "dvar": 255.712768555, "dvar2": 651.392883301, "max": 207.013305664, "mean": 11.0016412735, "median": 5.26052570343, "min": 1.08342806378e-16, "var": 300.05758667}, "melbands_crest": {"dmean": 3.02501511574, "dmean2": 4.71135663986, "dvar": 9.66674041748, "dvar2": 23.8748092651, "max": 34.4797058105, "mean": 19.123714447, "median": 19.0392684937, "min": 1.58284127712, "var": 37.4839820862}, "melbands_flatness_db": {"dmean": 0.0504934415221, "dmean2": 0.0660811066628, "dvar": 0.00336173083633, "dvar2": 0.00625623157248, "max": 0.88415235281, "mean": 0.412475705147, "median": 0.42395734787, "min": 0.00264962180518, "var": 0.0237879101187}, "melbands_kurtosis": {"dmean": 17.1494884491, "dmean2": 26.5252418518, "dvar": 1042.26586914, "dvar2": 2447.27294922, "max": 539.690002441, "mean": 26.448633194, "median": 13.0793781281, "min": -1.78881919384, "var": 1616.06030273}, "melbands_skewness": {"dmean": 1.10955500603, "dmean2": 1.67880737782, "dvar": 2.08680081367, "dvar2": 4.86738443375, "max": 17.243598938, "mean": 2.97911381721, "median": 2.5371696949, "min": -2.69643044472, "var": 5.15752315521}, "melbands_spread": {"dmean": 3.10937047005, "dmean2": 4.94250583649, "dvar": 58.1988563538, "dvar2": 150.600738525, "max": 162.444244385, "mean": 7.93681383133, "median": 4.0367603302, "min": 0.21782630682, "var": 257.127655029}, "pitch_salience": {"dmean": 0.0734966993332, "dmean2": 0.113571129739, "dvar": 0.00576726580039, "dvar2": 0.0137448748574, "max": 0.853422284126, "mean": 0.427082329988, "median": 0.429540276527, "min": 0.0356418900192, "var": 0.0213278327137}, "silence_rate_20dB": {"dmean": 0, "dmean2": 0, "dvar": 0, "dvar2": 0, "max": 1, "mean": 1, "median": 1, "min": 1, "var": 0}, "silence_rate_30dB": {"dmean": 0.047076690942, "dmean2": 0.0941635966301, "dvar": 0.0448631718755, "dvar2": 0.100481197238, "max": 1, "mean": 0.949240803719, "median": 1, "min": 0, "var": 0.0481789596379}, "silence_rate_60dB": {"dmean": 0.0245145894587, "dmean2": 0.049034498632, "dvar": 0.0239107646048, "dvar2": 0.0542293339968, "max": 1, "mean": 0.103036873043, "median": 0, "min": 0, "var": 0.0924241840839}, "spectral_centroid": {"dmean": 162.20135498, "dmean2": 247.322143555, "dvar": 122071.570312, "dvar2": 297878.6875, "max": 11842.6230469, "mean": 620.571899414, "median": 358.256530762, "min": 84.9281082153, "var": 1466367.5}, "spectral_complexity": {"dmean": 2.1431825161, "dmean2": 3.02495121956, "dvar": 17.4847373962, "dvar2": 29.4602947235, "max": 52, "mean": 8.07342720032, "median": 6, "min": 0, "var": 51.6303520203}, "spectral_decrease": {"dmean": 3.75268216501e-09, "dmean2": 5.40078515243e-09, "dvar": 3.7046656853e-17, "dvar2": 8.19939804343e-17, "max": 1.87123774694e-28, "mean": -9.12834341449e-09, "median": -6.01038152581e-09, "min": -7.13278396347e-08, "var": 8.93117429111e-17}, "spectral_energy": {"dmean": 0.0145869851112, "dmean2": 0.0209892876446, "dvar": 0.000554449448828, "dvar2": 0.00122420617845, "max": 0.277205556631, "mean": 0.0354502610862, "median": 0.0233855564147, "min": 1.02384328786e-20, "var": 0.00133772799745}, "spectral_energyband_high": {"dmean": 0.000422707002144, "dmean2": 0.000691788678523, "dvar": 2.59504031419e-06, "dvar2": 7.11006850906e-06, "max": 0.0217563230544, "mean": 0.000416773895267, "median": 6.07006359132e-06, "min": 7.02296777235e-21, "var": 2.02632759283e-06}, "spectral_energyband_low": {"dmean": 0.0105722863227, "dmean2": 0.0158995259553, "dvar": 0.000297291844618, "dvar2": 0.000679608376231, "max": 0.201232522726, "mean": 0.0234761871397, "median": 0.0125553067774, "min": 6.203464108e-24, "var": 0.000744693214074}, "spectral_energyband_middle_high": {"dmean": 0.0007584655541, "dmean2": 0.00116200186312, "dvar": 6.83201415086e-06, "dvar2": 1.71008869074e-05, "max": 0.0407436415553, "mean": 0.0012235349277, "median": 9.53882408794e-05, "min": 1.12355088361e-21, "var": 1.13978694571e-05}, "spectral_energyband_middle_low": {"dmean": 0.0068631991744, "dmean2": 0.0100694755092, "dvar": 0.000250908575254, "dvar2": 0.000603061867878, "max": 0.201334416866, "mean": 0.0125979622826, "median": 0.00663003372028, "min": 1.59898318956e-22, "var": 0.000341789011145}, "spectral_entropy": {"dmean": 0.408682793379, "dmean2": 0.5433614254, "dvar": 0.273495852947, "dvar2": 0.530624210835, "max": 9.82123470306, "mean": 6.1838388443, "median": 5.95797395706, "min": 3.17773556709, "var": 1.47820782661}, "spectral_flux": {"dmean": 0.0324118211865, "dmean2": 0.0502817034721, "dvar": 0.00186093465891, "dvar2": 0.00416596233845, "max": 0.408554255962, "mean": 0.0680233612657, "median": 0.0499017685652, "min": 6.38760017102e-11, "var": 0.0038555811625}, "spectral_kurtosis": {"dmean": 15.3257436752, "dmean2": 23.4786968231, "dvar": 502.130126953, "dvar2": 1162.6796875, "max": 379.319396973, "mean": 39.2571640015, "median": 16.2066879272, "min": -1.24861013889, "var": 2770.78344727}, "spectral_rms": {"dmean": 0.0010936758481, "dmean2": 0.00150249095168, "dvar": 1.95264783542e-06, "dvar2": 3.86824012821e-06, "max": 0.0164451953024, "mean": 0.00511357653886, "median": 0.00477652344853, "min": 3.16049291772e-12, "var": 8.43684483698e-06}, "spectral_rolloff": {"dmean": 258.538513184, "dmean2": 461.387451172, "dvar": 919027, "dvar2": 2475397.5, "max": 19552.1484375, "mean": 709.057128906, "median": 366.064453125, "min": 86.1328125, "var": 4664788}, "spectral_skewness": {"dmean": 1.02205073833, "dmean2": 1.48653709888, "dvar": 1.401902318, "dvar2": 3.05638051033, "max": 16.25258255, "mean": 4.17423439026, "median": 3.34466528893, "min": -0.10398901999, "var": 9.02046966553}, "spectral_spread": {"dmean": 1067305.75, "dmean2": 1482973.375, "dvar": 2115198517250.0, "dvar2": 4137188065280.0, "max": 42959324, "mean": 4113853.25, "median": 2869650, "min": 242980.96875, "var": 22787538288600.0}, "spectral_strongpeak": {"dmean": 0.28136497736, "dmean2": 0.44811218977, "dvar": 0.222264334559, "dvar2": 0.523229777813, "max": 6.34835481644, "mean": 0.695017158985, "median": 0.543910264969, "min": 0, "var": 0.431875318289}, "zerocrossingrate": {"dmean": 0.00714901182801, "dmean2": 0.00838526897132, "dvar": 0.000140021642437, "dvar2": 0.000198628389626, "max": 0.53076171875, "mean": 0.0286665055901, "median": 0.01513671875, "min": 0.0029296875, "var": 0.00325050367974}, "barkbands": {"dmean": [9.12475807127e-05, 0.00510370917618, 0.00525386119261, 0.00288691977039, 0.00107176043093, 0.00288335024379, 0.000806992058642, 0.000208324330742, 0.000122083642054, 0.000139784926432, 0.000226689779083, 0.00014663382899, 5.59066465939e-05, 7.76083397795e-05, 6.51954178466e-05, 7.69689140725e-05, 7.28130034986e-05, 4.75992783322e-05, 4.00458848162e-05, 3.08146882162e-05, 7.8788085375e-05, 8.30221615615e-05, 6.5620879468e-05, 9.43525301409e-05, 5.79049665248e-05, 3.78588301828e-05, 8.27605344966e-06], "dmean2": [0.000147363971337, 0.00783893186599, 0.00785156618804, 0.00483601726592, 0.00171418557875, 0.00414242083207, 0.00118648330681, 0.000283766916255, 0.00017695967108, 0.000227406402701, 0.000358576653525, 0.000248616794124, 8.61201406224e-05, 0.000122584388009, 0.00010368348012, 0.000117264957225, 0.000120246935694, 7.68622921896e-05, 6.04464294156e-05, 4.30565996794e-05, 0.000135032227263, 0.000140782241942, 0.000108147636638, 0.000165705132531, 9.68101594481e-05, 6.05317836744e-05, 1.33255871333e-05], "dvar": [1.05381637638e-07, 7.09750893293e-05, 0.000111038752948, 0.000112536217785, 7.11726488589e-06, 4.71073835797e-05, 3.51781568497e-06, 7.94711468188e-07, 1.43310217027e-07, 3.18320331871e-07, 1.04415767055e-06, 5.43607256986e-07, 4.68653205132e-08, 1.2938581051e-07, 6.29543208674e-08, 7.45734780594e-08, 1.45621612546e-07, 3.87151146697e-08, 1.23588730361e-08, 6.49830322885e-09, 8.70717471457e-08, 1.19291229339e-07, 4.11677767431e-08, 2.36405767851e-07, 6.67656721021e-08, 2.0066469375e-08, 1.01326480539e-09], "dvar2": [2.64491717417e-07, 0.000177702415385, 0.000226036747335, 0.000299142411677, 1.80559254659e-05, 0.000100962512079, 7.89579098637e-06, 1.35834977755e-06, 3.21316292684e-07, 8.32136947793e-07, 2.63587639893e-06, 1.49621621404e-06, 9.72816636136e-08, 3.10550632321e-07, 1.52869830572e-07, 1.89318186017e-07, 4.09620724895e-07, 1.02932993684e-07, 2.85653847243e-08, 1.32522988139e-08, 2.43890440288e-07, 3.37750435619e-07, 1.09631081102e-07, 6.81974370309e-07, 1.85828000099e-07, 4.87367159963e-08, 2.40823627706e-09], "max": [0.00491826003417, 0.119998082519, 0.157526671886, 0.134944215417, 0.0507591031492, 0.119779132307, 0.0493709407747, 0.0328102596104, 0.00784988421947, 0.00832748506218, 0.0304861329496, 0.0120803881437, 0.00518161989748, 0.0104624954984, 0.00502247130498, 0.00749873137102, 0.00980784650892, 0.00340513093397, 0.00168734416366, 0.00183918513358, 0.00325286341831, 0.00614170404151, 0.00400219671428, 0.00793844368309, 0.0042868424207, 0.00211622728966, 0.00050932605518], "mean": [9.61838668445e-05, 0.0120542161167, 0.00910642370582, 0.00352526386268, 0.00171641074121, 0.00482905237004, 0.00173089315649, 0.000468955171527, 0.000240527762799, 0.000154642737471, 0.000390095985495, 0.000157750269864, 6.97822979419e-05, 9.65477447608e-05, 7.93818981037e-05, 0.000110776949441, 8.02286740509e-05, 5.245214561e-05, 5.21323345311e-05, 4.44049801445e-05, 7.16107606422e-05, 7.81109411037e-05, 6.60062505631e-05, 7.79862166382e-05, 5.5075459386e-05, 3.76957832486e-05, 7.75032640377e-06], "median": [4.89721014674e-06, 0.00394745916128, 0.00293719442561, 0.00052886584308, 0.00076140469173, 0.00181993260048, 0.000713519169949, 6.7402208515e-05, 4.64875956823e-05, 1.97043154913e-05, 3.2309976632e-06, 8.67442577146e-06, 4.2948176997e-06, 6.15582484897e-06, 5.0442013162e-06, 2.97833184959e-06, 2.44394686888e-06, 1.69738382283e-06, 2.28918247558e-06, 1.36268772621e-06, 1.04148989521e-06, 1.18709726848e-06, 7.88862791978e-07, 6.44046849629e-07, 4.73926775157e-07, 1.90491718399e-07, 1.76149868025e-08], "min": [2.3428624078e-25, 1.88836024656e-24, 7.28683785054e-25, 4.09614718485e-25, 7.56109057044e-24, 8.93618635763e-24, 5.2615322383e-24, 5.94442033053e-24, 1.06818747986e-23, 1.20954393878e-23, 1.44486564332e-23, 2.47170868648e-23, 3.64217458594e-23, 2.93653787513e-23, 3.94974167101e-23, 5.54527880059e-23, 7.29827919328e-23, 9.71763922786e-23, 9.35930263265e-23, 1.44938979216e-22, 2.30264964137e-22, 3.37146655335e-22, 3.96206210063e-22, 5.35466665561e-22, 9.41534192296e-22, 1.34281776358e-21, 1.98270103729e-21], "var": [1.04731661565e-07, 0.000276181788649, 0.000241807167185, 0.000100506200397, 9.01627299754e-06, 8.06716634543e-05, 9.83788413578e-06, 2.83165786641e-06, 3.33266825692e-07, 2.70207948461e-07, 2.49539561992e-06, 4.31811713497e-07, 7.53376170337e-08, 1.92143915001e-07, 7.74252697511e-08, 1.39546699529e-07, 1.08290002743e-07, 3.37531247396e-08, 1.84045916285e-08, 1.43063445535e-08, 6.08575589922e-08, 8.19266787744e-08, 3.77127946649e-08, 1.43711005762e-07, 4.97929946164e-08, 2.2262028665e-08, 1.05212194512e-09]}, "erbbands": {"dmean": [0.0871771797538, 1.39126622677, 5.71612644196, 7.94275903702, 5.81624078751, 3.50397181511, 7.39499616623, 28.5931949615, 21.6347751617, 6.3497209549, 3.23742842674, 2.19583654404, 4.60434913635, 4.73944234848, 10.8861694336, 4.84189605713, 2.68745779991, 4.01214265823, 3.01294827461, 3.84511613846, 3.66403317451, 3.90351867676, 3.07555699348, 2.09321880341, 1.74295270443, 1.47095143795, 3.01114916801, 2.59937143326, 2.81239724159, 2.38278841972, 1.98882472515, 2.27236557007, 1.31212627888, 0.701185405254, 0.350429296494, 0.189776092768, 0.0634171441197, 0.0163972321898, 0.00138370122295, 4.64618278784e-05], "dmean2": [0.136505633593, 2.1111574173, 8.39740467072, 13.0958595276, 9.41433525085, 5.69411802292, 10.9961700439, 40.9139633179, 30.4644680023, 9.35208320618, 4.64914512634, 3.24375295639, 6.88218641281, 7.95124769211, 17.3708343506, 8.10521221161, 4.08388328552, 6.30963516235, 4.8286318779, 6.00084257126, 5.43218326569, 6.46381473541, 5.04076004028, 3.20001602173, 2.5696554184, 2.09818196297, 4.98919820786, 4.34614849091, 4.72185373306, 4.03006219864, 3.33893990517, 3.99284434319, 2.29995632172, 1.20125722885, 0.57583296299, 0.308693110943, 0.10064034909, 0.0266613960266, 0.00219667633064, 7.09715677658e-05], "dvar": [0.0336923711002, 5.06463384628, 119.274337769, 635.506652832, 278.269073486, 105.426635742, 219.469680786, 5413.34472656, 2719.68457031, 339.046142578, 103.971992493, 50.9481658936, 220.312057495, 555.741699219, 2254.35058594, 502.430969238, 108.824264526, 297.688171387, 120.763832092, 170.306274414, 135.682723999, 476.004180908, 195.425628662, 41.6176528931, 21.2479400635, 14.8294219971, 122.752861023, 81.4303894043, 133.350448608, 79.8040161133, 41.4351119995, 139.731002808, 37.0639076233, 9.69267559052, 1.85087883472, 0.511912643909, 0.0554453730583, 0.00421080878004, 2.80846852547e-05, 1.72588787706e-08], "dvar2": [0.0935252606869, 12.2801008224, 232.025009155, 1701.86914062, 723.602905273, 267.891326904, 507.396392822, 11316.7441406, 6062.77441406, 681.742980957, 201.068328857, 121.037605286, 538.11920166, 1445.42248535, 5771.27148438, 1370.08239746, 227.110153198, 732.112731934, 305.372802734, 432.286712646, 322.087585449, 1348.87536621, 534.553771973, 98.3165130615, 48.1793899536, 32.2074966431, 337.539825439, 223.148101807, 375.055633545, 223.551864624, 112.890457153, 402.691009521, 106.006690979, 27.3855724335, 4.90000295639, 1.29186582565, 0.132936447859, 0.0101646715775, 6.57872951706e-05, 4.07026732319e-08], "max": [3.30559229851, 29.2205028534, 161.1512146, 321.600494385, 239.755981445, 185.511138916, 276.479888916, 1307.87524414, 1346.20300293, 559.133666992, 425.551452637, 127.216148376, 300.960235596, 846.531066895, 1082.5526123, 351.264099121, 247.797836304, 479.300994873, 185.808197021, 238.028137207, 268.864471436, 608.763000488, 243.638702393, 129.964019775, 78.0025787354, 60.272518158, 154.384674072, 131.041519165, 263.584075928, 124.120803833, 112.369338989, 186.351074219, 99.354675293, 50.9196166992, 19.7260437012, 9.94235038757, 3.25302624702, 0.929352164268, 0.0978466123343, 0.0020003572572], "mean": [0.175323039293, 3.34573340416, 11.1348018646, 11.1654014587, 7.15122795105, 4.91935014725, 18.5093898773, 41.2911491394, 39.8956184387, 14.6191444397, 7.30828619003, 4.07779359818, 7.82263422012, 5.22870588303, 18.8682880402, 5.93223714828, 3.46080160141, 5.19243955612, 3.64636659622, 5.36828660965, 5.37360048294, 4.17916154861, 3.34034371376, 2.66067910194, 2.37582826614, 2.04058241844, 2.92872333527, 2.53892254829, 2.73203492165, 2.24820399284, 1.92488563061, 1.8500777483, 1.11881148815, 0.647135078907, 0.350218087435, 0.187952339649, 0.0631964206696, 0.0152359642088, 0.00133080896921, 6.99339798302e-05], "median": [0.054999358952, 1.1590692997, 4.45122051239, 3.73430228233, 2.34581494331, 1.74763607979, 11.1693487167, 10.6992435455, 14.8336086273, 4.91917085648, 1.90075826645, 1.08848595619, 1.60428237915, 0.371473610401, 0.223506569862, 0.371954649687, 0.264415055513, 0.381345361471, 0.224106878042, 0.289686471224, 0.192644059658, 0.129561305046, 0.122068509459, 0.11054597795, 0.0992076769471, 0.0607350021601, 0.0474382266402, 0.0413448661566, 0.0425589047372, 0.0288748890162, 0.0223473347723, 0.0160899255425, 0.00922664999962, 0.00551836192608, 0.00303460238501, 0.00122022384312, 0.000275913393125, 4.2918134568e-05, 2.31071935559e-05, 3.13653581543e-05], "min": [2.61992539537e-23, 7.28195456882e-22, 2.37323853076e-21, 1.65735894703e-21, 1.37919280887e-20, 3.28322686965e-20, 4.22689648444e-20, 6.1603035349e-20, 7.83988019775e-20, 1.50068541371e-19, 1.54112007e-19, 3.18662309547e-19, 4.51363250455e-19, 5.3752233136e-19, 9.81417226558e-19, 1.33634864008e-18, 1.90059593626e-18, 1.9836519008e-18, 1.81531547626e-18, 2.95754726385e-18, 3.67467542501e-18, 4.41331338403e-18, 5.09765851636e-18, 6.19166319269e-18, 6.20130439632e-18, 7.533053602e-18, 9.17580865593e-18, 9.26433435227e-18, 1.09039725897e-17, 1.28201240709e-17, 1.21878685697e-17, 1.05437370872e-17, 9.37936870569e-18, 7.5802889237e-18, 6.17766605595e-18, 4.13492492169e-18, 2.36016156137e-18, 9.47328286334e-19, 2.46359305234e-19, 2.61730140167e-20], "var": [0.097277097404, 19.4612102509, 294.619628906, 604.513916016, 274.049530029, 116.023399353, 531.824890137, 8422.03515625, 5931.99023438, 995.34197998, 372.63861084, 77.9096832275, 324.508148193, 670.929077148, 5625.01074219, 474.474304199, 168.509811401, 449.091003418, 141.597381592, 241.585739136, 258.80670166, 327.868865967, 152.643386841, 57.0707435608, 35.2859992981, 28.7264709473, 94.1792144775, 65.4527206421, 95.9395294189, 57.155506134, 34.8575134277, 84.7265548706, 23.6018218994, 6.82911491394, 1.70572197437, 0.542766690254, 0.0620289556682, 0.00420015957206, 3.0940725992e-05, 2.00990175614e-08]}, "gfcc": {"mean": [-143.439315796, 148.515167236, -50.2538795471, 26.2147445679, -50.0748176575, -2.07907891273, -34.1326713562, 0.0820324420929, -8.68887138367, 3.15206646919, -5.866979599, -2.53454232216, -6.80138444901], "cov": [[32643.0722656, -4235.37158203, -2612.45776367, 2630.1652832, -1187.63916016, 1338.17016602, -1345.96154785, 585.179382324, -585.820129395, 827.630554199, -344.516693115, 642.016540527, -610.17791748], [-4235.37158203, 4369.07226562, 213.679092407, -1118.45019531, 612.284851074, -530.562438965, 576.568847656, -371.09085083, 329.532043457, -508.362792969, 232.700531006, -461.817871094, 250.274490356], [-2612.45776367, 213.679092407, 1661.02966309, 234.67678833, 139.835800171, -110.328170776, 154.963180542, 47.6977920532, 56.8731498718, 97.5429840088, -14.5817947388, -86.8593597412, -17.151517868], [2630.1652832, -1118.45019531, 234.67678833, 926.970947266, -36.9869117737, 219.826202393, -165.811157227, 119.188262939, -11.1643810272, 214.460449219, -16.427980423, 94.8892669678, -100.81362915], [-1187.63916016, 612.284851074, 139.835800171, -36.9869117737, 496.476135254, 58.8544120789, 218.324859619, -64.1118927002, 67.3290863037, -105.989143372, 37.6526603699, -90.0783462524, 24.8118934631], [1338.17016602, -530.562438965, -110.328170776, 219.826202393, 58.8544120789, 290.210266113, -3.20516467094, 68.2606430054, -59.3170204163, 36.3674354553, -47.383140564, 60.5586967468, -38.2339172363], [-1345.96154785, 576.568847656, 154.963180542, -165.811157227, 218.324859619, -3.20516467094, 264.414489746, -8.82843494415, 70.0261306763, -108.829177856, 19.010766983, -83.9212417603, 36.9823112488], [585.179382324, -371.09085083, 47.6977920532, 119.188262939, -64.1118927002, 68.2606430054, -8.82843494415, 149.395065308, 20.6465435028, 78.2320480347, -18.1327819824, 38.9671707153, -35.0478096008], [-585.820129395, 329.532043457, 56.8731498718, -11.1643810272, 67.3290863037, -59.3170204163, 70.0261306763, 20.6465435028, 160.8855896, 26.7640266418, 59.9449424744, -37.940738678, 16.0727119446], [827.630554199, -508.362792969, 97.5429840088, 214.460449219, -105.989143372, 36.3674354553, -108.829177856, 78.2320480347, 26.7640266418, 221.65586853, 44.8902320862, 70.9557876587, -35.1425590515], [-344.516693115, 232.700531006, -14.5817947388, -16.427980423, 37.6526603699, -47.383140564, 19.010766983, -18.1327819824, 59.9449424744, 44.8902320862, 131.281799316, 9.58198642731, 29.99451828], [642.016540527, -461.817871094, -86.8593597412, 94.8892669678, -90.0783462524, 60.5586967468, -83.9212417603, 38.9671707153, -37.940738678, 70.9557876587, 9.58198642731, 132.156982422, 5.54308080673], [-610.17791748, 250.274490356, -17.151517868, -100.81362915, 24.8118934631, -38.2339172363, 36.9823112488, -35.0478096008, 16.0727119446, -35.1425590515, 29.99451828, 5.54308080673, 93.8769989014]], "icov": [[0.000101194382296, -0.000223954426474, 0.000204661308089, -0.00033001738484, 0.000153950109961, -0.000232320700889, 0.000110166489321, -0.000224761271966, 0.000393238151446, -0.000393220805563, 0.000361189508112, -0.000272443139693, 0.000361324026017], [-0.000223954426474, 0.00152137933765, -0.000603490683716, 0.00126387609635, -0.000577336119022, 0.000739253475331, -0.000261948443949, 0.0011402014643, -0.00194941728842, 0.00209659570828, -0.00220188358799, 0.00240697991103, -0.0016020584153], [0.000204661308089, -0.000603490683716, 0.00139368965756, -0.00122766313143, 0.000101247467683, 0.000621040351689, -0.00104376394302, -0.00065825576894, 0.00167090108152, -0.00221287389286, 0.00174967595376, -0.000475069886306, 0.000621564337052], [-0.00033001738484, 0.00126387609635, -0.00122766313143, 0.00348248402588, -0.000986500759609, -0.000765439181123, 0.00139568792656, 0.000794938299805, -0.00267902947962, 0.00146747578401, -0.0021300020162, 0.00167004321702, -0.00071308290353], [0.000153950109961, -0.000577336119022, 0.000101247467683, -0.000986500759609, 0.00461429450661, -0.00236263731495, -0.00244854041375, 0.00188951799646, -0.00032733543776, 4.46546873718e-05, -0.000380298821256, -1.47145374285e-05, 0.00118224974722], [-0.000232320700889, 0.000739253475331, 0.000621040351689, -0.000765439181123, -0.00236263731495, 0.00846457853913, -0.00294779241085, -0.00148018123582, 0.00225984700955, -0.00061212683795, 0.00139709189534, -0.00135816750117, -0.00049110915279], [0.000110166489321, -0.000261948443949, -0.00104376394302, 0.00139568792656, -0.00244854041375, -0.00294779241085, 0.0118066240102, -0.00396057218313, -0.00259251240641, 0.00434515811503, -0.00195810501464, 0.00233188341372, -0.00140226772055], [-0.000224761271966, 0.0011402014643, -0.00065825576894, 0.000794938299805, 0.00188951799646, -0.00148018123582, -0.00396057218313, 0.0136324660853, -0.00486981775612, -0.00168283563107, 0.00130543799605, -0.00115334626753, 0.00163507042453], [0.000393238151446, -0.00194941728842, 0.00167090108152, -0.00267902947962, -0.00032733543776, 0.00225984700955, -0.00259251240641, -0.00486981775612, 0.0144430128857, -0.00587658956647, 0.000210393278394, 8.94277181942e-05, 0.000646298693027], [-0.000393220805563, 0.00209659570828, -0.00221287389286, 0.00146747578401, 4.46546873718e-05, -0.00061212683795, 0.00434515811503, -0.00168283563107, -0.00587658956647, 0.0152448611334, -0.00846122205257, 0.00104560412001, -0.000220147092477], [0.000361189508112, -0.00220188358799, 0.00174967595376, -0.0021300020162, -0.000380298821256, 0.00139709189534, -0.00195810501464, 0.00130543799605, 0.000210393278394, -0.00846122205257, 0.0167041514069, -0.0059047662653, -1.35412146847e-05], [-0.000272443139693, 0.00240697991103, -0.000475069886306, 0.00167004321702, -1.47145374285e-05, -0.00135816750117, 0.00233188341372, -0.00115334626753, 8.94277181942e-05, 0.00104560412001, -0.0059047662653, 0.0184178054333, -0.00720438500866], [0.000361324026017, -0.0016020584153, 0.000621564337052, -0.00071308290353, 0.00118224974722, -0.00049110915279, -0.00140226772055, 0.00163507042453, 0.000646298693027, -0.000220147092477, -1.35412146847e-05, -0.00720438500866, 0.0175066180527]]}, "melbands": {"dmean": [0.00110333727207, 0.00253053661436, 0.00132319529075, 0.00029525347054, 0.000215760504943, 0.00062761089066, 0.000309393188218, 6.32538940408e-05, 2.50817120104e-05, 1.4784922314e-05, 2.32007896557e-05, 1.83008542081e-05, 3.15282741212e-05, 2.36708910961e-05, 6.23904634267e-06, 5.83668361287e-06, 8.25941788207e-06, 4.85880309498e-06, 4.92275557917e-06, 6.3792540459e-06, 3.94452808905e-06, 4.0317058847e-06, 4.13998805016e-06, 1.83489839856e-06, 1.76125593043e-06, 1.4038342897e-06, 1.17400202271e-06, 9.16257647532e-07, 1.54673466568e-06, 2.45743467531e-06, 1.22218295928e-06, 1.32120408125e-06, 2.17007868741e-06, 1.03233219306e-06, 1.07357209345e-06, 1.26363352138e-06, 1.53028020122e-06, 1.00595252661e-06, 7.37322068289e-07, 5.60724458865e-07], "dmean2": [0.00169656705111, 0.00373664824292, 0.00214198231697, 0.000475630280562, 0.000323767744703, 0.00089331070194, 0.000439228257164, 9.23858533497e-05, 3.69176414097e-05, 2.15444033529e-05, 3.47100685758e-05, 3.08688649966e-05, 5.01077738591e-05, 3.94625712943e-05, 9.83312020253e-06, 8.98697999219e-06, 1.30604776132e-05, 7.92035734776e-06, 7.79287893238e-06, 9.89381715044e-06, 5.91218440604e-06, 6.68942857374e-06, 7.0469691309e-06, 2.88440060103e-06, 2.73752834801e-06, 2.1109140107e-06, 1.72818226929e-06, 1.33642458877e-06, 2.43672980105e-06, 4.40433905169e-06, 1.9754695586e-06, 2.12782833842e-06, 3.90991499444e-06, 1.68261647104e-06, 1.78879179202e-06, 2.17270894609e-06, 2.73410500995e-06, 1.77498156972e-06, 1.28317856252e-06, 9.61592832027e-07], "dvar": [3.70973248209e-06, 1.93377527467e-05, 1.58318380272e-05, 6.47143679089e-07, 1.99989713678e-07, 2.4683790798e-06, 5.25880579971e-07, 4.52314559141e-08, 5.90832893721e-09, 2.1482011725e-09, 5.71224934021e-09, 8.47509884494e-09, 1.77912458099e-08, 1.20756453725e-08, 6.92743917785e-10, 5.59965962488e-10, 1.52262480402e-09, 3.41631445355e-10, 3.79639680803e-10, 5.68053715178e-10, 1.541350797e-10, 5.05440411747e-10, 5.34181365808e-10, 4.30961134834e-11, 3.0085923336e-11, 1.47925127009e-11, 9.55526803514e-12, 6.17263445218e-12, 2.85185694504e-11, 1.01951606879e-10, 1.51401911841e-11, 2.58879046672e-11, 1.16351331347e-10, 9.2243287661e-12, 1.08135436369e-11, 2.30967987791e-11, 8.71050731543e-11, 2.41763067899e-11, 9.82322296422e-12, 6.53238574344e-12], "dvar2": [9.37070581131e-06, 3.95368188038e-05, 4.16157890868e-05, 1.65494600424e-06, 4.5614402211e-07, 5.23713470102e-06, 1.18793423098e-06, 8.44602254801e-08, 1.2363905455e-08, 4.89528950709e-09, 1.39683606903e-08, 2.21143547918e-08, 4.5199382015e-08, 3.28836975427e-08, 1.74333025793e-09, 1.17368414987e-09, 3.72688768735e-09, 8.51579307071e-10, 8.92740492642e-10, 1.48445056247e-09, 3.59587831733e-10, 1.43086986704e-09, 1.5189285385e-09, 1.07993815279e-10, 7.15154740982e-11, 3.42197797876e-11, 2.1005983411e-11, 1.37778287043e-11, 7.39344349632e-11, 2.93053747935e-10, 3.95310208179e-11, 7.06947347884e-11, 3.37877725798e-10, 2.41680443019e-11, 2.92195781459e-11, 6.37417271743e-11, 2.54225807073e-10, 6.93997082024e-11, 2.79002116549e-11, 1.84558340832e-11], "max": [0.0326630435884, 0.0592449046671, 0.0495771616697, 0.0147495549172, 0.00785583537072, 0.027087258175, 0.0180377680808, 0.00698566483334, 0.0031650820747, 0.000859753985424, 0.00153435883112, 0.00312884477898, 0.00287161092274, 0.0015965544153, 0.000785299285781, 0.000671976187732, 0.0011157511035, 0.000328563211951, 0.00053545209812, 0.000685048173182, 0.000227730954066, 0.000727643549908, 0.000407631247072, 0.000118340598419, 0.000117824587505, 5.30936740688e-05, 5.66584458284e-05, 4.47552629339e-05, 8.88982394827e-05, 0.000114553258754, 8.45448957989e-05, 0.000169681370608, 0.000165283418028, 4.25726902904e-05, 5.50711047254e-05, 9.16457647691e-05, 0.000159800649271, 8.2846127043e-05, 4.82334762637e-05, 4.29102328781e-05], "mean": [0.00253586331382, 0.00550834881142, 0.001882920973, 0.000360473641194, 0.000526981952135, 0.000954260700382, 0.000576462538447, 0.000142963166581, 5.19401910424e-05, 2.88638857455e-05, 3.88366752304e-05, 1.7583157387e-05, 5.29180724698e-05, 3.29712092935e-05, 7.0355281423e-06, 7.42433076084e-06, 1.03869397208e-05, 5.53828158445e-06, 6.26334758635e-06, 9.17601391848e-06, 5.5540563153e-06, 4.3315626499e-06, 4.06066101277e-06, 2.15372529055e-06, 2.17862157115e-06, 1.76511991867e-06, 1.61363425377e-06, 1.25187762023e-06, 1.69002476014e-06, 1.98131579054e-06, 1.30095907025e-06, 1.44402088154e-06, 1.69648342307e-06, 1.08097094653e-06, 1.06715970105e-06, 1.11432962058e-06, 1.17898650842e-06, 8.28333725167e-07, 6.65212610329e-07, 5.0497533266e-07], "median": [0.000830315519124, 0.00258320197463, 0.00073134037666, 0.000108801141323, 0.000314819277264, 0.000279048632365, 0.000221001726459, 3.69973276975e-05, 1.3055439922e-05, 6.21264280198e-06, 7.72224302636e-06, 9.57421320891e-07, 5.09443452756e-07, 1.05665662886e-06, 5.4684630868e-07, 4.66130785526e-07, 6.79977119944e-07, 2.82109425598e-07, 4.18234264998e-07, 2.77001220184e-07, 1.79764441555e-07, 1.1181459314e-07, 1.36982947652e-07, 7.1058281037e-08, 8.65023679353e-08, 7.0621837267e-08, 5.70442502124e-08, 3.27288702806e-08, 2.88287083094e-08, 2.50247431666e-08, 2.17425224491e-08, 2.46025670947e-08, 1.73892011901e-08, 1.46082275165e-08, 1.22457493035e-08, 1.11601394792e-08, 9.04205066377e-09, 6.14499295892e-09, 5.40723288367e-09, 4.16843626283e-09], "min": [5.62452007573e-25, 1.26418874784e-24, 6.56861943938e-25, 1.19873557803e-24, 1.49644902125e-24, 1.60018423029e-24, 1.18383567186e-24, 1.75788008904e-24, 1.05035084175e-24, 1.74063480079e-24, 2.05923560446e-24, 1.86968061197e-24, 2.30574280442e-24, 2.72815967537e-24, 2.95226657829e-24, 3.21050946473e-24, 2.98248192311e-24, 1.97942141908e-24, 2.84131467247e-24, 3.38037705282e-24, 3.15161587056e-24, 4.09438649661e-24, 3.46946311484e-24, 3.92515611092e-24, 3.87543657465e-24, 3.41429333858e-24, 4.00570551466e-24, 4.28004096635e-24, 4.80913470865e-24, 4.86364775822e-24, 4.46808489578e-24, 4.49089047011e-24, 5.07831101002e-24, 5.4821391626e-24, 6.79486681776e-24, 5.86951088783e-24, 5.48482247297e-24, 6.10407433926e-24, 5.90339206928e-24, 5.49349797077e-24], "var": [1.48895232996e-05, 5.19024179084e-05, 1.54663648573e-05, 6.81031451677e-07, 4.47081703214e-07, 3.98384008804e-06, 1.15340412776e-06, 1.41469087112e-07, 1.78559780295e-08, 4.49609327546e-09, 8.27007262671e-09, 9.63966240164e-09, 4.25560848782e-08, 1.52271759646e-08, 7.49819206725e-10, 9.54489265403e-10, 2.28793872736e-09, 3.94464516607e-10, 5.26740706608e-10, 1.03730180001e-09, 2.68555927496e-10, 3.54473894681e-10, 3.47777168175e-10, 4.63814889273e-11, 4.0396970491e-11, 2.10828125791e-11, 1.85983381473e-11, 1.13462026233e-11, 2.74840757791e-11, 6.23542745215e-11, 1.53584645002e-11, 2.26670366504e-11, 6.6882346883e-11, 9.0697805169e-12, 9.70607968998e-12, 1.72376158486e-11, 4.94625347625e-11, 1.48811431927e-11, 6.82457042267e-12, 4.5093820171e-12]}, "mfcc": {"mean": [-789.37487793, 168.298782349, 57.748008728, 34.727230072, 13.0501508713, 3.54714679718, -8.15149307251, -3.38984537125, -1.70798373222, 3.13260221481, 2.79669499397, 2.56860899925, 3.47010016441], "cov": [[17986.8925781, -3098.16723633, -1929.83276367, 203.136749268, 241.818695068, 488.073760986, -143.691482544, 135.696929932, -163.701950073, -157.983917236, -193.572128296, 302.615203857, 308.422912598], [-3098.16723633, 3631.43041992, 310.423431396, -158.532821655, 82.0597839355, -59.462638855, 92.6519470215, 13.3133878708, 75.4737319946, 124.263435364, 105.86403656, -118.786109924, -53.2266082764], [-1929.83276367, 310.423431396, 1298.10473633, 387.141601562, 46.4510345459, 7.68620920181, 65.1688995361, -48.1717376709, 58.1599693298, 95.8473968506, 79.2683181763, -15.9459981918, -72.0373764038], [203.136749268, -158.532821655, 387.141601562, 500.180175781, 191.364990234, 101.843032837, 19.6885051727, -25.0001983643, 3.00247883797, 46.0121269226, 75.7596435547, 71.2824707031, 30.4825229645], [241.818695068, 82.0597839355, 46.4510345459, 191.364990234, 238.802337646, 142.141525269, 64.2910461426, 27.080078125, 13.4020557404, 18.755109787, 31.3864364624, 36.6572227478, 29.616891861], [488.073760986, -59.462638855, 7.68620920181, 101.843032837, 142.141525269, 206.450912476, 99.2692108154, 52.1737480164, 33.5537490845, -0.662005722523, -0.86914139986, 25.2227954865, 16.3414554596], [-143.691482544, 92.6519470215, 65.1688995361, 19.6885051727, 64.2910461426, 99.2692108154, 165.320083618, 78.1747894287, 35.1604995728, 19.6233558655, -4.76599979401, -19.8266658783, -27.3007564545], [135.696929932, 13.3133878708, -48.1717376709, -25.0001983643, 27.080078125, 52.1737480164, 78.1747894287, 143.517166138, 69.6236724854, -2.39041137695, -15.2146615982, 2.86279892921, -5.41309070587], [-163.701950073, 75.4737319946, 58.1599693298, 3.00247883797, 13.4020557404, 33.5537490845, 35.1604995728, 69.6236724854, 110.480949402, 39.2558174133, 9.92328548431, 3.53007221222, -9.55519580841], [-157.983917236, 124.263435364, 95.8473968506, 46.0121269226, 18.755109787, -0.662005722523, 19.6233558655, -2.39041137695, 39.2558174133, 118.254013062, 72.5672531128, 7.92179203033, -8.85988426208], [-193.572128296, 105.86403656, 79.2683181763, 75.7596435547, 31.3864364624, -0.86914139986, -4.76599979401, -15.2146615982, 9.92328548431, 72.5672531128, 117.319786072, 56.3659706116, 17.0099582672], [302.615203857, -118.786109924, -15.9459981918, 71.2824707031, 36.6572227478, 25.2227954865, -19.8266658783, 2.86279892921, 3.53007221222, 7.92179203033, 56.3659706116, 116.46282196, 71.9767379761], [308.422912598, -53.2266082764, -72.0373764038, 30.4825229645, 29.616891861, 16.3414554596, -27.3007564545, -5.41309070587, -9.55519580841, -8.85988426208, 17.0099582672, 71.9767379761, 112.699485779]], "icov": [[9.50604589889e-05, 4.22800112574e-05, 0.000137105816975, -0.000120859927847, 9.72613852355e-05, -0.000306982023176, 0.000228005257668, -0.000195524669834, 0.000261495035375, -0.000303546403302, 0.000306731235469, -0.000171299630892, 6.35394599158e-06], [4.22800112574e-05, 0.000384875456803, -7.69758116803e-05, 0.000332296971465, -0.00050217815442, 0.000200087350095, -7.91125057731e-05, 9.49192690314e-06, -0.000150348932948, 5.06733704242e-06, -0.000561243330594, 0.000650887435768, -0.000332103169058], [0.000137105816975, -7.69758116803e-05, 0.00157697219402, -0.00164061191026, 0.000992581015453, -4.54232540505e-05, -0.000686427112669, 0.000744439894333, -0.000754213018809, -0.000292990036542, 0.000315981480526, -0.000139412950375, 0.000609756098129], [-0.000120859927847, 0.000332296971465, -0.00164061191026, 0.00517640262842, -0.00387284881435, 0.000118432813906, 0.000768080004491, 0.000394197821151, 0.000402901991038, -2.15995714825e-05, -0.00123122462537, -0.00083989527775, -7.8406094417e-07], [9.72613852355e-05, -0.00050217815442, 0.000992581015453, -0.00387284881435, 0.0109386201948, -0.00591234862804, -0.000134994610562, -0.00101726641878, 0.00141954992432, -0.000765338656493, -0.000362133345334, 0.00043445758638, -0.00108288880438], [-0.000306982023176, 0.000200087350095, -4.54232540505e-05, 0.000118432813906, -0.00591234862804, 0.0131663316861, -0.00678394315764, 0.00246107601561, -0.00429855100811, 0.00292959413491, 0.00016666870215, -0.00117588625289, -0.000415304821217], [0.000228005257668, -7.91125057731e-05, -0.000686427112669, 0.000768080004491, -0.000134994610562, -0.00678394315764, 0.0142431249842, -0.00769354309887, 0.00460537616163, -0.00415456807241, 0.00128731597215, 0.00126114720479, 0.00185618724208], [-0.000195524669834, 9.49192690314e-06, 0.000744439894333, 0.000394197821151, -0.00101726641878, 0.00246107601561, -0.00769354309887, 0.016193414107, -0.0105892410502, 0.00448877131566, -0.000161019823281, -0.00158949953038, 0.000227881289902], [0.000261495035375, -0.000150348932948, -0.000754213018809, 0.000402901991038, 0.00141954992432, -0.00429855100811, 0.00460537616163, -0.0105892410502, 0.0192556418478, -0.00888358801603, 0.00405898550525, -0.00243712356314, 0.00135760987177], [-0.000303546403302, 5.06733704242e-06, -0.000292990036542, -2.15995714825e-05, -0.000765338656493, 0.00292959413491, -0.00415456807241, 0.00448877131566, -0.00888358801603, 0.0204322692007, -0.0143106309697, 0.00615153461695, -0.00127853371669], [0.000306731235469, -0.000561243330594, 0.000315981480526, -0.00123122462537, -0.000362133345334, 0.00016666870215, 0.00128731597215, -0.000161019823281, 0.00405898550525, -0.0143106309697, 0.0249256100506, -0.014136931859, 0.00429134676233], [-0.000171299630892, 0.000650887435768, -0.000139412950375, -0.00083989527775, 0.00043445758638, -0.00117588625289, 0.00126114720479, -0.00158949953038, -0.00243712356314, 0.00615153461695, -0.014136931859, 0.0244975853711, -0.0120352096856], [6.35394599158e-06, -0.000332103169058, 0.000609756098129, -7.8406094417e-07, -0.00108288880438, -0.000415304821217, 0.00185618724208, 0.000227881289902, 0.00135760987177, -0.00127853371669, 0.00429134676233, -0.0120352096856, 0.0169475860894]]}, "spectral_contrast_coeffs": {"dmean": [0.048478487879, 0.0431884750724, 0.0366052165627, 0.0288497861475, 0.0215536542237, 0.0199091415852], "dmean2": [0.0780399441719, 0.0677997022867, 0.0563575513661, 0.0449118837714, 0.0331237241626, 0.0313412994146], "dvar": [0.00196553207934, 0.00181918416638, 0.00113967456855, 0.000680811761413, 0.000441952171968, 0.000376945448807], "dvar2": [0.00487921154127, 0.00411926582456, 0.00252474984154, 0.00149860407691, 0.000942798913456, 0.000936978205573], "max": [-0.300384819508, -0.246820911765, -0.448007196188, -0.512885510921, -0.586151361465, -0.642333090305], "mean": [-0.604199826717, -0.640471339226, -0.742927610874, -0.802925288677, -0.825775980949, -0.816256940365], "median": [-0.604061067104, -0.64500784874, -0.755440235138, -0.815001189709, -0.835909187794, -0.81843650341], "min": [-0.982555687428, -0.980856060982, -0.987265884876, -0.983509004116, -0.984865784645, -0.968701601028], "var": [0.00862638186663, 0.00952412374318, 0.00912412442267, 0.00516464654356, 0.00318693066947, 0.00195110135246]}, "spectral_contrast_valleys": {"dmean": [0.438591599464, 0.36976364255, 0.505073606968, 0.507573127747, 0.546552300453, 0.693089008331], "dmean2": [0.682979941368, 0.561075389385, 0.708268821239, 0.675213038921, 0.669333279133, 0.832607865334], "dvar": [0.167248412967, 0.156695112586, 0.309475332499, 0.297525912523, 0.406155914068, 0.637767970562], "dvar2": [0.340752214193, 0.304203718901, 0.575231730938, 0.512247264385, 0.722442746162, 1.23883330822], "max": [-4.98611354828, -4.65559339523, -5.20118188858, -5.8991217