{"lowlevel": {"average_loudness": 0.337815105915, "barkbands_crest": {"dmean": 1.51018333435, "dmean2": 2.31371951103, "dvar": 4.01848077774, "dvar2": 9.13387775421, "max": 26.8818416595, "mean": 15.5563249588, "median": 15.0124902725, "min": 4.21684885025, "var": 24.0975952148}, "barkbands_flatness_db": {"dmean": 0.0337751880288, "dmean2": 0.0581782534719, "dvar": 0.000894473399967, "dvar2": 0.00247460533865, "max": 0.709787487984, "mean": 0.509268701077, "median": 0.516533970833, "min": 0.0580960474908, "var": 0.00519238132983}, "barkbands_kurtosis": {"dmean": 2.85419940948, "dmean2": 4.4077038765, "dvar": 98.6123199463, "dvar2": 210.952636719, "max": 526.504333496, "mean": 6.72538137436, "median": 2.07681274414, "min": -1.91618824005, "var": 359.537322998}, "barkbands_skewness": {"dmean": 0.416772454977, "dmean2": 0.631178319454, "dvar": 0.351885944605, "dvar2": 0.805912792683, "max": 11.8928337097, "mean": -0.0338666066527, "median": 0.138132512569, "min": -11.7002792358, "var": 2.94175076485}, "barkbands_spread": {"dmean": 0.549099266529, "dmean2": 0.866785287857, "dvar": 0.912560999393, "dvar2": 2.2333881855, "max": 45.020652771, "mean": 2.97274756432, "median": 2.17441606522, "min": 0.0484448820353, "var": 12.4913568497}, "dissonance": {"dmean": 0.0592634379864, "dmean2": 0.102763622999, "dvar": 0.00398335885257, "dvar2": 0.010455080308, "max": 0.499959886074, "mean": 0.242243617773, "median": 0.236329972744, "min": 0.0213932339102, "var": 0.00936987623572}, "dynamic_complexity": 6.19041442871, "erbbands_crest": {"dmean": 1.8037828207, "dmean2": 2.71636366844, "dvar": 6.62497377396, "dvar2": 15.2797174454, "max": 34.7149276733, "mean": 19.7360248566, "median": 18.9765415192, "min": 2.49553060532, "var": 43.5290679932}, "erbbands_flatness_db": {"dmean": 0.0205041468143, "dmean2": 0.0346631743014, "dvar": 0.000435184803791, "dvar2": 0.00112110900227, "max": 0.657290637493, "mean": 0.500729203224, "median": 0.506371617317, "min": 0.0288934577256, "var": 0.00413138046861}, "erbbands_kurtosis": {"dmean": 1.99711072445, "dmean2": 2.76718974113, "dvar": 17.3887271881, "dvar2": 32.4287528992, "max": 224.176437378, "mean": 6.92233371735, "median": 2.46088933945, "min": -1.84181451797, "var": 162.796737671}, "erbbands_skewness": {"dmean": 0.342368781567, "dmean2": 0.485234946012, "dvar": 0.219958052039, "dvar2": 0.434295088053, "max": 12.9394712448, "mean": 0.134591028094, "median": 0.272835642099, "min": -7.56013202667, "var": 2.83638644218}, "erbbands_spread": {"dmean": 0.685564637184, "dmean2": 1.02151250839, "dvar": 1.91645181179, "dvar2": 4.78877735138, "max": 101.892745972, "mean": 4.56833457947, "median": 3.74650001526, "min": 0.189344584942, "var": 22.8725128174}, "hfc": {"dmean": 2.0263543129, "dmean2": 2.37527990341, "dvar": 25.631811142, "dvar2": 41.9681396484, "max": 174.718063354, "mean": 7.68400144577, "median": 4.10519123077, "min": 1.07565759528e-16, "var": 116.444213867}, "melbands_crest": {"dmean": 1.81828737259, "dmean2": 2.7677590847, "dvar": 5.89261674881, "dvar2": 13.5489444733, "max": 35.3653717041, "mean": 18.6371097565, "median": 17.7509975433, "min": 1.50538253784, "var": 39.7732276917}, "melbands_flatness_db": {"dmean": 0.0387741066515, "dmean2": 0.0673361867666, "dvar": 0.00111932528671, "dvar2": 0.00315478630364, "max": 0.854852974415, "mean": 0.634686052799, "median": 0.642861783504, "min": 0.00273151020519, "var": 0.00800451356918}, "melbands_kurtosis": {"dmean": 1.88155281544, "dmean2": 2.93282103539, "dvar": 30.8485183716, "dvar2": 85.2858276367, "max": 449.289978027, "mean": 4.55699920654, "median": 1.53978919983, "min": -1.88809418678, "var": 122.612205505}, "melbands_skewness": {"dmean": 0.358419656754, "dmean2": 0.543063223362, "dvar": 0.240095764399, "dvar2": 0.56134146452, "max": 12.092839241, "mean": 0.233872622252, "median": 0.368084639311, "min": -7.87076234818, "var": 2.19054293633}, "melbands_spread": {"dmean": 0.946988761425, "dmean2": 1.48485410213, "dvar": 4.52444410324, "dvar2": 10.4327936172, "max": 153.477355957, "mean": 5.62517976761, "median": 3.89500522614, "min": 0.190679743886, "var": 120.148071289}, "pitch_salience": {"dmean": 0.0434336811304, "dmean2": 0.0680598318577, "dvar": 0.00393321551383, "dvar2": 0.00965721532702, "max": 0.946918129921, "mean": 0.442764341831, "median": 0.448205411434, "min": 0.0373377427459, "var": 0.019101139158}, "silence_rate_20dB": {"dmean": 0, "dmean2": 0, "dvar": 0, "dvar2": 0, "max": 1, "mean": 1, "median": 1, "min": 1, "var": 0}, "silence_rate_30dB": {"dmean": 0.00646394770592, "dmean2": 0.0129284840077, "dvar": 0.00642123492435, "dvar2": 0.0145811717957, "max": 1, "mean": 0.991032838821, "median": 1, "min": 0, "var": 0.00888659246266}, "silence_rate_60dB": {"dmean": 0.0558084473014, "dmean2": 0.111621975899, "dvar": 0.0526997223496, "dvar2": 0.107441693544, "max": 1, "mean": 0.247257500887, "median": 0, "min": 0, "var": 0.186088353395}, "spectral_centroid": {"dmean": 22.3969955444, "dmean2": 32.3686752319, "dvar": 5465.05664062, "dvar2": 10082.5888672, "max": 11797, "mean": 524.431152344, "median": 427.684997559, "min": 246.64730835, "var": 762439.875}, "spectral_complexity": {"dmean": 0.727421700954, "dmean2": 1.19224286079, "dvar": 1.32212269306, "dvar2": 2.537961483, "max": 18, "mean": 5.08329916, "median": 5, "min": 0, "var": 6.99565601349}, "spectral_decrease": {"dmean": 1.10461539915e-09, "dmean2": 1.36157085606e-09, "dvar": 6.0373832551e-18, "dvar2": 1.03792034188e-17, "max": 1.91134198802e-28, "mean": -4.51950876723e-09, "median": -2.60466936908e-09, "min": -9.50602228045e-08, "var": 3.08196544366e-17}, "spectral_energy": {"dmean": 0.00434943335131, "dmean2": 0.00534753594548, "dvar": 9.40463942243e-05, "dvar2": 0.000161170202773, "max": 0.373849898577, "mean": 0.0177546180785, "median": 0.0102528184652, "min": 9.99687917611e-21, "var": 0.000478166271932}, "spectral_energyband_high": {"dmean": 2.89649886298e-08, "dmean2": 4.34207727551e-08, "dvar": 5.10098853348e-13, "dvar2": 1.2966286031e-12, "max": 8.25598981464e-05, "mean": 3.880128574e-08, "median": 2.38166064648e-09, "min": 7.07053631212e-21, "var": 4.88911970804e-13}, "spectral_energyband_low": {"dmean": 0.000683991645928, "dmean2": 0.00109600939322, "dvar": 4.64162849312e-06, "dvar2": 1.130381861e-05, "max": 0.0567281991243, "mean": 0.00147290877067, "median": 0.000235842249822, "min": 9.5017507173e-24, "var": 1.19675787573e-05}, "spectral_energyband_middle_high": {"dmean": 0.000576926337089, "dmean2": 0.000653295661323, "dvar": 1.48484050442e-05, "dvar2": 2.44583334279e-05, "max": 0.196330145001, "mean": 0.00142177334055, "median": 0.00010197031952, "min": 1.18141667091e-21, "var": 5.00251735502e-05}, "spectral_energyband_middle_low": {"dmean": 0.00360230822116, "dmean2": 0.00445657130331, "dvar": 6.01772117079e-05, "dvar2": 0.000105115643237, "max": 0.259736567736, "mean": 0.0153868384659, "median": 0.00888835079968, "min": 1.72360794024e-22, "var": 0.000350080401404}, "spectral_entropy": {"dmean": 0.157368376851, "dmean2": 0.246440082788, "dvar": 0.0600670240819, "dvar2": 0.138753369451, "max": 9.82553195953, "mean": 4.57591676712, "median": 4.51595497131, "min": 2.57399916649, "var": 0.469267874956}, "spectral_flux": {"dmean": 0.0148464711383, "dmean2": 0.0230188760906, "dvar": 0.000864331668708, "dvar2": 0.00195203674957, "max": 0.42494559288, "mean": 0.0276805646718, "median": 0.0166462529451, "min": 6.39465910779e-11, "var": 0.00121364928782}, "spectral_kurtosis": {"dmean": 137.663879395, "dmean2": 244.825439453, "dvar": 17759.6191406, "dvar2": 53070.015625, "max": 1531.61120605, "mean": 326.129699707, "median": 295.113769531, "min": -1.26839756966, "var": 28698.5859375}, "spectral_rms": {"dmean": 0.000468774640467, "dmean2": 0.000550832424778, "dvar": 6.93421441156e-07, "dvar2": 1.0924891285e-06, "max": 0.0190979484469, "mean": 0.00347142596729, "median": 0.00316271255724, "min": 3.12298776249e-12, "var": 5.27071051692e-06}, "spectral_rolloff": {"dmean": 31.3368759155, "dmean2": 56.07787323, "dvar": 38168.6953125, "dvar2": 65528.0859375, "max": 20047.4121094, "mean": 675.823120117, "median": 538.330078125, "min": 21.533203125, "var": 2230631.5}, "spectral_skewness": {"dmean": 2.68859124184, "dmean2": 4.72917699814, "dvar": 6.03856897354, "dvar2": 17.6268215179, "max": 32.2565879822, "mean": 14.4368553162, "median": 14.4827213287, "min": -0.101079620421, "var": 15.597369194}, "spectral_spread": {"dmean": 441604.1875, "dmean2": 791506.4375, "dvar": 312570773504, "dvar2": 897722351616, "max": 43229740, "mean": 1032010.75, "median": 607793.5, "min": 67039.15625, "var": 11248825532400.0}, "spectral_strongpeak": {"dmean": 0.301159083843, "dmean2": 0.411127746105, "dvar": 0.361716687679, "dvar2": 0.664478957653, "max": 13.0011510849, "mean": 1.43239688873, "median": 1.10722577572, "min": 0, "var": 1.73205089569}, "zerocrossingrate": {"dmean": 0.00138133717701, "dmean2": 0.00176887761336, "dvar": 1.63535787578e-05, "dvar2": 2.64083446382e-05, "max": 0.53857421875, "mean": 0.0252439789474, "median": 0.02001953125, "min": 0.00341796875, "var": 0.00176005507819}, "barkbands": {"dmean": [1.36148400998e-06, 0.00032366454252, 0.000370572932297, 0.000186059027328, 0.000882973370608, 0.000997699564323, 0.000573921424802, 0.000931096961722, 0.000571126816794, 0.000598252634518, 9.89118707366e-05, 9.33582123253e-06, 6.91545528753e-06, 4.51716368843e-06, 1.04375351384e-06, 4.662756794e-07, 2.78231198081e-07, 1.08005004051e-07, 2.15342183196e-07, 6.54590053273e-08, 3.18649973075e-09, 1.02664154955e-09, 8.15109479912e-10, 7.57253926231e-10, 7.2834227538e-10, 7.12343017906e-10, 7.60233653807e-10], "dmean2": [2.33636592384e-06, 0.00053228699835, 0.000612836738583, 0.000286020949716, 0.00124452344608, 0.001359927468, 0.000809273682535, 0.00135599391069, 0.000606684887316, 0.000652055256069, 0.000128407205921, 1.34323936436e-05, 9.2394893727e-06, 6.03840589974e-06, 1.52415975663e-06, 7.13185784207e-07, 4.0496922793e-07, 1.28596099103e-07, 2.12931453802e-07, 7.96227297428e-08, 4.89375517887e-09, 1.8338376373e-09, 1.48971013303e-09, 1.39425015977e-09, 1.3411297628e-09, 1.31139221704e-09, 1.39962763601e-09], "dvar": [1.78545910695e-11, 1.35420361858e-06, 1.45033925492e-06, 4.08863087387e-07, 6.67934318699e-06, 8.98167581909e-06, 2.8844838198e-06, 1.21652719827e-05, 5.70276415601e-06, 1.42061790029e-05, 1.65666074281e-06, 1.66638236543e-09, 5.34299138266e-09, 1.67084246439e-09, 7.1273695279e-11, 2.84048236321e-11, 1.26767684891e-11, 4.79857299729e-12, 8.88371928104e-12, 1.78155428777e-12, 3.02836005039e-15, 7.42731758584e-18, 3.20278087967e-18, 2.0154208062e-18, 1.8645800788e-18, 1.78187132333e-18, 2.02843649314e-18], "dvar2": [4.669118564e-11, 3.31157389155e-06, 3.61019760931e-06, 8.51353206599e-07, 1.3324347492e-05, 1.71363535628e-05, 5.88359398535e-06, 2.67000177701e-05, 7.12503288014e-06, 2.27961209021e-05, 2.93011953545e-06, 3.39642336478e-09, 1.04192041661e-08, 3.48006046202e-09, 1.48758824703e-10, 6.3983013332e-11, 2.57825306244e-11, 9.17646514331e-12, 1.06529516111e-11, 3.70214015694e-12, 4.94516384629e-15, 1.55868058191e-17, 8.67980469087e-18, 6.51676916166e-18, 6.02838642517e-18, 5.76194327806e-18, 6.56043354466e-18], "max": [0.000208370998735, 0.0386153534055, 0.0370715111494, 0.0318397879601, 0.10124258697, 0.140641078353, 0.0674710795283, 0.114701136947, 0.110860735178, 0.192131489515, 0.0813392996788, 0.00135232135653, 0.00591396493837, 0.00427092285827, 0.000674409500789, 0.000299101171549, 0.000237967309658, 0.00028887897497, 0.000302207568893, 0.000135267051519, 4.79227173855e-06, 1.80224489554e-07, 1.12514221939e-07, 2.60466208601e-08, 2.505711727e-08, 2.45087132811e-08, 2.61457113737e-08], "mean": [1.47224091052e-06, 0.000606170448009, 0.000682649493683, 0.000515420571901, 0.00343499798328, 0.00405283318833, 0.0019441775512, 0.00288595026359, 0.0018469291972, 0.00151503260713, 0.000210656042327, 2.5923787689e-05, 1.65328146977e-05, 1.04483806354e-05, 3.13052237289e-06, 8.42152928726e-07, 5.83922485475e-07, 2.49824751108e-07, 4.74144542295e-07, 1.03731458978e-07, 4.30561808429e-09, 9.75313940721e-10, 7.14959702552e-10, 6.45348108286e-10, 6.33886498846e-10, 6.40397401774e-10, 7.02076508041e-10], "median": [4.30902161952e-07, 3.55763331754e-05, 5.31394580321e-05, 4.01379656978e-05, 0.000875272438861, 0.000936719530728, 0.000437776296167, 0.000252798985457, 0.00010569011647, 4.30569853052e-05, 1.05469780465e-05, 2.1828006993e-06, 6.64344781853e-07, 4.96214624945e-07, 1.01162640931e-07, 2.88793646774e-08, 2.00812468876e-08, 7.07516845111e-09, 7.27597182504e-09, 1.21377752293e-09, 3.20064835746e-10, 2.17561246796e-10, 1.79703085745e-10, 1.75323700002e-10, 1.83275755683e-10, 1.9963872222e-10, 2.33561670004e-10], "min": [6.14520525103e-25, 1.47936268847e-24, 3.26651104552e-25, 1.64217746564e-24, 3.43646309103e-24, 6.53377279079e-24, 1.59697701767e-24, 4.85070255076e-24, 6.97853809118e-24, 1.36929939503e-23, 1.30791449923e-23, 1.89671412577e-23, 3.20544320278e-23, 2.83829881779e-23, 5.30439854546e-23, 6.60210944443e-23, 6.94595624253e-23, 8.27912486146e-23, 9.55140414703e-23, 1.49053059231e-22, 2.5510916016e-22, 3.06525826541e-22, 3.66110421844e-22, 5.35236040497e-22, 8.22722046447e-22, 1.20288762197e-21, 1.94304019069e-21], "var": [1.94880587362e-11, 4.55264171251e-06, 2.75966681329e-06, 2.21302866521e-06, 4.01585821237e-05, 5.7979606936e-05, 1.97777990252e-05, 5.07592048962e-05, 3.68870641978e-05, 5.10796526214e-05, 4.51471487395e-06, 6.55432641494e-09, 1.4708656515e-08, 3.88848953037e-09, 2.69929717467e-10, 4.9356185805e-11, 2.84543881512e-11, 1.29848397659e-11, 3.94919270896e-11, 3.06577051072e-12, 6.10068153425e-15, 1.52539764647e-17, 3.96768430467e-18, 1.68062596731e-18, 1.55110768136e-18, 1.48311726072e-18, 1.68543281725e-18]}, "erbbands": {"dmean": [0.00384250492789, 0.0926651060581, 0.401493221521, 0.480300843716, 1.32081246376, 3.12697935104, 7.54368066788, 7.32983493805, 7.69839382172, 14.3035049438, 17.7256774902, 14.4810791016, 17.2976303101, 12.0971097946, 1.82785487175, 0.438137501478, 0.321828722954, 0.293306291103, 0.0894342660904, 0.0399511232972, 0.0203081239015, 0.0137898502871, 0.00829640869051, 0.0119525548071, 0.00644088629633, 0.00306335603818, 0.000491642276756, 8.17795589683e-05, 3.97101066483e-05, 2.98029808619e-05, 2.28194494412e-05, 1.74161432369e-05, 1.2906784832e-05, 9.20222646528e-06, 6.24074255029e-06, 3.92826814277e-06, 2.06276581594e-06, 5.86461226249e-07, 2.076745659e-06, 4.88129990117e-06], "dmean2": [0.00595349445939, 0.15301643312, 0.669548690319, 0.727941930294, 1.90964591503, 4.41809129715, 10.6064748764, 9.97887420654, 10.595908165, 21.606918335, 23.3347129822, 15.4165153503, 17.9935932159, 14.2682275772, 2.35060191154, 0.599168598652, 0.425539016724, 0.386676818132, 0.125154942274, 0.0589006468654, 0.0304347313941, 0.0197169426829, 0.0101100141183, 0.0100665055215, 0.00824856106192, 0.00408244272694, 0.000645340245683, 0.000127128252643, 6.93004112691e-05, 5.32420162926e-05, 4.10598004237e-05, 3.11204748868e-05, 2.26972169912e-05, 1.57332142408e-05, 1.02394724308e-05, 6.13224256085e-06, 3.10251812152e-06, 9.50302194269e-07, 2.53564098784e-06, 5.98281576458e-06], "dvar": [0.000162618962349, 0.111677117646, 1.78307390213, 2.17912721634, 27.342880249, 100.86869812, 728.010925293, 529.278747559, 516.916503906, 3523.0859375, 4473.93798828, 3549.32495117, 6160.89013672, 13062.5029297, 180.159957886, 3.2402074337, 8.56065940857, 5.35891580582, 0.411512434483, 0.071355573833, 0.0401170291007, 0.0395804941654, 0.0145302759483, 0.0284328777343, 0.018442466855, 0.00667739892378, 6.67797794449e-05, 1.32363004468e-06, 1.93541556115e-08, 5.0211963476e-09, 2.02169814223e-09, 1.0438224729e-09, 5.48957101998e-10, 2.70484468157e-10, 1.21633661476e-10, 4.90288712407e-11, 1.41969361614e-11, 1.13740744254e-12, 2.15462647724e-11, 1.19175155855e-10], "dvar2": [0.000305848137941, 0.278520077467, 4.58653926849, 4.71604681015, 52.5767974854, 201.784362793, 1464.61132812, 1023.93347168, 1037.61315918, 8268.0390625, 7460.46044922, 4458.33203125, 8952.65625, 21884.5449219, 326.82208252, 6.09667634964, 16.2618045807, 10.7879524231, 0.914981245995, 0.151005968451, 0.090300232172, 0.0763608291745, 0.0258302167058, 0.0179858896881, 0.0370473377407, 0.0159970633686, 0.000129250140162, 2.67837367574e-06, 3.46160469178e-08, 1.17809300093e-08, 5.97459770546e-09, 3.23432969296e-09, 1.66997649043e-09, 7.85541909298e-10, 3.2399077865e-10, 1.14534694229e-10, 2.98226651707e-11, 2.88507455773e-12, 3.62801386156e-11, 2.03415936872e-10], "max": [0.683885872364, 11.0076007843, 36.8403968811, 42.543006897, 299.506561279, 342.661499023, 2073.51855469, 1172.97668457, 891.83782959, 2186.34179688, 3088.50878906, 3117.36914062, 3180.44458008, 7453.76806641, 749.441040039, 75.7611694336, 229.272766113, 205.824279785, 51.0073890686, 26.0103340149, 11.0537042618, 15.9849290848, 13.4414215088, 21.9851551056, 10.4040632248, 9.30854415894, 0.74226796627, 0.147895112634, 0.00905393622816, 0.00423185480759, 0.0020166602917, 0.00076052028453, 0.00052434328245, 0.000389506836655, 0.000275178899756, 0.000191108556464, 0.000116482355224, 2.72231063718e-05, 0.000177754336619, 0.000419195683207], "mean": [0.00789694581181, 0.17436799407, 0.727922976017, 1.26621448994, 4.32845163345, 12.4435510635, 31.3630561829, 29.0278892517, 28.0873851776, 44.3580513, 58.2102127075, 49.7949371338, 47.9085235596, 29.2581558228, 4.40201234818, 1.2699354887, 0.81264847517, 0.696152567863, 0.235142573714, 0.110895864666, 0.0406513661146, 0.03009557724, 0.0206866059452, 0.0308811143041, 0.0100592179224, 0.00431850133464, 0.000879745406564, 0.000127227554913, 4.83814328618e-05, 3.51675880665e-05, 2.84127581835e-05, 2.4195331207e-05, 2.08805595321e-05, 1.77893598448e-05, 1.45906524267e-05, 1.09549591798e-05, 6.40432108412e-06, 1.36547623697e-06, 8.48239324114e-06, 1.98780453502e-05], "median": [0.000739254581276, 0.0133377928287, 0.0777063816786, 0.216175243258, 0.483758538961, 2.42340707779, 6.14972400665, 7.24696493149, 7.75030660629, 8.34328174591, 6.98544073105, 4.4022397995, 2.99617123604, 1.29832923412, 0.573223352432, 0.189308896661, 0.0766328200698, 0.0664774626493, 0.0217316485941, 0.00768049899489, 0.00251198932528, 0.00122602493502, 0.000882617197931, 0.000584751425777, 0.00021710646979, 7.72265047999e-05, 2.90074603981e-05, 1.70446692209e-05, 1.43125471368e-05, 1.32554259835e-05, 1.25109700093e-05, 1.17153449537e-05, 1.08807525976e-05, 9.74101931206e-06, 8.22686524771e-06, 6.25245411356e-06, 3.67599841411e-06, 7.4128365668e-07, 4.89310650664e-06, 1.14702861538e-05], "min": [5.22469077742e-23, 2.25067519353e-22, 1.23112031006e-21, 5.27681817592e-21, 7.8359085999e-21, 2.47655742823e-20, 4.52322359913e-20, 4.6615385373e-20, 1.02672029312e-19, 1.26851817549e-19, 1.52661028808e-19, 2.38004858596e-19, 4.63711661133e-19, 8.35207780012e-19, 1.16326223428e-18, 7.38757693408e-19, 1.55970022677e-18, 1.30862320031e-18, 2.55342920956e-18, 2.98527456478e-18, 4.12295768618e-18, 3.82234577592e-18, 5.9614679272e-18, 5.81111627034e-18, 7.14521921846e-18, 7.54157935257e-18, 8.77356644048e-18, 9.70247703349e-18, 9.5440669831e-18, 1.15206340819e-17, 1.11537662454e-17, 1.09823735953e-17, 8.92745512164e-18, 7.75356092815e-18, 6.5239652194e-18, 4.23778152214e-18, 1.95721210649e-18, 8.00625788445e-19, 2.48687043177e-19, 2.66764794352e-20], "var": [0.00107289629523, 0.334077835083, 3.02344202995, 7.8257226944, 144.693954468, 690.876708984, 4825.64208984, 3268.56030273, 3775.71826172, 11433.34375, 27113.7539062, 24559.6914062, 26170.375, 43712.2304688, 501.848297119, 14.3556585312, 25.2036628723, 13.6199388504, 1.00022375584, 0.276878923178, 0.0693091452122, 0.0994848906994, 0.0444186069071, 0.185353025794, 0.0264367554337, 0.00695953285322, 0.000172530984855, 3.22667688124e-06, 4.95683138979e-08, 9.20623399736e-09, 2.64809152384e-09, 1.38871925071e-09, 8.82888151477e-10, 5.66937163882e-10, 3.48123641025e-10, 1.85798224028e-10, 6.22221649205e-11, 3.3705648949e-12, 1.10102565953e-10, 6.03374739061e-10]}, "gfcc": {"mean": [-333.532989502, 256.609741211, -53.0215492249, -82.2480621338, -50.0594596863, -30.2706623077, -23.8601856232, -5.81124258041, -9.43531036377, -13.9058189392, 0.0735925808549, -11.8645734787, -1.32955694199], "cov": [[18467.2324219, 4431.59619141, -1319.74316406, -903.022644043, 1012.36431885, -339.495513916, -80.62474823, -247.811355591, -281.78024292, -459.471496582, 46.0339775085, -600.90838623, -100.059234619], [4431.59619141, 1830.79736328, 221.805465698, -353.538757324, 210.561004639, -87.3004226685, -120.342079163, -182.727722168, -107.18460083, -216.338058472, -39.4615592957, -162.625473022, -9.11535930634], [-1319.74316406, 221.805465698, 1216.64025879, 207.050521851, -294.80960083, 71.5044174194, -16.5268497467, -171.984817505, -23.7491722107, -53.7250022888, -113.902130127, 15.7223491669, 33.2377281189], [-903.022644043, -353.538757324, 207.050521851, 446.647583008, 75.9604263306, 39.9438018799, 84.3450012207, 84.8551025391, 26.6172103882, 55.7661361694, -34.9709892273, -37.535118103, -56.2652778625], [1012.36431885, 210.561004639, -294.80960083, 75.9604263306, 460.748901367, 69.5620651245, 13.7020664215, 83.1248931885, 28.9866085052, -11.6246490479, 19.9603881836, -75.9799728394, -51.9420585632], [-339.495513916, -87.3004226685, 71.5044174194, 39.9438018799, 69.5620651245, 240.243057251, 142.36517334, 27.804857254, 7.14816570282, -15.107922554, -73.2580337524, 2.13185858727, 49.6298484802], [-80.62474823, -120.342079163, -16.5268497467, 84.3450012207, 13.7020664215, 142.36517334, 307.046936035, 179.198898315, -8.84562110901, -13.8918209076, -46.4215660095, -76.1901626587, -10.5424633026], [-247.811355591, -182.727722168, -171.984817505, 84.8551025391, 83.1248931885, 27.804857254, 179.198898315, 280.967803955, 124.211616516, 77.2067947388, 41.833404541, -54.6478843689, -104.192008972], [-281.78024292, -107.18460083, -23.7491722107, 26.6172103882, 28.9866085052, 7.14816570282, -8.84562110901, 124.211616516, 198.62852478, 139.717254639, 58.2795143127, 9.23543834686, -66.1187133789], [-459.471496582, -216.338058472, -53.7250022888, 55.7661361694, -11.6246490479, -15.107922554, -13.8918209076, 77.2067947388, 139.717254639, 168.755844116, 97.4075241089, 36.9447860718, -39.5019645691], [46.0339775085, -39.4615592957, -113.902130127, -34.9709892273, 19.9603881836, -73.2580337524, -46.4215660095, 41.833404541, 58.2795143127, 97.4075241089, 171.3646698, 104.307868958, -18.1590442657], [-600.90838623, -162.625473022, 15.7223491669, -37.535118103, -75.9799728394, 2.13185858727, -76.1901626587, -54.6478843689, 9.23543834686, 36.9447860718, 104.307868958, 222.790039062, 129.908828735], [-100.059234619, -9.11535930634, 33.2377281189, -56.2652778625, -51.9420585632, 49.6298484802, -10.5424633026, -104.192008972, -66.1187133789, -39.5019645691, -18.1590442657, 129.908828735, 220.743881226]], "icov": [[0.000295317207929, -0.000785624142736, 0.000737879541703, -0.00067770545138, 0.000395739334635, -6.97538343957e-05, -0.000623094034381, 0.00116179720499, -0.00127350969706, 0.00120467226952, -0.0013193191262, 0.000967621046584, -0.000398861913709], [-0.000785624142736, 0.00363931548782, -0.00267053465359, 0.00271298224106, -0.00177850970067, 0.000342785293469, 0.00171358999796, -0.00207595387474, 0.00120812642854, 0.000551023695152, -0.000265341688646, 0.00102305563632, -0.000669220346026], [0.000737879541703, -0.00267053465359, 0.00434199301526, -0.00488636689261, 0.00440713809803, -0.00311307213269, -0.000512489059474, 0.00462209898978, -0.00699882768095, 0.00798255112022, -0.00750350439921, 0.00508091785014, -0.00205623637885], [-0.00067770545138, 0.00271298224106, -0.00488636689261, 0.010579421185, -0.00905452109873, 0.00915477611125, -0.00548738567159, -0.00266965501942, 0.0113757811487, -0.0185346398503, 0.0208833236247, -0.0155512169003, 0.00848664902151], [0.000395739334635, -0.00177850970067, 0.00440713809803, -0.00905452109873, 0.0136649403721, -0.0152808371931, 0.0124706635252, -0.00354253640398, -0.00896638818085, 0.0207549929619, -0.0270981378853, 0.0226424150169, -0.01181696821], [-6.97538343957e-05, 0.000342785293469, -0.00311307213269, 0.00915477611125, -0.0152808371931, 0.0282354205847, -0.0248343870044, 0.0120411105454, 0.00380037934519, -0.0239269472659, 0.0384044498205, -0.0332260616124, 0.0169078689069], [-0.000623094034381, 0.00171358999796, -0.000512489059474, -0.00548738567159, 0.0124706635252, -0.0248343870044, 0.0346996411681, -0.0257998351008, 0.00841391738504, 0.0138905830681, -0.0284177493304, 0.0302495993674, -0.0186695381999], [0.00116179720499, -0.00207595387474, 0.00462209898978, -0.00266965501942, -0.00354253640398, 0.0120411105454, -0.0257998351008, 0.0329367369413, -0.0241860039532, 0.0101116988808, -0.000483817362692, -0.00642004096881, 0.00814135093242], [-0.00127350969706, 0.00120812642854, -0.00699882768095, 0.0113757811487, -0.00896638818085, 0.00380037934519, 0.00841391738504, -0.0241860039532, 0.0460937656462, -0.0475690253079, 0.0369367152452, -0.0248360391706, 0.0123962201178], [0.00120467226952, 0.000551023695152, 0.00798255112022, -0.0185346398503, 0.0207549929619, -0.0239269472659, 0.0138905830681, 0.0101116988808, -0.0475690253079, 0.0782715454698, -0.0750550851226, 0.0553346946836, -0.0286385603249], [-0.0013193191262, -0.000265341688646, -0.00750350439921, 0.0208833236247, -0.0270981378853, 0.0384044498205, -0.0284177493304, -0.000483817362692, 0.0369367152452, -0.0750550851226, 0.100667268038, -0.0799962356687, 0.0422392524779], [0.000967621046584, 0.00102305563632, 0.00508091785014, -0.0155512169003, 0.0226424150169, -0.0332260616124, 0.0302495993674, -0.00642004096881, -0.0248360391706, 0.0553346946836, -0.0799962356687, 0.0750916600227, -0.0413450337946], [-0.000398861913709, -0.000669220346026, -0.00205623637885, 0.00848664902151, -0.01181696821, 0.0169078689069, -0.0186695381999, 0.00814135093242, 0.0123962201178, -0.0286385603249, 0.0422392524779, -0.0413450337946, 0.0295582301915]]}, "melbands": {"dmean": [6.25228276476e-05, 0.000179556562216, 0.000102552854514, 0.000148822364281, 0.000241977497353, 0.000173804233782, 0.000114758237032, 0.000169347462361, 0.000138253293699, 8.93285759958e-05, 8.66257832968e-05, 5.32082631253e-05, 8.13159294921e-06, 1.44943771829e-06, 6.89050352776e-07, 8.12707241948e-07, 5.31537580173e-07, 1.54937595198e-07, 7.55129860863e-08, 4.59584441614e-08, 1.83574595525e-08, 1.48536924982e-08, 1.2120644044e-08, 4.43223813207e-09, 1.17729008764e-08, 3.69788666355e-09, 4.0526506595e-09, 1.6115646595e-09, 3.94431071138e-10, 6.90732054887e-11, 3.35534031115e-11, 2.16781540635e-11, 1.92076909933e-11, 1.55632867704e-11, 1.30807448206e-11, 1.13760676226e-11, 9.84067514975e-12, 8.63182528926e-12, 7.60106561026e-12, 6.72177808206e-12], "dmean2": [9.99224575935e-05, 0.000299080274999, 0.000151397587615, 0.000211800506804, 0.000339123769663, 0.000236339226831, 0.000157146903803, 0.000259663298493, 0.000175993976882, 9.39413148444e-05, 9.15669006645e-05, 6.34486714262e-05, 1.05386170617e-05, 2.06645381695e-06, 9.77248532763e-07, 1.06279060219e-06, 7.11404254616e-07, 2.18603304347e-07, 1.09616784982e-07, 6.91998209845e-08, 2.76230682772e-08, 2.17696403126e-08, 1.63595874625e-08, 4.63950833307e-09, 9.69769420323e-09, 5.06854069826e-09, 4.8582933232e-09, 2.29638996707e-09, 4.89142226723e-10, 1.07666396632e-10, 5.62212013056e-11, 3.86477412573e-11, 3.40076716787e-11, 2.81999510549e-11, 2.39901484095e-11, 2.08930737294e-11, 1.81184216935e-11, 1.58942962958e-11, 1.39950715947e-11, 1.23766396437e-11], "dvar": [4.75141916922e-08, 3.63164332384e-07, 1.05105897319e-07, 2.48095176403e-07, 6.34745958905e-07, 2.67888594863e-07, 1.06133441591e-07, 5.01561032706e-07, 2.91206561087e-07, 1.4577281604e-07, 1.73181007312e-07, 2.55152770023e-07, 7.77893927051e-09, 4.35063443605e-11, 1.28994237167e-11, 9.30415813838e-11, 2.18109297984e-11, 1.55853400931e-12, 3.97206708714e-13, 2.28406106962e-13, 3.27324261174e-14, 4.91329219877e-14, 5.3593424593e-14, 3.16422244106e-15, 3.11254961963e-14, 9.40975677368e-15, 3.93391662155e-15, 2.95106596461e-15, 4.59797905695e-17, 1.43989728051e-18, 1.19627377175e-19, 3.34086071922e-21, 4.33314969205e-21, 1.51331642935e-21, 6.5320888883e-22, 5.54781009746e-22, 3.40082682028e-22, 2.61772093935e-22, 2.02942836105e-22, 1.5871781701e-22], "dvar2": [1.05042893495e-07, 9.34829188282e-07, 2.13934612248e-07, 4.78301842577e-07, 1.28485305595e-06, 5.13984673489e-07, 2.06217706022e-07, 1.20503909784e-06, 4.49101605682e-07, 1.83193989756e-07, 2.56535827248e-07, 4.26221106409e-07, 1.38855797971e-08, 9.86554379856e-11, 2.5146926208e-11, 1.79404421874e-10, 4.42148574697e-11, 3.60367009671e-12, 7.6896757191e-13, 5.18283495548e-13, 7.41523270738e-14, 9.55351113973e-14, 1.12734908214e-13, 3.66824685522e-15, 1.94037816278e-14, 1.9467724145e-14, 6.45424918006e-15, 7.3103517326e-15, 7.41843763653e-17, 2.81713128692e-18, 2.26611402085e-19, 6.86636729587e-21, 7.83613316651e-21, 3.49870539974e-21, 1.98361768104e-21, 1.70421582068e-21, 1.09954487439e-21, 8.46354097735e-22, 6.56198431847e-22, 5.13160859848e-22], "max": [0.00922586303204, 0.016155494377, 0.0124891456217, 0.0168376993388, 0.0581890270114, 0.0261918697506, 0.0135236354545, 0.0272694304585, 0.0233572050929, 0.0214583277702, 0.0183667205274, 0.0327393487096, 0.0055304383859, 0.000324361666571, 0.000150404623128, 0.000810697674751, 0.000473999476526, 0.000116951734526, 7.61024130043e-05, 2.74985777651e-05, 1.35740028782e-05, 1.82629082701e-05, 2.93777375191e-05, 7.7644135672e-06, 2.31488629652e-05, 7.75198896008e-06, 4.35383708464e-06, 6.37095263301e-06, 6.44931731131e-07, 1.29344599031e-07, 4.824845945e-08, 3.99625932346e-09, 5.04196329132e-09, 3.33605187919e-09, 7.60375984399e-10, 1.36863775868e-09, 3.3822331047e-10, 2.96466046157e-10, 2.61545979319e-10, 2.31241623072e-10], "mean": [0.00012263203098, 0.000341069244314, 0.000302238331642, 0.00054856663337, 0.0010169793386, 0.000685591134243, 0.000418056675699, 0.000512095284648, 0.000444573204732, 0.000304220011458, 0.000234175982769, 0.000125430480693, 1.80974784598e-05, 4.08307687394e-06, 1.80467384325e-06, 1.96320638679e-06, 1.21908840356e-06, 3.76668424451e-07, 2.42720602728e-07, 8.79771917539e-08, 3.4685616157e-08, 3.07774641328e-08, 2.78548313304e-08, 1.07128421689e-08, 3.03856779738e-08, 4.97980590097e-09, 6.21573059689e-09, 2.00057459487e-09, 7.22360948835e-10, 9.48651018851e-11, 4.04128952525e-11, 2.07737681224e-11, 1.86304253275e-11, 1.38982506059e-11, 1.13428780257e-11, 9.65403451625e-12, 8.36183639691e-12, 7.36724917183e-12, 6.53766277225e-12, 5.82146830741e-12], "median": [8.07323704066e-06, 3.25971341226e-05, 4.70145823783e-05, 8.88184731593e-05, 0.000235448766034, 0.00017002459208, 0.00010499623022, 8.03956427262e-05, 4.08880405303e-05, 1.8429955162e-05, 1.07020841824e-05, 3.4371730635e-06, 1.42578835494e-06, 4.23948051775e-07, 1.12023961663e-07, 6.09923489492e-08, 8.39934770624e-08, 2.52010625701e-08, 7.21649806579e-09, 4.26601909354e-09, 1.56904511606e-09, 9.41714262126e-10, 7.07798819555e-10, 4.86487572449e-10, 3.42571304657e-10, 9.69156907504e-11, 7.64199259429e-11, 2.72101265131e-11, 1.22268315264e-11, 7.61972256125e-12, 5.51537331431e-12, 4.60510015537e-12, 3.88892563985e-12, 3.36045297492e-12, 2.90041233218e-12, 2.52847981268e-12, 2.26084992741e-12, 2.01598828777e-12, 1.84046159389e-12, 1.66309067212e-12], "min": [6.15174293579e-25, 4.48866982667e-25, 1.12604234143e-24, 1.32705198869e-24, 1.53022686192e-24, 1.18565971548e-24, 1.41388121828e-24, 1.01293073168e-24, 1.51371048115e-24, 1.28000886026e-24, 1.90678350136e-24, 2.63785935919e-24, 2.45026744707e-24, 1.92341308367e-24, 1.10782133085e-24, 3.05442879868e-24, 2.07838559736e-24, 3.49503246336e-24, 3.59201265647e-24, 3.07296387451e-24, 3.65031815483e-24, 3.45431028014e-24, 3.18191680679e-24, 3.84389278806e-24, 3.93554501461e-24, 4.39843833861e-24, 4.55770343891e-24, 4.18000117623e-24, 5.24143206243e-24, 4.57035440125e-24, 4.43408696291e-24, 4.02202980781e-24, 4.455461938e-24, 5.89350369783e-24, 5.506875474e-24, 6.1407997587e-24, 5.57156285709e-24, 5.27647957473e-24, 5.21107787809e-24, 5.98806406011e-24], "var": [2.1747973733e-07, 6.81376093326e-07, 4.7969751904e-07, 1.57808585755e-06, 4.10065831602e-06, 1.6491238739e-06, 8.49032744554e-07, 1.54958252097e-06, 1.77484321284e-06, 1.03980642052e-06, 7.07317894921e-07, 8.58408498061e-07, 2.12519051246e-08, 1.26538030054e-10, 4.51991326311e-11, 2.61139582181e-10, 5.33255800628e-11, 3.21540146939e-12, 2.01120587198e-12, 4.09684466256e-13, 5.30221279751e-14, 1.18005147212e-13, 1.32961797497e-13, 1.26083649408e-14, 2.02877536819e-13, 1.15972142778e-14, 9.43616048472e-15, 2.56703964929e-15, 1.56167424781e-16, 2.95466681416e-18, 3.04759523101e-19, 7.23122907081e-21, 9.55647012341e-21, 2.37529073031e-21, 6.66756798638e-22, 4.83831541506e-22, 2.84064066183e-22, 2.17922029896e-22, 1.68856408825e-22, 1.32064340103e-22]}, "mfcc": {"mean": [-920.11895752, 223.7628479, 69.7438812256, -14.5535326004, -26.7355270386, -20.5073509216, -13.9063711166, -8.92885684967, -5.25359344482, -1.40637850761, -2.00996279716, -6.09304285049, -5.20392465591], "cov": [[4751.83349609, 3879.50976562, -137.227340698, -630.433105469, 230.964523315, 234.605743408, 59.912322998, 3.0498342514, -30.7645206451, 50.1189460754, 25.5043640137, -114.414512634, -142.043334961], [3879.50976562, 3469.93457031, 350.261108398, -449.980743408, 70.8797531128, 198.318023682, 61.4156799316, -20.1187534332, -34.3474388123, 19.249174118, -17.1894607544, -140.788070679, -163.153900146], [-137.227340698, 350.261108398, 790.502075195, 263.510955811, -142.510116577, -24.8612747192, 31.9115753174, -14.5027942657, -10.5102062225, -21.5262336731, -45.2401542664, -60.1337165833, -68.9303359985], [-630.433105469, -449.980743408, 263.510955811, 401.261779785, 105.273918152, -39.6957054138, 9.20461273193, 28.5296516418, 11.547542572, 8.60649204254, 18.9430503845, 33.5189781189, 18.2786998749], [230.964523315, 70.8797531128, -142.510116577, 105.273918152, 277.539733887, 128.930892944, 7.20387887955, 13.9486656189, 20.1365756989, 17.7662963867, 27.9980735779, 30.2238349915, 20.0254516602], [234.605743408, 198.318023682, -24.8612747192, -39.6957054138, 128.930892944, 186.17276001, 84.8805923462, 21.0152416229, 30.2873668671, 23.3123283386, -9.46988201141, -38.6664848328, -48.1354942322], [59.912322998, 61.4156799316, 31.9115753174, 9.20461273193, 7.20387887955, 84.8805923462, 153.355407715, 115.800323486, 65.421043396, 50.1189613342, 6.89315795898, -53.1881790161, -80.6046218872], [3.0498342514, -20.1187534332, -14.5027942657, 28.5296516418, 13.9486656189, 21.0152416229, 115.800323486, 167.653671265, 123.957893372, 69.5139694214, 24.7199764252, -29.3724403381, -60.8918418884], [-30.7645206451, -34.3474388123, -10.5102062225, 11.547542572, 20.1365756989, 30.2873668671, 65.421043396, 123.957893372, 158.667388916, 124.270004272, 47.2714958191, -18.7909431458, -56.0481262207], [50.1189460754, 19.249174118, -21.5262336731, 8.60649204254, 17.7662963867, 23.3123283386, 50.1189613342, 69.5139694214, 124.270004272, 186.04335022, 150.048110962, 44.7838058472, -43.6510124207], [25.5043640137, -17.1894607544, -45.2401542664, 18.9430503845, 27.9980735779, -9.46988201141, 6.89315795898, 24.7199764252, 47.2714958191, 150.048110962, 231.279968262, 172.409255981, 45.3276062012], [-114.414512634, -140.788070679, -60.1337165833, 33.5189781189, 30.2238349915, -38.6664848328, -53.1881790161, -29.3724403381, -18.7909431458, 44.7838058472, 172.409255981, 240.20413208, 183.9425354], [-142.043334961, -163.153900146, -68.9303359985, 18.2786998749, 20.0254516602, -48.1354942322, -80.6046218872, -60.8918418884, -56.0481262207, -43.6510124207, 45.3276062012, 183.9425354, 262.270629883]], "icov": [[-151.972640991, 210.538848877, -197.782699585, 177.740463257, -152.242980957, 123.586616516, -94.3369216919, 66.9519500732, -43.4260902405, 25.1660614014, -12.5118217468, 4.82155656815, -1.15632581711], [210.538848877, -291.582977295, 273.661224365, -245.557250977, 209.899291992, -169.957763672, 129.34614563, -91.4922866821, 59.1297111511, -34.1350517273, 16.9000587463, -6.4843916893, 1.54802465439], [-197.782699585, 273.661224365, -256.126373291, 228.781326294, -194.344696045, 156.139266968, -117.728973389, 82.3969726562, -52.6325340271, 30.0005645752, -14.6445493698, 5.53540372849, -1.29954147339], [177.740463257, -245.557250977, 228.781326294, -202.820999146, 170.492340088, -135.13899231, 100.218421936, -68.7817001343, 42.9587364197, -23.8673210144, 11.305978775, -4.13173723221, 0.93266582489], [-152.242980957, 209.899291992, -194.344696045, 170.492340088, -141.163314819, 109.657516479, -79.2331008911, 52.6336174011, -31.5790958405, 16.692861557, -7.41021633148, 2.49163556099, -0.502812087536], [123.586616516, -169.957763672, 156.139266968, -135.13899231, 109.657516479, -82.7890319824, 57.5121917725, -36.1973342896, 20.1569652557, -9.57001495361, 3.5710234642, -0.882142424583, 0.0811844021082], [-94.3369216919, 129.34614563, -117.728973389, 100.218421936, -79.2331008911, 57.5121917725, -37.612361908, 21.5333919525, -10.2127819061, 3.49495601654, -0.349828898907, -0.452530264854, 0.267736762762], [66.9519500732, -91.4922866821, 82.3969726562, -68.7817001343, 52.6336174011, -36.1973342896, 21.5333919525, -10.1971645355, 2.86777663231, 0.791918456554, -1.83123910427, 1.32675433159, -0.486957162619], [-43.4260902405, 59.1297111511, -52.6325340271, 42.9587364197, -31.5790958405, 20.1569652557, -10.2127819061, 2.86777663231, 1.43144154549, -3.01869869232, 2.80963110924, -1.65969967842, 0.557142078876], [25.1660614014, -34.1350517273, 30.0005645752, -23.8673210144, 16.692861557, -9.57001495361, 3.49495601654, 0.791918456554, -3.01869869232, 3.4649245739, -2.77396583557, 1.54386675358, -0.501703560352], [-12.5118217468, 16.9000587463, -14.6445493698, 11.305978775, -7.41021633148, 3.5710234642, -0.349828898907, -1.83123910427, 2.80963110924, -2.77396583557, 2.12284612656, -1.17160379887, 0.382163077593], [4.82155656815, -6.4843916893, 5.53540372849, -4.13173723221, 2.49163556099, -0.882142424583, -0.452530264854, 1.32675433159, -1.65969967842, 1.54386675358, -1.17160379887, 0.663301467896, -0.223375663161], [-1.15632581711, 1.54802465439, -1.29954147339, 0.93266582489, -0.502812087536, 0.0811844021082, 0.267736762762, -0.486957162619, 0.557142078876, -0.501703560352, 0.382163077593, -0.223375663161, 0.0827037990093]]}, "spectral_contrast_coeffs": {"dmean": [0.0409507080913, 0.0368153862655, 0.0308333486319, 0.0239175073802, 0.0321543551981, 0.0191807486117], "dmean2": [0.0667145550251, 0.0577533096075, 0.0456514917314, 0.0380402840674, 0.0548410005867, 0.0350462161005], "dvar": [0.00141098489985, 0.00175432942342, 0.00124626548495, 0.000585789210163, 0.000713047280442, 0.00044152000919], "dvar2": [0.00332361808978, 0.00397219182923, 0.00242645619437, 0.00128124828916, 0.00199094228446, 0.0012234634487], "max": [-0.22172087431, -0.302024543285, -0.253246814013, -0.498972982168, -0.566908299923, -0.717072069645], "mean": [-0.579644382, -0.587351799011, -0.633961260319, -0.741103291512, -0.804801821709, -0.945040881634], "median": [-0.575402319431, -0.573004245758, -0.645748138428, -0.740062892437, -0.804646909237, -0.956148028374], "min": [-0.985034883022, -0.980324447155, -0.976210951805, -0.971417605877, -0.968597650528, -0.96622210741], "var": [0.0167086403817, 0.0111297871917, 0.0121822310612, 0.00496669160202, 0.00455195270479, 0.000565782014746]}, "spectral_contrast_valleys": {"dmean": [0.512005269527, 0.376602858305, 0.37480533123, 0.390634506941, 0.570968449116, 0.963894665241], "dmean2": [0.793165683746, 0.593264937401, 0.601513147354, 0.642127990723, 0.994136810303, 1.71509897709], "dvar": [0.276676267385, 0.250030577183, 0.276480734348, 0.291360318661, 0.277012139559, 0.613227844238], "dvar2": [0.480677515268, 0.485999763012, 0.56661850214, 0.639277398586, 0.73313999176, 1.79961490631], "max": [-5.59571409225, -4.6782708168, -5.94203233719, -7.58743429184, -8.85301399231, -12.0233879089], "mean": [-9.29093360901, -8.16801738739, -10.0235414505, -12