{"lowlevel": {"average_loudness": 0.959427773952, "barkbands_crest": {"dmean": 2.69953584671, "dmean2": 4.62117481232, "dvar": 6.37068605423, "dvar2": 18.0481300354, "max": 25.879119873, "mean": 9.95843505859, "median": 9.16423797607, "min": 2.82564496994, "var": 13.6350049973}, "barkbands_flatness_db": {"dmean": 0.0212670266628, "dmean2": 0.0334174185991, "dvar": 0.000481057883007, "dvar2": 0.00107390224002, "max": 0.639733493328, "mean": 0.121690608561, "median": 0.112713113427, "min": 0.0136523777619, "var": 0.00240683322772}, "barkbands_kurtosis": {"dmean": 3.36377882957, "dmean2": 5.52798700333, "dvar": 1579.03308105, "dvar2": 2900.66259766, "max": 2842.80078125, "mean": 6.29382944107, "median": 3.8454785347, "min": -1.67776715755, "var": 2701.89208984}, "barkbands_skewness": {"dmean": 0.454309761524, "dmean2": 0.744168937206, "dvar": 0.439777821302, "dvar2": 1.03241682053, "max": 36.9035987854, "mean": 1.99821710587, "median": 1.944470644, "min": -4.24642181396, "var": 1.38316190243}, "barkbands_spread": {"dmean": 5.16609621048, "dmean2": 8.25973701477, "dvar": 33.0014915466, "dvar2": 83.3819580078, "max": 85.9335403442, "mean": 22.001121521, "median": 20.1371688843, "min": 0.0684489235282, "var": 131.835769653}, "dissonance": {"dmean": 0.0121143860742, "dmean2": 0.0205998439342, "dvar": 0.000120698408864, "dvar2": 0.000327816000208, "max": 0.500000059605, "mean": 0.473186433315, "median": 0.476868450642, "min": 0.337505251169, "var": 0.000324455206282}, "dynamic_complexity": 2.90462779999, "erbbands_crest": {"dmean": 1.55542778969, "dmean2": 2.50508570671, "dvar": 2.20320653915, "dvar2": 5.67072296143, "max": 26.0503921509, "mean": 6.66225576401, "median": 5.96557044983, "min": 2.13236474991, "var": 8.22845363617}, "erbbands_flatness_db": {"dmean": 0.0121614160016, "dmean2": 0.0180333293974, "dvar": 0.000204638054129, "dvar2": 0.000429228064604, "max": 0.310167640448, "mean": 0.120313793421, "median": 0.113356560469, "min": 0.041369933635, "var": 0.0010916388128}, "erbbands_kurtosis": {"dmean": 0.398699104786, "dmean2": 0.630545735359, "dvar": 0.30139157176, "dvar2": 0.660801589489, "max": 11.4772233963, "mean": -0.558177232742, "median": -0.797700405121, "min": -1.66516554356, "var": 0.818338274956}, "erbbands_skewness": {"dmean": 0.248705893755, "dmean2": 0.388244748116, "dvar": 0.0491865947843, "dvar2": 0.114066489041, "max": 3.21941566467, "mean": 0.226463809609, "median": 0.176102429628, "min": -1.81484615803, "var": 0.329281777143}, "erbbands_spread": {"dmean": 6.73504018784, "dmean2": 10.4918203354, "dvar": 46.7761192322, "dvar2": 116.924606323, "max": 139.965072632, "mean": 50.3252334595, "median": 50.2478256226, "min": 10.8497924805, "var": 173.158950806}, "hfc": {"dmean": 5.46829414368, "dmean2": 7.94010448456, "dvar": 99.4269790649, "dvar2": 243.171737671, "max": 170.818847656, "mean": 20.288980484, "median": 16.5576934814, "min": 1.09495002797e-16, "var": 247.423461914}, "melbands_crest": {"dmean": 3.15639853477, "dmean2": 5.40506839752, "dvar": 8.65947723389, "dvar2": 24.1959323883, "max": 39.9862709045, "mean": 13.6139059067, "median": 13.1223392487, "min": 1.63813316822, "var": 19.5766887665}, "melbands_flatness_db": {"dmean": 0.0251872725785, "dmean2": 0.0388349741697, "dvar": 0.000651777780149, "dvar2": 0.00142759212758, "max": 0.673900842667, "mean": 0.202056199312, "median": 0.196507871151, "min": 0.00326001225039, "var": 0.00413459073752}, "melbands_kurtosis": {"dmean": 17.2680683136, "dmean2": 28.52917099, "dvar": 344147.9375, "dvar2": 891464.6875, "max": 41561.6953125, "mean": 24.8840618134, "median": 13.8792142868, "min": -1.62076711655, "var": 259376.390625}, "melbands_skewness": {"dmean": 0.644980251789, "dmean2": 1.0508480072, "dvar": 6.63216495514, "dvar2": 16.3322925568, "max": 190.512893677, "mean": 3.32742667198, "median": 3.18529272079, "min": -0.366553723812, "var": 7.48886489868}, "melbands_spread": {"dmean": 4.8431596756, "dmean2": 7.78385591507, "dvar": 29.1399917603, "dvar2": 74.3355941772, "max": 164.160095215, "mean": 18.9336261749, "median": 15.1561260223, "min": 0.0200974084437, "var": 262.948059082}, "pitch_salience": {"dmean": 0.0747118219733, "dmean2": 0.12563714385, "dvar": 0.0048764301464, "dvar2": 0.0132573442534, "max": 0.872780382633, "mean": 0.573719084263, "median": 0.58317220211, "min": 0.00655919592828, "var": 0.0121773174033}, "silence_rate_20dB": {"dmean": 0, "dmean2": 0, "dvar": 0, "dvar2": 0, "max": 1, "mean": 1, "median": 1, "min": 1, "var": 0}, "silence_rate_30dB": {"dmean": 0.00238885194995, "dmean2": 0.00477833813056, "dvar": 0.00238315784372, "dvar2": 0.00714472169057, "max": 1, "mean": 0.998805761337, "median": 1, "min": 0, "var": 0.00119267974515}, "silence_rate_60dB": {"dmean": 0.00212342408486, "dmean2": 0.00424741161987, "dvar": 0.00211916468106, "dvar2": 0.0052922219038, "max": 1, "mean": 0.0517515912652, "median": 0, "min": 0, "var": 0.0490729101002}, "spectral_centroid": {"dmean": 220.150802612, "dmean2": 343.66619873, "dvar": 55950.3476562, "dvar2": 120620.046875, "max": 11694.1455078, "mean": 1362.03869629, "median": 1200.51647949, "min": 262.341766357, "var": 1217760.875}, "spectral_complexity": {"dmean": 3.61990714073, "dmean2": 5.21369791031, "dvar": 16.6536235809, "dvar2": 27.1302661896, "max": 59, "mean": 22.170249939, "median": 21, "min": 0, "var": 137.038040161}, "spectral_decrease": {"dmean": 3.34230021437e-09, "dmean2": 5.4209325917e-09, "dvar": 1.58954781908e-17, "dvar2": 3.76702451558e-17, "max": 3.76057581552e-17, "mean": -9.38348776458e-09, "median": -8.35892510764e-09, "min": -3.79768216874e-08, "var": 3.07066648736e-17}, "spectral_energy": {"dmean": 0.0129377460107, "dmean2": 0.0209068395197, "dvar": 0.000238412467297, "dvar2": 0.000560794665944, "max": 0.14592127502, "mean": 0.0372557342052, "median": 0.0331246778369, "min": 1.00754419473e-20, "var": 0.000476320477901}, "spectral_energyband_high": {"dmean": 0.000339603837347, "dmean2": 0.000495794229209, "dvar": 5.66999233342e-07, "dvar2": 1.52291841005e-06, "max": 0.0139451799914, "mean": 0.000974086229689, "median": 0.000623849453405, "min": 6.8347833752e-21, "var": 1.18519494663e-06}, "spectral_energyband_low": {"dmean": 0.00847177393734, "dmean2": 0.0141926473007, "dvar": 0.000121407225379, "dvar2": 0.000299282663036, "max": 0.122212611139, "mean": 0.0175002459437, "median": 0.0146084232256, "min": 1.69946655617e-23, "var": 0.000186208504601}, "spectral_energyband_middle_high": {"dmean": 0.00114491884597, "dmean2": 0.00166653422639, "dvar": 2.71957560471e-06, "dvar2": 5.75188232688e-06, "max": 0.0258746407926, "mean": 0.00394539907575, "median": 0.00323283206671, "min": 1.22369204237e-21, "var": 9.78433217824e-06}, "spectral_energyband_middle_low": {"dmean": 0.00647594733164, "dmean2": 0.0101598817855, "dvar": 8.93864344107e-05, "dvar2": 0.000204375333851, "max": 0.0996465981007, "mean": 0.0157029889524, "median": 0.0127289351076, "min": 1.54563801701e-22, "var": 0.000140922973515}, "spectral_entropy": {"dmean": 0.13661660254, "dmean2": 0.198750510812, "dvar": 0.0260110702366, "dvar2": 0.0524359866977, "max": 9.82013320923, "mean": 7.66014909744, "median": 7.70427942276, "min": 6.18312311172, "var": 0.193790525198}, "spectral_flux": {"dmean": 0.0267303418368, "dmean2": 0.0421262085438, "dvar": 0.000858382321894, "dvar2": 0.0020009027794, "max": 0.320178538561, "mean": 0.0924557521939, "median": 0.0849803239107, "min": 6.38769453998e-11, "var": 0.00268311239779}, "spectral_kurtosis": {"dmean": 1.15026938915, "dmean2": 1.89137256145, "dvar": 2.73543000221, "dvar2": 7.24347829819, "max": 31.0147018433, "mean": 3.91969656944, "median": 3.21932697296, "min": -1.30359363556, "var": 6.78207206726}, "spectral_rms": {"dmean": 0.00096454564482, "dmean2": 0.00154842494521, "dvar": 1.06076026896e-06, "dvar2": 2.44705620389e-06, "max": 0.0119315637276, "mean": 0.00569133693352, "median": 0.0056847827509, "min": 3.13523512707e-12, "var": 3.95584538637e-06}, "spectral_rolloff": {"dmean": 383.387512207, "dmean2": 662.543151855, "dvar": 411542.28125, "dvar2": 1080542, "max": 19659.8144531, "mean": 1184.1784668, "median": 538.330078125, "min": 21.533203125, "var": 4879455.5}, "spectral_skewness": {"dmean": 0.162243872881, "dmean2": 0.251892209053, "dvar": 0.0306269284338, "dvar2": 0.0755389407277, "max": 4.03207540512, "mean": 1.47254633904, "median": 1.42418253422, "min": -0.10294508934, "var": 0.169945389032}, "spectral_spread": {"dmean": 496002.84375, "dmean2": 774175.375, "dvar": 743610449920, "dvar2": 1646997667840.0, "max": 48517544, "mean": 5225474, "median": 4910686, "min": 1459938.75, "var": 13749602746400.0}, "spectral_strongpeak": {"dmean": 0.256259709597, "dmean2": 0.454279989004, "dvar": 0.110594846308, "dvar2": 0.29464828968, "max": 4.19064998627, "mean": 0.400309890509, "median": 0.289088845253, "min": 0, "var": 0.142496362329}, "zerocrossingrate": {"dmean": 0.00881148409098, "dmean2": 0.0110684428364, "dvar": 8.68331771926e-05, "dvar2": 0.000121837219922, "max": 0.66455078125, "mean": 0.0595545694232, "median": 0.05029296875, "min": 0.00146484375, "var": 0.00370907993056}, "barkbands": {"dmean": [0.00226486823522, 0.00636817049235, 0.00240815733559, 0.00252040941268, 0.00264613470063, 0.00219559157267, 0.00116689503193, 0.000402819976443, 0.000216311746044, 0.000275278434856, 0.000130583284772, 0.000164373923326, 0.000219010995352, 0.000224902687478, 0.000234554507188, 0.000247454794589, 0.000184202246601, 0.000170937855728, 0.000174842614797, 0.000111290602945, 9.22470571822e-05, 6.60748119117e-05, 6.26424007351e-05, 5.97847429162e-05, 5.45305374544e-05, 3.07730661007e-05, 9.50730827753e-06], "dmean2": [0.00419366452843, 0.0108624538407, 0.00413443055004, 0.00410840660334, 0.00435875635594, 0.0036717436742, 0.00198182999156, 0.000681203207932, 0.000351070862962, 0.000425783422543, 0.000197163361008, 0.000255311606452, 0.00032985463622, 0.00035984814167, 0.000372792885173, 0.00039590158849, 0.000295132718747, 0.000280117965303, 0.000281541753793, 0.000172085507074, 0.000142309683724, 9.97583483695e-05, 9.77031813818e-05, 9.71974732238e-05, 9.00176746654e-05, 5.29922617716e-05, 1.70890725713e-05], "dvar": [3.12924239552e-05, 6.72195092193e-05, 1.59772007464e-05, 2.2777416234e-05, 1.98314501176e-05, 1.07402083813e-05, 4.29095462096e-06, 4.93899051435e-07, 1.04838754567e-07, 2.04417716532e-07, 4.74978634202e-08, 8.64267946099e-08, 9.97019427018e-08, 1.32123673779e-07, 1.38265775718e-07, 2.09038319099e-07, 6.15104553958e-08, 7.09197394144e-08, 7.54059996666e-08, 3.43828929772e-08, 1.9951899688e-08, 9.15172737592e-09, 1.13357971898e-08, 2.25096101758e-08, 3.81797384819e-08, 2.15867412834e-08, 3.34965899462e-09], "dvar2": [0.000105971041194, 0.000182687639608, 4.1110735765e-05, 5.1026159781e-05, 4.80709713884e-05, 2.93466309813e-05, 1.20286413221e-05, 1.38495181545e-06, 2.62456239852e-07, 5.02524187596e-07, 1.04899875453e-07, 2.09734039913e-07, 2.25596238579e-07, 3.26782725324e-07, 3.46469931856e-07, 4.83232724946e-07, 1.57781258281e-07, 1.79542297474e-07, 1.95180973606e-07, 8.22220371788e-08, 4.83820983277e-08, 2.06303329975e-08, 2.83841057325e-08, 6.03701764135e-08, 1.08405458832e-07, 6.22162090735e-08, 9.60215640333e-09], "max": [0.0597214102745, 0.0820060670376, 0.0521545410156, 0.0563570484519, 0.0464245565236, 0.035547349602, 0.0251144450158, 0.00811200682074, 0.0064986012876, 0.00698271486908, 0.00311516295187, 0.00460861483589, 0.00419391551986, 0.00600436842069, 0.00468894978985, 0.00671392539516, 0.00463023921475, 0.00616238359362, 0.00627643661574, 0.00486339209601, 0.00224318169057, 0.00169011135586, 0.0016406327486, 0.00260673975572, 0.00410890486091, 0.00277149444446, 0.00110172515269], "mean": [0.00209867046215, 0.0112246237695, 0.0033873252105, 0.00344262062572, 0.00459108361974, 0.00422574067488, 0.00228127231821, 0.000630005321, 0.000390666304156, 0.000502423965372, 0.000248767464655, 0.000282302498817, 0.000392062211176, 0.000396110641304, 0.000424828205723, 0.000458294147393, 0.00037463879562, 0.000378765631467, 0.00042234454304, 0.000273809710052, 0.000243771370151, 0.000170529063325, 0.000156480862643, 0.000117170988233, 9.27881628741e-05, 3.99991222366e-05, 8.62113938638e-06], "median": [0.000503551971633, 0.00912886857986, 0.00202436372638, 0.00171570014209, 0.00303925480694, 0.00329389190301, 0.00115125696175, 0.000402022589697, 0.000255555816693, 0.000327708432451, 0.000108565640403, 0.000153966248035, 0.000246768206125, 0.000249680073466, 0.000258949032286, 0.00028302409919, 0.000268309901003, 0.000219847308472, 0.00027395345387, 0.000138292729389, 0.000120221862744, 8.87069763849e-05, 8.94504337339e-05, 6.28804264124e-05, 4.48090831924e-05, 1.51457225002e-05, 1.99431065084e-06], "min": [2.60670704483e-25, 8.39017174613e-25, 1.1215850801e-24, 2.40048361863e-24, 7.99702536186e-24, 9.86837066755e-24, 7.81005507213e-24, 8.74365459852e-24, 1.84213788845e-23, 1.44791301299e-23, 2.2933279876e-23, 1.33708704882e-23, 3.62379886001e-23, 4.08170169214e-23, 4.8417540282e-23, 8.02338499123e-23, 7.38466577329e-23, 8.94163991084e-23, 1.21760087497e-22, 1.8310747769e-22, 2.13946170933e-22, 3.22850047108e-22, 3.31510957297e-22, 5.6338042665e-22, 8.81124158186e-22, 1.30998620574e-21, 2.01823102954e-21], "var": [2.80208223558e-05, 9.61072728387e-05, 1.84734708455e-05, 2.75647416856e-05, 2.65554444923e-05, 1.43825409396e-05, 8.15884959593e-06, 5.70436270664e-07, 1.890696808e-07, 3.62360395911e-07, 1.24720173744e-07, 1.6020122473e-07, 2.04205377941e-07, 2.3311140751e-07, 2.58191477087e-07, 3.58471112349e-07, 1.51808833948e-07, 1.99739631057e-07, 2.5544866844e-07, 1.21565591371e-07, 8.32404438711e-08, 3.87344520902e-08, 3.14863406459e-08, 2.6344659787e-08, 3.03636298327e-08, 1.39802338595e-08, 1.99889726993e-09]}, "erbbands": {"dmean": [0.195007517934, 1.47193229198, 2.57672739029, 6.00892162323, 8.96701049805, 7.53766870499, 15.0878658295, 18.3376712799, 21.6798725128, 8.87208366394, 7.39940738678, 5.33383703232, 6.64747190475, 7.52957868576, 5.47891330719, 7.49175691605, 10.5333518982, 8.82798576355, 12.8010139465, 12.4722919464, 12.7428569794, 9.18646335602, 9.69815063477, 6.89915704727, 9.57794952393, 5.16323375702, 4.6833486557, 3.03021645546, 2.3148021698, 2.0753364563, 1.7546390295, 1.48373401165, 0.933370292187, 0.604088366032, 0.394058853388, 0.164987996221, 0.0483780093491, 0.0126578006893, 0.00155909813475, 8.37495317683e-05], "dmean2": [0.338102430105, 2.50439143181, 4.4099240303, 9.82509422302, 14.6711950302, 12.4849824905, 24.9863433838, 31.1262607574, 36.9059333801, 15.3184394836, 12.1565361023, 8.73312759399, 10.6302909851, 11.3580827713, 8.1244020462, 11.6293735504, 15.6532688141, 14.1787872314, 20.4776859283, 19.8059196472, 20.2402057648, 14.5277442932, 15.8285779953, 10.7110157013, 15.6842422485, 7.98706436157, 7.21122980118, 4.82253742218, 3.42827701569, 3.22992134094, 2.72169566154, 2.40320396423, 1.53113889694, 0.990783691406, 0.660543680191, 0.279404878616, 0.0841226950288, 0.0227944254875, 0.00278651434928, 0.000145571961184], "dvar": [0.0621953234076, 3.94269108772, 17.4419364929, 117.514686584, 233.043151855, 142.507049561, 457.309082031, 890.038757324, 1742.43835449, 264.646942139, 139.639251709, 66.1152114868, 127.204933167, 174.691253662, 82.957359314, 186.078689575, 236.19984436, 230.627502441, 473.526245117, 400.088928223, 597.525878906, 159.421829224, 227.042984009, 100.020812988, 289.709014893, 67.6463623047, 55.9179840088, 23.4855594635, 11.7380390167, 9.96831989288, 8.80458927155, 11.7896413803, 6.21313905716, 3.29848217964, 2.69026350975, 0.518954396248, 0.0675388947129, 0.00550356181338, 8.66753325681e-05, 2.17017955606e-07], "dvar2": [0.178012013435, 10.4755573273, 43.2651786804, 261.361541748, 551.128967285, 357.845489502, 1267.36499023, 2436.47045898, 4900.49169922, 739.628417969, 377.448394775, 168.590652466, 321.809875488, 406.23348999, 174.541137695, 456.538360596, 518.475524902, 599.514648438, 1176.44250488, 982.512817383, 1393.70568848, 397.274414062, 571.446105957, 225.141342163, 782.633605957, 166.627655029, 133.39982605, 61.3980331421, 25.7071380615, 23.4305896759, 21.9608764648, 30.9384841919, 17.0495300293, 9.17587852478, 7.72043514252, 1.49915468693, 0.194546416402, 0.0158419590443, 0.000247559451964, 6.22113361715e-07], "max": [3.16388225555, 20.9270954132, 53.7649726868, 117.838645935, 143.45930481, 194.682113647, 319.48260498, 318.425750732, 470.694458008, 185.794952393, 202.454788208, 149.147628784, 233.122497559, 247.494491577, 142.472930908, 223.848434448, 213.062774658, 273.556915283, 289.143371582, 334.527526855, 395.733184814, 195.908554077, 410.640594482, 213.59513855, 420.10256958, 119.036170959, 134.878631592, 81.6013565063, 59.60597229, 69.4875183105, 47.1786270142, 59.0623016357, 44.9432792664, 31.4558773041, 40.1512680054, 14.7219657898, 7.07383394241, 1.71653401852, 0.211648598313, 0.0116170225665], "mean": [0.338054835796, 2.46315670013, 4.02277231216, 8.75047779083, 11.745639801, 13.3641862869, 31.2333488464, 33.3579864502, 39.9279594421, 16.2898674011, 13.5126810074, 10.0633220673, 11.7939472198, 14.4102430344, 11.5487785339, 13.8087701797, 19.6277141571, 16.2780895233, 23.9694881439, 23.6574611664, 24.900560379, 20.115480423, 22.6722068787, 17.5416679382, 22.6375370026, 12.9922361374, 12.2799043655, 7.72926521301, 6.11300611496, 5.11201477051, 4.44245433807, 2.95288181305, 1.74729645252, 1.09172701836, 0.621209979057, 0.242361858487, 0.0575042441487, 0.0115972645581, 0.00147067895159, 0.000113792302727], "median": [0.263176441193, 1.89456474781, 2.64203119278, 5.03591632843, 6.25597858429, 9.39660072327, 23.5146541595, 25.0100288391, 21.8042049408, 9.43206596375, 8.94331932068, 6.82054042816, 7.90873098373, 8.31384277344, 6.99676609039, 8.30661392212, 12.5694875717, 10.603471756, 15.949464798, 14.6184635162, 16.070728302, 13.7661800385, 13.8503789902, 11.8301906586, 13.2728633881, 7.53768062592, 6.01450824738, 4.22444057465, 3.06790184975, 2.7674612999, 2.4566590786, 1.59798240662, 0.927351236343, 0.550241470337, 0.276979744434, 0.0983876213431, 0.0211118608713, 0.00293072569184, 0.000389731139876, 5.98440165049e-05], "min": [4.87976355542e-23, 1.72083089742e-22, 1.44098265537e-21, 1.08117102406e-20, 1.60153814974e-20, 2.63109140721e-20, 2.12417315585e-20, 9.18743496379e-20, 1.032197392e-19, 3.01679774584e-19, 1.79835101003e-19, 3.20849969623e-19, 5.38639852367e-19, 6.78140140361e-19, 1.31890309077e-18, 8.5787961153e-19, 1.93453226166e-18, 2.09669626446e-18, 2.92935612139e-18, 3.25895864418e-18, 4.57106044915e-18, 5.09570967883e-18, 3.67871909744e-18, 5.00726876851e-18, 7.24196791726e-18, 8.32760855683e-18, 8.93422145905e-18, 1.07623774668e-17, 1.16730462457e-17, 9.69220924054e-18, 9.08047609034e-18, 9.67256370099e-18, 9.76410033476e-18, 8.21548918789e-18, 6.04537340623e-18, 4.29147877878e-18, 2.46171183683e-18, 9.33685493093e-19, 2.6088932723e-19, 2.74189273493e-20], "var": [0.0939147993922, 5.2895989418, 20.7899417877, 147.318481445, 255.95123291, 191.80317688, 824.491882324, 1060.70556641, 2440.01708984, 341.699676514, 224.604827881, 115.950012207, 205.411056519, 358.848937988, 209.764724731, 346.949981689, 498.299041748, 368.962493896, 759.781188965, 818.127075195, 973.200927734, 438.16784668, 676.850524902, 349.936737061, 889.754150391, 216.925231934, 238.587432861, 78.6335678101, 52.4900016785, 35.1485176086, 25.7097434998, 15.2533845901, 6.66842317581, 3.11500000954, 1.91725611687, 0.356914818287, 0.04175009951, 0.00325738894753, 5.23273993167e-05, 1.33649294298e-07]}, "gfcc": {"mean": [-0.724960386753, 91.1510314941, -98.7095947266, 44.1355476379, -48.808216095, 9.0067281723, -41.218132019, 7.27915811539, -19.3482666016, 6.94326019287, -7.48571157455, 4.2991476059, -6.0863776207], "cov": [[35030.0898438, 1013.64398193, -1002.52252197, 1662.70556641, -905.100036621, 845.411560059, -1041.85778809, 54.0222396851, -655.689208984, 70.9383544922, -457.876281738, 125.406715393, -210.381362915], [1013.64398193, 1119.61669922, -186.894470215, 28.7512531281, 155.764587402, -16.5120353699, 46.8754959106, -46.2060661316, 67.5763931274, -69.4608001709, 76.1353302002, -71.9780502319, 38.7735023499], [-1002.52252197, -186.894470215, 491.110565186, -75.6640548706, 74.1336746216, 59.041759491, 16.5213508606, 7.90921783447, 4.49979734421, 22.4545841217, -34.0088195801, 8.76226329803, -21.2895450592], [1662.70556641, 28.7512531281, -75.6640548706, 268.307952881, -57.6209945679, 39.9024391174, -32.0619239807, 5.64332532883, -13.2384080887, 1.10120642185, -0.428066551685, -5.31969594955, 2.86677956581], [-905.100036621, 155.764587402, 74.1336746216, -57.6209945679, 183.542129517, 23.3107719421, 69.3259887695, -5.67669057846, 36.1445083618, -17.9194259644, 22.7941417694, -13.8595609665, 18.2994976044], [845.411560059, -16.5120353699, 59.041759491, 39.9024391174, 23.3107719421, 111.58039856, 3.52397179604, 12.0507955551, -25.6001853943, -6.02720212936, -27.1427650452, 8.71383857727, -1.69608485699], [-1041.85778809, 46.8754959106, 16.5213508606, -32.0619239807, 69.3259887695, 3.52397179604, 111.010742188, 16.6937236786, 34.8401870728, -15.4523830414, 21.0131816864, -11.5730714798, 13.7367715836], [54.0222396851, -46.2060661316, 7.90921783447, 5.64332532883, -5.67669057846, 12.0507955551, 16.6937236786, 55.1002807617, 12.7589473724, 14.1829919815, -4.65061903, 5.46779918671, -4.55956459045], [-655.689208984, 67.5763931274, 4.49979734421, -13.2384080887, 36.1445083618, -25.6001853943, 34.8401870728, 12.7589473724, 72.0550765991, 20.9707736969, 35.6824150085, -7.72807168961, 8.07223796844], [70.9383544922, -69.4608001709, 22.4545841217, 1.10120642185, -17.9194259644, -6.02720212936, -15.4523830414, 14.1829919815, 20.9707736969, 63.0357971191, 23.4592037201, 17.0412597656, -11.400177002], [-457.876281738, 76.1353302002, -34.0088195801, -0.428066551685, 22.7941417694, -27.1427650452, 21.0131816864, -4.65061903, 35.6824150085, 23.4592037201, 79.9258346558, 13.1206712723, 11.5353298187], [125.406715393, -71.9780502319, 8.76226329803, -5.31969594955, -13.8595609665, 8.71383857727, -11.5730714798, 5.46779918671, -7.72807168961, 17.0412597656, 13.1206712723, 56.1325187683, 14.8083600998], [-210.381362915, 38.7735023499, -21.2895450592, 2.86677956581, 18.2994976044, -1.69608485699, 13.7367715836, -4.55956459045, 8.07223796844, -11.400177002, 11.5353298187, 14.8083600998, 51.4336471558]], "icov": [[0.000129241074319, -0.000283011351712, 0.000203918185434, -0.000452188483905, 0.000204366748221, -0.000759143265896, 0.000701428391039, -0.000244492694037, 0.000481539784232, -0.000495177868288, 0.000522631627973, -0.000388558051782, 0.000354171701474], [-0.000283011351712, 0.0021117287688, 8.28535557957e-05, 0.000912232499104, -0.00148977211211, 0.00108886323869, -0.000545812537894, 0.000973179528955, -0.00231185019948, 0.00283831777051, -0.00263625662774, 0.00238866289146, -0.0010726400651], [0.000203918185434, 8.28535557957e-05, 0.0032252795063, -0.000134775444167, -0.00115953339264, -0.00255971564911, 0.00121190166101, 0.000451451865956, -0.000286622351268, -0.00185671879444, 0.00223431549966, -0.000960167089943, 0.00156743789557], [-0.000452188483905, 0.000912232499104, -0.000134775444167, 0.00655426643789, 0.00121743744239, -0.000524427625351, -0.00118650053628, 0.000310484028887, -0.0022597995121, 0.00204660999589, -0.00348040275276, 0.00346266385168, -0.00247251498513], [0.000204366748221, -0.00148977211211, -0.00115953339264, 0.00121743744239, 0.0110794147477, -0.00479255570099, -0.00267952680588, 0.00159805419389, -0.00219997367822, 0.000929364818148, -0.001114770188, 0.000701549928635, -0.00123217352666], [-0.000759143265896, 0.00108886323869, -0.00255971564911, -0.000524427625351, -0.00479255570099, 0.0191008709371, -0.00599738676101, -0.00163502630312, 0.00356409559026, 0.000720575160813, 0.00150964572094, -0.00147458992433, -0.00147814059164], [0.000701428391039, -0.000545812537894, 0.00121190166101, -0.00118650053628, -0.00267952680588, -0.00599738676101, 0.0204609688371, -0.00728956889361, -0.00300542055629, 0.00518507743254, -0.00244179740548, 0.00112303555943, 0.00033825536957], [-0.000244492694037, 0.000973179528955, 0.000451451865956, 0.000310484028887, 0.00159805419389, -0.00163502630312, -0.00728956889361, 0.0254889503121, -0.00718533573672, -0.00436046626419, 0.00494435522705, -0.00290928897448, 0.00190977007151], [0.000481539784232, -0.00231185019948, -0.000286622351268, -0.0022597995121, -0.00219997367822, 0.00356409559026, -0.00300542055629, -0.00718533573672, 0.0318348556757, -0.0138091780245, -0.00339819467627, 0.00520059000701, -0.00400653108954], [-0.000495177868288, 0.00283831777051, -0.00185671879444, 0.00204660999589, 0.000929364818148, 0.000720575160813, 0.00518507743254, -0.00436046626419, -0.0138091780245, 0.034217312932, -0.0120693482459, -0.00436536408961, 0.00658918498084], [0.000522631627973, -0.00263625662774, 0.00223431549966, -0.00348040275276, -0.001114770188, 0.00150964572094, -0.00244179740548, 0.00494435522705, -0.00339819467627, -0.0120693482459, 0.0272422209382, -0.0102860238403, 0.00149066187441], [-0.000388558051782, 0.00238866289146, -0.000960167089943, 0.00346266385168, 0.000701549928635, -0.00147458992433, 0.00112303555943, -0.00290928897448, 0.00520059000701, -0.00436536408961, -0.0102860238403, 0.0310857184231, -0.0132633717731], [0.000354171701474, -0.0010726400651, 0.00156743789557, -0.00247251498513, -0.00123217352666, -0.00147814059164, 0.00033825536957, 0.00190977007151, -0.00400653108954, 0.00658918498084, 0.00149066187441, -0.0132633717731, 0.0285286922008]]}, "melbands": {"dmean": [0.00179305893835, 0.00146446772851, 0.0010634995997, 0.000595066172536, 0.00047235187958, 0.000421346194344, 0.000306226778775, 9.30284149945e-05, 5.3952797316e-05, 3.20428443956e-05, 3.40279839293e-05, 3.26324407069e-05, 1.90143582586e-05, 1.87438436114e-05, 2.26529045904e-05, 1.8571921828e-05, 1.8377597371e-05, 2.26216088777e-05, 1.53671462613e-05, 1.83203392226e-05, 1.48327671923e-05, 9.33368210099e-06, 1.18793141155e-05, 8.53746132634e-06, 5.78019262321e-06, 8.38608320919e-06, 4.95724907523e-06, 3.49916149389e-06, 3.77880223823e-06, 2.0971676804e-06, 1.92391212295e-06, 1.53084113208e-06, 1.27516909743e-06, 1.24211362618e-06, 1.09339657683e-06, 1.20518143376e-06, 8.34790284898e-07, 6.6969977297e-07, 6.471954066e-07, 5.06619869611e-07], "dmean2": [0.0030795331113, 0.00245823781006, 0.00172963144723, 0.000979151343927, 0.000782328017522, 0.000711729866453, 0.000519095687196, 0.000160544455866, 8.7896369223e-05, 5.25931718585e-05, 5.45367474842e-05, 4.95607164339e-05, 2.85584465018e-05, 2.87180264422e-05, 3.41143422702e-05, 2.83715526166e-05, 2.96114594676e-05, 3.63759427273e-05, 2.42164715019e-05, 2.91533215204e-05, 2.37747335632e-05, 1.48916351463e-05, 1.92562238226e-05, 1.42633653013e-05, 9.00465602172e-06, 1.37634306157e-05, 8.06566549727e-06, 5.5471646192e-06, 5.95378514845e-06, 3.26659142047e-06, 3.0920809877e-06, 2.31608350987e-06, 2.00918589144e-06, 1.98569978238e-06, 1.70555767909e-06, 1.97596659746e-06, 1.36585583732e-06, 1.10395160391e-06, 1.08354015538e-06, 8.39183428525e-07], "dvar": [4.96423308505e-06, 4.46781768915e-06, 3.31683008881e-06, 1.12916359285e-06, 4.42110405174e-07, 4.68255166197e-07, 3.26106544435e-07, 3.1539173051e-08, 6.83317402661e-09, 2.28881291697e-09, 3.32395178049e-09, 3.36183747507e-09, 1.0105966064e-09, 9.82245507153e-10, 1.2510991132e-09, 6.82099654536e-10, 1.04545661017e-09, 1.45173761901e-09, 5.62385582548e-10, 9.99869187446e-10, 8.47118764025e-10, 1.88716028915e-10, 2.98766622553e-10, 1.94638208328e-10, 7.74998745734e-11, 2.18516441053e-10, 8.04231889417e-11, 3.23705229288e-11, 4.02096862751e-11, 1.17615570061e-11, 1.04491857875e-11, 5.43403906941e-12, 3.6941569595e-12, 3.88805133922e-12, 3.17929753704e-12, 6.68736810719e-12, 3.710315475e-12, 2.81679107123e-12, 3.17904231585e-12, 2.55666841864e-12], "dvar2": [1.39021494761e-05, 1.11342787932e-05, 7.35537287255e-06, 2.66690085482e-06, 1.21253106045e-06, 1.27887949475e-06, 9.11771167011e-07, 8.9239470924e-08, 1.82798274295e-08, 5.90347992713e-09, 8.43754577318e-09, 7.83444153996e-09, 2.24480034561e-09, 2.26140373094e-09, 2.97377455993e-09, 1.62526125891e-09, 2.71832245602e-09, 3.56271212532e-09, 1.39974520863e-09, 2.43718578652e-09, 2.02759253831e-09, 4.78517336866e-10, 7.60052076831e-10, 5.20309573204e-10, 1.78839415499e-10, 5.75593239738e-10, 2.04363151401e-10, 8.17930931318e-11, 9.57244283839e-11, 3.0057473871e-11, 2.78826510491e-11, 1.21200853173e-11, 8.76782760978e-12, 9.30904658913e-12, 7.8368587661e-12, 1.78735654749e-11, 9.79831060038e-12, 7.70734691347e-12, 8.86431900105e-12, 7.14170866542e-12], "max": [0.0222972054034, 0.0227733366191, 0.0217269081622, 0.0103433541954, 0.0113699287176, 0.00722445221618, 0.00656021852046, 0.00194798817392, 0.00143462687265, 0.000812616024632, 0.0011483989656, 0.00110775243957, 0.000456956593553, 0.000500843510963, 0.00051647372311, 0.000367471540812, 0.000590331677813, 0.000524407252669, 0.000324586464558, 0.000733863736968, 0.000514396291692, 0.000220920468564, 0.000332216586685, 0.000287524191663, 0.00021069565264, 0.000348082772689, 0.00027892072103, 0.000102083307866, 0.00012060230074, 7.94202933321e-05, 5.65011796425e-05, 3.74521805497e-05, 3.1223105907e-05, 5.48855314264e-05, 3.06978326989e-05, 4.85931377625e-05, 3.38475183526e-05, 2.92431050184e-05, 3.47275818058e-05, 3.15124125336e-05], "mean": [0.00324235763401, 0.0025590932928, 0.00160627777223, 0.000859187333845, 0.00102963065729, 0.000766313867643, 0.000579650630243, 0.000161428877618, 0.000102576712379, 5.80949308642e-05, 5.8805464505e-05, 6.03454718657e-05, 3.75668641936e-05, 3.41604936693e-05, 4.11248765886e-05, 3.40932128893e-05, 3.14396129397e-05, 4.05513492296e-05, 2.77608141914e-05, 3.41261111316e-05, 2.70923319476e-05, 1.84453729162e-05, 2.53262478509e-05, 1.71133888216e-05, 1.29402415041e-05, 1.87170771824e-05, 1.09593684101e-05, 7.97973007138e-06, 9.10840026336e-06, 4.87973466079e-06, 4.36385425928e-06, 3.67929305867e-06, 2.87962120638e-06, 2.74687022284e-06, 2.63483570961e-06, 2.34426738643e-06, 1.54122778895e-06, 1.23074289604e-06, 1.06903496544e-06, 8.76216063261e-07], "median": [0.00266367103904, 0.00198576506227, 0.000977514777333, 0.000523217837326, 0.000805869000033, 0.000574016710743, 0.000307253241772, 0.000100433186162, 7.05012498656e-05, 3.82988655474e-05, 3.90918066842e-05, 3.28860114678e-05, 1.86982342711e-05, 2.0087503799e-05, 2.63070833171e-05, 2.32459060499e-05, 1.8940818336e-05, 2.60929755314e-05, 1.67534417415e-05, 2.05030501093e-05, 1.66711761267e-05, 1.19618935059e-05, 1.57638787641e-05, 9.89762156678e-06, 8.07439937489e-06, 1.06190336737e-05, 6.01666897637e-06, 3.99977852794e-06, 4.13348971051e-06, 2.25706253332e-06, 2.18422337639e-06, 1.71345755007e-06, 1.41372174767e-06, 1.44516752698e-06, 1.32784521156e-06, 1.26899749375e-06, 7.6860203535e-07, 6.44116425974e-07, 5.31334535481e-07, 4.31431260495e-07], "min": [5.00733157375e-25, 6.15779399197e-25, 2.04168857691e-24, 1.55377495159e-24, 6.73341100337e-25, 2.04999271844e-24, 1.51517066268e-24, 3.13030932915e-24, 1.19853668647e-24, 1.98409325057e-24, 2.53108033035e-24, 1.994051239e-24, 3.53670798499e-24, 1.89186752215e-24, 2.44766499495e-24, 3.62058598732e-24, 3.6750875984e-24, 3.87130649338e-24, 3.70098432419e-24, 4.32118992332e-24, 4.05994719608e-24, 4.40724044859e-24, 3.76030074781e-24, 3.47532632352e-24, 2.67584656165e-24, 4.68149819748e-24, 5.37472786174e-24, 5.13684448919e-24, 4.59511398405e-24, 5.83057665785e-24, 5.60981945555e-24, 5.81138406646e-24, 5.95447475719e-24, 4.60793770693e-24, 4.21802308857e-24, 5.52947870552e-24, 5.34073781749e-24, 5.92575075391e-24, 6.57981978512e-24, 5.86986271979e-24], "var": [7.43236751077e-06, 5.76813818043e-06, 4.17795490648e-06, 1.25294081954e-06, 8.20797538381e-07, 5.59277964385e-07, 5.15768931564e-07, 3.43225359245e-08, 1.20898970835e-08, 3.98209065722e-09, 5.25524423978e-09, 6.88806300886e-09, 2.61671861956e-09, 1.98822824871e-09, 2.35167885165e-09, 1.34624289494e-09, 1.66603997265e-09, 2.33820496298e-09, 1.07132991367e-09, 1.9450960842e-09, 1.3009555655e-09, 4.37315961221e-10, 8.56645032687e-10, 4.14996148557e-10, 2.3371382607e-10, 6.25445584213e-10, 2.32689340018e-10, 9.21162035539e-11, 1.49510306913e-10, 4.16321352392e-11, 2.85379341686e-11, 2.22359318458e-11, 1.19911459234e-11, 1.12686960457e-11, 1.00158588021e-11, 9.50618229967e-12, 4.58026585409e-12, 3.16427765067e-12, 3.04846642721e-12, 2.26186387328e-12]}, "mfcc": {"mean": [-633.488464355, 115.748832703, 11.2287731171, 35.1261940002, 14.5619297028, 6.56276655197, -2.48052287102, -0.0324231050909, -4.90059423447, 2.37902212143, -0.712833166122, 1.22497415543, 2.27371096611], "cov": [[13979.2597656, 1300.53405762, 338.676086426, 611.123291016, 299.656341553, 249.032104492, -7.25175142288, 28.6750850677, -61.1576690674, -36.9901695251, -95.9784164429, 19.1598815918, 0.0709837973118], [1300.53405762, 1363.73425293, -58.9206123352, 139.596511841, 159.896240234, 93.189491272, 38.5481185913, 48.2783126831, -5.21521759033, 35.7264213562, 7.57124471664, 2.1025595665, 26.5994129181], [338.676086426, -58.9206123352, 251.460861206, 18.8030452728, 17.5700492859, 14.3598527908, -8.64314651489, -9.70554924011, 2.25953269005, -3.16152334213, 8.37005710602, -2.51344251633, -8.79311752319], [611.123291016, 139.596511841, 18.8030452728, 168.466751099, 30.5080795288, 18.3412075043, -2.2085146904, 3.47048568726, -5.07539606094, 18.4642028809, 9.07726097107, 9.94758415222, 8.29852962494], [299.656341553, 159.896240234, 17.5700492859, 30.5080795288, 95.7523040771, 36.9714889526, 13.9511404037, 7.76378011703, 5.62066078186, 7.81780576706, -1.27091515064, -5.08237409592, 5.31810522079], [249.032104492, 93.189491272, 14.3598527908, 18.3412075043, 36.9714889526, 70.4830780029, 27.5983810425, 16.1085987091, 8.97702217102, -0.538675665855, -1.19517922401, -0.442866921425, 1.0502089262], [-7.25175142288, 38.5481185913, -8.64314651489, -2.2085146904, 13.9511404037, 27.5983810425, 62.1256790161, 30.1511573792, 11.4336071014, 4.5834569931, -5.62211704254, -1.2949899435, 3.52138876915], [28.6750850677, 48.2783126831, -9.70554924011, 3.47048568726, 7.76378011703, 16.1085987091, 30.1511573792, 56.6558303833, 26.1691436768, 0.152618587017, -6.30754518509, -4.10155105591, 1.75131821632], [-61.1576690674, -5.21521759033, 2.25953269005, -5.07539606094, 5.62066078186, 8.97702217102, 11.4336071014, 26.1691436768, 56.2549209595, 14.4662446976, -3.6019589901, -8.48867988586, -6.29184961319], [-36.9901695251, 35.7264213562, -3.16152334213, 18.4642028809, 7.81780576706, -0.538675665855, 4.5834569931, 0.152618587017, 14.4662446976, 55.0153617859, 12.9463806152, -1.01851093769, -0.779352903366], [-95.9784164429, 7.57124471664, 8.37005710602, 9.07726097107, -1.27091515064, -1.19517922401, -5.62211704254, -6.30754518509, -3.6019589901, 12.9463806152, 66.6761856079, 19.9192523956, 7.89336919785], [19.1598815918, 2.1025595665, -2.51344251633, 9.94758415222, -5.08237409592, -0.442866921425, -1.2949899435, -4.10155105591, -8.48867988586, -1.01851093769, 19.9192523956, 67.5689315796, 27.3211936951], [0.0709837973118, 26.5994129181, -8.79311752319, 8.29852962494, 5.31810522079, 1.0502089262, 3.52138876915, 1.75131821632, -6.29184961319, -0.779352903366, 7.89336919785, 27.3211936951, 61.4447669983]], "icov": [[9.91019405774e-05, -5.68035720789e-05, -0.000111033623398, -0.00028552027652, -6.37428165646e-05, -0.000194774518604, 0.000125133956317, -3.07009213429e-05, 8.65356705617e-05, 0.000120061995403, 0.000198238223675, -6.54974137433e-05, 6.37382254354e-05], [-5.68035720789e-05, 0.00108105584513, 0.00043579164776, -0.000314077246003, -0.00135407678317, -0.000511516700499, 0.000273649493465, -0.000958631630056, 0.000736614107154, -0.00059701805003, -0.000169864419149, 9.1841808171e-05, -0.000176720612217], [-0.000111033623398, 0.00043579164776, 0.00446884380654, -0.000251947814832, -0.000962952210102, -0.000843889545649, 0.000543134345207, 0.000713391287718, -0.000577973783948, 0.000436760019511, -0.000888367067091, 0.000187231300515, 0.000508554570843], [-0.00028552027652, -0.000314077246003, -0.000251947814832, 0.00798908527941, -0.000792055099737, -0.000664358027279, 0.00145990157034, -0.00138267490547, 0.00149614154361, -0.00298309605569, -0.00053389306413, -0.000740472169127, -0.000429890904343], [-6.37428165646e-05, -0.00135407678317, -0.000962952210102, -0.000792055099737, 0.0159043353051, -0.0058691794984, -0.000646545551717, 0.00167015031911, -0.00116381049156, -0.000997071387246, 0.000386319763493, 0.00180656870361, -0.00171608023811], [-0.000194774518604, -0.000511516700499, -0.000843889545649, -0.000664358027279, -0.0058691794984, 0.0225988756865, -0.00869404152036, 0.000422645185608, -0.00258669396862, 0.0030922263395, -0.00108747079503, -0.000661610218231, 0.00100678333547], [0.000125133956317, 0.000273649493465, 0.000543134345207, 0.00145990157034, -0.000646545551717, -0.00869404152036, 0.0263256859034, -0.0131337167695, 0.00348685798235, -0.00409216899425, 0.0019189073937, -0.000460663955892, -0.000904404150788], [-3.07009213429e-05, -0.000958631630056, 0.000713391287718, -0.00138267490547, 0.00167015031911, 0.000422645185608, -0.0131337167695, 0.0319836102426, -0.0141577869654, 0.00555851683021, 0.000171452964423, 0.000913172785658, -0.00141413300298], [8.65356705617e-05, 0.000736614107154, -0.000577973783948, 0.00149614154361, -0.00116381049156, -0.00258669396862, 0.00348685798235, -0.0141577869654, 0.0271214228123, -0.00848749652505, 0.00141257094219, 0.000943323306274, 0.00181351380888], [0.000120061995403, -0.00059701805003, 0.000436760019511, -0.00298309605569, -0.000997071387246, 0.0030922263395, -0.00409216899425, 0.00555851683021, -0.00848749652505, 0.0235088244081, -0.00459794281051, 0.00114953611046, 0.000341838924214], [0.000198238223675, -0.000169864419149, -0.000888367067091, -0.00053389306413, 0.000386319763493, -0.00108747079503, 0.0019189073937, 0.000171452964423, 0.00141257094219, -0.00459794281051, 0.0181704424322, -0.00515813240781, -6.57839773339e-05], [-6.54974137433e-05, 9.1841808171e-05, 0.000187231300515, -0.000740472169127, 0.00180656870361, -0.000661610218231, -0.000460663955892, 0.000913172785658, 0.000943323306274, 0.00114953611046, -0.00515813240781, 0.0200880281627, -0.00821582693607], [6.37382254354e-05, -0.000176720612217, 0.000508554570843, -0.000429890904343, -0.00171608023811, 0.00100678333547, -0.000904404150788, -0.00141413300298, 0.00181351380888, 0.000341838924214, -6.57839773339e-05, -0.00821582693607, 0.020557127893]]}, "spectral_contrast_coeffs": {"dmean": [0.0496465787292, 0.0446198657155, 0.0317860543728, 0.027467565611, 0.0193088855594, 0.014646448195], "dmean2": [0.0829404741526, 0.0741724222898, 0.0514683164656, 0.0448284931481, 0.0319549143314, 0.0237140990794], "dvar": [0.00180357985664, 0.00149194383994, 0.000638296478428, 0.000489689758979, 0.000252840836765, 0.000178028043592], "dvar2": [0.00478784646839, 0.00425580237061, 0.00164153811056, 0.00125207973178, 0.000677761505358, 0.000443321943749], "max": [-0.413040399551, -0.447521537542, -0.567839622498, -0.581550240517, -0.612022280693, -0.621101021767], "mean": [-0.68211710453, -0.683613538742, -0.781457901001, -0.775574564934, -0.789009928703, -0.772632360458], "median": [-0.682473063469, -0.679453969002, -0.782350122929, -0.777791619301, -0.793790698051, -0.770297646523], "min": [-0.981754541397, -0.982033133507, -0.977271318436, -0.970712959766, -0.966734945774, -0.964365422726], "var": [0.0058616604656, 0.0061927777715, 0.00286089372821, 0.00307734287344, 0.00213295710273, 0.00160184828565]}, "spectral_contrast_valleys": {"dmean": [0.354954659939, 0.366339802742, 0.319728881121, 0.284729719162, 0.233309075236, 0.283698707819], "dmean2": [0.591357827187, 0.578474104404, 0.504998683929, 0.429136991501, 0.325187146664, 0.375224143267], "dvar": [0.105453036726, 0.130082666874, 0.106475487351, 0.0990340560675, 0.0908863544464, 0.165090799332], "dvar2": [0.251630604267, 0.274894297123, 0.215695425868, 0.176745831966, 0.138973817229, 0.302246779203], "max": [-5.026932