{"lowlevel": {"average_loudness": 0.93795722723, "barkbands_crest": {"dmean": 2.84946680069, "dmean2": 4.65444326401, "dvar": 7.68523454666, "dvar2": 20.5109291077, "max": 26.1216812134, "mean": 13.0608234406, "median": 12.337179184, "min": 2.81569552422, "var": 18.8632659912}, "barkbands_flatness_db": {"dmean": 0.0354913435876, "dmean2": 0.0500507615507, "dvar": 0.0012071786914, "dvar2": 0.00222836947069, "max": 0.562920689583, "mean": 0.197852760553, "median": 0.190713733435, "min": 0.024972608313, "var": 0.0059162680991}, "barkbands_kurtosis": {"dmean": 11.6970653534, "dmean2": 18.0099277496, "dvar": 491.23336792, "dvar2": 1141.99047852, "max": 497.369445801, "mean": 21.6624889374, "median": 12.1081523895, "min": -1.87232267857, "var": 1033.57141113}, "barkbands_skewness": {"dmean": 1.00413167477, "dmean2": 1.52103853226, "dvar": 1.47876644135, "dvar2": 3.53942751884, "max": 19.0862903595, "mean": 3.34139347076, "median": 3.11206364632, "min": -2.63193678856, "var": 4.36291599274}, "barkbands_spread": {"dmean": 6.3357796669, "dmean2": 10.0966749191, "dvar": 92.9152832031, "dvar2": 218.701446533, "max": 102.35559845, "mean": 14.7216434479, "median": 11.511557579, "min": 0.112189158797, "var": 163.673309326}, "dissonance": {"dmean": 0.0218672417104, "dmean2": 0.0354092009366, "dvar": 0.000482165633002, "dvar2": 0.0012253629975, "max": 0.499999970198, "mean": 0.449083864689, "median": 0.457593023777, "min": 0.25161999464, "var": 0.00124393124133}, "dynamic_complexity": 3.3588552475, "erbbands_crest": {"dmean": 3.09614086151, "dmean2": 4.44471263885, "dvar": 9.25402641296, "dvar2": 17.8804225922, "max": 32.7092895508, "mean": 13.1362495422, "median": 12.1193790436, "min": 2.40615320206, "var": 39.9357910156}, "erbbands_flatness_db": {"dmean": 0.0258340537548, "dmean2": 0.032664489001, "dvar": 0.000755523797125, "dvar2": 0.00112313614227, "max": 0.463314622641, "mean": 0.142743721604, "median": 0.126482978463, "min": 0.0273795388639, "var": 0.00446150591597}, "erbbands_kurtosis": {"dmean": 1.9222253561, "dmean2": 2.63966417313, "dvar": 30.0771255493, "dvar2": 47.6588745117, "max": 198.23286438, "mean": 2.30740189552, "median": 0.131963014603, "min": -1.91922831535, "var": 85.6851425171}, "erbbands_skewness": {"dmean": 0.465373009443, "dmean2": 0.62876868248, "dvar": 0.306108653545, "dvar2": 0.499188005924, "max": 10.954076767, "mean": 0.689977109432, "median": 0.52460706234, "min": -4.06935119629, "var": 1.8754119873}, "erbbands_spread": {"dmean": 13.1143436432, "dmean2": 18.403711319, "dvar": 232.856246948, "dvar2": 466.943237305, "max": 187.445083618, "mean": 51.8229522705, "median": 46.3827667236, "min": 0.763002097607, "var": 852.408691406}, "hfc": {"dmean": 6.87618255615, "dmean2": 9.61247158051, "dvar": 104.58757782, "dvar2": 222.754241943, "max": 123.183631897, "mean": 15.3850374222, "median": 11.429189682, "min": 1.17736931159e-16, "var": 200.601913452}, "melbands_crest": {"dmean": 3.14682269096, "dmean2": 5.08051156998, "dvar": 7.84283399582, "dvar2": 20.9569339752, "max": 34.0528907776, "mean": 17.930223465, "median": 17.8339691162, "min": 1.63477289677, "var": 23.7916526794}, "melbands_flatness_db": {"dmean": 0.0405403934419, "dmean2": 0.0575328953564, "dvar": 0.00165343412664, "dvar2": 0.00309376092628, "max": 0.705031037331, "mean": 0.298969656229, "median": 0.297143697739, "min": 0.00499807205051, "var": 0.00868400372565}, "melbands_kurtosis": {"dmean": 28.2584114075, "dmean2": 44.0305900574, "dvar": 2160.9465332, "dvar2": 5426.734375, "max": 839.384155273, "mean": 58.708782196, "median": 36.4739379883, "min": -1.89357018471, "var": 4921.36816406}, "melbands_skewness": {"dmean": 1.36805069447, "dmean2": 2.05710291862, "dvar": 2.44511532784, "dvar2": 5.79204702377, "max": 20.8847465515, "mean": 5.24241256714, "median": 4.8253736496, "min": -0.943093299866, "var": 8.4725227356}, "melbands_spread": {"dmean": 4.15049123764, "dmean2": 6.52952575684, "dvar": 39.5902748108, "dvar2": 90.4308624268, "max": 175.957199097, "mean": 10.9334783554, "median": 6.41009235382, "min": 0.262705743313, "var": 219.042098999}, "pitch_salience": {"dmean": 0.0828131884336, "dmean2": 0.132351562381, "dvar": 0.00592984911054, "dvar2": 0.0155368549749, "max": 0.988459289074, "mean": 0.456408709288, "median": 0.462241292, "min": 0.0555060617626, "var": 0.015690676868}, "silence_rate_20dB": {"dmean": 0, "dmean2": 0, "dvar": 0, "dvar2": 0, "max": 1, "mean": 1, "median": 1, "min": 1, "var": 0}, "silence_rate_30dB": {"dmean": 0.0846948996186, "dmean2": 0.169408619404, "dvar": 0.0775265917182, "dvar2": 0.166937410831, "max": 1, "mean": 0.913980901241, "median": 1, "min": 0, "var": 0.0786122903228}, "silence_rate_60dB": {"dmean": 0.0266755577177, "dmean2": 0.0533570460975, "dvar": 0.025968208909, "dvar2": 0.0573961287737, "max": 1, "mean": 0.0780173391104, "median": 0, "min": 0, "var": 0.0719219818711}, "spectral_centroid": {"dmean": 204.507736206, "dmean2": 315.161834717, "dvar": 71861.9921875, "dvar2": 161315.078125, "max": 11572.2509766, "mean": 761.024902344, "median": 623.097229004, "min": 127.409248352, "var": 322352.03125}, "spectral_complexity": {"dmean": 2.77159047127, "dmean2": 4.23321485519, "dvar": 20.4036483765, "dvar2": 45.4252548218, "max": 51, "mean": 9.89964389801, "median": 9, "min": 0, "var": 41.1895027161}, "spectral_decrease": {"dmean": 5.63755353511e-09, "dmean2": 8.73701822002e-09, "dvar": 9.24676817934e-17, "dvar2": 2.35379709311e-16, "max": 1.53659754482e-21, "mean": -1.14163718479e-08, "median": -9.12242992257e-09, "min": -8.26679524835e-08, "var": 1.23020060939e-16}, "spectral_energy": {"dmean": 0.0217349976301, "dmean2": 0.0335536710918, "dvar": 0.00135498109739, "dvar2": 0.0034394597169, "max": 0.314802795649, "mean": 0.0444834008813, "median": 0.0357251763344, "min": 1.06559708721e-20, "var": 0.0018206348177}, "spectral_energyband_high": {"dmean": 0.00042968679918, "dmean2": 0.000613216019701, "dvar": 5.43379087503e-07, "dvar2": 1.15363229725e-06, "max": 0.00885631144047, "mean": 0.000666969630402, "median": 0.000247955729719, "min": 7.63436006598e-21, "var": 9.8615475963e-07}, "spectral_energyband_low": {"dmean": 0.0155212869868, "dmean2": 0.026026038453, "dvar": 0.00121434906032, "dvar2": 0.00323104974814, "max": 0.303953975439, "mean": 0.0265612639487, "median": 0.0188436508179, "min": 2.35148991328e-23, "var": 0.00123108935077}, "spectral_energyband_middle_high": {"dmean": 0.000899124715943, "dmean2": 0.00123386748601, "dvar": 3.7423599224e-06, "dvar2": 7.71730083216e-06, "max": 0.0387679971755, "mean": 0.00261491839774, "median": 0.00134752935264, "min": 1.39975034736e-21, "var": 1.19137057482e-05}, "spectral_energyband_middle_low": {"dmean": 0.00951701682061, "dmean2": 0.0132440403104, "dvar": 0.000228941833484, "dvar2": 0.000464334822027, "max": 0.228132203221, "mean": 0.0171660315245, "median": 0.00992173049599, "min": 1.73893683291e-22, "var": 0.000467810634291}, "spectral_entropy": {"dmean": 0.339862853289, "dmean2": 0.44325748086, "dvar": 0.132718399167, "dvar2": 0.206344604492, "max": 9.82089042664, "mean": 7.13945627213, "median": 7.27376747131, "min": 3.46004462242, "var": 0.649232387543}, "spectral_flux": {"dmean": 0.0430782027543, "dmean2": 0.0674908608198, "dvar": 0.00374755659141, "dvar2": 0.00794916041195, "max": 0.494087070227, "mean": 0.0879713371396, "median": 0.0643919333816, "min": 6.82603626401e-11, "var": 0.0056810406968}, "spectral_kurtosis": {"dmean": 2.51290130615, "dmean2": 3.54908895493, "dvar": 25.5676441193, "dvar2": 50.0090446472, "max": 179.786804199, "mean": 6.31788158417, "median": 3.54305958748, "min": -1.21852850914, "var": 79.3250656128}, "spectral_rms": {"dmean": 0.00143522513099, "dmean2": 0.00208242656663, "dvar": 3.7832619455e-06, "dvar2": 8.6965801529e-06, "max": 0.017524972558, "mean": 0.00586069887504, "median": 0.00590371340513, "min": 3.22429344508e-12, "var": 9.05070373847e-06}, "spectral_rolloff": {"dmean": 379.93057251, "dmean2": 685.666015625, "dvar": 1391599.875, "dvar2": 3653490.25, "max": 18820.0195312, "mean": 776.776062012, "median": 215.33203125, "min": 64.599609375, "var": 3117518.75}, "spectral_skewness": {"dmean": 0.312140524387, "dmean2": 0.424963951111, "dvar": 0.167889684439, "dvar2": 0.312018036842, "max": 10.6085262299, "mean": 1.91539096832, "median": 1.69138562679, "min": -0.0376315750182, "var": 0.790296137333}, "spectral_spread": {"dmean": 1134198.25, "dmean2": 1489747.5, "dvar": 1775838953470.0, "dvar2": 3477341732860.0, "max": 40405244, "mean": 6265113.5, "median": 6310510, "min": 546141.5, "var": 5438197727230.0}, "spectral_strongpeak": {"dmean": 0.345196664333, "dmean2": 0.56043022871, "dvar": 0.300992071629, "dvar2": 0.700404703617, "max": 6.63114261627, "mean": 0.743042230606, "median": 0.542090773582, "min": 0, "var": 0.565679013729}, "zerocrossingrate": {"dmean": 0.0127737345174, "dmean2": 0.0155832609162, "dvar": 0.000227875978453, "dvar2": 0.000308180780848, "max": 0.5146484375, "mean": 0.0467463359237, "median": 0.037109375, "min": 0.0029296875, "var": 0.00222044950351}, "barkbands": {"dmean": [0.000193075247807, 0.0115119731054, 0.00453434372321, 0.00362063152716, 0.00645361049101, 0.000400441262173, 0.000188957870705, 9.15007040021e-05, 0.000203244417207, 0.00041951998719, 0.000226442483836, 0.000108535590698, 8.71966694831e-05, 8.86234483914e-05, 0.000137873692438, 6.18152116658e-05, 5.46424016648e-05, 3.16942132486e-05, 5.91238786001e-05, 4.98842200614e-05, 6.95006019669e-05, 4.85501113872e-05, 6.94980772096e-05, 5.56409904675e-05, 9.29274756345e-05, 7.89989571786e-05, 3.41320155712e-05], "dmean2": [0.000330296665197, 0.0197036974132, 0.00766992382705, 0.00594667205587, 0.00868636369705, 0.000615882920101, 0.000320883991662, 0.000141556301969, 0.000289958959911, 0.000499661546201, 0.000296867539873, 0.000154611407197, 0.000142463090015, 0.000124115933431, 0.000217805194552, 9.90712287603e-05, 9.00489758351e-05, 5.11449688929e-05, 9.58158561843e-05, 8.16364554339e-05, 0.000103387283161, 7.52018822823e-05, 0.000103530743218, 8.11248100945e-05, 0.000138170013088, 0.000119333279144, 4.99593770655e-05], "dvar": [2.18144066366e-07, 0.00089071324328, 7.79662659625e-05, 3.83261503885e-05, 0.000124998085084, 4.4337360805e-07, 4.76710027897e-07, 1.0632081171e-07, 7.37793016015e-07, 1.55523912326e-06, 5.86671717429e-07, 1.52762325456e-07, 1.90582284176e-07, 3.79616444945e-08, 1.46598083006e-07, 2.06498622646e-08, 1.58494799507e-08, 4.95738339268e-09, 1.60298974095e-08, 1.49125636284e-08, 1.94352356431e-08, 7.76063391328e-09, 1.62027102846e-08, 9.85949455412e-09, 3.25956186487e-08, 2.52706247039e-08, 4.61138727204e-09], "dvar2": [6.16397244357e-07, 0.00244828173891, 0.000209895966691, 0.000102484889794, 0.000233943850617, 1.0676110378e-06, 1.28734768623e-06, 2.41052163119e-07, 1.4728940414e-06, 2.62408093477e-06, 9.55978407546e-07, 3.18912867669e-07, 4.76853529108e-07, 6.54825456081e-08, 3.29971044266e-07, 5.07598194588e-08, 4.1419365715e-08, 1.25510384308e-08, 4.03240392188e-08, 4.02616890938e-08, 4.28149569132e-08, 1.85402111441e-08, 3.57108902449e-08, 2.07517274475e-08, 7.58319842475e-08, 5.89819073582e-08, 1.02947161906e-08], "max": [0.00568334711716, 0.288852214813, 0.0832542255521, 0.0703074783087, 0.187178611755, 0.018529061228, 0.00925928819925, 0.0144956652075, 0.0236454904079, 0.0233655292541, 0.0185736324638, 0.00904070679098, 0.0124245751649, 0.00572851393372, 0.00924354419112, 0.00400059949607, 0.00158926518634, 0.00129768438637, 0.00157440640032, 0.00183848571032, 0.00410508783534, 0.00111635983922, 0.0020730199758, 0.0016060709022, 0.00198721559718, 0.00250342488289, 0.00149106001481], "mean": [0.000223762515816, 0.0158003550023, 0.00822873413563, 0.00497909728438, 0.0101678585634, 0.000819314213004, 0.000217705499381, 0.000220782370889, 0.000316342804581, 0.000894836266525, 0.00049051240785, 0.000227588097914, 0.000146934660734, 0.000329527800204, 0.000383089412935, 0.000118315590953, 8.26177492854e-05, 4.60956216557e-05, 8.85098197614e-05, 7.49442406232e-05, 0.000124319558381, 7.67520105001e-05, 9.85745646176e-05, 8.5722989752e-05, 0.000114561160444, 8.82069143699e-05, 3.83648875868e-05], "median": [3.60335870937e-05, 0.00725936051458, 0.00433154497296, 0.00249917735346, 0.00409885449335, 0.000469430262456, 5.17265179951e-05, 6.16207398707e-05, 4.56764464616e-05, 0.000127149061882, 6.72531386954e-05, 4.23637466156e-05, 1.70350704138e-05, 4.51428786619e-05, 7.67768069636e-05, 3.76367424906e-05, 3.39646503562e-05, 2.24111972784e-05, 3.49582187482e-05, 2.16160515265e-05, 4.46720441687e-05, 2.74330886896e-05, 3.30449911417e-05, 2.73742298305e-05, 3.26510635205e-05, 2.11416518141e-05, 8.44823443913e-06], "min": [1.36671187209e-24, 1.3206560228e-23, 5.1612013585e-24, 5.36247842961e-24, 1.53068266575e-23, 1.03981183755e-23, 3.12000294031e-23, 2.20978398898e-23, 2.65949876046e-23, 2.20525782065e-23, 4.54417486882e-23, 7.34775086946e-23, 1.07299547664e-22, 6.19992985337e-23, 5.09964938196e-23, 8.72077842113e-23, 1.49737941958e-22, 1.09015313822e-22, 2.30094115798e-22, 3.02111360915e-22, 3.6095637072e-22, 5.5949064819e-22, 4.35336008125e-22, 8.1288801805e-22, 1.14862136281e-21, 1.54607861792e-21, 2.2286214699e-21], "var": [2.56964199252e-07, 0.000763388234191, 0.000105304854515, 4.95613530802e-05, 0.00027205425431, 1.01479315617e-06, 3.74129569991e-07, 2.71672234931e-07, 1.53063604102e-06, 5.44267732039e-06, 1.96466476154e-06, 4.54439259556e-07, 3.46699209786e-07, 5.72810222366e-07, 8.24209962502e-07, 5.25439638466e-08, 2.34081429795e-08, 5.96489169169e-09, 2.13958859518e-08, 1.80566761543e-08, 4.31135092072e-08, 1.33214133058e-08, 2.5978271978e-08, 1.96133402852e-08, 4.15797636322e-08, 3.02825711174e-08, 5.83922998842e-09]}, "erbbands": {"dmean": [0.247612863779, 2.86435174942, 5.57138776779, 7.82881546021, 29.0157108307, 10.7864160538, 4.30760002136, 2.82033753395, 2.53620648384, 2.5520234108, 2.32308006287, 4.51601791382, 11.2909526825, 9.99366569519, 9.1649017334, 5.20733690262, 4.43503665924, 4.68873786926, 5.86733531952, 6.07278442383, 3.26683592796, 2.55461096764, 1.9274572134, 2.48219799995, 2.96719360352, 2.37821650505, 3.11500930786, 2.20816135406, 1.69523620605, 2.02770042419, 1.98332870007, 1.23561918736, 0.915439486504, 0.736327707767, 0.792942166328, 0.414818435907, 0.138632804155, 0.0370751842856, 0.00510087329894, 0.000396834133426], "dmean2": [0.420536786318, 4.92271566391, 9.34312057495, 12.8624353409, 40.297164917, 15.1955661774, 6.41979408264, 4.41918134689, 4.15874814987, 4.32509994507, 3.47960925102, 6.26195764542, 14.1172275543, 11.9003353119, 11.9545230865, 7.12517499924, 7.18034076691, 6.5021686554, 8.98087120056, 9.78615951538, 5.34404945374, 4.20792627335, 3.06018662453, 4.07101964951, 4.7675113678, 3.8537478447, 4.66519498825, 3.39261269569, 2.64270091057, 3.00646424294, 2.98341941833, 1.8369743824, 1.33314144611, 1.06600606441, 1.21564805508, 0.645858883858, 0.209986314178, 0.0555601753294, 0.00742251705378, 0.000581703032367], "dvar": [0.425335586071, 54.2604408264, 132.153335571, 151.445983887, 2693.44165039, 296.686950684, 48.6779632568, 33.9424095154, 52.360408783, 74.6415252686, 82.0644302368, 400.640258789, 1421.13366699, 1214.93005371, 913.065490723, 331.712585449, 520.850524902, 106.621162415, 279.736663818, 333.203155518, 54.243434906, 36.8252792358, 18.1615142822, 28.5226230621, 38.2553482056, 34.4262008667, 39.6106109619, 17.7056407928, 10.0919895172, 17.8327713013, 12.0731210709, 4.88090181351, 2.81333494186, 1.93401575089, 2.77529430389, 0.689903616905, 0.0946553647518, 0.00664451112971, 0.000105705366877, 5.44328486285e-07], "dvar2": [1.17793178558, 149.18309021, 350.039031982, 401.783111572, 5344.05029297, 626.512268066, 105.282173157, 84.4098358154, 139.321151733, 199.074951172, 179.883102417, 772.950866699, 2723.74804688, 1795.3717041, 1482.82312012, 665.018737793, 1308.98425293, 183.369140625, 585.071289062, 717.686706543, 140.89100647, 95.3004226685, 45.2349243164, 75.4093322754, 93.0848999023, 91.541015625, 88.1719894409, 42.7184906006, 24.5110092163, 36.8073234558, 27.9240894318, 10.2147169113, 6.06404590607, 3.95782899857, 6.75388002396, 1.66247928143, 0.226205408573, 0.0154117299244, 0.00023820840579, 1.21170023704e-06], "max": [6.79467201233, 68.2496109009, 101.096412659, 161.195419312, 843.918640137, 266.881744385, 141.183288574, 204.184860229, 104.188751221, 111.544067383, 390.620422363, 643.636108398, 897.083984375, 749.030639648, 633.230651855, 465.695678711, 647.249816895, 303.556304932, 456.480102539, 683.507446289, 174.553985596, 77.1216812134, 87.428276062, 62.2206077576, 97.1833648682, 85.7542266846, 175.130477905, 72.9970932007, 51.9267501831, 95.6494293213, 43.4416503906, 32.4713249207, 23.7041625977, 20.1670532227, 20.2513504028, 8.43183040619, 5.28916692734, 1.56892287731, 0.217507272959, 0.0150718083605], "mean": [0.325435459614, 3.97643828392, 10.3005723953, 13.4330863953, 42.8404350281, 18.008682251, 8.87402439117, 5.05251550674, 3.53854656219, 3.68707895279, 5.2524433136, 7.71861696243, 23.5913696289, 20.8167514801, 21.9192905426, 12.27871418, 8.18335533142, 18.4364757538, 17.460149765, 15.2503070831, 6.05585050583, 3.80385279655, 2.98840522766, 3.70378041267, 4.51264810562, 3.67838740349, 5.5115032196, 3.65544462204, 2.68523526192, 3.1516866684, 2.72627472878, 1.93323087692, 1.33322191238, 1.04071128368, 0.916078567505, 0.454601943493, 0.15283408761, 0.0400142520666, 0.00579693820328, 0.000478689937154], "median": [0.0933276712894, 1.90366101265, 5.56849241257, 8.57546329498, 16.2984924316, 8.78598117828, 4.75124120712, 2.5512342453, 1.15746021271, 0.654574930668, 1.68981862068, 1.49150073528, 3.83991527557, 3.75499200821, 3.40496993065, 2.60765218735, 1.76353645325, 2.68329954147, 3.12011265755, 4.14245128632, 2.33518362045, 1.68364191055, 1.51417338848, 1.63208436966, 1.63910961151, 1.1160993576, 1.79298019409, 1.39383602142, 0.967270493507, 1.08393287659, 0.924601316452, 0.591708779335, 0.447283387184, 0.344093799591, 0.225654572248, 0.104433134198, 0.0348200798035, 0.00864857435226, 0.00132002052851, 0.000136032089358], "min": [5.81485907763e-22, 2.20316425953e-21, 3.68303944885e-21, 1.39473766516e-20, 2.23929617916e-20, 4.69120007085e-20, 1.86141694014e-19, 1.30149024094e-19, 1.87823998434e-19, 4.73665383938e-19, 4.97984855838e-19, 6.34077211408e-19, 7.27844182599e-19, 9.89459076473e-19, 2.25858915882e-18, 2.86695196162e-18, 4.89672848735e-18, 3.83127436345e-18, 3.66732509809e-18, 2.78534666509e-18, 5.34635946651e-18, 1.01669902326e-17, 6.46948172758e-18, 1.15709456883e-17, 9.76680769691e-18, 1.55330986363e-17, 1.12732045084e-17, 1.65360435485e-17, 1.83439758174e-17, 1.38800476652e-17, 1.16200826983e-17, 1.86078745569e-17, 1.25787808923e-17, 1.14970759781e-17, 8.74687084057e-18, 5.95064344171e-18, 2.83719455268e-18, 1.16803589359e-18, 2.95172654898e-19, 3.14213409096e-20], "var": [0.395038515329, 45.5610122681, 167.807647705, 248.103240967, 5234.44580078, 630.049804688, 141.160507202, 59.6692199707, 51.4303283691, 81.754447937, 186.394271851, 859.866638184, 4348.04199219, 4415.62939453, 3745.98803711, 1150.66687012, 885.179748535, 1721.02734375, 1521.13269043, 1966.51635742, 101.709365845, 44.8738632202, 23.8648509979, 33.8506317139, 58.2764282227, 42.9990272522, 89.211730957, 31.7196598053, 16.6759319305, 32.5751991272, 17.9823913574, 10.341632843, 4.76693105698, 3.24213767052, 3.09749269485, 0.780769646168, 0.103669509292, 0.00737793929875, 0.000133428475237, 7.15607086477e-07]}, "gfcc": {"mean": [-35.1648254395, 78.7131652832, -62.5034370422, 34.0126838684, -32.8143692017, 21.1175003052, -31.4470329285, -3.50901675224, -31.9781417847, -7.59646081924, -26.4338283539, -4.18466472626, -6.58381795883], "cov": [[18580.8457031, -957.876953125, -136.785171509, 365.480041504, -500.76864624, 605.422729492, 100.121192932, 457.659881592, -123.283927917, 141.348007202, -288.350921631, 144.294448853, -99.7802505493], [-957.876953125, 1765.68212891, -215.33354187, -65.3980026245, 347.564544678, 13.588136673, -0.293277561665, -147.324356079, 61.398765564, -129.80657959, -2.46402812004, -133.183731079, 90.7925949097], [-136.785171509, -215.33354187, 756.281005859, 130.406555176, 75.5233459473, 43.3636169434, 109.714019775, 115.384635925, 34.8366394043, 60.8778686523, 48.8426322937, 75.4515228271, -36.1843757629], [365.480041504, -65.3980026245, 130.406555176, 408.947814941, -36.7433319092, -31.0132675171, 40.6909980774, 40.9313240051, -9.35678958893, 6.33571004868, 66.9526290894, 41.5021209717, -8.26890945435], [-500.76864624, 347.564544678, 75.5233459473, -36.7433319092, 347.08493042, 142.832321167, 9.89455509186, -29.9259262085, 58.8969039917, 8.75074291229, -20.902048111, -31.982088089, 36.9028778076], [605.422729492, 13.588136673, 43.3636169434, -31.0132675171, 142.832321167, 270.544403076, 91.1755371094, 66.3544006348, 61.3387107849, 54.8699302673, -24.116519928, 5.25615310669, 20.1290493011], [100.121192932, -0.293277561665, 109.714019775, 40.6909980774, 9.89455509186, 91.1755371094, 178.438919067, 123.620079041, 52.6044654846, 34.7572746277, 34.1929702759, 39.5628395081, 6.26472187042], [457.659881592, -147.324356079, 115.384635925, 40.9313240051, -29.9259262085, 66.3544006348, 123.620079041, 210.178024292, 96.6535186768, 52.774269104, 18.4509658813, 60.7828292847, 6.87787437439], [-123.283927917, 61.398765564, 34.8366394043, -9.35678958893, 58.8969039917, 61.3387107849, 52.6044654846, 96.6535186768, 153.800018311, 74.4867401123, 15.3595161438, 1.01414442062, 9.94221305847], [141.348007202, -129.80657959, 60.8778686523, 6.33571004868, 8.75074291229, 54.8699302673, 34.7572746277, 52.774269104, 74.4867401123, 142.822906494, 65.575050354, 8.86928653717, -36.7689399719], [-288.350921631, -2.46402812004, 48.8426322937, 66.9526290894, -20.902048111, -24.116519928, 34.1929702759, 18.4509658813, 15.3595161438, 65.575050354, 146.614898682, 70.7870864868, -30.8563480377], [144.294448853, -133.183731079, 75.4515228271, 41.5021209717, -31.982088089, 5.25615310669, 39.5628395081, 60.7828292847, 1.01414442062, 8.86928653717, 70.7870864868, 149.947280884, 20.7441120148], [-99.7802505493, 90.7925949097, -36.1843757629, -8.26890945435, 36.9028778076, 20.1290493011, 6.26472187042, 6.87787437439, 9.94221305847, -36.7689399719, -30.8563480377, 20.7441120148, 94.9876022339]], "icov": [[9.10050366656e-05, -8.61986773089e-05, 4.08018349844e-05, -0.000139517622301, 0.00022474891739, -0.000326382141793, 0.00025099539198, -0.000316356978146, 0.000354292074917, -0.000344232626958, 0.000473374442663, -0.000259165564785, 0.000209627512959], [-8.61986773089e-05, 0.00124969857279, 0.000195225278731, 0.00024248372938, -0.0012008700287, 0.00055570807308, -0.000948769156821, 0.000995116773993, -0.00152034696657, 0.00230418634601, -0.00212364830077, 0.001591177308, -0.00083656643983], [4.08018349844e-05, 0.000195225278731, 0.00190552114509, -0.000511290272698, -0.00112790847197, 0.000628705951385, -0.00092073372798, -0.000631698989309, 0.000588993658312, -0.000739968032576, 0.000895823235624, -0.000983007834293, 0.00110665929969], [-0.000139517622301, 0.00024248372938, -0.000511290272698, 0.0031395945698, -0.000217328648432, 0.000591875636019, -0.000429101346526, -0.000176119050593, -0.000172255793586, 0.00143445236608, -0.00271799648181, 0.00117466400843, -0.000865899899509], [0.00022474891739, -0.0012008700287, -0.00112790847197, -0.000217328648432, 0.00677463458851, -0.00432998780161, 0.00198826845735, 0.00123000098392, -0.00126600218937, -0.000407341867685, 0.000893582357094, -0.000380776356906, -0.00065096875187], [-0.000326382141793, 0.00055570807308, 0.000628705951385, 0.000591875636019, -0.00432998780161, 0.00902554672211, -0.00503566116095, 0.00104425777681, -0.000230940218898, -0.00294129084796, 0.00241340347566, -0.000874549034052, -0.000696307921316], [0.00025099539198, -0.000948769156821, -0.00092073372798, -0.000429101346526, 0.00198826845735, -0.00503566116095, 0.013731861487, -0.00820262916386, 0.00244398089126, 0.000708968669642, -0.00299041252583, 0.00121629505884, -0.000453036976978], [-0.000316356978146, 0.000995116773993, -0.000631698989309, -0.000176119050593, 0.00123000098392, 0.00104425777681, -0.00820262916386, 0.0161128826439, -0.00957421772182, 0.0013543224195, 0.00207973038778, -0.00360098364763, 0.000124047437566], [0.000354292074917, -0.00152034696657, 0.000588993658312, -0.000172255793586, -0.00126600218937, -0.000230940218898, 0.00244398089126, -0.00957421772182, 0.0175913572311, -0.00988820660859, 0.00307763926685, 0.000271491502644, -0.00162084621843], [-0.000344232626958, 0.00230418634601, -0.000739968032576, 0.00143445236608, -0.000407341867685, -0.00294129084796, 0.000708968669642, 0.0013543224195, -0.00988820660859, 0.0214107632637, -0.0132852690294, 0.00649741850793, 0.00150398747064], [0.000473374442663, -0.00212364830077, 0.000895823235624, -0.00271799648181, 0.000893582357094, 0.00241340347566, -0.00299041252583, 0.00207973038778, 0.00307763926685, -0.0132852690294, 0.0228759422898, -0.0129372188821, 0.00661154603586], [-0.000259165564785, 0.001591177308, -0.000983007834293, 0.00117466400843, -0.000380776356906, -0.000874549034052, 0.00121629505884, -0.00360098364763, 0.000271491502644, 0.00649741850793, -0.0129372188821, 0.0162537824363, -0.0068171187304], [0.000209627512959, -0.00083656643983, 0.00110665929969, -0.000865899899509, -0.00065096875187, -0.000696307921316, -0.000453036976978, 0.000124047437566, -0.00162084621843, 0.00150398747064, 0.00661154603586, -0.0068171187304, 0.0167034026235]]}, "melbands": {"dmean": [0.00276255584322, 0.00324285915121, 0.00191921775695, 0.00161164742894, 0.000147435333929, 6.42519298708e-05, 3.98801421397e-05, 2.51116725849e-05, 2.00560625672e-05, 3.08146591124e-05, 5.64450274396e-05, 4.12642584706e-05, 3.25802066072e-05, 1.45635503941e-05, 1.18380430649e-05, 7.71102259023e-06, 9.57990687311e-06, 8.84639302967e-06, 8.46295552037e-06, 6.80477114656e-06, 3.70698194274e-06, 2.92311665362e-06, 2.30175623983e-06, 1.52573500145e-06, 2.15746013055e-06, 2.28188946494e-06, 1.93732125808e-06, 1.59151807111e-06, 1.93985192709e-06, 1.93982486962e-06, 1.17453271287e-06, 9.60310785558e-07, 1.07432754248e-06, 1.18590480724e-06, 1.23551239994e-06, 8.74069257861e-07, 7.62756428685e-07, 6.53032827813e-07, 6.06310777584e-07, 6.39307756956e-07], "dmean2": [0.00472410162911, 0.00544673902914, 0.0029484203551, 0.00219895737246, 0.000225196636165, 0.000100532794022, 6.54779723845e-05, 4.20422584284e-05, 2.95901754725e-05, 4.31951302744e-05, 7.05315032974e-05, 4.90166930831e-05, 4.28598978033e-05, 1.99480509764e-05, 1.80116658157e-05, 1.25887254399e-05, 1.31065371534e-05, 1.35238888106e-05, 1.38256200444e-05, 1.07292362372e-05, 6.22697825747e-06, 4.85555619889e-06, 3.74356022803e-06, 2.38099210037e-06, 3.58783722731e-06, 3.72231284018e-06, 3.14030148729e-06, 2.62062690126e-06, 2.97146357298e-06, 2.91436663247e-06, 1.88052956673e-06, 1.54943325015e-06, 1.64546781889e-06, 1.78723826139e-06, 1.90169009784e-06, 1.31093952405e-06, 1.15147474844e-06, 9.61330897553e-07, 8.91260299341e-07, 9.41477594552e-07], "dvar": [5.36817351531e-05, 5.17234220752e-05, 8.8172228061e-06, 7.78637149779e-06, 5.37859108363e-08, 1.53972550265e-08, 1.47563614661e-08, 6.20159879006e-09, 6.55621335e-09, 1.60887516643e-08, 3.51241027374e-08, 2.29167902432e-08, 1.29724897491e-08, 1.79007519918e-09, 3.13268877505e-09, 1.03887909386e-09, 4.8256743046e-10, 6.05876182558e-10, 6.16323658775e-10, 2.94338275975e-10, 8.19619649928e-11, 5.29037716412e-11, 2.5960055286e-11, 1.02854591164e-11, 2.19336493412e-11, 2.51119732647e-11, 1.63992638913e-11, 1.66786098821e-11, 1.42127802583e-11, 2.17114000389e-11, 5.10644261251e-12, 3.57014244556e-12, 3.77341820984e-12, 6.65222000748e-12, 4.83958663075e-12, 2.66212117454e-12, 1.96984832959e-12, 1.51920858706e-12, 1.17303616907e-12, 1.65354936774e-12], "dvar2": [0.000148811843246, 0.00013753141684, 2.09718673432e-05, 1.49210281961e-05, 1.22558887483e-07, 3.83227423129e-08, 3.91443641945e-08, 1.63333453429e-08, 1.34723734391e-08, 3.24340803104e-08, 6.72116939882e-08, 3.32833067773e-08, 2.17201012731e-08, 3.45837691818e-09, 7.85125209291e-09, 2.65314059611e-09, 7.60775331621e-10, 1.25277144214e-09, 1.52698509392e-09, 6.12965345148e-10, 2.23521215426e-10, 1.39233513607e-10, 6.73719621758e-11, 2.39865662055e-11, 5.86739198893e-11, 6.39488462184e-11, 4.14024231565e-11, 4.50311385403e-11, 3.38607440697e-11, 4.71027071514e-11, 1.30348665889e-11, 9.15019015418e-12, 8.67905400326e-12, 1.3956250218e-11, 1.14752573763e-11, 5.82885302525e-12, 4.21650171376e-12, 3.30623657792e-12, 2.55024343657e-12, 3.41109519103e-12], "max": [0.0728917941451, 0.0579921379685, 0.0385006815195, 0.045572374016, 0.00428727082908, 0.00413795514032, 0.00167527340818, 0.0010300175054, 0.00288996030577, 0.00345385773107, 0.0044706123881, 0.00333511154167, 0.00291484571062, 0.00104737502988, 0.0012408522889, 0.000941534992307, 0.000695533468388, 0.000671451853123, 0.000598229002208, 0.000637270568404, 0.000152936074301, 9.37483855523e-05, 8.33430312923e-05, 8.39374333736e-05, 5.78180588491e-05, 6.64265535306e-05, 5.73925099161e-05, 6.26003093203e-05, 6.27426270512e-05, 0.000180936185643, 2.57156843873e-05, 3.35601544066e-05, 3.51667804352e-05, 5.903188503e-05, 3.05869762087e-05, 2.29078596021e-05, 2.08646215469e-05, 1.90020837181e-05, 1.55603593157e-05, 1.91611452465e-05], "mean": [0.00371791422367, 0.00553170638159, 0.0032396777533, 0.00250441581011, 0.000290367170237, 0.000120692646306, 5.30673423782e-05, 3.99405435019e-05, 4.30124491686e-05, 5.09472774866e-05, 0.00011756382446, 8.29540585983e-05, 6.97518480592e-05, 3.82106263714e-05, 2.22496055358e-05, 1.33431240101e-05, 3.8551104808e-05, 2.5855120839e-05, 2.038808816e-05, 1.67157922988e-05, 5.63907224205e-06, 4.07683319281e-06, 3.40418273481e-06, 2.32108618547e-06, 3.03912975141e-06, 3.12272436531e-06, 2.99039152196e-06, 2.25410462917e-06, 3.22806772601e-06, 3.25967039316e-06, 1.78004188456e-06, 1.42476699239e-06, 1.62812477811e-06, 1.7623082158e-06, 1.61630532602e-06, 1.28978285829e-06, 1.13914632038e-06, 9.25711049149e-07, 8.54354766489e-07, 8.81268590547e-07], "median": [0.00152058317326, 0.00370816956274, 0.00199528131634, 0.000991186359897, 0.00016284690355, 6.54852919979e-05, 1.52381580847e-05, 7.50496928958e-06, 1.27122621052e-05, 8.30621775094e-06, 1.83513948286e-05, 1.13547739602e-05, 1.04491846287e-05, 5.76751472181e-06, 3.53429254574e-06, 1.80516599357e-06, 4.51503547083e-06, 4.32611886936e-06, 4.90552338306e-06, 4.6658788051e-06, 1.91124718185e-06, 1.54389567797e-06, 1.54905842464e-06, 1.18648290481e-06, 1.20361028166e-06, 1.13723513095e-06, 8.9402260528e-07, 6.46749299449e-07, 1.02784804312e-06, 1.08410154098e-06, 6.75446983678e-07, 4.85177793053e-07, 5.57069370188e-07, 5.9928038354e-07, 5.28340024175e-07, 4.39555890352e-07, 3.10772350076e-07, 2.9535556223e-07, 2.9330070106e-07, 2.78371601325e-07], "min": [4.41854206434e-24, 2.32230040318e-24, 2.51697707509e-24, 3.16112657485e-24, 5.84164910952e-24, 2.43753976801e-24, 4.07405084577e-24, 4.79723316417e-24, 4.24330331957e-24, 3.74432868106e-24, 3.41100812734e-24, 3.46036715418e-24, 5.93463096112e-24, 9.38585206196e-24, 5.81193311365e-24, 1.11574506394e-23, 6.18589617564e-24, 6.58859231282e-24, 2.25644294215e-24, 5.18094851911e-24, 5.69944036527e-24, 9.97400308707e-24, 6.07177048519e-24, 5.99000071363e-24, 1.00050250422e-23, 6.6343123243e-24, 9.06478804012e-24, 9.98485386882e-24, 7.37567039239e-24, 5.91871135362e-24, 1.06503361396e-23, 1.18815113544e-23, 8.22936935313e-24, 7.11422611118e-24, 5.97190385003e-24, 9.55859918957e-24, 1.00036153477e-23, 7.93839011963e-24, 7.59679914818e-24, 9.38351308938e-24], "var": [4.64012737211e-05, 5.39479806321e-05, 1.48303479364e-05, 1.65409619513e-05, 1.3708684321e-07, 2.81980803152e-08, 1.37126230371e-08, 8.23376744563e-09, 1.48729659699e-08, 3.31235234796e-08, 1.07549013251e-07, 8.51777102184e-08, 3.92467107702e-08, 9.27043153354e-09, 4.7128239089e-09, 2.08506811816e-09, 8.4623996699e-09, 3.37421224295e-09, 2.35701547169e-09, 1.78363068759e-09, 1.07976592945e-10, 6.71146055398e-11, 3.45901814136e-11, 1.48230386299e-11, 2.54177009301e-11, 3.04211343616e-11, 2.69615163528e-11, 1.84865612401e-11, 2.90879716147e-11, 4.1760501307e-11, 7.57495368514e-12, 5.13253632303e-12, 6.54846749742e-12, 1.1552402264e-11, 6.69318636973e-12, 4.37596920505e-12, 4.0489495437e-12, 2.48944831763e-12, 1.91678769211e-12, 2.66023249436e-12]}, "mfcc": {"mean": [-695.969116211, 119.061332703, 32.7788124084, 30.132686615, 21.2155380249, 22.3687667847, 10.3863830566, 6.23406648636, 5.70710468292, 0.30475589633, -12.007730484, -13.2581100464, -8.16674137115], "cov": [[10679.0712891, -435.974212646, 185.715957642, 109.494316101, -207.900512695, 83.7663650513, 96.6206130981, 239.636077881, 141.792816162, 138.12840271, 30.0422534943, 259.46206665, 311.066314697], [-435.974212646, 1452.48376465, -177.063491821, -69.7592697144, 252.06690979, 169.826171875, 32.8850975037, 46.0209312439, 113.564819336, 66.8130569458, -28.7438373566, -120.948150635, -128.74911499], [185.715957642, -177.063491821, 505.729797363, 151.30708313, -2.54238533974, -0.607858359814, 76.3067321777, 64.6254425049, 12.319896698, -3.12281322479, 61.1840553284, 124.985313416, 68.5367660522], [109.494316101, -69.7592697144, 151.30708313, 307.070892334, 25.0786743164, -9.42102813721, 38.2227706909, 30.703081131, -36.1355285645, -30.5935974121, 13.6927671432, 46.2175254822, 40.7655410767], [-207.900512695, 252.06690979, -2.54238533974, 25.0786743164, 241.773010254, 122.258003235, 13.7212762833, 11.4606552124, 43.601272583, 40.967414856, 2.26899313927, -52.9359016418, -36.3270835876], [83.7663650513, 169.826171875, -0.607858359814, -9.42102813721, 122.258003235, 187.982406616, 65.7975616455, 17.9634723663, 37.3979187012, 46.3498344421, 16.9360618591, -21.9534378052, -19.7911739349], [96.6206130981, 32.8850975037, 76.3067321777, 38.2227706909, 13.7212762833, 65.7975616455, 134.515457153, 57.831451416, 16.7430477142, 5.28763389587, 13.4632844925, 44.0480537415, 26.6998577118], [239.636077881, 46.0209312439, 64.6254425049, 30.703081131, 11.4606552124, 17.9634723663, 57.831451416, 167.254653931, 84.8239212036, 15.4685554504, 1.51141667366, 41.9090652466, 69.427986145], [141.792816162, 113.564819336, 12.319896698, -36.1355285645, 43.601272583, 37.3979187012, 16.7430477142, 84.8239212036, 167.722122192, 115.184173584, 9.79152774811, -44.3689537048, -21.6194782257], [138.12840271, 66.8130569458, -3.12281322479, -30.5935974121, 40.967414856, 46.3498344421, 5.28763389587, 15.4685554504, 115.184173584, 211.307144165, 77.8777694702, -45.9737129211, -48.3784255981], [30.0422534943, -28.7438373566, 61.1840553284, 13.6927671432, 2.26899313927, 16.9360618591, 13.4632844925, 1.51141667366, 9.79152774811, 77.8777694702, 135.349334717, 81.5421829224, 17.7109909058], [259.46206665, -120.948150635, 124.985313416, 46.2175254822, -52.9359016418, -21.9534378052, 44.0480537415, 41.9090652466, -44.3689537048, -45.9737129211, 81.5421829224, 242.723937988, 150.216156006], [311.066314697, -128.74911499, 68.5367660522, 40.7655410767, -36.3270835876, -19.7911739349, 26.6998577118, 69.427986145, -21.6194782257, -48.3784255981, 17.7109909058, 150.216156006, 211.880233765]], "icov": [[0.00010834880959, 2.01535804081e-05, 1.0680771112e-07, -5.56635059183e-05, 0.000167200429132, -0.000198389170691, 0.000100048921013, -8.92533716979e-05, -1.40003130582e-05, -0.00018174359866, 0.000197745044716, -0.000139670926728, -6.98069707141e-05], [2.01535804081e-05, 0.00097225967329, 0.000353187992005, 7.91538332123e-05, -0.000796409149189, -0.000236811334617, -0.000131322376546, -0.000328833557433, -0.000352438393747, 0.000138631614391, 0.000145492900629, -0.000305184890749, 0.000597262114752], [1.0680771112e-07, 0.000353187992005, 0.00292979017831, -0.00112028198782, -0.000390797125874, 0.000331666029524, -0.00105828710366, -8.02115246188e-05, -0.00104718131479, 0.000458755821455, -0.000614518008661, -0.00116431177594, 0.000480644608615], [-5.56635059183e-05, 7.91538332123e-05, -0.00112028198782, 0.0043868063949, -0.00132031203248, 0.00116999540478, -0.000921807542909, -0.00108503561933, 0.00201063044369, -0.000181434676051, -0.000290455471259, 0.000580275023822, -0.000220590271056], [0.000167200429132, -0.000796409149189, -0.000390797125874, -0.00132031203248, 0.00803771894425, -0.00524988118559, 0.00234240991995, -3.39572106896e-05, -0.000853933219332, 5.72627795918e-05, -4.95442982356e-05, 0.000878432125319, -0.000438018934801], [-0.000198389170691, -0.000236811334617, 0.000331666029524, 0.00116999540478, -0.00524988118559, 0.0113950520754, -0.00599373457953, 0.00118170585483, -8.54195823194e-05, -0.000274797697784, -0.00152046943549, 0.001182398526, -0.000435313064372], [0.000100048921013, -0.000131322376546, -0.00105828710366, -0.000921807542909, 0.00234240991995, -0.00599373457953, 0.0129695078358, -0.00423765555024, 0.00164030794986, -0.0011271238327, 0.00185770355165, -0.00253432313912, 0.00144046696369], [-8.92533716979e-05, -0.000328833557433, -8.02115246188e-05, -0.00108503561933, -3.39572106896e-05, 0.00118170585483, -0.00423765555024, 0.0139532526955, -0.00960682705045, 0.00349368411116, -0.000785275828093, 0.000378229015041, -0.00415270077065], [-1.40003130582e-05, -0.000352438393747, -0.00104718131479, 0.00201063044369, -0.000853933219332, -8.54195823194e-05, 0.00164030794986, -0.00960682705045, 0.018555238843, -0.0100105032325, 0.00423928676173, 0.000216363347135, 0.00164498155937], [-0.00018174359866, 0.000138631614391, 0.000458755821455, -0.000181434676051, 5.72627795918e-05, -0.000274797697784, -0.0011271238327, 0.00349368411116, -0.0100105032325, 0.0147412838414, -0.0104697365314, 0.00466997781768, -0.000872306816746], [0.000197745044716, 0.000145492900629, -0.000614518008661, -0.000290455471259, -4.95442982356e-05, -0.00152046943549, 0.00185770355165, -0.000785275828093, 0.00423928676173, -0.0104697365314, 0.0188001152128, -0.009640336968, 0.00323066231795], [-0.000139670926728, -0.000305184890749, -0.00116431177594, 0.000580275023822, 0.000878432125319, 0.001182398526, -0.00253432313912, 0.000378229015041, 0.000216363347135, 0.00466997781768, -0.009640336968, 0.0139533346519, -0.00725719705224], [-6.98069707141e-05, 0.000597262114752, 0.000480644608615, -0.000220590271056, -0.000438018934801, -0.000435313064372, 0.00144046696369, -0.00415270077065, 0.00164498155937, -0.000872306816746, 0.00323066231795, -0.00725719705224, 0.0109792267904]]}, "spectral_contrast_coeffs": {"dmean": [0.0539029091597, 0.0440020635724, 0.0390523634851, 0.0295363850892, 0.0217560846359, 0.0184334218502], "dmean2": [0.0840871781111, 0.0699458122253, 0.0581520870328, 0.0442016944289, 0.0328931361437, 0.0290896426886], "dvar": [0.00208563962951, 0.00146694411524, 0.00119056785479, 0.000644415908027, 0.000374839059077, 0.000268100498943], "dvar2": [0.00505927950144, 0.00358519540168, 0.00249056890607, 0.00133707933128, 0.000794241204858, 0.000641594291665], "max": [-0.242647945881, -0.411237716675, -0.457432508469, -0.469295978546, -0.632377386093, -0.638577818871], "mean": [-0.588540971279, -0.70811778307, -0.734960019588, -0.759471297264, -0.808732271194, -0.795246362686], "median": [-0.594504892826, -0.709855377674, -0.738144874573, -0.774471640587, -0.813093006611, -0.79521459341], "min": [-0.97068887949, -0.994379520416, -0.987885534763, -0.97029531002, -0.960535645485, -0.960552334785], "var": [0.00916028860956, 0.00577268144116, 0.00742641091347, 0.00721960235387, 0.00208465033211, 0.00137988629285]}, "spectral_contrast_valleys": {"dmean": [0.434490144253, 0.441638708115, 0.437201738358, 0.419839143753, 0.414099663496, 0.500087797642], "dmean2": [0.677077531815, 0.645503282547, 0.621886432171, 0.560381889343, 0.527241945267, 0.571120679379], "dvar": [0.194702371955, 0.17461207509, 0.172681942582, 0.166774854064, 0.181949213147, 0.243978738785], "dvar2": [0.391436994076, 0.336920499802, 0.343494027853, 0.30341103673, 0.329260826111, 0.412813812494], "max": [-4.73866224289, -5.14391851425, -5.42137527466, -5.73881387711, -5.81786632538, -7.97286224365