{"lowlevel": {"average_loudness": 0.88994961977, "barkbands_crest": {"dmean": 3.2491414547, "dmean2": 5.33413267136, "dvar": 9.15376567841, "dvar2": 23.0884056091, "max": 26.2720775604, "mean": 12.3237705231, "median": 11.6154747009, "min": 2.03666973114, "var": 21.6481571198}, "barkbands_flatness_db": {"dmean": 0.0719027966261, "dmean2": 0.10351908952, "dvar": 0.00632205465809, "dvar2": 0.013456935063, "max": 0.768469810486, "mean": 0.253313839436, "median": 0.234018996358, "min": 0.00956494174898, "var": 0.0174564439803}, "barkbands_kurtosis": {"dmean": 9.60615634918, "dmean2": 15.5789756775, "dvar": 400.029174805, "dvar2": 945.869995117, "max": 349.7109375, "mean": 11.9444694519, "median": 4.01394319534, "min": -1.9332613945, "var": 594.85168457}, "barkbands_skewness": {"dmean": 1.07438111305, "dmean2": 1.6400167942, "dvar": 1.48300206661, "dvar2": 3.18359780312, "max": 12.3463716507, "mean": 1.85666811466, "median": 1.46991586685, "min": -6.1126999855, "var": 3.90893173218}, "barkbands_spread": {"dmean": 6.27718448639, "dmean2": 9.98323535919, "dvar": 112.482177734, "dvar2": 259.49230957, "max": 139.80859375, "mean": 14.7848234177, "median": 7.11186552048, "min": 0.163794100285, "var": 497.681304932}, "dissonance": {"dmean": 0.0531200170517, "dmean2": 0.085970044136, "dvar": 0.00331964436918, "dvar2": 0.00815994665027, "max": 0.499999940395, "mean": 0.391440033913, "median": 0.41579413414, "min": 0.0563236288726, "var": 0.00887119304389}, "dynamic_complexity": 4.59044027328, "erbbands_crest": {"dmean": 3.90779352188, "dmean2": 6.33270168304, "dvar": 13.4315538406, "dvar2": 32.4191932678, "max": 32.1188011169, "mean": 13.1397838593, "median": 12.2419195175, "min": 2.13684153557, "var": 34.6888427734}, "erbbands_flatness_db": {"dmean": 0.0585950165987, "dmean2": 0.0838190093637, "dvar": 0.0042247637175, "dvar2": 0.00812237150967, "max": 0.576645433903, "mean": 0.238212943077, "median": 0.226348236203, "min": 0.0262248106301, "var": 0.0113418903202}, "erbbands_kurtosis": {"dmean": 3.86243224144, "dmean2": 6.23106718063, "dvar": 69.7997589111, "dvar2": 176.916534424, "max": 155.328811646, "mean": 4.10250663757, "median": 1.71190309525, "min": -1.92519855499, "var": 71.8614654541}, "erbbands_skewness": {"dmean": 0.777789831161, "dmean2": 1.18890929222, "dvar": 0.707379341125, "dvar2": 1.58927452564, "max": 11.6955833435, "mean": 0.846883535385, "median": 0.758382260799, "min": -4.83744812012, "var": 1.70093500614}, "erbbands_spread": {"dmean": 10.575469017, "dmean2": 16.5979728699, "dvar": 219.040878296, "dvar2": 507.653045654, "max": 192.808349609, "mean": 25.7110538483, "median": 16.7514362335, "min": 0.327451139688, "var": 634.732971191}, "hfc": {"dmean": 7.46016454697, "dmean2": 11.7470579147, "dvar": 168.537780762, "dvar2": 384.981231689, "max": 175.377716064, "mean": 12.6035900116, "median": 6.37167549133, "min": 2.73240097215e-08, "var": 338.635070801}, "melbands_crest": {"dmean": 3.85042142868, "dmean2": 6.36073732376, "dvar": 13.855884552, "dvar2": 34.0611190796, "max": 34.4337005615, "mean": 16.2558765411, "median": 15.3104190826, "min": 2.34992599487, "var": 36.7690238953}, "melbands_flatness_db": {"dmean": 0.0821096077561, "dmean2": 0.118307985365, "dvar": 0.00839889515191, "dvar2": 0.0180340595543, "max": 0.9593116045, "mean": 0.349109143019, "median": 0.327422082424, "min": 0.0105970315635, "var": 0.0257856640965}, "melbands_kurtosis": {"dmean": 15.6047801971, "dmean2": 25.0575237274, "dvar": 1093.11914062, "dvar2": 2447.02319336, "max": 538.326049805, "mean": 21.3420352936, "median": 6.6178150177, "min": -1.92325091362, "var": 1899.50939941}, "melbands_skewness": {"dmean": 1.22237169743, "dmean2": 1.86434578896, "dvar": 2.02273344994, "dvar2": 4.36556386948, "max": 16.9015235901, "mean": 2.51664042473, "median": 1.86524677277, "min": -2.70705270767, "var": 5.96046209335}, "melbands_spread": {"dmean": 7.09946060181, "dmean2": 11.3154687881, "dvar": 215.008804321, "dvar2": 496.299438477, "max": 250.319412231, "mean": 14.3593940735, "median": 8.11851501465, "min": 0.229212671518, "var": 443.189422607}, "pitch_salience": {"dmean": 0.100431531668, "dmean2": 0.167397707701, "dvar": 0.00968566630036, "dvar2": 0.0250230431557, "max": 0.923680722713, "mean": 0.493972599506, "median": 0.488356947899, "min": 0.0306812822819, "var": 0.0230412743986}, "silence_rate_20dB": {"dmean": 0, "dmean2": 0, "dvar": 0, "dvar2": 0, "max": 1, "mean": 1, "median": 1, "min": 1, "var": 0}, "silence_rate_30dB": {"dmean": 0.0241166576743, "dmean2": 0.048246845603, "dvar": 0.0235341135412, "dvar2": 0.0588247030973, "max": 1, "mean": 0.982057750225, "median": 1, "min": 0, "var": 0.017619760707}, "silence_rate_60dB": {"dmean": 0.0549635440111, "dmean2": 0.109677419066, "dvar": 0.0519428774714, "dvar2": 0.115596950054, "max": 1, "mean": 0.144098684192, "median": 0, "min": 0, "var": 0.123335272074}, "spectral_centroid": {"dmean": 246.165557861, "dmean2": 382.149078369, "dvar": 142435.34375, "dvar2": 313955.40625, "max": 6324.81591797, "mean": 813.323669434, "median": 554.864379883, "min": 111.390731812, "var": 493244.78125}, "spectral_complexity": {"dmean": 2.68648338318, "dmean2": 4.29116392136, "dvar": 14.3627262115, "dvar2": 34.6758575439, "max": 38, "mean": 7.71488666534, "median": 7, "min": 0, "var": 33.0670661926}, "spectral_decrease": {"dmean": 3.22386761731e-09, "dmean2": 4.88880314009e-09, "dvar": 3.26431807144e-17, "dvar2": 7.51437669095e-17, "max": 7.19913795244e-10, "mean": -6.17089446209e-09, "median": -4.14213552347e-09, "min": -6.58723422475e-08, "var": 5.01879958353e-17}, "spectral_energy": {"dmean": 0.0127571104094, "dmean2": 0.0193554479629, "dvar": 0.000496409833431, "dvar2": 0.00114014931023, "max": 0.253891438246, "mean": 0.0244335588068, "median": 0.0163520742208, "min": 4.05909897708e-12, "var": 0.000767756195273}, "spectral_energyband_high": {"dmean": 0.000209499747143, "dmean2": 0.00035901737283, "dvar": 2.70893650622e-07, "dvar2": 6.56086001527e-07, "max": 0.0123016219586, "mean": 0.000275903526926, "median": 2.03742438316e-05, "min": 2.0991793373e-12, "var": 8.93688707038e-07}, "spectral_energyband_low": {"dmean": 0.00583627820015, "dmean2": 0.00901406444609, "dvar": 0.00029120882391, "dvar2": 0.000709309242666, "max": 0.212890595198, "mean": 0.00969085562974, "median": 0.00430982979015, "min": 3.29870923329e-13, "var": 0.000326012843288}, "spectral_energyband_middle_high": {"dmean": 0.00215211766772, "dmean2": 0.00337316282094, "dvar": 3.40572842106e-05, "dvar2": 7.44576464058e-05, "max": 0.0813118368387, "mean": 0.0030057891272, "median": 0.000509986537509, "min": 5.45103621529e-13, "var": 5.50150944036e-05}, "spectral_energyband_middle_low": {"dmean": 0.00732927024364, "dmean2": 0.0114320851862, "dvar": 0.000151504194946, "dvar2": 0.000356196425855, "max": 0.11684923619, "mean": 0.0125479754061, "median": 0.0063665737398, "min": 9.55318289753e-13, "var": 0.000273866055068}, "spectral_entropy": {"dmean": 0.583078324795, "dmean2": 0.883645176888, "dvar": 0.436816036701, "dvar2": 0.951252818108, "max": 9.01161766052, "mean": 6.54781293869, "median": 6.64214086533, "min": 3.09845614433, "var": 1.25505101681}, "spectral_flux": {"dmean": 0.0410658977926, "dmean2": 0.0658676177263, "dvar": 0.00251090317033, "dvar2": 0.00577211333439, "max": 0.452676981688, "mean": 0.0778361856937, "median": 0.0623043179512, "min": 9.77735999186e-06, "var": 0.00414518173784}, "spectral_kurtosis": {"dmean": 29.5018920898, "dmean2": 46.1864776611, "dvar": 4588.57958984, "dvar2": 9961.7421875, "max": 824.997619629, "mean": 38.2853889465, "median": 10.6632871628, "min": -1.54045629501, "var": 5691.35693359}, "spectral_rms": {"dmean": 0.00114543747623, "dmean2": 0.00166626775172, "dvar": 2.30101181842e-06, "dvar2": 4.73242653243e-06, "max": 0.0157384555787, "mean": 0.00418949406594, "median": 0.00399415101856, "min": 6.29293026577e-08, "var": 6.28575253359e-06}, "spectral_rolloff": {"dmean": 527.474121094, "dmean2": 908.829956055, "dvar": 2556804.75, "dvar2": 6352841, "max": 18497.0214844, "mean": 1451.59533691, "median": 581.396484375, "min": 64.599609375, "var": 9308303}, "spectral_skewness": {"dmean": 1.48646724224, "dmean2": 2.26990890503, "dvar": 5.9190120697, "dvar2": 11.6511220932, "max": 25.8110103607, "mean": 3.81190562248, "median": 2.59453558922, "min": -0.0580914467573, "var": 10.9674425125}, "spectral_spread": {"dmean": 1388825.375, "dmean2": 2040315.75, "dvar": 2698173480960.0, "dvar2": 5030493552640.0, "max": 24344866, "mean": 3965733.75, "median": 3205939.25, "min": 158409.09375, "var": 8687512977410.0}, "spectral_strongpeak": {"dmean": 0.557395935059, "dmean2": 0.903367638588, "dvar": 0.76160800457, "dvar2": 1.69572424889, "max": 9.88983917236, "mean": 0.992739796638, "median": 0.559330999851, "min": 0, "var": 1.44906377792}, "zerocrossingrate": {"dmean": 0.011810627766, "dmean2": 0.0149663342163, "dvar": 0.000372748938389, "dvar2": 0.000559124106076, "max": 0.62158203125, "mean": 0.0504972077906, "median": 0.02685546875, "min": 0.001953125, "var": 0.00646928092465}, "barkbands": {"dmean": [8.98165963008e-05, 0.00266957655549, 0.00314899091609, 0.0012860406423, 0.00167448504362, 0.00120782875456, 0.00222945166752, 0.000982625759207, 0.00186099950224, 0.000859919702634, 0.000478867616039, 0.00051374285249, 0.000220896617975, 0.000202045339392, 0.000189410740859, 0.000104130376712, 0.000140836185892, 9.9165517895e-05, 6.2390587118e-05, 4.12432709709e-05, 3.8811853301e-05, 2.79403666354e-05, 2.54312635661e-05, 3.09191600536e-05, 3.64023653674e-05, 3.88529952033e-05, 1.72802192537e-05], "dmean2": [0.000146240796312, 0.00417464459315, 0.00520800892264, 0.00218316190876, 0.00263118720613, 0.00184638029896, 0.00342054385692, 0.00161949906033, 0.00286925397813, 0.00131873833016, 0.000784420990385, 0.000813930062577, 0.000352246657712, 0.000316155841574, 0.000307760288706, 0.000170017883647, 0.000242510461248, 0.000172693384229, 0.000101914280094, 6.95657872711e-05, 6.62269667373e-05, 4.75428205391e-05, 4.35110159742e-05, 5.39517823199e-05, 6.39164427412e-05, 6.67791682645e-05, 2.87283546641e-05], "dvar": [2.52656224831e-08, 7.02990218997e-05, 0.000110912114906, 1.36472754093e-05, 1.54781901074e-05, 8.48999115988e-06, 3.17235353577e-05, 9.64808896242e-06, 2.60850429186e-05, 1.05730996438e-05, 2.48318610829e-06, 4.57146234112e-06, 6.15210353772e-07, 4.55813420785e-07, 4.67614796662e-07, 1.8630353793e-07, 2.21773618136e-07, 9.60737907008e-08, 6.49221050253e-08, 1.29547554906e-08, 2.90702981687e-08, 8.20580403627e-09, 3.74452735485e-09, 5.95132787495e-09, 7.04664859796e-09, 1.72426855016e-08, 1.18921965608e-08], "dvar2": [6.15281976479e-08, 0.000163527263794, 0.000300629646517, 3.7086840166e-05, 3.47345412592e-05, 1.82000676432e-05, 6.77484058542e-05, 2.38028933381e-05, 6.03166918154e-05, 2.30975019804e-05, 5.92680498812e-06, 1.00334991657e-05, 1.48804815581e-06, 1.08929293674e-06, 1.07440916963e-06, 4.77820833567e-07, 5.69196458855e-07, 2.6413846399e-07, 1.49912381175e-07, 3.29522933384e-08, 7.70662893501e-08, 2.08300061644e-08, 9.67069713198e-09, 1.48729943916e-08, 1.79709527259e-08, 3.78194151551e-08, 2.27245688933e-08], "max": [0.00154723145533, 0.120574571192, 0.147316366434, 0.0611874237657, 0.0906386747956, 0.0613042451441, 0.0690682306886, 0.0672979727387, 0.107286639512, 0.0532257519662, 0.0293218903244, 0.0416973903775, 0.0225800909102, 0.011979887262, 0.0147268604487, 0.0100998291746, 0.0100644659251, 0.00349698332138, 0.00924277678132, 0.00183082337026, 0.00368626671843, 0.00251028919592, 0.00130803650245, 0.0020246966742, 0.00302165979519, 0.00623295595869, 0.00509094633162], "mean": [8.67493581609e-05, 0.00378751987591, 0.00483540305868, 0.00168587861117, 0.00266484357417, 0.00193703069817, 0.00273537822068, 0.00111419614404, 0.00216679810546, 0.00100891047623, 0.00048620821326, 0.000536090810783, 0.000267489464022, 0.000222468035645, 0.000215777792619, 0.000106757390313, 0.000130116226501, 8.18622065708e-05, 6.08916307101e-05, 4.19693897129e-05, 3.96595278289e-05, 3.12996344292e-05, 2.8608723369e-05, 3.58911711373e-05, 4.42142736574e-05, 5.74213845539e-05, 2.41374127654e-05], "median": [1.27286557472e-05, 0.00140211218968, 0.00108099821955, 0.00038259619032, 0.000485752301756, 0.00019566474657, 0.000196665467229, 0.000118889547593, 0.000148937077029, 4.92601793667e-05, 3.16446530633e-05, 2.32789643633e-05, 2.24409359362e-05, 1.91959461517e-05, 1.30831876959e-05, 1.0127178939e-05, 8.48624949867e-06, 5.22421669302e-06, 4.10139909945e-06, 3.75684066967e-06, 2.28889825848e-06, 2.09681161323e-06, 1.66404072388e-06, 1.71520878212e-06, 1.36188418765e-06, 5.92674268773e-07, 1.60183162734e-07], "min": [1.77032203458e-13, 9.90578401098e-14, 5.45752814685e-14, 6.15020323081e-14, 2.77301700482e-13, 2.4562789953e-13, 1.53405744054e-13, 3.53397731001e-14, 4.48886635057e-14, 5.20715876017e-14, 2.40326405017e-14, 5.2368814851e-14, 4.70904748301e-14, 3.87193363038e-14, 5.7311116573e-14, 3.10037233517e-14, 5.01480503174e-14, 7.80166878908e-14, 5.30902497528e-14, 1.40222943391e-13, 1.48698368614e-13, 1.378330772e-13, 1.30816351133e-13, 2.12665388771e-13, 2.92486466904e-13, 4.43093532785e-13, 6.69651346093e-13], "var": [2.64964228336e-08, 7.55744767957e-05, 0.000110091517854, 1.92504085135e-05, 3.32839044859e-05, 1.71660431079e-05, 4.64984841528e-05, 1.08498998088e-05, 3.56695418304e-05, 1.5290979718e-05, 2.75237516689e-06, 5.76026013732e-06, 7.5677399991e-07, 5.27519318894e-07, 6.27816291399e-07, 1.74547594156e-07, 2.26186742225e-07, 7.23277437942e-08, 7.46889696757e-08, 1.33167876726e-08, 2.70385118739e-08, 9.8535934967e-09, 8.21916490423e-09, 1.82350916589e-08, 3.70559227747e-08, 1.40867072673e-07, 5.14269267171e-08]}, "erbbands": {"dmean": [0.0442438945174, 0.743595063686, 3.29701304436, 3.91954445839, 4.16784381866, 6.80778408051, 8.3364276886, 10.3792171478, 17.5898399353, 43.312084198, 21.1906776428, 33.8438148499, 34.7128791809, 27.5695285797, 22.1062755585, 15.0700931549, 8.56792354584, 13.3699903488, 9.21143817902, 7.0225353241, 6.74185800552, 7.44864749908, 5.39141511917, 3.57482552528, 3.436617136, 1.90279209614, 1.7518645525, 1.27489888668, 0.964626252651, 0.935991406441, 0.697756290436, 0.643970966339, 0.510904371738, 0.400505691767, 0.288327783346, 0.162635415792, 0.0694884881377, 0.0238565262407, 0.00301628140733, 0.000112128582259], "dmean2": [0.0701141133904, 1.17072868347, 5.4441947937, 6.29926538467, 6.95284414291, 10.3446741104, 12.737660408, 16.0668315887, 27.5529022217, 66.3818511963, 33.7662811279, 52.6720619202, 52.26512146, 41.6019210815, 35.5465049744, 23.4784564972, 13.3366994858, 21.2209072113, 15.1993894577, 11.3274555206, 11.0509185791, 12.8786554337, 9.15645503998, 6.03445243835, 5.60051345825, 3.23386049271, 3.01178979874, 2.18175339699, 1.65605425835, 1.60637581348, 1.18400633335, 1.13023459911, 0.885093271732, 0.701741099358, 0.507422029972, 0.280245661736, 0.120807886124, 0.0398972146213, 0.00509950052947, 0.000189105470781], "dvar": [0.0111122429371, 5.9292011261, 120.985954285, 130.994934082, 98.7472839355, 380.210205078, 456.996734619, 816.001586914, 2907.34741211, 13681.3935547, 5680.95751953, 9762.35351562, 8513.0703125, 11047.4785156, 5439.8671875, 2540.22094727, 682.360900879, 2547.08227539, 1432.62854004, 645.82421875, 790.391906738, 590.677978516, 253.435058594, 100.761871338, 243.505340576, 31.8007106781, 76.3345413208, 23.3112945557, 7.52598237991, 6.30623054504, 3.31765961647, 3.23897838593, 1.38512694836, 0.807761847973, 0.520002782345, 0.182986423373, 0.0739880427718, 0.0215576831251, 0.000325343280565, 2.0020455338e-07], "dvar2": [0.025368489325, 14.038942337, 328.11050415, 330.673553467, 264.341705322, 783.284912109, 1001.18499756, 1740.84155273, 6416.33984375, 29421.9902344, 13786.7929688, 23480.6074219, 17522.0605469, 22296.9511719, 12618.5761719, 5621.57519531, 1507.41308594, 6258.28515625, 3347.91748047, 1445.81018066, 2038.02087402, 1541.61901855, 659.538574219, 266.678771973, 560.909423828, 80.3860397339, 214.406936646, 59.1879653931, 19.1848182678, 16.5007686615, 8.34472465515, 8.20428466797, 3.46174812317, 2.10387802124, 1.31755256653, 0.418883770704, 0.162240251899, 0.0426004715264, 0.000651350303087, 3.89996330341e-07], "max": [1.52149069309, 35.0840644836, 146.858657837, 196.563995361, 112.090003967, 511.565429688, 592.161132812, 680.914855957, 1008.64666748, 1322.51147461, 1833.59545898, 2212.67407227, 1400.98828125, 1737.92443848, 1377.39465332, 798.642700195, 566.686584473, 1237.51086426, 903.728820801, 556.318054199, 658.265625, 431.968200684, 235.367584229, 105.869895935, 605.607666016, 95.7487792969, 221.639282227, 110.660049438, 67.0867614746, 67.7045593262, 42.8425559998, 56.6668777466, 35.7897071838, 29.8047142029, 29.1755752563, 18.9372634888, 14.2621107101, 7.0879907608, 0.813829302788, 0.020759055391], "mean": [0.066044524312, 1.04794645309, 4.92585849762, 6.18989372253, 5.57166910172, 11.0161428452, 13.5144672394, 15.7702760696, 22.6830787659, 52.6571960449, 25.719329834, 39.4106864929, 43.2301635742, 33.899055481, 23.502286911, 16.8368148804, 11.5773744583, 14.9505271912, 10.2361392975, 8.28081989288, 6.78813457489, 6.926217556, 4.90756130219, 3.23185324669, 3.46626567841, 1.9449583292, 1.76904559135, 1.29423141479, 1.0729033947, 1.02109849453, 0.796543121338, 0.732185900211, 0.601373314857, 0.472782790661, 0.332606583834, 0.21197900176, 0.105354905128, 0.0375946946442, 0.00401604501531, 0.000149667423102], "median": [0.0183938294649, 0.384215176105, 1.38535451889, 2.10912251472, 1.59751069546, 1.47084581852, 1.43597853184, 1.88834607601, 3.0774242878, 4.40034580231, 3.846773386, 3.87275409698, 3.18646883965, 2.44851493835, 1.70153486729, 1.26179480553, 1.3136292696, 1.20131969452, 0.908206522465, 0.784234642982, 0.590503334999, 0.5471971035, 0.377243191004, 0.241906508803, 0.256855249405, 0.176478922367, 0.109303146601, 0.0809356793761, 0.0756309628487, 0.069471180439, 0.0469046011567, 0.0375638119876, 0.0250705461949, 0.0165012851357, 0.00665911799297, 0.00252738711424, 0.00100882572588, 0.000291317410301, 4.60578739876e-05, 2.75243746728e-05], "min": [1.99068192486e-12, 2.877900869e-11, 5.96455870805e-11, 2.59337357145e-10, 5.30567645374e-10, 7.30164373408e-10, 6.17621898069e-10, 1.41284117738e-09, 1.9250361305e-09, 1.77180059513e-09, 7.60504936803e-10, 9.25212850778e-10, 1.44359135756e-09, 1.59839141922e-09, 1.47608081313e-09, 2.07116923612e-09, 2.20094764636e-09, 1.36694555675e-09, 3.35915384397e-09, 2.41092279474e-09, 1.87017779041e-09, 2.76485701001e-09, 4.03868005705e-09, 2.39948017011e-09, 4.31733138129e-09, 5.71853497888e-09, 5.66125812895e-09, 7.13593095725e-09, 4.3176231479e-09, 4.74736427947e-09, 3.56875817786e-09, 4.76249972792e-09, 3.52577744778e-09, 2.7907243183e-09, 1.91569538011e-09, 1.55836332727e-09, 9.53799039749e-10, 3.52483209287e-10, 1.07195016752e-10, 8.7769921539e-12], "var": [0.0166553314775, 5.98710346222, 113.748527527, 186.59854126, 120.336196899, 872.032104492, 1023.08258057, 1383.89221191, 3704.76586914, 20207.3105469, 6807.59619141, 12286.8144531, 14101.7783203, 17940.7753906, 6407.71044922, 3293.19360352, 1178.64074707, 2666.8840332, 1732.74536133, 877.434448242, 700.276489258, 559.094116211, 245.645584106, 87.0056152344, 278.362182617, 33.9835586548, 66.869682312, 21.9416980743, 9.90133094788, 9.44145774841, 6.9708313942, 7.76665449142, 5.21969747543, 3.73822045326, 2.43838953972, 1.36400401592, 0.572259247303, 0.11838196218, 0.00131850072648, 8.72284488196e-07]}, "gfcc": {"mean": [-141.465957642, 126.467849731, -79.0905151367, 0.966571927071, -47.4984169006, 5.86784124374, -27.1446971893, 2.26093363762, -15.2993946075, -3.00409507751, -14.5643472672, -5.93580436707, -11.1144485474], "cov": [[36048.2695312, -1506.31018066, -2977.70336914, 1335.5423584, -1305.87475586, 577.514770508, -322.434265137, 995.593200684, -427.77053833, 365.156555176, -533.607910156, 90.9649276733, -598.177368164], [-1506.31018066, 5663.51708984, 883.705688477, -842.047302246, 294.472076416, -437.241699219, 416.074584961, -504.670379639, 509.51651001, -376.225189209, 208.99798584, -437.722869873, 203.984649658], [-2977.70336914, 883.705688477, 2886.8828125, 187.601898193, -70.2604141235, 14.228055954, 64.9172973633, -157.462219238, 104.755363464, -33.5976257324, -56.0350456238, -40.4375419617, -62.4996871948], [1335.5423584, -842.047302246, 187.601898193, 1296.68969727, 293.070892334, 243.741638184, 91.4345855713, 196.941436768, -10.2596540451, 102.081970215, 7.08795976639, -0.905105352402, -78.9492416382], [-1305.87475586, 294.472076416, -70.2604141235, 293.070892334, 683.247436523, 118.824356079, 129.574661255, 6.12324619293, 28.592798233, -56.6948738098, 80.7517089844, -69.030380249, 21.2467536926], [577.514770508, -437.241699219, 14.228055954, 243.741638184, 118.824356079, 414.282836914, 111.969459534, 133.764709473, 11.6818094254, 7.73573875427, -57.5957717896, 25.0363121033, -52.1649169922], [-322.434265137, 416.074584961, 64.9172973633, 91.4345855713, 129.574661255, 111.969459534, 350.213745117, 103.680961609, 121.383659363, -30.7371120453, -44.5736312866, -92.3798294067, 0.256047040224], [995.593200684, -504.670379639, -157.462219238, 196.941436768, 6.12324619293, 133.764709473, 103.680961609, 359.927276611, 78.9263458252, 38.7429046631, -35.3926200867, -37.7880477905, -70.4414215088], [-427.77053833, 509.51651001, 104.755363464, -10.2596540451, 28.592798233, 11.6818094254, 121.383659363, 78.9263458252, 286.123718262, 16.6500816345, 22.3498973846, -65.2046432495, -40.4809150696], [365.156555176, -376.225189209, -33.5976257324, 102.081970215, -56.6948738098, 7.73573875427, -30.7371120453, 38.7429046631, 16.6500816345, 219.643432617, 25.7370662689, 58.4856796265, -14.6645851135], [-533.607910156, 208.99798584, -56.0350456238, 7.08795976639, 80.7517089844, -57.5957717896, -44.5736312866, -35.3926200867, 22.3498973846, 25.7370662689, 206.245437622, 28.7343635559, 35.3203887939], [90.9649276733, -437.722869873, -40.4375419617, -0.905105352402, -69.030380249, 25.0363121033, -92.3798294067, -37.7880477905, -65.2046432495, 58.4856796265, 28.7343635559, 234.069320679, 28.1539211273], [-598.177368164, 203.984649658, -62.4996871948, -78.9492416382, 21.2467536926, -52.1649169922, 0.256047040224, -70.4414215088, -40.4809150696, -14.6645851135, 35.3203887939, 28.1539211273, 194.254043579]], "icov": [[5.85918096476e-05, -0.00010742671293, 8.63847672008e-05, -0.00011645257473, 0.000157274174853, -9.91179040284e-05, 0.000142949982546, -0.000214532061364, 0.000230643941904, -0.000116523020552, 0.00016356978449, -7.79111651354e-05, 0.000172713815118], [-0.00010742671293, 0.000711163098458, -0.000254823535215, 0.000400475517381, -0.000360426463885, 0.000425210862886, -0.000763407733757, 0.00109733350109, -0.0011855410412, 0.000712095526978, -0.000754427455831, 0.000710274442099, -0.000603349588346], [8.63847672008e-05, -0.000254823535215, 0.000536555715371, -0.000331177288899, 0.000360482605174, -0.000225187104661, 0.000228621633141, -0.000105069630081, 0.000274299789453, -0.000180888309842, 0.000412695633713, -0.000195821674424, 0.00043017877033], [-0.00011645257473, 0.000400475517381, -0.000331177288899, 0.00139624730218, -0.000818370142952, -3.12514021061e-05, -0.000485525262775, 0.00017920738901, -0.000368944514776, -0.000148311213707, -0.000564636546187, 0.000370584020857, -0.000210605096072], [0.000157274174853, -0.000360426463885, 0.000360482605174, -0.000818370142952, 0.00256267655641, -0.000855583930388, -0.000147747443407, -0.000174634420546, 0.000747046084143, 0.000220967180212, -0.000606817135122, 0.000274137768429, 0.000315939076245], [-9.91179040284e-05, 0.000425210862886, -0.000225187104661, -3.12514021061e-05, -0.000855583930388, 0.00382296252064, -0.00132951431442, -0.000193213985767, -0.000489879632369, 0.000576688325964, 0.000389827706385, -0.000774690532126, 0.00019784871256], [0.000142949982546, -0.000763407733757, 0.000228621633141, -0.000485525262775, -0.000147747443407, -0.00132951431442, 0.00542101357132, -0.00190015847329, -0.000334751035552, -0.000493845844176, 0.00187669228762, 0.000335611519404, -0.000415900052758], [-0.000214532061364, 0.00109733350109, -0.000105069630081, 0.00017920738901, -0.000174634420546, -0.000193213985767, -0.00190015847329, 0.00591738335788, -0.00266689341515, 0.000695598952007, -0.00106074020732, 0.0015289101284, -0.000190347418538], [0.000230643941904, -0.0011855410412, 0.000274299789453, -0.000368944514776, 0.000747046084143, -0.000489879632369, -0.000334751035552, -0.00266689341515, 0.0069589628838, -0.00186070532072, 0.000107724416011, -0.000408516469179, 0.00206290790811], [-0.000116523020552, 0.000712095526978, -0.000180888309842, -0.000148311213707, 0.000220967180212, 0.000576688325964, -0.000493845844176, 0.000695598952007, -0.00186070532072, 0.0062915137969, -0.00140921026468, -0.000601965177339, -0.000410792476032], [0.00016356978449, -0.000754427455831, 0.000412695633713, -0.000564636546187, -0.000606817135122, 0.000389827706385, 0.00187669228762, -0.00106074020732, 0.000107724416011, -0.00140921026468, 0.00714572379366, -0.00153014727402, -0.00017830284196], [-7.79111651354e-05, 0.000710274442099, -0.000195821674424, 0.000370584020857, 0.000274137768429, -0.000774690532126, 0.000335611519404, 0.0015289101284, -0.000408516469179, -0.000601965177339, -0.00153014727402, 0.006531951949, -0.00138125382364], [0.000172713815118, -0.000603349588346, 0.00043017877033, -0.000210605096072, 0.000315939076245, 0.00019784871256, -0.000415900052758, -0.000190347418538, 0.00206290790811, -0.000410792476032, -0.00017830284196, -0.00138125382364, 0.0069477185607]]}, "melbands": {"dmean": [0.000568429939449, 0.00146771559957, 0.000684796366841, 0.000367020285921, 0.000296603655443, 0.000234383551287, 0.000317151163472, 0.000415414280724, 0.000171681065694, 0.000243809670792, 0.00017735925212, 0.000115625545732, 7.35823414288e-05, 6.40992147964e-05, 2.24874183914e-05, 2.46051367867e-05, 2.33799601119e-05, 1.4062831724e-05, 1.10403134386e-05, 7.61239107305e-06, 8.08697950561e-06, 8.4311759565e-06, 5.90124091104e-06, 5.15815418112e-06, 2.5812162221e-06, 2.86884915113e-06, 1.95599409381e-06, 1.06749689621e-06, 1.41696261835e-06, 6.27540032383e-07, 8.08144761777e-07, 5.49040294118e-07, 5.66629523746e-07, 5.22454115526e-07, 4.13850727909e-07, 4.16230392375e-07, 3.85367741274e-07, 3.55189939683e-07, 3.6781517565e-07, 3.39101575264e-07], "dmean2": [0.000881213112734, 0.0023518439848, 0.00110422621947, 0.00058503751643, 0.000448599632364, 0.000362993014278, 0.00049141101772, 0.000641162972897, 0.000276484090136, 0.000377839140128, 0.000266968650976, 0.000174943343154, 0.000119582007756, 0.000101327110315, 3.48012654285e-05, 3.94019079977e-05, 3.70424932044e-05, 2.35116895055e-05, 1.78800128197e-05, 1.22767769426e-05, 1.33055646074e-05, 1.4771784663e-05, 9.93534649751e-06, 8.85203189682e-06, 4.43239969172e-06, 4.66078472527e-06, 3.2492534956e-06, 1.84537645964e-06, 2.45324963544e-06, 1.09165011963e-06, 1.37745860229e-06, 9.47011415064e-07, 9.75289481175e-07, 9.05053923361e-07, 7.00214172866e-07, 7.28881047962e-07, 6.72925182243e-07, 6.12603344052e-07, 6.49179924039e-07, 5.98856672696e-07], "dvar": [2.64730692834e-06, 2.30510922847e-05, 3.59775162906e-06, 7.52015864691e-07, 5.22119137258e-07, 3.79151373409e-07, 6.86670148298e-07, 1.17097022212e-06, 3.75701517896e-07, 4.6742988502e-07, 2.32304287806e-07, 2.18381273953e-07, 5.42950999716e-08, 7.70396653138e-08, 6.04204020149e-09, 8.41018810149e-09, 7.47636175191e-09, 3.51841222823e-09, 1.284520601e-09, 7.02597591218e-10, 1.15814113855e-09, 8.09775635435e-10, 4.40647796029e-10, 2.62123212025e-10, 5.60826593499e-11, 2.4077620453e-10, 3.11638180539e-11, 9.44411823051e-12, 6.97090996038e-11, 3.22597656054e-12, 1.3654026694e-11, 2.86646444428e-12, 3.34197253204e-12, 1.52612666428e-12, 1.46769705764e-12, 1.27475547479e-12, 1.05813003758e-12, 7.39658659842e-13, 7.34539924545e-13, 6.33804586505e-13], "dvar2": [5.95280744164e-06, 5.99242594035e-05, 9.28335612116e-06, 1.74076831172e-06, 1.14671627216e-06, 8.06386879049e-07, 1.50344033045e-06, 2.54245901488e-06, 9.01679413801e-07, 1.09786265057e-06, 4.82893995013e-07, 4.44858642368e-07, 1.30218666072e-07, 1.70783124531e-07, 1.11032854022e-08, 2.09923829431e-08, 1.82920434355e-08, 8.3634708048e-09, 2.8868420987e-09, 1.62069779819e-09, 2.99413516203e-09, 2.1756221269e-09, 1.10114228846e-09, 6.91494694838e-10, 1.50987028436e-10, 5.51359069512e-10, 7.62151730616e-11, 2.46268665183e-11, 1.97707530902e-10, 8.95404497075e-12, 3.41779660129e-11, 7.37499297743e-12, 8.57335816923e-12, 4.03370045698e-12, 3.75086680465e-12, 3.35565017613e-12, 2.69108346718e-12, 1.80933013797e-12, 1.91368470549e-12, 1.6770036965e-12], "max": [0.0206815823913, 0.0642707422376, 0.031559754163, 0.0191369764507, 0.0166130121797, 0.0141612617299, 0.0151462815702, 0.0119775580242, 0.0139466747642, 0.0141167677939, 0.00787619873881, 0.00763191236183, 0.00427304487675, 0.00541558209807, 0.00177120545413, 0.00261790049262, 0.0020283437334, 0.00134069938213, 0.000876915582921, 0.000519997498486, 0.000803656119388, 0.000383563892683, 0.000572099001147, 0.000271490658633, 8.19648121251e-05, 0.000574023346417, 0.000126695420477, 5.12425940542e-05, 0.000224451752729, 4.77394278278e-05, 0.000100065728475, 4.18040945078e-05, 4.9587131798e-05, 2.54919268627e-05, 3.40541664627e-05, 2.97765654977e-05, 2.95348436339e-05, 3.26892113662e-05, 2.04578373086e-05, 2.75448019238e-05], "mean": [0.000834356702399, 0.00223529385403, 0.00107946177013, 0.000555845152121, 0.000495348998811, 0.000359920086339, 0.000406538631069, 0.000502570765093, 0.000200241527637, 0.000280952139292, 0.000218620727537, 0.000139349096571, 7.72135826992e-05, 6.55748517602e-05, 2.85181504296e-05, 2.86486501864e-05, 2.55785380432e-05, 1.49517536556e-05, 1.28871834022e-05, 8.47465980769e-06, 7.64216383686e-06, 7.3492192314e-06, 5.49575997866e-06, 4.37360858996e-06, 2.21095956476e-06, 2.78966490441e-06, 1.96932205654e-06, 1.0218046782e-06, 1.37072606776e-06, 6.3536504058e-07, 7.94429922735e-07, 6.00094438141e-07, 6.10360302744e-07, 5.47562649444e-07, 4.6123636821e-07, 4.42811540324e-07, 4.36978268681e-07, 4.15358385908e-07, 4.13486247908e-07, 3.91089542973e-07], "median": [0.000294543191558, 0.000764022523072, 0.000426391983638, 0.000118505005958, 5.23578310094e-05, 3.77095057047e-05, 4.66288329335e-05, 4.09366257372e-05, 1.97417684831e-05, 2.08320343518e-05, 1.19455671665e-05, 6.85177155901e-06, 4.77375397168e-06, 2.83076587948e-06, 2.23683969125e-06, 2.16837588596e-06, 1.80165045549e-06, 1.1724732758e-06, 9.45685314946e-07, 7.77754564751e-07, 5.13589327511e-07, 5.25143491359e-07, 3.18499530749e-07, 2.4607086857e-07, 1.55558325332e-07, 1.51892223244e-07, 1.61368262752e-07, 7.50389332893e-08, 5.85323967073e-08, 4.19338590518e-08, 4.15542196208e-08, 3.71098352048e-08, 3.49477282668e-08, 3.08028518248e-08, 2.34416095424e-08, 2.05517789453e-08, 2.17865583352e-08, 1.64943045888e-08, 1.56947361774e-08, 1.24336132501e-08], "min": [3.62498286867e-14, 4.68139151847e-14, 4.83279154271e-14, 3.13504173251e-14, 1.90486952519e-14, 4.14134601178e-14, 3.1323085266e-14, 1.57495815434e-14, 5.35594306197e-15, 6.16270128665e-15, 7.38181166719e-15, 6.83913375151e-15, 4.09208223676e-15, 5.96482634336e-15, 5.61793755233e-15, 3.91193823415e-15, 2.24200409655e-15, 5.83819195313e-15, 3.66058332463e-15, 2.68144711893e-15, 2.10181633213e-15, 2.32693799599e-15, 4.25546133975e-15, 3.43347579202e-15, 1.60516957494e-15, 2.27917846678e-15, 4.2472434261e-15, 3.79627927333e-15, 3.65047568047e-15, 4.04081302652e-15, 4.19586494862e-15, 2.6854377029e-15, 1.9071603258e-15, 2.76914763973e-15, 1.64735763906e-15, 2.60752972999e-15, 3.01736365691e-15, 2.47487357078e-15, 2.42287591222e-15, 2.27345527691e-15], "var": [3.21286256622e-06, 2.2125621399e-05, 4.66634764962e-06, 1.47349044255e-06, 1.20516449442e-06, 6.63899356823e-07, 9.32936870868e-07, 1.70002397226e-06, 4.54892500557e-07, 6.18302976818e-07, 3.79497691938e-07, 3.46246679328e-07, 6.02930896321e-08, 9.63408410826e-08, 1.06719175719e-08, 8.77753514317e-09, 7.90442644671e-09, 4.04653821562e-09, 1.88681070767e-09, 8.95165497283e-10, 1.00077801601e-09, 6.76644573705e-10, 4.91827245597e-10, 2.30845828564e-10, 4.26237968532e-11, 2.81827311488e-10, 3.28010570094e-11, 9.57634492538e-12, 5.93168986152e-11, 3.15860185229e-12, 1.2221301228e-11, 3.47286717613e-12, 3.97836451282e-12, 2.69832897346e-12, 2.54964018648e-12, 2.55832659744e-12, 2.90202150505e-12, 2.66142511675e-12, 2.52598397928e-12, 2.82080912448e-12]}, "mfcc": {"mean": [-781.169494629, 158.444671631, 26.4611778259, 10.7820043564, 3.14988160133, 2.59936213493, -0.538338780403, 2.48224663734, 2.22820138931, 2.57301664352, 1.09651505947, -2.11065769196, -1.01801562309], "cov": [[17370.2480469, -370.821990967, -2185.74365234, -8.83264160156, -174.888961792, -129.19543457, 66.0157089233, 248.224884033, 75.4720001221, 89.2905654907, 97.8357391357, 3.1557161808, -53.3039512634], [-370.821990967, 4354.71435547, 994.066223145, -172.826187134, -134.020263672, 18.5339813232, -155.987182617, -138.076171875, 34.5025978088, 23.0195121765, -32.0739822388, -41.8467445374, -14.4411458969], [-2185.74365234, 994.066223145, 2251.18188477, 340.587097168, 3.24899458885, 82.0715560913, -55.7923851013, -47.0379219055, 40.906829834, -31.1583003998, 8.16865158081, 38.5203971863, -39.5954818726], [-8.83264160156, -172.826187134, 340.587097168, 789.353393555, 343.676849365, 160.986816406, 154.49546814, 84.1649627686, 73.8370742798, 61.9587211609, 97.3837280273, 86.2696456909, 30.6390075684], [-174.888961792, -134.020263672, 3.24899458885, 343.676849365, 496.214813232, 191.90512085, 159.138778687, 87.2740707397, 17.5819778442, 24.9567260742, 48.4186401367, 70.0453491211, 31.8994731903], [-129.19543457, 18.5339813232, 82.0715560913, 160.986816406, 191.90512085, 340.88394165, 136.612457275, 62.5755195618, 39.7897071838, -1.5623998642, 35.9740219116, 14.3759918213, 9.57978820801], [66.0157089233, -155.987182617, -55.7923851013, 154.49546814, 159.138778687, 136.612457275, 281.605285645, 112.698455811, 78.2956466675, 28.7125587463, 1.2949256897, 28.8051700592, -8.71624183655], [248.224884033, -138.076171875, -47.0379219055, 84.1649627686, 87.2740707397, 62.5755195618, 112.698455811, 303.613037109, 137.156356812, 93.9483718872, 63.0450744629, 14.2717857361, 25.6453971863], [75.4720001221, 34.5025978088, 40.906829834, 73.8370742798, 17.5819778442, 39.7897071838, 78.2956466675, 137.156356812, 278.627563477, 136.319549561, 71.6458129883, 24.9103031158, -20.4621658325], [89.2905654907, 23.0195121765, -31.1583003998, 61.9587211609, 24.9567260742, -1.5623998642, 28.7125587463, 93.9483718872, 136.319549561, 245.854980469, 108.925056458, 36.0761032104, -12.6901741028], [97.8357391357, -32.0739822388, 8.16865158081, 97.3837280273, 48.4186401367, 35.9740219116, 1.2949256897, 63.0450744629, 71.6458129883, 108.925056458, 226.365066528, 86.966583252, 2.00305008888], [3.1557161808, -41.8467445374, 38.5203971863, 86.2696456909, 70.0453491211, 14.3759918213, 28.8051700592, 14.2717857361, 24.9103031158, 36.0761032104, 86.966583252, 224.19468689, 70.9679031372], [-53.3039512634, -14.4411458969, -39.5954818726, 30.6390075684, 31.8994731903, 9.57978820801, -8.71624183655, 25.6453971863, -20.4621658325, -12.6901741028, 2.00305008888, 70.9679031372, 198.283676147]], "icov": [[6.98205258232e-05, -1.643611904e-05, 8.58255734784e-05, -6.89135922585e-05, 7.39503302611e-05, 4.77501725982e-06, 1.50539717652e-05, -7.63300195104e-05, 1.17832523756e-05, 2.86684844468e-05, -5.87136628383e-06, -3.52407696482e-05, 5.94892808294e-05], [-1.643611904e-05, 0.000277616985841, -0.000154614433995, 0.000142111981404, -4.90240163344e-05, -7.75878797867e-05, 8.17823165562e-05, 0.000150367690367, -9.13866606425e-05, -0.000114908092655, 3.0559629522e-05, 6.69912915328e-05, -8.23220107122e-05], [8.58255734784e-05, -0.000154614433995, 0.000693315174431, -0.000486254721181, 0.000308084796416, -0.000164665863849, 0.000294233876048, -0.000133091161842, -8.70170333656e-05, 0.000218063010834, 0.00013818849402, -0.000253734877333, 0.00030833092751], [-6.89135922585e-05, 0.000142111981404, -0.000486254721181, 0.00228499970399, -0.00137478183024, 3.92975925934e-05, -0.000559826672543, 0.000326478824718, -0.000253904814599, -0.000179841023055, -0.000589715840761, 0.000115847971756, -0.000379136297852], [7.39503302611e-05, -4.90240163344e-05, 0.000308084796416, -0.00137478183024, 0.00384554569609, -0.00125990516972, -0.000703534460627, -0.000571720476728, 0.000825859664474, -0.000157519520144, 0.000159576738952, -0.000686280196533, 9.46488144109e-05], [4.77501725982e-06, -7.75878797867e-05, -0.000164665863849, 3.92975925934e-05, -0.00125990516972, 0.0044477856718, -0.00165638094768, 0.000102526697447, -0.000339646387147, 0.000807153701317, -0.001045164885, 0.000747535261326, -0.000381976773497], [1.50539717652e-05, 8.17823165562e-05, 0.000294233876048, -0.000559826672543, -0.000703534460627, -0.00165638094768, 0.00615199049935, -0.00152395234909, -0.000887925678398, 4.22593948315e-05, 0.00171641097404, -0.00111208681483, 0.0011077709496], [-7.63300195104e-05, 0.000150367690367, -0.000133091161842, 0.000326478824718, -0.000571720476728, 0.000102526697447, -0.00152395234909, 0.00533149344847, -0.00187095883302, -0.000659287616145, -0.000939003075473, 0.00106447224971, -0.00136289000511], [1.17832523756e-05, -9.13866606425e-05, -8.70170333656e-05, -0.000253904814599, 0.000825859664474, -0.000339646387147, -0.000887925678398, -0.00187095883302, 0.00618036463857, -0.00249073188752, -0.000122744429973, -0.000373228162061, 0.000718074967153], [2.86684844468e-05, -0.000114908092655, 0.000218063010834, -0.000179841023055, -0.000157519520144, 0.000807153701317, 4.22593948315e-05, -0.000659287616145, -0.00249073188752, 0.00686677312478, -0.00240560458042, 4.25654870924e-05, 0.000335651449859], [-5.87136628383e-06, 3.0559629522e-05, 0.00013818849402, -0.000589715840761, 0.000159576738952, -0.001045164885, 0.00171641097404, -0.000939003075473, -0.000122744429973, -0.00240560458042, 0.00727917440236, -0.00269478722475, 0.0010654219659], [-3.52407696482e-05, 6.69912915328e-05, -0.000253734877333, 0.000115847971756, -0.000686280196533, 0.000747535261326, -0.00111208681483, 0.00106447224971, -0.000373228162061, 4.25654870924e-05, -0.00269478722475, 0.00660353573039, -0.0025574809406], [5.94892808294e-05, -8.23220107122e-05, 0.00030833092751, -0.000379136297852, 9.46488144109e-05, -0.000381976773497, 0.0011077709496, -0.00136289000511, 0.000718074967153, 0.000335651449859, 0.0010654219659, -0.0025574809406, 0.0064017996192]]}, "spectral_contrast_coeffs": {"dmean": [0.0549043267965, 0.0711976587772, 0.0643674507737, 0.0450979284942, 0.0386140681803, 0.0328341461718], "dmean2": [0.0870570018888, 0.114479318261, 0.101934857666, 0.0691215470433, 0.0599493570626, 0.0497336275876], "dvar": [0.00233628274873, 0.00434498395771, 0.00399610027671, 0.00190682534594, 0.00154134212062, 0.00107669807039], "dvar2": [0.00544972764328, 0.0102391429245, 0.00923792272806, 0.0041674990207, 0.00307901226915, 0.00217543332838], "max": [-0.215018704534, -0.267241746187, -0.322488337755, -0.492166280746, -0.429716765881, -0.519081771374], "mean": [-0.61328715086, -0.695660591125, -0.735950946808, -0.788609206676, -0.806558072567, -0.81081956625], "median": [-0.625037014484, -0.702558875084, -0.749330997467, -0.802097797394, -0.820131659508, -0.818224668503], "min": [-0.973155319691, -0.95657658577, -0.957518935204, -0.971504628658, -0.952598035336, -0.966131031513], "var": [0.0144601482898, 0.0145393032581, 0.0141828022897, 0.00729378499091, 0.00572714395821, 0.00444946065545]}, "spectral_contrast_valleys": {"dmean": [0.642998337746, 0.781667530537, 0.817409574986, 0.789864182472, 1.013428092, 1.13843560219], "dmean2": [0.985231041908, 1.27051603794, 1.29602897167, 1.22283101082, 1.44395184517, 1.543166399], "dvar": [0.404293715954, 0.573831677437, 0.750678122044, 0.806161642075, 1.28344082832, 1.4151018858], "dvar2": [0.860471963882, 1.45765936375, 1.80597150326, 1.83557879925, 2.60818696022, 