{"lowlevel": {"average_loudness": 0.837360084057, "barkbands_crest": {"dmean": 2.3586294651, "dmean2": 3.73515248299, "dvar": 6.63846874237, "dvar2": 14.3173933029, "max": 26.5949668884, "mean": 13.0900974274, "median": 12.2035169601, "min": 2.38314008713, "var": 36.7995910645}, "barkbands_flatness_db": {"dmean": 0.0389412567019, "dmean2": 0.0543362349272, "dvar": 0.00161370250862, "dvar2": 0.00296095618978, "max": 0.643590867519, "mean": 0.185776472092, "median": 0.17181237042, "min": 0.017375074327, "var": 0.00838421750814}, "barkbands_kurtosis": {"dmean": 21.4726905823, "dmean2": 33.0671157837, "dvar": 11787.3740234, "dvar2": 29454.6425781, "max": 3703.92602539, "mean": 26.9985389709, "median": 2.13694858551, "min": -1.94906520844, "var": 12325.5673828}, "barkbands_skewness": {"dmean": 1.18410408497, "dmean2": 1.70618665218, "dvar": 4.78551864624, "dvar2": 10.0242099762, "max": 51.342250824, "mean": 2.62713718414, "median": 1.26833164692, "min": -2.41740655899, "var": 12.7369804382}, "barkbands_spread": {"dmean": 8.68005084991, "dmean2": 13.3439865112, "dvar": 172.003051758, "dvar2": 353.540588379, "max": 129.641815186, "mean": 17.0278778076, "median": 12.4651603699, "min": 0.0773747861385, "var": 276.407684326}, "dissonance": {"dmean": 0.0236873738468, "dmean2": 0.0396134965122, "dvar": 0.000477343943203, "dvar2": 0.00127109407913, "max": 0.499998867512, "mean": 0.45594266057, "median": 0.459288805723, "min": 0.255318522453, "var": 0.000804899376817}, "dynamic_complexity": 3.70424890518, "erbbands_crest": {"dmean": 3.0684940815, "dmean2": 4.91007328033, "dvar": 7.56106567383, "dvar2": 17.4883995056, "max": 26.6355762482, "mean": 10.0930919647, "median": 9.00840377808, "min": 2.75763201714, "var": 18.1976909637}, "erbbands_flatness_db": {"dmean": 0.0361157879233, "dmean2": 0.0500487200916, "dvar": 0.00111711339559, "dvar2": 0.00181773561053, "max": 0.311991602182, "mean": 0.164979174733, "median": 0.166073963046, "min": 0.0392644964159, "var": 0.00349956098944}, "erbbands_kurtosis": {"dmean": 1.49728190899, "dmean2": 2.39184403419, "dvar": 3.21773433685, "dvar2": 7.28106403351, "max": 39.0083198547, "mean": 1.17019152641, "median": 0.680151700974, "min": -1.90693163872, "var": 5.0797791481}, "erbbands_skewness": {"dmean": 0.50950717926, "dmean2": 0.774419188499, "dvar": 0.249709948897, "dvar2": 0.528453409672, "max": 5.93024492264, "mean": 0.395018517971, "median": 0.378041565418, "min": -3.25392079353, "var": 0.556795537472}, "erbbands_spread": {"dmean": 14.8006792068, "dmean2": 21.9448661804, "dvar": 353.945251465, "dvar2": 717.591003418, "max": 204.870147705, "mean": 33.5933227539, "median": 23.2646217346, "min": 5.10631895065, "var": 748.370788574}, "hfc": {"dmean": 17.4218482971, "dmean2": 27.3431606293, "dvar": 1070.10192871, "dvar2": 2674.25195312, "max": 635.328125, "mean": 23.9809627533, "median": 13.305644989, "min": 4.07235978273e-09, "var": 1041.77319336}, "melbands_crest": {"dmean": 2.84022927284, "dmean2": 4.31057167053, "dvar": 12.6671190262, "dvar2": 26.0439243317, "max": 39.1308441162, "mean": 21.4953784943, "median": 19.6615142822, "min": 3.58880829811, "var": 133.876617432}, "melbands_flatness_db": {"dmean": 0.0443246848881, "dmean2": 0.061251539737, "dvar": 0.00215814705007, "dvar2": 0.00390331493691, "max": 0.785986065865, "mean": 0.268408536911, "median": 0.247015982866, "min": 0.0137166744098, "var": 0.0132025489584}, "melbands_kurtosis": {"dmean": 48.8231391907, "dmean2": 73.6968917847, "dvar": 30054.2421875, "dvar2": 69074.84375, "max": 3264.42626953, "mean": 71.8510971069, "median": 5.23254394531, "min": -1.57840406895, "var": 56161.2460938}, "melbands_skewness": {"dmean": 1.59391951561, "dmean2": 2.25284528732, "dvar": 7.8086566925, "dvar2": 16.1166229248, "max": 41.2115364075, "mean": 4.13652420044, "median": 1.97230732441, "min": -0.766144752502, "var": 29.0468997955}, "melbands_spread": {"dmean": 6.89462995529, "dmean2": 10.3538713455, "dvar": 164.545639038, "dvar2": 360.699005127, "max": 221.489013672, "mean": 17.8815727234, "median": 15.8013896942, "min": 0.0792121142149, "var": 309.402282715}, "pitch_salience": {"dmean": 0.067827090621, "dmean2": 0.10588734597, "dvar": 0.00703924894333, "dvar2": 0.0152093898505, "max": 0.871266543865, "mean": 0.393129646778, "median": 0.438275903463, "min": 0.00844843033701, "var": 0.0392499491572}, "silence_rate_20dB": {"dmean": 0.0521350540221, "dmean2": 0.104295998812, "dvar": 0.049416217953, "dvar2": 0.10483700037, "max": 1, "mean": 0.940928280354, "median": 1, "min": 0, "var": 0.0555834472179}, "silence_rate_30dB": {"dmean": 0.070009931922, "dmean2": 0.140054628253, "dvar": 0.0651076883078, "dvar2": 0.13285690546, "max": 1, "mean": 0.744601666927, "median": 1, "min": 0, "var": 0.19017419219}, "silence_rate_60dB": {"dmean": 0.00695134047419, "dmean2": 0.0136578101665, "dvar": 0.00690288236365, "dvar2": 0.0134715288877, "max": 1, "mean": 0.0429386943579, "median": 0, "min": 0, "var": 0.0410950779915}, "spectral_centroid": {"dmean": 298.71206665, "dmean2": 432.931549072, "dvar": 229509.375, "dvar2": 414103.9375, "max": 10710.2353516, "mean": 1159.23999023, "median": 991.684082031, "min": 75.7537460327, "var": 424825.65625}, "spectral_complexity": {"dmean": 3.00148963928, "dmean2": 4.64564180374, "dvar": 18.5645866394, "dvar2": 35.6633415222, "max": 60, "mean": 15.4413003922, "median": 15, "min": 0, "var": 55.2497329712}, "spectral_decrease": {"dmean": 1.05348219037e-08, "dmean2": 1.59864139704e-08, "dvar": 8.04955209171e-16, "dvar2": 1.94199942619e-15, "max": -5.08739856143e-22, "mean": -2.10570796355e-08, "median": -6.42270725493e-09, "min": -2.88869074438e-07, "var": 1.20321845427e-15}, "spectral_energy": {"dmean": 0.0407629869878, "dmean2": 0.0618615187705, "dvar": 0.0117118060589, "dvar2": 0.0282474923879, "max": 1.10508418083, "mean": 0.0816493183374, "median": 0.0266771316528, "min": 3.71295496519e-13, "var": 0.0174827724695}, "spectral_energyband_high": {"dmean": 0.00134161161259, "dmean2": 0.00211548921652, "dvar": 8.41668679641e-06, "dvar2": 2.03164290724e-05, "max": 0.0607034228742, "mean": 0.00112420029473, "median": 9.96153103188e-05, "min": 2.40151919618e-13, "var": 7.81815379014e-06}, "spectral_energyband_low": {"dmean": 0.0375548005104, "dmean2": 0.057266831398, "dvar": 0.0115801244974, "dvar2": 0.0280566103756, "max": 1.07274079323, "mean": 0.0675451010466, "median": 0.00805861596018, "min": 8.69125091178e-15, "var": 0.0167088881135}, "spectral_energyband_middle_high": {"dmean": 0.00330201699398, "dmean2": 0.00524479104206, "dvar": 6.68032225803e-05, "dvar2": 0.000179218463018, "max": 0.0964234992862, "mean": 0.00595199037343, "median": 0.00353516452014, "min": 5.61471408375e-14, "var": 6.69576766086e-05}, "spectral_energyband_middle_low": {"dmean": 0.00484985718504, "dmean2": 0.0086127165705, "dvar": 0.000421102915425, "dvar2": 0.00122279895004, "max": 0.242694690824, "mean": 0.00756496936083, "median": 0.00503486068919, "min": 1.28248979023e-14, "var": 0.000242990659899}, "spectral_entropy": {"dmean": 0.340530663729, "dmean2": 0.482632577419, "dvar": 0.121249459684, "dvar2": 0.215155541897, "max": 9.79908657074, "mean": 7.51634979248, "median": 7.35929584503, "min": 5.53223133087, "var": 0.285148173571}, "spectral_flux": {"dmean": 0.0494732931256, "dmean2": 0.0746912509203, "dvar": 0.0100783389062, "dvar2": 0.0182364843786, "max": 0.929177939892, "mean": 0.103616937995, "median": 0.0601189173758, "min": 2.35223105847e-05, "var": 0.0182988326997}, "spectral_kurtosis": {"dmean": 3.48987746239, "dmean2": 5.32043075562, "dvar": 12.0428876877, "dvar2": 26.0070400238, "max": 36.1429328918, "mean": 6.83045625687, "median": 6.32682991028, "min": -1.26631247997, "var": 25.5037002563}, "spectral_rms": {"dmean": 0.00158490031026, "dmean2": 0.00228707073256, "dvar": 9.38779339776e-06, "dvar2": 1.95769334823e-05, "max": 0.0328349024057, "mean": 0.00714848097414, "median": 0.00510161463171, "min": 1.90325906146e-08, "var": 2.85570695269e-05}, "spectral_rolloff": {"dmean": 777.866027832, "dmean2": 1348.99023438, "dvar": 4150334.25, "dvar2": 9359274, "max": 19616.7480469, "mean": 1300.8425293, "median": 990.52734375, "min": 43.06640625, "var": 4652897}, "spectral_skewness": {"dmean": 0.427440166473, "dmean2": 0.645966470242, "dvar": 0.160542726517, "dvar2": 0.309344887733, "max": 4.30697488785, "mean": 1.94441890717, "median": 2.01171827316, "min": 0.0455108769238, "var": 0.418323606253}, "spectral_spread": {"dmean": 1910679.125, "dmean2": 2641184.25, "dvar": 4853509652480.0, "dvar2": 7380178829310.0, "max": 43261548, "mean": 5333833, "median": 4189318.75, "min": 1568988.5, "var": 9982152015870.0}, "spectral_strongpeak": {"dmean": 0.479851275682, "dmean2": 0.817060649395, "dvar": 0.543019354343, "dvar2": 1.27315044403, "max": 6.36524534225, "mean": 1.00934016705, "median": 0.636487185955, "min": 0, "var": 1.02966082096}, "zerocrossingrate": {"dmean": 0.0189738720655, "dmean2": 0.0229723770171, "dvar": 0.000729706778657, "dvar2": 0.000983289675787, "max": 0.50244140625, "mean": 0.0494881346822, "median": 0.0390625, "min": 0.0009765625, "var": 0.00216680997983}, "barkbands": {"dmean": [0.00368263665587, 0.031175525859, 0.00742091331631, 0.00269293575548, 0.000938830256928, 0.000357202807209, 0.000728025275748, 0.000376108364435, 0.00054459774401, 0.000258439657046, 0.00199972465634, 0.000772100873291, 0.000370248511899, 0.000162664844538, 0.000324028689647, 0.000196413660888, 0.000110544882773, 7.86460514064e-05, 6.84054393787e-05, 6.22797597316e-05, 0.000170690196683, 0.000226406657021, 0.000206698459806, 0.000171973137185, 0.000262825138634, 0.000239980508923, 4.71936109534e-05], "dmean2": [0.00510522257537, 0.0482120960951, 0.0137257333845, 0.00517053762451, 0.00174387835432, 0.000591147050727, 0.000986890052445, 0.000570337055251, 0.000847121933475, 0.000407869869377, 0.00304689258337, 0.00129828520585, 0.000601043342613, 0.000281581917079, 0.000573154364247, 0.00033141169115, 0.000186120101716, 0.000129228341393, 0.000115947084851, 9.91566412267e-05, 0.000278683350189, 0.000378023774829, 0.000317660567816, 0.000272602803307, 0.000420610711444, 0.000395579321776, 7.81259514042e-05], "dvar": [8.16656101961e-05, 0.00794132519513, 0.00114380940795, 0.000239062763285, 2.20835026994e-05, 4.0436137283e-07, 1.1460940641e-06, 8.27971859962e-07, 8.03051079856e-07, 5.54205485059e-07, 1.41110976983e-05, 4.17416276832e-06, 1.01387593077e-06, 2.07390399964e-07, 1.32650291107e-06, 1.7039570821e-07, 7.23212139064e-08, 6.5873514643e-08, 3.47699717906e-08, 2.78607767967e-08, 2.31802829376e-07, 4.07148320392e-07, 2.89319530111e-07, 1.46262024714e-07, 3.24918630668e-07, 2.94314332905e-07, 9.17686104884e-09], "dvar2": [0.000161108400789, 0.0192460026592, 0.00325085851364, 0.000697967130691, 6.5030886617e-05, 1.01527041352e-06, 2.42105488724e-06, 2.05003425435e-06, 1.64155051152e-06, 1.1875437167e-06, 3.26310218952e-05, 1.17756053442e-05, 2.55132135862e-06, 5.32203671355e-07, 3.75903050553e-06, 4.42849966475e-07, 1.87508234717e-07, 1.68631345332e-07, 8.80207267073e-08, 6.69762201255e-08, 5.92185529058e-07, 1.06391314603e-06, 5.90160539105e-07, 3.26929239236e-07, 8.29539089864e-07, 7.66116784234e-07, 2.26152785388e-08], "max": [0.145957887173, 0.883883833885, 0.288009524345, 0.199472606182, 0.0635656565428, 0.0191502366215, 0.0173369850963, 0.0132217053324, 0.0292523931712, 0.0286575630307, 0.047605227679, 0.0251451767981, 0.0223554484546, 0.0115506611764, 0.0118070216849, 0.00468019442633, 0.00370822753757, 0.00379787990823, 0.00219214428216, 0.00158122484572, 0.00525035848841, 0.00776171823964, 0.00579744437709, 0.00592568609864, 0.0185779165477, 0.0175990462303, 0.00237926957197], "mean": [0.00998250581324, 0.0523878782988, 0.00467482581735, 0.00157049845438, 0.000946150626987, 0.000750996812712, 0.00220138370059, 0.00115846504923, 0.000839698594064, 0.000369008048438, 0.00273248017766, 0.00119333376642, 0.000521191221196, 0.000201872942853, 0.000385376421036, 0.000263120804448, 0.000154767360073, 8.67552516866e-05, 8.18130429252e-05, 6.34212774457e-05, 0.000155511967023, 0.000173125154106, 0.000186048273463, 0.000147730985191, 0.000206353593967, 0.000179859824129, 3.5292818211e-05], "median": [0.00160730618518, 0.00527781015262, 5.40572364116e-05, 6.93107722327e-05, 0.000458928669104, 0.000567280047107, 0.00116212852299, 0.000468714017188, 0.00043760339031, 0.000192712206626, 0.000957313575782, 0.000592145079281, 0.000247326534009, 9.85527876765e-05, 0.000203792078537, 9.70332766883e-05, 6.13304655417e-05, 2.71415065072e-05, 3.46608285327e-05, 1.84871987585e-05, 3.40557817253e-05, 1.0047788237e-05, 6.62294360154e-06, 8.85496410774e-06, 7.0021828833e-06, 6.07031324762e-06, 7.50070114464e-07], "min": [7.36815326092e-15, 4.45256421251e-15, 6.1885598261e-16, 2.85765252421e-16, 6.31939888788e-16, 1.24130867887e-15, 9.51056322353e-16, 3.99971795254e-15, 5.28385505244e-15, 2.70172762878e-15, 1.25401629066e-15, 3.70919666306e-15, 5.79833693538e-15, 5.43066957913e-15, 5.29257313905e-15, 1.15871650789e-14, 4.11636921245e-15, 5.74169075999e-15, 8.22174732538e-15, 8.33488297505e-15, 6.04863093612e-15, 8.5320756333e-15, 1.31077747194e-14, 3.28974891219e-14, 6.14593554001e-14, 6.26992083469e-14, 5.9466950949e-14], "var": [0.000272899400443, 0.0107155498117, 0.000677731703036, 0.000128442858113, 1.19874548545e-05, 8.18342186903e-07, 6.77486377754e-06, 3.16744285556e-06, 1.94926769836e-06, 7.71714553593e-07, 2.05797405215e-05, 4.00601356887e-06, 1.09859320219e-06, 1.90756352936e-07, 8.76287231222e-07, 2.05734906444e-07, 7.49805479927e-08, 5.75095668864e-08, 3.07741458982e-08, 2.59456154339e-08, 1.9878565638e-07, 3.21646695056e-07, 3.43404138903e-07, 1.48608734207e-07, 2.57477239529e-07, 2.20875136847e-07, 7.57984697231e-09]}, "erbbands": {"dmean": [1.29492902756, 5.89347076416, 9.06165599823, 9.25126361847, 5.65483999252, 2.58512496948, 2.28815245628, 3.16156053543, 7.72805166245, 11.9710884094, 9.97972869873, 12.2506656647, 8.02522945404, 31.5369720459, 59.2590293884, 32.8385353088, 14.2491750717, 14.2628679276, 8.50097560883, 16.7243061066, 12.9694757462, 6.34325695038, 4.48471736908, 3.09856295586, 3.26889109612, 2.91466617584, 6.55431175232, 6.05885219574, 6.19837760925, 10.5013456345, 4.890853405, 3.97962713242, 2.65933609009, 2.46523094177, 2.1927087307, 1.12536597252, 0.451341420412, 0.0661903992295, 0.00854194909334, 0.000370179855963], "dmean2": [1.95769488811, 9.71716690063, 15.890537262, 17.4494304657, 10.7322683334, 4.73405218124, 3.73528409004, 5.24428367615, 10.0993909836, 17.6683235168, 14.798163414, 19.2041492462, 12.6754274368, 47.9119949341, 92.3417663574, 54.0376968384, 24.3392047882, 23.3435726166, 14.6366844177, 29.4058265686, 21.9667701721, 10.5830631256, 7.48719453812, 4.88939619064, 5.5076341629, 4.66201639175, 11.126039505, 9.49205303192, 9.92656326294, 16.8003082275, 7.59944725037, 6.24495363235, 4.23703098297, 3.9002904892, 3.57133460045, 1.87075066566, 0.742953598499, 0.107847742736, 0.0140751097351, 0.000592919124756], "dvar": [11.2006826401, 397.337615967, 1485.89855957, 2313.30639648, 947.429321289, 143.866455078, 28.7297859192, 38.1579933167, 151.834533691, 295.021087646, 444.71270752, 572.168395996, 494.466491699, 3953.30908203, 15248.1953125, 6397.01806641, 2590.3293457, 1055.55493164, 443.963134766, 3830.02124023, 827.550598145, 229.054428101, 250.706436157, 56.5604629517, 100.466094971, 60.1559753418, 430.207122803, 236.029006958, 284.877502441, 935.524230957, 140.010421753, 103.34236145, 25.5872344971, 24.0583114624, 25.2001667023, 6.84258270264, 1.03563630581, 0.0188868157566, 0.000309181428747, 4.1768461756e-07], "dvar2": [26.2156009674, 999.312805176, 4093.70507812, 6662.03808594, 2769.64892578, 420.385742188, 78.4714584351, 97.5895690918, 284.321289062, 689.176696777, 1028.24389648, 1167.05126953, 936.252380371, 9581.6796875, 38537.4179688, 17846.421875, 6875.05029297, 2542.87866211, 1195.4576416, 10880.8789062, 2188.88818359, 583.444152832, 655.18182373, 118.704162598, 269.972991943, 143.591262817, 1132.94921875, 569.513122559, 715.577209473, 2251.10791016, 296.52734375, 235.163101196, 56.2145385742, 57.6720352173, 66.0520019531, 18.0796298981, 2.69212818146, 0.0470553375781, 0.000771301914938, 9.48967908698e-07], "max": [38.5283203125, 175.742584229, 314.183319092, 625.517150879, 375.916717529, 159.622558594, 85.1104202271, 212.593399048, 194.552566528, 242.906509399, 312.478607178, 911.362304688, 978.177429199, 939.006103516, 1448.73120117, 964.088745117, 1088.52404785, 873.163513184, 269.556732178, 654.414001465, 340.184509277, 186.768005371, 219.866073608, 119.256278992, 120.339630127, 80.5445480347, 207.536819458, 170.583648682, 171.265960693, 354.320343018, 182.398910522, 142.955352783, 99.2859420776, 147.07800293, 167.393768311, 87.0235137939, 32.3841018677, 3.73107099533, 0.477232843637, 0.0107581056654], "mean": [2.75817060471, 6.68922185898, 6.35099887848, 5.58232164383, 3.97775506973, 2.40616369247, 5.25494337082, 6.46984195709, 26.9978656769, 26.3722476959, 32.0597457886, 20.0914936066, 13.0640974045, 47.5938606262, 83.3354568481, 53.4784660339, 18.6712303162, 21.0924377441, 11.9432058334, 18.9539413452, 17.6590499878, 9.42840862274, 4.98585176468, 4.52222251892, 3.39225101471, 3.07123398781, 5.94390964508, 5.47514915466, 5.06697130203, 8.52311038971, 4.30552101135, 3.34101748466, 2.306671381, 2.02454185486, 1.66901528835, 0.827320635319, 0.339480608702, 0.0508544258773, 0.00641694385558, 0.000351997354301], "median": [0.325888901949, 0.526322126389, 0.209785893559, 0.167979106307, 0.863850414753, 0.856473386288, 3.53078699112, 4.3780632019, 12.1158132553, 18.2740345001, 15.1874341965, 10.4063777924, 7.91422843933, 20.2052440643, 36.2885818481, 26.8388366699, 9.92496585846, 10.4532022476, 5.75676250458, 10.0480089188, 6.7583527565, 3.51280593872, 1.58170926571, 2.02832984924, 1.21568572521, 0.974026083946, 1.34352326393, 0.889210879803, 0.381819814444, 0.274908363819, 0.187742590904, 0.193369954824, 0.136363297701, 0.0816485062242, 0.0522742979228, 0.0242326520383, 0.0112513303757, 0.00156517222058, 0.000173129359609, 8.92725220183e-05], "min": [2.43568403294e-13, 6.1890011345e-13, 7.96648554416e-13, 8.93073158828e-13, 1.45881776711e-12, 2.14688206449e-12, 5.32604689518e-12, 1.11795303917e-11, 9.80596420036e-12, 4.29178706463e-11, 1.06831959945e-10, 1.28379959441e-10, 6.26999702158e-11, 8.6813729816e-11, 8.88610782179e-11, 1.40263231585e-10, 2.27699512023e-10, 3.82932713316e-10, 2.54606336014e-10, 4.05291189498e-10, 5.25644638927e-10, 2.56857146663e-10, 3.78220177399e-10, 3.62701396694e-10, 3.87575443961e-10, 3.27580990112e-10, 3.54806212188e-10, 2.20719664767e-10, 2.14887108108e-10, 4.15151302224e-10, 3.81776166236e-10, 5.19540244159e-10, 6.58761767358e-10, 6.18707751698e-10, 4.81640949346e-10, 2.91898505367e-10, 1.0622661778e-10, 2.28966949567e-11, 6.02177292405e-12, 1.17762939157e-12], "var": [21.6249809265, 369.721099854, 981.15838623, 1297.3112793, 513.272766113, 81.1862487793, 40.1809196472, 76.6599731445, 1222.25927734, 709.053833008, 2117.62939453, 1397.10949707, 866.773681641, 5392.48339844, 17827.8496094, 7043.83300781, 2075.80126953, 1342.46484375, 424.603973389, 2472.34814453, 943.462585449, 257.525939941, 205.971633911, 72.6631011963, 75.9734420776, 56.8153343201, 333.78225708, 229.261123657, 249.249450684, 893.938232422, 155.420959473, 103.1407547, 26.4175052643, 21.408870697, 18.7217330933, 4.95657396317, 0.781961977482, 0.015537195839, 0.000251630728599, 4.13519472886e-07]}, "gfcc": {"mean": [-21.6276683807, 90.6229248047, -104.265449524, 2.37908053398, -44.3095283508, 23.206363678, -18.9499549866, 15.0000963211, -8.14085006714, 17.2567138672, -3.97724914551, 14.2543048859, -1.79854238033], "cov": [[10945.9160156, -1136.84619141, 965.883911133, -283.41104126, -236.218765259, 96.3323898315, -178.267974854, 499.984893799, -248.246673584, 240.09022522, -50.5559158325, 301.13092041, 108.967735291], [-1136.84619141, 2737.90869141, -1120.84423828, -267.844940186, 408.842956543, -589.397094727, 211.618743896, -99.0233612061, 163.574645996, -89.6710357666, 240.298583984, -140.564758301, 269.424072266], [965.883911133, -1120.84423828, 1505.28173828, 415.785217285, 117.082267761, 573.048950195, 69.9616622925, 216.580566406, 18.9948329926, 81.1598434448, -56.4930953979, 61.3417472839, -112.383056641], [-283.41104126, -267.844940186, 415.785217285, 530.317016602, 159.497406006, 242.902770996, 103.860664368, 35.8352508545, 61.8093566895, -6.05966711044, -10.1526613235, -16.355047226, -50.5662002563], [-236.218765259, 408.842956543, 117.082267761, 159.497406006, 340.44052124, 34.287437439, 163.904754639, 51.0745201111, 94.0853881836, 10.1454362869, 77.1996459961, -9.61828994751, 71.6422729492], [96.3323898315, -589.397094727, 573.048950195, 242.902770996, 34.287437439, 376.57611084, 69.1779937744, 97.2283935547, 27.3084602356, 40.4061546326, -10.2057590485, 36.5168075562, -56.4769096375], [-178.267974854, 211.618743896, 69.9616622925, 103.860664368, 163.904754639, 69.1779937744, 210.759078979, 60.513004303, 92.7531661987, 29.6168708801, 84.4785308838, 5.01749563217, 53.3872756958], [499.984893799, -99.0233612061, 216.580566406, 35.8352508545, 51.0745201111, 97.2283935547, 60.513004303, 121.975059509, 44.1653823853, 53.0498428345, 32.742893219, 33.7943840027, 19.9049091339], [-248.246673584, 163.574645996, 18.9948329926, 61.8093566895, 94.0853881836, 27.3084602356, 92.7531661987, 44.1653823853, 122.796638489, 41.1121673584, 63.1683349609, 4.41578435898, 41.2153244019], [240.09022522, -89.6710357666, 81.1598434448, -6.05966711044, 10.1454362869, 40.4061546326, 29.6168708801, 53.0498428345, 41.1121673584, 78.7358016968, 40.402305603, 36.4678878784, 17.1913509369], [-50.5559158325, 240.298583984, -56.4930953979, -10.1526613235, 77.1996459961, -10.2057590485, 84.4785308838, 32.742893219, 63.1683349609, 40.402305603, 110.983139038, 25.8490200043, 67.4296798706], [301.13092041, -140.564758301, 61.3417472839, -16.355047226, -9.61828994751, 36.5168075562, 5.01749563217, 33.7943840027, 4.41578435898, 36.4678878784, 25.8490200043, 70.3174133301, 28.1182193756], [108.967735291, 269.424072266, -112.383056641, -50.5662002563, 71.6422729492, -56.4769096375, 53.3872756958, 19.9049091339, 41.2153244019, 17.1913509369, 67.4296798706, 28.1182193756, 111.325592041]], "icov": [[0.000168164275237, -1.1730827282e-05, -0.000100544362795, -7.90037302068e-05, 0.00012828753097, 0.000314154371154, 3.58395009243e-05, -0.000853839796036, 0.000629661313724, -0.00029371122946, 0.000201928836759, -0.000250297336606, -0.000308149348712], [-1.1730827282e-05, 0.00146454898641, 0.000414639536757, 0.000356766860932, -0.00127699912991, 0.00109462230466, 1.2515056369e-06, -0.000410333974287, -0.000578336766921, 0.00161876471248, -0.00213039084338, 0.00248298887163, -0.000875062833074], [-0.000100544362795, 0.000414639536757, 0.00227990210988, -0.000165567340446, -0.00140138436109, -0.00224149227142, 0.000750105653424, -0.00163030647673, 0.000243826129008, -0.000130171538331, 0.000257162639173, 0.00064007320907, 0.000630166265182], [-7.90037302068e-05, 0.000356766860932, -0.000165567340446, 0.00393047463149, -0.00187676935457, -0.00180829770397, -0.000445547368145, 0.00181037548464, -0.0021392966155, 0.00176199385896, 1.05688613985e-05, 0.000623672793154, 0.00136842881329], [0.00012828753097, -0.00127699912991, -0.00140138436109, -0.00187676935457, 0.00770755670965, 0.00106324988883, -0.00304235564545, -0.000715880538337, -2.75031779893e-05, -0.000126776547404, 0.000923682993744, -0.000510595564265, -0.00253667333163], [0.000314154371154, 0.00109462230466, -0.00224149227142, -0.00180829770397, 0.00106324988883, 0.0101898480207, -0.00241086492315, -0.00329564418644, 0.0003842660808, 0.00132325105369, -0.00158944667783, -0.00162533472758, 0.00121645862237], [3.58395009243e-05, 1.2515056369e-06, 0.000750105653424, -0.000445547368145, -0.00304235564545, -0.00241086492315, 0.0117257619277, -0.00268406234682, -0.00256571825594, 0.00120345631149, -0.00493634445593, 0.00198758998886, -0.000639780133497], [-0.000853839796036, -0.000410333974287, -0.00163030647673, 0.00181037548464, -0.000715880538337, -0.00329564418644, -0.00268406234682, 0.0223636366427, -0.00499460473657, -0.00548085570335, 0.000866752001457, -0.00125378998928, -0.000430134328781], [0.000629661313724, -0.000578336766921, 0.000243826129008, -0.0021392966155, -2.75031779893e-05, 0.0003842660808, -0.00256571825594, -0.00499460473657, 0.019854074344, -0.00909144245088, -0.00180856185034, 0.00326238921843, -0.00328120798804], [-0.00029371122946, 0.00161876471248, -0.000130171538331, 0.00176199385896, -0.000126776547404, 0.00132325105369, 0.00120345631149, -0.00548085570335, -0.00909144245088, 0.0298686120659, -0.00945873558521, -0.0062871039845, 0.00426504062489], [0.000201928836759, -0.00213039084338, 0.000257162639173, 1.05688613985e-05, 0.000923682993744, -0.00158944667783, -0.00493634445593, 0.000866752001457, -0.00180856185034, -0.00945873558521, 0.0262697115541, -0.00667160563171, -0.00606205733493], [-0.000250297336606, 0.00248298887163, 0.00064007320907, 0.000623672793154, -0.000510595564265, -0.00162533472758, 0.00198758998886, -0.00125378998928, 0.00326238921843, -0.0062871039845, -0.00667160563171, 0.030576730147, -0.00997863244265], [-0.000308149348712, -0.000875062833074, 0.000630166265182, 0.00136842881329, -0.00253667333163, 0.00121645862237, -0.000639780133497, -0.000430134328781, -0.00328120798804, 0.00426504062489, -0.00606205733493, -0.00997863244265, 0.0220413692296]]}, "melbands": {"dmean": [0.00971059594303, 0.00546552846208, 0.00152234872803, 0.000276572507573, 7.69336838857e-05, 6.99451193213e-05, 0.000126535975141, 0.000116584160423, 8.42279187054e-05, 7.55465443945e-05, 4.03625854233e-05, 0.000114414920972, 0.000274818274193, 9.02014071471e-05, 5.43083951925e-05, 3.34129472321e-05, 2.49314580287e-05, 1.13578789751e-05, 2.84944380837e-05, 1.30915650516e-05, 1.55992311193e-05, 7.60639613873e-06, 4.56176485386e-06, 3.5179787119e-06, 2.52425797953e-06, 2.65694097834e-06, 1.71437773133e-06, 1.98234215532e-06, 3.89516935684e-06, 4.50934294349e-06, 3.27177804138e-06, 2.78447987512e-06, 5.90165927861e-06, 5.83926976105e-06, 2.94147639579e-06, 1.99502210307e-06, 2.65620587925e-06, 1.83385986929e-06, 1.79643632237e-06, 2.20901006287e-06], "dmean2": [0.0148310642689, 0.00925634521991, 0.00287133082747, 0.000521775276866, 0.000127233855892, 0.000115573420771, 0.000166549987625, 0.00017514108913, 0.000126284096041, 0.000118233750982, 6.37814518996e-05, 0.000173498599906, 0.000420041469624, 0.000150096297148, 9.49719324126e-05, 5.32935009687e-05, 4.14311216446e-05, 1.93256510101e-05, 5.08472185174e-05, 2.21488862735e-05, 2.66300357907e-05, 1.27702642203e-05, 7.79978017817e-06, 5.75356534682e-06, 4.01529450755e-06, 4.49897925137e-06, 2.79348296317e-06, 3.19387163472e-06, 6.5392837314e-06, 7.69340931583e-06, 5.07532740812e-06, 4.41801830675e-06, 1.01347131931e-05, 9.04978060134e-06, 4.59355442217e-06, 3.19363675771e-06, 4.17620776716e-06, 2.91748915515e-06, 2.84842394649e-06, 3.50511186298e-06], "dvar": [0.00066994066583, 0.000448831444373, 6.08422196819e-05, 2.09735389944e-06, 4.22448280801e-08, 1.66153331094e-08, 3.86595289115e-08, 2.86723071952e-08, 2.51169112175e-08, 2.09682582408e-08, 1.26195924821e-08, 5.15636244813e-08, 2.7001806302e-07, 4.52663080353e-08, 4.02380138098e-08, 7.67642127641e-09, 3.6300393802e-09, 5.41986622249e-10, 1.29141426441e-08, 1.22937526825e-09, 1.2643421865e-09, 2.73152722663e-10, 2.76380418551e-10, 8.72422967202e-11, 3.67504776611e-11, 5.7537353354e-11, 2.17003515851e-11, 2.94536582623e-11, 1.47876141887e-10, 1.73311753837e-10, 6.68385138902e-11, 6.13131281857e-11, 3.20871662574e-10, 2.9499719334e-10, 5.5312997238e-11, 2.07677486319e-11, 5.27716689791e-11, 1.12779837552e-11, 1.18705288654e-11, 1.99516098087e-11], "dvar2": [0.00157302932348, 0.0011707120575, 0.000174584187334, 6.15637327428e-06, 1.19273352084e-07, 4.24998596316e-08, 7.49645963083e-08, 6.95051127764e-08, 5.81965409197e-08, 4.11963263502e-08, 2.39104096522e-08, 1.24440717286e-07, 6.27676058684e-07, 1.27070308054e-07, 1.14402290308e-07, 1.75659078394e-08, 9.01021657285e-09, 1.35311950533e-09, 3.67150470026e-08, 3.37641403725e-09, 3.3464186977e-09, 7.03676006353e-10, 7.34683758274e-10, 2.17297041472e-10, 7.58277537982e-11, 1.51708201557e-10, 5.47599569856e-11, 7.12803913117e-11, 3.83335446719e-10, 4.61765570225e-10, 1.54992935153e-10, 1.54159837673e-10, 8.54541271078e-10, 6.56432574964e-10, 1.19529774967e-10, 4.81131419428e-11, 1.20953774774e-10, 2.56752692024e-11, 2.72400730444e-11, 4.85204237899e-11], "max": [0.284382104874, 0.180998384953, 0.0973353385925, 0.0189441926777, 0.00273163081147, 0.00425371015444, 0.00311665702611, 0.00216691824608, 0.00214707176201, 0.00587962428108, 0.00502772349864, 0.00345811643638, 0.00617541186512, 0.00266933697276, 0.00202164170332, 0.00234457780607, 0.00149570940994, 0.000500978610944, 0.00110928760841, 0.000457196903881, 0.000426431040978, 0.000224833798711, 0.000243484348175, 0.000123128265841, 0.000105623526906, 8.56938713696e-05, 6.41829683445e-05, 5.51824450667e-05, 0.000126412443933, 0.000115313079732, 0.000101326178992, 8.6649772129e-05, 0.000244144670432, 0.000180067727342, 0.000115491966426, 5.95870405959e-05, 0.000102004909422, 4.84767333546e-05, 9.43825216382e-05, 0.000132886780193], "mean": [0.0188780743629, 0.00500577827916, 0.000944723782595, 0.000209537392948, 0.000160629220773, 0.000140973425005, 0.000430413143476, 0.000265476002824, 0.000241642643232, 0.0001155286227, 6.1343453126e-05, 0.000174326443812, 0.000376088049961, 0.000149327956024, 6.52864400763e-05, 4.92495528306e-05, 3.48513603967e-05, 1.58796829055e-05, 2.95872087008e-05, 1.76743906195e-05, 2.02801857085e-05, 1.07810446934e-05, 4.50042034572e-06, 4.31313583249e-06, 3.61826914741e-06, 2.84569500764e-06, 1.7506340555e-06, 1.99873738893e-06, 3.61200204679e-06, 3.85845487472e-06, 2.96111306852e-06, 2.38731990976e-06, 4.25163534601e-06, 5.02096372657e-06, 2.55268787441e-06, 1.68782230503e-06, 2.21773393605e-06, 1.53685630266e-06, 1.51472784182e-06, 1.77652225375e-06], "median": [0.00222028233111, 0.000327762769302, 5.784228415e-05, 4.94847081427e-05, 0.000103661717731, 9.89669642877e-05, 0.000205719101359, 0.000195983651793, 0.000115427566925, 6.11031209701e-05, 3.51160779246e-05, 7.46384102968e-05, 0.00013409514213, 7.31606924091e-05, 3.17821068165e-05, 2.28687695198e-05, 1.70781895577e-05, 7.37483560442e-06, 1.43556680996e-05, 8.63037439558e-06, 7.98271776148e-06, 4.00145063395e-06, 1.60734441579e-06, 1.46774027598e-06, 1.63980325851e-06, 9.86384065982e-07, 5.50215077055e-07, 5.57562827908e-07, 8.44937005695e-07, 6.47905380902e-07, 3.97510746097e-07, 2.24295249041e-07, 1.41493089245e-07, 1.44956388226e-07, 1.09240943402e-07, 8.57926565345e-08, 1.27349593981e-07, 9.22561866901e-08, 7.63722098895e-08, 6.07240053796e-08], "min": [2.05857530017e-15, 5.4830210857e-16, 1.69083433147e-16, 1.32301397989e-16, 1.65158983918e-16, 2.49411789465e-16, 1.54664060413e-16, 5.5317344799e-16, 9.61498015131e-16, 7.43378296186e-16, 3.0136871104e-16, 3.67399720308e-16, 2.20169803375e-16, 4.63872193729e-16, 1.93063584393e-16, 7.85176989853e-16, 6.69402620798e-16, 3.49091659019e-16, 3.97816064639e-16, 7.96632845766e-16, 5.27757324435e-16, 2.1513402045e-16, 3.12075419251e-16, 3.20258604555e-16, 2.95781893478e-16, 2.63816299417e-16, 2.38023907945e-16, 2.27277124487e-16, 3.19788765967e-16, 9.83469573327e-17, 1.07768610684e-16, 1.07548183594e-16, 1.89671693895e-16, 2.3223210841e-16, 1.84343472845e-16, 2.75614330171e-16, 3.54641736527e-16, 4.78715652036e-16, 4.25217051087e-16, 5.61417460847e-16], "var": [0.00112355372403, 0.00035547974403, 3.44151558238e-05, 1.13645205602e-06, 4.29968558535e-08, 3.31410454635e-08, 2.91161825317e-07, 6.50889333542e-08, 1.0778135362e-07, 5.20783522973e-08, 2.16776960826e-08, 7.15721881761e-08, 3.9013747255e-07, 5.26889465391e-08, 2.72334510498e-08, 9.98810456565e-09, 4.07737399399e-09, 6.79537093262e-10, 8.08409428288e-09, 1.06088737795e-09, 1.34110944572e-09, 3.17997600474e-10, 2.17019541227e-10, 8.7719283226e-11, 4.78830274042e-11, 4.58377641399e-11, 1.92543272992e-11, 2.67013199745e-11, 1.17211879092e-10, 1.36114189364e-10, 6.79261993874e-11, 5.36514166427e-11, 2.36743485926e-10, 3.20833443146e-10, 5.89985629795e-11, 1.99145786667e-11, 5.19532195042e-11, 1.13917226346e-11, 1.13479095912e-11, 1.73005446774e-11]}, "mfcc": {"mean": [-674.431030273, 140.117614746, -0.973637640476, 0.455282717943, 0.641549050808, 12.0881118774, 5.95423126221, 7.26926422119, 10.6231403351, 3.62016534805, 5.44181585312, 15.1240415573, 14.6841020584], "cov": [[8642.75683594, -107.672462463, 124.068267822, -168.124572754, -179.972244263, -187.794265747, -78.946182251, 17.2475948334, 27.0863189697, -14.5562829971, -185.381484985, -148.323120117, 237.448440552], [-107.672462463, 2491.77587891, -1120.85998535, 165.251190186, -128.518768311, -261.680511475, -24.2752914429, -135.657440186, 25.7361831665, 20.7109889984, -120.069480896, 91.1419754028, 48.4263839722], [124.068267822, -1120.85998535, 1216.45922852, 5.92709159851, 293.013458252, 297.321014404, 150.560562134, 221.040206909, 77.4848022461, 88.2175674438, 143.649597168, 5.42639636993, 22.9655685425], [-168.124572754, 165.251190186, 5.92709159851, 320.487976074, 128.401535034, 107.703422546, 78.1502151489, 66.0703277588, 55.9690475464, 58.7167816162, 24.0727462769, 13.6854658127, 0.38352265954], [-179.972244263, -128.518768311, 293.013458252, 128.401535034, 239.487518311, 137.153289795, 90.3294754028, 93.8637313843, 60.9879837036, 57.488368988, 47.3097000122, 4.74216747284, 2.07429146767], [-187.794265747, -261.680511475, 297.321014404, 107.703422546, 137.153289795, 201.804138184, 106.391265869, 109.610168457, 55.5896224976, 54.1409339905, 67.6360321045, 28.7102432251, 10.175195694], [-78.946182251, -24.2752914429, 150.560562134, 78.1502151489, 90.3294754028, 106.391265869, 145.655685425, 91.9356842041, 53.394947052, 49.6784133911, 40.2295074463, 33.1726455688, 34.4111824036], [17.2475948334, -135.657440186, 221.040206909, 66.0703277588, 93.8637313843, 109.610168457, 91.9356842041, 121.878608704, 61.9227561951, 49.784034729, 46.8805999756, 27.9744567871, 24.9316501617], [27.0863189697, 25.7361831665, 77.4848022461, 55.9690475464, 60.9879837036, 55.5896224976, 53.394947052, 61.9227561951, 83.279296875, 50.9376220703, 32.684211731, 27.8708019257, 25.9140110016], [-14.5562829971, 20.7109889984, 88.2175674438, 58.7167816162, 57.488368988, 54.1409339905, 49.6784133911, 49.784034729, 50.9376220703, 80.1103057861, 45.1172714233, 33.6957740784, 21.8810214996], [-185.381484985, -120.069480896, 143.649597168, 24.0727462769, 47.3097000122, 67.6360321045, 40.2295074463, 46.8805999756, 32.684211731, 45.1172714233, 90.3131408691, 44.8224220276, 17.5823154449], [-148.323120117, 91.1419754028, 5.42639636993, 13.6854658127, 4.74216747284, 28.7102432251, 33.1726455688, 27.9744567871, 27.8708019257, 33.6957740784, 44.8224220276, 89.2458648682, 37.1596412659], [237.448440552, 48.4263839722, 22.9655685425, 0.38352265954, 2.07429146767, 10.175195694, 34.4111824036, 24.9316501617, 25.9140110016, 21.8810214996, 17.5823154449, 37.1596412659, 82.4233093262]], "icov": [[0.000156885071192, -2.09244990401e-06, -8.04030787549e-05, -1.22034762171e-05, 0.000174069558852, 9.41779871937e-05, 0.000186376200872, -0.000214421830606, -7.73057690822e-05, -0.000198020163225, 0.000364839012036, 0.000411766057368, -0.000643823877908], [-2.09244990401e-06, 0.000952060974669, 0.000792301725596, -0.000338902929798, -0.00062949990388, 0.00101522507612, -0.000560631044209, 0.000185869343113, -0.000330276379827, -0.000621976098046, 0.000837914645672, -0.00115995504893, -9.10035159905e-05], [-8.04030787549e-05, 0.000792301725596, 0.00284318439662, 0.00115923769772, -0.00224108272232, -0.000966196064837, 0.000246463750955, -0.00231505534612, 0.00110397685785, -0.000830086821225, -0.00108298554551, 0.000427550839959, -0.000346883520251], [-1.22034762171e-05, -0.000338902929798, 0.00115923769772, 0.00561042921618, -0.00221725925803, -0.00295968609862, -5.44595991414e-07, -0.000845306378324, 6.29149944871e-05, -0.00202005403116, 0.000351070571924, 0.00108195934445, 0.000516069063451], [0.000174069558852, -0.00062949990388, -0.00224108272232, -0.00221725925803, 0.0102094514295, -0.00235710781999, -0.000870448770002, 0.000221974478336, -0.00238959956914, -0.000947183347307, 0.0003075862478, 0.00257344846614, 0.000610368035268], [9.41779871937e-05, 0.00101522507612, -0.000966196064837, -0.00295968609862, -0.00235710781999, 0.016756799072, -0.00467870105058, -0.0045049181208, 4.19499920099e-05, 0.00101515825372, -0.00278657977469, -0.00235033663921, 0.0020932299085], [0.000186376200872, -0.000560631044209, 0.000246463750955, -5.44595991414e-07, -0.000870448770002, -0.00467870105058, 0.0165935382247, -0.0081356195733, 0.00088132271776, -0.00177806336433, 0.00126806902699, 0.000390313041862, -0.00439504580572], [-0.000214421830606, 0.000185869343113, -0.00231505534612, -0.000845306378324, 0.000221974478336, -0.0045049181208, -0.0081356195733, 0.0283618513495, -0.0100960545242, 0.00039302330697, 0.000239948218223, -0.00200759409927, 0.000449418759672], [-7.73057690822e-05, -0.000330276379827, 0.00110397685785, 6.29149944871e-05, -0.00238959956914, 4.19499920099e-05, 0.00088132271776, -0.0100960545242, 0.0267843268812, -0.00966175738722, -0.000520903733559, -0.000205518328585, -0.00280258175917], [-0.000198020163225, -0.000621976098046, -0.000830086821225, -0.00202005403116, -0.000947183347307, 0.00101515825372, -0.00177806336433, 0.00039302330697, -0.00966175738722, 0.0275501832366, -0.0081377858296, -0.00248592789285, 0.000279115891317], [0.000364839012036, 0.000837914645672, -0.00108298554551, 0.000351070571924, 0.0003075862478, -0.00278657977469, 0.00126806902699, 0.000239948218223, -0.000520903733559, -0.0081377858296, 0.0245037060231, -0.0087878992781, -0.000449968996691], [0.000411766057368, -0.00115995504893, 0.000427550839959, 0.00108195934445, 0.00257344846614, -0.00235033663921, 0.000390313041862, -0.00200759409927, -0.000205518328585, -0.00248592789285, -0.0087878992781, 0.0225324835628, -0.00751854106784], [-0.000643823877908, -9.10035159905e-05, -0.000346883520251, 0.000516069063451, 0.000610368035268, 0.0020932299085, -0.00439504580572, 0.000449418759672, -0.00280258175917, 0.000279115891317, -0.000449968996691, -0.00751854106784, 0.0198528282344]]}, "spectral_contrast_coeffs": {"dmean": [0.0438913479447, 0.0358444415033, 0.039202824235, 0.0313676856458, 0.024802248925, 0.0258181653917], "dmean2": [0.0705731287599, 0.0571981519461, 0.0600996911526, 0.0518316589296, 0.0409103482962, 0.0409876853228], "dvar": [0.00187717354856, 0.000870713556651, 0.00101479422301, 0.000639267556835, 0.000468113110401, 0.000577813771088], "dvar2": [0.00441512139514, 0.00230087363161, 0.0022532902658, 0.00171126588248, 0.00123658997472, 0.00126613012981], "max": [-0.354254543781, -0.528171539307, -0.546251118183, -0.582378029823, -0.680721879005, -0.66067135334], "mean": [-0.708000719547, -0.73192191124, -0.724568724632, -0.766679704189, -0.800628840923, -0.781836926937], "median": [-0.713379859924, -0.729597330093, -0.717611253262, -0.763185977936, -0.800158619881, -0.784858763218], "min": [-0.973368167877, -0.973664164543, -0.971086025238, -0.965542495251, -0.95939552784, -0.960970520973], "var": [0.00424574268982, 0.00470760045573, 0.00468909228221, 0.00239301170222, 0.00139372074045, 0.00147133204155]}, "spectral_contrast_valleys": {"dmean": [0.407976955175, 0.324609696865, 0.347570389509, 0.342271924019, 0.409059137106, 0.853547334671], "dmean2": [0.657742917538, 0.519646704197, 0.556104362011, 0.545877993107, 0.595322906971, 1.13738942146], "dvar": [0.248660996556, 0.209544613957, 0.241374850273, 0.251214176416, 0.310825645924, 0.778274536133], "dvar2": [0.433535516262, 0.35785099864, 0.42384776473, 0.438853532076, 0.533065795898, 1.21581590176], "max": [-4.49939203262, -4.99275016785, -4.70079946518, -5.59950876236, -5