{"lowlevel": {"average_loudness": 0.947245955467, "barkbands_crest": {"dmean": 3.03766179085, "dmean2": 4.87410306931, "dvar": 8.4757604599, "dvar2": 21.0755500793, "max": 25.952495575, "mean": 11.2882919312, "median": 10.5014562607, "min": 2.31481862068, "var": 20.5789375305}, "barkbands_flatness_db": {"dmean": 0.0385106168687, "dmean2": 0.0546852685511, "dvar": 0.00215542269871, "dvar2": 0.00419768318534, "max": 0.527760744095, "mean": 0.240058153868, "median": 0.251319289207, "min": 0.0306862592697, "var": 0.00856918748468}, "barkbands_kurtosis": {"dmean": 6.85068178177, "dmean2": 10.9882001877, "dvar": 155.209243774, "dvar2": 387.405883789, "max": 136.095214844, "mean": 8.31690406799, "median": 2.73741579056, "min": -1.92408537865, "var": 225.362854004}, "barkbands_skewness": {"dmean": 0.985863089561, "dmean2": 1.43478083611, "dvar": 1.57013678551, "dvar2": 3.47798109055, "max": 8.80673789978, "mean": 1.29247677326, "median": 1.11649429798, "min": -5.03537797928, "var": 3.94161987305}, "barkbands_spread": {"dmean": 6.94468975067, "dmean2": 11.3145217896, "dvar": 144.277175903, "dvar2": 372.749389648, "max": 102.209190369, "mean": 13.4031734467, "median": 8.51330280304, "min": 0.41750100255, "var": 185.251998901}, "dissonance": {"dmean": 0.0426203943789, "dmean2": 0.0665778890252, "dvar": 0.00217258464545, "dvar2": 0.00501213548705, "max": 0.500000178814, "mean": 0.409451305866, "median": 0.431703388691, "min": 0.105132102966, "var": 0.00690252520144}, "dynamic_complexity": 5.56371879578, "erbbands_crest": {"dmean": 3.46100711823, "dmean2": 5.46445226669, "dvar": 9.25776672363, "dvar2": 22.5640678406, "max": 30.1769828796, "mean": 12.5765008926, "median": 11.7290363312, "min": 3.05810213089, "var": 24.729888916}, "erbbands_flatness_db": {"dmean": 0.0325809791684, "dmean2": 0.0470182858407, "dvar": 0.00149068771861, "dvar2": 0.00314561277628, "max": 0.436534136534, "mean": 0.263811677694, "median": 0.273134082556, "min": 0.0636547878385, "var": 0.00507990363985}, "erbbands_kurtosis": {"dmean": 2.75525331497, "dmean2": 4.27367782593, "dvar": 21.443780899, "dvar2": 50.1955223083, "max": 80.6903991699, "mean": 3.17850136757, "median": 1.4600687027, "min": -1.90555858612, "var": 34.9030647278}, "erbbands_skewness": {"dmean": 0.700360715389, "dmean2": 1.01260817051, "dvar": 0.655717492104, "dvar2": 1.38634049892, "max": 7.81291389465, "mean": 0.592409014702, "median": 0.486030250788, "min": -4.62296772003, "var": 1.81483280659}, "erbbands_spread": {"dmean": 10.4718360901, "dmean2": 16.8424491882, "dvar": 287.047821045, "dvar2": 703.629943848, "max": 138.47984314, "mean": 23.914680481, "median": 17.2142543793, "min": 1.62482440472, "var": 443.932067871}, "hfc": {"dmean": 7.44971513748, "dmean2": 10.8501176834, "dvar": 235.437683105, "dvar2": 558.874206543, "max": 237.149841309, "mean": 16.8763027191, "median": 12.8932180405, "min": 1.18860096847e-16, "var": 351.298980713}, "melbands_crest": {"dmean": 3.90900683403, "dmean2": 6.11184406281, "dvar": 14.725230217, "dvar2": 34.4764404297, "max": 34.1602630615, "mean": 14.2013835907, "median": 13.6027383804, "min": 2.13089823723, "var": 40.0480232239}, "melbands_flatness_db": {"dmean": 0.0449920073152, "dmean2": 0.0620126873255, "dvar": 0.00350732100196, "dvar2": 0.00631433865055, "max": 0.643388926983, "mean": 0.273971438408, "median": 0.292049199343, "min": 0.00534689426422, "var": 0.0145747922361}, "melbands_kurtosis": {"dmean": 8.68340969086, "dmean2": 13.9299278259, "dvar": 263.882080078, "dvar2": 689.47064209, "max": 183.557098389, "mean": 11.2619476318, "median": 4.27730989456, "min": -1.90983819962, "var": 352.083770752}, "melbands_skewness": {"dmean": 0.971930980682, "dmean2": 1.42963576317, "dvar": 1.55142617226, "dvar2": 3.61409139633, "max": 11.2632884979, "mean": 1.66254007816, "median": 1.23549950123, "min": -3.76067781448, "var": 4.00004148483}, "melbands_spread": {"dmean": 12.7986555099, "dmean2": 20.7210102081, "dvar": 752.066467285, "dvar2": 1878.4128418, "max": 302.524841309, "mean": 24.3690242767, "median": 12.9297065735, "min": 0.62192773819, "var": 992.960388184}, "pitch_salience": {"dmean": 0.0861360430717, "dmean2": 0.134231835604, "dvar": 0.00869745668024, "dvar2": 0.0191665720195, "max": 0.984532952309, "mean": 0.657504916191, "median": 0.695352196693, "min": 0.0915277302265, "var": 0.022518530488}, "silence_rate_20dB": {"dmean": 0, "dmean2": 0, "dvar": 0, "dvar2": 0, "max": 1, "mean": 1, "median": 1, "min": 1, "var": 0}, "silence_rate_30dB": {"dmean": 0, "dmean2": 0, "dvar": 0, "dvar2": 0, "max": 1, "mean": 1, "median": 1, "min": 1, "var": 0}, "silence_rate_60dB": {"dmean": 0.10044977814, "dmean2": 0.201050266623, "dvar": 0.0903608351946, "dvar2": 0.180133476853, "max": 1, "mean": 0.26966291666, "median": 0, "min": 0, "var": 0.196945548058}, "spectral_centroid": {"dmean": 421.576049805, "dmean2": 611.961608887, "dvar": 561641.1875, "dvar2": 953379.625, "max": 11639.0615234, "mean": 1466.71081543, "median": 1050.26586914, "min": 200.346191406, "var": 1333751}, "spectral_complexity": {"dmean": 2.92503738403, "dmean2": 4.18004512787, "dvar": 16.2777385712, "dvar2": 31.9180469513, "max": 38, "mean": 8.26966285706, "median": 8, "min": 0, "var": 50.2584152222}, "spectral_decrease": {"dmean": 1.66399793944e-09, "dmean2": 2.24985918784e-09, "dvar": 5.74059291927e-18, "dvar2": 1.03171582554e-17, "max": 3.18565868129e-11, "mean": -4.6927435271e-09, "median": -4.1992889166e-09, "min": -2.02839007812e-08, "var": 1.89170051867e-17}, "spectral_energy": {"dmean": 0.0068389698863, "dmean2": 0.00935047864914, "dvar": 9.51392576098e-05, "dvar2": 0.000173633961822, "max": 0.0850218832493, "mean": 0.0192422196269, "median": 0.0172505266964, "min": 1.07315650019e-20, "var": 0.000308689544909}, "spectral_energyband_high": {"dmean": 0.000372680195142, "dmean2": 0.000597401231062, "dvar": 3.27432485392e-06, "dvar2": 8.33019475976e-06, "max": 0.0314509756863, "mean": 0.000410393637139, "median": 6.11771392869e-05, "min": 7.82509062845e-21, "var": 2.6924001304e-06}, "spectral_energyband_low": {"dmean": 2.78662519122e-05, "dmean2": 4.41010015493e-05, "dvar": 3.99031430121e-09, "dvar2": 9.76989067425e-09, "max": 0.000650962581858, "mean": 3.6197132431e-05, "median": 2.99967950923e-06, "min": 1.06465210505e-22, "var": 6.76144917833e-09}, "spectral_energyband_middle_high": {"dmean": 0.00261237053201, "dmean2": 0.00348968617618, "dvar": 2.23798888328e-05, "dvar2": 3.76175194106e-05, "max": 0.0562223345041, "mean": 0.00556529127061, "median": 0.00139691343065, "min": 1.45020634524e-21, "var": 7.89956102381e-05}, "spectral_energyband_middle_low": {"dmean": 0.005371411331, "dmean2": 0.00711321132258, "dvar": 7.35235444154e-05, "dvar2": 0.000141632568557, "max": 0.0743764340878, "mean": 0.0134907672182, "median": 0.00953309703618, "min": 3.63078116255e-22, "var": 0.00021042622393}, "spectral_entropy": {"dmean": 0.355913668871, "dmean2": 0.511835336685, "dvar": 0.212703377008, "dvar2": 0.380473077297, "max": 9.80475616455, "mean": 6.87854337692, "median": 6.79365158081, "min": 4.17096471786, "var": 0.787597477436}, "spectral_flux": {"dmean": 0.0318653173745, "dmean2": 0.0495454408228, "dvar": 0.00113794358913, "dvar2": 0.00253589148633, "max": 0.264758944511, "mean": 0.0714424178004, "median": 0.0635909512639, "min": 1.0359326591e-10, "var": 0.0026960875839}, "spectral_kurtosis": {"dmean": 6.04299068451, "dmean2": 9.36043739319, "dvar": 94.6020584106, "dvar2": 198.572189331, "max": 178.933746338, "mean": 13.0989713669, "median": 7.84425163269, "min": -1.3332555294, "var": 240.220687866}, "spectral_rms": {"dmean": 0.000842618057504, "dmean2": 0.00108625355642, "dvar": 1.1698691651e-06, "dvar2": 1.87147600172e-06, "max": 0.00910758879036, "mean": 0.00364388851449, "median": 0.00410241167992, "min": 3.23571009396e-12, "var": 5.49498645341e-06}, "spectral_rolloff": {"dmean": 909.512939453, "dmean2": 1529.79309082, "dvar": 4388374.5, "dvar2": 8899047, "max": 19250.6835938, "mean": 2187.37353516, "median": 1119.7265625, "min": 172.265625, "var": 7489602.5}, "spectral_skewness": {"dmean": 0.593276679516, "dmean2": 0.889321625233, "dvar": 0.496094435453, "dvar2": 1.00972902775, "max": 11.4273748398, "mean": 2.32357192039, "median": 1.97767102718, "min": -0.36129963398, "var": 1.83029663563}, "spectral_spread": {"dmean": 948231, "dmean2": 1424841.125, "dvar": 2971880390660.0, "dvar2": 5200177266690.0, "max": 39725680, "mean": 3684872.5, "median": 3220120, "min": 593002.875, "var": 6050531508220.0}, "spectral_strongpeak": {"dmean": 0.702578663826, "dmean2": 1.08405685425, "dvar": 0.744825422764, "dvar2": 1.62619745731, "max": 9.60536384583, "mean": 1.56536471844, "median": 1.01757180691, "min": 1.35043820571e-09, "var": 2.50970602036}, "zerocrossingrate": {"dmean": 0.0216659251601, "dmean2": 0.0229671671987, "dvar": 0.00157417496666, "dvar2": 0.00163743272424, "max": 0.52734375, "mean": 0.0730113983154, "median": 0.044921875, "min": 0.00732421875, "var": 0.00604169396684}, "barkbands": {"dmean": [9.53766203793e-08, 1.17125591714e-06, 4.07935931435e-06, 0.000163039992913, 0.00156783766579, 0.00123477319721, 0.00178620230872, 0.00146510405466, 0.00160041218624, 0.00087687978521, 0.000735996174626, 0.000594272220042, 0.000403650105, 0.000294684024993, 0.000237388943788, 0.000176353307324, 0.000126025144709, 0.000212689032196, 0.000270117045147, 0.000130733387778, 6.8272689532e-05, 8.18836633698e-05, 6.71636080369e-05, 3.67046450265e-05, 3.96473988076e-05, 1.54765930347e-05, 2.34071649174e-06], "dmean2": [1.71032056073e-07, 2.13523730963e-06, 7.31558793632e-06, 0.000215474661672, 0.00216974457726, 0.00173062109388, 0.00265572057106, 0.00206983345561, 0.00218159612268, 0.00118101865519, 0.00101275206544, 0.000845660164487, 0.000546106137335, 0.000397830153815, 0.000363840110367, 0.000268044677796, 0.000189173559193, 0.000305734050926, 0.00041449861601, 0.000206373821129, 0.000105369261291, 0.000144868972711, 0.000117638730444, 5.73432917008e-05, 6.40425496385e-05, 2.3925142159e-05, 3.65300320482e-06], "dvar": [3.60319467405e-13, 5.39742278649e-11, 1.40816247551e-10, 9.87111192785e-08, 1.00186680356e-05, 1.1332070244e-05, 2.20463298319e-05, 1.19224832815e-05, 1.64040447999e-05, 5.86877786191e-06, 4.50513243777e-06, 4.68389771413e-06, 1.75134596248e-06, 7.1052045314e-07, 8.88798069809e-07, 3.60427776513e-07, 1.44938255175e-07, 2.72429502957e-07, 8.22011998025e-07, 2.52743063811e-07, 5.83196957393e-08, 7.02677880327e-07, 3.85828087701e-07, 3.71696629031e-08, 2.55608707533e-08, 4.64997507166e-09, 2.15099313361e-10], "dvar2": [1.01350655299e-12, 1.61610502758e-10, 3.95610016968e-10, 1.65453514001e-07, 2.00271042559e-05, 2.33181763178e-05, 4.90107959195e-05, 2.38673110289e-05, 3.25021865137e-05, 1.12282032205e-05, 9.3329254014e-06, 9.51383754e-06, 3.75792183149e-06, 1.42139208492e-06, 1.83098597972e-06, 7.07773381237e-07, 3.33238517669e-07, 4.90478896609e-07, 2.12510531128e-06, 6.37292600913e-07, 1.32152635501e-07, 2.04998150366e-06, 9.06537707124e-07, 7.684440817e-08, 5.90333968375e-08, 1.12613944836e-08, 4.98376839797e-10], "max": [1.14326576295e-05, 0.000131355103804, 0.000123854304547, 0.00373406102881, 0.0356163419783, 0.0449701733887, 0.0574536211789, 0.0367519818246, 0.0559906810522, 0.0506110489368, 0.0285742878914, 0.0492835789919, 0.0238015949726, 0.0145731875673, 0.0169798508286, 0.0134616903961, 0.00559462094679, 0.0107530988753, 0.0153898531571, 0.00893786735833, 0.00395374326035, 0.0199205186218, 0.0118220485747, 0.00283671240322, 0.00188343902119, 0.00152662245091, 0.000359431433026], "mean": [6.87115999654e-08, 8.65559627528e-07, 2.91215178549e-06, 0.00039535475662, 0.00330585497431, 0.00187281880062, 0.00248044799082, 0.00218104873784, 0.00265043764375, 0.00136937457137, 0.00122475647368, 0.000895890116226, 0.000628441397566, 0.000447437196271, 0.000294830475468, 0.000229680139455, 0.000157562448294, 0.000306505826302, 0.000333683157805, 0.000159612303833, 7.8724573541e-05, 6.22050065431e-05, 5.94381599512e-05, 4.0894261474e-05, 4.37562230218e-05, 1.69942741195e-05, 2.64889399659e-06], "median": [9.78564962395e-09, 8.2351277797e-08, 1.96471745539e-07, 7.17095317668e-05, 0.00121614837553, 0.000192602034076, 0.000174496861291, 8.80201041582e-05, 0.000109557375254, 5.54986436327e-05, 3.02547432511e-05, 1.63091535796e-05, 1.29669979287e-05, 1.28309466163e-05, 1.29761920107e-05, 1.74796696228e-05, 1.52685752255e-05, 2.34838535107e-05, 3.35830154654e-05, 2.85317346425e-05, 8.47825867822e-06, 8.90801743481e-07, 1.21065761505e-06, 2.86255840365e-06, 3.92216361433e-06, 1.72663317244e-06, 1.48034658309e-07], "min": [7.96118267777e-24, 2.99615524918e-23, 3.35378786492e-23, 3.76135537595e-23, 8.20724890449e-23, 4.01408179753e-23, 8.24246744183e-23, 1.95967863665e-23, 9.09494713916e-23, 4.55126104856e-23, 2.93227518634e-23, 1.01691466069e-22, 8.80668916024e-23, 1.85679719599e-22, 1.06279922856e-22, 9.09780218455e-23, 2.05949569979e-22, 1.49740415826e-22, 2.11229422328e-22, 4.34019809481e-22, 4.54372471323e-22, 5.60334893442e-22, 5.82126033678e-22, 1.00900838115e-21, 1.19620797697e-21, 1.56831505435e-21, 2.54486558317e-21], "var": [2.20323718579e-13, 3.1651643112e-11, 9.2498536608e-11, 4.4007026645e-07, 2.67974610324e-05, 2.19461217057e-05, 3.53017057932e-05, 2.31561134569e-05, 3.71040841856e-05, 1.16542587421e-05, 1.11919134724e-05, 1.00121797004e-05, 3.92412312067e-06, 1.52333097958e-06, 1.16620401514e-06, 6.20029538823e-07, 2.00564699071e-07, 6.62021818698e-07, 9.5924622201e-07, 2.54747646977e-07, 7.45475716712e-08, 3.89829523328e-07, 3.2771373526e-07, 4.62775098242e-08, 2.68811106707e-08, 5.1893098707e-09, 3.33293892485e-10]}, "erbbands": {"dmean": [2.64799418801e-05, 0.000380536395824, 0.00523580284789, 0.206804335117, 3.15620565414, 6.15493583679, 3.15282988548, 12.2734394073, 28.0884113312, 18.5076274872, 36.4825401306, 32.1971969604, 32.2552223206, 26.151008606, 25.4331893921, 22.0315055847, 14.9203672409, 15.237455368, 12.811706543, 11.1487674713, 8.31699085236, 6.53340530396, 9.41334247589, 16.4937343597, 8.86848831177, 6.43993139267, 4.93496179581, 1.69772040844, 3.28884243965, 2.69261360168, 1.75408363342, 1.05360519886, 0.511976778507, 0.461427927017, 0.281084954739, 0.0898838192225, 0.0249517485499, 0.00517335953191, 0.00038862155634, 1.70766179508e-05], "dmean2": [4.49316976301e-05, 0.00065289781196, 0.00796082988381, 0.263801038265, 3.9817302227, 8.89297008514, 4.83838415146, 16.8316802979, 40.6637840271, 28.2301025391, 49.0447807312, 43.1656188965, 42.0034713745, 34.3451728821, 34.9418563843, 29.7091388702, 19.5916996002, 19.1669063568, 17.9661979675, 16.093132019, 11.8536300659, 9.43730258942, 13.6547393799, 24.9339809418, 13.6154232025, 10.0113201141, 7.62196397781, 2.75828003883, 5.86192798615, 4.7175359726, 2.77743029594, 1.5966694355, 0.787827312946, 0.735493302345, 0.446857839823, 0.144271820784, 0.0384719148278, 0.00796691793948, 0.000606741989031, 2.61597288045e-05], "dvar": [1.9715189481e-08, 3.69840699932e-06, 0.000111317138362, 0.135483905673, 29.953086853, 235.111923218, 143.772506714, 1020.64587402, 5746.67773438, 2652.44799805, 7623.02929688, 7581.59130859, 9024.28320312, 6405.76220703, 6514.57128906, 7038.22119141, 1809.99743652, 1954.35217285, 2223.93505859, 1330.96081543, 640.480834961, 376.490356445, 519.758544922, 2283.41821289, 878.911010742, 618.951538086, 318.497131348, 66.436340332, 1481.32592773, 749.732910156, 198.475723267, 33.1435623169, 6.82961702347, 3.74315857887, 1.22590839863, 0.155670911074, 0.00997550878674, 0.000805051007774, 6.13460588283e-06, 3.85342868725e-09], "dvar2": [6.08378272204e-08, 1.0958794519e-05, 0.000284665788058, 0.214479506016, 51.7053985596, 484.848419189, 301.157012939, 2053.37084961, 12449.7460938, 5968.20263672, 14401.8789062, 15089.7685547, 17759.578125, 12122.5273438, 12325.671875, 12649.9277344, 3644.70336914, 3263.66552734, 4443.55029297, 2706.33789062, 1154.08679199, 820.399475098, 993.201782227, 5596.02246094, 2232.35009766, 1568.07214355, 765.360595703, 155.804016113, 4363.90380859, 2049.52050781, 451.333374023, 70.5967178345, 14.0810375214, 8.67570972443, 2.93655157089, 0.383155047894, 0.022390037775, 0.00187474989798, 1.40899592225e-05, 9.051564831e-09], "max": [0.00259034964256, 0.0344307087362, 0.132532209158, 4.75580310822, 61.370716095, 190.943527222, 167.497940063, 399.707519531, 1016.30267334, 643.606994629, 1156.15795898, 1333.57714844, 2003.9029541, 1611.63452148, 1422.0826416, 2465.0690918, 694.225158691, 903.045043945, 981.581359863, 691.657348633, 365.080566406, 331.596069336, 365.127380371, 787.944335938, 411.89263916, 459.917938232, 288.042114258, 141.882049561, 959.757751465, 464.093841553, 352.675506592, 91.6139526367, 42.5854568481, 24.5397624969, 14.5192642212, 7.74843788147, 1.88840556145, 0.708174049854, 0.0600796565413, 0.00157165690325], "mean": [3.90670902561e-05, 0.000546678260434, 0.0117764417082, 0.608307421207, 8.44694709778, 10.7119531631, 4.26027345657, 20.0882415771, 44.160194397, 25.7890796661, 58.2424850464, 51.3668403625, 58.9960746765, 44.4566268921, 45.681186676, 36.1806526184, 27.104593277, 24.5100345612, 18.0116844177, 14.3501596451, 11.8978261948, 9.03127670288, 13.5930023193, 22.3635501862, 10.9217185974, 7.78006124496, 5.72284507751, 1.9204416275, 2.48886823654, 1.87678802013, 1.60386109352, 1.12540137768, 0.55190885067, 0.492539435625, 0.304082691669, 0.0957604274154, 0.027825564146, 0.00587227987126, 0.000455349247204, 3.51419730578e-05], "median": [2.09727895708e-05, 0.000302026805002, 0.00649496307597, 0.258889973164, 4.11875867844, 1.86660909653, 0.701056003571, 3.23557448387, 6.16784620285, 5.65749597549, 4.51887655258, 3.14195728302, 2.45785784721, 1.94193184376, 1.2410722971, 0.731411159039, 0.612420022488, 0.779231846333, 0.719541847706, 1.03018820286, 1.15397763252, 0.991428554058, 1.17443823814, 2.13741755486, 1.56476545334, 1.33296823502, 0.758626043797, 0.176829025149, 0.04729956761, 0.014697519131, 0.0446227677166, 0.0639434978366, 0.0350927785039, 0.0362974479795, 0.0250962376595, 0.0086123496294, 0.00274180877022, 0.0005375991459, 3.80773490178e-05, 2.59759417531e-05], "min": [6.92878621161e-22, 7.50799530272e-21, 3.24034369412e-20, 1.24563280213e-19, 2.20654719398e-19, 2.57335500824e-19, 1.33925749825e-19, 3.51554784714e-19, 1.10262844781e-18, 7.19498447206e-19, 6.58527015954e-19, 1.68741391482e-18, 1.92181518692e-18, 1.78635195391e-18, 1.34754039377e-18, 4.25192093394e-18, 4.69173741513e-18, 8.38240679087e-18, 7.92027090881e-18, 5.74522306275e-18, 5.18371135625e-18, 1.175573701e-17, 9.01706277022e-18, 9.98654822663e-18, 1.59497660544e-17, 1.83028715584e-17, 2.16591965985e-17, 1.40227776799e-17, 2.22848561615e-17, 2.08000917774e-17, 1.51553434485e-17, 1.70746952915e-17, 1.87025205626e-17, 1.26311356348e-17, 8.05626932768e-18, 6.63199997048e-18, 3.12128973406e-18, 1.19917428057e-18, 2.89772819859e-19, 4.09892130392e-20], "var": [1.16703988695e-08, 2.28776161748e-06, 0.000225443480304, 0.706878066063, 121.610671997, 560.86907959, 230.043518066, 2115.57861328, 10627.2910156, 3857.66064453, 17521.6757812, 15803.7382812, 22631.3339844, 13414.6113281, 15493.2041016, 15944.1230469, 5658.9921875, 4620.390625, 3353.22998047, 2106.43920898, 1204.50744629, 619.06463623, 1108.55541992, 3543.26147461, 1008.52276611, 613.98236084, 372.371948242, 68.9953384399, 795.367248535, 478.134307861, 182.838104248, 41.8889122009, 8.01322078705, 3.82009458542, 1.25643181801, 0.157841548324, 0.0127290962264, 0.00111251068301, 9.61995465332e-06, 5.99952576508e-09]}, "gfcc": {"mean": [-134.717575073, 71.3031311035, -138.395217896, -16.5287494659, -75.8806610107, -27.1900215149, -50.0445289612, 4.58938932419, -46.2719345093, -7.53592348099, -20.7135639191, -15.8580055237, -14.1979141235], "cov": [[18085.96875, 298.299438477, -812.416687012, -971.565612793, -926.750854492, -1767.70935059, -1170.36315918, 67.6842575073, -1169.6126709, -351.43536377, -263.066467285, -637.956176758, 85.3435211182], [298.299438477, 4377.23779297, 156.332885742, -1486.78894043, 115.19745636, -565.729003906, -4.08122730255, -431.276885986, -239.826141357, -353.535125732, 162.198623657, -555.907775879, -16.6415061951], [-812.416687012, 156.332885742, 2046.76672363, 783.706604004, -315.506652832, -344.227661133, -385.016998291, -4.26135158539, -54.8981323242, 32.0684204102, 91.6466598511, 29.1425247192, -98.1908874512], [-971.565612793, -1486.78894043, 783.706604004, 1882.22314453, -146.617004395, -357.693084717, -237.463226318, 290.363861084, 39.9908714294, 100.693252563, 10.2675008774, 268.861236572, 19.5016441345], [-926.750854492, 115.19745636, -315.506652832, -146.617004395, 610.033081055, 216.976196289, 43.9577064514, -87.8867111206, 113.36819458, 7.0680308342, -95.4484024048, 52.6341934204, -30.4704418182], [-1767.70935059, -565.729003906, -344.227661133, -357.693084717, 216.976196289, 1014.18096924, 280.541290283, -189.027145386, 268.967376709, 118.73336792, -68.4239807129, 72.669921875, -56.5642814636], [-1170.36315918, -4.08122730255, -385.016998291, -237.463226318, 43.9577064514, 280.541290283, 437.192321777, -19.0770149231, 38.025806427, -4.58013725281, 26.5115585327, 14.0112380981, -27.5303630829], [67.6842575073, -431.276885986, -4.26135158539, 290.363861084, -87.8867111206, -189.027145386, -19.0770149231, 342.887939453, 17.1542739868, 9.04577350616, -19.4504909515, 42.9717292786, 40.8603057861], [-1169.6126709, -239.826141357, -54.8981323242, 39.9908714294, 113.36819458, 268.967376709, 38.025806427, 17.1542739868, 314.900970459, 44.3736457825, -79.1161422729, 62.4401016235, 4.50381994247], [-351.43536377, -353.535125732, 32.0684204102, 100.693252563, 7.0680308342, 118.73336792, -4.58013725281, 9.04577350616, 44.3736457825, 199.429504395, -3.5036251545, 24.4096355438, -0.214148178697], [-263.066467285, 162.198623657, 91.6466598511, 10.2675008774, -95.4484024048, -68.4239807129, 26.5115585327, -19.4504909515, -79.1161422729, -3.5036251545, 192.77520752, -1.49769175053, -25.707069397], [-637.956176758, -555.907775879, 29.1425247192, 268.861236572, 52.6341934204, 72.669921875, 14.0112380981, 42.9717292786, 62.4401016235, 24.4096355438, -1.49769175053, 220.713150024, -0.758483588696], [85.3435211182, -16.6415061951, -98.1908874512, 19.5016441345, -30.4704418182, -56.5642814636, -27.5303630829, 40.8603057861, 4.50381994247, -0.214148178697, -25.707069397, -0.758483588696, 110.623970032]], "icov": [[0.000197502915398, 0.000151947271661, 0.000189029902685, 0.000184088377864, 0.000275139173027, 0.000244985334575, 0.00056296272669, 0.000143699755426, 0.000489358848426, 0.000203122195671, 0.000460584589746, 0.000337919656886, 0.000383715319913], [0.000151947271661, 0.000916581659112, -0.000162972064572, 0.00065702869324, -0.000262036715867, 0.000930472044274, 6.79162112647e-05, 0.000813644903246, -8.35180399008e-05, 0.000838098116219, -0.000278119579889, 0.00149081379641, -0.000169240840478], [0.000189029902685, -0.000162972064572, 0.0011265585199, -0.000313336466206, 0.000825980503578, 2.81819848169e-05, 0.00125435879454, 0.000175054563442, 0.000468650541734, -8.93741016625e-05, 0.000527505413629, -6.51626542094e-05, 0.00147714256309], [0.000184088377864, 0.00065702869324, -0.000313336466206, 0.00148193491623, -1.52845259436e-05, 0.000982313533314, 0.000395164970541, 8.45665708766e-05, 4.30751751992e-05, 0.000200724112801, 8.5429950559e-05, 2.79687865259e-05, 1.30483044813e-06], [0.000275139173027, -0.000262036715867, 0.000825980503578, -1.52845259436e-05, 0.00290933996439, -0.000110643479275, 0.00123124313541, 0.000371718546376, 0.000485723925522, -9.66658699326e-05, 0.00190635048784, -0.000870611402206, 0.00181512441486], [0.000244985334575, 0.000930472044274, 2.81819848169e-05, 0.000982313533314, -0.000110643479275, 0.00321887107566, -0.000649348599836, 0.00189963541925, -0.00127911753953, -0.000248201191425, 0.000426725513535, 0.000883957371116, 0.000711784348823], [0.00056296272669, 6.79162112647e-05, 0.00125435879454, 0.000395164970541, 0.00123124313541, -0.000649348599836, 0.00532586313784, -0.000454025983345, 0.0018025910249, 0.000782400195021, 0.000746932055335, 0.000237977597862, 0.00222318340093], [0.000143699755426, 0.000813644903246, 0.000175054563442, 8.45665708766e-05, 0.000371718546376, 0.00189963541925, -0.000454025983345, 0.00497528584674, -0.000917552446481, 0.000344155094353, 0.000405028753448, 0.000906850793399, -0.000586591777392], [0.000489358848426, -8.35180399008e-05, 0.000468650541734, 4.30751751992e-05, 0.000485723925522, -0.00127911753953, 0.0018025910249, -0.000917552446481, 0.00648551108316, 9.44368803175e-05, 0.00270595704205, -0.000365337094991, 0.000648004119284], [0.000203122195671, 0.000838098116219, -8.93741016625e-05, 0.000200724112801, -9.66658699326e-05, -0.000248201191425, 0.000782400195021, 0.000344155094353, 9.44368803175e-05, 0.00668890960515, -0.000474408006994, 0.00168261351064, -0.00032088640728], [0.000460584589746, -0.000278119579889, 0.000527505413629, 8.5429950559e-05, 0.00190635048784, 0.000426725513535, 0.000746932055335, 0.000405028753448, 0.00270595704205, -0.000474408006994, 0.00827513169497, -0.000912136107218, 0.002641211031], [0.000337919656886, 0.00149081379641, -6.51626542094e-05, 2.79687865259e-05, -0.000870611402206, 0.000883957371116, 0.000237977597862, 0.000906850793399, -0.000365337094991, 0.00168261351064, -0.000912136107218, 0.00887189991772, -0.000295751349768], [0.000383715319913, -0.000169240840478, 0.00147714256309, 1.30483044813e-06, 0.00181512441486, 0.000711784348823, 0.00222318340093, -0.000586591777392, 0.000648004119284, -0.00032088640728, 0.002641211031, -0.000295751349768, 0.0122476285324]]}, "melbands": {"dmean": [2.63999027084e-07, 1.25267627027e-06, 0.000102073245216, 0.000375645147869, 0.000140605712659, 0.000292110256851, 0.000400752091082, 0.000210639758734, 0.00031331324135, 0.000204741081689, 0.000162144031492, 0.000106424442492, 9.14999181987e-05, 6.37543416815e-05, 5.81164349569e-05, 3.0393126508e-05, 2.81806205749e-05, 2.23457227548e-05, 1.76998128154e-05, 1.3614549971e-05, 1.00850666058e-05, 6.82236986904e-06, 7.19306763131e-06, 1.08865888251e-05, 1.44163068398e-05, 8.62011620484e-06, 3.82475354854e-06, 4.66159008283e-06, 3.79346079171e-06, 1.40003794513e-06, 9.18631315017e-07, 1.87715761513e-06, 1.62898959388e-06, 1.5068671928e-06, 1.06580193915e-06, 7.79156550834e-07, 6.09715584687e-07, 3.70948782802e-07, 3.29164549839e-07, 4.32401066064e-07], "dmean2": [4.84018812585e-07, 2.25550320465e-06, 0.000124938043882, 0.000517454696819, 0.000218259738176, 0.000406611477956, 0.000573752739001, 0.000317680649459, 0.000421874923632, 0.000276275561191, 0.000213088438613, 0.000142819364555, 0.000127737701405, 8.46438779263e-05, 8.20436907816e-05, 4.14429559896e-05, 3.60266967618e-05, 3.20360122714e-05, 2.58081017819e-05, 2.03346153285e-05, 1.42382550621e-05, 9.94442325464e-06, 1.07237947304e-05, 1.57750891958e-05, 2.20554447878e-05, 1.32885870698e-05, 5.93903405388e-06, 7.28507620806e-06, 5.896656603e-06, 2.13064049603e-06, 1.50266725996e-06, 3.30930970449e-06, 2.94502819997e-06, 2.602090035e-06, 1.66683810221e-06, 1.22917197132e-06, 9.50784453835e-07, 5.82104405566e-07, 5.21287574884e-07, 6.8470893666e-07], "dvar": [2.81832022997e-12, 1.65286204862e-11, 3.03332967633e-08, 5.53351412691e-07, 2.41202457119e-07, 5.97757605192e-07, 1.10643020435e-06, 3.27611274997e-07, 6.15736951204e-07, 3.09384887487e-07, 2.2842458236e-07, 1.07080204259e-07, 7.82766420571e-08, 5.34598711965e-08, 4.304933654e-08, 1.15511706866e-08, 6.66531363436e-09, 6.78098199813e-09, 4.97182206516e-09, 2.62738741874e-09, 1.03705122267e-09, 3.95807914222e-10, 4.69575878181e-10, 7.07078062767e-10, 1.93289140249e-09, 8.51078318931e-10, 1.7420681564e-10, 3.59884344547e-10, 1.92822632861e-10, 2.489284473e-11, 2.54256615762e-11, 4.51786497102e-10, 3.01104335909e-10, 2.93857937983e-10, 9.85312387236e-11, 1.94133702169e-11, 1.14123138023e-11, 4.26339909557e-12, 2.09155804655e-12, 3.2395119573e-12], "dvar2": [8.54696174946e-12, 4.70229202798e-11, 4.65512393077e-08, 1.04763216768e-06, 5.26922633526e-07, 1.22674623526e-06, 2.39576002059e-06, 7.13790143436e-07, 1.14501972348e-06, 6.10797769696e-07, 4.56271067151e-07, 2.07108399763e-07, 1.56356747993e-07, 8.75987353766e-08, 8.97200038708e-08, 2.52682959001e-08, 1.10687174981e-08, 1.51407828497e-08, 1.1441685821e-08, 5.25313081923e-09, 1.84028248196e-09, 8.28981217005e-10, 1.07365338842e-09, 1.25961863162e-09, 4.84697704195e-09, 2.14097717333e-09, 4.5644940605e-10, 9.11660968939e-10, 4.74492001246e-10, 5.68488034425e-11, 5.76286032783e-11, 1.32384891938e-09, 8.87291073948e-10, 7.79037667709e-10, 2.26663174341e-10, 4.13930452414e-11, 2.53688164226e-11, 9.19766606627e-12, 4.52446023355e-12, 7.84345591948e-12], "max": [3.04280038108e-05, 6.11908035353e-05, 0.00205741147511, 0.00987878069282, 0.00633198255673, 0.00984045583755, 0.0137148918584, 0.00729694636539, 0.0107186306268, 0.00840694922954, 0.0098969861865, 0.00651295250282, 0.00457136426121, 0.00601243646815, 0.00334242731333, 0.00254861265421, 0.00173794431612, 0.00164349400438, 0.00144349597394, 0.00122795125935, 0.000503334216774, 0.00030736986082, 0.000353043695213, 0.000570244330447, 0.000761262665037, 0.000391384848626, 0.000198439694941, 0.00036628820817, 0.000226991149248, 8.26572286314e-05, 8.15672028693e-05, 0.00053212052444, 0.000391138950363, 0.000339401361998, 0.000268253817922, 8.51757940836e-05, 5.59832806175e-05, 3.63913059118e-05, 1.91772232938e-05, 2.45376741077e-05], "mean": [1.97158584569e-07, 9.31137378757e-07, 0.000298633851344, 0.000806745956652, 0.000193676009076, 0.000474117987324, 0.00062545115361, 0.000292084208922, 0.000501538510434, 0.000332044524839, 0.000288757728413, 0.000170273720869, 0.000163661345141, 0.000102556041384, 9.68605745584e-05, 4.54857727163e-05, 4.47005222668e-05, 2.95836744044e-05, 2.12234208448e-05, 1.63396871358e-05, 1.38017067002e-05, 9.15589953365e-06, 8.92268872121e-06, 1.57579816005e-05, 1.911333311e-05, 1.04554992504e-05, 4.53440452475e-06, 5.46684077563e-06, 4.33011609857e-06, 1.58409511641e-06, 9.77118929768e-07, 1.45675596741e-06, 1.11610552267e-06, 1.02791466361e-06, 9.35094760735e-07, 8.15381270058e-07, 6.36236961782e-07, 3.84154418498e-07, 3.43706375361e-07, 4.44019633505e-07], "median": [2.24301306417e-08, 7.70986900989e-08, 0.000119568299851, 0.000295885198284, 1.18813823065e-05, 6.43175881123e-05, 9.20352322282e-05, 3.29509784933e-05, 2.49608165177e-05, 1.54010413098e-05, 1.05823237391e-05, 6.48601007924e-06, 4.30560066889e-06, 2.08819255931e-06, 1.41303792134e-06, 1.32954278342e-06, 1.29846739583e-06, 9.32073987769e-07, 1.05252843241e-06, 1.10990492885e-06, 1.26474549234e-06, 8.85623819613e-07, 6.57234920709e-07, 1.0493629361e-06, 1.66554400494e-06, 1.08832784917e-06, 8.77073830452e-07, 8.30195062917e-07, 5.22884761267e-07, 1.73739351794e-07, 5.18791765103e-08, 2.41622633013e-08, 6.26378326984e-09, 4.08567446541e-09, 2.08483310615e-08, 3.61405909644e-08, 3.6449570473e-08, 2.15989999219e-08, 1.85551449761e-08, 2.9573946847e-08], "min": [8.17065285824e-24, 1.50140709093e-23, 1.96611495277e-23, 2.26429664411e-23, 4.13595039442e-24, 9.32370323327e-24, 1.70059020965e-23, 6.36344746616e-24, 5.71424373459e-24, 1.24817485174e-23, 9.42288513716e-24, 7.06353390941e-24, 4.18859147706e-24, 7.84860828229e-24, 1.36360587033e-23, 8.98330265292e-24, 1.66153307514e-23, 1.40162107735e-23, 6.63975861999e-24, 7.17297731596e-24, 5.7161401562e-24, 1.32370244585e-23, 8.57052092907e-24, 7.48040982136e-24, 8.09378309619e-24, 8.56106327567e-24, 1.53046714895e-23, 1.09506042103e-23, 1.55592605695e-23, 9.59477319524e-24, 6.63031516609e-24, 1.13395284138e-23, 1.18352493955e-23, 1.21871026584e-23, 8.67167814066e-24, 9.10591057025e-24, 9.99185422049e-24, 1.24859586681e-23, 1.3647131155e-23, 9.9766276273e-24], "var": [1.63398981845e-12, 1.06980735035e-11, 1.62831099715e-07, 1.62649905633e-06, 4.17363054339e-07, 1.19632295537e-06, 2.02608953259e-06, 5.12422047905e-07, 1.4692110426e-06, 6.70398037528e-07, 5.54533983177e-07, 2.10799342426e-07, 1.94704497858e-07, 1.4006862159e-07, 1.17323658344e-07, 1.81365713559e-08, 1.59313806591e-08, 9.22708576212e-09, 5.92043303271e-09, 3.59076479661e-09, 1.83355919336e-09, 6.85692946867e-10, 6.06259487057e-10, 1.82345649691e-09, 2.767983176e-09, 1.05489006419e-09, 1.65483113324e-10, 3.5192354586e-10, 2.14619100269e-10, 3.18183465686e-11, 2.73876945428e-11, 2.47212167404e-10, 1.61297475376e-10, 1.9890700198e-10, 8.64958035751e-11, 2.58198133013e-11, 1.31307794499e-11, 4.61846056191e-12, 2.3295848757e-12, 3.10398668574e-12]}, "mfcc": {"mean": [-783.007446289, 113.85509491, -32.5208435059, -7.82075643539, -25.7593841553, -43.3326568604, -7.250893116, -24.5001964569, -19.5336780548, -8.97553062439, -21.5120716095, -11.3784761429, -16.9321422577], "cov": [[12282.0800781, 1225.32958984, -2191.41943359, -13.2927722931, -735.526245117, -1840.70947266, -133.072113037, -971.805541992, -492.341583252, -290.927581787, -953.750305176, 42.7190551758, -705.825500488], [1225.32958984, 4387.97558594, -740.076171875, -1319.31665039, -500.129974365, -505.445037842, -119.097465515, -492.907287598, -552.20098877, 43.8402175903, -614.518066406, -33.7451629639, -342.528686523], [-2191.41943359, -740.076171875, 2344.53320312, 842.972290039, 198.582275391, 30.672662735, -193.393783569, -42.7525253296, -95.8183135986, -226.270355225, 300.119598389, -42.2803115845, 112.845802307], [-13.2927722931, -1319.31665039, 842.972290039, 1840.99047852, 340.176452637, -526.250549316, -72.1251220703, -78.5611495972, 68.469291687, -433.35144043, 208.435058594, -23.3939933777, -51.1687889099], [-735.526245117, -500.129974365, 198.582275391, 340.176452637, 651.104919434, 250.083984375, -146.414840698, 99.269317627, 147.313659668, -27.2295818329, 108.403411865, 3.70262861252, 59.5815391541], [-1840.70947266, -505.445037842, 30.672662735, -526.250549316, 250.083984375, 1128.46081543, 52.5030937195, 304.419494629, 184.324661255, 266.833496094, 204.152603149, -24.3171463013, 225.796524048], [-133.072113037, -119.097465515, -193.393783569, -72.1251220703, -146.414840698, 52.5030937195, 326.805053711, 53.2920799255, -43.5624504089, 37.0829353333, 35.5756416321, 27.8898334503, 13.0764131546], [-971.805541992, -492.907287598, -42.7525253296, -78.5611495972, 99.269317627, 304.419494629, 53.2920799255, 419.162902832, 186.464324951, 73.4762039185, 135.213989258, 19.8113822937, 142.843765259], [-492.341583252, -552.20098877, -95.8183135986, 68.469291687, 147.313659668, 184.324661255, -43.5624504089, 186.464324951, 395.585601807, 105.596633911, 118.415412903, -6.00018024445, 79.2148895264], [-290.927581787, 43.8402175903, -226.270355225, -433.35144043, -27.2295818329, 266.833496094, 37.0829353333, 73.4762039185, 105.596633911, 319.563049316, 21.4218540192, 3.23237895966, 52.3168449402], [-953.750305176, -614.518066406, 300.119598389, 208.435058594, 108.403411865, 204.152603149, 35.5756416321, 135.213989258, 118.415412903, 21.4218540192, 289.323455811, 7.70897769928, 90.4107971191], [42.7190551758, -33.7451629639, -42.2803115845, -23.3939933777, 3.70262861252, -24.3171463013, 27.8898334503, 19.8113822937, -6.00018024445, 3.23237895966, 7.70897769928, 162.961624146, 3.20519566536], [-705.825500488, -342.528686523, 112.845802307, -51.1687889099, 59.5815391541, 225.796524048, 13.0764131546, 142.843765259, 79.2148895264, 52.3168449402, 90.4107971191, 3.20519566536, 212.109344482]], "icov": [[0.00018727654242, 0.000106891762698, 0.000170804356458, 2.01052007469e-05, 9.05762353796e-05, 0.000158126975293, 0.000174453103682, 0.000218228829908, 9.83308200375e-05, 2.62089324679e-05, 0.000281205459032, -2.86567483272e-05, 0.000195675616851], [0.000106891762698, 0.000564518617466, 8.86580019142e-05, 0.000439223396825, 1.05639946923e-05, 0.000278392311884, 0.000271658005659, 0.00025904935319, 0.000374045484932, 0.00012349683675, 0.000479205307784, 0.00011786599498, 0.000459391390905], [0.000170804356458, 8.86580019142e-05, 0.000863577064592, -0.00028444713098, 0.000226043965085, -1.09365773824e-05, 0.000719390867744, 0.000325429457007, 0.000584728899412, 0.000106095139927, -0.000446793797892, 3.15828365274e-05, -0.000186447010492], [2.01052007469e-05, 0.000439223396825, -0.00028444713098, 0.00187260762323, -0.000828950083815, 0.000968942826148, -0.000382812693715, 0.000401210854761, -0.000400472956244, 0.00147614104208, -0.000646926579066, 0.000439799565356, 0.000388632266549], [9.05762353796e-05, 1.05639946923e-05, 0.000226043965085, -0.000828950083815, 0.00266684987582, -0.000939251040109, 0.00133728829678, -7.04339690856e-05, -0.000166693193023, 4.16413422499e-06, 0.000241316258325, -0.00052414421225, 0.000180250572157], [0.000158126975293, 0.000278392311884, -1.09365773824e-05, 0.000968942826148, -0.000939251040109, 0.00230180216022, -0.000280304142507, -0.000188592865015, 0.000168792787008, -0.000448957463959, -0.000611739757005, 0.000642617407721, -0.000528150878381], [0.000174453103682, 0.000271658005659, 0.000719390867744, -0.000382812693715, 0.00133728829678, -0.000280304142507, 0.00462439050898, -0.000396580115194, 0.0014026312856, -0.000452340114862, -0.000627621542662, -0.000589070899878, 0.000313026917865], [0.000218228829908, 0.00025904935319, 0.000325429457007, 0.000401210854761, -7.04339690856e-05, -0.000188592865015, -0.000396580115194, 0.00451002223417, -0.00124595128, 0.000748002144974, -0.00039512780495, -0.000385553692468, -0.00126900931355], [9.83308200375e-05, 0.000374045484932, 0.000584728899412, -0.000400472956244, -0.000166693193023, 0.000168792787008, 0.0014026312856, -0.00124595128, 0.00475172605366, -0.00166054966394, -0.00069908372825, 0.00032585230656, 7.13374465704e-05], [2.62089324679e-05, 0.00012349683675, 0.000106095139927, 0.00147614104208, 4.16413422499e-06, -0.000448957463959, -0.000452340114862, 0.000748002144974, -0.00166054966394, 0.00606297049671, -0.000557551684324, 2.35011993936e-05, -5.07723598275e-05], [0.000281205459032, 0.000479205307784, -0.000446793797892, -0.000646926579066, 0.000241316258325, -0.000611739757005, -0.000627621542662, -0.00039512780495, -0.00069908372825, -0.000557551684324, 0.00727950176224, -0.000483289215481, -1.7491658582e-05], [-2.86567483272e-05, 0.00011786599498, 3.15828365274e-05, 0.000439799565356, -0.00052414421225, 0.000642617407721, -0.000589070899878, -0.000385553692468, 0.00032585230656, 2.35011993936e-05, -0.000483289215481, 0.00653105555102, -7.67969831941e-05], [0.000195675616851, 0.000459391390905, -0.000186447010492, 0.000388632266549, 0.000180250572157, -0.000528150878381, 0.000313026917865, -0.00126900931355, 7.13374465704e-05, -5.07723598275e-05, -1.7491658582e-05, -7.67969831941e-05, 0.00764189753681]]}, "spectral_contrast_coeffs": {"dmean": [0.0675457492471, 0.0720227733254, 0.0542584806681, 0.0449527800083, 0.0336941927671, 0.031558368355], "dmean2": [0.0976034924388, 0.102866984904, 0.0768978372216, 0.0643573924899, 0.0501691065729, 0.0471449755132], "dvar": [0.00477514509112, 0.00507038412616, 0.00252620293759, 0.00166057271417, 0.00091411836911, 0.000902734347619], "dvar2": [0.00781655590981, 0.00900071766227, 0.00447390135378, 0.00321254925802, 0.00189533096272, 0.00195191823877], "max": [-0.19326916337, -0.27987831831, -0.379056990147, -0.450750261545, -0.567102074623, -0.5669465065], "mean": [-0.465178132057, -0.630331933498, -0.722262024879, -0.761607468128, -0.775710821152, -0.781786739826], "median": [-0.398718237877, -0.604522883892, -0.750470876694, -0.785604834557, -0.782267987728, -0.78433072567], "min": [-0.969854950905, -0.968950808048, -0.963788509369, -0.956750631332, -0.964750051498, -0.962092161179], "var": [0.0311462581158, 0.0307607185096, 0.0175588931888, 0.00999494455755, 0.00490383757278, 0.00299102789722]}, "spectral_contrast_valleys": {"dmean": [0.69918859005, 0.725663602352, 0.574688673019, 0.58134919405, 0.613341331482, 0.633849024773], "dmean2": [1.14030718803, 1.11921799183, 0.865332365036, 0.829249203205, 0.843528389931, 0.858532488346], "dvar": [0.470447421074, 0.643642783165, 0.498638570309, 0.536872923374, 0.64274585247, 0.720584273338], "dvar2": [0.910163760185, 1.