{"lowlevel": {"average_loudness": 0.765070736408, "barkbands_crest": {"dmean": 2.11084890366, "dmean2": 3.29940748215, "dvar": 5.64955329895, "dvar2": 13.4820079803, "max": 26.6099205017, "mean": 14.8598251343, "median": 14.395647049, "min": 4.02401018143, "var": 24.192358017}, "barkbands_flatness_db": {"dmean": 0.0283444970846, "dmean2": 0.0404927060008, "dvar": 0.00117118109483, "dvar2": 0.00244590360671, "max": 0.606472671032, "mean": 0.275918900967, "median": 0.267233729362, "min": 0.0673582628369, "var": 0.00680618640035}, "barkbands_kurtosis": {"dmean": 10.7681512833, "dmean2": 16.4842357635, "dvar": 522.296875, "dvar2": 1344.4909668, "max": 600.452331543, "mean": 26.937921524, "median": 15.9001626968, "min": -1.97026968002, "var": 1300.7869873}, "barkbands_skewness": {"dmean": 0.83632183075, "dmean2": 1.24299907684, "dvar": 1.07064890862, "dvar2": 2.45954251289, "max": 18.8028964996, "mean": 3.15579319, "median": 3.01789522171, "min": -11.4040756226, "var": 8.19772434235}, "barkbands_spread": {"dmean": 3.40448570251, "dmean2": 5.33077716827, "dvar": 54.7453727722, "dvar2": 128.952972412, "max": 118.05342865, "mean": 8.62835693359, "median": 5.18292808533, "min": 0.0810748785734, "var": 135.094665527}, "dissonance": {"dmean": 0.0326033122838, "dmean2": 0.0532264746726, "dvar": 0.0010639653774, "dvar2": 0.0026637474075, "max": 0.5, "mean": 0.390176445246, "median": 0.397456884384, "min": 0.126774087548, "var": 0.00424733385444}, "dynamic_complexity": 6.37819862366, "erbbands_crest": {"dmean": 2.34089946747, "dmean2": 3.6012160778, "dvar": 6.56885290146, "dvar2": 15.1325597763, "max": 32.3697395325, "mean": 13.1258296967, "median": 12.1846599579, "min": 2.74771499634, "var": 30.201997757}, "erbbands_flatness_db": {"dmean": 0.0235104020685, "dmean2": 0.0317117683589, "dvar": 0.00080550275743, "dvar2": 0.00154357403517, "max": 0.5505169034, "mean": 0.22661690414, "median": 0.215177685022, "min": 0.0449938178062, "var": 0.00753051787615}, "erbbands_kurtosis": {"dmean": 3.69761037827, "dmean2": 5.67469072342, "dvar": 36.890171051, "dvar2": 82.544090271, "max": 145.145828247, "mean": 8.50315952301, "median": 5.91930341721, "min": -1.92021381855, "var": 106.203971863}, "erbbands_skewness": {"dmean": 0.518457233906, "dmean2": 0.781956195831, "dvar": 0.380203157663, "dvar2": 0.834790587425, "max": 9.48340892792, "mean": 1.99572718143, "median": 1.90568900108, "min": -3.26109480858, "var": 1.67188644409}, "erbbands_spread": {"dmean": 9.08292007446, "dmean2": 13.7622556686, "dvar": 233.009078979, "dvar2": 524.745178223, "max": 221.758712769, "mean": 29.1975688934, "median": 18.9438686371, "min": 0.723200321198, "var": 738.006408691}, "hfc": {"dmean": 3.04717683792, "dmean2": 4.74502897263, "dvar": 31.6394863129, "dvar2": 76.8625717163, "max": 112.288108826, "mean": 8.96730422974, "median": 5.30059480667, "min": 1.20847567013e-16, "var": 117.074104309}, "melbands_crest": {"dmean": 2.31572985649, "dmean2": 3.62475204468, "dvar": 6.19243049622, "dvar2": 14.7453765869, "max": 33.5271720886, "mean": 16.7891426086, "median": 16.5943908691, "min": 1.81609892845, "var": 26.9126853943}, "melbands_flatness_db": {"dmean": 0.0314181782305, "dmean2": 0.0440646596253, "dvar": 0.00163502257783, "dvar2": 0.00337947509252, "max": 0.722386598587, "mean": 0.334816992283, "median": 0.331287622452, "min": 0.00491150701419, "var": 0.0123952422291}, "melbands_kurtosis": {"dmean": 17.0472621918, "dmean2": 25.9256286621, "dvar": 987.686523438, "dvar2": 2236.59057617, "max": 678.886413574, "mean": 41.5021591187, "median": 23.1297874451, "min": -1.85311949253, "var": 3397.83154297}, "melbands_skewness": {"dmean": 0.954804480076, "dmean2": 1.43410396576, "dvar": 1.57172322273, "dvar2": 3.59147000313, "max": 23.3140792847, "mean": 3.72794342041, "median": 3.20455336571, "min": -4.81475114822, "var": 6.98742294312}, "melbands_spread": {"dmean": 3.07985234261, "dmean2": 4.92554759979, "dvar": 104.125183105, "dvar2": 265.577484131, "max": 244.753723145, "mean": 10.9377374649, "median": 5.081990242, "min": 0.253984719515, "var": 676.490966797}, "pitch_salience": {"dmean": 0.0642623826861, "dmean2": 0.100486151874, "dvar": 0.00585678685457, "dvar2": 0.0141517911106, "max": 0.936551630497, "mean": 0.479211986065, "median": 0.478690326214, "min": 0.0641845390201, "var": 0.0210176985711}, "silence_rate_20dB": {"dmean": 0, "dmean2": 0, "dvar": 0, "dvar2": 0, "max": 1, "mean": 1, "median": 1, "min": 1, "var": 0}, "silence_rate_30dB": {"dmean": 0.00894854590297, "dmean2": 0.0178991984576, "dvar": 0.00886823236942, "dvar2": 0.0218181591481, "max": 1, "mean": 0.98846244812, "median": 1, "min": 0, "var": 0.0114039536566}, "silence_rate_60dB": {"dmean": 0.0374425984919, "dmean2": 0.0748940184712, "dvar": 0.036042239517, "dvar2": 0.0754138082266, "max": 1, "mean": 0.190487399697, "median": 0, "min": 0, "var": 0.154204279184}, "spectral_centroid": {"dmean": 104.839538574, "dmean2": 160.582489014, "dvar": 61625.6328125, "dvar2": 130418.523438, "max": 11253.8261719, "mean": 624.063781738, "median": 470.479949951, "min": 93.9046554565, "var": 378940.15625}, "spectral_complexity": {"dmean": 1.34510779381, "dmean2": 2.2275083065, "dvar": 4.92018461227, "dvar2": 12.7661762238, "max": 33, "mean": 6.60466194153, "median": 6, "min": 0, "var": 14.0398874283}, "spectral_decrease": {"dmean": 2.06738626218e-09, "dmean2": 3.27183413695e-09, "dvar": 1.98811106604e-17, "dvar2": 5.39404576708e-17, "max": 1.68582098168e-15, "mean": -6.7252488023e-09, "median": -4.97469665461e-09, "min": -7.9581830903e-08, "var": 4.61324583321e-17}, "spectral_energy": {"dmean": 0.00803285371512, "dmean2": 0.0127062061802, "dvar": 0.000296761398204, "dvar2": 0.000803689123131, "max": 0.303386092186, "mean": 0.0261959545314, "median": 0.0193857327104, "min": 1.06725193311e-20, "var": 0.000697476090863}, "spectral_energyband_high": {"dmean": 0.000104675404145, "dmean2": 0.000168334692717, "dvar": 5.73124303571e-08, "dvar2": 1.44203184504e-07, "max": 0.004586300347, "mean": 0.000155098212417, "median": 5.66526287002e-05, "min": 7.79007923968e-21, "var": 7.76037225592e-08}, "spectral_energyband_low": {"dmean": 0.00346349342726, "dmean2": 0.00550857698545, "dvar": 8.13472142909e-05, "dvar2": 0.000204321288038, "max": 0.282690435648, "mean": 0.0112154744565, "median": 0.000549529562704, "min": 8.61435919175e-23, "var": 0.00025485936203}, "spectral_energyband_middle_high": {"dmean": 0.000388081331039, "dmean2": 0.000525190320332, "dvar": 1.359656153e-06, "dvar2": 2.20305878429e-06, "max": 0.0507790073752, "mean": 0.000963631086051, "median": 0.000228288874496, "min": 1.42695481521e-21, "var": 7.359801657e-06}, "spectral_energyband_middle_low": {"dmean": 0.00583072844893, "dmean2": 0.00940813403577, "dvar": 0.000198645022465, "dvar2": 0.000536820560228, "max": 0.203430607915, "mean": 0.0146539211273, "median": 0.007643584162, "min": 3.05831300778e-22, "var": 0.000386609433917}, "spectral_entropy": {"dmean": 0.282880157232, "dmean2": 0.408690720797, "dvar": 0.141102209687, "dvar2": 0.299118727446, "max": 9.79098033905, "mean": 6.61424636841, "median": 6.59127473831, "min": 3.52738881111, "var": 0.767507493496}, "spectral_flux": {"dmean": 0.0245497133583, "dmean2": 0.0386413782835, "dvar": 0.00167596829124, "dvar2": 0.00319955032319, "max": 0.387793838978, "mean": 0.049986410886, "median": 0.0323535352945, "min": 1.03307883081e-10, "var": 0.00287254014984}, "spectral_kurtosis": {"dmean": 5.89007854462, "dmean2": 9.14868450165, "dvar": 169.051895142, "dvar2": 385.258148193, "max": 206.698623657, "mean": 13.0828418732, "median": 6.10961198807, "min": -1.44416844845, "var": 496.428466797}, "spectral_rms": {"dmean": 0.000689273001626, "dmean2": 0.00104099465534, "dvar": 1.38536995564e-06, "dvar2": 3.51517201125e-06, "max": 0.0172042567283, "mean": 0.00435982970521, "median": 0.00434889737517, "min": 3.22679621738e-12, "var": 6.54902987662e-06}, "spectral_rolloff": {"dmean": 240.940582275, "dmean2": 431.453399658, "dvar": 1134799.25, "dvar2": 2777957.75, "max": 19745.9472656, "mean": 1214.02111816, "median": 452.197265625, "min": 64.599609375, "var": 11601011}, "spectral_skewness": {"dmean": 0.503177762032, "dmean2": 0.763994574547, "dvar": 0.598894059658, "dvar2": 1.33533847332, "max": 11.8485183716, "mean": 2.64559626579, "median": 2.33249664307, "min": -0.0910578221083, "var": 2.31658315659}, "spectral_spread": {"dmean": 1055348, "dmean2": 1580092.375, "dvar": 2295496441860.0, "dvar2": 4859145748480.0, "max": 40416732, "mean": 5679929.5, "median": 5293850, "min": 406200.5625, "var": 10431739461600.0}, "spectral_strongpeak": {"dmean": 0.271007716656, "dmean2": 0.442137926817, "dvar": 0.25133907795, "dvar2": 0.572997331619, "max": 8.30949878693, "mean": 0.818205356598, "median": 0.490019023418, "min": 0, "var": 0.869562625885}, "zerocrossingrate": {"dmean": 0.00859393365681, "dmean2": 0.0105564659461, "dvar": 0.00018928325153, "dvar2": 0.000228783566854, "max": 0.80078125, "mean": 0.0559431537986, "median": 0.02783203125, "min": 0.00244140625, "var": 0.0153278484941}, "barkbands": {"dmean": [2.71021544904e-05, 0.00245086359791, 0.00102749222424, 0.00111843086779, 0.00212653703056, 0.0013507688418, 0.00144598237239, 0.000869728566613, 0.000352520000888, 0.000247455318458, 0.000120020355098, 4.75073138659e-05, 4.62947828055e-05, 2.85594942397e-05, 2.53784328379e-05, 2.97556525766e-05, 2.13781295315e-05, 2.89223626169e-05, 1.23228646771e-05, 1.64916855283e-05, 1.01513369373e-05, 7.59702425057e-06, 7.42143538446e-06, 2.85351870843e-05, 5.20637877344e-05, 1.69302256836e-06, 1.45570195897e-08], "dmean2": [3.79331904696e-05, 0.00369576038793, 0.00179267325439, 0.0020863940008, 0.00359455891885, 0.00212097284384, 0.0021151015535, 0.00130569399334, 0.000486959441332, 0.00031753705116, 0.00017341216153, 6.83805992594e-05, 7.00180680724e-05, 4.41622069047e-05, 3.99363889301e-05, 4.83738331241e-05, 3.53656723746e-05, 4.50694024039e-05, 1.91948929569e-05, 2.70197397185e-05, 1.61652060342e-05, 1.28044030134e-05, 1.19400710901e-05, 4.48381069873e-05, 8.78157879924e-05, 2.73271848528e-06, 2.51564973297e-08], "dvar": [5.26258592259e-09, 3.87031468563e-05, 1.41192394949e-05, 2.5371375159e-05, 4.05008468078e-05, 6.47183378533e-06, 1.52154279931e-05, 1.16723313113e-05, 2.00049021259e-06, 1.35866775963e-06, 2.81782234879e-07, 6.94763784281e-08, 4.32656115379e-08, 1.50279362288e-08, 7.42708472501e-09, 1.34938638041e-08, 6.48189635299e-09, 1.17969838342e-08, 2.00608329948e-09, 2.81680256897e-09, 1.06535191779e-09, 7.93963561563e-10, 4.58036442108e-10, 3.86025211796e-09, 1.20261294256e-08, 1.2874833144e-11, 9.14582448369e-16], "dvar2": [8.28463786462e-09, 8.88482682058e-05, 3.95526258217e-05, 7.31403270038e-05, 0.000114244663564, 1.66223035194e-05, 3.04233781208e-05, 2.48947562795e-05, 3.57852877642e-06, 2.00186786969e-06, 5.51065056698e-07, 1.32810228592e-07, 1.02804136759e-07, 3.38626655605e-08, 1.63286522081e-08, 3.21305968498e-08, 1.69824474483e-08, 2.72912235033e-08, 4.64979965642e-09, 7.19373538516e-09, 2.61839594451e-09, 2.13170081587e-09, 1.18053378184e-09, 8.71931860047e-09, 3.12342010034e-08, 3.18743503813e-11, 2.37533258816e-15], "max": [0.00138175289612, 0.20833517611, 0.0754945874214, 0.0619587488472, 0.092285618186, 0.0512017346919, 0.140082791448, 0.10797816515, 0.0561035200953, 0.0651711821556, 0.0218859966844, 0.011495096609, 0.00675125839189, 0.00736938696355, 0.00263141631149, 0.00297777261585, 0.00202294369228, 0.0032836291939, 0.00266063841991, 0.000990992994048, 0.000404111196985, 0.000323344342178, 0.000323129119352, 0.0018207350513, 0.00265192403458, 7.19504896551e-05, 5.23949779563e-07], "mean": [9.65325743891e-05, 0.00849048886448, 0.00203297054395, 0.000997232156806, 0.00348589546047, 0.00366617576219, 0.00365313165821, 0.00165139394812, 0.000805112242233, 0.000564297777601, 0.000222193644731, 7.56204026402e-05, 7.4338997365e-05, 4.29420579167e-05, 3.84656595998e-05, 4.03593403462e-05, 2.68403528025e-05, 4.36176851508e-05, 2.08152378036e-05, 2.02090632229e-05, 1.25349533846e-05, 8.50399555929e-06, 1.02282283478e-05, 4.87491779495e-05, 6.52504240861e-05, 2.06429899663e-06, 1.65799267648e-08], "median": [4.29494093623e-07, 0.000189453785424, 3.51384223904e-05, 6.47928318358e-05, 0.000885070883669, 0.00193325802684, 0.000919496058486, 0.000181081792107, 7.53146450734e-05, 5.47128984181e-05, 2.48619871854e-05, 1.22945875773e-05, 8.86805719347e-06, 1.10821274575e-05, 7.00278678778e-06, 4.78956189909e-06, 7.72041312302e-06, 3.2911125345e-06, 4.13669067711e-06, 5.79535299039e-06, 4.64971890324e-06, 3.14621229336e-06, 3.75488548343e-06, 1.70013336174e-05, 1.51798230945e-05, 4.4215738626e-07, 7.44863237756e-09], "min": [6.36586074944e-23, 2.83905864862e-23, 8.26180731356e-24, 5.12393620043e-23, 4.05282748975e-23, 1.82024463175e-23, 6.03054374654e-23, 4.37048189699e-23, 4.9126123546e-23, 1.3514912703e-22, 5.88095552407e-23, 4.43990323437e-23, 7.09925084907e-23, 1.90932069102e-22, 1.16768125202e-22, 1.67301759619e-22, 1.35857031874e-22, 2.24637646958e-22, 1.61253241203e-22, 2.13161778136e-22, 4.69527789355e-22, 6.05321472543e-22, 7.45384597167e-22, 8.33228209579e-22, 8.76397354129e-22, 1.85371215663e-21, 2.6390953086e-21], "var": [3.52454136987e-08, 0.000157394359121, 1.7275877326e-05, 1.52687025547e-05, 4.93428888149e-05, 2.18765580939e-05, 5.47512063349e-05, 2.99024759443e-05, 7.46620207792e-06, 7.69530106481e-06, 8.30817214137e-07, 1.68992741578e-07, 9.72275557842e-08, 2.45287878897e-08, 1.76365162474e-08, 2.05152339561e-08, 6.65708421721e-09, 2.28357777132e-08, 4.19829149223e-09, 2.68263566916e-09, 9.980529736e-10, 6.09145123232e-10, 4.95332164174e-10, 8.80804051917e-09, 1.65199853797e-08, 1.63358337274e-11, 9.40991982753e-16]}, "erbbands": {"dmean": [0.0553014948964, 0.61242967844, 1.12332236767, 2.72715520859, 4.36150741577, 8.47441387177, 9.54216575623, 11.3852024078, 14.5316839218, 31.545129776, 11.8263034821, 8.20310115814, 9.49411773682, 4.00897407532, 4.28125333786, 1.8896510601, 2.15835642815, 1.50529158115, 1.22599446774, 1.38870167732, 1.59499287605, 1.18668270111, 1.46992444992, 0.922233939171, 0.654273331165, 0.747307837009, 0.515571415424, 0.329794973135, 0.286230266094, 0.195352166891, 0.225419461727, 0.400118291378, 0.651459813118, 0.81367713213, 0.21839043498, 0.0216744672507, 0.00169785821345, 0.000108566571726, 9.01556177269e-06, 9.36873948376e-06], "dmean2": [0.0827532336116, 0.924745082855, 1.86987626553, 5.03616476059, 8.04515743256, 13.9960803986, 14.9961585999, 18.1507740021, 22.3692798615, 45.6031074524, 17.5239601135, 11.2294769287, 11.7673988342, 5.61301851273, 6.10276269913, 2.71809577942, 3.21473193169, 2.32309246063, 1.8785353899, 2.20788383484, 2.60288238525, 1.93021464348, 2.2978708744, 1.41754066944, 1.0083745718, 1.22048997879, 0.830203950405, 0.526578009129, 0.47735747695, 0.328227430582, 0.361130475998, 0.621455490589, 1.04306864738, 1.37918281555, 0.36335632205, 0.0349231995642, 0.00270357448608, 0.000176794288564, 1.48890449054e-05, 1.49081470227e-05], "dvar": [0.0177590865642, 2.54930186272, 11.9582605362, 150.103485107, 358.345153809, 552.905273438, 444.099487305, 510.069396973, 1211.42456055, 10560.9658203, 1879.83630371, 1053.26782227, 1969.89282227, 248.349411011, 354.093658447, 98.7033843994, 93.2344665527, 38.0611610413, 15.2061882019, 25.4153957367, 40.0935058594, 18.6957645416, 30.4796257019, 12.3095664978, 2.9842145443, 6.22779178619, 3.1569519043, 1.10677957535, 1.09561240673, 0.460588008165, 0.404877543449, 0.880375683308, 2.13980174065, 3.01580071449, 0.198974177241, 0.00207856739871, 1.13220148705e-05, 4.8157122734e-08, 2.71834221799e-10, 3.772992474e-10], "dvar2": [0.037592574954, 5.91988420486, 32.5003852844, 431.067901611, 1049.41564941, 1484.52258301, 1126.97900391, 1337.82141113, 2717.64526367, 21410.3769531, 3904.18530273, 1865.64111328, 2644.27758789, 525.473205566, 672.995849609, 188.02911377, 221.959014893, 87.2092514038, 33.2311859131, 61.8737564087, 96.6212005615, 48.6492958069, 71.4125061035, 28.2750339508, 6.88461065292, 15.8447256088, 7.98699522018, 2.73618030548, 2.89980721474, 1.24573755264, 1.03683757782, 2.0013320446, 5.0952000618, 7.86166763306, 0.508908927441, 0.00503193587065, 2.72625202342e-05, 1.20517640312e-07, 7.16792569744e-10, 1.02044639405e-09], "max": [3.58196210861, 54.2077980042, 65.6375808716, 168.436721802, 187.55581665, 409.581481934, 324.796539307, 514.37701416, 942.703308105, 3999.26879883, 1392.06054688, 1291.73925781, 2447.97680664, 691.7421875, 767.02935791, 563.683410645, 296.296417236, 345.080230713, 95.0248565674, 117.808113098, 157.169342041, 101.065330505, 188.493209839, 177.248336792, 39.3254852295, 40.7131462097, 22.4644832611, 12.4362039566, 12.1189594269, 9.06474304199, 9.43621444702, 18.0388507843, 48.4222869873, 45.1376686096, 9.34707641602, 0.939236938953, 0.0492557585239, 0.00351460720412, 0.00023452246387, 0.000329803762725], "mean": [0.213503375649, 1.97940802574, 2.68966889381, 3.25799226761, 4.44198656082, 15.0224809647, 21.6019382477, 30.3001594543, 40.6089019775, 70.3299865723, 25.3113651276, 20.2036914825, 22.7693710327, 8.36671447754, 8.54771137238, 3.48318958282, 3.70820689201, 2.36636161804, 2.00824332237, 1.98373389244, 2.18721866608, 1.62016117573, 2.24579167366, 1.53011596203, 1.06398653984, 0.917295992374, 0.620682239532, 0.397420883179, 0.321865826845, 0.230894371867, 0.32362049818, 0.642435610294, 1.06540846825, 1.022377491, 0.273417085409, 0.0277023017406, 0.00222304509953, 0.000133090929012, 2.09705158341e-05, 3.04588083964e-05], "median": [0.00443257344887, 0.046231072396, 0.0875302106142, 0.28742313385, 0.89745759964, 2.80919647217, 9.11213684082, 15.0437908173, 14.2332010269, 9.25011253357, 4.37477207184, 2.61051845551, 1.96168351173, 1.79093980789, 1.07780146599, 0.647973716259, 0.448238551617, 0.633409142494, 0.49775147438, 0.300619572401, 0.362177252769, 0.376843810081, 0.219687074423, 0.197980999947, 0.259482681751, 0.280581712723, 0.211222484708, 0.161159485579, 0.115269526839, 0.0895659476519, 0.121126145124, 0.224063277245, 0.341406226158, 0.238741517067, 0.0694953501225, 0.00737795885652, 0.000526064424776, 2.7994523407e-05, 1.52200536832e-05, 2.28305016208e-05], "min": [7.05810790323e-22, 7.30630055816e-21, 9.82451703155e-21, 1.11089025022e-19, 8.99980390523e-20, 2.22093083086e-19, 9.48096969767e-20, 2.21781158446e-19, 8.1219396101e-19, 5.73362464639e-19, 1.2858443006e-18, 1.29828613099e-18, 3.32582813169e-18, 3.13049149799e-18, 2.29583565424e-18, 1.79988194039e-18, 3.45342280913e-18, 7.09888386926e-18, 8.28748202532e-18, 6.34093868757e-18, 1.00291215584e-17, 8.23910933028e-18, 1.06359983312e-17, 1.22669553081e-17, 9.76345596106e-18, 7.74762921598e-18, 1.94220568533e-17, 1.65257468042e-17, 2.44027942173e-17, 1.80074522744e-17, 2.14674280083e-17, 1.66128505771e-17, 1.35753101917e-17, 8.54480467899e-18, 7.38369125315e-18, 6.57312663116e-18, 3.46748549993e-18, 1.40897882018e-18, 3.73157278495e-19, 3.84266947432e-20], "var": [0.0920324623585, 9.86758995056, 19.1896781921, 102.153625488, 210.299636841, 1079.30529785, 1032.3692627, 1677.80322266, 4573.60302734, 36740.4335938, 4990.8203125, 4455.22509766, 11543.9345703, 728.65625, 1170.69946289, 275.87878418, 217.706771851, 63.4065208435, 37.0188484192, 44.925819397, 56.6132926941, 21.240688324, 56.8460922241, 25.4915218353, 5.38296127319, 5.7857875824, 2.78297448158, 1.00811314583, 0.86665314436, 0.359831720591, 0.465611875057, 1.63382971287, 4.61307668686, 4.23353242874, 0.269002735615, 0.00283951731399, 1.60660856636e-05, 6.05236323281e-08, 4.52109988336e-10, 9.00240937352e-10]}, "gfcc": {"mean": [-134.05859375, 109.432220459, -88.0288696289, 9.38609027863, -86.9438095093, -3.14499115944, -56.5634422302, 9.421626091, -23.7641983032, 0.602252960205, 1.98691701889, -8.77106380463, 8.54508209229], "cov": [[26332.6855469, 3274.3762207, -86.6712646484, 2041.15148926, -1421.05212402, 1975.65783691, -1380.96252441, 1583.34375, -718.528930664, 255.192489624, -252.198745728, -371.662414551, -132.994003296], [3274.3762207, 3095.74707031, 381.518096924, 370.405731201, 553.836425781, -4.31126737595, 663.04486084, 99.7674102783, 394.136138916, 81.3559875488, 335.408843994, -95.5401000977, 122.034362793], [-86.6712646484, 381.518096924, 1703.97912598, 1230.71105957, 893.386108398, 770.225646973, 622.741760254, 334.091064453, 326.967193604, 250.682510376, 61.3131790161, -15.9465646744, -36.0172767639], [2041.15148926, 370.405731201, 1230.71105957, 1760.58361816, 765.284606934, 890.896118164, 416.14352417, 345.974456787, 217.805053711, 224.822525024, -56.389667511, -43.461151123, 10.6111183167], [-1421.05212402, 553.836425781, 893.386108398, 765.284606934, 1041.4979248, 368.264587402, 659.074951172, 155.041320801, 358.196533203, 121.367965698, 122.311706543, 3.04525256157, 15.8274831772], [1975.65783691, -4.31126737595, 770.225646973, 890.896118164, 368.264587402, 920.462585449, 216.524047852, 322.214691162, 55.2050170898, 177.373428345, -39.2804107666, 7.41474485397, -25.4122905731], [-1380.96252441, 663.04486084, 622.741760254, 416.14352417, 659.074951172, 216.524047852, 762.681091309, 95.3628005981, 305.235656738, 131.949569702, 149.38230896, 30.0538825989, 39.8909683228], [1583.34375, 99.7674102783, 334.091064453, 345.974456787, 155.041320801, 322.214691162, 95.3628005981, 408.071838379, 74.7787399292, 83.7448883057, 17.7376174927, -11.4113054276, -19.7096405029], [-718.528930664, 394.136138916, 326.967193604, 217.805053711, 358.196533203, 55.2050170898, 305.235656738, 74.7787399292, 317.931304932, 110.563262939, 95.5634078979, 14.5811700821, 45.9957923889], [255.192489624, 81.3559875488, 250.682510376, 224.822525024, 121.367965698, 177.373428345, 131.949569702, 83.7448883057, 110.563262939, 178.334671021, 54.3676300049, 16.9847068787, -1.48492074013], [-252.198745728, 335.408843994, 61.3131790161, -56.389667511, 122.311706543, -39.2804107666, 149.38230896, 17.7376174927, 95.5634078979, 54.3676300049, 188.804077148, 25.096244812, -9.86640453339], [-371.662414551, -95.5401000977, -15.9465646744, -43.461151123, 3.04525256157, 7.41474485397, 30.0538825989, -11.4113054276, 14.5811700821, 16.9847068787, 25.096244812, 112.02633667, 41.8772315979], [-132.994003296, 122.034362793, -36.0172767639, 10.6111183167, 15.8274831772, -25.4122905731, 39.8909683228, -19.7096405029, 45.9957923889, -1.48492074013, -9.86640453339, 41.8772315979, 123.757728577]], "icov": [[0.000530157762114, -0.00109840917867, 0.000464884797111, -0.000613469164819, 0.000823329202831, -0.000874483259395, 0.00121964607388, -0.00157478963956, 0.000900752609596, -0.000708598643541, 0.000603909778874, -0.000203204181162, 0.000685570936184], [-0.00109840917867, 0.00286934245378, -0.00089851685334, 0.0010804500198, -0.00151677313261, 0.00182219198905, -0.0029031066224, 0.00323371915147, -0.00212917802855, 0.00189867755398, -0.00237622624263, 0.00147422740702, -0.00221917405725], [0.000464884797111, -0.00089851685334, 0.00224136817269, -0.00112581683788, 0.000171181032783, -0.0012295236811, 0.000639155332465, -0.00153107207734, 0.000384294282412, -0.00103695213329, 0.000615814875346, -0.000126629791339, 0.0013468755642], [-0.000613469164819, 0.0010804500198, -0.00112581683788, 0.00257701310329, -0.00179706141353, 0.000132720422698, -0.000967873900663, 0.00173890392762, -0.000767292629462, -2.24582017836e-05, 0.000419509335188, 0.000717071990948, -0.00135156302713], [0.000823329202831, -0.00151677313261, 0.000171181032783, -0.00179706141353, 0.00499174604192, -0.00159086589701, 8.8244327344e-05, -0.00213072169572, -0.00073729432188, 0.00117289286572, -9.2781818239e-05, -0.000160051466082, 0.00158633769024], [-0.000874483259395, 0.00182219198905, -0.0012295236811, 0.000132720422698, -0.00159086589701, 0.00459764059633, -0.00217157951556, 0.00135315768421, 0.000107742765977, -0.000474472006317, -0.000282211869489, -0.000543683883734, -0.000927033368498], [0.00121964607388, -0.0029031066224, 0.000639155332465, -0.000967873900663, 8.8244327344e-05, -0.00217157951556, 0.006616034545, -0.00338719692081, 0.00149467471056, -0.00241913739592, 0.00102865335066, -0.00120650790632, 0.0012188864639], [-0.00157478963956, 0.00323371915147, -0.00153107207734, 0.00173890392762, -0.00213072169572, 0.00135315768421, -0.00338719692081, 0.00832658540457, -0.00363548542373, 0.00228935549967, -0.00230614934117, 0.000971450994257, -0.0016413872363], [0.000900752609596, -0.00212917802855, 0.000384294282412, -0.000767292629462, -0.00073729432188, 0.000107742765977, 0.00149467471056, -0.00363548542373, 0.0100564835593, -0.00534825911745, 0.000653171213344, 7.82987262937e-05, -0.00147539982572], [-0.000708598643541, 0.00189867755398, -0.00103695213329, -2.24582017836e-05, 0.00117289286572, -0.000474472006317, -0.00241913739592, 0.00228935549967, -0.00534825911745, 0.0121611431241, -0.00392162334174, -0.000222954171477, -0.000140195668791], [0.000603909778874, -0.00237622624263, 0.000615814875346, 0.000419509335188, -9.2781818239e-05, -0.000282211869489, 0.00102865335066, -0.00230614934117, 0.000653171213344, -0.00392162334174, 0.0111915916204, -0.00386787275784, 0.00430167745799], [-0.000203204181162, 0.00147422740702, -0.000126629791339, 0.000717071990948, -0.000160051466082, -0.000543683883734, -0.00120650790632, 0.000971450994257, 7.82987262937e-05, -0.000222954171477, -0.00386787275784, 0.013443088159, -0.00620698416606], [0.000685570936184, -0.00221917405725, 0.0013468755642, -0.00135156302713, 0.00158633769024, -0.000927033368498, 0.0012188864639, -0.0016413872363, -0.00147539982572, -0.000140195668791, 0.00430167745799, -0.00620698416606, 0.0134555846453]]}, "melbands": {"dmean": [0.000606937508564, 0.000648897665087, 0.000504362164065, 0.00045296663302, 0.000347989000147, 0.000256614905084, 0.000242833833909, 0.000317675963743, 8.40409484226e-05, 4.81102506455e-05, 4.73684194731e-05, 1.64056418726e-05, 1.71073497768e-05, 5.82490747547e-06, 6.0173156271e-06, 3.31351384375e-06, 2.9913680919e-06, 2.01354919227e-06, 1.79755863883e-06, 2.12983036363e-06, 1.82114069958e-06, 1.21012135423e-06, 1.47377647863e-06, 1.30961382183e-06, 7.35128480756e-07, 4.39310838374e-07, 6.16122974861e-07, 4.75362440966e-07, 3.47121158484e-07, 2.42593728217e-07, 1.83955165767e-07, 1.74465171199e-07, 1.29558500817e-07, 9.94101796437e-08, 1.03609920643e-07, 2.33189638266e-07, 2.48914744816e-07, 4.18635664801e-07, 6.51639197713e-07, 7.35925254958e-07], "dmean2": [0.000915208656806, 0.00102637824602, 0.000937358418014, 0.000781449722126, 0.000551180040929, 0.000406911596656, 0.000368912325939, 0.000461460585939, 0.000124732294353, 6.54745308566e-05, 5.88200091443e-05, 2.35988754866e-05, 2.47105890594e-05, 8.18998705654e-06, 8.89882448973e-06, 5.09630444867e-06, 4.59283364762e-06, 3.10937684844e-06, 2.85170494863e-06, 3.43307829098e-06, 3.01643126477e-06, 2.02618070944e-06, 2.32688921642e-06, 2.03653667086e-06, 1.14317833777e-06, 6.86486714585e-07, 9.89006821328e-07, 7.86952853105e-07, 5.63090395644e-07, 3.91591697735e-07, 2.95950997042e-07, 2.92628158149e-07, 2.19887297703e-07, 1.66725200756e-07, 1.65515160688e-07, 3.8249530121e-07, 3.80786730148e-07, 6.65201241645e-07, 1.08907829599e-06, 1.26202780848e-06], "dvar": [2.26860629482e-06, 2.99447515317e-06, 5.16272484674e-06, 2.27657233154e-06, 6.14818134181e-07, 2.46160595907e-07, 3.17259235771e-07, 1.11389192625e-06, 1.07148196093e-07, 3.52390259195e-08, 4.95121490474e-08, 4.95708940562e-09, 5.6998201714e-09, 8.50016057541e-10, 8.34933844285e-10, 1.51118575986e-10, 1.85268841935e-10, 4.32134779349e-11, 4.56111294567e-11, 6.67725041925e-11, 5.23408191788e-11, 2.20229841308e-11, 4.0596411649e-11, 2.10092169356e-11, 9.49388484495e-12, 1.77165183565e-12, 3.17015597801e-12, 2.72626517715e-12, 1.33356617849e-12, 6.57314480623e-13, 3.33793512578e-13, 4.21018254981e-13, 2.01381473346e-13, 1.07545821749e-13, 7.50947427072e-14, 4.70427570596e-13, 2.95528196099e-13, 9.61342984385e-13, 2.00532689412e-12, 2.52222027985e-12], "dvar2": [5.1050710681e-06, 7.47543617763e-06, 1.49114684973e-05, 6.52103017273e-06, 1.57552722158e-06, 6.48360980904e-07, 6.95642881965e-07, 2.29961278819e-06, 2.18802966856e-07, 6.18777349359e-08, 6.68343815846e-08, 1.10597833114e-08, 1.13889404574e-08, 1.50500756302e-09, 1.8787305045e-09, 3.59491270085e-10, 4.19210721692e-10, 9.71161970287e-11, 1.01443221878e-10, 1.62449664831e-10, 1.30850316693e-10, 5.90215307184e-11, 9.43914946205e-11, 4.84472149898e-11, 2.22363863434e-11, 4.11218108176e-12, 7.80922895793e-12, 7.01483315879e-12, 3.45418984214e-12, 1.63484601291e-12, 8.35190044294e-13, 1.11655053692e-12, 5.4605717734e-13, 2.88862195882e-13, 1.88287672129e-13, 1.22858168951e-12, 6.33720506626e-13, 2.24589986365e-12, 5.07149877649e-12, 6.7006699668e-12], "max": [0.0490941628814, 0.0490396246314, 0.0240080486983, 0.022246606648, 0.0111039765179, 0.0108710322529, 0.013960194774, 0.0370675474405, 0.00975984893739, 0.007344128564, 0.0122945429757, 0.00311767822132, 0.00293241371401, 0.00129856809508, 0.00137172569521, 0.000337934325216, 0.000798970169853, 0.000217449545744, 0.000229877667152, 0.000229436918744, 0.000176111469045, 0.000116285969852, 0.000217354492634, 0.000156924434123, 0.000175855268026, 3.99962555093e-05, 5.22720292793e-05, 2.0559571567e-05, 1.66214995261e-05, 9.43516624829e-06, 7.30366218704e-06, 8.83597112988e-06, 5.36097513759e-06, 4.82967561766e-06, 3.54187795892e-06, 1.10671035145e-05, 1.36428416226e-05, 3.35305485351e-05, 4.26326259912e-05, 3.72205286112e-05], "mean": [0.00221432512626, 0.0019242457347, 0.000574190460611, 0.000657631317154, 0.000781713053584, 0.000692566507496, 0.000662215345073, 0.00068877346348, 0.000179801558261, 0.000115840120998, 0.000110384120489, 3.13347882184e-05, 3.2699386793e-05, 9.8978416645e-06, 1.03317015601e-05, 5.36152901986e-06, 4.41826477982e-06, 3.14792964673e-06, 2.61081731878e-06, 2.8961260341e-06, 2.34281174016e-06, 1.50216988004e-06, 2.16543912757e-06, 1.91635467672e-06, 1.16886758406e-06, 7.1792851486e-07, 8.22095557851e-07, 5.38756978585e-07, 4.14378661162e-07, 2.75489099977e-07, 2.11996621147e-07, 1.88319745575e-07, 1.4483258326e-07, 1.17046297987e-07, 1.47991073618e-07, 3.03746475083e-07, 4.07993042018e-07, 6.97080281498e-07, 8.99567112356e-07, 8.65064350819e-07], "median": [4.84066695208e-05, 5.29424796696e-05, 7.13135814294e-05, 0.000114856622531, 0.000306210655253, 0.000344431231497, 0.000225262207096, 8.17819600343e-05, 2.64415284619e-05, 1.23229929159e-05, 7.91986167314e-06, 6.29355008641e-06, 3.78938784706e-06, 1.55492966769e-06, 1.20425966088e-06, 9.24925075196e-07, 1.08287508738e-06, 7.70051769905e-07, 4.22574856884e-07, 3.47355296526e-07, 4.22064829309e-07, 4.01179136134e-07, 2.57188361275e-07, 1.54964794774e-07, 1.44479855635e-07, 1.67365854509e-07, 1.97020270321e-07, 1.53477458298e-07, 1.3094054907e-07, 9.98716274125e-08, 7.96100323441e-08, 6.24911251634e-08, 5.36094972858e-08, 4.45200498689e-08, 5.64496573929e-08, 9.48436706949e-08, 1.3899006035e-07, 2.20827402586e-07, 2.44519554826e-07, 1.76208345692e-07], "min": [1.04113783385e-23, 6.61731079407e-24, 1.7798158259e-23, 1.06309199061e-23, 5.11486169677e-24, 5.28352528591e-24, 1.20325166866e-23, 6.4785793487e-24, 1.06729772364e-23, 7.67788142746e-24, 1.75578018075e-23, 1.3857040731e-23, 7.11636629082e-24, 6.27472585787e-24, 3.62288551686e-24, 9.15864749948e-24, 1.44615132882e-23, 1.53163371646e-23, 9.40166714539e-24, 8.98783229223e-24, 1.18148959952e-23, 8.80658282179e-24, 7.75130228963e-24, 1.05829768846e-23, 1.00741505567e-23, 5.28585124229e-24, 9.90276579188e-24, 3.25808172162e-24, 1.06665606418e-23, 1.20775440782e-23, 8.83901526019e-24, 1.4330335186e-23, 1.11822074611e-23, 1.01288083622e-23, 1.23438548423e-23, 1.38887513616e-23, 8.05298478789e-24, 8.63735480268e-24, 9.69789624821e-24, 6.21371377774e-24], "var": [1.00412798929e-05, 8.6000381998e-06, 3.33412776854e-06, 2.32443130699e-06, 1.39371900332e-06, 8.5535702965e-07, 1.17958200008e-06, 3.68471478396e-06, 2.8831860277e-07, 1.49095342294e-07, 2.85006990453e-07, 1.23861516599e-08, 1.77761450004e-08, 2.20474016821e-09, 2.37210695531e-09, 3.21997845054e-10, 2.98242930352e-10, 9.00163762974e-11, 9.98437166277e-11, 1.05847781928e-10, 6.44883868528e-11, 2.10677222195e-11, 7.86877021874e-11, 3.72361967649e-11, 1.90057657112e-11, 3.21878504753e-12, 3.91409300804e-12, 2.36116703446e-12, 1.17137213557e-12, 5.79750223523e-13, 3.00449579495e-13, 3.26461053286e-13, 1.61631653699e-13, 8.73183293791e-14, 9.3613708636e-14, 5.09711305281e-13, 6.31993914667e-13, 2.1142610232e-12, 3.46293610107e-12, 3.13280543e-12]}, "mfcc": {"mean": [-771.851928711, 134.180099487, 38.6856956482, 0.946538865566, -2.32209992409, -27.882598877, -10.0359783173, -19.1105690002, -9.30174160004, -7.26246500015, -6.81728839874, -0.791769444942, -1.72288227081], "cov": [[12380.078125, 1192.93005371, 1030.4029541, 145.270858765, 816.848937988, -285.607757568, 520.401489258, 107.425674438, 248.470214844, 282.066864014, 132.790634155, 164.005615234, -2.95933461189], [1192.93005371, 2300.63720703, 460.451049805, 388.863616943, 163.522705078, 151.308258057, 269.531890869, 221.129394531, 160.528274536, 274.188568115, 275.764282227, 245.781051636, 164.751922607], [1030.4029541, 460.451049805, 1164.4909668, 816.017272949, 624.727966309, 667.01348877, 513.103088379, 315.81552124, 409.93057251, 321.671020508, 250.859909058, 232.177947998, 130.830291748], [145.270858765, 388.863616943, 816.017272949, 1230.60498047, 735.626342773, 773.850097656, 522.452697754, 390.717193604, 472.775360107, 386.790618896, 252.97769165, 231.790161133, 148.234725952], [816.848937988, 163.522705078, 624.727966309, 735.626342773, 782.594360352, 558.940979004, 437.431030273, 324.714752197, 360.398345947, 292.166015625, 177.883926392, 179.243804932, 113.823760986], [-285.607757568, 151.308258057, 667.01348877, 773.850097656, 558.940979004, 934.628356934, 525.78704834, 354.808349609, 420.015991211, 295.963470459, 201.985946655, 210.424957275, 150.044555664], [520.401489258, 269.531890869, 513.103088379, 522.452697754, 437.431030273, 525.78704834, 569.663757324, 347.631347656, 282.709381104, 262.440490723, 218.637252808, 175.427749634, 96.4297180176], [107.425674438, 221.129394531, 315.81552124, 390.717193604, 324.714752197, 354.808349609, 347.631347656, 359.327392578, 272.603057861, 199.20350647, 153.841552734, 154.354507446, 114.467735291], [248.470214844, 160.528274536, 409.93057251, 472.775360107, 360.398345947, 420.015991211, 282.709381104, 272.603057861, 406.836181641, 243.642028809, 116.110160828, 136.683395386, 127.218109131], [282.066864014, 274.188568115, 321.671020508, 386.790618896, 292.166015625, 295.963470459, 262.440490723, 199.20350647, 243.642028809, 311.389709473, 193.118148804, 127.983253479, 93.5295639038], [132.790634155, 275.764282227, 250.859909058, 252.97769165, 177.883926392, 201.985946655, 218.637252808, 153.841552734, 116.110160828, 193.118148804, 256.146728516, 156.750030518, 76.2814483643], [164.005615234, 245.781051636, 232.177947998, 231.790161133, 179.243804932, 210.424957275, 175.427749634, 154.354507446, 136.683395386, 127.983253479, 156.750030518, 208.822631836, 130.348419189], [-2.95933461189, 164.751922607, 130.830291748, 148.234725952, 113.823760986, 150.044555664, 96.4297180176, 114.467735291, 127.218109131, 93.5295639038, 76.2814483643, 130.348419189, 162.63899231]], "icov": [[0.000134585614433, -5.75612248213e-05, -0.000120418706501, 0.000142870936543, -0.000254400278209, 0.000315888173645, -0.000321049446939, 0.000300897459965, -0.000198227513465, -1.97520384972e-05, 0.000163564211107, -0.000170449653524, 0.000118908734294], [-5.75612248213e-05, 0.000603774446063, -0.000169788181665, -0.000220539150178, 0.000382058060495, 0.000130058295326, 7.40529285395e-05, -0.000315382290864, 0.000352039380232, -0.000400135846576, -9.1765083198e-05, -0.000265155889792, -0.000274095422355], [-0.000120418706501, -0.000169788181665, 0.00236554327421, -0.000597376609221, -0.000409445929108, -0.000526121177245, -0.000687373045366, 0.00105252407957, -0.00103579263669, 0.000666202337015, -0.000724734563846, -0.000377283518901, 0.000319464073982], [0.000142870936543, -0.000220539150178, -0.000597376609221, 0.00291523104534, -0.00149475084618, -0.000687836844008, 0.000164067183505, 5.24245879205e-05, -0.000630871742032, -0.000672131485771, 3.05883236251e-06, -0.000196939858142, 0.000632418727037], [-0.000254400278209, 0.000382058060495, -0.000409445929108, -0.00149475084618, 0.00432695355266, -0.000568630115595, -7.77164168539e-05, -0.00130631320644, 0.000385301624192, -0.00106564117596, 0.000805296760518, -0.000518837186974, 0.000111479428597], [0.000315888173645, 0.000130058295326, -0.000526121177245, -0.000687836844008, -0.000568630115595, 0.00431596953422, -0.0028705697041, 0.00149510905612, -0.00195945892483, 0.000554081227165, 0.00051558855921, -0.000807760923635, -0.000390312867239], [-0.000321049446939, 7.40529285395e-05, -0.000687373045366, 0.000164067183505, -7.77164168539e-05, -0.0028705697041, 0.00832475349307, -0.00576350092888, 0.00245521287434, -0.00139431003481, -0.00150915060658, 0.000541243120097, 0.00130122888368], [0.000300897459965, -0.000315382290864, 0.00105252407957, 5.24245879205e-05, -0.00130631320644, 0.00149510905612, -0.00576350092888, 0.0115859080106, -0.00526480283588, 0.0016848113155, -0.00087424024241, -0.00150139408652, -0.00100907543674], [-0.000198227513465, 0.000352039380232, -0.00103579263669, -0.000630871742032, 0.000385301624192, -0.00195945892483, 0.00245521287434, -0.00526480283588, 0.0104850213975, -0.00525359017774, 0.00345801073126, 0.000109336571768, -0.00205402099527], [-1.97520384972e-05, -0.000400135846576, 0.000666202337015, -0.000672131485771, -0.00106564117596, 0.000554081227165, -0.00139431003481, 0.0016848113155, -0.00525359017774, 0.0121224382892, -0.0074154464528, 0.00348593993112, -0.00182051688898], [0.000163564211107, -9.1765083198e-05, -0.000724734563846, 3.05883236251e-06, 0.000805296760518, 0.00051558855921, -0.00150915060658, -0.00087424024241, 0.00345801073126, -0.0074154464528, 0.0137714641169, -0.00846149493009, 0.00302891386673], [-0.000170449653524, -0.000265155889792, -0.000377283518901, -0.000196939858142, -0.000518837186974, -0.000807760923635, 0.000541243120097, -0.00150139408652, 0.000109336571768, 0.00348593993112, -0.00846149493009, 0.0182897001505, -0.010187392123], [0.000118908734294, -0.000274095422355, 0.000319464073982, 0.000632418727037, 0.000111479428597, -0.000390312867239, 0.00130122888368, -0.00100907543674, -0.00205402099527, -0.00182051688898, 0.00302891386673, -0.010187392123, 0.0152135333046]]}, "spectral_contrast_coeffs": {"dmean": [0.047526858747, 0.0435791872442, 0.0363750644028, 0.0295004509389, 0.0228712372482, 0.015470710583], "dmean2": [0.0755148231983, 0.0697307363153, 0.0561301261187, 0.0464017614722, 0.0352403111756, 0.0244211852551], "dvar": [0.00202450808138, 0.00212343968451, 0.00120862934273, 0.00067216635216, 0.000433796754805, 0.000224854651606], "dvar2": [0.00471110036597, 0.00513009587303, 0.00268836296163, 0.00152345665265, 0.000947775261011, 0.000503096438479], "max": [-0.168138310313, -0.290971875191, -0.3977663517, -0.494981974363, -0.597158312798, -0.664635539055], "mean": [-0.577361345291, -0.626163721085, -0.719285070896, -0.776717782021, -0.800746977329, -0.829744279385], "median": [-0.611103057861, -0.62118178606, -0.723045110703, -0.781662046909, -0.801409602165, -0.829567909241], "min": [-0.961485862732, -0.971065759659, -0.965685725212, -0.954520344734, -0.959172725677, -0.960825622082], "var": [0.0233882758766, 0.0107245389372, 0.00813634134829, 0.00403203628957, 0.00220968062058, 0.000956175266765]}, "spectral_contrast_valleys": {"dmean": [0.549046218395, 0.415799468756, 0.388489544392, 0.355781495571, 0.360625863075, 0.460202753544], "dmean2": [0.837307810783, 0.673179209232, 0.615559995174, 0.533363938332, 0.516495227814, 0.603455424309], "dvar": [0.384338736534, 0.268175750971, 0.216439470649, 0.1998475492, 0.257465898991, 0.419747412205], "dvar2": [0.739954471588, 0.634535491467, 0.474290877581, 0.387266755104, 0.485991865396, 0.787833034992], "max": [-4.9979