{"lowlevel": {"average_loudness": 0.826631903648, "barkbands_crest": {"dmean": 1.87587046623, "dmean2": 3.00171470642, "dvar": 3.59378933907, "dvar2": 9.0444726944, "max": 22.9316806793, "mean": 8.22491264343, "median": 7.54184818268, "min": 2.48744797707, "var": 9.33172607422}, "barkbands_flatness_db": {"dmean": 0.0152140064165, "dmean2": 0.0233916901052, "dvar": 0.000259538239334, "dvar2": 0.000639231526293, "max": 0.401326239109, "mean": 0.118178188801, "median": 0.112038575113, "min": 0.0301062203944, "var": 0.00185379514005}, "barkbands_kurtosis": {"dmean": 1.83720719814, "dmean2": 2.94595646858, "dvar": 10.047791481, "dvar2": 24.9860744476, "max": 84.0839157104, "mean": 2.85002708435, "median": 1.53460931778, "min": -1.93530488014, "var": 21.5126743317}, "barkbands_skewness": {"dmean": 0.426429897547, "dmean2": 0.65035289526, "dvar": 0.263853251934, "dvar2": 0.586454510689, "max": 8.12036705017, "mean": 1.34378457069, "median": 1.32732236385, "min": -6.43651866913, "var": 1.04383933544}, "barkbands_spread": {"dmean": 5.08199167252, "dmean2": 7.87245464325, "dvar": 48.5074272156, "dvar2": 107.183265686, "max": 101.274299622, "mean": 23.2735118866, "median": 21.1375770569, "min": 1.30373072624, "var": 144.891983032}, "dissonance": {"dmean": 0.0145248454064, "dmean2": 0.0243901070207, "dvar": 0.000181092167622, "dvar2": 0.000498243083712, "max": 0.500000059605, "mean": 0.467250168324, "median": 0.470431804657, "min": 0.346244782209, "var": 0.000372997252271}, "dynamic_complexity": 3.93125724792, "erbbands_crest": {"dmean": 1.91924440861, "dmean2": 3.00471258163, "dvar": 3.67905426025, "dvar2": 8.39605998993, "max": 30.3023490906, "mean": 7.91670179367, "median": 7.05011463165, "min": 2.33536052704, "var": 13.2860984802}, "erbbands_flatness_db": {"dmean": 0.0129516897723, "dmean2": 0.0180679243058, "dvar": 0.000158362701768, "dvar2": 0.000304955639876, "max": 0.356510579586, "mean": 0.139576584101, "median": 0.131519004703, "min": 0.0414984971285, "var": 0.0019285150338}, "erbbands_kurtosis": {"dmean": 0.621436476707, "dmean2": 0.953354179859, "dvar": 0.966682314873, "dvar2": 1.94189929962, "max": 29.7952003479, "mean": 0.336407840252, "median": -0.0977129936218, "min": -1.75906562805, "var": 2.7957649231}, "erbbands_skewness": {"dmean": 0.26401039958, "dmean2": 0.403377205133, "dvar": 0.0831055939198, "dvar2": 0.168862596154, "max": 2.88706636429, "mean": 0.367178589106, "median": 0.376116424799, "min": -4.5784611702, "var": 0.412190049887}, "erbbands_spread": {"dmean": 6.42753076553, "dmean2": 9.58319854736, "dvar": 52.7431297302, "dvar2": 117.357955933, "max": 138.033599854, "mean": 38.9139709473, "median": 37.5730247498, "min": 5.36778116226, "var": 251.815414429}, "hfc": {"dmean": 9.04486179352, "dmean2": 12.2112503052, "dvar": 1014.41308594, "dvar2": 1955.72021484, "max": 1396.47387695, "mean": 23.9297580719, "median": 13.1002473831, "min": 1.07140635015e-16, "var": 2788.49389648}, "melbands_crest": {"dmean": 2.64778256416, "dmean2": 4.17368936539, "dvar": 7.1212220192, "dvar2": 17.4720802307, "max": 31.3302516937, "mean": 12.0059022903, "median": 11.0896100998, "min": 1.6812980175, "var": 22.8790283203}, "melbands_flatness_db": {"dmean": 0.0192770026624, "dmean2": 0.0292714647949, "dvar": 0.000506900076289, "dvar2": 0.00119967083447, "max": 0.502516627312, "mean": 0.167810365558, "median": 0.162905246019, "min": 0.00316504715011, "var": 0.0033239768818}, "melbands_kurtosis": {"dmean": 4.39229536057, "dmean2": 7.00094366074, "dvar": 63.2034225464, "dvar2": 158.55871582, "max": 200.162521362, "mean": 9.22109985352, "median": 6.43612098694, "min": -1.91656303406, "var": 110.840042114}, "melbands_skewness": {"dmean": 0.546225070953, "dmean2": 0.833720743656, "dvar": 0.446520417929, "dvar2": 1.04632163048, "max": 11.0912742615, "mean": 2.27630591393, "median": 2.20021820068, "min": -1.88522040844, "var": 1.54029810429}, "melbands_spread": {"dmean": 7.07529735565, "dmean2": 10.7638816833, "dvar": 224.21685791, "dvar2": 416.910858154, "max": 277.592407227, "mean": 27.2618789673, "median": 22.2202701569, "min": 1.37388265133, "var": 714.297058105}, "pitch_salience": {"dmean": 0.0550136268139, "dmean2": 0.0877330079675, "dvar": 0.00270713982172, "dvar2": 0.00694919982925, "max": 0.884506762028, "mean": 0.598791122437, "median": 0.604558289051, "min": 0.122774004936, "var": 0.00882455799729}, "silence_rate_20dB": {"dmean": 0, "dmean2": 0, "dvar": 0, "dvar2": 0, "max": 1, "mean": 1, "median": 1, "min": 1, "var": 0}, "silence_rate_30dB": {"dmean": 0.0122274300084, "dmean2": 0.0244573522359, "dvar": 0.0120787667111, "dvar2": 0.0307895001024, "max": 1, "mean": 0.990932226181, "median": 1, "min": 0, "var": 0.00898630265146}, "silence_rate_60dB": {"dmean": 0.01120847743, "dmean2": 0.0224192403257, "dvar": 0.0110801365227, "dvar2": 0.0249745734036, "max": 1, "mean": 0.0748853757977, "median": 0, "min": 0, "var": 0.0692842826247}, "spectral_centroid": {"dmean": 226.858032227, "dmean2": 345.428375244, "dvar": 106031.765625, "dvar2": 197366.25, "max": 11671.3486328, "mean": 1372.33044434, "median": 1202.94665527, "min": 201.201766968, "var": 1082863}, "spectral_complexity": {"dmean": 2.79254126549, "dmean2": 4.28553962708, "dvar": 8.65264225006, "dvar2": 18.5147342682, "max": 51, "mean": 18.4448299408, "median": 19, "min": 0, "var": 58.6415672302}, "spectral_decrease": {"dmean": 2.26844831808e-09, "dmean2": 3.57287555097e-09, "dvar": 2.50055888538e-17, "dvar2": 6.51211105948e-17, "max": 3.96143290012e-20, "mean": -5.50625367524e-09, "median": -3.69610120288e-09, "min": -6.12000192746e-08, "var": 3.56494958588e-17}, "spectral_energy": {"dmean": 0.00918758008629, "dmean2": 0.0142886014655, "dvar": 0.000382111640647, "dvar2": 0.00098564021755, "max": 0.236025109887, "mean": 0.0229523703456, "median": 0.0155084794387, "min": 1.01597028942e-20, "var": 0.000588375900406}, "spectral_energyband_high": {"dmean": 0.000736957241315, "dmean2": 0.000991237931885, "dvar": 1.34124420583e-05, "dvar2": 2.52796362474e-05, "max": 0.148065239191, "mean": 0.00143939279951, "median": 0.000408587424317, "min": 7.2050234397e-21, "var": 3.65147388948e-05}, "spectral_energyband_low": {"dmean": 0.00364482356235, "dmean2": 0.00594849372283, "dvar": 0.000136003116495, "dvar2": 0.000357800920028, "max": 0.198979407549, "mean": 0.00575189944357, "median": 0.00176723813638, "min": 1.45966988038e-23, "var": 0.000139392199344}, "spectral_energyband_middle_high": {"dmean": 0.00136989937164, "dmean2": 0.00190626562107, "dvar": 5.50786035092e-06, "dvar2": 1.0383038898e-05, "max": 0.0694050043821, "mean": 0.00488492846489, "median": 0.00337428133935, "min": 1.21619319371e-21, "var": 2.88716237264e-05}, "spectral_energyband_middle_low": {"dmean": 0.00590792763978, "dmean2": 0.0096748387441, "dvar": 0.000201119226404, "dvar2": 0.000540764071047, "max": 0.201559334993, "mean": 0.0122127206996, "median": 0.00741741340607, "min": 1.80244127174e-22, "var": 0.00022744864691}, "spectral_entropy": {"dmean": 0.122285783291, "dmean2": 0.179752677679, "dvar": 0.0168851334602, "dvar2": 0.0355626381934, "max": 9.82135486603, "mean": 7.66339206696, "median": 7.67575454712, "min": 5.42113161087, "var": 0.193984210491}, "spectral_flux": {"dmean": 0.0219441018999, "dmean2": 0.0339244119823, "dvar": 0.00131647812668, "dvar2": 0.00274424254894, "max": 0.414780795574, "mean": 0.0677158981562, "median": 0.0515923164785, "min": 6.46530329274e-11, "var": 0.002964890562}, "spectral_kurtosis": {"dmean": 1.2939735651, "dmean2": 2.15335035324, "dvar": 10.3369922638, "dvar2": 31.0600700378, "max": 85.8070220947, "mean": 4.66390132904, "median": 3.81479310989, "min": -1.26354312897, "var": 36.2357673645}, "spectral_rms": {"dmean": 0.000748288177419, "dmean2": 0.0010992201278, "dvar": 1.48013180024e-06, "dvar2": 3.52342613041e-06, "max": 0.0151745975018, "mean": 0.00421205535531, "median": 0.00388975883834, "min": 3.14831797785e-12, "var": 4.65119319415e-06}, "spectral_rolloff": {"dmean": 495.021453857, "dmean2": 801.409118652, "dvar": 1200850.125, "dvar2": 2463425.75, "max": 19789.0136719, "mean": 1822.96179199, "median": 1227.39257812, "min": 129.19921875, "var": 5242703}, "spectral_skewness": {"dmean": 0.167350962758, "dmean2": 0.261527299881, "dvar": 0.0514081008732, "dvar2": 0.137432724237, "max": 7.05952358246, "mean": 1.609126091, "median": 1.5855679512, "min": -0.361832499504, "var": 0.332776606083}, "spectral_spread": {"dmean": 548579.875, "dmean2": 779543, "dvar": 637544431616, "dvar2": 1225707749380.0, "max": 42833216, "mean": 5404956, "median": 4977234.5, "min": 921130.4375, "var": 12240161865700.0}, "spectral_strongpeak": {"dmean": 0.462249040604, "dmean2": 0.785464525223, "dvar": 1.31022369862, "dvar2": 3.38406968117, "max": 29.3555278778, "mean": 0.87383133173, "median": 0.512612044811, "min": 0, "var": 1.59843933582}, "zerocrossingrate": {"dmean": 0.011834426783, "dmean2": 0.0135554401204, "dvar": 0.000305188266793, "dvar2": 0.00029934651684, "max": 0.53271484375, "mean": 0.0765475258231, "median": 0.0634765625, "min": 0.00634765625, "var": 0.00355205498636}, "barkbands": {"dmean": [2.34945400734e-06, 0.00123158376664, 0.0019704985898, 0.00208205170929, 0.00286102225073, 0.00106647505891, 0.000717094168067, 0.000437621754827, 0.000393140100641, 0.000449871382443, 0.000384605227737, 0.000461016898043, 0.000277767830994, 0.000176142857526, 0.000194035557797, 0.000120091215649, 0.000198363850359, 0.000125529069919, 9.00364757399e-05, 6.63958562654e-05, 7.64687356423e-05, 0.00010309634672, 0.000146444508573, 0.000229894154472, 0.000205640855711, 4.81686147396e-05, 3.29920476361e-05], "dmean2": [4.26919586971e-06, 0.00197286508046, 0.00324910483323, 0.00362273165956, 0.00482561672106, 0.00171874545049, 0.00113695662003, 0.00068293773802, 0.000597055419348, 0.000668421853334, 0.000577494676691, 0.000675714982208, 0.000415151676862, 0.000268942356342, 0.000295644742437, 0.000186999532161, 0.000321395229548, 0.000200096095796, 0.000139577343361, 0.000104015787656, 0.000117809780932, 0.000153365908773, 0.00021643153741, 0.000323987769661, 0.000297255377518, 7.30721003492e-05, 5.06683136337e-05], "dvar": [3.19753112876e-10, 1.83423453564e-05, 4.47012862423e-05, 3.53283066943e-05, 7.74283180363e-05, 3.61566821994e-06, 3.07667846755e-06, 8.46553234624e-07, 9.84061898635e-07, 1.0740052403e-06, 9.72143766376e-07, 1.19487344818e-06, 4.56238552715e-07, 2.3824880202e-07, 2.97005556149e-07, 1.04928567168e-07, 1.42872352171e-07, 7.26301010445e-08, 7.73208839178e-08, 1.73388894353e-08, 8.17333187797e-08, 2.58402081954e-07, 1.17867000426e-06, 2.11170504372e-06, 2.01776879294e-06, 3.58116523103e-08, 1.55216941522e-08], "dvar2": [9.04699926085e-10, 4.95118620165e-05, 0.000116683077067, 9.62051490205e-05, 0.00021151592955, 1.03731726995e-05, 7.43691180105e-06, 1.98065345103e-06, 2.14177521229e-06, 2.24046107178e-06, 2.29111378758e-06, 2.12144686884e-06, 9.71724603005e-07, 4.20184250061e-07, 5.36818447472e-07, 2.10956073943e-07, 3.37811940199e-07, 1.60945404559e-07, 1.48284669876e-07, 4.07183655682e-08, 1.78311935883e-07, 5.44479348719e-07, 2.33570449382e-06, 3.99643295168e-06, 4.62862908535e-06, 8.4365119335e-08, 3.88405752005e-08], "max": [0.00058355438523, 0.091792434454, 0.122599236667, 0.14929446578, 0.128862902522, 0.0394137352705, 0.0587876550853, 0.026059422642, 0.0356832072139, 0.0219768919051, 0.0460207723081, 0.0313948281109, 0.0259312167764, 0.0257901437581, 0.0265970733017, 0.00977014005184, 0.0190230216831, 0.00962197221816, 0.0145332338288, 0.00497544743121, 0.010891566053, 0.0191210657358, 0.0603732056916, 0.0508569814265, 0.0932537987828, 0.00570382829756, 0.00296169309877], "mean": [1.64238565503e-06, 0.0022244816646, 0.00243118382059, 0.00241970666684, 0.00373293692246, 0.00254136300646, 0.00134496216197, 0.000858123239595, 0.000832403311506, 0.00104285555426, 0.000739336130209, 0.000988979125395, 0.000518153770827, 0.000343358813552, 0.00036906261812, 0.000228333214181, 0.000392691843444, 0.000236196006881, 0.000181395604159, 0.000140166754136, 0.000141590891872, 0.000173326116055, 0.000242619338678, 0.000401909870561, 0.000323203217704, 6.60731384414e-05, 3.63578801625e-05], "median": [5.13668432234e-08, 0.000496775726788, 0.000438061368186, 0.000806542113423, 0.00156632671133, 0.00141896493733, 0.000657047494315, 0.000348546513123, 0.000331006740453, 0.00042602387839, 0.000256945379078, 0.000373124727048, 0.000200610520551, 0.000159041999723, 0.000186200413737, 0.000117555246106, 0.000234875144088, 0.000111628571176, 9.44787243498e-05, 9.16057615541e-05, 6.5563544922e-05, 5.10380486958e-05, 4.69867482025e-05, 5.73309225729e-05, 3.37549463438e-05, 1.18659618238e-05, 4.42747978013e-06], "min": [4.40000580522e-25, 1.6596158276e-24, 9.00919582884e-25, 2.37750173388e-24, 1.22483892622e-23, 7.21477511102e-24, 6.70557249645e-24, 1.24866536545e-23, 1.4482651605e-23, 8.90715943176e-24, 1.22200754665e-23, 2.83137419677e-23, 3.96893213248e-23, 2.89211901082e-23, 5.21725592116e-23, 6.96477657046e-23, 5.58720139345e-23, 1.08225859693e-22, 9.75520099764e-23, 2.05504917485e-22, 2.74348960145e-22, 3.28351727144e-22, 4.54316026748e-22, 6.3238265801e-22, 8.96290987276e-22, 1.36711831453e-21, 1.99406931811e-21], "var": [1.92108357e-10, 2.09308291232e-05, 4.42980272055e-05, 2.92811619147e-05, 6.19446873316e-05, 1.14785234473e-05, 5.7905963331e-06, 2.60736487689e-06, 4.25990037911e-06, 3.51411745214e-06, 2.36080745708e-06, 4.34504727309e-06, 1.23787606299e-06, 7.45117802126e-07, 8.8955442834e-07, 2.45462189241e-07, 3.39098249924e-07, 1.76174964395e-07, 1.75591480911e-07, 3.13452019896e-08, 1.48672015143e-07, 4.94479650115e-07, 2.66802658189e-06, 5.55676297154e-06, 3.72858221453e-06, 5.2699270725e-08, 1.74430692113e-08]}, "erbbands": {"dmean": [0.0120770893991, 0.368956834078, 2.04373717308, 4.43960618973, 11.529797554, 7.15302181244, 6.43602848053, 9.10235214233, 12.3135766983, 7.32510328293, 10.8430681229, 8.81932163239, 13.4498977661, 12.7644996643, 14.5710878372, 18.7489032745, 13.203912735, 9.16312408447, 10.0726852417, 7.88744401932, 7.92436361313, 8.65938091278, 6.93391275406, 4.81068086624, 4.52606534958, 3.00486445427, 2.92640209198, 3.23497033119, 3.89663362503, 3.45186400414, 4.46080303192, 4.41131734848, 4.3574886322, 3.15947365761, 1.00218176842, 0.310185730457, 0.0721428096294, 0.0205802731216, 0.00572607805952, 0.000373394577764], "dmean2": [0.0192477367818, 0.589906215668, 3.32796740532, 7.69945716858, 19.6256694794, 12.1775312424, 9.23780536652, 15.104136467, 20.1317844391, 11.5188360214, 16.6675567627, 13.2281847, 19.7292537689, 18.789768219, 21.7028503418, 26.9791412354, 19.2636051178, 13.743103981, 15.2176208496, 12.466506958, 12.472029686, 13.7466096878, 10.8022899628, 7.50283432007, 7.07084178925, 4.70603847504, 4.59346151352, 4.93701791763, 5.94441604614, 5.02637958527, 6.54858446121, 6.3280711174, 6.1496925354, 4.56606960297, 1.41965651512, 0.470149070024, 0.111000716686, 0.0313302651048, 0.00886646099389, 0.000571765820496], "dvar": [0.0019345061155, 1.61347854137, 47.5366249084, 175.497116089, 1123.46582031, 500.699554443, 161.626464844, 306.603851318, 642.644897461, 321.423156738, 518.746765137, 438.428314209, 989.013977051, 1001.20672607, 1234.24279785, 2281.78491211, 1047.83227539, 596.179260254, 982.191650391, 260.63470459, 360.435760498, 293.117431641, 210.323165894, 122.779266357, 188.559555054, 36.2998161316, 106.180541992, 194.739242554, 375.319213867, 501.49887085, 1085.14477539, 872.829711914, 846.19152832, 579.172119141, 31.0168437958, 2.00720119476, 0.0800391733646, 0.00530699081719, 0.000458251830423, 2.10467464967e-06], "dvar2": [0.00515737989917, 4.3217010498, 121.912605286, 477.542999268, 3075.47265625, 1385.02185059, 361.489196777, 895.440734863, 1606.87084961, 835.575378418, 1153.25756836, 975.933654785, 1988.07128906, 2091.68798828, 3001.32861328, 3754.64477539, 2172.93579102, 993.304382324, 1757.73522949, 541.147216797, 740.233398438, 659.040100098, 438.187164307, 263.598937988, 377.504760742, 85.1951370239, 230.957626343, 443.383666992, 827.538085938, 911.561706543, 2174.52514648, 1800.10742188, 1693.02038574, 1429.11743164, 56.1982002258, 4.7100481987, 0.196098953485, 0.0131314853206, 0.00115050608292, 5.31944215254e-06], "max": [0.928001999855, 25.3886699677, 146.141448975, 257.195983887, 507.110656738, 330.865753174, 299.521820068, 392.709228516, 731.384033203, 453.587646484, 710.536987305, 750.649353027, 919.886779785, 780.608215332, 1866.45129395, 1620.71765137, 1247.56726074, 1391.03820801, 1555.70129395, 552.63659668, 708.678894043, 767.735229492, 455.946746826, 402.569915771, 688.055114746, 272.741546631, 544.904541016, 531.838195801, 741.572937012, 1206.53112793, 1817.12805176, 1199.07287598, 1320.04589844, 1574.56054688, 194.917236328, 63.0676116943, 8.81034088135, 2.01037883759, 0.50301015377, 0.0441725775599], "mean": [0.0231412760913, 0.655473470688, 2.77467870712, 5.60031080246, 12.8936004639, 9.83662128448, 14.0815076828, 21.0302715302, 23.7846508026, 14.1676502228, 22.0046138763, 19.2027454376, 32.6451454163, 30.4274234772, 32.8000640869, 41.2651672363, 26.9977817535, 19.2714920044, 19.6459903717, 15.198182106, 16.3627433777, 19.014503479, 14.070775032, 10.0715885162, 9.44930839539, 6.47862005234, 5.6447019577, 5.69425868988, 6.34263944626, 5.873005867, 7.25605487823, 7.54676198959, 7.12106609344, 4.80699634552, 1.56607031822, 0.429672628641, 0.0965679734945, 0.0254530217499, 0.00624775141478, 0.000427559658419], "median": [0.00557664595544, 0.153892382979, 0.57909232378, 2.04463124275, 4.24629211426, 4.39323377609, 7.64003038406, 9.76866531372, 10.9038562775, 7.38751459122, 9.20773792267, 8.64113330841, 12.7513065338, 13.3740911484, 15.5789213181, 16.5643768311, 11.3592147827, 9.92492389679, 8.74212837219, 8.59958553314, 9.1571149826, 11.4764165878, 7.14558982849, 5.59657239914, 5.13426733017, 4.35261678696, 3.12695932388, 2.16714406013, 1.81288635731, 1.46662545204, 1.32923412323, 1.18634986877, 0.849648475647, 0.453550577164, 0.179230645299, 0.0627380982041, 0.0185452066362, 0.00472247088328, 0.000709308835212, 7.23929915694e-05], "min": [8.38714200749e-23, 3.25702113757e-22, 1.16068333635e-21, 8.69656256228e-21, 1.63317990843e-20, 3.9817169197e-20, 2.62554832775e-20, 7.75180872697e-20, 1.35457507374e-19, 2.1204489367e-19, 2.45602796865e-19, 3.01808969856e-19, 4.22879699652e-19, 3.25269879979e-19, 6.11014485352e-19, 1.27275178926e-18, 1.85151620859e-18, 1.5915105946e-18, 3.28112729139e-18, 3.06756848918e-18, 4.24446224636e-18, 4.23421182421e-18, 5.21568188693e-18, 6.72386582213e-18, 6.93778548189e-18, 8.43712561557e-18, 8.3790434745e-18, 1.08796832581e-17, 1.05736413208e-17, 1.01177142564e-17, 1.22852823217e-17, 1.1510760027e-17, 1.04613598244e-17, 8.9082231724e-18, 6.18703883948e-18, 4.40190490902e-18, 2.41420168438e-18, 9.7496604496e-19, 2.14055950685e-19, 2.67575851405e-20], "var": [0.00219079572707, 1.84263885021, 51.4273223877, 147.793884277, 863.040344238, 413.606811523, 389.560272217, 1097.35021973, 1463.25231934, 507.401580811, 1770.07214355, 1561.16943359, 4102.63916016, 3014.23364258, 3557.17529297, 8240.56445312, 3050.76245117, 1858.73034668, 3128.28466797, 799.05255127, 939.144897461, 785.668334961, 566.633056641, 284.496307373, 426.181213379, 65.2083892822, 174.872451782, 348.711425781, 648.210571289, 1218.74499512, 2349.63549805, 1964.8338623, 1998.76391602, 883.402526855, 78.1125030518, 3.13731265068, 0.103711672127, 0.00643196841702, 0.000505443138536, 2.27381065088e-06]}, "gfcc": {"mean": [-7.98908615112, 75.5029830933, -113.499824524, 14.4920892715, -59.3686828613, 5.39469671249, -41.8598098755, 0.168776378036, -27.9776611328, -5.92340946198, -14.9472284317, -2.07844638824, -10.7501363754], "cov": [[21756.2226562, -817.901672363, 338.553833008, 242.887451172, -791.087402344, 690.828613281, -536.435302734, 365.582824707, -531.36730957, -0.234633818269, -134.785797119, 66.1605072021, -269.249389648], [-817.901672363, 1480.28137207, -283.111907959, 117.273513794, 269.414703369, -52.5196914673, 207.718109131, -49.3048400879, 96.3648757935, -3.26038813591, 38.5441665649, -38.2301254272, 43.0430641174], [338.553833008, -283.111907959, 1002.03045654, 57.7625465393, 184.102355957, 119.529678345, -32.3453216553, 32.5564231873, 7.21565818787, 65.7660064697, 18.6939048767, 0.869686901569, -10.6779508591], [242.887451172, 117.273513794, 57.7625465393, 326.307891846, 54.1835441589, 91.1078796387, 36.3617515564, 39.5674247742, 61.3755111694, 18.9330825806, 19.139837265, 14.2950839996, 14.4980974197], [-791.087402344, 269.414703369, 184.102355957, 54.1835441589, 329.719085693, 7.88763332367, 137.629974365, 14.5545492172, 64.2325286865, 28.3337993622, 14.7576551437, -4.43010282516, 5.56960105896], [690.828613281, -52.5196914673, 119.529678345, 91.1078796387, 7.88763332367, 211.090087891, 56.0574417114, 78.6083908081, 3.03494286537, 16.7225971222, 28.4178562164, 18.2213191986, -2.76638317108], [-536.435302734, 207.718109131, -32.3453216553, 36.3617515564, 137.629974365, 56.0574417114, 291.951507568, 13.9531917572, 53.9846343994, 13.6099100113, 14.5152587891, 42.585483551, 14.2429962158], [365.582824707, -49.3048400879, 32.5564231873, 39.5674247742, 14.5545492172, 78.6083908081, 13.9531917572, 134.031738281, 21.3631324768, 11.5822410583, 23.3839893341, 9.34482574463, -4.48922300339], [-531.36730957, 96.3648757935, 7.21565818787, 61.3755111694, 64.2325286865, 3.03494286537, 53.9846343994, 21.3631324768, 107.262580872, 29.8992862701, 18.1519184113, 3.88376140594, 20.1838321686], [-0.234633818269, -3.26038813591, 65.7660064697, 18.9330825806, 28.3337993622, 16.7225971222, 13.6099100113, 11.5822410583, 29.8992862701, 79.691947937, 18.8000431061, 13.823302269, 4.48207139969], [-134.785797119, 38.5441665649, 18.6939048767, 19.139837265, 14.7576551437, 28.4178562164, 14.5152587891, 23.3839893341, 18.1519184113, 18.8000431061, 75.759223938, 23.9356517792, 6.4241476059], [66.1605072021, -38.2301254272, 0.869686901569, 14.2950839996, -4.43010282516, 18.2213191986, 42.585483551, 9.34482574463, 3.88376140594, 13.823302269, 23.9356517792, 75.6086883545, 22.732006073], [-269.249389648, 43.0430641174, -10.6779508591, 14.4980974197, 5.56960105896, -2.76638317108, 14.2429962158, -4.48922300339, 20.1838321686, 4.48207139969, 6.4241476059, 22.732006073, 56.3969917297]], "icov": [[7.61615228839e-05, -5.81054555369e-05, -2.85871847154e-05, -5.90417294006e-05, 0.000150665946421, -0.000202046794584, 0.000120809811051, -0.000170426457771, 0.000288392358925, -0.000119340664241, 0.000275481608696, -0.000252007710515, 0.000325323955622], [-5.81054555369e-05, 0.00115653290413, 0.000476829096442, -0.000319545826642, -0.00101031607483, 0.000293107848847, -0.000530505669303, 0.000617597135715, -0.000134471876663, 0.000149498533574, -0.00109784619417, 0.00144441949669, -0.00111127411947], [-2.85871847154e-05, 0.000476829096442, 0.00160474947188, -1.3139393559e-05, -0.0015914211981, -0.000974770227913, 0.000702833815012, 0.000599242688622, 0.000124051293824, -0.000754708424211, -0.000213353501749, 0.000197170433239, -0.000253228150541], [-5.90417294006e-05, -0.000319545826642, -1.3139393559e-05, 0.00422628968954, -0.00038370146649, -0.00197085435502, 0.00074172927998, 0.000305436522467, -0.00272501888685, 0.000467874080641, 0.000419668765971, -0.00096996827051, -6.75025075907e-05], [0.000150665946421, -0.00101031607483, -0.0015914211981, -0.00038370146649, 0.00629065185785, 0.00115609914064, -0.00230274046771, -0.00135363976005, -0.000530114222784, -0.00060982600553, 0.000445397861768, 0.000664426304866, 0.00111662934069], [-0.000202046794584, 0.000293107848847, -0.000974770227913, -0.00197085435502, 0.00115609914064, 0.00918232649565, -0.002994004637, -0.00371491746046, 0.00191622856073, -0.000369117711671, -0.00257029943168, 0.00184583768714, -0.00117724109441], [0.000120809811051, -0.000530505669303, 0.000702833815012, 0.00074172927998, -0.00230274046771, -0.002994004637, 0.0064992713742, 0.000748242600821, -0.00198238505982, 0.000470835570013, 0.00195187830832, -0.00483899749815, 0.00182295544073], [-0.000170426457771, 0.000617597135715, 0.000599242688622, 0.000305436522467, -0.00135363976005, -0.00371491746046, 0.000748242600821, 0.0110318278894, -0.00323858158663, 0.00068390002707, -0.00216881511733, -7.67530145822e-05, 0.000773244246375], [0.000288392358925, -0.000134471876663, 0.000124051293824, -0.00272501888685, -0.000530114222784, 0.00191622856073, -0.00198238505982, -0.00323858158663, 0.0166019387543, -0.00506607629359, -0.00129517249297, 0.0028928834945, -0.00396484322846], [-0.000119340664241, 0.000149498533574, -0.000754708424211, 0.000467874080641, -0.00060982600553, -0.000369117711671, 0.000470835570013, 0.00068390002707, -0.00506607629359, 0.0159980356693, -0.00234299711883, -0.00235637417063, 0.00078896956984], [0.000275481608696, -0.00109784619417, -0.000213353501749, 0.000419668765971, 0.000445397861768, -0.00257029943168, 0.00195187830832, -0.00216881511733, -0.00129517249297, -0.00234299711883, 0.0182941704988, -0.0071411114186, 0.00261339638382], [-0.000252007710515, 0.00144441949669, 0.000197170433239, -0.00096996827051, 0.000664426304866, 0.00184583768714, -0.00483899749815, -7.67530145822e-05, 0.0028928834945, -0.00235637417063, -0.0071411114186, 0.0221596546471, -0.00974449142814], [0.000325323955622, -0.00111127411947, -0.000253228150541, -6.75025075907e-05, 0.00111662934069, -0.00117724109441, 0.00182295544073, 0.000773244246375, -0.00396484322846, 0.00078896956984, 0.00261339638382, -0.00974449142814, 0.0245215948671]]}, "melbands": {"dmean": [0.000222650589421, 0.00086348579498, 0.000981161254458, 0.000734747911338, 0.000207891498576, 0.00020865976694, 0.00017953873612, 7.68809841247e-05, 8.52415687405e-05, 5.72314456804e-05, 6.81711171637e-05, 5.26092735527e-05, 5.64142101211e-05, 5.45456423424e-05, 3.39707694366e-05, 2.5572913728e-05, 1.74423785211e-05, 1.65550263773e-05, 1.18676862257e-05, 8.99032693269e-06, 1.12041871034e-05, 1.05099497887e-05, 8.47485443956e-06, 6.64700792186e-06, 3.89590513805e-06, 3.7704044189e-06, 2.98569239021e-06, 1.91210915546e-06, 1.93452592612e-06, 1.8411229803e-06, 2.08296319215e-06, 2.39427617998e-06, 2.05421065402e-06, 2.12901431951e-06, 2.78273910226e-06, 2.6281695682e-06, 3.04869877255e-06, 3.20372760143e-06, 3.32472109221e-06, 2.64157938545e-06], "dmean2": [0.00035500881495, 0.00140042486601, 0.00167986296583, 0.00125162291806, 0.000307818438159, 0.000345757172909, 0.000292141397949, 0.000121132507047, 0.000130331041873, 8.61939042807e-05, 0.00010021153139, 7.77046443545e-05, 8.43614834594e-05, 8.02700087661e-05, 4.96341563121e-05, 3.74059454771e-05, 2.64619593509e-05, 2.5251036277e-05, 1.80844672286e-05, 1.4280074538e-05, 1.79872567969e-05, 1.68481274159e-05, 1.34706651806e-05, 1.08154190457e-05, 6.12959092905e-06, 5.92554397372e-06, 4.77330058857e-06, 3.05952426061e-06, 3.06849688059e-06, 2.87324564852e-06, 3.24629581883e-06, 3.7634945329e-06, 3.01439240502e-06, 3.22336200043e-06, 4.16871125708e-06, 3.95850474888e-06, 4.45409568783e-06, 4.68172902401e-06, 4.81238521388e-06, 3.93639629692e-06], "dvar": [6.06392973168e-07, 8.54091013025e-06, 6.98571511748e-06, 5.27368410985e-06, 1.77117371436e-07, 1.50588746806e-07, 1.49593930132e-07, 3.02749505465e-08, 3.11947800924e-08, 2.02426679863e-08, 2.5207832266e-08, 1.72919580876e-08, 1.97707912264e-08, 1.64097162525e-08, 6.78864564563e-09, 3.07622238793e-09, 2.53460630262e-09, 2.49434806143e-09, 1.01952402076e-09, 3.78188508288e-10, 6.75505207326e-10, 4.20355444897e-10, 3.11577291745e-10, 2.4709193025e-10, 8.05786132263e-11, 2.01191410754e-10, 3.7304988959e-11, 1.54578867068e-11, 3.60586317749e-11, 5.49071794975e-11, 9.64908777878e-11, 1.41435405054e-10, 1.23922053175e-10, 2.66713318098e-10, 4.49541071035e-10, 3.87252258038e-10, 4.50412429576e-10, 4.99288055344e-10, 7.13869630076e-10, 3.58716167881e-10], "dvar2": [1.6319235101e-06, 2.21591672016e-05, 1.88691847143e-05, 1.44526120494e-05, 4.2479291551e-07, 4.42748500973e-07, 3.70318531395e-07, 7.93191574644e-08, 6.88481520683e-08, 4.41133707341e-08, 5.09749327193e-08, 3.60954963696e-08, 4.90136677911e-08, 2.99869107323e-08, 1.33058124518e-08, 6.41365227594e-09, 4.15047463065e-09, 4.58246995905e-09, 2.04081596067e-09, 8.03946353933e-10, 1.46208578578e-09, 9.71239533243e-10, 7.34271365932e-10, 5.53995405106e-10, 1.81973200397e-10, 4.12364004054e-10, 8.48135797704e-11, 3.77811046337e-11, 8.21253481886e-11, 1.22405932612e-10, 2.3280902206e-10, 3.31266708509e-10, 2.6690796795e-10, 5.29431332108e-10, 9.07694142072e-10, 8.6158713497e-10, 9.76761560523e-10, 1.0315013288e-09, 1.72464387216e-09, 8.74418870644e-10], "max": [0.0171435363591, 0.0611296184361, 0.0524488687515, 0.0333491824567, 0.00893925689161, 0.00820254907012, 0.0122769819573, 0.00423447275534, 0.00530988583341, 0.00512787839398, 0.00443449662998, 0.0030523231253, 0.00762401334941, 0.00361743965186, 0.0027238978073, 0.00180173013359, 0.00311940489337, 0.00236545549706, 0.00120951025747, 0.000676822033711, 0.000854438228998, 0.000862682471052, 0.000516461790539, 0.000726816593669, 0.000317383848596, 0.000817381427623, 0.000250755605521, 0.000173043066752, 0.000298652477795, 0.000391927344026, 0.000411264074501, 0.000482488976559, 0.000528540171217, 0.000931078626309, 0.00129245244898, 0.00098010757938, 0.00108009134419, 0.000797405955382, 0.00176805921365, 0.00108719128184], "mean": [0.000418069888838, 0.00128310942091, 0.00121263216715, 0.000873157870956, 0.000447412428912, 0.000483112991787, 0.000350986490957, 0.000147926504724, 0.000172757980181, 0.000122033205116, 0.000161946329172, 0.000119341850223, 0.000113953843538, 0.000117868876259, 7.10138410795e-05, 5.01310641994e-05, 3.35427757818e-05, 3.06880538119e-05, 2.28479584621e-05, 1.66779100255e-05, 2.06516924663e-05, 2.14897463593e-05, 1.53605469677e-05, 1.16946202979e-05, 7.50186381993e-06, 7.12713790563e-06, 6.06971843808e-06, 3.73185662284e-06, 3.51183030034e-06, 3.17170406561e-06, 3.37922779181e-06, 3.72334329768e-06, 3.14043177241e-06, 3.38175732395e-06, 4.21782397098e-06, 4.26219321525e-06, 4.75318165627e-06, 4.9568934628e-06, 4.89151398142e-06, 3.82697317036e-06], "median": [9.65092185652e-05, 0.000325589411659, 0.000464573153295, 0.000321091880323, 0.000258250074694, 0.000235897081438, 0.000162730953889, 7.6029842603e-05, 7.36068905098e-05, 5.01898102812e-05, 6.16267570877e-05, 5.02749680891e-05, 4.68474681838e-05, 4.24827994721e-05, 2.94845121971e-05, 2.1838088287e-05, 1.57204576681e-05, 1.29926793306e-05, 1.15442835522e-05, 9.54280676524e-06, 1.09709571916e-05, 1.24361113194e-05, 7.12321752872e-06, 5.17270882483e-06, 4.02672276323e-06, 3.48763546754e-06, 3.50317714037e-06, 2.42541659645e-06, 1.98614588953e-06, 1.4250319964e-06, 1.16889975743e-06, 1.05925857952e-06, 8.00053555849e-07, 7.46390583117e-07, 7.47458557271e-07, 6.89800458531e-07, 6.68871450671e-07, 5.73153670302e-07, 4.79991456359e-07, 3.30859080577e-07], "min": [1.3550782445e-24, 5.38987142732e-25, 1.98652333659e-24, 1.88793840319e-24, 9.76152655769e-25, 1.61894206071e-24, 2.06581529605e-24, 3.10722193425e-24, 1.96912362882e-24, 1.72928605059e-24, 1.70825265228e-24, 1.22721848569e-24, 1.82008788509e-24, 2.4873876914e-24, 3.59104590743e-24, 3.06585663218e-24, 1.89310938643e-24, 3.43924658673e-24, 3.61875701331e-24, 2.85783480034e-24, 3.76683488269e-24, 3.30086184572e-24, 3.77530764324e-24, 4.56628506227e-24, 4.88235204471e-24, 3.95232171948e-24, 4.48220787256e-24, 4.33815122165e-24, 4.79102443442e-24, 4.67307474073e-24, 5.02278387976e-24, 5.40149785656e-24, 6.17406641751e-24, 5.46419336586e-24, 6.59425791184e-24, 5.89752097199e-24, 6.39607672535e-24, 6.97815391592e-24, 6.97041361272e-24, 6.98476851461e-24], "var": [6.96016115853e-07, 9.23410880205e-06, 5.92897094975e-06, 3.9956148612e-06, 3.69594459926e-07, 5.10344648319e-07, 3.31349895077e-07, 5.033873407e-08, 1.04278676361e-07, 7.9849350243e-08, 1.02352977649e-07, 5.07678841188e-08, 4.68010412646e-08, 5.99964877779e-08, 2.38248425433e-08, 8.41352676417e-09, 7.51063478077e-09, 8.16609269094e-09, 2.79529310809e-09, 9.96376314788e-10, 1.56763069192e-09, 1.05304198694e-09, 7.39964256535e-10, 5.24646937006e-10, 1.65765318139e-10, 4.11530781674e-10, 8.26949619892e-11, 2.3822553305e-11, 5.56131043994e-11, 9.19525219856e-11, 1.49260867555e-10, 2.20992016353e-10, 2.10221104413e-10, 5.71568736785e-10, 9.05845676247e-10, 7.63421770245e-10, 8.59420534738e-10, 1.08749709238e-09, 1.03818054153e-09, 5.68377234167e-10]}, "mfcc": {"mean": [-645.815307617, 112.908660889, 0.312396913767, 9.34328651428, 1.42558526993, -1.75375318527, -2.5329041481, -1.25133359432, -5.78858232498, -6.78435373306, -7.26958656311, -1.94078338146, -2.62855672836], "cov": [[9473.19238281, 383.506896973, 475.382019043, -94.1015396118, 139.40447998, -14.4037237167, 226.173294067, 165.848297119, -51.760383606, -41.5574989319, 26.7811107635, 75.4271774292, 0.209813222289], [383.506896973, 1056.52709961, -202.760421753, 158.569580078, 7.21564769745, 100.984451294, 98.7135391235, 50.3053207397, 62.7597198486, 32.2722549438, 33.5477828979, 45.1725692749, 28.3736686707], [475.382019043, -202.760421753, 628.196960449, 5.21489953995, 201.515930176, 37.940410614, 29.2350349426, -21.3391513824, 0.698770403862, 7.26885080338, 15.3746843338, 8.23559570312, -0.845182299614], [-94.1015396118, 158.569580078, 5.21489953995, 269.190948486, 59.1653175354, 102.680969238, 21.2423534393, 38.4436988831, 48.4172019958, 40.0474815369, 23.5192165375, 25.4943084717, 11.2103261948], [139.40447998, 7.21564769745, 201.515930176, 59.1653175354, 270.48928833, -3.55951666832, 24.6581001282, -11.9760217667, 18.4423789978, 35.4112892151, 30.3378753662, 4.36736774445, 3.98414182663], [-14.4037237167, 100.984451294, 37.940410614, 102.680969238, -3.55951666832, 193.259490967, 65.8080291748, 57.908039093, 50.9241409302, 29.4801330566, 21.6564731598, 39.0888557434, 13.1813001633], [226.173294067, 98.7135391235, 29.2350349426, 21.2423534393, 24.6581001282, 65.8080291748, 154.090759277, 82.4468002319, 33.4379348755, 13.4898824692, 38.212348938, 30.9113636017, 18.6505508423], [165.848297119, 50.3053207397, -21.3391513824, 38.4436988831, -11.9760217667, 57.908039093, 82.4468002319, 139.970748901, 48.8870124817, 22.0275039673, 16.2334060669, 37.0245437622, 24.9347858429], [-51.760383606, 62.7597198486, 0.698770403862, 48.4172019958, 18.4423789978, 50.9241409302, 33.4379348755, 48.8870124817, 96.858215332, 37.18201828, 15.3250303268, 21.6619815826, 15.4125423431], [-41.5574989319, 32.2722549438, 7.26885080338, 40.0474815369, 35.4112892151, 29.4801330566, 13.4898824692, 22.0275039673, 37.18201828, 82.2626190186, 30.7738170624, 10.6066999435, 2.3638586998], [26.7811107635, 33.5477828979, 15.3746843338, 23.5192165375, 30.3378753662, 21.6564731598, 38.212348938, 16.2334060669, 15.3250303268, 30.7738170624, 76.1413497925, 22.0462055206, 5.78549957275], [75.4271774292, 45.1725692749, 8.23559570312, 25.4943084717, 4.36736774445, 39.0888557434, 30.9113636017, 37.0245437622, 21.6619815826, 10.6066999435, 22.0462055206, 81.8035964966, 38.2921943665], [0.209813222289, 28.3736686707, -0.845182299614, 11.2103261948, 3.98414182663, 13.1813001633, 18.6505508423, 24.9347858429, 15.4125423431, 2.3638586998, 5.78549957275, 38.2921943665, 68.2381134033]], "icov": [[0.000123295016238, -8.00578854978e-05, -0.000129129970446, 5.91579628235e-05, 3.47278523805e-06, 9.86213490251e-05, -8.75713521964e-05, -0.000197471585125, 0.000152846492711, 3.57125827577e-05, 3.40502010658e-05, -0.000111243163701, 0.000122208773973], [-8.00578854978e-05, 0.00129336572718, 0.000627097091638, -0.00059976632474, -0.000201193397515, -0.000258345302427, -0.000853489444125, 0.000703485216945, -0.000410562061006, -2.81169855043e-06, 0.000107550215034, -0.000207845529076, -0.000193035200937], [-0.000129129970446, 0.000627097091638, 0.00263884128071, 0.000291904289043, -0.00199880055152, -0.00118329061661, -0.000374969880795, 0.000772410421632, -4.34204630437e-05, 0.000424273952376, 0.000202033101232, -0.000211229693377, -1.35963618959e-05], [5.91579628235e-05, -0.00059976632474, 0.000291904289043, 0.00572477653623, -0.00158436305355, -0.00284676277079, 0.00177782797255, -0.0011128091719, -0.000458488299046, -0.000434814370237, -0.000548442476429, 6.30163121969e-05, 5.21846641277e-06], [3.47278523805e-06, -0.000201193397515, -0.00199880055152, -0.00158436305355, 0.00612095696852, 0.0020410718862, -0.00130673672538, 0.0012647586409, -0.000620034465101, -0.00190254417248, -0.000796339474618, 0.000232224920182, -0.000394319999032], [9.86213490251e-05, -0.000258345302427, -0.00118329061661, -0.00284676277079, 0.0020410718862, 0.00908274762332, -0.00280281249434, -0.000230197911151, -0.00175789312925, -0.00115655630361, 0.00067152507836, -0.00237926305272, 0.00125196552835], [-8.75713521964e-05, -0.000853489444125, -0.000374969880795, 0.00177782797255, -0.00130673672538, -0.00280281249434, 0.0128384521231, -0.00657627638429, -3.0817300285e-05, 0.00246502528898, -0.00498864939436, 0.000871837080922, -0.000574486854021], [-0.000197471585125, 0.000703485216945, 0.000772410421632, -0.0011128091719, 0.0012647586409, -0.000230197911151, -0.00657627638429, 0.0138393696398, -0.00376878981479, -0.00173049804289, 0.00211359816603, -0.00241052126512, -0.00130386441015], [0.000152846492711, -0.000410562061006, -4.34204630437e-05, -0.000458488299046, -0.000620034465101, -0.00175789312925, -3.0817300285e-05, -0.00376878981479, 0.0159567445517, -0.00508455373347, 0.000895455887076, -0.00038378147292, -0.00128211535048], [3.57125827577e-05, -2.81169855043e-06, 0.000424273952376, -0.000434814370237, -0.00190254417248, -0.00115655630361, 0.00246502528898, -0.00173049804289, -0.00508455373347, 0.0181954577565, -0.00638610776514, 0.000822010391857, 0.000969111977611], [3.40502010658e-05, 0.000107550215034, 0.000202033101232, -0.000548442476429, -0.000796339474618, 0.00067152507836, -0.00498864939436, 0.00211359816603, 0.000895455887076, -0.00638610776514, 0.018976252526, -0.00451528793201, 0.00149957428221], [-0.000111243163701, -0.000207845529076, -0.000211229693377, 6.30163121969e-05, 0.000232224920182, -0.00237926305272, 0.000871837080922, -0.00241052126512, -0.00038378147292, 0.000822010391857, -0.00451528793201, 0.0200601406395, -0.00965345930308], [0.000122208773973, -0.000193035200937, -1.35963618959e-05, 5.21846641277e-06, -0.000394319999032, 0.00125196552835, -0.000574486854021, -0.00130386441015, -0.00128211535048, 0.000969111977611, 0.00149957428221, -0.00965345930308, 0.020694039762]]}, "spectral_contrast_coeffs": {"dmean": [0.0461412630975, 0.0395441427827, 0.0320222452283, 0.0268770810217, 0.0204950422049, 0.015356243588], "dmean2": [0.0749762654305, 0.0651270523667, 0.0509804971516, 0.0434302873909, 0.0327221564949, 0.0243133697659], "dvar": [0.00184335547965, 0.00107397523243, 0.000704210367985, 0.000454428372905, 0.000278356106719, 0.000201257716981], "dvar2": [0.00476666959003, 0.00293770851567, 0.00174643262289, 0.00114647403825, 0.000702571182046, 0.000478145084344], "max": [-0.224295735359, -0.436155438423, -0.510380387306, -0.555974304676, -0.589561998844, -0.631411850452], "mean": [-0.598322570324, -0.72646188736, -0.754597723484, -0.776944100857, -0.778307974339, -0.775369286537], "median": [-0.60203319788, -0.728817343712, -0.759254217148, -0.781588554382, -0.782276749611, -0.775716781616], "min": [-0.979836702347, -0.975697278976, -0.980492532253, -0.970400035381, -0.96605694294, -0.964548408985], "var": [0.00837757624686, 0.00403205491602, 0.003188774921, 0.00216631568037, 0.0018482406158, 0.00199726060964]}, "spectral_contrast_valleys": {"dmean": [0.385217040777, 0.301166504622, 0.266296803951, 0.229923427105, 0.207871362567, 0.26899972558], "dmean2": [0.630138278008, 0.488230258226, 0.426398456097, 0.363089323044, 0.296784102917, 0.33541944623], "dvar": [0.149423927069, 0.0778920575976, 0.0669682025909, 0.055214241147, 0.0574223473668, 0.110873766243], "dvar2": [0.346555143595, 0.179037362337, 0.148840501904, 0.115254379809, 0.104075022042, 0.1741438061], "max": [-5.23988771439, -4.65864562988, -4.9889497757, -6.0036