{"lowlevel": {"average_loudness": 0.805492639542, "barkbands_crest": {"dmean": 2.44041371346, "dmean2": 3.92046499252, "dvar": 6.22340869904, "dvar2": 15.7708721161, "max": 23.4924697876, "mean": 11.7883319855, "median": 11.6935844421, "min": 2.881929636, "var": 16.317943573}, "barkbands_flatness_db": {"dmean": 0.029225807637, "dmean2": 0.0399109832942, "dvar": 0.000784772681072, "dvar2": 0.00151520024519, "max": 0.404787272215, "mean": 0.142760261893, "median": 0.129726558924, "min": 0.0259457193315, "var": 0.00425190618262}, "barkbands_kurtosis": {"dmean": 2.89729046822, "dmean2": 4.54381513596, "dvar": 20.2625598907, "dvar2": 48.2036781311, "max": 65.3346405029, "mean": 4.99381732941, "median": 2.76621127129, "min": -1.78054738045, "var": 49.600151062}, "barkbands_skewness": {"dmean": 0.501484692097, "dmean2": 0.775034666061, "dvar": 0.327421247959, "dvar2": 0.757079839706, "max": 7.08224439621, "mean": 1.91789829731, "median": 1.76073026657, "min": -0.760050952435, "var": 1.19638800621}, "barkbands_spread": {"dmean": 7.28581666946, "dmean2": 10.7264719009, "dvar": 79.9704284668, "dvar2": 167.059066772, "max": 92.2670669556, "mean": 23.752696991, "median": 21.6832942963, "min": 2.17919135094, "var": 181.693588257}, "dissonance": {"dmean": 0.0198432002217, "dmean2": 0.0326836854219, "dvar": 0.000356108532287, "dvar2": 0.000940670724958, "max": 0.499806076288, "mean": 0.449419409037, "median": 0.457388281822, "min": 0.25259655714, "var": 0.00107610516716}, "dynamic_complexity": 1.92268383503, "erbbands_crest": {"dmean": 2.03652215004, "dmean2": 3.10435318947, "dvar": 4.07605648041, "dvar2": 9.11032772064, "max": 26.9548511505, "mean": 9.23673152924, "median": 8.27030181885, "min": 2.35457611084, "var": 17.6385440826}, "erbbands_flatness_db": {"dmean": 0.0234253406525, "dmean2": 0.0292941257358, "dvar": 0.000528277887497, "dvar2": 0.000992688233964, "max": 0.375692486763, "mean": 0.140330255032, "median": 0.126304388046, "min": 0.0440084449947, "var": 0.00362989865243}, "erbbands_kurtosis": {"dmean": 0.575513839722, "dmean2": 0.899558067322, "dvar": 0.526527881622, "dvar2": 1.27939295769, "max": 8.21845626831, "mean": 0.0107333781198, "median": -0.278759241104, "min": -1.75590693951, "var": 1.37467432022}, "erbbands_skewness": {"dmean": 0.275313943624, "dmean2": 0.412338852882, "dvar": 0.0708824545145, "dvar2": 0.162248045206, "max": 2.64369869232, "mean": 0.329135805368, "median": 0.31516379118, "min": -1.68167436123, "var": 0.342497438192}, "erbbands_spread": {"dmean": 8.79343223572, "dmean2": 12.7225618362, "dvar": 95.7309188843, "dvar2": 202.352157593, "max": 120.982749939, "mean": 45.6089248657, "median": 43.5852203369, "min": 8.78921604156, "var": 300.048126221}, "hfc": {"dmean": 12.6068916321, "dmean2": 16.9616584778, "dvar": 300.887695312, "dvar2": 649.425842285, "max": 137.720993042, "mean": 27.9128742218, "median": 19.8398132324, "min": 5.72466660742e-08, "var": 549.591369629}, "melbands_crest": {"dmean": 2.99160242081, "dmean2": 4.91662693024, "dvar": 10.5344581604, "dvar2": 27.9461727142, "max": 32.7136230469, "mean": 15.6536121368, "median": 15.8642501831, "min": 4.04237270355, "var": 20.4479064941}, "melbands_flatness_db": {"dmean": 0.0327686443925, "dmean2": 0.04572744295, "dvar": 0.00106206885539, "dvar2": 0.00211942661554, "max": 0.460058093071, "mean": 0.218994423747, "median": 0.208607524633, "min": 0.0360557846725, "var": 0.00514208059758}, "melbands_kurtosis": {"dmean": 7.21157073975, "dmean2": 11.5418672562, "dvar": 127.024597168, "dvar2": 319.710540771, "max": 139.756347656, "mean": 17.0036296844, "median": 11.6768455505, "min": -1.66177415848, "var": 307.723327637}, "melbands_skewness": {"dmean": 0.675845444202, "dmean2": 1.04746901989, "dvar": 0.61141872406, "dvar2": 1.48726785183, "max": 10.5639562607, "mean": 3.21057033539, "median": 2.93296957016, "min": 0.069349437952, "var": 2.26484012604}, "melbands_spread": {"dmean": 5.98212575912, "dmean2": 9.21163845062, "dvar": 70.22215271, "dvar2": 151.948318481, "max": 124.351280212, "mean": 20.0026454926, "median": 17.0386962891, "min": 1.85062527657, "var": 180.767807007}, "pitch_salience": {"dmean": 0.0631635040045, "dmean2": 0.10217320919, "dvar": 0.00449510803446, "dvar2": 0.0112784141675, "max": 0.865475893021, "mean": 0.470618605614, "median": 0.465416073799, "min": 0.200929939747, "var": 0.0106020290405}, "silence_rate_20dB": {"dmean": 0, "dmean2": 0, "dvar": 0, "dvar2": 0, "max": 1, "mean": 1, "median": 1, "min": 1, "var": 0}, "silence_rate_30dB": {"dmean": 0.0665993914008, "dmean2": 0.133243605494, "dvar": 0.0621644295752, "dvar2": 0.142411455512, "max": 1, "mean": 0.895090758801, "median": 1, "min": 0, "var": 0.0939039960504}, "silence_rate_60dB": {"dmean": 0.00403632689267, "dmean2": 0.00740242283791, "dvar": 0.0040199579671, "dvar2": 0.00936693884432, "max": 1, "mean": 0.00369872222655, "median": 0, "min": 0, "var": 0.00368475518189}, "spectral_centroid": {"dmean": 222.214447021, "dmean2": 335.041656494, "dvar": 66136.234375, "dvar2": 144741.578125, "max": 3237.17553711, "mean": 1157.03662109, "median": 1094.60400391, "min": 337.316925049, "var": 205639.8125}, "spectral_complexity": {"dmean": 3.5412042141, "dmean2": 5.43405103683, "dvar": 21.7604598999, "dvar2": 48.7689628601, "max": 52, "mean": 17.9092140198, "median": 17, "min": 0, "var": 65.8257751465}, "spectral_decrease": {"dmean": 3.82014464506e-09, "dmean2": 6.05125327624e-09, "dvar": 3.75380650026e-17, "dvar2": 9.32028203649e-17, "max": -1.32147179676e-18, "mean": -1.16664375938e-08, "median": -8.56563087126e-09, "min": -6.02671974548e-08, "var": 1.03983074859e-16}, "spectral_energy": {"dmean": 0.0150712123141, "dmean2": 0.0236890241504, "dvar": 0.000559154024813, "dvar2": 0.00137838651426, "max": 0.232632622123, "mean": 0.0465635545552, "median": 0.0349109172821, "min": 1.01799818575e-11, "var": 0.00155896262731}, "spectral_energyband_high": {"dmean": 0.00102080975194, "dmean2": 0.00139465974644, "dvar": 2.33403648053e-06, "dvar2": 4.92474691782e-06, "max": 0.0140384696424, "mean": 0.00151144189294, "median": 0.000736237037927, "min": 4.655198102e-12, "var": 3.7911927393e-06}, "spectral_energyband_low": {"dmean": 0.010455461219, "dmean2": 0.0172423310578, "dvar": 0.000445768731879, "dvar2": 0.0011373864254, "max": 0.210809662938, "mean": 0.02597961016, "median": 0.0127044022083, "min": 7.05483089482e-13, "var": 0.001173417666}, "spectral_energyband_middle_high": {"dmean": 0.00187090784311, "dmean2": 0.0027985163033, "dvar": 7.60735156291e-06, "dvar2": 1.83009015018e-05, "max": 0.026634240523, "mean": 0.00542182382196, "median": 0.00471390597522, "min": 3.96716774015e-12, "var": 1.46374613905e-05}, "spectral_energyband_middle_low": {"dmean": 0.00607198290527, "dmean2": 0.00953108258545, "dvar": 0.000153448796482, "dvar2": 0.00038023563684, "max": 0.121864311397, "mean": 0.0141959432513, "median": 0.0113061117008, "min": 9.48525546302e-13, "var": 0.000166265846929}, "spectral_entropy": {"dmean": 0.29416257143, "dmean2": 0.367986917496, "dvar": 0.0937371104956, "dvar2": 0.177560701966, "max": 8.63304710388, "mean": 7.38769817352, "median": 7.51974773407, "min": 4.84089946747, "var": 0.43517139554}, "spectral_flux": {"dmean": 0.0367030911148, "dmean2": 0.0543682314456, "dvar": 0.00207201601006, "dvar2": 0.00442644720897, "max": 0.409249961376, "mean": 0.0840389952064, "median": 0.0638589859009, "min": 0.000238432839978, "var": 0.00425175158307}, "spectral_kurtosis": {"dmean": 1.74676775932, "dmean2": 2.5584127903, "dvar": 5.67979764938, "dvar2": 12.5514974594, "max": 53.4096946716, "mean": 4.42726564407, "median": 3.3626935482, "min": -0.321253299713, "var": 14.0944395065}, "spectral_rms": {"dmean": 0.000994317699224, "dmean2": 0.00149969907943, "dvar": 1.79281471446e-06, "dvar2": 4.06331355407e-06, "max": 0.0150651466101, "mean": 0.00615665502846, "median": 0.00583604536951, "min": 9.96578677359e-08, "var": 7.52348114474e-06}, "spectral_rolloff": {"dmean": 621.913879395, "dmean2": 1058.76281738, "dvar": 1744751.625, "dvar2": 3858809.75, "max": 12295.4589844, "mean": 1421.4041748, "median": 990.52734375, "min": 64.599609375, "var": 2505422.5}, "spectral_skewness": {"dmean": 0.245280057192, "dmean2": 0.349321931601, "dvar": 0.070660687983, "dvar2": 0.146335542202, "max": 5.38877010345, "mean": 1.70642447472, "median": 1.59870946407, "min": 0.578277945518, "var": 0.247349500656}, "spectral_spread": {"dmean": 1225431.875, "dmean2": 1601505, "dvar": 1718733766660.0, "dvar2": 3605054619650.0, "max": 28750350, "mean": 5899374, "median": 5639867.5, "min": 1454903.625, "var": 4252401139710.0}, "spectral_strongpeak": {"dmean": 0.488446056843, "dmean2": 0.865531146526, "dvar": 2.2520210743, "dvar2": 6.14338254929, "max": 24.7001533508, "mean": 0.993820488453, "median": 0.538077056408, "min": 0, "var": 2.59942150116}, "zerocrossingrate": {"dmean": 0.0161081906408, "dmean2": 0.0181505251676, "dvar": 0.000281628250377, "dvar2": 0.000362854509149, "max": 0.263671875, "mean": 0.0678223297, "median": 0.0615234375, "min": 0.0078125, "var": 0.00137595133856}, "barkbands": {"dmean": [0.00175230996683, 0.00828242208809, 0.00189420732204, 0.000507104734425, 0.00418317131698, 0.000882641761564, 0.00121596106328, 0.000732194224838, 0.000457403162727, 0.000630780297797, 0.000289267482003, 0.000254890852375, 0.00039633482811, 0.000289855030132, 0.000193314161152, 0.000295599689707, 0.000238697059103, 0.000125811435282, 0.000148847349919, 7.96625390649e-05, 0.000133852256113, 0.000186419711099, 0.000163497737958, 0.000208208934055, 0.00023770883854, 0.000115587339678, 5.05688003614e-05], "dmean2": [0.00310899550095, 0.0136044519022, 0.00306403171271, 0.000838719599415, 0.00686021242291, 0.00153661251534, 0.00174976570997, 0.00116843055002, 0.000677013595123, 0.000934413517825, 0.000454902648926, 0.000397588970372, 0.000600746599957, 0.000446578429546, 0.000327278510667, 0.000466081197374, 0.000386444298783, 0.000197633882635, 0.000246226525633, 0.000130104017444, 0.00021618307801, 0.000273459416348, 0.000239721572143, 0.000293655204587, 0.000339554535458, 0.000167439458892, 7.68543468439e-05], "dvar": [3.28852693201e-05, 0.000279914820567, 1.15394987006e-05, 8.48940089782e-07, 0.000102167694422, 3.92768515667e-06, 4.50426705356e-06, 2.00408862838e-06, 1.72535851561e-06, 1.35380139454e-06, 3.74045612261e-07, 2.92405843538e-07, 1.09507698198e-06, 3.64751770121e-07, 2.57759012356e-07, 2.32128897437e-07, 1.79120561938e-07, 7.23310975559e-08, 1.40332005572e-07, 1.83977526547e-08, 5.6928474379e-08, 1.06102667985e-07, 1.0657684868e-07, 1.94357468786e-07, 2.06945870218e-07, 3.82592588721e-08, 5.67618974046e-09], "dvar2": [9.03110558284e-05, 0.000735563458875, 2.68693638645e-05, 2.1273542643e-06, 0.000258405169006, 1.12352045107e-05, 1.00171300801e-05, 5.05746857016e-06, 3.1931203921e-06, 3.28885289491e-06, 9.70926180344e-07, 7.76986951223e-07, 2.56698854173e-06, 8.64299238401e-07, 7.12535324965e-07, 5.36570041731e-07, 4.45558498541e-07, 1.69934509131e-07, 3.31051012381e-07, 4.96098699898e-08, 1.48346984474e-07, 2.45897297191e-07, 2.5127044978e-07, 4.33808509115e-07, 4.47704110229e-07, 8.2399594703e-08, 1.27539960815e-08], "max": [0.0687186866999, 0.180462166667, 0.050424233079, 0.0129537992179, 0.101109519601, 0.0238460991532, 0.0274373032153, 0.0331839695573, 0.0352830439806, 0.0197994671762, 0.00795917399228, 0.00837909709662, 0.0178138203919, 0.0111896684393, 0.00755219208077, 0.00862739607692, 0.00609755702317, 0.00541012687609, 0.0107480669394, 0.00129360030405, 0.00211183191277, 0.00342725566588, 0.00504279416054, 0.00700451992452, 0.00429237773642, 0.00183701829519, 0.000686818093527], "mean": [0.00182528921869, 0.0191211234778, 0.00471340399235, 0.00109291169792, 0.00679891556501, 0.00155956600793, 0.00233528809622, 0.00136331957765, 0.000731742300559, 0.00116139196325, 0.000582776556257, 0.00051599368453, 0.0006344547146, 0.000530529534444, 0.000281657528831, 0.000709907093551, 0.000541674322449, 0.000261950131971, 0.000243897215114, 0.000119476106192, 0.000201599177672, 0.000260594359133, 0.00021933671087, 0.000292306882329, 0.000282307126326, 0.000131970009534, 5.02833827341e-05], "median": [0.000146941019921, 0.00914450269192, 0.00112721789628, 0.000293097749818, 0.00427234265953, 0.00102719501592, 0.00119299557991, 0.000831034616567, 0.000237826199736, 0.000570324657019, 0.000275634578429, 0.000279956759186, 0.000181160488864, 0.000301282037981, 0.000126265542349, 0.00034681786201, 0.000257481704466, 8.64962494234e-05, 9.50577159529e-05, 6.42186787445e-05, 0.000111268163892, 0.000116604540381, 8.96549463505e-05, 0.000111847934022, 6.3755971496e-05, 3.05821013171e-05, 9.30419992073e-06], "min": [1.617729659e-13, 2.86672324334e-13, 2.24518550995e-13, 2.17868014211e-13, 2.98630857456e-13, 2.43188021126e-14, 5.12818310223e-14, 6.88520963334e-14, 2.01874880202e-13, 5.73059991387e-13, 2.99373183578e-13, 1.610358575e-13, 1.7343750405e-13, 2.04353813602e-13, 7.04888689193e-14, 6.91209174858e-14, 5.39891102744e-13, 4.04555214198e-13, 1.08594643694e-12, 6.68119422634e-13, 6.63673814256e-13, 4.02456957734e-13, 5.39418661648e-13, 3.3235957389e-13, 8.79173903817e-13, 9.10518513884e-13, 6.61157109963e-13], "var": [2.52325589827e-05, 0.000652326038107, 4.84875454276e-05, 2.5886486128e-06, 9.51983674895e-05, 3.54833468919e-06, 9.29078305489e-06, 3.17861668009e-06, 3.46933279616e-06, 2.48512787948e-06, 6.48163620554e-07, 4.85572513753e-07, 1.59846661063e-06, 5.75578553708e-07, 2.51230801496e-07, 9.43573581935e-07, 6.4196706262e-07, 3.345571713e-07, 4.9584343742e-07, 2.09734274392e-08, 6.57749481547e-08, 1.40390696401e-07, 1.31724618768e-07, 2.94270734003e-07, 2.78809523024e-07, 5.33948139037e-08, 7.23835702487e-09]}, "erbbands": {"dmean": [0.32380849123, 1.62872409821, 2.45906233788, 1.76348364353, 4.2481803894, 20.8104152679, 11.3898353577, 7.97989797592, 17.5989208221, 18.1365756989, 8.89281368256, 12.8854951859, 12.5503091812, 18.4548969269, 14.0057144165, 10.3854446411, 18.1955890656, 15.6685733795, 11.1490392685, 14.459895134, 11.7552289963, 10.7407970428, 8.05908679962, 8.34993553162, 5.00014781952, 3.73343992233, 5.01144218445, 5.4004034996, 7.97305297852, 4.90759468079, 4.87994813919, 4.51042222977, 3.07585644722, 2.36787819862, 1.99252223969, 0.554989874363, 0.21787647903, 0.0541086010635, 0.00886247865856, 0.000459055358078], "dmean2": [0.546283006668, 2.64689040184, 4.04739952087, 2.7951002121, 7.05566263199, 34.4262161255, 18.9106636047, 13.8896389008, 25.1758499146, 28.2854480743, 13.8372478485, 18.941411972, 19.6870918274, 26.4178695679, 21.3293361664, 16.5072288513, 27.5116539001, 24.0162086487, 18.2116298676, 23.5615272522, 18.6090011597, 17.3890781403, 12.827955246, 13.7463417053, 8.26154899597, 6.13163757324, 8.23036766052, 8.49487304688, 11.9507236481, 7.07850408554, 7.17918682098, 6.4040350914, 4.37926626205, 3.34807658195, 2.91274094582, 0.785198450089, 0.324774801731, 0.08064160496, 0.0134831890464, 0.000700877048075], "dvar": [0.559861600399, 9.39616966248, 18.6828079224, 11.0481433868, 89.0810394287, 3054.06225586, 443.24319458, 316.347991943, 980.867736816, 850.617980957, 285.109039307, 1548.91320801, 1032.44970703, 1004.9107666, 799.27545166, 571.733154297, 1986.12719727, 1157.94433594, 612.048034668, 682.497924805, 395.948150635, 358.822784424, 324.575042725, 636.618713379, 85.263458252, 38.7767791748, 101.255851746, 77.3634490967, 274.547821045, 78.2326965332, 98.3228759766, 122.285140991, 30.9622039795, 17.9393939972, 17.7816238403, 1.0305198431, 0.167119130492, 0.00744098098949, 0.00017787431716, 4.49520996426e-07], "dvar2": [1.51338768005, 24.4991779327, 42.6577186584, 24.4339904785, 232.37840271, 7645.22216797, 1226.63037109, 906.578979492, 2275.26586914, 2039.77893066, 696.719055176, 2855.49731445, 2512.4699707, 2221.44213867, 1957.57348633, 1549.01330566, 4642.00976562, 2758.37426758, 1653.4498291, 1798.68847656, 920.621032715, 890.403686523, 759.201538086, 1462.25756836, 230.97718811, 104.655326843, 274.423461914, 194.097198486, 653.379394531, 175.420043945, 236.464202881, 278.718048096, 68.0174102783, 36.9509315491, 40.1712837219, 2.24067187309, 0.379965543747, 0.0167727191001, 0.000391798414057, 1.02767967292e-06], "max": [7.61522912979, 36.4144172668, 64.9882049561, 41.4931335449, 96.907081604, 574.669616699, 239.838546753, 200.222854614, 355.818634033, 506.496063232, 302.687194824, 1080.19970703, 768.91973877, 380.438690186, 412.832092285, 363.643707275, 671.104492188, 606.311889648, 322.833740234, 369.132171631, 340.298095703, 301.511383057, 385.690979004, 776.358703613, 89.4243240356, 58.8247413635, 104.407577515, 84.9170684814, 184.794448853, 91.4652023315, 167.632247925, 193.88999939, 122.228805542, 50.6917762756, 51.2120056152, 12.718870163, 5.65112495422, 0.76911175251, 0.117819808424, 0.00494003295898], "mean": [0.636147618294, 3.84742712975, 6.57285070419, 4.25848293304, 7.31575632095, 27.8392982483, 23.2995910645, 15.051240921, 34.1431846619, 35.3260993958, 17.4648914337, 21.4060611725, 21.0787887573, 36.4019165039, 32.9025306702, 20.2894496918, 30.8498725891, 29.415769577, 19.0271377563, 29.471118927, 29.983133316, 25.1817569733, 18.67827034, 14.5388374329, 7.01122999191, 5.77124547958, 7.05984163284, 8.27733230591, 10.5724887848, 7.05783128738, 6.517827034, 6.38903188705, 4.14548301697, 2.98369550705, 2.24526596069, 0.641161859035, 0.240458056331, 0.0576634556055, 0.0088494149968, 0.000484368560137], "median": [0.171737000346, 2.2146024704, 1.87206888199, 1.42200684547, 3.46635103226, 13.860906601, 16.3209247589, 10.641740799, 18.4754009247, 23.6413345337, 10.4887466431, 7.23102664948, 11.962469101, 13.6749038696, 15.7161579132, 12.7369508743, 11.374753952, 16.9001350403, 10.726319313, 16.5197296143, 17.7071151733, 12.3343086243, 7.06535816193, 5.44514942169, 3.38950586319, 3.34040975571, 3.97285366058, 4.55391693115, 4.33320236206, 3.04179763794, 2.67900466919, 2.24351549149, 1.56342577934, 0.822083950043, 0.437370717525, 0.144677340984, 0.0556721352041, 0.0117774158716, 0.00161633535754, 0.000142464006785], "min": [9.75068463471e-12, 6.10032163673e-11, 2.270680588e-10, 5.52473400361e-10, 9.26955789904e-10, 9.93834015084e-10, 5.38071254219e-10, 1.40867664755e-10, 5.34240984784e-10, 1.0142390261e-09, 2.15426254613e-09, 4.65005900452e-09, 1.04415693869e-08, 2.2167466085e-08, 8.32145286012e-09, 6.45907238805e-09, 8.32521873662e-09, 6.70060362751e-09, 1.01178452283e-08, 2.3533004434e-09, 6.79707135021e-09, 3.36444827553e-08, 2.11473576428e-08, 2.47275337983e-08, 7.55338120939e-08, 3.0015204544e-08, 2.20643876503e-08, 2.26191119168e-08, 2.04751842148e-08, 1.2772830793e-08, 1.63879079196e-08, 7.29969018565e-09, 6.89923407293e-09, 6.23846840853e-09, 8.7697591411e-09, 3.06223935098e-09, 1.74349779059e-09, 6.48190556785e-10, 1.02195842067e-10, 7.68812704471e-12], "var": [1.01239490509, 23.6725311279, 89.0741653442, 37.5860099792, 105.527069092, 2649.07910156, 550.038818359, 280.16027832, 1876.71826172, 1447.77587891, 467.563079834, 3146.49365234, 1476.20178223, 2613.94995117, 2115.20483398, 782.672302246, 3085.89306641, 1747.0814209, 697.950134277, 1569.12512207, 1398.05090332, 1321.38549805, 1617.07446289, 2496.1328125, 95.9957199097, 45.1810340881, 96.8064041138, 103.117179871, 318.010375977, 108.196716309, 120.789665222, 178.040161133, 47.5485610962, 26.937379837, 21.8911170959, 1.41160666943, 0.208968639374, 0.00973634142429, 0.000230200908845, 5.58731073852e-07]}, "gfcc": {"mean": [28.6556587219, 69.5596847534, -98.7192611694, 14.5725374222, -61.620010376, 9.00780296326, -44.781375885, 2.00982379913, -16.5210838318, 2.70690393448, -12.0718021393, 8.73773574829, -4.25841808319], "cov": [[5561.12304688, -543.18560791, 1434.23205566, 1022.5592041, 1151.78637695, 1028.13574219, 637.422607422, 435.063201904, 98.235534668, 465.9715271, -132.911468506, -37.505317688, -224.413131714], [-543.18560791, 1582.42260742, -42.0329704285, 518.028320312, 413.978424072, 232.051376343, 334.686462402, 18.9973754883, 168.54347229, 28.3009586334, 26.9404163361, -119.659667969, 80.8718185425], [1434.23205566, -42.0329704285, 922.028259277, 453.006439209, 511.990753174, 437.83883667, 300.290740967, 188.99281311, 113.733413696, 159.458557129, -50.3087005615, -36.234577179, -79.2037963867], [1022.5592041, 518.028320312, 453.006439209, 782.789916992, 566.440856934, 399.206451416, 327.749908447, 182.747055054, 170.386154175, 159.055053711, -41.9257087708, -71.4404220581, -17.6754741669], [1151.78637695, 413.978424072, 511.990753174, 566.440856934, 656.801879883, 437.809783936, 314.520965576, 189.028762817, 163.71522522, 155.674743652, -44.2066612244, -42.1696968079, -24.6263637543], [1028.13574219, 232.051376343, 437.83883667, 399.206451416, 437.809783936, 497.902008057, 312.06262207, 111.614990234, 122.009910583, 183.029342651, -23.0739364624, -47.2916679382, -24.0482501984], [637.422607422, 334.686462402, 300.290740967, 327.749908447, 314.520965576, 312.06262207, 366.28302002, 92.1215820312, 67.847946167, 122.934516907, 44.9484596252, -44.2253494263, -50.4645462036], [435.063201904, 18.9973754883, 188.99281311, 182.747055054, 189.028762817, 111.614990234, 92.1215820312, 197.117782593, 95.3391342163, 26.5836925507, -10.4763631821, 42.978515625, -27.3302593231], [98.235534668, 168.54347229, 113.733413696, 170.386154175, 163.71522522, 122.009910583, 67.847946167, 95.3391342163, 182.195022583, 74.6648254395, -34.7188110352, -17.8591194153, 34.7511024475], [465.9715271, 28.3009586334, 159.458557129, 159.055053711, 155.674743652, 183.029342651, 122.934516907, 26.5836925507, 74.6648254395, 186.304473877, 9.74877548218, -56.057384491, -10.5287094116], [-132.911468506, 26.9404163361, -50.3087005615, -41.9257087708, -44.2066612244, -23.0739364624, 44.9484596252, -10.4763631821, -34.7188110352, 9.74877548218, 132.177047729, 20.7854366302, -44.6604690552], [-37.505317688, -119.659667969, -36.234577179, -71.4404220581, -42.1696968079, -47.2916679382, -44.2253494263, 42.978515625, -17.8591194153, -56.057384491, 20.7854366302, 161.994369507, 18.1940174103], [-224.413131714, 80.8718185425, -79.2037963867, -17.6754741669, -24.6263637543, -24.0482501984, -50.4645462036, -27.3302593231, 34.7511024475, -10.5287094116, -44.6604690552, 18.1940174103, 131.636016846]], "icov": [[0.000612854026258, 0.000436970352894, -6.83389444021e-05, -0.000248566706432, -0.0006456792471, -0.000388934451621, -0.000193370433408, -0.000523288210388, 0.00106658868026, -0.00067036045948, 0.000568031682633, -6.48513960186e-05, 0.000193709085579], [0.000436970352894, 0.00202665710822, 0.000846721814014, -0.000867051479872, -0.00162159628235, 6.81763631292e-05, -0.00174869119655, 0.00100258539896, -0.000731895386707, 0.00143623328768, -0.000494016392622, 0.000833059195429, -0.000834907172248], [-6.83389444021e-05, 0.000846721814014, 0.00284359999932, -0.000297132355627, -0.00138154067099, -0.000753134256229, -0.00097043561982, -0.000101055506093, -0.000323604937876, 0.000658568693325, 0.000445162935648, 0.000377952354029, 0.000482206407469], [-0.000248566706432, -0.000867051479872, -0.000297132355627, 0.00421290751547, -0.00177011766937, 0.000309797032969, -0.000496399821714, -0.00117303943262, -0.000153553235577, -0.000722270051483, 0.000572239106987, 0.000571376411244, -0.000114631366159], [-0.0006456792471, -0.00162159628235, -0.00138154067099, -0.00177011766937, 0.00824082642794, -0.00248317234218, 0.000919007055927, -0.0018450957723, -0.000731759762857, -9.2301866971e-05, 0.00044441386126, -0.000478061061585, 0.000286477792542], [-0.000388934451621, 6.81763631292e-05, -0.000753134256229, 0.000309797032969, -0.00248317234218, 0.00877945497632, -0.00407999707386, 0.0019423563499, -0.00151558674406, -0.00258255749941, 0.00150015042163, -0.00100402359385, -0.000296726968372], [-0.000193370433408, -0.00174869119655, -0.00097043561982, -0.000496399821714, 0.000919007055927, -0.00407999707386, 0.00983405020088, -0.00208251178265, 0.0018557672156, -0.00127125810832, -0.00345125771128, 0.00060680374736, 0.00101195217576], [-0.000523288210388, 0.00100258539896, -0.000101055506093, -0.00117303943262, -0.0018450957723, 0.0019423563499, -0.00208251178265, 0.0136398272589, -0.00796741805971, 0.0034850363154, -0.000281776010524, -0.00401197001338, 0.00315784942359], [0.00106658868026, -0.000731895386707, -0.000323604937876, -0.000153553235577, -0.000731759762857, -0.00151558674406, 0.0018557672156, -0.00796741805971, 0.0146695096046, -0.00596627825871, 0.00237684301101, 0.00113887630869, -0.00300477212295], [-0.00067036045948, 0.00143623328768, 0.000658568693325, -0.000722270051483, -9.2301866971e-05, -0.00258255749941, -0.00127125810832, 0.0034850363154, -0.00596627825871, 0.013380587101, -0.00421006465331, 0.00333490082994, -0.00122278858908], [0.000568031682633, -0.000494016392622, 0.000445162935648, 0.000572239106987, 0.00044441386126, 0.00150015042163, -0.00345125771128, -0.000281776010524, 0.00237684301101, -0.00421006465331, 0.0132082197815, -0.00360229704529, 0.00460704602301], [-6.48513960186e-05, 0.000833059195429, 0.000377952354029, 0.000571376411244, -0.000478061061585, -0.00100402359385, 0.00060680374736, -0.00401197001338, 0.00113887630869, 0.00333490082994, -0.00360229704529, 0.0100958244875, -0.00384289072827], [0.000193709085579, -0.000834907172248, 0.000482206407469, -0.000114631366159, 0.000286477792542, -0.000296726968372, 0.00101195217576, 0.00315784942359, -0.00300477212295, -0.00122278858908, 0.00460704602301, -0.00384289072827, 0.0125472089276]]}, "melbands": {"dmean": [0.00258428649977, 0.00153473671526, 0.000313063734211, 0.000884124718141, 0.000561280699912, 0.000178585774847, 0.000266589719104, 0.00019991202862, 6.86933562974e-05, 7.47715093894e-05, 6.26873370493e-05, 7.82713250373e-05, 4.54620712844e-05, 3.15987927024e-05, 2.69596857834e-05, 4.12290974054e-05, 3.01703876175e-05, 1.92615570995e-05, 1.47713899423e-05, 2.44071343332e-05, 1.28253695948e-05, 1.28347273858e-05, 1.25010401462e-05, 4.63414062324e-06, 7.80290520197e-06, 4.15678323407e-06, 3.05699654746e-06, 2.42698934017e-06, 3.15075385515e-06, 3.19815671901e-06, 3.1540071177e-06, 5.59626232643e-06, 2.62113394456e-06, 2.79327014141e-06, 3.21717629959e-06, 2.27034570344e-06, 3.32280797011e-06, 2.15578938878e-06, 1.93710184249e-06, 2.15958039007e-06], "dmean2": [0.00429904134944, 0.00250730291009, 0.000505878473632, 0.00145433179568, 0.000918432022445, 0.000306737027131, 0.000378626980819, 0.000314035452902, 0.000104702747194, 0.000110264089017, 9.91518681985e-05, 0.00011254997662, 7.0680922363e-05, 4.86672688567e-05, 4.23449382652e-05, 6.27025947324e-05, 4.64062432002e-05, 3.12063093588e-05, 2.48333817581e-05, 3.86547726521e-05, 2.03212730412e-05, 2.07865705306e-05, 1.97310491785e-05, 7.59403428674e-06, 1.28645797304e-05, 6.91852483214e-06, 5.18654314874e-06, 3.97607072955e-06, 5.20309049534e-06, 5.30050965608e-06, 5.0339099289e-06, 8.54359313962e-06, 3.87288309867e-06, 4.12406006944e-06, 4.82295263282e-06, 3.41278405358e-06, 4.72050714961e-06, 3.132155598e-06, 2.75305274045e-06, 3.11897952088e-06], "dvar": [3.17207704938e-05, 7.22491859051e-06, 3.00668858699e-07, 5.66062999496e-06, 1.23045515465e-06, 1.58267056349e-07, 2.2681281564e-07, 1.1350924467e-07, 1.8109650668e-08, 4.84135327383e-08, 2.67267825649e-08, 1.94485192395e-08, 9.62607948907e-09, 4.3804697647e-09, 3.22991722257e-09, 1.33014284032e-08, 4.26694590772e-09, 1.57759172392e-09, 1.16626630575e-09, 1.55201307361e-09, 5.04895458775e-10, 4.97508145791e-10, 1.53023183014e-09, 7.4479242218e-11, 6.66026123142e-10, 5.76768736937e-11, 3.6920033003e-11, 1.48192309118e-11, 3.86018335352e-11, 4.1576391635e-11, 2.64140324197e-11, 1.63469127124e-10, 1.74604879166e-11, 3.0535626111e-11, 4.67955951766e-11, 2.02605137528e-11, 1.10621317662e-10, 1.38386741302e-11, 1.98983017563e-11, 1.83964250083e-11], "dvar2": [8.51822260302e-05, 1.73486096173e-05, 6.83907217081e-07, 1.41968293974e-05, 3.22481150761e-06, 4.48971292144e-07, 5.17132264122e-07, 2.78838172107e-07, 4.05069435772e-08, 8.98252423553e-08, 6.51760032611e-08, 4.38538236835e-08, 2.47759501804e-08, 1.13958691372e-08, 7.89947840474e-09, 3.14076302743e-08, 1.01619752613e-08, 4.16922185664e-09, 3.19452242437e-09, 3.66178820599e-09, 1.26440780068e-09, 1.25879606738e-09, 3.41754202715e-09, 1.96616584125e-10, 1.52324175495e-09, 1.53354315358e-10, 1.02248334799e-10, 3.93273469346e-11, 1.05087036295e-10, 1.11469430908e-10, 6.67667865439e-11, 3.91896237684e-10, 4.10707474974e-11, 6.88631512924e-11, 1.11166138794e-10, 5.15105076648e-11, 2.54018500678e-10, 3.10318853947e-11, 4.39434807986e-11, 3.94507204682e-11], "max": [0.0554624162614, 0.033230561763, 0.00690785702318, 0.0237020775676, 0.0114629128948, 0.00437910016626, 0.00573605718091, 0.00686950795352, 0.00207446562126, 0.00602426147088, 0.00384668330662, 0.00165647501126, 0.00129328202456, 0.00103219016455, 0.000893805816304, 0.0021572643891, 0.00121950905304, 0.000484683696413, 0.000467997509986, 0.000676091876812, 0.000333282194333, 0.000325595348841, 0.000956752570346, 9.3085654953e-05, 0.000815232750028, 8.06055104476e-05, 5.6593962654e-05, 3.30756884068e-05, 7.89325567894e-05, 6.18554258836e-05, 5.29748322151e-05, 0.000151787069626, 5.41754197911e-05, 5.77235405217e-05, 8.66847767611e-05, 0.000102545403934, 0.000192651030375, 5.09336859977e-05, 0.000130287662614, 6.864793977e-05], "mean": [0.00548013160005, 0.00413425266743, 0.00080229062587, 0.00118328374811, 0.00107049185317, 0.000326560955727, 0.00051599892322, 0.00038920994848, 0.000131840759423, 0.000121370772831, 0.000100380588265, 0.000148905877722, 9.6108931757e-05, 6.89007865731e-05, 4.83490985062e-05, 6.75124683767e-05, 5.54484249733e-05, 3.26299887092e-05, 2.40281751758e-05, 5.69877774979e-05, 3.05583307636e-05, 2.4621904231e-05, 3.36622615578e-05, 6.30540762359e-06, 1.33903358801e-05, 5.22887148691e-06, 3.94387370761e-06, 3.70740326616e-06, 4.58747626908e-06, 3.91418871004e-06, 5.02233251609e-06, 7.00051305103e-06, 3.8134355691e-06, 3.80172741643e-06, 4.0220147639e-06, 3.1022254916e-06, 4.58935892311e-06, 2.85679311673e-06, 2.50084735853e-06, 2.58021691479e-06], "median": [0.00194998411462, 0.00207239482552, 0.000318716571201, 0.000649855181109, 0.00069459178485, 0.000223101320444, 0.000273365469184, 0.000266254937742, 6.98899675626e-05, 4.00854769396e-05, 5.23107883055e-05, 4.96960528835e-05, 4.66298442916e-05, 3.55183583451e-05, 2.32111924561e-05, 1.9310913558e-05, 3.07657646772e-05, 1.86188517546e-05, 1.08882977656e-05, 2.69366628345e-05, 1.77488909685e-05, 1.30698299472e-05, 7.35188132239e-06, 3.17403373629e-06, 4.10055008615e-06, 2.57667647929e-06, 1.73255943992e-06, 2.20042329602e-06, 2.62454932454e-06, 1.71229021362e-06, 2.84696056951e-06, 2.42053056354e-06, 1.72447994373e-06, 1.5274576981e-06, 1.38494806379e-06, 1.44177556649e-06, 1.12221812287e-06, 1.05364370029e-06, 8.0827999227e-07, 5.44241345324e-07], "min": [9.10189417867e-14, 1.07607892323e-13, 1.07327226262e-13, 7.26182081048e-14, 2.38381431023e-14, 3.46083601501e-15, 8.84386846118e-15, 1.14104401248e-14, 2.01491062469e-14, 2.94639157094e-14, 5.40257332686e-14, 9.35386073068e-14, 3.31631626999e-14, 2.04760304713e-14, 1.6244282666e-14, 1.50264966214e-14, 1.28797814021e-14, 2.07925954828e-14, 2.82060658535e-15, 4.09741939136e-15, 7.45119128887e-15, 3.4926966511e-14, 2.52882076038e-14, 1.82438055819e-14, 1.74213010147e-14, 4.63111604729e-14, 4.88274954594e-14, 1.50194967412e-14, 8.7018024012e-15, 2.45165114609e-14, 8.37162048803e-15, 1.00845523474e-14, 8.63423119487e-15, 7.22277191398e-15, 9.52228764183e-15, 6.55429139443e-15, 4.12064715235e-15, 4.63011248265e-15, 6.24666850974e-15, 3.90089673616e-15], "var": [6.03219850746e-05, 2.8364451282e-05, 1.05842138964e-06, 4.83061467094e-06, 1.45930312101e-06, 1.47633954839e-07, 4.5342045496e-07, 1.83301850143e-07, 3.31518350549e-08, 9.83096981599e-08, 3.81223088652e-08, 4.83850115529e-08, 1.76601986368e-08, 9.02816399417e-09, 5.36466471246e-09, 1.87319262324e-08, 6.44775299818e-09, 1.88566073867e-09, 1.44655465384e-09, 6.00655747363e-09, 1.34064437329e-09, 1.10133446807e-09, 9.78386704986e-09, 8.07605579634e-11, 2.69981148548e-09, 5.6475355642e-11, 3.64974508948e-11, 1.83390195391e-11, 3.85250165102e-11, 3.73702770118e-11, 3.76926753698e-11, 1.82762943668e-10, 2.64080632362e-11, 3.80752790408e-11, 5.51894849266e-11, 2.52188443739e-11, 1.5683605803e-10, 2.1154548599e-11, 2.84598195704e-11, 2.54717080761e-11]}, "mfcc": {"mean": [-628.126586914, 113.429389954, 13.0221118927, 8.3241147995, 3.32840108871, 2.26010107994, -13.5209999084, -1.7575442791, -2.24534797668, -5.68813419342, -5.04438781738, 2.92958235741, 1.16448318958], "cov": [[5206.24121094, -526.833007812, 737.401672363, 754.13293457, 994.112670898, 1112.0546875, 923.621337891, 400.000640869, 608.319763184, 436.94342041, 496.223205566, 178.677490234, 234.354629517], [-526.833007812, 945.067199707, -76.7640686035, 229.461593628, 124.604606628, 234.155334473, 122.953468323, 106.864555359, 125.065032959, 113.565673828, 39.8872947693, 43.5942878723, 13.8448286057], [737.401672363, -76.7640686035, 510.113098145, 205.215820312, 281.951660156, 279.273284912, 204.748199463, 137.525146484, 189.774200439, 139.454406738, 108.364868164, 91.8872756958, 33.5002975464], [754.13293457, 229.461593628, 205.215820312, 526.989013672, 357.469421387, 352.641235352, 239.013320923, 156.196273804, 243.830825806, 183.762649536, 115.545768738, 100.159561157, 43.418548584], [994.112670898, 124.604606628, 281.951660156, 357.469421387, 504.815307617, 405.355865479, 227.589263916, 189.679946899, 289.424987793, 186.629226685, 110.032188416, 102.877578735, 88.2256317139], [1112.0546875, 234.155334473, 279.273284912, 352.641235352, 405.355865479, 625.521789551, 361.136108398, 149.224517822, 304.326782227, 248.169006348, 168.567245483, 112.598335266, 104.052322388], [923.621337891, 122.953468323, 204.748199463, 239.013320923, 227.589263916, 361.136108398, 401.504882812, 125.416160583, 125.775550842, 137.606674194, 181.503936768, 84.6164550781, 29.1779003143], [400.000640869, 106.864555359, 137.525146484, 156.196273804, 189.679946899, 149.224517822, 125.416160583, 242.39994812, 129.81312561, 29.8881187439, 64.6473236084, 77.2477722168, 75.9547958374], [608.319763184, 125.065032959, 189.774200439, 243.830825806, 289.424987793, 304.326782227, 125.775550842, 129.81312561, 317.527008057, 154.158874512, 59.6762886047, 54.1900978088, 87.1586380005], [436.94342041, 113.565673828, 139.454406738, 183.762649536, 186.629226685, 248.169006348, 137.606674194, 29.8881187439, 154.158874512, 282.695007324, 91.8244094849, 47.8066177368, -4.10375213623], [496.223205566, 39.8872947693, 108.364868164, 115.545768738, 110.032188416, 168.567245483, 181.503936768, 64.6473236084, 59.6762886047, 91.8244094849, 190.426498413, 75.6120605469, 19.4508476257], [178.677490234, 43.5942878723, 91.8872756958, 100.159561157, 102.877578735, 112.598335266, 84.6164550781, 77.2477722168, 54.1900978088, 47.8066177368, 75.6120605469, 131.986694336, 31.6099262238], [234.354629517, 13.8448286057, 33.5002975464, 43.418548584, 88.2256317139, 104.052322388, 29.1779003143, 75.9547958374, 87.1586380005, -4.10375213623, 19.4508476257, 31.6099262238, 168.429168701]], "icov": [[0.000751850602683, 0.000867885712069, 0.000291573320283, -0.000163144475664, -0.000707743107341, -0.000487603479996, -0.000931519723963, -0.000278312421869, -0.000229600540479, 1.97693989321e-05, -0.000637915916741, 0.00082948297495, -0.000137283132062], [0.000867885712069, 0.00249400828034, 0.00115804478992, -0.000684805854689, -0.000370825233404, -0.00135756435338, -0.000953431474045, -0.00116984313354, -0.000345505570294, -0.000251943129115, -0.000456206355011, 0.000875666504726, 0.000320243503666], [0.000291573320283, 0.00115804478992, 0.00379176111892, 0.000122761601233, -0.0011032341281, -0.000540202716365, -0.00106225232594, -0.000964595819823, -0.000980302342214, -0.000349876267137, -0.000187070530956, -0.000513558625244, 0.000860666565131], [-0.000163144475664, -0.000684805854689, 0.000122761601233, 0.00458441162482, -0.0018182694912, 0.000388490880141, -0.000932489463594, -5.42681918887e-05, -0.00119692180306, -0.000434333051089, 0.000270837539574, -0.00108978769276, 0.00075757666491], [-0.000707743107341, -0.000370825233404, -0.0011032341281, -0.0018182694912, 0.00780139677227, -0.0016891786363, 0.0014679756714, -0.00172251462936, -0.00159294705372, -0.000497462227941, 0.000992974732071, -0.00109975622036, 8.68581191753e-05], [-0.000487603479996, -0.00135756435338, -0.000540202716365, 0.000388490880141, -0.0016891786363, 0.00841995421797, -0.00428086798638, 0.00252183922566, -0.00283316895366, -0.0016660039546, 0.000948332599364, -0.00163585215341, -0.00229216692969], [-0.000931519723963, -0.000953431474045, -0.00106225232594, -0.000932489463594, 0.0014679756714, -0.00428086798638, 0.00991071853787, -0.00183119287249, 0.00294465874322, 0.000639109290205, -0.00369612127542, 0.000535756873433, 0.00162882730365], [-0.000278312421869, -0.00116984313354, -0.000964595819823, -5.42681918887e-05, -0.00172251462936, 0.00252183922566, -0.00183119287249, 0.00869139377028, -0.00190432241652, 0.00171972473618, 0.000152111882926, -0.00268159736879, -0.0020556030795], [-0.000229600540479, -0.000345505570294, -0.000980302342214, -0.00119692180306, -0.00159294705372, -0.00283316895366, 0.00294465874322, -0.00190432241652, 0.0100579215214, -0.00189295317978, 0.000541165121831, 0.00158448715229, -0.00182601471897], [1.97693989321e-05, -0.000251943129115, -0.000349876267137, -0.000434333051089, -0.000497462227941, -0.0016660039546, 0.000639109290205, 0.00171972473618, -0.00189295317978, 0.00707208737731, -0.00193551799748, -0.000126737824758, 0.00197749817744], [-0.000637915916741, -0.000456206355011, -0.000187070530956, 0.000270837539574, 0.000992974732071, 0.000948332599364, -0.00369612127542, 0.000152111882926, 0.000541165121831, -0.00193551799748, 0.0115679400042, -0.00439671194181, -0.000479756650748], [0.00082948297495, 0.000875666504726, -0.000513558625244, -0.00108978769276, -0.00109975622036, -0.00163585215341, 0.000535756873433, -0.00268159736879, 0.00158448715229, -0.000126737824758, -0.00439671194181, 0.0129540571943, -0.000886338821147], [-0.000137283132062, 0.000320243503666, 0.000860666565131, 0.00075757666491, 8.68581191753e-05, -0.00229216692969, 0.00162882730365, -0.0020556030795, -0.00182601471897, 0.00197749817744, -0.000479756650748, -0.000886338821147, 0.0089656682685]]}, "spectral_contrast_coeffs": {"dmean": [0.052802529186, 0.0437608212233, 0.0388211384416, 0.0374633744359, 0.0286900885403, 0.0247410722077], "dmean2": [0.0839611440897, 0.0696692913771, 0.0588737428188, 0.05591538921, 0.0419774018228, 0.0383989997208], "dvar": [0.00260769296438, 0.00147601764183, 0.00112709857058, 0.00125103909522, 0.00068344612373, 0.00064893317176], "dvar2": [0.00589826470241, 0.00362448953092, 0.0024682993535, 0.00239972770214, 0.00133258057758, 0.00143641722389], "max": [-0.243814945221, -0.418616265059, -0.438160657883, -0.414000153542, -0.489925801754, -0.653998017311], "mean": [-0.594202578068, -0.674674391747, -0.706549704075, -0.706974089146, -0.756142616272, -0.77377820015], "median": [-0.619078159332, -0.676074743271, -0.717887997627, -0.708695530891, -0.760746836662, -0.775234222412], "min": [-0.947800219059, -0.961718142033, -0.971111118793, -0.970609724522, -0.936605095863, -0.952648758888], "var": [0.0152932265773, 0.00511670904234, 0.00638078944758, 0.00645926315337, 0.00297824339941, 0.00140206667129]}, "spectral_contrast_valleys": {"dmean": [0.4733312428, 0.390543490648, 0.401009887457, 0.434665322304, 0.46097317338, 0.616449773312], "dmean2": [0.727468729019, 0.594904720783, 0.572409033775, 0.615809321404, 0.589572787285, 0.704165041447], "dvar": [0.259313464165, 0.158898353577, 0.159571245313, 0.235565051436, 0.242138102651, 0.323620021343], "dvar2": [0.495919257402, 0.311230540276, 0.276796936989, 0.423235297203, 0.439970910549, 0.60030901432], "max": [-4.87497615814, -4.36725378036, -5.19986343384, -5.57295417786, -5.78684329987, -7.64154195786], "mean": [-7.40345048904, -6.79273748398, -7.61