{"lowlevel": {"average_loudness": 0.937109410763, "barkbands_crest": {"dmean": 2.4902472496, "dmean2": 3.80829691887, "dvar": 6.52585124969, "dvar2": 14.3942899704, "max": 26.5546321869, "mean": 14.646941185, "median": 13.8251800537, "min": 3.42199516296, "var": 23.3264122009}, "barkbands_flatness_db": {"dmean": 0.0441230051219, "dmean2": 0.0651339069009, "dvar": 0.00252322549932, "dvar2": 0.00587226264179, "max": 0.554650247097, "mean": 0.305319517851, "median": 0.304758191109, "min": 0.0246150847524, "var": 0.00848049391061}, "barkbands_kurtosis": {"dmean": 16.5463848114, "dmean2": 24.754650116, "dvar": 829.213684082, "dvar2": 1923.45202637, "max": 524.171813965, "mean": 31.867351532, "median": 20.4840755463, "min": -1.93573355675, "var": 1626.72973633}, "barkbands_skewness": {"dmean": 1.16510236263, "dmean2": 1.72965908051, "dvar": 1.63528168201, "dvar2": 3.54516506195, "max": 15.4740180969, "mean": 3.23383498192, "median": 2.95969486237, "min": -3.95718407631, "var": 5.99317216873}, "barkbands_spread": {"dmean": 2.81639504433, "dmean2": 4.65748548508, "dvar": 36.636505127, "dvar2": 91.4183654785, "max": 122.549911499, "mean": 5.90754938126, "median": 2.84726858139, "min": 0.0906488597393, "var": 152.343536377}, "dissonance": {"dmean": 0.047275647521, "dmean2": 0.0769922360778, "dvar": 0.00183779909275, "dvar2": 0.00448492588475, "max": 0.499999880791, "mean": 0.359608918428, "median": 0.366508126259, "min": 0.10368964076, "var": 0.00576631305739}, "dynamic_complexity": 6.42254018784, "erbbands_crest": {"dmean": 3.11961054802, "dmean2": 4.7991309166, "dvar": 9.49231243134, "dvar2": 21.8224029541, "max": 33.1324157715, "mean": 16.5505275726, "median": 16.0054855347, "min": 2.69752216339, "var": 37.0726890564}, "erbbands_flatness_db": {"dmean": 0.0364059954882, "dmean2": 0.0531180389225, "dvar": 0.00151524087414, "dvar2": 0.00349528808147, "max": 0.632226288319, "mean": 0.25924000144, "median": 0.249829947948, "min": 0.0601688362658, "var": 0.00949739478528}, "erbbands_kurtosis": {"dmean": 8.56289577484, "dmean2": 13.1592464447, "dvar": 149.526138306, "dvar2": 354.114532471, "max": 204.895278931, "mean": 15.5339307785, "median": 9.46535491943, "min": -1.75106298923, "var": 340.677032471}, "erbbands_skewness": {"dmean": 0.893420100212, "dmean2": 1.32848787308, "dvar": 0.833665132523, "dvar2": 1.98935186863, "max": 11.4804611206, "mean": 2.6214287281, "median": 2.41847443581, "min": -4.02793836594, "var": 3.04658150673}, "erbbands_spread": {"dmean": 10.5940799713, "dmean2": 16.9597568512, "dvar": 242.693069458, "dvar2": 587.471801758, "max": 154.911010742, "mean": 19.9992790222, "median": 10.6431379318, "min": 0.415738165379, "var": 512.898071289}, "hfc": {"dmean": 3.63825082779, "dmean2": 5.37528276443, "dvar": 47.8160133362, "dvar2": 114.378395081, "max": 53.375995636, "mean": 5.24077749252, "median": 1.93055510521, "min": 8.1908666516e-09, "var": 62.4655342102}, "melbands_crest": {"dmean": 2.80829048157, "dmean2": 4.33114004135, "dvar": 7.89366292953, "dvar2": 18.4076042175, "max": 34.4614257812, "mean": 17.3547439575, "median": 16.6404705048, "min": 4.37962865829, "var": 28.5438480377}, "melbands_flatness_db": {"dmean": 0.0494521707296, "dmean2": 0.0727780759335, "dvar": 0.00337927625515, "dvar2": 0.00786234904081, "max": 0.679518640041, "mean": 0.401142567396, "median": 0.403742015362, "min": 0.012041545473, "var": 0.0115220760927}, "melbands_kurtosis": {"dmean": 22.2382831573, "dmean2": 33.2050437927, "dvar": 1104.72717285, "dvar2": 2351.66821289, "max": 723.242858887, "mean": 43.1338157654, "median": 24.240650177, "min": -1.54819726944, "var": 3103.25366211}, "melbands_skewness": {"dmean": 1.26531481743, "dmean2": 1.89185798168, "dvar": 1.94378495216, "dvar2": 4.36948204041, "max": 20.0575428009, "mean": 3.27064085007, "median": 2.61382174492, "min": -4.65475606918, "var": 7.02749252319}, "melbands_spread": {"dmean": 2.28319454193, "dmean2": 3.69706940651, "dvar": 46.905380249, "dvar2": 108.3073349, "max": 181.213043213, "mean": 5.18660068512, "median": 2.8508784771, "min": 0.189685046673, "var": 153.491836548}, "pitch_salience": {"dmean": 0.0788629427552, "dmean2": 0.122717164457, "dvar": 0.00755026424304, "dvar2": 0.0183828193694, "max": 0.912574112415, "mean": 0.464077591896, "median": 0.479851782322, "min": 0.049571480602, "var": 0.0205326806754}, "silence_rate_20dB": {"dmean": 0, "dmean2": 0, "dvar": 0, "dvar2": 0, "max": 1, "mean": 1, "median": 1, "min": 1, "var": 0}, "silence_rate_30dB": {"dmean": 0.016158817336, "dmean2": 0.0323250964284, "dvar": 0.015896813944, "dvar2": 0.0460542738438, "max": 1, "mean": 0.990999281406, "median": 1, "min": 0, "var": 0.00891912449151}, "silence_rate_60dB": {"dmean": 0.0914127454162, "dmean2": 0.182636797428, "dvar": 0.0830596610904, "dvar2": 0.162218615413, "max": 1, "mean": 0.288945317268, "median": 0, "min": 0, "var": 0.20546169579}, "spectral_centroid": {"dmean": 100.503196716, "dmean2": 163.623413086, "dvar": 46341.9921875, "dvar2": 107961.921875, "max": 4692.140625, "mean": 485.371582031, "median": 315.216125488, "min": 131.006942749, "var": 223403.578125}, "spectral_complexity": {"dmean": 1.25161588192, "dmean2": 2, "dvar": 2.9657933712, "dvar2": 6.27522516251, "max": 18, "mean": 4.39210700989, "median": 4, "min": 0, "var": 7.11714887619}, "spectral_decrease": {"dmean": 3.08884517963e-09, "dmean2": 4.59612925496e-09, "dvar": 3.28954575664e-17, "dvar2": 7.92285237406e-17, "max": -2.32926208741e-20, "mean": -4.98512164882e-09, "median": -2.0309636195e-09, "min": -5.34175548239e-08, "var": 4.9895203677e-17}, "spectral_energy": {"dmean": 0.0119713256136, "dmean2": 0.0177921503782, "dvar": 0.000493518891744, "dvar2": 0.00118785491213, "max": 0.205301210284, "mean": 0.0192903503776, "median": 0.00782469287515, "min": 8.30847164072e-13, "var": 0.000746761565097}, "spectral_energyband_high": {"dmean": 9.18428777368e-05, "dmean2": 0.000148173974594, "dvar": 4.36299139039e-08, "dvar2": 1.12457570367e-07, "max": 0.00165258615743, "mean": 8.34008242236e-05, "median": 6.06125377089e-06, "min": 6.52021730878e-13, "var": 3.96906685296e-08}, "spectral_energyband_low": {"dmean": 0.00370785407722, "dmean2": 0.00583242345601, "dvar": 7.41679396015e-05, "dvar2": 0.000186564720934, "max": 0.110273838043, "mean": 0.00589488912374, "median": 0.00121439667419, "min": 2.08573308229e-14, "var": 0.000115049559099}, "spectral_energyband_middle_high": {"dmean": 0.00025141358492, "dmean2": 0.000415241258452, "dvar": 3.22761820826e-07, "dvar2": 8.66739867433e-07, "max": 0.00699998065829, "mean": 0.000257032370428, "median": 4.81066199427e-05, "min": 1.14509055992e-13, "var": 2.91041970968e-07}, "spectral_energyband_middle_low": {"dmean": 0.00949769001454, "dmean2": 0.0142482826486, "dvar": 0.000362151011359, "dvar2": 0.000886965193786, "max": 0.176379933953, "mean": 0.013832195662, "median": 0.00484477123246, "min": 2.04185660621e-14, "var": 0.000473156047519}, "spectral_entropy": {"dmean": 0.4678606987, "dmean2": 0.706111311913, "dvar": 0.293053388596, "dvar2": 0.703986108303, "max": 9.50880908966, "mean": 5.93766689301, "median": 5.82225513458, "min": 3.26428484917, "var": 0.939584314823}, "spectral_flux": {"dmean": 0.0358472540975, "dmean2": 0.0565707273781, "dvar": 0.00289455638267, "dvar2": 0.00637428089976, "max": 0.394738137722, "mean": 0.0555605702102, "median": 0.030065568164, "min": 7.04755530023e-06, "var": 0.00423992378637}, "spectral_kurtosis": {"dmean": 10.4351501465, "dmean2": 15.2561006546, "dvar": 270.330780029, "dvar2": 533.650939941, "max": 269.369018555, "mean": 23.5366458893, "median": 11.0539159775, "min": -0.313148736954, "var": 1016.87719727}, "spectral_rms": {"dmean": 0.00111628172453, "dmean2": 0.00155113067012, "dvar": 2.97648784908e-06, "dvar2": 6.57320197206e-06, "max": 0.0141525212675, "mean": 0.00341279641725, "median": 0.0027629416436, "min": 2.84707315501e-08, "var": 7.17270222594e-06}, "spectral_rolloff": {"dmean": 127.851097107, "dmean2": 227.422348022, "dvar": 407303.40625, "dvar2": 954632.9375, "max": 18690.8203125, "mean": 703.144958496, "median": 301.46484375, "min": 86.1328125, "var": 4122018}, "spectral_skewness": {"dmean": 0.859933137894, "dmean2": 1.23275244236, "dvar": 0.959614574909, "dvar2": 1.9668649435, "max": 13.4774551392, "mean": 3.54874110222, "median": 2.97401595116, "min": 0.33570548892, "var": 4.39289665222}, "spectral_spread": {"dmean": 1026732.9375, "dmean2": 1514035.875, "dvar": 1299864748030.0, "dvar2": 2927876374530.0, "max": 32761154, "mean": 4425848, "median": 4231320, "min": 327645.09375, "var": 6602327326720.0}, "spectral_strongpeak": {"dmean": 0.298372685909, "dmean2": 0.450339972973, "dvar": 0.244226738811, "dvar2": 0.578950285912, "max": 4.32135677338, "mean": 0.649736702442, "median": 0.427725493908, "min": 0, "var": 0.460527151823}, "zerocrossingrate": {"dmean": 0.00601875409484, "dmean2": 0.00764169730246, "dvar": 0.000100270517578, "dvar2": 0.000140975855174, "max": 0.6708984375, "mean": 0.0317457169294, "median": 0.0185546875, "min": 0.0029296875, "var": 0.00291848694906}, "barkbands": {"dmean": [1.55584748427e-05, 0.00171683286317, 0.00164219480939, 0.00191269686911, 0.00423876708373, 0.00314187374897, 0.000975517148618, 0.000224775460083, 7.01122917235e-05, 0.000159962117323, 4.3134943553e-05, 1.78585578396e-05, 7.96524545876e-06, 4.9393165682e-06, 1.16786377475e-05, 8.82913991518e-06, 1.1509727301e-05, 2.61378972937e-05, 1.49269835674e-05, 9.09635582502e-06, 8.4121393229e-06, 1.3575153389e-05, 2.37916410697e-05, 2.1535977794e-05, 2.18683526327e-05, 3.58610327567e-06, 7.02383033513e-07], "dmean2": [2.68997973762e-05, 0.00247042905539, 0.00275188870728, 0.00333458906971, 0.00652281288058, 0.0044410652481, 0.00170122319832, 0.000354363612132, 0.000115428374556, 0.000266840477707, 7.21434480511e-05, 2.96214639093e-05, 1.3945851606e-05, 8.52503308124e-06, 2.11023780139e-05, 1.47883320096e-05, 1.99295609491e-05, 4.66197197966e-05, 2.68980784313e-05, 1.61611296789e-05, 1.37344204632e-05, 2.26764586841e-05, 3.84376726288e-05, 3.52343340637e-05, 3.69952431356e-05, 6.10611277807e-06, 1.25814813146e-06], "dvar": [3.1787517063e-09, 1.59297360369e-05, 2.11655205931e-05, 4.3710002501e-05, 9.24723499338e-05, 5.21795045643e-05, 1.63659660757e-05, 1.08415201794e-06, 7.91754715124e-08, 2.95635260272e-07, 1.84509332257e-08, 2.92990276485e-09, 6.82892797865e-10, 2.05726533031e-10, 1.60799140669e-09, 6.33986252385e-10, 1.60767121837e-09, 6.03309846525e-09, 4.36644453927e-09, 1.0517196003e-09, 5.88565363113e-10, 1.53242951662e-09, 3.69208064122e-09, 4.43958647622e-09, 3.8337866215e-09, 1.14032533416e-10, 4.28278636513e-12], "dvar2": [8.72261107787e-09, 3.24840111716e-05, 5.40312394151e-05, 0.000121758734167, 0.000230368037592, 0.000105517909105, 4.31834341725e-05, 2.72351667263e-06, 1.54643828409e-07, 8.11881591289e-07, 4.8822819565e-08, 7.62581908731e-09, 1.84368309508e-09, 5.72343339389e-10, 4.50959269926e-09, 1.67225600034e-09, 4.37345581972e-09, 1.62973776696e-08, 1.2460797727e-08, 2.99425573225e-09, 1.50143586453e-09, 4.0138479207e-09, 9.56667545182e-09, 1.144241768e-08, 1.01805088804e-08, 3.14459014383e-10, 1.22956618845e-11], "max": [0.000951037334744, 0.0568901076913, 0.0556787475944, 0.141443923116, 0.10053088516, 0.0770799219608, 0.0460137166083, 0.0337635315955, 0.0166737213731, 0.00624024076387, 0.00158339587506, 0.000820411893073, 0.000435338966781, 0.000301227701129, 0.000669819652103, 0.000356388569344, 0.000854968617205, 0.00108311965596, 0.00138786050957, 0.000633486721199, 0.000261767156189, 0.000437912240159, 0.000659073353745, 0.000803446746431, 0.000531662371941, 0.00012890691869, 2.57055507973e-05], "mean": [1.65271194419e-05, 0.0034528512042, 0.00171443179715, 0.00186875043437, 0.00645247055218, 0.00419559236616, 0.00078683992615, 0.000329359172611, 8.20023560664e-05, 0.000176860165084, 4.61050585727e-05, 1.62567721418e-05, 6.75092951496e-06, 4.85856298837e-06, 8.08099775895e-06, 9.03385171114e-06, 8.48237596074e-06, 1.82098301593e-05, 1.01442910818e-05, 6.48223931421e-06, 7.06245691617e-06, 1.12241868919e-05, 2.23341521632e-05, 1.84373766388e-05, 1.73388507392e-05, 3.30727630171e-06, 5.86184569329e-07], "median": [1.15289321911e-06, 0.000393021880882, 0.000198794543394, 0.00041482198867, 0.00190796039533, 0.00073910865467, 5.72541248403e-05, 3.75180388801e-05, 9.65967592492e-06, 1.22353476399e-05, 5.51670655113e-06, 1.20665799841e-06, 6.34334128335e-07, 8.54149845964e-07, 2.93979354637e-07, 5.75569004013e-07, 3.26551628405e-07, 3.1871735473e-07, 4.46548398259e-07, 4.4320651682e-07, 6.25090706308e-07, 7.14989994322e-07, 1.5059862335e-06, 1.08638880647e-06, 9.86346776699e-07, 3.32888276944e-07, 8.47024992368e-08], "min": [2.61862251582e-14, 5.50486839476e-15, 3.32946925171e-15, 1.7005769309e-15, 2.02058693128e-15, 3.32810701097e-15, 3.47950102128e-15, 2.63010845199e-15, 5.54340585276e-15, 2.75283844385e-15, 3.332883218e-15, 8.51748887891e-15, 3.62078632864e-15, 1.26864918717e-14, 8.02636477654e-15, 8.80075871933e-15, 5.62715242377e-15, 2.93705659023e-14, 2.90320712078e-14, 1.3948336335e-14, 5.75791449025e-14, 3.45327404367e-14, 5.08720635875e-14, 7.18750891595e-14, 1.0195099295e-13, 1.54089699442e-13, 1.79176430095e-13], "var": [3.039878127e-09, 5.16843465448e-05, 2.04311563721e-05, 3.17556587106e-05, 0.000127344261273, 8.71452066349e-05, 1.17659928947e-05, 1.68068800122e-06, 2.71351780157e-07, 2.87680762767e-07, 1.75193797247e-08, 2.37572317374e-09, 5.06232111785e-10, 1.83242671037e-10, 9.93030102592e-10, 7.54327988961e-10, 1.09795517123e-09, 4.09819556069e-09, 2.57691890049e-09, 6.38650854423e-10, 4.83023732123e-10, 1.17535514654e-09, 3.24631543869e-09, 4.01303346109e-09, 2.88651036406e-09, 8.36924002323e-11, 2.66939053327e-12]}, "erbbands": {"dmean": [0.0306148584932, 0.460704088211, 1.68428754807, 4.075507164, 10.7196817398, 13.767663002, 26.189409256, 21.1783618927, 20.2127418518, 6.75727748871, 3.50162887573, 1.93456399441, 5.16412734985, 2.38460898399, 1.40450489521, 0.860786795616, 0.41386705637, 0.246343925595, 0.500632703304, 0.648980200291, 0.386197656393, 0.809143543243, 1.43429911137, 0.649483680725, 0.748450100422, 0.421217650175, 0.35013255477, 0.386064559221, 0.435786873102, 0.557670176029, 0.726823508739, 0.349363565445, 0.382690608501, 0.276256561279, 0.13941693306, 0.0235711634159, 0.00538974162191, 0.000962871243246, 0.000133820751216, 1.62178148457e-05], "dmean2": [0.0408676974475, 0.675464272499, 2.76393699646, 7.02159500122, 17.0617523193, 22.1594829559, 36.4290237427, 31.1011638641, 34.3064422607, 11.4136314392, 5.62265491486, 3.09647297859, 8.61932754517, 3.98574376106, 2.31523489952, 1.41352951527, 0.718076944351, 0.413931846619, 0.892813265324, 1.11260306835, 0.683021426201, 1.38361787796, 2.55051279068, 1.18312489986, 1.34095644951, 0.742372870445, 0.584744095802, 0.625375747681, 0.719023048878, 0.929029226303, 1.17149496078, 0.575674474239, 0.615497708321, 0.462138354778, 0.236622974277, 0.039449878037, 0.00940264575183, 0.00169007992372, 0.000236254651099, 2.42805836024e-05], "dvar": [0.00646598124877, 1.10554599762, 19.4936676025, 200.964263916, 829.460021973, 1483.67102051, 3972.95654297, 3013.68359375, 7209.45214844, 954.387878418, 218.516799927, 56.2687034607, 382.164703369, 37.88230896, 16.8934307098, 5.91004514694, 1.68905115128, 0.369698643684, 2.99333310127, 3.52314376831, 1.58485949039, 6.0369591713, 17.3812999725, 8.63594341278, 10.5894384384, 2.21756291389, 0.974647462368, 1.05853354931, 1.47818958759, 2.76521086693, 3.59280586243, 1.17264771461, 1.46305835247, 0.470088005066, 0.158292993903, 0.00460724160075, 0.000215781648876, 7.57071939006e-06, 1.48053928228e-07, 8.99233520979e-10], "dvar2": [0.0105345314369, 2.37846827507, 47.9465255737, 548.028076172, 2239.40429688, 3779.0925293, 7313.03710938, 6379.10742188, 18513.1191406, 2612.16845703, 609.3359375, 102.369773865, 1057.03881836, 102.291038513, 45.3492393494, 15.2507362366, 4.56456661224, 0.990781366825, 8.46050262451, 9.3469581604, 4.54495859146, 16.0874919891, 46.7196617126, 24.9198799133, 30.1365795135, 6.31607055664, 2.55760335922, 2.63182139397, 3.81216168404, 7.38057565689, 9.25562667847, 3.18104100227, 3.69404101372, 1.22689378262, 0.422215789557, 0.0124363517389, 0.000600752653554, 2.16310090764e-05, 4.23068200917e-07, 2.15924211844e-09], "max": [1.58291995525, 12.8795938492, 57.8071899414, 274.298492432, 384.365142822, 439.187042236, 978.761352539, 607.677612305, 1044.41430664, 693.111694336, 386.544036865, 468.071990967, 234.250549316, 99.9211578369, 53.0738945007, 33.9416122437, 19.5192832947, 10.8660554886, 39.3297119141, 30.5211868286, 20.852689743, 50.3194313049, 57.9185791016, 66.1652374268, 67.5798339844, 31.6457233429, 11.2606716156, 10.2766561508, 11.488322258, 24.4933547974, 21.5375766754, 15.9610548019, 16.0280609131, 5.43009328842, 3.50899410248, 0.831376791, 0.145264685154, 0.0376983210444, 0.00550682097673, 0.000271276221611], "mean": [0.0657849758863, 0.896434009075, 2.07676291466, 4.26857614517, 17.2847537994, 16.4757976532, 37.6790504456, 25.9628009796, 17.5031909943, 7.70979070663, 4.65393590927, 2.52695941925, 5.79901170731, 2.41047525406, 1.63809669018, 0.821196854115, 0.359886944294, 0.265112042427, 0.360305666924, 0.62871837616, 0.305058836937, 0.62076741457, 1.00913858414, 0.44081735611, 0.518631219864, 0.303566217422, 0.284262210131, 0.325635403395, 0.35959020257, 0.483107089996, 0.678533911705, 0.303654640913, 0.338911086321, 0.231234237552, 0.11176071316, 0.0219795182347, 0.00475313747302, 0.000892178853974, 0.000118262410979, 2.52104164247e-05], "median": [0.00468610227108, 0.118076920509, 0.365406602621, 1.08712565899, 3.73215770721, 4.49572706223, 5.79211902618, 3.72358417511, 1.46217954159, 0.696590185165, 0.852373898029, 0.405398100615, 0.446585565805, 0.268124967813, 0.266306191683, 0.0923986136913, 0.0423112288117, 0.0565271377563, 0.0281016789377, 0.0265059247613, 0.0275785606354, 0.0180928632617, 0.0146953333169, 0.0243172701448, 0.01984686777, 0.0224536154419, 0.0262620188296, 0.0237644296139, 0.0230802893639, 0.0356210358441, 0.0450043007731, 0.0256306957453, 0.0187507383525, 0.0115161072463, 0.0059103127569, 0.00179403426591, 0.000570445787162, 0.000145213140058, 2.26030279009e-05, 1.06792886072e-05], "min": [3.8416215738e-13, 6.68759969277e-13, 3.21577985594e-12, 5.70276551676e-12, 3.13171342158e-12, 8.94011861069e-12, 1.51718741737e-11, 3.20807581888e-11, 4.40908282107e-11, 5.11462816544e-11, 5.95098206824e-11, 1.22737028874e-10, 1.56118895589e-10, 5.23774149053e-11, 1.63170782441e-10, 3.85387582957e-10, 2.13262171811e-10, 6.77105149727e-10, 3.35640376603e-10, 4.28492408222e-10, 4.96508167913e-10, 5.01218233584e-10, 1.54289159227e-09, 1.03526398565e-09, 1.583670306e-09, 6.03622929418e-10, 2.39345698816e-09, 1.87280302377e-09, 1.03585995337e-09, 1.18788989756e-09, 1.9744326174e-09, 2.06860861773e-09, 9.55287071669e-10, 8.86434203817e-10, 7.55280393783e-10, 6.47770725948e-10, 2.23560947532e-10, 1.26017599134e-10, 2.7237096259e-11, 2.29719064951e-12], "var": [0.0287022851408, 3.18394088745, 23.1563167572, 145.344696045, 1322.91271973, 1379.80505371, 8435.2734375, 4267.40087891, 5627.66650391, 938.140319824, 216.128494263, 212.440246582, 373.666412354, 35.0337715149, 17.0349693298, 5.02568769455, 1.23746669292, 0.417587786913, 1.81292414665, 3.91997909546, 0.971523165703, 4.38644790649, 12.0061893463, 4.88953351974, 6.35160684586, 1.34926354885, 0.764056801796, 0.906412661076, 1.17520165443, 2.07648968697, 3.21945047379, 0.858670115471, 1.41444301605, 0.40688931942, 0.119863696396, 0.00363001204096, 0.000153316155775, 5.04988884131e-06, 9.47613614244e-08, 1.26661936495e-09]}, "gfcc": {"mean": [-204.052581787, 115.653411865, -51.1901321411, 16.7481060028, -70.1289291382, 3.60087609291, -40.2683372498, -6.03754281998, -25.2855052948, -11.6904754639, -14.3079051971, 1.1207832098, -1.78912484646], "cov": [[30694.9257812, 3259.61523438, 6102.90917969, 3740.75756836, -2489.53540039, -1347.50305176, -2438.7253418, 1019.26318359, 130.488128662, 137.373184204, -156.266555786, 123.973526001, -444.993469238], [3259.61523438, 2844.96826172, 1525.62634277, 153.692138672, -257.757202148, -597.587402344, -307.448883057, -174.229019165, 178.873580933, -141.529037476, 115.835144043, -222.473175049, 126.770599365], [6102.90917969, 1525.62634277, 4205.99853516, 1539.8079834, -717.841186523, -458.884857178, -755.181030273, 398.133880615, 287.005767822, 168.628463745, 24.9849243164, 47.4514350891, -118.716300964], [3740.75756836, 153.692138672, 1539.8079834, 1312.26318359, -130.741210938, -161.620895386, -310.753265381, 336.181549072, 93.5388641357, 144.695800781, 32.6233673096, 48.1167640686, -139.895080566], [-2489.53540039, -257.757202148, -717.841186523, -130.741210938, 662.691833496, 286.578582764, 349.282012939, -34.78723526, 6.64041614532, -0.0739609673619, 54.8767623901, -15.7565193176, 16.1149406433], [-1347.50305176, -597.587402344, -458.884857178, -161.620895386, 286.578582764, 451.7315979, 240.967010498, 0.22121784091, -12.7371997833, 20.8422584534, -19.8022861481, 56.2313423157, 14.1519708633], [-2438.7253418, -307.448883057, -755.181030273, -310.753265381, 349.282012939, 240.967010498, 534.739196777, -3.32735085487, -50.5117988586, -8.65557575226, 39.6863517761, -2.56692409515, 43.6706085205], [1019.26318359, -174.229019165, 398.133880615, 336.181549072, -34.78723526, 0.22121784091, -3.32735085487, 309.472839355, 45.7669029236, 64.8340301514, 10.6848106384, 60.05519104, -65.054977417], [130.488128662, 178.873580933, 287.005767822, 93.5388641357, 6.64041614532, -12.7371997833, -50.5117988586, 45.7669029236, 154.646377563, 54.0801315308, 10.8773927689, -21.9529094696, 6.42653846741], [137.373184204, -141.529037476, 168.628463745, 144.695800781, -0.0739609673619, 20.8422584534, -8.65557575226, 64.8340301514, 54.0801315308, 131.983016968, 41.369934082, 33.1225624084, -19.1990013123], [-156.266555786, 115.835144043, 24.9849243164, 32.6233673096, 54.8767623901, -19.8022861481, 39.6863517761, 10.6848106384, 10.8773927689, 41.369934082, 116.085098267, 39.8532295227, 12.4382352829], [123.973526001, -222.473175049, 47.4514350891, 48.1167640686, -15.7565193176, 56.2313423157, -2.56692409515, 60.05519104, -21.9529094696, 33.1225624084, 39.8532295227, 139.645309448, 24.7151374817], [-444.993469238, 126.770599365, -118.716300964, -139.895080566, 16.1149406433, 14.1519708633, 43.6706085205, -65.054977417, 6.42653846741, -19.1990013123, 12.4382352829, 24.7151374817, 149.479675293]], "icov": [[0.000146637001308, -0.0003470996744, 0.000181784489541, -0.000397467956645, 0.000451355124824, -0.000393523252569, 0.000360003206879, -0.000346813816577, 0.000355123891495, -0.000225724681513, 0.00036370701855, -0.000273799843853, 0.000206521566724], [-0.0003470996744, 0.00206864345819, -0.00100990745705, 0.00118669378571, -0.00128148065414, 0.00185734161641, -0.000888978305738, 0.00122983392794, -0.00161367247347, 0.00236166571267, -0.00287868152373, 0.00237386464141, -0.00150212959852], [0.000181784489541, -0.00100990745705, 0.00111761246808, -0.00123251229525, 0.00118979986291, -0.00097108213231, 0.000608950736932, -0.000627614324912, -5.88654474996e-05, -0.000777158944402, 0.00109474617057, -0.00117133406457, 0.000649673398584], [-0.000397467956645, 0.00118669378571, -0.00123251229525, 0.00323296128772, -0.00221389275976, 0.00156092899852, -0.00012414198136, -0.000432057888247, 1.99840524147e-05, -0.000329454138409, -0.00128135434352, 0.00136519421358, -0.000365995481843], [0.000451355124824, -0.00128148065414, 0.00118979986291, -0.00221389275976, 0.00499232392758, -0.00301707489416, -0.000253964186413, -0.000507973716594, -0.000297614256851, 0.000292154581985, -0.000600716099143, -0.00022060428455, 0.00104079034645], [-0.000393523252569, 0.00185734161641, -0.00097108213231, 0.00156092899852, -0.00301707489416, 0.00630926340818, -0.00225720112212, 0.00176039140206, -0.00201344001107, 0.000668834429234, 0.000931091082748, -0.00121232913807, -0.000608105154242], [0.000360003206879, -0.000888978305738, 0.000608950736932, -0.00012414198136, -0.000253964186413, -0.00225720112212, 0.00533078284934, -0.00288454024121, 0.00281110499054, -0.00123488169629, -0.000768287165556, 0.00141952885315, -0.000828853342682], [-0.000346813816577, 0.00122983392794, -0.000627614324912, -0.000432057888247, -0.000507973716594, 0.00176039140206, -0.00288454024121, 0.0073518822901, -0.00348123791628, 0.00116592191625, -7.90515969129e-06, -0.00246698106639, 0.00166014931165], [0.000355123891495, -0.00161367247347, -5.88654474996e-05, 1.99840524147e-05, -0.000297614256851, -0.00201344001107, 0.00281110499054, -0.00348123791628, 0.0125168701634, -0.00640049576759, 0.00158361846115, 0.00278213457204, -0.00166794867255], [-0.000225724681513, 0.00236166571267, -0.000777158944402, -0.000329454138409, 0.000292154581985, 0.000668834429234, -0.00123488169629, 0.00116592191625, -0.00640049576759, 0.0156194753945, -0.00740971509367, 0.00100036396179, -9.45381980273e-05], [0.00036370701855, -0.00287868152373, 0.00109474617057, -0.00128135434352, -0.000600716099143, 0.000931091082748, -0.000768287165556, -7.90515969129e-06, 0.00158361846115, -0.00740971509367, 0.0180920790881, -0.00886247120798, 0.00233206851408], [-0.000273799843853, 0.00237386464141, -0.00117133406457, 0.00136519421358, -0.00022060428455, -0.00121232913807, 0.00141952885315, -0.00246698106639, 0.00278213457204, 0.00100036396179, -0.00886247120798, 0.0164196006954, -0.00579924881458], [0.000206521566724, -0.00150212959852, 0.000649673398584, -0.000365995481843, 0.00104079034645, -0.000608105154242, -0.000828853342682, 0.00166014931165, -0.00166794867255, -9.45381980273e-05, 0.00233206851408, -0.00579924881458, 0.0104864425957]]}, "melbands": {"dmean": [0.00038621481508, 0.00077990751015, 0.000919345591683, 0.000806600728538, 0.000874720339198, 0.000531922269147, 0.000271514320048, 6.52368471492e-05, 2.48258074862e-05, 1.08556878331e-05, 2.59892076429e-05, 9.87409566733e-06, 5.74279238208e-06, 2.03962235901e-06, 1.73535090653e-06, 6.15355133959e-07, 4.38237719891e-07, 7.41820656458e-07, 9.06498939912e-07, 7.43209625398e-07, 4.05157663863e-07, 6.02486011303e-07, 1.88225794773e-06, 7.26668986317e-07, 4.89079980071e-07, 6.34400294075e-07, 4.04188824632e-07, 2.47211488613e-07, 2.25498553164e-07, 1.8540804092e-07, 2.53067810263e-07, 2.6052504154e-07, 2.30956842984e-07, 3.38586744419e-07, 4.08090699011e-07, 3.8263829083e-07, 1.53107023948e-07, 2.21981693471e-07, 3.29924830567e-07, 2.57626027178e-07], "dmean2": [0.00053353596013, 0.00124481075909, 0.00154869537801, 0.00128149939701, 0.00124337931629, 0.000780993432272, 0.000463899748866, 0.000109503722342, 3.96712712245e-05, 1.7592416043e-05, 4.34547073382e-05, 1.66255031218e-05, 9.62009016803e-06, 3.30539364768e-06, 2.93897301162e-06, 1.07714038222e-06, 7.31109082608e-07, 1.32468267111e-06, 1.61693537848e-06, 1.24770565435e-06, 7.40916505038e-07, 1.04153707525e-06, 3.31098590323e-06, 1.30371245177e-06, 9.02030649286e-07, 1.13202133889e-06, 7.38373728382e-07, 4.31014399283e-07, 3.79395913797e-07, 3.06115083504e-07, 4.13706374047e-07, 4.31479776353e-07, 3.89651916066e-07, 5.64790127555e-07, 6.68999234676e-07, 6.15614169419e-07, 2.62237961124e-07, 3.56693163894e-07, 5.39713141734e-07, 4.41779064886e-07], "dvar": [8.61998216806e-07, 3.47598597727e-06, 7.49228274799e-06, 4.1308476284e-06, 4.04448519475e-06, 1.84058580999e-06, 1.28229760321e-06, 1.02010005776e-07, 1.00486428067e-08, 1.74982328627e-09, 9.77286340742e-09, 7.25677018476e-10, 3.37996020061e-10, 2.24410420802e-11, 3.78155666503e-11, 3.7089688959e-12, 1.13831014927e-12, 6.626249896e-12, 9.79798880918e-12, 4.56195281204e-12, 2.17522289243e-12, 5.26177625776e-12, 2.82967711762e-11, 7.24385438786e-12, 5.40131871521e-12, 8.06666452385e-12, 3.20115223391e-12, 6.45493858017e-13, 4.05074059148e-13, 3.30977704011e-13, 4.56331695521e-13, 5.36056767551e-13, 5.19753673694e-13, 1.01546765788e-12, 1.37353680946e-12, 9.91959335853e-13, 3.47408787935e-13, 4.01532973537e-13, 1.42438686714e-12, 6.25353338991e-13], "dvar2": [1.55767565957e-06, 8.4728553702e-06, 2.07015182241e-05, 1.06216120912e-05, 7.98572727945e-06, 3.98049678552e-06, 3.29369208885e-06, 2.72944845392e-07, 2.78762044559e-08, 3.29005112043e-09, 2.70288982307e-08, 1.9630468362e-09, 9.06865749162e-10, 5.51348550148e-11, 1.01553002119e-10, 1.02407179958e-11, 2.95773128212e-12, 1.88757134922e-11, 2.72292223491e-11, 1.18194421264e-11, 6.28088726862e-12, 1.43614139678e-11, 7.44018041621e-11, 2.06031251088e-11, 1.56342837981e-11, 2.29125485945e-11, 9.2319658862e-12, 1.82348537311e-12, 1.05550052205e-12, 8.73657374743e-13, 1.14176821209e-12, 1.39755611597e-12, 1.37687615216e-12, 2.72716484812e-12, 3.56462450703e-12, 2.6032528997e-12, 9.58078993744e-13, 1.01239687206e-12, 3.60224176876e-12, 1.65835281705e-12], "max": [0.0158449131995, 0.0218819081783, 0.0506617352366, 0.0233195628971, 0.0282578822225, 0.0138617381454, 0.0136080682278, 0.00832848157734, 0.00249570119195, 0.00252147205174, 0.00117724738084, 0.000461897725472, 0.000222792732529, 4.8850204621e-05, 0.000108884712972, 3.91852809116e-05, 1.85987755685e-05, 6.35750111542e-05, 4.76493405586e-05, 2.97012411465e-05, 2.64463742496e-05, 5.47195049876e-05, 4.87503239128e-05, 5.16905238328e-05, 5.23923808942e-05, 6.00788480369e-05, 3.49409274349e-05, 1.66020636243e-05, 6.79905224388e-06, 8.99723454495e-06, 7.23497259969e-06, 6.74402417644e-06, 8.12184862298e-06, 1.51202120833e-05, 1.55315392476e-05, 1.08068879854e-05, 9.84981306829e-06, 7.45659554013e-06, 1.77548463398e-05, 6.8754879976e-06], "mean": [0.000815668841824, 0.00115938775707, 0.00114650814794, 0.00121191609651, 0.00119945663027, 0.000653698982205, 0.000230586359976, 7.96701569925e-05, 3.30209586537e-05, 1.3559956642e-05, 2.88293431367e-05, 9.63044931268e-06, 6.30067142993e-06, 2.15700629269e-06, 1.4744625787e-06, 5.44991507923e-07, 4.89042520257e-07, 5.3099716979e-07, 7.08028437657e-07, 7.78954984071e-07, 2.80479184767e-07, 4.46792626008e-07, 1.35201514695e-06, 4.95168421821e-07, 3.22826849697e-07, 4.42216389729e-07, 2.67095316531e-07, 1.81591900628e-07, 1.81230831231e-07, 1.56812035357e-07, 2.08702360283e-07, 2.11535265748e-07, 1.90478630202e-07, 2.92267031909e-07, 3.70685597773e-07, 3.5727984482e-07, 1.23684316122e-07, 2.01212031925e-07, 2.74814425438e-07, 1.97692273218e-07], "median": [7.35181747586e-05, 0.000214220475755, 0.000337935081916, 0.000313480471959, 0.000190921564354, 9.8876436823e-05, 1.61641219165e-05, 5.54152074983e-06, 6.23568166702e-06, 1.81137454547e-06, 1.86804527402e-06, 8.09236155419e-07, 8.12140456219e-07, 2.64997368049e-07, 1.12661041385e-07, 5.84101726986e-08, 1.02472306196e-07, 4.37599290137e-08, 2.01363565822e-08, 4.32435456332e-08, 2.55038354879e-08, 1.65431490728e-08, 1.69478511225e-08, 1.19974519208e-08, 1.94136635656e-08, 1.55442876348e-08, 1.24428840564e-08, 1.39750611083e-08, 1.325354404e-08, 1.88513311628e-08, 1.30401360821e-08, 1.25745946988e-08, 1.29218014067e-08, 2.02965200202e-08, 2.50471643426e-08, 2.40038566801e-08, 1.17309513215e-08, 1.3111660202e-08, 1.08840501056e-08, 8.96416363361e-09], "min": [3.7765751694e-15, 1.40984907126e-15, 9.05134007601e-16, 3.70921180377e-16, 5.36284140417e-16, 6.98906948872e-16, 7.19967840771e-16, 5.92359892047e-16, 4.35125668974e-16, 8.58502408635e-16, 7.67538693396e-16, 1.73555264182e-16, 5.08415327084e-16, 8.49165511518e-16, 7.17235418362e-16, 4.70410388109e-16, 1.43177737783e-15, 4.46255443673e-16, 7.73765761987e-16, 4.05822405345e-16, 6.16448873792e-16, 2.89856183328e-16, 1.48470296099e-15, 1.04844213552e-15, 6.98497302563e-16, 1.5378316203e-15, 4.49726584691e-16, 3.57109275851e-16, 1.41454131615e-15, 1.36609325502e-15, 9.33297323702e-16, 4.35518771671e-16, 8.51935468074e-16, 4.66760311381e-16, 1.03309114566e-15, 1.35566754999e-15, 1.18616556346e-15, 5.40914551902e-16, 8.78694085911e-16, 6.99326812517e-16], "var": [3.43124725077e-06, 5.04376839672e-06, 6.77627986079e-06, 5.67652023165e-06, 7.62567879065e-06, 2.52343465945e-06, 1.00146894511e-06, 1.16968315922e-07, 1.08276774213e-08, 6.25321483483e-09, 9.49643208514e-09, 6.58914145468e-10, 3.21710907913e-10, 2.37840910161e-11, 2.6756910923e-11, 2.82802817622e-12, 1.66868483007e-12, 3.92770148003e-12, 6.68343332066e-12, 5.92061339191e-12, 1.23120643455e-12, 3.53914163601e-12, 2.07285959231e-11, 4.31322425692e-12, 3.01096669299e-12, 4.8798161692e-12, 1.82110186306e-12, 4.10968297154e-13, 3.23803863497e-13, 2.53489991584e-13, 3.8437151682e-13, 4.15708971153e-13, 3.85526625814e-13, 7.558571824e-13, 1.13650712105e-12, 8.95906775416e-13, 2.29304368462e-13, 3.89340361166e-13, 1.35944630119e-12, 4.53337129121e-13]}, "mfcc": {"mean": [-852.463317871, 145.216156006, 68.9324645996, 20.3245697021, 2.26178264618, -0.734973013401, -6.6307477951, 0.06745570153, -7.33942079544, -8.4780921936, -11.8755683899, -9.06752300262, -3.0206785202], "cov": [[14432.4521484, 1541.71508789, 2121.83691406, 1759.07470703, 449.922241211, -467.065887451, -655.265319824, 234.126983643, -18.7443370819, 59.0184707642, 19.5592422485, -44.1962432861, 61.1647758484], [1541.71508789, 3009.03759766, 1271.06530762, 554.607849121, 118.454338074, -245.191543579, -258.565093994, -158.295303345, -4.47431564331, -2.81552815437, -108.17010498, -128.140441895, 1.5731164217], [2121.83691406, 1271.06530762, 2117.46362305, 1055.55578613, 287.675323486, -85.6627655029, -313.733062744, 5.58382320404, 93.2491760254, 116.461547852, 8.98367500305, 68.7604217529, 3.92274522781], [1759.07470703, 554.607849121, 1055.55578613, 1079.69885254, 343.888519287, -119.24899292, -154.75491333, 49.1150474548, 41.5792007446, 106.716629028, 126.030395508, 96.3766860962, 33.7860603333], [449.922241211, 118.454338074, 287.675323486, 343.888519287, 337.079772949, 92.9707489014, -4.14924001694, 48.7726516724, 40.6101303101, 58.3269691467, 66.2178878784, 55.4037628174, 45.1329231262], [-467.065887451, -245.191543579, -85.6627655029, -119.24899292, 92.9707489014, 278.084259033, 163.523147583, 51.0825157166, 39.5710220337, 21.191078186, 10.3434877396, 49.1317100525, 29.6525211334], [-655.265319824, -258.565093994, -313.733062744, -154.75491333, -4.14924001694, 163.523147583, 274.262084961, 125.665252686, 24.3858699799, 1.30453455448, 39.2690467834, 49.0539016724, 28.4173793793], [234.126983643, -158.295303345, 5.58382320404, 49.1150474548, 48.7726516724, 51.0825157166, 125.665252686, 183.358612061, 55.2399940491, 15.6491746902, 46.3910865784, 54.3000984192, 28.569770813], [-18.7443370819, -4.47431564331, 93.2491760254, 41.5792007446, 40.6101303101, 39.5710220337, 24.3858699799, 55.2399940491, 125.599205017, 55.7956848145, -7.25004673004, 18.2844371796, 21.24477005], [59.0184707642, -2.81552815437, 116.461547852, 106.716629028, 58.3269691467, 21.191078186, 1.30453455448, 15.6491746902, 55.7956848145, 138.249313354, 56.0073776245, 21.7302913666, 11.7629384995], [19.5592422485, -108.17010498, 8.98367500305, 126.030395508, 66.2178878784, 10.3434877396, 39.2690467834, 46.3910865784, -7.25004673004, 56.0073776245, 152.246902466, 84.5241851807, 9.84647464752], [-44.1962432861, -128.140441895, 68.7604217529, 96.3766860962, 55.4037628174, 49.1317100525, 49.0539016724, 54.3000984192, 18.2844371796, 21.7302913666, 84.5241851807, 155.68711853, 48.9267158508], [61.1647758484, 1.5731164217, 3.92274522781, 33.7860603333, 45.1329231262, 29.6525211334, 28.4173793793, 28.569770813, 21.24477005, 11.7629384995, 9.84647464752, 48.9267158508, 86.4134597778]], "icov": [[0.000114007525553, -4.05819628213e-05, 4.7711066145e-05, -0.000192499981495, 0.00011667599756, -0.000192584950128, 0.000514260493219, -0.000568840536289, 0.000242538648308, -4.222978896e-05, 8.35596219986e-05, 0.000120705284644, -0.000114504728117], [-4.05819628213e-05, 0.000627890869509, -0.000592094904277, 0.000340352737112, -0.00051990657812, 0.00107581308112, -0.00118500471581, 0.00114519475028, -0.000231299592997, 0.000278227962554, -7.36510410206e-05, 0.000547885312699, -0.000458272203105], [4.7711066145e-05, -0.000592094904277, 0.00191094796173, -0.00178834272083, 0.00121779867914, -0.00234232796356, 0.00296271056868, -0.00198579672724, 0.000155247427756, -0.000673128932249, 0.00115386629477, -0.000985433813184, 0.000919356709346], [-0.000192499981495, 0.000340352737112, -0.00178834272083, 0.00406822422519, -0.00340931699611, 0.00375931174494, -0.00269984314218, 0.00181552441791, -0.000347776163835, -9.48373271967e-05, -0.00135850743391, -0.000435206340626, -0.000101475103293], [0.00011667599756, -0.00051990657812, 0.00121779867914, -0.00340931699611, 0.00795635487884, -0.00613340176642, 0.0045844851993, -0.00298342341557, 5.75039703108e-05, -1.17923382277e-05, -0.00155831559096, 0.0013343654573, -0.00195802282542], [-0.000192584950128, 0.00107581308112, -0.00234232796356, 0.00375931174494, -0.00613340176642, 0.0124343680218, -0.00998175889254, 0.00587065890431, -0.00161298713647, -0.00039739505155, 0.00143764982931, -0.0017359952908, 0.00030117915594], [0.000514260493219, -0.00118500471581, 0.00296271056868, -0.00269984314218, 0.0045844851993, -0.00998175889254, 0.0168290697038, -0.0114799989387, 0.00249654776417, -0.000611140683759, -0.000689940177836, 0.000125130201923, -0.000652188668028], [-0.000568840536289, 0.00114519475028, -0.00198579672724, 0.00181552441791, -0.00298342341557, 0.00587065890431, -0.0114799989387, 0.0163154527545, -0.0063176820986, 0.00294446246698, -0.00280746934004, -0.000256203231402, -0.000695766531862], [0.000242538648308, -0.000231299592997, 0.000155247427756, -0.000347776163835, 5.75039703108e-05, -0.00161298713647, 0.00249654776417, -0.0063176820986, 0.0144997881725, -0.00688380654901, 0.00565614830703, -0.00170876143966, -0.000552074692678], [-4.222978896e-05, 0.000278227962554, -0.000673128932249, -9.48373271967e-05, -1.17923382277e-05, -0.00039739505155, -0.000611140683759, 0.00294446246698, -0.00688380654901, 0.0129548385739, -0.00720500713214, 0.00330072245561, -0.0016564700054], [8.35596219986e-05, -7.36510410206e-05, 0.00115386629477, -0.00135850743391, -0.00155831559096, 0.00143764982931, -0.000689940177836, -0.00280746934004, 0.00565614830703, -0.00720500713214, 0.0164610408247, -0.0083708781749, 0.00435069436207], [0.000120705284644, 0.000547885312699, -0.000985433813184, -0.000435206340626, 0.0013343654573, -0.0017359952908, 0.000125130201923, -0.000256203231402, -0.00170876143966, 0.00330072245561, -0.0083708781749, 0.0142452297732, -0.00707912025973], [-0.000114504728117, -0.000458272203105, 0.000919356709346, -0.000101475103293, -0.00195802282542, 0.00030117915594, -0.000652188668028, -0.000695766531862, -0.000552074692678, -0.0016564700054, 0.00435069436207, -0.00707912025973, 0.0168970357627]]}, "spectral_contrast_coeffs": {"dmean": [0.052799731493, 0.0496134236455, 0.0412184260786, 0.0279387626797, 0.0215559378266, 0.0196849964559], "dmean2": [0.0854915305972, 0.0765427574515, 0.0646871700883, 0.0443889945745, 0.0342187918723, 0.0300458557904], "dvar": [0.00276828906499, 0.00231934920885, 0.00148370710667, 0.000640481710434, 0.000434114423115, 0.000346972898114], "dvar2": [0.0064284587279, 0.0052049709484, 0.00365942437202, 0.00146342336666, 0.00102502061054, 0.000776770233642], "max": [-0.25113338232, -0.358271509409, -0.467727839947, -0.529237866402, -0.699794828892, -0.643297493458], "mean": [-0.599555253983, -0.667904138565, -0.740309894085, -0.808584332466, -0.834868431091, -0.825113534927], "median": [-0.596713066101, -0.661422371864, -0.742466688156, -0.822716474533, -0.840799927711, -0.829270124435], "min": [-0.965631902218, -0.970562696457, -0.947964549065, -0.946654558182, -0.939693808556, -0.929365634918], "var": [0.0164620969445, 0.0144290877506, 0.00682489341125, 0.00480205705389, 0.00164874072652, 0.00173424195964]}, "spectral_contrast_valleys": {"dmean": [0.570023536682, 0.581604659557, 0.643097937107, 0.68410807848, 0.682004451752, 0.623356282711], "dmean2": [0.845470309258, 0.869239985943, 0.950669586658, 0.984632134438, 0.918860137463, 0.838574886322], "dvar": [0.339154839516, 0.426741421223, 0.559963703156, 0.635212898254, 0.6635389328, 0.493882000446], "dvar2": [0.602970