{"lowlevel": {"average_loudness": 0.586692154408, "barkbands_crest": {"dmean": 1.5176101923, "dmean2": 2.37836384773, "dvar": 2.76263928413, "dvar2": 6.58615159988, "max": 26.3019180298, "mean": 12.7337369919, "median": 11.4943799973, "min": 5.13916873932, "var": 21.9716873169}, "barkbands_flatness_db": {"dmean": 0.0144906155765, "dmean2": 0.023833623156, "dvar": 0.000247002288233, "dvar2": 0.000577416212764, "max": 0.506266951561, "mean": 0.394789427519, "median": 0.403866171837, "min": 0.0566244535148, "var": 0.00388645916246}, "barkbands_kurtosis": {"dmean": 3.5903737545, "dmean2": 5.79998493195, "dvar": 433.315002441, "dvar2": 1030.72619629, "max": 483.501617432, "mean": 8.39812088013, "median": 3.39084339142, "min": -1.24302887917, "var": 988.773925781}, "barkbands_skewness": {"dmean": 0.343389332294, "dmean2": 0.540959656239, "dvar": 0.717809081078, "dvar2": 1.68641412258, "max": 20.2098255157, "mean": 1.40203309059, "median": 1.13762950897, "min": -2.42955160141, "var": 2.75369095802}, "barkbands_spread": {"dmean": 0.836377382278, "dmean2": 1.41194033623, "dvar": 6.92285346985, "dvar2": 20.7243766785, "max": 79.9536819458, "mean": 4.7440867424, "median": 3.59358811378, "min": 0.600006043911, "var": 33.7084121704}, "dissonance": {"dmean": 0.0405396558344, "dmean2": 0.0695266127586, "dvar": 0.00146528228652, "dvar2": 0.0040076430887, "max": 0.4991735816, "mean": 0.355594962835, "median": 0.363791227341, "min": 0.11400385201, "var": 0.00605651410297}, "dynamic_complexity": 8.50465679169, "erbbands_crest": {"dmean": 1.64556837082, "dmean2": 2.7492814064, "dvar": 3.84389543533, "dvar2": 11.1210536957, "max": 31.3679351807, "mean": 15.0338096619, "median": 13.6092615128, "min": 2.99892497063, "var": 33.6843032837}, "erbbands_flatness_db": {"dmean": 0.0111041767523, "dmean2": 0.0184119902551, "dvar": 0.000142562683322, "dvar2": 0.000326734880218, "max": 0.488333374262, "mean": 0.379203468561, "median": 0.39379888773, "min": 0.0614054091275, "var": 0.0048370254226}, "erbbands_kurtosis": {"dmean": 1.38540101051, "dmean2": 2.18409180641, "dvar": 29.9291725159, "dvar2": 66.0861434937, "max": 221.703659058, "mean": 5.70321369171, "median": 1.64386796951, "min": -1.63568425179, "var": 482.493713379}, "erbbands_skewness": {"dmean": 0.23471018672, "dmean2": 0.370355069637, "dvar": 0.116536743939, "dvar2": 0.272872805595, "max": 13.5384836197, "mean": 1.30987226963, "median": 1.07074224949, "min": -0.912347793579, "var": 2.53340601921}, "erbbands_spread": {"dmean": 1.66536283493, "dmean2": 2.71297836304, "dvar": 13.4248371124, "dvar2": 30.628364563, "max": 135.578262329, "mean": 12.6121559143, "median": 8.50255298615, "min": 2.03792691231, "var": 281.964385986}, "hfc": {"dmean": 1.26563179493, "dmean2": 1.56914949417, "dvar": 12.4917097092, "dvar2": 20.3957233429, "max": 79.9528274536, "mean": 6.81461763382, "median": 3.26221704483, "min": 1.19104955543e-16, "var": 100.656219482}, "melbands_crest": {"dmean": 1.84178209305, "dmean2": 2.92100429535, "dvar": 3.85635709763, "dvar2": 10.0289402008, "max": 29.3410968781, "mean": 15.5579395294, "median": 14.8482532501, "min": 2.077896595, "var": 24.5937194824}, "melbands_flatness_db": {"dmean": 0.0164435468614, "dmean2": 0.0271494239569, "dvar": 0.000385022984119, "dvar2": 0.000783789204434, "max": 0.665349960327, "mean": 0.520305275917, "median": 0.526452600956, "min": 0.00658087572083, "var": 0.00631432654336}, "melbands_kurtosis": {"dmean": 5.46608257294, "dmean2": 8.83616924286, "dvar": 576.190979004, "dvar2": 1472.65063477, "max": 448.711425781, "mean": 14.0943202972, "median": 4.54047107697, "min": -1.33351433277, "var": 1633.28942871}, "melbands_skewness": {"dmean": 0.351575404406, "dmean2": 0.550743401051, "dvar": 0.488891363144, "dvar2": 1.19031667709, "max": 14.5517482758, "mean": 1.77583646774, "median": 1.37523114681, "min": -0.706872105598, "var": 4.16043519974}, "melbands_spread": {"dmean": 0.964130282402, "dmean2": 1.5187702179, "dvar": 23.8651580811, "dvar2": 30.7534656525, "max": 158.33996582, "mean": 5.7989320755, "median": 5.00044059753, "min": 0.399058103561, "var": 104.182556152}, "pitch_salience": {"dmean": 0.0434408485889, "dmean2": 0.0697042644024, "dvar": 0.00245944061317, "dvar2": 0.00577229168266, "max": 0.877607047558, "mean": 0.519191205502, "median": 0.522583723068, "min": 0.117106698453, "var": 0.0143262073398}, "silence_rate_20dB": {"dmean": 0, "dmean2": 0, "dvar": 0, "dvar2": 0, "max": 1, "mean": 1, "median": 1, "min": 1, "var": 0}, "silence_rate_30dB": {"dmean": 0.00533333327621, "dmean2": 0.0106737827882, "dvar": 0.00530495820567, "dvar2": 0.0118941124529, "max": 1, "mean": 0.988008022308, "median": 1, "min": 0, "var": 0.0118479589}, "silence_rate_60dB": {"dmean": 0.0133333336562, "dmean2": 0.0266844555736, "dvar": 0.0131553765386, "dvar2": 0.0259726680815, "max": 1, "mean": 0.279147237539, "median": 0, "min": 0, "var": 0.20122396946}, "spectral_centroid": {"dmean": 30.6812496185, "dmean2": 45.5148735046, "dvar": 51489.7929688, "dvar2": 60291.5273438, "max": 11121.5458984, "mean": 414.246337891, "median": 400.370849609, "min": 159.167694092, "var": 152955.6875}, "spectral_complexity": {"dmean": 0.748000025749, "dmean2": 1.27551698685, "dvar": 0.975144028664, "dvar2": 1.91409802437, "max": 19, "mean": 7.16988658905, "median": 7, "min": 0, "var": 14.7167100906}, "spectral_decrease": {"dmean": 7.55250972873e-10, "dmean2": 9.8801189452e-10, "dvar": 3.02109975711e-18, "dvar2": 5.23803354785e-18, "max": 3.35319729209e-22, "mean": -4.30459445866e-09, "median": -2.51912912752e-09, "min": -3.8362149013e-08, "var": 2.85694055331e-17}, "spectral_energy": {"dmean": 0.00296147959307, "dmean2": 0.00386644294485, "dvar": 4.72264546261e-05, "dvar2": 8.15957100713e-05, "max": 0.152039423585, "mean": 0.0168646182865, "median": 0.00975110754371, "min": 1.06008155351e-20, "var": 0.000443674216513}, "spectral_energyband_high": {"dmean": 1.04950776958e-08, "dmean2": 1.7596430979e-08, "dvar": 1.04742717829e-15, "dvar2": 2.51015884578e-15, "max": 6.86594432864e-07, "mean": 2.94949078494e-08, "median": 1.70288672052e-08, "min": 8.22540727084e-21, "var": 1.85580111831e-15}, "spectral_energyband_low": {"dmean": 0.000476515298942, "dmean2": 0.000641078571789, "dvar": 8.84388782652e-07, "dvar2": 1.49527068061e-06, "max": 0.0246093776077, "mean": 0.00250771758147, "median": 0.000974755035713, "min": 6.06800643538e-23, "var": 1.33095381898e-05}, "spectral_energyband_middle_high": {"dmean": 0.000193645304535, "dmean2": 0.000250123703154, "dvar": 5.84288386563e-07, "dvar2": 1.09237601009e-06, "max": 0.0183334480971, "mean": 0.000795969623141, "median": 0.000227420096053, "min": 1.17391751933e-21, "var": 2.8478641525e-06}, "spectral_energyband_middle_low": {"dmean": 0.00269247684628, "dmean2": 0.0035635412205, "dvar": 3.87229956686e-05, "dvar2": 6.67632630211e-05, "max": 0.136847138405, "mean": 0.0140351355076, "median": 0.00765085872263, "min": 3.23762576159e-22, "var": 0.000345466745785}, "spectral_entropy": {"dmean": 0.107085317373, "dmean2": 0.17376871407, "dvar": 0.0258011650294, "dvar2": 0.0579455457628, "max": 9.80526351929, "mean": 5.38329935074, "median": 5.25062656403, "min": 4.5024356842, "var": 0.390986770391}, "spectral_flux": {"dmean": 0.00944594480097, "dmean2": 0.0152041083202, "dvar": 0.000376933225198, "dvar2": 0.00089145207312, "max": 0.272596716881, "mean": 0.0232433062047, "median": 0.0168930329382, "min": 1.02960265314e-10, "var": 0.000621506711468}, "spectral_kurtosis": {"dmean": 33.2696456909, "dmean2": 56.8410797119, "dvar": 1157.66687012, "dvar2": 3243.59350586, "max": 418.638458252, "mean": 155.97102356, "median": 156.958358765, "min": -1.20372629166, "var": 5550.12255859}, "spectral_rms": {"dmean": 0.000314868870191, "dmean2": 0.000420685712015, "dvar": 3.08872131427e-07, "dvar2": 5.19059142334e-07, "max": 0.0121791278943, "mean": 0.00335594965145, "median": 0.00308435992338, "min": 3.2159383663e-12, "var": 5.19095146956e-06}, "spectral_rolloff": {"dmean": 69.2793731689, "dmean2": 118.942314148, "dvar": 523706.96875, "dvar2": 946697.625, "max": 18303.2226562, "mean": 568.671386719, "median": 430.6640625, "min": 86.1328125, "var": 1954171.25}, "spectral_skewness": {"dmean": 1.52962613106, "dmean2": 2.65311217308, "dvar": 2.30377149582, "dvar2": 6.42344617844, "max": 17.3439407349, "mean": 9.12491416931, "median": 9.60598278046, "min": -0.0268648620695, "var": 10.3773040771}, "spectral_spread": {"dmean": 310577.0625, "dmean2": 534180.4375, "dvar": 732162883584, "dvar2": 845067583488, "max": 40815272, "mean": 1392405.125, "median": 721527.5, "min": 231206.578125, "var": 6154956570620.0}, "spectral_strongpeak": {"dmean": 0.189983278513, "dmean2": 0.293630599976, "dvar": 0.125285580754, "dvar2": 0.262860655785, "max": 5.06460571289, "mean": 0.933109939098, "median": 0.621522188187, "min": 3.6045961771e-09, "var": 0.896134018898}, "zerocrossingrate": {"dmean": 0.00264843739569, "dmean2": 0.00343132391572, "dvar": 0.000205600081244, "dvar2": 0.000275400496321, "max": 0.5078125, "mean": 0.0236310567707, "median": 0.0185546875, "min": 0.0029296875, "var": 0.00154591398314}, "barkbands": {"dmean": [2.83825585257e-07, 0.000188745121704, 0.000297054357361, 0.000180971823283, 0.000614718126599, 0.00123275246006, 0.000888063164894, 0.000490812817588, 0.000130766566144, 4.46518097306e-05, 2.06421755138e-05, 7.31138279662e-05, 2.85561054625e-05, 3.03973065456e-05, 3.70668713003e-05, 7.64554715715e-06, 3.13238638228e-06, 5.02169996253e-07, 5.23514565032e-08, 1.42573055584e-08, 3.46727424549e-09, 1.1175261827e-09, 8.28415669396e-10, 8.0104822775e-10, 8.08622391268e-10, 8.4781193177e-10, 9.79484271468e-10], "dmean2": [4.85003056383e-07, 0.00027230597334, 0.000401444034651, 0.000258010288235, 0.000915297016036, 0.00196816259995, 0.0010649835458, 0.000599934894126, 0.00014327892859, 5.74022633373e-05, 2.88038718281e-05, 0.00010231329361, 3.93997797801e-05, 3.71148380509e-05, 5.49625256099e-05, 9.94780202745e-06, 3.89085562347e-06, 6.25342977401e-07, 7.86677958331e-08, 2.26682068671e-08, 5.01996400004e-09, 1.88343229901e-09, 1.47301482123e-09, 1.4261619663e-09, 1.41712430679e-09, 1.48192025318e-09, 1.72772962603e-09], "dvar": [2.1721739804e-13, 2.23490872031e-07, 4.36815781768e-07, 2.20566022335e-07, 1.10508972284e-06, 7.6959386206e-06, 1.01246614577e-05, 3.29883710037e-06, 2.59204512076e-07, 2.47455247404e-08, 8.17744894022e-09, 6.45489066642e-08, 1.18534702054e-08, 3.98109456512e-08, 3.80367275454e-08, 9.7568952917e-10, 4.19855455958e-10, 1.01401066363e-11, 2.66445529919e-13, 7.56620311651e-15, 2.08353865815e-16, 6.55320481328e-18, 1.78208287477e-18, 1.53774850767e-18, 1.417895e-18, 1.34440486226e-18, 1.62992486225e-18], "dvar2": [6.37487079184e-13, 4.11374116993e-07, 7.37472021228e-07, 4.85557620777e-07, 2.31504782278e-06, 1.76887151611e-05, 1.77493948286e-05, 4.73562613479e-06, 3.79547799412e-07, 4.14999412612e-08, 1.88835667103e-08, 1.15180576188e-07, 2.58462033997e-08, 8.46870804594e-08, 7.60891083473e-08, 1.84136783599e-09, 7.52366668966e-10, 1.94678544119e-11, 7.08262279121e-13, 1.76190628791e-14, 4.01096067379e-16, 1.48814970349e-17, 5.34200808289e-18, 4.63054507495e-18, 4.22440601163e-18, 4.00011433418e-18, 4.86542838656e-18], "max": [7.89082605479e-06, 0.0185016952455, 0.0213788747787, 0.0203630533069, 0.0247416812927, 0.0398957282305, 0.069189235568, 0.0492598935962, 0.0105139911175, 0.00351951294579, 0.00229578698054, 0.00568164978176, 0.00239865295589, 0.00687445374206, 0.00505688600242, 0.000762230250984, 0.00068073841976, 9.20017046155e-05, 1.63877903105e-05, 1.94899712369e-06, 4.63630158265e-07, 7.69260779521e-08, 1.5278844856e-08, 1.4530652237e-08, 1.44174743255e-08, 1.49856553833e-08, 1.66756279896e-08], "mean": [4.42388540023e-07, 0.000881091342308, 0.0011867453577, 0.000905247638002, 0.00256211939268, 0.00303937285207, 0.00444182287902, 0.00253082974814, 0.000477502471767, 0.000170652405359, 6.65160405333e-05, 0.000275821774267, 0.0001000235643, 0.000116804396384, 7.55329820095e-05, 2.47563402809e-05, 7.3514588621e-06, 1.8776432853e-06, 1.0534193251e-07, 2.50419365244e-08, 5.9456009005e-09, 2.11968109731e-09, 1.71046810049e-09, 1.99582150806e-09, 2.58447196977e-09, 3.41896821965e-09, 4.29463797857e-09], "median": [1.89669464135e-07, 0.000158867973369, 0.000348797009792, 0.000223635404836, 0.0011876312783, 0.00156489596702, 0.000312162708724, 0.000435413850937, 4.23821002187e-05, 2.58909822151e-05, 7.72455859988e-06, 5.18043452757e-05, 2.1457697585e-05, 1.19319793157e-05, 5.38989388588e-06, 3.98637712351e-06, 3.12292542048e-07, 2.97330551291e-08, 9.78986136602e-09, 4.02262179122e-09, 1.53078527632e-09, 1.25131482953e-09, 1.33094457677e-09, 1.68628988551e-09, 2.30057750628e-09, 3.16957349256e-09, 4.08481382053e-09], "min": [8.68053231547e-24, 7.29820267378e-24, 1.86813511513e-23, 5.21067555903e-23, 7.72984479969e-23, 2.77950312126e-23, 7.58463759515e-23, 1.96974639506e-23, 5.92932342607e-23, 2.33979804803e-23, 4.10975011495e-23, 1.02943104335e-22, 7.7552650535e-23, 1.54017796359e-22, 1.55366584424e-22, 1.51303748813e-22, 9.39610267834e-23, 1.95954740175e-22, 1.28479011465e-22, 1.90032691939e-22, 4.41278894909e-22, 5.31086001047e-22, 7.00258370753e-22, 9.53510640694e-22, 1.20357051046e-21, 2.09739621274e-21, 2.32209772588e-21], "var": [4.80399140607e-13, 3.71772921426e-06, 4.84648626298e-06, 4.1416969907e-06, 1.30524831548e-05, 1.72649342858e-05, 9.22291073948e-05, 2.93472512567e-05, 1.31685976612e-06, 1.57753760277e-07, 2.44834783558e-08, 4.1849699528e-07, 4.11890752616e-08, 1.76785462713e-07, 9.08897774821e-08, 3.39677375116e-09, 1.12069453717e-09, 5.81792357346e-11, 2.96775164122e-13, 9.62295496651e-15, 3.51900340863e-16, 1.17633528619e-17, 1.67938685076e-18, 1.39320903539e-18, 1.29560296388e-18, 1.26427628991e-18, 1.48509184424e-18]}, "erbbands": {"dmean": [0.00212904741056, 0.0540282353759, 0.281780809164, 0.462749481201, 0.558185577393, 1.8995783329, 5.65855121613, 13.6858167648, 15.4543867111, 8.28625488281, 8.4677028656, 2.03021597862, 3.40361523628, 0.819246470928, 1.36164581776, 2.28747606277, 1.61707925797, 0.800900220871, 1.94284296036, 1.36552608013, 0.386934965849, 0.1844176054, 0.0351161397994, 0.0114215472713, 0.00212625879794, 0.000661436235532, 0.000182232062798, 0.000120282413263, 4.4966222049e-05, 3.03048236674e-05, 2.33525879594e-05, 1.77008369064e-05, 1.4055448446e-05, 9.95860136754e-06, 6.6941897785e-06, 4.20986543759e-06, 2.09829113373e-06, 6.80884738813e-07, 1.42168948969e-06, 3.31099795403e-06], "dmean2": [0.00310530350544, 0.0773631930351, 0.386560887098, 0.653593957424, 0.806325256824, 2.95573067665, 8.34247589111, 21.9135990143, 17.8525600433, 11.6550197601, 10.7267093658, 2.36339402199, 3.74446368217, 1.10778355598, 1.86238241196, 3.16863226891, 2.20921015739, 1.07797217369, 2.52064943314, 1.98177134991, 0.487453132868, 0.235117033124, 0.0431126393378, 0.0142384022474, 0.0030443102587, 0.00103597273119, 0.000270611519227, 0.000186266188393, 7.43568161852e-05, 5.281778067e-05, 4.11757537222e-05, 3.11692492687e-05, 2.45632727456e-05, 1.69112627191e-05, 1.11838789962e-05, 6.91468449077e-06, 3.37824371854e-06, 1.13575765681e-06, 1.87185480627e-06, 4.31120861322e-06], "dvar": [3.25464643538e-05, 0.016716549173, 0.332980692387, 1.18414652348, 1.86634874344, 10.7173566818, 103.530822754, 1009.78143311, 1950.32177734, 2245.45776367, 1090.97521973, 43.0555877686, 139.831329346, 7.84761381149, 21.8879718781, 70.0267105103, 36.2668266296, 10.3542022705, 103.790031433, 48.882068634, 2.59271764755, 1.18322646618, 0.044897928834, 0.00522992666811, 0.000267351104412, 1.96093624254e-05, 9.17837724046e-07, 2.11295599684e-07, 1.31300375017e-08, 2.44464803956e-09, 1.38832834118e-09, 7.86968989974e-10, 4.23496043789e-10, 2.02527494775e-10, 8.63705912346e-11, 3.28376249803e-11, 9.09972965035e-12, 7.80462120712e-13, 1.09146528621e-11, 6.01011115875e-11], "dvar2": [5.22504305991e-05, 0.0309367794544, 0.595166027546, 2.37337088585, 3.64780688286, 24.931646347, 210.388946533, 2389.41235352, 2159.47460938, 5709.75244141, 1598.96716309, 67.5956344604, 197.737243652, 16.6583423615, 43.2954978943, 132.444473267, 74.8256835938, 21.5988254547, 222.89503479, 97.9103546143, 3.98314571381, 2.6540017128, 0.0926565974951, 0.0104205636308, 0.000702340563294, 4.89320227643e-05, 1.64551727266e-06, 5.14150826803e-07, 2.85419652357e-08, 6.9729968466e-09, 4.04650402075e-09, 2.26466845277e-09, 1.19661969222e-09, 5.54846890655e-10, 2.20346588198e-10, 7.54072915221e-11, 1.95690148114e-11, 1.94902167322e-12, 1.84566441991e-11, 1.03369347804e-10], "max": [0.241612240672, 4.95460367203, 16.5993747711, 26.8387260437, 73.3748016357, 65.0279998779, 201.886993408, 454.288208008, 1090.55310059, 1421.7298584, 931.380126953, 150.437515259, 250.073577881, 57.175151825, 102.744194031, 184.359100342, 130.107513428, 100.993019104, 306.848571777, 183.180221558, 47.595500946, 25.6203098297, 6.09117221832, 1.93746471405, 0.457127660513, 0.110552974045, 0.0348633863032, 0.00807103142142, 0.00298097566701, 0.000622144842055, 0.000487040902954, 0.000387362757465, 0.000312947609928, 0.00025185602135, 0.000185989119927, 0.000129886946524, 7.23018893041e-05, 1.90745013242e-05, 7.57014931878e-05, 0.000172194326296], "mean": [0.00887687411159, 0.260383099318, 1.18557107449, 2.41278338432, 2.85312199593, 7.31918478012, 20.0325336456, 35.6143493652, 76.4684295654, 37.8799171448, 43.1103591919, 7.83726024628, 13.4439630508, 2.59598278999, 5.42092752457, 8.59629249573, 5.90004491806, 3.26694583893, 6.03834342957, 3.10375952721, 1.29660177231, 0.454260140657, 0.122300468385, 0.0413400866091, 0.00451666070148, 0.00116909306962, 0.000391659210436, 0.000200686612516, 9.1153284302e-05, 6.73530521453e-05, 5.74983750994e-05, 5.08192824782e-05, 4.38614406448e-05, 3.68899636669e-05, 2.9042497772e-05, 2.03507624974e-05, 1.14350777949e-05, 3.44229351867e-06, 8.58351722854e-06, 1.88832509593e-05], "median": [0.00224430928938, 0.0576103851199, 0.408854901791, 0.758332192898, 0.883909165859, 3.1932284832, 9.35310840607, 16.4896278381, 11.237531662, 8.26749324799, 6.77066421509, 2.3324201107, 1.55434668064, 0.830459415913, 1.40843582153, 1.75696837902, 1.20111501217, 0.695362329483, 0.652769088745, 0.369041889906, 0.200902163982, 0.0416943691671, 0.00604842975736, 0.00168739270885, 0.000596241210587, 0.000212179176742, 9.9078490166e-05, 6.41687147436e-05, 5.02628536196e-05, 4.7626093874e-05, 4.35022302554e-05, 4.05112004955e-05, 3.57281787728e-05, 2.99441944662e-05, 2.32557031268e-05, 1.60808467626e-05, 8.95113953447e-06, 2.91565493171e-06, 5.17017542734e-06, 1.08867043309e-05], "min": [1.1256949192e-22, 2.18956889185e-21, 1.47732534853e-20, 1.21365206094e-19, 1.31607033321e-19, 3.94041624408e-19, 2.04146469118e-19, 2.17506961125e-19, 8.60052046313e-19, 9.54985910854e-19, 4.60783079873e-19, 1.24888835237e-18, 1.25513842568e-18, 6.29023551455e-19, 2.31785396137e-18, 4.35128600502e-18, 4.25418947677e-18, 7.96261097564e-18, 5.31293020282e-18, 1.0436603963e-17, 7.39375307812e-18, 5.86239154215e-18, 8.63294904507e-18, 9.53536835178e-18, 6.48327124198e-18, 9.25374395889e-18, 1.94819281861e-17, 1.31769449718e-17, 1.90714083742e-17, 1.92377759021e-17, 2.01391033304e-17, 1.4562001832e-17, 1.80804559265e-17, 1.42748742065e-17, 9.0863697522e-18, 7.27230228469e-18, 4.42382436807e-18, 1.54661412608e-18, 3.24251310453e-19, 2.87470853762e-20], "var": [0.000496678228956, 0.280053079128, 3.40973925591, 17.0733318329, 46.0790481567, 98.688041687, 847.915222168, 2404.95678711, 25502.8164062, 8162.60009766, 9543.68066406, 217.448287964, 841.541137695, 23.2266921997, 118.665809631, 388.659393311, 154.722167969, 55.6082000732, 403.269042969, 117.829071045, 11.5570631027, 2.23683381081, 0.182728096843, 0.0268986523151, 0.000308530492475, 2.19974244828e-05, 1.78644916105e-06, 2.6776035611e-07, 2.47311575663e-08, 3.83627307698e-09, 1.93687466066e-09, 1.21422372157e-09, 8.16042067253e-10, 5.14421061304e-10, 3.18255477527e-10, 1.71205633004e-10, 5.69738631273e-11, 2.89872878305e-12, 1.02089461884e-10, 5.60671231664e-10]}, "gfcc": {"mean": [-273.417755127, 238.043777466, -68.4009780884, -57.1028747559, -20.3707809448, -13.4914484024, -45.9624137878, -17.0693359375, -5.75363349915, -5.36605167389, -5.90259885788, -6.88625240326, -3.0344748497], "cov": [[16512.2539062, 7694.76123047, -4494.74755859, -3865.81494141, 1347.75183105, -1088.75219727, -406.419555664, 253.703170776, 1356.34069824, 127.07724762, 784.453063965, -324.246765137, -59.7766494751], [7694.76123047, 4506.84423828, -1364.50939941, -1993.88647461, 413.009887695, -287.796936035, -36.3465194702, 100.662239075, 717.635742188, 102.101844788, 331.362365723, -229.120513916, -72.352897644], [-4494.74755859, -1364.50939941, 2384.77685547, 1216.2442627, -654.882995605, 520.23034668, 378.37890625, -63.2597236633, -362.996582031, 2.25061869621, -227.601608276, -6.61990356445, -111.549385071], [-3865.81494141, -1993.88647461, 1216.2442627, 1273.96337891, -213.745376587, 242.701660156, 158.341171265, -16.7474632263, -382.244598389, -52.9465141296, -160.231124878, 102.578094482, -10.0207080841], [1347.75183105, 413.009887695, -654.882995605, -213.745376587, 369.110443115, -104.604385376, -113.95526123, 21.5519485474, 107.340248108, -16.1796264648, 90.9663238525, 21.3734092712, 15.8972873688], [-1088.75219727, -287.796936035, 520.23034668, 242.701660156, -104.604385376, 234.410354614, 88.0922470093, -53.0413742065, -74.033416748, 12.1150817871, -83.8473052979, -3.81024861336, -0.428883552551], [-406.419555664, -36.3465194702, 378.37890625, 158.341171265, -113.95526123, 88.0922470093, 185.156311035, 67.5106048584, -26.21808815, 11.0949649811, -12.783613205, -18.4128494263, -21.2389278412], [253.703170776, 100.662239075, -63.2597236633, -16.7474632263, 21.5519485474, -53.0413742065, 67.5106048584, 142.495941162, 72.0712203979, -11.3248291016, 39.9539527893, 32.9014968872, -3.89489912987], [1356.34069824, 717.635742188, -362.996582031, -382.244598389, 107.340248108, -74.033416748, -26.21808815, 72.0712203979, 205.529785156, 34.3294906616, 64.0940551758, -10.7636175156, 8.05838871002], [127.07724762, 102.101844788, 2.25061869621, -52.9465141296, -16.1796264648, 12.1150817871, 11.0949649811, -11.3248291016, 34.3294906616, 60.6735267639, 22.9637184143, -23.7109737396, -4.28873157501], [784.453063965, 331.362365723, -227.601608276, -160.231124878, 90.9663238525, -83.8473052979, -12.783613205, 39.9539527893, 64.0940551758, 22.9637184143, 122.639976501, 19.5688381195, -43.7275009155], [-324.246765137, -229.120513916, -6.61990356445, 102.578094482, 21.3734092712, -3.81024861336, -18.4128494263, 32.9014968872, -10.7636175156, -23.7109737396, 19.5688381195, 102.900413513, 31.7936649323], [-59.7766494751, -72.352897644, -111.549385071, -10.0207080841, 15.8972873688, -0.428883552551, -21.2389278412, -3.89489912987, 8.05838871002, -4.28873157501, -43.7275009155, 31.7936649323, 101.909034729]], "icov": [[0.00188519968651, -0.00328408600762, 0.00367162236944, -0.00373121886514, 0.00229132315144, 0.000570604228415, -0.00127288303338, 0.00284089939669, -0.00325258728117, 0.00285208504647, -0.00241385539994, 0.00152804085519, 0.000779257214162], [-0.00328408600762, 0.00805220194161, -0.00898793619126, 0.0110852960497, -0.00790814403445, 0.00156781508122, -0.000811489589978, -0.00297491624951, 0.00359510444105, -0.00353607302532, 0.00301279244013, -0.00175149017014, -0.00259414967149], [0.00367162236944, -0.00898793619126, 0.0157051477581, -0.0190325416625, 0.0177893042564, -0.0088588250801, -0.000298385391943, 0.00881842989475, -0.0141648417339, 0.0148582756519, -0.0130657320842, 0.00843366142362, 0.0020622566808], [-0.00373121886514, 0.0110852960497, -0.0190325416625, 0.0294130966067, -0.0260179769248, 0.0130888391286, -0.00467090634629, -0.0123132104054, 0.024423090741, -0.0254192985594, 0.0249375943094, -0.0178074222058, 0.00366547424346], [0.00229132315144, -0.00790814403445, 0.0177893042564, -0.0260179769248, 0.0316297002137, -0.0188645143062, 0.00852247048169, 0.00869587343186, -0.02344927378, 0.0305727701634, -0.0320940949023, 0.0211815405637, -0.00750015163794], [0.000570604228415, 0.00156781508122, -0.0088588250801, 0.0130888391286, -0.0188645143062, 0.0276019908488, -0.0156983342022, 0.00775500992313, 0.00755635323003, -0.0210974290967, 0.0287092868239, -0.0215024314821, 0.0106632634997], [-0.00127288303338, -0.000811489589978, -0.000298385391943, -0.00467090634629, 0.00852247048169, -0.0156983342022, 0.0289322603494, -0.0232539921999, 0.00911335274577, 0.00147662812378, -0.0139857465401, 0.0161411631852, -0.0100584411994], [0.00284089939669, -0.00297491624951, 0.00881842989475, -0.0123132104054, 0.00869587343186, 0.00775500992313, -0.0232539921999, 0.0431130118668, -0.0359862148762, 0.0263833999634, -0.0128955710679, -0.000125717269839, 0.00193548353855], [-0.00325258728117, 0.00359510444105, -0.0141648417339, 0.024423090741, -0.02344927378, 0.00755635323003, 0.00911335274577, -0.0359862148762, 0.0575672239065, -0.0497408434749, 0.0384883098304, -0.024873515591, 0.00938438996673], [0.00285208504647, -0.00353607302532, 0.0148582756519, -0.0254192985594, 0.0305727701634, -0.0210974290967, 0.00147662812378, 0.0263833999634, -0.0497408434749, 0.0794862881303, -0.0650799423456, 0.0454565174878, -0.0254430901259], [-0.00241385539994, 0.00301279244013, -0.0130657320842, 0.0249375943094, -0.0320940949023, 0.0287092868239, -0.0139857465401, -0.0128955710679, 0.0384883098304, -0.0650799423456, 0.0848602205515, -0.0563449449837, 0.038801625371], [0.00152804085519, -0.00175149017014, 0.00843366142362, -0.0178074222058, 0.0211815405637, -0.0215024314821, 0.0161411631852, -0.000125717269839, -0.024873515591, 0.0454565174878, -0.0563449449837, 0.0545880571008, -0.0302295479923], [0.000779257214162, -0.00259414967149, 0.0020622566808, 0.00366547424346, -0.00750015163794, 0.0106632634997, -0.0100584411994, 0.00193548353855, 0.00938438996673, -0.0254430901259, 0.038801625371, -0.0302295479923, 0.0345056690276]]}, "melbands": {"dmean": [3.60931298928e-05, 0.000120263066492, 8.17906475277e-05, 6.04323504376e-05, 0.000189218408195, 0.000292267766781, 0.000213813880691, 0.000101773352071, 5.47226554772e-05, 1.55504003487e-05, 1.75145160028e-05, 3.72225053979e-06, 3.2201387512e-06, 6.66708456265e-06, 6.87794954501e-06, 2.62692879005e-06, 1.41480143157e-06, 3.07088726004e-06, 3.84058967029e-06, 6.14088321527e-07, 3.84098996165e-07, 2.06335656117e-07, 4.56589184239e-08, 3.68567505404e-08, 5.23109777717e-09, 2.29554486531e-09, 7.75702169165e-10, 3.40618311334e-10, 1.1786518983e-10, 8.65599814048e-11, 6.0427565729e-11, 2.71544210728e-11, 1.86623060755e-11, 1.63493506927e-11, 1.41360204792e-11, 1.20492435474e-11, 1.08044484817e-11, 1.02505460717e-11, 9.18828641644e-12, 8.29040221889e-12], "dmean2": [5.2222640079e-05, 0.000162884534802, 0.000113042486191, 9.34064300964e-05, 0.000278553110547, 0.000456487119664, 0.000255419610767, 0.000137470226036, 6.89646985848e-05, 1.74542637978e-05, 1.93214400497e-05, 5.0435473895e-06, 4.53352549812e-06, 9.04394346435e-06, 9.66252173384e-06, 3.69856070392e-06, 1.88302510651e-06, 3.79689890906e-06, 5.66868584428e-06, 8.48819297516e-07, 4.59995732172e-07, 2.68627019295e-07, 5.84874513265e-08, 4.6860211711e-08, 6.82650380668e-09, 3.37580963183e-09, 1.2266097027e-09, 5.8320326346e-10, 1.80182813114e-10, 1.29061442089e-10, 9.59759008379e-11, 4.50848386402e-11, 3.24747138902e-11, 2.9049840658e-11, 2.51886116132e-11, 2.13655499542e-11, 1.91080259254e-11, 1.82085839462e-11, 1.62018315431e-11, 1.4487870105e-11], "dvar": [8.84230111353e-09, 5.43962670463e-08, 3.61595908771e-08, 1.16271170469e-08, 1.06397081368e-07, 4.23374672209e-07, 3.84243605822e-07, 2.29695714893e-07, 4.58551738802e-08, 3.49451245718e-09, 3.68062491596e-09, 1.52850204715e-10, 1.47640136228e-10, 5.80382297777e-10, 1.03698627463e-09, 6.87593593174e-11, 4.55301144009e-11, 4.38089398092e-10, 4.47446163454e-10, 8.1923790668e-12, 3.47013346877e-12, 1.65554148081e-12, 8.33502036379e-14, 5.81846176058e-14, 1.19171362926e-15, 4.00024385412e-16, 2.83175323453e-17, 6.25551574571e-18, 3.76237027012e-19, 1.08046893836e-19, 5.1447968382e-20, 6.20514221709e-21, 8.67759112647e-22, 6.49194003341e-22, 4.62811137307e-22, 3.44585373857e-22, 2.58812716959e-22, 2.00893463825e-22, 1.59295932147e-22, 1.21587497353e-22], "dvar2": [1.52584007651e-08, 9.72715810121e-08, 7.06027449837e-08, 2.89367676487e-08, 2.18242519168e-07, 9.70925384536e-07, 5.05204297951e-07, 5.33615150289e-07, 6.66225759005e-08, 5.36346300706e-09, 5.29270938188e-09, 3.0311680943e-10, 3.3410230138e-10, 1.01029717925e-09, 2.00995242672e-09, 1.2895153001e-10, 9.46981590366e-11, 9.55081680409e-10, 8.87519113757e-10, 1.68655037852e-11, 4.70023325816e-12, 3.54158369298e-12, 1.89228217514e-13, 1.11745709257e-13, 2.60372337569e-15, 1.06189206581e-15, 7.22238391995e-17, 1.6821948601e-17, 6.73333962509e-19, 2.22702844444e-19, 1.23242789762e-19, 1.36764491516e-20, 2.45227709232e-21, 1.93157275322e-21, 1.38886876217e-21, 1.0269024223e-21, 7.77756772901e-22, 6.00989427105e-22, 4.73118886144e-22, 3.65763449263e-22], "max": [0.00395627785474, 0.00625261850655, 0.00740023748949, 0.00296090333723, 0.00713951233774, 0.00918167922646, 0.0140183167532, 0.013426230289, 0.0060767615214, 0.00124856166076, 0.00129151216242, 0.000264956615865, 0.00030353476177, 0.000754427397624, 0.000666108622681, 0.000132373097586, 0.00022039769101, 0.000697149254847, 0.000559844076633, 7.30252941139e-05, 6.15425597061e-05, 3.03391407215e-05, 7.23202492736e-06, 7.01991302776e-06, 8.12315704479e-07, 6.00062037392e-07, 1.1732308991e-07, 6.39533581648e-08, 2.29200622925e-08, 8.04022093348e-09, 4.50443904398e-09, 2.3287691775e-09, 3.32996796804e-10, 2.7765842403e-10, 2.52867643491e-10, 2.18403878316e-10, 1.89733728728e-10, 1.65657390583e-10, 1.47648351878e-10, 1.31578373197e-10], "mean": [0.000163945980603, 0.000554367899895, 0.000452593463706, 0.000266627816018, 0.000695888651535, 0.000813099963125, 0.00103930686601, 0.000473141117254, 0.000279299856629, 5.47906347492e-05, 6.84228216414e-05, 1.02556941783e-05, 1.20002678159e-05, 2.598901483e-05, 2.46435574809e-05, 9.06016066438e-06, 5.77787750444e-06, 1.08525609903e-05, 7.70135011408e-06, 1.81426355539e-06, 1.30664511744e-06, 4.71605687835e-07, 1.11949951531e-07, 1.39753311146e-07, 1.68689275881e-08, 3.89762178088e-09, 1.22440191319e-09, 5.28513954823e-10, 2.34122665699e-10, 1.58776949921e-10, 8.84647771704e-11, 4.73469562168e-11, 3.50426354601e-11, 3.09269415633e-11, 2.78158693995e-11, 2.64054125787e-11, 2.47282177374e-11, 2.35943261456e-11, 2.2869629801e-11, 2.24571125584e-11], "median": [3.11994226649e-05, 0.000187004421605, 0.00014465113054, 0.000138003189932, 0.000346588465618, 0.00040620166692, 0.000151319778524, 9.43309642025e-05, 4.03832600568e-05, 6.19570619165e-06, 7.11133316145e-06, 2.56489056483e-06, 3.28369742419e-06, 6.34343405181e-06, 9.93207549982e-07, 1.59776868713e-06, 1.00255601865e-06, 8.57787995301e-07, 4.45693132178e-07, 1.95865098362e-07, 1.71748141042e-07, 1.93093097067e-08, 6.68275657034e-09, 1.38230982216e-09, 7.45588868423e-10, 3.92290699924e-10, 1.67005131946e-10, 9.56246887229e-11, 5.99819569014e-11, 3.84320318625e-11, 2.98320257386e-11, 2.52305450837e-11, 2.43496559721e-11, 2.31534704603e-11, 2.17520029766e-11, 2.14912913854e-11, 2.06259783558e-11, 2.02395808446e-11, 1.99842625087e-11, 1.9961369363e-11], "min": [2.00673276969e-24, 6.13925240804e-24, 1.92224955328e-23, 2.05821698781e-23, 8.61612734458e-24, 5.76090288498e-24, 1.41691945689e-23, 9.20828657195e-24, 3.66840279109e-24, 8.64133302822e-24, 5.98291634827e-24, 2.12664850197e-24, 6.00868172873e-24, 7.32811943475e-24, 1.67960161863e-23, 5.71170163032e-24, 1.713538257e-23, 7.84072835071e-24, 1.28954745078e-23, 1.32941537652e-23, 7.0994633682e-24, 5.80105117189e-24, 6.67715614892e-24, 8.67351066455e-24, 7.86414489782e-24, 4.1154013567e-24, 4.4332850858e-24, 6.7485046735e-24, 9.59447185037e-24, 1.47128175513e-23, 5.14988988198e-24, 9.89920171831e-24, 1.19495277305e-23, 1.09148837996e-23, 1.15681197937e-23, 1.03717223008e-23, 8.52060891073e-24, 1.13394511054e-23, 1.24431432424e-23, 1.32016519355e-23], "var": [1.48349087681e-07, 6.7413884608e-07, 6.75913781834e-07, 1.24261077872e-07, 1.00845090856e-06, 1.14888507596e-06, 4.44329134552e-06, 1.07225105239e-06, 4.04981790325e-07, 1.68452771732e-08, 2.17376499023e-08, 5.06346076179e-10, 5.47321465927e-10, 4.33027746993e-09, 4.7414197013e-09, 3.37548461404e-10, 2.42156406038e-10, 1.78904469017e-09, 1.05171815701e-09, 2.2565329813e-11, 1.72319190167e-11, 3.39160990959e-12, 1.58150158551e-13, 3.41536261078e-13, 4.40703576808e-15, 3.83849100144e-16, 2.76034885338e-17, 5.64608174402e-18, 7.39630627448e-19, 1.82024053548e-19, 6.36285486375e-20, 1.04075872749e-20, 1.14981750313e-21, 6.97984886246e-22, 4.43135002578e-22, 3.20621243682e-22, 2.39798695276e-22, 1.93591388633e-22, 1.52031760144e-22, 1.16243905043e-22]}, "mfcc": {"mean": [-880.698852539, 237.472503662, 36.8198242188, -17.3140583038, 12.7315368652, 4.20861673355, -18.8144054413, -14.5224456787, -5.3860783577, -5.50959968567, -4.13155651093, 0.153145447373, 2.33290171623], "cov": [[8416.2578125, 6054.90380859, -1871.76293945, -1876.14831543, 439.700653076, -348.39163208, -1085.88378906, -363.93258667, -80.4900970459, -80.6966629028, 308.982971191, 452.280761719, 267.62298584], [6054.90380859, 4747.39941406, -721.480834961, -1243.87414551, 156.69833374, -186.089111328, -690.668945312, -286.462219238, -28.5283641815, 11.4021844864, 232.145263672, 326.807189941, 221.152984619], [-1871.76293945, -721.480834961, 1482.97583008, 707.962890625, -333.012420654, 143.213302612, 434.665985107, 101.044876099, 50.884311676, 124.792533875, -11.6640949249, -78.6237640381, -20.0576229095], [-1876.14831543, -1243.87414551, 707.962890625, 690.362670898, -49.0816841125, 55.4519805908, 352.023132324, 199.627044678, 8.3313703537, 6.69836854935, 7.68218755722, -43.0237808228, -61.3773269653], [439.700653076, 156.69833374, -333.012420654, -49.0816841125, 232.891937256, 43.6091308594, -63.736328125, 30.8791065216, -7.89953660965, -70.5903244019, 14.3090639114, 62.6125831604, 8.35722827911], [-348.39163208, -186.089111328, 143.213302612, 55.4519805908, 43.6091308594, 177.262924194, 90.8204040527, -40.4483947754, 5.58309650421, 21.4755268097, -48.8346824646, -39.9226264954, 5.24507904053], [-1085.88378906, -690.668945312, 434.665985107, 352.023132324, -63.736328125, 90.8204040527, 257.356262207, 94.3014373779, -4.50174665451, 32.1954612732, -3.77116966248, -57.4864883423, -34.1782150269], [-363.93258667, -286.462219238, 101.044876099, 199.627044678, 30.8791065216, -40.4483947754, 94.3014373779, 167.783676147, 55.3063812256, -27.5602664948, 14.2583189011, 23.81183815, -17.1358394623], [-80.4900970459, -28.5283641815, 50.884311676, 8.3313703537, -7.89953660965, 5.58309650421, -4.50174665451, 55.3063812256, 125.615966797, 54.1400146484, -48.9385948181, -34.5137252808, 8.19798755646], [-80.6966629028, 11.4021844864, 124.792533875, 6.69836854935, -70.5903244019, 21.4755268097, 32.1954612732, -27.5602664948, 54.1400146484, 127.601821899, 18.4049758911, -68.5492477417, -13.0859546661], [308.982971191, 232.145263672, -11.6640949249, 7.68218755722, 14.3090639114, -48.8346824646, -3.77116966248, 14.2583189011, -48.9385948181, 18.4049758911, 133.649459839, 76.5787963867, -11.7939119339], [452.280761719, 326.807189941, -78.6237640381, -43.0237808228, 62.6125831604, -39.9226264954, -57.4864883423, 23.81183815, -34.5137252808, -68.5492477417, 76.5787963867, 144.312347412, 43.9996147156], [267.62298584, 221.152984619, -20.0576229095, -61.3773269653, 8.35722827911, 5.24507904053, -34.1782150269, -17.1358394623, 8.19798755646, -13.0859546661, -11.7939119339, 43.9996147156, 62.321647644]], "icov": [[-538.747802734, 736.921081543, -666.121459961, 560.836181641, -437.133026123, 312.327453613, -201.358383179, 113.908058167, -53.876159668, 19.0072116852, -3.03150248528, -1.67771172523, 1.35042023659], [736.921081543, -1007.50750732, 909.360900879, -763.583251953, 592.644165039, -420.703552246, 268.506164551, -149.342224121, 68.4155578613, -22.2724075317, 1.93549072742, 3.33665132523, -2.17262768745], [-666.121459961, 909.360900879, -816.989379883, 680.27545166, -520.893859863, 362.022949219, -223.285430908, 116.832389832, -47.0070495605, 9.6520357132, 4.46731328964, -5.94760084152, 2.87395358086], [560.836181641, -763.583251953, 680.27545166, -557.658996582, 416.068969727, -277.024230957, 158.382354736, -70.6273956299, 16.8634033203, 7.95811367035, -13.3277225494, 9.52625656128, -3.8270277977], [-437.133026123, 592.644165039, -520.893859863, 416.068969727, -296.521575928, 181.551727295, -86.7275390625, 20.5258541107, 15.2115621567, -26.3523483276, 22.4161510468, -13.1355686188, 4.77036571503], [312.327453613, -420.703552246, 362.022949219, -277.024230957, 181.551727295, -92.0930557251, 21.6293067932, 23.3996620178, -42.2699317932, 41.2495803833, -29.4635658264, 15.800702095, -5.42756605148], [-201.358383179, 268.506164551, -223.285430908, 158.382354736, -86.7275390625, 21.6293067932, 26.6947231293, -53.6038818359, 59.1905593872, -49.5290031433, 32.8360977173, -16.8343334198, 5.60769462585], [113.908058167, -149.342224121, 116.832389832, -70.6273956299, 20.5258541107, 23.3996620178, -53.6038818359, 67.0343475342, -64.0925521851, 50.1456832886, -32.0324821472, 16.0518894196, -5.27223348618], [-53.876159668, 68.4155578613, -47.0070495605, 16.8634033203, 15.2115621567, -42.2699317932, 59.1905593872, -64.0925521851, 57.4665298462, -43.4618034363, 27.2402172089, -13.5085306168, 4.42053413391], [19.0072116852, -22.2724075317, 9.6520357132, 7.95811367035, -26.3523483276, 41.2495803833, -49.5290031433, 50.1456832886, -43.4618034363, 32.3111877441, -20.0762348175, 9.94546890259, -3.27355933189], [-3.03150248528, 1.93549072742, 4.46731328964, -13.3277225494, 22.4161510468, -29.4635658264, 32.8360977173, -32.0324821472, 27.2402172089, -20.0762348175, 12.4620876312, -6.19877719879, 2.07167959213], [-1.67771172523, 3.33665132523, -5.94760084152, 9.52625656128, -13.1355686188, 15.800702095, -16.8343334198, 16.0518894196, -13.5085306168, 9.94546890259, -6.19877719879, 3.13527059555, -1.07648599148], [1.35042023659, -2.17262768745, 2.87395358086, -3.8270277977, 4.77036571503, -5.42756605148, 5.60769462585, -5.27223348618, 4.42053413391, -3.27355933189, 2.07167959213, -1.07648599148, 0.408693343401]]}, "spectral_contrast_coeffs": {"dmean": [0.0336120612919, 0.028003372252, 0.0239071063697, 0.0215892978013, 0.0144612537697, 0.0184482745826], "dmean2": [0.0548402108252, 0.0445973016322, 0.0369294211268, 0.0338532030582, 0.0223856046796, 0.0324419029057], "dvar": [0.000852201483212, 0.000848662166391, 0.0007046245737, 0.000773031322751, 0.000265885319095, 0.000381106015993], "dvar2": [0.00225410377607, 0.00196569249965, 0.00148906954564, 0.00173189945053, 0.000524337869138, 0.00111476331949], "max": [-0.36875808239, -0.34665542841, -0.459322661161, -0.44250190258, -0.559831261635, -0.77383095026], "mean": [-0.601388394833, -0.623221993446, -0.725537121296, -0.704456329346, -0.762995004654, -0.89743489027], "median": [-0.598601102829, -0.605107605457, -0.725381612778, -0.684129714966, -0.749331951141, -0.896497607231], "min": [-0.972444832325, -0.964261114597, -0.961988925934, -0.956004261971, -0.951079010963, -0.961668789387], "var": [0.00684726098552, 0.014975592494, 0.0101530440152, 0.0119760595262, 0.00983885396272, 0.000443833472673]}, "spectral_contrast_valleys": {"dmean": [0.341520220041, 0.260118216276, 0.27490568161, 0.272611021996, 0.224779576063, 0.426909863949], "dmean2": [0.551214575768, 0.408608555794, 0.43224337697, 0.42293664813, 0.353884279728, 0.748230755329], "dvar": [0.202264621854, 0.225402653217, 0.244998246431, 0.294846564531, 0.204002082348, 0.297177702188], "dvar2": [0.323333472013, 0.322741478682, 0.352237313986, 0.47034984827, 0.266433775425, 0.669562280178], "max": [-5.95124530792, -5.20073890686, -5.90856170654, -6.92632627487, -9.35659313202, -12.3285036087], "mean": [-8.35358047485, -7.9474401474, -9.38074588776, -10.78428936, -12.6774587631, -14.4