{"lowlevel": {"average_loudness": 0.78279542923, "barkbands_crest": {"dmean": 1.72182250023, "dmean2": 2.57327651978, "dvar": 5.28546667099, "dvar2": 12.5662822723, "max": 26.4343223572, "mean": 12.284743309, "median": 11.7010097504, "min": 2.2939426899, "var": 19.6272697449}, "barkbands_flatness_db": {"dmean": 0.0819339156151, "dmean2": 0.11234818399, "dvar": 0.00877623260021, "dvar2": 0.0159694813192, "max": 0.81672513485, "mean": 0.417871654034, "median": 0.47925940156, "min": 0.0171779468656, "var": 0.0357639491558}, "barkbands_kurtosis": {"dmean": 6.94635677338, "dmean2": 11.5817422867, "dvar": 222.70022583, "dvar2": 591.460205078, "max": 191.361083984, "mean": 7.65437841415, "median": 2.70706939697, "min": -1.95876228809, "var": 225.114807129}, "barkbands_skewness": {"dmean": 0.789329409599, "dmean2": 1.23267591, "dvar": 1.40170669556, "dvar2": 3.45686364174, "max": 11.5536136627, "mean": 1.12141251564, "median": 0.975030362606, "min": -4.18228244781, "var": 3.27577543259}, "barkbands_spread": {"dmean": 5.51205253601, "dmean2": 9.34099388123, "dvar": 160.270385742, "dvar2": 406.140563965, "max": 132.460968018, "mean": 8.56235027313, "median": 3.20164608955, "min": 0.262693792582, "var": 189.824645996}, "dissonance": {"dmean": 0.0654104351997, "dmean2": 0.100131697953, "dvar": 0.00436787446961, "dvar2": 0.00941538438201, "max": 0.499999344349, "mean": 0.278526604176, "median": 0.261601299047, "min": 0.0115724047646, "var": 0.0159799028188}, "dynamic_complexity": 5.88470649719, "erbbands_crest": {"dmean": 2.39141726494, "dmean2": 3.54169893265, "dvar": 9.94851016998, "dvar2": 22.2282276154, "max": 33.0264701843, "mean": 14.3454523087, "median": 14.1409854889, "min": 2.69730806351, "var": 38.9355049133}, "erbbands_flatness_db": {"dmean": 0.0665276125073, "dmean2": 0.0912679284811, "dvar": 0.00656215846539, "dvar2": 0.011339450255, "max": 0.642509877682, "mean": 0.367539584637, "median": 0.418174833059, "min": 0.0351600199938, "var": 0.0281369797885}, "erbbands_kurtosis": {"dmean": 3.25436162949, "dmean2": 5.10254240036, "dvar": 57.7819671631, "dvar2": 144.275726318, "max": 149.303222656, "mean": 3.93399834633, "median": 0.928859472275, "min": -1.89506793022, "var": 78.7129592896}, "erbbands_skewness": {"dmean": 0.627692639828, "dmean2": 0.940819323063, "dvar": 0.745867908001, "dvar2": 1.74602329731, "max": 9.50774669647, "mean": 0.384739011526, "median": 0.149733558297, "min": -4.47707557678, "var": 1.87930369377}, "erbbands_spread": {"dmean": 9.51087474823, "dmean2": 14.9292898178, "dvar": 361.641723633, "dvar2": 828.731262207, "max": 211.860198975, "mean": 17.3361701965, "median": 10.0830249786, "min": 0.42234236002, "var": 458.089385986}, "hfc": {"dmean": 7.04359722137, "dmean2": 11.8768386841, "dvar": 355.907775879, "dvar2": 958.66192627, "max": 165.116455078, "mean": 9.85832691193, "median": 4.05050039291, "min": 1.16841974676e-16, "var": 314.494720459}, "melbands_crest": {"dmean": 2.08034801483, "dmean2": 3.11110687256, "dvar": 7.61828756332, "dvar2": 19.208978653, "max": 38.7857131958, "mean": 16.7858886719, "median": 16.8205814362, "min": 1.54593408108, "var": 34.379322052}, "melbands_flatness_db": {"dmean": 0.0930161252618, "dmean2": 0.12865062058, "dvar": 0.0113599458709, "dvar2": 0.0212431233376, "max": 0.973023176193, "mean": 0.53243458271, "median": 0.612631082535, "min": 0.0044831065461, "var": 0.050094794482}, "melbands_kurtosis": {"dmean": 12.3876771927, "dmean2": 20.6230297089, "dvar": 1179.18481445, "dvar2": 3129.80126953, "max": 547.821289062, "mean": 14.2148857117, "median": 4.37052202225, "min": -1.86725687981, "var": 1098.22668457}, "melbands_skewness": {"dmean": 0.872345864773, "dmean2": 1.30662298203, "dvar": 2.24305415154, "dvar2": 5.41239404678, "max": 18.8931274414, "mean": 1.87110567093, "median": 1.63666343689, "min": -3.59700322151, "var": 4.58272647858}, "melbands_spread": {"dmean": 4.79578495026, "dmean2": 7.99540519714, "dvar": 166.184112549, "dvar2": 407.198303223, "max": 171.616439819, "mean": 12.6092071533, "median": 4.04547977448, "min": 0.242042735219, "var": 708.09197998}, "pitch_salience": {"dmean": 0.0517493933439, "dmean2": 0.0781035795808, "dvar": 0.00551753211766, "dvar2": 0.0136806378141, "max": 0.982342123985, "mean": 0.497187107801, "median": 0.491963475943, "min": 0.0779179558158, "var": 0.0226258244365}, "silence_rate_20dB": {"dmean": 0, "dmean2": 0, "dvar": 0, "dvar2": 0, "max": 1, "mean": 1, "median": 1, "min": 1, "var": 0}, "silence_rate_30dB": {"dmean": 0.0172486323863, "dmean2": 0.0345045216382, "dvar": 0.016951136291, "dvar2": 0.0371007360518, "max": 1, "mean": 0.975814938545, "median": 1, "min": 0, "var": 0.0236009247601}, "silence_rate_60dB": {"dmean": 0.0290281865746, "dmean2": 0.058068588376, "dvar": 0.0281840078533, "dvar2": 0.0605866648257, "max": 1, "mean": 0.28328076005, "median": 0, "min": 0, "var": 0.20303851366}, "spectral_centroid": {"dmean": 180.260375977, "dmean2": 294.84161377, "dvar": 182870.625, "dvar2": 399885, "max": 11337.4150391, "mean": 640.157897949, "median": 375.287628174, "min": 122.241729736, "var": 724522.1875}, "spectral_complexity": {"dmean": 2.37105584145, "dmean2": 3.98358941078, "dvar": 39.5918312073, "dvar2": 92.8113021851, "max": 54, "mean": 6.42039966583, "median": 5, "min": 0, "var": 44.3654098511}, "spectral_decrease": {"dmean": 1.8970949256e-09, "dmean2": 2.57983834295e-09, "dvar": 1.42189799582e-17, "dvar2": 3.11349492163e-17, "max": -3.81900736074e-30, "mean": -6.34921182296e-09, "median": -3.75240416517e-09, "min": -6.00369389758e-08, "var": 5.70353142279e-17}, "spectral_energy": {"dmean": 0.00754339993, "dmean2": 0.0103420168161, "dvar": 0.000220695786993, "dvar2": 0.000483894109493, "max": 0.230057135224, "mean": 0.0248575881124, "median": 0.0146669540554, "min": 1.06123217467e-20, "var": 0.000869252253324}, "spectral_energyband_high": {"dmean": 0.000453773798654, "dmean2": 0.000810281489976, "dvar": 2.15299519368e-06, "dvar2": 5.8145337789e-06, "max": 0.0127519192174, "mean": 0.000290935189696, "median": 1.4839050877e-08, "min": 7.72960135091e-21, "var": 1.43273439335e-06}, "spectral_energyband_low": {"dmean": 0.00422523450106, "dmean2": 0.00629555247724, "dvar": 0.000120452627016, "dvar2": 0.000299401493976, "max": 0.185200273991, "mean": 0.0111063458025, "median": 0.0039415913634, "min": 7.70416958604e-23, "var": 0.000266208167886}, "spectral_energyband_middle_high": {"dmean": 0.00126752851065, "dmean2": 0.00212979898788, "dvar": 1.49833758769e-05, "dvar2": 3.99204145651e-05, "max": 0.0418073274195, "mean": 0.00157979945652, "median": 0.000150747058797, "min": 1.59978194594e-21, "var": 1.51745198309e-05}, "spectral_energyband_middle_low": {"dmean": 0.004135501571, "dmean2": 0.0050187818706, "dvar": 6.58655553707e-05, "dvar2": 0.00011767034448, "max": 0.181152611971, "mean": 0.014459756203, "median": 0.00652328319848, "min": 3.68625562845e-22, "var": 0.000399140873924}, "spectral_entropy": {"dmean": 0.597493112087, "dmean2": 0.848125040531, "dvar": 0.733350515366, "dvar2": 1.35890424252, "max": 9.78151988983, "mean": 5.3750743866, "median": 4.79686784744, "min": 2.7419462204, "var": 2.39866185188}, "spectral_flux": {"dmean": 0.0226268544793, "dmean2": 0.0334876775742, "dvar": 0.00135010830127, "dvar2": 0.00257768435404, "max": 0.345364272594, "mean": 0.0428907200694, "median": 0.0210877247155, "min": 1.03016123409e-10, "var": 0.00291036698036}, "spectral_kurtosis": {"dmean": 132.260131836, "dmean2": 223.392196655, "dvar": 29084.7617188, "dvar2": 85214.6796875, "max": 2003.84216309, "mean": 211.887130737, "median": 171.536483765, "min": -1.22526907921, "var": 51996.2226562}, "spectral_rms": {"dmean": 0.000614684075117, "dmean2": 0.00080748856999, "dvar": 1.01253544926e-06, "dvar2": 2.01447505788e-06, "max": 0.0149815212935, "mean": 0.0040139965713, "median": 0.00378275336698, "min": 3.21768306444e-12, "var": 8.13912356534e-06}, "spectral_rolloff": {"dmean": 457.768035889, "dmean2": 845.949157715, "dvar": 2986277.25, "dvar2": 7427250, "max": 18906.1523438, "mean": 1467.41833496, "median": 452.197265625, "min": 43.06640625, "var": 13770310}, "spectral_skewness": {"dmean": 3.51596069336, "dmean2": 5.48626565933, "dvar": 13.3626594543, "dvar2": 30.858953476, "max": 36.2026939392, "mean": 10.1194009781, "median": 10.8147754669, "min": -0.0357905216515, "var": 48.0843429565}, "spectral_spread": {"dmean": 1567525.375, "dmean2": 2347284.75, "dvar": 5480695463940.0, "dvar2": 11316118945800.0, "max": 41465560, "mean": 2765673.75, "median": 1002587.6875, "min": 57568.9882812, "var": 11424519684100.0}, "spectral_strongpeak": {"dmean": 0.205751642585, "dmean2": 0.319871872663, "dvar": 0.207424923778, "dvar2": 0.505159974098, "max": 8.40240097046, "mean": 0.750424861908, "median": 0.501763761044, "min": 0, "var": 0.710906565189}, "zerocrossingrate": {"dmean": 0.0112669309601, "dmean2": 0.0149857038632, "dvar": 0.0008321852074, "dvar2": 0.00115874514449, "max": 0.85986328125, "mean": 0.065442726016, "median": 0.01904296875, "min": 0.0029296875, "var": 0.0309168826789}, "barkbands": {"dmean": [0.000154836379807, 0.00222713849507, 0.00158325769007, 0.001709735021, 0.00212776847184, 0.000373757415218, 0.000609964481555, 0.000284998241113, 0.000102444042568, 0.000333695061272, 0.000138616378536, 0.000215536420001, 0.000131832028273, 0.000140224990901, 0.000131096167024, 5.48758798686e-05, 7.93001090642e-05, 8.64039902808e-05, 9.30904861889e-05, 4.31238222518e-05, 5.28607815795e-05, 5.11126636411e-05, 4.58125541627e-05, 7.00273885741e-05, 8.81187806954e-05, 8.56334590935e-05, 3.98646043323e-05], "dmean2": [0.000279522500932, 0.00373401609249, 0.00236178049818, 0.00220259139314, 0.00298231141642, 0.00041123360279, 0.000556998013053, 0.000299382023513, 0.000145992409671, 0.000497480796184, 0.000241135014221, 0.000353243667632, 0.000224091418204, 0.0002432569745, 0.00023240451992, 9.82891579042e-05, 0.000144566089148, 0.000157149333972, 0.000169600680238, 7.52464402467e-05, 9.18437945074e-05, 8.70497897267e-05, 8.03133225418e-05, 0.000125013000797, 0.000161297633895, 0.000157881324412, 7.41800467949e-05], "dvar": [5.68801908685e-07, 7.11338288966e-05, 1.39130834214e-05, 1.65335331985e-05, 2.54106071225e-05, 1.40237250434e-06, 4.77115645481e-06, 5.66474454899e-07, 6.50046487749e-08, 8.68857341629e-07, 2.41709358306e-07, 6.79578647578e-07, 1.90442420944e-07, 4.32082202906e-07, 2.1865871247e-07, 4.38217995224e-08, 9.51839496111e-08, 1.61781684938e-07, 2.0562244174e-07, 3.70082062773e-08, 5.58626673808e-08, 4.0418463243e-08, 2.71476210401e-08, 7.9818775589e-08, 1.03194530254e-07, 7.90815022356e-08, 1.23765522275e-08], "dvar2": [1.58175748766e-06, 0.00019877399609, 3.21370389429e-05, 3.13244127028e-05, 5.53322461201e-05, 1.47150274188e-06, 4.05852779295e-06, 4.9244931688e-07, 1.20837455597e-07, 1.92833317669e-06, 6.56899942442e-07, 1.62373294188e-06, 4.69580555773e-07, 1.03267268514e-06, 5.71036366637e-07, 1.14838066168e-07, 2.6259237984e-07, 4.43985840093e-07, 5.68841699078e-07, 9.90862645267e-08, 1.46935306589e-07, 1.02725401518e-07, 7.25942470581e-08, 2.19925595957e-07, 2.89595590175e-07, 2.20980510335e-07, 3.46988713318e-08], "max": [0.00897621177137, 0.147134244442, 0.0567586235702, 0.0752041935921, 0.0830916762352, 0.0435321219265, 0.11520024389, 0.0538846850395, 0.00710503850132, 0.0181040037423, 0.00777749437839, 0.021659174934, 0.0134775452316, 0.0176508743316, 0.00477841962129, 0.00204358319752, 0.00328777031973, 0.00360470102169, 0.0048412582837, 0.00247828592546, 0.00253709265962, 0.00196591112763, 0.00139896606561, 0.00348437461071, 0.00356890214607, 0.00276566669345, 0.000796772714239], "mean": [9.85368606052e-05, 0.00417973008007, 0.00434703566134, 0.00380453164689, 0.00528110051528, 0.00115060259122, 0.00273573352024, 0.00107689923607, 0.000237668122281, 0.000715674133971, 0.000120583747048, 0.000251254619798, 0.000156099864398, 0.000108070569695, 9.1262460046e-05, 3.72247341147e-05, 4.92421277158e-05, 5.41589361092e-05, 5.81252788834e-05, 2.83566932922e-05, 3.55723495886e-05, 3.56837008439e-05, 3.03461820295e-05, 4.52303429483e-05, 5.37488158443e-05, 5.14733146701e-05, 2.36538471654e-05], "median": [4.39594202817e-07, 6.35216838418e-06, 0.000851243035868, 0.000845071976073, 0.00168928864878, 0.000152832726599, 9.13334442885e-05, 0.000264686823357, 4.71627645311e-05, 8.53175515658e-05, 1.92488846551e-06, 3.24311417899e-06, 1.30936768983e-06, 3.66415861208e-07, 5.68035545712e-07, 4.07702387406e-08, 2.41407551727e-08, 6.50648956935e-09, 3.82510378927e-09, 2.77838418938e-09, 2.29609553593e-09, 2.0000261447e-09, 1.75919068202e-09, 1.80850423526e-09, 1.64614177844e-09, 1.39304101587e-09, 9.01423602429e-10], "min": [6.49485078816e-24, 1.82678444643e-23, 5.18220777777e-23, 5.5251589032e-24, 3.1302205823e-23, 4.78081767871e-23, 1.17581649055e-22, 7.8568305795e-23, 5.36979385232e-23, 1.05319292221e-22, 7.24695842715e-23, 2.66593712762e-23, 9.32298284549e-23, 1.22363610266e-22, 1.22062038208e-22, 1.33762612481e-22, 1.8745240996e-22, 2.42166994553e-22, 3.3536554625e-22, 2.85571080813e-22, 5.40425558807e-22, 3.97746647151e-22, 6.92370014136e-22, 8.38624422068e-22, 1.16223379513e-21, 1.56580140272e-21, 2.61309162588e-21], "var": [3.5124244846e-07, 7.75282896939e-05, 4.72596730106e-05, 5.06704418513e-05, 7.27377846488e-05, 8.32644946058e-06, 7.98271503299e-05, 7.60818329582e-06, 2.32445970028e-07, 2.41223619923e-06, 1.96623162196e-07, 9.88604369923e-07, 4.00091295205e-07, 4.35658023434e-07, 1.55984309913e-07, 3.06805567618e-08, 5.96717484314e-08, 1.01974720224e-07, 1.28585639914e-07, 2.51853755628e-08, 3.91221668394e-08, 3.05956966429e-08, 1.8752379205e-08, 5.05038073584e-08, 6.23790370469e-08, 4.79335113823e-08, 7.40297867452e-09]}, "erbbands": {"dmean": [0.0654975026846, 0.509771883488, 1.52827048302, 4.44110679626, 7.81486082077, 5.7741317749, 3.0791349411, 2.75750303268, 10.2440090179, 3.50435781479, 7.68727493286, 2.46087837219, 5.39076375961, 12.7344379425, 4.84909629822, 9.68808460236, 6.108086586, 7.27781438828, 8.11158752441, 4.54446411133, 2.95240688324, 4.38335704803, 5.67044210434, 3.36416888237, 4.43233537674, 2.21888875961, 2.29497742653, 1.84430480003, 1.71443045139, 1.85244703293, 1.16182363033, 1.47277390957, 1.18852257729, 0.985083162785, 0.628293216228, 0.329516112804, 0.171604648232, 0.0454408973455, 0.00703179650009, 0.000312895455863], "dmean2": [0.109526567161, 0.853804349899, 2.34615921974, 5.7213139534, 11.0469198227, 7.95201778412, 4.00111627579, 3.0435590744, 9.12797451019, 3.85656881332, 7.89613866806, 3.28163123131, 7.26706647873, 20.4280166626, 8.25060749054, 15.8204278946, 10.2638950348, 12.4634971619, 14.5859575272, 7.95849514008, 5.26953744888, 7.96289682388, 10.3719406128, 6.017141819, 8.07642745972, 3.85066556931, 4.03534698486, 3.16783547401, 2.87685608864, 3.26393079758, 2.01899313927, 2.61841011047, 2.13279104233, 1.79878437519, 1.15322256088, 0.596901416779, 0.320733249187, 0.0844075381756, 0.0131357703358, 0.000585013593081], "dvar": [0.0855416581035, 3.17309260368, 14.0200567245, 117.726257324, 421.296112061, 204.407363892, 51.3971939087, 100.087837219, 1244.15258789, 123.605880737, 421.882873535, 30.4533691406, 157.873428345, 1756.65002441, 208.753082275, 1482.27966309, 406.795654297, 1224.08764648, 864.541015625, 254.412078857, 101.372909546, 311.06829834, 739.03314209, 226.160446167, 476.736419678, 96.1522598267, 104.904373169, 65.8247375488, 43.8583602905, 53.7619285583, 16.4496536255, 29.0555877686, 27.9794254303, 14.672413826, 5.41574001312, 1.29344856739, 0.297849804163, 0.016214184463, 0.000390108936699, 7.91789318555e-07], "dvar2": [0.228213727474, 9.08168506622, 32.5663909912, 237.537734985, 872.426330566, 425.435180664, 108.892875671, 105.053840637, 1043.74365234, 140.754608154, 351.351287842, 56.8306350708, 297.911193848, 4338.93603516, 540.528747559, 3572.22460938, 984.962524414, 2904.83325195, 2342.50073242, 644.021911621, 263.560943604, 851.194824219, 2055.84033203, 608.698730469, 1322.82421875, 255.240615845, 283.983459473, 168.455764771, 110.117279053, 142.190856934, 43.9603004456, 79.3764266968, 77.8133926392, 41.2844772339, 15.212518692, 3.57400584221, 0.838977336884, 0.0453670285642, 0.0010960950749, 2.23685469791e-06], "max": [4.03349924088, 33.1115036011, 53.2893676758, 240.214447021, 430.198669434, 266.120361328, 187.488876343, 373.822235107, 1733.84545898, 582.527770996, 1490.95947266, 204.259277344, 219.149902344, 845.554260254, 255.705215454, 1100.55004883, 673.347351074, 951.381591797, 319.876617432, 160.891983032, 99.3729553223, 191.746582031, 248.204269409, 166.692367554, 232.402679443, 106.865539551, 100.360839844, 79.0697555542, 67.602935791, 71.7579116821, 32.8815879822, 59.0335769653, 70.3022766113, 44.5383796692, 26.1411647797, 12.1118545532, 4.9233083725, 0.936539947987, 0.130484744906, 0.00555919250473], "mean": [0.0725815370679, 1.12597715855, 4.71300792694, 10.6255130768, 17.8146839142, 14.8051605225, 10.5870666504, 7.65211772919, 43.657699585, 14.7342948914, 29.9187965393, 7.38647699356, 13.2980747223, 23.1093597412, 5.70082139969, 11.402422905, 7.66700696945, 6.07508420944, 5.48133420944, 3.26739549637, 1.99708712101, 2.75458312035, 3.48666453362, 2.18724536896, 2.75219273567, 1.47346639633, 1.49280643463, 1.26970875263, 1.2283449173, 1.22735154629, 0.777330458164, 0.956850111485, 0.758954823017, 0.605068683624, 0.381095737219, 0.204279437661, 0.100924573839, 0.0269492845982, 0.00415312079713, 0.00020476548525], "median": [0.000724596495274, 0.0201783757657, 0.852379500866, 3.78861999512, 3.98125529289, 4.50588703156, 2.22298407555, 1.00389277935, 1.67127633095, 1.56004691124, 7.5042181015, 2.36131930351, 2.92922878265, 1.77504146099, 0.376923829317, 0.231045112014, 0.0951177477837, 0.0485741943121, 0.0420769713819, 0.0103918081149, 0.00285475607961, 0.00134098099079, 0.000654749339446, 0.000280671665678, 0.000218679095269, 0.000142262477311, 0.000111814282718, 9.19574813452e-05, 8.06499228929e-05, 6.93591427989e-05, 6.03576445428e-05, 5.56832019356e-05, 4.54938017356e-05, 3.71859678125e-05, 2.87256734737e-05, 1.94440381165e-05, 1.07731320895e-05, 1.86900228982e-06, 1.04767495941e-05, 2.0133506041e-05], "min": [7.29130376962e-22, 4.49617535855e-21, 5.13838392663e-20, 3.48335707963e-20, 9.80409617174e-20, 8.75707486306e-20, 1.1337641206e-19, 5.31809615254e-19, 1.64728066246e-18, 1.07171546755e-18, 2.12712244894e-18, 1.41044096531e-18, 2.08676389326e-18, 4.37962686717e-18, 2.33746517293e-18, 1.54715303425e-18, 4.20245842844e-18, 4.74572997525e-18, 8.62648049268e-18, 4.94140947532e-18, 8.08968825161e-18, 1.29821191221e-17, 1.39086333729e-17, 1.48336826868e-17, 1.52113617739e-17, 1.38296938726e-17, 1.87236318662e-17, 2.06909916176e-17, 1.70815542732e-17, 1.72262513234e-17, 1.89466232157e-17, 2.16865977834e-17, 1.13124426479e-17, 1.16460024028e-17, 8.24922161327e-18, 5.65023749942e-18, 3.1915157137e-18, 1.18959418491e-18, 3.4570674703e-19, 4.08575976177e-20], "var": [0.0661344751716, 4.36789131165, 55.9942741394, 345.472991943, 1158.20727539, 672.071472168, 370.570159912, 503.020019531, 18150.296875, 2031.2557373, 5815.86572266, 176.524230957, 567.145080566, 3476.09790039, 274.109405518, 1991.98742676, 941.674865723, 1263.19555664, 576.91809082, 194.227752686, 72.5762557983, 198.259185791, 451.832122803, 150.810134888, 295.560180664, 66.8022994995, 69.5019226074, 48.415096283, 34.3394699097, 37.3583450317, 11.4967899323, 18.8609523773, 17.280418396, 8.82494735718, 3.26031160355, 0.812716722488, 0.175660938025, 0.00974188745022, 0.000231360769249, 4.67036443297e-07]}, "gfcc": {"mean": [-284.847320557, 186.311248779, -32.9420776367, -38.0308914185, -43.8363990784, 1.49783527851, -24.8984546661, -12.0320329666, -20.5256004333, -18.2647781372, -22.180688858, -18.0550422668, -9.35356616974], "cov": [[60410.171875, 13.2959871292, -1745.32470703, 2049.00024414, -969.643859863, 1396.18151855, -597.032714844, 1130.45629883, -1192.9140625, 358.539581299, -443.920013428, 991.07635498, -742.133239746], [13.2959871292, 10152.5800781, 1357.17053223, -3720.47827148, -515.972351074, -1315.91320801, -9.22513389587, -1028.24145508, 410.259613037, -871.285888672, -114.989181519, -1149.05908203, 56.8988800049], [-1745.32470703, 1357.17053223, 2334.40893555, 420.454681396, -164.632476807, -153.821029663, 39.2786865234, -151.983810425, 31.5368537903, -125.177467346, -85.5897674561, -200.363464355, -18.949213028], [2049.00024414, -3720.47827148, 420.454681396, 2724.63623047, 482.060150146, 695.820617676, 54.1502609253, 452.913482666, -270.198822021, 219.596908569, -11.1775407791, 475.078521729, -50.6064529419], [-969.643859863, -515.972351074, -164.632476807, 482.060150146, 821.518615723, 331.496307373, 88.499168396, 49.538684845, -30.7482452393, -101.290260315, -34.9127197266, 58.8240814209, 42.7648963928], [1396.18151855, -1315.91320801, -153.821029663, 695.820617676, 331.496307373, 735.312438965, 275.119293213, 300.768493652, -116.965820312, 30.7793331146, -65.0646133423, 214.346374512, 32.893699646], [-597.032714844, -9.22513389587, 39.2786865234, 54.1502609253, 88.499168396, 275.119293213, 320.435180664, 159.930084229, 15.526260376, -61.6057662964, -11.7986412048, 28.4394321442, 54.4712371826], [1130.45629883, -1028.24145508, -151.983810425, 452.913482666, 49.538684845, 300.768493652, 159.930084229, 325.58102417, 6.7755522728, 91.8837432861, -16.4408416748, 151.195892334, -14.7099103928], [-1192.9140625, 410.259613037, 31.5368537903, -270.198822021, -30.7482452393, -116.965820312, 15.526260376, 6.7755522728, 176.52911377, 47.1281089783, 27.2501659393, -92.5820465088, -0.202901959419], [358.539581299, -871.285888672, -125.177467346, 219.596908569, -101.290260315, 30.7793331146, -61.6057662964, 91.8837432861, 47.1281089783, 255.648742676, 119.977310181, 113.515457153, -56.1194648743], [-443.920013428, -114.989181519, -85.5897674561, -11.1775407791, -34.9127197266, -65.0646133423, -11.7986412048, -16.4408416748, 27.2501659393, 119.977310181, 233.530212402, 139.388839722, 0.423776477575], [991.07635498, -1149.05908203, -200.363464355, 475.078521729, 58.8240814209, 214.346374512, 28.4394321442, 151.195892334, -92.5820465088, 113.515457153, 139.388839722, 330.092254639, 62.8375244141], [-742.133239746, 56.8988800049, -18.949213028, -50.6064529419, 42.7648963928, 32.893699646, 54.4712371826, -14.7099103928, -0.202901959419, -56.1194648743, 0.423776477575, 62.8375244141, 156.187149048]], "icov": [[5.73142242501e-05, -0.000187900164747, 9.59596145549e-05, -9.61614350672e-05, 3.87046893593e-05, -4.4056589104e-05, 0.000192852763576, -0.00031415009289, 0.000462022377178, -0.00048072685604, 0.00047712502419, -0.000429454928963, 0.000222459435463], [-0.000187900164747, 0.00115490390453, -0.000585071626119, 0.00076300202636, 5.10976788064e-05, -0.000174957094714, -0.000165190096595, 0.000947104475927, -0.00196204939857, 0.00339899607934, -0.00294653233141, 0.00248187175021, -0.000739420996979], [9.59596145549e-05, -0.000585071626119, 0.000974037917331, -0.000871004129294, 0.000427853054134, 5.12565966346e-05, -0.000427452410804, 0.000590266659856, 1.81682225957e-05, -0.00111747381743, 0.00162371189799, -0.00124837574549, 0.000678131938912], [-9.61614350672e-05, 0.00076300202636, -0.000871004129294, 0.00170104857534, -0.000754078326281, -3.01331674564e-05, 0.000511503079906, -0.00107331422623, 0.000741596682929, 0.00102907663677, -0.00151514506433, 0.00114758231211, -0.000442918011686], [3.87046893593e-05, 5.10976788064e-05, 0.000427853054134, -0.000754078326281, 0.00268079177476, -0.00212808302604, 0.00128113722894, 0.00115103309508, -0.00271643605083, 0.00330907502212, -0.00137281464413, 0.000271474564215, 0.000428597413702], [-4.4056589104e-05, -0.000174957094714, 5.12565966346e-05, -3.01331674564e-05, -0.00212808302604, 0.0064184688963, -0.00595406536013, 0.000549948541448, 0.00266586616635, -0.00479661067948, 0.00568406516686, -0.00415071006864, 0.00114458624739], [0.000192852763576, -0.000165190096595, -0.000427452410804, 0.000511503079906, 0.00128113722894, -0.00595406536013, 0.0141841769218, -0.0104766506702, 0.00271304906346, 0.00594992516562, -0.0101229222491, 0.00908757839352, -0.00542723061517], [-0.00031415009289, 0.000947104475927, 0.000590266659856, -0.00107331422623, 0.00115103309508, 0.000549948541448, -0.0104766506702, 0.0203463528305, -0.0139407189563, 0.000841585046146, 0.0101682422683, -0.0129453120753, 0.00849004928023], [0.000462022377178, -0.00196204939857, 1.81682225957e-05, 0.000741596682929, -0.00271643605083, 0.00266586616635, 0.00271304906346, -0.0139407189563, 0.0248986110091, -0.012979102321, -0.00246074632742, 0.00952193699777, -0.00737959565595], [-0.00048072685604, 0.00339899607934, -0.00111747381743, 0.00102907663677, 0.00330907502212, -0.00479661067948, 0.00594992516562, 0.000841585046146, -0.012979102321, 0.0243580508977, -0.0152869792655, 0.00704296771437, 0.000726877828129], [0.00047712502419, -0.00294653233141, 0.00162371189799, -0.00151514506433, -0.00137281464413, 0.00568406516686, -0.0101229222491, 0.0101682422683, -0.00246074632742, -0.0152869792655, 0.029345145449, -0.025769950822, 0.0115057146177], [-0.000429454928963, 0.00248187175021, -0.00124837574549, 0.00114758231211, 0.000271474564215, -0.00415071006864, 0.00908757839352, -0.0129453120753, 0.00952193699777, 0.00704296771437, -0.025769950822, 0.0326802171767, -0.0168481618166], [0.000222459435463, -0.000739420996979, 0.000678131938912, -0.000442918011686, 0.000428597413702, 0.00114458624739, -0.00542723061517, 0.00849004928023, -0.00737959565595, 0.000726877828129, 0.0115057146177, -0.0168481618166, 0.0170004703104]]}, "melbands": {"dmean": [0.000595636665821, 0.000731370178983, 0.000793250161223, 0.000549234333448, 0.00011402452219, 6.74306502333e-05, 0.000152751104906, 3.44114596373e-05, 5.88235961914e-05, 1.42873223012e-05, 2.74054236797e-05, 5.35266590305e-05, 1.60617528309e-05, 2.4668082915e-05, 1.94743734028e-05, 1.13677087938e-05, 1.4027126781e-05, 1.3339792531e-05, 7.7636586866e-06, 4.59816874354e-06, 3.33643197337e-06, 4.15778731622e-06, 6.19089951215e-06, 3.6862561501e-06, 2.48967285188e-06, 4.05981245422e-06, 1.89911520465e-06, 1.32307297918e-06, 1.72024090261e-06, 8.62475019403e-07, 1.11665588065e-06, 8.12119537841e-07, 1.24491953102e-06, 9.47579565036e-07, 5.71856162424e-07, 8.65482320478e-07, 8.86738689587e-07, 8.59939859765e-07, 6.94941945767e-07, 8.78872867816e-07], "dmean2": [0.000996796996333, 0.00115991197526, 0.00104774453212, 0.000762984680478, 0.00015414848167, 7.32246480766e-05, 0.000136872447911, 3.96533650928e-05, 5.98885162617e-05, 2.03304844035e-05, 3.69902263628e-05, 8.54125537444e-05, 2.74884823739e-05, 4.05258397222e-05, 3.22509622492e-05, 1.96198107005e-05, 2.40299432335e-05, 2.41138914134e-05, 1.37057295433e-05, 8.0954259829e-06, 5.98633778282e-06, 7.60587499826e-06, 1.12783855002e-05, 6.81191613694e-06, 4.39621453552e-06, 7.46919431549e-06, 3.35636582349e-06, 2.30265959544e-06, 3.05552930513e-06, 1.45898547999e-06, 1.93520713765e-06, 1.31761692046e-06, 2.18255468099e-06, 1.67781729488e-06, 9.87895759863e-07, 1.53953260451e-06, 1.57491342634e-06, 1.54269002905e-06, 1.24844962102e-06, 1.61637854035e-06], "dvar": [5.93434106122e-06, 3.74192677555e-06, 3.28502824232e-06, 1.68409701473e-06, 6.84411958218e-08, 6.72511148991e-08, 2.80936433228e-07, 8.92089424553e-09, 2.46731186593e-08, 1.18005383243e-09, 4.06691658128e-09, 3.08379917158e-08, 2.49269360708e-09, 9.21691789557e-09, 4.07690681214e-09, 1.40268929805e-09, 5.81087933327e-09, 2.39868280794e-09, 7.10722036779e-10, 3.03403635549e-10, 1.18387910586e-10, 2.37158959138e-10, 9.08927100252e-10, 3.04927277872e-10, 1.22350546361e-10, 4.22978124748e-10, 7.24035900679e-11, 3.48461710875e-11, 6.55027004859e-11, 1.09368885476e-11, 2.61645444893e-11, 9.17758490732e-12, 2.59097326927e-11, 1.35248487756e-11, 3.94425421144e-12, 9.81377999698e-12, 1.07027685325e-11, 1.66244813055e-11, 6.55122484039e-12, 1.22879120074e-11], "dvar2": [1.62175856531e-05, 9.59787212196e-06, 6.38368010186e-06, 3.63344815923e-06, 1.50596193293e-07, 6.57744436694e-08, 2.34929771636e-07, 1.14937845908e-08, 1.98739282808e-08, 2.41303843573e-09, 7.68358443537e-09, 7.46906181348e-08, 6.62726984402e-09, 2.19709779259e-08, 1.00751407217e-08, 3.60100438357e-09, 1.36420013064e-08, 6.56487841866e-09, 1.82197357201e-09, 7.7792244868e-10, 3.1043764781e-10, 6.46289022299e-10, 2.52746135132e-09, 8.51327230933e-10, 3.29612781513e-10, 1.18632215163e-09, 1.94337254622e-10, 9.27529580919e-11, 1.79670653355e-10, 2.70458551388e-11, 6.81046677387e-11, 2.22561673952e-11, 6.84096113091e-11, 3.6064803921e-11, 1.0493672771e-11, 2.68446567059e-11, 2.92211949082e-11, 4.64433318192e-11, 1.79918562687e-11, 3.4816708544e-11], "max": [0.0382284000516, 0.0340065397322, 0.0335741862655, 0.020675169304, 0.00612109247595, 0.00995056703687, 0.0266871172935, 0.00474642310292, 0.0115261888131, 0.0010992718162, 0.00109034357592, 0.00342817837372, 0.000659129291307, 0.00244684820063, 0.00127621018328, 0.00093289243523, 0.00218179426156, 0.00054858106887, 0.000248398253461, 0.000172995991306, 0.000102167381556, 0.000172421860043, 0.000292731740046, 0.000160244584549, 0.00013773504179, 0.000224570831051, 8.57634295244e-05, 6.58960780129e-05, 7.98873588792e-05, 3.02008356812e-05, 4.95960084663e-05, 3.02778316836e-05, 4.74205153296e-05, 3.85902021662e-05, 1.8569346139e-05, 3.04478980979e-05, 3.5788576497e-05, 5.53972495254e-05, 3.0179751775e-05, 4.02413315896e-05], "mean": [0.00090712425299, 0.00217898306437, 0.00195256609004, 0.00132339529227, 0.000357765442459, 0.000181655472261, 0.000664541264996, 0.000138174655149, 0.00022906535014, 3.46838205587e-05, 6.70204681228e-05, 9.81612247415e-05, 1.64324319485e-05, 2.89610979962e-05, 2.33799310081e-05, 1.22784676932e-05, 1.14140621008e-05, 8.83436769072e-06, 5.48109710508e-06, 3.26020995089e-06, 2.20169977183e-06, 2.59573721451e-06, 3.85815837944e-06, 2.24372456614e-06, 1.62443700447e-06, 2.46498825618e-06, 1.23856921164e-06, 8.79108483787e-07, 1.09700283701e-06, 6.13675695149e-07, 7.54270615744e-07, 6.08012840075e-07, 8.27932638003e-07, 6.22119216587e-07, 3.86180801115e-07, 5.63020648769e-07, 5.74851981128e-07, 5.50163463231e-07, 4.42801535883e-07, 5.32568151357e-07], "median": [2.01190141524e-06, 0.00032865133835, 0.000683635938913, 0.00036251579877, 8.86607303983e-05, 2.17290125875e-05, 2.43696267717e-05, 2.1206562451e-05, 5.63425819564e-05, 8.6826930783e-06, 1.33456696858e-05, 6.14962436885e-06, 7.14093516763e-07, 3.80227163532e-07, 2.96658726029e-07, 1.14997313005e-07, 4.10025684516e-08, 5.56903003712e-08, 2.64698929442e-08, 3.03030378568e-09, 1.91055926635e-09, 1.21662813157e-09, 6.38260055918e-10, 3.06306258135e-10, 1.5734394343e-10, 1.49520507087e-10, 1.06336578432e-10, 7.93691293244e-11, 6.86116718995e-11, 5.24563552318e-11, 4.67694459549e-11, 4.27699126115e-11, 3.4786489661e-11, 3.08751219036e-11, 2.75578223435e-11, 2.60501082511e-11, 2.33285040591e-11, 2.04185696129e-11, 1.75372286138e-11, 1.52448626639e-11], "min": [5.92338062132e-24, 1.91972819605e-23, 8.37332936859e-24, 7.3597172583e-24, 3.926012025e-24, 1.21900648311e-23, 2.49550925107e-23, 1.14440651055e-23, 1.69070310038e-23, 8.59754099279e-24, 9.53323494488e-24, 1.70618970212e-23, 8.54611199494e-24, 4.15943162812e-24, 5.716396536e-24, 9.92663672287e-24, 7.87099142161e-24, 1.48238591901e-23, 8.0828786719e-24, 9.53848718079e-24, 8.1779198449e-24, 1.38752886614e-23, 1.64280756829e-23, 6.94557632712e-24, 1.3155302413e-23, 1.09677840231e-23, 1.18795021257e-23, 7.91085019657e-24, 1.02141086808e-23, 1.16648830501e-23, 1.28601437944e-23, 9.98499428606e-24, 6.19331580688e-24, 1.13693031798e-23, 1.04287111903e-23, 1.40514239466e-23, 1.19181894422e-23, 7.58124596657e-24, 8.72339980592e-24, 1.01631403777e-23], "var": [5.27679549123e-06, 1.13617861643e-05, 1.02694366433e-05, 4.85741384182e-06, 3.50013976913e-07, 3.38607975436e-07, 4.32319802712e-06, 1.44816723946e-07, 3.37048220445e-07, 4.12638945235e-09, 1.47256109528e-08, 6.52944862622e-08, 2.57223375932e-09, 1.39318769854e-08, 6.27679730414e-09, 2.16817763743e-09, 6.04388050718e-09, 1.56732538059e-09, 5.26857724115e-10, 2.23469978633e-10, 8.34373889425e-11, 1.52084317362e-10, 5.58413815188e-10, 1.84002452164e-10, 8.21467546763e-11, 2.54739396244e-10, 4.88004220367e-11, 2.4142386007e-11, 4.19878888602e-11, 8.69037133922e-12, 1.85461299096e-11, 7.71907884833e-12, 1.80468001654e-11, 9.25550434905e-12, 2.80826902531e-12, 6.40190027726e-12, 6.94548108263e-12, 1.01540746297e-11, 4.18453076009e-12, 7.24511726655e-12]}, "mfcc": {"mean": [-880.627868652, 181.897232056, 66.3601760864, 2.85283184052, -5.65671682358, -0.801230609417, 0.00940984953195, -0.143944039941, -0.089203633368, -1.3360388279, -6.41341495514, -11.2936973572, -13.931221962], "cov": [[19940.5996094, 1283.8392334, -1152.71008301, -174.853302002, 882.677429199, 886.159362793, 772.320251465, 640.575927734, 233.802536011, 54.9085655212, 142.132324219, 466.269348145, 545.663330078], [1283.8392334, 6007.52636719, 1683.52844238, -784.963317871, -844.649169922, -362.161682129, -180.859863281, -187.10484314, -94.2703704834, 12.412197113, 97.3918380737, 56.5159721375, -31.5237998962], [-1152.71008301, 1683.52844238, 1828.13269043, 358.468109131, -305.254852295, -167.647521973, -51.7268218994, -35.7599372864, 18.112241745, 6.40202188492, -9.9576215744, -43.9535179138, -78.3670501709], [-174.853302002, -784.963317871, 358.468109131, 899.570556641, 508.355651855, 161.679473877, 99.5529937744, 125.555976868, 45.5097503662, -40.9335594177, -73.2401199341, -41.4517555237, -24.9333496094], [882.677429199, -844.649169922, -305.254852295, 508.355651855, 724.594665527, 398.56350708, 222.402267456, 192.316589355, 93.1341705322, -30.2873764038, -52.0985832214, 15.9711046219, 32.5764350891], [886.159362793, -362.161682129, -167.647521973, 161.679473877, 398.56350708, 410.777069092, 303.667541504, 225.507354736, 126.307106018, 9.51060581207, -31.2310752869, 19.140838623, 44.7836418152], [772.320251465, -180.859863281, -51.7268218994, 99.5529937744, 222.402267456, 303.667541504, 375.47567749, 332.194091797, 171.562286377, 11.0534706116, -38.8194465637, 18.4940547943, 67.7452926636], [640.575927734, -187.10484314, -35.7599372864, 125.555976868, 192.316589355, 225.507354736, 332.194091797, 406.320373535, 250.165176392, 34.3218231201, -58.7799606323, -5.48773479462, 65.356590271], [233.802536011, -94.2703704834, 18.112241745, 45.5097503662, 93.1341705322, 126.307106018, 171.562286377, 250.165176392, 272.556213379, 145.452270508, -8.90070438385, -55.3439598083, -8.95760726929], [54.9085655212, 12.412197113, 6.40202188492, -40.9335594177, -30.2873764038, 9.51060581207, 11.0534706116, 34.3218231201, 145.452270508, 218.323684692, 122.459754944, -20.5836219788, -70.5883789062], [142.132324219, 97.3918380737, -9.9576215744, -73.2401199341, -52.0985832214, -31.2310752869, -38.8194465637, -58.7799606323, -8.90070438385, 122.459754944, 214.707061768, 139.708251953, -3.36783790588], [466.269348145, 56.5159721375, -43.9535179138, -41.4517555237, 15.9711046219, 19.140838623, 18.4940547943, -5.48773479462, -55.3439598083, -20.5836219788, 139.708251953, 251.857223511, 147.630752563], [545.663330078, -31.5237998962, -78.3670501709, -24.9333496094, 32.5764350891, 44.7836418152, 67.7452926636, 65.356590271, -8.95760726929, -70.5883789062, -3.36783790588, 147.630752563, 220.006774902]], "icov": [[6.89997468726e-05, -4.87352190248e-05, 6.57388882246e-05, -1.42845156006e-05, -5.20639696333e-05, -7.1576469054e-05, 3.23852617612e-07, -0.000138078423333, 0.000222281290917, -0.000253586360486, 0.000103471313196, -5.80346932111e-05, -0.000124907077407], [-4.87352190248e-05, 0.000416308466811, -0.000650285684969, 0.000873092911206, -0.000542193825822, 0.00033754092874, 0.000187172132428, -0.000485421798658, 0.000607367197517, -0.000293286866508, 0.000104781916889, 2.79417763522e-05, 5.94638659095e-05], [6.57388882246e-05, -0.000650285684969, 0.00213490263559, -0.00279553770088, 0.00281155761331, -0.00130765233189, -0.000753839733079, 0.00220542494208, -0.00310833659023, 0.002181727672, -0.000782568065915, -0.000350174756022, 0.000410698412452], [-1.42845156006e-05, 0.000873092911206, -0.00279553770088, 0.00607113121077, -0.00635301042348, 0.00394461723045, 0.000101030025689, -0.00349180772901, 0.00515958992764, -0.00395636120811, 0.00207965355366, 5.98457918386e-05, -7.09109590389e-05], [-5.20639696333e-05, -0.000542193825822, 0.00281155761331, -0.00635301042348, 0.0110704526305, -0.0101834749803, 0.00468147918582, 0.000592812953983, -0.00469650747254, 0.00518575171009, -0.00253223348409, -0.000232435108046, 0.00073881627759], [-7.1576469054e-05, 0.00033754092874, -0.00130765233189, 0.00394461723045, -0.0101834749803, 0.0194148551673, -0.0169585049152, 0.00895226467401, -0.0027040222194, -0.00195021682885, 0.00333097507246, -0.00214667664841, 0.00108117214404], [3.23852617612e-07, 0.000187172132428, -0.000753839733079, 0.000101030025689, 0.00468147918582, -0.0169585049152, 0.0292640924454, -0.0242252815515, 0.0131467590109, -0.0049115284346, -0.000853004748933, 0.00217244680971, -0.00179823802318], [-0.000138078423333, -0.000485421798658, 0.00220542494208, -0.00349180772901, 0.000592812953983, 0.00895226467401, -0.0242252815515, 0.0349474549294, -0.0315530188382, 0.0197168327868, -0.00649377191439, -0.000289562653052, 0.000966815045103], [0.000222281290917, 0.000607367197517, -0.00310833659023, 0.00515958992764, -0.00469650747254, -0.0027040222194, 0.0131467590109, -0.0315530188382, 0.0476155169308, -0.0403632074594, 0.0221823584288, -0.00584947410971, -0.00116275902838], [-0.000253586360486, -0.000293286866508, 0.002181727672, -0.00395636120811, 0.00518575171009, -0.00195021682885, -0.0049115284346, 0.0197168327868, -0.0403632074594, 0.0520924814045, -0.0399514511228, 0.020070578903, -0.00280922534876], [0.000103471313196, 0.000104781916889, -0.000782568065915, 0.00207965355366, -0.00253223348409, 0.00333097507246, -0.000853004748933, -0.00649377191439, 0.0221823584288, -0.0399514511228, 0.04814016819, -0.0324121788144, 0.0121752563864], [-5.80346932111e-05, 2.79417763522e-05, -0.000350174756022, 5.98457918386e-05, -0.000232435108046, -0.00214667664841, 0.00217244680971, -0.000289562653052, -0.00584947410971, 0.020070578903, -0.0324121788144, 0.0314348228276, -0.0154699562117], [-0.000124907077407, 5.94638659095e-05, 0.000410698412452, -7.09109590389e-05, 0.00073881627759, 0.00108117214404, -0.00179823802318, 0.000966815045103, -0.00116275902838, -0.00280922534876, 0.0121752563864, -0.0154699562117, 0.0145574053749]]}, "spectral_contrast_coeffs": {"dmean": [0.0408677197993, 0.0433278083801, 0.0540639646351, 0.0439606867731, 0.0332629047334, 0.0276082269847], "dmean2": [0.0643970370293, 0.0655951648951, 0.0818241760135, 0.0686569064856, 0.0527933239937, 0.0417351983488], "dvar": [0.00178967381362, 0.0026651865337, 0.00392850441858, 0.00205971603282, 0.00111667416058, 0.000805730873253], "dvar2": [0.0040688351728, 0.00578362774104, 0.00812165252864, 0.00448485277593, 0.00257884291932, 0.00167127652094], "max": [-0.184670716524, -0.25263428688, -0.317292302847, -0.411630570889, -0.529307484627, -0.699088931084], "mean": [-0.507675051689, -0.622434318066, -0.676027774811, -0.776504337788, -0.856128811836, -0.896133780479], "median": [-0.494855463505, -0.613611221313, -0.668132185936, -0.781141579151, -0.863770604134, -0.905402004719], "min": [-0.967700481415, -0.985828340054, -0.979913473129, -0.979804158211, -0.968869030476, -0.966327190399], "var": [0.0219410806894, 0.021325673908, 0.0180234946311, 0.00903109461069, 0.00350799481384, 0.00286425231025]}, "spectral_contrast_valleys": {"dmean": [0.50873285532, 0.538841843605, 0.795349299908, 1.01885104179, 1.20290899277, 1.32858598232], "dmean2": [0.784596800804, 0.810082018375, 1.1594209671, 1.41145420074, 1.63790822029, 1.89045834541], "dvar": [0.367514163256, 0.531734406948, 0.972070395947, 1.39541244507, 1.83978748322, 1.63362157345], "dvar2": [0.679672300816, 1.06660330296, 1.9228566885, 2.5662317276, 3.36100363731, 3.48029398918], "max": [-5.38603258133, -5.15671491623, -5.42160081863, -5.60