{"lowlevel": {"average_loudness": 0.767463445663, "barkbands_crest": {"dmean": 2.26629137993, "dmean2": 3.56406712532, "dvar": 4.96441221237, "dvar2": 11.5760383606, "max": 26.2774085999, "mean": 11.8705873489, "median": 11.2960252762, "min": 2.72228121758, "var": 26.1071281433}, "barkbands_flatness_db": {"dmean": 0.02951345779, "dmean2": 0.0430609062314, "dvar": 0.00142137357034, "dvar2": 0.00284060114063, "max": 0.597034811974, "mean": 0.239335849881, "median": 0.197787553072, "min": 0.0288052577525, "var": 0.021157944575}, "barkbands_kurtosis": {"dmean": 9.2820930481, "dmean2": 13.8928480148, "dvar": 601.709533691, "dvar2": 1448.26818848, "max": 611.427612305, "mean": 16.5205802917, "median": 4.70521306992, "min": -1.89605212212, "var": 1312.32299805}, "barkbands_skewness": {"dmean": 0.930186510086, "dmean2": 1.30805587769, "dvar": 1.25922906399, "dvar2": 2.74834823608, "max": 19.0165748596, "mean": 1.66219329834, "median": 1.27613317966, "min": -3.20498967171, "var": 6.87717485428}, "barkbands_spread": {"dmean": 7.08538866043, "dmean2": 10.3651847839, "dvar": 120.028686523, "dvar2": 249.020065308, "max": 133.819595337, "mean": 22.1002197266, "median": 8.87650585175, "min": 0.196514025331, "var": 673.171508789}, "dissonance": {"dmean": 0.0317855589092, "dmean2": 0.0516835860908, "dvar": 0.00152034405619, "dvar2": 0.0037875121925, "max": 0.499831527472, "mean": 0.412167608738, "median": 0.441893100739, "min": 0.118503980339, "var": 0.00682641007006}, "dynamic_complexity": 8.00803565979, "erbbands_crest": {"dmean": 2.83584284782, "dmean2": 4.56833028793, "dvar": 8.542137146, "dvar2": 21.7279205322, "max": 31.7837924957, "mean": 12.3022108078, "median": 11.7139234543, "min": 3.42996764183, "var": 31.3015918732}, "erbbands_flatness_db": {"dmean": 0.0249424297363, "dmean2": 0.0364294759929, "dvar": 0.0010454445146, "dvar2": 0.00216545956209, "max": 0.578220486641, "mean": 0.244793847203, "median": 0.202208057046, "min": 0.0599080994725, "var": 0.0150860100985}, "erbbands_kurtosis": {"dmean": 3.5940990448, "dmean2": 5.27206420898, "dvar": 42.6364479065, "dvar2": 92.9889450073, "max": 156.586196899, "mean": 6.51635932922, "median": 2.40662431717, "min": -1.85315930843, "var": 158.129882812}, "erbbands_skewness": {"dmean": 0.63869035244, "dmean2": 0.885209679604, "dvar": 0.51358962059, "dvar2": 1.04216921329, "max": 9.12902164459, "mean": 0.925241053104, "median": 0.826826632023, "min": -2.91669249535, "var": 3.55271100998}, "erbbands_spread": {"dmean": 9.79541015625, "dmean2": 14.0057077408, "dvar": 190.523651123, "dvar2": 375.075317383, "max": 136.194381714, "mean": 31.5978527069, "median": 22.5268669128, "min": 0.863727986813, "var": 888.516174316}, "hfc": {"dmean": 6.89107847214, "dmean2": 10.4177827835, "dvar": 216.56729126, "dvar2": 505.37713623, "max": 154.447799683, "mean": 9.17547893524, "median": 2.22241163254, "min": 1.12224453973e-16, "var": 285.899475098}, "melbands_crest": {"dmean": 3.49738454819, "dmean2": 5.63588476181, "dvar": 11.5626745224, "dvar2": 29.8858966827, "max": 38.0284118652, "mean": 16.8098926544, "median": 16.5065364838, "min": 2.17665839195, "var": 45.7885169983}, "melbands_flatness_db": {"dmean": 0.0360882729292, "dmean2": 0.0492396205664, "dvar": 0.00202121771872, "dvar2": 0.00352737260982, "max": 0.706449270248, "mean": 0.295314252377, "median": 0.269869267941, "min": 0.00598359806463, "var": 0.0352081097662}, "melbands_kurtosis": {"dmean": 14.4258203506, "dmean2": 21.9075546265, "dvar": 1156.86022949, "dvar2": 2932.69873047, "max": 705.650024414, "mean": 26.3559837341, "median": 7.21999931335, "min": -1.78397285938, "var": 2736.37744141}, "melbands_skewness": {"dmean": 1.0215909481, "dmean2": 1.47381496429, "dvar": 1.52413022518, "dvar2": 3.41027331352, "max": 22.2635097504, "mean": 2.61833500862, "median": 1.85890877247, "min": -2.15700745583, "var": 7.41015720367}, "melbands_spread": {"dmean": 13.8961992264, "dmean2": 20.0924263, "dvar": 629.092651367, "dvar2": 1239.20471191, "max": 232.193984985, "mean": 37.4740066528, "median": 6.72060585022, "min": 0.280155718327, "var": 2706.40209961}, "pitch_salience": {"dmean": 0.0733583495021, "dmean2": 0.119194485247, "dvar": 0.0055247223936, "dvar2": 0.0140098575503, "max": 0.961839556694, "mean": 0.545139074326, "median": 0.569831550121, "min": 0.118671387434, "var": 0.0181273240596}, "silence_rate_20dB": {"dmean": 0, "dmean2": 0, "dvar": 0, "dvar2": 0, "max": 1, "mean": 1, "median": 1, "min": 1, "var": 0}, "silence_rate_30dB": {"dmean": 0.0207296852022, "dmean2": 0.0414765663445, "dvar": 0.0203004926443, "dvar2": 0.0455611981452, "max": 1, "mean": 0.975134670734, "median": 1, "min": 0, "var": 0.0242467690259}, "silence_rate_60dB": {"dmean": 0.098673298955, "dmean2": 0.197428449988, "dvar": 0.0889360904694, "dvar2": 0.172549411654, "max": 1, "mean": 0.478657275438, "median": 0, "min": 0, "var": 0.249547287822}, "spectral_centroid": {"dmean": 309.083740234, "dmean2": 418.072875977, "dvar": 296982.40625, "dvar2": 486622.25, "max": 11368.4677734, "mean": 1483.72058105, "median": 573.970031738, "min": 152.545654297, "var": 2073937.625}, "spectral_complexity": {"dmean": 2.01824212074, "dmean2": 2.99294900894, "dvar": 14.3306369781, "dvar2": 26.385181427, "max": 38, "mean": 5.27600479126, "median": 4, "min": 0, "var": 29.1149539948}, "spectral_decrease": {"dmean": 1.56232571324e-09, "dmean2": 2.34125940857e-09, "dvar": 2.696209765e-17, "dvar2": 6.14388598497e-17, "max": 1.06254082687e-16, "mean": -2.97001667704e-09, "median": -6.85522638655e-10, "min": -6.92465107477e-08, "var": 5.31656276648e-17}, "spectral_energy": {"dmean": 0.00645572133362, "dmean2": 0.00967677403241, "dvar": 0.000406180042773, "dvar2": 0.000926112290472, "max": 0.269132345915, "mean": 0.0120417578146, "median": 0.00310526648536, "min": 1.03665537851e-20, "var": 0.000797135347966}, "spectral_energyband_high": {"dmean": 0.000699639786035, "dmean2": 0.00106861267705, "dvar": 3.29084264195e-06, "dvar2": 7.80976461101e-06, "max": 0.0188697203994, "mean": 0.000779536785558, "median": 2.51464280154e-05, "min": 7.3507348589e-21, "var": 3.86321426049e-06}, "spectral_energyband_low": {"dmean": 0.00114134035539, "dmean2": 0.00175253779162, "dvar": 4.18954041379e-05, "dvar2": 9.67632731772e-05, "max": 0.174206405878, "mean": 0.00262664700858, "median": 5.03569390276e-05, "min": 6.2332292499e-23, "var": 0.000117849100207}, "spectral_energyband_middle_high": {"dmean": 0.0004808868689, "dmean2": 0.000715562840924, "dvar": 1.19447747693e-06, "dvar2": 2.78207653537e-06, "max": 0.0123371304944, "mean": 0.00059268908808, "median": 6.49290814181e-05, "min": 1.72560074172e-21, "var": 1.68421365743e-06}, "spectral_energyband_middle_low": {"dmean": 0.00517921848223, "dmean2": 0.00793390907347, "dvar": 0.000367192929843, "dvar2": 0.000851937744301, "max": 0.256142556667, "mean": 0.00922146625817, "median": 0.00136466545518, "min": 3.09442844842e-22, "var": 0.000641697028186}, "spectral_entropy": {"dmean": 0.26632848382, "dmean2": 0.375894427299, "dvar": 0.139705464244, "dvar2": 0.264716118574, "max": 9.80437088013, "mean": 6.80816698074, "median": 7.22842311859, "min": 3.79129481316, "var": 1.91518676281}, "spectral_flux": {"dmean": 0.0204391852021, "dmean2": 0.0312318149954, "dvar": 0.00186031754129, "dvar2": 0.00450870394707, "max": 0.452025562525, "mean": 0.0412099659443, "median": 0.0238764211535, "min": 1.01816277631e-10, "var": 0.00306437164545}, "spectral_kurtosis": {"dmean": 13.4481649399, "dmean2": 22.8796443939, "dvar": 941.392211914, "dvar2": 2604.49707031, "max": 530.028076172, "mean": 43.8476295471, "median": 3.52543258667, "min": -1.20245981216, "var": 7181.42871094}, "spectral_rms": {"dmean": 0.00064486823976, "dmean2": 0.000921534665395, "dvar": 1.66252448253e-06, "dvar2": 3.35892514158e-06, "max": 0.0162039548159, "mean": 0.0023881404195, "median": 0.00174055399839, "min": 3.18020609846e-12, "var": 6.04484057476e-06}, "spectral_rolloff": {"dmean": 716.452148438, "dmean2": 1156.70898438, "dvar": 2530738.25, "dvar2": 4966792.5, "max": 18863.0859375, "mean": 2919.81958008, "median": 559.86328125, "min": 21.533203125, "var": 14597956}, "spectral_skewness": {"dmean": 0.687265098095, "dmean2": 1.08993661404, "dvar": 1.33653211594, "dvar2": 3.24845075607, "max": 18.098526001, "mean": 3.50878024101, "median": 1.4209510088, "min": -0.0559145882726, "var": 16.9544525146}, "spectral_spread": {"dmean": 748632.1875, "dmean2": 1128860.625, "dvar": 1944854986750.0, "dvar2": 4581036654590.0, "max": 40940412, "mean": 4725458, "median": 4547975, "min": 195762.8125, "var": 11031681171500.0}, "spectral_strongpeak": {"dmean": 0.545682728291, "dmean2": 0.851607680321, "dvar": 1.669916749, "dvar2": 4.02059650421, "max": 14.6761951447, "mean": 0.923029303551, "median": 0.393837630749, "min": 0, "var": 2.58074355125}, "zerocrossingrate": {"dmean": 0.0171058364213, "dmean2": 0.0171858388931, "dvar": 0.00067576818401, "dvar2": 0.000660865334794, "max": 0.73828125, "mean": 0.0967074111104, "median": 0.04248046875, "min": 0.0009765625, "var": 0.0128235304728}, "barkbands": {"dmean": [2.20789206651e-05, 0.000169320934219, 0.000513960141689, 0.000987675972283, 0.00264407345094, 0.00155303068459, 0.000710544991307, 0.000375213625375, 0.000111612542241, 6.92407775205e-05, 3.09222559736e-05, 4.18792806158e-05, 2.84950165224e-05, 5.87817339692e-05, 8.43302404974e-05, 6.95558919688e-05, 5.89530718571e-05, 4.00446442654e-05, 6.73889589962e-05, 0.000102251258795, 0.000151894710143, 0.000181437819265, 0.000179311551619, 0.000123071557027, 4.97225883009e-05, 1.07939476948e-05, 4.46419517175e-06], "dmean2": [3.42950079357e-05, 0.000257140840404, 0.000775290303864, 0.00160428625531, 0.0043461038731, 0.00246261176653, 0.00112214754336, 0.000627913395874, 0.000191155646462, 0.000112899564556, 4.5445496653e-05, 7.05374841345e-05, 4.81356837554e-05, 9.38157099881e-05, 0.000134267596877, 0.000114325303002, 9.39358724281e-05, 6.16784454905e-05, 0.000107686770207, 0.000162810625625, 0.000232251069974, 0.000283911707811, 0.000283518718788, 0.000193107756786, 8.08838958619e-05, 1.80487168109e-05, 7.35178400646e-06], "dvar": [2.57327914532e-09, 8.94038009847e-07, 9.36578635446e-06, 4.46356243629e-05, 0.000160643088748, 6.94580812706e-05, 2.59955704678e-05, 1.37698725666e-05, 8.64212609031e-07, 1.90902056829e-07, 3.83012022098e-08, 7.0482407466e-08, 3.27970575142e-08, 6.88650416691e-08, 1.34068756097e-07, 9.87065291724e-08, 6.13021313711e-08, 2.48757690002e-08, 4.74537351636e-08, 1.15271248546e-07, 2.12309984704e-07, 3.01234592825e-07, 3.60851004189e-07, 1.74323588453e-07, 4.89077969235e-08, 1.68686342672e-09, 2.10663458899e-10], "dvar2": [5.88092508025e-09, 2.10721418625e-06, 2.21796199185e-05, 0.000116103918117, 0.000397564435843, 0.000170553801581, 6.08033515164e-05, 3.86237588827e-05, 2.46179206442e-06, 4.51781062338e-07, 7.80039357551e-08, 1.96854699652e-07, 9.10558810574e-08, 1.7106292205e-07, 3.3717267911e-07, 2.57126345105e-07, 1.52179225665e-07, 6.5274065264e-08, 1.25865369682e-07, 2.892475095e-07, 5.09846927343e-07, 7.42621352856e-07, 8.9422661631e-07, 3.94534225734e-07, 1.2254137971e-07, 4.5983257202e-09, 5.55854140494e-10], "max": [0.000954369141255, 0.0193111915141, 0.0763642638922, 0.181480959058, 0.203611895442, 0.137118965387, 0.10578558594, 0.104114994407, 0.0249830596149, 0.00904448516667, 0.00585303734988, 0.00533220544457, 0.00578504428267, 0.00429428508505, 0.0070130652748, 0.00450397795066, 0.00397145375609, 0.00255359406583, 0.00349789904431, 0.00637405831367, 0.00641901930794, 0.00630101421848, 0.0129394354299, 0.00753400335088, 0.00302927545272, 0.000574494188186, 0.000169910126715], "mean": [3.08539420075e-05, 0.000298306607874, 0.00114632747136, 0.00184856029227, 0.00377701222897, 0.00219275406562, 0.00084714445984, 0.000412107241573, 0.000105953098682, 8.92554671736e-05, 3.55188676622e-05, 4.12495028286e-05, 2.86428658001e-05, 5.94888733758e-05, 7.98243418103e-05, 6.30736540188e-05, 5.45379043615e-05, 4.29679021181e-05, 6.51171649224e-05, 0.000105039980554, 0.000160732539371, 0.000187671801541, 0.000177121444722, 0.000127654275275, 4.9126749218e-05, 1.11798644866e-05, 4.53463053418e-06], "median": [9.66149036685e-06, 2.04623829632e-05, 1.40695101436e-06, 4.90348247695e-06, 0.000378292344976, 0.000251497025602, 8.07551914477e-05, 3.98836564273e-05, 9.93394223769e-06, 4.61700528831e-06, 1.58666114203e-06, 2.59243074652e-06, 2.04320281227e-06, 2.00304907594e-06, 1.63045410773e-06, 1.56007445185e-06, 1.67182838595e-06, 1.90522780485e-06, 2.35872676058e-06, 3.09038318846e-06, 4.44995112048e-06, 5.29357612322e-06, 4.79830987388e-06, 2.70867735708e-06, 1.20202082599e-06, 3.72339314936e-07, 2.10159683434e-07], "min": [1.31978299044e-23, 2.52239252632e-23, 3.29584887133e-23, 1.99467404468e-24, 4.32486554182e-23, 2.83052191144e-23, 1.46547435048e-22, 3.90160506303e-23, 4.42470346244e-23, 5.13150358532e-23, 6.38542765534e-23, 8.24883575815e-23, 9.70468676289e-23, 1.80036511606e-22, 1.95227183228e-22, 1.40404859169e-22, 1.33004725411e-22, 1.89272734898e-22, 3.93361766965e-22, 3.55071316906e-22, 4.51814693968e-22, 5.05567044961e-22, 6.31064187447e-22, 7.08008796618e-22, 1.26889304017e-21, 1.47257354326e-21, 2.38791048531e-21], "var": [4.78853312558e-09, 2.10069879358e-06, 2.41286052187e-05, 7.88828037912e-05, 0.000228758479352, 7.35510402592e-05, 2.76563205261e-05, 9.97013648885e-06, 5.61752472095e-07, 2.26948998261e-07, 5.39080176054e-08, 6.09763617376e-08, 2.5639636192e-08, 7.32849372298e-08, 1.3346244998e-07, 8.45102903213e-08, 5.40525562087e-08, 2.34709460756e-08, 4.53623414387e-08, 1.20629067624e-07, 2.37383360968e-07, 3.25191194861e-07, 3.70946850126e-07, 2.29148312769e-07, 4.50283081932e-08, 1.44515377443e-09, 1.77326486828e-10]}, "erbbands": {"dmean": [0.00364354997873, 0.0483781211078, 0.453528761864, 2.18563246727, 4.75202465057, 9.72268772125, 14.0927915573, 11.8235168457, 12.1233444214, 7.49440956116, 9.26482200623, 2.879601717, 2.43666911125, 1.22620737553, 1.35823106766, 1.7224625349, 1.19491672516, 2.51843690872, 4.41193151474, 3.67049026489, 3.53046655655, 3.32611656189, 2.2512717247, 2.81400847435, 3.90928697586, 4.69649553299, 6.19635534286, 5.94510316849, 6.59385871887, 5.94143486023, 5.0761756897, 3.01756739616, 1.75432980061, 0.801358282566, 0.225721552968, 0.0635678321123, 0.0171236041933, 0.00457653868943, 0.000813373655546, 5.01834583702e-05], "dmean2": [0.00555283948779, 0.0740096271038, 0.690641999245, 3.42238855362, 7.48378133774, 16.117975235, 23.4176254272, 18.2393474579, 19.5202236176, 11.0354137421, 15.9647531509, 4.89386940002, 3.89749622345, 1.8883420229, 2.09354019165, 2.8976790905, 1.92987263203, 3.96356129646, 6.97804832458, 5.86638355255, 5.64229345322, 5.28228712082, 3.49414467812, 4.36700868607, 6.28789710999, 7.4231300354, 9.65834522247, 9.1494474411, 10.2584495544, 9.33266830444, 8.06378746033, 4.68283176422, 2.83494400978, 1.31770718098, 0.361152678728, 0.105036467314, 0.0285779871047, 0.00762120587751, 0.00134677474853, 8.04566006991e-05], "dvar": [0.000107822161226, 0.0993415862322, 8.05576992035, 194.447540283, 574.609191895, 3302.07836914, 4166.75683594, 4929.93017578, 8595.76757812, 6186.57275391, 11542.4560547, 579.765197754, 259.617340088, 25.1366863251, 59.7658920288, 118.159187317, 24.9282550812, 157.924591064, 356.286254883, 221.040649414, 219.014129639, 195.476593018, 73.0805740356, 79.3656768799, 171.533782959, 231.165039062, 416.151916504, 336.153045654, 455.759338379, 342.933959961, 329.896759033, 110.485527039, 46.002872467, 14.0984678268, 0.998331189156, 0.069524243474, 0.00421251077205, 0.000288007257041, 7.77080549597e-06, 2.12206145989e-08], "dvar2": [0.000218216038775, 0.242129221559, 20.1035652161, 465.1484375, 1328.25256348, 8644.52050781, 10311.5576172, 11891.7128906, 20877.6523438, 13762.7832031, 33008.4648438, 1662.94165039, 632.067749023, 58.0547943115, 129.111938477, 331.720672607, 66.8739929199, 400.994842529, 893.370056152, 569.992797852, 570.425109863, 488.050872803, 191.757217407, 200.111297607, 453.970397949, 572.891357422, 1033.10095215, 826.606567383, 1115.28649902, 876.660949707, 816.840026855, 239.435119629, 113.771659851, 36.326007843, 2.3917798996, 0.178739607334, 0.0110837155953, 0.000765668868553, 2.07296725421e-05, 5.47094387571e-08], "max": [0.227788805962, 6.96567296982, 73.2039642334, 429.062591553, 523.314941406, 927.626464844, 985.089050293, 1367.01940918, 2044.16809082, 2721.19775391, 2933.4753418, 611.246337891, 325.011138916, 88.7637023926, 194.765304565, 265.64251709, 134.206634521, 292.719055176, 364.3565979, 254.643478394, 193.699447632, 271.571136475, 159.634506226, 139.394744873, 211.240081787, 259.111724854, 253.418273926, 294.006164551, 298.211212158, 276.531188965, 437.192260742, 224.252197266, 118.741775513, 66.6049194336, 16.2491474152, 5.6315202713, 0.864179849625, 0.209635481238, 0.0368500314653, 0.00222845049575], "mean": [0.00647366326302, 0.086030587554, 0.946693778038, 4.75691509247, 8.00391197205, 12.5655355453, 16.9299697876, 18.2410583496, 15.2613964081, 9.57491493225, 9.39151000977, 2.97984838486, 2.93513512611, 1.65154707432, 1.54992985725, 1.81578588486, 1.34131765366, 2.75802373886, 4.2558016777, 3.42098617554, 3.27844929695, 3.13494706154, 2.41377282143, 2.85332107544, 3.79894065857, 4.89250040054, 6.53460788727, 6.26852607727, 6.96518611908, 5.96997404099, 4.96844053268, 3.18565320969, 1.73305404186, 0.763565003872, 0.236708760262, 0.0659178122878, 0.0183569770306, 0.00466263620183, 0.000807446369436, 5.86481219216e-05], "median": [0.00125785532873, 0.00225349050015, 0.00339265586808, 0.0220961458981, 0.259007781744, 0.869695305824, 1.88180887699, 2.07154917717, 2.1158413887, 0.779932796955, 1.04372596741, 0.343813568354, 0.195283919573, 0.165638566017, 0.102406978607, 0.122613087296, 0.1006501019, 0.114043548703, 0.0944626256824, 0.0924011692405, 0.0887069404125, 0.100182555616, 0.103664256632, 0.119421884418, 0.122727759182, 0.146581560373, 0.166008979082, 0.19309464097, 0.192404970527, 0.160036951303, 0.128090322018, 0.0676146820188, 0.0397217236459, 0.0172468554229, 0.0062413229607, 0.00197236449458, 0.000595744233578, 0.000179963171831, 4.67152785859e-05, 1.20685772345e-05], "min": [3.27405952338e-22, 6.9474309959e-21, 3.67186637135e-20, 2.21913914472e-20, 2.17681334676e-20, 2.05022479236e-19, 2.11543854863e-19, 2.59814250927e-19, 1.22338058382e-18, 2.4155361335e-18, 8.73425799059e-19, 1.05494407044e-18, 9.81421982846e-19, 2.79035875921e-18, 2.57285575304e-18, 3.29185830547e-18, 4.8774841304e-18, 9.79280763792e-18, 8.60689533731e-18, 1.01160987726e-17, 7.57859816653e-18, 7.72501492521e-18, 9.29455539595e-18, 2.39917880232e-17, 1.24944324581e-17, 1.77638790169e-17, 1.72743386411e-17, 1.86753940016e-17, 1.53404979024e-17, 1.76837467222e-17, 2.02474573732e-17, 1.68353737424e-17, 1.20180434269e-17, 1.24159586605e-17, 9.36624052219e-18, 4.21099451877e-18, 3.15768133831e-18, 1.37268296208e-18, 3.32593401081e-19, 3.29681428057e-20], "var": [0.000336790486472, 0.203560397029, 16.2299900055, 502.509674072, 993.687744141, 3891.94116211, 4325.31689453, 5694.28564453, 7889.42138672, 7719.61962891, 7759.25976562, 390.237854004, 282.28427124, 35.3992805481, 77.5879058838, 109.941604614, 25.7196807861, 170.468093872, 358.584777832, 195.982910156, 193.1459198, 171.266052246, 68.798789978, 82.4303207397, 163.598083496, 247.259033203, 434.646179199, 358.380706787, 520.875854492, 336.696472168, 328.342651367, 154.304458618, 47.4011650085, 11.9823799133, 1.00187897682, 0.0658808797598, 0.0038343782071, 0.000239113956923, 6.32141154711e-06, 1.97123508627e-08]}, "gfcc": {"mean": [-208.816497803, 79.1088180542, -83.6041717529, 13.4274902344, -75.8290863037, -16.646030426, -43.2358436584, -10.4978170395, -13.4980869293, 1.33902287483, -7.21483325958, 1.93351769447, -4.29688262939], "cov": [[37314.5859375, -4135.26367188, -2093.90258789, 5358.69580078, -1027.18798828, 2132.62304688, -439.128417969, -374.736785889, -462.028564453, -236.189102173, -637.629638672, -382.565002441, -169.04788208], [-4135.26367188, 9572.27832031, 1433.08666992, -3050.00415039, 32.3031082153, -1918.21789551, -191.989990234, -758.157348633, 7.66969108582, -806.830566406, 182.600906372, -295.974304199, 123.474006653], [-2093.90258789, 1433.08666992, 1521.50146484, -355.958831787, -60.778678894, -187.490768433, -104.561973572, 10.7290849686, -70.5137939453, -130.871994019, -69.8243331909, -65.207321167, -18.4185638428], [5358.69580078, -3050.00415039, -355.958831787, 2326.44116211, 136.785018921, 911.708007812, 93.8962860107, 161.693466187, -94.2215957642, 145.333297729, -196.882583618, -50.7700386047, -132.950546265], [-1027.18798828, 32.3031082153, -60.778678894, 136.785018921, 595.944641113, 188.767745972, 143.998779297, 34.4400138855, 15.9300098419, -39.4798698425, -29.5296344757, -67.8443145752, -53.5312347412], [2132.62304688, -1918.21789551, -187.490768433, 911.708007812, 188.767745972, 947.041564941, 249.379592896, 239.270370483, -0.513934731483, 149.196304321, -115.084457397, -23.2687644958, -52.1311912537], [-439.128417969, -191.989990234, -104.561973572, 93.8962860107, 143.998779297, 249.379592896, 347.558654785, 123.784797668, 24.52643013, 10.4777669907, -13.1754455566, -32.0248069763, -30.3657398224], [-374.736785889, -758.157348633, 10.7290849686, 161.693466187, 34.4400138855, 239.270370483, 123.784797668, 301.069610596, 47.014213562, 73.060546875, -38.6360931396, 45.0373306274, 1.0716574192], [-462.028564453, 7.66969108582, -70.5137939453, -94.2215957642, 15.9300098419, -0.513934731483, 24.52643013, 47.014213562, 135.032836914, 65.5462112427, 34.2088088989, 19.0777950287, 37.5279197693], [-236.189102173, -806.830566406, -130.871994019, 145.333297729, -39.4798698425, 149.196304321, 10.4777669907, 73.060546875, 65.5462112427, 205.647735596, 78.8466491699, 81.7395401001, 13.74355793], [-637.629638672, 182.600906372, -69.8243331909, -196.882583618, -29.5296344757, -115.084457397, -13.1754455566, -38.6360931396, 34.2088088989, 78.8466491699, 161.354660034, 89.5339355469, 44.9724578857], [-382.565002441, -295.974304199, -65.207321167, -50.7700386047, -67.8443145752, -23.2687644958, -32.0248069763, 45.0373306274, 19.0777950287, 81.7395401001, 89.5339355469, 164.127807617, 75.1142883301], [-169.04788208, 123.474006653, -18.4185638428, -132.950546265, -53.5312347412, -52.1311912537, -30.3657398224, 1.0716574192, 37.5279197693, 13.74355793, 44.9724578857, 75.1142883301, 124.071311951]], "icov": [[8.82526146597e-05, -8.67904964252e-05, 0.000167535850778, -0.000217652952415, 0.000277732411632, -0.000311174400849, 0.000266671908321, 2.06523673114e-05, 2.98586946883e-05, 0.000269022508292, -6.28165580565e-05, 6.31584043731e-05, -1.86942895652e-06], [-8.67904964252e-05, 0.000591005489696, -0.000484202784719, 0.00048917636741, -0.000330517883413, 0.000586085487157, -0.000519254652318, 0.000513730745297, -0.000690629531164, 0.00127968867309, -0.000921558123082, 0.000577823841013, -0.000230618097703], [0.000167535850778, -0.000484202784719, 0.00129439367447, -0.000443698838353, 0.0006002112641, -0.000760400725994, 0.000986724044196, -0.000710735912435, 0.000890711031388, -0.000237003885559, 0.000556801853236, 7.69627367845e-05, 0.000122362136608], [-0.000217652952415, 0.00048917636741, -0.000443698838353, 0.0015295878984, -0.000741442956496, 0.00019949284615, -0.000479678186821, 0.000382885773433, 4.92660183227e-05, -0.000255172199104, 0.000358887511538, -3.3697240724e-05, 0.00033670529956], [0.000277732411632, -0.000330517883413, 0.0006002112641, -0.000741442956496, 0.00301331933588, -0.00158042961266, 0.000486165721668, 3.81989229936e-05, -0.000722391298041, 0.00201224326156, -0.000989359454252, 0.000386611412978, 0.000876813777722], [-0.000311174400849, 0.000586085487157, -0.000760400725994, 0.00019949284615, -0.00158042961266, 0.00433850567788, -0.00259272707626, -0.000470664846944, 0.000741726777051, -0.00294197932817, 0.0017652901588, 0.000718910072464, -0.00136938283686], [0.000266671908321, -0.000519254652318, 0.000986724044196, -0.000479678186821, 0.000486165721668, -0.00259272707626, 0.00581528199837, -0.0020767999813, -0.000102774516563, 0.00195473665372, -0.00220236857422, 0.00129279401153, 0.000904317712411], [2.06523673114e-05, 0.000513730745297, -0.000710735912435, 0.000382885773433, 3.81989229936e-05, -0.000470664846944, -0.0020767999813, 0.00687481742352, -0.00276060844772, 0.000401245575631, 0.00280853430741, -0.00333999446593, 0.000867327384185], [2.98586946883e-05, -0.000690629531164, 0.000890711031388, 4.92660183227e-05, -0.000722391298041, 0.000741726777051, -0.000102774516563, -0.00276060844772, 0.0133575452492, -0.00769765954465, 0.00143926439341, 0.00347680551931, -0.00490250810981], [0.000269022508292, 0.00127968867309, -0.000237003885559, -0.000255172199104, 0.00201224326156, -0.00294197932817, 0.00195473665372, 0.000401245575631, -0.00769765954465, 0.0191498994827, -0.0103325238451, -0.00118906178977, 0.00356358569115], [-6.28165580565e-05, -0.000921558123082, 0.000556801853236, 0.000358887511538, -0.000989359454252, 0.0017652901588, -0.00220236857422, 0.00280853430741, 0.00143926439341, -0.0103325238451, 0.018357520923, -0.00778894918039, -0.000179013732122], [6.31584043731e-05, 0.000577823841013, 7.69627367845e-05, -3.3697240724e-05, 0.000386611412978, 0.000718910072464, 0.00129279401153, -0.00333999446593, 0.00347680551931, -0.00118906178977, -0.00778894918039, 0.0168219953775, -0.00798042584211], [-1.86942895652e-06, -0.000230618097703, 0.000122362136608, 0.00033670529956, 0.000876813777722, -0.00136938283686, 0.000904317712411, 0.000867327384185, -0.00490250810981, 0.00356358569115, -0.000179013732122, -0.00798042584211, 0.0146670304239]]}, "melbands": {"dmean": [3.73255061277e-05, 0.000175776003744, 0.00043397716945, 0.000505223229993, 0.000487185374368, 0.000280209555058, 0.000172706961166, 7.38447997719e-05, 7.11252214387e-05, 1.4083260794e-05, 1.21629373098e-05, 5.15457077199e-06, 4.78198353449e-06, 4.26345650339e-06, 3.63544131687e-06, 3.07449704451e-06, 4.91409400638e-06, 7.12467954145e-06, 6.1092064243e-06, 4.71904195365e-06, 3.96341101805e-06, 3.56482451025e-06, 2.52723202721e-06, 1.98495217774e-06, 2.29754004977e-06, 2.66913934865e-06, 3.19994410347e-06, 3.1727863643e-06, 3.82410053135e-06, 3.84033273804e-06, 3.4412844343e-06, 3.95292090616e-06, 3.31614933202e-06, 3.45683042724e-06, 3.34397623192e-06, 2.01820193979e-06, 1.8367283019e-06, 1.38365851399e-06, 8.71960992299e-07, 6.18509091055e-07], "dmean2": [5.77825121582e-05, 0.000268291885732, 0.000686092011165, 0.000805632560514, 0.00081397104077, 0.000434654066339, 0.000278181367321, 0.000109761742351, 0.000124593949295, 2.37365693465e-05, 1.94768635993e-05, 8.06601201475e-06, 7.13466943125e-06, 7.24928258933e-06, 5.79686502533e-06, 5.11162670591e-06, 7.82375263952e-06, 1.13855439849e-05, 9.74495014816e-06, 7.86492182669e-06, 6.37939547232e-06, 5.65489290238e-06, 4.11735163652e-06, 3.09907727569e-06, 3.62356900041e-06, 4.35617175754e-06, 5.27034353581e-06, 5.05260823047e-06, 6.09201561019e-06, 5.95571873419e-06, 5.40351084055e-06, 6.22698871666e-06, 5.19130026078e-06, 5.45770171811e-06, 5.29194267074e-06, 3.20865751746e-06, 2.87676789412e-06, 2.26301472139e-06, 1.45273554608e-06, 1.01371949768e-06], "dvar": [2.40486031089e-08, 1.22352480503e-06, 6.17838395556e-06, 7.60966167945e-06, 5.33787397217e-06, 2.81134498437e-06, 1.58444663612e-06, 5.20901153322e-07, 7.70611620737e-07, 9.59972012993e-09, 6.76377620579e-09, 4.68252492336e-10, 9.29641308378e-10, 7.30982552266e-10, 3.4736227783e-10, 4.47984538354e-10, 6.19756856945e-10, 1.0035701159e-09, 7.3499456521e-10, 5.25397669815e-10, 3.07632613827e-10, 2.62544513907e-10, 1.09166960194e-10, 7.6899250856e-11, 5.75155235938e-11, 7.58729398753e-11, 1.40230771439e-10, 1.16302835418e-10, 1.76643477623e-10, 1.56237689453e-10, 1.28841159963e-10, 1.85417972642e-10, 1.1776425668e-10, 1.48550560741e-10, 1.85380114037e-10, 4.56424169293e-11, 5.37397487621e-11, 3.45765985288e-11, 1.62253838837e-11, 1.06116105486e-11], "dvar2": [5.53581109841e-08, 3.04687455355e-06, 1.5418683688e-05, 1.95338670892e-05, 1.28487035909e-05, 6.8291747084e-06, 3.84341092285e-06, 1.15203602036e-06, 2.22803464567e-06, 2.66793787063e-08, 1.6480516507e-08, 1.1079623885e-09, 1.89394366856e-09, 2.06650652146e-09, 8.98050689369e-10, 1.24101084964e-09, 1.56083124203e-09, 2.52393617117e-09, 1.86396720281e-09, 1.34241684435e-09, 7.97438226563e-10, 6.59656274049e-10, 2.771856078e-10, 2.05771413797e-10, 1.46898784803e-10, 1.99239430509e-10, 3.71014802214e-10, 2.92980917305e-10, 4.47138159831e-10, 3.78001241419e-10, 3.23889637333e-10, 4.54023041385e-10, 2.92831592308e-10, 3.82095632911e-10, 4.55681326006e-10, 1.10507436535e-10, 1.13504164401e-10, 8.49083789389e-11, 4.02661133603e-11, 2.81064598678e-11], "max": [0.00298698386177, 0.028671707958, 0.0647591799498, 0.056208755821, 0.0410853214562, 0.0316077023745, 0.0267128534615, 0.024792727083, 0.0230222828686, 0.00242006406188, 0.00165599468164, 0.000422003678977, 0.000866107118782, 0.000476130255265, 0.000416641792981, 0.000687715888489, 0.000473384076031, 0.000564278161619, 0.000476623245049, 0.000434420537204, 0.000266185728833, 0.000310541305225, 0.000216509070015, 0.00015878737031, 0.000129370877403, 9.70948749455e-05, 0.000190271719475, 0.000215473002754, 0.000190211998415, 0.000194108768483, 0.000165345991263, 0.000219515903154, 0.000160588650033, 0.000263492751401, 0.000350546004483, 0.000116665076348, 0.000185906304978, 0.000133820838528, 6.37737321085e-05, 7.04550184309e-05], "mean": [6.69251239742e-05, 0.000367979082512, 0.000856989296153, 0.000771628227085, 0.000590929179452, 0.000409191357903, 0.000223837196245, 9.53209455474e-05, 6.91182649462e-05, 1.46164084072e-05, 1.46850370584e-05, 6.95327844369e-06, 5.51929861103e-06, 4.04491993322e-06, 4.22399489253e-06, 3.14127510137e-06, 5.17961916557e-06, 6.63478203933e-06, 5.69026587982e-06, 4.33464219896e-06, 3.57984185939e-06, 3.26442113874e-06, 2.46801482717e-06, 2.13375915337e-06, 2.26914607993e-06, 2.60352430814e-06, 3.00376905216e-06, 3.28413625539e-06, 3.9352148633e-06, 4.03652165915e-06, 3.47975196746e-06, 4.0932632146e-06, 3.35699405696e-06, 3.35632557835e-06, 3.21907850775e-06, 1.94418885258e-06, 1.95525603885e-06, 1.35021514325e-06, 8.15671569399e-07, 5.70016254642e-07], "median": [8.97453446669e-06, 1.61152490818e-06, 6.12310077486e-06, 4.19470052293e-05, 6.44636893412e-05, 4.41636439064e-05, 3.057336653e-05, 7.8588964243e-06, 7.71132363298e-06, 1.48822994106e-06, 9.21329103676e-07, 6.29142050457e-07, 2.6968237421e-07, 3.07359499629e-07, 2.20216520574e-07, 2.06234588518e-07, 1.91838054775e-07, 1.31343796284e-07, 1.18021276307e-07, 1.02025836668e-07, 9.39866566796e-08, 9.32967694212e-08, 8.38134255332e-08, 8.75606502859e-08, 9.08790624976e-08, 8.42339460405e-08, 8.54618349422e-08, 9.14740709845e-08, 9.49003577944e-08, 9.88344339703e-08, 1.03902884518e-07, 9.44169471495e-08, 1.01435020383e-07, 8.44280876322e-08, 7.52587041575e-08, 5.21263636699e-08, 3.60224099438e-08, 2.67077311378e-08, 1.98079348479e-08, 1.21644916362e-08], "min": [4.61805524247e-24, 1.67538468377e-23, 3.94032787828e-24, 6.76076988285e-24, 9.10592792519e-24, 5.77429616543e-24, 2.29939937667e-23, 2.23222234856e-23, 7.1696814551e-24, 6.33242511663e-24, 4.37595106964e-24, 1.08799246397e-23, 8.26320201964e-24, 6.94967051521e-24, 1.06447328606e-23, 1.29509266962e-23, 1.77408554029e-23, 1.25525898044e-23, 1.42349997679e-23, 1.23571779142e-23, 8.03451124321e-24, 9.11980319965e-24, 5.28296558909e-24, 9.88796202814e-24, 2.19435923392e-23, 1.02588157949e-23, 1.05684665771e-23, 1.11124887232e-23, 1.17140117295e-23, 8.03337133921e-24, 1.16693842904e-23, 8.88339499699e-24, 9.44587412166e-24, 9.11617601721e-24, 1.10776605142e-23, 1.0904746937e-23, 1.07919508716e-23, 8.27970420091e-24, 8.85207564133e-24, 1.0857214912e-23], "var": [6.03835772495e-08, 2.46540162152e-06, 1.25270453282e-05, 1.2148899259e-05, 5.68079485674e-06, 3.02867852042e-06, 1.48972742409e-06, 6.58101043882e-07, 5.00890621424e-07, 7.12637771016e-09, 7.34350136256e-09, 6.41651176636e-10, 1.31074362475e-09, 5.38292299623e-10, 5.37637934173e-10, 3.38737010663e-10, 6.6678840227e-10, 9.8635988266e-10, 7.11624703609e-10, 4.52983345278e-10, 2.67596722558e-10, 2.22702120634e-10, 9.73909008994e-11, 6.73710670585e-11, 5.66278066105e-11, 7.34600921759e-11, 1.24419696768e-10, 1.20425780459e-10, 1.74264283559e-10, 1.7128332086e-10, 1.2777076619e-10, 2.13633777335e-10, 1.16653478544e-10, 1.46211820429e-10, 1.87592358314e-10, 4.57087111216e-11, 7.99970020782e-11, 3.83502465895e-11, 1.4175417784e-11, 8.51261509199e-12]}, "mfcc": {"mean": [-831.648193359, 98.8020706177, 37.4463844299, 19.8039970398, -11.3552808762, -6.70491695404, -20.9555149078, -13.5091848373, -12.1997652054, -4.77833414078, -3.83016705513, -0.9919937253, -1.94963157177], "cov": [[18647.4179688, -3320.26513672, -951.873352051, 1578.6628418, 231.540756226, 1368.33947754, 129.819168091, 402.19317627, 159.57661438, 330.321014404, -215.915222168, -61.3408203125, -72.6714935303], [-3320.26513672, 6975.69970703, 1653.80737305, -800.942321777, -436.76776123, -960.005371094, -459.830627441, -455.666717529, -421.921783447, -475.68347168, -163.444747925, -242.756866455, -266.740600586], [-951.873352051, 1653.80737305, 1377.48999023, -22.758934021, -48.8388900757, -268.172668457, -130.92539978, -124.454238892, -69.7628707886, -138.12727356, -76.0761795044, -73.2293624878, -70.3508987427], [1578.6628418, -800.942321777, -22.758934021, 748.093994141, 263.290679932, 273.928405762, 112.928741455, 113.083862305, 46.0051841736, 55.7146224976, 0.396636605263, 11.9888896942, 0.734336256981], [231.540756226, -436.76776123, -48.8388900757, 263.290679932, 429.127532959, 244.600280762, 115.688056946, 94.4239654541, 88.630279541, 51.0205993652, 3.52711868286, 16.8448314667, 16.8600959778], [1368.33947754, -960.005371094, -268.172668457, 273.928405762, 244.600280762, 553.030639648, 287.000610352, 193.891891479, 141.544692993, 177.40953064, 46.7006454468, 33.8332214355, 34.4078292847], [129.819168091, -459.830627441, -130.92539978, 112.928741455, 115.688056946, 287.000610352, 320.882904053, 224.053451538, 154.829879761, 102.243614197, 52.0161705017, 40.7155914307, 34.0612983704], [402.19317627, -455.666717529, -124.454238892, 113.083862305, 94.4239654541, 193.891891479, 224.053451538, 265.775726318, 195.636123657, 99.6988983154, 30.3642654419, 35.8730278015, 38.8713607788], [159.57661438, -421.921783447, -69.7628707886, 46.0051841736, 88.630279541, 141.544692993, 154.829879761, 195.636123657, 245.905136108, 125.608390808, 15.7253847122, 34.5159187317, 39.2900161743], [330.321014404, -475.68347168, -138.12727356, 55.7146224976, 51.0205993652, 177.40953064, 102.243614197, 99.6988983154, 125.608390808, 200.475280762, 51.4345016479, 21.1759815216, 25.2844181061], [-215.915222168, -163.444747925, -76.0761795044, 0.396636605263, 3.52711868286, 46.7006454468, 52.0161705017, 30.3642654419, 15.7253847122, 51.4345016479, 121.308807373, 56.1947479248, 26.3080863953], [-61.3408203125, -242.756866455, -73.2293624878, 11.9888896942, 16.8448314667, 33.8332214355, 40.7155914307, 35.8730278015, 34.5159187317, 21.1759815216, 56.1947479248, 101.094467163, 54.4659919739], [-72.6714935303, -266.740600586, -70.3508987427, 0.734336256981, 16.8600959778, 34.4078292847, 34.0612983704, 38.8713607788, 39.2900161743, 25.2844181061, 26.3080863953, 54.4659919739, 93.9340209961]], "icov": [[0.000106656778371, 1.42566204886e-06, 2.62627527263e-05, -0.000161307965755, 0.000230647565331, -0.000478679314256, 0.000539113301784, -0.000366790074622, 6.17991317995e-05, 5.71943674004e-05, 0.000228414486628, -0.000100060591649, 0.000150532185216], [1.42566204886e-06, 0.000298396422295, -0.000273833371466, 0.000242625654209, -5.3104962717e-05, 0.000242448353674, -0.000133099209052, -9.83395075309e-05, 0.000271348952083, 0.000136623973958, -4.91534738103e-05, 0.000196728622541, 0.000400570133934], [2.62627527263e-05, -0.000273833371466, 0.00114095536992, -0.000428934785305, 2.91808955808e-05, 0.000155557660037, -0.000120807038911, 0.000602649990469, -0.000727106351405, 0.000231680111028, 0.000175304274308, 0.000148579900269, -6.06960456935e-05], [-0.000161307965755, 0.000242625654209, -0.000428934785305, 0.00244046095759, -0.00125896628015, 8.1141020928e-05, -0.000125652455608, -0.000978298834525, 0.00121541402768, -0.000122371595353, -7.70755796111e-05, -0.000154133333126, 0.000506023759954], [0.000230647565331, -5.3104962717e-05, 2.91808955808e-05, -0.00125896628015, 0.00425030337647, -0.00272836699151, 0.00153999531176, -0.000106472034531, -0.00154069473501, 0.00134973402601, 0.000352505565388, -0.000185964148841, 7.17147340765e-05], [-0.000478679314256, 0.000242448353674, 0.000155557660037, 8.1141020928e-05, -0.00272836699151, 0.00829254742712, -0.0070672580041, 0.00241221231408, 0.00136237870902, -0.00366977951489, 0.000105243707367, 0.000576268765144, -0.000495038519148], [0.000539113301784, -0.000133099209052, -0.000120807038911, -0.000125652455608, 0.00153999531176, -0.0070672580041, 0.0146069554612, -0.00979711208493, 0.000559937092476, 0.00192865624558, -0.00113122386392, -0.00093573180493, 0.00112557015382], [-0.000366790074622, -9.83395075309e-05, 0.000602649990469, -0.000978298834525, -0.000106472034531, 0.00241221231408, -0.00979711208493, 0.0183957275003, -0.00999712385237, 0.00147940800525, -0.00140232418198, 0.00154810515232, -0.00175000354648], [6.17991317995e-05, 0.000271348952083, -0.000727106351405, 0.00121541402768, -0.00154069473501, 0.00136237870902, 0.000559937092476, -0.00999712385237, 0.0148532874882, -0.00643331883475, 0.00386554957367, -0.00272815697826, -6.08431582805e-06], [5.71943674004e-05, 0.000136623973958, 0.000231680111028, -0.000122371595353, 0.00134973402601, -0.00366977951489, 0.00192865624558, 0.00147940800525, -0.00643331883475, 0.0115783726797, -0.00469625089318, 0.00281424075365, -0.000345099135302], [0.000228414486628, -4.91534738103e-05, 0.000175304274308, -7.70755796111e-05, 0.000352505565388, 0.000105243707367, -0.00113122386392, -0.00140232418198, 0.00386554957367, -0.00469625089318, 0.0144081925973, -0.0080494415015, 0.00133697490674], [-0.000100060591649, 0.000196728622541, 0.000148579900269, -0.000154133333126, -0.000185964148841, 0.000576268765144, -0.00093573180493, 0.00154810515232, -0.00272815697826, 0.00281424075365, -0.0080494415015, 0.0195290073752, -0.00857086759061], [0.000150532185216, 0.000400570133934, -6.06960456935e-05, 0.000506023759954, 7.17147340765e-05, -0.000495038519148, 0.00112557015382, -0.00175000354648, -6.08431582805e-06, -0.000345099135302, 0.00133697490674, -0.00857086759061, 0.0170254502445]]}, "spectral_contrast_coeffs": {"dmean": [0.048048324883, 0.0365543216467, 0.0305757410824, 0.0293802954257, 0.0219851695001, 0.0242009181529], "dmean2": [0.0800342410803, 0.057857118547, 0.0485892482102, 0.0452499873936, 0.0347917824984, 0.0366531647742], "dvar": [0.00235024280846, 0.00151476264, 0.000745961151551, 0.000918792851735, 0.000485859345645, 0.000660337100271], "dvar2": [0.00555565860122, 0.00366647145711, 0.00176481902599, 0.00190041051246, 0.00108572642785, 0.00132370821666], "max": [-0.176992028952, -0.359910488129, -0.525625705719, -0.567592382431, -0.646965146065, -0.556327342987], "mean": [-0.581005096436, -0.69067209959, -0.797663986683, -0.817116200924, -0.82628005743, -0.794970691204], "median": [-0.57932806015, -0.691294670105, -0.799746572971, -0.823623716831, -0.829060614109, -0.793598175049], "min": [-0.978896319866, -0.968030691147, -0.967821061611, -0.974500954151, -0.960743844509, -0.96010017395], "var": [0.0225361268967, 0.00867794919759, 0.00427856435999, 0.00369571638294, 0.00251727551222, 0.00509821111336]}, "spectral_contrast_valleys": {"dmean": [0.494591504335, 0.36477252841, 0.39456191659, 0.422671914101, 0.427838981152, 0.496713161469], "dmean2": [0.797214090824, 0.567107975483, 0.612960278988, 0.603480100632, 0.545642673969, 0.660298764706], "dvar": [0.335736900568, 0.322929024696, 0.323209702969, 0.353430896997, 0.378684341908, 0.37654414773], "dvar