{"lowlevel": {"average_loudness": 0.942712008953, "barkbands_crest": {"dmean": 2.12331938744, "dmean2": 3.53700041771, "dvar": 7.89318418503, "dvar2": 19.9247741699, "max": 23.8879013062, "mean": 9.9810590744, "median": 9.0249376297, "min": 3.29028296471, "var": 12.2228279114}, "barkbands_flatness_db": {"dmean": 0.0313254371285, "dmean2": 0.0484835803509, "dvar": 0.00190543569624, "dvar2": 0.00364206242375, "max": 0.413978755474, "mean": 0.122039675713, "median": 0.104773595929, "min": 0.0307317599654, "var": 0.00354161974974}, "barkbands_kurtosis": {"dmean": 2.78299474716, "dmean2": 4.67165517807, "dvar": 112.046875, "dvar2": 259.942382812, "max": 228.293563843, "mean": 4.85571575165, "median": 3.32124567032, "min": -1.82197988033, "var": 193.690429688}, "barkbands_skewness": {"dmean": 0.452379226685, "dmean2": 0.751273095608, "dvar": 0.746872782707, "dvar2": 1.67545366287, "max": 13.1974859238, "mean": 1.71064710617, "median": 1.71745812893, "min": -2.66270184517, "var": 1.27883625031}, "barkbands_spread": {"dmean": 9.57960891724, "dmean2": 15.8895120621, "dvar": 210.564208984, "dvar2": 443.263824463, "max": 107.821258545, "mean": 24.3591136932, "median": 19.9428310394, "min": 0.75036495924, "var": 221.035980225}, "dissonance": {"dmean": 0.0219263918698, "dmean2": 0.0363064333797, "dvar": 0.000686597311869, "dvar2": 0.00185326801147, "max": 0.500000298023, "mean": 0.450791209936, "median": 0.455933570862, "min": 0.12343223393, "var": 0.00118432752788}, "dynamic_complexity": 2.53359484673, "erbbands_crest": {"dmean": 1.75582110882, "dmean2": 2.851531744, "dvar": 4.4837770462, "dvar2": 9.82564258575, "max": 24.0778541565, "mean": 8.90066146851, "median": 8.51329231262, "min": 2.09204936028, "var": 13.5082263947}, "erbbands_flatness_db": {"dmean": 0.0184466708452, "dmean2": 0.0289937797934, "dvar": 0.000506898213644, "dvar2": 0.00103684712667, "max": 0.287118971348, "mean": 0.124560259283, "median": 0.117949925363, "min": 0.053578607738, "var": 0.00114858429879}, "erbbands_kurtosis": {"dmean": 0.438449859619, "dmean2": 0.731524705887, "dvar": 0.33548411727, "dvar2": 0.741557836533, "max": 6.60505008698, "mean": -0.0876227244735, "median": -0.10304236412, "min": -1.41620659828, "var": 0.529564201832}, "erbbands_skewness": {"dmean": 0.257831692696, "dmean2": 0.437731921673, "dvar": 0.125009745359, "dvar2": 0.264663249254, "max": 2.24017930031, "mean": 0.648673534393, "median": 0.735525727272, "min": -1.4737944603, "var": 0.211094722152}, "erbbands_spread": {"dmean": 9.61665630341, "dmean2": 15.6811199188, "dvar": 157.423049927, "dvar2": 325.269256592, "max": 111.566139221, "mean": 45.8434371948, "median": 41.0633926392, "min": 10.570731163, "var": 197.945419312}, "hfc": {"dmean": 14.6928348541, "dmean2": 24.3050193787, "dvar": 373.493988037, "dvar2": 891.960632324, "max": 113.641334534, "mean": 27.2764759064, "median": 22.1144142151, "min": 1.07238559965e-16, "var": 470.416748047}, "melbands_crest": {"dmean": 2.64934206009, "dmean2": 4.37689495087, "dvar": 12.3713779449, "dvar2": 31.4237499237, "max": 31.8469409943, "mean": 13.6889219284, "median": 12.5148506165, "min": 1.57984983921, "var": 27.8279762268}, "melbands_flatness_db": {"dmean": 0.0326545871794, "dmean2": 0.0489552505314, "dvar": 0.00223100557923, "dvar2": 0.00386496749707, "max": 0.472156554461, "mean": 0.18312355876, "median": 0.179769173265, "min": 0.00243271281943, "var": 0.00419625407085}, "melbands_kurtosis": {"dmean": 4.76822519302, "dmean2": 8.22851657867, "dvar": 243.151779175, "dvar2": 554.03338623, "max": 319.711029053, "mean": 12.9468851089, "median": 9.89023780823, "min": -1.57001590729, "var": 477.646209717}, "melbands_skewness": {"dmean": 0.482166677713, "dmean2": 0.778963625431, "dvar": 0.598852217197, "dvar2": 1.43341910839, "max": 12.0716199875, "mean": 2.69042682648, "median": 2.62060236931, "min": -0.352675050497, "var": 1.29721009731}, "melbands_spread": {"dmean": 8.5960149765, "dmean2": 14.1853380203, "dvar": 322.907470703, "dvar2": 650.251708984, "max": 201.745849609, "mean": 24.0835666656, "median": 18.0278892517, "min": 0.510227143764, "var": 592.190124512}, "pitch_salience": {"dmean": 0.0551377609372, "dmean2": 0.0899481028318, "dvar": 0.00528381764889, "dvar2": 0.0124298278242, "max": 0.947125673294, "mean": 0.5319865942, "median": 0.524829864502, "min": 0.0376204773784, "var": 0.0107360295951}, "silence_rate_20dB": {"dmean": 0, "dmean2": 0, "dvar": 0, "dvar2": 0, "max": 1, "mean": 1, "median": 1, "min": 1, "var": 0}, "silence_rate_30dB": {"dmean": 0, "dmean2": 0, "dvar": 0, "dvar2": 0, "max": 1, "mean": 1, "median": 1, "min": 1, "var": 0}, "silence_rate_60dB": {"dmean": 0.0227272734046, "dmean2": 0.0454641133547, "dvar": 0.0222118571401, "dvar2": 0.0480232909322, "max": 1, "mean": 0.0525983572006, "median": 0, "min": 0, "var": 0.0498338192701}, "spectral_centroid": {"dmean": 301.932678223, "dmean2": 484.37286377, "dvar": 259363.953125, "dvar2": 463688.59375, "max": 11804.7285156, "mean": 1372.84790039, "median": 1077.5435791, "min": 161.406311035, "var": 2022525.375}, "spectral_complexity": {"dmean": 3.58585858345, "dmean2": 5.8711848259, "dvar": 19.4234657288, "dvar2": 42.9178352356, "max": 45, "mean": 18.3766040802, "median": 19, "min": 0, "var": 56.712223053}, "spectral_decrease": {"dmean": 1.84272164194e-09, "dmean2": 2.7075155451e-09, "dvar": 6.92046018396e-18, "dvar2": 1.65066207341e-17, "max": 7.83266051246e-23, "mean": -7.32305016626e-09, "median": -7.19360793155e-09, "min": -2.93405832963e-08, "var": 2.03290223447e-17}, "spectral_energy": {"dmean": 0.00802399776876, "dmean2": 0.0120224850252, "dvar": 0.000114172697067, "dvar2": 0.000273543555522, "max": 0.118751503527, "mean": 0.0301129333675, "median": 0.0293671060354, "min": 9.98172092982e-21, "var": 0.00033242313657}, "spectral_energyband_high": {"dmean": 0.0012812417699, "dmean2": 0.00215168204159, "dvar": 3.55843690159e-06, "dvar2": 8.43963425723e-06, "max": 0.00792014226317, "mean": 0.00149989570491, "median": 0.000793993414845, "min": 6.95122843346e-21, "var": 3.32633339895e-06}, "spectral_energyband_low": {"dmean": 0.00249636312947, "dmean2": 0.00360277597792, "dvar": 1.79108665179e-05, "dvar2": 3.38217250828e-05, "max": 0.0530635043979, "mean": 0.00652647111565, "median": 0.00723297288641, "min": 1.61659277377e-23, "var": 4.775448906e-05}, "spectral_energyband_middle_high": {"dmean": 0.00112715957221, "dmean2": 0.00179524929263, "dvar": 2.09139784602e-06, "dvar2": 4.8156430239e-06, "max": 0.0246779173613, "mean": 0.00427416712046, "median": 0.00401121331379, "min": 1.28984629653e-21, "var": 8.03861985332e-06}, "spectral_energyband_middle_low": {"dmean": 0.00500588491559, "dmean2": 0.00775161106139, "dvar": 8.32601290313e-05, "dvar2": 0.000211192615097, "max": 0.101379923522, "mean": 0.0184424035251, "median": 0.0176473669708, "min": 2.11241274174e-22, "var": 0.000190168706467}, "spectral_entropy": {"dmean": 0.401154369116, "dmean2": 0.620111227036, "dvar": 0.226854220033, "dvar2": 0.374683886766, "max": 9.82762336731, "mean": 7.40741443634, "median": 7.32533740997, "min": 4.81389474869, "var": 0.461173117161}, "spectral_flux": {"dmean": 0.038694396615, "dmean2": 0.0610579326749, "dvar": 0.00156688364223, "dvar2": 0.00377722713165, "max": 0.265787184238, "mean": 0.0658635050058, "median": 0.0563648827374, "min": 6.31592902978e-11, "var": 0.00289244693704}, "spectral_kurtosis": {"dmean": 1.71118462086, "dmean2": 2.71689391136, "dvar": 6.87952661514, "dvar2": 16.8540973663, "max": 37.9970245361, "mean": 4.20724153519, "median": 4.37653207779, "min": -1.25997364521, "var": 7.77340698242}, "spectral_rms": {"dmean": 0.000708375475369, "dmean2": 0.00103907799348, "dvar": 7.21971048279e-07, "dvar2": 1.48948538481e-06, "max": 0.0107636014, "mean": 0.0050859702751, "median": 0.00535264750943, "min": 3.12061921443e-12, "var": 3.51135327037e-06}, "spectral_rolloff": {"dmean": 1108.86560059, "dmean2": 1954.09509277, "dvar": 4394566, "dvar2": 9192200, "max": 20607.2753906, "mean": 1985.85375977, "median": 968.994140625, "min": 21.533203125, "var": 9617255}, "spectral_skewness": {"dmean": 0.258293420076, "dmean2": 0.403782010078, "dvar": 0.120958000422, "dvar2": 0.253723621368, "max": 5.13612318039, "mean": 1.64076530933, "median": 1.71206438541, "min": -0.07759193331, "var": 0.199745714664}, "spectral_spread": {"dmean": 1018950.0625, "dmean2": 1569732.5, "dvar": 2125944586240.0, "dvar2": 3326815502340.0, "max": 42523488, "mean": 6418893, "median": 5286023.5, "min": 1963945.5, "var": 23986004033500.0}, "spectral_strongpeak": {"dmean": 0.404827982187, "dmean2": 0.718620717525, "dvar": 0.790282428265, "dvar2": 2.13863706589, "max": 11.4844579697, "mean": 1.17624688148, "median": 1.03486144543, "min": 0, "var": 0.95176923275}, "zerocrossingrate": {"dmean": 0.0262378212065, "dmean2": 0.032469522208, "dvar": 0.00103127700277, "dvar2": 0.00135571975261, "max": 0.52099609375, "mean": 0.0635114908218, "median": 0.03564453125, "min": 0.00244140625, "var": 0.00615245476365}, "barkbands": {"dmean": [0.000212751503568, 0.00117666588631, 0.00106648134533, 0.00100470415782, 0.00291184801608, 0.00110870110802, 0.00111177330837, 0.000778951100074, 0.000499901128933, 0.00021500022558, 0.000160881245392, 0.000243716567638, 0.000166189260199, 0.000205634962185, 9.87060993793e-05, 0.000127841747599, 7.78528992669e-05, 0.000120745389722, 0.000263417779934, 8.26230243547e-05, 9.172593127e-05, 0.000135139285703, 0.000157162314281, 0.000429637002526, 0.000295528036077, 0.000132890039822, 8.29371947475e-06], "dmean2": [0.000397875643102, 0.00168831390329, 0.00150722602848, 0.00161419413052, 0.00467582745478, 0.00170918449294, 0.00183081743307, 0.00123883550987, 0.000808923214208, 0.000323026644764, 0.000257642765064, 0.000402279169066, 0.000258451473201, 0.000342881394317, 0.000146999096614, 0.000218518660404, 0.000120621472888, 0.000201688235393, 0.000448689272162, 0.000134409739985, 0.00015139603056, 0.000225101306569, 0.000263064604951, 0.000720626674592, 0.000507205666509, 0.000221955880988, 1.32675759232e-05], "dvar": [3.27222807073e-07, 3.27521252075e-06, 8.47485171107e-06, 6.35108744973e-06, 5.73437573621e-05, 5.09825940753e-06, 6.41752103547e-06, 3.16810883305e-06, 1.3970134205e-06, 2.1875315781e-07, 1.68008526202e-07, 3.24204364688e-07, 7.41737835597e-08, 1.27923200921e-07, 2.50842564498e-08, 3.76074034136e-08, 1.34048665501e-08, 2.97283868633e-08, 1.40621494893e-07, 1.12842100108e-08, 1.41078908555e-08, 3.51296201018e-08, 4.99730177239e-08, 4.24907256047e-07, 2.18286743348e-07, 3.87527983037e-08, 1.32091240723e-10], "dvar2": [1.02669116586e-06, 5.45848797628e-06, 1.62283395184e-05, 1.25030192066e-05, 0.000145207421156, 9.57042266236e-06, 1.74775432242e-05, 6.8919334808e-06, 3.20447088598e-06, 4.00889746288e-07, 3.17156832352e-07, 7.89635976162e-07, 1.62235778589e-07, 3.51082519501e-07, 4.76901753643e-08, 1.08668473331e-07, 2.99741707011e-08, 7.43119628055e-08, 3.46043179889e-07, 2.66634003765e-08, 3.47297977044e-08, 8.22925798616e-08, 1.16844276477e-07, 9.81245420917e-07, 5.45061709545e-07, 8.92447076239e-08, 2.79828521466e-10], "max": [0.0052938843146, 0.0201129727066, 0.0328924953938, 0.0217880886048, 0.077220261097, 0.0433819703758, 0.0376858450472, 0.026773000136, 0.0160830132663, 0.0141110289842, 0.0153456320986, 0.0133942784742, 0.00353346066549, 0.0042600305751, 0.00286514661275, 0.00195864099078, 0.00227800547145, 0.00321693927981, 0.00267516216263, 0.000882103922777, 0.00120073999278, 0.00101353263017, 0.00128240440972, 0.00255195237696, 0.00192599266302, 0.000875117257237, 0.00021251803264], "mean": [0.000184407370398, 0.00401860428974, 0.00171494774986, 0.00154480920173, 0.00485044531524, 0.00382391735911, 0.00431423168629, 0.00268506491557, 0.00118803908117, 0.00069595273817, 0.000415921676904, 0.000504648487549, 0.000557276944164, 0.000550093187485, 0.000313313328661, 0.000279226893326, 0.000249249103945, 0.000286796392174, 0.000322676060023, 0.000193051702809, 0.000203468385735, 0.00019870896358, 0.000199903326575, 0.000382872705813, 0.000257375038927, 0.000142548466101, 3.53964896931e-05], "median": [3.04427103401e-05, 0.00454544229433, 0.000904224230908, 0.000708497478627, 0.00120086956304, 0.00124439224601, 0.00205518351868, 0.000763076532166, 0.0003239797079, 0.000297368882457, 9.51798720052e-05, 0.000211482256418, 0.000342836079653, 0.000324832333717, 0.000204357449547, 0.000206175012863, 0.00017873183242, 0.00020890745509, 0.000177922847797, 0.000159493894898, 0.000174809421878, 0.000134933725349, 0.000117097355542, 0.000101214376627, 8.00723573775e-05, 6.25502580078e-05, 3.2435196772e-05], "min": [9.98317872269e-25, 2.9102638766e-24, 1.44611732892e-24, 8.44603493113e-25, 8.03531035931e-24, 1.00637415371e-23, 6.51418498008e-24, 1.18305028194e-23, 1.58628599997e-23, 1.1920396675e-23, 1.50863968325e-23, 2.46029686685e-23, 2.26490911572e-23, 2.3554864404e-23, 6.26594741372e-23, 6.23234004589e-23, 6.88244978421e-23, 8.95817569759e-23, 1.07328363175e-22, 1.22784622176e-22, 2.51899089499e-22, 2.91148844905e-22, 4.17329405993e-22, 5.78489599475e-22, 8.45737145399e-22, 1.24302466288e-21, 1.98798784424e-21], "var": [2.05939315379e-07, 1.47381761053e-05, 1.350657476e-05, 8.00527504907e-06, 6.67014173814e-05, 2.31735575653e-05, 2.69112933893e-05, 1.70273742697e-05, 3.96026644012e-06, 1.29374541302e-06, 9.29611587708e-07, 9.53629523792e-07, 3.30112300162e-07, 3.43299404904e-07, 1.3203921867e-07, 6.7061954212e-08, 5.43841522926e-08, 7.25536821733e-08, 1.41620432714e-07, 2.31240218085e-08, 2.49209239911e-08, 3.85801008917e-08, 5.05995458866e-08, 3.83008085691e-07, 1.75905981337e-07, 3.680553462e-08, 8.21189893863e-10]}, "erbbands": {"dmean": [0.027864459902, 0.313681304455, 1.2552241087, 2.01292395592, 6.94308328629, 10.7981996536, 8.36367034912, 8.58419799805, 15.0959644318, 13.2756729126, 15.8492851257, 13.0865936279, 4.75336408615, 7.43635892868, 7.27238702774, 7.56870555878, 7.56204319, 8.50714015961, 7.68323373795, 5.740899086, 6.34532260895, 4.47850179672, 5.987596035, 5.5214214325, 17.0418224335, 4.5891084671, 3.59244513512, 3.87047433853, 5.96711111069, 4.22410774231, 5.22143983841, 4.68966913223, 8.92964839935, 3.89902281761, 2.37079024315, 0.962450146675, 0.144070386887, 0.0161919612437, 0.00146717438474, 0.000101499361335], "dmean2": [0.0441107824445, 0.437937498093, 1.7074996233, 3.00855088234, 10.5091371536, 18.1432056427, 12.9140233994, 13.2083053589, 24.528339386, 21.1317214966, 24.5669536591, 21.4177532196, 7.64144563675, 11.447851181, 11.2864360809, 12.2577629089, 11.5247430801, 13.9763555527, 12.1616621017, 9.0210313797, 10.692399025, 7.13649082184, 9.87013816833, 9.19459438324, 29.2405452728, 7.49375200272, 5.9312171936, 6.28625488281, 10.0004243851, 7.09762334824, 8.79847621918, 7.95250654221, 14.9713697433, 6.54616641998, 4.12267446518, 1.60155320168, 0.242956459522, 0.0270713940263, 0.00235828524455, 0.000160326540936], "dvar": [0.00321526289918, 0.270100623369, 12.0464076996, 16.1333026886, 258.103088379, 928.415100098, 332.653015137, 344.306335449, 1567.00854492, 790.874816895, 1398.76257324, 1011.61669922, 73.640083313, 263.71307373, 240.916824341, 309.121459961, 167.8099823, 191.977279663, 178.508834839, 81.534576416, 114.785339355, 41.7991447449, 67.0235519409, 55.1680030823, 637.222473145, 35.2475128174, 21.8915481567, 25.344417572, 71.5054779053, 36.1327323914, 57.9418678284, 49.811466217, 184.509780884, 35.2888183594, 14.8828897476, 2.08221435547, 0.0438411198556, 0.00045527581824, 4.00233057007e-06, 2.0805218881e-08], "dvar2": [0.00552571378648, 0.447399437428, 22.0923671722, 35.6659736633, 610.74597168, 2508.20507812, 606.925476074, 649.090515137, 4511.99658203, 1613.69140625, 2977.87817383, 2368.56396484, 175.890884399, 483.801879883, 494.841186523, 659.317382812, 355.509735107, 465.711364746, 438.564819336, 185.913452148, 355.397949219, 106.058807373, 162.122573853, 133.8878479, 1582.75463867, 82.9926147461, 52.9136543274, 59.7108879089, 168.355102539, 88.1007156372, 136.240661621, 120.935317993, 419.421264648, 83.7612533569, 37.8747901917, 4.77444171906, 0.104290477931, 0.0010910439305, 8.70098574524e-06, 4.21896935165e-08], "max": [0.385069608688, 6.58769178391, 41.4910469055, 45.8008155823, 173.704772949, 303.133148193, 400.136566162, 355.692504883, 622.750061035, 436.512512207, 618.079284668, 452.768310547, 122.837104797, 524.120483398, 477.757568359, 683.17980957, 176.436798096, 164.06602478, 172.643630981, 158.585754395, 111.049095154, 87.6181182861, 143.546340942, 101.293739319, 173.381195068, 49.3589401245, 50.5573577881, 52.4405097961, 49.255279541, 37.7521209717, 39.0694351196, 31.0737895966, 51.0325050354, 23.5773887634, 15.4062395096, 6.10934638977, 1.04475867748, 0.202802732587, 0.0383926294744, 0.00309669040143], "mean": [0.0950515046716, 0.961031198502, 2.28194928169, 3.51046466827, 11.1257972717, 16.2609767914, 24.3443374634, 32.4289016724, 56.0516395569, 56.836227417, 58.4512481689, 32.828502655, 13.6769895554, 25.4600410461, 20.4159297943, 19.0453968048, 27.0704135895, 22.7312717438, 24.0808811188, 15.1026620865, 16.4004173279, 14.2745704651, 15.5260505676, 12.4219074249, 18.9772281647, 10.5309972763, 7.93292331696, 7.56828069687, 8.00971889496, 6.05457496643, 6.03580474854, 4.82713317871, 7.61404657364, 3.47764658928, 1.96887743473, 0.905974268913, 0.18267172575, 0.0355659872293, 0.00594225386158, 0.000464561337139], "median": [0.052726611495, 0.918939888477, 1.46927607059, 2.42741036415, 3.05304217339, 5.217045784, 8.96965408325, 12.3873825073, 24.9829883575, 25.4592533112, 20.0831451416, 12.7752885818, 8.1592874527, 13.8382377625, 11.3324022293, 9.2295589447, 16.3031291962, 14.9169225693, 15.0543613434, 10.7842559814, 12.4307966232, 10.6294031143, 10.823179245, 9.70995616913, 9.76616668701, 8.86249637604, 6.1901345253, 5.89745426178, 5.02253484726, 4.1825299263, 3.13806653023, 2.09191632271, 1.50677585602, 0.989970505238, 0.568275153637, 0.28398758173, 0.108962163329, 0.0306033473462, 0.00545992609113, 0.000429405859904], "min": [1.02074057297e-22, 6.1151432095e-22, 2.26369546268e-21, 3.14488535507e-21, 1.67212218226e-20, 3.51772514161e-20, 6.19092149602e-20, 6.89212185505e-20, 1.25471873492e-19, 2.14187976465e-19, 3.99542220385e-19, 3.62035550816e-19, 5.11730529667e-19, 6.11887781283e-19, 9.3017038908e-19, 1.01712806117e-18, 1.44382855977e-18, 1.60413595569e-18, 2.73047874108e-18, 3.47788212625e-18, 4.13336899496e-18, 4.10740379553e-18, 5.18639473016e-18, 5.44078420138e-18, 8.23962300944e-18, 6.67177370947e-18, 8.63443135273e-18, 1.08522349239e-17, 1.14663999851e-17, 1.24035277903e-17, 1.18747335586e-17, 1.05902693054e-17, 1.01125162534e-17, 7.45907387674e-18, 5.8629738773e-18, 4.16688593979e-18, 2.38527972785e-18, 9.88642442413e-19, 1.95329331249e-19, 2.745244432e-20], "var": [0.0136038716882, 1.06746816635, 21.4350090027, 23.0297222137, 409.973449707, 868.790527344, 1112.96936035, 1717.06542969, 5467.5625, 5348.63037109, 7627.23828125, 2923.25097656, 240.625289917, 1630.62512207, 1041.20056152, 1370.40112305, 799.225524902, 554.110473633, 665.304626465, 259.09463501, 220.666137695, 149.11668396, 196.627059937, 115.626785278, 569.803100586, 68.0174484253, 44.1155700684, 40.7123031616, 74.0249786377, 37.0605583191, 55.3681221008, 43.7424507141, 167.650909424, 31.0190143585, 11.4450931549, 1.92836081982, 0.0431170873344, 0.000833414727822, 2.31330759561e-05, 1.45604289514e-07]}, "gfcc": {"mean": [9.60213947296, 49.0012893677, -99.0672302246, 10.0867681503, -60.7510375977, 1.20908498764, -40.7747459412, 4.83331346512, -20.326789856, 8.25445365906, -9.91595077515, 2.02259778976, -11.9586772919], "cov": [[35447.5078125, 459.72833252, -1954.3223877, 452.187713623, -1518.26672363, 174.236038208, -1038.8684082, 185.903823853, -484.595001221, 273.896942139, -350.323760986, -29.382270813, -496.706085205], [459.72833252, 2140.97167969, 634.856567383, 563.237243652, 651.165588379, 261.929656982, 349.584686279, 38.1343231201, 73.0916748047, -104.361343384, -108.34425354, -166.38609314, -61.0097770691], [-1954.3223877, 634.856567383, 852.936340332, 491.645294189, 471.056243896, 313.956115723, 257.593261719, 147.761001587, 88.0339889526, -18.7230110168, -50.4968223572, -134.029067993, -79.2883682251], [452.187713623, 563.237243652, 491.645294189, 478.330657959, 287.911346436, 292.12713623, 125.43019104, 136.327880859, -2.54050254822, -9.00412464142, -70.8122711182, -97.0477981567, -67.6072692871], [-1518.26672363, 651.165588379, 471.056243896, 287.911346436, 407.665100098, 188.573226929, 255.249603271, 84.1985092163, 102.752151489, -11.8133611679, -15.5617256165, -73.7239074707, -26.9763412476], [174.236038208, 261.929656982, 313.956115723, 292.12713623, 188.573226929, 249.942871094, 118.291519165, 148.131057739, 26.9717216492, 16.1102333069, -22.4725666046, -45.8511657715, -30.6279983521], [-1038.8684082, 349.584686279, 257.593261719, 125.43019104, 255.249603271, 118.291519165, 238.590911865, 105.027748108, 137.620941162, 29.5998458862, 7.25929546356, -39.1130218506, -20.5840568542], [185.903823853, 38.1343231201, 147.761001587, 136.327880859, 84.1985092163, 148.131057739, 105.027748108, 176.450210571, 97.1625900269, 74.2828369141, 13.2609682083, -33.8305168152, -30.3408374786], [-484.595001221, 73.0916748047, 88.0339889526, -2.54050254822, 102.752151489, 26.9717216492, 137.620941162, 97.1625900269, 177.038284302, 99.7986755371, 58.3759613037, -13.7319068909, -31.3519630432], [273.896942139, -104.361343384, -18.7230110168, -9.00412464142, -11.8133611679, 16.1102333069, 29.5998458862, 74.2828369141, 99.7986755371, 124.155906677, 86.6916275024, 40.0468139648, -8.53078174591], [-350.323760986, -108.34425354, -50.4968223572, -70.8122711182, -15.5617256165, -22.4725666046, 7.25929546356, 13.2609682083, 58.3759613037, 86.6916275024, 134.193771362, 106.14491272, 51.2178878784], [-29.382270813, -166.38609314, -134.029067993, -97.0477981567, -73.7239074707, -45.8511657715, -39.1130218506, -33.8305168152, -13.7319068909, 40.0468139648, 106.14491272, 153.1353302, 101.302947998], [-496.706085205, -61.0097770691, -79.2883682251, -67.6072692871, -26.9763412476, -30.6279983521, -20.5840568542, -30.3408374786, -31.3519630432, -8.53078174591, 51.2178878784, 101.302947998, 114.945289612]], "icov": [[0.000108390828245, -0.000233768572798, 0.000343026011251, -0.000334861135343, 0.000607272086199, -0.000384551996831, 0.000265691516688, -3.85679668398e-05, -0.00028689604369, -0.000293786608381, 0.000819054897875, -0.00101410469506, 0.000890149036422], [-0.000233768572798, 0.00194855511654, 0.000602520653047, -0.00256295572035, -0.00236860406585, 0.00184108281974, -0.00159519526642, 0.00175805028994, -0.000960920122452, 0.00271168234758, -0.00361097464338, 0.00403447728604, -0.00296218576841], [0.000343026011251, 0.000602520653047, 0.00751129211858, -0.00762237049639, -0.00171824963763, -0.00135252147447, 0.000922365929, 0.00202563009225, -0.00523917190731, 0.00489248428494, -0.00274624163285, 0.000846928276587, 0.00184766331222], [-0.000334861135343, -0.00256295572035, -0.00762237049639, 0.0310515090823, -0.0177850872278, -0.010992215015, 0.0149414669722, -0.0110559500754, 0.0153648555279, -0.0185956265777, 0.0195991508663, -0.0135139767081, 0.00884050410241], [0.000607272086199, -0.00236860406585, -0.00171824963763, -0.0177850872278, 0.0458769984543, -0.00825337786227, -0.0302667897195, 0.0238153543323, -0.0103429500014, 0.00746525498107, -0.0188668575138, 0.0206461884081, -0.0129011254758], [-0.000384551996831, 0.00184108281974, -0.00135252147447, -0.010992215015, -0.00825337786227, 0.0375889241695, -0.00489957211539, -0.0253001991659, 0.0139576094225, 0.00637797499076, -0.00574053777382, -0.00417980691418, 0.00296244979836], [0.000265691516688, -0.00159519526642, 0.000922365929, 0.0149414669722, -0.0302667897195, -0.00489957211539, 0.0463940873742, -0.0187615416944, -0.0158479884267, 0.0030715924222, 0.0250197760761, -0.0295297708362, 0.0154547384009], [-3.85679668398e-05, 0.00175805028994, 0.00202563009225, -0.0110559500754, 0.0238153543323, -0.0253001991659, -0.0187615416944, 0.0483779497445, -0.0185756497085, -0.00527198147029, -0.0120181143284, 0.028714902699, -0.0214908830822], [-0.00028689604369, -0.000960920122452, -0.00523917190731, 0.0153648555279, -0.0103429500014, 0.0139576094225, -0.0158479884267, -0.0185756497085, 0.0541761815548, -0.0324969179928, -0.000242056790739, 0.00530083756894, 0.00502514420077], [-0.000293786608381, 0.00271168234758, 0.00489248428494, -0.0185956265777, 0.00746525498107, 0.00637797499076, 0.0030715924222, -0.00527198147029, -0.0324969179928, 0.0611584298313, -0.0320241861045, 0.000924988358747, 0.0043466296047], [0.000819054897875, -0.00361097464338, -0.00274624163285, 0.0195991508663, -0.0188668575138, -0.00574053777382, 0.0250197760761, -0.0120181143284, -0.000242056790739, -0.0320241861045, 0.0673852935433, -0.0529081709683, 0.0207668766379], [-0.00101410469506, 0.00403447728604, 0.000846928276587, -0.0135139767081, 0.0206461884081, -0.00417980691418, -0.0295297708362, 0.028714902699, 0.00530083756894, 0.000924988358747, -0.0529081709683, 0.0792930498719, -0.0483745075762], [0.000890149036422, -0.00296218576841, 0.00184766331222, 0.00884050410241, -0.0129011254758, 0.00296244979836, 0.0154547384009, -0.0214908830822, 0.00502514420077, 0.0043466296047, 0.0207668766379, -0.0483745075762, 0.0473777763546]]}, "melbands": {"dmean": [0.000266494025709, 0.00057097984245, 0.000402232544729, 0.000737091351766, 0.000293689256068, 0.000194492924493, 0.000227052078117, 0.000144410732901, 0.000118393552839, 7.43529235478e-05, 2.35423540289e-05, 3.17569101753e-05, 2.44863567787e-05, 3.05924804707e-05, 1.80580318556e-05, 1.4160081264e-05, 1.74337437784e-05, 1.54701228894e-05, 6.40754888082e-06, 9.55491668719e-06, 7.28869099476e-06, 5.4815131989e-06, 4.21410004492e-06, 6.49776029604e-06, 3.47948139279e-06, 1.32573877636e-05, 6.08743266639e-06, 2.77509343505e-06, 2.25722669711e-06, 2.66184315478e-06, 1.91498088498e-06, 3.99434384235e-06, 1.91542176253e-06, 2.48092192123e-06, 3.18863817483e-06, 2.58700197264e-06, 2.62548496721e-06, 5.28027430846e-06, 6.26093969913e-06, 2.5700014703e-06], "dmean2": [0.000403344252845, 0.000766887213103, 0.000632508890703, 0.00119576253928, 0.00046479512821, 0.0003004403261, 0.000369791610865, 0.000228720455198, 0.000180206043296, 0.00012265559053, 3.75304516638e-05, 4.84138581669e-05, 3.87712789234e-05, 5.06518954353e-05, 2.79865234916e-05, 2.20004367293e-05, 2.9067730793e-05, 2.49873428402e-05, 9.94976289803e-06, 1.58892489708e-05, 1.21959683383e-05, 8.86449561222e-06, 6.35121614323e-06, 1.09102566057e-05, 5.72818271394e-06, 2.27035397984e-05, 1.03146612673e-05, 4.50414790976e-06, 3.65757182408e-06, 4.59840293843e-06, 3.03485262521e-06, 6.70648705636e-06, 3.18367006003e-06, 4.19028083343e-06, 5.40284918316e-06, 4.3062759687e-06, 4.47516777058e-06, 8.90189403435e-06, 1.04042155726e-05, 4.35289985035e-06], "dvar": [2.02423876772e-07, 1.8473720047e-06, 7.30563783691e-07, 4.07346897191e-06, 3.6701760564e-07, 1.65792499729e-07, 3.20507808738e-07, 7.93888048634e-08, 6.85722412186e-08, 3.3565061841e-08, 1.90844495762e-09, 5.04449415573e-09, 3.70303454567e-09, 5.61184432257e-09, 1.02877473207e-09, 4.96743590706e-10, 8.21688439512e-10, 8.73429772952e-10, 9.16267131612e-11, 1.9718353339e-10, 1.55868942753e-10, 7.41090730449e-11, 3.50598924892e-11, 1.02849014028e-10, 2.43814413103e-11, 3.7866959568e-10, 7.08025721385e-11, 1.31953770827e-11, 9.06567876324e-12, 1.47688077046e-11, 5.82578039629e-12, 3.28517282822e-11, 6.93853655087e-12, 1.28605572372e-11, 2.1786804999e-11, 1.43275781864e-11, 1.55450548267e-11, 6.48095327405e-11, 8.95197735384e-11, 1.56189297607e-11], "dvar2": [3.66366066373e-07, 3.27068391925e-06, 1.42883266108e-06, 1.05721001091e-05, 7.47418880565e-07, 3.14111986199e-07, 9.10388394004e-07, 1.68906240106e-07, 1.40067569987e-07, 7.99663268936e-08, 4.41291181374e-09, 9.01256225205e-09, 6.86742751554e-09, 1.37492888186e-08, 2.2061006355e-09, 1.07686426443e-09, 2.12080020212e-09, 2.27836127742e-09, 1.96712965361e-10, 4.96247376525e-10, 4.7638576417e-10, 1.90308685477e-10, 6.59787988133e-11, 2.6978641543e-10, 5.62712862417e-11, 9.36630883963e-10, 1.73440553586e-10, 3.08165541696e-11, 2.11042225362e-11, 3.78704533011e-11, 1.3524451524e-11, 7.79638922865e-11, 1.60931060145e-11, 3.18412449185e-11, 5.14878868707e-11, 3.38646610754e-11, 3.79823533736e-11, 1.50601461857e-10, 1.99355712494e-10, 3.8297403443e-11], "max": [0.0029748796951, 0.0172524601221, 0.00947470963001, 0.0207524560392, 0.0111130159348, 0.00806505978107, 0.00880897790194, 0.00432898290455, 0.00457324692979, 0.00247130007483, 0.000688636035193, 0.00232738628983, 0.00227753305808, 0.00152515468653, 0.000735249835998, 0.000242531605181, 0.000293250195682, 0.000345446664141, 0.000141770055052, 0.00019351420633, 0.000146702426719, 0.000110237189801, 0.000156536218128, 0.000255295832176, 7.00083764968e-05, 0.000163209959283, 5.10604404553e-05, 3.85146886401e-05, 3.6247252865e-05, 3.99766577175e-05, 2.63767014985e-05, 3.73542316083e-05, 1.86636043509e-05, 2.37390904658e-05, 2.79650230368e-05, 1.9795175831e-05, 1.78070167749e-05, 3.07137379423e-05, 3.48448738805e-05, 1.75607365236e-05], "mean": [0.000993350986391, 0.00125237193424, 0.000776558124926, 0.0011190319201, 0.000796992622782, 0.000716381357051, 0.000867737573572, 0.000627423112746, 0.000434103450971, 0.000172406435013, 6.60063087707e-05, 0.000109041313408, 7.04222766217e-05, 5.99187515036e-05, 5.60799198865e-05, 4.99080997542e-05, 4.24373465648e-05, 4.3987416575e-05, 1.88605372387e-05, 2.00718241103e-05, 1.79216240213e-05, 1.51370531967e-05, 1.35553364089e-05, 1.44340601764e-05, 8.53630444908e-06, 1.5356374206e-05, 9.10033122636e-06, 6.34119851384e-06, 5.07136110173e-06, 4.88531395604e-06, 3.82725102099e-06, 5.04052241013e-06, 3.24879761138e-06, 3.28286523654e-06, 3.52405299964e-06, 2.99909834212e-06, 2.76826040135e-06, 4.55357576357e-06, 5.37613368579e-06, 2.33101127378e-06], "median": [0.000996623886749, 0.000978789408691, 0.000495073269121, 0.000274452148005, 0.000353073934093, 0.000283448083792, 0.000476640474517, 0.000309643917717, 0.00014171609655, 5.07643308083e-05, 3.44806067005e-05, 5.21247311553e-05, 2.60072538367e-05, 2.10539710679e-05, 3.34834694513e-05, 3.31480150635e-05, 2.69198390015e-05, 2.57356768998e-05, 1.30444441311e-05, 1.43014094647e-05, 1.2817438801e-05, 9.35284151637e-06, 9.30797159526e-06, 1.12417155833e-05, 6.1939117586e-06, 7.22784807294e-06, 5.81447966397e-06, 5.32448393642e-06, 3.47750346918e-06, 3.81577729058e-06, 3.07033451463e-06, 3.10161044581e-06, 2.19105891119e-06, 2.08661776924e-06, 1.70998055182e-06, 1.55013333369e-06, 1.31563672312e-06, 1.03529771422e-06, 1.02429214621e-06, 7.7966126355e-07], "min": [1.78055826234e-24, 1.42377402707e-24, 4.56573315546e-25, 2.20390796131e-24, 2.29368999587e-24, 1.64487221449e-24, 1.81984373264e-24, 2.19339244544e-24, 3.70389324878e-24, 2.19101600196e-24, 1.90361681647e-24, 2.37687182845e-24, 2.47488207668e-24, 2.98035909841e-24, 1.98845486252e-24, 2.94612036576e-24, 2.04473831317e-24, 3.34090560856e-24, 4.45181542847e-24, 4.75144886053e-24, 3.83942625762e-24, 3.34933379847e-24, 3.44038846289e-24, 4.77989991793e-24, 4.00842432377e-24, 3.85236397089e-24, 3.76405454243e-24, 3.07157666261e-24, 4.45461706797e-24, 3.56801235229e-24, 3.7983699918e-24, 5.49487019432e-24, 5.51864409542e-24, 6.57089461284e-24, 5.65949797106e-24, 5.3840581141e-24, 5.40525598991e-24, 6.86124946293e-24, 5.91114262767e-24, 5.22383494222e-24], "var": [8.83386007899e-07, 4.04420006817e-06, 1.25342035062e-06, 4.53751590612e-06, 1.02620754205e-06, 8.15609496385e-07, 1.21667494568e-06, 5.64926324387e-07, 3.93602135773e-07, 8.73268888313e-08, 6.88021239981e-09, 3.19288773198e-08, 2.03852810188e-08, 1.54686432552e-08, 4.74995731636e-09, 2.2940409572e-09, 1.93879023946e-09, 2.69516742257e-09, 3.89007381862e-10, 4.19575846289e-10, 3.05083541763e-10, 2.46792641878e-10, 2.01907102149e-10, 2.29325489154e-10, 6.89370088791e-11, 3.7042921508e-10, 8.116941147e-11, 2.81037693117e-11, 2.35633370455e-11, 1.99875879736e-11, 1.05610008586e-11, 3.35553945741e-11, 9.82192799315e-12, 1.26690619801e-11, 2.05366921385e-11, 1.379088857e-11, 1.37144462453e-11, 5.74911854234e-11, 8.38538682935e-11, 1.32146047577e-11]}, "mfcc": {"mean": [-634.194030762, 91.3346405029, 6.54401397705, 11.3203487396, 0.442251205444, -3.43840551376, -6.49478435516, -7.40896034241, -7.17212581635, -0.769722163677, 2.12829256058, 2.52912449837, 2.23743653297], "cov": [[12426.5126953, 1630.30029297, 695.625183105, 201.078552246, 74.5621795654, -39.7808876038, -99.9812545776, -103.67880249, -77.4679031372, 113.340621948, 152.50642395, 2.92539834976, -121.017150879], [1630.30029297, 2136.7590332, 414.946990967, 500.539093018, 302.459350586, 350.211212158, 270.784057617, 251.468612671, 247.710067749, 174.829406738, 106.955589294, 32.8222465515, -117.952232361], [695.625183105, 414.946990967, 510.218536377, 239.200973511, 240.689178467, 172.475463867, 185.929916382, 150.077682495, 144.660964966, 154.207992554, 107.572410583, 26.3809947968, -35.0369987488], [201.078552246, 500.539093018, 239.200973511, 241.911514282, 170.635101318, 161.1118927, 130.809936523, 107.337234497, 110.522598267, 82.8914108276, 64.9673309326, 27.9029788971, -14.4234647751], [74.5621795654, 302.459350586, 240.689178467, 170.635101318, 198.872421265, 143.678710938, 141.674926758, 105.016052246, 95.5913467407, 90.0510406494, 48.9033737183, 10.1318407059, -12.3678073883], [-39.7808876038, 350.211212158, 172.475463867, 161.1118927, 143.678710938, 172.646759033, 132.74710083, 101.704963684, 85.7065429688, 57.3907546997, 33.3316497803, 10.3182735443, -9.50250434875], [-99.9812545776, 270.784057617, 185.929916382, 130.809936523, 141.674926758, 132.74710083, 167.101211548, 127.609573364, 107.128540039, 68.3372497559, 26.2177562714, -8.05986213684, -7.18591117859], [-103.67880249, 251.468612671, 150.077682495, 107.337234497, 105.016052246, 101.704963684, 127.609573364, 150.383346558, 138.57093811, 98.5500640869, 38.1882247925, 0.817230761051, -18.0413398743], [-77.4679031372, 247.710067749, 144.660964966, 110.522598267, 95.5913467407, 85.7065429688, 107.128540039, 138.57093811, 193.755859375, 160.39175415, 97.6342163086, 14.1460914612, -39.7442741394], [113.340621948, 174.829406738, 154.207992554, 82.8914108276, 90.0510406494, 57.3907546997, 68.3372497559, 98.5500640869, 160.39175415, 210.674362183, 154.082443237, 58.002155304, -28.1043643951], [152.50642395, 106.955589294, 107.572410583, 64.9673309326, 48.9033737183, 33.3316497803, 26.2177562714, 38.1882247925, 97.6342163086, 154.082443237, 181.708312988, 119.108901978, 33.3501205444], [2.92539834976, 32.8222465515, 26.3809947968, 27.9029788971, 10.1318407059, 10.3182735443, -8.05986213684, 0.817230761051, 14.1460914612, 58.002155304, 119.108901978, 158.102279663, 113.065460205], [-121.017150879, -117.952232361, -35.0369987488, -14.4234647751, -12.3678073883, -9.50250434875, -7.18591117859, -18.0413398743, -39.7442741394, -28.1043643951, 33.3501205444, 113.065460205, 171.99508667]], "icov": [[0.000130602711579, -0.000197921835934, -0.000391266745282, 0.000247153977398, 6.33508825558e-05, 0.000135065565701, 0.000404226564569, 8.66930622578e-06, 0.000230559438933, -1.91849430848e-05, -0.000368316337699, 0.000560856075026, -0.000320136197843], [-0.000197921835934, 0.00138528877869, 0.000871326425113, -0.00298185017891, 0.000984930200502, -0.000504305295181, -0.0012845764868, -0.000362168502761, 0.000152663502377, -0.000616743345745, 0.00159612006973, -0.00228664861061, 0.00181769672781], [-0.000391266745282, 0.000871326425113, 0.00707549322397, -0.0041543263942, -0.00411593634635, 0.00203133630566, -0.00335703254677, -0.00317691476084, 0.00323734921403, -0.000744109216612, -0.00202500843443, -0.000767328077927, 0.00228154007345], [0.000247153977398, -0.00298185017891, -0.0041543263942, 0.024652114138, -0.0106599032879, -0.00833557732403, 0.00742915505543, 0.00138347537722, -0.00896348617971, 0.010409030132, -0.00652309693396, 0.00156660785433, -0.00155694584828], [6.33508825558e-05, 0.000984930200502, -0.00411593634635, -0.0106599032879, 0.0291794836521, -0.00576472189277, -0.0131395123899, 0.00654487824067, 0.00558331469074, -0.0146893942729, 0.0104185510427, -0.0022703204304, -0.000732881308068], [0.000135065565701, -0.000504305295181, 0.00203133630566, -0.00833557732403, -0.00576472189277, 0.0258252602071, -0.0109693743289, -0.00285311508924, 0.00306958681904, 0.00214118184522, -0.00112356164027, -0.00292877852917, 0.00292103528045], [0.000404226564569, -0.0012845764868, -0.00335703254677, 0.00742915505543, -0.0131395123899, -0.0109693743289, 0.0422713197768, -0.0233062226325, -0.000401856697863, 0.0112729230896, -0.0148124620318, 0.0172881446779, -0.00963036343455], [8.66930622578e-06, -0.000362168502761, -0.00317691476084, 0.00138347537722, 0.00654487824067, -0.00285311508924, -0.0233062226325, 0.0536123178899, -0.0283900406212, -0.0121998591349, 0.0289800465107, -0.0170123055577, 0.00119989702944], [0.000230559438933, 0.000152663502377, 0.00323734921403, -0.00896348617971, 0.00558331469074, 0.00306958681904, -0.000401856697863, -0.0283900406212, 0.0420457646251, -0.0147513747215, -0.0134957358241, 0.0130281122401, -0.000891034724191], [-1.91849430848e-05, -0.000616743345745, -0.000744109216612, 0.010409030132, -0.0146893942729, 0.00214118184522, 0.0112729230896, -0.0121998591349, -0.0147513747215, 0.0423680357635, -0.0313889309764, 0.00652658520266, 0.00384841044433], [-0.000368316337699, 0.00159612006973, -0.00202500843443, -0.00652309693396, 0.0104185510427, -0.00112356164027, -0.0148124620318, 0.0289800465107, -0.0134957358241, -0.0313889309764, 0.0592608973384, -0.0382632575929, 0.00839898362756], [0.000560856075026, -0.00228664861061, -0.000767328077927, 0.00156660785433, -0.0022703204304, -0.00292877852917, 0.0172881446779, -0.0170123055577, 0.0130281122401, 0.00652658520266, -0.0382632575929, 0.0506539866328, -0.0243881847709], [-0.000320136197843, 0.00181769672781, 0.00228154007345, -0.00155694584828, -0.000732881308068, 0.00292103528045, -0.00963036343455, 0.00119989702944, -0.000891034724191, 0.00384841044433, 0.00839898362756, -0.0243881847709, 0.0218283962458]]}, "spectral_contrast_coeffs": {"dmean": [0.0667141154408, 0.0626670867205, 0.0547480471432, 0.0522025711834, 0.0465577319264, 0.0467425584793], "dmean2": [0.0994908213615, 0.0979591086507, 0.0834918692708, 0.0811641439795, 0.0712044984102, 0.0755666643381], "dvar": [0.00510513037443, 0.00511367060244, 0.0037872469984, 0.00410423846915, 0.00336433411576, 0.00300779053941], "dvar2": [0.00978040043265, 0.010495482944, 0.00709857419133, 0.0074457526207, 0.00549423089251, 0.00407456792891], "max": [-0.193798661232, -0.213685959578, -0.307199954987, -0.370611846447, -0.434460192919, -0.545292377472], "mean": [-0.631457090378, -0.625909209251, -0.71663081646, -0.730019748211, -0.725799977779, -0.725928723812], "median": [-0.662716031075, -0.637353718281, -0.736131072044, -0.75103032589, -0.743576645851, -0.727991759777], "min": [-0.979359567165, -0.97699213028, -0.979610800743, -0.979290485382, -0.970043003559, -0.965120851994], "var": [0.0241160560399, 0.0203067734838, 0.0140250418335, 0.0124796284363, 0.00985016766936, 0.00700482772663]}, "spectral_contrast_valleys": {"dmean": [0.74782449007, 0.662544608116, 0.65672904253, 0.671515345573, 0.786450982094, 1.06318879128], "dmean2": [1.09368824959, 1.01008081436, 0.978382408619, 1.01370239258, 1.146235466, 1.54574871063], "dvar": [0.778087377548, 0.852011561394, 0.810884594917, 0.966558992863, 0.949680447578, 1.26102852821], "dvar2": [1.4148375988, 1.49696779251, 1.31252503395, 1.45559430122, 1.31348443031, 1.49369180202], "max": [-5.75259971619, -4.61351680756, -5.74836683273, -6.35526132584, -6.29124975204, -7.86549806595], "mean": [-8.19453811646, -7.43556022644, -8.20824337006, -8.51648807526, -8.53858089447, -10.7623624802], "median": [-7.12637472153, -6.47127580643, -7.32111406326, -7.60102844238, -7.96679210663, -10.7634038925], "min": [-28.0772399902, -28.3043689728, -28.0444049