{"lowlevel": {"average_loudness": 0.909474015236, "barkbands_crest": {"dmean": 3.16226434708, "dmean2": 4.81482648849, "dvar": 13.3895530701, "dvar2": 29.1896858215, "max": 26.5170001984, "mean": 16.8533172607, "median": 18.6910057068, "min": 2.18360280991, "var": 51.5146141052}, "barkbands_flatness_db": {"dmean": 0.0517152138054, "dmean2": 0.071256108582, "dvar": 0.00359704624861, "dvar2": 0.00702886329964, "max": 1, "mean": 0.235835239291, "median": 0.212300509214, "min": 0.0114699043334, "var": 0.0189198590815}, "barkbands_kurtosis": {"dmean": 49.4355354309, "dmean2": 72.1469116211, "dvar": 40444.203125, "dvar2": 80803.25, "max": 5506.07861328, "mean": 72.293800354, "median": 8.62007713318, "min": -1.98009431362, "var": 77563.3984375}, "barkbands_skewness": {"dmean": 1.94237041473, "dmean2": 2.75856900215, "dvar": 8.98904418945, "dvar2": 18.3366298676, "max": 61.2265625, "mean": 4.18663167953, "median": 2.72557401657, "min": -14.5972604752, "var": 30.1979370117}, "barkbands_spread": {"dmean": 13.4386301041, "dmean2": 20.2413387299, "dvar": 399.559509277, "dvar2": 809.688964844, "max": 142.379943848, "mean": 27.0845909119, "median": 11.3377552032, "min": 0.0197189860046, "var": 1022.28979492}, "dissonance": {"dmean": 0.0257487185299, "dmean2": 0.0428666435182, "dvar": 0.0012144302018, "dvar2": 0.00319831445813, "max": 0.500000119209, "mean": 0.450680971146, "median": 0.467805743217, "min": 0.0338203646243, "var": 0.00306361285038}, "dynamic_complexity": 2.89074206352, "erbbands_crest": {"dmean": 2.91059112549, "dmean2": 4.61739349365, "dvar": 8.28434753418, "dvar2": 18.6104373932, "max": 29.0878143311, "mean": 9.34254646301, "median": 8.2791557312, "min": 1.8846373558, "var": 22.3664894104}, "erbbands_flatness_db": {"dmean": 0.0315182171762, "dmean2": 0.0439480282366, "dvar": 0.00145301257726, "dvar2": 0.00271818065085, "max": 0.583051681519, "mean": 0.149867713451, "median": 0.128431603312, "min": 0.0220199264586, "var": 0.007113088388}, "erbbands_kurtosis": {"dmean": 3.38911652565, "dmean2": 5.3570857048, "dvar": 163.442337036, "dvar2": 343.663024902, "max": 555.792175293, "mean": 3.95573377609, "median": 0.373271107674, "min": -1.97438263893, "var": 466.765350342}, "erbbands_skewness": {"dmean": 0.706504464149, "dmean2": 1.06159615517, "dvar": 0.858243823051, "dvar2": 1.97793281078, "max": 17.0539951324, "mean": 0.261756300926, "median": 0.211733132601, "min": -7.86005496979, "var": 2.79670810699}, "erbbands_spread": {"dmean": 19.3204231262, "dmean2": 28.8445320129, "dvar": 544.695068359, "dvar2": 1187.07531738, "max": 278.136199951, "mean": 52.9196052551, "median": 43.9347457886, "min": 0.367558687925, "var": 1446.70385742}, "hfc": {"dmean": 36.6752204895, "dmean2": 58.8326721191, "dvar": 4826.38476562, "dvar2": 11886.5673828, "max": 670.986328125, "mean": 47.4570045471, "median": 11.6075401306, "min": 1.18506725289e-16, "var": 6206.95556641}, "melbands_crest": {"dmean": 3.77664780617, "dmean2": 5.8760766983, "dvar": 18.5206508636, "dvar2": 45.5611572266, "max": 38.9155387878, "mean": 23.4085140228, "median": 26.0622386932, "min": 2.29507279396, "var": 72.8664779663}, "melbands_flatness_db": {"dmean": 0.0594166107476, "dmean2": 0.0818186178803, "dvar": 0.00458386726677, "dvar2": 0.00915678683668, "max": 1, "mean": 0.332634240389, "median": 0.317290961742, "min": 0.00747735798359, "var": 0.0275969654322}, "melbands_kurtosis": {"dmean": 59.8402175903, "dmean2": 87.167930603, "dvar": 20060.3457031, "dvar2": 48774.5351562, "max": 3761.00512695, "mean": 100.583885193, "median": 35.8451919556, "min": -1.94059479237, "var": 41900.2773438}, "melbands_skewness": {"dmean": 2.0927464962, "dmean2": 3.06738972664, "dvar": 7.21874380112, "dvar2": 16.5820674896, "max": 52.2072219849, "mean": 6.00638532639, "median": 4.8828458786, "min": -3.8239159584, "var": 26.4799995422}, "melbands_spread": {"dmean": 9.20193958282, "dmean2": 14.4375715256, "dvar": 296.274810791, "dvar2": 640.480163574, "max": 317.393127441, "mean": 18.8874568939, "median": 6.49177980423, "min": 0.0561271123588, "var": 1036.58557129}, "pitch_salience": {"dmean": 0.104896835983, "dmean2": 0.158495783806, "dvar": 0.0141528649256, "dvar2": 0.0339149199426, "max": 0.974981486797, "mean": 0.388935685158, "median": 0.375470072031, "min": 0.00249056285247, "var": 0.0436520762742}, "silence_rate_20dB": {"dmean": 0, "dmean2": 0, "dvar": 0, "dvar2": 0, "max": 1, "mean": 1, "median": 1, "min": 1, "var": 0}, "silence_rate_30dB": {"dmean": 0.122934959829, "dmean2": 0.245882123709, "dvar": 0.107837036252, "dvar2": 0.214625000954, "max": 1, "mean": 0.827363848686, "median": 1, "min": 0, "var": 0.142827406526}, "silence_rate_60dB": {"dmean": 0.014287840575, "dmean2": 0.0285770986229, "dvar": 0.0140835829079, "dvar2": 0.0349971950054, "max": 1, "mean": 0.0318483971059, "median": 0, "min": 0, "var": 0.0308271814138}, "spectral_centroid": {"dmean": 417.080078125, "dmean2": 643.657165527, "dvar": 332657.6875, "dvar2": 696245.75, "max": 11405.5009766, "mean": 1380.92285156, "median": 938.682373047, "min": 52.1278343201, "var": 1507522.75}, "spectral_complexity": {"dmean": 4.32981109619, "dmean2": 6.74231004715, "dvar": 33.9364776611, "dvar2": 77.4383087158, "max": 58, "mean": 12.4478616714, "median": 11, "min": 0, "var": 84.2739486694}, "spectral_decrease": {"dmean": 5.30922195097e-09, "dmean2": 7.64695684552e-09, "dvar": 5.52545201006e-17, "dvar2": 1.44203944668e-16, "max": 9.65685753584e-10, "mean": -1.45301601862e-08, "median": -1.22948113912e-08, "min": -6.85678855916e-08, "var": 1.50499993505e-16}, "spectral_energy": {"dmean": 0.0219059064984, "dmean2": 0.0321858711541, "dvar": 0.000862671469804, "dvar2": 0.00229203584604, "max": 0.260200560093, "mean": 0.0591444820166, "median": 0.0515701323748, "min": 1.03870782041e-20, "var": 0.00225534406491}, "spectral_energyband_high": {"dmean": 0.00288803759031, "dmean2": 0.00453862734139, "dvar": 3.15615907311e-05, "dvar2": 7.4343464803e-05, "max": 0.0913139507174, "mean": 0.00383032090031, "median": 0.000223746610573, "min": 7.43504669686e-21, "var": 5.59173131478e-05}, "spectral_energyband_low": {"dmean": 0.0167591702193, "dmean2": 0.0227919947356, "dvar": 0.000579495856073, "dvar2": 0.00128998444416, "max": 0.259955763817, "mean": 0.0460024476051, "median": 0.0380600318313, "min": 4.07476823588e-23, "var": 0.00191001803614}, "spectral_energyband_middle_high": {"dmean": 0.00248982850462, "dmean2": 0.0045508784242, "dvar": 4.00486933358e-05, "dvar2": 0.000116200470075, "max": 0.0593446083367, "mean": 0.0027187934611, "median": 0.0012414783705, "min": 1.66796679118e-21, "var": 2.65622693405e-05}, "spectral_energyband_middle_low": {"dmean": 0.00602137157694, "dmean2": 0.0105406818911, "dvar": 0.000250405573752, "dvar2": 0.000731283740606, "max": 0.143828690052, "mean": 0.00780448364094, "median": 0.0047541288659, "min": 1.95174537807e-22, "var": 0.000162752839969}, "spectral_entropy": {"dmean": 0.387937545776, "dmean2": 0.539194643497, "dvar": 0.259792864323, "dvar2": 0.496610045433, "max": 9.78681087494, "mean": 7.36754179001, "median": 7.49985265732, "min": 1.99251973629, "var": 1.05543959141}, "spectral_flux": {"dmean": 0.0427075363696, "dmean2": 0.0658189877868, "dvar": 0.0030774762854, "dvar2": 0.00576866138726, "max": 0.460992306471, "mean": 0.102216795087, "median": 0.0789243429899, "min": 1.01917016493e-10, "var": 0.00643052812666}, "spectral_kurtosis": {"dmean": 7.94183397293, "dmean2": 12.5892925262, "dvar": 1609.22106934, "dvar2": 4127.45166016, "max": 1548.54931641, "mean": 12.883436203, "median": 4.16835021973, "min": -1.63148641586, "var": 2574.0144043}, "spectral_rms": {"dmean": 0.00134808931034, "dmean2": 0.00194597709924, "dvar": 2.26171573559e-06, "dvar2": 5.87934164287e-06, "max": 0.0159328021109, "mean": 0.00686681782827, "median": 0.00709311803803, "min": 3.18335267001e-12, "var": 1.05487251858e-05}, "spectral_rolloff": {"dmean": 1579.953125, "dmean2": 2801.27001953, "dvar": 10962845, "dvar2": 24461368, "max": 19810.546875, "mean": 2493.9230957, "median": 215.33203125, "min": 43.06640625, "var": 17681946}, "spectral_skewness": {"dmean": 0.57725417614, "dmean2": 0.865753948689, "dvar": 1.39740037918, "dvar2": 3.04205060005, "max": 34.8379402161, "mean": 2.10364198685, "median": 1.70299720764, "min": -0.772431373596, "var": 4.82358646393}, "spectral_spread": {"dmean": 1917719.875, "dmean2": 2671099, "dvar": 8095174492160.0, "dvar2": 13830001262600.0, "max": 41402212, "mean": 6995863, "median": 5623697.5, "min": 71588.6640625, "var": 24250394083300.0}, "spectral_strongpeak": {"dmean": 0.280525684357, "dmean2": 0.452621519566, "dvar": 0.701639652252, "dvar2": 1.92652642727, "max": 24.5516300201, "mean": 0.659258723259, "median": 0.563726425171, "min": 0, "var": 0.854578733444}, "zerocrossingrate": {"dmean": 0.0273318309337, "dmean2": 0.0310037769377, "dvar": 0.00142249441706, "dvar2": 0.00176807143725, "max": 0.7216796875, "mean": 0.0741795822978, "median": 0.03369140625, "min": 0.001953125, "var": 0.00788917858154}, "barkbands": {"dmean": [0.000862906803377, 0.0153224933892, 0.00345833669417, 0.00264237914234, 0.00203545228578, 0.000536568695679, 0.00052602426149, 0.000301871012198, 0.000763319490943, 0.000674785755109, 0.000454670953332, 0.00036735102185, 0.000303836190142, 0.000198285109946, 0.000146258520545, 0.000196346722078, 0.000213129387703, 0.000226051663049, 0.000172123589437, 0.000283073517494, 0.000171638268512, 0.000406263978221, 0.000245953007834, 0.000213827719563, 0.000712376902811, 0.00100070319604, 0.000333095114911], "dmean2": [0.000997958821245, 0.0201607700437, 0.00625739339739, 0.0046378117986, 0.00354685191996, 0.000937453354709, 0.000934294017497, 0.000512800412253, 0.00136037683114, 0.00121964141726, 0.00083802716108, 0.000680340803228, 0.000555669772439, 0.000365916581359, 0.000249808363151, 0.000339089427143, 0.000390953675378, 0.000390492787119, 0.000302106898744, 0.000454559747595, 0.000276879902231, 0.000614568358287, 0.000375628937036, 0.000326813489664, 0.00118001282681, 0.00160552305169, 0.000527026772033], "dvar": [1.90830996871e-06, 0.000524008646607, 0.000174989836523, 6.16136749159e-05, 2.46417366725e-05, 2.05215610549e-06, 2.43944487011e-06, 3.38112158715e-07, 3.98970769311e-06, 4.02794921683e-06, 1.72769512119e-06, 9.58643795457e-07, 7.93476374383e-07, 5.77581829475e-07, 1.92783872421e-07, 2.05743376114e-07, 1.12314410217e-06, 6.89546141075e-07, 3.41124376746e-07, 9.1689241799e-07, 2.09387181371e-07, 2.47453112934e-06, 4.4803616106e-07, 3.43203680586e-07, 2.58990462498e-06, 5.59645741305e-06, 6.55641258618e-07], "dvar2": [2.57296233031e-06, 0.00106136139948, 0.000493399158586, 0.00018470264331, 7.01981771272e-05, 5.84280132898e-06, 7.02363740857e-06, 8.99942904198e-07, 1.13256628538e-05, 1.16779310702e-05, 5.00197711517e-06, 2.76089258477e-06, 2.29885927183e-06, 1.6866107444e-06, 5.34681987574e-07, 5.64910237699e-07, 3.30390344061e-06, 1.8930004444e-06, 1.02145565961e-06, 2.39109203903e-06, 5.41082897598e-07, 5.74470413994e-06, 1.01664943486e-06, 8.62072397467e-07, 6.66602591082e-06, 1.37386605275e-05, 1.63574691214e-06], "max": [0.0228349268436, 0.250351935625, 0.139706000686, 0.0826810225844, 0.0639077052474, 0.0188529249281, 0.0168369170278, 0.00907711777836, 0.0201324149966, 0.0200194045901, 0.0135291181505, 0.0111155677587, 0.0100110713392, 0.0119152693078, 0.00637982785702, 0.0106191718951, 0.0165636911988, 0.0315822437406, 0.0182344093919, 0.0440487489104, 0.00856414251029, 0.0635479018092, 0.0182420983911, 0.0247134659439, 0.0205435100943, 0.0271838214248, 0.00792414695024], "mean": [0.0017965415027, 0.0406291261315, 0.00247116899118, 0.0030548137147, 0.00256844656542, 0.000556201150175, 0.000464890821604, 0.000336627505021, 0.00064935098635, 0.000573090976104, 0.000349247653503, 0.000279580010101, 0.000264146976406, 0.000154839231982, 0.000172426181962, 0.000241164118052, 0.000173835534952, 0.000251250021392, 0.000173765482032, 0.000417808972998, 0.000216254396946, 0.00064915092662, 0.00036524317693, 0.000291710079182, 0.000737555499654, 0.000997296185233, 0.000308990041958], "median": [0.000823770300485, 0.0303487610072, 0.000344138825312, 0.000714675057679, 0.00116754416376, 0.000228414515732, 0.000133911686135, 0.000127877341583, 0.00014731020201, 0.000158912545885, 7.55733635742e-05, 7.70913247834e-05, 4.85910059069e-05, 3.79621596949e-05, 3.87348918593e-05, 3.78231707145e-05, 2.97078258882e-05, 3.27146481141e-05, 2.54506412602e-05, 2.01615184778e-05, 1.30625376187e-05, 1.41944274219e-05, 1.12450525194e-05, 1.20320746646e-05, 2.74352205452e-05, 1.47514065247e-05, 2.14168380808e-06], "min": [4.9393932357e-23, 5.82558316832e-24, 4.03263801483e-24, 8.82014176303e-24, 2.68405884034e-23, 3.48557875428e-23, 2.78689537903e-23, 2.1183808847e-23, 6.21416910826e-23, 5.96184153476e-23, 3.18000370076e-23, 1.64423830953e-22, 1.08040243877e-22, 1.45357378419e-22, 1.37619549084e-22, 1.62379431653e-22, 2.21411900053e-22, 2.28600707441e-22, 2.74869532612e-22, 3.45222041406e-22, 4.41213009247e-22, 3.92558290045e-22, 5.96420041819e-22, 6.56419161439e-22, 1.10033156435e-21, 1.76304621447e-21, 2.48349609225e-21], "var": [7.65949880588e-06, 0.00163217214867, 0.000105653351056, 4.12048611906e-05, 2.05542582989e-05, 1.37374206588e-06, 1.50638641117e-06, 3.37682052987e-07, 2.63782112597e-06, 2.41089128394e-06, 1.00437273431e-06, 5.62636330415e-07, 5.08965626977e-07, 3.27062224414e-07, 1.7983934697e-07, 2.5643078061e-07, 6.21834146841e-07, 6.82108804995e-07, 2.59661845803e-07, 1.80202755473e-06, 3.55061501978e-07, 6.27483632343e-06, 1.11414396997e-06, 6.91952777743e-07, 2.85129908661e-06, 5.9093595155e-06, 6.13817974227e-07]}, "erbbands": {"dmean": [0.684841096401, 2.78166508675, 3.72507619858, 6.38658618927, 8.93572807312, 5.96959018707, 4.48452854156, 4.15431308746, 6.99294900894, 6.97806596756, 7.96478652954, 18.832075119, 17.8529319763, 20.3932647705, 18.9976520538, 14.4591608047, 14.239780426, 11.9777336121, 10.04205513, 6.80045700073, 8.73489952087, 12.4148921967, 13.3322916031, 9.85415267944, 7.73392152786, 15.1272554398, 9.85711574554, 6.81210708618, 14.12159729, 10.2896337509, 6.7015914917, 4.89180850983, 3.70342040062, 5.19559288025, 6.79127979279, 3.86012721062, 1.91202735901, 0.511725068092, 0.0545423813164, 0.00252988515422], "dmean2": [0.841792345047, 3.86758899689, 6.2168636322, 11.5160827637, 15.4933300018, 10.3535938263, 8.23753166199, 7.11879968643, 12.0566711426, 12.5720777512, 13.4370212555, 33.3221893311, 32.5185203552, 37.2691612244, 34.7089157104, 26.8284626007, 25.9813117981, 22.0648155212, 17.3486785889, 11.8779792786, 15.3716306686, 22.9729728699, 23.3289203644, 16.8076076508, 13.4212284088, 24.6486091614, 15.8219594955, 10.6936855316, 21.3652801514, 15.2639751434, 10.3511238098, 7.52175235748, 5.76593875885, 8.45829391479, 11.4612789154, 6.2028594017, 3.08178400993, 0.820065200329, 0.0864648446441, 0.00412335479632], "dvar": [0.943857312202, 21.4076385498, 146.792572021, 516.131225586, 402.787322998, 255.974868774, 213.441009521, 96.6563034058, 357.194580078, 370.373382568, 251.804458618, 2245.15844727, 2990.84716797, 4030.76367188, 2635.49951172, 1507.40234375, 1652.93481445, 1335.10668945, 1014.88586426, 360.899688721, 421.008666992, 4437.51269531, 2634.37646484, 924.296203613, 680.055603027, 2724.25292969, 907.447814941, 414.22354126, 3135.33227539, 1177.07067871, 340.336608887, 172.209732056, 158.055557251, 122.229598999, 258.081420898, 75.8224563599, 21.0712947845, 1.73702979088, 0.018207827583, 3.87039763154e-05], "dvar2": [1.67759311199, 46.4806785583, 390.64175415, 1515.46520996, 1183.00488281, 717.316833496, 621.170227051, 268.675048828, 1013.10198975, 1066.04382324, 668.790588379, 6321.97119141, 8667.02539062, 11697.6904297, 7592.69921875, 4337.50048828, 4779.92382812, 3878.45532227, 2863.56054688, 1030.36450195, 1196.87255859, 13076.2519531, 7431.87597656, 2550.22949219, 2063.06274414, 7366.41015625, 2364.93676758, 975.536499023, 7296.09228516, 2651.69677734, 797.285400391, 424.966308594, 441.344177246, 303.385467529, 677.487304688, 182.358352661, 52.0549583435, 4.28880500793, 0.0452519208193, 0.000101143661595], "max": [10.1272611618, 45.977809906, 142.287124634, 231.971954346, 212.424285889, 240.839172363, 156.070953369, 134.715438843, 229.132598877, 215.874008179, 248.600875854, 562.911560059, 574.920715332, 642.128356934, 520.932983398, 410.228149414, 439.913116455, 478.3722229, 491.117034912, 432.501831055, 299.110931396, 1049.3236084, 2114.47705078, 1287.14538574, 411.616333008, 1833.6171875, 1040.39953613, 797.974243164, 2235.9453125, 1154.98327637, 458.005950928, 430.026031494, 721.589904785, 151.768325806, 190.764297485, 87.994140625, 48.0683174133, 14.6331987381, 1.35581922531, 0.0744652301073], "mean": [1.71509873867, 6.94773387909, 3.97376155853, 6.24266624451, 11.9040203094, 7.2270693779, 4.09602928162, 4.59043073654, 6.74711799622, 6.57397270203, 8.52594852448, 16.5132770538, 14.9402132034, 16.6093902588, 15.691321373, 11.1534061432, 12.4366397858, 10.228269577, 11.1463985443, 8.50074291229, 10.3849802017, 10.0537204742, 14.0698280334, 11.7614908218, 8.18156814575, 21.8979282379, 14.1128320694, 9.55294418335, 22.3568096161, 16.3436851501, 9.75362873077, 6.85895490646, 4.71814537048, 5.40969944, 6.92055416107, 4.20225381851, 1.80084037781, 0.458739489317, 0.0508378520608, 0.002544894116], "median": [1.27958476543, 5.01098918915, 1.5846145153, 1.66749072075, 6.31973743439, 2.02699327469, 1.74409103394, 1.82682192326, 1.99018526077, 2.54833507538, 2.91123890877, 4.13195610046, 4.21790981293, 4.24796772003, 4.10765075684, 3.28796982765, 2.55644321442, 3.01536297798, 2.46475410461, 1.78415441513, 2.232432127, 1.78412032127, 2.04272770882, 1.47017645836, 1.28554320335, 1.05382561684, 0.689782619476, 0.473631322384, 0.499007403851, 0.41268864274, 0.303469061852, 0.249876230955, 0.210208564997, 0.259184241295, 0.205984607339, 0.0862300246954, 0.0216751582921, 0.00330808875151, 0.00038086209679, 0.000140654519782], "min": [5.48405196096e-22, 5.97713824191e-22, 5.28337382461e-21, 2.19823877865e-20, 1.26989987407e-20, 7.36760336572e-20, 2.86171197924e-19, 3.00744000667e-19, 3.95015371086e-19, 3.26344129101e-19, 7.09543845522e-19, 1.47148224162e-18, 1.51130064836e-18, 1.80582833502e-18, 2.51425352216e-18, 6.94249792984e-18, 4.25725335376e-18, 7.26476336058e-18, 9.34060371347e-18, 6.69914925184e-18, 9.50336638824e-18, 1.01190658695e-17, 1.03686229516e-17, 1.52799234662e-17, 1.49285470681e-17, 1.62128491939e-17, 2.16704446004e-17, 1.32407090165e-17, 1.49778007105e-17, 1.25987151179e-17, 1.96455908333e-17, 1.54387636505e-17, 9.21599226291e-18, 9.27420509852e-18, 9.59169852431e-18, 5.54461563418e-18, 3.73910824524e-18, 1.304890341e-18, 3.07030625021e-19, 4.04959613625e-20], "var": [3.09845614433, 54.7750587463, 111.795677185, 302.002197266, 318.258270264, 232.272644043, 121.615310669, 76.7599334717, 245.51725769, 230.119033813, 235.824981689, 1567.80419922, 1787.42114258, 2369.10424805, 1607.43640137, 883.94720459, 1067.09631348, 791.584777832, 833.686096191, 330.113891602, 402.166748047, 2413.50024414, 2233.53833008, 1026.14611816, 507.532836914, 4946.32470703, 1850.9798584, 845.395996094, 7590.51953125, 3209.15258789, 756.509155273, 378.76651001, 209.450286865, 146.608459473, 277.615844727, 97.655456543, 20.5403804779, 1.60113465786, 0.0171718150377, 3.55699012289e-05]}, "gfcc": {"mean": [-42.3216018677, 75.3277435303, -63.9922180176, 29.5803337097, -27.4486370087, 20.7258796692, -16.6767616272, 15.8435144424, -17.9710559845, 5.17151355743, -13.7910614014, 1.73967921734, -7.04029130936], "cov": [[18773.7636719, -3449.95239258, -642.942749023, -553.421020508, -1413.17150879, 152.936553955, -707.138793945, 339.636108398, -685.490539551, 237.494003296, -607.375610352, 269.839416504, -353.125], [-3449.95239258, 5409.44140625, -592.679992676, -161.843292236, 517.262268066, -474.993988037, 181.997177124, -383.196868896, 187.467758179, -356.456604004, 283.571380615, -317.708862305, 233.475662231], [-642.942749023, -592.679992676, 2936.84790039, 10.2343940735, 362.80569458, 240.555465698, 84.0996322632, 175.145217896, -112.439949036, 213.669692993, -91.2935562134, 181.104690552, -20.1727199554], [-553.421020508, -161.843292236, 10.2343940735, 1601.65344238, 152.374771118, 174.711410522, 222.040084839, 3.56553483009, 255.067367554, -63.2937088013, 127.964775085, -38.4279136658, 72.7791976929], [-1413.17150879, 517.262268066, 362.80569458, 152.374771118, 777.518188477, 77.0842971802, 169.969039917, 53.1601066589, 128.414810181, 58.2421379089, 78.5567398071, 15.2767543793, 39.5219345093], [152.936553955, -474.993988037, 240.555465698, 174.711410522, 77.0842971802, 408.082366943, 70.9687194824, 144.104324341, 48.5257415771, 122.890792847, 12.683016777, 65.4231491089, 6.30871391296], [-707.138793945, 181.997177124, 84.0996322632, 222.040084839, 169.969039917, 70.9687194824, 275.183868408, 17.5627937317, 108.835426331, 12.8382396698, 75.7875442505, -5.72019004822, 17.3131465912], [339.636108398, -383.196868896, 175.145217896, 3.56553483009, 53.1601066589, 144.104324341, 17.5627937317, 249.589492798, 7.98843860626, 116.814781189, -0.203656345606, 63.4427070618, -2.72289419174], [-685.490539551, 187.467758179, -112.439949036, 255.067367554, 128.414810181, 48.5257415771, 108.835426331, 7.98843860626, 204.431915283, 0.982934236526, 84.3331222534, -14.2358160019, 42.8386993408], [237.494003296, -356.456604004, 213.669692993, -63.2937088013, 58.2421379089, 122.890792847, 12.8382396698, 116.814781189, 0.982934236526, 168.404815674, 4.30855035782, 63.2820663452, -19.0070095062], [-607.375610352, 283.571380615, -91.2935562134, 127.964775085, 78.5567398071, 12.683016777, 75.7875442505, -0.203656345606, 84.3331222534, 4.30855035782, 127.628837585, -9.7542181015, 32.6327705383], [269.839416504, -317.708862305, 181.104690552, -38.4279136658, 15.2767543793, 65.4231491089, -5.72019004822, 63.4427070618, -14.2358160019, 63.2820663452, -9.7542181015, 93.0038604736, -7.90786218643], [-353.125, 233.475662231, -20.1727199554, 72.7791976929, 39.5219345093, 6.30871391296, 17.3131465912, -2.72289419174, 42.8386993408, -19.0070095062, 32.6327705383, -7.90786218643, 74.9990234375]], "icov": [[8.28509510029e-05, -8.2271503743e-07, 4.10293177993e-05, -4.1346927901e-05, 8.95341217984e-05, -1.00310371636e-05, 6.0971306084e-05, -7.85037991591e-05, 0.000122984783957, -8.19299602881e-05, 0.00024215009762, -0.000176474291948, 0.00016557201161], [-8.2271503743e-07, 0.000374337367248, -1.49374282046e-05, 0.000161590767675, -0.00023379092454, 0.000165248871781, -9.04770495254e-05, 0.000162467127666, 7.10219464963e-05, 0.000342631945387, -0.000619916245341, 0.000828271207865, -0.000790615915321], [4.10293177993e-05, -1.49374282046e-05, 0.000484214018798, -9.38872835832e-05, -0.000168228565599, -6.41713049845e-05, -0.000172512009158, 1.51264630404e-05, 0.000498779758345, -0.000392819783883, 0.000535606057383, -0.000708337523974, -9.67309024418e-05], [-4.1346927901e-05, 0.000161590767675, -9.38872835832e-05, 0.000974612659775, -7.81950875535e-05, -0.000340231868904, -0.000325912726112, 3.82484831789e-05, -0.000859977968503, 0.000895023113117, -0.000619254366029, 0.000618025253061, -0.000469643127872], [8.95341217984e-05, -0.00023379092454, -0.000168228565599, -7.81950875535e-05, 0.00194929109421, -1.22465125969e-05, -0.00052367139142, -0.000270331569482, -0.000647903303616, -0.000658059376292, 0.000360868725693, -0.000514235289302, 0.000256954517681], [-1.00310371636e-05, 0.000165248871781, -6.41713049845e-05, -0.000340231868904, -1.22465125969e-05, 0.0039271870628, -0.000619301805273, -0.000958597694989, -0.000322100269841, -0.00177293922752, 0.000338359212037, -0.000452842010418, -0.000924793712329], [6.0971306084e-05, -9.04770495254e-05, -0.000172512009158, -0.000325912726112, -0.00052367139142, -0.000619301805273, 0.00561129674315, -0.000134243906359, -0.00154936709441, 0.000258314277744, -0.00161649251822, 0.000222447124543, 0.0015436927788], [-7.85037991591e-05, 0.000162467127666, 1.51264630404e-05, 3.82484831789e-05, -0.000270331569482, -0.000958597694989, -0.000134243906359, 0.0066983406432, -1.46488619066e-05, -0.00313399662264, -4.68383259431e-05, -0.00107408105396, -0.00128992763348], [0.000122984783957, 7.10219464963e-05, 0.000498779758345, -0.000859977968503, -0.000647903303616, -0.000322100269841, -0.00154936709441, -1.46488619066e-05, 0.00950307119638, -0.000764755997807, -0.0026200003922, 0.000303215783788, -0.00239761732519], [-8.19299602881e-05, 0.000342631945387, -0.000392819783883, 0.000895023113117, -0.000658059376292, -0.00177293922752, 0.000258314277744, -0.00313399662264, -0.000764755997807, 0.0126707479358, -0.00265588820912, -0.00276038981974, 0.00240843533538], [0.00024215009762, -0.000619916245341, 0.000535606057383, -0.000619254366029, 0.000360868725693, 0.000338359212037, -0.00161649251822, -4.68383259431e-05, -0.0026200003922, -0.00265588820912, 0.0141587145627, -0.00172470079269, -0.00155121460557], [-0.000176474291948, 0.000828271207865, -0.000708337523974, 0.000618025253061, -0.000514235289302, -0.000452842010418, 0.000222447124543, -0.00107408105396, 0.000303215783788, -0.00276038981974, -0.00172470079269, 0.0184379573911, -0.0021591228433], [0.00016557201161, -0.000790615915321, -9.67309024418e-05, -0.000469643127872, 0.000256954517681, -0.000924793712329, 0.0015436927788, -0.00128992763348, -0.00239761732519, 0.00240843533538, -0.00155121460557, -0.0021591228433, 0.0189703926444]]}, "melbands": {"dmean": [0.00498386239633, 0.00218379520811, 0.00120165024418, 0.000544757815078, 0.000163767923368, 9.61397308856e-05, 0.00010876347369, 7.33308552299e-05, 7.4420699093e-05, 0.000117349445645, 8.94339827937e-05, 8.51379736559e-05, 6.31714283372e-05, 4.33895002061e-05, 3.20655417454e-05, 3.30156253767e-05, 2.11870938074e-05, 1.68175956787e-05, 7.71267787059e-06, 1.57485537784e-05, 8.53397978062e-06, 1.28080391733e-05, 1.21111570479e-05, 1.2208552107e-05, 8.12239886727e-06, 5.86927353652e-06, 7.01759154254e-06, 1.08564154289e-05, 8.42610097607e-06, 3.05750859297e-06, 4.86022781843e-06, 8.78809714777e-06, 8.91834497452e-06, 5.26987196281e-06, 4.28104840466e-06, 3.25445080307e-06, 3.0984535897e-06, 2.42775900006e-06, 3.1144395507e-06, 4.81597680846e-06], "dmean2": [0.00636641914025, 0.00323593523353, 0.00213014008477, 0.000939074787311, 0.000299263308989, 0.0001649895421, 0.000189133032109, 0.000131254259031, 0.000125904669403, 0.000209013087442, 0.000163001823239, 0.000155479385285, 0.00011600288417, 7.99258341431e-05, 5.99953527853e-05, 5.97973739787e-05, 3.90136847273e-05, 2.92859604087e-05, 1.36650223794e-05, 2.6936224458e-05, 1.51765916598e-05, 2.36585947277e-05, 2.19731045945e-05, 2.08008768823e-05, 1.40006977745e-05, 1.03546490209e-05, 1.20190543385e-05, 1.76552621269e-05, 1.37245979204e-05, 4.90141792397e-06, 7.84623262007e-06, 1.36154121719e-05, 1.42372991832e-05, 8.07192009233e-06, 6.71019188303e-06, 5.10942845722e-06, 4.8655028877e-06, 3.74483170162e-06, 5.0006501624e-06, 7.8837347246e-06], "dvar": [5.2678227803e-05, 2.16092957999e-05, 1.48110848386e-05, 1.5872832364e-06, 2.7685567261e-07, 5.38757554125e-08, 9.10494435402e-08, 3.42587362923e-08, 2.21544205203e-08, 9.28762986518e-08, 7.60426104307e-08, 7.00273687926e-08, 3.25020046432e-08, 1.26123316235e-08, 9.14493902826e-09, 8.06432520761e-09, 4.7626240729e-09, 3.1798508271e-09, 7.74984854068e-10, 1.47914047677e-09, 4.31244595589e-10, 4.3901251523e-09, 3.05528891076e-09, 2.56936605325e-09, 7.26543825103e-10, 4.16187612151e-10, 4.89774165668e-10, 1.53990853402e-09, 9.06778985232e-10, 6.96889629337e-11, 3.11260101027e-10, 1.52841206358e-09, 1.49217849188e-09, 2.81800666135e-10, 1.6568908745e-10, 8.06496119887e-11, 8.99261290432e-11, 9.75591760155e-11, 4.64778597553e-11, 1.08656493525e-10], "dvar2": [0.00010188169108, 5.09080309712e-05, 4.33875102317e-05, 4.52423591923e-06, 8.02939950972e-07, 1.50252020603e-07, 2.59561062421e-07, 9.81005712219e-08, 5.99697074222e-08, 2.62701377096e-07, 2.20531049422e-07, 2.03007175514e-07, 9.40273636729e-08, 3.63372407719e-08, 2.64398618555e-08, 2.31768595427e-08, 1.38438140951e-08, 9.06586450355e-09, 2.25572382995e-09, 4.00070021556e-09, 1.2387272319e-09, 1.29039285923e-08, 9.00469299125e-09, 7.00117164243e-09, 2.03002148425e-09, 1.27569144137e-09, 1.4311479779e-09, 4.08791045459e-09, 2.44795272941e-09, 1.65127259089e-10, 7.76253616941e-10, 3.68836761133e-09, 4.03701427842e-09, 6.68334443343e-10, 4.1127792838e-10, 2.03799713216e-10, 2.32183175464e-10, 2.76083683692e-10, 1.15139835166e-10, 2.71277195152e-10], "max": [0.0785925835371, 0.0586961396039, 0.0392556115985, 0.0154417324811, 0.00544429803267, 0.00311083183624, 0.00348263792694, 0.00205443473533, 0.00185404589865, 0.00360440416262, 0.00289474078454, 0.00272233318537, 0.00182348513044, 0.00134027609602, 0.000958663353231, 0.00105839117896, 0.000987227074802, 0.000885789864697, 0.000438939488959, 0.00110185926314, 0.000365501822671, 0.00102308171336, 0.000910082366318, 0.00203613517806, 0.00131307926495, 0.000331786868628, 0.000916595978197, 0.00177686009556, 0.00115650892258, 9.89355612546e-05, 0.000801376241725, 0.00174651865382, 0.00126346596517, 0.00058278942015, 0.000306807516608, 0.000270350195933, 0.000299713632558, 0.00060008832952, 0.000213159481063, 0.000121578879771], "mean": [0.0131111359224, 0.00433770706877, 0.00133828062098, 0.000734674511477, 0.000154841254698, 0.000104029626527, 0.000102364596387, 7.13183617336e-05, 7.55439687055e-05, 0.000101424833701, 7.3615796282e-05, 6.85889390297e-05, 5.00210044265e-05, 3.51078342646e-05, 2.35613533732e-05, 2.97411825159e-05, 1.6870084437e-05, 1.76644698513e-05, 8.50871037983e-06, 1.94889944396e-05, 9.55272025749e-06, 1.00097149698e-05, 1.06023489934e-05, 1.38626173793e-05, 9.13939766178e-06, 5.53412291993e-06, 7.95307823864e-06, 1.57426711667e-05, 1.15242792162e-05, 3.49106016984e-06, 6.44800547889e-06, 1.34405190693e-05, 1.22349583762e-05, 7.72736257204e-06, 5.80932737648e-06, 4.45688283435e-06, 4.14318446929e-06, 3.09691290568e-06, 3.49313222614e-06, 4.80574044559e-06], "median": [0.00991506129503, 0.00286664580926, 0.000431233842392, 0.000353422627086, 6.69907167321e-05, 4.06753897551e-05, 2.9090915632e-05, 2.86991635221e-05, 2.38353386521e-05, 2.34170784097e-05, 1.99421992875e-05, 1.57748727361e-05, 1.20796012197e-05, 1.04441696749e-05, 5.86247824685e-06, 5.18308434039e-06, 4.46232115792e-06, 3.69450162907e-06, 2.28656745094e-06, 2.55307077168e-06, 2.43442309511e-06, 1.66446841376e-06, 1.67758889802e-06, 1.43594763813e-06, 9.79976107374e-07, 8.95082621355e-07, 6.81449478179e-07, 6.58825456412e-07, 4.4960202672e-07, 2.16802504838e-07, 2.67743700988e-07, 2.64469974809e-07, 2.51172991739e-07, 2.09561648035e-07, 1.69029505059e-07, 1.55395127877e-07, 1.4111857638e-07, 1.26177297943e-07, 1.5471033521e-07, 2.24554213446e-07], "min": [6.32564170171e-24, 1.76448127709e-24, 3.0612976078e-24, 2.03335564195e-24, 9.52497872665e-24, 6.88114532382e-24, 6.03206041051e-24, 3.20346651457e-24, 7.27660602877e-24, 8.82821417667e-24, 7.69871918827e-24, 7.43384020668e-24, 5.36466396874e-24, 2.07080373687e-23, 9.93541832247e-24, 1.26897348505e-23, 1.22782863016e-23, 1.5386053536e-23, 9.52083405145e-24, 1.18547429373e-23, 1.11377567269e-23, 1.12586252059e-23, 9.30276607598e-24, 1.06895243828e-23, 1.24335806705e-23, 1.09405470226e-23, 9.25417382194e-24, 1.07608168982e-23, 1.66238788482e-23, 8.29925296301e-24, 7.53265607911e-24, 9.07004343147e-24, 6.56909482668e-24, 7.2977845775e-24, 1.12883778838e-23, 1.10216608563e-23, 8.88545629054e-24, 6.19563663567e-24, 6.29607992815e-24, 8.25369151256e-24], "var": [0.000170707775396, 3.30984330503e-05, 9.32802868192e-06, 1.42114652135e-06, 1.60331993015e-07, 4.10372358317e-08, 6.05017476119e-08, 2.24909495472e-08, 1.88018560721e-08, 6.38987955881e-08, 4.52114221616e-08, 4.15571861367e-08, 1.9072112778e-08, 7.56733875562e-09, 5.19238252394e-09, 5.68573099713e-09, 2.78789635821e-09, 2.37787078916e-09, 5.2107507198e-10, 1.96640348449e-09, 3.53044732337e-10, 2.40825581699e-09, 1.75173986428e-09, 2.60521448858e-09, 7.19943882288e-10, 2.8900284943e-10, 5.38285249707e-10, 2.80512302275e-09, 1.61916691166e-09, 1.13450214501e-10, 5.37634881059e-10, 3.2252693849e-09, 2.70955724524e-09, 6.46616593603e-10, 2.90268642456e-10, 1.61104476981e-10, 1.65227345694e-10, 1.17504117547e-10, 7.33279340026e-11, 1.20276608118e-10]}, "mfcc": {"mean": [-704.487792969, 122.806915283, 26.133266449, 28.7893676758, 17.8254623413, 15.2856035233, 16.1811504364, 13.9434604645, 10.8988084793, 6.89756059647, 6.14360237122, 1.07168960571, 4.11959886551], "cov": [[12908.9208984, -2363.07177734, -692.804748535, -783.759460449, -866.693237305, -453.655914307, -396.135772705, -112.840927124, -193.078109741, -141.01109314, -235.260772705, -247.977767944, -65.7062301636], [-2363.07177734, 4393.75048828, -353.246520996, -132.973068237, 109.270042419, -182.822631836, 49.5164718628, -212.391677856, -70.4873352051, -158.04699707, -64.5413131714, -75.2059402466, -116.349571228], [-692.804748535, -353.246520996, 1877.39123535, 322.170471191, 248.439727783, 196.148178101, 177.402572632, 53.6304512024, 91.0178375244, -10.3204107285, 62.7103500366, 4.19524621964, 5.87273025513], [-783.759460449, -132.973068237, 322.170471191, 1004.56573486, 290.974517822, 265.205596924, 78.6721801758, 167.479614258, 42.1103553772, 102.257194519, 47.5152511597, 47.5783996582, -0.0196344573051], [-866.693237305, 109.270042419, 248.439727783, 290.974517822, 507.747528076, 195.439834595, 142.935958862, 90.2086105347, 106.6015625, 77.3222732544, 73.9060897827, 39.0858726501, 51.4572525024], [-453.655914307, -182.822631836, 196.148178101, 265.205596924, 195.439834595, 342.623352051, 115.389678955, 116.571426392, 76.4953842163, 87.0216140747, 61.0055389404, 63.1588592529, 45.8987464905], [-396.135772705, 49.5164718628, 177.402572632, 78.6721801758, 142.935958862, 115.389678955, 215.351043701, 72.3040313721, 72.2276916504, 58.0997238159, 73.5472106934, 45.4755783081, 36.0693664551], [-112.840927124, -212.391677856, 53.6304512024, 167.479614258, 90.2086105347, 116.571426392, 72.3040313721, 162.61605835, 70.7190246582, 72.1260070801, 49.1113166809, 52.7464828491, 39.9893074036], [-193.078109741, -70.4873352051, 91.0178375244, 42.1103553772, 106.6015625, 76.4953842163, 72.2276916504, 70.7190246582, 133.785293579, 65.5436477661, 49.1234779358, 38.7920684814, 42.7059783936], [-141.01109314, -158.04699707, -10.3204107285, 102.257194519, 77.3222732544, 87.0216140747, 58.0997238159, 72.1260070801, 65.5436477661, 132.791229248, 66.8467178345, 51.2998046875, 48.2575874329], [-235.260772705, -64.5413131714, 62.7103500366, 47.5152511597, 73.9060897827, 61.0055389404, 73.5472106934, 49.1113166809, 49.1234779358, 66.8467178345, 124.199310303, 58.7565689087, 37.0929412842], [-247.977767944, -75.2059402466, 4.19524621964, 47.5783996582, 39.0858726501, 63.1588592529, 45.4755783081, 52.7464828491, 38.7920684814, 51.2998046875, 58.7565689087, 101.830085754, 48.0373153687], [-65.7062301636, -116.349571228, 5.87273025513, -0.0196344573051, 51.4572525024, 45.8987464905, 36.0693664551, 39.9893074036, 42.7059783936, 48.2575874329, 37.0929412842, 48.0373153687, 98.8096847534]], "icov": [[0.000105457475001, 5.8275025367e-05, 2.31219819398e-05, 3.94716043957e-05, 0.00010484118684, 3.84768718504e-05, 2.50384946412e-05, -7.7171047451e-05, 9.03509953787e-06, -9.51527624693e-07, 3.25820183207e-05, 0.000246190349571, -4.83589574287e-05], [5.8275025367e-05, 0.000309693568852, 0.000100760014902, -1.7010315787e-05, -9.95999507722e-05, 0.000132142449729, -0.000267429772066, 0.000341826118529, -8.01144051366e-05, 0.000280359759927, 4.49219551228e-05, 3.74450864911e-05, 0.000209828664083], [2.31219819398e-05, 0.000100760014902, 0.000693822279572, -0.000206378346775, -6.86133644194e-05, -0.000172500265762, -0.000478954199934, 0.000343171821442, -0.000462298572529, 0.000781370617915, -0.000292037671898, 0.000308424409013, 2.24374616664e-05], [3.94716043957e-05, -1.7010315787e-05, -0.000206378346775, 0.00168848782778, -0.000673426606227, -0.000618675432634, 0.000531631871127, -0.00143028865568, 0.00109158770647, -0.000965683138929, 0.000340671773301, -0.000140291522257, 0.000981849152595], [0.00010484118684, -9.95999507722e-05, -6.86133644194e-05, -0.000673426606227, 0.00349943363108, -0.000857551116496, -0.000872354023159, 0.000347898429027, -0.00154271337669, 0.000208266472328, -0.000606954330578, 0.00125190045219, -0.00110575405415], [3.84768718504e-05, 0.000132142449729, -0.000172500265762, -0.000618675432634, -0.000857551116496, 0.00527373421937, -0.00111512665171, -0.00128886871971, -2.32990205404e-05, -0.000944194209296, 0.000634114083368, -0.00112041144166, -0.00010529289284], [2.50384946412e-05, -0.000267429772066, -0.000478954199934, 0.000531631871127, -0.000872354023159, -0.00111512665171, 0.00793926883489, -0.00163475912996, -0.000939793535508, -0.00036364182597, -0.00243005598895, -9.89148393273e-05, 1.01833702502e-05], [-7.7171047451e-05, 0.000341826118529, 0.000343171821442, -0.00143028865568, 0.000347898429027, -0.00128886871971, -0.00163475912996, 0.0121606672183, -0.00352223194204, -0.00111921539064, 0.000144379853737, -0.00210892851464, -0.000536752282642], [9.03509953787e-06, -8.01144051366e-05, -0.000462298572529, 0.00109158770647, -0.00154271337669, -2.32990205404e-05, -0.000939793535508, -0.00352223194204, 0.0133661208674, -0.00369971431792, -0.000136916671181, -0.000217467939365, -0.00129073811695], [-9.51527624693e-07, 0.000280359759927, 0.000781370617915, -0.000965683138929, 0.000208266472328, -0.000944194209296, -0.00036364182597, -0.00111921539064, -0.00369971431792, 0.0152281587943, -0.00458908826113, -0.000475884502521, -0.00268544862047], [3.25820183207e-05, 4.49219551228e-05, -0.000292037671898, 0.000340671773301, -0.000606954330578, 0.000634114083368, -0.00243005598895, 0.000144379853737, -0.000136916671181, -0.00458908826113, 0.0145445037633, -0.00540668424219, 0.00041112373583], [0.000246190349571, 3.74450864911e-05, 0.000308424409013, -0.000140291522257, 0.00125190045219, -0.00112041144166, -9.89148393273e-05, -0.00210892851464, -0.000217467939365, -0.000475884502521, -0.00540668424219, 0.0178225338459, -0.00536098470911], [-4.83589574287e-05, 0.000209828664083, 2.24374616664e-05, 0.000981849152595, -0.00110575405415, -0.00010529289284, 1.01833702502e-05, -0.000536752282642, -0.00129073811695, -0.00268544862047, 0.00041112373583, -0.00536098470911, 0.0154938809574]]}, "spectral_contrast_coeffs": {"dmean": [0.0494185574353, 0.0502927228808, 0.0447790957987, 0.0380885489285, 0.0328294634819, 0.0258377976716], "dmean2": [0.0810819342732, 0.0841475203633, 0.0749006122351, 0.0604688227177, 0.0499022528529, 0.0396519377828], "dvar": [0.00217635952868, 0.00180673517752, 0.00157444388606, 0.00115404790267, 0.00104701507371, 0.0006657881313], "dvar2": [0.00582521874458, 0.0048812199384, 0.00412363233045, 0.00285946205258, 0.00214810040779, 0.0013711337233], "max": [-0.331370770931, -0.501479268074, -0.48195874691, -0.532389044762, -0.458685129881, -0.545594394207], "mean": [-0.645575582981, -0.771711826324, -0.797542512417, -0.789312958717, -0.78298407793, -0.794896602631], "median": [-0.648225545883, -0.773555934429, -0.801098108292, -0.795607566833, -0.796021401882, -0.80591905117], "min": [-0.996170043945, -0.969180583954, -0.987795948982, -0.971019506454, -0.966928839684, -0.966312766075], "var": [0.00759456586093, 0.00416250433773, 0.00392489042133, 0.00366815715097, 0.00490124663338, 0.00308210402727]}, "spectral_contrast_valleys": {"dmean": [0.428842663765, 0.6018024683, 0.710390388966, 0.615885853767, 0.614079356194, 0.731940031052], "dmean2": [0.670767307281, 0.955433368683, 1.1178702116, 0.928371191025, 0.838476359844, 0.929818630219], "dvar": [0.254343092442, 0.478859901428, 0.663152694702, 0.492936223745, 0.55665397644, 0.823922634125], "dvar2": [0.49152970314, 1.04110014439, 1.50684690475, 1.06117784977, 1.10799300671, 1.52941095829], "max": [-4.96355581284, -4.54591989517, -4.25568437576, -5.63906860352, -5.08182621002, -7.22070121765], "