{"lowlevel": {"average_loudness": 0.95383477211, "barkbands_crest": {"dmean": 2.68183994293, "dmean2": 4.55638027191, "dvar": 7.39620780945, "dvar2": 20.599489212, "max": 22.9461746216, "mean": 10.1017799377, "median": 9.56606483459, "min": 2.70489311218, "var": 12.1102828979}, "barkbands_flatness_db": {"dmean": 0.0266137681901, "dmean2": 0.0430893115699, "dvar": 0.000740640505683, "dvar2": 0.00188460282516, "max": 0.582896113396, "mean": 0.147703543305, "median": 0.121950536966, "min": 0.0295888055116, "var": 0.00966220442206}, "barkbands_kurtosis": {"dmean": 5.81220531464, "dmean2": 9.64016628265, "dvar": 90.9069213867, "dvar2": 237.754257202, "max": 238.349121094, "mean": 12.2062902451, "median": 3.63322353363, "min": -1.89457988739, "var": 903.575500488}, "barkbands_skewness": {"dmean": 0.794158041477, "dmean2": 1.28566658497, "dvar": 0.834011673927, "dvar2": 2.18988656998, "max": 12.1323785782, "mean": 2.55569553375, "median": 2.12925004959, "min": -2.10500645638, "var": 3.28160047531}, "barkbands_spread": {"dmean": 8.55197906494, "dmean2": 13.7445268631, "dvar": 96.290184021, "dvar2": 222.561828613, "max": 121.198883057, "mean": 28.5646820068, "median": 27.3205242157, "min": 0.491582930088, "var": 307.945709229}, "dissonance": {"dmean": 0.00941821187735, "dmean2": 0.016126004979, "dvar": 9.30606693146e-05, "dvar2": 0.00025544402888, "max": 0.500000059605, "mean": 0.480136662722, "median": 0.483329951763, "min": 0.338513493538, "var": 0.000193110987311}, "dynamic_complexity": 2.93022847176, "erbbands_crest": {"dmean": 1.63456606865, "dmean2": 2.68925690651, "dvar": 4.00077676773, "dvar2": 10.0335140228, "max": 26.1996574402, "mean": 7.07226228714, "median": 5.66426992416, "min": 2.17334938049, "var": 17.8173942566}, "erbbands_flatness_db": {"dmean": 0.0100398343056, "dmean2": 0.0160149522126, "dvar": 0.000131059903651, "dvar2": 0.000301004503854, "max": 0.395011335611, "mean": 0.119604043663, "median": 0.107551366091, "min": 0.035276491195, "var": 0.00302978861146}, "erbbands_kurtosis": {"dmean": 0.547454714775, "dmean2": 0.890367031097, "dvar": 0.867359101772, "dvar2": 1.95760941505, "max": 42.6150550842, "mean": 0.308141201735, "median": -1.08632540703, "min": -1.84187912941, "var": 31.0509815216}, "erbbands_skewness": {"dmean": 0.311537504196, "dmean2": 0.487603873014, "dvar": 0.110401436687, "dvar2": 0.251428693533, "max": 5.70688438416, "mean": 0.0261155124754, "median": -0.193122044206, "min": -3.11023306847, "var": 1.18007433414}, "erbbands_spread": {"dmean": 9.75661468506, "dmean2": 15.7405433655, "dvar": 93.8332366943, "dvar2": 241.355697632, "max": 136.10748291, "mean": 71.117515564, "median": 71.1762237549, "min": 3.25986075401, "var": 515.434997559}, "hfc": {"dmean": 6.47343921661, "dmean2": 10.1280193329, "dvar": 127.769004822, "dvar2": 304.941955566, "max": 176.844085693, "mean": 28.0709590912, "median": 27.5576286316, "min": 1.14371695729e-16, "var": 266.736907959}, "melbands_crest": {"dmean": 3.55830287933, "dmean2": 5.93647575378, "dvar": 10.1752681732, "dvar2": 26.3161220551, "max": 32.7249755859, "mean": 16.7916469574, "median": 16.0064506531, "min": 2.42000889778, "var": 28.3478221893}, "melbands_flatness_db": {"dmean": 0.0335450358689, "dmean2": 0.0537967272103, "dvar": 0.0011504504364, "dvar2": 0.00290947058238, "max": 0.690967261791, "mean": 0.22661601007, "median": 0.200889110565, "min": 0.00763238687068, "var": 0.0121361389756}, "melbands_kurtosis": {"dmean": 21.2712612152, "dmean2": 35.2669143677, "dvar": 943.296142578, "dvar2": 2526.93847656, "max": 628.799926758, "mean": 48.9415893555, "median": 25.9707508087, "min": -1.75339221954, "var": 5554.71728516}, "melbands_skewness": {"dmean": 1.28844630718, "dmean2": 2.08451032639, "dvar": 1.97188293934, "dvar2": 5.20890712738, "max": 18.8194313049, "mean": 5.18754005432, "median": 4.62671470642, "min": -0.126119419932, "var": 6.59721565247}, "melbands_spread": {"dmean": 7.74652385712, "dmean2": 12.4986371994, "dvar": 93.2539367676, "dvar2": 223.044235229, "max": 163.325820923, "mean": 19.3068828583, "median": 15.5104179382, "min": 0.322721838951, "var": 283.062408447}, "pitch_salience": {"dmean": 0.0898176878691, "dmean2": 0.151557326317, "dvar": 0.00832959264517, "dvar2": 0.0231772679836, "max": 0.985021650791, "mean": 0.533350288868, "median": 0.560485005379, "min": 0.0543659217656, "var": 0.0187441818416}, "silence_rate_20dB": {"dmean": 0, "dmean2": 0, "dvar": 0, "dvar2": 0, "max": 1, "mean": 1, "median": 1, "min": 1, "var": 0}, "silence_rate_30dB": {"dmean": 0.0125402472913, "dmean2": 0.0250847451389, "dvar": 0.0123830540106, "dvar2": 0.036656472832, "max": 1, "mean": 0.993561506271, "median": 1, "min": 0, "var": 0.00639726407826}, "silence_rate_60dB": {"dmean": 0.00237247929908, "dmean2": 0.00474576279521, "dvar": 0.00236694002524, "dvar2": 0.00641851127148, "max": 1, "mean": 0.0474415458739, "median": 0, "min": 0, "var": 0.0451907068491}, "spectral_centroid": {"dmean": 334.933380127, "dmean2": 535.530517578, "dvar": 128776.976562, "dvar2": 289507.09375, "max": 11195.2919922, "mean": 1564.12084961, "median": 1627.67822266, "min": 136.237258911, "var": 533481.9375}, "spectral_complexity": {"dmean": 3.77291989326, "dmean2": 5.96915245056, "dvar": 13.7580242157, "dvar2": 32.4214134216, "max": 51, "mean": 22.9217205048, "median": 24, "min": 0, "var": 126.9921875}, "spectral_decrease": {"dmean": 4.51824355707e-09, "dmean2": 7.63659890879e-09, "dvar": 3.66359848399e-17, "dvar2": 9.98222174115e-17, "max": -3.13060213387e-29, "mean": -1.07535802485e-08, "median": -9.85427650591e-09, "min": -5.3556686197e-08, "var": 4.57882618618e-17}, "spectral_energy": {"dmean": 0.0173547230661, "dmean2": 0.029301090166, "dvar": 0.000528906588443, "dvar2": 0.0014394648606, "max": 0.204438209534, "mean": 0.0431325696409, "median": 0.0400465391576, "min": 1.04920008949e-20, "var": 0.000669507251587}, "spectral_energyband_high": {"dmean": 0.000554048805498, "dmean2": 0.000874042569194, "dvar": 1.07984271835e-06, "dvar2": 2.59754051513e-06, "max": 0.0154333515093, "mean": 0.00202627736144, "median": 0.0016880563926, "min": 7.8968727804e-21, "var": 2.79464597952e-06}, "spectral_energyband_low": {"dmean": 0.0135338539258, "dmean2": 0.0235746875405, "dvar": 0.000470660161227, "dvar2": 0.00134912820067, "max": 0.192701667547, "mean": 0.0221754629165, "median": 0.0167333558202, "min": 4.12495398895e-23, "var": 0.000461553252535}, "spectral_energyband_middle_high": {"dmean": 0.000881450076122, "dmean2": 0.00135582126677, "dvar": 1.38696100294e-06, "dvar2": 3.25062705997e-06, "max": 0.0315026417375, "mean": 0.00338668096811, "median": 0.00288535095751, "min": 1.60017029269e-21, "var": 7.03090427123e-06}, "spectral_energyband_middle_low": {"dmean": 0.00853918027133, "dmean2": 0.0134769454598, "dvar": 0.000177653375431, "dvar2": 0.000365745858289, "max": 0.123427122831, "mean": 0.018667280674, "median": 0.0151867978275, "min": 1.98252723546e-22, "var": 0.000291891978122}, "spectral_entropy": {"dmean": 0.127144441009, "dmean2": 0.1984577775, "dvar": 0.0217473767698, "dvar2": 0.0465580783784, "max": 9.80303955078, "mean": 7.63780498505, "median": 7.77993774414, "min": 4.58104419708, "var": 0.379631310701}, "spectral_flux": {"dmean": 0.0347718968987, "dmean2": 0.0571825504303, "dvar": 0.00175062974449, "dvar2": 0.00387071608566, "max": 0.364497572184, "mean": 0.100801505148, "median": 0.0923802852631, "min": 1.02430466886e-10, "var": 0.00340609578416}, "spectral_kurtosis": {"dmean": 1.05136907101, "dmean2": 1.88506913185, "dvar": 8.86867809296, "dvar2": 30.528087616, "max": 80.5539321899, "mean": 3.26401138306, "median": 2.19267559052, "min": -1.22447097301, "var": 35.8953895569}, "spectral_rms": {"dmean": 0.00121194217354, "dmean2": 0.00201443629339, "dvar": 1.98156908482e-06, "dvar2": 5.35247545486e-06, "max": 0.0141227440909, "mean": 0.00612560426816, "median": 0.00625058356673, "min": 3.19939018854e-12, "var": 4.55749932371e-06}, "spectral_rolloff": {"dmean": 776.308959961, "dmean2": 1339.5567627, "dvar": 1450253.875, "dvar2": 3281096, "max": 18604.6875, "mean": 1445.48608398, "median": 559.86328125, "min": 86.1328125, "var": 3105318.25}, "spectral_skewness": {"dmean": 0.142802268267, "dmean2": 0.243379056454, "dvar": 0.0515610948205, "dvar2": 0.172378018498, "max": 7.26163673401, "mean": 1.13295555115, "median": 1.01272797585, "min": -0.0308959987015, "var": 0.390934616327}, "spectral_spread": {"dmean": 381313.15625, "dmean2": 584569.4375, "dvar": 398595719168, "dvar2": 622996291584, "max": 39919552, "mean": 5372243.5, "median": 5352385, "min": 984274.25, "var": 2000912384000.0}, "spectral_strongpeak": {"dmean": 0.311843127012, "dmean2": 0.518082737923, "dvar": 0.262687087059, "dvar2": 0.665110349655, "max": 11.7662525177, "mean": 0.590893268585, "median": 0.451480746269, "min": 0, "var": 0.428582817316}, "zerocrossingrate": {"dmean": 0.0124307749793, "dmean2": 0.0156566966325, "dvar": 0.000224971881835, "dvar2": 0.000356380012818, "max": 0.50390625, "mean": 0.0657769963145, "median": 0.061279296875, "min": 0.00390625, "var": 0.00143651675899}, "barkbands": {"dmean": [0.000147629456478, 0.00771697098389, 0.006634733174, 0.0051308250986, 0.00377797335386, 0.00118435616605, 0.000518772169016, 0.000213977036765, 0.000254966522334, 0.000221701688133, 7.76686065365e-05, 6.83173566358e-05, 6.23963278485e-05, 5.34883001819e-05, 0.00011490171164, 9.2299625976e-05, 0.000232526886975, 0.000209280318813, 0.000231855810853, 0.000263365596766, 0.000159870905918, 0.000120268050523, 0.000123950638226, 8.77937054611e-05, 5.19137356605e-05, 4.35967485828e-05, 3.12142474286e-05], "dmean2": [0.000252105470281, 0.0136924507096, 0.0115258349106, 0.00833710003644, 0.00592826725915, 0.00211562681943, 0.000852607248817, 0.000338197511155, 0.000413089961512, 0.000337914621923, 0.000119289106806, 0.000110379012767, 0.000101787823951, 8.63873647177e-05, 0.00018765166169, 0.000152165826876, 0.000381826190278, 0.00034192178282, 0.000381255755201, 0.0004265109892, 0.000262390822172, 0.000195745233214, 0.000194500971702, 0.00014114442456, 8.33059893921e-05, 7.16123977327e-05, 5.21105976077e-05], "dvar": [1.17372479735e-07, 0.000243609611061, 8.60001309775e-05, 5.98923688813e-05, 3.46423403244e-05, 4.69795713798e-06, 7.0489755899e-07, 1.85114231499e-07, 2.50913927857e-07, 1.88187229355e-07, 4.62607978591e-08, 3.86478191672e-08, 1.83020034683e-08, 2.99688380778e-08, 3.81276862527e-07, 1.98257072981e-08, 1.06071865957e-07, 6.94547139801e-08, 7.81587274901e-08, 9.43439459888e-08, 5.85258206343e-08, 3.22116555651e-08, 3.04565475062e-08, 2.70996949325e-08, 2.61716053274e-08, 3.24890443437e-08, 3.05346539164e-08], "dvar2": [3.25548569435e-07, 0.000685773731675, 0.000248129217653, 0.00013908087567, 7.00168748153e-05, 1.38215382322e-05, 1.87553177966e-06, 4.1451048105e-07, 5.80965377139e-07, 4.19965971332e-07, 9.26593415329e-08, 8.88700455448e-08, 3.5588421099e-08, 5.12893514326e-08, 1.02744479591e-06, 5.25638768067e-08, 2.75981022924e-07, 1.84754426868e-07, 2.05145852306e-07, 2.42812774331e-07, 1.54606439651e-07, 7.95100518758e-08, 7.4711138609e-08, 6.76940814515e-08, 6.1566488796e-08, 8.28471016234e-08, 7.91724659166e-08], "max": [0.00523593183607, 0.13210105896, 0.0828818231821, 0.0690051987767, 0.0589528381824, 0.0232763774693, 0.0117196906358, 0.00692659709603, 0.015997197479, 0.0119637912139, 0.00941915437579, 0.00384189421311, 0.00549124181271, 0.0109023805708, 0.0271619390696, 0.00265248771757, 0.00447013089433, 0.00341619527899, 0.00344252749346, 0.00386292021722, 0.00945712346584, 0.00289491284639, 0.0037181423977, 0.00286412215792, 0.00303942174651, 0.00338871032, 0.00363656086847], "mean": [0.00015515171981, 0.00971176475286, 0.00936974212527, 0.00704980362207, 0.00752499140799, 0.00174942263402, 0.00102457567118, 0.000399477401515, 0.000564239453524, 0.000586685200687, 0.00018374431238, 0.00011909333989, 0.000123492849525, 0.00012663990492, 0.000227181051741, 0.000205660035135, 0.000520784524269, 0.000488702848088, 0.000569488038309, 0.000722191587556, 0.000479985930724, 0.00034883042099, 0.000393589085434, 0.000249893317232, 0.000122134908452, 7.75122171035e-05, 3.78488039132e-05], "median": [5.86633614148e-05, 0.0056870803237, 0.00562136713415, 0.00399100687355, 0.00530320359394, 0.00112060620449, 0.000510762620252, 0.000170669183717, 0.000241728761466, 0.000181703391718, 3.85311395803e-05, 4.33928180428e-05, 6.27991830697e-05, 5.89096816839e-05, 0.000107705185656, 0.000141671727761, 0.000355317577487, 0.000383678998332, 0.000493486528285, 0.000638163124677, 0.000391945417505, 0.00027628231328, 0.0002738913754, 0.000183891883353, 7.98131804913e-05, 3.65144333045e-05, 5.52277742827e-06], "min": [1.61710537559e-23, 6.82724245817e-24, 1.80076181843e-23, 7.67537363864e-24, 2.16235199156e-23, 4.05155269052e-23, 1.03766298045e-23, 2.06172410562e-23, 8.31578417436e-23, 5.47100407537e-23, 5.50638101599e-23, 1.14051591167e-22, 8.77473840031e-23, 1.06022022137e-22, 2.40955708099e-22, 2.08774171647e-22, 1.2346229787e-22, 2.19184989894e-22, 2.56745724683e-22, 2.95187055434e-22, 3.86503952991e-22, 5.84106339607e-22, 7.09084020343e-22, 7.65852874463e-22, 1.47539516619e-21, 1.65405385965e-21, 2.3524515789e-21], "var": [9.70803384348e-08, 0.000188484977116, 0.000113401401904, 8.55326943565e-05, 6.31455041002e-05, 4.5401807256e-06, 1.71145359218e-06, 4.42920310206e-07, 1.22501342048e-06, 1.10305188628e-06, 2.95636908731e-07, 6.90689319072e-08, 5.40430278306e-08, 3.22635884231e-07, 1.08994083803e-06, 5.39646443087e-08, 2.9923600664e-07, 1.83819892641e-07, 2.05446895052e-07, 2.95142911e-07, 2.71196682888e-07, 9.45474099012e-08, 1.4353871336e-07, 5.97489417942e-08, 3.35131637996e-08, 3.14030863535e-08, 2.44763960211e-08]}, "erbbands": {"dmean": [0.125201478601, 2.09081101418, 7.26428174973, 10.5995121002, 21.7815513611, 8.66612625122, 7.77307081223, 10.6325321198, 8.30783367157, 5.361992836, 5.02333450317, 5.98951005936, 7.55312538147, 4.50979137421, 2.73881840706, 3.33098578453, 2.98436546326, 2.52057909966, 6.30686092377, 3.62581896782, 7.3664317131, 10.3431253433, 11.2834367752, 10.8707017899, 13.023103714, 13.3584375381, 7.39874601364, 5.18102693558, 4.26878070831, 3.9318189621, 3.61799645424, 2.47293257713, 1.29938423634, 0.61464703083, 0.372606366873, 0.183225527406, 0.0831140652299, 0.0245036147535, 0.00533964904025, 0.000383230450097], "dmean2": [0.223540082574, 3.69662761688, 12.7279024124, 17.6781845093, 34.2180137634, 13.8864355087, 13.0438108444, 19.4996891022, 13.9659166336, 8.85364341736, 7.92830514908, 9.75977230072, 11.4821519852, 7.11709165573, 4.17984580994, 5.30548334122, 4.75585412979, 4.03727197647, 10.1948719025, 5.87432289124, 12.009390831, 16.8134326935, 18.2479381561, 17.980255127, 21.2174224854, 21.8629188538, 12.0307102203, 8.47128677368, 6.8800444603, 6.26750802994, 5.75573158264, 3.98961758614, 2.09741282463, 0.986184477806, 0.599866807461, 0.30017799139, 0.136407360435, 0.040757689625, 0.00890188012272, 0.00064522708999], "dvar": [0.0497295893729, 17.7108192444, 118.217536926, 156.113616943, 1609.49462891, 133.793075562, 155.046691895, 398.342559814, 195.966491699, 93.1903305054, 114.871231079, 127.044792175, 230.308944702, 124.695854187, 49.3487930298, 93.4095916748, 36.8907852173, 45.0936927795, 1490.94140625, 39.6819725037, 127.181930542, 192.834716797, 199.099304199, 172.594894409, 257.511474609, 282.776702881, 87.8421707153, 109.311378479, 43.8414955139, 30.0855331421, 24.9740352631, 17.3904914856, 6.67888307571, 2.93603634834, 1.51286780834, 0.456478744745, 0.132291138172, 0.0139140402898, 0.000830842647702, 4.74207718071e-06], "dvar2": [0.14282360673, 49.83826828, 338.039672852, 417.544830322, 3296.9440918, 352.47052002, 429.877075195, 1190.66064453, 531.149658203, 254.875549316, 256.249725342, 307.214263916, 496.058319092, 292.777435303, 98.8726730347, 211.436676025, 68.684967041, 72.5898284912, 4011.54907227, 104.221618652, 326.21685791, 489.420227051, 511.61340332, 458.211700439, 682.005249023, 758.374816895, 216.758773804, 276.841003418, 109.075187683, 74.8913574219, 62.0099525452, 45.1576004028, 16.6394557953, 6.89477682114, 3.59522819519, 1.13504481316, 0.342442840338, 0.0357018820941, 0.00213275919668, 1.24715761558e-05], "max": [2.12280082703, 34.4140357971, 94.7671051025, 99.0801925659, 376.6824646, 142.333297729, 147.044143677, 198.576370239, 210.852706909, 196.486312866, 207.370803833, 383.689666748, 421.743865967, 342.737945557, 290.002166748, 189.292037964, 292.987426758, 466.526947021, 1879.74597168, 151.034942627, 183.099441528, 188.549468994, 177.875656128, 147.543701172, 231.448440552, 223.725418091, 316.612976074, 583.952392578, 121.421203613, 115.028877258, 106.222198486, 65.3046875, 47.5576896667, 30.6310997009, 22.0829162598, 12.0559654236, 7.02950048447, 2.41261053085, 0.586564838886, 0.0448882766068], "mean": [0.150020942092, 2.6805460453, 10.4123849869, 17.2677211761, 32.9092140198, 18.1784992218, 14.4793462753, 13.7164173126, 16.6192016602, 10.4482393265, 10.1593503952, 12.9634456635, 21.159532547, 11.2033596039, 6.79662561417, 6.42447090149, 6.16892957687, 5.76812553406, 12.9517116547, 8.544713974, 17.4294681549, 25.4486141205, 27.9260368347, 26.8936347961, 33.0157203674, 35.5089302063, 22.2814731598, 15.6242389679, 12.1965818405, 12.3237447739, 11.0873098373, 6.63952827454, 3.52615118027, 1.51088345051, 0.815678477287, 0.357658207417, 0.136438637972, 0.0365887694061, 0.00662724487484, 0.00046963171917], "median": [0.0781921073794, 1.62801241875, 6.17860412598, 12.4362134933, 16.7753810883, 14.2653875351, 9.82702827454, 7.71630191803, 7.85727262497, 5.74684858322, 4.62056732178, 6.50477409363, 6.84553146362, 4.27926301956, 2.15105295181, 2.58089828491, 3.1571893692, 3.17495918274, 5.01396369934, 6.0797958374, 11.3928794861, 18.9953422546, 21.592716217, 22.9905967712, 29.0995616913, 30.8057937622, 19.5715770721, 11.5341176987, 9.24412631989, 9.48942565918, 7.99403762817, 4.60600090027, 2.5513150692, 1.06891059875, 0.492236882448, 0.193635433912, 0.0600116476417, 0.0121971219778, 0.000930241076276, 9.17374272831e-05], "min": [2.82330061561e-22, 1.99749032387e-21, 1.40823347228e-20, 2.53154975245e-20, 2.31650363426e-20, 9.81249270119e-20, 4.07978351109e-19, 1.64415459183e-19, 9.62620839607e-20, 2.34271353051e-19, 7.68013158819e-19, 2.19666042111e-18, 1.24121480463e-18, 2.27721437108e-18, 3.2842796767e-18, 4.04070201889e-18, 4.21755612898e-18, 5.99188335833e-18, 6.84311259283e-18, 1.53994179775e-17, 9.43916228345e-18, 6.20813649459e-18, 9.9275983731e-18, 1.7179113609e-17, 1.05054502054e-17, 1.39792812146e-17, 1.73461031767e-17, 1.41173724004e-17, 2.12394702664e-17, 1.85358122363e-17, 2.10657474485e-17, 1.72939163518e-17, 1.31930923645e-17, 1.41347746262e-17, 1.08808313848e-17, 6.81390856771e-18, 2.87924551989e-18, 1.45443901228e-18, 3.11582961823e-19, 3.12781061855e-20], "var": [0.0422183424234, 13.7914991379, 133.319869995, 260.60244751, 2318.53540039, 254.17489624, 236.022583008, 348.274719238, 434.47442627, 241.632492065, 274.17578125, 533.297851562, 1559.68811035, 578.608337402, 295.330322266, 178.531097412, 120.453430176, 271.667877197, 5100.02392578, 125.485046387, 387.585906982, 586.179748535, 597.850280762, 445.430053711, 660.989257812, 751.177734375, 293.55090332, 666.950378418, 141.542617798, 107.681503296, 107.516601562, 44.6217803955, 14.1415834427, 4.02526378632, 1.81986856461, 0.506572008133, 0.11654959619, 0.012091293931, 0.000689623993821, 3.6387889395e-06]}, "gfcc": {"mean": [13.2595214844, 65.0631256104, -78.5195617676, 68.2879180908, -51.9090232849, 0.88250118494, -32.6656990051, 8.44424343109, -25.5317611694, -7.3303437233, -19.2278442383, -3.70301818848, -13.8378753662], "cov": [[25013.1757812, -2064.52758789, -1171.54443359, -1171.21582031, -2205.83813477, 1186.75744629, -917.323913574, 637.111999512, -71.3380126953, 331.740905762, -169.389160156, 323.443389893, -420.164703369], [-2064.52758789, 1214.1307373, 115.783737183, 347.885070801, 305.165435791, -257.675933838, 133.658569336, -98.5135498047, 73.1143722534, -96.329826355, 73.0930328369, -66.0147476196, 138.84236145], [-1171.54443359, 115.783737183, 550.960754395, 51.8063735962, 215.581878662, -70.4638595581, 106.508544922, -118.082420349, -15.6379642487, -22.5910377502, 40.4209632874, -15.741812706, -21.7975692749], [-1171.21582031, 347.885070801, 51.8063735962, 406.192138672, 86.0790405273, -43.9166259766, 29.0025367737, -17.6980056763, 23.2785968781, -43.7439651489, 14.576965332, -33.5920829773, 49.2014656067], [-2205.83813477, 305.165435791, 215.581878662, 86.0790405273, 395.610961914, -116.413375854, 171.165893555, -67.3785934448, 26.589717865, -14.2425413132, 53.5567817688, -28.8265018463, 40.5887527466], [1186.75744629, -257.675933838, -70.4638595581, -43.9166259766, -116.413375854, 181.072799683, -25.7769184113, 62.2318153381, -12.4780082703, 29.2656059265, -10.1543741226, 28.2963848114, -33.3861579895], [-917.323913574, 133.658569336, 106.508544922, 29.0025367737, 171.165893555, -25.7769184113, 146.847412109, 8.53584194183, 17.4242362976, -25.2976989746, 23.9555339813, -3.51483631134, 34.8997802734], [637.111999512, -98.5135498047, -118.082420349, -17.6980056763, -67.3785934448, 62.2318153381, 8.53584194183, 114.959266663, 18.8422794342, 9.0761346817, -22.2341766357, 22.8728809357, 6.27329826355], [-71.3380126953, 73.1143722534, -15.6379642487, 23.2785968781, 26.589717865, -12.4780082703, 17.4242362976, 18.8422794342, 62.3745536804, 32.4903335571, 21.3956222534, -9.29895973206, 11.8294935226], [331.740905762, -96.329826355, -22.5910377502, -43.7439651489, -14.2425413132, 29.2656059265, -25.2976989746, 9.0761346817, 32.4903335571, 98.8740921021, 47.9772758484, 12.2264633179, -35.0349235535], [-169.389160156, 73.0930328369, 40.4209632874, 14.576965332, 53.5567817688, -10.1543741226, 23.9555339813, -22.2341766357, 21.3956222534, 47.9772758484, 88.9944610596, 26.7816104889, -2.57181811333], [323.443389893, -66.0147476196, -15.741812706, -33.5920829773, -28.8265018463, 28.2963848114, -3.51483631134, 22.8728809357, -9.29895973206, 12.2264633179, 26.7816104889, 69.602935791, 17.6744041443], [-420.164703369, 138.84236145, -21.7975692749, 49.2014656067, 40.5887527466, -33.3861579895, 34.8997802734, 6.27329826355, 11.8294935226, -35.0349235535, -2.57181811333, 17.6744041443, 80.5951538086]], "icov": [[0.000126213388285, -0.000177906724275, -9.90675689536e-05, 0.000308324728394, 0.000442828342784, -0.000537464511581, 0.000342527229805, -0.000353323295712, -0.000154843539349, 5.52916426386e-05, -6.20750288363e-05, -0.000167198988493, 0.000264419708401], [-0.000177906724275, 0.0024690667633, 0.000316812365782, -0.00129272439517, -0.000980410608463, 0.00223827175796, -0.000210349622648, 0.000587486079894, -0.00128555984702, 0.00240696151741, -0.00296215806156, 0.0021955803968, -0.00218081800267], [-9.90675689536e-05, 0.000316812365782, 0.0036248951219, -0.000937213131692, -0.00064422970172, 0.000733971013688, -0.00370155530982, 0.00479485560209, -0.00116452458315, 0.000482675561216, 0.00174089823849, -0.0029829191044, 0.00343886902556], [0.000308324728394, -0.00129272439517, -0.000937213131692, 0.00459663989022, 0.000216041342355, -0.00268675247207, 0.0035538864322, -0.00280068698339, -0.000375103030819, 0.00207483372651, -0.00262340367772, 0.00259578041732, -0.00146391801536], [0.000442828342784, -0.000980410608463, -0.00064422970172, 0.000216041342355, 0.0102487523109, 0.000825858791359, -0.00911773461848, 0.00290385773405, 0.0004568110744, -0.00436703534797, 0.00141278444789, -0.000446443096735, 0.000771894643549], [-0.000537464511581, 0.00223827175796, 0.000733971013688, -0.00268675247207, 0.000825858791359, 0.0129977641627, -0.00518192024902, -0.000920057762414, 0.00269727502018, -0.00257171108387, 0.000499899324495, -0.00109856703784, 0.0012077644933], [0.000342527229805, -0.000210349622648, -0.00370155530982, 0.0035538864322, -0.00911773461848, -0.00518192024902, 0.0274217873812, -0.0140658821911, -0.00142486218829, 0.0110718132928, -0.0121725602075, 0.00759518938139, -0.00638885004446], [-0.000353323295712, 0.000587486079894, 0.00479485560209, -0.00280068698339, 0.00290385773405, -0.000920057762414, -0.0140658821911, 0.0259125102311, -0.0103130117059, -0.00337787857279, 0.0140264844522, -0.0133736617863, 0.00580865424126], [-0.000154843539349, -0.00128555984702, -0.00116452458315, -0.000375103030819, 0.0004568110744, 0.00269727502018, -0.00142486218829, -0.0103130117059, 0.036011274904, -0.0168020091951, -0.00506232120097, 0.0142881991342, -0.0122559554875], [5.52916426386e-05, 0.00240696151741, 0.000482675561216, 0.00207483372651, -0.00436703534797, -0.00257171108387, 0.0110718132928, -0.00337787857279, -0.0168020091951, 0.03350783512, -0.0179642923176, 0.000821247580461, 0.00788691360503], [-6.20750288363e-05, -0.00296215806156, 0.00174089823849, -0.00262340367772, 0.00141278444789, 0.000499899324495, -0.0121725602075, 0.0140264844522, -0.00506232120097, -0.0179642923176, 0.0371182784438, -0.0224692746997, 0.00957238022238], [-0.000167198988493, 0.0021955803968, -0.0029829191044, 0.00259578041732, -0.000446443096735, -0.00109856703784, 0.00759518938139, -0.0133736617863, 0.0142881991342, 0.000821247580461, -0.0224692746997, 0.0384379290044, -0.0204101763666], [0.000264419708401, -0.00218081800267, 0.00343886902556, -0.00146391801536, 0.000771894643549, 0.0012077644933, -0.00638885004446, 0.00580865424126, -0.0122559554875, 0.00788691360503, 0.00957238022238, -0.0204101763666, 0.0318015813828]]}, "melbands": {"dmean": [0.00164962711278, 0.00342856254429, 0.00226979632862, 0.000998038798571, 0.000285548245301, 0.000232782185776, 0.000122822995763, 5.19845270901e-05, 4.08913110732e-05, 3.8075086195e-05, 3.74596202164e-05, 1.88677167898e-05, 1.11478611871e-05, 7.69204871176e-06, 7.77218247094e-06, 5.22743630427e-06, 4.94346295454e-06, 1.0023237337e-05, 5.72715043745e-06, 5.23512608197e-06, 1.07388368633e-05, 1.1443555195e-05, 1.30904581965e-05, 1.11732197183e-05, 9.6751127785e-06, 9.36856849876e-06, 1.07011737782e-05, 9.26918892219e-06, 5.50033610125e-06, 4.31215676144e-06, 3.15313809551e-06, 2.67359337158e-06, 2.76021819445e-06, 2.20752440327e-06, 2.39785572376e-06, 2.26080032917e-06, 1.31992749175e-06, 1.06665868316e-06, 6.5901247126e-07, 5.15643307608e-07], "dmean2": [0.00294260424562, 0.00600653048605, 0.00369223137386, 0.00155861512758, 0.000478189584101, 0.000423316378146, 0.000205543270567, 8.5377250798e-05, 6.46657281322e-05, 6.21555518592e-05, 5.71253731323e-05, 2.99358071061e-05, 1.69656796061e-05, 1.23184518088e-05, 1.23493337014e-05, 8.4655766841e-06, 7.90625381342e-06, 1.61101543199e-05, 9.37646109378e-06, 8.66796744958e-06, 1.75502264028e-05, 1.89568017959e-05, 2.13180373976e-05, 1.86120032595e-05, 1.61265270435e-05, 1.53020882863e-05, 1.7389529603e-05, 1.53293894982e-05, 9.03995442059e-06, 7.08499692337e-06, 5.19171589985e-06, 4.28029852628e-06, 4.64593631477e-06, 3.4415245409e-06, 3.86803822039e-06, 3.64802167496e-06, 2.14371630136e-06, 1.73602279574e-06, 1.06857714854e-06, 8.46621446726e-07], "dvar": [1.06100897028e-05, 3.09271854348e-05, 1.00454326457e-05, 2.58027876043e-06, 1.80580371989e-07, 1.8732755791e-07, 3.91927379439e-08, 8.48554559951e-09, 6.98430202561e-09, 5.16962295194e-09, 5.69396618744e-09, 2.39815034497e-09, 9.85022174937e-10, 4.97455854287e-10, 2.41186626226e-10, 1.21390897334e-10, 2.03622521622e-10, 3.81068998578e-09, 3.76324665874e-10, 5.33537658498e-11, 2.82715434397e-10, 2.50819282011e-10, 3.20582504987e-10, 2.34651492681e-10, 1.46184439553e-10, 1.41174988366e-10, 1.65730359991e-10, 1.52560089561e-10, 4.99028630918e-11, 3.95038342316e-11, 7.44189571078e-11, 1.74938327713e-11, 1.64164237759e-11, 9.3658535788e-12, 9.81076157813e-12, 1.45932432805e-11, 5.92236849839e-12, 3.93790555719e-12, 2.43400286905e-12, 2.16185077652e-12], "dvar2": [3.00411848002e-05, 8.79842773429e-05, 2.31983976846e-05, 5.07243203174e-06, 5.13651741585e-07, 5.57611770091e-07, 1.05438310527e-07, 2.24992540154e-08, 1.55693200554e-08, 1.25083490232e-08, 1.22636016897e-08, 5.61519497566e-09, 1.94812876941e-09, 1.14092768566e-09, 4.72226591164e-10, 2.0520485311e-10, 3.03972985671e-10, 1.01099200123e-08, 9.98812588193e-10, 1.4324459674e-10, 7.25898730014e-10, 6.50863085649e-10, 7.98102806066e-10, 6.36018071543e-10, 3.93502785911e-10, 3.72841951757e-10, 4.38634462085e-10, 4.14493106504e-10, 1.1816643497e-10, 1.04008204826e-10, 1.89376292425e-10, 4.41136918661e-11, 4.2115044091e-11, 2.31888709623e-11, 2.51236618315e-11, 3.85348315757e-11, 1.50317987224e-11, 9.90733970557e-12, 6.08596636628e-12, 5.01363056973e-12], "max": [0.0288613885641, 0.0504161007702, 0.029241040349, 0.0157928299159, 0.00489844474941, 0.00427595945075, 0.00293037015945, 0.00184748240281, 0.00172569812275, 0.00213913968764, 0.00210535759106, 0.0014757612953, 0.00139659503475, 0.000428659637691, 0.000642553903162, 0.000655874609947, 0.000957570329774, 0.00321735301986, 0.000745750148781, 0.000129870430101, 0.000238289067056, 0.000206832686672, 0.00027106385096, 0.000233733007917, 0.000136316200951, 0.000164612181834, 0.000188526537386, 0.000190177204786, 0.000250086566666, 0.000161771997227, 0.000495238928124, 9.57144438871e-05, 7.94471779955e-05, 5.98142905801e-05, 6.04160777584e-05, 8.6151099822e-05, 4.32904525951e-05, 3.94710114051e-05, 3.06309120788e-05, 2.55278846453e-05], "mean": [0.0020513983909, 0.00494794873521, 0.00370078673586, 0.00184817949776, 0.000550124794245, 0.000312318035867, 0.000250790384598, 0.000100515819213, 8.36890467326e-05, 8.31563738757e-05, 0.000104031154478, 4.40953735961e-05, 2.71305689239e-05, 1.34703013828e-05, 1.59273040481e-05, 1.04650944195e-05, 1.04559221654e-05, 2.08859728446e-05, 1.18575862871e-05, 1.1795635146e-05, 2.33144564845e-05, 2.60060678556e-05, 2.83396384475e-05, 2.43761714955e-05, 2.10719263123e-05, 2.10436846828e-05, 2.70306536549e-05, 2.21521659114e-05, 1.44225286931e-05, 1.11168756121e-05, 8.49298248795e-06, 6.95171002008e-06, 6.65796369503e-06, 6.76260287946e-06, 6.70118879498e-06, 5.65161462873e-06, 3.31076148541e-06, 2.71496583082e-06, 1.62642390933e-06, 1.13124235668e-06], "median": [0.00117767299525, 0.00321216555312, 0.00254750158638, 0.00123552966397, 0.00040715560317, 0.000179503666004, 0.00012506240455, 5.79654806643e-05, 3.58009128831e-05, 3.87044347008e-05, 3.29434333253e-05, 1.43352899613e-05, 5.65315167478e-06, 4.87250372316e-06, 7.87539829616e-06, 5.91361003899e-06, 5.31307341589e-06, 7.44351655158e-06, 7.22107688489e-06, 9.12285395316e-06, 1.38807772601e-05, 1.85494536709e-05, 2.00606791623e-05, 1.8361639377e-05, 1.7146801838e-05, 1.79993367055e-05, 2.3028562282e-05, 1.87726855074e-05, 1.24247908388e-05, 8.32560363051e-06, 5.91693060414e-06, 5.04210038343e-06, 5.24602728547e-06, 4.87968281959e-06, 5.03073351865e-06, 3.31538694809e-06, 2.42022724706e-06, 1.91580011233e-06, 1.20648201118e-06, 7.47576677895e-07], "min": [4.53558654014e-24, 5.95341965573e-24, 4.75190916086e-24, 3.35506487295e-24, 1.17589562907e-23, 4.44150028327e-24, 1.78288481037e-24, 2.85873745443e-24, 7.64523757434e-24, 1.34239923816e-23, 5.76276223013e-24, 8.92637292797e-24, 9.53954188782e-24, 1.25086541963e-23, 9.82389784516e-24, 7.9858014489e-24, 1.20467114497e-23, 7.7017815463e-24, 2.27589368828e-23, 1.81050409284e-23, 9.19226954013e-24, 6.14488014173e-24, 6.46786819532e-24, 1.17963814298e-23, 1.51541221189e-23, 6.1374825986e-24, 9.3618635907e-24, 9.21063658858e-24, 1.06745518028e-23, 9.30661492834e-24, 8.12244872376e-24, 1.1622308227e-23, 1.23776417549e-23, 1.01848009204e-23, 1.17048222888e-23, 1.38345171744e-23, 8.46724247049e-24, 8.28943716676e-24, 1.05462869639e-23, 1.19163876839e-23], "var": [8.35864648252e-06, 3.03579126921e-05, 1.54084955284e-05, 4.4355369937e-06, 2.72474352414e-07, 1.69397608829e-07, 9.5221324159e-08, 2.2174216241e-08, 1.85712032419e-08, 2.21231513109e-08, 3.84912830498e-08, 1.06613464723e-08, 6.43595976513e-09, 8.73226657649e-10, 7.18468229355e-10, 4.25285473504e-10, 1.28043131653e-09, 1.44912633004e-08, 1.14168263732e-09, 1.40607941956e-10, 8.22008627832e-10, 6.97203295097e-10, 8.24334878136e-10, 5.72700609158e-10, 3.25288657121e-10, 3.17315701492e-10, 4.57946153221e-10, 3.29966581836e-10, 1.37001229805e-10, 1.43460215929e-10, 4.44878134331e-10, 5.74240863194e-11, 3.43381711954e-11, 3.71317906978e-11, 3.6290543487e-11, 5.043077414e-11, 1.10613514875e-11, 9.51315935749e-12, 3.59601324412e-12, 2.82226542483e-12]}, "mfcc": {"mean": [-628.78137207, 84.3327255249, 33.2215118408, 58.1565628052, 11.3085603714, 3.68147492409, 1.72382569313, 9.5113286972, -1.75086212158, 3.9208650589, -5.83693885803, -2.01956892014, -4.81213617325], "cov": [[14450.0820312, -142.607177734, -905.691589355, -167.312057495, -831.489379883, -480.304016113, -569.626098633, -6.31582021713, -117.440574646, 124.043945312, -84.3031768799, 40.0145149231, -112.396064758], [-142.607177734, 698.823974609, 61.4245567322, 225.890045166, 111.9010849, -24.0030269623, 48.4424629211, 0.559841692448, 11.1753501892, -20.3624916077, -18.108839035, -3.13369226456, 17.1639995575], [-905.691589355, 61.4245567322, 434.857452393, 139.94140625, 109.730575562, 85.081741333, 57.5494880676, 0.67687445879, -39.5100212097, -23.9324645996, -8.34494590759, -15.2547645569, 1.31901848316], [-167.312057495, 225.890045166, 139.94140625, 271.722320557, 92.879776001, 10.8101701736, 28.8536949158, 24.9462013245, 3.91502857208, 14.0952768326, -25.0943489075, -10.6480693817, -6.28468608856], [-831.489379883, 111.9010849, 109.730575562, 92.879776001, 133.764801025, 60.8041648865, 58.8461532593, 0.406124383211, 4.85659360886, -2.71764612198, 13.5351486206, 7.92062520981, 16.1396884918], [-480.304016113, -24.0030269623, 85.081741333, 10.8101701736, 60.8041648865, 103.071098328, 56.1122550964, 1.61712133884, -8.32299232483, 0.135111302137, 23.6256427765, 11.0418872833, 10.3331947327], [-569.626098633, 48.4424629211, 57.5494880676, 28.8536949158, 58.8461532593, 56.1122550964, 108.916679382, 43.03931427, 21.484703064, -10.4848871231, 14.4647121429, 11.9182271957, 23.9143257141], [-6.31582021713, 0.559841692448, 0.67687445879, 24.9462013245, 0.406124383211, 1.61712133884, 43.03931427, 90.3176193237, 52.5422706604, 1.63777673244, -24.8584327698, -12.5561676025, -6.42868518829], [-117.440574646, 11.1753501892, -39.5100212097, 3.91502857208, 4.85659360886, -8.32299232483, 21.484703064, 52.5422706604, 84.0224456787, 24.1989841461, -8.20980930328, -16.5580291748, -9.82002925873], [124.043945312, -20.3624916077, -23.9324645996, 14.0952768326, -2.71764612198, 0.135111302137, -10.4848871231, 1.63777673244, 24.1989841461, 66.2747879028, 27.2174549103, 0.0463312081993, -6.73127222061], [-84.3031768799, -18.108839035, -8.34494590759, -25.0943489075, 13.5351486206, 23.6256427765, 14.4647121429, -24.8584327698, -8.20980930328, 27.2174549103, 76.4749984741, 44.0354194641, 24.9894447327], [40.0145149231, -3.13369226456, -15.2547645569, -10.6480693817, 7.92062520981, 11.0418872833, 11.9182271957, -12.5561676025, -16.5580291748, 0.0463312081993, 44.0354194641, 74.1544113159, 46.4686393738], [-112.396064758, 17.1639995575, 1.31901848316, -6.28468608856, 16.1396884918, 10.3331947327, 23.9143257141, -6.42868518829, -9.82002925873, -6.73127222061, 24.9894447327, 46.4686393738, 63.2074432373]], "icov": [[0.000143672194099, -0.000111386347271, 0.000144776888192, -0.000193553947611, 0.000854896148667, -0.000160144278198, 0.000473928259453, -0.000415994960349, 0.000389746186556, -0.000224558985792, 1.6486272898e-06, -0.000253132282523, 7.18106821296e-05], [-0.000111386347271, 0.00251972675323, 0.000320921186358, -0.0018954280531, -0.00175016070716, 0.00188494485337, -0.00163224991411, 0.00179857993498, -0.00110511993989, 0.00168055470567, -0.000507872202434, 0.000822533795144, -0.000534871476702], [0.000144776888192, 0.000320921186358, 0.00403484422714, -0.0020350953564, -0.000562568427995, -0.00202964362688, 0.000417230534367, -0.00103831244633, 0.00243177753873, 0.00116637640167, -0.00076935114339, 0.00190361798741, -0.000497565662954], [-0.000193553947611, -0.0018954280531, -0.0020350953564, 0.00910405721515, -0.00599805917591, 0.00232328660786, -0.000286729278741, -0.00285718543455, 0.00295003084466, -0.00604063132778, 0.00498560443521, -0.00275429198518, 0.00195667939261], [0.000854896148667, -0.00175016070716, -0.000562568427995, -0.00599805917591, 0.0239254813641, -0.00838949624449, -0.00159258057829, 0.00413087150082, -0.00384760787711, 0.00138791219797, -0.00135299190879, -0.000980917364359, -0.0014981450513], [-0.000160144278198, 0.00188494485337, -0.00202964362688, 0.00232328660786, -0.00838949624449, 0.0213511548936, -0.00968638341874, 0.00138705363497, 0.00354694179259, -0.00277695502155, -0.00114324351307, -0.00109787855763, 0.00344877946191], [0.000473928259453, -0.00163224991411, 0.000417230534367, -0.000286729278741, -0.00159258057829, -0.00968638341874, 0.0270699597895, -0.0151724806055, 8.23918526294e-05, 0.00636745011434, -0.00911724474281, 0.00464440323412, -0.00766502646729], [-0.000415994960349, 0.00179857993498, -0.00103831244633, -0.00285718543455, 0.00413087150082, 0.00138705363497, -0.0151724806055, 0.0311702601612, -0.0166806522757, 0.00053464109078, 0.0108715789393, -0.00556389288977, 0.00339630711824], [0.000389746186556, -0.00110511993989, 0.00243177753873, 0.00295003084466, -0.00384760787711, 0.00354694179259, 8.23918526294e-05, -0.0166806522757, 0.0285794511437, -0.0110995816067, 0.000329422240611, 0.00370993441902, 0.00031101834611], [-0.000224558985792, 0.00168055470567, 0.00116637640167, -0.00604063132778, 0.00138791219797, -0.00277695502155, 0.00636745011434, 0.00053464109078, -0.0110995816067, 0.030285730958, -0.0182986445725, 0.00766393635422, -0.000634812167846], [1.6486272898e-06, -0.000507872202434, -0.00076935114339, 0.00498560443521, -0.00135299190879, -0.00114324351307, -0.00911724474281, 0.0108715789393, 0.000329422240611, -0.0182986445725, 0.0373970232904, -0.0205994751304, 0.00420177727938], [-0.000253132282523, 0.000822533795144, 0.00190361798741, -0.00275429198518, -0.000980917364359, -0.00109787855763, 0.00464440323412, -0.00556389288977, 0.00370993441902, 0.00766393635422, -0.0205994751304, 0.0391570441425, -0.0221308618784], [7.18106821296e-05, -0.000534871476702, -0.000497565662954, 0.00195667939261, -0.0014981450513, 0.00344877946191, -0.00766502646729, 0.00339630711824, 0.00031101834611, -0.000634812167846, 0.00420177727938, -0.0221308618784, 0.0339526087046]]}, "spectral_contrast_coeffs": {"dmean": [0.0553861558437, 0.0456397533417, 0.0337246656418, 0.025318402797, 0.0193129312247, 0.0152359632775], "dmean2": [0.0914589241147, 0.0772481709719, 0.055146060884, 0.04257395491, 0.0320257432759, 0.0252630338073], "dvar": [0.00232835928909, 0.0014609961072, 0.000763009535149, 0.000427131279139, 0.000269470445346, 0.000246942247031], "dvar2": [0.00596734602004, 0.00419276114553, 0.0019592999015, 0.00115600856952, 0.000687079271302, 0.00064604106592], "max": [-0.307655245066, -0.472740203142, -0.544376969337, -0.527143478394, -0.578678011894, -0.572017669678], "mean": [-0.606156885624, -0.732824087143, -0.760964214802, -0.810772716999, -0.792767941952, -0.736641824245], "median": [-0.611625790596, -0.734530568123, -0.763392210007, -0.81360077858, -0.792930901051, -0.739814639091], "min": [-0.963827967644, -0.977498352528, -0.995373725891, -0.955673336983, -0.962844729424, -0.959311425686], "var": [0.00629576761276, 0.0043922686018, 0.00495250802487, 0.00223879655823, 0.00187099655159, 0.0013742587762]}, "spectral_contrast_valleys": {"dmean": [0.405153423548, 0.364767819643, 0.332804352045, 0.272623360157, 0.200612396002, 0.236022815108], "dmean2": [0.675153255463, 0.601557254791, 0.546364724636, 0.434617698193, 0.308458775282, 0.358336567879], "dvar": [0.152546226978, 0.134099766612, 0.113476984203, 0.0890553221107, 0.071102976799, 0.156901866198], "dvar2": [0.352034151554, 0.288988113403, 0.228618308902, 0.15832683444, 0.0971676707268, 0.280552864075], "max": [-5.22644090652, -4.92852497101, -6.1793718338, -6.65674209595, -5.67485666275, -7.53412818909], "mean": [-6.76591491699, -7.08923482895, -8.076110