{"lowlevel": {"average_loudness": 0.405167520046, "barkbands_crest": {"dmean": 1.76560509205, "dmean2": 2.67525029182, "dvar": 3.26608133316, "dvar2": 8.1013879776, "max": 26.3500328064, "mean": 12.0877285004, "median": 11.2129573822, "min": 3.42581868172, "var": 19.7501850128}, "barkbands_flatness_db": {"dmean": 0.0149353034794, "dmean2": 0.0228485930711, "dvar": 0.000227045879001, "dvar2": 0.00053463835502, "max": 0.619884133339, "mean": 0.28175920248, "median": 0.273970842361, "min": 0.0550143681467, "var": 0.00492542004213}, "barkbands_kurtosis": {"dmean": 2.21125459671, "dmean2": 3.35579514503, "dvar": 14.2519845963, "dvar2": 30.5847892761, "max": 199.724517822, "mean": 5.12603807449, "median": 2.5834209919, "min": -1.83335185051, "var": 79.8767547607}, "barkbands_skewness": {"dmean": 0.405817061663, "dmean2": 0.611830592155, "dvar": 0.15763361752, "dvar2": 0.360513240099, "max": 11.9106473923, "mean": 1.3507437706, "median": 1.23200130463, "min": -3.64366555214, "var": 1.50364947319}, "barkbands_spread": {"dmean": 1.96501290798, "dmean2": 3.08459496498, "dvar": 6.96930456161, "dvar2": 17.8361244202, "max": 53.6891784668, "mean": 9.35454559326, "median": 7.81856632233, "min": 0.198460429907, "var": 43.4241867065}, "dissonance": {"dmean": 0.0316464230418, "dmean2": 0.0538802519441, "dvar": 0.000938990619034, "dvar2": 0.00261368462816, "max": 0.500000119209, "mean": 0.407271653414, "median": 0.418206244707, "min": 0.132805541158, "var": 0.00326802977361}, "dynamic_complexity": 3.99451446533, "erbbands_crest": {"dmean": 2.85506224632, "dmean2": 4.49201917648, "dvar": 8.58481788635, "dvar2": 21.384180069, "max": 33.423160553, "mean": 14.145236969, "median": 12.8979091644, "min": 3.04957199097, "var": 35.6642417908}, "erbbands_flatness_db": {"dmean": 0.0146032441407, "dmean2": 0.0222745761275, "dvar": 0.000232112957747, "dvar2": 0.000547906849533, "max": 0.560841917992, "mean": 0.285733968019, "median": 0.277836948633, "min": 0.0768656358123, "var": 0.00425487942994}, "erbbands_kurtosis": {"dmean": 1.35131084919, "dmean2": 2.12619113922, "dvar": 4.46482658386, "dvar2": 10.5105648041, "max": 91.836555481, "mean": 2.1726539135, "median": 0.60181415081, "min": -1.78989994526, "var": 21.8046989441}, "erbbands_skewness": {"dmean": 0.35356014967, "dmean2": 0.547225058079, "dvar": 0.115352474153, "dvar2": 0.28796812892, "max": 5.471971035, "mean": 0.652913510799, "median": 0.57142752409, "min": -3.82546591759, "var": 0.725631177425}, "erbbands_spread": {"dmean": 4.35745382309, "dmean2": 6.84959411621, "dvar": 27.5477733612, "dvar2": 69.0868835449, "max": 94.339630127, "mean": 19.9591693878, "median": 18.2857437134, "min": 0.597313523293, "var": 142.920944214}, "hfc": {"dmean": 2.55084991455, "dmean2": 3.8323867321, "dvar": 17.57654953, "dvar2": 39.9760284424, "max": 158.702270508, "mean": 11.4222269058, "median": 8.51302528381, "min": 1.15720635402e-16, "var": 121.697181702}, "melbands_crest": {"dmean": 2.05919694901, "dmean2": 3.07101917267, "dvar": 3.99510717392, "dvar2": 9.52836704254, "max": 34.2488975525, "mean": 15.8372077942, "median": 14.7936649323, "min": 3.11683726311, "var": 32.8504867554}, "melbands_flatness_db": {"dmean": 0.01559562888, "dmean2": 0.0227919891477, "dvar": 0.000264965870883, "dvar2": 0.000570250907913, "max": 0.709697306156, "mean": 0.34451302886, "median": 0.333192616701, "min": 0.00785633921623, "var": 0.00781381689012}, "melbands_kurtosis": {"dmean": 3.62150478363, "dmean2": 5.557908535, "dvar": 41.3323860168, "dvar2": 95.6272277832, "max": 303.40814209, "mean": 8.94430065155, "median": 4.7551908493, "min": -1.82205235958, "var": 220.022003174}, "melbands_skewness": {"dmean": 0.472646296024, "dmean2": 0.715893924236, "dvar": 0.228770956397, "dvar2": 0.531809389591, "max": 13.2952566147, "mean": 1.83926427364, "median": 1.65868628025, "min": -2.67988777161, "var": 2.29214096069}, "melbands_spread": {"dmean": 2.7840294838, "dmean2": 4.34125757217, "dvar": 19.7549705505, "dvar2": 48.6665077209, "max": 135.78616333, "mean": 12.1811113358, "median": 9.74483108521, "min": 0.363834232092, "var": 91.53150177}, "pitch_salience": {"dmean": 0.0488546304405, "dmean2": 0.075888581574, "dvar": 0.00213565537706, "dvar2": 0.00525713758543, "max": 0.87398147583, "mean": 0.479499399662, "median": 0.482984691858, "min": 0.09626596421, "var": 0.0132926218212}, "silence_rate_20dB": {"dmean": 0, "dmean2": 0, "dvar": 0, "dvar2": 0, "max": 1, "mean": 1, "median": 1, "min": 1, "var": 0}, "silence_rate_30dB": {"dmean": 0.00817029923201, "dmean2": 0.0163411200047, "dvar": 0.00810282770544, "dvar2": 0.0195232778788, "max": 1, "mean": 0.982957780361, "median": 1, "min": 0, "var": 0.0167555268854}, "silence_rate_60dB": {"dmean": 0.0144895156845, "dmean2": 0.0289799571037, "dvar": 0.0142829287797, "dvar2": 0.0319171287119, "max": 1, "mean": 0.101359546185, "median": 0, "min": 0, "var": 0.0910687595606}, "spectral_centroid": {"dmean": 109.749732971, "dmean2": 174.005020142, "dvar": 30404.4648438, "dvar2": 71621.109375, "max": 10771.3613281, "mean": 756.130310059, "median": 605.820983887, "min": 127.60785675, "var": 226935.453125}, "spectral_complexity": {"dmean": 1.32767367363, "dmean2": 2.23828673363, "dvar": 1.58262515068, "dvar2": 4.03981399536, "max": 32, "mean": 10.8950023651, "median": 11, "min": 0, "var": 22.1379623413}, "spectral_decrease": {"dmean": 1.1915479714e-09, "dmean2": 1.67387159689e-09, "dvar": 3.3136296992e-18, "dvar2": 6.94850656981e-18, "max": -7.26718849635e-29, "mean": -6.70213262666e-09, "median": -4.72933159301e-09, "min": -7.10284808747e-08, "var": 4.27791045248e-17}, "spectral_energy": {"dmean": 0.00469438219443, "dmean2": 0.00661709997803, "dvar": 5.08240445924e-05, "dvar2": 0.000106881852844, "max": 0.280523657799, "mean": 0.0263313017786, "median": 0.0187181606889, "min": 1.07704812647e-20, "var": 0.000648558605462}, "spectral_energyband_high": {"dmean": 2.05239193747e-05, "dmean2": 3.41739214491e-05, "dvar": 2.96604629746e-09, "dvar2": 7.93651633302e-09, "max": 0.00141961104237, "mean": 4.22303201049e-05, "median": 1.14768745334e-05, "min": 7.57732984016e-21, "var": 7.24162196875e-09}, "spectral_energyband_low": {"dmean": 0.00184620590881, "dmean2": 0.00240309955552, "dvar": 1.81517498277e-05, "dvar2": 3.32460876962e-05, "max": 0.13745585084, "mean": 0.00835225731134, "median": 0.0026682256721, "min": 5.16412045939e-23, "var": 0.00020265749481}, "spectral_energyband_middle_high": {"dmean": 0.00117127434351, "dmean2": 0.00180316937622, "dvar": 5.08713537783e-06, "dvar2": 1.21705425045e-05, "max": 0.0738331899047, "mean": 0.00294996309094, "median": 0.00163337402046, "min": 1.71823608777e-21, "var": 1.63702407008e-05}, "spectral_energyband_middle_low": {"dmean": 0.00337316165678, "dmean2": 0.00483295787126, "dvar": 3.41356426361e-05, "dvar2": 7.44189019315e-05, "max": 0.276474505663, "mean": 0.0161622650921, "median": 0.0106423012912, "min": 5.33690075071e-22, "var": 0.000336842873367}, "spectral_entropy": {"dmean": 0.10799510777, "dmean2": 0.166641965508, "dvar": 0.0120381107554, "dvar2": 0.0276316422969, "max": 9.80976772308, "mean": 6.32815647125, "median": 6.42686271667, "min": 3.83889937401, "var": 0.267300128937}, "spectral_flux": {"dmean": 0.0126355895773, "dmean2": 0.021184803918, "dvar": 0.000255170336459, "dvar2": 0.000676043215208, "max": 0.373660862446, "mean": 0.0440960936248, "median": 0.0396110862494, "min": 1.03780928296e-10, "var": 0.000798063585535}, "spectral_kurtosis": {"dmean": 10.6972990036, "dmean2": 18.7277202606, "dvar": 180.834289551, "dvar2": 524.588745117, "max": 290.905700684, "mean": 27.0779533386, "median": 14.4043998718, "min": -1.1928384304, "var": 1179.71032715}, "spectral_rms": {"dmean": 0.000425515987445, "dmean2": 0.000598258513492, "dvar": 2.37187947505e-07, "dvar2": 4.99652287544e-07, "max": 0.0165433250368, "mean": 0.00452196551487, "median": 0.00427336152643, "min": 3.24157172459e-12, "var": 5.24091865373e-06}, "spectral_rolloff": {"dmean": 163.493667603, "dmean2": 294.532531738, "dvar": 135759.046875, "dvar2": 320233.125, "max": 19056.8847656, "mean": 794.318359375, "median": 645.99609375, "min": 86.1328125, "var": 335370.15625}, "spectral_skewness": {"dmean": 0.722927570343, "dmean2": 1.26871693134, "dvar": 0.538291752338, "dvar2": 1.61585187912, "max": 13.8881340027, "mean": 3.17657828331, "median": 2.53005719185, "min": 0.024231184274, "var": 3.8893237114}, "spectral_spread": {"dmean": 247044.453125, "dmean2": 423323.28125, "dvar": 91020992512, "dvar2": 173430358016, "max": 40872480, "mean": 2068939, "median": 1939110.75, "min": 283519.53125, "var": 677543018496}, "spectral_strongpeak": {"dmean": 0.426428496838, "dmean2": 0.708133995533, "dvar": 0.647763729095, "dvar2": 1.58071362972, "max": 13.0565433502, "mean": 1.22797727585, "median": 0.815279006958, "min": 3.45241363275e-10, "var": 1.49104046822}, "zerocrossingrate": {"dmean": 0.00334042473696, "dmean2": 0.00432125478983, "dvar": 2.78710740531e-05, "dvar2": 3.70726520487e-05, "max": 0.49658203125, "mean": 0.0308907777071, "median": 0.02685546875, "min": 0.00341796875, "var": 0.000313027470838}, "barkbands": {"dmean": [1.41751502269e-06, 0.000786058313679, 0.000932514085434, 0.00096943922108, 0.00091862451518, 0.000754955748562, 0.00081065215636, 0.00083110720152, 0.000903029926121, 0.000288972543785, 0.000274007412372, 9.37063305173e-05, 0.000640521815512, 5.62650493521e-05, 0.000158712035045, 7.87854223745e-05, 0.000129912164994, 2.72015422524e-05, 3.27614434354e-05, 6.54678733554e-05, 4.16337115894e-06, 7.60600141803e-06, 3.24692678078e-06, 1.32852062507e-06, 2.92455695217e-07, 3.79782960636e-08, 1.35548261504e-09], "dmean2": [1.54369729444e-06, 0.000982289901003, 0.00121591321658, 0.00146661500912, 0.00129828904755, 0.00105886440724, 0.00110269559082, 0.00120553851593, 0.00138651672751, 0.000406920502428, 0.000421174598159, 0.000137001028634, 0.00102175457869, 9.35898933676e-05, 0.000253217876889, 0.000132199478685, 0.00022073026048, 4.63330361526e-05, 5.56402810616e-05, 0.00010756951815, 7.1579725045e-06, 1.27880393848e-05, 5.43811438547e-06, 2.2032754714e-06, 4.78510628454e-07, 6.33373318237e-08, 2.44458364662e-09], "dvar": [4.61150111153e-11, 6.27858298685e-06, 4.95974836667e-06, 5.94636276219e-06, 2.9957800507e-06, 3.03296474158e-06, 4.38802362623e-06, 6.28487214271e-06, 1.05755434561e-05, 8.12778353065e-07, 6.47457056857e-07, 8.51939034874e-08, 3.43954934579e-06, 3.4591501219e-08, 3.47206110973e-07, 1.05691142949e-07, 1.2749838163e-07, 2.31025936159e-08, 1.7867474611e-08, 4.77263775167e-08, 1.0529321165e-10, 6.01219019014e-10, 1.14299306131e-10, 1.68073367723e-11, 9.43979595013e-13, 1.80136548717e-14, 2.91637678904e-17], "dvar2": [6.07693131927e-11, 9.22548679227e-06, 9.4656525107e-06, 1.62740216183e-05, 6.24556105322e-06, 6.04204524279e-06, 6.73546992402e-06, 1.27491275634e-05, 2.29635534197e-05, 1.63072331816e-06, 1.55250893386e-06, 1.57756360863e-07, 8.51435652294e-06, 9.59197237194e-08, 8.55825646795e-07, 2.87395579335e-07, 3.51719336322e-07, 6.44886881673e-08, 4.87686868667e-08, 1.21891204685e-07, 3.04619440783e-10, 1.5964055633e-09, 3.0907496007e-10, 4.56599376364e-11, 2.48277288485e-12, 5.08441352172e-14, 8.69094449761e-17], "max": [0.000287647999357, 0.109651185572, 0.075012549758, 0.106359198689, 0.105329558253, 0.0962607637048, 0.204676121473, 0.225944876671, 0.219457864761, 0.0257185958326, 0.0311038866639, 0.0219269040972, 0.0638609975576, 0.00602531712502, 0.0246307402849, 0.0134020717815, 0.0156672671437, 0.00741671584547, 0.00582751305774, 0.00952544249594, 0.000446059479145, 0.000684394326527, 0.000327017682139, 0.000145836092997, 4.01323777623e-05, 5.94278390054e-06, 4.26921729968e-07], "mean": [6.5460130827e-06, 0.00346875493415, 0.00375333125703, 0.00264559523202, 0.00352524360642, 0.0024311398156, 0.00277475686744, 0.00278007448651, 0.00191302387975, 0.000594450742938, 0.000467751466203, 0.000176239642315, 0.000919738726225, 8.7540698587e-05, 0.00023570045596, 0.000127568549942, 0.000201331393328, 4.43722856289e-05, 5.27121119376e-05, 9.96854432742e-05, 7.79227229941e-06, 9.95690061245e-06, 4.95743779538e-06, 2.34482490669e-06, 5.79636548537e-07, 8.62931912593e-08, 1.81011605704e-09], "median": [2.73994160693e-08, 0.000500964059029, 0.000704199948814, 0.00062072777655, 0.00144638726488, 0.000768412603065, 0.000664353836328, 0.000768291996792, 0.000445772660896, 9.6730858786e-05, 8.75965415617e-05, 5.14015046065e-05, 0.000174780099769, 2.47764837695e-05, 4.43121607532e-05, 3.13316086249e-05, 5.97421312705e-05, 1.11763074528e-05, 7.8629291238e-06, 1.12618436106e-05, 2.49079084824e-06, 1.25965266307e-06, 4.04368421414e-07, 1.65041313949e-07, 3.77556546027e-08, 5.63593616221e-09, 6.00532901185e-10], "min": [5.1376554382e-23, 1.13138502024e-23, 1.18073576404e-23, 1.07624948054e-23, 8.93780036704e-23, 5.43256193683e-23, 1.10584377095e-22, 7.50535644308e-23, 1.55624674468e-22, 7.88589410852e-23, 2.45992124284e-22, 6.24071143782e-23, 1.22053985516e-22, 1.10803579452e-22, 1.32397883115e-22, 1.89584101453e-22, 1.89635686645e-22, 1.590216105e-22, 3.77762692586e-22, 2.74358073066e-22, 3.84061286219e-22, 4.78384538997e-22, 6.24361873735e-22, 8.3532069784e-22, 1.05370359921e-21, 1.42295845849e-21, 2.83943841257e-21], "var": [5.64951530002e-10, 7.00913515175e-05, 5.82692518947e-05, 3.80160090572e-05, 4.3462470785e-05, 2.92915719911e-05, 5.7695498981e-05, 4.61254021502e-05, 2.51947512879e-05, 2.33876448874e-06, 1.30909540985e-06, 2.60003361063e-07, 6.01978126724e-06, 4.47840591278e-08, 5.89637636494e-07, 1.53871894781e-07, 2.10046948723e-07, 3.0647424154e-08, 3.09000895982e-08, 8.5754905399e-08, 2.42956654795e-10, 7.6525774606e-10, 1.97615340758e-10, 3.64667601671e-11, 2.57427456088e-12, 6.09652234837e-14, 2.85389851389e-17]}, "erbbands": {"dmean": [0.00740561634302, 0.231766849756, 1.05214071274, 1.97723007202, 3.38550925255, 3.20577430725, 4.95625066757, 6.11354827881, 9.41045475006, 17.5819606781, 15.8039588928, 24.0064964294, 4.95286750793, 10.7522764206, 10.7245731354, 7.37581443787, 32.5115356445, 4.23575925827, 7.91368484497, 5.88163280487, 3.07909989357, 4.79517507553, 2.96088719368, 1.97194135189, 1.65000784397, 4.27875804901, 0.30041539669, 0.370453357697, 0.148612976074, 0.129896625876, 0.0400781743228, 0.0341739915311, 0.0165919661522, 0.00468055717647, 0.00175156048499, 0.000486798584461, 7.80741829658e-05, 4.89781314172e-06, 2.3432139642e-06, 5.29496628587e-06], "dmean2": [0.00907448865473, 0.290377765894, 1.35528457165, 2.95254230499, 4.9348359108, 4.51420783997, 6.59500598907, 9.05321311951, 12.3494977951, 26.1044406891, 22.5598487854, 36.3014335632, 7.26026344299, 15.2580223083, 16.4202690125, 11.1791038513, 51.7775115967, 6.98721885681, 12.5814590454, 9.61908531189, 5.08858442307, 8.13235282898, 5.05492734909, 3.32310771942, 2.79600071907, 7.02554559708, 0.493769347668, 0.626785516739, 0.249622151256, 0.218109935522, 0.0666419938207, 0.0579213090241, 0.0276500117034, 0.0074977572076, 0.00284232292324, 0.000807274773251, 0.000132987057441, 8.32222940517e-06, 3.35062918566e-06, 7.49481114326e-06], "dvar": [0.00059626478469, 0.51149392128, 6.89476776123, 20.9531803131, 59.8343467712, 47.0205459595, 214.11831665, 160.711105347, 653.025268555, 2482.26489258, 3303.28637695, 7293.24072266, 171.169677734, 1021.00097656, 1052.93920898, 309.785064697, 9144.79589844, 136.216018677, 1226.90563965, 311.938293457, 93.5636291504, 166.858688354, 62.6222000122, 175.348800659, 41.8074607849, 207.894439697, 0.582139372826, 1.11995530128, 0.196897417307, 0.175444915891, 0.0136887347326, 0.0140234353021, 0.00243588536978, 0.00020029899315, 3.4081927879e-05, 2.55684904005e-06, 8.67044391839e-08, 3.3545652367e-10, 1.21771126169e-11, 6.36567049073e-11], "dvar2": [0.0010033956496, 0.764772832394, 13.1128406525, 58.9947471619, 147.496871948, 97.2900772095, 339.257720947, 414.97869873, 881.905151367, 5361.80712891, 6790.15283203, 15151.0595703, 378.78805542, 1995.12109375, 2617.19458008, 629.462402344, 22644.7539062, 381.93170166, 3030.99707031, 792.644714355, 254.184906006, 457.882537842, 172.161331177, 461.815612793, 118.555206299, 530.039794922, 1.52134847641, 3.06702518463, 0.531309843063, 0.480153352022, 0.0366884022951, 0.0394509546459, 0.00676487805322, 0.000516894913744, 8.83772881934e-05, 6.92406638336e-06, 2.53900140024e-07, 9.51661305315e-10, 2.63380324494e-11, 1.34349642522e-10], "max": [1.16779446602, 29.906829834, 97.7908172607, 191.013748169, 429.265472412, 586.965820312, 1298.48510742, 536.027099609, 1804.08703613, 5657.79541016, 6003.41357422, 5920.68359375, 430.777435303, 900.301330566, 1486.87927246, 1124.98657227, 3386.59960938, 404.891906738, 1520.97644043, 1132.00109863, 337.708374023, 625.842102051, 341.151428223, 652.710144043, 365.14151001, 629.255249023, 31.0263328552, 31.10090065, 12.7363071442, 12.4670343399, 3.49734950066, 4.24675130844, 1.39058458805, 0.478413552046, 0.240960001945, 0.0592305995524, 0.0103702582419, 0.000832215766422, 0.00013379714801, 0.000315569050144], "mean": [0.0345673635602, 1.02750265598, 4.5788898468, 6.04331874847, 10.5437078476, 11.9657440186, 19.0359611511, 18.4424991608, 33.1009902954, 57.6375007629, 52.5922393799, 52.7227783203, 11.6649580002, 22.0226211548, 19.8420906067, 13.7298002243, 46.7408943176, 6.9728975296, 11.8927812576, 9.63392448425, 5.9384021759, 7.97655200958, 4.86438417435, 3.23484230042, 2.77113199234, 6.41143655777, 0.58721768856, 0.584005534649, 0.239919230342, 0.208562240005, 0.0674207732081, 0.0547739155591, 0.0270989555866, 0.00912278611213, 0.00350826489739, 0.000895211764146, 0.000164160315762, 1.07715404738e-05, 1.31391834657e-05, 2.96607995551e-05], "median": [0.00482514873147, 0.155356049538, 0.919161558151, 2.19166517258, 3.48006701469, 4.57378578186, 5.44022941589, 6.89635562897, 8.58326339722, 15.5085258484, 15.5723810196, 14.240398407, 5.17329692841, 4.30105543137, 5.52161550522, 5.41855049133, 9.06026649475, 2.90211439133, 2.24034762383, 2.43986225128, 2.01319313049, 2.67069530487, 1.52321457863, 0.61209321022, 0.657720983028, 0.674445271492, 0.18850338459, 0.111675724387, 0.0464617013931, 0.0196430049837, 0.00905374996364, 0.00455058738589, 0.00190887693316, 0.000695294234902, 0.000205047894269, 6.4036459662e-05, 2.0117029635e-05, 3.17849935527e-06, 9.66483821685e-06, 2.13586390601e-05], "min": [7.37865452698e-22, 1.503437215e-21, 6.82103795986e-21, 4.08889303146e-20, 3.87299210612e-20, 3.6135103301e-19, 6.1712729838e-19, 4.51339727506e-19, 1.63064450938e-18, 8.24976848305e-19, 2.73876130055e-18, 4.19815874362e-18, 2.36933189243e-18, 4.13331150591e-18, 8.81285007495e-18, 2.94811678448e-18, 4.76376333979e-18, 5.75657487588e-18, 7.61305851085e-18, 8.23662282536e-18, 9.67489469596e-18, 1.2857775678e-17, 1.07167170969e-17, 8.85814234939e-18, 2.10824267184e-17, 1.31081111371e-17, 1.79086025368e-17, 1.38643932722e-17, 2.03820777092e-17, 1.49625441913e-17, 1.59357949739e-17, 1.56489949119e-17, 1.67756264867e-17, 1.17553879398e-17, 7.58485992377e-18, 5.26555301965e-18, 2.49905097648e-18, 1.67734805734e-18, 3.90498861543e-19, 3.6187794706e-20], "var": [0.00567354960367, 5.69218397141, 78.7831268311, 124.13306427, 385.870300293, 657.752929688, 3559.140625, 1089.41638184, 6308.99804688, 27436.9472656, 20546.3671875, 18024.4472656, 400.352386475, 3053.92919922, 2143.68603516, 880.415466309, 15848.8828125, 177.942153931, 2007.25720215, 622.828918457, 166.99357605, 288.235534668, 105.479507446, 256.855499268, 71.3262634277, 367.658508301, 1.35947203636, 1.80162489414, 0.309927850962, 0.321396976709, 0.0259490348399, 0.0238041356206, 0.00473535293713, 0.000557342020329, 9.44942948991e-05, 5.46094361198e-06, 2.4073577265e-07, 7.96890831101e-10, 1.46725936956e-10, 8.01588517785e-10]}, "gfcc": {"mean": [-117.062934875, 184.679290771, -139.233901978, 8.16903305054, -49.0479698181, -16.8575801849, -25.0548686981, -9.98642444611, -13.7099237442, -11.2333068848, -5.34812068939, -17.1390361786, -8.12806987762], "cov": [[8935.86132812, -960.48059082, -769.917114258, 1795.81140137, -310.494384766, 611.991271973, 137.460403442, 194.248046875, -35.8252754211, 183.509185791, 194.697845459, -92.8414535522, 77.2674331665], [-960.48059082, 2388.71337891, 529.564697266, -672.133178711, 831.34753418, -480.263641357, 397.622039795, -68.6106033325, 470.865722656, -243.339492798, -79.8430709839, -60.2706680298, 280.905090332], [-769.917114258, 529.564697266, 831.88482666, 19.3506278992, 248.430648804, 94.2871398926, 100.767967224, 91.4847183228, 109.852294922, 25.6066265106, -33.6053771973, -47.1202888489, -47.3835678101], [1795.81140137, -672.133178711, 19.3506278992, 1055.48303223, -24.4556026459, 406.787475586, 60.4867210388, 98.7090377808, -102.21434021, 80.8600082397, 92.6345672607, 4.84472942352, -44.8575172424], [-310.494384766, 831.34753418, 248.430648804, -24.4556026459, 581.75579834, -35.109828949, 220.673782349, 6.11597824097, 155.208953857, -71.9238204956, -14.5871038437, 8.60358333588, 103.418449402], [611.991271973, -480.263641357, 94.2871398926, 406.787475586, -35.109828949, 371.890167236, 36.3790168762, 108.336112976, -67.451423645, 88.843711853, 47.0716133118, 8.22237968445, -69.7762298584], [137.460403442, 397.622039795, 100.767967224, 60.4867210388, 220.673782349, 36.3790168762, 266.905609131, 75.7810440063, 128.157577515, -7.27164173126, 11.5199480057, -8.58842086792, 45.0308647156], [194.248046875, -68.6106033325, 91.4847183228, 98.7090377808, 6.11597824097, 108.336112976, 75.7810440063, 169.576019287, 78.0383224487, 59.5181922913, 11.0327310562, -10.978345871, -29.478433609], [-35.8252754211, 470.865722656, 109.852294922, -102.21434021, 155.208953857, -67.451423645, 128.157577515, 78.0383224487, 242.467315674, 22.8259277344, 11.1853656769, -13.906334877, 42.1790466309], [183.509185791, -243.339492798, 25.6066265106, 80.8600082397, -71.9238204956, 88.843711853, -7.27164173126, 59.5181922913, 22.8259277344, 166.955383301, 58.7061271667, 7.5782585144, -59.3144607544], [194.697845459, -79.8430709839, -33.6053771973, 92.6345672607, -14.5871038437, 47.0716133118, 11.5199480057, 11.0327310562, 11.1853656769, 58.7061271667, 114.669906616, 59.9920501709, -4.39976263046], [-92.8414535522, -60.2706680298, -47.1202888489, 4.84472942352, 8.60358333588, 8.22237968445, -8.58842086792, -10.978345871, -13.906334877, 7.5782585144, 59.9920501709, 118.216400146, 36.2125663757], [77.2674331665, 280.905090332, -47.3835678101, -44.8575172424, 103.418449402, -69.7762298584, 45.0308647156, -29.478433609, 42.1790466309, -59.3144607544, -4.39976263046, 36.2125663757, 151.609085083]], "icov": [[0.000271317054285, -0.000501271220855, 0.000502474198584, -0.000586800917517, 0.00042303558439, -0.000389303837437, 0.000243932692683, -0.00025334052043, 0.000168518236023, -0.000436159898527, 0.000140161253512, 0.000170329905814, -6.96798888384e-05], [-0.000501271220855, 0.00587996933609, -0.00319119798951, 0.00251751323231, -0.00370974908583, 0.00351633364335, -0.00303632649593, 0.00285902433097, -0.00443755369633, 0.00431441748515, -0.00352969695814, 0.0032875337638, -0.00325008272193], [0.000502474198584, -0.00319119798951, 0.00363384815864, -0.00161883747205, 0.00125345145352, -0.00256346305832, 0.00195418181829, -0.0018971596146, 0.00168167834636, -0.00251042400487, 0.00230785878375, -0.00115805712994, 0.00222280970775], [-0.000586800917517, 0.00251751323231, -0.00161883747205, 0.0035036469344, -0.00186115805991, -0.000230075296713, -0.0014410065487, 0.0010951878503, -0.000985098071396, 0.00223636277951, -0.00263694324531, 0.00167731137481, -0.00135827693157], [0.00042303558439, -0.00370974908583, 0.00125345145352, -0.00186115805991, 0.00594742735848, -0.0025219109375, -0.00033367134165, -0.000193335508811, 0.00138657528441, -0.00187672639731, 0.00264958012849, -0.00262816250324, 0.000927506014705], [-0.000389303837437, 0.00351633364335, -0.00256346305832, -0.000230075296713, -0.0025219109375, 0.00932631641626, -0.00268150633201, -0.00182044354733, 0.000627614965197, 0.000895194069017, -0.00228553591296, 0.00109226838686, -0.000882480293512], [0.000243932692683, -0.00303632649593, 0.00195418181829, -0.0014410065487, -0.00033367134165, -0.00268150633201, 0.009103522636, -0.00363692524843, 0.000179025359103, -0.00121772987768, 0.000571023265366, -0.000439229799667, 0.000863520544954], [-0.00025334052043, 0.00285902433097, -0.0018971596146, 0.0010951878503, -0.000193335508811, -0.00182044354733, -0.00363692524843, 0.0134812975302, -0.00711482437328, 0.000660063349642, 0.000964795646723, 0.000292403798085, -0.000245698582148], [0.000168518236023, -0.00443755369633, 0.00168167834636, -0.000985098071396, 0.00138657528441, 0.000627614965197, 0.000179025359103, -0.00711482437328, 0.0134157128632, -0.00529656745493, 0.000243539616349, -0.000608925067354, 0.000624646432698], [-0.000436159898527, 0.00431441748515, -0.00251042400487, 0.00223636277951, -0.00187672639731, 0.000895194069017, -0.00121772987768, 0.000660063349642, -0.00529656745493, 0.0137669099495, -0.00745006557554, 0.00302305724472, 0.000209079342312], [0.000140161253512, -0.00352969695814, 0.00230785878375, -0.00263694324531, 0.00264958012849, -0.00228553591296, 0.000571023265366, 0.000964795646723, 0.000243539616349, -0.00745006557554, 0.0198003575206, -0.011287631467, 0.00385653227568], [0.000170329905814, 0.0032875337638, -0.00115805712994, 0.00167731137481, -0.00262816250324, 0.00109226838686, -0.000439229799667, 0.000292403798085, -0.000608925067354, 0.00302305724472, -0.011287631467, 0.017358975485, -0.00668262364343], [-6.96798888384e-05, -0.00325008272193, 0.00222280970775, -0.00135827693157, 0.000927506014705, -0.000882480293512, 0.000863520544954, -0.000245698582148, 0.000624646432698, 0.000209079342312, 0.00385653227568, -0.00668262364343, 0.0132191050798]]}, "melbands": {"dmean": [0.000138602641528, 0.000469058053568, 0.000390088243876, 0.000223951792577, 0.000160711773788, 0.00013451463019, 0.00014870063751, 0.000192069957848, 0.000144490753883, 0.000133852066938, 2.28453573072e-05, 4.55147419416e-05, 3.90615095966e-05, 1.49179841173e-05, 5.78253893764e-05, 4.47920465376e-05, 5.89919864069e-06, 1.2276700545e-05, 7.50343497202e-06, 8.94851382327e-06, 3.27722568727e-06, 4.10904567616e-06, 7.51367406338e-06, 1.17670697364e-06, 1.66048471328e-06, 1.34471576985e-06, 1.80056269983e-06, 2.74903482023e-06, 1.09079529409e-07, 6.01642113907e-08, 3.42817799037e-07, 1.26314930071e-07, 1.38367610703e-08, 1.14351877301e-07, 2.72754601127e-08, 1.46801113488e-08, 1.90702724723e-08, 9.69907976156e-09, 1.17747829265e-08, 3.60930574317e-09], "dmean2": [0.000171126564965, 0.000596228113864, 0.000577927799895, 0.00031362939626, 0.000219779947656, 0.000196098189917, 0.000195655942662, 0.000285947025986, 0.000209329286008, 0.000203523857635, 3.35213262588e-05, 6.43609164399e-05, 6.00164312345e-05, 2.21482569032e-05, 9.18231671676e-05, 7.14991692803e-05, 9.86222676147e-06, 1.95280790649e-05, 1.2027894627e-05, 1.49037641677e-05, 5.38041012987e-06, 6.89222770234e-06, 1.29088393805e-05, 1.98542443286e-06, 2.80040353573e-06, 2.29992770073e-06, 2.96862754112e-06, 4.51738651464e-06, 1.83003294296e-07, 1.01470504887e-07, 5.81247434184e-07, 2.12498605379e-07, 2.33394175098e-08, 1.92084741002e-07, 4.56584139386e-08, 2.49407001718e-08, 3.23059019536e-08, 1.63367666062e-08, 1.96745517655e-08, 6.03309180391e-09], "dvar": [2.04508651791e-07, 1.44161219851e-06, 7.72747682731e-07, 1.98572791987e-07, 1.70600358729e-07, 7.86365177419e-08, 1.58332269962e-07, 2.82032090126e-07, 2.45549216515e-07, 2.21914959297e-07, 4.31604352258e-09, 2.00589713728e-08, 1.28900987661e-08, 1.93228122392e-09, 2.60731685131e-08, 1.64043392203e-08, 4.51229220655e-10, 2.7636288813e-09, 5.56970913834e-10, 1.24559140779e-09, 1.15852931415e-10, 1.21709503587e-10, 5.15840370419e-10, 2.83636100717e-11, 1.44670928015e-10, 4.46714956692e-11, 3.10983079566e-11, 8.41122449469e-11, 1.0964598912e-13, 4.57360454305e-14, 1.05376666594e-12, 1.55279394486e-13, 3.77547699118e-15, 1.47954904079e-13, 6.66510278569e-15, 2.28854538063e-15, 4.35668982376e-15, 1.15519761539e-15, 1.50150936521e-15, 1.50298373194e-16], "dvar2": [3.0899471426e-07, 2.53964867625e-06, 2.08866526918e-06, 4.24075295768e-07, 2.85242180098e-07, 1.89577235687e-07, 2.14198124127e-07, 6.11619100255e-07, 5.2243905202e-07, 4.69485911481e-07, 9.64747837173e-09, 3.93256485154e-08, 3.09840260115e-08, 4.2588550464e-09, 6.41826716219e-08, 4.08861069445e-08, 1.27095156621e-09, 6.81899425814e-09, 1.37691869018e-09, 3.35534156015e-09, 3.22042059686e-10, 3.34771765864e-10, 1.42169997996e-09, 7.60991755722e-11, 3.80146025769e-10, 1.26688673441e-10, 8.02272970279e-11, 2.14258166764e-10, 3.09049362707e-13, 1.26349966731e-13, 2.88657899666e-12, 4.17444833041e-13, 1.08629197217e-14, 4.03217444243e-13, 1.76539081205e-14, 6.46837599555e-15, 1.21991548536e-14, 3.41519406817e-15, 4.05806242898e-15, 4.02940931608e-16], "max": [0.0216253809631, 0.0430470332503, 0.0373088568449, 0.0263349115849, 0.0355230979621, 0.0119973858818, 0.0274728294462, 0.0523848719895, 0.043861463666, 0.0318646803498, 0.0021022639703, 0.00389627739787, 0.00438522547483, 0.00249391864054, 0.00531183835119, 0.00471168151125, 0.000712197914254, 0.00229316251352, 0.00093432207359, 0.0013596189674, 0.000500728783663, 0.000435061519966, 0.00104638177436, 0.000246012117714, 0.00059009459801, 0.000383199076168, 0.000239237619098, 0.000399442971684, 1.53086166392e-05, 1.15281500257e-05, 2.99783569062e-05, 1.11476801976e-05, 2.79394839708e-06, 1.15947641461e-05, 2.46223930844e-06, 1.74613944637e-06, 2.32049160331e-06, 1.61729008141e-06, 9.97270376502e-07, 4.71809784131e-07], "mean": [0.000627925328445, 0.00207694224082, 0.00123807322234, 0.000833838828839, 0.000630333845038, 0.000409315398429, 0.000520426372532, 0.000632183859125, 0.000439134368207, 0.000282688881271, 4.86028693558e-05, 9.10619055503e-05, 6.81042074575e-05, 2.86294380203e-05, 8.61384469317e-05, 6.44286483293e-05, 8.820416042e-06, 1.80851457117e-05, 1.18416801342e-05, 1.35641585075e-05, 5.94329230807e-06, 6.99721476849e-06, 1.07577070594e-05, 1.92988704839e-06, 2.53779057857e-06, 2.13765383705e-06, 2.80709673461e-06, 4.07114885093e-06, 2.20534531081e-07, 1.17988442128e-07, 4.97855012327e-07, 1.85445429679e-07, 2.83340906293e-08, 1.71244238345e-07, 4.03825453077e-08, 2.40972806154e-08, 2.93096196202e-08, 1.57867479089e-08, 1.66898441734e-08, 6.74697409053e-09], "median": [9.27948567551e-05, 0.000406923529226, 0.000484326417791, 0.000321686005918, 0.000216501997784, 0.000148208928294, 0.000124704762129, 0.000178474641871, 0.000121142147691, 7.15989954188e-05, 1.68506048794e-05, 1.41726213769e-05, 1.44641708175e-05, 8.32811383589e-06, 2.03219497052e-05, 1.33179837576e-05, 2.44486386691e-06, 2.94579604088e-06, 2.81022062154e-06, 2.63395190814e-06, 1.74368778971e-06, 2.4797907372e-06, 1.97700774152e-06, 3.86534395602e-07, 2.96991373716e-07, 2.36525508512e-07, 4.41409753194e-07, 3.87988990269e-07, 5.87209072478e-08, 2.58751011728e-08, 5.80781644999e-08, 2.85877419515e-08, 6.31265351103e-09, 8.40455527396e-09, 5.05856867505e-09, 2.70440470018e-09, 2.13521156311e-09, 1.19203846793e-09, 7.64852403634e-10, 4.31959135128e-10], "min": [7.21211664977e-24, 3.3695810969e-24, 6.06009218835e-24, 1.15208409931e-23, 2.36251629547e-23, 1.12079314264e-23, 2.3789552101e-23, 8.42748624745e-24, 2.5457423358e-23, 2.41496150394e-23, 1.0419627457e-23, 1.38855501641e-23, 3.73906847766e-23, 7.93414052594e-24, 6.26037056155e-24, 1.40475332846e-23, 9.46922598217e-24, 1.31463433197e-23, 8.07646128843e-24, 1.4430492122e-23, 9.29794219155e-24, 1.27136460134e-23, 1.09891116665e-23, 7.00316948408e-24, 6.74670764835e-24, 1.46575988657e-23, 1.09775438102e-23, 9.30606114798e-24, 1.10017642065e-23, 1.05783068281e-23, 7.57363109225e-24, 1.33406192503e-23, 7.34125396882e-24, 8.86646840855e-24, 8.01346758971e-24, 1.19045184827e-23, 8.05063950442e-24, 1.20049838633e-23, 9.9044523765e-24, 9.70210561e-24], "var": [2.1570822355e-06, 1.59554583661e-05, 4.95098265674e-06, 2.80054928226e-06, 2.82736391455e-06, 5.8235951883e-07, 1.64590585428e-06, 2.83652457256e-06, 1.28116312226e-06, 5.34577793587e-07, 9.487844288e-09, 5.95672382531e-08, 2.626213913e-08, 4.9842499017e-09, 4.67123655312e-08, 2.8293010601e-08, 5.45368805671e-10, 4.55117765696e-09, 1.02534625235e-09, 1.87999260604e-09, 2.07458827894e-10, 2.18776788352e-10, 7.90557952435e-10, 4.41806764784e-11, 2.10882006302e-10, 7.47324979677e-11, 5.72249990449e-11, 1.48026174651e-10, 2.45131551776e-13, 1.01904948238e-13, 1.59474668714e-12, 2.23223037819e-13, 7.00599627751e-15, 2.57492188379e-13, 1.04144903151e-14, 3.90206055943e-15, 7.11577810022e-15, 2.20889315512e-15, 2.42087077347e-15, 3.70011572871e-16]}, "mfcc": {"mean": [-752.076660156, 202.107589722, -14.9368743896, 16.9121761322, -3.16135072708, -6.74581384659, -5.94316720963, -5.15574550629, -5.50791311264, -2.60075044632, -2.31229400635, 4.59204864502, 0.652101039886], "cov": [[6694.94287109, 101.86026001, -1114.29394531, 1092.12512207, -43.4692268372, 340.566986084, 252.541564941, 180.549636841, 110.020172119, 162.731521606, -43.5518569946, 59.6539077759, 195.426147461], [101.86026001, 2110.97949219, -101.947441101, 77.8734893799, 259.935241699, -82.7672424316, -1.02835702896, 5.40898180008, 355.870697021, 170.025390625, 0.632020115852, -224.344039917, -35.5990486145], [-1114.29394531, -101.947441101, 820.906188965, -79.5262680054, 105.726242065, 78.5114517212, 21.2491359711, 65.0667572021, -2.54418325424, 43.9540634155, 115.512329102, 129.695617676, 9.00771141052], [1092.12512207, 77.8734893799, -79.5262680054, 558.259643555, 160.264511108, 189.904449463, 176.24647522, 120.409561157, 103.6824646, 79.6390228271, 6.81329488754, 16.4891929626, 75.463432312], [-43.4692268372, 259.935241699, 105.726242065, 160.264511108, 266.950408936, 116.475906372, 108.623733521, 76.6626815796, 79.6082687378, 46.7953529358, 6.56561422348, -17.4644927979, 12.8318424225], [340.566986084, -82.7672424316, 78.5114517212, 189.904449463, 116.475906372, 209.195556641, 138.106216431, 86.5036010742, 37.4765090942, 44.6222419739, 35.2561149597, 41.2034263611, 37.8146858215], [252.541564941, -1.02835702896, 21.2491359711, 176.24647522, 108.623733521, 138.106216431, 210.384552002, 115.986167908, 54.8245277405, 37.4729309082, 14.4824008942, 31.6244163513, 37.9356994629], [180.549636841, 5.40898180008, 65.0667572021, 120.409561157, 76.6626815796, 86.5036010742, 115.986167908, 172.491348267, 89.6042938232, 36.0130310059, 20.528093338, 60.9608001709, 38.3199691772], [110.020172119, 355.870697021, -2.54418325424, 103.6824646, 79.6082687378, 37.4765090942, 54.8245277405, 89.6042938232, 200.108306885, 116.261100769, 38.9394798279, -33.0582122803, 11.2741680145], [162.731521606, 170.025390625, 43.9540634155, 79.6390228271, 46.7953529358, 44.6222419739, 37.4729309082, 36.0130310059, 116.261100769, 184.567993164, 100.442359924, -27.7842884064, 4.81706809998], [-43.5518569946, 0.632020115852, 115.512329102, 6.81329488754, 6.56561422348, 35.2561149597, 14.4824008942, 20.528093338, 38.9394798279, 100.442359924, 172.239929199, 95.7745513916, 18.5916938782], [59.6539077759, -224.344039917, 129.695617676, 16.4891929626, -17.4644927979, 41.2034263611, 31.6244163513, 60.9608001709, -33.0582122803, -27.7842884064, 95.7745513916, 276.823822021, 98.4169387817], [195.426147461, -35.5990486145, 9.00771141052, 75.463432312, 12.8318424225, 37.8146858215, 37.9356994629, 38.3199691772, 11.2741680145, 4.81706809998, 18.5916938782, 98.4169387817, 115.790290833]], "icov": [[0.000382351543522, -0.000154311375809, 0.000495975662488, -0.000653598923236, 0.000536578707397, -0.000613839307334, 0.000371898990124, -0.00044704505126, 0.000670341949444, -0.000671649700962, 0.00034537515603, -0.000350262358552, 6.66568084853e-05], [-0.000154311375809, 0.00103649566881, -0.000146551057696, 0.000314861099469, -0.00124414474703, 0.00114210799802, -0.000317899364745, 0.00114631070755, -0.00230504595675, 0.000698371732142, -0.000378165103029, 0.000483811367303, -0.000280139647657], [0.000495975662488, -0.000146551057696, 0.00235201930627, -0.000217686887481, -0.000315038778353, -0.00138706038706, 0.00110136892181, -0.00131249590777, 0.00137984671164, -0.00132613093592, -7.27453880245e-05, -0.00108245783485, 0.00049072218826], [-0.000653598923236, 0.000314861099469, -0.000217686887481, 0.00450619636104, -0.00176727597136, -0.000893316464499, -0.00124676420819, 0.000542490568478, -0.00156157556921, 0.000201036207727, 0.0001837801683, 0.000516299798619, -0.00132808135822], [0.000536578707397, -0.00124414474703, -0.000315038778353, -0.00176727597136, 0.00814296118915, -0.00357040367089, -0.000647544977255, -0.0012900501024, 0.00114364281762, -0.000594814715441, 0.00104207696859, 8.25820970931e-05, 0.000466749304906], [-0.000613839307334, 0.00114210799802, -0.00138706038706, -0.000893316464499, -0.00357040367089, 0.0129733672366, -0.00522161787376, 0.000794368272182, -0.00107090862002, 0.000847604125738, -0.00207711057737, 0.000962068035733, -0.000731273379643], [0.000371898990124, -0.000317899364745, 0.00110136892181, -0.00124676420819, -0.000647544977255, -0.00522161787376, 0.0119648231193, -0.00600316794589, 0.00237732497044, -0.00129921839107, 0.000433609558968, 8.3538259787e-05, -0.0004728215863], [-0.00044704505126, 0.00114631070755, -0.00131249590777, 0.000542490568478, -0.0012900501024, 0.000794368272182, -0.00600316794589, 0.0156229743734, -0.00915162917227, 0.00200033280998, 0.00183393899351, -0.00312292925082, 0.000703237194102], [0.000670341949444, -0.00230504595675, 0.00137984671164, -0.00156157556921, 0.00114364281762, -0.00107090862002, 0.00237732497044, -0.00915162917227, 0.0175109636039, -0.00848908349872, 0.00122151640244, 0.000326074485201, -0.000281991407974], [-0.000671649700962, 0.000698371732142, -0.00132613093592, 0.000201036207727, -0.000594814715441, 0.000847604125738, -0.00129921839107, 0.00200033280998, -0.00848908349872, 0.0182734392583, -0.0117756389081, 0.00681041413918, -0.00295827491209], [0.00034537515603, -0.000378165103029, -7.27453880245e-05, 0.0001837801683, 0.00104207696859, -0.00207711057737, 0.000433609558968, 0.00183393899351, 0.00122151640244, -0.0117756389081, 0.017149919644, -0.00888957083225, 0.0041736443527], [-0.000350262358552, 0.000483811367303, -0.00108245783485, 0.000516299798619, 8.25820970931e-05, 0.000962068035733, 8.3538259787e-05, -0.00312292925082, 0.000326074485201, 0.00681041413918, -0.00888957083225, 0.0115833096206, -0.00756264012307], [6.66568084853e-05, -0.000280139647657, 0.00049072218826, -0.00132808135822, 0.000466749304906, -0.000731273379643, -0.0004728215863, 0.000703237194102, -0.000281991407974, -0.00295827491209, 0.0041736443527, -0.00756264012307, 0.0152826346457]]}, "spectral_contrast_coeffs": {"dmean": [0.03650457412, 0.0350058637559, 0.0330341570079, 0.0312603414059, 0.0205407328904, 0.017910702154], "dmean2": [0.0592007152736, 0.0571389943361, 0.0532027594745, 0.0513544045389, 0.0341684706509, 0.0308140106499], "dvar": [0.000983725069091, 0.000872168981005, 0.000786343356594, 0.000681547215208, 0.000284360838123, 0.000257300504018], "dvar2": [0.00269853230566, 0.00230252463371, 0.00196139351465, 0.00183169113006, 0.000779007503297, 0.000764149765018], "max": [-0.148558080196, -0.30750516057, -0.422329246998, -0.430235981941, -0.575680732727, -0.632825195789], "mean": [-0.566474199295, -0.657893776894, -0.711015343666, -0.726726353168, -0.75488960743, -0.746398568153], "median": [-0.570688247681, -0.662678003311, -0.713313758373, -0.734866380692, -0.760770320892, -0.734370112419], "min": [-0.967671811581, -0.934000015259, -0.968797326088, -0.958556830883, -0.961428105831, -0.96034091711], "var": [0.00915961433202, 0.00707657029852, 0.00529529293999, 0.00413825456053, 0.00238066283055, 0.00243438780308]}, "spectral_contrast_valleys": {"dmean": [0.340587586164, 0.277534246445, 0.261680364609, 0.201747849584, 0.140479043126, 0.217226281762], "dmean2": [0.559146285057, 0.461445569992, 0.436249524355, 0.341085165739, 0.231477379799, 0.359218865633], "dvar": [0.116002380848, 0.0720298364758, 0.0625419914722, 0.0394683144987, 0.0213371347636, 