{"lowlevel": {"average_loudness": 0.56067609787, "barkbands_crest": {"dmean": 2.31525421143, "dmean2": 3.5900657177, "dvar": 5.97116708755, "dvar2": 13.405415535, "max": 26.0710334778, "mean": 10.5717792511, "median": 9.39529895782, "min": 2.72593522072, "var": 20.2838802338}, "barkbands_flatness_db": {"dmean": 0.0248606950045, "dmean2": 0.0365741960704, "dvar": 0.000729712832253, "dvar2": 0.00161706970539, "max": 0.542764544487, "mean": 0.186526924372, "median": 0.160648435354, "min": 0.0272913333029, "var": 0.00782978348434}, "barkbands_kurtosis": {"dmean": 4.0228972435, "dmean2": 6.26158380508, "dvar": 160.820861816, "dvar2": 377.654144287, "max": 425.177246094, "mean": 6.95995855331, "median": 2.2615442276, "min": -1.86184167862, "var": 419.96496582}, "barkbands_skewness": {"dmean": 0.534198880196, "dmean2": 0.791952192783, "dvar": 0.549271404743, "dvar2": 1.15594351292, "max": 16.8200550079, "mean": 1.62314498425, "median": 1.33332300186, "min": -2.30224370956, "var": 2.31792497635}, "barkbands_spread": {"dmean": 4.1348156929, "dmean2": 6.59447097778, "dvar": 40.8961982727, "dvar2": 104.467895508, "max": 116.608886719, "mean": 14.6770009995, "median": 13.5965366364, "min": 0.251224339008, "var": 100.629386902}, "dissonance": {"dmean": 0.0265462137759, "dmean2": 0.044791303575, "dvar": 0.000607867899816, "dvar2": 0.00167137838434, "max": 0.5, "mean": 0.432987600565, "median": 0.440363615751, "min": 0.203585222363, "var": 0.0016998113133}, "dynamic_complexity": 6.19061660767, "erbbands_crest": {"dmean": 2.51847720146, "dmean2": 3.9196472168, "dvar": 5.84269666672, "dvar2": 13.4475708008, "max": 30.5770702362, "mean": 10.6928262711, "median": 9.82642364502, "min": 2.45138859749, "var": 19.6921024323}, "erbbands_flatness_db": {"dmean": 0.0212352555245, "dmean2": 0.0301903374493, "dvar": 0.000548085023183, "dvar2": 0.00104503426701, "max": 0.433952987194, "mean": 0.198991373181, "median": 0.186891049147, "min": 0.0463690385222, "var": 0.00523453671485}, "erbbands_kurtosis": {"dmean": 1.05429065228, "dmean2": 1.60758519173, "dvar": 3.67321825027, "dvar2": 8.78599643707, "max": 85.6245803833, "mean": 1.16935265064, "median": 0.506232023239, "min": -1.78661739826, "var": 10.0746498108}, "erbbands_skewness": {"dmean": 0.356573164463, "dmean2": 0.541852831841, "dvar": 0.144594013691, "dvar2": 0.350139439106, "max": 8.24032592773, "mean": 0.562388181686, "median": 0.538183450699, "min": -2.54495096207, "var": 0.629044115543}, "erbbands_spread": {"dmean": 6.72896432877, "dmean2": 10.2092647552, "dvar": 92.1411743164, "dvar2": 209.476531982, "max": 154.602722168, "mean": 26.9754314423, "median": 23.8286266327, "min": 3.36761593819, "var": 230.327728271}, "hfc": {"dmean": 5.76615285873, "dmean2": 9.34243488312, "dvar": 134.05229187, "dvar2": 360.832702637, "max": 159.075897217, "mean": 15.9078865051, "median": 11.9465208054, "min": 1.07331435804e-16, "var": 277.970489502}, "melbands_crest": {"dmean": 2.82510066032, "dmean2": 4.41401433945, "dvar": 8.20636463165, "dvar2": 18.6791191101, "max": 34.6648139954, "mean": 14.6886005402, "median": 13.6662998199, "min": 1.55530750751, "var": 33.2892532349}, "melbands_flatness_db": {"dmean": 0.0282095596194, "dmean2": 0.0413063727319, "dvar": 0.001027852064, "dvar2": 0.00224422756582, "max": 0.650978386402, "mean": 0.266436725855, "median": 0.236290201545, "min": 0.00414898851886, "var": 0.0117269484326}, "melbands_kurtosis": {"dmean": 7.54624223709, "dmean2": 11.6162080765, "dvar": 469.029937744, "dvar2": 1109.9005127, "max": 569.683410645, "mean": 13.7507801056, "median": 5.2437415123, "min": -1.72493875027, "var": 1048.82421875}, "melbands_skewness": {"dmean": 0.664980232716, "dmean2": 0.968458652496, "dvar": 0.842475891113, "dvar2": 1.73010265827, "max": 16.6863384247, "mean": 2.29041194916, "median": 1.87034201622, "min": -1.40881991386, "var": 3.1904938221}, "melbands_spread": {"dmean": 4.36607933044, "dmean2": 6.78372240067, "dvar": 42.1872940063, "dvar2": 94.9421386719, "max": 175.203872681, "mean": 17.4435787201, "median": 15.0679302216, "min": 0.246516108513, "var": 262.138641357}, "pitch_salience": {"dmean": 0.0648528635502, "dmean2": 0.102997884154, "dvar": 0.00427883444354, "dvar2": 0.0102321263403, "max": 0.923428356647, "mean": 0.484363228083, "median": 0.488819777966, "min": 0.0176345780492, "var": 0.0159722510725}, "silence_rate_20dB": {"dmean": 0, "dmean2": 0, "dvar": 0, "dvar2": 0, "max": 1, "mean": 1, "median": 1, "min": 1, "var": 0}, "silence_rate_30dB": {"dmean": 0.0215194001794, "dmean2": 0.0430434793234, "dvar": 0.0210560783744, "dvar2": 0.0514083988965, "max": 1, "mean": 0.977830886841, "median": 1, "min": 0, "var": 0.0216766726226}, "silence_rate_60dB": {"dmean": 0.0263014882803, "dmean2": 0.0526086948812, "dvar": 0.0256061851978, "dvar2": 0.0548475570977, "max": 1, "mean": 0.206368178129, "median": 0, "min": 0, "var": 0.163790628314}, "spectral_centroid": {"dmean": 169.839920044, "dmean2": 268.729095459, "dvar": 95200.6171875, "dvar2": 222227.296875, "max": 11704.3818359, "mean": 959.406555176, "median": 864.706665039, "min": 100.257827759, "var": 677685.125}, "spectral_complexity": {"dmean": 2.33431148529, "dmean2": 3.81304359436, "dvar": 13.2805709839, "dvar2": 33.6521263123, "max": 56, "mean": 12.7924365997, "median": 14, "min": 0, "var": 59.2989616394}, "spectral_decrease": {"dmean": 2.55337595512e-09, "dmean2": 3.84103193696e-09, "dvar": 2.22599183204e-17, "dvar2": 5.14906928035e-17, "max": 1.09913981358e-18, "mean": -7.04196700951e-09, "median": -5.25471399726e-09, "min": -7.06890119773e-08, "var": 5.63584091716e-17}, "spectral_energy": {"dmean": 0.0100362012163, "dmean2": 0.0151227237657, "dvar": 0.000339622638421, "dvar2": 0.000790229649283, "max": 0.274217605591, "mean": 0.0280208513141, "median": 0.0211621299386, "min": 1.00969276405e-20, "var": 0.000870179443154}, "spectral_energyband_high": {"dmean": 0.000308455346385, "dmean2": 0.000529511482455, "dvar": 6.41276528768e-07, "dvar2": 1.72283682787e-06, "max": 0.00868851877749, "mean": 0.000356781238224, "median": 0.000113322421385, "min": 6.91713065921e-21, "var": 5.28582006609e-07}, "spectral_energyband_low": {"dmean": 0.00644340831786, "dmean2": 0.00989379920065, "dvar": 0.000238725973759, "dvar2": 0.000546424009372, "max": 0.242733076215, "mean": 0.0111976787448, "median": 0.00313349906355, "min": 1.91830193554e-23, "var": 0.000404471618822}, "spectral_energyband_middle_high": {"dmean": 0.00156959530432, "dmean2": 0.002383393934, "dvar": 6.27018653176e-06, "dvar2": 1.58174407261e-05, "max": 0.0422513484955, "mean": 0.00536809675395, "median": 0.00364786339924, "min": 1.19101467213e-21, "var": 3.41449594998e-05}, "spectral_energyband_middle_low": {"dmean": 0.00431580189615, "dmean2": 0.00660760514438, "dvar": 6.22172374278e-05, "dvar2": 0.000153101063916, "max": 0.115077003837, "mean": 0.0119581073523, "median": 0.00777263380587, "min": 1.52845927707e-22, "var": 0.000184615302715}, "spectral_entropy": {"dmean": 0.22390653193, "dmean2": 0.327708423138, "dvar": 0.0777610167861, "dvar2": 0.172880217433, "max": 9.82468414307, "mean": 6.92583227158, "median": 6.99101352692, "min": 4.70916891098, "var": 0.492471903563}, "spectral_flux": {"dmean": 0.0259957201779, "dmean2": 0.0406453236938, "dvar": 0.00157508312259, "dvar2": 0.00308405142277, "max": 0.383561939001, "mean": 0.0642104223371, "median": 0.0524568334222, "min": 6.43114519971e-11, "var": 0.00339045585133}, "spectral_kurtosis": {"dmean": 5.77228593826, "dmean2": 9.65348243713, "dvar": 125.483970642, "dvar2": 346.443084717, "max": 231.719650269, "mean": 16.9747638702, "median": 7.20308637619, "min": -1.2803324461, "var": 872.900024414}, "spectral_rms": {"dmean": 0.000800781068392, "dmean2": 0.00116005947348, "dvar": 1.34252763928e-06, "dvar2": 2.8612485039e-06, "max": 0.016356324777, "mean": 0.00445504486561, "median": 0.00454378500581, "min": 3.13857620449e-12, "var": 7.49002629163e-06}, "spectral_rolloff": {"dmean": 282.171478271, "dmean2": 495.79989624, "dvar": 490773.90625, "dvar2": 1222434, "max": 19853.6132812, "mean": 1139.84655762, "median": 882.861328125, "min": 64.599609375, "var": 3355642.25}, "spectral_skewness": {"dmean": 0.467058330774, "dmean2": 0.768394827843, "dvar": 0.39721813798, "dvar2": 1.08916699886, "max": 11.7602357864, "mean": 2.55739808083, "median": 2.07636213303, "min": -0.0698954612017, "var": 2.87652897835}, "spectral_spread": {"dmean": 753856.0625, "dmean2": 1080239.25, "dvar": 1433089605630.0, "dvar2": 2881602453500.0, "max": 48763908, "mean": 3761439, "median": 3417569.75, "min": 389264.28125, "var": 8857543770110.0}, "spectral_strongpeak": {"dmean": 0.481815159321, "dmean2": 0.820578277111, "dvar": 0.906373202801, "dvar2": 2.24077796936, "max": 13.0157642365, "mean": 0.963733375072, "median": 0.480112969875, "min": 0, "var": 1.71020483971}, "zerocrossingrate": {"dmean": 0.00757639901713, "dmean2": 0.0093973968178, "dvar": 0.000118721232866, "dvar2": 0.000170574363437, "max": 0.517578125, "mean": 0.0451587475836, "median": 0.0390625, "min": 0.0029296875, "var": 0.00241956301033}, "barkbands": {"dmean": [7.63825955801e-05, 0.00449196482077, 0.00274625024758, 0.000784258008935, 0.00100344337989, 0.00126622465905, 0.000771312159486, 0.00125672586728, 0.00069701182656, 0.000453705026302, 0.000448984705145, 0.000488489517011, 0.000283101922832, 0.000251523830229, 0.000298428232782, 8.76000704011e-05, 0.000212275408558, 0.00011185619951, 9.29093293962e-05, 0.00010270884377, 6.48299755994e-05, 7.6089578215e-05, 7.45454526623e-05, 3.07763912133e-05, 2.65573162324e-05, 2.45392366196e-05, 8.48008767207e-06], "dmean2": [0.000110867564217, 0.00688143540174, 0.00476784165949, 0.00133939704392, 0.00141953933053, 0.00177040218841, 0.00116728362627, 0.00195380277, 0.00109592592344, 0.000647682812996, 0.000621859915555, 0.000683659862261, 0.00040376742254, 0.000357361859642, 0.000473222578876, 0.000140534641105, 0.000337402365403, 0.000197259127162, 0.000168891318026, 0.000188916936168, 0.000116497656563, 0.000130898581119, 0.000128153362311, 5.16773288837e-05, 4.4225329475e-05, 4.07297484344e-05, 1.43248535096e-05], "dvar": [4.83593716183e-08, 0.000120766264445, 7.40391915315e-05, 6.94591290085e-06, 2.7637158837e-06, 4.31591570305e-06, 2.15088425648e-06, 1.0855796063e-05, 5.75743661102e-06, 1.06884522211e-06, 9.91660726868e-07, 8.49130856295e-07, 5.96259553731e-07, 4.55270537714e-07, 6.05563798217e-07, 7.80165052561e-08, 3.19811562122e-07, 1.18812458538e-07, 1.25838909071e-07, 1.99773069198e-07, 4.1166760667e-08, 3.40685488709e-08, 6.59763941258e-08, 6.83608458729e-09, 4.96803131966e-09, 6.40545572139e-09, 5.88711857041e-10], "dvar2": [9.73737854792e-08, 0.000274892809102, 0.000201622780878, 1.76321536856e-05, 5.58608780921e-06, 9.16565750231e-06, 5.25038421983e-06, 2.79645628325e-05, 1.48221397467e-05, 2.11876385947e-06, 1.93561754713e-06, 1.63322147273e-06, 1.19650917441e-06, 9.16722399324e-07, 1.58759780788e-06, 1.97992875428e-07, 6.86299017616e-07, 3.41696960504e-07, 3.68031066955e-07, 5.82185123221e-07, 1.18931680504e-07, 9.19624270068e-08, 1.80597140798e-07, 1.78740986456e-08, 1.25458079481e-08, 1.63401931985e-08, 1.50504342322e-09], "max": [0.00269449315965, 0.155675515532, 0.136700898409, 0.0543422847986, 0.0281126871705, 0.0358176603913, 0.0373008027673, 0.0698313042521, 0.0614314042032, 0.0236072540283, 0.029959499836, 0.0178593099117, 0.0278323795646, 0.0207244660705, 0.0195439327508, 0.00818348582834, 0.0182914175093, 0.00408803392202, 0.00411551445723, 0.0051777921617, 0.00269926106557, 0.00188911519945, 0.00313735357486, 0.00144269247539, 0.000675942981616, 0.0010055929888, 0.000202052819077], "mean": [8.07247997727e-05, 0.00691354786977, 0.00351466285065, 0.00105581362732, 0.00237496104091, 0.00327667058446, 0.00192598684225, 0.00181270833127, 0.00114348146599, 0.00100441195536, 0.000984269776382, 0.000986660830677, 0.000604314554948, 0.000546453753486, 0.000583624467254, 0.000160736395628, 0.000389003689634, 0.000151577347424, 9.8172975413e-05, 9.64171413216e-05, 7.29098464944e-05, 8.91941017471e-05, 7.00911987224e-05, 2.93532502837e-05, 2.56684870692e-05, 2.2798018108e-05, 6.65269863021e-06], "median": [8.26814539323e-06, 0.0013342066668, 0.00054160435684, 0.000191316998098, 0.000966194551438, 0.00131077645347, 0.000537947867997, 0.000555952196009, 0.000242386347963, 0.000176346307853, 0.000187451165402, 0.000288977316814, 0.000108916850877, 7.12805340299e-05, 0.000148139137309, 4.43689568783e-05, 9.85951191979e-05, 5.77806349611e-05, 3.91275862057e-05, 2.75258717011e-05, 2.04411444429e-05, 1.429637814e-05, 1.04757600639e-05, 5.12904625793e-06, 3.8047878661e-06, 2.35992615671e-06, 3.75755405457e-07], "min": [2.06023292186e-24, 5.11949546573e-24, 2.35494662288e-24, 7.1645264463e-25, 5.33433108365e-24, 1.34971765855e-23, 5.80781447086e-24, 5.06841553883e-24, 1.78083992513e-23, 2.09482612916e-23, 2.79867181017e-23, 3.58206496268e-23, 3.97704635575e-23, 5.7743002675e-23, 5.35784418733e-23, 5.74693310498e-23, 6.14933357709e-23, 8.90883844331e-23, 1.63102760305e-22, 2.05857431025e-22, 2.45125286056e-22, 3.21848862712e-22, 4.50535552854e-22, 4.83929536964e-22, 8.23521711592e-22, 1.4081809859e-21, 2.00692474688e-21], "var": [6.49689440024e-08, 0.000183962838491, 8.87062269612e-05, 1.41728596645e-05, 9.83688187262e-06, 2.01513958018e-05, 1.09175207399e-05, 1.37404977067e-05, 8.21910271043e-06, 4.17251294493e-06, 3.94608059651e-06, 2.75183288068e-06, 2.13059092857e-06, 1.58901980285e-06, 1.87694286069e-06, 1.77626418463e-07, 1.28838291857e-06, 9.97162672434e-08, 7.57360254511e-08, 1.17246749198e-07, 2.9302171356e-08, 3.55581413203e-08, 4.93474594521e-08, 5.73252822988e-09, 4.28521573781e-09, 5.20027976236e-09, 4.62905574983e-10]}, "erbbands": {"dmean": [0.0990213304758, 1.16071009636, 3.20795416832, 2.81804013252, 2.17005515099, 3.67100691795, 10.0963401794, 9.41024017334, 11.4512872696, 9.51302337646, 34.6360969543, 17.9375286102, 12.034491539, 20.3361568451, 10.7129440308, 23.4294548035, 13.3074350357, 15.5214242935, 12.0517492294, 9.57959270477, 8.1509771347, 6.93980836868, 5.58176708221, 6.03197717667, 5.09381771088, 4.77570581436, 2.91918087006, 2.1934595108, 3.07322335243, 1.73265373707, 2.01293730736, 1.1334438324, 0.453318864107, 0.389151990414, 0.147054329515, 0.152122661471, 0.0291138030589, 0.0105292694643, 0.00123810791411, 8.76144404174e-05], "dmean2": [0.150182589889, 1.8236553669, 5.44199419022, 4.90301036835, 3.41489839554, 5.42347717285, 13.0507478714, 13.4477853775, 16.5271530151, 15.0380554199, 53.7243156433, 27.5711612701, 17.4540081024, 28.3968887329, 15.3629131317, 32.7382965088, 18.8770256042, 21.8609752655, 18.8083190918, 15.2382898331, 12.8409948349, 11.3945817947, 9.68034648895, 11.1088562012, 9.27286338806, 8.76455783844, 5.2784948349, 3.86718153954, 5.28519582748, 3.00703406334, 3.49679350853, 1.91406655312, 0.74566078186, 0.65673995018, 0.238617286086, 0.253208905458, 0.0481354556978, 0.0176935512573, 0.00205116253346, 0.000146047706949], "dvar": [0.0833439007401, 8.23468494415, 90.6639251709, 85.849319458, 26.0221862793, 47.1067733765, 271.367675781, 303.299865723, 439.526184082, 417.375793457, 8323.24023438, 3984.5625, 778.692382812, 2060.40966797, 594.969543457, 1998.22753906, 1157.08398438, 1333.97949219, 626.275268555, 705.439331055, 426.075683594, 272.822814941, 240.965789795, 566.512145996, 396.127807617, 462.360778809, 99.2861328125, 38.2958984375, 54.3259544373, 19.2723999023, 46.1468086243, 15.6584444046, 1.25688672066, 1.09923303127, 0.143695533276, 0.324596196413, 0.00644799135625, 0.000861330365296, 1.2060154404e-05, 5.49431362629e-08], "dvar2": [0.191318973899, 19.7261924744, 243.056030273, 230.007720947, 69.9949645996, 102.515731812, 495.186035156, 684.957214355, 1007.49249268, 1080.15454102, 21416.1289062, 10041.4833984, 1667.29101562, 4084.2512207, 1305.45654297, 3803.77832031, 2294.36523438, 2674.47119141, 1503.34851074, 1912.15673828, 968.304321289, 635.069335938, 684.832885742, 1656.26342773, 1156.45043945, 1349.35571289, 287.673034668, 108.151176453, 145.716125488, 52.6697692871, 126.615516663, 42.5360488892, 3.11400651932, 2.82312107086, 0.350288003683, 0.835027635098, 0.0162602812052, 0.00216056918725, 3.02627322526e-05, 1.41843926826e-07], "max": [4.00268936157, 41.6146736145, 143.030975342, 141.582733154, 99.0081329346, 127.727706909, 341.669647217, 382.476104736, 485.808898926, 461.677398682, 1976.63757324, 1551.07763672, 520.240539551, 997.047424316, 625.269348145, 910.247253418, 1142.41125488, 1083.60717773, 412.046447754, 674.612792969, 610.314331055, 462.476531982, 185.110198975, 257.471130371, 233.295684814, 265.227050781, 140.778793335, 85.2656097412, 96.8441543579, 38.616481781, 81.5067214966, 47.9337921143, 12.6585540771, 9.85870456696, 4.19619369507, 7.47561311722, 0.843303263187, 0.214428290725, 0.0302116051316, 0.00220552785322], "mean": [0.132624968886, 1.77836632729, 4.53315639496, 3.74395847321, 3.90394759178, 7.67501449585, 24.2683773041, 22.5305461884, 31.604888916, 19.8546676636, 50.9528770447, 30.7584285736, 25.0345993042, 49.5049133301, 24.0654525757, 47.3523406982, 30.9198684692, 36.970993042, 25.5420398712, 20.2066745758, 17.1545543671, 12.4133481979, 8.46897220612, 6.31198358536, 5.18423748016, 4.57943153381, 3.31105518341, 2.51099944115, 3.72831010818, 1.84361159801, 1.86347019672, 1.06013929844, 0.44726780057, 0.352557361126, 0.153622746468, 0.135371297598, 0.0286569073796, 0.00904529821128, 0.00102486636024, 9.30547248572e-05], "median": [0.0141651388258, 0.370995223522, 0.928176641464, 0.925526380539, 1.33357357979, 2.80288076401, 7.6121711731, 8.38496398926, 9.21973133087, 7.55257415771, 15.7852058411, 8.78521728516, 6.50108718872, 10.5673179626, 10.2324399948, 15.6887025833, 9.81571006775, 9.27682685852, 8.67971038818, 6.55334329605, 5.77514743805, 4.36848640442, 3.63605213165, 2.56935930252, 1.8890273571, 1.30151391029, 1.04593157768, 0.792518496513, 0.581793308258, 0.352241843939, 0.28332644701, 0.181175738573, 0.0800723806024, 0.0504840984941, 0.0247889757156, 0.0127221029252, 0.00334641942754, 0.000725693069398, 8.08772456367e-05, 3.48224129993e-05], "min": [2.13152286562e-22, 3.54057636954e-22, 3.36578559363e-21, 3.56155416263e-21, 7.38214995072e-21, 1.69070902756e-20, 7.46588146978e-20, 1.19723575696e-19, 1.02063159758e-19, 2.31585575151e-19, 2.35809598798e-19, 4.31435047782e-19, 6.25805818872e-19, 8.80279921012e-19, 1.24492812179e-18, 1.37896570902e-18, 2.24525604132e-18, 2.56964980779e-18, 3.01474597603e-18, 3.59251571067e-18, 3.88247394823e-18, 5.19757697127e-18, 6.16015588316e-18, 5.78618049719e-18, 8.96914916041e-18, 9.15180304738e-18, 1.08104457593e-17, 1.02674744791e-17, 1.06286198802e-17, 1.19177345427e-17, 1.26181803321e-17, 1.1138073802e-17, 9.61930733162e-18, 7.27468539203e-18, 7.1153000957e-18, 4.68471920122e-18, 2.44583493216e-18, 1.00935204642e-18, 2.55938496167e-19, 2.68989700173e-20], "var": [0.10851495713, 11.5704078674, 114.532356262, 130.039794922, 46.2342834473, 126.5313797, 1316.82922363, 1191.97229004, 2739.39038086, 1213.59960938, 10621.3662109, 5874.59716797, 2036.01452637, 9265.92578125, 1645.08959961, 6264.45166016, 4201.81689453, 4946.88623047, 2197.07910156, 2165.34179688, 1635.01965332, 889.98223877, 248.873855591, 334.537353516, 237.57800293, 271.188262939, 68.669883728, 28.8709220886, 64.3835678101, 16.6159515381, 34.8731460571, 11.8190946579, 1.17510986328, 0.894190073013, 0.138475358486, 0.254230380058, 0.00569601356983, 0.000715969887096, 9.96516428131e-06, 4.57299549339e-08]}, "gfcc": {"mean": [-81.7350463867, 125.854530334, -113.46761322, 7.97278022766, -48.1388549805, 3.22180604935, -31.8776111603, -1.36732065678, -15.9584617615, 2.33980345726, -10.3388786316, 1.43261575699, -9.51010608673], "cov": [[35145.1484375, -4830.63476562, -1508.56762695, 1490.12329102, -1605.78137207, 1908.19299316, -367.525787354, 1049.05200195, -296.494628906, 878.694519043, -471.010314941, 887.862243652, -338.900512695], [-4830.63476562, 3588.65551758, -117.441062927, -511.119720459, 722.796691895, -756.767272949, 91.1806869507, -462.255950928, 57.3730239868, -351.359008789, 188.084289551, -343.520202637, 131.010803223], [-1508.56762695, -117.441062927, 1060.34033203, 207.531097412, 142.197067261, 200.088638306, 84.159538269, 81.3066558838, 57.5668525696, -24.8467025757, -6.56304502487, -1.73097801208, -58.5385475159], [1490.12329102, -511.119720459, 207.531097412, 677.865112305, 42.1856613159, 288.577178955, 159.836044312, 150.625305176, 20.2846183777, 43.7438354492, 4.29643106461, 40.6297187805, -36.9758224487], [-1605.78137207, 722.796691895, 142.197067261, 42.1856613159, 423.777832031, -69.8276443481, 117.351890564, -56.8766479492, 53.8951148987, -56.9701538086, 56.4418678284, -77.5560531616, 19.4884643555], [1908.19299316, -756.767272949, 200.088638306, 288.577178955, -69.8276443481, 441.726013184, 82.6767883301, 193.220748901, 15.940612793, 126.627258301, -22.7191295624, 100.865974426, -45.0922775269], [-367.525787354, 91.1806869507, 84.159538269, 159.836044312, 117.351890564, 82.6767883301, 237.003997803, 84.3422317505, 35.1915512085, 1.47969686985, 43.2291107178, -21.8290481567, 14.4205312729], [1049.05200195, -462.255950928, 81.3066558838, 150.625305176, -56.8766479492, 193.220748901, 84.3422317505, 232.848190308, 45.5842933655, 73.5292434692, -15.5077390671, 55.4050369263, -8.32379627228], [-296.494628906, 57.3730239868, 57.5668525696, 20.2846183777, 53.8951148987, 15.940612793, 35.1915512085, 45.5842933655, 128.484634399, 22.3362236023, 5.79905462265, 3.31116175652, 21.4965801239], [878.694519043, -351.359008789, -24.8467025757, 43.7438354492, -56.9701538086, 126.627258301, 1.47969686985, 73.5292434692, 22.3362236023, 156.448486328, 10.3281354904, 50.8184432983, -4.45683860779], [-471.010314941, 188.084289551, -6.56304502487, 4.29643106461, 56.4418678284, -22.7191295624, 43.2291107178, -15.5077390671, 5.79905462265, 10.3281354904, 104.242515564, 8.31523036957, 15.2857589722], [887.862243652, -343.520202637, -1.73097801208, 40.6297187805, -77.5560531616, 100.865974426, -21.8290481567, 55.4050369263, 3.31116175652, 50.8184432983, 8.31523036957, 134.949966431, 16.542383194], [-338.900512695, 131.010803223, -58.5385475159, -36.9758224487, 19.4884643555, -45.0922775269, 14.4205312729, -8.32379627228, 21.4965801239, -4.45683860779, 15.2857589722, 16.542383194, 98.0120697021]], "icov": [[7.39753886592e-05, -9.64429491432e-05, 0.000147895712871, -0.000157425354701, 0.000160008654348, -0.000219642141019, 0.000148180464748, -0.000176482484676, 0.000145336860442, -0.000181276715011, 0.000305887049763, -0.000310061121127, 0.000208494413528], [-9.64429491432e-05, 0.0010885380907, -0.000130857195472, 0.000569282390643, -0.00121808133554, 0.000711637083441, -0.000320387829561, 0.000797883316409, -0.000540615059435, 0.00110740598757, -0.00143809721339, 0.00140533596277, -0.000811371020973], [0.000147895712871, -0.000130857195472, 0.00151881971397, -0.000351624155883, -0.000158895636559, -0.00114357564598, 0.000433887384133, -0.000385620980524, -0.000245838164119, 0.000452597363619, 0.000482903822558, -0.000499863526784, 0.000953211681917], [-0.000157425354701, 0.000569282390643, -0.000351624155883, 0.00281911133789, -0.000891410105396, -0.000705879530869, -0.00134988874197, 0.000385156046832, -0.000360047881259, 0.00121591694187, -0.00107189337723, 0.000914488569833, -0.000220869565965], [0.000160008654348, -0.00121808133554, -0.000158895636559, -0.000891410105396, 0.00524218613282, -0.000828308751807, -0.0011381508084, 0.000437082257122, -0.000799808010925, -0.000792955048382, 0.000525081413798, -0.000413679867052, 0.000658706354443], [-0.000219642141019, 0.000711637083441, -0.00114357564598, -0.000705879530869, -0.000828308751807, 0.00727538578212, -0.00172006920911, -0.00130026286934, 0.000429602194345, -0.00228899437934, 0.000412675493862, -0.00149857869837, 0.000984776765108], [0.000148180464748, -0.000320387829561, 0.000433887384133, -0.00134988874197, -0.0011381508084, -0.00172006920911, 0.00842917151749, -0.00351868127473, 0.000276551261777, 0.000865854439326, -0.0025081820786, 0.00205327104777, -0.00139020441566], [-0.000176482484676, 0.000797883316409, -0.000385620980524, 0.000385156046832, 0.000437082257122, -0.00130026286934, -0.00351868127473, 0.00972884427756, -0.00304051209241, -0.000305609573843, 0.000385791732697, -4.15540962422e-05, -0.000503126066178], [0.000145336860442, -0.000540615059435, -0.000245838164119, -0.000360047881259, -0.000799808010925, 0.000429602194345, 0.000276551261777, -0.00304051209241, 0.0104524968192, -0.00251406966709, 0.00155209435616, -0.000937490141951, -0.00149037898518], [-0.000181276715011, 0.00110740598757, 0.000452597363619, 0.00121591694187, -0.000792955048382, -0.00228899437934, 0.000865854439326, -0.000305609573843, -0.00251406966709, 0.0115340324119, -0.00428522052243, 0.00126416760031, -0.000895967939869], [0.000305887049763, -0.00143809721339, 0.000482903822558, -0.00107189337723, 0.000525081413798, 0.000412675493862, -0.0025081820786, 0.000385791732697, 0.00155209435616, -0.00428522052243, 0.015117963776, -0.00543971918523, 0.00137631036341], [-0.000310061121127, 0.00140533596277, -0.000499863526784, 0.000914488569833, -0.000413679867052, -0.00149857869837, 0.00205327104777, -4.15540962422e-05, -0.000937490141951, 0.00126416760031, -0.00543971918523, 0.0144908167422, -0.00515124574304], [0.000208494413528, -0.000811371020973, 0.000953211681917, -0.000220869565965, 0.000658706354443, 0.000984776765108, -0.00139020441566, -0.000503126066178, -0.00149037898518, -0.000895967939869, 0.00137631036341, -0.00515124574304, 0.0139190917835]]}, "melbands": {"dmean": [0.00107143865898, 0.00159669318236, 0.000468259677291, 0.000193783198483, 0.000296040030662, 0.000217799170059, 0.000177486479515, 0.000113804395369, 0.000276161328657, 0.000105134298792, 5.81791282457e-05, 8.13352671685e-05, 4.20617470809e-05, 5.34769897058e-05, 3.61928141501e-05, 3.54689800588e-05, 3.12583615596e-05, 1.58033635671e-05, 2.3740096367e-05, 8.46984949021e-06, 1.23203371913e-05, 9.95305617835e-06, 4.53052871308e-06, 5.44162685401e-06, 5.1179968068e-06, 3.16185423799e-06, 4.65703033115e-06, 2.73902173831e-06, 1.56532041728e-06, 1.73640614776e-06, 1.247658588e-06, 1.90589150861e-06, 1.32518960072e-06, 8.84095584297e-07, 9.55472728492e-07, 1.61576974733e-06, 3.82237516305e-07, 2.82685988395e-07, 3.24065638324e-07, 3.49306674252e-07], "dmean2": [0.00159977178555, 0.00259118783288, 0.000810316589195, 0.000294091063552, 0.000387022795621, 0.000309610943077, 0.000259144086158, 0.000181207113201, 0.000428959087003, 0.00016148352006, 8.4637918917e-05, 0.000113938724098, 5.92122123635e-05, 7.47546800994e-05, 5.15976680617e-05, 5.070532643e-05, 4.37505696027e-05, 2.45411247306e-05, 3.81150748581e-05, 1.32870454763e-05, 1.93153118744e-05, 1.6030664483e-05, 7.91246111476e-06, 9.51648962655e-06, 9.47602711676e-06, 5.63045205126e-06, 8.69841915119e-06, 4.92618300996e-06, 2.80457902591e-06, 3.07566460833e-06, 2.18423133447e-06, 3.26318195221e-06, 2.30233285947e-06, 1.54793485763e-06, 1.69055567767e-06, 2.71737917501e-06, 6.52768505915e-07, 4.59867237623e-07, 5.46373257748e-07, 5.9398155372e-07], "dvar": [7.41022131479e-06, 1.80825845746e-05, 2.24674477067e-06, 1.21978516177e-07, 2.2977863523e-07, 1.46111787558e-07, 1.05749457191e-07, 6.8002094622e-08, 5.22974005435e-07, 1.55858259632e-07, 1.81279879996e-08, 3.42493109429e-08, 7.87169440741e-09, 9.63026547396e-09, 6.1915792493e-09, 1.09539746163e-08, 6.75531008909e-09, 1.13045905969e-09, 6.38345243331e-09, 5.95145099869e-10, 1.18615617328e-09, 6.37865593678e-10, 1.35648367539e-10, 2.75975159392e-10, 4.23000107164e-10, 1.11468466402e-10, 4.58429155747e-10, 1.33963229398e-10, 2.6081995938e-11, 2.79049700014e-11, 1.13383287134e-11, 2.05871188153e-11, 1.33949223241e-11, 5.15318083344e-12, 7.53587990621e-12, 4.89659181258e-11, 1.33214262104e-12, 4.51192170648e-13, 6.72540853303e-13, 9.35855234453e-13], "dvar2": [1.63681997947e-05, 4.65116208943e-05, 6.13388192505e-06, 2.84328507405e-07, 4.1213638724e-07, 3.23847586969e-07, 2.47884202054e-07, 1.79375064135e-07, 1.35559434966e-06, 3.88704648913e-07, 3.82098441776e-08, 6.79277647464e-08, 1.660802873e-08, 1.8395533985e-08, 1.28172237268e-08, 2.22092637614e-08, 1.33769386679e-08, 2.56099763618e-09, 1.72789942354e-08, 1.45945233676e-09, 2.58174059908e-09, 1.40029832174e-09, 3.87642834498e-10, 7.85149667504e-10, 1.23781296324e-09, 3.23236437616e-10, 1.34157907006e-09, 3.88712340094e-10, 7.48299686104e-11, 7.98419386161e-11, 3.13928605333e-11, 5.46693731951e-11, 3.69952679602e-11, 1.40836830045e-11, 2.05845323425e-11, 1.33484459597e-10, 3.6372226845e-12, 1.06677969409e-12, 1.73605747833e-12, 2.42531797597e-12], "max": [0.0354470610619, 0.0617154091597, 0.0216663070023, 0.00740745989606, 0.00968094263226, 0.00757292378694, 0.00740985851735, 0.00642219744623, 0.0155332414433, 0.0107339825481, 0.00237143901177, 0.00390585884452, 0.00251883454621, 0.00202821497805, 0.00264628510922, 0.00386815867387, 0.00248853769153, 0.00059799401788, 0.00213565980084, 0.000739667972084, 0.00110775360372, 0.000777553766966, 0.000208942219615, 0.000207554970984, 0.000226371732424, 0.00013799390581, 0.000226189033128, 0.000151342072058, 6.57766213408e-05, 7.54625798436e-05, 4.14661481045e-05, 7.50756444177e-05, 4.59879847767e-05, 2.47535353992e-05, 2.87378225039e-05, 9.06977656996e-05, 3.31826158799e-05, 7.67628625908e-06, 7.84717940405e-06, 9.62685044215e-06], "mean": [0.00159613066353, 0.00245163124055, 0.000651422014926, 0.000372427311959, 0.000728042970877, 0.000540559412912, 0.000484448421048, 0.000216603759327, 0.000401765457354, 0.000179726383067, 0.00011770252604, 0.00019417956355, 9.05874403543e-05, 0.000105386403447, 7.91206548456e-05, 7.40765535738e-05, 6.9877882197e-05, 3.21899751725e-05, 4.53323154943e-05, 1.63487638929e-05, 2.41609413933e-05, 1.75548921106e-05, 6.40840471533e-06, 7.54617667553e-06, 4.73719092042e-06, 3.59030173058e-06, 3.71385863218e-06, 2.85026476377e-06, 1.82962094186e-06, 1.97804251911e-06, 1.29360614665e-06, 2.28345152209e-06, 1.50826008394e-06, 8.41013161335e-07, 9.01719431567e-07, 1.43654688145e-06, 3.61401731652e-07, 2.90476407372e-07, 3.00385465835e-07, 3.02804409102e-07], "median": [0.000257130624959, 0.000549905700609, 0.000190727470908, 0.00012567282829, 0.000251890567597, 0.00020429524011, 0.000137478637043, 8.5610881797e-05, 0.000119606702356, 4.22756238549e-05, 2.51517158176e-05, 3.63916478818e-05, 2.41134112002e-05, 3.48504399881e-05, 2.40918416239e-05, 1.03573529486e-05, 1.00277811725e-05, 1.02111789602e-05, 9.23459629121e-06, 5.28287273482e-06, 5.94122320763e-06, 4.683404768e-06, 2.94271694656e-06, 2.48204059972e-06, 1.55254201673e-06, 1.24277369196e-06, 9.43066083892e-07, 7.24600738522e-07, 5.69943438222e-07, 5.00061901221e-07, 3.023278623e-07, 3.31924240982e-07, 1.80942592465e-07, 1.43555610066e-07, 1.28505547536e-07, 1.49956434825e-07, 6.49319034096e-08, 5.10183859603e-08, 4.73070151941e-08, 3.79964504305e-08], "min": [2.93732081958e-24, 1.65614878392e-24, 1.36749343604e-24, 1.00777059528e-24, 2.67999498394e-24, 2.7950249062e-24, 1.41478604174e-24, 2.88251036945e-24, 1.80567697407e-24, 2.22776134014e-24, 3.06699831113e-24, 3.22249423403e-24, 3.99650187448e-24, 4.72764143284e-24, 3.31884747993e-24, 4.36984213079e-24, 4.48143873318e-24, 4.61985897293e-24, 3.78729241254e-24, 4.49081316175e-24, 2.76432875066e-24, 4.25628678678e-24, 3.83669088243e-24, 5.84873229158e-24, 4.3566504043e-24, 4.76154036366e-24, 7.14143786811e-24, 5.0122320763e-24, 5.92726497242e-24, 5.29370001386e-24, 5.08006346452e-24, 5.84739359463e-24, 6.6279178178e-24, 5.10408151807e-24, 6.55013218824e-24, 5.95505535882e-24, 5.39851596234e-24, 6.00091697084e-24, 7.21308852641e-24, 5.47692005885e-24], "var": [1.1336701391e-05, 2.41947436734e-05, 3.06603010358e-06, 3.03150784475e-07, 1.09814595817e-06, 6.46700243578e-07, 6.36517768271e-07, 1.41354902894e-07, 6.60247280848e-07, 2.38882250869e-07, 4.84125415312e-08, 1.5172074086e-07, 2.66736517318e-08, 2.9469537921e-08, 2.16935625019e-08, 3.7906211503e-08, 2.43735449601e-08, 3.77945719165e-09, 1.84879187515e-08, 1.58459545485e-09, 4.80107464895e-09, 2.36737385251e-09, 1.28240626451e-10, 2.77711548202e-10, 2.43817105394e-10, 7.82233305907e-11, 2.55270055094e-10, 8.50172779399e-11, 1.9778765431e-11, 2.20653044447e-11, 9.17859191429e-12, 2.68331450809e-11, 1.43560519375e-11, 4.12490788054e-12, 7.04299335866e-12, 3.62659000053e-11, 1.01376556889e-12, 4.59631573253e-13, 5.8368121534e-13, 7.28715644684e-13]}, "mfcc": {"mean": [-713.299194336, 149.877563477, 1.98191714287, 11.1936483383, 1.80297017097, 4.77550601959, -5.76721811295, -0.317972630262, -2.74398493767, -1.80483055115, -0.046390324831, 2.84511065483, 2.23121595383], "cov": [[19081.84375, -157.64024353, -1790.04602051, 84.8710632324, -461.118804932, 374.516906738, 166.269256592, 458.542541504, 305.009887695, 184.34928894, 202.490509033, 271.903503418, 228.791305542], [-157.64024353, 1630.42102051, -92.120300293, -20.1016407013, 183.699234009, -22.6877861023, -41.9115905762, -73.0289916992, -50.8929710388, -47.9045143127, -68.0269317627, -18.0510005951, -13.0595121384], [-1790.04602051, -92.120300293, 900.086242676, 127.257118225, 159.17350769, 79.7853393555, 40.1299171448, 52.4939689636, -12.3326215744, -4.78436946869, 27.4230575562, -35.9093170166, -20.589422226], [84.8710632324, -20.1016407013, 127.257118225, 380.831451416, 105.756233215, 131.343292236, 149.069595337, 128.721115112, 66.5249481201, 70.5771408081, 48.2926864624, 44.0446395874, 31.6398048401], [-461.118804932, 183.699234009, 159.17350769, 105.756233215, 223.224777222, 87.9789428711, 26.6561508179, 28.275062561, 9.03227996826, 12.539691925, 8.48738574982, 6.94631242752, 3.99036240578], [374.516906738, -22.6877861023, 79.7853393555, 131.343292236, 87.9789428711, 196.330963135, 108.774909973, 66.6514053345, 33.9362449646, 34.5970535278, 48.1738700867, 32.6196937561, 26.7087192535], [166.269256592, -41.9115905762, 40.1299171448, 149.069595337, 26.6561508179, 108.774909973, 208.023468018, 101.761123657, 50.1665687561, 45.1231536865, 49.5135421753, 40.7451629639, 29.075138092], [458.542541504, -73.0289916992, 52.4939689636, 128.721115112, 28.275062561, 66.6514053345, 101.761123657, 182.109573364, 83.8967056274, 43.2998046875, 27.7942371368, 41.8829154968, 41.0003814697], [305.009887695, -50.8929710388, -12.3326215744, 66.5249481201, 9.03227996826, 33.9362449646, 50.1665687561, 83.8967056274, 148.562133789, 75.2990112305, 25.8211841583, 21.3401184082, 31.0394020081], [184.34928894, -47.9045143127, -4.78436946869, 70.5771408081, 12.539691925, 34.5970535278, 45.1231536865, 43.2998046875, 75.2990112305, 121.423469543, 49.7767333984, 18.095872879, 8.91680431366], [202.490509033, -68.0269317627, 27.4230575562, 48.2926864624, 8.48738574982, 48.1738700867, 49.5135421753, 27.7942371368, 25.8211841583, 49.7767333984, 109.722244263, 42.7805519104, 13.2387218475], [271.903503418, -18.0510005951, -35.9093170166, 44.0446395874, 6.94631242752, 32.6196937561, 40.7451629639, 41.8829154968, 21.3401184082, 18.095872879, 42.7805519104, 99.4933395386, 43.1544380188], [228.791305542, -13.0595121384, -20.589422226, 31.6398048401, 3.99036240578, 26.7087192535, 29.075138092, 41.0003814697, 31.0394020081, 8.91680431366, 13.2387218475, 43.1544380188, 88.729095459]], "icov": [[8.60254804138e-05, -2.32213878917e-05, 0.000169129794813, 8.2245151134e-06, 0.00021559666493, -0.000319947052049, 0.000195449247258, -0.000287960516289, 2.00492536351e-06, 7.19476383892e-06, -0.000113775793579, 5.06218339069e-06, -2.02056562557e-05], [-2.32213878917e-05, 0.000765722477809, 0.000145311860251, 4.91286155011e-05, -0.000999553129077, 0.000408916152082, -0.000252080557402, 0.000348680157913, 5.51690973225e-05, 0.000104423437733, 0.000341530510923, -3.97094081563e-05, -2.93121192954e-05], [0.000169129794813, 0.000145311860251, 0.00177530536894, -0.000205494492548, -0.000673029921018, -0.000564079848118, 0.00040660778177, -0.00101390096825, 0.00031264568679, 0.000439213006757, -0.000864525849465, 0.000964122882579, 0.000112415764306], [8.2245151134e-06, 4.91286155011e-05, -0.000205494492548, 0.00481155095622, -0.00134191976395, -0.000837059284095, -0.00178292929195, -0.00160955905449, 0.000362535443855, -0.00150988204405, 0.000395992625272, -0.000432209752034, 3.89399319829e-05], [0.00021559666493, -0.000999553129077, -0.000673029921018, -0.00134191976395, 0.00829311553389, -0.00400370033458, 0.00215355609544, -0.000753675412852, -4.58350696135e-05, -0.000289651623461, 0.0003696269996, -0.000485798023874, 0.000320346851368], [-0.000319947052049, 0.000408916152082, -0.000564079848118, -0.000837059284095, -0.00400370033458, 0.0106981312856, -0.00417406344786, 0.00110996852163, 9.556151781e-06, 0.000294970843242, -0.00150903407484, 0.000165754085174, -0.00102103268728], [0.000195449247258, -0.000252080557402, 0.00040660778177, -0.00178292929195, 0.00215355609544, -0.00417406344786, 0.0098447650671, -0.0035193527583, 0.000267766765319, -0.000272788660368, -0.00152621639427, -0.000365715066437, 8.82462409209e-05], [-0.000287960516289, 0.000348680157913, -0.00101390096825, -0.00160955905449, -0.000753675412852, 0.00110996852163, -0.0035193527583, 0.0118426438421, -0.00453502871096, 0.000927887042053, 0.00141308910679, -0.00190866924822, -0.00127610727213], [2.00492536351e-06, 5.51690973225e-05, 0.00031264568679, 0.000362535443855, -4.58350696135e-05, 9.556151781e-06, 0.000267766765319, -0.00453502871096, 0.0128085017204, -0.00692273909226, 0.000870490504894, 0.000943870982155, -0.00242070876993], [7.19476383892e-06, 0.000104423437733, 0.000439213006757, -0.00150988204405, -0.000289651623461, 0.000294970843242, -0.000272788660368, 0.000927887042053, -0.00692273909226, 0.0151307089254, -0.00536358496174, 0.000856328057125, 0.00150695862249], [-0.000113775793579, 0.000341530510923, -0.000864525849465, 0.000395992625272, 0.0003696269996, -0.00150903407484, -0.00152621639427, 0.00141308910679, 0.000870490504894, -0.00536358496174, 0.0148550672457, -0.00567597383633, 0.00106523116119], [5.06218339069e-06, -3.97094081563e-05, 0.000964122882579, -0.000432209752034, -0.000485798023874, 0.000165754085174, -0.000365715066437, -0.00190866924822, 0.000943870982155, 0.000856328057125, -0.00567597383633, 0.0162469409406, -0.00613855058327], [-2.02056562557e-05, -2.93121192954e-05, 0.000112415764306, 3.89399319829e-05, 0.000320346851368, -0.00102103268728, 8.82462409209e-05, -0.00127610727213, -0.00242070876993, 0.00150695862249, 0.00106523116119, -0.00613855058327, 0.015705935657]]}, "spectral_contrast_coeffs": {"dmean": [0.0464260317385, 0.0397856235504, 0.0384268797934, 0.0322703830898, 0.0234741196036, 0.0230944678187], "dmean2": [0.0746610835195, 0.0637315958738, 0.0601378269494, 0.0512453056872, 0.0371882691979, 0.0367003232241], "dvar": [0.00173917238135, 0.00121881917585, 0.00130737177096, 0.00102140929084, 0.000526518386323, 0.000552383251488], "dvar2": [0.0042834202759, 0.00310048949905, 0.00305193429813, 0.00235250801779, 0.00114188995212, 0.00126225594431], "max": [-0.324298322201, -0.376270115376, -0.451238870621, -0.447673082352, -0.560003519058, -0.61502635479], "mean": [-0.633463680744, -0.688737928867, -0.708981275558, -0.721146225929, -0.763134121895, -0.768010079861], "median": [-0.636571407318, -0.686633944511, -0.699838578701, -0.716055631638, -0.762899875641, -0.765268146992], "min": [-0.977558135986, -0.979335010052, -0.978196382523, -0.968280792236, -0.969517886639, -0.965821564198], "var": [0.00906967930496, 0.00634425971657, 0.0075582950376, 0.00630988413468, 0.00327363749966, 0.00294997636229]}, "spectral_contrast_valleys": {"dmean": [0.436352521181, 0.384819537401, 0.374192595482, 0.333552122116, 0.354853779078, 0.57427918911], "dmean2": [0.685821115971, 0.616472303867, 0.599253594875, 0.515945911407, 0.534562528133, 0.793571770191], "dvar": [0.201526910067, 0.194571316242, 0.203488975763, 0.187706172466, 0.302161216736, 0.43314281106], "dvar2": [0.384258031845, 0.388619929552, 0.428357750177, 0.370389819145, 0.651751875877, 