{"lowlevel": {"average_loudness": 0.831611573696, "barkbands_crest": {"dmean": 1.97248017788, "dmean2": 3.04582214355, "dvar": 4.29997777939, "dvar2": 10.2164087296, "max": 26.0646286011, "mean": 12.0191259384, "median": 11.5746994019, "min": 3.04273414612, "var": 15.5559806824}, "barkbands_flatness_db": {"dmean": 0.0339854694903, "dmean2": 0.0473470874131, "dvar": 0.00151218718383, "dvar2": 0.00285112205893, "max": 0.502924501896, "mean": 0.281147807837, "median": 0.292627841234, "min": 0.0252428837121, "var": 0.00711516104639}, "barkbands_kurtosis": {"dmean": 3.94558739662, "dmean2": 6.517141819, "dvar": 80.4466400146, "dvar2": 206.117279053, "max": 295.646026611, "mean": 4.32786560059, "median": 1.7261838913, "min": -1.91407203674, "var": 90.518196106}, "barkbands_skewness": {"dmean": 0.587924778461, "dmean2": 0.914270877838, "dvar": 0.606697559357, "dvar2": 1.44219994545, "max": 13.8757019043, "mean": 1.1747866869, "median": 1.0667552948, "min": -3.6014726162, "var": 1.87046158314}, "barkbands_spread": {"dmean": 3.34745383263, "dmean2": 5.65391111374, "dvar": 74.9039382935, "dvar2": 194.01234436, "max": 106.636734009, "mean": 9.72416400909, "median": 7.16599607468, "min": 0.453471213579, "var": 99.1876373291}, "dissonance": {"dmean": 0.0434428490698, "dmean2": 0.072736106813, "dvar": 0.00158371345606, "dvar2": 0.00423719454557, "max": 0.499998509884, "mean": 0.396823316813, "median": 0.405488431454, "min": 0.115687601268, "var": 0.00442376360297}, "dynamic_complexity": 3.57707643509, "erbbands_crest": {"dmean": 2.33398199081, "dmean2": 3.64337706566, "dvar": 5.18923187256, "dvar2": 12.6151685715, "max": 32.9896659851, "mean": 12.7954187393, "median": 12.0650348663, "min": 2.59560847282, "var": 29.5539112091}, "erbbands_flatness_db": {"dmean": 0.0365029089153, "dmean2": 0.0509421490133, "dvar": 0.00184414710384, "dvar2": 0.00345755252056, "max": 0.494434267282, "mean": 0.266619563103, "median": 0.280404269695, "min": 0.0484796576202, "var": 0.00668088998646}, "erbbands_kurtosis": {"dmean": 2.20810317993, "dmean2": 3.63320374489, "dvar": 16.4889717102, "dvar2": 43.121131897, "max": 111.456077576, "mean": 2.75292372704, "median": 1.20036172867, "min": -1.78116071224, "var": 27.5175151825}, "erbbands_skewness": {"dmean": 0.47691449523, "dmean2": 0.740180909634, "dvar": 0.329475700855, "dvar2": 0.781092345715, "max": 9.18459224701, "mean": 0.383627772331, "median": 0.309238761663, "min": -3.01562404633, "var": 0.976135849953}, "erbbands_spread": {"dmean": 5.68338775635, "dmean2": 9.23913383484, "dvar": 174.994018555, "dvar2": 425.025970459, "max": 176.174362183, "mean": 16.3460712433, "median": 11.9212007523, "min": 0.820619106293, "var": 256.028564453}, "hfc": {"dmean": 5.7061548233, "dmean2": 9.60774803162, "dvar": 245.708129883, "dvar2": 679.171508789, "max": 219.632766724, "mean": 15.0737857819, "median": 12.5255403519, "min": 1.05032019285e-16, "var": 244.91973877}, "melbands_crest": {"dmean": 2.07990479469, "dmean2": 3.20079255104, "dvar": 4.75123262405, "dvar2": 11.677740097, "max": 30.0942211151, "mean": 14.7367944717, "median": 14.925031662, "min": 1.56397211552, "var": 24.8880653381}, "melbands_flatness_db": {"dmean": 0.0347310677171, "dmean2": 0.0485038533807, "dvar": 0.00186489184853, "dvar2": 0.00349152740091, "max": 0.633149564266, "mean": 0.395607918501, "median": 0.414992243052, "min": 0.00193463824689, "var": 0.0137555291876}, "melbands_kurtosis": {"dmean": 4.25528335571, "dmean2": 6.73865556717, "dvar": 104.623474121, "dvar2": 255.87348938, "max": 352.36529541, "mean": 6.28059720993, "median": 2.60871219635, "min": -1.77188801765, "var": 154.90687561}, "melbands_skewness": {"dmean": 0.538293063641, "dmean2": 0.817971885204, "dvar": 0.480524033308, "dvar2": 1.10619413853, "max": 16.0540161133, "mean": 1.65442538261, "median": 1.46277201176, "min": -2.61137628555, "var": 1.81487739086}, "melbands_spread": {"dmean": 2.47449088097, "dmean2": 3.94826078415, "dvar": 19.6688098907, "dvar2": 53.4834442139, "max": 166.699356079, "mean": 14.346364975, "median": 8.47082996368, "min": 0.553123474121, "var": 636.585571289}, "pitch_salience": {"dmean": 0.0501548647881, "dmean2": 0.0789683163166, "dvar": 0.00262121413834, "dvar2": 0.00617519719526, "max": 0.934029281139, "mean": 0.472946733236, "median": 0.455445051193, "min": 0.104602083564, "var": 0.0151989720762}, "silence_rate_20dB": {"dmean": 0, "dmean2": 0, "dvar": 0, "dvar2": 0, "max": 1, "mean": 1, "median": 1, "min": 1, "var": 0}, "silence_rate_30dB": {"dmean": 0.0658833831549, "dmean2": 0.131774008274, "dvar": 0.0615485161543, "dvar2": 0.14008744061, "max": 1, "mean": 0.915289580822, "median": 1, "min": 0, "var": 0.0775491818786}, "silence_rate_60dB": {"dmean": 0.00285494676791, "dmean2": 0.00571020692587, "dvar": 0.0028463175986, "dvar2": 0.0064444555901, "max": 1, "mean": 0.108482018113, "median": 0, "min": 0, "var": 0.0967233926058}, "spectral_centroid": {"dmean": 81.9071350098, "dmean2": 133.608474731, "dvar": 33513.0429688, "dvar2": 83492.7890625, "max": 12164.4609375, "mean": 939.506347656, "median": 465.491729736, "min": 155.875595093, "var": 4451255}, "spectral_complexity": {"dmean": 1.41857910156, "dmean2": 2.38324284554, "dvar": 2.82209706306, "dvar2": 6.70496702194, "max": 38, "mean": 9.8077955246, "median": 10, "min": 0, "var": 17.8338546753}, "spectral_decrease": {"dmean": 2.97386004711e-09, "dmean2": 4.49223458432e-09, "dvar": 2.83308929665e-17, "dvar2": 6.65764256947e-17, "max": 4.31024395001e-17, "mean": -1.31602835296e-08, "median": -1.20926522129e-08, "min": -7.64128245123e-08, "var": 1.02808888671e-16}, "spectral_energy": {"dmean": 0.0115526020527, "dmean2": 0.0175157412887, "dvar": 0.000418234063545, "dvar2": 0.000986957456917, "max": 0.291448444128, "mean": 0.0510368682444, "median": 0.0472765564919, "min": 9.84298803925e-21, "var": 0.00151944311801}, "spectral_energyband_high": {"dmean": 0.000283468863927, "dmean2": 0.000514998449944, "dvar": 1.6020055682e-06, "dvar2": 4.47859883934e-06, "max": 0.0150660621002, "mean": 0.000213813575101, "median": 2.25152166422e-06, "min": 6.85468013855e-21, "var": 1.06118977783e-06}, "spectral_energyband_low": {"dmean": 0.00866057071835, "dmean2": 0.012747514993, "dvar": 0.000371102680219, "dvar2": 0.000851321034133, "max": 0.275577306747, "mean": 0.0298939514905, "median": 0.0202710125595, "min": 8.22964466559e-24, "var": 0.000967307656538}, "spectral_energyband_middle_high": {"dmean": 0.000979363569058, "dmean2": 0.00151885044761, "dvar": 1.26114127852e-05, "dvar2": 3.460291191e-05, "max": 0.101171277463, "mean": 0.00284167099744, "median": 0.0014866507845, "min": 1.06249501855e-21, "var": 1.71633873833e-05}, "spectral_energyband_middle_low": {"dmean": 0.00494627188891, "dmean2": 0.00759323686361, "dvar": 5.70825650357e-05, "dvar2": 0.000148648003233, "max": 0.156973347068, "mean": 0.0188085995615, "median": 0.014799346216, "min": 1.1145112697e-22, "var": 0.000274873280432}, "spectral_entropy": {"dmean": 0.275732308626, "dmean2": 0.405139029026, "dvar": 0.160616278648, "dvar2": 0.317407816648, "max": 9.82824611664, "mean": 6.3314499855, "median": 6.08619165421, "min": 4.34362602234, "var": 0.952204227448}, "spectral_flux": {"dmean": 0.0224011447281, "dmean2": 0.037048406899, "dvar": 0.00132209819276, "dvar2": 0.00314142624848, "max": 0.446514844894, "mean": 0.0654121488333, "median": 0.0573481954634, "min": 6.148818954e-11, "var": 0.00245307688601}, "spectral_kurtosis": {"dmean": 19.6764183044, "dmean2": 31.1833953857, "dvar": 433.424194336, "dvar2": 988.097045898, "max": 303.882019043, "mean": 45.2493438721, "median": 37.1621322632, "min": -1.29182398319, "var": 1485.40356445}, "spectral_rms": {"dmean": 0.00071233836934, "dmean2": 0.00106770789716, "dvar": 1.12528277896e-06, "dvar2": 2.5260098937e-06, "max": 0.0168623831123, "mean": 0.00632616877556, "median": 0.00679142633453, "min": 3.09885710842e-12, "var": 9.77185754891e-06}, "spectral_rolloff": {"dmean": 225.585113525, "dmean2": 411.882202148, "dvar": 1119861.625, "dvar2": 3090292, "max": 19789.0136719, "mean": 1405.33081055, "median": 495.263671875, "min": 86.1328125, "var": 14136308}, "spectral_skewness": {"dmean": 1.14384698868, "dmean2": 1.79204130173, "dvar": 1.20682930946, "dvar2": 2.71702337265, "max": 13.8503246307, "mean": 4.69222831726, "median": 4.65966272354, "min": -0.10814230144, "var": 5.26386976242}, "spectral_spread": {"dmean": 1230555.5, "dmean2": 1878374.25, "dvar": 4157324656640.0, "dvar2": 8306084020220.0, "max": 43586824, "mean": 4058520.5, "median": 1539018.75, "min": 277787.46875, "var": 64441529925600.0}, "spectral_strongpeak": {"dmean": 0.367537260056, "dmean2": 0.636423587799, "dvar": 0.428730458021, "dvar2": 1.06262874603, "max": 7.44903755188, "mean": 0.840366542339, "median": 0.36882185936, "min": 0, "var": 1.0999661684}, "zerocrossingrate": {"dmean": 0.00688558584079, "dmean2": 0.00949181988835, "dvar": 0.000173048276338, "dvar2": 0.000250053853961, "max": 0.6181640625, "mean": 0.0448057502508, "median": 0.01953125, "min": 0.00390625, "var": 0.00961122103035}, "barkbands": {"dmean": [0.000440032832557, 0.0076616355218, 0.0016190999886, 0.000557066116016, 0.001330553554, 0.00134252628777, 0.00267920899205, 0.000541694636922, 0.000998367904685, 0.000348185014445, 0.000441773619968, 0.000212273444049, 0.000148036895553, 5.41902263649e-05, 2.29791057791e-05, 2.06195200008e-05, 3.29909853463e-05, 8.57977556734e-06, 9.44145722315e-06, 8.24284143164e-06, 1.14375689009e-05, 2.02067385544e-05, 2.87555503746e-05, 4.03014528274e-05, 7.57633242756e-05, 7.21961332601e-05, 3.38997197105e-05], "dmean2": [0.000679011514876, 0.0113128926605, 0.00251912209205, 0.000888646114618, 0.00205628760159, 0.00195282232016, 0.0041544190608, 0.000758179172408, 0.00156031409279, 0.000535514147487, 0.000623658474069, 0.000358217948815, 0.000271667697234, 8.41396977194e-05, 3.81295722036e-05, 3.75220370188e-05, 6.12943258602e-05, 1.53310338646e-05, 1.64461962413e-05, 1.42162234624e-05, 2.04262087209e-05, 3.67572720279e-05, 5.2954259445e-05, 7.22174954717e-05, 0.000139078532811, 0.000131724926177, 6.21086655883e-05], "dvar": [7.4935644534e-07, 0.000319042097544, 1.1510157492e-05, 1.17321815196e-06, 3.57449312105e-06, 5.13553641213e-06, 2.50137090916e-05, 2.64604977929e-06, 1.89005513676e-05, 2.08305709748e-06, 8.74340173596e-07, 1.39461974413e-06, 2.76501691587e-06, 2.78366272255e-08, 3.97196053825e-09, 2.50982434835e-08, 1.4826926531e-07, 2.82091150439e-09, 1.17414955536e-09, 1.21931198471e-09, 2.44534703597e-09, 8.35281621647e-09, 2.04569285955e-08, 3.79987739052e-08, 1.48020802726e-07, 9.62360005019e-08, 1.2571090835e-08], "dvar2": [1.88085573427e-06, 0.000736644899007, 3.06115980493e-05, 2.44425382334e-06, 8.36851086206e-06, 9.82618712442e-06, 6.81102901581e-05, 5.10688687427e-06, 4.99142879562e-05, 5.02980083184e-06, 1.80230517799e-06, 4.00131239076e-06, 8.09557968751e-06, 5.96012306175e-08, 1.09364721723e-08, 7.71112809161e-08, 4.56071717281e-07, 8.58978665974e-09, 3.1202553874e-09, 3.27990168358e-09, 6.72605393603e-09, 2.33646861858e-08, 5.82782000436e-08, 1.05447462317e-07, 4.18417300807e-07, 2.68084164645e-07, 3.47532953526e-08], "max": [0.0153523208573, 0.240326449275, 0.0810383409262, 0.0467419847846, 0.0582799650729, 0.0900832414627, 0.125948995352, 0.0862624868751, 0.0985546112061, 0.0354354679585, 0.0258846711367, 0.038083486259, 0.0590445995331, 0.00602433457971, 0.00223448895849, 0.00514251226559, 0.0117562273517, 0.00147358095273, 0.00107070617378, 0.000550522701815, 0.000590448325966, 0.00107065006159, 0.00169742864091, 0.00242547923699, 0.00494241435081, 0.00368340057321, 0.00135024159681], "mean": [0.00149615504779, 0.0214753970504, 0.00623682141304, 0.00141977623571, 0.00325574493036, 0.00349502521567, 0.00695787137374, 0.0015240253415, 0.00207468052395, 0.000669752829708, 0.00151518906932, 0.000309878552798, 0.000139189476613, 0.000124544283608, 4.74949156342e-05, 2.51511210081e-05, 3.16828554787e-05, 1.06285779111e-05, 1.08675858428e-05, 8.02535669209e-06, 9.2961199698e-06, 1.47450946315e-05, 2.06259719562e-05, 3.08218186547e-05, 5.53838835913e-05, 5.45732837054e-05, 2.36172290897e-05], "median": [0.000540753826499, 0.0137204295024, 0.00268978159875, 0.000396962946979, 0.00198200624436, 0.00161539530382, 0.00266419281252, 0.000330403796397, 0.000563255278394, 0.000112695779535, 0.000428562867455, 9.97497336357e-05, 3.47978530044e-05, 2.65250764642e-05, 1.86981415027e-05, 8.99870792637e-06, 5.14143994224e-06, 2.90191360364e-06, 1.217574777e-06, 7.96050017016e-07, 4.09836900417e-07, 2.97680884387e-07, 1.71084920453e-07, 1.17424278301e-07, 9.76573204525e-08, 8.76265104921e-08, 3.47340431972e-08], "min": [1.23014020462e-25, 8.46984866971e-25, 6.49924306707e-25, 4.82678695052e-25, 3.69700294321e-24, 4.67229337401e-24, 2.67066670374e-24, 2.39166494257e-24, 6.25526899808e-24, 9.66006326806e-24, 7.72961571448e-24, 1.08269818178e-23, 1.47359911293e-23, 2.05885138975e-23, 2.42768472594e-23, 4.92033498732e-23, 4.21378824657e-23, 6.95882666597e-23, 9.58950423548e-23, 1.43334739058e-22, 2.23204848362e-22, 2.66142711516e-22, 2.13389020564e-22, 4.22430900047e-22, 7.67478912427e-22, 1.19328406718e-21, 1.81259041536e-21], "var": [4.65654147774e-06, 0.000631058239378, 7.37609516364e-05, 1.08242775241e-05, 1.62960241141e-05, 3.09611350531e-05, 0.000110523156764, 1.41039481605e-05, 2.69492375082e-05, 3.73338480131e-06, 6.35729247733e-06, 9.75140437731e-07, 1.50670325638e-06, 1.76945263775e-07, 8.76141292849e-09, 1.50488013162e-08, 8.27609412113e-08, 1.96367522243e-09, 1.55637458477e-09, 9.47815825825e-10, 1.68683156332e-09, 5.34864152968e-09, 1.25960077924e-08, 2.58120778085e-08, 9.31548456151e-08, 6.63445973714e-08, 8.52988257805e-09]}, "erbbands": {"dmean": [0.229160994291, 1.77134311199, 2.30989837646, 1.51035797596, 2.30536270142, 6.73001384735, 6.49167251587, 11.9084882736, 26.0844516754, 37.9826545715, 15.6409959793, 18.7795963287, 14.8170261383, 13.6391649246, 10.8886079788, 8.8316783905, 6.74013566971, 2.59022045135, 2.01497077942, 1.16983377934, 1.3372797966, 1.78578984737, 0.625538408756, 0.402268916368, 0.43018591404, 0.365843117237, 0.4048165977, 0.569376587868, 0.594435274601, 0.738243460655, 0.931390345097, 0.77929019928, 0.717194139957, 0.865012347698, 0.490967959166, 0.264352053404, 0.132570907474, 0.0593572817743, 0.00496230181307, 0.000138195609907], "dmean2": [0.347905814648, 2.62582826614, 3.56499552727, 2.37074542046, 3.76852846146, 10.2198677063, 9.72958278656, 16.9031887054, 37.2547035217, 61.1294898987, 23.0090923309, 30.2873191833, 22.6217536926, 19.9816493988, 15.5781326294, 15.2813615799, 12.0929174423, 4.3505730629, 3.15970182419, 1.94975948334, 2.45298862457, 3.32957720757, 1.14311778545, 0.702761650085, 0.743034601212, 0.632625877857, 0.709433495998, 1.03073871136, 1.08249258995, 1.3359644413, 1.72166216373, 1.40473115444, 1.27451956272, 1.58858656883, 0.899198055267, 0.475964874029, 0.243486210704, 0.109415896237, 0.00898635853082, 0.0002471144835], "dvar": [0.229431524873, 19.6732273102, 26.4717350006, 6.96400737762, 13.8372659683, 97.6827468872, 156.240386963, 422.137023926, 2194.63305664, 6937.23486328, 2444.74487305, 9145.28515625, 2467.01391602, 1128.48278809, 553.449462891, 4240.38232422, 4647.54003906, 106.826332092, 48.0043907166, 13.978471756, 144.051742554, 467.856964111, 31.4421329498, 1.87114953995, 2.71116161346, 2.53181314468, 3.16520810127, 6.12604093552, 6.87027454376, 11.8169116974, 22.2754688263, 13.8052949905, 12.2960691452, 20.6176757812, 5.75456953049, 1.47419416904, 0.324018597603, 0.0427322238684, 0.000285300280666, 2.89585386781e-07], "dvar2": [0.578445196152, 45.5189323425, 67.8671264648, 15.0314044952, 36.526889801, 216.788543701, 304.092132568, 746.939147949, 4749.42578125, 19126.4082031, 5916.25976562, 24312.8574219, 6131.39892578, 2560.17602539, 1196.75354004, 12386.1484375, 13589.9179688, 300.269073486, 107.530647278, 39.4654922485, 442.918914795, 1441.38964844, 96.496635437, 5.11982059479, 7.23304462433, 6.81233453751, 8.60876655579, 16.9730987549, 19.1904640198, 33.110660553, 63.6548881531, 38.3521232605, 34.1495132446, 58.4212379456, 16.1937274933, 4.07637548447, 0.910865724087, 0.118891686201, 0.000779696973041, 8.11055144823e-07], "max": [7.2942442894, 59.3116035461, 97.7612686157, 101.325157166, 173.032424927, 295.075195312, 720.892456055, 742.766906738, 1407.72753906, 3140.41918945, 1669.55541992, 2079.91162109, 955.684631348, 954.304077148, 756.750061035, 2225.43725586, 2388.12524414, 315.464202881, 235.446746826, 102.863616943, 380.207946777, 658.027770996, 166.60043335, 50.2093009949, 58.2919006348, 24.7727184296, 24.9707279205, 24.9477043152, 28.5844783783, 40.1532707214, 56.5367584229, 45.8282012939, 43.7972106934, 61.0459403992, 29.1071949005, 14.6430282593, 6.61801338196, 2.36335086823, 0.206770330667, 0.00715111196041], "mean": [0.733757972717, 4.26053857803, 8.54875183105, 4.99909448624, 6.49453783035, 14.607632637, 16.6570186615, 32.8693122864, 79.7272644043, 83.5762863159, 45.4450302124, 35.6765594482, 28.2873687744, 37.8987350464, 39.6757926941, 12.5595769882, 7.51397562027, 4.57456111908, 4.85573768616, 2.47135281563, 1.59872174263, 1.70692205429, 0.719965219498, 0.512537539005, 0.507857382298, 0.362804502249, 0.352888733149, 0.434845596552, 0.445169121027, 0.540446817875, 0.653463125229, 0.576327502728, 0.555705547333, 0.623283684254, 0.370985627174, 0.210417598486, 0.0982311740518, 0.0404815226793, 0.00361749855801, 0.000147397164255], "median": [0.430528312922, 2.58177566528, 4.93291139603, 2.67647886276, 3.61693549156, 8.09710597992, 7.14658880234, 16.3485927582, 28.6268787384, 32.4285545349, 10.6907291412, 9.84941577911, 10.0278425217, 15.7270822525, 12.2502279282, 5.14700317383, 2.30999970436, 1.61549508572, 1.00308692455, 0.976558804512, 0.528255581856, 0.314208596945, 0.172270670533, 0.104204021394, 0.0587967708707, 0.0338119417429, 0.0197124611586, 0.0138662280515, 0.0116764865816, 0.00663651525974, 0.00459895469248, 0.00285023031756, 0.0018388844328, 0.00113822566345, 0.000730396772269, 0.000409254542319, 0.000159893650562, 5.9565401898e-05, 3.72009635612e-05, 6.27727567917e-05], "min": [5.19009323138e-23, 2.19259407876e-22, 1.50166148279e-21, 3.03552848341e-21, 5.03838013318e-21, 1.54285630918e-20, 4.04802772426e-20, 5.16116984445e-20, 6.14543560962e-20, 1.21562010456e-19, 6.5790766447e-20, 1.29797071668e-19, 2.89582361523e-19, 4.7080582056e-19, 9.2706050017e-19, 8.73380200728e-19, 9.8413451487e-19, 1.53207818457e-18, 1.93608322531e-18, 2.4157538888e-18, 2.8699610379e-18, 3.23561291895e-18, 4.3261525357e-18, 5.4024907021e-18, 6.46760568195e-18, 7.11428018201e-18, 7.24321282408e-18, 8.04889666688e-18, 8.73840961008e-18, 1.00553928147e-17, 6.9881773248e-18, 8.45852477802e-18, 9.48503192996e-18, 6.23265909103e-18, 5.73949194187e-18, 3.84159964544e-18, 2.22950135258e-18, 8.5168542461e-19, 2.19696508206e-19, 2.59796880135e-20], "var": [0.64114177227, 30.9934978485, 99.9259185791, 68.0922164917, 102.055084229, 408.342559814, 888.481872559, 2719.43359375, 16324.8720703, 26040.6386719, 10549.9941406, 10748.1318359, 3321.33422852, 3409.29858398, 4727.04150391, 2516.53417969, 2577.77246094, 124.190170288, 270.815460205, 27.4450473785, 84.6333007812, 257.919189453, 18.8442115784, 2.37602186203, 3.68767237663, 1.9868452549, 2.26642584801, 4.08023500443, 4.47893810272, 7.60466241837, 13.4816522598, 9.14150714874, 8.44501876831, 12.7065868378, 3.78024816513, 1.06343388557, 0.218368828297, 0.0278272554278, 0.000205459873541, 1.91905684233e-07]}, "gfcc": {"mean": [-141.150527954, 179.733657837, -67.3385009766, -18.1724681854, -36.7346687317, 1.75533235073, -16.0598869324, 4.24224376678, -9.74018669128, -0.377720028162, -4.92438364029, 3.69016814232, -3.22170686722], "cov": [[53508.78125, 5742.72314453, -2562.61450195, 147.920776367, -1387.77648926, 748.126403809, -855.493591309, 494.493255615, -153.78527832, 712.520019531, -73.4791030884, 356.940551758, -314.484924316], [5742.72314453, 4392.41210938, -1276.64379883, -333.072357178, 178.874542236, -297.531555176, 229.830184937, -150.544433594, 304.968322754, -235.799026489, 284.024719238, -154.909500122, 214.086547852], [-2562.61450195, -1276.64379883, 1503.92285156, 0.747495532036, -105.742790222, 254.563873291, -29.7430648804, 107.954421997, 14.2712535858, 129.64050293, -49.9180145264, 171.27444458, -52.0831108093], [147.920776367, -333.072357178, 0.747495532036, 391.157409668, 80.5729217529, 49.7320976257, 13.232670784, 4.67697763443, 51.5064964294, 64.7561187744, 49.5939865112, -26.009519577, 12.2370252609], [-1387.77648926, 178.874542236, -105.742790222, 80.5729217529, 388.264099121, -3.06455922127, 103.276626587, -18.2522201538, 99.590133667, 21.4104118347, 76.1586303711, -24.7334270477, 32.0233764648], [748.126403809, -297.531555176, 254.563873291, 49.7320976257, -3.06455922127, 247.500930786, 1.14026832581, 54.2406730652, 16.6330337524, 62.3865776062, -16.6192054749, 54.0050392151, -14.4167308807], [-855.493591309, 229.830184937, -29.7430648804, 13.232670784, 103.276626587, 1.14026832581, 222.117752075, 33.9939994812, 73.1233444214, -4.78216123581, 52.080242157, -38.3509063721, 36.2718200684], [494.493255615, -150.544433594, 107.954421997, 4.67697763443, -18.2522201538, 54.2406730652, 33.9939994812, 123.436653137, 34.6344795227, 57.9468955994, -18.4154567719, 9.85654163361, -22.2398853302], [-153.78527832, 304.968322754, 14.2712535858, 51.5064964294, 99.590133667, 16.6330337524, 73.1233444214, 34.6344795227, 199.769073486, 54.3084411621, 73.9029159546, -26.510723114, 31.2874393463], [712.520019531, -235.799026489, 129.64050293, 64.7561187744, 21.4104118347, 62.3865776062, -4.78216123581, 57.9468955994, 54.3084411621, 161.909317017, 30.1083946228, 16.6038856506, -32.0532302856], [-73.4791030884, 284.024719238, -49.9180145264, 49.5939865112, 76.1586303711, -16.6192054749, 52.080242157, -18.4154567719, 73.9029159546, 30.1083946228, 137.834060669, 15.0199661255, 22.9265823364], [356.940551758, -154.909500122, 171.27444458, -26.009519577, -24.7334270477, 54.0050392151, -38.3509063721, 9.85654163361, -26.510723114, 16.6038856506, 15.0199661255, 129.616668701, 14.368847847], [-314.484924316, 214.086547852, -52.0831108093, 12.2370252609, 32.0233764648, -14.4167308807, 36.2718200684, -22.2398853302, 31.2874393463, -32.0532302856, 22.9265823364, 14.368847847, 105.493751526]], "icov": [[9.15197379072e-05, -0.000271658180282, 0.00017005589325, -0.000321630417602, 0.000300711748423, -0.000332634081133, 0.000220894347876, -0.000308223010506, 0.000297649821732, -0.000657243421301, 0.000437015114585, -0.000526261050254, 0.000356451637344], [-0.000271658180282, 0.00135923258495, -0.000137553593959, 0.00157142360695, -0.000750095408875, 0.000887571950443, -0.000678675889503, 0.00102803844493, -0.00168267788831, 0.00251782336272, -0.00224124267697, 0.00183911120985, -0.0015187029494], [0.00017005589325, -0.000137553593959, 0.00154833751731, -0.000232803620747, 0.000890779308975, -0.00121412600856, 6.15851677139e-05, -0.000386068830267, -0.000422071607318, -0.0012344479328, 0.000885911518708, -0.00213107350282, 0.000886475958396], [-0.000321630417602, 0.00157142360695, -0.000232803620747, 0.00497078383341, -0.00134868710302, 0.000229668410611, -0.000208262179513, 0.0011815080652, -0.00156584079377, 0.00186930375639, -0.00379584054463, 0.00374723225832, -0.00273096235469], [0.000300711748423, -0.000750095408875, 0.000890779308975, -0.00134868710302, 0.00454730540514, -0.00124550040346, -0.000720127951354, 0.000383994629374, -0.000480028480524, -0.00242730043828, 0.000976768671535, -0.00206880248152, 0.00126723840367], [-0.000332634081133, 0.000887571950443, -0.00121412600856, 0.000229668410611, -0.00124550040346, 0.00708322227001, -0.00138230994344, 0.00031838598079, -0.00148880667984, 0.00127163238358, 0.0002610119991, -0.000414654699853, -0.000702741730493], [0.000220894347876, -0.000678675889503, 6.15851677139e-05, -0.000208262179513, -0.000720127951354, -0.00138230994344, 0.00801320001483, -0.00463266158476, 0.000983192818239, 0.000138788396725, -0.00232886243612, 0.00225664791651, -0.00166243815329], [-0.000308223010506, 0.00102803844493, -0.000386068830267, 0.0011815080652, 0.000383994629374, 0.00031838598079, -0.00463266158476, 0.0149214277044, -0.0042820032686, -0.00173654407263, 0.00325098074973, -0.000936022668611, 0.00149600766599], [0.000297649821732, -0.00168267788831, -0.000422071607318, -0.00156584079377, -0.000480028480524, -0.00148880667984, 0.000983192818239, -0.0042820032686, 0.0114442342892, -0.00461101811379, -0.0018789266469, 0.00189203547779, -0.00166767532937], [-0.000657243421301, 0.00251782336272, -0.0012344479328, 0.00186930375639, -0.00242730043828, 0.00127163238358, 0.000138788396725, -0.00173654407263, -0.00461101811379, 0.0157928708941, -0.00679961312562, 0.00385830365121, -0.000280143140117], [0.000437015114585, -0.00224124267697, 0.000885911518708, -0.00379584054463, 0.000976768671535, 0.0002610119991, -0.00232886243612, 0.00325098074973, -0.0018789266469, -0.00679961312562, 0.0173932295293, -0.00862755160779, 0.00384041992947], [-0.000526261050254, 0.00183911120985, -0.00213107350282, 0.00374723225832, -0.00206880248152, -0.000414654699853, 0.00225664791651, -0.000936022668611, 0.00189203547779, 0.00385830365121, -0.00862755160779, 0.017119474709, -0.00703537836671], [0.000356451637344, -0.0015187029494, 0.000886475958396, -0.00273096235469, 0.00126723840367, -0.000702741730493, -0.00166243815329, 0.00149600766599, -0.00166767532937, -0.000280143140117, 0.00384041992947, -0.00703537836671, 0.0153176877648]]}, "melbands": {"dmean": [0.00207302812487, 0.00157076155301, 0.000271851866273, 0.000311715033604, 0.000231070269365, 0.000278341554804, 0.000438140938058, 0.000348117057001, 0.000141391486977, 0.000121029916045, 7.6333162724e-05, 5.61509805266e-05, 5.2654017054e-05, 1.84273158084e-05, 2.9786657251e-05, 9.90099670162e-06, 4.38090728494e-06, 4.06630124417e-06, 1.79376490905e-06, 1.35192578909e-06, 1.73894500222e-06, 2.04796219805e-06, 1.00099327938e-06, 3.8196725427e-07, 3.24508562244e-07, 3.99969593445e-07, 2.31849753618e-07, 2.59983238493e-07, 2.76380745845e-07, 2.53170526321e-07, 3.6292584582e-07, 3.06340524503e-07, 4.36306265783e-07, 3.90304535358e-07, 5.62819991501e-07, 4.99545194543e-07, 4.53773566278e-07, 3.28428200191e-07, 8.94141862773e-07, 6.92767628152e-07], "dmean2": [0.0030897189863, 0.00238858116791, 0.000428894563811, 0.000485534808831, 0.000346745800925, 0.000396552903112, 0.000651550362818, 0.000553084770218, 0.00021015945822, 0.000195147382328, 0.000116090013762, 8.27219992061e-05, 7.43533673813e-05, 3.10692776111e-05, 5.27594456798e-05, 1.77419733518e-05, 7.16885688234e-06, 6.30727936368e-06, 2.98483905681e-06, 2.3439429242e-06, 3.20047524838e-06, 3.80766550734e-06, 1.87189482403e-06, 6.803774113e-07, 5.66437790894e-07, 6.95587914379e-07, 3.90789466564e-07, 4.53957767377e-07, 4.83693781916e-07, 4.49376500455e-07, 6.61683372982e-07, 5.56217855774e-07, 7.94433901774e-07, 7.03589023487e-07, 1.04303410353e-06, 9.21158346046e-07, 8.10305664345e-07, 5.59819852697e-07, 1.64541268077e-06, 1.27099019664e-06], "dvar": [2.12679096876e-05, 1.43029528772e-05, 2.06087023003e-07, 1.93451143105e-07, 1.45682989228e-07, 2.03235302365e-07, 5.86913870393e-07, 5.53939855763e-07, 2.45261588816e-07, 3.69389283605e-07, 6.26463005915e-08, 2.07997015167e-08, 1.28313786263e-08, 7.81119080528e-09, 7.56089519882e-08, 7.65108776335e-09, 1.55732912677e-10, 2.30740690443e-10, 2.20228765779e-11, 4.03597294474e-11, 2.52958903824e-10, 5.76496461679e-10, 1.47983361676e-10, 2.66900087101e-12, 1.20052871724e-12, 2.41100672413e-12, 7.23217818098e-13, 1.40327094562e-12, 1.61360746813e-12, 1.18106197565e-12, 2.51312620887e-12, 1.71146647202e-12, 4.09671949142e-12, 3.241477399e-12, 8.25761507783e-12, 6.14077799027e-12, 4.46696325762e-12, 2.08957937758e-12, 2.25356122652e-11, 1.31026465719e-11], "dvar2": [4.94246305607e-05, 3.41581908287e-05, 4.64510861775e-07, 4.78026151995e-07, 2.97191348864e-07, 3.70999202914e-07, 1.44533373714e-06, 1.48591982452e-06, 6.20688808795e-07, 9.85302335721e-07, 1.5355813332e-07, 4.79710067225e-08, 2.70549733727e-08, 2.15407105486e-08, 2.22359034296e-07, 2.22058336163e-08, 4.05370709222e-10, 4.94141061402e-10, 6.0474195096e-11, 1.20425294736e-10, 7.78566378035e-10, 1.77675485435e-09, 4.53956150448e-10, 7.95375917906e-12, 3.30331183414e-12, 6.39819013742e-12, 1.90955150997e-12, 3.81037215669e-12, 4.40685855863e-12, 3.22839866819e-12, 7.0170340892e-12, 4.76547013656e-12, 1.14789792255e-11, 9.07574796566e-12, 2.36765503037e-11, 1.74144431514e-11, 1.22719950521e-11, 5.56796969642e-12, 6.42437630871e-11, 3.70752803458e-11], "max": [0.0612246319652, 0.0655836910009, 0.0158039145172, 0.0127940252423, 0.0203076209873, 0.0149581218138, 0.018073990941, 0.0283935759217, 0.0152510013431, 0.0131169008091, 0.00477290246636, 0.00352144986391, 0.00371968676336, 0.00259284581989, 0.00960507243872, 0.00301007786766, 0.000334867538186, 0.000550495402422, 0.00014551228378, 0.000204502022825, 0.000496849243063, 0.000731460168026, 0.000364116305718, 4.48172359029e-05, 3.95962633775e-05, 5.09711935592e-05, 3.39927173627e-05, 1.81140403583e-05, 1.99759906536e-05, 1.36661665238e-05, 1.64241446328e-05, 1.40684860526e-05, 2.36746636801e-05, 2.09322588489e-05, 3.49271649611e-05, 2.96707294183e-05, 2.62079502136e-05, 1.67438702192e-05, 6.19546408416e-05, 4.9736656365e-05], "mean": [0.00613476475701, 0.00496272696182, 0.000941814098042, 0.000757494126447, 0.000595877645537, 0.000783002702519, 0.00126336258836, 0.000771066872403, 0.000390506262193, 0.000218187313294, 0.000141976168379, 0.000148558319779, 0.000191608181922, 2.72954457614e-05, 3.31980154442e-05, 1.0617271073e-05, 8.43518682814e-06, 9.703093383e-06, 3.57810063178e-06, 2.23897018259e-06, 1.86629620202e-06, 1.93175083041e-06, 9.71763824964e-07, 4.72733773904e-07, 3.96533465619e-07, 4.44524943077e-07, 2.67578400326e-07, 2.38003920572e-07, 2.35553130778e-07, 2.06511714396e-07, 2.66756330802e-07, 2.31116331406e-07, 3.12439766503e-07, 2.87671809929e-07, 3.84843161783e-07, 3.62042527513e-07, 3.3823010881e-07, 2.83145595859e-07, 6.08141647263e-07, 5.05464754497e-07], "median": [0.0037584528327, 0.00309969997033, 0.00055019906722, 0.000474812055472, 0.000314691162203, 0.000396401737817, 0.000503146846313, 0.000251887599006, 5.45919647266e-05, 6.34397292743e-05, 4.2698065954e-05, 5.97092293901e-05, 5.3246763855e-05, 9.01256498764e-06, 7.81719609222e-06, 3.07338700622e-06, 2.53219900515e-06, 1.33226194521e-06, 1.31762715228e-06, 7.9236667716e-07, 4.9539352176e-07, 3.35056654421e-07, 1.57501716558e-07, 1.37409244871e-07, 7.52666053927e-08, 4.30220907788e-08, 3.50332669541e-08, 1.67144893481e-08, 1.26954056157e-08, 8.6515195008e-09, 7.03706826144e-09, 6.87106327391e-09, 4.28064472757e-09, 3.19913406877e-09, 2.61719579342e-09, 2.11949879869e-09, 1.52618218063e-09, 1.27393195992e-09, 1.0401710604e-09, 8.68456251357e-10], "min": [3.66024409578e-25, 6.55634032635e-25, 7.44766144417e-25, 7.27998117016e-25, 1.10473461674e-24, 1.04219904898e-24, 7.80367930108e-25, 1.60791102425e-24, 5.26196946446e-25, 8.00687113482e-25, 1.22502456491e-24, 1.49912118896e-24, 1.81220538971e-24, 1.21051366577e-24, 1.84744282027e-24, 1.09926376775e-24, 1.83269033248e-24, 2.04822428951e-24, 1.71491990743e-24, 2.75626994487e-24, 2.5861163947e-24, 2.38361185602e-24, 2.64025394647e-24, 3.21122752537e-24, 2.96731686107e-24, 4.13511577958e-24, 3.25196371087e-24, 3.42982679866e-24, 3.84896121938e-24, 3.9764726961e-24, 3.45082469824e-24, 4.47047672204e-24, 3.87155340684e-24, 4.18716758312e-24, 3.01115188942e-24, 5.01061964461e-24, 4.84987858554e-24, 5.68881559217e-24, 5.12411266861e-24, 4.55986570665e-24], "var": [4.8187597713e-05, 3.15025863529e-05, 1.97301983462e-06, 8.17985721824e-07, 8.43597376843e-07, 1.32628315441e-06, 3.45934108736e-06, 2.22824542107e-06, 9.40204756716e-07, 3.89643531662e-07, 9.22836917994e-08, 5.59231025932e-08, 1.13663226387e-07, 6.66556632112e-09, 4.24407460287e-08, 4.37404290565e-09, 4.30889240954e-10, 1.46128009693e-09, 5.54595709634e-11, 3.75420805554e-11, 1.47838893905e-10, 3.18472692662e-10, 8.32659774463e-11, 2.20386382754e-12, 1.47603066922e-12, 3.05933902343e-12, 8.80429626773e-13, 1.0160877131e-12, 1.1268195578e-12, 8.36827514835e-13, 1.62241216555e-12, 1.13501005469e-12, 2.5951057709e-12, 2.10818645527e-12, 4.90210302906e-12, 3.87791621731e-12, 3.03502817496e-12, 1.81891134099e-12, 1.34015151407e-11, 8.17372558526e-12]}, "mfcc": {"mean": [-777.034667969, 223.304260254, 23.5323600769, 4.21407413483, 2.50976085663, -0.102473162115, 2.89378118515, 5.99802303314, 3.456594944, -0.320238858461, 0.0603696219623, 1.37870204449, 6.72915697098], "cov": [[11669.5048828, 3067.06420898, 374.414398193, 282.027130127, 173.696014404, 307.722564697, 185.911437988, 84.3658981323, 182.610412598, 241.627761841, 289.425750732, 279.356536865, 318.095794678], [3067.06420898, 4878.52880859, -306.825744629, 122.86643219, 176.549819946, 46.2498168945, 35.5571746826, 131.021377563, 66.2998352051, 77.3485565186, 94.0818634033, 142.775482178, 210.254501343], [374.414398193, -306.825744629, 1143.00354004, -99.154624939, 3.82213878632, 48.8221168518, -37.0226287842, 56.7277030945, 38.4203567505, -20.4095554352, 8.47011184692, -13.703207016, 59.225528717], [282.027130127, 122.86643219, -99.154624939, 258.150421143, 36.6204948425, 21.2136192322, 32.2246398926, -17.1827335358, 11.5386772156, 45.3616523743, 29.8370285034, 41.3785705566, 20.7078380585], [173.696014404, 176.549819946, 3.82213878632, 36.6204948425, 187.756210327, 81.1269454956, -4.99123287201, 13.777182579, 4.04430246353, -0.841512084007, 29.4829292297, 38.6870155334, 33.4853820801], [307.722564697, 46.2498168945, 48.8221168518, 21.2136192322, 81.1269454956, 154.809570312, 41.5601272583, 17.4839134216, 19.9968185425, 19.2425403595, 32.6959991455, 23.2490005493, 21.9715766907], [185.911437988, 35.5571746826, -37.0226287842, 32.2246398926, -4.99123287201, 41.5601272583, 128.864730835, 26.9812068939, 14.026052475, 24.6210460663, 16.7792625427, 8.00214290619, 3.04021120071], [84.3658981323, 131.021377563, 56.7277030945, -17.1827335358, 13.777182579, 17.4839134216, 26.9812068939, 98.0464859009, 45.9042701721, -1.58847081661, -1.61163544655, 1.01995694637, 21.1897182465], [182.610412598, 66.2998352051, 38.4203567505, 11.5386772156, 4.04430246353, 19.9968185425, 14.026052475, 45.9042701721, 124.754760742, 66.180305481, 16.1857738495, 10.5643453598, 10.3130149841], [241.627761841, 77.3485565186, -20.4095554352, 45.3616523743, -0.841512084007, 19.2425403595, 24.6210460663, -1.58847081661, 66.180305481, 131.873718262, 76.4465255737, 27.4735717773, 2.27016353607], [289.425750732, 94.0818634033, 8.47011184692, 29.8370285034, 29.4829292297, 32.6959991455, 16.7792625427, -1.61163544655, 16.1857738495, 76.4465255737, 125.173988342, 78.4613189697, 25.9208316803], [279.356536865, 142.775482178, -13.703207016, 41.3785705566, 38.6870155334, 23.2490005493, 8.00214290619, 1.01995694637, 10.5643453598, 27.4735717773, 78.4613189697, 114.998207092, 64.2599868774], [318.095794678, 210.254501343, 59.225528717, 20.7078380585, 33.4853820801, 21.9715766907, 3.04021120071, 21.1897182465, 10.3130149841, 2.27016353607, 25.9208316803, 64.2599868774, 113.305923462]], "icov": [[0.000119991062093, -7.17001094017e-05, -5.57362582185e-05, -6.56471966067e-05, 7.36253641662e-05, -0.00015883402375, -9.7773357993e-05, 0.000136759161251, -0.000108656655357, 1.18678235594e-05, -0.000129763415316, -2.55076969324e-07, -0.000137111404911], [-7.17001094017e-05, 0.000287967617624, 0.000127938459627, 4.75341175843e-06, -0.000214338506339, 0.000182616859092, 9.73637506831e-05, -0.000423150195275, 0.00014894992637, -0.000183843993, 6.07656038483e-05, 4.39447685494e-05, -0.000345058215316], [-5.57362582185e-05, 0.000127938459627, 0.00109396432526, 0.000267970375717, 0.000150852210936, -0.00032811134588, 0.000503879506141, -0.000437968847109, -0.000377320451662, 0.000538342981599, -0.000849714619108, 0.00102793623228, -0.000979332951829], [-6.56471966067e-05, 4.75341175843e-06, 0.000267970375717, 0.00483686942607, -0.00098091957625, 0.00021395595104, -0.00109494233038, 0.000983435194939, 0.000410989741795, -0.00217469525523, 0.00179144390859, -0.00189416261856, -8.41258224682e-05], [7.36253641662e-05, -0.000214338506339, 0.000150852210936, -0.00098091957625, 0.00814612675458, -0.0045063267462, 0.00212378543802, -0.000911897805054, 0.00011383373203, 0.0013874345459, -0.00101734965574, -0.000932282709982, -0.000405269762268], [-0.00015883402375, 0.000182616859092, -0.00032811134588, 0.00021395595104, -0.0045063267462, 0.0103931836784, -0.00340987509117, 0.000538505730219, -0.00126144045498, 0.000628165493254, -0.00190263800323, 0.00132824049797, -0.00066919461824], [-9.7773357993e-05, 9.73637506831e-05, 0.000503879506141, -0.00109494233038, 0.00212378543802, -0.00340987509117, 0.0104815354571, -0.00413950299844, 0.00189110194333, -0.00208791811019, 0.000554995029233, -0.000538987515029, 0.000605451292358], [0.000136759161251, -0.000423150195275, -0.000437968847109, 0.000983435194939, -0.000911897805054, 0.000538505730219, -0.00413950299844, 0.0169582515955, -0.00868403352797, 0.00630832510069, -0.00374851189554, 0.0036404656712, -0.00298788817599], [-0.000108656655357, 0.00014894992637, -0.000377320451662, 0.000410989741795, 0.00011383373203, -0.00126144045498, 0.00189110194333, -0.00868403352797, 0.017509104684, -0.0131465867162, 0.00874887686223, -0.00528204254806, 0.0015989288222], [1.18678235594e-05, -0.000183843993, 0.000538342981599, -0.00217469525523, 0.0013874345459, 0.000628165493254, -0.00208791811019, 0.00630832510069, -0.0131465867162, 0.023950073868, -0.017822958529, 0.00907241087407, -0.00158290658146], [-0.000129763415316, 6.07656038483e-05, -0.000849714619108, 0.00179144390859, -0.00101734965574, -0.00190263800323, 0.000554995029233, -0.00374851189554, 0.00874887686223, -0.017822958529, 0.0292558334768, -0.0194251127541, 0.00560868671164], [-2.55076969324e-07, 4.39447685494e-05, 0.00102793623228, -0.00189416261856, -0.000932282709982, 0.00132824049797, -0.000538987515029, 0.0036404656712, -0.00528204254806, 0.00907241087407, -0.0194251127541, 0.0277144964784, -0.0118954246864], [-0.000137111404911, -0.000345058215316, -0.000979332951829, -8.41258224682e-05, -0.000405269762268, -0.00066919461824, 0.000605451292358, -0.00298788817599, 0.0015989288222, -0.00158290658146, 0.00560868671164, -0.0118954246864, 0.0165196619928]]}, "spectral_contrast_coeffs": {"dmean": [0.0375039614737, 0.0424735806882, 0.0332902744412, 0.0260385107249, 0.0197754036635, 0.0173316467553], "dmean2": [0.0622170381248, 0.0683550313115, 0.0531022883952, 0.0429765433073, 0.0325759835541, 0.0278549939394], "dvar": [0.00100853317417, 0.00131979060825, 0.000796458800323, 0.000564291141927, 0.000385866936995, 0.000279666215647], "dvar2": [0.00279705994762, 0.00337629136629, 0.00198100111447, 0.00151387159713, 0.000989481224678, 0.000672195688821], "max": [-0.232509434223, -0.321369409561, -0.45860978961, -0.545497775078, -0.575407743454, -0.60973829031], "mean": [-0.673627078533, -0.651036083698, -0.709447145462, -0.796437442303, -0.828247010708, -0.830666124821], "median": [-0.676433444023, -0.645938396454, -0.701943874359, -0.798148095608, -0.825179159641, -0.830538630486], "min": [-0.983035624027, -0.980260670185, -0.980509996414, -0.974407553673, -0.969289660454, -0.967048406601], "var": [0.00870492961258, 0.0119999274611, 0.00821940042078, 0.00423153629526, 0.00192757858895, 0.00207544583827]}, "spectral_contrast_valleys": {"dmean": [0.310057550669, 0.316059291363, 0.295322209597, 0.265858501196, 0.350653767586, 0.657825410366], "dmean2": [0.516893565655, 0.521545529366, 0.4848125875, 0.430748075247, 0.516776502132, 0.907196164131], "dvar": [0.0868641808629, 0.0823743715882, 0.0855321735144, 0.0878821909428, 0.231968715787, 0.710879564285], "dvar2": [0.217466056347, 0.196432158351, 0.188069358468, 0.188703149557, 0.435944020748, 1.29291284084], "max": [-5.01636123657, -4.68963432312, -4.87064790726, -5.66752815