{"lowlevel": {"average_loudness": 0.831598937511, "barkbands_crest": {"dmean": 1.89620506763, "dmean2": 3.03263115883, "dvar": 3.81187534332, "dvar2": 10.0925340652, "max": 26.3039321899, "mean": 11.3970975876, "median": 10.1789131165, "min": 3.76780509949, "var": 19.9230594635}, "barkbands_flatness_db": {"dmean": 0.0141953257844, "dmean2": 0.02230287157, "dvar": 0.000209611287573, "dvar2": 0.000513890874572, "max": 0.456837147474, "mean": 0.252602428198, "median": 0.249854907393, "min": 0.0453725643456, "var": 0.00247154897079}, "barkbands_kurtosis": {"dmean": 1.94465363026, "dmean2": 3.09105992317, "dvar": 14.653468132, "dvar2": 33.4204483032, "max": 141.546829224, "mean": 5.11365175247, "median": 3.09605741501, "min": -1.97331953049, "var": 71.3384628296}, "barkbands_skewness": {"dmean": 0.344710499048, "dmean2": 0.543207526207, "dvar": 0.147831380367, "dvar2": 0.351039916277, "max": 9.36361217499, "mean": 1.21991765499, "median": 1.28436148167, "min": -11.3450164795, "var": 1.59101915359}, "barkbands_spread": {"dmean": 1.50399577618, "dmean2": 2.43890571594, "dvar": 9.50818061829, "dvar2": 23.3332576752, "max": 143.451675415, "mean": 8.11339855194, "median": 6.78343009949, "min": 0.519022643566, "var": 94.1240844727}, "dissonance": {"dmean": 0.0286177340895, "dmean2": 0.0488266833127, "dvar": 0.000844671740197, "dvar2": 0.00235009449534, "max": 0.499999940395, "mean": 0.424459010363, "median": 0.433099031448, "min": 0.219984635711, "var": 0.00234393961728}, "dynamic_complexity": 4.60227775574, "erbbands_crest": {"dmean": 1.88966429234, "dmean2": 2.90884280205, "dvar": 4.59651613235, "dvar2": 10.7456083298, "max": 33.3212013245, "mean": 12.4112758636, "median": 10.6855802536, "min": 2.10495686531, "var": 38.5646095276}, "erbbands_flatness_db": {"dmean": 0.0113333621994, "dmean2": 0.0165827367455, "dvar": 0.000183254320291, "dvar2": 0.000361571757821, "max": 0.487885355949, "mean": 0.275487273932, "median": 0.273585230112, "min": 0.0218266509473, "var": 0.00406613992527}, "erbbands_kurtosis": {"dmean": 1.10371387005, "dmean2": 1.65782058239, "dvar": 4.42993021011, "dvar2": 8.90122699738, "max": 79.3733596802, "mean": 2.39032316208, "median": 0.851934194565, "min": -1.48718822002, "var": 23.1716938019}, "erbbands_skewness": {"dmean": 0.258778244257, "dmean2": 0.396619856358, "dvar": 0.0710336565971, "dvar2": 0.156297087669, "max": 5.0647149086, "mean": 0.852644562721, "median": 0.777269423008, "min": -4.91591644287, "var": 0.814715504646}, "erbbands_spread": {"dmean": 2.4767343998, "dmean2": 3.82473993301, "dvar": 8.08430290222, "dvar2": 17.5562953949, "max": 140.179580688, "mean": 17.3021945953, "median": 15.3162126541, "min": 0.691008329391, "var": 133.093307495}, "hfc": {"dmean": 2.50241518021, "dmean2": 3.71347618103, "dvar": 37.0357322693, "dvar2": 86.6047744751, "max": 121.2345047, "mean": 11.5687656403, "median": 8.79479694366, "min": 1.20729577971e-16, "var": 128.670135498}, "melbands_crest": {"dmean": 2.43948173523, "dmean2": 3.97747921944, "dvar": 6.52689886093, "dvar2": 17.9253864288, "max": 32.2860221863, "mean": 14.4159660339, "median": 13.2440185547, "min": 1.98140478134, "var": 29.2007408142}, "melbands_flatness_db": {"dmean": 0.0152701316401, "dmean2": 0.024036064744, "dvar": 0.000231371435802, "dvar2": 0.000585664063692, "max": 0.542468130589, "mean": 0.340008497238, "median": 0.338943958282, "min": 0.00408874172717, "var": 0.00425836490467}, "melbands_kurtosis": {"dmean": 2.64764547348, "dmean2": 4.2798538208, "dvar": 37.3418159485, "dvar2": 97.6127471924, "max": 243.208374023, "mean": 7.20128583908, "median": 4.73350286484, "min": -1.75985813141, "var": 125.352310181}, "melbands_skewness": {"dmean": 0.384876340628, "dmean2": 0.605576813221, "dvar": 0.185494750738, "dvar2": 0.44757270813, "max": 10.9402132034, "mean": 1.5969877243, "median": 1.55624723434, "min": -2.8059117794, "var": 1.5074275732}, "melbands_spread": {"dmean": 1.90445911884, "dmean2": 3.1048078537, "dvar": 14.9961776733, "dvar2": 37.7390098572, "max": 183.440719604, "mean": 11.2924318314, "median": 8.83247280121, "min": 0.835365414619, "var": 274.696685791}, "pitch_salience": {"dmean": 0.0517908781767, "dmean2": 0.0842252969742, "dvar": 0.00294576422311, "dvar2": 0.00788315664977, "max": 0.860245347023, "mean": 0.541081309319, "median": 0.550922214985, "min": 0.126732945442, "var": 0.0140041066334}, "silence_rate_20dB": {"dmean": 0, "dmean2": 0, "dvar": 0, "dvar2": 0, "max": 1, "mean": 1, "median": 1, "min": 1, "var": 0}, "silence_rate_30dB": {"dmean": 0.0059430715628, "dmean2": 0.0118880020455, "dvar": 0.00590769993141, "dvar2": 0.0133125931025, "max": 1, "mean": 0.992806851864, "median": 1, "min": 0, "var": 0.00714221131057}, "silence_rate_60dB": {"dmean": 0.00969659071416, "dmean2": 0.0193962138146, "dvar": 0.00960278883576, "dvar2": 0.0255898106843, "max": 1, "mean": 0.0919468328357, "median": 0, "min": 0, "var": 0.0834915414453}, "spectral_centroid": {"dmean": 56.8047103882, "dmean2": 91.9333648682, "dvar": 14583.7509766, "dvar2": 18165.0097656, "max": 11271.7470703, "mean": 621.737426758, "median": 548.58380127, "min": 188.068374634, "var": 198324.328125}, "spectral_complexity": {"dmean": 1.43009066582, "dmean2": 2.36852812767, "dvar": 1.72896206379, "dvar2": 4.2787566185, "max": 25, "mean": 12.3695077896, "median": 13, "min": 0, "var": 20.321264267}, "spectral_decrease": {"dmean": 1.35054756267e-09, "dmean2": 2.07131756191e-09, "dvar": 5.71234056545e-18, "dvar2": 1.30229156699e-17, "max": 4.05585897865e-16, "mean": -6.34914609776e-09, "median": -5.37615951757e-09, "min": -4.65377674175e-08, "var": 2.67300056593e-17}, "spectral_energy": {"dmean": 0.0053095985204, "dmean2": 0.0081334868446, "dvar": 9.08915535547e-05, "dvar2": 0.000207235731068, "max": 0.184745579958, "mean": 0.0250124502927, "median": 0.0211218930781, "min": 1.110363795e-20, "var": 0.000419614138082}, "spectral_energyband_high": {"dmean": 1.43396812291e-06, "dmean2": 2.23081656259e-06, "dvar": 6.13397483848e-12, "dvar2": 1.47064461303e-11, "max": 7.28938321117e-05, "mean": 5.67741517443e-06, "median": 3.7644222175e-06, "min": 8.34197996048e-21, "var": 3.83747686405e-11}, "spectral_energyband_low": {"dmean": 0.00151538208593, "dmean2": 0.00238341046497, "dvar": 5.29993849341e-06, "dvar2": 1.4424697838e-05, "max": 0.0393478944898, "mean": 0.0046738111414, "median": 0.00291478587314, "min": 9.07259713199e-23, "var": 2.6512061595e-05}, "spectral_energyband_middle_high": {"dmean": 0.00079460372217, "dmean2": 0.00117098854389, "dvar": 1.69796312548e-05, "dvar2": 4.61035961052e-05, "max": 0.128643274307, "mean": 0.00285604270175, "median": 0.00181850662921, "min": 1.34479059742e-21, "var": 2.73496370937e-05}, "spectral_energyband_middle_low": {"dmean": 0.00449079694226, "dmean2": 0.00685162236914, "dvar": 7.27788792574e-05, "dvar2": 0.000160457755555, "max": 0.177494943142, "mean": 0.0185325350612, "median": 0.0139753874391, "min": 3.85245183422e-22, "var": 0.000335778022418}, "spectral_entropy": {"dmean": 0.105649761856, "dmean2": 0.167519330978, "dvar": 0.01342268195, "dvar2": 0.0324456989765, "max": 9.786444664, "mean": 6.35514640808, "median": 6.35619115829, "min": 4.5577712059, "var": 0.249888211489}, "spectral_flux": {"dmean": 0.015603614971, "dmean2": 0.0250132251531, "dvar": 0.000694189569913, "dvar2": 0.00163539557252, "max": 0.335239678621, "mean": 0.044630151242, "median": 0.0374931134284, "min": 1.05373799963e-10, "var": 0.00108200439718}, "spectral_kurtosis": {"dmean": 11.8499507904, "dmean2": 21.1023750305, "dvar": 126.134140015, "dvar2": 389.033081055, "max": 136.726013184, "mean": 30.1947059631, "median": 24.6074733734, "min": -1.19896745682, "var": 414.748291016}, "spectral_rms": {"dmean": 0.000474898901302, "dmean2": 0.000730959989596, "dvar": 4.31791278288e-07, "dvar2": 9.72193333837e-07, "max": 0.0134253334254, "mean": 0.00450181821361, "median": 0.0045394632034, "min": 3.29132467808e-12, "var": 4.136023108e-06}, "spectral_rolloff": {"dmean": 85.6837081909, "dmean2": 150.090515137, "dvar": 129176.125, "dvar2": 372840, "max": 19810.546875, "mean": 959.551452637, "median": 581.396484375, "min": 107.666015625, "var": 6247697.5}, "spectral_skewness": {"dmean": 0.770548641682, "dmean2": 1.37074410915, "dvar": 0.460612952709, "dvar2": 1.45590853691, "max": 9.43512058258, "mean": 3.62381100655, "median": 3.35679745674, "min": -0.0235740579665, "var": 1.77810180187}, "spectral_spread": {"dmean": 217578.484375, "dmean2": 376969.875, "dvar": 141553057792, "dvar2": 232532164608, "max": 39970860, "mean": 1883938.5, "median": 1611259.25, "min": 528240.8125, "var": 2886298501120.0}, "spectral_strongpeak": {"dmean": 0.373905867338, "dmean2": 0.600871682167, "dvar": 0.457483977079, "dvar2": 1.00868034363, "max": 11.402794838, "mean": 1.33017444611, "median": 0.775834143162, "min": 0, "var": 2.06053137779}, "zerocrossingrate": {"dmean": 0.00271922396496, "dmean2": 0.00355224031955, "dvar": 3.318947347e-05, "dvar2": 3.98863230657e-05, "max": 0.81201171875, "mean": 0.0360448546708, "median": 0.0244140625, "min": 0.0048828125, "var": 0.00668293703347}, "barkbands": {"dmean": [3.44914155903e-06, 0.000538699794561, 0.000917798839509, 0.000571411044803, 0.00123210181482, 0.000872966484167, 0.00137365737464, 0.00151538068894, 0.000688796048053, 0.000442793272668, 0.000272837321972, 0.000191482948139, 0.000112562782306, 5.67826718907e-05, 4.19949974457e-05, 3.44538457284e-05, 2.50410048466e-05, 2.25019684876e-05, 9.53372909862e-06, 2.81489542431e-06, 5.40247754088e-07, 2.37067098396e-07, 1.2274321648e-07, 5.34728350488e-08, 3.51670301768e-08, 1.71004526095e-08, 7.09025638201e-09], "dmean2": [5.79891275265e-06, 0.000820790301077, 0.00144003774039, 0.000980628770776, 0.00199747039005, 0.00140007678419, 0.0020425724797, 0.00205597095191, 0.00106142077129, 0.000672950816806, 0.000372989889001, 0.000267539086053, 0.000177297144546, 8.88044814928e-05, 6.83212565491e-05, 5.57101338927e-05, 4.05616410717e-05, 3.73494622181e-05, 1.52365046233e-05, 4.48407126896e-06, 8.47714829888e-07, 3.65099026567e-07, 1.84946941317e-07, 7.87255984847e-08, 5.33125721347e-08, 2.65968669311e-08, 1.16186367194e-08], "dvar": [8.19450340916e-11, 1.04644414023e-06, 2.29459169532e-06, 1.44032514982e-06, 6.68426855555e-06, 3.7785071072e-06, 1.95096490643e-05, 3.22185842379e-05, 1.22736892081e-05, 1.15466755233e-05, 2.99309454022e-06, 3.46008306451e-07, 4.88638249863e-08, 1.2890262191e-08, 9.87991377599e-09, 3.63893404298e-09, 2.19220441799e-09, 1.67330038714e-09, 2.98347402339e-10, 2.31565704112e-11, 1.70823945267e-12, 2.46423134719e-13, 6.15145819482e-14, 8.19577475412e-15, 5.01147339705e-15, 1.61870505555e-15, 2.22262080634e-16], "dvar2": [2.15740467158e-10, 2.2467022518e-06, 6.22190009381e-06, 4.79944947074e-06, 1.76497687789e-05, 1.13656396934e-05, 3.99690907216e-05, 5.80181258556e-05, 2.87052280328e-05, 3.41467639373e-05, 5.48230491404e-06, 6.68960296935e-07, 1.16805331629e-07, 2.94441484527e-08, 2.05873114112e-08, 9.08352948414e-09, 5.52970114143e-09, 4.72302019716e-09, 7.73449193581e-10, 5.66485330866e-11, 4.35937744236e-12, 5.32318384251e-13, 1.29066001593e-13, 1.61527760026e-14, 1.04876316101e-14, 3.75431387299e-15, 4.70622252225e-16], "max": [0.000170099767274, 0.0214427188039, 0.0307584349066, 0.0205143298954, 0.0570997111499, 0.0502076372504, 0.0997473075986, 0.154810756445, 0.0918896570802, 0.116799518466, 0.0664982795715, 0.0146707473323, 0.00414051068947, 0.0034131326247, 0.0036063157022, 0.00113908562344, 0.00133127195295, 0.000750411709305, 0.00035480200313, 0.000120350588986, 5.91050484218e-05, 2.05530213861e-05, 1.62679134519e-05, 2.95337144962e-06, 2.47052435043e-06, 1.75002026026e-06, 6.01195608851e-07], "mean": [4.03484364142e-06, 0.00163931469433, 0.00228502624668, 0.00126345013268, 0.00316594075412, 0.00279481522739, 0.00496463431045, 0.00384052982554, 0.00195396086201, 0.00135537888855, 0.000623981526587, 0.000448146893177, 0.000249165226705, 0.000130805405206, 8.24466333142e-05, 7.28776285541e-05, 5.41904555575e-05, 4.9753653002e-05, 2.33254759223e-05, 7.68942845752e-06, 1.57269562351e-06, 7.14788541245e-07, 4.18247680045e-07, 1.75842899353e-07, 1.0830450492e-07, 5.15759843722e-08, 1.89700397613e-08], "median": [1.41052282743e-06, 0.000431031890912, 0.0011103390716, 0.000626482767984, 0.00161148782354, 0.00136486324482, 0.00126253638882, 0.000903509382624, 0.000386288418667, 0.000494693580549, 0.000198142457521, 0.000144381905557, 0.00012137984595, 6.48692512186e-05, 4.42573327746e-05, 3.48812318407e-05, 3.22506894008e-05, 2.50018365477e-05, 1.28884848891e-05, 4.74680109619e-06, 8.6673298938e-07, 3.44709008004e-07, 1.95181328877e-07, 1.03682147312e-07, 6.2197727857e-08, 3.19265751614e-08, 1.29936479354e-08], "min": [4.1496525928e-23, 3.2914400855e-23, 3.84292327801e-23, 1.0208583499e-23, 1.18744101863e-22, 2.95239934358e-23, 4.91932871635e-23, 7.46087857198e-23, 4.08032276328e-23, 9.12837906432e-23, 8.7459487638e-23, 8.81491035305e-23, 1.08076947998e-22, 9.00437013002e-23, 1.73174974209e-22, 1.66941723502e-22, 1.86448158473e-22, 1.1226797035e-22, 2.16190499141e-22, 2.85526197783e-22, 6.29099936415e-22, 5.9811378298e-22, 5.73957221232e-22, 8.8668763443e-22, 1.39597047931e-21, 1.89947669142e-21, 2.37363798468e-21], "var": [8.05935179704e-11, 7.05364300302e-06, 1.00130964711e-05, 2.95357813229e-06, 1.94802123588e-05, 1.674116902e-05, 0.000105146464193, 0.00012535629503, 3.5497265344e-05, 1.39967187351e-05, 7.91822822066e-06, 9.07018261387e-07, 1.40784521818e-07, 4.84102500309e-08, 2.57342414045e-08, 9.75484759635e-09, 5.4832729468e-09, 4.39183356349e-09, 9.36129396223e-10, 9.4839337772e-11, 4.97111249734e-12, 1.29660453381e-12, 6.29605579911e-13, 5.09326433839e-14, 2.21514125131e-14, 4.57758796959e-15, 5.0967692972e-16]}, "erbbands": {"dmean": [0.00727841025218, 0.154734492302, 0.85418343544, 1.61720502377, 2.15571832657, 5.76374816895, 4.24159574509, 8.88967704773, 15.725774765, 33.4377975464, 22.9141845703, 18.0509147644, 10.1024503708, 14.6135072708, 10.6234445572, 9.44850063324, 5.36530351639, 3.28411531448, 1.75343120098, 2.34027433395, 1.58650767803, 1.20713412762, 1.23287200928, 0.645645141602, 0.384484291077, 0.122950285673, 0.031067032367, 0.0184683278203, 0.00930086057633, 0.00490301009268, 0.00368059938774, 0.00157462875359, 0.000813125283457, 0.000483849056764, 0.000228838456678, 9.45594656514e-05, 2.89385770884e-05, 7.04203966961e-06, 3.00329247693e-06, 5.94961238676e-06], "dmean2": [0.0116132711992, 0.234100043774, 1.31716954708, 2.71503067017, 3.57385730743, 9.33931159973, 6.71685409546, 14.2877521515, 22.9475860596, 46.3826751709, 32.6381950378, 27.6923103333, 14.8364686966, 22.8092975616, 13.9149475098, 13.0611724854, 8.40482234955, 5.20357370377, 2.75528740883, 3.84903430939, 2.54639148712, 1.9217518568, 2.03448438644, 1.03844332695, 0.61685448885, 0.196476027369, 0.0491313487291, 0.0288711711764, 0.0144322952256, 0.00755967479199, 0.00556525075808, 0.00239618308842, 0.00121239793953, 0.000720520794857, 0.000347778579453, 0.000144427700434, 4.62271273136e-05, 1.11358222057e-05, 4.61904755866e-06, 9.10083144845e-06], "dvar": [0.000288665964035, 0.0775473639369, 1.80006015301, 10.6165962219, 12.6187772751, 188.038101196, 53.9192047119, 443.670135498, 2128.17382812, 17829.3945312, 5014.46435547, 9135.38964844, 1500.43554688, 19662.0175781, 5866.19091797, 867.016418457, 115.77885437, 37.7717399597, 27.1359844208, 22.0270633698, 8.49589061737, 8.0494222641, 4.54333114624, 1.18154704571, 0.404735982418, 0.0394465178251, 0.00340876285918, 0.00165385950822, 0.000471060047857, 8.42832305352e-05, 7.15513451723e-05, 1.45020003401e-05, 2.36611958826e-06, 1.17021909318e-06, 2.00389550287e-07, 3.53416993448e-08, 7.24344806358e-09, 3.31996374836e-10, 2.81345589187e-11, 1.178387804e-10], "dvar2": [0.000679793593008, 0.167187541723, 4.67111253738, 34.6437911987, 37.6656150818, 475.368164062, 150.215484619, 1331.7064209, 3826.31054688, 37713.8359375, 12055.5869141, 22049.3964844, 3468.41772461, 58544.6484375, 9816.54199219, 1646.97680664, 278.610168457, 88.8788604736, 51.3150177002, 59.0107536316, 21.3034076691, 19.9057559967, 12.8459119797, 3.08412528038, 1.08293223381, 0.101196296513, 0.0087780021131, 0.00415562978014, 0.00104187591933, 0.000185242111911, 0.000169059698237, 3.60816520697e-05, 4.33070727013e-06, 2.32825937019e-06, 4.29699412052e-07, 7.58298384085e-08, 1.82901072066e-08, 7.10799363812e-10, 6.17820170024e-11, 2.68711025653e-10], "max": [0.502698600292, 5.83931350708, 22.2874526978, 59.0093612671, 70.2418899536, 330.694915771, 105.395492554, 546.612731934, 1183.9498291, 3112.10351562, 1563.9831543, 2368.45556641, 1178.29858398, 4808.94238281, 3488.453125, 752.721618652, 200.785430908, 167.468612671, 209.26512146, 76.6438980103, 78.1496810913, 91.6553192139, 36.0179328918, 21.2077293396, 13.0161752701, 4.79812955856, 2.05126714706, 1.34968519211, 1.09350836277, 0.22639632225, 0.543590009212, 0.268163263798, 0.0543850399554, 0.0432312972844, 0.0116255125031, 0.0054039331153, 0.00447240006179, 0.000738307891879, 0.000163227698067, 0.000209295874811], "mean": [0.0218533817679, 0.478186994791, 2.26093792915, 3.97948503494, 5.18800497055, 13.3762750626, 11.5409488678, 29.0158309937, 61.6058883667, 97.6841201782, 62.34973526, 53.7567062378, 36.2666015625, 38.3605194092, 24.0712623596, 22.6117553711, 12.9874992371, 8.2754278183, 4.16150999069, 4.98237323761, 3.54542732239, 2.81640934944, 2.87379789352, 1.66796875, 0.960667729378, 0.364455759525, 0.0961962640285, 0.0570869930089, 0.0296754147857, 0.0158680379391, 0.0118837859482, 0.00519777787849, 0.00256348215044, 0.00150360458065, 0.000673586444464, 0.000289749121293, 8.89872535481e-05, 2.07171251532e-05, 1.49516663441e-05, 2.83413592115e-05], "median": [0.00519126886502, 0.164449349046, 1.25598931313, 2.00529265404, 3.19738698006, 5.71053695679, 6.66663742065, 13.638256073, 21.1457576752, 21.3378429413, 20.0709495544, 12.4294061661, 12.435382843, 14.104883194, 8.60802650452, 7.46829843521, 7.07168292999, 4.8874373436, 2.35194778442, 2.60771512985, 2.09882831573, 1.58524131775, 1.61136579514, 1.01114058495, 0.569893300533, 0.235586449504, 0.063985824585, 0.0303995739669, 0.0150576708838, 0.00772939622402, 0.005911342334, 0.00276375608519, 0.00154068809934, 0.000875605852343, 0.00037559698103, 0.000179380906047, 6.08568516327e-05, 1.30917178467e-05, 1.27229750433e-05, 2.39100008912e-05], "min": [1.17455809963e-21, 7.4487533381e-21, 3.71314591509e-20, 3.53807475403e-20, 1.44598796646e-19, 4.86956780514e-19, 4.35027880923e-19, 2.67666857428e-19, 7.0719217104e-19, 7.44640136635e-19, 1.66782317599e-18, 1.00138143744e-18, 3.4031550433e-18, 1.56874627395e-18, 4.49554382231e-18, 3.3266598618e-18, 5.61153992241e-18, 3.03119260135e-18, 8.89540352726e-18, 8.0543056009e-18, 9.44246769718e-18, 1.16300493975e-17, 7.03856503182e-18, 1.03610401869e-17, 9.27005265184e-18, 1.38175219099e-17, 2.72853168199e-17, 2.08191351294e-17, 2.3171368785e-17, 1.66488279706e-17, 1.7339262393e-17, 1.36234305966e-17, 1.85519670737e-17, 1.80354391032e-17, 8.35431160137e-18, 5.85920069294e-18, 3.87355859559e-18, 1.43412283605e-18, 3.68449586834e-19, 3.11788671302e-20], "var": [0.00189923169091, 0.519731223583, 8.72678470612, 28.3957653046, 40.6394386292, 491.350463867, 189.360061646, 1973.20300293, 12990.4941406, 68731.4140625, 15945.8730469, 24950.484375, 6936.71630859, 18632.8300781, 15172.8330078, 2307.64624023, 332.083068848, 136.282608032, 79.8254013062, 50.2866821289, 21.1415309906, 19.4569454193, 12.6354198456, 4.10261917114, 1.30217063427, 0.177211850882, 0.0111014870927, 0.007149704732, 0.00248706783168, 0.000505401752889, 0.000528712989762, 0.000109797525511, 1.27870780489e-05, 5.35791559741e-06, 8.3460759015e-07, 1.42467015962e-07, 1.19239826901e-08, 7.88373533123e-10, 1.25118068683e-10, 5.37405564494e-10]}, "gfcc": {"mean": [-123.266731262, 190.686553955, -125.991065979, -8.54616928101, -40.4597702026, -18.5798854828, -25.543176651, -0.117458365858, -15.2782077789, -10.3587083817, -3.85469031334, -10.3890724182, -10.3713521957], "cov": [[15726.2099609, 3964.64477539, -2502.40869141, -116.07396698, -304.93447876, -520.17388916, -192.142929077, -59.3671455383, -168.468322754, -264.076477051, 153.104446411, -110.603401184, -114.988426208], [3964.64477539, 1754.38269043, -409.527801514, -269.430084229, 73.6693954468, -103.360427856, 7.20900440216, -61.8628578186, -18.7259368896, -77.8806915283, 17.8320121765, -89.1883621216, 9.45262622833], [-2502.40869141, -409.527801514, 721.671875, 82.569519043, 98.6310195923, 182.865982056, 38.2947502136, 27.7621746063, 14.4145956039, 48.0083045959, -61.2382621765, 6.30971431732, -1.74935460091], [-116.07396698, -269.430084229, 82.569519043, 392.811889648, 34.0956687927, 48.7405967712, -24.0337982178, 36.5122146606, -28.779876709, -12.7682304382, -5.60620689392, 52.6379508972, -17.661819458], [-304.93447876, 73.6693954468, 98.6310195923, 34.0956687927, 160.676101685, 72.4749450684, 47.1664466858, 11.2435646057, 22.9774303436, -4.06852912903, 0.283176749945, 3.83817219734, 17.8243808746], [-520.17388916, -103.360427856, 182.865982056, 48.7405967712, 72.4749450684, 170.346099854, 63.9076461792, 22.3205852509, -6.50182771683, 10.311205864, -21.9859371185, 8.36947822571, 9.13008022308], [-192.142929077, 7.20900440216, 38.2947502136, -24.0337982178, 47.1664466858, 63.9076461792, 132.979827881, 53.3600769043, 32.3176956177, 6.69472455978, 8.54259777069, -14.0497245789, -2.17178297043], [-59.3671455383, -61.8628578186, 27.7621746063, 36.5122146606, 11.2435646057, 22.3205852509, 53.3600769043, 108.928611755, 52.7874679565, 28.0490570068, 12.3017978668, 5.43484306335, -20.7587509155], [-168.468322754, -18.7259368896, 14.4145956039, -28.779876709, 22.9774303436, -6.50182771683, 32.3176956177, 52.7874679565, 124.653343201, 56.8076210022, 20.6567649841, -3.3766977787, -10.5849342346], [-264.076477051, -77.8806915283, 48.0083045959, -12.7682304382, -4.06852912903, 10.311205864, 6.69472455978, 28.0490570068, 56.8076210022, 82.7662658691, 25.0532112122, 4.42280721664, -4.82658815384], [153.104446411, 17.8320121765, -61.2382621765, -5.60620689392, 0.283176749945, -21.9859371185, 8.54259777069, 12.3017978668, 20.6567649841, 25.0532112122, 85.9612121582, 31.9250888824, -9.48805332184], [-110.603401184, -89.1883621216, 6.30971431732, 52.6379508972, 3.83817219734, 8.36947822571, -14.0497245789, 5.43484306335, -3.3766977787, 4.42280721664, 31.9250888824, 70.9857025146, 19.9278697968], [-114.988426208, 9.45262622833, -1.74935460091, -17.661819458, 17.8243808746, 9.13008022308, -2.17178297043, -20.7587509155, -10.5849342346, -4.82658815384, -9.48805332184, 19.9278697968, 81.0404510498]], "icov": [[0.000937243632507, -0.00198283814825, 0.00243853731081, -0.00129866239149, 0.00183355610352, -0.00159926677588, 0.000992705114186, -0.00106841535307, 0.000234689912759, -7.10001622792e-05, 0.000205366668524, -0.000268057832727, 0.00097695121076], [-0.00198283814825, 0.00506188254803, -0.00470536202192, 0.00324080279097, -0.00480533950031, 0.00346354953945, -0.0018164163921, 0.00218668975867, -0.000323890155414, 0.000664244929794, -0.000790335994679, 0.00149360485375, -0.00208355230279], [0.00243853731081, -0.00470536202192, 0.00880901981145, -0.0031489173416, 0.00348890875466, -0.00591234210879, 0.00302957836539, -0.00273920036852, 0.000928989436943, -0.0017392229056, 0.00232157087885, -0.00107308768202, 0.00334445480257], [-0.00129866239149, 0.00324080279097, -0.0031489173416, 0.00566062470898, -0.00411368440837, 0.0016869554529, 0.000199856367544, -0.000534301565494, 0.00100802711677, 0.000591601070482, 0.000684521626681, -0.00214715045877, 0.000303253415041], [0.00183355610352, -0.00480533950031, 0.00348890875466, -0.00411368440837, 0.014258204028, -0.00666366238147, 0.000467081001261, -0.000615490367636, -0.00373155064881, 0.00351564213634, -0.0021843269933, 0.000540068547707, -0.000856046390254], [-0.00159926677588, 0.00346354953945, -0.00591234210879, 0.0016869554529, -0.00666366238147, 0.0154456319287, -0.00765994424, 0.00215362361632, 0.00357891921885, -0.00401031319052, 0.00377973378636, -0.00302116130479, -0.000947232823819], [0.000992705114186, -0.0018164163921, 0.00302957836539, 0.000199856367544, 0.000467081001261, -0.00765994424, 0.0159218758345, -0.00784290395677, -0.00162940169685, 0.00425012083724, -0.00462666107342, 0.00547949690372, -0.000941464037169], [-0.00106841535307, 0.00218668975867, -0.00273920036852, -0.000534301565494, -0.000615490367636, 0.00215362361632, -0.00784290395677, 0.0177206713706, -0.005390916951, -0.00196240469813, 0.00143743259832, -0.00283940578811, 0.00232066190802], [0.000234689912759, -0.000323890155414, 0.000928989436943, 0.00100802711677, -0.00373155064881, 0.00357891921885, -0.00162940169685, -0.005390916951, 0.016535801813, -0.0103555768728, 0.00174551829696, -0.000788161472883, 0.00154469185509], [-7.10001622792e-05, 0.000664244929794, -0.0017392229056, 0.000591601070482, 0.00351564213634, -0.00401031319052, 0.00425012083724, -0.00196240469813, -0.0103555768728, 0.0239622239023, -0.00888702552766, 0.0045331553556, -0.00287766451947], [0.000205366668524, -0.000790335994679, 0.00232157087885, 0.000684521626681, -0.0021843269933, 0.00377973378636, -0.00462666107342, 0.00143743259832, 0.00174551829696, -0.00888702552766, 0.0225024968386, -0.0140996612608, 0.00668204808608], [-0.000268057832727, 0.00149360485375, -0.00107308768202, -0.00214715045877, 0.000540068547707, -0.00302116130479, 0.00547949690372, -0.00283940578811, -0.000788161472883, 0.0045331553556, -0.0140996612608, 0.0276001226157, -0.0096751684323], [0.00097695121076, -0.00208355230279, 0.00334445480257, 0.000303253415041, -0.000856046390254, -0.000947232823819, -0.000941464037169, 0.00232066190802, 0.00154469185509, -0.00287766451947, 0.00668204808608, -0.0096751684323, 0.0181630551815]]}, "melbands": {"dmean": [0.00010705832392, 0.000359687197488, 0.000271696044365, 0.000273141486105, 0.000182721865713, 0.000193332656636, 0.000252510915743, 0.000368828274077, 0.000175736262463, 0.000104989339889, 4.91366481583e-05, 6.10663773841e-05, 3.55490337824e-05, 2.54397600656e-05, 1.67828366102e-05, 1.06946981759e-05, 6.23239202469e-06, 2.79179812424e-06, 2.84368638859e-06, 3.10949462801e-06, 1.84857526619e-06, 1.42573765061e-06, 1.08639915197e-06, 1.4095444385e-06, 4.85469286104e-07, 3.89458875816e-07, 1.76514504346e-07, 7.45799297874e-08, 2.61853312367e-08, 1.604709432e-08, 1.10736770864e-08, 5.4888538159e-09, 5.34082333914e-09, 2.62486254954e-09, 2.64699551167e-09, 1.80478076928e-09, 7.64301733014e-10, 6.58837817635e-10, 5.83347148364e-10, 4.23125701143e-10], "dmean2": [0.000165690056747, 0.000550801691134, 0.000454212684417, 0.000446579564596, 0.000291668024147, 0.000309172464767, 0.000370112044038, 0.000504055002239, 0.000253775011515, 0.000162074997206, 7.15537316864e-05, 9.55408904701e-05, 4.88720797875e-05, 3.3437860111e-05, 2.45680566877e-05, 1.68284150277e-05, 9.87166822597e-06, 4.35367610407e-06, 4.59499506178e-06, 5.12973792866e-06, 2.97011365546e-06, 2.27836994782e-06, 1.74372326001e-06, 2.35552943195e-06, 7.62421848322e-07, 6.2841968429e-07, 2.81277465319e-07, 1.20006220072e-07, 4.10492617675e-08, 2.54807535072e-08, 1.74567187372e-08, 8.60269899761e-09, 8.24931500887e-09, 4.0456664685e-09, 4.06173628065e-09, 2.82727508072e-09, 1.16870735312e-09, 9.8279651084e-10, 8.809528107e-10, 6.41249831013e-10], "dvar": [4.73163659365e-08, 2.98501078078e-07, 2.36638271645e-07, 3.30607832666e-07, 1.24234489363e-07, 1.94147801835e-07, 5.66052790418e-07, 2.2236724817e-06, 3.09801663434e-07, 3.46695202325e-07, 3.60254084342e-08, 3.61424412176e-07, 6.27643643725e-08, 1.05981081688e-08, 1.63244684437e-09, 3.86060877711e-10, 1.49138937311e-10, 6.0388583023e-11, 3.45235610932e-11, 3.07060349369e-11, 1.31834603997e-11, 1.15345146628e-11, 4.49459176474e-12, 8.68545079608e-12, 7.453520765e-13, 5.21632975529e-13, 9.82564114164e-14, 1.69198981675e-14, 2.14052213793e-15, 3.22492336316e-15, 5.22711072712e-16, 1.58913651179e-16, 1.67252280264e-16, 2.8768180343e-17, 4.9412752239e-17, 2.77765099026e-17, 2.1104799886e-18, 1.94621928974e-18, 1.11142024035e-18, 1.02420386752e-18], "dvar2": [1.03234043536e-07, 7.46806108509e-07, 7.64909827922e-07, 8.7117257408e-07, 3.35378132377e-07, 5.73895647449e-07, 1.03848719846e-06, 4.43334238298e-06, 7.78071807872e-07, 8.33590831917e-07, 8.24447283776e-08, 1.0770671679e-06, 1.21127214925e-07, 1.65069984348e-08, 3.35291727716e-09, 9.12663611352e-10, 3.49860390658e-10, 1.15805171008e-10, 7.67280058933e-11, 8.03229635582e-11, 3.42039972734e-11, 2.86368637137e-11, 1.13464784443e-11, 2.45767989293e-11, 1.83758520553e-12, 1.39963778414e-12, 2.57845096186e-13, 4.33433264323e-14, 5.35361965059e-15, 8.49130793755e-15, 1.31120594356e-15, 3.6034488877e-16, 3.71650766912e-16, 6.35603531278e-17, 1.30925167973e-16, 7.12556871583e-17, 4.83299794347e-18, 3.38042515405e-18, 2.33727574857e-18, 1.98840736214e-18], "max": [0.00494008883834, 0.00921567436308, 0.0086526228115, 0.0119603248313, 0.00755322584882, 0.0114619610831, 0.0182177983224, 0.0359998010099, 0.0180796589702, 0.0156590323895, 0.00589415058494, 0.0207044389099, 0.00981749035418, 0.00445241853595, 0.000955753785092, 0.000409015017794, 0.000385249499232, 0.000293178687571, 0.000167506354046, 9.36450014706e-05, 0.000106831124867, 0.00011058547534, 4.77047360619e-05, 6.08055743214e-05, 1.79867747647e-05, 1.32504728754e-05, 8.34128513816e-06, 3.28907276526e-06, 1.06905963548e-06, 3.0683577279e-06, 6.54768200548e-07, 6.00385305916e-07, 4.07714821904e-07, 1.33092370902e-07, 3.92464727383e-07, 3.91089741925e-07, 7.01627911326e-08, 5.27511510029e-08, 2.84951298113e-08, 4.23656913995e-08], "mean": [0.000336414203048, 0.00103185989428, 0.000705825688783, 0.0006578026223, 0.000488137447974, 0.000632395967841, 0.000975375587586, 0.00103905901778, 0.000481274677441, 0.000299364735838, 0.000170975152287, 0.000155599147547, 7.97508255346e-05, 5.84647823416e-05, 4.03536942031e-05, 2.38926459133e-05, 1.44919395098e-05, 6.31821831121e-06, 5.95365872869e-06, 6.39065910946e-06, 3.70320412912e-06, 3.06125048155e-06, 2.25793769459e-06, 2.93551443065e-06, 1.12261363938e-06, 8.60480838583e-07, 4.30711281751e-07, 1.97209956809e-07, 6.47833076073e-08, 3.80512226172e-08, 3.03988514361e-08, 1.54020174392e-08, 1.40359901479e-08, 6.97116497861e-09, 7.30025551121e-09, 5.15586418004e-09, 2.24747531696e-09, 1.783458492e-09, 1.60142421546e-09, 1.12296127952e-09], "median": [8.0972116848e-05, 0.000628869340289, 0.000423216086347, 0.000348676694557, 0.000261312641669, 0.000290576310363, 0.000309528404614, 0.000229653698625, 0.000144643287058, 6.11537252553e-05, 5.36879997526e-05, 5.40186265425e-05, 2.59195821855e-05, 1.84890923265e-05, 1.65373094205e-05, 1.22740611914e-05, 7.675442248e-06, 3.1827867133e-06, 3.10705081574e-06, 3.04451168631e-06, 1.94274639398e-06, 1.57712770488e-06, 1.18593288789e-06, 1.16946762319e-06, 6.11570840192e-07, 4.2690962232e-07, 2.48076787557e-07, 1.1061499805e-07, 3.8416509085e-08, 1.94797760145e-08, 1.41560638767e-08, 7.6048376485e-09, 5.60594415333e-09, 3.18287574075e-09, 3.39629635526e-09, 2.40708164512e-09, 1.20563192763e-09, 9.81827730229e-10, 9.17012632495e-10, 5.96866611691e-10], "min": [1.22261788834e-23, 1.65250550871e-23, 9.23137810836e-24, 2.22284058359e-23, 1.88043613877e-23, 5.49558214128e-24, 1.08006669957e-23, 9.86324780484e-24, 1.27125289864e-23, 6.63777621253e-24, 1.67720632138e-23, 5.23401913651e-24, 1.47226120483e-23, 1.21962913103e-23, 7.97281995384e-24, 1.0763489559e-23, 4.62770458906e-24, 1.39291615504e-23, 1.34637462381e-23, 9.758116312e-24, 1.1064005332e-23, 1.22988992371e-23, 7.13780753022e-24, 6.23719856132e-24, 8.97139479755e-24, 6.39322302103e-24, 5.43443201049e-24, 1.03726310686e-23, 1.61052801114e-23, 1.62945909514e-23, 1.09617768473e-23, 1.2619917505e-23, 1.21834407661e-23, 8.51578739288e-24, 1.08997226819e-23, 8.3289512095e-24, 7.90566738042e-24, 1.2195090664e-23, 1.5185921102e-23, 1.56693382202e-23], "var": [3.51564267476e-07, 1.5609040247e-06, 6.77658874793e-07, 8.95536629741e-07, 4.03451792863e-07, 9.10757023576e-07, 3.39987877851e-06, 8.60941599967e-06, 9.50664684751e-07, 8.67718711106e-07, 1.66897990539e-07, 3.42348101867e-07, 1.61917981245e-07, 2.72235176624e-08, 4.59539739595e-09, 1.13369047483e-09, 5.5771326446e-10, 1.8609833119e-10, 9.14327502599e-11, 7.68452593225e-11, 2.96890324825e-11, 2.66855808284e-11, 1.20179664831e-11, 2.10273413265e-11, 2.35140227602e-12, 1.46856008257e-12, 3.33730493327e-13, 6.54100525913e-14, 6.26399922736e-15, 4.46717129569e-15, 2.410498008e-15, 7.36077136878e-16, 7.32344103861e-16, 1.13978407744e-16, 2.16630635024e-16, 1.83619392024e-16, 1.22403267098e-17, 8.79022585802e-18, 4.44900953618e-18, 4.08857178811e-18]}, "mfcc": {"mean": [-759.968078613, 225.555358887, -21.8751754761, 15.0981740952, -1.43473696709, -13.5131158829, -2.06980633736, 0.333682179451, -7.80084896088, -0.285220950842, 0.697077155113, -0.965292036533, 0.590044021606], "cov": [[7197.85498047, 2680.49462891, -1357.01074219, 299.561340332, -265.952575684, -252.075912476, -90.0284423828, 28.0918521881, -253.602767944, -92.6814956665, 5.29687643051, 32.0631561279, 46.7550735474], [2680.49462891, 1908.8190918, -326.098724365, -109.629135132, -1.89973127842, -99.8656768799, 27.1035728455, -30.4619312286, -39.3216171265, -5.36468315125, 2.9440267086, -6.41897821426, -2.23442387581], [-1357.01074219, -326.098724365, 569.50567627, -8.62731742859, 93.8474273682, 112.315414429, 36.5175476074, 27.3507976532, 62.9974327087, 38.2579231262, 20.751329422, -21.4611988068, -32.1313743591], [299.561340332, -109.629135132, -8.62731742859, 253.776504517, 38.868019104, 10.7327337265, -0.258073031902, 49.2624588013, -16.1535758972, -19.8362102509, 11.2512283325, 9.12355899811, 3.32040905952], [-265.952575684, -1.89973127842, 93.8474273682, 38.868019104, 148.656951904, 59.6208229065, 19.2269611359, 23.6705722809, 16.5308704376, 4.58060026169, 7.20361328125, -2.83151984215, -7.62362527847], [-252.075912476, -99.8656768799, 112.315414429, 10.7327337265, 59.6208229065, 142.886352539, 54.5947952271, 29.8936328888, 31.4204921722, 9.09763145447, 2.27072644234, -13.5434799194, -18.6822891235], [-90.0284423828, 27.1035728455, 36.5175476074, -0.258073031902, 19.2269611359, 54.5947952271, 123.042884827, 53.0511016846, 18.5592918396, 5.99968671799, 2.18987107277, 0.450736552477, -10.3751726151], [28.0918521881, -30.4619312286, 27.3507976532, 49.2624588013, 23.6705722809, 29.8936328888, 53.0511016846, 113.489463806, 27.3912277222, 8.23155403137, 28.9322929382, 10.591053009, 14.0358514786], [-253.602767944, -39.3216171265, 62.9974327087, -16.1535758972, 16.5308704376, 31.4204921722, 18.5592918396, 27.3912277222, 111.790435791, 45.7926483154, 7.32318019867, 6.89459466934, -3.53436422348], [-92.6814956665, -5.36468315125, 38.2579231262, -19.8362102509, 4.58060026169, 9.09763145447, 5.99968671799, 8.23155403137, 45.7926483154, 98.9466323853, 40.5826835632, 12.2200546265, 11.8261508942], [5.29687643051, 2.9440267086, 20.751329422, 11.2512283325, 7.20361328125, 2.27072644234, 2.18987107277, 28.9322929382, 7.32318019867, 40.5826835632, 111.34967041, 49.2069854736, 17.3528766632], [32.0631561279, -6.41897821426, -21.4611988068, 9.12355899811, -2.83151984215, -13.5434799194, 0.450736552477, 10.591053009, 6.89459466934, 12.2200546265, 49.2069854736, 92.3299026489, 43.5314598083], [46.7550735474, -2.23442387581, -32.1313743591, 3.32040905952, -7.62362527847, -18.6822891235, -10.3751726151, 14.0358514786, -3.53436422348, 11.8261508942, 17.3528766632, 43.5314598083, 101.811737061]], "icov": [[0.00159312505275, -0.00213064672425, 0.00232308008708, -0.00265125581063, 0.00278051686473, -0.00220848829485, 0.00212162313983, -0.00193033437245, 0.00196776934899, -0.001091895625, 0.000539221335202, -0.000525347189978, 0.000654379196931], [-0.00213064672425, 0.00349529483356, -0.00270912633277, 0.0038606566377, -0.00418592989445, 0.00343840615824, -0.0033027655445, 0.0027389107272, -0.00260586035438, 0.0014516733354, -0.000976368377451, 0.00096209050389, -0.000826416886412], [0.00232308008708, -0.00270912633277, 0.00592093262821, -0.00347887701355, 0.00287930597551, -0.00416200701147, 0.00295140175149, -0.00267951050773, 0.00219455175102, -0.00187407981139, 0.000125894192024, -9.6057097835e-05, 0.00129132170696], [-0.00265125581063, 0.0038606566377, -0.00347887701355, 0.00936302356422, -0.00600140076131, 0.00369257084094, -0.00247281068005, 0.00049172330182, -0.0021460885182, 0.00234392238781, -0.000800829729997, 0.000294711528113, -0.000528874865267], [0.00278051686473, -0.00418592989445, 0.00287930597551, -0.00600140076131, 0.0139929307625, -0.00714383320883, 0.00446921447292, -0.0039949035272, 0.00331764551811, -0.00182769238017, 0.00108516146429, -0.00131977617275, 0.00118554744404], [-0.00220848829485, 0.00343840615824, -0.00416200701147, 0.00369257084094, -0.00714383320883, 0.0146545954049, -0.00729061942548, 0.00305473618209, -0.00443925149739, 0.00208018557169, -0.0015151258558, 0.00239651673473, -0.000516358355526], [0.00212162313983, -0.0033027655445, 0.00295140175149, -0.00247281068005, 0.00446921447292, -0.00729061942548, 0.0157186742872, -0.00901784561574, 0.00375187746249, -0.00257949018851, 0.00315039278939, -0.00304354005493, 0.00300139724277], [-0.00193033437245, 0.0027389107272, -0.00267951050773, 0.00049172330182, -0.0039949035272, 0.00305473618209, -0.00901784561574, 0.0175997707993, -0.00646019075066, 0.00381058990024, -0.00557237816975, 0.00346754328348, -0.00419872626662], [0.00196776934899, -0.00260586035438, 0.00219455175102, -0.0021460885182, 0.00331764551811, -0.00443925149739, 0.00375187746249, -0.00646019075066, 0.0160190723836, -0.00810220465064, 0.00438912631944, -0.00378880742937, 0.00287761818618], [-0.001091895625, 0.0014516733354, -0.00187407981139, 0.00234392238781, -0.00182769238017, 0.00208018557169, -0.00257949018851, 0.00381058990024, -0.00810220465064, 0.0168050043285, -0.00734778633341, 0.00340224336833, -0.00311355851591], [0.000539221335202, -0.000976368377451, 0.000125894192024, -0.000800829729997, 0.00108516146429, -0.0015151258558, 0.00315039278939, -0.00557237816975, 0.00438912631944, -0.00734778633341, 0.0163628291339, -0.00910807680339, 0.00280057662167], [-0.000525347189978, 0.00096209050389, -9.6057097835e-05, 0.000294711528113, -0.00131977617275, 0.00239651673473, -0.00304354005493, 0.00346754328348, -0.00378880742937, 0.00340224336833, -0.00910807680339, 0.0191203895956, -0.00737441936508], [0.000654379196931, -0.000826416886412, 0.00129132170696, -0.000528874865267, 0.00118554744404, -0.000516358355526, 0.00300139724277, -0.00419872626662, 0.00287761818618, -0.00311355851591, 0.00280057662167, -0.00737441936508, 0.0139441993088]]}, "spectral_contrast_coeffs": {"dmean": [0.0419868901372, 0.0330402962863, 0.0259050950408, 0.0225459076464, 0.0170254707336, 0.0126219587401], "dmean2": [0.07087995857, 0.0543192662299, 0.0410237461329, 0.0371823720634, 0.0275366548449, 0.0209260005504], "dvar": [0.00117622176185, 0.00090658699628, 0.000587288290262, 0.000358769349987, 0.000199386966415, 0.000134051690111], "dvar2": [0.00335337035358, 0.00235509220511, 0.00144634931348, 0.000952404458076, 0.000498789537232, 0.000376825628337], "max": [-0.30541190505, -0.345603138208, -0.455784708261, -0.563577353954, -0.588019132614, -0.65655207634], "mean": [-0.605334937572, -0.68750411272, -0.721064329147, -0.748267829418, -0.72508841753, -0.789281487465], "median": [-0.606797099113, -0.692077517509, -0.725676059723, -0.744867801666, -0.716921567917, -0.783504903316], "min": [-0.968506813049, -0.96311300993, -0.979705095291, -0.962510824203, -0.956674158573, -0.958251774311], "var": [0.00890143960714, 0.00893886201084, 0.00595671171322, 0.00302972109057, 0.00363625166938, 0.00154880783521]}, "spectral_contrast_valleys": {"dmean": [0.363906353712, 0.251739382744, 0.228390589356, 0.204602450132, 0.155446007848, 0.161179661751], "dmean2": [0.613004744053, 0.416085124016, 0.365253120661, 0.332673877478, 0.251675009727, 0.264581978321], "dvar": [0.10995272547, 0.0737290605903, 0.067