{"lowlevel": {"average_loudness": 0.285784572363, "barkbands_crest": {"dmean": 1.24460160732, "dmean2": 1.828109622, "dvar": 3.92319583893, "dvar2": 9.36568069458, "max": 26.7117576599, "mean": 17.8334274292, "median": 17.2923069, "min": 5.07419681549, "var": 22.331653595}, "barkbands_flatness_db": {"dmean": 0.0174814444035, "dmean2": 0.0270525608212, "dvar": 0.000571889278945, "dvar2": 0.00126036000438, "max": 0.664861738682, "mean": 0.421419560909, "median": 0.42874148488, "min": 0.0631398484111, "var": 0.00636187568307}, "barkbands_kurtosis": {"dmean": 3.26156592369, "dmean2": 4.75524234772, "dvar": 80.9155426025, "dvar2": 185.413970947, "max": 215.71812439, "mean": 11.9717102051, "median": 4.83773517609, "min": -1.88850128651, "var": 410.55355835}, "barkbands_skewness": {"dmean": 0.428634881973, "dmean2": 0.629878878593, "dvar": 0.493043661118, "dvar2": 1.03261375427, "max": 11.7335119247, "mean": 1.15901327133, "median": 0.973870992661, "min": -10.1753129959, "var": 5.20840501785}, "barkbands_spread": {"dmean": 0.578175008297, "dmean2": 0.863543748856, "dvar": 2.459182024, "dvar2": 5.19693660736, "max": 63.2628440857, "mean": 2.84303927422, "median": 1.84549725056, "min": 0.117673650384, "var": 8.76478672028}, "dissonance": {"dmean": 0.0536433681846, "dmean2": 0.0924573764205, "dvar": 0.00258769583888, "dvar2": 0.00711314659566, "max": 0.499410748482, "mean": 0.2626491189, "median": 0.251814037561, "min": 0.0505683794618, "var": 0.00909384619445}, "dynamic_complexity": 8.61545372009, "erbbands_crest": {"dmean": 1.47835826874, "dmean2": 2.13852453232, "dvar": 5.10545349121, "dvar2": 11.5308113098, "max": 34.5243835449, "mean": 20.9137268066, "median": 20.6195850372, "min": 3.14812636375, "var": 33.5511283875}, "erbbands_flatness_db": {"dmean": 0.013772405684, "dmean2": 0.0212240573019, "dvar": 0.00033961707959, "dvar2": 0.000742807926144, "max": 0.598740339279, "mean": 0.458355754614, "median": 0.470661818981, "min": 0.0390422716737, "var": 0.0050281281583}, "erbbands_kurtosis": {"dmean": 1.95923244953, "dmean2": 2.80401968956, "dvar": 23.4684276581, "dvar2": 48.1441268921, "max": 153.123458862, "mean": 5.99111604691, "median": 3.13488054276, "min": -1.79260993004, "var": 102.757095337}, "erbbands_skewness": {"dmean": 0.286261498928, "dmean2": 0.397096574306, "dvar": 0.212869629264, "dvar2": 0.417228907347, "max": 5.47165060043, "mean": 0.885087490082, "median": 1.04000377655, "min": -6.26786708832, "var": 2.08327031136}, "erbbands_spread": {"dmean": 0.850005686283, "dmean2": 1.28376090527, "dvar": 4.42993402481, "dvar2": 11.3778495789, "max": 101.887413025, "mean": 5.56030464172, "median": 4.01962757111, "min": 0.311353862286, "var": 46.091583252}, "hfc": {"dmean": 4.3995256424, "dmean2": 5.7474861145, "dvar": 320.071075439, "dvar2": 678.069763184, "max": 431.92956543, "mean": 10.8530168533, "median": 2.71910142899, "min": 1.2255157231e-16, "var": 717.797424316}, "melbands_crest": {"dmean": 1.42592573166, "dmean2": 2.10205483437, "dvar": 4.92706823349, "dvar2": 11.6898603439, "max": 36.6502227783, "mean": 21.5144691467, "median": 20.6530838013, "min": 2.31919455528, "var": 40.1507797241}, "melbands_flatness_db": {"dmean": 0.0175349842757, "dmean2": 0.0270235538483, "dvar": 0.000715954054613, "dvar2": 0.00158367841505, "max": 0.742451369762, "mean": 0.507376670837, "median": 0.515327036381, "min": 0.00800434220582, "var": 0.00672650663182}, "melbands_kurtosis": {"dmean": 2.5036816597, "dmean2": 3.63256645203, "dvar": 66.0849151611, "dvar2": 163.633270264, "max": 379.620788574, "mean": 10.1462898254, "median": 5.45492839813, "min": -1.84560775757, "var": 418.107116699}, "melbands_skewness": {"dmean": 0.387019097805, "dmean2": 0.573673963547, "dvar": 0.307252466679, "dvar2": 0.61472171545, "max": 14.6537771225, "mean": 1.16480910778, "median": 1.10486531258, "min": -6.64077472687, "var": 4.12504816055}, "melbands_spread": {"dmean": 1.02275454998, "dmean2": 1.52572500706, "dvar": 11.4491195679, "dvar2": 19.8310546875, "max": 158.742767334, "mean": 5.22471427917, "median": 3.06091499329, "min": 0.316728264093, "var": 47.5169029236}, "pitch_salience": {"dmean": 0.0335255563259, "dmean2": 0.0514278113842, "dvar": 0.00358108407818, "dvar2": 0.00929707940668, "max": 0.927259922028, "mean": 0.396892011166, "median": 0.413512796164, "min": 0.0669358000159, "var": 0.0145666822791}, "silence_rate_20dB": {"dmean": 0.000656275660731, "dmean2": 0.00131276668981, "dvar": 0.000655855052173, "dvar2": 0.00196746666916, "max": 1, "mean": 0.999671936035, "median": 1, "min": 0, "var": 0.000327978865243}, "silence_rate_30dB": {"dmean": 0.0118129616603, "dmean2": 0.0236297994852, "dvar": 0.0116735966876, "dvar2": 0.0273383483291, "max": 1, "mean": 0.982939660549, "median": 1, "min": 0, "var": 0.016768630594}, "silence_rate_60dB": {"dmean": 0.0452830195427, "dmean2": 0.0905808955431, "dvar": 0.0432300157845, "dvar2": 0.086642332375, "max": 1, "mean": 0.426345139742, "median": 0, "min": 0, "var": 0.244577035308}, "spectral_centroid": {"dmean": 28.4386997223, "dmean2": 40.1069869995, "dvar": 14334.5546875, "dvar2": 20012.8222656, "max": 11153.6962891, "mean": 650.158203125, "median": 568.357910156, "min": 149.077163696, "var": 85486.359375}, "spectral_complexity": {"dmean": 0.665463507175, "dmean2": 1.05874633789, "dvar": 2.45320010185, "dvar2": 4.8870844841, "max": 27, "mean": 3.96571516991, "median": 3, "min": 0, "var": 9.77480125427}, "spectral_decrease": {"dmean": 1.11600817476e-09, "dmean2": 1.43068901171e-09, "dvar": 1.47949292751e-17, "dvar2": 3.08558518602e-17, "max": 7.0517885727e-16, "mean": -3.41698003226e-09, "median": -1.18785348224e-09, "min": -9.9321283642e-08, "var": 4.31233936393e-17}, "spectral_energy": {"dmean": 0.00460811099038, "dmean2": 0.0059133102186, "dvar": 0.000259146792814, "dvar2": 0.000541690504178, "max": 0.41224488616, "mean": 0.0138808460906, "median": 0.00478121079504, "min": 1.13210192378e-20, "var": 0.000735932146199}, "spectral_energyband_high": {"dmean": 1.17242029773e-06, "dmean2": 1.50793414377e-06, "dvar": 4.97740147709e-11, "dvar2": 9.88718759642e-11, "max": 0.000246759533184, "mean": 1.94016274691e-06, "median": 2.19801918888e-08, "min": 8.39100495206e-21, "var": 1.22998389251e-10}, "spectral_energyband_low": {"dmean": 8.14776649349e-05, "dmean2": 0.000137665396323, "dvar": 1.01907311034e-07, "dvar2": 2.6480850579e-07, "max": 0.00587689224631, "mean": 0.000101262296084, "median": 6.50956235404e-06, "min": 3.757009699e-23, "var": 1.24619887742e-07}, "spectral_energyband_middle_high": {"dmean": 0.0032593368087, "dmean2": 0.00437777675688, "dvar": 0.000236257954384, "dvar2": 0.000501430942677, "max": 0.392316609621, "mean": 0.00662114843726, "median": 0.000255760503933, "min": 1.51175415659e-21, "var": 0.000563538749702}, "spectral_energyband_middle_low": {"dmean": 0.00160982273519, "dmean2": 0.00201971549541, "dvar": 1.67660073203e-05, "dvar2": 3.08567941829e-05, "max": 0.0938460305333, "mean": 0.00721167819574, "median": 0.00276572490111, "min": 4.48302861922e-22, "var": 9.74873255473e-05}, "spectral_entropy": {"dmean": 0.149010211229, "dmean2": 0.226898282766, "dvar": 0.0815592631698, "dvar2": 0.183636263013, "max": 9.79850196838, "mean": 4.79367733002, "median": 4.70687770844, "min": 2.87620735168, "var": 0.460138440132}, "spectral_flux": {"dmean": 0.0128745753318, "dmean2": 0.0204621423036, "dvar": 0.00122144934721, "dvar2": 0.00288123567589, "max": 0.48382294178, "mean": 0.0205306727439, "median": 0.00729553028941, "min": 1.06400277478e-10, "var": 0.001719689928}, "spectral_kurtosis": {"dmean": 31.3236026764, "dmean2": 54.0162773132, "dvar": 1050.7322998, "dvar2": 3085.7565918, "max": 446.222473145, "mean": 129.684249878, "median": 124.849639893, "min": -1.22384095192, "var": 4624.38476562}, "spectral_rms": {"dmean": 0.000415574962972, "dmean2": 0.00049360608682, "dvar": 1.03177285382e-06, "dvar2": 1.85675753528e-06, "max": 0.020054679364, "mean": 0.00273856590502, "median": 0.00215976755135, "min": 3.32338627104e-12, "var": 6.04252591074e-06}, "spectral_rolloff": {"dmean": 37.1131858826, "dmean2": 66.4542770386, "dvar": 126179.609375, "dvar2": 204566.8125, "max": 19702.8808594, "mean": 777.008056641, "median": 667.529296875, "min": 86.1328125, "var": 363457.8125}, "spectral_skewness": {"dmean": 1.3047658205, "dmean2": 2.25988316536, "dvar": 1.60665202141, "dvar2": 4.23514461517, "max": 17.243970871, "mean": 8.54920864105, "median": 8.67884159088, "min": 0.0011224898044, "var": 8.4938993454}, "spectral_spread": {"dmean": 387673.71875, "dmean2": 697801.6875, "dvar": 374248341504, "dvar2": 785087004672, "max": 41755736, "mean": 1115168.375, "median": 965968.125, "min": 238523.109375, "var": 1182913265660.0}, "spectral_strongpeak": {"dmean": 0.491200566292, "dmean2": 0.715028226376, "dvar": 2.06588506699, "dvar2": 4.22192144394, "max": 27.2987709045, "mean": 1.88236248493, "median": 1.15080821514, "min": 0, "var": 6.64213323593}, "zerocrossingrate": {"dmean": 0.00182502623647, "dmean2": 0.00212331023067, "dvar": 7.82272254582e-05, "dvar2": 7.39842798794e-05, "max": 0.7138671875, "mean": 0.0309012513608, "median": 0.02734375, "min": 0.01025390625, "var": 0.000476859888295}, "barkbands": {"dmean": [1.3665211327e-06, 1.89637885342e-05, 6.45682812319e-05, 1.0553156244e-05, 3.42712810379e-05, 0.00043028278742, 0.000621480052359, 0.000183676937013, 0.000550901459064, 0.000603611639235, 0.00122709851712, 0.000522968301084, 0.000682443554979, 0.000259187916527, 5.23253729625e-05, 4.31097359979e-05, 2.83018180198e-05, 3.12745123665e-06, 3.0105506994e-06, 8.97732093108e-07, 5.01582348988e-07, 9.79015126745e-08, 5.39396367571e-08, 2.52386467281e-08, 9.05335717505e-09, 1.22097321142e-09, 1.02412733849e-09], "dmean2": [2.14921919905e-06, 3.26102526742e-05, 0.000110906199552, 1.78335812961e-05, 4.50995830761e-05, 0.000603747263085, 0.000775654683821, 0.000264952919679, 0.000796607986558, 0.000683448510244, 0.0018129904056, 0.000820209446829, 0.000904273008928, 0.000332425173838, 7.2254013503e-05, 6.20934297331e-05, 4.1976760258e-05, 4.72039664601e-06, 4.7348080443e-06, 1.24329778828e-06, 6.63566083858e-07, 1.54850582135e-07, 8.03676343253e-08, 4.20024299785e-08, 1.46210128449e-08, 2.15752371524e-09, 1.79730841321e-09], "dvar": [1.26898179464e-11, 6.53080922675e-09, 6.08915371458e-08, 1.75516445822e-09, 1.50521756836e-07, 4.69870610686e-06, 4.01494662583e-06, 1.10567145839e-06, 3.653316071e-06, 2.85948517558e-05, 0.000101711506431, 2.0901508833e-05, 4.07902043662e-05, 1.39692192533e-05, 2.33324996657e-07, 1.62815126714e-07, 7.90640086734e-08, 6.90064894115e-10, 1.63620694771e-09, 3.90035642672e-11, 1.26826292524e-11, 6.49885202077e-13, 2.06882606749e-13, 9.3622192518e-14, 9.1621665021e-15, 8.41359811741e-17, 2.71241932036e-18], "dvar2": [2.89113247232e-11, 1.80957311358e-08, 1.63267003472e-07, 4.94867125056e-09, 1.43784035345e-07, 1.02976482594e-05, 6.92104595146e-06, 2.06614777198e-06, 8.1565722212e-06, 3.39407633874e-05, 0.00023464410333, 5.14346720593e-05, 8.02643771749e-05, 2.77099861705e-05, 4.00503694209e-07, 3.34505841693e-07, 1.53899648581e-07, 1.46660195099e-09, 3.61249119507e-09, 8.67415306249e-11, 2.28419852477e-11, 1.67090310772e-12, 4.61004498464e-13, 2.37865201711e-13, 2.36213517957e-14, 2.40893258523e-16, 8.80156650421e-18], "max": [8.50164069561e-05, 0.00148890085984, 0.00526293832809, 0.000755980086979, 0.0444072522223, 0.06106274575, 0.0477433279157, 0.0484765097499, 0.049026504159, 0.338079333305, 0.352223515511, 0.104527913034, 0.208651930094, 0.127359583974, 0.0177953019738, 0.0160553492606, 0.00946023873985, 0.00127304589842, 0.00167919625528, 0.000215387321077, 0.000141249780427, 3.36389384756e-05, 1.95053726202e-05, 1.19372343761e-05, 4.68616690341e-06, 2.88724379516e-07, 4.26366426609e-08], "mean": [1.77612753305e-06, 2.0186202164e-05, 7.09781306796e-05, 1.18450343507e-05, 0.0001516466873, 0.00152532069478, 0.00300381635316, 0.000465716497274, 0.00194766360801, 0.00207380531356, 0.00227004243061, 0.000668068940286, 0.00115611741785, 0.000319620128721, 8.31512152217e-05, 6.62481543259e-05, 3.31266965077e-05, 5.93709455643e-06, 3.6173009903e-06, 1.24212408537e-06, 6.70081988119e-07, 1.34320330858e-07, 6.63416628299e-08, 2.35734720633e-08, 1.10145430554e-08, 1.96327043511e-09, 4.99768848528e-09], "median": [9.24915894984e-08, 1.51149583871e-06, 3.5991824916e-06, 6.11610175838e-07, 1.31455749397e-06, 1.90371283679e-05, 0.000630658061709, 1.8592170818e-05, 0.000146705046063, 2.40472636506e-05, 3.32043346134e-05, 1.90978107639e-06, 4.24157542511e-06, 1.41553550748e-06, 1.4438104472e-06, 3.51085930106e-07, 3.34739127084e-07, 9.99871900831e-08, 9.90762742958e-08, 7.60671525768e-09, 2.85410961531e-09, 1.04995312444e-09, 6.28497032196e-10, 5.7932403319e-10, 6.41724617889e-10, 8.75008010492e-10, 4.60938220925e-09], "min": [3.76205115127e-23, 1.64279084444e-23, 8.26924232759e-24, 3.05081344915e-24, 7.35536179947e-23, 5.55390136583e-23, 3.57024814187e-23, 1.6108698719e-22, 1.09914678362e-22, 3.38282078613e-23, 1.31339080319e-22, 1.12349191468e-22, 2.65962371602e-23, 8.17466831802e-23, 1.31056731224e-22, 1.17089563933e-22, 1.5769013951e-22, 2.82606377448e-22, 3.69159261957e-22, 2.07071936031e-22, 5.71214055253e-22, 7.37716970143e-22, 4.9747487193e-22, 1.14145158906e-21, 1.29092661945e-21, 1.68912048132e-21, 2.49903985801e-21], "var": [2.1255398483e-11, 5.57928991896e-09, 6.85423628966e-08, 2.03374495023e-09, 1.77356844233e-06, 2.91488831863e-05, 2.37106123677e-05, 3.6772266867e-06, 1.8880053176e-05, 0.000205083299079, 0.000181160343345, 2.42759488174e-05, 7.9685858509e-05, 1.97568697331e-05, 4.55667901633e-07, 2.68224425781e-07, 9.95340485588e-08, 2.01822603074e-09, 1.7997585644e-09, 7.46471426338e-11, 2.29785027811e-11, 1.11820058421e-12, 3.15682999489e-13, 8.18981519971e-14, 1.65614338243e-14, 5.57152464669e-17, 2.68252728777e-18]}, "erbbands": {"dmean": [0.000260703120148, 0.00620566448197, 0.0599952861667, 0.0553832948208, 0.0688219889998, 0.136268645525, 0.467187792063, 4.63883209229, 9.06420707703, 6.98594379425, 5.69178581238, 14.6317796707, 5.92185497284, 28.0085525513, 55.0023384094, 28.6358413696, 34.831577301, 15.9430065155, 3.72533202171, 3.92907309532, 1.82373642921, 0.898945987225, 0.299213171005, 0.242191240191, 0.0545535944402, 0.0479015111923, 0.0223866160959, 0.0148413041607, 0.00263998145238, 0.0034690676257, 0.00116617325693, 0.00043837717385, 0.00054425757844, 0.000145012978464, 3.15458346449e-05, 9.75524744717e-06, 3.17139392791e-06, 9.97679990178e-07, 2.4974031021e-06, 5.47114041183e-06], "dmean2": [0.000439452793216, 0.0105798905715, 0.10332646966, 0.0928024500608, 0.0963743403554, 0.170149222016, 0.701839447021, 6.61455106735, 11.5233850479, 8.78915309906, 8.48402118683, 20.0712718964, 7.3384141922, 33.0880050659, 81.2162399292, 42.4738693237, 45.9192428589, 20.6200408936, 4.84303188324, 5.57660579681, 2.63291478157, 1.31279659271, 0.422020941973, 0.376928210258, 0.0804801359773, 0.0678969621658, 0.0274081230164, 0.0190162658691, 0.00409913528711, 0.00532975420356, 0.00177362270188, 0.000716243928764, 0.000871092604939, 0.000229155179113, 5.00445166836e-05, 1.55172074301e-05, 4.70521172247e-06, 1.47158334585e-06, 3.22459754898e-06, 7.02823763277e-06], "dvar": [7.03054979567e-07, 0.000729781691916, 0.0575207546353, 0.044788017869, 0.635724723339, 2.30756902695, 6.3704829216, 571.871154785, 1070.19494629, 432.832977295, 840.694641113, 2428.95947266, 1223.54064941, 42657.3007812, 218668.78125, 43256.4921875, 97141.9296875, 38635.7929688, 1595.38757324, 1748.36975098, 198.475311279, 65.4104003906, 3.29515719414, 8.51925086975, 0.167177811265, 0.115162573755, 0.0208818037063, 0.00997320469469, 0.000401757279178, 0.000834077072795, 6.67619970045e-05, 2.18690584006e-05, 5.59461659577e-05, 2.0539785055e-06, 8.92225813232e-08, 6.0246470035e-09, 2.47098869144e-10, 1.18014400335e-11, 7.82904852059e-11, 3.76414871495e-10], "dvar2": [1.89475326806e-06, 0.0020121736452, 0.155475199223, 0.115675404668, 0.746802508831, 2.37452626228, 13.0062294006, 1276.73571777, 1900.69824219, 690.365112305, 1677.64221191, 4992.52001953, 1602.31518555, 56239.3945312, 516584.84375, 100139.90625, 185804.21875, 76413.3125, 3333.22509766, 2985.37573242, 400.369781494, 126.365859985, 6.43827104568, 18.6803264618, 0.381053268909, 0.27831107378, 0.0348841920495, 0.0170738827437, 0.00103693350684, 0.00201533688232, 0.000158095281222, 6.09353410255e-05, 0.000130924614496, 5.14024850418e-06, 2.22837130082e-07, 1.62495155109e-08, 6.26766083478e-10, 2.60624317266e-11, 1.62405283666e-10, 7.88018261755e-10], "max": [0.0175867956132, 0.517647743225, 4.75336027145, 4.15298366547, 84.1639480591, 180.476196289, 91.9868240356, 746.169250488, 742.032897949, 582.992370605, 1355.25769043, 1361.71887207, 1921.8482666, 12454.3164062, 17577.8007812, 5025.52832031, 10552.3359375, 6562.86572266, 1371.1036377, 1711.49963379, 495.084075928, 266.482330322, 50.2925567627, 118.031654358, 12.1960573196, 8.41628646851, 5.60118961334, 3.84400606155, 0.527617394924, 1.17296552658, 0.288069188595, 0.149551436305, 0.346905052662, 0.0685745552182, 0.0129127837718, 0.00264529744163, 0.00045908865286, 9.17481957003e-05, 0.000224784816965, 0.000494227337185], "mean": [0.000316146295518, 0.00671098986641, 0.0659125596285, 0.0743078663945, 0.289408147335, 0.62510073185, 1.58136558533, 17.3206310272, 41.5778007507, 31.91381073, 16.6700439453, 54.222984314, 18.7987594604, 87.562461853, 99.8983688354, 41.8738059998, 59.8412742615, 20.6748199463, 5.18695020676, 6.21356201172, 2.67647624016, 1.11056303978, 0.492222219706, 0.336499631405, 0.0822295546532, 0.0693117752671, 0.0334011167288, 0.021981080994, 0.00393940322101, 0.00414990540594, 0.00145310815424, 0.000490877311677, 0.000537037209142, 0.000179894646863, 4.16593356931e-05, 1.75048135134e-05, 8.34097772895e-06, 3.20496997119e-06, 7.7821805462e-06, 1.62456035468e-05], "median": [2.93040684483e-05, 0.000458991562482, 0.00356524111703, 0.00474538933486, 0.00392884667963, 0.00853783544153, 0.070884630084, 0.633331000805, 8.97584152222, 6.60533666611, 1.965477705, 5.21155738831, 2.31540751457, 1.88805770874, 1.94872236252, 0.507618784904, 0.545469284058, 0.214206159115, 0.138601988554, 0.0630693286657, 0.027776831761, 0.0209987405688, 0.0129076642916, 0.00874877721071, 0.00207502557896, 0.000661334837787, 0.000217751832679, 9.78352982202e-05, 4.69517326565e-05, 2.99790335703e-05, 2.13756193261e-05, 1.64779175975e-05, 1.37487604661e-05, 1.09336051537e-05, 7.92731589172e-06, 5.2663031056e-06, 3.29380554831e-06, 1.73213084054e-06, 2.94114261123e-06, 5.49783635506e-06], "min": [3.43053872985e-22, 4.60293174077e-21, 9.11364334456e-21, 1.24526734016e-20, 9.438375066e-20, 3.09864597498e-19, 4.07015642123e-19, 4.29412720431e-19, 4.27968980069e-19, 2.49886816956e-18, 2.73016606681e-18, 1.90221038602e-18, 1.6028211521e-18, 3.75439288859e-18, 4.20777389106e-18, 3.31552166805e-18, 1.64534402585e-18, 4.55156090698e-18, 3.39981406081e-18, 9.35666921533e-18, 5.75647023754e-18, 7.77778243085e-18, 1.56557513231e-17, 1.80184140719e-17, 1.53593394224e-17, 1.11078759194e-17, 1.8927283733e-17, 2.65272339127e-17, 2.27111172204e-17, 1.75747640221e-17, 1.80523185508e-17, 2.19213152453e-17, 1.76914179952e-17, 1.10949801736e-17, 1.25310699418e-17, 6.41526748306e-18, 3.1019049632e-18, 1.35482444284e-18, 3.28031887743e-19, 3.77660714706e-20], "var": [8.67128562732e-07, 0.000634597206954, 0.0602266490459, 0.0672497674823, 6.43144798279, 27.8518066406, 44.4618301392, 3580.19873047, 6326.45947266, 3446.41967773, 2752.69580078, 14155.6757812, 7140.23046875, 289868.5625, 368039.0625, 58802.7929688, 197440.65625, 54904.6289062, 2225.35742188, 3281.74316406, 309.86541748, 85.1804962158, 7.27251243591, 10.3064250946, 0.237215474248, 0.190999612212, 0.0516904741526, 0.0199628286064, 0.000699296419043, 0.00131630944088, 0.000105627703306, 1.91787530639e-05, 5.47994568478e-05, 3.5890241179e-06, 9.29000947281e-08, 4.99969443624e-09, 3.19063442333e-10, 2.32768092995e-11, 2.13008444216e-10, 1.03841124588e-09]}, "gfcc": {"mean": [-311.14956665, 191.210739136, -139.754730225, -86.2550430298, -45.962097168, -28.6708183289, -15.1323490143, 3.40172195435, -0.384638190269, -1.9669958353, 5.56477737427, -5.15198945999, -9.41623020172], "cov": [[13619.1630859, 1542.15209961, -2519.23632812, 1144.63830566, 537.23248291, 76.6471252441, 913.771362305, -228.602523804, -6.1276512146, -90.9632263184, 129.334854126, 29.073392868, 407.730407715], [1542.15209961, 732.299682617, -186.808792114, -279.019958496, 21.9438343048, -230.635360718, -30.7241725922, 27.4073905945, 41.1571617126, 5.71428442001, 52.3019065857, -48.8500289917, 10.9169416428], [-2519.23632812, -186.808792114, 991.625610352, -167.695922852, -217.166320801, -28.0948677063, -240.317199707, -14.7287893295, 20.1402130127, 0.796176731586, -70.1177520752, -40.606464386, -65.9019775391], [1144.63830566, -279.019958496, -167.695922852, 896.59777832, 293.691680908, 261.279907227, 142.951889038, -250.186340332, -185.762512207, -86.0063934326, -98.0620269775, 43.7262115479, 82.7553634644], [537.23248291, 21.9438343048, -217.166320801, 293.691680908, 343.723510742, 127.285171509, -35.0548744202, -169.111633301, -116.642189026, -31.6522712708, -6.41086387634, 25.7345409393, 22.2871761322], [76.6471252441, -230.635360718, -28.0948677063, 261.279907227, 127.285171509, 302.260223389, 110.519233704, -92.4540100098, -64.9075164795, -28.6896629333, -53.4857368469, 9.36449337006, -7.00136423111], [913.771362305, -30.7241725922, -240.317199707, 142.951889038, -35.0548744202, 110.519233704, 478.645324707, 233.763015747, 38.5707817078, 10.042183876, -21.3080215454, -42.4429130554, -28.2860641479], [-228.602523804, 27.4073905945, -14.7287893295, -250.186340332, -169.111633301, -92.4540100098, 233.763015747, 397.025482178, 169.753295898, 26.6253261566, 31.0131912231, -43.7255058289, -77.9543762207], [-6.1276512146, 41.1571617126, 20.1402130127, -185.762512207, -116.642189026, -64.9075164795, 38.5707817078, 169.753295898, 195.803833008, 89.684425354, 31.878868103, -17.7680778503, -27.6130619049], [-90.9632263184, 5.71428442001, 0.796176731586, -86.0063934326, -31.6522712708, -28.6896629333, 10.042183876, 26.6253261566, 89.684425354, 163.814254761, 85.0182418823, -30.2208003998, -45.6895599365], [129.334854126, 52.3019065857, -70.1177520752, -98.0620269775, -6.41086387634, -53.4857368469, -21.3080215454, 31.0131912231, 31.878868103, 85.0182418823, 191.913040161, 89.2910690308, -24.8941364288], [29.073392868, -48.8500289917, -40.606464386, 43.7262115479, 25.7345409393, 9.36449337006, -42.4429130554, -43.7255058289, -17.7680778503, -30.2208003998, 89.2910690308, 207.141387939, 109.037940979], [407.730407715, 10.9169416428, -65.9019775391, 82.7553634644, 22.2871761322, -7.00136423111, -28.2860641479, -77.9543762207, -27.6130619049, -45.6895599365, -24.8941364288, 109.037940979, 192.46697998]], "icov": [[0.000609725771938, -0.00127418071497, 0.000973739486653, -0.00101910496596, 0.000782682327554, -0.000399313983507, -0.000954327406362, 0.0015918398276, -0.0022422275506, 0.0020880093798, -0.00218502967618, 0.00173575244844, -0.00114045781083], [-0.00127418071497, 0.00618838658556, -0.00239684642293, 0.00393753685057, -0.00434644380584, 0.0045467345044, -0.00137336389162, 0.000966110499576, 0.000852395547554, 9.34594427235e-05, 0.00143823085818, -0.000680640921928, 0.0014088137541], [0.000973739486653, -0.00239684642293, 0.0035090604797, -0.00219315267168, 0.00331424106844, -0.00193374766968, 0.000929191184696, 0.000596324214712, -0.00159312051255, 0.00121332355775, -0.00132987624966, 0.00148078636266, -0.000809828459751], [-0.00101910496596, 0.00393753685057, -0.00219315267168, 0.00527229998261, -0.00431312667206, 0.00254643219523, -0.00234647258185, 0.00182655779645, 0.00136956060305, -0.000575135229155, 0.00268463953398, -0.00204282137565, 0.00146923144348], [0.000782682327554, -0.00434644380584, 0.00331424106844, -0.00431312667206, 0.00974185019732, -0.00555765582249, 0.00424285745248, -0.00263253226876, 0.00290794065222, -0.00221451953985, -0.000169136896147, -7.05096099409e-05, -0.000285570538836], [-0.000399313983507, 0.0045467345044, -0.00193374766968, 0.00254643219523, -0.00555765582249, 0.0111116776243, -0.00685543334112, 0.00735136820003, -0.00459759728983, 0.00405736500397, 0.000217184046051, -0.000707991071977, 0.00258151674643], [-0.000954327406362, -0.00137336389162, 0.000929191184696, -0.00234647258185, 0.00424285745248, -0.00685543334112, 0.0135363889858, -0.0152057809755, 0.0127118090168, -0.0122658004984, 0.00827104877681, -0.00518663506955, 0.00143676006701], [0.0015918398276, 0.000966110499576, 0.000596324214712, 0.00182655779645, -0.00263253226876, 0.00735136820003, -0.0152057809755, 0.0235986728221, -0.0211911145598, 0.0193890724331, -0.0131452456117, 0.00897702760994, -0.00133605790325], [-0.0022422275506, 0.000852395547554, -0.00159312051255, 0.00136956060305, 0.00290794065222, -0.00459759728983, 0.0127118090168, -0.0211911145598, 0.0305269863456, -0.0254134424031, 0.0180959179997, -0.0134472968057, 0.00465420400724], [0.0020880093798, 9.34594427235e-05, 0.00121332355775, -0.000575135229155, -0.00221451953985, 0.00405736500397, -0.0122658004984, 0.0193890724331, -0.0254134424031, 0.033157300204, -0.0248141270131, 0.0187574885786, -0.00692243268713], [-0.00218502967618, 0.00143823085818, -0.00132987624966, 0.00268463953398, -0.000169136896147, 0.000217184046051, 0.00827104877681, -0.0131452456117, 0.0180959179997, -0.0248141270131, 0.0307318642735, -0.023258112371, 0.0127133782953], [0.00173575244844, -0.000680640921928, 0.00148078636266, -0.00204282137565, -7.05096099409e-05, -0.000707991071977, -0.00518663506955, 0.00897702760994, -0.0134472968057, 0.0187574885786, -0.023258112371, 0.0250285062939, -0.0140610653907], [-0.00114045781083, 0.0014088137541, -0.000809828459751, 0.00146923144348, -0.000285570538836, 0.00258151674643, 0.00143676006701, -0.00133605790325, 0.00465420400724, -0.00692243268713, 0.0127133782953, -0.0140610653907, 0.0150545453653]]}, "melbands": {"dmean": [3.58416377821e-06, 2.33660157392e-05, 9.02511055756e-06, 8.42330427986e-06, 1.42369581226e-05, 9.90373955574e-05, 0.000139041483635, 6.52529779472e-05, 6.63560495013e-05, 7.94317529653e-05, 2.91495834972e-05, 0.00011072045163, 0.000174010376213, 9.76536393864e-05, 7.43535347283e-05, 5.11718535563e-05, 3.11241674353e-05, 6.46304260954e-06, 3.25523546962e-06, 5.48687103219e-06, 1.80790050308e-06, 1.20420088479e-06, 5.08960226853e-07, 1.91246982695e-07, 2.1619234758e-07, 3.50606335076e-08, 2.72652851407e-08, 3.33355885118e-08, 1.19448158031e-08, 2.23490506102e-08, 3.72411257388e-09, 1.33140876102e-09, 2.30723129491e-09, 1.74981407142e-09, 5.91890481072e-10, 4.68813765586e-10, 2.77097234047e-10, 4.3958314766e-10, 2.43654985077e-10, 7.52259296521e-11], "dmean2": [6.09865674051e-06, 4.010428529e-05, 1.4968256437e-05, 1.04880691651e-05, 2.11727547139e-05, 0.000138378876727, 0.000176283196197, 8.32660880405e-05, 0.000101123805507, 0.000109456093924, 3.65298728866e-05, 0.000127403895021, 0.00026031609741, 0.000147700688103, 0.000100650671811, 7.01137323631e-05, 3.97032381443e-05, 8.57741542859e-06, 4.62697425974e-06, 7.79976107879e-06, 2.66989923148e-06, 1.79937205758e-06, 7.23424591342e-07, 2.79939484926e-07, 3.42026368116e-07, 5.29922097314e-08, 4.35707541158e-08, 4.5049429076e-08, 1.40672780091e-08, 2.83276904156e-08, 5.09849895636e-09, 2.16981144163e-09, 3.6965179806e-09, 2.66425415063e-09, 9.20220566414e-10, 7.12084724519e-10, 4.97288044077e-10, 7.2277489549e-10, 3.8442310446e-10, 1.21084517413e-10], "dvar": [1.87039370103e-10, 8.90896068029e-09, 1.17344411965e-09, 1.18573968422e-08, 6.36396313425e-09, 2.52248298693e-07, 2.35887355871e-07, 4.11143403767e-08, 7.33177074608e-08, 7.11416348054e-08, 4.07505069688e-08, 8.06305536116e-07, 2.00689896701e-06, 5.66205244468e-07, 3.22463023394e-07, 2.69542255182e-07, 1.87685543551e-07, 6.05169914181e-09, 1.1377558895e-09, 2.65220734263e-09, 2.77049105879e-10, 1.72962449918e-10, 1.71809320243e-11, 3.00307370117e-12, 8.37391180702e-12, 6.52774682182e-14, 3.90468636157e-14, 5.61851590643e-14, 1.16866228405e-14, 3.15488059939e-14, 7.1745067061e-16, 1.39044825805e-16, 5.19350151856e-16, 2.89374883325e-16, 1.9548890111e-17, 1.24662727485e-17, 1.60462384749e-17, 3.27760788603e-17, 7.82493999757e-18, 5.09271218309e-19], "dvar2": [5.06283182045e-10, 2.40088020576e-08, 2.91223556381e-09, 1.05287361052e-08, 1.24111458888e-08, 5.49934100036e-07, 4.20121949674e-07, 6.82333123336e-08, 1.60751014278e-07, 1.46260489942e-07, 5.29689536677e-08, 1.0152178902e-06, 4.6752174967e-06, 1.39519943332e-06, 6.29983958333e-07, 5.69659846406e-07, 3.62423946854e-07, 1.28877051253e-08, 1.94976434997e-09, 4.93589702444e-09, 5.45522849116e-10, 3.37429473252e-10, 3.14402809343e-11, 6.04537210222e-12, 1.84551315202e-11, 1.54219329364e-13, 1.03555361443e-13, 1.24459578928e-13, 1.40850415234e-14, 5.43582919562e-14, 1.30852423725e-15, 3.28891749642e-16, 1.29974018795e-15, 6.42615839115e-16, 4.96218899677e-17, 2.77850596414e-17, 4.70069205885e-17, 7.83956124208e-17, 1.8698510391e-17, 1.28702044803e-18], "max": [0.000276958162431, 0.00174438720569, 0.0012313942425, 0.0126691898331, 0.00290548196062, 0.0145995616913, 0.0112269138917, 0.00567120313644, 0.0103654200211, 0.00734020676464, 0.0112447189167, 0.0554803386331, 0.0477243512869, 0.0203269552439, 0.0188831761479, 0.0201451312751, 0.0147369392216, 0.00266439700499, 0.00134229962714, 0.00177737767808, 0.000525829032995, 0.000442726071924, 0.000139844123623, 8.80450024852e-05, 0.000120016295114, 6.69869632475e-06, 5.42723546459e-06, 6.92351477483e-06, 6.67074391458e-06, 7.63333719078e-06, 8.69162875006e-07, 4.46070600901e-07, 1.22848723549e-06, 7.24622907455e-07, 1.51769668832e-07, 1.03039056398e-07, 1.44558796933e-07, 2.53843154496e-07, 1.05244446047e-07, 3.33355423265e-08], "mean": [4.2358351493e-06, 2.60025281023e-05, 1.39737194331e-05, 4.20356918767e-05, 4.92207582283e-05, 0.000363292900147, 0.000645276042633, 0.000282092369162, 0.00019550959405, 0.000294488185318, 8.86391571839e-05, 0.000361681653885, 0.000322757725371, 0.000139621974085, 0.000124180834973, 8.37725383462e-05, 3.85207640647e-05, 8.49197749631e-06, 5.10320433023e-06, 8.73314547789e-06, 2.33126183957e-06, 1.39199971727e-06, 7.0859312018e-07, 3.78256686417e-07, 2.75414606676e-07, 5.06806863143e-08, 3.56622500419e-08, 4.90651110852e-08, 1.81276984534e-08, 2.85373964459e-08, 6.27278273768e-09, 1.94941573994e-09, 2.56116661213e-09, 2.11436490538e-09, 6.71226629834e-10, 5.75043068718e-10, 2.49402720698e-10, 4.12495537727e-10, 2.73411432383e-10, 9.02134131286e-11], "median": [3.65529587043e-07, 1.49880020217e-06, 8.77864010818e-07, 2.91559729249e-07, 1.10745713755e-06, 9.73448823061e-06, 0.000150152816786, 5.13886043336e-05, 1.25675596792e-05, 2.74612084468e-05, 2.70570353678e-06, 5.09823530592e-06, 5.39734719496e-06, 4.47730258202e-07, 9.6058897725e-07, 3.74874673525e-07, 1.70518603682e-07, 1.58375456749e-07, 7.53710054369e-08, 4.18508108169e-08, 2.05346211146e-08, 1.44099168153e-08, 1.20446221885e-08, 3.72066555343e-09, 6.416654319e-09, 1.29045174546e-09, 3.9682571118e-10, 2.4286433975e-10, 5.86043921724e-11, 7.80616335461e-11, 3.51964811462e-11, 2.06814843029e-11, 1.4466779337e-11, 1.28099909152e-11, 9.83913211322e-12, 7.903403626e-12, 7.07549123458e-12, 6.87817251072e-12, 6.36929484849e-12, 5.85790790875e-12], "min": [6.0432807736e-24, 5.52712474458e-24, 3.78754682018e-24, 1.44002440394e-23, 1.50790935582e-23, 9.81663795825e-24, 6.06177285651e-24, 3.19597813409e-23, 2.33209497906e-23, 1.15396387596e-23, 7.64451261117e-24, 1.38594199355e-23, 1.56671278319e-23, 1.17236689647e-23, 6.42547441585e-24, 3.17777982298e-24, 9.05341661017e-24, 4.16453437489e-24, 1.0020106485e-23, 1.32145955652e-23, 5.30508327672e-24, 7.10441268152e-24, 1.15288826411e-23, 1.59062031733e-23, 1.42925929248e-23, 1.44974269698e-23, 6.43360993836e-24, 7.60371272515e-24, 1.09069833576e-23, 1.24443856984e-23, 1.67388474365e-23, 1.26622067604e-23, 1.51070870763e-23, 6.78827509603e-24, 1.02754165838e-23, 9.424230145e-24, 1.5215979858e-23, 1.20983005863e-23, 1.08688253668e-23, 8.4799163098e-24], "var": [1.91453894405e-10, 9.23903620276e-09, 2.60048316214e-09, 1.45122768913e-07, 4.79963944144e-08, 1.59393016474e-06, 1.37812639878e-06, 3.00557331911e-07, 2.51510471116e-07, 4.12685778883e-07, 2.33134386463e-07, 5.65738537261e-06, 3.51876860805e-06, 7.42653696761e-07, 6.49361084015e-07, 4.44894624252e-07, 2.73883074442e-07, 8.14442557839e-09, 2.13775286362e-09, 4.83875295387e-09, 3.59892809998e-10, 2.15997122965e-10, 3.43520316359e-11, 9.38030122327e-12, 9.53577321272e-12, 9.61346142123e-14, 4.09308783427e-14, 1.12234386281e-13, 4.14759271036e-14, 5.70643318297e-14, 1.66262085513e-15, 2.92408928873e-16, 8.25663841242e-16, 4.53517163009e-16, 2.46857197653e-17, 2.0719860221e-17, 1.12219557064e-17, 3.07895119751e-17, 1.11698954402e-17, 8.61266140657e-19]}, "mfcc": {"mean": [-913.187805176, 183.646057129, -1.26419651508, -43.0627784729, -29.5410022736, -24.749212265, -15.960981369, -4.67129182816, -0.0203512404114, 2.76362133026, 7.15340566635, 9.65295791626, 9.83687973022], "cov": [[6640.17138672, 3208.61962891, -1667.92663574, 7.41528654099, 518.434631348, 205.403259277, 323.013977051, 332.751647949, 90.6195678711, -152.272781372, -160.143890381, 90.0511398315, 129.89251709], [3208.61962891, 2069.79125977, -582.814208984, -230.677230835, 143.788070679, -79.0691604614, -7.88878774643, 99.2544784546, 47.5875053406, 21.6298866272, 75.0134048462, 106.659667969, 24.4787273407], [-1667.92663574, -582.814208984, 702.161010742, -15.7500572205, -255.45149231, -172.315917969, -161.47644043, -102.663124084, -12.572552681, 91.6920547485, 107.549827576, 1.65996098518, -52.9448738098], [7.41528654099, -230.677230835, -15.7500572205, 349.082458496, 212.872894287, 122.282524109, 102.004386902, 29.6602859497, -49.7628746033, -114.50995636, -119.825920105, -72.3550949097, -43.7259216309], [518.434631348, 143.788070679, -255.45149231, 212.872894287, 450.411560059, 248.263641357, 54.8868789673, -28.6883220673, -110.128967285, -162.658035278, -129.286071777, -89.8984527588, -82.4403533936], [205.403259277, -79.0691604614, -172.315917969, 122.282524109, 248.263641357, 302.350036621, 168.943649292, -12.5372486115, -78.5192489624, -105.051300049, -98.4128112793, -49.4825782776, -34.9387397766], [323.013977051, -7.88878774643, -161.47644043, 102.004386902, 54.8868789673, 168.943649292, 300.450744629, 157.82800293, 10.7938718796, -34.0994682312, -33.9228858948, 21.146944046, 34.9895362854], [332.751647949, 99.2544784546, -102.663124084, 29.6602859497, -28.6883220673, -12.5372486115, 157.82800293, 240.349487305, 140.059356689, 3.31810903549, -37.1736679077, 29.4929351807, 93.0082626343], [90.6195678711, 47.5875053406, -12.572552681, -49.7628746033, -110.128967285, -78.5192489624, 10.7938718796, 140.059356689, 218.113800049, 110.47895813, -25.6213169098, -18.6548061371, 80.724357605], [-152.272781372, 21.6298866272, 91.6920547485, -114.50995636, -162.658035278, -105.051300049, -34.0994682312, 3.31810903549, 110.47895813, 246.489013672, 185.55670166, 17.1914730072, -31.7359371185], [-160.143890381, 75.0134048462, 107.549827576, -119.825920105, -129.286071777, -98.4128112793, -33.9228858948, -37.1736679077, -25.6213169098, 185.55670166, 348.578796387, 198.457626343, -50.9602737427], [90.0511398315, 106.659667969, 1.65996098518, -72.3550949097, -89.8984527588, -49.4825782776, 21.146944046, 29.4929351807, -18.6548061371, 17.1914730072, 198.457626343, 304.189941406, 128.662216187], [129.89251709, 24.4787273407, -52.9448738098, -43.7259216309, -82.4403533936, -34.9387397766, 34.9895362854, 93.0082626343, 80.724357605, -31.7359371185, -50.9602737427, 128.662216187, 270.923492432]], "icov": [[0.00866074021906, -0.0125263771042, 0.0139523381367, -0.0153257073835, 0.0165687464178, -0.0170987080783, 0.0167005546391, -0.0149509320036, 0.0122323250398, -0.00840499997139, 0.0043075280264, -0.000935041869525, -0.000329944072291], [-0.0125263771042, 0.0190300494432, -0.019649066031, 0.0232464764267, -0.0253548119217, 0.0265101194382, -0.025154504925, 0.0220659580082, -0.017941871658, 0.0118861403316, -0.00568182067946, 0.000637157994788, 0.000942128535826], [0.0139523381367, -0.019649066031, 0.0257358625531, -0.0263125058264, 0.0297190565616, -0.0292018707842, 0.0303184892982, -0.0259614568204, 0.021386096254, -0.0138705912977, 0.00607749447227, -0.000959491124377, -0.000255119462963], [-0.0153257073835, 0.0232464764267, -0.0263125058264, 0.0353665947914, -0.0372222624719, 0.0381154417992, -0.0385103449225, 0.0318833477795, -0.025519458577, 0.0165713001043, -0.00567526184022, 0.000152370441356, 0.00183534855023], [0.0165687464178, -0.0253548119217, 0.0297190565616, -0.0372222624719, 0.0481705293059, -0.0502190887928, 0.0492521636188, -0.0421348810196, 0.0328350998461, -0.0179561879486, 0.00666337413713, 0.000580040796194, -0.000475905399071], [-0.0170987080783, 0.0265101194382, -0.0292018707842, 0.0381154417992, -0.0502190887928, 0.0633879452944, -0.0619165301323, 0.055196069181, -0.0416580550373, 0.0270938761532, -0.0109446495771, 0.00218158401549, 0.000679893011693], [0.0167005546391, -0.025154504925, 0.0303184892982, -0.0385103449225, 0.0492521636188, -0.0619165301323, 0.0711560472846, -0.0664198547602, 0.0536983311176, -0.0382682047784, 0.0201413817704, -0.00784262456, 0.0016202328261], [-0.0149509320036, 0.0220659580082, -0.0259614568204, 0.0318833477795, -0.0421348810196, 0.055196069181, -0.0664198547602, 0.0742170736194, -0.0637252628803, 0.0481087565422, -0.0294493176043, 0.0127869900316, -0.00434607733041], [0.0122323250398, -0.017941871658, 0.021386096254, -0.025519458577, 0.0328350998461, -0.0416580550373, 0.0536983311176, -0.0637252628803, 0.0698326006532, -0.0584252588451, 0.0405283346772, -0.0188130456954, 0.00428450852633], [-0.00840499997139, 0.0118861403316, -0.0138705912977, 0.0165713001043, -0.0179561879486, 0.0270938761532, -0.0382682047784, 0.0481087565422, -0.0584252588451, 0.0675208047032, -0.053694922477, 0.0314386561513, -0.0103361429647], [0.0043075280264, -0.00568182067946, 0.00607749447227, -0.00567526184022, 0.00666337413713, -0.0109446495771, 0.0201413817704, -0.0294493176043, 0.0405283346772, -0.053694922477, 0.0548089444637, -0.0359737128019, 0.0158726330847], [-0.000935041869525, 0.000637157994788, -0.000959491124377, 0.000152370441356, 0.000580040796194, 0.00218158401549, -0.00784262456, 0.0127869900316, -0.0188130456954, 0.0314386561513, -0.0359737128019, 0.0298135932535, -0.014328148216], [-0.000329944072291, 0.000942128535826, -0.000255119462963, 0.00183534855023, -0.000475905399071, 0.000679893011693, 0.0016202328261, -0.00434607733041, 0.00428450852633, -0.0103361429647, 0.0158726330847, -0.014328148216, 0.0125388335437]]}, "spectral_contrast_coeffs": {"dmean": [0.0390869863331, 0.0339090339839, 0.0294064171612, 0.0236611291766, 0.0178348273039, 0.0263904444873], "dmean2": [0.0670367702842, 0.054749712348, 0.0470799095929, 0.0377841703594, 0.0289262030274, 0.0458565540612], "dvar": [0.0010061818175, 0.00162603775971, 0.00146227364894, 0.000812372541986, 0.000364549312508, 0.000738081813324], "dvar2": [0.00276043172926, 0.00367982382886, 0.00333222281188, 0.00178462103941, 0.000867152237333, 0.00199416908436], "max": [-0.319558084011, -0.292176902294, -0.332868635654, -0.419133007526, -0.602113723755, -0.62645226717], "mean": [-0.73985350132, -0.553903222084, -0.574447154999, -0.66828328371, -0.739999055862, -0.86858099699], "median": [-0.762778162956, -0.528678894043, -0.552931904793, -0.671361923218, -0.736203193665, -0.890165805817], "min": [-0.993621230125, -0.970156848431, -0.968129038811, -0.961555957794, -0.962657868862, -0.962097764015], "var": [0.00907284673303, 0.0134259583429, 0.00844519305974, 0.00527564482763, 0.00313603156246, 0.00353434309363]}, "spectral_contrast_valleys": {"dmean": [0.452666252851, 0.397471636534, 0.372834771872, 0.335082560778, 0.304153740406, 0.519288778305], "dmean2": [0.729283392429, 0.636385500431, 0.591426491737, 0.5251152515