{"lowlevel": {"average_loudness": 0.700763463974, "barkbands_crest": {"dmean": 2.36669945717, "dmean2": 3.65134692192, "dvar": 5.37379598618, "dvar2": 11.696056366, "max": 26.3970108032, "mean": 13.2296791077, "median": 12.0430011749, "min": 2.2145755291, "var": 33.2534484863}, "barkbands_flatness_db": {"dmean": 0.0239275861531, "dmean2": 0.0341994315386, "dvar": 0.00070794345811, "dvar2": 0.0013190418249, "max": 0.467223644257, "mean": 0.215614542365, "median": 0.210138633847, "min": 0.0281326249242, "var": 0.00603987835348}, "barkbands_kurtosis": {"dmean": 7.34520673752, "dmean2": 10.6475801468, "dvar": 417.314971924, "dvar2": 746.763366699, "max": 845.153747559, "mean": 14.6571426392, "median": 2.27171206474, "min": -1.84933805466, "var": 1940.03100586}, "barkbands_skewness": {"dmean": 0.758211314678, "dmean2": 1.0804554224, "dvar": 0.841869175434, "dvar2": 1.51726043224, "max": 23.8642578125, "mean": 2.26279473305, "median": 1.48044157028, "min": -3.16403198242, "var": 6.85427379608}, "barkbands_spread": {"dmean": 4.14827394485, "dmean2": 6.26854515076, "dvar": 27.4760818481, "dvar2": 59.6107444763, "max": 100.539138794, "mean": 14.5880708694, "median": 12.6370620728, "min": 0.201875880361, "var": 115.217384338}, "dissonance": {"dmean": 0.0310765076429, "dmean2": 0.0506884641945, "dvar": 0.00080507696839, "dvar2": 0.00210002111271, "max": 0.500000178814, "mean": 0.411696195602, "median": 0.422027409077, "min": 0.171965807676, "var": 0.0033736275509}, "dynamic_complexity": 7.73892211914, "erbbands_crest": {"dmean": 3.72462105751, "dmean2": 5.86954021454, "dvar": 10.8697681427, "dvar2": 24.312707901, "max": 32.1421852112, "mean": 12.1314563751, "median": 10.8940410614, "min": 2.91267991066, "var": 30.2355384827}, "erbbands_flatness_db": {"dmean": 0.0237447675318, "dmean2": 0.0335513427854, "dvar": 0.000607254449278, "dvar2": 0.00108904507942, "max": 0.512127220631, "mean": 0.201929464936, "median": 0.190157189965, "min": 0.0445345081389, "var": 0.0060645211488}, "erbbands_kurtosis": {"dmean": 1.23312580585, "dmean2": 1.91953599453, "dvar": 3.5716547966, "dvar2": 7.8262796402, "max": 56.6025161743, "mean": 0.663879394531, "median": -0.00766515731812, "min": -1.78751897812, "var": 6.63184976578}, "erbbands_skewness": {"dmean": 0.47457253933, "dmean2": 0.713870584965, "dvar": 0.17403806746, "dvar2": 0.386172264814, "max": 5.81329298019, "mean": 0.120467253029, "median": 0.128921225667, "min": -3.47645044327, "var": 0.633729815483}, "erbbands_spread": {"dmean": 7.52419710159, "dmean2": 10.9815950394, "dvar": 66.6082382202, "dvar2": 130.054382324, "max": 122.878036499, "mean": 30.793598175, "median": 25.3794593811, "min": 2.12345647812, "var": 360.17855835}, "hfc": {"dmean": 4.60071754456, "dmean2": 6.92565727234, "dvar": 55.0861968994, "dvar2": 131.619094849, "max": 141.646530151, "mean": 12.5968952179, "median": 7.51580429077, "min": 1.24436710309e-16, "var": 225.633605957}, "melbands_crest": {"dmean": 2.87670946121, "dmean2": 4.29614877701, "dvar": 9.80580043793, "dvar2": 20.5041770935, "max": 37.992401123, "mean": 16.7956886292, "median": 16.3314399719, "min": 2.53742313385, "var": 41.8269805908}, "melbands_flatness_db": {"dmean": 0.0255463533103, "dmean2": 0.0362971797585, "dvar": 0.000905526569113, "dvar2": 0.00161662348546, "max": 0.56699603796, "mean": 0.302692085505, "median": 0.299891591072, "min": 0.00621951650828, "var": 0.00872544012964}, "melbands_kurtosis": {"dmean": 13.4461135864, "dmean2": 19.7518577576, "dvar": 981.249145508, "dvar2": 1911.55664062, "max": 602.400268555, "mean": 28.580121994, "median": 6.27422523499, "min": -1.78395783901, "var": 3666.03857422}, "melbands_skewness": {"dmean": 0.911153793335, "dmean2": 1.3000010252, "dvar": 1.27464318275, "dvar2": 2.28930282593, "max": 21.0116825104, "mean": 3.22187852859, "median": 2.25227379799, "min": -1.67523384094, "var": 8.58450126648}, "melbands_spread": {"dmean": 5.41146373749, "dmean2": 8.31998348236, "dvar": 71.6937942505, "dvar2": 147.799957275, "max": 177.777404785, "mean": 16.3493080139, "median": 13.2150497437, "min": 0.323098152876, "var": 251.840042114}, "pitch_salience": {"dmean": 0.0640634521842, "dmean2": 0.0993859991431, "dvar": 0.00375268538482, "dvar2": 0.00840046815574, "max": 0.834218978882, "mean": 0.406362324953, "median": 0.416410267353, "min": 0.084296874702, "var": 0.0164299923927}, "silence_rate_20dB": {"dmean": 0.0020658490248, "dmean2": 0.00413223123178, "dvar": 0.00206138705835, "dvar2": 0.00488953432068, "max": 1, "mean": 0.998063504696, "median": 1, "min": 0, "var": 0.00193277711514}, "silence_rate_30dB": {"dmean": 0.0420916713774, "dmean2": 0.0841942131519, "dvar": 0.0403187535703, "dvar2": 0.0843328759074, "max": 1, "mean": 0.89555901289, "median": 1, "min": 0, "var": 0.0935346037149}, "silence_rate_60dB": {"dmean": 0.0358941257, "dmean2": 0.0717975199223, "dvar": 0.0346028618515, "dvar2": 0.0715489536524, "max": 1, "mean": 0.198812291026, "median": 0, "min": 0, "var": 0.159292027354}, "spectral_centroid": {"dmean": 194.229476929, "dmean2": 294.830200195, "dvar": 65862.9609375, "dvar2": 130990.53125, "max": 10604.7382812, "mean": 980.153259277, "median": 795.705688477, "min": 162.391876221, "var": 379832.09375}, "spectral_complexity": {"dmean": 1.52588772774, "dmean2": 2.479855299, "dvar": 2.94472336769, "dvar2": 6.86384010315, "max": 27, "mean": 9.85076141357, "median": 11, "min": 0, "var": 28.4790878296}, "spectral_decrease": {"dmean": 3.47374951026e-09, "dmean2": 4.89128515468e-09, "dvar": 4.87174903906e-17, "dvar2": 1.01761234646e-16, "max": 5.68058013865e-17, "mean": -1.05128297179e-08, "median": -5.36452571254e-09, "min": -1.31779373191e-07, "var": 1.96328896405e-16}, "spectral_energy": {"dmean": 0.0134462574497, "dmean2": 0.0189625006169, "dvar": 0.000709501036908, "dvar2": 0.00148178287782, "max": 0.503373146057, "mean": 0.0408203862607, "median": 0.0211787372828, "min": 1.13191992789e-20, "var": 0.00289405882359}, "spectral_energyband_high": {"dmean": 6.63916289341e-05, "dmean2": 9.46682412177e-05, "dvar": 2.36371899831e-08, "dvar2": 5.50741532379e-08, "max": 0.00123956240714, "mean": 9.09409791348e-05, "median": 2.44024849962e-05, "min": 8.37057262158e-21, "var": 2.9668136392e-08}, "spectral_energyband_low": {"dmean": 0.0106352046132, "dmean2": 0.0149944648147, "dvar": 0.000656083924696, "dvar2": 0.00139312818646, "max": 0.444277375937, "mean": 0.0272867791355, "median": 0.00701349880546, "min": 6.21627189588e-23, "var": 0.00221333256923}, "spectral_energyband_middle_high": {"dmean": 0.00192805274855, "dmean2": 0.00297753978521, "dvar": 1.52976408572e-05, "dvar2": 3.70507295884e-05, "max": 0.0761412009597, "mean": 0.00393874198198, "median": 0.00140045338776, "min": 1.49745045493e-21, "var": 3.90159184462e-05}, "spectral_energyband_middle_low": {"dmean": 0.00342727382667, "dmean2": 0.00491553265601, "dvar": 3.76597163267e-05, "dvar2": 7.68303871155e-05, "max": 0.111251421273, "mean": 0.00999973528087, "median": 0.00463895872235, "min": 3.64669065685e-22, "var": 0.000192189691006}, "spectral_entropy": {"dmean": 0.18606749177, "dmean2": 0.25974291563, "dvar": 0.0446176119149, "dvar2": 0.079083532095, "max": 9.80251502991, "mean": 6.85566520691, "median": 6.82807207108, "min": 4.84982776642, "var": 0.408387720585}, "spectral_flux": {"dmean": 0.0272612217814, "dmean2": 0.0434896685183, "dvar": 0.00162470317446, "dvar2": 0.00351954204962, "max": 0.502926826477, "mean": 0.0655136555433, "median": 0.0517409481108, "min": 1.0639172876e-10, "var": 0.00324878352694}, "spectral_kurtosis": {"dmean": 5.20149326324, "dmean2": 8.583735466, "dvar": 100.166259766, "dvar2": 270.604248047, "max": 205.069747925, "mean": 15.5294466019, "median": 7.74527740479, "min": -1.22794544697, "var": 560.419372559}, "spectral_rms": {"dmean": 0.000906380999368, "dmean2": 0.00124646513723, "dvar": 1.74544322817e-06, "dvar2": 3.43467672792e-06, "max": 0.0221606809646, "mean": 0.00509986793622, "median": 0.00454556755722, "min": 3.32311912363e-12, "var": 1.38162904477e-05}, "spectral_rolloff": {"dmean": 306.612640381, "dmean2": 516.04498291, "dvar": 324622.4375, "dvar2": 618657.125, "max": 18927.6855469, "mean": 898.013793945, "median": 667.529296875, "min": 21.533203125, "var": 1124977.875}, "spectral_skewness": {"dmean": 0.430070996284, "dmean2": 0.687691152096, "dvar": 0.376494944096, "dvar2": 1.01326286793, "max": 10.6178064346, "mean": 2.55406856537, "median": 2.18313121796, "min": 0.0511001497507, "var": 2.05562114716}, "spectral_spread": {"dmean": 510741.8125, "dmean2": 743963.4375, "dvar": 547885842432, "dvar2": 1000282849280.0, "max": 40645884, "mean": 3685331.5, "median": 3569193.5, "min": 384589.625, "var": 3049531899900.0}, "spectral_strongpeak": {"dmean": 0.500261604786, "dmean2": 0.837773799896, "dvar": 1.30528211594, "dvar2": 3.27331542969, "max": 15.3713712692, "mean": 0.892448484898, "median": 0.436490058899, "min": 0, "var": 1.80318593979}, "zerocrossingrate": {"dmean": 0.00691896723583, "dmean2": 0.00806433334947, "dvar": 9.94242946035e-05, "dvar2": 0.000108576292405, "max": 0.58154296875, "mean": 0.0377288348973, "median": 0.0322265625, "min": 0.0029296875, "var": 0.00101862975862}, "barkbands": {"dmean": [0.00106438598596, 0.00873746257275, 0.0020961810369, 0.000555548002012, 0.000917137018405, 0.000709937361535, 0.000682505546138, 0.000349259760696, 0.00148080114741, 0.000647542008664, 0.000429523002822, 0.000500568770804, 0.000330573588144, 0.000354894320481, 0.000455052562756, 0.000167719001183, 0.000337872072123, 2.201695861e-05, 1.9602741304e-05, 2.78467377939e-05, 2.02317951334e-05, 1.65348592418e-05, 1.49805000547e-05, 4.32654769611e-06, 7.57734414947e-06, 4.17922319684e-06, 7.07152651103e-07], "dmean2": [0.00142708281055, 0.0123345060274, 0.00310100568458, 0.000964947044849, 0.00135670730378, 0.00103707669768, 0.000991609646007, 0.000370406196453, 0.0019068045076, 0.000901274499483, 0.0006328287418, 0.000760525057558, 0.000515265390277, 0.000548315467313, 0.000757438363507, 0.000267933675786, 0.000573196273763, 3.67293287127e-05, 3.19522405334e-05, 4.73284671898e-05, 3.07272784994e-05, 2.65078979282e-05, 2.04113439395e-05, 6.66699907015e-06, 1.21207376651e-05, 6.5419958446e-06, 1.13954251901e-06], "dvar": [8.46242346597e-06, 0.00048782263184, 3.69401750504e-05, 2.9499763059e-06, 3.75309423362e-06, 3.05970206682e-06, 3.36635412168e-06, 6.62123454731e-07, 1.66290283232e-05, 4.70917530038e-06, 1.99262922251e-06, 3.71018973055e-06, 1.8914086013e-06, 1.02692024484e-06, 2.63180800175e-06, 3.96800118097e-07, 1.68752819718e-06, 2.9818467695e-09, 1.3524428244e-09, 5.87229287419e-09, 1.848914577e-09, 2.77064926557e-09, 1.4237749868e-09, 9.68812807756e-11, 3.40910494279e-10, 1.06506831132e-10, 1.98071615533e-12], "dvar2": [1.67475864146e-05, 0.0011004236294, 6.96871429682e-05, 8.10664096207e-06, 8.81462528923e-06, 6.27419649391e-06, 8.10875280877e-06, 5.93437448515e-07, 2.62394423771e-05, 7.97621123638e-06, 4.05316404795e-06, 8.17045020085e-06, 4.24705058322e-06, 2.31863100453e-06, 6.85826989866e-06, 9.08502158836e-07, 4.62359275843e-06, 7.97181964884e-09, 3.36789907074e-09, 1.53502881517e-08, 4.03919742098e-09, 7.40558192547e-09, 2.87335999438e-09, 2.39323810769e-10, 8.64519178467e-10, 2.79335499176e-10, 4.8685361298e-12], "max": [0.0368082076311, 0.351079672575, 0.201592817903, 0.0346183776855, 0.0502006262541, 0.0659122914076, 0.0507249757648, 0.0409761033952, 0.100733183324, 0.0895935893059, 0.0304113216698, 0.0704551488161, 0.0492570064962, 0.0378287620842, 0.0396466590464, 0.018732169643, 0.0279740728438, 0.0005997113185, 0.000366350257536, 0.000511821708642, 0.000373491639039, 0.000479231617646, 0.000293283606879, 6.58884309814e-05, 0.000129957581521, 6.90336091793e-05, 1.11246235974e-05], "mean": [0.00134319614153, 0.0222441200167, 0.00359601620585, 0.000759294431191, 0.00228272331879, 0.00148412375711, 0.00123416923452, 0.000938182871323, 0.00255836872384, 0.00103728531394, 0.00059335376136, 0.000618193414994, 0.000396127084969, 0.000433901150245, 0.000505071307998, 0.000181955270818, 0.000443292781711, 2.73055884463e-05, 3.05805879179e-05, 2.68040639639e-05, 3.03020988213e-05, 1.77602942131e-05, 1.75877430593e-05, 6.1678279053e-06, 9.78097614279e-06, 4.06248909712e-06, 8.08982917988e-07], "median": [3.09344795824e-05, 0.00444936007261, 0.000666877720505, 0.000297390972264, 0.000628997455351, 0.000363765691873, 0.000299724051729, 0.000206339987926, 0.000312758493237, 9.2993657745e-05, 8.50837968756e-05, 3.57484605047e-05, 4.96387146995e-05, 6.4505948103e-05, 8.14013328636e-05, 1.8457069018e-05, 9.70148084889e-06, 1.08365275082e-05, 1.4268574887e-05, 5.30640318175e-06, 9.3130638561e-06, 3.65900859833e-06, 2.37511335399e-06, 1.97669646695e-06, 1.73032526618e-06, 4.55455278825e-07, 1.37234392739e-08], "min": [1.557769546e-24, 1.81245983679e-23, 2.7320203212e-23, 1.63940110913e-23, 2.80562514573e-23, 7.24229152603e-23, 1.25310150898e-22, 7.08974097309e-23, 4.70870253911e-23, 3.05770438582e-23, 2.33142760274e-23, 5.27872427844e-23, 8.99636603173e-23, 1.43292481357e-22, 1.68932732696e-22, 1.41663881173e-22, 2.09505275312e-22, 2.1390090925e-22, 2.75036367227e-22, 4.11507006667e-22, 5.0315583165e-22, 5.67931333658e-22, 7.31326262799e-22, 1.0928921895e-21, 1.24526942023e-21, 1.68958950646e-21, 2.57863095037e-21], "var": [1.33338071464e-05, 0.0015729755396, 0.000126036567963, 2.77421759165e-06, 1.94265594473e-05, 1.37104652822e-05, 8.15756538941e-06, 5.36925517736e-06, 4.84334996145e-05, 1.17440986287e-05, 3.64202105629e-06, 5.42202951692e-06, 2.62389380623e-06, 1.50229254814e-06, 2.56117891695e-06, 4.54037007103e-07, 2.25255325859e-06, 2.651731279e-09, 1.75277248271e-09, 4.73263250811e-09, 2.60357624349e-09, 2.41873454598e-09, 1.95724259022e-09, 1.23492993609e-10, 4.18789725121e-10, 9.53345874466e-11, 2.57892145139e-12]}, "erbbands": {"dmean": [0.22761695087, 2.08431363106, 2.97721242905, 1.92131257057, 2.4417090416, 3.34236502647, 2.41622614861, 7.04635620117, 10.9758396149, 10.2203426361, 8.91121864319, 42.1454696655, 23.1106319427, 11.6276874542, 15.2262592316, 27.2463035583, 17.2061061859, 19.9223556519, 8.243309021, 34.1065750122, 10.3742599487, 11.0654420853, 3.71650457382, 0.648985028267, 1.58331120014, 0.955809175968, 0.939443528652, 0.687717139721, 0.666441142559, 0.536687672138, 0.471067070961, 0.135561093688, 0.0644781365991, 0.0874644294381, 0.0527265556157, 0.0176758822054, 0.00880246516317, 0.00123028538655, 0.000131015243824, 2.02998944587e-05], "dmean2": [0.340283989906, 2.89952683449, 4.21215867996, 3.2812037468, 4.03243207932, 4.55566740036, 3.06218624115, 10.8557062149, 17.2082042694, 10.9362630844, 11.0177183151, 53.7391014099, 31.9948120117, 16.8572750092, 22.3663539886, 41.4033050537, 26.7341899872, 30.6614875793, 13.0436038971, 56.6411094666, 17.5878982544, 18.62774086, 6.26791858673, 1.03986001015, 2.66762375832, 1.58551216125, 1.39977669716, 1.16452264786, 1.1029292345, 0.791887462139, 0.655181705952, 0.198753580451, 0.0945744141936, 0.146252706647, 0.0836921036243, 0.0247007999569, 0.0146810952574, 0.0020758935716, 0.000215739579289, 2.87021375698e-05], "dvar": [0.293955743313, 31.5898189545, 78.8879928589, 38.3887863159, 27.6028289795, 55.317943573, 30.9719657898, 325.744018555, 1094.55688477, 605.050476074, 360.817443848, 13487.4912109, 6717.02050781, 624.047668457, 2258.55859375, 9878.03515625, 5065.93994141, 3106.33154297, 483.749816895, 18580.0683594, 1197.36682129, 1699.61547852, 224.334564209, 1.63447260857, 11.1211051941, 5.77014970779, 2.83074355125, 5.3616194725, 5.14758062363, 1.90679574013, 1.5558911562, 0.101204887033, 0.0211698561907, 0.0473021939397, 0.0164177939296, 0.00147965596989, 0.000575930753257, 9.69102802628e-06, 7.17072197176e-08, 1.24399812673e-09], "dvar2": [0.725838541985, 70.4636154175, 132.70715332, 105.865760803, 76.4186019897, 113.025375366, 43.8244438171, 753.950134277, 2979.60205078, 534.127258301, 571.07019043, 20948.7753906, 11292.8496094, 1228.2130127, 4601.61035156, 21778.1132812, 11322.7148438, 7045.75244141, 1145.87976074, 47216.8984375, 3328.58837891, 4571.09472656, 570.115844727, 4.10006189346, 27.8513908386, 14.5919284821, 5.89944648743, 14.6016597748, 14.1675891876, 4.71905994415, 3.11795926094, 0.237366735935, 0.0503003820777, 0.122746005654, 0.0423678606749, 0.00349863315932, 0.00156313192565, 2.66692895821e-05, 1.86569337757e-07, 2.63450550264e-09], "max": [8.17655277252, 95.9451065063, 281.212799072, 108.650886536, 108.940559387, 234.328826904, 235.722961426, 592.371337891, 850.561035156, 963.241699219, 407.889984131, 2926.52978516, 3517.99316406, 477.01171875, 1053.7019043, 3633.92260742, 2577.74633789, 1968.44787598, 637.953674316, 3430.65771484, 706.395568848, 919.034484863, 447.149993896, 15.2740154266, 22.9629058838, 14.4016532898, 12.6441802979, 21.377779007, 20.3099536896, 11.3719530106, 9.57848548889, 2.38327932358, 0.940833985806, 1.50844097137, 0.946701288223, 0.258762776852, 0.161293134093, 0.0196703895926, 0.00222075916827, 0.000550975557417], "mean": [0.463864386082, 5.48983383179, 6.59404420853, 2.89146780968, 4.95529651642, 8.75623130798, 6.30207443237, 13.3742523193, 16.9890022278, 26.5817337036, 21.067445755, 73.299659729, 37.2354888916, 17.7101612091, 22.8934860229, 34.5598640442, 22.2631626129, 25.4642295837, 11.3183774948, 38.2171859741, 13.1904745102, 14.6954402924, 4.52209854126, 1.09168660641, 2.13522052765, 1.03030538559, 1.49757969379, 0.741767942905, 0.672595500946, 0.595693230629, 0.524788975716, 0.174766182899, 0.0957792624831, 0.112894140184, 0.0661486536264, 0.0225137136877, 0.0071936477907, 0.00104547932278, 0.000153972432599, 5.47262643522e-05], "median": [0.119626164436, 0.886349201202, 1.14564812183, 1.11854803562, 1.59183192253, 2.17634677887, 2.02243804932, 3.21350002289, 4.26470088959, 5.21237897873, 6.56018352509, 9.24155426025, 4.94796133041, 4.35192966461, 4.7675075531, 4.56119012833, 4.23495578766, 4.37309265137, 3.21686387062, 3.47578835487, 1.15990877151, 0.554728746414, 0.914721488953, 0.520041286945, 0.773852467537, 0.266577124596, 0.473321914673, 0.192611604929, 0.13734343648, 0.0895804315805, 0.0697145238519, 0.035755187273, 0.0317271202803, 0.0216717459261, 0.011616513133, 0.00354552967474, 0.000480664079078, 4.82582327095e-05, 2.46736344707e-05, 3.20169892802e-05], "min": [1.93997203926e-22, 5.12312858356e-21, 2.08054180192e-20, 7.06211393328e-20, 6.16767901328e-20, 1.17082956686e-19, 4.66515596614e-19, 4.67863849314e-19, 1.84482928052e-18, 1.6474879746e-18, 8.99520969241e-19, 1.39979204889e-18, 8.28443045264e-19, 1.06478907069e-18, 1.1562638727e-18, 2.40773065044e-18, 4.58981180646e-18, 6.66563065265e-18, 6.1110627138e-18, 1.0883923386e-17, 9.43387163626e-18, 1.06296596462e-17, 8.86550012094e-18, 1.65968214711e-17, 1.45263486933e-17, 1.84986718268e-17, 2.23304222327e-17, 1.90121044874e-17, 1.90299633168e-17, 2.24229887063e-17, 2.12270162351e-17, 2.06780743652e-17, 1.87754266074e-17, 1.18672533643e-17, 9.83303756701e-18, 6.94806071946e-18, 3.09580884888e-18, 1.27095442919e-18, 3.3001683687e-19, 4.03110444903e-20], "var": [0.640851974487, 104.974319458, 306.170471191, 37.0797119141, 82.0925750732, 327.342132568, 193.956848145, 1115.9465332, 1577.65661621, 4393.38867188, 1467.41650391, 39935.9882812, 16423.4179688, 1275.18505859, 4408.4921875, 14544.5566406, 7106.70800781, 4692.43945312, 650.84588623, 19306.3886719, 1536.57043457, 2292.94067383, 233.183517456, 2.36798095703, 12.369852066, 5.11313343048, 5.45125579834, 4.12071561813, 3.99341511726, 1.9804764986, 2.02696299553, 0.132994666696, 0.0283394157887, 0.0579109117389, 0.0185108408332, 0.00193503685296, 0.000425017176894, 6.87868850946e-06, 7.79549651497e-08, 4.50718529166e-09]}, "gfcc": {"mean": [-103.311424255, 134.754745483, -105.116699219, 14.1007270813, -42.2935218811, 15.8960828781, -26.9042301178, 8.80718135834, -11.0049934387, 5.16591310501, -11.3872442245, -6.65379667282, -4.59505224228], "cov": [[24220.140625, 1404.28027344, 48.0262680054, 2605.88647461, 12.9591569901, 1001.65539551, 1131.25720215, 866.499084473, 115.552597046, 277.218902588, 493.190826416, 577.691101074, 447.190734863], [1404.28027344, 2611.91674805, -620.291259766, -1047.12658691, 601.84362793, -135.830230713, -116.695617676, -367.919708252, 274.059997559, -196.331542969, 97.4562683105, -332.081481934, 146.805541992], [48.0262680054, -620.291259766, 829.722839355, 498.746307373, -1.41959321499, 167.868499756, 205.54119873, 106.323509216, -62.849319458, 127.350166321, 9.67372322083, 38.3824920654, -83.1596221924], [2605.88647461, -1047.12658691, 498.746307373, 1633.13513184, -220.652008057, 289.320098877, 435.435913086, 395.099182129, -92.3804168701, 85.3500976562, 122.37323761, 180.843887329, 55.9356689453], [12.9591569901, 601.84362793, -1.41959321499, -220.652008057, 448.569610596, -43.7698822021, 6.31615543365, -49.9312477112, 129.36177063, -98.1628112793, -22.9103145599, -90.2869186401, 24.1563968658], [1001.65539551, -135.830230713, 167.868499756, 289.320098877, -43.7698822021, 284.322265625, 125.886940002, 49.284198761, -35.4611549377, 112.700164795, 83.0824050903, 25.4981479645, 10.4764680862], [1131.25720215, -116.695617676, 205.54119873, 435.435913086, 6.31615543365, 125.886940002, 296.148071289, 95.5862960815, 16.7733669281, 45.6074333191, 102.933853149, 38.7931785583, 20.7595119476], [866.499084473, -367.919708252, 106.323509216, 395.099182129, -49.9312477112, 49.284198761, 95.5862960815, 248.368560791, 14.7528820038, -14.4193534851, -40.2437057495, 78.2244873047, 18.843547821], [115.552597046, 274.059997559, -62.849319458, -92.3804168701, 129.36177063, -35.4611549377, 16.7733669281, 14.7528820038, 180.36869812, -11.6491270065, -24.4601707458, -64.152130127, 39.1684875488], [277.218902588, -196.331542969, 127.350166321, 85.3500976562, -98.1628112793, 112.700164795, 45.6074333191, -14.4193534851, -11.6491270065, 198.01625061, 83.4920120239, 15.780878067, -37.5216217041], [493.190826416, 97.4562683105, 9.67372322083, 122.37323761, -22.9103145599, 83.0824050903, 102.933853149, -40.2437057495, -24.4601707458, 83.4920120239, 187.353408813, 31.5715408325, 14.3625621796], [577.691101074, -332.081481934, 38.3824920654, 180.843887329, -90.2869186401, 25.4981479645, 38.7931785583, 78.2244873047, -64.152130127, 15.780878067, 31.5715408325, 176.429290771, 15.7842931747], [447.190734863, 146.805541992, -83.1596221924, 55.9356689453, 24.1563968658, 10.4764680862, 20.7595119476, 18.843547821, 39.1684875488, -37.5216217041, 14.3625621796, 15.7842931747, 97.8609542847]], "icov": [[0.000120194628835, -0.000358185992809, 8.94394761417e-05, -0.000233997867326, 8.17199688754e-05, -0.000160417315783, -0.000189139056602, -0.000260662985966, 0.000110623543151, -0.000437978334958, 0.00045583510655, -0.000637096061837, 0.00010880415357], [-0.000358185992809, 0.0024740442168, 0.000156065201736, 0.00131730572321, -0.00121510168537, 0.000162534677656, 0.000244022667175, 0.00112135428935, -0.000636965734884, 0.00216351915151, -0.002827512566, 0.00348596926779, -0.00174292072188], [8.94394761417e-05, 0.000156065201736, 0.00251490436494, -0.000530614575837, -0.001127826632, -0.00042757432675, -0.00154313538224, 0.000222417977056, 0.000968763837591, -0.00172806170303, 0.00168608687818, -0.000173583699507, 0.00113647978287], [-0.000233997867326, 0.00131730572321, -0.000530614575837, 0.0026757507585, -3.98870688514e-05, -9.85953302006e-05, -0.0012117252918, -0.00167265813798, 0.000649881607387, 0.001418459462, -0.00222382624634, 0.00231109792367, -0.0020502845291], [8.17199688754e-05, -0.00121510168537, -0.001127826632, -3.98870688514e-05, 0.00480855954811, -0.000752779247705, 3.60303165508e-05, 0.000122971367091, -0.00283575709909, 0.00245737168007, 3.5241660953e-05, -0.00116492900997, 0.0016360237496], [-0.000160417315783, 0.000162534677656, -0.00042757432675, -9.85953302006e-05, -0.000752779247705, 0.00683878036216, -0.000993568915874, -0.000800582754891, 0.00264476682059, -0.00371788186021, -0.000426013983088, 0.001838658005, -0.0027172381524], [-0.000189139056602, 0.000244022667175, -0.00154313538224, -0.0012117252918, 3.60303165508e-05, -0.000993568915874, 0.00896248966455, -0.000351849623257, -0.00298732030205, 0.00260691391304, -0.0050239758566, 0.000494219479151, 0.000996333081275], [-0.000260662985966, 0.00112135428935, 0.000222417977056, -0.00167265813798, 0.000122971367091, -0.000800582754891, -0.000351849623257, 0.0109085133299, -0.00390995014459, 0.00243311794475, 0.00277795200236, -0.00218752888031, 0.00112649437506], [0.000110623543151, -0.000636965734884, 0.000968763837591, 0.000649881607387, -0.00283575709909, 0.00264476682059, -0.00298732030205, -0.00390995014459, 0.012671048753, -0.00609681941569, 0.00311100995168, 0.00322316773236, -0.00568039249629], [-0.000437978334958, 0.00216351915151, -0.00172806170303, 0.001418459462, 0.00245737168007, -0.00371788186021, 0.00260691391304, 0.00243311794475, -0.00609681941569, 0.0147849125788, -0.00782151240855, 0.00205831415951, 0.00417145993561], [0.00045583510655, -0.002827512566, 0.00168608687818, -0.00222382624634, 3.5241660953e-05, -0.000426013983088, -0.0050239758566, 0.00277795200236, 0.00311100995168, -0.00782151240855, 0.0154140545055, -0.00586521718651, -0.000129989930429], [-0.000637096061837, 0.00348596926779, -0.000173583699507, 0.00231109792367, -0.00116492900997, 0.001838658005, 0.000494219479151, -0.00218752888031, 0.00322316773236, 0.00205831415951, -0.00586521718651, 0.0145005118102, -0.00535843288526], [0.00010880415357, -0.00174292072188, 0.00113647978287, -0.0020502845291, 0.0016360237496, -0.0027172381524, 0.000996333081275, 0.00112649437506, -0.00568039249629, 0.00417145993561, -0.000129989930429, -0.00535843288526, 0.0186887811869]]}, "melbands": {"dmean": [0.00230924785137, 0.00198782118969, 0.000320684048347, 0.000233215236221, 9.06141503947e-05, 0.000160166382557, 0.00015919728321, 0.000106538216642, 0.000123208679724, 0.000231981524848, 0.00010923625814, 4.36310110672e-05, 6.55762923998e-05, 5.36003353773e-05, 5.40230794286e-05, 2.84912021016e-05, 4.14762871515e-05, 1.18001498777e-05, 3.03674969473e-05, 3.27741108777e-05, 1.43573379319e-05, 1.45031963257e-05, 8.97727204574e-06, 7.10826441264e-07, 4.66654597631e-07, 9.43596035086e-07, 1.66781512689e-06, 3.57232636361e-07, 5.28955183654e-07, 3.87493770404e-07, 5.00199121234e-07, 3.4632202528e-07, 3.61083351663e-07, 2.64220204826e-07, 2.73157695574e-07, 1.67948954299e-07, 5.8241255374e-08, 4.32972520059e-08, 5.28554373602e-08, 8.00298352033e-08], "dmean2": [0.00324947037734, 0.00279018562287, 0.000542616588064, 0.000345898413798, 0.000114634218335, 0.000243220914854, 0.000244581227889, 0.00011138348782, 0.000157577669597, 0.000296177575365, 0.000152729073307, 6.32349692751e-05, 9.64608771028e-05, 8.2136662968e-05, 8.21697976789e-05, 4.42229502369e-05, 6.38958226773e-05, 1.86238285096e-05, 5.03456431034e-05, 5.41707995581e-05, 2.46164890996e-05, 2.43377198785e-05, 1.52998236445e-05, 1.17246690934e-06, 7.60361899665e-07, 1.50568257595e-06, 2.87921602649e-06, 5.87220483794e-07, 8.03038687991e-07, 5.61597460091e-07, 8.95039363513e-07, 5.69542976336e-07, 5.97141195158e-07, 3.79280294283e-07, 3.87450427297e-07, 2.32990714721e-07, 9.21951723853e-08, 6.52660858691e-08, 8.04193405202e-08, 1.36204050705e-07], "dvar": [2.96947328025e-05, 3.1420506275e-05, 8.86804514266e-07, 2.61132356627e-07, 4.2921879384e-08, 1.69215454093e-07, 2.15801193804e-07, 6.42652864258e-08, 9.79527570166e-08, 3.95730239688e-07, 1.66707337712e-07, 9.69339097878e-09, 4.79395154684e-08, 4.11710594506e-08, 2.72913744936e-08, 1.03941673046e-08, 1.41697107381e-08, 1.09630071687e-09, 1.27875399158e-08, 1.69759388768e-08, 3.78781583876e-09, 3.53494233885e-09, 1.92963489631e-09, 2.04921019389e-12, 8.66599327021e-13, 2.77464184441e-12, 2.2851550513e-11, 9.3387743285e-13, 9.53973228537e-13, 4.32464312842e-13, 3.46517020806e-12, 1.15548640534e-12, 1.48494205213e-12, 3.96806746532e-13, 5.25905870501e-13, 1.82890906738e-13, 1.67637899954e-14, 1.04631735337e-14, 1.68741041783e-14, 3.85369159001e-14], "dvar2": [6.84588230797e-05, 6.06927933404e-05, 2.40124359152e-06, 5.9830790633e-07, 7.19838126884e-08, 3.91159176161e-07, 5.79580330395e-07, 5.40421467576e-08, 1.6051446039e-07, 6.11630127878e-07, 2.804557937e-07, 1.89751272472e-08, 9.68351443476e-08, 9.20956964023e-08, 6.04559886597e-08, 2.29875176672e-08, 3.20753734684e-08, 2.55741072763e-09, 3.26744888923e-08, 4.26759569905e-08, 1.0628400382e-08, 9.62373558622e-09, 4.8904325034e-09, 5.06387033e-12, 2.2361001939e-12, 6.66964660584e-12, 5.96291002686e-11, 2.28077712966e-12, 2.02826037216e-12, 8.3655044697e-13, 9.7554794104e-12, 3.13317080614e-12, 3.96715169396e-12, 9.21649258648e-13, 1.07465241133e-12, 3.77314119619e-13, 4.14251762775e-14, 2.56523792551e-14, 4.12483598439e-14, 1.00229239242e-13], "max": [0.0758135169744, 0.1287894696, 0.0162543635815, 0.0142967347056, 0.00725193275139, 0.0129364551976, 0.012335899286, 0.0100228926167, 0.00719902105629, 0.0159146338701, 0.0173872876912, 0.00209325389005, 0.00479155965149, 0.00746354088187, 0.00432454096153, 0.00343972770497, 0.00450544431806, 0.00094399554655, 0.00284093827941, 0.0032603375148, 0.00134830374736, 0.00150737911463, 0.00131961819716, 1.26908771563e-05, 9.7431411632e-06, 1.5870326024e-05, 3.30273614964e-05, 8.65899983182e-06, 7.00590135239e-06, 5.168001735e-06, 1.67119433172e-05, 9.72374982666e-06, 1.10528653749e-05, 4.3873769755e-06, 5.51986704522e-06, 3.28767123392e-06, 9.20910565583e-07, 7.83213124578e-07, 1.00759734778e-06, 1.30640478346e-06], "mean": [0.00555267138407, 0.00509988935664, 0.000526339805219, 0.000577489146963, 0.000246560201049, 0.000308691553073, 0.000253578618867, 0.000280767766526, 0.000246113108005, 0.000403450772865, 0.000167680176673, 6.38152705505e-05, 9.12819596124e-05, 6.68725842843e-05, 6.94757618476e-05, 3.42144339811e-05, 5.12665792485e-05, 1.49032257468e-05, 3.48008070432e-05, 3.63524668501e-05, 1.76197609107e-05, 1.89521069842e-05, 9.87282419374e-06, 1.08091126094e-06, 7.04644889993e-07, 1.45437411447e-06, 1.67295183928e-06, 3.76957444814e-07, 8.33500735098e-07, 6.48775767331e-07, 4.33200483485e-07, 3.69696579128e-07, 3.55266621455e-07, 3.06742606426e-07, 2.93013414421e-07, 2.00728152322e-07, 7.89912490973e-08, 6.18622308934e-08, 7.89146810121e-08, 9.86146488913e-08], "median": [0.00135089107789, 0.000902408850379, 0.000208350626053, 0.000155413043103, 8.27556214062e-05, 7.13660556357e-05, 6.29135465715e-05, 5.20422581758e-05, 5.86804453633e-05, 5.3530857258e-05, 1.4134851881e-05, 1.4439368897e-05, 1.32202585519e-05, 6.63137552692e-06, 1.32104860313e-05, 4.59888588011e-06, 7.60470902605e-06, 3.25081055053e-06, 4.94698178954e-06, 2.24720042752e-06, 7.25761879039e-07, 4.80302105643e-07, 6.47145384391e-07, 5.44805402569e-07, 3.07916110387e-07, 6.65409970679e-07, 3.73938291887e-07, 9.69640012727e-08, 2.50546634106e-07, 2.17490054411e-07, 7.58240901177e-08, 7.4317590304e-08, 6.8156538191e-08, 4.04634192819e-08, 3.86362017935e-08, 3.12426564619e-08, 1.89328019928e-08, 1.91502511626e-08, 2.48164013783e-08, 1.50876182659e-08], "min": [3.56112717431e-24, 1.08281856195e-23, 1.02155925282e-23, 7.53149093156e-24, 1.22178627117e-23, 1.21260574461e-23, 2.73595673711e-23, 1.88366557754e-23, 6.26904605936e-24, 8.54523714819e-24, 3.92641355521e-24, 4.49579324064e-24, 2.98843092041e-24, 6.65574094193e-24, 5.0451930515e-24, 1.14343171513e-23, 1.28207441365e-23, 8.76504850627e-24, 1.47936300402e-23, 1.15502915372e-23, 1.16497361318e-23, 1.16865609477e-23, 1.01241793265e-23, 7.2763654262e-24, 1.42359132688e-23, 1.00171679781e-23, 1.05929125877e-23, 1.31569329885e-23, 1.34429676418e-23, 1.39006189851e-23, 9.12871101699e-24, 9.9042243957e-24, 1.19909310951e-23, 1.2283122019e-23, 1.24897617665e-23, 1.05311116467e-23, 1.40128991355e-23, 1.42545777178e-23, 1.07168142369e-23, 9.93500022619e-24], "var": [8.92335083336e-05, 0.000113760717795, 1.08089284367e-06, 1.38817460993e-06, 2.53368398262e-07, 5.88756961406e-07, 3.37758336855e-07, 4.91065634378e-07, 2.97301795626e-07, 1.18259845294e-06, 4.06033251465e-07, 1.92918552244e-08, 8.83455086864e-08, 5.84662309677e-08, 4.06692279853e-08, 1.44157317195e-08, 2.1028602859e-08, 1.40637046453e-09, 1.32405322262e-08, 1.79883130613e-08, 4.8543378206e-09, 4.77904249507e-09, 1.95728722119e-09, 2.34260419223e-12, 1.19307677886e-12, 3.97255709231e-12, 1.84785017149e-11, 8.9216107375e-13, 1.73657887115e-12, 9.0957298117e-13, 2.35260227098e-12, 9.83783800951e-13, 1.19481312864e-12, 4.81166538904e-13, 6.56236078932e-13, 2.4641370216e-13, 2.23935317989e-14, 1.28826672434e-14, 2.13392078666e-14, 4.6693168944e-14]}, "mfcc": {"mean": [-743.122009277, 159.654296875, 7.03378772736, 15.4879627228, 5.69900465012, 10.1474237442, 2.42574596405, 2.43817877769, 6.97744607925, 9.07157421112, 5.99003601074, 2.22680830956, 2.34007906914], "cov": [[14407.5087891, 3440.9777832, -143.859863281, 503.016967773, 282.495697021, 427.29788208, 292.342651367, 575.380126953, 423.5987854, 90.6856460571, 14.2931041718, 214.958908081, 395.123626709], [3440.9777832, 3105.6003418, -537.977661133, -552.457214355, 253.473892212, 219.207885742, -109.084907532, -156.575942993, 70.8701553345, 74.21459198, 44.4928436279, 16.5761833191, -47.6632270813], [-143.859863281, -537.977661133, 518.125732422, 315.974151611, -15.1054182053, 82.7953872681, 180.436355591, 54.6060791016, -29.9606056213, 69.2213821411, 74.9749908447, 4.97718811035, 33.7103538513], [503.016967773, -552.457214355, 315.974151611, 734.979125977, 84.6600036621, 33.1766891479, 212.68687439, 268.863189697, 138.28276062, 33.4792442322, 4.99198722839, 66.779510498, 89.0875701904], [282.495697021, 253.473892212, -15.1054182053, 84.6600036621, 231.268264771, 48.8069534302, 12.998585701, 63.0477981567, 99.9210586548, 43.2909545898, -2.8097589016, 16.6715888977, 1.87093389034], [427.29788208, 219.207885742, 82.7953872681, 33.1766891479, 48.8069534302, 212.128921509, 132.638412476, -30.0191688538, -32.5965385437, 66.0402526855, 71.652557373, 26.6057128906, 18.4279270172], [292.342651367, -109.084907532, 180.436355591, 212.68687439, 12.998585701, 132.638412476, 260.430053711, 85.3036422729, -31.7211818695, 10.5140542984, 45.7990570068, 61.41563797, 57.5758056641], [575.380126953, -156.575942993, 54.6060791016, 268.863189697, 63.0477981567, -30.0191688538, 85.3036422729, 253.414672852, 136.425598145, -36.0569839478, -53.4643325806, 46.357219696, 64.4549407959], [423.5987854, 70.8701553345, -29.9606056213, 138.28276062, 99.9210586548, -32.5965385437, -31.7211818695, 136.425598145, 198.069534302, 50.9512138367, -30.0902767181, 5.51752281189, 17.6121559143], [90.6856460571, 74.21459198, 69.2213821411, 33.4792442322, 43.2909545898, 66.0402526855, 10.5140542984, -36.0569839478, 50.9512138367, 158.289733887, 85.9408111572, -12.459733963, -21.9104671478], [14.2931041718, 44.4928436279, 74.9749908447, 4.99198722839, -2.8097589016, 71.652557373, 45.7990570068, -53.4643325806, -30.0902767181, 85.9408111572, 123.232681274, 30.7150917053, -12.1724185944], [214.958908081, 16.5761833191, 4.97718811035, 66.779510498, 16.6715888977, 26.6057128906, 61.41563797, 46.357219696, 5.51752281189, -12.459733963, 30.7150917053, 90.3984603882, 47.5415649414], [395.123626709, -47.6632270813, 33.7103538513, 89.0875701904, 1.87093389034, 18.4279270172, 57.5758056641, 64.4549407959, 17.6121559143, -21.9104671478, -12.1724185944, 47.5415649414, 109.953491211]], "icov": [[0.000151897431351, -0.000229044293519, -4.59565890196e-05, -0.000136390386615, 0.000241969610215, -0.000211642749491, 0.000224806572078, -0.000496438413393, 0.000119622134662, -0.000101352161437, -3.94950111513e-05, 0.000109858323412, -0.000407122104662], [-0.000229044293519, 0.000912573363166, 0.00053296139231, 0.000561151537113, -0.000816357554868, -0.000385876774089, -0.000401724042604, 0.000912073475774, -0.000683824182488, 0.000405059749028, -0.000267494935542, -0.000103410580778, 0.000560220214538], [-4.59565890196e-05, 0.00053296139231, 0.00428678840399, -0.00121081073303, -0.00029235650436, -6.9295623689e-05, -0.00147084076889, -0.000272625329671, 0.00139581121039, -0.000894791970495, -0.00211219140328, 0.00284222676419, -0.000855105870869], [-0.000136390386615, 0.000561151537113, -0.00121081073303, 0.00381471775472, -0.000813335587736, 0.000512423925102, -0.00166685692966, -0.00148749980144, -0.00137174816336, -0.000378797180019, 0.0001909101411, -0.000764922937378, 0.000182674571988], [0.000241969610215, -0.000816357554868, -0.00029235650436, -0.000813335587736, 0.00731814140454, -0.00245073903352, 0.00101199140772, -0.000844525930006, -0.0025851840619, -0.00087407202227, 0.00185683812015, -0.00181454140693, 0.00100661651231], [-0.000211642749491, -0.000385876774089, -6.9295623689e-05, 0.000512423925102, -0.00245073903352, 0.0122478241101, -0.00700803101063, 0.0033124119509, 0.000623213418294, -0.00259245326743, -0.00130016123876, 0.00077581172809, -0.0011795371538], [0.000224806572078, -0.000401724042604, -0.00147084076889, -0.00166685692966, 0.00101199140772, -0.00700803101063, 0.0133799854666, -0.0072408686392, 0.00673088850453, -0.00164237758145, 0.000529890181497, -0.00303626921959, -0.000818803440779], [-0.000496438413393, 0.000912073475774, -0.000272625329671, -0.00148749980144, -0.000844525930006, 0.0033124119509, -0.0072408686392, 0.0192039832473, -0.0134664811194, 0.00766651704907, 0.000955620023888, -0.00216593407094, 0.000188590245671], [0.000119622134662, -0.000683824182488, 0.00139581121039, -0.00137174816336, -0.0025851840619, 0.000623213418294, 0.00673088850453, -0.0134664811194, 0.0227355640382, -0.0142405042425, 0.00653198966756, -0.00178951153066, -0.000716315640602], [-0.000101352161437, 0.000405059749028, -0.000894791970495, -0.000378797180019, -0.00087407202227, -0.00259245326743, -0.00164237758145, 0.00766651704907, -0.0142405042425, 0.0240696929395, -0.0166656356305, 0.00878479983658, -0.000629646761809], [-3.94950111513e-05, -0.000267494935542, -0.00211219140328, 0.0001909101411, 0.00185683812015, -0.00130016123876, 0.000529890181497, 0.000955620023888, 0.00653198966756, -0.0166656356305, 0.0282206572592, -0.0158587396145, 0.00548142101616], [0.000109858323412, -0.000103410580778, 0.00284222676419, -0.000764922937378, -0.00181454140693, 0.00077581172809, -0.00303626921959, -0.00216593407094, -0.00178951153066, 0.00878479983658, -0.0158587396145, 0.0258610472083, -0.00883102882653], [-0.000407122104662, 0.000560220214538, -0.000855105870869, 0.000182674571988, 0.00100661651231, -0.0011795371538, -0.000818803440779, 0.000188590245671, -0.000716315640602, -0.000629646761809, 0.00548142101616, -0.00883102882653, 0.0158279761672]]}, "spectral_contrast_coeffs": {"dmean": [0.0402384139597, 0.0377420969307, 0.0405822359025, 0.0384146384895, 0.021791305393, 0.0145037285984], "dmean2": [0.0648427009583, 0.0607970021665, 0.0613249950111, 0.0587817132473, 0.0348933301866, 0.0230770390481], "dvar": [0.00120766391046, 0.00103932269849, 0.00114540278446, 0.000929414876737, 0.000446463207481, 0.000237438260228], "dvar2": [0.00308695156127, 0.00267536542378, 0.00264269066975, 0.00213843933307, 0.00101689377334, 0.000568909628782], "max": [-0.357386231422, -0.460099220276, -0.377195477486, -0.363258928061, -0.53045964241, -0.703550159931], "mean": [-0.686626017094, -0.727522552013, -0.687549352646, -0.670924246311, -0.777563095093, -0.796021044254], "median": [-0.690653502941, -0.729734659195, -0.682455539703, -0.666820764542, -0.785921096802, -0.785061001778], "min": [-0.965669453144, -0.946948766708, -0.959705471992, -0.958324074745, -0.963103413582, -0.957942843437], "var": [0.0075528700836, 0.00558236427605, 0.00798140373081, 0.00987396296114, 0.00423728954047, 0.00194397009909]}, "spectral_contrast_valleys": {"dmean": [0.362530708313, 0.353228986263, 0.357722073793, 0.287846416235, 0.281401544809, 0.35252648592], "dmean2": [0.584520101547, 0.566233873367, 0.564061224461, 0.441672682762, 0.394043117762, 0.471784830093], "dvar": [0.138295397162, 0.136603415012, 0.18243445456, 0.101125106215, 0.136198222637, 0.236325904727], "dvar2": [0.288082182407, 0.303154975176, 0.403124839067, 0.18359862268, 0