{"lowlevel": {"average_loudness": 0.773857712746, "barkbands_crest": {"dmean": 2.71386671066, "dmean2": 3.95729398727, "dvar": 7.7785525322, "dvar2": 16.5391387939, "max": 25.780374527, "mean": 13.209405899, "median": 12.1817455292, "min": 2.06662106514, "var": 38.705947876}, "barkbands_flatness_db": {"dmean": 0.0265379212797, "dmean2": 0.0366476066411, "dvar": 0.000973758695181, "dvar2": 0.00215254165232, "max": 0.398711323738, "mean": 0.153847500682, "median": 0.146328687668, "min": 0.0150549300015, "var": 0.00624575186521}, "barkbands_kurtosis": {"dmean": 4.39882326126, "dmean2": 6.18882799149, "dvar": 52.5921592712, "dvar2": 123.122741699, "max": 133.084655762, "mean": 8.18260574341, "median": 4.09674739838, "min": -1.85651195049, "var": 127.938644409}, "barkbands_skewness": {"dmean": 0.640314102173, "dmean2": 0.893778383732, "dvar": 0.482091009617, "dvar2": 1.10528302193, "max": 8.80839920044, "mean": 2.18553161621, "median": 1.92023515701, "min": -2.30468869209, "var": 2.86849856377}, "barkbands_spread": {"dmean": 6.23338699341, "dmean2": 9.4035615921, "dvar": 68.9462890625, "dvar2": 169.26675415, "max": 109.427444458, "mean": 24.9751262665, "median": 18.9411277771, "min": 0.678721606731, "var": 361.883544922}, "dissonance": {"dmean": 0.0168087296188, "dmean2": 0.0272698178887, "dvar": 0.000447103928309, "dvar2": 0.0011538536055, "max": 0.5, "mean": 0.467971175909, "median": 0.478367388248, "min": 0.239509388804, "var": 0.00109479425009}, "dynamic_complexity": 5.3336558342, "erbbands_crest": {"dmean": 2.52265763283, "dmean2": 3.91881489754, "dvar": 7.56192159653, "dvar2": 16.0225524902, "max": 32.3185272217, "mean": 8.12162780762, "median": 6.53278923035, "min": 2.19245743752, "var": 24.884683609}, "erbbands_flatness_db": {"dmean": 0.0143920620903, "dmean2": 0.0206324085593, "dvar": 0.00042890018085, "dvar2": 0.000807509641163, "max": 0.442050486803, "mean": 0.139244303107, "median": 0.102041736245, "min": 0.0382793359458, "var": 0.00769872730598}, "erbbands_kurtosis": {"dmean": 1.07120335102, "dmean2": 1.60623395443, "dvar": 7.93462944031, "dvar2": 16.5003108978, "max": 67.3041381836, "mean": 0.332923799753, "median": -0.590147733688, "min": -1.82677841187, "var": 14.0675172806}, "erbbands_skewness": {"dmean": 0.365491062403, "dmean2": 0.531268596649, "dvar": 0.14836217463, "dvar2": 0.327857673168, "max": 6.30532741547, "mean": 0.301387131214, "median": 0.245436102152, "min": -2.30709481239, "var": 0.795068860054}, "erbbands_spread": {"dmean": 9.35858058929, "dmean2": 14.0019702911, "dvar": 119.435218811, "dvar2": 262.718048096, "max": 141.597427368, "mean": 56.1770133972, "median": 57.3867416382, "min": 0.961212933064, "var": 817.905334473}, "hfc": {"dmean": 8.36322212219, "dmean2": 12.4556789398, "dvar": 473.758575439, "dvar2": 1183.46008301, "max": 324.266235352, "mean": 18.2711620331, "median": 10.1201276779, "min": 1.9607281132e-08, "var": 774.19708252}, "melbands_crest": {"dmean": 3.3613512516, "dmean2": 4.96752643585, "dvar": 12.6768989563, "dvar2": 29.0854282379, "max": 36.9757575989, "mean": 18.204044342, "median": 16.8872051239, "min": 1.8197016716, "var": 71.4678268433}, "melbands_flatness_db": {"dmean": 0.0318671688437, "dmean2": 0.0445505194366, "dvar": 0.00151255331002, "dvar2": 0.00344690866768, "max": 0.519313097, "mean": 0.223044961691, "median": 0.221071243286, "min": 0.00337948650122, "var": 0.00938293803483}, "melbands_kurtosis": {"dmean": 15.1383495331, "dmean2": 20.128276825, "dvar": 547.14251709, "dvar2": 980.239929199, "max": 332.76348877, "mean": 36.3856544495, "median": 14.922542572, "min": -1.40877389908, "var": 2540.53540039}, "melbands_skewness": {"dmean": 1.02057385445, "dmean2": 1.37927389145, "dvar": 1.33192408085, "dvar2": 2.5273733139, "max": 16.503282547, "mean": 4.21185207367, "median": 3.25727057457, "min": -1.87034928799, "var": 10.3395233154}, "melbands_spread": {"dmean": 6.9573559761, "dmean2": 10.8870639801, "dvar": 112.251564026, "dvar2": 281.349304199, "max": 162.949874878, "mean": 21.3037528992, "median": 12.6613960266, "min": 0.68635559082, "var": 526.617919922}, "pitch_salience": {"dmean": 0.0774198621511, "dmean2": 0.114777170122, "dvar": 0.00836934894323, "dvar2": 0.0180788710713, "max": 0.893849790096, "mean": 0.489511311054, "median": 0.528700947762, "min": 0.0556374825537, "var": 0.0358768031001}, "silence_rate_20dB": {"dmean": 0, "dmean2": 0, "dvar": 0, "dvar2": 0, "max": 1, "mean": 1, "median": 1, "min": 1, "var": 0}, "silence_rate_30dB": {"dmean": 0.0456890203059, "dmean2": 0.0913915112615, "dvar": 0.0436007976532, "dvar2": 0.0856936350465, "max": 1, "mean": 0.927645146847, "median": 1, "min": 0, "var": 0.0671225562692}, "silence_rate_60dB": {"dmean": 0.0442151799798, "dmean2": 0.0884433984756, "dvar": 0.0422585234046, "dvar2": 0.0929959490895, "max": 1, "mean": 0.254494547844, "median": 0, "min": 0, "var": 0.189732581377}, "spectral_centroid": {"dmean": 281.297576904, "dmean2": 429.134216309, "dvar": 114335.375, "dvar2": 263979.15625, "max": 11181.8925781, "mean": 1440.33337402, "median": 1320.30029297, "min": 150.502563477, "var": 606879.75}, "spectral_complexity": {"dmean": 4.13411951065, "dmean2": 5.96727609634, "dvar": 41.1964073181, "dvar2": 70.7890319824, "max": 61, "mean": 13.2872085571, "median": 9, "min": 0, "var": 146.995056152}, "spectral_decrease": {"dmean": 2.52038656612e-09, "dmean2": 2.88532686632e-09, "dvar": 1.79391834041e-17, "dvar2": 3.8498299271e-17, "max": 2.25399313654e-18, "mean": -7.73437935919e-09, "median": -3.07149572443e-09, "min": -7.09319465386e-08, "var": 9.74563551282e-17}, "spectral_energy": {"dmean": 0.00967503339052, "dmean2": 0.0108905974776, "dvar": 0.000255005812505, "dvar2": 0.000536757230293, "max": 0.27084133029, "mean": 0.0308485496789, "median": 0.0128455162048, "min": 1.75843259224e-12, "var": 0.0014973670477}, "spectral_energyband_high": {"dmean": 0.000718418159522, "dmean2": 0.00111200672109, "dvar": 4.0296458792e-06, "dvar2": 1.00879005913e-05, "max": 0.0317556299269, "mean": 0.00138323626015, "median": 0.000588959257584, "min": 1.25864357998e-12, "var": 6.09920061834e-06}, "spectral_energyband_low": {"dmean": 0.00975840259343, "dmean2": 0.0126077635214, "dvar": 0.000451942818472, "dvar2": 0.00108139705844, "max": 0.264323532581, "mean": 0.0210794508457, "median": 0.00314404349774, "min": 3.56094785549e-14, "var": 0.00115296931472}, "spectral_energyband_middle_high": {"dmean": 0.00118063308764, "dmean2": 0.00189108541235, "dvar": 7.48815909901e-06, "dvar2": 1.92676907318e-05, "max": 0.0298425164074, "mean": 0.00187359109987, "median": 0.000929187750444, "min": 2.29264036141e-13, "var": 8.62336491991e-06}, "spectral_energyband_middle_low": {"dmean": 0.00506115611643, "dmean2": 0.0080772805959, "dvar": 0.000182588235475, "dvar2": 0.000486508361064, "max": 0.102247871459, "mean": 0.00770519021899, "median": 0.00300129083917, "min": 1.41037601045e-14, "var": 0.000179882059456}, "spectral_entropy": {"dmean": 0.15868473053, "dmean2": 0.231181561947, "dvar": 0.0580005832016, "dvar2": 0.126562744379, "max": 9.80718612671, "mean": 7.80714845657, "median": 8.0419883728, "min": 5.11076641083, "var": 0.469883024693}, "spectral_flux": {"dmean": 0.0269891582429, "dmean2": 0.0356149673462, "dvar": 0.00194251036737, "dvar2": 0.00292766327038, "max": 0.44298607111, "mean": 0.0712454617023, "median": 0.0459863245487, "min": 6.75637647873e-06, "var": 0.00656333938241}, "spectral_kurtosis": {"dmean": 3.29182386398, "dmean2": 5.53817844391, "dvar": 82.932182312, "dvar2": 240.793121338, "max": 140.721618652, "mean": 6.89253330231, "median": 2.06685733795, "min": -1.1908288002, "var": 241.477005005}, "spectral_rms": {"dmean": 0.000712261185981, "dmean2": 0.000814983737655, "dvar": 8.10722212918e-07, "dvar2": 1.60225101808e-06, "max": 0.0162553209811, "mean": 0.00443645333871, "median": 0.00354008609429, "min": 4.14191276832e-08, "var": 1.04140035546e-05}, "spectral_rolloff": {"dmean": 586.323242188, "dmean2": 984.977050781, "dvar": 1413051, "dvar2": 3527969.75, "max": 19056.8847656, "mean": 1969.46923828, "median": 667.529296875, "min": 64.599609375, "var": 9377146}, "spectral_skewness": {"dmean": 0.291966378689, "dmean2": 0.471076488495, "dvar": 0.319579362869, "dvar2": 0.894213557243, "max": 8.91218566895, "mean": 1.5409924984, "median": 1.22708702087, "min": 0.0212546493858, "var": 1.26379954815}, "spectral_spread": {"dmean": 510986.6875, "dmean2": 741409.75, "dvar": 773650120704, "dvar2": 1370509541380.0, "max": 40252084, "mean": 5961599.5, "median": 6512987, "min": 498294, "var": 7626182098940.0}, "spectral_strongpeak": {"dmean": 0.216829478741, "dmean2": 0.333644241095, "dvar": 0.108780778944, "dvar2": 0.273208230734, "max": 3.71845674515, "mean": 0.514884889126, "median": 0.431743264198, "min": 0, "var": 0.17656634748}, "zerocrossingrate": {"dmean": 0.0118761369959, "dmean2": 0.0143343368545, "dvar": 0.000186722943909, "dvar2": 0.00025611044839, "max": 0.50927734375, "mean": 0.074305601418, "median": 0.049072265625, "min": 0.00537109375, "var": 0.0051992260851}, "barkbands": {"dmean": [0.0001735388214, 0.00696429144591, 0.00451670121402, 0.00213204114698, 0.00196644337848, 0.000978952157311, 0.000680222292431, 0.000242457623244, 0.000598341226578, 0.000306473666569, 0.000161471660249, 0.000145858459291, 0.000162849217304, 0.000116924937174, 0.000110390901682, 9.2088994279e-05, 0.000139959389344, 0.00011057559459, 0.00010639604443, 0.000104921644379, 0.000147466940689, 0.00013483055227, 0.000112658446596, 0.000147896076669, 9.46605068748e-05, 7.58352762205e-05, 2.78313782474e-05], "dmean2": [0.000174876025994, 0.00881867296994, 0.00736700836569, 0.00373232807033, 0.00356859900057, 0.00142585544381, 0.00106863933615, 0.000404036079999, 0.000969411747064, 0.00052211683942, 0.000275903905276, 0.00024463047157, 0.00027469964698, 0.000197691173526, 0.000179742550245, 0.000155058849487, 0.000234520295635, 0.000191103332327, 0.000178300979314, 0.000162118478329, 0.000236967738601, 0.000224085422815, 0.000174275439349, 0.00024712519371, 0.000145821060869, 0.000118444448162, 4.50222942163e-05], "dvar": [1.35891127684e-07, 0.000277637562249, 0.000234527382418, 5.57676030439e-05, 5.82614848099e-05, 7.14274801794e-06, 2.28559929383e-06, 3.17328357369e-07, 2.05426022148e-06, 4.71764536769e-07, 1.4311491725e-07, 9.34047577061e-08, 1.22527026747e-07, 7.3832232772e-08, 5.60117818793e-08, 7.18399277844e-08, 1.61311845659e-07, 9.52187448888e-08, 7.63682876936e-08, 5.85298245426e-08, 1.24899386833e-07, 1.16260522987e-07, 1.23583845379e-07, 2.30786042721e-07, 5.62585604769e-08, 7.98227617338e-08, 1.12100027039e-08], "dvar2": [1.03446708977e-07, 0.000515037216246, 0.000679951917846, 0.000160185925779, 0.000167433259776, 1.54844528879e-05, 5.09294568474e-06, 8.6983283154e-07, 4.89623243993e-06, 1.28275974021e-06, 3.8684277115e-07, 2.38704757294e-07, 3.2775730574e-07, 1.88959347724e-07, 1.42005944781e-07, 1.97537033841e-07, 4.38697867366e-07, 2.66576932972e-07, 2.05325406455e-07, 1.44139704616e-07, 3.10356995215e-07, 3.00509441331e-07, 3.08637623903e-07, 6.26606151855e-07, 1.30401147658e-07, 2.09800077755e-07, 2.98092608375e-08], "max": [0.00388667383231, 0.140701502562, 0.229298621416, 0.0880190581083, 0.0636946111917, 0.0523513071239, 0.0198077894747, 0.00734740309417, 0.0206575151533, 0.00753972539678, 0.00391414109617, 0.00315022468567, 0.00412998860702, 0.00394950527698, 0.00310142943636, 0.00427162507549, 0.00436064926907, 0.00318332458846, 0.00363600230776, 0.00251841382124, 0.0034914361313, 0.00386894005351, 0.00838764663786, 0.00862054992467, 0.0030679772608, 0.00679118186235, 0.00249364436604], "mean": [0.000486102042487, 0.0145347993821, 0.00489844754338, 0.00231320480816, 0.0017331977142, 0.00152300088666, 0.00102458184119, 0.000304982531816, 0.00075334275607, 0.000368300970877, 0.000181301147677, 0.000186470046174, 0.000196149791009, 0.000150556079461, 0.000142338816659, 0.000128494590172, 0.000165366320289, 0.000134832953336, 0.000154878478497, 0.000187002806342, 0.000235493687796, 0.000232033402426, 0.000212102968362, 0.000237138723605, 0.000191848550458, 0.000129114065203, 4.35040274169e-05], "median": [3.98042993766e-06, 0.000634112162516, 0.000212548387935, 0.000249576580245, 0.000463509641122, 0.000361200596672, 0.000400700839236, 0.000130258093122, 0.000211443781154, 0.000164452998433, 5.36404804734e-05, 5.78701401537e-05, 6.82143218e-05, 5.49098331248e-05, 5.45508119103e-05, 5.24619717908e-05, 5.50189142814e-05, 4.91177197546e-05, 5.65664595342e-05, 6.90271554049e-05, 9.47408771026e-05, 8.82479507709e-05, 9.18232253753e-05, 9.10743401619e-05, 8.29253840493e-05, 3.9967479097e-05, 3.89929846278e-06], "min": [3.59618781422e-14, 1.09600456017e-14, 2.77054789108e-16, 3.21286426097e-16, 3.86307120936e-15, 1.06338464374e-15, 3.53689470324e-15, 2.19799501747e-15, 2.57832953968e-15, 4.2033688135e-15, 1.59364031303e-14, 1.05178342639e-14, 3.76446751104e-14, 1.96033222614e-14, 1.04974122995e-14, 2.22880101284e-14, 1.95474299453e-14, 3.89694956263e-14, 3.72841338424e-14, 4.59948885348e-14, 5.38975161973e-14, 9.85270960413e-14, 1.04732805002e-13, 1.45378622877e-13, 1.75618607113e-13, 3.12864046736e-13, 3.67521307441e-13], "var": [1.03190006939e-06, 0.000754851906095, 0.000222433664021, 4.38544702774e-05, 3.51368616975e-05, 1.2094315025e-05, 3.68652490579e-06, 3.00914706486e-07, 2.98828945233e-06, 4.3527055027e-07, 1.34205990321e-07, 1.13278105118e-07, 1.32324842639e-07, 8.095229731e-08, 6.46189164399e-08, 6.41922426325e-08, 1.3798316445e-07, 7.98945549718e-08, 8.13396923149e-08, 1.00883241316e-07, 1.75960252591e-07, 1.71243030422e-07, 2.00215382051e-07, 2.35072207033e-07, 1.09937879245e-07, 1.0683265117e-07, 1.41114968599e-08]}, "erbbands": {"dmean": [0.207646340132, 1.7735877037, 4.97806072235, 5.71784734726, 7.60101509094, 6.0990896225, 4.87578105927, 9.41466426849, 9.20559692383, 8.81365966797, 6.47021865845, 14.0038928986, 9.36026000977, 8.69039821625, 5.18357801437, 6.26019096375, 7.42378854752, 5.96963310242, 4.75443458557, 6.87988901138, 5.20020055771, 7.84844732285, 6.10841464996, 5.56981468201, 5.01899576187, 5.04066419601, 5.22206115723, 6.57388734818, 5.11839580536, 3.86275982857, 3.18700861931, 3.01917910576, 2.29269361496, 1.30430006981, 0.649099349976, 0.361151278019, 0.132610291243, 0.0330576337874, 0.00480304472148, 0.000292894663289], "dmean2": [0.232687398791, 2.34969115257, 7.99877977371, 9.57541370392, 13.4783992767, 11.0874567032, 8.12062740326, 13.8245286942, 14.5509443283, 13.2482032776, 10.870174408, 22.2619724274, 16.172077179, 15.2354288101, 8.57034301758, 10.5654201508, 12.5544872284, 9.99545574188, 8.00160884857, 11.2806577682, 8.91541194916, 13.0976858139, 10.4673957825, 9.47665596008, 8.44060897827, 7.74340057373, 7.93720579147, 10.7995843887, 8.46376037598, 6.21957492828, 4.92592811584, 4.91287851334, 3.87268209457, 2.13852095604, 0.978695631027, 0.560682177544, 0.206366941333, 0.0528049059212, 0.00760584557429, 0.000480004004203], "dvar": [0.183848977089, 20.2074699402, 251.316116333, 336.219970703, 797.418579102, 535.269592285, 225.249084473, 629.972412109, 500.044403076, 478.396240234, 215.742904663, 1213.16186523, 541.094970703, 499.251434326, 100.083435059, 212.093078613, 284.104370117, 170.810058594, 109.27167511, 270.478179932, 247.674728394, 539.91394043, 296.711395264, 234.728042603, 158.382904053, 132.781463623, 134.026947021, 292.398254395, 158.187088013, 114.196632385, 83.5017776489, 111.163253784, 46.3745956421, 11.4742765427, 2.50767803192, 1.51971423626, 0.247188135982, 0.0143626052886, 0.000355561205652, 9.98838345367e-07], "dvar2": [0.21685525775, 41.3154067993, 711.72869873, 960.77722168, 2290.5925293, 1545.1583252, 591.637084961, 1317.46240234, 1150.26159668, 919.527709961, 586.295532227, 2750.81445312, 1522.1307373, 1399.19750977, 242.616333008, 561.661499023, 758.090820312, 428.50604248, 270.273986816, 712.309020996, 682.047668457, 1475.20690918, 830.785583496, 647.736450195, 429.763427734, 327.264343262, 322.304351807, 757.045776367, 410.840423584, 286.651641846, 205.084243774, 302.795043945, 125.444915771, 29.0833721161, 5.64520740509, 3.91345596313, 0.63662225008, 0.0387104488909, 0.000937717559282, 2.65716494141e-06], "max": [4.11001157761, 37.1814613342, 207.052200317, 210.387832642, 219.923126221, 200.630233765, 269.686126709, 436.166992188, 361.957550049, 491.928039551, 138.640655518, 575.066223145, 233.884155273, 260.964660645, 128.736419678, 148.411026001, 214.099090576, 146.369674683, 146.201934814, 177.225296021, 226.049835205, 237.326324463, 169.510848999, 203.453491211, 125.755767822, 111.123817444, 133.102783203, 162.800018311, 146.388305664, 220.481033325, 197.375518799, 230.183837891, 91.7552108765, 35.9405937195, 22.8202877045, 28.8817176819, 12.1802663803, 2.86042070389, 0.458866268396, 0.0211865548044], "mean": [0.514399051666, 2.89180850983, 5.59563684464, 6.88850736618, 7.17578315735, 5.71928358078, 6.15371608734, 15.0178289413, 13.5208835602, 14.0837364197, 8.30907535553, 18.2359828949, 11.2941799164, 10.1878395081, 7.10486888885, 7.74171495438, 9.24125385284, 7.73134613037, 6.52726316452, 8.9103937149, 7.11641168594, 9.41082763672, 7.68288326263, 7.75621271133, 7.71320152283, 9.07550621033, 8.87456417084, 9.70722389221, 8.47547340393, 7.3664689064, 5.83504772186, 5.14846467972, 3.57236814499, 2.3729133606, 1.27172315121, 0.617335557938, 0.226793065667, 0.0504812970757, 0.00768307223916, 0.00043436215492], "median": [0.00969013478607, 0.184629440308, 0.437514066696, 0.79218018055, 0.971184372902, 1.7698404789, 2.17512130737, 3.45411658287, 4.81101322174, 5.7600736618, 3.61646509171, 4.84103107452, 5.47088527679, 4.79510784149, 2.7634472847, 2.54447054863, 3.15829706192, 2.84228420258, 2.59720778465, 3.32468080521, 2.7998251915, 3.10482788086, 2.83456206322, 2.85070443153, 2.92518496513, 3.48321413994, 3.3642437458, 3.80304861069, 3.23625040054, 3.0604095459, 2.36288261414, 2.04823374748, 1.3792194128, 0.997385501862, 0.537533640862, 0.240836217999, 0.0527272075415, 0.0067319967784, 0.000757129280828, 6.90754823154e-05], "min": [9.01843487042e-13, 7.88052836962e-13, 5.06485586978e-13, 6.91567029337e-13, 4.63154384636e-12, 1.83837858131e-11, 7.32603474413e-12, 1.08997975576e-11, 4.7428075356e-11, 4.89134704962e-11, 5.64279491189e-11, 5.81497766605e-11, 8.20724530004e-11, 2.70868716346e-10, 6.78551492772e-10, 5.10190556469e-10, 1.88050175431e-09, 1.26957433455e-09, 5.99519878186e-10, 5.64704116801e-10, 1.37232902819e-09, 1.15427167824e-09, 1.72248626473e-09, 2.20400231399e-09, 1.65862323875e-09, 2.58752708149e-09, 2.45749776084e-09, 2.46682008154e-09, 3.66121954976e-09, 2.69990207968e-09, 3.33733241042e-09, 3.2791889204e-09, 1.95637395173e-09, 1.73443570617e-09, 1.37033284719e-09, 9.76303926592e-10, 5.9739363456e-10, 2.40233222204e-10, 4.9600368951e-11, 5.44422102886e-12], "var": [0.911454617977, 37.2155075073, 244.179519653, 315.21105957, 538.161193848, 314.357452393, 218.370162964, 1148.68029785, 748.928894043, 944.480712891, 208.246780396, 1964.81225586, 428.54977417, 380.501922607, 133.286987305, 215.340255737, 305.343109131, 195.686813354, 133.545288086, 282.596343994, 219.721008301, 450.209625244, 250.585952759, 224.843017578, 186.448944092, 231.438034058, 236.093795776, 340.180938721, 222.646179199, 200.70993042, 133.510528564, 114.209503174, 50.4510879517, 17.677028656, 5.12661600113, 2.01432728767, 0.390321969986, 0.0181609876454, 0.00046918776934, 1.07777123048e-06]}, "gfcc": {"mean": [-61.9267959595, 74.8910675049, -97.3350219727, 27.2430610657, -54.5080451965, 9.04360103607, -29.0659580231, 6.62902402878, -17.288860321, 3.12481689453, -14.2433156967, -1.14295887947, -10.0429821014], "cov": [[36906.8632812, -3841.93432617, 2561.05859375, 2281.28393555, -659.728820801, 2019.6171875, -538.652404785, 779.012939453, -837.591247559, 419.786834717, -555.13885498, 608.30291748, -193.824554443], [-3841.93432617, 4919.23779297, -1689.67358398, -759.750488281, 380.512756348, -1124.04748535, 207.465911865, -653.96875, 203.312973022, -468.155883789, 134.880187988, -458.469787598, 131.165267944], [2561.05859375, -1689.67358398, 1575.2857666, 170.793319702, -58.6873092651, 631.054626465, 29.8063163757, 457.17376709, 34.4196739197, 350.715148926, 6.44319200516, 252.269882202, -37.0213279724], [2281.28393555, -759.750488281, 170.793319702, 864.704040527, 27.0195960999, 317.885406494, -5.68228006363, 60.3280067444, -92.3706207275, 28.5045566559, -32.1549606323, 91.2860336304, 11.9113254547], [-659.728820801, 380.512756348, -58.6873092651, 27.0195960999, 463.266021729, 92.4721069336, 175.820510864, -6.04333543777, 50.2127990723, -37.1984710693, 79.6926574707, -17.3288326263, 39.6647491455], [2019.6171875, -1124.04748535, 631.054626465, 317.885406494, 92.4721069336, 621.340087891, 91.0689849854, 297.991821289, 3.18890333176, 182.894104004, 13.6500415802, 176.691833496, -7.0868396759], [-538.652404785, 207.465911865, 29.8063163757, -5.68228006363, 175.820510864, 91.0689849854, 229.900405884, 69.5871047974, 82.5246582031, 23.709066391, 61.0254096985, -2.5586745739, 18.9655952454], [779.012939453, -653.96875, 457.17376709, 60.3280067444, -6.04333543777, 297.991821289, 69.5871047974, 309.01763916, 81.8407897949, 192.873062134, 36.0659294128, 118.508781433, 3.84344434738], [-837.591247559, 203.312973022, 34.4196739197, -92.3706207275, 50.2127990723, 3.18890333176, 82.5246582031, 81.8407897949, 153.235641479, 85.8695907593, 78.7208328247, 22.3615875244, 34.2927894592], [419.786834717, -468.155883789, 350.715148926, 28.5045566559, -37.1984710693, 182.894104004, 23.709066391, 192.873062134, 85.8695907593, 215.400238037, 77.7093505859, 127.958023071, 28.4115161896], [-555.13885498, 134.880187988, 6.44319200516, -32.1549606323, 79.6926574707, 13.6500415802, 61.0254096985, 36.0659294128, 78.7208328247, 77.7093505859, 128.988128662, 67.3827209473, 63.3664894104], [608.30291748, -458.469787598, 252.269882202, 91.2860336304, -17.3288326263, 176.691833496, -2.5586745739, 118.508781433, 22.3615875244, 127.958023071, 67.3827209473, 146.556747437, 53.0773391724], [-193.824554443, 131.165267944, -37.0213279724, 11.9113254547, 39.6647491455, -7.0868396759, 18.9655952454, 3.84344434738, 34.2927894592, 28.4115161896, 63.3664894104, 53.0773391724, 89.4068145752]], "icov": [[5.27270749444e-05, -8.43158195494e-05, -3.41050872521e-05, -8.5869760369e-05, 4.51527594123e-05, -0.000134690126288, 8.14156956039e-05, -9.16130811675e-05, 0.000322282168781, -0.000125650389236, 0.00021287855634, -0.000189639496966, 6.93010297255e-05], [-8.43158195494e-05, 0.000821099383757, 0.000169268139871, 0.000298746686894, -0.000214102969039, 0.0005697189481, -0.000424780591857, 0.000585845555179, -0.00120438961312, 0.00050572026521, -0.000978852622211, 0.00190696550999, -0.00128912250511], [-3.41050872521e-05, 0.000169268139871, 0.00161436316557, 0.000296623969916, -0.000262987159658, -0.000413965142798, -0.000151973028551, -0.000476696790429, 8.65391994012e-05, -0.00143152754754, 0.00104376475792, -0.000930315814912, 0.000677525473293], [-8.5869760369e-05, 0.000298746686894, 0.000296623969916, 0.00184083846398, -7.10014355718e-05, -0.00087548349984, -0.000260498345597, 0.000791785540059, 8.17297914182e-05, -6.60599880575e-06, 8.61518856254e-05, 0.000380902114557, -0.00107996887527], [4.51527594123e-05, -0.000214102969039, -0.000262987159658, -7.10014355718e-05, 0.00432936428115, -0.00213894876651, -0.0014721857151, 0.000309842522256, 0.000534282065928, 0.00192744552623, -0.00376848736778, 0.00291300169192, -0.00135459005833], [-0.000134690126288, 0.0005697189481, -0.000413965142798, -0.00087548349984, -0.00213894876651, 0.00745273334906, -0.0022618661169, -0.00284124887548, -0.000130567248561, 0.000899382517673, 0.00253781722859, -0.0062721176073, 0.00264815916307], [8.14156956039e-05, -0.000424780591857, -0.000151973028551, -0.000260498345597, -0.0014721857151, -0.0022618661169, 0.00924862828106, -0.0024846624583, -0.00192454922944, 0.00189588044304, -0.00372019642964, 0.00388050009497, -0.000141104741488], [-9.16130811675e-05, 0.000585845555179, -0.000476696790429, 0.000791785540059, 0.000309842522256, -0.00284124887548, -0.0024846624583, 0.0135940304026, -0.00479605421424, -0.0067423870787, 0.00400943262503, -3.35473378072e-05, -0.000620537437499], [0.000322282168781, -0.00120438961312, 8.65391994012e-05, 8.17297914182e-05, 0.000534282065928, -0.000130567248561, -0.00192454922944, -0.00479605421424, 0.0198505334556, -0.0080561330542, -0.00444360310212, 0.00568511011079, -0.00242186826654], [-0.000125650389236, 0.00050572026521, -0.00143152754754, -6.60599880575e-06, 0.00192744552623, 0.000899382517673, 0.00189588044304, -0.0067423870787, -0.0080561330542, 0.0245727077127, -0.00872352626175, -0.0084557691589, 0.0039816047065], [0.00021287855634, -0.000978852622211, 0.00104376475792, 8.61518856254e-05, -0.00376848736778, 0.00253781722859, -0.00372019642964, 0.00400943262503, -0.00444360310212, -0.00872352626175, 0.0304382890463, -0.0176537055522, -0.00180801481474], [-0.000189639496966, 0.00190696550999, -0.000930315814912, 0.000380902114557, 0.00291300169192, -0.0062721176073, 0.00388050009497, -3.35473378072e-05, 0.00568511011079, -0.0084557691589, -0.0176537055522, 0.0447439998388, -0.0198002718389], [6.93010297255e-05, -0.00128912250511, 0.000677525473293, -0.00107996887527, -0.00135459005833, 0.00264815916307, -0.000141104741488, -0.000620537437499, -0.00242186826654, 0.0039816047065, -0.00180801481474, -0.0198002718389, 0.0272179171443]]}, "melbands": {"dmean": [0.00183826743159, 0.00242532300763, 0.00104250572622, 0.000502189504914, 0.000185757497093, 0.000203986128327, 0.000136200731504, 8.50981014082e-05, 6.45872787572e-05, 8.34859965835e-05, 4.81181450596e-05, 3.78995027859e-05, 2.03600393434e-05, 1.44924188135e-05, 2.12706418097e-05, 1.36204962473e-05, 1.0991909221e-05, 8.31367287901e-06, 8.62619344844e-06, 7.82116239861e-06, 6.18826516074e-06, 8.27438088891e-06, 6.62405227558e-06, 5.71204100197e-06, 4.50454217571e-06, 4.39034874944e-06, 3.51335233972e-06, 3.45937860402e-06, 3.33488401338e-06, 3.35876211466e-06, 4.3450368139e-06, 2.95445056508e-06, 2.50529387813e-06, 2.18724994738e-06, 2.01306966119e-06, 1.72660247699e-06, 1.96759765458e-06, 1.55427858317e-06, 1.56252940542e-06, 1.0793180536e-06], "dmean2": [0.00221120449714, 0.00360327679664, 0.00173498142976, 0.000904048443772, 0.000318178674206, 0.000298519589705, 0.00021442619618, 0.000128633444547, 0.000107666237454, 0.000134675137815, 8.29309865367e-05, 6.5762156737e-05, 3.40180304192e-05, 2.35288425756e-05, 3.66263593605e-05, 2.30296027439e-05, 1.84597520274e-05, 1.42665667227e-05, 1.40175316119e-05, 1.29971149363e-05, 1.06435454654e-05, 1.37937086038e-05, 1.11946965262e-05, 1.01731520772e-05, 7.67669826018e-06, 7.37942900741e-06, 5.80149207963e-06, 5.25135692442e-06, 5.10684958499e-06, 5.34071432412e-06, 7.38875860407e-06, 4.91267337566e-06, 4.07576681027e-06, 3.46438127963e-06, 3.12972974825e-06, 2.77729691334e-06, 3.22570053868e-06, 2.62684147856e-06, 2.64351933765e-06, 1.77561219061e-06], "dvar": [1.63836957654e-05, 4.53354732599e-05, 1.07364394353e-05, 3.78120421374e-06, 3.04051468447e-07, 2.88519203195e-07, 9.76250476015e-08, 4.14786072156e-08, 2.26051923846e-08, 4.08072757807e-08, 1.37003990375e-08, 8.59412452314e-09, 1.75789427459e-09, 8.62461602136e-10, 2.34391239751e-09, 7.6460293652e-10, 6.1442212429e-10, 3.5094974149e-10, 3.32170679851e-10, 3.95777577378e-10, 3.78772901932e-10, 5.63365187833e-10, 3.70087738233e-10, 2.54038151626e-10, 1.51070586596e-10, 1.26277002743e-10, 6.13045655906e-11, 6.30681479263e-11, 5.60394161631e-11, 5.76178930956e-11, 1.41755510108e-10, 5.24913376654e-11, 3.58840804293e-11, 4.91227614141e-11, 2.85287210522e-11, 3.30016153294e-11, 5.03084483794e-11, 2.04575609924e-11, 2.12761926133e-11, 6.64850509716e-12], "dvar2": [2.36551786656e-05, 0.000120380471344, 3.05286193907e-05, 1.08751719381e-05, 8.33567526115e-07, 6.0007363345e-07, 2.26903367206e-07, 8.20446999228e-08, 5.71255007742e-08, 9.61531583243e-08, 3.83448366392e-08, 2.39382664802e-08, 4.57139837096e-09, 2.12228568053e-09, 6.38779029671e-09, 1.98461935774e-09, 1.54988866186e-09, 9.1227581045e-10, 8.55289672419e-10, 1.06180619852e-09, 1.04893371766e-09, 1.52054668856e-09, 1.03222475012e-09, 7.2419303887e-10, 4.16643997081e-10, 3.42474187898e-10, 1.67918609573e-10, 1.524297355e-10, 1.33641278599e-10, 1.42025058381e-10, 3.7803912778e-10, 1.37899275332e-10, 8.95857069083e-11, 1.25979046639e-10, 6.72673861057e-11, 8.73954311698e-11, 1.39730796378e-10, 5.52742678017e-11, 5.77815538472e-11, 1.66262646012e-11], "max": [0.0355477184057, 0.0764018073678, 0.0352048464119, 0.016234382987, 0.0075626145117, 0.00954457651824, 0.00481164269149, 0.00444648694247, 0.00183440581895, 0.0031043337658, 0.00114968791604, 0.00114348821808, 0.000505756062921, 0.000310899544274, 0.000439732742961, 0.000304877554299, 0.000287217699224, 0.000301169027807, 0.000247239571763, 0.000262994202785, 0.000282304332359, 0.000253794656601, 0.000210084777791, 0.000158034454216, 0.000180668415851, 0.00010131453746, 8.48833660712e-05, 7.79267938924e-05, 9.59587705438e-05, 6.88286818331e-05, 0.000111500776256, 8.07957185316e-05, 7.06315913703e-05, 0.00017621909501, 0.000107118801679, 0.000133939523948, 0.000155815519975, 6.74089678796e-05, 5.12456099386e-05, 2.94110159302e-05], "mean": [0.00427391426638, 0.00324957631528, 0.00126735877711, 0.000457955058664, 0.000224231320317, 0.000328314868966, 0.000203552888706, 0.000133679408464, 8.06443204056e-05, 0.000106282554043, 5.60260195925e-05, 4.47374623036e-05, 2.50882858381e-05, 1.87916011782e-05, 2.44241236942e-05, 1.69747636392e-05, 1.41105365401e-05, 1.05849148895e-05, 1.10279206638e-05, 1.04410946733e-05, 8.01025908004e-06, 9.76532282948e-06, 7.84936946729e-06, 6.73789600114e-06, 6.18063540969e-06, 5.87621525483e-06, 5.61459046367e-06, 6.05217292104e-06, 5.41094004802e-06, 5.37061987416e-06, 5.79996185479e-06, 4.69883480037e-06, 4.37340031567e-06, 4.07630659538e-06, 3.48929893335e-06, 3.09688221023e-06, 3.1503216178e-06, 2.50747007158e-06, 2.13321936826e-06, 2.04639763979e-06], "median": [0.000140554329846, 0.000310927222017, 0.000138506933581, 0.000109730783151, 9.06679415493e-05, 8.03562361398e-05, 7.6538650319e-05, 5.8782119595e-05, 2.86305839836e-05, 2.93829489237e-05, 2.5182378522e-05, 2.14964693441e-05, 8.62877095642e-06, 6.47740580462e-06, 6.50079982734e-06, 6.21733579464e-06, 4.96477241541e-06, 3.91817229684e-06, 4.12417830375e-06, 3.91144976675e-06, 2.95061090583e-06, 3.04627246805e-06, 2.87407556243e-06, 2.27212308346e-06, 2.22663038585e-06, 2.06244681067e-06, 2.2921708478e-06, 2.15276486415e-06, 1.76512173766e-06, 2.24770656132e-06, 2.10483131013e-06, 1.76484513759e-06, 1.64619723364e-06, 1.71912699898e-06, 1.40535041737e-06, 1.21208438486e-06, 1.20772256196e-06, 9.57094130172e-07, 7.55968812882e-07, 9.03960312826e-07], "min": [8.40240674754e-15, 4.59210494964e-16, 1.73731089693e-16, 8.79922283684e-16, 3.94791627622e-16, 2.78962519063e-16, 7.14833285863e-16, 4.89212084318e-16, 5.02576517221e-16, 3.35560757673e-16, 4.11736309974e-16, 9.5132567883e-16, 2.3122635737e-15, 1.41799223425e-15, 1.67358686131e-15, 4.60664331727e-15, 2.10604133247e-15, 9.0329774605e-16, 8.5513058223e-16, 1.05376859633e-15, 1.69311171189e-15, 1.03029106649e-15, 1.6059186697e-15, 1.81088444343e-15, 1.81109111947e-15, 1.35408793943e-15, 9.65717509758e-16, 1.88711296176e-15, 1.6945663851e-15, 1.09643523407e-15, 1.5806039254e-15, 2.51686713497e-15, 1.28733062587e-15, 1.68898475562e-15, 2.31021671858e-15, 1.03836180817e-15, 2.52510813027e-15, 1.42665780482e-15, 1.35299410225e-15, 1.45628267627e-15], "var": [6.22950246907e-05, 5.40944929526e-05, 1.00100833151e-05, 2.32779643738e-06, 2.51492309644e-07, 5.25300379195e-07, 1.45932645523e-07, 8.05906879009e-08, 2.7541213754e-08, 6.1413992114e-08, 1.11276490244e-08, 6.86730006194e-09, 1.99263250344e-09, 1.10275544252e-09, 2.32434760328e-09, 8.78563388707e-10, 6.90368207046e-10, 3.92470861366e-10, 3.83391790537e-10, 3.88661658413e-10, 3.27163185432e-10, 4.86866269522e-10, 2.9697730386e-10, 2.07333192281e-10, 1.45157177944e-10, 1.26636007236e-10, 8.73921907063e-11, 1.09164052797e-10, 9.81024567137e-11, 8.44126227251e-11, 1.42493045141e-10, 7.03583372119e-11, 6.05028388501e-11, 8.08465100421e-11, 4.90708688961e-11, 3.98619921793e-11, 4.67486570288e-11, 2.35166105339e-11, 2.13658171017e-11, 1.1665986753e-11]}, "mfcc": {"mean": [-693.66192627, 104.297546387, 15.5084342957, 19.8565292358, 2.85710477829, 5.07523822784, 0.191235408187, 2.65713238716, 1.89431726933, 2.39802122116, 0.660172879696, 0.551012158394, -0.60700237751], "cov": [[16873.8945312, -1662.27661133, 1702.47644043, 680.544494629, 191.612472534, 691.163391113, 391.309661865, 434.373382568, 345.899383545, 227.045516968, 172.241195679, 235.543212891, 124.005455017], [-1662.27661133, 3073.2890625, -608.690124512, -200.413742065, -19.6125659943, -327.001190186, -165.729278564, -194.421981812, -92.0899963379, -57.0594177246, -64.9325027466, -105.028526306, -84.0408706665], [1702.47644043, -608.690124512, 997.51373291, -54.1606292725, 47.5028381348, 121.122909546, 82.2450180054, 122.066490173, 120.326950073, 142.860305786, 120.319000244, 129.048980713, 106.980781555], [680.544494629, -200.413742065, -54.1606292725, 505.192382812, 53.6264839172, 120.335601807, 59.2135047913, 23.0793571472, 13.1623792648, -9.73406600952, -26.0538711548, -18.0944595337, -17.7788314819], [191.612472534, -19.6125659943, 47.5028381348, 53.6264839172, 257.075195312, 137.931762695, 136.928848267, 79.7481613159, 51.6833763123, 26.7337970734, 33.8540840149, 37.1093597412, 42.133441925], [691.163391113, -327.001190186, 121.122909546, 120.335601807, 137.931762695, 258.169189453, 167.84777832, 131.988677979, 66.7890319824, 35.4119186401, 29.5729827881, 41.94871521, 45.7296943665], [391.309661865, -165.729278564, 82.2450180054, 59.2135047913, 136.928848267, 167.84777832, 220.52381897, 136.286178589, 79.6107940674, 57.5124397278, 48.6744651794, 53.0661010742, 51.1979637146], [434.373382568, -194.421981812, 122.066490173, 23.0793571472, 79.7481613159, 131.988677979, 136.286178589, 156.676071167, 89.1921615601, 68.7374420166, 53.7802810669, 50.239276886, 42.0652008057], [345.899383545, -92.0899963379, 120.326950073, 13.1623792648, 51.6833763123, 66.7890319824, 79.6107940674, 89.1921615601, 106.704032898, 84.7633285522, 61.8730163574, 50.1225738525, 38.1480636597], [227.045516968, -57.0594177246, 142.860305786, -9.73406600952, 26.7337970734, 35.4119186401, 57.5124397278, 68.7374420166, 84.7633285522, 112.885124207, 79.7288208008, 62.2434005737, 44.322555542], [172.241195679, -64.9325027466, 120.319000244, -26.0538711548, 33.8540840149, 29.5729827881, 48.6744651794, 53.7802810669, 61.8730163574, 79.7288208008, 96.4845428467, 76.036567688, 52.5777549744], [235.543212891, -105.028526306, 129.048980713, -18.0944595337, 37.1093597412, 41.94871521, 53.0661010742, 50.239276886, 50.1225738525, 62.2434005737, 76.036567688, 97.1276168823, 71.9930877686], [124.005455017, -84.0408706665, 106.980781555, -17.7788314819, 42.133441925, 45.7296943665, 51.1979637146, 42.0652008057, 38.1480636597, 44.322555542, 52.5777549744, 71.9930877686, 95.077911377]], "icov": [[8.40303182486e-05, -6.32654746369e-06, -0.000139305426273, -9.54875067691e-05, 6.61307494738e-05, -0.00014220639423, 2.21690097533e-05, -2.29886118177e-05, -0.000183420794201, 0.000165348596056, 4.69375409011e-05, -0.00017972860951, 0.000167673177202], [-6.32654746369e-06, 0.000445704819867, 0.000240362292971, 0.000120889468235, -0.000349326030118, 0.000540622975677, -8.01892310847e-05, 0.000256908970186, -1.72702057171e-05, -0.000429984822404, 7.41255062167e-05, 0.000296956626698, -7.98068285803e-05], [-0.000139305426273, 0.000240362292971, 0.00172491243575, 0.000413253030274, -0.000161651943927, -0.000229376193602, 0.000572825840209, -4.6614499297e-05, 0.00010888712859, -0.00163850630634, 0.000225714786211, -0.000459462113213, -0.000632085546385], [-9.54875067691e-05, 0.000120889468235, 0.000413253030274, 0.00258442293853, -9.81757912086e-05, -0.00145706115291, -0.000168198923348, 0.00127960206009, -0.000475335866213, -0.000782359275036, 0.000949395936914, -2.70657255896e-05, 0.000569337513298], [6.61307494738e-05, -0.000349326030118, -0.000161651943927, -9.81757912086e-05, 0.0067650382407, -0.00250002997927, -0.00298343878239, 0.00144299573731, -0.00180070765782, 0.00245205173269, -0.00188371387776, 0.000442269636551, -0.000772621890064], [-0.00014220639423, 0.000540622975677, -0.000229376193602, -0.00145706115291, -0.00250002997927, 0.0119012044743, -0.00381050561555, -0.00519821792841, 0.000543656817172, 0.00175939919427, 0.00152391300071, 0.000129524167278, -0.0015946488129], [2.21690097533e-05, -8.01892310847e-05, 0.000572825840209, -0.000168198923348, -0.00298343878239, -0.00381050561555, 0.0141751375049, -0.0072590704076, -1.30235612232e-05, -0.0011728995014, 0.000740118557587, -0.00125386146829, -0.000950270798057], [-2.29886118177e-05, 0.000256908970186, -4.6614499297e-05, 0.00127960206009, 0.00144299573731, -0.00519821792841, -0.0072590704076, 0.0226045306772, -0.0100946975872, -0.000774182961322, -0.000836474995594, 0.000179521914106, 0.00105535413604], [-0.000183420794201, -1.72702057171e-05, 0.00010888712859, -0.000475335866213, -0.00180070765782, 0.000543656817172, -1.30235612232e-05, -0.0100946975872, 0.0337519571185, -0.0187295600772, -0.00103198713623, 0.00156836002134, -0.000405734026572], [0.000165348596056, -0.000429984822404, -0.00163850630634, -0.000782359275036, 0.00245205173269, 0.00175939919427, -0.0011728995014, -0.000774182961322, -0.0187295600772, 0.036560177803, -0.0179866105318, 0.000936735363211, -0.000148322273162], [4.69375409011e-05, 7.41255062167e-05, 0.000225714786211, 0.000949395936914, -0.00188371387776, 0.00152391300071, 0.000740118557587, -0.000836474995594, -0.00103198713623, -0.0179866105318, 0.0438496135175, -0.0248086042702, 0.00333651457913], [-0.00017972860951, 0.000296956626698, -0.000459462113213, -2.70657255896e-05, 0.000442269636551, 0.000129524167278, -0.00125386146829, 0.000179521914106, 0.00156836002134, 0.000936735363211, -0.0248086042702, 0.0448107756674, -0.0199313536286], [0.000167673177202, -7.98068285803e-05, -0.000632085546385, 0.000569337513298, -0.000772621890064, -0.0015946488129, -0.000950270798057, 0.00105535413604, -0.000405734026572, -0.000148322273162, 0.00333651457913, -0.0199313536286, 0.0256791859865]]}, "spectral_contrast_coeffs": {"dmean": [0.0481854267418, 0.0458205938339, 0.0372512191534, 0.0258285682648, 0.0158121362329, 0.015918686986], "dmean2": [0.0747245848179, 0.0725777447224, 0.0606779567897, 0.0445471592247, 0.0271323081106, 0.0262451823801], "dvar": [0.00205552717671, 0.00153469108045, 0.000927044253331, 0.000452267529909, 0.000163892007549, 0.000251034653047], "dvar2": [0.00493580382317, 0.00379068031907, 0.00242907344364, 0.00126059760805, 0.000451572937891, 0.000651694950648], "max": [-0.314008563757, -0.491090029478, -0.615636944771, -0.680037736893, -0.708699584007, -0.643724441528], "mean": [-0.643234014511, -0.730731785297, -0.798346817493, -0.837178647518, -0.831989467144, -0.779183745384], "median": [-0.645362377167, -0.730770349503, -0.803792476654, -0.839415252209, -0.831901073456, -0.780600726604], "min": [-0.965528249741, -0.965056538582, -0.973972082138, -0.967576444149, -0.959123969078, -0.958566725254], "var": [0.0111821265891, 0.0055070198141, 0.00336811225861, 0.00126358878333, 0.000808447599411, 0.00250960770063]}, "spectral_contrast_valleys": {"dmean": [0.377927392721, 0.390969455242, 0.381518095732, 0.325745403767, 0.283095806837, 0.289741128683], "dmean2": [0.603467285633, 0.630268335342, 0.596707046032, 0.511300086975, 0.423585683107, 0.410499334335], "dvar": [0.155522122979, 0.193827301264, 0.181989565492, 0.170351698995, 0.187210276723, 0.242905452847], "dvar2": [0.319507569075, 0.434756666422, 0.361942499876, 0.314935266972, 0.324039936066, 0.454318135977], "max": [-5.74353456497, -4.44543886185, -5.30254602432, -5.65785694122, -5.50336790085, -7.35742950439], "mean