{"lowlevel": {"average_loudness": 0.835362017155, "barkbands_crest": {"dmean": 1.82106184959, "dmean2": 2.95013403893, "dvar": 6.48926258087, "dvar2": 16.0287780762, "max": 26.9895896912, "mean": 17.3612060547, "median": 18.9699115753, "min": 1.95527982712, "var": 33.7171058655}, "barkbands_flatness_db": {"dmean": 0.0284415725619, "dmean2": 0.0434699356556, "dvar": 0.00110230268911, "dvar2": 0.00258009065874, "max": 0.637482643127, "mean": 0.234828308225, "median": 0.253102600574, "min": 0.0191630143672, "var": 0.00656779389828}, "barkbands_kurtosis": {"dmean": 13.9401493073, "dmean2": 21.2742233276, "dvar": 4564.92089844, "dvar2": 8691.91308594, "max": 8068.18066406, "mean": 38.4077148438, "median": 25.9575824738, "min": -1.94889998436, "var": 17165.2851562}, "barkbands_skewness": {"dmean": 0.906336307526, "dmean2": 1.36951112747, "dvar": 1.43588840961, "dvar2": 3.09823513031, "max": 84.7770004272, "mean": 4.43354272842, "median": 4.56681442261, "min": -14.9052772522, "var": 9.6069316864}, "barkbands_spread": {"dmean": 3.06015181541, "dmean2": 4.78916072845, "dvar": 24.8162345886, "dvar2": 61.1111030579, "max": 143.489273071, "mean": 8.03365039825, "median": 4.6063747406, "min": 0.0417286455631, "var": 78.9609375}, "dissonance": {"dmean": 0.0262095630169, "dmean2": 0.0437367260456, "dvar": 0.000735041918233, "dvar2": 0.00199169758707, "max": 0.5, "mean": 0.442027509212, "median": 0.457056552172, "min": 0.0484761223197, "var": 0.00271721091121}, "dynamic_complexity": 3.19565677643, "erbbands_crest": {"dmean": 2.5018787384, "dmean2": 3.98954916, "dvar": 6.13717508316, "dvar2": 14.7349729538, "max": 34.0895233154, "mean": 10.0994882584, "median": 9.00887203217, "min": 2.16383457184, "var": 22.8106708527}, "erbbands_flatness_db": {"dmean": 0.0198837835342, "dmean2": 0.0304104592651, "dvar": 0.000537676271051, "dvar2": 0.00132171052974, "max": 0.542913079262, "mean": 0.154589235783, "median": 0.139508426189, "min": 0.0372218340635, "var": 0.00443311501294}, "erbbands_kurtosis": {"dmean": 1.38186681271, "dmean2": 2.07649350166, "dvar": 61.6975212097, "dvar2": 115.69997406, "max": 564.018859863, "mean": 2.22794675827, "median": -0.138796567917, "min": -1.76854288578, "var": 420.826782227}, "erbbands_skewness": {"dmean": 0.366375595331, "dmean2": 0.563884735107, "dvar": 0.15462012589, "dvar2": 0.339383423328, "max": 16.9774188995, "mean": 0.566476404667, "median": 0.46037209034, "min": -2.38785648346, "var": 1.13658607006}, "erbbands_spread": {"dmean": 8.55671024323, "dmean2": 13.4779453278, "dvar": 105.400733948, "dvar2": 259.195648193, "max": 160.923736572, "mean": 43.8526382446, "median": 46.0223999023, "min": 0.324944198132, "var": 470.966674805}, "hfc": {"dmean": 5.69252967834, "dmean2": 9.14573764801, "dvar": 147.227981567, "dvar2": 357.20904541, "max": 113.171936035, "mean": 14.5724115372, "median": 12.4433221817, "min": 7.07524421273e-08, "var": 196.847412109}, "melbands_crest": {"dmean": 1.89624559879, "dmean2": 3.06240868568, "dvar": 6.45358800888, "dvar2": 15.4303750992, "max": 31.8899059296, "mean": 20.948846817, "median": 22.1953639984, "min": 2.09068703651, "var": 42.7700500488}, "melbands_flatness_db": {"dmean": 0.0317697152495, "dmean2": 0.048555534333, "dvar": 0.00148694985546, "dvar2": 0.00345380860381, "max": 0.755602002144, "mean": 0.331947654486, "median": 0.360175341368, "min": 0.00790251977742, "var": 0.0101354168728}, "melbands_kurtosis": {"dmean": 20.5489196777, "dmean2": 31.3353385925, "dvar": 614.983825684, "dvar2": 1398.65686035, "max": 384.760742188, "mean": 67.5082778931, "median": 56.861164093, "min": -1.65030813217, "var": 3652.57397461}, "melbands_skewness": {"dmean": 0.960144102573, "dmean2": 1.44704914093, "dvar": 0.889807224274, "dvar2": 1.99392950535, "max": 15.8804426193, "mean": 5.66412830353, "median": 6.28785181046, "min": -4.46087741852, "var": 11.221282959}, "melbands_spread": {"dmean": 2.65335488319, "dmean2": 4.16848421097, "dvar": 27.330291748, "dvar2": 65.988067627, "max": 175.133789062, "mean": 7.56806087494, "median": 3.19618201256, "min": 0.24683944881, "var": 107.067054749}, "pitch_salience": {"dmean": 0.0625952482224, "dmean2": 0.103309236467, "dvar": 0.00668252306059, "dvar2": 0.0167145263404, "max": 0.856893062592, "mean": 0.340154975653, "median": 0.258949548006, "min": 0.0146085424349, "var": 0.0248367711902}, "silence_rate_20dB": {"dmean": 0, "dmean2": 0, "dvar": 0, "dvar2": 0, "max": 1, "mean": 1, "median": 1, "min": 1, "var": 0}, "silence_rate_30dB": {"dmean": 0.0615231730044, "dmean2": 0.123051904142, "dvar": 0.0577372610569, "dvar2": 0.133565530181, "max": 1, "mean": 0.563665926456, "median": 1, "min": 0, "var": 0.245959341526}, "silence_rate_60dB": {"dmean": 0.0252055283636, "dmean2": 0.0503681637347, "dvar": 0.0245744362473, "dvar2": 0.0560755245388, "max": 1, "mean": 0.0946745574474, "median": 0, "min": 0, "var": 0.0857164189219}, "spectral_centroid": {"dmean": 167.821685791, "dmean2": 266.88104248, "dvar": 51414.9960938, "dvar2": 127620.804688, "max": 4177.88378906, "mean": 699.487792969, "median": 563.289794922, "min": 166.483444214, "var": 180325.21875}, "spectral_complexity": {"dmean": 3.40374016762, "dmean2": 5.28838586807, "dvar": 33.2309799194, "dvar2": 66.8526000977, "max": 59, "mean": 11.1724557877, "median": 9, "min": 0, "var": 66.2636947632}, "spectral_decrease": {"dmean": 3.30874483367e-09, "dmean2": 5.68460389871e-09, "dvar": 6.74935638532e-17, "dvar2": 1.79520573123e-16, "max": 6.36198188111e-16, "mean": -2.09920205663e-08, "median": -2.38384192386e-08, "min": -1.02738837882e-07, "var": 2.40896673125e-16}, "spectral_energy": {"dmean": 0.0128487264737, "dmean2": 0.0219968222082, "dvar": 0.00100393721368, "dvar2": 0.00266535487026, "max": 0.393611490726, "mean": 0.0805505514145, "median": 0.0913657620549, "min": 5.96620365959e-12, "var": 0.00352199468762}, "spectral_energyband_high": {"dmean": 0.000386698491639, "dmean2": 0.000625539454632, "dvar": 9.46864304296e-07, "dvar2": 2.35426864492e-06, "max": 0.00937275122851, "mean": 0.000412304856582, "median": 8.95556513569e-05, "min": 3.75976159928e-12, "var": 9.84507892099e-07}, "spectral_energyband_low": {"dmean": 0.00938996020705, "dmean2": 0.0163942836225, "dvar": 0.000561178603675, "dvar2": 0.00150964886416, "max": 0.334876775742, "mean": 0.0704947188497, "median": 0.0807915255427, "min": 1.81370055693e-13, "var": 0.0030286621768}, "spectral_energyband_middle_high": {"dmean": 0.00115438597277, "dmean2": 0.00171829981264, "dvar": 3.78610411644e-06, "dvar2": 8.12748203316e-06, "max": 0.0255325883627, "mean": 0.00228104158305, "median": 0.00143266189843, "min": 8.92283805436e-13, "var": 6.86345765644e-06}, "spectral_energyband_middle_low": {"dmean": 0.00589074380696, "dmean2": 0.0102876042947, "dvar": 0.000255841674516, "dvar2": 0.00071079574991, "max": 0.141364708543, "mean": 0.00887443777174, "median": 0.00585062289611, "min": 4.40666763062e-13, "var": 0.000183916359674}, "spectral_entropy": {"dmean": 0.260643035173, "dmean2": 0.416484922171, "dvar": 0.104253672063, "dvar2": 0.266327321529, "max": 9.08256530762, "mean": 7.1041932106, "median": 7.16527462006, "min": 2.48297834396, "var": 0.501560628414}, "spectral_flux": {"dmean": 0.0261411629617, "dmean2": 0.0397614426911, "dvar": 0.00247188936919, "dvar2": 0.00465060677379, "max": 0.506090641022, "mean": 0.0620433688164, "median": 0.0402235835791, "min": 3.21091138176e-05, "var": 0.00440832832828}, "spectral_kurtosis": {"dmean": 2.84065675735, "dmean2": 4.67991018295, "dvar": 36.8745346069, "dvar2": 93.9427185059, "max": 150.838104248, "mean": 8.20384979248, "median": 5.01796627045, "min": -0.212781429291, "var": 156.267883301}, "spectral_rms": {"dmean": 0.000676181807648, "dmean2": 0.00110848492477, "dvar": 1.89892728031e-06, "dvar2": 4.76649802295e-06, "max": 0.0195962041616, "mean": 0.00788601022214, "median": 0.00944125652313, "min": 7.6293424911e-08, "var": 1.63967542903e-05}, "spectral_rolloff": {"dmean": 152.320617676, "dmean2": 262.806121826, "dvar": 335344.28125, "dvar2": 846086.5625, "max": 19853.6132812, "mean": 547.005126953, "median": 129.19921875, "min": 64.599609375, "var": 1915948.125}, "spectral_skewness": {"dmean": 0.32760605216, "dmean2": 0.53844666481, "dvar": 0.22045622766, "dvar2": 0.571416914463, "max": 10.7748022079, "mean": 2.08812880516, "median": 1.83143186569, "min": 0.470095723867, "var": 1.20748758316}, "spectral_spread": {"dmean": 574720.5, "dmean2": 888432.25, "dvar": 542142038016, "dvar2": 1266685181950.0, "max": 19457564, "mean": 4751770, "median": 4642519.5, "min": 565566.4375, "var": 2164669284350.0}, "spectral_strongpeak": {"dmean": 0.1866312325, "dmean2": 0.315059483051, "dvar": 0.124041840434, "dvar2": 0.308886647224, "max": 5.92894601822, "mean": 0.953043997288, "median": 0.961164951324, "min": 0, "var": 0.203160479665}, "zerocrossingrate": {"dmean": 0.00514036323875, "dmean2": 0.00633964966983, "dvar": 6.61438971292e-05, "dvar2": 8.08083059383e-05, "max": 0.828125, "mean": 0.0265979301184, "median": 0.01416015625, "min": 0.00244140625, "var": 0.00196164031513}, "barkbands": {"dmean": [0.000139305091579, 0.00725502008572, 0.00320799625479, 0.00260882964358, 0.00230606016703, 0.000616246950813, 0.000556476879865, 0.000486494740471, 0.000259409018327, 0.00013725059398, 0.000408690160839, 0.000396624527639, 9.65146173257e-05, 0.000143468569149, 0.000159753806656, 8.75605401234e-05, 9.82178462436e-05, 6.36089462205e-05, 8.18133557914e-05, 7.75838707341e-05, 0.000108792861283, 6.89043081366e-05, 5.83576656936e-05, 5.61553824809e-05, 3.44488071278e-05, 3.86698775401e-05, 4.73451609651e-06], "dmean2": [0.000258898216998, 0.012712023221, 0.00573967536911, 0.00480387778953, 0.00399121735245, 0.000947346386965, 0.00087598990649, 0.000808594049886, 0.000396446586819, 0.000215014311834, 0.000581871194299, 0.000597265257966, 0.00015889617498, 0.000238077525864, 0.00027372999466, 0.000144199802889, 0.000170546933077, 0.000106534258521, 0.000142043572851, 0.000129848442157, 0.00018535250274, 0.000114840760943, 9.67052692431e-05, 9.71744811977e-05, 5.80408486712e-05, 6.32698938716e-05, 7.51349989514e-06], "dvar": [5.84575502671e-07, 0.000365043815691, 6.35334872641e-05, 8.49546413519e-05, 3.10059404001e-05, 1.76867717983e-06, 1.99540340873e-06, 1.32789909912e-06, 3.15643376325e-07, 1.12598911528e-07, 6.78242486174e-07, 1.1523802641e-06, 5.02355774756e-08, 5.91021986907e-08, 1.09110708024e-07, 2.74373732623e-08, 3.11834469358e-08, 1.44946321612e-08, 4.53496582509e-08, 4.18869099406e-08, 8.46439220936e-08, 3.03937710555e-08, 2.41692994507e-08, 2.87771104723e-08, 1.0585753607e-08, 1.39851126235e-08, 1.35971692239e-10], "dvar2": [1.73330204234e-06, 0.000998843461275, 0.000181271738256, 0.000241915186052, 8.44730457175e-05, 4.33152854384e-06, 5.26003441337e-06, 3.60656872544e-06, 7.30174235741e-07, 2.41193902184e-07, 1.30734554205e-06, 2.54980000136e-06, 1.2109487102e-07, 1.49781371306e-07, 3.06012822193e-07, 6.64045600729e-08, 8.67714149422e-08, 3.48466642208e-08, 1.19908648344e-07, 1.04435422088e-07, 2.16880778225e-07, 7.62390115483e-08, 6.12194881455e-08, 7.80307942705e-08, 2.90622583776e-08, 3.76203637131e-08, 3.54951568138e-10], "max": [0.0199522525072, 0.293023794889, 0.153112769127, 0.0907935351133, 0.0629317834973, 0.0191867463291, 0.0302926972508, 0.0200115740299, 0.0105841495097, 0.00630184868351, 0.0178100951016, 0.0201648045331, 0.006382050924, 0.00401315791532, 0.00574985519052, 0.00269262422808, 0.00263751670718, 0.00166779931169, 0.00211230968125, 0.0028440116439, 0.00343036092818, 0.00194086681586, 0.0020764132496, 0.00200672424398, 0.00117645517457, 0.00133928284049, 0.000170283747138], "mean": [0.000195761938812, 0.0551227256656, 0.013711812906, 0.0029372589197, 0.00290264608338, 0.000909029564355, 0.00089066918008, 0.000719240983017, 0.000407850486226, 0.000177868932951, 0.00063641340239, 0.000569656607695, 0.000118717420264, 0.000178431029781, 0.00018967530923, 0.000108686734166, 0.000139461102663, 8.688444359e-05, 9.22227482079e-05, 8.31129946164e-05, 0.000105932071165, 7.40329487599e-05, 5.95843812334e-05, 4.98854715261e-05, 4.05837563449e-05, 3.48196736013e-05, 6.71365387461e-06], "median": [5.22977006767e-06, 0.054742179811, 0.00864064879715, 0.00102332560346, 0.00133727886714, 0.000161801202921, 0.000354814750608, 0.000353243231075, 0.000102158621303, 3.63165090675e-05, 0.000220633111894, 0.000212704777368, 3.93930567952e-05, 6.64045437588e-05, 4.25537764386e-05, 3.80918318115e-05, 6.41555743641e-05, 3.89781525882e-05, 3.30963812303e-05, 2.22608232434e-05, 1.98447396542e-05, 1.78618283826e-05, 1.36332355396e-05, 7.86798773333e-06, 1.07533860501e-05, 3.55001520802e-06, 3.79899938707e-06], "min": [1.33514225609e-13, 5.36746821577e-14, 2.64557341014e-14, 2.12166862448e-14, 1.47925034309e-13, 2.72441134052e-14, 5.58440758371e-14, 7.07729366648e-14, 2.6326153307e-14, 8.35476842874e-14, 1.01750815347e-13, 7.26396617553e-14, 1.90917011475e-13, 7.78723263715e-14, 3.68890708995e-14, 4.88339701793e-14, 1.10547381253e-13, 7.63850178313e-14, 6.70062014771e-14, 6.40094531199e-14, 9.31803530277e-14, 2.26883426326e-13, 1.9032037502e-13, 1.8749104103e-13, 2.95107634076e-13, 5.37821035537e-13, 2.33457242253e-12], "var": [3.83443904184e-07, 0.00250756717287, 0.000253527803579, 5.45718321519e-05, 2.6823619919e-05, 3.28414625983e-06, 2.56060502579e-06, 1.34803383389e-06, 6.48407024073e-07, 2.14856541447e-07, 1.32748289161e-06, 1.51572987761e-06, 6.36752375271e-08, 8.00254156275e-08, 1.30648899699e-07, 3.55786013984e-08, 4.1205474588e-08, 1.95180120954e-08, 3.87148659797e-08, 4.25996269371e-08, 7.80124693733e-08, 3.18511865771e-08, 2.32842811698e-08, 2.21259384148e-08, 8.67378435743e-09, 1.10809343923e-08, 1.31223518163e-10]}, "erbbands": {"dmean": [0.138368606567, 1.88430821896, 3.86368560791, 5.83660316467, 8.17714214325, 8.02656173706, 7.35916137695, 4.94348049164, 4.34348773956, 13.8388938904, 9.21179199219, 5.41248130798, 5.88299798965, 6.35738611221, 15.5452136993, 14.4044151306, 4.18089771271, 8.04457950592, 4.28592920303, 10.0679569244, 5.13107395172, 5.08923625946, 3.35246276855, 4.07357692719, 4.24009037018, 3.37740015984, 3.89140677452, 4.48929357529, 2.40884923935, 1.90748536587, 1.51744365692, 1.44793283939, 0.681988120079, 0.374641060829, 0.258174151182, 0.217407077551, 0.0583277009428, 0.00726890284568, 0.000785589683801, 5.01243121107e-05], "dmean2": [0.234081268311, 3.32004261017, 6.855219841, 10.6257572174, 14.6370000839, 13.7042427063, 13.096824646, 7.28133916855, 6.77575445175, 22.1838665009, 14.9773693085, 8.35267543793, 8.71843624115, 9.21446323395, 22.2714557648, 21.7185077667, 6.82058382034, 13.2741718292, 6.9511013031, 17.4235744476, 8.44413566589, 8.86444091797, 5.58562088013, 7.0356593132, 7.39622783661, 5.62070322037, 6.48006153107, 7.7297039032, 3.96448087692, 3.13491630554, 2.52548837662, 2.51714682579, 1.16147565842, 0.635323345661, 0.434055358171, 0.35472792387, 0.0964828506112, 0.0120175071061, 0.00123263092246, 8.03856964922e-05], "dvar": [0.158414900303, 23.5155658722, 76.9247131348, 404.601226807, 556.401733398, 288.78717041, 437.162841797, 109.542312622, 105.453132629, 1349.51611328, 395.528900146, 149.445877075, 155.952667236, 154.125091553, 852.205444336, 1727.79711914, 111.480857849, 186.768875122, 113.34790802, 488.833312988, 99.7172164917, 91.5433273315, 42.7578582764, 104.388336182, 123.759620667, 75.5452194214, 111.416931152, 143.08354187, 35.8636856079, 23.19672966, 16.8777503967, 19.6075496674, 3.88041234016, 1.35364794731, 0.564566910267, 0.453358352184, 0.0310613922775, 0.00037805136526, 3.51305334334e-06, 1.23527144069e-08], "dvar2": [0.400241047144, 65.1880569458, 218.749023438, 1147.48706055, 1524.28979492, 797.695800781, 1245.62536621, 240.180282593, 261.880279541, 3680.81860352, 1027.7755127, 358.75994873, 308.623291016, 303.46206665, 1738.70629883, 3911.44482422, 267.283203125, 475.771209717, 288.731567383, 1405.96435547, 245.359405518, 260.654907227, 100.214752197, 280.584594727, 328.322143555, 185.407714844, 269.302276611, 373.742126465, 87.8428421021, 57.3330726624, 42.0229148865, 53.5289115906, 10.1857671738, 3.7447218895, 1.53004407883, 1.22747695446, 0.083124101162, 0.00100556691177, 9.07654157345e-06, 3.16403081513e-08], "max": [7.85512971878, 73.3903503418, 156.783309937, 215.089492798, 239.833938599, 296.355834961, 196.822555542, 191.688919067, 197.90586853, 920.540405273, 542.506408691, 239.557525635, 254.439834595, 265.81362915, 519.232543945, 935.306762695, 323.709716797, 216.696655273, 359.282928467, 397.019714355, 181.526397705, 162.232177734, 96.7900390625, 112.621177673, 97.5820007324, 118.224868774, 150.403961182, 109.53212738, 62.0158882141, 90.1873321533, 66.2626571655, 58.2946891785, 24.257900238, 15.5535545349, 8.24913597107, 8.34402370453, 1.56837916374, 0.245774999261, 0.0266605615616, 0.00148386030924], "mean": [1.04907369614, 13.9580621719, 21.8203659058, 10.5313119888, 9.39380073547, 10.7195301056, 7.48044538498, 8.06880187988, 6.65373897552, 21.9568157196, 14.8679208755, 8.72563648224, 9.58250617981, 10.2298803329, 25.9570159912, 21.164899826, 5.71929645538, 10.6522827148, 5.56541395187, 12.1304664612, 7.14993429184, 7.39844560623, 4.78909301758, 4.8093957901, 4.7194890976, 3.70129489899, 4.01373195648, 4.28193330765, 2.63772106171, 2.1574780941, 1.52825784683, 1.23310720921, 0.655988752842, 0.392016768456, 0.318177521229, 0.214518263936, 0.0503278709948, 0.00772753544152, 0.00123140052892, 0.000140339281643], "median": [0.329854041338, 14.8270721436, 17.5142250061, 8.49280261993, 4.37573862076, 4.42835617065, 2.46542978287, 1.33752572536, 2.31271314621, 10.0157794952, 7.00182008743, 2.63092398643, 2.60475969315, 4.42512083054, 13.0162343979, 7.88602113724, 2.57946157455, 4.17237997055, 1.96342730522, 2.25371432304, 3.35990715027, 3.27098107338, 2.2246234417, 1.93917250633, 1.71572875977, 1.05096423626, 0.796148300171, 0.748253047466, 0.608927965164, 0.629683673382, 0.309243768454, 0.162528306246, 0.123067125678, 0.091339558363, 0.0840656086802, 0.0250063687563, 0.00585507461801, 0.00296820048243, 0.000740323332138, 0.000132777029648], "min": [1.78034377605e-12, 1.29845179747e-11, 2.4058543352e-11, 8.58660087477e-11, 2.00898492286e-10, 6.23724627502e-10, 4.98179497654e-10, 2.62233207371e-10, 4.64533356226e-10, 2.2426194235e-09, 1.91725568754e-09, 7.39085126433e-10, 1.41025036093e-09, 3.87645471278e-09, 3.22360005356e-09, 3.61480378963e-09, 7.1736572238e-09, 7.25480608921e-09, 1.97791716339e-09, 2.29712604494e-09, 3.68667274486e-09, 5.29594545995e-09, 4.21225054836e-09, 4.05247702062e-09, 3.29298988078e-09, 2.44020559315e-09, 3.82065667992e-09, 4.33286029278e-09, 8.55338289085e-09, 5.35402300272e-09, 6.16416295784e-09, 3.72737973819e-09, 3.19726689568e-09, 4.27422808258e-09, 1.6736023678e-09, 1.28818589129e-09, 1.15562681646e-09, 4.60210120012e-10, 2.44352982293e-10, 5.06388993238e-11], "var": [1.86619436741, 148.251052856, 422.702026367, 289.672790527, 401.732269287, 340.956420898, 300.138000488, 281.658660889, 151.409408569, 1502.2824707, 538.780273438, 275.812286377, 397.764312744, 283.010681152, 1532.90649414, 2219.29882812, 139.136993408, 273.42578125, 140.964553833, 595.14855957, 127.320541382, 123.152053833, 59.5198783875, 89.2187652588, 103.898574829, 80.1702270508, 119.337661743, 125.579986572, 40.0284461975, 25.3390731812, 16.5126132965, 14.622179985, 3.32492613792, 1.02276706696, 0.490760803223, 0.368485271931, 0.0241073314101, 0.000308912131004, 3.62255218533e-06, 1.63098086148e-08]}, "gfcc": {"mean": [-32.2296333313, 99.4191665649, -80.0876159668, 23.3181972504, -37.1808776855, 16.2843151093, -21.8656864166, 9.20199966431, -18.3819084167, 0.996610820293, -13.2734384537, 1.96717453003, -12.6816148758], "cov": [[10199.8574219, -193.590820312, 366.087188721, 2199.82324219, 390.259002686, 1059.26708984, 559.349365234, 450.774536133, -49.7413063049, 175.687240601, -267.453430176, 75.9184341431, -274.753814697], [-193.590820312, 882.393554688, 263.565917969, 172.49005127, 333.454528809, 49.5069351196, 173.179702759, 44.069519043, 128.666213989, -67.6034164429, 114.665023804, -83.8214187622, 43.2767906189], [366.087188721, 263.565917969, 762.980651855, 392.012878418, 195.149612427, 164.019439697, 136.221084595, 119.677734375, 63.4187889099, 15.1847238541, 21.1457462311, -22.754404068, -19.8670310974], [2199.82324219, 172.49005127, 392.012878418, 1419.71228027, 636.502929688, 494.888793945, 281.914337158, 209.469650269, 114.994140625, -15.8990793228, -36.7424697876, -139.034423828, -124.564704895], [390.259002686, 333.454528809, 195.149612427, 636.502929688, 728.70904541, 328.219543457, 189.710449219, 118.370300293, 138.437194824, -22.9456291199, 32.3415222168, -100.991722107, -73.8815917969], [1059.26708984, 49.5069351196, 164.019439697, 494.888793945, 328.219543457, 365.133148193, 196.366073608, 135.736923218, 54.2052764893, 16.2490367889, -6.70279026031, -22.7521896362, -67.4736633301], [559.349365234, 173.179702759, 136.221084595, 281.914337158, 189.710449219, 196.366073608, 271.545776367, 112.587059021, 60.1128425598, 4.25153970718, 35.6409835815, 3.44904446602, -28.4876823425], [450.774536133, 44.069519043, 119.677734375, 209.469650269, 118.370300293, 135.736923218, 112.587059021, 153.995452881, 74.7817459106, 24.3976898193, 12.7204256058, -6.31349945068, -26.0553874969], [-49.7413063049, 128.666213989, 63.4187889099, 114.994140625, 138.437194824, 54.2052764893, 60.1128425598, 74.7817459106, 125.381965637, 26.6286582947, 35.0060005188, -33.2303352356, 1.83507514], [175.687240601, -67.6034164429, 15.1847238541, -15.8990793228, -22.9456291199, 16.2490367889, 4.25153970718, 24.3976898193, 26.6286582947, 78.0764312744, 15.7306699753, 22.056312561, -9.50382232666], [-267.453430176, 114.665023804, 21.1457462311, -36.7424697876, 32.3415222168, -6.70279026031, 35.6409835815, 12.7204256058, 35.0060005188, 15.7306699753, 84.2803192139, 14.1082754135, 18.1675720215], [75.9184341431, -83.8214187622, -22.754404068, -139.034423828, -100.991722107, -22.7521896362, 3.44904446602, -6.31349945068, -33.2303352356, 22.056312561, 14.1082754135, 105.0703125, 39.7010116577], [-274.753814697, 43.2767906189, -19.8670310974, -124.564704895, -73.8815917969, -67.4736633301, -28.4876823425, -26.0553874969, 1.83507514, -9.50382232666, 18.1675720215, 39.7010116577, 86.2771759033]], "icov": [[0.000330036447849, -0.000486742443172, 0.000272339384537, -0.000615915632807, 0.000529031676706, -0.00058707781136, 0.000145108206198, -0.000302958738757, 0.000447876489488, -0.00101322587579, 0.00116923020687, -0.00102472945582, 0.000523144961335], [-0.000486742443172, 0.00352512090467, -0.00115449191071, 0.00124316231813, -0.00176475150511, 0.00171089242212, -0.00193745293655, 0.00104191817809, -0.00137017830275, 0.00342128658667, -0.00414540385827, 0.0038075579796, -0.00276067433879], [0.000272339384537, -0.00115449191071, 0.00206575309858, -0.000956893025432, 0.000623115396593, -0.000577152182814, 0.000349541049218, -0.00126551592257, 0.000941125501413, -0.00170874968171, 0.00129698857199, -0.00123544014059, 0.000443117896793], [-0.000615915632807, 0.00124316231813, -0.000956893025432, 0.00301345880143, -0.00177748384885, -0.000137702241773, -0.000793009297922, 7.89078694652e-05, -0.000417084025685, 0.00202354113571, -0.00160933926236, 0.00372239528224, -0.00146461930126], [0.000529031676706, -0.00176475150511, 0.000623115396593, -0.00177748384885, 0.00509914057329, -0.00405343296006, 0.00126296177041, 0.00135223951656, -0.00300224940293, 0.000513427134138, 0.000992535380647, -0.00232485565357, 0.00315024936572], [-0.00058707781136, 0.00171089242212, -0.000577152182814, -0.000137702241773, -0.00405343296006, 0.0112146148458, -0.00397335411981, -0.00302555272356, 0.00227811769582, -0.000512170081493, -0.000442999997176, 0.00102809921373, -0.000470412895083], [0.000145108206198, -0.00193745293655, 0.000349541049218, -0.000793009297922, 0.00126296177041, -0.00397335411981, 0.00901665259153, -0.00234563485719, -0.00115094857756, 0.00147795921657, -0.00132900383323, -0.00437128962949, 0.00309104751796], [-0.000302958738757, 0.00104191817809, -0.00126551592257, 7.89078694652e-05, 0.00135223951656, -0.00302555272356, -0.00234563485719, 0.0164965130389, -0.0105746826157, 0.00263079395518, -0.000648931891192, -0.00238042627461, 0.00308102020063], [0.000447876489488, -0.00137017830275, 0.000941125501413, -0.000417084025685, -0.00300224940293, 0.00227811769582, -0.00115094857756, -0.0105746826157, 0.0237978864461, -0.0117151048034, -0.00108335772529, 0.00843038130552, -0.00808254443109], [-0.00101322587579, 0.00342128658667, -0.00170874968171, 0.00202354113571, 0.000513427134138, -0.000512170081493, 0.00147795921657, 0.00263079395518, -0.0117151048034, 0.0255290716887, -0.00826183520257, -0.00374590768479, 0.00543161667883], [0.00116923020687, -0.00414540385827, 0.00129698857199, -0.00160933926236, 0.000992535380647, -0.000442999997176, -0.00132900383323, -0.000648931891192, -0.00108335772529, -0.00826183520257, 0.0233923178166, -0.00734590552747, 0.00121409678832], [-0.00102472945582, 0.0038075579796, -0.00123544014059, 0.00372239528224, -0.00232485565357, 0.00102809921373, -0.00437128962949, -0.00238042627461, 0.00843038130552, -0.00374590768479, -0.00734590552747, 0.0258035585284, -0.0143511751667], [0.000523144961335, -0.00276067433879, 0.000443117896793, -0.00146461930126, 0.00315024936572, -0.000470412895083, 0.00309104751796, 0.00308102020063, -0.00808254443109, 0.00543161667883, 0.00121409678832, -0.0143511751667, 0.0240279529244]]}, "melbands": {"dmean": [0.00169349624775, 0.00207290030085, 0.00112338282634, 0.000524980016053, 0.000296536571113, 0.000110492452222, 7.86125019658e-05, 0.000144486490171, 6.82486788719e-05, 3.41156628565e-05, 2.94193905575e-05, 2.31324720517e-05, 6.22431107331e-05, 5.01182876178e-05, 1.57816957653e-05, 1.18367897812e-05, 1.48808348968e-05, 6.83457847117e-06, 1.06267771116e-05, 1.02178573798e-05, 6.08810250924e-06, 6.48542800263e-06, 2.8864367323e-06, 3.49986635229e-06, 3.35679510499e-06, 3.20572144119e-06, 3.08570884044e-06, 2.08989058592e-06, 2.33569926422e-06, 2.84600059786e-06, 2.69922179541e-06, 1.57078636676e-06, 9.38709206366e-07, 1.14240947369e-06, 9.28112854126e-07, 7.860835467e-07, 9.82025767371e-07, 5.20129162851e-07, 3.8002045244e-07, 2.76846662928e-07], "dmean2": [0.00292617175728, 0.00366404908709, 0.00204741861671, 0.000905677501578, 0.000521710258909, 0.000162965690834, 0.000122671102872, 0.000233852464589, 0.000111290260975, 5.19301866007e-05, 4.37547569163e-05, 3.38421559718e-05, 8.84121182025e-05, 7.51755069359e-05, 2.47943662544e-05, 1.9621969841e-05, 2.46523322858e-05, 1.10987630251e-05, 1.82691401278e-05, 1.74996566784e-05, 1.00512388599e-05, 1.1400645235e-05, 4.86574890601e-06, 5.9833537307e-06, 5.83755627304e-06, 5.58769488634e-06, 5.46089222553e-06, 3.40470978699e-06, 3.78767435905e-06, 5.0086241572e-06, 4.65262837679e-06, 2.64441518993e-06, 1.53874088937e-06, 1.90599598682e-06, 1.55451175488e-06, 1.31650710955e-06, 1.74555248122e-06, 8.97608515515e-07, 6.43879673135e-07, 4.74981163734e-07], "dvar": [2.18212153413e-05, 2.25749008678e-05, 1.40535057653e-05, 1.59856415394e-06, 5.83627013384e-07, 5.31146469029e-08, 3.42573081014e-08, 1.42986834817e-07, 2.20166711529e-08, 5.35055333373e-09, 3.93629306927e-09, 2.11396766758e-09, 1.43101610561e-08, 1.87710096355e-08, 1.83211246174e-09, 4.96578944631e-10, 6.50406506431e-10, 2.97440488906e-10, 4.86191698013e-10, 4.19490692183e-10, 1.57739252216e-10, 1.55280940883e-10, 4.2333588024e-11, 4.28337990077e-11, 8.08224459581e-11, 6.12331782501e-11, 7.92911777903e-11, 2.96208058082e-11, 3.92411173e-11, 6.50720310968e-11, 5.21317780611e-11, 1.58152813762e-11, 5.94080427213e-12, 8.91130138431e-12, 6.40119164272e-12, 4.99883598057e-12, 9.8960362474e-12, 2.28361773935e-12, 1.42563641014e-12, 7.28494955332e-13], "dvar2": [5.83193359489e-05, 6.31691436865e-05, 3.97513940698e-05, 4.32380375059e-06, 1.65448784628e-06, 1.18024786389e-07, 8.77310597502e-08, 3.94147633642e-07, 5.78500056747e-08, 1.2201153865e-08, 7.84342368831e-09, 4.2409356027e-09, 2.79906036127e-08, 4.1374299542e-08, 4.28330571012e-09, 1.24598209528e-09, 1.65356284221e-09, 7.58476448315e-10, 1.34874422741e-09, 1.17848830694e-09, 3.92953197759e-10, 4.5710615848e-10, 1.11464941444e-10, 1.10709122425e-10, 2.21200252559e-10, 1.59405058597e-10, 2.19261081513e-10, 6.90717899543e-11, 8.90583995439e-11, 1.73712239038e-10, 1.37134248401e-10, 4.02318872661e-11, 1.40495297687e-11, 2.28337349029e-11, 1.60805257998e-11, 1.27858062679e-11, 2.76670422683e-11, 6.00096057915e-12, 3.88928993178e-12, 2.02332009654e-12], "max": [0.0781031847, 0.0778331309557, 0.0382993593812, 0.0130201373249, 0.00834649801254, 0.00385562307201, 0.00384338619187, 0.00916330330074, 0.00390632497147, 0.0014150448842, 0.0012563446071, 0.000998615752906, 0.00248944479972, 0.00256974832155, 0.000878064194694, 0.000420290074544, 0.000495550397318, 0.000561887514777, 0.000372250826331, 0.000367217930034, 0.000210567814065, 0.000206133685424, 9.72191628534e-05, 0.000103261430922, 0.000101848090708, 7.35564317438e-05, 8.32118748804e-05, 9.59954923019e-05, 0.000108819520392, 0.000109748507384, 6.64777908241e-05, 4.17986630055e-05, 4.24783102062e-05, 5.07028853463e-05, 4.45822406618e-05, 3.3837823139e-05, 4.18404670199e-05, 2.18103014049e-05, 1.63656150107e-05, 1.15808707051e-05], "mean": [0.0129220914096, 0.0147006837651, 0.0019286328461, 0.000682804384269, 0.000330925598973, 0.000177572233952, 0.000124780373881, 0.000227664189879, 0.000105523846287, 5.49475407752e-05, 4.67733443656e-05, 3.54485382559e-05, 0.000100668577943, 7.18233568477e-05, 2.06052773137e-05, 1.54964418471e-05, 1.92227071238e-05, 8.0447871369e-06, 1.28291530928e-05, 1.23688632812e-05, 8.03786406323e-06, 8.93621472642e-06, 3.9964638745e-06, 4.66747815153e-06, 3.6932342482e-06, 3.57650151273e-06, 3.11637040795e-06, 2.27160126087e-06, 2.47947127718e-06, 2.56422072198e-06, 2.53615826296e-06, 1.63107574735e-06, 1.10365010642e-06, 1.24134680846e-06, 9.21672722143e-07, 7.28636166514e-07, 7.8455474295e-07, 4.84244196741e-07, 3.78867099471e-07, 2.9679773661e-07], "median": [0.00888765975833, 0.016513351351, 0.00163800129667, 0.000347248016624, 0.00012025248725, 2.79284085991e-05, 4.81810166093e-05, 0.000114952461445, 4.24482605013e-05, 1.43277184179e-05, 1.13889454951e-05, 1.43740744534e-05, 4.18905510742e-05, 2.59745283984e-05, 5.21679748999e-06, 5.54954431209e-06, 7.1324466262e-06, 1.98404245566e-06, 2.69517772722e-06, 2.99096996059e-06, 3.30022385242e-06, 3.60919193554e-06, 1.47788921367e-06, 1.8446176e-06, 1.29825002659e-06, 1.26501890918e-06, 1.04517073396e-06, 5.50182846837e-07, 4.78461970488e-07, 4.08637703231e-07, 4.43431588337e-07, 3.72533662585e-07, 2.89154769462e-07, 3.61380443792e-07, 1.87755333059e-07, 1.09450112973e-07, 9.52415390998e-08, 8.91821656523e-08, 7.30094598111e-08, 7.70674546402e-08], "min": [2.47922732013e-14, 2.3750160096e-14, 1.91265867077e-14, 2.6787623633e-14, 2.35467840972e-14, 5.17667489143e-15, 8.26855521308e-15, 2.8020642718e-14, 1.33859911613e-14, 3.9005299709e-15, 7.51249106326e-15, 1.57884789905e-14, 1.19479341988e-14, 7.58374601588e-15, 1.0501230724e-14, 2.10855214989e-14, 1.18737391948e-14, 2.5709914815e-15, 2.86420019477e-15, 3.52381545574e-15, 4.73550963931e-15, 6.51675174124e-15, 3.22041354799e-15, 4.49506409064e-15, 3.07531680412e-15, 2.65452438846e-15, 2.09384702265e-15, 1.5117218297e-15, 2.18214427817e-15, 2.4789384819e-15, 2.54774360348e-15, 5.1689588448e-15, 4.12261989209e-15, 2.3264395171e-15, 3.77481334087e-15, 2.8673386636e-15, 2.07865908663e-15, 1.76848716217e-15, 3.58329834446e-15, 3.64347368262e-15], "var": [0.000177366993739, 0.000130216911202, 9.97355073196e-06, 1.37457664096e-06, 4.53857950333e-07, 1.31880540266e-07, 4.54528752414e-08, 1.44586294937e-07, 3.00452569491e-08, 1.12148459408e-08, 9.9475094828e-09, 3.69677666257e-09, 2.79907599321e-08, 2.47456650726e-08, 2.33713404185e-09, 6.80047407275e-10, 9.3541030477e-10, 3.55612095326e-10, 6.01168115288e-10, 5.24990551032e-10, 1.89904827974e-10, 1.99637514853e-10, 5.86369980349e-11, 5.64504727685e-11, 6.41948647018e-11, 5.59240015408e-11, 5.69570293707e-11, 3.50757513312e-11, 4.80188666607e-11, 5.24731993967e-11, 4.48181040891e-11, 1.57990513033e-11, 7.3467707612e-12, 8.71687010767e-12, 6.06781205142e-12, 4.55264645427e-12, 6.70372481484e-12, 1.92131965719e-12, 1.10815176479e-12, 5.46360157637e-13]}, "mfcc": {"mean": [-691.72277832, 140.82510376, 18.6899089813, 26.0907611847, 8.99979496002, 13.4890832901, 7.90644073486, 12.1570253372, 5.43981790543, 0.238424986601, 3.27716994286, 4.78096675873, 8.22685146332], "cov": [[8307.76367188, -635.094238281, 356.926757812, 1239.16748047, 573.407104492, 798.568725586, 653.135314941, 641.062255859, 335.411743164, 355.578552246, 131.423171997, 140.414123535, -82.1683120728], [-635.094238281, 817.440246582, 38.470916748, -39.0107192993, -2.51868081093, -10.3906316757, 51.8884162903, 48.6167068481, 32.3832702637, -7.97862768173, 33.0895462036, 25.4236946106, 105.892776489], [356.926757812, 38.470916748, 598.229492188, 267.805480957, 94.9801483154, 86.9303894043, 97.1102828979, 95.272064209, 75.0771942139, 52.5330924988, 58.9065742493, 54.0049133301, -10.1708602905], [1239.16748047, -39.0107192993, 267.805480957, 725.186584473, 486.258026123, 346.285064697, 265.9090271, 255.526062012, 146.359909058, 191.018203735, 109.541954041, 57.5621910095, -24.9652824402], [573.407104492, -2.51868081093, 94.9801483154, 486.258026123, 569.549987793, 340.094512939, 222.961227417, 206.285263062, 138.187072754, 161.564498901, 109.638893127, 67.1305847168, 14.1847772598], [798.568725586, -10.3906316757, 86.9303894043, 346.285064697, 340.094512939, 319.996063232, 225.236450195, 182.237686157, 104.052520752, 110.273376465, 79.6746520996, 53.4139709473, 11.1859292984], [653.135314941, 51.8884162903, 97.1102828979, 265.9090271, 222.961227417, 225.236450195, 254.225814819, 205.979125977, 90.3450317383, 83.9883956909, 74.4824295044, 62.4400978088, 28.6041145325], [641.062255859, 48.6167068481, 95.272064209, 255.526062012, 206.285263062, 182.237686157, 205.979125977, 230.413162231, 119.454307556, 86.3946075439, 64.5592346191, 54.2940979004, 36.3229827881], [335.411743164, 32.3832702637, 75.0771942139, 146.359909058, 138.187072754, 104.052520752, 90.3450317383, 119.454307556, 116.821166992, 82.3179473877, 43.3833770752, 27.8131637573, 22.585975647], [355.578552246, -7.97862768173, 52.5330924988, 191.018203735, 161.564498901, 110.273376465, 83.9883956909, 86.3946075439, 82.3179473877, 135.745193481, 66.5780334473, 35.9704093933, -0.931354403496], [131.423171997, 33.0895462036, 58.9065742493, 109.541954041, 109.638893127, 79.6746520996, 74.4824295044, 64.5592346191, 43.3833770752, 66.5780334473, 113.114173889, 62.7446174622, 17.0101013184], [140.414123535, 25.4236946106, 54.0049133301, 57.5621910095, 67.1305847168, 53.4139709473, 62.4400978088, 54.2940979004, 27.8131637573, 35.9704093933, 62.7446174622, 91.1989822388, 47.1045455933], [-82.1683120728, 105.892776489, -10.1708602905, -24.9652824402, 14.1847772598, 11.1859292984, 28.6041145325, 36.3229827881, 22.585975647, -0.931354403496, 17.0101013184, 47.1045455933, 92.5558013916]], "icov": [[0.000238834574702, 0.000144170408021, 0.000103570106148, -0.000420819706051, 0.000598103564698, -0.000652915914543, 0.000149851533934, -0.000327110115904, -0.000190029721125, -5.40151741006e-05, 0.000300059095025, -0.000405732454965, 0.000211437843973], [0.000144170408021, 0.00166867079679, -0.000130722721224, -0.000192939987755, 0.000202180526685, 0.000336312019499, -0.000970127526671, 0.000317745521897, -0.000398698408389, 0.000155892194016, -0.000723362492863, 0.00132965948433, -0.00218895333819], [0.000103570106148, -0.000130722721224, 0.00260879774578, -0.00193240889348, 0.00117749813944, 0.000309203518555, -0.000774804793764, 0.00141928391531, -0.00304068182595, 0.00186394201592, -0.000113102127216, -0.00226724846289, 0.00140700419433], [-0.000420819706051, -0.000192939987755, -0.00193240889348, 0.0066161477007, -0.00387102318928, -0.000375007773982, 0.000795223051682, -0.00375237525441, 0.004329232499, -0.00386157259345, 0.000150820211275, 0.0019142315723, 0.0011875750497], [0.000598103564698, 0.000202180526685, 0.00117749813944, -0.00387102318928, 0.00850524101406, -0.00699549913406, 0.00264533609152, -0.00056288333144, -0.00215695030056, -0.00035504027619, -0.000317391677527, -0.00175303558353, -0.000196465567569], [-0.000652915914543, 0.000336312019499, 0.000309203518555, -0.000375007773982, -0.00699549913406, 0.0187138039619, -0.0132238799706, 0.00683067552745, -0.00425935722888, 0.00170683104079, -0.00094204331981, 0.00162927771453, -0.000414505338995], [0.000149851533934, -0.000970127526671, -0.000774804793764, 0.000795223051682, 0.00264533609152, -0.0132238799706, 0.0280084833503, -0.0219079647213, 0.0114836022258, -0.00289003946818, -0.000776397297159, -0.00281271059066, 0.00124957866501], [-0.000327110115904, 0.000317745521897, 0.00141928391531, -0.00375237525441, -0.00056288333144, 0.00683067552745, -0.0219079647213, 0.0324503555894, -0.0208751298487, 0.00657927105203, -0.00031904320349, -0.000576602644287, -0.00270136795007], [-0.000190029721125, -0.000398698408389, -0.00304068182595, 0.004329232499, -0.00215695030056, -0.00425935722888, 0.0114836022258, -0.0208751298487, 0.0345180481672, -0.0148338768631, 0.000115917202493, 0.00595319317654, -0.00501389522105], [-5.40151741006e-05, 0.000155892194016, 0.00186394201592, -0.00386157259345, -0.00035504027619, 0.00170683104079, -0.00289003946818, 0.00657927105203, -0.0148338768631, 0.0215151309967, -0.00563379749656, -0.00326356221922, 0.00362888420932], [0.000300059095025, -0.000723362492863, -0.000113102127216, 0.000150820211275, -0.000317391677527, -0.00094204331981, -0.000776397297159, -0.00031904320349, 0.000115917202493, -0.00563379749656, 0.019795442, -0.0124039314687, 0.00423959968612], [-0.000405732454965, 0.00132965948433, -0.00226724846289, 0.0019142315723, -0.00175303558353, 0.00162927771453, -0.00281271059066, -0.000576602644287, 0.00595319317654, -0.00326356221922, -0.0124039314687, 0.0295533630997, -0.0146935535595], [0.000211437843973, -0.00218895333819, 0.00140700419433, 0.0011875750497, -0.000196465567569, -0.000414505338995, 0.00124957866501, -0.00270136795007, -0.00501389522105, 0.00362888420932, 0.00423959968612, -0.0146935535595, 0.022684359923]]}, "spectral_contrast_coeffs": {"dmean": [0.0473833344877, 0.0480768494308, 0.0451850816607, 0.0375006571412, 0.0241060797125, 0.0180125832558], "dmean2": [0.0785345733166, 0.077996686101, 0.0725444406271, 0.0634626746178, 0.0414460226893, 0.0303952246904], "dvar": [0.0017373864539, 0.00162879319396, 0.00149471894838, 0.00113777024671, 0.000527551863343, 0.000370637513697], "dvar2": [0.00460899248719, 0.00422709388658, 0.00378431589343, 0.00314326980151, 0.00154804124031, 0.000993551802821], "max": [-0.277000695467, -0.255140155554, -0.42748850584, -0.531053602695, -0.59871006012, -0.637548387051], "mean": [-0.598400354385, -0.718333661556, -0.73925358057, -0.787550210953, -0.817111849785, -0.778228342533], "median": [-0.599854052067, -0.728775918484, -0.744040608406, -0.798420667648, -0.821769297123, -0.777863144875], "min": [-0.926154732704, -0.954776585102, -0.947236180305, -0.950204372406, -0.945710659027, -0.929022610188], "var": [0.00771671487018, 0.00740703148767, 0.00499130226672, 0.003709835466, 0.00126447214279, 0.000890446535777]}, "spectral_contrast_valleys": {"dmean": [0.487336218357, 0.455965936184, 0.42768228054, 0.422461152077, 0.396783977747, 0.46597802639], "dmean2": [0.801243364811, 0.758145272732, 0.695661783218, 0.68728685379, 0.647727370262, 0.724838793278], "dvar": [0.238742008805, 0.21889385581, 0.17659278214, 0.233042165637, 0.266912668943, 0.348213881254], "dvar2": [0.581646859646, 0.560714125633, 0.430259853601, 0.574917793274, 0.670360505581, 0.891529977322], "max": [-4.46938180923, -4.54872369766, -5.23123693466, -5.7168097496, -5.78240060806, -7.87711238861], "mean": [-7.27489900589, -7.25998926163, -7.85461091995, -8