{"lowlevel": {"average_loudness": 0.202472344041, "barkbands_crest": {"dmean": 2.37822294235, "dmean2": 3.75169849396, "dvar": 5.5911989212, "dvar2": 14.6237716675, "max": 26.9619045258, "mean": 16.926115036, "median": 16.6955280304, "min": 3.09486198425, "var": 24.7488822937}, "barkbands_flatness_db": {"dmean": 0.0240683238953, "dmean2": 0.035413261503, "dvar": 0.000509451376274, "dvar2": 0.00120013859123, "max": 0.604247152805, "mean": 0.378175765276, "median": 0.387683689594, "min": 0.036699950695, "var": 0.00742694037035}, "barkbands_kurtosis": {"dmean": 20.5065135956, "dmean2": 30.4925308228, "dvar": 5438.05615234, "dvar2": 11404.1357422, "max": 2851.53369141, "mean": 44.2165565491, "median": 11.6109609604, "min": -1.72473943233, "var": 19907.9199219}, "barkbands_skewness": {"dmean": 0.958673119545, "dmean2": 1.42507517338, "dvar": 2.13371825218, "dvar2": 4.48851537704, "max": 42.6316223145, "mean": 2.53076863289, "median": 1.70217823982, "min": -3.50923633575, "var": 13.0474271774}, "barkbands_spread": {"dmean": 0.695607304573, "dmean2": 1.09250819683, "dvar": 4.15882492065, "dvar2": 11.2619276047, "max": 65.4178390503, "mean": 2.37880039215, "median": 1.29482138157, "min": 0.0279684439301, "var": 22.2396240234}, "dissonance": {"dmean": 0.0567226447165, "dmean2": 0.0960307642817, "dvar": 0.00278022699058, "dvar2": 0.00732845626771, "max": 0.500000059605, "mean": 0.322655081749, "median": 0.315405756235, "min": 0.0612610653043, "var": 0.00820858217776}, "dynamic_complexity": 8.16418933868, "erbbands_crest": {"dmean": 2.99782729149, "dmean2": 4.6322183609, "dvar": 8.815741539, "dvar2": 21.5377731323, "max": 33.9076194763, "mean": 19.2898044586, "median": 18.4905948639, "min": 2.88077235222, "var": 40.9139671326}, "erbbands_flatness_db": {"dmean": 0.0209343638271, "dmean2": 0.0307440813631, "dvar": 0.000408348016208, "dvar2": 0.00095972197596, "max": 0.606886565685, "mean": 0.387305468321, "median": 0.398425012827, "min": 0.0658647269011, "var": 0.00596393225715}, "erbbands_kurtosis": {"dmean": 6.77272796631, "dmean2": 10.2450962067, "dvar": 134.145980835, "dvar2": 291.487457275, "max": 306.823608398, "mean": 17.1384468079, "median": 6.73299789429, "min": -1.72569262981, "var": 752.292175293}, "erbbands_skewness": {"dmean": 0.623564779758, "dmean2": 0.928554236889, "dvar": 0.443434506655, "dvar2": 1.00417041779, "max": 12.7921209335, "mean": 2.10734891891, "median": 1.50359678268, "min": -2.85588383675, "var": 3.91345906258}, "erbbands_spread": {"dmean": 1.79362738132, "dmean2": 2.77116513252, "dvar": 13.4289016724, "dvar2": 34.5778770447, "max": 112.086273193, "mean": 6.22385072708, "median": 4.45947980881, "min": 0.218380510807, "var": 61.9413337708}, "hfc": {"dmean": 1.54655194283, "dmean2": 1.95405328274, "dvar": 8.12948322296, "dvar2": 15.3855676651, "max": 84.7282714844, "mean": 5.86725950241, "median": 2.95367717743, "min": 1.1792233873e-16, "var": 67.8897705078}, "melbands_crest": {"dmean": 2.89398813248, "dmean2": 4.515376091, "dvar": 8.46283245087, "dvar2": 21.6255283356, "max": 36.4752349854, "mean": 20.7354946136, "median": 19.8249835968, "min": 1.64201438427, "var": 43.7000465393}, "melbands_flatness_db": {"dmean": 0.0244064275175, "dmean2": 0.0355271697044, "dvar": 0.000552315905225, "dvar2": 0.00130698946305, "max": 0.71046513319, "mean": 0.477654755116, "median": 0.489678293467, "min": 0.00327911879867, "var": 0.0093119814992}, "melbands_kurtosis": {"dmean": 8.53841209412, "dmean2": 12.9299430847, "dvar": 215.785842896, "dvar2": 478.993865967, "max": 465.362121582, "mean": 20.7379493713, "median": 6.46266174316, "min": -1.65687036514, "var": 1268.14160156}, "melbands_skewness": {"dmean": 0.716070055962, "dmean2": 1.07175505161, "dvar": 0.524709761143, "dvar2": 1.27596390247, "max": 12.5336771011, "mean": 1.83527493477, "median": 1.44490349293, "min": -2.48869585991, "var": 3.37824845314}, "melbands_spread": {"dmean": 0.999670743942, "dmean2": 1.54045939445, "dvar": 7.62766456604, "dvar2": 16.6982021332, "max": 136.636962891, "mean": 3.79047226906, "median": 2.52628087997, "min": 0.162798464298, "var": 58.3459663391}, "pitch_salience": {"dmean": 0.0678889378905, "dmean2": 0.103646479547, "dvar": 0.00409365817904, "dvar2": 0.0103347077966, "max": 0.901294529438, "mean": 0.437976509333, "median": 0.47026219964, "min": 0.0220006052405, "var": 0.0254000481218}, "silence_rate_20dB": {"dmean": 0, "dmean2": 0, "dvar": 0, "dvar2": 0, "max": 1, "mean": 1, "median": 1, "min": 1, "var": 0}, "silence_rate_30dB": {"dmean": 0.00281412689947, "dmean2": 0.00562864961103, "dvar": 0.0028060071636, "dvar2": 0.00658138189465, "max": 1, "mean": 0.994090735912, "median": 1, "min": 0, "var": 0.00587458303198}, "silence_rate_60dB": {"dmean": 0.0398198962212, "dmean2": 0.0796453952789, "dvar": 0.0382351130247, "dvar2": 0.0849838256836, "max": 1, "mean": 0.339641213417, "median": 0, "min": 0, "var": 0.224254384637}, "spectral_centroid": {"dmean": 39.628742218, "dmean2": 59.4607620239, "dvar": 15461.3398438, "dvar2": 26443.9433594, "max": 10617.0292969, "mean": 446.416137695, "median": 385.783538818, "min": 191.113098145, "var": 120224.273438}, "spectral_complexity": {"dmean": 0.605881512165, "dmean2": 1.07605707645, "dvar": 0.511770427227, "dvar2": 1.21870625019, "max": 9, "mean": 3.02096366882, "median": 3, "min": 0, "var": 2.89256572723}, "spectral_decrease": {"dmean": 9.5939489686e-10, "dmean2": 1.21411647402e-09, "dvar": 2.4966521527e-18, "dvar2": 4.60927123037e-18, "max": 2.14471694024e-29, "mean": -3.9949941133e-09, "median": -2.05378181128e-09, "min": -4.62762237419e-08, "var": 2.76733191212e-17}, "spectral_energy": {"dmean": 0.00375848636031, "dmean2": 0.0047560185194, "dvar": 3.85827224818e-05, "dvar2": 7.13292902219e-05, "max": 0.182341873646, "mean": 0.015610200353, "median": 0.00802088715136, "min": 1.06149478836e-20, "var": 0.000422853714554}, "spectral_energyband_high": {"dmean": 2.35141470739e-07, "dmean2": 3.38191739502e-07, "dvar": 6.87443645845e-13, "dvar2": 1.64937616516e-12, "max": 3.73185466742e-05, "mean": 6.20519301719e-07, "median": 2.35298244888e-07, "min": 7.67488383806e-21, "var": 1.61198214065e-12}, "spectral_energyband_low": {"dmean": 1.27810635604e-05, "dmean2": 2.01699349418e-05, "dvar": 4.69992322838e-10, "dvar2": 1.10048825608e-09, "max": 0.000661437923554, "mean": 3.01096188196e-05, "median": 1.26957929751e-05, "min": 6.10522678616e-23, "var": 3.81532538896e-09}, "spectral_energyband_middle_high": {"dmean": 4.01270226575e-05, "dmean2": 5.44996364624e-05, "dvar": 1.4930542136e-08, "dvar2": 2.55382452963e-08, "max": 0.00741756986827, "mean": 0.000114215516078, "median": 4.29730898759e-05, "min": 1.57286252824e-21, "var": 6.18179427647e-08}, "spectral_energyband_middle_low": {"dmean": 0.00374973239377, "dmean2": 0.00475011579692, "dvar": 3.85098392144e-05, "dvar2": 7.13528279448e-05, "max": 0.181943878531, "mean": 0.0154765751213, "median": 0.00791311729699, "min": 2.63395809492e-22, "var": 0.000419146061176}, "spectral_entropy": {"dmean": 0.212734252214, "dmean2": 0.31369894743, "dvar": 0.0446877032518, "dvar2": 0.105005249381, "max": 9.7931842804, "mean": 5.20926475525, "median": 5.12106609344, "min": 3.30979132652, "var": 0.631210684776}, "spectral_flux": {"dmean": 0.0116764912382, "dmean2": 0.0190931670368, "dvar": 0.00025591783924, "dvar2": 0.000656782882288, "max": 0.234639838338, "mean": 0.0276420265436, "median": 0.0217693373561, "min": 1.03028870158e-10, "var": 0.000579130835831}, "spectral_kurtosis": {"dmean": 18.8267002106, "dmean2": 31.7301883698, "dvar": 329.18862915, "dvar2": 932.868774414, "max": 346.736328125, "mean": 64.0780487061, "median": 58.212387085, "min": -1.21544492245, "var": 1763.67138672}, "spectral_rms": {"dmean": 0.000446941849077, "dmean2": 0.000571298820432, "dvar": 2.91007438591e-07, "dvar2": 5.48331968275e-07, "max": 0.013337709941, "mean": 0.00310881459154, "median": 0.00279736588709, "min": 3.21808118348e-12, "var": 5.56479380975e-06}, "spectral_rolloff": {"dmean": 56.9512786865, "dmean2": 100.351387024, "dvar": 84279.3203125, "dvar2": 170753.421875, "max": 19013.8183594, "mean": 538.467529297, "median": 452.197265625, "min": 21.533203125, "var": 382263.4375}, "spectral_skewness": {"dmean": 1.05703914165, "dmean2": 1.79352724552, "dvar": 0.829796552658, "dvar2": 2.37322092056, "max": 14.9381990433, "mean": 5.79700946808, "median": 5.70789241791, "min": -0.395682364702, "var": 5.03100204468}, "spectral_spread": {"dmean": 339471.53125, "dmean2": 577781.625, "dvar": 203680366592, "dvar2": 400739074048, "max": 40182700, "mean": 1541978.625, "median": 1314070.375, "min": 280987.375, "var": 950094397440}, "spectral_strongpeak": {"dmean": 0.287475526333, "dmean2": 0.4207444489, "dvar": 0.171544417739, "dvar2": 0.364130496979, "max": 8.58373737335, "mean": 1.11836993694, "median": 0.811549067497, "min": 0, "var": 1.25870454311}, "zerocrossingrate": {"dmean": 0.0018089490477, "dmean2": 0.00224342104048, "dvar": 2.8223003028e-05, "dvar2": 2.8725789889e-05, "max": 0.50732421875, "mean": 0.0208110176027, "median": 0.0185546875, "min": 0, "var": 0.000365739397239}, "barkbands": {"dmean": [8.73642602528e-06, 6.34169600744e-06, 3.17186868415e-06, 9.14409029065e-05, 0.00134726206306, 0.000766431388911, 0.00153875956312, 0.000835910381284, 0.00018960487796, 3.96355571866e-05, 8.57556460687e-06, 1.31080032588e-05, 4.69037104267e-06, 3.19372907143e-06, 2.73929344985e-06, 1.10397581921e-06, 8.82585823092e-07, 4.45245888159e-07, 1.98472989155e-07, 1.21032940115e-07, 6.31221084291e-08, 1.09616927091e-07, 4.00400637091e-08, 1.52656927099e-08, 4.9112909295e-09, 3.46497563974e-09, 2.83492940234e-09], "dmean2": [1.34765405164e-05, 1.07087344077e-05, 5.47789750271e-06, 7.38470989745e-05, 0.00181468529627, 0.00086574733723, 0.00199534161948, 0.00116693077143, 0.000235190105741, 5.36380357516e-05, 1.20394515761e-05, 1.919247552e-05, 7.05866386852e-06, 4.85461305288e-06, 4.10729853684e-06, 1.73923854163e-06, 1.42917838275e-06, 7.09297125923e-07, 3.16417640533e-07, 1.91027538676e-07, 9.75216636334e-08, 1.6701987704e-07, 6.18473734448e-08, 2.53943444051e-08, 8.3157942754e-09, 5.85589932101e-09, 4.77320627468e-09], "dvar": [3.41226963352e-10, 1.29716043462e-10, 4.77616939054e-11, 1.44260681623e-07, 6.66122650728e-06, 4.61181298306e-06, 2.03489180421e-05, 8.20243349153e-06, 1.64177572515e-06, 3.24991944467e-08, 9.19033960045e-10, 2.58784149665e-09, 2.15403625492e-10, 8.61652277306e-11, 8.97118421217e-11, 6.23444872117e-12, 2.78105446658e-12, 7.953732074e-13, 2.00887036498e-13, 1.09010971907e-13, 6.58999696718e-14, 1.33089828221e-13, 4.2794821777e-14, 1.78000094455e-14, 2.16148112118e-15, 1.65217513895e-15, 4.63397114124e-16], "dvar2": [6.9937378111e-10, 3.53119034013e-10, 1.34272759578e-10, 8.72043059985e-08, 1.28345736812e-05, 5.72780027142e-06, 3.93190894101e-05, 1.74244141817e-05, 2.22367498282e-06, 5.37279021273e-08, 1.50067613891e-09, 6.12050765625e-09, 4.12490236412e-10, 1.8736472096e-10, 1.764736135e-10, 1.37101762235e-11, 6.88327606718e-12, 1.95600827202e-12, 5.14453985054e-13, 2.83565380378e-13, 1.58387775009e-13, 3.14414103477e-13, 1.08942131846e-13, 4.91037433967e-14, 5.73800277854e-15, 4.73272459498e-15, 1.44643327128e-15], "max": [0.000882377964444, 0.000375933625037, 0.000221592228627, 0.0205476954579, 0.0577634386718, 0.106646537781, 0.181793987751, 0.0830152630806, 0.0848237499595, 0.014671782963, 0.00194753322285, 0.00275222305208, 0.000656637887005, 0.000442140590167, 0.000333956559189, 0.000113177615276, 4.02133118769e-05, 3.0067487387e-05, 1.41450191222e-05, 1.25610449686e-05, 1.15117290989e-05, 1.49765137394e-05, 1.00740380731e-05, 8.27980238682e-06, 2.78686729871e-06, 2.21737286665e-06, 8.75456066751e-07], "mean": [1.6247124222e-05, 8.13857150206e-06, 3.71608211935e-06, 0.000542491965462, 0.005338689778, 0.00260193110444, 0.00474899448454, 0.00177308660932, 0.000426874088589, 8.24637536425e-05, 1.69991562871e-05, 2.41581929004e-05, 8.91113722901e-06, 6.22715788268e-06, 5.0687744988e-06, 2.16620787796e-06, 1.78083996616e-06, 9.68658127931e-07, 4.36555069427e-07, 2.7412860959e-07, 1.32521506657e-07, 2.37676573533e-07, 8.13805556277e-08, 2.34310579827e-08, 8.66971827662e-09, 7.15732362266e-09, 1.1244670084e-08], "median": [4.16418833993e-06, 4.61408353658e-06, 1.80290783192e-06, 2.32119600696e-06, 0.000857267354149, 0.000169295191881, 0.000337387871696, 6.71508532832e-05, 2.30647456192e-05, 1.27794091895e-05, 3.207685495e-06, 4.41388601757e-06, 2.13788052861e-06, 1.84691680261e-06, 1.52138045451e-06, 1.10229984784e-06, 8.6792260845e-07, 5.32441163159e-07, 2.40880410729e-07, 1.36427061648e-07, 4.12062490796e-08, 5.93168749674e-08, 1.26501982223e-08, 3.99790334171e-09, 3.4698379725e-09, 4.2326133709e-09, 9.62456958575e-09], "min": [6.9739713754e-24, 2.74114491751e-23, 1.15415793574e-23, 1.74599483454e-23, 3.82657997332e-23, 4.43313228344e-23, 4.48892241993e-23, 4.84367979544e-23, 5.99384278178e-23, 2.42283512464e-23, 7.95172108007e-23, 8.43785187975e-23, 1.53873542098e-22, 7.04432277979e-23, 2.2235547867e-22, 9.49248885918e-23, 1.09762952011e-22, 2.84351135822e-22, 2.43044207879e-22, 4.23696611593e-22, 2.88002817128e-22, 4.95818743656e-22, 8.81301569848e-22, 9.37947588859e-22, 1.08605027896e-21, 1.62288787118e-21, 2.42568473004e-21], "var": [1.95990090823e-09, 1.61518659558e-10, 5.39898785401e-11, 4.62015213998e-06, 8.43938032631e-05, 5.35878352821e-05, 0.000183575204574, 2.58887430391e-05, 1.00470360849e-05, 1.10455275149e-07, 3.60883012362e-09, 5.65672397812e-09, 7.83031639529e-10, 2.67329797188e-10, 2.31085039992e-10, 1.58183431631e-11, 7.19346500769e-12, 2.11432824374e-12, 4.40296887491e-13, 2.10778660151e-13, 1.1861198872e-13, 3.39592882894e-13, 7.032265395e-14, 1.84062681953e-14, 2.28576732432e-15, 2.12420468348e-15, 4.77174369709e-16]}, "erbbands": {"dmean": [0.000308736518491, 0.00111106503755, 0.00432381546125, 0.130388066173, 1.98628687859, 5.11304330826, 6.19967746735, 6.28837966919, 19.5157794952, 19.790063858, 17.5539588928, 4.44237136841, 3.50556397438, 0.640031099319, 0.430110245943, 0.494037508965, 0.193048357964, 0.153710380197, 0.223356381059, 0.0626629516482, 0.0493546128273, 0.0504347719252, 0.0251578241587, 0.0127428015694, 0.00827121175826, 0.00523613486439, 0.00313600664958, 0.00234765326604, 0.00418362207711, 0.00256367842667, 0.0009901112644, 0.000486046512378, 0.000148201957927, 6.17495898041e-05, 3.44037507602e-05, 1.69240138348e-05, 6.32178080195e-06, 2.79385608337e-06, 1.94266044673e-06, 4.19853040512e-06], "dmean2": [0.000528251344804, 0.0018368762685, 0.0060979956761, 0.114262953401, 2.09195208549, 7.36132049561, 8.27386665344, 7.05620574951, 24.6057929993, 26.4837284088, 24.1620464325, 5.75302934647, 4.31639528275, 0.847873449326, 0.606094479561, 0.71448379755, 0.282475084066, 0.226324439049, 0.334325432777, 0.0978067666292, 0.0775639787316, 0.0812593325973, 0.0399163924158, 0.0198969524354, 0.0131476055831, 0.00827884487808, 0.00484481919557, 0.00351768825203, 0.00650311121717, 0.0038681931328, 0.00154173490591, 0.000799892586656, 0.000245828996412, 0.000103175458207, 5.86552923778e-05, 2.80906333501e-05, 1.05175731733e-05, 4.74296211905e-06, 2.55172903962e-06, 5.31503656021e-06], "dvar": [2.81431226767e-07, 4.20205469709e-06, 7.8103323176e-05, 0.242856115103, 33.5486450195, 142.281692505, 293.367675781, 469.767456055, 3216.0546875, 3945.35864258, 4003.06469727, 470.032501221, 463.631530762, 3.8333158493, 2.74107074738, 2.42855381966, 0.287406861782, 0.189405441284, 0.732309818268, 0.0153525918722, 0.0155861005187, 0.00935116317123, 0.00234508281574, 0.000675367366057, 0.000633031013422, 0.000223737370106, 0.000133616718813, 0.000196990411496, 0.000211105871131, 6.49931462249e-05, 3.56759228453e-05, 2.2538819394e-05, 1.76584660494e-06, 3.06081147983e-07, 1.35632390652e-07, 3.90522494342e-08, 4.65520821891e-09, 6.40136388341e-10, 1.77418739422e-11, 4.8298674088e-11], "dvar2": [7.81600419941e-07, 1.11651443149e-05, 0.000126140163047, 0.152548611164, 30.0517921448, 292.636260986, 492.306091309, 566.152160645, 6258.25732422, 7906.96142578, 8125.65722656, 724.940002441, 617.198669434, 6.62630605698, 5.16735458374, 5.15476322174, 0.54338824749, 0.365225583315, 1.47190439701, 0.0354625023901, 0.0329506881535, 0.0234199408442, 0.00564746465534, 0.00161899102386, 0.00169301044662, 0.000580462859944, 0.000330481154379, 0.000417214061599, 0.000526684219949, 0.000144319914398, 9.47757143877e-05, 6.41554652248e-05, 4.6395980462e-06, 7.63489026667e-07, 3.80843886205e-07, 1.00125291169e-07, 1.42965497218e-08, 2.01649741349e-09, 4.49941438274e-11, 8.94217894176e-11], "max": [0.0165925640613, 0.0647268146276, 0.373767912388, 26.4163131714, 279.995605469, 313.222442627, 587.061462402, 1391.39672852, 2174.07324219, 2443.08300781, 2011.26281738, 1449.62805176, 1272.81640625, 91.1057510376, 88.9631347656, 67.9078292847, 25.4002532959, 15.2815637589, 30.1439743042, 2.75103449821, 5.8570857048, 2.37319302559, 1.72838115692, 0.844549894333, 0.955996394157, 0.583682715893, 0.449654012918, 0.976698517799, 0.503866434097, 0.264576643705, 0.297025680542, 0.335829108953, 0.0681803375483, 0.0412377975881, 0.0161901004612, 0.0159488804638, 0.00254982733168, 0.000992697663605, 0.000117368865176, 0.000204755022423], "mean": [0.000411641347455, 0.00177095853724, 0.0147606777027, 0.757193267345, 10.2434206009, 16.8667850494, 21.679233551, 22.3581848145, 63.6827392578, 53.5272865295, 37.2328491211, 10.1167993546, 7.72250747681, 1.55858838558, 0.900978982449, 0.961223065853, 0.409728258848, 0.324841856956, 0.427326530218, 0.14016340673, 0.107178471982, 0.1053789258, 0.0587473362684, 0.0308698490262, 0.0186746492982, 0.0122306915, 0.00718084303662, 0.00463857408613, 0.00868635065854, 0.00593287544325, 0.00196596467867, 0.000797150889412, 0.000242897323915, 0.000115891605674, 6.58666758682e-05, 3.90754867112e-05, 1.68219612533e-05, 9.02136980585e-06, 8.78733135323e-06, 1.74737779162e-05], "median": [0.000226076343097, 0.000943356193602, 0.00340799777769, 0.0181881394237, 0.339099436998, 2.43636918068, 1.63918292522, 2.77922821045, 5.75351190567, 6.16394853592, 3.34950304031, 1.2999958992, 0.68201559782, 0.329508543015, 0.218582227826, 0.201784476638, 0.121647767723, 0.100041776896, 0.103531934321, 0.0753602609038, 0.0579666532576, 0.0533074326813, 0.0333776958287, 0.0182692762464, 0.0096176629886, 0.00608521653339, 0.00274977087975, 0.00112484989222, 0.00214855954982, 0.00125535286497, 0.000341091275914, 0.000123814694234, 6.6092434281e-05, 4.69001315651e-05, 3.25314431393e-05, 2.19996472879e-05, 1.16744040497e-05, 6.94417167324e-06, 5.56230679649e-06, 9.07770390768e-06], "min": [1.52119625365e-21, 3.69341151825e-21, 1.40063698158e-20, 4.67884147551e-20, 7.72882796934e-20, 1.60436022503e-19, 1.81136617998e-19, 3.90409681134e-19, 7.04563287656e-19, 8.53667969743e-19, 9.80757963609e-19, 1.52335690918e-18, 8.76850326795e-19, 2.70786858622e-18, 2.17391460862e-18, 3.27680341153e-18, 7.28160972094e-18, 4.58992719815e-18, 9.02781859972e-18, 7.99532266015e-18, 5.15032882827e-18, 7.85000274295e-18, 1.50110004316e-17, 1.25682492288e-17, 1.4017323251e-17, 2.26174142006e-17, 1.40003197263e-17, 1.08119925871e-17, 1.88110632026e-17, 1.70871939906e-17, 2.56961804405e-17, 2.31786727898e-17, 1.48285111536e-17, 1.23397480292e-17, 7.8342656318e-18, 5.16348968541e-18, 2.8145637183e-18, 1.47068587349e-18, 3.20169484322e-19, 3.52489285549e-20], "var": [3.70366933566e-07, 7.59299700803e-06, 0.00167613930535, 7.91989421844, 1004.86810303, 1123.17907715, 3525.05859375, 5896.48974609, 30162.5214844, 21178.6777344, 13353.3886719, 2997.25366211, 2421.92041016, 20.3972225189, 9.12120819092, 6.05164480209, 1.18245840073, 0.652709305286, 2.12666893005, 0.0434308052063, 0.0402475744486, 0.0245504509658, 0.00698969047517, 0.00186224572826, 0.00108184909914, 0.00043516716687, 0.00025399189326, 0.000352291914169, 0.000472506246297, 0.000196015564143, 4.94658997923e-05, 1.95945449377e-05, 2.3128675366e-06, 3.32199505237e-07, 1.48843938064e-07, 6.85404799583e-08, 4.79652229046e-09, 5.44419287429e-10, 1.06790916388e-10, 5.24612631114e-10]}, "gfcc": {"mean": [-275.371551514, 181.272888184, -102.984794617, -33.195400238, -65.2762985229, -44.2837524414, -36.4203681946, -19.7435836792, -5.57367229462, -8.02460670471, -6.66337966919, -1.2641658783, -7.42084360123], "cov": [[10378.8828125, 1445.16992188, -1071.58532715, -768.184936523, -440.176727295, -1225.03808594, -105.367118835, -401.434967041, 405.006195068, -314.703948975, 46.518611908, -213.219436646, -105.353782654], [1445.16992188, 1339.44580078, 583.167114258, -350.906829834, 276.048095703, -372.029510498, -274.909881592, -184.551345825, -165.873519897, -240.432907104, -89.1057052612, -119.856124878, 25.0425796509], [-1071.58532715, 583.167114258, 1141.49938965, 138.806503296, 254.441558838, 48.4976158142, -283.074890137, -89.352722168, -299.701385498, -137.336730957, -118.424247742, -113.55696106, 22.0552101135], [-768.184936523, -350.906829834, 138.806503296, 569.991760254, 18.5361499786, 232.283248901, 39.3699874878, -52.8942909241, -144.712295532, -1.68944466114, -45.4988937378, -13.0969181061, -20.420797348], [-440.176727295, 276.048095703, 254.441558838, 18.5361499786, 383.328735352, 9.61539173126, -120.482093811, -54.0456428528, -188.946472168, -88.5365753174, -48.2962036133, -20.8719959259, 20.3245563507], [-1225.03808594, -372.029510498, 48.4976158142, 232.283248901, 9.61539173126, 399.611328125, 96.5055541992, 65.0866470337, -60.0167999268, 29.3301277161, -11.7281532288, 10.577126503, -1.66950368881], [-105.367118835, -274.909881592, -283.074890137, 39.3699874878, -120.482093811, 96.5055541992, 238.412796021, 80.210647583, 93.3469085693, 79.8558349609, 14.3677759171, 35.4908180237, -20.2315273285], [-401.434967041, -184.551345825, -89.352722168, -52.8942909241, -54.0456428528, 65.0866470337, 80.210647583, 200.774734497, 108.116256714, 79.9992980957, 28.9180965424, 15.8244142532, -11.8904209137], [405.006195068, -165.873519897, -299.701385498, -144.712295532, -188.946472168, -60.0167999268, 93.3469085693, 108.116256714, 318.598175049, 134.973754883, 75.3925094604, 35.2757835388, -46.9825248718], [-314.703948975, -240.432907104, -137.336730957, -1.68944466114, -88.5365753174, 29.3301277161, 79.8558349609, 79.9992980957, 134.973754883, 183.005157471, 87.7621765137, 56.6183204651, -5.38069629669], [46.518611908, -89.1057052612, -118.424247742, -45.4988937378, -48.2962036133, -11.7281532288, 14.3677759171, 28.9180965424, 75.3925094604, 87.7621765137, 141.053848267, 77.3204421997, 25.8476200104], [-213.219436646, -119.856124878, -113.55696106, -13.0969181061, -20.8719959259, 10.577126503, 35.4908180237, 15.8244142532, 35.2757835388, 56.6183204651, 77.3204421997, 132.232711792, 57.2433128357], [-105.353782654, 25.0425796509, 22.0552101135, -20.420797348, 20.3245563507, -1.66950368881, -20.2315273285, -11.8904209137, -46.9825248718, -5.38069629669, 25.8476200104, 57.2433128357, 115.975395203]], "icov": [[0.000299671344692, -0.000376085255994, 0.000431089021731, -0.000199605725356, 0.000334241281962, 0.000476202345453, -2.22548023885e-05, 0.000276536302408, -0.000258519226918, 0.00053381518228, -0.00046079736785, 0.000622898282018, -7.56578374421e-05], [-0.000376085255994, 0.00326712266542, -0.00202198000625, 0.00161282299086, -0.00161777331959, 0.00112773419823, -0.00114422524348, 0.00102666742168, -0.000434315006714, 0.0016350421356, -0.000543009955436, 0.000529219978489, -0.000413482863223], [0.000431089021731, -0.00202198000625, 0.00311583839357, -0.0011259817984, 0.00104494544212, -0.000557564257178, 0.00256304489449, -0.000744584482163, 0.00107616884634, -0.00118815794121, 0.000753483327571, 0.000804123468697, 3.30422153638e-05], [-0.000199605725356, 0.00161282299086, -0.0011259817984, 0.00376332411543, -0.000261979468632, -0.000974728027359, -0.000729247054551, 0.00159329245798, 0.00134303676896, -0.000501959642861, 0.000489559781272, -0.000254484621109, 0.000952493166551], [0.000334241281962, -0.00161777331959, 0.00104494544212, -0.000261979468632, 0.00511571299285, -0.000431678752648, 0.00198511756025, -0.000805117248092, 0.00264335749671, -0.000681506586261, 0.000656378746498, -0.000933715200517, 0.00112292543054], [0.000476202345453, 0.00112773419823, -0.000557564257178, -0.000974728027359, -0.000431678752648, 0.0060337097384, -0.00244363886304, -0.000398729753215, -7.94108127593e-05, 0.00230528181419, -0.00174175598659, 0.001650820137, -0.000533017155249], [-2.22548023885e-05, -0.00114422524348, 0.00256304489449, -0.000729247054551, 0.00198511756025, -0.00244363886304, 0.0096944058314, -0.0022427267395, 0.00117449241225, -0.00337677774951, 0.00367562868632, -0.00237501459196, 0.00136138743255], [0.000276536302408, 0.00102666742168, -0.000744584482163, 0.00159329245798, -0.000805117248092, -0.000398729753215, -0.0022427267395, 0.0088337501511, -0.00278366962448, -0.000119241536595, -0.000811733945739, 0.00196889345534, -0.000822647067253], [-0.000258519226918, -0.000434315006714, 0.00107616884634, 0.00134303676896, 0.00264335749671, -7.94108127593e-05, 0.00117449241225, -0.00278366962448, 0.00975069403648, -0.00507371593267, 0.000743264215998, -0.00181656109635, 0.00379151734523], [0.00053381518228, 0.0016350421356, -0.00118815794121, -0.000501959642861, -0.000681506586261, 0.00230528181419, -0.00337677774951, -0.000119241536595, -0.00507371593267, 0.015363975428, -0.00739796832204, 0.00120465585496, -0.000467620790005], [-0.00046079736785, -0.000543009955436, 0.000753483327571, 0.000489559781272, 0.000656378746498, -0.00174175598659, 0.00367562868632, -0.000811733945739, 0.000743264215998, -0.00739796832204, 0.0158970057964, -0.00761256646365, 0.000231745711062], [0.000622898282018, 0.000529219978489, 0.000804123468697, -0.000254484621109, -0.000933715200517, 0.001650820137, -0.00237501459196, 0.00196889345534, -0.00181656109635, 0.00120465585496, -0.00761256646365, 0.0174420867115, -0.00736369006336], [-7.56578374421e-05, -0.000413482863223, 3.30422153638e-05, 0.000952493166551, 0.00112292543054, -0.000533017155249, 0.00136138743255, -0.000822647067253, 0.00379151734523, -0.000467620790005, 0.000231745711062, -0.00736369006336, 0.0138503955677]]}, "melbands": {"dmean": [2.40236545324e-06, 1.41293082834e-06, 6.89300431986e-05, 0.000252136145718, 0.000226424002904, 0.000143602359458, 0.000316660152748, 0.00020894788031, 0.000117640563985, 2.69898064289e-05, 1.74959877768e-05, 2.48840342465e-06, 1.32940192543e-06, 1.58871694111e-06, 8.89744399046e-07, 3.80485374762e-07, 2.54221816931e-07, 4.30774321103e-07, 1.07259594984e-07, 8.13377170061e-08, 6.61038086491e-08, 5.69613511914e-08, 3.36878827056e-08, 1.92805202914e-08, 1.08310702629e-08, 6.58912480134e-09, 6.18397644203e-09, 3.38378747244e-09, 2.32423480462e-09, 1.4916807789e-09, 1.5135751541e-09, 2.20770335346e-09, 2.60797761165e-09, 1.17878673489e-09, 6.66904143021e-10, 4.10448314225e-10, 2.55321846998e-10, 1.12282551312e-10, 7.0068603697e-11, 4.73039107884e-11], "dmean2": [4.03075273425e-06, 2.3797203994e-06, 6.07756846875e-05, 0.000331608986016, 0.000313485827064, 0.00015929582878, 0.000398833042709, 0.000281667045783, 0.00016231466725, 3.3729855204e-05, 2.14969786612e-05, 3.34324522555e-06, 1.85764065463e-06, 2.35831362261e-06, 1.28631472762e-06, 5.68556515645e-07, 3.77977386279e-07, 6.46896921808e-07, 1.70080497242e-07, 1.29498857859e-07, 1.04947893931e-07, 9.1757492271e-08, 5.41264846277e-08, 3.07532523891e-08, 1.72164451584e-08, 1.06565147817e-08, 9.98857263568e-09, 5.41585487568e-09, 3.62868801673e-09, 2.38377562134e-09, 2.2917461262e-09, 3.50516593528e-09, 4.00655641997e-09, 1.80034209762e-09, 1.05692854468e-09, 6.84729994926e-10, 4.19395684848e-10, 1.88139323565e-10, 1.18113324676e-10, 8.00939314871e-11], "dvar": [1.58548313367e-11, 6.3546685275e-12, 6.92416293191e-08, 2.89650500918e-07, 3.21407071624e-07, 2.20157062358e-07, 8.26869552384e-07, 4.04775192919e-07, 1.87307321653e-07, 3.10270102943e-08, 1.2494588475e-08, 7.44932796004e-11, 2.39966831128e-11, 4.53062830308e-11, 8.73222848197e-12, 1.53009473581e-12, 5.31180947751e-13, 2.86842273024e-12, 5.22972710601e-14, 2.97365417338e-14, 2.78180104142e-14, 1.18041723789e-14, 4.18548032468e-15, 1.52044129274e-15, 5.04114093778e-16, 2.93118160147e-16, 3.23866753152e-16, 1.106833437e-16, 7.09445282816e-17, 2.88101018565e-17, 1.34624121149e-16, 8.1423483892e-17, 5.97282635778e-17, 1.8621481678e-17, 1.38113379077e-17, 2.0217531633e-17, 4.45308629583e-18, 1.1444881295e-18, 4.13489235145e-19, 2.35975396812e-19], "dvar2": [4.31087769648e-11, 1.75240481848e-11, 4.50703758759e-08, 4.91521177537e-07, 5.95876144871e-07, 2.62449304955e-07, 1.60843887897e-06, 8.28409213227e-07, 3.79883175583e-07, 4.3312041953e-08, 1.64042397444e-08, 1.30833621714e-10, 3.90615630119e-11, 1.13777397226e-10, 1.50717303221e-11, 2.93747274768e-12, 1.03191955848e-12, 5.79203872364e-12, 1.19901105104e-13, 6.81779190937e-14, 5.78604208274e-14, 2.9256667076e-14, 1.03773589317e-14, 3.76443125803e-15, 1.22754651106e-15, 7.68334586729e-16, 8.5383832759e-16, 2.8543025089e-16, 1.64559059598e-16, 7.87574146033e-17, 2.78254002472e-16, 2.0856824456e-16, 1.40705658892e-16, 4.1337103724e-17, 3.54195264137e-17, 5.86953796906e-17, 1.23009044548e-17, 2.9235276e-18, 1.0962036326e-18, 6.07567623739e-19], "max": [0.000124816084281, 6.69639121043e-05, 0.013718334958, 0.0139503832906, 0.0185123160481, 0.0266829319298, 0.0328214503825, 0.0234939064831, 0.0133744291961, 0.0121810212731, 0.00658666994423, 0.000433136796346, 0.000309760071104, 0.000386736006476, 0.000173095104401, 4.80622329633e-05, 2.80497170024e-05, 6.43004968879e-05, 7.96375024947e-06, 7.07144045009e-06, 8.82811855263e-06, 2.72223496722e-06, 1.64819493875e-06, 1.28959891299e-06, 7.06502987669e-07, 5.38793415217e-07, 5.89750356994e-07, 4.57447896451e-07, 3.74110982193e-07, 2.38664824792e-07, 8.57163570345e-07, 3.38034453762e-07, 2.44617609724e-07, 1.53456525709e-07, 1.66448842265e-07, 3.31217734129e-07, 1.34158341325e-07, 6.67074999683e-08, 3.50079041311e-08, 3.41310375518e-08], "mean": [3.44180648426e-06, 1.96190921997e-06, 0.000401128578233, 0.000978318392299, 0.000780751230195, 0.000499466317706, 0.00102609349415, 0.000544209964573, 0.000240267763729, 6.15500975982e-05, 3.82661564799e-05, 5.77540777158e-06, 2.66319307229e-06, 2.98657573694e-06, 1.63907054684e-06, 7.46286957565e-07, 5.0429065368e-07, 7.84517453667e-07, 2.12585604231e-07, 1.54136429842e-07, 1.2373747893e-07, 1.14601661494e-07, 6.95010768936e-08, 4.15017034072e-08, 2.35949197958e-08, 1.37639633024e-08, 1.22899201926e-08, 7.15699943754e-09, 4.91126384006e-09, 2.97251068204e-09, 2.55385779191e-09, 4.24430401935e-09, 5.61023494328e-09, 2.50887022268e-09, 1.2125657145e-09, 6.5500466162e-10, 3.83535064818e-10, 1.65152683196e-10, 1.10895202743e-10, 8.04137381683e-11], "median": [1.97901795218e-06, 1.12383895612e-06, 3.1728477552e-06, 7.7514370787e-05, 3.6016706872e-05, 3.95123170165e-05, 9.75262155407e-05, 5.85678390053e-05, 1.34826914291e-05, 4.11400651501e-06, 2.45094338425e-06, 8.29579619221e-07, 5.30920942765e-07, 5.12783515205e-07, 3.57224763547e-07, 1.92098084995e-07, 1.50167409174e-07, 1.59582754122e-07, 1.0220835378e-07, 7.75456499014e-08, 5.88396424916e-08, 5.53982388851e-08, 3.62454670721e-08, 2.26439667017e-08, 1.33954172199e-08, 6.99604596477e-09, 5.80161385599e-09, 3.27565397029e-09, 1.82882409216e-09, 8.41969605148e-10, 4.39545788655e-10, 9.98194971125e-10, 1.25201327084e-09, 4.15890349936e-10, 1.81484244299e-10, 8.33398211553e-11, 5.37703770398e-11, 3.7289751148e-11, 3.30880635391e-11, 3.10558904981e-11], "min": [1.05313135951e-23, 5.55117948016e-24, 6.92143166139e-24, 1.06708899105e-23, 5.49611974999e-24, 8.95564913388e-24, 1.01758134281e-23, 1.00466958306e-23, 8.90044070343e-24, 8.79511672853e-24, 3.8585332576e-24, 9.97593185198e-24, 7.58520131515e-24, 9.68133174693e-24, 9.15447679188e-24, 1.68136282949e-23, 7.24108756652e-24, 1.20381862299e-23, 1.72116417537e-23, 7.85626102193e-24, 4.62006959879e-24, 8.72584921903e-24, 8.00263968492e-24, 1.57166351646e-23, 9.39911596922e-24, 8.94491747013e-24, 1.261006621e-23, 1.52929079957e-23, 9.65022617257e-24, 5.42500236166e-24, 6.53923565256e-24, 9.98273893273e-24, 1.09105568975e-23, 8.62013791342e-24, 1.48312523945e-23, 1.6373459687e-23, 1.30239231512e-23, 1.09259475738e-23, 9.70367386548e-24, 9.94710371906e-24], "var": [2.39727647455e-11, 9.41537819932e-12, 2.27926284424e-06, 3.82353300665e-06, 3.7574743601e-06, 2.68794906333e-06, 7.73725969339e-06, 1.96332757696e-06, 6.21534127276e-07, 2.03878101956e-07, 6.61703154492e-08, 4.10537104312e-10, 9.48577605353e-11, 9.06909755627e-11, 2.66389150322e-11, 4.94714208835e-12, 1.8564759105e-12, 8.3248520924e-12, 1.26210700961e-13, 7.47064763567e-14, 6.77197826895e-14, 3.08041420605e-14, 1.06460183009e-14, 3.98551744518e-15, 1.20538262345e-15, 5.78745372667e-16, 5.12985916868e-16, 1.9850561226e-16, 1.39508377821e-16, 4.7337739894e-17, 2.31751284863e-16, 1.52675531456e-16, 1.7203683851e-16, 4.62553442839e-17, 2.08946881522e-17, 1.51665451283e-17, 4.51806505526e-18, 1.7455597488e-18, 3.88752579873e-19, 2.31949612168e-19]}, "mfcc": {"mean": [-901.70123291, 189.149459839, 20.9366664886, -4.27349567413, -12.3635292053, -25.509929657, -28.2256507874, -16.0479354858, -14.0591564178, -9.19279193878, -1.10064530373, -2.43642115593, 0.329130828381], "cov": [[4843.88427734, 2539.09179688, -1107.71862793, -329.756622314, -279.715026855, -471.640594482, -505.620697021, -145.690658569, -165.540054321, -70.4309539795, 67.2942428589, -120.923851013, 30.0723361969], [2539.09179688, 1947.30163574, -161.875839233, -141.934646606, 48.9393234253, -304.971893311, -283.06854248, -153.64263916, -160.228790283, -140.574829102, -128.678482056, -164.058166504, -115.509559631], [-1107.71862793, -161.875839233, 792.390197754, 262.985870361, 167.381240845, 128.009506226, 111.952095032, -34.1716461182, -17.6262340546, -71.8645629883, -173.051971436, -74.3562850952, -112.839653015], [-329.756622314, -141.934646606, 262.985870361, 258.700500488, 109.687187195, 82.9760360718, 79.5040130615, -17.4686012268, -21.7183303833, -48.2425613403, -89.9133987427, -49.9127845764, -34.9220046997], [-279.715026855, 48.9393234253, 167.381240845, 109.687187195, 263.839996338, 87.4083328247, 62.1699943542, -17.3113098145, -57.5130157471, -83.2289886475, -119.719985962, -61.7692947388, -85.6574783325], [-471.640594482, -304.971893311, 128.009506226, 82.9760360718, 87.4083328247, 205.030426025, 131.804092407, 28.7185020447, 4.50887060165, -29.0745429993, -40.4206809998, -15.9684238434, -32.9876213074], [-505.620697021, -283.06854248, 111.952095032, 79.5040130615, 62.1699943542, 131.804092407, 199.477325439, 63.7014808655, 7.46227741241, -17.492351532, -52.869846344, -18.2912197113, -37.6745681763], [-145.690658569, -153.64263916, -34.1716461182, -17.4686012268, -17.3113098145, 28.7185020447, 63.7014808655, 98.1612167358, 52.7207984924, 24.4452915192, 23.0679244995, 11.375369072, 0.920844495296], [-165.540054321, -160.228790283, -17.6262340546, -21.7183303833, -57.5130157471, 4.50887060165, 7.46227741241, 52.7207984924, 101.414810181, 75.6290283203, 53.9951438904, 30.3941574097, 17.3567848206], [-70.4309539795, -140.574829102, -71.8645629883, -48.2425613403, -83.2289886475, -29.0745429993, -17.492351532, 24.4452915192, 75.6290283203, 125.389266968, 107.255203247, 54.8488502502, 43.3027877808], [67.2942428589, -128.678482056, -173.051971436, -89.9133987427, -119.719985962, -40.4206809998, -52.869846344, 23.0679244995, 53.9951438904, 107.255203247, 184.209716797, 115.211769104, 92.6514968872], [-120.923851013, -164.058166504, -74.3562850952, -49.9127845764, -61.7692947388, -15.9684238434, -18.2912197113, 11.375369072, 30.3941574097, 54.8488502502, 115.211769104, 141.423599243, 108.755111694], [30.0723361969, -115.509559631, -112.839653015, -34.9220046997, -85.6574783325, -32.9876213074, -37.6745681763, 0.920844495296, 17.3567848206, 43.3027877808, 92.6514968872, 108.755111694, 155.595703125]], "icov": [[0.0264751408249, -0.0368096418679, 0.036466255784, -0.03633588925, 0.0356585308909, -0.0331756658852, 0.0316078811884, -0.0291118305176, 0.0287497099489, -0.0254059992731, 0.0220058783889, -0.0160537790507, 0.00825047306716], [-0.0368096418679, 0.0522368736565, -0.0506619177759, 0.0510224550962, -0.0499575659633, 0.0474209934473, -0.0434193909168, 0.0409929342568, -0.0396624132991, 0.0362294875085, -0.0308282468468, 0.023313568905, -0.0111966915429], [0.036466255784, -0.0506619177759, 0.0527377538383, -0.0520567893982, 0.0494400523603, -0.046319887042, 0.0439191646874, -0.0394560396671, 0.0392401590943, -0.0360864065588, 0.0332423076034, -0.0248449277133, 0.0134061491117], [-0.03633588925, 0.0510224550962, -0.0520567893982, 0.0577253550291, -0.0511333532631, 0.0462640337646, -0.0459011234343, 0.0428940542042, -0.0413599684834, 0.0370718836784, -0.0321701280773, 0.0267813764513, -0.0148715982214], [0.0356585308909, -0.0499575659633, 0.0494400523603, -0.0511333532631, 0.05586604774, -0.0479502528906, 0.0445552505553, -0.0414793565869, 0.0430214591324, -0.0365795344114, 0.0351375974715, -0.0268283039331, 0.015231968835], [-0.0331756658852, 0.0474209934473, -0.046319887042, 0.0462640337646, -0.0479502528906, 0.0540567748249, -0.0469860695302, 0.0409834720194, -0.0412533655763, 0.0389179363847, -0.0337043441832, 0.0243412964046, -0.0113214161247], [0.0316078811884, -0.0434193909168, 0.0439191646874, -0.0459011234343, 0.0445552505553, -0.0469860695302, 0.053867533803, -0.0465341322124, 0.0432362630963, -0.0382266938686, 0.0356308110058, -0.0254383962601, 0.0134707624093], [-0.0291118305176, 0.0409929342568, -0.0394560396671, 0.0428940542042, -0.0414793565869, 0.0409834720194, -0.0465341322124, 0.0576848573983, -0.0490339137614, 0.0389693416655, -0.0329944305122, 0.0235983151942, -0.0109060127288], [0.0287497099489, -0.0396624132991, 0.0392401590943, -0.0413599684834, 0.0430214591324, -0.0412533655763, 0.0432362630963, -0.0490339137614, 0.0639243870974, -0.0490251407027, 0.0346007868648, -0.0246334858239, 0.0129980426282], [-0.0254059992731, 0.0362294875085, -0.0360864065588, 0.0370718836784, -0.0365795344114, 0.0389179363847, -0.0382266938686, 0.0389693416655, -0.0490251407027, 0.0579467043281, -0.0421781651676, 0.0254342537373, -0.0107368798926], [0.0220058783889, -0.0308282468468, 0.0332423076034, -0.0321701280773, 0.0351375974715, -0.0337043441832, 0.0356308110058, -0.0329944305122, 0.0346007868648, -0.0421781651676, 0.0504837706685, -0.0333981662989, 0.0119303269312], [-0.0160537790507, 0.023313568905, -0.0248449277133, 0.0267813764513, -0.0268283039331, 0.0243412964046, -0.0254383962601, 0.0235983151942, -0.0246334858239, 0.0254342537373, -0.0333981662989, 0.0412254035473, -0.0207628645003], [0.00825047306716, -0.0111966915429, 0.0134061491117, -0.0148715982214, 0.015231968835, -0.0113214161247, 0.0134707624093, -0.0109060127288, 0.0129980426282, -0.0107368798926, 0.0119303269312, -0.0207628645003, 0.0211626309901]]}, "spectral_contrast_coeffs": {"dmean": [0.0432912036777, 0.0419428795576, 0.0323313511908, 0.0216629803181, 0.0148900886998, 0.0175323877484], "dmean2": [0.0694740414619, 0.0650323629379, 0.0508252307773, 0.0354394353926, 0.0244077555835, 0.029174612835], "dvar": [0.0012606860837, 0.00115502276458, 0.000682637561113, 0.000283970555756, 0.000141534241266, 0.000272696110187], "dvar2": [0.0033118641004, 0.00280488026328, 0.0016299916897, 0.0007395237335, 0.000370836321963, 0.000779308844358], "max": [-0.222325205803, -0.212186604738, -0.347637087107, -0.624526500702, -0.659526586533, -0.597075104713], "mean": [-0.537852346897, -0.580945312977, -0.770396530628, -0.83096331358, -0.831179559231, -0.807338833809], "median": [-0.510151565075, -0.569380760193, -0.780402421951, -0.836222290993, -0.831942439079, -0.808715462685], "min": [-0.939479708672, -0.981690108776, -0.964419662952, -0.962828457355, -0.966181159019, -0.958940088749], "var": [0.0265443008393, 0.0181648414582, 0.00648706872016, 0.00149685621727, 0.00109432358295, 0.0026455889456]}, "spectral_contrast_valleys": {"dmean": [0.399732649326, 0.315961331129, 0.263210058212, 