{"lowlevel": {"average_loudness": 0.120100185275, "barkbands_crest": {"dmean": 4.79079246521, "dmean2": 8.43879127502, "dvar": 13.0997152328, "dvar2": 38.6321754456, "max": 26.9265613556, "mean": 15.2860794067, "median": 14.7637147903, "min": 4.05872774124, "var": 24.8403663635}, "barkbands_flatness_db": {"dmean": 0.046360373497, "dmean2": 0.0805175825953, "dvar": 0.00138079887256, "dvar2": 0.00416497699916, "max": 0.656556248665, "mean": 0.301868200302, "median": 0.292895674706, "min": 0.0483141206205, "var": 0.00415742583573}, "barkbands_kurtosis": {"dmean": 31.0193195343, "dmean2": 54.9767494202, "dvar": 9628.99609375, "dvar2": 22814.8417969, "max": 14572.8232422, "mean": 43.058380127, "median": 23.4983863831, "min": -1.87250673771, "var": 23501.8886719}, "barkbands_skewness": {"dmean": 1.67182433605, "dmean2": 2.89145517349, "dvar": 3.4716694355, "dvar2": 10.0786237717, "max": 111.813331604, "mean": 3.90078544617, "median": 3.61403942108, "min": -3.01413583755, "var": 9.92038154602}, "barkbands_spread": {"dmean": 1.90814781189, "dmean2": 3.27872085571, "dvar": 3.99680042267, "dvar2": 10.9773235321, "max": 51.2750244141, "mean": 4.65685081482, "median": 3.25494289398, "min": 0.0280300807208, "var": 14.9363231659}, "dissonance": {"dmean": 0.0347666330636, "dmean2": 0.0593669340014, "dvar": 0.00118191563524, "dvar2": 0.00324992928654, "max": 0.500000238419, "mean": 0.436939805746, "median": 0.453124493361, "min": 0.181704580784, "var": 0.0026065974962}, "dynamic_complexity": 4.12694501877, "erbbands_crest": {"dmean": 3.23704838753, "dmean2": 5.35423612595, "dvar": 8.24211406708, "dvar2": 20.4658679962, "max": 33.7218208313, "mean": 12.0913381577, "median": 9.78986644745, "min": 2.29459428787, "var": 41.7560577393}, "erbbands_flatness_db": {"dmean": 0.0203139800578, "dmean2": 0.0319750085473, "dvar": 0.000313442811603, "dvar2": 0.000728933431674, "max": 0.42434835434, "mean": 0.192087575793, "median": 0.165971904993, "min": 0.0241598449647, "var": 0.00435020402074}, "erbbands_kurtosis": {"dmean": 4.06984806061, "dmean2": 6.4984331131, "dvar": 49.0011024475, "dvar2": 113.557518005, "max": 174.873321533, "mean": 7.58090162277, "median": 3.62157487869, "min": -1.70641636848, "var": 134.057174683}, "erbbands_skewness": {"dmean": 0.549334645271, "dmean2": 0.918954670429, "dvar": 0.281842470169, "dvar2": 0.767694473267, "max": 8.16809463501, "mean": 1.50855612755, "median": 1.48660421371, "min": -3.3920879364, "var": 0.758411169052}, "erbbands_spread": {"dmean": 6.2022228241, "dmean2": 10.2723197937, "dvar": 35.997467041, "dvar2": 100.470657349, "max": 151.922866821, "mean": 27.216217041, "median": 27.9399871826, "min": 0.60953193903, "var": 310.795288086}, "hfc": {"dmean": 2.97452163696, "dmean2": 4.53477478027, "dvar": 25.4842643738, "dvar2": 52.6993865967, "max": 348.994018555, "mean": 8.24697303772, "median": 3.88228797913, "min": 0.000192825842532, "var": 129.428085327}, "melbands_crest": {"dmean": 6.00083684921, "dmean2": 10.3666315079, "dvar": 21.4254302979, "dvar2": 62.3316917419, "max": 39.9257736206, "mean": 21.9627685547, "median": 21.3825969696, "min": 4.79805421829, "var": 46.9692726135}, "melbands_flatness_db": {"dmean": 0.0375201664865, "dmean2": 0.0640475228429, "dvar": 0.00089127040701, "dvar2": 0.00257908692583, "max": 0.723287880421, "mean": 0.38177266717, "median": 0.369535475969, "min": 0.031311314553, "var": 0.00504074897617}, "melbands_kurtosis": {"dmean": 29.9285125732, "dmean2": 51.6640205383, "dvar": 7145.27636719, "dvar2": 15134.0966797, "max": 15043.3310547, "mean": 54.4348564148, "median": 33.9276046753, "min": -1.80480527878, "var": 22632.5136719}, "melbands_skewness": {"dmean": 1.41242909431, "dmean2": 2.3901386261, "dvar": 2.20785498619, "dvar2": 6.0920882225, "max": 104.63596344, "mean": 4.13990306854, "median": 4.02814006805, "min": -2.69990897179, "var": 9.39001274109}, "melbands_spread": {"dmean": 1.87637913227, "dmean2": 3.15084004402, "dvar": 4.88545846939, "dvar2": 12.5528259277, "max": 80.4018325806, "mean": 5.30955553055, "median": 3.11434078217, "min": 0.0426839217544, "var": 23.2750110626}, "pitch_salience": {"dmean": 0.126687005162, "dmean2": 0.220132559538, "dvar": 0.00995105691254, "dvar2": 0.029336899519, "max": 0.915450274944, "mean": 0.399814099073, "median": 0.402861505747, "min": 0.00787832960486, "var": 0.0196109749377}, "silence_rate_20dB": {"dmean": 0.00414451770484, "dmean2": 0.0082892216742, "dvar": 0.00412551639602, "dvar2": 0.0103305848315, "max": 1, "mean": 0.994233846664, "median": 1, "min": 0, "var": 0.00573026249185}, "silence_rate_30dB": {"dmean": 0.0793765187263, "dmean2": 0.158756613731, "dvar": 0.0731031596661, "dvar2": 0.173928484321, "max": 1, "mean": 0.870306551456, "median": 1, "min": 0, "var": 0.112827725708}, "silence_rate_60dB": {"dmean": 0.00250022532418, "dmean2": 0.00497803790495, "dvar": 0.00249533471651, "dvar2": 0.00644508283585, "max": 1, "mean": 0.00515800621361, "median": 0, "min": 0, "var": 0.00513525959104}, "spectral_centroid": {"dmean": 74.5923233032, "dmean2": 126.212898254, "dvar": 5696.38964844, "dvar2": 15169.5673828, "max": 3373.47314453, "mean": 422.299163818, "median": 398.32409668, "min": 123.445114136, "var": 23682.6835938}, "spectral_complexity": {"dmean": 1.41715466976, "dmean2": 2.44171643257, "dvar": 1.44681215286, "dvar2": 3.83756184578, "max": 32, "mean": 7.27497339249, "median": 7, "min": 0, "var": 8.22061347961}, "spectral_decrease": {"dmean": 1.26540591339e-08, "dmean2": 2.24157048478e-08, "dvar": 2.48760050551e-16, "dvar2": 7.39381147708e-16, "max": -1.51255753358e-15, "mean": -1.93751894528e-08, "median": -1.32011637177e-08, "min": -5.24930726442e-07, "var": 4.02923699781e-16}, "spectral_energy": {"dmean": 0.0479017086327, "dmean2": 0.0848154500127, "dvar": 0.00355525594205, "dvar2": 0.0105592096224, "max": 2.00807976723, "mean": 0.0738747417927, "median": 0.0504665747285, "min": 2.31986181376e-08, "var": 0.00583006395027}, "spectral_energyband_high": {"dmean": 5.3157491493e-06, "dmean2": 8.72013060871e-06, "dvar": 5.65344127068e-09, "dvar2": 1.39332518856e-08, "max": 0.0144635699689, "mean": 3.61505262845e-05, "median": 3.6743524106e-05, "min": 1.34513378214e-08, "var": 6.41442587934e-09}, "spectral_energyband_low": {"dmean": 0.0240871515125, "dmean2": 0.0420140959322, "dvar": 0.00085735070752, "dvar2": 0.00238444795832, "max": 1.9059073925, "mean": 0.0384561233222, "median": 0.0267990101129, "min": 1.08773948182e-10, "var": 0.002225226257}, "spectral_energyband_middle_high": {"dmean": 0.000488681369461, "dmean2": 0.000761025352404, "dvar": 3.71249325326e-06, "dvar2": 8.72397413332e-06, "max": 0.0702820792794, "mean": 0.000872477830853, "median": 0.000195265223738, "min": 6.09756822811e-09, "var": 6.96729739502e-06}, "spectral_energyband_middle_low": {"dmean": 0.0057456092909, "dmean2": 0.00901635643095, "dvar": 0.000145520651131, "dvar2": 0.000336782482918, "max": 0.860623002052, "mean": 0.0131494887173, "median": 0.00542641570792, "min": 3.38459393845e-09, "var": 0.000579073152039}, "spectral_entropy": {"dmean": 0.218713134527, "dmean2": 0.359745025635, "dvar": 0.0300164669752, "dvar2": 0.0834776684642, "max": 8.47642612457, "mean": 6.80149364471, "median": 6.88506269455, "min": 4.64490795135, "var": 0.22967851162}, "spectral_flux": {"dmean": 0.0611354075372, "dmean2": 0.101732909679, "dvar": 0.00354886963032, "dvar2": 0.00897505506873, "max": 0.811881780624, "mean": 0.163840189576, "median": 0.143867015839, "min": 0.000152310924022, "var": 0.00691068358719}, "spectral_kurtosis": {"dmean": 4.1164021492, "dmean2": 7.02824735641, "dvar": 139.841445923, "dvar2": 405.847717285, "max": 305.738525391, "mean": 13.4032917023, "median": 5.48294258118, "min": 0.528358459473, "var": 926.867370605}, "spectral_rms": {"dmean": 0.00265016150661, "dmean2": 0.00462765386328, "dvar": 5.9139338191e-06, "dvar2": 1.78698865057e-05, "max": 0.0442617461085, "mean": 0.00774678401649, "median": 0.00701681431383, "min": 4.75739398098e-06, "var": 1.20598024296e-05}, "spectral_rolloff": {"dmean": 105.105651855, "dmean2": 189.731674194, "dvar": 28695.5957031, "dvar2": 65007.2890625, "max": 17635.6933594, "mean": 233.920303345, "median": 129.19921875, "min": 21.533203125, "var": 56087.0976562}, "spectral_skewness": {"dmean": 0.322182893753, "dmean2": 0.542601764202, "dvar": 0.305660277605, "dvar2": 0.903801739216, "max": 14.7894573212, "mean": 2.51434826851, "median": 2.11566019058, "min": -0.122306004167, "var": 2.46316218376}, "spectral_spread": {"dmean": 351094.0625, "dmean2": 593977.1875, "dvar": 86321266688, "dvar2": 245955510272, "max": 15874766, "mean": 4047899.5, "median": 4218557, "min": 303169.15625, "var": 1442842279940.0}, "spectral_strongpeak": {"dmean": 0.369516313076, "dmean2": 0.675243794918, "dvar": 0.713453054428, "dvar2": 1.87209272385, "max": 11.5452423096, "mean": 0.318506032228, "median": 0, "min": 0, "var": 0.753507316113}, "zerocrossingrate": {"dmean": 0.00362524297088, "dmean2": 0.00511869881302, "dvar": 1.12957814054e-05, "dvar2": 2.09902045754e-05, "max": 0.193359375, "mean": 0.012696753256, "median": 0.01171875, "min": 0, "var": 7.5529620517e-05}, "barkbands": {"dmean": [0.0396627299488, 0.0129845598713, 0.00397184398025, 0.00214974908158, 0.00188513891771, 0.000840449065436, 0.000687335792463, 0.00208799517713, 0.0008671003161, 0.000537931395229, 4.35500987805e-05, 3.98178381147e-05, 3.29782487825e-05, 2.06382665056e-05, 7.00962345945e-06, 2.37671229115e-05, 3.90267314287e-06, 3.58693705493e-06, 2.96756911666e-06, 1.59074977546e-06, 2.06552590498e-06, 2.5269712296e-06, 1.83688189281e-06, 1.67369466908e-06, 6.2051100258e-07, 2.59996486562e-08, 3.26213935864e-08], "dmean2": [0.0715607628226, 0.0227390937507, 0.00687607936561, 0.00374529347755, 0.00323687936179, 0.00140112300869, 0.00102910038549, 0.0030257164035, 0.00126710976474, 0.000837295840029, 7.00297605363e-05, 6.59273209749e-05, 5.45675029571e-05, 3.24316715705e-05, 1.19628448374e-05, 3.74254559574e-05, 6.64123672323e-06, 5.93670802118e-06, 4.93704192195e-06, 2.76936066257e-06, 3.44476643477e-06, 4.17092087446e-06, 3.14196768159e-06, 2.74206763606e-06, 1.07095036128e-06, 4.00504198694e-08, 5.36082183089e-08], "dvar": [0.00316768116318, 0.000439510709839, 8.25476308819e-05, 3.50658046955e-05, 3.83576334571e-05, 1.16148839879e-05, 7.12916380508e-06, 3.35571057803e-05, 7.6321666711e-06, 4.55374402009e-06, 3.04925080741e-08, 1.37460478555e-08, 1.19412524313e-08, 1.17749063833e-08, 2.30212543473e-10, 1.16127170102e-08, 1.12961646981e-10, 1.31315444629e-10, 9.14112674444e-11, 8.23985046861e-10, 2.13946127481e-09, 3.02748659475e-11, 4.11993703042e-12, 2.15490056354e-11, 3.53823741139e-13, 1.82110067721e-14, 5.09216217912e-14], "dvar2": [0.00961024407297, 0.00129348470364, 0.000192317093024, 8.38711712277e-05, 0.000103080659756, 2.78260449704e-05, 1.25455026136e-05, 6.89498119755e-05, 1.53949767991e-05, 1.05999160951e-05, 6.3620667845e-08, 3.56536844492e-08, 2.91061255098e-08, 2.20540758988e-08, 6.25773155516e-10, 2.63602366601e-08, 2.93847363109e-10, 2.74959166546e-10, 2.15515272295e-10, 2.10246953181e-09, 5.17665688093e-09, 6.26437374196e-11, 1.13641266536e-11, 4.25194532361e-11, 1.02332834047e-12, 4.52526640563e-14, 1.26979224119e-13], "max": [0.707803547382, 0.81144618988, 1.28521764278, 0.819378376007, 0.447781682014, 0.375477820635, 0.387494564056, 0.23028844595, 0.120372720063, 0.0699642375112, 0.00936201866716, 0.00517531251535, 0.00375283323228, 0.00675850082189, 0.000844207825139, 0.00494672358036, 0.000643401872367, 0.000686001265422, 0.000647646840662, 0.00515452958643, 0.00871829595417, 0.00069836108014, 0.000123880090541, 0.000210281999898, 4.31168045907e-05, 1.94182266569e-05, 3.3795950003e-05], "mean": [0.0376158095896, 0.0172861013561, 0.00498278485611, 0.0026634929236, 0.00291648460552, 0.00126537284814, 0.00118379469495, 0.00353924091905, 0.00132728321478, 0.000759163522162, 7.08775405656e-05, 6.74193870509e-05, 5.21495712746e-05, 3.3075139072e-05, 1.31120441438e-05, 3.76681309717e-05, 8.08702498034e-06, 8.04398769105e-06, 6.7691453296e-06, 4.65054790766e-06, 6.36761387796e-06, 9.03717500478e-06, 8.19947672426e-06, 7.11834218237e-06, 2.54794190369e-06, 8.52995682976e-08, 2.00847139809e-07], "median": [0.0177856981754, 0.00996619928628, 0.00236102705821, 0.0011812413577, 0.00119572808035, 0.000420985626988, 0.000258163985563, 0.000164177603438, 9.77271629381e-05, 5.46444971405e-05, 2.14192350541e-05, 2.17379492824e-05, 1.49984198288e-05, 1.06326560854e-05, 7.70288352214e-06, 7.28994655219e-06, 5.41802955922e-06, 5.34330183655e-06, 5.0667481446e-06, 4.3910599743e-06, 6.01025749347e-06, 8.03043985798e-06, 8.62561319082e-06, 7.23920811652e-06, 2.63736410488e-06, 6.00296914399e-08, 1.80753332302e-07], "min": [1.20354759145e-11, 3.19805223969e-11, 2.15298456147e-11, 1.49787723891e-10, 3.05280911661e-10, 3.37777306125e-10, 9.26797028011e-10, 2.03443789593e-10, 1.43587142176e-09, 2.74816780443e-10, 4.51810366897e-10, 2.39286673809e-10, 2.99104213619e-10, 1.30900124073e-09, 3.59828861152e-10, 5.13562470328e-10, 4.89983276175e-10, 8.99987084857e-10, 7.50736139921e-10, 1.00656827318e-09, 1.19416931899e-09, 6.12667971911e-10, 4.72759387193e-10, 1.00337382847e-09, 1.21620946647e-09, 3.10325520836e-09, 5.16212361745e-09], "var": [0.00305337458849, 0.000820305023808, 0.000391421170207, 0.000109609209176, 7.99670306151e-05, 2.03506151593e-05, 1.80989190994e-05, 8.34081656649e-05, 1.58526563609e-05, 8.03718739917e-06, 6.81232990019e-08, 3.02694616039e-08, 2.09537791562e-08, 2.38749713333e-08, 4.51455817174e-10, 2.63325041772e-08, 2.14549794597e-10, 3.53840651224e-10, 1.55712012728e-10, 1.02230190979e-09, 1.99794558675e-09, 8.61560961463e-11, 2.35636267443e-11, 6.16918599539e-11, 1.05619929035e-12, 2.93107890932e-14, 3.92666889943e-14]}, "erbbands": {"dmean": [0.639414429665, 2.39879870415, 4.3917632103, 5.79485797882, 6.36713981628, 7.13540697098, 6.61290836334, 6.75389385223, 7.50891923904, 24.1859226227, 45.7428207397, 18.2081661224, 15.3877744675, 11.129858017, 2.21352505684, 1.64706015587, 1.51758146286, 1.13643193245, 0.496336191893, 0.787449419498, 0.763689815998, 0.203776612878, 0.204002276063, 0.210924163461, 0.0835512429476, 0.0756989195943, 0.0788076594472, 0.0894071385264, 0.0886904597282, 0.0850586593151, 0.0541309565306, 0.0454413183033, 0.0226119924337, 0.00932573154569, 0.000472050742246, 7.67609963077e-05, 6.24605527264e-05, 2.01609018404e-05, 2.18024360947e-05, 5.1522089052e-05], "dmean2": [1.1287637949, 4.19901037216, 7.62751245499, 9.99046230316, 11.0572004318, 12.0698547363, 11.4391517639, 11.1312713623, 11.5534057617, 35.0606803894, 65.604019165, 26.6316566467, 23.2725429535, 17.7185211182, 3.51768541336, 2.66189813614, 2.49989652634, 1.77875697613, 0.821195363998, 1.24967324734, 1.21651756763, 0.342426836491, 0.336570292711, 0.348542928696, 0.142055824399, 0.13171723485, 0.128882676363, 0.151253148913, 0.149079501629, 0.141715571284, 0.0924039930105, 0.0746960267425, 0.0377714373171, 0.0160775668919, 0.000802981026936, 0.000121677854622, 9.75357033894e-05, 3.17785670632e-05, 3.82190446544e-05, 9.11608003662e-05], "dvar": [0.652291536331, 23.6591053009, 78.9572677612, 287.619873047, 261.473907471, 803.760803223, 653.809020996, 821.292663574, 1230.36901855, 5714.88085938, 18035.1699219, 3175.8503418, 3824.73706055, 2829.69555664, 67.2145767212, 21.9165096283, 25.5652923584, 34.7929267883, 1.78402423859, 9.42261505127, 9.95987224579, 0.212841898203, 0.495330780745, 0.584504187107, 0.0769824385643, 2.21304559708, 3.4069173336, 2.29603409767, 0.0556485727429, 0.0349763892591, 0.00375640904531, 0.013415385969, 0.00192859210074, 9.08048823476e-05, 5.56151917408e-07, 1.66474336538e-07, 7.23514190781e-08, 1.67460427747e-08, 1.87224036274e-09, 4.09998968109e-09], "dvar2": [1.88094115257, 70.5650100708, 210.948577881, 569.97857666, 723.410583496, 2012.74328613, 1798.09313965, 1800.88977051, 2815.20239258, 11484.7939453, 35467.2851562, 6374.34033203, 8393.578125, 6741.46777344, 137.065109253, 51.5717086792, 62.2900543213, 64.6246337891, 4.04686450958, 20.7659168243, 23.3182086945, 0.534451961517, 1.03521692753, 1.37884426117, 0.193278208375, 6.14768123627, 7.38601350784, 5.83280229568, 0.133404567838, 0.0775151923299, 0.0101804630831, 0.0267706364393, 0.00409963866696, 0.000253311096458, 1.37523556987e-06, 4.01902809699e-07, 1.80448608944e-07, 4.19511465566e-08, 4.96876051415e-09, 1.21604371017e-08], "max": [16.7712078094, 202.132156372, 839.391357422, 3014.00219727, 677.990600586, 2580.75024414, 1248.03100586, 3638.84326172, 4457.78271484, 3637.12915039, 6100.94775391, 2710.58447266, 2592.75756836, 1894.03234863, 456.063201904, 166.892807007, 176.429092407, 368.279907227, 78.7427215576, 146.86340332, 133.495300293, 41.0113487244, 43.760345459, 29.4893817902, 51.9894485474, 264.894073486, 365.177062988, 277.764862061, 39.0461616516, 7.77884626389, 4.43229389191, 5.31493186951, 3.98334980011, 0.950511336327, 0.0804243981838, 0.0542760267854, 0.0384640432894, 0.0191075466573, 0.00528644677252, 0.00220982520841], "mean": [0.779400467873, 3.1212553978, 5.93550157547, 8.08027458191, 8.8600358963, 10.2800207138, 9.49914073944, 10.2806577682, 12.9398326874, 42.4577560425, 77.5946884155, 29.657623291, 23.4762401581, 15.6511001587, 3.8647146225, 3.00859260559, 2.53459262848, 1.91959393024, 0.958091616631, 1.39229917526, 1.2946805954, 0.469978481531, 0.462634325027, 0.440151631832, 0.250330150127, 0.220395088196, 0.233315333724, 0.276501208544, 0.306910306215, 0.300986588001, 0.231840401888, 0.178260371089, 0.106548570096, 0.0466256961226, 0.00236440543085, 0.000312035961542, 0.000206907861866, 8.05925446912e-05, 5.80663800065e-05, 8.37774641695e-05], "median": [0.509950816631, 1.48542928696, 2.87519812584, 3.8797249794, 4.15956163406, 3.53199934959, 3.36945509911, 3.20843601227, 3.43737769127, 4.95805931091, 3.16168093681, 2.62204480171, 2.28836297989, 1.31083071232, 1.05897641182, 0.995868444443, 0.789718806744, 0.61585777998, 0.482439815998, 0.435830622911, 0.389059126377, 0.327711254358, 0.302699446678, 0.277911871672, 0.23524518311, 0.208813384175, 0.220863536, 0.25463116169, 0.281403958797, 0.269831746817, 0.243499964476, 0.180163234472, 0.111922577024, 0.0492163226008, 0.00236189295538, 0.000211364225834, 0.000156455207616, 6.35141113889e-05, 4.69599217467e-05, 5.86637579545e-05], "min": [1.73098513301e-09, 4.51412507374e-09, 1.92476949934e-08, 2.57331237208e-07, 1.11288113658e-06, 8.03885654932e-07, 4.66280852152e-07, 3.96692712457e-06, 1.55168654601e-05, 5.23146718479e-06, 1.28756591948e-05, 3.56772870873e-05, 8.62626075104e-06, 1.63695403899e-05, 1.62531887327e-05, 6.38445499135e-06, 1.54619010573e-05, 4.1283081373e-05, 3.99615164497e-05, 3.37464334734e-05, 2.81851953332e-05, 2.72477027465e-05, 5.08496596012e-05, 3.55517586286e-05, 3.83904480259e-05, 4.83575640828e-05, 5.42095622222e-05, 4.60103365185e-05, 2.34507733694e-05, 2.14520496229e-05, 1.28734855025e-05, 1.72552154254e-05, 1.75156328623e-05, 7.416149856e-06, 1.27583734866e-05, 7.77399418439e-06, 7.03671321389e-06, 1.69502482095e-06, 7.26314340227e-07, 8.94246454664e-08], "var": [0.851024746895, 45.4713821411, 252.361923218, 1662.55578613, 486.00982666, 1548.04211426, 1074.07299805, 1544.48620605, 2395.8046875, 14971.8076172, 43876.7070312, 6865.18652344, 7590.34472656, 4795.15917969, 158.613464355, 56.5762557983, 45.4983139038, 71.9003448486, 3.75641083717, 23.1130657196, 21.2695159912, 0.479761362076, 1.27970552444, 1.03035831451, 0.118154853582, 2.16731500626, 4.38384723663, 1.93531131744, 0.0974957644939, 0.104611821473, 0.0198622979224, 0.0400437414646, 0.00590834254399, 0.00033607048681, 1.51344340793e-06, 3.81646714231e-07, 1.10314388735e-07, 1.74296808098e-08, 2.06837280636e-09, 6.81542999814e-09]}, "gfcc": {"mean": [-89.07006073, 151.785644531, -67.6996307373, 38.9382629395, -56.9639549255, 19.2843608856, -17.2313747406, 0.296945661306, 6.15733957291, -13.800034523, 2.1880967617, -14.0023202896, -0.520922780037], "cov": [[1634.34521484, 108.103981018, -526.982421875, -202.857711792, -448.7684021, 32.0159759521, 65.044631958, 203.817062378, 201.537261963, -3.70211529732, -64.0288772583, -130.081863403, -66.2667770386], [108.103981018, 998.440673828, 51.3224601746, -567.844970703, 301.637664795, -283.543273926, 52.512462616, -39.4120521545, 16.5229721069, 33.167350769, -57.4149131775, 31.364818573, -54.8836555481], [-526.982421875, 51.3224601746, 333.339996338, 85.976852417, 177.027023315, -37.2063064575, -13.6764192581, -90.356262207, -72.8657150269, 16.1397266388, 41.3233604431, 39.7228927612, 13.1048154831], [-202.857711792, -567.844970703, 85.976852417, 560.686340332, -75.0688858032, 171.527420044, -64.5488815308, -54.6622314453, -60.0539169312, -41.8782920837, 77.7083282471, -20.6244621277, 67.6819992065], [-448.7684021, 301.637664795, 177.027023315, -75.0688858032, 411.716674805, -73.2402648926, -11.8670253754, -110.189872742, -95.0414886475, 1.56039988995, 22.8869838715, 76.7906799316, 29.6309204102], [32.0159759521, -283.543273926, -37.2063064575, 171.527420044, -73.2402648926, 161.736602783, 3.23676967621, 7.37730646133, -7.99866056442, -33.1503067017, 16.1378536224, -7.3197684288, 26.6248092651], [65.044631958, 52.512462616, -13.6764192581, -64.5488815308, -11.8670253754, 3.23676967621, 109.480651855, 55.8754005432, 27.3419589996, -0.572953045368, -30.7929229736, -11.9226846695, 0.150954246521], [203.817062378, -39.4120521545, -90.356262207, -54.6622314453, -110.189872742, 7.37730646133, 55.8754005432, 126.390510559, 75.8149185181, -3.66251397133, -36.3319015503, -33.7591438293, -5.51102018356], [201.537261963, 16.5229721069, -72.8657150269, -60.0539169312, -95.0414886475, -7.99866056442, 27.3419589996, 75.8149185181, 124.464103699, 26.6782588959, -25.6872177124, -41.9544372559, -19.9717655182], [-3.70211529732, 33.167350769, 16.1397266388, -41.8782920837, 1.56039988995, -33.1503067017, -0.572953045368, -3.66251397133, 26.6782588959, 86.2925491333, 27.7468738556, -8.79244041443, -32.6032943726], [-64.0288772583, -57.4149131775, 41.3233604431, 77.7083282471, 22.8869838715, 16.1378536224, -30.7929229736, -36.3319015503, -25.6872177124, 27.7468738556, 105.162742615, 27.4641017914, 10.0029249191], [-130.081863403, 31.364818573, 39.7228927612, -20.6244621277, 76.7906799316, -7.3197684288, -11.9226846695, -33.7591438293, -41.9544372559, -8.79244041443, 27.4641017914, 81.4603424072, 24.3684139252], [-66.2667770386, -54.8836555481, 13.1048154831, 67.6819992065, 29.6309204102, 26.6248092651, 0.150954246521, -5.51102018356, -19.9717655182, -32.6032943726, 10.0029249191, 24.3684139252, 84.1201019287]], "icov": [[0.00210387026891, -0.00184509472456, 0.00247319112532, -0.000899588456377, 0.00185647630133, -0.00126805179752, -9.65671097219e-06, -0.000849845295306, -0.000187097059097, -0.000224024435738, -0.000667838496156, 0.000431439606473, 0.000306979200104], [-0.00184509472456, 0.00720460759476, -0.00212643132545, 0.00515697104856, -0.00405443273485, 0.00601906469092, -0.00212889630347, 0.00460787909105, -0.00209930259734, 0.00385231431574, -0.00138458365109, 0.00247409660369, -0.000299498729873], [0.00247319112532, -0.00212643132545, 0.00800926052034, -0.0027783352416, 0.000632636714727, 0.000540294160601, -0.00173851882573, 0.000698129937518, 0.000195993576199, -0.00113480060827, -0.00088812893955, -0.00038316642167, 0.00102690828498], [-0.000899588456377, 0.00515697104856, -0.0027783352416, 0.00833269115537, -0.00165758514777, 0.000585655798204, 0.000246868265094, 0.00392491323873, -0.000645472377073, 0.00373222772032, -0.00337580987252, 0.00537307327613, -0.00282216491178], [0.00185647630133, -0.00405443273485, 0.000632636714727, -0.00165758514777, 0.00747179519385, -0.00239283079281, 2.28300214076e-05, 0.000391453882912, 0.00191356264986, -0.00183738267515, 0.000447545462521, -0.00222108582966, -0.00146427412983], [-0.00126805179752, 0.00601906469092, 0.000540294160601, 0.000585655798204, -0.00239283079281, 0.0166469700634, -0.00483835395426, 0.00465796794742, -0.00213545630686, 0.00592564465478, -0.00227362522855, 0.000795427768026, 9.01802268345e-05], [-9.65671097219e-06, -0.00212889630347, -0.00173851882573, 0.000246868265094, 2.28300214076e-05, -0.00483835395426, 0.0149227678776, -0.00866022426635, 0.00213372404687, -0.00296636135317, 0.00286231259815, 8.70726580615e-05, -0.00140388438012], [-0.000849845295306, 0.00460787909105, 0.000698129937518, 0.00392491323873, 0.000391453882912, 0.00465796794742, -0.00866022426635, 0.0227470379323, -0.00903088785708, 0.00525945564732, -0.000709879270289, 0.00241215177812, -0.00175618764479], [-0.000187097059097, -0.00209930259734, 0.000195993576199, -0.000645472377073, 0.00191356264986, -0.00213545630686, 0.00213372404687, -0.00903088785708, 0.0174237135798, -0.00702015450224, 0.00207367772236, 0.00271170353517, -0.0012381572742], [-0.000224024435738, 0.00385231431574, -0.00113480060827, 0.00373222772032, -0.00183738267515, 0.00592564465478, -0.00296636135317, 0.00525945564732, -0.00702015450224, 0.0221735965461, -0.00899573881179, 0.00382634601556, 0.00552099244669], [-0.000667838496156, -0.00138458365109, -0.00088812893955, -0.00337580987252, 0.000447545462521, -0.00227362522855, 0.00286231259815, -0.000709879270289, 0.00207367772236, -0.00899573881179, 0.0167645029724, -0.00667697610334, -0.00111815379933], [0.000431439606473, 0.00247409660369, -0.00038316642167, 0.00537307327613, -0.00222108582966, 0.000795427768026, 8.70726580615e-05, 0.00241215177812, 0.00271170353517, 0.00382634601556, -0.00667697610334, 0.0223453771323, -0.00517319375649], [0.000306979200104, -0.000299498729873, 0.00102690828498, -0.00282216491178, -0.00146427412983, 9.01802268345e-05, -0.00140388438012, -0.00175618764479, -0.0012381572742, 0.00552099244669, -0.00111815379933, -0.00517319375649, 0.0178970210254]]}, "melbands": {"dmean": [0.00565602211282, 0.00240671867505, 0.000962006510235, 0.000447770929895, 0.000242395501118, 0.000152079694089, 0.000118681360618, 0.000306106056087, 0.00035142104025, 0.000104106526123, 8.08442491689e-05, 5.12354999955e-05, 5.88192369833e-06, 5.75908325118e-06, 3.77773608307e-06, 2.7592063816e-06, 2.35117090597e-06, 9.09081450118e-07, 4.64537890821e-07, 2.23741062655e-06, 5.59551097012e-07, 2.23269921662e-07, 2.11568703889e-07, 1.7113491424e-07, 1.94647299168e-07, 7.1592687334e-08, 5.77575498539e-08, 5.84464068254e-08, 5.39445714764e-08, 5.51366845514e-08, 6.09801702467e-08, 5.86472843622e-08, 5.76035326105e-08, 4.99440915291e-08, 3.78793529876e-08, 3.19713677754e-08, 3.47369422116e-08, 2.03697840817e-08, 1.74557825972e-08, 5.92699356261e-09], "dmean2": [0.00993061251938, 0.00416186871007, 0.0016514378367, 0.00077183463145, 0.000413774920162, 0.000250321230851, 0.000180231945706, 0.000440628326032, 0.000504501746036, 0.000153986227815, 0.000123064266518, 8.19409324322e-05, 9.43342638493e-06, 9.42671158555e-06, 6.03659600529e-06, 4.60789033241e-06, 3.67187567463e-06, 1.51668984927e-06, 7.91586955984e-07, 3.50917707692e-06, 9.14301210742e-07, 3.79653442906e-07, 3.52567440132e-07, 2.84639583015e-07, 3.2256653526e-07, 1.2286724882e-07, 9.89440280819e-08, 1.02408172609e-07, 8.92299567568e-08, 9.28723054017e-08, 1.03736233825e-07, 9.86473693843e-08, 9.6660208726e-08, 8.38518232626e-08, 6.48621636401e-08, 5.48243832554e-08, 5.63855202529e-08, 3.39092451895e-08, 3.01355740362e-08, 1.02411448211e-08], "dvar": [4.82403374917e-05, 2.14170249819e-05, 6.56188058201e-06, 1.79078335805e-06, 9.55753989729e-07, 4.22313405579e-07, 3.00138708553e-07, 8.19511058125e-07, 1.0199347571e-06, 1.14903592419e-07, 9.75068914499e-08, 6.53411262874e-08, 5.6204624288e-10, 2.97864871657e-10, 1.46758147301e-10, 8.60361989985e-11, 1.75703535055e-10, 6.03401400026e-12, 1.35483291253e-12, 1.08590164638e-10, 3.77545607624e-12, 3.23272197856e-13, 3.86920909808e-13, 1.90623843208e-13, 5.09074499135e-13, 3.78244087256e-14, 4.74948348066e-14, 1.62136753676e-12, 1.28228319889e-12, 1.53749788508e-12, 5.37852097929e-13, 1.91835124039e-14, 1.10831271122e-14, 7.89570994442e-15, 1.88175230199e-15, 1.25613239072e-15, 1.38132566027e-14, 1.89452026488e-15, 3.50175014158e-16, 3.10940600243e-17], "dvar2": [0.000141107069794, 5.87039212405e-05, 1.37702463689e-05, 4.85693090013e-06, 2.53392636296e-06, 9.43162774547e-07, 6.33928038951e-07, 1.69712211573e-06, 2.03023341783e-06, 2.37598271724e-07, 2.15207379028e-07, 1.55786992195e-07, 1.15440546011e-09, 7.42659989061e-10, 3.49655360221e-10, 2.15629930578e-10, 3.25327931261e-10, 1.41412792934e-11, 3.70158764751e-12, 2.42690062491e-10, 9.3647043245e-12, 8.21599407431e-13, 8.20888821328e-13, 4.16334257651e-13, 1.20667625197e-12, 1.00289195622e-13, 1.12435214405e-13, 4.64220892629e-12, 2.40966491552e-12, 3.78712816315e-12, 1.38931596262e-12, 4.41156036398e-14, 2.54892728967e-14, 1.82938279596e-14, 5.19167372734e-15, 3.53909275373e-15, 2.70079284322e-14, 3.90303676491e-15, 9.66205824252e-16, 8.87324914892e-17], "max": [0.19410648942, 0.326492011547, 0.415871471167, 0.0892703160644, 0.0626485943794, 0.0831593498588, 0.0778243988752, 0.0325630232692, 0.0424455329776, 0.0145286116749, 0.0124872475863, 0.00900844857097, 0.00128175655846, 0.000514555722475, 0.000527630967554, 0.000297175574815, 0.000840397144202, 0.000159644201631, 7.43111741031e-05, 0.000492971623316, 0.00013291479263, 5.2989271353e-05, 3.88871303585e-05, 2.27706441365e-05, 2.7910225981e-05, 3.46379711118e-05, 4.08422638429e-05, 0.000220325629925, 0.000224039366003, 0.000227767290198, 0.00013200675312, 2.0269628294e-05, 6.94189657224e-06, 3.7546715248e-06, 2.50690686698e-06, 1.82915925961e-06, 5.47280797036e-06, 3.04533296003e-06, 2.04388106795e-06, 4.11304711179e-07], "mean": [0.00770058901981, 0.00355273904279, 0.00144709146116, 0.000679733522702, 0.000367079948774, 0.000233136859606, 0.000207246121136, 0.000538618478458, 0.000590357987676, 0.000160851966939, 0.00011947521125, 7.03013356542e-05, 9.9446360764e-06, 9.64249011304e-06, 6.39248173684e-06, 4.37269000031e-06, 3.63283720617e-06, 1.5882471871e-06, 8.7968646767e-07, 3.47868694917e-06, 9.7184090464e-07, 4.6352133154e-07, 4.39191381929e-07, 3.74407505888e-07, 3.66374081295e-07, 1.8660763601e-07, 1.553537885e-07, 1.43797606711e-07, 1.41938215847e-07, 1.44780699429e-07, 1.6608147746e-07, 1.71884735778e-07, 1.75680057168e-07, 1.59136561706e-07, 1.35066756002e-07, 1.1841370906e-07, 1.08599756743e-07, 7.36741867513e-08, 7.51816884303e-08, 2.56056669201e-08], "median": [0.00528139341623, 0.00177169358358, 0.000728030863684, 0.000292476790491, 0.000127398670884, 7.3231269198e-05, 5.26392359461e-05, 5.15756619279e-05, 2.24986597459e-05, 1.48191920744e-05, 1.00155630207e-05, 4.79746722704e-06, 3.05275216306e-06, 2.77553908745e-06, 2.10871735362e-06, 1.37247752718e-06, 1.00707677575e-06, 7.58788928579e-07, 5.50051140635e-07, 5.26143765001e-07, 4.14256447812e-07, 3.19789847936e-07, 2.83455932504e-07, 2.48029977001e-07, 2.1447817744e-07, 1.73840192019e-07, 1.46269215406e-07, 1.30273946297e-07, 1.28355907236e-07, 1.34457792456e-07, 1.46903204268e-07, 1.54314477641e-07, 1.52423126565e-07, 1.44299932003e-07, 1.37178432169e-07, 1.26230460751e-07, 9.89662396478e-08, 7.31050278091e-08, 7.91985002024e-08, 2.66252975223e-08], "min": [1.24398043949e-11, 7.37746148893e-12, 7.18571591118e-11, 7.77263461926e-11, 1.62536963055e-11, 9.70883096141e-11, 2.21279744528e-10, 4.25646740077e-11, 1.554114476e-10, 2.02154862294e-10, 3.45088471687e-11, 6.44214889767e-11, 5.53228574063e-11, 3.21507889756e-11, 1.9164230966e-11, 2.93970230103e-11, 9.41015459999e-11, 8.94947588259e-11, 2.71371761867e-11, 4.85231126113e-11, 3.03669207835e-11, 2.51036049587e-11, 3.73531310049e-11, 4.78587967867e-11, 2.46104751161e-11, 3.24268910334e-11, 3.07200133387e-11, 3.06315250942e-11, 3.38502524622e-11, 3.5284334482e-11, 2.13679508115e-11, 1.15222276165e-11, 1.43419599113e-11, 1.112701771e-11, 7.85956889848e-12, 5.81298464225e-12, 1.2852368475e-11, 1.20921397895e-11, 9.874414654e-12, 4.52201904394e-12], "var": [7.30811007088e-05, 6.74350376357e-05, 3.52316492354e-05, 3.73931743525e-06, 1.75324578322e-06, 7.72128373683e-07, 6.60599994262e-07, 2.13229873225e-06, 2.46761624112e-06, 2.33608020039e-07, 1.91082321521e-07, 1.10101964879e-07, 1.27921662152e-09, 6.50337339536e-10, 2.91870139169e-10, 1.43644929285e-10, 3.55418777742e-10, 1.15576905685e-11, 2.43691503608e-12, 2.53076753998e-10, 6.93109762293e-12, 6.74859582279e-13, 9.8351372619e-13, 4.99068722546e-13, 8.64389451943e-13, 5.66382539285e-14, 6.77277176941e-14, 1.51263897241e-12, 2.08655944085e-12, 1.34599807428e-12, 4.3961527669e-13, 3.67528442847e-14, 3.18083301126e-14, 2.41604035633e-14, 7.5291513543e-15, 5.70852179681e-15, 3.59210138847e-14, 5.22578501468e-15, 1.07948006968e-15, 9.7668053808e-17]}, "mfcc": {"mean": [-738.858093262, 167.100463867, 55.4182281494, 24.4745388031, 10.0749416351, 12.6441907883, 0.950521886349, 12.9479427338, 7.08525514603, 9.12076282501, 7.71835708618, 5.28796482086, 0.809683680534], "cov": [[1906.38745117, -82.5724716187, -256.11114502, -245.50440979, -420.03427124, -202.01890564, -221.246444702, 86.3716049194, 110.343513489, 188.485946655, 126.908729553, 71.1760101318, -54.1945495605], [-82.5724716187, 1422.58361816, -246.091522217, -244.339294434, 60.6952323914, -166.475036621, -60.3022956848, -65.7508544922, -11.7475757599, -26.3421344757, 30.9334449768, -17.6928539276, 6.7001285553], [-256.11114502, -246.091522217, 218.937805176, 105.359382629, 24.8781204224, 59.2060050964, 24.1987094879, -12.572845459, -24.2887401581, -13.0614480972, -10.8155488968, 7.83563041687, 3.04303836823], [-245.50440979, -244.339294434, 105.359382629, 207.515792847, 99.0725631714, 78.5214920044, 68.7748947144, -22.8111915588, -29.2601299286, -41.6393280029, -35.3955879211, -14.0419397354, 13.5857553482], [-420.03427124, 60.6952323914, 24.8781204224, 99.0725631714, 233.875411987, 90.5095443726, 73.8299942017, -28.6052761078, -72.1704406738, -79.6763076782, -70.7513809204, -20.7840747833, 23.9650707245], [-202.01890564, -166.475036621, 59.2060050964, 78.5214920044, 90.5095443726, 144.001342773, 68.088684082, -11.6697320938, -34.2170753479, -54.4128990173, -29.0615711212, -15.3069515228, 15.904630661], [-221.246444702, -60.3022956848, 24.1987094879, 68.7748947144, 73.8299942017, 68.088684082, 125.826469421, 3.45241379738, -30.768535614, -40.7083816528, -46.6919136047, -10.8381490707, 10.6485853195], [86.3716049194, -65.7508544922, -12.572845459, -22.8111915588, -28.6052761078, -11.6697320938, 3.45241379738, 101.112457275, 45.9110336304, 10.3031730652, -1.91265237331, -38.6118545532, -15.7508535385], [110.343513489, -11.7475757599, -24.2887401581, -29.2601299286, -72.1704406738, -34.2170753479, -30.768535614, 45.9110336304, 128.804962158, 51.4197158813, 21.4486713409, -16.9350414276, -25.7079868317], [188.485946655, -26.3421344757, -13.0614480972, -41.6393280029, -79.6763076782, -54.4128990173, -40.7083816528, 10.3031730652, 51.4197158813, 109.228546143, 45.3578300476, 5.09928178787, -15.1804933548], [126.908729553, 30.9334449768, -10.8155488968, -35.3955879211, -70.7513809204, -29.0615711212, -46.6919136047, -1.91265237331, 21.4486713409, 45.3578300476, 115.883468628, 29.2282047272, -7.99009418488], [71.1760101318, -17.6928539276, 7.83563041687, -14.0419397354, -20.7840747833, -15.3069515228, -10.8381490707, -38.6118545532, -16.9350414276, 5.09928178787, 29.2282047272, 103.203575134, 21.2618141174], [-54.1945495605, 6.7001285553, 3.04303836823, 13.5857553482, 23.9650707245, 15.904630661, 10.6485853195, -15.7508535385, -25.7079868317, -15.1804933548, -7.99009418488, 21.2618141174, 68.1749572754]], "icov": [[0.00150130456313, -4.19279240305e-05, 0.00210174033418, -0.00105481583159, 0.0025908977259, -0.00123269238975, 0.0020589849446, -0.00174823089037, 0.00147610914428, -0.00150292553008, 0.00109057768714, -0.00160497997422, 0.000815586186945], [-4.19279240305e-05, 0.00173829169944, 0.000301355175907, 0.00247276620939, -0.00203530024737, 0.0028240266256, -0.00111313187517, 0.00236883480102, -0.00101098977029, 0.00169662956614, -0.00154008460231, 0.00174113537651, -0.000659552577417], [0.00210174033418, 0.000301355175907, 0.00993237271905, -0.00480428896844, 0.00465150224045, -0.00371612003073, 0.00413247710094, -0.00288927555084, 0.00340322870761, -0.00287509919144, 0.00208771135658, -0.00337261031382, 0.00201362720691], [-0.00105481583159, 0.00247276620939, -0.00480428896844, 0.013404336758, -0.00700979260728, 0.00441319588572, -0.00590724963695, 0.0066011142917, -0.00406820233911, 0.00405749911442, -0.00356759200804, 0.00504371477291, -0.00227765389718], [0.0025908977259, -0.00203530024737, 0.00465150224045, -0.00700979260728, 0.0152484206483, -0.00776356831193, 0.0042611011304, -0.00479143951088, 0.00599470548332, -0.00269269756973, 0.0060187545605, -0.00380229228176, 0.00167951057665], [-0.00123269238975, 0.0028240266256, -0.00371612003073, 0.00441319588572, -0.00776356831193, 0.0185558814555, -0.00797103531659, 0.00639609945938, -0.0038634177763, 0.00745138106868, -0.00558573752642, 0.00620804447681, -0.00323653267696], [0.0020589849446, -0.00111313187517, 0.00413247710094, -0.00590724963695, 0.0042611011304, -0.00797103531659, 0.0170194804668, -0.00674421759322, 0.0044814934954, -0.00351238832809, 0.00591244222596, -0.00497329607606, 0.00203584926203], [-0.00174823089037, 0.00236883480102, -0.00288927555084, 0.0066011142917, -0.00479143951088, 0.00639609945938, -0.00674421759322, 0.0198119375855, -0.00775316543877, 0.00564213795587, -0.00397249637172, 0.00941450055689, -0.00205518165603], [0.00147610914428, -0.00101098977029, 0.00340322870761, -0.00406820233911, 0.00599470548332, -0.0038634177763, 0.0044814934954, -0.00775316543877, 0.0148273985833, -0.00664055300876, 0.00283682555892, -0.00255764252506, 0.00347706489265], [-0.00150292553008, 0.00169662956614, -0.00287509919144, 0.00405749911442, -0.00269269756973, 0.00745138106868, -0.00351238832809, 0.00564213795587, -0.00664055300876, 0.0185517352074, -0.00618971791118, 0.00445186020806, -0.00146835879423], [0.00109057768714, -0.00154008460231, 0.00208771135658, -0.00356759200804, 0.0060187545605, -0.00558573752642, 0.00591244222596, -0.00397249637172, 0.00283682555892, -0.00618971791118, 0.0151538765058, -0.00614991877228, 0.00236762710847], [-0.00160497997422, 0.00174113537651, -0.00337261031382, 0.00504371477291, -0.00380229228176, 0.00620804447681, -0.00497329607606, 0.00941450055689, -0.00255764252506, 0.00445186020806, -0.00614991877228, 0.0174473673105, -0.00559659581631], [0.000815586186945, -0.000659552577417, 0.00201362720691, -0.00227765389718, 0.00167951057665, -0.00323653267696, 0.00203584926203, -0.00205518165603, 0.00347706489265, -0.00146835879423, 0.00236762710847, -0.00559659581631, 0.0181242693216]]}, "spectral_contrast_coeffs": {"dmean": [0.057895142585, 0.0510145910084, 0.0369932316244, 0.0239455811679, 0.0141018042341, 0.0113406181335], "dmean2": [0.0994480922818, 0.0845852270722, 0.0611593835056, 0.0404959134758, 0.0241750963032, 0.0195671916008], "dvar": [0.00195725960657, 0.00155529368203, 0.000901885796338, 0.000384547805879, 0.000122235855088, 0.000124482496176], "dvar2": [0.00578498281538, 0.0042108357884, 0.00236376188695, 0.00102738442365, 0.000353798328433, 0.000376166863134], "max": [-0.178524464369, -0.345890164375, -0.42440199852, -0.569097459316, -0.646763324738, -0.608762800694], "mean": [-0.713874161243, -0.735862135887, -0.791735827923, -0.83315551281, -0.850018978119, -0.804745554924], "median": [-0.718265175819, -0.751036763191, -0.813308358192, -0.841425418854, -0.854676187038, -0.802361369133], "min": [-0.898612439632, -0.948172092438, -0.959978044033, -0.972424805164, -0.946173787117, -0.921556472778], "var": [0.00379763543606, 0.00696078082547, 0.005936272908, 0.00178640009835, 0.000621261773631, 0.000608483911492]}, "spectral_contrast_valleys": {"dmean": [0.38012561202, 0.326988220215, 0.265557736158, 0.204501256347, 0.132826834917, 0.109125755727], "dmean2": [0.653509378433, 0.559602200985, 0.452696025372, 0.348741829395, 0.226279437542, 0.188959658146], "dvar": [0.0866719558835, 0.0642938613892, 0.0440764836967, 0.0269620