{"lowlevel": {"average_loudness": 0.959758639336, "barkbands_crest": {"dmean": 3.70654249191, "dmean2": 6.00947761536, "dvar": 9.04454135895, "dvar2": 23.5068569183, "max": 25.1665802002, "mean": 12.2084360123, "median": 11.6656122208, "min": 2.06576061249, "var": 22.1881599426}, "barkbands_flatness_db": {"dmean": 0.0315555892885, "dmean2": 0.0500767454505, "dvar": 0.000801884103566, "dvar2": 0.00185224751476, "max": 0.414918094873, "mean": 0.150303632021, "median": 0.146768406034, "min": 0.0126856826246, "var": 0.00345124769956}, "barkbands_kurtosis": {"dmean": 10.7750806808, "dmean2": 17.5230350494, "dvar": 440.54864502, "dvar2": 1254.95129395, "max": 415.479309082, "mean": 17.1578578949, "median": 8.36570835114, "min": -1.87842321396, "var": 739.950012207}, "barkbands_skewness": {"dmean": 0.999881982803, "dmean2": 1.5897872448, "dvar": 1.1079993248, "dvar2": 2.78218889236, "max": 16.099811554, "mean": 3.07951164246, "median": 2.68555140495, "min": -1.95037543774, "var": 4.21771526337}, "barkbands_spread": {"dmean": 6.33507347107, "dmean2": 9.95850372314, "dvar": 56.9917984009, "dvar2": 120.020889282, "max": 107.686958313, "mean": 17.3559970856, "median": 13.4434957504, "min": 0.466945439577, "var": 191.401000977}, "dissonance": {"dmean": 0.0180960670114, "dmean2": 0.0304122269154, "dvar": 0.000297697668429, "dvar2": 0.000789119687397, "max": 0.500000238419, "mean": 0.467401176691, "median": 0.47322037816, "min": 0.282439976931, "var": 0.000587990973145}, "dynamic_complexity": 2.55970215797, "erbbands_crest": {"dmean": 2.78840708733, "dmean2": 4.5832567215, "dvar": 7.00779771805, "dvar2": 17.7059116364, "max": 27.55809021, "mean": 8.11087036133, "median": 7.20175647736, "min": 2.10824418068, "var": 14.8386745453}, "erbbands_flatness_db": {"dmean": 0.0182297751307, "dmean2": 0.0266815666109, "dvar": 0.000308173068333, "dvar2": 0.000640239741188, "max": 0.286577314138, "mean": 0.111268229783, "median": 0.104660578072, "min": 0.0305166561157, "var": 0.00149094511289}, "erbbands_kurtosis": {"dmean": 0.855236768723, "dmean2": 1.40025544167, "dvar": 2.03322458267, "dvar2": 5.29248285294, "max": 26.0996608734, "mean": 0.0490576736629, "median": -0.330902814865, "min": -1.76306056976, "var": 2.80561447144}, "erbbands_skewness": {"dmean": 0.372550666332, "dmean2": 0.585453808308, "dvar": 0.12657815218, "dvar2": 0.290914863348, "max": 4.45646190643, "mean": 0.385793715715, "median": 0.322403490543, "min": -2.75796556473, "var": 0.405789703131}, "erbbands_spread": {"dmean": 11.7290744781, "dmean2": 18.4674625397, "dvar": 141.938949585, "dvar2": 311.802825928, "max": 163.222702026, "mean": 51.635684967, "median": 47.5946121216, "min": 7.35677480698, "var": 487.345214844}, "hfc": {"dmean": 9.53236865997, "dmean2": 14.7496471405, "dvar": 169.813827515, "dvar2": 409.903625488, "max": 238.836166382, "mean": 21.7781410217, "median": 16.8242454529, "min": 1.11693086382e-16, "var": 348.153778076}, "melbands_crest": {"dmean": 4.64745235443, "dmean2": 7.54564523697, "dvar": 13.8912906647, "dvar2": 34.994846344, "max": 37.0304832458, "mean": 17.8893852234, "median": 17.1059894562, "min": 1.91716825962, "var": 42.3997535706}, "melbands_flatness_db": {"dmean": 0.0380354188383, "dmean2": 0.0606781244278, "dvar": 0.00114462361671, "dvar2": 0.00261414726265, "max": 0.562350451946, "mean": 0.242141231894, "median": 0.24278177321, "min": 0.0053386404179, "var": 0.0057013281621}, "melbands_kurtosis": {"dmean": 22.3107471466, "dmean2": 36.818447113, "dvar": 1252.62512207, "dvar2": 3305.87182617, "max": 686.210632324, "mean": 40.4980735779, "median": 22.9783554077, "min": -1.30495142937, "var": 2878.43359375}, "melbands_skewness": {"dmean": 1.31814491749, "dmean2": 2.13957619667, "dvar": 1.60032331944, "dvar2": 3.98265695572, "max": 18.9147834778, "mean": 4.50752830505, "median": 4.08291292191, "min": -0.206398770213, "var": 6.60559511185}, "melbands_spread": {"dmean": 5.9952917099, "dmean2": 9.65034294128, "dvar": 71.4364395142, "dvar2": 160.779830933, "max": 191.463287354, "mean": 14.3407001495, "median": 9.92280864716, "min": 0.407135486603, "var": 209.288879395}, "pitch_salience": {"dmean": 0.107700951397, "dmean2": 0.173919737339, "dvar": 0.00754224695265, "dvar2": 0.0193453133106, "max": 0.827915132046, "mean": 0.498789936304, "median": 0.512643277645, "min": 0.0998341590166, "var": 0.0187341310084}, "silence_rate_20dB": {"dmean": 0, "dmean2": 0, "dvar": 0, "dvar2": 0, "max": 1, "mean": 1, "median": 1, "min": 1, "var": 0}, "silence_rate_30dB": {"dmean": 0.139920219779, "dmean2": 0.279883384705, "dvar": 0.120350986719, "dvar2": 0.247275158763, "max": 1, "mean": 0.788311064243, "median": 1, "min": 0, "var": 0.166872277856}, "silence_rate_60dB": {"dmean": 0.00644369423389, "dmean2": 0.0128893665969, "dvar": 0.00640259869397, "dvar2": 0.0164072029293, "max": 1, "mean": 0.00889706984162, "median": 0, "min": 0, "var": 0.00881884433329}, "spectral_centroid": {"dmean": 277.401916504, "dmean2": 439.250488281, "dvar": 108059.375, "dvar2": 210356.8125, "max": 11696.1328125, "mean": 1066.15979004, "median": 948.956237793, "min": 139.122009277, "var": 490256.875}, "spectral_complexity": {"dmean": 4.60754823685, "dmean2": 6.95043754578, "dvar": 25.474697113, "dvar2": 56.1165466309, "max": 52, "mean": 17.4399452209, "median": 16, "min": 0, "var": 77.4603652954}, "spectral_decrease": {"dmean": 9.17027964675e-09, "dmean2": 1.49556473872e-08, "dvar": 1.2700906996e-16, "dvar2": 3.03217783964e-16, "max": 1.37586027815e-28, "mean": -1.67931357709e-08, "median": -1.01097583638e-08, "min": -9.4510113513e-08, "var": 2.64263453403e-16}, "spectral_energy": {"dmean": 0.0352275669575, "dmean2": 0.0574443005025, "dvar": 0.00186364143156, "dvar2": 0.004454231821, "max": 0.360382884741, "mean": 0.0653566941619, "median": 0.0402359329164, "min": 1.03283726144e-20, "var": 0.00386821455322}, "spectral_energyband_high": {"dmean": 0.00065118027851, "dmean2": 0.00097794982139, "dvar": 1.39741291605e-06, "dvar2": 3.20318486047e-06, "max": 0.0289729703218, "mean": 0.00117715774104, "median": 0.000605821900535, "min": 7.43624788589e-21, "var": 2.92414324576e-06}, "spectral_energyband_low": {"dmean": 0.026457592845, "dmean2": 0.0442473553121, "dvar": 0.00119606067892, "dvar2": 0.00299389706925, "max": 0.285900831223, "mean": 0.0400425456464, "median": 0.019231852144, "min": 2.55110154124e-23, "var": 0.00223104469478}, "spectral_energyband_middle_high": {"dmean": 0.00133914896287, "dmean2": 0.00210679741576, "dvar": 2.44869784183e-06, "dvar2": 6.26071778242e-06, "max": 0.0250602550805, "mean": 0.00358055368997, "median": 0.00268477736972, "min": 1.40532967655e-21, "var": 9.36472406465e-06}, "spectral_energyband_middle_low": {"dmean": 0.0111301103607, "dmean2": 0.0190733578056, "dvar": 0.000273301033303, "dvar2": 0.000733224034775, "max": 0.16285353899, "mean": 0.0161203015596, "median": 0.00995662994683, "min": 2.00693711622e-22, "var": 0.000310407020152}, "spectral_entropy": {"dmean": 0.194609448314, "dmean2": 0.294861793518, "dvar": 0.0412932373583, "dvar2": 0.0855615958571, "max": 9.81570339203, "mean": 7.7099852562, "median": 7.76024150848, "min": 5.92205095291, "var": 0.164999172091}, "spectral_flux": {"dmean": 0.0549052581191, "dmean2": 0.0934557244182, "dvar": 0.00370762730017, "dvar2": 0.00921510718763, "max": 0.473218262196, "mean": 0.143434941769, "median": 0.123373612761, "min": 6.65118862764e-11, "var": 0.00625467067584}, "spectral_kurtosis": {"dmean": 1.09734463692, "dmean2": 1.70723450184, "dvar": 1.95764195919, "dvar2": 4.83030414581, "max": 19.8571929932, "mean": 3.87119078636, "median": 3.5769443512, "min": -1.24495220184, "var": 4.93419837952}, "spectral_rms": {"dmean": 0.00203662086278, "dmean2": 0.0032622446306, "dvar": 4.37240032625e-06, "dvar2": 9.7991187431e-06, "max": 0.018750814721, "mean": 0.00715647963807, "median": 0.00626534689218, "min": 3.174344251e-12, "var": 1.25475307868e-05}, "spectral_rolloff": {"dmean": 416.574554443, "dmean2": 716.220336914, "dvar": 907249.8125, "dvar2": 2105738.75, "max": 19595.2148438, "mean": 808.367980957, "median": 344.53125, "min": 21.533203125, "var": 2116778.25}, "spectral_skewness": {"dmean": 0.200967773795, "dmean2": 0.306745827198, "dvar": 0.0505458265543, "dvar2": 0.114789240062, "max": 3.64300346375, "mean": 1.57597327232, "median": 1.57030689716, "min": -0.0381248407066, "var": 0.174378558993}, "spectral_spread": {"dmean": 630450.4375, "dmean2": 867610.25, "dvar": 762574471168, "dvar2": 1384992735230.0, "max": 43598968, "mean": 5868266, "median": 5736549, "min": 2266140, "var": 4815616212990.0}, "spectral_strongpeak": {"dmean": 0.378263384104, "dmean2": 0.654959440231, "dvar": 0.265152931213, "dvar2": 0.684718906879, "max": 7.49669694901, "mean": 0.493470281363, "median": 0.304737448692, "min": 0, "var": 0.37541243434}, "zerocrossingrate": {"dmean": 0.0117460181937, "dmean2": 0.0134100150317, "dvar": 0.000196474589757, "dvar2": 0.000254565442447, "max": 0.513671875, "mean": 0.0488852001727, "median": 0.0400390625, "min": 0.001953125, "var": 0.00152273289859}, "barkbands": {"dmean": [0.00957083329558, 0.0198415275663, 0.00575666315854, 0.00503088114783, 0.00448271585628, 0.00132332183421, 0.00161990663037, 0.00121020001825, 0.000435819441918, 0.000220680449274, 0.000354814284947, 0.000221927461098, 0.000338721496519, 0.000431941007264, 0.00026128909667, 0.00011742211791, 0.000105615145003, 9.64649225352e-05, 8.94121913007e-05, 0.000105768311187, 0.000171714433236, 0.000175777284312, 9.99258554657e-05, 7.37899899832e-05, 8.23529699119e-05, 4.26816986874e-05, 3.06832771457e-05], "dmean2": [0.0142214279622, 0.0329220555723, 0.00975046120584, 0.00914627872407, 0.00768029736355, 0.00212389859371, 0.0026116783265, 0.00196206779219, 0.000741377880331, 0.00034103935468, 0.000584340596106, 0.000361895159585, 0.000561481516343, 0.00069382681977, 0.000432667991845, 0.000201128539629, 0.000176786081283, 0.000161821677466, 0.00014358520275, 0.000174878339749, 0.000295397388982, 0.000274343357887, 0.000153454311658, 0.000103167178167, 0.000114871116239, 5.8205343521e-05, 4.43480857939e-05], "dvar": [0.000413321657106, 0.000711164262611, 6.35139003862e-05, 0.000113547917863, 6.62589227431e-05, 9.93335015664e-06, 1.03856900751e-05, 1.19610931506e-05, 8.0577871131e-07, 1.22032346894e-07, 5.21747381299e-07, 1.389687867e-07, 3.18724460158e-07, 5.00062697029e-07, 2.35035329865e-07, 4.15527559028e-08, 2.2999170568e-08, 2.11569037845e-08, 3.00191835834e-08, 2.86444183928e-08, 1.17863805826e-07, 1.40725106235e-07, 5.48441754233e-08, 4.80326889374e-08, 4.99294223744e-08, 8.44041281312e-09, 2.85745072048e-09], "dvar2": [0.000878849532455, 0.00179020396899, 0.000158815688337, 0.000322423962643, 0.000171503794263, 2.27791679208e-05, 2.51362635026e-05, 3.06560432364e-05, 2.18129252971e-06, 2.66178147967e-07, 1.39769997531e-06, 3.62140326615e-07, 8.83330301349e-07, 1.3163200947e-06, 6.37235359591e-07, 1.14547454189e-07, 5.80463890287e-08, 5.66192674967e-08, 7.62740697269e-08, 7.22983415358e-08, 3.47032226955e-07, 3.16490229579e-07, 1.22794673985e-07, 9.75667120429e-08, 1.04237237508e-07, 1.73017333793e-08, 7.01226765543e-09], "max": [0.229503929615, 0.216596052051, 0.0730774402618, 0.123189747334, 0.072874955833, 0.0602368786931, 0.0503068491817, 0.0841658189893, 0.0209675710648, 0.00569195719436, 0.0133864805102, 0.00775207579136, 0.00818660855293, 0.0115128299221, 0.0111552337185, 0.00257656816393, 0.00234698620625, 0.00175747752655, 0.00255328440107, 0.00166231067851, 0.00415413314477, 0.0110553149134, 0.00659112492576, 0.00735892076045, 0.00562942633405, 0.00142594159115, 0.000564595509786], "mean": [0.0141945416108, 0.0242973361164, 0.00603420520201, 0.00476856483147, 0.0052189650014, 0.00184263032861, 0.00212636613287, 0.00147158617619, 0.000600476167165, 0.000349243870005, 0.00054362649098, 0.000365127809346, 0.000550685741473, 0.000691439141519, 0.000433978479123, 0.000164102049894, 0.00016076771135, 0.000150283842231, 0.000143256533192, 0.000160034818691, 0.000245737814112, 0.000291658448987, 0.000165710109286, 0.000122313722386, 0.000142639895785, 7.92249993538e-05, 4.21195582021e-05], "median": [0.000943058810662, 0.00987935438752, 0.00228083878756, 0.00138100597542, 0.00248911813833, 0.000588236493059, 0.000655499752611, 0.000479530310258, 0.000292058801278, 0.000185314042028, 0.000214680752833, 0.00018866697792, 0.00026206538314, 0.000261393550318, 0.000199144822545, 0.000101989979157, 0.00010089945863, 8.87933128979e-05, 7.97805842012e-05, 8.59037972987e-05, 0.000129410880618, 0.000114917464089, 5.61009001103e-05, 5.06020478497e-05, 4.90380771225e-05, 2.99746970995e-05, 1.74073138623e-05], "min": [9.92979453308e-25, 6.92704835104e-24, 1.43454158399e-24, 3.1246705514e-24, 1.56526222576e-23, 6.64057745761e-24, 2.01540235104e-23, 1.28470376593e-23, 1.74800974306e-23, 5.86016328053e-24, 2.6922825575e-23, 3.38952042402e-23, 4.50349110313e-23, 4.56392226609e-23, 3.93601801561e-23, 8.13786637907e-23, 9.71143057699e-23, 1.33145975689e-22, 1.67185374236e-22, 1.71240119289e-22, 2.72998127353e-22, 3.11624821484e-22, 4.188840552e-22, 6.67034528164e-22, 1.00938521685e-21, 1.42712758206e-21, 2.17700123954e-21], "var": [0.00079670624109, 0.00109965610318, 7.41465482861e-05, 9.40743339015e-05, 6.33464005659e-05, 1.63963195519e-05, 1.6988698917e-05, 1.22341070892e-05, 1.04222601749e-06, 2.36767419892e-07, 9.3242863386e-07, 2.86293129648e-07, 5.73142926896e-07, 1.01831903976e-06, 4.07572031236e-07, 4.17076861936e-08, 3.40949171118e-08, 3.20929451902e-08, 3.85897358512e-08, 4.1484856439e-08, 1.2343471667e-07, 2.51909654025e-07, 1.22836368632e-07, 9.20189293652e-08, 1.03197230317e-07, 1.91118019188e-08, 4.27426272154e-09]}, "erbbands": {"dmean": [0.686423778534, 4.28417301178, 6.23861074448, 12.2932777405, 19.043170929, 13.6683549881, 9.34991645813, 11.698340416, 16.8511600494, 35.0269126892, 17.0819644928, 9.57316207886, 6.41324663162, 8.47843456268, 13.5313682556, 9.52235603333, 13.4390487671, 20.5661125183, 19.1534519196, 6.59321737289, 6.10684156418, 6.12768793106, 5.11551856995, 4.39376544952, 4.86392402649, 4.68384933472, 6.13169527054, 7.1827673912, 7.44776248932, 4.5436835289, 2.59927415848, 1.54661488533, 1.29210960865, 1.10829257965, 0.460249990225, 0.171158343554, 0.0760270506144, 0.027435220778, 0.00540224043652, 0.000358620512998], "dmean2": [1.08725380898, 7.38208293915, 10.514415741, 22.1717166901, 33.2539138794, 23.2285461426, 15.0707197189, 19.0719413757, 27.0675029755, 56.7556877136, 27.4117546082, 16.4176445007, 10.2276773453, 13.5656633377, 21.86460495, 15.5031547546, 22.2350082397, 33.195854187, 31.2798480988, 10.7028036118, 10.5051107407, 10.3471488953, 8.57924556732, 7.26675319672, 7.8003783226, 7.67325544357, 10.2928590775, 12.3730564117, 12.1468038559, 6.75417232513, 3.86411714554, 2.15605330467, 1.84160137177, 1.53363239765, 0.661510050297, 0.238983154297, 0.101819984615, 0.0382064133883, 0.00813799817115, 0.000510043581016], "dvar": [0.884712040424, 36.8451423645, 72.4721908569, 615.97869873, 970.372192383, 701.138244629, 401.826660156, 823.540588379, 1665.65844727, 6804.40771484, 2884.58154297, 322.051483154, 82.0779647827, 184.467056274, 906.887756348, 245.427047729, 504.287658691, 1233.73864746, 1234.30651855, 96.6300125122, 119.221412659, 83.0893096924, 56.896648407, 54.6741104126, 79.640838623, 56.8335151672, 102.748207092, 236.285049438, 275.174713135, 105.543075562, 42.5955085754, 20.350851059, 15.4268407822, 12.2504243851, 0.871022582054, 0.072366528213, 0.0286828223616, 0.0052312691696, 0.000153816741658, 3.48601872702e-07], "dvar2": [2.0265173912, 98.2896194458, 175.368637085, 1736.85498047, 2623.52368164, 1838.03417969, 909.222900391, 1999.36645508, 4020.47363281, 16715.5996094, 7533.97900391, 901.60369873, 199.809631348, 454.220458984, 2402.04345703, 635.322143555, 1440.15283203, 3248.78442383, 3232.57421875, 242.850830078, 328.543334961, 211.99546814, 151.337966919, 144.733535767, 198.259918213, 136.815124512, 286.710418701, 680.694030762, 692.401672363, 243.626556396, 90.563621521, 42.1943054199, 32.078994751, 26.3552799225, 1.77884685993, 0.146719351411, 0.0549997314811, 0.0107108009979, 0.000415376882302, 8.21807191187e-07], "max": [9.1923828125, 46.1612586975, 69.0229568481, 258.021453857, 310.827636719, 273.540985107, 362.5987854, 491.166687012, 713.839111328, 1669.53735352, 1792.72045898, 353.018005371, 150.796569824, 192.550338745, 630.14074707, 299.333526611, 413.47253418, 533.801208496, 830.461303711, 328.204498291, 148.533111572, 129.97605896, 102.67791748, 80.5813064575, 132.832778931, 90.2300186157, 198.077285767, 147.5262146, 534.094848633, 211.700088501, 181.564651489, 145.824569702, 128.346786499, 97.9375152588, 27.238275528, 3.7656545639, 2.75748586655, 1.1466782093, 0.154670715332, 0.00620156526566], "mean": [0.880966305733, 4.86718845367, 7.37366056442, 11.8128452301, 19.8913078308, 16.1239585876, 13.1167812347, 15.9004306793, 23.0815048218, 43.5389404297, 23.3030109406, 13.438829422, 10.0908813477, 14.1989564896, 21.7996044159, 16.9525318146, 23.7545566559, 35.2273368835, 33.0454139709, 12.3835315704, 8.94631481171, 9.3087387085, 8.13591003418, 7.25708866119, 7.81146812439, 7.36534309387, 9.70638751984, 9.60451221466, 11.3814306259, 7.25681304932, 4.42983913422, 2.65809679031, 2.10267591476, 1.84355926514, 0.817244708538, 0.311345785856, 0.145876899362, 0.0443772338331, 0.0070895194076, 0.000520154775586], "median": [0.35831823945, 1.80069077015, 3.11841487885, 4.48635292053, 7.24573612213, 7.48107719421, 5.9558763504, 5.08760786057, 7.68959188461, 12.5948886871, 10.1896314621, 6.69136476517, 6.19291830063, 8.24100589752, 8.75936508179, 9.54279899597, 11.9624242783, 14.6593084335, 14.2639827728, 8.31729316711, 5.97402954102, 5.74821138382, 5.1241145134, 4.38311672211, 4.25118637085, 4.03224420547, 5.60258674622, 4.19315481186, 4.39931344986, 2.58281064034, 1.62547194958, 1.08047389984, 0.855601668358, 0.585897862911, 0.317477941513, 0.144043013453, 0.0518124960363, 0.0140939923003, 0.00279177213088, 0.000242002934101], "min": [1.99380756775e-22, 1.35732735163e-21, 2.59002952344e-21, 1.18940429526e-20, 5.9569787437e-21, 5.87526743557e-20, 3.43463387973e-20, 9.39104353286e-20, 2.15636666986e-19, 1.79960031124e-19, 4.11061304951e-19, 3.81483626842e-19, 3.92372916769e-19, 1.05333965024e-18, 1.52508664724e-18, 1.95715461744e-18, 2.53241944239e-18, 1.83993071693e-18, 2.59411656953e-18, 4.00271747157e-18, 7.67535513714e-18, 6.84997488319e-18, 8.47710573612e-18, 8.57179392802e-18, 8.13320291491e-18, 7.88291046926e-18, 1.14394802192e-17, 1.14521567621e-17, 1.08928370842e-17, 1.33463887843e-17, 1.08736191971e-17, 1.15029820477e-17, 1.16248439499e-17, 8.89662610021e-18, 7.07724399726e-18, 4.99168137705e-18, 2.53583776627e-18, 1.07917084641e-18, 2.86967230016e-19, 2.93187414965e-20], "var": [1.49856472015, 49.0340309143, 95.9140701294, 459.371643066, 1011.68383789, 704.173034668, 600.259521484, 1283.3605957, 2911.23828125, 8263.81054688, 2944.06958008, 430.887054443, 146.274780273, 348.292907715, 1630.86779785, 543.103515625, 972.235290527, 2476.33520508, 2470.03393555, 183.413543701, 115.112297058, 119.394287109, 84.4738082886, 76.5224456787, 108.492225647, 88.6098098755, 135.34375, 261.642913818, 423.868255615, 174.580596924, 100.577407837, 46.1165924072, 26.0877437592, 23.0848484039, 2.17473292351, 0.16712719202, 0.079085290432, 0.0106901833788, 0.00016442858032, 5.1982755167e-07]}, "gfcc": {"mean": [24.5717544556, 79.9103851318, -81.0382461548, 31.3476238251, -43.0135536194, 19.0892105103, -29.0725193024, 2.32654881477, -19.1185264587, 9.98072910309, -14.87591362, -1.27055823803, -11.784696579], "cov": [[7278.04345703, -711.842895508, -237.807723999, -27.2028541565, -387.429260254, 47.0414962769, -17.2149772644, -84.4958877563, 37.4290771484, 172.227203369, -117.236404419, -19.3622760773, -203.57989502], [-711.842895508, 935.026306152, -145.911392212, 30.4677352905, 163.254013062, -10.6910171509, 1.71398949623, 19.3940010071, -38.2872657776, -34.4006309509, 67.4698257446, -36.5190658569, 46.8030586243], [-237.807723999, -145.911392212, 753.668945312, 182.021133423, 308.055358887, 92.8020706177, 159.713821411, 106.422523499, 88.9276046753, -27.0064334869, 21.0184936523, 69.1307296753, 12.3745651245], [-27.2028541565, 30.4677352905, 182.021133423, 276.12588501, 96.880607605, 55.7059860229, 19.6455612183, 59.8015213013, 8.51317310333, -33.2148284912, -20.3920707703, 4.92265701294, 27.3846206665], [-387.429260254, 163.254013062, 308.055358887, 96.880607605, 509.054199219, 52.0225715637, 170.384628296, 85.917175293, 84.4616622925, -4.27812051773, 43.8863525391, 16.932636261, 23.4841079712], [47.0414962769, -10.6910171509, 92.8020706177, 55.7059860229, 52.0225715637, 170.710144043, 74.1459884644, 38.3619918823, 24.4887046814, 25.6417884827, 28.9756412506, 8.30477619171, -1.73818635941], [-17.2149772644, 1.71398949623, 159.713821411, 19.6455612183, 170.384628296, 74.1459884644, 179.586914062, 55.8548774719, 44.1806259155, 13.3413095474, 27.2290916443, 9.52366924286, -8.5484418869], [-84.4958877563, 19.3940010071, 106.422523499, 59.8015213013, 85.917175293, 38.3619918823, 55.8548774719, 103.880302429, 38.8797836304, 4.34787511826, 7.14834833145, 11.685956955, 8.51906299591], [37.4290771484, -38.2872657776, 88.9276046753, 8.51317310333, 84.4616622925, 24.4887046814, 44.1806259155, 38.8797836304, 108.146705627, 52.1907920837, 28.3075561523, 10.5771589279, 4.04034805298], [172.227203369, -34.4006309509, -27.0064334869, -33.2148284912, -4.27812051773, 25.6417884827, 13.3413095474, 4.34787511826, 52.1907920837, 103.019142151, 43.5013809204, 9.58356761932, -12.1773967743], [-117.236404419, 67.4698257446, 21.0184936523, -20.3920707703, 43.8863525391, 28.9756412506, 27.2290916443, 7.14834833145, 28.3075561523, 43.5013809204, 88.8346481323, 22.52384758, 8.0262928009], [-19.3622760773, -36.5190658569, 69.1307296753, 4.92265701294, 16.932636261, 8.30477619171, 9.52366924286, 11.685956955, 10.5771589279, 9.58356761932, 22.52384758, 67.2177505493, 18.9338912964], [-203.57989502, 46.8030586243, 12.3745651245, 27.3846206665, 23.4841079712, -1.73818635941, -8.5484418869, 8.51906299591, 4.04034805298, -12.1773967743, 8.0262928009, 18.9338912964, 59.8851585388]], "icov": [[0.000177342721145, 6.66978230583e-05, 8.15154926386e-05, -0.000144532692502, 8.06543102954e-05, -2.86279591819e-05, -0.000116415139928, 0.000146939331898, -9.82361016213e-05, -0.000277527869912, 0.000296146317851, -0.000197659057449, 0.000503013376147], [6.66978230583e-05, 0.00164416630287, 0.000608529022429, -0.000266879156698, -0.000794454186689, 0.000123185731354, 0.000285545742372, -0.00056041876087, 0.000871603377163, 0.000587096903473, -0.00184851023369, 0.0011374988826, -0.00067766464781], [8.15154926386e-05, 0.000608529022429, 0.00285597052425, -0.00130004738458, -0.000966172490735, -0.000271114287898, -0.000819949840661, -0.000256813043961, -0.00139603007119, 0.00182452856097, -0.000475625274703, -0.00231350259855, 0.00135676935315], [-0.000144532692502, -0.000266879156698, -0.00130004738458, 0.00580251310021, -0.000595018733293, -0.00182526174467, 0.00188591540791, -0.00229848735034, 0.00083335157251, 0.000483832758619, 0.00156213133596, 0.00119596521836, -0.00243632076308], [8.06543102954e-05, -0.000794454186689, -0.000966172490735, -0.000595018733293, 0.00427340809256, 0.000892327341717, -0.00305119901896, 6.68854845571e-05, -0.00197439617477, 0.000553596066311, -0.0003562628699, 0.000369227636838, -0.000551371602342], [-2.86279591819e-05, 0.000123185731354, -0.000271114287898, -0.00182526174467, 0.000892327341717, 0.008519991301, -0.00344270211644, -0.000935742631555, 0.000903345178813, -0.00179957097862, -0.00215202476829, 0.000715999573004, -0.00012868946942], [-0.000116415139928, 0.000285545742372, -0.000819949840661, 0.00188591540791, -0.00305119901896, -0.00344270211644, 0.0114762093872, -0.00296599115245, 3.89612177969e-05, 0.000645302934572, -0.00105231429916, 0.000624920998234, 0.00191689794883], [0.000146939331898, -0.00056041876087, -0.000256813043961, -0.00229848735034, 6.68854845571e-05, -0.000935742631555, -0.00296599115245, 0.0150193367153, -0.00436492078006, 0.000398678937927, 0.00179802929051, -0.00194436125457, 0.000177595313289], [-9.82361016213e-05, 0.000871603377163, -0.00139603007119, 0.00083335157251, -0.00197439617477, 0.000903345178813, 3.89612177969e-05, -0.00436492078006, 0.0181210339069, -0.00925568025559, -0.00086010171799, 0.00270881480537, -0.00352664175443], [-0.000277527869912, 0.000587096903473, 0.00182452856097, 0.000483832758619, 0.000553596066311, -0.00179957097862, 0.000645302934572, 0.000398678937927, -0.00925568025559, 0.0200012978166, -0.00783888809383, -0.00165468174964, 0.00403094198555], [0.000296146317851, -0.00184851023369, -0.000475625274703, 0.00156213133596, -0.0003562628699, -0.00215202476829, -0.00105231429916, 0.00179802929051, -0.00086010171799, -0.00783888809383, 0.0201971251518, -0.0055943899788, -0.000967539090198], [-0.000197659057449, 0.0011374988826, -0.00231350259855, 0.00119596521836, 0.000369227636838, 0.000715999573004, 0.000624920998234, -0.00194436125457, 0.00270881480537, -0.00165468174964, -0.0055943899788, 0.0217447169125, -0.00803245231509], [0.000503013376147, -0.00067766464781, 0.00135676935315, -0.00243632076308, -0.000551371602342, -0.00012868946942, 0.00191689794883, 0.000177595313289, -0.00352664175443, 0.00403094198555, -0.000967539090198, -0.00803245231509, 0.0239597484469]]}, "melbands": {"dmean": [0.0061311502941, 0.00372074963525, 0.00229061441496, 0.00116654916201, 0.000370592519175, 0.000259014137555, 0.000269536598353, 0.000370522466255, 0.000124384692754, 5.83776600251e-05, 3.26509361912e-05, 3.42546736647e-05, 4.75992892461e-05, 2.37078966165e-05, 3.18691054417e-05, 3.51745838998e-05, 4.18331983383e-05, 3.5446115362e-05, 1.48277622429e-05, 7.74014733906e-06, 7.27991118765e-06, 6.67068115945e-06, 5.28763848706e-06, 4.97415885548e-06, 3.56026362169e-06, 3.62230252904e-06, 3.88042326449e-06, 3.16497471431e-06, 3.95661345465e-06, 3.94233438783e-06, 4.24673999078e-06, 4.39871746494e-06, 3.41257214131e-06, 2.36221535488e-06, 1.64077732734e-06, 1.0277342426e-06, 1.01478269698e-06, 8.68359450124e-07, 1.18947093597e-06, 8.37748018512e-07], "dmean2": [0.0098523767665, 0.00649596052244, 0.00405557593331, 0.00201686751097, 0.000604244240094, 0.000421728211222, 0.000434320973, 0.000599385995883, 0.000200887778192, 0.000100399811345, 5.20906542079e-05, 5.45218681509e-05, 7.80844784458e-05, 3.79401499231e-05, 5.26311159774e-05, 5.81962740398e-05, 6.74992115819e-05, 5.75980157009e-05, 2.42056757997e-05, 1.29973741423e-05, 1.26400145746e-05, 1.12234029075e-05, 8.9660188678e-06, 8.43709585752e-06, 5.92201422478e-06, 5.84442386753e-06, 6.49747835268e-06, 5.23467087987e-06, 6.75554838381e-06, 6.6179040914e-06, 7.31884938432e-06, 7.22424056221e-06, 5.28900227437e-06, 3.65100027011e-06, 2.49692425314e-06, 1.49662628246e-06, 1.44434159211e-06, 1.29107945668e-06, 1.7337213194e-06, 1.19456115044e-06], "dvar": [6.66855630698e-05, 2.64451900875e-05, 1.83356823982e-05, 4.3231075324e-06, 4.89520687097e-07, 3.77400510843e-07, 3.41992745234e-07, 7.95233745521e-07, 1.50551088041e-07, 1.08973123858e-08, 2.16777795714e-09, 3.12869197217e-09, 1.03488337899e-08, 1.54592494361e-09, 3.31944782772e-09, 4.11442035997e-09, 5.81059556026e-09, 4.35290736789e-09, 6.45603237537e-10, 1.30570818047e-10, 1.9151395747e-10, 1.0023076813e-10, 6.40975536537e-11, 7.20634524276e-11, 3.92132992744e-11, 6.4065940053e-11, 4.39615913117e-11, 2.57603972875e-11, 4.17855298973e-11, 4.94609735113e-11, 8.44226771823e-11, 8.80746031662e-11, 6.0000754365e-11, 3.06253043758e-11, 1.87325155387e-11, 7.66017457798e-12, 1.10673831211e-11, 5.65388274393e-12, 2.2735474961e-11, 5.53750925322e-12], "dvar2": [0.000156448542839, 6.59744255245e-05, 5.12589977006e-05, 1.14021277113e-05, 1.15266027478e-06, 9.05689432784e-07, 8.24479855055e-07, 1.96794394469e-06, 3.93952547029e-07, 3.06407699213e-08, 5.29684252015e-09, 7.43810213422e-09, 2.76091185469e-08, 3.93623311723e-09, 8.90628193417e-09, 1.15293863345e-08, 1.53309063222e-08, 1.12464100255e-08, 1.63468727443e-09, 3.47562451042e-10, 5.26609422735e-10, 2.5289964567e-10, 1.63873567494e-10, 2.01285252355e-10, 1.05508476955e-10, 1.64704749839e-10, 1.15331598438e-10, 6.03133862298e-11, 1.16044944487e-10, 1.42202041808e-10, 2.36454800184e-10, 2.25327104197e-10, 1.37433148195e-10, 7.25079579711e-11, 4.02370185781e-11, 1.6805281125e-11, 2.41015315344e-11, 1.22648956963e-11, 5.19982112923e-11, 1.18019890735e-11], "max": [0.0780140012503, 0.0455465465784, 0.049256708473, 0.0194375608116, 0.00996650010347, 0.0100995274261, 0.00938694924116, 0.0185858923942, 0.0131872426718, 0.00197569141164, 0.000742194999475, 0.000873346405569, 0.00199180538766, 0.000800179317594, 0.00111048005056, 0.00103373464663, 0.00117084640078, 0.00154849735554, 0.000935593154281, 0.000141828873893, 0.000216410917346, 0.000151225394802, 0.000128516185214, 0.000117235547805, 6.3420025981e-05, 0.000163465039805, 6.2412895204e-05, 7.99474946689e-05, 0.000106684972707, 0.000131680528284, 8.22520232759e-05, 0.000314577744575, 0.000199814894586, 0.000119536249258, 0.000153988483362, 0.000110808956379, 0.000118651012599, 8.0690428149e-05, 0.000167396414327, 5.33974889549e-05], "mean": [0.00828543305397, 0.00487469183281, 0.00241890316829, 0.00131552142557, 0.000512554834131, 0.000356057018507, 0.000368270761101, 0.000456002017017, 0.000167960199178, 7.96178646851e-05, 4.93709740113e-05, 5.4860538512e-05, 7.41985058994e-05, 4.06485487474e-05, 5.17916232639e-05, 5.64652873436e-05, 6.66819832986e-05, 5.74356963625e-05, 2.49719978456e-05, 1.20105733004e-05, 9.78226125881e-06, 9.84211601462e-06, 7.56514009481e-06, 7.58209625928e-06, 5.49111564396e-06, 5.64040874451e-06, 5.42925727132e-06, 4.71836574434e-06, 5.87323484069e-06, 5.9461631281e-06, 5.36572679266e-06, 6.34550815448e-06, 5.66483413422e-06, 3.52320626007e-06, 2.68979579232e-06, 1.75867660346e-06, 1.63615300153e-06, 1.37623703722e-06, 1.7873219349e-06, 1.42841486195e-06], "median": [0.0034494868014, 0.00209805183113, 0.000981500488706, 0.000603250227869, 0.000253743171925, 0.000112337205792, 0.000122573357658, 0.000129460648168, 6.68520879117e-05, 3.95089809899e-05, 2.91661381198e-05, 2.89483832603e-05, 2.85444857582e-05, 2.11786373256e-05, 2.53765447269e-05, 2.51471101365e-05, 2.53272864938e-05, 2.18912609853e-05, 1.38769619298e-05, 7.82426377555e-06, 5.94690209255e-06, 5.91684784013e-06, 4.64987260784e-06, 3.98983274863e-06, 3.20967910739e-06, 2.91412834486e-06, 2.77214803646e-06, 2.43896852226e-06, 3.32934860126e-06, 3.27811494572e-06, 1.83863062375e-06, 2.40526810558e-06, 2.19830053538e-06, 1.02983153738e-06, 9.42986787322e-07, 6.89985199642e-07, 6.40651819594e-07, 6.03489979767e-07, 5.59098452868e-07, 4.72321914913e-07], "min": [2.02475035277e-24, 2.63326542771e-24, 1.68816647869e-24, 2.32127764502e-24, 1.77937142111e-24, 2.14999700983e-24, 3.96863694073e-24, 2.07370055244e-24, 3.71109436556e-24, 2.5784007434e-24, 1.66719697811e-24, 4.72134987269e-24, 4.37899055071e-24, 4.1344476144e-24, 4.99875044343e-24, 4.7238304458e-24, 3.34131660509e-24, 4.60973670422e-24, 3.23197239781e-24, 5.88161516956e-24, 8.14340402485e-24, 5.95215313955e-24, 8.00496998003e-24, 6.25103281501e-24, 6.04336518172e-24, 6.7414483127e-24, 5.45290121644e-24, 4.81431949695e-24, 5.51655953047e-24, 7.24132580251e-24, 5.64570039939e-24, 5.36092042932e-24, 6.27971698082e-24, 7.64836383011e-24, 5.89266829413e-24, 6.6656892668e-24, 6.94416189951e-24, 6.93838743769e-24, 6.30151951852e-24, 7.79154523985e-24], "var": [0.000120734330267, 3.84360500902e-05, 1.6053663785e-05, 4.00647149945e-06, 7.15651026439e-07, 6.0421626813e-07, 6.09637993421e-07, 9.34151273668e-07, 1.62482677979e-07, 1.43376368555e-08, 3.74151731819e-09, 5.90411763923e-09, 1.88036750615e-08, 3.27507376774e-09, 5.8386793178e-09, 6.92322288387e-09, 1.0898513203e-08, 8.62379057054e-09, 1.05942588036e-09, 1.79511294718e-10, 1.74027722788e-10, 1.48531908994e-10, 8.59239970841e-11, 1.02890022891e-10, 5.07311831432e-11, 7.45503242472e-11, 5.38133704264e-11, 4.00201469186e-11, 5.08850912795e-11, 6.3090276059e-11, 9.71276462036e-11, 1.31911273571e-10, 1.01605092395e-10, 4.83633029458e-11, 4.0229868048e-11, 2.02680702083e-11, 2.13980153041e-11, 9.63081003835e-12, 3.09468804749e-11, 1.186555975e-11]}, "mfcc": {"mean": [-631.40032959, 120.010620117, 20.822259903, 24.7036037445, 10.8067598343, 19.6536560059, 5.39368343353, -1.06262338161, 3.48101019859, 2.56903195381, 6.29692459106, 1.89167225361, -0.670045435429], "cov": [[4818.76171875, -678.903015137, -37.5405311584, -195.533157349, -366.51260376, 63.8997116089, -194.686141968, -159.891677856, -58.3502845764, 47.5988883972, 163.550201416, -46.2024269104, -47.6447486877], [-678.903015137, 826.430114746, -154.073181152, 84.8544921875, 143.182373047, 6.78451442719, 116.021865845, 23.3859386444, 6.83392810822, 1.18006312847, -8.85536289215, 59.3687973022, 25.5003795624], [-37.5405311584, -154.073181152, 457.518554688, 98.0865325928, 86.0884399414, 61.5814819336, 44.4928283691, 109.242897034, 48.7473526001, 16.5417747498, 9.17615604401, 26.7627410889, 29.6246337891], [-195.533157349, 84.8544921875, 98.0865325928, 277.282684326, 169.933792114, 27.8342514038, 67.1020889282, 91.7960281372, 62.3176345825, 45.209400177, -18.0783195496, -21.1298046112, 14.6406755447], [-366.51260376, 143.182373047, 86.0884399414, 169.933792114, 270.781890869, 71.6636428833, 90.5783538818, 95.164680481, 68.3294677734, 65.8593673706, 2.10934376717, 25.8389587402, 27.5028362274], [63.8997116089, 6.78451442719, 61.5814819336, 27.8342514038, 71.6636428833, 140.351577759, 75.8905944824, 44.2845573425, 30.8481292725, 39.3753929138, 50.263217926, 23.0098400116, 10.3073282242], [-194.686141968, 116.021865845, 44.4928283691, 67.1020889282, 90.5783538818, 75.8905944824, 166.360458374, 91.5769195557, 32.3786125183, 50.7486381531, 28.5279998779, 12.2984142303, 17.8534526825], [-159.891677856, 23.3859386444, 109.242897034, 91.7960281372, 95.164680481, 44.2845573425, 91.5769195557, 143.776931763, 60.8134307861, 38.4535598755, 6.19437503815, 0.953940629959, 14.9084157944], [-58.3502845764, 6.83392810822, 48.7473526001, 62.3176345825, 68.3294677734, 30.8481292725, 32.3786125183, 60.8134307861, 92.2752456665, 48.5654144287, 11.2775688171, 7.47876548767, 8.04187297821], [47.5988883972, 1.18006312847, 16.5417747498, 45.209400177, 65.8593673706, 39.3753929138, 50.7486381531, 38.4535598755, 48.5654144287, 106.47580719, 46.9411354065, 8.92621517181, 12.7426834106], [163.550201416, -8.85536289215, 9.17615604401, -18.0783195496, 2.10934376717, 50.263217926, 28.5279998779, 6.19437503815, 11.2775688171, 46.9411354065, 95.788482666, 34.6887626648, 13.1957378387], [-46.2024269104, 59.3687973022, 26.7627410889, -21.1298046112, 25.8389587402, 23.0098400116, 12.2984142303, 0.953940629959, 7.47876548767, 8.92621517181, 34.6887626648, 99.9755783081, 36.5268058777], [-47.6447486877, 25.5003795624, 29.6246337891, 14.6406755447, 27.5028362274, 10.3073282242, 17.8534526825, 14.9084157944, 8.04187297821, 12.7426834106, 13.1957378387, 36.5268058777, 66.680305481]], "icov": [[0.00028702954296, 0.000132069078973, 2.91176547762e-05, -0.000154229623149, 0.000405848724768, -0.000357053708285, 0.000326617533574, 4.3358111725e-05, 0.000110324624984, -0.000267581141088, -0.000344486092217, 7.41639669286e-05, 3.15378383675e-05], [0.000132069078973, 0.0019605786074, 0.000895173114259, -0.000450757856015, -0.000789780751802, 0.000619459489826, -0.00161836610641, 0.000566163565964, -5.77692408115e-05, 0.000958179531153, -9.49305249378e-05, -0.00127670064103, 0.000124586309539], [2.91176547762e-05, 0.000895173114259, 0.00338569516316, -0.000865853566211, -0.000157317394041, -0.000875157711562, 0.000420950847911, -0.00228794710711, 0.000181502793566, 0.000902236672118, 0.000124981612316, -0.00134280463681, -0.000520081550349], [-0.000154229623149, -0.000450757856015, -0.000865853566211, 0.00731055019423, -0.00397076783702, 0.00128770584706, -0.000399552343879, -0.000916566234082, -0.00146605982445, -9.29245725274e-05, 0.000520728644915, 0.00306112854742, -0.000992987304926], [0.000405848724768, -0.000789780751802, -0.000157317394041, -0.00397076783702, 0.00966232083738, -0.00369929941371, 0.000870357209351, -0.00152261531912, -0.00023637576669, -0.00387788214721, 0.0029112896882, -0.00243579805829, -0.000244571914664], [-0.000357053708285, 0.000619459489826, -0.000875157711562, 0.00128770584706, -0.00369929941371, 0.0135407401249, -0.00570922903717, 0.00169172824826, -0.00230825669132, 0.00249268300831, -0.00552804069594, -3.97931689804e-05, 0.00111495156307], [0.000326617533574, -0.00161836610641, 0.000420950847911, -0.000399552343879, 0.000870357209351, -0.00570922903717, 0.0147903980687, -0.00818597432226, 0.00414058100432, -0.00427119014785, -0.000265862006927, 0.000754163193051, -0.000896980345715], [4.3358111725e-05, 0.000566163565964, -0.00228794710711, -0.000916566234082, -0.00152261531912, 0.00169172824826, -0.00818597432226, 0.0176333189011, -0.00746803544462, 0.00197015609592, -0.000109179061837, 0.00161942583509, -0.000693317211699], [0.000110324624984, -5.77692408115e-05, 0.000181502793566, -0.00146605982445, -0.00023637576669, -0.00230825669132, 0.00414058100432, -0.00746803544462, 0.0201239548624, -0.00775182945654, 0.00198926823214, -0.00203668070026, 0.00113393214997], [-0.000267581141088, 0.000958179531153, 0.000902236672118, -9.29245725274e-05, -0.00387788214721, 0.00249268300831, -0.00427119014785, 0.00197015609592, -0.00775182945654, 0.0196999963373, -0.00907694920897, 0.00246496568434, -0.00140460021794], [-0.000344486092217, -9.49305249378e-05, 0.000124981612316, 0.000520728644915, 0.0029112896882, -0.00552804069594, -0.000265862006927, -0.000109179061837, 0.00198926823214, -0.00907694920897, 0.020370895043, -0.0059035862796, 6.69419387123e-05], [7.41639669286e-05, -0.00127670064103, -0.00134280463681, 0.00306112854742, -0.00243579805829, -3.97931689804e-05, 0.000754163193051, 0.00161942583509, -0.00203668070026, 0.00246496568434, -0.0059035862796, 0.0170461386442, -0.00748231960461], [3.15378383675e-05, 0.000124586309539, -0.000520081550349, -0.000992987304926, -0.000244571914664, 0.00111495156307, -0.000896980345715, -0.000693317211699, 0.00113393214997, -0.00140460021794, 6.69419387123e-05, -0.00748231960461, 0.0199617687613]]}, "spectral_contrast_coeffs": {"dmean": [0.0630747750401, 0.0557223521173, 0.0379106774926, 0.0319019928575, 0.0207354389131, 0.0193102415651], "dmean2": [0.103036046028, 0.0910835489631, 0.0623497068882, 0.0520708747208, 0.0335609614849, 0.0309067480266], "dvar": [0.00274658645503, 0.00223473692313, 0.000940543366596, 0.00068260775879, 0.000302866741549, 0.000322773441439], "dvar2": [0.0067362957634, 0.00561938993633, 0.00238144421019, 0.00174324249383, 0.000762984680478, 0.000805269752163], "max": [-0.226631894708, -0.379074037075, -0.539403319359, -0.584964215755, -0.667909264565, -0.63835811615], "mean": [-0.669012963772, -0.734819829464, -0.794057309628, -0.783736824989, -0.814470887184, -0.769716978073], "median": [-0.679903268814, -0.748973608017, -0.802065849304, -0.788661777973, -0.817973792553, -0.772521734238], "min": [-0.975987613201, -0.97414880991, -0.977091908455, -0.968782305717, -0.96492254734, -0.962086379528], "var": [0.00873389560729, 0.00772281968966, 0.00329630356282, 0.00307326694019, 0.00110421038698, 0.00135044509079]}, "spectral_contrast_valleys": {"dmean": [0.4719170928, 0.436719030142, 0.364209204912, 0.336160689592, 0.360627621412, 0.370684236288], "dmean2": [0.790393471718, 0.700123012066, 0.555856108665, 0.513030529022, 0.526497066021, 0.469856321812], "dvar": [0.238311439753, 0.217972636223, 0.157178938389, 0.163018867373, 0.203639507294, 0.207008063793], "dvar2": [0.48719394207, 0.428465306759, 0.251299649477, 0.287447720766, 0.384259313345, 0.365214645863], "max": [-4.70272779465, -4.737885952, -5.59017896652, -5.87984275818, -5.86903333664, -7.48055839539], "mean": [-6.5506978035, -6.67142820358, -7.3404998