{"lowlevel": {"average_loudness": 0.953137993813, "barkbands_crest": {"dmean": 1.43243169785, "dmean2": 2.25313830376, "dvar": 3.8143055439, "dvar2": 8.70672893524, "max": 25.1655483246, "mean": 12.4257221222, "median": 12.6874008179, "min": 3.35999298096, "var": 15.4135932922}, "barkbands_flatness_db": {"dmean": 0.0510686300695, "dmean2": 0.0581198148429, "dvar": 0.00318948389031, "dvar2": 0.0059017133899, "max": 0.776002168655, "mean": 0.303429424763, "median": 0.305940032005, "min": 0.0255241952837, "var": 0.0172746889293}, "barkbands_kurtosis": {"dmean": 6.39850854874, "dmean2": 8.6963891983, "dvar": 199.711990356, "dvar2": 425.255950928, "max": 314.170257568, "mean": 11.3808307648, "median": 4.87382316589, "min": -1.82719779015, "var": 455.210968018}, "barkbands_skewness": {"dmean": 0.621282339096, "dmean2": 0.845540523529, "dvar": 0.728966712952, "dvar2": 1.42453861237, "max": 12.5031871796, "mean": 2.06708717346, "median": 1.78368377686, "min": -2.10533833504, "var": 2.61344265938}, "barkbands_spread": {"dmean": 2.42889356613, "dmean2": 3.19952249527, "dvar": 20.910905838, "dvar2": 42.1901473999, "max": 129.254348755, "mean": 7.90445041656, "median": 5.56579589844, "min": 0.250084280968, "var": 84.4972686768}, "dissonance": {"dmean": 0.0465490072966, "dmean2": 0.0726864635944, "dvar": 0.00192364177201, "dvar2": 0.00435147620738, "max": 0.500000059605, "mean": 0.36770477891, "median": 0.376670181751, "min": 0.114215068519, "var": 0.0067920521833}, "dynamic_complexity": 2.87631320953, "erbbands_crest": {"dmean": 1.97329509258, "dmean2": 2.98077344894, "dvar": 6.49988555908, "dvar2": 13.7860298157, "max": 31.9615707397, "mean": 14.3984928131, "median": 13.2879886627, "min": 2.2681517601, "var": 36.2100334167}, "erbbands_flatness_db": {"dmean": 0.0466247424483, "dmean2": 0.0517043359578, "dvar": 0.00248188152909, "dvar2": 0.00457653123885, "max": 0.584134817123, "mean": 0.25127479434, "median": 0.249397739768, "min": 0.0268801171333, "var": 0.011786785908}, "erbbands_kurtosis": {"dmean": 3.1284096241, "dmean2": 4.30256748199, "dvar": 56.6729850769, "dvar2": 116.70198822, "max": 243.910949707, "mean": 5.51002788544, "median": 1.88869905472, "min": -1.79573428631, "var": 207.266082764}, "erbbands_skewness": {"dmean": 0.523871243, "dmean2": 0.695020318031, "dvar": 0.374414414167, "dvar2": 0.656352937222, "max": 10.4966039658, "mean": 0.758355677128, "median": 0.686565756798, "min": -2.75728940964, "var": 2.25628709793}, "erbbands_spread": {"dmean": 7.55295753479, "dmean2": 10.379784584, "dvar": 130.926574707, "dvar2": 268.98248291, "max": 125.45488739, "mean": 21.691532135, "median": 15.788608551, "min": 0.535212934017, "var": 340.419708252}, "hfc": {"dmean": 4.93339776993, "dmean2": 6.98038387299, "dvar": 220.998825073, "dvar2": 516.262512207, "max": 154.470016479, "mean": 10.8210906982, "median": 6.39511156082, "min": 1.69776380454e-11, "var": 277.176635742}, "melbands_crest": {"dmean": 1.94336915016, "dmean2": 3.154088974, "dvar": 7.76735115051, "dvar2": 18.414024353, "max": 36.4226226807, "mean": 18.2643642426, "median": 18.0926017761, "min": 1.94223558903, "var": 31.7509536743}, "melbands_flatness_db": {"dmean": 0.0575415678322, "dmean2": 0.0658707842231, "dvar": 0.00425797142088, "dvar2": 0.00792737491429, "max": 0.952755391598, "mean": 0.414607584476, "median": 0.42000618577, "min": 0.0044166194275, "var": 0.0234100557864}, "melbands_kurtosis": {"dmean": 10.9658060074, "dmean2": 15.6462392807, "dvar": 800.432434082, "dvar2": 1672.97729492, "max": 635.989318848, "mean": 19.8422203064, "median": 8.80169391632, "min": -1.73144471645, "var": 1630.32470703}, "melbands_skewness": {"dmean": 0.689932346344, "dmean2": 0.994595646858, "dvar": 1.13795149326, "dvar2": 2.24840140343, "max": 19.8106327057, "mean": 2.6335299015, "median": 2.34344768524, "min": -1.23844242096, "var": 3.69071531296}, "melbands_spread": {"dmean": 1.921215415, "dmean2": 2.62571644783, "dvar": 20.6048297882, "dvar2": 45.3803062439, "max": 163.196884155, "mean": 7.9641828537, "median": 5.93842124939, "min": 0.237056210637, "var": 128.534332275}, "pitch_salience": {"dmean": 0.0512904971838, "dmean2": 0.0836686119437, "dvar": 0.00465736212209, "dvar2": 0.0115860383958, "max": 0.947581291199, "mean": 0.462690800428, "median": 0.452230632305, "min": 0.0807936266065, "var": 0.0141529589891}, "silence_rate_20dB": {"dmean": 0, "dmean2": 0, "dvar": 0, "dvar2": 0, "max": 1, "mean": 1, "median": 1, "min": 1, "var": 0}, "silence_rate_30dB": {"dmean": 0.0155235230923, "dmean2": 0.0310519654304, "dvar": 0.015283097513, "dvar2": 0.044345907867, "max": 1, "mean": 0.991605937481, "median": 1, "min": 0, "var": 0.00832280702889}, "silence_rate_60dB": {"dmean": 0.0129890702665, "dmean2": 0.0258238278329, "dvar": 0.0128194978461, "dvar2": 0.0261078178883, "max": 1, "mean": 0.0479885973036, "median": 0, "min": 0, "var": 0.0456867441535}, "spectral_centroid": {"dmean": 87.30834198, "dmean2": 113.786399841, "dvar": 22057.8105469, "dvar2": 35734.6757812, "max": 4001.90161133, "mean": 475.259307861, "median": 389.879577637, "min": 101.650497437, "var": 165242.0625}, "spectral_complexity": {"dmean": 2.18533182144, "dmean2": 3.02265524864, "dvar": 18.6384830475, "dvar2": 30.0090026855, "max": 49, "mean": 8.39974689484, "median": 7, "min": 0, "var": 43.3181381226}, "spectral_decrease": {"dmean": 1.95106641954e-09, "dmean2": 3.08424086271e-09, "dvar": 2.18611180034e-17, "dvar2": 5.67399710446e-17, "max": -4.66110109437e-23, "mean": -8.13536171762e-09, "median": -7.1742212171e-09, "min": -5.15413169921e-08, "var": 3.34225833748e-17}, "spectral_energy": {"dmean": 0.0077694747597, "dmean2": 0.012203020975, "dvar": 0.000356212462066, "dvar2": 0.000920932623558, "max": 0.208246707916, "mean": 0.0316861979663, "median": 0.0277650877833, "min": 1.71584025285e-15, "var": 0.000529061304405}, "spectral_energyband_high": {"dmean": 0.000215536609176, "dmean2": 0.000292366516078, "dvar": 3.15303509524e-07, "dvar2": 5.30340628302e-07, "max": 0.005976900924, "mean": 0.000245927920332, "median": 7.19409081285e-06, "min": 1.36934183814e-15, "var": 5.51770028778e-07}, "spectral_energyband_low": {"dmean": 0.00312618701719, "dmean2": 0.00481965951622, "dvar": 4.13832713093e-05, "dvar2": 9.64877763181e-05, "max": 0.119634449482, "mean": 0.0185278896242, "median": 0.0166915394366, "min": 2.22045286522e-17, "var": 0.000162559372257}, "spectral_energyband_middle_high": {"dmean": 0.00114287878387, "dmean2": 0.00174449488986, "dvar": 1.78129921551e-05, "dvar2": 4.48486061941e-05, "max": 0.0498236231506, "mean": 0.00179863581434, "median": 0.000688408385031, "min": 2.76862168521e-16, "var": 1.75830718945e-05}, "spectral_energyband_middle_low": {"dmean": 0.00509236566722, "dmean2": 0.00847089383751, "dvar": 0.000216091430048, "dvar2": 0.000584784080274, "max": 0.171272858977, "mean": 0.0138625279069, "median": 0.00952623412013, "min": 2.95441154623e-17, "var": 0.000266316958005}, "spectral_entropy": {"dmean": 0.463223427534, "dmean2": 0.536433637142, "dvar": 0.274073421955, "dvar2": 0.48156234622, "max": 8.97849273682, "mean": 6.12186384201, "median": 5.91871833801, "min": 3.11440587044, "var": 1.27554929256}, "spectral_flux": {"dmean": 0.0237021297216, "dmean2": 0.035357747227, "dvar": 0.00176106276922, "dvar2": 0.00366886053234, "max": 0.410593062639, "mean": 0.0468315370381, "median": 0.0293235778809, "min": 3.20831236422e-06, "var": 0.00285165244713}, "spectral_kurtosis": {"dmean": 25.4481773376, "dmean2": 37.4585075378, "dvar": 2115.63208008, "dvar2": 4885.04785156, "max": 757.490356445, "mean": 46.5273704529, "median": 15.9863643646, "min": 0.908358812332, "var": 5482.47753906}, "spectral_rms": {"dmean": 0.000607859634329, "dmean2": 0.000912525807507, "dvar": 1.43805084463e-06, "dvar2": 3.38421409651e-06, "max": 0.0142536843196, "mean": 0.00519802048802, "median": 0.00520460307598, "min": 1.29382782266e-09, "var": 3.89393972e-06}, "spectral_rolloff": {"dmean": 132.010650635, "dmean2": 211.161987305, "dvar": 291886.4375, "dvar2": 705365, "max": 17571.09375, "mean": 601.376525879, "median": 430.6640625, "min": 43.06640625, "var": 1954507.75}, "spectral_skewness": {"dmean": 1.39140093327, "dmean2": 1.87780070305, "dvar": 3.22492814064, "dvar2": 6.65958881378, "max": 22.4536094666, "mean": 4.55858898163, "median": 3.4597325325, "min": 0.99833625555, "var": 11.5516796112}, "spectral_spread": {"dmean": 1206129.875, "dmean2": 1435311.375, "dvar": 1629393780740.0, "dvar2": 2815601410050.0, "max": 18562224, "mean": 3678739.25, "median": 3157204.5, "min": 166270.296875, "var": 6120988999680.0}, "spectral_strongpeak": {"dmean": 0.209319606423, "dmean2": 0.372993528843, "dvar": 0.167878717184, "dvar2": 0.434651345015, "max": 5.75843238831, "mean": 0.758788764477, "median": 0.605614721775, "min": 0, "var": 0.453615397215}, "zerocrossingrate": {"dmean": 0.00709079066291, "dmean2": 0.00794748868793, "dvar": 0.000130675267428, "dvar2": 0.000171273393789, "max": 0.8525390625, "mean": 0.0293208491057, "median": 0.017578125, "min": 0.00341796875, "var": 0.00416062539443}, "barkbands": {"dmean": [2.17157885345e-05, 0.00118586572353, 0.00198104279116, 0.00114068028051, 0.00152411160525, 0.00101749971509, 0.000737302179914, 0.000634149590041, 0.000715574016795, 0.000621468469035, 7.90094782133e-05, 0.000185920434888, 0.000122065044707, 0.000196603010409, 0.000120404132758, 9.05837368919e-05, 4.40896728833e-05, 4.8858604714e-05, 3.82084872399e-05, 3.0866398447e-05, 4.74762455269e-05, 3.42632192769e-05, 3.90563218389e-05, 3.3718697523e-05, 2.7300320653e-05, 1.98221750907e-05, 7.51718789616e-06], "dmean2": [3.7042726035e-05, 0.00190054264385, 0.00305043160915, 0.00187722011469, 0.00269520515576, 0.00178590475116, 0.00108888326213, 0.00104533927515, 0.00121078605298, 0.00107518874574, 0.000130297310534, 0.00027011623024, 0.000190591061255, 0.000324103340972, 0.000185529046576, 0.000157285874593, 6.99601951055e-05, 7.94241059339e-05, 5.94070625084e-05, 4.46382400696e-05, 7.04736521584e-05, 4.62498101115e-05, 5.32822232344e-05, 4.60025185021e-05, 3.78141921829e-05, 2.84321813524e-05, 1.18370317068e-05], "dvar": [2.87711388047e-09, 5.9984768086e-06, 2.169338768e-05, 5.16624459124e-06, 2.03555227927e-05, 1.0703362932e-05, 4.61436229671e-06, 5.87754902881e-06, 9.06760851649e-06, 7.11952725396e-06, 7.96400456693e-08, 4.65452643539e-07, 2.1534491168e-07, 1.05085587165e-06, 3.68350981717e-07, 1.98926286998e-07, 3.7403520281e-08, 4.87073776867e-08, 2.22044516107e-08, 1.25432970677e-08, 1.87996533896e-08, 8.22374968124e-09, 1.01090726901e-08, 9.33815424986e-09, 6.28020790927e-09, 2.42981657017e-09, 3.93058557924e-10], "dvar2": [7.70834152064e-09, 1.48308645294e-05, 5.22164300492e-05, 1.31918404804e-05, 5.59023683309e-05, 3.05343455693e-05, 1.05016124508e-05, 1.48080380313e-05, 2.4662256692e-05, 2.02809769689e-05, 2.03901322493e-07, 9.67458504419e-07, 5.36946515695e-07, 2.63233005171e-06, 9.17753027352e-07, 5.42603061149e-07, 9.65117337159e-08, 1.28906052055e-07, 5.53679946336e-08, 2.80605334524e-08, 3.95621704286e-08, 1.46632359588e-08, 1.92173814639e-08, 1.77075047958e-08, 1.1751319029e-08, 4.68535921172e-09, 9.5261099009e-10], "max": [0.000562892644666, 0.0447411313653, 0.0987417697906, 0.0403447635472, 0.0682854056358, 0.0429762154818, 0.0678913742304, 0.0466803573072, 0.0471226945519, 0.0375750996172, 0.00479020830244, 0.0103773670271, 0.00675292592496, 0.0159682985395, 0.00992713309824, 0.00482970522717, 0.00278746150434, 0.00302496552467, 0.00173132331111, 0.00149414595217, 0.00152039388195, 0.00102360616438, 0.00125628558453, 0.00127161107957, 0.000864914327394, 0.000524734030478, 0.000214877305552], "mean": [2.81835964415e-05, 0.00490593630821, 0.0111839771271, 0.0034643614199, 0.00249531189911, 0.00189702061471, 0.003044890007, 0.0011653425172, 0.00102478556801, 0.00105644692667, 0.000108895190351, 0.000328463764163, 0.00014018706861, 0.000282473658444, 0.000113955546112, 6.52735034237e-05, 4.34548019257e-05, 4.32268825534e-05, 3.59495570592e-05, 3.20519066008e-05, 5.00305905007e-05, 4.00645876653e-05, 4.26007645729e-05, 3.65896630683e-05, 2.99624953186e-05, 2.04942225537e-05, 6.32346836937e-06], "median": [8.82627500687e-06, 0.00418605422601, 0.00920771993697, 0.0023835641332, 0.00121372868307, 0.000645585590973, 0.000625531829428, 0.000273317476967, 0.000127696795971, 0.000160872237757, 8.70594340086e-06, 2.20487927436e-05, 6.58197222947e-06, 5.04039735461e-06, 2.64072787104e-06, 1.14679937724e-06, 1.03197226053e-06, 9.02844533357e-07, 8.24599169391e-07, 8.27802352887e-07, 1.48790684307e-06, 1.38808013617e-06, 1.39181611303e-06, 9.37961203817e-07, 7.84656435826e-07, 5.52666449494e-07, 7.38712202519e-08], "min": [8.94320381332e-18, 1.10632429079e-17, 4.89116114824e-18, 3.39711497047e-18, 8.08731672479e-18, 8.21272971336e-18, 1.68308248694e-18, 1.69055678755e-18, 4.57031515942e-18, 1.48986875024e-17, 2.49255243879e-17, 2.37075158252e-17, 1.72395193004e-17, 3.13909190161e-18, 2.43216494535e-17, 4.8846186459e-17, 1.7088780523e-17, 3.38945593974e-17, 5.93069639483e-17, 6.37810846199e-17, 6.977105016e-17, 1.08423082602e-16, 1.27926883098e-16, 1.28511362301e-16, 2.20794304886e-16, 3.06792580638e-16, 3.65719206941e-16], "var": [3.36962191483e-09, 1.81382492883e-05, 9.43703780649e-05, 1.29887976072e-05, 1.8421722416e-05, 1.24774023789e-05, 5.60335065529e-05, 7.5700609159e-06, 9.62914600677e-06, 6.01495912633e-06, 9.19524865139e-08, 7.95455378011e-07, 2.24875648769e-07, 1.29900513457e-06, 3.31678677412e-07, 1.35247077537e-07, 3.54041027606e-08, 4.00950241897e-08, 2.14189181946e-08, 1.45640539628e-08, 2.51829401776e-08, 1.4646650115e-08, 1.62329847342e-08, 1.41071989646e-08, 9.41028499568e-09, 3.54738016739e-09, 3.78662656786e-10]}, "erbbands": {"dmean": [0.0219677519053, 0.323978990316, 1.83949244022, 3.31896877289, 3.791223526, 6.36923885345, 3.87965130806, 10.6949253082, 11.2165842056, 11.0262479782, 13.0952806473, 10.9479951859, 32.9233360291, 7.25534343719, 5.25372695923, 5.77287626266, 4.89714002609, 9.4937210083, 7.79140949249, 5.58592987061, 4.66587162018, 2.7033700943, 2.5791311264, 1.85791003704, 2.00499105453, 1.59196162224, 2.0517270565, 1.60855329037, 1.17272388935, 1.35861730576, 1.01518154144, 0.700746953487, 0.560424804688, 0.320765256882, 0.19408787787, 0.0964983329177, 0.0317983478308, 0.0100414333865, 0.00134495855309, 5.33365127922e-05], "dmean2": [0.03389396891, 0.522389113903, 2.88549947739, 5.21536540985, 6.41944742203, 11.4104232788, 6.64627695084, 18.7087039948, 16.8505039215, 17.2335758209, 21.5168113708, 18.0956535339, 57.405506134, 12.1437597275, 8.09405899048, 8.51438999176, 7.29745960236, 15.5641870499, 12.7015972137, 9.14386940002, 7.90921545029, 4.30379104614, 4.25776147842, 2.83115005493, 3.17479610443, 2.30260038376, 3.13855648041, 2.27244472504, 1.59358489513, 1.8953640461, 1.39562416077, 0.947187185287, 0.780490815639, 0.44796192646, 0.273129016161, 0.136783018708, 0.0456461459398, 0.015481592156, 0.00211719749495, 8.1868172856e-05], "dvar": [0.00254642823711, 0.44474235177, 18.9242134094, 42.5586433411, 56.5998764038, 525.258605957, 112.398406982, 1271.45507812, 1081.80004883, 1167.00817871, 2749.95849609, 1864.3503418, 23316.7539062, 626.94329834, 399.67175293, 365.730926514, 295.445922852, 1772.27893066, 1404.4017334, 963.068054199, 502.796966553, 141.38293457, 137.260192871, 49.6345748901, 63.4467582703, 31.8839111328, 39.0567550659, 20.0968933105, 11.1906089783, 11.7944307327, 6.59409570694, 3.42519402504, 3.00022792816, 0.934382259846, 0.305334329605, 0.0683931857347, 0.00544970994815, 0.000666471838485, 1.18656134873e-05, 1.62838098561e-08], "dvar2": [0.00612680707127, 1.0990241766, 45.8838768005, 103.068092346, 149.413879395, 1452.82922363, 302.084197998, 3596.06567383, 2491.15869141, 3092.50439453, 6625.78271484, 4931.98535156, 66415.2890625, 1765.40917969, 953.88079834, 761.251647949, 668.352355957, 4459.04833984, 3571.57568359, 2531.99658203, 1351.33874512, 366.048278809, 367.058380127, 111.327896118, 159.678405762, 70.940032959, 86.032989502, 39.4372253418, 20.6763038635, 21.2680511475, 12.1657133102, 6.13587379456, 6.2455291748, 1.75685143471, 0.578320801258, 0.129130229354, 0.0105988103896, 0.00154738989659, 2.87023140118e-05, 3.78613549401e-08], "max": [0.786550045013, 11.4652833939, 84.7366714478, 108.086402893, 123.654884338, 374.04876709, 138.878219604, 470.504577637, 1082.57995605, 538.15246582, 1276.87158203, 663.177368164, 1997.23156738, 345.904510498, 287.262115479, 240.173233032, 244.894195557, 725.700927734, 519.029907227, 509.395080566, 249.416152954, 167.967178345, 165.142105103, 76.7890777588, 90.5713729858, 69.8818359375, 80.6104431152, 45.5037879944, 39.9191741943, 40.3912696838, 30.1446113586, 20.6255645752, 24.8904075623, 10.8632335663, 5.95271015167, 2.91691231728, 0.706061124802, 0.243824616075, 0.03688557446, 0.00126207224093], "mean": [0.0766562074423, 1.49365222454, 10.6830196381, 14.2243995667, 9.38199710846, 7.95121717453, 7.27812004089, 19.2910175323, 44.893699646, 30.4312038422, 26.088842392, 18.350976944, 50.4684371948, 13.3001537323, 7.93294048309, 11.5272722244, 7.16890192032, 14.9035758972, 7.07856988907, 4.77243232727, 3.5840947628, 2.64181995392, 2.25450134277, 1.89289343357, 1.83305370808, 1.60008919239, 2.06485342979, 1.77380788326, 1.40241646767, 1.48274576664, 1.13866341114, 0.774696588516, 0.586386203766, 0.347961366177, 0.213042289019, 0.104035168886, 0.0326048322022, 0.00888979528099, 0.00114354374819, 7.39770330256e-05], "median": [0.0525953248143, 1.30548167229, 9.2217912674, 10.738527298, 5.53381347656, 3.39786672592, 2.83213472366, 6.0911192894, 10.2227602005, 6.82828903198, 5.38732528687, 5.27029323578, 6.26452636719, 4.35132408142, 1.38333511353, 1.08763504028, 0.560620486736, 0.353460758924, 0.174587994814, 0.11610455811, 0.0631356015801, 0.0563031360507, 0.0525700896978, 0.0457117855549, 0.0383598320186, 0.0399667471647, 0.0529727190733, 0.0560014955699, 0.0455083437264, 0.0517474487424, 0.0346160717309, 0.0209198351949, 0.0151118999347, 0.00894983485341, 0.00557416118681, 0.00285636680201, 0.000867974071298, 0.000155032306793, 2.88590163109e-05, 3.52625356754e-05], "min": [4.41086425112e-16, 2.08919554122e-15, 5.38989426008e-15, 9.39951445129e-15, 1.53310439295e-14, 2.91614368558e-14, 5.38265856583e-14, 6.80676557328e-14, 4.05886668676e-14, 1.08021874594e-14, 6.01467253824e-14, 1.05087644045e-13, 2.46211200299e-13, 8.23927623177e-13, 9.3850849401e-13, 1.03220166789e-12, 8.73809488308e-13, 2.32299585384e-13, 5.5429668017e-13, 1.80881394932e-12, 2.72770022715e-12, 1.06969955897e-12, 1.36902978103e-12, 3.77120340164e-12, 1.82686526497e-12, 3.2249617473e-12, 3.20276444254e-12, 3.50186459691e-12, 2.91676817248e-12, 4.19441781654e-12, 3.2233942078e-12, 2.65454542028e-12, 2.3835063697e-12, 1.98141524889e-12, 1.52740081867e-12, 1.08383874792e-12, 6.21880259961e-13, 2.56174340638e-13, 5.87596852143e-14, 4.25357753848e-15], "var": [0.00578534929082, 1.44739758968, 78.6015472412, 168.705627441, 138.401702881, 368.476013184, 169.535797119, 1473.91491699, 13293.1767578, 3529.68823242, 4279.84228516, 2354.87475586, 17550.9882812, 617.476257324, 465.703521729, 666.666931152, 428.47946167, 2931.67553711, 1159.69152832, 752.894470215, 364.003204346, 133.496154785, 110.738258362, 56.2715950012, 59.0346260071, 36.6023216248, 48.3167076111, 30.376663208, 19.4663009644, 19.1340961456, 11.267408371, 5.68818712234, 3.96833777428, 1.35823059082, 0.458989143372, 0.101933062077, 0.00803028699011, 0.00070748507278, 1.15193188321e-05, 1.73053287256e-08]}, "gfcc": {"mean": [-121.840194702, 151.330047607, -43.3042144775, 7.99199008942, -59.0394706726, 12.5849485397, -17.9236621857, 0.023149907589, -16.8814373016, -3.41676998138, -16.5681304932, -7.62596559525, -13.875336647], "cov": [[22097.2929688, -2933.72827148, -2277.15527344, 358.970062256, -1271.96557617, 415.529388428, -850.566162109, 505.338653564, -443.61907959, 645.842163086, -442.954071045, 316.078399658, -567.511901855], [-2933.72827148, 4267.83007812, 803.567687988, -974.088378906, 441.433349609, -172.715011597, 608.562744141, -397.487518311, 399.02532959, -375.979370117, 257.694152832, -320.202453613, 263.988494873], [-2277.15527344, 803.567687988, 1331.04516602, 419.768737793, 241.060791016, -92.7676925659, 253.487335205, -46.0496292114, 87.2040100098, -156.588516235, 21.4546203613, -86.1436004639, 101.140335083], [358.970062256, -974.088378906, 419.768737793, 816.923095703, 105.026397705, 56.5154304504, -100.984855652, 101.44682312, -105.53818512, 24.9354934692, -88.7453842163, 41.4856948853, -50.25], [-1271.96557617, 441.433349609, 241.060791016, 105.026397705, 441.660064697, 97.695892334, 103.432243347, -136.631774902, 37.3933410645, -62.1240882874, 57.3076324463, -87.7415542603, 17.6588630676], [415.529388428, -172.715011597, -92.7676925659, 56.5154304504, 97.695892334, 223.805343628, 67.6777191162, 24.6264781952, -50.5419883728, 21.6659984589, -9.29803276062, 4.02365636826, -53.8964195251], [-850.566162109, 608.562744141, 253.487335205, -100.984855652, 103.432243347, 67.6777191162, 279.171661377, 17.705324173, 53.6652793884, -115.649238586, 14.6862602234, -36.0135765076, 64.0701370239], [505.338653564, -397.487518311, -46.0496292114, 101.44682312, -136.631774902, 24.6264781952, 17.705324173, 198.824584961, -2.25381731987, 7.62807321548, -76.0996780396, 51.3754043579, 0.528291940689], [-443.61907959, 399.02532959, 87.2040100098, -105.53818512, 37.3933410645, -50.5419883728, 53.6652793884, -2.25381731987, 122.977790833, 8.51942443848, 28.2611980438, -50.6236343384, 27.0427322388], [645.842163086, -375.979370117, -156.588516235, 24.9354934692, -62.1240882874, 21.6659984589, -115.649238586, 7.62807321548, 8.51942443848, 162.286376953, 42.932723999, 19.8060684204, -82.958770752], [-442.954071045, 257.694152832, 21.4546203613, -88.7453842163, 57.3076324463, -9.29803276062, 14.6862602234, -76.0996780396, 28.2611980438, 42.932723999, 120.009353638, 15.0689992905, -10.0166931152], [316.078399658, -320.202453613, -86.1436004639, 41.4856948853, -87.7415542603, 4.02365636826, -36.0135765076, 51.3754043579, -50.6236343384, 19.8060684204, 15.0689992905, 113.821113586, 18.9788703918], [-567.511901855, 263.988494873, 101.140335083, -50.25, 17.6588630676, -53.8964195251, 64.0701370239, 0.528291940689, 27.0427322388, -82.958770752, -10.0166931152, 18.9788703918, 121.394920349]], "icov": [[0.000112686328066, -0.000260632979916, 0.000231530313613, -0.000298164552078, 0.000179096517968, -2.21911304834e-05, -9.05628694454e-05, 0.000144729099702, 0.000271176366368, -0.000814663711935, 0.00106964039151, -0.000657036725897, 0.000362367718481], [-0.000260632979916, 0.00212142406963, -0.0011200014269, 0.00168421317358, 0.000370279332856, -0.00117176747881, 0.000515477266163, 0.000690518121701, -0.00362029275857, 0.00582437869161, -0.00578020559624, 0.00377196748741, -0.00133052875753], [0.000231530313613, -0.0011200014269, 0.00300958869047, -0.00324473995715, 0.000629020913038, 0.00199258164503, -0.00325787183829, 0.00139742216561, 0.000619082071353, -0.0028101769276, 0.00251869275235, -0.00123570219148, 0.000516616913956], [-0.000298164552078, 0.00168421317358, -0.00324473995715, 0.00599442748353, -0.00300447060727, -0.000430542480899, 0.00315258209594, -0.00328754400834, 0.00119483890012, 0.00257299467921, -0.00218159356155, 0.00151180522516, -0.00019962497754], [0.000179096517968, 0.000370279332856, 0.000629020913038, -0.00300447060727, 0.00850224960595, -0.00647873803973, 0.00125891901553, 0.00504250312224, -0.00633499259129, 0.00625845231116, -0.00541797094047, 0.00415574666113, -0.00194390735123], [-2.21911304834e-05, -0.00117176747881, 0.00199258164503, -0.000430542480899, -0.00647873803973, 0.015742206946, -0.00996966101229, -0.00211544334888, 0.0108802784234, -0.0123962154612, 0.00870832800865, -0.0041917944327, 0.00428751157597], [-9.05628694454e-05, 0.000515477266163, -0.00325787183829, 0.00315258209594, 0.00125891901553, -0.00996966101229, 0.0166665185243, -0.00616375822574, -0.00486667407677, 0.0129515435547, -0.0101551385596, 0.0048184520565, -0.00256026745774], [0.000144729099702, 0.000690518121701, 0.00139742216561, -0.00328754400834, 0.00504250312224, -0.00211544334888, -0.00616375822574, 0.0193714629859, -0.0132700810209, 0.00125682423823, 0.0113248024136, -0.0113338315859, 0.0046673733741], [0.000271176366368, -0.00362029275857, 0.000619082071353, 0.00119483890012, -0.00633499259129, 0.0108802784234, -0.00486667407677, -0.0132700810209, 0.0361241549253, -0.0239365864545, 0.00380666647106, 0.00934820156544, -0.00805470347404], [-0.000814663711935, 0.00582437869161, -0.0028101769276, 0.00257299467921, 0.00625845231116, -0.0123962154612, 0.0129515435547, 0.00125682423823, -0.0239365864545, 0.0430049598217, -0.0283676180989, 0.0092330398038, 0.00461371941492], [0.00106964039151, -0.00578020559624, 0.00251869275235, -0.00218159356155, -0.00541797094047, 0.00870832800865, -0.0101551385596, 0.0113248024136, 0.00380666647106, -0.0283676180989, 0.0486056171358, -0.031347669661, 0.0132112745196], [-0.000657036725897, 0.00377196748741, -0.00123570219148, 0.00151180522516, 0.00415574666113, -0.0041917944327, 0.0048184520565, -0.0113338315859, 0.00934820156544, 0.0092330398038, -0.031347669661, 0.0396187901497, -0.0191316381097], [0.000362367718481, -0.00133052875753, 0.000516616913956, -0.00019962497754, -0.00194390735123, 0.00428751157597, -0.00256026745774, 0.0046673733741, -0.00805470347404, 0.00461371941492, 0.0132112745196, -0.0191316381097, 0.0248576290905]]}, "melbands": {"dmean": [0.000258490152191, 0.000749369501136, 0.000547874253243, 0.000375848001568, 0.000163814795087, 0.000226603297051, 0.000169067905517, 0.000124136320665, 9.25619533518e-05, 9.06250643311e-05, 0.000162333541084, 2.74244648608e-05, 1.4676090359e-05, 1.81603008969e-05, 1.58056518558e-05, 1.33091571115e-05, 1.87737132364e-05, 1.38150662679e-05, 8.94808090379e-06, 6.64162189423e-06, 4.8691927077e-06, 2.66889992417e-06, 2.86866907118e-06, 1.83810493581e-06, 1.46969603065e-06, 1.53044243234e-06, 1.16970204544e-06, 1.07351422685e-06, 1.22876122077e-06, 1.20976596918e-06, 8.75860223459e-07, 6.50111189771e-07, 7.37899426895e-07, 7.83472216881e-07, 6.20724961209e-07, 5.08189486936e-07, 3.91283577983e-07, 4.25728586606e-07, 3.26473809764e-07, 2.56600827697e-07], "dmean2": [0.000405504979426, 0.00118402240332, 0.000869511743076, 0.000667457701638, 0.000281102373265, 0.000396977178752, 0.000253952108324, 0.00019713115762, 0.00015138843446, 0.000152528984472, 0.000282700028038, 4.61120071122e-05, 2.3042639441e-05, 2.72058168775e-05, 2.25475578191e-05, 2.13635503314e-05, 3.10624127451e-05, 2.24917093874e-05, 1.41191867442e-05, 1.11169192678e-05, 8.33479498397e-06, 4.2406340981e-06, 4.85265991301e-06, 2.87038506031e-06, 2.29601141655e-06, 2.43785325438e-06, 1.82666599358e-06, 1.56862211043e-06, 1.88652268207e-06, 1.84980819995e-06, 1.22876213027e-06, 9.19702131341e-07, 1.0140855693e-06, 1.09827510641e-06, 8.80083916854e-07, 7.08158893303e-07, 5.35991148354e-07, 5.99844668159e-07, 4.6581544666e-07, 3.68747379298e-07], "dvar": [3.15073549473e-07, 2.81361258203e-06, 1.10073767701e-06, 1.17621402751e-06, 2.48410430004e-07, 5.58049009669e-07, 2.46486422384e-07, 1.64644163192e-07, 1.34020723408e-07, 1.40866760034e-07, 5.60362479973e-07, 8.2620763564e-09, 2.68000066583e-09, 4.79578288193e-09, 3.15622283864e-09, 2.88781198954e-09, 7.82038345193e-09, 5.127459346e-09, 2.25182228419e-09, 1.21710519441e-09, 5.60836210806e-10, 1.30282937216e-10, 1.94524063524e-10, 5.42863705377e-11, 3.15366066594e-11, 3.86525152163e-11, 2.03480825939e-11, 1.59399351357e-11, 1.51304802021e-11, 1.33501040084e-11, 5.9628890367e-12, 3.79003339129e-12, 3.7832415152e-12, 4.14447946448e-12, 2.60616224781e-12, 1.88150298293e-12, 1.07995177471e-12, 1.80182561579e-12, 1.07351540851e-12, 6.26834467578e-13], "dvar2": [7.76843933181e-07, 6.79888626109e-06, 2.65078188022e-06, 3.26205577039e-06, 6.62681031827e-07, 1.58352179369e-06, 5.65709285638e-07, 4.38652762114e-07, 3.15816407692e-07, 3.80902633879e-07, 1.59559476742e-06, 2.33629204871e-08, 6.43638120579e-09, 1.12923856932e-08, 6.56042598024e-09, 7.48615214263e-09, 1.95162996874e-08, 1.29788260139e-08, 5.86125370461e-09, 3.24782511996e-09, 1.51121382075e-09, 3.30866944953e-10, 5.28960653057e-10, 1.33555499993e-10, 7.12281275628e-11, 9.82525102944e-11, 4.96079809176e-11, 3.5344043664e-11, 3.47936054967e-11, 2.96788982279e-11, 1.16526996385e-11, 7.65393044083e-12, 6.96048600701e-12, 7.83444489838e-12, 5.03252994832e-12, 3.89163094111e-12, 1.85821735603e-12, 3.82778010677e-12, 2.33172075398e-12, 1.16256060768e-12], "max": [0.0104376040399, 0.0313893146813, 0.0175324361771, 0.0159284491092, 0.00694866664708, 0.00984429288656, 0.0164217613637, 0.00585238682106, 0.00949893705547, 0.00525642372668, 0.00980519317091, 0.00135361868888, 0.000601183564868, 0.0011047157459, 0.000707768718712, 0.00112350482959, 0.00124161457643, 0.00104706711136, 0.000748286140151, 0.000524286064319, 0.000293007033179, 0.000167920865351, 0.000201673712581, 8.89964721864e-05, 6.46128755761e-05, 6.68203865644e-05, 5.91345778957e-05, 5.50825570826e-05, 4.42809250671e-05, 4.76873501611e-05, 2.70846958301e-05, 2.35829920712e-05, 2.23833776545e-05, 2.62596713583e-05, 1.7798924091e-05, 1.67368016264e-05, 1.08302283479e-05, 2.07472530747e-05, 1.21750945254e-05, 9.20759885048e-06], "mean": [0.00102293514647, 0.00442466000095, 0.00235522771254, 0.000614648975898, 0.000261361215962, 0.000406988110626, 0.00069253356196, 0.000296780781355, 0.00018642982468, 0.000136457121698, 0.000250484648859, 4.96513566759e-05, 2.15119180211e-05, 3.44290892826e-05, 2.13696439459e-05, 2.0977555323e-05, 2.7345133276e-05, 1.17154404506e-05, 8.00294492365e-06, 5.15798137712e-06, 3.76138291358e-06, 2.64823711404e-06, 2.4191463126e-06, 1.75317916273e-06, 1.48794640609e-06, 1.4042877865e-06, 1.09489496936e-06, 1.07118148662e-06, 1.230889211e-06, 1.22431788441e-06, 9.58831151365e-07, 7.70585870669e-07, 8.14420843653e-07, 8.3310970922e-07, 6.93427409715e-07, 5.36717095656e-07, 4.37844477119e-07, 4.44723639248e-07, 3.28759966806e-07, 2.81888446807e-07], "median": [0.000889297516551, 0.00392394885421, 0.00186606531497, 0.000319426879287, 9.80953482212e-05, 0.000129185966216, 0.000164038268849, 7.33656634111e-05, 3.45304943039e-05, 2.66518763965e-05, 3.09352435579e-05, 1.35153804877e-05, 2.38677671405e-06, 2.53859116128e-06, 1.80208371603e-06, 6.55808207739e-07, 5.44064619135e-07, 2.35899406675e-07, 1.69629302604e-07, 9.4985047383e-08, 6.23174258862e-08, 5.29406136707e-08, 5.89276787366e-08, 3.92152159634e-08, 3.52162210504e-08, 3.11130179398e-08, 2.43309088432e-08, 2.64796558014e-08, 3.08571586061e-08, 3.53166527134e-08, 3.14274686275e-08, 2.35677752869e-08, 2.8641562011e-08, 2.98482731864e-08, 1.9407622176e-08, 1.61604880589e-08, 1.14345466429e-08, 1.13473479502e-08, 8.09350897413e-09, 7.09134706511e-09], "min": [3.93700541653e-18, 2.85249884157e-18, 1.78431977794e-18, 1.54383810795e-18, 1.81795542319e-18, 1.53094680829e-18, 5.45949854235e-19, 1.29483311722e-19, 5.67201985328e-19, 6.49533804936e-19, 1.24221176406e-18, 3.22685700537e-18, 3.33231405487e-18, 2.48621003145e-18, 2.94699884988e-18, 1.173855316e-18, 3.43113768455e-19, 5.23185223392e-19, 2.22880714125e-18, 2.77881359261e-18, 3.20011053386e-18, 1.13552242224e-18, 6.14485955587e-19, 1.7710524213e-18, 3.33121886774e-18, 1.85427775107e-18, 6.42908656916e-19, 2.59673004668e-18, 2.60579966851e-18, 8.61184870162e-19, 2.60852874414e-18, 1.88259731331e-18, 1.60219001329e-18, 2.41094569469e-18, 1.38742911086e-18, 2.26017548444e-18, 1.63352744061e-18, 1.71758625824e-18, 2.00746911897e-18, 1.56029290168e-18], "var": [7.90216120095e-07, 1.11698554974e-05, 3.96790073864e-06, 1.02930869161e-06, 2.5204923304e-07, 6.2621086272e-07, 3.08943913296e-06, 3.2891816204e-07, 2.27227388905e-07, 1.4934300907e-07, 4.25932455528e-07, 9.33941279868e-09, 3.19623638667e-09, 9.1599474672e-09, 4.20892476427e-09, 4.79865347458e-09, 1.06986455251e-08, 4.14061318565e-09, 1.84072967979e-09, 8.93617846387e-10, 4.04935113218e-10, 1.30280619626e-10, 1.47378734217e-10, 5.36630358206e-11, 3.51946562172e-11, 3.51019179001e-11, 1.98568713555e-11, 1.77704066739e-11, 1.80601818223e-11, 1.59614422374e-11, 9.02821480769e-12, 6.08659260146e-12, 6.21469499126e-12, 6.29290846862e-12, 4.29190970958e-12, 2.7000801768e-12, 1.83548033543e-12, 2.32774520145e-12, 1.32149228626e-12, 9.03563085897e-13]}, "mfcc": {"mean": [-781.490600586, 184.465835571, 64.0394134521, 16.5101032257, -3.89625120163, 10.0829410553, 3.26254963875, 5.42019367218, 3.16583347321, 3.34303307533, 2.64717078209, 0.960155189037, -3.41372561455], "cov": [[13706.7451172, -2712.52246094, -1719.46069336, -422.385040283, -452.045227051, -104.666976929, -379.600158691, -243.784194946, -203.672454834, 61.7691307068, 52.4899749756, 122.249862671, 0.725348472595], [-2712.52246094, 3627.23974609, 675.970397949, -395.168670654, -114.545913696, 86.2658920288, 149.139404297, 108.743476868, 150.344421387, 40.7855262756, 60.0852813721, 13.3700151443, 46.2363319397], [-1719.46069336, 675.970397949, 996.608764648, 456.045593262, 145.639450073, 67.9538269043, 118.574249268, 120.829994202, 123.568893433, 56.0084342957, -9.84777355194, -34.6359863281, -23.8272094727], [-422.385040283, -395.168670654, 456.045593262, 595.305847168, 267.985656738, 88.6924514771, 54.1071891785, 61.0383300781, 50.333656311, 32.0469055176, -15.3573265076, -41.4544143677, -43.5739860535], [-452.045227051, -114.545913696, 145.639450073, 267.985656738, 308.140319824, 159.303390503, 76.4843673706, 6.84664821625, -10.8834114075, 5.49987077713, 25.8878650665, 4.00280809402, -27.4916591644], [-104.666976929, 86.2658920288, 67.9538269043, 88.6924514771, 159.303390503, 219.058731079, 140.536743164, 30.5291213989, -20.3567695618, -0.470229536295, 34.3572120667, 37.6242790222, 0.715674757957], [-379.600158691, 149.139404297, 118.574249268, 54.1071891785, 76.4843673706, 140.536743164, 178.210357666, 109.158721924, 30.4324359894, -9.63949680328, -2.29778313637, 13.4257221222, 9.20257472992], [-243.784194946, 108.743476868, 120.829994202, 61.0383300781, 6.84664821625, 30.5291213989, 109.158721924, 171.625976562, 110.31968689, 8.158203125, -39.9761581421, -36.0196037292, -5.16407871246], [-203.672454834, 150.344421387, 123.568893433, 50.333656311, -10.8834114075, -20.3567695618, 30.4324359894, 110.31968689, 141.118911743, 60.129737854, -26.2687492371, -55.4343528748, -32.3864707947], [61.7691307068, 40.7855262756, 56.0084342957, 32.0469055176, 5.49987077713, -0.470229536295, -9.63949680328, 8.158203125, 60.129737854, 94.7181777954, 47.6940841675, -12.1285972595, -42.0067138672], [52.4899749756, 60.0852813721, -9.84777355194, -15.3573265076, 25.8878650665, 34.3572120667, -2.29778313637, -39.9761581421, -26.2687492371, 47.6940841675, 105.907600403, 66.1072158813, -3.99001121521], [122.249862671, 13.3700151443, -34.6359863281, -41.4544143677, 4.00280809402, 37.6242790222, 13.4257221222, -36.0196037292, -55.4343528748, -12.1285972595, 66.1072158813, 112.229606628, 67.8173446655], [0.725348472595, 46.2363319397, -23.8272094727, -43.5739860535, -27.4916591644, 0.715674757957, 9.20257472992, -5.16407871246, -32.3864707947, -42.0067138672, -3.99001121521, 67.8173446655, 120.458251953]], "icov": [[0.000127803534269, 3.76027637685e-05, 0.00020541176491, -0.000150255233166, 0.00036638713209, -0.000507276970893, 0.000578871346079, -0.000391101901187, 0.000318267877446, -0.000496458727866, 0.000413096975535, -0.000404262071243, 0.000150441468577], [3.76027637685e-05, 0.000673103728332, -0.000900727172848, 0.00129118468612, -8.78240316524e-05, -0.000823252950795, 0.000401831814088, 0.000391889101593, -0.00138720858376, 0.00133390258998, -0.00157272687647, 0.00120489194524, -0.000636983837467], [0.00020541176491, -0.000900727172848, 0.00371294864453, -0.00405210303143, 0.00171895441599, 0.00086358061526, -0.00192631443497, 0.000884962326381, -0.000174428962055, -0.00166275189258, 0.00184603512753, -0.00216302624904, 0.000837607076392], [-0.000150255233166, 0.00129118468612, -0.00405210303143, 0.00803865492344, -0.00535422563553, -0.000330572220264, 0.00291842501611, -0.00301844184287, 0.00123791163787, -0.00092679617228, 7.1710368502e-05, 0.00174375646748, -0.000930447306018], [0.00036638713209, -8.78240316524e-05, 0.00171895441599, -0.00535422563553, 0.0113213853911, -0.00780396070331, 0.00160396005958, 0.00270220381208, -0.00350044365041, 0.00449057947844, -0.00390580273233, 0.00177340733353, 0.00055526237702], [-0.000507276970893, -0.000823252950795, 0.00086358061526, -0.000330572220264, -0.00780396070331, 0.0222075451165, -0.0195482522249, 0.00680509349331, 0.00196304451674, -0.00361488806084, 0.00160673854407, -0.00295891240239, 0.00122869631741], [0.000578871346079, 0.000401831814088, -0.00192631443497, 0.00291842501611, 0.00160396005958, -0.0195482522249, 0.0352133139968, -0.0256594866514, 0.0126267494634, -0.00520075578243, 0.00479397363961, -0.00403215782717, 0.00121902790852], [-0.000391101901187, 0.000391889101593, 0.000884962326381, -0.00301844184287, 0.00270220381208, 0.00680509349331, -0.0256594866514, 0.0410354100168, -0.0358216650784, 0.0225109290332, -0.0114382635802, 0.00640940619633, -0.0025373834651], [0.000318267877446, -0.00138720858376, -0.000174428962055, 0.00123791163787, -0.00350044365041, 0.00196304451674, 0.0126267494634, -0.0358216650784, 0.0543764308095, -0.0421158447862, 0.0245531201363, -0.00681220507249, 0.0022143444512], [-0.000496458727866, 0.00133390258998, -0.00166275189258, -0.00092679617228, 0.00449057947844, -0.00361488806084, -0.00520075578243, 0.0225109290332, -0.0421158447862, 0.0576389506459, -0.0407801009715, 0.0191550347954, -0.00212260894477], [0.000413096975535, -0.00157272687647, 0.00184603512753, 7.1710368502e-05, -0.00390580273233, 0.00160673854407, 0.00479397363961, -0.0114382635802, 0.0245531201363, -0.0407801009715, 0.0555318668485, -0.0384127907455, 0.0150806885213], [-0.000404262071243, 0.00120489194524, -0.00216302624904, 0.00174375646748, 0.00177340733353, -0.00295891240239, -0.00403215782717, 0.00640940619633, -0.00681220507249, 0.0191550347954, -0.0384127907455, 0.0475460141897, -0.0224442221224], [0.000150441468577, -0.000636983837467, 0.000837607076392, -0.000930447306018, 0.00055526237702, 0.00122869631741, 0.00121902790852, -0.0025373834651, 0.0022143444512, -0.00212260894477, 0.0150806885213, -0.0224442221224, 0.0212824940681]]}, "spectral_contrast_coeffs": {"dmean": [0.0390100367367, 0.0395816043019, 0.0401174873114, 0.028603406623, 0.0172479525208, 0.0181741416454], "dmean2": [0.0641993954778, 0.0652992650867, 0.0622793994844, 0.0453012548387, 0.0276630669832, 0.0301618482918], "dvar": [0.00142651121132, 0.00149491603952, 0.00172683456913, 0.000799242756329, 0.000266407965682, 0.000453009357443], "dvar2": [0.00351267540827, 0.00364909158088, 0.00406133104116, 0.00175380823202, 0.000623331114184, 0.00108544458635], "max": [-0.237339660525, -0.342909514904, -0.434888124466, -0.442790180445, -0.725158333778, -0.691428780556], "mean": [-0.585207879543, -0.67687100172, -0.682320833206, -0.80943274498, -0.863358259201, -0.820816874504], "median": [-0.589256644249, -0.67837870121, -0.680439472198, -0.822943985462, -0.866059422493, -0.82190400362], "min": [-0.991958022118, -0.965341210365, -0.982260346413, -0.960496068001, -0.95233631134, -0.965732455254], "var": [0.00654583517462, 0.00827148649842, 0.0107433460653, 0.0052514472045, 0.000772472587414, 0.000932400813326]}, "spectral_contrast_valleys": {"dmean": [0.365047156811, 0.425903081894, 0.538799166679, 0.611843109131, 0.660396695137, 0.794967353344], "dmean2": [0.578542590141, 0.646999180317, 0.770916700363, 0.811786711216, 0.795911490917, 0.887350559235], "dvar": [0.175348818302, 0.273082911968, 0.42100456357, 0.529942691326, 0.608350753784, 0.684632718563], "dvar2": [0.338501542807, 0.538654565811, 0.813129901886, 1.00694429874, 1.15239298344, 1.27391004562], "max": [-5.58406543732, -4.18003749847, -5.01697635651, -5.59859609604, -5.78273677826, -8.05494689941], "mean": [-7.40594816208, -7.401