{"lowlevel": {"average_loudness": 0.928197205067, "barkbands_crest": {"dmean": 3.83837103844, "dmean2": 5.62233161926, "dvar": 13.0419158936, "dvar2": 24.8258132935, "max": 26.338476181, "mean": 15.2263584137, "median": 15.1956996918, "min": 2.41589522362, "var": 40.2288475037}, "barkbands_flatness_db": {"dmean": 0.0541557520628, "dmean2": 0.0760103389621, "dvar": 0.00308129424229, "dvar2": 0.00638011237606, "max": 0.620745360851, "mean": 0.193503990769, "median": 0.164800360799, "min": 0.0198509320617, "var": 0.0136039406061}, "barkbands_kurtosis": {"dmean": 24.1992053986, "dmean2": 37.5617218018, "dvar": 3771.30371094, "dvar2": 8638.92382812, "max": 1026.53613281, "mean": 26.0738811493, "median": 5.41278076172, "min": -1.94653177261, "var": 4732.47949219}, "barkbands_skewness": {"dmean": 1.76212191582, "dmean2": 2.5217936039, "dvar": 4.72471475601, "dvar2": 10.2348012924, "max": 25.7197742462, "mean": 3.11110019684, "median": 2.32927298546, "min": -4.05188369751, "var": 11.0344982147}, "barkbands_spread": {"dmean": 17.1002063751, "dmean2": 26.039855957, "dvar": 427.007385254, "dvar2": 891.133300781, "max": 128.163848877, "mean": 32.6695022583, "median": 20.0067920685, "min": 0.0881436541677, "var": 969.744995117}, "dissonance": {"dmean": 0.0229001585394, "dmean2": 0.037058968097, "dvar": 0.000765120203141, "dvar2": 0.00184275850188, "max": 0.500000119209, "mean": 0.451746046543, "median": 0.469022244215, "min": 0.124953046441, "var": 0.0027068357449}, "dynamic_complexity": 3.00891971588, "erbbands_crest": {"dmean": 2.7953979969, "dmean2": 4.35580873489, "dvar": 8.74096393585, "dvar2": 19.928812027, "max": 31.3086929321, "mean": 8.62221908569, "median": 7.20292711258, "min": 2.24611163139, "var": 24.6210594177}, "erbbands_flatness_db": {"dmean": 0.0276199802756, "dmean2": 0.0410946160555, "dvar": 0.00114251882769, "dvar2": 0.00241539231502, "max": 0.471889436245, "mean": 0.123161420226, "median": 0.100507296622, "min": 0.0329596698284, "var": 0.00563076650724}, "erbbands_kurtosis": {"dmean": 2.02809262276, "dmean2": 3.24128341675, "dvar": 10.6355686188, "dvar2": 26.1106243134, "max": 53.2173194885, "mean": 1.39879655838, "median": 0.0694193840027, "min": -1.87945604324, "var": 16.7099704742}, "erbbands_skewness": {"dmean": 0.666127383709, "dmean2": 1.01591861248, "dvar": 0.501575231552, "dvar2": 1.2279214859, "max": 5.79573154449, "mean": 0.211976364255, "median": 0.104318194091, "min": -3.32148194313, "var": 1.3719843626}, "erbbands_spread": {"dmean": 21.4523277283, "dmean2": 32.6747283936, "dvar": 526.848937988, "dvar2": 1102.50292969, "max": 220.680633545, "mean": 62.2440643311, "median": 57.9655265808, "min": 1.74531853199, "var": 1514.06872559}, "hfc": {"dmean": 49.8405799866, "dmean2": 71.3360137939, "dvar": 9379.29394531, "dvar2": 21207.6289062, "max": 1083.22497559, "mean": 68.4355163574, "median": 21.8886032104, "min": 1.14371033985e-16, "var": 13435.3798828}, "melbands_crest": {"dmean": 4.37140607834, "dmean2": 6.63376283646, "dvar": 19.083650589, "dvar2": 38.2259712219, "max": 38.8360481262, "mean": 22.2081050873, "median": 21.5557193756, "min": 1.89118099213, "var": 59.1120185852}, "melbands_flatness_db": {"dmean": 0.0671159103513, "dmean2": 0.0929709598422, "dvar": 0.00442952569574, "dvar2": 0.0089583620429, "max": 0.778045117855, "mean": 0.287851810455, "median": 0.26533049345, "min": 0.00562619883567, "var": 0.0204175729305}, "melbands_kurtosis": {"dmean": 60.0235176086, "dmean2": 88.150138855, "dvar": 12707.4160156, "dvar2": 27255.0332031, "max": 1750.67944336, "mean": 81.1944122314, "median": 27.479183197, "min": -1.72337889671, "var": 22075.9394531}, "melbands_skewness": {"dmean": 2.40696668625, "dmean2": 3.41076040268, "dvar": 8.16976356506, "dvar2": 16.9988288879, "max": 34.9331436157, "mean": 5.87607431412, "median": 4.50192070007, "min": -1.14087116718, "var": 22.1831932068}, "melbands_spread": {"dmean": 13.9499025345, "dmean2": 21.5473575592, "dvar": 549.72467041, "dvar2": 1198.61987305, "max": 253.382980347, "mean": 21.9060115814, "median": 9.49988746643, "min": 0.1741643399, "var": 1062.17089844}, "pitch_salience": {"dmean": 0.11796733737, "dmean2": 0.16813467443, "dvar": 0.0126819228753, "dvar2": 0.0249256417155, "max": 0.956306874752, "mean": 0.405090987682, "median": 0.409255504608, "min": 0.0342934802175, "var": 0.0389263704419}, "silence_rate_20dB": {"dmean": 0, "dmean2": 0, "dvar": 0, "dvar2": 0, "max": 1, "mean": 1, "median": 1, "min": 1, "var": 0}, "silence_rate_30dB": {"dmean": 0.115209698677, "dmean2": 0.230477631092, "dvar": 0.101938202977, "dvar2": 0.202628105879, "max": 1, "mean": 0.740591049194, "median": 1, "min": 0, "var": 0.192116558552}, "silence_rate_60dB": {"dmean": 0.0192016176879, "dmean2": 0.0384129397571, "dvar": 0.018832154572, "dvar2": 0.0430043376982, "max": 1, "mean": 0.0381409451365, "median": 0, "min": 0, "var": 0.0366837494075}, "spectral_centroid": {"dmean": 493.349243164, "dmean2": 745.141662598, "dvar": 370909.8125, "dvar2": 752869.875, "max": 11021.5234375, "mean": 1441.43884277, "median": 1195.31604004, "min": 92.7355117798, "var": 1158344.875}, "spectral_complexity": {"dmean": 5.97827196121, "dmean2": 8.49279785156, "dvar": 56.9849700928, "dvar2": 104.867218018, "max": 59, "mean": 15.2998228073, "median": 11, "min": 0, "var": 149.687103271}, "spectral_decrease": {"dmean": 6.59801679959e-09, "dmean2": 1.01504396e-08, "dvar": 6.58044610424e-17, "dvar2": 1.66478396552e-16, "max": 2.37184907131e-11, "mean": -1.64761502219e-08, "median": -1.33971314042e-08, "min": -9.26908754195e-08, "var": 1.84766076111e-16}, "spectral_energy": {"dmean": 0.0267007071525, "dmean2": 0.0411361195147, "dvar": 0.000966618186794, "dvar2": 0.00242020795122, "max": 0.353871911764, "mean": 0.0683920681477, "median": 0.0575239621103, "min": 1.01992120776e-20, "var": 0.00283493823372}, "spectral_energyband_high": {"dmean": 0.00435410859063, "dmean2": 0.00619482947513, "dvar": 7.35604189686e-05, "dvar2": 0.000163690609043, "max": 0.0942822024226, "mean": 0.00564127787948, "median": 0.00121154577937, "min": 7.55848724741e-21, "var": 0.00011111744243}, "spectral_energyband_low": {"dmean": 0.023289911449, "dmean2": 0.0363713242114, "dvar": 0.000947531778365, "dvar2": 0.00243399036117, "max": 0.344882130623, "mean": 0.0505462363362, "median": 0.0368096418679, "min": 4.43826871457e-23, "var": 0.00235268869437}, "spectral_energyband_middle_high": {"dmean": 0.00240887911059, "dmean2": 0.00376480142586, "dvar": 1.79386479431e-05, "dvar2": 4.57523419755e-05, "max": 0.0626631379128, "mean": 0.00331580126658, "median": 0.00133711716626, "min": 1.30226208366e-21, "var": 2.17507858906e-05}, "spectral_energyband_middle_low": {"dmean": 0.00732108578086, "dmean2": 0.0106557719409, "dvar": 0.000166549609276, "dvar2": 0.000333300675265, "max": 0.193363949656, "mean": 0.0102882757783, "median": 0.00500854849815, "min": 2.04511596455e-22, "var": 0.000266730174189}, "spectral_entropy": {"dmean": 0.362376600504, "dmean2": 0.532801985741, "dvar": 0.2096208781, "dvar2": 0.4303560853, "max": 9.80946731567, "mean": 7.74521541595, "median": 8.06608390808, "min": 4.12757539749, "var": 1.00833439827}, "spectral_flux": {"dmean": 0.0507404915988, "dmean2": 0.0768024846911, "dvar": 0.00247709918767, "dvar2": 0.00559712154791, "max": 0.411850273609, "mean": 0.12551279366, "median": 0.108539812267, "min": 6.90726087438e-11, "var": 0.00594612862915}, "spectral_kurtosis": {"dmean": 6.08887815475, "dmean2": 9.69722175598, "dvar": 376.690216064, "dvar2": 867.911071777, "max": 308.678833008, "mean": 10.0371713638, "median": 1.45275688171, "min": -1.50924694538, "var": 883.44732666}, "spectral_rms": {"dmean": 0.00158163136803, "dmean2": 0.00233962130733, "dvar": 2.34549065681e-06, "dvar2": 5.3472658692e-06, "max": 0.018580660224, "mean": 0.00743951927871, "median": 0.00749139115214, "min": 3.15443352862e-12, "var": 1.13774767669e-05}, "spectral_rolloff": {"dmean": 1945.93395996, "dmean2": 3342.47631836, "dvar": 11063936, "dvar2": 21973538, "max": 19013.8183594, "mean": 2630.50366211, "median": 344.53125, "min": 43.06640625, "var": 17143618}, "spectral_skewness": {"dmean": 0.567723751068, "dmean2": 0.848698556423, "dvar": 1.10806703568, "dvar2": 2.38980126381, "max": 15.0364694595, "mean": 1.87053799629, "median": 1.24661791325, "min": -0.113136999309, "var": 3.69922351837}, "spectral_spread": {"dmean": 1812291.25, "dmean2": 2629141, "dvar": 5914978418690.0, "dvar2": 11841238466600.0, "max": 42242400, "mean": 8093940, "median": 8489462, "min": 369989.6875, "var": 14966487777300.0}, "spectral_strongpeak": {"dmean": 0.300945520401, "dmean2": 0.501342356205, "dvar": 0.285504758358, "dvar2": 0.739248096943, "max": 7.44752597809, "mean": 0.600322127342, "median": 0.473444879055, "min": 0, "var": 0.30768173933}, "zerocrossingrate": {"dmean": 0.0353283435106, "dmean2": 0.0405072309077, "dvar": 0.00166749267373, "dvar2": 0.00205345940776, "max": 0.51806640625, "mean": 0.0872076004744, "median": 0.0576171875, "min": 0.001953125, "var": 0.00758460536599}, "barkbands": {"dmean": [0.00164452847093, 0.0205053258687, 0.00559807475656, 0.00287970690988, 0.00327673531137, 0.000992292771116, 0.000553521211259, 0.000344015250448, 0.000596814265009, 0.000567616720218, 0.000442915246822, 0.000405947474064, 0.000384069775464, 0.000161154195666, 0.000115206792543, 0.000383758597309, 0.000151515676407, 0.000120255994261, 0.000152178763528, 0.000242877882556, 0.000258652609773, 0.000343631778378, 0.000585577159654, 0.000839065294713, 0.0010651096236, 0.000913248513825, 0.000491309270728], "dmean2": [0.00232881796546, 0.0317197814584, 0.00921223778278, 0.00470225606114, 0.00500398222357, 0.00138676643837, 0.000856181432027, 0.000565348833334, 0.000901463092305, 0.000936530996114, 0.000727839418687, 0.000674172362778, 0.000603525259066, 0.000260430970229, 0.00018935042317, 0.000715389149264, 0.000253745471127, 0.000189702084754, 0.000236741208937, 0.000379321543733, 0.00040388587513, 0.000490943144541, 0.000872594770044, 0.00120462535415, 0.00159595080186, 0.00143959140405, 0.000718692375813], "dvar": [9.66689640336e-06, 0.000867367431056, 0.000146081962157, 4.73614127259e-05, 5.27567244717e-05, 1.77144393092e-05, 5.44079193787e-06, 7.54188931751e-07, 5.46322735318e-06, 3.47178138327e-06, 1.41289274325e-06, 7.72112628056e-07, 9.79627543529e-07, 8.16588681118e-08, 4.4545224398e-08, 3.53476229975e-06, 1.11990701157e-07, 5.70166029945e-08, 9.18819225149e-08, 2.41799483547e-07, 3.42797420672e-07, 4.72648991945e-07, 1.37665153943e-06, 2.41023280978e-06, 4.27433315053e-06, 4.88994328407e-06, 2.05056198865e-06], "dvar2": [1.58420170919e-05, 0.00212089787237, 0.000387348496588, 0.000118891010061, 0.000120023534691, 2.82373694063e-05, 1.1637280295e-05, 1.72145314536e-06, 1.34421006805e-05, 8.30424232845e-06, 3.74227647626e-06, 1.86535089597e-06, 2.32999900618e-06, 2.06920006462e-07, 1.15178984572e-07, 1.0378654224e-05, 2.81488496512e-07, 1.35428479098e-07, 2.23393939791e-07, 5.59253010124e-07, 8.62843364757e-07, 9.7054953585e-07, 3.05868502437e-06, 5.05362868353e-06, 9.84071357379e-06, 1.25560945889e-05, 4.51378082289e-06], "max": [0.0514355972409, 0.318396598101, 0.113158300519, 0.089280039072, 0.155334725976, 0.128668919206, 0.0528343357146, 0.0189797617495, 0.0534451417625, 0.0559060275555, 0.0361860021949, 0.023200808093, 0.0136373303831, 0.00514365453273, 0.0023611667566, 0.0246965754777, 0.00347839808092, 0.00331009319052, 0.00520506361499, 0.00516596902162, 0.00854164268821, 0.00984866824001, 0.0115592274815, 0.0178787577897, 0.0221885927022, 0.0224129538983, 0.017048317939], "mean": [0.00296668801457, 0.0398831702769, 0.006434913259, 0.00279499683529, 0.00387903419323, 0.00143419753294, 0.000708487292286, 0.000412066554418, 0.000777144392487, 0.000702697841916, 0.000522142334376, 0.000459814298665, 0.000445195939392, 0.000225668394705, 0.000153810091433, 0.000281628337689, 0.000168385100551, 0.000140582662425, 0.000182468793355, 0.000324026041199, 0.000327500485582, 0.000496319902595, 0.00074223120464, 0.00108171824832, 0.00127958727535, 0.00098379701376, 0.00058381218696], "median": [0.000809026998468, 0.0263763256371, 0.00105954671744, 0.000508846074808, 0.00115335430019, 0.000269494252279, 0.000181529889232, 0.000127760780742, 0.000205938064028, 0.000139987227158, 0.000125646532979, 8.67722410476e-05, 9.03252876014e-05, 7.12667242624e-05, 4.18671334046e-05, 4.69793376396e-05, 4.3053929403e-05, 3.78148943128e-05, 5.52509918634e-05, 6.31075890851e-05, 7.47694939491e-05, 9.65781218838e-05, 0.000129651074531, 0.000175753913936, 0.000190212580492, 0.000140961026773, 2.42470359808e-05], "min": [6.41186498751e-24, 5.58790647732e-24, 8.33835285377e-24, 9.62382299807e-24, 3.47536931644e-23, 2.5547558605e-23, 3.38434234104e-23, 1.2984814583e-23, 3.90824096096e-23, 5.38805503565e-23, 3.64954254679e-23, 6.27371927136e-23, 5.44571698129e-23, 5.4793868269e-23, 5.07028135264e-23, 1.08157739976e-22, 1.26602040003e-22, 1.24981025506e-22, 2.03329617762e-22, 1.98136603221e-22, 3.72862187668e-22, 3.77826281085e-22, 5.65316202959e-22, 7.95153364672e-22, 1.24285341065e-21, 1.35059095913e-21, 2.46335416355e-21], "var": [3.64217303286e-05, 0.0018914785469, 0.000177667534444, 5.13658123964e-05, 6.8430279498e-05, 4.27333689004e-05, 6.6682441684e-06, 9.84374537438e-07, 5.03773662786e-06, 3.90715467802e-06, 1.29637976443e-06, 8.98738562682e-07, 1.07858863885e-06, 1.48408588529e-07, 6.30674250601e-08, 1.89208458323e-06, 1.1031896463e-07, 6.62581101096e-08, 1.05287611518e-07, 3.90679758766e-07, 4.38211117171e-07, 9.5381869869e-07, 1.9817998691e-06, 4.00980843551e-06, 5.80606683798e-06, 4.72704459753e-06, 2.63705874204e-06]}, "erbbands": {"dmean": [0.753585338593, 4.31187057495, 6.1437664032, 7.22189283371, 9.92397212982, 11.8787612915, 5.29292440414, 10.1841630936, 6.09979867935, 10.5441474915, 6.25745868683, 14.6104488373, 18.6912460327, 14.8903207779, 18.5260715485, 16.8860397339, 18.5015220642, 9.35286235809, 6.54992341995, 7.54984235764, 23.7848262787, 8.95815372467, 7.25291442871, 6.43307828903, 9.70603752136, 11.6347236633, 9.29218387604, 11.5838098526, 12.9299583435, 14.3769044876, 17.2715473175, 16.1202945709, 14.6950082779, 10.9515743256, 8.31600189209, 3.67322087288, 1.84005701542, 0.506778717041, 0.101317577064, 0.00315613741986], "dmean2": [1.162956357, 6.58472108841, 9.85526561737, 11.1745882034, 15.23387146, 17.9031028748, 7.9026389122, 14.0543775558, 9.54846000671, 16.5446929932, 10.1134138107, 21.9339389801, 30.28789711, 24.771156311, 30.0857906342, 27.7662906647, 28.9257774353, 15.0780324936, 10.7062330246, 12.8846225739, 44.4367294312, 15.1512231827, 11.4330234528, 10.0622339249, 14.8815221786, 18.2018032074, 14.5641069412, 18.0504379272, 19.1293487549, 21.7031021118, 25.6617259979, 23.4205036163, 21.4907913208, 16.5391693115, 12.7028398514, 5.90024232864, 2.87345123291, 0.761241972446, 0.149589329958, 0.0046700714156], "dvar": [1.13521885872, 47.8739624023, 128.777603149, 229.018127441, 417.353027344, 769.510986328, 191.390335083, 2432.43579102, 264.913635254, 2323.70336914, 198.898727417, 3023.1315918, 7033.19873047, 1016.79003906, 2946.15795898, 1551.18774414, 2267.97265625, 286.143737793, 194.68347168, 268.170562744, 14822.9658203, 500.430938721, 207.376800537, 178.676223755, 367.086914062, 565.248718262, 461.229095459, 682.290283203, 702.955993652, 919.552246094, 1225.22668457, 885.893493652, 787.854614258, 416.847473145, 289.937927246, 65.362991333, 22.1282596588, 1.98295104504, 0.093401171267, 8.63156164996e-05], "dvar2": [2.7288749218, 115.707458496, 332.287567139, 509.251556396, 945.176696777, 1724.22802734, 342.011383057, 3803.57373047, 581.019775391, 4723.36572266, 508.530212402, 7219.54980469, 17080.5625, 2654.7565918, 7685.62841797, 3651.05957031, 5355.86083984, 745.320983887, 514.598083496, 750.401916504, 43565.1015625, 1369.95727539, 477.047821045, 450.911987305, 868.188842773, 1312.39550781, 1194.35253906, 1657.80761719, 1535.38549805, 2125.02319336, 2591.31982422, 1880.52124023, 1671.25878906, 897.470275879, 689.669494629, 168.53024292, 56.1427536011, 4.69067382812, 0.209848716855, 0.000186343953828], "max": [11.7354955673, 85.1735916138, 99.976890564, 201.276733398, 283.012176514, 645.396118164, 342.215148926, 1600.29309082, 452.544525146, 948.383605957, 370.063812256, 1324.5168457, 2526.68847656, 497.861999512, 1873.76831055, 1186.55944824, 674.425415039, 229.10218811, 209.021606445, 222.354553223, 1570.53686523, 271.780517578, 167.983581543, 284.108581543, 192.148162842, 243.199768066, 428.069396973, 383.4715271, 328.774749756, 332.174713135, 347.570007324, 368.886047363, 283.318267822, 227.991516113, 172.192367554, 81.038482666, 48.6833686829, 15.2879076004, 4.10740756989, 0.109138615429], "mean": [1.46397352219, 7.56376457214, 9.11305332184, 8.36145877838, 11.3401327133, 14.4457998276, 7.43278217316, 14.9853792191, 8.51644420624, 12.9831819534, 8.70503234863, 19.4802913666, 21.610458374, 19.6302700043, 22.0863265991, 19.8591938019, 21.5897884369, 13.218837738, 8.93176746368, 8.44266033173, 17.2724723816, 9.49043464661, 8.3725194931, 8.00520610809, 11.9217433929, 15.7019500732, 11.6782894135, 14.7669029236, 18.3421173096, 18.569393158, 22.5872364044, 21.0220165253, 18.509103775, 13.9166402817, 9.41948032379, 3.78344750404, 2.01916599274, 0.592409789562, 0.118597537279, 0.0038329216186], "median": [0.894591748714, 4.24218559265, 2.22438383102, 1.96196293831, 2.98669815063, 4.09872865677, 2.46606445312, 2.43396615982, 2.71108031273, 3.29807806015, 3.48898553848, 4.99271678925, 4.13899850845, 5.26113986969, 5.56398963928, 4.14348745346, 4.28785228729, 4.13566398621, 2.56741118431, 2.43597459793, 2.78793692589, 2.51907420158, 2.12521028519, 2.27429938316, 3.40023493767, 3.09275364876, 2.94682359695, 2.97297620773, 3.39550733566, 3.5577378273, 3.94533634186, 3.78841114044, 2.63981080055, 2.0875005722, 1.36290884018, 0.683314561844, 0.246863126755, 0.0426657646894, 0.00455537252128, 0.000207988297916], "min": [1.82882380964e-22, 1.65609939491e-21, 1.19219958412e-20, 3.34436747226e-20, 4.2663630163e-20, 1.18172224306e-19, 1.79080156522e-19, 2.37927827401e-19, 3.64443059989e-19, 5.91583082184e-19, 3.79751588188e-19, 1.08298373544e-18, 1.08505023941e-18, 1.96652657378e-18, 1.7123018149e-18, 3.541985315e-18, 2.84117370501e-18, 2.45045163395e-18, 4.06439702112e-18, 3.77914709561e-18, 7.28992205891e-18, 6.69879604572e-18, 5.7177271656e-18, 8.54323220865e-18, 1.0393452432e-17, 9.25480109571e-18, 1.69581091473e-17, 1.59044415199e-17, 1.33355618173e-17, 1.49445232345e-17, 1.60095745214e-17, 1.65594825383e-17, 1.17287734036e-17, 1.18015272472e-17, 8.61702995418e-18, 5.33450596833e-18, 2.61855872266e-18, 1.06822838428e-18, 3.24846053313e-19, 3.34458525341e-20], "var": [2.95795607567, 87.3601913452, 214.832580566, 288.191009521, 524.610900879, 1056.08666992, 400.034851074, 6051.83886719, 387.071044922, 3005.85205078, 224.428405762, 3032.14086914, 6673.04931641, 1188.4420166, 2582.01269531, 1865.11035156, 2544.50683594, 451.843139648, 240.504638672, 223.257965088, 7893.46826172, 388.186859131, 246.963119507, 195.611801147, 463.701782227, 933.019775391, 536.239440918, 952.911315918, 1323.99206543, 1305.24047852, 1875.52770996, 1500.08288574, 1212.91772461, 643.556396484, 347.346618652, 61.0959777832, 21.9386863708, 2.30941963196, 0.115406796336, 0.000115175302199]}, "gfcc": {"mean": [7.18093585968, 54.4922790527, -52.7791099548, 25.1477527618, -40.1188430786, 30.976442337, -21.9156665802, 15.5693349838, -20.0511455536, 5.10571956635, -12.7498054504, 3.51686239243, -9.38282775879], "cov": [[11113.0966797, -4814.31884766, -461.05166626, 511.040557861, -691.877380371, 453.948303223, -54.6095924377, 121.092315674, -222.726364136, 332.221191406, 3.16783642769, 283.526916504, -200.922271729], [-4814.31884766, 5013.28857422, -84.3170776367, -529.437927246, 485.89855957, -468.779083252, 74.1606369019, -225.057434082, 158.791519165, -360.404998779, 22.3599014282, -230.005386353, 239.558319092], [-461.05166626, -84.3170776367, 1182.53417969, 152.745117188, -43.848991394, -77.3441009521, -27.4016990662, -73.1984176636, 59.0229148865, -72.3766326904, -27.1044197083, -42.5828208923, -28.9043655396], [511.040557861, -529.437927246, 152.745117188, 853.433776855, -31.1183319092, 77.1016387939, 76.7037200928, 4.1844997406, 53.1654510498, 45.88463974, 9.457862854, 29.5611782074, 40.4552688599], [-691.877380371, 485.89855957, -43.848991394, -31.1183319092, 505.920959473, 74.1277160645, 125.307754517, 70.1891098022, 68.9602737427, -4.74400377274, 56.4968528748, 12.6126012802, 53.1161079407], [453.948303223, -468.779083252, -77.3441009521, 77.1016387939, 74.1277160645, 323.396392822, 92.0952529907, 123.673805237, -22.7186603546, 85.8245620728, 5.06900167465, 41.5808563232, -25.1456718445], [-54.6095924377, 74.1606369019, -27.4016990662, 76.7037200928, 125.307754517, 92.0952529907, 252.712142944, 92.6771011353, 111.545272827, 46.3907165527, 66.1548080444, 7.53069496155, 32.8547592163], [121.092315674, -225.057434082, -73.1984176636, 4.1844997406, 70.1891098022, 123.673805237, 92.6771011353, 200.476821899, 69.915145874, 112.137268066, 31.7064838409, 42.2290916443, -3.60328412056], [-222.726364136, 158.791519165, 59.0229148865, 53.1654510498, 68.9602737427, -22.7186603546, 111.545272827, 69.915145874, 185.00869751, 60.6564064026, 74.9775848389, 19.6532974243, 45.3855552673], [332.221191406, -360.404998779, -72.3766326904, 45.88463974, -4.74400377274, 85.8245620728, 46.3907165527, 112.137268066, 60.6564064026, 192.671829224, 94.6276321411, 77.4866409302, 1.95263397694], [3.16783642769, 22.3599014282, -27.1044197083, 9.457862854, 56.4968528748, 5.06900167465, 66.1548080444, 31.7064838409, 74.9775848389, 94.6276321411, 149.331359863, 69.2957229614, 37.7696228027], [283.526916504, -230.005386353, -42.5828208923, 29.5611782074, 12.6126012802, 41.5808563232, 7.53069496155, 42.2290916443, 19.6532974243, 77.4866409302, 69.2957229614, 117.976844788, 42.4963760376], [-200.922271729, 239.558319092, -28.9043655396, 40.4552688599, 53.1161079407, -25.1456718445, 32.8547592163, -3.60328412056, 45.3855552673, 1.95263397694, 37.7696228027, 42.4963760376, 108.089134216]], "icov": [[0.000168391983607, 0.000150575229782, 8.28581687529e-05, -7.34585591999e-06, 0.000102617632365, -3.08175222017e-05, -9.66235675151e-05, 0.000128662024508, 6.76496892993e-06, 5.76806560275e-05, -4.49473236586e-06, -0.000172191081219, 4.5651835535e-05], [0.000150575229782, 0.000540388806257, 0.000125579317682, 0.000200683381991, -0.000186774224858, 0.000228227901971, -2.62109297182e-05, 0.000152963126311, -0.000178982911166, 0.000483396579511, -0.000413985806517, 0.000863559427671, -0.000929791422095], [8.28581687529e-05, 0.000125579317682, 0.00102658348624, -0.000170538638486, 4.28799066867e-05, -2.94236979244e-05, 0.000213259831071, 0.000393166614231, -0.000884411274455, 0.00058229995193, -3.21564330079e-05, -0.000102829399111, 0.000546918075997], [-7.34585591999e-06, 0.000200683381991, -0.000170538638486, 0.00148442620412, 2.47341449722e-05, -0.000313684809953, -0.000429526844528, 0.000773683364969, -0.000466686295113, -0.000457874062704, 0.000538149732165, 0.000287026748993, -0.00108506483957], [0.000102617632365, -0.000186774224858, 4.28799066867e-05, 2.47341449722e-05, 0.00290515553206, -0.000906469183974, -0.000515193212777, -0.000980913988315, -9.3428287073e-05, 0.00139118649531, -0.00122290314175, -0.000256852596067, -0.000365294021321], [-3.08175222017e-05, 0.000228227901971, -2.94236979244e-05, -0.000313684809953, -0.000906469183974, 0.00612969277427, -0.00249094236642, -0.00226260581985, 0.00318760867231, -0.00154840992764, 0.00141260796227, -0.00111583515536, 0.000734219443984], [-9.66235675151e-05, -2.62109297182e-05, 0.000213259831071, -0.000429526844528, -0.000515193212777, -0.00249094236642, 0.00825316365808, -0.00214131246321, -0.00359870027751, 0.00228936458007, -0.00367455999367, 0.00327691412531, -0.00134470837656], [0.000128662024508, 0.000152963126311, 0.000393166614231, 0.000773683364969, -0.000980913988315, -0.00226260581985, -0.00214131246321, 0.012450392358, -0.00395997427404, -0.00609953189269, 0.00537847774103, -0.00256417249329, 0.00163897220045], [6.76496892993e-06, -0.000178982911166, -0.000884411274455, -0.000466686295113, -9.3428287073e-05, 0.00318760867231, -0.00359870027751, -0.00395997427404, 0.0124021638185, -0.00209450023249, -0.00283290166408, 0.00196896120906, -0.00285718007945], [5.76806560275e-05, 0.000483396579511, 0.00058229995193, -0.000457874062704, 0.00139118649531, -0.00154840992764, 0.00228936458007, -0.00609953189269, -0.00209450023249, 0.0156971439719, -0.00854004547, -0.00202948227525, 0.00179783301428], [-4.49473236586e-06, -0.000413985806517, -3.21564330079e-05, 0.000538149732165, -0.00122290314175, 0.00141260796227, -0.00367455999367, 0.00537847774103, -0.00283290166408, -0.00854004547, 0.0177729520947, -0.00775806931779, 0.001108479104], [-0.000172191081219, 0.000863559427671, -0.000102829399111, 0.000287026748993, -0.000256852596067, -0.00111583515536, 0.00327691412531, -0.00256417249329, 0.00196896120906, -0.00202948227525, -0.00775806931779, 0.0206840895116, -0.00979515630752], [4.5651835535e-05, -0.000929791422095, 0.000546918075997, -0.00108506483957, -0.000365294021321, 0.000734219443984, -0.00134470837656, 0.00163897220045, -0.00285718007945, 0.00179783301428, 0.001108479104, -0.00979515630752, 0.0173941981047]]}, "melbands": {"dmean": [0.00607575383037, 0.003738647094, 0.00126493815333, 0.000873422774021, 0.000230986479437, 0.000210944097489, 9.78652242338e-05, 0.000109223015897, 5.51623015781e-05, 9.20487000258e-05, 9.2101181508e-05, 6.02723739576e-05, 6.19121783529e-05, 4.98174595123e-05, 4.30610343756e-05, 3.23300228047e-05, 1.68672213476e-05, 1.10626297101e-05, 8.22934362077e-06, 1.55093912326e-05, 2.97968399536e-05, 8.49169737194e-06, 8.00316047389e-06, 5.7543852563e-06, 5.21167794432e-06, 6.08875143371e-06, 9.26537086343e-06, 7.3999876804e-06, 5.89069486523e-06, 5.94036873736e-06, 6.94385198585e-06, 7.60248803999e-06, 6.8962676778e-06, 8.99546557775e-06, 1.00200104498e-05, 9.53795370151e-06, 1.02055737443e-05, 1.03715838122e-05, 9.80393997452e-06, 9.22355411603e-06], "dmean2": [0.00943005364388, 0.00577832292765, 0.00189532572404, 0.00131262652576, 0.000345607841155, 0.000291453703539, 0.000152873210027, 0.000173214546521, 8.72359232744e-05, 0.000139311901876, 0.000150073916302, 0.000100896868389, 0.000101193283626, 8.10640049167e-05, 6.77083371556e-05, 5.15417996212e-05, 2.72884572041e-05, 1.81501873158e-05, 1.37514289236e-05, 2.80136882793e-05, 5.58536921744e-05, 1.45032308865e-05, 1.26104678202e-05, 9.21208993532e-06, 8.29904274724e-06, 9.4602619356e-06, 1.4745689441e-05, 1.17576209959e-05, 9.44048315432e-06, 9.45577357925e-06, 1.08365502456e-05, 1.15603306767e-05, 9.87514340522e-06, 1.3974340618e-05, 1.4947404452e-05, 1.40339498103e-05, 1.52462271217e-05, 1.52340180648e-05, 1.48947447087e-05, 1.40164474942e-05], "dvar": [7.06339997123e-05, 3.42768580595e-05, 6.41954829916e-06, 3.6215444652e-06, 3.3231194152e-07, 9.44804924075e-07, 9.13777995493e-08, 2.01091353347e-07, 2.0312926452e-08, 1.34127716933e-07, 1.72172292423e-07, 1.77670962387e-08, 2.99980484897e-08, 1.28030865909e-08, 1.03380601857e-08, 7.23701809591e-09, 8.40056302298e-10, 6.20435869347e-10, 2.17286910686e-10, 2.93748714242e-09, 2.38339676883e-08, 3.83030773765e-10, 3.06543040951e-10, 1.3538732635e-10, 1.23934223994e-10, 1.53737994557e-10, 3.81965292728e-10, 2.36884428739e-10, 2.32563746039e-10, 1.57238125298e-10, 2.50230475229e-10, 2.5054727737e-10, 1.97742253127e-10, 3.98366617471e-10, 4.45703807195e-10, 3.39108241487e-10, 3.71932207255e-10, 4.14058731746e-10, 3.56810997415e-10, 2.98452235148e-10], "dvar2": [0.000172659842065, 8.63559398567e-05, 1.35094305733e-05, 8.06009666121e-06, 6.0520920897e-07, 1.48465915117e-06, 2.03189514991e-07, 4.1025427322e-07, 5.32118207275e-08, 3.20008950894e-07, 4.17842699107e-07, 4.66429312951e-08, 7.85021185834e-08, 3.11190788693e-08, 2.40499513637e-08, 1.8665522461e-08, 2.14975703905e-09, 1.65042768341e-09, 5.53276480186e-10, 8.56065884847e-09, 7.00674434029e-08, 1.0591831856e-09, 6.2364208242e-10, 3.35446226352e-10, 3.1877250839e-10, 3.67182922956e-10, 9.24642140632e-10, 5.58234958259e-10, 6.24780616132e-10, 3.93449994807e-10, 6.0332455698e-10, 5.85205994774e-10, 4.09878908592e-10, 9.83380821218e-10, 9.65497459759e-10, 6.88473444921e-10, 8.30763402515e-10, 8.83121020756e-10, 7.95303878309e-10, 6.38137487297e-10], "max": [0.0878432840109, 0.0753115341067, 0.0332536660135, 0.0412021204829, 0.0171784125268, 0.0310372523963, 0.00635872175917, 0.00832372438163, 0.00448472891003, 0.00884764268994, 0.0123666096479, 0.00264781434089, 0.00515914382413, 0.00262889103033, 0.00162571866531, 0.0011348805856, 0.000417685951106, 0.000382222584449, 0.000179379116162, 0.0007823248161, 0.0019648859743, 0.000226892225328, 0.000195901928237, 0.000151863219799, 0.000244474358624, 0.000202450086363, 0.000193383966689, 0.000172222644323, 0.000354366609827, 0.000160887648235, 0.000229488461628, 0.00018215473392, 0.00025899236789, 0.000225675437832, 0.000220737289055, 0.000268151372438, 0.000208570359973, 0.000219121735427, 0.000185707845958, 0.000186414152267], "mean": [0.0120555292815, 0.00668454961851, 0.00153624569066, 0.00104619353078, 0.000321134226397, 0.000308272021357, 0.000132351997308, 0.000133370325784, 7.92548817117e-05, 0.000118902527902, 0.00010525660764, 7.80279879109e-05, 7.24953861209e-05, 5.74239202251e-05, 5.14210805704e-05, 3.80222663807e-05, 2.34092549363e-05, 1.44635596371e-05, 1.09096617962e-05, 1.35285563374e-05, 2.1152309273e-05, 9.14661904972e-06, 8.9861532615e-06, 6.61063813823e-06, 6.30471140539e-06, 7.02566239852e-06, 1.15983630167e-05, 9.81144694379e-06, 6.78660398989e-06, 7.69575217419e-06, 8.57705799717e-06, 1.02694457382e-05, 9.74231807049e-06, 1.07481182567e-05, 1.28807532747e-05, 1.24394764498e-05, 1.30447715492e-05, 1.29706741063e-05, 1.20498343676e-05, 1.16524888654e-05], "median": [0.0078696263954, 0.00277113029733, 0.000395754759666, 0.000283580011455, 0.000115985429147, 5.18603628734e-05, 4.01303150284e-05, 3.40650076396e-05, 2.97362857964e-05, 2.90928346658e-05, 1.7770087652e-05, 2.01498023671e-05, 1.84898781299e-05, 1.09985176096e-05, 9.11747156351e-06, 9.53866856435e-06, 6.97597715771e-06, 3.88589978684e-06, 3.04655486616e-06, 3.0620524285e-06, 3.14497833642e-06, 2.51528354056e-06, 1.88626006548e-06, 1.78025049991e-06, 1.75010961811e-06, 1.98776365323e-06, 2.41284442382e-06, 1.81009318112e-06, 1.614785333e-06, 1.77783590516e-06, 1.60563286045e-06, 1.91522690329e-06, 1.73555940819e-06, 2.01471561923e-06, 2.23689767154e-06, 2.21709842663e-06, 2.270784762e-06, 1.75925765689e-06, 1.76010303221e-06, 1.74608567249e-06], "min": [2.21762881625e-24, 4.93334835236e-24, 6.26218533606e-24, 4.44817601868e-24, 7.14030111954e-24, 5.14746926229e-24, 6.24469352878e-24, 5.69807997464e-24, 2.90763046169e-24, 6.72604974783e-24, 5.51172184097e-24, 8.16403668182e-24, 5.03830274592e-24, 4.1776641758e-24, 6.55024657307e-24, 4.45282398713e-24, 4.39180756827e-24, 5.9096508917e-24, 3.9473767449e-24, 7.99273474739e-24, 8.64367200081e-24, 8.3974582571e-24, 4.59307753962e-24, 5.27489948634e-24, 6.8467722876e-24, 9.68262390109e-24, 6.36117436346e-24, 5.47740441944e-24, 1.09244558378e-23, 8.70456022978e-24, 7.29690341987e-24, 7.31789343083e-24, 6.99095397297e-24, 8.40008358619e-24, 8.5159120329e-24, 1.06438461809e-23, 9.25755724636e-24, 7.61005437797e-24, 8.2895231526e-24, 9.28914797017e-24], "var": [0.000172916814336, 7.04607300577e-05, 9.16750104807e-06, 4.81117785966e-06, 6.82091751969e-07, 2.32956313084e-06, 1.19573570601e-07, 2.64524828708e-07, 2.12464730254e-08, 1.29121673353e-07, 1.64734203167e-07, 2.04363548306e-08, 2.71333018276e-08, 1.40901423862e-08, 1.28898376417e-08, 6.93425539211e-09, 1.48634904384e-09, 7.21006976345e-10, 3.10584141738e-10, 1.70973757374e-09, 1.26795507427e-08, 3.0576810528e-10, 3.96716548501e-10, 1.49698475838e-10, 1.28799373944e-10, 1.75146064318e-10, 5.14344122848e-10, 3.78197168027e-10, 2.26795318636e-10, 2.06387726354e-10, 3.49065526484e-10, 4.22128748623e-10, 3.86395970775e-10, 4.72834105203e-10, 6.49045706069e-10, 5.58899537761e-10, 5.87542736685e-10, 6.26975249496e-10, 5.07227704283e-10, 4.60914278966e-10]}, "mfcc": {"mean": [-660.27545166, 104.105300903, 43.4126358032, 15.1396570206, 16.1983089447, 16.6134033203, 16.0647392273, 13.506770134, 7.38748979568, 7.49209451675, 3.10571956635, 3.59207630157, 2.52658033371], "cov": [[10087.5556641, -4406.48193359, -453.398162842, -222.782577515, -452.101776123, 106.044883728, 147.058059692, -57.7333717346, -105.018348694, -23.0241203308, 29.506313324, 104.145568848, 171.214538574], [-4406.48193359, 4291.38134766, -211.526855469, -81.2471313477, 178.033889771, -140.062149048, -116.012947083, 6.24696016312, 27.0503540039, -83.4268188477, -89.8984909058, -105.034507751, -108.006858826], [-453.398162842, -211.526855469, 1097.07006836, 267.856811523, 1.55223166943, 18.0003757477, -129.956604004, -37.8908462524, -48.6768760681, 26.2659797668, -54.6029319763, -58.3377151489, -54.9377479553], [-222.782577515, -81.2471313477, 267.856811523, 594.610961914, 86.6033630371, 97.6557998657, -32.1736984253, 30.0068702698, 36.8865013123, 26.3795433044, -13.955083847, 16.617225647, 15.7931451797], [-452.101776123, 178.033889771, 1.55223166943, 86.6033630371, 269.664703369, 70.0271987915, 61.0535087585, 48.2112503052, 37.2791786194, -4.81328964233, 7.40337848663, 19.2279510498, 10.7607383728], [106.044883728, -140.062149048, 18.0003757477, 97.6557998657, 70.0271987915, 177.350814819, 98.9228210449, 61.4723320007, 35.8146018982, 33.7248764038, 17.7600345612, 10.4500675201, 12.2287063599], [147.058059692, -116.012947083, -129.956604004, -32.1736984253, 61.0535087585, 98.9228210449, 189.668899536, 80.9547729492, 53.5361862183, 33.5820007324, 64.3933486938, 38.9994659424, 23.093252182], [-57.7333717346, 6.24696016312, -37.8908462524, 30.0068702698, 48.2112503052, 61.4723320007, 80.9547729492, 129.352874756, 80.3606262207, 46.9879989624, 29.9392795563, 23.56590271, 11.420425415], [-105.018348694, 27.0503540039, -48.6768760681, 36.8865013123, 37.2791786194, 35.8146018982, 53.5361862183, 80.3606262207, 134.322189331, 72.2338790894, 39.7918701172, 26.4095935822, 22.3673248291], [-23.0241203308, -83.4268188477, 26.2659797668, 26.3795433044, -4.81328964233, 33.7248764038, 33.5820007324, 46.9879989624, 72.2338790894, 117.209259033, 78.6933441162, 39.0884056091, 17.6407814026], [29.506313324, -89.8984909058, -54.6029319763, -13.955083847, 7.40337848663, 17.7600345612, 64.3933486938, 29.9392795563, 39.7918701172, 78.6933441162, 136.917877197, 91.9209518433, 41.182674408], [104.145568848, -105.034507751, -58.3377151489, 16.617225647, 19.2279510498, 10.4500675201, 38.9994659424, 23.56590271, 26.4095935822, 39.0884056091, 91.9209518433, 113.305030823, 66.5450286865], [171.214538574, -108.006858826, -54.9377479553, 15.7931451797, 10.7607383728, 12.2287063599, 23.093252182, 11.420425415, 22.3673248291, 17.6407814026, 41.182674408, 66.5450286865, 87.5973587036]], "icov": [[0.000213310544495, 0.000210379206692, 0.000113950954983, 3.87457039324e-05, 0.000238229928073, -9.95509399218e-05, -4.12466615671e-05, 2.03695935852e-06, 7.0478177804e-05, 8.79842045833e-05, 0.000178296788363, -5.29111493961e-05, -0.000177155496203], [0.000210379206692, 0.000482516305055, 0.000188125952263, 5.50609584025e-05, -2.976210817e-05, 8.62860179041e-05, 0.000233830724028, -0.000140958756674, -0.00010936230683, 0.000307478650939, -3.0451652492e-05, 0.000186473567737, 7.88024408394e-05], [0.000113950954983, 0.000188125952263, 0.0013044065563, -0.000442191958427, -7.04513222445e-05, -0.000214233092265, 0.000770004407968, -0.000127729275846, 0.000826046976727, -0.00101924559567, 0.000320415449096, 0.000260691216681, 0.000404907972552], [3.87457039324e-05, 5.50609584025e-05, -0.000442191958427, 0.00241508288309, -0.00042362124077, -0.00171281117946, 0.00139558594674, -8.44987807795e-05, -0.000773146515712, 0.000157832822879, 0.000633019662928, -0.00116968969814, -2.97360566037e-05], [0.000238229928073, -2.976210817e-05, -7.04513222445e-05, -0.00042362124077, 0.00520581519231, -0.00145199440885, -0.000972999085207, -0.000332773808623, -0.00119390187319, 0.00218147039413, 0.000220550849917, -0.0013053114526, 0.000146412203321], [-9.95509399218e-05, 8.62860179041e-05, -0.000214233092265, -0.00171281117946, -0.00145199440885, 0.0112094478682, -0.00607429258525, -0.00139864953235, 0.00224204338156, -0.00400566216558, 0.0028584683314, 0.0010583284311, -0.00104101654142], [-4.12466615671e-05, 0.000233830724028, 0.000770004407968, 0.00139558594674, -0.000972999085207, -0.00607429258525, 0.0134822567925, -0.00475146668032, -0.00157574750483, 0.00489040371031, -0.0081098433584, 0.00304182083346, -0.000447659753263], [2.03695935852e-06, -0.000140958756674, -0.000127729275846, -8.44987807795e-05, -0.000332773808623, -0.00139864953235, -0.00475146668032, 0.0161967687309, -0.00693065999076, -0.00225634034723, 0.00406907126307, -0.00418053753674, 0.00262135919183], [7.0478177804e-05, -0.00010936230683, 0.000826046976727, -0.000773146515712, -0.00119390187319, 0.00224204338156, -0.00157574750483, -0.00693065999076, 0.0174925457686, -0.0104704210535, 0.00343771884218, 0.000955641793553, -0.00316264922731], [8.79842045833e-05, 0.000307478650939, -0.00101924559567, 0.000157832822879, 0.00218147039413, -0.00400566216558, 0.00489040371031, -0.00225634034723, -0.0104704210535, 0.0259729661047, -0.0178005509079, 0.00656039407477, -0.000336478522513], [0.000178296788363, -3.0451652492e-05, 0.000320415449096, 0.000633019662928, 0.000220550849917, 0.0028584683314, -0.0081098433584, 0.00406907126307, 0.00343771884218, -0.0178005509079, 0.0332704558969, -0.0235611274838, 0.00584613019601], [-5.29111493961e-05, 0.000186473567737, 0.000260691216681, -0.00116968969814, -0.0013053114526, 0.0010583284311, 0.00304182083346, -0.00418053753674, 0.000955641793553, 0.00656039407477, -0.0235611274838, 0.0362367369235, -0.0175527390093], [-0.000177155496203, 7.88024408394e-05, 0.000404907972552, -2.97360566037e-05, 0.000146412203321, -0.00104101654142, -0.000447659753263, 0.00262135919183, -0.00316264922731, -0.000336478522513, 0.00584613019601, -0.0175527390093, 0.023483319208]]}, "spectral_contrast_coeffs": {"dmean": [0.0556093752384, 0.049418322742, 0.0439687334001, 0.033961545676, 0.0248911716044, 0.0217846911401], "dmean2": [0.0868499726057, 0.0792583152652, 0.0698357820511, 0.0549155250192, 0.0404913835227, 0.0345548652112], "dvar": [0.00213676248677, 0.00187246862333, 0.00158636574633, 0.00116439303383, 0.000482661300339, 0.000509218953084], "dvar2": [0.00507835391909, 0.00436434941366, 0.00359087926336, 0.00282273744233, 0.00115321436897, 0.00110805779696], "max": [-0.263655543327, -0.321429491043, -0.458041608334, -0.608358681202, -0.677474617958, -0.676097512245], "mean": [-0.646271824837, -0.750666499138, -0.784640848637, -0.814228415489, -0.817393124104, -0.816315710545], "median": [-0.648079276085, -0.763462305069, -0.795709013939, -0.824528336525, -0.820445895195, -0.81874704361], "min": [-0.971924543381, -0.96960991621, -0.968890786171, -0.962207973003, -0.960580527782, -0.963361740112], "var": [0.00927292648703, 0.00691349431872, 0.00476970942691, 0.00251692696474, 0.00138657377101, 0.00146503571887]}, "spectral_contrast_valleys": {"dmean": [0.499750703573, 0.562797904015, 0.56026750803, 0.51245200634, 0.599367678165, 0.729170918465], "dmean2": [0.756444513798, 0.862291157246, 0.849344432354, 0.770440876484, 0.844601631165, 0.955991446972], "dvar": [0.320398777723, 0.414583206177, 0.429466664791, 0.384485036135, 0.52346020937, 0.693874418736], "dvar2": [0.526889324188, 0.762821316719, 0.819131016731, 0.744617044926, 1.05565226078, 1.44321370125], "max": [-5.00920963287, -4.81639194489, -4.82972669601, -5.67084646225, -5.25436496735, -6.7751531601], "mean": [-7.02152061462, -7.26766443253, -7.52557992935, -8.03856945038, -7.94989967346, -9.44328212738], "median": [-6.85302495956, -