{"lowlevel": {"average_loudness": 0.630777776241, "barkbands_crest": {"dmean": 2.19456863403, "dmean2": 3.54479551315, "dvar": 4.46852254868, "dvar2": 11.4493684769, "max": 26.1780662537, "mean": 12.3481464386, "median": 11.7629127502, "min": 2.32180404663, "var": 18.6274776459}, "barkbands_flatness_db": {"dmean": 0.0228436235338, "dmean2": 0.0375301875174, "dvar": 0.000573494122364, "dvar2": 0.00137102080043, "max": 0.498515665531, "mean": 0.337720096111, "median": 0.342994481325, "min": 0.0147474678233, "var": 0.00328728300519}, "barkbands_kurtosis": {"dmean": 1.79070568085, "dmean2": 2.86008286476, "dvar": 8.36332416534, "dvar2": 20.6965236664, "max": 74.8135375977, "mean": 3.51211905479, "median": 1.9891576767, "min": -1.85220146179, "var": 30.5418968201}, "barkbands_skewness": {"dmean": 0.402553707361, "dmean2": 0.628142356873, "dvar": 0.182903006673, "dvar2": 0.432219386101, "max": 7.68170309067, "mean": 1.02787649632, "median": 0.997291386127, "min": -3.55990123749, "var": 1.19504964352}, "barkbands_spread": {"dmean": 1.45758879185, "dmean2": 2.29890489578, "dvar": 6.20905160904, "dvar2": 14.7288694382, "max": 102.7682724, "mean": 7.27646160126, "median": 6.23585700989, "min": 0.614006280899, "var": 29.5350055695}, "dissonance": {"dmean": 0.0376872308552, "dmean2": 0.0638791844249, "dvar": 0.00134828593582, "dvar2": 0.00381020596251, "max": 0.499999910593, "mean": 0.407690644264, "median": 0.417553067207, "min": 0.149970367551, "var": 0.00311253638938}, "dynamic_complexity": 6.33618164062, "erbbands_crest": {"dmean": 2.46167683601, "dmean2": 3.77503275871, "dvar": 6.16801071167, "dvar2": 13.2788171768, "max": 32.8635559082, "mean": 14.4961023331, "median": 13.5916814804, "min": 2.16349053383, "var": 40.0897254944}, "erbbands_flatness_db": {"dmean": 0.0165095068514, "dmean2": 0.0258975047618, "dvar": 0.000373380666133, "dvar2": 0.000816497660708, "max": 0.511755347252, "mean": 0.361601382494, "median": 0.366042345762, "min": 0.0346361920238, "var": 0.00296608149074}, "erbbands_kurtosis": {"dmean": 1.31190156937, "dmean2": 1.98384749889, "dvar": 5.82711172104, "dvar2": 12.3451461792, "max": 59.244594574, "mean": 1.8346670866, "median": 0.346319913864, "min": -1.87706840038, "var": 19.8142185211}, "erbbands_skewness": {"dmean": 0.330791950226, "dmean2": 0.495250374079, "dvar": 0.128089845181, "dvar2": 0.257301688194, "max": 5.72111368179, "mean": 0.339511066675, "median": 0.327760517597, "min": -6.57136774063, "var": 1.16170668602}, "erbbands_spread": {"dmean": 2.42703223228, "dmean2": 3.74605154991, "dvar": 7.71381902695, "dvar2": 17.2759017944, "max": 89.9700012207, "mean": 14.1214532852, "median": 12.9423007965, "min": 0.995293080807, "var": 59.4517936707}, "hfc": {"dmean": 3.26894712448, "dmean2": 4.620677948, "dvar": 54.5132217407, "dvar2": 103.022315979, "max": 197.07963562, "mean": 10.2960586548, "median": 5.01548624039, "min": 1.13351100437e-16, "var": 214.000457764}, "melbands_crest": {"dmean": 2.80707621574, "dmean2": 4.58250284195, "dvar": 7.09452581406, "dvar2": 19.4243373871, "max": 32.6115531921, "mean": 16.1862277985, "median": 15.4921207428, "min": 1.69574046135, "var": 27.0086250305}, "melbands_flatness_db": {"dmean": 0.0259930919856, "dmean2": 0.0415511354804, "dvar": 0.000941741396673, "dvar2": 0.00210009771399, "max": 0.647490620613, "mean": 0.445975333452, "median": 0.457289397717, "min": 0.00387088744901, "var": 0.00650948146358}, "melbands_kurtosis": {"dmean": 2.49775838852, "dmean2": 4.04442358017, "dvar": 22.3396186829, "dvar2": 57.5021896362, "max": 178.765258789, "mean": 5.34995889664, "median": 3.05839920044, "min": -1.92983067036, "var": 72.0111618042}, "melbands_skewness": {"dmean": 0.43332156539, "dmean2": 0.681208789349, "dvar": 0.207096651196, "dvar2": 0.512798607349, "max": 9.7347650528, "mean": 1.43128097057, "median": 1.34513771534, "min": -3.06113243103, "var": 1.39534771442}, "melbands_spread": {"dmean": 2.24241089821, "dmean2": 3.50250148773, "dvar": 19.0397052765, "dvar2": 33.4034767151, "max": 149.671585083, "mean": 10.8806333542, "median": 8.48094558716, "min": 0.77303981781, "var": 111.009513855}, "pitch_salience": {"dmean": 0.0595418587327, "dmean2": 0.0985769703984, "dvar": 0.00337132439017, "dvar2": 0.00914533622563, "max": 0.978028714657, "mean": 0.484002262354, "median": 0.482477128506, "min": 0.0928807482123, "var": 0.0106597440317}, "silence_rate_20dB": {"dmean": 0, "dmean2": 0, "dvar": 0, "dvar2": 0, "max": 1, "mean": 1, "median": 1, "min": 1, "var": 0}, "silence_rate_30dB": {"dmean": 0.00706713786349, "dmean2": 0.0141363572329, "dvar": 0.00701689394191, "dvar2": 0.0165861640126, "max": 1, "mean": 0.992492258549, "median": 1, "min": 0, "var": 0.00745190912858}, "silence_rate_60dB": {"dmean": 0.0197290927172, "dmean2": 0.0394639968872, "dvar": 0.0193399619311, "dvar2": 0.0440904013813, "max": 1, "mean": 0.145296633244, "median": 0, "min": 0, "var": 0.12419243902}, "spectral_centroid": {"dmean": 65.1950149536, "dmean2": 101.051185608, "dvar": 55954.4648438, "dvar2": 102645.523438, "max": 11450.7236328, "mean": 575.820495605, "median": 496.300567627, "min": 168.429550171, "var": 387279.90625}, "spectral_complexity": {"dmean": 1.44670200348, "dmean2": 2.34928584099, "dvar": 2.61604714394, "dvar2": 5.60519218445, "max": 29, "mean": 9.81436729431, "median": 10, "min": 0, "var": 20.6114063263}, "spectral_decrease": {"dmean": 1.35196331907e-09, "dmean2": 2.01660355081e-09, "dvar": 5.98948701609e-18, "dvar2": 1.28523171132e-17, "max": 1.18933673156e-28, "mean": -4.81651518669e-09, "median": -3.24570814669e-09, "min": -5.08574871105e-08, "var": 2.64740594342e-17}, "spectral_energy": {"dmean": 0.00538648618385, "dmean2": 0.00800732430071, "dvar": 9.65179351624e-05, "dvar2": 0.000205253702006, "max": 0.209823399782, "mean": 0.0191125255078, "median": 0.0127703920007, "min": 1.02981950623e-20, "var": 0.000425208068918}, "spectral_energyband_high": {"dmean": 4.06271465181e-06, "dmean2": 6.13814381722e-06, "dvar": 4.30041863231e-10, "dvar2": 1.03646236038e-09, "max": 0.00060748681426, "mean": 4.364374945e-06, "median": 1.04799212863e-07, "min": 7.28089464269e-21, "var": 4.29346058706e-10}, "spectral_energyband_low": {"dmean": 0.00131685775705, "dmean2": 0.00218170159496, "dvar": 6.23031473879e-06, "dvar2": 1.68202441273e-05, "max": 0.0448611304164, "mean": 0.00329144974239, "median": 0.00174987688661, "min": 3.74112140928e-23, "var": 1.7580572603e-05}, "spectral_energyband_middle_high": {"dmean": 0.0016684246948, "dmean2": 0.00230301683769, "dvar": 2.53126800089e-05, "dvar2": 4.54091496067e-05, "max": 0.155717164278, "mean": 0.00413498096168, "median": 0.00107945455238, "min": 1.34325457795e-21, "var": 9.08482979867e-05}, "spectral_energyband_middle_low": {"dmean": 0.00367299374193, "dmean2": 0.00566490739584, "dvar": 6.07032925473e-05, "dvar2": 0.000145081823575, "max": 0.186038151383, "mean": 0.012533060275, "median": 0.0070094591938, "min": 2.13360949737e-22, "var": 0.000257961917669}, "spectral_entropy": {"dmean": 0.167135939002, "dmean2": 0.271169424057, "dvar": 0.0478980727494, "dvar2": 0.113041691482, "max": 9.81715679169, "mean": 5.89727544785, "median": 5.87362575531, "min": 4.35440683365, "var": 0.232098951936}, "spectral_flux": {"dmean": 0.0171589404345, "dmean2": 0.0283826943487, "dvar": 0.000707809696905, "dvar2": 0.0018070244696, "max": 0.310478717089, "mean": 0.0423734150827, "median": 0.0333170257509, "min": 6.62370713833e-11, "var": 0.00126511335839}, "spectral_kurtosis": {"dmean": 30.8181724548, "dmean2": 53.596118927, "dvar": 831.303222656, "dvar2": 2258.82885742, "max": 316.011657715, "mean": 81.0008163452, "median": 76.2352981567, "min": -1.24766802788, "var": 2549.42504883}, "spectral_rms": {"dmean": 0.000528605014551, "dmean2": 0.000783325347584, "dvar": 5.11850885232e-07, "dvar2": 1.04830269265e-06, "max": 0.0143075417727, "mean": 0.00377152184956, "median": 0.00352971930988, "min": 3.16970343202e-12, "var": 4.42198688688e-06}, "spectral_rolloff": {"dmean": 111.723670959, "dmean2": 194.457229614, "dvar": 293877, "dvar2": 600483.5, "max": 19207.6171875, "mean": 775.778869629, "median": 602.9296875, "min": 21.533203125, "var": 1608473.5}, "spectral_skewness": {"dmean": 1.75864744186, "dmean2": 3.10165166855, "dvar": 2.20414638519, "dvar2": 6.18427324295, "max": 14.2492656708, "mean": 5.77725553513, "median": 5.64625501633, "min": -0.0808824151754, "var": 5.75579166412}, "spectral_spread": {"dmean": 299598.375, "dmean2": 524080.65625, "dvar": 670720393216, "dvar2": 1419595612160.0, "max": 51584292, "mean": 1222880.25, "median": 927428.875, "min": 241811.734375, "var": 5726601740290.0}, "spectral_strongpeak": {"dmean": 0.508947968483, "dmean2": 0.811546206474, "dvar": 0.938465416431, "dvar2": 1.99920833111, "max": 16.204044342, "mean": 1.34069907665, "median": 0.691836774349, "min": 0, "var": 2.79685640335}, "zerocrossingrate": {"dmean": 0.00305333943106, "dmean2": 0.00390301435255, "dvar": 0.000140522111906, "dvar2": 0.000183758456842, "max": 0.52880859375, "mean": 0.0279351789504, "median": 0.02294921875, "min": 0, "var": 0.00139387825038}, "barkbands": {"dmean": [1.74604301719e-05, 0.000272091419902, 0.000866334768943, 0.000528742617462, 0.000984377344139, 0.000688028056175, 0.00124986027367, 0.00124309654348, 0.000301042135106, 0.00031992761069, 0.000747656449676, 0.000379016710212, 0.000332203810103, 0.000115574657684, 9.22036488191e-05, 4.00096032536e-05, 4.25556681876e-05, 7.40765381124e-06, 9.66297375271e-06, 2.88312162411e-06, 1.02658998458e-06, 1.21043615309e-06, 3.2132936667e-07, 7.93521763853e-08, 2.51303120535e-08, 3.45982020811e-09, 9.61297375035e-10], "dmean2": [3.03811902995e-05, 0.000463055155706, 0.00140228541568, 0.000917435041629, 0.00160155887716, 0.00104442599695, 0.00201839511283, 0.00184803782031, 0.000401213706937, 0.000440970878117, 0.00106246490031, 0.000517500506248, 0.000463414704427, 0.000171411564224, 0.000138469025842, 6.05105924478e-05, 6.2684463046e-05, 1.17803301691e-05, 1.4150467905e-05, 4.43201861344e-06, 1.58663738148e-06, 1.91055346477e-06, 5.1537415402e-07, 1.29671363425e-07, 4.60361668786e-08, 6.28448759699e-09, 1.75598147134e-09], "dvar": [2.44640396829e-09, 2.26495870947e-07, 3.25331598106e-06, 1.74440367573e-06, 6.09919698036e-06, 3.54797975888e-06, 2.29884917644e-05, 1.79072812898e-05, 1.52492418692e-06, 1.30671060106e-06, 1.3243410649e-05, 2.60074898506e-06, 4.64453160021e-06, 4.71951693726e-07, 3.5449241409e-07, 4.03672153482e-08, 1.61935560072e-07, 1.69471214839e-09, 1.74135317277e-09, 3.32052579877e-10, 2.55627168738e-11, 4.47302125894e-11, 4.80860620419e-12, 3.95236577841e-13, 7.96680633248e-14, 1.56797011135e-15, 5.1951992406e-18], "dvar2": [6.44236219927e-09, 6.6693445433e-07, 8.06013576948e-06, 5.70018664803e-06, 1.58983766596e-05, 8.94358890946e-06, 5.62553905183e-05, 3.95504175685e-05, 2.46586319008e-06, 2.01460056815e-06, 2.46500840149e-05, 4.25152347816e-06, 7.80777372711e-06, 8.57644749885e-07, 8.20832894988e-07, 8.53603978612e-08, 3.72935744508e-07, 3.90558341223e-09, 3.66624752779e-09, 8.10295608389e-10, 5.8008146897e-11, 1.13054232642e-10, 1.21925603294e-11, 9.04743998904e-13, 2.34995508296e-13, 4.559486452e-15, 1.55445633596e-17], "max": [0.00276805087924, 0.00906462222338, 0.0406037084758, 0.025882223621, 0.0473506636918, 0.0721131265163, 0.116814650595, 0.107666663826, 0.0439669340849, 0.0453990325332, 0.136822044849, 0.0565961971879, 0.10223069042, 0.0451918840408, 0.0234944373369, 0.00956504326314, 0.0124397343025, 0.00195191544481, 0.00100799254142, 0.000685423030518, 0.000141083975905, 0.000166225785506, 7.83589130151e-05, 1.64442699315e-05, 1.02647500171e-05, 1.64676885106e-06, 6.57237180235e-08], "mean": [2.57403044088e-05, 0.000637143442873, 0.00186142278835, 0.001034033834, 0.00240034959279, 0.00205501355231, 0.00273580756038, 0.00334862084128, 0.000803889823146, 0.000810664671008, 0.00147832196672, 0.000733241147827, 0.000674766837619, 0.00019613794575, 0.000150565087097, 7.43561395211e-05, 6.13103111391e-05, 1.12442930913e-05, 1.40304318847e-05, 3.13989266942e-06, 1.16740591238e-06, 1.18988100439e-06, 2.87358517426e-07, 7.20501276419e-08, 1.79388806032e-08, 2.79860290497e-09, 1.20027676687e-09], "median": [5.87904150962e-06, 0.000258225860307, 0.000726787315216, 0.000315470184432, 0.000958414981142, 0.000559866894037, 0.000441097305156, 0.000384782615583, 8.54981699376e-05, 0.000168027239852, 9.20553866308e-05, 0.000120438715385, 8.40700522531e-05, 3.4821441659e-05, 2.92261102004e-05, 1.1979737792e-05, 5.13073882757e-06, 1.52839845668e-06, 7.52172752527e-07, 1.01398789809e-07, 2.70212865416e-08, 7.94983634478e-09, 1.52373047513e-09, 7.15564385523e-10, 5.93360360845e-10, 4.88720730552e-10, 6.46878384192e-10], "min": [7.49079783758e-25, 5.27257826312e-24, 1.62739657886e-24, 2.84896129844e-24, 1.20213724486e-23, 1.60979847257e-23, 2.0022840675e-23, 1.78207117923e-23, 2.33638843343e-23, 1.61202085151e-23, 1.57253883652e-23, 2.99285181525e-23, 3.26866409344e-23, 4.04169981782e-23, 7.1912112047e-23, 8.98589753198e-23, 1.16001768921e-22, 1.13114916661e-22, 1.39214474373e-22, 2.40626910874e-22, 2.58682258298e-22, 2.90282031921e-22, 3.6583718567e-22, 5.93109501833e-22, 9.94257262824e-22, 1.44734978524e-21, 1.98724366442e-21], "var": [1.43237173234e-08, 8.36423282635e-07, 9.51547281147e-06, 3.24984262079e-06, 1.66728132172e-05, 2.23616243602e-05, 5.0147271395e-05, 7.50308390707e-05, 7.23612674847e-06, 7.45925444789e-06, 4.3047049985e-05, 6.39076051812e-06, 1.2960692402e-05, 1.4308043319e-06, 4.13098490526e-07, 8.97955274581e-08, 2.38428981447e-07, 2.12946615896e-09, 2.59301469185e-09, 3.10185682695e-10, 3.14363361731e-11, 4.07602736285e-11, 4.21205171436e-12, 3.93863977891e-13, 4.60418107719e-14, 9.04669198271e-16, 4.16660966146e-18]}, "erbbands": {"dmean": [0.00206332909875, 0.0869793146849, 0.767318069935, 1.6261395216, 1.55848932266, 4.79733896255, 4.8074092865, 5.53876209259, 10.4884757996, 31.2024421692, 19.2813110352, 8.01793384552, 5.62562227249, 19.5817527771, 23.9067764282, 17.7259712219, 15.9140386581, 8.52341938019, 3.85470843315, 4.56644439697, 1.89206624031, 1.6149866581, 0.490746766329, 0.474002838135, 0.353947520256, 0.142053842545, 0.0549350716174, 0.0442845858634, 0.0459546744823, 0.0221553985029, 0.00722266640514, 0.00278480141424, 0.000802411406767, 0.000387648731703, 0.000131071414216, 2.42705609708e-05, 6.71473162583e-06, 1.18178979847e-06, 2.66884580924e-06, 6.14316786596e-06], "dmean2": [0.0034483585041, 0.146802768111, 1.24886965752, 2.76443052292, 2.65681576729, 7.81650352478, 7.53289556503, 8.18043804169, 16.639623642, 48.3682823181, 29.374256134, 10.8229188919, 7.93486070633, 28.1382923126, 32.6556625366, 24.0035934448, 21.6522808075, 12.332242012, 5.90879869461, 6.78120756149, 2.74343967438, 2.3844628334, 0.750905930996, 0.712618470192, 0.510016858578, 0.219904392958, 0.0803068131208, 0.0692313238978, 0.0715710744262, 0.0350768975914, 0.0117720309645, 0.00449464237317, 0.00137725693639, 0.000706459220964, 0.000238787411945, 4.26930746471e-05, 1.15714165076e-05, 1.93814071281e-06, 3.91893308915e-06, 9.09315986064e-06], "dvar": [1.21415587273e-05, 0.0226414073259, 2.39468574524, 13.7209005356, 9.00350379944, 174.516372681, 115.008041382, 341.250396729, 1233.08093262, 14936.6865234, 4918.19140625, 1137.61364746, 170.806640625, 6376.91894531, 16520.6933594, 4838.38232422, 9607.82421875, 1926.65600586, 1072.88024902, 469.645111084, 120.970710754, 189.406219482, 5.14613008499, 5.21979665756, 3.00196146965, 1.18401408195, 0.0795045569539, 0.0547507815063, 0.0562589615583, 0.0239804089069, 0.00272984942421, 0.000433480687207, 5.46659175598e-05, 2.09977188206e-05, 2.00985596166e-06, 6.83005154656e-08, 4.27294066796e-09, 2.89105146073e-11, 2.49386917367e-11, 1.27939062122e-10], "dvar2": [3.41012419085e-05, 0.0633129328489, 5.75032138824, 42.8349914551, 25.9802379608, 459.749664307, 294.543060303, 841.160644531, 3177.38598633, 37442.3125, 11979.2304688, 1908.2767334, 312.567993164, 13019.2734375, 30600.28125, 7772.08837891, 15168.9345703, 3287.63842773, 2529.21435547, 925.194274902, 281.154052734, 435.243438721, 10.7871208191, 10.7981443405, 6.74936485291, 2.97181272507, 0.177204847336, 0.127546072006, 0.140265911818, 0.0599373355508, 0.00729485228658, 0.000932111928705, 0.000154247056344, 6.21978470008e-05, 5.84579856877e-06, 1.97489498532e-07, 1.23176686628e-08, 7.97091281868e-11, 5.14742276581e-11, 2.68934596814e-10], "max": [0.091856636107, 2.90676927567, 35.467754364, 72.4222335815, 50.2231292725, 234.669525146, 263.904937744, 646.315246582, 1111.21228027, 3174.04296875, 2306.34863281, 1239.87585449, 354.308380127, 1869.18835449, 4845.12939453, 2914.6887207, 5339.31591797, 2597.14501953, 1373.60766602, 1050.76184082, 327.206604004, 418.832977295, 105.206642151, 73.3145751953, 52.3863143921, 47.8041572571, 7.9183883667, 6.34166002274, 5.5150885582, 4.16984891891, 1.74053061008, 0.620362401009, 0.32805711031, 0.173387721181, 0.0444739349186, 0.00963482819498, 0.0027280007489, 0.000175524284714, 0.000112330817501, 0.000248924625339], "mean": [0.00539137609303, 0.210641026497, 1.72370445728, 3.57923960686, 3.3438243866, 11.3374786377, 12.371594429, 18.1045589447, 27.5648555756, 72.6278991699, 52.8323745728, 22.3883056641, 13.7659492493, 45.4359321594, 49.5773620605, 35.7936592102, 34.1419029236, 16.3837375641, 5.75425481796, 8.71290588379, 3.49236083031, 2.43069410324, 0.847126662731, 0.708550751209, 0.492738217115, 0.159098088741, 0.0662020146847, 0.046517521143, 0.0464216805995, 0.0211472567171, 0.00641788775101, 0.00261377403513, 0.000673062691931, 0.000297149759717, 0.000103075821244, 2.77798008028e-05, 1.09456386781e-05, 2.67292534772e-06, 9.46113959799e-06, 2.16934167838e-05], "median": [0.00283087627031, 0.0962665006518, 0.700089752674, 1.32028102875, 1.68005490303, 3.69928693771, 4.81913423538, 4.35194396973, 8.11871147156, 6.50622224808, 10.1978693008, 3.66918730736, 4.45641756058, 5.1341047287, 5.07512140274, 6.9667596817, 5.76520347595, 3.17346858978, 1.48744881153, 1.61301517487, 0.657755732536, 0.289566665888, 0.13114066422, 0.0576256327331, 0.0255409516394, 0.00724156945944, 0.00244897697121, 0.000739147770219, 0.000377744698199, 0.000127162478748, 4.90968304803e-05, 2.8362719604e-05, 2.02986811928e-05, 1.58802995429e-05, 1.21588918773e-05, 8.69508312462e-06, 4.98898089063e-06, 1.43568092881e-06, 6.13395468463e-06, 1.42361013786e-05], "min": [1.51155796373e-22, 1.02210029149e-21, 2.40741728632e-21, 6.67785776181e-21, 1.24404425992e-20, 2.24780386101e-20, 6.90723276463e-20, 1.53400696297e-19, 2.2291891953e-19, 4.03671169961e-19, 3.4503647224e-19, 5.54440346235e-19, 7.8684790627e-19, 7.08846118675e-19, 1.37839867671e-18, 1.67682465881e-18, 2.07143623651e-18, 2.6639918246e-18, 3.47112323346e-18, 4.32620837039e-18, 5.30655967133e-18, 7.04140474286e-18, 6.29605173163e-18, 6.50365173151e-18, 7.93129970791e-18, 1.07110509097e-17, 9.90361013533e-18, 9.77455258898e-18, 9.41007365003e-18, 1.37403674655e-17, 1.04213672961e-17, 1.17223164317e-17, 9.94286233694e-18, 9.23266822406e-18, 7.09431617792e-18, 5.03030078548e-18, 2.8021477373e-18, 1.03031404391e-18, 2.73975479617e-19, 2.86865848692e-20], "var": [5.33792663191e-05, 0.0837602168322, 7.24990606308, 28.9773750305, 21.4001426697, 463.158843994, 454.796447754, 2526.44360352, 3579.7199707, 40734.0234375, 14741.2285156, 4688.39697266, 726.07019043, 22545.6601562, 49002.4335938, 12670.9013672, 29715.6015625, 6225.96435547, 1085.72351074, 1210.66503906, 194.520751953, 279.452728271, 9.65572166443, 7.70078849792, 3.9939763546, 1.01658928394, 0.0969521999359, 0.0627809986472, 0.0535902604461, 0.0215300954878, 0.00217711273581, 0.000470809085527, 3.5483702959e-05, 1.20072172649e-05, 1.18167861274e-06, 4.14371754687e-08, 2.6724786828e-09, 2.75937640792e-11, 1.09153290573e-10, 5.61055923942e-10]}, "gfcc": {"mean": [-211.950836182, 243.004470825, -128.214782715, -38.21667099, -13.148809433, -22.2517757416, -21.7741165161, -18.3107967377, -12.16431427, -13.2873601913, -4.4104886055, -12.1752214432, -8.92294883728], "cov": [[18579.421875, 1626.40344238, -3874.55957031, 489.488891602, -534.852416992, -802.209289551, 503.214508057, -434.196563721, 376.870605469, -129.832733154, 236.922943115, -161.184570312, -16.4017810822], [1626.40344238, 1734.95117188, 107.275413513, -686.196838379, 584.928405762, -180.475814819, -107.871276855, 39.0192947388, -72.4082717896, -100.077850342, -8.80286979675, -119.725730896, 21.8405723572], [-3874.55957031, 107.275413513, 1269.62878418, -217.472137451, 241.245544434, 212.404190063, -190.441696167, 114.894691467, -106.535858154, 2.14429855347, -52.8445053101, -13.0602331161, -11.1554555893], [489.488891602, -686.196838379, -217.472137451, 617.896362305, -248.490188599, 70.1386032104, 130.116165161, -66.847328186, 69.5663223267, 48.6332969666, 11.1587095261, 55.0636787415, -21.3075752258], [-534.852416992, 584.928405762, 241.245544434, -248.490188599, 464.956573486, 37.115486145, -38.9235649109, 53.965587616, -84.8984909058, -36.55676651, 1.45608580112, -12.2988376617, 37.087978363], [-802.209289551, -180.475814819, 212.404190063, 70.1386032104, 37.115486145, 306.846221924, 42.4930839539, -2.11632084846, -32.827960968, -38.6936798096, -9.68920040131, 60.7867202759, 30.9569988251], [503.214508057, -107.871276855, -190.441696167, 130.116165161, -38.9235649109, 42.4930839539, 187.319366455, 37.331905365, 27.2581176758, 3.19666051865, -1.1928358078, 17.3113574982, 24.1365718842], [-434.196563721, 39.0192947388, 114.894691467, -66.847328186, 53.965587616, -2.11632084846, 37.331905365, 165.309280396, 36.9013786316, 5.8745598793, -7.22414159775, -26.6732692719, 1.67708361149], [376.870605469, -72.4082717896, -106.535858154, 69.5663223267, -84.8984909058, -32.827960968, 27.2581176758, 36.9013786316, 140.480865479, 53.1572494507, -1.02151036263, -6.11587095261, -28.1363868713], [-129.832733154, -100.077850342, 2.14429855347, 48.6332969666, -36.55676651, -38.6936798096, 3.19666051865, 5.8745598793, 53.1572494507, 110.626571655, 30.1236534119, -13.42420578, -21.2824001312], [236.922943115, -8.80286979675, -52.8445053101, 11.1587095261, 1.45608580112, -9.68920040131, -1.1928358078, -7.22414159775, -1.02151036263, 30.1236534119, 87.2577133179, 30.0593185425, -15.5551614761], [-161.184570312, -119.725730896, -13.0602331161, 55.0636787415, -12.2988376617, 60.7867202759, 17.3113574982, -26.6732692719, -6.11587095261, -13.42420578, 30.0593185425, 132.556274414, 57.6341209412], [-16.4017810822, 21.8405723572, -11.1554555893, -21.3075752258, 37.087978363, 30.9569988251, 24.1365718842, 1.67708361149, -28.1363868713, -21.2824001312, -15.5551614761, 57.6341209412, 127.7760849]], "icov": [[0.000465730146971, -0.0011363751255, 0.0011862028623, -0.000903315900359, 0.00094635784626, -0.000310650211759, 0.000204824042157, 7.57714806241e-05, -0.000331604562234, 0.000551806821022, -0.00113228149712, 0.000763600808568, -0.000495539861731], [-0.0011363751255, 0.00499650742859, -0.00317733199336, 0.00385584379546, -0.00463253678754, 0.00206996779889, -0.00163614109624, 0.00184706319124, -0.00150025170296, 0.00115576200187, 0.00131240615156, -6.38384153717e-05, 0.000544336682651], [0.0011862028623, -0.00317733199336, 0.00498029030859, -0.00252544065006, 0.00237584766001, -0.00249914894812, 0.00307791004889, -0.00229467637837, 0.00142062036321, -0.000977008952759, -0.000637668184936, 0.000824517337605, -0.000225828029215], [-0.000903315900359, 0.00385584379546, -0.00252544065006, 0.00581205030903, -0.00252962484956, 0.00102566485293, -0.00307578896172, 0.00256299390458, -0.00143490009941, -0.000214796789805, 0.00156727980357, -0.00109180156142, 0.00133832765277], [0.00094635784626, -0.00463253678754, 0.00237584766001, -0.00252962484956, 0.00756848789752, -0.00225083390251, 0.00125618733, -0.00252361805178, 0.00290698604658, -0.00135627656709, -0.00154014176223, 8.01232672529e-05, -0.000966171501204], [-0.000310650211759, 0.00206996779889, -0.00249914894812, 0.00102566485293, -0.00225083390251, 0.00631670746952, -0.00332494080067, 0.00253550335765, -0.00179691216908, 0.00342634040862, -0.000658704491798, -0.000814637169242, -0.000260842585703], [0.000204824042157, -0.00163614109624, 0.00307791004889, -0.00307578896172, 0.00125618733, -0.00332494080067, 0.011166010052, -0.00601361505687, 0.00276382267475, -0.00283312844113, 0.00202841870487, -0.000991195789538, -0.000696877017617], [7.57714806241e-05, 0.00184706319124, -0.00229467637837, 0.00256299390458, -0.00252361805178, 0.00253550335765, -0.00601361505687, 0.0127686094493, -0.00766231538728, 0.00518852751702, -0.00435635494068, 0.00464943610132, -0.00244288495742], [-0.000331604562234, -0.00150025170296, 0.00142062036321, -0.00143490009941, 0.00290698604658, -0.00179691216908, 0.00276382267475, -0.00766231538728, 0.0164701156318, -0.01025603991, 0.00756376469508, -0.0058985450305, 0.00476853083819], [0.000551806821022, 0.00115576200187, -0.000977008952759, -0.000214796789805, -0.00135627656709, 0.00342634040862, -0.00283312844113, 0.00518852751702, -0.01025603991, 0.0194909889251, -0.0111173726618, 0.00709038693458, -0.0037807431072], [-0.00113228149712, 0.00131240615156, -0.000637668184936, 0.00156727980357, -0.00154014176223, -0.000658704491798, 0.00202841870487, -0.00435635494068, 0.00756376469508, -0.0111173726618, 0.0228868033737, -0.0112400250509, 0.0077865505591], [0.000763600808568, -6.38384153717e-05, 0.000824517337605, -0.00109180156142, 8.01232672529e-05, -0.000814637169242, -0.000991195789538, 0.00464943610132, -0.0058985450305, 0.00709038693458, -0.0112400250509, 0.0172991063446, -0.00898991245776], [-0.000495539861731, 0.000544336682651, -0.000225828029215, 0.00133832765277, -0.000966171501204, -0.000260842585703, -0.000696877017617, -0.00244288495742, 0.00476853083819, -0.0037807431072, 0.0077865505591, -0.00898991245776, 0.013803514652]]}, "melbands": {"dmean": [4.50633269793e-05, 0.000302241882309, 0.000249774486292, 0.000232570819207, 0.000172097395989, 0.000124540223624, 0.000190188366105, 0.000331977556925, 0.000138733885251, 4.56485286122e-05, 2.72909474006e-05, 7.56382432883e-05, 9.15886266739e-05, 4.00146236643e-05, 4.81891838717e-05, 3.61243182851e-05, 1.34775909828e-05, 5.43014266441e-06, 6.69962673783e-06, 4.67325480713e-06, 2.3614136353e-06, 2.32592356042e-06, 6.38063738734e-07, 2.95517452287e-07, 4.35504404095e-07, 2.69349328619e-07, 1.63715640156e-07, 8.74759535918e-08, 3.63971928152e-08, 3.2398908445e-08, 2.47367477613e-08, 2.72057629758e-08, 2.07328394453e-08, 9.53699252904e-09, 4.0931698031e-09, 2.97919489078e-09, 1.13006426439e-09, 5.49124190563e-10, 4.12592460197e-10, 3.13169656874e-10], "dmean2": [7.66445155023e-05, 0.000494297069963, 0.000423197750933, 0.000382406200515, 0.000270452816039, 0.000184382151929, 0.000306165515212, 0.000507615914103, 0.000211442675209, 6.02078762313e-05, 3.89795823139e-05, 0.000108810680103, 0.000125980062876, 5.49246979062e-05, 6.40984435449e-05, 4.96150641993e-05, 2.00457416213e-05, 8.51404001878e-06, 9.96986545942e-06, 6.88282852934e-06, 3.44208319802e-06, 3.45326066054e-06, 9.64868604569e-07, 4.66362251927e-07, 6.60316118228e-07, 3.86178470535e-07, 2.43627454211e-07, 1.38506550229e-07, 5.23566257016e-08, 5.13397040436e-08, 3.85686149684e-08, 4.25094839329e-08, 3.37514727278e-08, 1.50525512055e-08, 6.84714640542e-09, 4.78821382544e-09, 1.83457049552e-09, 9.5384922183e-10, 7.34722727103e-10, 5.74571890066e-10], "dvar": [6.09154859887e-09, 3.43729936958e-07, 2.98748176419e-07, 3.82670435783e-07, 1.30120767494e-07, 1.45110192307e-07, 4.71894992415e-07, 1.59323030857e-06, 2.88885274813e-07, 4.74082746393e-08, 3.99814004126e-09, 9.38166664355e-08, 2.31318594501e-07, 2.34234835972e-08, 7.76093713739e-08, 5.99830869419e-08, 4.78260409054e-09, 2.12160267132e-09, 1.05149589036e-09, 5.53391832359e-10, 3.86724569035e-10, 4.94833896081e-10, 1.42930155558e-11, 1.68870581581e-12, 5.03837640012e-12, 2.11813964805e-12, 5.17225043177e-13, 6.50232580453e-13, 6.59207118146e-14, 3.00838489591e-14, 2.55658971912e-14, 2.11213679332e-14, 2.45721903247e-14, 5.10544958496e-15, 1.19382168251e-15, 4.31622076007e-16, 7.95884267164e-17, 2.59075763722e-17, 1.86304053024e-17, 1.74581894584e-17], "dvar2": [1.81002004496e-08, 8.33259719002e-07, 9.32432044465e-07, 1.02397825685e-06, 3.26471166545e-07, 3.60668849453e-07, 1.182728397e-06, 3.8837779357e-06, 7.05919489974e-07, 7.59268701245e-08, 7.43480388365e-09, 1.87828717912e-07, 4.04725341241e-07, 4.29307824845e-08, 1.18556904738e-07, 1.06773782704e-07, 8.43191383382e-09, 4.99770225204e-09, 2.27943663944e-09, 1.09744424659e-09, 9.03772612304e-10, 1.13847464789e-09, 2.28501922245e-11, 4.3560216198e-12, 1.03193365311e-11, 4.54962890278e-12, 1.17402290147e-12, 1.64293936528e-12, 1.45196504017e-13, 7.28944357133e-14, 5.84915823458e-14, 5.16390044874e-14, 6.42224107553e-14, 1.24768478291e-14, 3.29746940575e-15, 9.95564833237e-16, 1.70347735699e-16, 7.35041228819e-17, 5.36193560831e-17, 5.2477797207e-17], "max": [0.00159669341519, 0.0132085662335, 0.0102924108505, 0.0116107128561, 0.00800211820751, 0.0140914330259, 0.0210123620927, 0.0311069451272, 0.0175609532744, 0.00848447717726, 0.00148564623669, 0.0075974278152, 0.0206283982843, 0.00598511192948, 0.00882208254188, 0.00740989437327, 0.00441939663142, 0.0019596091006, 0.00109724747017, 0.0011580074206, 0.000613304611761, 0.000679808203131, 0.000207500343095, 3.41541854141e-05, 7.57067246013e-05, 3.43575629813e-05, 1.98206216737e-05, 3.51376074832e-05, 8.5290912466e-06, 5.32588001079e-06, 5.62633704249e-06, 3.42208909387e-06, 6.31827424513e-06, 2.32936622524e-06, 1.27628925384e-06, 6.35250330561e-07, 2.5838056672e-07, 2.23324377657e-07, 1.45933739759e-07, 1.95428299321e-07], "mean": [0.000109272354166, 0.000706548336893, 0.000559313339181, 0.00053598213708, 0.000455847912235, 0.000389557011658, 0.000466541940114, 0.000805413117632, 0.000380948040402, 0.000119248004921, 6.35615360807e-05, 0.000175872817636, 0.000192217019503, 7.69011603552e-05, 9.22528488445e-05, 7.17004586477e-05, 2.35884635913e-05, 7.29323255655e-06, 1.1613071365e-05, 8.89844886842e-06, 3.81892823498e-06, 3.2844263842e-06, 1.06303980374e-06, 4.53376856058e-07, 6.20157720732e-07, 3.90499252489e-07, 2.04095698564e-07, 8.80419221971e-08, 4.39329994606e-08, 3.29724727521e-08, 2.54801886257e-08, 2.71591584777e-08, 1.98203533586e-08, 8.90630413863e-09, 3.54283447024e-09, 2.64895261282e-09, 1.05126951588e-09, 4.45232434254e-10, 3.17543130679e-10, 2.1690842178e-10], "median": [4.81613678858e-05, 0.000325189525029, 0.000232100253925, 0.000190771141206, 0.000203709292691, 9.61294281296e-05, 0.000113373462227, 7.12300025043e-05, 6.91562745487e-05, 1.46539650814e-05, 1.8713359168e-05, 1.87236109923e-05, 1.35526352096e-05, 1.53577275341e-05, 1.39573785418e-05, 8.31514626043e-06, 4.43613225798e-06, 1.64831521943e-06, 2.05014066523e-06, 1.41537577747e-06, 5.01938643538e-07, 2.70324107987e-07, 1.22863667684e-07, 6.1976813015e-08, 3.38713022074e-08, 1.52125743114e-08, 9.12305075929e-09, 2.49024889598e-09, 1.12279152642e-09, 6.48565534611e-10, 2.39127190271e-10, 1.73423622685e-10, 9.49544956552e-11, 3.99460395317e-11, 2.11233790876e-11, 1.46724507544e-11, 9.22485351995e-12, 7.7054352482e-12, 6.59202076606e-12, 5.47138723217e-12], "min": [1.43265186769e-24, 1.07083322073e-24, 1.1468535768e-24, 2.50770243743e-24, 2.65871979976e-24, 2.95005954269e-24, 3.42009264952e-24, 3.87343878441e-24, 2.81938197273e-24, 3.08471257718e-24, 3.71834873044e-24, 2.55697153412e-24, 3.93322813013e-24, 3.29579735871e-24, 2.91401688236e-24, 3.2924697462e-24, 4.27902294136e-24, 5.22351703128e-24, 5.1879918637e-24, 5.09662875467e-24, 5.49976862611e-24, 6.66899380514e-24, 3.64966971117e-24, 4.15194691586e-24, 4.53364752004e-24, 4.0096758516e-24, 6.38499086305e-24, 6.66701691971e-24, 5.54836995205e-24, 5.47432233989e-24, 5.77000239552e-24, 4.47224613705e-24, 6.85805773171e-24, 6.50989949322e-24, 5.74557689531e-24, 7.21936785921e-24, 6.69408668167e-24, 6.09408104931e-24, 6.99195109315e-24, 7.68219491889e-24], "var": [2.27852030577e-08, 1.07728124021e-06, 6.47294882583e-07, 9.35220327847e-07, 4.88090449835e-07, 1.02254443846e-06, 1.18143805139e-06, 4.99585485159e-06, 8.22524611976e-07, 1.80044594345e-07, 1.6918294321e-08, 3.55394888629e-07, 8.5617472223e-07, 5.26558743275e-08, 1.8535000379e-07, 1.44555613701e-07, 1.5452632951e-08, 2.18067230939e-09, 1.67698432918e-09, 1.42690859128e-09, 5.71525049509e-10, 7.23734350228e-10, 3.59726068377e-11, 2.097811291e-12, 7.38194141231e-12, 3.14581477187e-12, 6.08776917765e-13, 5.42906214776e-13, 7.83969446977e-14, 3.01119704529e-14, 3.18732230008e-14, 2.0669325084e-14, 2.15177590237e-14, 4.61005220136e-15, 8.96885918398e-16, 4.1697065595e-16, 8.77183879105e-17, 1.67443689857e-17, 1.1420793382e-17, 9.5383925241e-18]}, "mfcc": {"mean": [-816.852355957, 238.361328125, -7.07240867615, -13.7714385986, 11.2795295715, 1.9092297554, -5.72973918915, -3.6112806797, -7.68559837341, -5.98353099823, -1.41391646862, -1.39174830914, 2.1141679287], "cov": [[7275.02392578, 2640.71118164, -1939.55456543, 235.575424194, -299.17086792, -330.330322266, -177.095077515, -23.6876239777, -173.766036987, 21.0215377808, 118.774909973, -54.1074638367, 201.06350708], [2640.71118164, 2261.0703125, -270.737304688, -338.029754639, 221.983032227, -126.639701843, -76.1678543091, -17.0427913666, -54.9427909851, -30.7314510345, -11.5264778137, -10.1300172806, -4.54587125778], [-1939.55456543, -270.737304688, 944.368591309, -147.539901733, 134.566986084, 186.154464722, 21.592590332, 6.67940616608, 62.7817687988, -24.1136360168, -52.6937675476, 10.559510231, -111.354705811], [235.575424194, -338.029754639, -147.539901733, 329.752105713, -68.2742538452, -38.5737762451, 3.60174918175, -15.0398454666, -13.8693847656, 31.2677307129, 50.8448295593, 11.814453125, 51.0029678345], [-299.17086792, 221.983032227, 134.566986084, -68.2742538452, 264.383453369, 58.9737243652, 18.9222431183, 25.7900848389, 6.78902626038, -25.5867729187, -13.1857481003, 25.3603229523, -19.1725254059], [-330.330322266, -126.639701843, 186.154464722, -38.5737762451, 58.9737243652, 241.870788574, 73.4393920898, 45.7864265442, 24.4311408997, -57.3043022156, -28.8821430206, -14.9633979797, -49.3147239685], [-177.095077515, -76.1678543091, 21.592590332, 3.60174918175, 18.9222431183, 73.4393920898, 160.268859863, 75.7255020142, 8.87770462036, 0.292332917452, -21.3847751617, -17.3410511017, -12.0605249405], [-23.6876239777, -17.0427913666, 6.67940616608, -15.0398454666, 25.7900848389, 45.7864265442, 75.7255020142, 139.632446289, 64.4541473389, -11.3852462769, -13.4876317978, -11.4006567001, -4.97084093094], [-173.766036987, -54.9427909851, 62.7817687988, -13.8693847656, 6.78902626038, 24.4311408997, 8.87770462036, 64.4541473389, 132.199951172, 41.7870788574, -30.3817176819, -10.3341197968, 5.88875198364], [21.0215377808, -30.7314510345, -24.1136360168, 31.2677307129, -25.5867729187, -57.3043022156, 0.292332917452, -11.3852462769, 41.7870788574, 139.27746582, 53.4081687927, -12.0797691345, 10.5511932373], [118.774909973, -11.5264778137, -52.6937675476, 50.8448295593, -13.1857481003, -28.8821430206, -21.3847751617, -13.4876317978, -30.3817176819, 53.4081687927, 154.370819092, 51.31615448, -34.470867157], [-54.1074638367, -10.1300172806, 10.559510231, 11.814453125, 25.3603229523, -14.9633979797, -17.3410511017, -11.4006567001, -10.3341197968, -12.0797691345, 51.31615448, 125.410995483, 39.8028411865], [201.06350708, -4.54587125778, -111.354705811, 51.0029678345, -19.1725254059, -49.3147239685, -12.0605249405, -4.97084093094, 5.88875198364, 10.5511932373, -34.470867157, 39.8028411865, 161.985748291]], "icov": [[0.00487716775388, -0.00674967467785, 0.00724656553939, -0.00697018858045, 0.00744556542486, -0.00745908496901, 0.00720268441364, -0.00674841366708, 0.0057072006166, -0.00548593280837, 0.00450158631429, -0.00284043420106, 0.00167837017216], [-0.00674967467785, 0.0100324051455, -0.00971711333841, 0.0104282386601, -0.0109720649198, 0.0106747662649, -0.00981793832034, 0.00939470063895, -0.00781868956983, 0.00774962687865, -0.006461632438, 0.00424131611362, -0.00243309745565], [0.00724656553939, -0.00971711333841, 0.0124868834391, -0.00975737348199, 0.0103913806379, -0.0120004396886, 0.0110654942691, -0.00963997934014, 0.00819141790271, -0.0088839828968, 0.00774644454941, -0.00519446423277, 0.00369898998179], [-0.00697018858045, 0.0104282386601, -0.00975737348199, 0.0146504826844, -0.0108213629574, 0.0111343376338, -0.0111167458817, 0.0107362950221, -0.00886070169508, 0.00874356180429, -0.00894954428077, 0.00534922908992, -0.00423168484122], [0.00744556542486, -0.0109720649198, 0.0103913806379, -0.0108213629574, 0.0165320504457, -0.0124498456717, 0.0111747859046, -0.0115438085049, 0.00955066550523, -0.00904978066683, 0.0079414350912, -0.00617892434821, 0.00309573486447], [-0.00745908496901, 0.0106747662649, -0.0120004396886, 0.0111343376338, -0.0124498456717, 0.0189415775239, -0.0149221345782, 0.0122300079092, -0.0121863912791, 0.0135596757755, -0.00961846485734, 0.0065367044881, -0.0027331400197], [0.00720268441364, -0.00981793832034, 0.0110654942691, -0.0111167458817, 0.0111747859046, -0.0149221345782, 0.0233301725239, -0.0192632321268, 0.0158605873585, -0.0150372907519, 0.0124879544601, -0.00683269277215, 0.00455617206171], [-0.00674841366708, 0.00939470063895, -0.00963997934014, 0.0107362950221, -0.0115438085049, 0.0122300079092, -0.0192632321268, 0.027337314561, -0.0204471461475, 0.0165855195373, -0.0134883122519, 0.00822905823588, -0.00483496533707], [0.0057072006166, -0.00781868956983, 0.00819141790271, -0.00886070169508, 0.00955066550523, -0.0121863912791, 0.0158605873585, -0.0204471461475, 0.0263193640858, -0.0190138313919, 0.015328313224, -0.00850991066545, 0.0047259782441], [-0.00548593280837, 0.00774962687865, -0.0088839828968, 0.00874356180429, -0.00904978066683, 0.0135596757755, -0.0150372907519, 0.0165855195373, -0.0190138313919, 0.0256805401295, -0.0180358104408, 0.0115851312876, -0.00705323833972], [0.00450158631429, -0.006461632438, 0.00774644454941, -0.00894954428077, 0.0079414350912, -0.00961846485734, 0.0124879544601, -0.0134883122519, 0.015328313224, -0.0180358104408, 0.0236909929663, -0.0139826750383, 0.00999656040221], [-0.00284043420106, 0.00424131611362, -0.00519446423277, 0.00534922908992, -0.00617892434821, 0.0065367044881, -0.00683269277215, 0.00822905823588, -0.00850991066545, 0.0115851312876, -0.0139826750383, 0.0176481232047, -0.00836518872529], [0.00167837017216, -0.00243309745565, 0.00369898998179, -0.00423168484122, 0.00309573486447, -0.0027331400197, 0.00455617206171, -0.00483496533707, 0.0047259782441, -0.00705323833972, 0.00999656040221, -0.00836518872529, 0.0120926210657]]}, "spectral_contrast_coeffs": {"dmean": [0.0432322248816, 0.0386263951659, 0.0315214581788, 0.0272737760097, 0.0230247694999, 0.0421179905534], "dmean2": [0.0734370425344, 0.0628251880407, 0.0497680716217, 0.0443283654749, 0.0374905876815, 0.0724602639675], "dvar": [0.00124025670812, 0.00119825790171, 0.000873633543961, 0.000742642208934, 0.000625739223324, 0.00134198507294], "dvar2": [0.0035459024366, 0.00304812798277, 0.00202433718368, 0.00173726433422, 0.00153840554412, 0.00339202559553], "max": [-0.30161601305, -0.36339917779, -0.390337467194, -0.474658608437, -0.528749704361, -0.600560486317], "mean": [-0.594548106194, -0.676025688648, -0.735365867615, -0.728607177734, -0.720368206501, -0.828651726246], "median": [-0.596503436565, -0.681213378906, -0.744230747223, -0.731134533882, -0.714942097664, -0.841250777245], "min": [-0.98375326395, -0.979963421822, -0.978290379047, -0.985830187798, -0.963986992836, -0.965746045113], "var": [0.00891115050763, 0.00990870688111, 0.00672892155126, 0.00466939853504, 0.00336201186292, 0.00568959396333]}, "spectral_contrast_valleys": {"dmean": [0.413005143404, 0.327386796474, 0.288345605135, 0.283402651548, 0.355350375175, 0.740167737007], "dmean2": [0.693349599838, 0.531256020069, 0.465000003576, 0.462056130171, 0.557756364346, 1.30023539066], "dvar": [0.169459059834, 0.158627942204, 0.140650346875, 0.15669208765, 0.317201435566, 0.385