{"lowlevel": {"average_loudness": 0.101861216128, "barkbands_crest": {"dmean": 2.40931677818, "dmean2": 3.99311447144, "dvar": 6.2200884819, "dvar2": 17.8869152069, "max": 26.9687519073, "mean": 15.1067056656, "median": 14.6389856339, "min": 4.7145075798, "var": 25.6546344757}, "barkbands_flatness_db": {"dmean": 0.0229184646159, "dmean2": 0.0362005755305, "dvar": 0.000682633719407, "dvar2": 0.0016743108863, "max": 0.701812803745, "mean": 0.313372343779, "median": 0.301615566015, "min": 0.0708848536015, "var": 0.00659786630422}, "barkbands_kurtosis": {"dmean": 16.3862724304, "dmean2": 26.4226589203, "dvar": 55671.1914062, "dvar2": 122966.648438, "max": 14452.3583984, "mean": 33.538520813, "median": 6.7168264389, "min": -1.94048941135, "var": 144279.625}, "barkbands_skewness": {"dmean": 0.675571978092, "dmean2": 1.07945728302, "dvar": 1.74556946754, "dvar2": 4.40230369568, "max": 33.772190094, "mean": 2.050999403, "median": 1.7075394392, "min": -25.8234901428, "var": 6.12942218781}, "barkbands_spread": {"dmean": 1.32520473003, "dmean2": 2.10574150085, "dvar": 8.49179267883, "dvar2": 22.1730155945, "max": 156.408676147, "mean": 5.3365483284, "median": 4.17268896103, "min": 0.00550615368411, "var": 43.53490448}, "dissonance": {"dmean": 0.033863954246, "dmean2": 0.0576597042382, "dvar": 0.00110773474444, "dvar2": 0.00312510039657, "max": 0.499202042818, "mean": 0.380317360163, "median": 0.391720890999, "min": 0.0358464345336, "var": 0.00424838811159}, "dynamic_complexity": 7.24422121048, "erbbands_crest": {"dmean": 1.88785922527, "dmean2": 2.78214788437, "dvar": 4.4283156395, "dvar2": 9.72172451019, "max": 34.4219169617, "mean": 14.8744411469, "median": 13.5213823318, "min": 2.78678822517, "var": 40.0352859497}, "erbbands_flatness_db": {"dmean": 0.0150095764548, "dmean2": 0.0223635919392, "dvar": 0.000389789813198, "dvar2": 0.000805626972578, "max": 0.66130644083, "mean": 0.280977100134, "median": 0.271702319384, "min": 0.0344434976578, "var": 0.00524141732603}, "erbbands_kurtosis": {"dmean": 2.46273350716, "dmean2": 3.66784071922, "dvar": 52.6491355896, "dvar2": 136.485076904, "max": 221.27243042, "mean": 6.03123092651, "median": 2.47862243652, "min": -1.710760355, "var": 152.140045166}, "erbbands_skewness": {"dmean": 0.382214814425, "dmean2": 0.566317260265, "dvar": 0.227735847235, "dvar2": 0.535281777382, "max": 11.0445241928, "mean": 1.36809849739, "median": 1.20321929455, "min": -3.30551528931, "var": 1.44695699215}, "erbbands_spread": {"dmean": 3.09597587585, "dmean2": 4.75786828995, "dvar": 20.0245323181, "dvar2": 53.642616272, "max": 192.922805786, "mean": 16.3079071045, "median": 14.6259241104, "min": 0.239578902721, "var": 157.642807007}, "hfc": {"dmean": 0.882405519485, "dmean2": 1.26983761787, "dvar": 5.51828765869, "dvar2": 11.845957756, "max": 68.5034790039, "mean": 4.98268556595, "median": 2.71839046478, "min": 1.242455985e-16, "var": 42.141784668}, "melbands_crest": {"dmean": 3.01192355156, "dmean2": 4.94125318527, "dvar": 10.0767803192, "dvar2": 27.8738002777, "max": 38.929359436, "mean": 19.4387359619, "median": 18.5206699371, "min": 2.12414669991, "var": 45.2973632812}, "melbands_flatness_db": {"dmean": 0.0253272019327, "dmean2": 0.0400956906378, "dvar": 0.000822656496894, "dvar2": 0.00205574580468, "max": 0.80342400074, "mean": 0.414605826139, "median": 0.402329772711, "min": 0.00619724439457, "var": 0.00943220965564}, "melbands_kurtosis": {"dmean": 11.8741188049, "dmean2": 19.3714828491, "dvar": 6070.19384766, "dvar2": 14394.6279297, "max": 4548.22119141, "mean": 28.7861614227, "median": 9.65493488312, "min": -1.73889160156, "var": 23949.1191406}, "melbands_skewness": {"dmean": 0.685265362263, "dmean2": 1.08291578293, "dvar": 1.11077392101, "dvar2": 2.82565283775, "max": 47.627532959, "mean": 2.45786786079, "median": 2.11365890503, "min": -3.95128083229, "var": 7.48444795609}, "melbands_spread": {"dmean": 1.5820993185, "dmean2": 2.49444913864, "dvar": 15.8041706085, "dvar2": 43.3382873535, "max": 201.378082275, "mean": 6.20400524139, "median": 4.65163469315, "min": 0.0729002356529, "var": 53.6761016846}, "pitch_salience": {"dmean": 0.0625547096133, "dmean2": 0.100330241024, "dvar": 0.00399701856077, "dvar2": 0.0107310153544, "max": 0.816345632076, "mean": 0.437873482704, "median": 0.444615393877, "min": 0.0287020020187, "var": 0.01808360219}, "silence_rate_20dB": {"dmean": 0, "dmean2": 0, "dvar": 0, "dvar2": 0, "max": 1, "mean": 1, "median": 1, "min": 1, "var": 0}, "silence_rate_30dB": {"dmean": 0.0118795074522, "dmean2": 0.0237640570849, "dvar": 0.0117384083569, "dvar2": 0.0270183924586, "max": 1, "mean": 0.955461323261, "median": 1, "min": 0, "var": 0.042554859072}, "silence_rate_60dB": {"dmean": 0.0301230382174, "dmean2": 0.0602588579059, "dvar": 0.0292151495814, "dvar2": 0.0642665177584, "max": 1, "mean": 0.315800637007, "median": 0, "min": 0, "var": 0.216074749827}, "spectral_centroid": {"dmean": 51.4086456299, "dmean2": 74.95362854, "dvar": 19544.7792969, "dvar2": 31781.0214844, "max": 10558.2578125, "mean": 453.671569824, "median": 385.316680908, "min": 77.0348205566, "var": 103487.289062}, "spectral_complexity": {"dmean": 0.834959685802, "dmean2": 1.41183960438, "dvar": 1.2380105257, "dvar2": 2.74847626686, "max": 26, "mean": 5.37921524048, "median": 5, "min": 0, "var": 10.59425354}, "spectral_decrease": {"dmean": 1.4165045803e-09, "dmean2": 2.21871854222e-09, "dvar": 8.93163734682e-18, "dvar2": 2.23713097704e-17, "max": 3.11231377389e-16, "mean": -6.05226846417e-09, "median": -2.6981543666e-09, "min": -7.41250758551e-08, "var": 8.2374734979e-17}, "spectral_energy": {"dmean": 0.00541513878852, "dmean2": 0.00846814643592, "dvar": 0.000130167871248, "dvar2": 0.000325680477545, "max": 0.283412575722, "mean": 0.023294556886, "median": 0.010440338403, "min": 1.10585186403e-20, "var": 0.00120918196626}, "spectral_energyband_high": {"dmean": 6.13598240307e-06, "dmean2": 9.28312965698e-06, "dvar": 2.41609443563e-09, "dvar2": 4.627386474e-09, "max": 0.0025348442141, "mean": 8.08279673947e-06, "median": 1.16648084258e-06, "min": 8.46273621301e-21, "var": 3.66064623059e-09}, "spectral_energyband_low": {"dmean": 0.00459974072874, "dmean2": 0.00743255903944, "dvar": 0.000112646710477, "dvar2": 0.000288605166133, "max": 0.247497469187, "mean": 0.0135364728048, "median": 0.00280214380473, "min": 1.15801297277e-22, "var": 0.000862737069838}, "spectral_energyband_middle_high": {"dmean": 0.000246209325269, "dmean2": 0.000340650090948, "dvar": 1.78009622687e-06, "dvar2": 3.72463000531e-06, "max": 0.0461941622198, "mean": 0.000648848013952, "median": 0.000140034215292, "min": 1.41475329533e-21, "var": 3.88088892578e-06}, "spectral_energyband_middle_low": {"dmean": 0.00207191496156, "dmean2": 0.00312332017347, "dvar": 2.5936476959e-05, "dvar2": 6.57798154862e-05, "max": 0.178961485624, "mean": 0.0114739062265, "median": 0.0050792391412, "min": 2.65271859564e-22, "var": 0.000271798664471}, "spectral_entropy": {"dmean": 0.155494093895, "dmean2": 0.239180266857, "dvar": 0.0473612137139, "dvar2": 0.106804482639, "max": 9.80731678009, "mean": 5.92981386185, "median": 6.01229906082, "min": 2.62718081474, "var": 0.481045007706}, "spectral_flux": {"dmean": 0.013347084634, "dmean2": 0.0220290292054, "dvar": 0.000389040185837, "dvar2": 0.000983974314295, "max": 0.32983186841, "mean": 0.0376985818148, "median": 0.0284131448716, "min": 1.05159492225e-10, "var": 0.00130493345205}, "spectral_kurtosis": {"dmean": 10.4671792984, "dmean2": 17.7055892944, "dvar": 197.918121338, "dvar2": 591.594604492, "max": 410.29095459, "mean": 27.1555404663, "median": 19.1261863708, "min": -1.22481548786, "var": 738.775817871}, "spectral_rms": {"dmean": 0.000484363670694, "dmean2": 0.000745944096707, "dvar": 4.84646250243e-07, "dvar2": 1.19180117508e-06, "max": 0.0166282914579, "mean": 0.00374922365882, "median": 0.00319150369614, "min": 3.28463059703e-12, "var": 8.66975642566e-06}, "spectral_rolloff": {"dmean": 77.005531311, "dmean2": 133.978591919, "dvar": 139154.75, "dvar2": 259299.59375, "max": 19853.6132812, "mean": 481.398406982, "median": 366.064453125, "min": 43.06640625, "var": 1134280.375}, "spectral_skewness": {"dmean": 0.685011744499, "dmean2": 1.14866113663, "dvar": 0.437064856291, "dvar2": 1.17640328407, "max": 17.1301555634, "mean": 3.58146452904, "median": 3.17321324348, "min": 0.0239730942994, "var": 2.84081959724}, "spectral_spread": {"dmean": 319283.125, "dmean2": 531349.1875, "dvar": 337282334720, "dvar2": 600115773440, "max": 41201744, "mean": 2210019, "median": 2024722.25, "min": 303035.75, "var": 2469636341760.0}, "spectral_strongpeak": {"dmean": 0.185612723231, "dmean2": 0.304195731878, "dvar": 0.112050682306, "dvar2": 0.274092853069, "max": 5.23825407028, "mean": 0.705866873264, "median": 0.447006970644, "min": 0, "var": 0.497351616621}, "zerocrossingrate": {"dmean": 0.00270346645266, "dmean2": 0.00333487917669, "dvar": 7.69746984588e-05, "dvar2": 8.33912417875e-05, "max": 0.76171875, "mean": 0.0189966782928, "median": 0.015625, "min": 0.00146484375, "var": 0.000968435022514}, "barkbands": {"dmean": [0.000279697153019, 0.003449752694, 0.00121574022342, 0.000850492389873, 0.00114331627265, 0.000272663804935, 0.000138209550641, 0.000238948719925, 0.000153505781782, 0.000115392402222, 0.000123098259792, 1.81122850336e-05, 1.3087037587e-05, 9.86707345874e-06, 1.56948590302e-05, 1.65222154465e-05, 1.05466779132e-05, 9.32031343837e-06, 7.65051572671e-06, 4.70377017336e-06, 2.44760690293e-06, 9.3013835567e-07, 6.21304195647e-07, 3.25822099967e-07, 2.249958726e-07, 8.65888978296e-08, 2.52282514879e-08], "dmean2": [0.000442734948592, 0.00588264828548, 0.00186480139382, 0.00137973786332, 0.00172466179356, 0.000389333727071, 0.000186452802154, 0.000308003131067, 0.000205755757634, 0.000151742264279, 0.000173888503923, 3.08368362312e-05, 2.14468000195e-05, 1.58792445291e-05, 2.60215365415e-05, 2.82747969322e-05, 1.72844102053e-05, 1.39845678859e-05, 1.24704811242e-05, 7.08086008672e-06, 3.5288280742e-06, 1.53273242631e-06, 1.03344996205e-06, 5.52752908334e-07, 3.77660597906e-07, 1.50787542452e-07, 4.64263258948e-08], "dvar": [4.43657711457e-07, 7.22468757886e-05, 1.68396800291e-05, 8.80364677869e-06, 1.28818574012e-05, 4.28679783226e-07, 1.04584337635e-07, 5.44748502307e-07, 3.36108485044e-07, 5.26080953023e-07, 7.67572998939e-07, 1.47054883826e-08, 1.25778987226e-09, 1.10962294908e-09, 2.3690245321e-09, 3.31180216584e-09, 1.20868104414e-09, 5.59739010697e-09, 3.20516324592e-09, 1.25913213189e-09, 1.17604781469e-09, 6.3665878125e-11, 2.80268985103e-11, 4.14111106517e-12, 1.89676291167e-12, 3.30661713288e-13, 6.22041819638e-14], "dvar2": [1.17108470477e-06, 0.000190978258615, 4.22655139118e-05, 2.23056285904e-05, 3.60216799891e-05, 9.34130696351e-07, 2.04469088771e-07, 9.19899207474e-07, 5.66787150547e-07, 9.8958196304e-07, 1.63217112004e-06, 4.17428935862e-08, 3.33939542685e-09, 2.78634160189e-09, 5.53417978111e-09, 9.68964108949e-09, 2.73679701124e-09, 9.69312985433e-09, 7.54137108316e-09, 2.91657986651e-09, 1.84375859025e-09, 1.49747617084e-10, 6.94941604262e-11, 1.16666103861e-11, 5.16670430398e-12, 9.34659684718e-13, 1.79997957186e-13], "max": [0.0131415454671, 0.161537736654, 0.148374035954, 0.128655493259, 0.0991421118379, 0.0275728069246, 0.00811392068863, 0.0284073073417, 0.019773459062, 0.0290553681552, 0.0415091924369, 0.00434734392911, 0.000963200465776, 0.00101090001408, 0.00213407562114, 0.00128693587612, 0.00134276342578, 0.00331989303231, 0.00229265238158, 0.00128551758826, 0.00241122604348, 0.000373615883291, 0.000230653080507, 4.86563694722e-05, 2.71739118034e-05, 1.40383453981e-05, 6.18210060566e-06], "mean": [0.000389057880966, 0.00517259864137, 0.00566063681617, 0.00286251003854, 0.00559175247326, 0.00101478386205, 0.00053426733939, 0.000930561101995, 0.000410012929933, 0.000294779398246, 0.000278499239357, 2.54801070696e-05, 1.84053369594e-05, 1.53536675498e-05, 2.10044436244e-05, 2.40148692683e-05, 1.56134956342e-05, 1.31159749799e-05, 1.06845927803e-05, 5.79643437959e-06, 3.23414178638e-06, 1.10960297661e-06, 6.80718414969e-07, 3.38700544944e-07, 2.10716848414e-07, 7.32397396064e-08, 1.93982092611e-08], "median": [0.000101392244687, 0.00121170282364, 0.000229544108151, 0.00013670916087, 0.00123806053307, 0.000413958128775, 0.000173255713889, 0.000102829384559, 6.07896472502e-05, 2.25478233915e-05, 1.64384255186e-05, 4.64698541691e-06, 6.67604035698e-06, 4.84341944684e-06, 7.38979224479e-06, 7.25615882402e-06, 4.87484976475e-06, 2.65670587396e-06, 2.56426528722e-06, 9.21247590213e-07, 3.96147868287e-07, 1.97522240342e-07, 8.70283614063e-08, 3.53569475919e-08, 1.57953969904e-08, 5.64074653653e-09, 2.80882317405e-09], "min": [2.99318439901e-23, 7.00251756943e-23, 4.97778567601e-24, 1.65030080025e-23, 3.31740528442e-23, 5.33514771246e-23, 4.09698255897e-23, 2.08566082762e-23, 8.23459524109e-23, 6.72834801519e-23, 1.1409307894e-22, 1.08441351249e-22, 9.13731086304e-23, 8.12811416501e-23, 1.19582654694e-22, 1.44699809212e-22, 1.35248674965e-22, 2.46494672857e-22, 1.73849810003e-22, 2.21912454386e-22, 4.56049703204e-22, 7.35234721486e-22, 7.3390221551e-22, 8.15376628082e-22, 1.0720498028e-21, 2.12121481386e-21, 2.6007515694e-21], "var": [6.79182278418e-07, 0.000144722056575, 0.00036270119017, 7.06781938788e-05, 0.000150973777636, 3.05834646497e-06, 7.54743098241e-07, 5.68894483877e-06, 1.36972346354e-06, 1.43199656577e-06, 1.87913872196e-06, 1.15699831937e-08, 1.62644986368e-09, 1.68619473939e-09, 3.43330408548e-09, 4.63456917288e-09, 2.17746887188e-09, 9.72093427976e-09, 3.26087556957e-09, 1.56689883291e-09, 2.1069825884e-09, 7.01331423492e-11, 2.4829189052e-11, 3.11921148632e-12, 1.42218322622e-12, 2.2677313586e-13, 3.5648303157e-14]}, "erbbands": {"dmean": [0.143599078059, 0.663641154766, 1.11696481705, 2.57370495796, 3.04335451126, 3.90517950058, 2.46086406708, 2.37916207314, 2.11784553528, 4.02026939392, 3.42511725426, 4.40240859985, 2.51652240753, 3.80839490891, 4.90613508224, 0.829163432121, 0.655524194241, 0.466842710972, 0.762556135654, 0.762341439724, 0.748364448547, 0.473835259676, 0.426634222269, 0.59168356657, 0.344931989908, 0.219140261412, 0.127846181393, 0.0573626384139, 0.0362966023386, 0.0231821332127, 0.0179224926978, 0.00786624941975, 0.00511101679876, 0.00282333907671, 0.00140052102506, 0.000439859461039, 0.000154881403432, 3.35823388014e-05, 6.23200685368e-06, 5.96346171733e-06], "dmean2": [0.238929212093, 1.16434442997, 1.79065775871, 3.95977473259, 4.99336338043, 5.6018242836, 3.4936413765, 3.4968764782, 2.76310276985, 5.15181779861, 4.67101144791, 5.81887245178, 3.27408289909, 5.05899095535, 6.94280052185, 1.31564712524, 1.0733487606, 0.744509100914, 1.24333906174, 1.27684056759, 1.28315079212, 0.779516398907, 0.627634227276, 0.934776902199, 0.528392195702, 0.331081002951, 0.182106390595, 0.0947172194719, 0.0601210333407, 0.0388052910566, 0.029212590307, 0.0133393416181, 0.00865092687309, 0.00472788279876, 0.00237218290567, 0.000749158149119, 0.000271533819614, 5.98368205829e-05, 1.0852014384e-05, 9.31608883548e-06], "dvar": [0.127362281084, 2.78510022163, 9.63006019592, 96.0402526855, 105.937744141, 117.89541626, 49.8380126953, 27.1492519379, 31.893409729, 171.497619629, 146.336517334, 274.313049316, 150.313079834, 853.186035156, 914.211914062, 25.2620162964, 3.85363578796, 2.71915340424, 7.37849855423, 4.99493980408, 7.147564888, 2.51350522041, 5.98294067383, 47.7253456116, 4.2994890213, 2.4867067337, 3.96334052086, 0.170788004994, 0.105027832091, 0.0310922209173, 0.0421089008451, 0.00238845637068, 0.00106425536796, 0.000323670712532, 0.000111694680527, 8.7796979642e-06, 1.44684520365e-06, 6.45300417546e-08, 1.96829663679e-09, 1.56534785134e-10], "dvar2": [0.315617531538, 7.98561573029, 24.8781261444, 248.882003784, 313.476135254, 287.398376465, 97.7609100342, 66.4336471558, 60.9825630188, 304.745513916, 272.39654541, 465.072418213, 234.053253174, 1812.73034668, 1953.05712891, 66.8067398071, 10.3478002548, 6.82043123245, 16.994726181, 13.1485834122, 21.299036026, 5.98149728775, 8.71020889282, 103.107925415, 9.51758861542, 5.76950120926, 6.02648925781, 0.380504459143, 0.263574123383, 0.0777490362525, 0.102972559631, 0.00654560420662, 0.00298603926785, 0.000879117345903, 0.000305389141431, 2.43575996137e-05, 4.12998360844e-06, 1.83073069593e-07, 5.69441294118e-09, 3.90352111745e-10], "max": [8.30315113068, 33.7488098145, 100.105628967, 383.268890381, 248.850250244, 413.645507812, 418.516601562, 177.560791016, 219.616821289, 540.524169922, 415.382354736, 546.576843262, 519.358581543, 1280.24023438, 1224.85534668, 197.479263306, 60.1845626831, 51.7493247986, 129.708862305, 57.4629821777, 69.6591567993, 54.5780029297, 154.314544678, 325.831573486, 92.82006073, 57.4560394287, 136.059463501, 12.5060815811, 12.7721366882, 6.39008235931, 10.7686424255, 0.904574215412, 0.780149638653, 0.386445015669, 0.318673789501, 0.0699308291078, 0.0360125564039, 0.00570156052709, 0.00119066447951, 0.000307874317514], "mean": [0.198578506708, 1.01254343987, 4.33338499069, 11.7207708359, 10.870306015, 22.3421096802, 10.0958271027, 8.57994365692, 9.58103370667, 15.7609024048, 12.7092313766, 12.3356695175, 7.77414274216, 8.11315917969, 11.8087186813, 1.59375357628, 0.955963432789, 0.767646670341, 1.09102666378, 1.17389523983, 1.11750245094, 0.746886730194, 0.695237874985, 0.780036151409, 0.484447658062, 0.285784959793, 0.171739131212, 0.0764099061489, 0.0432034507394, 0.0279876030982, 0.0191990919411, 0.00828507822007, 0.00517246732488, 0.00273675192147, 0.00130003504455, 0.000409086525906, 0.000130462896777, 2.68008934654e-05, 1.38027025969e-05, 2.56926050497e-05], "median": [0.0424946993589, 0.23721909523, 0.381744414568, 0.843242764473, 1.78576695919, 4.05383062363, 4.88257074356, 3.33304715157, 3.04910182953, 2.93257975578, 2.2636013031, 2.53859233856, 1.13033938408, 0.720768690109, 0.82153826952, 0.310928732157, 0.358474135399, 0.303042113781, 0.405892908573, 0.427994847298, 0.359636634588, 0.23225569725, 0.188293144107, 0.153194770217, 0.107031963766, 0.0523275509477, 0.0220585297793, 0.0126052070409, 0.00760241830721, 0.00466440292075, 0.00224129576236, 0.000974303053226, 0.000483384064864, 0.00023265411437, 9.69403408817e-05, 3.83394144592e-05, 1.42309500006e-05, 2.98040868074e-06, 5.65889376958e-06, 1.16948431241e-05], "min": [3.80553366924e-21, 9.23296253234e-21, 8.57901325021e-21, 4.07146213876e-20, 1.91365843645e-20, 1.21259882738e-19, 2.99852816954e-19, 5.08807014889e-19, 5.26158834297e-19, 6.28090181532e-19, 5.38600302794e-19, 1.89730396422e-18, 1.92701153553e-18, 4.21428214812e-18, 4.44859677305e-18, 3.8776072311e-18, 4.65137182842e-18, 4.8903521656e-18, 6.00983028249e-18, 4.66258591598e-18, 8.64259479819e-18, 8.28322866261e-18, 1.22887970122e-17, 8.79312843479e-18, 1.31719777522e-17, 9.58385437056e-18, 1.87494299751e-17, 1.7034806988e-17, 2.65768333166e-17, 2.04939141823e-17, 2.11666204699e-17, 1.77064280146e-17, 1.35064771842e-17, 7.64519695919e-18, 9.98974031661e-18, 7.59032345171e-18, 3.87907837182e-18, 1.51703342359e-18, 4.01767594727e-19, 3.64113241107e-20], "var": [0.253432899714, 4.86955499649, 158.042358398, 1305.3404541, 560.116455078, 2535.74707031, 303.445037842, 196.819946289, 311.560821533, 1829.23706055, 805.778991699, 1104.08312988, 833.774475098, 1567.37207031, 2487.72192383, 30.9061641693, 4.55390024185, 4.04968500137, 10.8663549423, 7.45441389084, 9.03873157501, 4.4349732399, 14.7552919388, 50.2968139648, 5.91456127167, 2.99268317223, 7.27430820465, 0.238259837031, 0.100561402738, 0.0282445624471, 0.0374290496111, 0.00184914073907, 0.000792452832684, 0.000245354021899, 8.0022997281e-05, 6.26145947535e-06, 9.43906968587e-07, 4.01708675213e-08, 1.40116984682e-09, 1.44384348921e-09]}, "gfcc": {"mean": [-204.311569214, 185.35949707, -97.9908981323, 16.9776630402, -38.5500183105, -16.5974826813, -19.8645477295, -0.28683245182, -4.16194581985, -7.7917714119, -2.28337049484, -5.99752140045, 2.3591864109], "cov": [[19593.2519531, 2545.96411133, -1772.5769043, 996.133850098, -610.923339844, 31.6557826996, -570.719848633, -385.085357666, -595.915222168, -648.929382324, -294.993682861, -249.707015991, 146.646835327], [2545.96411133, 1336.97973633, 118.579162598, 79.0004882812, 117.229316711, -153.454574585, -15.9477405548, -193.325119019, -38.908946991, -191.818145752, -66.5140838623, -161.721572876, -17.0572528839], [-1772.5769043, 118.579162598, 1552.90771484, 311.634979248, 405.147125244, 191.15914917, 125.646820068, -26.8650341034, 7.60721540451, -91.6577377319, -113.810806274, -146.822662354, -174.848419189], [996.133850098, 79.0004882812, 311.634979248, 521.792053223, 287.128753662, 225.890090942, -10.3997364044, -77.7930603027, -92.0009078979, -88.5546188354, -64.3014373779, -22.7447795868, 19.2522792816], [-610.923339844, 117.229316711, 405.147125244, 287.128753662, 431.672210693, 187.93977356, 43.9309387207, -114.681159973, -67.0204925537, -89.4570541382, -44.4078636169, -6.04652738571, 8.94140625], [31.6557826996, -153.454574585, 191.15914917, 225.890090942, 187.93977356, 335.409881592, 89.595489502, 0.610831677914, -52.4332122803, -34.2760696411, -41.1539878845, 37.61353302, 36.626411438], [-570.719848633, -15.9477405548, 125.646820068, -10.3997364044, 43.9309387207, 89.595489502, 189.809127808, 75.6202774048, 43.3408699036, 10.8463363647, 3.08629393578, -26.4431991577, 10.7868700027], [-385.085357666, -193.325119019, -26.8650341034, -77.7930603027, -114.681159973, 0.610831677914, 75.6202774048, 224.415893555, 141.742660522, 100.68724823, 34.5131950378, -6.43871593475, -37.1917953491], [-595.915222168, -38.908946991, 7.60721540451, -92.0009078979, -67.0204925537, -52.4332122803, 43.3408699036, 141.742660522, 226.242263794, 126.243911743, 60.1050262451, -6.1358089447, -39.6908378601], [-648.929382324, -191.818145752, -91.6577377319, -88.5546188354, -89.4570541382, -34.2760696411, 10.8463363647, 100.68724823, 126.243911743, 180.779067993, 85.4207305908, 22.7972660065, -17.9275455475], [-294.993682861, -66.5140838623, -113.810806274, -64.3014373779, -44.4078636169, -41.1539878845, 3.08629393578, 34.5131950378, 60.1050262451, 85.4207305908, 115.008460999, 54.5207557678, 0.442723542452], [-249.707015991, -161.721572876, -146.822662354, -22.7447795868, -6.04652738571, 37.61353302, -26.4431991577, -6.43871593475, -6.1358089447, 22.7972660065, 54.5207557678, 140.938873291, 78.2730789185], [146.646835327, -17.0572528839, -174.848419189, 19.2522792816, 8.94140625, 36.626411438, 10.7868700027, -37.1917953491, -39.6908378601, -17.9275455475, 0.442723542452, 78.2730789185, 152.954818726]], "icov": [[0.000276855018456, -0.000616418372374, 0.000325961940689, -0.000856813392602, 0.00108891201671, -0.000661138445139, 0.000641874794383, -0.000344106956618, 0.000331215007463, 0.000491675571539, -0.000189908081666, 0.000249332224485, 0.000128541141748], [-0.000616418372374, 0.00279843225144, -0.00065416819416, 0.00173349922989, -0.00250552990474, 0.00196742103435, -0.00154204491992, 0.00203586323187, -0.00213057151996, 0.000919817539398, -0.000741459720302, 0.00148024747614, -0.000984208658338], [0.000325961940689, -0.00065416819416, 0.00159800390247, -0.00136096589267, 0.0004523905518, -0.00056965474505, -0.000151686035679, -8.98457365111e-05, -9.06498189579e-06, 0.000574937381316, 0.000848235678859, 5.74885052629e-06, 0.00177102326415], [-0.000856813392602, 0.00173349922989, -0.00136096589267, 0.00721762981266, -0.0053176721558, -0.000837122497614, 0.00125382060651, -0.00032885876135, -0.000413396948716, -0.000822417030577, -0.00107806641608, 0.00236316164955, -0.00251639587805], [0.00108891201671, -0.00250552990474, 0.0004523905518, -0.0053176721558, 0.0101639004424, -0.00385676580481, 0.000974633207079, 0.00195492012426, -9.57067750278e-05, 0.00277389865369, -0.00120988092385, -0.00011363599333, 0.000960993522312], [-0.000661138445139, 0.00196742103435, -0.00056965474505, -0.000837122497614, -0.00385676580481, 0.00955375470221, -0.00629427097738, 0.000569066440221, 0.00062874192372, -0.00288159260526, 0.00489652575925, -0.00580768287182, 0.001610698062], [0.000641874794383, -0.00154204491992, -0.000151686035679, 0.00125382060651, 0.000974633207079, -0.00629427097738, 0.0134794777259, -0.00556908594444, 0.000443268450908, 0.00383005966432, -0.00630116928369, 0.00840765796602, -0.00569346500561], [-0.000344106956618, 0.00203586323187, -8.98457365111e-05, -0.00032885876135, 0.00195492012426, 0.000569066440221, -0.00556908594444, 0.0131503269076, -0.00665825931355, -0.00111363839824, 0.00211188173853, -0.00133237650152, 0.00265282625332], [0.000331215007463, -0.00213057151996, -9.06498189579e-06, -0.000413396948716, -9.57067750278e-05, 0.00062874192372, 0.000443268450908, -0.00665825931355, 0.0123772229999, -0.00599337322637, 0.000197262372239, -0.00140560034197, 0.000919374811929], [0.000491675571539, 0.000919817539398, 0.000574937381316, -0.000822417030577, 0.00277389865369, -0.00288159260526, 0.00383005966432, -0.00111363839824, -0.00599337322637, 0.017623545602, -0.0107431616634, 0.00626116013154, -0.00228371121921], [-0.000189908081666, -0.000741459720302, 0.000848235678859, -0.00107806641608, -0.00120988092385, 0.00489652575925, -0.00630116928369, 0.00211188173853, 0.000197262372239, -0.0107431616634, 0.0233730617911, -0.0141074331477, 0.00700452551246], [0.000249332224485, 0.00148024747614, 5.74885052629e-06, 0.00236316164955, -0.00011363599333, -0.00580768287182, 0.00840765796602, -0.00133237650152, -0.00140560034197, 0.00626116013154, -0.0141074331477, 0.0234369505197, -0.0114680919796], [0.000128541141748, -0.000984208658338, 0.00177102326415, -0.00251639587805, 0.000960993522312, 0.001610698062, -0.00569346500561, 0.00265282625332, 0.000919374811929, -0.00228371121921, 0.00700452551246, -0.0114680919796, 0.0150701459497]]}, "melbands": {"dmean": [0.00108015967999, 0.000650684698485, 0.000413151778048, 0.000277050887235, 9.96463131742e-05, 5.20536123076e-05, 3.12097217829e-05, 4.80432754557e-05, 2.68268468062e-05, 2.59692114923e-05, 1.20806371342e-05, 1.54273984663e-05, 1.73608714249e-05, 4.60839873995e-06, 1.51919573455e-06, 1.09590143893e-06, 9.63928300735e-07, 1.25300550735e-06, 8.54665586303e-07, 1.41341456583e-06, 7.81619462487e-07, 4.78195431697e-07, 5.41468295978e-07, 5.09825952122e-07, 4.9686229886e-07, 2.59274088421e-07, 2.13697902041e-07, 1.3684375233e-07, 1.1145721146e-07, 3.91388681464e-08, 3.47528121836e-08, 2.28379466449e-08, 1.44192995322e-08, 1.22290693128e-08, 1.15062119832e-08, 6.11701977959e-09, 4.66875249572e-09, 3.69208397188e-09, 3.2573612696e-09, 2.06111772094e-09], "dmean2": [0.00181790115312, 0.00106994644739, 0.000644019804895, 0.000425962847658, 0.00013692790526, 7.50071558286e-05, 4.08635278291e-05, 6.13902811892e-05, 3.74402043235e-05, 3.4375301766e-05, 1.59363153216e-05, 2.05801316042e-05, 2.44036982622e-05, 6.94255459166e-06, 2.57806300397e-06, 1.78953746399e-06, 1.55166935656e-06, 2.04067646337e-06, 1.4338758092e-06, 2.38966595134e-06, 1.3438653923e-06, 8.03305965746e-07, 8.64283379087e-07, 7.39552433515e-07, 7.97391919605e-07, 4.07912409628e-07, 3.2424230767e-07, 2.08385458222e-07, 1.5143160681e-07, 6.64903936354e-08, 5.65234543615e-08, 3.72856447939e-08, 2.47686511301e-08, 2.0643950549e-08, 1.88222042397e-08, 1.02623305409e-08, 8.11200706607e-09, 6.30586471928e-09, 5.46850875693e-09, 3.49355966378e-09], "dvar": [7.16398517397e-06, 2.34794788412e-06, 1.98502448256e-06, 9.35494369969e-07, 5.80938213091e-08, 1.37578153314e-08, 6.46034026275e-09, 2.49542981834e-08, 8.92003892972e-09, 1.02964614612e-08, 3.67158148329e-09, 1.4950140681e-08, 1.50828718404e-08, 6.54874821038e-10, 6.27309870715e-11, 9.00259380932e-12, 1.24467667076e-11, 1.7386918294e-11, 6.20600576137e-12, 2.2272459918e-11, 7.57790098033e-12, 2.31184125662e-12, 4.19225721845e-12, 1.79389732236e-11, 3.92817445238e-11, 2.43193464498e-12, 2.88546356947e-12, 1.41150231694e-12, 4.14959516401e-12, 7.23716537545e-14, 8.37329405573e-14, 5.30275557622e-14, 1.18381909161e-14, 9.26218076438e-15, 1.83389544869e-14, 2.33382479737e-15, 9.85588690942e-16, 5.9836816144e-16, 4.08432113856e-16, 1.92712502471e-16], "dvar2": [1.83550528163e-05, 6.32709179627e-06, 5.16138061357e-06, 2.60156821241e-06, 1.1498134711e-07, 3.21532276359e-08, 1.21247278884e-08, 4.29430677684e-08, 1.6857327978e-08, 1.72278067367e-08, 5.68998714812e-09, 3.10993080177e-08, 3.19647419644e-08, 1.52019397071e-09, 1.80941497896e-10, 2.32032795755e-11, 3.14523546097e-11, 4.08266996599e-11, 1.53139549652e-11, 6.29879690073e-11, 2.25446328272e-11, 6.01071232717e-12, 8.48647801338e-12, 2.58800220837e-11, 8.55896742369e-11, 5.68849481408e-12, 6.23776117564e-12, 3.30614225233e-12, 6.17365490327e-12, 1.81782784355e-13, 1.86724266149e-13, 1.19125006083e-13, 3.24989601203e-14, 2.30766198251e-14, 4.5148817817e-14, 5.86141166731e-15, 2.74468829283e-15, 1.67466036969e-15, 1.11461425518e-15, 5.2777590622e-16], "max": [0.053902938962, 0.0385197773576, 0.0525060035288, 0.0284549221396, 0.0116791743785, 0.00420370418578, 0.00296194362454, 0.00672434922308, 0.00313500361517, 0.00323228840716, 0.00256501417607, 0.00535358441994, 0.00581025658175, 0.000780045578722, 0.00030264412635, 5.88489965594e-05, 0.000116604831419, 0.000191501181689, 8.21628200356e-05, 0.000123129648273, 7.64533906477e-05, 3.7784637243e-05, 9.05823690118e-05, 0.000268321135081, 0.000298159779049, 5.79483348702e-05, 9.12531322683e-05, 4.81353927171e-05, 0.000141814685776, 1.01680971056e-05, 1.06802381197e-05, 1.20256117953e-05, 3.24103029925e-06, 3.77705305254e-06, 6.99488600731e-06, 2.16431726585e-06, 7.20781258678e-07, 6.15399358139e-07, 3.53239101969e-07, 3.20580994639e-07], "mean": [0.00158621941227, 0.00205725082196, 0.00179495639168, 0.00140449393075, 0.000458223657915, 0.000192111561773, 0.000135765862069, 0.000188866164535, 9.35113275773e-05, 7.16079593985e-05, 3.62609389413e-05, 3.18262682413e-05, 3.89784399886e-05, 1.07161886262e-05, 1.96560881704e-06, 1.5441934238e-06, 1.486952101e-06, 1.74201215941e-06, 1.19485491723e-06, 2.02827004614e-06, 1.09675909243e-06, 7.07461538241e-07, 7.69961275182e-07, 7.34098193789e-07, 6.14691145984e-07, 3.50521503378e-07, 2.81638278921e-07, 1.68496157471e-07, 1.42806754866e-07, 4.84724900218e-08, 4.18412255954e-08, 2.63368100661e-08, 1.68562248604e-08, 1.42976102069e-08, 1.21084307025e-08, 6.38231556493e-09, 4.66162131119e-09, 3.73349617888e-09, 3.04737790557e-09, 1.97073446451e-09], "median": [0.00036788455327, 0.000289223535219, 0.000200208378374, 0.000245823001023, 0.000187274548807, 7.21583055565e-05, 3.95724091504e-05, 3.04409459204e-05, 1.74214710569e-05, 1.15754983199e-05, 3.77300580112e-06, 1.92559923562e-06, 2.50071775554e-06, 1.09553207039e-06, 6.25271582066e-07, 5.7667892861e-07, 4.88278544708e-07, 6.33855108845e-07, 4.68964941547e-07, 6.57154430428e-07, 3.3682385947e-07, 2.24118380743e-07, 1.75970939154e-07, 1.41581210755e-07, 1.11561639926e-07, 8.23566139729e-08, 5.04000396973e-08, 2.78201479631e-08, 1.37634934561e-08, 9.43583611246e-09, 6.15813755545e-09, 4.39388747608e-09, 3.08728798082e-09, 2.24999285869e-09, 1.40011702232e-09, 7.50078499312e-10, 4.97837604474e-10, 3.41840472595e-10, 2.45591047499e-10, 1.63726560087e-10], "min": [2.82786155693e-23, 6.14444469051e-24, 5.5593749561e-24, 3.67001285619e-24, 1.11497426795e-23, 1.13963784637e-23, 7.88777601509e-24, 6.28776217876e-24, 3.64317659706e-24, 1.35613267543e-23, 8.63258140534e-24, 1.58633175391e-23, 1.51356580406e-23, 1.42646293835e-23, 6.22507100819e-24, 1.13310292264e-23, 8.35096752851e-24, 8.56235937414e-24, 8.09971454133e-24, 6.01406807099e-24, 1.18517618319e-23, 8.29848382362e-24, 8.42390955211e-24, 1.26028189448e-23, 5.59493167812e-24, 9.47497283387e-24, 9.99250660846e-24, 4.93401888413e-24, 1.00575829e-23, 1.30013049314e-23, 8.71189426961e-24, 1.46763358899e-23, 1.436592859e-23, 1.07781355506e-23, 1.10198717198e-23, 1.44844170757e-23, 9.32722707493e-24, 1.03453230706e-23, 6.30146982028e-24, 6.2704636424e-24], "var": [1.46248548845e-05, 2.62813900918e-05, 2.61243185378e-05, 1.24182133732e-05, 4.61253591766e-07, 1.11094372812e-07, 6.17049025209e-08, 2.82089899883e-07, 4.21101340464e-08, 4.29589377404e-08, 2.03047854086e-08, 2.85563448443e-08, 3.71352157913e-08, 1.73420677818e-09, 4.64253670229e-11, 1.11949251952e-11, 1.8976972771e-11, 2.48656061019e-11, 8.38455693764e-12, 3.38405692357e-11, 8.8260978387e-12, 3.29931546493e-12, 8.43758483221e-12, 4.12114613269e-11, 4.01027058783e-11, 3.04216374314e-12, 4.17646516329e-12, 1.65010344798e-12, 7.71778474462e-12, 1.01127622715e-13, 9.59678164844e-14, 6.29855596932e-14, 8.79119825846e-15, 8.42294560244e-15, 1.61483002805e-14, 2.01046149943e-15, 7.35578022714e-16, 4.50060156853e-16, 3.14827905753e-16, 1.4007657811e-16]}, "mfcc": {"mean": [-836.077514648, 195.307617188, 12.4606657028, 32.4234390259, 9.63833713531, -6.51438713074, -3.92238855362, 1.06425750256, 2.03472232819, 3.79168081284, 0.662671625614, -1.55768716335, 3.67025732994], "cov": [[9223.64257812, 3308.99658203, -804.391113281, 831.148681641, 6.27598142624, 204.283538818, 15.4584054947, 206.243988037, -103.497047424, -365.082305908, -472.013000488, -427.485076904, -208.12272644], [3308.99658203, 2124.1784668, -10.1807765961, 371.715515137, 135.146087646, 54.1029319763, 26.6964511871, 29.0675849915, -40.3477249146, -131.768112183, -191.868621826, -211.479324341, -113.303825378], [-804.391113281, -10.1807765961, 805.847473145, 163.465072632, 110.155105591, 140.065490723, 60.8996391296, 58.3768768311, 56.3440361023, 75.6706085205, 73.3523178101, 69.4452209473, -4.36882400513], [831.148681641, 371.715515137, 163.465072632, 376.306030273, 178.096008301, 162.037902832, 75.2850189209, 66.8893508911, 7.56713056564, -43.6695709229, -57.5496406555, -53.5517044067, -22.7474250793], [6.27598142624, 135.146087646, 110.155105591, 178.096008301, 284.753692627, 195.395675659, 100.599105835, 46.051410675, -4.42497253418, -55.7553024292, -56.6431770325, -44.1654815674, -29.7395000458], [204.283538818, 54.1029319763, 140.065490723, 162.037902832, 195.395675659, 320.221405029, 179.263214111, 104.447189331, 34.055015564, -66.7954864502, -97.5983734131, -58.3998260498, -35.5519447327], [15.4584054947, 26.6964511871, 60.8996391296, 75.2850189209, 100.599105835, 179.263214111, 201.727294922, 101.593788147, 34.7620201111, -25.9147758484, -79.8111953735, -64.1810073853, -34.3022537231], [206.243988037, 29.0675849915, 58.3768768311, 66.8893508911, 46.051410675, 104.447189331, 101.593788147, 154.53163147, 73.9738693237, -11.3560609818, -29.7503986359, -33.2891731262, -33.6384925842], [-103.497047424, -40.3477249146, 56.3440361023, 7.56713056564, -4.42497253418, 34.055015564, 34.7620201111, 73.9738693237, 124.800193787, 65.5868453979, 13.4036817551, -0.871340870857, -15.2377347946], [-365.082305908, -131.768112183, 75.6706085205, -43.6695709229, -55.7553024292, -66.7954864502, -25.9147758484, -11.3560609818, 65.5868453979, 168.905090332, 121.533279419, 50.9905891418, 19.913772583], [-472.013000488, -191.868621826, 73.3523178101, -57.5496406555, -56.6431770325, -97.5983734131, -79.8111953735, -29.7503986359, 13.4036817551, 121.533279419, 199.078567505, 131.194274902, 52.07188797], [-427.485076904, -211.479324341, 69.4452209473, -53.5517044067, -44.1654815674, -58.3998260498, -64.1810073853, -33.2891731262, -0.871340870857, 50.9905891418, 131.194274902, 176.212615967, 97.1965408325], [-208.12272644, -113.303825378, -4.36882400513, -22.7474250793, -29.7395000458, -35.5519447327, -34.3022537231, -33.6384925842, -15.2377347946, 19.913772583, 52.07188797, 97.1965408325, 122.224716187]], "icov": [[0.000712313922122, -0.000936004798859, 0.000984337530099, -0.00125111313537, 0.00152753375005, -0.00143732095603, 0.00147711962927, -0.00168865022715, 0.00149034813512, -0.00110922357999, 0.00115093879867, -0.000937559059821, 0.000672730617225], [-0.000936004798859, 0.00190214090981, -0.00129257666413, 0.000913178024348, -0.0020173098892, 0.00229577021673, -0.00186385062989, 0.00228482764214, -0.00198430032469, 0.00167815911118, -0.00131731294096, 0.00169667426962, -0.000732912681997], [0.000984337530099, -0.00129257666413, 0.0030895343516, -0.0023775883019, 0.00204156874679, -0.00273258960806, 0.00214590784162, -0.00252772565, 0.0023384722881, -0.00276764598675, 0.00190844887402, -0.00289882184006, 0.00198892597109], [-0.00125111313537, 0.000913178024348, -0.0023775883019, 0.00741851888597, -0.00468230433762, 0.00120422081091, -0.00131739245262, 0.00126018200535, -0.00185047916602, 0.00149118399713, -0.00208691647276, 0.00278135598637, -0.00259644864127], [0.00152753375005, -0.0020173098892, 0.00204156874679, -0.00468230433762, 0.0106770964339, -0.00676101073623, 0.00248400541022, -0.00205214461312, 0.00338800367899, -0.000942856422625, 0.000672744587064, -0.00132778624538, 0.00204149610363], [-0.00143732095603, 0.00229577021673, -0.00273258960806, 0.00120422081091, -0.00676101073623, 0.0136281382293, -0.00912946648896, 0.00350110814907, -0.00548936519772, 0.00515711121261, -0.0013713715598, 0.00106656819116, -0.00126092555001], [0.00147711962927, -0.00186385062989, 0.00214590784162, -0.00131739245262, 0.00248400541022, -0.00912946648896, 0.0176118258387, -0.0110063208267, 0.00771248573437, -0.00861047580838, 0.00786644592881, -0.00180864601862, 0.000932724389713], [-0.00168865022715, 0.00228482764214, -0.00252772565, 0.00126018200535, -0.00205214461312, 0.00350110814907, -0.0110063208267, 0.0214042253792, -0.0153730679303, 0.0115748997778, -0.00966597907245, 0.0050036367029, -0.0009556117584], [0.00149034813512, -0.00198430032469, 0.0023384722881, -0.00185047916602, 0.00338800367899, -0.00548936519772, 0.00771248573437, -0.0153730679303, 0.0243549570441, -0.0169377438724, 0.0117503926158, -0.00739801954478, 0.00427166931331], [-0.00110922357999, 0.00167815911118, -0.00276764598675, 0.00149118399713, -0.000942856422625, 0.00515711121261, -0.00861047580838, 0.0115748997778, -0.0169377438724, 0.0254655648023, -0.019519161433, 0.011216647923, -0.00497937761247], [0.00115093879867, -0.00131731294096, 0.00190844887402, -0.00208691647276, 0.000672744587064, -0.0013713715598, 0.00786644592881, -0.00966597907245, 0.0117503926158, -0.019519161433, 0.0277015920728, -0.0182483885437, 0.00708564650267], [-0.000937559059821, 0.00169667426962, -0.00289882184006, 0.00278135598637, -0.00132778624538, 0.00106656819116, -0.00180864601862, 0.0050036367029, -0.00739801954478, 0.011216647923, -0.0182483885437, 0.0259657856077, -0.0143770407885], [0.000672730617225, -0.000732912681997, 0.00198892597109, -0.00259644864127, 0.00204149610363, -0.00126092555001, 0.000932724389713, -0.0009556117584, 0.00427166931331, -0.00497937761247, 0.00708564650267, -0.0143770407885, 0.0181224700063]]}, "spectral_contrast_coeffs": {"dmean": [0.0398812443018, 0.0343210287392, 0.0314595960081, 0.0262742489576, 0.0191287007183, 0.0132290069014], "dmean2": [0.0662765055895, 0.0552319660783, 0.0500672198832, 0.0434678904712, 0.0311804953963, 0.0223532374948], "dvar": [0.0011111482745, 0.00105321768206, 0.000810599711258, 0.000470513361506, 0.000295999605441, 0.000158870476298], "dvar2": [0.00301326112822, 0.00269553414546, 0.00184910290409, 0.00126550835557, 0.000713525572792, 0.000418429088313], "max": [-0.2841116786, -0.393747955561, -0.35103058815, -0.546863555908, -0.575146615505, -0.638054966927], "mean": [-0.654327750206, -0.657534599304, -0.705276727676, -0.768017888069, -0.791619300842, -0.792317092419], "median": [-0.661644876003, -0.657179355621, -0.70601940155, -0.770419538021, -0.790208756924, -0.785362839699], "min": [-0.956829547882, -0.960408627987, -0.970166683197, -0.957959651947, -0.961113631725, -0.960257709026], "var": [0.0180949661881, 0.00743002537638, 0.00804509781301, 0.00352966529317, 0.00251017953269, 0.00138608296402]}, "spectral_contrast_valleys": {"dmean": [0.366173267365, 0.328974246979, 0.312099158764, 0.248064175248, 0.198956131935, 0.237841829658], "dmean2": [0.605935871601, 0.541422843933, 0.518048167229, 0.408063679934, 0.322765499353, 0.361767500639], "dvar": [0.125668779016, 0.163092672825, 0.152001664042, 0.111847624183, 0.1142708