{"lowlevel": {"average_loudness": 0.410978645086, "barkbands_crest": {"dmean": 1.93805742264, "dmean2": 2.97420477867, "dvar": 3.37617659569, "dvar2": 8.05428028107, "max": 25.90558815, "mean": 11.4796257019, "median": 10.7982130051, "min": 2.86978077888, "var": 16.4093551636}, "barkbands_flatness_db": {"dmean": 0.0220938660204, "dmean2": 0.0324722789228, "dvar": 0.000591628369875, "dvar2": 0.00120131520089, "max": 0.493493855, "mean": 0.232536941767, "median": 0.22638040781, "min": 0.037705603987, "var": 0.00407461216673}, "barkbands_kurtosis": {"dmean": 2.07929801941, "dmean2": 3.1771941185, "dvar": 18.8596744537, "dvar2": 38.5261306763, "max": 176.183563232, "mean": 3.41587328911, "median": 1.4533457756, "min": -1.85541176796, "var": 70.8852539062}, "barkbands_skewness": {"dmean": 0.435541421175, "dmean2": 0.641337871552, "dvar": 0.23225261271, "dvar2": 0.488733679056, "max": 10.0268068314, "mean": 0.99328237772, "median": 0.984046280384, "min": -11.2052125931, "var": 1.65620779991}, "barkbands_spread": {"dmean": 2.2976372242, "dmean2": 3.579174757, "dvar": 13.7738170624, "dvar2": 32.2910079956, "max": 126.660079956, "mean": 11.0691337585, "median": 9.21991062164, "min": 0.416714578867, "var": 67.8449783325}, "dissonance": {"dmean": 0.0346787422895, "dmean2": 0.0580916143954, "dvar": 0.00116984162014, "dvar2": 0.00325399497524, "max": 0.500000119209, "mean": 0.412462592125, "median": 0.425175189972, "min": 0.142021745443, "var": 0.00323405093513}, "dynamic_complexity": 5.05895376205, "erbbands_crest": {"dmean": 2.59797644615, "dmean2": 3.84936523438, "dvar": 7.23365831375, "dvar2": 14.0215988159, "max": 34.3526496887, "mean": 13.5266075134, "median": 11.6369094849, "min": 2.76505327225, "var": 39.8570289612}, "erbbands_flatness_db": {"dmean": 0.0229905601591, "dmean2": 0.0327529013157, "dvar": 0.000721064396203, "dvar2": 0.00141827983316, "max": 0.499989002943, "mean": 0.260278463364, "median": 0.255016714334, "min": 0.0469344295561, "var": 0.00467276806012}, "erbbands_kurtosis": {"dmean": 1.6785197258, "dmean2": 2.44322276115, "dvar": 10.4345312119, "dvar2": 20.6791191101, "max": 117.128265381, "mean": 2.31859350204, "median": 0.890655755997, "min": -1.86049616337, "var": 28.1529464722}, "erbbands_skewness": {"dmean": 0.422999948263, "dmean2": 0.604760825634, "dvar": 0.196600317955, "dvar2": 0.394965201616, "max": 4.60773944855, "mean": 0.0648315101862, "median": 0.262015968561, "min": -7.67019414902, "var": 1.54296052456}, "erbbands_spread": {"dmean": 3.23882651329, "dmean2": 4.97715950012, "dvar": 22.2927742004, "dvar2": 55.2877616882, "max": 95.3486404419, "mean": 15.7873497009, "median": 14.8748350143, "min": 0.478862702847, "var": 60.8953552246}, "hfc": {"dmean": 4.74184942245, "dmean2": 6.42404603958, "dvar": 108.440193176, "dvar2": 197.165130615, "max": 300.419921875, "mean": 14.7690763474, "median": 7.29064178467, "min": 1.07997382372e-16, "var": 487.896636963}, "melbands_crest": {"dmean": 1.96881985664, "dmean2": 3.08486819267, "dvar": 4.03488731384, "dvar2": 9.88355350494, "max": 35.0203018188, "mean": 13.0747737885, "median": 12.269159317, "min": 1.00102901459, "var": 20.9593143463}, "melbands_flatness_db": {"dmean": 0.022697435692, "dmean2": 0.0335260368884, "dvar": 0.000702395918779, "dvar2": 0.00141469016671, "max": 0.648591816425, "mean": 0.329179257154, "median": 0.322312712669, "min": -2.93373716431e-07, "var": 0.00514338864014}, "melbands_kurtosis": {"dmean": 2.45780992508, "dmean2": 3.81621551514, "dvar": 23.4849262238, "dvar2": 56.3094749451, "max": 122.897994995, "mean": 4.57414865494, "median": 2.38389730453, "min": -1.8511184454, "var": 80.7720870972}, "melbands_skewness": {"dmean": 0.408657938242, "dmean2": 0.607179641724, "dvar": 0.211766943336, "dvar2": 0.484146207571, "max": 9.09477329254, "mean": 1.39346563816, "median": 1.28733634949, "min": -3.53847265244, "var": 1.36215174198}, "melbands_spread": {"dmean": 2.79303455353, "dmean2": 4.13658809662, "dvar": 14.9218797684, "dvar2": 27.8250904083, "max": 153.325210571, "mean": 15.1320257187, "median": 11.5775175095, "min": 0.542491614819, "var": 125.551063538}, "pitch_salience": {"dmean": 0.0530012920499, "dmean2": 0.0811108797789, "dvar": 0.00248376443051, "dvar2": 0.00581337092444, "max": 0.996053874493, "mean": 0.506419420242, "median": 0.514026284218, "min": 0.0660334974527, "var": 0.0125995650887}, "silence_rate_20dB": {"dmean": 0, "dmean2": 0, "dvar": 0, "dvar2": 0, "max": 1, "mean": 1, "median": 1, "min": 1, "var": 0}, "silence_rate_30dB": {"dmean": 0.0117508815601, "dmean2": 0.0235052146018, "dvar": 0.0116122262552, "dvar2": 0.0270655360073, "max": 1, "mean": 0.987222790718, "median": 1, "min": 0, "var": 0.0126139475033}, "silence_rate_60dB": {"dmean": 0.0232079904526, "dmean2": 0.0464228019118, "dvar": 0.0226674638689, "dvar2": 0.0498552545905, "max": 1, "mean": 0.123806729913, "median": 0, "min": 0, "var": 0.10847350955}, "spectral_centroid": {"dmean": 78.4320907593, "dmean2": 113.675491333, "dvar": 18615.5214844, "dvar2": 28121.5859375, "max": 11238.5302734, "mean": 672.85345459, "median": 586.987792969, "min": 143.343017578, "var": 115676.960938}, "spectral_complexity": {"dmean": 1.54377198219, "dmean2": 2.48420739174, "dvar": 2.49160218239, "dvar2": 5.54165267944, "max": 33, "mean": 11.8106918335, "median": 12, "min": 0, "var": 25.8210964203}, "spectral_decrease": {"dmean": 1.29298083351e-09, "dmean2": 1.82049919584e-09, "dvar": 6.88854631515e-18, "dvar2": 1.36016236341e-17, "max": 9.42328177227e-16, "mean": -5.83290038492e-09, "median": -4.05295086381e-09, "min": -6.70084219223e-08, "var": 3.57729542196e-17}, "spectral_energy": {"dmean": 0.00527414865792, "dmean2": 0.00739030586556, "dvar": 0.00011330365669, "dvar2": 0.00022126105614, "max": 0.25898501277, "mean": 0.0233543105423, "median": 0.0160594005138, "min": 1.01531880391e-20, "var": 0.000589787086938}, "spectral_energyband_high": {"dmean": 5.64662004763e-05, "dmean2": 9.4427865406e-05, "dvar": 3.27958389335e-08, "dvar2": 8.8604956261e-08, "max": 0.00236651883461, "mean": 5.45234324818e-05, "median": 8.3404020188e-06, "min": 7.35286016377e-21, "var": 2.55052707843e-08}, "spectral_energyband_low": {"dmean": 0.00104284833651, "dmean2": 0.00165307288989, "dvar": 6.02257296123e-06, "dvar2": 1.45454823723e-05, "max": 0.0704781115055, "mean": 0.00457298988476, "median": 0.00154200335965, "min": 9.80324262676e-23, "var": 4.05421305913e-05}, "spectral_energyband_middle_high": {"dmean": 0.00275078811683, "dmean2": 0.00366653455421, "dvar": 4.86497847305e-05, "dvar2": 8.70776129887e-05, "max": 0.20735411346, "mean": 0.00689562875777, "median": 0.00171849865001, "min": 1.44690176273e-21, "var": 0.000201025395654}, "spectral_energyband_middle_low": {"dmean": 0.00292658084072, "dmean2": 0.00443538092077, "dvar": 5.4774536693e-05, "dvar2": 0.000121750730614, "max": 0.251747667789, "mean": 0.0122126489878, "median": 0.00956639461219, "min": 3.80436337831e-22, "var": 0.000171025909367}, "spectral_entropy": {"dmean": 0.20234644413, "dmean2": 0.309016942978, "dvar": 0.0631201937795, "dvar2": 0.141738325357, "max": 9.80675697327, "mean": 6.36360788345, "median": 6.33711433411, "min": 4.64211606979, "var": 0.257489353418}, "spectral_flux": {"dmean": 0.0156363528222, "dmean2": 0.0249900538474, "dvar": 0.000540903245565, "dvar2": 0.00126336293761, "max": 0.353742569685, "mean": 0.0449599139392, "median": 0.0364471822977, "min": 1.00763029864e-10, "var": 0.00117746449541}, "spectral_kurtosis": {"dmean": 10.9259414673, "dmean2": 18.1750049591, "dvar": 192.939910889, "dvar2": 484.897949219, "max": 385.178924561, "mean": 31.1071872711, "median": 22.6277732849, "min": -1.16298890114, "var": 889.140686035}, "spectral_rms": {"dmean": 0.000459614850115, "dmean2": 0.000646085478365, "dvar": 4.22317611992e-07, "dvar2": 7.89226021425e-07, "max": 0.01589554362, "mean": 0.00420849723741, "median": 0.00395824527368, "min": 3.14730836878e-12, "var": 5.073288321e-06}, "spectral_rolloff": {"dmean": 139.287094116, "dmean2": 240.046539307, "dvar": 419468.28125, "dvar2": 1200129.125, "max": 19724.4140625, "mean": 939.765380859, "median": 775.1953125, "min": 64.599609375, "var": 1440823.625}, "spectral_skewness": {"dmean": 0.699661076069, "dmean2": 1.1604309082, "dvar": 0.551620662212, "dvar2": 1.41514277458, "max": 16.1168403625, "mean": 3.98900699615, "median": 3.68260788918, "min": -0.00998397171497, "var": 2.4264819622}, "spectral_spread": {"dmean": 675677, "dmean2": 1048421.4375, "dvar": 1440824426500.0, "dvar2": 3147337826300.0, "max": 39237252, "mean": 2521015.75, "median": 2090444.875, "min": 322501.125, "var": 3122458001410.0}, "spectral_strongpeak": {"dmean": 0.68558627367, "dmean2": 1.08397507668, "dvar": 2.17602992058, "dvar2": 4.60761547089, "max": 17.4909687042, "mean": 1.71728181839, "median": 0.667623877525, "min": 0, "var": 7.46950626373}, "zerocrossingrate": {"dmean": 0.00542560219765, "dmean2": 0.00667080981657, "dvar": 9.0389228717e-05, "dvar2": 0.000126713595819, "max": 0.76220703125, "mean": 0.0360628217459, "median": 0.02978515625, "min": 0.0029296875, "var": 0.0012015029788}, "barkbands": {"dmean": [0.000134031477501, 0.000750016828533, 0.000261655455688, 0.000362150982255, 0.00186659849714, 0.000698465912137, 0.000473579333629, 0.000566389237065, 0.000306355621433, 0.000320484308759, 0.000139348077937, 0.00104393216316, 0.000678493175656, 0.00111305702012, 0.00014201385784, 5.06600990775e-05, 2.65365652012e-05, 1.80975930562e-05, 1.62226078828e-05, 6.09638846072e-06, 6.71395036989e-06, 5.96184281676e-06, 3.42039106727e-06, 4.7757325774e-06, 1.10675300675e-05, 1.30916996568e-05, 1.14912991194e-05], "dmean2": [0.000235959450947, 0.00115140154958, 0.000461875024484, 0.000570098462049, 0.00298305181786, 0.00101252237801, 0.000651400187053, 0.00080420851009, 0.000427971215686, 0.000453163695056, 0.000200477865292, 0.00135747471359, 0.000961858488154, 0.00150951952673, 0.000212555925827, 8.12646612758e-05, 4.20256401412e-05, 2.82298096863e-05, 2.41426660068e-05, 9.0837256721e-06, 1.09945131044e-05, 1.0772454516e-05, 6.03242051511e-06, 8.1522121036e-06, 1.88648391486e-05, 2.2076879759e-05, 1.92584520846e-05], "dvar": [4.98640304158e-07, 3.40551719091e-06, 7.48079571622e-07, 1.83356894468e-06, 3.21049446939e-05, 2.74360854746e-06, 9.21759806261e-07, 1.18602133625e-06, 3.78111792543e-07, 2.52112528187e-07, 1.99038410642e-07, 1.48810804603e-05, 4.62496200271e-06, 1.73038079083e-05, 5.82395159654e-07, 5.81553472045e-08, 5.965714589e-09, 2.74519718069e-09, 4.07614209053e-09, 1.45540235419e-09, 1.0825047525e-09, 1.41055456204e-09, 1.61612820349e-10, 2.41277248181e-10, 1.14325082734e-09, 1.88575666193e-09, 1.61668345378e-09], "dvar2": [1.31621686705e-06, 7.17815464668e-06, 2.14238184526e-06, 4.28480916526e-06, 7.42392294342e-05, 5.70593965676e-06, 1.62361891398e-06, 2.51712936006e-06, 7.15826729447e-07, 4.74319790555e-07, 3.57566136699e-07, 2.33623613894e-05, 9.56586609391e-06, 2.96829257422e-05, 1.11321821805e-06, 1.40708820595e-07, 1.22814416414e-08, 6.10832096015e-09, 8.25221668777e-09, 2.61221022591e-09, 2.93243895833e-09, 4.06890743321e-09, 4.45929904114e-10, 6.31666718931e-10, 3.03620573128e-09, 5.03025665566e-09, 4.36140901172e-09], "max": [0.0379893407226, 0.0641137361526, 0.0325065255165, 0.0602685883641, 0.218274518847, 0.0572445094585, 0.0325817391276, 0.0314785167575, 0.0312128737569, 0.0115127470344, 0.017316699028, 0.0862390622497, 0.0435560122132, 0.0998569950461, 0.0231112223119, 0.00974078010768, 0.00152300577611, 0.00117833144031, 0.00282989745028, 0.00239133811556, 0.00112929951865, 0.000686953600962, 0.00025208236184, 0.000367540313164, 0.000472535873996, 0.000719541625585, 0.00045938231051], "mean": [0.00011904938583, 0.00368907814845, 0.000574535049964, 0.000793534156401, 0.00483598187566, 0.00210523209535, 0.00161471078172, 0.00152077584062, 0.000940155761782, 0.000687197782099, 0.000345423119143, 0.00170253089163, 0.00119036424439, 0.00267249159515, 0.00031160376966, 7.5689793448e-05, 4.84446572955e-05, 3.74139090127e-05, 2.76862920146e-05, 1.06804745883e-05, 9.22704202821e-06, 5.06784135723e-06, 3.08942230731e-06, 4.35783113062e-06, 9.48268552747e-06, 1.09439288281e-05, 9.62976992014e-06], "median": [1.09259954115e-05, 0.000247731193667, 0.000271685159532, 0.000163924894878, 0.00231479411013, 0.00116632855497, 0.000697372714058, 0.000709216226824, 0.000381913851015, 0.000335337768774, 9.13328476599e-05, 0.000207783901715, 0.000207675780985, 8.15717357909e-05, 3.96170944441e-05, 1.26301192722e-05, 1.39654284794e-05, 1.221002276e-05, 3.74268370251e-06, 2.05416995414e-06, 1.20755055377e-06, 6.45745899419e-07, 5.55815859116e-07, 6.45104535124e-07, 7.02954196186e-07, 2.82179570377e-07, 1.57433447612e-07], "min": [9.34632303086e-24, 2.93030618952e-23, 5.43344924758e-23, 1.6876375869e-23, 1.74697778678e-22, 4.2087076668e-23, 1.57607419556e-23, 5.04915407988e-23, 7.9017287557e-23, 1.60763415379e-23, 6.74217958676e-23, 1.66888282908e-22, 3.3529043407e-23, 6.85257846163e-23, 1.27725542015e-22, 9.87455691477e-23, 1.81460929343e-22, 2.70173576172e-22, 2.46944891553e-22, 3.19359141965e-22, 3.87194692222e-22, 5.0603364672e-22, 7.20235004689e-22, 1.19836892573e-21, 1.16383706341e-21, 1.24102335432e-21, 2.20367337143e-21], "var": [4.91581999995e-07, 3.33204225171e-05, 1.00290048977e-06, 5.13979193784e-06, 7.72438870627e-05, 9.96424387267e-06, 7.73770898377e-06, 5.0658559303e-06, 3.76821594728e-06, 1.35835728088e-06, 1.35911568577e-06, 3.74763949367e-05, 1.18736779768e-05, 8.00029374659e-05, 2.20991978495e-06, 7.30426066298e-08, 1.21784209384e-08, 6.1236580251e-09, 8.82374440181e-09, 2.60762411664e-09, 9.46188905004e-10, 8.4070106432e-10, 1.17419338141e-10, 1.88384335909e-10, 8.96255625271e-10, 1.46052991923e-09, 1.2366991875e-09]}, "erbbands": {"dmean": [0.0210556406528, 0.176812916994, 0.277301043272, 0.822239398956, 3.46068406105, 7.23926973343, 6.53366041183, 5.11655855179, 6.51575136185, 9.35169792175, 10.8281202316, 7.38921165466, 9.11748123169, 8.22889328003, 9.95726394653, 50.1165733337, 29.6512622833, 68.4200515747, 11.7460899353, 4.14275503159, 1.90035176277, 1.14855277538, 1.06655395031, 0.899959445, 0.644323527813, 0.318954616785, 0.264475494623, 0.242276310921, 0.218804255128, 0.123356729746, 0.107713602483, 0.0962430611253, 0.0841482654214, 0.108874239028, 0.0853553563356, 0.0506682433188, 0.0245642699301, 0.00884916074574, 0.00184407492634, 0.000142928081914], "dmean2": [0.0323436483741, 0.271126925945, 0.481065630913, 1.35495114326, 5.37464189529, 11.7273273468, 10.0632390976, 7.36258268356, 8.86920166016, 13.3350009918, 15.7721061707, 10.1211595535, 12.4863786697, 12.159945488, 14.2205162048, 63.8163108826, 39.7053985596, 92.7274856567, 17.160697937, 6.46596002579, 2.94579172134, 1.78131437302, 1.65419113636, 1.33995735645, 0.955942451954, 0.478252053261, 0.418686419725, 0.41499376297, 0.395611166954, 0.220004662871, 0.189639121294, 0.165622338653, 0.144225805998, 0.186821848154, 0.145622983575, 0.0862787365913, 0.0416612327099, 0.0149084813893, 0.00309308012947, 0.000238137072301], "dvar": [0.00258640456013, 0.19726395607, 0.647836327553, 7.87726449966, 191.960418701, 488.140472412, 372.060668945, 111.710159302, 223.73260498, 320.445037842, 546.689147949, 253.104202271, 229.617782593, 304.423339844, 965.103088379, 36026.0664062, 9023.29199219, 62406.78125, 2230.8359375, 182.669494629, 52.354095459, 9.72991752625, 8.75554943085, 12.5723876953, 6.97700643539, 4.59146785736, 1.26369190216, 2.0055770874, 2.11914873123, 0.291283905506, 0.162796720862, 0.12682312727, 0.0700932443142, 0.116182133555, 0.0751901268959, 0.0265345536172, 0.00685387430713, 0.000928414985538, 4.26094484283e-05, 2.57398596659e-07], "dvar2": [0.00548617122695, 0.432006150484, 1.83337712288, 20.5786972046, 410.638916016, 1134.921875, 816.860778809, 247.484268188, 401.841705322, 660.713806152, 1242.9387207, 457.79788208, 366.882263184, 632.376159668, 2012.38891602, 53303.6796875, 16826.6542969, 110261.34375, 4193.1171875, 412.574554443, 124.385032654, 19.76445961, 19.3647098541, 25.7420711517, 14.8038873672, 8.27770423889, 3.19552731514, 5.74364948273, 6.10366296768, 0.821686804295, 0.449372261763, 0.328289836645, 0.187396854162, 0.306770414114, 0.201606497169, 0.0708789899945, 0.0183840785176, 0.00246815965511, 0.000115695533168, 6.93058609613e-07], "max": [2.13144087791, 16.2827568054, 31.1169624329, 92.171546936, 463.574157715, 941.557067871, 813.141723633, 400.074310303, 494.775970459, 611.610839844, 569.341674805, 830.495910645, 445.025970459, 365.232757568, 928.458007812, 4361.98339844, 2103.70532227, 6441.27099609, 1320.88769531, 410.308166504, 196.562026978, 99.9939498901, 104.754692078, 153.984924316, 114.051048279, 137.196121216, 49.7535591125, 27.881521225, 28.0222759247, 9.063829422, 6.5199546814, 11.4490213394, 4.64056301117, 6.50637149811, 3.83210492134, 2.74694275856, 1.5133767128, 0.357994288206, 0.0830652490258, 0.00669312570244], "mean": [0.0845553055406, 0.898100912571, 0.845284461975, 1.74025332928, 8.37362480164, 18.9635791779, 17.3304538727, 16.9948196411, 24.3505592346, 26.4150867462, 30.9271392822, 25.0726013184, 23.6743183136, 15.6373958588, 23.0333137512, 81.0870513916, 60.3650169373, 158.191436768, 28.4530143738, 8.25558376312, 3.2769973278, 2.27688479424, 2.30475711823, 1.66241598129, 1.18181478977, 0.587667584419, 0.392625570297, 0.292151838541, 0.184672802687, 0.109148144722, 0.0980984121561, 0.0867919400334, 0.0745059773326, 0.0924521386623, 0.0733013302088, 0.0427486263216, 0.020326718688, 0.00742905726656, 0.00154219684191, 0.000142816541484], "median": [0.00786694791168, 0.0689255669713, 0.514768898487, 0.783145725727, 1.57543897629, 7.43554019928, 8.64491271973, 9.75130462646, 9.78332996368, 12.5189027786, 14.8271045685, 10.8118505478, 11.2481832504, 6.73747396469, 7.64767932892, 11.3287582397, 12.4275598526, 6.58638191223, 2.59590959549, 1.85966682434, 0.832068443298, 0.863596558571, 0.879713892937, 0.365022152662, 0.207781136036, 0.151289358735, 0.0740646794438, 0.037033457309, 0.0204835738987, 0.0167011283338, 0.019238486886, 0.0130337644368, 0.00803484674543, 0.00779183954, 0.00460745627061, 0.00158733921126, 0.000427274731919, 0.000152774329763, 4.14618843934e-05, 2.40068711719e-05], "min": [1.43422283685e-21, 5.40115537733e-21, 5.12741505935e-20, 6.18232140259e-20, 7.93734663084e-20, 8.70418583942e-19, 6.78023921485e-19, 3.71452019813e-19, 1.85212201499e-19, 3.87978623163e-19, 1.6307159571e-18, 1.6854348852e-18, 6.62139778978e-19, 1.14546358224e-18, 5.1533141231e-18, 5.53993999577e-18, 2.10448685827e-18, 3.14802752018e-18, 4.7957537228e-18, 8.18508533729e-18, 5.54111790096e-18, 1.01893605051e-17, 1.38333475294e-17, 1.47503855991e-17, 1.24111626674e-17, 1.42670606584e-17, 1.49566844439e-17, 1.57109441223e-17, 1.97786560698e-17, 1.77615182434e-17, 2.20307346968e-17, 2.36925173863e-17, 1.82342569266e-17, 1.0120176773e-17, 9.26063685493e-18, 5.39370811195e-18, 2.31587989484e-18, 1.25309280803e-18, 2.91704648481e-19, 3.07093678155e-20], "var": [0.0164674241096, 2.0664100647, 1.50345373154, 12.134680748, 521.640197754, 1371.93969727, 809.309936523, 575.953674316, 1862.10388184, 1588.86315918, 1774.8269043, 2642.14086914, 1846.59802246, 726.979064941, 2963.71704102, 92509.9921875, 26054.875, 277742.0625, 9052.64453125, 415.83102417, 74.1821289062, 22.8535270691, 20.2317790985, 27.5861759186, 12.7295742035, 7.8021941185, 1.41243958473, 1.39070129395, 1.26616001129, 0.194796800613, 0.114996358752, 0.0975830182433, 0.0536710135639, 0.0892835333943, 0.0584538988769, 0.0207209140062, 0.00519862119108, 0.000714202702511, 3.21283223457e-05, 2.03276357524e-07]}, "gfcc": {"mean": [-105.801582336, 157.895263672, -104.684272766, -25.8128242493, -44.384147644, -1.2699303627, -32.8301696777, -5.61987304688, -21.3778400421, -0.483532130718, -4.50879812241, -3.85332894325, -9.15861320496], "cov": [[15837.1826172, -1568.265625, -284.386016846, 928.265869141, 558.652587891, 524.273010254, -428.712738037, 493.621459961, -583.766113281, 1032.85961914, 34.0658760071, -47.930305481, -253.560394287], [-1568.265625, 2022.7668457, -441.189361572, -78.7366485596, 42.0297584534, -272.724822998, 134.249526978, -328.995513916, 123.332328796, -345.018432617, 36.2642211914, -157.039642334, 132.738494873], [-284.386016846, -441.189361572, 1088.32385254, 3.73988485336, -1.87813484669, 243.966598511, 52.9495162964, 296.374847412, 15.0732975006, 119.214584351, -7.32289457321, 82.4443130493, -79.2479858398], [928.265869141, -78.7366485596, 3.73988485336, 464.882476807, 51.3681182861, 64.8889389038, 30.9215946198, 56.8939704895, 20.7947292328, 50.202835083, 5.63777971268, -9.2463054657, -13.9704656601], [558.652587891, 42.0297584534, -1.87813484669, 51.3681182861, 585.192504883, 171.950088501, 85.8847427368, 77.5778656006, 48.3298873901, 201.693817139, 151.831298828, 0.427617311478, -26.8630638123], [524.273010254, -272.724822998, 243.966598511, 64.8889389038, 171.950088501, 361.644866943, 36.3753433228, 85.5921707153, 11.476433754, 133.229431152, 50.7747650146, 46.8817977905, -71.0178070068], [-428.712738037, 134.249526978, 52.9495162964, 30.9215946198, 85.8847427368, 36.3753433228, 195.990875244, 55.3589630127, 29.9568691254, 30.9279384613, 33.5527763367, -14.5372123718, 16.4441146851], [493.621459961, -328.995513916, 296.374847412, 56.8939704895, 77.5778656006, 85.5921707153, 55.3589630127, 308.459289551, 7.44239330292, 131.154266357, 44.2475090027, 46.2714538574, -19.3788127899], [-583.766113281, 123.332328796, 15.0732975006, 20.7947292328, 48.3298873901, 11.476433754, 29.9568691254, 7.44239330292, 152.545089722, 8.485912323, 22.8365592957, 2.32123661041, 20.762260437], [1032.85961914, -345.018432617, 119.214584351, 50.202835083, 201.693817139, 133.229431152, 30.9279384613, 131.154266357, 8.485912323, 292.560943604, 83.038482666, -2.18790125847, -43.2391624451], [34.0658760071, 36.2642211914, -7.32289457321, 5.63777971268, 151.831298828, 50.7747650146, 33.5527763367, 44.2475090027, 22.8365592957, 83.038482666, 159.281555176, 22.1453800201, -20.4489364624], [-47.930305481, -157.039642334, 82.4443130493, -9.2463054657, 0.427617311478, 46.8817977905, -14.5372123718, 46.2714538574, 2.32123661041, -2.18790125847, 22.1453800201, 116.164123535, 11.8917884827], [-253.560394287, 132.738494873, -79.2479858398, -13.9704656601, -26.8630638123, -71.0178070068, 16.4441146851, -19.3788127899, 20.762260437, -43.2391624451, -20.4489364624, 11.8917884827, 94.5136489868]], "icov": [[0.000176294342964, -0.000137661729241, 0.000178648682777, -0.000303957116557, -1.01999148683e-05, -0.000168149417732, 0.0005389272701, -0.000322988431435, 0.000714048917871, -0.000747630780097, 0.000363860366633, -0.000105747501948, 7.50618200982e-05], [-0.000137661729241, 0.00127850531135, -0.000241855348577, 0.000275610887911, -0.000397087278543, 0.000371847738279, -0.001037431648, 0.000965513347182, -0.00110858201515, 0.00210122065619, -0.00137496960815, 0.00163660559338, -0.0010805290658], [0.000178648682777, -0.000241855348577, 0.00177421036642, -4.69259321108e-05, 0.000336685101502, -0.000950136512984, 0.000332660740241, -0.00174610875547, 0.000432857108535, -0.000856172177009, 0.00112922897097, -0.000751262996346, 0.00111758313142], [-0.000303957116557, 0.000275610887911, -4.69259321108e-05, 0.00284961750731, 1.54911158461e-05, -0.000150418214616, -0.00114113313612, 2.10452235478e-05, -0.00157667207532, 0.00124671729282, -0.000323420885252, 0.000527889002115, 5.389375292e-05], [-1.01999148683e-05, -0.000397087278543, 0.000336685101502, 1.54911158461e-05, 0.00313666695729, -0.00109843316022, -0.000388030370232, -0.000213064296986, -0.000242872760282, -0.00168819271494, -0.00148757291026, -4.06314211432e-05, -0.000130827596877], [-0.000168149417732, 0.000371847738279, -0.000950136512984, -0.000150418214616, -0.00109843316022, 0.00519221182913, -0.00137978827115, 0.00123948545661, -0.00100475549698, -0.000190572623978, 0.000110388406029, -0.00194240338169, 0.00269300537184], [0.0005389272701, -0.001037431648, 0.000332660740241, -0.00114113313612, -0.000388030370232, -0.00137978827115, 0.00841610413045, -0.00248065870255, 0.0019869976677, -0.00238376390189, 0.000496302556712, 0.00108359882142, -0.00166289368644], [-0.000322988431435, 0.000965513347182, -0.00174610875547, 2.10452235478e-05, -0.000213064296986, 0.00123948545661, -0.00248065870255, 0.00688701635227, -0.0013402706245, 0.000130159329274, -0.00170892779715, -0.000693365174811, -0.000897525576875], [0.000714048917871, -0.00110858201515, 0.000432857108535, -0.00157667207532, -0.000242872760282, -0.00100475549698, 0.0019869976677, -0.0013402706245, 0.010448125191, -0.00350413308479, 0.00092882179888, -0.000751768122427, -0.00144480785821], [-0.000747630780097, 0.00210122065619, -0.000856172177009, 0.00124671729282, -0.00168819271494, -0.000190572623978, -0.00238376390189, 0.000130159329274, -0.00350413308479, 0.011320267804, -0.0044068377465, 0.0042189261876, -0.0012075615814], [0.000363860366633, -0.00137496960815, 0.00112922897097, -0.000323420885252, -0.00148757291026, 0.000110388406029, 0.000496302556712, -0.00170892779715, 0.00092882179888, -0.0044068377465, 0.0116268768907, -0.00454917456955, 0.00389748928137], [-0.000105747501948, 0.00163660559338, -0.000751262996346, 0.000527889002115, -4.06314211432e-05, -0.00194240338169, 0.00108359882142, -0.000693365174811, -0.000751768122427, 0.0042189261876, -0.00454917456955, 0.014083118178, -0.0055968137458], [7.50618200982e-05, -0.0010805290658, 0.00111758313142, 5.389375292e-05, -0.000130827596877, 0.00269300537184, -0.00166289368644, -0.000897525576875, -0.00144480785821, -0.0012075615814, 0.00389748928137, -0.0055968137458, 0.0166484694928]]}, "melbands": {"dmean": [0.000205246906262, 0.000174095766852, 0.00019068599795, 0.000405251135817, 0.000251979654422, 0.000117671101179, 9.857587429e-05, 0.000105122271634, 8.2351914898e-05, 4.35194269812e-05, 4.55764893559e-05, 3.41925588145e-05, 2.18324621528e-05, 0.000120794793474, 7.60124094086e-05, 0.000102597754449, 0.000123127159895, 1.78564569069e-05, 7.21478136256e-06, 5.0278663366e-06, 1.97890130949e-06, 1.26254383304e-06, 1.24806990698e-06, 1.03442368982e-06, 7.46036278088e-07, 5.51425102913e-07, 3.04085205016e-07, 1.88470352214e-07, 1.5618360294e-07, 2.05015709298e-07, 1.1690617896e-07, 1.43910000361e-07, 8.8880540261e-08, 5.61922384179e-08, 6.36030890178e-08, 5.83693555711e-08, 5.75358747312e-08, 4.91157159388e-08, 8.48226022754e-08, 9.19385314546e-08], "dmean2": [0.000311715266434, 0.000285761168925, 0.00030429349863, 0.000642789644189, 0.000396879593609, 0.000169145787368, 0.00013362034224, 0.000149599552969, 0.000119777796499, 5.99664235779e-05, 6.25435495749e-05, 5.09352175868e-05, 3.16476325679e-05, 0.000159658957273, 9.82370693237e-05, 0.000135145935928, 0.000168829865288, 2.64110676653e-05, 1.09781603896e-05, 8.07432024885e-06, 3.09252345687e-06, 1.94996891878e-06, 2.02279420591e-06, 1.62677372373e-06, 1.1164386251e-06, 8.16149849925e-07, 4.5645793989e-07, 2.85172774284e-07, 2.43039835368e-07, 3.41785977298e-07, 2.04122869718e-07, 2.62534911144e-07, 1.59484471851e-07, 9.98333291591e-08, 1.12466011615e-07, 1.01996263879e-07, 9.89766490989e-08, 8.46712566727e-08, 1.45774521343e-07, 1.58281977747e-07], "dvar": [2.47938686471e-07, 1.88270121271e-07, 4.53616110008e-07, 2.03303579838e-06, 4.5590826403e-07, 5.95461990827e-08, 5.07927424565e-08, 4.18669721114e-08, 3.13280992259e-08, 7.77466979685e-09, 5.72117109243e-09, 5.31451194163e-09, 4.23579571418e-09, 1.95842687845e-07, 5.92159032919e-08, 1.23897009985e-07, 1.93273550053e-07, 5.19342790994e-09, 1.26313959292e-09, 5.76805991859e-10, 6.26704521611e-11, 1.41003909937e-11, 1.56828699333e-11, 1.07900901755e-11, 1.13554313522e-11, 5.81289183454e-12, 2.2148218589e-12, 1.62204050105e-12, 2.84527664016e-13, 1.58722123986e-12, 5.10181252713e-13, 1.06815598033e-12, 2.13789503136e-13, 4.94531749806e-14, 6.09857623386e-14, 4.7213772334e-14, 4.17676045931e-14, 2.34455501075e-14, 7.803250369e-14, 8.19428482316e-14], "dvar2": [5.02158172822e-07, 4.96933182603e-07, 1.00090005617e-06, 4.58972226625e-06, 1.08754306893e-06, 1.29098026491e-07, 9.04494683596e-08, 8.5088053936e-08, 7.02270028796e-08, 1.4434108131e-08, 9.21445497681e-09, 1.1253590948e-08, 8.33461033523e-09, 3.23057975038e-07, 9.00479761867e-08, 2.17831569671e-07, 3.48448992327e-07, 9.78586811584e-09, 2.56612131544e-09, 1.39024636248e-09, 1.480165851e-10, 2.64154410151e-11, 3.87900267462e-11, 2.40501507598e-11, 2.40825536596e-11, 1.16886439763e-11, 4.09201275295e-12, 2.97841287224e-12, 6.63645570789e-13, 4.27536955491e-12, 1.47461546012e-12, 3.09381621884e-12, 6.06321254055e-13, 1.37117124295e-13, 1.70837573688e-13, 1.23328837377e-13, 1.08398600968e-13, 6.3482144617e-14, 2.04499421954e-13, 2.17641009381e-13], "max": [0.017836747691, 0.0130235608667, 0.0293978899717, 0.0618736594915, 0.0220230463892, 0.00866153649986, 0.00757799064741, 0.00743759749457, 0.00430668611079, 0.00446699094027, 0.00218842551112, 0.00135842815507, 0.00244988501072, 0.00996074825525, 0.0045841676183, 0.00924041680992, 0.010887642391, 0.00185647443868, 0.00109431531746, 0.00102183886338, 0.000221048452659, 0.000125988110085, 0.000109895932837, 6.96962088114e-05, 0.000139213472721, 0.000103095531813, 8.56523110997e-05, 7.66782250139e-05, 1.57357844728e-05, 4.96711618325e-05, 1.48671551869e-05, 1.97402150661e-05, 8.70821531862e-06, 5.11831831318e-06, 4.49515300716e-06, 6.03637863605e-06, 6.46839589535e-06, 2.45369074037e-06, 6.22376546744e-06, 4.98276494909e-06], "mean": [0.000967607542407, 0.0007402949268, 0.000464097392978, 0.0010153495241, 0.000696514907759, 0.000380765122827, 0.000367989152437, 0.000291959557217, 0.000247148796916, 0.000140027317684, 0.000113776899525, 6.00296552875e-05, 5.67742572457e-05, 0.000196406937903, 0.000129287363961, 0.000206266486202, 0.000287659728201, 4.03449157602e-05, 1.5617639292e-05, 7.84719759395e-06, 3.09427537104e-06, 2.3091604362e-06, 2.390368536e-06, 2.02304818231e-06, 1.23834331589e-06, 1.03791262518e-06, 5.26176620497e-07, 3.20784408814e-07, 2.47817581567e-07, 2.43273035494e-07, 1.31831399131e-07, 1.1650199383e-07, 7.51413082867e-08, 5.02148544967e-08, 5.82559849249e-08, 5.11429512073e-08, 5.17981959547e-08, 4.35874518701e-08, 7.27175617499e-08, 7.83736453513e-08], "median": [7.82395436545e-05, 0.0002648573427, 0.000143664976349, 0.000383087259252, 0.000358346587745, 0.000217996916035, 0.00015263655223, 0.000139715746627, 0.000115053699119, 6.05030363658e-05, 5.11318467034e-05, 2.26716110774e-05, 1.7919439415e-05, 2.6022820748e-05, 2.81271750282e-05, 2.02932806133e-05, 9.3157068477e-06, 3.13330497193e-06, 2.48564356298e-06, 1.22961853322e-06, 5.84847612117e-07, 7.06109119619e-07, 8.17039051526e-07, 4.7294469141e-07, 1.32082050186e-07, 1.06942152911e-07, 1.06793791588e-07, 6.98471112059e-08, 3.21559490146e-08, 2.67425743772e-08, 1.566530905e-08, 9.69518421101e-09, 9.25632370752e-09, 7.38281213941e-09, 1.18933103366e-08, 7.72218378131e-09, 7.46888240144e-09, 4.19101731097e-09, 7.07282055146e-09, 6.04781780211e-09], "min": [1.0044703168e-23, 1.95054930716e-23, 1.03009520113e-23, 3.0450340175e-23, 3.19028950033e-23, 7.5871072031e-24, 2.97778386199e-24, 4.8633081536e-24, 1.44436645214e-23, 1.06294455251e-23, 3.04088129592e-24, 3.88060400801e-24, 1.43280538003e-23, 1.69962637939e-23, 9.74434280059e-24, 3.26397668195e-24, 6.07319674571e-24, 6.49738815926e-24, 1.2273361443e-23, 7.51104839006e-24, 7.30456562584e-24, 1.10148474647e-23, 1.16074374101e-23, 1.33191070134e-23, 1.19436972595e-23, 8.042015677e-24, 1.08731467468e-23, 8.70606853183e-24, 9.76396808219e-24, 8.3290158961e-24, 8.50199100451e-24, 1.19810198467e-23, 8.92813129893e-24, 1.03107630743e-23, 1.2875577858e-23, 1.27327396028e-23, 1.55907329641e-23, 1.07462135052e-23, 1.4302715588e-23, 6.75736042602e-24], "var": [2.17801039071e-06, 1.17479851269e-06, 1.33867547447e-06, 5.01542854181e-06, 1.07333778487e-06, 2.93685616271e-07, 4.29821881198e-07, 2.1074188794e-07, 1.18853677122e-07, 7.85767682032e-08, 4.52054678135e-08, 1.15632756703e-08, 2.8653250439e-08, 4.69328313102e-07, 1.54469248059e-07, 4.91744003739e-07, 8.75107446063e-07, 2.05657144647e-08, 4.21137125173e-09, 7.57604146084e-10, 8.20582629624e-11, 3.14752321429e-11, 3.04036171239e-11, 2.3592391929e-11, 2.28737844638e-11, 1.19442164492e-11, 4.22212698831e-12, 2.71194351698e-12, 4.49385239307e-13, 1.31320572905e-12, 3.34279885673e-13, 6.25236082526e-13, 1.34937200302e-13, 3.68385301376e-14, 4.16283659291e-14, 3.57102280418e-14, 3.2329763595e-14, 1.81212873483e-14, 5.95489843959e-14, 6.3059210902e-14]}, "mfcc": {"mean": [-757.978393555, 203.963180542, 0.379550993443, -9.56841564178, 0.282881438732, -2.79371619225, 0.429246306419, -7.5799498558, -10.3833198547, -4.05594348907, 1.59160792828, 1.44926905632, -4.28853559494], "cov": [[9264.11035156, 567.204772949, -1069.74987793, 449.718719482, 605.696594238, 249.192260742, 486.037200928, -280.548278809, -74.8647613525, 287.011260986, 466.61428833, 332.456085205, -31.9012947083], [567.204772949, 1616.09924316, -156.109222412, -55.7666244507, 81.8173828125, 1.34180188179, 24.8858947754, -37.7366867065, -59.5471305847, -39.9889640808, -51.5683097839, -21.875, -35.9434700012], [-1069.74987793, -156.109222412, 869.031005859, -18.2771091461, -118.261054993, -64.0225219727, -45.3740577698, 125.265365601, 71.4429702759, -10.2512121201, -39.3468437195, -44.885559082, 37.4397773743], [449.718719482, -55.7666244507, -18.2771091461, 374.775848389, 83.4210281372, 29.4621372223, 84.7553787231, 31.8121585846, 62.7359085083, 81.5440597534, 63.2291564941, 61.9782829285, 5.53854703903], [605.696594238, 81.8173828125, -118.261054993, 83.4210281372, 342.742370605, 128.532440186, 125.527397156, 18.7440509796, -7.62773609161, 75.3607177734, 128.704666138, 89.5457305908, 19.7515048981], [249.192260742, 1.34180188179, -64.0225219727, 29.4621372223, 128.532440186, 278.813262939, 85.4603042603, 19.0394001007, 2.4382879734, 21.8591690063, 102.939277649, 48.9951438904, -32.1816215515], [486.037200928, 24.8858947754, -45.3740577698, 84.7553787231, 125.527397156, 85.4603042603, 284.385223389, 33.9338378906, 11.2740774155, 94.3794403076, 129.257400513, 101.053962708, 40.4676742554], [-280.548278809, -37.7366867065, 125.265365601, 31.8121585846, 18.7440509796, 19.0394001007, 33.9338378906, 158.573989868, 43.4797973633, -23.8376178741, -13.4169425964, 23.7361850739, 35.551361084], [-74.8647613525, -59.5471305847, 71.4429702759, 62.7359085083, -7.62773609161, 2.4382879734, 11.2740774155, 43.4797973633, 152.099960327, 46.4571495056, -4.88827037811, 9.67621803284, 12.3124599457], [287.011260986, -39.9889640808, -10.2512121201, 81.5440597534, 75.3607177734, 21.8591690063, 94.3794403076, -23.8376178741, 46.4571495056, 181.227935791, 115.275932312, 31.5303916931, 5.96961736679], [466.61428833, -51.5683097839, -39.3468437195, 63.2291564941, 128.704666138, 102.939277649, 129.257400513, -13.4169425964, -4.88827037811, 115.275932312, 215.684783936, 90.6705169678, -27.3856487274], [332.456085205, -21.875, -44.885559082, 61.9782829285, 89.5457305908, 48.9951438904, 101.053962708, 23.7361850739, 9.67621803284, 31.5303916931, 90.6705169678, 151.793731689, 38.5103874207], [-31.9012947083, -35.9434700012, 37.4397773743, 5.53854703903, 19.7515048981, -32.1816215515, 40.4676742554, 35.551361084, 12.3124599457, 5.96961736679, -27.3856487274, 38.5103874207, 148.105682373]], "icov": [[0.000160556752235, -4.14036330767e-05, 0.000123240315588, -0.000133573426865, -0.000116556511784, 3.91153189412e-05, -0.00011882113904, 0.000259750901023, -3.18981365126e-05, 7.00138043612e-05, -0.000162458032719, -8.34302554722e-05, -1.59813571372e-05], [-4.14036330767e-05, 0.000689215841703, 2.08973506233e-05, 0.000133541208925, -0.000276649487205, 5.32115445822e-05, -0.00022790498042, 4.49312319688e-05, 0.000166261059348, -9.02380725165e-06, 0.000541872286703, 1.61182724696e-05, 0.00033055889071], [0.000123240315588, 2.08973506233e-05, 0.00158585014287, -6.18194872004e-06, 0.000402086618124, 0.000241983332671, 0.000155175264808, -0.00109338760376, -0.000378039723728, -1.6010577383e-05, -0.000766588200349, 0.000544021720998, -0.000401155295549], [-0.000133573426865, 0.000133541208925, -6.18194872004e-06, 0.00347245717421, -0.000362580845831, 0.000142021133797, -0.000244153023232, -0.000730730534997, -0.000837402592879, -0.00122415297665, 0.000659797689877, -0.00092125631636, 0.000677176925819], [-0.000116556511784, -0.000276649487205, 0.000402086618124, -0.000362580845831, 0.00494338572025, -0.00142054166645, 1.65747514984e-05, -0.00106569693889, 0.000725003657863, -0.000911389361136, -0.00134871923365, -0.000614734948613, -0.00101004983298], [3.91153189412e-05, 5.32115445822e-05, 0.000241983332671, 0.000142021133797, -0.00142054166645, 0.00529263401404, -0.00080939847976, -0.000437007343862, -0.000845407485031, 0.00180229195394, -0.00233953609131, 0.000480350136058, 0.00106052623596], [-0.00011882113904, -0.00022790498042, 0.000155175264808, -0.000244153023232, 1.65747514984e-05, -0.00080939847976, 0.00650015287101, -0.00167221273296, 0.000664989522193, -0.00197397149168, -0.00176037207711, -0.00163136783522, -0.00154078891501], [0.000259750901023, 4.49312319688e-05, -0.00109338760376, -0.000730730534997, -0.00106569693889, -0.000437007343862, -0.00167221273296, 0.00990282557905, -0.00262071168981, 0.0031827329658, 0.000263578811428, -0.000597778940573, -0.00120867358055], [-3.18981365126e-05, 0.000166261059348, -0.000378039723728, -0.000837402592879, 0.000725003657863, -0.000845407485031, 0.000664989522193, -0.00262071168981, 0.00944185629487, -0.00459697423503, 0.00310324109159, -0.00154267938342, 0.000702647375874], [7.00138043612e-05, -9.02380725165e-06, -1.6010577383e-05, -0.00122415297665, -0.000911389361136, 0.00180229195394, -0.00197397149168, 0.0031827329658, -0.00459697423503, 0.0130560584366, -0.00772735942155, 0.00387519947253, -0.0022292973008], [-0.000162458032719, 0.000541872286703, -0.000766588200349, 0.000659797689877, -0.00134871923365, -0.00233953609131, -0.00176037207711, 0.000263578811428, 0.00310324109159, -0.00772735942155, 0.0152528593317, -0.00632039876655, 0.00487212045118], [-8.34302554722e-05, 1.61182724696e-05, 0.000544021720998, -0.00092125631636, -0.000614734948613, 0.000480350136058, -0.00163136783522, -0.000597778940573, -0.00154267938342, 0.00387519947253, -0.00632039876655, 0.0127429775894, -0.00385159044527], [-1.59813571372e-05, 0.00033055889071, -0.000401155295549, 0.000677176925819, -0.00101004983298, 0.00106052623596, -0.00154078891501, -0.00120867358055, 0.000702647375874, -0.0022292973008, 0.00487212045118, -0.00385159044527, 0.00991488620639]]}, "spectral_contrast_coeffs": {"dmean": [0.0424094870687, 0.0373274795711, 0.0367079898715, 0.0303910989314, 0.0245773699135, 0.0164071600884], "dmean2": [0.0693739578128, 0.0614531263709, 0.0574282407761, 0.0479613505304, 0.0399402305484, 0.0265734810382], "dvar": [0.0013331938535, 0.00100618507713, 0.000942010025028, 0.000693258596584, 0.00064591615228, 0.000316183577524], "dvar2": [0.00331088434905, 0.00268311775289, 0.00234718131833, 0.00166379462462, 0.00151624903083, 0.000725433463231], "max": [-0.259747892618, -0.463306725025, -0.506591498852, -0.454987764359, -0.558457374573, -0.613022089005], "mean": [-0.577688455582, -0.691955208778, -0.710498213768, -0.710356414318, -0.766948640347, -0.811325311661], "median": [-0.580351769924, -0.691552400589, -0.70933252573, -0.711567997932, -0.762306392193, -0.817501008511], "min": [-0.985563099384, -0.993601560593, -0.996569752693, -0.990547895432, -0.987190544605, -0.959289431572], "var": [0.0129232453182, 0.00468838913366, 0.00419966224581, 0.00629648286849, 0.00440776720643, 0.00250897114165]}, "spectral_contrast_valleys": {"dmean": [0.387224793434, 0.311012327671, 0.314328819513, 0.287086248398, 0.332227408886, 0.441349446774], "dmean2": [0.626786351204, 0.508957087994, 0.511708974838, 0.466714143753, 0.530041098595, 0.640840828419], "dvar": [0.168309241533, 0.0986560061574, 0.105519339442, 0.112648159266, 0.18624612689, 0.347854763269], "dvar2": [0.34563297