{"lowlevel": {"average_loudness": 0.828392446041, "barkbands_crest": {"dmean": 2.93223452568, "dmean2": 4.57629203796, "dvar": 9.00296783447, "dvar2": 22.0455970764, "max": 26.6459217072, "mean": 14.0309305191, "median": 13.2536725998, "min": 3.00978279114, "var": 25.6673641205}, "barkbands_flatness_db": {"dmean": 0.0521320924163, "dmean2": 0.075175344944, "dvar": 0.00338094355538, "dvar2": 0.00704581011087, "max": 0.549856185913, "mean": 0.272766113281, "median": 0.274031370878, "min": 0.037023127079, "var": 0.00952242780477}, "barkbands_kurtosis": {"dmean": 11.7401447296, "dmean2": 17.6664600372, "dvar": 386.120147705, "dvar2": 831.388549805, "max": 334.876525879, "mean": 18.2112045288, "median": 5.61386489868, "min": -1.94235992432, "var": 912.009094238}, "barkbands_skewness": {"dmean": 1.20511066914, "dmean2": 1.7931625843, "dvar": 1.96057236195, "dvar2": 4.52673912048, "max": 13.1456260681, "mean": 2.05929493904, "median": 1.4545289278, "min": -5.03327941895, "var": 6.72907352448}, "barkbands_spread": {"dmean": 5.1621222496, "dmean2": 8.26315879822, "dvar": 59.1576957703, "dvar2": 142.149627686, "max": 116.724983215, "mean": 10.555642128, "median": 5.93236207962, "min": 0.139862000942, "var": 272.159240723}, "dissonance": {"dmean": 0.0486117489636, "dmean2": 0.0772600397468, "dvar": 0.00250539695844, "dvar2": 0.00569377467036, "max": 0.499733239412, "mean": 0.369046419859, "median": 0.378319591284, "min": 0.0934050455689, "var": 0.00859657675028}, "dynamic_complexity": 6.23299694061, "erbbands_crest": {"dmean": 3.41743421555, "dmean2": 5.20916223526, "dvar": 11.1341276169, "dvar2": 25.7126483917, "max": 32.8842582703, "mean": 14.9988145828, "median": 14.4501304626, "min": 2.39478993416, "var": 40.786907196}, "erbbands_flatness_db": {"dmean": 0.0423241816461, "dmean2": 0.0599792376161, "dvar": 0.0024291947484, "dvar2": 0.00478356797248, "max": 0.567107141018, "mean": 0.263626486063, "median": 0.251174777746, "min": 0.0406806990504, "var": 0.0105662140995}, "erbbands_kurtosis": {"dmean": 5.14337205887, "dmean2": 8.2240228653, "dvar": 92.4868927002, "dvar2": 239.409164429, "max": 112.432380676, "mean": 6.68211078644, "median": 1.69264411926, "min": -1.91755151749, "var": 161.509063721}, "erbbands_skewness": {"dmean": 0.885341525078, "dmean2": 1.39034569263, "dvar": 1.13792777061, "dvar2": 3.0279955864, "max": 7.95453691483, "mean": 1.08259236813, "median": 0.854390859604, "min": -7.03044033051, "var": 2.42367577553}, "erbbands_spread": {"dmean": 10.8370065689, "dmean2": 16.5471591949, "dvar": 238.461242676, "dvar2": 531.399108887, "max": 140.456329346, "mean": 24.9873981476, "median": 16.7992668152, "min": 0.306801110506, "var": 616.779541016}, "hfc": {"dmean": 10.8783483505, "dmean2": 19.0503940582, "dvar": 875.610778809, "dvar2": 2410.14355469, "max": 324.038757324, "mean": 10.2402276993, "median": 3.11725354195, "min": 1.11884965815e-16, "var": 599.901428223}, "melbands_crest": {"dmean": 3.3416466713, "dmean2": 5.26945495605, "dvar": 11.7963314056, "dvar2": 28.9756355286, "max": 33.9860801697, "mean": 18.3252334595, "median": 18.2732334137, "min": 1.91624653339, "var": 32.6864547729}, "melbands_flatness_db": {"dmean": 0.0590880252421, "dmean2": 0.0859397277236, "dvar": 0.00464365351945, "dvar2": 0.00999950710684, "max": 0.590280294418, "mean": 0.351266175508, "median": 0.363771289587, "min": 0.00460027856752, "var": 0.0130533156916}, "melbands_kurtosis": {"dmean": 21.5531806946, "dmean2": 32.8319244385, "dvar": 1820.72717285, "dvar2": 3938.12402344, "max": 587.438415527, "mean": 37.5682601929, "median": 8.34366989136, "min": -1.88135838509, "var": 5229.20947266}, "melbands_skewness": {"dmean": 1.4276599884, "dmean2": 2.13070940971, "dvar": 3.51531600952, "dvar2": 7.71959209442, "max": 18.5906906128, "mean": 2.96432423592, "median": 1.9151506424, "min": -3.74178862572, "var": 12.3001403809}, "melbands_spread": {"dmean": 7.42756652832, "dmean2": 12.2146863937, "dvar": 194.161483765, "dvar2": 512.315979004, "max": 237.696014404, "mean": 15.0540971756, "median": 7.11259126663, "min": 0.327325284481, "var": 959.292358398}, "pitch_salience": {"dmean": 0.100256428123, "dmean2": 0.160737335682, "dvar": 0.0147439595312, "dvar2": 0.0375734977424, "max": 0.951881349087, "mean": 0.438322991133, "median": 0.426168978214, "min": 0.0679541751742, "var": 0.0259886626154}, "silence_rate_20dB": {"dmean": 0, "dmean2": 0, "dvar": 0, "dvar2": 0, "max": 1, "mean": 1, "median": 1, "min": 1, "var": 0}, "silence_rate_30dB": {"dmean": 0.0421166308224, "dmean2": 0.0842560082674, "dvar": 0.0403405465186, "dvar2": 0.103624463081, "max": 1, "mean": 0.970850229263, "median": 1, "min": 0, "var": 0.0282987374812}, "silence_rate_60dB": {"dmean": 0.117710582912, "dmean2": 0.235484749079, "dvar": 0.10385414958, "dvar2": 0.210280075669, "max": 1, "mean": 0.349527657032, "median": 0, "min": 0, "var": 0.227359294891}, "spectral_centroid": {"dmean": 265.403076172, "dmean2": 417.960968018, "dvar": 185516.765625, "dvar2": 423631.875, "max": 11108.9296875, "mean": 793.11505127, "median": 568.173095703, "min": 153.330612183, "var": 549878.875}, "spectral_complexity": {"dmean": 3.66684675217, "dmean2": 5.93572759628, "dvar": 56.1733932495, "dvar2": 125.877090454, "max": 55, "mean": 6.56896066666, "median": 5, "min": 0, "var": 61.9627151489}, "spectral_decrease": {"dmean": 3.5622003125e-09, "dmean2": 5.83066439575e-09, "dvar": 6.90880769067e-17, "dvar2": 1.81410303628e-16, "max": 6.5113316899e-18, "mean": -4.8066000069e-09, "median": -1.69598313171e-09, "min": -8.4020904012e-08, "var": 6.98007227829e-17}, "spectral_energy": {"dmean": 0.0143731981516, "dmean2": 0.0236113965511, "dvar": 0.00107606104575, "dvar2": 0.00282359682024, "max": 0.323113799095, "mean": 0.019070032984, "median": 0.00679621240124, "min": 1.05153986356e-20, "var": 0.0010784631595}, "spectral_energyband_high": {"dmean": 0.000522763642948, "dmean2": 0.000937805394642, "dvar": 4.80146809423e-06, "dvar2": 1.33964194902e-05, "max": 0.0233861189336, "mean": 0.000334212905727, "median": 2.42454257204e-06, "min": 7.19439933871e-21, "var": 3.07191407956e-06}, "spectral_energyband_low": {"dmean": 0.00773497950286, "dmean2": 0.0128475371748, "dvar": 0.000607496418525, "dvar2": 0.00162023096345, "max": 0.233663991094, "mean": 0.00865581259131, "median": 0.000279574509477, "min": 6.04114540601e-23, "var": 0.000561249034945}, "spectral_energyband_middle_high": {"dmean": 0.00342668639496, "dmean2": 0.00617759581655, "dvar": 8.33368540043e-05, "dvar2": 0.000234517137869, "max": 0.102202288806, "mean": 0.00251860590652, "median": 0.000287262635538, "min": 1.78064884408e-21, "var": 5.24364077137e-05}, "spectral_energyband_middle_low": {"dmean": 0.00546338036656, "dmean2": 0.0087460661307, "dvar": 0.000176453890163, "dvar2": 0.00047082954552, "max": 0.171776965261, "mean": 0.00910773221403, "median": 0.00334660266526, "min": 4.11343908097e-22, "var": 0.000212478204048}, "spectral_entropy": {"dmean": 0.492254644632, "dmean2": 0.719398498535, "dvar": 0.363479554653, "dvar2": 0.703950166702, "max": 9.80887985229, "mean": 6.29833316803, "median": 6.28858757019, "min": 3.75364255905, "var": 1.18027281761}, "spectral_flux": {"dmean": 0.0397662445903, "dmean2": 0.0611649081111, "dvar": 0.00429841130972, "dvar2": 0.00879869237542, "max": 0.513677120209, "mean": 0.0617720298469, "median": 0.0336689203978, "min": 1.0254461863e-10, "var": 0.00624543661252}, "spectral_kurtosis": {"dmean": 11.5798387527, "dmean2": 18.8181591034, "dvar": 280.188903809, "dvar2": 664.797424316, "max": 235.722137451, "mean": 21.2225055695, "median": 11.9095401764, "min": -1.1932040453, "var": 600.547851562}, "spectral_rms": {"dmean": 0.00125397427473, "dmean2": 0.00187769543845, "dvar": 4.17753881266e-06, "dvar2": 9.98592804535e-06, "max": 0.0177548024803, "mean": 0.0032336988952, "median": 0.0025749662891, "min": 3.20295569581e-12, "var": 8.14808390714e-06}, "spectral_rolloff": {"dmean": 372.460174561, "dmean2": 647.147949219, "dvar": 616062.8125, "dvar2": 1358081.375, "max": 18733.8867188, "mean": 1173.90625, "median": 581.396484375, "min": 86.1328125, "var": 7176362.5}, "spectral_skewness": {"dmean": 0.910889446735, "dmean2": 1.4352722168, "dvar": 1.07247149944, "dvar2": 2.53408026695, "max": 12.2446336746, "mean": 3.0776553154, "median": 2.70327019691, "min": -0.480806618929, "var": 3.16091704369}, "spectral_spread": {"dmean": 901585.625, "dmean2": 1415905.875, "dvar": 1688887230460.0, "dvar2": 4004715954180.0, "max": 40220516, "mean": 3542415, "median": 2895292.75, "min": 427762.5, "var": 5701819695100.0}, "spectral_strongpeak": {"dmean": 0.330026805401, "dmean2": 0.533417105675, "dvar": 0.245491817594, "dvar2": 0.600690245628, "max": 5.12642812729, "mean": 0.839574754238, "median": 0.49914124608, "min": 0, "var": 0.8686196208}, "zerocrossingrate": {"dmean": 0.00801946595311, "dmean2": 0.010163186118, "dvar": 0.00017868616851, "dvar2": 0.000227984492085, "max": 0.7109375, "mean": 0.0434207879007, "median": 0.02587890625, "min": 0.00390625, "var": 0.00754147628322}, "barkbands": {"dmean": [3.55465781468e-05, 0.00167457747739, 0.00495490152389, 0.00196608202532, 0.00202234345488, 0.000457911810372, 0.000386693078326, 0.000937579025049, 0.000525561859831, 0.000407493032981, 0.000175614244654, 0.000167375983438, 0.000456674752058, 0.000705002516042, 0.000871434691362, 0.000440998876002, 0.00012875815446, 0.000108426873339, 0.000109672568215, 0.000102068566775, 0.000168478582054, 0.000101685720438, 0.000108549516881, 5.70219926885e-05, 1.88678477571e-05, 9.49580316956e-06, 2.68273879556e-06], "dmean2": [5.91592834098e-05, 0.0027543832548, 0.00831011030823, 0.00337058538571, 0.00348832923919, 0.000751992163714, 0.000571275886614, 0.00128389464226, 0.000821241119411, 0.000613935582805, 0.000290284020593, 0.000288413779344, 0.000863419321831, 0.00133173412178, 0.00164808670525, 0.000819132255856, 0.000234648323385, 0.000198147943593, 0.000198793772142, 0.000184495118447, 0.000308016780764, 0.000181274474016, 0.000192873034393, 0.000100366356492, 3.32301315211e-05, 1.77910933417e-05, 5.07376216774e-06], "dvar": [1.95870395459e-08, 2.15709260374e-05, 0.000302540895063, 4.46012054454e-05, 5.26356234332e-05, 2.36333357861e-06, 1.03166996723e-06, 6.0158231463e-06, 5.1077486205e-06, 2.69069414571e-06, 4.86229509988e-07, 2.26710511697e-07, 2.30462796935e-06, 6.20518676442e-06, 1.73198823177e-05, 3.48998469235e-06, 2.0653655497e-07, 2.09649712701e-07, 2.48830616556e-07, 2.10121967825e-07, 5.40066764643e-07, 2.14393637066e-07, 2.93440507448e-07, 6.06668848491e-08, 5.77373837629e-09, 1.18981369202e-09, 7.43084621613e-11], "dvar2": [5.18745792988e-08, 6.61164594931e-05, 0.000828806078061, 0.000120518787298, 0.000148323204485, 6.28810948911e-06, 2.23019105761e-06, 1.18737025332e-05, 1.42969174703e-05, 6.60374689687e-06, 1.30310422719e-06, 5.75926492274e-07, 6.64578601572e-06, 1.80831120815e-05, 5.00993119203e-05, 1.00938523246e-05, 5.82659993142e-07, 5.88374518884e-07, 6.92509502187e-07, 5.98574445121e-07, 1.53002099523e-06, 6.4673020006e-07, 8.21392347916e-07, 1.63665887953e-07, 1.57055826122e-08, 3.41579231566e-09, 2.13537895699e-10], "max": [0.00542436074466, 0.0450805276632, 0.165184155107, 0.0549939125776, 0.0964766815305, 0.0225155558437, 0.0155744915828, 0.0559351220727, 0.0611463151872, 0.042770549655, 0.0161912236363, 0.00858058687299, 0.015293462202, 0.0271185319871, 0.0763439536095, 0.0250655021518, 0.00482443766668, 0.0081727495417, 0.00992860179394, 0.00515104969963, 0.00792769156396, 0.00831761676818, 0.0110589629039, 0.00249074818566, 0.000890123366844, 0.000357454031473, 9.89554173429e-05], "mean": [3.30254915752e-05, 0.00231069326401, 0.00482158362865, 0.00173294660635, 0.00264022569172, 0.000492063409183, 0.000590867828578, 0.0027669116389, 0.000793962797616, 0.000513171893544, 0.000162178577739, 0.000136557646329, 0.000266201881459, 0.000444930017693, 0.000510922691319, 0.000269148440566, 8.41331202537e-05, 6.8218956585e-05, 7.02907709638e-05, 6.46617263556e-05, 0.000104431892396, 6.62572929286e-05, 6.95252674632e-05, 3.78219992854e-05, 1.22454275697e-05, 5.51284438188e-06, 1.53078690346e-06], "median": [4.08462892665e-06, 6.22559746262e-05, 8.98347789189e-05, 5.55184924451e-05, 0.000185875731404, 3.62076098099e-05, 0.000156823574798, 0.000145226760651, 2.17950200749e-05, 5.12887854711e-05, 6.55849271425e-06, 1.58187303896e-05, 4.02501564167e-06, 2.16370081034e-05, 3.83990845876e-06, 6.01063766226e-06, 1.32747118187e-06, 5.56372356186e-07, 7.08777463387e-07, 6.1840177068e-07, 9.74518457042e-07, 1.96461186874e-07, 1.44758132592e-07, 5.37608038087e-08, 4.34176961051e-08, 1.14060156875e-08, 3.55594820256e-09], "min": [3.74428663478e-23, 3.04374154779e-23, 1.28177085997e-23, 8.23864714624e-24, 2.00788671543e-23, 1.16588252294e-22, 8.34612124042e-23, 8.20045271002e-23, 6.22644504612e-23, 5.27126512526e-23, 6.14442875552e-23, 1.19815690516e-22, 7.44393636409e-23, 1.00825132712e-22, 1.70643500631e-22, 1.79714870927e-22, 2.59202830765e-22, 1.89495736409e-22, 4.33575825942e-22, 4.06587240922e-22, 3.82820591031e-22, 4.41459739694e-22, 5.67088653506e-22, 8.30577485476e-22, 1.16263112859e-21, 1.75738640884e-21, 1.99280209195e-21], "var": [1.54194008672e-08, 2.79120267805e-05, 0.000241099536652, 3.59986115654e-05, 4.87718680233e-05, 2.33969444707e-06, 1.64128323377e-06, 3.99525015382e-05, 5.16430145581e-06, 3.20687763633e-06, 4.17653183149e-07, 1.8405066271e-07, 1.26991187699e-06, 3.40341716765e-06, 9.53878497967e-06, 1.94268204723e-06, 1.26901170461e-07, 1.2798520288e-07, 1.55657460255e-07, 1.3188409298e-07, 3.24979993138e-07, 1.34689912556e-07, 1.83624393912e-07, 4.14517522529e-08, 3.85359566479e-09, 6.68995969733e-10, 4.10925078687e-11]}, "erbbands": {"dmean": [0.0213301051408, 0.506342589855, 4.10532522202, 8.44693851471, 3.70190572739, 7.91679906845, 7.12519598007, 3.36165785789, 5.18311166763, 12.2392253876, 17.7735157013, 10.6671247482, 12.877617836, 8.2464761734, 7.08060979843, 6.68976354599, 18.3847732544, 36.1403541565, 44.5424613953, 36.7417144775, 17.2045974731, 7.024330616, 5.47350406647, 6.26142549515, 5.57556819916, 4.17830038071, 7.0977845192, 5.37249898911, 3.63136529922, 4.20271015167, 2.56357383728, 1.51592469215, 0.767811596394, 0.282241135836, 0.105346791446, 0.0423953682184, 0.014187624678, 0.0048415036872, 0.000481995521113, 4.03834783356e-05], "dmean2": [0.0357043147087, 0.827866613865, 6.95217990875, 14.4507112503, 5.87249994278, 14.0584087372, 11.7933292389, 5.57588005066, 7.84734106064, 16.7486724854, 26.0502281189, 16.8410148621, 20.3278694153, 12.8709039688, 11.9597654343, 11.7805900574, 34.5596466064, 69.1605834961, 83.5278167725, 69.3457489014, 31.6780128479, 12.7519102097, 10.0006046295, 11.45682621, 10.0670976639, 7.48690319061, 13.061088562, 9.69895362854, 6.48106479645, 7.6670293808, 4.49761581421, 2.6523771286, 1.36308395863, 0.499909847975, 0.187188237906, 0.0775274708867, 0.0268065482378, 0.00923696812242, 0.000904740765691, 7.11569446139e-05], "dvar": [0.00469235656783, 1.87948203087, 200.672729492, 848.052490234, 90.5744781494, 953.966369629, 953.722045898, 116.179855347, 207.588989258, 812.535888672, 3297.4765625, 2147.62695312, 3156.39355469, 822.414367676, 623.154785156, 329.30758667, 3442.6315918, 19815.5214844, 31531.6875, 22803.1035156, 4745.22314453, 612.768981934, 471.227233887, 930.929870605, 743.434204102, 317.811767578, 1022.80303955, 501.46963501, 243.508392334, 602.334106445, 127.323310852, 38.3571014404, 12.3355226517, 1.39152550697, 0.179014384747, 0.0259078610688, 0.00335511146113, 0.000414950889535, 2.01644365916e-06, 8.47254266745e-09], "dvar2": [0.0138409417123, 5.55070066452, 551.032531738, 2303.48950195, 227.461364746, 2746.70239258, 2570.42163086, 310.297729492, 508.824768066, 1472.84143066, 8161.07519531, 6041.52148438, 8522.10742188, 2132.51757812, 1664.93273926, 871.679199219, 9892.671875, 57966.7382812, 90926.6015625, 65615.0703125, 13642.1777344, 1732.82617188, 1316.98828125, 2641.43432617, 2110.95703125, 899.142089844, 2902.79931641, 1414.68078613, 700.635986328, 1834.16052246, 343.3543396, 102.397369385, 33.7304992676, 3.79795670509, 0.485133230686, 0.0722268000245, 0.009770530276, 0.00121334719006, 5.74012210564e-06, 2.32592434202e-08], "max": [0.813572883606, 13.8846921921, 148.057739258, 228.008728027, 114.629127502, 374.542480469, 512.750061035, 134.19732666, 261.823486328, 807.256347656, 1225.19665527, 1188.96582031, 1427.70532227, 669.28894043, 516.638916016, 335.705657959, 556.723327637, 1762.57446289, 3136.56323242, 1985.59033203, 985.924499512, 244.143844604, 280.732666016, 609.864501953, 747.698791504, 294.165344238, 356.192993164, 235.991607666, 216.522796631, 719.321044922, 130.306686401, 67.8652648926, 37.7854232788, 13.7641487122, 4.6750202179, 1.95919322968, 0.737348139286, 0.245263427496, 0.0142784789205, 0.000821993860882], "mean": [0.0307065546513, 0.685810446739, 4.20558309555, 7.87670850754, 5.55466842651, 8.84918403625, 7.96746253967, 3.65328192711, 7.71528196335, 38.5246810913, 42.942653656, 15.958313942, 14.9543857574, 9.84377861023, 6.18922615051, 5.22288703918, 11.0183124542, 21.1056728363, 27.4174156189, 22.0594062805, 10.8393383026, 4.63937473297, 3.45692706108, 3.94589686394, 3.56040477753, 2.70875024796, 4.35224485397, 3.42619395256, 2.37323498726, 2.61817622185, 1.69562005997, 1.01604104042, 0.500591695309, 0.184489354491, 0.0680490359664, 0.0259053315967, 0.0080835185945, 0.00270482059568, 0.000283955712803, 3.64908082702e-05], "median": [0.00102333282121, 0.0171544682235, 0.0954644903541, 0.238530173898, 0.40430611372, 0.61445492506, 0.33340716362, 0.529301047325, 2.49142193794, 1.99304199219, 4.07443523407, 1.93383765221, 1.85105443001, 1.10437333584, 0.717462837696, 0.73826944828, 0.375909328461, 0.667799413204, 1.20287537575, 0.570033490658, 0.344094395638, 0.125971391797, 0.071418941021, 0.048919968307, 0.033989738673, 0.0270799081773, 0.0417870730162, 0.0304432846606, 0.0109005812556, 0.0060509252362, 0.00315695232712, 0.0014644638868, 0.000696208502632, 0.000489936443046, 0.000313727156026, 7.1730792115e-05, 1.83270385605e-05, 5.57679186386e-06, 7.1464105531e-06, 1.04103701233e-05], "min": [1.51832575921e-21, 5.02277760043e-21, 1.17089911789e-20, 2.06540778944e-20, 9.46366094335e-20, 3.48234701455e-20, 5.56080128402e-19, 8.92669225432e-19, 1.08716637421e-18, 1.4436349995e-18, 1.85487559585e-18, 1.65601310479e-18, 1.99705119274e-18, 8.70380843827e-19, 3.43492684384e-18, 4.91519239939e-18, 3.80243926088e-18, 4.71590804622e-18, 9.87368191359e-18, 8.48376040415e-18, 9.90088540239e-18, 1.17118956104e-17, 1.20554758311e-17, 1.36508342631e-17, 2.67522154588e-17, 1.95014678465e-17, 1.92453743832e-17, 1.47831386426e-17, 1.38916662441e-17, 1.56589144618e-17, 1.60725213117e-17, 1.78058915202e-17, 1.35355732622e-17, 1.09478503852e-17, 8.95847191307e-18, 8.04967752538e-18, 2.91156325962e-18, 9.92355035797e-19, 2.95909672823e-19, 2.89303220378e-20], "var": [0.00791006349027, 2.3507733345, 163.375991821, 688.515197754, 125.979797363, 767.054199219, 927.574584961, 110.059989929, 270.98223877, 7691.41894531, 9676.74316406, 1970.40441895, 2737.59375, 878.982727051, 461.820587158, 243.315307617, 1921.0246582, 10538.9970703, 17592.0332031, 12764.2646484, 2706.04101562, 374.86239624, 290.237213135, 550.4453125, 447.689758301, 210.745315552, 608.098999023, 313.323638916, 157.589904785, 343.473510742, 86.8690185547, 26.977104187, 8.09420108795, 0.924825012684, 0.119195595384, 0.0159276276827, 0.00181078433525, 0.00022042026103, 1.14371050586e-06, 5.92742477323e-09]}, "gfcc": {"mean": [-205.278488159, 129.407272339, -109.446235657, 6.35938167572, -51.3079299927, 3.79582810402, -22.9980888367, -4.61460876465, -4.45001220703, 1.39674043655, -22.0462093353, -15.6001214981, -4.53445005417], "cov": [[35269.90625, 3563.09521484, -1035.80371094, 1349.29980469, -734.149841309, 247.329437256, -1346.68457031, -488.439849854, -193.321807861, -504.810455322, -303.892547607, -600.630554199, -722.74041748], [3563.09521484, 4274.01025391, -119.996330261, -557.428039551, -45.9585113525, -653.28527832, 17.1636009216, -182.608856201, 381.883422852, -330.082977295, 22.5908088684, -302.037414551, 335.234100342], [-1035.80371094, -119.996330261, 2046.90356445, 1251.31677246, 226.106613159, 520.253112793, 59.3134155273, -93.1493911743, -279.149993896, -254.92956543, -378.918182373, -210.014450073, -79.6237869263], [1349.29980469, -557.428039551, 1251.31677246, 1845.08251953, 217.372634888, 627.832092285, -61.8363342285, -16.0007095337, -405.043182373, -338.763519287, -301.939544678, -163.559143066, -153.584213257], [-734.149841309, -45.9585113525, 226.106613159, 217.372634888, 498.580352783, 220.470321655, 52.877407074, -15.1899633408, -85.7016677856, -62.3349571228, -35.4879188538, 10.9777154922, -4.59378767014], [247.329437256, -653.28527832, 520.253112793, 627.832092285, 220.470321655, 646.438720703, 37.6643028259, 11.9257097244, -166.438842773, -61.6491928101, -164.717788696, -26.1973705292, -101.715400696], [-1346.68457031, 17.1636009216, 59.3134155273, -61.8363342285, 52.877407074, 37.6643028259, 342.83215332, 124.330131531, 86.796081543, 78.5688171387, 15.8752298355, -29.1380672455, 11.1791696548], [-488.439849854, -182.608856201, -93.1493911743, -16.0007095337, -15.1899633408, 11.9257097244, 124.330131531, 230.033828735, 104.606361389, 47.9440841675, 66.3476028442, 27.7594013214, -23.7744064331], [-193.321807861, 381.883422852, -279.149993896, -405.043182373, -85.7016677856, -166.438842773, 86.796081543, 104.606361389, 333.777282715, 156.722061157, 90.0463867188, 0.363766640425, 34.0434341431], [-504.810455322, -330.082977295, -254.92956543, -338.763519287, -62.3349571228, -61.6491928101, 78.5688171387, 47.9440841675, 156.722061157, 281.759368896, 103.440628052, 52.6406173706, -39.3265266418], [-303.892547607, 22.5908088684, -378.918182373, -301.939544678, -35.4879188538, -164.717788696, 15.8752298355, 66.3476028442, 90.0463867188, 103.440628052, 279.403289795, 121.716117859, 13.6042919159], [-600.630554199, -302.037414551, -210.014450073, -163.559143066, 10.9777154922, -26.1973705292, -29.1380672455, 27.7594013214, 0.363766640425, 52.6406173706, 121.716117859, 211.824356079, 67.1152877808], [-722.74041748, 335.234100342, -79.6237869263, -153.584213257, -4.59378767014, -101.715400696, 11.1791696548, -23.7744064331, 34.0434341431, -39.3265266418, 13.6042919159, 67.1152877808, 187.834136963]], "icov": [[6.75080445944e-05, -0.000147762999404, 0.000120881879411, -0.000103276106529, 0.000120855846035, -0.000120654978673, 0.000216101863771, -3.11248259095e-05, 9.80339173111e-05, -0.000145523241372, 0.00014004802506, -0.00013845389185, 0.000402180186938], [-0.000147762999404, 0.00101391097996, -0.000310751318466, 0.000307317037368, -0.00040775744128, 0.000522242218722, -0.000647521868814, 0.000926478125621, -0.00147368153557, 0.00173133565113, -0.00100010854658, 0.00150598562323, -0.0016660237452], [0.000120881879411, -0.000310751318466, 0.00122817151714, -0.000758452981245, 0.000141977187013, -0.000335152377374, -1.50895020852e-05, 0.000341273873346, 0.000129537409521, -0.00029489636654, 0.000870260584634, -0.000217698267079, 0.000715816102456], [-0.000103276106529, 0.000307317037368, -0.000758452981245, 0.00172997370828, -0.000129008461954, -0.000545316841453, 4.04446509492e-05, -0.000671916408464, 0.000552052049898, 0.00116999691818, -0.000433540873928, 0.000833609665278, -0.000360303471098], [0.000120855846035, -0.00040775744128, 0.000141977187013, -0.000129008461954, 0.00280842138454, -0.00117933517322, -0.000213603692828, 0.000318819802487, 0.000453007291071, 0.000128738669446, -5.51819357497e-05, -0.000839875952806, 0.000879527302459], [-0.000120654978673, 0.000522242218722, -0.000335152377374, -0.000545316841453, -0.00117933517322, 0.00361052015796, -0.000860909349285, 8.50203578011e-05, -0.000308879301883, 0.000114910712, 0.00116258999333, -0.000754129665438, 0.000269340904197], [0.000216101863771, -0.000647521868814, -1.50895020852e-05, 4.04446509492e-05, -0.000213603692828, -0.000860909349285, 0.00561194960028, -0.00340410810895, 0.00132899533492, -0.00275263399817, 0.00019013567362, 0.00159885897301, -0.000624695268925], [-3.11248259095e-05, 0.000926478125621, 0.000341273873346, -0.000671916408464, 0.000318819802487, 8.50203578011e-05, -0.00340410810895, 0.00917799398303, -0.00492302561179, 0.00375461764634, -0.00169450393878, -0.00102112686727, 0.0014060435351], [9.80339173111e-05, -0.00147368153557, 0.000129537409521, 0.000552052049898, 0.000453007291071, -0.000308879301883, 0.00132899533492, -0.00492302561179, 0.0092783998698, -0.00597053859383, 0.000956090749241, 0.000592723023146, -0.000557462917641], [-0.000145523241372, 0.00173133565113, -0.00029489636654, 0.00116999691818, 0.000128738669446, 0.000114910712, -0.00275263399817, 0.00375461764634, -0.00597053859383, 0.0110151087865, -0.00227481685579, -8.12684447737e-05, 0.00146828906145], [0.00014004802506, -0.00100010854658, 0.000870260584634, -0.000433540873928, -5.51819357497e-05, 0.00116258999333, 0.00019013567362, -0.00169450393878, 0.000956090749241, -0.00227481685579, 0.00831562560052, -0.00540408678353, 0.00341974617913], [-0.00013845389185, 0.00150598562323, -0.000217698267079, 0.000833609665278, -0.000839875952806, -0.000754129665438, 0.00159885897301, -0.00102112686727, 0.000592723023146, -8.12684447737e-05, -0.00540408678353, 0.0127291055396, -0.00756580894813], [0.000402180186938, -0.0016660237452, 0.000715816102456, -0.000360303471098, 0.000879527302459, 0.000269340904197, -0.000624695268925, 0.0014060435351, -0.000557462917641, 0.00146828906145, 0.00341974617913, -0.00756580894813, 0.0131002049893]]}, "melbands": {"dmean": [0.0003326733422, 0.00168076669797, 0.00124193460215, 0.00039574955008, 0.000296689133393, 7.88208126323e-05, 7.62979980209e-05, 0.000160892290296, 0.000142880046042, 6.3136103563e-05, 6.6573767981e-05, 3.7233439798e-05, 2.30106434174e-05, 1.97837671294e-05, 2.16886510316e-05, 5.58582651138e-05, 6.68410793878e-05, 6.67025888106e-05, 6.66201012791e-05, 4.04040802096e-05, 1.54243771249e-05, 7.73554620537e-06, 5.19310151503e-06, 4.63146170659e-06, 5.22590744367e-06, 3.74899877897e-06, 3.71976648239e-06, 2.59830289906e-06, 4.31216949437e-06, 4.83544454255e-06, 2.47614434556e-06, 1.92232073459e-06, 2.14070200855e-06, 2.50955804404e-06, 1.49011498252e-06, 1.10106179818e-06, 9.0580641654e-07, 5.98354120029e-07, 3.2528245697e-07, 2.12108474784e-07], "dmean2": [0.000553800608031, 0.00278913299553, 0.00210072332993, 0.000683587859385, 0.000502565875649, 0.000129214051412, 0.000115737879241, 0.000215963838855, 0.000212602040847, 0.000100706718513, 0.000104147104139, 5.66603121115e-05, 3.8549562305e-05, 3.37940182362e-05, 3.92638066842e-05, 0.000106318206235, 0.000127852224978, 0.000124202779261, 0.000126177896163, 7.57430243539e-05, 2.84636898868e-05, 1.40519841807e-05, 9.46303407545e-06, 8.43266752781e-06, 9.59048611548e-06, 6.77831076246e-06, 6.75910405334e-06, 4.66044639325e-06, 7.89399109635e-06, 9.00959275896e-06, 4.39270934294e-06, 3.41555573868e-06, 3.8662078623e-06, 4.60528963231e-06, 2.61359741671e-06, 1.9074498141e-06, 1.59943147082e-06, 1.06615664208e-06, 5.79804463996e-07, 3.75419972443e-07], "dvar": [9.47819671637e-07, 2.978133125e-05, 1.77912770596e-05, 1.60578042596e-06, 1.6966654357e-06, 6.30545926583e-08, 4.34708269381e-08, 1.44736532093e-07, 2.45589063752e-07, 7.88430298826e-08, 8.17240035644e-08, 1.61291033862e-08, 7.92273979755e-09, 3.68483221713e-09, 3.5047105218e-09, 4.08723721534e-08, 6.90720867169e-08, 6.23167508707e-08, 1.05325270283e-07, 2.89232851003e-08, 4.05838429529e-09, 7.8871575937e-10, 4.56405746529e-10, 4.2702358316e-10, 7.09500957985e-10, 3.02852493084e-10, 3.59570595521e-10, 1.24882312824e-10, 3.89143273161e-10, 5.09019049133e-10, 9.99669583224e-11, 7.89400766976e-11, 1.18030529794e-10, 2.51976411958e-10, 4.29412790048e-11, 1.97429381871e-11, 1.45336173651e-11, 7.94641262514e-12, 2.04889295634e-12, 7.86455590322e-13], "dvar2": [2.93152902486e-06, 8.05758390925e-05, 4.78236506751e-05, 4.54954897577e-06, 4.6546770136e-06, 1.68832286818e-07, 1.04380163179e-07, 2.56395452425e-07, 6.46457976927e-07, 2.21156284397e-07, 2.16916689055e-07, 3.96503700983e-08, 2.18421298825e-08, 9.01592223101e-09, 9.74555369737e-09, 1.18616917177e-07, 2.02414739192e-07, 1.79357229513e-07, 3.05517744437e-07, 8.36679134864e-08, 1.165934993e-08, 2.23852958392e-09, 1.28416322021e-09, 1.20422316563e-09, 2.02219063716e-09, 8.50566506116e-10, 1.03514397054e-09, 3.46956102737e-10, 1.1016766388e-09, 1.46614287377e-09, 2.77259992743e-10, 2.24127202908e-10, 3.62606805693e-10, 7.50216222478e-10, 1.15189358052e-10, 5.18750112311e-11, 3.90740391432e-11, 2.18731872892e-11, 5.59098340541e-12, 2.15331094969e-12], "max": [0.00990974251181, 0.0589152052999, 0.0327566973865, 0.016673501581, 0.0208480823785, 0.00321145565249, 0.00358939915895, 0.0105429124087, 0.0119657227769, 0.00718474015594, 0.00740263191983, 0.00292666838504, 0.00192341534421, 0.000771926599555, 0.000930424313992, 0.00228452705778, 0.00327030522749, 0.0040123835206, 0.00539181753993, 0.00212967465632, 0.0010313228704, 0.000339215999702, 0.000408485531807, 0.00043843826279, 0.000580184569117, 0.000467531412141, 0.000453163462225, 0.000242804162554, 0.000237711254158, 0.000227090305998, 0.000145576690556, 0.000184143573279, 0.000264113245066, 0.000490028585773, 7.70089463913e-05, 5.53874779143e-05, 3.97834955947e-05, 3.17018129863e-05, 1.55524958245e-05, 1.12262705443e-05], "mean": [0.000462825642899, 0.00186388858128, 0.00122164015193, 0.000541832007002, 0.000319076381857, 8.87488713488e-05, 0.000105468956463, 0.000516100612003, 0.000322445615893, 8.68180359248e-05, 7.75599692133e-05, 4.6765551815e-05, 2.01751663553e-05, 1.60917879839e-05, 1.53075379785e-05, 3.18268430419e-05, 3.95057577407e-05, 4.242993964e-05, 3.92844885937e-05, 2.43707327172e-05, 9.86151280813e-06, 5.10107884111e-06, 3.25558789882e-06, 2.94161441161e-06, 3.2741470477e-06, 2.40849408328e-06, 2.3652623895e-06, 1.67800590134e-06, 2.65253265752e-06, 2.86884255729e-06, 1.65801304775e-06, 1.26464794903e-06, 1.36686958285e-06, 1.5440811012e-06, 9.87560838439e-07, 7.5071682204e-07, 5.98475935476e-07, 3.87853816619e-07, 2.11940857753e-07, 1.38198288369e-07], "median": [1.52081374836e-05, 4.57815258414e-05, 5.47457857465e-05, 3.75103045371e-05, 1.42578737723e-05, 1.41096015795e-05, 2.89804902422e-05, 1.49668549057e-05, 2.45512783295e-05, 2.86657405013e-06, 7.83639461588e-06, 4.92352182846e-06, 1.50520588704e-06, 1.65171059052e-06, 1.01340708625e-06, 1.242053429e-07, 1.38239715852e-06, 1.81938469268e-06, 3.72110406488e-07, 5.35967387805e-07, 1.91899630408e-07, 8.19975554123e-08, 5.53962387073e-08, 2.59146766268e-08, 3.17264188254e-08, 2.25711591639e-08, 1.72267853316e-08, 1.235619429e-08, 2.34328965121e-08, 2.16079811821e-08, 1.29723343179e-08, 4.69431249428e-09, 2.67700839274e-09, 3.49669893041e-09, 1.95045624096e-09, 1.06181974324e-09, 7.49427186975e-10, 4.70282868203e-10, 3.43895911747e-10, 4.56336857191e-10], "min": [1.28347330069e-23, 6.09599482587e-24, 6.45470683998e-24, 4.3397178994e-24, 1.51367545572e-23, 2.11691691663e-23, 1.62273452924e-23, 1.59041758008e-23, 1.53478190256e-23, 9.71004076185e-24, 9.57744113229e-24, 2.97739455913e-24, 8.63471054092e-24, 1.20152887533e-23, 1.19985759461e-23, 8.34999959618e-24, 8.25624347759e-24, 1.55427228895e-23, 1.11421704036e-23, 1.28385637155e-23, 1.1368298171e-23, 1.06656857951e-23, 1.62384666534e-23, 8.0937081544e-24, 1.06222952899e-23, 1.83846810752e-23, 1.5552122956e-23, 1.38965453074e-23, 1.02935950945e-23, 1.07825097843e-23, 8.74162959257e-24, 8.28144521693e-24, 7.34995826005e-24, 9.27735371078e-24, 9.55200983443e-24, 9.24021966139e-24, 1.10683992872e-23, 9.94403741672e-24, 8.27989510525e-24, 9.70186500743e-24], "var": [1.32320599278e-06, 2.66434708465e-05, 1.47312839545e-05, 1.61158516221e-06, 1.56829923981e-06, 6.14664514842e-08, 5.74088652172e-08, 1.3899135638e-06, 5.10582992774e-07, 7.26784534777e-08, 7.57435500987e-08, 2.00799572525e-08, 5.76898262494e-09, 3.18828630164e-09, 2.21897944463e-09, 2.21292459912e-08, 3.66844048472e-08, 3.53261242481e-08, 5.76228558202e-08, 1.60284994166e-08, 2.32500663166e-09, 4.77766493034e-10, 2.7516283696e-10, 2.57116050673e-10, 4.1302919418e-10, 1.84489715171e-10, 2.15325826614e-10, 8.37101776785e-11, 2.32411451195e-10, 2.89127388697e-10, 6.63108110088e-11, 5.02396284296e-11, 7.04238473093e-11, 1.40989359076e-10, 2.93632687609e-11, 1.43887783632e-11, 9.965086048e-12, 5.12557834717e-12, 1.35123054239e-12, 5.20187625613e-13]}, "mfcc": {"mean": [-838.406494141, 151.685760498, 12.3877868652, 9.86896419525, -0.755855500698, 8.86790370941, -6.34556913376, -4.13274383545, 11.5955209732, 9.12559318542, -1.91790151596, -1.50472581387, -3.9869427681], "cov": [[19925.4453125, 1774.25683594, -1130.14892578, 307.16418457, 93.7105865479, 440.94128418, -679.969360352, -62.8635940552, -414.741088867, 37.8928070068, -69.6387329102, 142.796691895, 100.762748718], [1774.25683594, 3745.92407227, 252.046142578, -195.531921387, -101.146858215, -311.698272705, -321.884887695, -217.140365601, 206.638580322, 49.7715492249, -133.663162231, 3.98615098, 55.9099006653], [-1130.14892578, 252.046142578, 1345.61584473, 672.608398438, 327.060943604, 282.204620361, 177.642272949, 135.358261108, 115.257148743, -41.8072624207, -179.105224609, -124.994125366, -219.083251953], [307.16418457, -195.531921387, 672.608398438, 807.813415527, 384.711212158, 266.079650879, 233.187927246, 211.120758057, 15.4854927063, -45.7480163574, -112.817512512, -90.339302063, -121.476333618], [93.7105865479, -101.146858215, 327.060943604, 384.711212158, 549.899597168, 331.840179443, 146.670120239, 136.904922485, -39.0129890442, -83.4957275391, -137.783843994, -114.537384033, -167.723907471], [440.94128418, -311.698272705, 282.204620361, 266.079650879, 331.840179443, 539.293945312, 214.263381958, 104.413604736, 47.1744918823, -18.2768440247, -31.8334712982, -19.653963089, -158.827392578], [-679.969360352, -321.884887695, 177.642272949, 233.187927246, 146.670120239, 214.263381958, 321.482788086, 156.283691406, 17.6857719421, -4.41801118851, -23.3444385529, -20.1208095551, -49.9193954468], [-62.8635940552, -217.140365601, 135.358261108, 211.120758057, 136.904922485, 104.413604736, 156.283691406, 244.737228394, 70.5012130737, 1.71714162827, -16.8099079132, -3.40790748596, 1.87569534779], [-414.741088867, 206.638580322, 115.257148743, 15.4854927063, -39.0129890442, 47.1744918823, 17.6857719421, 70.5012130737, 280.039398193, 98.0884933472, 18.4893989563, 66.7497787476, 7.587931633], [37.8928070068, 49.7715492249, -41.8072624207, -45.7480163574, -83.4957275391, -18.2768440247, -4.41801118851, 1.71714162827, 98.0884933472, 181.369277954, 113.458831787, 36.1976013184, 44.2415351868], [-69.6387329102, -133.663162231, -179.105224609, -112.817512512, -137.783843994, -31.8334712982, -23.3444385529, -16.8099079132, 18.4893989563, 113.458831787, 236.596389771, 124.059295654, 47.8018455505], [142.796691895, 3.98615098, -124.994125366, -90.339302063, -114.537384033, -19.653963089, -20.1208095551, -3.40790748596, 66.7497787476, 36.1976013184, 124.059295654, 232.772064209, 143.165878296], [100.762748718, 55.9099006653, -219.083251953, -121.476333618, -167.723907471, -158.827392578, -49.9193954468, 1.87569534779, 7.587931633, 44.2415351868, 47.8018455505, 143.165878296, 331.124298096]], "icov": [[0.000155616973643, -0.000140545686008, 0.000371544447262, -0.000473769789096, 0.000531131459866, -0.000696531147696, 0.000871274678502, -0.000628177134786, 0.000832977239043, -0.00074244645657, 0.000795277941506, -0.000554997881409, 0.000323501619278], [-0.000140545686008, 0.000484929914819, -0.00046740329708, 0.000530640129, -0.000707126571797, 0.000893603893928, -0.000649482593872, 0.000910591043066, -0.00109759194311, 0.000567487382796, -0.000497040338814, 0.000423107063398, -0.000348167639459], [0.000371544447262, -0.00046740329708, 0.00247852201574, -0.00244460208341, 0.00161361461505, -0.0019335943507, 0.00210496527143, -0.0012893100502, 0.00156047265045, -0.00192325096577, 0.00263145426288, -0.00145105167758, 0.00139212526847], [-0.000473769789096, 0.000530640129, -0.00244460208341, 0.00475280918181, -0.00297605013475, 0.00242415559478, -0.00336129567586, 0.000827020499855, -0.00211014226079, 0.00210415758193, -0.00259189889766, 0.00172048632521, -0.00127783347853], [0.000531131459866, -0.000707126571797, 0.00161361461505, -0.00297605013475, 0.00702998973429, -0.00500766281039, 0.00418726587668, -0.00432167295367, 0.00466849375516, -0.00312149943784, 0.00486482074484, -0.00210790103301, 0.00226741586812], [-0.000696531147696, 0.000893603893928, -0.0019335943507, 0.00242415559478, -0.00500766281039, 0.00766169605777, -0.00606376910582, 0.00412929710001, -0.0049016000703, 0.00337607087567, -0.00405495520681, 0.00136555661447, -0.000471775623737], [0.000871274678502, -0.000649482593872, 0.00210496527143, -0.00336129567586, 0.00418726587668, -0.00606376910582, 0.011183229275, -0.0068814936094, 0.00597567390651, -0.00527019705623, 0.00557104451582, -0.00351424445398, 0.00222386932001], [-0.000628177134786, 0.000910591043066, -0.0012893100502, 0.000827020499855, -0.00432167295367, 0.00412929710001, -0.0068814936094, 0.011535378173, -0.00723699107766, 0.00528557552025, -0.00546839134768, 0.0039923498407, -0.00330049311742], [0.000832977239043, -0.00109759194311, 0.00156047265045, -0.00211014226079, 0.00466849375516, -0.0049016000703, 0.00597567390651, -0.00723699107766, 0.0126479445025, -0.010101868771, 0.00890805665404, -0.00755860703066, 0.00418762350455], [-0.00074244645657, 0.000567487382796, -0.00192325096577, 0.00210415758193, -0.00312149943784, 0.00337607087567, -0.00527019705623, 0.00528557552025, -0.010101868771, 0.01747280173, -0.0131040690467, 0.00899853277951, -0.005258617457], [0.000795277941506, -0.000497040338814, 0.00263145426288, -0.00259189889766, 0.00486482074484, -0.00405495520681, 0.00557104451582, -0.00546839134768, 0.00890805665404, -0.0131040690467, 0.0176221188158, -0.0111137768254, 0.00583005091175], [-0.000554997881409, 0.000423107063398, -0.00145105167758, 0.00172048632521, -0.00210790103301, 0.00136555661447, -0.00351424445398, 0.0039923498407, -0.00755860703066, 0.00899853277951, -0.0111137768254, 0.0142002897337, -0.00676091481], [0.000323501619278, -0.000348167639459, 0.00139212526847, -0.00127783347853, 0.00226741586812, -0.000471775623737, 0.00222386932001, -0.00330049311742, 0.00418762350455, -0.005258617457, 0.00583005091175, -0.00676091481, 0.00739700114354]]}, "spectral_contrast_coeffs": {"dmean": [0.051122404635, 0.0573700629175, 0.0603613294661, 0.052908603102, 0.0314790084958, 0.0229897331446], "dmean2": [0.0833643749356, 0.0850683152676, 0.0886639580131, 0.0865211486816, 0.0497005917132, 0.0378895141184], "dvar": [0.0028930332046, 0.00345161068253, 0.00396403856575, 0.0028157166671, 0.0010120566003, 0.000546320981812], "dvar2": [0.00688098696992, 0.00730726961046, 0.0075985211879, 0.00662274798378, 0.00235361955129, 0.00147036707494], "max": [-0.314850240946, -0.272117704153, -0.337888121605, -0.480270624161, -0.526694715023, -0.542808055878], "mean": [-0.642593085766, -0.646923601627, -0.704698562622, -0.743895351887, -0.811133921146, -0.782020151615], "median": [-0.642288208008, -0.651116430759, -0.724115133286, -0.75442647934, -0.82768535614, -0.783640742302], "min": [-0.978228628635, -0.984805643559, -0.969755709171, -0.970766305923, -0.9656701684, -0.962029874325], "var": [0.0167890768498, 0.022632850334, 0.0182042364031, 0.0109432796016, 0.00452729035169, 0.00178221159149]}, "spectral_contrast_valleys": {"dmean": [0.645735323429, 0.789325773716, 0.931132555008, 1.01042866707, 0.888868033886, 0.918392062187], "dmean2": [0.934050619602, 1.13899838924, 1.31341016293, 1.45660495758, 1.23921775818, 1.25973832607], "dvar": [0.520457565784, 0.976887881756, 1.25110220909, 1.61667561531, 1.29113054276, 1.2340092659], "dvar2": [0.903564035892, 1.86615788937, 2.37479138374, 3.09776473045, 2.62204623222, 2.46783804893], "max": [-4.92559051514, -