{"lowlevel": {"average_loudness": 0.700981676579, "barkbands_crest": {"dmean": 2.88051724434, "dmean2": 4.22525978088, "dvar": 7.54268503189, "dvar2": 13.7217617035, "max": 26.6737594604, "mean": 12.5221557617, "median": 11.7005290985, "min": 2.42082619667, "var": 27.464258194}, "barkbands_flatness_db": {"dmean": 0.0382103547454, "dmean2": 0.0499815605581, "dvar": 0.00188079918735, "dvar2": 0.00322931306437, "max": 0.721374630928, "mean": 0.199761748314, "median": 0.169945701957, "min": 0.0257449690253, "var": 0.012757002376}, "barkbands_kurtosis": {"dmean": 27.0212726593, "dmean2": 41.6493759155, "dvar": 39956.8515625, "dvar2": 102284.117188, "max": 7801.36425781, "mean": 29.1380329132, "median": 5.28267765045, "min": -1.9424405098, "var": 35007.7734375}, "barkbands_skewness": {"dmean": 1.17137277126, "dmean2": 1.61772477627, "dvar": 6.50987100601, "dvar2": 13.9342298508, "max": 63.6574668884, "mean": 2.22725081444, "median": 1.71978783607, "min": -7.12515449524, "var": 13.6294345856}, "barkbands_spread": {"dmean": 7.37320661545, "dmean2": 10.9371452332, "dvar": 154.940475464, "dvar2": 315.686798096, "max": 129.678649902, "mean": 21.9434528351, "median": 13.0815563202, "min": 0.0254317037761, "var": 580.835693359}, "dissonance": {"dmean": 0.0310411565006, "dmean2": 0.0491314232349, "dvar": 0.001415718114, "dvar2": 0.00323221692815, "max": 0.5, "mean": 0.416259944439, "median": 0.436692148447, "min": 0.0403408706188, "var": 0.00614416785538}, "dynamic_complexity": 5.95532608032, "erbbands_crest": {"dmean": 3.0982375145, "dmean2": 4.85357999802, "dvar": 9.73267555237, "dvar2": 21.2209262848, "max": 33.4695281982, "mean": 13.1010541916, "median": 11.8925247192, "min": 2.51238822937, "var": 39.3330688477}, "erbbands_flatness_db": {"dmean": 0.0289820898324, "dmean2": 0.0419054403901, "dvar": 0.00120426691137, "dvar2": 0.00230349833146, "max": 0.588270843029, "mean": 0.187677145004, "median": 0.167624950409, "min": 0.0372249111533, "var": 0.00703479861841}, "erbbands_kurtosis": {"dmean": 5.47396659851, "dmean2": 8.70455360413, "dvar": 223.991104126, "dvar2": 584.124816895, "max": 363.317169189, "mean": 7.66366577148, "median": 1.48907637596, "min": -1.89438700676, "var": 397.547241211}, "erbbands_skewness": {"dmean": 0.757036685944, "dmean2": 1.16198730469, "dvar": 1.25838816166, "dvar2": 3.07685256004, "max": 16.3922653198, "mean": 1.06494617462, "median": 0.926138997078, "min": -4.33698225021, "var": 3.09613895416}, "erbbands_spread": {"dmean": 12.2008714676, "dmean2": 18.7103538513, "dvar": 294.853820801, "dvar2": 652.477233887, "max": 219.31338501, "mean": 39.6553077698, "median": 33.3393249512, "min": 0.408981382847, "var": 892.167541504}, "hfc": {"dmean": 5.10398101807, "dmean2": 7.01839780807, "dvar": 57.7048912048, "dvar2": 129.653137207, "max": 149.961135864, "mean": 12.4704961777, "median": 7.17323446274, "min": 1.06937274316e-16, "var": 222.850311279}, "melbands_crest": {"dmean": 3.78876781464, "dmean2": 5.83602762222, "dvar": 13.2586755753, "dvar2": 27.620098114, "max": 33.6826515198, "mean": 16.6721153259, "median": 16.0055541992, "min": 1.59378159046, "var": 46.4982948303}, "melbands_flatness_db": {"dmean": 0.0450865253806, "dmean2": 0.0574161931872, "dvar": 0.00274716410786, "dvar2": 0.00445264903829, "max": 0.889102160931, "mean": 0.263115078211, "median": 0.233054324985, "min": 0.00310310465284, "var": 0.0216833706945}, "melbands_kurtosis": {"dmean": 22.0296192169, "dmean2": 33.3466644287, "dvar": 6348.85888672, "dvar2": 14408.8085938, "max": 1955.1237793, "mean": 34.5436706543, "median": 10.0151557922, "min": -1.93548774719, "var": 10332.0419922}, "melbands_skewness": {"dmean": 1.17300236225, "dmean2": 1.67773365974, "dvar": 3.2102227211, "dvar2": 6.14877176285, "max": 32.3561325073, "mean": 2.93130707741, "median": 2.33891844749, "min": -5.82883930206, "var": 10.0113477707}, "melbands_spread": {"dmean": 9.0845823288, "dmean2": 13.7560529709, "dvar": 381.686401367, "dvar2": 848.786254883, "max": 274.360687256, "mean": 24.7501888275, "median": 11.9930591583, "min": 0.160508438945, "var": 1163.92150879}, "pitch_salience": {"dmean": 0.082979850471, "dmean2": 0.125337764621, "dvar": 0.00829675979912, "dvar2": 0.017090594396, "max": 0.897826731205, "mean": 0.447847992182, "median": 0.449403464794, "min": 0.0199519749731, "var": 0.0253586005419}, "silence_rate_20dB": {"dmean": 0, "dmean2": 0, "dvar": 0, "dvar2": 0, "max": 1, "mean": 1, "median": 1, "min": 1, "var": 0}, "silence_rate_30dB": {"dmean": 0.0154147455469, "dmean2": 0.0308314375579, "dvar": 0.0151797877625, "dvar2": 0.0383491180837, "max": 1, "mean": 0.986734032631, "median": 1, "min": 0, "var": 0.0130912819877}, "silence_rate_60dB": {"dmean": 0.0774527788162, "dmean2": 0.154915332794, "dvar": 0.0714446529746, "dvar2": 0.14040723443, "max": 1, "mean": 0.303916603327, "median": 0, "min": 0, "var": 0.211546778679}, "spectral_centroid": {"dmean": 268.920227051, "dmean2": 380.390930176, "dvar": 195657.3125, "dvar2": 320854.03125, "max": 11738.7490234, "mean": 1320.28015137, "median": 852.388427734, "min": 68.0123443604, "var": 2039199.25}, "spectral_complexity": {"dmean": 1.73870742321, "dmean2": 2.66123318672, "dvar": 5.65853357315, "dvar2": 11.5009260178, "max": 45, "mean": 8.12987995148, "median": 7, "min": 0, "var": 45.3722000122}, "spectral_decrease": {"dmean": 2.65119726173e-09, "dmean2": 3.07390313203e-09, "dvar": 1.26677119072e-17, "dvar2": 2.03543704674e-17, "max": 7.7116646402e-11, "mean": -6.32405328105e-09, "median": -2.99520142022e-09, "min": -4.6256381836e-08, "var": 5.61853299003e-17}, "spectral_energy": {"dmean": 0.0103292707354, "dmean2": 0.0120364902541, "dvar": 0.00018959758745, "dvar2": 0.000307370472001, "max": 0.181004568934, "mean": 0.0249995961785, "median": 0.0122488597408, "min": 1.01207793612e-20, "var": 0.000848409836181}, "spectral_energyband_high": {"dmean": 0.000274115445791, "dmean2": 0.000407007843023, "dvar": 2.89766063588e-07, "dvar2": 7.09310938873e-07, "max": 0.0177262257785, "mean": 0.000503000570461, "median": 0.000200184382265, "min": 7.11902815995e-21, "var": 1.39167957514e-06}, "spectral_energyband_low": {"dmean": 0.00644044438377, "dmean2": 0.00720463553444, "dvar": 0.000132801651489, "dvar2": 0.000182023941306, "max": 0.0979183167219, "mean": 0.0112586226314, "median": 0.000935157062486, "min": 1.47938493435e-23, "var": 0.000417212140746}, "spectral_energyband_middle_high": {"dmean": 0.00125612784177, "dmean2": 0.00167802802753, "dvar": 1.45722497109e-05, "dvar2": 2.90447860607e-05, "max": 0.0866331979632, "mean": 0.0029524716083, "median": 0.000681754492689, "min": 1.14130043069e-21, "var": 4.65404373244e-05}, "spectral_energyband_middle_low": {"dmean": 0.00656922347844, "dmean2": 0.010230101645, "dvar": 0.000132450499223, "dvar2": 0.000334084936185, "max": 0.161893948913, "mean": 0.0113111417741, "median": 0.00450798589736, "min": 1.79884318249e-22, "var": 0.000274570222246}, "spectral_entropy": {"dmean": 0.350863486528, "dmean2": 0.504494905472, "dvar": 0.198436185718, "dvar2": 0.368034332991, "max": 9.82260608673, "mean": 7.16306495667, "median": 7.29988765717, "min": 3.29869055748, "var": 1.1330999136}, "spectral_flux": {"dmean": 0.0349705703557, "dmean2": 0.0470562539995, "dvar": 0.00140151544474, "dvar2": 0.00253844470717, "max": 0.351536720991, "mean": 0.0772039890289, "median": 0.0537242107093, "min": 6.33010519002e-11, "var": 0.00519316736609}, "spectral_kurtosis": {"dmean": 5.69310188293, "dmean2": 9.13489151001, "dvar": 596.419189453, "dvar2": 1627.33154297, "max": 633.044921875, "mean": 8.91250228882, "median": 3.16182494164, "min": -1.2592138052, "var": 834.267578125}, "spectral_rms": {"dmean": 0.000958775461186, "dmean2": 0.00110041722655, "dvar": 1.20899960621e-06, "dvar2": 1.64384186974e-06, "max": 0.0132887102664, "mean": 0.00395540706813, "median": 0.00345689291134, "min": 3.14228114015e-12, "var": 8.74440229381e-06}, "spectral_rolloff": {"dmean": 864.817382812, "dmean2": 1401.45800781, "dvar": 4087835.5, "dvar2": 8172731.5, "max": 19810.546875, "mean": 2600.39599609, "median": 775.1953125, "min": 64.599609375, "var": 15626205}, "spectral_skewness": {"dmean": 0.463299423456, "dmean2": 0.687293410301, "dvar": 1.07301068306, "dvar2": 2.6258559227, "max": 20.4609050751, "mean": 1.94466757774, "median": 1.62621819973, "min": -0.0846510529518, "var": 3.16766119003}, "spectral_spread": {"dmean": 1051881, "dmean2": 1545953.75, "dvar": 1558515023870.0, "dvar2": 3164639854590.0, "max": 42343276, "mean": 6799450.5, "median": 6108917, "min": 172593.46875, "var": 15356189999100.0}, "spectral_strongpeak": {"dmean": 0.446822673082, "dmean2": 0.689752876759, "dvar": 0.554315209389, "dvar2": 1.25565683842, "max": 13.0032844543, "mean": 0.954282402992, "median": 0.670198261738, "min": 0, "var": 1.22743165493}, "zerocrossingrate": {"dmean": 0.0213785991073, "dmean2": 0.02304559201, "dvar": 0.000920773192775, "dvar2": 0.000916248944122, "max": 0.5537109375, "mean": 0.0918766111135, "median": 0.05322265625, "min": 0.00244140625, "var": 0.0104593737051}, "barkbands": {"dmean": [0.000149991770741, 0.00497552845627, 0.00405500875786, 0.00216586189345, 0.00264363200404, 0.00219134683721, 0.000681794655975, 0.000545735412743, 0.000242110065301, 0.000720192212611, 0.000181917072041, 0.000183393873158, 0.000182905510883, 0.000100027464214, 0.000128979809233, 4.04786260333e-05, 9.7338546766e-05, 3.5424309317e-05, 4.20001269958e-05, 3.39654980053e-05, 3.44439104083e-05, 5.97367907176e-05, 4.0425798943e-05, 4.44398428954e-05, 4.32708911831e-05, 8.3207822172e-05, 4.44083843831e-06], "dmean2": [0.000253465608694, 0.00629936717451, 0.00668685883284, 0.00394981680438, 0.00468915142119, 0.00325238448568, 0.00104376010131, 0.000760937691666, 0.000352204719093, 0.000941219856031, 0.000253730482655, 0.000246087933192, 0.000246804673225, 0.000149609564687, 0.00018895501853, 6.29950154689e-05, 0.000147157930769, 5.79355437367e-05, 6.58027274767e-05, 5.43751302757e-05, 5.39094035048e-05, 9.37777003855e-05, 6.21982617304e-05, 6.8612920586e-05, 6.94586124155e-05, 0.000133525667479, 8.02755312179e-06], "dvar": [9.19440310554e-08, 9.8327996966e-05, 0.00011411622836, 4.1357227019e-05, 4.99614980072e-05, 1.98791840376e-05, 2.76279979516e-06, 1.75758418663e-06, 6.62948025365e-07, 6.22564994046e-06, 1.65192352597e-06, 1.31734316255e-06, 1.96462497115e-06, 5.91490675106e-07, 1.05056938082e-06, 8.29290343063e-08, 1.58990033583e-07, 4.87533675653e-08, 9.06021213609e-09, 7.30680183025e-09, 9.42761158029e-09, 6.20008151486e-08, 1.09891562516e-08, 5.17485743146e-09, 8.7091267531e-09, 4.85738524958e-08, 3.74079267562e-10], "dvar2": [2.43920027287e-07, 0.000172763582668, 0.000288427283522, 0.000115099384857, 0.00013760686852, 4.76960667584e-05, 6.82171912558e-06, 3.43794908986e-06, 1.25366636894e-06, 1.14503727673e-05, 2.92808840641e-06, 2.39611176767e-06, 3.48488401869e-06, 1.3640577663e-06, 2.4808246053e-06, 2.13623451373e-07, 3.1305040693e-07, 1.13461439355e-07, 2.15566249295e-08, 1.68429306058e-08, 2.27508554218e-08, 1.74303153244e-07, 3.14767412135e-08, 1.19267067333e-08, 2.11440216447e-08, 1.30568963641e-07, 1.04539188417e-09], "max": [0.00441801454872, 0.0849487036467, 0.0654727369547, 0.0480774492025, 0.112865179777, 0.0827740654349, 0.0464458540082, 0.0264404974878, 0.0269684698433, 0.0566608756781, 0.0508802048862, 0.0471143014729, 0.0493333563209, 0.035316247493, 0.047030646354, 0.0253841038793, 0.0278392937034, 0.0135467303917, 0.00183947035111, 0.00223761424422, 0.00213085464202, 0.00774949323386, 0.00349418469705, 0.0024183022324, 0.00165774847846, 0.00354532385245, 0.000160301540745], "mean": [0.000127381252241, 0.0070195174776, 0.0032436309848, 0.00141142716166, 0.00267925439402, 0.00417515123263, 0.00124310504179, 0.00100797833875, 0.000470406055683, 0.00148130394518, 0.000314143515425, 0.000325106229866, 0.000302220811136, 0.000145402518683, 0.000193678875803, 6.25502943876e-05, 0.000147900544107, 4.89202720928e-05, 7.30248866603e-05, 6.32506198599e-05, 6.93404945196e-05, 0.000104116661532, 7.62997078709e-05, 7.61894116295e-05, 5.75122539885e-05, 7.75156149757e-05, 3.17651756632e-06], "median": [1.94397689484e-05, 0.000376387266442, 0.000193225918338, 7.9362122051e-05, 0.000201454036869, 0.000596675439738, 0.000222312432015, 0.000103517173557, 2.38223838096e-05, 6.43103849143e-05, 4.7252386139e-05, 1.80894585355e-05, 1.57299327839e-05, 2.65232556558e-05, 2.53321923083e-05, 1.70346283994e-05, 3.34907890647e-05, 1.49347288243e-05, 2.58407271758e-05, 1.52174688992e-05, 1.8748902221e-05, 3.12119227601e-05, 3.12187294185e-05, 2.99444582197e-05, 2.36023333855e-05, 2.43760805461e-05, 2.14048128555e-07], "min": [2.16935738208e-25, 1.65251706552e-24, 2.39529651306e-25, 7.26645368475e-25, 2.39966990861e-24, 1.13458645445e-23, 4.16223918409e-24, 8.30361615267e-24, 1.47668845001e-23, 1.35609970105e-23, 1.50362000354e-23, 1.46002896987e-23, 1.64826269922e-23, 3.97221284721e-23, 3.54203784481e-23, 3.0607023728e-23, 6.26477421978e-23, 7.75338314693e-23, 1.22727988274e-22, 1.67219061752e-22, 1.81742634728e-22, 3.17963754309e-22, 3.7105687002e-22, 5.69023571535e-22, 8.9437500191e-22, 1.35916952486e-21, 1.88053373033e-21], "var": [7.4942960282e-08, 0.000210265949136, 9.19557496672e-05, 2.5383391403e-05, 4.73205545859e-05, 6.1536236899e-05, 5.55074211661e-06, 4.67684594696e-06, 2.11243082049e-06, 1.90305618162e-05, 4.32070237366e-06, 3.16072419082e-06, 4.23016354034e-06, 7.80842640324e-07, 1.14668421247e-06, 7.751702924e-08, 2.62372338966e-07, 5.42347322607e-08, 1.9507446325e-08, 3.02975777799e-08, 4.03804314431e-08, 1.55690401016e-07, 5.15642710752e-08, 3.27105844633e-08, 1.22749002074e-08, 3.84475526971e-08, 2.28916718914e-10]}, "erbbands": {"dmean": [0.119270980358, 1.30822575092, 4.0528960228, 6.48567056656, 7.84443902969, 6.71831417084, 17.2647953033, 13.4320755005, 13.9035339355, 6.91068744659, 13.1629533768, 6.74399757385, 10.2844781876, 24.222661972, 6.91978502274, 9.65865898132, 9.43438529968, 5.57380437851, 7.38658809662, 2.94863939285, 2.98431801796, 3.49003195763, 2.23298287392, 2.24614834785, 1.85381126404, 1.61449635029, 1.45933687687, 1.28226327896, 2.28265714645, 1.94568562508, 0.969770073891, 1.28981757164, 0.501144230366, 0.318944901228, 0.403724253178, 0.507407367229, 0.089406080544, 0.0207264814526, 0.000529270095285, 2.40711869992e-05], "dmean2": [0.150031745434, 1.61047780514, 6.26945447922, 11.0001554489, 13.7914390564, 11.8283977509, 25.4892425537, 20.2626781464, 20.4350376129, 10.2827100754, 18.56316185, 9.68334579468, 13.744354248, 32.3407669067, 9.72986507416, 12.746673584, 12.6584720612, 8.19142723083, 10.7034645081, 4.36556720734, 4.45846414566, 5.36482143402, 3.62748241425, 3.63928127289, 2.91402482986, 2.57189702988, 2.34066843987, 1.97304880619, 3.58675384521, 3.09275269508, 1.44250965118, 2.01659321785, 0.760009348392, 0.488615185022, 0.648370206356, 0.791496634483, 0.152992680669, 0.0373460352421, 0.000938498298638, 3.59398545697e-05], "dvar": [0.0511502064764, 6.95798397064, 102.178352356, 301.199890137, 544.975524902, 396.254821777, 2393.48852539, 708.851257324, 868.780822754, 562.029296875, 1291.69836426, 489.817596436, 865.234069824, 10048.1386719, 1873.83081055, 3441.96484375, 5134.40917969, 1766.32653809, 3267.70556641, 236.697616577, 189.678314209, 145.313690186, 218.848449707, 31.4328594208, 15.8309135437, 12.8375606537, 19.537853241, 11.7884092331, 134.762313843, 63.6260261536, 3.18617486954, 3.02994012833, 2.00551509857, 0.555559456348, 0.783046245575, 0.691591799259, 0.183455169201, 0.00861319433898, 4.17361161453e-06, 2.89259194375e-09], "dvar2": [0.0707805305719, 12.8144273758, 241.144729614, 788.325073242, 1461.57312012, 1064.3112793, 5255.29736328, 1649.04516602, 1913.60144043, 1330.30371094, 2500.21850586, 939.095581055, 1597.75317383, 19785.515625, 3674.06787109, 6321.86962891, 9337.84863281, 3949.26806641, 7641.98974609, 507.673370361, 337.157318115, 288.05645752, 542.168518066, 76.9628295898, 36.5265693665, 31.4674263, 52.1897735596, 26.8466281891, 353.227172852, 183.604385376, 7.74539422989, 7.25035619736, 4.2618598938, 1.45025622845, 1.83948910236, 1.71750795841, 0.509098112583, 0.0241741742939, 1.16482042358e-05, 7.88334375557e-09], "max": [1.85217249393, 22.4009742737, 61.3227729797, 116.899093628, 362.75692749, 336.370819092, 935.472961426, 529.315612793, 632.638793945, 797.867675781, 722.955078125, 758.136901855, 656.824707031, 2677.59106445, 1619.75476074, 2420.7902832, 2491.28491211, 2284.77978516, 2857.58984375, 1045.48059082, 1007.98968506, 803.261779785, 927.355773926, 123.563079834, 73.1494903564, 85.6878204346, 98.4046478271, 101.304649353, 391.066711426, 276.53503418, 61.6243209839, 39.3452529907, 50.3820991516, 19.3516330719, 15.3829240799, 12.8111877441, 6.81500291824, 1.1751717329, 0.0200559105724, 0.000815213425085], "mean": [0.165523394942, 1.70474922657, 3.66520667076, 4.92412662506, 5.72106838226, 6.9470076561, 32.108001709, 24.73711586, 25.9692516327, 13.7615146637, 24.3915863037, 14.3623781204, 21.2729663849, 47.8769264221, 13.6575422287, 17.8309421539, 16.1707782745, 8.77034759521, 10.9623689651, 5.30199766159, 4.93150806427, 5.52979230881, 3.51135396957, 3.70170497894, 3.23829555511, 2.9763982296, 2.98938202858, 2.72160243988, 3.76502251625, 3.39231443405, 1.98262703419, 1.96775579453, 0.971351623535, 0.51178175211, 0.50325769186, 0.527792036533, 0.0707263872027, 0.0139021994546, 0.000433635083027, 4.40344228991e-05], "median": [0.0100573441014, 0.0890841782093, 0.255839824677, 0.418825387955, 0.567178726196, 0.460952460766, 0.923510789871, 5.1158246994, 6.14720344543, 3.7651951313, 2.29621958733, 0.919215321541, 1.65732085705, 1.64748239517, 2.87413263321, 1.27115893364, 1.0710709095, 1.99295699596, 1.85735845566, 1.45278143883, 1.29262018204, 1.58228421211, 1.22320103645, 1.38674199581, 1.14933443069, 0.840993642807, 0.723756372929, 0.800963401794, 1.08596920967, 0.878391265869, 0.974148273468, 0.955429852009, 0.259639948606, 0.162242203951, 0.217202007771, 0.207630962133, 0.0144228395075, 0.00084536941722, 7.94569350546e-05, 3.20405015373e-05], "min": [3.43681957727e-23, 3.0452196838e-22, 1.71026962762e-21, 1.99931129252e-21, 8.95116213092e-21, 1.03893618365e-20, 2.91768477097e-20, 1.07441281305e-19, 6.68798143469e-20, 1.00230579885e-19, 3.57489986555e-19, 3.53220752317e-19, 5.03902454242e-19, 5.1706961863e-19, 1.02257649307e-18, 1.08556588312e-18, 1.48416178304e-18, 2.25828806508e-18, 2.24202259231e-18, 2.85919031914e-18, 4.35052789399e-18, 4.08058908161e-18, 5.70465895269e-18, 6.09817854858e-18, 6.68702278406e-18, 8.61185180354e-18, 9.08419757591e-18, 8.92428950143e-18, 1.10251950812e-17, 1.21777910283e-17, 1.10623478985e-17, 9.52664904094e-18, 9.7363831668e-18, 8.27897778144e-18, 5.71699511075e-18, 4.42078199778e-18, 2.40241353347e-18, 9.55469811513e-19, 2.53778469094e-19, 2.75252071334e-20], "var": [0.11785441637, 13.3427762985, 99.4263458252, 222.696731567, 374.146759033, 361.733428955, 8261.50683594, 1693.0135498, 1856.36352539, 1202.06030273, 3473.18066406, 1624.26928711, 2684.54614258, 27014.9765625, 4648.16113281, 8561.86621094, 10972.0253906, 2607.58276367, 3723.91259766, 370.572937012, 323.038269043, 277.630004883, 294.992218018, 50.7983436584, 43.7624855042, 47.184261322, 86.5633163452, 57.9414215088, 235.981689453, 214.495391846, 21.689743042, 11.5325241089, 11.5885391235, 1.79182851315, 0.905861973763, 0.730019211769, 0.124011039734, 0.0053752316162, 2.64516575044e-06, 2.93375168603e-09]}, "gfcc": {"mean": [-121.372314453, 58.8281860352, -80.0920639038, 24.635635376, -69.9396057129, 13.7614812851, -42.6686401367, 10.6044960022, -18.1801433563, 13.8733415604, -9.71531200409, 9.00701999664, -12.5319852829], "cov": [[44777.6992188, 3659.00195312, -3562.91113281, 28.8342285156, -1673.7911377, 611.791992188, -1170.89624023, 676.82800293, -1475.79003906, -543.092102051, -1375.18908691, 139.658813477, -132.341659546], [3659.00195312, 4665.06494141, 954.806945801, 176.158966064, 343.934753418, -243.745452881, 50.1269836426, -306.709991455, 125.973907471, -267.367584229, 275.106658936, -143.206939697, 179.34085083], [-3562.91113281, 954.806945801, 2990.51245117, 915.018798828, 411.262298584, 99.7225036621, 175.424758911, -244.049835205, 215.973526001, 145.165756226, 194.29447937, 9.63809585571, -131.102828979], [28.8342285156, 176.158966064, 915.018798828, 1024.27099609, 184.698471069, 155.408874512, 90.9074630737, -43.6332511902, 67.7141952515, 85.1348495483, 120.039932251, -57.520942688, -28.8570289612], [-1673.7911377, 343.934753418, 411.262298584, 184.698471069, 627.052062988, 171.874816895, 247.862258911, 35.678062439, 105.474189758, 16.5405235291, 75.2698898315, -40.3760795593, -0.960734426975], [611.791992188, -243.745452881, 99.7225036621, 155.408874512, 171.874816895, 385.028015137, 138.231430054, 115.182441711, -7.54795837402, 42.8016052246, -52.4675827026, 38.855255127, -46.1076965332], [-1170.89624023, 50.1269836426, 175.424758911, 90.9074630737, 247.862258911, 138.231430054, 314.453277588, 109.719078064, 115.837921143, -8.54862308502, 54.9184913635, -34.885559082, 25.8738975525], [676.82800293, -306.709991455, -244.049835205, -43.6332511902, 35.678062439, 115.182441711, 109.719078064, 253.792358398, 54.0546150208, 42.4683685303, -70.835395813, 25.0934734344, -7.16520261765], [-1475.79003906, 125.973907471, 215.973526001, 67.7141952515, 105.474189758, -7.54795837402, 115.837921143, 54.0546150208, 285.511108398, 119.747901917, 158.987533569, -11.3600196838, 10.526512146], [-543.092102051, -267.367584229, 145.165756226, 85.1348495483, 16.5405235291, 42.8016052246, -8.54862308502, 42.4683685303, 119.747901917, 207.787094116, 114.838981628, 39.7648200989, -52.4253578186], [-1375.18908691, 275.106658936, 194.29447937, 120.039932251, 75.2698898315, -52.4675827026, 54.9184913635, -70.835395813, 158.987533569, 114.838981628, 262.719390869, 19.8610343933, 34.5388755798], [139.658813477, -143.206939697, 9.63809585571, -57.520942688, -40.3760795593, 38.855255127, -34.885559082, 25.0934734344, -11.3600196838, 39.7648200989, 19.8610343933, 129.322357178, 29.886882782], [-132.341659546, 179.34085083, -131.102828979, -28.8570289612, -0.960734426975, -46.1076965332, 25.8738975525, -7.16520261765, 10.526512146, -52.4253578186, 34.5388755798, 29.886882782, 131.530761719]], "icov": [[7.9962061136e-05, -0.00017955066869, 0.000146857913933, -0.000180402581464, 0.000196386215976, -0.000122000827105, 4.91008358949e-05, -0.000169533537701, 0.000225104973651, -0.000274136982625, 0.000420559197664, -0.000236177249462, 0.000187793863006], [-0.00017955066869, 0.000793141662143, -0.000580209481996, 0.000601029605605, -0.000617975369096, 4.21958065999e-05, 0.000711136555765, -0.000195009182789, -0.000508459168486, 0.00181639043149, -0.00210853107274, 0.00131933914963, -0.000830228906125], [0.000146857913933, -0.000580209481996, 0.00127592775971, -0.00120950408746, 0.000216916494537, 0.000511283520609, -0.00154292793013, 0.00181176606566, -0.000514871906489, -0.00160612899344, 0.00281642912887, -0.00268783606589, 0.00180052279029], [-0.000180402581464, 0.000601029605605, -0.00120950408746, 0.00243243644945, -0.000410440756241, -0.00111034233123, 0.00139752181713, -0.00119735568296, 0.000526400574017, 0.00107028731145, -0.00330568058416, 0.00352347968146, -0.00195339112543], [0.000196386215976, -0.000617975369096, 0.000216916494537, -0.000410440756241, 0.00320917973295, -0.00108675449155, -0.00170441099908, 2.78876013908e-05, 0.000593668606598, -0.00119215797167, 0.00104829820339, -5.75001140533e-05, 0.000360755599104], [-0.000122000827105, 4.21958065999e-05, 0.000511283520609, -0.00111034233123, -0.00108675449155, 0.00596344470978, -0.00402226671576, 0.00159946281929, -4.21899221692e-06, -0.00216661090963, 0.00318714277819, -0.00423724064603, 0.0023092830088], [4.91008358949e-05, 0.000711136555765, -0.00154292793013, 0.00139752181713, -0.00170441099908, -0.00402226671576, 0.0123158441857, -0.00792306382209, -0.000407696905313, 0.00739036081359, -0.0081230700016, 0.00659713195637, -0.00281597930007], [-0.000169533537701, -0.000195009182789, 0.00181176606566, -0.00119735568296, 2.78876013908e-05, 0.00159946281929, -0.00792306382209, 0.0138967242092, -0.0044154538773, -0.00660112779588, 0.0101327244192, -0.006145210471, 0.000972861016635], [0.000225104973651, -0.000508459168486, -0.000514871906489, 0.000526400574017, 0.000593668606598, -4.21899221692e-06, -0.000407696905313, -0.0044154538773, 0.00977973639965, -0.0037081814371, -0.0037568253465, 0.00336282257922, -0.00167369702831], [-0.000274136982625, 0.00181639043149, -0.00160612899344, 0.00107028731145, -0.00119215797167, -0.00216661090963, 0.00739036081359, -0.00660112779588, -0.0037081814371, 0.0196547321975, -0.0130882207304, 0.00102620164398, 0.00463426904753], [0.000420559197664, -0.00210853107274, 0.00281642912887, -0.00330568058416, 0.00104829820339, 0.00318714277819, -0.0081230700016, 0.0101327244192, -0.0037568253465, -0.0130882207304, 0.0210433844477, -0.00884591042995, 0.000223095339607], [-0.000236177249462, 0.00131933914963, -0.00268783606589, 0.00352347968146, -5.75001140533e-05, -0.00423724064603, 0.00659713195637, -0.006145210471, 0.00336282257922, 0.00102620164398, -0.00884591042995, 0.0188333559781, -0.00887750834227], [0.000187793863006, -0.000830228906125, 0.00180052279029, -0.00195339112543, 0.000360755599104, 0.0023092830088, -0.00281597930007, 0.000972861016635, -0.00167369702831, 0.00463426904753, 0.000223095339607, -0.00887750834227, 0.0156485978514]]}, "melbands": {"dmean": [0.00116314855404, 0.00179025135003, 0.00107811903581, 0.000552715151571, 0.000501063594129, 0.00034763905569, 0.000196350476472, 7.46609293856e-05, 0.000103029866295, 3.63017425116e-05, 5.15030988026e-05, 0.000103881458926, 2.5923442081e-05, 2.08758738154e-05, 2.34848685068e-05, 1.44753357745e-05, 1.10281844172e-05, 1.10255177788e-05, 6.63339415041e-06, 3.70272778127e-06, 4.40717349193e-06, 4.35699530499e-06, 3.41663985637e-06, 1.88257286027e-06, 1.9693543436e-06, 1.41003283716e-06, 1.2438331396e-06, 1.15954389912e-06, 1.07172184016e-06, 9.74733779913e-07, 8.14536861071e-07, 1.26846089188e-06, 1.33073285724e-06, 1.13045632588e-06, 5.39584107173e-07, 7.38739117878e-07, 7.78324363182e-07, 3.36607484996e-07, 3.06125457428e-07, 2.64340854983e-07], "dmean2": [0.00151224678848, 0.00239816657268, 0.00175988278352, 0.00098058511503, 0.000753780070227, 0.000520760018844, 0.000289082934614, 0.000109442604298, 0.000146086342284, 5.23333765159e-05, 6.78125215927e-05, 0.000136850212584, 3.63291110261e-05, 2.77874787571e-05, 3.13020427711e-05, 1.98583038582e-05, 1.64138255059e-05, 1.60968465934e-05, 9.88121610135e-06, 5.75297781324e-06, 6.55956728224e-06, 6.61549483993e-06, 5.64316360396e-06, 3.12148426929e-06, 3.20410435961e-06, 2.19621529141e-06, 1.97336134988e-06, 1.86153135928e-06, 1.7542893147e-06, 1.49069001054e-06, 1.30495220674e-06, 1.95579264073e-06, 2.11152632801e-06, 1.85986618817e-06, 8.27587655294e-07, 1.12349675874e-06, 1.24714836147e-06, 5.13318411777e-07, 4.70494939009e-07, 4.20549127966e-07], "dvar": [5.18063507116e-06, 1.52039883687e-05, 7.31268710297e-06, 3.29934459842e-06, 1.89092952496e-06, 4.35179430269e-07, 1.74517211349e-07, 4.93459033635e-08, 7.67280496916e-08, 1.53084105392e-08, 2.14524664699e-08, 1.8632947274e-07, 3.58042093751e-08, 1.41914568985e-08, 1.79984560589e-08, 1.27194734745e-08, 7.67242802624e-09, 6.84275125451e-09, 2.86179591136e-09, 7.306143468e-10, 4.78388939573e-10, 3.27366272979e-10, 2.54153476043e-10, 8.15531045473e-11, 2.78220935873e-11, 9.93615866668e-12, 9.74734702675e-12, 7.36101977983e-12, 1.45839902654e-11, 1.03553120939e-11, 5.84320656097e-12, 4.28817294174e-11, 2.28669444491e-11, 2.41067495826e-11, 1.68060032037e-12, 1.2736148941e-12, 1.41197633013e-12, 9.92476066608e-13, 6.89668049232e-13, 4.13871898992e-13], "dvar2": [7.00475266058e-06, 3.0866052839e-05, 1.80938532139e-05, 8.79445178725e-06, 4.26429414802e-06, 1.03026707166e-06, 3.96768314204e-07, 1.15438048454e-07, 1.49871695498e-07, 2.92651520795e-08, 3.88765855064e-08, 3.57686644747e-07, 6.63062209583e-08, 2.41954172253e-08, 3.29185674275e-08, 2.47304736689e-08, 1.72829714984e-08, 1.59383901632e-08, 6.76596290106e-09, 1.87039606026e-09, 9.69849311971e-10, 7.11698588951e-10, 6.52792320199e-10, 1.96481261816e-10, 6.8641925477e-11, 2.33295587709e-11, 2.29638599802e-11, 1.81380084563e-11, 4.1030845388e-11, 2.13437999913e-11, 1.50779146113e-11, 1.09316278252e-10, 6.54593115823e-11, 7.32991584096e-11, 4.35704640769e-12, 3.33306299227e-12, 3.58516276562e-12, 2.076212249e-12, 1.68745096021e-12, 1.15217210772e-12], "max": [0.0188473891467, 0.0277254581451, 0.0211617574096, 0.031579002738, 0.0256685297936, 0.0120184263214, 0.00879996735603, 0.00743931438774, 0.0054003088735, 0.00408871006221, 0.00328886834905, 0.0107270171866, 0.00769268255681, 0.00475903181359, 0.00448465207592, 0.00531009491533, 0.003843216924, 0.00422900449485, 0.00323046930134, 0.00234849355184, 0.0014611731749, 0.0012162727071, 0.00100323930383, 0.00051715929294, 0.000119674688904, 6.5675310907e-05, 9.29280577111e-05, 6.44353131065e-05, 8.71478478075e-05, 9.13717813091e-05, 6.27960762358e-05, 0.000220957022975, 0.00013039552141, 0.000155077999807, 4.37189228251e-05, 3.02174594253e-05, 2.82421606244e-05, 3.35378026648e-05, 2.67551658908e-05, 1.49188153955e-05], "mean": [0.0017822139198, 0.00212182966061, 0.000867869064678, 0.000417291070335, 0.00090989243472, 0.000642738537863, 0.000367026863387, 0.000147137703607, 0.000194501379156, 7.39106471883e-05, 0.000106356616016, 0.000204503332498, 4.75168053526e-05, 3.79855919164e-05, 4.21142249252e-05, 2.35946517932e-05, 1.60057552421e-05, 1.61377374752e-05, 1.02389449239e-05, 5.96084646531e-06, 6.59714032736e-06, 6.4000587372e-06, 4.91894752486e-06, 2.56726093539e-06, 3.04922582472e-06, 2.37740368902e-06, 1.90186949567e-06, 2.05397532227e-06, 2.0212344225e-06, 1.66210122643e-06, 1.58130217187e-06, 2.10099460674e-06, 1.96794690055e-06, 1.85411408893e-06, 1.06537356714e-06, 1.22507981359e-06, 1.09375037027e-06, 6.57310465613e-07, 5.25393204498e-07, 3.95955595422e-07], "median": [0.000107294108602, 0.000149664861965, 7.94196675997e-05, 3.82752696169e-05, 1.87036857824e-05, 0.000123632431496, 7.7649805462e-05, 2.75081602013e-05, 1.80891056516e-05, 4.78600850329e-06, 7.32090211386e-06, 5.09587425768e-06, 7.67677101976e-06, 4.25113375968e-06, 2.53525331573e-06, 1.44193973028e-06, 2.8506055969e-06, 2.72634451903e-06, 1.57046565619e-06, 1.68306371506e-06, 1.08454821657e-06, 1.41613077176e-06, 1.48494723362e-06, 7.55420728638e-07, 1.03720731204e-06, 7.78882736086e-07, 6.28530528957e-07, 5.21947299603e-07, 4.00869168971e-07, 3.41093539191e-07, 4.76366125213e-07, 6.27448116575e-07, 5.04054241901e-07, 4.5375364266e-07, 4.79314167023e-07, 6.71016948672e-07, 5.01970703226e-07, 1.63664537922e-07, 1.19462356452e-07, 1.32733418923e-07], "min": [5.50785149216e-25, 8.81472978279e-25, 5.10452071638e-25, 6.60558250317e-25, 9.38296995865e-25, 2.82432241136e-24, 9.67956588179e-25, 1.11184028134e-24, 3.40951086934e-24, 1.86986895251e-24, 1.81103886164e-24, 1.91907829299e-24, 3.28620283795e-24, 2.12832601469e-24, 3.32917800791e-24, 2.14644555803e-24, 3.82291539887e-24, 3.51895585361e-24, 3.03637039205e-24, 2.65839045033e-24, 4.77002259054e-24, 3.72117758565e-24, 4.65993468463e-24, 4.03959892346e-24, 4.3341729961e-24, 3.72538813073e-24, 5.55347703755e-24, 3.7718086507e-24, 4.03173240251e-24, 3.91862552592e-24, 4.78750019833e-24, 5.62967271795e-24, 5.15370836319e-24, 5.48933870165e-24, 5.52279153163e-24, 6.87700380407e-24, 4.87134033533e-24, 5.87032223127e-24, 5.48444026986e-24, 6.50761140216e-24], "var": [1.29870186356e-05, 2.27021992032e-05, 6.06662251812e-06, 2.33067498812e-06, 6.31692091702e-06, 1.07778328129e-06, 3.72404713289e-07, 1.13603803698e-07, 2.11652235294e-07, 4.86626881013e-08, 6.80543763565e-08, 5.11948258008e-07, 9.26351617636e-08, 3.71860586768e-08, 4.42133476497e-08, 2.40758417647e-08, 1.0505482706e-08, 7.82593811977e-09, 3.06669667438e-09, 6.8891076177e-10, 6.69261923658e-10, 4.63572596976e-10, 4.35446262381e-10, 8.89628024026e-11, 4.1167565884e-11, 2.62773310056e-11, 1.97793621759e-11, 2.63012927409e-11, 5.04177394278e-11, 2.96377644649e-11, 1.87264960483e-11, 7.67649971367e-11, 5.45761907889e-11, 6.98697349977e-11, 7.86864410435e-12, 4.20075346036e-12, 3.99363354886e-12, 5.64176179732e-12, 2.88570296131e-12, 1.02104848014e-12]}, "mfcc": {"mean": [-759.41192627, 93.2726593018, 32.3336143494, 17.6220092773, 1.2103959322, 4.52819013596, -9.03686904907, 1.42771363258, -5.89097499847, 2.04888415337, 1.49984455109, 5.13254404068, 5.61935091019], "cov": [[22231.4980469, 2963.05541992, -2354.83984375, -898.381652832, -956.190002441, -556.645324707, -270.615936279, 488.257354736, 77.4745025635, 133.456420898, -489.98739624, -545.812988281, -662.439331055], [2963.05541992, 3422.82177734, 417.155212402, 240.047348022, 250.221206665, 74.5432281494, 53.7978668213, 98.6649703979, -69.9348678589, -57.9463348389, -110.464492798, -42.0386886597, -78.6735305786], [-2354.83984375, 417.155212402, 2046.46875, 815.987731934, 460.841491699, 464.90725708, 138.256759644, -42.3675689697, -75.4552841187, -71.4853210449, 103.794128418, 126.4425354, 178.839691162], [-898.381652832, 240.047348022, 815.987731934, 754.973999023, 364.720855713, 240.437286377, 175.283615112, -35.7404556274, 13.1731939316, 0.77798897028, 52.2064819336, 98.5534744263, 125.626586914], [-956.190002441, 250.221206665, 460.841491699, 364.720855713, 410.619903564, 282.231018066, 150.986663818, 13.9603681564, 8.41849708557, 19.5379772186, 81.405456543, 84.5438613892, 78.8235473633], [-556.645324707, 74.5432281494, 464.90725708, 240.437286377, 282.231018066, 367.053283691, 187.780532837, 69.8358612061, 2.79798054695, 14.2730779648, 79.6135559082, 69.4323806763, 42.1263999939], [-270.615936279, 53.7978668213, 138.256759644, 175.283615112, 150.986663818, 187.780532837, 250.933807373, 95.2532730103, 59.0442199707, 34.7474555969, 30.5547618866, 26.6674804688, 17.487203598], [488.257354736, 98.6649703979, -42.3675689697, -35.7404556274, 13.9603681564, 69.8358612061, 95.2532730103, 228.108642578, 128.816360474, 76.107170105, 8.5197057724, -5.79094648361, -19.5764560699], [77.4745025635, -69.9348678589, -75.4552841187, 13.1731939316, 8.41849708557, 2.79798054695, 59.0442199707, 128.816360474, 184.00151062, 114.393798828, 28.9230270386, 11.9146270752, 8.56557941437], [133.456420898, -57.9463348389, -71.4853210449, 0.77798897028, 19.5379772186, 14.2730779648, 34.7474555969, 76.107170105, 114.393798828, 152.444519043, 81.1381225586, 36.8344459534, 26.1216392517], [-489.98739624, -110.464492798, 103.794128418, 52.2064819336, 81.405456543, 79.6135559082, 30.5547618866, 8.5197057724, 28.9230270386, 81.1381225586, 149.745895386, 117.748161316, 75.6979370117], [-545.812988281, -42.0386886597, 126.4425354, 98.5534744263, 84.5438613892, 69.4323806763, 26.6674804688, -5.79094648361, 11.9146270752, 36.8344459534, 117.748161316, 170.811920166, 127.218780518], [-662.439331055, -78.6735305786, 178.839691162, 125.626586914, 78.8235473633, 42.1263999939, 17.487203598, -19.5764560699, 8.56557941437, 26.1216392517, 75.6979370117, 127.218780518, 180.908874512]], "icov": [[8.57049235492e-05, -8.90779483598e-05, 0.00014157233818, -0.000184791875654, 0.000338759738952, -0.000277623330476, 0.000201368558919, -0.000183835072676, 0.000175284323632, -0.000238163614995, 0.000125056743855, 6.00728126301e-05, 7.2666167398e-05], [-8.90779483598e-05, 0.000479248032207, -0.000284796871711, 0.00025220765383, -0.00092000933364, 0.000806029012892, -0.00027131344541, -0.000308278627926, 0.000506147393025, -0.000284652982373, 0.000742786214687, -0.000743269862141, 0.000423682213295], [0.00014157233818, -0.000284796871711, 0.00158010842279, -0.00171536183916, 0.00133220618591, -0.00227339565754, 0.00155845971312, -0.000486730539706, -4.13020352426e-05, 0.000994434580207, -0.00143126770854, 0.00170830579009, -0.000974754802883], [-0.000184791875654, 0.00025220765383, -0.00171536183916, 0.0046858000569, -0.00351888732985, 0.00238893274218, -0.00274778786115, 0.00204135500826, -0.00105730339419, -0.000804502458777, 0.00265105371363, -0.00226438883692, -1.24103335111e-05], [0.000338759738952, -0.00092000933364, 0.00133220618591, -0.00351888732985, 0.00987988058478, -0.00702041620389, 0.00166329240892, 0.00067632534774, -0.000985900056548, 0.000377419579308, -0.00242341007106, 0.0023609707132, -0.00144466932397], [-0.000277623330476, 0.000806029012892, -0.00227339565754, 0.00238893274218, -0.00702041620389, 0.012672980316, -0.00572146428749, -0.002535905689, 0.00319878337905, 0.000136787813972, -0.00108926685061, -0.00251399539411, 0.00236135465093], [0.000201368558919, -0.00027131344541, 0.00155845971312, -0.00274778786115, 0.00166329240892, -0.00572146428749, 0.00960325356573, -0.00235221604817, -0.00112409016583, 0.000533128506504, -0.00037579095806, 0.00157133000903, -0.000559882784728], [-0.000183835072676, -0.000308278627926, -0.000486730539706, 0.00204135500826, 0.00067632534774, -0.002535905689, -0.00235221604817, 0.0110859228298, -0.00752486893907, -0.000129034830024, 0.00167223019525, -0.000806974654552, 0.000221900190809], [0.000175284323632, 0.000506147393025, -4.13020352426e-05, -0.00105730339419, -0.000985900056548, 0.00319878337905, -0.00112409016583, -0.00752486893907, 0.0180973168463, -0.0122760031372, 0.00583256082609, -0.00320319831371, 0.00134378601797], [-0.000238163614995, -0.000284652982373, 0.000994434580207, -0.000804502458777, 0.000377419579308, 0.000136787813972, 0.000533128506504, -0.000129034830024, -0.0122760031372, 0.0241711959243, -0.0179917421192, 0.00929273664951, -0.003597474657], [0.000125056743855, 0.000742786214687, -0.00143126770854, 0.00265105371363, -0.00242341007106, -0.00108926685061, -0.00037579095806, 0.00167223019525, 0.00583256082609, -0.0179917421192, 0.0315065160394, -0.0203418862075, 0.00532493321225], [6.00728126301e-05, -0.000743269862141, 0.00170830579009, -0.00226438883692, 0.0023609707132, -0.00251399539411, 0.00157133000903, -0.000806974654552, -0.00320319831371, 0.00929273664951, -0.0203418862075, 0.0271851755679, -0.012697703205], [7.2666167398e-05, 0.000423682213295, -0.000974754802883, -1.24103335111e-05, -0.00144466932397, 0.00236135465093, -0.000559882784728, 0.000221900190809, 0.00134378601797, -0.003597474657, 0.00532493321225, -0.012697703205, 0.0142649067566]]}, "spectral_contrast_coeffs": {"dmean": [0.0616550147533, 0.0605708695948, 0.041215274483, 0.0385409630835, 0.0298420190811, 0.0166473090649], "dmean2": [0.0921206846833, 0.0949383676052, 0.0641800314188, 0.0616436712444, 0.0466912314296, 0.0270372666419], "dvar": [0.0030954584945, 0.00298023410141, 0.00150087708607, 0.00140327413101, 0.000986938597634, 0.000276629929431], "dvar2": [0.00666423328221, 0.00684961490333, 0.00336667057127, 0.00328461686149, 0.0022127344273, 0.000689243897796], "max": [-0.265405714512, -0.324326813221, -0.396542608738, -0.447083860636, -0.523561000824, -0.639394521713], "mean": [-0.655431389809, -0.63063031435, -0.753025174141, -0.776044666767, -0.784450352192, -0.796670675278], "median": [-0.668309211731, -0.616883635521, -0.753893315792, -0.780587136745, -0.780579924583, -0.793524980545], "min": [-0.978623747826, -0.977599561214, -0.97926068306, -0.970371901989, -0.973479449749, -0.966338574886], "var": [0.0158850345761, 0.0157473552972, 0.0141363246366, 0.0104231303558, 0.00674191815779, 0.00225419714116]}, "spectral_contrast_valleys": {"dmean": [0.640589892864, 0.670931339264, 0.597895503044, 0.626298606396, 0.539486944675, 0.463059812784], "dmean2": [1.01219654083, 1.05103576183, 0.902784645557, 0.95262247324, 0.796849966049, 0.623252272606], "dvar": [0.475269287825, 0.443885505199, 0.394857794046, 0.411012947559, 0.393219679594, 0.244951575994], "dvar2": [0.987623512745, 1.04646635056, 0.877921581268, 0.914357721806, 0.847230434418, 0.53399759531], "max": [-5.2569770813, -4.62193012238, -5.53938579559, -6.36456727982, -6.28477287292, -7.90712738037], "mean": [-8.92758464813, -8.56328010559, -9.256257057