{"lowlevel": {"average_loudness": 0.650512695312, "barkbands_crest": {"dmean": 1.90829432011, "dmean2": 3.12883162498, "dvar": 3.41653013229, "dvar2": 8.55214595795, "max": 25.1007080078, "mean": 12.8954238892, "median": 12.3743944168, "min": 3.00221204758, "var": 17.4507694244}, "barkbands_flatness_db": {"dmean": 0.0183430239558, "dmean2": 0.0302660278976, "dvar": 0.00033708839328, "dvar2": 0.000837482919451, "max": 0.487207770348, "mean": 0.351931154728, "median": 0.359496414661, "min": 0.0385180152953, "var": 0.00357061275281}, "barkbands_kurtosis": {"dmean": 1.2879743576, "dmean2": 2.09812116623, "dvar": 3.71460700035, "dvar2": 9.99941825867, "max": 67.9449157715, "mean": 2.71558833122, "median": 1.55937719345, "min": -1.81765317917, "var": 19.4056835175}, "barkbands_skewness": {"dmean": 0.332893073559, "dmean2": 0.53294891119, "dvar": 0.107907772064, "dvar2": 0.25180336833, "max": 7.0576376915, "mean": 0.322338700294, "median": 0.287885546684, "min": -4.01394319534, "var": 1.20256388187}, "barkbands_spread": {"dmean": 0.923660337925, "dmean2": 1.48996388912, "dvar": 2.7899992466, "dvar2": 6.99675512314, "max": 84.430847168, "mean": 5.43629789352, "median": 4.36266136169, "min": 0.807516932487, "var": 44.3241157532}, "dissonance": {"dmean": 0.0448137745261, "dmean2": 0.0777226090431, "dvar": 0.00181181961671, "dvar2": 0.00509970542043, "max": 0.49995714426, "mean": 0.38603618741, "median": 0.390630781651, "min": 0.151205465198, "var": 0.00428492436185}, "dynamic_complexity": 5.93667507172, "erbbands_crest": {"dmean": 2.08483672142, "dmean2": 3.27880859375, "dvar": 4.70176649094, "dvar2": 10.2179584503, "max": 33.1507797241, "mean": 15.8749504089, "median": 15.2308092117, "min": 2.95151185989, "var": 34.2878875732}, "erbbands_flatness_db": {"dmean": 0.0131258312613, "dmean2": 0.0208984669298, "dvar": 0.000202902898309, "dvar2": 0.000466879166197, "max": 0.519678235054, "mean": 0.393614649773, "median": 0.401776939631, "min": 0.0524330548942, "var": 0.00378919020295}, "erbbands_kurtosis": {"dmean": 1.15519618988, "dmean2": 1.8371411562, "dvar": 2.76822137833, "dvar2": 6.45757341385, "max": 41.0567626953, "mean": 2.59456682205, "median": 1.60230064392, "min": -1.62395370007, "var": 13.6310367584}, "erbbands_skewness": {"dmean": 0.288497418165, "dmean2": 0.441248863935, "dvar": 0.0854327827692, "dvar2": 0.173260137439, "max": 3.5274271965, "mean": 0.195236623287, "median": 0.263565778732, "min": -4.93416166306, "var": 0.902383327484}, "erbbands_spread": {"dmean": 1.46174108982, "dmean2": 2.33304834366, "dvar": 3.68217301369, "dvar2": 8.87885856628, "max": 108.33895874, "mean": 9.23811435699, "median": 7.2980966568, "min": 0.857903718948, "var": 80.8458709717}, "hfc": {"dmean": 2.82815527916, "dmean2": 3.96405339241, "dvar": 39.4701881409, "dvar2": 68.6913757324, "max": 120.615066528, "mean": 12.0240240097, "median": 6.76386785507, "min": 1.15210099528e-16, "var": 219.77583313}, "melbands_crest": {"dmean": 2.17198562622, "dmean2": 3.59696125984, "dvar": 4.48727273941, "dvar2": 11.7764368057, "max": 31.5159931183, "mean": 14.0997943878, "median": 13.1559524536, "min": 2.57407402992, "var": 25.7241477966}, "melbands_flatness_db": {"dmean": 0.0193018056452, "dmean2": 0.0313864946365, "dvar": 0.000461244955659, "dvar2": 0.00110286101699, "max": 0.608341872692, "mean": 0.441958814859, "median": 0.451788157225, "min": 0.00764920143411, "var": 0.00658210227266}, "melbands_kurtosis": {"dmean": 1.2538074255, "dmean2": 2.05560898781, "dvar": 4.76902675629, "dvar2": 13.1989021301, "max": 74.9560546875, "mean": 2.36396121979, "median": 1.01080560684, "min": -1.8568816185, "var": 24.7273445129}, "melbands_skewness": {"dmean": 0.32634884119, "dmean2": 0.529084920883, "dvar": 0.105749793351, "dvar2": 0.26111716032, "max": 5.87644863129, "mean": 0.500289022923, "median": 0.344393610954, "min": -3.2014234066, "var": 1.14214503765}, "melbands_spread": {"dmean": 1.82647693157, "dmean2": 2.95112085342, "dvar": 15.2442178726, "dvar2": 39.5328178406, "max": 191.88911438, "mean": 10.6942329407, "median": 7.82871580124, "min": 1.4434453249, "var": 257.693664551}, "pitch_salience": {"dmean": 0.0462705604732, "dmean2": 0.0755739659071, "dvar": 0.002351552248, "dvar2": 0.00571405794472, "max": 0.85518091917, "mean": 0.521634697914, "median": 0.522369265556, "min": 0.129895180464, "var": 0.0113383000717}, "silence_rate_20dB": {"dmean": 0, "dmean2": 0, "dvar": 0, "dvar2": 0, "max": 1, "mean": 1, "median": 1, "min": 1, "var": 0}, "silence_rate_30dB": {"dmean": 0.00491199363023, "dmean2": 0.0098259979859, "dvar": 0.00488803954795, "dvar2": 0.0125951198861, "max": 1, "mean": 0.996112108231, "median": 1, "min": 0, "var": 0.00387278618291}, "silence_rate_60dB": {"dmean": 0.0266066305339, "dmean2": 0.0532241538167, "dvar": 0.0258996374905, "dvar2": 0.0594016686082, "max": 1, "mean": 0.189686924219, "median": 0, "min": 0, "var": 0.153706088662}, "spectral_centroid": {"dmean": 48.1756286621, "dmean2": 75.194152832, "dvar": 16842.8984375, "dvar2": 25691.3125, "max": 11318.9023438, "mean": 653.329833984, "median": 565.845336914, "min": 257.544677734, "var": 288307.0625}, "spectral_complexity": {"dmean": 1.20221042633, "dmean2": 1.98034799099, "dvar": 1.57718408108, "dvar2": 3.71996068954, "max": 21, "mean": 9.55453205109, "median": 10, "min": 0, "var": 17.1583881378}, "spectral_decrease": {"dmean": 1.08084996508e-09, "dmean2": 1.60258240012e-09, "dvar": 3.83870947638e-18, "dvar2": 7.52604490067e-18, "max": 2.8630915614e-19, "mean": -4.75627581764e-09, "median": -3.22405835362e-09, "min": -3.12098684674e-08, "var": 2.33564570645e-17}, "spectral_energy": {"dmean": 0.00432723620906, "dmean2": 0.00639472855255, "dvar": 6.28032721579e-05, "dvar2": 0.000121856581245, "max": 0.128276184201, "mean": 0.0190419126302, "median": 0.0128215765581, "min": 1.07479462476e-20, "var": 0.000381155870855}, "spectral_energyband_high": {"dmean": 8.66192237936e-07, "dmean2": 1.34955314479e-06, "dvar": 4.59961027599e-11, "dvar2": 1.14777486127e-10, "max": 0.000317568250466, "mean": 1.10417329324e-06, "median": 1.04375068588e-07, "min": 7.74899243548e-21, "var": 4.47112173674e-11}, "spectral_energyband_low": {"dmean": 0.000247539835982, "dmean2": 0.000397459312808, "dvar": 1.3868746862e-07, "dvar2": 3.37269511874e-07, "max": 0.00688492553309, "mean": 0.000463364878669, "median": 0.000301200605463, "min": 1.16516194583e-22, "var": 2.92148314429e-07}, "spectral_energyband_middle_high": {"dmean": 0.00171104085166, "dmean2": 0.00229559419677, "dvar": 2.54488786595e-05, "dvar2": 4.62235511804e-05, "max": 0.103306695819, "mean": 0.00551236514002, "median": 0.001094787498, "min": 1.38969463012e-21, "var": 0.00011399295181}, "spectral_energyband_middle_low": {"dmean": 0.00307296984829, "dmean2": 0.00476239528507, "dvar": 3.14771386911e-05, "dvar2": 6.97721043252e-05, "max": 0.11338545382, "mean": 0.0131492344663, "median": 0.0089248213917, "min": 5.17860350385e-22, "var": 0.000190977487364}, "spectral_entropy": {"dmean": 0.135648667812, "dmean2": 0.221214145422, "dvar": 0.0293124578893, "dvar2": 0.0722381845117, "max": 9.79592227936, "mean": 5.76813793182, "median": 5.69981002808, "min": 4.38550281525, "var": 0.324509620667}, "spectral_flux": {"dmean": 0.0159009471536, "dmean2": 0.0259448159486, "dvar": 0.000671825837344, "dvar2": 0.00163850502577, "max": 0.266849756241, "mean": 0.0369006060064, "median": 0.0294724591076, "min": 1.03672299911e-10, "var": 0.00102142256219}, "spectral_kurtosis": {"dmean": 35.0716781616, "dmean2": 61.1594467163, "dvar": 1071.02648926, "dvar2": 2865.52148438, "max": 321.19833374, "mean": 107.196228027, "median": 107.018157959, "min": -1.22166717052, "var": 3263.07958984}, "spectral_rms": {"dmean": 0.000434456713265, "dmean2": 0.000645588093903, "dvar": 4.03265488558e-07, "dvar2": 7.63957473282e-07, "max": 0.0111869340762, "mean": 0.00372537458315, "median": 0.00353678595275, "min": 3.23817860547e-12, "var": 4.69916994916e-06}, "spectral_rolloff": {"dmean": 72.8317184448, "dmean2": 129.308670044, "dvar": 107729.257812, "dvar2": 228185.796875, "max": 18540.0878906, "mean": 1073.19116211, "median": 753.662109375, "min": 236.865234375, "var": 4276669}, "spectral_skewness": {"dmean": 1.85482180119, "dmean2": 3.28359937668, "dvar": 2.51972603798, "dvar2": 6.82751655579, "max": 14.7755966187, "mean": 7.00725793839, "median": 7.14521121979, "min": -0.042815040797, "var": 6.86823940277}, "spectral_spread": {"dmean": 274298.71875, "dmean2": 479113.65625, "dvar": 253888905216, "dvar2": 338460409856, "max": 41276708, "mean": 1143189.5, "median": 800984.6875, "min": 207972.59375, "var": 2986511433730.0}, "spectral_strongpeak": {"dmean": 0.483050853014, "dmean2": 0.750241219997, "dvar": 0.715716898441, "dvar2": 1.48276734352, "max": 13.2644262314, "mean": 1.89444518089, "median": 1.37669408321, "min": 1.91400317817e-09, "var": 3.45390582085}, "zerocrossingrate": {"dmean": 0.0023565615993, "dmean2": 0.00298836128786, "dvar": 2.51323672273e-05, "dvar2": 2.72558372671e-05, "max": 0.4990234375, "mean": 0.0380104035139, "median": 0.02783203125, "min": 0.01025390625, "var": 0.00362707464956}, "barkbands": {"dmean": [1.11867063879e-06, 9.06954810489e-05, 0.000162563563208, 9.47356093093e-05, 0.00127039907966, 0.000719942094292, 0.000541388522834, 0.000980300130323, 0.000786850927398, 0.000727660371922, 0.000780267931987, 0.000241632427787, 0.000175293651409, 2.75690363196e-05, 4.5599648729e-05, 1.87751466001e-05, 2.25050371228e-05, 3.84649092666e-06, 3.15532543027e-06, 7.06391233507e-07, 1.90333182104e-07, 6.21025009195e-08, 2.6279064258e-08, 7.95878563054e-09, 3.39148198414e-09, 1.56634138992e-09, 8.95991059124e-10], "dmean2": [1.96938708541e-06, 0.000153278670041, 0.000263987865765, 0.000161203890457, 0.00217099394649, 0.00110198988114, 0.000943254446611, 0.00144071318209, 0.0011267955415, 0.000997955794446, 0.00102300592698, 0.000299913197523, 0.000241382833337, 4.13296875195e-05, 5.63408248127e-05, 2.52396730502e-05, 3.07834015985e-05, 5.69284020457e-06, 4.66217488793e-06, 1.104235821e-06, 2.98149899436e-07, 9.99976776939e-08, 4.06166904554e-08, 1.35338771301e-08, 6.03845329294e-09, 2.91367951988e-09, 1.64978386508e-09], "dvar": [5.22347443077e-12, 2.66051483067e-08, 7.41387893299e-08, 3.53513449625e-08, 4.96887696499e-06, 7.24916253603e-06, 1.68715700966e-06, 8.38202413433e-06, 5.76428328714e-06, 6.19791217105e-06, 1.31614342536e-05, 2.46157333095e-06, 4.44110071385e-07, 1.11990985374e-08, 2.4289505518e-08, 3.82632014961e-09, 4.19756780445e-08, 2.13947692895e-10, 1.8045177852e-10, 3.94755617084e-11, 1.07699114384e-12, 1.14247817478e-13, 3.4541488593e-14, 3.20904361298e-15, 5.60984309373e-16, 1.17232655388e-16, 2.89884328975e-18], "dvar2": [1.56667647605e-11, 7.12513426038e-08, 1.87358324411e-07, 9.72392371068e-08, 1.52391539814e-05, 1.91922845261e-05, 4.80665948999e-06, 1.55710931722e-05, 1.09544789666e-05, 1.11214940262e-05, 2.37463409576e-05, 2.97528049487e-06, 7.563219242e-07, 2.47418032728e-08, 3.58777896281e-08, 5.79069503459e-09, 5.71496805435e-08, 5.0280202224e-10, 3.6899180933e-10, 9.86018419691e-11, 2.83156549423e-12, 3.03178814519e-13, 7.41958916723e-14, 8.84430468315e-15, 1.59045502446e-15, 3.46951630278e-16, 9.11850902772e-18], "max": [3.59905570804e-05, 0.00240023247898, 0.00520282192156, 0.00258125178516, 0.0389253385365, 0.101634018123, 0.0583143569529, 0.0866725221276, 0.0711177736521, 0.0660150274634, 0.0897183641791, 0.0602862350643, 0.0213381145149, 0.00431976141408, 0.00466562388465, 0.00183972041123, 0.00635579414666, 0.000385125720641, 0.000345194654074, 0.000298078433843, 1.97060908249e-05, 5.79342122364e-06, 8.75896694197e-06, 1.0971861002e-06, 6.3672325723e-07, 2.57202287912e-07, 3.16746415763e-08], "mean": [1.29249326619e-06, 0.000145176905789, 0.000256938190432, 0.000140909352922, 0.00275343679823, 0.00192804646213, 0.00156605814118, 0.00359868328087, 0.00308967987075, 0.0023393696174, 0.00190200051293, 0.00061584910145, 0.000448434031568, 6.16497127339e-05, 9.79143878794e-05, 4.64031581942e-05, 3.51579801645e-05, 8.21170033305e-06, 5.47583886146e-06, 8.72292616805e-07, 2.59459369545e-07, 7.40991339399e-08, 2.99891596001e-08, 7.0923600326e-09, 3.19385051739e-09, 1.72486391836e-09, 9.87338544256e-10], "median": [5.61800845844e-07, 5.48866410099e-05, 0.00014960358385, 4.53213651781e-05, 0.00175367540214, 0.000678047654219, 0.000438581453636, 0.000899494451005, 0.000465541903395, 0.000240233363002, 0.000123491990962, 4.42674609076e-05, 4.91764694743e-05, 1.76243211172e-05, 1.76917637873e-05, 1.08795529741e-05, 2.03429908652e-06, 1.3337096334e-06, 7.66179255152e-07, 7.52924194103e-08, 2.18731788237e-08, 5.21854648383e-09, 1.53683510362e-09, 8.95303164938e-10, 7.97470312008e-10, 7.80914499732e-10, 4.66218175177e-10], "min": [4.98733199737e-23, 5.63318693551e-23, 1.38190602338e-23, 3.63819273163e-23, 1.07062763174e-22, 1.65966237039e-22, 3.63298877401e-23, 3.69932471862e-23, 8.22041846399e-23, 7.07567084998e-23, 4.95598929143e-23, 7.1180042816e-23, 1.56844278671e-22, 1.29880104163e-22, 1.20406541024e-22, 2.32328649509e-22, 1.36292407363e-22, 1.41366852954e-22, 2.08080453677e-22, 2.57413517527e-22, 6.51164110877e-22, 6.6418584415e-22, 5.30482427791e-22, 8.12877718682e-22, 1.1537205597e-21, 1.65203790983e-21, 2.4292368003e-21], "var": [4.88631010653e-12, 5.6786277014e-08, 1.20017759286e-07, 6.28970653338e-08, 1.10392138595e-05, 2.39636065089e-05, 1.19267524497e-05, 4.95544154546e-05, 3.46730448655e-05, 3.24294342136e-05, 4.8947364121e-05, 1.43888064486e-05, 2.11863039112e-06, 2.4052894787e-08, 9.19443223779e-08, 1.46883305518e-08, 8.23460482025e-08, 5.00900210199e-10, 3.53332862968e-10, 3.71089929618e-11, 1.15284203624e-12, 1.17058245692e-13, 4.94396834398e-14, 2.25592804765e-15, 3.7175076974e-16, 6.51614836261e-17, 2.28483932197e-18]}, "erbbands": {"dmean": [0.000868646602612, 0.0274974312633, 0.167071342468, 0.231089472771, 1.25322711468, 6.59862375259, 4.27036809921, 7.41103887558, 9.09875965118, 11.6562156677, 20.3089523315, 16.8750801086, 14.3446626663, 28.0561904907, 31.7742786407, 12.205906868, 9.45642662048, 1.56418073177, 2.55599832535, 1.42782247066, 1.10472667217, 0.814878940582, 0.245236337185, 0.226605370641, 0.101253442466, 0.0475815571845, 0.0135908797383, 0.00499589974061, 0.00226945453323, 0.00153284473345, 0.00061800488038, 0.000247391697485, 0.000131853623316, 5.14911189384e-05, 1.94284184545e-05, 9.05385331862e-06, 3.20035678669e-06, 8.07275114312e-07, 2.14847796087e-06, 4.95415406476e-06], "dmean2": [0.00138510984834, 0.0461503341794, 0.271566301584, 0.387236297131, 2.03716731071, 11.5573062897, 6.8438205719, 11.5200834274, 16.2092266083, 17.366147995, 31.469165802, 25.1630306244, 18.0776805878, 41.6173210144, 39.8979606628, 14.3315010071, 12.8173847198, 2.35000181198, 3.24375510216, 1.67978727818, 1.53172338009, 1.10817098618, 0.347889125347, 0.337557435036, 0.148426637053, 0.0745813846588, 0.0205731894821, 0.00795596651733, 0.00367513485253, 0.00247432361357, 0.000947355641983, 0.000425691599958, 0.000217968117795, 8.71869997354e-05, 3.46009583154e-05, 1.60611962201e-05, 5.45958437215e-06, 1.35982679694e-06, 3.13660166285e-06, 7.290450867e-06], "dvar": [2.74159128821e-06, 0.00222088117152, 0.0737697929144, 0.151177167892, 3.83411622047, 161.44770813, 67.5211105347, 1006.47418213, 521.416381836, 944.117858887, 5059.31347656, 2210.68164062, 2363.41333008, 9661.94140625, 28253.1640625, 6354.63378906, 1247.01904297, 36.2174110413, 83.4728012085, 23.0792579651, 33.2318077087, 40.795589447, 0.601230144501, 0.797237277031, 0.350069969893, 0.184095546603, 0.00535467499867, 0.00093099946389, 0.000138456816785, 9.95555164991e-05, 1.59077353601e-05, 2.7593471259e-06, 8.94574327504e-07, 1.29709590624e-07, 1.46737733075e-08, 3.81628417756e-09, 2.23390445031e-10, 4.25049318659e-12, 1.64161618327e-11, 8.44404754452e-11], "dvar2": [5.90400077272e-06, 0.00597168877721, 0.185585662723, 0.40263903141, 10.5423593521, 506.34677124, 164.546829224, 2711.87890625, 1512.12011719, 1685.70166016, 10232.5292969, 5231.80712891, 3675.70849609, 20069.6328125, 50077.3085938, 7292.71582031, 2071.85766602, 80.4847335815, 125.174606323, 25.0138835907, 47.3916664124, 54.5222167969, 1.17181432247, 1.68656659126, 0.750459551811, 0.457660853863, 0.0134830325842, 0.00254004495218, 0.000373172544641, 0.000242070062086, 3.51996350219e-05, 7.69635607867e-06, 2.34074241234e-06, 3.61174301133e-07, 4.19837675736e-08, 1.12265974295e-08, 6.495337046e-10, 1.17000168234e-11, 3.09853080693e-11, 1.61836377632e-10], "max": [0.0303845256567, 0.654859662056, 5.4205789566, 4.70114564896, 38.4257087708, 218.131500244, 206.24520874, 1238.16723633, 1041.28979492, 1603.94384766, 2185.81176758, 817.143676758, 1551.8112793, 2547.03198242, 4603.33642578, 3119.3425293, 1136.7833252, 258.21383667, 276.434082031, 206.719055176, 168.853561401, 199.57270813, 20.3614521027, 24.3935413361, 15.8423137665, 20.3934020996, 2.72746658325, 0.690018475056, 0.210184454918, 0.308438509703, 0.159464135766, 0.0276804994792, 0.0189870297909, 0.00925914850086, 0.00318752531894, 0.00149002636317, 0.000337408186169, 5.0133698096e-05, 6.8703564466e-05, 0.000151765692863], "mean": [0.00158832443412, 0.0455268509686, 0.274989008904, 0.413233041763, 2.90814685822, 12.1305494308, 10.59400177, 20.5896759033, 27.356628418, 34.8042526245, 78.8736572266, 70.8157577515, 52.2464599609, 91.0983428955, 78.1107788086, 34.3291282654, 25.4287338257, 3.89375901222, 5.77892160416, 3.62915992737, 2.33299732208, 1.39004576206, 0.510489463806, 0.461421370506, 0.144373506308, 0.0594647601247, 0.018905768171, 0.00681764399633, 0.00286082434468, 0.00179358117748, 0.000696336501278, 0.000229687881074, 0.000137936425745, 6.04493543506e-05, 3.02383959934e-05, 1.82339499588e-05, 9.18245223147e-06, 2.35611946664e-06, 9.563189451e-06, 2.18025325012e-05], "median": [0.000539096887223, 0.0211340654641, 0.167131409049, 0.255916893482, 1.6302138567, 6.66133069992, 6.5856180191, 5.47606372833, 7.22698640823, 13.2091779709, 22.3703727722, 15.5818719864, 8.18420886993, 11.9904470444, 8.80864048004, 3.30631279945, 3.07396650314, 1.30909109116, 1.10489761829, 0.911193013191, 0.492854952812, 0.148310229182, 0.096571110189, 0.0800107419491, 0.0194506403059, 0.00487943692133, 0.0023141070269, 0.000614225806203, 0.00023498875089, 0.000105392609839, 5.30885117769e-05, 3.30028851749e-05, 2.47579773713e-05, 1.90403497982e-05, 1.46831434904e-05, 1.04046748675e-05, 5.82240136282e-06, 1.43479462622e-06, 6.32764977126e-06, 1.45176172737e-05], "min": [3.52050451694e-21, 5.86783630021e-21, 1.85714342136e-20, 6.14006152058e-20, 2.33271369239e-19, 4.78836710332e-19, 2.76666892685e-19, 1.83122670894e-18, 1.02056282526e-18, 5.03455673313e-19, 1.21291633548e-18, 1.49420861536e-18, 3.20385083779e-18, 1.07655488772e-18, 2.35941668523e-18, 3.0866687099e-18, 6.96601632901e-18, 6.07453607231e-18, 7.03013027111e-18, 1.13281632155e-17, 1.06910017061e-17, 7.40645691797e-18, 7.78840260273e-18, 9.37204071265e-18, 1.05551281915e-17, 1.53471203104e-17, 2.70755537428e-17, 1.87500106559e-17, 2.61788105494e-17, 1.78793203432e-17, 1.57745361135e-17, 1.625332645e-17, 1.34083686005e-17, 1.16401203214e-17, 8.49519617612e-18, 7.13769435643e-18, 2.51890724029e-18, 1.3821451845e-18, 3.47414047815e-19, 3.30574621559e-20], "var": [7.21258265912e-06, 0.00459486385807, 0.123628735542, 0.260980755091, 12.3350515366, 287.120910645, 193.845565796, 3417.01049805, 3828.80371094, 5477.73583984, 27402.5742188, 13754.9150391, 14442.7568359, 43784.7773438, 83733.703125, 38243.4375, 6043.78369141, 78.5626831055, 312.660522461, 122.50088501, 68.8015289307, 83.2227249146, 1.68654596806, 1.80490088463, 0.475653529167, 0.174453765154, 0.00610103877261, 0.000850520678796, 0.000157293281518, 0.000108562380774, 2.13798521145e-05, 1.88757860542e-06, 7.27992357952e-07, 9.31395405246e-08, 9.97508298184e-09, 2.45003328736e-09, 2.05023248379e-10, 8.37705859541e-12, 9.96679058729e-11, 5.10588071823e-10]}, "gfcc": {"mean": [-226.768264771, 235.768844604, -132.872756958, -59.5100135803, -30.244260788, -32.0927429199, -22.9968833923, -10.4171762466, -16.0872650146, -17.7284317017, -7.73033618927, -12.0048446655, -2.74939274788], "cov": [[18309.7636719, 5468.00878906, -2818.77856445, -691.834777832, 730.024047852, -1175.67797852, 777.937072754, -390.225402832, 304.269226074, -458.696472168, 137.598388672, -338.548675537, 180.682846069], [5468.00878906, 3071.55419922, -427.634246826, -721.210144043, 405.177947998, -486.759368896, -2.78209590912, -154.558822632, 59.6859474182, -218.924407959, 48.1355628967, -200.790542603, 74.286239624], [-2818.77856445, -427.634246826, 813.223876953, -17.1084403992, -103.545471191, 152.920379639, -199.534896851, 44.7006607056, -44.2137641907, 50.8381614685, -19.338968277, 15.7524690628, -14.298207283], [-691.834777832, -721.210144043, -17.1084403992, 417.627593994, -55.5820503235, 63.472568512, 47.2509880066, -11.5183143616, 7.27634906769, 75.2953567505, 13.9005975723, 59.1521072388, -40.1188850403], [730.024047852, 405.177947998, -103.545471191, -55.5820503235, 191.944656372, -48.6660499573, -16.6792106628, -30.6583213806, -2.13042616844, -33.5106735229, 30.5553150177, -19.4094696045, -3.20686173439], [-1175.67797852, -486.759368896, 152.920379639, 63.472568512, -48.6660499573, 240.411972046, 12.2817544937, 15.1870965958, -46.0056037903, -9.0448141098, -25.6467971802, 46.2511291504, -4.01493549347], [777.937072754, -2.78209590912, -199.534896851, 47.2509880066, -16.6792106628, 12.2817544937, 200.321121216, 30.0850486755, 6.24875879288, -16.1774024963, -23.2734088898, -9.17276191711, 24.4099731445], [-390.225402832, -154.558822632, 44.7006607056, -11.5183143616, -30.6583213806, 15.1870965958, 30.0850486755, 101.757820129, 29.5079975128, 21.9663410187, -4.95608139038, -12.4141807556, -5.43890953064], [304.269226074, 59.6859474182, -44.2137641907, 7.27634906769, -2.13042616844, -46.0056037903, 6.24875879288, 29.5079975128, 93.5499191284, 40.2460021973, -2.64400148392, -18.063621521, -4.63633918762], [-458.696472168, -218.924407959, 50.8381614685, 75.2953567505, -33.5106735229, -9.0448141098, -16.1774024963, 21.9663410187, 40.2460021973, 100.0834198, 18.5356788635, -4.78340387344, -19.5332775116], [137.598388672, 48.1355628967, -19.338968277, 13.9005975723, 30.5553150177, -25.6467971802, -23.2734088898, -4.95608139038, -2.64400148392, 18.5356788635, 75.9487533569, 24.033531189, -26.9798622131], [-338.548675537, -200.790542603, 15.7524690628, 59.1521072388, -19.4094696045, 46.2511291504, -9.17276191711, -12.4141807556, -18.063621521, -4.78340387344, 24.033531189, 86.5116653442, 9.81435680389], [180.682846069, 74.286239624, -14.298207283, -40.1188850403, -3.20686173439, -4.01493549347, 24.4099731445, -5.43890953064, -4.63633918762, -19.5332775116, -26.9798622131, 9.81435680389, 81.5118255615]], "icov": [[0.000632773560937, -0.000700985896401, 0.00107832346112, -0.000357073353371, 0.000444134464487, 0.000459792092443, -0.00141282181721, 0.00150490796659, -0.00182439992204, 0.00171452783979, -0.00175612908788, 0.00108592119068, -0.000591676507611], [-0.000700985896401, 0.00288142450154, -0.00182160397526, 0.002911234973, -0.00241852831095, 0.00186752981972, -0.000264636997599, 0.00195012905169, -0.000686302490067, 0.00116468966007, -0.000458669906948, 0.00102076260373, 0.00021272432059], [0.00107832346112, -0.00182160397526, 0.00456960638985, -0.00131930434145, 0.00216164020821, -0.00127753627021, 0.00110012840014, -0.000163656382938, -0.000838334846776, 0.000902171886992, -0.00174955499824, 0.00185760506429, -0.00153040385339], [-0.000357073353371, 0.002911234973, -0.00131930434145, 0.00727560510859, -0.00260879960842, 0.0023230786901, -0.00313531630673, 0.00497907958925, -0.00183650781401, -0.00116183178034, -5.11919060955e-05, -0.00154368777294, 0.00255683902651], [0.000444134464487, -0.00241852831095, 0.00216164020821, -0.00260879960842, 0.00961698498577, -0.00231487769634, 0.00203335564584, -0.000947339460254, 0.000110976950964, 0.00170728459489, -0.00393659621477, 0.00234419945627, -0.00126277748495], [0.000459792092443, 0.00186752981972, -0.00127753627021, 0.0023230786901, -0.00231487769634, 0.0100753093138, -0.00482417922467, 0.00409139459953, -0.0016117063351, 0.00439220620319, 0.000199015645194, -0.00137284258381, 0.00151301140431], [-0.00141282181721, -0.000264636997599, 0.00110012840014, -0.00313531630673, 0.00203335564584, -0.00482417922467, 0.0146304955706, -0.0107444347814, 0.00753061100841, -0.00486702891067, 0.00617216527462, -0.00136612902861, -0.00176370469853], [0.00150490796659, 0.00195012905169, -0.000163656382938, 0.00497907958925, -0.000947339460254, 0.00409139459953, -0.0107444347814, 0.0241236556321, -0.013915813528, 0.00816902052611, -0.00992324110121, 0.0073458198458, -0.000702598539647], [-0.00182439992204, -0.000686302490067, -0.000838334846776, -0.00183650781401, 0.000110976950964, -0.0016117063351, 0.00753061100841, -0.013915813528, 0.0261905416846, -0.0165653284639, 0.0129113793373, -0.00701014045626, 0.00299750012346], [0.00171452783979, 0.00116468966007, 0.000902171886992, -0.00116183178034, 0.00170728459489, 0.00439220620319, -0.00486702891067, 0.00816902052611, -0.0165653284639, 0.0286844093353, -0.0162504781038, 0.0118133518845, -0.00385897606611], [-0.00175612908788, -0.000458669906948, -0.00174955499824, -5.11919060955e-05, -0.00393659621477, 0.000199015645194, 0.00617216527462, -0.00992324110121, 0.0129113793373, -0.0162504781038, 0.0332644097507, -0.0180737059563, 0.011349693872], [0.00108592119068, 0.00102076260373, 0.00185760506429, -0.00154368777294, 0.00234419945627, -0.00137284258381, -0.00136612902861, 0.0073458198458, -0.00701014045626, 0.0118133518845, -0.0180737059563, 0.0263605564833, -0.00957144983113], [-0.000591676507611, 0.00021272432059, -0.00153040385339, 0.00255683902651, -0.00126277748495, 0.00151301140431, -0.00176370469853, -0.000702598539647, 0.00299750012346, -0.00385897606611, 0.011349693872, -0.00957144983113, 0.0190367996693]]}, "melbands": {"dmean": [1.6025513105e-05, 6.92420362611e-05, 4.69021360914e-05, 0.000287807401037, 0.000187206591363, 0.000155259855092, 0.000126644285046, 0.000145013967995, 0.000161510979524, 0.000105784092739, 7.55171640776e-05, 0.000118739684694, 0.000106645595224, 4.55777517345e-05, 2.49209260801e-05, 1.26529494082e-05, 2.47788807428e-06, 3.87568570659e-06, 2.5271863251e-06, 1.68798896993e-06, 1.45255933148e-06, 1.09519305624e-06, 4.42065470452e-07, 1.75782531642e-07, 2.0324652894e-07, 6.60399166463e-08, 3.87118284095e-08, 3.55953595488e-08, 7.24084658899e-09, 5.22182119767e-09, 2.1774286818e-09, 1.4472035792e-09, 9.87662951424e-10, 7.47642225907e-10, 3.3134900379e-10, 3.21263488035e-10, 9.23989079693e-11, 1.08344104521e-10, 5.06179820281e-11, 3.98835582616e-11], "dmean2": [2.64074715233e-05, 0.000113493952085, 7.65900476836e-05, 0.000496490800288, 0.00031113816658, 0.000241341957008, 0.00022478311439, 0.000211498540011, 0.000253083242569, 0.000152719381731, 9.29621528485e-05, 0.000175471956027, 0.000135433627293, 5.75612248213e-05, 3.30232614942e-05, 1.70893035829e-05, 3.87507816413e-06, 4.94994628752e-06, 3.09559891321e-06, 2.09565928344e-06, 2.05336618819e-06, 1.48163678659e-06, 6.28120858437e-07, 2.56923073039e-07, 3.05095454678e-07, 9.75205693976e-08, 5.82567949436e-08, 5.58875825618e-08, 1.123262372e-08, 8.25486790035e-09, 3.50418050132e-09, 2.35602026777e-09, 1.62722346708e-09, 1.18527798687e-09, 4.95835317249e-10, 5.43201594816e-10, 1.64205468667e-10, 1.79788725574e-10, 8.65458330002e-11, 6.98866312043e-11], "dvar": [8.80602590847e-10, 1.17060183769e-08, 5.37925082256e-09, 2.78971413081e-07, 1.07294958696e-07, 3.98033705551e-07, 9.63532897913e-08, 1.4390482761e-07, 2.96103053188e-07, 9.60071204759e-08, 6.44248672188e-08, 1.78196515321e-07, 2.45964344003e-07, 6.7216063826e-08, 1.22167076455e-08, 2.34719865766e-09, 1.0929539912e-10, 1.74685946264e-10, 5.65668692443e-11, 3.95240333517e-11, 1.1022642521e-10, 1.10678369247e-10, 2.94191906079e-12, 6.91075668913e-13, 7.57914835493e-13, 1.46288146527e-13, 5.02191875324e-14, 1.38263058229e-13, 1.29363043342e-15, 1.15883233964e-15, 1.44948235166e-16, 6.42145802004e-17, 4.00532499301e-17, 2.96199943942e-17, 5.07126855968e-18, 5.08310551425e-18, 4.00863977456e-19, 7.24496944551e-19, 1.23732416061e-19, 7.71937872332e-20], "dvar2": [2.14581152846e-09, 3.00538118836e-08, 1.42415776949e-08, 8.69178961693e-07, 2.91785994477e-07, 1.06426159618e-06, 2.78926080455e-07, 2.43655193799e-07, 6.14832856627e-07, 1.98222224412e-07, 1.00636732725e-07, 3.57883521929e-07, 4.29287382531e-07, 1.06818696111e-07, 1.78582499899e-08, 3.94846022544e-09, 2.52648513221e-10, 2.62207699997e-10, 8.17762316196e-11, 5.12064210478e-11, 1.54289955812e-10, 1.48022830104e-10, 5.42803692619e-12, 1.5807657917e-12, 1.57493853029e-12, 3.16897929339e-13, 1.05329028106e-13, 3.48483015448e-13, 3.25438528665e-15, 3.13728658158e-15, 3.84202762869e-16, 1.73314230369e-16, 1.09879727809e-16, 6.25927701868e-17, 1.04149649182e-17, 1.34145947889e-17, 1.14193958604e-18, 1.92109657377e-18, 3.31158010073e-19, 2.15657100932e-19], "max": [0.000510421930812, 0.00203462434001, 0.00093995872885, 0.00989321433008, 0.0060346191749, 0.0242927428335, 0.0136064589024, 0.0200393367559, 0.016608607024, 0.00800424814224, 0.00785746704787, 0.01117697265, 0.0121814860031, 0.00623376015574, 0.0038475128822, 0.00157136027701, 0.000427864142694, 0.00039372628089, 0.000202087845537, 0.000223927694606, 0.000319889717503, 0.000330091774231, 5.33421625732e-05, 2.27889395319e-05, 2.56012044701e-05, 1.02462472569e-05, 5.81469430472e-06, 1.79251437658e-05, 9.93036792352e-07, 7.90689625774e-07, 2.20509548399e-07, 1.62637050494e-07, 1.34372371008e-07, 2.47448070922e-07, 9.48653209321e-08, 5.37491153807e-08, 1.06259596677e-08, 2.02930685589e-08, 6.93002855101e-09, 6.58558940714e-09], "mean": [2.76803966699e-05, 0.000115457500215, 9.45885985857e-05, 0.000578215986025, 0.000423588528065, 0.000448238744866, 0.000371251866454, 0.000453361542895, 0.000640418205876, 0.000424079713412, 0.000262653251411, 0.000382347177947, 0.000278926629107, 0.000100477744127, 6.96565912222e-05, 3.29868271365e-05, 4.93841071147e-06, 8.75093246577e-06, 5.82649545322e-06, 4.0277914195e-06, 2.72595912065e-06, 1.71455303644e-06, 7.80204288731e-07, 3.68150637087e-07, 4.01993077048e-07, 9.17356999253e-08, 5.06478485818e-08, 4.15220284822e-08, 1.00110781887e-08, 6.9938388414e-09, 2.91057911106e-09, 1.72050262925e-09, 1.09281317329e-09, 9.00195584741e-10, 3.81164377838e-10, 2.75360817481e-10, 7.8724880781e-11, 1.01386732343e-10, 4.85487275381e-11, 3.63283673976e-11], "median": [9.61373643804e-06, 7.22936529201e-05, 6.30986614851e-05, 0.000310273171635, 0.000274961144896, 0.000126951534185, 0.000100401062809, 0.000156439258717, 0.000191361672478, 7.00803138898e-05, 2.94058900181e-05, 3.93233276554e-05, 2.26499141718e-05, 8.75735622685e-06, 6.22409879725e-06, 4.08108280681e-06, 1.59093042384e-06, 1.47478181134e-06, 1.30159185119e-06, 7.85373401868e-07, 3.24947620811e-07, 9.17556874924e-08, 9.31885253408e-08, 4.79199826486e-08, 6.20175200083e-08, 1.11020419524e-08, 3.39741634825e-09, 2.16101136985e-09, 1.03874142621e-09, 4.56185478281e-10, 1.83690382349e-10, 1.1438575781e-10, 6.31152838326e-11, 3.74407518877e-11, 2.35182862768e-11, 1.6136056033e-11, 1.13659160209e-11, 1.06165362959e-11, 8.24302865549e-12, 7.48253108779e-12], "min": [2.5219400357e-23, 8.00980648624e-24, 1.57061322705e-23, 2.66354593245e-23, 1.17580427898e-23, 3.74067901608e-23, 1.56151876522e-23, 4.95576620156e-24, 1.22732541579e-23, 9.64837077172e-24, 1.5642581636e-23, 3.73164774201e-24, 6.81916215592e-24, 7.23157548172e-24, 1.30470194208e-23, 1.448608315e-23, 1.07491859331e-23, 1.19764144767e-23, 1.07252660927e-23, 1.74218021875e-23, 1.12983648629e-23, 6.98244926355e-24, 9.311097236e-24, 5.15678373743e-24, 7.79830972211e-24, 8.05855887905e-24, 7.15474831816e-24, 9.92098611221e-24, 1.88169263642e-23, 1.30602304744e-23, 8.70915771113e-24, 1.41037759117e-23, 1.35749992915e-23, 8.30517415296e-24, 7.99171238366e-24, 9.943168092e-24, 1.11375610894e-23, 9.92647579525e-24, 8.79031177676e-24, 1.03497746127e-23], "var": [2.17694862137e-09, 2.00499865599e-08, 1.07810347316e-08, 5.89928959016e-07, 2.62252456196e-07, 1.40011366057e-06, 6.66715777697e-07, 8.90399633136e-07, 1.61425703027e-06, 5.79828792979e-07, 3.96248111656e-07, 8.28352426652e-07, 1.02243370748e-06, 2.3783995573e-07, 6.96246758025e-08, 1.11819673521e-08, 1.7915288697e-10, 6.73607725155e-10, 2.31443558762e-10, 1.71047342956e-10, 2.15818099503e-10, 2.22216550716e-10, 8.01098510445e-12, 1.60359908945e-12, 1.71089520589e-12, 1.94224288887e-13, 7.01600439529e-14, 1.2570836299e-13, 1.50267096502e-15, 1.03943097551e-15, 1.68644603905e-16, 7.04869319667e-17, 3.40512340229e-17, 4.23460754741e-17, 7.97523375179e-18, 4.00183528344e-18, 2.54875879273e-19, 5.78155821192e-19, 9.36389520666e-20, 5.31177423084e-20]}, "mfcc": {"mean": [-831.838195801, 240.805755615, -5.49641609192, -28.2283229828, -5.07004499435, -16.3851070404, -10.7354288101, -3.18007516861, -5.74272346497, -4.949862957, -5.19247484207, -8.2044172287, -4.82825946808], "cov": [[7358.14990234, 4114.52148438, -1630.70605469, -119.705230713, 109.032974243, -460.173919678, 29.7793254852, 104.43334198, -70.5710525513, 23.3714542389, 70.6031036377, 19.7720336914, -34.9230041504], [4114.52148438, 2968.36816406, -438.243713379, -312.393432617, 71.6226654053, -239.521881104, -81.9979476929, 25.5346279144, -39.2655830383, -0.969652593136, 11.2807035446, -46.8047218323, -62.0981254578], [-1630.70605469, -438.243713379, 857.458679199, -61.8444862366, -66.9051742554, 151.014404297, -79.6516647339, -74.8260192871, 16.1439590454, -17.4294071198, -40.1381797791, -37.8581542969, -12.8061666489], [-119.705230713, -312.393432617, -61.8444862366, 235.719528198, 37.8574638367, -2.93024134636, 26.8453674316, -23.2243537903, -28.0802383423, -0.245386108756, 25.2142162323, 46.7706871033, 34.3313827515], [109.032974243, 71.6226654053, -66.9051742554, 37.8574638367, 142.75994873, 18.0537376404, -27.0961513519, -10.8755636215, -44.7620849609, -24.888092041, 13.3798570633, 14.4183273315, 18.4961090088], [-460.173919678, -239.521881104, 151.014404297, -2.93024134636, 18.0537376404, 141.887283325, 35.0125389099, -15.2238988876, 1.05644738674, -23.6963806152, -25.853471756, -7.67110729218, 6.63143062592], [29.7793254852, -81.9979476929, -79.6516647339, 26.8453674316, -27.0961513519, 35.0125389099, 127.481147766, 55.5019645691, 4.2715306282, 0.341136425734, -15.4439344406, -7.29206848145, -2.13529872894], [104.43334198, 25.5346279144, -74.8260192871, -23.2243537903, -10.8755636215, -15.2238988876, 55.5019645691, 91.9934768677, 30.4716567993, -12.637878418, -8.68316078186, -11.2727165222, -11.8839702606], [-70.5710525513, -39.2655830383, 16.1439590454, -28.0802383423, -44.7620849609, 1.05644738674, 4.2715306282, 30.4716567993, 94.7387390137, 43.9832572937, -15.9835882187, -9.19332885742, -25.2305183411], [23.3714542389, -0.969652593136, -17.4294071198, -0.245386108756, -24.888092041, -23.6963806152, 0.341136425734, -12.637878418, 43.9832572937, 99.6103668213, 34.9186210632, -9.64347076416, -18.9608268738], [70.6031036377, 11.2807035446, -40.1381797791, 25.2142162323, 13.3798570633, -25.853471756, -15.4439344406, -8.68316078186, -15.9835882187, 34.9186210632, 91.1313018799, 52.2161216736, -8.42918682098], [19.7720336914, -46.8047218323, -37.8581542969, 46.7706871033, 14.4183273315, -7.67110729218, -7.29206848145, -11.2727165222, -9.19332885742, -9.64347076416, 52.2161216736, 109.149497986, 44.7648544312], [-34.9230041504, -62.0981254578, -12.8061666489, 34.3313827515, 18.4961090088, 6.63143062592, -2.13529872894, -11.8839702606, -25.2305183411, -18.9608268738, -8.42918682098, 44.7648544312, 108.983001709]], "icov": [[0.041000045836, -0.0579241327941, 0.0582434497774, -0.0566192604601, 0.0576755218208, -0.0535574480891, 0.0478562414646, -0.0426965765655, 0.0354950092733, -0.0273095332086, 0.020851502195, -0.0116054248065, 0.00441125920042], [-0.0579241327941, 0.0823854357004, -0.0821842625737, 0.0809997618198, -0.0822474062443, 0.0769610330462, -0.0683664083481, 0.0613198578358, -0.0505915731192, 0.0391793549061, -0.0297415088862, 0.0166126359254, -0.00618908181787], [0.0582434497774, -0.0821842625737, 0.084978595376, -0.0806423723698, 0.0843309313059, -0.079825758934, 0.0718808695674, -0.0624057874084, 0.0526908040047, -0.0403686612844, 0.0310909710824, -0.0170024484396, 0.00693651149049], [-0.0566192604601, 0.0809997618198, -0.0806423723698, 0.086077965796, -0.0840478762984, 0.0795301571488, -0.0735399648547, 0.0670986697078, -0.0537584982812, 0.0421844944358, -0.0326553657651, 0.0168835222721, -0.00784797500819], [0.0576755218208, -0.0822474062443, 0.0843309313059, -0.0840478762984, 0.0965527668595, -0.0870767012239, 0.0819231420755, -0.0738349631429, 0.0649938359857, -0.0480069518089, 0.0367636606097, -0.0214492976665, 0.00881732441485], [-0.0535574480891, 0.0769610330462, -0.079825758934, 0.0795301571488, -0.0870767012239, 0.0944242030382, -0.084811411798, 0.0785751342773, -0.0670893788338, 0.0544779412448, -0.0401480980217, 0.0243995562196, -0.0109852468595], [0.0478562414646, -0.0683664083481, 0.0718808695674, -0.0735399648547, 0.0819231420755, -0.084811411798, 0.0933619141579, -0.0858504772186, 0.0733910799026, -0.0601263307035, 0.048910357058, -0.0292410012335, 0.0140413763002], [-0.0426965765655, 0.0613198578358, -0.0624057874084, 0.0670986697078, -0.0738349631429, 0.0785751342773, -0.0858504772186, 0.0977186411619, -0.0807008072734, 0.0678331032395, -0.0543437376618, 0.0349990092218, -0.0159492865205], [0.0354950092733, -0.0505915731192, 0.0526908040047, -0.0537584982812, 0.0649938359857, -0.0670893788338, 0.0733910799026, -0.0807008072734, 0.0901260599494, -0.0709305107594, 0.0608212761581, -0.0399262905121, 0.0209917798638], [-0.0273095332086, 0.0391793549061, -0.0403686612844, 0.0421844944358, -0.0480069518089, 0.0544779412448, -0.0601263307035, 0.0678331032395, -0.0709305107594, 0.0714450255036, -0.0574149265885, 0.0377468802035, -0.0173442084342], [0.020851502195, -0.0297415088862, 0.0310909710824, -0.0326553657651, 0.0367636606097, -0.0401480980217, 0.048910357058, -0.0543437376618, 0.0608212761581, -0.0574149265885, 0.0664931535721, -0.0423754230142, 0.0215517040342], [-0.0116054248065, 0.0166126359254, -0.0170024484396, 0.0168835222721, -0.0214492976665, 0.0243995562196, -0.0292410012335, 0.0349990092218, -0.0399262905121, 0.0377468802035, -0.0423754230142, 0.0391807444394, -0.018217517063], [0.00441125920042, -0.00618908181787, 0.00693651149049, -0.00784797500819, 0.00881732441485, -0.0109852468595, 0.0140413763002, -0.0159492865205, 0.0209917798638, -0.0173442084342, 0.0215517040342, -0.018217517063, 0.0190500374883]]}, "spectral_contrast_coeffs": {"dmean": [0.0474149025977, 0.0350024215877, 0.0264118779451, 0.0277079064399, 0.0216826684773, 0.0373694226146], "dmean2": [0.0805721357465, 0.0590628758073, 0.0416054241359, 0.0441020168364, 0.0353851877153, 0.0658115819097], "dvar": [0.00140005873982, 0.00103418005165, 0.000647565524559, 0.000792655395344, 0.000557537015993, 0.001115303603], "dvar2": [0.00396551145241, 0.00271210935898, 0.00140697881579, 0.00195379718207, 0.00130788306706, 0.00316666904837], "max": [-0.332018315792, -0.404672145844, -0.438412845135, -0.524980485439, -0.533214747906, -0.65075981617], "mean": [-0.566646158695, -0.692530691624, -0.682010948658, -0.721203804016, -0.721561610699, -0.852229654789], "median": [-0.563376188278, -0.695335030556, -0.687927782536, -0.719808220863, -0.71568107605, -0.863445580006], "min": [-0.973451316357, -0.960973083973, -0.960454463959, -0.960707306862, -0.957440555096, -0.960100233555], "var": [0.0072499634698, 0.00669582933187, 0.00882619805634, 0.00439919205382, 0.0038181275595, 0.00305625330657]}, "spectral_contrast_valleys": {"dmean": [0.421939104795, 0.297298163176, 0.261378675699, 0.303129792213, 0.328295469284, 0.64992082119], "dmean2": [0.701200187206, 0.502351760864, 0.434051036835, 0.50376021862, 0.550893068314, 1.1568198204], "dvar": [0.137881428003, 0.