{"lowlevel": {"average_loudness": 0.640611946583, "barkbands_crest": {"dmean": 2.19987916946, "dmean2": 3.5275645256, "dvar": 5.71274518967, "dvar2": 14.0313844681, "max": 26.1611938477, "mean": 11.6850700378, "median": 10.9851961136, "min": 2.91756057739, "var": 16.8254470825}, "barkbands_flatness_db": {"dmean": 0.0221471395344, "dmean2": 0.0336639732122, "dvar": 0.000725965946913, "dvar2": 0.00176574231591, "max": 0.541000306606, "mean": 0.253367513418, "median": 0.253993451595, "min": 0.052254781127, "var": 0.00636863196269}, "barkbands_kurtosis": {"dmean": 7.26439857483, "dmean2": 11.96971035, "dvar": 575.476074219, "dvar2": 1537.10461426, "max": 498.43347168, "mean": 15.116809845, "median": 9.25660610199, "min": -1.93194508553, "var": 627.727600098}, "barkbands_skewness": {"dmean": 0.618125975132, "dmean2": 0.957145810127, "dvar": 1.07218873501, "dvar2": 2.50242900848, "max": 18.2702922821, "mean": 2.59707975388, "median": 2.3347966671, "min": -1.96771478653, "var": 2.29469537735}, "barkbands_spread": {"dmean": 2.37482738495, "dmean2": 3.70808696747, "dvar": 16.1958866119, "dvar2": 34.5252342224, "max": 81.1581344604, "mean": 8.40529060364, "median": 5.78522205353, "min": 0.248904511333, "var": 66.0449905396}, "dissonance": {"dmean": 0.0245780032128, "dmean2": 0.0408258773386, "dvar": 0.000516219588462, "dvar2": 0.00137006503064, "max": 0.500000119209, "mean": 0.424653857946, "median": 0.433665931225, "min": 0.155237495899, "var": 0.00238661118783}, "dynamic_complexity": 4.0777554512, "erbbands_crest": {"dmean": 2.08656549454, "dmean2": 3.36506462097, "dvar": 4.55871629715, "dvar2": 11.5574235916, "max": 31.9045238495, "mean": 10.4797105789, "median": 9.45994377136, "min": 2.4317855835, "var": 20.0541305542}, "erbbands_flatness_db": {"dmean": 0.0155968423933, "dmean2": 0.0228180307895, "dvar": 0.000317855359754, "dvar2": 0.000642910017632, "max": 0.467722773552, "mean": 0.230866581202, "median": 0.229516834021, "min": 0.0321436412632, "var": 0.00454269628972}, "erbbands_kurtosis": {"dmean": 1.37530064583, "dmean2": 2.18358445168, "dvar": 4.27671766281, "dvar2": 10.4712982178, "max": 113.867752075, "mean": 3.00674962997, "median": 1.21374034882, "min": -1.85393440723, "var": 60.6369438171}, "erbbands_skewness": {"dmean": 0.328274071217, "dmean2": 0.516388773918, "dvar": 0.123164884746, "dvar2": 0.309188008308, "max": 8.15987014771, "mean": 1.26514387131, "median": 1.13016009331, "min": -3.19891786575, "var": 0.923659622669}, "erbbands_spread": {"dmean": 6.76833677292, "dmean2": 10.6731262207, "dvar": 100.754425049, "dvar2": 235.628952026, "max": 147.065505981, "mean": 30.1928939819, "median": 25.5944023132, "min": 1.21957480907, "var": 397.542266846}, "hfc": {"dmean": 3.25682663918, "dmean2": 4.90808868408, "dvar": 53.4682006836, "dvar2": 113.495117188, "max": 184.703964233, "mean": 10.7939004898, "median": 5.64977550507, "min": 1.15192841232e-16, "var": 195.52835083}, "melbands_crest": {"dmean": 2.65004277229, "dmean2": 4.20112895966, "dvar": 7.82994747162, "dvar2": 18.0953407288, "max": 35.8220024109, "mean": 14.7250165939, "median": 13.775976181, "min": 2.53581857681, "var": 24.4910068512}, "melbands_flatness_db": {"dmean": 0.0263469032943, "dmean2": 0.0393093824387, "dvar": 0.00108512991574, "dvar2": 0.00253743445501, "max": 0.678911089897, "mean": 0.34085431695, "median": 0.344007223845, "min": 0.00772138638422, "var": 0.0108687672764}, "melbands_kurtosis": {"dmean": 11.0443544388, "dmean2": 17.3080482483, "dvar": 797.624450684, "dvar2": 1912.60754395, "max": 848.361999512, "mean": 24.2772006989, "median": 15.0516147614, "min": -1.39399337769, "var": 1142.41955566}, "melbands_skewness": {"dmean": 0.711846530437, "dmean2": 1.09247839451, "dvar": 1.04101979733, "dvar2": 2.25622344017, "max": 22.3720722198, "mean": 3.1352558136, "median": 2.78374314308, "min": -1.80923557281, "var": 3.12919950485}, "melbands_spread": {"dmean": 2.19500923157, "dmean2": 3.39928269386, "dvar": 18.7065658569, "dvar2": 37.3709259033, "max": 198.06980896, "mean": 8.11192321777, "median": 5.90065002441, "min": 0.2559055686, "var": 61.0993003845}, "pitch_salience": {"dmean": 0.0625252127647, "dmean2": 0.100677318871, "dvar": 0.00434178020805, "dvar2": 0.0102619221434, "max": 0.896467208862, "mean": 0.548071861267, "median": 0.558555185795, "min": 0.0612021870911, "var": 0.0121580017731}, "silence_rate_20dB": {"dmean": 0.0123372171074, "dmean2": 0.0246758442372, "dvar": 0.0121853230521, "dvar2": 0.0332072749734, "max": 1, "mean": 0.992175459862, "median": 1, "min": 0, "var": 0.00776317389682}, "silence_rate_30dB": {"dmean": 0.0400959551334, "dmean2": 0.0801964923739, "dvar": 0.0384856127203, "dvar2": 0.0776513665915, "max": 1, "mean": 0.940145075321, "median": 1, "min": 0, "var": 0.0562781281769}, "silence_rate_60dB": {"dmean": 0.0150788212195, "dmean2": 0.0301593653858, "dvar": 0.0148525731638, "dvar2": 0.0342817418277, "max": 1, "mean": 0.0691073164344, "median": 0, "min": 0, "var": 0.0643186271191}, "spectral_centroid": {"dmean": 111.692138672, "dmean2": 179.355987549, "dvar": 37232.4296875, "dvar2": 81559.75, "max": 10280.4863281, "mean": 570.291503906, "median": 460.940490723, "min": 142.223968506, "var": 126274.234375}, "spectral_complexity": {"dmean": 1.66004109383, "dmean2": 2.73262119293, "dvar": 4.52224111557, "dvar2": 10.9723987579, "max": 50, "mean": 10.9015932083, "median": 9, "min": 0, "var": 35.4745025635}, "spectral_decrease": {"dmean": 4.79666395492e-09, "dmean2": 7.5462631699e-09, "dvar": 2.39235694455e-16, "dvar2": 5.81510723482e-16, "max": 5.64022874971e-22, "mean": -9.17501719044e-09, "median": -4.9575552552e-09, "min": -2.21149150548e-07, "var": 2.66797855391e-16}, "spectral_energy": {"dmean": 0.0183512289077, "dmean2": 0.0288373250514, "dvar": 0.00345953251235, "dvar2": 0.00840044207871, "max": 0.840665638447, "mean": 0.0356077477336, "median": 0.0193830169737, "min": 1.06345174905e-20, "var": 0.00390162458643}, "spectral_energyband_high": {"dmean": 0.000127980121761, "dmean2": 0.000194835549337, "dvar": 1.95239437062e-07, "dvar2": 3.81725470788e-07, "max": 0.0141130238771, "mean": 0.000271782220807, "median": 1.40306065077e-05, "min": 7.50210325644e-21, "var": 5.67015888464e-07}, "spectral_energyband_low": {"dmean": 0.0147203179076, "dmean2": 0.0234488248825, "dvar": 0.00338716548868, "dvar2": 0.00830392446369, "max": 0.820952475071, "mean": 0.0186225380749, "median": 0.00551847927272, "min": 6.08499471275e-23, "var": 0.00324420607649}, "spectral_energyband_middle_high": {"dmean": 0.00046544399811, "dmean2": 0.00069525820436, "dvar": 1.50722496528e-06, "dvar2": 2.86003250949e-06, "max": 0.0715806931257, "mean": 0.00155778799672, "median": 0.000534549064469, "min": 1.60827892452e-21, "var": 8.60195177665e-06}, "spectral_energyband_middle_low": {"dmean": 0.00543542439118, "dmean2": 0.00865991413593, "dvar": 0.000108066866233, "dvar2": 0.00026962425909, "max": 0.32218080759, "mean": 0.0163857191801, "median": 0.0105620361865, "min": 3.15522955559e-22, "var": 0.000320740771713}, "spectral_entropy": {"dmean": 0.195579707623, "dmean2": 0.298302620649, "dvar": 0.0604409947991, "dvar2": 0.140625059605, "max": 9.79310894012, "mean": 6.50170230865, "median": 6.44580793381, "min": 3.96668553352, "var": 0.656475067139}, "spectral_flux": {"dmean": 0.029925622046, "dmean2": 0.0462035015225, "dvar": 0.00426566693932, "dvar2": 0.00893235020339, "max": 0.805693805218, "mean": 0.0701113119721, "median": 0.0456551909447, "min": 1.03123794226e-10, "var": 0.00758960610256}, "spectral_kurtosis": {"dmean": 8.40658664703, "dmean2": 14.2016153336, "dvar": 136.710006714, "dvar2": 372.962402344, "max": 318.514526367, "mean": 21.0764369965, "median": 10.7802686691, "min": -1.22862255573, "var": 753.432678223}, "spectral_rms": {"dmean": 0.000988200190477, "dmean2": 0.00148065912072, "dvar": 4.62453272121e-06, "dvar2": 1.0087179362e-05, "max": 0.0286384634674, "mean": 0.00493518263102, "median": 0.00434859283268, "min": 3.22104625958e-12, "var": 1.03830216176e-05}, "spectral_rolloff": {"dmean": 138.381484985, "dmean2": 233.700714111, "dvar": 209450.09375, "dvar2": 438057.53125, "max": 19164.5507812, "mean": 523.766601562, "median": 387.59765625, "min": 21.533203125, "var": 321812.34375}, "spectral_skewness": {"dmean": 0.633502185345, "dmean2": 1.05834138393, "dvar": 0.500349223614, "dvar2": 1.37802767754, "max": 15.4834661484, "mean": 2.97557926178, "median": 2.50085544586, "min": -0.190930724144, "var": 3.12111401558}, "spectral_spread": {"dmean": 503122.0625, "dmean2": 768441.5625, "dvar": 446513938432, "dvar2": 809062039552, "max": 41395872, "mean": 3206786, "median": 2747331.75, "min": 336369.5, "var": 3550894358530.0}, "spectral_strongpeak": {"dmean": 0.283779144287, "dmean2": 0.473232805729, "dvar": 0.222319483757, "dvar2": 0.52713996172, "max": 12.6519451141, "mean": 0.675963163376, "median": 0.455074489117, "min": 0, "var": 0.548027813435}, "zerocrossingrate": {"dmean": 0.00489709153771, "dmean2": 0.00610051723197, "dvar": 6.10666465946e-05, "dvar2": 7.2168186307e-05, "max": 0.4912109375, "mean": 0.027523316443, "median": 0.02099609375, "min": 0, "var": 0.000435199646745}, "barkbands": {"dmean": [0.000693136535119, 0.0120057817549, 0.00273235677741, 0.00168725266121, 0.0028112612199, 0.00140535994433, 0.000862287299242, 0.000400265416829, 0.000378538941732, 0.000188192774658, 0.000146940932609, 0.000108023748908, 4.37937633251e-05, 5.07514232595e-05, 8.73164535733e-05, 5.48531679669e-05, 8.02854629001e-05, 7.00910532032e-05, 2.96687539958e-05, 2.3810982384e-05, 2.99209696095e-05, 3.21020161209e-05, 2.61200584646e-05, 3.07261761918e-05, 2.43317699642e-05, 3.97529795748e-08, 1.01188701862e-08], "dmean2": [0.00100760534406, 0.0194852109998, 0.00475303130224, 0.00292824604549, 0.00450000399724, 0.00228118314408, 0.00139104935806, 0.000588653609157, 0.000535195751581, 0.000282536726445, 0.000225124545977, 0.000166726269526, 6.6905078711e-05, 7.84360236139e-05, 0.000137388284202, 8.73648750712e-05, 0.000127672115923, 0.000120051023259, 4.98640838487e-05, 3.97567891923e-05, 5.00815476698e-05, 5.01122885908e-05, 4.07019579143e-05, 4.54056025774e-05, 3.99074087909e-05, 6.44060307309e-08, 1.77279293467e-08], "dvar": [1.07463674794e-05, 0.00277441274375, 8.87425412657e-05, 1.28551191665e-05, 3.81710196962e-05, 2.20885340241e-05, 8.4176845121e-06, 2.91591527457e-06, 4.97664814247e-06, 4.94205494306e-07, 2.50606831287e-07, 4.83688722852e-07, 6.25885618888e-08, 9.38447186627e-08, 8.15498211182e-08, 4.12865155397e-08, 6.90125787628e-08, 3.73176014534e-08, 7.75998554303e-09, 6.69635413786e-09, 1.0203570433e-08, 1.73911498536e-08, 1.04163353498e-08, 1.50914996055e-08, 9.50877510064e-09, 2.51501937494e-14, 5.044674971e-15], "dvar2": [2.55626819126e-05, 0.00696753989905, 0.000256295053987, 3.76819298253e-05, 9.91527194856e-05, 5.2265029808e-05, 2.25601743296e-05, 6.47674687571e-06, 6.83379539623e-06, 8.84266000867e-07, 5.77333878482e-07, 8.35102412111e-07, 1.37305150361e-07, 1.75058389118e-07, 1.77708542992e-07, 9.66567696992e-08, 1.69028425034e-07, 1.05363113789e-07, 1.98020835285e-08, 1.58285828888e-08, 2.53429881525e-08, 3.80358997631e-08, 2.27219860705e-08, 2.95764301939e-08, 2.30720456074e-08, 6.35510321125e-14, 1.44715934792e-14], "max": [0.0757682025433, 0.764378130436, 0.200224250555, 0.110649652779, 0.151139646769, 0.303251445293, 0.0844078883529, 0.12402010709, 0.153096154332, 0.0508314780891, 0.0215940196067, 0.0689854994416, 0.019049346447, 0.0270648170263, 0.00904370844364, 0.00960026681423, 0.0132280644029, 0.00560145219788, 0.00369668705389, 0.00299808499403, 0.00274929194711, 0.00541737675667, 0.00297415675595, 0.00477114785463, 0.00245165568776, 7.40625500839e-06, 4.77423100165e-06], "mean": [0.00084426155081, 0.0119369952008, 0.00464418297634, 0.00299836089835, 0.00695443246514, 0.00283651263453, 0.00179589586332, 0.000954528804868, 0.000739013310522, 0.000383299193345, 0.000296647165669, 0.000200454844162, 7.38984090276e-05, 7.90254416643e-05, 0.000148539751535, 0.000103577658592, 0.000176252477104, 0.000102958314528, 4.90518032166e-05, 3.94021335524e-05, 4.31931694038e-05, 5.25259893038e-05, 4.90499332955e-05, 6.46678599878e-05, 4.08135492762e-05, 7.74219728328e-08, 1.51947947558e-08], "median": [2.08260098589e-05, 0.00127714884002, 0.00177097367123, 0.0012607765384, 0.00376499583945, 0.00121244369075, 0.000431177904829, 0.000399046926759, 0.000211206584936, 0.00011558807455, 6.23458035989e-05, 2.41046727751e-05, 1.12895895654e-05, 9.52228128881e-06, 2.814162508e-05, 2.51076107816e-05, 3.73764632968e-05, 3.11343974317e-05, 7.70877340983e-06, 3.54129110747e-06, 2.66530946647e-06, 2.25521193897e-06, 1.22215635656e-06, 2.15501131606e-06, 6.92003823133e-07, 1.11898712518e-08, 1.00855750418e-08], "min": [1.28050820921e-24, 3.6561939064e-23, 2.1110239679e-23, 1.02431853049e-23, 3.42079339466e-23, 3.1239832169e-23, 1.75850364414e-23, 4.64449809667e-23, 1.30730559328e-22, 6.5044686592e-23, 1.06396055803e-22, 1.92100025004e-22, 1.87039980857e-22, 2.49413862103e-22, 8.21755269009e-23, 9.34493084914e-23, 1.19605904003e-22, 1.64398398078e-22, 2.56890143026e-22, 2.92502202053e-22, 5.05299968213e-22, 5.90251326245e-22, 6.85604288629e-22, 9.03801447965e-22, 1.32255264637e-21, 1.44700647297e-21, 2.11612632023e-21], "var": [1.42269045682e-05, 0.00245010806248, 8.39330168674e-05, 2.58083400695e-05, 9.67082305579e-05, 3.89583074138e-05, 2.37774056586e-05, 5.34718265044e-06, 1.5673438611e-05, 1.57395641054e-06, 8.38074242893e-07, 1.23052689105e-06, 1.14388953421e-07, 1.77914074584e-07, 1.68493272668e-07, 8.67094129831e-08, 2.50541575042e-07, 4.64530920397e-08, 1.45021203934e-08, 1.3279524147e-08, 1.60797455351e-08, 3.14799208923e-08, 2.2794877097e-08, 4.23695638574e-08, 1.91112423664e-08, 4.75065848476e-14, 3.01443736983e-15]}, "erbbands": {"dmean": [0.41277346015, 2.50911903381, 3.53911590576, 4.08095550537, 7.85370063782, 11.2273130417, 8.8134765625, 12.7401094437, 12.4497184753, 12.8864879608, 8.17671775818, 7.11682939529, 8.33688926697, 5.82287979126, 5.31241989136, 4.06549024582, 1.92570877075, 2.58552336693, 3.01197004318, 3.85561466217, 3.49632024765, 4.26298379898, 3.39691662788, 2.53010463715, 1.25002169609, 1.1819344759, 1.20659446716, 1.16633546352, 1.11499273777, 1.07663321495, 0.756554484367, 0.573255121708, 0.556685090065, 0.39191609621, 0.107678607106, 0.00389343639836, 0.000149832834722, 1.96064265765e-05, 1.01929053926e-05, 2.01970524358e-05], "dmean2": [0.627933859825, 4.33789920807, 6.2097196579, 7.07981204987, 13.1189432144, 17.5911273956, 13.4507236481, 20.7053070068, 20.5351428986, 19.9696846008, 11.8629207611, 10.3084001541, 11.3922662735, 8.80232143402, 7.95596933365, 6.32474803925, 2.92493009567, 3.88097476959, 4.72088670731, 6.09875059128, 5.56802892685, 6.72930335999, 5.73122406006, 4.35402393341, 2.05001139641, 1.96883296967, 2.02272701263, 1.94201624393, 1.7651655674, 1.69389140606, 1.14778864384, 0.846325576305, 0.83453476429, 0.630362153053, 0.183319628239, 0.00655366666615, 0.000247549760388, 3.20386097883e-05, 1.58822422236e-05, 3.15772922477e-05], "dvar": [3.17723989487, 136.689315796, 191.237503052, 95.0559234619, 215.329498291, 814.495788574, 795.390991211, 2136.65234375, 1600.37561035, 2241.98388672, 837.30670166, 1345.85571289, 3313.39770508, 324.832946777, 510.228118896, 480.333740234, 72.1054840088, 308.827392578, 140.172149658, 126.201461792, 170.483032227, 260.492797852, 97.1851501465, 49.2052345276, 16.310590744, 14.3647766113, 19.3851242065, 16.1188812256, 24.2529449463, 16.2283039093, 8.34374237061, 5.24807453156, 4.86283922195, 2.22726559639, 0.235939770937, 0.000292879500194, 4.1863515321e-07, 1.00627213229e-08, 1.04943154167e-09, 4.0847529803e-09], "dvar2": [7.19653606415, 369.737457275, 542.072692871, 276.002716064, 603.708129883, 2048.99047852, 1797.15454102, 5123.11035156, 4212.48291016, 5471.71728516, 1756.89123535, 2508.390625, 3974.42260742, 703.584350586, 1145.35583496, 976.463684082, 152.421096802, 486.257202148, 314.794952393, 290.467407227, 395.583282471, 632.84362793, 274.834075928, 135.656829834, 39.4542617798, 34.509677887, 47.9888458252, 38.283405304, 56.072555542, 35.560295105, 18.2980289459, 9.99461078644, 10.309006691, 5.10462379456, 0.6061398983, 0.00073703948874, 1.01926650586e-06, 2.61696815329e-08, 2.50839771176e-09, 9.86066606146e-09], "max": [30.7547340393, 151.897689819, 231.921325684, 256.454376221, 259.558227539, 876.998718262, 1968.73168945, 2339.90673828, 1212.8515625, 1965.42541504, 1616.43188477, 1865.09729004, 5146.15625, 969.950561523, 1297.53869629, 2190.20068359, 548.263061523, 1574.35803223, 560.684814453, 397.06817627, 662.294067383, 892.596069336, 388.071746826, 182.04284668, 214.185012817, 139.303619385, 127.773384094, 119.097198486, 234.508590698, 170.264907837, 78.8645553589, 86.4956665039, 94.6643295288, 48.0654144287, 9.26167488098, 0.332332283258, 0.0212246607989, 0.00660071242601, 0.00121606874745, 0.000909400230739], "mean": [0.43641102314, 2.2977976799, 4.98471641541, 8.06645393372, 14.9219655991, 28.4235210419, 21.3680515289, 25.0146274567, 24.3827114105, 28.0571651459, 21.7863464355, 15.1852903366, 15.7888212204, 14.08086586, 11.2548952103, 7.73841667175, 3.8839302063, 4.35092306137, 5.6780591011, 6.67509126663, 7.37513399124, 9.69118499756, 5.65613794327, 4.03160476685, 2.22510838509, 1.99759280682, 1.75155615807, 1.66831815243, 1.66709113121, 1.87078559399, 1.42419564724, 1.13023209572, 1.13390958309, 0.752178251743, 0.141540303826, 0.00552474521101, 0.000251423654845, 3.75946619897e-05, 2.24473878916e-05, 4.05817918363e-05], "median": [0.0270172059536, 0.345369935036, 1.89746880531, 4.02963256836, 7.891289711, 13.0350103378, 10.3792982101, 9.67430305481, 6.13338279724, 7.30957508087, 9.37595844269, 5.46838235855, 3.69437599182, 4.91359043121, 3.05728340149, 1.0963460207, 0.654126465321, 0.539921760559, 1.08638107777, 1.34344816208, 1.83726644516, 1.78844165802, 1.85652303696, 1.20169425011, 0.278302192688, 0.18945787847, 0.110349625349, 0.0878087207675, 0.0832228213549, 0.0594057291746, 0.0385898537934, 0.0501875318587, 0.0244074780494, 0.0143816396594, 0.0015824418515, 0.000123237798107, 2.87340990326e-05, 9.95739173959e-06, 1.16766177598e-05, 2.21420596063e-05], "min": [1.62693330136e-21, 6.69084142781e-21, 2.13082388184e-20, 2.43465055201e-20, 9.20565878666e-20, 1.3094556025e-19, 1.44058815727e-19, 2.36099189561e-19, 2.46657167803e-19, 3.12715811521e-19, 1.34786588934e-18, 3.51379541332e-18, 3.03300412689e-18, 3.23746208121e-18, 3.49529675969e-18, 8.90930016155e-18, 1.03145311298e-17, 1.34658320104e-17, 6.28600562309e-18, 3.62971815872e-18, 6.32332759874e-18, 7.30221975308e-18, 6.27228517827e-18, 1.1343627357e-17, 1.51266568248e-17, 1.28324449261e-17, 1.83020543039e-17, 2.42488476335e-17, 1.31686938451e-17, 2.25778253365e-17, 1.99436339342e-17, 2.21562841701e-17, 1.34097260038e-17, 1.20474066843e-17, 1.05657864137e-17, 4.38519089756e-18, 3.04444134643e-18, 1.24622141868e-18, 2.55308313788e-19, 3.25613282718e-20], "var": [3.67041921616, 95.8214645386, 138.636032104, 145.691864014, 401.72164917, 2378.08666992, 1631.49633789, 3693.79663086, 4232.81201172, 5822.18164062, 2452.68554688, 3284.1105957, 12253.25, 1147.52490234, 1201.79406738, 1249.93554688, 206.103103638, 672.969787598, 295.693023682, 255.538497925, 402.193023682, 940.478271484, 128.244110107, 70.0063781738, 34.892868042, 28.9195613861, 32.8846664429, 26.6729164124, 37.2454719543, 33.1136779785, 19.2804508209, 12.770980835, 13.6698465347, 5.79374885559, 0.310057789087, 0.000426007056376, 6.80514801843e-07, 1.26376180631e-08, 1.36940470075e-09, 4.7828772054e-09]}, "gfcc": {"mean": [-98.2592773438, 168.635604858, -101.397956848, 28.9604530334, -53.1950569153, -8.22882175446, -41.9361076355, 4.54661655426, -13.4599132538, -25.6221427917, -6.2805981636, -11.8255462646, 1.76744091511], "cov": [[10177.3828125, -2360.16162109, -1037.15588379, 1981.62011719, -1925.54333496, 2116.37719727, -182.57824707, 373.5440979, 364.019744873, 538.850524902, 464.151153564, -82.5923461914, 563.696716309], [-2360.16162109, 1900.57800293, 112.449569702, -933.562744141, 931.791564941, -945.079467773, 232.510147095, -120.508079529, 4.74220752716, -268.735443115, -68.5382385254, -25.4797706604, -187.022521973], [-1037.15588379, 112.449569702, 843.09979248, 126.701538086, 118.375267029, 69.7315139771, 10.6070413589, -43.2627792358, 45.5546379089, -35.0311164856, -1.20946896076, 24.7036476135, -10.4446964264], [1981.62011719, -933.562744141, 126.701538086, 951.7578125, -514.259338379, 686.515930176, 1.41079056263, 63.3235015869, 141.33833313, 139.994659424, 121.427207947, -10.024310112, 170.173812866], [-1925.54333496, 931.791564941, 118.375267029, -514.259338379, 778.276428223, -564.99041748, 132.724563599, -19.5266208649, -38.7086219788, -129.359588623, -70.00365448, 25.9793167114, -129.655319214], [2116.37719727, -945.079467773, 69.7315139771, 686.515930176, -564.99041748, 888.797790527, -44.0718803406, 91.4665985107, 143.640457153, 191.826507568, 117.977470398, 5.7228307724, 180.921600342], [-182.57824707, 232.510147095, 10.6070413589, 1.41079056263, 132.724563599, -44.0718803406, 211.84866333, 18.9315166473, 24.8198204041, -6.07289171219, 22.0584259033, -1.44645118713, -4.3880815506], [373.5440979, -120.508079529, -43.2627792358, 63.3235015869, -19.5266208649, 91.4665985107, 18.9315166473, 203.535888672, 22.285161972, 17.5001468658, 37.5263786316, 24.0498924255, 8.22419643402], [364.019744873, 4.74220752716, 45.5546379089, 141.33833313, -38.7086219788, 143.640457153, 24.8198204041, 22.285161972, 174.908203125, 37.6540412903, 29.6512241364, -1.28947174549, 35.5759277344], [538.850524902, -268.735443115, -35.0311164856, 139.994659424, -129.359588623, 191.826507568, -6.07289171219, 17.5001468658, 37.6540412903, 147.266159058, 33.2984580994, -1.36460268497, 60.3151626587], [464.151153564, -68.5382385254, -1.20946896076, 121.427207947, -70.00365448, 117.977470398, 22.0584259033, 37.5263786316, 29.6512241364, 33.2984580994, 106.117210388, 16.7135410309, 16.6008796692], [-82.5923461914, -25.4797706604, 24.7036476135, -10.024310112, 25.9793167114, 5.7228307724, -1.44645118713, 24.0498924255, -1.28947174549, -1.36460268497, 16.7135410309, 78.8264312744, 12.3424415588], [563.696716309, -187.022521973, -10.4446964264, 170.173812866, -129.655319214, 180.921600342, -4.3880815506, 8.22419643402, 35.5759277344, 60.3151626587, 16.6008796692, 12.3424415588, 119.952209473]], "icov": [[0.000612245406955, -0.00103521184064, 0.000909491325729, -0.00112456793431, 0.000863166875206, -0.000985563616268, 0.000871617288794, -0.000699199328665, 0.000609403883573, -0.000752799096517, -0.000232087128097, -4.56814341305e-05, -8.26706382213e-05], [-0.00103521184064, 0.00648831902072, -0.00219872919843, 0.00521604111418, -0.00358070991933, 0.00357749173418, -0.00406414875761, 0.00258741457947, -0.00492283096537, 0.0054407552816, -0.0041015134193, 0.00382201746106, -0.00330396858044], [0.000909491325729, -0.00219872919843, 0.00290426542051, -0.00257175276056, 0.000905873661395, -0.00219364557415, 0.00187504431233, -0.000691632914823, 0.00129801046569, -0.00121044227853, 0.000528995878994, -0.00113705219701, 0.000870492192917], [-0.00112456793431, 0.00521604111418, -0.00257175276056, 0.00728890486062, -0.00220395275392, 0.00184815737884, -0.00404916331172, 0.00217157416046, -0.00436776410788, 0.00478679733351, -0.00378813105635, 0.00346771092154, -0.00355813093483], [0.000863166875206, -0.00358070991933, 0.000905873661395, -0.00220395275392, 0.00563749065623, -0.000659684068523, 0.000678374897689, -0.00212341290899, 0.00170442217495, -0.00296436063945, 0.00210717250593, -0.00271880580112, 0.00179851660505], [-0.000985563616268, 0.00357749173418, -0.00219364557415, 0.00184815737884, -0.000659684068523, 0.00659771403298, -0.00232772319578, 0.000727533537429, -0.00358883501031, 0.00102452049032, -0.00217397301458, 0.00136159930844, -0.00269291573204], [0.000871617288794, -0.00406414875761, 0.00187504431233, -0.00404916331172, 0.000678374897689, -0.00232772319578, 0.00870973430574, -0.0020506568253, 0.00256128143519, -0.00331620196812, 0.000483813462779, -0.00106698076706, 0.00112911360338], [-0.000699199328665, 0.00258741457947, -0.000691632914823, 0.00217157416046, -0.00212341290899, 0.000727533537429, -0.0020506568253, 0.00703543191776, -0.00200365646742, 0.00230123312213, -0.00212204642594, -0.000484998337924, 9.76438150246e-06], [0.000609403883573, -0.00492283096537, 0.00129801046569, -0.00436776410788, 0.00170442217495, -0.00358883501031, 0.00256128143519, -0.00200365646742, 0.011042483151, -0.00461000064388, 0.00286084460095, -0.00240034074523, 0.00215068808757], [-0.000752799096517, 0.0054407552816, -0.00121044227853, 0.00478679733351, -0.00296436063945, 0.00102452049032, -0.00331620196812, 0.00230123312213, -0.00461000064388, 0.0150486379862, -0.00509784650058, 0.00427780020982, -0.00583851197734], [-0.000232087128097, -0.0041015134193, 0.000528995878994, -0.00378813105635, 0.00210717250593, -0.00217397301458, 0.000483813462779, -0.00212204642594, 0.00286084460095, -0.00509784650058, 0.0175432339311, -0.00676909275353, 0.00581924710423], [-4.56814341305e-05, 0.00382201746106, -0.00113705219701, 0.00346771092154, -0.00271880580112, 0.00136159930844, -0.00106698076706, -0.000484998337924, -0.00240034074523, 0.00427780020982, -0.00676909275353, 0.0180376041681, -0.00620127469301], [-8.26706382213e-05, -0.00330396858044, 0.000870492192917, -0.00355813093483, 0.00179851660505, -0.00269291573204, 0.00112911360338, 9.76438150246e-06, 0.00215068808757, -0.00583851197734, 0.00581924710423, -0.00620127469301, 0.0168743692338]]}, "melbands": {"dmean": [0.00346932490356, 0.00234572030604, 0.000811371952295, 0.000646050088108, 0.000352546572685, 0.000277822022326, 0.00019516867178, 0.000125387028675, 6.20766368229e-05, 5.03571354784e-05, 4.16182738263e-05, 2.40816116275e-05, 2.17096458073e-05, 1.30955086206e-05, 6.01406964051e-06, 4.94028881803e-06, 4.72268493468e-06, 4.46977674073e-06, 6.69514110996e-06, 3.7312834138e-06, 4.54116616311e-06, 5.02351622345e-06, 3.34894070875e-06, 4.01593297283e-06, 1.95390225599e-06, 1.12541704311e-06, 7.25812697056e-07, 8.40434040583e-07, 7.80627999575e-07, 7.38432504477e-07, 6.87684632794e-07, 6.56628003526e-07, 7.51298273372e-07, 6.06423895988e-07, 5.04322940742e-07, 3.388341554e-07, 3.93174531155e-07, 4.60135481717e-07, 3.36910204624e-07, 3.60225698159e-07], "dmean2": [0.00546591728926, 0.00408345181495, 0.0013895308366, 0.00105345458724, 0.000534280203283, 0.000453035841929, 0.000321555591654, 0.000192965992028, 8.98025464267e-05, 7.20268290024e-05, 5.70276060898e-05, 3.67473512597e-05, 3.28161659127e-05, 1.99024943868e-05, 9.77111267275e-06, 7.36684978619e-06, 7.19090030543e-06, 7.10694348527e-06, 1.04034925243e-05, 6.04206388743e-06, 7.27787119104e-06, 7.978164831e-06, 5.51231278223e-06, 6.86698149366e-06, 3.37246001436e-06, 1.86166721505e-06, 1.20765002976e-06, 1.4004407376e-06, 1.29394061332e-06, 1.26421662117e-06, 1.1433793361e-06, 1.07234723146e-06, 1.16200419598e-06, 9.80175286713e-07, 7.91507829945e-07, 4.82644679778e-07, 5.86498117627e-07, 7.21080482435e-07, 5.06777666942e-07, 5.93057166043e-07], "dvar": [0.000225243129535, 9.91529377643e-05, 2.78370657725e-06, 2.06546224035e-06, 9.20608101751e-07, 9.39691517488e-07, 3.78427131409e-07, 2.34457374404e-07, 4.91004321646e-08, 8.19654104589e-08, 8.01934945116e-08, 5.78028958031e-09, 5.93797011561e-09, 9.58241130888e-09, 5.48285250535e-10, 8.45420067286e-10, 9.76294711741e-10, 3.67526620249e-10, 5.89103210658e-10, 1.13866457929e-10, 2.88328499964e-10, 4.2326342431e-10, 1.01223314453e-10, 1.09566203332e-10, 3.22672999431e-11, 1.31578081763e-11, 5.91769515335e-12, 7.79237958881e-12, 8.3975630269e-12, 6.55065715213e-12, 6.09618041811e-12, 9.32499476941e-12, 7.78131552248e-12, 5.51159508658e-12, 3.57113427371e-12, 1.88563596161e-12, 2.38755087749e-12, 3.48174874348e-12, 1.50394432151e-12, 2.09213679367e-12], "dvar2": [0.000542009307537, 0.000272511388175, 8.10594428913e-06, 5.43683381693e-06, 2.14681381294e-06, 2.25525877795e-06, 1.00601789654e-06, 5.58676163109e-07, 1.0087207869e-07, 1.35839485438e-07, 9.68257864997e-08, 1.26368426834e-08, 1.37209443807e-08, 1.5540017273e-08, 1.48393064503e-09, 1.44647560596e-09, 1.59379998088e-09, 8.42861669348e-10, 1.23128895968e-09, 2.79202799769e-10, 6.78927691844e-10, 1.00568742223e-09, 2.68719935193e-10, 3.07950248635e-10, 8.84916029342e-11, 3.37413465223e-11, 1.41994610514e-11, 1.87692136139e-11, 1.96736914954e-11, 1.69869604494e-11, 1.43524506516e-11, 2.22305628766e-11, 1.69480436629e-11, 1.28371176536e-11, 8.37425094546e-12, 3.9367515324e-12, 4.48834892863e-12, 7.97942788233e-12, 2.9467949348e-12, 5.13200376293e-12], "max": [0.225772157311, 0.131786808372, 0.040354706347, 0.0333445183933, 0.0532461367548, 0.045188434422, 0.0184262059629, 0.0262886937708, 0.0109236380085, 0.0178334973752, 0.0250877235085, 0.00408154446632, 0.00314277666621, 0.0105645358562, 0.000669100321829, 0.00256112287752, 0.00268352148123, 0.000853817386087, 0.000725842139218, 0.000309786672005, 0.000818395637907, 0.00120932015125, 0.00039308751002, 0.000223442635615, 0.000159606090165, 0.000187533456483, 0.000103863247205, 9.49946552282e-05, 0.000130215557874, 7.33732595108e-05, 8.17380860099e-05, 0.000167961305124, 0.000114444985229, 9.60659599514e-05, 4.93388288305e-05, 4.81808492623e-05, 5.47823947272e-05, 7.1121910878e-05, 6.16691249888e-05, 3.30775037582e-05], "mean": [0.00355181889609, 0.00281819538213, 0.00167251331732, 0.0014903874835, 0.00093066302361, 0.00054433371406, 0.000390033936128, 0.000271288037766, 0.000165152945556, 9.7871379694e-05, 7.71964696469e-05, 5.58433348488e-05, 4.42860437033e-05, 2.40178760578e-05, 1.13438400149e-05, 8.46572038427e-06, 7.46881778468e-06, 7.88918441685e-06, 1.11517720143e-05, 6.45263935439e-06, 9.01732983039e-06, 1.09592901936e-05, 5.83481369176e-06, 5.73142597204e-06, 2.91176593237e-06, 1.86745660358e-06, 1.21786956697e-06, 1.32942614073e-06, 1.10611495074e-06, 9.52999300807e-07, 9.59141857493e-07, 8.19406807295e-07, 1.25070664581e-06, 9.41758116824e-07, 8.90733815595e-07, 6.44137912786e-07, 7.12726716756e-07, 8.11839584003e-07, 7.72301007146e-07, 5.90857041516e-07], "median": [0.000319187238347, 0.000933505129069, 0.000910714152269, 0.000817097839899, 0.000448044214863, 0.000210669109947, 0.00010025773372, 7.76107699494e-05, 6.87625506544e-05, 2.89161798719e-05, 1.68320111698e-05, 1.8937382265e-05, 1.05852377601e-05, 2.94934511658e-06, 1.67076075286e-06, 1.19217554584e-06, 8.47171975238e-07, 1.33831792937e-06, 1.80866459232e-06, 1.61644129548e-06, 2.09407608054e-06, 1.76246408046e-06, 1.30210332827e-06, 1.69810948591e-06, 7.56090742016e-07, 1.8117778211e-07, 1.46975651205e-07, 1.05989165888e-07, 5.37016191515e-08, 6.07919616868e-08, 3.84076166426e-08, 3.77469469015e-08, 5.04467756457e-08, 2.1849221099e-08, 1.8657084766e-08, 2.92503479216e-08, 2.88306267748e-08, 1.52154093769e-08, 1.52008414744e-08, 9.23560516952e-09], "min": [1.22534513826e-23, 9.54747625081e-24, 6.36219120517e-24, 9.03792338199e-24, 4.93170121079e-24, 5.44035793361e-24, 4.07209880946e-24, 3.88654136961e-24, 1.19104838488e-23, 2.26068271453e-23, 1.40419260613e-23, 1.18545488775e-23, 1.14515861053e-23, 2.30561575838e-23, 1.81876204656e-23, 1.9486962729e-23, 2.7823663708e-23, 1.05419782057e-23, 5.43101348176e-24, 5.34453460502e-24, 6.96569937995e-24, 7.79861895559e-24, 4.62100952656e-24, 7.94713069846e-24, 9.02111354496e-24, 1.17455014791e-23, 9.43055128743e-24, 8.32534690403e-24, 1.11876908333e-23, 1.31937112616e-23, 1.4381253002e-23, 6.45483581874e-24, 1.13899800129e-23, 1.1847167506e-23, 1.1044489702e-23, 1.30091414756e-23, 1.41190845465e-23, 9.66953433209e-24, 8.57872508248e-24, 1.08907627997e-23], "var": [0.00022467742383, 6.91766181262e-05, 5.06870719619e-06, 4.42871214545e-06, 2.46103763857e-06, 1.6486436607e-06, 1.02223509657e-06, 5.43195710634e-07, 1.57595906103e-07, 2.21290292757e-07, 2.9650013289e-07, 1.93258760106e-08, 1.80088690627e-08, 2.45013644928e-08, 1.44173384342e-09, 1.8261639978e-09, 2.06686201487e-09, 7.1942612978e-10, 1.18111243008e-09, 2.07401498753e-10, 6.6086708328e-10, 1.56528179307e-09, 1.75345377107e-10, 1.41079606331e-10, 4.26076847415e-11, 2.50323910905e-11, 1.14067236559e-11, 1.4772556442e-11, 1.69969021496e-11, 8.46958267409e-12, 9.86755555737e-12, 1.22569116315e-11, 1.52190812036e-11, 9.21759543693e-12, 7.67573678229e-12, 4.04105004667e-12, 5.54668897618e-12, 7.79129538664e-12, 5.58113494656e-12, 3.9910596529e-12]}, "mfcc": {"mean": [-737.595336914, 180.37121582, 22.4541759491, 27.2371482849, 16.1534481049, -15.2537994385, -9.96971035004, 8.53810977936, -1.36167049408, -7.48736906052, -7.15042591095, -6.09285068512, -5.40491724014], "cov": [[10484.9833984, -3155.97460938, 253.079101562, -190.363693237, -495.007537842, 766.21673584, 265.592559814, -8.00794124603, 302.828430176, 356.998687744, 227.257476807, 401.194152832, 409.838409424], [-3155.97460938, 2646.75097656, -602.590820312, 23.4567108154, 242.297836304, -515.841186523, -101.59664917, 83.4112014771, -102.618270874, -74.2337722778, -72.8785171509, -103.635025024, -90.277381897], [253.079101562, -602.590820312, 861.225769043, 90.691619873, 11.4593448639, 300.768920898, 13.9428529739, 27.5566253662, 61.3203239441, -4.0182299614, 76.1078109741, 21.3687667847, -8.85608005524], [-190.363693237, 23.4567108154, 90.691619873, 298.151367188, 41.6942100525, 47.8164520264, 44.1518135071, 37.4595336914, 24.8039226532, 15.8351249695, 14.3103675842, 4.12305307388, -14.4028863907], [-495.007537842, 242.297836304, 11.4593448639, 41.6942100525, 213.375076294, -13.2024850845, -8.24670219421, 49.8358535767, 15.2482881546, -4.09924125671, 20.8193645477, -7.42881202698, -2.96364665031], [766.21673584, -515.841186523, 300.768920898, 47.8164520264, -13.2024850845, 372.158233643, 64.1294937134, -19.8365764618, 78.6934356689, 62.4527015686, 32.2338562012, 48.7978630066, 57.2204666138], [265.592559814, -101.59664917, 13.9428529739, 44.1518135071, -8.24670219421, 64.1294937134, 171.983352661, 44.5149612427, 22.5890159607, 39.0474014282, 24.1547393799, 28.7243690491, 29.297044754], [-8.00794124603, 83.4112014771, 27.5566253662, 37.4595336914, 49.8358535767, -19.8365764618, 44.5149612427, 154.637313843, 40.227104187, 3.47747826576, 54.2586936951, 22.9996318817, -1.08420789242], [302.828430176, -102.618270874, 61.3203239441, 24.8039226532, 15.2482881546, 78.6934356689, 22.5890159607, 40.227104187, 139.551834106, 55.9823036194, 11.3979291916, 28.99492836, 49.3536262512], [356.998687744, -74.2337722778, -4.0182299614, 15.8351249695, -4.09924125671, 62.4527015686, 39.0474014282, 3.47747826576, 55.9823036194, 126.106781006, 38.1773757935, 2.49818563461, 37.1236000061], [227.257476807, -72.8785171509, 76.1078109741, 14.3103675842, 20.8193645477, 32.2338562012, 24.1547393799, 54.2586936951, 11.3979291916, 38.1773757935, 126.180900574, 40.0964775085, -17.8249416351], [401.194152832, -103.635025024, 21.3687667847, 4.12305307388, -7.42881202698, 48.7978630066, 28.7243690491, 22.9996318817, 28.99492836, 2.49818563461, 40.0964775085, 114.895744324, 45.9245033264], [409.838409424, -90.277381897, -8.85608005524, -14.4028863907, -2.96364665031, 57.2204666138, 29.297044754, -1.08420789242, 49.3536262512, 37.1236000061, -17.8249416351, 45.9245033264, 134.526290894]], "icov": [[0.00021294891485, 0.000206676995731, 0.000139727024361, 8.98684302229e-05, 0.000259110849584, -0.000135485781357, 4.83325602545e-05, -0.000148907842231, -1.67286943906e-05, -0.000282149063423, -0.000160889598192, -0.00032097226358, -0.0002673745621], [0.000206676995731, 0.000836942170281, 0.00036186320358, -3.73224393115e-05, -0.000396487739636, 0.000457076763269, 0.000194014472072, -0.00041769767995, 0.000147884085891, -0.000442819262389, 0.000174618777237, -0.00025907548843, -0.000117414114357], [0.000139727024361, 0.00036186320358, 0.00212431140244, -0.000335117452778, 9.11129609449e-05, -0.0016328234924, 0.00049867638154, -0.000397597148549, -0.000464778655441, 0.00123262335546, -0.00138080387842, 0.000718941562809, -9.21871178434e-05], [8.98684302229e-05, -3.73224393115e-05, -0.000335117452778, 0.00391926662996, -0.000487734941998, -0.000342768937116, -0.000859903404489, -0.000599175691605, -0.000204221621971, -0.000750074104872, 0.000725369143765, -0.000555353006348, 0.000983818434179], [0.000259110849584, -0.000396487739636, 9.11129609449e-05, -0.000487734941998, 0.00636631529778, -0.000827632728033, 0.000710431544576, -0.00146005349234, -0.000583215383813, 0.00062081462238, -0.00160224630963, 0.000795241212472, -0.0012170181144], [-0.000135485781357, 0.000457076763269, -0.0016328234924, -0.000342768937116, -0.000827632728033, 0.00594700686634, -0.00139757513534, 0.00194773916155, -0.00133199372794, -0.00133396917954, 0.000372721755411, -0.00102494447492, -0.000396344636101], [4.83325602545e-05, 0.000194014472072, 0.00049867638154, -0.000859903404489, 0.000710431544576, -0.00139757513534, 0.00789854675531, -0.00310891284607, 0.00161967216991, -0.00221358635463, 0.00063778902404, -0.00105136632919, -0.000751302810386], [-0.000148907842231, -0.00041769767995, -0.000397597148549, -0.000599175691605, -0.00146005349234, 0.00194773916155, -0.00310891284607, 0.0112571120262, -0.00441024778411, 0.00344642321579, -0.0050960322842, 0.000769524136558, -0.000280841370113], [-1.67286943906e-05, 0.000147884085891, -0.000464778655441, -0.000204221621971, -0.000583215383813, -0.00133199372794, 0.00161967216991, -0.00441024778411, 0.0123697053641, -0.00572745781392, 0.00362952239811, -0.00241733784787, -0.00138820533175], [-0.000282149063423, -0.000442819262389, 0.00123262335546, -0.000750074104872, 0.00062081462238, -0.00133396917954, -0.00221358635463, 0.00344642321579, -0.00572745781392, 0.0158563777804, -0.00804884452373, 0.00629654992372, -0.00383628183044], [-0.000160889598192, 0.000174618777237, -0.00138080387842, 0.000725369143765, -0.00160224630963, 0.000372721755411, 0.00063778902404, -0.0050960322842, 0.00362952239811, -0.00804884452373, 0.0165421925485, -0.00727779651061, 0.00578623171896], [-0.00032097226358, -0.00025907548843, 0.000718941562809, -0.000555353006348, 0.000795241212472, -0.00102494447492, -0.00105136632919, 0.000769524136558, -0.00241733784787, 0.00629654992372, -0.00727779651061, 0.0153078176081, -0.00556031940505], [-0.0002673745621, -0.000117414114357, -9.21871178434e-05, 0.000983818434179, -0.0012170181144, -0.000396344636101, -0.000751302810386, -0.000280841370113, -0.00138820533175, -0.00383628183044, 0.00578623171896, -0.00556031940505, 0.0128044588491]]}, "spectral_contrast_coeffs": {"dmean": [0.0439738743007, 0.0395273379982, 0.0333662331104, 0.0291187241673, 0.024252852425, 0.016812460497], "dmean2": [0.0734845623374, 0.0651849359274, 0.053928039968, 0.0467363633215, 0.0379956327379, 0.0273013394326], "dvar": [0.00159831682686, 0.00119522027671, 0.000823269481771, 0.000630149967037, 0.000596021127421, 0.000383539299946], "dvar2": [0.00428802706301, 0.00311582814902, 0.00202790508047, 0.00151997210924, 0.001312555396, 0.0009538292652], "max": [-0.221633866429, -0.33159455657, -0.394918262959, -0.521229088306, -0.521680593491, -0.625732183456], "mean": [-0.575534641743, -0.682845234871, -0.734224796295, -0.77231580019, -0.753010988235, -0.810461521149], "median": [-0.579309880733, -0.692136645317, -0.737500905991, -0.776660203934, -0.764366269112, -0.809998035431], "min": [-0.966481328011, -0.984400212765, -0.972994267941, -0.953485369682, -0.961886465549, -0.956831932068], "var": [0.00891872402281, 0.00648142630234, 0.00459554651752, 0.00313439383171, 0.0041740546003, 0.00216670287773]}, "spectral_contrast_valleys": {"dmean": [0.360955029726, 0.297959089279, 0.29146066308, 0.310112595558, 0.310420453548, 0.322953164577], "dmean2": [0.590737223625, 0.490779072046, 0.471848100424, 0.483204483986, 0.456709176302, 0.440947413445], "dvar": [0.147600710392, 0.0823052823544, 0.078480951488, 0.109395235777, 0.191586002707, 0.217435523868], "dvar2": [0.322519689798, 0.187378883362, 0.175056487322, 0.228991389275, 