{"lowlevel": {"average_loudness": 0.88994795084, "barkbands_crest": {"dmean": 1.71767997742, "dmean2": 2.55297732353, "dvar": 3.16244077682, "dvar2": 6.69377374649, "max": 25.2445316315, "mean": 12.5099058151, "median": 11.7828407288, "min": 4.57680654526, "var": 14.6415920258}, "barkbands_flatness_db": {"dmean": 0.0206116940826, "dmean2": 0.0330104678869, "dvar": 0.000426621671068, "dvar2": 0.000975013535935, "max": 0.56024068594, "mean": 0.383071243763, "median": 0.389560371637, "min": 0.0488887801766, "var": 0.00369041180238}, "barkbands_kurtosis": {"dmean": 1.36722648144, "dmean2": 1.85757863522, "dvar": 8.85579490662, "dvar2": 14.2238225937, "max": 80.639175415, "mean": 3.55771780014, "median": 1.68976259232, "min": -1.91166913509, "var": 44.5688972473}, "barkbands_skewness": {"dmean": 0.3233936131, "dmean2": 0.427383333445, "dvar": 0.149433150887, "dvar2": 0.241647064686, "max": 7.24007368088, "mean": 1.00212180614, "median": 0.905045390129, "min": -8.07057666779, "var": 1.46967661381}, "barkbands_spread": {"dmean": 0.906496465206, "dmean2": 1.26892161369, "dvar": 2.20237612724, "dvar2": 3.50943779945, "max": 108.794342041, "mean": 6.80203294754, "median": 4.60072422028, "min": 0.713771998882, "var": 92.3076248169}, "dissonance": {"dmean": 0.0381205864251, "dmean2": 0.0653680041432, "dvar": 0.00146124500316, "dvar2": 0.00412468612194, "max": 0.499743878841, "mean": 0.359661132097, "median": 0.363204956055, "min": 0.124493196607, "var": 0.00418837461621}, "dynamic_complexity": 4.83396291733, "erbbands_crest": {"dmean": 2.23675298691, "dmean2": 3.28152942657, "dvar": 5.97270774841, "dvar2": 12.6267108917, "max": 32.4732093811, "mean": 15.1084747314, "median": 13.78769207, "min": 2.77210903168, "var": 34.9642066956}, "erbbands_flatness_db": {"dmean": 0.0143252490088, "dmean2": 0.0219463463873, "dvar": 0.000235247513046, "dvar2": 0.000494250154588, "max": 0.543757557869, "mean": 0.414218366146, "median": 0.421948254108, "min": 0.0511740930378, "var": 0.00350010162219}, "erbbands_kurtosis": {"dmean": 1.0370631218, "dmean2": 1.38291430473, "dvar": 2.53301882744, "dvar2": 3.8155040741, "max": 49.7645111084, "mean": 2.26621627808, "median": 1.06454277039, "min": -1.86446070671, "var": 16.0930709839}, "erbbands_skewness": {"dmean": 0.267677783966, "dmean2": 0.352518558502, "dvar": 0.0847974419594, "dvar2": 0.141436100006, "max": 4.01303005219, "mean": 0.399702370167, "median": 0.469321519136, "min": -5.4029417038, "var": 1.3408447504}, "erbbands_spread": {"dmean": 1.68088638783, "dmean2": 2.34786939621, "dvar": 5.8851442337, "dvar2": 11.5958299637, "max": 99.4304275513, "mean": 11.3080606461, "median": 10.0666732788, "min": 0.937207043171, "var": 48.848323822}, "hfc": {"dmean": 3.24150466919, "dmean2": 4.07985496521, "dvar": 20.4972953796, "dvar2": 34.559803009, "max": 66.0793609619, "mean": 12.854221344, "median": 11.3812713623, "min": 1.14191582114e-16, "var": 100.917549133}, "melbands_crest": {"dmean": 1.85761964321, "dmean2": 2.74723863602, "dvar": 3.53329539299, "dvar2": 7.73850488663, "max": 30.1936283112, "mean": 14.4850721359, "median": 13.8681201935, "min": 1.94650638103, "var": 16.3699359894}, "melbands_flatness_db": {"dmean": 0.0235716290772, "dmean2": 0.0377808324993, "dvar": 0.000618268677499, "dvar2": 0.00136356730945, "max": 0.692296922207, "mean": 0.47845697403, "median": 0.482675641775, "min": 0.00556804146618, "var": 0.00489938259125}, "melbands_kurtosis": {"dmean": 1.60233271122, "dmean2": 2.16468858719, "dvar": 6.64305067062, "dvar2": 10.6336421967, "max": 70.5769348145, "mean": 4.5553984642, "median": 2.16645765305, "min": -1.9149800539, "var": 52.0351257324}, "melbands_skewness": {"dmean": 0.336965084076, "dmean2": 0.452248752117, "dvar": 0.139498412609, "dvar2": 0.242939561605, "max": 6.59245443344, "mean": 1.26127362251, "median": 1.15403556824, "min": -2.93627166748, "var": 1.32876229286}, "melbands_spread": {"dmean": 1.56215000153, "dmean2": 2.23177194595, "dvar": 11.9612884521, "dvar2": 22.0208396912, "max": 129.806716919, "mean": 9.80739688873, "median": 7.19262361526, "min": 1.04865920544, "var": 88.1998977661}, "pitch_salience": {"dmean": 0.0402859300375, "dmean2": 0.063163369894, "dvar": 0.00235012103803, "dvar2": 0.00553234945983, "max": 0.898911237717, "mean": 0.476390689611, "median": 0.4650426507, "min": 0.182951465249, "var": 0.0102827157825}, "silence_rate_20dB": {"dmean": 0, "dmean2": 0, "dvar": 0, "dvar2": 0, "max": 1, "mean": 1, "median": 1, "min": 1, "var": 0}, "silence_rate_30dB": {"dmean": 0.00245298445225, "dmean2": 0.00490797543898, "dvar": 0.00244697066955, "dvar2": 0.00570189580321, "max": 1, "mean": 0.997548043728, "median": 1, "min": 0, "var": 0.00244597392157}, "silence_rate_60dB": {"dmean": 0.0179885532707, "dmean2": 0.0359918214381, "dvar": 0.0176654998213, "dvar2": 0.0420596711338, "max": 1, "mean": 0.111565180123, "median": 0, "min": 0, "var": 0.099120490253}, "spectral_centroid": {"dmean": 49.3833847046, "dmean2": 68.6875610352, "dvar": 26450.7871094, "dvar2": 32933.5625, "max": 10822.0429688, "mean": 593.090820312, "median": 551.322937012, "min": 260.975311279, "var": 109904.398438}, "spectral_complexity": {"dmean": 1.18724453449, "dmean2": 1.91329240799, "dvar": 2.24300336838, "dvar2": 4.39575004578, "max": 23, "mean": 9.88148784637, "median": 10, "min": 0, "var": 17.2692127228}, "spectral_decrease": {"dmean": 1.25745192037e-09, "dmean2": 1.52759749295e-09, "dvar": 3.07973734996e-18, "dvar2": 4.41356650129e-18, "max": 6.43187427536e-16, "mean": -5.91011239948e-09, "median": -5.18676790406e-09, "min": -3.98395201273e-08, "var": 2.17445550202e-17}, "spectral_energy": {"dmean": 0.00502401730046, "dmean2": 0.00611402280629, "dvar": 4.88606419822e-05, "dvar2": 7.05814891262e-05, "max": 0.15635702014, "mean": 0.023472070694, "median": 0.0206953193992, "min": 1.03596875398e-20, "var": 0.000339637452271}, "spectral_energyband_high": {"dmean": 1.18212869893e-06, "dmean2": 1.69088446e-06, "dvar": 2.35684093769e-11, "dvar2": 4.73347055996e-11, "max": 0.000104761114926, "mean": 1.82518158454e-06, "median": 1.62777638479e-07, "min": 7.72676761107e-21, "var": 4.18463458329e-11}, "spectral_energyband_low": {"dmean": 0.000121809745906, "dmean2": 0.000188243284356, "dvar": 3.40428925938e-07, "dvar2": 8.20467391804e-07, "max": 0.0149042233825, "mean": 0.000286800699541, "median": 1.08811318569e-05, "min": 5.57970027287e-23, "var": 1.01931345853e-06}, "spectral_energyband_middle_high": {"dmean": 0.00154286867473, "dmean2": 0.00208071968518, "dvar": 7.80374011811e-06, "dvar2": 1.51458907567e-05, "max": 0.0328036658466, "mean": 0.00413322774693, "median": 0.00202428386547, "min": 1.42726621963e-21, "var": 2.43770191446e-05}, "spectral_energyband_middle_low": {"dmean": 0.00424207095057, "dmean2": 0.00505991978571, "dvar": 4.09441163356e-05, "dvar2": 5.71682903683e-05, "max": 0.148641139269, "mean": 0.0198414344341, "median": 0.0161004606634, "min": 3.68543571798e-22, "var": 0.000300621497445}, "spectral_entropy": {"dmean": 0.162614360452, "dmean2": 0.242252036929, "dvar": 0.0476330295205, "dvar2": 0.106284961104, "max": 9.81203269958, "mean": 5.56071043015, "median": 5.51244020462, "min": 4.40653133392, "var": 0.224765941501}, "spectral_flux": {"dmean": 0.017842432484, "dmean2": 0.028192166239, "dvar": 0.000569516269024, "dvar2": 0.00127270119265, "max": 0.198254004121, "mean": 0.0365691184998, "median": 0.028616560623, "min": 1.01782547668e-10, "var": 0.000935417308938}, "spectral_kurtosis": {"dmean": 34.8405189514, "dmean2": 60.2224578857, "dvar": 1038.33312988, "dvar2": 2669.19799805, "max": 304.307922363, "mean": 103.898712158, "median": 100.805763245, "min": -1.1727616787, "var": 3216.24487305}, "spectral_rms": {"dmean": 0.00048243420315, "dmean2": 0.000583353976253, "dvar": 3.68546267282e-07, "dvar2": 5.38281256013e-07, "max": 0.0123508479446, "mean": 0.00432308716699, "median": 0.00449339020997, "min": 3.17915268763e-12, "var": 4.21051527155e-06}, "spectral_rolloff": {"dmean": 72.2142333984, "dmean2": 121.149108887, "dvar": 205370.09375, "dvar2": 356399.90625, "max": 19745.9472656, "mean": 1069.7565918, "median": 775.1953125, "min": 279.931640625, "var": 4426696}, "spectral_skewness": {"dmean": 1.94555187225, "dmean2": 3.39891600609, "dvar": 2.76396918297, "dvar2": 7.30158472061, "max": 14.1864547729, "mean": 6.72496843338, "median": 6.69096136093, "min": 0.0229202043265, "var": 6.93400382996}, "spectral_spread": {"dmean": 290718, "dmean2": 501431.75, "dvar": 396611977216, "dvar2": 601859751936, "max": 39868684, "mean": 1081712, "median": 827360.9375, "min": 276135.78125, "var": 2966463971330.0}, "spectral_strongpeak": {"dmean": 0.55980193615, "dmean2": 0.882844746113, "dvar": 0.8918004632, "dvar2": 2.00253915787, "max": 8.13364887238, "mean": 1.7269128561, "median": 1.29267776012, "min": 4.91252016843e-09, "var": 2.10342645645}, "zerocrossingrate": {"dmean": 0.00327543704771, "dmean2": 0.00385452620685, "dvar": 0.000113322603283, "dvar2": 0.000117968076665, "max": 0.73681640625, "mean": 0.0358209274709, "median": 0.02783203125, "min": 0.0087890625, "var": 0.00287216994911}, "barkbands": {"dmean": [2.88232115508e-07, 6.0554339143e-06, 9.06954883249e-05, 0.000145039957715, 0.000884693639819, 0.00206656567752, 0.000259645865299, 0.000799878383987, 0.00109344744124, 0.000890806841198, 0.000419251067797, 0.000207420685911, 0.000274936843198, 0.000309729861328, 3.20821636706e-05, 4.28782586823e-05, 1.31175329443e-05, 2.01034231395e-06, 7.79212587076e-06, 1.29816385197e-06, 2.65867811322e-07, 3.98125372669e-08, 3.44446462464e-08, 7.23079685017e-09, 9.67648294825e-10, 9.27177501442e-10, 1.18383836067e-09], "dmean2": [5.00904093315e-07, 1.03792190203e-05, 0.000139182535349, 0.000259419641225, 0.00125418591779, 0.00242767459713, 0.000389518332668, 0.000965794199146, 0.00144487270154, 0.00109770905692, 0.000603459426202, 0.00025608643773, 0.000353353243554, 0.00042456240044, 4.52634267276e-05, 6.05427667324e-05, 1.78125592356e-05, 3.1010508792e-06, 1.14963950182e-05, 1.88937281109e-06, 4.18259077151e-07, 6.36112673646e-08, 5.61961712719e-08, 1.31720376828e-08, 1.76435310806e-09, 1.69631397817e-09, 2.11173079023e-09], "dvar": [1.79481727874e-13, 3.60365154384e-10, 2.52352521102e-07, 4.05301648243e-07, 2.32540196521e-06, 1.7403943275e-05, 3.04200710843e-07, 3.11807639264e-06, 1.07393734652e-05, 6.23884898232e-06, 1.90811169887e-06, 9.4026916031e-07, 9.3107308885e-07, 8.64137803092e-07, 5.35129407453e-09, 1.6990535201e-08, 1.43777489914e-09, 4.91924730117e-11, 5.25302412679e-10, 3.16063737682e-11, 1.81606541871e-12, 5.18341168327e-14, 1.26528751669e-13, 8.47264441359e-15, 2.37511305774e-18, 2.1993398659e-18, 2.32365704696e-18], "dvar2": [5.30759897838e-13, 9.29564147878e-10, 6.28071347819e-07, 1.166537686e-06, 4.54466044175e-06, 1.94823060156e-05, 6.94222535458e-07, 4.19835441789e-06, 1.95128304767e-05, 9.39472374739e-06, 4.4236226131e-06, 1.19782248476e-06, 1.43622901305e-06, 1.55967472892e-06, 1.06328243987e-08, 3.81509330794e-08, 2.36714914337e-09, 9.62517079928e-11, 1.17391807386e-09, 6.95704882592e-11, 4.27411665088e-12, 1.186577285e-13, 3.27030476267e-13, 2.41510997534e-14, 7.36328801616e-18, 6.89558065908e-18, 7.28959201385e-18], "max": [6.76637182551e-06, 0.000559199717827, 0.0130686545745, 0.0110041163862, 0.0343322344124, 0.108252719045, 0.0106541151181, 0.0296358186752, 0.0877733156085, 0.0450705215335, 0.0225373283029, 0.0265672206879, 0.0214620623738, 0.0151342768222, 0.00120693200734, 0.00274591916241, 0.00114261650015, 0.000189482147107, 0.00033163864282, 0.000134249654366, 2.50669418165e-05, 7.43790178603e-06, 7.89192654338e-06, 2.21341565521e-06, 2.33131274285e-08, 2.26699867767e-08, 2.5398117387e-08], "mean": [3.36827895353e-07, 7.20894422557e-06, 0.000210732105188, 0.000231613201322, 0.00517022050917, 0.00668704137206, 0.000792762846686, 0.00230971397832, 0.00313274911605, 0.0021565835923, 0.000698661548086, 0.000418446201365, 0.000601155916229, 0.000808341486845, 0.000127430772409, 7.24627680029e-05, 2.81187039946e-05, 3.69426538782e-06, 1.22798337543e-05, 2.13072348743e-06, 3.06042437614e-07, 4.8366349148e-08, 3.61111283098e-08, 5.35940403168e-09, 9.21201448456e-10, 1.0703792297e-09, 4.41210801227e-09], "median": [1.67217720559e-07, 3.58659190169e-06, 3.4287534163e-06, 5.76115780859e-06, 0.00375007186085, 0.00318175600842, 0.000279995583696, 0.000953437585849, 0.000564672460314, 0.0006256683846, 0.000188072168385, 6.44246611046e-05, 9.50391840888e-05, 0.000110725472041, 5.37401574547e-05, 2.33400623983e-05, 6.30039085081e-06, 6.80722678226e-07, 1.81073482963e-06, 1.13889370823e-07, 1.67670393125e-08, 2.83982681815e-09, 1.85521142892e-09, 5.04210340146e-10, 3.91510268649e-10, 5.85004267251e-10, 4.0205687668e-09], "min": [1.75470295174e-24, 3.23049553186e-23, 1.687688074e-23, 2.34473300408e-23, 2.15055473449e-23, 4.51055771911e-23, 7.73041656608e-23, 8.39737195571e-23, 8.41336626834e-23, 8.79955911983e-23, 3.05191383123e-23, 3.94397131126e-23, 1.73933277798e-22, 1.10912757801e-22, 7.88132439507e-23, 9.66931676425e-23, 2.43518584651e-22, 1.59853789336e-22, 2.5792346246e-22, 3.99669069623e-22, 6.38972839877e-22, 5.40810018057e-22, 4.61096595462e-22, 7.29547955749e-22, 1.00747882403e-21, 1.91346202145e-21, 2.4314402592e-21], "var": [2.18160382879e-13, 3.03880171026e-10, 6.31058412637e-07, 4.41906763626e-07, 2.72331017186e-05, 8.69248251547e-05, 1.25728001876e-06, 1.31973665702e-05, 3.98771589971e-05, 2.01488273888e-05, 3.04114360006e-06, 3.4480397062e-06, 3.5051073155e-06, 3.90382001569e-06, 3.65625538734e-08, 2.64609631984e-08, 4.50332082735e-09, 1.30219945937e-10, 8.17821921295e-10, 5.77363226673e-11, 1.97006603739e-12, 5.58067928349e-14, 1.03016058954e-13, 5.16193863573e-15, 1.87895337592e-18, 1.69674265097e-18, 2.18606982093e-18]}, "erbbands": {"dmean": [0.000150277046487, 0.00297680776566, 0.0704664885998, 0.262348204851, 1.54533779621, 3.41478157043, 8.62412071228, 19.2014636993, 4.80492830276, 13.6665220261, 12.3543624878, 30.0528926849, 28.3028774261, 12.917673111, 20.4636631012, 10.7581682205, 14.0596399307, 15.6168470383, 4.57799816132, 2.02187561989, 1.5841729641, 0.491492062807, 0.217075332999, 0.56544148922, 0.0754434913397, 0.0536975115538, 0.0230049099773, 0.0094883935526, 0.00174569734372, 0.00157299439888, 0.00042685153312, 0.000170304949279, 7.92413266026e-05, 1.38673094625e-05, 8.18700846139e-06, 5.02907050759e-06, 2.63212655227e-06, 8.52916514305e-07, 2.5094270768e-06, 5.7433035181e-06], "dmean2": [0.000256425206317, 0.00491365557536, 0.110673002899, 0.422026336193, 2.37000536919, 4.74943494797, 11.3574581146, 22.9375782013, 6.30748319626, 16.9994716644, 15.6244792938, 39.6611595154, 33.5327072144, 17.9533615112, 29.6977443695, 12.9147396088, 17.8064460754, 21.2639102936, 6.27309274673, 2.76941585541, 2.20973181725, 0.680177748203, 0.327450931072, 0.828765034676, 0.110964521766, 0.0752676874399, 0.0336582250893, 0.0148871624842, 0.00272583053447, 0.00256571336649, 0.000663513957988, 0.000299775216263, 0.000142489152495, 2.3731674446e-05, 1.36105700221e-05, 7.97611392045e-06, 4.0165991777e-06, 1.38221571433e-06, 3.07324785354e-06, 7.00696728018e-06], "dvar": [7.02885145643e-08, 0.000191492115846, 0.151491060853, 1.03043401241, 25.3479652405, 35.6718635559, 254.183181763, 1496.64916992, 95.6819458008, 1017.95806885, 766.182922363, 7822.26904297, 7406.64990234, 2522.81079102, 5011.20703125, 2432.80053711, 2340.7109375, 2107.45922852, 116.500343323, 25.2973327637, 19.6026630402, 2.46743297577, 0.412156522274, 2.805154562, 0.0772244110703, 0.0723443776369, 0.00736578507349, 0.00230659800582, 8.84697365109e-05, 0.000234432693105, 1.08383492261e-05, 3.81171980735e-06, 8.92712023415e-07, 8.7436946572e-10, 1.45170778176e-10, 5.07082154044e-11, 1.32546126852e-11, 1.29511852631e-12, 1.19245160621e-11, 6.34216359985e-11], "dvar2": [1.89968233144e-07, 0.000498902460095, 0.385104805231, 2.66720199585, 57.7427406311, 68.6466522217, 330.95199585, 1813.78100586, 173.54045105, 1377.07495117, 1370.55053711, 14240.3242188, 9724.05859375, 5336.22949219, 11810.6376953, 2959.87963867, 3646.57104492, 3727.25439453, 224.501373291, 53.2248649597, 42.773021698, 4.5578122139, 0.739629805088, 6.19619655609, 0.158123835921, 0.14534497261, 0.0150781217963, 0.00528188375756, 0.000202947223443, 0.000601901381742, 2.67172035819e-05, 1.0752617527e-05, 2.54280871559e-06, 2.47026066269e-09, 4.0704017934e-10, 1.30892685579e-10, 3.14306393412e-11, 3.46942179846e-12, 1.75692550786e-11, 9.24499921062e-11], "max": [0.00512015447021, 0.396351933479, 10.2734661102, 22.088104248, 72.8685836792, 150.231414795, 448.025054932, 889.790222168, 197.439208984, 549.372924805, 647.791320801, 2373.09838867, 1758.42456055, 1187.26098633, 1165.25012207, 1365.43273926, 1100.27734375, 775.72253418, 159.001296997, 111.535980225, 86.9813461304, 49.5748519897, 22.69688797, 25.5445861816, 5.33573102951, 6.73311662674, 2.5943877697, 0.816270470619, 0.26557123661, 0.338815778494, 0.0683117881417, 0.0465808548033, 0.0229660645127, 0.000581644300837, 0.000254997576121, 0.000165290053701, 8.86334164534e-05, 2.36850646615e-05, 7.74746949901e-05, 0.000175307854079], "mean": [0.000222009592107, 0.00464431429282, 0.147117704153, 0.632339537144, 4.83055305481, 20.501865387, 37.2289009094, 59.8556632996, 18.1478462219, 38.6921157837, 38.0570869446, 88.8316421509, 74.5263290405, 28.0400562286, 34.7170944214, 24.0854663849, 32.22397995, 41.9472045898, 13.3658437729, 6.31643676758, 2.85982847214, 1.07363164425, 0.427610397339, 0.925639986992, 0.126874834299, 0.0933343693614, 0.0339172184467, 0.0113084856421, 0.00217344844714, 0.00172421254683, 0.000525583862327, 0.000159509203513, 7.62687195675e-05, 2.78674524452e-05, 2.12127815757e-05, 1.56487622007e-05, 9.48405249801e-06, 2.94609390039e-06, 1.20119302665e-05, 2.67103732767e-05], "median": [0.000114071524877, 0.00113775127102, 0.00570851378143, 0.0330199301243, 0.962287962437, 13.0145626068, 21.4705696106, 28.0352916718, 7.57848548889, 13.8045663834, 18.4805374146, 16.3782215118, 23.827796936, 8.38578224182, 8.98666954041, 4.64694738388, 5.93016767502, 5.74162912369, 5.01879501343, 3.49932003021, 0.902707636356, 0.267240852118, 0.135304540396, 0.147777929902, 0.0197922587395, 0.00674948748201, 0.0030672440771, 0.000978122116067, 0.000182447503903, 0.000103147533082, 5.77680038987e-05, 3.22978157783e-05, 2.5918978281e-05, 2.19122266572e-05, 1.82226776815e-05, 1.38187333505e-05, 8.47327191877e-06, 2.64533150585e-06, 1.07778723759e-05, 2.37577969529e-05], "min": [1.2979085812e-21, 6.04323696026e-21, 1.76991544862e-20, 4.02372024648e-20, 9.33259869894e-20, 4.24266849227e-20, 2.37191404011e-19, 3.48377273789e-19, 1.09932489524e-18, 1.28911642031e-18, 1.9359897539e-18, 2.21587913546e-18, 3.19146608287e-18, 1.83535144506e-18, 8.73191396753e-19, 1.78570013559e-18, 8.76319028688e-18, 4.75986276961e-18, 5.55672307681e-18, 5.00521984213e-18, 6.08540274402e-18, 1.46969993623e-17, 1.00979678008e-17, 1.21298368867e-17, 1.39972111816e-17, 1.94261530517e-17, 1.63977505306e-17, 2.96968163121e-17, 1.90756005256e-17, 1.86139030492e-17, 1.36332004268e-17, 1.62421611661e-17, 1.14438948822e-17, 9.73802181159e-18, 7.5845001002e-18, 6.5222541963e-18, 4.08091044128e-18, 1.11071661984e-18, 2.9852097862e-19, 3.99154809053e-20], "var": [9.6754597223e-08, 0.000226708201808, 0.303244441748, 2.70764017105, 89.6002731323, 499.640472412, 1893.28564453, 6896.44970703, 631.178405762, 4298.96728516, 2938.40307617, 30432.0527344, 26684.9902344, 5570.25341797, 7727.10009766, 9378.69921875, 8884.91796875, 10368.3662109, 458.567840576, 79.9890899658, 33.4600105286, 7.00924348831, 1.24831390381, 4.68183469772, 0.134280622005, 0.132301136851, 0.0145822828636, 0.00274010165595, 9.64992286754e-05, 0.000194426815142, 1.04837972685e-05, 2.42221062763e-06, 5.44696945326e-07, 9.44711864292e-10, 3.17101178648e-10, 1.57102511555e-10, 5.11407027837e-11, 3.35729274242e-12, 8.0439127581e-11, 4.32794772243e-10]}, "gfcc": {"mean": [-218.554992676, 225.163726807, -156.226287842, -77.9897766113, -31.5263309479, -50.1526603699, -36.3724632263, -24.0955066681, -16.7210597992, -11.840262413, -7.11635637283, -12.8932600021, 4.71685600281], "cov": [[13952.2841797, 2811.85205078, -3203.74609375, 3.74428606033, -184.501861572, -1282.95776367, -358.316680908, -1065.59033203, -758.955505371, -383.378479004, -163.74395752, -316.571075439, 250.145294189], [2811.85205078, 1471.63500977, -257.688995361, -309.466156006, 206.456222534, -220.025009155, -234.626525879, -178.080093384, -219.857086182, -139.515335083, -55.5234680176, -127.637840271, 49.9190406799], [-3203.74609375, -257.688995361, 1246.6862793, -33.4927024841, 117.41608429, 322.158721924, -88.1719970703, 153.202301025, 93.6618804932, 8.69040298462, -21.9145812988, -14.3704042435, -78.7676773071], [3.74428606033, -309.466156006, -33.4927024841, 612.376037598, 6.27205467224, -0.151414692402, 172.633407593, -61.5647163391, -42.3988685608, -30.4180641174, -26.7145004272, -27.9963874817, -97.9672546387], [-184.501861572, 206.456222534, 117.41608429, 6.27205467224, 232.037841797, 113.927078247, -20.7799472809, 1.0792607069, -50.3980751038, 8.78938674927, 48.2214508057, -40.4277610779, -74.1625900269], [-1282.95776367, -220.025009155, 322.158721924, -0.151414692402, 113.927078247, 422.686126709, 110.18195343, 28.6434173584, 87.3856430054, 49.8632316589, 23.6575317383, 11.4782705307, -116.094833374], [-358.316680908, -234.626525879, -88.1719970703, 172.633407593, -20.7799472809, 110.18195343, 290.399383545, 155.928756714, 59.0067329407, 11.7974996567, -19.1157913208, 39.6650047302, -34.2155227661], [-1065.59033203, -178.080093384, 153.202301025, -61.5647163391, 1.0792607069, 28.6434173584, 155.928756714, 399.874572754, 187.90612793, 31.2789497375, 23.8468608856, 60.6839027405, 0.400014936924], [-758.955505371, -219.857086182, 93.6618804932, -42.3988685608, -50.3980751038, 87.3856430054, 59.0067329407, 187.90612793, 220.732055664, 80.3875808716, 7.80072116852, 43.1379241943, -12.31757164], [-383.378479004, -139.515335083, 8.69040298462, -30.4180641174, 8.78938674927, 49.8632316589, 11.7974996567, 31.2789497375, 80.3875808716, 141.25982666, 82.3396835327, 13.8817844391, -19.1754341125], [-163.74395752, -55.5234680176, -21.9145812988, -26.7145004272, 48.2214508057, 23.6575317383, -19.1157913208, 23.8468608856, 7.80072116852, 82.3396835327, 148.867706299, 57.5944519043, -24.6901035309], [-316.571075439, -127.637840271, -14.3704042435, -27.9963874817, -40.4277610779, 11.4782705307, 39.6650047302, 60.6839027405, 43.1379241943, 13.8817844391, 57.5944519043, 129.483718872, 52.3279190063], [250.145294189, 49.9190406799, -78.7676773071, -97.9672546387, -74.1625900269, -116.094833374, -34.2155227661, 0.400014936924, -12.31757164, -19.1754341125, -24.6901035309, 52.3279190063, 137.524154663]], "icov": [[0.000873592682183, -0.00142490188591, 0.00172283814754, -0.000665992789436, 0.00143727206159, -8.12388243503e-05, 0.000229933561059, 0.000752977794036, -0.000359228812158, 0.00123033463024, -0.001347498619, 0.0016047495883, -0.000511081889272], [-0.00142490188591, 0.00416325964034, -0.00317574595101, 0.00296886987053, -0.00567071186379, 0.00284835905768, -0.0030313686002, 0.00184058852028, -0.00248424359597, 0.00163058622275, 0.000254517392023, -0.000606721092481, 0.000244911963819], [0.00172283814754, -0.00317574595101, 0.00640013022348, -0.00393051048741, 0.00553418137133, -0.00586509611458, 0.00876335985959, -0.00603559287265, 0.00689765485004, -0.00353968865238, 0.0039320117794, -0.000368194916518, 8.61482767505e-05], [-0.000665992789436, 0.00296886987053, -0.00393051048741, 0.00736351171508, -0.00707925856113, 0.00879172515124, -0.0123777361587, 0.0105351861566, -0.0103978542611, 0.0085259731859, -0.00635762093589, 0.00306079769507, 0.00157345354091], [0.00143727206159, -0.00567071186379, 0.00553418137133, -0.00707925856113, 0.0190044865012, -0.012646978721, 0.0143721140921, -0.0138155305758, 0.0167404506356, -0.0101549196988, 0.00447060819715, -0.0011902883416, 0.00209795497358], [-8.12388243503e-05, 0.00284835905768, -0.00586509611458, 0.00879172515124, -0.012646978721, 0.0195959825069, -0.0219413433224, 0.0209175944328, -0.0221811514348, 0.0158132705837, -0.0130179673433, 0.00581264914945, 0.00188943312969], [0.000229933561059, -0.0030313686002, 0.00876335985959, -0.0123777361587, 0.0143721140921, -0.0219413433224, 0.036733802408, -0.0312966965139, 0.0332106389105, -0.0275124162436, 0.0279134940356, -0.0172623284161, 0.00606035860255], [0.000752977794036, 0.00184058852028, -0.00603559287265, 0.0105351861566, -0.0138155305758, 0.0209175944328, -0.0312966965139, 0.0337715819478, -0.0358670465648, 0.0289380177855, -0.0270878132433, 0.0161097049713, -0.00583706703037], [-0.000359228812158, -0.00248424359597, 0.00689765485004, -0.0103978542611, 0.0167404506356, -0.0221811514348, 0.0332106389105, -0.0358670465648, 0.047862149775, -0.0381564423442, 0.0351317934692, -0.0227923039347, 0.0107149099931], [0.00123033463024, 0.00163058622275, -0.00353968865238, 0.0085259731859, -0.0101549196988, 0.0158132705837, -0.0275124162436, 0.0289380177855, -0.0381564423442, 0.0459192730486, -0.0403777733445, 0.0271304994822, -0.0124268848449], [-0.001347498619, 0.000254517392023, 0.0039320117794, -0.00635762093589, 0.00447060819715, -0.0130179673433, 0.0279134940356, -0.0270878132433, 0.0351317934692, -0.0403777733445, 0.0500314980745, -0.034208510071, 0.0180419608951], [0.0016047495883, -0.000606721092481, -0.000368194916518, 0.00306079769507, -0.0011902883416, 0.00581264914945, -0.0172623284161, 0.0161097049713, -0.0227923039347, 0.0271304994822, -0.034208510071, 0.0360716246068, -0.0189311392605], [-0.000511081889272, 0.000244911963819, 8.61482767505e-05, 0.00157345354091, 0.00209795497358, 0.00188943312969, 0.00606035860255, -0.00583706703037, 0.0107149099931, -0.0124268848449, 0.0180419608951, -0.0189311392605, 0.0232029333711]]}, "melbands": {"dmean": [1.31989702368e-06, 2.61293535004e-05, 8.12140424387e-05, 0.000164793847944, 0.00028208643198, 0.00041497280472, 6.36925833533e-05, 0.000168662256328, 0.000121767916426, 0.000173108957824, 0.000139084630064, 5.13316372235e-05, 5.871533358e-05, 3.79052071366e-05, 3.0459896152e-05, 2.02702121896e-05, 3.49602923961e-05, 9.38990615396e-06, 2.24838163376e-06, 3.97496660298e-06, 1.37490076213e-06, 5.85588509239e-07, 4.2381378762e-07, 9.67286410969e-08, 5.77638388677e-07, 3.09708347856e-08, 3.91499987984e-08, 3.7782452722e-08, 1.88413000757e-08, 1.06715161152e-08, 2.98913072072e-09, 1.11348408272e-09, 3.56771168164e-10, 1.25991617139e-09, 2.40363340342e-10, 4.88253638908e-11, 1.51822235339e-10, 8.40112701628e-11, 1.0775018898e-11, 8.91196144659e-12], "dmean2": [2.27165219258e-06, 4.06681647291e-05, 0.000131748951389, 0.0002359283244, 0.000362058053724, 0.000487784360303, 8.56719198055e-05, 0.000207064760616, 0.000156528796651, 0.000228084260016, 0.000164279175806, 7.24308483768e-05, 8.45667018439e-05, 4.99309389852e-05, 3.74545888917e-05, 2.70617056231e-05, 4.76014683954e-05, 1.29886429932e-05, 3.0816186154e-06, 5.58254259886e-06, 1.90324146843e-06, 7.73936562837e-07, 6.66979246944e-07, 1.41132019849e-07, 8.50026708576e-07, 4.50217818582e-08, 6.05348517979e-08, 5.18533944671e-08, 2.84406471707e-08, 1.6790627555e-08, 4.77930983678e-09, 1.78689540942e-09, 5.46269751656e-10, 2.08218908782e-09, 3.68273439522e-10, 7.15122683292e-11, 2.76941775068e-10, 1.53145343629e-10, 1.94882512905e-11, 1.62554969485e-11], "dvar": [8.38016288307e-12, 2.11732089639e-08, 9.44286284721e-08, 1.38780777093e-07, 2.42300643549e-07, 6.90904414569e-07, 1.82508941293e-08, 1.54344263592e-07, 1.00756579968e-07, 2.4476435101e-07, 1.81655181564e-07, 4.79315431789e-08, 3.73291264566e-08, 1.80949140116e-08, 9.6117718229e-09, 5.5652167319e-09, 1.12967946109e-08, 5.71189595622e-10, 3.02976012334e-11, 1.42440698125e-10, 1.16778479248e-11, 4.09504635063e-12, 2.14154020038e-12, 1.27377654865e-13, 2.9662756626e-12, 2.43777386651e-14, 4.15891821849e-14, 3.95968116152e-14, 7.18144178835e-15, 3.57059454432e-15, 3.19138377012e-16, 5.15017075405e-17, 8.13679122441e-18, 1.93998391129e-16, 2.8376542583e-18, 8.44910195007e-20, 4.16477911077e-18, 1.25801401569e-18, 3.65309292574e-22, 2.01636154279e-22], "dvar2": [2.17180631118e-11, 5.36635411663e-08, 2.44447022624e-07, 2.60455777834e-07, 3.23533299706e-07, 8.08347692782e-07, 3.39928725168e-08, 2.00304839382e-07, 1.8766340304e-07, 4.46170162149e-07, 2.37594193209e-07, 1.00361603472e-07, 8.65680860329e-08, 3.1423628144e-08, 1.32826576404e-08, 9.12927244912e-09, 2.00715906118e-08, 1.13220732789e-09, 5.55606012587e-11, 3.19600151899e-10, 2.37429815392e-11, 7.44067741448e-12, 4.11285545551e-12, 2.45655573791e-13, 6.59736978589e-12, 4.58611488087e-14, 1.14650490165e-13, 7.93116860707e-14, 1.46457366769e-14, 8.57060716207e-15, 6.71891044778e-16, 1.18128617722e-16, 1.97332769413e-17, 5.02032986766e-16, 6.67321589886e-18, 1.16804507013e-19, 1.1874135507e-17, 3.59081254579e-18, 1.10355415581e-21, 6.25637581726e-22], "max": [7.55367436795e-05, 0.00385036109947, 0.00547385215759, 0.00796844251454, 0.0133913988248, 0.0201099999249, 0.00267857755534, 0.00686747673899, 0.0075206886977, 0.0128114363179, 0.00868329033256, 0.00521027063951, 0.00308786798269, 0.00289908912964, 0.00210293498822, 0.00167627690826, 0.00178307085298, 0.000361216894817, 0.000113298439828, 0.000260206405073, 6.63152750349e-05, 5.97492798988e-05, 5.30100769538e-05, 1.18588104669e-05, 2.62506109721e-05, 2.85363057628e-06, 5.33026150151e-06, 5.05191837874e-06, 2.63803781309e-06, 1.21728464819e-06, 4.21274449991e-07, 2.47316819468e-07, 8.09492775034e-08, 3.10405710024e-07, 3.14055910167e-08, 7.60858398507e-09, 4.8761510385e-08, 2.72849565164e-08, 3.02751462788e-10, 2.15716750018e-10], "mean": [1.67460154898e-06, 5.56485792913e-05, 0.000203554081963, 0.000821797642857, 0.00142777466681, 0.00132125883829, 0.000226952397497, 0.000472486397484, 0.00037028209772, 0.000506160606164, 0.000352760136593, 0.000106872394099, 9.72502384684e-05, 7.21549149603e-05, 6.68945940561e-05, 4.66818528366e-05, 9.12637624424e-05, 2.47307161771e-05, 1.0840341929e-05, 7.18909177522e-06, 2.4869571007e-06, 1.25221595226e-06, 7.48926197502e-07, 1.86007710568e-07, 9.30532848997e-07, 4.9444963679e-08, 6.02483396506e-08, 6.24244478331e-08, 2.73437912313e-08, 1.15872840212e-08, 3.65497720978e-09, 1.29062371901e-09, 4.34408592431e-10, 1.28053412318e-09, 2.97804836347e-10, 6.38054192814e-11, 1.09201744869e-10, 6.1100423332e-11, 1.03116647165e-11, 8.52415100311e-12], "median": [8.57054942571e-07, 1.83208703675e-06, 5.50395452592e-06, 0.000541692657862, 0.000863373978063, 0.000625894404948, 7.86403106758e-05, 0.000167479345691, 0.000141699638334, 9.49466484599e-05, 9.72012639977e-05, 2.13987932511e-05, 2.66777278739e-05, 1.47275868585e-05, 1.25831884361e-05, 8.36257368064e-06, 1.04954051494e-05, 7.39693632568e-06, 4.21764252678e-06, 2.59360444943e-06, 5.51398670723e-07, 2.14889197991e-07, 1.21415411058e-07, 4.05230728973e-08, 1.36484771929e-07, 6.39029540395e-09, 2.40969866283e-09, 3.60255314469e-09, 1.02323427509e-09, 5.7809496079e-10, 1.64838906414e-10, 6.15189427178e-11, 2.67180270963e-11, 4.54653120707e-11, 2.25908632079e-11, 8.76934289074e-12, 6.82705975086e-12, 5.45083813155e-12, 4.23185098075e-12, 3.63274471268e-12], "min": [1.00559499579e-23, 8.56045900822e-24, 1.02066547341e-23, 4.25322561203e-24, 6.77284261014e-24, 9.48606974022e-24, 1.56726151484e-23, 1.37722113624e-23, 1.51774534691e-23, 1.35278964069e-23, 1.57725685582e-23, 7.7068807432e-24, 3.1973185271e-24, 3.36104049431e-24, 9.40540082405e-24, 1.96713447661e-23, 7.56137534923e-24, 1.04543144598e-23, 5.18696949997e-24, 8.1676267878e-24, 5.31012054803e-24, 1.63015455491e-23, 9.92195010024e-24, 8.29588689352e-24, 1.03644663582e-23, 7.57391823762e-24, 1.22761555883e-23, 1.38657355559e-23, 8.84813449225e-24, 1.54008304784e-23, 1.60950249196e-23, 9.8466399162e-24, 1.21389852987e-23, 9.53166590054e-24, 7.55704134741e-24, 9.46316753042e-24, 9.47456183734e-24, 7.37180576282e-24, 9.01686710671e-24, 7.61422350785e-24], "var": [8.53079239194e-12, 4.4374512953e-08, 2.22501086e-07, 9.81679363576e-07, 2.39241217059e-06, 3.30920670422e-06, 1.1501708741e-07, 6.58361329897e-07, 3.58764822295e-07, 9.35042180572e-07, 6.47802608e-07, 1.08060490334e-07, 5.85120609742e-08, 5.07591693122e-08, 3.89052381422e-08, 2.26649667923e-08, 5.3701377567e-08, 1.98003569096e-09, 3.05506453468e-10, 2.36222486016e-10, 2.43353913409e-11, 1.15169601286e-11, 5.89666423328e-12, 3.40269262419e-13, 4.85132203507e-12, 4.1306669592e-14, 5.47052806971e-14, 7.02784659352e-14, 1.42640619368e-14, 3.47192346453e-15, 4.90445628987e-16, 5.29834758765e-17, 8.33146487285e-18, 1.56905971336e-16, 3.27081090158e-18, 1.74602201351e-19, 2.53717242219e-18, 7.61822125524e-19, 3.11118309674e-22, 1.59500215567e-22]}, "mfcc": {"mean": [-825.290039062, 234.181289673, -29.4244251251, -42.782081604, -7.91119003296, -22.5539283752, -27.4577217102, -22.5439052582, -14.5867919922, -8.28921604156, -11.4268817902, -14.2501249313, -10.9648685455], "cov": [[6142.83496094, 3330.06640625, -1673.01037598, -264.240020752, 40.7787437439, -473.826141357, -212.442962646, -420.808868408, -460.814086914, -288.804534912, -426.831451416, -425.829589844, -314.690490723], [3330.06640625, 2364.38012695, -557.175720215, -480.220550537, 67.8308563232, -142.611968994, -247.729660034, -288.953155518, -286.142059326, -229.935531616, -246.001968384, -264.280059814, -217.698608398], [-1673.01037598, -557.175720215, 864.159973145, 57.2299728394, 29.5696735382, 244.652526855, 4.84593486786, 76.0119094849, 124.137763977, 27.3012962341, 71.2913894653, 72.327003479, 39.1081085205], [-264.240020752, -480.220550537, 57.2299728394, 539.990905762, 59.4017715454, -74.0806274414, 127.988334656, 63.3112220764, 34.627407074, 45.9248085022, -30.8995800018, 0.701871871948, 33.9193725586], [40.7787437439, 67.8308563232, 29.5696735382, 59.4017715454, 158.513702393, 102.855834961, 25.750951767, -26.4756546021, -90.2847061157, -43.8327255249, 19.9183082581, -32.8861198425, -67.5694732666], [-473.826141357, -142.611968994, 244.652526855, -74.0806274414, 102.855834961, 382.169891357, 129.962966919, -24.4326038361, -53.8523368835, -36.9228591919, 89.861579895, 9.66329574585, -92.1020431519], [-212.442962646, -247.729660034, 4.84593486786, 127.988334656, 25.750951767, 129.962966919, 234.299163818, 112.177024841, 4.05679368973, 15.1281909943, 49.7420158386, 46.8911933899, 17.0793151855], [-420.808868408, -288.953155518, 76.0119094849, 63.3112220764, -26.4756546021, -24.4326038361, 112.177024841, 239.248718262, 149.687957764, 36.895526886, 49.4119300842, 89.9992370605, 88.3244934082], [-460.814086914, -286.142059326, 124.137763977, 34.627407074, -90.2847061157, -53.8523368835, 4.05679368973, 149.687957764, 239.74269104, 109.737503052, 8.65099143982, 66.11769104, 85.7463989258], [-288.804534912, -229.935531616, 27.3012962341, 45.9248085022, -43.8327255249, -36.9228591919, 15.1281909943, 36.895526886, 109.737503052, 153.032302856, 73.3224716187, 42.6164894104, 38.6316452026], [-426.831451416, -246.001968384, 71.2913894653, -30.8995800018, 19.9183082581, 89.861579895, 49.7420158386, 49.4119300842, 8.65099143982, 73.3224716187, 208.809402466, 122.919334412, -10.0034723282], [-425.829589844, -264.280059814, 72.327003479, 0.701871871948, -32.8861198425, 9.66329574585, 46.8911933899, 89.9992370605, 66.11769104, 42.6164894104, 122.919334412, 187.593826294, 107.890167236], [-314.690490723, -217.698608398, 39.1081085205, 33.9193725586, -67.5694732666, -92.1020431519, 17.0793151855, 88.3244934082, 85.7463989258, 38.6316452026, -10.0034723282, 107.890167236, 211.583114624]], "icov": [[0.227537229657, -0.319067239761, 0.317041426897, -0.309073656797, 0.297899872065, -0.289320409298, 0.267838448286, -0.240300387144, 0.204429402947, -0.158054038882, 0.115288041532, -0.0715219751, 0.0368954353034], [-0.319067239761, 0.448413491249, -0.444487988949, 0.434707939625, -0.419138640165, 0.407142966986, -0.376726686954, 0.338276386261, -0.287396728992, 0.222553759813, -0.161105796695, 0.10028655082, -0.0510552749038], [0.317041426897, -0.444487988949, 0.44463762641, -0.432739585638, 0.417727768421, -0.409243345261, 0.380121916533, -0.340638160706, 0.288963079453, -0.223923310637, 0.163732066751, -0.101442731917, 0.0514140315354], [-0.309073656797, 0.434707939625, -0.432739585638, 0.427170455456, -0.413500964642, 0.404197782278, -0.377529144287, 0.338742405176, -0.288565218449, 0.222482383251, -0.161000669003, 0.100231535733, -0.0503483451903], [0.297899872065, -0.419138640165, 0.417727768421, -0.413500964642, 0.413087129593, -0.398184120655, 0.373615562916, -0.340187340975, 0.294188022614, -0.225108593702, 0.163505658507, -0.100815854967, 0.0523539297283], [-0.289320409298, 0.407142966986, -0.409243345261, 0.404197782278, -0.398184120655, 0.399623423815, -0.377266645432, 0.343163907528, -0.295390874147, 0.231668993831, -0.170972540975, 0.105133533478, -0.0508398376405], [0.267838448286, -0.376726686954, 0.380121916533, -0.377529144287, 0.373615562916, -0.377266645432, 0.366626232862, -0.334544450045, 0.289732247591, -0.226909190416, 0.168139129877, -0.10437066108, 0.0513400509953], [-0.240300387144, 0.338276386261, -0.340638160706, 0.338742405176, -0.340187340975, 0.343163907528, -0.334544450045, 0.31873139739, -0.278486520052, 0.219079464674, -0.164379969239, 0.100700005889, -0.0522605068982], [0.204429402947, -0.287396728992, 0.288963079453, -0.288565218449, 0.294188022614, -0.295390874147, 0.289732247591, -0.278486520052, 0.254831343889, -0.200799554586, 0.151854410768, -0.0946506932378, 0.0482616536319], [-0.158054038882, 0.222553759813, -0.223923310637, 0.222482383251, -0.225108593702, 0.231668993831, -0.226909190416, 0.219079464674, -0.200799554586, 0.170409440994, -0.128401637077, 0.0804735049605, -0.0413914769888], [0.115288041532, -0.161105796695, 0.163732066751, -0.161000669003, 0.163505658507, -0.170972540975, 0.168139129877, -0.164379969239, 0.151854410768, -0.128401637077, 0.111237332225, -0.0727952495217, 0.0383751355112], [-0.0715219751, 0.10028655082, -0.101442731917, 0.100231535733, -0.100815854967, 0.105133533478, -0.10437066108, 0.100700005889, -0.0946506932378, 0.0804735049605, -0.0727952495217, 0.0575202666223, -0.0296588111669], [0.0368954353034, -0.0510552749038, 0.0514140315354, -0.0503483451903, 0.0523539297283, -0.0508398376405, 0.0513400509953, -0.0522605068982, 0.0482616536319, -0.0413914769888, 0.0383751355112, -0.0296588111669, 0.0228359438479]]}, "spectral_contrast_coeffs": {"dmean": [0.0350056886673, 0.0383592993021, 0.0339375324547, 0.0315877459943, 0.0235755592585, 0.0479534864426], "dmean2": [0.057996224612, 0.0603968538344, 0.0527417398989, 0.0484589748085, 0.0373814292252, 0.0832074284554], "dvar": [0.000980031909421, 0.00144670298323, 0.0011403033277, 0.00117367692292, 0.000572647026274, 0.00183972134255], "dvar2": [0.00246668537147, 0.0030959227588, 0.00268425280228, 0.00269468710758, 0.00128801795654, 0.00475665694103], "max": [-0.232206344604, -0.381197601557, -0.424855560064, -0.474386364222, -0.538750588894, -0.583846092224], "mean": [-0.462583571672, -0.605858027935, -0.645168244839, -0.65730458498, -0.683994054794, -0.859147727489], "median": [-0.422148764133, -0.604461014271, -0.642791211605, -0.647910714149, -0.67968338728, -0.875858426094], "min": [-0.943182826042, -0.960295379162, -0.963108360767, -0.95935177803, -0.961789488792, -0.963873147964], "var": [0.0196212548763, 0.00787156354636, 0.00781618338078, 0.00466903997585, 0.00419206777588, 0.00524629512802]}, "spectral_contrast_valleys": {"dmean": [0.435751587152, 0.351051330566, 0.370081573725, 0.393743574619, 0.37768805027, 0.903034031391], "dmean2": [0.725520789623, 0.55482417345, 0.577260971069, 0.595888435841, 0.581684589386, 1.59373927116], "dvar": [0.180657997727, 0.188819929957, 0.225089266896, 0.289293408394, 0.304484218359, 0.545957624912], "dvar2": [0.38769865036, 0.322174370289, 0.380706369877, 0.519320785999, 0.561432301998, 1.51439011097], "max": [-6.85512113571, -5.13052034378, -5.95930767059, -7.04709815979, -8.1721076965