{"lowlevel": {"average_loudness": 0.958202779293, "barkbands_crest": {"dmean": 2.05559229851, "dmean2": 3.23516488075, "dvar": 4.83533668518, "dvar2": 12.4925756454, "max": 26.7497634888, "mean": 9.05012130737, "median": 8.39214134216, "min": 2.15052485466, "var": 12.5120449066}, "barkbands_flatness_db": {"dmean": 0.0271401647478, "dmean2": 0.0359917730093, "dvar": 0.000937291129958, "dvar2": 0.00192284118384, "max": 0.524912953377, "mean": 0.139513775706, "median": 0.130645304918, "min": 0.0230219177902, "var": 0.00416427571326}, "barkbands_kurtosis": {"dmean": 3.87980532646, "dmean2": 6.18244457245, "dvar": 960.138671875, "dvar2": 2551.94604492, "max": 2009.54516602, "mean": 5.55391120911, "median": 2.79496335983, "min": -1.91590857506, "var": 760.143676758}, "barkbands_skewness": {"dmean": 0.529201984406, "dmean2": 0.800754308701, "dvar": 0.749802112579, "dvar2": 1.85987436771, "max": 35.2937240601, "mean": 1.7952862978, "median": 1.62264764309, "min": -3.39616513252, "var": 1.47983562946}, "barkbands_spread": {"dmean": 6.42470502853, "dmean2": 9.15087890625, "dvar": 79.8119354248, "dvar2": 172.314666748, "max": 114.716400146, "mean": 22.6782474518, "median": 19.310628891, "min": 0.0568440742791, "var": 226.689453125}, "dissonance": {"dmean": 0.0207479670644, "dmean2": 0.0327637344599, "dvar": 0.00040128006367, "dvar2": 0.00088028825121, "max": 0.5, "mean": 0.446824491024, "median": 0.455105900764, "min": 0.177448809147, "var": 0.00142571376637}, "dynamic_complexity": 2.64536452293, "erbbands_crest": {"dmean": 2.23026037216, "dmean2": 3.32254457474, "dvar": 5.10455465317, "dvar2": 10.9424953461, "max": 24.1146316528, "mean": 9.165143013, "median": 8.51287269592, "min": 2.24269771576, "var": 18.5603847504}, "erbbands_flatness_db": {"dmean": 0.0230202712119, "dmean2": 0.0300663672388, "dvar": 0.000721758813597, "dvar2": 0.00138598971535, "max": 0.419080257416, "mean": 0.14760927856, "median": 0.135509893298, "min": 0.0502129904926, "var": 0.0030507510528}, "erbbands_kurtosis": {"dmean": 0.864685416222, "dmean2": 1.29459917545, "dvar": 6.44949150085, "dvar2": 14.282784462, "max": 154.514297485, "mean": 0.419467121363, "median": -0.327943325043, "min": -1.71881592274, "var": 9.15850734711}, "erbbands_skewness": {"dmean": 0.322030872107, "dmean2": 0.47580948472, "dvar": 0.132845699787, "dvar2": 0.286034703255, "max": 9.54956245422, "mean": 0.675522983074, "median": 0.599992871284, "min": -2.88722419739, "var": 0.525605201721}, "erbbands_spread": {"dmean": 9.44139957428, "dmean2": 13.7466516495, "dvar": 136.255310059, "dvar2": 292.974029541, "max": 128.678985596, "mean": 44.4050102234, "median": 43.3463592529, "min": 1.14804553986, "var": 391.710144043}, "hfc": {"dmean": 11.6554098129, "dmean2": 15.3244895935, "dvar": 570.596191406, "dvar2": 1275.13903809, "max": 503.557769775, "mean": 23.4495334625, "median": 14.1627168655, "min": 1.21086443539e-16, "var": 874.563171387}, "melbands_crest": {"dmean": 2.75642204285, "dmean2": 4.34657430649, "dvar": 8.95442390442, "dvar2": 23.6552639008, "max": 34.0169487, "mean": 13.0852155685, "median": 12.3692321777, "min": 1.84088420868, "var": 20.767364502}, "melbands_flatness_db": {"dmean": 0.0307812336832, "dmean2": 0.041146311909, "dvar": 0.00127574312501, "dvar2": 0.00265742768534, "max": 0.601176261902, "mean": 0.201627805829, "median": 0.195997819304, "min": 0.00484779430553, "var": 0.00532139698043}, "melbands_kurtosis": {"dmean": 8.02006721497, "dmean2": 13.1102828979, "dvar": 393.157989502, "dvar2": 1057.73754883, "max": 299.637573242, "mean": 14.9456949234, "median": 9.73515796661, "min": -1.80364835262, "var": 413.59979248}, "melbands_skewness": {"dmean": 0.713309466839, "dmean2": 1.09536314011, "dvar": 1.24061453342, "dvar2": 3.19867515564, "max": 13.0433893204, "mean": 2.82768058777, "median": 2.56996679306, "min": -0.212897911668, "var": 2.05297136307}, "melbands_spread": {"dmean": 6.63125085831, "dmean2": 9.67453479767, "dvar": 154.793930054, "dvar2": 368.910522461, "max": 273.956085205, "mean": 20.7716331482, "median": 16.4147949219, "min": 0.210571035743, "var": 301.729431152}, "pitch_salience": {"dmean": 0.0652415975928, "dmean2": 0.105273641646, "dvar": 0.00481439661235, "dvar2": 0.0122612705454, "max": 0.970159113407, "mean": 0.559841215611, "median": 0.56040251255, "min": 0.0454461574554, "var": 0.0126420492306}, "silence_rate_20dB": {"dmean": 0, "dmean2": 0, "dvar": 0, "dvar2": 0, "max": 1, "mean": 1, "median": 1, "min": 1, "var": 0}, "silence_rate_30dB": {"dmean": 0.000294204190141, "dmean2": 0.000588494935073, "dvar": 0.000294128491078, "dvar2": 0.00088243954815, "max": 1, "mean": 0.999852895737, "median": 1, "min": 0, "var": 0.000147051614476}, "silence_rate_60dB": {"dmean": 0.0197116807103, "dmean2": 0.0394291616976, "dvar": 0.019323207438, "dvar2": 0.0417014360428, "max": 1, "mean": 0.0488307103515, "median": 0, "min": 0, "var": 0.0464460738003}, "spectral_centroid": {"dmean": 240.415908813, "dmean2": 345.461120605, "dvar": 107908.898438, "dvar2": 232550.140625, "max": 10793.7216797, "mean": 1167.12805176, "median": 1049.17150879, "min": 201.679489136, "var": 347343.59375}, "spectral_complexity": {"dmean": 4.3236246109, "dmean2": 5.81756639481, "dvar": 34.4043922424, "dvar2": 53.4982299805, "max": 59, "mean": 18.3560810089, "median": 15, "min": 0, "var": 137.563400269}, "spectral_decrease": {"dmean": 2.22311213882e-09, "dmean2": 3.35288752318e-09, "dvar": 1.61114930991e-17, "dvar2": 4.18109690271e-17, "max": 3.23628242381e-29, "mean": -6.17212014831e-09, "median": -5.06029040892e-09, "min": -3.91392163124e-08, "var": 2.25197986165e-17}, "spectral_energy": {"dmean": 0.00919759459794, "dmean2": 0.01362524461, "dvar": 0.000252726225881, "dvar2": 0.000642691971734, "max": 0.149940311909, "mean": 0.0254219751805, "median": 0.0208213366568, "min": 1.0860759466e-20, "var": 0.000373531860532}, "spectral_energyband_high": {"dmean": 0.000971582601778, "dmean2": 0.00129032600671, "dvar": 4.80036760564e-06, "dvar2": 1.0594352716e-05, "max": 0.0466002859175, "mean": 0.00148620130494, "median": 0.000459192757262, "min": 7.59779852135e-21, "var": 7.39316055842e-06}, "spectral_energyband_low": {"dmean": 0.00389507529326, "dmean2": 0.00685005262494, "dvar": 0.000190354126971, "dvar2": 0.000529992801603, "max": 0.141446739435, "mean": 0.00760650075972, "median": 0.00598624954, "min": 4.11138053267e-23, "var": 0.000146890830365}, "spectral_energyband_middle_high": {"dmean": 0.00146810687147, "dmean2": 0.00206422293559, "dvar": 6.46150510875e-06, "dvar2": 1.33852636282e-05, "max": 0.0283932704479, "mean": 0.00333715463057, "median": 0.00200419174507, "min": 1.83321984747e-21, "var": 1.37922006616e-05}, "spectral_energyband_middle_low": {"dmean": 0.00504668941721, "dmean2": 0.00718881702051, "dvar": 5.31451551069e-05, "dvar2": 0.000119320066005, "max": 0.0848962888122, "mean": 0.0141503093764, "median": 0.0110179930925, "min": 3.55702582335e-22, "var": 0.000125244841911}, "spectral_entropy": {"dmean": 0.244751498103, "dmean2": 0.321739256382, "dvar": 0.0986862778664, "dvar2": 0.194106861949, "max": 9.79802513123, "mean": 7.42264890671, "median": 7.53252696991, "min": 3.89749336243, "var": 0.393891066313}, "spectral_flux": {"dmean": 0.0283898878843, "dmean2": 0.0421509481966, "dvar": 0.00156977912411, "dvar2": 0.00334605854005, "max": 0.362214595079, "mean": 0.0703314840794, "median": 0.0538354963064, "min": 1.04214969987e-10, "var": 0.00283786747605}, "spectral_kurtosis": {"dmean": 2.09099984169, "dmean2": 3.33706593513, "dvar": 12.2079620361, "dvar2": 31.5899085999, "max": 76.0206756592, "mean": 4.99178361893, "median": 3.17552709579, "min": -1.17577815056, "var": 25.990240097}, "spectral_rms": {"dmean": 0.000822426984087, "dmean2": 0.00116422423162, "dvar": 1.38964242069e-06, "dvar2": 3.26590611621e-06, "max": 0.0120947603136, "mean": 0.00463568232954, "median": 0.00450704991817, "min": 3.25512880539e-12, "var": 3.31230467054e-06}, "spectral_rolloff": {"dmean": 592.674682617, "dmean2": 964.574645996, "dvar": 1495417.875, "dvar2": 3157607.5, "max": 18927.6855469, "mean": 1475.99194336, "median": 775.1953125, "min": 129.19921875, "var": 2867590}, "spectral_skewness": {"dmean": 0.253635913134, "dmean2": 0.388806223869, "dvar": 0.108703389764, "dvar2": 0.253080517054, "max": 6.92498683929, "mean": 1.6648709774, "median": 1.4725856781, "min": 0.0549945645034, "var": 0.376427859068}, "spectral_spread": {"dmean": 869146.375, "dmean2": 1175945.25, "dvar": 1295098052610.0, "dvar2": 2462497898500.0, "max": 39721160, "mean": 5106630, "median": 5032164.5, "min": 1156798.875, "var": 3159327244290.0}, "spectral_strongpeak": {"dmean": 0.676648437977, "dmean2": 1.1675876379, "dvar": 7.63360738754, "dvar2": 19.7576255798, "max": 56.9523963928, "mean": 1.15698218346, "median": 0.490836173296, "min": 3.42911432583e-09, "var": 9.16825866699}, "zerocrossingrate": {"dmean": 0.0148193147033, "dmean2": 0.0162081066519, "dvar": 0.000356702279532, "dvar2": 0.000464372948045, "max": 0.515625, "mean": 0.0654327720404, "median": 0.056640625, "min": 0.005859375, "var": 0.00177315424662}, "barkbands": {"dmean": [7.90820195107e-06, 0.00117831327952, 0.00271154590882, 0.000704899954144, 0.00217885291204, 0.00109401042573, 0.00147185951937, 0.00145122408867, 0.000512366008479, 0.000376130570658, 0.000199938280275, 0.000225043288083, 0.000179078662768, 0.00023727491498, 0.000245092611294, 0.000193351545022, 0.0002113727096, 0.000104442704469, 0.000135923881317, 0.000141914453707, 0.000139826006489, 0.000151610714965, 0.000150863532326, 0.000239133180003, 0.000111209912575, 0.000160103212693, 3.02567423205e-05], "dmean2": [1.19854576042e-05, 0.00203355727717, 0.00490039214492, 0.0012088008225, 0.00352495885454, 0.00178510521073, 0.00220637698658, 0.00190037745051, 0.000757702509873, 0.000599495309871, 0.000313270604238, 0.000358888151823, 0.000280829844996, 0.00035449618008, 0.000383373146178, 0.000298325554468, 0.000328255875502, 0.000162702956004, 0.000202516079298, 0.000205390591873, 0.000191314102267, 0.000210464902921, 0.000209704332519, 0.000334790209308, 0.000166112353327, 0.000247652526014, 4.71278253826e-05], "dvar": [6.65809740674e-10, 1.28900665004e-05, 0.000106176186819, 2.69444080914e-06, 1.96210858121e-05, 3.43699161931e-06, 5.71740565647e-06, 5.64016590943e-06, 7.42172858281e-07, 5.90704416936e-07, 2.39368716848e-07, 3.18887003914e-07, 1.21409044596e-07, 2.34224486917e-07, 1.56932330242e-07, 1.83659039976e-07, 1.42346550547e-07, 4.08776230643e-08, 5.51048202624e-08, 5.97236535782e-08, 5.24171213101e-08, 7.73055361947e-08, 1.16883775547e-07, 7.69916539411e-07, 1.95700778249e-07, 8.40193706608e-07, 1.26446169091e-08], "dvar2": [1.44100342769e-09, 3.58201323252e-05, 0.000302509462927, 6.99045585861e-06, 5.17029511684e-05, 8.80255629454e-06, 1.23832105601e-05, 1.03689280877e-05, 1.59501200869e-06, 1.4266713606e-06, 5.81700192015e-07, 7.92710977748e-07, 3.04459462086e-07, 4.92177775868e-07, 3.69758538454e-07, 4.13354371176e-07, 3.3183110304e-07, 9.7213103345e-08, 1.23550819353e-07, 1.30321268443e-07, 9.85303856282e-08, 1.53846713147e-07, 2.45010085109e-07, 1.73732291842e-06, 4.95178426263e-07, 2.0526354092e-06, 3.2193938182e-08], "max": [0.000315829034662, 0.0517687760293, 0.101278051734, 0.0218620337546, 0.0463641099632, 0.0258821789175, 0.0442988835275, 0.0459373481572, 0.0125114293769, 0.0118470918387, 0.0102290716022, 0.00929056107998, 0.00615435652435, 0.00888980831951, 0.00612631672993, 0.0085786273703, 0.0070743765682, 0.00259333616123, 0.00243416102603, 0.00473136920482, 0.00265717506409, 0.00304918317124, 0.00724741723388, 0.0137223945931, 0.0128883514553, 0.0250757653266, 0.00221982202493], "mean": [9.02129613678e-06, 0.00246745091863, 0.00414844509214, 0.00161684351042, 0.00332243111916, 0.00238224677742, 0.0023332957644, 0.00315601215698, 0.000980025622994, 0.000582026958, 0.000340591097483, 0.000316197460052, 0.000290823489195, 0.000373508839402, 0.000420956697781, 0.000314196106046, 0.000356002594344, 0.000171593608684, 0.000254160317127, 0.000236556850723, 0.000259528955212, 0.000242471665842, 0.000219231340452, 0.000327212444972, 0.000121750177641, 0.000150362437125, 2.89601521217e-05], "median": [1.19221408568e-06, 0.00163328333292, 0.00202124984935, 0.00148301105946, 0.00183771969751, 0.00118498073425, 0.00105822493788, 0.00124498736113, 0.000403297337471, 0.000194963344256, 0.000115805567475, 9.83849604381e-05, 0.000128764775582, 0.000115227565402, 0.000174680171767, 0.000122060591821, 0.000162503565662, 7.08461302565e-05, 0.00011397896742, 9.34468698688e-05, 8.62895903992e-05, 6.77743519191e-05, 5.80262640142e-05, 5.5051601521e-05, 1.94638414541e-05, 1.48701765283e-05, 2.86940598926e-06], "min": [2.78000389016e-23, 2.91386538162e-23, 2.91087997697e-24, 5.89271247034e-24, 9.15214144805e-23, 2.12819210555e-23, 8.96019644368e-23, 3.61021972393e-23, 7.47312926629e-23, 1.26349692866e-22, 5.43418383485e-23, 5.5108686879e-23, 1.43818632648e-22, 1.43928631412e-22, 2.23390817587e-22, 8.89910705518e-23, 2.0116428924e-22, 2.28258303943e-22, 3.83413561996e-22, 3.9890590665e-22, 3.28902187973e-22, 4.55223077949e-22, 4.95968034005e-22, 7.71905772635e-22, 1.2139404594e-21, 1.82368889313e-21, 2.53580456273e-21], "var": [7.98422827852e-10, 1.35683167173e-05, 7.10497188265e-05, 3.02782768813e-06, 2.12393297261e-05, 9.12359519134e-06, 1.15569246191e-05, 1.97104363906e-05, 2.13723046727e-06, 1.09470727239e-06, 4.16159281258e-07, 3.90776619952e-07, 1.96703979327e-07, 5.24153847437e-07, 3.68655179273e-07, 3.98090463705e-07, 2.80137470554e-07, 6.54318554894e-08, 1.15873319828e-07, 1.16680602957e-07, 1.41832032341e-07, 1.58370355052e-07, 1.68397576772e-07, 1.23631104998e-06, 1.6279659576e-07, 7.23079324416e-07, 1.01128776464e-08]}, "erbbands": {"dmean": [0.0118508180603, 0.370528042316, 2.65463900566, 2.86518526077, 4.52788496017, 8.47734451294, 6.73946094513, 10.5843954086, 16.3951129913, 32.2221641541, 18.8909816742, 13.2278022766, 13.180398941, 8.88643169403, 7.36066150665, 9.73681640625, 8.08972740173, 12.38215065, 13.6344814301, 8.194480896, 11.6958122253, 8.98695755005, 6.47526979446, 6.04599332809, 6.96132707596, 6.80866861343, 5.87463951111, 5.35136985779, 5.65746116638, 4.27919387817, 5.04220914841, 5.11248159409, 3.27356958389, 1.36232924461, 1.03521466255, 0.834305167198, 0.15968310833, 0.0454875156283, 0.0061640702188, 0.000223958821152], "dmean2": [0.019625030458, 0.649840414524, 4.83736753464, 4.75344324112, 7.46750926971, 13.99979496, 10.433713913, 17.2660522461, 25.1590747833, 43.6947097778, 25.8284873962, 18.8652133942, 20.8524723053, 14.1044454575, 11.5930261612, 15.3325433731, 12.5589866638, 18.3645782471, 21.1200294495, 12.4119348526, 17.9504451752, 13.8242950439, 9.98819828033, 9.18921947479, 10.3303022385, 9.78619384766, 8.15745258331, 7.31273603439, 8.01789188385, 5.90557909012, 6.84304904938, 6.70451974869, 5.01131916046, 2.08610773087, 1.53947758675, 1.30072724819, 0.238946914673, 0.0703943967819, 0.00973409507424, 0.000343312509358], "dvar": [0.000851717253681, 1.40756201744, 101.157737732, 71.2071838379, 92.7254333496, 352.951171875, 112.477668762, 381.192718506, 790.50982666, 2394.18676758, 1243.78234863, 499.573028564, 767.896362305, 454.824920654, 279.43069458, 556.321289062, 240.112930298, 615.021728516, 500.416564941, 191.509490967, 496.355804443, 246.849746704, 137.171600342, 119.852027893, 145.936553955, 143.574493408, 90.9165725708, 84.3649902344, 119.470100403, 55.9790687561, 199.585632324, 301.040496826, 303.790313721, 62.0572242737, 14.4196500778, 31.7343845367, 0.138914823532, 0.0354434475303, 0.000788223347627, 4.47175978024e-07], "dvar2": [0.00213234010153, 3.98489260674, 290.214752197, 185.001861572, 235.091644287, 975.36114502, 268.288818359, 976.711853027, 1794.63134766, 4857.04394531, 2345.19165039, 983.443115234, 1840.44787598, 1111.67333984, 706.512573242, 1361.79455566, 593.899719238, 1292.9342041, 1190.640625, 387.63873291, 1187.33068848, 555.357849121, 317.384765625, 265.295715332, 327.149780273, 311.517364502, 173.68421936, 165.275985718, 253.518066406, 112.507522583, 405.677612305, 555.95513916, 789.662597656, 158.526138306, 35.4498825073, 77.9854125977, 0.320852577686, 0.0880528092384, 0.00212372699752, 1.13145620162e-06], "max": [0.430257886648, 15.6755437851, 97.133682251, 100.724121094, 123.890899658, 217.037704468, 269.391204834, 307.56817627, 683.258300781, 910.635437012, 469.103363037, 354.930236816, 445.711853027, 392.306610107, 342.821044922, 403.526397705, 262.724517822, 457.052001953, 356.354949951, 239.962585449, 267.910369873, 258.83972168, 148.713180542, 140.708831787, 149.945098877, 289.302703857, 135.417617798, 100.928276062, 129.540924072, 89.749168396, 360.475738525, 410.580108643, 329.028503418, 232.218902588, 100.599327087, 157.519424438, 5.30252313614, 2.87172174454, 0.725275874138, 0.0158949512988], "mean": [0.0289061069489, 0.735971570015, 4.04723262787, 5.93521356583, 7.17127943039, 11.7825613022, 14.4912786484, 22.9339313507, 27.0135860443, 66.8562545776, 41.4039115906, 28.0005130768, 22.2111568451, 13.2822132111, 12.7353754044, 14.9092607498, 13.8687286377, 20.530248642, 24.1373405457, 15.4134254456, 19.8342380524, 15.4904766083, 10.9518327713, 11.0164499283, 12.6565656662, 11.6039304733, 10.8226833344, 9.60471343994, 8.80620002747, 6.87023258209, 7.65568733215, 7.96973991394, 3.35941410065, 1.39833140373, 1.09237229824, 0.780133962631, 0.167705595493, 0.0433306284249, 0.00570131000131, 0.000240269859205], "median": [0.0207360424101, 0.479040950537, 2.58872628212, 4.70087575912, 4.81346940994, 5.96819925308, 8.08041763306, 10.8206262589, 14.00041008, 34.0215644836, 17.3300285339, 11.657374382, 8.47699832916, 5.41186523438, 4.74991369247, 5.26965475082, 6.50911188126, 7.62223529816, 10.4797744751, 8.06052398682, 9.39509105682, 7.41467523575, 5.18712091446, 4.58328533173, 5.55845069885, 4.5840587616, 3.82997322083, 2.99885773659, 2.58539152145, 1.80883836746, 1.80669939518, 1.40841376781, 0.650101780891, 0.2118165344, 0.149229735136, 0.0757570490241, 0.0241793673486, 0.00489491363987, 0.000526146555785, 4.84203374072e-05], "min": [5.06347020137e-22, 7.50846866975e-21, 8.38219111645e-21, 9.7154665156e-21, 9.11126390783e-20, 3.05292330813e-19, 4.06838237731e-19, 2.50043903725e-19, 1.21880999735e-18, 9.16181007163e-19, 6.97183078833e-19, 1.90504451359e-18, 3.77196303199e-18, 2.87290456011e-18, 2.04191643519e-18, 3.06254336695e-18, 6.8387789936e-18, 5.52333930805e-18, 9.19430772315e-18, 1.11033495871e-17, 6.58965039107e-18, 1.06261515732e-17, 1.07125795395e-17, 1.75793631463e-17, 2.07645908398e-17, 1.72394382367e-17, 1.36071988315e-17, 1.56611544669e-17, 1.58917310626e-17, 1.50040190272e-17, 1.54744697288e-17, 1.17215049675e-17, 1.53700117067e-17, 1.0832935973e-17, 9.98199956044e-18, 7.77049827838e-18, 3.1170343034e-18, 1.32113017117e-18, 3.5076521497e-19, 4.0795840184e-20], "var": [0.00130841927603, 1.30606651306, 67.5288162231, 65.1551589966, 101.040969849, 331.86505127, 367.576141357, 964.16784668, 1469.45422363, 7099.60839844, 3774.32397461, 1687.42138672, 1524.8939209, 590.095581055, 516.763305664, 756.100646973, 400.860046387, 1379.54199219, 1165.95556641, 468.729400635, 847.896972656, 454.891998291, 228.471374512, 250.828231812, 301.685699463, 285.759887695, 240.004852295, 208.869796753, 217.915664673, 122.257713318, 350.241790771, 760.000488281, 232.205200195, 48.5778427124, 12.9589576721, 26.9549636841, 0.143705025315, 0.0284018684179, 0.000561238150112, 3.87925382483e-07]}, "gfcc": {"mean": [1.75662851334, 82.9578552246, -107.493171692, 23.475522995, -66.6448822021, -1.49505150318, -44.0247840881, 1.29443311691, -16.8811702728, 3.05699133873, -18.4969062805, -6.5729227066, -16.0779151917], "cov": [[8582.84375, -2093.7487793, 1187.99523926, 243.024749756, 358.670074463, 676.770446777, 354.670349121, 485.151947021, -145.906555176, 345.473083496, -270.115447998, 257.636627197, -367.669616699], [-2093.7487793, 2078.47509766, -92.2305755615, 262.675262451, 399.698883057, -106.104751587, 161.641586304, 1.88627874851, 243.700042725, -113.051452637, 122.362983704, -164.452407837, 98.7228469849], [1187.99523926, -92.2305755615, 1076.68115234, 227.508605957, 423.273132324, 327.702148438, 201.580780029, 198.346038818, 34.2277793884, 98.6768264771, -91.7401504517, -3.3681306839, -132.028930664], [243.024749756, 262.675262451, 227.508605957, 478.960906982, 199.56300354, 204.890533447, 131.365631104, 47.8737297058, 50.3747138977, -1.73954713345, 22.0776672363, -21.5475788116, -1.06362938881], [358.670074463, 399.698883057, 423.273132324, 199.56300354, 467.903381348, 212.713684082, 212.695495605, 136.96812439, 63.4033317566, 42.2723808289, -41.7813644409, -18.6536407471, -61.6148872375], [676.770446777, -106.104751587, 327.702148438, 204.890533447, 212.713684082, 352.378479004, 146.884262085, 99.0197601318, 10.6549730301, 35.3296775818, -17.0408153534, -4.97187948227, -63.1566123962], [354.670349121, 161.641586304, 201.580780029, 131.365631104, 212.695495605, 146.884262085, 223.493743896, 104.090126038, 34.0468406677, 25.077796936, -29.0916862488, 5.79356193542, -46.0083580017], [485.151947021, 1.88627874851, 198.346038818, 47.8737297058, 136.96812439, 99.0197601318, 104.090126038, 151.832641602, 56.558177948, 53.3458404541, -32.4582061768, -5.53390741348, -52.0787658691], [-145.906555176, 243.700042725, 34.2277793884, 50.3747138977, 63.4033317566, 10.6549730301, 34.0468406677, 56.558177948, 125.368797302, 29.4226913452, 14.1113119125, -46.2373771667, -6.45650434494], [345.473083496, -113.051452637, 98.6768264771, -1.73954713345, 42.2723808289, 35.3296775818, 25.077796936, 53.3458404541, 29.4226913452, 97.8372879028, -5.04445743561, 5.41711235046, -24.778137207], [-270.115447998, 122.362983704, -91.7401504517, 22.0776672363, -41.7813644409, -17.0408153534, -29.0916862488, -32.4582061768, 14.1113119125, -5.04445743561, 111.209754944, 3.74531841278, 26.7102165222], [257.636627197, -164.452407837, -3.3681306839, -21.5475788116, -18.6536407471, -4.97187948227, 5.79356193542, -5.53390741348, -46.2373771667, 5.41711235046, 3.74531841278, 101.63483429, 6.98990917206], [-367.669616699, 98.7228469849, -132.028930664, -1.06362938881, -61.6148872375, -63.1566123962, -46.0083580017, -52.0787658691, -6.45650434494, -24.778137207, 26.7102165222, 6.98990917206, 99.0090103149]], "icov": [[0.000245083851041, 0.000199117741431, -3.21424558933e-05, -0.000161549425684, -5.93023905822e-05, -3.67727916455e-05, -3.24964603351e-05, -0.000446754769655, 0.000167802441865, -0.000269271142315, 0.000122361248941, -0.000303210777929, 0.000288473296678], [0.000199117741431, 0.00199274439365, 0.000205420903512, -0.000355906959157, -0.002364363987, 0.00161179585848, -0.00111368868966, 0.000493619299959, -0.00226769875735, 0.00212409580126, -0.00169503490906, 0.00136810773984, -0.000934174808208], [-3.21424558933e-05, 0.000205420903512, 0.00196196977049, -0.000353370647645, -0.00148424552754, -0.000459875445813, 0.000607013294939, -0.00068771635415, 0.000236560299527, -0.000468640850158, 0.000478896079585, 0.000100137192931, 0.000753504980821], [-0.000161549425684, -0.000355906959157, -0.000353370647645, 0.00361960427836, -8.25911702123e-05, -0.00181420741137, -0.000899140548427, 0.00123832456302, -0.00106795260217, 0.000756361230742, -0.000704649311956, 0.0001971929305, -0.00135666993447], [-5.93023905822e-05, -0.002364363987, -0.00148424552754, -8.25911702123e-05, 0.00818176567554, -0.00251982989721, -0.00174490362406, -0.00133262050804, 0.00194899179041, -0.00259151705541, 0.00252926233225, -0.00147604686208, 0.00103006931022], [-3.67727916455e-05, 0.00161179585848, -0.000459875445813, -0.00181420741137, -0.00251982989721, 0.00730551313609, -0.00226476811804, -0.000583733664826, -2.59864009422e-05, 0.00159492099192, -0.00253974553198, 0.00227118004113, 0.000278352556052], [-3.24964603351e-05, -0.00111368868966, 0.000607013294939, -0.000899140548427, -0.00174490362406, -0.00226476811804, 0.0110023804009, -0.00431571016088, 0.00130268093199, -0.0003881532175, 0.00192801177036, -0.00276243383996, 0.00176436069887], [-0.000446754769655, 0.000493619299959, -0.00068771635415, 0.00123832456302, -0.00133262050804, -0.000583733664826, -0.00431571016088, 0.01734283939, -0.00746623286977, -0.00197588722222, 0.0014048430603, -0.000359897530871, 0.00152526958846], [0.000167802441865, -0.00226769875735, 0.000236560299527, -0.00106795260217, 0.00194899179041, -2.59864009422e-05, 0.00130268093199, -0.00746623286977, 0.0180043857545, -0.00608648918569, -0.000641743827146, 0.00406004954129, 0.000600040599238], [-0.000269271142315, 0.00212409580126, -0.000468640850158, 0.000756361230742, -0.00259151705541, 0.00159492099192, -0.0003881532175, -0.00197588722222, -0.00608648918569, 0.017287524417, -0.00320157478563, 0.000262171961367, -0.000775062071625], [0.000122361248941, -0.00169503490906, 0.000478896079585, -0.000704649311956, 0.00252926233225, -0.00253974553198, 0.00192801177036, 0.0014048430603, -0.000641743827146, -0.00320157478563, 0.0131667926908, -0.00350122665986, 0.000216388187255], [-0.000303210777929, 0.00136810773984, 0.000100137192931, 0.0001971929305, -0.00147604686208, 0.00227118004113, -0.00276243383996, -0.000359897530871, 0.00406004954129, 0.000262171961367, -0.00350122665986, 0.0150187751278, -0.0030826497823], [0.000288473296678, -0.000934174808208, 0.000753504980821, -0.00135666993447, 0.00103006931022, 0.000278352556052, 0.00176436069887, 0.00152526958846, 0.000600040599238, -0.000775062071625, 0.000216388187255, -0.0030826497823, 0.0155382109806]]}, "melbands": {"dmean": [0.000209912395803, 0.0010766829364, 0.000485312979436, 0.000526084855665, 0.000245604693191, 0.000226185453357, 0.000274531164905, 0.000360001053195, 0.000133939829539, 8.10505298432e-05, 6.50818547001e-05, 3.58682991646e-05, 2.40159934037e-05, 2.96874441119e-05, 1.63837466971e-05, 1.94980839296e-05, 2.54722453974e-05, 2.12980157812e-05, 1.47341643242e-05, 1.41428545248e-05, 1.48018834807e-05, 1.15578241093e-05, 6.73165732223e-06, 5.11797634317e-06, 5.22563868799e-06, 5.16993941346e-06, 4.75701972391e-06, 5.0477460718e-06, 3.84885515814e-06, 3.79160360353e-06, 3.08686253447e-06, 3.50968934981e-06, 2.80508902506e-06, 2.23780625674e-06, 2.51921028394e-06, 4.22366247221e-06, 2.75919501291e-06, 2.03922763831e-06, 2.14024498746e-06, 8.80392065028e-07], "dmean2": [0.000356351287337, 0.00194399303291, 0.000808921584394, 0.000871438242029, 0.000382508704206, 0.000369829387637, 0.000415708287619, 0.000481272261823, 0.000186002522241, 0.000118272713735, 0.000103806843981, 5.73079923925e-05, 3.8031481381e-05, 4.75941087643e-05, 2.56701332546e-05, 3.05565226881e-05, 3.78867480322e-05, 3.30688963004e-05, 2.29199540627e-05, 2.14957181015e-05, 2.31521826208e-05, 1.80126917257e-05, 1.06616435005e-05, 8.01551686891e-06, 8.07301330497e-06, 7.9432502389e-06, 7.05910179022e-06, 7.47937065171e-06, 5.63333242098e-06, 5.31147043148e-06, 4.37953985966e-06, 5.19643344887e-06, 3.98912516175e-06, 3.17617718792e-06, 3.58616193807e-06, 5.38799758942e-06, 3.85410885428e-06, 3.09702750201e-06, 3.42749490301e-06, 1.3458925423e-06], "dvar": [3.55934247409e-07, 1.58764323714e-05, 1.79375786047e-06, 1.43254248997e-06, 1.36053074584e-07, 1.68279370882e-07, 2.04484337019e-07, 3.12058574536e-07, 6.81600482721e-08, 1.80746067002e-08, 1.93111855396e-08, 7.35279614972e-09, 3.00768054906e-09, 5.82809889238e-09, 9.56458023893e-10, 1.7224855986e-09, 2.7800668434e-09, 1.18966747564e-09, 5.779849932e-10, 9.98967464305e-10, 7.69569075132e-10, 4.65930183324e-10, 1.27321736487e-10, 1.0841361836e-10, 9.16951306551e-11, 9.19875287053e-11, 7.05127206624e-11, 9.16410974883e-11, 4.30009673702e-11, 4.27734410391e-11, 3.10262197878e-11, 5.18574662378e-11, 2.70087754245e-11, 1.53585043988e-11, 2.87968208307e-11, 3.28163607399e-10, 1.10229200767e-10, 8.08139249964e-11, 2.18586482248e-10, 2.25511363056e-11], "dvar2": [9.75845296125e-07, 4.53771572211e-05, 4.68534426545e-06, 3.82510097552e-06, 3.28185109311e-07, 4.28088554827e-07, 4.55535570154e-07, 6.08013806414e-07, 1.28647968722e-07, 3.79876681222e-08, 4.65256491111e-08, 1.80988202203e-08, 7.60940643829e-09, 1.48231391606e-08, 2.28365371058e-09, 4.30642765892e-09, 5.72261926735e-09, 2.84570123021e-09, 1.34229805049e-09, 1.99568495063e-09, 1.89533611028e-09, 1.0783749449e-09, 2.99743202481e-10, 2.62248722738e-10, 2.0715666682e-10, 2.19128756807e-10, 1.64118593715e-10, 2.08595876683e-10, 9.04437635896e-11, 8.46130665533e-11, 6.45597533766e-11, 1.18686629969e-10, 5.55035600813e-11, 3.10502179524e-11, 6.02091640434e-11, 5.75149872173e-10, 2.48308207329e-10, 2.08181208383e-10, 5.68971758597e-10, 5.73970211637e-11], "max": [0.00892901420593, 0.0402576178312, 0.0152372913435, 0.0118697006255, 0.00732695963234, 0.00592977274209, 0.00978469848633, 0.010946650058, 0.00360104395077, 0.0021966889035, 0.00221787136979, 0.00146519276313, 0.00092418625718, 0.00132922991179, 0.000409453816246, 0.000787415716331, 0.00104202528019, 0.000508248456754, 0.000315564044286, 0.000798620807473, 0.00043450348312, 0.000361284328392, 0.00013866883819, 0.000128176761791, 0.000128957239212, 0.000108192136395, 9.04009284568e-05, 0.000262150075287, 9.65032304521e-05, 7.27799124434e-05, 8.70937947184e-05, 8.79581129993e-05, 6.61761223455e-05, 5.00030837429e-05, 0.000100616460259, 0.000516237632837, 0.000324040389387, 0.000169449645909, 0.000243880975177, 0.000146501988638], "mean": [0.000470843631774, 0.00180169800296, 0.0010501787765, 0.00070534972474, 0.000525278563146, 0.000483278592583, 0.000443067227025, 0.00077039556345, 0.000291511329124, 0.000162635813467, 0.000104736587673, 5.04020863445e-05, 4.06536128139e-05, 4.23052988481e-05, 2.73567311524e-05, 3.11650146614e-05, 4.01996803703e-05, 3.67840475519e-05, 2.55112281593e-05, 2.40310291701e-05, 2.41694506258e-05, 1.87813257071e-05, 1.09260099634e-05, 8.32173554954e-06, 8.94298955245e-06, 8.81927098817e-06, 8.10857363831e-06, 7.84810345067e-06, 6.61379999656e-06, 6.69397786623e-06, 5.12834049005e-06, 5.17418129675e-06, 4.27198483521e-06, 3.50725122189e-06, 3.62104105989e-06, 6.96393408361e-06, 3.81303880204e-06, 2.13283578887e-06, 1.94862832359e-06, 9.38065909395e-07], "median": [0.00033756357152, 0.00130948144943, 0.000868620059919, 0.000356660457328, 0.000315114943078, 0.000239346263697, 0.000214103114558, 0.000382457335945, 0.00011549986084, 6.8809822551e-05, 3.5859298805e-05, 1.91055223695e-05, 1.45145941133e-05, 1.49710149344e-05, 1.19820097098e-05, 1.29983327497e-05, 1.18924863273e-05, 1.65093388205e-05, 1.14689673865e-05, 8.92917705642e-06, 1.08747772174e-05, 7.9995706983e-06, 5.39383063369e-06, 3.26408439832e-06, 3.39649682246e-06, 3.43457190866e-06, 3.5170423871e-06, 2.68634130407e-06, 2.41086445385e-06, 1.85097007943e-06, 1.44111913869e-06, 1.45352464642e-06, 1.12694522159e-06, 9.10236451546e-07, 8.98678592876e-07, 9.89458158074e-07, 7.10588665243e-07, 4.43305395947e-07, 2.19583881744e-07, 1.3528818954e-07], "min": [7.69239489039e-24, 7.02790816207e-24, 3.42528650972e-24, 1.3545896635e-23, 1.66096683078e-23, 4.91160616252e-24, 1.90384432395e-23, 9.65297850827e-24, 5.53861134822e-24, 1.24386325358e-23, 1.93462457207e-23, 1.24358447013e-23, 6.65169881865e-24, 5.98068032203e-24, 1.13262850169e-23, 1.4705321795e-23, 9.01721183893e-24, 1.42276507397e-23, 1.8318792257e-23, 9.66814041487e-24, 7.0815593811e-24, 1.05254807576e-23, 1.10926812147e-23, 1.105563394e-23, 1.40925267552e-23, 1.56748397361e-23, 1.32287193308e-23, 1.10978474648e-23, 9.84256544962e-24, 7.56622605493e-24, 8.92569056329e-24, 8.01748131399e-24, 1.02361376216e-23, 7.69192315157e-24, 8.73827614487e-24, 7.86727352017e-24, 6.69851613565e-24, 1.08234272106e-23, 9.31313880802e-24, 9.23933692604e-24], "var": [4.11113092014e-07, 1.11448553071e-05, 1.64519178725e-06, 1.32965521971e-06, 3.78865792072e-07, 4.00862489869e-07, 4.00729675221e-07, 1.01752686987e-06, 2.07725861401e-07, 5.45300693489e-08, 3.71792268083e-08, 9.17925202515e-09, 5.19751397476e-09, 6.71968036769e-09, 1.60705826424e-09, 2.70685363013e-09, 6.6027041612e-09, 2.60181476364e-09, 1.25484611591e-09, 2.89402990461e-09, 1.25181376376e-09, 8.40444658312e-10, 2.09313455457e-10, 1.61627641826e-10, 1.85092066673e-10, 1.65496644167e-10, 1.24837057358e-10, 1.62623595146e-10, 9.56203380365e-11, 1.04360950437e-10, 6.88066201238e-11, 8.45101141844e-11, 5.125251612e-11, 3.29284134681e-11, 4.41045741595e-11, 8.96458629551e-10, 1.508306674e-10, 6.4063782057e-11, 1.63128954789e-10, 1.79377381004e-11]}, "mfcc": {"mean": [-646.949157715, 118.971313477, 7.03197813034, 21.9901161194, -3.28562831879, -1.63409471512, -17.0986232758, -6.00735092163, -5.00567340851, 5.47319746017, -4.82278299332, 2.30322694778, -3.95097160339], "cov": [[7464.35644531, -1495.18371582, 452.465820312, 65.1346664429, 96.9907913208, 403.124572754, 406.034912109, 359.371429443, 206.157562256, 172.280059814, 176.535446167, 140.455154419, 149.437484741], [-1495.18371582, 1551.36633301, -53.6998062134, 315.200714111, 259.24621582, 38.2122650146, 65.8767089844, 105.451530457, 130.6300354, 129.176925659, 74.5194396973, 69.4101104736, 17.2508621216], [452.465820312, -53.6998062134, 607.387573242, 164.598999023, 251.223266602, 210.5418396, 179.5131073, 133.517623901, 122.251083374, 121.181083679, 67.0922851562, 52.8230323792, 24.1295166016], [65.1346664429, 315.200714111, 164.598999023, 361.345733643, 185.573806763, 153.272689819, 121.989990234, 122.714370728, 106.163116455, 68.4085464478, 57.2774887085, 46.4125976562, 44.8102378845], [96.9907913208, 259.24621582, 251.223266602, 185.573806763, 312.163879395, 191.100662231, 163.034881592, 123.142486572, 118.939369202, 115.346183777, 67.7876052856, 51.1224403381, 29.7080230713], [403.124572754, 38.2122650146, 210.5418396, 153.272689819, 191.100662231, 284.565124512, 202.220611572, 153.564361572, 96.8153381348, 81.5155258179, 65.9233169556, 28.6830120087, 35.2906112671], [406.034912109, 65.8767089844, 179.5131073, 121.989990234, 163.034881592, 202.220611572, 249.027877808, 153.511627197, 96.9089431763, 72.8458023071, 61.5583152771, 31.9243965149, 28.9545936584], [359.371429443, 105.451530457, 133.517623901, 122.714370728, 123.142486572, 153.564361572, 153.511627197, 204.312805176, 91.2795333862, 75.1051330566, 52.8123435974, 42.5569343567, 28.4903831482], [206.157562256, 130.6300354, 122.251083374, 106.163116455, 118.939369202, 96.8153381348, 96.9089431763, 91.2795333862, 184.760391235, 90.4491195679, 76.0258102417, 8.09060192108, 21.8267669678], [172.280059814, 129.176925659, 121.181083679, 68.4085464478, 115.346183777, 81.5155258179, 72.8458023071, 75.1051330566, 90.4491195679, 175.255111694, 69.9253463745, 46.072479248, 3.89021253586], [176.535446167, 74.5194396973, 67.0922851562, 57.2774887085, 67.7876052856, 65.9233169556, 61.5583152771, 52.8123435974, 76.0258102417, 69.9253463745, 108.245353699, 27.8147621155, 25.0517082214], [140.455154419, 69.4101104736, 52.8230323792, 46.4125976562, 51.1224403381, 28.6830120087, 31.9243965149, 42.5569343567, 8.09060192108, 46.072479248, 27.8147621155, 108.30872345, 33.3724594116], [149.437484741, 17.2508621216, 24.1295166016, 44.8102378845, 29.7080230713, 35.2906112671, 28.9545936584, 28.4903831482, 21.8267669678, 3.89021253586, 25.0517082214, 33.3724594116, 78.9195327759]], "icov": [[0.000225495066843, 0.000289005314698, 4.66672645416e-05, -7.64526193962e-05, 4.15074173361e-05, 2.62138692051e-05, -0.000178157628397, -0.000239306784351, -0.000133249253849, -0.000131276159664, -0.000108955071482, -0.000200224123546, -0.000174030603375], [0.000289005314698, 0.00144462916069, 0.000720418756828, -0.000913737108931, -0.00114926462993, 0.000892696320079, -0.000187515877769, -0.000567007053178, -0.000303739536321, -0.000448524777312, -0.00028449689853, -0.00042645202484, 0.000119207063108], [4.66672645416e-05, 0.000720418756828, 0.00307169300504, -0.000526528863702, -0.00202243519016, -0.000229401368415, -0.000346088403603, -6.27075933153e-05, -0.000481642084196, -0.000572242483031, 0.000180463364813, -0.000564516463783, 0.00047030983842], [-7.64526193962e-05, -0.000913737108931, -0.000526528863702, 0.00518167903647, -0.00089946895605, -0.00143693760037, 0.000662527862005, -0.000785947369877, -0.000909224327188, 0.000943295483012, 0.000168531376403, -0.000399753917009, -0.00109433731996], [4.15074173361e-05, -0.00114926462993, -0.00202243519016, -0.00089946895605, 0.00960457231849, -0.00324147427455, -0.00138240202796, 0.00125387660228, -0.00122836744413, -0.00162888143677, 0.000822814123239, -0.00107140059117, -0.000197879824555], [2.62138692051e-05, 0.000892696320079, -0.000229401368415, -0.00143693760037, -0.00324147427455, 0.0115376897156, -0.00517489155754, -0.00256836717017, 0.00118237070274, -0.000542956753634, -0.00126231170725, 0.00196834234521, -0.0012039655121], [-0.000178157628397, -0.000187515877769, -0.000346088403603, 0.000662527862005, -0.00138240202796, -0.00517489155754, 0.0119382124394, -0.0038795794826, -0.000790211488493, 0.00103581207804, -0.000792251899838, -3.5920584196e-05, 0.000397158291889], [-0.000239306784351, -0.000567007053178, -6.27075933153e-05, -0.000785947369877, 0.00125387660228, -0.00256836717017, -0.0038795794826, 0.011511371471, -0.00185507244896, -0.000836904102471, 0.000946358952206, -0.00202898308635, 9.86053128145e-05], [-0.000133249253849, -0.000303739536321, -0.000481642084196, -0.000909224327188, -0.00122836744413, 0.00118237070274, -0.000790211488493, -0.00185507244896, 0.0111592710018, -0.00269832578488, -0.0041895150207, 0.00406221114099, -0.00146568170749], [-0.000131276159664, -0.000448524777312, -0.000572242483031, 0.000943295483012, -0.00162888143677, -0.000542956753634, 0.00103581207804, -0.000836904102471, -0.00269832578488, 0.0111336819828, -0.00369890336879, -0.00341945956461, 0.00358163472265], [-0.000108955071482, -0.00028449689853, 0.000180463364813, 0.000168531376403, 0.000822814123239, -0.00126231170725, -0.000792251899838, 0.000946358952206, -0.0041895150207, -0.00369890336879, 0.0159944947809, -0.00137748126872, -0.00283228070475], [-0.000200224123546, -0.00042645202484, -0.000564516463783, -0.000399753917009, -0.00107140059117, 0.00196834234521, -3.5920584196e-05, -0.00202898308635, 0.00406221114099, -0.00341945956461, -0.00137748126872, 0.0141629679129, -0.00536601431668], [-0.000174030603375, 0.000119207063108, 0.00047030983842, -0.00109433731996, -0.000197879824555, -0.0012039655121, 0.000397158291889, 9.86053128145e-05, -0.00146568170749, 0.00358163472265, -0.00283228070475, -0.00536601431668, 0.0172807183117]]}, "spectral_contrast_coeffs": {"dmean": [0.0469729602337, 0.0488760992885, 0.0390215627849, 0.0318880751729, 0.024780349806, 0.0181790720671], "dmean2": [0.0768151432276, 0.0771212801337, 0.0621113739908, 0.0511395633221, 0.0386468544602, 0.0280176997185], "dvar": [0.00202112388797, 0.00175691663753, 0.00121824780945, 0.000904640473891, 0.000606295710895, 0.000297336810036], "dvar2": [0.00501144072041, 0.00411205459386, 0.00284959655255, 0.00199379050173, 0.0012987627415, 0.000669229542837], "max": [-0.245600789785, -0.400068998337, -0.521784126759, -0.555439651012, -0.571855068207, -0.607377827168], "mean": [-0.583175480366, -0.681980252266, -0.750873744488, -0.76264756918, -0.771252810955, -0.754794478416], "median": [-0.609833359718, -0.683284342289, -0.758053421974, -0.772161245346, -0.782396376133, -0.753061294556], "min": [-0.958878099918, -0.964501976967, -0.959998488426, -0.965684950352, -0.959250807762, -0.959755420685], "var": [0.00958098657429, 0.00692692166194, 0.00484257563949, 0.00438154488802, 0.00300347618759, 0.00133541040123]}, "spectral_contrast_valleys": {"dmean": [0.47724711895, 0.419284790754, 0.412259578705, 0.400041162968, 0.405820697546, 0.567547440529], "dmean2": [0.748821079731, 0.643720984459, 0.626799881458, 0.586395978928, 0.533255696297, 0.68519115448], "dvar": [0.363514721394, 0.206033423543, 0.256695061922, 0.294792741537, 0.313573569059, 0.467273175716], "dvar2": [0.678963005543, 0.349214404821, 0.440719902515, 0.487081199884, 0.521434783936, 0.854498803616], "max": [-5.5181517601, -4.5661110878, -5.18441390991, -5.777