{"lowlevel": {"average_loudness": 0.943179190159, "barkbands_crest": {"dmean": 3.88732457161, "dmean2": 6.22084522247, "dvar": 12.1314134598, "dvar2": 30.3872833252, "max": 26.7165145874, "mean": 16.9536342621, "median": 17.6908397675, "min": 2.07670807838, "var": 29.0311870575}, "barkbands_flatness_db": {"dmean": 0.0614071153104, "dmean2": 0.0941436737776, "dvar": 0.00341808702797, "dvar2": 0.00755711598322, "max": 0.877554953098, "mean": 0.256720393896, "median": 0.234353736043, "min": 0.0203687865287, "var": 0.0165726840496}, "barkbands_kurtosis": {"dmean": 49.1319732666, "dmean2": 78.0485610962, "dvar": 8451.25878906, "dvar2": 20663.7167969, "max": 1831.88598633, "mean": 65.1797027588, "median": 25.5349674225, "min": -1.95810818672, "var": 11757.78125}, "barkbands_skewness": {"dmean": 2.35678434372, "dmean2": 3.62035918236, "dvar": 6.80817270279, "dvar2": 15.5578460693, "max": 31.3858795166, "mean": 5.35275840759, "median": 4.52022647858, "min": -3.60546588898, "var": 16.6689434052}, "barkbands_spread": {"dmean": 10.2567558289, "dmean2": 16.9191207886, "dvar": 272.835296631, "dvar2": 653.699584961, "max": 124.598052979, "mean": 14.4519815445, "median": 6.6913022995, "min": 0.0682374238968, "var": 421.726501465}, "dissonance": {"dmean": 0.020010786131, "dmean2": 0.0326563343406, "dvar": 0.000620932783931, "dvar2": 0.00153337721713, "max": 0.500000119209, "mean": 0.458873599768, "median": 0.475776463747, "min": 0.0672627463937, "var": 0.00291048106737}, "dynamic_complexity": 2.72423958778, "erbbands_crest": {"dmean": 3.28753256798, "dmean2": 5.27762460709, "dvar": 10.4475421906, "dvar2": 25.9669895172, "max": 32.4370269775, "mean": 9.86121177673, "median": 8.7048034668, "min": 1.9955958128, "var": 27.3595161438}, "erbbands_flatness_db": {"dmean": 0.0288504529744, "dmean2": 0.0434065982699, "dvar": 0.000968607433606, "dvar2": 0.00215078867041, "max": 0.572671890259, "mean": 0.141742199659, "median": 0.120381347835, "min": 0.0291861593723, "var": 0.00661470927298}, "erbbands_kurtosis": {"dmean": 3.59286665916, "dmean2": 5.69302797318, "dvar": 49.5381660461, "dvar2": 115.024162292, "max": 187.255508423, "mean": 3.52923107147, "median": 0.115783214569, "min": -1.92959082127, "var": 99.7308807373}, "erbbands_skewness": {"dmean": 0.825903356075, "dmean2": 1.20580983162, "dvar": 0.882187128067, "dvar2": 1.90777623653, "max": 9.9776096344, "mean": 0.744568824768, "median": 0.478659778833, "min": -6.25421190262, "var": 2.65918493271}, "erbbands_spread": {"dmean": 21.6318302155, "dmean2": 32.9673576355, "dvar": 544.622741699, "dvar2": 1213.61779785, "max": 209.854141235, "mean": 61.2989082336, "median": 55.7657432556, "min": 0.452086955309, "var": 1447.67797852}, "hfc": {"dmean": 22.0224704742, "dmean2": 35.5836181641, "dvar": 2197.91210938, "dvar2": 5558.37158203, "max": 464.82723999, "mean": 29.1225376129, "median": 12.9480981827, "min": 1.14219918013e-16, "var": 2269.35107422}, "melbands_crest": {"dmean": 4.56360435486, "dmean2": 7.00700712204, "dvar": 14.9132461548, "dvar2": 36.2133598328, "max": 38.8303527832, "mean": 22.86743927, "median": 22.9490470886, "min": 2.07348060608, "var": 43.6006355286}, "melbands_flatness_db": {"dmean": 0.0700822919607, "dmean2": 0.107907168567, "dvar": 0.00470919255167, "dvar2": 0.0103733306751, "max": 1, "mean": 0.362600922585, "median": 0.343977838755, "min": 0.00471919635311, "var": 0.0227737762034}, "melbands_kurtosis": {"dmean": 91.3174514771, "dmean2": 145.146270752, "dvar": 19281.4707031, "dvar2": 45316.9453125, "max": 2580.21459961, "mean": 143.902618408, "median": 72.945602417, "min": -1.68193328381, "var": 35898.90625}, "melbands_skewness": {"dmean": 2.88728761673, "dmean2": 4.51166152954, "dvar": 9.770403862, "dvar2": 22.9171638489, "max": 38.2002067566, "mean": 7.5984172821, "median": 6.50000667572, "min": -3.66992259026, "var": 26.49376297}, "melbands_spread": {"dmean": 7.59578800201, "dmean2": 12.9324073792, "dvar": 289.076660156, "dvar2": 731.734619141, "max": 201.653060913, "mean": 10.4135255814, "median": 3.42029738426, "min": 0.0550912544131, "var": 466.865386963}, "pitch_salience": {"dmean": 0.119740597904, "dmean2": 0.189233183861, "dvar": 0.0128023428842, "dvar2": 0.0318786464632, "max": 0.934930682182, "mean": 0.381497859955, "median": 0.366839498281, "min": 0.00536648882553, "var": 0.0280382148921}, "silence_rate_20dB": {"dmean": 0.0194532070309, "dmean2": 0.0389098227024, "dvar": 0.0190764721483, "dvar2": 0.0468635857105, "max": 1, "mean": 0.9839656353, "median": 1, "min": 0, "var": 0.0157780032605}, "silence_rate_30dB": {"dmean": 0.184367328882, "dmean2": 0.368766993284, "dvar": 0.15036277473, "dvar2": 0.285702705383, "max": 1, "mean": 0.686935961246, "median": 1, "min": 0, "var": 0.215054288507}, "silence_rate_60dB": {"dmean": 0.0105152474716, "dmean2": 0.0209447033703, "dvar": 0.0104024605826, "dvar2": 0.0243623666465, "max": 1, "mean": 0.0263734329492, "median": 0, "min": 0, "var": 0.0256779678166}, "spectral_centroid": {"dmean": 467.65335083, "dmean2": 708.387573242, "dvar": 428073.8125, "dvar2": 871096.8125, "max": 11297.5615234, "mean": 1075.46923828, "median": 712.222717285, "min": 44.8909187317, "var": 1010314.9375}, "spectral_complexity": {"dmean": 5.42884683609, "dmean2": 8.67066860199, "dvar": 56.6564407349, "dvar2": 125.706817627, "max": 56, "mean": 11.1440458298, "median": 8, "min": 0, "var": 102.333709717}, "spectral_decrease": {"dmean": 1.31652626578e-08, "dmean2": 1.97205149988e-08, "dvar": 2.47723652801e-16, "dvar2": 5.68881885755e-16, "max": -1.104822833e-28, "mean": -2.33389574333e-08, "median": -1.68425859925e-08, "min": -1.42900645983e-07, "var": 4.73272618317e-16}, "spectral_energy": {"dmean": 0.050645917654, "dmean2": 0.0757041200995, "dvar": 0.00361724756658, "dvar2": 0.00822349917144, "max": 0.543141305447, "mean": 0.090728148818, "median": 0.0660264492035, "min": 1.077705832e-20, "var": 0.00691022537649}, "spectral_energyband_high": {"dmean": 0.002262866823, "dmean2": 0.00381823722273, "dvar": 3.62846221833e-05, "dvar2": 9.41513426369e-05, "max": 0.0570026859641, "mean": 0.00218780012801, "median": 0.000350891641574, "min": 7.90860275079e-21, "var": 3.04793647956e-05}, "spectral_energyband_low": {"dmean": 0.0485782250762, "dmean2": 0.0739260390401, "dvar": 0.00363415875472, "dvar2": 0.00849449168891, "max": 0.527692198753, "mean": 0.0787083283067, "median": 0.0550942458212, "min": 1.4851438714e-22, "var": 0.00652280123904}, "spectral_energyband_middle_high": {"dmean": 0.00130150478799, "dmean2": 0.00213248422369, "dvar": 5.24088727616e-06, "dvar2": 1.30353828354e-05, "max": 0.0246707405895, "mean": 0.0018930969527, "median": 0.000730044557713, "min": 1.63715491921e-21, "var": 8.20941568236e-06}, "spectral_energyband_middle_low": {"dmean": 0.00720931123942, "dmean2": 0.0121356323361, "dvar": 0.000216657790588, "dvar2": 0.000595217861701, "max": 0.1597302109, "mean": 0.00990260951221, "median": 0.00485610961914, "min": 2.92958100547e-22, "var": 0.000206611832255}, "spectral_entropy": {"dmean": 0.387726247311, "dmean2": 0.579658031464, "dvar": 0.198360592127, "dvar2": 0.419433563948, "max": 9.78824424744, "mean": 7.30003595352, "median": 7.53843784332, "min": 2.86231637001, "var": 1.01686024666}, "spectral_flux": {"dmean": 0.0675578638911, "dmean2": 0.104547582567, "dvar": 0.00461910385638, "dvar2": 0.0103884804994, "max": 0.566181898117, "mean": 0.148382931948, "median": 0.125108674169, "min": 1.03812611285e-10, "var": 0.00960020907223}, "spectral_kurtosis": {"dmean": 9.47349357605, "dmean2": 16.10912323, "dvar": 3220.79492188, "dvar2": 9451.921875, "max": 1504.09326172, "mean": 14.2771892548, "median": 2.89459276199, "min": -1.33938908577, "var": 4744.43896484}, "spectral_rms": {"dmean": 0.00251357420348, "dmean2": 0.00366846565157, "dvar": 5.94614130023e-06, "dvar2": 1.3223413589e-05, "max": 0.023019425571, "mean": 0.00850568898022, "median": 0.00802596099675, "min": 3.24256116749e-12, "var": 1.61688949447e-05}, "spectral_rolloff": {"dmean": 636.493896484, "dmean2": 1149.13647461, "dvar": 2803647, "dvar2": 6953326, "max": 18174.0234375, "mean": 876.621398926, "median": 129.19921875, "min": 21.533203125, "var": 5313953.5}, "spectral_skewness": {"dmean": 0.555452942848, "dmean2": 0.856163144112, "dvar": 1.46627390385, "dvar2": 3.96881437302, "max": 33.8755569458, "mean": 2.01081681252, "median": 1.42664182186, "min": -0.0233748145401, "var": 6.52125501633}, "spectral_spread": {"dmean": 1197120.875, "dmean2": 1732800.375, "dvar": 1762378776580.0, "dvar2": 3771495350270.0, "max": 39737044, "mean": 6353848, "median": 6146842, "min": 81958.390625, "var": 6191089975300.0}, "spectral_strongpeak": {"dmean": 0.302351057529, "dmean2": 0.499298036098, "dvar": 0.139141693711, "dvar2": 0.344788074493, "max": 6.25059747696, "mean": 0.602943181992, "median": 0.525027513504, "min": 0, "var": 0.232783362269}, "zerocrossingrate": {"dmean": 0.0157004762441, "dmean2": 0.0198182873428, "dvar": 0.00043531312258, "dvar2": 0.00058270082809, "max": 0.50048828125, "mean": 0.0425898209214, "median": 0.0244140625, "min": 0, "var": 0.0032355140429}, "barkbands": {"dmean": [0.00283525604755, 0.0430619269609, 0.00959428492934, 0.00326329306699, 0.00262277503498, 0.00111463072244, 0.000631157949101, 0.000461592921056, 0.000364017760148, 0.000262078188825, 0.000205178221222, 0.000183651558473, 0.000157502261573, 0.000129524138174, 0.000140578704304, 0.00015096453717, 9.86141312751e-05, 0.000104847284092, 0.000155562636792, 0.000241362664383, 0.000857026781887, 0.000184011616511, 0.000220222005737, 0.00044625607552, 0.00020073390624, 0.000177543290192, 0.00013641671103], "dmean2": [0.00382768781856, 0.0658444464207, 0.0168935004622, 0.00572338374332, 0.0045140129514, 0.00183277018368, 0.000882084947079, 0.000814150029328, 0.000630692054983, 0.000424540019594, 0.000351152557414, 0.000298357597785, 0.000253684353083, 0.000224529765546, 0.000242132126004, 0.000263023452135, 0.000169054517755, 0.000181661569513, 0.000271053111646, 0.000417220784584, 0.0015230497811, 0.000309725262923, 0.000372588139726, 0.000725046556909, 0.000337878591381, 0.000297638005577, 0.000237709071371], "dvar": [9.87144176179e-06, 0.00318979495205, 0.000473096413771, 4.83673720737e-05, 4.17092815042e-05, 6.3662496359e-06, 3.33949742526e-06, 2.38340476244e-06, 1.59673538747e-06, 4.15768823814e-07, 3.81130718097e-07, 3.72668665705e-07, 1.68509430409e-07, 8.62476383645e-08, 9.40943749583e-08, 1.51236946522e-07, 4.25171187146e-08, 4.39818386155e-08, 1.58050198706e-07, 2.67797133802e-07, 8.65040601639e-06, 1.20099301171e-07, 3.14248410405e-07, 2.57498595602e-06, 2.8143608688e-07, 1.63984665846e-07, 1.19819318911e-07], "dvar2": [2.00391859835e-05, 0.00800508726388, 0.00131042057183, 0.000136682225275, 0.000114833906991, 1.60562885867e-05, 4.2934193516e-06, 6.24113090453e-06, 3.70570205632e-06, 9.90705188997e-07, 1.01582691059e-06, 8.27282235605e-07, 3.65380145695e-07, 2.4079994887e-07, 2.53099670999e-07, 4.19666548623e-07, 1.14160194187e-07, 1.17339652661e-07, 4.37682473375e-07, 6.92036564942e-07, 2.36837204284e-05, 3.04865977796e-07, 8.25128381621e-07, 6.45555564915e-06, 7.30346641831e-07, 4.13784363218e-07, 3.10750664312e-07], "max": [0.044538307935, 0.508006095886, 0.197162121534, 0.0678378343582, 0.0782721713185, 0.0441733784974, 0.0697491466999, 0.0398921221495, 0.05499278754, 0.0256479736418, 0.00969905499369, 0.0179794318974, 0.0104083931074, 0.00381113076583, 0.0037727158051, 0.00552597967908, 0.00356723880395, 0.00200152234174, 0.00479047792032, 0.00574352405965, 0.0253771562129, 0.00408050138503, 0.00571650872007, 0.0156203825027, 0.00558431493118, 0.00448303902522, 0.00479023996741], "mean": [0.00436626980081, 0.0610396005213, 0.0114096580073, 0.00361123611219, 0.00295957410708, 0.00132048490923, 0.00105654576328, 0.000441853451775, 0.000374953786377, 0.000387222302379, 0.000212170518353, 0.000207239558222, 0.000194929671125, 0.000153185552335, 0.000168642189237, 0.000172592204763, 0.00011071292829, 0.000111696899694, 0.000157200862304, 0.000220981586608, 0.000620741338935, 0.000198599605937, 0.000221544018132, 0.000408534688177, 0.000227275319048, 0.000211523176404, 0.000163025222719], "median": [0.00252064364031, 0.0396911390126, 0.0057234573178, 0.00166163290851, 0.00100832339376, 0.000206020005862, 8.2869817561e-05, 3.3056949178e-05, 4.90758320666e-05, 4.10382999689e-05, 3.05176508846e-05, 3.18818310916e-05, 3.76501593564e-05, 3.64119950973e-05, 3.65749619959e-05, 3.58600118489e-05, 2.8691116313e-05, 2.6195342798e-05, 4.1116916691e-05, 4.65620869363e-05, 6.11594878137e-05, 4.76076638734e-05, 4.22579942096e-05, 3.76364660042e-05, 2.75993315881e-05, 2.26872634812e-05, 5.92541300648e-06], "min": [1.85199423215e-23, 7.21367607001e-23, 2.99533451829e-23, 4.13835989117e-23, 3.27935031881e-23, 3.85511812097e-23, 3.05508347434e-23, 4.75068413876e-23, 9.12077823173e-23, 3.31774386352e-23, 1.19052502301e-22, 6.10495289365e-23, 1.3653201913e-22, 1.87441062985e-22, 1.86327923449e-22, 1.47513795967e-22, 1.80477554272e-22, 1.10592871549e-22, 2.34368580701e-22, 3.82371180129e-22, 5.5485053048e-22, 6.76746074861e-22, 7.34865004468e-22, 9.73837150219e-22, 1.11770993028e-21, 1.33799079312e-21, 2.47021394652e-21], "var": [2.61148161371e-05, 0.00503112142906, 0.000364816223737, 3.8595902879e-05, 3.81564350391e-05, 8.69202904141e-06, 1.74023516593e-05, 2.32014031099e-06, 1.93592927644e-06, 1.29984812247e-06, 3.84280724575e-07, 4.67445829599e-07, 3.2977192177e-07, 9.50645286935e-08, 1.0485784685e-07, 1.41240732887e-07, 4.47518111457e-08, 4.29685513836e-08, 1.16423315433e-07, 2.20221195946e-07, 5.57947214475e-06, 1.36163265552e-07, 2.73566513442e-07, 2.15486284105e-06, 3.28484304646e-07, 2.89651609364e-07, 2.32850752013e-07]}, "erbbands": {"dmean": [1.55435359478, 8.80285072327, 11.0911407471, 11.5880994797, 6.8479847908, 10.2981395721, 11.6190881729, 7.97343683243, 7.96331214905, 10.9976224899, 8.74018764496, 8.1338300705, 8.2617149353, 8.52637004852, 7.58196973801, 7.09462833405, 7.06896877289, 6.51165294647, 7.47924423218, 8.18387413025, 6.875436306, 5.42669391632, 5.60740089417, 6.10030508041, 9.24084949493, 13.09121418, 45.6694259644, 15.5009422302, 6.58526945114, 6.31929111481, 6.2224650383, 10.2052631378, 6.20692443848, 2.57814764977, 1.27043366432, 0.692027568817, 0.327841818333, 0.114217087626, 0.0206970572472, 0.00174527650233], "dmean2": [2.36838412285, 13.7193241119, 18.6961174011, 20.2477550507, 11.9130125046, 17.9540214539, 19.8958435059, 13.2016639709, 11.2529325485, 16.8760433197, 15.5177116394, 14.1681365967, 13.3818626404, 13.5589494705, 13.0691394806, 11.5109348297, 11.2696723938, 10.8850002289, 12.7315444946, 14.2722043991, 11.9384326935, 9.33782863617, 9.70496082306, 10.5468730927, 16.1020374298, 22.6360607147, 81.5932769775, 27.0806999207, 11.078783989, 10.6410608292, 10.534828186, 16.7842464447, 10.0295906067, 4.30927848816, 2.13510894775, 1.15535914898, 0.550283610821, 0.195963412523, 0.0358207002282, 0.00306239863858], "dvar": [3.55060911179, 166.854171753, 497.948791504, 615.672424316, 187.29649353, 775.562744141, 761.854614258, 326.453491211, 525.745666504, 1079.14147949, 650.422729492, 547.377319336, 754.987548828, 463.209472656, 537.705993652, 431.133972168, 324.412567139, 265.522918701, 270.2996521, 415.073028564, 234.216751099, 125.905319214, 123.66759491, 176.266693115, 680.821838379, 872.404663086, 26204.7128906, 1824.08056641, 156.670150757, 193.82975769, 268.000640869, 1353.61865234, 461.498474121, 51.7990531921, 9.46038246155, 2.5399889946, 0.530252754688, 0.0797873809934, 0.00278357532807, 1.94063759409e-05], "dvar2": [8.92720317841, 414.374633789, 1275.45605469, 1719.73022461, 515.105529785, 2147.88525391, 2068.86303711, 817.113586426, 677.017700195, 1917.10961914, 1779.63049316, 1365.30297852, 1627.56213379, 957.50592041, 1461.75073242, 1012.29760742, 678.760986328, 687.379638672, 717.321350098, 1136.5357666, 626.135009766, 337.058654785, 327.782928467, 477.050872803, 1884.06274414, 2251.87109375, 72047.609375, 4916.25537109, 399.650634766, 486.571716309, 707.392456055, 3407.57055664, 1165.22607422, 134.417556763, 24.2315387726, 6.41815757751, 1.33528506756, 0.204332306981, 0.00716737052426, 5.15280153195e-05], "max": [18.1802921295, 122.788444519, 217.031539917, 246.116973877, 165.116363525, 371.799041748, 281.8934021, 414.072906494, 891.340942383, 1233.25415039, 493.898254395, 813.440795898, 1059.5078125, 569.851013184, 331.825775146, 451.658477783, 462.214202881, 323.662841797, 235.535400391, 262.777709961, 194.096588135, 160.450393677, 125.480690002, 140.970230103, 332.418518066, 346.045349121, 1376.5871582, 354.948577881, 164.401733398, 157.671722412, 162.816772461, 363.821746826, 207.769943237, 79.8832397461, 34.614528656, 17.9281005859, 9.45120716095, 3.49233627319, 0.898291885853, 0.06196064502], "mean": [2.2407245636, 11.6123075485, 15.0277900696, 13.8082876205, 8.02027797699, 10.7770967484, 13.3973388672, 9.66731357574, 13.647685051, 14.7532901764, 8.02877426147, 8.69483089447, 11.420747757, 11.1307134628, 8.20885276794, 8.41217517853, 9.04850292206, 8.01582241058, 9.1214017868, 9.6821603775, 8.1874628067, 6.19026947021, 6.11714458466, 6.50996541977, 9.10372066498, 11.5636253357, 32.089012146, 12.7835044861, 6.97595882416, 6.75906944275, 6.21894979477, 9.04580688477, 5.91700935364, 2.76671504974, 1.50136768818, 0.824244499207, 0.392419070005, 0.132264047861, 0.0256275292486, 0.0020428088028], "median": [1.44674837589, 6.36410856247, 9.23215579987, 7.88252687454, 3.85023617744, 2.75947785378, 2.25712251663, 1.97318685055, 1.37693238258, 1.29765999317, 1.0126773119, 1.37788200378, 1.36931312084, 1.66229140759, 1.58494853973, 1.59009063244, 1.95788133144, 2.10635662079, 2.24030208588, 2.28175377846, 2.13010025024, 1.60185110569, 1.56929683685, 1.65714240074, 2.27860093117, 2.21304702759, 2.59337949753, 2.16800332069, 1.63828289509, 1.5495890379, 1.10823476315, 0.889762222767, 0.588344752789, 0.342316240072, 0.179271221161, 0.088798083365, 0.0390100814402, 0.00842259638011, 0.000933128932957, 0.000181377588888], "min": [2.97900797532e-21, 1.22926939246e-20, 2.24926451333e-20, 1.24622914765e-19, 6.9166160947e-20, 1.47313293223e-19, 2.95163194019e-19, 2.90170900529e-19, 2.15603825331e-19, 7.31908276045e-19, 1.5562385793e-18, 1.94228356439e-18, 1.29432259169e-18, 3.69542525068e-18, 3.07092167258e-18, 2.9951124306e-18, 6.44566843852e-18, 9.43660546818e-18, 1.08544335699e-17, 7.1417616035e-18, 8.46982654673e-18, 9.33430390592e-18, 5.41519412836e-18, 9.07137296769e-18, 1.53960331544e-17, 2.02882836995e-17, 2.77593409418e-17, 1.55001851197e-17, 2.63248211624e-17, 2.18412309272e-17, 2.03439149044e-17, 1.94756614657e-17, 1.66143047606e-17, 1.19236993421e-17, 8.1012720889e-18, 4.39863589124e-18, 2.56278089998e-18, 1.43354339603e-18, 3.76888819485e-19, 3.25131029959e-20], "var": [6.22940826416, 231.916519165, 475.133087158, 498.034576416, 159.352310181, 672.890625, 910.376342773, 481.172119141, 3006.36425781, 3630.27905273, 529.109069824, 647.682434082, 1802.72021484, 885.571655273, 521.924072266, 550.25402832, 596.198486328, 325.688873291, 315.07244873, 400.324951172, 254.478424072, 132.098602295, 124.873664856, 158.311065674, 476.455108643, 691.985534668, 16746.2792969, 1259.23046875, 172.133621216, 197.082885742, 230.796707153, 1094.39562988, 396.490478516, 52.1493148804, 13.6921463013, 4.2507147789, 1.0115032196, 0.137880846858, 0.00602974789217, 3.33445095748e-05]}, "gfcc": {"mean": [-30.3816699982, 72.5326766968, -49.9718894958, 51.9697875977, -29.6484279633, 23.69348526, -19.8987350464, 6.98242425919, -15.0411262512, 5.92483615875, -10.5245685577, 1.12253725529, -4.83381223679], "cov": [[13159.7294922, -3127.86425781, -898.313110352, -186.536911011, -612.591552734, 293.819671631, -133.29888916, 413.853546143, -289.961456299, 410.844940186, -446.42388916, 193.3699646, -199.903564453], [-3127.86425781, 3124.51269531, 343.484191895, -423.156799316, 321.971557617, -149.788650513, 118.194595337, -173.352416992, 147.580825806, -171.617218018, 117.257675171, -96.3480987549, 62.8440513611], [-898.313110352, 343.484191895, 2000.24365234, 357.339263916, 420.721466064, 146.407775879, 55.5087280273, -103.02797699, -41.155292511, -191.35206604, -71.6563644409, -81.4665527344, -129.788528442], [-186.536911011, -423.156799316, 357.339263916, 1152.77368164, 149.159210205, 223.920700073, 11.2497768402, 8.44090270996, 43.7474365234, -147.671951294, 8.54990100861, -93.195526123, -61.7684516907], [-612.591552734, 321.971557617, 420.721466064, 149.159210205, 621.35760498, 195.864425659, 100.443641663, -58.0512733459, 31.4535942078, -85.132522583, -24.9514293671, -24.0438079834, -32.1715316772], [293.819671631, -149.788650513, 146.407775879, 223.920700073, 195.864425659, 433.034576416, 84.2635421753, 68.4740753174, 53.3731307983, -5.7139134407, -11.1079425812, -22.1077766418, -17.7587947845], [-133.29888916, 118.194595337, 55.5087280273, 11.2497768402, 100.443641663, 84.2635421753, 251.970336914, 57.3935623169, 72.2077636719, 26.4963779449, 20.6484394073, -5.41950511932, 17.3490562439], [413.853546143, -173.352416992, -103.02797699, 8.44090270996, -58.0512733459, 68.4740753174, 57.3935623169, 208.4584198, 76.878944397, 66.674079895, 16.0060577393, 31.7894649506, 5.85272359848], [-289.961456299, 147.580825806, -41.155292511, 43.7474365234, 31.4535942078, 53.3731307983, 72.2077636719, 76.878944397, 179.54473877, 38.8536529541, 60.3255348206, 0.0338754430413, -0.0918552353978], [410.844940186, -171.617218018, -191.35206604, -147.671951294, -85.132522583, -5.7139134407, 26.4963779449, 66.674079895, 38.8536529541, 187.529098511, 34.9661216736, 58.2997932434, 24.7975158691], [-446.42388916, 117.257675171, -71.6563644409, 8.54990100861, -24.9514293671, -11.1079425812, 20.6484394073, 16.0060577393, 60.3255348206, 34.9661216736, 128.705368042, 25.0252590179, 42.9604721069], [193.3699646, -96.3480987549, -81.4665527344, -93.195526123, -24.0438079834, -22.1077766418, -5.41950511932, 31.7894649506, 0.0338754430413, 58.2997932434, 25.0252590179, 111.895011902, 19.4762821198], [-199.903564453, 62.8440513611, -129.788528442, -61.7684516907, -32.1715316772, -17.7587947845, 17.3490562439, 5.85272359848, -0.0918552353978, 24.7975158691, 42.9604721069, 19.4762821198, 118.041992188]], "icov": [[0.000131863693241, 7.22947879694e-05, 3.40967453667e-05, 1.73444659595e-05, 7.15154019417e-05, -0.000104242812085, -1.43684349041e-06, -0.000145260477439, 0.000150762105477, -0.000182728574146, 0.000378707045456, -0.000107966152427, 0.000161099203979], [7.22947879694e-05, 0.000558543542866, -4.82413524878e-05, 0.000332789029926, -0.000176758403541, 0.00013042986393, -0.000119606571388, 0.000228465491091, -0.000514804560225, 0.000491575163323, -0.00024923105957, 0.000340195227182, -0.000145224956213], [3.40967453667e-05, -4.82413524878e-05, 0.000684641243424, -0.000130734682898, -0.000284631125396, -5.99274972046e-05, -0.000139710726216, 9.14973497856e-06, 0.000325684843119, 0.00020239946025, 0.000102076133771, -3.07613772748e-05, 0.000626936787739], [1.73444659595e-05, 0.000332789029926, -0.000130734682898, 0.00137133686803, -8.75937257661e-05, -0.000431920139818, 8.59761275933e-05, -3.80421843147e-05, -0.000464104901766, 0.0011373340385, -0.000792316626757, 0.000755471468437, 0.000250863056863], [7.15154019417e-05, -0.000176758403541, -0.000284631125396, -8.75937257661e-05, 0.00264563155361, -0.00113664497621, -0.000745810859371, 0.00097623525653, -0.000412414548919, 0.000450798455859, 0.000858337909449, -0.000991204520687, 0.000223817623919], [-0.000104242812085, 0.00013042986393, -5.99274972046e-05, -0.000431920139818, -0.00113664497621, 0.00348355923779, -0.000408951629652, -0.000941292324569, -0.00040681954124, -0.000168295839103, -2.98084032693e-05, 0.00072579504922, -0.000290669355309], [-1.43684349041e-06, -0.000119606571388, -0.000139710726216, 8.59761275933e-05, -0.000745810859371, -0.000408951629652, 0.00523959891871, -0.00108687509783, -0.00122448510956, -0.000745002587792, 0.000114436486911, 0.000734074506909, -0.00103557843249], [-0.000145260477439, 0.000228465491091, 9.14973497856e-06, -3.80421843147e-05, 0.00097623525653, -0.000941292324569, -0.00108687509783, 0.00777467247099, -0.0033231456764, -0.000594012031797, 0.000766889657825, -0.00161156232934, -0.000369766465155], [0.000150762105477, -0.000514804560225, 0.000325684843119, -0.000464104901766, -0.000412414548919, -0.00040681954124, -0.00122448510956, -0.0033231456764, 0.010113645345, -0.00178428867366, -0.00355363450944, 0.00118421891239, 0.00229638977908], [-0.000182728574146, 0.000491575163323, 0.00020239946025, 0.0011373340385, 0.000450798455859, -0.000168295839103, -0.000745002587792, -0.000594012031797, -0.00178428867366, 0.00929658301175, -0.00188140373211, -0.00232221162878, -0.000403469748562], [0.000378707045456, -0.00024923105957, 0.000102076133771, -0.000792316626757, 0.000858337909449, -2.98084032693e-05, 0.000114436486911, 0.000766889657825, -0.00355363450944, -0.00188140373211, 0.0133236376569, -0.00290720397606, -0.00333062745631], [-0.000107966152427, 0.000340195227182, -3.07613772748e-05, 0.000755471468437, -0.000991204520687, 0.00072579504922, 0.000734074506909, -0.00161156232934, 0.00118421891239, -0.00232221162878, -0.00290720397606, 0.0124278431758, -0.000695112685207], [0.000161099203979, -0.000145224956213, 0.000626936787739, 0.000250863056863, 0.000223817623919, -0.000290669355309, -0.00103557843249, -0.000369766465155, 0.00229638977908, -0.000403469748562, -0.00333062745631, -0.000695112685207, 0.0112434905022]]}, "melbands": {"dmean": [0.0127727733925, 0.00716357771307, 0.00180075352546, 0.000577755155973, 0.000427649007179, 0.000184049175004, 0.000123923106003, 0.000119310701848, 6.91844034009e-05, 5.11530597578e-05, 4.16090042563e-05, 3.50754053215e-05, 2.75809088635e-05, 2.00130853045e-05, 1.85695680557e-05, 1.54377121362e-05, 1.21033936011e-05, 1.26700260807e-05, 9.98645646177e-06, 1.21839684653e-05, 7.23950552128e-06, 5.91958041696e-06, 5.26681378687e-06, 4.95836502523e-06, 4.93327024742e-06, 6.42201530354e-06, 6.61815647618e-06, 8.29358759802e-06, 2.61033619608e-05, 2.35584957409e-05, 5.51211996935e-06, 3.87967475035e-06, 3.2500722682e-06, 3.64880429515e-06, 3.19594164466e-06, 4.53171242043e-06, 7.50649905967e-06, 5.14882458447e-06, 2.67528344011e-06, 1.93993537323e-06], "dmean2": [0.0193952396512, 0.0113070970401, 0.00312279514037, 0.00100978033151, 0.00072968727909, 0.000301685271552, 0.00017353813746, 0.000189380094525, 0.000123786070617, 8.80779771251e-05, 6.71128582326e-05, 5.53453755856e-05, 4.7551598982e-05, 3.38051031576e-05, 2.90549032798e-05, 2.47372354352e-05, 2.06045860978e-05, 2.1630039555e-05, 1.71896845131e-05, 2.12516279134e-05, 1.25414471768e-05, 1.03127758848e-05, 9.02286774362e-06, 8.60891668708e-06, 8.60908312461e-06, 1.12377892947e-05, 1.13488658826e-05, 1.45096764754e-05, 4.58933136542e-05, 4.29307983723e-05, 9.38992889132e-06, 6.60707837596e-06, 5.41892995898e-06, 6.21575600235e-06, 5.4501510931e-06, 7.70304814068e-06, 1.22714227473e-05, 8.28501924843e-06, 4.48537502962e-06, 3.24195934809e-06], "dvar": [0.000257331790635, 0.000124523430713, 1.39940002555e-05, 1.99161218006e-06, 1.08960398393e-06, 1.74692999622e-07, 1.25908030668e-07, 1.30056506009e-07, 3.75891247018e-08, 2.94146005331e-08, 1.95272971126e-08, 7.74392905356e-09, 7.16613657303e-09, 5.99664629064e-09, 2.81314394002e-09, 2.13508832836e-09, 8.8585810909e-10, 7.8095924172e-10, 4.35870006754e-10, 1.01585095891e-09, 2.46126785619e-10, 1.61138005716e-10, 1.26025578862e-10, 9.64679447435e-11, 1.24963650538e-10, 3.27081556284e-10, 2.28858876294e-10, 3.34918481837e-10, 7.6974941976e-09, 7.38975680648e-09, 1.27297894448e-10, 5.82713738373e-11, 3.73663808229e-11, 7.24173221389e-11, 6.30492810738e-11, 1.93828841866e-10, 8.0732970309e-10, 3.44881762038e-10, 6.49402545627e-11, 2.50610955599e-11], "dvar2": [0.000647360808216, 0.000283268571366, 3.86337742384e-05, 5.52067604076e-06, 2.98488112094e-06, 4.22601971195e-07, 1.58572959208e-07, 2.66468532573e-07, 1.02943246816e-07, 6.92533248525e-08, 4.19341539271e-08, 1.61482933692e-08, 1.97885121622e-08, 1.44597835927e-08, 5.82882009326e-09, 4.60377957978e-09, 2.35695796214e-09, 2.05749706161e-09, 1.18131482374e-09, 2.83252443722e-09, 6.57881582544e-10, 4.38798247737e-10, 3.32179145301e-10, 2.5500829226e-10, 3.4165048568e-10, 9.15449271943e-10, 5.99849059313e-10, 8.72732164314e-10, 2.0590247729e-08, 2.07930650475e-08, 3.2761443558e-10, 1.533203009e-10, 9.05339136992e-11, 1.86612572617e-10, 1.67489827563e-10, 5.13077302866e-10, 2.0128052558e-09, 8.74864569678e-10, 1.67954344876e-10, 6.47587122815e-11], "max": [0.138077169657, 0.102267801762, 0.0377713143826, 0.0172535330057, 0.0117892650887, 0.00872663594782, 0.0148571589962, 0.0114612486213, 0.00325021706522, 0.0072079137899, 0.00528589356691, 0.00234080548398, 0.00119274761528, 0.00256798625924, 0.00101532076951, 0.00139932718594, 0.000521755137015, 0.000369860179489, 0.000238203967456, 0.000491660146508, 0.000195113520022, 0.000155025045387, 0.000222462738748, 9.28791414481e-05, 0.000119707496196, 0.000227363198064, 0.000189748971025, 0.00021000050765, 0.000728307582904, 0.000756320601795, 0.00010671983182, 0.000110987821245, 7.78494286351e-05, 9.80958502623e-05, 0.000111053639557, 0.00013760321599, 0.000290111202048, 0.00018433049263, 8.73159078765e-05, 5.46848023077e-05], "mean": [0.0184011384845, 0.0106154801324, 0.00223441864364, 0.000622286985163, 0.000497236265801, 0.000226725605899, 0.000212709419429, 0.000149258034071, 6.05396235187e-05, 5.53824902454e-05, 5.68613722862e-05, 4.54980945506e-05, 2.85849528154e-05, 2.16009120777e-05, 2.28236203839e-05, 1.88676294783e-05, 1.42406815939e-05, 1.49462903209e-05, 1.20084423543e-05, 1.38515715662e-05, 8.38382675283e-06, 6.4571263465e-06, 5.74065552428e-06, 5.2809623412e-06, 5.08467473992e-06, 6.35724427411e-06, 6.40791404294e-06, 7.21960213923e-06, 1.90058308362e-05, 1.60703712027e-05, 5.16970658282e-06, 3.92579840991e-06, 3.6617002479e-06, 3.74747560272e-06, 3.28481792167e-06, 4.09774520449e-06, 6.48309469398e-06, 4.76677905681e-06, 2.69732322522e-06, 2.13786347558e-06], "median": [0.0119612105191, 0.00669371709228, 0.0013534076279, 0.000247417920036, 9.32119510253e-05, 4.00476092182e-05, 1.93816194951e-05, 1.15349685075e-05, 7.34847117201e-06, 7.36104902899e-06, 6.06182220508e-06, 6.02952331974e-06, 4.38804818259e-06, 3.69572421732e-06, 3.53209202331e-06, 3.765666861e-06, 3.49263905264e-06, 3.11451776724e-06, 2.76999026028e-06, 2.84945281237e-06, 2.0941861294e-06, 1.54028407451e-06, 1.45784247252e-06, 1.1452890476e-06, 1.24567759485e-06, 1.62825290317e-06, 1.43035151723e-06, 1.38327720833e-06, 1.54521467266e-06, 1.34314893785e-06, 1.10469227366e-06, 8.80018149019e-07, 8.97079303286e-07, 8.16247734292e-07, 6.09760945736e-07, 5.53940708414e-07, 4.9742527608e-07, 4.07761774568e-07, 3.26580590126e-07, 2.59875577058e-07], "min": [2.39234265298e-23, 1.46421403474e-23, 1.86664495688e-23, 7.27474747248e-24, 9.16650218752e-24, 6.21267011476e-24, 4.23847154652e-24, 8.68605276408e-24, 1.33403683925e-23, 1.24231061754e-23, 6.01403296668e-24, 1.37296649383e-23, 1.1748372144e-23, 7.50923637656e-24, 1.3051288736e-23, 1.27886453863e-23, 1.81593666235e-23, 1.65627894597e-23, 1.2072537178e-23, 1.12962160058e-23, 9.64066202296e-24, 1.06536588217e-23, 6.73586554407e-24, 3.88198214801e-24, 7.1981246239e-24, 1.12174553441e-23, 1.26142519059e-23, 1.19626527982e-23, 1.77544332768e-23, 1.14034056367e-23, 8.70394176283e-24, 1.5227254258e-23, 1.22652306536e-23, 1.29764510797e-23, 1.13051632661e-23, 1.2868426045e-23, 1.07677367861e-23, 1.11726646108e-23, 1.3201280382e-23, 8.45569828001e-24], "var": [0.000432237662608, 0.00017156242393, 1.16282844829e-05, 1.5776008695e-06, 1.24773953303e-06, 3.02562682464e-07, 7.10403867288e-07, 3.38370654163e-07, 2.9418398384e-08, 3.74740025677e-08, 4.56040822883e-08, 1.55539918723e-08, 6.71441835465e-09, 5.64204727382e-09, 5.1991713157e-09, 3.95456378754e-09, 9.6944563488e-10, 9.36631328052e-10, 4.7549614246e-10, 9.52382284147e-10, 2.68738226117e-10, 1.56288842978e-10, 1.32439142986e-10, 9.87011861131e-11, 1.06954611834e-10, 2.28067870145e-10, 1.89683893592e-10, 2.63433941328e-10, 5.24479260022e-09, 4.43396874772e-09, 1.10185374713e-10, 5.85159212751e-11, 4.79052492119e-11, 6.73320288413e-11, 5.92004431588e-11, 1.47102330317e-10, 6.59783783163e-10, 2.93527091522e-10, 5.83753254069e-11, 2.8419152448e-11]}, "mfcc": {"mean": [-694.886108398, 106.226997375, 45.1246757507, 43.800163269, 23.9279651642, 25.9253692627, 14.0963439941, 9.55690765381, 8.36317920685, 7.60463237762, 1.77420210838, 3.04579854012, 2.65335297585], "cov": [[11732.3164062, -1761.63708496, -1341.83557129, -574.011535645, -631.083862305, -220.887939453, -105.06980896, -202.076080322, 169.173614502, 142.929092407, -147.029693604, 50.6366119385, -17.6593971252], [-1761.63708496, 2524.4284668, 154.683746338, -195.656845093, 39.5619926453, -13.8082094193, -30.5667610168, -12.1918115616, -4.22666311264, -48.5842437744, 34.7048492432, -92.4618606567, 49.7453460693], [-1341.83557129, 154.683746338, 1396.45751953, 405.212493896, 336.05947876, 189.760803223, 114.270683289, 137.374237061, -20.8262214661, -10.1177997589, -14.3312368393, 20.1636276245, -105.286109924], [-574.011535645, -195.656845093, 405.212493896, 658.224243164, 245.767364502, 149.773712158, 56.6548042297, 119.638885498, -22.6266994476, -20.2934036255, 25.7600803375, -21.1139431, -58.9575233459], [-631.083862305, 39.5619926453, 336.05947876, 245.767364502, 523.355407715, 261.705688477, 100.489067078, 149.813568115, 7.37648916245, 3.19424939156, 24.4747142792, -40.6475601196, -47.4709587097], [-220.887939453, -13.8082094193, 189.760803223, 149.773712158, 261.705688477, 370.178588867, 137.740539551, 122.529296875, 41.8165245056, 45.3379402161, 17.301990509, -17.9286594391, -14.2528953552], [-105.06980896, -30.5667610168, 114.270683289, 56.6548042297, 100.489067078, 137.740539551, 185.095870972, 78.7903823853, 55.6552085876, 33.6855278015, -3.73716545105, 9.48639202118, -11.7361345291], [-202.076080322, -12.1918115616, 137.374237061, 119.638885498, 149.813568115, 122.529296875, 78.7903823853, 220.649902344, 65.1666946411, 43.4796104431, 60.0300712585, -2.93474936485, 5.9193353653], [169.173614502, -4.22666311264, -20.8262214661, -22.6266994476, 7.37648916245, 41.8165245056, 55.6552085876, 65.1666946411, 139.990478516, 79.1265869141, 23.9425544739, 40.8644638062, 22.0349617004], [142.929092407, -48.5842437744, -10.1177997589, -20.2934036255, 3.19424939156, 45.3379402161, 33.6855278015, 43.4796104431, 79.1265869141, 124.937805176, 46.3706092834, 47.0702056885, 26.9640617371], [-147.029693604, 34.7048492432, -14.3312368393, 25.7600803375, 24.4747142792, 17.301990509, -3.73716545105, 60.0300712585, 23.9425544739, 46.3706092834, 121.905174255, 34.0010070801, 39.4951591492], [50.6366119385, -92.4618606567, 20.1636276245, -21.1139431, -40.6475601196, -17.9286594391, 9.48639202118, -2.93474936485, 40.8644638062, 47.0702056885, 34.0010070801, 126.100639343, 50.3516159058], [-17.6593971252, 49.7453460693, -105.286109924, -58.9575233459, -47.4709587097, -14.2528953552, -11.7361345291, 5.9193353653, 22.0349617004, 26.9640617371, 39.4951591492, 50.3516159058, 107.286407471]], "icov": [[0.000116482842714, 7.37362133805e-05, 7.90224657976e-05, 4.88411424158e-05, 7.83552968642e-05, -4.48508435511e-05, 7.14890265954e-05, -7.62718741498e-07, -0.000130853295559, -8.97857680684e-05, 0.000129101928906, 7.84250460129e-06, 0.000124180907733], [7.37362133805e-05, 0.000519247900229, -0.000128819854581, 0.000254912563832, -2.24438754231e-05, -3.37848609888e-06, 6.28883717582e-05, 0.000199375412194, -0.00039523394662, 0.00025558139896, -0.000292175624054, 0.00068910268601, -0.00042836839566], [7.90224657976e-05, -0.000128819854581, 0.00118178490084, -0.000426166778198, -0.000284752517473, -4.53768079751e-05, -0.000144928286318, -0.000485516386107, 0.000512879807502, -0.00023289132514, 0.000601125706453, -0.00119335227646, 0.00116917293053], [4.88411424158e-05, 0.000254912563832, -0.000426166778198, 0.00231716432609, -0.00040922104381, -0.0003057103022, 0.000159530813107, -0.000576825463213, 0.000239081622567, 0.000594579672907, -0.000614154851064, 6.051125456e-05, 0.000571729557123], [7.83552968642e-05, -2.24438754231e-05, -0.000284752517473, -0.00040922104381, 0.00380194769241, -0.00203219079413, 0.000133544774144, -0.00111313862726, 0.000223761118832, 0.000489121477585, -0.00035727705108, 0.000349123525666, 0.000806060968898], [-4.48508435511e-05, -3.37848609888e-06, -4.53768079751e-05, -0.0003057103022, -0.00203219079413, 0.00556333456188, -0.00268761022016, -0.000446440739324, 0.000462266005343, -0.00170526525471, 0.000324201391777, 0.00107276882045, -0.00093699246645], [7.14890265954e-05, 6.28883717582e-05, -0.000144928286318, 0.000159530813107, 0.000133544774144, -0.00268761022016, 0.008938674815, -0.00161283882335, -0.00223984685726, 2.89995641651e-05, 0.00186885835137, -0.00117520894855, 0.00101319595706], [-7.62718741498e-07, 0.000199375412194, -0.000485516386107, -0.000576825463213, -0.00111313862726, -0.000446440739324, -0.00161283882335, 0.00883070100099, -0.00362982531078, 0.000554830010515, -0.00390810938552, 0.00255687115714, -0.00125674449373], [-0.000130853295559, -0.00039523394662, 0.000512879807502, 0.000239081622567, 0.000223761118832, 0.000462266005343, -0.00223984685726, -0.00362982531078, 0.0142080951482, -0.00705787027255, 0.00214037531987, -0.0027035693638, 0.000248712633038], [-8.97857680684e-05, 0.00025558139896, -0.00023289132514, 0.000594579672907, 0.000489121477585, -0.00170526525471, 2.89995641651e-05, 0.000554830010515, -0.00705787027255, 0.0155736543238, -0.00444609066471, -0.00206929142587, 7.07222498022e-05], [0.000129101928906, -0.000292175624054, 0.000601125706453, -0.000614154851064, -0.00035727705108, 0.000324201391777, 0.00186885835137, -0.00390810938552, 0.00214037531987, -0.00444609066471, 0.013376802206, -0.00245633511804, -0.00237955967896], [7.84250460129e-06, 0.00068910268601, -0.00119335227646, 6.051125456e-05, 0.000349123525666, 0.00107276882045, -0.00117520894855, 0.00255687115714, -0.0027035693638, -0.00206929142587, -0.00245633511804, 0.0137054966763, -0.00588137935847], [0.000124180907733, -0.00042836839566, 0.00116917293053, 0.000571729557123, 0.000806060968898, -0.00093699246645, 0.00101319595706, -0.00125674449373, 0.000248712633038, 7.07222498022e-05, -0.00237955967896, -0.00588137935847, 0.014981190674]]}, "spectral_contrast_coeffs": {"dmean": [0.0561631470919, 0.0564754083753, 0.0406222641468, 0.0322699844837, 0.0300310999155, 0.0283096563071], "dmean2": [0.0905799567699, 0.0899740606546, 0.0649432092905, 0.0520293936133, 0.0465011224151, 0.0445533022285], "dvar": [0.00218615191989, 0.00261441501789, 0.0014447713038, 0.00090156524675, 0.000977062387392, 0.000863572466187], "dvar2": [0.0054349261336, 0.00607620785013, 0.00332583207637, 0.00206596287899, 0.00206559291109, 0.00205421098508], "max": [-0.193147689104, -0.199062645435, -0.409092068672, -0.49068826437, -0.567663252354, -0.581410765648], "mean": [-0.646401286125, -0.740227878094, -0.804880440235, -0.811745643616, -0.809851586819, -0.787976145744], "median": [-0.650766670704, -0.763155460358, -0.827090084553, -0.825161159039, -0.820701301098, -0.790911734104], "min": [-0.940571904182, -0.964021146297, -0.954324662685, -0.965501010418, -0.961313128471, -0.965258955956], "var": [0.00775016844273, 0.0116674732417, 0.00700061768293, 0.00392463989556, 0.00295585626736, 0.00266653066501]}, "spectral_contrast_valleys": {"dmean": [0.50984030962, 0.724488019943, 0.660201728344, 0.584728658199, 0.626122534275, 0.664205670357], "dmean2": [0.785780072212, 1.12742400169, 1.02165901661, 0.90080934763, 0.9299903512, 0.935040235519], "dvar": [0.276318252087, 0.603075683117, 0.517910122871, 0.424318641424, 0.507962167263, 0.519587755203], "dvar2": [0.5558770895, 1.36869311333, 1.14670264721, 0.903801679611, 1.11726665497, 1.13441419601], "max": [-4.62205314636, -4.14729404449, -5.06147193909, -5.79509353638, -5.