{"lowlevel": {"average_loudness": 0.174376130104, "barkbands_crest": {"dmean": 1.89808738232, "dmean2": 2.99756622314, "dvar": 4.72520399094, "dvar2": 11.343126297, "max": 26.7344608307, "mean": 11.6035270691, "median": 10.7288894653, "min": 3.50763964653, "var": 21.3744850159}, "barkbands_flatness_db": {"dmean": 0.0181858353317, "dmean2": 0.0283698067069, "dvar": 0.00051368388813, "dvar2": 0.00112338550389, "max": 0.572232782841, "mean": 0.250256747007, "median": 0.231214910746, "min": 0.0625629499555, "var": 0.0074219442904}, "barkbands_kurtosis": {"dmean": 2.64307785034, "dmean2": 3.97208571434, "dvar": 47.0745544434, "dvar2": 79.0675811768, "max": 296.510284424, "mean": 5.24702548981, "median": 3.00349211693, "min": -1.96165025234, "var": 136.324798584}, "barkbands_skewness": {"dmean": 0.472593575716, "dmean2": 0.717477023602, "dvar": 0.369625389576, "dvar2": 0.738005518913, "max": 15.3916854858, "mean": 1.19618797302, "median": 1.2297090292, "min": -3.34622502327, "var": 2.22758769989}, "barkbands_spread": {"dmean": 2.62643504143, "dmean2": 4.23202133179, "dvar": 16.2929382324, "dvar2": 40.319190979, "max": 150.177429199, "mean": 12.2033519745, "median": 7.67048454285, "min": 0.170343711972, "var": 367.526306152}, "dissonance": {"dmean": 0.027948377654, "dmean2": 0.0472221784294, "dvar": 0.000946820829995, "dvar2": 0.00244042905979, "max": 0.499999880791, "mean": 0.41469180584, "median": 0.430462181568, "min": 0.0733916610479, "var": 0.00416236789897}, "dynamic_complexity": 13.1190519333, "erbbands_crest": {"dmean": 2.0657889843, "dmean2": 3.2293214798, "dvar": 4.8439245224, "dvar2": 11.4464120865, "max": 30.1476745605, "mean": 13.1502666473, "median": 12.2212533951, "min": 2.5549223423, "var": 26.9428844452}, "erbbands_flatness_db": {"dmean": 0.014273494482, "dmean2": 0.0226659569889, "dvar": 0.00034216127824, "dvar2": 0.000779708672781, "max": 0.524789512157, "mean": 0.287574887276, "median": 0.278416454792, "min": 0.0216769333929, "var": 0.00770020252094}, "erbbands_kurtosis": {"dmean": 1.10714614391, "dmean2": 1.74059617519, "dvar": 2.4090282917, "dvar2": 5.40130090714, "max": 52.6812705994, "mean": 2.19231796265, "median": 0.951733708382, "min": -1.7035793066, "var": 18.1785392761}, "erbbands_skewness": {"dmean": 0.30595806241, "dmean2": 0.472810715437, "dvar": 0.0976530313492, "dvar2": 0.224621444941, "max": 5.17613840103, "mean": 0.945061206818, "median": 0.93843203783, "min": -2.70224070549, "var": 0.775901794434}, "erbbands_spread": {"dmean": 3.85697054863, "dmean2": 6.33068227768, "dvar": 32.0712280273, "dvar2": 83.3550949097, "max": 137.100021362, "mean": 18.62342453, "median": 15.9470977783, "min": 0.710064530373, "var": 267.737854004}, "hfc": {"dmean": 2.13155174255, "dmean2": 3.30783748627, "dvar": 20.0529727936, "dvar2": 47.9084358215, "max": 67.1348419189, "mean": 9.56044197083, "median": 3.03795027733, "min": 1.16396686808e-16, "var": 140.349685669}, "melbands_crest": {"dmean": 2.3716545105, "dmean2": 3.81055140495, "dvar": 7.64402627945, "dvar2": 18.9638385773, "max": 38.7052497864, "mean": 14.2706413269, "median": 13.0288276672, "min": 1.81294488907, "var": 32.6075286865}, "melbands_flatness_db": {"dmean": 0.0180780440569, "dmean2": 0.028634827584, "dvar": 0.000508115452249, "dvar2": 0.00112742930651, "max": 0.646045744419, "mean": 0.314881235361, "median": 0.282916367054, "min": 0.00414337823167, "var": 0.0110846795142}, "melbands_kurtosis": {"dmean": 2.87679815292, "dmean2": 4.60517120361, "dvar": 20.2007484436, "dvar2": 51.2944335938, "max": 102.605041504, "mean": 7.74541425705, "median": 5.04820108414, "min": -1.53057920933, "var": 83.4206619263}, "melbands_skewness": {"dmean": 0.437606990337, "dmean2": 0.691342413425, "dvar": 0.227440595627, "dvar2": 0.542251706123, "max": 8.04603099823, "mean": 1.5270884037, "median": 1.4887368679, "min": -2.710896492, "var": 1.78212404251}, "melbands_spread": {"dmean": 2.54155707359, "dmean2": 4.0769276619, "dvar": 13.659614563, "dvar2": 32.0262908936, "max": 121.48550415, "mean": 11.2246799469, "median": 9.49445915222, "min": 0.406487137079, "var": 63.7977752686}, "pitch_salience": {"dmean": 0.0528597906232, "dmean2": 0.0849545225501, "dvar": 0.00315829575993, "dvar2": 0.00783483311534, "max": 0.925793349743, "mean": 0.526579737663, "median": 0.54166841507, "min": 0.0350655801594, "var": 0.0149260358885}, "silence_rate_20dB": {"dmean": 0, "dmean2": 0, "dvar": 0, "dvar2": 0, "max": 1, "mean": 1, "median": 1, "min": 1, "var": 0}, "silence_rate_30dB": {"dmean": 0.00556844566017, "dmean2": 0.0111386142671, "dvar": 0.00553722633049, "dvar2": 0.0137986708432, "max": 1, "mean": 0.995360374451, "median": 1, "min": 0, "var": 0.00461788009852}, "silence_rate_60dB": {"dmean": 0.00711523601785, "dmean2": 0.0142326736823, "dvar": 0.00706495577469, "dvar2": 0.0158869102597, "max": 1, "mean": 0.485926389694, "median": 0, "min": 0, "var": 0.249803483486}, "spectral_centroid": {"dmean": 114.848228455, "dmean2": 191.398147583, "dvar": 42238.2421875, "dvar2": 97113.1171875, "max": 11316.1660156, "mean": 791.652160645, "median": 716.680480957, "min": 180.707183838, "var": 163765.28125}, "spectral_complexity": {"dmean": 1.18174791336, "dmean2": 1.96658420563, "dvar": 2.62669634819, "dvar2": 6.21168327332, "max": 30, "mean": 9.68187427521, "median": 8, "min": 0, "var": 72.8160171509}, "spectral_decrease": {"dmean": 9.69210378621e-10, "dmean2": 1.52214352234e-09, "dvar": 6.61886558313e-18, "dvar2": 1.57717203907e-17, "max": 1.17450660492e-16, "mean": -4.23440837949e-09, "median": -1.11508646761e-09, "min": -5.50227170493e-08, "var": 3.19923516997e-17}, "spectral_energy": {"dmean": 0.00382882193662, "dmean2": 0.00600604200736, "dvar": 0.000100725534139, "dvar2": 0.000239726097789, "max": 0.212806552649, "mean": 0.0168487969786, "median": 0.00455984100699, "min": 1.02729062769e-20, "var": 0.000499394314829}, "spectral_energyband_high": {"dmean": 7.11818647687e-05, "dmean2": 0.00013113390014, "dvar": 5.40776348146e-08, "dvar2": 1.52682389398e-07, "max": 0.00282939895988, "mean": 5.8175301092e-05, "median": 1.38350992529e-06, "min": 7.2455076299e-21, "var": 3.49438700198e-08}, "spectral_energyband_low": {"dmean": 0.0010048954282, "dmean2": 0.00165822240524, "dvar": 2.23133829422e-05, "dvar2": 5.76382080908e-05, "max": 0.105675213039, "mean": 0.00197292258963, "median": 4.63695105282e-05, "min": 4.65056727693e-23, "var": 4.1868086555e-05}, "spectral_energyband_middle_high": {"dmean": 0.00065027870005, "dmean2": 0.000977498712018, "dvar": 1.81441157565e-06, "dvar2": 3.95680490328e-06, "max": 0.0247307736427, "mean": 0.00241236481816, "median": 0.000636465149, "min": 1.50487397683e-21, "var": 1.1911247384e-05}, "spectral_energyband_middle_low": {"dmean": 0.00315367802978, "dmean2": 0.00498715555295, "dvar": 6.78849901306e-05, "dvar2": 0.000168686368852, "max": 0.17549353838, "mean": 0.0131138861179, "median": 0.00359228532761, "min": 3.25807985202e-22, "var": 0.000311072188197}, "spectral_entropy": {"dmean": 0.136387854815, "dmean2": 0.223810687661, "dvar": 0.0323513038456, "dvar2": 0.076806627214, "max": 9.81062793732, "mean": 6.50965023041, "median": 6.68559551239, "min": 3.82721734047, "var": 0.604111194611}, "spectral_flux": {"dmean": 0.0111308703199, "dmean2": 0.017629859969, "dvar": 0.000457064714283, "dvar2": 0.00107789237518, "max": 0.333039790392, "mean": 0.0329528562725, "median": 0.0212790742517, "min": 1.01355347726e-10, "var": 0.00143091322388}, "spectral_kurtosis": {"dmean": 11.6705217361, "dmean2": 20.1610603333, "dvar": 383.613739014, "dvar2": 1054.91040039, "max": 447.584716797, "mean": 38.5067939758, "median": 13.3811321259, "min": -1.17822360992, "var": 3861.65283203}, "spectral_rms": {"dmean": 0.000333102798322, "dmean2": 0.000506756536197, "dvar": 3.89402458723e-07, "dvar2": 8.95014238722e-07, "max": 0.0144088910893, "mean": 0.00300836167298, "median": 0.00210917578079, "min": 3.16580919466e-12, "var": 7.38760400054e-06}, "spectral_rolloff": {"dmean": 235.644927979, "dmean2": 413.093414307, "dvar": 918811.6875, "dvar2": 2641718.75, "max": 19466.015625, "mean": 1434.11572266, "median": 753.662109375, "min": 21.533203125, "var": 9727988}, "spectral_skewness": {"dmean": 0.686379730701, "dmean2": 1.17301905155, "dvar": 0.575862288475, "dvar2": 1.54267239571, "max": 17.0408802032, "mean": 3.64935541153, "median": 2.38295793533, "min": -0.0620396621525, "var": 9.67605209351}, "spectral_spread": {"dmean": 300808.875, "dmean2": 510769.28125, "dvar": 303181266944, "dvar2": 555294916608, "max": 39988540, "mean": 2475162.5, "median": 2103534.5, "min": 204513.859375, "var": 5973263515650.0}, "spectral_strongpeak": {"dmean": 0.234246656299, "dmean2": 0.380052953959, "dvar": 0.184658572078, "dvar2": 0.443277239799, "max": 6.5080037117, "mean": 1.02240395546, "median": 0.60122025013, "min": 0, "var": 1.26211500168}, "zerocrossingrate": {"dmean": 0.00480207428336, "dmean2": 0.00633224658668, "dvar": 0.000102178230009, "dvar2": 0.000168634695001, "max": 0.5224609375, "mean": 0.0466419607401, "median": 0.03271484375, "min": 0, "var": 0.00408067367971}, "barkbands": {"dmean": [1.00812303572e-05, 0.00015112485562, 0.000651458394714, 0.000845898641273, 0.000729991646949, 0.00131263583899, 0.000517441658303, 0.000669788161758, 0.000372220267309, 0.000247154035605, 0.000150380757987, 0.00016166815476, 0.000187868805369, 0.000102825048089, 0.000123985373648, 8.15813255031e-05, 6.76991185173e-05, 5.2365292504e-05, 9.50016692514e-05, 1.18686957649e-05, 4.08707892348e-05, 2.46607687586e-05, 4.91671755753e-07, 3.10578400331e-07, 2.00140291895e-07, 6.12617654383e-08, 1.14964686659e-08], "dmean2": [1.27046760099e-05, 0.000246180075919, 0.00108342990279, 0.00145742611494, 0.00123104685917, 0.00215587695129, 0.000859129999299, 0.000936784490477, 0.000493212486617, 0.00032297623693, 0.000223706912948, 0.000246123876423, 0.000265145150479, 0.000166017212905, 0.000194244799786, 0.000130130632897, 0.000110775654321, 9.18892983464e-05, 0.000171307488927, 2.10053258343e-05, 7.47857848182e-05, 4.72909887321e-05, 8.6204568106e-07, 5.54766018013e-07, 3.69276790479e-07, 1.14607132673e-07, 2.18652118633e-08], "dvar": [8.62901639032e-10, 4.70689570875e-07, 8.47066803544e-06, 2.90261341434e-05, 5.68362111153e-06, 9.71578265307e-06, 1.36609878609e-06, 3.9234905671e-06, 9.82307028607e-07, 3.5483043348e-07, 1.13804240698e-07, 1.38607973099e-07, 3.73850696178e-07, 7.32985725449e-08, 1.09178294849e-07, 6.57188508058e-08, 2.60162806853e-08, 2.16806679276e-08, 9.30091417217e-08, 1.92849358704e-09, 2.23075833361e-08, 7.89145726543e-09, 3.09508560274e-12, 7.66372967691e-13, 4.01104144473e-13, 5.71722709323e-14, 5.31244495551e-15], "dvar2": [1.09294151507e-09, 1.27279440676e-06, 2.25291641982e-05, 7.41462863516e-05, 1.50308942466e-05, 2.98794057016e-05, 3.89523438571e-06, 7.3226292443e-06, 1.63712775247e-06, 5.60312287234e-07, 2.41690457869e-07, 3.18971359548e-07, 7.44130488783e-07, 1.77710973048e-07, 2.66544816441e-07, 1.72031505485e-07, 6.64134560679e-08, 6.24918214953e-08, 2.62011866425e-07, 5.52466739023e-09, 6.31863983358e-08, 2.28654020162e-08, 8.38521699992e-12, 2.18877693747e-12, 1.1559152073e-12, 1.67255654313e-13, 1.56034293965e-14], "max": [0.00087083352264, 0.0167239420116, 0.0756800547242, 0.123533606529, 0.0444053411484, 0.0523628816009, 0.0234811082482, 0.0758545994759, 0.031665686518, 0.0202587991953, 0.00674256309867, 0.00865381024778, 0.0168485026807, 0.00836732331663, 0.00922939740121, 0.00613925699145, 0.00317711243406, 0.00235142605379, 0.00332521181554, 0.00075809028931, 0.00149886927102, 0.00081450631842, 4.60378723801e-05, 1.26702816488e-05, 1.20073573271e-05, 3.67808411283e-06, 1.30666319365e-06], "mean": [1.62710348377e-05, 0.000252765254118, 0.00119282549713, 0.0010860998882, 0.00130533659831, 0.00458572711796, 0.00135230086744, 0.00329326186329, 0.00106781721115, 0.00065871537663, 0.000313767959597, 0.000288354116492, 0.000506871729158, 0.000187256926438, 0.0002407355787, 0.000151569169248, 0.000121751509141, 7.69441248849e-05, 8.59330757521e-05, 1.59998216986e-05, 3.14592543873e-05, 1.54120953084e-05, 7.59171086884e-07, 5.1117416433e-07, 2.70117936907e-07, 8.50228829563e-08, 8.69862581965e-09], "median": [2.20277570406e-07, 4.88840032631e-06, 1.49653542394e-05, 1.29857990032e-05, 0.000140406686114, 0.000508996017743, 0.000313176744385, 0.000304924091324, 0.000217099557631, 9.75588191068e-05, 2.66472925432e-05, 2.92401964543e-05, 2.50374032476e-05, 2.27492892009e-05, 1.92981824512e-05, 1.1273619748e-05, 1.19665746752e-05, 7.64615106164e-06, 4.76385503134e-06, 1.2273487755e-06, 5.9784719042e-07, 1.57374870469e-07, 2.95971460673e-08, 2.08531982793e-08, 1.26729950978e-08, 8.15586176373e-09, 2.58378873852e-09], "min": [3.17556714703e-23, 6.56220136566e-24, 1.78148190013e-23, 1.32030056208e-23, 4.40122727745e-23, 7.36227600754e-23, 8.37035820288e-23, 1.41666260378e-23, 6.93840589703e-23, 1.12330435511e-22, 1.2571667301e-22, 5.93108858123e-23, 1.47119214053e-22, 1.43874446135e-22, 5.45286974089e-23, 9.90077802017e-23, 2.44781443676e-22, 1.80884366685e-22, 2.17339434029e-22, 2.42377828674e-22, 4.87972139869e-22, 4.3264878185e-22, 7.53590063246e-22, 6.33754594409e-22, 9.63844642822e-22, 1.48380268164e-21, 2.6639012354e-21], "var": [3.15817971774e-09, 8.81381140516e-07, 1.67450416484e-05, 2.79295854853e-05, 8.70768144523e-06, 5.63387911825e-05, 4.69106817036e-06, 4.95409731229e-05, 4.71214525533e-06, 1.79278788437e-06, 3.69461247374e-07, 3.23801032209e-07, 2.0156003302e-06, 1.59642652875e-07, 2.52483374652e-07, 1.48753443341e-07, 5.93390012682e-08, 2.77465197485e-08, 6.38266399733e-08, 1.63251878682e-09, 1.40171412255e-08, 4.38168168415e-09, 3.19467347541e-12, 1.06244321067e-12, 3.64436969101e-13, 4.73079488452e-14, 2.84709648198e-15]}, "erbbands": {"dmean": [0.0010046986863, 0.0506030507386, 0.553634405136, 1.78427922726, 2.95065975189, 2.20125555992, 3.96834754944, 13.0772647858, 10.9992141724, 6.39658546448, 16.8841972351, 8.65955734253, 9.80443000793, 5.76623153687, 5.22586774826, 8.0024356842, 9.26754760742, 5.56567049026, 5.65361452103, 4.56556797028, 4.80531263351, 2.67177867889, 2.08130431175, 6.1916217804, 2.16131639481, 0.756716609001, 2.19602656364, 0.880037844181, 1.02628278732, 0.279920965433, 0.0201498363167, 0.00734487455338, 0.00520653091371, 0.00275032618083, 0.00104392343201, 0.000305714434944, 0.000107501349703, 2.46457893809e-05, 3.882567853e-06, 4.40136727775e-06], "dmean2": [0.0016085106181, 0.0820596069098, 0.917774260044, 3.01159739494, 5.05491495132, 3.81208086014, 6.16512441635, 21.5135707855, 18.424200058, 10.0230741501, 23.3462104797, 11.4115762711, 12.2472743988, 8.3752822876, 7.76122522354, 12.2019996643, 13.0008449554, 8.83700561523, 8.98204803467, 7.23071527481, 7.70144939423, 4.34573411942, 3.57214570045, 11.0698108673, 3.88004183769, 1.35311436653, 3.99731421471, 1.63049221039, 1.96595036983, 0.534458041191, 0.0363963656127, 0.0132973007858, 0.00930759496987, 0.00501700863242, 0.0019139747601, 0.000561465218198, 0.000202434530365, 4.71637285955e-05, 6.74318289384e-06, 6.89200760462e-06], "dvar": [1.63611221069e-05, 0.0472961552441, 5.72499513626, 109.038467407, 203.390350342, 42.2337188721, 86.5023040771, 995.564208984, 653.409667969, 146.209213257, 2861.36645508, 545.036132812, 555.42175293, 293.854553223, 155.953613281, 339.348449707, 951.147277832, 199.454345703, 184.436447144, 157.511062622, 156.290542603, 54.0636749268, 30.9356460571, 380.65020752, 55.7478103638, 6.8356294632, 73.5831604004, 25.6480369568, 16.4866390228, 1.51169741154, 0.00431794626638, 0.000533824961167, 0.000190310063772, 7.46245568735e-05, 9.31445902097e-06, 7.97019708898e-07, 2.49738917546e-07, 1.68944200851e-08, 2.67563804446e-10, 1.30054494951e-10], "dvar2": [4.25091384386e-05, 0.126837775111, 14.9398040771, 281.15802002, 526.723266602, 127.63368988, 208.069595337, 2944.53100586, 1971.72692871, 355.598114014, 5225.61523438, 925.242675781, 842.320373535, 600.64630127, 325.76385498, 788.322692871, 1874.24353027, 479.663574219, 429.259063721, 405.272735596, 394.448455811, 134.046173096, 89.9589767456, 1073.38574219, 158.345581055, 19.6181259155, 208.353393555, 73.4039459229, 47.8535652161, 4.41561508179, 0.0121804485098, 0.00152165046893, 0.00054132763762, 0.00021497994021, 2.68576550297e-05, 2.30404634749e-06, 7.34069715236e-07, 4.96418763873e-08, 7.59761586977e-10, 3.10140996218e-10], "max": [0.110574170947, 4.78476238251, 54.3300170898, 241.37147522, 290.306091309, 102.203521729, 170.654632568, 629.198974609, 578.425537109, 324.942169189, 2085.00366211, 563.093811035, 811.258178711, 710.250610352, 343.539825439, 434.065368652, 872.579711914, 421.460540771, 294.617797852, 318.180175781, 230.497848511, 206.860168457, 148.338439941, 291.905822754, 93.8874740601, 44.7429542542, 93.2690353394, 93.7747039795, 41.0671920776, 16.5638904572, 1.49891149998, 0.377082288265, 0.19926032424, 0.176681086421, 0.0359030030668, 0.0116637218744, 0.00805827975273, 0.00212118402123, 0.000303414708469, 0.000235634186538], "mean": [0.0019771035295, 0.0902592614293, 0.999750196934, 2.85791969299, 3.96051096916, 3.87484359741, 11.5085363388, 47.6949577332, 31.3136844635, 22.0068054199, 81.6757965088, 29.9889583588, 28.7068805695, 15.0728168488, 11.0122718811, 15.4991664886, 26.0074501038, 11.7446107864, 11.391453743, 9.43576526642, 9.66864109039, 5.30067110062, 3.84797430038, 6.04374265671, 2.27768039703, 0.941452264786, 1.74203979969, 0.666516423225, 0.641814291477, 0.184370577335, 0.02559399046, 0.0114337699488, 0.00812173262239, 0.00402584392577, 0.00152617821004, 0.000507661665324, 0.000141934040585, 2.31022895605e-05, 1.00683573692e-05, 1.93351570488e-05], "median": [0.000168411817867, 0.00195775250904, 0.0154387969524, 0.0419140532613, 0.195750102401, 0.46131592989, 1.56742310524, 4.27608394623, 6.04089069366, 5.20766448975, 5.97897863388, 5.83836269379, 5.63945007324, 3.11468982697, 1.54715466499, 1.96509110928, 1.87522399426, 2.36297345161, 1.64314436913, 1.00354230404, 0.902523040771, 0.669419884682, 0.501595139503, 0.327447533607, 0.144631713629, 0.0654231160879, 0.0350721925497, 0.0151184126735, 0.0066590947099, 0.00234360923059, 0.000914782867767, 0.00049835536629, 0.000326384877553, 0.000179734299309, 9.32021212066e-05, 4.75675769849e-05, 1.75840359589e-05, 3.47179729943e-06, 2.85829901259e-06, 5.47696163267e-06], "min": [6.22403176284e-22, 4.9063159824e-22, 1.25136246574e-20, 3.66758958909e-20, 5.38616620224e-20, 2.34007172243e-19, 1.436151755e-19, 8.13369694853e-19, 9.92840487419e-19, 1.34132061595e-18, 5.56016280399e-19, 1.40139729627e-18, 2.4309684286e-18, 3.99146781524e-18, 5.38140380034e-18, 3.58529152879e-18, 5.14029099154e-18, 5.74947601187e-18, 6.48997223213e-18, 4.0116291019e-18, 7.26770812356e-18, 1.29114704531e-17, 1.07616338314e-17, 1.29010397056e-17, 9.52841920745e-18, 1.18375683336e-17, 1.8304271148e-17, 1.72126508197e-17, 1.74436724387e-17, 1.72980009697e-17, 1.99532705883e-17, 1.50872648297e-17, 1.09266919324e-17, 7.71793591353e-18, 8.74464489754e-18, 5.15892861151e-18, 2.69781482626e-18, 1.52309655409e-18, 3.49124476376e-19, 3.79920759548e-20], "var": [4.06750950788e-05, 0.0897693037987, 10.4782371521, 129.468704224, 209.732421875, 64.3436737061, 401.839172363, 7306.20166016, 2552.25463867, 1126.23266602, 35755.2226562, 2808.53100586, 3376.05541992, 1089.24108887, 414.666992188, 793.647766113, 5366.56835938, 484.922698975, 453.78024292, 378.412475586, 407.942657471, 131.649093628, 62.6191291809, 285.434906006, 39.6063690186, 5.43625020981, 46.657333374, 15.1830358505, 9.10597991943, 0.827500581741, 0.00385496416129, 0.000604404718615, 0.000265742914053, 7.48760212446e-05, 1.02952089946e-05, 1.08108827135e-06, 1.76438973654e-07, 9.5924939103e-09, 2.94135354961e-10, 6.47517817143e-10]}, "gfcc": {"mean": [-230.312133789, 162.469009399, -141.45413208, -17.0968761444, -58.2956771851, -26.4451408386, -29.6019592285, -4.24716615677, -9.76442623138, -1.56599152088, -6.51349163055, -9.87274742126, -3.69306325912], "cov": [[42808.8867188, 3008.01000977, -7390.41796875, 2283.29101562, -989.647338867, -627.161315918, -992.318481445, -1064.43237305, -1232.90466309, -667.222167969, -763.145874023, -618.618652344, -492.599914551], [3008.01000977, 2844.61865234, -66.233253479, -721.468444824, 146.538604736, -95.7155075073, 18.8365859985, -118.092468262, 128.499755859, -127.010238647, 28.7187614441, -116.885612488, 41.1793899536], [-7390.41796875, -66.233253479, 2264.77612305, -527.240722656, 312.170715332, 204.163513184, 107.31652832, 88.6009750366, 221.398971558, 26.2381496429, 112.669219971, 145.731948853, 12.5181474686], [2283.29101562, -721.468444824, -527.240722656, 881.238464355, 42.3971672058, -24.2160968781, -8.28876495361, -45.0553321838, -166.504241943, -4.90213823318, -57.2363586426, 1.62011837959, -43.2604293823], [-989.647338867, 146.538604736, 312.170715332, 42.3971672058, 362.773010254, 85.5557250977, 17.1459732056, -30.8183460236, 25.7657814026, 11.2724685669, 43.5081748962, 24.5547924042, -36.8628883362], [-627.161315918, -95.7155075073, 204.163513184, -24.2160968781, 85.5557250977, 225.097915649, 48.1547775269, 62.7584648132, 22.2797203064, 16.5335483551, -12.5050582886, 13.179772377, -25.6878471375], [-992.318481445, 18.8365859985, 107.31652832, -8.28876495361, 17.1459732056, 48.1547775269, 190.252120972, 83.0225372314, 65.858505249, 24.2168655396, 5.21274995804, -5.73684024811, 36.2537269592], [-1064.43237305, -118.092468262, 88.6009750366, -45.0553321838, -30.8183460236, 62.7584648132, 83.0225372314, 169.474838257, 79.2452316284, 27.729347229, -6.73031663895, -11.2661008835, 23.7436637878], [-1232.90466309, 128.499755859, 221.398971558, -166.504241943, 25.7657814026, 22.2797203064, 65.858505249, 79.2452316284, 142.620605469, 44.0694847107, 34.4240150452, 3.76406621933, 29.3531322479], [-667.222167969, -127.010238647, 26.2381496429, -4.90213823318, 11.2724685669, 16.5335483551, 24.2168655396, 27.729347229, 44.0694847107, 93.5408554077, 56.6748352051, 28.0541744232, 20.8176994324], [-763.145874023, 28.7187614441, 112.669219971, -57.2363586426, 43.5081748962, -12.5050582886, 5.21274995804, -6.73031663895, 34.4240150452, 56.6748352051, 120.781402588, 64.3968505859, 28.9804954529], [-618.618652344, -116.885612488, 145.731948853, 1.62011837959, 24.5547924042, 13.179772377, -5.73684024811, -11.2661008835, 3.76406621933, 28.0541744232, 64.3968505859, 99.462097168, 26.3357429504], [-492.599914551, 41.1793899536, 12.5181474686, -43.2604293823, -36.8628883362, -25.6878471375, 36.2537269592, 23.7436637878, 29.3531322479, 20.8176994324, 28.9804954529, 26.3357429504, 94.8705368042]], "icov": [[0.000165053395904, -0.000296347134281, 0.0003679941874, -0.000420964090154, 0.00043173605809, -0.000345789710991, 0.000398193486035, 0.000462081487058, -7.31065956643e-05, 0.000226403251872, 0.000306267378619, -0.000229826633586, 0.000494626816362], [-0.000296347134281, 0.00125005026348, -0.000408122257795, 0.00134727777913, -0.00128482375294, 0.000618793885224, -0.000979986973107, -4.69813239761e-05, -0.00064884807216, 0.00106692290865, -0.0012489198707, 0.00126823363826, -0.00136246718466], [0.0003679941874, -0.000408122257795, 0.00168362946715, -0.000362414255505, 0.000267183117103, -0.00101176474709, 0.000601410167292, 0.00123164441902, -0.00119874603115, 0.00155672279652, 0.000667784770485, -0.00156722718384, 0.00125264294911], [-0.000420964090154, 0.00134727777913, -0.000362414255505, 0.00354544259608, -0.00242923339829, 0.00159019965213, -0.00202225567773, -0.00134190032259, 0.00213436689228, -0.000796317006461, 0.000174018990947, -0.000142756165587, -0.00100993504748], [0.00043173605809, -0.00128482375294, 0.000267183117103, -0.00242923339829, 0.00583932874724, -0.00269551458769, 0.00101031025406, 0.00274087442085, -0.00146258831955, 0.000615338503849, -0.00119627208915, 2.26695356105e-05, 0.00280009908602], [-0.000345789710991, 0.000618793885224, -0.00101176474709, 0.00159019965213, -0.00269551458769, 0.00783127639443, -0.00205751764588, -0.00406770035625, 0.00241115014069, -0.00289227580652, 0.00251119839959, -0.0021911454387, 0.00140175200067], [0.000398193486035, -0.000979986973107, 0.000601410167292, -0.00202225567773, 0.00101031025406, -0.00205751764588, 0.00901624001563, -0.00117902795319, -0.00225846585818, 0.000270560383797, 0.000607749097981, 0.000933387549594, -0.00162883719895], [0.000462081487058, -4.69813239761e-05, 0.00123164441902, -0.00134190032259, 0.00274087442085, -0.00406770035625, -0.00117902795319, 0.0135208386928, -0.00704696355388, 0.00186493713409, 0.000886761758011, 0.00159944873303, -0.000268279836746], [-7.31065956643e-05, -0.00064884807216, -0.00119874603115, 0.00213436689228, -0.00146258831955, 0.00241115014069, -0.00225846585818, -0.00704696355388, 0.0185833051801, -0.00753234978765, 8.68925271789e-05, 0.00116872950457, -0.000703089230228], [0.000226403251872, 0.00106692290865, 0.00155672279652, -0.000796317006461, 0.000615338503849, -0.00289227580652, 0.000270560383797, 0.00186493713409, -0.00753234978765, 0.0224974229932, -0.0101143745705, 0.00158566562459, -0.000926888373215], [0.000306267378619, -0.0012489198707, 0.000667784770485, 0.000174018990947, -0.00119627208915, 0.00251119839959, 0.000607749097981, 0.000886761758011, 8.68925271789e-05, -0.0101143745705, 0.0214554332197, -0.0116912918165, 0.000768458179664], [-0.000229826633586, 0.00126823363826, -0.00156722718384, -0.000142756165587, 2.26695356105e-05, -0.0021911454387, 0.000933387549594, 0.00159944873303, 0.00116872950457, 0.00158566562459, -0.0116912918165, 0.021622441709, -0.00608407752588], [0.000494626816362, -0.00136246718466, 0.00125264294911, -0.00100993504748, 0.00280009908602, 0.00140175200067, -0.00162883719895, -0.000268279836746, -0.000703089230228, -0.000926888373215, 0.000768458179664, -0.00608407752588, 0.0171067733318]]}, "melbands": {"dmean": [2.40221761487e-05, 0.000211647085962, 0.000348619360011, 0.000163148346473, 0.000129285821458, 0.00028400705196, 0.000158099122928, 7.5279342127e-05, 0.00013158893853, 5.33962411282e-05, 4.8352390877e-05, 2.30796995311e-05, 1.74648612301e-05, 1.97344870685e-05, 1.97521330847e-05, 1.64004250109e-05, 1.14707354442e-05, 8.26419181976e-06, 8.82224867382e-06, 6.03212492933e-06, 5.93228605794e-06, 3.5094553823e-06, 1.94842755263e-06, 2.52618883678e-06, 5.67628694625e-06, 2.8925260267e-06, 3.47080401752e-07, 4.79121183616e-07, 1.59595208515e-06, 6.05037485002e-07, 4.16014387383e-07, 6.99146880834e-07, 4.05473599585e-07, 3.81414047013e-08, 9.22379772561e-09, 5.02468910923e-09, 4.57545645816e-09, 3.40596018056e-09, 4.61735627511e-09, 1.65261393459e-09], "dmean2": [3.89017222915e-05, 0.00035073410254, 0.000585376168601, 0.00027681447682, 0.000203658244573, 0.000467356585432, 0.00026609597262, 0.000116540591989, 0.000183512500371, 6.89852822688e-05, 6.03394473728e-05, 3.38256540999e-05, 2.59169228229e-05, 3.00486553897e-05, 2.88960600301e-05, 2.33824466704e-05, 1.84820237337e-05, 1.32787108669e-05, 1.36814360303e-05, 9.70381188381e-06, 9.62975536822e-06, 5.72938506593e-06, 3.28942610395e-06, 4.35830406786e-06, 1.01815421658e-05, 5.27528527527e-06, 5.9935138097e-07, 8.60585430473e-07, 2.90091065835e-06, 1.10934161057e-06, 7.74037573592e-07, 1.33977687256e-06, 7.79723961841e-07, 7.0957341336e-08, 1.61718780589e-08, 8.90273099685e-09, 8.29145108128e-09, 5.95796256775e-09, 8.41060199264e-09, 2.96501823094e-09], "dvar": [1.12468141467e-08, 8.24761912099e-07, 3.90190780308e-06, 4.18499524812e-07, 8.5469380906e-08, 4.7013432436e-07, 1.33587278128e-07, 2.05011652099e-08, 1.66779997812e-07, 2.30342003249e-08, 1.36292666042e-08, 5.14143660979e-09, 1.52913792739e-09, 1.96750682413e-09, 3.11448444812e-09, 2.40986186562e-09, 9.60541757244e-10, 3.96757460219e-10, 9.21712317581e-10, 4.49004389225e-10, 2.16285156451e-10, 1.02675069835e-10, 3.24676466268e-11, 4.45508525904e-11, 3.27794263955e-10, 1.43121181573e-10, 6.86510201985e-13, 4.44380643394e-12, 3.99507094073e-11, 5.06557859895e-12, 7.48935895939e-12, 1.08671951646e-11, 3.86327515117e-12, 2.2249077106e-14, 1.01856209539e-15, 3.0819997882e-16, 2.09276178815e-16, 6.94075737639e-17, 2.04650346602e-16, 2.4035881713e-17], "dvar2": [3.00031715028e-08, 2.18231753024e-06, 9.95610571408e-06, 1.06194124783e-06, 2.16612590975e-07, 1.42263900216e-06, 4.09304703908e-07, 4.74767531955e-08, 3.07462130422e-07, 3.83830460748e-08, 2.06545216486e-08, 1.02559853943e-08, 3.19157078543e-09, 4.49330839203e-09, 6.34834851354e-09, 4.88524598552e-09, 2.32330599204e-09, 9.3099056242e-10, 2.3281041539e-09, 1.21050991453e-09, 5.42884959209e-10, 2.56083432237e-10, 9.13634029542e-11, 1.25271459872e-10, 9.24295306959e-10, 4.08709566191e-10, 1.88007161922e-12, 1.29041031333e-11, 1.13054940409e-10, 1.44312461287e-11, 2.14468443005e-11, 3.17053397425e-11, 1.13353311113e-11, 6.3912200185e-14, 2.80399415167e-15, 8.8683687833e-16, 6.01372904941e-16, 1.96788411779e-16, 5.87429842657e-16, 6.90514890538e-17], "max": [0.00277302414179, 0.0208702199161, 0.0432196184993, 0.0113018006086, 0.00603900570422, 0.013046479784, 0.00790620688349, 0.0040542143397, 0.0158772673458, 0.00382950226776, 0.00400991132483, 0.00314807076938, 0.00091948203044, 0.00102721212897, 0.00156680331565, 0.00115614151582, 0.000968132051639, 0.00041365789366, 0.000992232118733, 0.000623713654932, 0.000284712266875, 0.000263186142547, 0.00015034651733, 9.52682385105e-05, 0.000269687414402, 0.000150316933286, 1.74720480572e-05, 3.97693547711e-05, 6.98549047229e-05, 3.03173728753e-05, 5.18482738698e-05, 3.46509659721e-05, 2.54022088484e-05, 2.61082095676e-06, 7.75153978338e-07, 3.59415281537e-07, 1.60740398769e-07, 1.45859942791e-07, 3.01477484754e-07, 8.44004262035e-08], "mean": [4.17474366259e-05, 0.000398552569095, 0.000551797216758, 0.00025821372401, 0.000369303044863, 0.00102656590752, 0.00043342623394, 0.000287626869977, 0.000625198241323, 0.000159983697813, 0.000138342438731, 5.68596551602e-05, 3.68664914276e-05, 3.50327427441e-05, 5.1098777476e-05, 4.30513136962e-05, 2.06235836231e-05, 1.59133705893e-05, 1.77800138772e-05, 1.08230333353e-05, 1.12897669169e-05, 6.2008293753e-06, 3.54515577783e-06, 3.69747067452e-06, 5.1821989473e-06, 2.55946338257e-06, 5.31443333784e-07, 5.76924435336e-07, 1.25297424347e-06, 5.00051385188e-07, 3.04231832615e-07, 4.29671842994e-07, 2.46091900635e-07, 3.25677369517e-08, 1.37623441532e-08, 7.90754040025e-09, 6.27385432495e-09, 5.71366243207e-09, 5.35488720033e-09, 2.65883137729e-09], "median": [2.31751255342e-06, 6.59276656734e-06, 1.29110540001e-05, 2.49043077929e-05, 5.19391032867e-05, 0.000104119826574, 8.38994019432e-05, 5.39820321137e-05, 4.42074233433e-05, 3.59447330993e-05, 2.34254002862e-05, 1.00507677416e-05, 3.93185382563e-06, 3.72510794477e-06, 4.28588964496e-06, 2.70604914476e-06, 2.81247548628e-06, 2.21310347115e-06, 1.18947366445e-06, 1.00880129139e-06, 9.18070668376e-07, 5.99587053784e-07, 3.23536198721e-07, 3.15089835112e-07, 2.32313254855e-07, 1.29980904262e-07, 4.73222137032e-08, 3.79329705424e-08, 2.49717349021e-08, 1.13676730251e-08, 6.55746701383e-09, 3.67357699815e-09, 1.98441574284e-09, 7.63711649476e-10, 4.88520890407e-10, 3.38952532708e-10, 2.46245190905e-10, 2.22605656131e-10, 1.76282682895e-10, 1.20386353664e-10], "min": [5.66380791261e-24, 4.7411384485e-24, 7.3027362574e-24, 9.1814968556e-24, 7.06454996226e-24, 1.68665908383e-23, 1.62953861232e-23, 1.17765423669e-23, 5.23368899822e-24, 9.55731334629e-24, 1.21564735561e-23, 1.54350055106e-23, 1.7877257342e-23, 8.07579548983e-24, 1.18042755609e-23, 1.20298700582e-23, 1.07213935745e-23, 1.32216755918e-23, 4.26730756805e-24, 6.1571299683e-24, 8.99311371599e-24, 1.27487621566e-23, 1.29543653409e-23, 8.19029155047e-24, 1.11599347623e-23, 7.33458809417e-24, 7.58589630161e-24, 7.26924595653e-24, 1.16269601398e-23, 1.08261511473e-23, 9.17616257816e-24, 9.55997969615e-24, 8.04588582861e-24, 1.14139968832e-23, 1.17383812206e-23, 1.16332071293e-23, 7.87903938057e-24, 7.69109090332e-24, 7.52531651725e-24, 5.65399527181e-24], "var": [2.30329781914e-08, 1.58770274084e-06, 4.46321746495e-06, 5.26115968569e-07, 4.02797297738e-07, 3.07501545649e-06, 4.9455388762e-07, 2.08829334269e-07, 2.05493824978e-06, 9.86617934018e-08, 8.32600264289e-08, 1.88838065185e-08, 4.56557591733e-09, 4.51825155068e-09, 1.67234706083e-08, 1.20704299889e-08, 1.98242156024e-09, 9.36141275609e-10, 1.95684490834e-09, 8.99242069696e-10, 5.36460154077e-10, 2.25997248693e-10, 6.62910074056e-11, 6.0326584006e-11, 2.39100017563e-10, 9.0564729327e-11, 1.01796284076e-12, 3.23298289182e-12, 2.52852946914e-11, 3.22116378709e-12, 4.40458563719e-12, 5.91357648613e-12, 2.07562049145e-12, 1.36489533868e-14, 1.10389833549e-15, 3.52985310659e-16, 2.11900458939e-16, 1.29495402828e-16, 1.75236280475e-16, 3.09833402449e-17]}, "mfcc": {"mean": [-828.46270752, 167.42237854, -16.740858078, 4.6033706665, -16.4709835052, -18.1811237335, -14.4135322571, -12.003194809, -3.70475149155, -0.727570533752, 1.44075894356, -0.238310456276, -2.21422576904], "cov": [[24752.0859375, 6285.28466797, -4946.59326172, 1289.9642334, -446.7734375, 100.681671143, -541.722106934, -576.823303223, -533.745483398, -977.140075684, -281.576873779, -303.977630615, -437.409912109], [6285.28466797, 3319.32714844, -680.629882812, 143.963912964, -41.4942054749, -106.345672607, -198.425735474, -200.846923828, -149.372009277, -184.961654663, -19.2826919556, -61.6963272095, -142.862197876], [-4946.59326172, -680.629882812, 1759.40075684, -245.787734985, 11.1885042191, -10.2468996048, 85.6511154175, 144.435668945, 123.237335205, 218.138122559, 111.65914917, 42.1221961975, 40.4308128357], [1289.9642334, 143.963912964, -245.787734985, 304.501617432, 94.4057998657, 80.9758758545, 18.8444232941, -1.25071489811, -14.8944206238, -80.7188796997, -28.46941185, -14.8724708557, 8.47326564789], [-446.7734375, -41.4942054749, 11.1885042191, 94.4057998657, 325.046173096, 118.319725037, 59.1565093994, 37.4352722168, -21.6628723145, -26.3049850464, -20.4250411987, 39.8952293396, 68.5316925049], [100.681671143, -106.345672607, -10.2468996048, 80.9758758545, 118.319725037, 209.25579834, 82.6886901855, 43.7080726624, -5.76144361496, -48.9517936707, 8.62066841125, 5.33630180359, 27.7324810028], [-541.722106934, -198.425735474, 85.6511154175, 18.8444232941, 59.1565093994, 82.6886901855, 115.890701294, 63.3515129089, 36.121547699, 23.971534729, 7.50716352463, 20.6793994904, 30.8109073639], [-576.823303223, -200.846923828, 144.435668945, -1.25071489811, 37.4352722168, 43.7080726624, 63.3515129089, 112.918998718, 68.7481842041, 44.6402664185, 22.0109806061, 0.267321586609, 25.4772720337], [-533.745483398, -149.372009277, 123.237335205, -14.8944206238, -21.6628723145, -5.76144361496, 36.121547699, 68.7481842041, 132.989089966, 100.107948303, 15.769982338, 2.77051258087, 6.67375898361], [-977.140075684, -184.961654663, 218.138122559, -80.7188796997, -26.3049850464, -48.9517936707, 23.971534729, 44.6402664185, 100.107948303, 168.907302856, 48.0196876526, 8.5051279068, 19.0322265625], [-281.576873779, -19.2826919556, 111.65914917, -28.46941185, -20.4250411987, 8.62066841125, 7.50716352463, 22.0109806061, 15.769982338, 48.0196876526, 93.676109314, 20.4109477997, 9.58988761902], [-303.977630615, -61.6963272095, 42.1221961975, -14.8724708557, 39.8952293396, 5.33630180359, 20.6793994904, 0.267321586609, 2.77051258087, 8.5051279068, 20.4109477997, 88.6534805298, 43.1308670044], [-437.409912109, -142.862197876, 40.4308128357, 8.47326564789, 68.5316925049, 27.7324810028, 30.8109073639, 25.4772720337, 6.67375898361, 19.0322265625, 9.58988761902, 43.1308670044, 120.743133545]], "icov": [[0.000601492356509, -0.000827022653539, 0.00112489471212, -0.00149173638783, 0.00155766680837, -0.00138256628998, 0.00143160799053, -0.00127706245985, 0.000928359047975, -0.000357311946573, 0.000607063004281, -0.000591405609157, 0.000434130430222], [-0.000827022653539, 0.00152803759556, -0.00146662280895, 0.00197015074082, -0.00233593792655, 0.00212191324681, -0.00173441320658, 0.00219993153587, -0.00148877175525, 0.000875878497027, -0.00128858489916, 0.000994771136902, -0.000327121408191], [0.00112489471212, -0.00146662280895, 0.00290865986608, -0.00233116582967, 0.00276340707205, -0.00258672982454, 0.00264474190772, -0.0030666841194, 0.00196816283278, -0.00128199358005, 0.000744228309486, -0.00122877419926, 0.00100041099358], [-0.00149173638783, 0.00197015074082, -0.00233116582967, 0.0086777433753, -0.00527860643342, 0.00308905495331, -0.00437167612836, 0.00438603200018, -0.00515627441928, 0.00401604408398, -0.0024900205899, 0.00320069422014, -0.00171831296757], [0.00155766680837, -0.00233593792655, 0.00276340707205, -0.00527860643342, 0.00955458823591, -0.0065266857855, 0.00461329938844, -0.0061565078795, 0.00609956681728, -0.00387729657814, 0.00498635135591, -0.00440056715161, -2.8072961868e-05], [-0.00138256628998, 0.00212191324681, -0.00258672982454, 0.00308905495331, -0.0065266857855, 0.0139917405322, -0.0104256942868, 0.00449139531702, -0.0050818505697, 0.00724127469584, -0.00634448369965, 0.00474727526307, -0.00169745355379], [0.00143160799053, -0.00173441320658, 0.00264474190772, -0.00437167612836, 0.00461329938844, -0.0104256942868, 0.0225409269333, -0.0113521832973, 0.00473271822557, -0.00592412846163, 0.0058182310313, -0.0066363546066, 0.00155553407967], [-0.00127706245985, 0.00219993153587, -0.0030666841194, 0.00438603200018, -0.0061565078795, 0.00449139531702, -0.0113521832973, 0.0252708382905, -0.0146289262921, 0.00726097868755, -0.00775355892256, 0.00780409527943, -0.00378485349938], [0.000928359047975, -0.00148877175525, 0.00196816283278, -0.00515627441928, 0.00609956681728, -0.0050818505697, 0.00473271822557, -0.0146289262921, 0.0252382270992, -0.0160157233477, 0.00834291614592, -0.00603286968544, 0.00351060181856], [-0.000357311946573, 0.000875878497027, -0.00128199358005, 0.00401604408398, -0.00387729657814, 0.00724127469584, -0.00592412846163, 0.00726097868755, -0.0160157233477, 0.0212155543268, -0.00997217278928, 0.00570124667138, -0.00329694664106], [0.000607063004281, -0.00128858489916, 0.000744228309486, -0.0024900205899, 0.00498635135591, -0.00634448369965, 0.0058182310313, -0.00775355892256, 0.00834291614592, -0.00997217278928, 0.0187243372202, -0.00715537834913, 0.00155802897643], [-0.000591405609157, 0.000994771136902, -0.00122877419926, 0.00320069422014, -0.00440056715161, 0.00474727526307, -0.0066363546066, 0.00780409527943, -0.00603286968544, 0.00570124667138, -0.00715537834913, 0.0184492338449, -0.00591171951964], [0.000434130430222, -0.000327121408191, 0.00100041099358, -0.00171831296757, -2.8072961868e-05, -0.00169745355379, 0.00155553407967, -0.00378485349938, 0.00351060181856, -0.00329694664106, 0.00155802897643, -0.00591171951964, 0.0123744206503]]}, "spectral_contrast_coeffs": {"dmean": [0.0399821996689, 0.0333330892026, 0.0286423116922, 0.0257354918867, 0.0189389530569, 0.0161884371191], "dmean2": [0.066379763186, 0.0559237152338, 0.0462257713079, 0.0422998219728, 0.0321879945695, 0.0276049431413], "dvar": [0.00122325122356, 0.000914505973924, 0.000693845096976, 0.00053323287284, 0.000308579095872, 0.000359351892257], "dvar2": [0.00325022661127, 0.00242812256329, 0.00164339423645, 0.00138714304194, 0.000882458582055, 0.000909702386707], "max": [-0.280587375164, -0.374902278185, -0.485069841146, -0.571107149124, -0.626876473427, -0.598752617836], "mean": [-0.643644988537, -0.694883525372, -0.728717148304, -0.751796483994, -0.782420873642, -0.773744702339], "median": [-0.630987584591, -0.693085372448, -0.724060893059, -0.74592602253, -0.769027590752, -0.75003939867], "min": [-0.983556509018, -0.960449814796, -0.967333316803, -0.970598459244, -0.960677683353, -0.960929512978], "var": [0.0141351744533, 0.00941678043455, 0.00654847128317, 0.00444594072178, 0.00408679898828, 0.00589886540547]}, "spectral_contrast_valleys": {"dmean": [0.403901487589, 0.291173011065, 0.2763479352, 0.245944604278, 0.231307327747, 0.235525012016], "dmean2": [0.658999443054, 0.485447376966, 0.451334327459, 0.410525411367, 0.385461211205, 0.396377027035], "dvar": [0.137918680906, 0.108211159706, 0.0958280861378, 0.089