{"lowlevel": {"average_loudness": 0.856206357479, "barkbands_crest": {"dmean": 2.63274121284, "dmean2": 3.96458983421, "dvar": 8.01899433136, "dvar2": 18.7872886658, "max": 26.3645935059, "mean": 14.8277950287, "median": 14.3361186981, "min": 2.71517896652, "var": 24.8575668335}, "barkbands_flatness_db": {"dmean": 0.0695148482919, "dmean2": 0.0961316376925, "dvar": 0.00679618492723, "dvar2": 0.0132414717227, "max": 0.761217713356, "mean": 0.35085824132, "median": 0.330397754908, "min": 0.0356264151633, "var": 0.024424072355}, "barkbands_kurtosis": {"dmean": 10.904718399, "dmean2": 18.0787220001, "dvar": 1386.39245605, "dvar2": 3341.98754883, "max": 1235.69213867, "mean": 13.4595222473, "median": 2.96236014366, "min": -1.89581596851, "var": 1598.70349121}, "barkbands_skewness": {"dmean": 1.04334437847, "dmean2": 1.59963691235, "dvar": 2.26010465622, "dvar2": 5.49254417419, "max": 29.1280956268, "mean": 1.38750982285, "median": 1.04362046719, "min": -7.7053437233, "var": 4.82510232925}, "barkbands_spread": {"dmean": 4.45803833008, "dmean2": 7.35954236984, "dvar": 88.4892730713, "dvar2": 228.649581909, "max": 118.738960266, "mean": 9.4409828186, "median": 5.06623458862, "min": 0.0764490067959, "var": 237.480026245}, "dissonance": {"dmean": 0.0618827268481, "dmean2": 0.0990317389369, "dvar": 0.00432593142614, "dvar2": 0.00981457158923, "max": 0.5, "mean": 0.30580624938, "median": 0.34040004015, "min": 0.0183940324932, "var": 0.0196421351284}, "dynamic_complexity": 5.54972791672, "erbbands_crest": {"dmean": 3.25160932541, "dmean2": 4.96701717377, "dvar": 15.4015426636, "dvar2": 34.803440094, "max": 34.4475326538, "mean": 17.5179958344, "median": 17.6758022308, "min": 2.34163951874, "var": 55.9490852356}, "erbbands_flatness_db": {"dmean": 0.0634159445763, "dmean2": 0.089642599225, "dvar": 0.00601820182055, "dvar2": 0.0119693987072, "max": 0.699216723442, "mean": 0.342845886946, "median": 0.32268768549, "min": 0.0564299896359, "var": 0.0219175238162}, "erbbands_kurtosis": {"dmean": 6.2596578598, "dmean2": 10.5171699524, "dvar": 274.642059326, "dvar2": 740.171691895, "max": 421.808013916, "mean": 8.21700763702, "median": 2.74706697464, "min": -1.85423099995, "var": 326.234832764}, "erbbands_skewness": {"dmean": 0.820505738258, "dmean2": 1.28219485283, "dvar": 1.24759840965, "dvar2": 2.99554085732, "max": 13.8794555664, "mean": 0.868172168732, "median": 0.541275322437, "min": -15.8213644028, "var": 2.99627757072}, "erbbands_spread": {"dmean": 8.80294132233, "dmean2": 14.8911113739, "dvar": 281.19833374, "dvar2": 696.377380371, "max": 185.379013062, "mean": 15.7090463638, "median": 8.83428764343, "min": 0.267595350742, "var": 387.442993164}, "hfc": {"dmean": 5.56434965134, "dmean2": 8.28211116791, "dvar": 83.9931640625, "dvar2": 207.297348022, "max": 82.1049423218, "mean": 12.2648954391, "median": 7.29665708542, "min": 1.16372043443e-16, "var": 185.574386597}, "melbands_crest": {"dmean": 3.06159162521, "dmean2": 4.56800174713, "dvar": 10.9983301163, "dvar2": 25.911529541, "max": 33.8644180298, "mean": 18.000377655, "median": 17.2466239929, "min": 2.19567894936, "var": 39.322227478}, "melbands_flatness_db": {"dmean": 0.0782525986433, "dmean2": 0.107812583447, "dvar": 0.00878010969609, "dvar2": 0.0170370973647, "max": 0.883791267872, "mean": 0.449998378754, "median": 0.427035212517, "min": 0.00478014582768, "var": 0.0323151275516}, "melbands_kurtosis": {"dmean": 13.9189014435, "dmean2": 23.1845302582, "dvar": 1513.34851074, "dvar2": 4040.79321289, "max": 762.840820312, "mean": 17.2094097137, "median": 4.65466213226, "min": -1.96046614647, "var": 1591.78845215}, "melbands_skewness": {"dmean": 1.09933614731, "dmean2": 1.69756436348, "dvar": 2.49311375618, "dvar2": 6.10648012161, "max": 21.500875473, "mean": 1.75482225418, "median": 1.30193376541, "min": -5.55946969986, "var": 5.1550526619}, "melbands_spread": {"dmean": 4.1668305397, "dmean2": 6.59393930435, "dvar": 101.513275146, "dvar2": 258.183013916, "max": 216.307800293, "mean": 10.5476770401, "median": 6.41829681396, "min": 0.151902928948, "var": 404.256286621}, "pitch_salience": {"dmean": 0.0756604596972, "dmean2": 0.118152350187, "dvar": 0.00886395107955, "dvar2": 0.0215829461813, "max": 0.92394310236, "mean": 0.439254701138, "median": 0.430025875568, "min": 0.0395434238017, "var": 0.0176266338676}, "silence_rate_20dB": {"dmean": 0, "dmean2": 0, "dvar": 0, "dvar2": 0, "max": 1, "mean": 1, "median": 1, "min": 1, "var": 0}, "silence_rate_30dB": {"dmean": 0.00910249445587, "dmean2": 0.0182083025575, "dvar": 0.0090198032558, "dvar2": 0.0229735281318, "max": 1, "mean": 0.991991281509, "median": 1, "min": 0, "var": 0.00794507469982}, "silence_rate_60dB": {"dmean": 0.0859275460243, "dmean2": 0.171886384487, "dvar": 0.0785458236933, "dvar2": 0.157270699739, "max": 1, "mean": 0.216053873301, "median": 0, "min": 0, "var": 0.16937918961}, "spectral_centroid": {"dmean": 154.865432739, "dmean2": 244.141311646, "dvar": 107042.367188, "dvar2": 251154.78125, "max": 11010.2226562, "mean": 657.019104004, "median": 527.730712891, "min": 97.2304916382, "var": 268616.75}, "spectral_complexity": {"dmean": 2.5079190731, "dmean2": 3.78805541992, "dvar": 20.7729415894, "dvar2": 44.159992218, "max": 42, "mean": 7.53549337387, "median": 5, "min": 0, "var": 59.6661300659}, "spectral_decrease": {"dmean": 2.47642195639e-09, "dmean2": 3.35500893733e-09, "dvar": 1.27884844125e-17, "dvar2": 2.76708226901e-17, "max": 3.01962096497e-18, "mean": -7.21297110928e-09, "median": -5.02525754342e-09, "min": -4.46382415475e-08, "var": 5.05794143924e-17}, "spectral_energy": {"dmean": 0.00972746033221, "dmean2": 0.0132100768387, "dvar": 0.000196587818209, "dvar2": 0.000427429826232, "max": 0.173445105553, "mean": 0.0283358208835, "median": 0.0198680721223, "min": 1.0700001276e-20, "var": 0.000772138067987}, "spectral_energyband_high": {"dmean": 0.000204996773391, "dmean2": 0.000384067418054, "dvar": 3.22623748161e-07, "dvar2": 9.1014192094e-07, "max": 0.00363224139437, "mean": 0.000121967445011, "median": 1.05408651052e-06, "min": 8.02369394703e-21, "var": 1.88071709317e-07}, "spectral_energyband_low": {"dmean": 0.00448222691193, "dmean2": 0.00642675161362, "dvar": 8.97994468687e-05, "dvar2": 0.000170431812876, "max": 0.139546483755, "mean": 0.0110634723678, "median": 0.000421072443714, "min": 3.49144346179e-23, "var": 0.000329493166646}, "spectral_energyband_middle_high": {"dmean": 0.0012108477531, "dmean2": 0.00172502559144, "dvar": 7.30081774236e-06, "dvar2": 1.38645373227e-05, "max": 0.0350161008537, "mean": 0.00237769004889, "median": 0.000260989763774, "min": 1.49928848821e-21, "var": 1.88464273378e-05}, "spectral_energyband_middle_low": {"dmean": 0.00605365913361, "dmean2": 0.00817972514778, "dvar": 8.21559078759e-05, "dvar2": 0.000200888462132, "max": 0.102556452155, "mean": 0.0157873723656, "median": 0.00974608864635, "min": 4.05322539119e-22, "var": 0.000278532475932}, "spectral_entropy": {"dmean": 0.624524056911, "dmean2": 0.918361961842, "dvar": 0.653428912163, "dvar2": 1.34451830387, "max": 9.80636787415, "mean": 5.7158613205, "median": 5.78009796143, "min": 2.88694190979, "var": 1.90416407585}, "spectral_flux": {"dmean": 0.0319128297269, "dmean2": 0.0492509864271, "dvar": 0.00182826537639, "dvar2": 0.00387991638854, "max": 0.341404855251, "mean": 0.0586152039468, "median": 0.0388746187091, "min": 1.03440811472e-10, "var": 0.00312982266769}, "spectral_kurtosis": {"dmean": 55.0934638977, "dmean2": 86.4451675415, "dvar": 8099.74316406, "dvar2": 19268.4121094, "max": 1141.11865234, "mean": 90.7980270386, "median": 35.6902351379, "min": -1.17807424068, "var": 15895.9208984}, "spectral_rms": {"dmean": 0.000952296482865, "dmean2": 0.0012201347854, "dvar": 1.55484769948e-06, "dvar2": 3.15008423968e-06, "max": 0.0130082564428, "mean": 0.00443023908883, "median": 0.00440266821533, "min": 3.23094806118e-12, "var": 8.01771784609e-06}, "spectral_rolloff": {"dmean": 298.00378418, "dmean2": 542.320556641, "dvar": 1358469, "dvar2": 3750286, "max": 18733.8867188, "mean": 1018.28063965, "median": 581.396484375, "min": 64.599609375, "var": 5539977}, "spectral_skewness": {"dmean": 2.22166323662, "dmean2": 3.30849409103, "dvar": 7.44247245789, "dvar2": 14.582069397, "max": 27.7513523102, "mean": 6.30804538727, "median": 4.5079741478, "min": 0.0152864074335, "var": 24.7003154755}, "spectral_spread": {"dmean": 1445003, "dmean2": 2253494, "dvar": 4298410033150.0, "dvar2": 8227024535550.0, "max": 40211572, "mean": 2797993.5, "median": 1679497, "min": 108835.15625, "var": 8569674006530.0}, "spectral_strongpeak": {"dmean": 0.432578206062, "dmean2": 0.639941930771, "dvar": 0.529825925827, "dvar2": 1.14205288887, "max": 6.11219406128, "mean": 1.29822599888, "median": 0.661790013313, "min": 0, "var": 1.88335478306}, "zerocrossingrate": {"dmean": 0.00707532232627, "dmean2": 0.00952797476202, "dvar": 0.00015854940284, "dvar2": 0.000233295446378, "max": 0.70703125, "mean": 0.0369374901056, "median": 0.0244140625, "min": 0.001953125, "var": 0.00409981794655}, "barkbands": {"dmean": [0.000188700520084, 0.00270160473883, 0.0015559180174, 0.0010989838047, 0.00195103790611, 0.00129015289713, 0.000531183031853, 0.00139046367258, 0.00104762823321, 0.000350635586074, 0.000167672056705, 0.000235772211454, 0.000233276470681, 0.000170453451574, 0.000222801230848, 0.000139088413562, 0.000101517303847, 7.07798317308e-05, 4.61850286229e-05, 1.88798003364e-05, 1.77027650352e-05, 2.86501035589e-05, 2.885351023e-05, 3.59500809282e-05, 5.46901974303e-05, 2.67820905719e-05, 3.91457842852e-06], "dmean2": [0.000306096742861, 0.00383256562054, 0.00232813856564, 0.00187245290726, 0.00305514433421, 0.0014999799896, 0.000696481438354, 0.00172171497252, 0.00140352582093, 0.000474544445751, 0.000247125251917, 0.000378159951651, 0.000343911029631, 0.000268036586931, 0.000357643206371, 0.000220043657464, 0.000139318828587, 0.000117138137284, 7.64608703321e-05, 3.20429899148e-05, 3.2462998206e-05, 5.39715765626e-05, 5.43252717762e-05, 6.80342855048e-05, 0.000103548394691, 5.07397126057e-05, 7.28758777768e-06], "dvar": [3.28732625121e-07, 4.44051474915e-05, 1.18603020383e-05, 1.0397288861e-05, 2.39015571424e-05, 6.75987303111e-06, 9.64073137766e-07, 9.74188878899e-06, 6.99301199347e-06, 1.95461348085e-06, 1.75996660801e-07, 4.74545970519e-07, 2.66341714905e-07, 3.60116899856e-07, 5.78926574235e-07, 1.9388983219e-07, 9.37040951499e-08, 4.13810532507e-08, 1.80882633316e-08, 1.55942858626e-09, 2.11302708664e-09, 6.98443125557e-09, 6.58290710831e-09, 1.08565760826e-08, 2.8991751222e-08, 6.12529582611e-09, 1.16138203221e-10], "dvar2": [8.13305518932e-07, 8.26592804515e-05, 2.81082484435e-05, 2.92985587294e-05, 6.08479895163e-05, 9.44106341194e-06, 1.81377788522e-06, 1.69932554854e-05, 1.21452494568e-05, 3.35380445904e-06, 3.98519460987e-07, 1.26148199797e-06, 6.40890959858e-07, 7.36383981348e-07, 1.42926285207e-06, 4.40738858742e-07, 1.6427951266e-07, 1.0278287732e-07, 4.38264535774e-08, 4.09853040395e-09, 5.93750648648e-09, 1.96899243576e-08, 1.84916295609e-08, 3.06089908975e-08, 8.26041670621e-08, 1.73437442186e-08, 3.2494745783e-10], "max": [0.0119874002412, 0.0941237360239, 0.0518088042736, 0.031406506896, 0.094008743763, 0.0633496195078, 0.0146003765985, 0.0512731000781, 0.0461634136736, 0.0374469272792, 0.0112741338089, 0.0112385796383, 0.00744003383443, 0.00820447411388, 0.0100285159424, 0.00616333866492, 0.00345683377236, 0.00219335127622, 0.00154015410226, 0.0002878397936, 0.000393001857447, 0.000652620685287, 0.000478411500808, 0.000629739370197, 0.00144859834109, 0.000563879555557, 9.56533403951e-05], "mean": [0.000279430969385, 0.00717347767204, 0.00279908138327, 0.00135522673372, 0.00281253061257, 0.00292250979692, 0.00107442028821, 0.00354137318209, 0.00364605314098, 0.000581545173191, 0.0003514647251, 0.000353675422957, 0.000475031440146, 0.000207984208828, 0.000238336957409, 0.000146068094182, 0.000134278045152, 6.82825630065e-05, 4.36506343249e-05, 1.69089453266e-05, 1.17882655104e-05, 1.67975049408e-05, 1.67545040313e-05, 2.06435288419e-05, 3.08639500872e-05, 1.52098518811e-05, 2.40805638896e-06], "median": [3.30967350237e-06, 5.42225207028e-05, 6.53680617688e-05, 7.28880768293e-05, 0.000403923273552, 0.000608447706327, 0.000201424059924, 0.00076029979391, 0.000127838662593, 1.57200338435e-05, 1.80526130862e-05, 6.19396723778e-06, 1.36617754833e-05, 6.57705277263e-06, 3.63662411473e-06, 2.28916860578e-06, 1.20586423691e-06, 8.78191315223e-07, 4.8222273108e-07, 2.53660886074e-07, 1.40483024325e-07, 7.20353625638e-08, 3.713793717e-08, 4.27292938809e-08, 5.5930140519e-08, 3.39643406733e-08, 4.52590276367e-09], "min": [4.35276841979e-24, 1.64383450741e-23, 1.44102789418e-24, 4.87461387143e-23, 9.4043825624e-23, 6.22833073923e-23, 6.90682811054e-23, 3.27038065477e-23, 8.04066861812e-23, 6.521566746e-23, 6.63500178873e-23, 7.23978925924e-23, 1.01794365085e-22, 8.02537418289e-23, 1.07493872504e-22, 2.07499978269e-22, 1.86113151335e-22, 2.02438596214e-22, 2.3050646917e-22, 3.09643657274e-22, 4.45846361685e-22, 6.54543111367e-22, 5.68579941405e-22, 7.95458054308e-22, 1.34537927698e-21, 1.9066870568e-21, 2.27746894884e-21], "var": [5.61221895623e-07, 0.000167544290889, 2.22520084208e-05, 1.06422494355e-05, 4.32888627984e-05, 3.10661453113e-05, 3.72699560103e-06, 4.45867844974e-05, 6.29744827165e-05, 5.74200612391e-06, 1.30104558593e-06, 8.01342878276e-07, 1.01761963833e-06, 5.41851022717e-07, 6.5175021291e-07, 2.57959243299e-07, 2.01605715233e-07, 4.67677772065e-08, 2.13582733721e-08, 1.58071855605e-09, 1.29485944189e-09, 4.06378442008e-09, 3.84724252456e-09, 6.27698026889e-09, 1.64037068373e-08, 3.50528339688e-09, 7.06626979152e-11]}, "erbbands": {"dmean": [0.109130382538, 0.569194376469, 1.45640718937, 3.18358016014, 5.1299290657, 6.75027751923, 5.51656961441, 12.5959644318, 10.1763925552, 22.4288387299, 22.0789546967, 28.8697395325, 14.0266218185, 4.96784496307, 7.19199228287, 11.3427753448, 11.4038591385, 9.99859523773, 5.84252977371, 14.4491939545, 6.72237873077, 5.18941640854, 3.96953010559, 3.32276654243, 1.53024673462, 0.968508243561, 0.809902429581, 0.71067494154, 0.949285566807, 0.765310764313, 0.903704226017, 0.668863594532, 0.652074158192, 0.665408968925, 0.35787332058, 0.168719872832, 0.0366589911282, 0.00748669356108, 0.000665770552587, 3.20203398587e-05], "dmean2": [0.163872167468, 0.811230421066, 2.23703432083, 5.13359975815, 8.15494632721, 10.8186702728, 8.64443492889, 13.906537056, 11.2058486938, 29.2805080414, 28.5706310272, 36.3376350403, 19.2806835175, 7.31091451645, 10.7335014343, 17.9484596252, 16.4091396332, 15.5917510986, 8.55159091949, 22.1733627319, 10.6776676178, 7.26204586029, 6.45650720596, 5.53284025192, 2.47739744186, 1.64326035976, 1.48702538013, 1.31607484818, 1.77850008011, 1.4404989481, 1.7043479681, 1.2639528513, 1.23496961594, 1.2658444643, 0.675926804543, 0.320772439241, 0.0692353919148, 0.0140695562586, 0.00123268144671, 5.50074146304e-05], "dvar": [0.0718492716551, 1.86138999462, 10.0838975906, 67.7074966431, 151.984130859, 430.202880859, 251.903762817, 811.198364258, 508.565093994, 3242.93530273, 2109.5144043, 5137.45361328, 3052.35791016, 153.09185791, 286.87512207, 1072.48840332, 597.196960449, 1166.68847656, 302.966461182, 2688.72558594, 352.551940918, 243.513931274, 124.52633667, 95.4870376587, 15.5537214279, 3.95350551605, 5.76344013214, 3.25024294853, 8.15173625946, 4.37646865845, 6.55905389786, 3.75993442535, 3.6451048851, 4.51706409454, 1.21255767345, 0.265720516443, 0.0109994858503, 0.000422089389758, 3.10156860905e-06, 6.04155747652e-09], "dvar2": [0.154933035374, 3.43695235252, 23.2653903961, 184.55329895, 413.451843262, 1067.51391602, 639.402526855, 1000.99853516, 632.239746094, 6236.51416016, 3422.30615234, 8168.54931641, 5328.38476562, 351.873565674, 615.842651367, 2845.94946289, 1372.0456543, 2391.79833984, 604.993103027, 6512.80712891, 823.904846191, 431.289916992, 294.435913086, 240.055541992, 34.0689620972, 10.0911531448, 16.4216766357, 9.06888103485, 22.9584903717, 12.3220071793, 18.4425640106, 10.5902442932, 10.292719841, 12.9146823883, 3.4428384304, 0.756693959236, 0.0309395194054, 0.00118356361054, 8.63583682076e-06, 1.71999037235e-08], "max": [3.3394010067, 18.5216217041, 58.1008872986, 73.9723968506, 128.266113281, 479.564056396, 179.762207031, 757.551696777, 398.223266602, 1054.66772461, 991.003540039, 1304.3034668, 1459.00268555, 222.539794922, 428.711669922, 569.716369629, 397.374481201, 468.995147705, 231.467224121, 757.536621094, 200.641540527, 160.147781372, 117.990608215, 110.322860718, 31.7756156921, 12.5781755447, 23.5829772949, 13.203250885, 22.7987861633, 14.2815818787, 16.2153320312, 13.8337154388, 12.7411766052, 18.6223297119, 8.81800842285, 4.1692700386, 0.663801968098, 0.133752003312, 0.0156875625253, 0.000745422730688], "mean": [0.243215918541, 1.47311377525, 2.86143326759, 4.70450401306, 6.99737977982, 9.31526851654, 9.54853343964, 28.822769165, 22.8291664124, 48.7571792603, 67.9348526001, 106.789054871, 26.5739421844, 8.28733825684, 15.0175991058, 19.5675945282, 24.8009910583, 12.7718963623, 7.12299871445, 15.3554725647, 7.45537805557, 6.64910316467, 4.24565458298, 3.09810423851, 1.53927576542, 0.87525755167, 0.568553388119, 0.451533645391, 0.56436419487, 0.446374595165, 0.52208083868, 0.38609367609, 0.373121798038, 0.37341427803, 0.203380599618, 0.0947892069817, 0.0211041849107, 0.00434269569814, 0.000432425615145, 4.6814311645e-05], "median": [0.00198702630587, 0.0191127248108, 0.0940321087837, 0.299374789, 0.836169958115, 1.16569900513, 2.17420244217, 4.42738056183, 2.59205627441, 16.2424163818, 15.3090724945, 4.58270168304, 2.14231491089, 0.744099736214, 1.64297747612, 0.886037111282, 0.990536093712, 0.589708089828, 0.246633946896, 0.233081668615, 0.122387990355, 0.0646593868732, 0.0593561790884, 0.0397716537118, 0.0232986882329, 0.0145411286503, 0.00763559201732, 0.00469348486513, 0.00298947282135, 0.00144439097494, 0.00104705966078, 0.000812237267382, 0.000818242668174, 0.000671275542118, 0.000374854600523, 0.000163987482665, 6.17599725956e-05, 1.20957774925e-05, 1.90334867511e-05, 2.71463904937e-05], "min": [5.7950757083e-22, 3.44357752776e-21, 3.53185280486e-21, 7.25750239502e-20, 2.98849601967e-19, 3.29533272254e-19, 1.62684674224e-19, 6.88152903182e-19, 9.77849286383e-19, 1.12457592761e-18, 9.84523703348e-19, 1.42548893161e-18, 2.3596441599e-18, 1.20742582077e-18, 3.36592260996e-18, 3.58935836227e-18, 5.3996067369e-18, 3.51977923787e-18, 5.71298328478e-18, 7.94483651864e-18, 1.17131702957e-17, 9.17695843698e-18, 1.03061435184e-17, 1.39923440508e-17, 1.30522061354e-17, 1.32961334262e-17, 1.54643500012e-17, 1.94774299779e-17, 2.18142764197e-17, 2.10168180609e-17, 1.74738595679e-17, 1.51548868448e-17, 1.53795706059e-17, 1.43328033192e-17, 9.19089312158e-18, 7.20400694459e-18, 3.58352177587e-18, 1.30496354648e-18, 3.53508792116e-19, 3.20682187668e-20], "var": [0.205173805356, 7.27066040039, 23.6892986298, 78.7635040283, 258.63104248, 721.76361084, 392.011688232, 3869.57128906, 2571.71337891, 9741.18261719, 16885.9316406, 51671.7695312, 8715.30078125, 399.918334961, 2052.07470703, 2036.20227051, 2686.72314453, 1732.02307129, 476.71472168, 3196.07641602, 486.425048828, 497.675842285, 171.08505249, 108.433174133, 20.358745575, 4.27639198303, 3.49301409721, 1.97444188595, 4.77275180817, 2.55089068413, 3.8206551075, 2.17949223518, 2.10056734085, 2.52966594696, 0.692445218563, 0.150019094348, 0.00639596162364, 0.000248153926805, 1.95975894712e-06, 4.74557504404e-09]}, "gfcc": {"mean": [-212.636581421, 161.204452515, -83.6838684082, -30.3594169617, -53.9512176514, -14.979932785, -28.3853530884, 3.37165546417, -6.91225862503, 3.18684840202, -7.85674285889, -12.202922821, -11.0367479324], "cov": [[43562.796875, -207.818832397, -4149.19189453, 3858.52001953, 1492.39782715, 2878.46899414, -428.319488525, -319.951446533, -1937.23974609, -924.711181641, -1117.97546387, 159.337280273, 36.7931747437], [-207.818832397, 4973.90332031, 318.017547607, -858.856628418, 840.414916992, -553.756347656, 582.724304199, -215.995742798, 598.655944824, -172.206573486, 281.623809814, -527.750244141, 144.445266724], [-4149.19189453, 318.017547607, 3030.43823242, 301.0730896, 47.6658401489, 269.881591797, 185.150299072, 354.643096924, 365.753631592, 201.11605835, 96.4491271973, -8.53531551361, -123.499382019], [3858.52001953, -858.856628418, 301.0730896, 1790.99475098, 796.384765625, 741.004455566, 64.0373840332, 339.209777832, -214.119567871, -159.894622803, -154.846664429, 197.172088623, -64.0426635742], [1492.39782715, 840.414916992, 47.6658401489, 796.384765625, 1254.22424316, 484.801757812, 325.666503906, 173.620742798, 20.4579982758, -207.779037476, -42.1828765869, -41.9679985046, 36.1415863037], [2878.46899414, -553.756347656, 269.881591797, 741.004455566, 484.801757812, 1085.37426758, 200.006027222, 110.094947815, -303.271087646, -117.354003906, -251.284423828, 41.7994422913, -34.553817749], [-428.319488525, 582.724304199, 185.150299072, 64.0373840332, 325.666503906, 200.006027222, 403.499267578, 120.801689148, 129.131057739, -21.1840248108, -2.13007497787, -95.3521728516, -4.93021965027], [-319.951446533, -215.995742798, 354.643096924, 339.209777832, 173.620742798, 110.094947815, 120.801689148, 367.833984375, 164.603302002, 41.4607391357, 24.8183021545, 50.791683197, -39.2756080627], [-1937.23974609, 598.655944824, 365.753631592, -214.119567871, 20.4579982758, -303.271087646, 129.131057739, 164.603302002, 461.30758667, 172.143997192, 137.482757568, -63.243019104, -3.48361682892], [-924.711181641, -172.206573486, 201.11605835, -159.894622803, -207.779037476, -117.354003906, -21.1840248108, 41.4607391357, 172.143997192, 257.360290527, 114.790481567, -1.37159180641, -23.4132995605], [-1117.97546387, 281.623809814, 96.4491271973, -154.846664429, -42.1828765869, -251.284423828, -2.13007497787, 24.8183021545, 137.482757568, 114.790481567, 244.581756592, 40.1847801208, 20.7568511963], [159.337280273, -527.750244141, -8.53531551361, 197.172088623, -41.9679985046, 41.7994422913, -95.3521728516, 50.791683197, -63.243019104, -1.37159180641, 40.1847801208, 199.544784546, 35.2511482239], [36.7931747437, 144.445266724, -123.499382019, -64.0426635742, 36.1415863037, -34.553817749, -4.93021965027, -39.2756080627, -3.48361682892, -23.4132995605, 20.7568511963, 35.2511482239, 145.502258301]], "icov": [[6.78024807712e-05, -0.000157283808221, 0.000131262189825, -0.000189909886103, 0.000137806302519, -0.000175666515133, 0.000194605439901, -0.000114156500786, 0.000175029781531, -0.000215840234887, 0.000188952428289, -7.80436239438e-05, 2.80639378616e-05], [-0.000157283808221, 0.00114981364459, -0.000413412810303, 0.000549496791791, -0.000643336272333, 0.000344525993569, -0.000730848638341, 0.00113468652125, -0.00150948402006, 0.00200723297894, -0.00174242863432, 0.00174840062391, -0.00057575275423], [0.000131262189825, -0.000413412810303, 0.000724510930013, -0.00047141109826, 0.000513574050274, -0.000712687149644, 0.000511572288815, -0.000444291101303, -9.12604446057e-05, -0.000442371616373, 0.000162544602063, -0.00021129725792, 0.000339901103871], [-0.000189909886103, 0.000549496791791, -0.00047141109826, 0.00210034521297, -0.00144138128962, 0.000317744212225, -0.000120293625514, -0.000622116262093, 0.000109632652311, 0.000408060586778, -1.11861645564e-05, -0.000817921652924, 0.000556381302886], [0.000137806302519, -0.000643336272333, 0.000513574050274, -0.00144138128962, 0.00271472008899, -0.0013358729193, 1.90574864973e-05, -0.000203302464797, -0.000712679058779, 0.00119658221956, -0.000843629299197, 0.000584479421377, -0.000486254895804], [-0.000175666515133, 0.000344525993569, -0.000712687149644, 0.000317744212225, -0.0013358729193, 0.00369749427773, -0.00226644659415, -0.000262808112893, 0.00262246280909, -0.00208312948234, 0.00254008336924, -0.00104477803688, -8.21551584522e-05], [0.000194605439901, -0.000730848638341, 0.000511572288815, -0.000120293625514, 1.90574864973e-05, -0.00226644659415, 0.00582627346739, -0.00165369454771, -0.00100465852302, 0.000374032795662, -0.000515121791977, 0.00152297888417, 6.30415706837e-06], [-0.000114156500786, 0.00113468652125, -0.000444291101303, -0.000622116262093, -0.000203302464797, -0.000262808112893, -0.00165369454771, 0.00690545141697, -0.00449015805498, 0.00266191130504, -0.00184734282084, 8.17615273263e-06, 0.000629933492746], [0.000175029781531, -0.00150948402006, -9.12604446057e-05, 0.000109632652311, -0.000712679058779, 0.00262246280909, -0.00100465852302, -0.00449015805498, 0.00996396504343, -0.00737503450364, 0.00384500459768, -0.00193918775767, -4.81077222503e-05], [-0.000215840234887, 0.00200723297894, -0.000442371616373, 0.000408060586778, 0.00119658221956, -0.00208312948234, 0.000374032795662, 0.00266191130504, -0.00737503450364, 0.0130798993632, -0.00779458461329, 0.00461858464405, -0.000273500569165], [0.000188952428289, -0.00174242863432, 0.000162544602063, -1.11861645564e-05, -0.000843629299197, 0.00254008336924, -0.000515121791977, -0.00184734282084, 0.00384500459768, -0.00779458461329, 0.0120507804677, -0.00663648592308, 0.000838205218315], [-7.80436239438e-05, 0.00174840062391, -0.00021129725792, -0.000817921652924, 0.000584479421377, -0.00104477803688, 0.00152297888417, 8.17615273263e-06, -0.00193918775767, 0.00461858464405, -0.00663648592308, 0.0130444169044, -0.00411159405485], [2.80639378616e-05, -0.00057575275423, 0.000339901103871, 0.000556381302886, -0.000486254895804, -8.21551584522e-05, 6.30415706837e-06, 0.000629933492746, -4.81077222503e-05, -0.000273500569165, 0.000838205218315, -0.00411159405485, 0.00907352287322]]}, "melbands": {"dmean": [0.000839285668917, 0.00074122537626, 0.000583026092499, 0.000438232527813, 0.000224363204325, 0.000281847751467, 0.000139651907375, 0.000271880679065, 0.000190634280443, 0.000158276321599, 6.61330195726e-05, 1.92517109099e-05, 2.35755469475e-05, 2.82466735371e-05, 2.85985370283e-05, 1.85392145795e-05, 2.0446270355e-05, 8.0224190242e-06, 1.65657329489e-05, 1.54010631377e-05, 7.34050581741e-06, 5.57300518267e-06, 4.35186211689e-06, 3.49844935954e-06, 2.68143185167e-06, 1.49965842411e-06, 7.14310317562e-07, 5.94474727222e-07, 5.62340062515e-07, 3.47522103539e-07, 4.691134734e-07, 5.59847990189e-07, 5.30301974777e-07, 3.779614417e-07, 5.27681493168e-07, 5.05521768446e-07, 3.76859020434e-07, 3.72712491981e-07, 6.0735567331e-07, 5.39706604741e-07], "dmean2": [0.00120787229389, 0.00109203311149, 0.000930361566134, 0.000697776733432, 0.000343537976732, 0.000311668147333, 0.000157214337378, 0.000350822636392, 0.00024864601437, 0.000202272232855, 9.24963678699e-05, 2.88446681225e-05, 3.54003350367e-05, 4.49424187536e-05, 4.35558831668e-05, 2.72162469628e-05, 3.2006726542e-05, 1.21749490063e-05, 2.62649627985e-05, 2.34604431171e-05, 1.19386068036e-05, 7.62684794609e-06, 6.94840309734e-06, 5.87533031648e-06, 4.51782352684e-06, 2.41158386416e-06, 1.20166839679e-06, 1.01495902527e-06, 1.03749277969e-06, 6.35190758658e-07, 8.76537399108e-07, 1.04957268832e-06, 1.00047873275e-06, 7.13728411483e-07, 9.95476739263e-07, 9.5410632639e-07, 7.12765483968e-07, 7.01394242242e-07, 1.15695161185e-06, 1.02640672139e-06], "dvar": [4.18585477746e-06, 2.36538426179e-06, 2.14864326153e-06, 1.24042958305e-06, 4.19452646838e-07, 3.58228078312e-07, 9.25101275584e-08, 4.82717894101e-07, 1.43937441521e-07, 1.54259481633e-07, 7.50415694029e-08, 2.38453323753e-09, 3.50024254026e-09, 6.51143894359e-09, 4.13476630712e-09, 1.56464052825e-09, 5.427863492e-09, 6.43758379937e-10, 3.42025185951e-09, 3.00596525449e-09, 4.5636044943e-10, 2.86598939025e-10, 2.01427333146e-10, 1.50988027636e-10, 6.79557105032e-11, 1.83688134148e-11, 2.36903855907e-12, 1.47243328641e-12, 3.49273995143e-12, 7.81715350003e-13, 1.43728095831e-12, 3.53972168417e-12, 1.93189843463e-12, 1.15837808096e-12, 2.24970324487e-12, 2.18717817295e-12, 1.19480803289e-12, 1.17487692752e-12, 3.42270482789e-12, 3.13642601474e-12], "dvar2": [8.1467351265e-06, 4.84424890601e-06, 6.01795409239e-06, 3.30768330059e-06, 9.79990090855e-07, 4.50244129979e-07, 1.16746114998e-07, 9.08557467483e-07, 2.48053083851e-07, 2.49135041486e-07, 1.31496591393e-07, 5.57931656431e-09, 7.99038435417e-09, 1.7585294998e-08, 1.04482325014e-08, 3.54240525802e-09, 1.15329594763e-08, 1.38003741768e-09, 8.62704574445e-09, 6.53018172869e-09, 1.1296914515e-09, 4.88853679759e-10, 4.5373349522e-10, 3.82788578612e-10, 1.75695055726e-10, 3.97401625496e-11, 5.86477741371e-12, 3.78111257582e-12, 1.0054687985e-11, 2.194432136e-12, 4.01061302224e-12, 1.00333786418e-11, 5.40690756057e-12, 3.27172360384e-12, 6.32163722411e-12, 6.17228967589e-12, 3.36791553847e-12, 3.29591627428e-12, 9.75617243243e-12, 8.98099823676e-12], "max": [0.0275075379759, 0.0262234713882, 0.0128163490444, 0.0247130319476, 0.00901691243052, 0.0152251571417, 0.00534103577957, 0.0127832563594, 0.00750262057409, 0.00711447419599, 0.00713126454502, 0.000817054184154, 0.00164839287754, 0.00123158749193, 0.000728401762899, 0.000581053784117, 0.00104005157482, 0.000353293959051, 0.000823138223495, 0.000843354442623, 0.000239457294811, 0.000214688101551, 0.000212143160752, 0.00014577548427, 0.000102212718048, 3.81917270715e-05, 1.15837246994e-05, 7.32918806534e-06, 1.91997078218e-05, 6.79665618009e-06, 8.68550250743e-06, 1.59312294272e-05, 8.53734673001e-06, 7.93344588601e-06, 9.75342209131e-06, 1.08296399048e-05, 8.14532359072e-06, 6.96161987435e-06, 1.46302190842e-05, 1.60308718478e-05], "mean": [0.0020969058387, 0.00169093639124, 0.000867142283823, 0.000609116104897, 0.000372605398297, 0.000646142405458, 0.000307694164803, 0.000603554188274, 0.000626442022622, 0.000570205738768, 0.0001061724397, 2.87973398372e-05, 4.9438309361e-05, 4.47302809334e-05, 5.78960170969e-05, 3.62222890544e-05, 2.39460332523e-05, 9.62975173024e-06, 1.73486478161e-05, 1.70838738995e-05, 7.71495979279e-06, 6.99463817e-06, 5.59598083782e-06, 3.09032179757e-06, 2.45607861871e-06, 1.47372793435e-06, 6.8797851327e-07, 5.26014673596e-07, 3.8736502006e-07, 2.38097413785e-07, 2.87220444761e-07, 3.32289431526e-07, 3.09475211679e-07, 2.20312514898e-07, 3.05438760506e-07, 2.90627554023e-07, 2.17254367385e-07, 2.16386098373e-07, 3.40439925139e-07, 3.0305957921e-07], "median": [1.64152042998e-05, 4.71706516691e-05, 6.91657842253e-05, 8.09515258879e-05, 6.13998345216e-05, 0.000109662018076, 3.21526604239e-05, 0.000185260068974, 0.000104342041595, 2.05529231607e-05, 3.24466077473e-06, 1.68102360476e-06, 2.55004624705e-06, 1.33496996568e-06, 2.50797825174e-06, 1.04588855265e-06, 6.02141369654e-07, 3.62286527889e-07, 2.54015446899e-07, 2.76919621456e-07, 1.05387357507e-07, 5.61419639666e-08, 5.20292360306e-08, 4.58767743794e-08, 2.14533173448e-08, 1.49595713594e-08, 1.37355034013e-08, 7.34775351674e-09, 4.16995860064e-09, 2.81350232001e-09, 2.29893348802e-09, 1.67730096479e-09, 1.14970255538e-09, 6.88980539287e-10, 5.71524882975e-10, 4.99609020821e-10, 3.98326593931e-10, 5.02260899538e-10, 5.62038193763e-10, 5.28013743839e-10], "min": [5.65352195527e-24, 2.30975435934e-24, 2.08904567199e-23, 2.32345537443e-23, 7.86134680819e-24, 1.56530829524e-23, 1.3897182707e-23, 1.07694714912e-23, 9.54723959254e-24, 9.13734273302e-24, 1.21623253263e-23, 5.00041257335e-24, 9.80396175236e-24, 7.82484700296e-24, 1.41913457831e-23, 7.41535246251e-24, 6.30454913883e-24, 9.42034106074e-24, 8.46589430721e-24, 1.07596493841e-23, 1.50688415219e-23, 8.82469033501e-24, 9.58482881467e-24, 1.03750063287e-23, 1.17508412786e-23, 8.29145980612e-24, 1.11584824694e-23, 7.89171243101e-24, 8.56186949152e-24, 1.09436220024e-23, 1.17430165673e-23, 1.23065267331e-23, 1.28094113607e-23, 1.05792290065e-23, 1.10832850925e-23, 7.11309646237e-24, 1.04507361868e-23, 9.50365187208e-24, 1.28704810277e-23, 1.20643701011e-23], "var": [1.45030080603e-05, 7.71659597376e-06, 2.54729479821e-06, 2.1167338673e-06, 7.72794123804e-07, 1.73472085407e-06, 4.68140257226e-07, 1.49619222611e-06, 1.1719567965e-06, 1.53278710968e-06, 2.12307469383e-07, 5.5604836291e-09, 2.6192715552e-08, 1.13617826258e-08, 1.13270024471e-08, 5.70526204058e-09, 7.66869057145e-09, 9.11538844406e-10, 3.72785935454e-09, 4.11596001726e-09, 5.51012180328e-10, 5.57150880987e-10, 4.05713324048e-10, 1.38751954371e-10, 7.49452166993e-11, 2.32943577622e-11, 2.77168175564e-12, 1.55910007127e-12, 2.0459604063e-12, 4.85110053256e-13, 8.6263640545e-13, 2.04544497659e-12, 1.13677535267e-12, 6.69711139843e-13, 1.31186164362e-12, 1.26375548481e-12, 6.90779302249e-13, 6.89592805601e-13, 1.92660449226e-12, 1.75180323806e-12]}, "mfcc": {"mean": [-836.83190918, 176.594985962, 24.4659919739, 1.77051794529, -5.30197238922, -12.1191272736, -12.897146225, -8.92275619507, -2.1715233326, 4.5841178894, 9.16101264954, 6.89177751541, 2.39843797684], "cov": [[21064.8066406, 2268.07836914, -3617.78881836, 318.527862549, 1166.57641602, 1482.62097168, 1227.6114502, 672.031494141, 5.05297231674, -458.338165283, -789.019592285, -901.114257812, -599.47845459], [2268.07836914, 4062.88769531, -129.61505127, 69.0213851929, 378.802398682, 319.182983398, 236.945388794, 130.135513306, 124.50769043, 119.65045166, 70.708114624, 17.6253108978, -54.2233543396], [-3617.78881836, -129.61505127, 2775.24584961, 356.173339844, -40.2203521729, -60.7573318481, -129.009918213, -9.86762237549, 151.31690979, 257.004699707, 396.079467773, 324.81854248, 218.767272949], [318.527862549, 69.0213851929, 356.173339844, 812.305053711, 502.984985352, 173.552200317, 156.376983643, 226.660949707, 140.225860596, 107.874443054, 130.9246521, 86.4421844482, 21.9317436218], [1166.57641602, 378.802398682, -40.2203521729, 502.984985352, 808.544128418, 532.293945312, 409.334228516, 375.32723999, 210.010879517, 47.4896011353, 12.9370317459, -54.4770851135, -105.460464478], [1482.62097168, 319.182983398, -60.7573318481, 173.552200317, 532.293945312, 701.795715332, 517.217834473, 354.069488525, 188.391616821, -2.21647167206, -78.7059326172, -140.934234619, -143.900527954], [1227.6114502, 236.945388794, -129.009918213, 156.376983643, 409.334228516, 517.217834473, 548.80657959, 374.237548828, 183.268371582, 16.1986675262, -83.361541748, -139.565704346, -132.494720459], [672.031494141, 130.135513306, -9.86762237549, 226.660949707, 375.32723999, 354.069488525, 374.237548828, 433.403869629, 246.078186035, 59.530380249, 7.18152713776, -83.1961212158, -133.434371948], [5.05297231674, 124.50769043, 151.31690979, 140.225860596, 210.010879517, 188.391616821, 183.268371582, 246.078186035, 274.686706543, 159.129074097, 70.9976654053, 2.00504517555, -36.7500724792], [-458.338165283, 119.65045166, 257.004699707, 107.874443054, 47.4896011353, -2.21647167206, 16.1986675262, 59.530380249, 159.129074097, 235.55682373, 168.424346924, 112.094078064, 78.4125671387], [-789.019592285, 70.708114624, 396.079467773, 130.9246521, 12.9370317459, -78.7059326172, -83.361541748, 7.18152713776, 70.9976654053, 168.424346924, 254.820861816, 202.583969116, 106.819023132], [-901.114257812, 17.6253108978, 324.81854248, 86.4421844482, -54.4770851135, -140.934234619, -139.565704346, -83.1961212158, 2.00504517555, 112.094078064, 202.583969116, 239.644683838, 171.645462036], [-599.47845459, -54.2233543396, 218.767272949, 21.9317436218, -105.460464478, -143.900527954, -132.494720459, -133.434371948, -36.7500724792, 78.4125671387, 106.819023132, 171.645462036, 222.980697632]], "icov": [[8.64497123985e-05, -4.03057674703e-05, 0.000107438856503, -0.000109162974695, 6.98521180311e-05, -0.00017512528575, -3.84295344702e-06, 2.52783138421e-06, 5.83844594075e-05, 7.57680245442e-05, -0.000184047705261, 0.000374921772163, -0.00017026567366], [-4.03057674703e-05, 0.000291138741886, -3.40408150805e-05, 0.000143849596498, -0.00020925582794, 5.36067054782e-05, -9.60358374869e-05, 0.000159463525051, 1.43854922499e-05, -0.000236549516558, 7.43606433389e-05, -0.000338085752446, 0.000265855254838], [0.000107438856503, -3.40408150805e-05, 0.000661214347929, -0.000449757033493, 0.000463198317448, -0.000523613009136, 2.83093027065e-06, 0.000340033730026, -0.000508213997819, 0.000615978438873, -0.00134288088884, 0.000814551196527, -0.000521680049133], [-0.000109162974695, 0.000143849596498, -0.000449757033493, 0.00297369714826, -0.00248967297375, 0.00138553790748, 4.49647159257e-05, -0.00107279513031, 0.000947551045101, -0.000918012112379, 0.000545889313798, -0.00101420155261, -1.01429504866e-05], [6.98521180311e-05, -0.00020925582794, 0.000463198317448, -0.00248967297375, 0.00511366128922, -0.0032449234277, 0.000685087987222, -0.000921978440601, -0.000438338785898, 0.00059322535526, -0.000344358006259, -0.000212031591218, 0.000154458743054], [-0.00017512528575, 5.36067054782e-05, -0.000523613009136, 0.00138553790748, -0.0032449234277, 0.00749428151175, -0.0056270272471, 0.00230619101785, -0.00234947307035, 0.00228165765293, -0.00143829919398, 0.000817096617538, 0.000128314000904], [-3.84295344702e-06, -9.60358374869e-05, 2.83093027065e-06, 4.49647159257e-05, 0.000685087987222, -0.0056270272471, 0.0110276108608, -0.00793259963393, 0.00456642406061, -0.00508772209287, 0.00551754981279, -0.00146581872832, -0.000515742634889], [2.52783138421e-06, 0.000159463525051, 0.000340033730026, -0.00107279513031, -0.000921978440601, 0.00230619101785, -0.00793259963393, 0.0153411338106, -0.0115143088624, 0.00828032661229, -0.00837354455143, 0.00407404871657, 0.00140221754555], [5.83844594075e-05, 1.43854922499e-05, -0.000508213997819, 0.000947551045101, -0.000438338785898, -0.00234947307035, 0.00456642406061, -0.0115143088624, 0.0196714103222, -0.015388155356, 0.00874267797917, -0.0044321808964, 0.00254243589006], [7.57680245442e-05, -0.000236549516558, 0.000615978438873, -0.000918012112379, 0.00059322535526, 0.00228165765293, -0.00508772209287, 0.00828032661229, -0.015388155356, 0.0226394832134, -0.0174736436456, 0.010352678597, -0.00677887769416], [-0.000184047705261, 7.43606433389e-05, -0.00134288088884, 0.000545889313798, -0.000344358006259, -0.00143829919398, 0.00551754981279, -0.00837354455143, 0.00874267797917, -0.0174736436456, 0.0328140445054, -0.02685149014, 0.010499403812], [0.000374921772163, -0.000338085752446, 0.000814551196527, -0.00101420155261, -0.000212031591218, 0.000817096617538, -0.00146581872832, 0.00407404871657, -0.0044321808964, 0.010352678597, -0.02685149014, 0.0358477905393, -0.0168823041022], [-0.00017026567366, 0.000265855254838, -0.000521680049133, -1.01429504866e-05, 0.000154458743054, 0.000128314000904, -0.000515742634889, 0.00140221754555, 0.00254243589006, -0.00677887769416, 0.010499403812, -0.0168823041022, 0.0160616468638]]}, "spectral_contrast_coeffs": {"dmean": [0.055542435497, 0.0590004064143, 0.0495439954102, 0.0384119972587, 0.0313335545361, 0.0315671488643], "dmean2": [0.0878600925207, 0.0883118212223, 0.0737598985434, 0.0575130917132, 0.0456205159426, 0.0489817894995], "dvar": [0.00325811561197, 0.00383549788967, 0.00255934405141, 0.00141281646211, 0.0010228343308, 0.000819767825305], "dvar2": [0.0073440647684, 0.00789212621748, 0.00483639445156, 0.00277220248245, 0.00211689202115, 0.00180742621887], "max": [-0.193428695202, -0.229634046555, -0.35725903511, -0.496540755033, -0.55589735508, -0.663357317448], "mean": [-0.634857237339, -0.603355467319, -0.698921084404, -0.768801510334, -0.812626302242, -0.839050114155], "median": [-0.659969270229, -0.598033070564, -0.712307453156, -0.783224344254, -0.822950363159, -0.838907659054], "min": [-0.955166220665, -0.969779551029, -0.960735857487, -0.960627496243, -0.957541406155, -0.963899731636], "var": [0.019910948351, 0.0221582651138, 0.0169107485563, 0.00924308691174, 0.00503569701687, 0.00387422391213]}, "spectral_contrast_valleys": {"dmean": [0.629805326462, 0.635555624962, 0.719389557838, 0.754870712757, 0.972856283188, 1.21997344494], "dmean2": [0.911346375942, 0.973802268505, 1.07135665417, 1.09315526485, 1.36778044701, 1.66363203526], "dvar": [0.538837313652, 0.523275375366, 0.790400385857, 0.907052159309, 1.47336530685, 1.62663447857], "dvar2": [0.995504379272, 1.08511781693, 1.59950768948, 1.68366670609, 2.70119071007, 3.26418709755], "max": [-5.