{"lowlevel": {"average_loudness": 0.895435154438, "barkbands_crest": {"dmean": 3.07307243347, "dmean2": 4.96240520477, "dvar": 9.15224647522, "dvar2": 22.142496109, "max": 26.609621048, "mean": 15.5565824509, "median": 15.1841058731, "min": 3.17200255394, "var": 29.9248600006}, "barkbands_flatness_db": {"dmean": 0.047961588949, "dmean2": 0.0661463737488, "dvar": 0.00226166914217, "dvar2": 0.00415823608637, "max": 0.582128822803, "mean": 0.230021491647, "median": 0.206237152219, "min": 0.0358238108456, "var": 0.0119199762121}, "barkbands_kurtosis": {"dmean": 23.0491275787, "dmean2": 35.2805557251, "dvar": 2425.19384766, "dvar2": 5296.734375, "max": 1006.18249512, "mean": 38.836139679, "median": 12.5335702896, "min": -1.90140414238, "var": 5940.85839844}, "barkbands_skewness": {"dmean": 1.35384130478, "dmean2": 2.0496199131, "dvar": 2.82677078247, "dvar2": 6.16068840027, "max": 24.5660953522, "mean": 3.88958835602, "median": 3.05770540237, "min": -1.63355350494, "var": 9.76598739624}, "barkbands_spread": {"dmean": 7.50484752655, "dmean2": 11.7588348389, "dvar": 161.11920166, "dvar2": 383.880828857, "max": 118.505378723, "mean": 13.100941658, "median": 8.55354499817, "min": 0.0924563780427, "var": 236.692062378}, "dissonance": {"dmean": 0.0273432191461, "dmean2": 0.0446256101131, "dvar": 0.000729018996935, "dvar2": 0.0019795014523, "max": 0.500000059605, "mean": 0.442759394646, "median": 0.452720850706, "min": 0.189103469253, "var": 0.00188721122686}, "dynamic_complexity": 4.35108613968, "erbbands_crest": {"dmean": 2.84190058708, "dmean2": 4.28474760056, "dvar": 8.28311824799, "dvar2": 17.666475296, "max": 32.0488090515, "mean": 11.1801366806, "median": 10.2142467499, "min": 2.25943350792, "var": 29.639837265}, "erbbands_flatness_db": {"dmean": 0.0352047681808, "dmean2": 0.0478409640491, "dvar": 0.00143872445915, "dvar2": 0.00278104422614, "max": 0.389705449343, "mean": 0.159436762333, "median": 0.158684998751, "min": 0.0304142162204, "var": 0.00488058337942}, "erbbands_kurtosis": {"dmean": 2.68168497086, "dmean2": 3.99774193764, "dvar": 25.1697368622, "dvar2": 49.5570297241, "max": 100.804832458, "mean": 3.49853610992, "median": 0.838332176208, "min": -1.90186560154, "var": 70.8580322266}, "erbbands_skewness": {"dmean": 0.603413641453, "dmean2": 0.867055594921, "dvar": 0.472614943981, "dvar2": 0.961146175861, "max": 8.81888866425, "mean": 1.07347536087, "median": 0.841561853886, "min": -1.9901406765, "var": 1.79924583435}, "erbbands_spread": {"dmean": 16.4183731079, "dmean2": 24.2451457977, "dvar": 403.17590332, "dvar2": 862.617675781, "max": 177.948684692, "mean": 42.9123649597, "median": 34.044834137, "min": 2.34228157997, "var": 940.969177246}, "hfc": {"dmean": 12.0497703552, "dmean2": 17.2221374512, "dvar": 390.352172852, "dvar2": 851.301635742, "max": 174.786941528, "mean": 19.24974823, "median": 11.1611175537, "min": 4.67538683324e-08, "var": 560.909606934}, "melbands_crest": {"dmean": 3.43279004097, "dmean2": 5.54622650146, "dvar": 10.493432045, "dvar2": 24.8685531616, "max": 34.6510772705, "mean": 19.8928794861, "median": 20.1590671539, "min": 5.23763036728, "var": 33.5791816711}, "melbands_flatness_db": {"dmean": 0.0532194785774, "dmean2": 0.0737461745739, "dvar": 0.0028719920665, "dvar2": 0.00537282181904, "max": 0.732403695583, "mean": 0.328523933887, "median": 0.294053405523, "min": 0.0243323631585, "var": 0.0169038921595}, "melbands_kurtosis": {"dmean": 37.1808395386, "dmean2": 57.5254745483, "dvar": 4340.40332031, "dvar2": 10311.9042969, "max": 819.520568848, "mean": 63.0779304504, "median": 31.0798454285, "min": -1.28263890743, "var": 8068.60546875}, "melbands_skewness": {"dmean": 1.69398355484, "dmean2": 2.54560041428, "dvar": 4.08858919144, "dvar2": 9.1276550293, "max": 23.9636592865, "mean": 4.87242460251, "median": 4.09849452972, "min": -0.995457589626, "var": 11.1883659363}, "melbands_spread": {"dmean": 4.32843255997, "dmean2": 7.01461076736, "dvar": 69.0399856567, "dvar2": 180.135986328, "max": 160.91619873, "mean": 9.01662921906, "median": 6.31397151947, "min": 0.251975148916, "var": 97.0527648926}, "pitch_salience": {"dmean": 0.0874816402793, "dmean2": 0.141035586596, "dvar": 0.0076703815721, "dvar2": 0.0193873308599, "max": 0.889733552933, "mean": 0.405654877424, "median": 0.406173288822, "min": 0.0437717176974, "var": 0.0210524555296}, "silence_rate_20dB": {"dmean": 0.0244833063334, "dmean2": 0.0489743985236, "dvar": 0.0238845404238, "dvar2": 0.0551636889577, "max": 1, "mean": 0.97106975317, "median": 1, "min": 0, "var": 0.0280946679413}, "silence_rate_30dB": {"dmean": 0.13290938735, "dmean2": 0.265861034393, "dvar": 0.115236520767, "dvar2": 0.220933482051, "max": 1, "mean": 0.701637268066, "median": 1, "min": 0, "var": 0.209347516298}, "silence_rate_60dB": {"dmean": 0.0581876002252, "dmean2": 0.116234697402, "dvar": 0.0548033826053, "dvar2": 0.116396807134, "max": 1, "mean": 0.133365124464, "median": 0, "min": 0, "var": 0.115580931306}, "spectral_centroid": {"dmean": 252.362442017, "dmean2": 386.253723145, "dvar": 140361.875, "dvar2": 333193.21875, "max": 3971.08886719, "mean": 756.789306641, "median": 627.742004395, "min": 88.1364059448, "var": 305434.34375}, "spectral_complexity": {"dmean": 3.99109697342, "dmean2": 5.95500087738, "dvar": 32.4441986084, "dvar2": 72.5356292725, "max": 46, "mean": 10.0127162933, "median": 8, "min": 0, "var": 60.2777824402}, "spectral_decrease": {"dmean": 9.99942972868e-09, "dmean2": 1.44333105467e-08, "dvar": 2.92923924905e-16, "dvar2": 6.44646494727e-16, "max": -5.14847520699e-20, "mean": -2.12196216154e-08, "median": -1.19224425887e-08, "min": -2.47146658694e-07, "var": 7.55466621013e-16}, "spectral_energy": {"dmean": 0.0384723842144, "dmean2": 0.0554577372968, "dvar": 0.00429432280362, "dvar2": 0.00944824423641, "max": 0.948530316353, "mean": 0.0818338245153, "median": 0.0471057966352, "min": 4.43502569739e-12, "var": 0.0110138757154}, "spectral_energyband_high": {"dmean": 0.00078693573596, "dmean2": 0.00118814851157, "dvar": 2.52136351264e-06, "dvar2": 5.62541345062e-06, "max": 0.0118392184377, "mean": 0.00074636383215, "median": 9.73929709289e-05, "min": 3.0723563884e-12, "var": 2.75305592368e-06}, "spectral_energyband_low": {"dmean": 0.0352292917669, "dmean2": 0.0510613620281, "dvar": 0.00392410065979, "dvar2": 0.00871825218201, "max": 0.858735203743, "mean": 0.0688304975629, "median": 0.0286653153598, "min": 6.8481624451e-14, "var": 0.010048141703}, "spectral_energyband_middle_high": {"dmean": 0.00128634471912, "dmean2": 0.00182791962288, "dvar": 6.34951447864e-06, "dvar2": 1.2819161384e-05, "max": 0.0345865227282, "mean": 0.00224483176135, "median": 0.000707065220922, "min": 8.06993035764e-13, "var": 1.52439497469e-05}, "spectral_energyband_middle_low": {"dmean": 0.00522231124341, "dmean2": 0.00773710431531, "dvar": 7.02907418599e-05, "dvar2": 0.00015458551934, "max": 0.180462226272, "mean": 0.0116246398538, "median": 0.00602325610816, "min": 9.40170792781e-14, "var": 0.000194300417206}, "spectral_entropy": {"dmean": 0.46777433157, "dmean2": 0.636249125004, "dvar": 0.219422072172, "dvar2": 0.446683585644, "max": 8.80505752563, "mean": 6.97332668304, "median": 6.92248106003, "min": 4.55240154266, "var": 0.789308726788}, "spectral_flux": {"dmean": 0.0563257709146, "dmean2": 0.0888358429074, "dvar": 0.00484555168077, "dvar2": 0.0114194769412, "max": 0.792879462242, "mean": 0.104784108698, "median": 0.0814641341567, "min": 3.10702271236e-05, "var": 0.00817431509495}, "spectral_kurtosis": {"dmean": 4.98430013657, "dmean2": 7.47050523758, "dvar": 51.7394485474, "dvar2": 118.714012146, "max": 75.4637374878, "mean": 8.98425102234, "median": 5.36900520325, "min": -0.127962827682, "var": 98.5099411011}, "spectral_rms": {"dmean": 0.00194067321718, "dmean2": 0.00266761216335, "dvar": 5.79582183491e-06, "dvar2": 1.07383575596e-05, "max": 0.030420312658, "mean": 0.00724780093879, "median": 0.00677915010601, "min": 6.57788277181e-08, "var": 2.73069690593e-05}, "spectral_rolloff": {"dmean": 489.60949707, "dmean2": 890.285888672, "dvar": 2422530.5, "dvar2": 6518764, "max": 18518.5546875, "mean": 691.798522949, "median": 322.998046875, "min": 64.599609375, "var": 1811869.75}, "spectral_skewness": {"dmean": 0.57385379076, "dmean2": 0.82284450531, "dvar": 0.421377688646, "dvar2": 0.944108664989, "max": 7.14100456238, "mean": 2.25242972374, "median": 2.00056052208, "min": 0.562262833118, "var": 1.10361742973}, "spectral_spread": {"dmean": 1378965.625, "dmean2": 1901452.25, "dvar": 2475672469500.0, "dvar2": 4929678213120.0, "max": 12255490, "mean": 5382948.5, "median": 4935367, "min": 912469.5, "var": 6228335394820.0}, "spectral_strongpeak": {"dmean": 0.296607911587, "dmean2": 0.466156095266, "dvar": 0.171732917428, "dvar2": 0.378310680389, "max": 5.46074533463, "mean": 0.78233808279, "median": 0.629019498825, "min": 1.44090085996e-06, "var": 0.439142167568}, "zerocrossingrate": {"dmean": 0.0143682770431, "dmean2": 0.0178159382194, "dvar": 0.000409627042245, "dvar2": 0.000558938772883, "max": 0.50634765625, "mean": 0.0383657440543, "median": 0.02880859375, "min": 0.001953125, "var": 0.00119831401389}, "barkbands": {"dmean": [0.000471562263556, 0.0290048588067, 0.00815432984382, 0.00193364196457, 0.00171782274265, 0.000802208087407, 0.000905468186829, 0.00112793711014, 0.000324192311382, 0.000180826158612, 0.000239126238739, 0.000191877465113, 0.000303657288896, 0.000163875185535, 0.000174214554136, 0.00010877798195, 7.71714476286e-05, 5.08880330017e-05, 6.25482280157e-05, 5.42545931239e-05, 8.50305295899e-05, 8.2698679762e-05, 8.64031680976e-05, 0.000123112942674, 0.000141932265251, 0.000200807218789, 5.40094224561e-05], "dmean2": [0.000572674442083, 0.0434804111719, 0.0120848808438, 0.0028998197522, 0.00286609772593, 0.00118604907766, 0.0014954112703, 0.0017274604179, 0.000498664099723, 0.000280804146314, 0.000358440185664, 0.000288725423161, 0.000448902253993, 0.000252572994214, 0.000288668059511, 0.000162690557772, 0.000124480895465, 7.89658952272e-05, 0.000102181635157, 8.10665878817e-05, 0.000130534084747, 0.000123908772366, 0.000129598367494, 0.00018218473997, 0.000218206332647, 0.000315884622978, 8.77650090843e-05], "dvar": [8.54441736919e-07, 0.00318841519766, 0.000219094872591, 1.50335454236e-05, 1.0542767086e-05, 3.26443432641e-06, 1.00348506749e-05, 6.75580986353e-06, 5.78495303216e-07, 2.31422603747e-07, 3.8692257931e-07, 2.76379125808e-07, 1.10646124085e-06, 2.11872944078e-07, 1.92580770886e-07, 7.38168353109e-08, 3.48533539807e-08, 1.14805436269e-08, 2.35547670258e-08, 1.2571270247e-08, 3.32357288357e-08, 2.88392172365e-08, 2.65694612978e-08, 6.28078637988e-08, 9.37104971399e-08, 1.88958850345e-07, 1.5615588822e-08], "dvar2": [1.03144896002e-06, 0.00743722496554, 0.000429142062785, 3.01349937217e-05, 2.81287193502e-05, 6.79341655996e-06, 2.13752409763e-05, 1.49504776346e-05, 1.23662346141e-06, 5.31633247647e-07, 6.75345404488e-07, 6.03878959282e-07, 2.31099465964e-06, 4.69983746143e-07, 4.95561209846e-07, 1.47721635813e-07, 9.25406027363e-08, 2.86098984503e-08, 6.36868122683e-08, 2.78497580553e-08, 7.3577133719e-08, 6.53446363685e-08, 5.93259663617e-08, 1.43288019672e-07, 2.16861863578e-07, 4.31529400657e-07, 3.73733293202e-08], "max": [0.0124111799523, 0.799179255962, 0.16720032692, 0.0555750355124, 0.0384355969727, 0.0443633906543, 0.091336555779, 0.0428778231144, 0.0176870059222, 0.00885429512709, 0.0126101970673, 0.00985075999051, 0.0164213776588, 0.00708252750337, 0.0046704262495, 0.00359038147144, 0.00277165393345, 0.00123032869305, 0.0026093153283, 0.00122963148169, 0.00139684136957, 0.00145917036571, 0.00121201807633, 0.00287085049786, 0.00209114071913, 0.00270656403154, 0.000853501900565], "mean": [0.00116515310947, 0.0532788448036, 0.0127947395667, 0.00336297508329, 0.00275304657407, 0.0016940459609, 0.00114359590225, 0.00214332831092, 0.000493469589856, 0.00026624117163, 0.000420390482759, 0.000302874512272, 0.000424804689828, 0.000261472072452, 0.000201937946258, 0.000139591298648, 9.17530051083e-05, 5.84668632655e-05, 6.18310514255e-05, 6.52413655189e-05, 9.02972751646e-05, 8.19556880742e-05, 8.49656935316e-05, 0.000119721778901, 0.000124484911794, 0.000166977406479, 4.14974419982e-05], "median": [7.06407736288e-05, 0.0133577659726, 0.00292018079199, 0.000545705086552, 0.00112162530422, 0.000345753593137, 0.000116771851026, 0.000233539729379, 7.81855269452e-05, 4.44559736934e-05, 3.86866486224e-05, 3.19537757605e-05, 3.41266095347e-05, 3.67423563148e-05, 3.25379769492e-05, 1.91566705325e-05, 2.43746198976e-05, 1.46606353155e-05, 1.14005688374e-05, 1.2577191228e-05, 1.49997958943e-05, 9.46396903601e-06, 1.08389840534e-05, 1.34363372126e-05, 6.99792508385e-06, 3.22743380821e-06, 3.15998136102e-07], "min": [4.24783838204e-14, 3.24776216662e-14, 1.11339651827e-14, 8.50446320625e-15, 1.59176955606e-14, 1.33654785644e-14, 1.23129314955e-15, 1.63751564561e-15, 2.58879154008e-14, 1.85380356899e-13, 9.55690333728e-14, 3.98291900221e-14, 3.77469933023e-14, 4.10911640814e-14, 5.72034349684e-14, 5.15438521942e-14, 4.32063713691e-14, 1.2454823956e-13, 1.13074880134e-13, 5.40138172091e-14, 1.93484849453e-13, 1.74594483294e-13, 2.33964160979e-13, 4.07663242356e-13, 6.48756656035e-13, 4.5834717315e-13, 1.00445574167e-12], "var": [5.52034543944e-06, 0.00758147938177, 0.000482815143187, 4.70255872642e-05, 1.55962243298e-05, 1.15010070658e-05, 1.52827105921e-05, 2.09948811971e-05, 1.54529845986e-06, 4.0944240709e-07, 1.36920652949e-06, 5.71662440052e-07, 2.00657132154e-06, 4.47824533012e-07, 2.47817979471e-07, 1.22957231952e-07, 3.28407807615e-08, 1.31273765192e-08, 1.99899297115e-08, 1.70509917297e-08, 3.66198626978e-08, 3.18180681802e-08, 3.0585930233e-08, 7.16189916261e-08, 9.36880084623e-08, 1.875498441e-07, 1.39186822068e-08]}, "erbbands": {"dmean": [0.719193935394, 6.98105430603, 11.8008546829, 5.75277519226, 5.7998752594, 5.9112238884, 7.29404735565, 5.64464855194, 8.38384151459, 20.3210697174, 21.2241649628, 8.79103088379, 3.99367666245, 7.07624959946, 9.67146873474, 7.70901107788, 12.2013664246, 9.53144550323, 8.66944408417, 8.09144973755, 5.54607582092, 4.22170686722, 3.00480699539, 2.89962172508, 2.9788916111, 2.5421526432, 2.68403244019, 3.87084197998, 2.89479827881, 3.1772043705, 2.3296558857, 2.26068925858, 2.11075854301, 1.72552287579, 0.957628071308, 0.6550552845, 0.400479704142, 0.100744239986, 0.0103146573529, 0.000337968871463], "dmean2": [1.02434706688, 10.6781520844, 17.5761032104, 8.52265453339, 9.25619411469, 9.97295761108, 10.848780632, 8.50629520416, 13.5677289963, 33.3852081299, 31.3190765381, 13.1969394684, 6.53545951843, 10.6002321243, 14.0013275146, 11.6570739746, 18.2124290466, 14.3737382889, 14.0611972809, 12.5479755402, 8.63977813721, 6.74103164673, 4.66259765625, 4.70898246765, 4.69100666046, 3.75878334045, 4.00404930115, 5.93701601028, 4.35977554321, 4.88733148575, 3.48056292534, 3.33883357048, 3.15537548065, 2.62300443649, 1.48234403133, 1.01916241646, 0.62987023592, 0.161328673363, 0.0169727932662, 0.000548024370801], "dvar": [1.72020316124, 196.718734741, 429.610931396, 90.9550476074, 132.664108276, 137.093566895, 346.252807617, 153.591720581, 715.108032227, 3061.23144531, 2344.52392578, 391.05871582, 170.686447144, 235.067611694, 558.317138672, 441.422607422, 1870.62036133, 1064.72058105, 513.673339844, 433.167572021, 159.509811401, 115.375816345, 43.8007164001, 46.2838973999, 44.1385574341, 26.3135814667, 30.6622562408, 68.9466400146, 34.5208625793, 42.7162704468, 19.5595626831, 19.184173584, 21.4447879791, 13.2793655396, 4.22714948654, 2.04006385803, 0.776387929916, 0.0490543060005, 0.000618235499132, 5.69476412693e-07], "dvar2": [3.4879720211, 464.95135498, 858.773803711, 188.221969604, 326.085876465, 368.028869629, 750.806640625, 324.099822998, 1578.05847168, 6966.75634766, 4686.50927734, 807.341796875, 457.667480469, 459.468963623, 933.633117676, 1022.08905029, 4086.39501953, 2154.88110352, 1209.71960449, 950.18927002, 340.967468262, 309.426757812, 109.690444946, 125.780845642, 111.077575684, 58.4712257385, 67.6734390259, 154.882873535, 78.0456237793, 98.2761535645, 44.1309623718, 43.7473564148, 49.3047180176, 30.4857940674, 9.85393047333, 4.69653177261, 1.7963770628, 0.110427729785, 0.00154236715753, 1.39479186601e-06], "max": [18.8339824677, 204.695800781, 219.708679199, 121.0651474, 175.444396973, 124.149383545, 511.005401611, 325.203826904, 667.319946289, 1187.76782227, 860.515136719, 407.511322021, 317.908294678, 264.544311523, 461.510803223, 342.290924072, 741.421020508, 612.654907227, 270.438537598, 246.696746826, 150.360061646, 181.594512939, 82.5720672607, 108.718215942, 88.7328796387, 50.7299118042, 43.0941543579, 62.7474136353, 44.1272125244, 54.9599075317, 37.8227462769, 51.9556732178, 64.561706543, 26.151008606, 15.8132381439, 9.9107875824, 5.62446689606, 1.2869515419, 0.188920393586, 0.00605983519927], "mean": [1.46275103092, 11.8769159317, 19.3055858612, 10.4968576431, 9.41227436066, 8.52827167511, 17.3339500427, 10.7639064789, 12.3018283844, 28.4628047943, 44.3037567139, 15.1047267914, 5.2298283577, 12.61369133, 18.0534687042, 12.3336105347, 17.3572368622, 15.4303779602, 11.7275600433, 10.4085321426, 7.18715238571, 4.85599517822, 3.60101890564, 2.93672299385, 3.15738153458, 3.23320055008, 3.2861661911, 3.70751023293, 2.90627741814, 2.89031744003, 2.34291505814, 2.24874567986, 2.0082192421, 1.56889200211, 0.829069674015, 0.561385929585, 0.328462153673, 0.0812997147441, 0.00779246166348, 0.000323787389789], "median": [0.202167153358, 3.64773082733, 5.4622631073, 3.34445571899, 2.79441142082, 3.4447684288, 3.0014090538, 2.61718821526, 2.24980449677, 4.47568082809, 5.82121324539, 3.13477325439, 1.61452233791, 2.30332636833, 2.82593226433, 1.88233184814, 1.92427110672, 1.95153069496, 1.7931779623, 1.7613067627, 1.27760100365, 1.31763827801, 1.02725255489, 0.808438837528, 0.520757377148, 0.657498419285, 0.721679568291, 0.592421293259, 0.356594443321, 0.287474602461, 0.317498534918, 0.291247695684, 0.188893452287, 0.106321595609, 0.0428305156529, 0.0172526054084, 0.00518737593666, 0.000904643617105, 0.000107478073915, 8.36518593132e-05], "min": [1.57577206492e-12, 5.23071906969e-12, 1.20194071709e-11, 2.31954750546e-11, 3.42800891839e-11, 5.46760831055e-11, 9.79241271404e-11, 1.06511008346e-10, 3.80915021747e-11, 2.48358850846e-11, 7.89791079758e-11, 5.70489322449e-10, 3.32294303185e-09, 6.25421359146e-09, 3.14982639971e-09, 1.49735479571e-09, 1.48220125062e-09, 2.4618602712e-09, 1.72515146613e-09, 3.75817466036e-09, 2.35258190706e-09, 2.67459654424e-09, 4.62807125956e-09, 9.2999838941e-09, 3.25469473594e-09, 2.75107825409e-09, 3.77353215342e-09, 8.873610291e-09, 6.93813761998e-09, 7.00244751073e-09, 5.56190826728e-09, 8.27844992557e-09, 7.38102112763e-09, 6.83189993467e-09, 4.3980725728e-09, 2.23243268316e-09, 8.9591467578e-10, 4.81459094814e-10, 1.46171019733e-10, 1.2847970951e-11], "var": [6.52678871155, 425.144561768, 969.217041016, 229.983169556, 250.554916382, 170.67930603, 1454.73083496, 476.11038208, 1050.03112793, 5274.40087891, 8002.94628906, 1064.33557129, 144.463470459, 646.342590332, 1920.66809082, 790.705322266, 3308.46118164, 2050.27441406, 955.085266113, 753.973693848, 239.391021729, 101.194343567, 49.9897460938, 36.5189247131, 49.5602302551, 40.4109230042, 36.8838615417, 74.5840377808, 38.483581543, 44.2664413452, 22.5329742432, 21.500125885, 23.9349937439, 13.6734228134, 4.16664505005, 2.03518176079, 0.75671428442, 0.0481043979526, 0.00051445979625, 5.0677397212e-07]}, "gfcc": {"mean": [-51.2020950317, 95.7799224854, -68.7522583008, 27.2946567535, -43.9593582153, 21.5216522217, -28.4910297394, 10.4830160141, -14.2237567902, 7.65515470505, -13.8017625809, -1.84930562973, -11.2473297119], "cov": [[13289.9091797, -1095.34680176, 781.811035156, 580.329711914, 355.648284912, 436.776000977, -137.530349731, 147.282470703, -193.077636719, 194.068939209, -104.121688843, 239.99407959, -146.911056519], [-1095.34680176, 2599.71704102, 77.716255188, -159.729156494, 518.722717285, 74.139465332, 185.757598877, -173.267868042, 305.050842285, -178.645568848, 123.286499023, -265.897827148, 166.259643555], [781.811035156, 77.716255188, 1507.11608887, 562.736816406, 521.455932617, 278.981994629, 356.32119751, -24.1200866699, 60.147315979, -48.346244812, -131.753387451, -13.8929786682, 25.5834312439], [580.329711914, -159.729156494, 562.736816406, 696.133483887, 320.823638916, 157.389205933, 116.783592224, -15.6308813095, 10.7531147003, -19.4168491364, -57.5916481018, -31.2510051727, 22.846446991], [355.648284912, 518.722717285, 521.455932617, 320.823638916, 821.790405273, 275.840301514, 215.424865723, -15.8881549835, 84.1301651001, -77.0200500488, -35.80991745, -60.3968811035, 15.6142454147], [436.776000977, 74.139465332, 278.981994629, 157.389205933, 275.840301514, 251.096954346, 173.786956787, 41.756313324, 18.6621589661, -6.77849578857, -10.8054552078, -8.35676956177, -26.8012866974], [-137.530349731, 185.757598877, 356.32119751, 116.783592224, 215.424865723, 173.786956787, 346.09487915, 99.5058898926, 99.4157028198, -5.40591287613, 2.5152053833, -21.673992157, -14.6001167297], [147.282470703, -173.267868042, -24.1200866699, -15.6308813095, -15.8881549835, 41.756313324, 99.5058898926, 145.54649353, 22.1145973206, 39.246547699, 22.2028675079, 37.7386169434, -25.8978481293], [-193.077636719, 305.050842285, 60.147315979, 10.7531147003, 84.1301651001, 18.6621589661, 99.4157028198, 22.1145973206, 148.469329834, 11.8615617752, 17.840587616, -63.5585517883, -5.21006059647], [194.068939209, -178.645568848, -48.346244812, -19.4168491364, -77.0200500488, -6.77849578857, -5.40591287613, 39.246547699, 11.8615617752, 96.8792419434, 30.7124843597, 21.3258838654, -37.0714683533], [-104.121688843, 123.286499023, -131.753387451, -57.5916481018, -35.80991745, -10.8054552078, 2.5152053833, 22.2028675079, 17.840587616, 30.7124843597, 87.0466308594, 19.8662662506, 12.4256401062], [239.99407959, -265.897827148, -13.8929786682, -31.2510051727, -60.3968811035, -8.35676956177, -21.673992157, 37.7386169434, -63.5585517883, 21.3258838654, 19.8662662506, 140.7290802, 32.0907173157], [-146.911056519, 166.259643555, 25.5834312439, 22.846446991, 15.6142454147, -26.8012866974, -14.6001167297, -25.8978481293, -5.21006059647, -37.0714683533, 12.4256401062, 32.0907173157, 115.312240601]], "icov": [[9.93660287349e-05, -3.49964320776e-05, -5.88326365687e-05, -5.20284556842e-05, 8.71550855663e-06, -0.000237933229073, 0.000293960300041, -0.000197789384401, 1.02721505755e-05, -0.000182172501809, 0.000147984930663, -0.000179334339919, 0.00011259062012], [-3.49964320776e-05, 0.00140323233791, -0.00010173227929, 0.000814876810182, -0.000557379680686, -0.00021643290529, -0.000312999385642, 0.00137041474227, -0.00161014834885, 0.00171122141182, -0.00272858841345, 0.00200013210997, -0.00169857079163], [-5.88326365687e-05, -0.00010173227929, 0.00168324820697, -0.000768618308939, -0.000234619190451, 5.13380546181e-05, -0.00184689334128, 0.00145186448935, 1.53535766003e-05, -0.000859207066242, 0.00226904870942, -0.000992306042463, -0.000257390434854], [-5.20284556842e-05, 0.000814876810182, -0.000768618308939, 0.0028202557005, -0.000747399928514, -0.00060494185891, 0.000183657859452, 0.000433482666267, -0.000323060317896, 0.000173394495505, -0.00122315296903, 0.00218701735139, -0.00198390684091], [8.71550855663e-06, -0.000557379680686, -0.000234619190451, -0.000747399928514, 0.00282475491986, -0.00238557020202, 0.000481778231915, -7.51781772124e-05, -0.000838380481582, 0.00113365589641, 0.000706615799572, -0.00088329956634, 0.000618287245743], [-0.000237933229073, -0.00021643290529, 5.13380546181e-05, -0.00060494185891, -0.00238557020202, 0.0104360114783, -0.00443732598796, -0.000134130008519, 0.00342173525132, -0.000769868958741, -0.000583922141232, 5.20864778082e-05, 0.00222956412472], [0.000293960300041, -0.000312999385642, -0.00184689334128, 0.000183657859452, 0.000481778231915, -0.00443732598796, 0.00978910550475, -0.0060052331537, -0.00370570854284, 0.00205170316622, -0.00100135989487, -0.000161704942002, 0.000638391822577], [-0.000197789384401, 0.00137041474227, 0.00145186448935, 0.000433482666267, -7.51781772124e-05, -0.000134130008519, -0.0060052331537, 0.0148473996669, -0.00262590730563, -0.00101874175016, -0.00191388826352, -0.00263555953279, 0.000410877051763], [1.02721505755e-05, -0.00161014834885, 1.53535766003e-05, -0.000323060317896, -0.000838380481582, 0.00342173525132, -0.00370570854284, -0.00262590730563, 0.0153206847608, -0.00593205308542, 0.000908496032935, 0.00461731990799, -0.000352623057552], [-0.000182172501809, 0.00171122141182, -0.000859207066242, 0.000173394495505, 0.00113365589641, -0.000769868958741, 0.00205170316622, -0.00101874175016, -0.00593205308542, 0.0207747668028, -0.00983598642051, -0.00103159295395, 0.00491322297603], [0.000147984930663, -0.00272858841345, 0.00226904870942, -0.00122315296903, 0.000706615799572, -0.000583922141232, -0.00100135989487, -0.00191388826352, 0.000908496032935, -0.00983598642051, 0.0236883778125, -0.00606287270784, -0.000912841351237], [-0.000179334339919, 0.00200013210997, -0.000992306042463, 0.00218701735139, -0.00088329956634, 5.20864778082e-05, -0.000161704942002, -0.00263555953279, 0.00461731990799, -0.00103159295395, -0.00606287270784, 0.0167947039008, -0.00794971827418], [0.00011259062012, -0.00169857079163, -0.000257390434854, -0.00198390684091, 0.000618287245743, 0.00222956412472, 0.000638391822577, 0.000410877051763, -0.000352623057552, 0.00491322297603, -0.000912841351237, -0.00794971827418, 0.0161966774613]]}, "melbands": {"dmean": [0.00733536249027, 0.00719512859359, 0.00103562534787, 0.000406591832871, 0.000246992713073, 0.000132630739245, 0.000147792539792, 0.000237637257669, 0.000152522407006, 4.74925254821e-05, 1.96909077204e-05, 2.87366710836e-05, 3.53635696229e-05, 2.32151378441e-05, 2.43355625571e-05, 2.64337049884e-05, 1.75357035914e-05, 1.35773170769e-05, 1.45606945807e-05, 7.84712665336e-06, 6.35502601654e-06, 4.56433417639e-06, 3.50272011929e-06, 2.17463775698e-06, 2.364104148e-06, 2.56031580648e-06, 1.79021549229e-06, 1.69396844285e-06, 1.72731711245e-06, 1.77586241534e-06, 2.39198379859e-06, 1.50190896875e-06, 1.82138251148e-06, 1.8082337192e-06, 1.4856617554e-06, 1.03859747469e-06, 1.5108334992e-06, 1.41532325415e-06, 1.61852585734e-06, 1.40553663641e-06], "dmean2": [0.0109353763983, 0.0107008134946, 0.00152694282588, 0.000676097697578, 0.000375030707801, 0.000198694862775, 0.00024140093592, 0.000384464015951, 0.000224435643759, 7.27190272301e-05, 3.25231376337e-05, 4.31081061834e-05, 5.18328815815e-05, 3.45629850926e-05, 3.77859178116e-05, 3.8154226786e-05, 2.67038685706e-05, 2.18732202484e-05, 2.36711402977e-05, 1.17694889923e-05, 1.0073199519e-05, 7.43648433854e-06, 5.48853267901e-06, 3.3871267533e-06, 3.89790557165e-06, 4.20380320065e-06, 2.79208188658e-06, 2.51242022387e-06, 2.5910783279e-06, 2.76392097476e-06, 3.66749031855e-06, 2.25175176638e-06, 2.81593247564e-06, 2.85755390905e-06, 2.2630397325e-06, 1.49986044562e-06, 2.29831380238e-06, 2.15179557017e-06, 2.41697898673e-06, 2.15780937651e-06], "dvar": [0.000194424021174, 0.000172953979927, 2.9756688491e-06, 6.89261923981e-07, 2.99735575027e-07, 8.39727007929e-08, 2.50615840969e-07, 3.48274284079e-07, 1.18459965393e-07, 1.19774208329e-08, 4.51319692729e-09, 4.12436840236e-09, 8.07991717977e-09, 4.25097690382e-09, 7.8812476545e-09, 7.35484784187e-09, 3.84409970522e-09, 1.43473977143e-09, 1.48646228659e-09, 4.00583621829e-10, 2.14834233736e-10, 1.58136295725e-10, 6.0420501935e-11, 1.85107641021e-11, 3.40007015598e-11, 4.12129184946e-11, 1.61899035844e-11, 1.2063574098e-11, 1.23439461777e-11, 1.44915789438e-11, 2.79829215355e-11, 8.89343806931e-12, 1.62727869374e-11, 1.38251250725e-11, 8.79164709783e-12, 3.40333642344e-12, 9.80183382376e-12, 1.15643692539e-11, 1.29205769347e-11, 9.02560838567e-12], "dvar2": [0.000448881153716, 0.000370539783034, 6.05015156907e-06, 1.84221130439e-06, 6.6659345066e-07, 1.77999723405e-07, 5.25768371062e-07, 7.95466917225e-07, 2.35137378013e-07, 2.56814054467e-08, 1.20923857594e-08, 8.13092970731e-09, 1.39567983837e-08, 8.70089511551e-09, 1.65470250835e-08, 1.5327863423e-08, 7.96852628326e-09, 3.35562067022e-09, 3.7033707212e-09, 8.26619606098e-10, 4.67628991085e-10, 4.27625601596e-10, 1.47729425914e-10, 4.63639647508e-11, 9.32172602996e-11, 1.10822358235e-10, 3.90074257617e-11, 2.72744517943e-11, 2.74445136755e-11, 3.33130294183e-11, 6.30293803261e-11, 1.97239637817e-11, 3.89882258423e-11, 3.22715534851e-11, 2.07324626217e-11, 7.01357418323e-12, 2.36390265002e-11, 2.7088825974e-11, 2.87136477789e-11, 2.08395817963e-11], "max": [0.181396409869, 0.173067048192, 0.022789824754, 0.0109736500308, 0.0149337165058, 0.00752251502126, 0.0142522295937, 0.0107044717297, 0.00623121391982, 0.00221484783106, 0.00164733128622, 0.00116880727001, 0.001878939569, 0.001347577665, 0.00155175325926, 0.00111056724563, 0.00113302038517, 0.000499076675624, 0.000425434671342, 0.000286713504465, 0.00016858203162, 0.000215752588701, 0.000112201312731, 5.087115278e-05, 9.51990732574e-05, 0.000106214465632, 3.37863129971e-05, 3.56042874046e-05, 3.0570441595e-05, 3.57013486791e-05, 3.95533388655e-05, 2.55776631093e-05, 3.18215534207e-05, 3.05224348267e-05, 2.53687230725e-05, 2.08172423299e-05, 3.58452380169e-05, 5.69046205783e-05, 3.57932876796e-05, 2.38273532887e-05], "mean": [0.0139976218343, 0.0124669093639, 0.00194492260925, 0.000596570142079, 0.000561460095923, 0.000256727682427, 0.000204625786864, 0.000365489831893, 0.0003237517667, 7.29449748178e-05, 2.38450811594e-05, 4.99931556988e-05, 6.56782576698e-05, 3.81142453989e-05, 3.33340940415e-05, 3.76637253794e-05, 2.7869034966e-05, 1.85164790309e-05, 1.68958540598e-05, 1.0154210031e-05, 8.01442183729e-06, 4.9866093832e-06, 4.26028464062e-06, 2.58766112893e-06, 2.27654550145e-06, 2.55463578469e-06, 1.88715785043e-06, 2.17528895519e-06, 2.21954178414e-06, 1.78699394837e-06, 2.26522388402e-06, 1.5703601548e-06, 1.64799621416e-06, 1.61949776611e-06, 1.41572820667e-06, 1.18554305573e-06, 1.40664042192e-06, 1.33438618377e-06, 1.51775498125e-06, 1.25890755953e-06], "median": [0.00265921419486, 0.00475118309259, 0.000619365135208, 0.000235671817791, 0.000117975738249, 5.71185955778e-05, 2.82506134681e-05, 5.23821654497e-05, 4.61550298496e-05, 1.22942747112e-05, 6.23260302746e-06, 8.72453074408e-06, 8.08641561889e-06, 4.62473281004e-06, 3.01544764625e-06, 3.68561131836e-06, 3.37748360835e-06, 2.59448256656e-06, 2.08380515687e-06, 2.03810373023e-06, 1.22038511563e-06, 1.26648387777e-06, 9.77298213911e-07, 7.26193093215e-07, 5.20943217452e-07, 3.52423455752e-07, 3.37705614584e-07, 3.81661607207e-07, 4.07590931673e-07, 2.72875439578e-07, 2.55176217934e-07, 1.82534861892e-07, 1.67464733636e-07, 1.48186259707e-07, 1.6953147508e-07, 1.82455963227e-07, 1.50276520117e-07, 1.18849136754e-07, 1.06840488456e-07, 7.76953896775e-08], "min": [1.35715896325e-14, 6.54055252002e-15, 4.34032175909e-15, 3.07840275691e-15, 3.32120453948e-15, 2.3870309602e-15, 4.99983219973e-16, 2.83845505185e-16, 8.7065584912e-16, 3.8236325083e-15, 1.77721979657e-14, 2.68085605933e-14, 1.21533828872e-14, 5.01526386948e-15, 2.33302181014e-15, 4.79252850919e-15, 4.41807345442e-15, 2.19939643348e-15, 5.29881450132e-15, 4.48112573998e-15, 2.09636186347e-15, 1.74528280046e-15, 4.90602287731e-15, 5.10824987588e-15, 8.18683347433e-15, 3.31559739313e-15, 1.60038786219e-15, 1.78985812106e-15, 1.04775074488e-15, 6.93020969862e-15, 3.61416126044e-15, 2.96316455971e-15, 4.58194171894e-15, 4.40073087834e-15, 2.71182426151e-15, 5.161277103e-15, 4.53526088619e-15, 5.94502567766e-15, 3.77048119086e-15, 6.33808919926e-15], "var": [0.00052310875617, 0.000388931977795, 7.9403480413e-06, 8.31654631384e-07, 1.26088730212e-06, 2.6000978437e-07, 3.79011169116e-07, 7.14960492587e-07, 3.94536698423e-07, 2.99122824288e-08, 3.76532272028e-09, 1.10711457779e-08, 2.94798052636e-08, 9.70338209783e-09, 1.45733416446e-08, 1.35971616189e-08, 7.1508603483e-09, 2.87220358608e-09, 2.0456054628e-09, 6.90843549034e-10, 3.01509622824e-10, 1.29803598425e-10, 7.56500764809e-11, 2.08953063185e-11, 2.56418462852e-11, 4.0067997531e-11, 1.73297400735e-11, 1.84580857543e-11, 1.61239493979e-11, 1.53929403945e-11, 3.03247565947e-11, 1.04683050423e-11, 1.55966923404e-11, 1.39108446984e-11, 9.16692329683e-12, 4.77447378508e-12, 9.61100816987e-12, 1.27044251855e-11, 1.4496339025e-11, 9.1406847369e-12]}, "mfcc": {"mean": [-713.394775391, 134.714935303, 33.834236145, 22.2207241058, 15.7368459702, 14.2334909439, 4.47064590454, 4.48062181473, 6.8661236763, 7.02043485641, 4.34531450272, 7.32593488693, 2.22097373009], "cov": [[10631.7255859, -658.02746582, 163.048690796, -28.2810459137, 250.119552612, 78.5486373901, 105.517349243, 33.3769264221, -63.2979316711, -6.50139379501, 28.3323993683, 61.5115852356, 62.7601890564], [-658.02746582, 2535.29467773, -52.8990097046, -64.7375335693, 284.235565186, 257.752716064, 67.8230133057, 105.328514099, 134.333755493, 104.49798584, 67.3525161743, -58.9951820374, -39.0193099976], [163.048690796, -52.8990097046, 867.395874023, 340.037902832, 66.9726867676, 255.10760498, 150.753738403, 129.762466431, 123.738273621, 83.4833755493, 37.6263504028, -94.4963226318, -4.41593170166], [-28.2810459137, -64.7375335693, 340.037902832, 466.721496582, 241.964324951, 237.967010498, 136.270904541, 107.853683472, 101.736587524, 59.5249595642, 24.2209091187, -58.3829040527, -23.7077274323], [250.119552612, 284.235565186, 66.9726867676, 241.964324951, 456.809051514, 271.405914307, 139.226593018, 94.0040359497, 81.2452392578, 32.9614143372, 29.4052734375, -78.733291626, -50.0482330322], [78.5486373901, 257.752716064, 255.10760498, 237.967010498, 271.405914307, 356.670959473, 185.790618896, 134.921051025, 116.460968018, 77.4521560669, 55.9908027649, -52.8283195496, -27.7347145081], [105.517349243, 67.8230133057, 150.753738403, 136.270904541, 139.226593018, 185.790618896, 242.042861938, 153.113510132, 110.843025208, 33.0381164551, 44.1533241272, 21.396894455, 26.6302509308], [33.3769264221, 105.328514099, 129.762466431, 107.853683472, 94.0040359497, 134.921051025, 153.113510132, 180.969436646, 114.216690063, 36.6994934082, 32.4435043335, 2.52163100243, 30.7399806976], [-63.2979316711, 134.333755493, 123.738273621, 101.736587524, 81.2452392578, 116.460968018, 110.843025208, 114.216690063, 150.586151123, 48.4445152283, 28.3501567841, 10.6418237686, 31.3679275513], [-6.50139379501, 104.49798584, 83.4833755493, 59.5249595642, 32.9614143372, 77.4521560669, 33.0381164551, 36.6994934082, 48.4445152283, 127.633796692, 63.6267929077, 12.3372879028, 4.49963474274], [28.3323993683, 67.3525161743, 37.6263504028, 24.2209091187, 29.4052734375, 55.9908027649, 44.1533241272, 32.4435043335, 28.3501567841, 63.6267929077, 103.466156006, 48.2538070679, 16.4640007019], [61.5115852356, -58.9951820374, -94.4963226318, -58.3829040527, -78.733291626, -52.8283195496, 21.396894455, 2.52163100243, 10.6418237686, 12.3372879028, 48.2538070679, 140.38458252, 70.1037597656], [62.7601890564, -39.0193099976, -4.41593170166, -23.7077274323, -50.0482330322, -27.7347145081, 26.6302509308, 30.7399806976, 31.3679275513, 4.49963474274, 16.4640007019, 70.1037597656, 99.6726379395]], "icov": [[0.000104482860479, 3.89545712096e-05, -8.36309845909e-05, 0.000126627783175, -0.000193679341464, 1.89955590031e-05, 4.4359390472e-07, -5.63341454836e-05, 0.000150572333951, -5.55493061256e-05, 7.4789430073e-05, -0.000135451045935, -6.08000991633e-05], [3.89545712096e-05, 0.000529751705471, 2.05670548894e-05, 0.000510755053256, -0.000351823837264, -0.000400031014578, 0.000353708426701, -0.000160451643751, -0.000392420159187, -0.00022235835786, -6.66048945277e-05, 7.21106989658e-05, 6.60836740281e-05], [-8.36309845909e-05, 2.05670548894e-05, 0.00252095214091, -0.0015918292338, 0.00195376831107, -0.00134665030055, -0.000598863582127, 0.000443935423391, -0.000716111273505, 5.0415736041e-05, -0.00119229534175, 0.00276072858833, -0.0010985112749], [0.000126627783175, 0.000510755053256, -0.0015918292338, 0.00510292081162, -0.00249079754576, -0.000714640133083, 0.000413192319684, -0.000546308816411, -0.000524742412381, -0.000977401505224, 0.00128805043641, -0.00117232487537, 0.000693039502949], [-0.000193679341464, -0.000351823837264, 0.00195376831107, -0.00249079754576, 0.00642175134271, -0.00340141449124, -0.00110186450183, 0.000949706241954, -0.000777632812969, 0.00150498806033, -0.00189979758579, 0.00330718583427, -7.75945009082e-05], [1.89955590031e-05, -0.000400031014578, -0.00134665030055, -0.000714640133083, -0.00340141449124, 0.0105057861656, -0.00407841429114, -0.000197956542252, -0.000697925745044, -0.00208243215457, -0.00133179745171, 0.00113348301966, 0.00170430133585], [4.4359390472e-07, 0.000353708426701, -0.000598863582127, 0.000413192319684, -0.00110186450183, -0.00407841429114, 0.013024603948, -0.00740316230804, -0.000853110046592, 0.00208932440728, 0.000164853670867, -0.00462560309097, 0.000725440797396], [-5.63341454836e-05, -0.000160451643751, 0.000443935423391, -0.000546308816411, 0.000949706241954, -0.000197956542252, -0.00740316230804, 0.0165521875024, -0.00668803509325, 0.00030202275957, -0.0018395887455, 0.00409140344709, -0.00332535128109], [0.000150572333951, -0.000392420159187, -0.000716111273505, -0.000524742412381, -0.000777632812969, -0.000697925745044, -0.000853110046592, -0.00668803509325, 0.0159030891955, -0.0032388898544, 0.00258010695688, -0.0018466579495, -0.00268505327404], [-5.55493061256e-05, -0.00022235835786, 5.0415736041e-05, -0.000977401505224, 0.00150498806033, -0.00208243215457, 0.00208932440728, 0.00030202275957, -0.0032388898544, 0.0137984035537, -0.00799292512238, 0.000918890931644, 0.000312933436362], [7.4789430073e-05, -6.66048945277e-05, -0.00119229534175, 0.00128805043641, -0.00189979758579, -0.00133179745171, 0.000164853670867, -0.0018395887455, 0.00258010695688, -0.00799292512238, 0.0197682268918, -0.00926126353443, 0.00217649666592], [-0.000135451045935, 7.21106989658e-05, 0.00276072858833, -0.00117232487537, 0.00330718583427, 0.00113348301966, -0.00462560309097, 0.00409140344709, -0.0018466579495, 0.000918890931644, -0.00926126353443, 0.0196577198803, -0.009849563241], [-6.08000991633e-05, 6.60836740281e-05, -0.0010985112749, 0.000693039502949, -7.75945009082e-05, 0.00170430133585, 0.000725440797396, -0.00332535128109, -0.00268505327404, 0.000312933436362, 0.00217649666592, -0.009849563241, 0.0188791546971]]}, "spectral_contrast_coeffs": {"dmean": [0.0516585148871, 0.0513388961554, 0.041560459882, 0.0351144634187, 0.0319007635117, 0.0228504147381], "dmean2": [0.0811607912183, 0.0824769437313, 0.0648239627481, 0.05573464185, 0.0499807223678, 0.0362443365157], "dvar": [0.0019039058825, 0.00218799896538, 0.00146754831076, 0.00111624656711, 0.00133350049146, 0.000552831566893], "dvar2": [0.00439124833792, 0.00526932580397, 0.00335167674348, 0.00243866932578, 0.00300067546777, 0.00136286218185], "max": [-0.343980491161, -0.322501420975, -0.38991650939, -0.51969897747, -0.493140310049, -0.618319153786], "mean": [-0.646604120731, -0.714903950691, -0.762633502483, -0.786847114563, -0.794379234314, -0.7910566926], "median": [-0.653837442398, -0.735281825066, -0.77895963192, -0.807020068169, -0.824395060539, -0.798769891262], "min": [-0.93754696846, -0.94841504097, -0.952890276909, -0.957931816578, -0.932214558125, -0.925309479237], "var": [0.00846583768725, 0.0132098644972, 0.0080073159188, 0.00611213594675, 0.00702098803595, 0.00202636211179]}, "spectral_contrast_valleys": {"dmean": [0.514446079731, 0.542142391205, 0.5701816082, 0.607015252113, 0.674220561981, 0.778200209141], "dmean2": [0.77281075716, 0.818190872669, 0.849512040615, 0.879693448544, 0.906890928745, 0.967147529125], "dvar": [0.23171018064, 0.274448603392, 0.307440549135, 0.348157584667, 0.434389591217, 0.594566822052], "dvar2": [0.469612658024, 0.574680328369, 0.655774474144, 0.749136269093, 0.880891740322, 1.17589151859], "max": [-4.72442388535, -4.19117116928, -5.50313806534, -5.84212112427, -