{"lowlevel": {"average_loudness": 0.953642189503, "barkbands_crest": {"dmean": 2.2570912838, "dmean2": 3.66281628609, "dvar": 5.11486387253, "dvar2": 12.7882976532, "max": 26.960647583, "mean": 12.343419075, "median": 11.5724725723, "min": 3.42215013504, "var": 16.1651134491}, "barkbands_flatness_db": {"dmean": 0.0505531392992, "dmean2": 0.0687748491764, "dvar": 0.00273281428963, "dvar2": 0.00543772801757, "max": 0.68961840868, "mean": 0.264314770699, "median": 0.253493338823, "min": 0.047796908766, "var": 0.0127239683643}, "barkbands_kurtosis": {"dmean": 12.3536071777, "dmean2": 20.1645793915, "dvar": 9099.38085938, "dvar2": 26927.7402344, "max": 3966.26855469, "mean": 19.5719337463, "median": 9.82318687439, "min": -1.82604217529, "var": 5453.05566406}, "barkbands_skewness": {"dmean": 0.954435586929, "dmean2": 1.44953894615, "dvar": 2.21797132492, "dvar2": 6.06069755554, "max": 58.6296005249, "mean": 2.69411849976, "median": 2.31019997597, "min": -5.37459421158, "var": 4.31470727921}, "barkbands_spread": {"dmean": 5.61141061783, "dmean2": 8.6860294342, "dvar": 98.4946060181, "dvar2": 201.551712036, "max": 109.962249756, "mean": 9.06986808777, "median": 4.45969486237, "min": 0.0330014079809, "var": 162.170806885}, "dissonance": {"dmean": 0.0410934016109, "dmean2": 0.062540717423, "dvar": 0.00136171362828, "dvar2": 0.00302725075744, "max": 0.499887496233, "mean": 0.392051130533, "median": 0.405672878027, "min": 0.101150088012, "var": 0.0058975322172}, "dynamic_complexity": 4.55858707428, "erbbands_crest": {"dmean": 2.90832090378, "dmean2": 4.5827126503, "dvar": 10.6808252335, "dvar2": 24.6068935394, "max": 34.5909004211, "mean": 12.4767560959, "median": 11.1105194092, "min": 2.42013263702, "var": 37.3522949219}, "erbbands_flatness_db": {"dmean": 0.0424802824855, "dmean2": 0.0571624152362, "dvar": 0.00192074873485, "dvar2": 0.00383615656756, "max": 0.586116492748, "mean": 0.22509111464, "median": 0.221018046141, "min": 0.0816361010075, "var": 0.00940671097487}, "erbbands_kurtosis": {"dmean": 4.98807621002, "dmean2": 7.63433074951, "dvar": 112.040206909, "dvar2": 250.087036133, "max": 249.670181274, "mean": 7.55421495438, "median": 2.62745046616, "min": -1.85220432281, "var": 320.140686035}, "erbbands_skewness": {"dmean": 0.750025212765, "dmean2": 1.12388586998, "dvar": 0.600778222084, "dvar2": 1.39729678631, "max": 11.048456192, "mean": 1.53691065311, "median": 1.21240997314, "min": -3.20686340332, "var": 2.61004972458}, "erbbands_spread": {"dmean": 14.546122551, "dmean2": 21.6249580383, "dvar": 366.431427002, "dvar2": 684.849121094, "max": 143.701782227, "mean": 29.8960819244, "median": 17.6953735352, "min": 0.350642561913, "var": 790.347167969}, "hfc": {"dmean": 6.16561031342, "dmean2": 9.5649433136, "dvar": 93.9197387695, "dvar2": 197.009002686, "max": 89.0537185669, "mean": 11.6528377533, "median": 8.35866737366, "min": 1.17988579353e-16, "var": 151.942108154}, "melbands_crest": {"dmean": 2.58866405487, "dmean2": 4.26407957077, "dvar": 6.93017673492, "dvar2": 17.4861068726, "max": 34.5134391785, "mean": 16.4948291779, "median": 15.4447154999, "min": 1.74194180965, "var": 24.9844837189}, "melbands_flatness_db": {"dmean": 0.0617158971727, "dmean2": 0.0818499997258, "dvar": 0.00392571510747, "dvar2": 0.00759435584769, "max": 0.798439562321, "mean": 0.363853394985, "median": 0.354803144932, "min": 0.00492542050779, "var": 0.0173986386508}, "melbands_kurtosis": {"dmean": 17.0858478546, "dmean2": 26.5930347443, "dvar": 621.477783203, "dvar2": 1573.90686035, "max": 347.368225098, "mean": 32.5019378662, "median": 18.2063808441, "min": -1.68703532219, "var": 1589.13330078}, "melbands_skewness": {"dmean": 1.12442219257, "dmean2": 1.67229378223, "dvar": 1.43967473507, "dvar2": 3.08939623833, "max": 14.6218509674, "mean": 3.43504333496, "median": 2.93082976341, "min": -4.54343366623, "var": 4.97247171402}, "melbands_spread": {"dmean": 4.03052282333, "dmean2": 6.51862859726, "dvar": 71.5317153931, "dvar2": 162.088989258, "max": 213.015090942, "mean": 7.82180643082, "median": 4.71628808975, "min": 0.160214096308, "var": 188.196594238}, "pitch_salience": {"dmean": 0.0709604844451, "dmean2": 0.117884486914, "dvar": 0.004827699624, "dvar2": 0.0129949925467, "max": 0.816241800785, "mean": 0.499395608902, "median": 0.524406015873, "min": 0.0194073114544, "var": 0.0224019791931}, "silence_rate_20dB": {"dmean": 0, "dmean2": 0, "dvar": 0, "dvar2": 0, "max": 1, "mean": 1, "median": 1, "min": 1, "var": 0}, "silence_rate_30dB": {"dmean": 0.0255319140851, "dmean2": 0.0510793551803, "dvar": 0.0248792823404, "dvar2": 0.0569836720824, "max": 1, "mean": 0.966575503349, "median": 1, "min": 0, "var": 0.0323060713708}, "silence_rate_60dB": {"dmean": 0.0577507615089, "dmean2": 0.115536637604, "dvar": 0.0544163249433, "dvar2": 0.118605196476, "max": 1, "mean": 0.158006682992, "median": 0, "min": 0, "var": 0.133039101958}, "spectral_centroid": {"dmean": 238.28086853, "dmean2": 367.219604492, "dvar": 167005.3125, "dvar2": 329770.875, "max": 11233.9042969, "mean": 579.068054199, "median": 399.077758789, "min": 141.925872803, "var": 305878.4375}, "spectral_complexity": {"dmean": 3.17872333527, "dmean2": 4.86287641525, "dvar": 33.0816574097, "dvar2": 54.1256904602, "max": 51, "mean": 9.58523273468, "median": 8, "min": 0, "var": 66.8321075439}, "spectral_decrease": {"dmean": 3.63109697865e-09, "dmean2": 5.8480424947e-09, "dvar": 3.59190111547e-17, "dvar2": 8.61989365346e-17, "max": 2.73854085692e-18, "mean": -1.06963122803e-08, "median": -1.14383826855e-08, "min": -5.85938231268e-08, "var": 9.31605812141e-17}, "spectral_energy": {"dmean": 0.0140691678971, "dmean2": 0.0226834658533, "dvar": 0.00053543021204, "dvar2": 0.00127787713427, "max": 0.224689975381, "mean": 0.0414272136986, "median": 0.0444627515972, "min": 1.0719038547e-20, "var": 0.00138110830449}, "spectral_energyband_high": {"dmean": 0.000534327584319, "dmean2": 0.000832120247651, "dvar": 1.17311287795e-06, "dvar2": 2.65366475105e-06, "max": 0.00998962577432, "mean": 0.000480260147015, "median": 2.32971087826e-05, "min": 7.83965918543e-21, "var": 1.29337956878e-06}, "spectral_energyband_low": {"dmean": 0.00888450164348, "dmean2": 0.0143544115126, "dvar": 0.000224153816816, "dvar2": 0.000570109114051, "max": 0.123246341944, "mean": 0.0249408632517, "median": 0.0251376945525, "min": 2.66527006684e-23, "var": 0.000600771338213}, "spectral_energyband_middle_high": {"dmean": 0.000588362687267, "dmean2": 0.000965953979176, "dvar": 1.69403233485e-06, "dvar2": 4.15873091697e-06, "max": 0.0170344691724, "mean": 0.0010211042827, "median": 0.000377395452233, "min": 1.6562645887e-21, "var": 2.86944055006e-06}, "spectral_energyband_middle_low": {"dmean": 0.00881370715797, "dmean2": 0.0147058507428, "dvar": 0.00028479899629, "dvar2": 0.000718555995263, "max": 0.191159188747, "mean": 0.01925615035, "median": 0.0134449452162, "min": 3.02122947704e-22, "var": 0.000504889292642}, "spectral_entropy": {"dmean": 0.555978953838, "dmean2": 0.755301713943, "dvar": 0.339545100927, "dvar2": 0.639155328274, "max": 9.78067874908, "mean": 6.37994003296, "median": 6.29057788849, "min": 2.82953858376, "var": 1.34239387512}, "spectral_flux": {"dmean": 0.034536883235, "dmean2": 0.0534058362246, "dvar": 0.00245076813735, "dvar2": 0.00582706741989, "max": 0.405827224255, "mean": 0.0713162943721, "median": 0.0558043494821, "min": 1.03532786511e-10, "var": 0.00375590985641}, "spectral_kurtosis": {"dmean": 13.3736610413, "dmean2": 19.5478210449, "dvar": 318.843811035, "dvar2": 641.451660156, "max": 155.49206543, "mean": 21.7086486816, "median": 10.0672969818, "min": -1.20525252819, "var": 756.17199707}, "spectral_rms": {"dmean": 0.001047192025, "dmean2": 0.00159251270816, "dvar": 2.3518780381e-06, "dvar2": 4.79956497657e-06, "max": 0.0148057332262, "mean": 0.00548098282889, "median": 0.00658622011542, "min": 3.23382098009e-12, "var": 1.03756265162e-05}, "spectral_rolloff": {"dmean": 293.514770508, "dmean2": 538.293273926, "dvar": 920671.3125, "dvar2": 2256150.75, "max": 18497.0214844, "mean": 599.129577637, "median": 344.53125, "min": 86.1328125, "var": 1719561.25}, "spectral_skewness": {"dmean": 1.15993475914, "dmean2": 1.57816898823, "dvar": 1.44283092022, "dvar2": 2.76199150085, "max": 10.73391819, "mean": 3.25017094612, "median": 2.77012252808, "min": -0.0275148116052, "var": 4.45232868195}, "spectral_spread": {"dmean": 1167187, "dmean2": 1625215, "dvar": 1728358121470.0, "dvar2": 2477086212100.0, "max": 40236048, "mean": 3998440.25, "median": 3744010.5, "min": 620402.6875, "var": 5122065170430.0}, "spectral_strongpeak": {"dmean": 0.247596159577, "dmean2": 0.416243284941, "dvar": 0.103217817843, "dvar2": 0.257465094328, "max": 3.45971035957, "mean": 0.673997938633, "median": 0.630923271179, "min": 0, "var": 0.200824230909}, "zerocrossingrate": {"dmean": 0.00968384929001, "dmean2": 0.0118743348867, "dvar": 0.000263000139967, "dvar2": 0.000344208005117, "max": 0.71875, "mean": 0.0289103742689, "median": 0.02001953125, "min": 0.0029296875, "var": 0.00168662739452}, "barkbands": {"dmean": [5.84129447816e-05, 0.00333517976105, 0.00442158710212, 0.00559483794495, 0.00317492731847, 0.00112556177191, 0.000316803896567, 0.000252035417361, 0.000325394212268, 0.000180727656698, 8.09281045804e-05, 0.000101670433651, 5.73394681851e-05, 6.93291804055e-05, 7.01683020452e-05, 3.69743866031e-05, 4.40090698248e-05, 6.06718749623e-05, 6.42373634037e-05, 0.000108239102701, 0.000104230522993, 0.000126934188302, 0.000123314501252, 6.39151621726e-05, 5.60357657378e-05, 7.03272689861e-06, 7.13219208137e-07], "dmean2": [0.000101643287053, 0.00496606482193, 0.00722966110334, 0.00962932594121, 0.00524711376056, 0.00167343451176, 0.000395522365579, 0.000393109308789, 0.000559279113077, 0.000289948366117, 0.000135454683914, 0.000172160216607, 0.00010281548748, 0.000122177487356, 0.000125589489471, 6.45765394438e-05, 6.8300323619e-05, 9.59752360359e-05, 0.000107406107418, 0.000167393533047, 0.000156559690367, 0.000203688148758, 0.000200720984139, 9.99237599899e-05, 9.10503149498e-05, 1.15158782137e-05, 1.22040057704e-06], "dvar": [1.08160076451e-08, 2.55976083281e-05, 7.69971811678e-05, 0.000183310097782, 2.89005802188e-05, 3.81572408514e-06, 7.38019025448e-07, 2.29811448094e-07, 7.29984151349e-07, 1.59727022719e-07, 4.46252101938e-08, 6.75649616255e-08, 3.29356986128e-08, 3.15240988868e-08, 4.92598886126e-08, 1.6840377981e-08, 1.22211076814e-08, 2.0022737246e-08, 1.89735693823e-08, 7.50581676812e-08, 4.5941636273e-08, 6.88145931349e-08, 7.17028925123e-08, 1.6912116152e-08, 1.37316646942e-08, 2.04402786363e-10, 2.75256857238e-12], "dvar2": [3.02288185594e-08, 5.29896387889e-05, 0.000200019887416, 0.000475967535749, 8.07003307273e-05, 9.28775989451e-06, 1.04791934064e-06, 5.36195670975e-07, 2.01408738576e-06, 3.82019408107e-07, 1.21933055652e-07, 1.85204996228e-07, 9.35296426974e-08, 8.68447855851e-08, 1.40445507668e-07, 4.70649155204e-08, 2.81577197114e-08, 4.52333459577e-08, 4.29303135263e-08, 1.73990400754e-07, 9.27500494186e-08, 1.64269508218e-07, 1.74987960122e-07, 3.95936403663e-08, 3.33411271924e-08, 5.08149355927e-10, 7.42472923421e-12], "max": [0.00124790787231, 0.06016420573, 0.0946487486362, 0.167487323284, 0.130692780018, 0.0295154973865, 0.0344501212239, 0.0105846012011, 0.0108612151816, 0.0147658605129, 0.00304623972625, 0.00655265152454, 0.00276622641832, 0.00219688680954, 0.00283449119888, 0.00144353020005, 0.00173239363357, 0.00126491580158, 0.00160450104158, 0.00374760036357, 0.00238921795972, 0.00185085984413, 0.00222676922567, 0.000800116104074, 0.000784295611084, 0.000159350980539, 2.10179823625e-05], "mean": [6.7095970735e-05, 0.0102857872844, 0.0104919476435, 0.0080031203106, 0.00600626412779, 0.00264409906231, 0.000983684905805, 0.000724384735804, 0.000499485991895, 0.000493734027259, 0.000129686843138, 0.000177562309545, 5.79217921768e-05, 8.15635066829e-05, 6.15825483692e-05, 3.36556513503e-05, 4.75783090224e-05, 5.83729415666e-05, 6.31496441201e-05, 9.48695305851e-05, 0.000100984005257, 0.000110666027467, 9.76813753368e-05, 5.86587011639e-05, 4.70686354674e-05, 6.06852609053e-06, 5.77490197884e-07], "median": [3.40878323186e-05, 0.00633706245571, 0.00408704951406, 0.00294727273285, 0.00442018825561, 0.000994690693915, 0.000299774808809, 0.000246997486101, 0.000122131052194, 0.000133107751026, 2.57791689364e-05, 3.05932371703e-05, 1.47892087625e-05, 1.96584514924e-05, 7.87411136116e-06, 4.57132455267e-06, 5.13183749717e-06, 2.423456408e-06, 1.53347173182e-06, 2.36186269831e-06, 3.38396125699e-06, 5.55737005925e-06, 4.08016830988e-06, 2.59735543295e-06, 2.37695030592e-06, 1.89307414189e-07, 3.36780203725e-08], "min": [6.11164464294e-24, 5.69021148154e-24, 1.52201229554e-23, 1.68773903441e-23, 3.46522929836e-23, 5.94432882266e-23, 2.41179832948e-23, 6.94672427751e-23, 9.11157127833e-23, 3.30018034879e-23, 1.08698103385e-22, 1.37749073734e-22, 1.44900142016e-22, 1.21192801843e-22, 1.20628961934e-22, 1.61043164389e-22, 2.14932941262e-22, 2.4574584822e-22, 2.31195315134e-22, 3.61683915045e-22, 2.91502557513e-22, 7.265937537e-22, 6.059641733e-22, 9.92731643699e-22, 1.04122753049e-21, 1.55106623832e-21, 2.59244240283e-21], "var": [9.92387150234e-09, 0.000152592052473, 0.000168782426044, 0.000268270960078, 4.57919959445e-05, 1.45023050209e-05, 5.9765648075e-06, 1.40175984598e-06, 9.64673290582e-07, 1.01304055988e-06, 8.69471818987e-08, 2.06445719186e-07, 2.35346888644e-08, 3.33560876697e-08, 3.6434556705e-08, 1.23867653912e-08, 1.52372798823e-08, 2.47795988173e-08, 2.52311469495e-08, 8.07599107588e-08, 6.33893222357e-08, 6.81705785155e-08, 6.41461852524e-08, 1.76992962508e-08, 1.22053771534e-08, 1.86243825917e-10, 2.06863129057e-12]}, "erbbands": {"dmean": [0.0588979758322, 0.905697226524, 4.04526138306, 12.8886384964, 14.6843385696, 8.98532009125, 14.4199552536, 6.67520904541, 3.24382162094, 7.36617279053, 5.54809236526, 7.73838615417, 7.95789146423, 2.8030974865, 3.56205368042, 4.61290121078, 2.67670607567, 3.25193476677, 3.99564933777, 2.87183499336, 2.03491353989, 2.53439760208, 2.61253929138, 3.3869831562, 3.40012669563, 5.26672554016, 4.49396896362, 4.37177181244, 4.42998075485, 4.11502742767, 3.20577573776, 1.81189656258, 0.97750633955, 0.771438658237, 0.31337839365, 0.0532848015428, 0.0112632028759, 0.00140817509964, 0.000165428355103, 1.96203909582e-05], "dmean2": [0.0906477272511, 1.35646414757, 6.45070552826, 22.1683998108, 24.6602592468, 14.774772644, 22.8882980347, 9.97818088531, 4.3844461441, 9.76019382477, 8.62382793427, 13.0400400162, 13.2185611725, 4.67563295364, 5.96463632584, 7.73167610168, 4.78152990341, 5.72661542892, 7.1026058197, 4.98087739944, 3.48552680016, 3.89525771141, 4.09352731705, 5.345266819, 5.31899595261, 8.12946033478, 6.78702020645, 6.62963533401, 7.05993175507, 6.60341072083, 5.17899847031, 2.905138731, 1.53476655483, 1.23787271976, 0.517940580845, 0.089133374393, 0.0185610800982, 0.00229622237384, 0.000279591768049, 3.21674779116e-05], "dvar": [0.00939420703799, 1.81859207153, 51.8839683533, 766.045166016, 1256.49206543, 241.079101562, 715.57220459, 130.291702271, 53.9399833679, 495.737121582, 109.485343933, 398.138336182, 320.722503662, 62.8417549133, 86.5233764648, 141.169708252, 68.5739440918, 68.9916305542, 133.874023438, 81.0980606079, 50.4174766541, 37.811416626, 32.8736190796, 55.0931129456, 53.5615501404, 176.613464355, 91.0156326294, 84.2644348145, 83.335105896, 71.6374435425, 48.3433761597, 15.4114456177, 3.91041994095, 2.41146397591, 0.501517057419, 0.0133717954159, 0.000519155408256, 9.61833393376e-06, 1.18816380734e-07, 9.6330254884e-10], "dvar2": [0.0214431341738, 3.67170524597, 127.231010437, 2112.77832031, 3162.89477539, 641.800292969, 1924.77099609, 291.776000977, 88.3293762207, 748.951599121, 262.85836792, 1078.08972168, 829.800842285, 167.89704895, 236.474899292, 382.262969971, 195.682357788, 190.400543213, 380.555908203, 225.122421265, 140.658981323, 84.6902618408, 66.2432174683, 119.840385437, 107.738342285, 408.86706543, 192.45664978, 174.91696167, 191.876266479, 171.16885376, 118.194961548, 38.4770011902, 8.90261363983, 5.71458244324, 1.25675439835, 0.0337424986064, 0.00129340973217, 2.41340840148e-05, 3.11538485676e-07, 2.29299290666e-09], "max": [1.20719528198, 14.9750471115, 83.627784729, 284.185394287, 407.864868164, 530.978759766, 418.668426514, 190.7394104, 236.615631104, 876.326293945, 279.428619385, 234.87677002, 572.840820312, 126.382385254, 135.502655029, 336.997680664, 125.133415222, 113.846748352, 142.194580078, 117.559425354, 105.703323364, 88.6695785522, 60.8330230713, 74.7808761597, 82.2934951782, 172.373352051, 107.870079041, 121.755935669, 76.740562439, 61.7900543213, 58.6764183044, 26.0406093597, 16.144536972, 12.1989450455, 4.18678188324, 0.869544923306, 0.245266526937, 0.0434180423617, 0.0038548191078, 0.000270139105851], "mean": [0.181145682931, 2.80497980118, 10.7375211716, 21.2754096985, 23.9044761658, 16.8346824646, 27.6673145294, 15.9267568588, 10.7820310593, 20.3990802765, 16.4216938019, 14.3336420059, 19.1728363037, 5.45327472687, 6.25905323029, 8.32506847382, 3.03913784027, 4.03270626068, 3.54107165337, 2.82118821144, 2.04006123543, 2.6513068676, 2.77086901665, 3.30745911598, 3.39672231674, 4.63583183289, 4.1360502243, 4.14436626434, 3.90347719193, 3.54579329491, 2.55327177048, 1.55201804638, 0.875871956348, 0.656428933144, 0.255646675825, 0.0449873693287, 0.00962395686656, 0.00122786511201, 0.000150868538185, 5.06429933012e-05], "median": [0.1024550125, 1.8287653923, 7.02512168884, 12.7709150314, 10.4578828812, 11.8305997849, 11.5185680389, 6.51315450668, 4.29329013824, 5.03452062607, 6.02704906464, 4.88268709183, 5.7358212471, 1.97486972809, 1.51264941692, 1.51458394527, 0.968367040157, 1.09767830372, 0.592890918255, 0.403483897448, 0.269274771214, 0.222604349256, 0.147084280849, 0.112777680159, 0.0725575014949, 0.126154512167, 0.119326792657, 0.140851378441, 0.145369574428, 0.256357491016, 0.112789027393, 0.0701854601502, 0.0308604445308, 0.0383158698678, 0.00977948494256, 0.00121979415417, 0.00033478718251, 5.11581602041e-05, 3.37990859407e-05, 5.37812411494e-05], "min": [2.9751153191e-22, 1.07718050365e-21, 1.28452319946e-20, 3.21695354672e-20, 9.21079247633e-20, 8.59310892484e-20, 3.80434555031e-19, 5.02795066197e-19, 2.52897340796e-19, 6.92098554704e-19, 2.04397880326e-18, 2.01489244458e-18, 1.16210190667e-18, 2.64396660915e-18, 4.78843937823e-18, 5.01638553963e-18, 4.99486560881e-18, 7.14754194162e-18, 6.76115677851e-18, 8.19537380975e-18, 1.03181086859e-17, 1.07218894573e-17, 1.51201651114e-17, 1.09531178714e-17, 1.0095747648e-17, 1.98567353021e-17, 1.28333167745e-17, 1.35175142551e-17, 2.59598343346e-17, 1.93806928596e-17, 1.71820335566e-17, 2.01340624917e-17, 1.50262652226e-17, 1.08129206837e-17, 9.36291112023e-18, 4.98910843175e-18, 2.6788949309e-18, 1.27022154717e-18, 4.15721097685e-19, 3.78223035964e-20], "var": [0.0466766171157, 10.9168424606, 161.798477173, 1003.14434814, 1821.18884277, 456.53125, 1810.5012207, 569.90612793, 370.389465332, 3687.56860352, 705.204406738, 662.55267334, 1483.92565918, 97.5332183838, 177.043609619, 477.485137939, 50.7440757751, 78.9316329956, 96.4590301514, 70.2459640503, 39.2927093506, 48.7779960632, 48.2952842712, 75.3597412109, 76.8872299194, 192.625015259, 111.895187378, 115.372009277, 87.4279556274, 69.6822052002, 43.4262084961, 13.6886529922, 4.28221988678, 2.27647566795, 0.411073327065, 0.0114246169105, 0.000466842495371, 8.72702094057e-06, 9.57351034003e-08, 2.00208782886e-09]}, "gfcc": {"mean": [-106.715423584, 138.034011841, -66.2794265747, 24.6576843262, -65.3777618408, 10.9192304611, -35.5519676208, -3.74309515953, -17.5402450562, -4.2327132225, -12.657793045, -9.01441955566, -7.85222244263], "cov": [[24382.7773438, -1357.34484863, 27.6313838959, 3354.51367188, -520.247741699, 2889.58447266, 1105.09008789, 919.504699707, -521.891052246, -776.847045898, -1246.28198242, 160.745162964, 290.18649292], [-1357.34484863, 2751.44555664, 492.882385254, -920.08404541, 505.755371094, -122.873451233, 104.531089783, -293.336791992, 387.271759033, -277.842254639, 144.846176147, -124.139892578, 180.312179565], [27.6313838959, 492.882385254, 959.756408691, 256.843139648, 92.2386550903, 198.862442017, 181.288330078, -18.898897171, 93.3493804932, -90.294052124, -65.3802871704, -44.4975891113, 50.892326355], [3354.51367188, -920.08404541, 256.843139648, 1121.06774902, -99.5358352661, 431.426605225, 200.014831543, 207.992736816, -139.863372803, -44.5760650635, -174.59185791, 2.77701282501, -19.4350452423], [-520.247741699, 505.755371094, 92.2386550903, -99.5358352661, 440.806549072, -53.1838302612, 24.3570022583, -36.667224884, 62.9914970398, -76.9635467529, 39.8550071716, -49.4356613159, -13.3448848724], [2889.58447266, -122.873451233, 198.862442017, 431.426605225, -53.1838302612, 707.834960938, 295.859649658, 143.150894165, -34.1617965698, -172.352050781, -263.201263428, 45.1128120422, 91.0769195557], [1105.09008789, 104.531089783, 181.288330078, 200.014831543, 24.3570022583, 295.859649658, 234.539031982, 101.760772705, 16.810459137, -103.176948547, -94.4336929321, -14.7164993286, 35.8042182922], [919.504699707, -293.336791992, -18.898897171, 207.992736816, -36.667224884, 143.150894165, 101.760772705, 169.006072998, -4.77923774719, -14.7890043259, -89.3248138428, 0.0353447757661, -22.4945144653], [-521.891052246, 387.271759033, 93.3493804932, -139.863372803, 62.9914970398, -34.1617965698, 16.810459137, -4.77923774719, 165.81829834, 12.5353603363, 24.2513771057, -35.5224952698, 16.2471141815], [-776.847045898, -277.842254639, -90.294052124, -44.5760650635, -76.9635467529, -172.352050781, -103.176948547, -14.7890043259, 12.5353603363, 177.555465698, 100.098205566, 8.83556365967, -54.0900115967], [-1246.28198242, 144.846176147, -65.3802871704, -174.59185791, 39.8550071716, -263.201263428, -94.4336929321, -89.3248138428, 24.2513771057, 100.098205566, 208.387863159, 14.6347112656, -18.0313282013], [160.745162964, -124.139892578, -44.4975891113, 2.77701282501, -49.4356613159, 45.1128120422, -14.7164993286, 0.0353447757661, -35.5224952698, 8.83556365967, 14.6347112656, 95.6595611572, 41.0241088867], [290.18649292, 180.312179565, 50.892326355, -19.4350452423, -13.3448848724, 91.0769195557, 35.8042182922, -22.4945144653, 16.2471141815, -54.0900115967, -18.0313282013, 41.0241088867, 104.689910889]], "icov": [[0.000233219281654, -0.00066013779724, 0.000416435330408, -0.000851239019539, 0.000280195847154, -0.000581418105867, 0.000542818685062, -0.000803675909992, 0.000913510797545, -0.000557107385248, 0.000571488635615, -0.000260133645497, 8.4025428805e-05], [-0.00066013779724, 0.00426043616608, -0.00177881249692, 0.00373012130149, -0.0014108979376, 0.00116832903586, -0.00206570699811, 0.00409959955141, -0.00588027760386, 0.00561296520755, -0.00410511204973, 0.00267302663997, -0.00150172330905], [0.000416435330408, -0.00177881249692, 0.00263804174028, -0.00259909569286, 0.000509062432684, -4.13355628552e-05, -0.00135732477065, 0.000661044439767, 0.000996906077489, -0.00231379503384, 0.00308605376631, -0.00184439914301, 0.00075570208719], [-0.000851239019539, 0.00373012130149, -0.00259909569286, 0.00580186489969, -0.00134908722248, 0.000355320196832, -0.00101030780934, 0.00124531937763, -0.00294296606444, 0.00373711902648, -0.00470503466204, 0.00379990367219, -0.00150428630877], [0.000280195847154, -0.0014108979376, 0.000509062432684, -0.00134908722248, 0.00375798670575, -0.000772803032305, 0.00122962729074, -0.00141407572664, 0.000724682991859, 0.00136888679117, -0.000597080623265, -0.000222624687012, 0.00216163741425], [-0.000581418105867, 0.00116832903586, -4.13355628552e-05, 0.000355320196832, -0.000772803032305, 0.00970241893083, -0.0106065999717, 0.00666829710826, -0.00310407485813, -0.000993020483293, 0.00773825217038, -0.00639658933505, 1.4441939129e-05], [0.000542818685062, -0.00206570699811, -0.00135732477065, -0.00101030780934, 0.00122962729074, -0.0106065999717, 0.0230370033532, -0.015057685785, 0.00424678018317, 0.00452113989741, -0.00974805932492, 0.00877783354372, -0.00264627835713], [-0.000803675909992, 0.00409959955141, 0.000661044439767, 0.00124531937763, -0.00141407572664, 0.00666829710826, -0.015057685785, 0.023234013468, -0.0103600630537, 0.0013941838406, 0.00688135344535, -0.00657117459923, 0.00532549805939], [0.000913510797545, -0.00588027760386, 0.000996906077489, -0.00294296606444, 0.000724682991859, -0.00310407485813, 0.00424678018317, -0.0103600630537, 0.0193381235003, -0.0110665410757, 0.00334554491565, 0.0031571208965, -0.00370066869073], [-0.000557107385248, 0.00561296520755, -0.00231379503384, 0.00373711902648, 0.00136888679117, -0.000993020483293, 0.00452113989741, 0.0013941838406, -0.0110665410757, 0.0235977619886, -0.0136254569516, 0.0030482346192, 0.00385543773882], [0.000571488635615, -0.00410511204973, 0.00308605376631, -0.00470503466204, -0.000597080623265, 0.00773825217038, -0.00974805932492, 0.00688135344535, 0.00334554491565, -0.0136254569516, 0.0237579923123, -0.012382498011, 0.00250212475657], [-0.000260133645497, 0.00267302663997, -0.00184439914301, 0.00379990367219, -0.000222624687012, -0.00639658933505, 0.00877783354372, -0.00657117459923, 0.0031571208965, 0.0030482346192, -0.012382498011, 0.025695277378, -0.0122750783339], [8.4025428805e-05, -0.00150172330905, 0.00075570208719, -0.00150428630877, 0.00216163741425, 1.4441939129e-05, -0.00264627835713, 0.00532549805939, -0.00370066869073, 0.00385543773882, 0.00250212475657, -0.0122750783339, 0.0213786717504]]}, "melbands": {"dmean": [0.000736717600375, 0.00175474828575, 0.00229839445092, 0.000727389822714, 0.000503121467773, 0.000162886834005, 5.2840103308e-05, 7.38165108487e-05, 4.54375367553e-05, 4.86302305944e-05, 3.86066931242e-05, 1.08646099761e-05, 1.181468906e-05, 1.191492629e-05, 8.04404498922e-06, 5.80794448979e-06, 6.12510939391e-06, 6.72658734402e-06, 4.8332908591e-06, 3.00403394249e-06, 2.34377284869e-06, 2.81552570414e-06, 2.20448441723e-06, 2.68032181339e-06, 2.7977564514e-06, 2.48712490247e-06, 2.54499968833e-06, 3.93676191379e-06, 2.86625049739e-06, 2.58246313933e-06, 2.64305572273e-06, 2.60841352429e-06, 2.17471165342e-06, 2.33751643464e-06, 1.94078802451e-06, 1.60053059517e-06, 9.2255703521e-07, 7.27615372398e-07, 5.4202348565e-07, 7.22303923339e-07], "dmean2": [0.00108551303856, 0.00275095761754, 0.00391262350604, 0.0012101897737, 0.000803170143627, 0.000240239969571, 6.99674856151e-05, 0.000101002333395, 7.1861242759e-05, 8.29441050882e-05, 6.42327795504e-05, 1.81754130608e-05, 1.98172219825e-05, 2.03122363018e-05, 1.3878039681e-05, 1.03826305349e-05, 1.07809337351e-05, 1.19967635328e-05, 8.601463378e-06, 5.16935506312e-06, 4.04158481615e-06, 4.38023926108e-06, 3.49972106051e-06, 4.16608691012e-06, 4.43723820354e-06, 4.15949034505e-06, 3.76505636268e-06, 6.36235790807e-06, 4.38842562289e-06, 3.93491700379e-06, 4.08234609495e-06, 4.14955820816e-06, 3.51209519067e-06, 3.78300910597e-06, 3.14008138957e-06, 2.686568223e-06, 1.46063871398e-06, 1.12864677249e-06, 8.77918637343e-07, 1.16491105473e-06], "dvar": [1.33668117996e-06, 8.17827549326e-06, 2.57092888205e-05, 2.2853594146e-06, 7.7669926668e-07, 7.67255414758e-08, 1.39569573676e-08, 4.35660822973e-08, 7.87640175304e-09, 1.58672293082e-08, 7.81211362266e-09, 1.07051678633e-09, 9.63479185323e-10, 9.20898635126e-10, 4.37927916153e-10, 3.19256815429e-10, 2.51930087902e-10, 3.61578322838e-10, 2.59248261747e-10, 1.08714877378e-10, 6.96662935673e-11, 5.10266100207e-11, 2.4009115876e-11, 3.83513984459e-11, 3.84986105495e-11, 2.79746243531e-11, 3.38767278119e-11, 1.12600817559e-10, 4.31465488338e-11, 2.71565114146e-11, 3.35093619519e-11, 2.97012830996e-11, 2.06329727609e-11, 2.39557158832e-11, 1.79757909946e-11, 1.35316775146e-11, 3.89968352749e-12, 2.1691155816e-12, 1.31099699239e-12, 2.14793482479e-12], "dvar2": [2.82584164779e-06, 1.96184992092e-05, 6.61761805532e-05, 6.02658883508e-06, 2.07565949495e-06, 1.70924238319e-07, 2.26594494279e-08, 6.9833511418e-08, 2.001075039e-08, 4.35271587662e-08, 2.01548058243e-08, 2.85896750718e-09, 2.64615618306e-09, 2.5090773903e-09, 1.23417676079e-09, 9.08668251753e-10, 6.90080992349e-10, 1.02326558338e-09, 7.35961069864e-10, 3.01705965766e-10, 1.96104160688e-10, 1.18703172292e-10, 5.0420636416e-11, 8.29532761926e-11, 8.5300919106e-11, 6.36161609502e-11, 5.92292326296e-11, 2.78685380328e-10, 9.42730477016e-11, 5.86362416954e-11, 7.24456744594e-11, 6.8786594476e-11, 4.94623439429e-11, 5.73618999522e-11, 4.39507215344e-11, 3.48215380142e-11, 9.62304107927e-12, 4.79545439816e-12, 3.16005945369e-12, 5.11516393478e-12], "max": [0.0139850061387, 0.0307792797685, 0.0561396069825, 0.0373514965177, 0.0122031178325, 0.00451331026852, 0.00324438419193, 0.00794726796448, 0.00208574230783, 0.00156634347513, 0.00283490214497, 0.000517654407304, 0.000439628318418, 0.000712821492925, 0.000384999904782, 0.000233566534007, 0.000258468644461, 0.000228354590945, 0.000222746675718, 0.000132175977342, 0.000130684595206, 0.000109255350253, 6.99262309354e-05, 6.57898635836e-05, 6.70692606946e-05, 5.61110427952e-05, 8.14995801193e-05, 0.000130111657199, 8.23345253593e-05, 5.35443032277e-05, 8.55257603689e-05, 4.6437009587e-05, 3.40549304383e-05, 3.88684093195e-05, 3.6612203985e-05, 3.02662338072e-05, 1.18819561976e-05, 1.25802771436e-05, 8.90889623406e-06, 1.34966212499e-05], "mean": [0.00232892809436, 0.00511603243649, 0.0039481446147, 0.00135159888305, 0.000942715851124, 0.00039453082718, 0.000171582883922, 0.000202731229365, 0.000125827951706, 8.26490213512e-05, 9.21488899621e-05, 1.91681883734e-05, 1.95312277356e-05, 2.22774215217e-05, 1.14370795927e-05, 6.10579490967e-06, 7.75271018938e-06, 5.94210496274e-06, 4.32907927461e-06, 2.9326472486e-06, 2.39255132328e-06, 2.94340293294e-06, 2.27430291488e-06, 2.67813629762e-06, 2.68227336164e-06, 2.36531764131e-06, 2.58033719547e-06, 3.32255740432e-06, 2.54733731708e-06, 2.47125922215e-06, 2.41744123741e-06, 2.23334336624e-06, 1.99432179215e-06, 1.94716744772e-06, 1.52272798459e-06, 1.23171651012e-06, 8.40663176405e-07, 6.75339549616e-07, 4.42983633775e-07, 6.17813327608e-07], "median": [0.00136327114888, 0.00444066990167, 0.00218238052912, 0.00083009590162, 0.000452666659839, 0.000158701936016, 6.27147746854e-05, 5.70657830394e-05, 4.10189277318e-05, 2.46107938437e-05, 2.45874889515e-05, 5.86275200476e-06, 4.07766992794e-06, 4.24299514634e-06, 2.60966862697e-06, 1.54954602749e-06, 1.99004875867e-06, 9.59724843597e-07, 5.32744081738e-07, 4.42243276666e-07, 2.93337251378e-07, 2.64713008846e-07, 1.44767980714e-07, 9.84238326396e-08, 8.94135396834e-08, 3.97606960689e-08, 6.15929636183e-08, 8.18523488988e-08, 5.76116505613e-08, 8.5125179794e-08, 7.42611518945e-08, 6.38182697799e-08, 1.23309121136e-07, 1.25632027448e-07, 6.41587263317e-08, 4.35225153694e-08, 3.8648963141e-08, 2.1082460222e-08, 1.39815323763e-08, 4.22742232331e-08], "min": [2.31749702913e-24, 4.92020514081e-24, 8.77538810615e-24, 5.1039316345e-24, 1.15533515287e-23, 1.07508054645e-23, 4.29707365659e-24, 8.49192592822e-24, 1.81610737185e-23, 1.23154661049e-23, 5.35366724772e-24, 9.57788052782e-24, 1.66153023524e-23, 1.49302686376e-23, 1.19870609435e-23, 1.26345477193e-23, 1.37623695337e-23, 1.15846361745e-23, 9.30785896199e-24, 1.16728324014e-23, 1.24418597657e-23, 1.05012288067e-23, 1.31832359776e-23, 1.2284210647e-23, 8.35480060365e-24, 9.71582942317e-24, 7.10181101826e-24, 1.48130344407e-23, 6.9835962673e-24, 8.79722298715e-24, 7.32595401156e-24, 1.65028754739e-23, 1.11428440908e-23, 1.05344911268e-23, 8.93860816061e-24, 1.39236016587e-23, 1.10667986884e-23, 9.79237180795e-24, 1.02683026361e-23, 9.24466962575e-24], "var": [8.01585065346e-06, 2.83905064862e-05, 3.85178573197e-05, 3.45099942933e-06, 1.72850877789e-06, 3.38838532343e-07, 9.90860229422e-08, 3.12638718469e-07, 4.11315816962e-08, 2.3286716555e-08, 3.62415519817e-08, 1.55490387233e-09, 1.90446924897e-09, 3.03078340202e-09, 6.91904367134e-10, 2.35801378423e-10, 3.14667403245e-10, 2.60618998604e-10, 1.96986246759e-10, 8.62883930974e-11, 5.4031251695e-11, 6.219688653e-11, 3.29572445723e-11, 5.10337605508e-11, 5.10589175107e-11, 3.59607205125e-11, 5.10594136416e-11, 1.09701289719e-10, 4.95252484856e-11, 3.51365672668e-11, 4.246572885e-11, 3.05319207416e-11, 2.13262393856e-11, 2.24080285577e-11, 1.59988706311e-11, 1.08057807494e-11, 3.64672528286e-12, 2.60886950064e-12, 1.18643972685e-12, 2.01378388791e-12]}, "mfcc": {"mean": [-755.454650879, 159.14276123, 51.1096725464, 20.6236686707, 2.85071563721, 11.0887308121, -5.3003911972, -0.386709302664, -1.26526772976, -1.85664784908, 2.11922430992, -5.93130874634, -2.78139567375], "cov": [[16127.3134766, -967.381896973, 140.805511475, 1014.93133545, 5.76976680756, 801.874633789, 1031.30822754, 1005.20336914, 632.411193848, 366.27532959, -251.560775757, 137.676727295, -108.419395447], [-967.381896973, 4002.77001953, 304.967437744, -532.106323242, 325.516601562, 255.857467651, -79.0613708496, 241.18888855, 317.363098145, -121.905158997, 99.4889221191, -83.7040405273, 147.712677002], [140.805511475, 304.967437744, 766.309753418, 262.506469727, -13.0111274719, 153.600448608, 71.119178772, 66.0812454224, 86.1929550171, 55.5583839417, 30.2105674744, 17.0590553284, 35.7287483215], [1014.93133545, -532.106323242, 262.506469727, 506.88104248, 108.856582642, 57.9171104431, 127.618476868, 54.201625824, -0.19424803555, 85.1140289307, 10.2648248672, 31.4413928986, -31.5873336792], [5.76976680756, 325.516601562, -13.0111274719, 108.856582642, 234.859649658, 63.7074661255, 27.3275661469, 42.6310462952, 29.6503162384, -13.4313793182, 28.1132736206, -10.6172552109, 9.69144821167], [801.874633789, 255.857467651, 153.600448608, 57.9171104431, 63.7074661255, 207.233779907, 116.410835266, 115.413574219, 101.069831848, 13.468711853, -18.3111839294, 10.4294557571, 43.0596694946], [1031.30822754, -79.0613708496, 71.119178772, 127.618476868, 27.3275661469, 116.410835266, 207.586791992, 146.985778809, 71.4491424561, 35.413444519, -16.4758777618, 6.37619066238, -8.0545539856], [1005.20336914, 241.18888855, 66.0812454224, 54.201625824, 42.6310462952, 115.413574219, 146.985778809, 231.432540894, 157.293060303, 31.4715385437, -2.74879288673, 3.72541117668, -6.13904571533], [632.411193848, 317.363098145, 86.1929550171, -0.19424803555, 29.6503162384, 101.069831848, 71.4491424561, 157.293060303, 203.019546509, 54.1565856934, 17.1599636078, 4.45824718475, 23.8506813049], [366.27532959, -121.905158997, 55.5583839417, 85.1140289307, -13.4313793182, 13.468711853, 35.413444519, 31.4715385437, 54.1565856934, 124.417686462, 21.5016975403, 30.4225654602, -19.9900226593], [-251.560775757, 99.4889221191, 30.2105674744, 10.2648248672, 28.1132736206, -18.3111839294, -16.4758777618, -2.74879288673, 17.1599636078, 21.5016975403, 112.281677246, 14.1794509888, 0.18174867332], [137.676727295, -83.7040405273, 17.0590553284, 31.4413928986, -10.6172552109, 10.4294557571, 6.37619066238, 3.72541117668, 4.45824718475, 30.4225654602, 14.1794509888, 118.215621948, 50.0854644775], [-108.419395447, 147.712677002, 35.7287483215, -31.5873336792, 9.69144821167, 43.0596694946, -8.0545539856, -6.13904571533, 23.8506813049, -19.9900226593, 0.18174867332, 50.0854644775, 113.751052856]], "icov": [[0.000137542898301, -4.3833606469e-05, 0.000281211046968, -0.000449542771094, 0.000450127932709, -0.000481324561406, -9.78177777142e-05, -0.000197463086806, -0.000152015127242, 1.10645987661e-05, 0.000136589966132, -0.000108706131869, 0.000182589166798], [-4.3833606469e-05, 0.000696931849234, -0.000817138701677, 0.00153064972255, -0.00165143457707, 0.000208092795219, 0.000448578124633, -0.000806509458926, 9.32118418859e-05, -0.000146826016135, -0.000167277365108, 0.000312703865347, -0.000397684663767], [0.000281211046968, -0.000817138701677, 0.00373415835202, -0.00419870857149, 0.00426002545282, -0.00339891412295, 0.000720246054698, 0.000519207736943, -0.000888356880751, 0.000570824893657, -0.000767834542785, 0.000195152271772, 0.000194904918317], [-0.000449542771094, 0.00153064972255, -0.00419870857149, 0.00889875926077, -0.00753958523273, 0.00351974111982, -0.00185109546874, -0.000856285041664, 0.0022480818443, -0.00287967803888, 0.000361720682122, -0.000247947085882, -0.000362361926818], [0.000450127932709, -0.00165143457707, 0.00426002545282, -0.00753958523273, 0.0120377968997, -0.00537272403017, 0.00132637284696, 0.000211404068978, -0.000930823734961, 0.00250173825771, -0.00208122469485, 0.000536366482265, 0.000657308497466], [-0.000481324561406, 0.000208092795219, -0.00339891412295, 0.00351974111982, -0.00537272403017, 0.0143652837723, -0.00567524461076, 0.000893294112757, -0.00220062024891, -0.000118245981866, 0.00255409278907, 0.000140961579746, -0.00364329782315], [-9.78177777142e-05, 0.000448578124633, 0.000720246054698, -0.00185109546874, 0.00132637284696, -0.00567524461076, 0.0147951617837, -0.00979353301227, 0.00496213044971, -0.00196341751143, -0.000572064425796, 0.00177199684549, -0.00102637987584], [-0.000197463086806, -0.000806509458926, 0.000519207736943, -0.000856285041664, 0.000211404068978, 0.000893294112757, -0.00979353301227, 0.0202240720391, -0.0130831664428, 0.00513792410493, 0.000840197899379, -0.00374071998522, 0.00579192256555], [-0.000152015127242, 9.32118418859e-05, -0.000888356880751, 0.0022480818443, -0.000930823734961, -0.00220062024891, 0.00496213044971, -0.0130831664428, 0.0181709341705, -0.00811004638672, -0.00184412056115, 0.00413307687268, -0.00585710303858], [1.10645987661e-05, -0.000146826016135, 0.000570824893657, -0.00287967803888, 0.00250173825771, -0.000118245981866, -0.00196341751143, 0.00513792410493, -0.00811004638672, 0.01509615127, -0.00156005821191, -0.00510102044791, 0.00579404039308], [0.000136589966132, -0.000167277365108, -0.000767834542785, 0.000361720682122, -0.00208122469485, 0.00255409278907, -0.000572064425796, 0.000840197899379, -0.00184412056115, -0.00156005821191, 0.0112274335697, -0.00190053938422, 0.000835739891045], [-0.000108706131869, 0.000312703865347, 0.000195152271772, -0.000247947085882, 0.000536366482265, 0.000140961579746, 0.00177199684549, -0.00374071998522, 0.00413307687268, -0.00510102044791, -0.00190053938422, 0.013988411054, -0.00873448885977], [0.000182589166798, -0.000397684663767, 0.000194904918317, -0.000362361926818, 0.000657308497466, -0.00364329782315, -0.00102637987584, 0.00579192256555, -0.00585710303858, 0.00579404039308, 0.000835739891045, -0.00873448885977, 0.0169736109674]]}, "spectral_contrast_coeffs": {"dmean": [0.0503087900579, 0.047261852771, 0.0397074371576, 0.0329740419984, 0.0241655223072, 0.0211320389062], "dmean2": [0.08251491189, 0.0755344778299, 0.0632483139634, 0.0531119294465, 0.0384722426534, 0.0324370935559], "dvar": [0.00200695008971, 0.00207177200355, 0.00142381025944, 0.000901545048691, 0.000448057573522, 0.000333538919222], "dvar2": [0.00490503106266, 0.00489769130945, 0.00327972066589, 0.00228517130017, 0.00110935163684, 0.000637887220364], "max": [-0.224228680134, -0.358587801456, -0.437550127506, -0.592492461205, -0.540764629841, -0.679375767708], "mean": [-0.614551186562, -0.66087269783, -0.733276605606, -0.800108909607, -0.828820228577, -0.79902613163], "median": [-0.613772213459, -0.666438400745, -0.738442122936, -0.807606875896, -0.832593560219, -0.8022813797], "min": [-0.970059096813, -0.959447026253, -0.956680297852, -0.977858603001, -0.969860434532, -0.957655549049], "var": [0.00627925712615, 0.00969193316996, 0.00699287839234, 0.00309942802414, 0.00137204048224, 0.0016244148137]}, "spectral_contrast_valleys": {"dmean": [0.46389606595, 0.468468934298, 0.546711683273, 0.656787037849, 0.860775530338, 0.881405889988], "dmean2": [0.708457350731, 0.752093851566, 0.818961143494, 0.936288356781, 1.11029410362, 1.09155464172], "dvar": [0.259065657854, 0.30436617136, 0.380263835192, 0.526924610138, 0.748016655445, 0.766217768192], "dvar2": [0.503477036953, 0.655257403851, 0.786730647087, 1.12122404575, 1.54555892944, 1.39367878437], "max": [-5.13862848282, -4.93113088608, -5.41747331619, -5.68315887451, -5.84580373764,