{"lowlevel": {"average_loudness": 0.723825752735, "barkbands_crest": {"dmean": 2.51525187492, "dmean2": 4.08180999756, "dvar": 5.70654535294, "dvar2": 13.8480129242, "max": 24.7635231018, "mean": 10.5563154221, "median": 9.8020362854, "min": 2.7253446579, "var": 16.4330997467}, "barkbands_flatness_db": {"dmean": 0.0339971333742, "dmean2": 0.0488569810987, "dvar": 0.00113873591181, "dvar2": 0.00228426745161, "max": 0.609718084335, "mean": 0.199737340212, "median": 0.189078047872, "min": 0.0187792424113, "var": 0.0101892407984}, "barkbands_kurtosis": {"dmean": 4.8160777092, "dmean2": 7.6240773201, "dvar": 92.8272705078, "dvar2": 235.147827148, "max": 295.760986328, "mean": 10.457362175, "median": 2.17921733856, "min": -1.81835651398, "var": 1067.59484863}, "barkbands_skewness": {"dmean": 0.688037157059, "dmean2": 1.05911254883, "dvar": 0.506826996803, "dvar2": 1.17952632904, "max": 14.9483633041, "mean": 1.61051678658, "median": 1.18791151047, "min": -2.35738635063, "var": 4.35504341125}, "barkbands_spread": {"dmean": 5.60700035095, "dmean2": 8.99439907074, "dvar": 74.1428070068, "dvar2": 176.615890503, "max": 90.8657150269, "mean": 15.545381546, "median": 11.29646492, "min": 0.142322957516, "var": 208.124725342}, "dissonance": {"dmean": 0.0342762209475, "dmean2": 0.0559998489916, "dvar": 0.00110918050632, "dvar2": 0.00289741926827, "max": 0.499977022409, "mean": 0.423103362322, "median": 0.434510350227, "min": 0.149124503136, "var": 0.003065665951}, "dynamic_complexity": 5.88895893097, "erbbands_crest": {"dmean": 3.30344724655, "dmean2": 5.25803899765, "dvar": 10.0599975586, "dvar2": 23.608089447, "max": 31.8006668091, "mean": 12.2089691162, "median": 11.0977172852, "min": 2.3701505661, "var": 31.5880908966}, "erbbands_flatness_db": {"dmean": 0.0309345759451, "dmean2": 0.0444368608296, "dvar": 0.000983190606348, "dvar2": 0.00201968592592, "max": 0.437817454338, "mean": 0.208648964763, "median": 0.202854961157, "min": 0.0468602366745, "var": 0.00607740553096}, "erbbands_kurtosis": {"dmean": 2.12939238548, "dmean2": 3.23719930649, "dvar": 12.7107219696, "dvar2": 23.4805393219, "max": 64.3141021729, "mean": 2.79036879539, "median": 1.03457975388, "min": -1.70107293129, "var": 39.5259666443}, "erbbands_skewness": {"dmean": 0.531372606754, "dmean2": 0.815844714642, "dvar": 0.272808849812, "dvar2": 0.602963924408, "max": 5.95095729828, "mean": 0.577881157398, "median": 0.446013122797, "min": -4.03700828552, "var": 1.41342616081}, "erbbands_spread": {"dmean": 8.92935180664, "dmean2": 13.9548683167, "dvar": 145.742340088, "dvar2": 341.615753174, "max": 129.935287476, "mean": 25.4569072723, "median": 19.030670166, "min": 1.38759422302, "var": 393.845611572}, "hfc": {"dmean": 11.0649318695, "dmean2": 17.920923233, "dvar": 543.324401855, "dvar2": 1376.49829102, "max": 225.374465942, "mean": 17.5082149506, "median": 9.99351978302, "min": 1.08458545489e-16, "var": 635.453918457}, "melbands_crest": {"dmean": 3.17226099968, "dmean2": 5.0860118866, "dvar": 9.42510128021, "dvar2": 23.4090213776, "max": 34.7311096191, "mean": 15.1443576813, "median": 14.1324357986, "min": 1.57273805141, "var": 39.8399810791}, "melbands_flatness_db": {"dmean": 0.0419810563326, "dmean2": 0.0595275610685, "dvar": 0.00185243296437, "dvar2": 0.00362248020247, "max": 0.761550962925, "mean": 0.291038960218, "median": 0.284858077765, "min": 0.00304193049669, "var": 0.0176407080144}, "melbands_kurtosis": {"dmean": 8.68498134613, "dmean2": 13.9244823456, "dvar": 473.83392334, "dvar2": 1045.52893066, "max": 811.496154785, "mean": 21.6792087555, "median": 4.74477815628, "min": -1.85459434986, "var": 6427.70263672}, "melbands_skewness": {"dmean": 0.829669296741, "dmean2": 1.2948898077, "dvar": 0.936373651028, "dvar2": 2.20550394058, "max": 19.8660182953, "mean": 2.25678181648, "median": 1.71473896503, "min": -1.93422985077, "var": 5.79475641251}, "melbands_spread": {"dmean": 6.73399305344, "dmean2": 10.6654996872, "dvar": 132.573226929, "dvar2": 312.068450928, "max": 158.631240845, "mean": 18.8181037903, "median": 12.8431425095, "min": 0.210100501776, "var": 493.252319336}, "pitch_salience": {"dmean": 0.0784652680159, "dmean2": 0.125574290752, "dvar": 0.00552816456184, "dvar2": 0.0136050367728, "max": 0.9037129879, "mean": 0.51527172327, "median": 0.52075356245, "min": 0.0806877985597, "var": 0.0237173475325}, "silence_rate_20dB": {"dmean": 0, "dmean2": 0, "dvar": 0, "dvar2": 0, "max": 1, "mean": 1, "median": 1, "min": 1, "var": 0}, "silence_rate_30dB": {"dmean": 0.0214614197612, "dmean2": 0.0429338105023, "dvar": 0.0210006795824, "dvar2": 0.0497806966305, "max": 1, "mean": 0.972669243813, "median": 1, "min": 0, "var": 0.0265841670334}, "silence_rate_60dB": {"dmean": 0.0367910079658, "dmean2": 0.073600821197, "dvar": 0.0354372449219, "dvar2": 0.0768765881658, "max": 1, "mean": 0.196679443121, "median": 0, "min": 0, "var": 0.158003911376}, "spectral_centroid": {"dmean": 238.706985474, "dmean2": 365.377044678, "dvar": 170224.125, "dvar2": 332774.40625, "max": 11248.4462891, "mean": 959.195129395, "median": 701.595031738, "min": 100.134254456, "var": 658298.25}, "spectral_complexity": {"dmean": 3.7751660347, "dmean2": 5.90851020813, "dvar": 39.319732666, "dvar2": 83.8532333374, "max": 56, "mean": 12.2615585327, "median": 11, "min": 0, "var": 83.837348938}, "spectral_decrease": {"dmean": 2.97267521709e-09, "dmean2": 4.50645343264e-09, "dvar": 2.66833410922e-17, "dvar2": 6.10738746762e-17, "max": 5.71384520698e-18, "mean": -6.97153845763e-09, "median": -4.83157513997e-09, "min": -8.96846188425e-08, "var": 6.54053827928e-17}, "spectral_energy": {"dmean": 0.012047435157, "dmean2": 0.0183144360781, "dvar": 0.000420335447416, "dvar2": 0.000967454339843, "max": 0.351996898651, "mean": 0.0279002003372, "median": 0.019694108516, "min": 1.01289558477e-20, "var": 0.00101413601078}, "spectral_energyband_high": {"dmean": 0.000819632026833, "dmean2": 0.00133886130061, "dvar": 4.01495935876e-06, "dvar2": 9.79422111413e-06, "max": 0.021413821727, "mean": 0.00078269111691, "median": 2.67217710643e-05, "min": 7.19328781476e-21, "var": 4.2950318857e-06}, "spectral_energyband_low": {"dmean": 0.00688895210624, "dmean2": 0.0107466075569, "dvar": 0.000294689903967, "dvar2": 0.000693007663358, "max": 0.300357669592, "mean": 0.0121288467199, "median": 0.00373139698058, "min": 4.33860402781e-23, "var": 0.000521033653058}, "spectral_energyband_middle_high": {"dmean": 0.00298059731722, "dmean2": 0.00495076691732, "dvar": 4.33085660916e-05, "dvar2": 0.000118410294817, "max": 0.0850269794464, "mean": 0.0048268022947, "median": 0.002031162614, "min": 1.67957377499e-21, "var": 5.84087829338e-05}, "spectral_energyband_middle_low": {"dmean": 0.00479809148237, "dmean2": 0.00727267470211, "dvar": 5.1372575399e-05, "dvar2": 0.000124359474285, "max": 0.084748916328, "mean": 0.0111939674243, "median": 0.0074431700632, "min": 2.91157579173e-22, "var": 0.000157305999892}, "spectral_entropy": {"dmean": 0.31537181139, "dmean2": 0.449336439371, "dvar": 0.123010829091, "dvar2": 0.228960245848, "max": 9.8166103363, "mean": 6.85534954071, "median": 6.83584070206, "min": 3.60338783264, "var": 0.795288145542}, "spectral_flux": {"dmean": 0.0305977351964, "dmean2": 0.0479231141508, "dvar": 0.0015945044579, "dvar2": 0.00311921513639, "max": 0.432182371616, "mean": 0.0733330622315, "median": 0.060084618628, "min": 1.00642716383e-10, "var": 0.00370845105499}, "spectral_kurtosis": {"dmean": 8.36892127991, "dmean2": 13.2677850723, "dvar": 150.656738281, "dvar2": 368.423065186, "max": 207.893890381, "mean": 21.8742294312, "median": 10.4945087433, "min": -1.22220671177, "var": 876.248840332}, "spectral_rms": {"dmean": 0.000982402940281, "dmean2": 0.00142822531052, "dvar": 1.61581499469e-06, "dvar2": 3.53728000846e-06, "max": 0.0185313690454, "mean": 0.00439728004858, "median": 0.00438335072249, "min": 3.14355030721e-12, "var": 7.88358192949e-06}, "spectral_rolloff": {"dmean": 547.100341797, "dmean2": 940.939025879, "dvar": 1629231.5, "dvar2": 3941075.5, "max": 19143.0175781, "mean": 1492.6986084, "median": 796.728515625, "min": 86.1328125, "var": 6886071}, "spectral_skewness": {"dmean": 0.647082686424, "dmean2": 1.00452744961, "dvar": 0.537631630898, "dvar2": 1.22976946831, "max": 11.5895109177, "mean": 3.10189461708, "median": 2.56322455406, "min": -0.0355114713311, "var": 4.08011579514}, "spectral_spread": {"dmean": 1013045.625, "dmean2": 1551702.875, "dvar": 1862097698820.0, "dvar2": 3696083337220.0, "max": 40476880, "mean": 3909520, "median": 3288074.25, "min": 485608.5, "var": 6270160994300.0}, "spectral_strongpeak": {"dmean": 0.454330563545, "dmean2": 0.753868758678, "dvar": 0.664432346821, "dvar2": 1.52818048, "max": 11.2953720093, "mean": 0.909725546837, "median": 0.475656718016, "min": 0, "var": 1.25374996662}, "zerocrossingrate": {"dmean": 0.0117347184569, "dmean2": 0.0144383003935, "dvar": 0.000272401754046, "dvar2": 0.000388160668081, "max": 0.5185546875, "mean": 0.0527396127582, "median": 0.0341796875, "min": 0.00341796875, "var": 0.00443600025028}, "barkbands": {"dmean": [8.71450465638e-05, 0.0045048687607, 0.00280413357541, 0.000910485628992, 0.00130298512522, 0.000902559608221, 0.0009199839551, 0.00117902236525, 0.000741938885767, 0.00186199508607, 0.000602102605626, 0.000193803949514, 0.000363846367691, 0.000148151637404, 0.000272048113402, 0.000209344027098, 0.000116990362585, 9.06167624635e-05, 0.000176767687663, 0.000224722491112, 0.000185498414794, 0.000110911525553, 0.000135288850288, 0.000115094007924, 9.44954590523e-05, 7.84126823419e-05, 1.59215978783e-05], "dmean2": [0.000140894408105, 0.00733995065093, 0.00433078315109, 0.00143183779437, 0.00209002988413, 0.00131544552278, 0.00140499498229, 0.0017291730037, 0.00122491410002, 0.00329937878996, 0.000869452895131, 0.000283451925498, 0.000534728169441, 0.000235760948271, 0.000473739433801, 0.000361263606464, 0.000201278133318, 0.000157378439326, 0.000304967456032, 0.000384886487154, 0.000316083227517, 0.000171300460352, 0.000226902950089, 0.000188383113709, 0.000158661263413, 0.000137255672598, 2.78337520285e-05], "dvar": [1.16310715725e-07, 0.000146255610161, 6.80901721353e-05, 5.98076758251e-06, 8.23873142508e-06, 2.36921596297e-06, 3.98920656153e-06, 4.86814769829e-06, 2.21021423386e-06, 2.90974021482e-05, 3.38476161232e-06, 1.72295017364e-07, 1.38498955948e-06, 2.33192579913e-07, 4.76214864875e-07, 3.54113581125e-07, 1.27727219024e-07, 6.97444235698e-08, 2.31525717709e-07, 4.73859898875e-07, 2.86866736587e-07, 8.23316241849e-08, 1.33030624738e-07, 1.14636790727e-07, 9.00194265796e-08, 7.38039531711e-08, 2.1606656464e-09], "dvar2": [2.79086464161e-07, 0.000375350995455, 0.000168542392203, 1.2401071217e-05, 2.10101170524e-05, 5.16002683071e-06, 9.08147285372e-06, 9.45587999013e-06, 5.82248912906e-06, 8.26630057418e-05, 5.70963902646e-06, 4.08391713336e-07, 2.5205588372e-06, 6.22461357125e-07, 1.29248905978e-06, 9.61690489021e-07, 3.53441265588e-07, 1.90111236975e-07, 6.16136560438e-07, 1.2632524431e-06, 7.69185135141e-07, 1.93008318661e-07, 3.36243886068e-07, 2.94982413607e-07, 2.23582347303e-07, 1.99874804707e-07, 5.82175196939e-09], "max": [0.00730702793226, 0.278743088245, 0.134100839496, 0.0530571341515, 0.0695319026709, 0.02531577833, 0.0343427099288, 0.0364744961262, 0.0155940325931, 0.0543477721512, 0.0465664863586, 0.00600647274405, 0.0439056605101, 0.00837433245033, 0.0079290214926, 0.00908172316849, 0.00640869140625, 0.00274426257238, 0.00496078655124, 0.00511125987396, 0.00445785792544, 0.00480700284243, 0.00501121580601, 0.00846732966602, 0.00535631505772, 0.00452100625262, 0.00129253196064], "mean": [9.74672293523e-05, 0.00729323597625, 0.00411373423412, 0.00135941733606, 0.00218013254926, 0.00179645884782, 0.00176720914897, 0.00225706864148, 0.00105659570545, 0.00184947031084, 0.00108452769928, 0.000364092265954, 0.000706898106728, 0.000220500252908, 0.000321416649967, 0.000224877134315, 0.000115936694783, 7.65471850173e-05, 0.000164800017956, 0.000190864491742, 0.000168531943928, 0.0001117446227, 0.000119650554552, 9.95868103928e-05, 8.40901775518e-05, 6.05168424954e-05, 1.48739345605e-05], "median": [1.41653417813e-05, 0.00157766323537, 0.000549728982151, 0.000310946750687, 0.00097415066557, 0.000661486585159, 0.00047920277575, 0.000422701850766, 0.000276463106275, 0.000186887744348, 0.00018254450697, 9.3765607744e-05, 7.43307828088e-05, 5.08330122102e-05, 3.55165720975e-05, 2.73614041362e-05, 1.95772954612e-05, 9.8252457974e-06, 1.34638312375e-05, 6.84122096573e-06, 3.91663888877e-06, 2.52439690485e-06, 2.51411165664e-06, 1.66179597727e-06, 1.6360530708e-06, 7.13842496225e-07, 1.94514399254e-07], "min": [7.72970406691e-24, 2.17322123265e-23, 1.27766097354e-23, 5.77816750032e-24, 2.70651423932e-23, 2.50863621208e-23, 3.42976747632e-23, 4.60528413661e-23, 1.2837953926e-22, 8.85998144755e-23, 4.99029338121e-23, 1.0144003401e-22, 2.41861834755e-23, 2.40381972718e-22, 2.08307532022e-22, 1.21755606768e-22, 2.5809246802e-22, 2.28406862228e-22, 2.60567900919e-22, 2.24199166512e-22, 4.24654503302e-22, 3.72413635047e-22, 6.05235593989e-22, 1.04697185152e-21, 1.42736012563e-21, 1.29809467664e-21, 2.16655828625e-21], "var": [1.33705796657e-07, 0.000215835272684, 9.59943135967e-05, 1.47019391079e-05, 1.32562527142e-05, 7.88222860137e-06, 1.26741379063e-05, 1.66035242728e-05, 3.48297453456e-06, 2.23108854698e-05, 1.06649686131e-05, 4.07422334092e-07, 5.84470990361e-06, 2.56639538065e-07, 5.76731451929e-07, 3.30653364244e-07, 9.54208161374e-08, 4.93466281171e-08, 2.14933265852e-07, 3.90443602782e-07, 2.71399699159e-07, 1.03414649288e-07, 1.19304431223e-07, 9.66728990193e-08, 8.27522015356e-08, 5.33342365827e-08, 2.0191293082e-09]}, "erbbands": {"dmean": [0.0640923827887, 1.2347522974, 3.59816193581, 2.54274392128, 4.01416969299, 4.31186342239, 6.23406505585, 7.52727222443, 9.4314994812, 24.3041706085, 20.406463623, 16.5381908417, 54.994392395, 32.8607940674, 23.4197654724, 8.91407394409, 17.1249294281, 9.17151069641, 13.9182662964, 9.4508600235, 10.3075304031, 6.15282773972, 5.42791318893, 5.81630849838, 10.1861476898, 10.6196193695, 11.2007808685, 4.37922763824, 3.93314385414, 4.1613984108, 4.03046512604, 2.59566807747, 1.79656124115, 0.984949529171, 0.740792691708, 0.516866207123, 0.0914228931069, 0.0114757362753, 0.00157127133571, 0.000363459839718], "dmean2": [0.102252617478, 2.01463913918, 5.523250103, 4.02858066559, 6.57129907608, 6.8347158432, 9.58437347412, 11.1271934509, 14.4215202332, 37.1526870728, 29.8519706726, 26.452627182, 99.8541183472, 54.452747345, 33.8922615051, 13.0386943817, 25.1280879974, 14.2136678696, 24.0687522888, 16.0198764801, 17.7979240417, 10.6389102936, 9.47015762329, 9.81100082397, 18.0333366394, 18.0576210022, 19.4436779022, 7.00768375397, 5.96044063568, 6.8868265152, 6.74280834198, 4.31993579865, 2.9187297821, 1.64190304279, 1.24485111237, 0.907857835293, 0.157807558775, 0.0193492732942, 0.00266899098642, 0.000645059975795], "dvar": [0.0372624099255, 10.78764534, 93.84349823, 49.2343063354, 77.2983703613, 105.838394165, 222.801849365, 161.711975098, 329.976013184, 3188.0925293, 1967.39562988, 1033.08752441, 35398.3984375, 5024.12207031, 5434.62548828, 361.837402344, 3349.54541016, 742.74395752, 1297.37915039, 725.379638672, 858.736877441, 411.230377197, 254.843338013, 247.252716064, 840.339904785, 1028.99255371, 1007.57702637, 141.463119507, 101.754852295, 147.901947021, 119.901435852, 50.898021698, 31.8847064972, 8.99903392792, 6.16950559616, 3.42448711395, 0.0919584706426, 0.00196000561118, 3.01749805658e-05, 1.18531431781e-06], "dvar2": [0.0883923470974, 27.8188972473, 223.647216797, 120.358222961, 201.205337524, 264.984802246, 553.875061035, 346.754852295, 752.451293945, 7359.77539062, 3704.64526367, 2446.94726562, 101636.484375, 12855.9707031, 9483.71679688, 844.639526367, 5949.09472656, 1868.46228027, 3478.44262695, 1909.93151855, 2345.77490234, 1147.83288574, 704.071472168, 627.929443359, 2294.92089844, 2734.02929688, 2758.66162109, 342.031860352, 220.732696533, 386.943725586, 302.804595947, 129.696884155, 83.3648300171, 22.0244674683, 15.6890487671, 9.38025569916, 0.23567032814, 0.00487377494574, 7.5830721471e-05, 3.35182494382e-06], "max": [5.75966978073, 68.7289657593, 134.323867798, 146.458114624, 150.926803589, 237.422988892, 344.583190918, 190.085449219, 342.23727417, 1052.31665039, 1004.39117432, 400.314239502, 2009.52172852, 770.483276367, 1845.90783691, 327.075164795, 2305.74609375, 462.049438477, 413.277099609, 456.483978271, 421.692321777, 396.177246094, 222.141113281, 315.982727051, 195.855743408, 273.127258301, 244.852508545, 210.188201904, 131.5753479, 187.100631714, 135.883422852, 129.167312622, 154.45262146, 40.8691673279, 47.3268318176, 28.7532844543, 6.81503534317, 1.34586060047, 0.204177856445, 0.0160548519343], "mean": [0.107971541584, 1.97294938564, 5.59118032455, 3.97067022324, 6.14979600906, 6.89162158966, 10.9620113373, 14.6167345047, 17.9904441833, 49.5411453247, 38.2757339478, 26.9787788391, 50.7656822205, 44.6920585632, 44.4151992798, 18.3831119537, 33.9844398499, 16.3490200043, 16.8968086243, 11.6132030487, 11.5568246841, 6.13834667206, 4.80288553238, 6.09946537018, 8.5613861084, 9.11163139343, 9.85741996765, 4.33871221542, 4.15687656403, 3.74866008759, 3.47997736931, 2.18381214142, 1.59643304348, 0.892395734787, 0.63396781683, 0.388467341661, 0.0759623199701, 0.0103374011815, 0.00150301109534, 0.000352127535734], "median": [0.0155304623768, 0.425013840199, 0.927966833115, 1.24512827396, 2.41982102394, 2.64710903168, 4.23935079575, 5.14277458191, 6.56657457352, 11.6850032806, 8.99024295807, 7.43376779556, 8.92815971375, 7.18269491196, 9.85307502747, 6.11626815796, 4.27629804611, 4.64357662201, 2.42818927765, 2.41128706932, 1.53985726833, 1.09838843346, 0.738878428936, 0.748100757599, 0.500652849674, 0.345475614071, 0.219966694713, 0.123131781816, 0.0899339318275, 0.0839159935713, 0.0712140500546, 0.0397929660976, 0.0236197505146, 0.0177531093359, 0.0109691806138, 0.00461232243106, 0.00103897461668, 0.000185985423741, 4.50746229035e-05, 3.50849077222e-05], "min": [8.70901732545e-22, 4.23495147877e-21, 1.6756688807e-20, 1.14300390576e-20, 3.59175845267e-20, 8.52347970431e-20, 1.65126162425e-19, 2.28660250914e-19, 2.59671045284e-19, 1.17744259152e-18, 8.02419684699e-19, 3.5530186636e-18, 2.42973262076e-18, 2.72516844834e-18, 3.23644402867e-18, 3.25141496378e-18, 1.63350045384e-18, 1.01842460474e-17, 9.09220964732e-18, 9.67250579835e-18, 7.61464090736e-18, 1.71744582365e-17, 1.18713652791e-17, 1.4907341466e-17, 1.03395574792e-17, 1.13936428328e-17, 1.65347779621e-17, 1.47763309462e-17, 1.38712042773e-17, 1.60056205981e-17, 1.79387234917e-17, 1.48703879993e-17, 1.91126846868e-17, 1.51811696816e-17, 1.1000705572e-17, 4.90043715163e-18, 2.25835134439e-18, 1.23493236787e-18, 3.04649844121e-19, 2.86718119405e-20], "var": [0.0671010762453, 15.5588035583, 151.171142578, 79.5615081787, 131.495559692, 165.285415649, 455.793060303, 542.78338623, 892.571960449, 10162.4160156, 5930.88232422, 2423.29931641, 24578.6230469, 8348.20019531, 16593.2070312, 884.966003418, 13757.3349609, 1245.94580078, 1738.44165039, 737.429077148, 833.724487305, 297.529724121, 174.942108154, 308.688079834, 664.110107422, 863.442749023, 918.174133301, 168.084701538, 138.666366577, 135.716278076, 103.974464417, 43.9694442749, 26.5611763, 8.99026012421, 5.1182012558, 2.35505723953, 0.0789870172739, 0.00188376021106, 3.1498093449e-05, 1.03224715531e-06]}, "gfcc": {"mean": [-105.647857666, 120.685096741, -92.145149231, -0.767974734306, -49.0125198364, 7.92507362366, -28.081741333, 3.75692725182, -19.2475738525, 2.0027756691, -11.7896633148, -2.08764529228, -9.65392017365], "cov": [[36710.7851562, -627.071899414, -2914.23828125, 815.004211426, -1217.01611328, 758.534912109, -261.477416992, 643.329223633, -200.049758911, 281.585296631, -237.645553589, -145.716537476, 64.8475875854], [-627.071899414, 4716.43994141, 261.292480469, -1004.76300049, 856.154663086, -325.515716553, 142.31640625, -448.433685303, 130.809020996, -321.090332031, 122.781303406, -204.370437622, -35.8312492371], [-2914.23828125, 261.292480469, 1584.17578125, 283.219329834, 197.440658569, 91.6052017212, 39.1497993469, 19.1551418304, 80.7032241821, -34.4387817383, -43.4081497192, -44.5515670776, -55.1285514832], [815.004211426, -1004.76300049, 283.219329834, 872.518615723, 11.8701953888, 146.231567383, 74.0841445923, 152.916732788, 17.2315368652, 59.5296897888, -43.7237854004, 11.8848628998, -1.46123719215], [-1217.01611328, 856.154663086, 197.440658569, 11.8701953888, 694.263244629, 92.545463562, 81.1934509277, -57.5380401611, 86.5873565674, -93.8369827271, 44.2598953247, -26.0459709167, 1.28400361538], [758.534912109, -325.515716553, 91.6052017212, 146.231567383, 92.545463562, 331.531768799, 20.0839042664, 97.6317214966, -2.95087528229, 46.8737792969, -3.60034322739, 31.5105991364, -7.42364454269], [-261.477416992, 142.31640625, 39.1497993469, 74.0841445923, 81.1934509277, 20.0839042664, 202.25213623, 11.9606294632, 55.4116363525, -11.9907903671, 33.8533630371, -18.0768871307, 26.796710968], [643.329223633, -448.433685303, 19.1551418304, 152.916732788, -57.5380401611, 97.6317214966, 11.9606294632, 197.660385132, 32.5453872681, 65.9876022339, -30.1346092224, 21.6109218597, -10.1731967926], [-200.049758911, 130.809020996, 80.7032241821, 17.2315368652, 86.5873565674, -2.95087528229, 55.4116363525, 32.5453872681, 168.816009521, 24.5768489838, 41.1590538025, -38.0861244202, 5.96480989456], [281.585296631, -321.090332031, -34.4387817383, 59.5296897888, -93.8369827271, 46.8737792969, -11.9907903671, 65.9876022339, 24.5768489838, 148.667953491, 30.3568401337, 22.5210762024, -35.1294174194], [-237.645553589, 122.781303406, -43.4081497192, -43.7237854004, 44.2598953247, -3.60034322739, 33.8533630371, -30.1346092224, 41.1590538025, 30.3568401337, 118.681159973, 9.53887748718, -0.588889062405], [-145.716537476, -204.370437622, -44.5515670776, 11.8848628998, -26.0459709167, 31.5105991364, -18.0768871307, 21.6109218597, -38.0861244202, 22.5210762024, 9.53887748718, 92.5487136841, 27.6884670258], [64.8475875854, -35.8312492371, -55.1285514832, -1.46123719215, 1.28400361538, -7.42364454269, 26.796710968, -10.1731967926, 5.96480989456, -35.1294174194, -0.588889062405, 27.6884670258, 93.4753417969]], "icov": [[5.61741035199e-05, -9.78368552751e-05, 0.000135140158818, -0.000159220668138, 0.000178495247383, -0.000221611044253, 0.000160537616466, -0.000166124795214, 3.43490064552e-05, -3.66382846551e-05, 2.18319382839e-05, 0.000224082672503, -0.000165613906574], [-9.78368552751e-05, 0.000729726336431, -0.000341456820024, 0.000841442612, -0.000875741126947, 0.000691488326993, -0.00063795276219, 0.000675906019751, -7.49602986616e-05, 0.000384446611861, -0.000144763311255, 0.00013421427866, 0.000591354561038], [0.000135140158818, -0.000341456820024, 0.00110597664025, -0.000742774573155, 0.000460413779365, -0.000766536744777, 0.000427331513492, -0.000189540834981, -0.000491240993142, 0.000219847570406, 0.000487301644171, 0.00022207708389, 0.000256939063547], [-0.000159220668138, 0.000841442612, -0.000742774573155, 0.00253547355533, -0.00115215871483, 0.000711110129487, -0.00135730882175, -2.22703656618e-05, 0.000280365522485, -0.000136625094456, 0.000237175059738, 0.000103983133158, 0.00039501072024], [0.000178495247383, -0.000875741126947, 0.000460413779365, -0.00115215871483, 0.00330874905922, -0.00199796259403, 0.000491818995215, -7.31482941774e-05, -0.00137877673842, 0.00157565029804, -0.000324395776261, -0.000561385706533, 0.000285308226012], [-0.000221611044253, 0.000691488326993, -0.000766536744777, 0.000711110129487, -0.00199796259403, 0.00528948428109, -0.000999215175398, -0.00112109386828, 0.0011353676673, -0.000917632773053, -0.000348645990016, -0.000991199165583, 0.000463902018964], [0.000160537616466, -0.00063795276219, 0.000427331513492, -0.00135730882175, 0.000491818995215, -0.000999215175398, 0.00711692497134, -0.00143420533277, -0.000681724224705, 0.000308477756334, -0.00199947925285, 0.0021445020102, -0.00289591564797], [-0.000166124795214, 0.000675906019751, -0.000189540834981, -2.22703656618e-05, -7.31482941774e-05, -0.00112109386828, -0.00143420533277, 0.00995784811676, -0.00353458360769, -0.00164936669171, 0.00373848271556, -0.00321335159242, 0.00225013680756], [3.43490064552e-05, -7.49602986616e-05, -0.000491240993142, 0.000280365522485, -0.00137877673842, 0.0011353676673, -0.000681724224705, -0.00353458360769, 0.0107721397653, -0.00318494695239, -0.00353814708069, 0.00636603264138, -0.0042103570886], [-3.66382846551e-05, 0.000384446611861, 0.000219847570406, -0.000136625094456, 0.00157565029804, -0.000917632773053, 0.000308477756334, -0.00164936669171, -0.00318494695239, 0.0130456071347, -0.00345492875203, -0.00385758513585, 0.0061647137627], [2.18319382839e-05, -0.000144763311255, 0.000487301644171, 0.000237175059738, -0.000324395776261, -0.000348645990016, -0.00199947925285, 0.00373848271556, -0.00353814708069, -0.00345492875203, 0.0129248835146, -0.00364327058196, 0.00126526132226], [0.000224082672503, 0.00013421427866, 0.00022207708389, 0.000103983133158, -0.000561385706533, -0.000991199165583, 0.0021445020102, -0.00321335159242, 0.00636603264138, -0.00385758513585, -0.00364327058196, 0.0194144491106, -0.00863660126925], [-0.000165613906574, 0.000591354561038, 0.000256939063547, 0.00039501072024, 0.000285308226012, 0.000463902018964, -0.00289591564797, 0.00225013680756, -0.0042103570886, 0.0061647137627, 0.00126526132226, -0.00863660126925, 0.0174569711089]]}, "melbands": {"dmean": [0.000915743876249, 0.00181600917131, 0.000484477524878, 0.000294872530503, 0.000211307778955, 0.000170393293956, 0.000152504799189, 0.000267834897386, 0.000157063492225, 0.000106121246063, 0.00028193811886, 0.000142489749123, 8.47925475682e-05, 3.0509170756e-05, 3.18149395753e-05, 3.2305411878e-05, 1.64997072716e-05, 2.04750067496e-05, 1.6680389308e-05, 1.52240454554e-05, 1.08739459392e-05, 6.14086684436e-06, 5.95224082645e-06, 4.70650411444e-06, 4.39405494035e-06, 8.24267317512e-06, 6.47557180855e-06, 7.16387512512e-06, 8.09328230389e-06, 4.44471606897e-06, 1.99869668904e-06, 2.13655266634e-06, 2.49251479545e-06, 2.23697497859e-06, 2.60300521404e-06, 1.73300952611e-06, 1.5004695797e-06, 1.36982987442e-06, 9.23116203921e-07, 8.24871563054e-07], "dmean2": [0.00149039004464, 0.00281512062065, 0.000762956275139, 0.000477564957691, 0.000324998458382, 0.000250294338912, 0.000233472295804, 0.000406771607231, 0.000231771773542, 0.000173882988747, 0.000512802565936, 0.000239444052568, 0.00012275869085, 4.47543607152e-05, 4.62876814709e-05, 4.66062847408e-05, 2.59223670582e-05, 3.5011806176e-05, 2.90801472147e-05, 2.61868244706e-05, 1.86518900591e-05, 1.06413244794e-05, 1.0457364624e-05, 8.1391999629e-06, 7.38461267247e-06, 1.45292833622e-05, 1.16105384222e-05, 1.19735759654e-05, 1.41579421324e-05, 7.59895783631e-06, 3.15237934956e-06, 3.24252278006e-06, 4.11679093304e-06, 3.74919886781e-06, 4.36690152128e-06, 2.92677009384e-06, 2.47717912316e-06, 2.22520498028e-06, 1.54859299073e-06, 1.38096118008e-06], "dvar": [6.48896775601e-06, 2.13532912312e-05, 1.44881948927e-06, 4.19533989771e-07, 2.34744788941e-07, 8.02979016612e-08, 8.27910184853e-08, 3.36687463687e-07, 1.21299962075e-07, 4.74823274033e-08, 9.27364339987e-07, 1.01010044773e-07, 7.80305668968e-08, 5.99258465073e-09, 7.30341076505e-09, 1.71678387062e-08, 2.62423704989e-09, 2.80176837286e-09, 2.02500172186e-09, 1.89433646547e-09, 1.02040820238e-09, 4.26556623356e-10, 3.61028318352e-10, 1.86199319852e-10, 1.46268663848e-10, 5.92194071558e-10, 3.51672774235e-10, 4.88661000553e-10, 5.20934129167e-10, 1.84413401216e-10, 3.41007465321e-11, 3.04889412328e-11, 4.62690892544e-11, 4.75692853164e-11, 5.32187592606e-11, 2.10594180983e-11, 1.9430797249e-11, 2.19288320141e-11, 8.24409637779e-12, 6.46102876062e-12], "dvar2": [1.62576488947e-05, 5.11396683578e-05, 3.44562567989e-06, 1.09183531549e-06, 5.76071840896e-07, 1.67678848584e-07, 1.87475620805e-07, 7.61748196965e-07, 2.33633372204e-07, 1.20990250707e-07, 2.66384722636e-06, 2.61786937017e-07, 1.30690054334e-07, 1.17456551152e-08, 1.35260895817e-08, 3.02612939151e-08, 6.85596912575e-09, 7.46372919025e-09, 5.60823432139e-09, 5.08161157597e-09, 2.79088974153e-09, 1.18172771568e-09, 1.01596353552e-09, 5.0432863441e-10, 3.66474406377e-10, 1.60777469116e-09, 9.6978847175e-10, 1.27623744905e-09, 1.43720402246e-09, 4.9294462956e-10, 8.02184152437e-11, 6.25558424505e-11, 1.1546734402e-10, 1.2618499301e-10, 1.36296890441e-10, 5.30565140433e-11, 4.99495653172e-11, 5.79863240757e-11, 2.10496845648e-11, 1.58534851913e-11], "max": [0.0694449618459, 0.0694147348404, 0.0221888702363, 0.0087982006371, 0.0133853415027, 0.00482353474945, 0.00463079893962, 0.0101100476459, 0.00777137232944, 0.00271520670503, 0.0101264603436, 0.00342379207723, 0.00741716707125, 0.00241145445034, 0.00319284223951, 0.00598670868203, 0.000839734799229, 0.000615713652223, 0.000647857727017, 0.000609014357906, 0.000451041560154, 0.000344088417478, 0.000448506238172, 0.000105209604953, 0.000311694835545, 0.000190430902876, 0.000134838031954, 0.000231468860875, 0.000184025484486, 0.000120850585517, 0.000143173645483, 7.83911891631e-05, 0.000114781949378, 0.000107588522951, 9.48260858422e-05, 4.30304280599e-05, 0.000103255355498, 0.000141879121657, 3.87923792005e-05, 4.29843785241e-05], "mean": [0.001521608443, 0.00293527496979, 0.00079172529513, 0.000473322579637, 0.000371713103959, 0.000336196360877, 0.000293659279123, 0.000547841656953, 0.000284580426523, 0.000159514209372, 0.000253863923717, 0.00018146513321, 0.000155746936798, 5.71683776798e-05, 5.9029305703e-05, 6.5980682848e-05, 2.58636537183e-05, 2.48298238148e-05, 1.87373298104e-05, 1.68217266037e-05, 1.19139067465e-05, 5.95067422182e-06, 5.53131121706e-06, 3.95864299207e-06, 4.80695780425e-06, 6.77165462548e-06, 5.17788566867e-06, 6.28795942248e-06, 7.03436444383e-06, 3.89234901377e-06, 2.069815082e-06, 2.37848166762e-06, 2.20898346015e-06, 2.01441412173e-06, 2.18945865527e-06, 1.47609875967e-06, 1.2605514712e-06, 1.22296080463e-06, 8.21165485831e-07, 7.27600195205e-07], "median": [0.000303365522996, 0.000629539252259, 0.000301653461065, 0.000208746670978, 0.00015292718308, 0.000118252231914, 9.72326597548e-05, 0.000129084612126, 6.50716028758e-05, 4.06553408538e-05, 3.53864961653e-05, 2.10566595342e-05, 2.90971602226e-05, 1.393589082e-05, 1.09608790808e-05, 7.32089029043e-06, 5.37809273737e-06, 3.16723708238e-06, 2.48112701229e-06, 2.54601036431e-06, 1.23129291296e-06, 9.64917035162e-07, 6.63531409373e-07, 4.97957444168e-07, 4.8993223345e-07, 3.56915307975e-07, 2.5420450811e-07, 1.91677926864e-07, 1.46663964529e-07, 8.77912782471e-08, 6.15462809606e-08, 5.04178920835e-08, 4.09736493623e-08, 4.00240622866e-08, 4.12233340796e-08, 3.08398711013e-08, 1.97339833363e-08, 1.51670143111e-08, 1.36173214926e-08, 1.2888390799e-08], "min": [7.4309766416e-24, 7.33692548903e-24, 2.92497218818e-24, 3.88405133016e-24, 6.22809944521e-24, 4.8909380068e-24, 4.89801330026e-24, 1.25040425155e-23, 5.90107676252e-24, 2.38092168257e-23, 1.18207114778e-23, 1.11121518796e-23, 8.64311822045e-24, 1.27212238113e-23, 4.32942799776e-24, 3.1624808518e-24, 2.27738463539e-23, 1.43529881158e-23, 1.96155013026e-23, 8.16616739513e-24, 8.14295516299e-24, 1.77892362422e-23, 1.2273180005e-23, 1.0805253433e-23, 1.27264634254e-23, 8.78011022753e-24, 7.15226577289e-24, 7.1256425062e-24, 9.16197885909e-24, 1.06593362537e-23, 7.58874251175e-24, 6.3389383467e-24, 9.19981578355e-24, 9.74619425714e-24, 1.04211665246e-23, 1.00798153669e-23, 8.57709608471e-24, 1.13721415013e-23, 1.68783432881e-23, 1.16455985564e-23], "var": [1.02830135802e-05, 3.51888593286e-05, 2.67057725978e-06, 6.49053845336e-07, 4.65695251251e-07, 2.80371580175e-07, 2.36918481278e-07, 1.09559869088e-06, 3.47843126747e-07, 8.7659778103e-08, 6.36950858279e-07, 1.56010386831e-07, 2.46670424531e-07, 1.44358995868e-08, 1.79637833497e-08, 7.79347644198e-08, 3.4270513094e-09, 3.83503628854e-09, 1.82613768551e-09, 1.81678383449e-09, 9.87896320304e-10, 3.12131709368e-10, 2.44018222295e-10, 1.3438873625e-10, 2.25830118494e-10, 4.45102316116e-10, 2.62984328758e-10, 4.54361048785e-10, 4.69276728587e-10, 1.57297105896e-10, 4.65417843154e-11, 4.43058159605e-11, 4.59292950894e-11, 4.19066691071e-11, 4.37998352865e-11, 1.90339046607e-11, 1.61932533355e-11, 1.72880876281e-11, 7.69178557652e-12, 6.35773161548e-12]}, "mfcc": {"mean": [-745.737792969, 158.67640686, 12.7596998215, 5.92185211182, 0.475980043411, 4.01797389984, 1.25657141209, 0.997669935226, -0.371261179447, 2.45426821709, -1.2748016119, 1.47303903103, 2.18998003006], "cov": [[21456.0644531, -244.540206909, -1375.09057617, 42.4379692078, -787.174499512, -203.628433228, -100.741584778, 172.605880737, 156.713668823, 503.497131348, -121.312644958, -15.4892959595, 176.653701782], [-244.540206909, 4967.84716797, -83.1754150391, -403.103851318, 321.231201172, 44.8661613464, 21.0046539307, -46.3329582214, -116.373298645, -150.890029907, 108.886123657, -2.74962997437, -94.1007156372], [-1375.09057617, -83.1754150391, 1133.1204834, 244.67868042, 98.6389160156, 62.7329673767, 26.1669864655, 18.3887825012, 56.1909103394, 0.953429937363, 16.3048419952, 16.1171550751, -35.0878448486], [42.4379692078, -403.103851318, 244.67868042, 597.559875488, 117.653518677, 97.7866287231, 70.7790222168, 68.4935073853, 92.8055114746, 64.0886383057, 20.2102336884, 7.47716856003, 20.4289417267], [-787.174499512, 321.231201172, 98.6389160156, 117.653518677, 471.005371094, 162.370681763, 82.5233383179, 102.689102173, 45.8144569397, 7.98357391357, 46.3300132751, 8.88650894165, -15.8899049759], [-203.628433228, 44.8661613464, 62.7329673767, 97.7866287231, 162.370681763, 221.303100586, 112.087120056, 68.6950378418, 33.9478645325, 13.7776651382, 27.0016384125, 27.8516407013, 16.8177986145], [-100.741584778, 21.0046539307, 26.1669864655, 70.7790222168, 82.5233383179, 112.087120056, 160.651763916, 74.0677642822, 25.6685752869, 6.67880582809, 17.1165809631, 7.02918052673, 18.2534503937], [172.605880737, -46.3329582214, 18.3887825012, 68.4935073853, 102.689102173, 68.6950378418, 74.0677642822, 140.681091309, 74.2565612793, 35.7878227234, -0.58301538229, -11.8325023651, -0.40698710084], [156.713668823, -116.373298645, 56.1909103394, 92.8055114746, 45.8144569397, 33.9478645325, 25.6685752869, 74.2565612793, 129.710647583, 69.7127532959, -0.0190926399082, -9.03139400482, 8.28573226929], [503.497131348, -150.890029907, 0.953429937363, 64.0886383057, 7.98357391357, 13.7776651382, 6.67880582809, 35.7878227234, 69.7127532959, 137.913772583, 53.6669960022, 14.3161220551, 8.73875713348], [-121.312644958, 108.886123657, 16.3048419952, 20.2102336884, 46.3300132751, 27.0016384125, 17.1165809631, -0.58301538229, -0.0190926399082, 53.6669960022, 129.799865723, 67.8704452515, 13.1480951309], [-15.4892959595, -2.74962997437, 16.1171550751, 7.47716856003, 8.88650894165, 27.8516407013, 7.02918052673, -11.8325023651, -9.03139400482, 14.3161220551, 67.8704452515, 113.989128113, 51.5010490417], [176.653701782, -94.1007156372, -35.0878448486, 20.4289417267, -15.8899049759, 16.8177986145, 18.2534503937, -0.40698710084, 8.28573226929, 8.73875713348, 13.1480951309, 51.5010490417, 90.3344955444]], "icov": [[6.61554513499e-05, -2.29319502978e-05, 6.81625097059e-05, -4.55923654954e-05, 0.000126746002934, -1.3713239241e-05, 6.45616019028e-05, -0.000187382276636, 0.000145707264892, -0.000352085888153, 0.000215408057556, -6.4894942625e-05, -7.9173638369e-05], [-2.29319502978e-05, 0.000257611187408, -1.5289078874e-05, 0.000192613500985, -0.000239327680902, 1.98216748686e-05, -8.90583614819e-05, 0.000201187402126, -0.000140778211062, 0.000464077398647, -0.000464293261757, 0.000157252317877, 0.000182756499271], [6.81625097059e-05, -1.5289078874e-05, 0.00110996817239, -0.000444788340246, 5.68045397813e-05, -8.78845967236e-05, 4.85405735162e-06, 0.000171097985003, -0.000482148869196, 6.95344351698e-05, 0.000212766957702, -0.000600148574449, 0.000757328176405], [-4.55923654954e-05, 0.000192613500985, -0.000444788340246, 0.00233803642914, -0.000470463797683, -0.000337706558639, -0.000483559444547, 0.000400056829676, -0.0010281560244, -8.53255769471e-05, -0.000355981377652, 0.000431038584793, -0.000423444435], [0.000126746002934, -0.000239327680902, 5.68045397813e-05, -0.000470463797683, 0.00378190260381, -0.00218086224049, 0.000987422652543, -0.0023727256339, 0.000183753014426, 0.000296384445392, -0.00100545829628, 0.000367885542801, 0.000383417384], [-1.3713239241e-05, 1.98216748686e-05, -8.78845967236e-05, -0.000337706558639, -0.00218086224049, 0.00903143268079, -0.0050377654843, 0.000111903529614, -0.000389260676457, -0.000265245354967, 0.000914052478038, -0.00236832513474, 0.000321683066431], [6.45616019028e-05, -8.90583614819e-05, 4.85405735162e-06, -0.000483559444547, 0.000987422652543, -0.0050377654843, 0.0121701108292, -0.00551044382155, 0.00165086670313, 0.00111186131835, -0.00216152449138, 0.00241223257035, -0.00279980618507], [-0.000187382276636, 0.000201187402126, 0.000171097985003, 0.000400056829676, -0.0023727256339, 0.000111903529614, -0.00551044382155, 0.0155065888539, -0.00717222690582, 0.000267896859441, 0.000815047882497, 0.000176281741005, 0.00170994107611], [0.000145707264892, -0.000140778211062, -0.000482148869196, -0.0010281560244, 0.000183753014426, -0.000389260676457, 0.00165086670313, -0.00717222690582, 0.0167354866862, -0.00813150219619, 0.00346636190079, 0.000711726665031, -0.00230614491738], [-0.000352085888153, 0.000464077398647, 6.95344351698e-05, -8.53255769471e-05, 0.000296384445392, -0.000265245354967, 0.00111186131835, 0.000267896859441, -0.00813150219619, 0.0163154061884, -0.00902388244867, 0.00259561301209, 9.74539507297e-05], [0.000215408057556, -0.000464293261757, 0.000212766957702, -0.000355981377652, -0.00100545829628, 0.000914052478038, -0.00216152449138, 0.000815047882497, 0.00346636190079, -0.00902388244867, 0.0176926143467, -0.0105553744361, 0.00334930443205], [-6.4894942625e-05, 0.000157252317877, -0.000600148574449, 0.000431038584793, 0.000367885542801, -0.00236832513474, 0.00241223257035, 0.000176281741005, 0.000711726665031, 0.00259561301209, -0.0105553744361, 0.0198234692216, -0.0101025886834], [-7.9173638369e-05, 0.000182756499271, 0.000757328176405, -0.000423444435, 0.000383417384, 0.000321683066431, -0.00279980618507, 0.00170994107611, -0.00230614491738, 9.74539507297e-05, 0.00334930443205, -0.0101025886834, 0.0178603455424]]}, "spectral_contrast_coeffs": {"dmean": [0.0484060645103, 0.0488472208381, 0.0451401807368, 0.0381919890642, 0.02704134956, 0.0231379009783], "dmean2": [0.0788433551788, 0.0774837732315, 0.0699226036668, 0.0584087409079, 0.042040515691, 0.0344967655838], "dvar": [0.00166769139469, 0.00178520916961, 0.00158128282055, 0.00109867448919, 0.000623664818704, 0.000512882135808], "dvar2": [0.00420081662014, 0.00417007226497, 0.00385271897539, 0.00255921692587, 0.00143522885628, 0.00111936463509], "max": [-0.317296504974, -0.393131434917, -0.412485331297, -0.484997361898, -0.601119637489, -0.65479183197], "mean": [-0.647927582264, -0.716152250767, -0.734268784523, -0.755770206451, -0.795450091362, -0.804150760174], "median": [-0.649575948715, -0.718985795975, -0.734309136868, -0.754799485207, -0.794310212135, -0.808457970619], "min": [-0.973016440868, -0.961380302906, -0.959262549877, -0.964012384415, -0.964883625507, -0.958337068558], "var": [0.00808270834386, 0.00794787704945, 0.00882948003709, 0.00762602454051, 0.00358640705235, 0.00267420359887]}, "spectral_contrast_valleys": {"dmean": [0.434388488531, 0.425637155771, 0.450188666582, 0.444763809443, 0.536664366722, 0.614389240742], "dmean2": [0.698214292526, 0.660673499107, 0.675977706909, 0.640988409519, 0.719178974628, 0.814558327198], "dvar": [0.180326789618, 0.190228894353, 0.230557873845, 0.227697595954, 0.358931720257, 0.503965318203], "dvar2": [0.366868376732, 0.373944193125, 0.465792894363, 0.416316211224, 0.622571349144, 0.874441444874], "max": [-5.087078094