{"lowlevel": {"average_loudness": 0.922521591187, "barkbands_crest": {"dmean": 1.76022160053, "dmean2": 2.72134065628, "dvar": 4.41564846039, "dvar2": 10.2131814957, "max": 26.6694202423, "mean": 13.2841892242, "median": 12.4312992096, "min": 4.17542505264, "var": 20.001663208}, "barkbands_flatness_db": {"dmean": 0.0258209370077, "dmean2": 0.0437030084431, "dvar": 0.000603193591814, "dvar2": 0.00146912352648, "max": 0.57647383213, "mean": 0.376703292131, "median": 0.374942988157, "min": 0.0758396908641, "var": 0.00255220895633}, "barkbands_kurtosis": {"dmean": 1.95450472832, "dmean2": 2.99352478981, "dvar": 19.8404579163, "dvar2": 39.6644477844, "max": 238.583236694, "mean": 5.44780302048, "median": 3.03505659103, "min": -1.75733983517, "var": 108.315422058}, "barkbands_skewness": {"dmean": 0.393865585327, "dmean2": 0.591194093227, "dvar": 0.251032322645, "dvar2": 0.467461109161, "max": 5.78312635422, "mean": 0.715758442879, "median": 0.807932734489, "min": -10.3322286606, "var": 1.93636572361}, "barkbands_spread": {"dmean": 0.800737440586, "dmean2": 1.25605809689, "dvar": 3.37751889229, "dvar2": 8.254529953, "max": 92.251083374, "mean": 4.35529184341, "median": 4.02927541733, "min": 0.128270715475, "var": 6.55745124817}, "dissonance": {"dmean": 0.0431422516704, "dmean2": 0.0729604437947, "dvar": 0.00211130618118, "dvar2": 0.00540147628635, "max": 0.499345630407, "mean": 0.334678500891, "median": 0.335501223803, "min": 0.0709136873484, "var": 0.00531989568844}, "dynamic_complexity": 3.50182533264, "erbbands_crest": {"dmean": 2.13303256035, "dmean2": 3.18069601059, "dvar": 7.76167583466, "dvar2": 15.6110582352, "max": 33.4267082214, "mean": 17.368473053, "median": 15.6827878952, "min": 3.90979075432, "var": 47.1468658447}, "erbbands_flatness_db": {"dmean": 0.0158446636051, "dmean2": 0.0247558634728, "dvar": 0.000345727952663, "dvar2": 0.000677906093188, "max": 0.600724935532, "mean": 0.401386260986, "median": 0.398155719042, "min": 0.041764434427, "var": 0.00239593698643}, "erbbands_kurtosis": {"dmean": 1.72972655296, "dmean2": 2.4365170002, "dvar": 11.966711998, "dvar2": 22.146604538, "max": 75.883895874, "mean": 4.90753030777, "median": 2.20423984528, "min": -1.38866388798, "var": 68.8910903931}, "erbbands_skewness": {"dmean": 0.304556250572, "dmean2": 0.44100266695, "dvar": 0.190003469586, "dvar2": 0.321834802628, "max": 6.56420278549, "mean": 0.583102107048, "median": 0.744365036488, "min": -5.12741088867, "var": 2.03014445305}, "erbbands_spread": {"dmean": 1.39907670021, "dmean2": 2.14804267883, "dvar": 4.16944932938, "dvar2": 8.80238246918, "max": 95.8515625, "mean": 8.4330034256, "median": 8.14603042603, "min": 0.270419806242, "var": 23.9045143127}, "hfc": {"dmean": 5.3313369751, "dmean2": 6.55830717087, "dvar": 184.325317383, "dvar2": 334.859375, "max": 271.722198486, "mean": 14.0619058609, "median": 8.87095737457, "min": 1.23475566142e-16, "var": 408.656860352}, "melbands_crest": {"dmean": 2.16208934784, "dmean2": 3.35003137589, "dvar": 6.46610736847, "dvar2": 15.157128334, "max": 33.1484527588, "mean": 16.2240524292, "median": 15.2047290802, "min": 2.43269586563, "var": 31.3476715088}, "melbands_flatness_db": {"dmean": 0.0259847622365, "dmean2": 0.0433374457061, "dvar": 0.000762126001064, "dvar2": 0.00174900528509, "max": 0.673686861992, "mean": 0.464919298887, "median": 0.463373452425, "min": 0.00719511182979, "var": 0.00327683333308}, "melbands_kurtosis": {"dmean": 1.72703897953, "dmean2": 2.62367796898, "dvar": 8.66923809052, "dvar2": 17.1377391815, "max": 211.518325806, "mean": 5.2787437439, "median": 2.63797140121, "min": -1.76730072498, "var": 199.454971313}, "melbands_skewness": {"dmean": 0.361323177814, "dmean2": 0.531882166862, "dvar": 0.200423523784, "dvar2": 0.372955292463, "max": 9.15960216522, "mean": 0.777705848217, "median": 0.79675757885, "min": -7.39066839218, "var": 1.84203183651}, "melbands_spread": {"dmean": 1.30044615269, "dmean2": 2.00881767273, "dvar": 8.93996238708, "dvar2": 11.5541391373, "max": 141.333435059, "mean": 7.32323551178, "median": 6.75099563599, "min": 0.496362268925, "var": 19.1983222961}, "pitch_salience": {"dmean": 0.0473379082978, "dmean2": 0.07489579916, "dvar": 0.00330735277385, "dvar2": 0.0075421538204, "max": 0.934800326824, "mean": 0.503678679466, "median": 0.501746177673, "min": 0.0519919395447, "var": 0.0155808180571}, "silence_rate_20dB": {"dmean": 0, "dmean2": 0, "dvar": 0, "dvar2": 0, "max": 1, "mean": 1, "median": 1, "min": 1, "var": 0}, "silence_rate_30dB": {"dmean": 0.0153846153989, "dmean2": 0.0307764038444, "dvar": 0.0151477698237, "dvar2": 0.0330924727023, "max": 1, "mean": 0.983220696449, "median": 1, "min": 0, "var": 0.0164983607829}, "silence_rate_60dB": {"dmean": 0.00839160848409, "dmean2": 0.0167871303856, "dvar": 0.0083211408928, "dvar2": 0.0202360805124, "max": 1, "mean": 0.0519692376256, "median": 0, "min": 0, "var": 0.0492683947086}, "spectral_centroid": {"dmean": 37.7076301575, "dmean2": 54.1581077576, "dvar": 30928.7636719, "dvar2": 33082.6914062, "max": 11329.0234375, "mean": 550.855895996, "median": 524.99206543, "min": 274.713226318, "var": 47574.9570312}, "spectral_complexity": {"dmean": 1.39254081249, "dmean2": 2.15574717522, "dvar": 2.61334776878, "dvar2": 5.15362691879, "max": 22, "mean": 9.41761779785, "median": 9, "min": 0, "var": 11.2014818192}, "spectral_decrease": {"dmean": 2.07618144898e-09, "dmean2": 2.67687183531e-09, "dvar": 1.72937509157e-17, "dvar2": 3.24050651946e-17, "max": 5.15619682492e-21, "mean": -6.05895378314e-09, "median": -4.59075089054e-09, "min": -7.78601147999e-08, "var": 3.77326245001e-17}, "spectral_energy": {"dmean": 0.00831454247236, "dmean2": 0.0106880888343, "dvar": 0.000285427144263, "dvar2": 0.000533367565367, "max": 0.318508058786, "mean": 0.0241433847696, "median": 0.0181505586952, "min": 1.06907795047e-20, "var": 0.00062327098567}, "spectral_energyband_high": {"dmean": 2.03419699574e-06, "dmean2": 2.88801015813e-06, "dvar": 4.97325236548e-11, "dvar2": 1.15103496179e-10, "max": 0.000123392863316, "mean": 2.93143534691e-06, "median": 5.36327036116e-07, "min": 7.75326566345e-21, "var": 6.72964600712e-11}, "spectral_energyband_low": {"dmean": 0.000510248995852, "dmean2": 0.000832796213217, "dvar": 9.19688545764e-07, "dvar2": 2.4449011562e-06, "max": 0.0148921962827, "mean": 0.000786555116065, "median": 0.00037032365799, "min": 7.3085823478e-23, "var": 1.52763118422e-06}, "spectral_energyband_middle_high": {"dmean": 0.00369647028856, "dmean2": 0.00437235832214, "dvar": 0.000213325678487, "dvar2": 0.00037940859329, "max": 0.301075041294, "mean": 0.007513939403, "median": 0.00147068523802, "min": 1.44857823731e-21, "var": 0.000488741789013}, "spectral_energyband_middle_low": {"dmean": 0.00483878329396, "dmean2": 0.00660491921008, "dvar": 5.25303912582e-05, "dvar2": 0.000106532650534, "max": 0.111798353493, "mean": 0.0164756458253, "median": 0.0143309496343, "min": 2.80549533078e-22, "var": 0.000134606540087}, "spectral_entropy": {"dmean": 0.196971923113, "dmean2": 0.316713988781, "dvar": 0.0761774480343, "dvar2": 0.179574728012, "max": 9.80633640289, "mean": 5.52423381805, "median": 5.50537490845, "min": 3.67625808716, "var": 0.200110763311}, "spectral_flux": {"dmean": 0.0254111867398, "dmean2": 0.0398058742285, "dvar": 0.00167195149697, "dvar2": 0.00415011961013, "max": 0.443046808243, "mean": 0.0451443865895, "median": 0.0308371055871, "min": 1.03396229079e-10, "var": 0.001973554492}, "spectral_kurtosis": {"dmean": 31.5476875305, "dmean2": 54.6748580933, "dvar": 906.784606934, "dvar2": 2455.83959961, "max": 393.12890625, "mean": 86.3112792969, "median": 79.6658096313, "min": -1.21052074432, "var": 2887.12792969}, "spectral_rms": {"dmean": 0.000715106434654, "dmean2": 0.00089501979528, "dvar": 1.05721005639e-06, "dvar2": 1.93605274035e-06, "max": 0.0176278073341, "mean": 0.0044393944554, "median": 0.00420807115734, "min": 3.22955551191e-12, "var": 3.84627219319e-06}, "spectral_rolloff": {"dmean": 47.4077949524, "dmean2": 77.4313354492, "dvar": 133783.609375, "dvar2": 125161.070312, "max": 20413.4765625, "mean": 697.891113281, "median": 689.0625, "min": 279.931640625, "var": 222747.921875}, "spectral_skewness": {"dmean": 1.78942537308, "dmean2": 3.14448428154, "dvar": 2.19791984558, "dvar2": 6.19016504288, "max": 15.0982046127, "mean": 6.19551229477, "median": 6.10828113556, "min": -0.00392984552309, "var": 5.9813914299}, "spectral_spread": {"dmean": 316006.5, "dmean2": 558741.4375, "dvar": 404998651904, "dvar2": 504530927616, "max": 41375760, "mean": 1099524, "median": 970267.875, "min": 225509.03125, "var": 1134194982910.0}, "spectral_strongpeak": {"dmean": 0.543975412846, "dmean2": 0.752541065216, "dvar": 0.909935951233, "dvar2": 1.81549620628, "max": 13.6856517792, "mean": 1.9649939537, "median": 1.41284906864, "min": 0, "var": 2.9815890789}, "zerocrossingrate": {"dmean": 0.00205476488918, "dmean2": 0.00243446161039, "dvar": 6.59701545374e-05, "dvar2": 6.17457553744e-05, "max": 0.5107421875, "mean": 0.026885850355, "median": 0.02587890625, "min": 0.01171875, "var": 0.000204965748708}, "barkbands": {"dmean": [2.09639301829e-06, 0.000240710069193, 0.000283152970951, 0.000122728612041, 0.00120840372983, 0.00162187987007, 0.000689307402354, 0.00136110105086, 0.000760903931223, 0.00318026635796, 0.000677185191307, 5.05301068188e-05, 6.55874609947e-05, 9.01585881365e-05, 3.4466957004e-05, 9.69096163317e-06, 1.41323316711e-05, 3.05892172037e-06, 5.2501063692e-06, 3.75254353457e-06, 5.20081869126e-07, 6.38956478838e-08, 1.34188873346e-08, 1.91691706952e-09, 9.1727037077e-10, 8.7539075988e-10, 9.32511512453e-10], "dmean2": [3.64766151506e-06, 0.000405838509323, 0.000476630579215, 0.000207617980777, 0.00185736874118, 0.00252207671292, 0.00106300646439, 0.00186771724839, 0.000932695285883, 0.0037740310654, 0.000839764950797, 7.09267624188e-05, 9.03683685465e-05, 0.000119876531244, 4.85613236378e-05, 1.41121327033e-05, 2.06920212804e-05, 4.55427880297e-06, 6.45425734547e-06, 4.97139672007e-06, 7.37492428016e-07, 9.34169293032e-08, 1.93655473879e-08, 3.40793770981e-09, 1.69163660857e-09, 1.62078539478e-09, 1.72734004877e-09], "dvar": [1.98488170344e-11, 2.36866540604e-07, 3.12662223223e-07, 9.3101455434e-08, 4.54846895082e-06, 1.10700420919e-05, 1.83855252089e-06, 1.34943402372e-05, 4.86067756356e-06, 0.000195173328393, 1.99506612262e-05, 1.73182712615e-08, 3.4009410399e-08, 7.05192633177e-08, 6.98158464374e-09, 6.68001876036e-10, 1.15932363709e-09, 5.87265652774e-11, 1.98007318875e-10, 1.60428864637e-10, 5.90887625287e-12, 8.19409712066e-14, 4.10495120832e-15, 1.19541680437e-16, 1.68059308688e-18, 1.55348468825e-18, 1.76039668065e-18], "dvar2": [5.26152975355e-11, 6.14254247466e-07, 8.5811069539e-07, 2.45444425673e-07, 1.07784362626e-05, 2.61341338046e-05, 4.63184142063e-06, 2.66378956439e-05, 8.30334010971e-06, 0.000344872358255, 3.89508131775e-05, 3.90541359252e-08, 6.97707278619e-08, 1.38385203741e-07, 1.44255283274e-08, 1.46081347019e-09, 2.5727717734e-09, 1.51797005521e-10, 3.34307331817e-10, 3.38668121325e-10, 1.11372803341e-11, 1.85107015978e-13, 8.95881167916e-15, 3.36892452284e-16, 5.24404756449e-18, 4.87576648986e-18, 5.52598918115e-18], "max": [4.46517187811e-05, 0.0113631635904, 0.00917590409517, 0.00607723742723, 0.0339849106967, 0.0545045100152, 0.0225717816502, 0.0632697716355, 0.0633556768298, 0.299133658409, 0.124355599284, 0.00275986338966, 0.00339101464488, 0.0048496471718, 0.00202369783074, 0.000666962587275, 0.000715419941116, 0.000199703266844, 0.000352823495632, 0.000269607146038, 7.3416835221e-05, 6.74165130476e-06, 1.37585834636e-06, 4.78390063563e-07, 1.44013867498e-08, 1.40146987349e-08, 1.49568748498e-08], "mean": [1.81607322247e-06, 0.000361319544027, 0.000349558045855, 0.000191160856048, 0.00349764572456, 0.00446327822283, 0.00192121195141, 0.00330039486289, 0.001922567375, 0.00628172513098, 0.00124900543597, 0.00012571537809, 0.00015230680583, 0.000183582276804, 7.67310993979e-05, 1.8298640498e-05, 2.31250851357e-05, 6.54733594274e-06, 1.11816207209e-05, 5.45659349882e-06, 6.64518324811e-07, 7.61550822403e-08, 1.58894888358e-08, 1.79883874463e-09, 7.92552912188e-10, 7.46380124372e-10, 7.94477372779e-10], "median": [4.71570928084e-07, 0.000100419805676, 0.000175326509634, 3.60114354407e-05, 0.00240089464933, 0.00305719394237, 0.00102226424497, 0.000882004329469, 0.000400921562687, 0.000716535141692, 8.86788839125e-05, 4.76836903545e-05, 3.9522870793e-05, 5.13876111654e-05, 3.2928714063e-05, 6.78496917317e-06, 9.09387381398e-06, 3.06544438899e-06, 3.19565810969e-06, 7.74835143602e-07, 1.01090691373e-07, 1.130913585e-08, 1.73195291442e-09, 5.46958478509e-10, 3.4440666985e-10, 3.17182946574e-10, 3.40209999061e-10], "min": [5.04376647544e-23, 2.87599500946e-23, 1.02356469501e-23, 7.93158146116e-24, 2.71588212034e-23, 3.19019199713e-23, 8.43723783042e-23, 2.39840757339e-23, 7.54640876459e-23, 1.37771565736e-22, 3.12252729521e-23, 6.57436615302e-23, 4.4145167438e-23, 1.43668193718e-22, 1.62765468626e-22, 1.11988158231e-22, 1.49059774015e-22, 1.49427130761e-22, 3.25716805503e-22, 2.68892491305e-22, 4.47494563485e-22, 6.27323043003e-22, 5.11506094726e-22, 7.3983404562e-22, 9.64454930862e-22, 1.93278181824e-21, 2.53626399532e-21], "var": [1.67700471565e-11, 6.02231978064e-07, 2.99637292756e-07, 1.76398089025e-07, 1.33335806822e-05, 2.75933216471e-05, 6.29736086921e-06, 3.78463337256e-05, 1.61757525348e-05, 0.000444743927801, 4.22381781391e-05, 4.32437978759e-08, 9.16725113598e-08, 1.65301628385e-07, 1.82575892183e-08, 1.19709531177e-09, 1.93555638184e-09, 1.1967567215e-10, 5.98120442064e-10, 2.88665757964e-10, 8.7690670697e-12, 8.76621434405e-14, 5.24194216815e-15, 8.20827534576e-17, 1.43487443303e-18, 1.27150191936e-18, 1.43443426955e-18]}, "erbbands": {"dmean": [0.00246731657535, 0.0708086937666, 0.315941572189, 0.312593460083, 1.51859366894, 4.72632694244, 11.82310009, 11.6234798431, 9.58293056488, 14.9060974121, 32.5365715027, 18.7031116486, 36.6136016846, 122.546531677, 11.8255815506, 2.54949975014, 3.05751943588, 4.98545312881, 2.31886672974, 1.06083643436, 0.648472487926, 0.577166259289, 0.251027464867, 0.307471722364, 0.191849887371, 0.182664871216, 0.043568816036, 0.00849183928221, 0.00284585403278, 0.000990510801785, 0.00028559731436, 0.000103036756627, 2.3367758331e-05, 1.34642486955e-05, 9.2687232609e-06, 6.17543582848e-06, 3.40724295711e-06, 9.94315882963e-07, 4.11836117564e-06, 9.51563833951e-06], "dmean2": [0.00373900448903, 0.119844071567, 0.53165358305, 0.514541387558, 2.51527690887, 7.34137582779, 17.7262496948, 18.6489772797, 14.0318145752, 23.5742893219, 42.6484260559, 22.6934070587, 42.7594871521, 145.210586548, 14.481798172, 3.50862407684, 4.16286897659, 6.6462688446, 3.1521923542, 1.56526052952, 0.951079726219, 0.82658302784, 0.362582981586, 0.384302437305, 0.237976372242, 0.253427267075, 0.060041744262, 0.0129556348547, 0.0041353655979, 0.00140261254273, 0.000422217242885, 0.000166556346812, 3.87968248106e-05, 2.17011474888e-05, 1.42141270771e-05, 9.04512398847e-06, 4.83157009512e-06, 1.46604645579e-06, 5.23677272213e-06, 1.21869506984e-05], "dvar": [2.60463584709e-05, 0.0199917517602, 0.366288483143, 0.461590856314, 9.60558128357, 86.5407180786, 922.935668945, 595.193969727, 342.477996826, 1704.46044922, 8793.27246094, 2521.96728516, 8352.65332031, 297653.03125, 2243.12597656, 31.4580059052, 66.5612716675, 194.410842896, 26.9128055573, 5.68925523758, 1.98412370682, 2.52743911743, 0.352135568857, 0.832074820995, 0.250399649143, 0.558014690876, 0.0256424695253, 0.000946905580349, 0.000175879817107, 1.70516832441e-05, 1.46262175349e-06, 2.69828177579e-07, 3.91760135443e-09, 3.52786105884e-10, 1.8638426913e-10, 1.00401485736e-10, 3.50986149866e-11, 3.14143134249e-12, 7.39924718718e-11, 3.85717180418e-10], "dvar2": [4.93500556331e-05, 0.0529263839126, 0.998176753521, 1.19479990005, 24.4674072266, 212.168914795, 2082.71313477, 1580.85705566, 751.370056152, 4298.29785156, 15893.6630859, 4400.15039062, 14049.2841797, 529538, 4236.74072266, 73.4765853882, 137.89251709, 382.396026611, 53.2551574707, 13.3282594681, 4.57016611099, 5.29210424423, 0.777639985085, 1.29594087601, 0.489510029554, 1.30310106277, 0.0492223054171, 0.00226436252706, 0.00039728183765, 3.82724392693e-05, 3.39111625181e-06, 7.09631706286e-07, 1.06335447114e-08, 8.27008017623e-10, 3.75001529829e-10, 1.81464690496e-10, 6.1178902222e-11, 5.62442193514e-12, 1.36474595513e-10, 7.18512027653e-10], "max": [0.185188293457, 2.96909379959, 9.75199890137, 11.3085212708, 54.3965187073, 171.170639038, 660.008117676, 539.950500488, 402.528930664, 865.301940918, 1740.87561035, 1347.38977051, 1537.44482422, 11368.7021484, 1162.98474121, 101.999458313, 168.93460083, 238.233917236, 112.239723206, 67.4841079712, 23.6631469727, 49.7819976807, 12.5519247055, 23.5251274109, 15.912062645, 14.4309844971, 4.85757255554, 0.639001965523, 0.344113618135, 0.0880146920681, 0.0224269293249, 0.0167485456914, 0.00250263884664, 0.000299862411339, 0.000246332230745, 0.000193601226783, 0.000116283874377, 3.52288298018e-05, 0.000164844823303, 0.000372920156224], "mean": [0.0048123630695, 0.103551365435, 0.397607117891, 0.541397213936, 3.19742965698, 13.5124979019, 33.2351493835, 31.662153244, 30.7367534637, 34.3094062805, 83.5233383179, 48.4199829102, 87.5932617188, 231.946594238, 23.9308357239, 6.23005580902, 7.39503479004, 10.6427297592, 5.00743484497, 2.41046762466, 1.20086336136, 0.999926626682, 0.546160519123, 0.668431758881, 0.376238793135, 0.253174543381, 0.0672413483262, 0.011546779424, 0.0035731610842, 0.00123769498896, 0.000326943059918, 0.000111760673462, 3.72110589524e-05, 2.62072608166e-05, 2.0825476895e-05, 1.55342295329e-05, 9.09033951757e-06, 2.27488544624e-06, 1.191931824e-05, 2.74854646705e-05], "median": [0.00134519732092, 0.0325793772936, 0.200280189514, 0.251569449902, 1.54286599159, 7.1846985817, 17.0629291534, 20.4985637665, 17.4075374603, 16.1915683746, 21.9507484436, 16.7978229523, 23.8658618927, 13.8498277664, 5.13106203079, 3.35922503471, 2.51983308792, 3.72006797791, 2.41569924355, 1.15245819092, 0.57785487175, 0.411728471518, 0.266429394484, 0.176577210426, 0.10342194885, 0.0459393784404, 0.0146254710853, 0.00249839923345, 0.000586626760196, 0.000184738935786, 6.29985079286e-05, 3.31214650942e-05, 2.25557869271e-05, 1.84281834663e-05, 1.51398598973e-05, 1.14495433081e-05, 6.69164683131e-06, 1.5274819134e-06, 8.81484356796e-06, 2.04749212571e-05], "min": [2.30881073339e-21, 1.42842146541e-21, 9.26844567256e-21, 1.71510083899e-20, 3.50436972901e-20, 1.17296201263e-19, 1.31639810353e-19, 4.21342436182e-19, 1.37749518869e-18, 5.79153090818e-19, 4.62094626433e-19, 1.2712611064e-18, 4.46687250151e-18, 3.07785199855e-18, 1.35207634205e-18, 2.91436285241e-18, 2.37366859359e-18, 6.76678656976e-18, 5.87187144556e-18, 8.71368931748e-18, 7.1841074606e-18, 7.95727400633e-18, 7.40164520835e-18, 1.00882839973e-17, 1.76951717408e-17, 1.47439335903e-17, 1.12599332227e-17, 2.31181595649e-17, 2.47892728518e-17, 1.74673364216e-17, 1.432834647e-17, 1.5977201981e-17, 1.19471772094e-17, 9.43623819999e-18, 7.53026352179e-18, 6.64692396309e-18, 3.96704654842e-18, 1.5614441303e-18, 3.73463361171e-19, 3.40438847299e-20], "var": [0.000148444378283, 0.0437481403351, 0.355648368597, 0.758608996868, 19.4418716431, 264.14630127, 2242.75463867, 1491.96325684, 1466.17407227, 3059.7578125, 27126.6445312, 8531.74804688, 26066.8242188, 676712.75, 4973.82763672, 70.6611633301, 181.411132812, 453.493621826, 63.3483314514, 13.9430303574, 3.34557652473, 4.6174030304, 0.759858191013, 2.76734828949, 0.616057813168, 0.66314893961, 0.0428909510374, 0.00114189018495, 0.000192518898984, 1.93835548998e-05, 1.59082333084e-06, 2.14034102441e-07, 3.87485110664e-09, 7.2817879504e-10, 4.48556386479e-10, 2.52923959554e-10, 8.82160733351e-11, 7.87738971275e-12, 1.63734734104e-10, 8.43558334296e-10]}, "gfcc": {"mean": [-194.073257446, 241.369155884, -142.085357666, -46.2100601196, -29.1656017303, -50.1152458191, -13.757938385, -11.9833879471, -16.0981216431, -7.475066185, -4.62211894989, -13.6551628113, 5.43747425079], "cov": [[12647.8759766, 2131.52050781, -2388.43432617, 147.936569214, 650.159301758, -344.130615234, 844.245605469, -266.675323486, -126.518081665, -179.165603638, -24.0696983337, -315.748016357, -12.6782588959], [2131.52050781, 1005.51690674, -148.197494507, -243.347518921, 307.865570068, -22.377325058, 32.4989509583, -24.5115795135, -29.2876148224, -57.465675354, 17.6733570099, -75.7089385986, 17.7077960968], [-2388.43432617, -148.197494507, 824.362426758, -112.199531555, -54.1159439087, 167.408218384, -210.703430176, 62.0243797302, -14.4728183746, -42.8373565674, -21.318567276, 70.2434844971, 61.0981712341], [147.936569214, -243.347518921, -112.199531555, 476.213409424, -63.5499916077, -104.219291687, 64.9093551636, -26.2972488403, 63.4588050842, 66.0560836792, -24.2746334076, -71.4521560669, -133.597457886], [650.159301758, 307.865570068, -54.1159439087, -63.5499916077, 191.728683472, 21.692483902, 18.9625110626, 15.3668775558, -13.0755262375, -5.37757730484, 26.5644664764, -19.901184082, 13.7300615311], [-344.130615234, -22.377325058, 167.408218384, -104.219291687, 21.692483902, 242.605178833, 54.6314315796, 10.9485988617, 3.38045334816, -56.724395752, -43.0634841919, 45.6409492493, 72.3167877197], [844.245605469, 32.4989509583, -210.703430176, 64.9093551636, 18.9625110626, 54.6314315796, 252.201751709, 62.2787590027, -4.37857341766, -29.2994270325, -37.7694358826, -23.8814945221, 4.19946050644], [-266.675323486, -24.5115795135, 62.0243797302, -26.2972488403, 15.3668775558, 10.9485988617, 62.2787590027, 147.834121704, 31.4260082245, 16.5915565491, 28.973072052, 0.152773007751, -14.1404008865], [-126.518081665, -29.2876148224, -14.4728183746, 63.4588050842, -13.0755262375, 3.38045334816, -4.37857341766, 31.4260082245, 101.939155579, 67.4065628052, 15.3550138474, -11.8491353989, -57.3740997314], [-179.165603638, -57.465675354, -42.8373565674, 66.0560836792, -5.37757730484, -56.724395752, -29.2994270325, 16.5915565491, 67.4065628052, 106.84551239, 51.8707389832, -16.9592666626, -53.6092758179], [-24.0696983337, 17.6733570099, -21.318567276, -24.2746334076, 26.5644664764, -43.0634841919, -37.7694358826, 28.973072052, 15.3550138474, 51.8707389832, 86.4287567139, 26.9063205719, 0.363043725491], [-315.748016357, -75.7089385986, 70.2434844971, -71.4521560669, -19.901184082, 45.6409492493, -23.8814945221, 0.152773007751, -11.8491353989, -16.9592666626, 26.9063205719, 113.832298279, 87.2023162842], [-12.6782588959, 17.7077960968, 61.0981712341, -133.597457886, 13.7300615311, 72.3167877197, 4.19946050644, -14.1404008865, -57.3740997314, -53.6092758179, 0.363043725491, 87.2023162842, 143.312393188]], "icov": [[0.000582900305744, -0.00108345400076, 0.00129765609745, -0.000680571771227, 0.000261879409663, -5.45981201867e-05, -0.000567193957977, 0.00045636142022, -0.000447518570581, 0.00149303732906, -0.00108434876893, 0.000888757582288, -0.00109681324102], [-0.00108345400076, 0.00666269985959, -0.00474747736007, 0.00481880642474, -0.00742379995063, 0.00578785967082, -0.00433909054846, 0.00590950017795, -0.00799425505102, 0.00458683725446, -0.00224152300507, 0.00228208769113, 0.00123034080025], [0.00129765609745, -0.00474747736007, 0.00845417939126, -0.00482297828421, 0.00486645940691, -0.00755470665172, 0.00837190635502, -0.00861691869795, 0.00761763704941, -0.00187726481818, 0.00328941829503, -0.000499422138091, -0.00250549940392], [-0.000680571771227, 0.00481880642474, -0.00482297828421, 0.007847385481, -0.00542806368321, 0.00718059530482, -0.00765606528148, 0.00834105722606, -0.00809243507683, 0.00279962946661, -0.00147468887735, 0.000509057892486, 0.00416145799682], [0.000261879409663, -0.00742379995063, 0.00486645940691, -0.00542806368321, 0.0176510568708, -0.0104675628245, 0.00840639695525, -0.0104493182153, 0.0129019804299, -0.00827141106129, 0.000600461673457, -0.000383128761314, -0.00157802470494], [-5.45981201867e-05, 0.00578785967082, -0.00755470665172, 0.00718059530482, -0.0104675628245, 0.0191708020866, -0.014978967607, 0.0148717202246, -0.0203496757895, 0.0132929617539, -0.00523547967896, 0.00346110714599, -0.00283704302274], [-0.000567193957977, -0.00433909054846, 0.00837190635502, -0.00765606528148, 0.00840639695525, -0.014978967607, 0.0239479802549, -0.0217606499791, 0.0182041767985, -0.0120954671875, 0.0137310037389, -0.00432057166472, -0.000958457181696], [0.00045636142022, 0.00590950017795, -0.00861691869795, 0.00834105722606, -0.0104493182153, 0.0148717202246, -0.0217606499791, 0.0294709764421, -0.0236275680363, 0.0171383172274, -0.0180790275335, 0.00757739599794, 0.000188622958376], [-0.000447518570581, -0.00799425505102, 0.00761763704941, -0.00809243507683, 0.0129019804299, -0.0203496757895, 0.0182041767985, -0.0236275680363, 0.0496338196099, -0.0362287946045, 0.0211754180491, -0.0174059923738, 0.013180389069], [0.00149303732906, 0.00458683725446, -0.00187726481818, 0.00279962946661, -0.00827141106129, 0.0132929617539, -0.0120954671875, 0.0171383172274, -0.0362287946045, 0.0491765700281, -0.0304581541568, 0.0171780213714, -0.00737795839086], [-0.00108434876893, -0.00224152300507, 0.00328941829503, -0.00147468887735, 0.000600461673457, -0.00523547967896, 0.0137310037389, -0.0180790275335, 0.0211754180491, -0.0304581541568, 0.0420757457614, -0.0199011024088, 0.00688873929903], [0.000888757582288, 0.00228208769113, -0.000499422138091, 0.000509057892486, -0.000383128761314, 0.00346110714599, -0.00432057166472, 0.00757739599794, -0.0174059923738, 0.0171780213714, -0.0199011024088, 0.0320712849498, -0.0203581955284], [-0.00109681324102, 0.00123034080025, -0.00250549940392, 0.00416145799682, -0.00157802470494, -0.00283704302274, -0.000958457181696, 0.000188622958376, 0.013180389069, -0.00737795839086, 0.00688873929903, -0.0203581955284, 0.0281925406307]]}, "melbands": {"dmean": [4.4186366722e-05, 0.000140950272908, 7.52512351028e-05, 0.000218623579713, 0.000365678977687, 0.000270451797405, 0.000148655293742, 0.000182351664989, 0.000260434724623, 0.000108138912765, 0.00018825873849, 0.000525394454598, 5.36895895493e-05, 6.12045369053e-06, 5.03221826875e-06, 7.83547875471e-06, 1.00229663076e-05, 3.86024476029e-06, 2.18606351154e-06, 9.51049912601e-07, 8.04692774636e-07, 6.87221643147e-07, 4.30001705354e-07, 1.49302806562e-07, 2.97404881167e-07, 9.92891742158e-08, 1.67338100709e-07, 1.11334301778e-07, 3.14663211043e-08, 1.30862831682e-08, 2.04116590297e-09, 1.84340009923e-09, 8.45158776297e-10, 4.51670922885e-10, 1.49348616807e-10, 1.42651432333e-10, 3.20562118516e-11, 1.45519100242e-11, 1.01364350941e-11, 8.63989869232e-12], "dmean2": [7.20947646187e-05, 0.000237405620283, 0.000124243393657, 0.000348391971784, 0.000546694442164, 0.000426760147093, 0.000222777627641, 0.000285155052552, 0.000337019184371, 0.000129200008814, 0.000221573398449, 0.000622789317276, 6.58998542349e-05, 8.65252786753e-06, 7.18149931345e-06, 1.05720546344e-05, 1.33686098707e-05, 5.262500963e-06, 3.09988013214e-06, 1.41393968534e-06, 1.2038829027e-06, 9.97926349555e-07, 6.19319507678e-07, 2.15470691955e-07, 3.64915479167e-07, 1.25335830603e-07, 2.10741347928e-07, 1.57768369036e-07, 4.19439594168e-08, 1.92292919365e-08, 3.35340155644e-09, 2.70714783923e-09, 1.22030130445e-09, 6.30320518002e-10, 2.24627982881e-10, 2.23818560907e-10, 5.64700126937e-11, 2.61677225027e-11, 1.85653922791e-11, 1.59469347449e-11], "dvar": [8.16759548883e-09, 7.25547693037e-08, 2.60186023837e-08, 1.67453393374e-07, 7.20619198091e-07, 2.96754166129e-07, 7.84504265994e-08, 2.43846187686e-07, 5.53239772216e-07, 8.70996643698e-08, 2.470865752e-07, 5.68779341847e-06, 9.27106214021e-08, 2.36272917897e-10, 1.87790075157e-10, 5.2103554804e-10, 9.08929709276e-10, 7.95175730817e-11, 3.34274483094e-11, 5.25002177149e-12, 3.38497632701e-12, 3.74738738304e-12, 1.78450364294e-12, 1.95729622289e-13, 8.69263103338e-13, 1.12220271324e-13, 2.37947411341e-13, 2.49774674685e-13, 1.54389542329e-14, 3.15436403634e-15, 6.47449551743e-17, 8.33214134115e-17, 3.05634104264e-17, 3.60005711631e-18, 4.57554076954e-19, 7.61809769514e-19, 5.11949803616e-20, 1.96001112574e-21, 2.81591586779e-22, 1.52136811173e-22], "dvar2": [1.92166815793e-08, 1.98461094669e-07, 6.64241710524e-08, 4.13055772697e-07, 1.62982939855e-06, 7.53861911562e-07, 1.81998998983e-07, 6.07312074408e-07, 9.98727614387e-07, 1.47329657807e-07, 4.21500914172e-07, 1.00857569123e-05, 1.79694950475e-07, 5.32660693331e-10, 4.26247065421e-10, 1.03084485392e-09, 1.77257331035e-09, 1.58832696995e-10, 7.14239778432e-11, 1.17836356991e-11, 7.99161344739e-12, 7.95315896474e-12, 3.79214715185e-12, 5.27381523868e-13, 1.31145799515e-12, 2.43635569618e-13, 3.94875809568e-13, 5.92510361521e-13, 2.84839731283e-14, 6.91355787791e-15, 1.73272990453e-16, 1.98813879314e-16, 6.32629982412e-17, 7.89660609866e-18, 1.08956633536e-18, 1.86001817772e-18, 1.41783590828e-19, 5.4650486173e-21, 8.4658522767e-22, 4.71048561719e-22], "max": [0.00264154700562, 0.00451232353225, 0.00269230338745, 0.00566513696685, 0.0182019099593, 0.0114189395681, 0.00539559032768, 0.0110352709889, 0.0151912607253, 0.00732602644712, 0.00858847424388, 0.0501781143248, 0.00852340832353, 0.000370549503714, 0.0003433774109, 0.000397660303861, 0.000541014655028, 0.000155715140863, 0.000188080535736, 5.70435840928e-05, 2.87670682155e-05, 5.6263859733e-05, 3.38344289048e-05, 1.20704262372e-05, 2.43737686105e-05, 1.31250226332e-05, 1.6401612811e-05, 9.85901533568e-06, 3.7997920117e-06, 1.2899356534e-06, 2.32095302977e-07, 2.96165779901e-07, 1.67903834836e-07, 4.15769143558e-08, 1.71898726364e-08, 2.03235259733e-08, 9.57593115913e-09, 1.58544999351e-09, 5.52861867398e-10, 1.3298301349e-10], "mean": [7.43648342905e-05, 0.000188688543858, 0.000133260764414, 0.000567982031498, 0.00106510613114, 0.000742165721022, 0.000460896320874, 0.000410869746702, 0.000668191176374, 0.000274971389445, 0.000440697593149, 0.000986318453215, 0.000104314880446, 1.53544988279e-05, 1.21526854855e-05, 1.77281744982e-05, 2.07014418265e-05, 7.86534201325e-06, 5.08248513142e-06, 1.87527609796e-06, 1.35385857902e-06, 1.10605606096e-06, 8.07904768862e-07, 3.28039988062e-07, 6.24795518434e-07, 1.97368720478e-07, 2.80124510255e-07, 1.38178322118e-07, 4.81201851699e-08, 1.62831650385e-08, 2.61768828835e-09, 2.1604207312e-09, 1.01173613931e-09, 5.56789447881e-10, 1.62665311776e-10, 1.28192137461e-10, 2.98248994945e-11, 1.37440909348e-11, 8.98678267219e-12, 7.45915829103e-12], "median": [2.02316150535e-05, 9.00976228877e-05, 5.99930208409e-05, 0.000286820111796, 0.000646685482934, 0.000498979177792, 0.000253894424532, 0.00018359394744, 0.000155617424753, 7.74126383476e-05, 0.000101543519122, 4.68609869131e-05, 1.43489296534e-05, 7.12321616447e-06, 5.21192714587e-06, 4.26177120971e-06, 5.74999603487e-06, 3.42850330526e-06, 2.1072492018e-06, 7.09179857949e-07, 5.63905700801e-07, 3.91002913602e-07, 2.52042610782e-07, 1.30959961098e-07, 1.2139814487e-07, 3.97352977188e-08, 5.97533471591e-08, 1.72923098063e-08, 7.15416881292e-09, 2.48465537034e-09, 5.58946666729e-10, 2.87864398985e-10, 9.78110509253e-11, 5.81025574875e-11, 2.27598061925e-11, 1.2628235263e-11, 7.45303298244e-12, 5.09112283581e-12, 3.97232724145e-12, 3.19624231596e-12], "min": [1.65751777313e-23, 3.44195829609e-24, 3.67432516433e-24, 5.31142098524e-24, 5.62415384706e-24, 9.07845426644e-24, 1.94025640784e-23, 5.93416001116e-24, 3.800178061e-24, 9.2563700107e-24, 2.27401982808e-23, 1.35588418425e-23, 3.91070260142e-24, 7.71155474406e-24, 5.31350239474e-24, 5.96268561593e-24, 1.3469837822e-23, 8.35019207824e-24, 1.48053556687e-23, 7.22360325341e-24, 8.82701431923e-24, 8.94927198233e-24, 5.60139520994e-24, 8.36739713458e-24, 7.24829065544e-24, 1.64731606613e-23, 9.07605060726e-24, 9.9018049593e-24, 6.4526968224e-24, 8.34974479411e-24, 1.45438561672e-23, 1.38609440147e-23, 1.13225395053e-23, 8.92193795196e-24, 7.30719095493e-24, 9.33083926902e-24, 1.03764775543e-23, 8.24562067664e-24, 7.60371745832e-24, 8.0042584275e-24], "var": [3.00564479971e-08, 8.20957097858e-08, 4.34637215108e-08, 4.81284757825e-07, 1.79526693955e-06, 7.69086398122e-07, 3.28996975441e-07, 4.38468589437e-07, 1.71127146587e-06, 3.06645915771e-07, 7.3713619031e-07, 1.29365489556e-05, 1.98251484562e-07, 6.06058425667e-10, 4.42974268378e-10, 1.37163658209e-09, 2.16074713677e-09, 1.74919120854e-10, 8.8946752741e-11, 1.06594663651e-11, 5.1414254798e-12, 6.52362148676e-12, 3.41854582836e-12, 3.90807313811e-13, 2.92729794397e-12, 2.20311358675e-13, 7.02309738143e-13, 2.62507572103e-13, 2.7102375994e-14, 3.85925236131e-15, 6.8227101003e-17, 8.15121576537e-17, 3.44525390427e-17, 4.65810590578e-18, 4.67576921039e-19, 6.75976287578e-19, 3.62328922053e-20, 1.62796455082e-21, 2.48856610759e-22, 1.29991213644e-22]}, "mfcc": {"mean": [-805.260498047, 243.728042603, -14.8947706223, -10.3077878952, -5.6562666893, -25.6891136169, -8.17600822449, -10.7884302139, -7.35939455032, 3.38464713097, -6.17225313187, -9.27850818634, -4.85007238388], "cov": [[4600.9453125, 2209.25732422, -1156.30627441, 332.17880249, 1.69072401524, -272.889129639, 195.945098877, -130.387802124, -23.1174659729, 141.937042236, -45.5775604248, 8.02955150604, -15.1930704117], [2209.25732422, 1585.22814941, -203.922943115, -104.449821472, 76.5859298706, -65.3205795288, 8.5634098053, -13.1811275482, -19.4720592499, 18.2304573059, -69.2188720703, -95.4586105347, -42.0570716858], [-1156.30627441, -203.922943115, 661.085754395, -140.268493652, 26.8966903687, 146.628692627, -85.2451400757, 69.5064468384, 35.3620262146, -61.4475517273, -13.4268121719, -64.316986084, -48.1452941895], [332.17880249, -104.449821472, -140.268493652, 358.354919434, 13.9639530182, -68.1193618774, 78.6173477173, -44.4922294617, -5.94766283035, 54.0532264709, 50.589389801, 91.6741104126, 24.3115329742], [1.69072401524, 76.5859298706, 26.8966903687, 13.9639530182, 136.967330933, 37.657459259, -36.5641708374, -19.2709789276, -39.0494270325, -9.87664699554, 8.94095039368, 7.63897037506, 21.3400650024], [-272.889129639, -65.3205795288, 146.628692627, -68.1193618774, 37.657459259, 166.518981934, 5.24681806564, 17.0471782684, 52.5212860107, -18.6857948303, -31.1716537476, -55.349319458, -52.7461090088], [195.945098877, 8.5634098053, -85.2451400757, 78.6173477173, -36.5641708374, 5.24681806564, 129.868667603, 57.6388511658, 49.3976593018, 49.8109664917, -13.0801334381, -18.7511253357, -18.5225753784], [-130.387802124, -13.1811275482, 69.5064468384, -44.4922294617, -19.2709789276, 17.0471782684, 57.6388511658, 118.853775024, 70.834022522, 2.35540604591, -22.6601467133, -37.0496559143, -9.98096656799], [-23.1174659729, -19.4720592499, 35.3620262146, -5.94766283035, -39.0494270325, 52.5212860107, 49.3976593018, 70.834022522, 117.113456726, 30.2603740692, -25.6466884613, -27.5041828156, -37.1630935669], [141.937042236, 18.2304573059, -61.4475517273, 54.0532264709, -9.87664699554, -18.6857948303, 49.8109664917, 2.35540604591, 30.2603740692, 123.775337219, 74.3516311646, 14.13646698, -5.9275188446], [-45.5775604248, -69.2188720703, -13.4268121719, 50.589389801, 8.94095039368, -31.1716537476, -13.0801334381, -22.6601467133, -25.6466884613, 74.3516311646, 143.360992432, 87.6819992065, 19.5384712219], [8.02955150604, -95.4586105347, -64.316986084, 91.6741104126, 7.63897037506, -55.349319458, -18.7511253357, -37.0496559143, -27.5041828156, 14.13646698, 87.6819992065, 162.592376709, 103.856109619], [-15.1930704117, -42.0570716858, -48.1452941895, 24.3115329742, 21.3400650024, -52.7461090088, -18.5225753784, -9.98096656799, -37.1630935669, -5.9275188446, 19.5384712219, 103.856109619, 175.451278687]], "icov": [[2.68524837494, -3.75235342979, 3.63344907761, -3.41921782494, 3.15392947197, -2.82313942909, 2.44991064072, -2.04387569427, 1.59563684464, -1.17926979065, 0.83265131712, -0.463047593832, 0.193435177207], [-3.75235342979, 5.24439954758, -5.07745695114, 4.77906656265, -4.40917730331, 3.9471411705, -3.42550492287, 2.85848474503, -2.2319715023, 1.64912748337, -1.16439926624, 0.648121237755, -0.270448416471], [3.63344907761, -5.07745695114, 4.9202003479, -4.62918901443, 4.27175521851, -3.82726383209, 3.32459759712, -2.77626085281, 2.1671435833, -1.60129463673, 1.1310043335, -0.629227697849, 0.263446927071], [-3.41921782494, 4.77906656265, -4.62918901443, 4.36402654648, -4.02641439438, 3.60819840431, -3.13891220093, 2.62293481827, -2.04896497726, 1.51387226582, -1.07007348537, 0.593426764011, -0.248156756163], [3.15392947197, -4.40917730331, 4.27175521851, -4.02641439438, 3.72924590111, -3.34000301361, 2.90604043007, -2.43264460564, 1.90726411343, -1.40867984295, 0.997095167637, -0.556435883045, 0.231768533587], [-2.82313942909, 3.9471411705, -3.82726383209, 3.60819840431, -3.34000301361, 3.0061852932, -2.61397767067, 2.19477629662, -1.72392380238, 1.2740790844, -0.903830349445, 0.507479012012, -0.211473077536], [2.44991064072, -3.42550492287, 3.32459759712, -3.13891220093, 2.90604043007, -2.61397767067, 2.30020499229, -1.92970359325, 1.5103802681, -1.12571835518, 0.801509678364, -0.448224663734, 0.189978152514], [-2.04387569427, 2.85848474503, -2.77626085281, 2.62293481827, -2.43264460564, 2.19477629662, -1.92970359325, 1.64181649685, -1.2896078825, 0.955836355686, -0.68502420187, 0.389975428581, -0.167107596993], [1.59563684464, -2.2319715023, 2.1671435833, -2.04896497726, 1.90726411343, -1.72392380238, 1.5103802681, -1.2896078825, 1.03241682053, -0.762031912804, 0.550115585327, -0.315440028906, 0.135990276933], [-1.17926979065, 1.64912748337, -1.60129463673, 1.51387226582, -1.40867984295, 1.2740790844, -1.12571835518, 0.955836355686, -0.762031912804, 0.5835916996, -0.422324717045, 0.241797655821, -0.103882998228], [0.83265131712, -1.16439926624, 1.1310043335, -1.07007348537, 0.997095167637, -0.903830349445, 0.801509678364, -0.68502420187, 0.550115585327, -0.422324717045, 0.319913387299, -0.187096789479, 0.0816486626863], [-0.463047593832, 0.648121237755, -0.629227697849, 0.593426764011, -0.556435883045, 0.507479012012, -0.448224663734, 0.389975428581, -0.315440028906, 0.241797655821, -0.187096789479, 0.124352514744, -0.055942453444], [0.193435177207, -0.270448416471, 0.263446927071, -0.248156756163, 0.231768533587, -0.211473077536, 0.189978152514, -0.167107596993, 0.135990276933, -0.103882998228, 0.0816486626863, -0.055942453444, 0.0324009358883]]}, "spectral_contrast_coeffs": {"dmean": [0.0429578796029, 0.0413873195648, 0.0372104942799, 0.032311335206, 0.0316541865468, 0.0605247355998], "dmean2": [0.0698277205229, 0.0661323070526, 0.0556605607271, 0.0501185543835, 0.0517671853304, 0.105393767357], "dvar": [0.00134604272898, 0.00187101343181, 0.00172962050419, 0.00136935117189, 0.00159794033971, 0.00231897761114], "dvar2": [0.00346995540895, 0.00441550882533, 0.00368514331058, 0.00313961459324, 0.00381669355556, 0.00669426424429], "max": [-0.280275225639, -0.345066308975, -0.313571959734, -0.515059113503, -0.554937243462, -0.56636017561], "mean": [-0.571732342243, -0.613694787025, -0.622116267681, -0.687811732292, -0.693545460701, -0.82849919796], "median": [-0.567971289158, -0.608722567558, -0.628519594669, -0.68034029007, -0.681666612625, -0.838693141937], "min": [-0.975154876709, -0.957760453224, -0.972376585007, -0.950869977474, -0.958453297615, -0.963921844959], "var": [0.0079177217558, 0.00670265592635, 0.0112351896241, 0.00480383867398, 0.00382907595485, 0.00529245706275]}, "spectral_contrast_valleys": {"dmean": [0.481637656689, 0.381342887878, 0.399207353592, 0.442838162184, 0.506048381329, 1.01371788979], "dmean2": [0.759035646915, 0.582242906094, 0.586822152138, 0.667865276337, 0.777077436447, 1.8124191761], "dvar": [0.231787845492, 0.26114705205, 0.285642266273, 0.376018196344, 0.514689564705, 0.632355868816], "dvar2": [0.430348753929, 0.425739824772, 0.524434924126, 0.748291730881, 1.14838850498, 1.87846291065], "max": [-6.15743541718, -4.81392669678, -5.77640724182, -7.02477741241, -7.93713521957, -12.1612539291], "mean": [-8.53135871887, -7.13323450089, -8.50414848328, -9.83990955353, -11.3648376465, -14.4679880142], "median