{"lowlevel": {"average_loudness": 0.71535128355, "barkbands_crest": {"dmean": 2.28056907654, "dmean2": 3.59616661072, "dvar": 5.73026752472, "dvar2": 12.8130016327, "max": 26.5901088715, "mean": 13.996963501, "median": 13.4715518951, "min": 4.45891666412, "var": 20.1448364258}, "barkbands_flatness_db": {"dmean": 0.026157265529, "dmean2": 0.0441146530211, "dvar": 0.000509135716129, "dvar2": 0.00133421679493, "max": 0.585516631603, "mean": 0.431613236666, "median": 0.43993127346, "min": 0.0680864304304, "var": 0.00445384671912}, "barkbands_kurtosis": {"dmean": 2.33222913742, "dmean2": 3.61787843704, "dvar": 13.0087957382, "dvar2": 27.0035533905, "max": 157.559494019, "mean": 5.29182243347, "median": 2.88113975525, "min": -1.87383973598, "var": 62.97889328}, "barkbands_skewness": {"dmean": 0.435172855854, "dmean2": 0.649893343449, "dvar": 0.215289384127, "dvar2": 0.434068590403, "max": 8.74627590179, "mean": 0.3080265522, "median": 0.386566400528, "min": -5.41267538071, "var": 2.08753037453}, "barkbands_spread": {"dmean": 0.696206986904, "dmean2": 1.0624024868, "dvar": 0.949199557304, "dvar2": 2.00565004349, "max": 97.6993026733, "mean": 3.54957842827, "median": 2.52170610428, "min": 0.156676203012, "var": 32.6392440796}, "dissonance": {"dmean": 0.0603160336614, "dmean2": 0.1021431759, "dvar": 0.00327725335956, "dvar2": 0.00859330035746, "max": 0.499974489212, "mean": 0.335337728262, "median": 0.339594304562, "min": 0.0573399141431, "var": 0.00798737537116}, "dynamic_complexity": 3.22473740578, "erbbands_crest": {"dmean": 2.7327811718, "dmean2": 4.24444723129, "dvar": 8.33526420593, "dvar2": 18.2628421783, "max": 33.0279006958, "mean": 16.869758606, "median": 16.4977149963, "min": 2.04471421242, "var": 35.8218612671}, "erbbands_flatness_db": {"dmean": 0.0186519771814, "dmean2": 0.030536595732, "dvar": 0.000310457544401, "dvar2": 0.000722974655218, "max": 0.610447824001, "mean": 0.452363044024, "median": 0.46323171258, "min": 0.0633869916201, "var": 0.00626609474421}, "erbbands_kurtosis": {"dmean": 1.92216324806, "dmean2": 2.932523489, "dvar": 7.64102697372, "dvar2": 16.1089611053, "max": 58.2541236877, "mean": 4.35560941696, "median": 2.80969786644, "min": -1.80306661129, "var": 28.2837162018}, "erbbands_skewness": {"dmean": 0.387027263641, "dmean2": 0.571140408516, "dvar": 0.176660045981, "dvar2": 0.333230376244, "max": 5.63279056549, "mean": 0.578974485397, "median": 0.637108445168, "min": -4.26008653641, "var": 1.29647576809}, "erbbands_spread": {"dmean": 1.18865323067, "dmean2": 1.78993797302, "dvar": 2.50786280632, "dvar2": 5.74732160568, "max": 103.045173645, "mean": 6.77335548401, "median": 4.58671092987, "min": 0.458693951368, "var": 86.7687606812}, "hfc": {"dmean": 3.49043273926, "dmean2": 4.84571838379, "dvar": 23.1489067078, "dvar2": 47.6969184875, "max": 102.606552124, "mean": 10.6524991989, "median": 8.17456626892, "min": 1.15018656847e-16, "var": 84.9700012207}, "melbands_crest": {"dmean": 2.60230469704, "dmean2": 4.09148406982, "dvar": 7.53495311737, "dvar2": 17.3910331726, "max": 32.8627433777, "mean": 15.5823764801, "median": 14.7518262863, "min": 1.80888044834, "var": 31.7818241119}, "melbands_flatness_db": {"dmean": 0.0289014223963, "dmean2": 0.0489750690758, "dvar": 0.000666880863719, "dvar2": 0.00174249836709, "max": 0.700875282288, "mean": 0.538386642933, "median": 0.556114077568, "min": 0.00592021737248, "var": 0.0113879069686}, "melbands_kurtosis": {"dmean": 1.75232601166, "dmean2": 2.68652534485, "dvar": 6.49719047546, "dvar2": 13.8898200989, "max": 68.7181167603, "mean": 3.35555505753, "median": 1.79951429367, "min": -1.81078720093, "var": 28.3307189941}, "melbands_skewness": {"dmean": 0.38674223423, "dmean2": 0.575591623783, "dvar": 0.16951456666, "dvar2": 0.348938196898, "max": 6.81771564484, "mean": 0.420652240515, "median": 0.385155946016, "min": -3.43383741379, "var": 1.08688938618}, "melbands_spread": {"dmean": 1.33721673489, "dmean2": 2.0766582489, "dvar": 6.02150297165, "dvar2": 13.1908016205, "max": 178.90385437, "mean": 8.27096271515, "median": 4.74177837372, "min": 0.420626550913, "var": 278.185424805}, "pitch_salience": {"dmean": 0.0635793656111, "dmean2": 0.0998313426971, "dvar": 0.00440054340288, "dvar2": 0.0101389931515, "max": 0.836651861668, "mean": 0.540245175362, "median": 0.539683580399, "min": 0.100721232593, "var": 0.015886394307}, "silence_rate_20dB": {"dmean": 0, "dmean2": 0, "dvar": 0, "dvar2": 0, "max": 1, "mean": 1, "median": 1, "min": 1, "var": 0}, "silence_rate_30dB": {"dmean": 0.00539637682959, "dmean2": 0.0107941403985, "dvar": 0.00536761106923, "dvar2": 0.0132468203083, "max": 1, "mean": 0.995118200779, "median": 1, "min": 0, "var": 0.00485722115263}, "silence_rate_60dB": {"dmean": 0.0154182193801, "dmean2": 0.0308404006064, "dvar": 0.015179714188, "dvar2": 0.0381109490991, "max": 1, "mean": 0.073098666966, "median": 0, "min": 0, "var": 0.0677520036697}, "spectral_centroid": {"dmean": 32.7800674438, "dmean2": 49.026222229, "dvar": 10278.8046875, "dvar2": 13494.2802734, "max": 11264.2607422, "mean": 588.557312012, "median": 472.924621582, "min": 274.357208252, "var": 326632.28125}, "spectral_complexity": {"dmean": 1.1617628336, "dmean2": 1.88075041771, "dvar": 1.46493959427, "dvar2": 3.16509079933, "max": 18, "mean": 8.1339931488, "median": 8, "min": 0, "var": 9.02816581726}, "spectral_decrease": {"dmean": 1.77599734918e-09, "dmean2": 2.4694846168e-09, "dvar": 5.65778552251e-18, "dvar2": 1.15935773499e-17, "max": 9.81374225573e-17, "mean": -5.79234127329e-09, "median": -4.49557857607e-09, "min": -4.62385152389e-08, "var": 2.47420242952e-17}, "spectral_energy": {"dmean": 0.00701334839687, "dmean2": 0.00974944606423, "dvar": 8.81040687091e-05, "dvar2": 0.000180655217264, "max": 0.183821603656, "mean": 0.0228278432041, "median": 0.0177073329687, "min": 1.0544318453e-20, "var": 0.000382747966796}, "spectral_energyband_high": {"dmean": 3.42911157247e-08, "dmean2": 5.04631110232e-08, "dvar": 2.24357614735e-14, "dvar2": 4.47606598867e-14, "max": 4.44147008238e-06, "mean": 5.39537623467e-08, "median": 1.53080108589e-08, "min": 7.5209183842e-21, "var": 3.99000053646e-14}, "spectral_energyband_low": {"dmean": 0.000761867384426, "dmean2": 0.00112242321484, "dvar": 3.99999908041e-06, "dvar2": 7.84397616371e-06, "max": 0.0555922351778, "mean": 0.00177389068995, "median": 0.000356121483492, "min": 6.93653093243e-23, "var": 1.61367970577e-05}, "spectral_energyband_middle_high": {"dmean": 0.000785410404205, "dmean2": 0.00113039149437, "dvar": 5.77919036004e-06, "dvar2": 1.2757353943e-05, "max": 0.0531855896115, "mean": 0.00160792365205, "median": 0.00055683508981, "min": 1.55887245243e-21, "var": 1.14171325549e-05}, "spectral_energyband_middle_low": {"dmean": 0.00633786479011, "dmean2": 0.00888515077531, "dvar": 7.35306966817e-05, "dvar2": 0.000153551576659, "max": 0.174818143249, "mean": 0.0199882816523, "median": 0.0154629899189, "min": 4.79774347829e-22, "var": 0.000308861868689}, "spectral_entropy": {"dmean": 0.16512273252, "dmean2": 0.258669197559, "dvar": 0.033251222223, "dvar2": 0.074701026082, "max": 9.81553173065, "mean": 5.3153719902, "median": 5.20766782761, "min": 3.97477650642, "var": 0.539765059948}, "spectral_flux": {"dmean": 0.0257754493505, "dmean2": 0.0410853810608, "dvar": 0.00089683016995, "dvar2": 0.00216905400157, "max": 0.329250246286, "mean": 0.049555003643, "median": 0.0397228337824, "min": 1.02685533687e-10, "var": 0.00134124641772}, "spectral_kurtosis": {"dmean": 66.6256256104, "dmean2": 116.584281921, "dvar": 3806.09082031, "dvar2": 11500.4638672, "max": 578.839538574, "mean": 223.436065674, "median": 221.017288208, "min": -1.16873967648, "var": 8907.42382812}, "spectral_rms": {"dmean": 0.000699686584994, "dmean2": 0.000959556200542, "dvar": 5.86218902754e-07, "dvar2": 1.19006540444e-06, "max": 0.0133917191997, "mean": 0.00427746633068, "median": 0.00415637437254, "min": 3.20735712295e-12, "var": 3.97421899834e-06}, "spectral_rolloff": {"dmean": 51.2329063416, "dmean2": 90.7203292847, "dvar": 69652.796875, "dvar2": 137663.265625, "max": 19767.4804688, "mean": 1251.83581543, "median": 581.396484375, "min": 322.998046875, "var": 11575148}, "spectral_skewness": {"dmean": 2.10985660553, "dmean2": 3.68701887131, "dvar": 4.13845300674, "dvar2": 11.5617170334, "max": 18.3104820251, "mean": 11.1639986038, "median": 11.8384799957, "min": -0.00557509576902, "var": 11.023765564}, "spectral_spread": {"dmean": 343510.90625, "dmean2": 617194.5, "dvar": 187526561792, "dvar2": 377620955136, "max": 40313600, "mean": 1108449.25, "median": 598923.125, "min": 150173.59375, "var": 5722226032640.0}, "spectral_strongpeak": {"dmean": 0.530352473259, "dmean2": 0.80354809761, "dvar": 0.438237428665, "dvar2": 0.977017819881, "max": 8.19664669037, "mean": 1.62573480606, "median": 1.43955588341, "min": 0, "var": 1.30677652359}, "zerocrossingrate": {"dmean": 0.00208204938099, "dmean2": 0.00262782140635, "dvar": 3.98846204916e-05, "dvar2": 4.68272301077e-05, "max": 0.71484375, "mean": 0.0451356545091, "median": 0.0224609375, "min": 0.009765625, "var": 0.0135203748941}, "barkbands": {"dmean": [5.36811114671e-07, 0.000177257592441, 0.000451868254459, 0.000328334135702, 0.00079048553016, 0.00176885898691, 0.00219744443893, 0.00227797776461, 0.000889509334229, 0.000679740216583, 0.000137806477142, 7.87396493251e-05, 3.88900662074e-05, 1.90422288142e-05, 1.2427683032e-05, 3.10491418531e-06, 7.55434029998e-07, 2.17258843804e-07, 1.40532449677e-07, 2.71115041528e-08, 1.51260888259e-08, 3.21710547091e-09, 1.40373801472e-09, 1.0720304644e-09, 9.97906646205e-10, 9.64720303642e-10, 1.04050357219e-09], "dmean2": [7.82073698247e-07, 0.00022654508939, 0.000706065504346, 0.000510322628543, 0.00110211397987, 0.00267690955661, 0.00320430821739, 0.0032287298236, 0.00111805915367, 0.00096785632195, 0.000214041894651, 0.000109319429612, 5.17612388649e-05, 2.57425181189e-05, 1.6366251657e-05, 4.30531736129e-06, 1.05320589228e-06, 3.29878901084e-07, 1.90621349816e-07, 3.99241564253e-08, 2.20488018954e-08, 5.13081088727e-09, 2.41058639716e-09, 1.96450677947e-09, 1.84248105661e-09, 1.78811399021e-09, 1.92373272867e-09], "dvar": [2.27022697516e-12, 6.87430940616e-07, 1.68059364114e-06, 8.05933439096e-07, 3.27316661242e-06, 1.19493779493e-05, 2.22061044042e-05, 2.98219911201e-05, 4.22703487857e-06, 6.30184194961e-06, 1.69582108356e-07, 3.4215162259e-07, 3.53920484031e-08, 5.6803735049e-09, 9.05968278175e-09, 7.05674130241e-11, 1.39752810019e-11, 1.71782184831e-12, 4.88020865039e-13, 1.68191351281e-14, 4.90891464779e-15, 1.12698435081e-16, 9.22502672956e-18, 2.47269348665e-18, 2.23273190646e-18, 2.12741361651e-18, 2.40968838016e-18], "dvar2": [4.83646412849e-12, 8.57876329974e-07, 3.58266970579e-06, 1.80978520348e-06, 5.81602216698e-06, 2.80276308331e-05, 4.84844676976e-05, 5.72547469346e-05, 5.80772939429e-06, 1.39376434163e-05, 4.07123508239e-07, 5.29357350842e-07, 6.40166391008e-08, 9.28937016198e-09, 1.41928726549e-08, 1.27004032291e-10, 2.64436875175e-11, 3.80488349161e-12, 9.99141849985e-13, 3.67479247173e-14, 9.63314816099e-15, 2.27629093146e-16, 1.82268238816e-17, 7.81511888216e-18, 7.1468942592e-18, 6.8250023005e-18, 7.75096771693e-18], "max": [5.66823182453e-05, 0.0355594083667, 0.0334947146475, 0.0195322241634, 0.0625335723162, 0.0918944701552, 0.112970747054, 0.152099266648, 0.0440631955862, 0.0643055140972, 0.0118347844109, 0.0313455946743, 0.00676664197817, 0.00245165009983, 0.00439531030133, 0.000269267271506, 0.000225675947149, 4.70257291454e-05, 3.03280830849e-05, 4.51425376014e-06, 1.737576099e-06, 3.90537763906e-07, 1.16261730909e-07, 1.91892830514e-08, 1.83280146615e-08, 1.7935489538e-08, 1.92949300981e-08], "mean": [1.16469755085e-06, 0.000405438855523, 0.000995120033622, 0.000677004980389, 0.00203378940932, 0.00448440760374, 0.00568268587813, 0.00475286645815, 0.00199944153428, 0.00128376286011, 0.00023494756897, 0.000128226034576, 7.02680918039e-05, 4.39842951891e-05, 2.54016813415e-05, 7.11159373168e-06, 1.47071216361e-06, 4.12040236597e-07, 2.86958197648e-07, 4.53798172373e-08, 2.14441566726e-08, 3.90059451405e-09, 1.71739211741e-09, 1.05869590872e-09, 9.33334853848e-10, 9.48891520913e-10, 1.28659194409e-09], "median": [3.21599998188e-07, 6.82064455759e-06, 0.000106000647065, 0.000175816283445, 0.000697987619787, 0.00187051179819, 0.0023732050322, 0.00141455489211, 0.000559315201826, 0.000295881967759, 6.43930106889e-05, 2.12634986383e-05, 2.04175539693e-05, 1.25161150208e-05, 7.98028486315e-06, 2.16015723709e-06, 4.03201738663e-07, 8.566173193e-08, 3.88302190402e-08, 1.06950039935e-08, 3.81386922044e-09, 1.15773235443e-09, 7.7731537873e-10, 5.35204880414e-10, 4.41978287302e-10, 4.65957827878e-10, 7.70114749749e-10], "min": [2.20623379936e-23, 3.58027929714e-23, 1.97836154501e-23, 2.96422196252e-24, 1.11864111431e-22, 1.91019676839e-22, 4.86158220482e-23, 5.57960308521e-23, 4.43523065345e-23, 5.41719303313e-23, 3.81507617251e-23, 8.4846723522e-23, 1.10580325505e-22, 1.44132561423e-22, 2.25977296858e-22, 1.66452150113e-22, 1.73870370874e-22, 2.25450009607e-22, 1.81190356364e-22, 3.52536738372e-22, 3.65176511506e-22, 4.65777001876e-22, 5.4974678975e-22, 8.61169839547e-22, 1.15675230993e-21, 1.87506032307e-21, 2.23836770123e-21], "var": [7.02089558366e-12, 3.89165506931e-06, 5.67587585465e-06, 2.20005313167e-06, 1.58315051522e-05, 4.86980352434e-05, 8.13854057924e-05, 7.82249189797e-05, 1.79341386684e-05, 1.14154299808e-05, 3.27276808321e-07, 8.91309412054e-07, 7.17024093433e-08, 1.76894232595e-08, 2.02280396877e-08, 2.37489833355e-10, 2.84507695181e-11, 3.06533075832e-12, 1.1352835989e-12, 2.79956772689e-14, 8.33351501684e-15, 1.87042596271e-16, 2.24696863606e-17, 2.29670543465e-18, 1.93386410652e-18, 1.79839322209e-18, 2.02092548638e-18]}, "erbbands": {"dmean": [0.0011092243949, 0.0565760023892, 0.419560551643, 0.919503509998, 1.80822312832, 2.69039011002, 5.73340320587, 16.5481014252, 29.7779178619, 33.6942024231, 50.0587654114, 16.324098587, 24.948595047, 16.6731071472, 5.39810037613, 3.1412498951, 2.04143023491, 0.978750944138, 0.857892990112, 0.393006920815, 0.111688472331, 0.0310798157007, 0.0173911750317, 0.00745897414163, 0.0046851602383, 0.00153767713346, 0.000768737460021, 0.000413948378991, 0.000130435844767, 6.24866952421e-05, 3.68847613572e-05, 2.57435222011e-05, 1.80230144906e-05, 1.27785597215e-05, 8.59189731273e-06, 5.49233573111e-06, 2.93906191473e-06, 8.16464705622e-07, 3.35595655088e-06, 7.89427940617e-06], "dmean2": [0.00139615754597, 0.0735418945551, 0.632058262825, 1.43814134598, 2.56105613708, 3.67251896858, 8.07323551178, 25.4905738831, 44.0680847168, 48.1365280151, 72.3037033081, 21.5519866943, 31.971075058, 23.4015903473, 8.30730819702, 3.98729252815, 2.65354156494, 1.28515064716, 1.13204991817, 0.530655860901, 0.157205507159, 0.0428582131863, 0.026293175295, 0.010420396924, 0.00635353475809, 0.00226440979168, 0.00111405004282, 0.000579631421715, 0.000202574039577, 0.000104792619823, 6.36707118247e-05, 4.52961721749e-05, 3.1811719964e-05, 2.19874000322e-05, 1.43039687828e-05, 8.74232227943e-06, 4.53353095509e-06, 1.34823289955e-06, 4.6433742682e-06, 1.0966688933e-05], "dvar": [2.66586012003e-05, 0.0594224706292, 1.55006873608, 5.60941267014, 17.4651927948, 54.4084320068, 159.091705322, 1145.41162109, 3795.71582031, 6403.70214844, 16437.5898438, 966.1171875, 5979.61767578, 4516.23535156, 315.444824219, 762.007751465, 96.3761978149, 14.4707984924, 34.6673126221, 1.24075627327, 0.121818400919, 0.0176094397902, 0.0085052261129, 0.00122557906434, 0.000598637445364, 5.57948951609e-05, 1.09574648377e-05, 4.72175406685e-06, 2.31519933891e-07, 2.17731681573e-08, 3.84472587101e-09, 1.43948741815e-09, 6.48362918909e-10, 3.06731362532e-10, 1.30030694545e-10, 4.95750038243e-11, 1.38251771142e-11, 1.16007182159e-12, 1.99907590481e-11, 1.11443285156e-10], "dvar2": [2.96840844385e-05, 0.0773467123508, 3.09451055527, 13.0731706619, 33.4751205444, 98.8794784546, 342.617858887, 2817.640625, 8080.22998047, 13095.9990234, 33169.3007812, 1647.74475098, 12461.8779297, 8892.40136719, 774.680969238, 999.815002441, 172.098098755, 23.4482250214, 54.4548339844, 2.12315869331, 0.211834579706, 0.0324882827699, 0.0185541491956, 0.00248917448334, 0.00123013765551, 0.000132782864966, 2.125530591e-05, 8.91915624379e-06, 4.84763404529e-07, 3.92177454955e-08, 9.36377198002e-09, 4.14213152666e-09, 1.9665469253e-09, 9.0131901942e-10, 3.61103175139e-10, 1.24656840406e-10, 3.19542448057e-11, 3.13990413531e-12, 4.05335418008e-11, 2.28537938574e-10], "max": [0.204110488296, 10.3925065994, 31.8054275513, 53.6039886475, 113.41594696, 256.507415771, 352.95501709, 918.155944824, 1698.32751465, 2385.75048828, 4096.09423828, 750.688781738, 2379.86962891, 1432.75085449, 594.423522949, 1593.81030273, 350.953491211, 154.005737305, 260.722137451, 35.9312553406, 13.1647481918, 8.33264255524, 3.32129406929, 1.0483686924, 0.974696934223, 0.242320850492, 0.108986519277, 0.059911750257, 0.0172579158098, 0.00768297119066, 0.00176323007327, 0.000594624259975, 0.000351227907231, 0.000252698431723, 0.000175254273927, 0.000121917903016, 6.80956873111e-05, 1.7483080228e-05, 8.97802965483e-05, 0.000208426557947], "mean": [0.00268383300863, 0.133238509297, 0.983032166958, 1.94395601749, 4.4124007225, 6.98881721497, 15.4060611725, 41.4992294312, 81.4538040161, 79.3598709106, 100.252319336, 39.3579788208, 53.7643280029, 32.6771354675, 10.0732049942, 5.73668813705, 3.82395553589, 2.34719634056, 1.77726554871, 0.9458989501, 0.240480557084, 0.0681078955531, 0.0338952019811, 0.0148610733449, 0.00989066064358, 0.00262143136933, 0.00117297132965, 0.000601350911893, 0.000178244808922, 9.1028996394e-05, 5.36855004611e-05, 3.90180866816e-05, 3.02030821331e-05, 2.48652686423e-05, 1.96656146727e-05, 1.46259963003e-05, 8.59074953041e-06, 2.00137060347e-06, 1.10357759695e-05, 2.56545536104e-05], "median": [0.000139536394272, 0.00475344294682, 0.105844348669, 0.701418280602, 1.12036514282, 1.76936781406, 5.87713003159, 17.851650238, 32.9557342529, 33.6313705444, 31.1938591003, 17.5486221313, 12.7522716522, 7.774477005, 3.40330410004, 1.33365225792, 1.15548431873, 0.742664456367, 0.552894175053, 0.327108025551, 0.0882207006216, 0.0236756652594, 0.0103105064481, 0.00270475819707, 0.00156820239499, 0.000588703143876, 0.000240647554165, 0.000111168614239, 5.7959514379e-05, 4.30122745456e-05, 3.26273402607e-05, 2.59182161244e-05, 2.13471248571e-05, 1.82556505024e-05, 1.47065020428e-05, 1.11543686216e-05, 6.61499188936e-06, 1.5360631096e-06, 8.58028306538e-06, 1.99043934117e-05], "min": [5.49931522041e-22, 9.99097582072e-21, 2.47462647849e-20, 1.67107463556e-20, 5.87829892327e-20, 3.79006841293e-19, 1.73199574451e-18, 1.16350356422e-18, 7.51740448218e-19, 6.7688965007e-19, 1.10971883323e-18, 1.14206707525e-18, 1.62323059295e-18, 1.49649732072e-18, 2.29777601316e-18, 3.1878848044e-18, 5.50789460525e-18, 7.20138312769e-18, 1.13787453099e-17, 9.03763392487e-18, 8.2182321188e-18, 1.03269082333e-17, 1.53769120474e-17, 6.80510902036e-18, 1.20431301605e-17, 1.87864512706e-17, 1.46879483521e-17, 1.48143944892e-17, 1.82421879343e-17, 1.55514455023e-17, 1.59863555616e-17, 1.81462531812e-17, 1.44243093473e-17, 8.40470592583e-18, 9.97562778818e-18, 6.24750284712e-18, 3.73874842167e-18, 1.45332376602e-18, 3.14380719299e-19, 3.10464083722e-20], "var": [0.000157955888426, 0.332747727633, 6.14132165909, 14.6911945343, 76.6011734009, 259.44430542, 652.389221191, 3959.00488281, 16473.2441406, 19038.4316406, 35301.015625, 3881.38037109, 14256.6894531, 9591.23925781, 573.011291504, 2162.39770508, 200.084457397, 47.1199493408, 78.1250534058, 4.1128950119, 0.343860954046, 0.0393162146211, 0.0148661294952, 0.00263956235722, 0.00135542836506, 7.74186264607e-05, 2.05605410883e-05, 8.28866814118e-06, 3.66218898762e-07, 6.10303487747e-08, 7.28429050412e-09, 2.05676986553e-09, 9.55760692811e-10, 5.63048496716e-10, 3.1542393697e-10, 1.59511459596e-10, 5.2054215105e-11, 2.84843698108e-12, 8.74348024538e-11, 4.81102380157e-10]}, "gfcc": {"mean": [-264.558807373, 246.434829712, -100.222824097, -89.0288696289, -40.7012443542, -33.818977356, -31.8183269501, -14.4236497879, -6.43770217896, -11.2906923294, -10.3999519348, -19.1394786835, -4.23158216476], "cov": [[21512.2285156, 8637.71972656, -1666.32104492, -1702.96362305, -289.911865234, -1132.31677246, -504.956726074, -509.143310547, -13.6674585342, -592.141784668, -64.8093032837, -773.672729492, 38.3851509094], [8637.71972656, 4306.45947266, -323.024017334, -865.683410645, -68.7317810059, -385.44732666, -305.556121826, -267.526611328, 0.411617100239, -255.292785645, 17.952507019, -300.473236084, 23.8364105225], [-1666.32104492, -323.024017334, 664.416870117, 194.294433594, 96.8909072876, 259.288848877, 69.867767334, 78.6429901123, 57.6987037659, 79.3491592407, 61.1965713501, 87.8227996826, -19.748216629], [-1702.96362305, -865.683410645, 194.294433594, 553.434326172, 228.94329834, 156.626663208, 164.511779785, 101.354988098, -0.467168211937, 86.0914840698, -1.33581411839, 57.7539405823, -10.1955804825], [-289.911865234, -68.7317810059, 96.8909072876, 228.94329834, 251.681289673, 95.9775619507, 57.6367797852, 45.9715652466, 1.42553877831, 26.920463562, 34.3040809631, 24.310552597, -4.80892038345], [-1132.31677246, -385.44732666, 259.288848877, 156.626663208, 95.9775619507, 275.247833252, 143.223007202, 56.1887245178, 31.3903923035, 33.7058258057, 8.55010700226, 83.7222213745, 14.5304889679], [-504.956726074, -305.556121826, 69.867767334, 164.511779785, 57.6367797852, 143.223007202, 220.518722534, 127.238319397, 36.9777488708, 14.2261190414, -40.5162010193, 13.0721158981, 18.7336158752], [-509.143310547, -267.526611328, 78.6429901123, 101.354988098, 45.9715652466, 56.1887245178, 127.238319397, 171.135498047, 93.2292556763, 27.4305591583, -22.9806022644, -3.68584012985, -6.62946653366], [-13.6674585342, 0.411617100239, 57.6987037659, -0.467168211937, 1.42553877831, 31.3903923035, 36.9777488708, 93.2292556763, 119.973419189, 54.160785675, 0.964568734169, -10.0947685242, -11.8091278076], [-592.141784668, -255.292785645, 79.3491592407, 86.0914840698, 26.920463562, 33.7058258057, 14.2261190414, 27.4305591583, 54.160785675, 113.969795227, 61.0800514221, 19.328338623, -23.8881721497], [-64.8093032837, 17.952507019, 61.1965713501, -1.33581411839, 34.3040809631, 8.55010700226, -40.5162010193, -22.9806022644, 0.964568734169, 61.0800514221, 110.728408813, 55.4907569885, -20.1281700134], [-773.672729492, -300.473236084, 87.8227996826, 57.7539405823, 24.310552597, 83.7222213745, 13.0721158981, -3.68584012985, -10.0947685242, 19.328338623, 55.4907569885, 121.148338318, 35.0268630981], [38.3851509094, 23.8364105225, -19.748216629, -10.1955804825, -4.80892038345, 14.5304889679, 18.7336158752, -6.62946653366, -11.8091278076, -23.8881721497, -20.1281700134, 35.0268630981, 71.1033859253]], "icov": [[0.000612986972556, -0.000900597951841, 0.000883862143382, -0.00105219520628, 0.00079833867494, 0.000358602002962, -0.00132041901816, 0.00180763634853, -0.00291176466271, 0.00353465159424, -0.00378508144058, 0.00256774295121, -0.00106975249946], [-0.000900597951841, 0.00299667450599, -0.0024504782632, 0.00231711380184, -0.00287007400766, 0.00203887093812, -0.00209589512087, 0.00470694666728, -0.00390927353874, 0.00336861424148, -0.00211783940904, 0.00253091519699, -0.00185028417036], [0.000883862143382, -0.0024504782632, 0.00569998752326, -0.00373249617405, 0.00447731139138, -0.00724110845476, 0.005721650552, -0.00679066125304, 0.00281776487827, 0.000143354685861, -0.0042049465701, 0.00294981664047, -0.00109313521534], [-0.00105219520628, 0.00231711380184, -0.00373249617405, 0.0105440905318, -0.00952034257352, 0.00535989832133, -0.00442712707445, 0.000687136373017, 0.00684002786875, -0.0133399665356, 0.016458272934, -0.0113557996228, 0.00666518462822], [0.00079833867494, -0.00287007400766, 0.00447731139138, -0.00952034257352, 0.0151602225378, -0.0107090249658, 0.00932638533413, -0.0108492178842, 0.00418514478952, 0.00494244275615, -0.0129189984873, 0.00945011712611, -0.00580230168998], [0.000358602002962, 0.00203887093812, -0.00724110845476, 0.00535989832133, -0.0107090249658, 0.0260389130563, -0.0251175779849, 0.0278489217162, -0.0223348904401, 0.0113861924037, 0.000486710399855, -0.00760819623247, 0.00505068851635], [-0.00132041901816, -0.00209589512087, 0.005721650552, -0.00442712707445, 0.00932638533413, -0.0251175779849, 0.038757096976, -0.0439971983433, 0.0378280617297, -0.0283926445991, 0.0187730528414, -0.00632838672027, -0.00100446480792], [0.00180763634853, 0.00470694666728, -0.00679066125304, 0.000687136373017, -0.0108492178842, 0.0278489217162, -0.0439971983433, 0.0716025605798, -0.0689137428999, 0.054516736418, -0.0384868085384, 0.023150999099, -0.00792762264609], [-0.00291176466271, -0.00390927353874, 0.00281776487827, 0.00684002786875, 0.00418514478952, -0.0223348904401, 0.0378280617297, -0.0689137428999, 0.0878124088049, -0.078504934907, 0.0633251518011, -0.0397871248424, 0.0188368931413], [0.00353465159424, 0.00336861424148, 0.000143354685861, -0.0133399665356, 0.00494244275615, 0.0113861924037, -0.0283926445991, 0.054516736418, -0.078504934907, 0.0998144671321, -0.0900017991662, 0.0601782351732, -0.0289667323232], [-0.00378508144058, -0.00211783940904, -0.0042049465701, 0.016458272934, -0.0129189984873, 0.000486710399855, 0.0187730528414, -0.0384868085384, 0.0633251518011, -0.0900017991662, 0.108705975115, -0.0780184045434, 0.0439237877727], [0.00256774295121, 0.00253091519699, 0.00294981664047, -0.0113557996228, 0.00945011712611, -0.00760819623247, -0.00632838672027, 0.023150999099, -0.0397871248424, 0.0601782351732, -0.0780184045434, 0.0738862380385, -0.0418976172805], [-0.00106975249946, -0.00185028417036, -0.00109313521534, 0.00666518462822, -0.00580230168998, 0.00505068851635, -0.00100446480792, -0.00792762264609, 0.0188368931413, -0.0289667323232, 0.0439237877727, -0.0418976172805, 0.0404852293432]]}, "melbands": {"dmean": [2.792739906e-05, 0.00017368409317, 0.000168902741279, 0.000179215043318, 0.000175197434146, 0.000369963148842, 0.000466939527541, 0.000387405947549, 0.000365942367353, 0.000107121777546, 0.000126887622173, 7.31435648049e-05, 2.07430584851e-05, 1.01397790786e-05, 5.73117313252e-06, 2.96205075756e-06, 1.89568561382e-06, 1.40629981615e-06, 7.01120825397e-07, 3.42010167742e-07, 1.14491662373e-07, 3.36132117695e-08, 2.767769125e-08, 9.00524810277e-09, 6.11923267613e-09, 5.27000976192e-09, 1.32699062849e-09, 9.56684398368e-10, 4.41724462563e-10, 4.93991902939e-10, 1.57395790845e-10, 8.42312122828e-11, 4.11851490412e-11, 3.21087600952e-11, 2.10974553799e-11, 1.84977935747e-11, 1.40093691856e-11, 1.20858904482e-11, 1.08517075534e-11, 9.22860659419e-12], "dmean2": [3.52138486051e-05, 0.000252120866207, 0.000260064029135, 0.000242064867052, 0.000244285736699, 0.000564563495573, 0.000691982451826, 0.000546991592273, 0.000531351310201, 0.000134071946377, 0.00016252345813, 0.000103139493149, 3.20045073749e-05, 1.4197161363e-05, 7.18045339454e-06, 3.92687161366e-06, 2.5216584163e-06, 1.89232991943e-06, 9.28353927065e-07, 4.67448074915e-07, 1.62392353786e-07, 4.62333744622e-08, 4.22963033486e-08, 1.38801521388e-08, 8.57268478427e-09, 7.08329661592e-09, 1.9305965715e-09, 1.41565770218e-09, 6.459515145e-10, 7.0815492359e-10, 2.25063218062e-10, 1.30183336333e-10, 7.12442327355e-11, 5.34551500286e-11, 3.71753981765e-11, 3.26029862829e-11, 2.56331136872e-11, 2.22649173404e-11, 1.99067481249e-11, 1.70043718689e-11], "dvar": [1.76517680472e-08, 2.74923365851e-07, 1.49701335772e-07, 2.35113731151e-07, 1.35365795018e-07, 5.57410487545e-07, 9.19712192626e-07, 7.46635578253e-07, 8.9514122692e-07, 5.61872397498e-08, 1.55511330036e-07, 8.6510958397e-08, 3.76323372464e-09, 4.4833785573e-09, 1.21595578051e-09, 1.84393667002e-10, 5.52739694293e-11, 8.05663522008e-11, 1.84438211231e-11, 7.99102537613e-13, 1.70822652356e-13, 3.54195263343e-14, 1.51511273552e-14, 3.64947279346e-15, 9.14086828216e-16, 9.952329022e-16, 3.91946099845e-17, 2.5677881551e-17, 5.45586949421e-18, 9.03494806942e-18, 4.49080645554e-19, 1.13965300033e-19, 1.87307763415e-20, 6.88306762008e-21, 1.1005673391e-21, 1.38774178917e-21, 4.25530454451e-22, 3.2520564888e-22, 2.51533133769e-22, 1.90040441709e-22], "dvar2": [2.0946833601e-08, 5.01088436522e-07, 3.41001026527e-07, 3.88024204767e-07, 2.84628754343e-07, 1.3367387055e-06, 1.98564157472e-06, 1.46183936067e-06, 1.82563894668e-06, 7.76005464331e-08, 3.26307372234e-07, 1.70063074734e-07, 9.21775100693e-09, 7.26168947196e-09, 1.67796354589e-09, 3.3756611395e-10, 8.88347659322e-11, 1.27422183915e-10, 2.95650552651e-11, 1.4640153239e-12, 2.88580926733e-13, 6.808686644e-14, 3.21168364527e-14, 8.61202622616e-15, 1.84615722469e-15, 2.10074123556e-15, 7.64261218521e-17, 6.10447115966e-17, 9.92472722919e-18, 1.79405945742e-17, 8.62173144199e-19, 2.34418823845e-19, 3.63191257841e-20, 1.09274872536e-20, 2.86662066609e-21, 3.48503107024e-21, 1.33938373215e-21, 1.03315110943e-21, 7.98896831523e-22, 6.05950743732e-22], "max": [0.00559842027724, 0.016668394208, 0.00774633651599, 0.0175706073642, 0.00946837477386, 0.0196371618658, 0.0261829979718, 0.0236000157893, 0.0304635129869, 0.00496444478631, 0.0121966898441, 0.00619985349476, 0.00158919265959, 0.00339759537019, 0.00185675686225, 0.00047933193855, 0.000277374580037, 0.000371919537429, 0.000190614737221, 3.04263612634e-05, 1.7482569092e-05, 1.23905092551e-05, 4.77475623484e-06, 1.96658811547e-06, 1.02152796444e-06, 1.57506360665e-06, 2.68070834863e-07, 1.66416597835e-07, 9.78572032295e-08, 8.59253503904e-08, 1.83914927732e-08, 1.05546646978e-08, 8.95587604077e-09, 3.4611065125e-09, 8.60816418147e-10, 1.21598620062e-09, 2.73050776434e-10, 2.18461471135e-10, 2.01528196908e-10, 1.68956529323e-10], "mean": [6.46689732093e-05, 0.000407064100727, 0.000378372642444, 0.000457904592622, 0.000481402821606, 0.000926757405978, 0.00125341280364, 0.000898592232261, 0.000719292205758, 0.000251960213063, 0.000270888005616, 0.000138934570714, 3.64402985724e-05, 1.65672099683e-05, 1.02991580206e-05, 5.69993017052e-06, 4.46616468253e-06, 2.82998303192e-06, 1.5533247506e-06, 7.95721462055e-07, 2.11437750863e-07, 6.70288571314e-08, 5.11546289772e-08, 1.57501691689e-08, 1.15117142485e-08, 1.12451585821e-08, 2.4069775062e-09, 1.49569867602e-09, 6.75959177521e-10, 6.60652754725e-10, 2.26814469984e-10, 1.03318409383e-10, 4.59481029613e-11, 4.18548355696e-11, 2.35649642161e-11, 2.02856030584e-11, 1.3933174059e-11, 1.15056202413e-11, 1.03541775848e-11, 8.65980464421e-12], "median": [1.27256612359e-06, 3.42643652402e-05, 0.00016341736773, 9.69268876361e-05, 0.000198852430913, 0.000378486060072, 0.000529924174771, 0.000385264895158, 0.000225849595154, 8.13467049738e-05, 6.1352388002e-05, 2.75715574389e-05, 1.07786827357e-05, 2.93490802505e-06, 2.78798393083e-06, 1.82689018402e-06, 1.0932560599e-06, 8.29202122077e-07, 5.39071834282e-07, 2.17241222344e-07, 4.95465677375e-08, 1.59410511458e-08, 1.5373029072e-08, 2.41018116576e-09, 1.77035586191e-09, 1.10442921475e-09, 5.01265029484e-10, 2.7068186581e-10, 1.25997212663e-10, 8.79481071303e-11, 4.39931008289e-11, 2.54557104562e-11, 1.73428910122e-11, 1.61204834204e-11, 1.12899524798e-11, 1.00441321926e-11, 7.00586116897e-12, 5.57522517736e-12, 5.06209614157e-12, 4.1205970927e-12], "min": [9.67025929526e-24, 1.39238225398e-23, 2.94964184084e-24, 1.32554206948e-23, 5.24446972912e-23, 2.89845608825e-23, 1.00075493971e-23, 8.18437430482e-24, 8.85123234902e-24, 7.41871537655e-24, 8.04514272163e-24, 5.65527125433e-24, 7.04403484556e-24, 7.61419668658e-24, 1.15144188764e-23, 1.01938688765e-23, 1.47165725292e-23, 1.67354837336e-23, 1.62309298763e-23, 1.2534205401e-23, 9.37273724941e-24, 1.08913071137e-23, 1.28109251848e-23, 1.01533435141e-23, 4.84406546953e-24, 7.1328400731e-24, 1.06038809098e-23, 1.27644036906e-23, 8.78244525581e-24, 7.72216413437e-24, 8.38509444013e-24, 9.7982101675e-24, 9.47690554309e-24, 8.86376261564e-24, 8.77983175963e-24, 1.06339294105e-23, 1.05855012395e-23, 1.00034212879e-23, 9.04775732204e-24, 5.99524111662e-24], "var": [1.01964374721e-07, 1.22588937757e-06, 4.20619386432e-07, 1.18736375043e-06, 6.00879161539e-07, 2.05445121537e-06, 3.87910267818e-06, 2.38577990785e-06, 1.86709837635e-06, 2.45793358999e-07, 3.67515212929e-07, 1.84048886354e-07, 7.0966237331e-09, 1.13706271065e-08, 3.33084670956e-09, 3.76551567705e-10, 1.93929358683e-10, 1.84684864624e-10, 4.28384792917e-11, 3.0554814321e-12, 4.67822070145e-13, 7.07849103225e-14, 3.07766575354e-14, 6.07912666332e-15, 1.84514989076e-15, 2.38384082236e-15, 7.99170688825e-17, 3.33844139526e-17, 1.11632109936e-17, 1.40585664763e-17, 8.56078012156e-19, 1.76616437842e-19, 3.33137944418e-20, 2.14027878243e-20, 1.81775787081e-21, 1.81540840322e-21, 3.99978328341e-22, 2.87938016938e-22, 2.26019403098e-22, 1.67132779302e-22]}, "mfcc": {"mean": [-862.368164062, 249.766067505, 25.5658397675, -44.1044502258, -17.971321106, -15.5524578094, -25.9785671234, -17.8288822174, -3.78265166283, -0.0582349784672, -5.07713794708, -8.0661649704, -4.83261203766], "cov": [[4959.18896484, 3964.03540039, -133.847869873, -517.265563965, 83.7946777344, -163.367660522, -231.033508301, -86.5938873291, -28.4299049377, 3.81927061081, -59.9459533691, -115.053260803, -40.5251235962], [3964.03540039, 3458.09838867, 235.032867432, -483.127624512, -3.33841514587, -46.0899085999, -186.880065918, -86.4105758667, 11.3169021606, 12.4422330856, -43.8902168274, -61.297996521, -12.2306251526], [-133.847869873, 235.032867432, 472.99029541, 45.2814483643, -41.6220436096, 120.768630981, 49.1172828674, 7.78434038162, 50.9489860535, 33.6332626343, 28.9153308868, 53.1992912292, 37.0588912964], [-517.265563965, -483.127624512, 45.2814483643, 309.318847656, 160.312957764, 55.9605484009, 106.292366028, 70.5212097168, 9.28731536865, 32.4192504883, 54.7484474182, 40.7157020569, 31.5871429443], [83.7946777344, -3.33841514587, -41.6220436096, 160.312957764, 214.673400879, 97.6259155273, 57.7763404846, 42.4625968933, -3.98618125916, -0.160398676991, 27.5946006775, 31.5916614532, 29.8459873199], [-163.367660522, -46.0899085999, 120.768630981, 55.9605484009, 97.6259155273, 183.875106812, 111.054672241, 32.0566368103, 16.7208194733, -2.39361691475, 7.65227556229, 41.2411804199, 38.5445671082], [-231.033508301, -186.880065918, 49.1172828674, 106.292366028, 57.7763404846, 111.054672241, 165.406478882, 103.039253235, 35.3145675659, 20.0422019958, 13.9742622375, 15.7197580338, 29.6769695282], [-86.5938873291, -86.4105758667, 7.78434038162, 70.5212097168, 42.4625968933, 32.0566368103, 103.039253235, 147.660125732, 106.467407227, 44.3041610718, 6.32656908035, -3.49761819839, 11.5590429306], [-28.4299049377, 11.3169021606, 50.9489860535, 9.28731536865, -3.98618125916, 16.7208194733, 35.3145675659, 106.467407227, 165.668151855, 105.197914124, 11.0601549149, -11.4652242661, 2.47429394722], [3.81927061081, 12.4422330856, 33.6332626343, 32.4192504883, -0.160398676991, -2.39361691475, 20.0422019958, 44.3041610718, 105.197914124, 140.257476807, 72.3516159058, -0.351540952921, 4.40353822708], [-59.9459533691, -43.8902168274, 28.9153308868, 54.7484474182, 27.5946006775, 7.65227556229, 13.9742622375, 6.32656908035, 11.0601549149, 72.3516159058, 109.037582397, 65.7469482422, 24.9293136597], [-115.053260803, -61.297996521, 53.1992912292, 40.7157020569, 31.5916614532, 41.2411804199, 15.7197580338, -3.49761819839, -11.4652242661, -0.351540952921, 65.7469482422, 114.540542603, 77.8740310669], [-40.5251235962, -12.2306251526, 37.0588912964, 31.5871429443, 29.8459873199, 38.5445671082, 29.6769695282, 11.5590429306, 2.47429394722, 4.40353822708, 24.9293136597, 77.8740310669, 108.898651123]], "icov": [[30.5382289886, -42.300453186, 39.7245101929, -35.7096939087, 30.6306533813, -24.9494152069, 19.1529502869, -13.7279396057, 9.04952526093, -5.36800384521, 2.76260757446, -1.15303659439, 0.330001056194], [-42.300453186, 58.6137886047, -55.1013145447, 49.6194877625, -42.6667709351, 34.8631515503, -26.8679084778, 19.3497772217, -12.8283891678, 7.66102790833, -3.9746119976, 1.67629003525, -0.48486879468], [39.7245101929, -55.1013145447, 51.9621429443, -47.0335388184, 40.7387237549, -33.5992584229, 26.1872634888, -19.1173915863, 12.8781137466, -7.8351893425, 4.1526517868, -1.79900860786, 0.533762574196], [-35.7096939087, 49.6194877625, -47.0335388184, 42.9478721619, -37.6416015625, 31.507894516, -24.9980258942, 18.6286277771, -12.8461723328, 8.02115058899, -4.3768696785, 1.95947396755, -0.599997758865], [30.6306533813, -42.6667709351, 40.7387237549, -37.6416015625, 33.5333518982, -28.6258640289, 23.231470108, -17.7672157288, 12.6012372971, -8.10670852661, 4.56303882599, -2.11727762222, 0.668904602528], [-24.9494152069, 34.8631515503, -33.5992584229, 31.507894516, -28.6258640289, 25.0240325928, -20.841588974, 16.3944950104, -11.974779129, 7.93911314011, -4.60371875763, 2.20415759087, -0.717603802681], [19.1529502869, -26.8679084778, 26.1872634888, -24.9980258942, 23.231470108, -20.841588974, 17.859336853, -14.4652261734, 10.876493454, -7.42096805573, 4.42642068863, -2.18273997307, 0.727875173092], [-13.7279396057, 19.3497772217, -19.1173915863, 18.6286277771, -17.7672157288, 16.3944950104, -14.4652261734, 12.090883255, -9.36463356018, 6.5747127533, -4.03340435028, 2.05275321007, -0.705456614494], [9.04952526093, -12.8283891678, 12.8781137466, -12.8461723328, 12.6012372971, -11.974779129, 10.876493454, -9.36463356018, 7.47497797012, -5.39884376526, 3.40176820755, -1.78138446808, 0.628923356533], [-5.36800384521, 7.66102790833, -7.8351893425, 8.02115058899, -8.10670852661, 7.93911314011, -7.42096805573, 6.5747127533, -5.39884376526, 4.02133369446, -2.60556173325, 1.40734648705, -0.511069655418], [2.76260757446, -3.9746119976, 4.1526517868, -4.3768696785, 4.56303882599, -4.60371875763, 4.42642068863, -4.03340435028, 3.40176820755, -2.60556173325, 1.74798643589, -0.974692583084, 0.36370074749], [-1.15303659439, 1.67629003525, -1.79900860786, 1.95947396755, -2.11727762222, 2.20415759087, -2.18273997307, 2.05275321007, -1.78138446808, 1.40734648705, -0.974692583084, 0.579456567764, -0.227573528886], [0.330001056194, -0.48486879468, 0.533762574196, -0.599997758865, 0.668904602528, -0.717603802681, 0.727875173092, -0.705456614494, 0.628923356533, -0.511069655418, 0.36370074749, -0.227573528886, 0.102968804538]]}, "spectral_contrast_coeffs": {"dmean": [0.0435060746968, 0.0445951409638, 0.0403308160603, 0.0305902194232, 0.0233308654279, 0.0416223146021], "dmean2": [0.0701406225562, 0.0710563585162, 0.0611749365926, 0.0468261241913, 0.0371786691248, 0.0740159451962], "dvar": [0.00129770778585, 0.00163055688608, 0.0015791709302, 0.000827897398267, 0.000418634444941, 0.0013184066629], "dvar2": [0.00324662751518, 0.00400158995762, 0.00351861561649, 0.00188647734467, 0.001011527027, 0.00365604762919], "max": [-0.272069066763, -0.36073628068, -0.376137971878, -0.512011229992, -0.609126448631, -0.663274645805], "mean": [-0.541637957096, -0.642410576344, -0.684300780296, -0.724691689014, -0.773887753487, -0.903616428375], "median": [-0.531719744205, -0.635540127754, -0.68704867363, -0.72055119276, -0.768815040588, -0.912821531296], "min": [-0.955617189407, -0.965267181396, -0.967460215092, -0.961718678474, -0.96493601799, -0.965149521828], "var": [0.0112715447322, 0.00821416266263, 0.00823068059981, 0.00411885976791, 0.00263757957146, 0.00218376447447]}, "spectral_contrast_valleys": {"dmean": [0.503200292587, 0.368802785873, 0.393130362034, 0.382881253958, 0.408736586571, 0.947291791439], "dmean2": [0.823017835617, 0.586547255516, 0.610967218876, 0.591931045055, 0.633009970188, 1.70207631588], "dvar": [0.195894137025, 0.1386539042, 0.168645575643, 0.163617283106, 0.17878484726, 0.548093616962], "dvar2": [0.454342991114, 0.295118778944, 0.380100995302, 0.359783440828, 0.405745327473, 1.67834079266], "max": [-5.89833498001, -4.43313741684, -5.32151889801, -7.70377635956, -9.33684635162, -12.0073881149], "mean": [-9.53495597839, -6.93814659119, -8.44251155853, -10.3350067139, -12.3813362122, -14.4967327118], "median": [-9