{"lowlevel": {"average_loudness": 0.946952700615, "barkbands_crest": {"dmean": 2.03999900818, "dmean2": 3.59489250183, "dvar": 2.84932613373, "dvar2": 9.18080425262, "max": 26.4029121399, "mean": 14.4214286804, "median": 13.9388771057, "min": 2.65020513535, "var": 16.2253398895}, "barkbands_flatness_db": {"dmean": 0.0158307719976, "dmean2": 0.0282483808696, "dvar": 0.000162860058481, "dvar2": 0.000524631817825, "max": 0.677387177944, "mean": 0.45953643322, "median": 0.454165071249, "min": 0.0200862642378, "var": 0.00210405304097}, "barkbands_kurtosis": {"dmean": 2.30941820145, "dmean2": 3.91527295113, "dvar": 20.5094566345, "dvar2": 59.763004303, "max": 184.205551147, "mean": 5.51972007751, "median": 2.76702189445, "min": -1.71835696697, "var": 85.7751998901}, "barkbands_skewness": {"dmean": 0.330678611994, "dmean2": 0.567786157131, "dvar": 0.0897280797362, "dvar2": 0.270525693893, "max": 8.18423557281, "mean": 0.820625901222, "median": 0.662391483784, "min": -2.29341578484, "var": 0.923139929771}, "barkbands_spread": {"dmean": 0.25381654501, "dmean2": 0.435861229897, "dvar": 0.27411070466, "dvar2": 0.682351648808, "max": 68.6032867432, "mean": 1.76488721371, "median": 1.35921740532, "min": 0.0376079976559, "var": 3.09320998192}, "dissonance": {"dmean": 0.052147898823, "dmean2": 0.0924494937062, "dvar": 0.00336131779477, "dvar2": 0.00914883892983, "max": 0.500000178814, "mean": 0.350445270538, "median": 0.352733999491, "min": 0.0992742627859, "var": 0.00597842782736}, "dynamic_complexity": 1.78824234009, "erbbands_crest": {"dmean": 1.77749681473, "dmean2": 2.84114575386, "dvar": 2.54485726357, "dvar2": 7.67334651947, "max": 30.5304355621, "mean": 16.1342029572, "median": 15.4372005463, "min": 2.65656375885, "var": 21.6552257538}, "erbbands_flatness_db": {"dmean": 0.0104497252032, "dmean2": 0.0177709665149, "dvar": 8.14925952e-05, "dvar2": 0.00024927672348, "max": 0.657783150673, "mean": 0.439760029316, "median": 0.434848845005, "min": 0.034082017839, "var": 0.00231577712111}, "erbbands_kurtosis": {"dmean": 1.81972825527, "dmean2": 3.04498910904, "dvar": 9.4566526413, "dvar2": 27.1685695648, "max": 85.7084350586, "mean": 4.4105424881, "median": 2.08156824112, "min": -1.6901049614, "var": 55.6364440918}, "erbbands_skewness": {"dmean": 0.26327034831, "dmean2": 0.439307034016, "dvar": 0.060076918453, "dvar2": 0.184303194284, "max": 6.5022482872, "mean": 0.1682587713, "median": 0.21134647727, "min": -2.61722660065, "var": 0.782951712608}, "erbbands_spread": {"dmean": 0.596755385399, "dmean2": 0.984480261803, "dvar": 1.07089996338, "dvar2": 2.33525657654, "max": 106.158599854, "mean": 4.26677274704, "median": 3.83120751381, "min": 0.322266340256, "var": 11.9286642075}, "hfc": {"dmean": 1.74709880352, "dmean2": 3.01474142075, "dvar": 3.09962177277, "dvar2": 10.0325899124, "max": 43.4167327881, "mean": 12.1646156311, "median": 11.0657157898, "min": 1.09671337851e-16, "var": 33.027469635}, "melbands_crest": {"dmean": 2.58972811699, "dmean2": 4.55505228043, "dvar": 4.7864522934, "dvar2": 15.6479997635, "max": 33.627040863, "mean": 16.6448802948, "median": 15.9747018814, "min": 1.61569666862, "var": 27.2149772644}, "melbands_flatness_db": {"dmean": 0.0184079129249, "dmean2": 0.0332981236279, "dvar": 0.000219853362069, "dvar2": 0.000718880968634, "max": 0.768944442272, "mean": 0.588031411171, "median": 0.585742950439, "min": 0.00375425815582, "var": 0.00202830974013}, "melbands_kurtosis": {"dmean": 1.11173558235, "dmean2": 1.85774052143, "dvar": 2.43685555458, "dvar2": 6.24922800064, "max": 95.4043502808, "mean": 1.77117288113, "median": 0.715944886208, "min": -1.82850289345, "var": 16.3134803772}, "melbands_skewness": {"dmean": 0.309540003538, "dmean2": 0.530183970928, "dvar": 0.0688145980239, "dvar2": 0.204665318131, "max": 8.35384654999, "mean": 0.641423821449, "median": 0.51251077652, "min": -2.16681170464, "var": 0.801766753197}, "melbands_spread": {"dmean": 0.509472727776, "dmean2": 0.875096976757, "dvar": 1.70075905323, "dvar2": 3.77030205727, "max": 148.728378296, "mean": 3.64599204063, "median": 2.74429154396, "min": 0.180417194963, "var": 29.0740814209}, "pitch_salience": {"dmean": 0.0464576631784, "dmean2": 0.0803871080279, "dvar": 0.00180728943087, "dvar2": 0.00591988582164, "max": 0.987512648106, "mean": 0.527988314629, "median": 0.527772426605, "min": 0.135529622436, "var": 0.0101019376889}, "silence_rate_20dB": {"dmean": 0, "dmean2": 0, "dvar": 0, "dvar2": 0, "max": 1, "mean": 1, "median": 1, "min": 1, "var": 0}, "silence_rate_30dB": {"dmean": 0.000555118662305, "dmean2": 0.00111028866377, "dvar": 0.000554750266019, "dvar2": 0.00166403246112, "max": 1, "mean": 0.999629914761, "median": 1, "min": 0, "var": 0.000369817193132}, "silence_rate_60dB": {"dmean": 0.000740158197004, "dmean2": 0.00148038484622, "dvar": 0.000740013434552, "dvar2": 0.00166298262775, "max": 1, "mean": 0.0180405210704, "median": 0, "min": 0, "var": 0.0177175588906}, "spectral_centroid": {"dmean": 21.8982391357, "dmean2": 38.0842247009, "dvar": 7933.02001953, "dvar2": 11501.3144531, "max": 11515.6738281, "mean": 402.52734375, "median": 382.239196777, "min": 234.42124939, "var": 168206.828125}, "spectral_complexity": {"dmean": 0.66845536232, "dmean2": 1.19263505936, "dvar": 0.57247120142, "dvar2": 1.43997561932, "max": 12, "mean": 7.14242744446, "median": 7, "min": 0, "var": 1.9857108593}, "spectral_decrease": {"dmean": 1.6122178037e-09, "dmean2": 2.89221802063e-09, "dvar": 3.04565254564e-18, "dvar2": 1.01258073915e-17, "max": 6.76341144522e-27, "mean": -8.26618418159e-09, "median": -7.6216295497e-09, "min": -3.45994237705e-08, "var": 1.44412334626e-17}, "spectral_energy": {"dmean": 0.006238296628, "dmean2": 0.0111832302064, "dvar": 4.54025685031e-05, "dvar2": 0.000150913750986, "max": 0.134037524462, "mean": 0.032301876694, "median": 0.0298107136041, "min": 1.00489261234e-20, "var": 0.00021916689002}, "spectral_energyband_high": {"dmean": 4.77986645819e-08, "dmean2": 5.9667236485e-08, "dvar": 6.57062896591e-15, "dvar2": 6.00764724697e-15, "max": 5.56779696126e-06, "mean": 1.49861011778e-06, "median": 1.12498685212e-06, "min": 7.37349282706e-21, "var": 1.74126967185e-12}, "spectral_energyband_low": {"dmean": 0.000474274973385, "dmean2": 0.000904367130715, "dvar": 3.97345587544e-07, "dvar2": 1.44096520671e-06, "max": 0.00796363595873, "mean": 0.000661167665385, "median": 0.000412820023485, "min": 1.85350632073e-23, "var": 5.67133440654e-07}, "spectral_energyband_middle_high": {"dmean": 8.80436982698e-06, "dmean2": 1.00496736195e-05, "dvar": 1.6365140354e-09, "dvar2": 9.05546637675e-10, "max": 0.0109523963183, "mean": 0.000113900299766, "median": 2.19442845264e-05, "min": 1.22936184444e-21, "var": 5.15164629178e-07}, "spectral_energyband_middle_low": {"dmean": 0.00623516226187, "dmean2": 0.0111775174737, "dvar": 4.53906068287e-05, "dvar2": 0.00015091781097, "max": 0.133684575558, "mean": 0.0321383886039, "median": 0.0296262986958, "min": 1.50166602663e-22, "var": 0.000218115237658}, "spectral_entropy": {"dmean": 0.0928108841181, "dmean2": 0.162699773908, "dvar": 0.00680995872244, "dvar2": 0.0211572349072, "max": 9.8243227005, "mean": 4.71748352051, "median": 4.73070144653, "min": 3.35060882568, "var": 0.0925734341145}, "spectral_flux": {"dmean": 0.0140658421442, "dmean2": 0.0213937759399, "dvar": 0.000209949634154, "dvar2": 0.0004739058204, "max": 0.170116782188, "mean": 0.0459401011467, "median": 0.0413997843862, "min": 6.44872003019e-11, "var": 0.000613969867118}, "spectral_kurtosis": {"dmean": 55.8989295959, "dmean2": 101.774032593, "dvar": 2855.34448242, "dvar2": 9573.12207031, "max": 705.750427246, "mean": 230.015426636, "median": 215.980529785, "min": -1.26970589161, "var": 5571.35595703}, "spectral_rms": {"dmean": 0.000514060026035, "dmean2": 0.000918728066608, "dvar": 2.3305187824e-07, "dvar2": 7.84547523835e-07, "max": 0.0114353969693, "mean": 0.00544661888853, "median": 0.00539292301983, "min": 3.13110691888e-12, "var": 1.84824250482e-06}, "spectral_rolloff": {"dmean": 23.4378223419, "dmean2": 41.2488136292, "dvar": 21311.96875, "dvar2": 23396.484375, "max": 20865.6738281, "mean": 551.648925781, "median": 495.263671875, "min": 150.732421875, "var": 536473.75}, "spectral_skewness": {"dmean": 1.26138353348, "dmean2": 2.27034854889, "dvar": 1.28537070751, "dvar2": 4.11822223663, "max": 21.5184001923, "mean": 12.8605575562, "median": 12.6868915558, "min": -0.0645263716578, "var": 3.57047176361}, "spectral_spread": {"dmean": 378859.5, "dmean2": 691108, "dvar": 185965035520, "dvar2": 447019188224, "max": 42449552, "mean": 831479.75, "median": 707603.4375, "min": 132841.578125, "var": 2488576507900.0}, "spectral_strongpeak": {"dmean": 0.324233174324, "dmean2": 0.560618638992, "dvar": 0.226904526353, "dvar2": 0.657574117184, "max": 4.99683952332, "mean": 1.65613508224, "median": 1.43510222435, "min": 0, "var": 0.875792860985}, "zerocrossingrate": {"dmean": 0.00116153433919, "dmean2": 0.00166105071548, "dvar": 1.68098558788e-05, "dvar2": 3.03363867715e-05, "max": 0.52197265625, "mean": 0.019345857203, "median": 0.01806640625, "min": 0.009765625, "var": 0.000411614833865}, "barkbands": {"dmean": [1.05022911612e-06, 1.60686124673e-06, 6.31817820249e-05, 0.000632613082416, 0.00541041465476, 0.00196373998187, 0.00111042009667, 0.000335427524988, 0.000279861851595, 1.11483195724e-05, 2.503106316e-06, 3.37786832461e-06, 1.71600117937e-06, 7.06707055542e-07, 2.38320609469e-07, 1.19629987694e-07, 1.07005043049e-07, 3.32716609819e-08, 1.04930144573e-08, 1.71210299271e-08, 1.30649491226e-08, 5.10396347408e-09, 7.53083639893e-09, 6.5572214325e-09, 1.09762856582e-08, 9.57590096107e-09, 2.92986257477e-09], "dmean2": [1.80969004759e-06, 2.95550285045e-06, 0.000115664050099, 0.00120595342014, 0.00981573667377, 0.0037345176097, 0.000989376450889, 0.000381392572308, 0.000249343778705, 1.22273968373e-05, 2.8148454021e-06, 3.9808778638e-06, 1.89807610695e-06, 7.9478979842e-07, 3.0011023e-07, 1.67214182056e-07, 1.51314651475e-07, 5.3909722908e-08, 1.74465437652e-08, 2.76000360344e-08, 1.8452865902e-08, 7.47351869279e-09, 9.46739930896e-09, 8.34759728008e-09, 1.30707835666e-08, 1.12363798266e-08, 4.44430980906e-09], "dvar": [3.10789848718e-12, 6.47534803555e-12, 7.02256652829e-09, 7.13010820164e-07, 4.49028848379e-05, 7.33025808586e-06, 2.00545287043e-06, 2.78550231769e-07, 2.5789506708e-07, 7.58940199574e-09, 2.437717736e-11, 2.8972973326e-11, 1.04783551627e-11, 1.60299703199e-12, 1.28038652272e-13, 4.97116962124e-14, 2.73335634725e-14, 4.14978127409e-15, 2.59236709908e-16, 9.53680324544e-16, 5.04207902677e-16, 7.70731160574e-17, 2.47402865542e-16, 1.66473631992e-16, 4.45190829138e-16, 3.91907401027e-16, 1.78427821211e-17], "dvar2": [8.14385017756e-12, 2.00338686612e-11, 2.35751098643e-08, 2.56978478319e-06, 0.000149040977703, 2.88160972559e-05, 1.88579849691e-06, 4.26465248893e-07, 1.92888037986e-07, 3.47366824194e-09, 2.47458806918e-11, 3.64525735985e-11, 1.16115199053e-11, 1.52606822578e-12, 1.85289378784e-13, 9.35049360531e-14, 4.9244892967e-14, 1.02714577905e-14, 6.7945594897e-16, 2.29749322492e-15, 6.82371806951e-16, 1.03439114271e-16, 1.96132093593e-16, 1.48260200164e-16, 5.16999211911e-16, 3.75351003873e-16, 2.81269896368e-17], "max": [4.44516699645e-05, 4.66310739284e-05, 0.00205973675475, 0.00920811668038, 0.0835294649005, 0.0444112308323, 0.0938286706805, 0.0286793746054, 0.0335527732968, 0.023833643645, 0.000276662234683, 0.000246904644882, 0.000165404126165, 8.60458094394e-05, 2.11177648453e-05, 1.05371373138e-05, 4.33643253928e-06, 1.66492634435e-06, 8.37265588416e-07, 1.7389443201e-06, 1.75559750915e-06, 6.02437296493e-07, 1.2338371107e-06, 1.24079895159e-06, 1.26694533265e-06, 1.33481989906e-06, 3.10022187477e-07], "mean": [1.12100474325e-06, 1.88472552054e-06, 0.00012485148909, 0.001027873368, 0.0129084996879, 0.00505772326142, 0.00761896558106, 0.00145319011062, 0.00385500863194, 0.000227072217967, 6.30780459687e-06, 9.57965676207e-06, 5.00613941767e-06, 1.93018695427e-06, 5.71178702558e-07, 2.20776826154e-07, 3.44309029288e-07, 4.58887896571e-08, 2.99121936109e-08, 1.98851950017e-07, 2.37502362666e-07, 1.10584849722e-07, 2.1974109643e-07, 1.93931711578e-07, 3.74194627284e-07, 2.93563175546e-07, 6.00813194751e-08], "median": [5.10138534082e-07, 1.21993161883e-06, 5.43798742001e-05, 0.000673920963891, 0.00849151983857, 0.00374352210201, 0.0048364950344, 0.00082174804993, 0.000725481775589, 1.01564382931e-05, 1.72501086126e-06, 4.38720871898e-06, 2.22431049224e-06, 1.04784578525e-06, 3.42805179798e-07, 1.08678548827e-07, 1.34538382213e-07, 2.55548417982e-08, 1.54259680585e-08, 4.38164846628e-08, 3.58392711064e-08, 7.7919164454e-09, 8.78439010421e-08, 1.10270207188e-07, 2.82720634459e-07, 2.12192674098e-07, 4.02766069385e-08], "min": [5.32655646499e-25, 3.68661364508e-24, 1.06380920323e-24, 1.99684321496e-24, 1.30305495828e-23, 1.9654376368e-23, 7.17086080215e-24, 1.96822878445e-23, 2.18773595776e-23, 1.51256016418e-23, 1.27623794736e-23, 3.2704854155e-23, 3.6277343293e-23, 3.45415242908e-23, 7.10754146164e-23, 8.03609511814e-23, 6.73119106989e-23, 1.093119129e-22, 1.64547120447e-22, 1.77420345921e-22, 2.36874583537e-22, 2.93120113644e-22, 4.31694878622e-22, 6.99673730159e-22, 9.53953513517e-22, 1.39698648167e-21, 2.09370641368e-21], "var": [3.50773706956e-12, 5.6534187054e-12, 3.08732310828e-08, 1.27071461975e-06, 0.000146358070197, 2.06756649277e-05, 7.48836391722e-05, 3.72545719074e-06, 3.73442635464e-05, 2.45128558163e-06, 2.21226717501e-10, 2.33437352781e-10, 7.41002606497e-11, 1.05523263738e-11, 5.44682517405e-13, 1.32703106858e-13, 1.93058893525e-13, 4.59105833455e-15, 3.52807984311e-15, 1.05236078098e-13, 1.19134506405e-13, 2.8648192488e-14, 8.6369571163e-14, 5.14168108047e-14, 1.05057760722e-13, 7.20668099849e-14, 3.8631161021e-15]}, "erbbands": {"dmean": [6.89047592459e-05, 0.00102471734863, 0.0609180592, 1.34597170353, 4.21613645554, 33.5344772339, 4.3406124115, 18.3945446014, 21.4463939667, 9.79948997498, 8.56301212311, 6.75790119171, 2.50198745728, 0.157519802451, 0.0964068025351, 0.144532203674, 0.090669862926, 0.0414948761463, 0.012837680988, 0.0104351323098, 0.00725417817011, 0.00378907169215, 0.00263343960978, 0.000904693733901, 0.000578957318794, 0.000944198167417, 0.000706629769411, 0.000173848529812, 0.000148435719893, 0.000239582092036, 0.000199748086743, 0.000139717390994, 0.000111130066216, 0.000107483807369, 7.03830228304e-05, 3.94553426304e-05, 2.07754546864e-05, 3.39657026416e-06, 2.90262073577e-06, 6.8600652412e-06], "dmean2": [0.000126747298054, 0.00191393925343, 0.11439461261, 2.56560659409, 7.42027616501, 61.1291160583, 6.30999183655, 35.7108879089, 27.9808158875, 9.47978115082, 9.57931137085, 5.74335575104, 2.13732457161, 0.173488616943, 0.111213319004, 0.164239794016, 0.0988814458251, 0.0466635264456, 0.0169873405248, 0.0121880117804, 0.0105803804472, 0.00545124104246, 0.00405359501019, 0.00148562481627, 0.000941853388213, 0.00147824559826, 0.000985077698715, 0.00029358183383, 0.000232227743254, 0.000311239913572, 0.000256129162153, 0.000182709365617, 0.000139804949868, 0.000126898492454, 8.77257116372e-05, 4.72169922432e-05, 2.42230289587e-05, 4.53168831882e-06, 5.1014494602e-06, 1.22835162983e-05], "dvar": [9.97549154391e-09, 1.75531465629e-06, 0.00652481382713, 3.21471309662, 26.659526825, 1736.40185547, 28.7935619354, 677.946044922, 690.479553223, 137.938781738, 180.849990845, 163.742904663, 44.1171226501, 0.129335686564, 0.0251650214195, 0.0586421452463, 0.0277740396559, 0.00549190398306, 0.000389664433897, 0.00039189713425, 0.000207971170312, 2.95643403661e-05, 1.54286171892e-05, 2.02031651497e-06, 9.35479022246e-07, 3.29531144416e-06, 1.68865551586e-06, 1.14997583012e-07, 6.12295707469e-08, 2.59585618778e-07, 2.00279401952e-07, 8.9847084439e-08, 7.20669035559e-08, 5.68730449402e-08, 2.05968611056e-08, 5.83462744785e-09, 1.95533234049e-09, 3.05712608006e-11, 9.52241497459e-12, 5.46136157131e-11], "dvar2": [3.11540553355e-08, 6.05770719631e-06, 0.0229672398418, 11.6287794113, 86.0715942383, 5806.35546875, 56.5150680542, 2651.53930664, 1514.64038086, 166.580047607, 271.539428711, 111.926673889, 23.0731773376, 0.102672405541, 0.0261163208634, 0.0624940469861, 0.0308070722967, 0.00530784996226, 0.000616712670308, 0.000421112228651, 0.000418314972194, 5.51414705114e-05, 3.39271755365e-05, 5.09029496243e-06, 2.57641636381e-06, 7.64421110944e-06, 2.2053993689e-06, 3.09712334001e-07, 1.10455609104e-07, 2.22369081371e-07, 1.62172966611e-07, 9.16101541293e-08, 5.88316417804e-08, 5.37170450343e-08, 2.64628763347e-08, 6.2328311401e-09, 1.75595948892e-09, 3.56265190959e-11, 3.0674015411e-11, 1.81426221268e-10], "max": [0.00251439609565, 0.027397075668, 1.49603664875, 20.7106742859, 92.0392837524, 485.382202148, 326.719573975, 466.278869629, 1422.53527832, 718.29284668, 749.842712402, 930.049560547, 984.925537109, 75.8148956299, 8.76785469055, 12.7425060272, 8.54110908508, 5.04377222061, 1.24585449696, 1.12590909004, 0.724738895893, 0.121160268784, 0.0813322141767, 0.0447969548404, 0.0510357394814, 0.109927780926, 0.105663403869, 0.0312339998782, 0.0217227712274, 0.0455428771675, 0.042032841593, 0.0416198223829, 0.0260430164635, 0.0206065177917, 0.0157654881477, 0.00460173329338, 0.00456544244662, 0.000303386914311, 8.86119014467e-05, 0.000148506413097], "mean": [0.000140274365549, 0.00219355989248, 0.110581368208, 2.21974158287, 14.5541095734, 64.434928894, 24.8882732391, 46.146522522, 121.730941772, 61.5419540405, 43.0917701721, 81.1399383545, 47.9831695557, 2.16658616066, 0.365549862385, 0.477202653885, 0.287253588438, 0.124070882797, 0.034126650542, 0.0217777844518, 0.0156087726355, 0.012927621603, 0.00658233929425, 0.00202390342019, 0.00347381783649, 0.01311347913, 0.0135713452473, 0.00207538320683, 0.00274689216167, 0.00675917696208, 0.00593672972172, 0.00422025145963, 0.00338268582709, 0.00367345707491, 0.00228757015429, 0.00120880117174, 0.000643512874376, 9.97433598968e-05, 2.54278656939e-05, 3.65175292245e-05], "median": [0.000117054332804, 0.00162875431124, 0.0670494362712, 1.55402827263, 10.6475696564, 39.8716011047, 14.5835800171, 33.7140350342, 81.6367492676, 42.1678199768, 22.9143791199, 21.3598365784, 4.49136543274, 0.486826121807, 0.210612282157, 0.227637216449, 0.153564095497, 0.0739180296659, 0.0226164087653, 0.0106641659513, 0.00819458067417, 0.00647231657058, 0.00273763108999, 0.00130859774072, 0.00138488761149, 0.00567781412974, 0.00292454427108, 0.000710766413249, 0.000670388690196, 0.0023455163464, 0.0026160904672, 0.00178785971366, 0.00145496986806, 0.00248852092773, 0.00162771705072, 0.000881690706592, 0.000452732783742, 7.20391399227e-05, 2.24841824092e-05, 3.38200698025e-05], "min": [1.32871616177e-22, 6.62512196854e-22, 2.26387055194e-21, 5.14885155801e-21, 1.81020899954e-20, 3.55698940196e-20, 7.13687167361e-20, 1.79380862524e-19, 2.52256973755e-19, 3.43493004916e-19, 3.27739169204e-19, 4.60433079076e-19, 6.14663282431e-19, 8.24791146257e-19, 9.42232129977e-19, 1.56276503434e-18, 2.04950395616e-18, 2.66659186006e-18, 2.23630966941e-18, 3.90858721299e-18, 5.04933876087e-18, 5.34715521426e-18, 5.41805824123e-18, 6.69979238477e-18, 9.26864396326e-18, 8.07159781161e-18, 1.03906309189e-17, 8.55446863009e-18, 1.18126892224e-17, 1.22388948602e-17, 1.14769374389e-17, 1.1223859049e-17, 1.21873069141e-17, 8.96344492291e-18, 6.94751974333e-18, 4.47535772023e-18, 2.55160796465e-18, 1.02041589731e-18, 2.7701229229e-19, 3.02761319697e-20], "var": [1.29314585706e-08, 4.05652190238e-06, 0.0161864887923, 4.90660524368, 175.72618103, 4253.12158203, 638.015808105, 1802.02075195, 17938.3300781, 3740.41479492, 2765.48291016, 17167.6035156, 12581.2753906, 32.3420906067, 0.262807041407, 0.554410159588, 0.197147130966, 0.036210693419, 0.00162860786077, 0.00130917143542, 0.000551341741811, 0.000220127491048, 7.66389421187e-05, 1.01273490145e-05, 2.89324034384e-05, 0.000381437974283, 0.000408331368817, 1.57072354341e-05, 1.82487838174e-05, 8.81896048668e-05, 6.78448559484e-05, 3.03972774418e-05, 2.49504519161e-05, 1.6569321815e-05, 4.74442185805e-06, 1.13508099275e-06, 3.94685173433e-07, 7.53185513958e-09, 2.09749467794e-10, 2.78952666521e-10]}, "gfcc": {"mean": [-206.289138794, 186.584777832, -32.5883407593, -65.1535491943, -102.728683472, -41.3619155884, -54.0200004578, -16.3645954132, -26.3773136139, -9.24738502502, -20.696390152, -20.6040725708, -12.9316892624], "cov": [[4922.41015625, -118.644561768, 777.853637695, 419.094238281, -429.467224121, 354.76159668, -119.438934326, 88.8343200684, -320.483886719, -170.233062744, -509.048095703, -205.346664429, -110.942382812], [-118.644561768, 601.083435059, -179.181213379, -223.89024353, 180.162445068, -104.515739441, 33.5816688538, -81.2775650024, 9.81958770752, -56.2154846191, 111.351768494, -41.9533424377, -13.3421354294], [777.853637695, -179.181213379, 565.392578125, 365.547729492, -78.4980773926, 244.187011719, 6.92092943192, 38.1910171509, -178.622085571, -128.184768677, -274.999938965, -137.279602051, -78.4529190063], [419.094238281, -223.89024353, 365.547729492, 420.149780273, 14.3945894241, 124.155570984, -106.623352051, -23.0795764923, -73.5881271362, -51.4140434265, -133.480438232, -18.1528816223, -95.895652771], [-429.467224121, 180.162445068, -78.4980773926, 14.3945894241, 181.674118042, -39.0227622986, -27.6983509064, -68.3073120117, 26.1967353821, -12.9713134766, 81.0296325684, 20.4057273865, -27.2551631927], [354.76159668, -104.515739441, 244.187011719, 124.155570984, -39.0227622986, 206.449768066, 62.6674308777, 22.4544124603, -131.029785156, -75.3146896362, -155.649536133, -66.1246032715, -20.5586452484], [-119.438934326, 33.5816688538, 6.92092943192, -106.623352051, -27.6983509064, 62.6674308777, 135.418701172, 56.6119384766, -50.4837226868, -42.1710243225, -48.714679718, -49.944984436, 43.6145019531], [88.8343200684, -81.2775650024, 38.1910171509, -23.0795764923, -68.3073120117, 22.4544124603, 56.6119384766, 95.7594833374, -1.69341218472, -12.7668237686, -63.2874946594, -38.0812187195, 19.0516166687], [-320.483886719, 9.81958770752, -178.622085571, -73.5881271362, 26.1967353821, -131.029785156, -50.4837226868, -1.69341218472, 140.085281372, 92.0027770996, 106.912345886, 52.0241661072, 18.3840026855], [-170.233062744, -56.2154846191, -128.184768677, -51.4140434265, -12.9713134766, -75.3146896362, -42.1710243225, -12.7668237686, 92.0027770996, 107.12727356, 102.83745575, 51.7541122437, -6.59977817535], [-509.048095703, 111.351768494, -274.999938965, -133.480438232, 81.0296325684, -155.649536133, -48.714679718, -63.2874946594, 106.912345886, 102.83745575, 243.333862305, 114.117835999, -40.2130889893], [-205.346664429, -41.9533424377, -137.279602051, -18.1528816223, 20.4057273865, -66.1246032715, -49.944984436, -38.0812187195, 52.0241661072, 51.7541122437, 114.117835999, 115.66709137, 0.377262949944], [-110.942382812, -13.3421354294, -78.4529190063, -95.895652771, -27.2551631927, -20.5586452484, 43.6145019531, 19.0516166687, 18.3840026855, -6.59977817535, -40.2130889893, 0.377262949944, 123.008560181]], "icov": [[0.000616388511844, -0.00160014862195, 0.000480883521959, -0.0010319086723, 0.00227258191444, -0.00127960625105, 0.00222604419105, -0.00167028536089, 0.0014543562429, -0.00121385627426, 0.000331845862092, -0.000235141589656, -0.00052958104061], [-0.00160014862195, 0.0126514900476, -0.00473524071276, 0.0120857888833, -0.0123148113489, 0.00878318864852, -0.00631448393688, 0.0121111767367, -0.0063360738568, 0.0104690203443, 0.00224500033073, 0.00240485556424, 0.00766853429377], [0.000480883521959, -0.00473524071276, 0.020937839523, -0.0198990460485, 0.0151953399181, -0.0109373675659, -0.00105129973963, -0.00063156359829, -0.000695733062457, 0.00689011067152, -0.00635791476816, 0.0147769525647, -0.00187978474423], [-0.0010319086723, 0.0120857888833, -0.0198990460485, 0.035351768136, -0.0266010146588, 0.0183746479452, 0.00155261077452, 0.00853976700455, 0.00211732275784, -0.00795685313642, 0.0284430030733, -0.0223548263311, 0.0191760398448], [0.00227258191444, -0.0123148113489, 0.0151953399181, -0.0266010146588, 0.0421892926097, -0.0300775896758, 0.0100634545088, -0.00170787679963, -0.0182806178927, 0.0288334917277, -0.0374421514571, 0.0248912610114, -0.0173526611179], [-0.00127960625105, 0.00878318864852, -0.0109373675659, 0.0183746479452, -0.0300775896758, 0.0587061978877, -0.0324529968202, 0.0177519265562, 0.028093053028, -0.0409249998629, 0.0642947778106, -0.0363524444401, 0.0337880589068], [0.00222604419105, -0.00631448393688, -0.00105129973963, 0.00155261077452, 0.0100634545088, -0.0324529968202, 0.0529896877706, -0.0327060371637, 0.00801696069539, 0.0131604485214, -0.0382964275777, 0.0208234153688, -0.0281297564507], [-0.00167028536089, 0.0121111767367, -0.00063156359829, 0.00853976700455, -0.00170787679963, 0.0177519265562, -0.0327060371637, 0.049183242023, -0.0243391077965, 0.0136221889406, 0.0244066603482, -0.0047711385414, 0.0249911639839], [0.0014543562429, -0.0063360738568, -0.000695733062457, 0.00211732275784, -0.0182806178927, 0.028093053028, 0.00801696069539, -0.0243391077965, 0.0668486505747, -0.0610606782138, 0.0309130866081, -0.0187216866761, 0.00029974518111], [-0.00121385627426, 0.0104690203443, 0.00689011067152, -0.00795685313642, 0.0288334917277, -0.0409249998629, 0.0131604485214, 0.0136221889406, -0.0610606782138, 0.0975818932056, -0.0722554624081, 0.0454049147666, -0.0183943789452], [0.000331845862092, 0.00224500033073, -0.00635791476816, 0.0284430030733, -0.0374421514571, 0.0642947778106, -0.0382964275777, 0.0244066603482, 0.0309130866081, -0.0722554624081, 0.126343756914, -0.0732520148158, 0.0639409050345], [-0.000235141589656, 0.00240485556424, 0.0147769525647, -0.0223548263311, 0.0248912610114, -0.0363524444401, 0.0208234153688, -0.0047711385414, -0.0187216866761, 0.0454049147666, -0.0732520148158, 0.0658640190959, -0.0340738818049], [-0.00052958104061, 0.00766853429377, -0.00187978474423, 0.0191760398448, -0.0173526611179, 0.0337880589068, -0.0281297564507, 0.0249911639839, 0.00029974518111, -0.0183943789452, 0.0639409050345, -0.0340738818049, 0.0501153953373]]}, "melbands": {"dmean": [4.63731680611e-07, 1.407862419e-05, 0.000213978695683, 0.00144058198202, 0.000387632200727, 0.000416139198933, 0.000319075101288, 9.05676351977e-05, 6.64694234729e-05, 3.91389658034e-05, 1.20493086797e-05, 4.06467563607e-07, 3.80406504519e-07, 3.96213664544e-07, 2.59700158267e-07, 1.4336862364e-07, 7.01493121369e-08, 2.02696988083e-08, 1.28830457413e-08, 1.07881987788e-08, 9.30205779071e-09, 3.99613497848e-09, 4.54273862971e-09, 2.42335818079e-09, 5.41983513624e-10, 4.5126802295e-10, 6.31172947241e-10, 5.4283677553e-10, 6.45874465022e-10, 1.16680345941e-10, 1.12426179477e-10, 8.98653582104e-11, 1.1570409908e-10, 1.55752882813e-10, 1.20195201014e-10, 1.07876055311e-10, 7.82644643538e-11, 6.76528347232e-11, 1.0245277543e-10, 1.0032561587e-10], "dmean2": [8.40283291836e-07, 2.57317133219e-05, 0.000403177196858, 0.00262011215091, 0.00068048707908, 0.000802498485427, 0.000414947629906, 9.24604610191e-05, 7.1014270361e-05, 3.36642333423e-05, 1.03223455881e-05, 5.47939578155e-07, 4.18836378913e-07, 4.80040796447e-07, 2.82529356355e-07, 1.57143546176e-07, 7.95848009716e-08, 2.72796931711e-08, 1.57899275877e-08, 1.29698225493e-08, 1.3705349744e-08, 5.64818236626e-09, 6.69323219071e-09, 3.9225249715e-09, 9.05089170278e-10, 7.33492766525e-10, 1.02497077492e-09, 8.56278548067e-10, 8.80154393812e-10, 1.92852969705e-10, 1.91624147106e-10, 1.41384765007e-10, 1.62121455149e-10, 1.97158026016e-10, 1.65627622728e-10, 1.20983056906e-10, 1.08798595133e-10, 8.9912674528e-11, 1.23768467697e-10, 1.14059928169e-10], "dvar": [5.6830527697e-13, 3.48575279752e-10, 8.1330931323e-08, 3.21618790622e-06, 2.17347349007e-07, 3.43589192653e-07, 1.5143760379e-07, 1.16256186899e-08, 9.57759738185e-09, 5.2545643392e-09, 1.1270316902e-09, 9.15539562565e-13, 5.35537705761e-13, 4.12595847245e-13, 1.39696305738e-13, 5.34824124549e-14, 1.59522392583e-14, 9.31013934634e-16, 3.72361189327e-16, 3.97406709498e-16, 3.40990715321e-16, 3.59269487799e-17, 8.93292526703e-17, 2.59242407528e-17, 6.90992665924e-19, 3.95732433279e-19, 1.35192041851e-18, 1.22344076121e-18, 1.58588421547e-18, 1.05826017289e-19, 8.02917918847e-20, 4.27021554538e-20, 6.75713244143e-20, 1.85747245184e-19, 6.55427156608e-20, 9.0230431568e-20, 2.83700913497e-20, 2.59957744145e-20, 5.66097272695e-20, 8.41878448815e-20], "dvar2": [1.70330286334e-12, 1.1656930976e-09, 2.88287964167e-07, 1.07415817183e-05, 6.73593604006e-07, 1.34279571284e-06, 3.27692362134e-07, 1.49787453552e-08, 1.36927944538e-08, 3.64259666874e-09, 5.84598758291e-10, 1.22915469036e-12, 4.97156786225e-13, 5.8538330433e-13, 1.52395267629e-13, 5.92298562627e-14, 1.54716717275e-14, 1.53095445392e-15, 4.8185099743e-16, 4.36190812905e-16, 6.6829263706e-16, 6.08341577347e-17, 1.78419046479e-16, 6.39933656348e-17, 1.80667681554e-18, 9.76949624069e-19, 3.5474037616e-18, 2.86197833139e-18, 1.99317936709e-18, 1.71978410298e-19, 2.22900514761e-19, 7.10950362756e-20, 6.89824493029e-20, 1.58376756368e-19, 8.87655270149e-20, 4.56094885117e-20, 3.85714901245e-20, 2.65936644387e-20, 4.93445288637e-20, 6.53053859108e-20], "max": [1.93598061742e-05, 0.000469328893814, 0.00341762905009, 0.0207134429365, 0.0134975584224, 0.00991616304964, 0.0217543691397, 0.00639551365748, 0.00553745217621, 0.00502005545422, 0.00485843839124, 0.000165681747603, 4.1643554141e-05, 2.65396611212e-05, 1.48375247591e-05, 1.1291285773e-05, 8.57108989294e-06, 1.77417496161e-06, 9.24442531414e-07, 1.13055136808e-06, 9.26904817788e-07, 1.94658156261e-07, 2.39242865518e-07, 1.29238443947e-07, 4.2816509449e-08, 2.31733636724e-08, 5.07879889255e-08, 6.64213004598e-08, 1.03131121421e-07, 6.80736036429e-08, 2.73836864295e-08, 1.98519192196e-08, 2.12508606268e-08, 4.21767758496e-08, 1.88187279093e-08, 2.92417290382e-08, 1.82227637424e-08, 1.31722694974e-08, 1.93403444371e-08, 2.72123106271e-08], "mean": [5.85992040669e-07, 2.83302688331e-05, 0.00044866988901, 0.00314041529782, 0.00131685077213, 0.0010651658522, 0.00183988292702, 0.000543820671737, 0.000391160108848, 0.000517052074429, 0.000228752673138, 2.30053933592e-06, 9.98421000986e-07, 1.0864464457e-06, 8.7847507757e-07, 4.47781047797e-07, 1.91816070583e-07, 4.60819364889e-08, 3.08982244235e-08, 2.04985663999e-08, 1.93288407502e-08, 1.27222534729e-08, 1.36220341673e-08, 2.91098389837e-09, 1.28084787221e-09, 1.24266041901e-09, 6.71015065734e-09, 6.97610236244e-09, 1.25229142611e-08, 1.0213446755e-09, 1.22095300537e-09, 1.4009278182e-09, 2.62430521758e-09, 4.31436575354e-09, 3.08165515328e-09, 3.5527156772e-09, 2.02109640135e-09, 1.7519097284e-09, 3.18227799667e-09, 3.33093019833e-09], "median": [3.87870727536e-07, 1.25492952066e-05, 0.000341402483173, 0.00216793408617, 0.000733457272872, 0.000740090967156, 0.0012233145535, 0.000376538024284, 0.000171708859853, 0.000109466942376, 1.25284750538e-05, 4.84001986933e-07, 3.26253200456e-07, 5.18240426572e-07, 5.35479557584e-07, 2.58969407696e-07, 1.01681052911e-07, 2.73597091649e-08, 1.8585062378e-08, 8.9641352119e-09, 8.54641069026e-09, 6.72136213353e-09, 2.15078022059e-09, 1.23895538273e-09, 7.30443483477e-10, 6.28811003267e-10, 9.24335441521e-10, 1.66646463295e-09, 1.07609476885e-09, 1.36778532944e-10, 8.09271677449e-11, 5.95174604046e-11, 9.67550553566e-11, 6.42024211572e-10, 9.28816745738e-10, 4.66461425042e-10, 1.58304397369e-10, 9.97286350723e-11, 7.94270926807e-10, 1.12294451515e-09], "min": [1.18400350201e-24, 1.50838330346e-24, 1.51772558594e-24, 1.26884115364e-24, 3.24827361677e-24, 4.54916678063e-24, 3.59228126361e-24, 4.67957337687e-24, 2.34910747446e-24, 2.57712377481e-24, 2.37438652217e-24, 2.13685695373e-24, 2.05654065839e-24, 3.53399193689e-24, 4.89940287874e-24, 4.23429137259e-24, 4.4746533461e-24, 2.36756011432e-24, 4.92229365006e-24, 4.68442763245e-24, 5.58685887004e-24, 4.15322999812e-24, 2.99379241355e-24, 4.80946208593e-24, 5.1504432679e-24, 5.48207723702e-24, 4.99496075564e-24, 4.87159000981e-24, 5.88827670547e-24, 5.33065735841e-24, 4.47789359227e-24, 5.70151585831e-24, 6.56871696231e-24, 5.63659576126e-24, 5.89872004056e-24, 7.57195160738e-24, 5.2965525349e-24, 6.60061021428e-24, 7.68681369949e-24, 6.75477532883e-24], "var": [5.23683906569e-13, 1.55911528132e-09, 1.55751891384e-07, 8.57976010593e-06, 1.93754067368e-06, 1.01921295936e-06, 4.1486587179e-06, 2.84474623413e-07, 2.68086807864e-07, 6.54672987821e-07, 3.239641444e-07, 1.16587295373e-10, 5.03107147956e-12, 2.88828986769e-12, 1.23519814169e-12, 3.81441650184e-13, 1.05438125949e-13, 3.75747415292e-15, 1.53197057582e-15, 1.32016839917e-15, 9.84666695579e-16, 2.24096886347e-16, 6.4700728143e-16, 2.76871247656e-17, 7.92850549181e-18, 4.79259017054e-18, 1.1308466887e-16, 1.42590505723e-16, 3.95472509763e-16, 2.26626014231e-17, 1.15815592428e-17, 1.4123534896e-17, 2.82212154348e-17, 6.80182610594e-17, 1.9092355896e-17, 3.59295428183e-17, 9.26842227886e-18, 9.07183453448e-18, 1.89622982883e-17, 2.91158278109e-17]}, "mfcc": {"mean": [-881.902587891, 234.640640259, 79.8742980957, -18.133430481, -36.4606246948, -36.9583587646, -38.9902992249, -36.671245575, -21.53972435, -8.47666549683, -9.50392436981, -4.99333095551, -12.1715021133], "cov": [[987.008178711, 587.725219727, 296.809753418, 89.7426223755, 92.5985565186, 70.7392807007, 65.1635818481, 44.7545547485, 37.2811317444, -3.03129220009, -113.276069641, -60.6264877319, -77.5466156006], [587.725219727, 586.478942871, 203.542831421, 17.8270263672, 26.9719257355, 72.3042526245, 67.1777267456, 25.8348617554, -6.40785121918, -12.3101511002, -59.5131492615, -75.8242034912, -106.895324707], [296.809753418, 203.542831421, 320.938720703, 185.942749023, 72.3622665405, 60.4959564209, 93.6200637817, 57.6373443604, 74.9891204834, 64.3813552856, -80.8623352051, -111.511360168, -129.816574097], [89.7426223755, 17.8270263672, 185.942749023, 244.826919556, 159.190216064, 59.5953140259, 31.9198551178, 28.1197834015, 37.3545417786, 0.831588447094, -57.2596817017, -73.001083374, -32.6315383911], [92.5985565186, 26.9719257355, 72.3622665405, 159.190216064, 169.488479614, 84.6413040161, 11.1848402023, 12.9422922134, 6.40579175949, -44.6460075378, -38.7935028076, -26.9615325928, -2.55316638947], [70.7392807007, 72.3042526245, 60.4959564209, 59.5953140259, 84.6413040161, 108.989906311, 77.1121139526, 33.7303657532, -10.1761598587, -46.6253051758, -36.9312782288, -20.7466487885, -44.6138954163], [65.1635818481, 67.1777267456, 93.6200637817, 31.9198551178, 11.1848402023, 77.1121139526, 132.078659058, 75.9312896729, 0.42704603076, -15.4396190643, -35.4861373901, -33.9650611877, -70.6610946655], [44.7545547485, 25.8348617554, 57.6373443604, 28.1197834015, 12.9422922134, 33.7303657532, 75.9312896729, 87.2305526733, 33.6536026001, -22.4295444489, -37.1949424744, -11.0607042313, -58.1928672791], [37.2811317444, -6.40785121918, 74.9891204834, 37.3545417786, 6.40579175949, -10.1761598587, 0.42704603076, 33.6536026001, 123.412063599, 105.327453613, -52.0913047791, -83.5120773315, -69.4813079834], [-3.03129220009, -12.3101511002, 64.3813552856, 0.831588447094, -44.6460075378, -46.6253051758, -15.4396190643, -22.4295444489, 105.327453613, 212.832397461, 8.082903862, -117.93170929, -56.1760177612], [-113.276069641, -59.5131492615, -80.8623352051, -57.2596817017, -38.7935028076, -36.9312782288, -35.4861373901, -37.1949424744, -52.0913047791, 8.082903862, 101.557510376, 80.6900177002, 55.866973877], [-60.6264877319, -75.8242034912, -111.511360168, -73.001083374, -26.9615325928, -20.7466487885, -33.9650611877, -11.0607042313, -83.5120773315, -117.93170929, 80.6900177002, 194.244506836, 111.009979248], [-77.5466156006, -106.895324707, -129.816574097, -32.6315383911, -2.55316638947, -44.6138954163, -70.6610946655, -58.1928672791, -69.4813079834, -56.1760177612, 55.866973877, 111.009979248, 201.620620728]], "icov": [[0.00651820236817, -0.00530911143869, -0.00484535656869, 0.0105177406222, -0.0192200411111, 0.0169121921062, -0.00930319353938, 0.00361918681301, 0.00493214512244, -0.0074610337615, 0.0134289311245, -0.00954375788569, 0.000712283188477], [-0.00530911143869, 0.00904398038983, -0.00514162937179, 0.0015681097284, 0.0107712401077, -0.015318649821, 0.0129491714761, -0.00732031604275, -0.000657646043692, 0.00856628920883, -0.0135843548924, 0.0131897190586, -0.00246950145811], [-0.00484535656869, -0.00514162937179, 0.035959161818, -0.0433610826731, 0.0325303338468, -0.0130578661337, -0.00659294193611, 0.0075058392249, -0.00394033128396, -0.0100455526263, 0.00795877445489, -0.0136281875893, 0.0100651783869], [0.0105177406222, 0.0015681097284, -0.0433610826731, 0.0808339864016, -0.0910747349262, 0.0664436817169, -0.0349725261331, 0.0168075412512, -0.00202634278685, 0.0102864932269, 0.00373196764849, 0.00588769838214, -0.00592385977507], [-0.0192200411111, 0.0107712401077, 0.0325303338468, -0.0910747349262, 0.151677966118, -0.140321940184, 0.097813077271, -0.056660939008, 0.00352909858339, 0.00550316646695, -0.035679217428, 0.027535777539, -0.00920452922583], [0.0169121921062, -0.015318649821, -0.0130578661337, 0.0664436817169, -0.140321940184, 0.170426011086, -0.13822349906, 0.0935121253133, -0.0310367047787, 0.0118298940361, 0.0303705688566, -0.031776394695, 0.0168916843832], [-0.00930319353938, 0.0129491714761, -0.00659294193611, -0.0349725261331, 0.097813077271, -0.13822349906, 0.155639097095, -0.124212563038, 0.0708837658167, -0.0348902307451, -0.00291882292368, 0.0228871759027, -0.0143559435382], [0.00361918681301, -0.00732031604275, 0.0075058392249, 0.0168075412512, -0.056660939008, 0.0935121253133, -0.124212563038, 0.128195106983, -0.0831478536129, 0.0497486405075, -0.0144797991961, -0.0107150990516, 0.0136255463585], [0.00493214512244, -0.000657646043692, -0.00394033128396, -0.00202634278685, 0.00352909858339, -0.0310367047787, 0.0708837658167, -0.0831478536129, 0.111119940877, -0.0821993350983, 0.0707612559199, -0.0318863391876, 0.00604400644079], [-0.0074610337615, 0.00856628920883, -0.0100455526263, 0.0102864932269, 0.00550316646695, 0.0118298940361, -0.0348902307451, 0.0497486405075, -0.0821993350983, 0.0838794186711, -0.0770583003759, 0.0512666329741, -0.0101439729333], [0.0134289311245, -0.0135843548924, 0.00795877445489, 0.00373196764849, -0.035679217428, 0.0303705688566, -0.00291882292368, -0.0144797991961, 0.0707612559199, -0.0770583003759, 0.102816842496, -0.0661845579743, 0.0156236365438], [-0.00954375788569, 0.0131897190586, -0.0136281875893, 0.00588769838214, 0.027535777539, -0.031776394695, 0.0228871759027, -0.0107150990516, -0.0318863391876, 0.0512666329741, -0.0661845579743, 0.0607681237161, -0.0180773586035], [0.000712283188477, -0.00246950145811, 0.0100651783869, -0.00592385977507, -0.00920452922583, 0.0168916843832, -0.0143559435382, 0.0136255463585, 0.00604400644079, -0.0101439729333, 0.0156236365438, -0.0180773586035, 0.0168494898826]]}, "spectral_contrast_coeffs": {"dmean": [0.0362803004682, 0.0282028112561, 0.0234462544322, 0.0194517504424, 0.0164332687855, 0.0517211481929], "dmean2": [0.0649401843548, 0.0460356101394, 0.0380897000432, 0.0311531703919, 0.0278660356998, 0.0938493907452], "dvar": [0.000762332754675, 0.000529998505954, 0.000342405925039, 0.000221828187932, 0.000158764989465, 0.00155160750728], "dvar2": [0.00239671487361, 0.00147926725913, 0.000917871366255, 0.000574524572585, 0.000457704911241, 0.00473802117631], "max": [-0.168469488621, -0.374657332897, -0.351083993912, -0.636213302612, -0.688324689865, -0.672736287117], "mean": [-0.341243416071, -0.669385492802, -0.619375765324, -0.776946127415, -0.788591980934, -0.85137963295], "median": [-0.32660228014, -0.673186004162, -0.644508361816, -0.777446627617, -0.787809669971, -0.859880149364], "min": [-0.978823006153, -0.976777791977, -0.991157412529, -0.979751944542, -0.963301479816, -0.963428497314], "var": [0.00832726992667, 0.005171562545, 0.0114328414202, 0.00111650628969, 0.000902751344256, 0.00301478710026]}, "spectral_contrast_valleys": {"dmean": [0.445217937231, 0.187710523605, 0.249717786908, 0.215091690421, 0.214332431555, 0