{"lowlevel": {"average_loudness": 0.603656232357, "barkbands_crest": {"dmean": 3.20655012131, "dmean2": 5.21399593353, "dvar": 9.01623058319, "dvar2": 21.6572551727, "max": 25.8455924988, "mean": 12.6250314713, "median": 12.2956781387, "min": 2.63336205482, "var": 24.5845241547}, "barkbands_flatness_db": {"dmean": 0.0343105010688, "dmean2": 0.0514006204903, "dvar": 0.00123093149159, "dvar2": 0.00265963096172, "max": 0.523723483086, "mean": 0.161320909858, "median": 0.153833374381, "min": 0.0225603152066, "var": 0.0048620835878}, "barkbands_kurtosis": {"dmean": 8.66540527344, "dmean2": 13.2036914825, "dvar": 461.343963623, "dvar2": 1142.97253418, "max": 571.982299805, "mean": 12.896027565, "median": 4.05263233185, "min": -1.86297440529, "var": 765.081237793}, "barkbands_skewness": {"dmean": 0.951424896717, "dmean2": 1.40330004692, "dvar": 1.27525150776, "dvar2": 2.91306400299, "max": 19.4427375793, "mean": 2.38892054558, "median": 1.86907446384, "min": -7.98626708984, "var": 4.49034881592}, "barkbands_spread": {"dmean": 7.67641401291, "dmean2": 11.5663127899, "dvar": 95.9856109619, "dvar2": 204.632354736, "max": 141.530288696, "mean": 20.2951030731, "median": 15.0638389587, "min": 0.130932211876, "var": 277.97253418}, "dissonance": {"dmean": 0.0216132290661, "dmean2": 0.0361543595791, "dvar": 0.000614236167166, "dvar2": 0.00155439844821, "max": 0.500000178814, "mean": 0.465117752552, "median": 0.474109470844, "min": 0.22526858747, "var": 0.00106989697088}, "dynamic_complexity": 4.24227428436, "erbbands_crest": {"dmean": 3.43985557556, "dmean2": 5.38228178024, "dvar": 12.8301763535, "dvar2": 30.6499195099, "max": 33.9953346252, "mean": 10.4023447037, "median": 8.88057994843, "min": 2.37490224838, "var": 33.9248161316}, "erbbands_flatness_db": {"dmean": 0.0238391589373, "dmean2": 0.0351842492819, "dvar": 0.000667589483783, "dvar2": 0.00146397540811, "max": 0.439744383097, "mean": 0.149708628654, "median": 0.133279025555, "min": 0.0360401757061, "var": 0.00364744849503}, "erbbands_kurtosis": {"dmean": 1.92188251019, "dmean2": 3.00490474701, "dvar": 25.9204387665, "dvar2": 58.9899787903, "max": 201.059020996, "mean": 1.48314285278, "median": 0.0960495471954, "min": -1.89760494232, "var": 35.7949981689}, "erbbands_skewness": {"dmean": 0.51365339756, "dmean2": 0.770877957344, "dvar": 0.338967144489, "dvar2": 0.759046852589, "max": 12.0960845947, "mean": 0.495726406574, "median": 0.482112944126, "min": -4.97131252289, "var": 1.03228569031}, "erbbands_spread": {"dmean": 11.8482999802, "dmean2": 17.433675766, "dvar": 135.029541016, "dvar2": 276.904266357, "max": 150.797546387, "mean": 46.0552635193, "median": 43.0249404907, "min": 0.845384418964, "var": 692.445373535}, "hfc": {"dmean": 8.60394287109, "dmean2": 13.3623523712, "dvar": 202.391296387, "dvar2": 505.755004883, "max": 214.811813354, "mean": 20.2319698334, "median": 13.4168138504, "min": 1.19083170914e-16, "var": 451.465362549}, "melbands_crest": {"dmean": 3.94922065735, "dmean2": 6.13374328613, "dvar": 12.8896417618, "dvar2": 30.6022834778, "max": 34.4251098633, "mean": 17.6077365875, "median": 17.8144493103, "min": 2.61452865601, "var": 38.5469055176}, "melbands_flatness_db": {"dmean": 0.0423154942691, "dmean2": 0.0629364326596, "dvar": 0.00213871686719, "dvar2": 0.00453085172921, "max": 0.661444425583, "mean": 0.235971480608, "median": 0.230189144611, "min": 0.008470303379, "var": 0.00820552650839}, "melbands_kurtosis": {"dmean": 19.1504192352, "dmean2": 28.3931179047, "dvar": 1293.55175781, "dvar2": 2760.4987793, "max": 676.552429199, "mean": 34.330909729, "median": 13.8463401794, "min": -1.83609116077, "var": 2969.91967773}, "melbands_skewness": {"dmean": 1.26753425598, "dmean2": 1.87375891209, "dvar": 1.95260953903, "dvar2": 4.0094537735, "max": 20.1352844238, "mean": 3.86469054222, "median": 3.25574111938, "min": -3.58370304108, "var": 8.05888557434}, "melbands_spread": {"dmean": 9.06391143799, "dmean2": 14.3083076477, "dvar": 230.684738159, "dvar2": 539.343017578, "max": 179.244552612, "mean": 19.2096939087, "median": 13.2466421127, "min": 0.230893418193, "var": 423.132202148}, "pitch_salience": {"dmean": 0.0928131043911, "dmean2": 0.143725126982, "dvar": 0.00859854370356, "dvar2": 0.0185977853835, "max": 0.91516238451, "mean": 0.468592315912, "median": 0.480429559946, "min": 0.0426288992167, "var": 0.021597199142}, "silence_rate_20dB": {"dmean": 0, "dmean2": 0, "dvar": 0, "dvar2": 0, "max": 1, "mean": 1, "median": 1, "min": 1, "var": 0}, "silence_rate_30dB": {"dmean": 0.0596389435232, "dmean2": 0.119297116995, "dvar": 0.0560842044652, "dvar2": 0.122792825103, "max": 1, "mean": 0.913618028164, "median": 1, "min": 0, "var": 0.0789266079664}, "silence_rate_60dB": {"dmean": 0.0299806576222, "dmean2": 0.0599709823728, "dvar": 0.0290831290185, "dvar2": 0.0686302036047, "max": 1, "mean": 0.103464946151, "median": 0, "min": 0, "var": 0.0927653610706}, "spectral_centroid": {"dmean": 358.94329834, "dmean2": 540.005737305, "dvar": 206455.546875, "dvar2": 404394.96875, "max": 10730.7568359, "mean": 1283.32629395, "median": 1056.26513672, "min": 93.096031189, "var": 651990}, "spectral_complexity": {"dmean": 3.97356534004, "dmean2": 6.35466718674, "dvar": 25.464099884, "dvar2": 62.0782623291, "max": 51, "mean": 14.1021757126, "median": 13, "min": 0, "var": 73.2068252563}, "spectral_decrease": {"dmean": 4.52009141227e-09, "dmean2": 6.84858925126e-09, "dvar": 4.32351920622e-17, "dvar2": 9.96575952348e-17, "max": 6.20433528535e-16, "mean": -1.07084057177e-08, "median": -8.3089828351e-09, "min": -7.38770893349e-08, "var": 1.20642532101e-16}, "spectral_energy": {"dmean": 0.0174507331103, "dmean2": 0.026516970247, "dvar": 0.00063451519236, "dvar2": 0.00146688020322, "max": 0.286245942116, "mean": 0.0422510206699, "median": 0.033396396786, "min": 1.07803121125e-20, "var": 0.00179456081241}, "spectral_energyband_high": {"dmean": 0.000725961464923, "dmean2": 0.00113746582065, "dvar": 2.45093383455e-06, "dvar2": 6.17987598162e-06, "max": 0.0247890651226, "mean": 0.00125974742696, "median": 0.000457715446828, "min": 7.70921344907e-21, "var": 4.06772323913e-06}, "spectral_energyband_low": {"dmean": 0.0154043165967, "dmean2": 0.0231385286897, "dvar": 0.000657189113554, "dvar2": 0.00147544860374, "max": 0.25619110465, "mean": 0.0292386803776, "median": 0.0196853410453, "min": 3.24198765753e-23, "var": 0.00146355549805}, "spectral_energyband_middle_high": {"dmean": 0.00232764752582, "dmean2": 0.00366316735744, "dvar": 3.30900875269e-05, "dvar2": 7.60387556511e-05, "max": 0.144790545106, "mean": 0.00420348672196, "median": 0.00188096123748, "min": 1.87118311589e-21, "var": 6.00494349783e-05}, "spectral_energyband_middle_low": {"dmean": 0.00527566531673, "dmean2": 0.00814466923475, "dvar": 0.000108269174234, "dvar2": 0.000220337649807, "max": 0.107202574611, "mean": 0.00985728297383, "median": 0.00632078433409, "min": 2.40435741477e-22, "var": 0.000157984977704}, "spectral_entropy": {"dmean": 0.246713384986, "dmean2": 0.369457960129, "dvar": 0.0779484733939, "dvar2": 0.169667378068, "max": 9.80498504639, "mean": 7.58413696289, "median": 7.63554573059, "min": 4.4110660553, "var": 0.255910009146}, "spectral_flux": {"dmean": 0.0410252921283, "dmean2": 0.0673264488578, "dvar": 0.00192278064787, "dvar2": 0.00472802110016, "max": 0.401732563972, "mean": 0.0999831333756, "median": 0.0817608982325, "min": 1.03828279308e-10, "var": 0.00525513058528}, "spectral_kurtosis": {"dmean": 1.7101534605, "dmean2": 2.77469658852, "dvar": 11.3368387222, "dvar2": 29.2893161774, "max": 66.3740081787, "mean": 4.07972288132, "median": 2.61761617661, "min": -1.19156682491, "var": 23.9730567932}, "spectral_rms": {"dmean": 0.00124490493909, "dmean2": 0.00185326952487, "dvar": 1.99922942556e-06, "dvar2": 4.15229442297e-06, "max": 0.0167112033814, "mean": 0.00560224335641, "median": 0.00570805137977, "min": 3.24305057635e-12, "var": 9.83547488431e-06}, "spectral_rolloff": {"dmean": 711.18182373, "dmean2": 1199.63061523, "dvar": 2138050.75, "dvar2": 4754231, "max": 19789.0136719, "mean": 1346.80664062, "median": 775.1953125, "min": 64.599609375, "var": 3745590}, "spectral_skewness": {"dmean": 0.25717279315, "dmean2": 0.392254441977, "dvar": 0.114129886031, "dvar2": 0.262251853943, "max": 5.93297529221, "mean": 1.45794844627, "median": 1.32527172565, "min": 0.0558575503528, "var": 0.403456240892}, "spectral_spread": {"dmean": 653790.0625, "dmean2": 948050.9375, "dvar": 743720091648, "dvar2": 1346632679420.0, "max": 39481244, "mean": 5260188, "median": 5180426.5, "min": 978418.8125, "var": 2975624331260.0}, "spectral_strongpeak": {"dmean": 0.482244312763, "dmean2": 0.813071548939, "dvar": 0.970412790775, "dvar2": 2.37623047829, "max": 15.9801225662, "mean": 0.797041654587, "median": 0.551609814167, "min": 0, "var": 1.32947719097}, "zerocrossingrate": {"dmean": 0.0147862490267, "dmean2": 0.0169211532921, "dvar": 0.000517024192959, "dvar2": 0.000650304951705, "max": 0.7841796875, "mean": 0.0557716339827, "median": 0.04345703125, "min": 0.00146484375, "var": 0.00285340519622}, "barkbands": {"dmean": [0.000394338800106, 0.00815651379526, 0.00986901205033, 0.00250881887041, 0.00290688872337, 0.000448068545666, 0.000664982537273, 0.000525943061803, 0.000484141928609, 0.000804492970929, 0.00128960574511, 0.000271972385235, 0.000124536862131, 9.07594003365e-05, 8.56834085425e-05, 0.000101679339423, 8.51957593113e-05, 9.61779078352e-05, 0.000202389201149, 0.000131507884362, 0.000188472666196, 0.000183419688256, 0.000166620389791, 9.38257871894e-05, 8.55210091686e-05, 3.52350471076e-05, 9.75108287093e-06], "dmean2": [0.000620056758635, 0.0119499303401, 0.0151848876849, 0.00417480710894, 0.00517475232482, 0.000798582215793, 0.00107879785355, 0.000763937307056, 0.000749722297769, 0.00111858977471, 0.00203903461806, 0.000441805168521, 0.000210557584069, 0.000152606095071, 0.000147261758684, 0.000173412481672, 0.000150053368998, 0.000167247402715, 0.000310246017762, 0.000216914282646, 0.000309146824293, 0.000309519004077, 0.000267179944785, 0.00015033823729, 0.000128638916067, 5.41658955626e-05, 1.59793689818e-05], "dvar": [1.47038792875e-06, 0.000201458882657, 0.000469491060358, 4.6748213208e-05, 6.34193056612e-05, 1.29371778712e-06, 2.41713132709e-06, 2.33438595387e-06, 3.51012272404e-06, 5.32683588972e-06, 2.05377873499e-05, 4.33394370702e-06, 6.97609223721e-08, 3.20890052308e-08, 3.02714866507e-08, 3.88273697638e-08, 3.69524961741e-08, 6.13806747651e-08, 9.04189846551e-07, 1.20116780522e-07, 1.56963992026e-07, 2.26357840916e-07, 1.60650529324e-07, 5.74585428126e-08, 4.4385693343e-08, 6.99398450266e-09, 7.53790252439e-10], "dvar2": [3.42759494742e-06, 0.00045970606152, 0.00107484904584, 0.000117426265206, 0.00017993657093, 3.72586441699e-06, 6.44390138405e-06, 4.34324419984e-06, 7.24318306311e-06, 9.03054933588e-06, 4.9204514653e-05, 9.00127088244e-06, 1.88120012012e-07, 8.3271899598e-08, 8.24041279657e-08, 1.02950124869e-07, 1.04740664142e-07, 1.70818168499e-07, 1.53642133682e-06, 2.96131048572e-07, 3.96863271135e-07, 6.19941260993e-07, 4.13389699361e-07, 1.53833482841e-07, 9.87411183928e-08, 1.59806567979e-08, 2.03928340881e-09], "max": [0.0265776216984, 0.22272823751, 0.223570615053, 0.0642757713795, 0.0915831178427, 0.0103390179574, 0.0569930188358, 0.0470772087574, 0.0545125454664, 0.0864364281297, 0.108968228102, 0.138922080398, 0.00535106379539, 0.00317873270251, 0.00447834050283, 0.00234372331761, 0.00345093384385, 0.00431732740253, 0.0525613948703, 0.00689545692876, 0.0057667568326, 0.0125830955803, 0.00841150153428, 0.0047923005186, 0.00327148661017, 0.00110925885383, 0.000637631223071], "mean": [0.000505306059495, 0.0139574697241, 0.0128563893959, 0.00253746146336, 0.00306449038908, 0.000622080115136, 0.00118591985665, 0.000973125570454, 0.000667004322167, 0.00141409225762, 0.00157672469504, 0.000394017639337, 0.000169603983522, 0.000128592568217, 0.000121977318486, 0.000121054094052, 0.000121142969874, 0.000119132040709, 0.000352620641934, 0.000226854608627, 0.000290542695438, 0.000271877128398, 0.000250183249591, 0.000145964091644, 0.000123400255688, 4.47235470347e-05, 9.34675517783e-06], "median": [3.72279355361e-05, 0.003874812508, 0.00410756189376, 0.000548152194824, 0.000827336276416, 0.00035171667696, 0.000419637042796, 0.000327342480887, 0.000213207546039, 0.000359238765668, 0.000202608047402, 9.71552653937e-05, 7.39817041904e-05, 5.95701203565e-05, 6.36276599835e-05, 5.01738541061e-05, 4.47588063253e-05, 5.88555449212e-05, 0.000104696016933, 8.66416230565e-05, 0.000101750651083, 9.47173612076e-05, 7.48256861698e-05, 3.85779458156e-05, 2.32999009313e-05, 7.17076636647e-06, 1.09768927814e-06], "min": [1.53486978167e-23, 1.37558314546e-23, 1.55324140551e-23, 3.15879312429e-24, 4.88558976652e-23, 3.61572755077e-23, 3.01951531385e-23, 2.67165668473e-23, 8.07922561482e-23, 3.39229248125e-23, 1.02665507338e-22, 2.89155841471e-22, 3.17438101577e-23, 1.24120838953e-22, 1.78680112611e-22, 1.61635188721e-22, 1.6224170285e-22, 2.89422085182e-22, 3.11125428355e-22, 3.41260394561e-22, 3.51325477162e-22, 5.73973982948e-22, 6.14277934203e-22, 8.0489429486e-22, 9.57317367878e-22, 1.71752462359e-21, 2.7347162565e-21], "var": [1.99959436031e-06, 0.000512019614689, 0.000568546529394, 3.9650938561e-05, 4.34523353761e-05, 1.04970717985e-06, 4.72334158985e-06, 4.96266648042e-06, 4.64208596895e-06, 1.37652841659e-05, 2.74643152807e-05, 9.67557389231e-06, 9.0657088947e-08, 4.25830961603e-08, 3.16711386006e-08, 3.89060588191e-08, 4.07427975802e-08, 4.6222755401e-08, 2.78708444057e-06, 2.17286512338e-07, 2.34936891275e-07, 2.54769730645e-07, 2.03332874094e-07, 7.6102153912e-08, 8.23957080343e-08, 1.10625597571e-08, 6.81207201758e-10]}, "erbbands": {"dmean": [0.196326464415, 2.06843090057, 9.76329994202, 10.3761072159, 6.6298122406, 11.6889772415, 5.64957714081, 3.46926593781, 6.23843050003, 14.2317962646, 6.94149827957, 10.132276535, 27.0422668457, 39.9508972168, 33.9369659424, 9.42076206207, 5.84164714813, 4.81551456451, 3.96158289909, 4.81214046478, 5.25624132156, 4.80305624008, 4.29091215134, 9.04662036896, 7.25124645233, 6.80427455902, 7.10065221786, 7.8075594902, 5.86168813705, 6.55859708786, 4.69415950775, 2.14185810089, 1.55536627769, 1.06592345238, 0.542016267776, 0.215777888894, 0.049896825105, 0.00988055113703, 0.00176020828076, 9.61829719017e-05], "dmean2": [0.317487359047, 2.97530627251, 14.8771514893, 15.7204942703, 10.8528594971, 20.9930038452, 10.3910684586, 6.02881669998, 10.1397361755, 21.6368255615, 10.5380277634, 15.7730693817, 37.1345329285, 63.0560760498, 53.4587898254, 15.106385231, 9.84621143341, 8.07984256744, 6.89394855499, 8.1125125885, 9.05042076111, 8.43858909607, 7.46440219879, 14.4654188156, 11.1303024292, 11.1868467331, 11.6429662704, 13.0163173676, 9.88077735901, 10.7520418167, 7.59102249146, 3.39434933662, 2.52985453606, 1.68279743195, 0.810310781002, 0.330639213324, 0.0770694315434, 0.0154553567991, 0.00286707514897, 0.000160880299518], "dvar": [0.151927396655, 12.8554639816, 408.163604736, 583.866394043, 272.521697998, 1043.95996094, 250.765167236, 64.556098938, 190.163406372, 981.828430176, 347.214324951, 1141.71691895, 7364.77880859, 21704.2519531, 23011.6191406, 2057.04321289, 152.116424561, 89.6729354858, 63.3951873779, 87.9863357544, 115.755493164, 116.171157837, 112.057067871, 844.033874512, 940.192871094, 351.609191895, 246.063446045, 290.019073486, 199.950637817, 271.689086914, 147.797729492, 22.9011077881, 19.5229091644, 7.18429327011, 1.90599560738, 0.296173125505, 0.0128184184432, 0.000536802748684, 2.89477611659e-05, 5.37979012449e-08], "dvar2": [0.405355900526, 28.0975227356, 948.591918945, 1277.9095459, 690.48614502, 2976.92895508, 727.8828125, 182.593688965, 503.205963135, 2088.10180664, 715.974853516, 2614.0390625, 13055.03125, 50287.2734375, 55066.0976562, 4296.69335938, 403.546661377, 233.268173218, 175.667236328, 237.497024536, 316.884460449, 328.395263672, 311.642669678, 1673.40734863, 1615.08654785, 847.600830078, 611.43927002, 770.461608887, 547.391479492, 704.870117188, 393.041900635, 58.2442512512, 53.6005249023, 17.8180713654, 3.85247182846, 0.678315460682, 0.0297484192997, 0.00134537322447, 7.85176744103e-05, 1.45037333255e-07], "max": [5.16265535355, 55.2456855774, 213.043945312, 239.386367798, 167.264175415, 445.099975586, 158.36138916, 85.6630630493, 461.895050049, 764.539611816, 777.500244141, 1151.82409668, 2729.70629883, 3848.06201172, 5234.37011719, 2857.86547852, 260.506072998, 148.349304199, 104.404853821, 173.94178772, 152.347991943, 183.809448242, 195.041809082, 1435.57629395, 1678.76208496, 426.024139404, 285.065734863, 277.88873291, 214.386642456, 470.858947754, 280.231292725, 54.2804298401, 94.1000900269, 35.5364494324, 23.017988205, 8.62532901764, 1.60136973858, 0.322770863771, 0.136127099395, 0.00375593989156], "mean": [0.301496148109, 3.56849527359, 13.4473142624, 13.3258218765, 7.39088916779, 12.1843147278, 6.11522483826, 5.37898111343, 11.5610408783, 27.5246982574, 13.1634368896, 15.6376371384, 48.1560401917, 53.598400116, 43.7727241516, 14.4666614532, 8.4160823822, 7.15922403336, 5.61950397491, 7.06358146667, 6.52465486526, 6.94346618652, 5.93571090698, 14.6410017014, 13.4862909317, 11.6669988632, 10.5633916855, 11.7735157013, 9.03570461273, 9.66282844543, 6.81106138229, 3.49735379219, 2.31685996056, 1.52009439468, 0.775287687778, 0.278234779835, 0.0614795573056, 0.0110705168918, 0.00173241784796, 0.000128182902699], "median": [0.0657889321446, 1.08111619949, 5.09102487564, 4.68847322464, 2.13877820969, 2.82713699341, 2.63277506828, 2.98312115669, 4.67888498306, 9.75600719452, 5.75224018097, 6.01751613617, 11.7221498489, 10.1598157883, 7.03295707703, 4.62725448608, 3.84496927261, 3.46449327469, 2.89470529556, 3.7270116806, 3.0935781002, 2.60717082024, 3.14789772034, 5.81938505173, 4.36573696136, 4.23572969437, 4.26659536362, 3.83198881149, 3.25832748413, 2.92188811302, 2.05153489113, 0.985826253891, 0.592728316784, 0.300164997578, 0.142195418477, 0.0462132319808, 0.00988819822669, 0.00156954070553, 0.000216032392927, 6.02502441325e-05], "min": [2.98769064545e-22, 3.72712882173e-21, 1.59844494661e-20, 1.40519439132e-20, 7.36918405617e-20, 9.20319404692e-20, 5.37849171099e-19, 1.47563967723e-19, 4.19351205653e-19, 4.38665562763e-19, 5.65965195216e-19, 1.29052169677e-18, 2.13666521807e-18, 1.47741333341e-18, 6.36423002567e-18, 1.15294294934e-17, 2.9859135618e-18, 4.36013849194e-18, 8.94266449156e-18, 1.01594339377e-17, 7.96866014746e-18, 9.5340746413e-18, 1.68441799072e-17, 1.38444540835e-17, 1.69717427381e-17, 1.57460678655e-17, 1.24229872142e-17, 1.78449030122e-17, 1.90208726019e-17, 1.62985186356e-17, 1.82733610628e-17, 2.09520018425e-17, 1.09918638385e-17, 1.00775215504e-17, 7.72417450971e-18, 6.48027643458e-18, 3.1569137147e-18, 1.42938391832e-18, 4.02289183802e-19, 3.60558787853e-20], "var": [0.320029705763, 32.8836784363, 546.52923584, 686.208679199, 243.388702393, 731.285095215, 164.867172241, 65.9650650024, 392.981750488, 2604.14111328, 631.160644531, 1542.43774414, 17438.1582031, 28490.6542969, 34012.0898438, 4611.40722656, 209.689743042, 122.946426392, 62.0299873352, 97.741569519, 104.212562561, 134.180877686, 92.998588562, 2235.87963867, 3002.64990234, 663.329956055, 313.593139648, 422.477813721, 250.444274902, 326.629547119, 163.950027466, 36.0802192688, 22.5307559967, 11.2978811264, 3.74317860603, 0.472596257925, 0.0194149706513, 0.000621511484496, 2.68081930699e-05, 5.44445093453e-08]}, "gfcc": {"mean": [-23.7575092316, 81.5182189941, -101.583511353, 34.6032524109, -62.0060920715, 18.8220329285, -20.2148284912, 11.8142385483, -18.3085575104, -0.596235990524, -15.9449634552, -2.66444087029, -11.8505830765], "cov": [[16710.9179688, -1001.77355957, 2241.18408203, 1940.88110352, -586.034301758, 1215.39379883, -10.770819664, 348.155822754, -865.914245605, 39.113494873, -449.137664795, 328.337310791, -225.229568481], [-1001.77355957, 1671.88037109, 51.9082183838, -158.145141602, 366.30758667, -20.2033882141, 269.19821167, 25.5401325226, 219.922576904, -75.2996368408, 64.8019943237, -159.93081665, 31.8177890778], [2241.18408203, 51.9082183838, 1454.88769531, 637.452514648, 368.313659668, 397.037017822, 97.8739089966, 148.014572144, -109.886947632, 29.0347232819, -112.461799622, 12.5752515793, -126.093399048], [1940.88110352, -158.145141602, 637.452514648, 827.803100586, 172.16468811, 329.327301025, 116.900505066, 188.379333496, -38.1048774719, 45.4358024597, -35.0066490173, -4.15370798111, -70.6846313477], [-586.034301758, 366.30758667, 368.313659668, 172.16468811, 526.981506348, 108.797843933, 138.248809814, 57.7895011902, 76.4597244263, -2.86101007462, 10.7503700256, -30.0625019073, -15.969918251], [1215.39379883, -20.2033882141, 397.037017822, 329.327301025, 108.797843933, 343.323730469, 175.065124512, 168.235473633, 1.06779849529, 32.7975654602, -27.4105072021, 19.7182865143, -20.4052009583], [-10.770819664, 269.19821167, 97.8739089966, 116.900505066, 138.248809814, 175.065124512, 298.626556396, 188.221313477, 125.355438232, 29.5986557007, 34.3999900818, -23.7655639648, 6.15061664581], [348.155822754, 25.5401325226, 148.014572144, 188.379333496, 57.7895011902, 168.235473633, 188.221313477, 248.502655029, 120.522628784, 99.2188034058, 24.6014842987, -3.29972720146, -31.8442153931], [-865.914245605, 219.922576904, -109.886947632, -38.1048774719, 76.4597244263, 1.06779849529, 125.355438232, 120.522628784, 231.885116577, 102.3567276, 71.8533630371, -49.4993743896, -8.57552719116], [39.113494873, -75.2996368408, 29.0347232819, 45.4358024597, -2.86101007462, 32.7975654602, 29.5986557007, 99.2188034058, 102.3567276, 162.300460815, 68.202255249, 21.6901397705, -38.9079666138], [-449.137664795, 64.8019943237, -112.461799622, -35.0066490173, 10.7503700256, -27.4105072021, 34.3999900818, 24.6014842987, 71.8533630371, 68.202255249, 115.263397217, 30.4604873657, 12.9822530746], [328.337310791, -159.93081665, 12.5752515793, -4.15370798111, -30.0625019073, 19.7182865143, -23.7655639648, -3.29972720146, -49.4993743896, 21.6901397705, 30.4604873657, 105.364685059, 38.8482437134], [-225.229568481, 31.8177890778, -126.093399048, -70.6846313477, -15.969918251, -20.4052009583, 6.15061664581, -31.8442153931, -8.57552719116, -38.9079666138, 12.9822530746, 38.8482437134, 92.5332336426]], "icov": [[0.000196832363144, -0.000204757438041, -2.77981889667e-05, -0.000336350902217, 0.000436001137132, -0.000336569850333, -3.85487583117e-05, 5.36530096724e-05, 0.000547690491658, -0.000460901967017, 0.000719355826732, -0.000735446694307, 0.000341543054674], [-0.000204757438041, 0.00140701350756, -0.000347599328961, 0.00073057343252, -0.000821719353553, 0.000538247055374, -0.000832856807392, 0.00034221689566, -0.00103461672552, 0.00124787399545, -0.00197295611724, 0.00257296464406, -0.00112237071153], [-2.77981889667e-05, -0.000347599328961, 0.00185148848686, -0.000594475190155, -0.000941155478358, -0.00107274495531, 0.00044387523667, 3.98042320739e-05, 0.00067904376192, -0.000686016457621, 0.00152711954433, -0.00130133808125, 0.00181251263712], [-0.000336350902217, 0.00073057343252, -0.000594475190155, 0.00332233076915, -0.00120055442676, -0.00109011505265, 0.0010586011922, -0.0019593948964, 0.000358352728654, 0.00108973425813, -0.003039220348, 0.0036430421751, -0.00114600697998], [0.000436001137132, -0.000821719353553, -0.000941155478358, -0.00120055442676, 0.00421083392575, -0.000491872197017, -0.00119223294314, 0.001550989924, -0.000748435209971, -2.33141036006e-05, 0.00144483533222, -0.00268196663819, 0.00121957797091], [-0.000336569850333, 0.000538247055374, -0.00107274495531, -0.00109011505265, -0.000491872197017, 0.00981674343348, -0.00470073800534, -0.00149513559882, 0.000774270563852, -0.000854527170304, 0.00142619712278, -0.000358044606401, -0.00175836577546], [-3.85487583117e-05, -0.000832856807392, 0.00044387523667, 0.0010586011922, -0.00119223294314, -0.00470073800534, 0.0129683008417, -0.00815683137625, -0.00201297341846, 0.00526583567262, -0.00423244014382, 0.00177464110311, -0.00142900890205], [5.36530096724e-05, 0.00034221689566, 3.98042320739e-05, -0.0019593948964, 0.001550989924, -0.00149513559882, -0.00815683137625, 0.0166722796857, -0.00535592902452, -0.0049571339041, 0.00491284020245, -0.00449692225084, 0.00340609881096], [0.000547690491658, -0.00103461672552, 0.00067904376192, 0.000358352728654, -0.000748435209971, 0.000774270563852, -0.00201297341846, -0.00535592902452, 0.0192327816039, -0.0114238569513, -0.00165238592308, 0.00960598327219, -0.00560199841857], [-0.000460901967017, 0.00124787399545, -0.000686016457621, 0.00108973425813, -2.33141036006e-05, -0.000854527170304, 0.00526583567262, -0.0049571339041, -0.0114238569513, 0.0228349007666, -0.00934831425548, -0.0058196047321, 0.00839586183429], [0.000719355826732, -0.00197295611724, 0.00152711954433, -0.003039220348, 0.00144483533222, 0.00142619712278, -0.00423244014382, 0.00491284020245, -0.00165238592308, -0.00934831425548, 0.0231996867806, -0.0127647183836, 0.00274486141279], [-0.000735446694307, 0.00257296464406, -0.00130133808125, 0.0036430421751, -0.00268196663819, -0.000358044606401, 0.00177464110311, -0.00449692225084, 0.00960598327219, -0.0058196047321, -0.0127647183836, 0.0311057791114, -0.0166976656765], [0.000341543054674, -0.00112237071153, 0.00181251263712, -0.00114600697998, 0.00121957797091, -0.00175836577546, -0.00142900890205, 0.00340609881096, -0.00560199841857, 0.00839586183429, 0.00274486141279, -0.0166976656765, 0.0243447087705]]}, "melbands": {"dmean": [0.00199064891785, 0.00397549662739, 0.00156310293823, 0.0007050530985, 0.000258691812633, 7.87597964518e-05, 0.000110710738227, 0.000153598171892, 4.85965247208e-05, 7.3993614933e-05, 0.000134463931317, 0.000151064406964, 0.000130347485538, 4.77724170196e-05, 1.27837683976e-05, 1.25951846712e-05, 9.22415165405e-06, 6.35247761238e-06, 6.826583558e-06, 7.27521683075e-06, 6.08172149441e-06, 5.28311238668e-06, 3.75643344341e-06, 4.77728326587e-06, 8.03393504611e-06, 9.07208413992e-06, 3.40184783454e-06, 4.84437623527e-06, 4.6975155783e-06, 4.43895623903e-06, 5.03013188791e-06, 3.47086029251e-06, 3.95856523028e-06, 3.64907918993e-06, 3.23678909808e-06, 1.67903999682e-06, 1.31593731112e-06, 1.1813619949e-06, 1.06850166048e-06, 8.86849875315e-07], "dmean2": [0.00304191722535, 0.00597977684811, 0.00231587328017, 0.00124484742992, 0.000472687388537, 0.000136673363158, 0.000179860915523, 0.000229643599596, 7.48348538764e-05, 0.000114525668323, 0.000183076743269, 0.000238162770984, 0.000204636016861, 7.69321413827e-05, 2.12960076169e-05, 2.15007439692e-05, 1.54203244165e-05, 1.10715964183e-05, 1.1658209587e-05, 1.22661576825e-05, 1.06504521682e-05, 9.3342296168e-06, 6.49319645163e-06, 8.33112244436e-06, 1.29248983285e-05, 1.36219123306e-05, 5.64063293496e-06, 8.01542864792e-06, 7.79468427936e-06, 7.40741506888e-06, 8.49396019476e-06, 5.95758228883e-06, 6.68597613185e-06, 5.94941093368e-06, 5.26818575963e-06, 2.74810031442e-06, 2.08748974728e-06, 1.92676338884e-06, 1.80527388238e-06, 1.39010580824e-06], "dvar": [1.26474678837e-05, 5.66219241591e-05, 1.18456437121e-05, 3.83672067983e-06, 4.92882122671e-07, 3.38458043814e-08, 6.41114255018e-08, 1.28103096131e-07, 1.63163544897e-08, 6.64400445771e-08, 1.86322367313e-07, 3.05730083028e-07, 2.30982038829e-07, 9.59427381986e-08, 5.50337497796e-10, 8.16434198025e-10, 3.37517458426e-10, 1.70935751664e-10, 2.09678149843e-10, 1.99710650794e-10, 1.73900477352e-10, 1.39330186277e-10, 9.28224441754e-11, 1.53896687061e-10, 6.61807053604e-10, 2.50411447134e-09, 7.61547908068e-11, 1.76371930949e-10, 1.31804372971e-10, 9.9065089465e-11, 1.24467838813e-10, 7.10082617705e-11, 1.45572401355e-10, 6.38747457704e-11, 7.78832415227e-11, 1.58879367995e-11, 8.28438619788e-12, 9.28045661153e-12, 1.28939246433e-11, 5.0710338706e-12], "dvar2": [3.10305804305e-05, 0.00012920111476, 2.45626251854e-05, 1.08013346107e-05, 1.42190117458e-06, 9.54079411031e-08, 1.7127474905e-07, 2.53851908383e-07, 3.43870958375e-08, 1.46611753848e-07, 3.26246038185e-07, 7.01395435954e-07, 5.43762496363e-07, 2.05748563076e-07, 1.43893619242e-09, 2.19703499837e-09, 8.5640983194e-10, 4.70394168062e-10, 5.60483326417e-10, 5.17813958378e-10, 4.8273235409e-10, 3.94829030581e-10, 2.59706534056e-10, 4.30471408519e-10, 1.33306543582e-09, 4.13117140496e-09, 1.75386288825e-10, 4.37195696312e-10, 3.39931111037e-10, 2.60244603645e-10, 3.34224009579e-10, 1.96020380483e-10, 4.02867739169e-10, 1.57591453775e-10, 2.08597764062e-10, 4.22432158698e-11, 2.05775656931e-11, 2.45035207402e-11, 3.68320894617e-11, 1.19489002026e-11], "max": [0.0574335977435, 0.0781963840127, 0.0344002209604, 0.0223708767444, 0.00754945445806, 0.00220201723278, 0.0092983385548, 0.0101179787889, 0.00507855694741, 0.0074910921976, 0.0135835604742, 0.0144021045417, 0.0152530837804, 0.0185765419155, 0.00037349620834, 0.000720063748304, 0.000336502009304, 0.000234300692682, 0.000478161906358, 0.000196762237465, 0.000201083355932, 0.000181157476618, 0.000207751509151, 0.000206068580155, 0.00125729828142, 0.00277707492933, 0.000213043706026, 0.000277340965113, 0.000239301240072, 0.000187980185729, 0.000174550106749, 0.000144250501762, 0.000390887318645, 0.000159506525961, 0.000218104396481, 5.30545366928e-05, 3.96862451453e-05, 4.85234595544e-05, 8.59479550854e-05, 3.40543119819e-05], "mean": [0.00334192952141, 0.00646939082071, 0.00213569798507, 0.000723996548913, 0.00028587563429, 0.000121793927974, 0.00020362061332, 0.00030137936119, 8.74932957231e-05, 0.000108992564492, 0.000235986473854, 0.000201011018362, 0.000165502162417, 6.7401524575e-05, 1.8401980924e-05, 1.69249942701e-05, 1.31528986458e-05, 8.41437577037e-06, 9.76883166004e-06, 9.47251282923e-06, 7.01935005054e-06, 7.42577276469e-06, 5.09550227434e-06, 5.93709273744e-06, 1.25725428006e-05, 1.54401659529e-05, 6.0189549913e-06, 7.72831117501e-06, 6.27087911198e-06, 6.49533285468e-06, 7.07101344233e-06, 5.05127036377e-06, 5.3376197684e-06, 5.30166153112e-06, 4.43973431175e-06, 2.49436470767e-06, 2.07310176847e-06, 1.73060902853e-06, 1.39574558489e-06, 1.24317330119e-06], "median": [0.000924870721065, 0.00300960848108, 0.000843227258883, 0.000174821630935, 0.000107822888822, 7.03978585079e-05, 7.78982939664e-05, 0.000105726401671, 3.68648034055e-05, 3.75671625079e-05, 5.31617733941e-05, 3.39057951351e-05, 2.42932528636e-05, 1.31313372549e-05, 8.17456839286e-06, 7.31153249944e-06, 5.92203787164e-06, 4.12866074839e-06, 5.04031731907e-06, 4.22388848165e-06, 3.13752639158e-06, 2.55470899901e-06, 2.42829082708e-06, 2.90203843178e-06, 4.7553139666e-06, 3.4071117625e-06, 1.89674699413e-06, 2.74057856586e-06, 2.58263116848e-06, 2.17951355808e-06, 2.16707189793e-06, 1.66960182924e-06, 1.70332123162e-06, 1.51504127643e-06, 1.26562565583e-06, 7.56866654683e-07, 5.17237538133e-07, 4.39231001792e-07, 2.83658124545e-07, 2.38607640313e-07], "min": [3.74221729485e-24, 7.34100468877e-24, 4.3288237303e-24, 4.82683714179e-24, 1.58437395891e-23, 3.99115655299e-24, 6.50456245476e-24, 4.95774229813e-24, 4.22350922173e-24, 1.02625557844e-23, 1.08415063248e-23, 5.08214605731e-24, 1.68857002049e-23, 2.67299427728e-23, 2.30521817248e-23, 2.91220526329e-24, 8.80824810716e-24, 1.40966856299e-23, 1.44940080466e-23, 1.26628354825e-23, 8.21176907748e-24, 8.20552524341e-24, 1.53083444259e-23, 1.49184341463e-23, 1.06251517552e-23, 1.07236552387e-23, 1.26969655496e-23, 9.85837895533e-24, 8.30436951484e-24, 7.22455225308e-24, 1.15083825128e-23, 1.12745168088e-23, 1.04020224482e-23, 8.1612788241e-24, 8.78856444985e-24, 1.47987560584e-23, 1.20023672116e-23, 8.35413086074e-24, 6.44105599645e-24, 9.54884965764e-24], "var": [3.15061879519e-05, 9.71011249931e-05, 1.54139215738e-05, 2.6593977509e-06, 3.40588343306e-07, 3.52822553396e-08, 1.31291088223e-07, 3.38123186339e-07, 2.89050632318e-08, 8.95699301395e-08, 4.47633652811e-07, 4.12790768678e-07, 3.39927140658e-07, 1.99878243734e-07, 8.46020253853e-10, 1.04527964062e-09, 4.90762819272e-10, 1.62733534981e-10, 2.25915106067e-10, 2.25984495006e-10, 1.41942624321e-10, 1.60115504189e-10, 8.0860186602e-11, 1.15562233394e-10, 1.70363889662e-09, 7.79845787946e-09, 1.64697547267e-10, 2.98748303873e-10, 1.33219921206e-10, 1.31116492663e-10, 1.67060532075e-10, 8.50379766604e-11, 1.34396965779e-10, 8.98517441006e-11, 7.9094661376e-11, 2.02252433551e-11, 1.40859190631e-11, 1.21034363088e-11, 1.17174551312e-11, 8.44314895776e-12]}, "mfcc": {"mean": [-665.580444336, 107.974868774, 17.914308548, 22.1522712708, -6.51206350327, 9.28742313385, 5.04956245422, 11.998749733, 5.3016705513, 5.98016929626, 1.18596363068, -0.57849085331, 1.45296871662], "cov": [[11248.5800781, -426.191436768, 1309.62890625, 874.594055176, 107.564353943, 571.486999512, 460.039367676, 361.578460693, -39.0311584473, -190.159118652, -287.031585693, -208.33656311, 2.91515278816], [-426.191436768, 1730.07202148, -54.3365631104, -11.2657938004, 102.353317261, 32.841758728, 94.7400283813, 88.9893417358, 121.470573425, 118.57649231, 60.0522537231, 23.3793544769, -15.7940015793], [1309.62890625, -54.3365631104, 835.640869141, 390.353271484, 305.801605225, 261.799133301, 212.077789307, 152.267333984, 72.2862854004, 43.2587814331, 26.7292499542, 6.86555719376, 14.5092554092], [874.594055176, -11.2657938004, 390.353271484, 483.113464355, 280.662994385, 201.247802734, 186.223510742, 145.351531982, 82.5088577271, 74.2573471069, 51.3577232361, 41.3340606689, 1.90682911873], [107.564353943, 102.353317261, 305.801605225, 280.662994385, 373.996124268, 192.987030029, 137.855377197, 82.370552063, 61.9699440002, 34.9462051392, 29.3602485657, 20.8776302338, 2.5672712326], [571.486999512, 32.841758728, 261.799133301, 201.247802734, 192.987030029, 216.93409729, 159.277328491, 116.54510498, 73.2590332031, 35.9113769531, 13.3428106308, 15.325463295, 13.1178150177], [460.039367676, 94.7400283813, 212.077789307, 186.223510742, 137.855377197, 159.277328491, 227.167266846, 171.022079468, 103.119018555, 62.8947105408, 31.0598773956, 28.0537471771, 22.3672904968], [361.578460693, 88.9893417358, 152.267333984, 145.351531982, 82.370552063, 116.54510498, 171.022079468, 202.133926392, 132.584121704, 90.1252212524, 40.4057693481, 32.3337516785, 14.2113656998], [-39.0311584473, 121.470573425, 72.2862854004, 82.5088577271, 61.9699440002, 73.2590332031, 103.119018555, 132.584121704, 168.180099487, 124.020446777, 73.5302352905, 57.5643386841, 16.4773311615], [-190.159118652, 118.57649231, 43.2587814331, 74.2573471069, 34.9462051392, 35.9113769531, 62.8947105408, 90.1252212524, 124.020446777, 179.805267334, 137.089874268, 83.5872497559, 22.2567520142], [-287.031585693, 60.0522537231, 26.7292499542, 51.3577232361, 29.3602485657, 13.3428106308, 31.0598773956, 40.4057693481, 73.5302352905, 137.089874268, 187.768844604, 110.069076538, 47.5354156494], [-208.33656311, 23.3793544769, 6.86555719376, 41.3340606689, 20.8776302338, 15.325463295, 28.0537471771, 32.3337516785, 57.5643386841, 83.5872497559, 110.069076538, 137.432632446, 76.5732269287], [2.91515278816, -15.7940015793, 14.5092554092, 1.90682911873, 2.5672712326, 13.1178150177, 22.3672904968, 14.2113656998, 16.4773311615, 22.2567520142, 47.5354156494, 76.5732269287, 108.436576843]], "icov": [[0.00016245682491, -1.51641916091e-05, -0.000163490258274, -0.000349488225766, 0.000523595954292, -0.000440727686509, 8.83940447238e-05, -0.000140856122016, 0.000143087178003, 0.000136109723826, 8.97627760423e-05, 0.000242280395469, -0.000197524830583], [-1.51641916091e-05, 0.000665082945488, 0.000122132798424, 0.000321219791658, -0.000474054017104, 0.000317832629662, -0.000456568581285, 0.000102795296698, -0.000185279626749, -0.000488497084007, 0.00012030731159, 5.14274761372e-05, 0.00016813055845], [-0.000163490258274, 0.000122132798424, 0.00251337583177, -0.000692394794896, -0.000938607670832, -0.000986939296126, -0.000196073335246, -0.000115581591672, 0.000217340435483, -0.000125182617921, -0.000524968490936, 0.000780964794103, -0.000433418754255], [-0.000349488225766, 0.000321219791658, -0.000692394794896, 0.00616681296378, -0.00361598609015, 0.00062106520636, -0.00126909569371, -0.00136969902087, 0.00168666266836, -0.00181290996261, 0.000337185687385, -0.00242928788066, 0.00217560259625], [0.000523595954292, -0.000474054017104, -0.000938607670832, -0.00361598609015, 0.00851820409298, -0.00554019957781, 5.84942536079e-05, 0.00224960758351, -0.00129778985865, 0.00197759410366, -0.000727299193386, 0.000831193523481, -0.000209126767004], [-0.000440727686509, 0.000317832629662, -0.000986939296126, 0.00062106520636, -0.00554019957781, 0.0164336413145, -0.0063780839555, 0.000219277644646, -0.00182774523273, 1.78602404048e-05, 0.000944359228015, -0.000504890689626, -0.000174078464624], [8.83940447238e-05, -0.000456568581285, -0.000196073335246, -0.00126909569371, 5.84942536079e-05, -0.0063780839555, 0.0185149554163, -0.012250257656, 0.00125584658235, 0.00162229314446, -0.0009731821483, 0.000897920166608, -0.00219501624815], [-0.000140856122016, 0.000102795296698, -0.000115581591672, -0.00136969902087, 0.00224960758351, 0.000219277644646, -0.012250257656, 0.0227279029787, -0.0105751622468, -0.00167739065364, 0.0016075266758, 0.00116278894711, -4.78395486425e-05], [0.000143087178003, -0.000185279626749, 0.000217340435483, 0.00168666266836, -0.00129778985865, -0.00182774523273, 0.00125584658235, -0.0105751622468, 0.0219873338938, -0.0115643572062, 0.00375203066505, -0.00343068432994, 0.00109952781349], [0.000136109723826, -0.000488497084007, -0.000125182617921, -0.00181290996261, 0.00197759410366, 1.78602404048e-05, 0.00162229314446, -0.00167739065364, -0.0115643572062, 0.0245778672397, -0.0131886871532, -0.000368740438716, 0.00256456946954], [8.97627760423e-05, 0.00012030731159, -0.000524968490936, 0.000337185687385, -0.000727299193386, 0.000944359228015, -0.0009731821483, 0.0016075266758, 0.00375203066505, -0.0131886871532, 0.0183285176754, -0.00834532268345, -3.22552077705e-05], [0.000242280395469, 5.14274761372e-05, 0.000780964794103, -0.00242928788066, 0.000831193523481, -0.000504890689626, 0.000897920166608, 0.00116278894711, -0.00343068432994, -0.000368740438716, -0.00834532268345, 0.0230360403657, -0.0123687312007], [-0.000197524830583, 0.00016813055845, -0.000433418754255, 0.00217560259625, -0.000209126767004, -0.000174078464624, -0.00219501624815, -4.78395486425e-05, 0.00109952781349, 0.00256456946954, -3.22552077705e-05, -0.0123687312007, 0.0178115069866]]}, "spectral_contrast_coeffs": {"dmean": [0.0670421347022, 0.0519171133637, 0.0453116297722, 0.0316408984363, 0.0232495758682, 0.0197683144361], "dmean2": [0.102681726217, 0.0827784091234, 0.0722525566816, 0.051460634917, 0.0369056761265, 0.0318388566375], "dvar": [0.0035676502157, 0.00198977696709, 0.00159957190044, 0.000793246726971, 0.000425148755312, 0.000380890618544], "dvar2": [0.00767211429775, 0.0049192472361, 0.00387565931305, 0.00204980489798, 0.00096932676388, 0.000942457176279], "max": [-0.271841675043, -0.365940690041, -0.359370946884, -0.553726792336, -0.560367286205, -0.586085319519], "mean": [-0.608001470566, -0.721831262112, -0.749635100365, -0.811559021473, -0.80426388979, -0.759049534798], "median": [-0.622597336769, -0.730558395386, -0.761721909046, -0.817773640156, -0.808508336544, -0.760385990143], "min": [-0.950694322586, -0.960370898247, -0.960924267769, -0.957676291466, -0.961833059788, -0.960493266582], "var": [0.0149285160005, 0.00743034156039, 0.00661445315927, 0.00247748102993, 0.00165660027415, 0.00141058734152]}, "spectral_contrast_valleys": {"dmean": [0.565050721169, 0.483702003956, 0.435033619404, 0.437814861536, 0.381932258606, 0.446493417025], "dmean2": [0.88113963604, 0.784195840359, 0.70688354969, 0.700830578804, 0.587456643581, 0.637351334095], "dvar": [0.350028514862, 0.313636243343, 0.270957797766, 0.30384606123, 0.258667290211, 0.309109687805], "dvar2": [0.681434750557, 0.648490130901, 0.552348554134, 0.658347904682, 0.511380374432, 0.644357562065], "max": [-4.77237558365, -4.79480171204, -5.24825048447, -5.72382640839, -5.41698932648, -7.52715158463], "mean": [-7.75282335281, -7.