{"lowlevel": {"average_loudness": 0.710655748844, "barkbands_crest": {"dmean": 1.98469722271, "dmean2": 3.35877919197, "dvar": 3.2017364502, "dvar2": 9.38621616364, "max": 24.4059123993, "mean": 8.85744571686, "median": 8.03242206573, "min": 3.02649211884, "var": 12.4823818207}, "barkbands_flatness_db": {"dmean": 0.0155432121828, "dmean2": 0.0255707893521, "dvar": 0.000223592520342, "dvar2": 0.000577887170948, "max": 0.463485687971, "mean": 0.230477869511, "median": 0.225572749972, "min": 0.0678205043077, "var": 0.00306734791957}, "barkbands_kurtosis": {"dmean": 1.44343018532, "dmean2": 2.4200463295, "dvar": 4.65442562103, "dvar2": 12.8353013992, "max": 65.9086074829, "mean": 2.67370176315, "median": 1.79582166672, "min": -1.42496097088, "var": 13.1462478638}, "barkbands_skewness": {"dmean": 0.354973703623, "dmean2": 0.590241611004, "dvar": 0.107226423919, "dvar2": 0.298932254314, "max": 6.31033945084, "mean": 1.21325433254, "median": 1.13222503662, "min": -1.70405876637, "var": 0.537120819092}, "barkbands_spread": {"dmean": 1.5322508812, "dmean2": 2.55255627632, "dvar": 4.36401605606, "dvar2": 11.5854120255, "max": 100.424034119, "mean": 9.26204967499, "median": 8.73094654083, "min": 0.790129959583, "var": 18.2427539825}, "dissonance": {"dmean": 0.0273261591792, "dmean2": 0.0466690994799, "dvar": 0.000662520295009, "dvar2": 0.00189542863518, "max": 0.500000059605, "mean": 0.449904739857, "median": 0.458873569965, "min": 0.240358009934, "var": 0.00138275919016}, "dynamic_complexity": 4.35453176498, "erbbands_crest": {"dmean": 1.83871352673, "dmean2": 2.9260430336, "dvar": 2.57599973679, "dvar2": 6.4032959938, "max": 25.9069328308, "mean": 8.30522251129, "median": 7.68036794662, "min": 2.44382357597, "var": 9.35629653931}, "erbbands_flatness_db": {"dmean": 0.0114268613979, "dmean2": 0.0179964508861, "dvar": 0.000135077789309, "dvar2": 0.000287391594611, "max": 0.352562248707, "mean": 0.246398702264, "median": 0.249403268099, "min": 0.0326819941401, "var": 0.00185653578956}, "erbbands_kurtosis": {"dmean": 0.617809951305, "dmean2": 1.003428936, "dvar": 0.367348819971, "dvar2": 0.93002730608, "max": 12.5750007629, "mean": 0.644976854324, "median": 0.448902368546, "min": -1.52740621567, "var": 1.32551038265}, "erbbands_skewness": {"dmean": 0.246984526515, "dmean2": 0.400308340788, "dvar": 0.0417356602848, "dvar2": 0.112978585064, "max": 2.97841858864, "mean": 0.446636021137, "median": 0.444921791553, "min": -1.30076479912, "var": 0.216778293252}, "erbbands_spread": {"dmean": 2.88392114639, "dmean2": 4.60534572601, "dvar": 7.66504907608, "dvar2": 18.8908977509, "max": 109.972808838, "mean": 19.2449073792, "median": 17.2368583679, "min": 3.57718133926, "var": 107.184150696}, "hfc": {"dmean": 2.01740598679, "dmean2": 3.13968491554, "dvar": 5.58641767502, "dvar2": 13.2853145599, "max": 57.4995384216, "mean": 13.5015621185, "median": 11.9085264206, "min": 1.25563740585e-16, "var": 97.2945785522}, "melbands_crest": {"dmean": 2.92520546913, "dmean2": 5.0189409256, "dvar": 6.6988401413, "dvar2": 20.1038570404, "max": 33.5379600525, "mean": 12.6729545593, "median": 11.7458734512, "min": 2.92680954933, "var": 22.5013885498}, "melbands_flatness_db": {"dmean": 0.0187717452645, "dmean2": 0.0311367399991, "dvar": 0.000320218532579, "dvar2": 0.000825695751701, "max": 0.628567993641, "mean": 0.321355521679, "median": 0.312787383795, "min": 0.00672938721254, "var": 0.00570455053821}, "melbands_kurtosis": {"dmean": 2.53958630562, "dmean2": 4.28794765472, "dvar": 13.9005794525, "dvar2": 35.6160163879, "max": 146.91444397, "mean": 6.21048593521, "median": 3.65837907791, "min": -1.49720478058, "var": 156.557662964}, "melbands_skewness": {"dmean": 0.436091840267, "dmean2": 0.727185368538, "dvar": 0.157586708665, "dvar2": 0.437844365835, "max": 11.0054826736, "mean": 1.78561365604, "median": 1.5996748209, "min": -0.47498100996, "var": 1.30955278873}, "melbands_spread": {"dmean": 2.11704683304, "dmean2": 3.52890181541, "dvar": 5.07258939743, "dvar2": 11.8249530792, "max": 125.174552917, "mean": 11.3070297241, "median": 10.5900840759, "min": 0.785611152649, "var": 34.5270576477}, "pitch_salience": {"dmean": 0.0635987445712, "dmean2": 0.106842428446, "dvar": 0.00292050465941, "dvar2": 0.00828989595175, "max": 0.843174099922, "mean": 0.600398421288, "median": 0.611641645432, "min": 0.176111087203, "var": 0.00960583519191}, "silence_rate_20dB": {"dmean": 0, "dmean2": 0, "dvar": 0, "dvar2": 0, "max": 1, "mean": 1, "median": 1, "min": 1, "var": 0}, "silence_rate_30dB": {"dmean": 0.0076655051671, "dmean2": 0.0153336813673, "dvar": 0.00760632241145, "dvar2": 0.0185839217156, "max": 1, "mean": 0.987284421921, "median": 1, "min": 0, "var": 0.0125533984974}, "silence_rate_60dB": {"dmean": 0.00452961679548, "dmean2": 0.00906081218272, "dvar": 0.00450955098495, "dvar2": 0.0103728203103, "max": 1, "mean": 0.0834349393845, "median": 0, "min": 0, "var": 0.0764702036977}, "spectral_centroid": {"dmean": 65.1524047852, "dmean2": 106.243988037, "dvar": 14970.3808594, "dvar2": 16099.6103516, "max": 10565.9267578, "mean": 585.085449219, "median": 546.357299805, "min": 165.770446777, "var": 75707.28125}, "spectral_complexity": {"dmean": 1.94738674164, "dmean2": 3.29360508919, "dvar": 2.95612621307, "dvar2": 8.12190532684, "max": 42, "mean": 16.8514194489, "median": 18, "min": 0, "var": 53.4846992493}, "spectral_decrease": {"dmean": 2.14615392125e-09, "dmean2": 3.64226337979e-09, "dvar": 6.63044652529e-18, "dvar2": 1.92820565346e-17, "max": 5.92014735241e-29, "mean": -8.77438388613e-09, "median": -7.80827758007e-09, "min": -4.81699444776e-08, "var": 3.60168136817e-17}, "spectral_energy": {"dmean": 0.00824174005538, "dmean2": 0.0139681408182, "dvar": 9.73351634457e-05, "dvar2": 0.000282310356852, "max": 0.187019765377, "mean": 0.0343411192298, "median": 0.0306279584765, "min": 1.1165562597e-20, "var": 0.000547342584468}, "spectral_energyband_high": {"dmean": 1.23284116853e-05, "dmean2": 1.96717701328e-05, "dvar": 2.9584366068e-09, "dvar2": 6.58212240268e-09, "max": 0.00250549707562, "mean": 5.51405428268e-05, "median": 1.4143683984e-05, "min": 7.65097961083e-21, "var": 1.80084978041e-08}, "spectral_energyband_low": {"dmean": 0.00636988971382, "dmean2": 0.0112275416031, "dvar": 6.83624020894e-05, "dvar2": 0.000208612356801, "max": 0.112900614738, "mean": 0.0118478676304, "median": 0.00819930993021, "min": 7.51608179595e-23, "var": 0.000144402423757}, "spectral_energyband_middle_high": {"dmean": 0.000913659692742, "dmean2": 0.00138515909202, "dvar": 1.61885475336e-06, "dvar2": 3.59110185855e-06, "max": 0.0299296397716, "mean": 0.00411248300225, "median": 0.00287158461288, "min": 1.73309322901e-21, "var": 1.74959841388e-05}, "spectral_energyband_middle_low": {"dmean": 0.00466646067798, "dmean2": 0.0073918425478, "dvar": 3.43807005265e-05, "dvar2": 9.0744390036e-05, "max": 0.126206353307, "mean": 0.0200554169714, "median": 0.017630668357, "min": 4.80519436421e-22, "var": 0.000227098207688}, "spectral_entropy": {"dmean": 0.101933643222, "dmean2": 0.162175178528, "dvar": 0.0096516078338, "dvar2": 0.0222670696676, "max": 9.79320240021, "mean": 6.81083440781, "median": 6.81826496124, "min": 5.08134269714, "var": 0.213888466358}, "spectral_flux": {"dmean": 0.0154262147844, "dmean2": 0.025409584865, "dvar": 0.000257557316218, "dvar2": 0.000667010957841, "max": 0.306320667267, "mean": 0.0785509198904, "median": 0.0748522356153, "min": 1.0566722497e-10, "var": 0.00148156052455}, "spectral_kurtosis": {"dmean": 9.14335155487, "dmean2": 15.8491773605, "dvar": 108.337692261, "dvar2": 309.678253174, "max": 148.326477051, "mean": 21.8352031708, "median": 14.7910900116, "min": -1.18456876278, "var": 419.838317871}, "spectral_rms": {"dmean": 0.000652346468996, "dmean2": 0.00109983014408, "dvar": 4.11257360611e-07, "dvar2": 1.18587229281e-06, "max": 0.0135077126324, "mean": 0.0053629623726, "median": 0.00546634569764, "min": 3.30048965588e-12, "var": 4.74219541502e-06}, "spectral_rolloff": {"dmean": 106.435287476, "dmean2": 181.122238159, "dvar": 44246.453125, "dvar2": 50104.5546875, "max": 19487.5488281, "mean": 653.797363281, "median": 624.462890625, "min": 64.599609375, "var": 156661.1875}, "spectral_skewness": {"dmean": 0.588681638241, "dmean2": 1.01758480072, "dvar": 0.341989070177, "dvar2": 0.992717444897, "max": 9.61947822571, "mean": 3.03667926788, "median": 2.6846075058, "min": 0.0429620668292, "var": 1.96772694588}, "spectral_spread": {"dmean": 195862.5, "dmean2": 319584.875, "dvar": 208040001536, "dvar2": 197912346624, "max": 39233584, "mean": 2005848.75, "median": 1845303, "min": 570098.375, "var": 1381325602820.0}, "spectral_strongpeak": {"dmean": 0.365438699722, "dmean2": 0.625626087189, "dvar": 0.250607341528, "dvar2": 0.663851618767, "max": 5.61768722534, "mean": 0.775366067886, "median": 0.483875632286, "min": 0, "var": 0.623643279076}, "zerocrossingrate": {"dmean": 0.00272944103926, "dmean2": 0.00365517521277, "dvar": 2.61597706412e-05, "dvar2": 2.89633426291e-05, "max": 0.50390625, "mean": 0.0248570106924, "median": 0.02392578125, "min": 0.00244140625, "var": 0.000145611164044}, "barkbands": {"dmean": [0.00017357771867, 0.00292380596511, 0.00407278165221, 0.00190395175014, 0.00205251318403, 0.00134828302544, 0.00118819484487, 0.00127128674649, 0.000669206492603, 0.000741265946999, 0.000467512494652, 0.000308765971567, 0.000186538134585, 0.00011451823957, 0.000115116788947, 4.87403085572e-05, 6.03730259172e-05, 1.75264722202e-05, 1.33073745019e-05, 9.57919746725e-06, 5.71272857997e-06, 4.15516569774e-06, 2.01332022698e-06, 8.01053204214e-07, 4.86665214794e-07, 2.15573734863e-07, 3.11267598363e-08], "dmean2": [0.000301020743791, 0.00514354975894, 0.00729150185362, 0.00333828525618, 0.00318887643516, 0.00218868581578, 0.00200103246607, 0.00197455054149, 0.00100198399741, 0.00102995103225, 0.00072441418888, 0.000502097245771, 0.000301403488265, 0.00018413538055, 0.00018932360399, 8.10524070403e-05, 0.000101248806459, 2.9518518204e-05, 2.17832912313e-05, 1.59667670232e-05, 9.44696057559e-06, 6.63340370011e-06, 3.26481608681e-06, 1.17675006095e-06, 6.02949967288e-07, 2.9856147421e-07, 4.89119749147e-08], "dvar": [1.473177349e-07, 2.11201495404e-05, 3.12777920044e-05, 1.03899146779e-05, 9.54879578785e-06, 3.16219643537e-06, 2.66341658062e-06, 3.90809191231e-06, 9.02310034689e-07, 1.37514439302e-06, 6.17168609551e-07, 1.96530578478e-07, 8.14821135009e-08, 3.65013725911e-08, 3.46420918618e-08, 7.62832730317e-09, 1.48726266858e-08, 1.11969822303e-09, 8.09898204057e-10, 4.27953034121e-10, 2.60851368283e-10, 4.39117908702e-10, 1.62094157541e-10, 4.61021915088e-11, 1.6912360401e-11, 4.64928312863e-12, 2.87596877736e-13], "dvar2": [4.14009775795e-07, 6.35318574496e-05, 9.65889921645e-05, 2.9871962397e-05, 2.30712485063e-05, 8.30783392303e-06, 8.52006905916e-06, 9.97440747597e-06, 1.92866286852e-06, 2.60119213635e-06, 1.38045800213e-06, 5.31174350726e-07, 1.94717358681e-07, 8.96960585806e-08, 9.23055551993e-08, 2.130916954e-08, 4.07185822837e-08, 3.20394466513e-09, 2.17251416856e-09, 1.14702858323e-09, 7.3106953824e-10, 1.11382059131e-09, 4.09343253738e-10, 9.79293451886e-11, 2.67259131492e-11, 7.79053384303e-12, 7.67831870134e-13], "max": [0.00795757211745, 0.0975856482983, 0.0766459926963, 0.0590944364667, 0.0724861100316, 0.036865375936, 0.0187646541744, 0.0452395454049, 0.0262119174004, 0.0258961953223, 0.0164859555662, 0.00653930287808, 0.00886065140367, 0.00439529586583, 0.00338546605781, 0.00181647774298, 0.00328365992755, 0.000861903070472, 0.00100283953361, 0.00052029552171, 0.000698837335221, 0.000936229771469, 0.000538620806765, 0.000308406975819, 0.000181316267117, 8.73951357789e-05, 3.03482938762e-05], "mean": [0.000232334932662, 0.00492244586349, 0.00538018206134, 0.00269400794059, 0.00565847707912, 0.00366647727787, 0.00282236165367, 0.00264096981846, 0.0016140115913, 0.00185209268238, 0.000914899865165, 0.000630110502243, 0.000406440318329, 0.000235765124671, 0.00026847384288, 0.000110793247586, 0.000140039832331, 4.27798513556e-05, 3.81203099096e-05, 3.05811663566e-05, 1.86659581232e-05, 1.23522513604e-05, 5.7063029999e-06, 1.84496286693e-06, 8.64312710291e-07, 3.47530686895e-07, 3.00721048063e-08], "median": [7.09969754098e-05, 0.00284719630145, 0.00327341910452, 0.00135604524985, 0.00336944893934, 0.00234459829517, 0.00212596193887, 0.00146679743193, 0.00100336107425, 0.00093970092712, 0.000487886252813, 0.000408485648222, 0.000273538025795, 0.000131611654069, 0.000143917743117, 5.53165045858e-05, 7.2461371019e-05, 2.33393693634e-05, 1.45778194565e-05, 1.00274146462e-05, 5.45679813513e-06, 1.96992596102e-06, 7.06932894445e-07, 2.38807388087e-07, 6.69123707553e-08, 2.23572804714e-08, 1.77482539776e-09], "min": [3.62793627769e-23, 3.90029997155e-23, 1.27277863451e-23, 4.53445925791e-24, 2.95380509371e-23, 5.82708011077e-23, 7.28622729192e-23, 1.27863371793e-22, 1.13163598845e-22, 1.42362761448e-22, 5.88727209111e-23, 9.20468147761e-23, 6.12270415728e-23, 6.55216950042e-23, 2.35031047156e-22, 1.36125534882e-22, 2.36646937213e-22, 3.44988235655e-22, 2.10297291661e-22, 3.22271515453e-22, 3.29134024726e-22, 5.75964840681e-22, 4.84221301903e-22, 1.06533855288e-21, 9.53399266156e-22, 1.7040314418e-21, 2.62927980896e-21], "var": [2.27174169254e-07, 4.01295437769e-05, 4.09554522776e-05, 1.49982924995e-05, 5.61825836485e-05, 1.56482674356e-05, 7.04125113771e-06, 1.28969513753e-05, 4.38479628428e-06, 6.72943997415e-06, 1.80823474238e-06, 5.42671671155e-07, 2.38660504692e-07, 1.00409422998e-07, 1.19282418609e-07, 2.41924666966e-08, 4.37536762377e-08, 3.45078299269e-09, 3.82667142418e-09, 2.51841103527e-09, 1.38953604178e-09, 1.7932826335e-09, 5.94758298167e-10, 1.03256785067e-10, 3.99877214674e-11, 8.09171132876e-12, 2.18095913508e-13]}, "erbbands": {"dmean": [0.0988540574908, 0.676286399364, 3.96597456932, 5.45430135727, 8.31106376648, 5.34524869919, 5.51433181763, 12.1097793579, 21.8828811646, 21.9940280914, 18.5982913971, 14.9857206345, 24.1888580322, 17.6730957031, 15.544965744, 12.9032363892, 8.26822566986, 6.16687440872, 4.90855026245, 4.87717437744, 2.82881808281, 2.89419341087, 0.897750258446, 1.02244377136, 0.482247620821, 0.38119032979, 0.293136507273, 0.217373326421, 0.15381796658, 0.0660097748041, 0.0561971738935, 0.0242867339402, 0.0129503272474, 0.00692709861323, 0.0021419939585, 0.00113886420149, 0.000437503244029, 7.42682896089e-05, 7.19007721273e-06, 9.00033410289e-06], "dmean2": [0.177321061492, 1.17918288708, 7.11850118637, 9.55144119263, 12.9395294189, 8.75145435333, 9.30061626434, 19.7906341553, 35.8986244202, 34.0444259644, 29.3130874634, 22.3919734955, 33.0394477844, 27.0331745148, 24.4073123932, 20.888507843, 13.4029388428, 9.84437656403, 8.11776065826, 7.91851997375, 4.69795608521, 4.84992837906, 1.49026107788, 1.71085059643, 0.794219374657, 0.634909391403, 0.486851125956, 0.365984529257, 0.249780923128, 0.106137521565, 0.0927372351289, 0.0394809655845, 0.0177947282791, 0.00915229134262, 0.00274057732895, 0.00150491297245, 0.000604621134698, 0.000104744067357, 1.15344828373e-05, 1.5206954231e-05], "dvar": [0.0332623645663, 1.0021790266, 29.7064266205, 69.8732070923, 187.635147095, 89.3450622559, 52.6023635864, 292.213684082, 994.735107422, 1097.90478516, 742.413330078, 462.141021729, 1674.23852539, 695.685119629, 783.161682129, 356.038970947, 157.756973267, 102.399360657, 61.237953186, 65.9499816895, 26.5900917053, 26.2638206482, 3.19975233078, 4.79042339325, 0.906862735748, 0.668404698372, 0.542406320572, 0.528380095959, 0.501304268837, 0.125634387136, 0.132668957114, 0.0308754071593, 0.0115434471518, 0.00361998728476, 0.000325545988744, 0.000128828061861, 1.91671097127e-05, 8.07976675787e-07, 4.84580553461e-09, 1.15446020799e-10], "dvar2": [0.103043474257, 2.97943353653, 94.5927124023, 203.466415405, 462.577423096, 242.793685913, 147.762191772, 790.50402832, 3178.5480957, 2675.01245117, 1901.25488281, 978.859619141, 3191.30151367, 1667.57019043, 1780.96447754, 929.508361816, 382.190887451, 251.505233765, 164.043624878, 170.465118408, 70.8611068726, 73.5154571533, 9.21834945679, 12.9177188873, 2.46789121628, 1.8319106102, 1.44939184189, 1.35051643848, 1.19167649746, 0.316520690918, 0.336675912142, 0.0770108625293, 0.0198695417494, 0.00636893464252, 0.000468165817438, 0.000239559551119, 3.4449629311e-05, 1.77385709321e-06, 1.23314851663e-08, 3.33066407787e-10], "max": [2.78675746918, 22.27293396, 69.3848876953, 126.997650146, 347.427490234, 213.489822388, 119.285171509, 324.858642578, 527.312255859, 933.539978027, 480.846435547, 696.222473145, 983.453796387, 479.580841064, 827.031066895, 338.576629639, 416.764984131, 246.050521851, 168.028991699, 167.195999146, 92.3664321899, 115.384529114, 46.8590583801, 72.2514190674, 24.1229152679, 19.6787414551, 29.9555873871, 32.436794281, 31.716999054, 14.5414466858, 15.5174694061, 7.33295869827, 4.71381950378, 2.77315711975, 0.799966573715, 0.494747757912, 0.168425664306, 0.0479317046702, 0.00406496506184, 0.000207632168895], "mean": [0.126293331385, 1.20083093643, 5.7127366066, 8.11940193176, 21.055803299, 12.1290426254, 10.6773204803, 32.5283088684, 54.8540763855, 49.1959266663, 43.6886558533, 37.8588104248, 58.8650970459, 42.5577507019, 32.1411552429, 27.1725330353, 19.6434574127, 14.1043548584, 12.6096611023, 11.574090004, 7.08140850067, 7.15351200104, 2.58042740822, 2.67317986488, 1.5963486433, 1.29584956169, 0.979785263538, 0.708908736706, 0.480814665556, 0.188043996692, 0.159166648984, 0.0615962632, 0.0292142741382, 0.0121432952583, 0.0041992040351, 0.00185912591405, 0.000633986725006, 0.000102768623037, 2.03665931622e-05, 3.85243474739e-05], "median": [0.0512623079121, 0.727697074413, 3.5184264183, 4.78765296936, 10.8500099182, 7.5678858757, 7.82793617249, 19.4947566986, 39.1251869202, 30.2978191376, 27.3224487305, 23.538444519, 29.6802272797, 25.7053356171, 18.319185257, 18.2604236603, 13.3065671921, 8.84945106506, 7.46787881851, 5.84681844711, 3.43100690842, 3.9215734005, 1.35627615452, 1.18682909012, 0.605870842934, 0.418498396873, 0.31511092186, 0.157800540328, 0.0783112719655, 0.037683416158, 0.0171563252807, 0.00707949604839, 0.00320590659976, 0.00106352521107, 0.000380583718652, 0.000153424305608, 4.4147738663e-05, 6.00737303103e-06, 1.53588516696e-05, 3.44674008375e-05], "min": [1.94722799449e-21, 5.92491135858e-21, 1.33040522783e-20, 1.67570927038e-20, 2.14965403457e-20, 1.25498666389e-19, 2.32908185251e-19, 5.83923338013e-19, 7.31408917449e-19, 1.49953390075e-18, 3.84385123107e-18, 2.46021236518e-18, 4.61719479346e-18, 2.50904062994e-18, 2.81562271628e-18, 3.94295987616e-18, 2.57568036804e-18, 3.78572400866e-18, 8.37865800834e-18, 1.01612926126e-17, 9.67484754667e-18, 1.37985687206e-17, 1.60312301099e-17, 1.63812416599e-17, 1.17306238066e-17, 1.62389980274e-17, 1.34376251515e-17, 1.23136273198e-17, 1.8168304162e-17, 2.11536337342e-17, 1.39312567626e-17, 1.50851240863e-17, 2.06765010677e-17, 9.93995727863e-18, 8.00660044062e-18, 5.99264519167e-18, 3.16370155881e-18, 1.40459641729e-18, 3.32300915186e-19, 4.06339615843e-20], "var": [0.0460368059576, 2.16808509827, 45.9476585388, 100.468856812, 1009.82330322, 229.643768311, 107.513496399, 1336.29553223, 3077.37719727, 4096.31494141, 2671.34790039, 2303.58227539, 7433.90917969, 2822.96142578, 2055.39819336, 975.096740723, 511.87322998, 297.122924805, 232.30682373, 228.24760437, 93.6065979004, 90.8490219116, 12.9804801941, 17.528137207, 6.0747718811, 4.4541759491, 3.14415884018, 3.20863127708, 2.42765593529, 0.300434201956, 0.523499310017, 0.0912130996585, 0.0320686101913, 0.00763077475131, 0.000848990981467, 0.000224987379625, 2.93231369142e-05, 9.3660253242e-07, 4.26843449475e-09, 6.85879020246e-10]}, "gfcc": {"mean": [-85.9395065308, 199.616394043, -126.735321045, 7.5680475235, -43.5284957886, -1.59401774406, -16.6855049133, -7.06716632843, -6.8918838501, -7.89984369278, -6.23316860199, -10.3643875122, -4.28760099411], "cov": [[14085.8144531, 237.246261597, -2738.84643555, 1257.51147461, -702.772583008, -669.870361328, 11.0899848938, -455.317260742, -5.61791372299, -445.051971436, -122.880500793, -285.181030273, 138.226028442], [237.246261597, 1076.88354492, -14.3648767471, -281.649627686, 285.032012939, -170.803619385, 76.4684371948, -104.937683105, 99.4146957397, -81.3438491821, 119.952232361, -124.007034302, 72.4047775269], [-2738.84643555, -14.3648767471, 1101.64001465, -260.927581787, 121.779464722, 214.551879883, -55.0412940979, 127.351364136, -37.6785469055, 110.206161499, 2.98341917992, 65.8460617065, -61.2424430847], [1257.51147461, -281.649627686, -260.927581787, 419.685394287, -104.953704834, -40.2610397339, 22.29753685, -57.0082740784, 0.874382019043, -37.8483924866, -19.3437328339, -6.86262702942, 7.2016749382], [-702.772583008, 285.032012939, 121.779464722, -104.953704834, 230.30821228, -3.95664978027, 20.2011203766, -1.29208111763, 19.8075027466, 10.9196062088, 40.1748008728, -16.9413032532, 8.57466411591], [-669.870361328, -170.803619385, 214.551879883, -40.2610397339, -3.95664978027, 150.83807373, 0.932177484035, 56.7019233704, -12.9806480408, 37.2975082397, -30.3488235474, 34.9466400146, -20.2900829315], [11.0899848938, 76.4684371948, -55.0412940979, 22.29753685, 20.2011203766, 0.932177484035, 83.7504882812, 4.29174757004, 38.5693359375, -12.3263883591, 11.5018539429, -14.3028144836, 17.4933853149], [-455.317260742, -104.937683105, 127.351364136, -57.0082740784, -1.29208111763, 56.7019233704, 4.29174757004, 83.9684753418, 1.51845991611, 36.4678649902, -9.08556556702, 30.0319652557, -9.92049312592], [-5.61791372299, 99.4146957397, -37.6785469055, 0.874382019043, 19.8075027466, -12.9806480408, 38.5693359375, 1.51845991611, 66.8619689941, 5.23366498947, 27.7562274933, -12.5324821472, 18.312871933], [-445.051971436, -81.3438491821, 110.206161499, -37.8483924866, 10.9196062088, 37.2975082397, -12.3263883591, 36.4678649902, 5.23366498947, 63.8836631775, 13.831120491, 29.0728302002, -10.5606069565], [-122.880500793, 119.952232361, 2.98341917992, -19.3437328339, 40.1748008728, -30.3488235474, 11.5018539429, -9.08556556702, 27.7562274933, 13.831120491, 66.4442062378, 3.82357215881, 19.1118679047], [-285.181030273, -124.007034302, 65.8460617065, -6.86262702942, -16.9413032532, 34.9466400146, -14.3028144836, 30.0319652557, -12.5324821472, 29.0728302002, 3.82357215881, 55.7937774658, 2.69882130623], [138.226028442, 72.4047775269, -61.2424430847, 7.2016749382, 8.57466411591, -20.2900829315, 17.4933853149, -9.92049312592, 18.312871933, -10.5606069565, 19.1118679047, 2.69882130623, 43.3776245117]], "icov": [[0.000379017932573, -0.00142010767013, 0.000827678362839, -0.00151668814942, 0.00141751160845, -0.000461990217445, 0.00110151141416, -0.00121430843137, 0.00102214876097, -0.000709039333742, 0.000997832627036, -0.0002120930003, 0.000334171316354], [-0.00142010767013, 0.0119242612273, -0.00426528416574, 0.0100479954854, -0.0091465851292, 0.00534664513543, -0.00611835997552, 0.00920635834336, -0.00764337321743, 0.00864155311137, -0.0081317005679, 0.00747878383845, -0.00573846604675], [0.000827678362839, -0.00426528416574, 0.00377114419825, -0.00364456186071, 0.00307294726372, -0.00367454928346, 0.00366816157475, -0.00440010800958, 0.00342256017029, -0.00298646255396, 0.00171102036256, -0.00153114891145, 0.00276895822026], [-0.00151668814942, 0.0100479954854, -0.00364456186071, 0.0123136844486, -0.00703522702679, 0.00423736171797, -0.00718328543007, 0.0103723490611, -0.00682995840907, 0.00689626950771, -0.0061468151398, 0.00364142935723, -0.00344287441112], [0.00141751160845, -0.0091465851292, 0.00307294726372, -0.00703522702679, 0.0136463576928, -0.00375376502052, 0.00351447029971, -0.00625980831683, 0.00684081297368, -0.00701907556504, 0.00337445107289, -0.00199257908389, 0.00299479532987], [-0.000461990217445, 0.00534664513543, -0.00367454928346, 0.00423736171797, -0.00375376502052, 0.0164934489876, -0.00637226365507, 0.00222812197171, -0.00366379297338, 0.000637175980955, 0.00410113390535, -0.00127092341427, -0.00183337857015], [0.00110151141416, -0.00611835997552, 0.00366816157475, -0.00718328543007, 0.00351447029971, -0.00637226365507, 0.024316392839, -0.010136384517, -0.00531971873716, 0.00218408927321, 0.00217988574877, 0.00113199674524, -0.000979200820439], [-0.00121430843137, 0.00920635834336, -0.00440010800958, 0.0103723490611, -0.00625980831683, 0.00222812197171, -0.010136384517, 0.0309025589377, -0.00879470538348, -0.0010334411636, -0.000141695374623, -0.00312173413113, -0.00227901944891], [0.00102214876097, -0.00764337321743, 0.00342256017029, -0.00682995840907, 0.00684081297368, -0.00366379297338, -0.00531971873716, -0.00879470538348, 0.0332870446146, -0.0128411734477, -0.00305175036192, 0.00565328588709, -0.00365134212188], [-0.000709039333742, 0.00864155311137, -0.00298646255396, 0.00689626950771, -0.00701907556504, 0.000637175980955, 0.00218408927321, -0.0010334411636, -0.0128411734477, 0.0398668684065, -0.0148755721748, -0.0043391068466, 0.00499330693856], [0.000997832627036, -0.0081317005679, 0.00171102036256, -0.0061468151398, 0.00337445107289, 0.00410113390535, 0.00217988574877, -0.000141695374623, -0.00305175036192, -0.0148755721748, 0.0350206196308, -0.0118536287919, -0.00285601476207], [-0.0002120930003, 0.00747878383845, -0.00153114891145, 0.00364142935723, -0.00199257908389, -0.00127092341427, 0.00113199674524, -0.00312173413113, 0.00565328588709, -0.0043391068466, -0.0118536287919, 0.0430357307196, -0.0168428756297], [0.000334171316354, -0.00573846604675, 0.00276895822026, -0.00344287441112, 0.00299479532987, -0.00183337857015, -0.000979200820439, -0.00227901944891, -0.00365134212188, 0.00499330693856, -0.00285601476207, -0.0168428756297, 0.0395354479551]]}, "melbands": {"dmean": [0.000790896476246, 0.00156739086378, 0.000947155524045, 0.00048865302233, 0.000199429865461, 0.000298035185551, 0.000303826265736, 0.000267420138698, 0.000148869599798, 9.25991989789e-05, 0.000122484590975, 7.30832107365e-05, 5.46871051483e-05, 3.45250700775e-05, 3.09794777422e-05, 1.69983304659e-05, 1.249282559e-05, 8.1771713667e-06, 9.42209317145e-06, 4.34352159573e-06, 4.17021010435e-06, 3.85698103855e-06, 1.44782893585e-06, 9.75467514763e-07, 9.5034010883e-07, 3.98701956783e-07, 4.35431644519e-07, 2.77537992588e-07, 2.5971567652e-07, 1.51936646375e-07, 1.47806233031e-07, 1.22065287655e-07, 4.28951913989e-08, 3.81150435658e-08, 3.25478488605e-08, 3.4691833406e-08, 1.20136034454e-08, 1.12831584076e-08, 8.0208435449e-09, 5.4278719297e-09], "dmean2": [0.00140412547626, 0.00278418208472, 0.00162715115584, 0.000768277910538, 0.000330765440594, 0.000485017284518, 0.0004954119795, 0.000413624133216, 0.000233848841162, 0.000137677750899, 0.000167365273228, 0.000111258064862, 8.51624208735e-05, 5.47680829186e-05, 5.10419231432e-05, 2.71816152235e-05, 2.00076410692e-05, 1.33763414851e-05, 1.5575411453e-05, 7.25861673345e-06, 6.87921601639e-06, 6.46760918244e-06, 2.43421550294e-06, 1.64653579304e-06, 1.58485090651e-06, 6.41522717615e-07, 7.25148652236e-07, 4.62917057575e-07, 4.33052974813e-07, 2.56632262108e-07, 2.50457105722e-07, 2.00680034368e-07, 7.01567870465e-08, 6.22836395792e-08, 5.34106341377e-08, 5.6500493173e-08, 1.943626593e-08, 1.69249467774e-08, 1.1564877056e-08, 7.06072933454e-09], "dvar": [1.84714303941e-06, 4.52286212749e-06, 2.0632394353e-06, 5.64634717648e-07, 9.26591710027e-08, 1.74118383711e-07, 1.73797715775e-07, 1.76513154315e-07, 5.11784357116e-08, 1.76974470634e-08, 4.23758805823e-08, 1.15916769516e-08, 8.77584138692e-09, 2.32939223466e-09, 2.1643697945e-09, 6.80032807843e-10, 4.67942740112e-10, 1.66166233551e-10, 2.6812599363e-10, 4.989653829e-11, 6.2827493208e-11, 4.69944291814e-11, 9.3792577871e-12, 4.21597652622e-12, 4.49167959771e-12, 5.44027171402e-13, 8.49714179227e-13, 3.57063364336e-13, 4.46402653341e-13, 1.2346287187e-13, 3.36846463266e-13, 3.3452795113e-13, 3.0162026712e-14, 4.34755584398e-14, 3.78052759454e-14, 5.57339581658e-14, 1.16925715529e-14, 9.45023224307e-15, 4.61460161532e-15, 2.15015247902e-15], "dvar2": [5.58825786356e-06, 1.42735088957e-05, 5.89061028222e-06, 1.38529765081e-06, 2.52166813652e-07, 4.74867078992e-07, 5.44177567008e-07, 4.34848317354e-07, 1.26329666728e-07, 3.70499400049e-08, 8.06823763355e-08, 2.70568207839e-08, 1.93061016063e-08, 5.82049519693e-09, 5.99694960357e-09, 1.63887892146e-09, 1.12869980029e-09, 4.36350761079e-10, 7.40509986663e-10, 1.38320632725e-10, 1.62741209397e-10, 1.30755725691e-10, 2.71272865282e-11, 1.20332415907e-11, 1.22153554633e-11, 1.4065222511e-12, 2.44493704796e-12, 9.92380548397e-13, 1.19740382973e-12, 3.43816663508e-13, 8.86243118822e-13, 8.3515816875e-13, 7.88073762064e-14, 1.10412086375e-13, 9.36316996158e-14, 1.40165440018e-13, 2.9869075285e-14, 1.88951010735e-14, 9.48419487612e-15, 3.55034156303e-15], "max": [0.0256864521652, 0.0277283154428, 0.0256705731153, 0.0183679498732, 0.00584666663781, 0.00845290161669, 0.00710763735697, 0.0112793035805, 0.00431224750355, 0.00475981878117, 0.00489014340565, 0.00190287851728, 0.00219407631084, 0.00104681530502, 0.000900813669432, 0.000588333234191, 0.000549266464077, 0.000278610968962, 0.000300130253891, 0.000110584194772, 0.000129503154312, 0.000135867900099, 0.000130645828904, 5.17122025485e-05, 7.15171481716e-05, 1.60230247275e-05, 2.3695292839e-05, 1.45068679558e-05, 2.73416389973e-05, 1.09770035124e-05, 2.65131984634e-05, 2.59917396761e-05, 6.8017779995e-06, 8.76137710293e-06, 8.30500903248e-06, 8.68796905706e-06, 4.68140706289e-06, 4.08624555348e-06, 3.02166995425e-06, 2.08716801353e-06], "mean": [0.00121673266403, 0.00253419228829, 0.00182992860209, 0.00128199788742, 0.000388187851058, 0.000799159752205, 0.000784787756857, 0.000563772628084, 0.000347466499079, 0.000232098871493, 0.000291395990644, 0.000170057057403, 0.000110535926069, 7.34638961148e-05, 6.14841264905e-05, 3.62177452189e-05, 2.51485744229e-05, 1.92654915736e-05, 2.02733317565e-05, 9.6506682894e-06, 8.61467015056e-06, 8.5617075456e-06, 3.20440790347e-06, 2.18126137952e-06, 2.23366509999e-06, 1.1314010635e-06, 1.09965799311e-06, 8.08762422366e-07, 7.26130679141e-07, 4.17049534462e-07, 4.09041660987e-07, 3.3152750234e-07, 1.26686316548e-07, 8.95497436204e-08, 8.78781278857e-08, 8.11000120393e-08, 2.39468960217e-08, 2.33110277748e-08, 1.37109941178e-08, 8.97100083108e-09], "median": [0.000631244853139, 0.00164312554989, 0.00118967599701, 0.000734242319595, 0.000261474808212, 0.00047909328714, 0.000574938894715, 0.000316235178616, 0.000214262327063, 0.000147569196997, 0.000144476245623, 9.65654035099e-05, 6.13631709712e-05, 4.84384363517e-05, 3.97669027734e-05, 2.36420401052e-05, 1.4651114725e-05, 1.11743765956e-05, 1.0447585737e-05, 4.92601293445e-06, 3.79879088541e-06, 4.55866711491e-06, 1.6061229644e-06, 1.04055789052e-06, 9.53593939812e-07, 4.44031883262e-07, 3.61874811006e-07, 2.54477157569e-07, 2.19651923317e-07, 1.24716436289e-07, 7.38023118174e-08, 4.79983377488e-08, 2.74470721706e-08, 1.76271477415e-08, 1.02819077696e-08, 6.05551653265e-09, 3.42810579923e-09, 2.41457231986e-09, 1.28466370874e-09, 6.95953850105e-10], "min": [1.58867309307e-23, 7.35483499816e-24, 2.89468170436e-24, 4.68720442284e-24, 8.05129425897e-24, 1.21843810883e-23, 1.2967947948e-23, 1.7176755169e-23, 3.30613214654e-23, 1.36635363064e-23, 2.32027721162e-23, 1.01917302746e-23, 9.27405469447e-24, 9.49979434225e-24, 7.28841133222e-24, 7.03049325926e-24, 6.58010732492e-24, 1.0579362324e-23, 1.97414287466e-23, 8.68010317513e-24, 1.29303232271e-23, 1.31692557847e-23, 1.81866580553e-23, 1.16503309329e-23, 1.36444742714e-23, 6.70857884536e-24, 1.10123317872e-23, 1.05074426641e-23, 7.6249654268e-24, 7.69417929376e-24, 6.86833737816e-24, 9.94516627668e-24, 1.14330920503e-23, 1.15339715828e-23, 8.28821285464e-24, 8.40420853986e-24, 8.74012523483e-24, 1.42243469902e-23, 1.09613271965e-23, 8.31682799511e-24], "var": [3.04651530314e-06, 8.29712098493e-06, 4.33820514445e-06, 3.16684008794e-06, 1.91115162806e-07, 8.15246039565e-07, 5.92994126691e-07, 6.15394526449e-07, 1.91331253063e-07, 8.85939641648e-08, 1.85830046462e-07, 4.90322982216e-08, 2.56255923148e-08, 6.85641010634e-09, 5.38048405829e-09, 1.95416771653e-09, 1.16315013177e-09, 5.80642534054e-10, 7.14986458927e-10, 1.58609264611e-10, 1.6741349973e-10, 1.35041061666e-10, 3.12048858975e-11, 1.08754810713e-11, 1.36912070223e-11, 2.86695493734e-12, 3.54508219655e-12, 1.84666886817e-12, 1.94491991956e-12, 5.87221677534e-13, 1.58269881576e-12, 1.39113015812e-12, 1.00065660239e-13, 7.75593781907e-14, 1.40074245063e-13, 1.99095107805e-13, 1.64586582346e-14, 2.18701433645e-14, 9.12460652012e-15, 4.49061208547e-15]}, "mfcc": {"mean": [-716.612976074, 218.770462036, -14.7740631104, 18.645565033, -6.1972026825, 7.79127454758, -2.30241894722, 2.8147046566, 1.62194561958, 2.00270056725, -0.299753159285, 2.908857584, 0.486399710178], "cov": [[10134.2011719, 832.042785645, -1903.40625, 775.973327637, -741.566894531, 61.5030708313, -460.326751709, 5.94457960129, -145.908493042, -92.7431716919, -331.410461426, -78.0101013184, -107.941673279], [832.042785645, 1560.64709473, -172.256149292, -51.165977478, 121.371055603, -90.0130081177, 10.468963623, -103.539710999, -36.9698295593, -38.1083831787, 45.1302223206, 4.47086715698, -6.15259075165], [-1903.40625, -172.256149292, 805.85723877, -179.875076294, 169.67175293, 19.3670482635, 98.0809326172, 18.5942058563, 33.8271217346, 27.7785205841, 52.6713638306, 14.5281171799, 29.6359939575], [775.973327637, -51.165977478, -179.875076294, 269.195068359, -47.3343582153, 31.1499671936, -35.8488845825, 5.40320110321, -20.0980682373, -10.5069322586, -24.5449771881, -15.471777916, -12.4494285583], [-741.566894531, 121.371055603, 169.67175293, -47.3343582153, 174.31703186, 6.84616804123, 54.5626411438, -18.0554924011, 1.26057505608, -2.26577377319, 36.2199897766, 4.31166172028, 5.94875049591], [61.5030708313, -90.0130081177, 19.3670482635, 31.1499671936, 6.84616804123, 82.8252182007, 8.43701839447, 16.5906124115, 6.48188495636, 11.5734024048, -5.71510028839, -3.4451379776, 0.0612837672234], [-460.326751709, 10.468963623, 98.0809326172, -35.8488845825, 54.5626411438, 8.43701839447, 68.2372436523, 11.3012495041, 13.3853731155, 5.75839090347, 18.4189872742, 0.972260713577, 4.16158390045], [5.94457960129, -103.539710999, 18.5942058563, 5.40320110321, -18.0554924011, 16.5906124115, 11.3012495041, 53.8445777893, 25.9189510345, 11.6788721085, -5.67254638672, -0.50274926424, 0.506735920906], [-145.908493042, -36.9698295593, 33.8271217346, -20.0980682373, 1.26057505608, 6.48188495636, 13.3853731155, 25.9189510345, 50.1916694641, 23.1945075989, 5.49739170074, 1.05839300156, 3.40130758286], [-92.7431716919, -38.1083831787, 27.7785205841, -10.5069322586, -2.26577377319, 11.5734024048, 5.75839090347, 11.6788721085, 23.1945075989, 41.108253479, 11.7951126099, 1.37849152088, 3.09407424927], [-331.410461426, 45.1302223206, 52.6713638306, -24.5449771881, 36.2199897766, -5.71510028839, 18.4189872742, -5.67254638672, 5.49739170074, 11.7951126099, 48.1287460327, 18.0893764496, 6.08578443527], [-78.0101013184, 4.47086715698, 14.5281171799, -15.471777916, 4.31166172028, -3.4451379776, 0.972260713577, -0.50274926424, 1.05839300156, 1.37849152088, 18.0893764496, 33.3304405212, 16.9087486267], [-107.941673279, -6.15259075165, 29.6359939575, -12.4494285583, 5.94875049591, 0.0612837672234, 4.16158390045, 0.506735920906, 3.40130758286, 3.09407424927, 6.08578443527, 16.9087486267, 36.3743019104]], "icov": [[0.000390148779843, -0.000353274052031, 0.000384710379876, -0.00045225667418, 0.000739023380447, -0.000547244329937, 0.000978996278718, -0.000630312017165, 0.000517825596035, -0.000320777122397, 0.00150377093814, -0.00064718152862, 0.000434737594333], [-0.000353274052031, 0.00118536723312, 1.42089047586e-05, 0.000547260162421, -0.00133050628938, 0.00107888085768, -0.0010365403723, 0.00172954925802, -0.000766790355556, 0.000688638945576, -0.00189418264199, 0.000840102729853, -0.000422333425377], [0.000384710379876, 1.42089047586e-05, 0.00246632122435, 0.000555056263693, -0.000904339423869, -0.000652521790471, 6.45592954243e-05, -0.00108157342765, 0.000644871091936, -0.000777793349698, 0.000878422579262, -2.33229820878e-05, -0.00064901157748], [-0.00045225667418, 0.000547260162421, 0.000555056263693, 0.00558035774156, -0.00102830119431, -0.0014011283638, 0.000422617449658, -0.000637925521005, 0.00117202743422, 0.000968060514424, -0.0023271010723, 0.00274313427508, -0.000738504633773], [0.000739023380447, -0.00133050628938, -0.000904339423869, -0.00102830119431, 0.0124742798507, -0.00311237573624, -0.00378128816374, 0.0029552555643, -0.000100175988337, 0.00265952502377, -0.00219706515782, 0.000907768786419, 0.000438253424363], [-0.000547244329937, 0.00107888085768, -0.000652521790471, -0.0014011283638, -0.00311237573624, 0.0160130821168, -0.00297023612075, -0.00218020239845, 0.0011012298055, -0.00480892974883, 0.00149030855391, -0.000106226703792, -0.000431034161011], [0.000978996278718, -0.0010365403723, 6.45592954243e-05, 0.000422617449658, -0.00378128816374, -0.00297023612075, 0.0270229578018, -0.00846603512764, -0.000619012629613, 0.00159035006072, -0.00257194973528, 0.00365894380957, -0.000876392703503], [-0.000630312017165, 0.00172954925802, -0.00108157342765, -0.000637925521005, 0.0029552555643, -0.00218020239845, -0.00846603512764, 0.03323007375, -0.0157719496638, 0.00164458644576, 0.00177919131238, -0.00261639431119, 0.0013644718565], [0.000517825596035, -0.000766790355556, 0.000644871091936, 0.00117202743422, -0.000100175988337, 0.0011012298055, -0.000619012629613, -0.0157719496638, 0.0365896262228, -0.0168233700097, 0.00284958840348, -0.000107027030026, -0.000829665281344], [-0.000320777122397, 0.000688638945576, -0.000777793349698, 0.000968060514424, 0.00265952502377, -0.00480892974883, 0.00159035006072, 0.00164458644576, -0.0168233700097, 0.0395414978266, -0.0147312693298, 0.00770647078753, -0.00341015565209], [0.00150377093814, -0.00189418264199, 0.000878422579262, -0.0023271010723, -0.00219706515782, 0.00149030855391, -0.00257194973528, 0.00177919131238, 0.00284958840348, -0.0147312693298, 0.0456705391407, -0.025770559907, 0.00858122017235], [-0.00064718152862, 0.000840102729853, -2.33229820878e-05, 0.00274313427508, 0.000907768786419, -0.000106226703792, 0.00365894380957, -0.00261639431119, -0.000107027030026, 0.00770647078753, -0.025770559907, 0.0548049993813, -0.0231611970812], [0.000434737594333, -0.000422333425377, -0.00064901157748, -0.000738504633773, 0.000438253424363, -0.000431034161011, -0.000876392703503, 0.0013644718565, -0.000829665281344, -0.00341015565209, 0.00858122017235, -0.0231611970812, 0.0386954434216]]}, "spectral_contrast_coeffs": {"dmean": [0.0500007532537, 0.0422667078674, 0.0324211232364, 0.023419868201, 0.0165037121624, 0.0130556123331], "dmean2": [0.0855194702744, 0.0715272352099, 0.0533691570163, 0.0390673689544, 0.0278457850218, 0.0211030878127], "dvar": [0.00157287658658, 0.00109298061579, 0.000631068425719, 0.000317328347592, 0.000162578595337, 0.000126782557345], "dvar2": [0.00444917473942, 0.00312611553818, 0.00177397532389, 0.000892780895811, 0.000452458654763, 0.000299548613839], "max": [-0.362039387226, -0.47751635313, -0.516617298126, -0.636029422283, -0.638269066811, -0.598256766796], "mean": [-0.636028468609, -0.737795710564, -0.782733023167, -0.806217730045, -0.807392716408, -0.749226033688], "median": [-0.631935954094, -0.737920582294, -0.790989220142, -0.811854600906, -0.807187139988, -0.744974434376], "min": [-0.957492172718, -0.937473356724, -0.956376969814, -0.966004371643, -0.96185362339, -0.959658026695], "var": [0.00617799535394, 0.00447329273447, 0.00391355995089, 0.001586156548, 0.00122910051141, 0.00374268740416]}, "spectral_contrast_valleys": {"dmean": [0.371784716845, 0.291371405125, 0.246974989772, 0.195148900151, 0.146491900086, 0.174130499363], "dmean2": [0.640701234341, 0.488235652447, 0.409170597792, 0.322635799646, 0.237152665854, 0.259131342173], "dvar": [0.11457528919, 0.0818234309554, 0.0666176751256, 0.0500391460955, 0.0462085828185, 0.0760272294283], "dvar2": [0.25876355