{"lowlevel": {"average_loudness": 0.808113873005, "barkbands_crest": {"dmean": 3.04652070999, "dmean2": 5.01003742218, "dvar": 7.65666723251, "dvar2": 20.6251983643, "max": 26.1410484314, "mean": 13.5267791748, "median": 13.0774555206, "min": 2.67019820213, "var": 24.730796814}, "barkbands_flatness_db": {"dmean": 0.0349404588342, "dmean2": 0.0492734350264, "dvar": 0.00136013631709, "dvar2": 0.00248732813634, "max": 0.59154188633, "mean": 0.186840489507, "median": 0.172786012292, "min": 0.0209455993026, "var": 0.00763280317187}, "barkbands_kurtosis": {"dmean": 11.9819955826, "dmean2": 19.554063797, "dvar": 857.573913574, "dvar2": 2287.47387695, "max": 668.34564209, "mean": 18.0895195007, "median": 8.30810070038, "min": -1.94087719917, "var": 1186.57287598}, "barkbands_skewness": {"dmean": 0.997423171997, "dmean2": 1.57658958435, "dvar": 1.61986458302, "dvar2": 4.25431013107, "max": 19.9870376587, "mean": 2.85394620895, "median": 2.52124500275, "min": -3.71617221832, "var": 4.29164457321}, "barkbands_spread": {"dmean": 6.98309230804, "dmean2": 10.9810285568, "dvar": 115.521362305, "dvar2": 267.989898682, "max": 110.662567139, "mean": 16.9182300568, "median": 12.2055931091, "min": 0.146353244781, "var": 261.554107666}, "dissonance": {"dmean": 0.0192865431309, "dmean2": 0.0309506077319, "dvar": 0.000412819063058, "dvar2": 0.0010022764327, "max": 0.5, "mean": 0.451591938734, "median": 0.460309952497, "min": 0.190436556935, "var": 0.00120394804981}, "dynamic_complexity": 3.80877661705, "erbbands_crest": {"dmean": 2.63015556335, "dmean2": 4.10876512527, "dvar": 7.14257669449, "dvar2": 16.5467453003, "max": 28.5314350128, "mean": 9.74060344696, "median": 8.70129871368, "min": 2.17174530029, "var": 23.0734500885}, "erbbands_flatness_db": {"dmean": 0.0239831972867, "dmean2": 0.0321184881032, "dvar": 0.00079406669829, "dvar2": 0.00129998824559, "max": 0.381614208221, "mean": 0.143824100494, "median": 0.136398077011, "min": 0.0362556576729, "var": 0.00337871839292}, "erbbands_kurtosis": {"dmean": 2.18272709846, "dmean2": 3.32385277748, "dvar": 36.1415405273, "dvar2": 79.9337921143, "max": 134.827713013, "mean": 2.49120926857, "median": -0.277276039124, "min": -1.78095793724, "var": 78.701675415}, "erbbands_skewness": {"dmean": 0.491560965776, "dmean2": 0.708841383457, "dvar": 0.426556199789, "dvar2": 0.833007752895, "max": 9.83144950867, "mean": 0.646130204201, "median": 0.422717243433, "min": -4.65733337402, "var": 1.99231982231}, "erbbands_spread": {"dmean": 11.2165794373, "dmean2": 16.9036884308, "dvar": 244.899856567, "dvar2": 539.464782715, "max": 183.183395386, "mean": 45.7397155762, "median": 44.794631958, "min": 1.4779061079, "var": 519.563720703}, "hfc": {"dmean": 8.20792102814, "dmean2": 11.7189817429, "dvar": 249.350540161, "dvar2": 515.76940918, "max": 287.109436035, "mean": 19.9370746613, "median": 11.3455600739, "min": 1.08224433524e-16, "var": 769.210021973}, "melbands_crest": {"dmean": 3.672321558, "dmean2": 5.94523239136, "dvar": 11.4194107056, "dvar2": 29.438129425, "max": 35.0831871033, "mean": 17.9245529175, "median": 17.5888576508, "min": 1.6389323473, "var": 37.9920158386}, "melbands_flatness_db": {"dmean": 0.0398060828447, "dmean2": 0.0568236708641, "dvar": 0.00178023974877, "dvar2": 0.00337823317386, "max": 0.736841142178, "mean": 0.280680686235, "median": 0.267355948687, "min": 0.00243211491033, "var": 0.0115040130913}, "melbands_kurtosis": {"dmean": 22.6141662598, "dmean2": 37.4867401123, "dvar": 2356.17993164, "dvar2": 6421.35009766, "max": 1110.11413574, "mean": 39.1537208557, "median": 22.6311569214, "min": -1.89034557343, "var": 2975.74658203}, "melbands_skewness": {"dmean": 1.24087393284, "dmean2": 1.97362077236, "dvar": 2.48636603355, "dvar2": 6.18090486526, "max": 23.5652694702, "mean": 4.18931531906, "median": 3.74248862267, "min": -0.530622184277, "var": 5.99834442139}, "melbands_spread": {"dmean": 5.77685117722, "dmean2": 9.01982879639, "dvar": 128.447357178, "dvar2": 259.890014648, "max": 222.707366943, "mean": 15.4035463333, "median": 8.66223716736, "min": 0.304627805948, "var": 591.762145996}, "pitch_salience": {"dmean": 0.0818946659565, "dmean2": 0.131837084889, "dvar": 0.0058605032973, "dvar2": 0.0148794334382, "max": 0.953685462475, "mean": 0.470302283764, "median": 0.471852093935, "min": 0.0975791960955, "var": 0.0187259465456}, "silence_rate_20dB": {"dmean": 0.000221141090151, "dmean2": 0.000442331074737, "dvar": 0.000221083348151, "dvar2": 0.000663265644107, "max": 1, "mean": 0.999889433384, "median": 1, "min": 0, "var": 0.000110543885967}, "silence_rate_30dB": {"dmean": 0.057054400444, "dmean2": 0.114121422172, "dvar": 0.0538006611168, "dvar2": 0.122551910579, "max": 1, "mean": 0.923825323582, "median": 1, "min": 0, "var": 0.0703698173165}, "silence_rate_60dB": {"dmean": 0.0117204776034, "dmean2": 0.0234435480088, "dvar": 0.0115830814466, "dvar2": 0.027759263292, "max": 1, "mean": 0.0594803765416, "median": 0, "min": 0, "var": 0.0559446774423}, "spectral_centroid": {"dmean": 267.36239624, "dmean2": 408.74230957, "dvar": 152045.484375, "dvar2": 312097.46875, "max": 11820.7207031, "mean": 1149.29968262, "median": 879.088256836, "min": 95.9742736816, "var": 1596732.375}, "spectral_complexity": {"dmean": 3.70986294746, "dmean2": 5.52250337601, "dvar": 27.0814037323, "dvar2": 55.675239563, "max": 55, "mean": 14.4549474716, "median": 13, "min": 0, "var": 105.513656616}, "spectral_decrease": {"dmean": 4.56714577268e-09, "dmean2": 7.41875982868e-09, "dvar": 6.08862370261e-17, "dvar2": 1.54212155101e-16, "max": 1.26067009263e-18, "mean": -1.11896856225e-08, "median": -7.79626141423e-09, "min": -1.15181073568e-07, "var": 1.30461933595e-16}, "spectral_energy": {"dmean": 0.0176473427564, "dmean2": 0.0285414140671, "dvar": 0.000887637666892, "dvar2": 0.00224147061817, "max": 0.440744370222, "mean": 0.0440407544374, "median": 0.03147149086, "min": 9.96398501427e-21, "var": 0.00194321863819}, "spectral_energyband_high": {"dmean": 0.00065012415871, "dmean2": 0.000928593741264, "dvar": 3.22871892422e-06, "dvar2": 5.40063319932e-06, "max": 0.0430844277143, "mean": 0.00106280401815, "median": 0.000184946533409, "min": 7.07091032055e-21, "var": 1.16538913062e-05}, "spectral_energyband_low": {"dmean": 0.0151566714048, "dmean2": 0.0251413676888, "dvar": 0.000864770554472, "dvar2": 0.00224347738549, "max": 0.413044303656, "mean": 0.0280971974134, "median": 0.0157927069813, "min": 1.6607109243e-23, "var": 0.00147764454596}, "spectral_energyband_middle_high": {"dmean": 0.00115961162373, "dmean2": 0.00166779325809, "dvar": 3.58216811946e-06, "dvar2": 7.51318520997e-06, "max": 0.0301508698612, "mean": 0.00311127537861, "median": 0.00148682040162, "min": 1.14228331351e-21, "var": 1.65898618434e-05}, "spectral_energyband_middle_low": {"dmean": 0.00471043027937, "dmean2": 0.00721878558397, "dvar": 4.5694054279e-05, "dvar2": 0.00010870002734, "max": 0.0918569266796, "mean": 0.012868963182, "median": 0.0102879190817, "min": 1.53328836799e-22, "var": 0.000123728284962}, "spectral_entropy": {"dmean": 0.283707261086, "dmean2": 0.3864184618, "dvar": 0.142801016569, "dvar2": 0.23682191968, "max": 9.82631492615, "mean": 7.27768611908, "median": 7.36183214188, "min": 4.3743224144, "var": 0.642194271088}, "spectral_flux": {"dmean": 0.0315400026739, "dmean2": 0.0498368740082, "dvar": 0.00151604588609, "dvar2": 0.00367822032422, "max": 0.492884397507, "mean": 0.0881782993674, "median": 0.0766360610723, "min": 6.31142568763e-11, "var": 0.00388767174445}, "spectral_kurtosis": {"dmean": 2.40569186211, "dmean2": 3.73914313316, "dvar": 20.422586441, "dvar2": 43.7825164795, "max": 81.7202835083, "mean": 6.15771198273, "median": 4.34591245651, "min": -1.24878036976, "var": 52.4578857422}, "spectral_rms": {"dmean": 0.00114357250277, "dmean2": 0.00179347780067, "dvar": 2.01155080504e-06, "dvar2": 4.83406529384e-06, "max": 0.0207363087684, "mean": 0.00583265163004, "median": 0.00554110947996, "min": 3.11784560843e-12, "var": 8.94689856068e-06}, "spectral_rolloff": {"dmean": 463.098358154, "dmean2": 816.485412598, "dvar": 1452302.25, "dvar2": 3758826.25, "max": 20348.8769531, "mean": 1126.84936523, "median": 344.53125, "min": 64.599609375, "var": 6603450.5}, "spectral_skewness": {"dmean": 0.296391934156, "dmean2": 0.44168433547, "dvar": 0.17414560914, "dvar2": 0.329089939594, "max": 7.80601453781, "mean": 1.79063272476, "median": 1.60577297211, "min": -0.189162582159, "var": 0.744399607182}, "spectral_spread": {"dmean": 960275.9375, "dmean2": 1366616, "dvar": 2268296380420.0, "dvar2": 4353749942270.0, "max": 42903920, "mean": 5417467.5, "median": 4651076, "min": 1048608.875, "var": 17135155806200.0}, "spectral_strongpeak": {"dmean": 0.271586835384, "dmean2": 0.467501848936, "dvar": 0.40423220396, "dvar2": 1.08387768269, "max": 13.7368459702, "mean": 0.56618732214, "median": 0.423704683781, "min": 0, "var": 0.489523291588}, "zerocrossingrate": {"dmean": 0.0115506807342, "dmean2": 0.0140320789069, "dvar": 0.000234528401052, "dvar2": 0.000325906003127, "max": 0.52587890625, "mean": 0.0484757199883, "median": 0.03369140625, "min": 0.001953125, "var": 0.00436199456453}, "barkbands": {"dmean": [0.00112904084381, 0.013465790078, 0.00178444630001, 0.00190942094196, 0.00235443282872, 0.000890473136678, 0.000631727278233, 0.000585918256547, 0.000366399617633, 0.000168114274857, 0.000120306518511, 0.000161333548022, 0.000194274602109, 0.000239271394094, 0.00018772923795, 0.000125610778923, 0.000153373199282, 0.000245794974035, 0.000173671869561, 0.000105330480437, 0.000111459041364, 0.000151982618263, 0.000136208720505, 7.64459327911e-05, 0.000100897130324, 9.71036934061e-05, 3.31804149027e-05], "dmean2": [0.00167046592105, 0.0226284861565, 0.00309357955121, 0.00308485352434, 0.00376143865287, 0.00133469933644, 0.000965114275459, 0.000917970959563, 0.000560254324228, 0.000258689862676, 0.000187091951375, 0.000234163351706, 0.000280772917904, 0.000370828580344, 0.000289496092591, 0.000196371896891, 0.000233759303228, 0.000375128234737, 0.000261334236711, 0.000166907047969, 0.000168726182892, 0.000209819030715, 0.000194624299183, 0.000114299327834, 0.000163117889315, 0.000159468894708, 5.51431694475e-05], "dvar": [8.34652837511e-06, 0.000726030790247, 1.42178960232e-05, 9.94214497041e-06, 1.39181674967e-05, 2.94814367408e-06, 1.85191800028e-06, 1.74527940544e-06, 1.02636818156e-06, 1.18198620669e-07, 1.06305122927e-07, 2.20419437369e-07, 3.801002606e-07, 3.97901658289e-07, 1.88120054645e-07, 1.09985244023e-07, 1.30407883603e-07, 3.64071212289e-07, 1.70412931766e-07, 5.08382562714e-08, 1.19359555129e-07, 5.48579407678e-07, 3.43973454164e-07, 8.12414739926e-08, 6.60501555672e-08, 7.29655766918e-08, 8.53385895283e-09], "dvar2": [1.86050983757e-05, 0.00194956618361, 4.06987019232e-05, 2.58144846157e-05, 3.56289056072e-05, 6.5201011239e-06, 4.06919161833e-06, 4.19530488216e-06, 2.47550019594e-06, 2.74556725799e-07, 2.48056466035e-07, 4.15501887119e-07, 6.8752427751e-07, 8.81253527041e-07, 4.16890742372e-07, 2.54157413337e-07, 2.76074217709e-07, 7.55908615702e-07, 3.48369155745e-07, 1.20520013525e-07, 2.37312846707e-07, 9.01466819414e-07, 6.25974792001e-07, 1.570824395e-07, 1.69870332911e-07, 1.8943578084e-07, 2.22101217418e-08], "max": [0.0560804121196, 0.360867083073, 0.081350274384, 0.0530148595572, 0.0522561445832, 0.0322920158505, 0.027852807194, 0.0322507545352, 0.0182399507612, 0.0100583126768, 0.0118751293048, 0.0184226091951, 0.0181759018451, 0.0229478813708, 0.0107184369117, 0.00900743808597, 0.0112745100632, 0.018930207938, 0.0151194473729, 0.00383480452001, 0.0142445974052, 0.0286754351109, 0.0166040565819, 0.0100292796269, 0.00337975518778, 0.0039746882394, 0.0010179647943], "mean": [0.00172857230064, 0.0226316526532, 0.0027059360873, 0.00251115765423, 0.00484486296773, 0.00237140944228, 0.0012287274003, 0.00113693613093, 0.000659668294247, 0.000280438631307, 0.000187360623386, 0.000366721622413, 0.000291989417747, 0.000368800974684, 0.000279650004813, 0.000197821413167, 0.000286575319478, 0.000439341849415, 0.000357170792995, 0.000173926615389, 0.000175733541255, 0.000264986476395, 0.000222065806156, 0.00011265953799, 0.000102175843494, 8.73102981132e-05, 2.72901324934e-05], "median": [6.67385174893e-05, 0.0117418672889, 0.00140098808333, 0.00119043816812, 0.003156284336, 0.000725733523723, 0.000404124642955, 0.000290730677079, 0.000150908512296, 0.000124138576211, 6.12009462202e-05, 7.79286419856e-05, 5.14961102454e-05, 0.000101823854493, 8.84842374944e-05, 5.95542005613e-05, 6.19058046141e-05, 0.000102567588328, 8.13716324046e-05, 4.25545149483e-05, 3.24783140968e-05, 2.95752397506e-05, 2.91996711894e-05, 1.58873608598e-05, 1.27361736304e-05, 7.46979685573e-06, 1.36813878271e-06], "min": [4.17495611492e-25, 2.35295829897e-24, 1.54688375854e-25, 4.52543863346e-25, 1.0111438434e-23, 9.01818371556e-24, 7.918668597e-24, 6.38162282142e-24, 1.41829270595e-23, 1.31652720371e-23, 1.40477147226e-23, 1.53159238015e-23, 2.06198332532e-23, 2.5302084024e-23, 4.2052963167e-23, 1.60911074363e-23, 6.23324376494e-23, 9.51589657105e-23, 1.41222762777e-22, 1.18760699496e-22, 2.30457017058e-22, 3.38969290057e-22, 4.15627637383e-22, 6.27467335129e-22, 8.53012033288e-22, 1.33289856345e-21, 2.0201580211e-21], "var": [1.47216733239e-05, 0.00110224820673, 1.54716235556e-05, 1.36933831527e-05, 2.90279458568e-05, 1.37971683216e-05, 5.00780970469e-06, 5.38920039617e-06, 2.40116855821e-06, 2.11906183267e-07, 1.81816460554e-07, 1.42276496717e-06, 1.12137195174e-06, 1.01886007542e-06, 3.79854782295e-07, 2.56738900362e-07, 4.66890071493e-07, 1.00757324617e-06, 6.54517748444e-07, 1.11545787718e-07, 3.24672328134e-07, 1.89271065665e-06, 1.03632476112e-06, 1.97617524123e-07, 6.5677454586e-08, 6.27039966616e-08, 6.78586786762e-09]}, "erbbands": {"dmean": [0.552893221378, 2.54105496407, 2.45241522789, 3.86816287041, 9.49238777161, 6.54063415527, 6.53781032562, 6.68987560272, 9.13001918793, 7.7639465332, 15.1126613617, 9.77256202698, 6.04999160767, 4.16876649857, 5.00094795227, 6.95280170441, 8.32221603394, 11.5387458801, 10.9662771225, 6.91865253448, 6.87564945221, 8.48714828491, 13.498506546, 8.61995124817, 8.1563577652, 4.76288509369, 4.01205587387, 5.05518436432, 5.67324066162, 4.4035577774, 4.01119041443, 2.12443184853, 1.11700570583, 1.05727088451, 0.751403212547, 0.462637037039, 0.167264059186, 0.0428291857243, 0.00568992644548, 0.000256823870586], "dmean2": [0.899728775024, 4.37017965317, 4.25734615326, 6.35343456268, 15.7332487106, 10.2853269577, 9.57415771484, 10.0453939438, 13.9871711731, 11.793261528, 23.630197525, 14.8315067291, 9.1138677597, 6.41358041763, 7.5222325325, 10.1417160034, 12.0109796524, 17.3735809326, 16.7664165497, 10.6605987549, 10.5302248001, 12.7686195374, 20.5057926178, 13.047208786, 12.0334396362, 7.61211776733, 6.44891357422, 7.3089261055, 7.94026994705, 6.25823116302, 5.71858739853, 3.19957780838, 1.71085429192, 1.7208687067, 1.21385896206, 0.760911047459, 0.275696128607, 0.071279540658, 0.00948837399483, 0.000416996335844], "dvar": [1.45104002953, 25.2701301575, 27.0951061249, 37.8121757507, 286.593353271, 135.132659912, 175.134246826, 217.75112915, 378.4453125, 418.150939941, 1223.6114502, 813.138671875, 179.14654541, 80.9571838379, 196.451675415, 363.518798828, 720.887817383, 915.037475586, 665.446960449, 243.065536499, 350.903594971, 373.897003174, 1283.75732422, 339.6980896, 374.258636475, 108.132301331, 84.7363815308, 412.148101807, 799.00970459, 442.144042969, 307.577026367, 92.5463256836, 10.8369913101, 8.08773899078, 4.00718545914, 1.80078601837, 0.207648932934, 0.0142535213381, 0.000242553200223, 4.84921486077e-07], "dvar2": [3.51370382309, 74.9055175781, 79.4862213135, 102.697769165, 752.267578125, 329.982940674, 380.769195557, 466.828582764, 841.484313965, 878.133178711, 2950.01318359, 1966.41137695, 382.13482666, 203.572219849, 415.829956055, 687.525512695, 1362.70373535, 1897.03833008, 1508.57751465, 564.407714844, 788.229858398, 773.003662109, 2743.49536133, 703.251159668, 753.438781738, 265.766571045, 193.554000854, 764.458435059, 1393.26037598, 777.982910156, 557.814880371, 180.76020813, 22.018497467, 21.3092021942, 10.2326850891, 4.68772888184, 0.537641763687, 0.0374568738043, 0.000632952724118, 1.23684833397e-06], "max": [19.6455421448, 70.2191772461, 97.4744720459, 97.160369873, 278.262023926, 223.688613892, 286.398010254, 382.855743408, 398.61730957, 535.298095703, 902.373413086, 526.155883789, 391.542358398, 272.139190674, 627.045532227, 953.389831543, 955.656616211, 1287.44006348, 564.915100098, 436.204284668, 606.079833984, 601.65637207, 1064.51269531, 536.540100098, 565.190124512, 166.927719116, 230.326461792, 829.496276855, 1114.58483887, 603.570068359, 589.145690918, 339.155639648, 115.675575256, 47.3415184021, 30.155538559, 21.9537525177, 8.24754619598, 1.27447009087, 0.170357495546, 0.00860505364835], "mean": [0.90568035841, 3.98642420769, 4.12832260132, 5.7210650444, 14.8145837784, 14.2723741531, 21.6678695679, 13.9826698303, 17.2070808411, 16.3114757538, 29.8343601227, 17.5713939667, 10.630903244, 8.10030555725, 8.84289932251, 17.2803058624, 13.5989522934, 20.0776767731, 17.3154182434, 11.155503273, 11.9218091965, 17.012506485, 24.9038047791, 17.879650116, 16.7009830475, 8.04802322388, 6.35561943054, 8.04276561737, 9.44521617889, 7.72464227676, 6.37091207504, 3.33836627007, 1.47654008865, 1.09608542919, 0.742876708508, 0.42951849103, 0.146185293794, 0.0357690565288, 0.00469479616731, 0.00025249531609], "median": [0.22712276876, 2.44735980034, 2.68201613426, 3.4036822319, 8.1455821991, 8.38052940369, 5.30868244171, 5.22915029526, 6.18620824814, 5.32582092285, 7.97375822067, 4.90361356735, 3.62895655632, 4.08341217041, 3.66571354866, 3.67038750648, 3.11788201332, 5.15154123306, 6.29852867126, 3.8238837719, 3.22183728218, 3.88600468636, 5.53595304489, 4.83115196228, 3.84604930878, 2.20663022995, 1.39069318771, 1.17518484592, 1.02171933651, 0.986542701721, 0.788183569908, 0.423612535, 0.211449325085, 0.130442902446, 0.0908486172557, 0.0431256778538, 0.0102918678895, 0.00199166173115, 0.000255424325587, 6.46685803076e-05], "min": [7.2456905699e-23, 5.14808859699e-22, 9.74728752369e-22, 2.22189578066e-21, 1.35961011567e-20, 2.827472001e-20, 4.1132738569e-20, 1.09582651578e-19, 1.02876523869e-19, 1.4215619692e-19, 1.69715683581e-19, 3.74120245975e-19, 3.55285627771e-19, 7.16883780989e-19, 1.03323357789e-18, 1.03304322295e-18, 1.47386348781e-18, 1.91925857845e-18, 2.57284830842e-18, 2.34723107403e-18, 2.9742106105e-18, 4.62859913256e-18, 5.54715838738e-18, 7.35313685569e-18, 6.50741871202e-18, 6.81841256615e-18, 9.98131465489e-18, 8.86224102933e-18, 1.16973810722e-17, 1.2232033397e-17, 1.13492546667e-17, 1.22632884164e-17, 8.82683521757e-18, 8.52858366718e-18, 5.99544933395e-18, 4.38135898337e-18, 2.33256640254e-18, 1.02371314263e-18, 2.63145514049e-19, 2.89735293001e-20], "var": [2.59975290298, 28.7822551727, 28.3388671875, 50.2856941223, 403.00390625, 366.140106201, 1563.68286133, 609.391296387, 914.873352051, 1500.24511719, 3782.3527832, 1559.86230469, 486.456878662, 151.16355896, 381.096374512, 3282.56738281, 1799.14746094, 3470.0246582, 1261.75769043, 518.913513184, 1025.28295898, 1451.29284668, 3404.45117188, 1289.24475098, 1424.87756348, 211.399246216, 172.28616333, 1263.91149902, 2444.44970703, 1389.94555664, 888.148010254, 226.035202026, 23.1624832153, 8.00926494598, 3.91112756729, 1.57110893726, 0.177139312029, 0.0113318422809, 0.000192245017388, 4.11395035371e-07]}, "gfcc": {"mean": [-42.4835090637, 94.7208480835, -77.9533615112, 40.1471099854, -40.8802490234, 8.55571937561, -33.8831214905, 5.73459386826, -19.2765789032, 2.04623413086, -12.868563652, 0.0338002517819, -14.0069026947], "cov": [[32640, 148.745513916, -1936.17578125, 629.105041504, -884.425720215, 709.661499023, 55.5332870483, 1022.24633789, -71.3903884888, 555.32611084, -60.6017723083, 306.210327148, -203.350784302], [148.745513916, 1952.71716309, -258.504394531, 6.89521217346, 63.5739021301, -57.9648017883, 130.50604248, -13.6757688522, 80.9563369751, -151.408599854, 180.654968262, -89.2049102783, 61.75365448], [-1936.17578125, -258.504394531, 1230.95861816, 104.881492615, 286.857940674, 245.694519043, 119.818359375, -109.484657288, 10.6627645493, 100.204620361, -126.909873962, -6.58006477356, 109.584075928], [629.105041504, 6.89521217346, 104.881492615, 412.699005127, 81.802444458, 52.3272666931, 43.3800773621, 24.2640781403, 76.8506546021, 33.5574607849, 7.91532897949, 28.8110790253, 62.1255264282], [-884.425720215, 63.5739021301, 286.857940674, 81.802444458, 410.479431152, 92.4731369019, 80.7915649414, 23.4312458038, 61.9256286621, 37.8856201172, 16.7695960999, -9.67944431305, 60.052444458], [709.661499023, -57.9648017883, 245.694519043, 52.3272666931, 92.4731369019, 270.399505615, 145.367294312, 40.3038253784, 28.7626247406, 72.0508117676, -7.46760702133, 7.18746566772, 38.0327835083], [55.5332870483, 130.50604248, 119.818359375, 43.3800773621, 80.7915649414, 145.367294312, 254.81199646, 98.5124359131, 58.6103286743, 43.6415977478, 57.5501441956, 4.84415721893, 40.9250221252], [1022.24633789, -13.6757688522, -109.484657288, 24.2640781403, 23.4312458038, 40.3038253784, 98.5124359131, 210.331481934, 61.0150375366, 30.0732460022, 44.7050590515, 21.7146205902, 0.148493245244], [-71.3903884888, 80.9563369751, 10.6627645493, 76.8506546021, 61.9256286621, 28.7626247406, 58.6103286743, 61.0150375366, 131.407028198, 30.0500087738, 30.5970535278, 7.26490879059, 33.9790039062], [555.32611084, -151.408599854, 100.204620361, 33.5574607849, 37.8856201172, 72.0508117676, 43.6415977478, 30.0732460022, 30.0500087738, 124.792472839, 17.5722293854, 26.3195362091, 22.3690185547], [-60.6017723083, 180.654968262, -126.909873962, 7.91532897949, 16.7695960999, -7.46760702133, 57.5501441956, 44.7050590515, 30.5970535278, 17.5722293854, 149.196151733, 33.3026504517, -3.31896543503], [306.210327148, -89.2049102783, -6.58006477356, 28.8110790253, -9.67944431305, 7.18746566772, 4.84415721893, 21.7146205902, 7.26490879059, 26.3195362091, 33.3026504517, 96.1863555908, 30.0331325531], [-203.350784302, 61.75365448, 109.584075928, 62.1255264282, 60.052444458, 38.0327835083, 40.9250221252, 0.148493245244, 33.9790039062, 22.3690185547, -3.31896543503, 30.0331325531, 122.518989563]], "icov": [[8.42460867716e-05, -0.000131137378048, 0.00016477589088, -0.000183115160326, 0.000131244363729, -0.000375408504624, 0.000241176705458, -0.000443913013441, 0.000325878761942, -0.000532429956365, 0.000412846013205, -0.000282028951915, 0.000210729849641], [-0.000131137378048, 0.00105375633575, -0.000149649305968, 0.000307758426061, -0.000219662004383, 0.000587320711929, -0.000721020740457, 0.001054917695, -0.000883219647221, 0.00198068283498, -0.00188338162843, 0.00156250642613, -0.0011567886686], [0.00016477589088, -0.000149649305968, 0.00187200028449, -0.000424843427027, -0.000570086587686, -0.00134323653765, -0.00029625670868, 0.000325447064824, 0.000749637314584, -0.00164804805536, 0.00208667642437, -0.000758049485739, 2.02784303838e-05], [-0.000183115160326, 0.000307758426061, -0.000424843427027, 0.00331282522529, -0.000488971767481, 0.000577411265112, -0.000397844909457, 0.00106703687925, -0.00218218495138, 0.00118321087211, -0.000790792168118, 2.4968494472e-05, -0.00120522780344], [0.000131244363729, -0.000219662004383, -0.000570086587686, -0.000488971767481, 0.00363488448784, -0.000946290499996, 0.000682206824422, -0.0012130519608, -0.000314622331643, -0.000660156190861, -0.000532659585588, 0.000743320386391, -0.000616751203779], [-0.000375408504624, 0.000587320711929, -0.00134323653765, 0.000577411265112, -0.000946290499996, 0.00865053851157, -0.00472889374942, 0.00198747846298, -0.000858078361489, -5.35362487426e-05, -0.000303143053316, 0.000906244618818, -0.000637409742922], [0.000241176705458, -0.000721020740457, -0.00029625670868, -0.000397844909457, 0.000682206824422, -0.00472889374942, 0.0093534970656, -0.00449347216636, 0.000366646738257, -0.00109473010525, -0.00199830508791, 0.000880916893948, -0.000926785171032], [-0.000443913013441, 0.001054917695, 0.000325447064824, 0.00106703687925, -0.0012130519608, 0.00198747846298, -0.00449347216636, 0.0101554719731, -0.00426551979035, 0.00230227806605, -0.00170980475377, 1.71756983036e-05, 7.7730655903e-05], [0.000325878761942, -0.000883219647221, 0.000749637314584, -0.00218218495138, -0.000314622331643, -0.000858078361489, 0.000366646738257, -0.00426551979035, 0.0126673653722, -0.00404020864516, 0.000948096159846, -3.71378700947e-05, -0.00101534253918], [-0.000532429956365, 0.00198068283498, -0.00164804805536, 0.00118321087211, -0.000660156190861, -5.35362487426e-05, -0.00109473010525, 0.00230227806605, -0.00404020864516, 0.0158057287335, -0.00564677547663, 0.0012638901826, -0.00253290147521], [0.000412846013205, -0.00188338162843, 0.00208667642437, -0.000790792168118, -0.000532659585588, -0.000303143053316, -0.00199830508791, -0.00170980475377, 0.000948096159846, -0.00564677547663, 0.014423222281, -0.00701761385426, 0.00407283939421], [-0.000282028951915, 0.00156250642613, -0.000758049485739, 2.4968494472e-05, 0.000743320386391, 0.000906244618818, 0.000880916893948, 1.71756983036e-05, -3.71378700947e-05, 0.0012638901826, -0.00701761385426, 0.0166066549718, -0.00601158058271], [0.000210729849641, -0.0011567886686, 2.02784303838e-05, -0.00120522780344, -0.000616751203779, -0.000637409742922, -0.000926785171032, 7.7730655903e-05, -0.00101534253918, -0.00253290147521, 0.00407283939421, -0.00601158058271, 0.01282545086]]}, "melbands": {"dmean": [0.00422687828541, 0.00188616535161, 0.000819403503556, 0.000584754161537, 0.000221112233703, 0.000157461574418, 0.000135862239404, 8.42300360091e-05, 0.000121381737699, 5.50379882043e-05, 2.95457302855e-05, 1.68858532561e-05, 1.79597136594e-05, 1.8121301764e-05, 1.65292731253e-05, 2.12659178942e-05, 2.2753729354e-05, 1.87239038496e-05, 1.18260231829e-05, 8.56873066368e-06, 8.5680931079e-06, 8.92178650247e-06, 1.23032859847e-05, 1.21613657029e-05, 6.99642714608e-06, 7.10524909664e-06, 4.71542807645e-06, 2.98558165923e-06, 2.56612179328e-06, 2.62770367954e-06, 3.30216198563e-06, 3.54267353941e-06, 2.95065137834e-06, 2.42336273004e-06, 2.42397914008e-06, 2.04675075111e-06, 1.1006237628e-06, 7.71562099544e-07, 8.06488912986e-07, 9.34185038659e-07], "dmean2": [0.00701128598303, 0.00325419357978, 0.00133967900183, 0.000948785629589, 0.000322988169501, 0.000236841005972, 0.00020761883934, 0.000129520849441, 0.000188488484127, 8.33356243675e-05, 4.45597397629e-05, 2.61304030573e-05, 2.75077891274e-05, 2.619586121e-05, 2.42638816417e-05, 3.11162511935e-05, 3.4886157664e-05, 2.89049039566e-05, 1.82276908163e-05, 1.35197497002e-05, 1.33766061481e-05, 1.35769223562e-05, 1.8807084416e-05, 1.86094639503e-05, 1.06793559098e-05, 1.0558997019e-05, 7.1431154538e-06, 4.87570969199e-06, 4.17476167058e-06, 4.10536904383e-06, 4.85931650474e-06, 5.08046377945e-06, 4.20327660322e-06, 3.60295916835e-06, 3.50533014171e-06, 3.10209657073e-06, 1.65501410265e-06, 1.19683625144e-06, 1.29072236632e-06, 1.53964401761e-06], "dvar": [7.62446870795e-05, 1.42218323163e-05, 1.70286398316e-06, 8.98371922631e-07, 1.63835650824e-07, 1.05188497912e-07, 8.23001471417e-08, 4.13880520966e-08, 7.52061879439e-08, 2.69803361874e-08, 4.53650317311e-09, 1.37824440749e-09, 2.2297865776e-09, 3.20028603618e-09, 1.9555295161e-09, 4.83398832074e-09, 3.68539243567e-09, 2.0649799648e-09, 7.12815140247e-10, 4.72659689166e-10, 6.40661967921e-10, 4.86030493629e-10, 1.01314800993e-09, 8.81921258244e-10, 2.33148084172e-10, 3.33425065335e-10, 1.10050163427e-10, 4.85291078156e-11, 3.20444712432e-11, 6.01557692548e-11, 2.31167404663e-10, 3.70747821332e-10, 2.23483606621e-10, 1.3393210152e-10, 1.25301755083e-10, 8.91929169411e-11, 2.58705886574e-11, 6.81131670163e-12, 4.33977116396e-12, 6.90719747024e-12], "dvar2": [0.000195700296899, 4.22229059041e-05, 4.40484791397e-06, 2.32503248299e-06, 3.56972151394e-07, 2.27517020335e-07, 1.81574108638e-07, 8.87226789814e-08, 1.75789949708e-07, 6.48787619184e-08, 9.64696766914e-09, 3.47547213231e-09, 5.06837372072e-09, 6.13941875116e-09, 3.7552263521e-09, 8.50868620006e-09, 8.03750666023e-09, 4.78252681901e-09, 1.57532231704e-09, 1.17650300613e-09, 1.47136669515e-09, 1.03132580254e-09, 2.11759965119e-09, 1.85839610367e-09, 4.96667762473e-10, 6.76907030428e-10, 2.21334658934e-10, 1.22001603264e-10, 7.66466543012e-11, 1.26207294615e-10, 4.61239324512e-10, 7.2937994533e-10, 4.02007538369e-10, 2.63305766079e-10, 2.23055365844e-10, 1.89459614663e-10, 5.20483205146e-11, 1.37326513008e-11, 1.05761449945e-11, 1.85407800224e-11], "max": [0.131489530206, 0.0569329448044, 0.0205936022103, 0.0132928499952, 0.00778535939753, 0.00761124817654, 0.00613367976621, 0.00503700738773, 0.00734911300242, 0.00354598741978, 0.00192899489775, 0.00114152138121, 0.00173719541635, 0.00253300718032, 0.00203739153221, 0.00242629856803, 0.00232512643561, 0.00107572018169, 0.000787262106314, 0.000498024455737, 0.000778448651545, 0.000876421574503, 0.00114745507017, 0.000679419434164, 0.000466421566671, 0.000712887151167, 0.000268826988759, 0.000129002321046, 0.000132041983306, 0.000260857166722, 0.000642492435873, 0.000842277426273, 0.000448274018709, 0.00032773532439, 0.000442281510914, 0.000251111167017, 0.000218931934796, 0.000105622231786, 4.89681697218e-05, 4.20127107645e-05], "mean": [0.00706322398037, 0.00323831499554, 0.00128000392579, 0.00109919928946, 0.000691550027113, 0.000350925722159, 0.000261167413555, 0.000170325045474, 0.000237941421801, 9.71545377979e-05, 4.96519824082e-05, 3.12981937896e-05, 2.90849802695e-05, 3.92016263504e-05, 3.3031545172e-05, 3.40554252034e-05, 3.69059380319e-05, 2.80560252577e-05, 1.79379658221e-05, 1.28767696879e-05, 1.41317814268e-05, 1.63368549693e-05, 2.23455681407e-05, 2.08587334782e-05, 1.35181371661e-05, 1.41524114952e-05, 8.71306110639e-06, 4.44934175903e-06, 3.81241511604e-06, 3.94204516851e-06, 4.98011104355e-06, 5.43828718946e-06, 4.9768664212e-06, 3.95263714381e-06, 3.79624634661e-06, 3.00869896819e-06, 1.64811194736e-06, 1.01616410575e-06, 9.08592255655e-07, 9.19831620649e-07], "median": [0.00284490920603, 0.00225166743621, 0.000779866357334, 0.000665378640406, 0.000222678107093, 0.000127501436509, 9.01530947885e-05, 5.58111205464e-05, 5.41703848285e-05, 2.26704469242e-05, 1.45123649418e-05, 1.46639758896e-05, 1.03998463601e-05, 9.03491218196e-06, 7.42471229387e-06, 6.34037951386e-06, 8.87048827281e-06, 9.41669077292e-06, 6.01936608291e-06, 3.93541404264e-06, 3.49570677827e-06, 3.38193808602e-06, 4.52417543784e-06, 4.55841791336e-06, 3.56693340109e-06, 2.75615684586e-06, 1.94959943656e-06, 1.02360104393e-06, 8.12311952814e-07, 7.44073361147e-07, 5.96839186073e-07, 5.57354724151e-07, 5.13900488386e-07, 5.13524014423e-07, 4.69747647003e-07, 3.21236370837e-07, 2.09816136021e-07, 1.43867836755e-07, 1.07759390744e-07, 1.04171732573e-07], "min": [1.07727732685e-24, 7.35758979905e-25, 7.57856699494e-25, 1.2809057951e-24, 1.56150174555e-24, 2.67071265488e-24, 1.54714556176e-24, 1.58179006474e-24, 1.04666419892e-24, 2.31326439594e-24, 1.6039108092e-24, 2.33205525992e-24, 2.22468931856e-24, 1.9152897885e-24, 3.49523953935e-24, 2.55459035748e-24, 3.14311727481e-24, 3.36767047579e-24, 3.6136238954e-24, 1.49521119988e-24, 3.34984143047e-24, 4.01552328306e-24, 4.49932102661e-24, 4.92078140371e-24, 4.88157067798e-24, 4.98718968686e-24, 3.94483621836e-24, 4.43000224115e-24, 5.2744715293e-24, 4.7527619195e-24, 4.2098674501e-24, 5.5404206007e-24, 6.10681286989e-24, 5.45682501058e-24, 5.5070308796e-24, 6.21882480755e-24, 6.3605945507e-24, 5.72547593059e-24, 5.33537001346e-24, 6.51014246237e-24], "var": [0.000126072933199, 1.56529349624e-05, 2.46387344305e-06, 1.71126953319e-06, 1.2864799146e-06, 3.29845704528e-07, 2.05563381428e-07, 1.41067388881e-07, 2.35159831163e-07, 5.686003135e-08, 1.18527951898e-08, 2.47205034221e-09, 4.13530543142e-09, 1.57159174563e-08, 9.46347267217e-09, 1.61560915757e-08, 1.15658203015e-08, 3.58156770908e-09, 1.42990319585e-09, 9.07893427105e-10, 1.65004099273e-09, 1.80448012088e-09, 2.89048096569e-09, 2.38903763439e-09, 8.03213773271e-10, 1.24434584858e-09, 3.70522251769e-10, 7.65311494733e-11, 5.50567196e-11, 1.38362141189e-10, 6.45692832535e-10, 9.09393949033e-10, 6.70771160838e-10, 3.5759864514e-10, 3.48518935933e-10, 1.97772118127e-10, 5.84955833771e-11, 1.39861438403e-11, 5.87539565611e-12, 6.15881347657e-12]}, "mfcc": {"mean": [-688.458679199, 127.73815918, 22.5456218719, 37.8934669495, 16.2747135162, 10.5623626709, 0.522021114826, 5.77852487564, -4.1442360878, 4.25415420532, 4.43526315689, -1.60629093647, -2.56770133972], "cov": [[16228.6884766, -106.871879578, -968.918945312, 155.030715942, -384.950836182, -291.381774902, 46.1448974609, 355.115814209, 30.7427845001, 311.034484863, 445.973266602, 171.874008179, 206.02494812], [-106.871879578, 1773.45092773, 29.2401618958, 88.1665496826, 86.8975524902, 29.2821865082, 103.816345215, 110.158950806, -48.1407546997, 60.5534591675, 48.9219284058, 7.93973112106, 11.9481916428], [-968.918945312, 29.2401618958, 792.138793945, 111.616523743, 114.308517456, 290.306671143, 88.3282318115, -41.3285675049, 143.525436401, 16.5354251862, -72.5852661133, 31.7307014465, -29.8351039886], [155.030715942, 88.1665496826, 111.616523743, 337.419464111, 130.793655396, 71.2929763794, 14.5986995697, 33.4403419495, 61.6346626282, 20.6776275635, 12.5506305695, 13.9112043381, 21.1523952484], [-384.950836182, 86.8975524902, 114.308517456, 130.793655396, 309.361846924, 109.999687195, 42.6976509094, -2.91987037659, 79.3315124512, 20.2623958588, -10.1686515808, 0.715131163597, -0.389690428972], [-291.381774902, 29.2821865082, 290.306671143, 71.2929763794, 109.999687195, 298.123016357, 93.9540176392, -14.1856527328, 97.8650588989, 33.9855384827, -18.6305599213, 36.0030212402, -9.87508106232], [46.1448974609, 103.816345215, 88.3282318115, 14.5986995697, 42.6976509094, 93.9540176392, 202.371261597, 55.324005127, 57.6815567017, 58.2354927063, 43.7554550171, 39.8826637268, 18.4789085388], [355.115814209, 110.158950806, -41.3285675049, 33.4403419495, -2.91987037659, -14.1856527328, 55.324005127, 156.675018311, 20.1099891663, 42.6063117981, 56.5734138489, 30.8141345978, 22.2547912598], [30.7427845001, -48.1407546997, 143.525436401, 61.6346626282, 79.3315124512, 97.8650588989, 57.6815567017, 20.1099891663, 206.95451355, 55.4946899414, -18.3400878906, 14.7280416489, 17.3707904816], [311.034484863, 60.5534591675, 16.5354251862, 20.6776275635, 20.2623958588, 33.9855384827, 58.2354927063, 42.6063117981, 55.4946899414, 124.452568054, 62.3314285278, 17.5296554565, 0.48272690177], [445.973266602, 48.9219284058, -72.5852661133, 12.5506305695, -10.1686515808, -18.6305599213, 43.7554550171, 56.5734138489, -18.3400878906, 62.3314285278, 138.133087158, 40.3589363098, 4.63141059875], [171.874008179, 7.93973112106, 31.7307014465, 13.9112043381, 0.715131163597, 36.0030212402, 39.8826637268, 30.8141345978, 14.7280416489, 17.5296554565, 40.3589363098, 98.5593566895, 37.7389564514], [206.02494812, 11.9481916428, -29.8351039886, 21.1523952484, -0.389690428972, -9.87508106232, 18.4789085388, 22.2547912598, 17.3707904816, 0.48272690177, 4.63141059875, 37.7389564514, 89.1233291626]], "icov": [[7.86250820966e-05, 9.69060511125e-06, 9.04427215573e-05, -7.3333918408e-05, 0.000114858674351, -2.94739857054e-05, 3.93882401113e-05, -5.33909405931e-05, -5.67875722481e-05, -0.000115582202852, -0.000134812144097, -2.1446530809e-05, -0.000105190454633], [9.69060511125e-06, 0.000640224316157, -4.5952398068e-05, -0.000111523855594, -0.000173320848262, 3.79618450097e-06, -0.000249065604294, -0.000411945540691, 0.00048508355394, -0.000332132243784, 0.000132527711685, 0.000167263206095, -0.000113437672553], [9.04427215573e-05, -4.5952398068e-05, 0.00233308575116, -0.000524897128344, 0.000331144256052, -0.00164884701371, -0.000269104755716, 0.000316414254485, -0.000727894483134, -1.32845798362e-05, 0.000876066391356, -0.000831256737001, 0.000946639978793], [-7.3333918408e-05, -0.000111523855594, -0.000524897128344, 0.00403403257951, -0.00154016935267, -0.000323283282341, 0.000896436395124, -0.000837564701214, -0.000381728052162, 0.000336294993758, -0.000772398954723, 0.000484379212139, -0.00106033682823], [0.000114858674351, -0.000173320848262, 0.000331144256052, -0.00154016935267, 0.00468218093738, -0.00114295154344, -0.000317952595651, 0.000465540098958, -0.00113254494499, 0.000103477243101, -0.00024253121228, 0.000504125491716, 9.69357060967e-05], [-2.94739857054e-05, 3.79618450097e-06, -0.00164884701371, -0.000323283282341, -0.00114295154344, 0.00682826247066, -0.00200947490521, 0.00111969537102, -0.000804487906862, -0.000637218530755, 0.00103299785405, -0.00216005486436, 0.00150226044934], [3.93882401113e-05, -0.000249065604294, -0.000269104755716, 0.000896436395124, -0.000317952595651, -0.00200947490521, 0.0077322749421, -0.00179715559352, -0.000700975244399, -0.00131335330661, -0.00160485494416, -0.000411510933191, -0.00133761519101], [-5.33909405931e-05, -0.000411945540691, 0.000316414254485, -0.000837564701214, 0.000465540098958, 0.00111969537102, -0.00179715559352, 0.00909011624753, -0.00101642298978, -0.000655908253975, -0.00189441198017, -0.001148198382, -0.000501481990796], [-5.67875722481e-05, 0.00048508355394, -0.000727894483134, -0.000381728052162, -0.00113254494499, -0.000804487906862, -0.000700975244399, -0.00101642298978, 0.00814578682184, -0.0040083876811, 0.00302241044119, 0.000102556688944, -0.00154822494369], [-0.000115582202852, -0.000332132243784, -1.32845798362e-05, 0.000336294993758, 0.000103477243101, -0.000637218530755, -0.00131335330661, -0.000655908253975, -0.0040083876811, 0.0141758583486, -0.00632100785151, 0.00142863031942, 0.00102141092066], [-0.000134812144097, 0.000132527711685, 0.000876066391356, -0.000772398954723, -0.00024253121228, 0.00103299785405, -0.00160485494416, -0.00189441198017, 0.00302241044119, -0.00632100785151, 0.0142647316679, -0.00525366095826, 0.00261817499995], [-2.1446530809e-05, 0.000167263206095, -0.000831256737001, 0.000484379212139, 0.000504125491716, -0.00216005486436, -0.000411510933191, -0.001148198382, 0.000102556688944, 0.00142863031942, -0.00525366095826, 0.0161801911891, -0.00683733774349], [-0.000105190454633, -0.000113437672553, 0.000946639978793, -0.00106033682823, 9.69357060967e-05, 0.00150226044934, -0.00133761519101, -0.000501481990796, -0.00154822494369, 0.00102141092066, 0.00261817499995, -0.00683733774349, 0.0156722012907]]}, "spectral_contrast_coeffs": {"dmean": [0.0474239438772, 0.0452997684479, 0.034831430763, 0.0308794938028, 0.0244846604764, 0.0199371073395], "dmean2": [0.0785010680556, 0.0730749741197, 0.0549845360219, 0.0479750744998, 0.037055823952, 0.0310598816723], "dvar": [0.00161724060308, 0.00149302382488, 0.000979348667897, 0.000745165976696, 0.000590819399804, 0.000400823686505], "dvar2": [0.00431045470759, 0.00369853526354, 0.00214214832522, 0.0015697380295, 0.0011142558651, 0.000917012628634], "max": [-0.278520464897, -0.374933242798, -0.50371414423, -0.512440085411, -0.45310741663, -0.512640178204], "mean": [-0.653742671013, -0.692986130714, -0.770561814308, -0.780250370502, -0.785775005817, -0.779295921326], "median": [-0.660211205482, -0.695429861546, -0.780276715755, -0.786898553371, -0.797570109367, -0.774154782295], "min": [-0.986022889614, -0.976371586323, -0.979633867741, -0.971006572247, -0.968630492687, -0.964158535004], "var": [0.00875510089099, 0.00742571474984, 0.00597951514646, 0.00419562496245, 0.00491439644247, 0.00226043513976]}, "spectral_contrast_valleys": {"dmean": [0.368906915188, 0.401230722666, 0.399000942707, 0.4102422297, 0.393556833267, 0.489271968603], "dmean2": [0.586097657681, 0.611552417278, 0.58074182272, 0.570598959923, 0.523512661457, 0.595618367195], "dvar": [0.137690290809, 0.172874122858, 0.186928644776, 0.227618187666, 0.253497034311, 0.362501084805], "dvar2": [0.281523644924, 0.330018877983, 0.32230681181, 0.368937432766, 0.410311311483, 0.574002027512], "max": [-4.90805053711, -4.706