{"lowlevel": {"average_loudness": 0.966009557247, "barkbands_crest": {"dmean": 1.67314279079, "dmean2": 2.61107468605, "dvar": 2.85600423813, "dvar2": 7.11329507828, "max": 25.7807216644, "mean": 8.45862865448, "median": 8.10599708557, "min": 2.12401652336, "var": 13.5376996994}, "barkbands_flatness_db": {"dmean": 0.0172115433961, "dmean2": 0.0242470409721, "dvar": 0.00038567383308, "dvar2": 0.000619148660917, "max": 0.391235172749, "mean": 0.105991989374, "median": 0.0930932313204, "min": 0.0254517421126, "var": 0.00302702980116}, "barkbands_kurtosis": {"dmean": 1.18495607376, "dmean2": 1.90611195564, "dvar": 10.9297332764, "dvar2": 31.4594039917, "max": 115.232719421, "mean": 1.284714818, "median": -0.252765774727, "min": -1.81860780716, "var": 46.2018547058}, "barkbands_skewness": {"dmean": 0.370480656624, "dmean2": 0.584409832954, "dvar": 0.197976648808, "dvar2": 0.504646837711, "max": 4.85359144211, "mean": 0.705523788929, "median": 0.691332221031, "min": -9.43147277832, "var": 1.37596833706}, "barkbands_spread": {"dmean": 8.38891124725, "dmean2": 12.5520000458, "dvar": 133.604690552, "dvar2": 279.893341064, "max": 109.954963684, "mean": 37.4020233154, "median": 31.8586006165, "min": 1.15531098843, "var": 412.604705811}, "dissonance": {"dmean": 0.0176430586725, "dmean2": 0.0299405679107, "dvar": 0.000404785823775, "dvar2": 0.00112354324665, "max": 0.499991446733, "mean": 0.462395459414, "median": 0.470366477966, "min": 0.259551256895, "var": 0.000908853602596}, "dynamic_complexity": 2.79078197479, "erbbands_crest": {"dmean": 2.04067063332, "dmean2": 3.07063364983, "dvar": 5.640437603, "dvar2": 11.558599472, "max": 28.976480484, "mean": 10.2640972137, "median": 8.86289787292, "min": 2.33103775978, "var": 33.8603744507}, "erbbands_flatness_db": {"dmean": 0.0173899419606, "dmean2": 0.0232065524906, "dvar": 0.000426340906415, "dvar2": 0.000695921771694, "max": 0.303181290627, "mean": 0.131657287478, "median": 0.119363829494, "min": 0.0403677076101, "var": 0.00222598505206}, "erbbands_kurtosis": {"dmean": 0.641775906086, "dmean2": 1.00137352943, "dvar": 0.685490190983, "dvar2": 1.60957014561, "max": 32.6823348999, "mean": 0.289097845554, "median": -0.101395368576, "min": -1.59871149063, "var": 3.23516321182}, "erbbands_skewness": {"dmean": 0.273106098175, "dmean2": 0.437624573708, "dvar": 0.106192745268, "dvar2": 0.278385818005, "max": 2.27920532227, "mean": -0.0125240255147, "median": 0.0323754400015, "min": -2.26056957245, "var": 0.337762385607}, "erbbands_spread": {"dmean": 8.60551834106, "dmean2": 12.755068779, "dvar": 94.9231262207, "dvar2": 208.935623169, "max": 123.697593689, "mean": 44.0615921021, "median": 41.0108642578, "min": 3.66437506676, "var": 392.1953125}, "hfc": {"dmean": 24.1551647186, "dmean2": 38.6352500916, "dvar": 1949.66625977, "dvar2": 5027.05517578, "max": 374.980133057, "mean": 47.9312515259, "median": 27.5150146484, "min": 3.16324244576e-10, "var": 2753.6809082}, "melbands_crest": {"dmean": 2.31737732887, "dmean2": 3.70911216736, "dvar": 7.05756282806, "dvar2": 18.4071445465, "max": 28.1751976013, "mean": 12.0238132477, "median": 11.4755821228, "min": 1.71124708652, "var": 19.1070232391}, "melbands_flatness_db": {"dmean": 0.0221656840295, "dmean2": 0.0327137894928, "dvar": 0.000782645482104, "dvar2": 0.00154110323638, "max": 0.384922713041, "mean": 0.150115668774, "median": 0.135730341077, "min": 0.00516728730872, "var": 0.00529694929719}, "melbands_kurtosis": {"dmean": 2.69626832008, "dmean2": 4.25952243805, "dvar": 19.009016037, "dvar2": 47.7204437256, "max": 66.8989257812, "mean": 5.54860639572, "median": 3.4527130127, "min": -1.63810420036, "var": 45.2520065308}, "melbands_skewness": {"dmean": 0.434123039246, "dmean2": 0.660345494747, "dvar": 0.241821020842, "dvar2": 0.592336177826, "max": 6.82991027832, "mean": 1.95453965664, "median": 1.87386095524, "min": -0.719632506371, "var": 1.01176667213}, "melbands_spread": {"dmean": 11.2766914368, "dmean2": 18.3347740173, "dvar": 276.497253418, "dvar2": 732.140441895, "max": 157.432495117, "mean": 42.0709762573, "median": 36.6680145264, "min": 2.79829311371, "var": 670.86920166}, "pitch_salience": {"dmean": 0.056403581053, "dmean2": 0.089800067246, "dvar": 0.00374979362823, "dvar2": 0.00941916927695, "max": 0.898532569408, "mean": 0.52847969532, "median": 0.5157315135, "min": 0.23133212328, "var": 0.014083398506}, "silence_rate_20dB": {"dmean": 0, "dmean2": 0, "dvar": 0, "dvar2": 0, "max": 1, "mean": 1, "median": 1, "min": 1, "var": 0}, "silence_rate_30dB": {"dmean": 0.00186306471005, "dmean2": 0.00372670800425, "dvar": 0.00185966433492, "dvar2": 0.00402344251052, "max": 1, "mean": 0.997361063957, "median": 1, "min": 0, "var": 0.00263213715516}, "silence_rate_60dB": {"dmean": 0.000621021608822, "dmean2": 0.00108695647214, "dvar": 0.000620673643425, "dvar2": 0.00108565425035, "max": 1, "mean": 0.0305805653334, "median": 0, "min": 0, "var": 0.0296455603093}, "spectral_centroid": {"dmean": 301.37008667, "dmean2": 473.349609375, "dvar": 164774.09375, "dvar2": 393210.3125, "max": 4440.50195312, "mean": 1703.72631836, "median": 1609.97241211, "min": 265.973968506, "var": 602627.375}, "spectral_complexity": {"dmean": 4.061170578, "dmean2": 6.40900611877, "dvar": 29.8313655853, "dvar2": 64.6689376831, "max": 62, "mean": 21.627910614, "median": 19, "min": 0, "var": 122.742141724}, "spectral_decrease": {"dmean": 1.4620067379e-09, "dmean2": 2.10469464079e-09, "dvar": 5.32517743897e-18, "dvar2": 1.05180953154e-17, "max": 1.03468571059e-13, "mean": -6.20680173924e-09, "median": -5.24281862369e-09, "min": -4.73714081295e-08, "var": 1.75925335161e-17}, "spectral_energy": {"dmean": 0.00683261128142, "dmean2": 0.00995672959834, "dvar": 0.000111045083031, "dvar2": 0.000228116216022, "max": 0.182522669435, "mean": 0.0277733914554, "median": 0.023477461189, "min": 2.86988789395e-14, "var": 0.000328826077748}, "spectral_energyband_high": {"dmean": 0.0026369348634, "dmean2": 0.00432899361476, "dvar": 2.97365641018e-05, "dvar2": 7.87005847087e-05, "max": 0.0464584194124, "mean": 0.00407937821001, "median": 0.00127051118761, "min": 2.04634317033e-14, "var": 3.83346632589e-05}, "spectral_energyband_low": {"dmean": 0.00223194458522, "dmean2": 0.00354212033562, "dvar": 2.50608263741e-05, "dvar2": 5.88316106587e-05, "max": 0.0710964873433, "mean": 0.00639702798799, "median": 0.00329480390064, "min": 3.89613291699e-16, "var": 5.919393152e-05}, "spectral_energyband_middle_high": {"dmean": 0.00179564766586, "dmean2": 0.00274191517383, "dvar": 9.28903500608e-06, "dvar2": 2.13314560824e-05, "max": 0.0429990328848, "mean": 0.00694558536634, "median": 0.00624820496887, "min": 4.11493815029e-15, "var": 2.26714291784e-05}, "spectral_energyband_middle_low": {"dmean": 0.0038687530905, "dmean2": 0.0056194611825, "dvar": 4.57517453469e-05, "dvar2": 9.20524689718e-05, "max": 0.16501814127, "mean": 0.0116830049083, "median": 0.0082022389397, "min": 1.05070699574e-15, "var": 0.000128363899421}, "spectral_entropy": {"dmean": 0.209846049547, "dmean2": 0.283378243446, "dvar": 0.0779422447085, "dvar2": 0.128646939993, "max": 8.94898223877, "mean": 7.75384521484, "median": 7.82030010223, "min": 5.83171367645, "var": 0.42378026247}, "spectral_flux": {"dmean": 0.0211421884596, "dmean2": 0.0302989762276, "dvar": 0.000803727947641, "dvar2": 0.0014831366716, "max": 0.300803512335, "mean": 0.0679876953363, "median": 0.0570293329656, "min": 6.21607932771e-06, "var": 0.00214444869198}, "spectral_kurtosis": {"dmean": 1.07306051254, "dmean2": 1.70050179958, "dvar": 2.57364964485, "dvar2": 5.97839975357, "max": 30.6460456848, "mean": 3.13658595085, "median": 2.1391582489, "min": -0.278850317001, "var": 10.5379524231}, "spectral_rms": {"dmean": 0.000581223575864, "dmean2": 0.000828223593999, "dvar": 6.1645664573e-07, "dvar2": 1.18876471333e-06, "max": 0.0133443204686, "mean": 0.00491846026853, "median": 0.00478590000421, "min": 5.29139931871e-09, "var": 2.9047357657e-06}, "spectral_rolloff": {"dmean": 1364.59155273, "dmean2": 2336.86328125, "dvar": 5397385, "dvar2": 12647016, "max": 19982.8125, "mean": 3778.29785156, "median": 1851.85546875, "min": 172.265625, "var": 13483198}, "spectral_skewness": {"dmean": 0.175485372543, "dmean2": 0.275059044361, "dvar": 0.0510666556656, "dvar2": 0.106490649283, "max": 4.542491436, "mean": 1.37943577766, "median": 1.29347193241, "min": 0.485101848841, "var": 0.284792482853}, "spectral_spread": {"dmean": 980996.4375, "dmean2": 1390373.375, "dvar": 1737765683200.0, "dvar2": 3635827179520.0, "max": 13928663, "mean": 6452517, "median": 6639342, "min": 2157432, "var": 4832185810940.0}, "spectral_strongpeak": {"dmean": 0.615337312222, "dmean2": 1.04152059555, "dvar": 1.28955543041, "dvar2": 2.9513528347, "max": 10.1628170013, "mean": 1.66928327084, "median": 0.744697451591, "min": 1.74667582087e-06, "var": 3.64242839813}, "zerocrossingrate": {"dmean": 0.0213515590876, "dmean2": 0.0256707035005, "dvar": 0.000587061280385, "dvar2": 0.000776801491156, "max": 0.83544921875, "mean": 0.121951237321, "median": 0.103515625, "min": 0.0087890625, "var": 0.0108303586021}, "barkbands": {"dmean": [1.96890300685e-06, 0.000699404103216, 0.000947724038269, 0.00203388882801, 0.00117986567784, 0.00149779440835, 0.000402620760724, 0.000178385569598, 0.000260403758148, 0.000136741626193, 0.000162768279552, 0.000424305180786, 0.000343412975781, 0.000814082683064, 0.000221115260501, 0.000106235907879, 0.000166851808899, 0.000211372491322, 0.000162524418556, 0.000215220279642, 0.000386234256439, 0.000642529805191, 0.000422065932071, 0.000470179395052, 0.000377071031835, 0.000310407252982, 0.000147431681398], "dmean2": [3.44867908098e-06, 0.00102118088398, 0.00151210499462, 0.00323407072574, 0.00182002852671, 0.00207630731165, 0.000615323253442, 0.000287317699986, 0.000400615477702, 0.000221934911679, 0.000233132057474, 0.000597596343141, 0.000507626275066, 0.00123122497462, 0.000370602268958, 0.000175725013833, 0.000276399572613, 0.000360796548193, 0.00027629735996, 0.000367987930076, 0.00065766973421, 0.00114221300464, 0.000703191908542, 0.000777760287747, 0.000582444423344, 0.000502318551298, 0.000246024545049], "dvar": [1.65702365024e-11, 3.46682531926e-06, 7.90126341599e-06, 2.79205742117e-05, 4.61448053102e-06, 6.6048496592e-06, 1.06341815354e-06, 1.35067665497e-07, 1.39726097359e-07, 5.02537567115e-08, 5.5877293903e-08, 4.53012120261e-07, 5.37410016932e-07, 5.22305890627e-06, 2.55695994156e-07, 2.75774656444e-08, 1.26701834802e-07, 2.98010263577e-07, 8.60020463733e-08, 2.41298096171e-07, 8.09426410342e-07, 2.62359299086e-06, 7.59539204864e-07, 8.24539654332e-07, 3.51269903831e-07, 3.26649796989e-07, 8.46781560426e-08], "dvar2": [4.69021488314e-11, 7.40747964301e-06, 1.98352627194e-05, 6.38475321466e-05, 1.03165657492e-05, 1.16576693472e-05, 2.29807778851e-06, 2.94748815577e-07, 3.5425566125e-07, 1.22133613445e-07, 1.20018100347e-07, 8.38657228996e-07, 1.18487662348e-06, 1.20246613733e-05, 6.80597679548e-07, 7.33084846161e-08, 3.42136075915e-07, 8.11270183476e-07, 2.29997979773e-07, 6.4903446173e-07, 2.12835220736e-06, 7.29834755475e-06, 1.89725244581e-06, 2.2189090032e-06, 8.06564457889e-07, 8.41102632876e-07, 2.11477257039e-07], "max": [7.05685670255e-05, 0.0318163633347, 0.0372232794762, 0.12979388237, 0.0395831875503, 0.0560693591833, 0.0272080749273, 0.011789355427, 0.0046852636151, 0.00450001657009, 0.00419331667945, 0.00953062530607, 0.0152762457728, 0.0323433466256, 0.0147267766297, 0.00453008618206, 0.00493777962402, 0.0086846742779, 0.00345161533915, 0.00432779639959, 0.00799377914518, 0.0139782456681, 0.00807630643249, 0.00792133435607, 0.00504814460874, 0.00643542315811, 0.00221461243927], "mean": [2.18423338083e-06, 0.00326089025475, 0.00183045794256, 0.00254853628576, 0.00303111341782, 0.00393901765347, 0.0010814757552, 0.000379741948564, 0.000656701391563, 0.000372052076273, 0.000380530807888, 0.0014416690683, 0.00109778984915, 0.00201164628379, 0.000409112341003, 0.000225396201131, 0.000288854498649, 0.000294031109661, 0.000290391297312, 0.000323373707943, 0.00059062341461, 0.000876428966876, 0.000679875607602, 0.000708570471033, 0.000590682437178, 0.000342647428624, 0.000119632437418], "median": [1.07308471797e-06, 0.000906233675778, 0.000855753081851, 0.000669329543598, 0.00171037216205, 0.00222608819604, 0.000474441127153, 0.000209221907426, 0.00050111906603, 0.000134967209306, 0.000245633535087, 0.000583064800594, 0.000444647477707, 0.000556206679903, 0.00017202377785, 0.000148989027366, 0.000185915472684, 0.000167699414305, 0.000172738917172, 0.000152625143528, 0.000231129757594, 0.000203688075999, 0.000183147436474, 0.000166911486303, 0.000174614484422, 8.05219315225e-05, 5.49111564396e-06], "min": [9.82948118669e-17, 1.83241469746e-16, 1.10642937581e-16, 8.65018500749e-17, 1.87695142513e-16, 2.25982858144e-16, 1.09100497202e-16, 1.0383798738e-16, 2.14201000424e-16, 3.15772109261e-16, 2.21892761034e-16, 7.87981979162e-17, 1.22991976503e-16, 2.58166589658e-16, 3.788366768e-16, 2.18344142972e-16, 6.08778778697e-16, 7.11731186513e-16, 7.41366487057e-16, 1.08819159179e-15, 1.16411179013e-15, 9.01536341037e-16, 2.30471248673e-15, 1.81736551603e-15, 3.51707857919e-15, 4.37148198364e-15, 6.41483080779e-15], "var": [1.38617260032e-11, 1.91106737475e-05, 1.05283033918e-05, 3.9616425056e-05, 1.63177192007e-05, 2.69701577054e-05, 4.58125850855e-06, 4.33591168303e-07, 3.50642324065e-07, 3.6076323795e-07, 1.7682980058e-07, 3.05847197524e-06, 3.14557087222e-06, 1.23069576148e-05, 5.52866936232e-07, 7.92731214005e-08, 1.39664962262e-07, 2.39871297936e-07, 1.17860864179e-07, 2.33020443829e-07, 9.04106968846e-07, 2.5107192414e-06, 1.08927804376e-06, 1.23648828776e-06, 6.98770008967e-07, 3.46944091234e-07, 7.11768421979e-08]}, "erbbands": {"dmean": [0.00578156858683, 0.206309869885, 0.980452954769, 4.03457927704, 4.59636735916, 4.4766254425, 10.9547786713, 10.191034317, 5.31127023697, 6.41204547882, 3.72620034218, 4.53657531738, 5.92680549622, 4.94836187363, 4.6589384079, 15.6623954773, 18.7739753723, 37.8344421387, 17.2837734222, 8.64918994904, 6.73927688599, 10.180437088, 12.0526275635, 7.2343082428, 8.55137348175, 11.9948329926, 14.7144994736, 17.4920406342, 22.0197143555, 20.6451148987, 10.9539289474, 9.8582868576, 7.01380491257, 4.61602497101, 2.75501918793, 1.34098517895, 0.572330355644, 0.170383527875, 0.0250559598207, 0.00122984801419], "dmean2": [0.00832276232541, 0.305205196142, 1.57797205448, 6.36100721359, 7.34970712662, 6.82873630524, 15.2899112701, 13.9873933792, 7.2550611496, 10.3608598709, 5.80371904373, 7.21007728577, 9.27453136444, 8.0482339859, 6.48725557327, 22.3062152863, 27.4550323486, 57.1920433044, 27.0156612396, 14.2422237396, 11.104847908, 17.0552120209, 20.7737770081, 12.2940120697, 14.4323368073, 21.0680465698, 24.9073143005, 30.4902629852, 39.9855194092, 36.8571014404, 17.7264270782, 16.5969409943, 11.2155513763, 7.20457458496, 4.27467536926, 2.10783910751, 0.954482316971, 0.288652211428, 0.0416486524045, 0.00203538779169], "dvar": [0.000184838208952, 0.310051739216, 9.14138698578, 99.8644714355, 119.390449524, 72.3781890869, 408.895904541, 269.689208984, 265.751342773, 160.426239014, 55.4052810669, 54.1153640747, 73.9378890991, 67.2496185303, 42.5508613586, 596.623535156, 1298.06591797, 12237.7070312, 3693.64624023, 838.22833252, 75.6144332886, 534.513916016, 1242.37548828, 198.985717773, 259.317199707, 885.918823242, 1311.35046387, 1696.1661377, 2769.20825195, 2149.96606445, 477.764526367, 380.50869751, 166.170806885, 54.6481323242, 19.3151454926, 5.21340322495, 1.30711448193, 0.120891623199, 0.00237154914066, 6.3482598307e-06], "dvar2": [0.000352310424205, 0.685546934605, 23.0210475922, 230.655456543, 278.247558594, 159.196746826, 689.029663086, 432.599121094, 513.538452148, 411.858184814, 124.779685974, 141.652786255, 192.825531006, 180.67855835, 86.5182342529, 1133.26904297, 3005.49926758, 27656.453125, 8819.02246094, 2108.06298828, 197.849411011, 1463.84863281, 3403.61669922, 538.595214844, 686.077819824, 2446.24707031, 3371.94848633, 4701.21533203, 7720.27197266, 6002.89306641, 1145.5357666, 1021.38818359, 412.923706055, 128.069656372, 46.1621894836, 12.6196479797, 3.47728633881, 0.312436640263, 0.00590041186661, 1.57289377967e-05], "max": [0.286720126867, 8.79084300995, 38.7089195251, 227.895706177, 247.229507446, 205.413650513, 477.936035156, 422.316070557, 491.897796631, 396.932861328, 223.5496521, 91.9952392578, 128.677139282, 160.589065552, 101.581123352, 357.986938477, 764.787658691, 1682.83105469, 1252.50256348, 1197.76464844, 120.719696045, 327.776702881, 594.703125, 146.552490234, 199.194107056, 258.279937744, 320.772949219, 365.706695557, 498.573974609, 394.8855896, 190.310333252, 169.985839844, 112.855560303, 65.9877319336, 35.4522094727, 27.4241390228, 14.4316482544, 2.91849541664, 0.3561591506, 0.0249429345131], "mean": [0.0317755714059, 0.925116896629, 2.48732566833, 5.53090190887, 6.6982793808, 12.7779541016, 24.1190872192, 31.4077396393, 18.4964771271, 14.6585416794, 9.44309043884, 10.3211708069, 16.1531352997, 12.0073423386, 13.3647575378, 54.1325683594, 63.0016288757, 91.4080429077, 46.6313552856, 19.480381012, 14.4830703735, 17.9340591431, 15.9370145798, 13.2452774048, 15.5956935883, 16.6325340271, 21.3393859863, 25.2351665497, 30.775177002, 26.1824188232, 18.0996360779, 15.9879779816, 11.0050811768, 7.53309297562, 3.75978803635, 1.71260762215, 0.552833020687, 0.147643432021, 0.0204899460077, 0.00101462483872], "median": [0.0145445363596, 0.292250216007, 1.23540663719, 1.74015402794, 3.06456422806, 7.47706985474, 11.3168401718, 17.3866119385, 7.87223958969, 9.3698348999, 5.90934944153, 7.60303735733, 10.8445968628, 8.26662254333, 9.76755905151, 28.0646343231, 42.2707328796, 31.1375961304, 13.9258546829, 9.21318817139, 10.609618187, 11.9948577881, 8.77059364319, 8.11046409607, 9.12316894531, 7.27901649475, 7.86885690689, 9.55850982666, 7.94349956512, 4.88440513611, 5.09390163422, 3.84032273293, 2.75152921677, 2.1656870842, 1.04537069798, 0.506317675114, 0.0910311788321, 0.0147826373577, 0.000806052237749, 8.00441994215e-05], "min": [6.32565814372e-15, 3.80934805997e-14, 1.17963391876e-13, 2.30711120781e-13, 3.99629331363e-13, 6.62150130733e-13, 1.24409163527e-12, 1.98341365033e-12, 1.55933219895e-12, 2.12610831718e-12, 2.02842191828e-12, 4.15006223831e-12, 1.05073163711e-11, 9.29918121673e-12, 7.81277299799e-12, 2.68360008694e-12, 4.51794114273e-12, 1.13968157828e-11, 1.30283457633e-11, 2.29670258506e-11, 1.75231721494e-11, 3.02241252859e-11, 3.34976317518e-11, 3.47298335923e-11, 5.71525778092e-11, 4.1161744152e-11, 5.43391026619e-11, 4.09067744955e-11, 3.35215327718e-11, 4.87332084409e-11, 6.5254884829e-11, 4.91194619701e-11, 2.75177814563e-11, 3.29174465463e-11, 2.7846410941e-11, 1.29005356744e-11, 9.18044980314e-12, 3.40036549265e-12, 9.18676593131e-13, 9.97710689564e-14], "var": [0.00160982087255, 1.50799572468, 14.314119339, 144.717803955, 157.396087646, 340.789001465, 1313.36877441, 1779.88525391, 1383.49194336, 340.265106201, 181.093902588, 98.9340133667, 256.248596191, 155.358947754, 147.378845215, 3740.69165039, 6876.99462891, 24720.5058594, 11979.078125, 1846.85900879, 192.858642578, 549.751953125, 917.344238281, 247.051956177, 340.382568359, 746.87121582, 1387.20983887, 1725.8302002, 2806.52807617, 2185.03198242, 722.128295898, 596.906188965, 292.387115479, 115.642593384, 30.7780361176, 7.08000230789, 1.17675304413, 0.0997257009149, 0.00204195640981, 5.34465971214e-06]}, "gfcc": {"mean": [28.4737682343, 51.7272491455, -100.7159729, 25.0308761597, -60.5216674805, 19.2772369385, -42.7871131897, -4.60464143753, -28.7911167145, 6.99084186554, -10.5989122391, 2.80512237549, -12.6570053101], "cov": [[19512.2402344, 206.499847412, -28.0332679749, 560.449279785, -977.798706055, 200.726959229, -977.139526367, -229.6796875, -558.353027344, 238.880233765, -535.85357666, -38.6693458557, -529.563049316], [206.499847412, 2774.05932617, -612.919311523, 206.946105957, 150.789321899, 54.4391174316, 82.6798934937, -68.8004302979, 32.9735221863, -52.5162353516, 270.000091553, -50.6473846436, 128.83921814], [-28.0332679749, -612.919311523, 580.831848145, -111.597740173, 43.5676612854, 4.13483333588, 55.1445999146, -5.17235994339, -63.6488189697, -17.5582675934, -45.1847991943, 47.7724761963, -98.2160568237], [560.449279785, 206.946105957, -111.597740173, 254.928710938, -69.2767028809, 63.2929992676, -38.0666732788, 5.37135887146, -11.5243778229, 1.4695494175, -30.1729984283, -20.0380516052, -21.6226463318], [-977.798706055, 150.789321899, 43.5676612854, -69.2767028809, 253.722000122, 0.670913040638, 104.625404358, 2.89876532555, 73.1306533813, -5.85842084885, 75.2103500366, -18.5434017181, 30.0246658325], [200.726959229, 54.4391174316, 4.13483333588, 63.2929992676, 0.670913040638, 158.850158691, 10.3760881424, 8.60345554352, -10.370970726, 52.7810249329, 23.8708839417, 13.2883710861, -31.3314609528], [-977.139526367, 82.6798934937, 55.1445999146, -38.0666732788, 104.625404358, 10.3760881424, 195.706100464, 33.8347892761, 19.7784957886, -69.596786499, 49.8201789856, 10.8593044281, 19.7993144989], [-229.6796875, -68.8004302979, -5.17235994339, 5.37135887146, 2.89876532555, 8.60345554352, 33.8347892761, 94.7700881958, 25.4644641876, -7.69643259048, -22.5630073547, 7.80427217484, 18.8918857574], [-558.353027344, 32.9735221863, -63.6488189697, -11.5243778229, 73.1306533813, -10.370970726, 19.7784957886, 25.4644641876, 154.938323975, 55.3928413391, 24.1605834961, -25.222366333, 51.0321540833], [238.880233765, -52.5162353516, -17.5582675934, 1.4695494175, -5.85842084885, 52.7810249329, -69.596786499, -7.69643259048, 55.3928413391, 143.652175903, 28.5062561035, 1.24471247196, -10.8159818649], [-535.85357666, 270.000091553, -45.1847991943, -30.1729984283, 75.2103500366, 23.8708839417, 49.8201789856, -22.5630073547, 24.1605834961, 28.5062561035, 129.3646698, 23.7077407837, 25.4600696564], [-38.6693458557, -50.6473846436, 47.7724761963, -20.0380516052, -18.5434017181, 13.2883710861, 10.8593044281, 7.80427217484, -25.222366333, 1.24471247196, 23.7077407837, 79.5177993774, 15.4780654907], [-529.563049316, 128.83921814, -98.2160568237, -21.6226463318, 30.0246658325, -31.3314609528, 19.7993144989, 18.8918857574, 51.0321540833, -10.8159818649, 25.4600696564, 15.4780654907, 103.01738739]], "icov": [[9.66220541159e-05, -7.88589313743e-05, -7.07978415448e-07, -3.31525939146e-06, 0.000104481048766, -4.29482715845e-05, 0.000263592839474, 8.21615903988e-05, 0.000110947308713, -0.000131210472318, 0.000394398986828, -0.000163281350979, 0.000343023566529], [-7.88589313743e-05, 0.000764821481425, 0.000471478502732, -0.000534394115675, -0.00033641178743, -8.57682534843e-05, -7.94292864157e-05, 0.000103401020169, 0.000220559828449, 0.000678335374687, -0.0018126363866, 0.000693861453328, -0.000650608504657], [-7.07978415448e-07, 0.000471478502732, 0.00358531158417, 0.000818821368739, -0.00143878813833, 0.000236781634158, -0.00118678447325, 0.000791335711256, 0.000384338462027, -0.000283913512249, 0.00171710213181, -0.00298077613115, 0.00337438797578], [-3.31525939146e-06, -0.000534394115675, 0.000818821368739, 0.00620428472757, 0.00122590304818, -0.00293046771549, 0.000775627500843, -0.000145441619679, -0.00140442431439, 0.00164085789584, 0.00188623426948, 3.74810879293e-05, 0.00175942969508], [0.000104481048766, -0.00033641178743, -0.00143878813833, 0.00122590304818, 0.00779847661033, -0.000883595901541, -0.00161092216149, 0.000259908760199, -0.00270946091041, 0.00093351455871, -0.00294455792755, 0.00332389678806, -0.000767742691096], [-4.29482715845e-05, -8.57682534843e-05, 0.000236781634158, -0.00293046771549, -0.000883595901541, 0.0107837552205, -0.00332684698515, -0.00141481426544, 0.00293160253204, -0.00648996047676, -0.000269170384854, -0.00167160504498, 0.00211732299067], [0.000263592839474, -7.94292864157e-05, -0.00118678447325, 0.000775627500843, -0.00161092216149, -0.00332684698515, 0.0132953170687, -0.00387133820914, -0.00313472584821, 0.00910660903901, -0.00495773507282, -0.000293351855362, 0.00187635445036], [8.21615903988e-05, 0.000103401020169, 0.000791335711256, -0.000145441619679, 0.000259908760199, -0.00141481426544, -0.00387133820914, 0.0149148358032, -0.00222084019333, -0.000984114827588, 0.00609308853745, -0.00325806089677, -0.00149973330554], [0.000110947308713, 0.000220559828449, 0.000384338462027, -0.00140442431439, -0.00270946091041, 0.00293160253204, -0.00313472584821, -0.00222084019333, 0.0153238829225, -0.00957346986979, 0.00128428125754, 0.00504910759628, -0.00661504361778], [-0.000131210472318, 0.000678335374687, -0.000283913512249, 0.00164085789584, 0.00093351455871, -0.00648996047676, 0.00910660903901, -0.000984114827588, -0.00957346986979, 0.0196796227247, -0.00784212164581, -0.000594241835643, 0.00357125233859], [0.000394398986828, -0.0018126363866, 0.00171710213181, 0.00188623426948, -0.00294455792755, -0.000269170384854, -0.00495773507282, 0.00609308853745, 0.00128428125754, -0.00784212164581, 0.0216550864279, -0.00827471259981, 0.00137095770333], [-0.000163281350979, 0.000693861453328, -0.00298077613115, 3.74810879293e-05, 0.00332389678806, -0.00167160504498, -0.000293351855362, -0.00325806089677, 0.00504910759628, -0.000594241835643, -0.00827471259981, 0.0220198445022, -0.00919137708843], [0.000343023566529, -0.000650608504657, 0.00337438797578, 0.00175942969508, -0.000767742691096, 0.00211732299067, 0.00187635445036, -0.00149973330554, -0.00661504361778, 0.00357125233859, 0.00137095770333, -0.00919137708843, 0.0213466677815]]}, "melbands": {"dmean": [0.000121024495456, 0.000426057085861, 0.000732407206669, 0.00026570080081, 0.000339755235473, 0.000241157787968, 7.98491455498e-05, 6.27877307124e-05, 3.1780316931e-05, 3.25432629324e-05, 3.04877357848e-05, 2.02507308131e-05, 2.09432218981e-05, 1.59507053468e-05, 7.0041816798e-05, 5.40973815077e-05, 6.85656923451e-05, 3.33939024131e-05, 2.00358226721e-05, 6.38449500912e-06, 8.91116815183e-06, 1.15898101285e-05, 1.10690043584e-05, 1.00034585557e-05, 5.56386930839e-06, 7.94264360593e-06, 5.82708798902e-06, 8.57668055687e-06, 1.0358486179e-05, 7.45845090933e-06, 1.21872744785e-05, 1.40062911669e-05, 1.04088858279e-05, 1.20383901958e-05, 6.88830414219e-06, 5.63340563531e-06, 6.40111284156e-06, 4.96011080031e-06, 4.74021499031e-06, 3.7419686123e-06], "dmean2": [0.000173737134901, 0.00067440996645, 0.00115618703421, 0.000416955968831, 0.000479861308122, 0.000332067866111, 0.000111527500849, 0.000101045392512, 4.90863167215e-05, 5.13733975822e-05, 4.73806612717e-05, 3.29962713295e-05, 2.90511143248e-05, 2.34335384448e-05, 9.85608057817e-05, 8.06343959994e-05, 0.00010357559222, 5.15988394909e-05, 3.35956792696e-05, 1.02460671769e-05, 1.47336349983e-05, 1.93391715584e-05, 1.89364491234e-05, 1.70214407262e-05, 9.58682358032e-06, 1.34867814268e-05, 9.71671761363e-06, 1.53894470714e-05, 1.74973865796e-05, 1.27833518491e-05, 2.154008871e-05, 2.55446248048e-05, 1.80452952918e-05, 2.19882058445e-05, 1.13244177555e-05, 9.16711633181e-06, 1.08880894913e-05, 8.00991074357e-06, 7.49212813389e-06, 5.95279880145e-06], "dvar": [9.51166967411e-08, 1.57969384418e-06, 3.27924681187e-06, 2.60500911509e-07, 3.52525887592e-07, 1.49778202285e-07, 4.74245318571e-08, 1.46313814398e-08, 3.37518901716e-09, 2.50752729691e-09, 1.89394389061e-09, 1.09024389516e-09, 9.37560362679e-10, 4.30067259583e-10, 1.26798838096e-08, 2.14541699961e-08, 3.72807349436e-08, 1.91958982043e-08, 2.03661976172e-09, 6.74264311051e-10, 1.33153155168e-10, 6.12055350846e-10, 5.51580281449e-10, 7.41700978413e-10, 1.17182458181e-10, 1.96615126957e-10, 1.15193111994e-10, 4.87582363373e-10, 6.3109767412e-10, 2.47363518557e-10, 8.80297834627e-10, 1.20986620722e-09, 5.06686248514e-10, 7.36664784728e-10, 1.88579457605e-10, 1.2598995458e-10, 1.58165841535e-10, 8.52404952179e-11, 6.78687245292e-11, 3.66764223159e-11], "dvar2": [1.92021758494e-07, 3.93222308048e-06, 7.46882642488e-06, 6.2391575284e-07, 6.20637649718e-07, 2.55959974993e-07, 9.42599314158e-08, 3.66677603836e-08, 7.84183296076e-09, 6.57411680649e-09, 4.86093432173e-09, 2.91356738735e-09, 1.88630977505e-09, 8.75305938841e-10, 2.46694771278e-08, 4.69752414745e-08, 8.4325847638e-08, 4.47642634072e-08, 5.55164625382e-09, 1.68317149107e-09, 3.54463208785e-10, 1.67031055653e-09, 1.49322165743e-09, 2.0354582464e-09, 3.21843829365e-10, 5.16718168253e-10, 3.02883801373e-10, 1.3729378745e-09, 1.57075175089e-09, 6.69198085834e-10, 2.45779352426e-09, 3.41970030071e-09, 1.37115585552e-09, 2.07985206835e-09, 4.60000926239e-10, 3.02511710126e-10, 4.26080920546e-10, 2.15542805826e-10, 1.63119337482e-10, 8.77562744694e-11], "max": [0.0058815702796, 0.0169478897005, 0.0428758338094, 0.0089623965323, 0.0124318860471, 0.00877984147519, 0.00656775198877, 0.00360426027328, 0.00147095520515, 0.000620284001343, 0.000688043015543, 0.000592351367231, 0.000492407823913, 0.000289240590064, 0.00159967225045, 0.00228213169612, 0.00285813724622, 0.00286157801747, 0.0010904034134, 0.00110065622721, 0.000153584376676, 0.000330003618728, 0.0003298347292, 0.0004538805224, 0.000118393349112, 0.000196138411411, 0.000113043497549, 0.000201988426852, 0.000236757827224, 0.000158737500897, 0.000264978036284, 0.000334200187353, 0.000189398851944, 0.000235352024902, 0.00012389064068, 0.000103010352177, 0.000117659408716, 8.013373008e-05, 8.58819621499e-05, 5.60719090572e-05], "mean": [0.000610884802882, 0.00134549639188, 0.00102390022948, 0.000613533717114, 0.000812096172012, 0.000714888970833, 0.000270478078164, 0.000139083873364, 7.76426677476e-05, 7.36452566343e-05, 8.38577325339e-05, 5.03449737153e-05, 5.2868941566e-05, 5.06669966853e-05, 0.000245525006903, 0.00013492461585, 0.000167941820109, 8.88900831342e-05, 3.64955194527e-05, 1.50778287207e-05, 1.68511505763e-05, 1.92674324353e-05, 1.5140767573e-05, 1.33277262648e-05, 9.67225969362e-06, 1.38230861921e-05, 9.48530941969e-06, 1.06451525426e-05, 1.38962241181e-05, 1.1874595657e-05, 1.59970586537e-05, 1.84858017747e-05, 1.49630423039e-05, 1.42336484714e-05, 1.04479959191e-05, 9.93696994556e-06, 9.73736950982e-06, 7.39557799534e-06, 7.56911867938e-06, 5.86202895647e-06], "median": [0.000176741130417, 0.000657887314446, 0.000352593255229, 0.000363586994354, 0.000398795295041, 0.000400658289436, 0.000124061727547, 8.5512008809e-05, 4.68218204333e-05, 5.40723267477e-05, 5.44414433534e-05, 3.15954093821e-05, 3.32777635776e-05, 3.37392702932e-05, 0.000109297106974, 3.10003379127e-05, 5.67398856219e-05, 1.51841140905e-05, 1.33619832923e-05, 6.40229609417e-06, 1.13597307063e-05, 1.18409934657e-05, 7.97419124865e-06, 7.27828228264e-06, 5.41675581189e-06, 8.01576788945e-06, 5.00795067637e-06, 4.24684731115e-06, 4.24102972829e-06, 5.52924620933e-06, 5.20033609064e-06, 4.99706038681e-06, 3.42354678651e-06, 2.39377664002e-06, 2.97119231618e-06, 2.66311212727e-06, 2.05337073567e-06, 1.94758285943e-06, 1.72725117409e-06, 1.70601788341e-06], "min": [5.84034775786e-17, 5.90758496851e-17, 4.46147308006e-17, 3.7655888609e-17, 4.14207416101e-17, 4.4012860952e-17, 2.36194889188e-17, 2.38857533949e-17, 1.49303701742e-17, 3.08688617569e-17, 5.2961820288e-17, 3.72379274804e-17, 2.89939477107e-17, 1.08096938522e-17, 6.50846344113e-18, 1.45595798472e-17, 2.14137042819e-17, 2.09099810674e-17, 2.99913687107e-17, 1.77058374076e-17, 2.45534254612e-17, 2.96548815637e-17, 2.85664177567e-17, 4.05102539837e-17, 2.47314281116e-17, 3.14620693701e-17, 4.52308777866e-17, 2.38707235231e-17, 4.18072533318e-17, 2.43394818132e-17, 2.18366781251e-17, 1.79424408413e-17, 1.80228825015e-17, 3.02563444394e-17, 3.64278562716e-17, 3.71226085768e-17, 2.80532249785e-17, 1.71829451096e-17, 2.03700637379e-17, 2.99582186205e-17], "var": [6.52995765904e-07, 3.19812488669e-06, 4.72490683023e-06, 6.49794458241e-07, 1.22470214592e-06, 8.50777894357e-07, 2.43518144316e-07, 3.34655219092e-08, 1.08901456741e-08, 4.89395324266e-09, 7.57683160657e-09, 3.36949712576e-09, 3.31381611041e-09, 2.30997332373e-09, 8.37803213471e-08, 5.62883109012e-08, 7.73496395823e-08, 6.45315338943e-08, 4.5758086209e-09, 1.62326707631e-09, 3.02228742033e-10, 6.71689148746e-10, 5.15729237094e-10, 5.74307656986e-10, 1.43733927538e-10, 2.85862528093e-10, 1.4028000983e-10, 3.73821557043e-10, 6.85088819008e-10, 2.89749529925e-10, 8.27833190886e-10, 1.11270270775e-09, 6.05878125448e-10, 7.0594458057e-10, 2.57053517361e-10, 2.10244627263e-10, 2.41112352306e-10, 1.34823485709e-10, 1.38496464297e-10, 6.86866674648e-11]}, "mfcc": {"mean": [-614.924499512, 90.9210281372, 15.7759943008, 11.8734779358, 2.57388353348, 12.7026729584, 0.113296873868, -4.3795542717, -10.0549898148, -6.15104961395, 1.01465892792, 0.918020963669, -4.53150272369], "cov": [[8811.90429688, -887.405090332, 461.152648926, 45.504234314, 10.2587575912, 119.416694641, -253.373718262, -278.645477295, -84.1557617188, -45.031337738, 62.7634544373, -61.8207206726, -172.882507324], [-887.405090332, 1845.44299316, -252.585220337, 189.822692871, 61.8886756897, 74.38621521, 146.821853638, 89.5942077637, -68.2963562012, 5.13321399689, 22.7091064453, 80.9382781982, 49.3498954773], [461.152648926, -252.585220337, 341.654327393, -19.9338970184, -19.4987716675, 38.1787071228, 18.180644989, 20.4327964783, -40.8461456299, -40.3156394958, -15.3512945175, 40.3019065857, 9.07571983337], [45.504234314, 189.822692871, -19.9338970184, 140.496383667, 11.5327711105, 10.7356004715, 6.12115383148, 26.8485240936, 4.26974534988, 0.897216200829, -6.52962350845, 9.07516670227, -12.4727754593], [10.2587575912, 61.8886756897, -19.4987716675, 11.5327711105, 120.174316406, 35.5769691467, -1.16050326824, -22.0561027527, 9.16982460022, 33.2643699646, 35.4577598572, 9.93918514252, -6.78664731979], [119.416694641, 74.38621521, 38.1787071228, 10.7356004715, 35.5769691467, 133.573944092, 40.2002754211, 8.93940830231, -30.2155971527, 17.4390277863, 36.9728469849, 38.2110481262, 6.31857538223], [-253.373718262, 146.821853638, 18.180644989, 6.12115383148, -1.16050326824, 40.2002754211, 140.269760132, 77.0434265137, -25.8747596741, -24.0123138428, -1.77545309067, 25.6209697723, 26.7925224304], [-278.645477295, 89.5942077637, 20.4327964783, 26.8485240936, -22.0561027527, 8.93940830231, 77.0434265137, 134.647476196, 21.080997467, -14.6413478851, -26.1434650421, 10.8697986603, 20.687543869], [-84.1557617188, -68.2963562012, -40.8461456299, 4.26974534988, 9.16982460022, -30.2155971527, -25.8747596741, 21.080997467, 109.50302124, 41.0733337402, -7.76517009735, -31.007484436, -5.37762832642], [-45.031337738, 5.13321399689, -40.3156394958, 0.897216200829, 33.2643699646, 17.4390277863, -24.0123138428, -14.6413478851, 41.0733337402, 102.14995575, 46.4628067017, -13.218091011, -11.4243764877], [62.7634544373, 22.7091064453, -15.3512945175, -6.52962350845, 35.4577598572, 36.9728469849, -1.77545309067, -26.1434650421, -7.76517009735, 46.4628067017, 88.4142608643, 21.8684329987, -11.0896224976], [-61.8207206726, 80.9382781982, 40.3019065857, 9.07516670227, 9.93918514252, 38.2110481262, 25.6209697723, 10.8697986603, -31.007484436, -13.218091011, 21.8684329987, 90.3884429932, 23.1765365601], [-172.882507324, 49.3498954773, 9.07571983337, -12.4727754593, -6.78664731979, 6.31857538223, 26.7925224304, 20.687543869, -5.37762832642, -11.4243764877, -11.0896224976, 23.1765365601, 77.1667480469]], "icov": [[0.000149403858813, 3.14607641485e-05, -0.000198939553229, -0.000166318655829, 4.55878689536e-05, -0.000214033047087, 0.000164490338648, 0.000233273298363, -2.48286432907e-05, 0.000209898411413, -0.000162904078024, 0.000211981110624, 0.000155267785885], [3.14607641485e-05, 0.000880646170117, 0.000711471075192, -0.00102855928708, -0.000263913301751, -8.05832460173e-05, -0.0005534311058, -0.000167695179698, 0.000738187285606, -0.00026223732857, 0.000154818801093, -0.000475109263789, -0.000344574742485], [-0.000198939553229, 0.000711471075192, 0.00438563106582, 0.000176051471499, 1.31167525979e-05, -0.000867269758601, -5.32736412424e-05, -0.0012818305986, 0.00136153132189, 0.000186769335414, 0.00121886678971, -0.00199798913673, -5.59585168958e-05], [-0.000166318655829, -0.00102855928708, 0.000176051471499, 0.00947349984199, -0.000804006878752, -0.000415339891333, 0.0014919716632, -0.00246696616523, -0.000346606597304, -0.000172956366441, 0.00158417446073, -0.00124107208103, 0.00245300191455], [4.55878689536e-05, -0.000263913301751, 1.31167525979e-05, -0.000804006878752, 0.0108491303399, -0.00227906811051, -0.00097623327747, 0.00271292985417, -0.0022259936668, -0.00111085677054, -0.00208198046312, -0.000464840850327, 0.000412656896515], [-0.000214033047087, -8.05832460173e-05, -0.000867269758601, -0.000415339891333, -0.00227906811051, 0.0117083480582, -0.00277171097696, -0.00059529702412, 0.00263137975708, -0.00300900707953, -0.00180568150245, -0.00253957486711, -0.000189165817574], [0.000164490338648, -0.0005534311058, -5.32736412424e-05, 0.0014919716632, -0.00097623327747, -0.00277171097696, 0.0143580054864, -0.00818199012429, 0.00302323233336, 0.00275042420253, -0.00210608774796, 0.0010554670589, -0.0016824642662], [0.000233273298363, -0.000167695179698, -0.0012818305986, -0.00246696616523, 0.00271292985417, -0.00059529702412, -0.00818199012429, 0.0154291307554, -0.00571695622057, 3.42012499459e-05, 0.00271192914806, -0.000980224343948, -0.00033555587288], [-2.48286432907e-05, 0.000738187285606, 0.00136153132189, -0.000346606597304, -0.0022259936668, 0.00263137975708, 0.00302323233336, -0.00571695622057, 0.016053494066, -0.00688190525398, 0.0027093871031, 0.00173866550904, -0.000705066311639], [0.000209898411413, -0.00026223732857, 0.000186769335414, -0.000172956366441, -0.00111085677054, -0.00300900707953, 0.00275042420253, 3.42012499459e-05, -0.00688190525398, 0.0193062089384, -0.0100800162181, 0.00394799327478, -0.000483098818222], [-0.000162904078024, 0.000154818801093, 0.00121886678971, 0.00158417446073, -0.00208198046312, -0.00180568150245, -0.00210608774796, 0.00271192914806, 0.0027093871031, -0.0100800162181, 0.0215730611235, -0.00630135787651, 0.00330699770711], [0.000211981110624, -0.000475109263789, -0.00199798913673, -0.00124107208103, -0.000464840850327, -0.00253957486711, 0.0010554670589, -0.000980224343948, 0.00173866550904, 0.00394799327478, -0.00630135787651, 0.0174622628838, -0.00456805061549], [0.000155267785885, -0.000344574742485, -5.59585168958e-05, 0.00245300191455, 0.000412656896515, -0.000189165817574, -0.0016824642662, -0.00033555587288, -0.000705066311639, -0.000483098818222, 0.00330699770711, -0.00456805061549, 0.0163827147335]]}, "spectral_contrast_coeffs": {"dmean": [0.0414060987532, 0.0444363243878, 0.0323412455618, 0.0315398983657, 0.0236022956669, 0.0244286861271], "dmean2": [0.0691220238805, 0.0710982382298, 0.0512243248522, 0.0481583066285, 0.0362499542534, 0.0363387055695], "dvar": [0.00134885346051, 0.00157445471268, 0.000780383590609, 0.000848908559419, 0.000481105176732, 0.000660311023239], "dvar2": [0.00355662312359, 0.00372255081311, 0.00190481950995, 0.00169996893965, 0.00101253704634, 0.00144088140223], "max": [-0.328207612038, -0.352053046227, -0.525203227997, -0.480074942112, -0.620050549507, -0.579366445541], "mean": [-0.614634156227, -0.680780887604, -0.745421826839, -0.700596809387, -0.767174363136, -0.751311838627], "median": [-0.619667887688, -0.68622815609, -0.753137886524, -0.699118793011, -0.77488130331, -0.758174240589], "min": [-0.95430457592, -0.971423327923, -0.966577649117, -0.952193558216, -0.948720872402, -0.938854753971], "var": [0.00584745779634, 0.0081364037469, 0.00463480455801, 0.0070159076713, 0.00257921940647, 0.00252505694516]}, "spectral_contrast_valleys": {"dmean": [0.338562577963, 0.338811933994, 0.309991151094, 0.314641326666, 0.335916221142, 0.484051078558], "dmean2": [0.570687949657, 0.538452625275, 0.476559817791, 0.462314993143, 0.470072388649, 0.579351007938], "dvar": [0.0944337844849, 0.102402769029, 0.0886658206582, 0.111474536359, 0.180053502321, 0.361734181643], "dvar2": [0.226897150278, 0.224997490644, 0.176701501012, 0.203158259392, 0.325913101435, 0.499365508556], "max": [-5.7009510994, -