{"lowlevel": {"average_loudness": 0.836637020111, "barkbands_crest": {"dmean": 3.33021593094, "dmean2": 5.29033708572, "dvar": 10.7234125137, "dvar2": 23.7470836639, "max": 26.6118125916, "mean": 11.4176607132, "median": 9.95426940918, "min": 1.84533977509, "var": 36.4421463013}, "barkbands_flatness_db": {"dmean": 0.0446461997926, "dmean2": 0.0627923235297, "dvar": 0.00297680962831, "dvar2": 0.00570575520396, "max": 0.584957003593, "mean": 0.145606473088, "median": 0.115269511938, "min": 0.0105792237446, "var": 0.0108243450522}, "barkbands_kurtosis": {"dmean": 38.8038825989, "dmean2": 56.2272033691, "dvar": 13993.3300781, "dvar2": 29064.6152344, "max": 1624.79187012, "mean": 42.1235198975, "median": 1.02139043808, "min": -1.95978152752, "var": 20200.0292969}, "barkbands_skewness": {"dmean": 1.64829218388, "dmean2": 2.36670660973, "dvar": 7.50438594818, "dvar2": 15.5358343124, "max": 31.133556366, "mean": 2.71646523476, "median": 1.22356176376, "min": -4.65071105957, "var": 21.0268211365}, "barkbands_spread": {"dmean": 13.6931238174, "dmean2": 21.1571426392, "dvar": 355.335449219, "dvar2": 777.43157959, "max": 134.776443481, "mean": 35.97215271, "median": 29.5352725983, "min": 0.0546516887844, "var": 828.777038574}, "dissonance": {"dmean": 0.0165732316673, "dmean2": 0.0276186317205, "dvar": 0.000379407982109, "dvar2": 0.000979257049039, "max": 0.500000059605, "mean": 0.472613453865, "median": 0.481625854969, "min": 0.279849588871, "var": 0.000748940103222}, "dynamic_complexity": 3.01437044144, "erbbands_crest": {"dmean": 2.97858190536, "dmean2": 4.5991973877, "dvar": 9.72389984131, "dvar2": 20.8290271759, "max": 32.9063606262, "mean": 8.39186668396, "median": 6.58061122894, "min": 2.10402059555, "var": 26.4726428986}, "erbbands_flatness_db": {"dmean": 0.0224387124181, "dmean2": 0.0328280813992, "dvar": 0.00060986157041, "dvar2": 0.00118457619101, "max": 0.324583858252, "mean": 0.12491196394, "median": 0.11391954869, "min": 0.0316569060087, "var": 0.00280819530599}, "erbbands_kurtosis": {"dmean": 1.97149801254, "dmean2": 3.06457543373, "dvar": 17.6432266235, "dvar2": 41.1483039856, "max": 60.738407135, "mean": 1.35354530811, "median": -0.103811740875, "min": -1.94518435001, "var": 22.3021736145}, "erbbands_skewness": {"dmean": 0.596643149853, "dmean2": 0.886804282665, "dvar": 0.609317779541, "dvar2": 1.29168629646, "max": 6.75290203094, "mean": -0.109286621213, "median": -0.138672202826, "min": -5.21827173233, "var": 1.50039863586}, "erbbands_spread": {"dmean": 17.5382862091, "dmean2": 27.4253005981, "dvar": 472.782775879, "dvar2": 1207.64477539, "max": 207.460494995, "mean": 54.0502319336, "median": 47.437210083, "min": 3.95571136475, "var": 1019.09881592}, "hfc": {"dmean": 28.6659851074, "dmean2": 47.4817314148, "dvar": 4131.89746094, "dvar2": 10983.2080078, "max": 559.216491699, "mean": 42.4531211853, "median": 21.5154819489, "min": 0.000591393501963, "var": 4084.83276367}, "melbands_crest": {"dmean": 3.95792007446, "dmean2": 6.1418595314, "dvar": 13.9554414749, "dvar2": 34.8156776428, "max": 39.1743469238, "mean": 17.6730632782, "median": 15.4858207703, "min": 2.34545612335, "var": 77.7066192627}, "melbands_flatness_db": {"dmean": 0.0565159618855, "dmean2": 0.0804815515876, "dvar": 0.00441081216559, "dvar2": 0.00900330860168, "max": 0.73354279995, "mean": 0.211280420423, "median": 0.179026514292, "min": 0.0133114960045, "var": 0.0178562160581}, "melbands_kurtosis": {"dmean": 75.0523529053, "dmean2": 121.430717468, "dvar": 60579.390625, "dvar2": 136379.765625, "max": 4198.04736328, "mean": 95.4620742798, "median": 8.89645290375, "min": -1.83934664726, "var": 95561.8984375}, "melbands_skewness": {"dmean": 2.19418907166, "dmean2": 3.49595975876, "dvar": 14.5919952393, "dvar2": 35.0399169922, "max": 53.244052887, "mean": 4.86278963089, "median": 2.76246643066, "min": -2.08286333084, "var": 35.5161323547}, "melbands_spread": {"dmean": 15.2596073151, "dmean2": 24.4749393463, "dvar": 461.928985596, "dvar2": 1075.39196777, "max": 248.560501099, "mean": 35.0373458862, "median": 24.0983333588, "min": 0.0941143259406, "var": 1335.66674805}, "pitch_salience": {"dmean": 0.100868083537, "dmean2": 0.162100240588, "dvar": 0.0121605312452, "dvar2": 0.0269473604858, "max": 0.961795449257, "mean": 0.503440022469, "median": 0.546987593174, "min": 0.0196163188666, "var": 0.0361748300493}, "silence_rate_20dB": {"dmean": 0, "dmean2": 0, "dvar": 0, "dvar2": 0, "max": 1, "mean": 1, "median": 1, "min": 1, "var": 0}, "silence_rate_30dB": {"dmean": 0.0360538810492, "dmean2": 0.0721149072051, "dvar": 0.0347543023527, "dvar2": 0.0698794648051, "max": 1, "mean": 0.937308132648, "median": 1, "min": 0, "var": 0.0587626323104}, "silence_rate_60dB": {"dmean": 0.0332805067301, "dmean2": 0.066468551755, "dvar": 0.0321752354503, "dvar2": 0.0739353820682, "max": 1, "mean": 0.0543725863099, "median": 0, "min": 0, "var": 0.0514196120203}, "spectral_centroid": {"dmean": 528.567810059, "dmean2": 818.097595215, "dvar": 410060.28125, "dvar2": 882294.5, "max": 5395.78515625, "mean": 1861.11413574, "median": 1662.33959961, "min": 77.674949646, "var": 1202218.25}, "spectral_complexity": {"dmean": 6.46553087234, "dmean2": 10.1385831833, "dvar": 69.1578216553, "dvar2": 154.989532471, "max": 62, "mean": 16.1821327209, "median": 14, "min": 0, "var": 155.499252319}, "spectral_decrease": {"dmean": 3.25109361654e-09, "dmean2": 4.83715645316e-09, "dvar": 2.55986111785e-17, "dvar2": 4.81712897972e-17, "max": -4.52523201609e-15, "mean": -8.58911874957e-09, "median": -4.96071539402e-09, "min": -5.53484085231e-08, "var": 9.87927547433e-17}, "spectral_energy": {"dmean": 0.0136421918869, "dmean2": 0.0202298630029, "dvar": 0.000386010302464, "dvar2": 0.000744312885217, "max": 0.210116446018, "mean": 0.0362678840756, "median": 0.0228349864483, "min": 7.07202971739e-08, "var": 0.001461929176}, "spectral_energyband_high": {"dmean": 0.0026405560784, "dmean2": 0.00440444657579, "dvar": 3.97485273425e-05, "dvar2": 0.000105056482425, "max": 0.0564251430333, "mean": 0.00347227905877, "median": 0.00104385614395, "min": 5.53146399795e-08, "var": 4.3047570216e-05}, "spectral_energyband_low": {"dmean": 0.00979074090719, "dmean2": 0.0137455826625, "dvar": 0.000391847395804, "dvar2": 0.00066127628088, "max": 0.20604789257, "mean": 0.0203582160175, "median": 0.00308088841848, "min": 3.30413585381e-09, "var": 0.00147606234532}, "spectral_energyband_middle_high": {"dmean": 0.00233339820988, "dmean2": 0.00363909383304, "dvar": 1.65921155713e-05, "dvar2": 3.50621885445e-05, "max": 0.0915821939707, "mean": 0.00492702145129, "median": 0.00193484104238, "min": 8.2658999645e-09, "var": 8.04749506642e-05}, "spectral_energyband_middle_low": {"dmean": 0.00466010486707, "dmean2": 0.00757997017354, "dvar": 9.89901163848e-05, "dvar2": 0.000266256800387, "max": 0.110393382609, "mean": 0.00823852512985, "median": 0.00386578310281, "min": 4.45696635154e-09, "var": 0.000127743202029}, "spectral_entropy": {"dmean": 0.276260077953, "dmean2": 0.395389288664, "dvar": 0.124808199704, "dvar2": 0.243571132421, "max": 8.98205089569, "mean": 7.88064289093, "median": 7.96198892593, "min": 4.97266197205, "var": 0.368811279535}, "spectral_flux": {"dmean": 0.0360637754202, "dmean2": 0.0552234128118, "dvar": 0.00162138161249, "dvar2": 0.00335238361731, "max": 0.380725711584, "mean": 0.09760748595, "median": 0.0824320390821, "min": 0.000265932874754, "var": 0.0037479440216}, "spectral_kurtosis": {"dmean": 1.16780245304, "dmean2": 1.82483839989, "dvar": 3.23580527306, "dvar2": 6.94611501694, "max": 33.3746757507, "mean": 3.21660232544, "median": 2.83952474594, "min": -0.749004125595, "var": 8.01595973969}, "spectral_rms": {"dmean": 0.00106136733666, "dmean2": 0.00156180851627, "dvar": 1.45639558013e-06, "dvar2": 2.89813533527e-06, "max": 0.014317529276, "mean": 0.00526232179254, "median": 0.0047199614346, "min": 8.30634780868e-06, "var": 7.69117377786e-06}, "spectral_rolloff": {"dmean": 1567.48754883, "dmean2": 2603.33789062, "dvar": 6877668.5, "dvar2": 15362369, "max": 18712.3535156, "mean": 3294.44042969, "median": 1894.921875, "min": 43.06640625, "var": 12714678}, "spectral_skewness": {"dmean": 0.23450371623, "dmean2": 0.354304879904, "dvar": 0.09624478966, "dvar2": 0.183549195528, "max": 4.93752241135, "mean": 1.36568832397, "median": 1.3648583889, "min": -0.0852644369006, "var": 0.306077688932}, "spectral_spread": {"dmean": 1013129, "dmean2": 1520054.125, "dvar": 1509556879360.0, "dvar2": 3268955865090.0, "max": 16930804, "mean": 6871616, "median": 6484194.5, "min": 1999560.625, "var": 6116202250240.0}, "spectral_strongpeak": {"dmean": 0.53727465868, "dmean2": 0.910282075405, "dvar": 1.4375897646, "dvar2": 3.99402928352, "max": 22.5923748016, "mean": 0.954174220562, "median": 0.386816471815, "min": 0, "var": 2.50825190544}, "zerocrossingrate": {"dmean": 0.0252114851028, "dmean2": 0.0298387482762, "dvar": 0.000842748442665, "dvar2": 0.00116317730863, "max": 0.44189453125, "mean": 0.106796644628, "median": 0.09033203125, "min": 0.00146484375, "var": 0.00633414229378}, "barkbands": {"dmean": [0.000716622453183, 0.00873813219368, 0.00205909064971, 0.00126378133427, 0.00207956973463, 0.000839889340568, 0.000591144373175, 0.000849201634992, 0.000413941743318, 0.000662993465085, 0.000373843446141, 0.000666868290864, 0.000219232475501, 0.00021734549955, 0.000280011357972, 0.000201922288397, 0.000292340846499, 0.000217016029637, 0.000227742435527, 0.000240348410443, 0.000296139362035, 0.000302578147966, 0.000530102232005, 0.00046020350419, 0.000507948221639, 0.000445499579655, 0.000194855980226], "dmean2": [0.000874607765581, 0.012339101173, 0.00344004062936, 0.00226688012481, 0.00350901694037, 0.00137918279506, 0.000935390708037, 0.00135472195689, 0.000647348293569, 0.000995710026473, 0.000571172276977, 0.0010564958211, 0.000357940938557, 0.000352589820977, 0.000453715299955, 0.000335414864821, 0.000492696999572, 0.000362521794159, 0.000382141792215, 0.000396602059482, 0.000497621716931, 0.000509339210112, 0.000879941915628, 0.000768258760218, 0.000867267663125, 0.000752742460463, 0.000335790507961], "dvar": [3.18187903758e-06, 0.000423547782702, 2.73058794846e-05, 1.58306920639e-05, 1.57707781909e-05, 3.30949092131e-06, 1.96317296286e-06, 8.19290926302e-06, 1.34842093757e-06, 3.78392746825e-06, 2.45753881245e-06, 4.8445176617e-06, 2.14669157117e-07, 2.65633730123e-07, 4.78194181142e-07, 1.63697507105e-07, 2.33785470982e-07, 1.27970935182e-07, 1.3776319463e-07, 1.39766669349e-07, 2.21103604758e-07, 3.36598191097e-07, 1.75099137323e-06, 1.42119120028e-06, 2.46619060817e-06, 1.62321907737e-06, 3.25449491356e-07], "dvar2": [5.15308920512e-06, 0.000652276794426, 7.7997938206e-05, 4.6001674491e-05, 4.32300257671e-05, 8.43488760438e-06, 4.39445739175e-06, 1.97029185074e-05, 2.73310570265e-06, 7.56804365665e-06, 4.11264181821e-06, 1.05224498839e-05, 5.20694356965e-07, 6.19599575202e-07, 1.21345362913e-06, 4.02111425046e-07, 6.01681279022e-07, 3.27871987338e-07, 3.67096276932e-07, 3.64513624618e-07, 5.48138530121e-07, 8.62400270307e-07, 4.51372761745e-06, 3.69800977751e-06, 6.79096820022e-06, 4.33650166087e-06, 8.58004170823e-07], "max": [0.0417896546423, 0.203631281853, 0.0693955421448, 0.0480797849596, 0.0382882505655, 0.0258544608951, 0.0309640318155, 0.0848164260387, 0.0417634807527, 0.0691198185086, 0.0507021695375, 0.0639693066478, 0.00766342738643, 0.0112834917381, 0.0106705352664, 0.00758678698912, 0.00904172379524, 0.00766419293359, 0.00467618508264, 0.00761950528249, 0.0093296635896, 0.00475712213665, 0.0139614427462, 0.0135314799845, 0.0146618615836, 0.0107173817232, 0.00501193944365], "mean": [0.00160613562912, 0.0160213522613, 0.00221990258433, 0.00126750627533, 0.00288219656795, 0.0011124733137, 0.00085340696387, 0.00119319092482, 0.000505418807734, 0.00124651368242, 0.000431077787653, 0.000993685680442, 0.000269810698228, 0.000287661503535, 0.000399824144552, 0.000272163102636, 0.000402075034799, 0.000309787283186, 0.000322369043715, 0.000377171701984, 0.000467041274533, 0.000399957381887, 0.000637200719211, 0.000564580841456, 0.000594945333432, 0.000462606665678, 0.000167783815414], "median": [2.17289398279e-05, 0.00118750205729, 0.000341808830854, 0.000405822269386, 0.00148434576113, 0.000265718175797, 0.000148666134919, 0.000136423317599, 9.23172556213e-05, 7.44360586395e-05, 5.74876503379e-05, 0.000148991515744, 6.71375819365e-05, 7.56484005251e-05, 0.000103152597148, 8.61215012264e-05, 0.00018413583166, 0.00011497039668, 0.000141625176184, 0.000162398122484, 0.000138882198371, 0.000103840764496, 0.000107241437945, 9.84171056189e-05, 0.000103375212348, 8.51514778333e-05, 2.08827605093e-05], "min": [1.16328502386e-10, 3.54294260596e-10, 4.30738777979e-10, 6.12677963918e-10, 2.43239345332e-10, 8.84357365116e-10, 1.16603959821e-09, 1.86452561723e-10, 9.54742618298e-10, 1.28425370338e-09, 1.39714198544e-10, 4.7679465931e-10, 6.29225116455e-10, 2.72422223668e-10, 1.88640192356e-09, 3.75408232278e-10, 9.60669765959e-10, 1.48958778645e-09, 4.77884232186e-10, 5.96023286281e-10, 5.20982634811e-09, 4.84543960511e-09, 1.49022505447e-09, 1.9603303425e-09, 1.6735715036e-09, 7.72292896301e-10, 5.60464841204e-10], "var": [1.50819205373e-05, 0.00128159439191, 2.63348720182e-05, 1.0426218978e-05, 1.72831059899e-05, 4.90705679113e-06, 4.29840201832e-06, 1.45587255247e-05, 3.06612378154e-06, 2.04619645956e-05, 4.58506929135e-06, 1.24501493701e-05, 3.85338495335e-07, 5.67935671825e-07, 7.84555368227e-07, 3.15954309826e-07, 3.86702339483e-07, 2.18019224008e-07, 1.98782814209e-07, 2.69769969918e-07, 6.25352924999e-07, 4.53201664641e-07, 1.97446433958e-06, 1.72923569153e-06, 2.30763203035e-06, 1.31052831875e-06, 2.44981407604e-07]}, "erbbands": {"dmean": [0.357150614262, 1.74481379986, 2.32612371445, 3.30786371231, 6.23030281067, 7.35244607925, 6.69179725647, 6.61282253265, 7.84343910217, 11.8577394485, 17.9826412201, 9.63799858093, 18.5095939636, 15.7508220673, 18.7450313568, 26.3194026947, 10.0087976456, 11.075838089, 12.8673973083, 13.064207077, 12.5028057098, 11.9414272308, 11.7954654694, 12.1541814804, 11.7601070404, 10.4926815033, 13.1041193008, 10.1899471283, 11.1802711487, 12.8291444778, 15.6565551758, 10.7580938339, 7.23888874054, 5.40207195282, 3.54885911942, 2.19064188004, 0.829549968243, 0.170586854219, 0.0269459672272, 0.00240476755425], "dmean2": [0.494582772255, 2.46890068054, 3.73282790184, 5.7902097702, 10.6737527847, 12.3873701096, 11.4855775833, 10.7294397354, 12.4404144287, 19.0979995728, 28.1537857056, 14.9375667572, 28.2179584503, 22.6359786987, 27.0047454834, 42.3164329529, 16.3897094727, 17.6480331421, 20.1150760651, 21.4919395447, 20.7382717133, 20.0116386414, 19.6993656158, 20.3045539856, 19.3446178436, 17.5266094208, 22.2861289978, 17.01912117, 18.931098938, 21.242149353, 26.0633411407, 17.9631023407, 12.2284841537, 9.04931640625, 6.12923908234, 3.68438744545, 1.43016171455, 0.292824983597, 0.0462887361646, 0.00415531732142], "dvar": [0.666137099266, 19.7824039459, 30.0675201416, 93.5668487549, 189.735412598, 250.0284729, 224.607543945, 222.687866211, 352.11026001, 2169.56201172, 2797.13720703, 658.66003418, 2856.2253418, 3073.37036133, 7257.50732422, 5222.90185547, 392.40826416, 587.880493164, 876.675537109, 1055.50769043, 351.047973633, 349.102905273, 393.219238281, 413.660308838, 328.88293457, 291.646850586, 477.172729492, 294.596832275, 476.632385254, 815.011291504, 1623.22998047, 791.276672363, 372.128479004, 245.649536133, 113.955970764, 45.0959434509, 5.99870204926, 0.220734611154, 0.00582709116861, 7.96410895418e-05], "dvar2": [1.2275813818, 28.5149879456, 79.6708908081, 271.092468262, 549.356506348, 654.883972168, 612.136169434, 558.567626953, 781.206298828, 5245.95507812, 5846.62353516, 1288.5994873, 5864.20263672, 4817.65820312, 11475.0830078, 12276.3339844, 955.855957031, 1333.39648438, 2062.53344727, 2832.61816406, 863.653381348, 922.043701172, 1003.79882812, 1079.48901367, 851.56237793, 783.610046387, 1225.21618652, 700.889160156, 1232.93151855, 2095.40820312, 4190.22216797, 2065.60009766, 971.43359375, 656.988647461, 314.753997803, 120.8019104, 16.3898983002, 0.594669520855, 0.0152321606874, 0.000211392049096], "max": [8.92695140839, 42.7241516113, 70.017288208, 103.913764954, 128.186935425, 229.964889526, 182.483444214, 273.67175293, 382.308013916, 1626.43432617, 1558.20385742, 1256.73779297, 1308.57519531, 2432.93847656, 2549.95898438, 2321.11743164, 394.976867676, 468.48538208, 591.9765625, 522.229797363, 316.00302124, 264.722229004, 423.510253906, 279.773284912, 211.522247314, 268.763793945, 474.902984619, 360.911956787, 208.503707886, 293.675170898, 554.750244141, 303.859893799, 301.697174072, 148.961837769, 99.0266799927, 78.2287902832, 20.6629219055, 3.71200108528, 0.845332860947, 0.0807410255075], "mean": [0.67996442318, 2.70571947098, 2.93080759048, 3.53730297089, 7.78785085678, 9.2655582428, 8.91587734222, 8.58798789978, 11.9959230423, 16.1570262909, 26.3031291962, 13.2883052826, 30.6434612274, 28.6980876923, 28.4030475616, 39.3578834534, 13.3411769867, 15.8526639938, 19.2701263428, 18.7788238525, 18.8772068024, 16.8055915833, 16.7959346771, 17.7106742859, 18.4797534943, 16.3262138367, 19.8427658081, 15.2065219879, 14.2271432877, 16.1309528351, 18.951883316, 12.9605503082, 8.97379875183, 6.6314330101, 4.07404279709, 2.26879858971, 0.813699007034, 0.183203980327, 0.024146951735, 0.00184794620145], "median": [0.0233078226447, 0.2757614851, 0.590749263763, 1.20237195492, 4.08149528503, 3.71354174614, 2.34408903122, 1.92672395706, 2.14128446579, 2.41416931152, 3.5343515873, 2.90378975868, 2.66413927078, 2.44878911972, 3.33754825592, 6.88329553604, 4.26156759262, 4.67103052139, 5.23708629608, 5.27503490448, 9.04255867004, 8.25618839264, 6.7826795578, 7.21891689301, 8.22265815735, 7.50250101089, 5.93236541748, 4.80910253525, 3.97667741776, 3.14394783974, 3.08607053757, 2.1706840992, 1.60423326492, 1.101136446, 0.780937254429, 0.423686534166, 0.144871473312, 0.034033510834, 0.00330082047731, 0.0001772762771], "min": [2.93661592821e-08, 3.97187676526e-07, 1.2097493709e-06, 1.8598167344e-06, 1.52546385834e-06, 4.70088451721e-07, 9.4230756531e-07, 9.25611311686e-06, 2.19891844608e-05, 8.16298052086e-06, 4.82282030134e-06, 2.47795887844e-05, 3.93328082282e-05, 1.91699709831e-05, 6.95942526363e-06, 2.62466201093e-05, 3.19734026561e-05, 1.73117223312e-05, 2.36850100919e-05, 0.000111259912956, 2.51473302342e-05, 6.01592691964e-05, 6.7046174081e-05, 4.79409645777e-05, 3.05482681142e-05, 2.74558951787e-05, 0.000188440622878, 0.000190560647752, 0.000195864602574, 0.000185396900633, 5.78027356823e-05, 3.2265765185e-05, 3.54070543835e-05, 1.427011739e-05, 1.53191431309e-05, 3.68473706658e-06, 1.5568479057e-06, 7.95700884737e-07, 1.35875538376e-07, 1.08277182775e-08], "var": [2.15787863731, 48.323425293, 37.2596054077, 67.2484130859, 152.643981934, 290.020172119, 319.449829102, 317.948760986, 729.740661621, 2751.47558594, 7234.64697266, 1948.4074707, 8819.33691406, 16995.3007812, 18470.21875, 13501.4189453, 721.151000977, 1331.09423828, 1955.44995117, 1506.83642578, 720.837524414, 527.722717285, 645.703979492, 651.782531738, 622.245727539, 504.099243164, 1172.5847168, 626.562561035, 574.114440918, 980.895324707, 1875.88293457, 889.463928223, 463.105712891, 271.082702637, 108.481887817, 38.0480880737, 4.31317567825, 0.175458997488, 0.00460304040462, 5.68199211557e-05]}, "gfcc": {"mean": [7.16301345825, 29.1319026947, -82.7697601318, 32.2993392944, -47.1588401794, 12.4514322281, -36.2737388611, 4.30648708344, -28.4094867706, 1.36011350155, -20.4080314636, 2.489818573, -14.3312120438], "cov": [[6422.97802734, -975.252258301, -1019.03765869, -734.93951416, -721.032775879, -463.122680664, -310.360839844, 69.0675582886, -120.063514709, 20.5442371368, -100.050476074, -83.9487228394, -94.2254638672], [-975.252258301, 2234.50195312, -356.900421143, -401.391235352, 126.188392639, -200.967483521, 110.485702515, -50.3283958435, 51.3216972351, -42.8011169434, 53.8503684998, -31.48595047, 53.5753707886], [-1019.03765869, -356.900421143, 2197.58447266, 1070.04821777, 603.095092773, 804.108398438, 450.135314941, 241.909622192, 365.339660645, 233.665359497, 168.830001831, 121.875816345, 56.8716812134], [-734.93951416, -401.391235352, 1070.04821777, 1114.42358398, 416.542785645, 535.26776123, 285.69644165, 179.192962646, 233.074905396, 143.38192749, 123.922943115, 61.729801178, 55.767124176], [-721.032775879, 126.188392639, 603.095092773, 416.542785645, 631.063842773, 398.104003906, 244.706787109, 71.9298934937, 116.651634216, 55.6171989441, 90.5245437622, 85.5954742432, 21.152425766], [-463.122680664, -200.967483521, 804.108398438, 535.26776123, 398.104003906, 587.353393555, 304.545043945, 124.049461365, 154.511657715, 80.6254501343, 117.13167572, 90.3215103149, 26.8118934631], [-310.360839844, 110.485702515, 450.135314941, 285.69644165, 244.706787109, 304.545043945, 320.390380859, 116.422691345, 135.865066528, 77.7356796265, 95.3885116577, 46.0958328247, 42.0415649414], [69.0675582886, -50.3283958435, 241.909622192, 179.192962646, 71.9298934937, 124.049461365, 116.422691345, 176.213256836, 135.589981079, 104.008789062, 39.2902946472, 8.07091331482, 29.8197402954], [-120.063514709, 51.3216972351, 365.339660645, 233.074905396, 116.651634216, 154.511657715, 135.865066528, 135.589981079, 225.463867188, 109.276817322, 56.6255455017, 0.558815956116, 33.3381767273], [20.5442371368, -42.8011169434, 233.665359497, 143.38192749, 55.6171989441, 80.6254501343, 77.7356796265, 104.008789062, 109.276817322, 145.747741699, 53.3925743103, 11.3515138626, 33.1242370605], [-100.050476074, 53.8503684998, 168.830001831, 123.922943115, 90.5245437622, 117.13167572, 95.3885116577, 39.2902946472, 56.6255455017, 53.3925743103, 106.401641846, 49.6388702393, 33.6562004089], [-83.9487228394, -31.48595047, 121.875816345, 61.729801178, 85.5954742432, 90.3215103149, 46.0958328247, 8.07091331482, 0.558815956116, 11.3515138626, 49.6388702393, 87.8947982788, 23.1145591736], [-94.2254638672, 53.5753707886, 56.8716812134, 55.767124176, 21.152425766, 26.8118934631, 42.0415649414, 29.8197402954, 33.3381767273, 33.1242370605, 33.6562004089, 23.1145591736, 66.2519073486]], "icov": [[0.000217655673623, 0.000113006164611, 6.15634926362e-05, 0.000134983070893, 0.000127955863718, 1.44084251588e-05, -3.33563252752e-06, -0.000295368692605, -1.40920565173e-05, -6.39567078906e-05, -0.000157194925123, -1.46769652929e-05, 0.000264125817921], [0.000113006164611, 0.000748370366637, 3.25209075527e-05, 0.000409590546042, -0.000407775834901, 0.000643177889287, -0.000609210692346, 0.000157396309078, -0.000526126124896, 0.000489828991704, -0.000774721615016, 0.000571915705223, -0.00041762724868], [6.15634926362e-05, 3.25209075527e-05, 0.00129159830976, -0.00053972780006, 1.36293601827e-05, -0.000950441462919, -0.000168536993442, 0.000617119774688, -0.000901449180674, -0.00102474354208, 0.000790784193669, -0.000773255247623, 0.000450333638582], [0.000134983070893, 0.000409590546042, -0.00053972780006, 0.00233963807113, -0.000495187588967, -0.000728288956452, 0.000273755547823, -0.00061429629568, -0.000358211953426, 0.000314573117066, -0.00100684363861, 0.00132191961166, -0.00101644510869], [0.000127955863718, -0.000407775834901, 1.36293601827e-05, -0.000495187588967, 0.00345991388895, -0.00157545204274, -0.000595342833549, 0.000516658532433, -0.000161383824889, -0.000481830211356, 0.000873975513969, -0.00191072246525, 0.00113978027366], [1.44084251588e-05, 0.000643177889287, -0.000950441462919, -0.000728288956452, -0.00157545204274, 0.00723589677364, -0.00345319672488, -0.000772176892497, -0.000171049163328, 0.00199038605206, -0.00189897383098, -0.00156164343935, 0.00164325488731], [-3.33563252752e-06, -0.000609210692346, -0.000168536993442, 0.000273755547823, -0.000595342833549, -0.00345319672488, 0.00881128478795, -0.00273666880094, -0.000267986499239, 0.000662649865262, -0.00264331768267, 0.00144157418981, -0.00172649894375], [-0.000295368692605, 0.000157396309078, 0.000617119774688, -0.00061429629568, 0.000516658532433, -0.000772176892497, -0.00273666880094, 0.01504467614, -0.0054009668529, -0.00629698112607, 0.00361033622175, -0.00123868964147, -0.000983214005828], [-1.40920565173e-05, -0.000526126124896, -0.000901449180674, -0.000358211953426, -0.000161383824889, -0.000171049163328, -0.000267986499239, -0.0054009668529, 0.0117542715743, -0.00242624944076, -0.00187113287393, 0.00379375903867, -0.000872267410159], [-6.39567078906e-05, 0.000489828991704, -0.00102474354208, 0.000314573117066, -0.000481830211356, 0.00199038605206, 0.000662649865262, -0.00629698112607, -0.00242624944076, 0.0159897431731, -0.00592900579795, 0.00193776621018, -0.00254778773524], [-0.000157194925123, -0.000774721615016, 0.000790784193669, -0.00100684363861, 0.000873975513969, -0.00189897383098, -0.00264331768267, 0.00361033622175, -0.00187113287393, -0.00592900579795, 0.0209109764546, -0.00905073340982, -0.00244579021819], [-1.46769652929e-05, 0.000571915705223, -0.000773255247623, 0.00132191961166, -0.00191072246525, -0.00156164343935, 0.00144157418981, -0.00123868964147, 0.00379375903867, 0.00193776621018, -0.00905073340982, 0.0208448823541, -0.00560013204813], [0.000264125817921, -0.00041762724868, 0.000450333638582, -0.00101644510869, 0.00113978027366, 0.00164325488731, -0.00172649894375, -0.000983214005828, -0.000872267410159, -0.00254778773524, -0.00244579021819, -0.00560013204813, 0.0216945428401]]}, "melbands": {"dmean": [0.00275521515869, 0.0014801901998, 0.00065326486947, 0.000490825157613, 0.000248777447268, 0.000152174994582, 0.000120832643006, 0.000142193428474, 0.000135763737489, 5.97931284574e-05, 9.43376726354e-05, 6.81049932609e-05, 5.42975540156e-05, 8.25968381832e-05, 3.38468198606e-05, 2.43755202973e-05, 2.13708917727e-05, 2.0464462068e-05, 2.09781774174e-05, 1.67932739714e-05, 1.73450152943e-05, 1.47739083332e-05, 1.11914132503e-05, 1.05563767647e-05, 1.04341715996e-05, 8.85566259967e-06, 8.60536238179e-06, 7.199600077e-06, 7.98207020125e-06, 8.68433380674e-06, 5.71059308641e-06, 6.50394940749e-06, 6.19121783529e-06, 8.2787591964e-06, 1.0140825907e-05, 6.99389147485e-06, 6.66984578856e-06, 5.35920753464e-06, 4.55217923445e-06, 4.81731967739e-06], "dmean2": [0.00381954200566, 0.00210458459333, 0.00113645056263, 0.000827780808322, 0.000426491285907, 0.000245684816036, 0.000190139166079, 0.000229696350289, 0.000210315774893, 9.20816746657e-05, 0.000143960744026, 9.7924588772e-05, 8.03890143288e-05, 0.000127566541778, 5.55724363949e-05, 3.95936367568e-05, 3.42502062267e-05, 3.20734106936e-05, 3.45507869497e-05, 2.75720758509e-05, 2.89876097668e-05, 2.46142408287e-05, 1.90297141671e-05, 1.76955472853e-05, 1.75705918082e-05, 1.47822074723e-05, 1.41977661769e-05, 1.21382308862e-05, 1.3688191757e-05, 1.46750544445e-05, 9.55056020757e-06, 1.10394521471e-05, 1.03756965473e-05, 1.36257931445e-05, 1.69738832483e-05, 1.17507215691e-05, 1.11952076622e-05, 9.09771824809e-06, 7.65551885706e-06, 8.12640155345e-06], "dvar": [4.0410010115e-05, 1.0085987924e-05, 3.17158537655e-06, 9.43258385178e-07, 2.9794662737e-07, 1.12017382037e-07, 7.80014275392e-08, 3.13222329851e-07, 1.50099793927e-07, 2.78991212355e-08, 7.42989314517e-08, 6.00566210096e-08, 5.54227206351e-08, 7.12143304327e-08, 6.26895690914e-09, 2.82767675941e-09, 2.40145503483e-09, 2.43895592611e-09, 2.98863311876e-09, 1.49907064539e-09, 7.69865893258e-10, 5.79239101128e-10, 3.94281801652e-10, 3.38299194214e-10, 3.31267568932e-10, 2.34853803072e-10, 1.73222644562e-10, 1.56249832517e-10, 1.77855133399e-10, 2.42380643334e-10, 1.07817317574e-10, 1.53821955173e-10, 1.71477457234e-10, 3.85856901985e-10, 6.70906219469e-10, 3.54111462375e-10, 3.04028607845e-10, 1.97101626687e-10, 1.56713753086e-10, 2.09384939942e-10], "dvar2": [6.63942264509e-05, 1.99455898837e-05, 9.22736489883e-06, 2.6172554044e-06, 8.07439505479e-07, 2.80175839862e-07, 1.7154060572e-07, 7.74350098709e-07, 3.07500471308e-07, 5.20925595993e-08, 1.54070647795e-07, 9.53529308845e-08, 8.76297150398e-08, 1.48362531149e-07, 1.45996938983e-08, 6.87324952509e-09, 5.47132295026e-09, 5.64456348329e-09, 7.669260782e-09, 3.72588759845e-09, 1.90900362185e-09, 1.5065177994e-09, 1.03630470871e-09, 9.04153529824e-10, 8.74327554801e-10, 6.05145988875e-10, 4.3745812528e-10, 4.24174140257e-10, 4.66428951018e-10, 6.3106392334e-10, 2.46828335548e-10, 4.03769101487e-10, 4.4633355345e-10, 1.00688635207e-09, 1.72823888533e-09, 9.27728116551e-10, 8.00073507445e-10, 5.15969988957e-10, 4.18982765149e-10, 5.64581159601e-10], "max": [0.0621178224683, 0.0367111489177, 0.0192970465869, 0.00841834675521, 0.00604371493682, 0.00580510077998, 0.00530285388231, 0.0183341354132, 0.0112482979894, 0.00835119560361, 0.00643007736653, 0.0108202211559, 0.00746601400897, 0.00747918942943, 0.002419217024, 0.000842362933327, 0.00109042192344, 0.00102143222466, 0.000988790416159, 0.000667021027766, 0.000561543158256, 0.000398595439037, 0.000265911163297, 0.000470097496873, 0.000263758352958, 0.000238459222601, 0.00029878038913, 0.000236101332121, 0.000264172878815, 0.000341685255989, 0.000256063125562, 9.99119511107e-05, 0.00012386693561, 0.000207896198845, 0.000356329604983, 0.00025156774791, 0.000187467041542, 0.000202544761123, 0.000164815297467, 0.000143729397678], "mean": [0.00519133731723, 0.00221836520359, 0.000746210746001, 0.000636050594039, 0.000332827243255, 0.000202808441827, 0.000187152050785, 0.000194682448637, 0.000194091713638, 7.81829439802e-05, 0.000157500733621, 0.000122992292745, 7.08823572495e-05, 0.000129852094688, 4.37706949015e-05, 2.96681901091e-05, 2.91536525765e-05, 2.9079586966e-05, 2.92839358735e-05, 2.27806121984e-05, 2.44326420216e-05, 2.00533995667e-05, 1.41472737596e-05, 1.50000323629e-05, 1.40179354275e-05, 1.25719352582e-05, 1.33015219035e-05, 1.02932772279e-05, 1.10079472506e-05, 1.31842643896e-05, 7.62610943639e-06, 7.90073863755e-06, 8.02505928732e-06, 9.3837707027e-06, 1.18399093481e-05, 8.5057281467e-06, 7.8021439549e-06, 6.5033032115e-06, 5.55846099815e-06, 5.66210292163e-06], "median": [0.000274376827292, 0.000405572034651, 0.000349852984073, 0.000318815087667, 9.12609466468e-05, 4.33428904216e-05, 3.1592000596e-05, 2.71417993645e-05, 2.51853580266e-05, 1.58847196872e-05, 1.24262978716e-05, 9.17989291338e-06, 8.06994012237e-06, 1.77365236596e-05, 1.06553197838e-05, 7.08360448698e-06, 7.67911205912e-06, 7.74505406298e-06, 7.52172400098e-06, 5.73843271923e-06, 1.18041498354e-05, 9.43104078033e-06, 5.02788725498e-06, 5.65744085179e-06, 5.0617090892e-06, 5.24707502336e-06, 5.30853776581e-06, 4.41296515419e-06, 3.36563266501e-06, 3.34546166414e-06, 2.18194418267e-06, 2.27508257922e-06, 1.68477981788e-06, 1.64937443969e-06, 1.83589236258e-06, 1.52684776822e-06, 1.19210562843e-06, 1.1496741763e-06, 9.16805561246e-07, 9.11834433737e-07], "min": [1.25832053111e-10, 4.7918924384e-10, 3.21632526168e-10, 6.81266015823e-11, 2.2822561549e-11, 2.312953995e-10, 2.99217484123e-10, 6.96081456364e-11, 4.76374079073e-11, 1.56146040542e-10, 2.03581054792e-10, 9.26546964153e-11, 1.81332501098e-11, 5.16236914327e-11, 7.15365822135e-11, 5.88311066529e-11, 2.78942806353e-11, 1.09166998358e-11, 1.72662328879e-10, 7.47506570531e-11, 2.24814351163e-11, 6.23268450739e-11, 5.56469245683e-11, 7.57097023962e-11, 3.49926788934e-11, 2.113180117e-11, 2.60679828418e-11, 1.2338966654e-11, 7.23263879343e-11, 1.58145871398e-10, 9.63229287998e-11, 1.26619145724e-10, 6.17247711276e-11, 5.26483648344e-11, 3.51113270403e-11, 2.19913635913e-11, 1.75965613608e-11, 3.43210494747e-11, 8.37722686359e-12, 1.24024497269e-11], "var": [0.00012832491484, 2.2286296371e-05, 2.21879031415e-06, 9.35303660299e-07, 3.94812190052e-07, 1.71453748976e-07, 1.80002018624e-07, 3.91997787119e-07, 3.98140116431e-07, 8.17182552737e-08, 2.38311415046e-07, 3.52640711299e-07, 1.25595107647e-07, 2.18274635699e-07, 1.11953672999e-08, 4.50851089795e-09, 5.20249843206e-09, 5.42928990654e-09, 4.57740201298e-09, 2.69803712705e-09, 1.40166933615e-09, 8.96974106102e-10, 5.2337223444e-10, 5.43502132189e-10, 4.84559059544e-10, 3.86410042852e-10, 3.61402130444e-10, 2.3798168991e-10, 3.58224727659e-10, 6.50588916074e-10, 1.91996543664e-10, 1.78477260748e-10, 2.14353299e-10, 3.99475980073e-10, 7.65496055433e-10, 3.76147613057e-10, 3.56795204492e-10, 2.48337350683e-10, 1.84771406508e-10, 2.13108003466e-10]}, "mfcc": {"mean": [-652.345825195, 76.1585845947, 17.5325527191, 25.6611232758, 10.4908761978, 10.0689353943, 2.41168999672, 3.28672385216, -1.66022145748, -1.13436245918, -4.18417739868, -1.3779323101, -0.834499001503], "cov": [[7228.80371094, -719.960205078, -1135.01953125, -723.957885742, -758.229370117, -888.518127441, -445.262145996, -414.618164062, -219.6378479, -63.6569633484, -153.410812378, -139.187133789, -227.715240479], [-719.960205078, 2208.73388672, -536.289001465, -216.986968994, -188.980651855, -157.016983032, -81.4337081909, -64.2520599365, -55.2521400452, -42.1438026428, -35.4413490295, -61.1454277039, 35.3873825073], [-1135.01953125, -536.289001465, 1631.66711426, 572.330993652, 511.666290283, 613.767578125, 332.89276123, 351.579772949, 267.043182373, 259.290802002, 265.90322876, 209.00302124, 100.086448669], [-723.957885742, -216.986968994, 572.330993652, 550.763061523, 324.658630371, 306.258789062, 186.081512451, 156.329421997, 169.947219849, 118.967437744, 121.920249939, 133.112991333, 57.3345947266], [-758.229370117, -188.980651855, 511.666290283, 324.658630371, 498.419372559, 394.885955811, 225.201293945, 207.029968262, 143.911376953, 94.3396606445, 119.172767639, 126.831489563, 85.4160766602], [-888.518127441, -157.016983032, 613.767578125, 306.258789062, 394.885955811, 544.543151855, 321.219268799, 282.705200195, 145.580886841, 106.241844177, 148.224197388, 121.847740173, 102.589477539], [-445.262145996, -81.4337081909, 332.89276123, 186.081512451, 225.201293945, 321.219268799, 298.584350586, 192.941009521, 100.791900635, 65.3953170776, 103.383087158, 93.8014297485, 64.6850738525], [-414.618164062, -64.2520599365, 351.579772949, 156.329421997, 207.029968262, 282.705200195, 192.941009521, 241.349395752, 108.866333008, 82.3491668701, 101.602104187, 77.2987289429, 71.9224319458], [-219.6378479, -55.2521400452, 267.043182373, 169.947219849, 143.911376953, 145.580886841, 100.791900635, 108.866333008, 172.99458313, 127.304611206, 102.542617798, 80.0422058105, 22.8916149139], [-63.6569633484, -42.1438026428, 259.290802002, 118.967437744, 94.3396606445, 106.241844177, 65.3953170776, 82.3491668701, 127.304611206, 188.011444092, 126.675575256, 56.7610855103, 0.810450851917], [-153.410812378, -35.4413490295, 265.90322876, 121.920249939, 119.172767639, 148.224197388, 103.383087158, 101.602104187, 102.542617798, 126.675575256, 146.332901001, 76.895980835, 27.9178905487], [-139.187133789, -61.1454277039, 209.00302124, 133.112991333, 126.831489563, 121.847740173, 93.8014297485, 77.2987289429, 80.0422058105, 56.7610855103, 76.895980835, 116.565284729, 51.3744354248], [-227.715240479, 35.3873825073, 100.086448669, 57.3345947266, 85.4160766602, 102.589477539, 64.6850738525, 71.9224319458, 22.8916149139, 0.810450851917, 27.9178905487, 51.3744354248, 87.7529525757]], "icov": [[0.000213317965972, 0.000113287489512, 8.04699666332e-05, 0.000155423389515, 9.98831237666e-05, 0.000275750353467, -6.89594962751e-05, -9.39960373216e-05, 0.000113035748655, -0.000204314477742, -4.0353872464e-05, -0.000325870350935, 0.000198832000024], [0.000113287489512, 0.000584625231568, 0.000239956716541, 0.000121385892271, 0.000176770030521, 0.000102006830275, -2.79025316559e-05, -2.5848628411e-06, -8.26463292469e-05, -0.000188045640243, -0.000262119225226, 0.000162814991199, -0.000552033190615], [8.04699666332e-05, 0.000239956716541, 0.00153665163089, -0.000629824877251, 0.000111197565275, -0.00108426937368, 0.000666565611027, -0.00056196161313, 0.000304710469209, -0.00074982951628, -0.000493470812216, -0.000642699829768, 0.00036021930282], [0.000155423389515, 0.000121385892271, -0.000629824877251, 0.00409858394414, -0.00111790315714, -0.000204332915018, -0.000356683100108, 0.00100166269112, -0.00184623687528, 1.01899513538e-05, 0.000633281364571, -0.00156204286031, 0.000358354503987], [9.98831237666e-05, 0.000176770030521, 0.000111197565275, -0.00111790315714, 0.00581404054537, -0.00344800273888, 0.000817688996904, -7.21680262359e-05, -0.000809636781923, 9.98703908408e-05, 0.000584617257118, -0.00178367248736, -0.000311830255669], [0.000275750353467, 0.000102006830275, -0.00108426937368, -0.000204332915018, -0.00344800273888, 0.0112557858229, -0.00561058148742, -0.00370233296417, 0.00107367918827, 0.000234688646742, -0.00150634325109, 0.00246711284854, -0.0018352761399], [-6.89594962751e-05, -2.79025316559e-05, 0.000666565611027, -0.000356683100108, 0.000817688996904, -0.00561058148742, 0.0110399741679, -0.00317359576002, -0.000419394898927, 0.00196116301231, -0.00173176499084, -0.00308682094328, 0.00198097573593], [-9.39960373216e-05, -2.5848628411e-06, -0.00056196161313, 0.00100166269112, -7.21680262359e-05, -0.00370233296417, -0.00317359576002, 0.0140639757738, -0.00367838190868, -0.000331951858243, -0.00118632079102, 0.00273516215384, -0.0053065912798], [0.000113035748655, -8.26463292469e-05, 0.000304710469209, -0.00184623687528, -0.000809636781923, 0.00107367918827, -0.000419394898927, -0.00367838190868, 0.0174057632685, -0.00861829053611, 0.00113077973947, -0.00534963188693, 0.00235341419466], [-0.000204314477742, -0.000188045640243, -0.00074982951628, 1.01899513538e-05, 9.98703908408e-05, 0.000234688646742, 0.00196116301231, -0.000331951858243, -0.00861829053611, 0.0194873660803, -0.0134935006499, 0.00311592617072, 0.00338594103232], [-4.0353872464e-05, -0.000262119225226, -0.000493470812216, 0.000633281364571, 0.000584617257118, -0.00150634325109, -0.00173176499084, -0.00118632079102, 0.00113077973947, -0.0134935006499, 0.0251127481461, -0.00763355148956, -9.98950126814e-05], [-0.000325870350935, 0.000162814991199, -0.000642699829768, -0.00156204286031, -0.00178367248736, 0.00246711284854, -0.00308682094328, 0.00273516215384, -0.00534963188693, 0.00311592617072, -0.00763355148956, 0.0227534398437, -0.00979764666408], [0.000198832000024, -0.000552033190615, 0.00036021930282, 0.000358354503987, -0.000311830255669, -0.0018352761399, 0.00198097573593, -0.0053065912798, 0.00235341419466, 0.00338594103232, -9.98950126814e-05, -0.00979764666408, 0.0219499338418]]}, "spectral_contrast_coeffs": {"dmean": [0.0577638708055, 0.0518943965435, 0.0425070412457, 0.0303710717708, 0.0258476119488, 0.0203265249729], "dmean2": [0.0932446792722, 0.0824063718319, 0.0671471208334, 0.0481651350856, 0.0416698604822, 0.0325596109033], "dvar": [0.00246040290222, 0.00189038820099, 0.00124362634961, 0.000695049122442, 0.000563584733754, 0.000344981992384], "dvar2": [0.00631223851815, 0.00450552208349, 0.0030305981636, 0.00161531812046, 0.00123496539891, 0.000772273342591], "max": [-0.242156177759, -0.407691717148, -0.42226088047, -0.537209510803, -0.591762661934, -0.59855556488], "mean": [-0.604670703411, -0.754621744156, -0.790346741676, -0.805314123631, -0.789104402065, -0.779517114162], "median": [-0.61246919632, -0.768988966942, -0.807839035988, -0.82190310955, -0.801733613014, -0.784497499466], "min": [-0.889055073261, -0.967278182507, -0.976934015751, -0.955746650696, -0.921165704727, -0.890916585922], "var": [0.0152988284826, 0.00817853398621, 0.0073439758271, 0.00389046990313, 0.00327148474753, 0.00167086569127]}, "spectral_contrast_valleys": {"dmean": [0.490731060505, 0.628413319588, 0.579875648022, 0.55146843195, 0.541417121887, 0.534563720226], "dmean2": [0.755367040634, 0.952297687531, 0.884277462959, 0.825801193714, 0.788544118404, 0.72948884964], "dvar": [0.19815158844, 0.4387409091, 0.426024526358, 0.358920753002, 0.379108726978, 0.426240414381], "dvar2": [0.419805169106, 0.962138712406, 0.953348100185, 0.777837514877, 0.837654590607, 0.911415934563], "max": [-5.32726192474, -4.34030103683, -4.98743391037, -5.36128950119, -5.4149723053, -6.93194532394], "mean": [-7.78356266022, -7.350355625