{"lowlevel": {"average_loudness": 0.825199961662, "barkbands_crest": {"dmean": 2.04180717468, "dmean2": 3.31527709961, "dvar": 4.6965546608, "dvar2": 12.2813253403, "max": 25.7410411835, "mean": 12.901055336, "median": 12.2122077942, "min": 2.70512390137, "var": 16.5401630402}, "barkbands_flatness_db": {"dmean": 0.0218086205423, "dmean2": 0.0319124571979, "dvar": 0.000529212760739, "dvar2": 0.00117755995598, "max": 0.596183001995, "mean": 0.246495500207, "median": 0.242996111512, "min": 0.0371817275882, "var": 0.00524541176856}, "barkbands_kurtosis": {"dmean": 5.90888404846, "dmean2": 9.17883682251, "dvar": 120.339561462, "dvar2": 299.979187012, "max": 239.895050049, "mean": 14.3071146011, "median": 10.3482351303, "min": -1.88673782349, "var": 251.434188843}, "barkbands_skewness": {"dmean": 0.612954139709, "dmean2": 0.930431425571, "dvar": 0.58059322834, "dvar2": 1.36295115948, "max": 14.1782388687, "mean": 2.40813040733, "median": 2.28808069229, "min": -2.034907341, "var": 2.36429071426}, "barkbands_spread": {"dmean": 1.79109311104, "dmean2": 2.63848781586, "dvar": 8.14949321747, "dvar2": 15.099240303, "max": 143.413574219, "mean": 7.449614048, "median": 5.64751625061, "min": 0.50162422657, "var": 75.7555465698}, "dissonance": {"dmean": 0.028123177588, "dmean2": 0.0470141284168, "dvar": 0.000746191653889, "dvar2": 0.00213591195643, "max": 0.499215364456, "mean": 0.404944688082, "median": 0.416164040565, "min": 0.0605939663947, "var": 0.00363512779586}, "dynamic_complexity": 3.30144882202, "erbbands_crest": {"dmean": 2.49825525284, "dmean2": 3.86645317078, "dvar": 7.22260713577, "dvar2": 18.4463977814, "max": 33.8179855347, "mean": 14.9016294479, "median": 13.9643945694, "min": 2.70141816139, "var": 34.7471923828}, "erbbands_flatness_db": {"dmean": 0.0202326513827, "dmean2": 0.0281295292079, "dvar": 0.000542974215932, "dvar2": 0.00110640109051, "max": 0.559361219406, "mean": 0.212963357568, "median": 0.206916436553, "min": 0.0478221662343, "var": 0.00547301955521}, "erbbands_kurtosis": {"dmean": 2.17372870445, "dmean2": 3.31524610519, "dvar": 24.1872386932, "dvar2": 54.8796806335, "max": 320.780609131, "mean": 5.23682498932, "median": 3.17709875107, "min": -1.82391726971, "var": 98.2938690186}, "erbbands_skewness": {"dmean": 0.395868897438, "dmean2": 0.587564647198, "dvar": 0.183956041932, "dvar2": 0.426786035299, "max": 14.2717618942, "mean": 1.50217545033, "median": 1.48883104324, "min": -3.89729166031, "var": 1.29205536842}, "erbbands_spread": {"dmean": 5.40460300446, "dmean2": 7.9900302887, "dvar": 48.3451385498, "dvar2": 108.86075592, "max": 107.625671387, "mean": 23.263589859, "median": 19.6654319763, "min": 0.614896476269, "var": 211.523513794}, "hfc": {"dmean": 3.68467450142, "dmean2": 5.50117397308, "dvar": 44.8884124756, "dvar2": 106.442306519, "max": 94.5403518677, "mean": 11.9412870407, "median": 9.28900814056, "min": 3.14753521025e-08, "var": 98.8622817993}, "melbands_crest": {"dmean": 2.71710991859, "dmean2": 4.35201215744, "dvar": 7.86882305145, "dvar2": 20.6843967438, "max": 32.6137390137, "mean": 16.3860034943, "median": 15.7982416153, "min": 3.32035899162, "var": 26.1299934387}, "melbands_flatness_db": {"dmean": 0.0235565118492, "dmean2": 0.0339754670858, "dvar": 0.000661520694848, "dvar2": 0.00135492533445, "max": 0.747608363628, "mean": 0.345031887293, "median": 0.33936727047, "min": 0.0200132504106, "var": 0.00716570857912}, "melbands_kurtosis": {"dmean": 8.896235466, "dmean2": 13.9475889206, "dvar": 284.711120605, "dvar2": 724.222412109, "max": 323.095275879, "mean": 20.7033405304, "median": 13.9994468689, "min": -1.84384715557, "var": 598.919189453}, "melbands_skewness": {"dmean": 0.678035914898, "dmean2": 1.03387081623, "dvar": 0.689224720001, "dvar2": 1.67938494682, "max": 13.3303442001, "mean": 2.64633870125, "median": 2.43325066566, "min": -2.11571335793, "var": 2.84481835365}, "melbands_spread": {"dmean": 1.73474490643, "dmean2": 2.60325074196, "dvar": 11.1951465607, "dvar2": 20.7693347931, "max": 170.614028931, "mean": 7.01286649704, "median": 5.70172452927, "min": 0.57555359602, "var": 31.1417045593}, "pitch_salience": {"dmean": 0.0637544766068, "dmean2": 0.103413321078, "dvar": 0.00498007889837, "dvar2": 0.0128515856341, "max": 0.843022465706, "mean": 0.48199647665, "median": 0.480324476957, "min": 0.133629441261, "var": 0.0142905907705}, "silence_rate_20dB": {"dmean": 0.000299580598949, "dmean2": 0.00059925095411, "dvar": 0.000299501116388, "dvar2": 0.000898558355402, "max": 1, "mean": 0.999850213528, "median": 1, "min": 0, "var": 0.000149737592437}, "silence_rate_30dB": {"dmean": 0.0584182143211, "dmean2": 0.116853930056, "dvar": 0.0550085119903, "dvar2": 0.112190596759, "max": 1, "mean": 0.903699278831, "median": 1, "min": 0, "var": 0.0870297551155}, "silence_rate_60dB": {"dmean": 0.00419412832707, "dmean2": 0.00823970045894, "dvar": 0.00417629303411, "dvar2": 0.00997000280768, "max": 1, "mean": 0.0371424295008, "median": 0, "min": 0, "var": 0.0357628464699}, "spectral_centroid": {"dmean": 78.1625213623, "dmean2": 119.185813904, "dvar": 31650.5039062, "dvar2": 51083.8710938, "max": 10900.8730469, "mean": 513.89642334, "median": 447.875823975, "min": 149.699783325, "var": 69561.296875}, "spectral_complexity": {"dmean": 1.54613542557, "dmean2": 2.43820214272, "dvar": 4.08667993546, "dvar2": 8.31621074677, "max": 31, "mean": 9.74254894257, "median": 9, "min": 0, "var": 14.3797473907}, "spectral_decrease": {"dmean": 4.6101540363e-09, "dmean2": 7.15614678626e-09, "dvar": 9.85987246413e-17, "dvar2": 2.3360599585e-16, "max": -1.61744279727e-20, "mean": -1.17690950319e-08, "median": -7.96307197959e-09, "min": -1.15927313971e-07, "var": 1.63547953722e-16}, "spectral_energy": {"dmean": 0.0177039410919, "dmean2": 0.0274570398033, "dvar": 0.00143851386383, "dvar2": 0.00340763106942, "max": 0.442470818758, "mean": 0.0455023981631, "median": 0.0310743749142, "min": 2.9159504672e-12, "var": 0.00239940406755}, "spectral_energyband_high": {"dmean": 8.53660458233e-05, "dmean2": 0.000123074423755, "dvar": 3.85078742227e-08, "dvar2": 8.31553776948e-08, "max": 0.00379415834323, "mean": 0.000143249257235, "median": 3.8337730075e-05, "min": 2.06919464202e-12, "var": 6.85308449988e-08}, "spectral_energyband_low": {"dmean": 0.0129302348942, "dmean2": 0.0200913287699, "dvar": 0.00130413100123, "dvar2": 0.00315524754114, "max": 0.417966872454, "mean": 0.0248265713453, "median": 0.0074721602723, "min": 8.01885887878e-14, "var": 0.00180738989729}, "spectral_energyband_middle_high": {"dmean": 0.000592095777392, "dmean2": 0.00079992035171, "dvar": 1.95881375475e-06, "dvar2": 3.80814185519e-06, "max": 0.0362196974456, "mean": 0.00184424489271, "median": 0.000763103133067, "min": 3.90110605495e-13, "var": 9.71024564933e-06}, "spectral_energyband_middle_low": {"dmean": 0.00637822411954, "dmean2": 0.0105034420267, "dvar": 0.000169198421645, "dvar2": 0.000473196385428, "max": 0.156619474292, "mean": 0.0192144345492, "median": 0.0157761182636, "min": 4.82447401798e-14, "var": 0.000251847086474}, "spectral_entropy": {"dmean": 0.20565931499, "dmean2": 0.296013534069, "dvar": 0.0492608323693, "dvar2": 0.104510307312, "max": 9.79920196533, "mean": 6.45303010941, "median": 6.44565296173, "min": 3.19241261482, "var": 0.475124835968}, "spectral_flux": {"dmean": 0.0338397994637, "dmean2": 0.0539603717625, "dvar": 0.00312483427115, "dvar2": 0.00708025367931, "max": 0.596674740314, "mean": 0.0706513151526, "median": 0.0462878011167, "min": 1.63254517247e-05, "var": 0.00509037217125}, "spectral_kurtosis": {"dmean": 6.80813980103, "dmean2": 11.666806221, "dvar": 441.211639404, "dvar2": 1472.7298584, "max": 532.722045898, "mean": 18.1282634735, "median": 9.90956783295, "min": -1.21628260612, "var": 1248.9666748}, "spectral_rms": {"dmean": 0.00105551292654, "dmean2": 0.00158177921548, "dvar": 2.94712958748e-06, "dvar2": 6.40176813249e-06, "max": 0.0207768827677, "mean": 0.00594228645787, "median": 0.00550603866577, "min": 5.33369473033e-08, "var": 9.08160745894e-06}, "spectral_rolloff": {"dmean": 84.6770858765, "dmean2": 143.578735352, "dvar": 63063.5546875, "dvar2": 117854.046875, "max": 18497.0214844, "mean": 552.063903809, "median": 366.064453125, "min": 86.1328125, "var": 1640092.375}, "spectral_skewness": {"dmean": 0.454418033361, "dmean2": 0.733660340309, "dvar": 0.391188174486, "dvar2": 1.19251179695, "max": 19.3839626312, "mean": 2.99698710442, "median": 2.59167957306, "min": 0.0224258378148, "var": 3.45073723793}, "spectral_spread": {"dmean": 600878.3125, "dmean2": 844310.5625, "dvar": 654925299712, "dvar2": 1057433583620.0, "max": 40638272, "mean": 3874931.75, "median": 3483637.75, "min": 268783.25, "var": 3674239401980.0}, "spectral_strongpeak": {"dmean": 0.32730820775, "dmean2": 0.558407306671, "dvar": 0.282509714365, "dvar2": 0.720324039459, "max": 7.2636475563, "mean": 0.946769654751, "median": 0.764280676842, "min": 0, "var": 0.560727000237}, "zerocrossingrate": {"dmean": 0.00481391465291, "dmean2": 0.00585366925225, "dvar": 3.7168731069e-05, "dvar2": 4.56801244582e-05, "max": 0.4794921875, "mean": 0.0265016723424, "median": 0.021484375, "min": 0.0029296875, "var": 0.000771545863245}, "barkbands": {"dmean": [0.000132765548187, 0.00988257583231, 0.00371530256234, 0.000746953068301, 0.00347755150869, 0.00250888732262, 0.000543367757928, 0.00042827782454, 0.000238921813434, 0.000165022676811, 4.63410979137e-05, 0.000210668848013, 0.000102765261545, 7.1729584306e-05, 5.56314444111e-05, 2.00387894438e-05, 4.11437431467e-05, 2.29043162108e-05, 5.61525630474e-05, 1.42723874887e-05, 1.81432515092e-05, 9.33813862503e-06, 1.02778731161e-05, 1.63705681189e-05, 1.46379725265e-05, 1.39906951517e-05, 7.95704090706e-06], "dmean2": [0.000207937409868, 0.0155878327787, 0.00583604257554, 0.00131767906714, 0.0059754261747, 0.00392812816426, 0.000806246534921, 0.000642314378638, 0.000366299209418, 0.000221288893954, 7.79334732215e-05, 0.000271006603725, 0.000153076645802, 0.000102418613096, 8.71422162163e-05, 3.24060638377e-05, 6.6588880145e-05, 3.71603528038e-05, 9.06629211386e-05, 2.24048744712e-05, 2.84750676656e-05, 1.42340113598e-05, 1.56126334332e-05, 2.36660816881e-05, 2.23109673243e-05, 2.14792016777e-05, 1.19286760309e-05], "dvar": [1.49941186578e-07, 0.000751938438043, 0.000138298157253, 3.4194415548e-06, 5.80321429879e-05, 1.71323627001e-05, 1.87738487512e-06, 1.49837251229e-06, 5.2338327805e-07, 1.53788704438e-07, 3.30920464364e-08, 8.67198878041e-07, 2.77599610854e-07, 2.34416631884e-07, 2.63299337888e-08, 3.32491367772e-09, 1.43034490918e-08, 9.13108522127e-09, 4.09680360747e-08, 1.76668468743e-09, 4.31156355063e-09, 4.78503903167e-10, 7.71890662499e-10, 9.71232316793e-10, 9.17008136092e-10, 1.40521982939e-09, 5.61438284752e-10], "dvar2": [3.44912535866e-07, 0.00184016441926, 0.000330492330249, 9.64847731666e-06, 0.000166349796928, 4.75555025332e-05, 4.63697233499e-06, 3.50983532371e-06, 1.11089366328e-06, 2.89571318035e-07, 8.23548589324e-08, 1.49203378896e-06, 5.4455767895e-07, 4.86871101657e-07, 6.57643042246e-08, 8.33658475585e-09, 3.33139027475e-08, 2.28790515422e-08, 1.03658265971e-07, 4.48914772022e-09, 1.11817444193e-08, 1.06608932793e-09, 1.7106384087e-09, 2.08170480853e-09, 1.98636618265e-09, 3.23117110845e-09, 1.29703181528e-09], "max": [0.00631069904193, 0.355060189962, 0.138561815023, 0.0265764482319, 0.0974269509315, 0.0703728497028, 0.0491659604013, 0.0338377691805, 0.0271485447884, 0.0131666557863, 0.00849604979157, 0.0356951281428, 0.0152540886775, 0.0212651304901, 0.00474647572264, 0.0018043568125, 0.00317871430889, 0.00376476137899, 0.00577861070633, 0.00144391693175, 0.00323936250061, 0.000265207607299, 0.000302099302644, 0.000311494834023, 0.000344871717971, 0.000540919660125, 0.000295820238534], "mean": [0.000174711938598, 0.0188845172524, 0.00529824523255, 0.000993771012872, 0.00734995026141, 0.00739302346483, 0.00147331238259, 0.00126314966474, 0.000616392237134, 0.000544788839761, 6.55564435874e-05, 0.000674068869557, 0.000152942157001, 0.000113570735266, 0.000105334154796, 3.14293138217e-05, 7.40394243621e-05, 3.68146502296e-05, 0.000104003454908, 2.20513447857e-05, 2.89793570118e-05, 1.43839633893e-05, 1.3201179172e-05, 2.6865336622e-05, 2.28585267905e-05, 1.655439155e-05, 8.03633793112e-06], "median": [2.37803651544e-05, 0.00451907096431, 0.00106780056376, 0.000468116777483, 0.00505692325532, 0.00519935879856, 0.000603046210017, 0.000426516635343, 0.000175494205905, 0.000183933851076, 1.56152982527e-05, 4.6102610213e-05, 2.81653938146e-05, 1.39334997584e-05, 2.97379629046e-05, 1.35099335239e-05, 2.30926107179e-05, 1.12037014333e-05, 2.91861451842e-05, 6.73775775795e-06, 7.95138203102e-06, 2.5954980174e-06, 1.12988482215e-06, 5.85364568906e-06, 5.36154175279e-06, 1.22537880998e-06, 2.62768907078e-07], "min": [9.94353389775e-14, 3.24882231306e-14, 4.55600726416e-15, 5.81586712925e-15, 1.06272361923e-14, 1.34015020286e-14, 7.3586842796e-15, 1.73828768474e-15, 6.26449347108e-15, 9.9803732241e-15, 2.73075798898e-14, 2.15123837526e-14, 2.15195496514e-14, 3.81885956234e-14, 1.79906460687e-14, 1.84753996363e-14, 1.91934989224e-14, 6.39353343488e-14, 7.94843317141e-14, 1.73982003934e-13, 1.06667970355e-13, 1.26247509625e-13, 1.29456097534e-13, 3.17322096334e-13, 2.10391179847e-13, 4.77587533323e-13, 6.51929844744e-13], "var": [1.7488102344e-07, 0.00112672674004, 0.000171684645466, 2.86692193185e-06, 6.76232302794e-05, 5.18703745911e-05, 6.21716708338e-06, 8.00642646936e-06, 2.59196394836e-06, 1.20285062621e-06, 6.24935410087e-08, 6.63893888486e-06, 5.3781417364e-07, 4.51850695526e-07, 6.59272743064e-08, 4.01386524018e-09, 3.13490389203e-08, 1.2596170329e-08, 6.4917095699e-08, 2.1863497679e-09, 4.9364952126e-09, 9.6650765169e-10, 1.15742282425e-09, 2.15862194786e-09, 1.7013115361e-09, 1.83831083689e-09, 6.18471496239e-10]}, "erbbands": {"dmean": [0.197964057326, 2.5311396122, 5.41370677948, 2.10054826736, 7.91308355331, 10.4360303879, 26.9574108124, 14.7023763657, 11.480922699, 4.85457611084, 10.9766979218, 5.56132507324, 4.37315416336, 5.33970212936, 3.47189211845, 8.83869934082, 4.91664981842, 4.49650382996, 3.51499509811, 1.19105601311, 1.45273780823, 1.629758358, 1.41087424755, 2.40549659729, 1.96821880341, 0.75036662817, 0.924386620522, 0.485721677542, 0.311871409416, 0.316578269005, 0.2751942873, 0.233809441328, 0.358612328768, 0.203613385558, 0.0850997418165, 0.0591534003615, 0.0260164197534, 0.00577949825674, 0.00124260957818, 0.000126696526422], "dmean2": [0.317161589861, 4.00805425644, 8.50533390045, 3.4179084301, 14.0313873291, 17.988494873, 40.5599327087, 24.3139038086, 18.1206493378, 7.59393787384, 16.0071659088, 8.3052110672, 6.59913921356, 6.95589637756, 5.08733558655, 11.1299600601, 7.1856970787, 6.33065652847, 5.42901468277, 1.86243093014, 2.40683150291, 2.59166669846, 2.23548936844, 3.8637676239, 3.14544200897, 1.18100869656, 1.45134484768, 0.75042039156, 0.464170098305, 0.47718295455, 0.416114926338, 0.351629674435, 0.517285346985, 0.291950821877, 0.123560354114, 0.0904057770967, 0.0403378270566, 0.00883129797876, 0.00190656422637, 0.000186264776858], "dvar": [0.291850119829, 51.4632072449, 297.058685303, 21.7789802551, 484.060852051, 600.776733398, 1878.24609375, 913.085083008, 602.326660156, 249.917709351, 905.858886719, 294.758361816, 139.503662109, 165.574813843, 223.089935303, 1306.92321777, 648.050109863, 912.591247559, 106.715454102, 7.86435842514, 15.1241397858, 22.7216148376, 37.0588111877, 90.3448562622, 36.2554855347, 5.31893062592, 16.4728298187, 1.30088019371, 0.538798689842, 0.724119067192, 0.533789932728, 0.270999103785, 0.501138448715, 0.16359578073, 0.0423656180501, 0.0244156625122, 0.00544641399756, 0.000292657729005, 1.32104387376e-05, 1.2975840491e-07], "dvar2": [0.731625676155, 126.436920166, 721.293884277, 53.9581031799, 1378.01733398, 1701.98950195, 5190.34082031, 2646.53417969, 1627.83520508, 595.133422852, 2032.27075195, 580.520324707, 312.363006592, 278.819488525, 421.087158203, 2112.55419922, 1304.84350586, 1822.59155273, 260.712982178, 17.7402553558, 40.65184021, 51.2977714539, 89.1461486816, 231.42401123, 89.9178314209, 13.8715353012, 43.7239952087, 3.0343375206, 1.20691764355, 1.50699901581, 1.21556293964, 0.581107735634, 1.12561500072, 0.357367485762, 0.0904581919312, 0.0535692125559, 0.0130015062168, 0.000687988824211, 3.06671317958e-05, 2.94053108973e-07], "max": [7.63094902039, 86.3937759399, 198.927429199, 69.6251678467, 276.684204102, 339.222351074, 945.426940918, 367.844238281, 672.933410645, 540.350952148, 929.040222168, 744.949584961, 368.295318604, 487.946594238, 716.860961914, 990.11315918, 763.738647461, 1360.01733398, 288.180267334, 69.6830215454, 121.168983459, 121.764877319, 246.397583008, 304.335784912, 182.18951416, 89.2995300293, 210.572616577, 19.4450283051, 10.8293046951, 12.9188718796, 7.92956829071, 5.43940448761, 8.8158788681, 4.22800922394, 2.77681112289, 2.58112049103, 0.971779584885, 0.234283879399, 0.0539180226624, 0.00399343203753], "mean": [0.365372300148, 4.793364048, 8.13131713867, 3.83038854599, 10.8118972778, 21.1513214111, 78.1548538208, 36.7648582458, 31.1097240448, 11.2492208481, 34.2278175354, 16.0189380646, 12.9430732727, 16.9575634003, 10.9174537659, 25.297794342, 8.29217720032, 7.10968208313, 6.88478279114, 2.18451189995, 2.36033201218, 3.1182103157, 2.60045075417, 4.33231258392, 3.68319439888, 1.25469315052, 1.44610750675, 0.755589544773, 0.487996220589, 0.452725619078, 0.354752391577, 0.35351485014, 0.541712224483, 0.335885167122, 0.121409729123, 0.0766761824489, 0.0292129162699, 0.00613187858835, 0.00128282106016, 0.000158372698934], "median": [0.110293254256, 1.07514417171, 2.33359980583, 1.82976686954, 5.0305685997, 13.2700138092, 50.7239685059, 21.4006271362, 13.6677427292, 4.17843008041, 12.8233671188, 5.93247938156, 4.94424009323, 5.39375257492, 1.75452339649, 2.38491439819, 1.77503836155, 1.19692122936, 1.69829702377, 0.976419746876, 1.04085588455, 1.09172654152, 0.72724801302, 1.27530312538, 1.0928030014, 0.41976377368, 0.393742740154, 0.181214183569, 0.0935171917081, 0.0560143329203, 0.0329513400793, 0.0562836751342, 0.117969706655, 0.0775994509459, 0.0192308798432, 0.00627792906016, 0.00205782731064, 0.000393248628825, 6.50848669466e-05, 4.25129983341e-05], "min": [1.97202042022e-12, 4.2992289416e-12, 5.20326143283e-12, 1.21495773511e-11, 3.64464708413e-11, 2.99983926588e-11, 8.89894963274e-11, 9.75544089954e-11, 1.13996381779e-10, 5.22996784769e-11, 5.07288343277e-11, 1.04540029411e-10, 2.86322604515e-10, 5.82144887851e-10, 1.20262122483e-09, 8.06507693962e-10, 8.05800426384e-10, 1.92820048817e-09, 1.57907975584e-09, 8.54712745024e-10, 8.12333200706e-10, 1.19301513113e-09, 2.36059172209e-09, 3.61611007804e-09, 5.96797500307e-09, 1.01538040198e-08, 2.70042077588e-09, 6.7912395707e-09, 4.64767868635e-09, 2.09155448516e-09, 4.52724169264e-09, 5.02942087977e-09, 6.40255315432e-09, 2.64780797288e-09, 1.72062142312e-09, 2.18674078845e-09, 7.58081986074e-10, 3.15230702652e-10, 9.2385391004e-11, 8.72367456051e-12], "var": [0.409835875034, 75.2506942749, 339.362640381, 30.6394367218, 379.7940979, 737.034667969, 7528.46972656, 1970.24365234, 2092.38818359, 847.604248047, 5409.65625, 1593.03100586, 658.629760742, 1362.36950684, 1973.31445312, 7133.27099609, 1253.33117676, 1790.38012695, 294.881286621, 13.8346700668, 18.3676776886, 48.3007202148, 62.3909683228, 130.215133667, 71.1034851074, 6.52280092239, 16.598651886, 2.36629056931, 1.07117605209, 1.25936579704, 0.77967852354, 0.516529679298, 0.991539478302, 0.344155162573, 0.0688774436712, 0.0405398607254, 0.00616660015658, 0.000318995502312, 1.453378718e-05, 1.46798882383e-07]}, "gfcc": {"mean": [-66.4962997437, 138.739456177, -72.2624130249, 15.4153347015, -50.4566345215, -5.41986703873, -36.2583084106, 7.12821435928, -25.9963569641, 2.00450229645, -2.6455616951, -1.75501799583, 1.96530115604], "cov": [[15836.4414062, -1191.48608398, -616.249084473, 1556.80151367, 430.26751709, 840.000732422, -406.157287598, 450.403137207, -251.789764404, 19.4196300507, -245.761856079, 127.589698792, 65.246673584], [-1191.48608398, 1944.21569824, -338.032989502, -171.939971924, 179.988616943, -291.621643066, 261.494018555, -147.085983276, 142.321838379, -70.6721801758, 210.442123413, -77.3926315308, 196.574386597], [-616.249084473, -338.032989502, 1131.11621094, -38.161819458, 53.4056091309, 290.642578125, 14.5197210312, 102.186225891, 61.4801712036, 89.5146026611, -9.70634460449, 118.271965027, -60.116268158], [1556.80151367, -171.939971924, -38.161819458, 477.97958374, 144.122756958, 69.2891311646, 0.300798654556, 86.4398345947, -0.658127427101, 17.7427539825, -20.4342823029, -12.9236011505, 16.0314064026], [430.26751709, 179.988616943, 53.4056091309, 144.122756958, 281.066436768, 96.1517486572, 64.6214447021, 31.5430183411, 50.8850402832, 18.4740505219, 48.3837013245, 15.1485815048, 20.7083702087], [840.000732422, -291.621643066, 290.642578125, 69.2891311646, 96.1517486572, 400.714508057, 32.4917907715, 73.2271499634, -8.88659381866, 40.7447776794, -14.947388649, 101.530464172, -6.80742692947], [-406.157287598, 261.494018555, 14.5197210312, 0.300798654556, 64.6214447021, 32.4917907715, 257.480987549, 11.0398302078, 54.7240142822, 1.539057374, 34.2320632935, 13.5159864426, 13.4805803299], [450.403137207, -147.085983276, 102.186225891, 86.4398345947, 31.5430183411, 73.2271499634, 11.0398302078, 207.544906616, 21.5333442688, 2.97628831863, -38.0898399353, -8.22710800171, -0.0160282272846], [-251.789764404, 142.321838379, 61.4801712036, -0.658127427101, 50.8850402832, -8.88659381866, 54.7240142822, 21.5333442688, 173.325515747, 41.5539169312, -16.9744529724, -15.1442518234, 18.7159805298], [19.4196300507, -70.6721801758, 89.5146026611, 17.7427539825, 18.4740505219, 40.7447776794, 1.539057374, 2.97628831863, 41.5539169312, 107.602325439, 26.7002105713, -0.660630762577, -24.696849823], [-245.761856079, 210.442123413, -9.70634460449, -20.4342823029, 48.3837013245, -14.947388649, 34.2320632935, -38.0898399353, -16.9744529724, 26.7002105713, 136.689498901, 43.7306175232, -6.41826820374], [127.589698792, -77.3926315308, 118.271965027, -12.9236011505, 15.1485815048, 101.530464172, 13.5159864426, -8.22710800171, -15.1442518234, -0.660630762577, 43.7306175232, 151.974777222, 0.740849554539], [65.246673584, 196.574386597, -60.116268158, 16.0314064026, 20.7083702087, -6.80742692947, 13.4805803299, -0.0160282272846, 18.7159805298, -24.696849823, -6.41826820374, 0.740849554539, 127.502716064]], "icov": [[0.000137013397762, -8.85679983185e-05, 0.000158474460477, -0.000384494924219, 1.80808024197e-06, -0.000305563036818, 0.000270488118986, -0.00015013574739, 0.00016951863654, -0.00015756789071, 0.000320323946653, -0.000220867194002, 0.00010627656593], [-8.85679983185e-05, 0.00152902503032, -7.1583854151e-05, 0.000755069253501, -0.00065574614564, 0.00070864969166, -0.00102152395993, 0.000570423842873, -0.00116947165225, 0.00148253969382, -0.0026334959548, 0.00134339695796, -0.00186983495951], [0.000158474460477, -7.1583854151e-05, 0.0014547011815, -0.000129797073896, -0.000106764411612, -0.000964907405432, 0.000398119620513, -0.000617305340711, -0.000178203699761, -0.00082741008373, 0.000600524886977, -0.000923057319596, 0.000556602026336], [-0.000384494924219, 0.000755069253501, -0.000129797073896, 0.00416505755857, -0.00199213461019, 0.00112746213563, -0.0009138364112, -0.000423185410909, 6.05764544162e-05, -0.000214430285268, -0.00057540286798, 0.000842537148856, -0.00115621415898], [1.80808024197e-06, -0.00065574614564, -0.000106764411612, -0.00199213461019, 0.00632190797478, -0.00199971301481, -5.4822949096e-06, -8.24970775284e-05, -0.00185230944771, 0.00108770874795, -0.0024497397244, 0.000803000060841, 0.000431829306763], [-0.000305563036818, 0.00070864969166, -0.000964907405432, 0.00112746213563, -0.00199971301481, 0.00560334790498, -0.00155748252291, -0.000389806373278, 0.00117599742953, -0.00163263361901, 0.00117063208017, -0.00218359474093, -0.00116155832075], [0.000270488118986, -0.00102152395993, 0.000398119620513, -0.0009138364112, -5.4822949096e-06, -0.00155748252291, 0.00568512128666, -0.00076027266914, -0.000911078415811, 0.000183068957995, 0.000321551749948, -0.00082913483493, 0.00124586932361], [-0.00015013574739, 0.000570423842873, -0.000617305340711, -0.000423185410909, -8.24970775284e-05, -0.000389806373278, -0.00076027266914, 0.00633790716529, -0.00117511034478, 0.0013773154933, -0.000232315098401, 0.00149871897884, -0.000547816453036], [0.00016951863654, -0.00116947165225, -0.000178203699761, 6.05764544162e-05, -0.00185230944771, 0.00117599742953, -0.000911078415811, -0.00117511034478, 0.00997342914343, -0.00610567489639, 0.00580713292584, -0.00188006472308, -0.000258962536464], [-0.00015756789071, 0.00148253969382, -0.00082741008373, -0.000214430285268, 0.00108770874795, -0.00163263361901, 0.000183068957995, 0.0013773154933, -0.00610567489639, 0.0159706640989, -0.00811762269586, 0.00434692623094, 0.000704620557372], [0.000320323946653, -0.0026334959548, 0.000600524886977, -0.00057540286798, -0.0024497397244, 0.00117063208017, 0.000321551749948, -0.000232315098401, 0.00580713292584, -0.00811762269586, 0.0175180006772, -0.00721824774519, 0.00317704025656], [-0.000220867194002, 0.00134339695796, -0.000923057319596, 0.000842537148856, 0.000803000060841, -0.00218359474093, -0.00082913483493, 0.00149871897884, -0.00188006472308, 0.00434692623094, -0.00721824774519, 0.011691428721, -0.00197175610811], [0.00010627656593, -0.00186983495951, 0.000556602026336, -0.00115621415898, 0.000431829306763, -0.00116155832075, 0.00124586932361, -0.000547816453036, -0.000258962536464, 0.000704620557372, 0.00317704025656, -0.00197175610811, 0.0111611038446]]}, "melbands": {"dmean": [0.00228340737522, 0.00304916850291, 0.000496991269756, 0.000724769255612, 0.000788712874055, 0.00035728426883, 0.000165186007507, 5.3893574659e-05, 8.50958458614e-05, 3.27725792886e-05, 2.17754823097e-05, 2.29833003687e-05, 9.1056808742e-06, 2.54633032455e-05, 1.38605873872e-05, 1.03503080027e-05, 7.99497502157e-06, 5.48468597117e-06, 2.58748309534e-06, 1.52011443788e-06, 2.14547867472e-06, 1.84002578862e-06, 2.10529537981e-06, 1.0687217582e-06, 2.18972650146e-06, 2.14889814742e-06, 7.22833249256e-07, 4.76652758152e-07, 6.47496278816e-07, 4.10310121879e-07, 2.74400605349e-07, 1.8836105653e-07, 1.87743154356e-07, 1.86126143831e-07, 1.69985810317e-07, 1.5266878961e-07, 1.42475741427e-07, 2.43032246772e-07, 3.16930595545e-07, 1.26295503833e-07], "dmean2": [0.00361842382699, 0.00479723187163, 0.000819250883069, 0.00127252866514, 0.00120684166905, 0.000581392494496, 0.000260329863522, 8.51198201417e-05, 0.00012290244922, 4.99628768011e-05, 3.28455535055e-05, 2.97870938084e-05, 1.43191036841e-05, 3.27996385749e-05, 1.83737283805e-05, 1.53566998051e-05, 1.1236697901e-05, 8.47093451739e-06, 4.09868607676e-06, 2.39256200985e-06, 3.62721380043e-06, 2.99531234305e-06, 3.31879618898e-06, 1.75483228304e-06, 3.5299897263e-06, 3.48469188793e-06, 1.17008698908e-06, 7.61668104587e-07, 1.01908619854e-06, 6.4168091285e-07, 4.41003948026e-07, 2.84523082428e-07, 2.92961061632e-07, 2.83603696971e-07, 2.61339607732e-07, 2.33219694223e-07, 2.17229271016e-07, 3.60553570999e-07, 4.55747453998e-07, 1.82183967468e-07], "dvar": [3.91348512494e-05, 8.45565082273e-05, 1.32693139676e-06, 3.78006416213e-06, 1.61754121564e-06, 4.69853574714e-07, 1.25864445977e-07, 2.94085484853e-08, 5.03342505453e-08, 1.05685113994e-08, 3.49287687662e-09, 3.21122706204e-09, 1.13892451026e-09, 1.40522304903e-08, 3.15581583088e-09, 2.79194312114e-09, 2.96311419845e-09, 2.50833936954e-10, 4.66545795053e-11, 1.57864381289e-11, 3.51128258413e-11, 2.32038728509e-11, 8.90170298584e-11, 1.30941186713e-11, 8.02543587142e-11, 5.05576691623e-11, 5.04074256294e-12, 1.71377658158e-12, 9.59774534154e-12, 1.18205803219e-12, 4.4564644943e-13, 1.96569079373e-13, 2.2372033425e-13, 2.67635577329e-13, 2.11928673395e-13, 1.40633313914e-13, 1.10497318218e-13, 2.41843518952e-13, 4.17902122412e-13, 8.31058990071e-14], "dvar2": [9.55215800786e-05, 0.000207298246096, 3.41665031556e-06, 1.07713158286e-05, 4.56979933006e-06, 1.35910670451e-06, 3.39967755281e-07, 7.29859053195e-08, 1.10087640337e-07, 2.2225938423e-08, 7.79622322256e-09, 5.34934674334e-09, 2.48002862691e-09, 2.43353710516e-08, 5.57585622118e-09, 5.55749402054e-09, 5.89817306107e-09, 6.14167272595e-10, 1.12611260594e-10, 3.72409429683e-11, 9.70653626919e-11, 5.43787723184e-11, 2.12217757256e-10, 3.36566018111e-11, 2.05085060045e-10, 1.27279881079e-10, 1.27921761725e-11, 4.2890391759e-12, 2.57031167183e-11, 2.93655572949e-12, 1.06975452802e-12, 4.58136837928e-13, 4.97724799743e-13, 5.75305807767e-13, 5.04598533096e-13, 3.12388380138e-13, 2.49611827518e-13, 5.67702135301e-13, 9.24852750807e-13, 1.76055987822e-13], "max": [0.0892224237323, 0.102143496275, 0.0158665459603, 0.0246473941952, 0.0259746052325, 0.00855570845306, 0.010497385636, 0.00503345532343, 0.0070985481143, 0.00398363452405, 0.0018208080437, 0.00216233474202, 0.00129127956461, 0.00500442320481, 0.00138513173442, 0.00206629186869, 0.00231035030447, 0.000449699960882, 0.000191636063391, 0.000107018495328, 0.000163111864822, 0.000134927322506, 0.00026923319092, 0.000143903656863, 0.000288894312689, 0.000182535950444, 6.93768670317e-05, 3.90619061363e-05, 0.000164663244504, 3.11503536068e-05, 1.08438280222e-05, 7.73906504037e-06, 9.03559066501e-06, 7.27147289581e-06, 6.02344925937e-06, 4.6920999921e-06, 3.83564065487e-06, 5.4424776863e-06, 8.89498642209e-06, 5.25062159795e-06], "mean": [0.0044732647948, 0.00522997695953, 0.00082187022781, 0.00113182968926, 0.00225819577463, 0.000955835857894, 0.000441956857685, 0.000125347869471, 0.000269486714387, 8.68102360982e-05, 6.33202362224e-05, 7.18690353096e-05, 2.13048224396e-05, 8.53355159052e-05, 2.834985753e-05, 1.53537348524e-05, 1.20711965792e-05, 1.06414545371e-05, 4.67034396934e-06, 2.30470664064e-06, 3.10098471346e-06, 3.1798724649e-06, 3.61764205081e-06, 1.69667998762e-06, 3.77846981792e-06, 3.89894285036e-06, 1.16597948363e-06, 7.31780403385e-07, 9.8056329989e-07, 6.18051046786e-07, 3.8953791659e-07, 2.71437812671e-07, 2.7303443062e-07, 2.47413851184e-07, 2.10622161489e-07, 1.98523068207e-07, 2.1385417881e-07, 3.57992149702e-07, 4.65878486011e-07, 2.1280722251e-07], "median": [0.00113338953815, 0.00150817725807, 0.000391691515688, 0.000532894569915, 0.00151378184091, 0.000594344106503, 0.000190269143786, 4.36855625594e-05, 9.98022514977e-05, 2.67885425274e-05, 2.28824119404e-05, 2.03094241442e-05, 3.88595981349e-06, 5.44894237464e-06, 4.21367622039e-06, 2.81669440483e-06, 1.60070555921e-06, 2.39147857428e-06, 1.58935176842e-06, 1.05377466753e-06, 1.20402319226e-06, 1.16610897294e-06, 6.39865561425e-07, 5.96437359945e-07, 9.91212118606e-07, 1.07093217139e-06, 3.25548342062e-07, 2.24639393309e-07, 2.50704601967e-07, 1.55739314778e-07, 7.0595334023e-08, 5.24799510515e-08, 4.2431299363e-08, 2.190314774e-08, 1.56669184292e-08, 1.95473361941e-08, 3.56835379023e-08, 7.68170664855e-08, 9.34865056479e-08, 4.73766164077e-08], "min": [1.82559740572e-14, 3.67888431849e-15, 3.06344288451e-15, 2.34728859783e-15, 2.61459546708e-15, 2.3082117916e-15, 1.61744964685e-15, 4.21057007586e-16, 3.86450311855e-16, 8.58776529672e-16, 1.41359126282e-15, 2.10816526759e-15, 4.0208649771e-15, 2.26611721873e-15, 1.94778995518e-15, 2.58428883999e-15, 3.69148986281e-15, 2.78538166144e-15, 1.13334585941e-15, 1.21929323378e-15, 8.15478852387e-16, 1.15181467168e-15, 1.21976566641e-15, 3.4054500129e-15, 2.7018385901e-15, 3.13912104318e-15, 5.41083418508e-15, 7.35443302124e-15, 1.14420164543e-15, 1.65036460602e-15, 5.00426260557e-15, 3.13325788112e-15, 1.39120333499e-15, 9.40849257701e-16, 2.20772382614e-15, 3.29186395346e-15, 2.97645471841e-15, 4.34530612447e-15, 3.54285908573e-15, 1.82755214601e-15], "var": [6.11459763604e-05, 0.000100732504507, 1.52805216658e-06, 3.62007972399e-06, 5.83935161558e-06, 1.09859297481e-06, 4.31471818274e-07, 9.55878576292e-08, 3.17143957318e-07, 5.18505842706e-08, 1.65224367521e-08, 2.65572897007e-08, 6.18072126812e-09, 1.17998020244e-07, 9.00321328601e-09, 5.2155844088e-09, 5.89301274445e-09, 7.40149275202e-10, 9.73072525334e-11, 2.06401475772e-11, 3.85554262128e-11, 4.28029278687e-11, 1.66108113375e-10, 1.82866586457e-11, 1.13578417504e-10, 8.77223640949e-11, 7.9686743315e-12, 2.31851885781e-12, 9.32390536307e-12, 1.93300757345e-12, 6.94006430015e-13, 3.43871876503e-13, 4.0919492187e-13, 4.2516725275e-13, 2.87889259957e-13, 2.26998338204e-13, 1.86029753342e-13, 4.46545632502e-13, 7.83347887424e-13, 1.54184553579e-13]}, "mfcc": {"mean": [-721.488464355, 173.719192505, 29.7857341766, 28.6252574921, 10.6034536362, -11.0329370499, 5.97853183746, -8.38812255859, -2.38700675964, -3.45227837563, -1.10326349735, -1.75423932076, -1.25806152821], "cov": [[7671.48193359, -131.509506226, -19.0190811157, 290.171783447, 263.108062744, 162.27116394, 276.581726074, 154.536270142, 104.673202515, 77.9760818481, 0.140525326133, -125.48059082, -121.805358887], [-131.509506226, 1664.43591309, -275.813415527, 88.0208129883, -73.1915054321, -94.699180603, 77.3363342285, 23.5945415497, 27.3438491821, 66.8031463623, -4.50279521942, 16.7705955505, 22.4461708069], [-19.0190811157, -275.813415527, 767.124389648, -54.4978981018, 159.263717651, 131.038619995, 6.99416971207, 81.4511184692, 69.2404251099, 34.3371620178, 33.9802818298, 54.7214889526, 51.2330780029], [290.171783447, 88.0208129883, -54.4978981018, 346.122406006, 50.4590492249, -14.6340065002, 33.2175254822, 8.65492248535, 3.48741531372, 46.9374313354, 32.1147956848, -0.202571481466, -0.315339714289], [263.108062744, -73.1915054321, 159.263717651, 50.4590492249, 283.235229492, 60.5556907654, 53.1263542175, 18.9971008301, 46.4037742615, 18.2332038879, 35.703540802, 3.47037100792, -13.4586334229], [162.27116394, -94.699180603, 131.038619995, -14.6340065002, 60.5556907654, 269.245513916, 39.2566223145, 93.1855926514, 5.15301036835, 31.6098613739, 5.69263792038, 47.9984321594, 59.2348976135], [276.581726074, 77.3363342285, 6.99416971207, 33.2175254822, 53.1263542175, 39.2566223145, 209.053756714, 50.4379043579, 33.4911613464, -12.7836294174, 12.5674791336, 7.49047851562, 15.8787689209], [154.536270142, 23.5945415497, 81.4511184692, 8.65492248535, 18.9971008301, 93.1855926514, 50.4379043579, 229.124450684, 18.5146808624, 39.4016571045, -21.9061450958, 30.4690990448, 50.9292678833], [104.673202515, 27.3438491821, 69.2404251099, 3.48741531372, 46.4037742615, 5.15301036835, 33.4911613464, 18.5146808624, 215.048019409, 49.5014572144, 12.8003892899, -29.6952514648, -36.0964660645], [77.9760818481, 66.8031463623, 34.3371620178, 46.9374313354, 18.2332038879, 31.6098613739, -12.7836294174, 39.4016571045, 49.5014572144, 157.684295654, 44.548828125, -1.5687391758, -14.5482463837], [0.140525326133, -4.50279521942, 33.9802818298, 32.1147956848, 35.703540802, 5.69263792038, 12.5674791336, -21.9061450958, 12.8003892899, 44.548828125, 100.008666992, 33.2764587402, -4.7381901741], [-125.48059082, 16.7705955505, 54.7214889526, -0.202571481466, 3.47037100792, 47.9984321594, 7.49047851562, 30.4690990448, -29.6952514648, -1.5687391758, 33.2764587402, 123.226081848, 66.8708877563], [-121.805358887, 22.4461708069, 51.2330780029, -0.315339714289, -13.4586334229, 59.2348976135, 15.8787689209, 50.9292678833, -36.0964660645, -14.5482463837, -4.7381901741, 66.8708877563, 122.918708801]], "icov": [[0.000150835621753, 1.87886071217e-05, 2.22906674026e-05, -0.000104027196357, -7.48165766709e-05, -8.91220479389e-05, -0.00016009194951, -7.40552641219e-05, 1.41743448694e-05, -2.47497591772e-05, 4.40710791736e-05, 0.000105909159174, 0.000167916165083], [1.87886071217e-05, 0.000713755725883, 0.00024839991238, -7.44791614125e-05, 4.56225316157e-05, 0.000319089129334, -0.000356662349077, -7.81317157816e-06, -0.000119351672765, -0.000513738312293, 0.000302570144413, -0.000270768417977, -0.00025179432123], [2.22906674026e-05, 0.00024839991238, 0.00182482437231, 0.00036108927452, -0.000910775270313, -0.00027359550586, 0.000280997250229, -0.000340985599905, -0.000547831412405, -0.000168101236341, -0.000273004727205, -0.000322896928992, -0.000661466736346], [-0.000104027196357, -7.44791614125e-05, 0.00036108927452, 0.00340043753386, -0.000708982464857, 0.000504286319483, -0.000312240124913, -4.60221308458e-05, 0.000266149319941, -0.00100077176467, -0.000646046712063, 0.00018707831623, -0.000659474520944], [-7.48165766709e-05, 4.56225316157e-05, -0.000910775270313, -0.000708982464857, 0.00480238581076, -0.00082434527576, -0.000774398737121, 6.35399919702e-05, -0.000408147665439, 0.000530670280568, -0.00121018476784, 0.000182167510502, 0.00108931341674], [-8.91220479389e-05, 0.000319089129334, -0.00027359550586, 0.000504286319483, -0.00082434527576, 0.00538928015158, -0.000580103660468, -0.00110532075632, 0.000160399125889, -0.00131931796204, 0.000567869807128, -0.000961094803642, -0.00175001181196], [-0.00016009194951, -0.000356662349077, 0.000280997250229, -0.000312240124913, -0.000774398737121, -0.000580103660468, 0.00625025155023, -0.00140042148996, -0.00104299839586, 0.00211428990588, -0.0018488492351, 0.000639340141788, -0.000718977476936], [-7.40552641219e-05, -7.81317157816e-06, -0.000340985599905, -4.60221308458e-05, 6.35399919702e-05, -0.00110532075632, -0.00140042148996, 0.0065075000748, -0.000236334919464, -0.00236825994216, 0.00316409091465, -0.00113791972399, -0.00151437777095], [1.41743448694e-05, -0.000119351672765, -0.000547831412405, 0.000266149319941, -0.000408147665439, 0.000160399125889, -0.00104299839586, -0.000236334919464, 0.00583582976833, -0.00163131242152, 2.79097530438e-05, 0.000984245445579, 0.00136183539871], [-2.47497591772e-05, -0.000513738312293, -0.000168101236341, -0.00100077176467, 0.000530670280568, -0.00131931796204, 0.00211428990588, -0.00236825994216, -0.00163131242152, 0.00999500136822, -0.00526071060449, 0.00159124832135, 0.0011742511997], [4.40710791736e-05, 0.000302570144413, -0.000273004727205, -0.000646046712063, -0.00121018476784, 0.000567869807128, -0.0018488492351, 0.00316409091465, 2.79097530438e-05, -0.00526071060449, 0.0161582045257, -0.00626268656924, 0.00203770911321], [0.000105909159174, -0.000270768417977, -0.000322896928992, 0.00018707831623, 0.000182167510502, -0.000961094803642, 0.000639340141788, -0.00113791972399, 0.000984245445579, 0.00159124832135, -0.00626268656924, 0.0144806653261, -0.00648044142872], [0.000167916165083, -0.00025179432123, -0.000661466736346, -0.000659474520944, 0.00108931341674, -0.00175001181196, -0.000718977476936, -0.00151437777095, 0.00136183539871, 0.0011742511997, 0.00203770911321, -0.00648044142872, 0.0144477570429]]}, "spectral_contrast_coeffs": {"dmean": [0.0459336899221, 0.0387634597719, 0.0328195616603, 0.0276114623994, 0.02033283934, 0.0154485506937], "dmean2": [0.076817125082, 0.0626346170902, 0.0517544262111, 0.044727101922, 0.0323100574315, 0.0253326203674], "dvar": [0.00173435977194, 0.00127467361744, 0.000879428058397, 0.000586067733821, 0.000362527032848, 0.000216814500163], "dvar2": [0.00457136053592, 0.003239126876, 0.00209587719291, 0.00146568380296, 0.00079268461559, 0.000535790575668], "max": [-0.276736110449, -0.388710349798, -0.42403203249, -0.559919714928, -0.574041187763, -0.596202790737], "mean": [-0.616972625256, -0.614217162132, -0.710064947605, -0.771841704845, -0.785023033619, -0.793327987194], "median": [-0.627923250198, -0.612515926361, -0.712877631187, -0.772551476955, -0.786864697933, -0.79504442215], "min": [-0.970937371254, -0.950287759304, -0.951346695423, -0.960066974163, -0.95143198967, -0.962912797928], "var": [0.00631246995181, 0.00534193823114, 0.00560429692268, 0.00300860498101, 0.00265928450972, 0.00172096723691]}, "spectral_contrast_valleys": {"dmean": [0.365210711956, 0.327894061804, 0.329103291035, 0.323501288891, 0.268538475037, 0.337318122387], "dmean2": [0.583174288273, 0.517561256886, 0.517497301102, 0.501945912838, 0.389970183372, 0.452284693718], "dvar": [0.220437794924, 0.171445801854, 0.168276429176, 0.18