{"lowlevel": {"average_loudness": 0.925088822842, "barkbands_crest": {"dmean": 2.35594582558, "dmean2": 3.84121823311, "dvar": 8.44222736359, "dvar2": 22.881477356, "max": 24.4823131561, "mean": 13.1559047699, "median": 12.6145515442, "min": 4.19189167023, "var": 20.288143158}, "barkbands_flatness_db": {"dmean": 0.031332090497, "dmean2": 0.0460833758116, "dvar": 0.00153783522546, "dvar2": 0.00372905260883, "max": 0.604826807976, "mean": 0.263731509447, "median": 0.237315714359, "min": 0.0355653315783, "var": 0.0129688493907}, "barkbands_kurtosis": {"dmean": 7.9400229454, "dmean2": 12.8760499954, "dvar": 282.317657471, "dvar2": 773.159484863, "max": 250.674697876, "mean": 16.4575653076, "median": 9.37339782715, "min": -1.73322784901, "var": 464.906860352}, "barkbands_skewness": {"dmean": 0.767254710197, "dmean2": 1.2256462574, "dvar": 1.29244959354, "dvar2": 3.32359361649, "max": 13.2750453949, "mean": 2.43554925919, "median": 2.01554298401, "min": -0.621695995331, "var": 2.81255841255}, "barkbands_spread": {"dmean": 2.43470621109, "dmean2": 3.97386264801, "dvar": 22.8158798218, "dvar2": 60.4444770813, "max": 82.1086349487, "mean": 6.4480047226, "median": 5.14243745804, "min": 0.247970432043, "var": 34.8131828308}, "dissonance": {"dmean": 0.0305638182908, "dmean2": 0.0510825030506, "dvar": 0.000912710849661, "dvar2": 0.00224893726408, "max": 0.499361604452, "mean": 0.381473988295, "median": 0.403358876705, "min": 0.0622354112566, "var": 0.00791893806309}, "dynamic_complexity": 3.45584630966, "erbbands_crest": {"dmean": 2.48089337349, "dmean2": 3.82319355011, "dvar": 8.25398254395, "dvar2": 19.6688213348, "max": 28.781463623, "mean": 14.095044136, "median": 13.5165653229, "min": 2.58193874359, "var": 27.1688995361}, "erbbands_flatness_db": {"dmean": 0.028412155807, "dmean2": 0.037716217339, "dvar": 0.00141794921365, "dvar2": 0.00267499382608, "max": 0.524408996105, "mean": 0.25171995163, "median": 0.231548339128, "min": 0.077916353941, "var": 0.0102526294068}, "erbbands_kurtosis": {"dmean": 2.93040323257, "dmean2": 4.36192703247, "dvar": 24.9676208496, "dvar2": 50.4836158752, "max": 93.1777038574, "mean": 6.56426429749, "median": 3.09782385826, "min": -1.93175208569, "var": 107.608154297}, "erbbands_skewness": {"dmean": 0.474059641361, "dmean2": 0.702389538288, "dvar": 0.35850918293, "dvar2": 0.755469083786, "max": 8.32918071747, "mean": 1.78192090988, "median": 1.48925971985, "min": -1.21373999119, "var": 1.8106521368}, "erbbands_spread": {"dmean": 6.20371103287, "dmean2": 9.90160560608, "dvar": 113.277709961, "dvar2": 277.207427979, "max": 105.974464417, "mean": 19.8818569183, "median": 16.145488739, "min": 1.06293392181, "var": 242.021240234}, "hfc": {"dmean": 4.72294712067, "dmean2": 7.59081983566, "dvar": 187.515426636, "dvar2": 521.200744629, "max": 144.600967407, "mean": 8.6779718399, "median": 5.40096092224, "min": 1.12393736345e-05, "var": 161.800292969}, "melbands_crest": {"dmean": 2.76128077507, "dmean2": 4.28554725647, "dvar": 10.2205667496, "dvar2": 24.5143871307, "max": 33.8617553711, "mean": 16.47514534, "median": 14.8877601624, "min": 5.29769086838, "var": 40.8092079163}, "melbands_flatness_db": {"dmean": 0.0348108410835, "dmean2": 0.0519930794835, "dvar": 0.00198657135479, "dvar2": 0.00498406169936, "max": 0.714694738388, "mean": 0.360694169998, "median": 0.334988027811, "min": 0.0410263501108, "var": 0.0151795614511}, "melbands_kurtosis": {"dmean": 10.8419733047, "dmean2": 17.6415786743, "dvar": 583.087280273, "dvar2": 1559.40283203, "max": 386.823822021, "mean": 21.4852638245, "median": 11.6261425018, "min": -0.431216478348, "var": 847.218200684}, "melbands_skewness": {"dmean": 0.815756738186, "dmean2": 1.29988408089, "dvar": 1.52435576916, "dvar2": 3.76895666122, "max": 13.8965892792, "mean": 2.5555472374, "median": 2.09709429741, "min": -0.664193868637, "var": 3.23293399811}, "melbands_spread": {"dmean": 2.23462176323, "dmean2": 3.60549688339, "dvar": 20.2848091125, "dvar2": 52.8194503784, "max": 75.5837097168, "mean": 6.71199893951, "median": 5.66394233704, "min": 0.285074830055, "var": 30.3420772552}, "pitch_salience": {"dmean": 0.0696561932564, "dmean2": 0.110938251019, "dvar": 0.00721176620573, "dvar2": 0.0175294857472, "max": 0.896428763866, "mean": 0.546924114227, "median": 0.566027343273, "min": 0.0725948661566, "var": 0.0204096287489}, "silence_rate_20dB": {"dmean": 0, "dmean2": 0, "dvar": 0, "dvar2": 0, "max": 1, "mean": 1, "median": 1, "min": 1, "var": 0}, "silence_rate_30dB": {"dmean": 0.0399113073945, "dmean2": 0.0798479095101, "dvar": 0.0383193492889, "dvar2": 0.0962874293327, "max": 1, "mean": 0.97150093317, "median": 1, "min": 0, "var": 0.0276863556355}, "silence_rate_60dB": {"dmean": 0.0240734871477, "dmean2": 0.0478453747928, "dvar": 0.0234941802919, "dvar2": 0.0518930740654, "max": 1, "mean": 0.100696645677, "median": 0, "min": 0, "var": 0.0905584618449}, "spectral_centroid": {"dmean": 100.479255676, "dmean2": 169.317108154, "dvar": 55580.0820312, "dvar2": 156916.890625, "max": 2770.53979492, "mean": 501.124481201, "median": 445.44744873, "min": 178.241989136, "var": 59601.34375}, "spectral_complexity": {"dmean": 1.93094706535, "dmean2": 3.16223073006, "dvar": 19.3184394836, "dvar2": 47.2881774902, "max": 51, "mean": 8.69886016846, "median": 8, "min": 0, "var": 29.9977207184}, "spectral_decrease": {"dmean": 3.89015220037e-09, "dmean2": 6.40781028238e-09, "dvar": 8.05215062997e-17, "dvar2": 2.14365205702e-16, "max": -2.73952530938e-16, "mean": -6.55066800803e-09, "median": -3.91928534071e-09, "min": -9.47510585547e-08, "var": 7.30205067736e-17}, "spectral_energy": {"dmean": 0.0150751322508, "dmean2": 0.0247997362167, "dvar": 0.00118852721062, "dvar2": 0.00316175026819, "max": 0.362283945084, "mean": 0.0255108419806, "median": 0.0154224103317, "min": 2.32152719271e-09, "var": 0.00108750979416}, "spectral_energyband_high": {"dmean": 0.000240492343437, "dmean2": 0.000433057080954, "dvar": 1.37409506351e-06, "dvar2": 4.00690169045e-06, "max": 0.0132228527218, "mean": 0.000190819308045, "median": 1.66879071912e-05, "min": 3.04951425223e-10, "var": 8.28161262234e-07}, "spectral_energyband_low": {"dmean": 0.00993055012077, "dmean2": 0.0174836479127, "dvar": 0.00105256121606, "dvar2": 0.00280470820144, "max": 0.342899382114, "mean": 0.00905550923198, "median": 0.0016806042986, "min": 4.18380052825e-11, "var": 0.000754848006181}, "spectral_energyband_middle_high": {"dmean": 0.000828767020721, "dmean2": 0.00131453608628, "dvar": 6.49730236546e-06, "dvar2": 1.73233875103e-05, "max": 0.0269044712186, "mean": 0.00133009557612, "median": 0.000534692837391, "min": 9.67141033925e-10, "var": 6.33548143014e-06}, "spectral_energyband_middle_low": {"dmean": 0.00575914047658, "dmean2": 0.00830606464297, "dvar": 0.000161831165315, "dvar2": 0.000397067371523, "max": 0.171078577638, "mean": 0.0152806853876, "median": 0.0100451009348, "min": 2.55795551407e-10, "var": 0.000283543893602}, "spectral_entropy": {"dmean": 0.303827017546, "dmean2": 0.432425916195, "dvar": 0.184812173247, "dvar2": 0.39311131835, "max": 8.4577293396, "mean": 6.1570353508, "median": 6.29216957092, "min": 3.57941174507, "var": 1.02722799778}, "spectral_flux": {"dmean": 0.0375825800002, "dmean2": 0.0574951507151, "dvar": 0.00418518157676, "dvar2": 0.00831302348524, "max": 0.529388844967, "mean": 0.0653458014131, "median": 0.0346696786582, "min": 4.81822280562e-05, "var": 0.00642838329077}, "spectral_kurtosis": {"dmean": 12.7781667709, "dmean2": 20.9267883301, "dvar": 598.491271973, "dvar2": 1614.3079834, "max": 447.158752441, "mean": 33.1793670654, "median": 12.7611141205, "min": 0.413218736649, "var": 3258.33398438}, "spectral_rms": {"dmean": 0.00109828368295, "dmean2": 0.00168701540679, "dvar": 3.87827913073e-06, "dvar2": 9.61348359851e-06, "max": 0.0188002064824, "mean": 0.00433462485671, "median": 0.00387895014137, "min": 1.50495998241e-06, "var": 6.09965809417e-06}, "spectral_rolloff": {"dmean": 131.865432739, "dmean2": 235.903808594, "dvar": 212188.890625, "dvar2": 481288.84375, "max": 12962.9882812, "mean": 490.36126709, "median": 430.6640625, "min": 64.599609375, "var": 195091.234375}, "spectral_skewness": {"dmean": 0.749735593796, "dmean2": 1.20473909378, "dvar": 0.96413141489, "dvar2": 2.2751352787, "max": 17.841676712, "mean": 3.76775836945, "median": 2.89746499062, "min": 0.66976159811, "var": 7.85943174362}, "spectral_spread": {"dmean": 706303.625, "dmean2": 978873, "dvar": 853409005568, "dvar2": 1603599204350.0, "max": 16308997, "mean": 3126586.5, "median": 2823947, "min": 257709.359375, "var": 2956921143300.0}, "spectral_strongpeak": {"dmean": 0.302411973476, "dmean2": 0.480626910925, "dvar": 0.17484100163, "dvar2": 0.413239210844, "max": 4.25202083588, "mean": 0.833260118961, "median": 0.657897114754, "min": 0, "var": 0.414232313633}, "zerocrossingrate": {"dmean": 0.00436034984887, "dmean2": 0.00540064414963, "dvar": 3.47301320289e-05, "dvar2": 5.03896371811e-05, "max": 0.201171875, "mean": 0.024315726012, "median": 0.021484375, "min": 0.00439453125, "var": 0.000153041255544}, "barkbands": {"dmean": [0.000408039224567, 0.0082521699369, 0.00144809694029, 0.00116906373296, 0.00274140457623, 0.00131024129223, 0.0019040707266, 0.000220293499297, 0.000138012721436, 0.000193586733076, 0.000155205008923, 8.38623382151e-05, 0.000133723267936, 4.72520623589e-05, 0.000103893617052, 5.18402339367e-05, 6.97060822858e-05, 5.53004028916e-05, 5.43166061107e-05, 7.82567512942e-05, 5.68898722122e-05, 6.5321000875e-05, 4.34960602433e-05, 1.30415155581e-05, 9.69103530224e-06, 4.36426580563e-06, 2.93463699563e-06], "dmean2": [0.000667530752253, 0.0147774880752, 0.00259597529657, 0.00198470405303, 0.00377690256573, 0.00188149092719, 0.00305895833299, 0.000356485368684, 0.000194439169718, 0.000291751493933, 0.000239497850998, 0.000145847370732, 0.000214959698496, 8.60251529957e-05, 0.000162508818903, 8.89816292329e-05, 0.000128846790176, 0.000102103142126, 0.000100485034636, 0.000146153208334, 0.00010479959019, 0.000121747980302, 7.84987205407e-05, 2.19611956709e-05, 1.57844460773e-05, 6.66848563924e-06, 4.95050380778e-06], "dvar": [9.97352572085e-07, 0.000779990281444, 2.67352079391e-05, 1.76258690772e-05, 4.32330416515e-05, 5.69749408896e-06, 2.36933447013e-05, 3.18399827393e-07, 1.74617710513e-07, 4.26630265338e-07, 2.85771164954e-07, 2.16992560809e-07, 2.4643830443e-07, 3.94183530261e-08, 1.41661118391e-07, 3.58141107881e-08, 9.78607772595e-08, 7.91126524291e-08, 7.08453669063e-08, 1.41043656754e-07, 9.07492179181e-08, 1.29634130985e-07, 5.42325047093e-08, 2.46384357361e-09, 8.72286520792e-10, 8.69669752879e-11, 4.98911884028e-11], "dvar2": [2.42436863118e-06, 0.00211892416701, 7.41880430724e-05, 4.63733995275e-05, 9.90677726804e-05, 1.15845186883e-05, 6.20402788627e-05, 8.6911671815e-07, 3.73265038434e-07, 9.13038206818e-07, 6.78872652315e-07, 6.02589523169e-07, 6.21577839865e-07, 1.13729413442e-07, 2.95519527072e-07, 9.84359544987e-08, 2.8673974839e-07, 2.31808584772e-07, 2.08369570487e-07, 4.09518264632e-07, 2.63995531213e-07, 3.81139216188e-07, 1.58183667054e-07, 7.03830238535e-09, 2.41383446564e-09, 2.03290204115e-10, 1.28925356502e-10], "max": [0.00860828347504, 0.253361225128, 0.0791317597032, 0.0823057293892, 0.0873517394066, 0.0470986105502, 0.0689595788717, 0.00882934592664, 0.00911896955222, 0.00992378499359, 0.010003679432, 0.00954510178417, 0.00659948587418, 0.00248630577698, 0.00718164769933, 0.00251220352948, 0.00430525001138, 0.00371787347831, 0.00358898751438, 0.00403138436377, 0.00465202238411, 0.00460871821269, 0.00313583738171, 0.000755500746891, 0.000406640290748, 9.8134536529e-05, 5.43199057574e-05], "mean": [0.000418832321884, 0.00694049941376, 0.00135721289553, 0.00123744271696, 0.00620431266725, 0.00419232202694, 0.00294733978808, 0.000387237261748, 0.000298358732834, 0.000382920523407, 0.000236699706875, 8.73207318364e-05, 0.000214952102397, 4.22671728302e-05, 0.000144293386256, 5.98114966124e-05, 5.9432371927e-05, 4.49506296718e-05, 4.33331297245e-05, 5.42052875971e-05, 4.14222158724e-05, 4.9076625146e-05, 3.61610327673e-05, 1.40198480949e-05, 9.99006442726e-06, 4.26767519457e-06, 2.15511113311e-06], "median": [4.39063151134e-05, 0.000772971077822, 0.000376728770789, 0.000343083753251, 0.00223132967949, 0.00277333543636, 0.00121610856149, 0.000110371125629, 5.51556659047e-05, 6.28982670605e-05, 4.93316692882e-05, 1.56379464897e-05, 3.14815370075e-05, 9.5989635156e-06, 2.9170900234e-05, 1.35550899358e-05, 1.21490011225e-05, 6.45231284579e-06, 6.98332769389e-06, 4.29836381954e-06, 2.2242261366e-06, 2.52892687058e-06, 1.98356701731e-06, 1.73738271769e-06, 9.34896377203e-07, 2.99325904507e-07, 3.15817061391e-08], "min": [7.91003894329e-12, 1.33225080273e-11, 2.3357205059e-11, 4.85778257897e-12, 6.75473427192e-11, 9.82500608648e-11, 1.49201120209e-11, 4.05875333342e-11, 2.20634777809e-11, 1.37275555506e-11, 4.97744449823e-11, 4.48082161653e-11, 1.30897237494e-10, 1.11826006788e-10, 7.69640046139e-11, 1.80691121787e-11, 5.88071119578e-11, 8.27519858193e-11, 6.1137241103e-11, 4.30553856456e-11, 5.08083020101e-11, 4.36466210396e-11, 3.70637340263e-11, 3.87481192965e-11, 3.73496095163e-11, 3.47023590419e-11, 3.5498361195e-11], "var": [1.01946534414e-06, 0.000532180885784, 1.7733527784e-05, 1.39244048114e-05, 0.000106626364868, 2.23178103624e-05, 2.65538874373e-05, 4.69159317618e-07, 5.05853108734e-07, 7.78592550432e-07, 4.22775883635e-07, 1.56868722456e-07, 3.7860172597e-07, 2.48073330766e-08, 2.45078780381e-07, 2.86710299946e-08, 5.66478561836e-08, 4.54062067945e-08, 4.10688656416e-08, 8.07397597669e-08, 5.31798178827e-08, 7.52210098653e-08, 3.33032268429e-08, 1.86194493157e-09, 7.07610470219e-10, 9.23031998057e-11, 3.78222071717e-11]}, "erbbands": {"dmean": [0.243913888931, 1.8334774971, 2.31051492691, 2.36460065842, 6.68833017349, 6.59028339386, 18.1369838715, 10.0080413818, 22.6866359711, 21.2988300323, 3.64130449295, 3.51541662216, 2.6222589016, 7.5967168808, 6.51459169388, 3.27673316002, 6.50484275818, 2.70713734627, 5.59786701202, 3.15542626381, 3.02841162682, 3.82432579994, 3.43190789223, 2.21066737175, 2.98179030418, 3.70040845871, 2.89731860161, 2.27238965034, 2.23482227325, 1.81418812275, 1.22515189648, 0.41437369585, 0.194423228502, 0.122314609587, 0.0588402412832, 0.021360296756, 0.00783068593591, 0.0024118705187, 0.000521076028235, 4.35522888438e-05], "dmean2": [0.429643005133, 3.34941720963, 4.2207274437, 4.11973190308, 11.1943235397, 9.47278404236, 21.5484790802, 14.5772657394, 34.8157691956, 35.3268241882, 5.52382326126, 4.80943870544, 4.14286184311, 11.1994848251, 10.171087265, 5.54617214203, 10.32970047, 4.79073476791, 8.64219379425, 5.34034824371, 5.22540664673, 7.01159477234, 6.40265607834, 4.04747390747, 5.52429485321, 6.91124725342, 5.36124372482, 4.22469806671, 4.16817235947, 3.26899528503, 2.24391531944, 0.727306902409, 0.329510748386, 0.20791503787, 0.0937190726399, 0.0324118733406, 0.0121368281543, 0.00390019640326, 0.000873304146808, 7.2731738328e-05], "dvar": [0.642712771893, 41.0432510376, 67.2220687866, 48.3364562988, 810.868225098, 226.280639648, 1132.48864746, 459.870758057, 2867.37158203, 4362.88525391, 72.3945846558, 119.108604431, 69.4715042114, 567.46081543, 466.930603027, 222.946975708, 564.803833008, 133.366638184, 445.558868408, 109.691665649, 140.02772522, 313.600219727, 335.18548584, 98.8984603882, 204.756134033, 320.919677734, 211.811584473, 167.458068848, 165.948379517, 82.6062545776, 43.1898078918, 3.58099341393, 0.484411388636, 0.184223264456, 0.022115830332, 0.00216482602991, 0.000287073664367, 3.10123905365e-05, 1.57534350365e-06, 9.07247965642e-09], "dvar2": [1.70174956322, 114.584403992, 188.677810669, 130.436386108, 2131.97045898, 521.402404785, 1540.12438965, 882.61932373, 7215.33398438, 11786.8886719, 167.962554932, 243.970947266, 181.921813965, 1199.64587402, 1152.94006348, 617.843505859, 1374.05651855, 379.174224854, 908.118530273, 304.765045166, 380.147857666, 917.656738281, 986.91619873, 289.226043701, 600.539916992, 933.476074219, 614.703979492, 490.245605469, 490.367279053, 238.49382019, 126.419616699, 10.4613819122, 1.37501418591, 0.525792896748, 0.0570735409856, 0.00494173262268, 0.000685978215188, 7.75559601607e-05, 4.0748104766e-06, 2.33602044375e-08], "max": [6.77095985413, 65.3374862671, 118.285499573, 112.893981934, 476.737121582, 209.637039185, 628.784606934, 484.65411377, 770.332824707, 1190.44934082, 145.028610229, 222.979141235, 128.36416626, 365.342773438, 348.993743896, 318.457733154, 348.794372559, 161.524291992, 398.876586914, 143.709793091, 189.505859375, 264.834014893, 236.915496826, 116.999923706, 177.712539673, 204.829772949, 159.565994263, 205.382293701, 183.286361694, 97.9212417603, 87.1670913696, 29.7664718628, 12.6077451706, 5.82387399673, 1.72047114372, 0.548087060452, 0.146774142981, 0.0619785673916, 0.010074922815, 0.000724602490664], "mean": [0.208879932761, 1.48713481426, 2.01793313026, 2.66215348244, 7.56976747513, 15.7396879196, 49.4969673157, 34.060005188, 42.215713501, 30.0034980774, 7.76943302155, 8.08127880096, 4.48322629929, 15.5292758942, 9.61042499542, 4.12987947464, 11.0795812607, 2.79775190353, 7.78666448593, 3.83750963211, 3.43098473549, 3.35694003105, 2.78657460213, 1.82175815105, 2.34765100479, 2.63114261627, 2.03922438622, 1.64514398575, 1.66049051285, 1.48462128639, 0.980365753174, 0.402451395988, 0.205927655101, 0.124693915248, 0.0610664263368, 0.0223952848464, 0.00720783928409, 0.00197511911392, 0.000391164678149, 4.87956640427e-05], "median": [0.0119239874184, 0.188891127706, 0.614334821701, 0.789721310139, 2.62574839592, 7.15810012817, 19.7848243713, 21.4127216339, 19.2289543152, 9.51438903809, 2.95082426071, 1.28140079975, 1.95164883137, 3.79707241058, 2.55542755127, 1.14728713036, 1.66441035271, 0.691575229168, 1.25746512413, 1.19219696522, 0.6849411726, 0.670444250107, 0.484307944775, 0.27921885252, 0.384034395218, 0.246455684304, 0.122483022511, 0.0824712589383, 0.0874884575605, 0.0662203729153, 0.0575335174799, 0.0459071621299, 0.0241735093296, 0.0130221880972, 0.00542822573334, 0.00185132201295, 0.000416217721067, 6.68732172926e-05, 1.80636179721e-05, 2.11846199818e-05], "min": [1.58474344758e-10, 4.10151823615e-09, 2.504356722e-08, 2.01066701067e-08, 2.90139432479e-08, 2.16909711526e-07, 9.39657411436e-07, 6.53219274227e-07, 2.1220084534e-07, 2.67271985877e-07, 1.13592659545e-06, 5.15326746608e-07, 5.22814616488e-07, 1.31527986014e-06, 2.24510290536e-06, 1.36883170399e-06, 8.18001535663e-06, 4.8753295232e-06, 2.64634559244e-06, 3.68729388356e-06, 1.32956665766e-06, 4.48011860499e-06, 4.04567890655e-06, 3.41671761817e-06, 3.01374416267e-06, 1.95897996491e-06, 1.94571885004e-06, 1.96352630155e-06, 1.62392234415e-06, 1.23277789044e-06, 1.04435946469e-06, 8.25811071081e-07, 6.30523743439e-07, 4.25255763048e-07, 2.57966490835e-07, 1.40167799145e-07, 6.34560421986e-08, 2.17834834615e-08, 5.3045741133e-09, 5.30243793317e-10], "var": [0.472647875547, 26.0823307037, 42.2215499878, 37.5421028137, 621.264831543, 597.324829102, 6582.89990234, 1916.8223877, 4115.54101562, 4467.21826172, 161.70262146, 377.971252441, 70.8833770752, 1084.92370605, 591.626647949, 167.997314453, 990.863220215, 89.7861785889, 796.39440918, 93.5820236206, 115.537490845, 183.169906616, 186.730270386, 59.6469230652, 118.889862061, 183.230697632, 123.692802429, 96.1379928589, 94.1862945557, 52.6203308105, 25.6643600464, 2.33306670189, 0.375611245632, 0.134728685021, 0.0214532148093, 0.00250243931077, 0.000283318775473, 2.62299363385e-05, 1.20059576147e-06, 7.41485761679e-09]}, "gfcc": {"mean": [-113.581611633, 150.111297607, -84.1741790771, 12.021604538, -56.8319168091, -12.3236026764, -44.7304496765, -9.16485500336, -17.4432010651, 0.368758052588, -0.680080831051, 4.16196537018, 0.613179564476], "cov": [[14460.5371094, -3764.88061523, -1634.84143066, 1384.03186035, -392.898162842, 2075.06030273, 571.325866699, 1236.87866211, -183.6743927, 273.605560303, -371.785522461, 296.515808105, -480.721282959], [-3764.88061523, 2286.25683594, 14.5156402588, -544.167907715, 496.794036865, -623.071289062, 155.498687744, -390.581085205, 83.4698791504, -235.725158691, 238.42616272, -172.607620239, 231.006408691], [-1634.84143066, 14.5156402588, 1037.71081543, -73.7696304321, -18.8533267975, -111.028190613, -143.476959229, -120.882446289, -20.2342338562, 56.1737937927, -30.0668697357, -46.7440910339, -6.41654014587], [1384.03186035, -544.167907715, -73.7696304321, 560.377624512, -29.3342552185, 309.333374023, 58.1219863892, 158.246795654, 48.2826461792, 43.0064544678, -54.368183136, 43.7514457703, -42.7212600708], [-392.898162842, 496.794036865, -18.8533267975, -29.3342552185, 498.179138184, 5.31552410126, 157.154876709, 41.9984703064, 71.2400436401, -11.4240932465, 55.8437843323, 10.7020483017, 61.3168296814], [2075.06030273, -623.071289062, -111.028190613, 309.333374023, 5.31552410126, 595.26739502, 123.102279663, 245.317382812, 13.069480896, 68.6350250244, -88.5622787476, 42.8240127563, -70.1053924561], [571.325866699, 155.498687744, -143.476959229, 58.1219863892, 157.154876709, 123.102279663, 284.355407715, 113.643478394, 14.5131902695, -2.2484126091, 42.4551544189, -0.42496162653, -16.4350395203], [1236.87866211, -390.581085205, -120.882446289, 158.246795654, 41.9984703064, 245.317382812, 113.643478394, 341.927215576, 69.0320892334, 75.4117507935, -3.56691408157, 77.7479095459, -64.3083343506], [-183.6743927, 83.4698791504, -20.2342338562, 48.2826461792, 71.2400436401, 13.069480896, 14.5131902695, 69.0320892334, 142.778137207, 49.2484893799, 18.2838573456, 15.0259847641, 19.1067237854], [273.605560303, -235.725158691, 56.1737937927, 43.0064544678, -11.4240932465, 68.6350250244, -2.2484126091, 75.4117507935, 49.2484893799, 150.235595703, -7.55598306656, -3.0562338829, -33.8220405579], [-371.785522461, 238.42616272, -30.0668697357, -54.368183136, 55.8437843323, -88.5622787476, 42.4551544189, -3.56691408157, 18.2838573456, -7.55598306656, 122.096946716, 35.3499183655, 47.2576370239], [296.515808105, -172.607620239, -46.7440910339, 43.7514457703, 10.7020483017, 42.8240127563, -0.42496162653, 77.7479095459, 15.0259847641, -3.0562338829, 35.3499183655, 152.050598145, 52.7591056824], [-480.721282959, 231.006408691, -6.41654014587, -42.7212600708, 61.3168296814, -70.1053924561, -16.4350395203, -64.3083343506, 19.1067237854, -33.8220405579, 47.2576370239, 52.7591056824, 158.174865723]], "icov": [[0.000311465963023, 0.00035368319368, 0.000369147572201, -7.25816571503e-05, -3.83674414479e-05, -0.00046994278091, -0.000314107805025, -0.000246091076406, 0.000448207050795, 5.95592864556e-05, -1.57198010129e-05, 0.000143982484587, 1.45990497913e-05], [0.00035368319368, 0.00315538677387, 0.000317546713632, 0.00115165614989, -0.00147536222357, 0.000251042394666, -0.00171910307836, 0.000998192583211, -0.00230575911701, 0.00341522390954, -0.00288477400318, 0.00372316455469, -0.00167023437098], [0.000369147572201, 0.000317546713632, 0.00156303425319, -0.000135173817398, -0.000216648302739, -0.000502338516526, 0.000184028409421, -4.72910724056e-05, 0.00089929450769, -0.000721850432456, 0.000213336315937, 0.000126968909171, 0.000177205976797], [-7.25816571503e-05, 0.00115165614989, -0.000135173817398, 0.0032411289867, -0.000318346719723, -0.000756137655117, -0.000728842918761, 0.000624933221843, -0.00240767351352, 0.00171351491008, -0.000826926610898, 0.00102825684007, -0.00050467683468], [-3.83674414479e-05, -0.00147536222357, -0.000216648302739, -0.000318346719723, 0.00366177386604, -0.000373962771846, -0.000986256520264, -0.000671040557791, -1.50469240907e-05, -0.00129396072589, 0.0014161731815, -0.00168802100234, -0.000152157372213], [-0.00046994278091, 0.000251042394666, -0.000502338516526, -0.000756137655117, -0.000373962771846, 0.00460686674342, -0.000995761714876, -0.000948442553636, -0.000382197264116, -8.47099909151e-06, 0.00174571503885, 0.000434874847997, -0.000944005849306], [-0.000314107805025, -0.00171910307836, 0.000184028409421, -0.000728842918761, -0.000986256520264, -0.000995761714876, 0.00731265172362, -0.00201046117581, 0.0020474770572, -0.000952967209741, -0.00161994423252, 4.02458936151e-05, 0.00126953772269], [-0.000246091076406, 0.000998192583211, -4.72910724056e-05, 0.000624933221843, -0.000671040557791, -0.000948442553636, -0.00201046117581, 0.00797678716481, -0.00426907930523, 7.08992010914e-05, -0.00154487171676, -0.00249131512828, 0.00265847565606], [0.000448207050795, -0.00230575911701, 0.00089929450769, -0.00240767351352, -1.50469240907e-05, -0.000382197264116, 0.0020474770572, -0.00426907930523, 0.0139795662835, -0.00638352707028, 0.00225126976147, -0.00204481510445, -0.000614850141574], [5.95592864556e-05, 0.00341522390954, -0.000721850432456, 0.00171351491008, -0.00129396072589, -8.47099909151e-06, -0.000952967209741, 7.08992010914e-05, -0.00638352707028, 0.0133472131565, -0.00444046640769, 0.00529562216252, -0.000760161608923], [-1.57198010129e-05, -0.00288477400318, 0.000213336315937, -0.000826926610898, 0.0014161731815, 0.00174571503885, -0.00161994423252, -0.00154487171676, 0.00225126976147, -0.00444046640769, 0.0160748139024, -0.00664694327861, -0.000428058730904], [0.000143982484587, 0.00372316455469, 0.000126968909171, 0.00102825684007, -0.00168802100234, 0.000434874847997, 4.02458936151e-05, -0.00249131512828, -0.00204481510445, 0.00529562216252, -0.00664694327861, 0.0157362110913, -0.00676218094304], [1.45990497913e-05, -0.00167023437098, 0.000177205976797, -0.00050467683468, -0.000152157372213, -0.000944005849306, 0.00126953772269, 0.00265847565606, -0.000614850141574, -0.000760161608923, -0.000428058730904, -0.00676218094304, 0.011825138703]]}, "melbands": {"dmean": [0.00224600569345, 0.00167381111532, 0.000582753913477, 0.000413188943639, 0.000600917264819, 0.000219671128434, 0.000367364584235, 0.000191330036614, 2.41684556386e-05, 2.04008629225e-05, 1.35861018862e-05, 3.18095626426e-05, 2.44034454226e-05, 1.06595744001e-05, 1.31274773594e-05, 1.04141381598e-05, 4.4685202738e-06, 8.29333839647e-06, 6.28195402896e-06, 3.35332674695e-06, 3.6469900806e-06, 3.9251126509e-06, 4.15433578382e-06, 2.36505229623e-06, 1.63273898579e-06, 2.45144269684e-06, 1.91705726138e-06, 2.6364302812e-06, 2.0618454073e-06, 1.35995514938e-06, 1.26925419863e-06, 1.28076658257e-06, 1.30096748308e-06, 8.77968204804e-07, 7.65678578318e-07, 4.51786291933e-07, 1.90969998926e-07, 1.30203616777e-07, 1.2238309921e-07, 1.00879113063e-07], "dmean2": [0.00398888252676, 0.00307744881138, 0.000987239414826, 0.000675791117828, 0.000712077890057, 0.000321693631122, 0.000576335180085, 0.000319272687193, 3.5076529457e-05, 2.84402285615e-05, 2.16202715819e-05, 4.69480073662e-05, 3.75081981474e-05, 1.84128803085e-05, 2.15317086258e-05, 1.69180675584e-05, 8.12208236312e-06, 1.28998490254e-05, 1.02123476609e-05, 5.84457757213e-06, 6.3146321736e-06, 7.20291473044e-06, 7.74260661274e-06, 4.36277105109e-06, 2.98080885841e-06, 4.53880602436e-06, 3.56944042323e-06, 4.93020570502e-06, 3.84243548979e-06, 2.50422795034e-06, 2.36669052356e-06, 2.40736380874e-06, 2.42087571678e-06, 1.54892416049e-06, 1.40378540436e-06, 8.27984592888e-07, 3.25600865381e-07, 2.18635705096e-07, 2.11271455441e-07, 1.72681922095e-07], "dvar": [5.57315652259e-05, 3.47113164025e-05, 3.8710240915e-06, 2.19613207264e-06, 1.34438926125e-06, 2.06708122619e-07, 7.87777480582e-07, 3.56263115009e-07, 3.49959305979e-09, 3.89700627323e-09, 1.99318295202e-09, 1.08987050496e-08, 6.877097114e-09, 3.92012289296e-09, 2.33407737582e-09, 1.50794310372e-09, 3.93171800672e-10, 9.60835966346e-10, 4.81686190934e-10, 1.58766333413e-10, 2.1674656514e-10, 3.4611433164e-10, 3.73057890135e-10, 1.62841920504e-10, 5.39346137196e-11, 1.54603330138e-10, 5.96117044616e-11, 1.78861286892e-10, 1.14303358445e-10, 5.08760880646e-11, 5.13253259338e-11, 6.69484814808e-11, 5.34152409803e-11, 1.95187824237e-11, 1.66290869963e-11, 5.39029021071e-12, 6.68672636792e-13, 1.97355776469e-13, 2.06989576846e-13, 1.23152735839e-13], "dvar2": [0.000148856066517, 9.7089978226e-05, 1.01881623777e-05, 5.8662126321e-06, 1.81566429092e-06, 4.05826625638e-07, 2.01026341529e-06, 9.66384959611e-07, 7.65905294742e-09, 8.1926323503e-09, 5.16900522385e-09, 2.29961312215e-08, 1.63100377648e-08, 1.08553184219e-08, 6.0845839478e-09, 3.82930398501e-09, 1.12772635674e-09, 2.02639660607e-09, 1.14567066944e-09, 4.53060283734e-10, 5.85997750324e-10, 1.01262287444e-09, 1.09915110347e-09, 4.76140404881e-10, 1.58032864572e-10, 4.5435355478e-10, 1.72522537922e-10, 5.2122023364e-10, 3.32260829961e-10, 1.47121703709e-10, 1.50768827978e-10, 1.9857765432e-10, 1.56595555967e-10, 5.60661170268e-11, 4.85312484644e-11, 1.57954725688e-11, 1.95097670658e-12, 5.5191143539e-13, 5.94387440742e-13, 3.52136532824e-13], "max": [0.0657887682319, 0.0750373825431, 0.0348001495004, 0.022825025022, 0.0209069345146, 0.0100272735581, 0.0122560989112, 0.0108036184683, 0.00108207028825, 0.00122846441809, 0.000697317300364, 0.00162605533842, 0.00155083241407, 0.00126588775311, 0.000611797149759, 0.000541754066944, 0.000250431679888, 0.000557749182917, 0.000409821921494, 0.000176485467819, 0.000243771384703, 0.000283678615233, 0.000228694465477, 0.000168343962287, 9.71689878497e-05, 0.000169688326423, 8.1285230408e-05, 0.00015369321045, 0.000107113672129, 0.000111461908091, 0.000109033251647, 0.000136286034831, 9.3813847343e-05, 5.71508026042e-05, 5.73367069592e-05, 3.85255771107e-05, 1.451918979e-05, 9.58520558925e-06, 5.8834207266e-06, 4.6629265853e-06], "mean": [0.00193046068307, 0.00141155847814, 0.000625730433967, 0.000680141267367, 0.00163853226695, 0.000737126742024, 0.000655284849927, 0.0002654408745, 5.54312500753e-05, 4.43797507614e-05, 2.21487498493e-05, 6.54526156723e-05, 3.74405790353e-05, 1.12280613394e-05, 1.98031011678e-05, 1.65815363289e-05, 3.8624739318e-06, 1.12137677206e-05, 8.3677305156e-06, 3.62027526535e-06, 4.00220733354e-06, 3.28270789396e-06, 3.54564531335e-06, 1.82539292837e-06, 1.33862761231e-06, 1.92940160559e-06, 1.41852956403e-06, 1.84228304079e-06, 1.4158358681e-06, 9.64906803347e-07, 9.2875103519e-07, 9.34597665037e-07, 9.73439682639e-07, 7.61550495554e-07, 6.16564534539e-07, 3.67205075236e-07, 2.02011804618e-07, 1.43375899597e-07, 1.21833892308e-07, 9.94330875415e-08], "median": [0.000175119945197, 0.000336857279763, 0.000197403103812, 0.000327340560034, 0.000625574495643, 0.000474871951155, 0.000298144150293, 8.21882713353e-05, 1.59685296239e-05, 7.2247821663e-06, 8.14705344965e-06, 1.41182608786e-05, 8.1509751908e-06, 1.98600014301e-06, 3.47071227225e-06, 2.79712139672e-06, 7.69072528328e-07, 1.78147661245e-06, 2.14657416109e-06, 8.76607884948e-07, 5.11018811267e-07, 4.56710608887e-07, 6.0438901528e-07, 2.25203422133e-07, 1.68905074815e-07, 3.14989961225e-07, 1.60071323307e-07, 1.43444822243e-07, 6.57474288346e-08, 4.8020893928e-08, 4.27569446515e-08, 5.02572241601e-08, 3.66648222894e-08, 3.26195319644e-08, 2.93172277566e-08, 2.67825761568e-08, 2.3232505697e-08, 1.52907837503e-08, 1.31742208254e-08, 8.98740992739e-09], "min": [2.91561935185e-12, 1.07321538809e-11, 4.01019582125e-12, 5.63520584362e-12, 2.95908228476e-11, 1.49782599518e-11, 3.27334578713e-12, 3.68544994869e-12, 8.96110009113e-12, 2.97363631115e-12, 2.34525311497e-12, 4.73440600959e-12, 7.15334215473e-12, 6.1061299246e-12, 4.18599183094e-12, 1.9563973705e-11, 7.93899754964e-12, 2.94677433496e-12, 7.24781649628e-12, 2.00627426998e-12, 1.13234367629e-12, 4.55566270471e-12, 3.71445365785e-12, 3.25370980159e-12, 2.76304521797e-12, 2.3195436457e-12, 1.74522419086e-12, 1.17575307129e-12, 1.14152947078e-12, 1.09524498845e-12, 1.05482734093e-12, 7.6844368542e-13, 7.58591106598e-13, 6.44388622323e-13, 6.11682091697e-13, 5.43405544087e-13, 4.8997790417e-13, 4.49883945201e-13, 4.01909679582e-13, 3.38661715858e-13], "var": [3.97811600124e-05, 2.18014083657e-05, 3.04482887259e-06, 1.81615746442e-06, 7.79881065682e-06, 8.40157440507e-07, 1.03178990685e-06, 3.60420187917e-07, 9.80520287186e-09, 1.1594088356e-08, 2.05560368727e-09, 2.08735038143e-08, 1.02054524831e-08, 2.88835821927e-09, 3.04116931638e-09, 2.20721729782e-09, 2.46234893586e-10, 1.63409130671e-09, 6.61927235246e-10, 1.11626242971e-10, 1.79674955469e-10, 2.01853159187e-10, 2.14030071444e-10, 9.26664439627e-11, 3.27113301724e-11, 8.83445816502e-11, 3.56125719192e-11, 1.01080283033e-10, 6.59960905369e-11, 2.98227623152e-11, 2.95715847642e-11, 3.69046425364e-11, 3.10110374879e-11, 1.30010906554e-11, 1.00425128283e-11, 3.21057264975e-12, 4.57514614301e-13, 1.63642306628e-13, 1.48176447241e-13, 8.81675442832e-14]}, "mfcc": {"mean": [-762.880126953, 175.041931152, 29.8874282837, 23.2333145142, 5.93628978729, -4.14300298691, -13.1161718369, -10.8384609222, -13.8241643906, -6.46954536438, -7.61580038071, -2.88324999809, 6.08721351624], "cov": [[11334.7783203, -1775.0690918, -1170.43811035, -185.593200684, -412.749298096, 701.11138916, 725.944641113, 869.630126953, 528.943115234, 448.278900146, 274.728149414, 329.41217041, 138.189834595], [-1775.0690918, 1549.49633789, -227.945266724, -100.188522339, 130.040512085, -125.842575073, 105.85584259, -1.51598417759, -39.7339859009, -2.04803800583, 14.9468917847, -55.5747261047, -6.92008066177], [-1170.43811035, -227.945266724, 629.137634277, 89.6916656494, 63.4194068909, -8.09738063812, -112.93132019, -117.878005981, -58.0226783752, -64.1093673706, -50.1506576538, -72.9350509644, -45.0846481323], [-185.593200684, -100.188522339, 89.6916656494, 242.969863892, 54.175075531, 31.9267253876, 1.42400860786, -11.4395713806, 5.37160158157, 6.51763820648, 9.48242473602, -6.89487886429, 8.87335968018], [-412.749298096, 130.040512085, 63.4194068909, 54.175075531, 242.143280029, 73.3423233032, 25.1837005615, 34.2046470642, 49.4778327942, 38.6844558716, 1.5826369524, -21.9638557434, 27.7026443481], [701.11138916, -125.842575073, -8.09738063812, 31.9267253876, 73.3423233032, 263.075378418, 117.890319824, 98.1101837158, 78.7692489624, 79.4443664551, 31.804769516, -32.0763320923, 23.6349811554], [725.944641113, 105.85584259, -112.93132019, 1.42400860786, 25.1837005615, 117.890319824, 248.429260254, 146.85887146, 80.5248336792, 67.7188110352, 54.0130462646, 40.3697242737, 21.3458480835], [869.630126953, -1.51598417759, -117.878005981, -11.4395713806, 34.2046470642, 98.1101837158, 146.85887146, 233.905471802, 118.874595642, 60.3985443115, 40.9540863037, 65.939781189, 50.8739242554], [528.943115234, -39.7339859009, -58.0226783752, 5.37160158157, 49.4778327942, 78.7692489624, 80.5248336792, 118.874595642, 164.765869141, 97.928237915, 41.6696434021, 38.1736221313, 41.3721847534], [448.278900146, -2.04803800583, -64.1093673706, 6.51763820648, 38.6844558716, 79.4443664551, 67.7188110352, 60.3985443115, 97.928237915, 163.435562134, 79.0877380371, 22.1376895905, 35.9853897095], [274.728149414, 14.9468917847, -50.1506576538, 9.48242473602, 1.5826369524, 31.804769516, 54.0130462646, 40.9540863037, 41.6696434021, 79.0877380371, 121.360435486, 65.6628952026, 22.4198226929], [329.41217041, -55.5747261047, -72.9350509644, -6.89487886429, -21.9638557434, -32.0763320923, 40.3697242737, 65.939781189, 38.1736221313, 22.1376895905, 65.6628952026, 159.610946655, 49.31848526], [138.189834595, -6.92008066177, -45.0846481323, 8.87335968018, 27.7026443481, 23.6349811554, 21.3458480835, 50.8739242554, 41.3721847534, 35.9853897095, 22.4198226929, 49.31848526, 105.080612183]], "icov": [[0.000315542332828, 0.0004111295857, 0.000479060137877, 0.000158481590915, 0.000393450376578, -0.000295164820272, -0.000362636696082, -0.000610003713518, 1.50419746205e-05, -0.000318615842843, 8.00284306024e-06, 2.3596581741e-05, 0.000226330957958], [0.0004111295857, 0.00156927388161, 0.0010075205937, 0.000620149774477, -0.000486224627821, 0.000829837576021, -0.00144984514918, -0.000698087969795, 0.000386729894672, -0.000224292743951, -0.000706529943272, 0.00115374370944, 5.04034178448e-05], [0.000479060137877, 0.0010075205937, 0.00292699923739, -0.00018970920064, -0.000324741238728, -0.00039437628584, -0.000291099975584, -0.000224723989959, -8.35798782646e-05, 0.000258351210505, -0.000274010759313, 0.000591066549532, 0.00077592220623], [0.000158481590915, 0.000620149774477, -0.00018970920064, 0.00487144431099, -0.000986421131529, -9.26357024582e-05, -0.000779081252404, 0.00029985664878, 1.23804466057e-06, 0.000299176346743, -0.00095053948462, 0.000424582045525, -0.000465765682748], [0.000393450376578, -0.000486224627821, -0.000324741238728, -0.000986421131529, 0.00663399230689, -0.00221965578385, 0.000494289968628, -0.00109710206743, -0.00128182081971, -0.00104613811709, 0.00109573081136, -0.000152818654897, -0.00072354148142], [-0.000295164820272, 0.000829837576021, -0.00039437628584, -9.26357024582e-05, -0.00221965578385, 0.00836176704615, -0.0028755790554, -0.000896288896911, -6.05611639912e-05, -0.000698550778907, -0.00186860433314, 0.00451577827334, -0.0014537590323], [-0.000362636696082, -0.00144984514918, -0.000291099975584, -0.000779081252404, 0.000494289968628, -0.0028755790554, 0.00904331821948, -0.00315103377216, 0.000189965343452, -0.00040884379996, -0.000434297864558, -0.00168451352511, 0.00147577666212], [-0.000610003713518, -0.000698087969795, -0.000224723989959, 0.00029985664878, -0.00109710206743, -0.000896288896911, -0.00315103377216, 0.0119497189298, -0.00547513458878, 0.00289295730181, 0.000545690243598, -0.00227240752429, -0.00190488586668], [1.50419746205e-05, 0.000386729894672, -8.35798782646e-05, 1.23804466057e-06, -0.00128182081971, -6.05611639912e-05, 0.000189965343452, -0.00547513458878, 0.0144702382386, -0.00730220740661, 0.00214265636168, -0.00118848134298, -0.000162449505297], [-0.000318615842843, -0.000224292743951, 0.000258351210505, 0.000299176346743, -0.00104613811709, -0.000698550778907, -0.00040884379996, 0.00289295730181, -0.00730220740661, 0.0154111497104, -0.00859999004751, 0.00325003731996, -0.00248792115599], [8.00284306024e-06, -0.000706529943272, -0.000274010759313, -0.00095053948462, 0.00109573081136, -0.00186860433314, -0.000434297864558, 0.000545690243598, 0.00214265636168, -0.00859999004751, 0.0175419300795, -0.00790123362094, 0.00192825356498], [2.3596581741e-05, 0.00115374370944, 0.000591066549532, 0.000424582045525, -0.000152818654897, 0.00451577827334, -0.00168451352511, -0.00227240752429, -0.00118848134298, 0.00325003731996, -0.00790123362094, 0.0136787006631, -0.0046495902352], [0.000226330957958, 5.04034178448e-05, 0.00077592220623, -0.000465765682748, -0.00072354148142, -0.0014537590323, 0.00147577666212, -0.00190488586668, -0.000162449505297, -0.00248792115599, 0.00192825356498, -0.0046495902352, 0.0134213864803]]}, "spectral_contrast_coeffs": {"dmean": [0.0470772124827, 0.0388335175812, 0.0349780395627, 0.0319823101163, 0.0239321216941, 0.0219082962722], "dmean2": [0.0739681050181, 0.0624543167651, 0.0547731146216, 0.0504639297724, 0.0368868559599, 0.0332685746253], "dvar": [0.00225732848048, 0.00163544819225, 0.00140316027682, 0.00109758786857, 0.000680904253386, 0.000506724754814], "dvar2": [0.00469417823479, 0.00398500915617, 0.0031601137016, 0.0023666289635, 0.00134990247898, 0.00117397319991], "max": [-0.252513319254, -0.407863855362, -0.462075352669, -0.55030310154, -0.599196195602, -0.645767986774], "mean": [-0.585485339165, -0.598526537418, -0.724609911442, -0.755006015301, -0.791285991669, -0.798945963383], "median": [-0.600848793983, -0.599372625351, -0.721515536308, -0.753779709339, -0.793217539787, -0.795496463776], "min": [-0.869868636131, -0.910814702511, -0.947407960892, -0.981046795845, -0.962255120277, -0.942789196968], "var": [0.0135456249118, 0.00632004067302, 0.00563268130645, 0.00431374134496, 0.00352103682235, 0.002155368682]}, "spectral_contrast_valleys": {"dmean": [0.434206396341, 0.34532636404, 0.415830492973, 0.473768830299, 0.500834047794, 0.612192034721], "dmean2": [0.684692442417, 0.520749330521, 0.642197191715, 0.720669388771, 0.704176783562, 0.763542473316], "dvar": [0.232172876596, 0.160709872842, 0.264996886253, 0.409174531698, 0.514132499695, 0.55393910408], "dvar2": [0.412867516279, 0.312974601984, 0