{"lowlevel": {"average_loudness": 0.930074453354, "barkbands_crest": {"dmean": 1.96675276756, "dmean2": 3.02818608284, "dvar": 3.28192329407, "dvar2": 8.04509449005, "max": 22.2255020142, "mean": 8.88621330261, "median": 8.11634731293, "min": 2.81950235367, "var": 10.864938736}, "barkbands_flatness_db": {"dmean": 0.0174928512424, "dmean2": 0.0235115773976, "dvar": 0.000244467606535, "dvar2": 0.000407141516916, "max": 0.27949488163, "mean": 0.146753072739, "median": 0.147872522473, "min": 0.0105475224555, "var": 0.0020545925945}, "barkbands_kurtosis": {"dmean": 1.81305718422, "dmean2": 2.65500688553, "dvar": 5.47944498062, "dvar2": 11.3467149734, "max": 38.7233467102, "mean": 3.77213764191, "median": 2.87600898743, "min": -1.4064643383, "var": 19.3996601105}, "barkbands_skewness": {"dmean": 0.332241505384, "dmean2": 0.489982753992, "dvar": 0.105438910425, "dvar2": 0.224768340588, "max": 5.49580001831, "mean": 1.38167500496, "median": 1.52190673351, "min": -2.6316511631, "var": 1.42390954494}, "barkbands_spread": {"dmean": 3.6655292511, "dmean2": 5.39761543274, "dvar": 12.1371202469, "dvar2": 24.2902870178, "max": 75.4105911255, "mean": 16.8429908752, "median": 14.772485733, "min": 2.72414851189, "var": 75.313659668}, "dissonance": {"dmean": 0.017085602507, "dmean2": 0.028224684298, "dvar": 0.000227683995035, "dvar2": 0.000585173373111, "max": 0.499909549952, "mean": 0.465596735477, "median": 0.470278948545, "min": 0.373396903276, "var": 0.000557821418624}, "dynamic_complexity": 3.68045449257, "erbbands_crest": {"dmean": 2.42047357559, "dmean2": 3.76267623901, "dvar": 5.46381664276, "dvar2": 11.811050415, "max": 25.7594680786, "mean": 8.06222915649, "median": 7.08632850647, "min": 2.45426869392, "var": 14.8636455536}, "erbbands_flatness_db": {"dmean": 0.0137397153303, "dmean2": 0.0187258943915, "dvar": 0.000155843968969, "dvar2": 0.000280165259028, "max": 0.264493316412, "mean": 0.16516405344, "median": 0.168569132686, "min": 0.0601941533387, "var": 0.00150691485032}, "erbbands_kurtosis": {"dmean": 0.62205517292, "dmean2": 0.957531154156, "dvar": 0.519947588444, "dvar2": 1.14408230782, "max": 5.91762733459, "mean": -0.236350759864, "median": -0.521405220032, "min": -1.58713459969, "var": 1.11396837234}, "erbbands_skewness": {"dmean": 0.325931042433, "dmean2": 0.486490994692, "dvar": 0.0828454345465, "dvar2": 0.181034818292, "max": 2.32302761078, "mean": 0.410075634718, "median": 0.43401157856, "min": -1.09435582161, "var": 0.382429301739}, "erbbands_spread": {"dmean": 5.56903553009, "dmean2": 8.21209430695, "dvar": 20.2192230225, "dvar2": 43.4702072144, "max": 93.0449295044, "mean": 35.835319519, "median": 35.2181167603, "min": 12.4163351059, "var": 116.717674255}, "hfc": {"dmean": 3.58646059036, "dmean2": 4.60320615768, "dvar": 16.5258541107, "dvar2": 26.5754890442, "max": 68.3632354736, "mean": 14.9786729813, "median": 13.6353664398, "min": 1.04836083359e-16, "var": 110.372184753}, "melbands_crest": {"dmean": 2.33051085472, "dmean2": 3.61748766899, "dvar": 5.23179578781, "dvar2": 11.5209341049, "max": 30.0945339203, "mean": 11.7279529572, "median": 11.1408414841, "min": 1.00110244751, "var": 26.0321769714}, "melbands_flatness_db": {"dmean": 0.0196439698339, "dmean2": 0.0256720148027, "dvar": 0.000349197158357, "dvar2": 0.000554953818209, "max": 0.390338718891, "mean": 0.201029747725, "median": 0.210887864232, "min": -1.72572924839e-07, "var": 0.0058426852338}, "melbands_kurtosis": {"dmean": 3.35098099709, "dmean2": 4.98046207428, "dvar": 29.0203876495, "dvar2": 61.5401802063, "max": 93.3484725952, "mean": 9.15665817261, "median": 7.36395359039, "min": -1.48015832901, "var": 90.5919570923}, "melbands_skewness": {"dmean": 0.43503138423, "dmean2": 0.641602754593, "dvar": 0.19915817678, "dvar2": 0.432884901762, "max": 8.46453475952, "mean": 2.25386023521, "median": 2.20398783684, "min": -0.568602979183, "var": 1.28517794609}, "melbands_spread": {"dmean": 4.79425477982, "dmean2": 7.29964160919, "dvar": 35.9251594543, "dvar2": 92.3471374512, "max": 163.214904785, "mean": 25.8303890228, "median": 15.0433654785, "min": 1.97590434551, "var": 1121.41589355}, "pitch_salience": {"dmean": 0.0547309145331, "dmean2": 0.0845724791288, "dvar": 0.00248853606172, "dvar2": 0.00554279517382, "max": 0.996011078358, "mean": 0.600070595741, "median": 0.604751467705, "min": 0.112135313451, "var": 0.0139138521627}, "silence_rate_20dB": {"dmean": 0, "dmean2": 0, "dvar": 0, "dvar2": 0, "max": 1, "mean": 1, "median": 1, "min": 1, "var": 0}, "silence_rate_30dB": {"dmean": 0.01465201471, "dmean2": 0.0293219294399, "dvar": 0.0144375441596, "dvar2": 0.0309053063393, "max": 1, "mean": 0.9688834548, "median": 1, "min": 0, "var": 0.0301488246769}, "silence_rate_60dB": {"dmean": 0.00122100126464, "dmean2": 0.00244349427521, "dvar": 0.00121951499023, "dvar2": 0.00243751402013, "max": 1, "mean": 0.145210489631, "median": 0, "min": 0, "var": 0.124125875533}, "spectral_centroid": {"dmean": 206.987625122, "dmean2": 300.923370361, "dvar": 87385.796875, "dvar2": 157123.015625, "max": 11698.4804688, "mean": 1841.66870117, "median": 965.580810547, "min": 270.186737061, "var": 7683914}, "spectral_complexity": {"dmean": 3.34432244301, "dmean2": 4.78191804886, "dvar": 12.618853569, "dvar2": 22.8425121307, "max": 47, "mean": 18.9511890411, "median": 20, "min": 0, "var": 99.0947189331}, "spectral_decrease": {"dmean": 2.01486938245e-09, "dmean2": 2.746946004e-09, "dvar": 1.15841127493e-17, "dvar2": 1.93617057558e-17, "max": 2.04985872148e-28, "mean": -7.97308707945e-09, "median": -6.42042552457e-09, "min": -6.08331731655e-08, "var": 5.95709404428e-17}, "spectral_energy": {"dmean": 0.00786748621613, "dmean2": 0.0106849344447, "dvar": 0.000169707825989, "dvar2": 0.00028355687391, "max": 0.232259362936, "mean": 0.0314508862793, "median": 0.0254712123424, "min": 1.00321474432e-20, "var": 0.000886022986379}, "spectral_energyband_high": {"dmean": 8.44734022394e-05, "dmean2": 0.000107652987936, "dvar": 2.03389696196e-08, "dvar2": 3.89326331174e-08, "max": 0.00261364341713, "mean": 0.000216658067075, "median": 0.000105822655314, "min": 7.19502780211e-21, "var": 9.43634148598e-08}, "spectral_energyband_low": {"dmean": 0.00388178229332, "dmean2": 0.00525892386213, "dvar": 0.000150378284161, "dvar2": 0.000246814306593, "max": 0.219578236341, "mean": 0.0119614582509, "median": 0.00483583007008, "min": 1.27769741892e-23, "var": 0.00061007856857}, "spectral_energyband_middle_high": {"dmean": 0.00109296827577, "dmean2": 0.00149556831457, "dvar": 1.78811171736e-06, "dvar2": 3.37666983796e-06, "max": 0.0194721799344, "mean": 0.00346946320496, "median": 0.00296114222147, "min": 1.10637628361e-21, "var": 7.71440772951e-06}, "spectral_energyband_middle_low": {"dmean": 0.00518231047317, "dmean2": 0.00732918130234, "dvar": 3.57993376383e-05, "dvar2": 7.58458700147e-05, "max": 0.123417079449, "mean": 0.0179495774209, "median": 0.015989176929, "min": 1.4060915521e-22, "var": 0.000199166941456}, "spectral_entropy": {"dmean": 0.124040782452, "dmean2": 0.167526498437, "dvar": 0.0143415154889, "dvar2": 0.022641710937, "max": 9.8265914917, "mean": 7.59834194183, "median": 7.43877220154, "min": 6.50429916382, "var": 0.509267866611}, "spectral_flux": {"dmean": 0.015340231359, "dmean2": 0.0250629670918, "dvar": 0.000380591693101, "dvar2": 0.000924243591726, "max": 0.304906100035, "mean": 0.0648081675172, "median": 0.0656066760421, "min": 6.42186234745e-11, "var": 0.0014067805605}, "spectral_kurtosis": {"dmean": 1.82885634899, "dmean2": 3.11655330658, "dvar": 4.24119329453, "dvar2": 12.3256521225, "max": 18.549943924, "mean": 5.20458841324, "median": 4.98620891571, "min": -1.28931498528, "var": 10.1155080795}, "spectral_rms": {"dmean": 0.000597448961344, "dmean2": 0.000799298344646, "dvar": 5.19106265529e-07, "dvar2": 8.41326766476e-07, "max": 0.0150530561805, "mean": 0.00488197570667, "median": 0.00498497392982, "min": 3.12849182324e-12, "var": 6.85008762957e-06}, "spectral_rolloff": {"dmean": 314.307922363, "dmean2": 507.089080811, "dvar": 278816.875, "dvar2": 527288.9375, "max": 19767.4804688, "mean": 2441.46264648, "median": 775.1953125, "min": 107.666015625, "var": 24787056}, "spectral_skewness": {"dmean": 0.210392564535, "dmean2": 0.340055406094, "dvar": 0.0444638952613, "dvar2": 0.11693649739, "max": 3.44866371155, "mean": 1.49004089832, "median": 1.56298291683, "min": -0.082858197391, "var": 0.318853020668}, "spectral_spread": {"dmean": 350610.71875, "dmean2": 547671.375, "dvar": 1093731680260.0, "dvar2": 1908367294460.0, "max": 42954216, "mean": 6366453.5, "median": 3203434.5, "min": 2004853.875, "var": 103259444347000.0}, "spectral_strongpeak": {"dmean": 0.393871515989, "dmean2": 0.626115918159, "dvar": 0.259059637785, "dvar2": 0.528872847557, "max": 4.95390892029, "mean": 0.871094107628, "median": 0.666335165501, "min": 0, "var": 0.606756567955}, "zerocrossingrate": {"dmean": 0.00717994011939, "dmean2": 0.00910643022507, "dvar": 0.000168414320797, "dvar2": 0.000344017375028, "max": 0.5244140625, "mean": 0.0806081146002, "median": 0.03955078125, "min": 0.005859375, "var": 0.0166820827872}, "barkbands": {"dmean": [3.65366577171e-06, 0.00224775262177, 0.00165188498795, 0.000862574204803, 0.00202921172604, 0.00179949903395, 0.00163747835904, 0.00164114020299, 0.000337001227308, 0.000498117646202, 0.000299928680761, 0.000121328113892, 0.000197063855012, 0.000142620992847, 0.00023610824428, 0.000230365389143, 0.00025214519701, 0.000144726320286, 0.000130576489028, 6.55987241771e-05, 2.93495650112e-05, 1.73635271494e-05, 1.0572033716e-05, 6.72323494655e-06, 7.40261475585e-06, 2.59148714576e-06, 9.45577198763e-07], "dmean2": [5.44947215531e-06, 0.00294689997099, 0.0024499243591, 0.00132268189918, 0.00302850920707, 0.00272837537341, 0.00231029023416, 0.00232262862846, 0.000529792218003, 0.000779549765866, 0.000474220199976, 0.000197420013137, 0.000329576869262, 0.000235438768868, 0.000389136199374, 0.000369367044186, 0.000405164406402, 0.00022639328381, 0.000186356075574, 9.52390400926e-05, 4.12764929933e-05, 2.48137348535e-05, 1.63719960256e-05, 1.03253432826e-05, 1.07361020127e-05, 3.97388703277e-06, 1.3392867686e-06], "dvar": [8.70947647336e-10, 6.66181877023e-05, 3.20011640724e-05, 5.97741063757e-06, 7.38729613659e-06, 9.08732181415e-06, 8.47236515256e-06, 5.77546279601e-06, 5.24383096945e-07, 5.00903126976e-07, 2.25624106065e-07, 3.64924979124e-08, 1.02138962177e-07, 3.7906360717e-08, 1.35095561404e-07, 1.33276742531e-07, 1.68816399082e-07, 7.93677870092e-08, 4.37140350584e-08, 1.10806173126e-08, 2.05128780628e-09, 8.87162121543e-10, 7.0484229564e-10, 2.49653936413e-10, 3.26820015495e-10, 1.00092358013e-10, 1.2356280929e-11], "dvar2": [2.30843610893e-09, 9.8894808616e-05, 5.88348375459e-05, 1.0937580555e-05, 1.91590625036e-05, 2.22761118494e-05, 1.58116490638e-05, 1.03861584648e-05, 1.2010411865e-06, 1.08212941541e-06, 5.11759822075e-07, 8.78209931443e-08, 2.70045262596e-07, 9.71115099446e-08, 3.54445148787e-07, 3.26792530814e-07, 4.33954369328e-07, 1.86564278692e-07, 9.75964127292e-08, 2.60191690415e-08, 4.28371160766e-09, 2.12483897144e-09, 1.89214310886e-09, 6.30742846841e-10, 6.86872170252e-10, 2.26942187265e-10, 2.50606028984e-11], "max": [0.00070146471262, 0.191188275814, 0.122005321085, 0.0935556963086, 0.0389725752175, 0.048474945128, 0.0491458326578, 0.040758702904, 0.0162297245115, 0.00820937100798, 0.00506801344454, 0.00468543730676, 0.00454119266942, 0.00242211390287, 0.00540289469063, 0.0074107456021, 0.00532573694363, 0.00504614179954, 0.00303534162231, 0.00208961521275, 0.000727087899577, 0.00062596949283, 0.000475492852274, 0.000332070980221, 0.00030772772152, 0.000308130169287, 6.28795387456e-05], "mean": [5.04436820847e-06, 0.00621968181804, 0.00387052213773, 0.0024354821071, 0.0045950897038, 0.00376481865533, 0.00301969540305, 0.0029503731057, 0.00061810517218, 0.000758260313887, 0.000458165042801, 0.000204425232369, 0.000318228034303, 0.000230997713516, 0.000406258070143, 0.000393725698814, 0.000418335956056, 0.000249712524237, 0.000246823154157, 0.000125919250422, 6.11575160292e-05, 3.8108049921e-05, 2.39297514781e-05, 1.57542035595e-05, 1.5820891349e-05, 4.83541316498e-06, 1.65002063568e-06], "median": [6.21255139777e-07, 0.001577853458, 0.00190838298295, 0.000820018409286, 0.00333184259944, 0.0023380566854, 0.00137265084777, 0.00162718130741, 0.000377305492293, 0.000454133638414, 0.00025966312387, 0.000121499491797, 0.000216147862375, 0.000163161341334, 0.000291508709779, 0.000273882847978, 0.000267124472884, 0.000149987899931, 0.00014919701789, 7.4398551078e-05, 3.12673619192e-05, 1.86038287211e-05, 7.55346127335e-06, 3.96724499296e-06, 2.47904040407e-06, 7.62244326324e-07, 5.75243639389e-08], "min": [1.86161682649e-25, 2.85618312282e-24, 1.12646536809e-24, 5.22334486238e-25, 1.02598752351e-23, 7.44596499879e-24, 1.03308600948e-23, 4.79330148142e-24, 1.17367987656e-23, 1.07709719047e-23, 1.99154782836e-23, 1.71508016453e-23, 2.79641377471e-23, 3.01573667011e-23, 3.77651065612e-23, 5.28226847271e-23, 5.35300878553e-23, 7.26330614946e-23, 1.14643817448e-22, 1.33269542861e-22, 2.38883995279e-22, 3.1930476736e-22, 3.61366957044e-22, 6.01554478705e-22, 8.40962126163e-22, 1.21826336667e-21, 1.72490159639e-21], "var": [8.49950221316e-10, 0.000294383091386, 7.09798114258e-05, 3.66000276699e-05, 2.2159787477e-05, 2.38794036704e-05, 2.27265009016e-05, 1.57769354701e-05, 9.12631321626e-07, 9.03612942693e-07, 3.88712436461e-07, 7.67022143577e-08, 1.55524915613e-07, 6.11747168477e-08, 2.0268754497e-07, 2.33099683555e-07, 2.80538870356e-07, 1.22508836853e-07, 9.44540516912e-08, 2.40216984082e-08, 6.55716281273e-09, 3.19583759456e-09, 2.16620255067e-09, 1.21032017741e-09, 1.19688758904e-09, 2.20864271316e-10, 2.60762089005e-11]}, "erbbands": {"dmean": [0.0258498694748, 0.628943145275, 1.92155480385, 2.55076789856, 3.8495721817, 8.16792297363, 8.99641418457, 17.0492401123, 21.6747722626, 41.8429374695, 18.0362491608, 8.68144702911, 18.5952339172, 6.31310319901, 11.5427312851, 5.64746999741, 8.78898334503, 7.06338596344, 8.52444171906, 14.3057222366, 11.1267385483, 12.1426296234, 8.99797821045, 6.7821726799, 5.96606779099, 3.16201972961, 1.56929135323, 0.992319345474, 0.63078379631, 0.391649365425, 0.319637387991, 0.157487347722, 0.115894421935, 0.105173029006, 0.04279377684, 0.0132373096421, 0.00494914362207, 0.000903550942894, 0.000192583844182, 1.56109745149e-05], "dmean2": [0.0305388234556, 0.834002435207, 2.78892946243, 3.8002846241, 5.72820186615, 12.5958547592, 12.9952793121, 26.3352508545, 30.9901371002, 60.1394233704, 25.0356140137, 13.338768959, 28.8548583984, 9.98161792755, 18.2626037598, 9.16363716125, 14.6617765427, 11.6235666275, 13.8373851776, 23.7127742767, 17.7331085205, 19.5004882812, 13.7962398529, 10.1850948334, 8.87808990479, 4.58039855957, 2.23789668083, 1.38937032223, 0.916142940521, 0.563471913338, 0.506457805634, 0.237386718392, 0.170678496361, 0.152374386787, 0.0644684508443, 0.0201019030064, 0.00759371882305, 0.00136437593028, 0.000278145394986, 2.09420613828e-05], "dvar": [0.0108855189756, 5.17428302765, 50.9143257141, 54.7835235596, 45.2896118164, 161.346008301, 187.818725586, 924.579528809, 1221.2935791, 5048.06884766, 638.517578125, 392.265380859, 676.974304199, 153.863540649, 358.681610107, 89.7373123169, 221.714660645, 92.3537445068, 211.14666748, 564.999816895, 323.026855469, 383.578308105, 300.29385376, 130.732223511, 91.2089538574, 23.9974632263, 6.28487205505, 2.3780412674, 1.14082431793, 0.539359748363, 0.814908385277, 0.150918349624, 0.0618511512876, 0.0680506303906, 0.0146388998255, 0.00103373476304, 0.000930495094508, 1.71601950569e-05, 6.36516460872e-07, 1.25195553924e-09], "dvar2": [0.0130765512586, 7.83383703232, 85.3767623901, 109.205307007, 112.457229614, 418.637908936, 380.004608154, 2239.32397461, 2680.97924805, 9051.953125, 1134.61975098, 914.683959961, 1456.26403809, 354.231109619, 831.038879395, 218.948745728, 598.447509766, 242.011566162, 552.716125488, 1427.84558105, 792.550415039, 974.895874023, 703.540405273, 293.381378174, 193.484039307, 53.9156455994, 13.9789476395, 4.89487981796, 2.75399255753, 1.19204318523, 2.23959493637, 0.381256788969, 0.145403251052, 0.140340477228, 0.0328734889627, 0.00246618804522, 0.00222954526544, 3.77626929549e-05, 1.3509851442e-06, 2.08442951788e-09], "max": [3.5600566864, 49.0092811584, 155.757232666, 273.147918701, 145.986801147, 222.675476074, 236.279083252, 603.780334473, 434.760620117, 1192.74133301, 462.682128906, 428.811279297, 287.991271973, 309.334899902, 245.227935791, 241.340179443, 221.875076294, 152.038269043, 232.798599243, 411.577880859, 236.222518921, 204.379379272, 302.949829102, 159.623779297, 182.77923584, 94.999168396, 39.6729469299, 21.4765625, 21.4243469238, 17.0805950165, 16.5863399506, 8.38304519653, 4.55281496048, 4.01104831696, 3.10607624054, 0.698465645313, 1.04164874554, 0.115245811641, 0.0159674957395, 0.000742340111174], "mean": [0.0781339481473, 1.71889603138, 4.65581321716, 7.87456274033, 9.08484363556, 16.2239151001, 20.8258647919, 34.0568122864, 42.0650444031, 72.0649719238, 36.4617156982, 17.4563064575, 28.9162330627, 11.8020935059, 18.0299110413, 10.7462081909, 14.9136190414, 12.4066801071, 15.5625286102, 24.9601173401, 20.8543815613, 21.2486591339, 16.1675338745, 12.6111888885, 11.1480398178, 6.3126616478, 3.23955893517, 2.06407690048, 1.39120054245, 0.945269584656, 0.682381510735, 0.371040612459, 0.251718223095, 0.209511950612, 0.0937165468931, 0.0265710279346, 0.00833235681057, 0.00162091234233, 0.000333818228683, 5.13992126798e-05], "median": [0.0167845059186, 0.452185660601, 1.7589482069, 3.39542865753, 4.70618963242, 10.6123352051, 14.1937856674, 20.543636322, 20.3959331512, 36.441783905, 23.2062473297, 11.3960123062, 18.6193370819, 8.15986728668, 11.0548191071, 7.33837604523, 10.3740339279, 9.00327968597, 11.5634202957, 17.5780830383, 15.1818294525, 13.8754873276, 10.1316919327, 8.17098617554, 6.22771596909, 3.88260936737, 1.80014836788, 0.955319583416, 0.682036161423, 0.382134318352, 0.20533721149, 0.0914935097098, 0.0606503039598, 0.0343804955482, 0.0136040197685, 0.00487609859556, 0.00110607477836, 0.000138245231938, 2.75621514447e-05, 3.22738196701e-05], "min": [4.84422095402e-23, 4.98752447943e-22, 1.34837003169e-21, 3.69638460247e-21, 7.95236739066e-21, 3.46994576771e-20, 1.58683436811e-20, 5.81136191714e-20, 1.17895248048e-19, 2.17942756061e-19, 1.72666960609e-19, 3.82981237341e-19, 4.50946092932e-19, 7.9532645585e-19, 1.07521837065e-18, 9.41281906249e-19, 1.60835302585e-18, 2.20051735751e-18, 2.09094529126e-18, 2.70865192626e-18, 4.20743557419e-18, 3.11529391539e-18, 4.97841340002e-18, 5.25694785973e-18, 7.17543529905e-18, 6.60517863912e-18, 8.77014687583e-18, 1.03247004882e-17, 9.94536455829e-18, 1.08042104719e-17, 1.04569377168e-17, 1.06339221079e-17, 9.38089319956e-18, 8.61496448419e-18, 5.32136289558e-18, 4.25424903377e-18, 2.32915676406e-18, 9.52377706985e-19, 2.34842211072e-19, 2.50972107001e-20], "var": [0.0555627755821, 22.1003780365, 131.656219482, 307.976135254, 159.703338623, 380.18170166, 576.664428711, 2209.15600586, 3268.86279297, 12361.5341797, 1950.49450684, 671.027770996, 1263.10668945, 236.661621094, 560.385131836, 179.093414307, 334.505401611, 157.686294556, 297.948516846, 971.779907227, 554.312744141, 637.418457031, 485.147674561, 247.663040161, 222.53692627, 57.3715286255, 17.2464199066, 7.73118495941, 4.04818058014, 2.5297806263, 1.88489758968, 0.704200327396, 0.267707854509, 0.21174095571, 0.0504146702588, 0.00374227412976, 0.00137348345015, 3.36641314789e-05, 1.15448449378e-06, 4.94368102011e-09]}, "gfcc": {"mean": [-118.004425049, 118.149291992, -116.884513855, 28.1207466125, -48.3959579468, -7.38422060013, -35.6414108276, 5.42748165131, -16.3304786682, -0.568641364574, -11.1000003815, -4.44896745682, -8.09476566315], "cov": [[114029.375, 11662.1816406, -10982.9990234, 2594.88256836, -4760.11376953, -536.255249023, -3798.54956055, 762.840942383, -1422.9140625, 111.577377319, -1368.87329102, -679.331298828, -905.905761719], [11662.1816406, 2164.83203125, -1452.06970215, 241.392074585, -445.239501953, -188.908752441, -338.868652344, -8.73043441772, -65.4261856079, -47.9267463684, -71.8544464111, -134.640914917, -39.3527679443], [-10982.9990234, -1452.06970215, 1556.62536621, -279.297180176, 592.007751465, 163.822509766, 434.607116699, -7.8886961937, 178.192886353, 46.6015090942, 117.233955383, 61.8871994019, 82.7454223633], [2594.88256836, 241.392074585, -279.297180176, 203.793762207, -120.636734009, 20.581785202, -72.9852981567, 30.1963882446, -50.3828430176, 4.11228895187, -26.8869953156, -0.809852182865, -21.0981884003], [-4760.11376953, -445.239501953, 592.007751465, -120.636734009, 350.1590271, 61.4605445862, 217.084320068, -9.63539123535, 95.537147522, 14.4649448395, 69.6564712524, 23.5915203094, 53.4601325989], [-536.255249023, -188.908752441, 163.822509766, 20.581785202, 61.4605445862, 102.598747253, 60.0696258545, 33.7104644775, 14.1462306976, 20.6362838745, 6.1715464592, 17.0613002777, -0.379631370306], [-3798.54956055, -338.868652344, 434.607116699, -72.9852981567, 217.084320068, 60.0696258545, 209.012756348, 10.4557161331, 80.3658599854, 11.9109134674, 56.378528595, 20.5513401031, 37.776008606], [762.840942383, -8.73043441772, -7.8886961937, 30.1963882446, -9.63539123535, 33.7104644775, 10.4557161331, 68.7265930176, 18.8597011566, 25.736284256, -12.5290594101, 5.28748512268, -8.47386455536], [-1422.9140625, -65.4261856079, 178.192886353, -50.3828430176, 95.537147522, 14.1462306976, 80.3658599854, 18.8597011566, 94.2821884155, 27.957485199, 31.6787052155, -0.465776801109, 12.7416648865], [111.577377319, -47.9267463684, 46.6015090942, 4.11228895187, 14.4649448395, 20.6362838745, 11.9109134674, 25.736284256, 27.957485199, 52.3021087646, 12.3828020096, 13.0978183746, -6.27314519882], [-1368.87329102, -71.8544464111, 117.233955383, -26.8869953156, 69.6564712524, 6.1715464592, 56.378528595, -12.5290594101, 31.6787052155, 12.3828020096, 62.4559669495, 20.1130409241, 18.0156230927], [-679.331298828, -134.640914917, 61.8871994019, -0.809852182865, 23.5915203094, 17.0613002777, 20.5513401031, 5.28748512268, -0.465776801109, 13.0978183746, 20.1130409241, 54.1831703186, 14.138677597], [-905.905761719, -39.3527679443, 82.7454223633, -21.0981884003, 53.4601325989, -0.379631370306, 37.776008606, -8.47386455536, 12.7416648865, -6.27314519882, 18.0156230927, 14.138677597, 46.495880127]], "icov": [[0.000139102558023, -0.000570249394514, -3.77843389288e-05, 3.50044820152e-06, 0.000160473427968, -0.000695412629284, 0.00127314997371, -0.00126955565065, 0.000922993291169, -0.000844635418616, 0.000549494929146, 0.000109076892841, 0.000227483993513], [-0.000570249394514, 0.00440206797794, 0.00254998332821, -0.000586682814173, -0.00150223064702, 0.00305176712573, -0.00522335991263, 0.00574052101001, -0.00590363377705, 0.00340353231877, -0.00306691462174, 0.00297388061881, -0.00278578093275], [-3.77843389288e-05, 0.00254998332821, 0.00535727664828, 0.000979514443316, -0.00325950677507, -0.00145877024624, -0.00262375129387, 0.00226535066031, -0.00253428472206, -0.00114279112313, 0.000116185969091, 0.0031011805404, -0.00183480652049], [3.50044820152e-06, -0.000586682814173, 0.000979514443316, 0.00881350785494, 0.000927799905185, -0.00385477766395, -0.000799400033429, -0.00237886351533, 0.0038716760464, -0.0012726256391, -0.00063193612732, -0.000509731587954, 0.000112593857921], [0.000160473427968, -0.00150223064702, -0.00325950677507, 0.000927799905185, 0.0123965106905, -0.00184886937495, -0.00407969718799, 0.000503537710756, -2.99939183606e-05, -0.00104934896808, -0.000506070849951, -0.000162401192938, -0.00267304526642], [-0.000695412629284, 0.00305176712573, -0.00145877024624, -0.00385477766395, -0.00184886937495, 0.0220283642411, -0.00983633473516, -0.00022069872648, -0.000909015594516, 0.00171668699477, -0.00165423646104, -0.00221929652616, 0.00193430250511], [0.00127314997371, -0.00522335991263, -0.00262375129387, -0.000799400033429, -0.00407969718799, -0.00983633473516, 0.0318905934691, -0.0161361265928, 0.00248701497912, -0.00067149871029, -0.00147896748967, 0.00107193354052, -7.40347531973e-05], [-0.00126955565065, 0.00574052101001, 0.00226535066031, -0.00237886351533, 0.000503537710756, -0.00022069872648, -0.0161361265928, 0.0395830534399, -0.0166421439499, -0.00159760832321, 0.00600003311411, -0.00359573611058, -0.00213097175583], [0.000922993291169, -0.00590363377705, -0.00253428472206, 0.0038716760464, -2.99939183606e-05, -0.000909015594516, 0.00248701497912, -0.0166421439499, 0.0338415689766, -0.0161849725991, -0.00177201407496, 0.00520713021979, 0.00187254080083], [-0.000844635418616, 0.00340353231877, -0.00114279112313, -0.0012726256391, -0.00104934896808, 0.00171668699477, -0.00067149871029, -0.00159760832321, -0.0161849725991, 0.0394305773079, -0.0104093458503, -0.0077621168457, 0.00550418160856], [0.000549494929146, -0.00306691462174, 0.000116185969091, -0.00063193612732, -0.000506070849951, -0.00165423646104, -0.00147896748967, 0.00600003311411, -0.00177201407496, -0.0104093458503, 0.0336133725941, -0.0100254956633, -0.000413960806327], [0.000109076892841, 0.00297388061881, 0.0031011805404, -0.000509731587954, -0.000162401192938, -0.00221929652616, 0.00107193354052, -0.00359573611058, 0.00520713021979, -0.0077621168457, -0.0100254956633, 0.0329065285623, -0.0110616777092], [0.000227483993513, -0.00278578093275, -0.00183480652049, 0.000112593857921, -0.00267304526642, 0.00193430250511, -7.40347531973e-05, -0.00213097175583, 0.00187254080083, 0.00550418160856, -0.000413960806327, -0.0110616777092, 0.0334125868976]]}, "melbands": {"dmean": [0.000436489004642, 0.000958245014772, 0.000418695010012, 0.000411666871514, 0.00034396542469, 0.000377344840672, 0.00033351345337, 0.000459086993942, 0.000120418742881, 5.35516592208e-05, 9.23246188904e-05, 2.43816830334e-05, 4.23643796239e-05, 1.75456025318e-05, 1.94147505681e-05, 1.575720853e-05, 1.46585261973e-05, 1.39287294587e-05, 1.59856317623e-05, 2.12398790609e-05, 1.30042662931e-05, 1.33209805426e-05, 1.24019579744e-05, 7.28365739633e-06, 5.79554262004e-06, 5.09769097334e-06, 3.22881601278e-06, 2.07046514333e-06, 1.14752799618e-06, 7.28100701508e-07, 6.19283866854e-07, 4.31040973581e-07, 2.75715592579e-07, 2.11994759525e-07, 2.10954453905e-07, 1.4141386373e-07, 9.22371796719e-08, 8.11842753023e-08, 9.29013026507e-08, 9.05833772435e-08], "dmean2": [0.000551458098926, 0.00134387088474, 0.000617155106738, 0.000639443343971, 0.000489051628392, 0.000576653867029, 0.000474916771054, 0.000656298361719, 0.000166206446011, 8.33507365314e-05, 0.000143322948134, 3.93509944843e-05, 6.662166561e-05, 2.80986223515e-05, 3.21033148794e-05, 2.63140245806e-05, 2.43149552261e-05, 2.27773380175e-05, 2.62646753981e-05, 3.43037754647e-05, 2.11453170778e-05, 2.17625110963e-05, 1.96386627067e-05, 1.13265050459e-05, 8.89789953362e-06, 7.76471097197e-06, 4.79988966617e-06, 3.06980268761e-06, 1.70189628079e-06, 1.0723010746e-06, 9.03296722754e-07, 6.49301853173e-07, 4.18293893745e-07, 3.16065239758e-07, 3.50535316329e-07, 2.21704070213e-07, 1.4324842823e-07, 1.22961182569e-07, 1.36588269584e-07, 1.33986432616e-07], "dvar": [2.62424464381e-06, 1.18128155009e-05, 1.14716544886e-06, 3.97600587121e-07, 2.28280129022e-07, 4.32338140399e-07, 2.84578590026e-07, 5.45072339264e-07, 3.01926483814e-08, 1.48695642466e-08, 1.66503770771e-08, 2.87616841455e-09, 4.45534986682e-09, 6.86395051908e-10, 8.71136829339e-10, 7.13875070169e-10, 3.81828346718e-10, 5.67986990774e-10, 5.50983314529e-10, 1.13533571433e-09, 4.83769801995e-10, 5.09508879531e-10, 4.79444650647e-10, 2.56138221744e-10, 1.00227007249e-10, 8.31934590662e-11, 2.15489327771e-11, 1.38306484321e-11, 3.84097354617e-12, 1.57258494421e-12, 9.88101094002e-13, 5.68825910853e-13, 2.53074579522e-13, 1.90376780638e-13, 3.89166509348e-13, 1.52484944701e-13, 6.59482166684e-14, 3.58233577622e-14, 4.87441237005e-14, 5.36945027286e-14], "dvar2": [3.63210051546e-06, 1.93381820282e-05, 2.27411828746e-06, 1.12884163173e-06, 4.66462068971e-07, 1.06594518456e-06, 6.21809078893e-07, 9.8425368833e-07, 5.3443734771e-08, 3.4093240231e-08, 3.58274405698e-08, 6.71248256978e-09, 9.97858773388e-09, 1.62777580304e-09, 2.35411001803e-09, 1.69751501744e-09, 9.87414039422e-10, 1.50157664081e-09, 1.42691425342e-09, 2.80778511552e-09, 1.21061261016e-09, 1.32432476097e-09, 1.22816801174e-09, 5.83261161591e-10, 2.32657809685e-10, 1.86424070625e-10, 4.76646465353e-11, 3.29016570932e-11, 9.03991811962e-12, 3.52743702303e-12, 2.14850750038e-12, 1.41132255622e-12, 6.48286491763e-13, 4.52120410338e-13, 1.10228059319e-12, 3.87289403022e-13, 1.77141016699e-13, 8.98708868826e-14, 1.02835322451e-13, 1.13091807241e-13], "max": [0.0470266565681, 0.0658459663391, 0.0374498926103, 0.00978944823146, 0.00692354608327, 0.0116331791505, 0.00661645364016, 0.0111791593954, 0.00350530375727, 0.00301302713342, 0.00141398888081, 0.00136445136741, 0.000704221776687, 0.000499714922626, 0.000429835577961, 0.000553713587578, 0.000255347113125, 0.000396800081944, 0.000365112966392, 0.000678988639265, 0.000257378123933, 0.000286252150545, 0.000385713414289, 0.000381315592676, 0.000146284539369, 0.000185692551895, 6.69751607347e-05, 8.86106790858e-05, 4.13551279053e-05, 2.51398523687e-05, 1.1769286175e-05, 1.31108427013e-05, 9.27712062548e-06, 1.02704680103e-05, 1.2356532352e-05, 5.97891312282e-06, 5.46261480849e-06, 3.24989309775e-06, 4.03585045206e-06, 3.1113024761e-06], "mean": [0.00125256564934, 0.00253661768511, 0.00130446441472, 0.000905291293748, 0.000783047347795, 0.000759772199672, 0.000636564800516, 0.00079252559226, 0.000241911853664, 0.000100460834801, 0.000141279379022, 4.24612444476e-05, 6.52642338537e-05, 2.86743870674e-05, 3.33080461132e-05, 2.60309370788e-05, 2.3242968382e-05, 2.33517312154e-05, 2.79246214632e-05, 3.50765876647e-05, 2.23855422519e-05, 2.22616799874e-05, 1.9472454369e-05, 1.20295435408e-05, 9.85066071735e-06, 8.7379667093e-06, 6.01539659328e-06, 3.82956341127e-06, 2.2276940399e-06, 1.35198160933e-06, 1.18263346849e-06, 8.53382005062e-07, 6.02850263931e-07, 4.77253536246e-07, 4.13164571e-07, 2.92915217415e-07, 2.03396226084e-07, 1.64214355891e-07, 1.91779818692e-07, 1.70515505715e-07], "median": [0.000309821567498, 0.00089098099852, 0.000650043424685, 0.000606736575719, 0.000555995502509, 0.000462360039819, 0.000303449778585, 0.000394786766265, 0.000159367482411, 6.41237638774e-05, 8.93959222594e-05, 2.65462967945e-05, 3.75656782126e-05, 1.80107781489e-05, 2.30202313105e-05, 1.86837442016e-05, 1.6364714611e-05, 1.67661819432e-05, 2.04839780054e-05, 2.41491670749e-05, 1.54715326062e-05, 1.34133169922e-05, 1.13756741484e-05, 7.03387286194e-06, 6.13515021541e-06, 4.72058627565e-06, 3.37140772899e-06, 2.20149695451e-06, 1.21428286093e-06, 6.44216413548e-07, 5.12978886036e-07, 4.04719628477e-07, 2.70291224069e-07, 1.76169493216e-07, 1.17283441625e-07, 7.61913696579e-08, 4.54516033699e-08, 3.99791133532e-08, 4.0131375556e-08, 2.41054447514e-08], "min": [1.09925607636e-24, 5.91556537633e-25, 8.03156248115e-25, 1.75744996263e-24, 4.0868467613e-25, 1.4607260468e-24, 1.71907365453e-24, 2.48309056883e-24, 1.35857871616e-24, 1.7874120831e-24, 1.90354187468e-24, 2.87127166535e-24, 2.77468274725e-24, 2.4336384564e-24, 2.91403975933e-24, 2.83241671589e-24, 3.43778048874e-24, 1.94564338119e-24, 2.66787157233e-24, 2.47738611841e-24, 4.32605916726e-24, 2.94679839171e-24, 3.64791410123e-24, 4.09896031214e-24, 3.62088536003e-24, 3.95235327392e-24, 3.96252287428e-24, 4.11544395519e-24, 4.84588931595e-24, 4.30749963674e-24, 5.56323919125e-24, 4.73836915229e-24, 4.60741784759e-24, 5.19605244443e-24, 5.39109002021e-24, 5.02112056655e-24, 5.79861201397e-24, 5.26664563469e-24, 5.61591853364e-24, 6.21748689945e-24], "var": [1.22667861433e-05, 3.79865632567e-05, 6.40193957224e-06, 1.09754000732e-06, 6.94787104294e-07, 1.04999855921e-06, 7.65363324717e-07, 1.36327912514e-06, 9.18477809364e-08, 2.56195509252e-08, 3.10775192247e-08, 4.08783495942e-09, 7.76039055239e-09, 1.3076938421e-09, 1.38886446788e-09, 1.19117604669e-09, 6.13715911424e-10, 7.46953998654e-10, 9.14424147513e-10, 1.97752036968e-09, 7.74237896017e-10, 7.84741605031e-10, 7.26684323826e-10, 3.86218196313e-10, 1.69683919693e-10, 1.60045712794e-10, 6.12897441132e-11, 2.6267980846e-11, 8.75004062262e-12, 3.85281650334e-12, 2.72761153941e-12, 1.60278431152e-12, 9.08097761484e-13, 7.69434754626e-13, 7.27738615897e-13, 4.02901182469e-13, 2.57992114e-13, 1.20460214611e-13, 1.7437823917e-13, 1.46687756343e-13]}, "mfcc": {"mean": [-696.078430176, 138.791656494, -12.6270551682, 31.322095871, 3.21195244789, -5.21770238876, -7.67877626419, -2.142537117, -1.79979765415, 0.314481914043, -0.710021615028, -1.00916171074, 2.39233565331], "cov": [[28468.3730469, 7581.49560547, -975.866821289, 1600.46398926, 200.161895752, -328.797607422, -524.770690918, -145.469848633, -4.02135133743, 56.0244216919, -15.631570816, -52.0387916565, 111.722595215], [7581.49560547, 3081.52148438, -437.964172363, 540.312805176, 39.4073295593, -95.2158889771, -184.839569092, -57.9029541016, -5.21447896957, 36.6292877197, 5.25168561935, -0.778467655182, 42.7922821045], [-975.866821289, -437.964172363, 245.203216553, -48.3513412476, 24.8512840271, 43.9594078064, 70.3150405884, 26.2807807922, 30.350189209, 6.98734807968, 28.3126392365, 5.87661790848, 19.3417243958], [1600.46398926, 540.312805176, -48.3513412476, 181.804214478, 28.2361965179, -9.24404525757, -16.9573230743, -2.71667075157, 6.21107769012, 6.46239519119, 5.99565982819, -4.78978824615, 15.0258512497], [200.161895752, 39.4073295593, 24.8512840271, 28.2361965179, 65.3326263428, 26.3889389038, 25.4069232941, 10.9427623749, 19.1039600372, 4.97419261932, 15.5622730255, 4.07624721527, 14.9633512497], [-328.797607422, -95.2158889771, 43.9594078064, -9.24404525757, 26.3889389038, 65.0286254883, 41.2192687988, 22.4102039337, 16.5534515381, 8.87022018433, 17.2842483521, 10.2660675049, 14.5282535553], [-524.770690918, -184.839569092, 70.3150405884, -16.9573230743, 25.4069232941, 41.2192687988, 88.9520721436, 29.1504096985, 27.846578598, -1.63666152954, 16.6039180756, 0.484322100878, 19.613992691], [-145.469848633, -57.9029541016, 26.2807807922, -2.71667075157, 10.9427623749, 22.4102039337, 29.1504096985, 52.7894630432, 25.31599617, 15.1907424927, 10.7558584213, 11.0883016586, 8.78599071503], [-4.02135133743, -5.21447896957, 30.350189209, 6.21107769012, 19.1039600372, 16.5534515381, 27.846578598, 25.31599617, 72.3306427002, 21.175447464, 25.6153659821, 3.21043157578, 18.5077648163], [56.0244216919, 36.6292877197, 6.98734807968, 6.46239519119, 4.97419261932, 8.87022018433, -1.63666152954, 15.1907424927, 21.175447464, 49.3038482666, 21.2887325287, 14.3143854141, 7.1328830719], [-15.631570816, 5.25168561935, 28.3126392365, 5.99565982819, 15.5622730255, 17.2842483521, 16.6039180756, 10.7558584213, 25.6153659821, 21.2887325287, 55.0346984863, 21.3466186523, 18.6626014709], [-52.0387916565, -0.778467655182, 5.87661790848, -4.78978824615, 4.07624721527, 10.2660675049, 0.484322100878, 11.0883016586, 3.21043157578, 14.3143854141, 21.3466186523, 45.5047416687, 16.7449970245], [111.722595215, 42.7922821045, 19.3417243958, 15.0258512497, 14.9633512497, 14.5282535553, 19.613992691, 8.78599071503, 18.5077648163, 7.1328830719, 18.6626014709, 16.7449970245, 46.2078094482]], "icov": [[0.000119174706924, -0.000220117697609, -6.14772652625e-05, -0.000336965807946, -0.000231295241974, 0.000244870432653, 0.000238825785345, -0.000112727662781, -2.22242870223e-05, 8.52127850521e-05, 3.345073128e-05, 8.35588507471e-05, -7.90634003351e-05], [-0.000220117697609, 0.00139606860466, 0.00123802071903, -0.00182845490053, 0.000386707717553, -0.000420869415393, 0.000456266687252, 0.000488981197122, -0.000208699231734, -0.000478733330965, -0.000303865002934, -9.7447031294e-05, -0.000648322864436], [-6.14772652625e-05, 0.00123802071903, 0.00705024600029, -0.00119005644228, -0.000603362277616, -0.000933563685976, -0.00228304299526, 0.000237962856772, -0.000413287227275, -0.000633079209365, -0.00192273128778, 0.000789959856775, -0.00139568245504], [-0.000336965807946, -0.00182845490053, -0.00119005644228, 0.0141222178936, -0.00320643046871, 0.000659947632812, -0.00115349586122, -0.00129175407346, 0.00113580538891, -0.000139875483001, -0.000555276579689, 0.00230495422147, -0.00106436875649], [-0.000231295241974, 0.000386707717553, -0.000603362277616, -0.00320643046871, 0.022515937686, -0.0072284238413, -0.00288097769953, 0.00139899610076, -0.00256516039371, 0.0010361019522, -0.00176521611866, -0.000194234453375, -0.000914529780857], [0.000244870432653, -0.000420869415393, -0.000933563685976, 0.000659947632812, -0.0072284238413, 0.0267839580774, -0.00765912700444, -0.00436567794532, 0.00225189141929, -0.00243883789517, -0.00162156543229, -0.00198491779156, -0.00117660686374], [0.000238825785345, 0.000456266687252, -0.00228304299526, -0.00115349586122, -0.00288097769953, -0.00765912700444, 0.0249978527427, -0.00783808622509, -0.00278716511093, 0.00637504644692, -0.00277793011628, 0.00591029506177, -0.00633635185659], [-0.000112727662781, 0.000488981197122, 0.000237962856772, -0.00129175407346, 0.00139899610076, -0.00436567794532, -0.00783808622509, 0.0302821379155, -0.00740066543221, -0.00629382068291, 0.00516348239034, -0.00786916632205, 0.00333091546781], [-2.22242870223e-05, -0.000208699231734, -0.000413287227275, 0.00113580538891, -0.00256516039371, 0.00225189141929, -0.00278716511093, -0.00740066543221, 0.0229802187532, -0.00606553582475, -0.00692973099649, 0.00719076953828, -0.00531149283051], [8.52127850521e-05, -0.000478733330965, -0.000633079209365, -0.000139875483001, 0.0010361019522, -0.00243883789517, 0.00637504644692, -0.00629382068291, -0.00606553582475, 0.0299313552678, -0.00762790860608, -0.0039948085323, 0.0018072843086], [3.345073128e-05, -0.000303865002934, -0.00192273128778, -0.000555276579689, -0.00176521611866, -0.00162156543229, -0.00277793011628, 0.00516348239034, -0.00692973099649, -0.00762790860608, 0.0314775444567, -0.0115884169936, -0.00209600222297], [8.35588507471e-05, -9.7447031294e-05, 0.000789959856775, 0.00230495422147, -0.000194234453375, -0.00198491779156, 0.00591029506177, -0.00786916632205, 0.00719076953828, -0.0039948085323, -0.0115884169936, 0.0350598990917, -0.0118057811633], [-7.90634003351e-05, -0.000648322864436, -0.00139568245504, -0.00106436875649, -0.000914529780857, -0.00117660686374, -0.00633635185659, 0.00333091546781, -0.00531149283051, 0.0018072843086, -0.00209600222297, -0.0118057811633, 0.0330588258803]]}, "spectral_contrast_coeffs": {"dmean": [0.0408237576485, 0.0424657799304, 0.0348827317357, 0.0261427368969, 0.0179797783494, 0.0129328612238], "dmean2": [0.0664906129241, 0.0681517347693, 0.0575789287686, 0.0441715195775, 0.0297212228179, 0.0203413385898], "dvar": [0.00128665892407, 0.00119597988669, 0.000925854954403, 0.000456832553027, 0.000214584084461, 0.000129484818899], "dvar2": [0.0033509938512, 0.00312968739308, 0.00244155945256, 0.00130328419618, 0.00056468026014, 0.000300235318718], "max": [-0.30797329545, -0.493004024029, -0.590909063816, -0.633388340473, -0.69722032547, -0.672519981861], "mean": [-0.638140320778, -0.725413143635, -0.783829808235, -0.803821861744, -0.807681441307, -0.773966789246], "median": [-0.616891026497, -0.708622932434, -0.772187590599, -0.792057871819, -0.795368373394, -0.758599996567], "min": [-0.978927731514, -0.996155917645, -0.996361494064, -0.988925099373, -0.988543093204, -0.964243531227], "var": [0.0160656925291, 0.00980385020375, 0.00520987855271, 0.00352454953827, 0.00294204009697, 0.00381918461062]}, "spectral_contrast_valleys": {"dmean": [0.340449929237, 0.302187174559, 0.286153316498, 0.248474106193, 0.239769563079, 0.237643748522], "dmean2": [0.557977080345, 0.492671042681, 0.458906948566, 0.380087703466, 0.311812460423, 0.286064684391], "dvar": [0.168628722429, 0.145917877555, 0.145580336452, 0.131436705589, 0.149854198098, 0.129496619105], "dvar2": [0.269219249487, 0.184422388673, 0.180993422