{"lowlevel": {"average_loudness": 0.916091263294, "barkbands_crest": {"dmean": 2.82495808601, "dmean2": 4.34993457794, "dvar": 7.58390808105, "dvar2": 17.9021015167, "max": 26.6975040436, "mean": 13.3954401016, "median": 12.8064050674, "min": 2.34286022186, "var": 33.2692375183}, "barkbands_flatness_db": {"dmean": 0.0282038282603, "dmean2": 0.0408688671887, "dvar": 0.000889591523446, "dvar2": 0.00173719075974, "max": 0.530208349228, "mean": 0.139552742243, "median": 0.12702909112, "min": 0.0230690054595, "var": 0.0044611399062}, "barkbands_kurtosis": {"dmean": 7.59861421585, "dmean2": 11.4833173752, "dvar": 462.204620361, "dvar2": 1017.13250732, "max": 573.942504883, "mean": 12.4792575836, "median": 3.99166584015, "min": -1.91433393955, "var": 1046.67651367}, "barkbands_skewness": {"dmean": 0.791629970074, "dmean2": 1.17436993122, "dvar": 1.02918505669, "dvar2": 2.08570313454, "max": 22.1212368011, "mean": 2.2659175396, "median": 1.84332668781, "min": -3.96305823326, "var": 5.79053735733}, "barkbands_spread": {"dmean": 8.04330062866, "dmean2": 12.6633663177, "dvar": 100.159324646, "dvar2": 228.025604248, "max": 141.553909302, "mean": 22.3641548157, "median": 18.9987430573, "min": 0.150927245617, "var": 254.935760498}, "dissonance": {"dmean": 0.015797201544, "dmean2": 0.026146588847, "dvar": 0.00025238096714, "dvar2": 0.000661778321955, "max": 0.499998480082, "mean": 0.469993680716, "median": 0.474961549044, "min": 0.285940855742, "var": 0.000576785940211}, "dynamic_complexity": 4.4243888855, "erbbands_crest": {"dmean": 2.73767542839, "dmean2": 4.44896793365, "dvar": 6.60747289658, "dvar2": 16.7486820221, "max": 25.2001781464, "mean": 8.29012966156, "median": 7.46513748169, "min": 2.09062981606, "var": 14.8306617737}, "erbbands_flatness_db": {"dmean": 0.018425155431, "dmean2": 0.0268584284931, "dvar": 0.000356163975084, "dvar2": 0.000755876419134, "max": 0.395824491978, "mean": 0.130462735891, "median": 0.112510204315, "min": 0.0456218831241, "var": 0.0041157277301}, "erbbands_kurtosis": {"dmean": 0.886735856533, "dmean2": 1.40106022358, "dvar": 1.75505542755, "dvar2": 4.14717769623, "max": 24.187494278, "mean": 0.324493229389, "median": -0.191116333008, "min": -1.8039431572, "var": 3.72242331505}, "erbbands_skewness": {"dmean": 0.383578062057, "dmean2": 0.603860199451, "dvar": 0.148206293583, "dvar2": 0.364178031683, "max": 4.43273878098, "mean": 0.286426216364, "median": 0.287654459476, "min": -3.07783341408, "var": 0.603891313076}, "erbbands_spread": {"dmean": 10.5800628662, "dmean2": 15.347530365, "dvar": 127.320907593, "dvar2": 246.156646729, "max": 156.316864014, "mean": 45.4900474548, "median": 42.5762786865, "min": 3.87636137009, "var": 553.739013672}, "hfc": {"dmean": 14.2154254913, "dmean2": 23.6891078949, "dvar": 558.22088623, "dvar2": 1418.63024902, "max": 211.101654053, "mean": 29.4426708221, "median": 21.7438011169, "min": 1.14897689954e-16, "var": 860.442138672}, "melbands_crest": {"dmean": 3.35896587372, "dmean2": 5.26089954376, "dvar": 12.1951112747, "dvar2": 29.3961906433, "max": 39.8091926575, "mean": 18.4138851166, "median": 17.7774295807, "min": 1.78388679028, "var": 61.9050750732}, "melbands_flatness_db": {"dmean": 0.035638011992, "dmean2": 0.0515561699867, "dvar": 0.00150452693924, "dvar2": 0.00289077055641, "max": 0.678170025349, "mean": 0.215599969029, "median": 0.202784597874, "min": 0.00436676153913, "var": 0.00762249995023}, "melbands_kurtosis": {"dmean": 18.1303043365, "dmean2": 26.6073265076, "dvar": 2793.72460938, "dvar2": 6923.51806641, "max": 2539.74365234, "mean": 35.6039199829, "median": 12.4292554855, "min": -1.82012629509, "var": 5638.88037109}, "melbands_skewness": {"dmean": 1.11277616024, "dmean2": 1.63191568851, "dvar": 2.18250751495, "dvar2": 4.58602952957, "max": 49.0299720764, "mean": 3.83252286911, "median": 2.98604249954, "min": -1.89556777477, "var": 11.2627067566}, "melbands_spread": {"dmean": 7.15413188934, "dmean2": 11.4494171143, "dvar": 99.1770095825, "dvar2": 219.395172119, "max": 236.594589233, "mean": 21.1374549866, "median": 15.5756092072, "min": 0.312630712986, "var": 523.894287109}, "pitch_salience": {"dmean": 0.0768712982535, "dmean2": 0.115341439843, "dvar": 0.00664688786492, "dvar2": 0.0137324715033, "max": 0.95023059845, "mean": 0.450300306082, "median": 0.45508658886, "min": 0.0149592459202, "var": 0.0329110398889}, "silence_rate_20dB": {"dmean": 0, "dmean2": 0, "dvar": 0, "dvar2": 0, "max": 1, "mean": 1, "median": 1, "min": 1, "var": 0}, "silence_rate_30dB": {"dmean": 0.0757613256574, "dmean2": 0.151541411877, "dvar": 0.0700195506215, "dvar2": 0.156801179051, "max": 1, "mean": 0.85171431303, "median": 1, "min": 0, "var": 0.126291438937}, "silence_rate_60dB": {"dmean": 0.0133696459234, "dmean2": 0.0267426017672, "dvar": 0.0131879737601, "dvar2": 0.0299911703914, "max": 1, "mean": 0.110285922885, "median": 0, "min": 0, "var": 0.0981337949634}, "spectral_centroid": {"dmean": 324.25189209, "dmean2": 510.543426514, "dvar": 131044.648438, "dvar2": 294240.09375, "max": 10825.9169922, "mean": 1601.58007812, "median": 1435.14758301, "min": 109.615631104, "var": 707848.5}, "spectral_complexity": {"dmean": 5.27011632919, "dmean2": 8.45809078217, "dvar": 35.6011619568, "dvar2": 81.3423080444, "max": 60, "mean": 20.8882293701, "median": 21, "min": 0, "var": 135.172088623}, "spectral_decrease": {"dmean": 4.31092317399e-09, "dmean2": 6.7058101294e-09, "dvar": 3.22013636969e-17, "dvar2": 8.64923341891e-17, "max": 9.5607665189e-19, "mean": -1.39477327465e-08, "median": -1.19465868309e-08, "min": -6.17394491087e-08, "var": 1.28301523124e-16}, "spectral_energy": {"dmean": 0.016861114651, "dmean2": 0.0262924768031, "dvar": 0.000472215790069, "dvar2": 0.00127239443827, "max": 0.235058188438, "mean": 0.0553124547005, "median": 0.0489680543542, "min": 1.05367421572e-20, "var": 0.00191389746033}, "spectral_energyband_high": {"dmean": 0.00116576626897, "dmean2": 0.00193446176127, "dvar": 4.85876944367e-06, "dvar2": 1.22708379422e-05, "max": 0.0186585001647, "mean": 0.00178734422661, "median": 0.000796075328253, "min": 7.78310475002e-21, "var": 6.3359948399e-06}, "spectral_energyband_low": {"dmean": 0.014578753151, "dmean2": 0.0218355040997, "dvar": 0.000466493103886, "dvar2": 0.0012022255687, "max": 0.230090469122, "mean": 0.0383713319898, "median": 0.0270635541528, "min": 7.73511565272e-23, "var": 0.00167215813417}, "spectral_energyband_middle_high": {"dmean": 0.00214587547816, "dmean2": 0.00361980288289, "dvar": 1.52279690155e-05, "dvar2": 4.03244594054e-05, "max": 0.0545585602522, "mean": 0.00449214223772, "median": 0.00324559141882, "min": 1.71402142484e-21, "var": 2.12785198528e-05}, "spectral_energyband_middle_low": {"dmean": 0.00604124972597, "dmean2": 0.0100968573242, "dvar": 0.000130912507302, "dvar2": 0.000349360430846, "max": 0.126168936491, "mean": 0.0116886086762, "median": 0.00732099916786, "min": 2.80340163083e-22, "var": 0.000173095977516}, "spectral_entropy": {"dmean": 0.189635783434, "dmean2": 0.284304201603, "dvar": 0.0527108758688, "dvar2": 0.108883164823, "max": 9.79315948486, "mean": 7.84639167786, "median": 7.88461875916, "min": 5.07192850113, "var": 0.20279212296}, "spectral_flux": {"dmean": 0.0334986485541, "dmean2": 0.0523483641446, "dvar": 0.00140535773244, "dvar2": 0.00287619815208, "max": 0.418790251017, "mean": 0.10390586406, "median": 0.09237010777, "min": 1.02648632649e-10, "var": 0.00475186062977}, "spectral_kurtosis": {"dmean": 1.51948654652, "dmean2": 2.37463760376, "dvar": 8.1589717865, "dvar2": 19.3950691223, "max": 68.0629806519, "mean": 4.38673734665, "median": 3.10969305038, "min": -1.21516680717, "var": 27.9994773865}, "spectral_rms": {"dmean": 0.00105136528146, "dmean2": 0.00159850681666, "dvar": 1.37519839427e-06, "dvar2": 3.29679687638e-06, "max": 0.0151434820145, "mean": 0.00655413512141, "median": 0.00691185286269, "min": 3.20620461604e-12, "var": 1.10067740025e-05}, "spectral_rolloff": {"dmean": 689.164367676, "dmean2": 1169.05761719, "dvar": 1742594, "dvar2": 4218133.5, "max": 18992.2851562, "mean": 1501.84240723, "median": 624.462890625, "min": 21.533203125, "var": 4804288.5}, "spectral_skewness": {"dmean": 0.223101064563, "dmean2": 0.333297431469, "dvar": 0.0769564807415, "dvar2": 0.16633374989, "max": 6.72250318527, "mean": 1.46845448017, "median": 1.40220606327, "min": -0.209079638124, "var": 0.373699605465}, "spectral_spread": {"dmean": 699221.5, "dmean2": 963977.75, "dvar": 742412582912, "dvar2": 1270309978110.0, "max": 41641220, "mean": 5509807, "median": 5543627, "min": 1178906.625, "var": 4156239904770.0}, "spectral_strongpeak": {"dmean": 0.340004652739, "dmean2": 0.583188951015, "dvar": 0.376202821732, "dvar2": 0.934701263905, "max": 7.90791416168, "mean": 0.645835578442, "median": 0.427957296371, "min": 0, "var": 0.493666827679}, "zerocrossingrate": {"dmean": 0.0140100689605, "dmean2": 0.0171105787158, "dvar": 0.000251245568506, "dvar2": 0.000345864478732, "max": 0.513671875, "mean": 0.0680840760469, "median": 0.05224609375, "min": 0.00244140625, "var": 0.00326567119919}, "barkbands": {"dmean": [0.000940980273299, 0.0128639899194, 0.00356634217314, 0.00237103737891, 0.00105135771446, 0.000620125792921, 0.00207688100636, 0.00147182622459, 0.000640750222374, 0.000362709542969, 0.000509925186634, 0.000257366104051, 0.000386836647522, 0.000404638645705, 0.000308402290102, 0.00032566304435, 0.000209878417081, 0.000182913412573, 0.00021231174469, 0.000193085958017, 0.000206259661354, 0.000144524368807, 0.000165416699019, 0.000231778380112, 0.000263915484538, 0.000137934461236, 2.61244586e-05], "dmean2": [0.00128581235185, 0.0190924182534, 0.00557107198983, 0.00438928697258, 0.00178753596265, 0.000973506364971, 0.00337566668168, 0.00230705155991, 0.000958581280429, 0.000576463819016, 0.000841457629576, 0.000419357034843, 0.000650305184536, 0.000687672756612, 0.000523556140251, 0.000573983008508, 0.000355905824108, 0.000313679280225, 0.000371564063244, 0.000334479962476, 0.000349713722244, 0.000234691324295, 0.000272536999546, 0.00038015973405, 0.000442915072199, 0.000231177938986, 4.28266248491e-05], "dvar": [2.09502491089e-06, 0.000424922007369, 7.20665193512e-05, 7.98832261353e-05, 5.1182205425e-06, 1.18160392049e-06, 2.16645985347e-05, 1.08095628093e-05, 2.40245776695e-06, 4.31000813705e-07, 8.08892366422e-07, 2.08951959735e-07, 3.73632502715e-07, 6.38152869215e-07, 2.85064885475e-07, 4.35827359979e-07, 1.38815067885e-07, 9.40615194622e-08, 1.29308389774e-07, 1.19464942827e-07, 1.51248897851e-07, 5.59546577961e-08, 1.09832257067e-07, 2.53319370813e-07, 3.21777804402e-07, 8.94812330898e-08, 3.55380302963e-09], "dvar2": [3.28497276314e-06, 0.00100217282306, 0.000167578837136, 0.00022832005925, 1.39344583658e-05, 2.96300459013e-06, 5.70989141124e-05, 2.67261057161e-05, 5.29372800884e-06, 1.02360934306e-06, 2.03395302378e-06, 5.08339098815e-07, 9.26565519421e-07, 1.68311066773e-06, 7.51404570565e-07, 1.22199332964e-06, 3.60154587042e-07, 2.53479782941e-07, 3.52691671424e-07, 3.27433042457e-07, 4.22083445528e-07, 1.44883117059e-07, 2.82304085886e-07, 6.46898399737e-07, 8.28600491332e-07, 2.27291721444e-07, 8.57043858105e-09], "max": [0.0177726317197, 0.223888263106, 0.0798907577991, 0.0972864031792, 0.0302552524954, 0.0172080732882, 0.0803187564015, 0.0853658616543, 0.0416222549975, 0.0218219980597, 0.0232493486255, 0.00813511945307, 0.0172311998904, 0.0165448654443, 0.0128282783553, 0.0067132236436, 0.00593368755654, 0.00456357793882, 0.0046139517799, 0.00546307163313, 0.00525021739304, 0.00357962958515, 0.00358623405918, 0.00442369282246, 0.00515722157434, 0.002510888502, 0.000658588076476], "mean": [0.00185350177344, 0.0308445952833, 0.00475326692685, 0.00165247148834, 0.00148342130706, 0.00125733017921, 0.00349075160921, 0.00244064163417, 0.00114278425463, 0.000538130989298, 0.000710791849997, 0.00039668683894, 0.000571805052459, 0.000534176884685, 0.000440040923422, 0.000415362446802, 0.000298307772027, 0.000256755534792, 0.000316822144669, 0.000284517882392, 0.000320158404065, 0.0002364385291, 0.000228959645028, 0.000312720076181, 0.000321569910739, 0.000170315353898, 4.01618744945e-05], "median": [0.00076020375127, 0.0204069055617, 0.00155866169371, 0.000183757423656, 0.000698974879924, 0.00065478682518, 0.000927795597818, 0.000768205965869, 0.000349491048837, 0.00028392492095, 0.000334517273586, 0.000199008296477, 0.000319694343489, 0.000253848324064, 0.000244391849265, 0.000201543516596, 0.000167086618603, 0.000161229691003, 0.000220499976422, 0.000174832413904, 0.000221583235543, 0.000121020857478, 8.16453321022e-05, 7.94640654931e-05, 7.27599035599e-05, 4.28693965659e-05, 1.05483886728e-05], "min": [1.45374095959e-23, 4.27883645464e-23, 1.32013584792e-23, 2.72073519263e-23, 7.26823810784e-23, 2.28107035131e-23, 3.45578253125e-23, 2.86835820481e-23, 3.79557868638e-23, 2.09422034709e-22, 3.09912336987e-23, 1.25347006479e-22, 1.04963585373e-22, 7.31843679822e-23, 1.90334402837e-22, 1.67368465697e-22, 1.6923740971e-22, 1.69018649115e-22, 2.99122549961e-22, 4.03435280911e-22, 2.73907021333e-22, 5.10812704923e-22, 5.26090959039e-22, 1.04357255521e-21, 1.38274689862e-21, 1.38668670979e-21, 2.65287485321e-21], "var": [6.56001839161e-06, 0.00133390270639, 7.85806259955e-05, 4.67823992949e-05, 5.09686606165e-06, 2.9692314456e-06, 4.42995988124e-05, 2.21012269321e-05, 7.06342734702e-06, 6.70711017392e-07, 1.16999297006e-06, 3.46056879152e-07, 5.8595264818e-07, 7.20487150829e-07, 3.67298241599e-07, 4.16119064539e-07, 1.81621231832e-07, 1.01239699291e-07, 1.36474866963e-07, 1.29430304696e-07, 1.5440990353e-07, 9.61278630029e-08, 1.32313942913e-07, 3.14201173524e-07, 3.46044430444e-07, 1.03874775448e-07, 5.90190207816e-09]}, "erbbands": {"dmean": [0.476032942533, 2.8028318882, 4.69732809067, 5.9349656105, 5.02315568924, 3.73058581352, 2.99926400185, 6.24988508224, 27.7936382294, 30.980890274, 24.1622028351, 15.7893981934, 9.19928646088, 11.342297554, 22.5675086975, 10.77734375, 17.6916275024, 20.7429618835, 16.9248847961, 16.0779647827, 14.5520629883, 10.4136018753, 9.8847026825, 10.7791070938, 10.1934461594, 9.81323719025, 7.99418973923, 8.02217102051, 5.25311470032, 4.92072296143, 4.9268693924, 5.16258049011, 3.67857098579, 3.04801893234, 1.79441809654, 0.796856224537, 0.220702677965, 0.046325571835, 0.00449563888833, 0.000168211277924], "dmean2": [0.69440472126, 4.12607812881, 7.25447463989, 10.2153940201, 8.97485542297, 6.23747968674, 4.87746667862, 9.8139667511, 45.9739112854, 49.0215072632, 37.0640068054, 23.6462688446, 14.249630928, 18.9122905731, 37.0180473328, 17.1289920807, 29.4409103394, 35.4156990051, 28.637430191, 27.6664466858, 25.5616893768, 17.5860366821, 16.815990448, 18.8811092377, 17.8287315369, 17.1255378723, 13.60414505, 13.4888267517, 8.62477302551, 7.97873163223, 8.19620132446, 8.51891136169, 6.04786157608, 5.11394023895, 3.03123688698, 1.35235083103, 0.369140833616, 0.074803814292, 0.00733612058684, 0.000277300481685], "dvar": [0.570286989212, 22.766084671, 115.911178589, 395.120697021, 250.048248291, 56.5881996155, 33.4309539795, 119.692802429, 4706.39111328, 3110.11938477, 3268.91308594, 1416.66088867, 378.461181641, 423.024597168, 1730.94750977, 353.727752686, 772.623901367, 1632.31542969, 990.637390137, 886.044372559, 960.418640137, 401.500305176, 280.340942383, 341.587463379, 289.53994751, 323.040985107, 213.359222412, 217.989807129, 76.3987731934, 74.303527832, 104.734352112, 136.445755005, 57.0984268188, 38.4859275818, 17.1157226562, 3.14136457443, 0.243631869555, 0.00988235604018, 0.000101868718048, 1.29266823023e-07], "dvar2": [1.20761334896, 49.91746521, 280.73147583, 1072.78771973, 705.910705566, 150.354232788, 86.0635070801, 304.674926758, 12530.4951172, 7641.04394531, 7580.45117188, 3112.8515625, 822.680175781, 1078.46850586, 4322.81347656, 802.287231445, 1872.88879395, 4342.25097656, 2628.03955078, 2407.44140625, 2677.54833984, 1067.27111816, 742.475708008, 930.085021973, 796.800354004, 895.57220459, 594.656738281, 605.198669434, 202.438018799, 184.907516479, 270.88104248, 351.896453857, 145.846115112, 98.8047637939, 44.9659957886, 8.12266254425, 0.625352919102, 0.0236097741872, 0.000246966868872, 3.20291292155e-07], "max": [7.52074670792, 50.473575592, 105.870513916, 205.405838013, 222.578659058, 112.767318726, 95.0114746094, 185.161972046, 1382.14355469, 975.637634277, 1247.42236328, 1014.12561035, 886.441772461, 373.479217529, 1173.09973145, 406.228271484, 880.4609375, 707.207702637, 827.073059082, 401.382080078, 305.632354736, 277.618743896, 307.22869873, 223.5181427, 275.477294922, 222.669937134, 204.001312256, 172.11517334, 141.346389771, 99.541809082, 126.780029297, 107.515197754, 73.4477615356, 53.772857666, 38.629737854, 15.3955459595, 4.51147985458, 1.08359634876, 0.11051607877, 0.00453000236303], "mean": [1.16464698315, 5.68269968033, 7.06205224991, 5.24488925934, 4.66050720215, 5.33482074738, 5.22993755341, 13.1297798157, 47.0507278442, 52.6130332947, 45.1874465942, 29.4719867706, 15.0220851898, 16.4925403595, 33.2192306519, 19.4041500092, 27.7936344147, 28.2819633484, 25.1532173157, 23.320526123, 19.2350196838, 15.0178432465, 14.77592659, 16.0830078125, 15.0442495346, 14.2859296799, 13.1801071167, 11.5785713196, 8.36880493164, 7.62681722641, 6.59595727921, 6.5088019371, 5.0719628334, 3.77263307571, 2.10041093826, 0.937327682972, 0.28262796998, 0.0641902983189, 0.00692736823112, 0.000318138248986], "median": [0.707874834538, 3.19761276245, 3.18745470047, 1.13141572475, 1.22274124622, 2.29840064049, 3.12084245682, 6.56541967392, 11.4135599136, 23.3280487061, 13.4237308502, 10.0936403275, 7.87717962265, 8.42751121521, 16.2380256653, 10.8668794632, 16.4249401093, 14.6238384247, 13.8217868805, 12.9797716141, 10.1673498154, 8.99100875854, 9.75488853455, 10.2287464142, 10.7354059219, 8.89389610291, 9.23809623718, 7.1252207756, 4.37734508514, 3.18807816505, 2.31679534912, 1.84405219555, 1.18198728561, 0.862028777599, 0.485844999552, 0.215503767133, 0.0716827362776, 0.0171178430319, 0.0018124259077, 0.00014882463438], "min": [8.93415242178e-22, 1.04472967911e-20, 1.98427364981e-20, 5.44034620925e-20, 1.23359137885e-19, 2.32721733571e-19, 4.39120718895e-19, 1.41331097184e-19, 4.31493725906e-19, 5.22731876718e-19, 6.54986889727e-19, 9.80840888466e-19, 3.67871661589e-18, 5.95841190843e-18, 3.41802113327e-18, 3.55370729146e-18, 4.52339540713e-18, 4.71550479567e-18, 9.21895274232e-18, 7.76258133273e-18, 8.82902972773e-18, 9.96359644617e-18, 1.04959334925e-17, 8.26967365391e-18, 1.96488433075e-17, 1.90755343511e-17, 1.17423763888e-17, 1.30193364594e-17, 1.8009626105e-17, 2.06186331664e-17, 1.25537189741e-17, 1.64329139784e-17, 2.05197371067e-17, 1.43197917681e-17, 1.02418318801e-17, 5.62690687024e-18, 2.54088894468e-18, 1.14679586002e-18, 3.86481141911e-19, 3.88543503511e-20], "var": [2.08453536034, 57.0974082947, 136.280029297, 273.538391113, 157.485290527, 71.3545074463, 47.0695800781, 336.104492188, 8818.99023438, 6411.93798828, 8226.22753906, 3961.67016602, 695.96105957, 569.790893555, 2612.41357422, 722.841186523, 1330.54089355, 1825.04772949, 1269.17736816, 1024.49523926, 853.341552734, 446.962493896, 320.046630859, 389.807556152, 296.454864502, 331.539489746, 239.942657471, 223.684524536, 123.490791321, 122.497711182, 114.983047485, 143.66444397, 79.830116272, 43.9390869141, 16.7705726624, 3.31301593781, 0.296248793602, 0.0148695288226, 0.000170181127032, 2.31750007629e-07]}, "gfcc": {"mean": [-0.104157090187, 62.3166732788, -102.681762695, 29.4404506683, -47.3152160645, 15.7354021072, -23.9680995941, 15.7903261185, -13.6833534241, 18.2530841827, -6.51683616638, 3.62217187881, -11.2263755798], "cov": [[29990.2382812, 2951.23486328, 3962.62182617, 107.853614807, -1140.34082031, 1623.41967773, -710.441955566, 907.651977539, 421.923553467, 248.982437134, -273.402313232, -84.1927490234, -463.521270752], [2951.23486328, 2709.03637695, 507.103088379, -111.763427734, 66.1821517944, -31.106546402, 94.2717971802, -54.0455055237, 117.101020813, -40.0225944519, 106.489303589, -29.0073375702, 45.4605102539], [3962.62182617, 507.103088379, 1682.73413086, 74.955368042, 69.5370025635, 512.808898926, -12.8496131897, 341.266174316, 121.285125732, 89.8439941406, -24.9297046661, 15.9176044464, -79.8509674072], [107.853614807, -111.763427734, 74.955368042, 506.592590332, 59.0176467896, 84.6820220947, 89.841255188, 2.96384453773, 42.7117118835, 1.36588919163, 32.8550720215, -14.5105352402, 3.10906839371], [-1140.34082031, 66.1821517944, 69.5370025635, 59.0176467896, 415.74118042, 58.4363327026, 151.231323242, 62.3307876587, 40.6928367615, 9.3238286972, 13.0620088577, 10.4372901917, 23.7849311829], [1623.41967773, -31.106546402, 512.808898926, 84.6820220947, 58.4363327026, 333.364105225, 24.7014789581, 182.704940796, 78.4268951416, 51.6803016663, -5.10046005249, 11.4126462936, -25.941192627], [-710.441955566, 94.2717971802, -12.8496131897, 89.841255188, 151.231323242, 24.7014789581, 190.104751587, 55.9564590454, 70.9985580444, 24.9317798615, 39.0283355713, 11.0022583008, 25.2337646484], [907.651977539, -54.0455055237, 341.266174316, 2.96384453773, 62.3307876587, 182.704940796, 55.9564590454, 207.388412476, 93.5944213867, 71.8308334351, 9.82955646515, 23.4559631348, -7.82483911514], [421.923553467, 117.101020813, 121.285125732, 42.7117118835, 40.6928367615, 78.4268951416, 70.9985580444, 93.5944213867, 137.056213379, 63.068447113, 53.1901893616, 16.3129558563, 9.17718696594], [248.982437134, -40.0225944519, 89.8439941406, 1.36588919163, 9.3238286972, 51.6803016663, 24.9317798615, 71.8308334351, 63.068447113, 104.037788391, 55.0154724121, 39.5438804626, 10.0979833603], [-273.402313232, 106.489303589, -24.9297046661, 32.8550720215, 13.0620088577, -5.10046005249, 39.0283355713, 9.82955646515, 53.1901893616, 55.0154724121, 103.895339966, 43.6789169312, 36.5784416199], [-84.1927490234, -29.0073375702, 15.9176044464, -14.5105352402, 10.4372901917, 11.4126462936, 11.0022583008, 23.4559631348, 16.3129558563, 39.5438804626, 43.6789169312, 73.0418014526, 35.4223709106], [-463.521270752, 45.4605102539, -79.8509674072, 3.10906839371, 23.7849311829, -25.941192627, 25.2337646484, -7.82483911514, 9.17718696594, 10.0979833603, 36.5784416199, 35.4223709106, 61.4338607788]], "icov": [[0.000118565876619, -0.000198409776203, 5.45056718693e-06, -0.000154175184434, 0.000292555865599, -0.000360980659025, 0.000445684068836, -0.000278245803202, -0.000174929911736, -0.000221963651711, 0.000544200709555, -0.000352583942004, 0.000513984938152], [-0.000198409776203, 0.000939898134675, -0.000498255598359, 0.000634702853858, -0.000472534709843, 0.000839727523271, -0.00114286073949, 0.00135498517193, -0.000497934001032, 0.00107774336357, -0.00175565015525, 0.00137981318403, -0.00154575472698], [5.45056718693e-06, -0.000498255598359, 0.00164538191166, -0.00035353662679, -0.000114477355964, -0.00154728849884, 0.000887368805707, -0.00176571053453, 0.000691900204401, -0.000269440031843, 0.000436356611317, -0.000981802586466, 0.00161516491789], [-0.000154175184434, 0.000634702853858, -0.00035353662679, 0.00296739744954, -0.000224434203119, -0.000761142990086, -0.00223917677067, 0.00244523375295, -0.000426042097388, 0.000906671863049, -0.0021254257299, 0.00187564245425, -0.00114732317161], [0.000292555865599, -0.000472534709843, -0.000114477355964, -0.000224434203119, 0.00429712980986, -0.00135807727929, -0.00201560929418, -0.000749396334868, 0.000253406702541, -0.000289755203994, 0.00177877990063, -0.000868830888066, 0.00036650893162], [-0.000360980659025, 0.000839727523271, -0.00154728849884, -0.000761142990086, -0.00135807727929, 0.00963465217501, -0.000151489904965, -0.00406871410087, -0.000442772026872, 0.00157060171477, -0.00141793000512, 0.000657513504848, -0.000906380359083], [0.000445684068836, -0.00114286073949, 0.000887368805707, -0.00223917677067, -0.00201560929418, -0.000151489904965, 0.0126515058801, -0.00468518678099, -0.00355452834629, 7.92617065599e-05, 0.0010991950985, -0.000973221263848, 0.000822845729999], [-0.000278245803202, 0.00135498517193, -0.00176571053453, 0.00244523375295, -0.000749396334868, -0.00406871410087, -0.00468518678099, 0.0183303523809, -0.0059723239392, -0.00446348078549, 0.00304340617731, -3.45817679772e-05, -0.00285591790453], [-0.000174929911736, -0.000497934001032, 0.000691900204401, -0.000426042097388, 0.000253406702541, -0.000442772026872, -0.00355452834629, -0.0059723239392, 0.0177644975483, -0.00408791238442, -0.00635993108153, 0.0039409128949, -8.35708124214e-05], [-0.000221963651711, 0.00107774336357, -0.000269440031843, 0.000906671863049, -0.000289755203994, 0.00157060171477, 7.92617065599e-05, -0.00446348078549, -0.00408791238442, 0.022754220292, -0.0105322599411, -0.00513092009351, 0.00340597564355], [0.000544200709555, -0.00175565015525, 0.000436356611317, -0.0021254257299, 0.00177877990063, -0.00141793000512, 0.0010991950985, 0.00304340617731, -0.00635993108153, -0.0105322599411, 0.026297846809, -0.00883767753839, -0.003152374411], [-0.000352583942004, 0.00137981318403, -0.000981802586466, 0.00187564245425, -0.000868830888066, 0.000657513504848, -0.000973221263848, -3.45817679772e-05, 0.0039409128949, -0.00513092009351, -0.00883767753839, 0.0292429998517, -0.0153876021504], [0.000513984938152, -0.00154575472698, 0.00161516491789, -0.00114732317161, 0.00036650893162, -0.000906380359083, 0.000822845729999, -0.00285591790453, -8.35708124214e-05, 0.00340597564355, -0.003152374411, -0.0153876021504, 0.0324326120317]]}, "melbands": {"dmean": [0.00375899509527, 0.00264725601301, 0.000995745300315, 0.000282221153611, 0.0001164962232, 0.000149094630615, 0.000421426462708, 0.000345071981428, 0.000187045574421, 9.03401596588e-05, 4.55476692878e-05, 4.59501279693e-05, 7.07630606485e-05, 3.92407018808e-05, 3.18961065204e-05, 3.88816733903e-05, 4.21267977799e-05, 2.88105129584e-05, 1.93413488887e-05, 2.72356337518e-05, 1.57992835739e-05, 1.08569556687e-05, 1.17781974041e-05, 8.39190670376e-06, 9.20576076169e-06, 8.3525210357e-06, 6.71854377288e-06, 6.68675420457e-06, 5.03543014929e-06, 5.28474356543e-06, 4.83485746372e-06, 3.1531667446e-06, 2.83501208287e-06, 2.77798358184e-06, 3.06126958094e-06, 2.83352369479e-06, 3.30101647705e-06, 2.71866156254e-06, 2.48181277129e-06, 2.67224800155e-06], "dmean2": [0.00559008400887, 0.00402074446902, 0.00169015920255, 0.000488818972372, 0.000188866251847, 0.000235243875068, 0.000695743365213, 0.000545165501535, 0.000285841582809, 0.000135287293233, 7.08486695657e-05, 7.68613535911e-05, 0.000116921328299, 6.3449908339e-05, 5.10598547407e-05, 6.58820572426e-05, 7.19700692571e-05, 4.85387245135e-05, 3.26980589307e-05, 4.78398287669e-05, 2.7951602533e-05, 1.8350299797e-05, 1.9942455765e-05, 1.45034682646e-05, 1.60969739227e-05, 1.46357288031e-05, 1.17777344713e-05, 1.16468700071e-05, 8.60786894918e-06, 8.93914966582e-06, 8.15382190922e-06, 5.2210875765e-06, 4.65649145553e-06, 4.49895378551e-06, 5.14632711202e-06, 4.71307475891e-06, 5.41171766599e-06, 4.40559506387e-06, 4.22064522354e-06, 4.47016327598e-06], "dvar": [3.68232067558e-05, 2.56755974988e-05, 1.0552726053e-05, 4.64666044309e-07, 4.55007231892e-08, 7.71366543972e-08, 1.04296191239e-06, 4.22696018632e-07, 2.00803867756e-07, 4.51857147254e-08, 9.21980980451e-09, 7.21924031666e-09, 1.56383190841e-08, 4.74729056066e-09, 2.48933118563e-09, 4.33143698686e-09, 6.84048551136e-09, 2.97524205273e-09, 1.14163889453e-09, 2.5207946841e-09, 1.22397103564e-09, 4.38560604499e-10, 4.94045859778e-10, 1.77080114461e-10, 2.55949456074e-10, 1.84721113405e-10, 1.69496888747e-10, 1.31386276858e-10, 9.57261631074e-11, 7.01636040934e-11, 7.99163998866e-11, 2.80409948733e-11, 2.17618735532e-11, 2.57181914654e-11, 4.17578610579e-11, 3.63838438544e-11, 5.27575066966e-11, 2.96414177925e-11, 2.53471670736e-11, 2.92802310176e-11], "dvar2": [8.5505482275e-05, 5.96237259742e-05, 2.84050820483e-05, 1.27829218854e-06, 1.16733978928e-07, 2.00395277261e-07, 2.79654068436e-06, 1.06344532469e-06, 4.58433959238e-07, 9.87545547559e-08, 2.01118055543e-08, 1.83565731504e-08, 3.95842114642e-08, 1.15192575478e-08, 5.69234481773e-09, 1.1332383032e-08, 1.80366548364e-08, 7.88749243696e-09, 2.98312219371e-09, 6.92001211888e-09, 3.39310557429e-09, 1.16130971506e-09, 1.31067612319e-09, 4.78354134081e-10, 7.00037028345e-10, 5.01582220203e-10, 4.73375227905e-10, 3.61731478105e-10, 2.69067212955e-10, 1.88737470097e-10, 2.22939014471e-10, 7.45201955699e-11, 5.64935181968e-11, 6.46921197167e-11, 1.10272964371e-10, 9.34003013819e-11, 1.34620550818e-10, 7.56085818954e-11, 6.59509738488e-11, 7.57091472847e-11], "max": [0.0615273602307, 0.0527932271361, 0.0363330617547, 0.00909244641662, 0.00301558058709, 0.00500806979835, 0.0188321787864, 0.0149476230145, 0.0111640114337, 0.0055723823607, 0.00435319449753, 0.00162074051332, 0.0031549197156, 0.00154877093155, 0.00157795962878, 0.00112658261787, 0.00161308224779, 0.00128351245075, 0.000456869252957, 0.000551096571144, 0.000398588279495, 0.000324524677126, 0.000408361316659, 0.000167757505551, 0.000202256094781, 0.000210812562727, 0.000184749806067, 0.000135403955937, 0.000173189502675, 0.000122092445963, 0.00010236378148, 8.4282241005e-05, 6.58413555357e-05, 5.23771595908e-05, 9.85126607702e-05, 4.72914471175e-05, 7.0232883445e-05, 6.26586770522e-05, 4.24832978752e-05, 5.02657931065e-05], "mean": [0.00929416529834, 0.00507811736315, 0.00091613054974, 0.000354588148184, 0.000199411340873, 0.000299047474982, 0.000723574077711, 0.000576026155613, 0.000355877156835, 0.000161155461683, 6.95797498338e-05, 6.27504268778e-05, 0.000100971839856, 6.2496845203e-05, 5.423809489e-05, 5.40524233656e-05, 5.39411921636e-05, 4.06492326874e-05, 2.75503134617e-05, 3.66691165254e-05, 1.91205781448e-05, 1.47554783325e-05, 1.64846769621e-05, 1.19022779472e-05, 1.29825357362e-05, 1.16768105727e-05, 9.2700111054e-06, 9.4678325695e-06, 7.89198838902e-06, 8.07363448985e-06, 6.35416927253e-06, 4.85972441311e-06, 4.27844634032e-06, 4.07764991905e-06, 3.89435535908e-06, 3.51829430656e-06, 4.19669186158e-06, 3.77254536943e-06, 3.07968548441e-06, 3.20107233165e-06], "median": [0.00618959218264, 0.00301038683392, 0.000213833845919, 0.000133993467898, 0.000113588124805, 0.000143548561027, 0.000177543784957, 0.000248875672696, 9.24064952414e-05, 5.47562449356e-05, 3.44693980878e-05, 2.75481088465e-05, 4.93065781484e-05, 3.29445974785e-05, 3.20774815918e-05, 2.9792650821e-05, 2.50856592174e-05, 2.107025648e-05, 1.54589197336e-05, 1.75982168003e-05, 9.45103693084e-06, 8.15947714727e-06, 9.54654296947e-06, 7.29787780074e-06, 7.70178485254e-06, 7.91523780208e-06, 5.9425069594e-06, 5.57293333259e-06, 5.25851555722e-06, 5.47859008293e-06, 3.30851662511e-06, 2.4525477329e-06, 2.0965424028e-06, 1.55680595526e-06, 1.3564888377e-06, 1.16989758681e-06, 1.1178880186e-06, 8.30090925774e-07, 7.36187246275e-07, 7.08247682724e-07], "min": [1.11958303001e-23, 1.24415663095e-23, 1.22247455231e-23, 1.02847377642e-23, 1.57309182802e-23, 3.64081395865e-24, 6.41910791391e-24, 6.00748266015e-24, 5.30101945977e-24, 5.96974118786e-24, 1.88193891879e-23, 2.54809014362e-23, 7.62834964008e-24, 1.66098592122e-23, 4.26633726914e-24, 1.23677991374e-23, 8.41149130374e-24, 1.30937207753e-23, 1.37752737204e-23, 9.67954418812e-24, 9.86002294146e-24, 9.60375910981e-24, 9.00262658965e-24, 9.95888535668e-24, 4.78480978821e-24, 1.61270353174e-23, 1.19563024679e-23, 1.30738817124e-23, 8.45273295186e-24, 4.48159768865e-24, 9.24822107755e-24, 9.98429062213e-24, 1.02020193874e-23, 1.24585788838e-23, 6.49570473009e-24, 7.94983964681e-24, 1.09665092238e-23, 1.37068368814e-23, 1.29692117032e-23, 1.2363292375e-23], "var": [0.000122893805383, 4.73436630273e-05, 7.48653565097e-06, 4.00453558314e-07, 6.53872973544e-08, 1.9294063236e-07, 2.0498766844e-06, 8.43333452849e-07, 5.55715132577e-07, 1.2206552924e-07, 1.62717270769e-08, 9.77719949447e-09, 2.28838601402e-08, 7.79132314221e-09, 5.11272890691e-09, 5.30915844621e-09, 7.79735032097e-09, 3.65223007393e-09, 1.40304734497e-09, 2.91172552735e-09, 1.01349972859e-09, 4.92554164122e-10, 5.61904633933e-10, 2.07868763868e-10, 2.87635998353e-10, 1.92374824404e-10, 1.53735038588e-10, 1.45495254733e-10, 1.00243466306e-10, 8.64988705662e-11, 7.90196519329e-11, 4.72990258071e-11, 3.25521831712e-11, 3.95348441484e-11, 4.28634731875e-11, 3.70962496832e-11, 6.07277353404e-11, 4.56308740793e-11, 2.96626924412e-11, 3.23788496015e-11]}, "mfcc": {"mean": [-640.451477051, 102.156669617, 6.95142698288, 21.9503936768, 4.1548409462, 8.2879076004, 6.00024795532, 0.985373020172, 4.03434896469, 8.90073299408, 9.3016576767, 10.338385582, 6.97902584076], "cov": [[16157.3730469, 1311.69506836, 1280.75109863, -210.91545105, 363.789550781, 290.807952881, 14.1223754883, 328.162658691, 344.917602539, 376.039825439, 327.850372314, 287.058990479, 236.756698608], [1311.69506836, 2284.46069336, 62.3577156067, 24.5141181946, 69.7872543335, 34.1824378967, 73.9431838989, 38.0298805237, 31.1865692139, 19.3831958771, 41.9892120361, 63.1228485107, 71.6867828369], [1280.75109863, 62.3577156067, 825.960571289, -19.4494724274, 186.607803345, 87.8168029785, 101.870994568, 129.616195679, 114.222915649, 98.0987701416, 84.0862960815, 77.7692718506, 64.0105514526], [-210.91545105, 24.5141181946, -19.4494724274, 369.525878906, 45.2237510681, 105.4923172, 68.7111358643, 31.1031455994, 14.1954727173, 21.7731304169, 16.628862381, 20.6411571503, 9.82430553436], [363.789550781, 69.7872543335, 186.607803345, 45.2237510681, 226.24079895, 89.0920639038, 83.4661941528, 86.2720947266, 75.1183242798, 54.3412513733, 39.828289032, 24.0648822784, 31.9237823486], [290.807952881, 34.1824378967, 87.8168029785, 105.4923172, 89.0920639038, 139.43536377, 68.2814407349, 64.5347518921, 41.2903060913, 41.8656578064, 32.182964325, 24.7107696533, 21.46434021], [14.1223754883, 73.9431838989, 101.870994568, 68.7111358643, 83.4661941528, 68.2814407349, 115.060821533, 69.5535507202, 56.5604057312, 35.4313468933, 33.5737838745, 22.2756385803, 20.5488643646], [328.162658691, 38.0298805237, 129.616195679, 31.1031455994, 86.2720947266, 64.5347518921, 69.5535507202, 130.801177979, 88.2654647827, 61.6241149902, 49.3788070679, 31.3472957611, 30.089258194], [344.917602539, 31.1865692139, 114.222915649, 14.1954727173, 75.1183242798, 41.2903060913, 56.5604057312, 88.2654647827, 112.343421936, 72.619430542, 55.8775215149, 30.2677898407, 25.8538970947], [376.039825439, 19.3831958771, 98.0987701416, 21.7731304169, 54.3412513733, 41.8656578064, 35.4313468933, 61.6241149902, 72.619430542, 101.457183838, 67.8452301025, 44.143863678, 26.9551811218], [327.850372314, 41.9892120361, 84.0862960815, 16.628862381, 39.828289032, 32.182964325, 33.5737838745, 49.3788070679, 55.8775215149, 67.8452301025, 93.0992965698, 56.9281768799, 37.0371894836], [287.058990479, 63.1228485107, 77.7692718506, 20.6411571503, 24.0648822784, 24.7107696533, 22.2756385803, 31.3472957611, 30.2677898407, 44.143863678, 56.9281768799, 77.2433624268, 51.9504547119], [236.756698608, 71.6867828369, 64.0105514526, 9.82430553436, 31.9237823486, 21.46434021, 20.5488643646, 30.089258194, 25.8538970947, 26.9551811218, 37.0371894836, 51.9504547119, 72.585319519]], "icov": [[8.59086067067e-05, -4.85038835905e-05, -0.000102670521301, 6.44175379421e-05, -5.81707979563e-07, -0.000215436899452, 0.000332804367645, -2.44158018177e-05, -0.000122790850583, -7.94834486442e-05, -5.28841446794e-05, -5.89669434703e-05, -2.81789161818e-05], [-4.85038835905e-05, 0.000488797028083, 9.02678948478e-05, -7.95355572336e-06, -7.82180359238e-05, 0.000182292205864, -0.000499961548485, 7.93921208242e-05, 9.02866886463e-05, 0.000164954020875, 3.72986287402e-05, -0.00019338686252, -0.000287980132271], [-0.000102670521301, 9.02678948478e-05, 0.00183162651956, 0.000353911687853, -0.000913744559512, 0.000165821882547, -0.000858869287185, -0.000445866578957, -1.01063742477e-05, -0.000221057096496, 0.000301391177345, -0.00113472284283, 0.000107441497676], [6.44175379421e-05, -7.95355572336e-06, 0.000353911687853, 0.00383154512383, 0.000260541244643, -0.00294280867092, -0.00143919105176, 0.000525064649992, 0.000365984509699, -0.000336322962539, 0.000470768689411, -0.00120493909344, 0.000529172481038], [-5.81707979563e-07, -7.82180359238e-05, -0.000913744559512, 0.000260541244643, 0.00800435151905, -0.00285179540515, -0.00219370983541, -0.000601747015025, -0.00178400264122, -0.000566922710277, 0.000347750028595, 0.00226083677262, -0.00190650927834], [-0.000215436899452, 0.000182292205864, 0.000165821882547, -0.00294280867092, -0.00285179540515, 0.014831379056, -0.00413067173213, -0.00358542636968, 0.00372127955779, -0.00247239600867, 0.000167682388565, 4.40240874013e-05, -0.000225536132348], [0.000332804367645, -0.000499961548485, -0.000858869287185, -0.00143919105176, -0.00219370983541, -0.00413067173213, 0.0186157282442, -0.0037388082128, -0.00432371580973, 0.00301445368677, -0.00179070152808, -0.000466835161205, 0.000494960462674], [-2.44158018177e-05, 7.93921208242e-05, -0.000445866578957, 0.000525064649992, -0.000601747015025, -0.00358542636968, -0.0037388082128, 0.020333185792, -0.0113622518256, -0.000425476901, 3.61496386176e-05, 0.000379703211365, -0.0018072478706], [-0.000122790850583, 9.02866886463e-05, -1.01063742477e-05, 0.000365984509699, -0.00178400264122, 0.00372127955779, -0.00432371580973, -0.0113622518256, 0.0282955821604, -0.011229660362, -0.003527617082, 0.00433911615983, -0.00132482056506], [-7.94834486442e-05, 0.000164954020875, -0.000221057096496, -0.000336322962539, -0.000566922710277, -0.00247239600867, 0.00301445368677, -0.000425476901, -0.011229660362, 0.0275460444391, -0.0111146671697, -0.00474641472101, 0.00347906444222], [-5.28841446794e-05, 3.72986287402e-05, 0.000301391177345, 0.000470768689411, 0.000347750028595, 0.000167682388565, -0.00179070152808, 3.61496386176e-05, -0.003527617082, -0.0111146671697, 0.0299002975225, -0.0147499246523, 0.000779510184657], [-5.89669434703e-05, -0.00019338686252, -0.00113472284283, -0.00120493909344, 0.00226083677262, 4.40240874013e-05, -0.000466835161205, 0.000379703211365, 0.00433911615983, -0.00474641472101, -0.0147499246523, 0.0392927676439, -0.0198646150529], [-2.81789161818e-05, -0.000287980132271, 0.000107441497676, 0.000529172481038, -0.00190650927834, -0.000225536132348, 0.000494960462674, -0.0018072478706, -0.00132482056506, 0.00347906444222, 0.000779510184657, -0.0198646150529, 0.0285006593913]]}, "spectral_contrast_coeffs": {"dmean": [0.0489891953766, 0.0459827929735, 0.0356920696795, 0.0287225339562, 0.0196168161929, 0.0181896034628], "dmean2": [0.0764754936099, 0.0749466717243, 0.0586163662374, 0.0477195009589, 0.0331000946462, 0.0290321875364], "dvar": [0.00221116142347, 0.00145990762394, 0.000834504142404, 0.000513561826665, 0.000245663861278, 0.000306422589347], "dvar2": [0.00530454469845, 0.00382638722658, 0.00213478109799, 0.00138485745993, 0.000677623727825, 0.00070334499469], "max": [-0.295833587646, -0.438882082701, -0.549382209778, -0.609787344933, -0.683684229851, -0.559270322323], "mean": [-0.699534356594, -0.720288097858, -0.780050694942, -0.798808395863, -0.811494767666, -0.765928089619], "median": [-0.711936831474, -0.722442507744, -0.778411507607, -0.798981130123, -0.810556292534, -0.774121522903], "min": [-0.97465723753, -0.969659745693, -0.96566516161, -0.968571782112, -0.95732319355, -0.959184765816], "var": [0.00672305794433, 0.00683784019202, 0.00319741643034, 0.00187587924302, 0.000883012835402, 0.00249894266017]}, "spectral_contrast_valleys": {"dmean": [0.395550727844, 0.342388242483, 0.371347725391, 0.369290441275, 0.347736060619, 0.422458082438], "dmean2": [0.600176930428, 0.547676622868, 0.599507391453, 0.587251186371, 0.543547451496, 0.590402603149], "dvar": [0.16524015367, 0.120836175978, 0.167503356934, 0.210830658674, 0.213540822268, 0.307767271996], "dvar2": [0.328396856785, 0.250357747078, 0.36021488905, 0.459851413965, 0.451452761889, 0.60788744688], "max": [-4.97954750061, -4.93496274948, -5.27700185776, -5.25859355927, -5.22898292542, -7.37401723862], "mean": [-7.41293287277, -6.92307281494, -7.53374481201, -7.60023784637, 