{"lowlevel": {"average_loudness": 0.870443999767, "barkbands_crest": {"dmean": 3.92909765244, "dmean2": 6.26535844803, "dvar": 16.5874996185, "dvar2": 38.4254837036, "max": 26.9287490845, "mean": 15.70748806, "median": 15.4079236984, "min": 2.40192389488, "var": 44.002822876}, "barkbands_flatness_db": {"dmean": 0.102824531496, "dmean2": 0.151158243418, "dvar": 0.0105212340131, "dvar2": 0.0212544184178, "max": 0.81361746788, "mean": 0.349035710096, "median": 0.347644776106, "min": 0.0175245516002, "var": 0.034976862371}, "barkbands_kurtosis": {"dmean": 85.912651062, "dmean2": 139.242630005, "dvar": 195287.796875, "dvar2": 472951.53125, "max": 11777.1386719, "mean": 82.852897644, "median": 8.59031486511, "min": -1.86478495598, "var": 183197.625}, "barkbands_skewness": {"dmean": 2.65131783485, "dmean2": 4.12108182907, "dvar": 19.5674095154, "dvar2": 43.9433441162, "max": 77.7322769165, "mean": 3.42972540855, "median": 1.70264101028, "min": -10.00248909, "var": 34.4074821472}, "barkbands_spread": {"dmean": 9.78571987152, "dmean2": 17.2015743256, "dvar": 227.687271118, "dvar2": 591.994567871, "max": 106.022575378, "mean": 11.6041507721, "median": 3.70485377312, "min": 0.011718227528, "var": 284.396179199}, "dissonance": {"dmean": 0.0732721090317, "dmean2": 0.123312354088, "dvar": 0.0051389685832, "dvar2": 0.0125818094239, "max": 0.500000119209, "mean": 0.36398562789, "median": 0.395427376032, "min": 0.0386264882982, "var": 0.0143660502508}, "dynamic_complexity": 4.49097681046, "erbbands_crest": {"dmean": 4.83690595627, "dmean2": 7.80792617798, "dvar": 22.7021827698, "dvar2": 51.6863479614, "max": 34.773235321, "mean": 16.9650440216, "median": 16.7416534424, "min": 2.52471113205, "var": 54.9872779846}, "erbbands_flatness_db": {"dmean": 0.080825060606, "dmean2": 0.122574843466, "dvar": 0.00727458484471, "dvar2": 0.0147470980883, "max": 0.668517947197, "mean": 0.300639659166, "median": 0.278524577618, "min": 0.0455132573843, "var": 0.0211951900274}, "erbbands_kurtosis": {"dmean": 10.6585683823, "dmean2": 17.458896637, "dvar": 484.158599854, "dvar2": 1161.74279785, "max": 323.368682861, "mean": 12.6045827866, "median": 4.55513906479, "min": -1.87270104885, "var": 660.39239502}, "erbbands_skewness": {"dmean": 1.34271740913, "dmean2": 2.15968251228, "dvar": 2.05155587196, "dvar2": 4.90628051758, "max": 14.1434860229, "mean": 1.83400452137, "median": 1.45714473724, "min": -5.33404541016, "var": 4.71129846573}, "erbbands_spread": {"dmean": 15.5709543228, "dmean2": 26.5820064545, "dvar": 440.484558105, "dvar2": 1122.05212402, "max": 151.304550171, "mean": 21.9846572876, "median": 13.1305866241, "min": 0.260234415531, "var": 566.143371582}, "hfc": {"dmean": 9.21752262115, "dmean2": 16.082616806, "dvar": 404.963562012, "dvar2": 1124.53637695, "max": 249.61882019, "mean": 10.3271961212, "median": 5.6637430191, "min": 1.15289919149e-16, "var": 298.585632324}, "melbands_crest": {"dmean": 4.63749361038, "dmean2": 7.67788505554, "dvar": 23.6364536285, "dvar2": 59.777885437, "max": 37.5010719299, "mean": 19.9329586029, "median": 20.4799385071, "min": 1.59911704063, "var": 62.5559196472}, "melbands_flatness_db": {"dmean": 0.116302713752, "dmean2": 0.172475218773, "dvar": 0.013845724985, "dvar2": 0.028719317168, "max": 0.899551391602, "mean": 0.446834415197, "median": 0.458288997412, "min": 0.00461498694494, "var": 0.0466729551554}, "melbands_kurtosis": {"dmean": 36.8312149048, "dmean2": 61.3251495361, "dvar": 5378.54003906, "dvar2": 13013.1484375, "max": 1101.42712402, "mean": 46.7481956482, "median": 14.72382164, "min": -1.76852691174, "var": 7750.36279297}, "melbands_skewness": {"dmean": 2.06609416008, "dmean2": 3.37966895103, "dvar": 6.31168651581, "dvar2": 15.5549678802, "max": 24.2105979919, "mean": 3.34029054642, "median": 2.3239107132, "min": -4.15645217896, "var": 12.4549999237}, "melbands_spread": {"dmean": 10.392665863, "dmean2": 18.3153266907, "dvar": 393.247894287, "dvar2": 1026.1862793, "max": 202.22354126, "mean": 14.1189022064, "median": 3.49046993256, "min": 0.181427612901, "var": 660.296630859}, "pitch_salience": {"dmean": 0.138797834516, "dmean2": 0.223713353276, "dvar": 0.0207846537232, "dvar2": 0.0486991405487, "max": 0.954408884048, "mean": 0.414884895086, "median": 0.418990820646, "min": 0.0145164467394, "var": 0.0497930422425}, "silence_rate_20dB": {"dmean": 0, "dmean2": 0, "dvar": 0, "dvar2": 0, "max": 1, "mean": 1, "median": 1, "min": 1, "var": 0}, "silence_rate_30dB": {"dmean": 0.028548123315, "dmean2": 0.0571195445955, "dvar": 0.0277333687991, "dvar2": 0.0677293539047, "max": 1, "mean": 0.973909497261, "median": 1, "min": 0, "var": 0.0254095289856}, "silence_rate_60dB": {"dmean": 0.0970636233687, "dmean2": 0.194206446409, "dvar": 0.0876397565007, "dvar2": 0.180155307055, "max": 1, "mean": 0.210354670882, "median": 0, "min": 0, "var": 0.166105866432}, "spectral_centroid": {"dmean": 409.271697998, "dmean2": 711.281005859, "dvar": 462960.03125, "dvar2": 1079024.75, "max": 11167.6386719, "mean": 835.165405273, "median": 364.446105957, "min": 63.4728775024, "var": 906853.75}, "spectral_complexity": {"dmean": 3.10195755959, "dmean2": 5.29906177521, "dvar": 33.8128623962, "dvar2": 86.5017318726, "max": 56, "mean": 4.62902545929, "median": 3, "min": 0, "var": 30.5302143097}, "spectral_decrease": {"dmean": 4.00380439913e-09, "dmean2": 6.21950091428e-09, "dvar": 2.71574876368e-17, "dvar2": 6.79536284751e-17, "max": 1.69378400194e-10, "mean": -7.27332905015e-09, "median": -5.07178032905e-09, "min": -4.94729199829e-08, "var": 6.27978845089e-17}, "spectral_energy": {"dmean": 0.0155675867572, "dmean2": 0.0242399536073, "dvar": 0.000394940230763, "dvar2": 0.000989705557004, "max": 0.189568549395, "mean": 0.0283878520131, "median": 0.0201409365982, "min": 1.06399620192e-20, "var": 0.000929001136683}, "spectral_energyband_high": {"dmean": 0.000762258365285, "dmean2": 0.00144119432662, "dvar": 9.16898807191e-06, "dvar2": 2.6419527785e-05, "max": 0.0479018725455, "mean": 0.000444688805146, "median": 4.75507840747e-06, "min": 7.64732515273e-21, "var": 5.11189682584e-06}, "spectral_energyband_low": {"dmean": 0.0083710309118, "dmean2": 0.0132493386045, "dvar": 0.000273326324532, "dvar2": 0.000639636360575, "max": 0.147606387734, "mean": 0.0110007431358, "median": 0.00241506844759, "min": 6.24612870343e-23, "var": 0.000457424670458}, "spectral_energyband_middle_high": {"dmean": 0.00112233276013, "dmean2": 0.00192602362949, "dvar": 5.14513794769e-06, "dvar2": 1.27009179778e-05, "max": 0.025227997452, "mean": 0.000977621180937, "median": 0.00013616833894, "min": 1.44827925271e-21, "var": 4.76945479022e-06}, "spectral_energyband_middle_low": {"dmean": 0.00848981458694, "dmean2": 0.0137565284967, "dvar": 0.000130701155285, "dvar2": 0.000348282890627, "max": 0.120369814336, "mean": 0.0171668995172, "median": 0.00915743038058, "min": 2.67901757739e-22, "var": 0.00043666473357}, "spectral_entropy": {"dmean": 0.918034851551, "dmean2": 1.42471253872, "dvar": 0.966401398182, "dvar2": 2.04087162018, "max": 9.80667686462, "mean": 5.84043264389, "median": 5.8502202034, "min": 2.42655062675, "var": 2.68245148659}, "spectral_flux": {"dmean": 0.0440079048276, "dmean2": 0.0718270838261, "dvar": 0.0020583095029, "dvar2": 0.00443642120808, "max": 0.311545282602, "mean": 0.0824708342552, "median": 0.0664198622108, "min": 1.03150189779e-10, "var": 0.0044966689311}, "spectral_kurtosis": {"dmean": 50.2921104431, "dmean2": 79.6658248901, "dvar": 7171.43164062, "dvar2": 16067.734375, "max": 918.720947266, "mean": 76.4323501587, "median": 14.1615982056, "min": -1.22325599194, "var": 14727.6962891}, "spectral_rms": {"dmean": 0.00144074531272, "dmean2": 0.00216322415508, "dvar": 2.33570040109e-06, "dvar2": 5.49081414647e-06, "max": 0.0135994460434, "mean": 0.00438887579367, "median": 0.00443279743195, "min": 3.22187068691e-12, "var": 8.43330326461e-06}, "spectral_rolloff": {"dmean": 813.650634766, "dmean2": 1504.37841797, "dvar": 4919304.5, "dvar2": 12199552, "max": 19013.8183594, "mean": 1266.11694336, "median": 344.53125, "min": 43.06640625, "var": 8668504}, "spectral_skewness": {"dmean": 2.24215507507, "dmean2": 3.4818110466, "dvar": 8.45896244049, "dvar2": 16.5654525757, "max": 24.9742031097, "mean": 5.43303203583, "median": 3.01183366776, "min": -0.00729779712856, "var": 25.1202125549}, "spectral_spread": {"dmean": 1708605, "dmean2": 2826578.5, "dvar": 4601275744260.0, "dvar2": 9654318923780.0, "max": 41016600, "mean": 3412866.25, "median": 3126747.75, "min": 149110.34375, "var": 7300922736640.0}, "spectral_strongpeak": {"dmean": 0.394132375717, "dmean2": 0.639708995819, "dvar": 0.464341044426, "dvar2": 1.24995136261, "max": 11.0667457581, "mean": 0.867312729359, "median": 0.622319161892, "min": 0, "var": 0.807558238506}, "zerocrossingrate": {"dmean": 0.0139982588589, "dmean2": 0.0193025488406, "dvar": 0.000578142818995, "dvar2": 0.000818289117888, "max": 0.8544921875, "mean": 0.045204333961, "median": 0.01953125, "min": 0.00244140625, "var": 0.00714776059613}, "barkbands": {"dmean": [0.000607266731095, 0.00612558005378, 0.00252152606845, 0.00133833615109, 0.00403211684898, 0.00285067385994, 0.000977406860329, 0.000389381079003, 0.000344656058587, 0.000163972494192, 4.99766938447e-05, 0.00024838722311, 0.000233672501054, 0.000159009214258, 0.000119262949738, 7.6391712355e-05, 4.40655676357e-05, 5.36831466889e-05, 6.5086504037e-05, 7.21300384612e-05, 0.000295555975754, 0.000111828107038, 0.000105603838165, 5.42982161278e-05, 2.42674650508e-05, 3.67084503523e-05, 0.000100086879684], "dmean2": [0.0010539003415, 0.00941232498735, 0.00421039108187, 0.00204709544778, 0.00606140028685, 0.00473079504445, 0.0018214515876, 0.000698792631738, 0.000634027644992, 0.000280055246549, 9.44282001001e-05, 0.000408779160352, 0.000432184053352, 0.000281201675534, 0.000205059026484, 0.000134975474793, 8.24714370538e-05, 9.90441840258e-05, 0.000120757562399, 0.000135976399179, 0.000561647582799, 0.000211153266719, 0.00019849074306, 0.000104224694951, 4.56625639345e-05, 7.02539691702e-05, 0.000193197993212], "dvar": [1.61169418789e-06, 0.000191741812159, 5.88342081755e-05, 6.43271096123e-06, 5.03358278365e-05, 3.050538362e-05, 5.76111642658e-06, 1.10597738967e-06, 5.56502129712e-07, 1.98742696966e-07, 2.45649882658e-08, 9.14217025638e-07, 4.68771844453e-07, 2.69996178304e-07, 3.84334640557e-07, 1.11981712791e-07, 1.34607898161e-08, 1.79615735618e-08, 3.23330482388e-08, 5.02001071823e-08, 4.52230733572e-06, 3.75130582597e-07, 4.43724360366e-07, 4.28725677182e-08, 2.590113235e-09, 9.99339633267e-09, 1.24127083723e-07], "dvar2": [4.2748456508e-06, 0.000412615248933, 0.000156809197506, 1.3017758647e-05, 0.00010717297846, 7.3172392149e-05, 1.7063188352e-05, 3.28513237946e-06, 1.5627057337e-06, 4.75641712683e-07, 6.77341986943e-08, 1.98772909243e-06, 1.20869674447e-06, 6.51961386211e-07, 9.37868549045e-07, 2.92961658488e-07, 3.66280517028e-08, 4.79969450851e-08, 9.00583003727e-08, 1.41565607237e-07, 1.32474115162e-05, 1.09857489861e-06, 1.29348018163e-06, 1.24414299307e-07, 6.96532165279e-09, 2.82579737387e-08, 3.59067399813e-07], "max": [0.0111349476501, 0.143450707197, 0.0830087885261, 0.0479862652719, 0.108470641077, 0.0778106302023, 0.0268164966255, 0.0125346034765, 0.00668028229848, 0.00899681076407, 0.00168285844848, 0.0245069582015, 0.012049770914, 0.00693083181977, 0.0101307891309, 0.00619951402768, 0.00111686147284, 0.00121474952903, 0.00201646634378, 0.00286423554644, 0.0423227101564, 0.011596553959, 0.0137646673247, 0.00327179464512, 0.000447639147751, 0.00107088603545, 0.0046687615104], "mean": [0.000534117454663, 0.00703233992681, 0.00224530138075, 0.00247795600444, 0.00882221013308, 0.00458403117955, 0.000700603472069, 0.000305077293888, 0.000246016454184, 0.000153949629748, 3.17773155984e-05, 0.000264862377662, 0.000164307813975, 0.00011083480058, 8.80232182681e-05, 5.4863969126e-05, 2.678328201e-05, 3.69084045815e-05, 4.70876329928e-05, 4.22368575528e-05, 0.000168571554241, 6.86453131493e-05, 6.24195818091e-05, 3.00076408166e-05, 1.40930196721e-05, 2.05208871193e-05, 5.43881578778e-05], "median": [2.719647091e-05, 0.000283955654595, 0.000183641866897, 0.000171651670826, 0.00191028707195, 0.000134776928462, 1.25459255287e-05, 1.66099380294e-05, 8.21144749352e-06, 1.05807212094e-05, 1.34017386699e-06, 4.37221842731e-06, 3.74372530132e-06, 1.23893858017e-06, 8.63749505697e-07, 5.45860871171e-07, 3.93347932004e-07, 6.78506637541e-07, 7.45754277887e-07, 3.87743625652e-07, 6.92253877332e-07, 6.50873573704e-07, 2.31841042364e-07, 7.69580879023e-08, 3.41788499725e-08, 2.59302126437e-08, 3.52506184242e-08], "min": [9.15524750898e-24, 2.37822172723e-23, 1.44001856637e-23, 4.15632982704e-24, 3.816850794e-23, 2.0448143988e-23, 6.46671630063e-23, 1.55014339097e-23, 5.65327638287e-23, 1.09625160099e-22, 1.75056439022e-23, 7.78167927205e-23, 9.70745030041e-23, 1.30598358862e-22, 1.0719275483e-22, 9.29183798586e-23, 9.04594688626e-23, 2.19028075994e-22, 2.07354979324e-22, 2.94541224477e-22, 2.92831327444e-22, 4.75582101165e-22, 6.7008132355e-22, 9.03901008522e-22, 1.07254437442e-21, 1.46270099321e-21, 2.51796605739e-21], "var": [1.59350031481e-06, 0.000305893889163, 4.55350673292e-05, 2.83121571556e-05, 0.000237214218942, 9.82718484011e-05, 4.21345794166e-06, 8.54259440075e-07, 4.26856018976e-07, 2.10933464473e-07, 1.54684194342e-08, 1.2453697309e-06, 3.7180618051e-07, 2.35123209791e-07, 3.19816592764e-07, 8.78967156837e-08, 8.53939319256e-09, 1.25324755018e-08, 2.39536888103e-08, 2.93829263143e-08, 2.4273094823e-06, 2.02136433813e-07, 2.4351089678e-07, 2.32051977633e-08, 1.66036817628e-09, 5.68202507267e-09, 6.72271198709e-08]}, "erbbands": {"dmean": [0.156373605132, 1.47246968746, 2.96943950653, 3.74271631241, 7.71948623657, 14.2652587891, 21.8162136078, 23.3081760406, 15.3586263657, 11.3296747208, 7.83601474762, 7.82307243347, 5.76141262054, 4.84540939331, 3.98520946503, 9.80899620056, 11.0504140854, 7.88230514526, 6.46433496475, 5.95148944855, 4.10326004028, 2.69628000259, 2.75555300713, 3.11078357697, 3.2764737606, 3.64292693138, 9.85357761383, 10.3629188538, 4.91679430008, 3.99095726013, 2.32814192772, 1.31046295166, 0.785869717598, 0.273891746998, 0.197939753532, 0.123356372118, 0.0687325149775, 0.0536461248994, 0.0213244762272, 0.000823422975373], "dmean2": [0.232868865132, 2.30598759651, 4.78672838211, 5.99141311646, 10.8330917358, 21.7292423248, 37.2842254639, 37.4823074341, 27.6896648407, 21.3860054016, 13.6411571503, 14.3391885757, 10.5574188232, 7.97140598297, 6.34563159943, 16.8403530121, 20.2893257141, 13.9360818863, 11.4142589569, 10.1398830414, 7.22784328461, 4.97155380249, 5.05108261108, 5.71878957748, 6.19799137115, 6.88916826248, 18.7487430573, 19.6945838928, 9.29919624329, 7.5152888298, 4.34606599808, 2.49325633049, 1.51496875286, 0.517392158508, 0.372935086489, 0.235134467483, 0.13169747591, 0.103022359312, 0.041217431426, 0.00158438703511], "dvar": [0.095780223608, 12.9312705994, 74.7774047852, 56.6920166016, 254.013961792, 855.788146973, 1804.1282959, 2812.73535156, 1373.97192383, 1001.84533691, 330.724761963, 306.614471436, 177.988540649, 260.593688965, 257.126678467, 844.682373047, 1101.36914062, 717.557434082, 577.110290527, 2073.46289062, 188.022415161, 49.8789100647, 51.295841217, 60.7264099121, 91.1564025879, 130.525634766, 9583.27441406, 4740.38964844, 783.368347168, 1222.1697998, 75.3971176147, 45.9612197876, 5.78466796875, 0.397990047932, 0.191580116749, 0.109878987074, 0.0399674512446, 0.0266602002084, 0.00601058127359, 8.79250910657e-06], "dvar2": [0.196270227432, 28.9417743683, 189.855102539, 138.059402466, 484.113983154, 1919.89025879, 5083.36962891, 6118.96240234, 3864.22143555, 3019.1809082, 894.677490234, 853.462646484, 510.185119629, 605.288269043, 539.124450684, 1964.58056641, 2806.51757812, 1691.0847168, 1499.62976074, 4945.14990234, 453.822662354, 133.429092407, 137.881729126, 165.310577393, 258.617462158, 368.681213379, 28136.09375, 13871.3632812, 2287.89819336, 3540.38427734, 214.390686035, 134.367950439, 16.612569809, 1.09978842735, 0.512196242809, 0.307027697563, 0.113929636776, 0.0765361338854, 0.0174092128873, 2.54856695392e-05], "max": [3.83556342125, 33.2206573486, 86.1976928711, 94.4338378906, 381.703521729, 453.5206604, 468.367218018, 912.559326172, 491.227264404, 397.627593994, 201.909851074, 197.743606567, 126.857406616, 363.265777588, 400.012969971, 670.57043457, 631.281494141, 389.820343018, 333.055450439, 938.188415527, 224.724960327, 72.0757064819, 74.5260848999, 77.6397247314, 98.1101074219, 146.244796753, 2171.77099609, 1086.48022461, 475.587982178, 773.35345459, 119.195793152, 118.335411072, 50.1243972778, 8.05707359314, 4.20139503479, 3.28465723991, 2.20612215996, 2.00093698502, 1.02913200855, 0.0391930565238], "mean": [0.185634121299, 1.6131272316, 2.82796883583, 6.19071340561, 17.813583374, 29.440410614, 34.7640075684, 39.8253097534, 15.3601665497, 8.03669071198, 6.63358974457, 5.63999271393, 4.33301591873, 4.98542976379, 3.9662694931, 10.3069963455, 8.16509342194, 5.56111717224, 4.56179952621, 4.56369113922, 2.98430466652, 1.75492143631, 1.94429469109, 2.25998568535, 2.10068154335, 2.15304636955, 5.68335437775, 5.8798789978, 2.98308563232, 2.43506121635, 1.40485084057, 0.740228176117, 0.429727554321, 0.15730856359, 0.115567557514, 0.069908067584, 0.0382970832288, 0.0296417865902, 0.0115415388718, 0.000472321407869], "median": [0.0113951303065, 0.0524819195271, 0.345790743828, 0.740975916386, 2.5712211132, 5.13150405884, 3.00296545029, 1.32647669315, 0.709873557091, 0.314888298512, 0.453382998705, 0.245684579015, 0.299427300692, 0.412455111742, 0.236017227173, 0.3353125453, 0.309292316437, 0.116516388953, 0.0739180147648, 0.0374738909304, 0.0463987290859, 0.0368336141109, 0.0444230996072, 0.0433817915618, 0.0293765943497, 0.0232250932604, 0.0237376932055, 0.0269776023924, 0.025924526155, 0.0149308890104, 0.00619026785716, 0.00252687186003, 0.0010571613675, 0.000461328512756, 0.000267628114671, 0.000121071752801, 6.19081547484e-05, 3.4214794141e-05, 2.279047294e-05, 3.39430334861e-05], "min": [1.44371067522e-21, 2.65035615287e-21, 1.38422390877e-20, 1.94945758552e-20, 1.28823764431e-19, 1.06404811073e-19, 5.7121461263e-20, 2.60334211491e-19, 6.85522106943e-19, 8.21066403658e-19, 5.64023026837e-19, 1.32012907583e-18, 1.84029757153e-18, 2.41562733016e-18, 1.46602853644e-18, 2.68133428653e-18, 4.50855992284e-18, 5.83471780117e-18, 5.52162373546e-18, 3.80947195045e-18, 5.79379841704e-18, 5.60371727536e-18, 1.06534824478e-17, 9.5945233461e-18, 1.07410726029e-17, 1.56774962471e-17, 1.26642344399e-17, 1.3189906892e-17, 1.53728538993e-17, 1.43318752225e-17, 2.21636229165e-17, 1.67964085724e-17, 1.57358406044e-17, 1.33157979909e-17, 6.82927841067e-18, 4.29957646339e-18, 3.11358516704e-18, 1.24394905014e-18, 3.30245888352e-19, 3.80054271669e-20], "var": [0.177765354514, 18.5280075073, 68.5078125, 147.030212402, 1434.24804688, 3273.80151367, 4736.53955078, 10091.734375, 1684.31188965, 650.73236084, 334.690734863, 232.996871948, 128.643554688, 284.406402588, 343.19342041, 1198.79101562, 903.33996582, 653.25201416, 430.823852539, 1813.35217285, 174.96421814, 33.806137085, 36.428653717, 45.0021400452, 54.9728507996, 76.0896453857, 5106.42333984, 2567.48779297, 427.015014648, 684.161376953, 44.5059242249, 24.679069519, 3.17551398277, 0.24026709795, 0.124903209507, 0.064422249794, 0.0223491005599, 0.0146720223129, 0.00324686453678, 4.75200749861e-06]}, "gfcc": {"mean": [-206.287277222, 127.6484375, -62.3581008911, 9.71501064301, -41.0718688965, -4.77695178986, -20.3399734497, -17.9916820526, -20.4466495514, -7.24334144592, -6.31320762634, 0.080747410655, -7.77971792221], "cov": [[31723.8066406, -2095.46728516, -620.930969238, 2056.35327148, -876.56463623, 186.536209106, -428.962799072, 592.754821777, -35.7888069153, 358.316772461, -364.962646484, 52.2513618469, -390.958465576], [-2095.46728516, 6513.66845703, 2093.83544922, -1311.16186523, -105.492263794, -1301.2154541, -402.344573975, -857.047119141, -362.141937256, -773.914306641, 38.7290878296, -278.316650391, 494.809082031], [-620.930969238, 2093.83544922, 2848.24169922, -415.729797363, 224.906585693, -646.948608398, -228.990142822, -111.01600647, -187.084274292, -361.162353516, -186.483169556, -192.314697266, 178.322052002], [2056.35327148, -1311.16186523, -415.729797363, 1535.71936035, 443.418182373, 632.493591309, 481.364898682, 422.717559814, 428.443359375, 250.401351929, -130.812316895, 2.79238891602, -215.180847168], [-876.56463623, -105.492263794, 224.906585693, 443.418182373, 972.768066406, 379.176116943, 287.851379395, 250.124847412, 87.2104797363, -56.5759086609, -216.059875488, -94.6390304565, -28.7028980255], [186.536209106, -1301.2154541, -646.948608398, 632.493591309, 379.176116943, 1052.94909668, 547.479980469, 292.467895508, 264.44329834, 192.797027588, -27.4202251434, 69.7021636963, -227.902526855], [-428.962799072, -402.344573975, -228.990142822, 481.364898682, 287.851379395, 547.479980469, 766.06463623, 323.508148193, 234.104690552, 83.2378768921, -23.212677002, 46.6647567749, -157.995422363], [592.754821777, -857.047119141, -111.01600647, 422.717559814, 250.124847412, 292.467895508, 323.508148193, 711.643432617, 313.255432129, 136.407730103, -201.31918335, -93.4431304932, -131.028656006], [-35.7888069153, -362.141937256, -187.084274292, 428.443359375, 87.2104797363, 264.44329834, 234.104690552, 313.255432129, 514.491516113, 313.508880615, 36.3990592957, 5.83074140549, -96.0885543823], [358.316772461, -773.914306641, -361.162353516, 250.401351929, -56.5759086609, 192.797027588, 83.2378768921, 136.407730103, 313.508880615, 618.149291992, 385.43963623, 235.950241089, -94.5546417236], [-364.962646484, 38.7290878296, -186.483169556, -130.812316895, -216.059875488, -27.4202251434, -23.212677002, -201.31918335, 36.3990592957, 385.43963623, 618.672058105, 319.328948975, 0.517698585987], [52.2513618469, -278.316650391, -192.314697266, 2.79238891602, -94.6390304565, 69.7021636963, 46.6647567749, -93.4431304932, 5.83074140549, 235.950241089, 319.328948975, 396.993652344, 42.7913780212], [-390.958465576, 494.809082031, 178.322052002, -215.180847168, -28.7028980255, -227.902526855, -157.995422363, -131.028656006, -96.0885543823, -94.5546417236, 0.517698585987, 42.7913780212, 224.888259888]], "icov": [[4.6029825171e-05, -3.03035521938e-05, -3.87955907399e-07, -0.000117596944619, 9.90228581941e-05, -3.70356137864e-05, 8.9374872914e-05, -8.7128020823e-05, 0.000158944210852, -9.78718308033e-05, 8.92636817298e-05, -4.97473592986e-05, 5.76379898121e-05], [-3.03035521938e-05, 0.000435616268078, -0.000149990533828, 0.000250584504101, -0.00020945360302, 0.000362715509254, -0.00034161642543, 0.000467035541078, -0.000670404639095, 0.00065129622817, -0.000489610130899, 0.000326059758663, -0.000353010254912], [-3.87955907399e-07, -0.000149990533828, 0.000528727949131, 3.5551001929e-06, -0.000200382623007, 0.000237894812017, 5.27780975972e-05, -0.000142561388202, 7.74526197347e-05, -2.44950342676e-06, 9.9312470411e-05, -7.17092916602e-05, 0.000128500687424], [-0.000117596944619, 0.000250584504101, 3.5551001929e-06, 0.00154523178935, -0.000634969852399, 9.49345630943e-05, -0.000531114288606, 0.000453688699054, -0.00120893446729, 0.000248571188422, 9.21625032788e-05, -4.49208237114e-05, 0.000222597649554], [9.90228581941e-05, -0.00020945360302, -0.000200382623007, -0.000634969852399, 0.00187788705807, -0.000819496752229, 6.69725122862e-05, -0.000575775804464, 0.000971577188466, -0.000627545232419, 0.000560143962502, 0.000165961231687, -0.000576487451326], [-3.70356137864e-05, 0.000362715509254, 0.000237894812017, 9.49345630943e-05, -0.000819496752229, 0.00261172698811, -0.00121578737162, 0.00064998754533, -0.000847435789183, 0.000405650265748, 5.49538344785e-06, -0.000322577368934, 0.000976285955403], [8.9374872914e-05, -0.00034161642543, 5.27780975972e-05, -0.000531114288606, 6.69725122862e-05, -0.00121578737162, 0.0030893641524, -0.00123433407862, -3.77906617359e-05, 0.000748765654862, -0.000310217263177, -0.000956043659244, 0.00106600602157], [-8.7128020823e-05, 0.000467035541078, -0.000142561388202, 0.000453688699054, -0.000575775804464, 0.00064998754533, -0.00123433407862, 0.00341084389947, -0.00168691622093, -0.000366654858226, 0.000984014593996, 0.000401449302444, 0.000119821161206], [0.000158944210852, -0.000670404639095, 7.74526197347e-05, -0.00120893446729, 0.000971577188466, -0.000847435789183, -3.77906617359e-05, -0.00168691622093, 0.00604291865602, -0.00392926903442, 0.00136867433321, 0.00073425041046, -0.000423954508733], [-9.78718308033e-05, 0.00065129622817, -2.44950342676e-06, 0.000248571188422, -0.000627545232419, 0.000405650265748, 0.000748765654862, -0.000366654858226, -0.00392926903442, 0.00724096456543, -0.00413587503135, -0.000937580945902, 0.000833567872178], [8.92636817298e-05, -0.000489610130899, 9.9312470411e-05, 9.21625032788e-05, 0.000560143962502, 5.49538344785e-06, -0.000310217263177, 0.000984014593996, 0.00136867433321, -0.00413587503135, 0.00597755145282, -0.00238042185083, 0.000959365512244], [-4.97473592986e-05, 0.000326059758663, -7.17092916602e-05, -4.49208237114e-05, 0.000165961231687, -0.000322577368934, -0.000956043659244, 0.000401449302444, 0.00073425041046, -0.000937580945902, -0.00238042185083, 0.00577574921772, -0.00270750699565], [5.76379898121e-05, -0.000353010254912, 0.000128500687424, 0.000222597649554, -0.000576487451326, 0.000976285955403, 0.00106600602157, 0.000119821161206, -0.000423954508733, 0.000833567872178, 0.000959365512244, -0.00270750699565, 0.00785149075091]]}, "melbands": {"dmean": [0.00158131762873, 0.00163264863659, 0.000699414522387, 0.000825088354759, 0.000742740696296, 0.000518254877534, 0.000226930700592, 0.000114421942271, 5.91448115301e-05, 4.99343841511e-05, 2.79362975562e-05, 2.02734499908e-05, 8.972850992e-06, 2.67784380412e-05, 3.05398061755e-05, 1.91224498849e-05, 1.38249106385e-05, 1.10195896923e-05, 7.56348481445e-06, 5.96678637521e-06, 5.00894384459e-06, 2.70311466011e-06, 2.49746926784e-06, 2.55875283983e-06, 2.48818150794e-06, 2.62034200205e-06, 2.0628956463e-06, 2.39191626861e-06, 5.00985606777e-06, 5.95163692196e-06, 7.304141036e-06, 3.17998615174e-06, 1.50466826199e-06, 2.39203791352e-06, 1.31125113967e-06, 1.15145235213e-06, 6.12124551935e-07, 6.26435110007e-07, 2.80911109485e-07, 2.23753929163e-07], "dmean2": [0.00235187448561, 0.00275026983581, 0.00109121436253, 0.00117400917225, 0.0012575435685, 0.000843425397761, 0.000411093351431, 0.000215340056457, 0.000102526515548, 9.204592061e-05, 5.11071593792e-05, 3.31746887241e-05, 1.53350392793e-05, 4.14923488279e-05, 5.73158467887e-05, 3.45569496858e-05, 2.45158662437e-05, 1.97263580048e-05, 1.30460866785e-05, 1.00959196061e-05, 8.87719670573e-06, 5.01452041135e-06, 4.6329455472e-06, 4.70627674076e-06, 4.57450641989e-06, 4.8922734095e-06, 3.91909907194e-06, 4.53459688288e-06, 9.51152560447e-06, 1.12868056021e-05, 1.39296871566e-05, 6.05419063504e-06, 2.77467961496e-06, 4.52089761893e-06, 2.44806983574e-06, 2.17956721826e-06, 1.17040769965e-06, 1.2095092643e-06, 5.3998525118e-07, 4.21510293336e-07], "dvar": [1.08699950943e-05, 1.80147744686e-05, 1.62360254308e-06, 2.9615839594e-06, 1.82859582765e-06, 1.22079768516e-06, 2.79812979898e-07, 1.0562258268e-07, 1.838780328e-08, 1.23063719215e-08, 4.31591873351e-09, 4.87305396035e-09, 7.9918843765e-10, 1.88274800195e-08, 6.82542555808e-09, 3.2042606346e-09, 2.16278217557e-09, 1.76561332221e-09, 1.77053671724e-09, 2.02885819256e-09, 3.28907456826e-10, 5.14128427331e-11, 4.80522566182e-11, 4.19718357292e-11, 4.12259532068e-11, 5.8765048383e-11, 3.89955949476e-11, 7.18719112003e-11, 1.87737336788e-09, 3.97278432374e-09, 3.58790641641e-09, 4.13612061267e-10, 5.00449438834e-11, 5.4216847678e-10, 2.29262789309e-11, 3.95167162881e-11, 8.99780076835e-12, 3.13822167038e-12, 1.08302375314e-12, 2.69221765107e-13], "dvar2": [2.24171744776e-05, 4.27134182246e-05, 3.69129452338e-06, 5.39270331501e-06, 5.1034498938e-06, 2.69613565251e-06, 7.91067805039e-07, 3.19685966588e-07, 4.92094756055e-08, 3.43523147706e-08, 1.23100001304e-08, 1.12118510032e-08, 1.86360038512e-09, 4.02827069479e-08, 1.86681088366e-08, 7.91093501817e-09, 5.09839592766e-09, 4.61086369086e-09, 4.28863522473e-09, 4.83537032636e-09, 7.77936326468e-10, 1.38447045495e-10, 1.3180093128e-10, 1.10244577356e-10, 1.12291231869e-10, 1.64846122863e-10, 1.10881678839e-10, 2.04614575283e-10, 5.5038227309e-09, 1.16682290496e-08, 1.05267012884e-08, 1.21330356873e-09, 1.4148568428e-10, 1.57788393462e-09, 6.49977016653e-11, 1.15013117086e-10, 2.6326912872e-11, 8.97793991927e-12, 3.12862062646e-12, 7.44959812154e-13], "max": [0.03879801929, 0.0350114665926, 0.023466207087, 0.031244346872, 0.0173484049737, 0.0184304770082, 0.00646757846698, 0.00431427406147, 0.00151446741074, 0.00128355144989, 0.000626682536677, 0.00157667521853, 0.000517869892064, 0.00365396495908, 0.00100451032631, 0.000871508964337, 0.000663658138365, 0.000597970618401, 0.000763958320022, 0.000937361910474, 0.000350214046193, 6.99804659234e-05, 7.07722210791e-05, 6.56320917187e-05, 6.70736917527e-05, 8.14457962406e-05, 6.16234901827e-05, 0.000124457204947, 0.000926451582927, 0.00147100351751, 0.00101816572715, 0.000363893632311, 0.000139114039484, 0.000512759317644, 6.94471236784e-05, 0.000106963343569, 5.04904746776e-05, 3.30988186761e-05, 2.43860795308e-05, 6.45744376016e-06], "mean": [0.00188252644148, 0.00177201337647, 0.00126572267618, 0.00191376870498, 0.00122830551118, 0.000865496287588, 0.00021965772612, 8.02643335192e-05, 5.02221300849e-05, 3.52842616849e-05, 2.12049471884e-05, 2.10541020351e-05, 7.51369861973e-06, 3.18074853567e-05, 2.2430835088e-05, 1.40233396451e-05, 9.59643330134e-06, 7.62192348702e-06, 5.69185021959e-06, 4.41891734226e-06, 3.63276012649e-06, 1.70176861047e-06, 1.68871918049e-06, 1.73690750671e-06, 1.83457643743e-06, 1.8870000531e-06, 1.19152173284e-06, 1.39568487612e-06, 2.95344557344e-06, 3.36460425387e-06, 4.11237851949e-06, 1.89854563359e-06, 9.83464587989e-07, 1.42284795857e-06, 7.91704223957e-07, 6.65302025027e-07, 3.42642664464e-07, 3.40743923744e-07, 1.54870718916e-07, 1.29010942373e-07], "median": [0.000105189617898, 0.000185188371688, 0.000166980244103, 0.000352388538886, 0.000160689261975, 2.69841148111e-05, 6.23090591034e-06, 2.2723731945e-06, 2.93287598652e-06, 1.15825355351e-06, 1.35127174872e-06, 1.38427890306e-06, 4.14233113588e-07, 4.8199245839e-07, 7.32937905923e-07, 3.14504745802e-07, 9.82851986464e-08, 9.66485060871e-08, 4.6968608558e-08, 3.17165209651e-08, 5.00672605597e-08, 2.53017962137e-08, 3.23607558528e-08, 2.55308503228e-08, 3.36594396799e-08, 2.71197428958e-08, 9.23169096723e-09, 1.238611258e-08, 1.13093934218e-08, 1.39894567042e-08, 1.18241558766e-08, 1.2466871091e-08, 8.52587866973e-09, 4.29570423677e-09, 3.08121261838e-09, 1.7285787246e-09, 9.54918144558e-10, 6.24650942083e-10, 2.99344105059e-10, 3.06840636233e-10], "min": [1.13844003998e-23, 6.31400205905e-24, 5.91240598841e-24, 8.79960850253e-24, 2.50231865897e-24, 6.3518038792e-24, 1.03556240163e-23, 7.77085420717e-24, 5.37390429096e-24, 8.22168190361e-24, 9.59741193497e-24, 1.15573636753e-23, 3.01987590217e-24, 6.54587352265e-24, 7.76515705371e-24, 1.56544287491e-23, 1.06011956272e-23, 6.92275852543e-24, 7.83208480177e-24, 4.92305647856e-24, 6.81467905939e-24, 5.99918226571e-24, 5.73248180429e-24, 1.04975377266e-23, 6.9297912204e-24, 7.45586599202e-24, 7.62524705014e-24, 1.11427099845e-23, 7.76981606621e-24, 6.86225762717e-24, 7.49657042586e-24, 7.90010512218e-24, 1.02676983687e-23, 6.12397927205e-24, 1.34821771843e-23, 1.0441076585e-23, 1.01710621189e-23, 1.14305724285e-23, 1.04075373748e-23, 1.06017083868e-23], "var": [1.94736185222e-05, 2.14851916098e-05, 5.96451081947e-06, 1.62154392456e-05, 5.38905487701e-06, 4.39896666649e-06, 3.56316490979e-07, 6.77765541468e-08, 1.88143047808e-08, 9.39938349376e-09, 3.13624326509e-09, 5.40442446351e-09, 8.77114936237e-10, 2.5448903429e-08, 4.76622963319e-09, 2.76984390979e-09, 1.96821159371e-09, 1.2998658816e-09, 1.50672208044e-09, 1.80028636443e-09, 3.23562537874e-10, 3.38135804079e-11, 3.17783438453e-11, 2.99085756161e-11, 3.16059990679e-11, 4.32236364756e-11, 2.22243768527e-11, 4.11785501531e-11, 1.00534225389e-09, 2.11430317698e-09, 1.93418614458e-09, 2.21952178858e-10, 3.03898399501e-11, 2.99471308862e-10, 1.36629171518e-11, 2.16550700982e-11, 4.80100464592e-12, 1.73006292452e-12, 5.9128223151e-13, 1.62922884277e-13]}, "mfcc": {"mean": [-852.640014648, 148.707305908, 41.6516876221, 25.3888950348, 1.2626670599, 11.5969228745, 2.48913311958, -0.24968996644, -9.97356796265, -8.65820503235, -3.0685312748, -3.71157169342, -6.02936792374], "cov": [[17231.3652344, -521.289367676, -1262.57946777, 743.877075195, -112.907463074, 45.2737731934, -272.417053223, 159.071838379, 254.099914551, 595.314941406, 373.718566895, 436.116271973, 59.95570755], [-521.289367676, 4704.99853516, 2035.3692627, 238.362335205, 15.0066385269, -452.7421875, -244.722442627, -265.902038574, -164.150894165, -388.573669434, -397.973144531, -369.126922607, -271.02557373], [-1262.57946777, 2035.3692627, 2012.55993652, 363.097839355, 16.6826324463, -304.929779053, -144.615814209, -176.834014893, -116.754463196, -192.810516357, -307.5418396, -247.95350647, -143.426025391], [743.877075195, 238.362335205, 363.097839355, 823.282165527, 324.680450439, 133.715118408, 37.9918365479, 151.208602905, 240.928710938, 253.187698364, 135.691635132, 4.10247612, 13.8903636932], [-112.907463074, 15.0066385269, 16.6826324463, 324.680450439, 622.697509766, 239.466583252, 141.891311646, 130.282470703, 242.454803467, 224.953231812, 34.7881202698, -30.1663475037, -55.0590133667], [45.2737731934, -452.7421875, -304.929779053, 133.715118408, 239.466583252, 656.23236084, 287.403564453, 276.490966797, 166.090560913, 144.442245483, 250.9347229, 220.04536438, 153.644546509], [-272.417053223, -244.722442627, -144.615814209, 37.9918365479, 141.891311646, 287.403564453, 447.825653076, 307.145050049, 159.465194702, 80.3642654419, 136.688491821, 123.471961975, 54.4000549316], [159.071838379, -265.902038574, -176.834014893, 151.208602905, 130.282470703, 276.490966797, 307.145050049, 536.009338379, 427.274200439, 260.980224609, 199.321304321, 50.8199195862, 14.0290756226], [254.099914551, -164.150894165, -116.754463196, 240.928710938, 242.454803467, 166.090560913, 159.465194702, 427.274200439, 701.101257324, 467.167663574, 180.539001465, -17.1501636505, -81.004737854], [595.314941406, -388.573669434, -192.810516357, 253.187698364, 224.953231812, 144.442245483, 80.3642654419, 260.980224609, 467.167663574, 700.434631348, 335.547729492, 108.645591736, -2.89038443565], [373.718566895, -397.973144531, -307.5418396, 135.691635132, 34.7881202698, 250.9347229, 136.688491821, 199.321304321, 180.539001465, 335.547729492, 567.469116211, 392.611022949, 242.696578979], [436.116271973, -369.126922607, -247.95350647, 4.10247612, -30.1663475037, 220.04536438, 123.471961975, 50.8199195862, -17.1501636505, 108.645591736, 392.611022949, 541.830871582, 355.653808594], [59.95570755, -271.02557373, -143.426025391, 13.8903636932, -55.0590133667, 153.644546509, 54.4000549316, 14.0290756226, -81.004737854, -2.89038443565, 242.696578979, 355.653808594, 429.174407959]], "icov": [[7.76462620706e-05, -3.24402208207e-05, 0.000107634965389, -0.000145003345096, 7.92846185504e-05, 7.82412826084e-06, 9.70538312686e-05, -8.36141771288e-05, 5.85622365179e-05, -8.49334173836e-05, 0.00014177869889, -0.000197486660909, 0.000101093719422], [-3.24402208207e-05, 0.000421459699282, -0.000447382655693, 0.000129379404825, -0.000151495027239, 8.10804922367e-05, 4.95005806442e-05, 4.67421887151e-05, -0.000131040171254, 0.000297592632705, -0.00026896756026, 0.00012453403906, 8.68932329467e-05], [0.000107634965389, -0.000447382655693, 0.00121947203297, -0.00073201500345, 0.000300024927128, 0.000174768792931, -5.92394862906e-05, -1.57932026923e-05, 0.000178566377144, -0.000252040219493, 0.000677403702866, -0.000325695495121, 3.64537263522e-05], [-0.000145003345096, 0.000129379404825, -0.00073201500345, 0.00230732723139, -0.00108981062658, -9.86207305687e-05, 0.000306856876705, -0.000235882398556, -0.000170434563188, 1.05975632323e-05, -0.000909745809622, 0.00076914334204, -0.0005080634146], [7.92846185504e-05, -0.000151495027239, 0.000300024927128, -0.00108981062658, 0.00302744098008, -0.00101571390405, -0.000855802674778, 0.00111758231651, -0.000630207650829, -0.000771370250732, 0.000926782551687, -4.66930687253e-05, 0.00024321298406], [7.82412826084e-06, 8.10804922367e-05, 0.000174768792931, -9.86207305687e-05, -0.00101571390405, 0.00300378329121, -0.000702471996192, -0.000974860449787, 0.000315164477797, 0.000357203680323, -0.000484586751554, -0.000411284941947, -0.000296292826533], [9.70538312686e-05, 4.95005806442e-05, -5.92394862906e-05, 0.000306856876705, -0.000855802674778, -0.000702471996192, 0.00519193569198, -0.00352350086905, 0.00103139830753, 0.000302055414068, 0.00045601974125, -0.0016133786412, 0.000862564018462], [-8.36141771288e-05, 4.67421887151e-05, -1.57932026923e-05, -0.000235882398556, 0.00111758231651, -0.000974860449787, -0.00352350086905, 0.00726357847452, -0.00371714914218, 0.000533077807631, -0.0013417666778, 0.00195639091544, -0.000815371284261], [5.85622365179e-05, -0.000131040171254, 0.000178566377144, -0.000170434563188, -0.000630207650829, 0.000315164477797, 0.00103139830753, -0.00371714914218, 0.00498633924872, -0.00219577900134, 0.000703789002728, -0.000463672418846, 0.00068396521965], [-8.49334173836e-05, 0.000297592632705, -0.000252040219493, 1.05975632323e-05, -0.000771370250732, 0.000357203680323, 0.000302055414068, 0.000533077807631, -0.00219577900134, 0.00413258047774, -0.00250863330439, 0.000440464093117, 0.000499674875755], [0.00014177869889, -0.00026896756026, 0.000677403702866, -0.000909745809622, 0.000926782551687, -0.000484586751554, 0.00045601974125, -0.0013417666778, 0.000703789002728, -0.00250863330439, 0.00657771062106, -0.00397277763113, 3.30854854838e-05], [-0.000197486660909, 0.00012453403906, -0.000325695495121, 0.00076914334204, -4.66930687253e-05, -0.000411284941947, -0.0016133786412, 0.00195639091544, -0.000463672418846, 0.000440464093117, -0.00397277763113, 0.00761475414038, -0.00389395421371], [0.000101093719422, 8.68932329467e-05, 3.64537263522e-05, -0.0005080634146, 0.00024321298406, -0.000296292826533, 0.000862564018462, -0.000815371284261, 0.00068396521965, 0.000499674875755, 3.30854854838e-05, -0.00389395421371, 0.00579466857016]]}, "spectral_contrast_coeffs": {"dmean": [0.0715069249272, 0.0765456259251, 0.054026376456, 0.0376807563007, 0.0293200891465, 0.0386893860996], "dmean2": [0.11324006319, 0.121378093958, 0.0863352790475, 0.0595061257482, 0.0471440367401, 0.0604043155909], "dvar": [0.00434838142246, 0.00584401097149, 0.00285910791717, 0.00148006796371, 0.00090868776897, 0.00137997802813], "dvar2": [0.00943143293262, 0.0127425985411, 0.00662209279835, 0.00326655316167, 0.00207413663156, 0.00297834305093], "max": [-0.154807031155, -0.239746570587, -0.40670388937, -0.534233629704, -0.577884912491, -0.540315926075], "mean": [-0.565592885017, -0.700889587402, -0.763236761093, -0.807561278343, -0.832550346851, -0.799958884716], "median": [-0.579714536667, -0.738479435444, -0.778489470482, -0.820667505264, -0.843140780926, -0.814648509026], "min": [-0.957233130932, -0.978081703186, -0.975962638855, -0.97326952219, -0.959512174129, -0.962114572525], "var": [0.0352098941803, 0.0259065423161, 0.0108464388177, 0.00545899756253, 0.00343404524028, 0.0068399370648]}, "spectral_contrast_valleys": {"dmean": [0.975057601929, 1.05947959423, 0.98959505558, 1.00684857368, 1.22975790501, 1.45793199539], "dmean2": [1.44555997849, 1.66343271732, 1.50488853455, 1.49876058102, 1.79555237293, 2.11850571632], "dvar": [0.915045320988, 1.15324747562, 1.07911086082, 1.27651011944, 1.75874745846, 1.98628354073], "dvar2": [1.67833518982, 2.33738613129, 2.26714920998, 2.71261262894, 3.58672356606, 4.05361175537], "max": [-5.4606924057, -4.8458123