{"lowlevel": {"average_loudness": 0.962356507778, "barkbands_crest": {"dmean": 2.62963151932, "dmean2": 4.35520219803, "dvar": 7.03766202927, "dvar2": 18.6990013123, "max": 26.8518428802, "mean": 11.0108098984, "median": 9.96512413025, "min": 2.54524469376, "var": 23.3976898193}, "barkbands_flatness_db": {"dmean": 0.0347591415048, "dmean2": 0.0488725267351, "dvar": 0.00161459750962, "dvar2": 0.00313807372004, "max": 0.602244198322, "mean": 0.216910198331, "median": 0.207377225161, "min": 0.0204511210322, "var": 0.00906929653138}, "barkbands_kurtosis": {"dmean": 9.00291252136, "dmean2": 13.5581293106, "dvar": 2490.97607422, "dvar2": 4719.73046875, "max": 2408.02416992, "mean": 14.2674865723, "median": 3.93970417976, "min": -1.9689232111, "var": 6164.68847656}, "barkbands_skewness": {"dmean": 0.796566009521, "dmean2": 1.22876656055, "dvar": 1.62596869469, "dvar2": 3.35420608521, "max": 47.0894699097, "mean": 1.93553459644, "median": 1.52252268791, "min": -9.69285297394, "var": 6.08699941635}, "barkbands_spread": {"dmean": 7.18732309341, "dmean2": 11.0809221268, "dvar": 169.354217529, "dvar2": 382.390594482, "max": 133.045181274, "mean": 16.2831134796, "median": 9.70708370209, "min": 0.0687845423818, "var": 364.474700928}, "dissonance": {"dmean": 0.0225898232311, "dmean2": 0.0376544184983, "dvar": 0.000515237334184, "dvar2": 0.00139520142693, "max": 0.500000119209, "mean": 0.456727802753, "median": 0.463430643082, "min": 0.234228760004, "var": 0.00110001291614}, "dynamic_complexity": 2.94621372223, "erbbands_crest": {"dmean": 2.32224822044, "dmean2": 3.75121712685, "dvar": 5.10303020477, "dvar2": 12.312458992, "max": 28.9421367645, "mean": 9.30883979797, "median": 8.6512966156, "min": 2.44561505318, "var": 14.7005405426}, "erbbands_flatness_db": {"dmean": 0.0281554944813, "dmean2": 0.0379281267524, "dvar": 0.00111092929728, "dvar2": 0.00197802600451, "max": 0.57363563776, "mean": 0.198982700706, "median": 0.201947420835, "min": 0.0336190499365, "var": 0.00619513355196}, "erbbands_kurtosis": {"dmean": 1.96159291267, "dmean2": 3.06619715691, "dvar": 9.92742538452, "dvar2": 22.0470714569, "max": 41.9851722717, "mean": 2.66530251503, "median": 0.535989284515, "min": -1.93351840973, "var": 29.3625488281}, "erbbands_skewness": {"dmean": 0.508324980736, "dmean2": 0.764959692955, "dvar": 0.329429119825, "dvar2": 0.713086485863, "max": 5.99053239822, "mean": 0.719789862633, "median": 0.608878314495, "min": -4.47558116913, "var": 1.52706968784}, "erbbands_spread": {"dmean": 11.2498598099, "dmean2": 16.9057731628, "dvar": 319.666351318, "dvar2": 652.820617676, "max": 232.32673645, "mean": 34.8900222778, "median": 24.7244377136, "min": 1.62803220749, "var": 1041.66662598}, "hfc": {"dmean": 11.6206951141, "dmean2": 18.1204833984, "dvar": 520.275756836, "dvar2": 1121.22875977, "max": 369.85836792, "mean": 25.9330844879, "median": 18.7610588074, "min": 1.07866204761e-16, "var": 926.927429199}, "melbands_crest": {"dmean": 2.60727500916, "dmean2": 4.2757935524, "dvar": 5.87392568588, "dvar2": 14.9416666031, "max": 32.5960845947, "mean": 13.5360927582, "median": 12.6310281754, "min": 1.60173475742, "var": 26.017868042}, "melbands_flatness_db": {"dmean": 0.0398155748844, "dmean2": 0.0562080480158, "dvar": 0.00209987116978, "dvar2": 0.00417053001001, "max": 0.67050909996, "mean": 0.303812474012, "median": 0.298468768597, "min": 0.00310779293068, "var": 0.012330298312}, "melbands_kurtosis": {"dmean": 14.7152357101, "dmean2": 22.9928245544, "dvar": 2075.92480469, "dvar2": 4707.77734375, "max": 1363.58996582, "mean": 28.6954078674, "median": 8.34408855438, "min": -1.89867031574, "var": 5627.63134766}, "melbands_skewness": {"dmean": 0.940662443638, "dmean2": 1.4322245121, "dvar": 1.83043718338, "dvar2": 3.96967148781, "max": 29.1758213043, "mean": 2.87769985199, "median": 2.10999464989, "min": -25.4404659271, "var": 8.45343780518}, "melbands_spread": {"dmean": 6.0516242981, "dmean2": 9.70940494537, "dvar": 198.4478302, "dvar2": 486.187255859, "max": 293.983734131, "mean": 15.7569913864, "median": 9.72468185425, "min": 0.224643781781, "var": 520.273376465}, "pitch_salience": {"dmean": 0.074864372611, "dmean2": 0.124352946877, "dvar": 0.00496352650225, "dvar2": 0.0127593921497, "max": 0.912265539169, "mean": 0.553915739059, "median": 0.572821319103, "min": 0.0251005981117, "var": 0.0178802274168}, "silence_rate_20dB": {"dmean": 0, "dmean2": 0, "dvar": 0, "dvar2": 0, "max": 1, "mean": 1, "median": 1, "min": 1, "var": 0}, "silence_rate_30dB": {"dmean": 0.003557452932, "dmean2": 0.00711574964225, "dvar": 0.00354480557144, "dvar2": 0.0103858141229, "max": 1, "mean": 0.998102903366, "median": 1, "min": 0, "var": 0.00189367495477}, "silence_rate_60dB": {"dmean": 0.004743270576, "dmean2": 0.00948766618967, "dvar": 0.00472109951079, "dvar2": 0.0103464219719, "max": 1, "mean": 0.0435143448412, "median": 0, "min": 0, "var": 0.0416200309992}, "spectral_centroid": {"dmean": 229.21975708, "dmean2": 348.389892578, "dvar": 136497.9375, "dvar2": 276368.59375, "max": 11766.296875, "mean": 1018.71307373, "median": 674.08984375, "min": 99.4372329712, "var": 1539831.25}, "spectral_complexity": {"dmean": 3.14312815666, "dmean2": 5.05526542664, "dvar": 19.3396759033, "dvar2": 44.6554107666, "max": 47, "mean": 14.4379892349, "median": 14, "min": 0, "var": 71.0707473755}, "spectral_decrease": {"dmean": 3.10337444631e-09, "dmean2": 5.06710140513e-09, "dvar": 1.38145506772e-17, "dvar2": 3.93871809398e-17, "max": 1.04254371802e-09, "mean": -1.07197779542e-08, "median": -1.08016644518e-08, "min": -4.15049257185e-08, "var": 3.35047091747e-17}, "spectral_energy": {"dmean": 0.0120646161959, "dmean2": 0.0196772385389, "dvar": 0.000197851724806, "dvar2": 0.000561878783628, "max": 0.158001556993, "mean": 0.0428109951317, "median": 0.0430617034435, "min": 1.01334576812e-20, "var": 0.000474736327305}, "spectral_energyband_high": {"dmean": 0.000772322411649, "dmean2": 0.00119522563182, "dvar": 4.01219131163e-06, "dvar2": 8.46919556352e-06, "max": 0.0342399030924, "mean": 0.00109731499106, "median": 8.09240736999e-05, "min": 7.11672917946e-21, "var": 8.3645554696e-06}, "spectral_energyband_low": {"dmean": 0.0087878620252, "dmean2": 0.0143546471372, "dvar": 0.000187417666893, "dvar2": 0.000534305989277, "max": 0.152380213141, "mean": 0.0182547941804, "median": 0.0125155504793, "min": 2.11612837127e-23, "var": 0.000351529859472}, "spectral_energyband_middle_high": {"dmean": 0.00174740911461, "dmean2": 0.0027954087127, "dvar": 1.07235964606e-05, "dvar2": 2.60616052401e-05, "max": 0.0543833188713, "mean": 0.00410816865042, "median": 0.00185224623419, "min": 1.19645798908e-21, "var": 3.0872059142e-05}, "spectral_energyband_middle_low": {"dmean": 0.00609724922106, "dmean2": 0.00987676531076, "dvar": 4.83107578475e-05, "dvar2": 0.000127014005557, "max": 0.0946796089411, "mean": 0.0210492573678, "median": 0.0180773623288, "min": 2.03875534752e-22, "var": 0.000247395742917}, "spectral_entropy": {"dmean": 0.303825765848, "dmean2": 0.418748736382, "dvar": 0.136229753494, "dvar2": 0.25279045105, "max": 9.8252658844, "mean": 6.95065593719, "median": 6.91475582123, "min": 4.61168575287, "var": 0.61136162281}, "spectral_flux": {"dmean": 0.0272971596569, "dmean2": 0.0433058068156, "dvar": 0.000806698517408, "dvar2": 0.00193838065024, "max": 0.297982603312, "mean": 0.088320069015, "median": 0.0839750617743, "min": 6.53760032221e-11, "var": 0.00191073003225}, "spectral_kurtosis": {"dmean": 5.56837415695, "dmean2": 9.01654529572, "dvar": 55.5442504883, "dvar2": 140.551986694, "max": 107.030975342, "mean": 12.0665788651, "median": 7.91447782516, "min": -1.26941025257, "var": 174.350250244}, "spectral_rms": {"dmean": 0.000888355833013, "dmean2": 0.00143035210203, "dvar": 8.93798755897e-07, "dvar2": 2.4430423764e-06, "max": 0.0124156298116, "mean": 0.00615550251678, "median": 0.00648162141442, "min": 3.14424875025e-12, "var": 3.87660884371e-06}, "spectral_rolloff": {"dmean": 600.482299805, "dmean2": 1056.78283691, "dvar": 2913213.5, "dvar2": 6929000.5, "max": 19379.8828125, "mean": 1537.03686523, "median": 538.330078125, "min": 64.599609375, "var": 8738956}, "spectral_skewness": {"dmean": 0.515326857567, "dmean2": 0.805011153221, "dvar": 0.335697680712, "dvar2": 0.757154881954, "max": 8.51954078674, "mean": 2.32133626938, "median": 2.08797669411, "min": -0.134930416942, "var": 1.52088022232}, "spectral_spread": {"dmean": 1039616.1875, "dmean2": 1459342.75, "dvar": 2728517959680.0, "dvar2": 4818122833920.0, "max": 43054748, "mean": 4472213, "median": 3062154.5, "min": 784174.5, "var": 15730385879000.0}, "spectral_strongpeak": {"dmean": 0.581165492535, "dmean2": 0.995584726334, "dvar": 2.70626354218, "dvar2": 6.54396057129, "max": 49.3966445923, "mean": 1.19922888279, "median": 0.507568120956, "min": 0, "var": 8.63332843781}, "zerocrossingrate": {"dmean": 0.0149062136188, "dmean2": 0.0172095391899, "dvar": 0.000628212001175, "dvar2": 0.000731794629246, "max": 0.66259765625, "mean": 0.0576877593994, "median": 0.0322265625, "min": 0.00244140625, "var": 0.00695790909231}, "barkbands": {"dmean": [0.000100395962363, 0.00794984865934, 0.00157616846263, 0.0018621328054, 0.0028873772826, 0.00176905258559, 0.0012074400438, 0.00114374374971, 0.000488546676934, 0.00039869826287, 0.00028355725226, 0.000186116376426, 0.000240704583121, 0.000300607091049, 0.000426875601988, 0.00035966761061, 0.00020371528808, 0.000115757400636, 9.93739522528e-05, 6.12195581198e-05, 6.01844985795e-05, 6.17059195065e-05, 0.00011203854956, 0.00011495329818, 0.000195279208128, 0.000162190510309, 0.000130476284539], "dmean2": [0.000167177015101, 0.0130527270958, 0.00253407447599, 0.0030398699455, 0.0049266545102, 0.00282799405977, 0.00199880241416, 0.00184455898125, 0.000739270530175, 0.000611815950833, 0.000435211957665, 0.000293175078696, 0.000378562079277, 0.000491007347591, 0.000712829001714, 0.000601470062975, 0.000332209281623, 0.000198465335416, 0.000163953081938, 9.9774923001e-05, 9.75117291091e-05, 9.4966715551e-05, 0.000172481202753, 0.000177595036803, 0.000293323886581, 0.000252697704127, 0.000211621954804], "dvar": [2.1075281964e-08, 0.000172854488483, 8.48668787512e-06, 8.88220893103e-06, 1.41224636536e-05, 7.37180516808e-06, 4.76150580653e-06, 3.92882884626e-06, 1.43176714573e-06, 7.0050487011e-07, 3.45751686837e-07, 2.49145017506e-07, 3.35439239052e-07, 4.03933228199e-07, 1.01403679764e-06, 1.91805270333e-06, 2.2293936297e-07, 6.82290917098e-08, 4.90868288239e-08, 1.50959724721e-08, 1.40463978227e-08, 2.25958913802e-08, 1.52821385768e-07, 1.13753579001e-07, 6.14687508005e-07, 2.76426163737e-07, 1.68157583857e-07], "dvar2": [5.62775035462e-08, 0.00049413240049, 2.04661228054e-05, 2.44748916884e-05, 4.04404454457e-05, 1.83988195204e-05, 1.16060946311e-05, 1.00672823464e-05, 2.93200309898e-06, 1.58605269007e-06, 7.07775882347e-07, 5.99762813636e-07, 7.52108348934e-07, 1.00575630313e-06, 2.52811582868e-06, 4.77384992337e-06, 5.61654474041e-07, 1.79805837774e-07, 1.28253375919e-07, 3.89737877526e-08, 3.51072806382e-08, 4.80933799452e-08, 3.040423735e-07, 2.55122898807e-07, 1.26638894926e-06, 6.1068311652e-07, 4.07674463077e-07], "max": [0.00223795091733, 0.145672440529, 0.0500581711531, 0.0536511167884, 0.06301638484, 0.0497592538595, 0.0391689278185, 0.0307115502656, 0.04394646734, 0.0183320976794, 0.015173913911, 0.0103781456128, 0.0159300528467, 0.01088207867, 0.0156189166009, 0.0372071675956, 0.00935931690037, 0.00340724573471, 0.00280860555358, 0.00299954880029, 0.00178674585186, 0.0051365965046, 0.0188998803496, 0.0103092603385, 0.0196650773287, 0.0129195675254, 0.011032667011], "mean": [0.00014988402836, 0.0133117754012, 0.00327824498527, 0.00374108552933, 0.00532051222399, 0.00526555860415, 0.0024853120558, 0.00257143494673, 0.001267959713, 0.00084469182184, 0.000492189545184, 0.000328133173753, 0.000440974050434, 0.000484091084218, 0.000616379082203, 0.000463716452941, 0.000324191321852, 0.00014458943042, 0.000138754330692, 9.51742986217e-05, 8.87957139639e-05, 0.000103825441329, 0.000172722531715, 0.000158705806825, 0.000239049477386, 0.000170683357283, 0.000112503556011], "median": [8.39214480948e-05, 0.00769277662039, 0.00132704840507, 0.00227526156232, 0.00381480669603, 0.00255536357872, 0.00110611109994, 0.000971228233539, 0.00037141807843, 0.000286868133117, 0.000121633973322, 6.03390471952e-05, 8.0990997958e-05, 9.1357040219e-05, 0.000107779524114, 6.04002489126e-05, 6.99636948411e-05, 3.5264158214e-05, 3.43476931448e-05, 2.39859891735e-05, 2.20546462515e-05, 1.13707064884e-05, 5.5662703744e-06, 3.63999333786e-06, 1.27738246647e-06, 6.9676525527e-07, 1.81040888947e-07], "min": [8.07340958002e-25, 2.36600310011e-24, 2.94542597095e-24, 1.69577938086e-24, 1.09004153017e-23, 4.91575754303e-24, 1.07782546685e-23, 1.53514162313e-23, 2.87774754285e-23, 2.13505992859e-23, 1.84413670421e-23, 3.42948979728e-23, 3.55321032403e-23, 3.23245316908e-23, 2.96713021658e-23, 5.19811468461e-23, 9.71085313081e-23, 1.14357580846e-22, 1.28010857227e-22, 1.73439665441e-22, 2.77062894095e-22, 2.71022718672e-22, 4.61424357701e-22, 5.26337638999e-22, 9.58143538749e-22, 1.43761627666e-21, 1.91225638955e-21], "var": [3.2367218239e-08, 0.000271772878477, 2.40831195697e-05, 1.97349963855e-05, 2.75382644759e-05, 4.80234157294e-05, 1.65906767506e-05, 1.3044037587e-05, 8.44447276904e-06, 2.00253521143e-06, 1.09714085283e-06, 7.09412859123e-07, 1.12677741981e-06, 8.59848398704e-07, 1.69504119185e-06, 2.63699280367e-06, 3.97425111487e-07, 7.77056357038e-08, 6.3839436848e-08, 2.98629423412e-08, 2.61102073296e-08, 8.39098603933e-08, 5.45374177818e-07, 2.73096588899e-07, 1.04939556422e-06, 4.1590558908e-07, 1.67219411651e-07]}, "erbbands": {"dmean": [0.190103530884, 1.92362523079, 2.27252674103, 3.40086150169, 8.64841175079, 11.0438776016, 12.1920223236, 15.0597915649, 16.7494735718, 27.8729953766, 18.5085010529, 11.7979898453, 11.7748098373, 10.4697446823, 9.56893444061, 8.74730968475, 11.3409786224, 12.0252418518, 21.3568153381, 20.1851825714, 21.187921524, 9.25268554688, 7.23401021957, 3.91119670868, 5.47328424454, 2.90254878998, 2.36412405968, 2.57419657707, 2.12223124504, 2.39545822144, 3.3209643364, 2.0713224411, 2.37984991074, 1.87754416466, 1.65345561504, 0.811289846897, 0.271943330765, 0.0921150222421, 0.0219405665994, 0.00140461616684], "dmean2": [0.294981837273, 3.21627759933, 3.71101284027, 5.54371404648, 14.3344688416, 18.9618015289, 20.2421722412, 24.5128383636, 27.639881134, 46.3617858887, 29.258058548, 17.5940265656, 17.811296463, 16.4609851837, 14.9399690628, 13.7681322098, 17.8900947571, 19.0277767181, 35.0381240845, 34.4615516663, 34.5722045898, 15.1697072983, 12.3382940292, 6.49074935913, 9.03218841553, 4.69685840607, 3.87194108963, 4.18531036377, 3.32771968842, 3.67259073257, 5.15037202835, 3.27065706253, 3.67824101448, 2.87267589569, 2.46154713631, 1.25790381432, 0.423864126205, 0.144872605801, 0.0359034575522, 0.00231608003378], "dvar": [0.0843749046326, 10.9072532654, 13.8403186798, 32.1330947876, 143.555267334, 253.995285034, 374.258575439, 589.123046875, 986.357971191, 2601.34765625, 1277.01867676, 742.950805664, 834.180725098, 466.610076904, 334.300354004, 589.519226074, 780.843078613, 643.521789551, 2715.73608398, 2335.39257812, 7890.90283203, 451.451293945, 268.368591309, 71.5286026001, 162.433456421, 37.8245849609, 20.4293327332, 33.1932182312, 25.205072403, 47.9629325867, 121.733840942, 37.9091072083, 50.8358459473, 51.8059539795, 63.7304573059, 8.18691158295, 0.823093652725, 0.0986026003957, 0.00474683474749, 1.98276338779e-05], "dvar2": [0.202601835132, 32.1295471191, 35.9948883057, 87.0282897949, 396.396118164, 715.293640137, 1022.95574951, 1525.54150391, 2553.32641602, 6981.09130859, 2996.53222656, 1525.56567383, 1711.91772461, 1137.4979248, 713.396179199, 1432.55078125, 1758.49938965, 1463.68041992, 6471.42041016, 6260.31396484, 19330.9277344, 1142.86804199, 706.823242188, 183.314437866, 425.245941162, 97.5677719116, 51.7107620239, 84.7127304077, 54.7029800415, 98.6527175903, 246.949478149, 87.6663894653, 116.287033081, 110.10332489, 137.152557373, 17.8277435303, 1.84993457794, 0.21174877882, 0.0117819942534, 5.00510031998e-05], "max": [3.42007756233, 36.7530021667, 60.3104782104, 100.968452454, 259.55645752, 306.296630859, 409.995758057, 470.797180176, 592.626342773, 739.393493652, 818.777648926, 1161.02246094, 1024.35192871, 315.6222229, 429.588165283, 508.651916504, 795.778686523, 563.002624512, 795.315063477, 849.450805664, 2515.25634766, 397.095153809, 165.295211792, 125.748893738, 187.53565979, 182.768600464, 91.6921768188, 89.3427734375, 179.720748901, 328.978851318, 512.011901855, 209.947860718, 182.099014282, 199.323684692, 282.099395752, 86.6984024048, 27.8404254913, 16.255645752, 1.16275072098, 0.0766220167279], "mean": [0.33358708024, 3.12561631203, 4.80972480774, 7.67789125443, 15.4245414734, 18.2643718719, 28.3876361847, 43.8519172668, 36.4846992493, 55.802482605, 42.9732131958, 30.9997196198, 29.3701496124, 21.414068222, 17.85405159, 17.2330265045, 21.3335762024, 22.771364212, 31.1091709137, 28.3771743774, 30.1513652802, 14.9043045044, 9.39853286743, 5.88223409653, 7.59556150436, 4.63758897781, 3.91409635544, 3.52582359314, 3.56194972992, 3.85535120964, 4.90423440933, 2.99534082413, 3.1372833252, 2.18158817291, 2.06953048706, 0.905390977859, 0.280617505312, 0.0898429751396, 0.0186824109405, 0.00117991596926], "median": [0.187725633383, 1.67707180977, 2.73199105263, 5.04575014114, 11.2755203247, 11.1285972595, 15.3098011017, 21.2501945496, 16.9843406677, 21.8622207642, 20.422908783, 11.7860336304, 9.44530105591, 7.72567844391, 6.30073928833, 4.02334499359, 4.62424182892, 4.55963611603, 5.65214920044, 5.81642723083, 4.46161651611, 3.3004090786, 2.59590673447, 1.57288646698, 1.81902372837, 1.15547811985, 1.10374855995, 0.644238114357, 0.433582246304, 0.240610718727, 0.151523575187, 0.0823021680117, 0.0569216012955, 0.0183684062213, 0.00775677384809, 0.00306997494772, 0.00132967939135, 0.000463681062683, 4.75318738609e-05, 6.33683084743e-05], "min": [6.92171675572e-23, 8.52499993141e-22, 4.87203887797e-21, 6.60820212643e-21, 2.14583607905e-20, 4.09529366457e-20, 7.1132071995e-20, 6.48332467268e-20, 1.45176556454e-19, 2.02396439285e-19, 3.78844507098e-19, 5.53532515513e-19, 6.95098221798e-19, 6.05242987724e-19, 1.18468062867e-18, 1.31424409937e-18, 1.77651284732e-18, 1.79808240897e-18, 2.36062788444e-18, 3.27833886554e-18, 3.87611086137e-18, 5.36783679752e-18, 6.24557055321e-18, 7.37124632084e-18, 7.5098776556e-18, 8.55432883657e-18, 9.58477833131e-18, 8.93850377308e-18, 8.9622761167e-18, 1.1320965917e-17, 1.08604281478e-17, 9.57039035173e-18, 1.05280413351e-17, 9.18472069985e-18, 7.28793930699e-18, 3.9394596614e-18, 2.47682814894e-18, 1.02890401116e-18, 2.43885750859e-19, 2.88843359656e-20], "var": [0.17683172226, 15.8993177414, 33.7246284485, 72.9420166016, 235.627700806, 447.73034668, 1464.55993652, 3444.26806641, 3328.03320312, 6679.48339844, 4032.07055664, 3414.27075195, 3948.58764648, 1249.08813477, 1041.2064209, 1776.13000488, 2603.69018555, 1958.59277344, 4721.75390625, 3486.70947266, 11299.0380859, 767.026672363, 295.890258789, 118.882331848, 206.142868042, 78.6993103027, 47.9572181702, 51.1814460754, 92.7717590332, 159.537124634, 401.987976074, 95.6362533569, 112.497200012, 82.6747970581, 109.52645874, 13.2985439301, 1.14347231388, 0.134182885289, 0.00439695687965, 1.66765057656e-05]}, "gfcc": {"mean": [-41.7708206177, 116.066459656, -84.7991104126, 27.251083374, -44.4873275757, -4.35016202927, -33.0416679382, 2.0878162384, -9.65356254578, 1.8132494688, -12.2296133041, -1.6099319458, -5.59452819824], "cov": [[18137.0820312, 893.941101074, -672.344238281, 353.501953125, -421.568939209, 212.67755127, -257.024261475, 106.742485046, -169.210678101, 67.2950134277, -212.972839355, -88.4726638794, -221.01725769], [893.941101074, 7474.609375, -1710.18994141, -1155.64465332, 146.455795288, -710.243103027, 374.66595459, -464.165466309, 74.6267089844, -315.353240967, 264.549316406, -306.691894531, 176.154434204], [-672.344238281, -1710.18994141, 3392.58081055, 1269.66540527, -140.508102417, 273.461181641, -64.8013076782, 182.611679077, 61.1262245178, 90.356300354, -138.22819519, 169.008956909, -63.3983078003], [353.501953125, -1155.64465332, 1269.66540527, 1415.10046387, 74.9263687134, 197.779998779, -7.20784139633, 127.862487793, 94.7058105469, 65.6103286743, -76.45652771, 68.0417785645, -59.3217010498], [-421.568939209, 146.455795288, -140.508102417, 74.9263687134, 568.651428223, 102.846122742, 47.236038208, -1.1650891304, 63.5637435913, 17.4108257294, 16.3013038635, -20.7071647644, -7.25980329514], [212.67755127, -710.243103027, 273.461181641, 197.779998779, 102.846122742, 275.252960205, 25.7919216156, 93.7560195923, -4.989839077, 61.3683547974, -17.5151004791, 43.0946273804, -27.0477237701], [-257.024261475, 374.66595459, -64.8013076782, -7.20784139633, 47.236038208, 25.7919216156, 185.347808838, 26.0636253357, 36.854888916, -9.33189964294, 53.3282546997, -9.33896923065, 20.8189506531], [106.742485046, -464.165466309, 182.611679077, 127.862487793, -1.1650891304, 93.7560195923, 26.0636253357, 133.260604858, 31.49426651, 49.1547241211, -10.9166698456, 25.3346176147, -7.07923555374], [-169.210678101, 74.6267089844, 61.1262245178, 94.7058105469, 63.5637435913, -4.989839077, 36.854888916, 31.49426651, 117.22038269, 16.6273727417, 11.0068855286, -4.30988121033, 2.51983952522], [67.2950134277, -315.353240967, 90.356300354, 65.6103286743, 17.4108257294, 61.3683547974, -9.33189964294, 49.1547241211, 16.6273727417, 87.299697876, 6.29951572418, 16.3555221558, -4.80791378021], [-212.972839355, 264.549316406, -138.22819519, -76.45652771, 16.3013038635, -17.5151004791, 53.3282546997, -10.9166698456, 11.0068855286, 6.29951572418, 85.5587692261, 9.56973648071, 22.0197162628], [-88.4726638794, -306.691894531, 169.008956909, 68.0417785645, -20.7071647644, 43.0946273804, -9.33896923065, 25.3346176147, -4.30988121033, 16.3555221558, 9.56973648071, 93.9742355347, 17.3427963257], [-221.01725769, 176.154434204, -63.3983078003, -59.3217010498, -7.25980329514, -27.0477237701, 20.8189506531, -7.07923555374, 2.51983952522, -4.80791378021, 22.0197162628, 17.3427963257, 80.0872955322]], "icov": [[7.2960909165e-05, -5.6568216678e-05, 4.88264704472e-05, -6.12550356891e-05, 9.06518325792e-05, -0.000147278478835, 0.000151782936882, -0.000142788529047, 9.18750447454e-05, -9.41375328694e-05, 0.000174807530129, -4.8600260925e-05, 0.00017937218945], [-5.6568216678e-05, 0.000350005517248, -4.90756174258e-05, 0.000136994407512, -0.000154344073962, 0.000508895434905, -0.000622329302132, 0.000681946869008, -0.000250618264545, 0.000424850848503, -0.000526336021721, 0.000614056014456, -0.000438269256847], [4.88264704472e-05, -4.90756174258e-05, 0.000544508104213, -0.000419670250267, 0.000250204087934, -0.000267966097454, 9.69830580289e-05, -0.000129521184135, -5.35692634003e-05, -0.000143087920151, 0.00063234224217, -0.000649258203339, 0.000218227753066], [-6.12550356891e-05, 0.000136994407512, -0.000419670250267, 0.00128442700952, -0.000229156721616, -5.61686210858e-05, -0.000310017698212, 0.000141245516716, -0.000854907208122, 0.000142456483445, 0.000188629492186, 3.21556558447e-06, 0.000185029581189], [9.06518325792e-05, -0.000154344073962, 0.000250204087934, -0.000229156721616, 0.00243648607284, -0.00179371936247, 0.000258099578787, 0.000847895338666, -0.00139644695446, -0.000195486296434, 0.000129707957967, 0.00038230131031, 0.000154664579895], [-0.000147278478835, 0.000508895434905, -0.000267966097454, -5.61686210858e-05, -0.00179371936247, 0.00795345194638, -0.00268402788788, -0.0021683613304, 0.00256301113404, -0.00222420948558, 0.000637287390418, -0.00145725300536, 0.00117622781545], [0.000151782936882, -0.000622329302132, 9.69830580289e-05, -0.000310017698212, 0.000258099578787, -0.00268402788788, 0.00971967633814, -0.00363144092262, -0.00140896579251, 0.00298989261501, -0.0049263802357, 0.00146532419603, -0.000834885111544], [-0.000142788529047, 0.000681946869008, -0.000129521184135, 0.000141245516716, 0.000847895338666, -0.0021683613304, -0.00363144092262, 0.0149311404675, -0.00369993294589, -0.00424765981734, 0.00208696699701, -0.000460712821223, -0.000896178884432], [9.18750447454e-05, -0.000250618264545, -5.35692634003e-05, -0.000854907208122, -0.00139644695446, 0.00256301113404, -0.00140896579251, -0.00369993294589, 0.01217488572, -0.00219913921319, -0.000182029936695, 0.00024617582676, 0.000389022490708], [-9.41375328694e-05, 0.000424850848503, -0.000143087920151, 0.000142456483445, -0.000195486296434, -0.00222420948558, 0.00298989261501, -0.00424765981734, -0.00219913921319, 0.0179356522858, -0.00546655477956, 0.00134694250301, -0.000766350829508], [0.000174807530129, -0.000526336021721, 0.00063234224217, 0.000188629492186, 0.000129707957967, 0.000637287390418, -0.0049263802357, 0.00208696699701, -0.000182029936695, -0.00546655477956, 0.0195369720459, -0.00507438136265, -0.00062272651121], [-4.8600260925e-05, 0.000614056014456, -0.000649258203339, 3.21556558447e-06, 0.00038230131031, -0.00145725300536, 0.00146532419603, -0.000460712821223, 0.00024617582676, 0.00134694250301, -0.00507438136265, 0.0159790255129, -0.00486741540954], [0.00017937218945, -0.000438269256847, 0.000218227753066, 0.000185029581189, 0.000154664579895, 0.00117622781545, -0.000834885111544, -0.000896178884432, 0.000389022490708, -0.000766350829508, -0.00062272651121, -0.00486741540954, 0.0159712638706]]}, "melbands": {"dmean": [0.00207023951225, 0.00160445203073, 0.000767641584389, 0.000624967797194, 0.000461573799839, 0.000345289794495, 0.000247173040407, 0.000300283340039, 0.000137595387059, 6.8021203333e-05, 5.93192889937e-05, 4.38746537839e-05, 4.08451160183e-05, 2.18013265112e-05, 2.46926538239e-05, 1.85341068573e-05, 2.49890126724e-05, 3.60439298674e-05, 2.56873172475e-05, 2.61377044808e-05, 2.51056244451e-05, 1.02801241155e-05, 9.32022430788e-06, 5.47071613255e-06, 2.94770393339e-06, 4.37505195805e-06, 2.73859041044e-06, 1.91012236428e-06, 1.71626334122e-06, 1.28831823076e-06, 1.78279935881e-06, 1.15909699616e-06, 1.40377244406e-06, 1.49064499055e-06, 2.15752697841e-06, 1.63167089795e-06, 1.23242364225e-06, 1.82874168786e-06, 1.37285178425e-06, 1.71702686202e-06], "dmean2": [0.00333804846741, 0.00268940022215, 0.00124648632482, 0.00106033694465, 0.000777030887548, 0.000560782849789, 0.000406654551625, 0.000498237437569, 0.000215385880438, 0.000102351441456, 9.00114318938e-05, 6.91757304594e-05, 6.31150396657e-05, 3.43431347574e-05, 3.89898377762e-05, 2.92806762445e-05, 3.96346367779e-05, 5.92585020058e-05, 4.37456073996e-05, 4.43207209173e-05, 4.11744767916e-05, 1.69358081621e-05, 1.57813028636e-05, 9.3219559858e-06, 4.93372954224e-06, 7.08653124093e-06, 4.61567287857e-06, 3.10619020638e-06, 2.84889256363e-06, 2.07526136364e-06, 2.95863924293e-06, 1.88199987861e-06, 2.14028136725e-06, 2.29551210396e-06, 3.2977045521e-06, 2.60609499492e-06, 1.97940585167e-06, 2.82521614281e-06, 2.15933278014e-06, 2.63233027908e-06], "dvar": [1.09801094368e-05, 6.85899931341e-06, 1.33320884288e-06, 7.24003768937e-07, 4.40394416046e-07, 2.94496771858e-07, 2.07344839964e-07, 2.83934468825e-07, 6.92545114589e-08, 2.70681628223e-08, 2.11009005824e-08, 8.98900953672e-09, 7.06107572412e-09, 3.17237369707e-09, 3.38133809841e-09, 1.73487613164e-09, 3.0026454656e-09, 7.05032121573e-09, 4.16181711316e-09, 4.46120962394e-09, 1.14004317098e-08, 6.77665090709e-10, 4.92539509178e-10, 1.6260223723e-10, 4.54294483976e-11, 9.60424448304e-11, 4.07652557544e-11, 1.81676410027e-11, 1.23659277262e-11, 7.52132384152e-12, 1.95706506556e-11, 6.66381620024e-12, 1.85011988368e-11, 3.16959271329e-11, 8.24696838597e-11, 2.68081858795e-11, 2.02048638237e-11, 3.60990404236e-11, 2.06900729188e-11, 4.58678338366e-11], "dvar2": [2.9922255635e-05, 1.99366386369e-05, 3.61219008482e-06, 2.06646677725e-06, 1.24167218019e-06, 7.67654398715e-07, 5.17260843935e-07, 7.69607197526e-07, 1.59787504117e-07, 5.62601449872e-08, 4.35101945584e-08, 2.20786198213e-08, 1.45580782984e-08, 7.57049090083e-09, 7.82920839271e-09, 3.97390742535e-09, 6.87634971186e-09, 1.69898193292e-08, 1.1268201483e-08, 1.15916547472e-08, 2.82128826967e-08, 1.72846559288e-09, 1.32246202877e-09, 4.23054813403e-10, 1.18632145774e-10, 2.39201325414e-10, 1.10663346542e-10, 4.74449576848e-11, 3.21252920099e-11, 1.87433887855e-11, 5.20092302558e-11, 1.63779319967e-11, 3.58568071068e-11, 6.15890324851e-11, 1.58428423158e-10, 5.9116385398e-11, 5.05291607167e-11, 8.3146184382e-11, 4.68056010616e-11, 9.76632039129e-11], "max": [0.0363637953997, 0.0296981092542, 0.0192171167582, 0.0164077505469, 0.0118519766256, 0.00997028965503, 0.0090170353651, 0.00763049675152, 0.00612221192569, 0.00622854754329, 0.00514365080744, 0.00137319008354, 0.00215266970918, 0.00123479496688, 0.00147705443669, 0.00105562538374, 0.00128824694548, 0.00120448227972, 0.000993948895484, 0.00116649991833, 0.00295430771075, 0.000509592005983, 0.00026269533555, 0.000270368822385, 0.000110525063064, 0.000170427854755, 7.8376448073e-05, 0.00015289906878, 8.30098288134e-05, 5.53667814529e-05, 7.36579022487e-05, 5.37045089004e-05, 0.000187756406376, 0.000293417368084, 0.000479624024592, 0.00022727677424, 0.000200428781682, 0.000190634644241, 0.000110784836579, 0.000189613128896], "mean": [0.00345488963649, 0.00315245077945, 0.00164788553957, 0.00118126149755, 0.000997635652311, 0.00100334314629, 0.000545512477402, 0.000616145203821, 0.00032445800025, 0.000178833899554, 0.0001435985032, 8.59108622535e-05, 7.14001289452e-05, 3.91391658923e-05, 4.8251280532e-05, 3.65201012755e-05, 4.44352044724e-05, 5.09987112309e-05, 3.5217981349e-05, 3.56790369551e-05, 3.48153407685e-05, 1.64977627719e-05, 1.08816739157e-05, 7.32457010599e-06, 4.0168306441e-06, 6.14836517343e-06, 3.73485659111e-06, 2.92210302177e-06, 2.71056387646e-06, 1.86879276498e-06, 2.17587353291e-06, 1.77952836111e-06, 2.42273904405e-06, 2.28718886319e-06, 3.27612383444e-06, 2.10684947888e-06, 1.71104875335e-06, 2.50944049185e-06, 1.52762140715e-06, 1.90123682842e-06], "median": [0.00201213383116, 0.00194715987891, 0.00112953176722, 0.000837823434267, 0.000598721439019, 0.000491939717904, 0.000249490083661, 0.000237694883253, 0.000147094731801, 5.92238393438e-05, 3.77025571652e-05, 2.57396986854e-05, 2.01726761588e-05, 7.83928408055e-06, 8.86177440407e-06, 8.13212136563e-06, 7.20554726286e-06, 9.02873580344e-06, 7.03737259755e-06, 6.16878332949e-06, 4.93733659823e-06, 3.28233750224e-06, 2.18153650167e-06, 1.6749702354e-06, 9.05517595129e-07, 1.36157859743e-06, 9.50433104663e-07, 6.5057605525e-07, 6.54022073832e-07, 4.62409587954e-07, 2.94955611935e-07, 2.36245966789e-07, 1.74325052171e-07, 1.09620245325e-07, 8.87264945959e-08, 5.14415745556e-08, 4.51127846191e-08, 4.7996536523e-08, 1.97069347507e-08, 1.17407719102e-08], "min": [1.34907461858e-24, 2.67369849341e-24, 2.34928260158e-24, 1.96480007942e-24, 2.55661418013e-24, 1.36057325235e-24, 2.31343538154e-24, 2.27438854167e-24, 2.78659789958e-24, 3.71108963239e-24, 3.00272212179e-24, 1.93349097895e-24, 3.22334403444e-24, 3.50374858751e-24, 2.75336062585e-24, 3.1075489171e-24, 2.80038344112e-24, 3.18130879224e-24, 3.0573199739e-24, 1.97551971304e-24, 3.78932254608e-24, 5.15444792029e-24, 4.54939357814e-24, 5.02400661417e-24, 5.45417562123e-24, 5.15499696748e-24, 4.82132852609e-24, 4.10449929899e-24, 4.9480846685e-24, 6.42030422147e-24, 4.55306809223e-24, 4.28084481562e-24, 5.6827090199e-24, 5.28094058315e-24, 6.03856456868e-24, 6.39730813723e-24, 5.6339282281e-24, 7.05826116312e-24, 5.67337916198e-24, 7.5643138561e-24], "var": [1.8569347958e-05, 1.24125235743e-05, 2.95904351333e-06, 1.33280002501e-06, 1.40859788189e-06, 1.72967850176e-06, 7.60534362598e-07, 7.70215649482e-07, 2.31104081649e-07, 1.45478651348e-07, 9.9905768991e-08, 2.30604779716e-08, 2.22890701451e-08, 9.26863208406e-09, 1.18856551268e-08, 6.69832322941e-09, 8.31990032424e-09, 1.19733005732e-08, 5.13386089196e-09, 6.31758245717e-09, 1.54595856117e-08, 1.19597565185e-09, 5.25774090931e-10, 2.26618654398e-10, 6.88518200787e-11, 1.51138893068e-10, 4.4721965714e-11, 3.81360672208e-11, 2.70350252601e-11, 1.37372370423e-11, 2.46237474855e-11, 1.57541792112e-11, 8.32474436607e-11, 9.76586797541e-11, 2.76511119557e-10, 6.55775364566e-11, 4.34232996782e-11, 9.35258398505e-11, 2.87854323711e-11, 7.05924554922e-11]}, "mfcc": {"mean": [-693.070617676, 152.167785645, 17.879032135, 35.2049217224, 9.31554412842, 3.26827573776, -10.2385005951, -0.742072403431, 2.45397925377, 4.36526060104, -2.16084265709, 0.811838388443, 0.0820166841149], "cov": [[11051.2001953, 1450.26928711, -1498.59667969, -357.000854492, -260.515472412, -137.840194702, 71.347869873, -252.526763916, -63.6665267944, 190.552825928, -72.7164459229, -71.1748504639, 115.421890259], [1450.26928711, 5980.47607422, -1348.66137695, -146.792190552, -368.791748047, -223.36730957, -11.0161561966, -265.233947754, -189.16255188, 99.6045684814, -151.540298462, -35.2840766907, 78.8795318604], [-1498.59667969, -1348.66137695, 2772.49072266, 843.720092773, 288.808898926, 173.416671753, -9.52733516693, 143.52293396, 156.66569519, -72.3362884521, 61.5328521729, 47.7212333679, -40.5317344666], [-357.000854492, -146.792190552, 843.720092773, 908.74432373, 280.772613525, 196.043823242, 21.4238452911, 96.6725463867, 97.0636825562, 38.3640823364, 16.1601352692, 30.9346427917, 15.6396484375], [-260.515472412, -368.791748047, 288.808898926, 280.772613525, 457.979614258, 193.031402588, 65.4797210693, 55.2036781311, 89.2233886719, 24.9205932617, 29.3394813538, 17.301618576, 16.2512741089], [-137.840194702, -223.36730957, 173.416671753, 196.043823242, 193.031402588, 206.666503906, 78.3327636719, 70.5546417236, 43.8197288513, 20.6058139801, 29.6912517548, 24.9135055542, 19.8775882721], [71.347869873, -11.0161561966, -9.52733516693, 21.4238452911, 65.4797210693, 78.3327636719, 179.608108521, 34.85131073, 26.9143505096, 29.5931224823, 24.5920219421, 21.076751709, 21.2620925903], [-252.526763916, -265.233947754, 143.52293396, 96.6725463867, 55.2036781311, 70.5546417236, 34.85131073, 141.768417358, 42.1595611572, 12.9624919891, 26.0052509308, 25.2882347107, 8.12666320801], [-63.6665267944, -189.16255188, 156.66569519, 97.0636825562, 89.2233886719, 43.8197288513, 26.9143505096, 42.1595611572, 113.513465881, 40.4615859985, 20.2761878967, 8.97695827484, 15.9762153625], [190.552825928, 99.6045684814, -72.3362884521, 38.3640823364, 24.9205932617, 20.6058139801, 29.5931224823, 12.9624919891, 40.4615859985, 106.909263611, 22.2739219666, 4.80931568146, 23.093585968], [-72.7164459229, -151.540298462, 61.5328521729, 16.1601352692, 29.3394813538, 29.6912517548, 24.5920219421, 26.0052509308, 20.2761878967, 22.2739219666, 95.4420700073, 43.4716644287, -2.91828846931], [-71.1748504639, -35.2840766907, 47.7212333679, 30.9346427917, 17.301618576, 24.9135055542, 21.076751709, 25.2882347107, 8.97695827484, 4.80931568146, 43.4716644287, 70.9848937988, 6.68569278717], [115.421890259, 78.8795318604, -40.5317344666, 15.6396484375, 16.2512741089, 19.8775882721, 21.2620925903, 8.12666320801, 15.9762153625, 23.093585968, -2.91828846931, 6.68569278717, 83.2512893677]], "icov": [[0.000104782935523, -2.55724057752e-06, 4.31080479757e-05, -1.97655626835e-05, 4.50697843917e-05, -1.12681009341e-05, -5.23297312611e-05, 0.000162547541549, -1.05919843918e-05, -0.000146391976159, 2.72288471024e-05, 3.67186803487e-05, -8.61132721184e-05], [-2.55724057752e-06, 0.000230198289501, 9.73832284217e-05, -0.000151860178448, 0.000105959486973, 0.000118067422591, -0.000103010723251, 0.000300470070215, 0.000235289146076, -0.000259010441368, 0.000308033835609, -0.000219244378968, -0.000135420210427], [4.31080479757e-05, 9.73832284217e-05, 0.000648998015095, -0.000597550533712, 7.45236538933e-05, 0.000146991253132, -1.71671326825e-05, 4.91294522362e-05, -0.000540474313311, 0.000664002844132, -0.000238827764406, -9.80779714155e-06, 0.00013807938376], [-1.97655626835e-05, -0.000151860178448, -0.000597550533712, 0.00214228685945, -0.00054491427727, -0.0012294491753, 0.000640532409307, -0.000436796166468, -0.000160605151905, -0.000842237262987, 0.000715995847713, -0.00046645058319, 8.3896695287e-05], [4.50697843917e-05, 0.000105959486973, 7.45236538933e-05, -0.00054491427727, 0.00423814402893, -0.00337834539823, -2.60808938037e-05, 0.00113703717943, -0.00202565942891, 0.000348856963683, -0.000104491387901, 0.000326508365106, 0.000112829970021], [-1.12681009341e-05, 0.000118067422591, 0.000146991253132, -0.0012294491753, -0.00337834539823, 0.0111571215093, -0.00287148822099, -0.00278972741216, 0.00139250070788, 0.000122980141896, -0.000852067489177, -0.000320800725603, -0.00109793536831], [-5.23297312611e-05, -0.000103010723251, -1.71671326825e-05, 0.000640532409307, -2.60808938037e-05, -0.00287148822099, 0.00735712470487, -0.000548578915186, -0.000548039621208, -0.000987599836662, -0.000410404085414, -0.000896763405763, -0.000656507443637], [0.000162547541549, 0.000300470070215, 4.91294522362e-05, -0.000436796166468, 0.00113703717943, -0.00278972741216, -0.000548578915186, 0.0103303389624, -0.00237239524722, -0.000168549624505, -7.55738074076e-05, -0.00197186949663, -0.000170511033502], [-1.05919843918e-05, 0.000235289146076, -0.000540474313311, -0.000160605151905, -0.00202565942891, 0.00139250070788, -0.000548039621208, -0.00237239524722, 0.0141028622165, -0.004829834681, -0.000415115355281, 0.000484900199808, -0.00142682308797], [-0.000146391976159, -0.000259010441368, 0.000664002844132, -0.000842237262987, 0.000348856963683, 0.000122980141896, -0.000987599836662, -0.000168549624505, -0.004829834681, 0.0137905087322, -0.00387448724359, 0.00211755000055, -0.0021033519879], [2.72288471024e-05, 0.000308033835609, -0.000238827764406, 0.000715995847713, -0.000104491387901, -0.000852067489177, -0.000410404085414, -7.55738074076e-05, -0.000415115355281, -0.00387448724359, 0.0169640593231, -0.00978742260486, 0.00229073292576], [3.67186803487e-05, -0.000219244378968, -9.80779714155e-06, -0.00046645058319, 0.000326508365106, -0.000320800725603, -0.000896763405763, -0.00197186949663, 0.000484900199808, 0.00211755000055, -0.00978742260486, 0.0212094001472, -0.00205276161432], [-8.61132721184e-05, -0.000135420210427, 0.00013807938376, 8.3896695287e-05, 0.000112829970021, -0.00109793536831, -0.000656507443637, -0.000170511033502, -0.00142682308797, -0.0021033519879, 0.00229073292576, -0.00205276161432, 0.0138378534466]]}, "spectral_contrast_coeffs": {"dmean": [0.0489488393068, 0.0420585460961, 0.0375353321433, 0.0328731872141, 0.0248726792634, 0.0206785853952], "dmean2": [0.0819042250514, 0.0705014765263, 0.0598929040134, 0.0527516566217, 0.0394212752581, 0.0327522195876], "dvar": [0.00159059173893, 0.00129865203053, 0.00110560085159, 0.000915384793188, 0.000553110323381, 0.000505008967593], "dvar2": [0.00426640547812, 0.00351796881296, 0.00268191937357, 0.00208528432995, 0.00123872724362, 0.00116938399151], "max": [-0.281912267208, -0.427769899368, -0.441038489342, -0.424579054117, -0.528068900108, -0.505683779716], "mean": [-0.638532996178, -0.713440895081, -0.752019524574, -0.773469746113, -0.780864357948, -0.768179416656], "median": [-0.642199754715, -0.710253298283, -0.753279566765, -0.783831000328, -0.791819095612, -0.778013348579], "min": [-0.974863231182, -0.972851395607, -0.973911106586, -0.968796908855, -0.966413557529, -0.965626120567], "var": [0.00780528504401, 0.00550599768758, 0.00679326569661, 0.00528866192326, 0.00433021970093, 0.00298742833547]}, "spectral_contrast_valleys": {"dmean": [0.373940676451, 0.346178770065, 0.411761015654, 0.418998599052, 0.382579416037, 0.524194180965], "dmean2": [0.622442424297, 0.564118921757, 0.644686877728, 0.640595853329, 0.551048994064, 0.668964147568], "dvar": [0.147175014019, 0.138433918357, 0.212030231953, 0.236093491316, 0.210797384381, 0.462225943804], "dvar2": [0.33354768157, 0.289697527885, 0.423955321312, 0.462745368481, 0.39850834012, 0.824445486069], "max": [-5.02698945999, -4.44458627701, -5.47285223007, -