{"lowlevel": {"average_loudness": 0.958490133286, "barkbands_crest": {"dmean": 3.40820240974, "dmean2": 5.27717161179, "dvar": 10.9137306213, "dvar2": 22.0148124695, "max": 26.4738826752, "mean": 10.4452514648, "median": 8.65079498291, "min": 2.3019182682, "var": 32.8379211426}, "barkbands_flatness_db": {"dmean": 0.028550747782, "dmean2": 0.0426880046725, "dvar": 0.000971939240117, "dvar2": 0.00192466494627, "max": 0.512682616711, "mean": 0.156619995832, "median": 0.127799525857, "min": 0.0209024045616, "var": 0.00846613850445}, "barkbands_kurtosis": {"dmean": 8.80139255524, "dmean2": 13.8113546371, "dvar": 1432.74145508, "dvar2": 3482.28613281, "max": 1593.65698242, "mean": 8.52513599396, "median": 1.16266965866, "min": -1.87989294529, "var": 1370.17163086}, "barkbands_skewness": {"dmean": 0.921112835407, "dmean2": 1.32868409157, "dvar": 1.96669590473, "dvar2": 3.99625110626, "max": 34.1961898804, "mean": 1.59014105797, "median": 1.01370429993, "min": -2.55326318741, "var": 4.42526435852}, "barkbands_spread": {"dmean": 6.19746780396, "dmean2": 9.25606441498, "dvar": 45.3716392517, "dvar2": 99.0197067261, "max": 105.105911255, "mean": 19.0391159058, "median": 17.7282810211, "min": 0.182483449578, "var": 153.728851318}, "dissonance": {"dmean": 0.0233876053244, "dmean2": 0.0391965955496, "dvar": 0.000625214132015, "dvar2": 0.00169700302649, "max": 0.500000119209, "mean": 0.458259314299, "median": 0.470023274422, "min": 0.153903186321, "var": 0.00155407353304}, "dynamic_complexity": 3.28292369843, "erbbands_crest": {"dmean": 3.05274176598, "dmean2": 4.8474946022, "dvar": 7.52991819382, "dvar2": 19.0563030243, "max": 28.9910812378, "mean": 9.69909858704, "median": 8.84813404083, "min": 2.53394317627, "var": 18.7825946808}, "erbbands_flatness_db": {"dmean": 0.0221713595092, "dmean2": 0.0328436307609, "dvar": 0.000408428692026, "dvar2": 0.000851540884469, "max": 0.53409075737, "mean": 0.186644166708, "median": 0.159454613924, "min": 0.0370843037963, "var": 0.00843255780637}, "erbbands_kurtosis": {"dmean": 1.29640865326, "dmean2": 2.08587026596, "dvar": 3.53282046318, "dvar2": 8.96504020691, "max": 37.0824813843, "mean": 0.828969836235, "median": -0.0285997390747, "min": -1.81258952618, "var": 8.20447635651}, "erbbands_skewness": {"dmean": 0.458043843508, "dmean2": 0.68992459774, "dvar": 0.181137099862, "dvar2": 0.436534315348, "max": 4.90735626221, "mean": 0.429937273264, "median": 0.374858379364, "min": -2.88190793991, "var": 0.651947975159}, "erbbands_spread": {"dmean": 10.0983963013, "dmean2": 14.8033075333, "dvar": 129.749725342, "dvar2": 236.457000732, "max": 134.930267334, "mean": 32.4048690796, "median": 27.4172420502, "min": 1.81621050835, "var": 423.087036133}, "hfc": {"dmean": 11.1914949417, "dmean2": 16.7701206207, "dvar": 254.063995361, "dvar2": 597.574707031, "max": 131.629302979, "mean": 21.034406662, "median": 15.9043102264, "min": 1.18555773791e-16, "var": 429.760742188}, "melbands_crest": {"dmean": 3.7572414875, "dmean2": 5.90161180496, "dvar": 12.1501216888, "dvar2": 24.8006668091, "max": 33.8652572632, "mean": 12.9909763336, "median": 11.2579488754, "min": 1.92733287811, "var": 37.2164230347}, "melbands_flatness_db": {"dmean": 0.0345398783684, "dmean2": 0.0487678013742, "dvar": 0.00127633207012, "dvar2": 0.00232315575704, "max": 0.644606590271, "mean": 0.229276359081, "median": 0.202217370272, "min": 0.00572224194184, "var": 0.0110551165417}, "melbands_kurtosis": {"dmean": 14.0900230408, "dmean2": 21.0613231659, "dvar": 1115.88647461, "dvar2": 2356.62402344, "max": 578.82434082, "mean": 16.1503334045, "median": 3.6056189537, "min": -1.76613998413, "var": 1499.84729004}, "melbands_skewness": {"dmean": 1.09385240078, "dmean2": 1.51151478291, "dvar": 2.23204779625, "dvar2": 3.88132429123, "max": 19.7831439972, "mean": 2.31135463715, "median": 1.57733392715, "min": -1.77364230156, "var": 5.94957590103}, "melbands_spread": {"dmean": 7.44265270233, "dmean2": 10.9244356155, "dvar": 65.8652877808, "dvar2": 138.358306885, "max": 178.629333496, "mean": 22.4732704163, "median": 20.6458053589, "min": 0.308743000031, "var": 254.60534668}, "pitch_salience": {"dmean": 0.0950430110097, "dmean2": 0.145837008953, "dvar": 0.00883469637483, "dvar2": 0.0155309513211, "max": 0.861331343651, "mean": 0.531710267067, "median": 0.560160338879, "min": 0.039034307003, "var": 0.0231077056378}, "silence_rate_20dB": {"dmean": 0, "dmean2": 0, "dvar": 0, "dvar2": 0, "max": 1, "mean": 1, "median": 1, "min": 1, "var": 0}, "silence_rate_30dB": {"dmean": 0.00023282886832, "dmean2": 0.000465711957077, "dvar": 0.000232727761613, "dvar2": 0.000698163348716, "max": 1, "mean": 0.999883592129, "median": 1, "min": 0, "var": 0.000116375602374}, "silence_rate_60dB": {"dmean": 0.0130384163931, "dmean2": 0.0260798688978, "dvar": 0.0128664728254, "dvar2": 0.0305269733071, "max": 1, "mean": 0.0939355120063, "median": 0, "min": 0, "var": 0.0851072520018}, "spectral_centroid": {"dmean": 307.379425049, "dmean2": 466.122772217, "dvar": 103658.8125, "dvar2": 212370.515625, "max": 11379.3701172, "mean": 1314.9909668, "median": 1268.60925293, "min": 109.75680542, "var": 410997.46875}, "spectral_complexity": {"dmean": 5.18533182144, "dmean2": 7.5268368721, "dvar": 40.1720314026, "dvar2": 83.2631835938, "max": 57, "mean": 18.5404491425, "median": 19, "min": 0, "var": 118.731285095}, "spectral_decrease": {"dmean": 3.19944715166e-09, "dmean2": 5.19318499315e-09, "dvar": 2.13318531059e-17, "dvar2": 5.50912346477e-17, "max": 3.476097114e-29, "mean": -6.08806427493e-09, "median": -4.934396447e-09, "min": -3.56287621628e-08, "var": 2.85906938533e-17}, "spectral_energy": {"dmean": 0.0129326963797, "dmean2": 0.0208158623427, "dvar": 0.000329365080688, "dvar2": 0.000851496472023, "max": 0.137919396162, "mean": 0.0248856842518, "median": 0.0204590391368, "min": 1.06221574412e-20, "var": 0.0004504728131}, "spectral_energyband_high": {"dmean": 0.000752321386244, "dmean2": 0.00112023751717, "dvar": 2.65621633844e-06, "dvar2": 6.09147673458e-06, "max": 0.0133246248588, "mean": 0.000838440435473, "median": 0.000157975635375, "min": 7.89648180831e-21, "var": 3.16463820127e-06}, "spectral_energyband_low": {"dmean": 0.00580383185297, "dmean2": 0.00833553913981, "dvar": 0.00013430940453, "dvar2": 0.000261594570475, "max": 0.126967996359, "mean": 0.00713001517579, "median": 0.00241083884612, "min": 5.29226081603e-23, "var": 0.000197005196242}, "spectral_energyband_middle_high": {"dmean": 0.00230599287897, "dmean2": 0.00339280604385, "dvar": 8.7052658273e-06, "dvar2": 1.94564199774e-05, "max": 0.0579174757004, "mean": 0.00602580513805, "median": 0.00489915907383, "min": 1.35508087772e-21, "var": 3.20622348227e-05}, "spectral_energyband_middle_low": {"dmean": 0.00921072252095, "dmean2": 0.0157517716289, "dvar": 0.000321709609125, "dvar2": 0.000900061335415, "max": 0.118717350066, "mean": 0.0120771862566, "median": 0.00839268881828, "min": 3.8943987871e-22, "var": 0.000232128222706}, "spectral_entropy": {"dmean": 0.199636742473, "dmean2": 0.299469530582, "dvar": 0.0391060821712, "dvar2": 0.0871495828032, "max": 9.78318881989, "mean": 7.29376506805, "median": 7.4034318924, "min": 4.45686435699, "var": 0.479715555906}, "spectral_flux": {"dmean": 0.0369733162224, "dmean2": 0.0610496103764, "dvar": 0.00211478234269, "dvar2": 0.00452562002465, "max": 0.3820130229, "mean": 0.0955992937088, "median": 0.0813952609897, "min": 1.03063849122e-10, "var": 0.00406917417422}, "spectral_kurtosis": {"dmean": 5.24082756042, "dmean2": 8.83011627197, "dvar": 157.219863892, "dvar2": 448.232635498, "max": 386.789550781, "mean": 13.4769525528, "median": 6.50827598572, "min": -1.22878730297, "var": 773.864074707}, "spectral_rms": {"dmean": 0.00114905415103, "dmean2": 0.00179744372144, "dvar": 1.69252518845e-06, "dvar2": 4.04188722314e-06, "max": 0.0115998061374, "mean": 0.00448698317632, "median": 0.00446766568348, "min": 3.21917384243e-12, "var": 4.14557780459e-06}, "spectral_rolloff": {"dmean": 584.316650391, "dmean2": 932.978210449, "dvar": 995006.6875, "dvar2": 2070728.75, "max": 18733.8867188, "mean": 1524.67346191, "median": 1205.859375, "min": 21.533203125, "var": 2483752.25}, "spectral_skewness": {"dmean": 0.457460701466, "dmean2": 0.728664159775, "dvar": 0.390372008085, "dvar2": 1.08524894714, "max": 15.0707111359, "mean": 2.11588716507, "median": 1.74522268772, "min": -0.00627035554498, "var": 2.59794449806}, "spectral_spread": {"dmean": 548958.5625, "dmean2": 771244.0625, "dvar": 464197451776, "dvar2": 693230239744, "max": 41916396, "mean": 3979967, "median": 3968454.25, "min": 242715.84375, "var": 3807391252480.0}, "spectral_strongpeak": {"dmean": 0.695492208004, "dmean2": 1.16673314571, "dvar": 0.958614468575, "dvar2": 2.36281704903, "max": 12.6604442596, "mean": 1.10461962223, "median": 0.667764306068, "min": 0, "var": 1.52718901634}, "zerocrossingrate": {"dmean": 0.0119975078851, "dmean2": 0.0132988281548, "dvar": 0.000163280434208, "dvar2": 0.000213821287616, "max": 0.50927734375, "mean": 0.0607751868665, "median": 0.0546875, "min": 0.0009765625, "var": 0.00147953594569}, "barkbands": {"dmean": [5.7417932112e-05, 0.0045980126597, 0.00182100955863, 0.00220623565838, 0.00412351405248, 0.00140568299685, 0.000779537600465, 0.00129646027926, 0.0011421830859, 0.000712653447408, 0.00058632431319, 0.000339709338732, 0.000250428915024, 0.000257339765085, 0.000476942572277, 0.000224489544053, 0.000247456162469, 0.000247417920036, 0.000484350632178, 0.000198540859856, 0.000191868195543, 0.000186310586287, 0.000127513209009, 8.13663500594e-05, 5.15709762112e-05, 3.20430372085e-05, 2.02314040507e-05], "dmean2": [9.88624306046e-05, 0.00726349512115, 0.00307474168949, 0.00399941112846, 0.00756884180009, 0.0022757849656, 0.00123471894767, 0.00205242983066, 0.00184084905777, 0.00103217421565, 0.000843965739477, 0.000545508053619, 0.000380537094316, 0.000400528486352, 0.0007577946526, 0.000375573727069, 0.000417325762101, 0.000409990927437, 0.000750729523133, 0.000320603518048, 0.000281308894046, 0.000281991349766, 0.000182761446922, 0.000121626369946, 7.86492746556e-05, 5.18079759786e-05, 3.15302131639e-05], "dvar": [8.39632807725e-09, 0.000127435690956, 2.52599347732e-05, 4.35318361269e-05, 0.000127671213704, 5.05633715875e-06, 2.51487358582e-06, 6.33577656117e-06, 6.90743308951e-06, 1.59213527695e-06, 1.16106559744e-06, 5.62087052458e-07, 2.74528247246e-07, 6.06159346717e-07, 1.87568389265e-06, 3.17749936585e-07, 2.09250998751e-07, 1.92265872556e-07, 8.27526150715e-07, 1.64030367955e-07, 1.83341583693e-07, 2.18428539256e-07, 8.4376409859e-08, 2.96880884321e-08, 1.44452849682e-08, 1.45484575498e-08, 1.54446111456e-09], "dvar2": [2.37403323666e-08, 0.000283408240648, 6.73832837492e-05, 0.000124197656987, 0.000364155857824, 1.22383416965e-05, 5.48007119505e-06, 1.55634988914e-05, 1.72419422597e-05, 3.05423668578e-06, 2.31412150242e-06, 1.39006442623e-06, 5.82972404573e-07, 1.34154913667e-06, 4.64187860416e-06, 8.66131756538e-07, 5.4959980389e-07, 5.03376440975e-07, 1.93682285499e-06, 4.00790298727e-07, 4.1857080646e-07, 4.98418842199e-07, 1.85617594184e-07, 6.48217195476e-08, 3.27346434403e-08, 4.11710097126e-08, 3.92874888178e-09], "max": [0.000907821697183, 0.0844405516982, 0.0983986109495, 0.056307002902, 0.096788443625, 0.0384263768792, 0.0441675074399, 0.0425834022462, 0.0730363056064, 0.0282477810979, 0.0235575381666, 0.032720733434, 0.0181040205061, 0.0366978161037, 0.0524804666638, 0.0137172946706, 0.0119087351486, 0.00563410017639, 0.0171403698623, 0.00350462878123, 0.00402947049588, 0.00402234774083, 0.00235389615409, 0.00150767061859, 0.00182517059147, 0.00216782372445, 0.000618332531303], "mean": [6.21038780082e-05, 0.00470439111814, 0.00155742408242, 0.00167144520674, 0.00345630594529, 0.00200837524608, 0.00100815005135, 0.00183799676597, 0.00136741576716, 0.00137500686105, 0.00117187306751, 0.000563446432352, 0.000517818960361, 0.000450458901469, 0.000657056109048, 0.000270758406259, 0.000331187155098, 0.000294993631542, 0.000625829037745, 0.000204946307349, 0.000209475067095, 0.000180914532393, 0.000130977248773, 8.65371330292e-05, 6.38426718069e-05, 4.66955607408e-05, 3.0233823054e-05], "median": [1.52555921886e-05, 0.000796523643658, 0.000328761991113, 0.000304147077259, 0.0010218503885, 0.00101023446769, 0.000410431006458, 0.000862901099026, 0.000533657032065, 0.000480295100715, 0.000472727610031, 0.00028238829691, 0.000212421553442, 0.000109805667307, 0.000192057879758, 9.15004420676e-05, 0.00015705669648, 0.000139876821777, 0.000265208363999, 6.06762623647e-05, 3.04733421217e-05, 1.83710417332e-05, 1.54931021825e-05, 1.10023120214e-05, 7.81975177233e-06, 9.05016440811e-06, 1.04731752799e-05], "min": [2.35950978879e-23, 1.79423352112e-23, 2.01890647118e-23, 1.31677940254e-23, 9.1987826913e-23, 4.46044327907e-23, 1.49421993699e-22, 1.87315858137e-23, 5.79242513566e-23, 6.07287654707e-23, 7.26619779799e-23, 6.37025375805e-23, 7.54876651206e-23, 1.49486806511e-22, 9.10659009503e-23, 1.1466339382e-22, 2.84062854493e-22, 1.60255994801e-22, 1.36172475262e-22, 2.89471461564e-22, 4.19883346329e-22, 6.69637642933e-22, 5.90066291031e-22, 7.81900703413e-22, 1.11788118252e-21, 2.03380589536e-21, 2.41863249025e-21], "var": [1.07055164733e-08, 0.000137699127663, 1.81888954103e-05, 2.54199112533e-05, 7.67662131693e-05, 7.97180655354e-06, 3.5280324937e-06, 8.3015047494e-06, 7.32178295948e-06, 5.08337279825e-06, 3.53791210728e-06, 1.06558491098e-06, 8.55003065681e-07, 1.24251027955e-06, 2.57140141002e-06, 3.58342987283e-07, 3.02020254139e-07, 2.03584733072e-07, 1.12766906568e-06, 1.59337290029e-07, 2.14966959788e-07, 2.29168207966e-07, 1.00236157152e-07, 3.7322383406e-08, 2.93390467476e-08, 2.85475145745e-08, 3.11141268305e-09]}, "erbbands": {"dmean": [0.0916766002774, 1.17671275139, 2.0692460537, 4.84150028229, 11.1905584335, 14.1707782745, 13.7778282166, 9.90985870361, 10.1715021133, 15.7602720261, 34.3009033203, 24.3144226074, 22.387834549, 23.5898647308, 15.5409069061, 14.6325407028, 11.627286911, 15.6825561523, 12.7222213745, 23.7364349365, 10.5075588226, 13.4879322052, 13.5131645203, 14.1449079514, 26.4738731384, 9.24001502991, 7.722178936, 7.4550447464, 6.2317738533, 6.29876756668, 3.29143023491, 2.01528716087, 1.27048158646, 0.717790007591, 0.29597222805, 0.121434889734, 0.066458158195, 0.0182637088001, 0.00342319533229, 0.000249842560152], "dmean2": [0.139357328415, 1.87984323502, 3.30445027351, 8.42442321777, 20.8310661316, 25.6882801056, 23.6512317657, 16.0217151642, 16.1644878387, 24.1448478699, 54.9402313232, 38.6177062988, 32.3527565002, 34.3754463196, 22.8219394684, 23.1108779907, 17.8940410614, 23.7852802277, 20.1437892914, 37.9282417297, 17.2249412537, 22.7045898438, 22.5163459778, 22.5233039856, 41.8825302124, 14.4396648407, 12.0087966919, 10.9699611664, 9.59751224518, 9.28566837311, 4.66062927246, 2.99208950996, 1.95965707302, 1.09507203102, 0.464730769396, 0.19061768055, 0.109188683331, 0.0290265027434, 0.00528850033879, 0.00038988943561], "dvar": [0.0362669490278, 8.92741680145, 27.0993518829, 155.879730225, 1336.75366211, 1446.50280762, 596.493103027, 258.822021484, 293.599700928, 765.465942383, 6423.10498047, 2818.8137207, 2009.96252441, 1986.99719238, 729.805419922, 1084.39953613, 456.674621582, 2058.81860352, 1002.7331543, 3328.52441406, 514.614440918, 477.833770752, 678.237976074, 495.720489502, 2713.4440918, 370.05255127, 320.365844727, 284.770111084, 244.546859741, 255.566757202, 51.407409668, 17.3714332581, 8.41170310974, 2.64071202278, 0.594029247761, 0.138740554452, 0.0718135535717, 0.00333164655603, 3.85418788937e-05, 2.20883535462e-07], "dvar2": [0.0765403136611, 20.1080131531, 66.5572814941, 428.996185303, 3856.66772461, 4107.14355469, 1596.48071289, 625.431274414, 681.279724121, 1739.55004883, 16044.3916016, 6881.72412109, 3884.25, 3972.6496582, 1432.34887695, 2569.00292969, 1011.70672607, 4399.19384766, 2513.01513672, 8125.234375, 1367.70776367, 1274.42199707, 1778.36376953, 1176.95019531, 6540.11181641, 891.793640137, 792.662658691, 634.075927734, 572.964111328, 568.732849121, 107.354545593, 36.348361969, 20.2643451691, 5.98367929459, 1.4830725193, 0.369431227446, 0.20325113833, 0.00930396094918, 9.69712782535e-05, 5.51300274765e-07], "max": [1.43703472614, 21.998708725, 92.1781463623, 118.72706604, 287.762664795, 377.194824219, 262.464080811, 473.610626221, 392.325134277, 673.948669434, 1374.66357422, 1478.8984375, 1089.35217285, 855.586486816, 989.02355957, 1268.09790039, 665.575134277, 2089.92138672, 1337.69897461, 1547.50537109, 686.707580566, 385.76461792, 347.800964355, 373.342315674, 939.477966309, 187.922271729, 199.532974243, 159.652557373, 132.571365356, 127.308555603, 57.5534858704, 42.6613693237, 25.0622730255, 21.9017677307, 13.2837982178, 7.43995571136, 4.67581653595, 1.00401246548, 0.0897806063294, 0.00772136077285], "mean": [0.107242025435, 1.13939082623, 1.9396238327, 4.03499078751, 7.77524995804, 12.5033779144, 16.9395618439, 13.7467451096, 13.7274475098, 24.4762630463, 44.953212738, 31.1085395813, 39.6899719238, 48.924118042, 31.8953666687, 27.0447502136, 23.9909286499, 30.8951950073, 20.1063671112, 32.3765068054, 14.5433731079, 19.0640258789, 15.8134422302, 20.1082038879, 32.1199111938, 10.0836353302, 7.88230609894, 8.20324611664, 6.06074142456, 6.14172649384, 3.4852912426, 2.09520530701, 1.32396221161, 0.822584450245, 0.381574690342, 0.171474024653, 0.0936810821295, 0.0276691820472, 0.00490377517417, 0.000385702704079], "median": [0.0175197776407, 0.203101977706, 0.464413046837, 1.01359248161, 1.39522516727, 3.65878462791, 7.83370494843, 7.17983150482, 6.47490978241, 12.7350578308, 18.4052639008, 14.1975250244, 14.1383934021, 17.8754119873, 15.1251134872, 14.2489538193, 12.4901399612, 8.94712162018, 8.29480838776, 11.3832740784, 7.0441069603, 10.069275856, 7.34904193878, 10.670674324, 12.5613908768, 3.1048078537, 1.49444806576, 1.01874530315, 0.673025667667, 0.559916675091, 0.41686719656, 0.26257571578, 0.162926703691, 0.0936451405287, 0.0507730692625, 0.0305855218321, 0.0169310327619, 0.00689183454961, 0.00177532911766, 0.000139844312798], "min": [7.99683470995e-22, 3.50909927956e-21, 1.85227905006e-20, 3.77214231046e-20, 2.27765112245e-19, 2.90673541998e-19, 2.79630499874e-19, 3.73335354971e-19, 1.98713950105e-18, 1.20693064978e-18, 4.29715468535e-19, 1.23813159229e-18, 1.79364665294e-18, 2.55418339149e-18, 2.85698960512e-18, 2.79954811543e-18, 3.32838474017e-18, 6.29672505665e-18, 5.83492418273e-18, 6.49994513518e-18, 9.75232541874e-18, 1.11780018102e-17, 8.90053618296e-18, 1.07662561166e-17, 8.87872508457e-18, 1.33157458785e-17, 1.65768351332e-17, 1.60204155505e-17, 2.67570031802e-17, 2.45379207878e-17, 1.25137206556e-17, 1.65911039987e-17, 1.16640887069e-17, 1.08269372592e-17, 8.85171102013e-18, 6.27807626974e-18, 4.36068029524e-18, 1.43250549116e-18, 3.0798976679e-19, 3.83948127467e-20], "var": [0.0506417490542, 9.04295921326, 23.8734779358, 102.722518921, 740.161804199, 913.280029297, 635.559631348, 361.196655273, 405.26550293, 1227.75610352, 7032.11816406, 3298.94140625, 5448.43457031, 6345.66894531, 2839.0925293, 2452.2434082, 1450.89099121, 5083.51660156, 1481.68652344, 4880.87695312, 684.72668457, 721.02331543, 685.704162598, 722.162353516, 3350.68212891, 378.482055664, 312.865356445, 346.260528564, 246.815322876, 275.791015625, 67.1144714355, 21.7980823517, 9.64855670929, 4.33634281158, 1.2833763361, 0.320994466543, 0.130321368575, 0.00685993488878, 7.37216687412e-05, 4.29474795283e-07]}, "gfcc": {"mean": [-32.2928237915, 100.088737488, -119.387390137, 1.82904672623, -46.2565956116, -7.84414196014, -23.8961181641, 1.30453515053, -18.9765491486, -4.26456451416, -8.68680953979, -2.34939193726, -10.7487010956], "cov": [[19332.3242188, -4301.671875, 1517.89660645, 2716.90258789, -698.511047363, 1098.01745605, 24.5233306885, 824.107299805, -194.254928589, 201.974227905, -255.875473022, 377.1199646, -283.794067383], [-4301.671875, 2630.21362305, -876.097900391, -643.674072266, 392.043579102, -650.894714355, -40.4803466797, -265.487518311, 97.4199829102, -182.078445435, 227.148712158, -178.19682312, 90.0412139893], [1517.89660645, -876.097900391, 2406.98095703, 416.223083496, -11.9039392471, 591.107971191, 21.0557079315, 135.984741211, -28.0800914764, 103.518890381, -180.199966431, 161.087753296, -105.039756775], [2716.90258789, -643.674072266, 416.223083496, 1057.71960449, -7.18124914169, 281.004150391, 102.152679443, 229.087173462, 48.8336639404, 46.0778770447, 58.3036651611, 72.2685928345, -24.442741394], [-698.511047363, 392.043579102, -11.9039392471, -7.18124914169, 328.21270752, 31.0700454712, 75.4942398071, 38.9933128357, 59.941242218, 22.4778442383, 48.1526031494, -7.25114250183, 15.0715904236], [1098.01745605, -650.894714355, 591.107971191, 281.004150391, 31.0700454712, 476.216278076, 139.027801514, 139.5703125, 17.839176178, 109.385284424, -69.7830886841, 78.851524353, -22.4910297394], [24.5233306885, -40.4803466797, 21.0557079315, 102.152679443, 75.4942398071, 139.027801514, 270.271331787, 96.1337890625, 74.4280319214, 48.4962043762, 37.6188354492, 23.4046649933, 2.72305655479], [824.107299805, -265.487518311, 135.984741211, 229.087173462, 38.9933128357, 139.5703125, 96.1337890625, 241.46786499, 60.5529594421, 70.5069351196, 23.3228645325, 55.9902305603, 1.80455553532], [-194.254928589, 97.4199829102, -28.0800914764, 48.8336639404, 59.941242218, 17.839176178, 74.4280319214, 60.5529594421, 160.892303467, 47.5358543396, 31.134098053, 8.88879013062, 23.0593242645], [201.974227905, -182.078445435, 103.518890381, 46.0778770447, 22.4778442383, 109.385284424, 48.4962043762, 70.5069351196, 47.5358543396, 108.137496948, 22.1508388519, 35.0268058777, 7.59217691422], [-255.875473022, 227.148712158, -180.199966431, 58.3036651611, 48.1526031494, -69.7830886841, 37.6188354492, 23.3228645325, 31.134098053, 22.1508388519, 131.845565796, 24.6066112518, 20.9988193512], [377.1199646, -178.19682312, 161.087753296, 72.2685928345, -7.25114250183, 78.851524353, 23.4046649933, 55.9902305603, 8.88879013062, 35.0268058777, 24.6066112518, 96.8835906982, 26.5341835022], [-283.794067383, 90.0412139893, -105.039756775, -24.442741394, 15.0715904236, -22.4910297394, 2.72305655479, 1.80455553532, 23.0593242645, 7.59217691422, 20.9988193512, 26.5341835022, 77.6424331665]], "icov": [[0.00012989625975, 5.73738725507e-05, 6.75317933201e-05, -0.000297138263704, 9.90062471828e-05, 6.35380492895e-05, 6.23960077064e-05, -0.000147884347825, 0.000131581778987, -0.000122651443235, 0.000387805514038, -0.000447991013061, 0.000427638093242], [5.73738725507e-05, 0.00148156879004, -0.00026518109371, 0.000539191649295, -0.00124711438548, 0.000665339699481, -1.54387398652e-05, 0.000250362179941, -0.000795551168267, 0.00214778468944, -0.00263663916849, 0.00206919782795, -0.0012357205851], [6.75317933201e-05, -0.00026518109371, 0.000881125684828, -0.000446492107585, 0.000103178106656, -0.000667191983666, 0.000345390290022, 0.000117166309792, 9.22072504181e-05, -0.000608891190495, 0.00169475679286, -0.00216501299292, 0.00169140461367], [-0.000297138263704, 0.000539191649295, -0.000446492107585, 0.00259997742251, -0.000340744329151, -0.00118811463472, 0.000283966568531, -0.0008065563743, -0.00112919497769, 0.00301738944836, -0.00422564335167, 0.00279778870754, -0.00153913430404], [9.90062471828e-05, -0.00124711438548, 0.000103178106656, -0.000340744329151, 0.00504008168355, -0.00145292945672, -0.000209940160858, -0.000974021910224, -8.6463689513e-05, -0.00108147563878, 0.000417568749981, -0.000291789154289, 0.000589446688537], [6.35380492895e-05, 0.000665339699481, -0.000667191983666, -0.00118811463472, -0.00145292945672, 0.00733875809237, -0.00286644906737, 0.000225532567129, 0.0014853279572, -0.00473492126912, 0.0046044732444, -0.00220042956062, 0.00021572955302], [6.23960077064e-05, -1.54387398652e-05, 0.000345390290022, 0.000283966568531, -0.000209940160858, -0.00286644906737, 0.00610671751201, -0.00129584025126, -0.00201894692145, 0.00161687121727, -0.00247796624899, 0.000558153900784, 0.000749935104977], [-0.000147884347825, 0.000250362179941, 0.000117166309792, -0.0008065563743, -0.000974021910224, 0.000225532567129, -0.00129584025126, 0.00763940950856, -0.0013312791707, -0.00230748020113, 0.000323987391312, -0.0021703040693, 0.0004711029178], [0.000131581778987, -0.000795551168267, 9.22072504181e-05, -0.00112919497769, -8.6463689513e-05, 0.0014853279572, -0.00201894692145, -0.0013312791707, 0.0098192859441, -0.00553737999871, 0.00278407288715, -0.000513698440045, -0.00123061449267], [-0.000122651443235, 0.00214778468944, -0.000608891190495, 0.00301738944836, -0.00108147563878, -0.00473492126912, 0.00161687121727, -0.00230748020113, -0.00553737999871, 0.0217207223177, -0.0109173739329, 0.00413186755031, -0.0029164084699], [0.000387805514038, -0.00263663916849, 0.00169475679286, -0.00422564335167, 0.000417568749981, 0.0046044732444, -0.00247796624899, 0.000323987391312, 0.00278407288715, -0.0109173739329, 0.0227376203984, -0.0128517774865, 0.00525303697214], [-0.000447991013061, 0.00206919782795, -0.00216501299292, 0.00279778870754, -0.000291789154289, -0.00220042956062, 0.000558153900784, -0.0021703040693, -0.000513698440045, 0.00413186755031, -0.0128517774865, 0.0254016648978, -0.0120918070897], [0.000427638093242, -0.0012357205851, 0.00169140461367, -0.00153913430404, 0.000589446688537, 0.00021572955302, 0.000749935104977, 0.0004711029178, -0.00123061449267, -0.0029164084699, 0.00525303697214, -0.0120918070897, 0.0209525190294]]}, "melbands": {"dmean": [0.00110247265548, 0.0012294431217, 0.00100723863579, 0.000939978694078, 0.000504666822962, 0.000232319842326, 0.000160973024322, 0.000179293216206, 0.000305127236061, 0.000145646568853, 0.00011046713189, 9.38962548389e-05, 5.84146873734e-05, 3.14585558954e-05, 4.44407050963e-05, 2.3757429517e-05, 3.25336040987e-05, 1.38088053063e-05, 4.47727798019e-05, 2.17037850234e-05, 1.26190561787e-05, 1.68158476299e-05, 1.08508183985e-05, 1.13416826935e-05, 1.08308277049e-05, 2.49418080784e-05, 1.06978495751e-05, 5.41835152035e-06, 5.01073736814e-06, 3.99911459681e-06, 4.72143528896e-06, 3.57633871317e-06, 3.64523521057e-06, 3.30154307449e-06, 1.90759601537e-06, 1.46022159697e-06, 1.16221451663e-06, 8.9739660325e-07, 8.03443924724e-07, 5.40034989172e-07], "dmean2": [0.00172373140231, 0.00188478175551, 0.00177477183752, 0.00173908367287, 0.000874874764122, 0.000374351860955, 0.000253539037658, 0.000273088080576, 0.00049085507635, 0.00023220377625, 0.000160271811183, 0.000137998984428, 8.54878962855e-05, 4.84765114379e-05, 7.03491750755e-05, 3.66100648534e-05, 4.99445632158e-05, 2.21737882384e-05, 7.18234514352e-05, 3.57072567567e-05, 2.09426889342e-05, 2.82746168523e-05, 1.79918442882e-05, 1.90181472135e-05, 1.75668337761e-05, 3.91252142435e-05, 1.72521067725e-05, 8.57249324326e-06, 8.00637189968e-06, 6.18725698587e-06, 6.98983285474e-06, 5.52453730052e-06, 5.67884444536e-06, 4.89288368044e-06, 2.74205285677e-06, 2.18061995838e-06, 1.76868593371e-06, 1.42688065807e-06, 1.23613153846e-06, 8.28661939067e-07], "dvar": [6.63901664666e-06, 8.3039412857e-06, 7.77110381023e-06, 7.83764789958e-06, 8.94183926903e-07, 1.34563819643e-07, 8.33374755871e-08, 9.11395190428e-08, 5.55489862109e-07, 1.05165035791e-07, 4.96920371518e-08, 3.15346859736e-08, 1.02714245998e-08, 3.47738438045e-09, 1.22160423999e-08, 2.25054619385e-09, 1.01264969743e-08, 9.07564634556e-10, 1.9101792148e-08, 3.3413585232e-09, 1.13827947068e-09, 8.40752745201e-10, 4.05329991793e-10, 4.44261377686e-10, 3.15877490831e-10, 2.76367262408e-09, 3.88360676951e-10, 1.60800012194e-10, 1.2801849858e-10, 8.43406039452e-11, 1.1785722398e-10, 7.81949088813e-11, 9.50470951944e-11, 6.99238167368e-11, 1.83183572477e-11, 8.59520093988e-12, 6.24956033105e-12, 4.30735308532e-12, 3.35331263625e-12, 1.52976600571e-12], "dvar2": [1.46137126649e-05, 1.82829353434e-05, 2.16233966057e-05, 2.24601535592e-05, 2.44187367571e-06, 3.23001700053e-07, 1.86317592465e-07, 2.09759519976e-07, 1.39420319556e-06, 2.56206448057e-07, 9.64394857306e-08, 6.34551255985e-08, 2.08631600884e-08, 7.54268025815e-09, 3.02977092304e-08, 4.57969084877e-09, 2.21706972781e-08, 2.22639839897e-09, 4.77158437207e-08, 8.85864359645e-09, 3.00154612276e-09, 2.23584017967e-09, 1.05012076812e-09, 1.19156873257e-09, 7.58439810955e-10, 6.461486457e-09, 9.63224722206e-10, 4.01074173872e-10, 3.19765686152e-10, 1.97966393278e-10, 2.60461541224e-10, 1.83757883909e-10, 2.27339980174e-10, 1.53861520746e-10, 3.6939035164e-11, 1.92224274692e-11, 1.2951894765e-11, 1.05999436659e-11, 7.96288729399e-12, 3.42722052994e-12], "max": [0.0189295001328, 0.0350574292243, 0.0222644433379, 0.0227183587849, 0.0087664257735, 0.00931478198618, 0.00727716460824, 0.00595975434408, 0.012499621138, 0.007971229963, 0.0054063424468, 0.00358966295607, 0.00259788078256, 0.0017341489438, 0.00436305301264, 0.00137699954212, 0.00473994296044, 0.00105310289655, 0.00531330704689, 0.00140930432826, 0.00118133123033, 0.000606579356827, 0.000362624617992, 0.000209544057725, 0.000367671949789, 0.00108893995639, 0.000315978250001, 0.000126076687593, 0.000110037704872, 9.52413174673e-05, 0.000105430037365, 7.36177389626e-05, 8.61186490511e-05, 6.96342103765e-05, 3.57137141691e-05, 2.38873435592e-05, 2.64948121185e-05, 1.7075379219e-05, 1.6927588149e-05, 1.90937735169e-05], "mean": [0.00118125858717, 0.00124392530415, 0.000810304947663, 0.000721192744095, 0.000604612519965, 0.000330844486598, 0.000215591760934, 0.000282069813693, 0.000382599595468, 0.000181917683221, 0.00019241181144, 0.000189385682461, 0.000119003510918, 6.19788552285e-05, 7.61223855079e-05, 4.52416825283e-05, 6.03407570452e-05, 2.11288097489e-05, 5.7500157709e-05, 2.84553589154e-05, 1.52429392983e-05, 2.30268178711e-05, 1.26526820168e-05, 1.29664540509e-05, 1.49250317918e-05, 3.06948240905e-05, 1.18548732644e-05, 5.34708033229e-06, 4.94630148751e-06, 4.25244070357e-06, 5.1331639952e-06, 3.39537109539e-06, 3.43969713867e-06, 3.2161094623e-06, 2.10058192351e-06, 1.43625356941e-06, 1.21574271361e-06, 9.09129767024e-07, 8.4836545966e-07, 6.34779496522e-07], "median": [0.000194632753846, 0.000348819827195, 0.00019926582172, 0.000196248089196, 0.000284530600766, 0.000173623731826, 9.39312012633e-05, 0.000148215665831, 0.000143285142258, 8.00598863862e-05, 6.39695426798e-05, 6.36113181827e-05, 5.24542192579e-05, 3.1134186429e-05, 3.35471158905e-05, 1.61045809364e-05, 1.31984525069e-05, 8.23083519208e-06, 1.61579482665e-05, 9.11022652872e-06, 5.72133239984e-06, 1.07262339952e-05, 5.92501828578e-06, 5.90252466282e-06, 7.48571846998e-06, 1.04845603346e-05, 4.24657764597e-06, 1.10793052954e-06, 8.71835766247e-07, 6.99231748058e-07, 5.12691030963e-07, 3.53040320533e-07, 3.24773907323e-07, 2.80288247723e-07, 2.4404243959e-07, 1.81719201464e-07, 1.44599582086e-07, 1.13606262175e-07, 9.42263156389e-08, 6.99592135334e-08], "min": [7.2262790696e-24, 7.92333076495e-24, 1.04099410339e-23, 2.28507934243e-23, 9.15075021296e-24, 8.66689291041e-24, 3.18860575562e-23, 1.1024747669e-23, 3.11753845996e-24, 8.78121542166e-24, 8.62678091111e-24, 9.75267553833e-24, 1.02166212028e-23, 7.56916929497e-24, 6.24133534791e-24, 8.94723435461e-24, 1.22387407044e-23, 1.04428057681e-23, 7.5693523107e-24, 9.37952934181e-24, 1.32943241592e-23, 1.30223809282e-23, 9.5260854985e-24, 7.52327573409e-24, 9.09450758586e-24, 3.86597339923e-24, 9.96381100417e-24, 8.27327892884e-24, 1.03232523202e-23, 9.2240022589e-24, 8.60420292314e-24, 1.45846197656e-23, 1.5269999475e-23, 1.3155240093e-23, 5.90321851988e-24, 9.44819021728e-24, 1.00905517638e-23, 7.33283918954e-24, 8.27921984032e-24, 1.01727463369e-23], "var": [7.68612608226e-06, 8.91415766091e-06, 4.88848854729e-06, 4.49122080681e-06, 8.21164121589e-07, 2.0043998461e-07, 1.18153735684e-07, 1.53014624971e-07, 5.75633805511e-07, 1.2438474073e-07, 1.34075406777e-07, 1.0043389409e-07, 3.46419142261e-08, 1.34937705454e-08, 1.96709173395e-08, 6.56846177449e-09, 2.28758469945e-08, 1.61045288216e-09, 2.36524329011e-08, 4.12149514517e-09, 1.41270017906e-09, 1.28847232883e-09, 4.42172659598e-10, 4.17546663911e-10, 4.41106595694e-10, 3.65898000787e-09, 4.15499190609e-10, 1.49942960825e-10, 1.20879972698e-10, 9.24547730041e-11, 1.43316344903e-10, 7.80752268392e-11, 9.09990416353e-11, 7.57231985449e-11, 2.49596107671e-11, 1.00990474663e-11, 7.73147778438e-12, 4.64145085213e-12, 4.24341378008e-12, 2.80481714243e-12]}, "mfcc": {"mean": [-675.244262695, 139.758850098, -11.7264213562, 13.5823698044, -6.154047966, -5.10921907425, 0.00809010304511, 3.23798251152, -6.33741569519, 1.66463029385, -0.199101224542, -4.23691034317, -0.134333983064], "cov": [[12685.5302734, -2024.2088623, -123.057830811, 1296.75866699, -46.0596084595, 213.703887939, 276.433807373, 500.821655273, 163.180236816, 266.776641846, 37.1479873657, -69.8317871094, 23.8455905914], [-2024.2088623, 1835.62683105, -486.266937256, -45.9951896667, 103.69720459, -272.551116943, -92.5452423096, -124.65763855, -151.688705444, -88.8340301514, -6.20342111588, 22.1466770172, 17.9051971436], [-123.057830811, -486.266937256, 1693.25610352, 68.8260879517, 156.560134888, 379.965270996, 98.6609725952, 95.8490905762, 146.198150635, -3.330078125, 31.7497234344, 1.07965683937, -101.357521057], [1296.75866699, -45.9951896667, 68.8260879517, 656.47845459, 154.026046753, 16.7761211395, 85.672492981, 143.677581787, 23.7874107361, 52.9930381775, 67.3936386108, 58.2920875549, 43.7197494507], [-46.0596084595, 103.69720459, 156.560134888, 154.026046753, 234.496414185, 83.4185791016, 50.6878242493, 39.3757286072, 36.6109313965, 15.6797800064, 25.8586845398, 15.5566864014, 7.48579692841], [213.703887939, -272.551116943, 379.965270996, 16.7761211395, 83.4185791016, 309.804107666, 111.455039978, 80.6909179688, 96.3050460815, 67.3158187866, 38.351940155, 11.3629541397, -19.4842376709], [276.433807373, -92.5452423096, 98.6609725952, 85.672492981, 50.6878242493, 111.455039978, 200.258666992, 118.080764771, 51.9195747375, 54.7673988342, 57.8523979187, 21.3393554688, 14.1625595093], [500.821655273, -124.65763855, 95.8490905762, 143.677581787, 39.3757286072, 80.6909179688, 118.080764771, 178.675720215, 94.8410720825, 72.9385528564, 52.4487037659, 33.4745597839, 38.8160209656], [163.180236816, -151.688705444, 146.198150635, 23.7874107361, 36.6109313965, 96.3050460815, 51.9195747375, 94.8410720825, 154.939559937, 89.1349411011, 26.4130821228, 22.3614749908, 34.2864189148], [266.776641846, -88.8340301514, -3.330078125, 52.9930381775, 15.6797800064, 67.3158187866, 54.7673988342, 72.9385528564, 89.1349411011, 137.109603882, 61.1037406921, 14.3663682938, 37.8391647339], [37.1479873657, -6.20342111588, 31.7497234344, 67.3936386108, 25.8586845398, 38.351940155, 57.8523979187, 52.4487037659, 26.4130821228, 61.1037406921, 97.1375350952, 44.2050209045, 17.5274982452], [-69.8317871094, 22.1466770172, 1.07965683937, 58.2920875549, 15.5566864014, 11.3629541397, 21.3393554688, 33.4745597839, 22.3614749908, 14.3663682938, 44.2050209045, 86.0380783081, 45.0453872681], [23.8455905914, 17.9051971436, -101.357521057, 43.7197494507, 7.48579692841, -19.4842376709, 14.1625595093, 38.8160209656, 34.2864189148, 37.8391647339, 17.5274982452, 45.0453872681, 118.576217651]], "icov": [[0.000144239907968, 0.000138739516842, 6.52594608255e-05, -0.00029756402364, 0.000126209983137, -5.081794734e-05, 2.3174636226e-05, -0.000234298961004, 0.000112140449346, -0.000152779233758, 0.000195944332518, 0.000203589908779, 8.31758006825e-05], [0.000138739516842, 0.000899192003999, 0.000166561483638, -3.82824982808e-05, -0.000721150485333, 0.000604910426773, 9.01755993254e-06, -0.0001820861944, 0.000607430876698, -0.000246026233071, 8.39599379105e-05, -0.000226220639888, 0.000172661646502], [6.52594608255e-05, 0.000166561483638, 0.00103236199357, -0.000253225240158, -0.000152630644152, -0.0010487199761, 0.000280446547549, -9.69914981397e-05, -0.00103484489955, 0.00135008152574, -0.0006880100118, 0.000388074928196, 0.000595780904405], [-0.00029756402364, -3.82824982808e-05, -0.000253225240158, 0.00320597365499, -0.00217623473145, 0.00101809157059, 0.000354524265276, -0.00213605770841, 0.00192951597273, -0.00104264065158, 1.3415851754e-05, -0.00177171768155, 7.45452562114e-05], [0.000126209983137, -0.000721150485333, -0.000152630644152, -0.00217623473145, 0.00707899127156, -0.00211660563946, -0.000707318948116, 0.00152613827959, -0.00240791775286, 0.00198537111282, -0.0012026069453, 0.00170991232153, -0.000863473513164], [-5.081794734e-05, 0.000604910426773, -0.0010487199761, 0.00101809157059, -0.00211660563946, 0.0072780768387, -0.0026044738479, 0.000236666382989, -0.000491719052661, -0.00291099329479, 0.00131399394013, -0.00190806714818, 0.00181194546167], [2.3174636226e-05, 9.01755993254e-06, 0.000280446547549, 0.000354524265276, -0.000707318948116, -0.0026044738479, 0.0102752242237, -0.0065667303279, 0.00210401369259, 0.000546773546375, -0.00320247514173, 0.00135334697552, -0.000181554933079], [-0.000234298961004, -0.0001820861944, -9.69914981397e-05, -0.00213605770841, 0.00152613827959, 0.000236666382989, -0.0065667303279, 0.0164879933, -0.00797265674919, 0.00145160104148, -0.00242246408015, 0.00021395618387, -0.00177233584691], [0.000112140449346, 0.000607430876698, -0.00103484489955, 0.00192951597273, -0.00240791775286, -0.000491719052661, 0.00210401369259, -0.00797265674919, 0.0188567191362, -0.011620786041, 0.00732734892517, -0.00486941682175, -0.000257879320998], [-0.000152779233758, -0.000246026233071, 0.00135008152574, -0.00104264065158, 0.00198537111282, -0.00291099329479, 0.000546773546375, 0.00145160104148, -0.011620786041, 0.0223533026874, -0.014340098016, 0.00902875233442, -0.00462107267231], [0.000195944332518, 8.39599379105e-05, -0.0006880100118, 1.3415851754e-05, -0.0012026069453, 0.00131399394013, -0.00320247514173, -0.00242246408015, 0.00732734892517, -0.014340098016, 0.0256439317018, -0.013107040897, 0.00446817744523], [0.000203589908779, -0.000226220639888, 0.000388074928196, -0.00177171768155, 0.00170991232153, -0.00190806714818, 0.00135334697552, 0.00021395618387, -0.00486941682175, 0.00902875233442, -0.013107040897, 0.0232734493911, -0.00805198028684], [8.31758006825e-05, 0.000172661646502, 0.000595780904405, 7.45452562114e-05, -0.000863473513164, 0.00181194546167, -0.000181554933079, -0.00177233584691, -0.000257879320998, -0.00462107267231, 0.00446817744523, -0.00805198028684, 0.013774054125]]}, "spectral_contrast_coeffs": {"dmean": [0.0702742189169, 0.0521509535611, 0.0413996241987, 0.0390371903777, 0.0282663125545, 0.0199891943485], "dmean2": [0.114774212241, 0.0856463313103, 0.0655450373888, 0.061689645052, 0.0449608340859, 0.0306566040963], "dvar": [0.00366956694052, 0.00177591969259, 0.00119561026804, 0.00111731013749, 0.000634346157312, 0.000390308268834], "dvar2": [0.0097440071404, 0.00468865176663, 0.00287419138476, 0.00263546127826, 0.0015092069516, 0.00081249140203], "max": [-0.25435090065, -0.403751134872, -0.510168552399, -0.494073778391, -0.530884563923, -0.605397522449], "mean": [-0.625264406204, -0.744967877865, -0.745647966862, -0.747529864311, -0.765251815319, -0.771953046322], "median": [-0.63630849123, -0.751622736454, -0.7499345541, -0.75008893013, -0.773281693459, -0.770256876945], "min": [-0.969317734241, -0.957184076309, -0.96619194746, -0.980780005455, -0.966917514801, -0.958386957645], "var": [0.0101308692247, 0.00460591213778, 0.00443261582404, 0.00483040697873, 0.00424777064472, 0.0025589116849]}, "spectral_contrast_valleys": {"dmean": [0.525929927826, 0.445119678974, 0.420080929995, 0.390400707722, 0.406623393297, 0.500205755234], "dmean2": [0.860545396805, 0.688442528248, 0.641380488873, 0.591315567493, 0.584919810295, 0.692374408245], "dvar": [0.201613128185, 0.157015234232, 0.15658788383, 0.151893988252, 0.188869193196, 0.232025012374], "dvar2": [0.478536486626, 0.333414822817, 0.330598801374, 0.306448340416, 0.380675256252, 0.493864059448], "max": [-5.59502887726, -4.68540096283, -5.462433815, -5.93782949448, -5.48947381973, -7.82438468933], "mean": [-7.88093757629, -6.60076761246, -7.39677190781,