{"lowlevel": {"average_loudness": 0.306217372417, "barkbands_crest": {"dmean": 2.24771428108, "dmean2": 3.62695789337, "dvar": 4.70925521851, "dvar2": 12.3108940125, "max": 26.2132167816, "mean": 11.8216552734, "median": 11.0198507309, "min": 2.63672947884, "var": 20.9918231964}, "barkbands_flatness_db": {"dmean": 0.0204010959715, "dmean2": 0.0321021750569, "dvar": 0.000528990174644, "dvar2": 0.00131917337421, "max": 0.748555898666, "mean": 0.212299600244, "median": 0.201331302524, "min": 0.0400439947844, "var": 0.00504820840433}, "barkbands_kurtosis": {"dmean": 4.87225103378, "dmean2": 7.95305585861, "dvar": 172.590133667, "dvar2": 454.073822021, "max": 413.279571533, "mean": 9.30629062653, "median": 4.08493566513, "min": -1.82730317116, "var": 312.007202148}, "barkbands_skewness": {"dmean": 0.545693278313, "dmean2": 0.86164522171, "dvar": 0.501287460327, "dvar2": 1.21909749508, "max": 12.7465791702, "mean": 1.83598637581, "median": 1.53052651882, "min": -2.3264541626, "var": 2.10987448692}, "barkbands_spread": {"dmean": 2.29347634315, "dmean2": 3.62092375755, "dvar": 8.18669891357, "dvar2": 19.3512172699, "max": 117.28528595, "mean": 10.2661056519, "median": 8.68363952637, "min": 0.0450596995652, "var": 83.3185119629}, "dissonance": {"dmean": 0.0243618097156, "dmean2": 0.0413887016475, "dvar": 0.000555977632757, "dvar2": 0.00152083451394, "max": 0.5, "mean": 0.435421437025, "median": 0.444535702467, "min": 0.19573828578, "var": 0.00183700292837}, "dynamic_complexity": 7.5941491127, "erbbands_crest": {"dmean": 2.21618461609, "dmean2": 3.54125785828, "dvar": 5.43450212479, "dvar2": 13.698925972, "max": 32.8574256897, "mean": 11.6356582642, "median": 10.2493495941, "min": 2.24788093567, "var": 36.5251426697}, "erbbands_flatness_db": {"dmean": 0.0132008083165, "dmean2": 0.0198267325759, "dvar": 0.000199355621589, "dvar2": 0.00044480766519, "max": 0.437903881073, "mean": 0.220609799027, "median": 0.217632591724, "min": 0.026968922466, "var": 0.00287585705519}, "erbbands_kurtosis": {"dmean": 1.43840324879, "dmean2": 2.18655157089, "dvar": 9.22458076477, "dvar2": 19.0581474304, "max": 95.5536117554, "mean": 2.46140909195, "median": 0.350123643875, "min": -1.65779852867, "var": 53.629776001}, "erbbands_skewness": {"dmean": 0.343236207962, "dmean2": 0.53297317028, "dvar": 0.121988773346, "dvar2": 0.287144690752, "max": 7.01320695877, "mean": 0.985411345959, "median": 0.814755022526, "min": -1.79044115543, "var": 1.05508708954}, "erbbands_spread": {"dmean": 4.08384418488, "dmean2": 6.39208602905, "dvar": 20.0584754944, "dvar2": 48.1665420532, "max": 123.398597717, "mean": 25.2306556702, "median": 22.7063732147, "min": 1.07623839378, "var": 198.964324951}, "hfc": {"dmean": 1.8457493782, "dmean2": 2.61413264275, "dvar": 17.0374317169, "dvar2": 30.9518871307, "max": 113.525939941, "mean": 8.71026134491, "median": 3.05934047699, "min": 1.24840546501e-16, "var": 162.39743042}, "melbands_crest": {"dmean": 3.00029087067, "dmean2": 4.80412578583, "dvar": 9.17084884644, "dvar2": 22.5403251648, "max": 39.5773849487, "mean": 15.9322948456, "median": 14.6528987885, "min": 1.77234005928, "var": 43.0658149719}, "melbands_flatness_db": {"dmean": 0.0214142110199, "dmean2": 0.0330689437687, "dvar": 0.000560561486054, "dvar2": 0.00134117389098, "max": 0.899362802505, "mean": 0.287231475115, "median": 0.277797430754, "min": 0.00467550847679, "var": 0.00716997170821}, "melbands_kurtosis": {"dmean": 8.89710140228, "dmean2": 14.7062587738, "dvar": 929.54888916, "dvar2": 2465.37695312, "max": 950.234802246, "mean": 17.1314239502, "median": 7.34602832794, "min": -1.56491494179, "var": 1477.36486816}, "melbands_skewness": {"dmean": 0.641571521759, "dmean2": 1.01273620129, "dvar": 0.945113360882, "dvar2": 2.38937854767, "max": 19.1755981445, "mean": 2.39452409744, "median": 1.99836599827, "min": -2.63178682327, "var": 3.59095144272}, "melbands_spread": {"dmean": 2.78721094131, "dmean2": 4.35999393463, "dvar": 18.8060283661, "dvar2": 39.1861495972, "max": 171.562332153, "mean": 12.140835762, "median": 9.96074295044, "min": 0.0282505322248, "var": 168.174057007}, "pitch_salience": {"dmean": 0.0636577010155, "dmean2": 0.102642834187, "dvar": 0.00382707430981, "dvar2": 0.00969724170864, "max": 0.928893327713, "mean": 0.502688884735, "median": 0.516336202621, "min": 0.0239442493767, "var": 0.0169585384429}, "silence_rate_20dB": {"dmean": 0, "dmean2": 0, "dvar": 0, "dvar2": 0, "max": 1, "mean": 1, "median": 1, "min": 1, "var": 0}, "silence_rate_30dB": {"dmean": 0.00259740254842, "dmean2": 0.00519592966884, "dvar": 0.00259061111137, "dvar2": 0.00560175534338, "max": 1, "mean": 0.995888352394, "median": 1, "min": 0, "var": 0.00409491639584}, "silence_rate_60dB": {"dmean": 0.0298701301217, "dmean2": 0.0597531944513, "dvar": 0.028978055343, "dvar2": 0.0596467889845, "max": 1, "mean": 0.324605077505, "median": 0, "min": 0, "var": 0.21923930943}, "spectral_centroid": {"dmean": 102.576919556, "dmean2": 160.621566772, "dvar": 36625.234375, "dvar2": 61852.640625, "max": 10816.2724609, "mean": 758.21484375, "median": 658.359619141, "min": 69.6953964233, "var": 216901.390625}, "spectral_complexity": {"dmean": 1.44372296333, "dmean2": 2.4260661602, "dvar": 2.41047048569, "dvar2": 6.11512851715, "max": 36, "mean": 9.56827545166, "median": 8, "min": 0, "var": 56.0053977966}, "spectral_decrease": {"dmean": 1.02826924753e-09, "dmean2": 1.58312485343e-09, "dvar": 2.74138222232e-18, "dvar2": 6.14284382012e-18, "max": 1.77909191892e-19, "mean": -4.22235757469e-09, "median": -2.40801023565e-09, "min": -3.71548729561e-08, "var": 2.55613500007e-17}, "spectral_energy": {"dmean": 0.00402918318287, "dmean2": 0.00618082424626, "dvar": 4.27008817496e-05, "dvar2": 9.44725834415e-05, "max": 0.146946072578, "mean": 0.016726097092, "median": 0.00941786076874, "min": 1.12868229127e-20, "var": 0.000406962470151}, "spectral_energyband_high": {"dmean": 1.20854765555e-05, "dmean2": 1.99251280719e-05, "dvar": 2.24168528185e-09, "dvar2": 6.07138028741e-09, "max": 0.00141157140024, "mean": 3.46661327058e-05, "median": 6.61372178001e-06, "min": 8.15574396142e-21, "var": 5.58325607969e-09}, "spectral_energyband_low": {"dmean": 0.00127843196969, "dmean2": 0.00201053754427, "dvar": 6.13931842963e-06, "dvar2": 1.46436705108e-05, "max": 0.0662318170071, "mean": 0.0031176104676, "median": 0.00130031257868, "min": 1.00226279999e-22, "var": 2.16884345718e-05}, "spectral_energyband_middle_high": {"dmean": 0.00074143439997, "dmean2": 0.00103541603312, "dvar": 5.86147143622e-06, "dvar2": 1.12493289635e-05, "max": 0.0797882005572, "mean": 0.00245730555616, "median": 0.000406462408137, "min": 1.54722942083e-21, "var": 2.3876040359e-05}, "spectral_energyband_middle_low": {"dmean": 0.00302093173377, "dmean2": 0.0046747084707, "dvar": 2.91381438728e-05, "dvar2": 6.84661135892e-05, "max": 0.127694442868, "mean": 0.0114554921165, "median": 0.005480049178, "min": 3.96894601643e-22, "var": 0.000234202379943}, "spectral_entropy": {"dmean": 0.136886075139, "dmean2": 0.211177930236, "dvar": 0.0231223702431, "dvar2": 0.0541457906365, "max": 9.79679965973, "mean": 6.86713981628, "median": 6.96371030807, "min": 3.78923916817, "var": 0.286321043968}, "spectral_flux": {"dmean": 0.0123576000333, "dmean2": 0.0201154239476, "dvar": 0.000273354060482, "dvar2": 0.000662715523504, "max": 0.252564549446, "mean": 0.0417443737388, "median": 0.032300055027, "min": 1.06239461672e-10, "var": 0.00103449460585}, "spectral_kurtosis": {"dmean": 4.30478858948, "dmean2": 7.46534347534, "dvar": 27.6914157867, "dvar2": 80.5452804565, "max": 145.485671997, "mean": 11.376953125, "median": 8.76068305969, "min": -1.19066333771, "var": 82.2040786743}, "spectral_rms": {"dmean": 0.000450584397186, "dmean2": 0.000692874775268, "dvar": 3.16925621746e-07, "dvar2": 7.37656137062e-07, "max": 0.0119733875617, "mean": 0.00332943024114, "median": 0.00303119723685, "min": 3.31836316238e-12, "var": 5.23306562172e-06}, "spectral_rolloff": {"dmean": 150.840209961, "dmean2": 253.397781372, "dvar": 161080.453125, "dvar2": 269503.9375, "max": 19293.75, "mean": 829.041442871, "median": 602.9296875, "min": 21.533203125, "var": 2557898}, "spectral_skewness": {"dmean": 0.354149252176, "dmean2": 0.603133678436, "dvar": 0.123801372945, "dvar2": 0.355001121759, "max": 10.5474834442, "mean": 2.28586959839, "median": 2.11727929115, "min": 0.0490383915603, "var": 0.782111287117}, "spectral_spread": {"dmean": 252588.546875, "dmean2": 408551.25, "dvar": 324009459712, "dvar2": 443997061120, "max": 40738512, "mean": 2907318.25, "median": 2631630.75, "min": 707920.8125, "var": 1982177083390.0}, "spectral_strongpeak": {"dmean": 0.307318627834, "dmean2": 0.490613251925, "dvar": 0.282975882292, "dvar2": 0.62911272049, "max": 12.3828516006, "mean": 0.955634236336, "median": 0.461221724749, "min": 0, "var": 1.47402822971}, "zerocrossingrate": {"dmean": 0.00394324120134, "dmean2": 0.00507711013779, "dvar": 5.75348603888e-05, "dvar2": 6.98254443705e-05, "max": 0.5068359375, "mean": 0.0335134640336, "median": 0.0283203125, "min": 0.00048828125, "var": 0.00169097038452}, "barkbands": {"dmean": [0.000401832017815, 0.000585148343816, 0.000492415332701, 0.000327602494508, 0.000950564222876, 0.00119331665337, 0.000841105531435, 0.000862294284161, 0.000410612032283, 0.000310182018438, 0.000292322365567, 0.000231074998737, 5.80757478019e-05, 0.000110394641524, 5.92500800849e-05, 5.63340072404e-05, 9.27496657823e-05, 4.27414670412e-05, 3.51337403117e-05, 1.87796449609e-05, 5.09048959429e-06, 3.08978110297e-06, 1.47690241192e-06, 6.75697435781e-07, 2.76424373169e-07, 1.15453218541e-07, 8.05713185059e-09], "dmean2": [0.000688370142598, 0.000894368335139, 0.000750047445763, 0.000571727752686, 0.00151195167564, 0.00197819480672, 0.00140791549347, 0.00103743490763, 0.00050051411381, 0.000455483328551, 0.000428590807132, 0.000319688871969, 9.31914328248e-05, 0.000166775091202, 9.33612973313e-05, 9.0531189926e-05, 0.000144726916915, 6.81933961459e-05, 5.76895981794e-05, 3.08436865453e-05, 8.413409887e-06, 5.14105659022e-06, 2.43836325353e-06, 1.13899398002e-06, 4.49625900956e-07, 1.97394939505e-07, 1.32011157561e-08], "dvar": [3.64060042557e-06, 1.42684734783e-06, 1.17128104193e-06, 6.10154870628e-07, 3.23600738739e-06, 8.43147427076e-06, 4.92784693051e-06, 5.91682328377e-06, 2.39510745814e-06, 2.06664412872e-06, 1.07672417471e-06, 1.43410568398e-06, 4.49247075096e-08, 9.7213252559e-08, 1.84544344251e-08, 2.26939462777e-08, 6.36343031601e-08, 4.28466933045e-08, 1.57498174502e-08, 8.16699508022e-09, 3.54748092013e-10, 9.7006756794e-11, 3.44163447741e-11, 1.00076717746e-11, 1.45201374795e-12, 8.67180296755e-13, 3.1770824129e-16], "dvar2": [1.02110971056e-05, 3.25293308379e-06, 2.35517495639e-06, 1.93269124793e-06, 8.47229694045e-06, 2.32520942518e-05, 1.41488981171e-05, 7.04816693542e-06, 3.07305435854e-06, 4.53234861197e-06, 2.39679388869e-06, 2.20158744924e-06, 8.79853843117e-08, 1.96098071115e-07, 4.21132462236e-08, 5.41332809689e-08, 1.48395045585e-07, 1.08729892645e-07, 4.20670964729e-08, 1.87473396807e-08, 9.2916885297e-10, 2.55535897997e-10, 8.08357061843e-11, 2.71943578767e-11, 3.61418425569e-12, 2.42955091809e-12, 8.27845903994e-16], "max": [0.0249833408743, 0.022652855143, 0.0466352328658, 0.0192207507789, 0.0292421653867, 0.0768602713943, 0.077139697969, 0.0666873753071, 0.0607009902596, 0.0638721063733, 0.0399194993079, 0.0652968063951, 0.0106192780659, 0.00810469128191, 0.00341560970992, 0.00370922195725, 0.00583544606343, 0.00875478889793, 0.0033977383282, 0.00303772976622, 0.000659539771732, 0.000230521283811, 0.000224828632781, 9.75140719675e-05, 3.92965084757e-05, 3.20075596392e-05, 5.76128229568e-07], "mean": [0.000359042867785, 0.00131313758902, 0.00129801675212, 0.000538047868758, 0.001984187169, 0.00259568379261, 0.00185798876919, 0.00286338012666, 0.00122061674483, 0.000627298548352, 0.000581678352319, 0.000560829997994, 0.000105208288005, 0.00021601622575, 0.000131624328787, 9.98581817839e-05, 0.000176662928425, 7.98888140707e-05, 6.02348336542e-05, 3.26048684656e-05, 1.10497185233e-05, 7.32543139748e-06, 3.25061614603e-06, 1.56614441948e-06, 6.69983478474e-07, 2.5511846502e-07, 2.68242654755e-08], "median": [4.522645213e-06, 0.000446797610493, 0.000236704421695, 0.000100743796793, 0.00066698162118, 0.000810975616332, 0.000318163045449, 0.000201437214855, 8.71510055731e-05, 6.1312210164e-05, 4.53577958979e-05, 6.04906745139e-05, 2.48226351687e-05, 2.53902708209e-05, 3.00129795505e-05, 2.28436601901e-05, 2.87591228698e-05, 1.25059150378e-05, 7.96279164206e-06, 3.78348704544e-06, 2.15135696635e-06, 1.08243432351e-06, 5.93136348925e-07, 3.59560715424e-07, 1.85117343676e-07, 8.17356919924e-08, 7.25160465009e-09], "min": [3.77116099589e-24, 2.94709188741e-23, 6.09906546694e-23, 1.57805186984e-23, 3.69114076005e-23, 8.54786515941e-23, 5.36464921704e-23, 6.78077571095e-23, 8.22099149255e-23, 7.59480632776e-23, 8.27575169223e-23, 5.09919752244e-23, 1.13743670357e-22, 1.53656876717e-22, 1.13830874197e-22, 8.9079605989e-23, 1.78274486644e-22, 1.87640575374e-22, 3.63269007972e-22, 3.20908414296e-22, 4.16344125033e-22, 6.80053484647e-22, 7.79007186856e-22, 1.05922507019e-21, 1.0139469281e-21, 1.81504731949e-21, 2.41770534519e-21], "var": [3.23600283991e-06, 4.33315608461e-06, 7.43393547964e-06, 1.47513674165e-06, 9.12280938792e-06, 2.21037917072e-05, 1.79244434548e-05, 4.8838006478e-05, 1.93084288185e-05, 4.45585828857e-06, 2.81369193544e-06, 4.8601632443e-06, 1.01711655986e-07, 2.93097969006e-07, 8.068428059e-08, 5.08200201921e-08, 1.45906355442e-07, 1.11272051129e-07, 2.80637504346e-08, 1.18691918516e-08, 6.71484756687e-10, 2.79766987354e-10, 6.7066650844e-11, 1.52259611169e-11, 2.86231541941e-12, 8.28941841384e-13, 2.64136064942e-15]}, "erbbands": {"dmean": [0.0177652090788, 0.130084618926, 0.52453327179, 0.833091437817, 1.91635489464, 3.16297268867, 11.1136608124, 5.94465303421, 12.9654254913, 12.9334030151, 19.3202495575, 7.96742486954, 10.0416288376, 6.67640542984, 11.092546463, 10.8384590149, 3.39631557465, 5.7002158165, 2.86956071854, 3.09680128098, 3.06775546074, 4.38798141479, 2.0511944294, 2.82609939575, 1.18233394623, 0.754816293716, 0.264615982771, 0.181801989675, 0.11379570514, 0.0831907093525, 0.0417101867497, 0.019757822156, 0.00792149733752, 0.00387386023067, 0.00176236161496, 0.00060482713161, 0.000227524840739, 2.85456408164e-05, 2.64236996372e-06, 4.50695233667e-06], "dmean2": [0.0282538365573, 0.195581629872, 0.787666976452, 1.41043496132, 3.09972715378, 5.03821802139, 18.652015686, 9.42971897125, 21.8653697968, 17.6091003418, 23.1805477142, 10.2591762543, 14.5903015137, 10.4571247101, 15.9738950729, 14.6796178818, 5.10202980042, 8.66016101837, 4.33770751953, 4.93161249161, 4.88923168182, 6.74067974091, 3.15005946159, 4.72064161301, 1.8658862114, 1.26164245605, 0.439105242491, 0.303645789623, 0.190543994308, 0.138097241521, 0.0694425627589, 0.0331258550286, 0.0132186934352, 0.00624595303088, 0.00291273440234, 0.00100348761771, 0.000399718730478, 4.82542345708e-05, 4.18410581915e-06, 6.88255568093e-06], "dvar": [0.00462283706293, 0.0632778778672, 1.43543112278, 3.67153096199, 21.7280960083, 42.1962356567, 928.717102051, 139.006958008, 1280.38305664, 1334.15148926, 3366.13989258, 777.355773926, 1737.11816406, 1152.36608887, 1251.48901367, 3206.13452148, 240.516937256, 254.853302002, 46.160861969, 50.8704528809, 49.7301597595, 192.520721436, 74.8092880249, 147.372497559, 32.5873680115, 8.85958957672, 0.985499858856, 0.490931242704, 0.157524079084, 0.076045550406, 0.0264092665166, 0.00854232441634, 0.00105679244734, 0.000280129839666, 6.57023992972e-05, 1.5082068785e-05, 5.09066649101e-06, 5.01687402732e-08, 2.91790619444e-11, 5.44537262503e-11], "dvar2": [0.0116230817512, 0.133930906653, 2.71783256531, 10.7639818192, 60.0796966553, 114.759689331, 2688.61328125, 351.857086182, 3808.01611328, 2291.11230469, 3920.32519531, 1220.83996582, 3515.09350586, 2811.10766602, 2376.28662109, 4698.95996094, 421.11239624, 518.216491699, 98.5589294434, 122.650535583, 120.771812439, 419.099853516, 162.546783447, 431.860656738, 74.7261352539, 21.4086456299, 2.65924119949, 1.29387485981, 0.406749993563, 0.19913199544, 0.0602382645011, 0.023459950462, 0.00279326201417, 0.000720659736544, 0.000158295239089, 3.96463219658e-05, 1.49057523231e-05, 1.44648893752e-07, 7.5064399141e-11, 1.18504456248e-10], "max": [1.26294600964, 7.13746356964, 55.6587562561, 42.3897666931, 81.0737686157, 102.795387268, 652.615234375, 325.50491333, 1363.67895508, 1085.50354004, 1834.1541748, 912.803833008, 1605.32885742, 1475.81298828, 1195.31982422, 3372.0390625, 854.102539062, 414.944580078, 204.277084351, 214.218429565, 138.374755859, 406.109985352, 273.383331299, 402.570373535, 221.559371948, 81.1393127441, 23.9662437439, 25.0660247803, 13.5483350754, 6.38382339478, 6.4430141449, 2.92270565033, 0.988409698009, 0.552303850651, 0.237514987588, 0.146818071604, 0.0770111456513, 0.00889106374234, 0.00014321274648, 0.000166721380083], "mean": [0.0266533195972, 0.341874092817, 1.42867136002, 1.79442799091, 3.65596055984, 6.5471739769, 20.0019779205, 16.1200523376, 29.1588630676, 38.4250144958, 62.8390159607, 24.9031295776, 21.8917293549, 12.0967702866, 24.5675678253, 27.4156036377, 7.43317699432, 11.5113706589, 7.11849451065, 6.57466840744, 6.75563144684, 8.40259838104, 4.27480792999, 5.0068063736, 2.18469214439, 1.40489315987, 0.568542540073, 0.392049461603, 0.257618695498, 0.190149694681, 0.0944854319096, 0.043389312923, 0.0196592546999, 0.00922555290163, 0.00411767326295, 0.00142253609374, 0.000447622704087, 7.05230122549e-05, 1.28865067381e-05, 1.92038878595e-05], "median": [0.00704963924363, 0.112012088299, 0.31555172801, 0.42797639966, 1.0416020155, 2.13236451149, 4.36437606812, 4.94755935669, 5.26571369171, 5.39269304276, 4.57703065872, 2.49575591087, 2.43029427528, 1.86553144455, 1.77734577656, 2.82032561302, 1.77758848667, 1.54077684879, 1.45422041416, 1.86473250389, 1.58822023869, 1.48207521439, 0.779881358147, 0.587086796761, 0.349577695131, 0.176637977362, 0.118281655014, 0.0673695579171, 0.0411739908159, 0.0257341787219, 0.0162506904453, 0.00902206357569, 0.00506220944226, 0.00240349490196, 0.00111221324187, 0.000457862654002, 0.000143263605423, 2.22000999202e-05, 6.28281077297e-06, 1.06535080704e-05], "min": [6.76628086513e-22, 8.26704256687e-21, 6.34038269295e-20, 5.72035137024e-20, 7.41927371967e-20, 1.88887894873e-19, 1.196348735e-19, 1.00862040517e-18, 6.57836733732e-19, 1.7718969727e-18, 1.2134658936e-18, 1.53264004701e-18, 3.11511462399e-18, 1.61008689981e-18, 3.42236134995e-18, 2.401921361e-18, 5.51936346444e-18, 7.44440631011e-18, 7.33691005361e-18, 5.56585639154e-18, 5.51864505808e-18, 1.11437490882e-17, 1.11235385843e-17, 1.62610870585e-17, 1.91546111633e-17, 1.42493027451e-17, 1.68680109806e-17, 1.78617890773e-17, 2.40143998325e-17, 2.72539964532e-17, 2.15292945007e-17, 1.56529356003e-17, 1.97784476202e-17, 1.11156456269e-17, 8.36174712789e-18, 6.44116319931e-18, 3.43348858355e-18, 1.19673285699e-18, 3.0627889879e-19, 3.91467974717e-20], "var": [0.00553419394419, 0.310414940119, 8.58730602264, 14.2941818237, 53.4124984741, 106.297576904, 1728.9519043, 755.954345703, 4639.37792969, 9028.2578125, 27795.375, 5325.3515625, 5286.21533203, 1388.74450684, 5327.06835938, 11671.0087891, 616.513549805, 766.788696289, 237.902786255, 140.780181885, 159.715301514, 391.299743652, 171.206893921, 385.096832275, 48.9227409363, 15.6026077271, 1.72870230675, 0.888001203537, 0.365013569593, 0.203786462545, 0.0537071153522, 0.0118349371478, 0.00213750172406, 0.000521657813806, 0.000119497868582, 1.93478990695e-05, 3.70708153241e-06, 4.43364278624e-08, 2.70498401456e-10, 5.43291522881e-10]}, "gfcc": {"mean": [-137.197967529, 149.790557861, -125.533638, 16.6573810577, -50.7725067139, -6.77871465683, -33.7670631409, -0.913294017315, -12.8545789719, -3.51351714134, -7.02686548233, -2.09210944176, -5.88685750961], "cov": [[18970.0195312, 2327.65161133, -2749.70068359, -519.26550293, -909.213867188, -440.762359619, -217.053939819, -96.4365921021, 48.7032928467, -269.011047363, 80.9262771606, -127.023826599, -225.500167847], [2327.65161133, 1362.65002441, -141.568954468, -109.640235901, 284.156311035, -117.437446594, 93.4557037354, -182.544128418, 111.136604309, -129.515792847, 140.402877808, -67.6889419556, 105.381530762], [-2749.70068359, -141.568954468, 1130.87548828, 109.633789062, 224.075378418, 301.68560791, 63.0258102417, 95.6246948242, 37.3554039001, 64.0595550537, -35.5217819214, 8.97345256805, -13.0105066299], [-519.26550293, -109.640235901, 109.633789062, 372.907989502, 141.623275757, 67.5060348511, 55.9303627014, 33.5975799561, -13.9944953918, -12.0046854019, -17.4536170959, 1.81006681919, 32.03465271], [-909.213867188, 284.156311035, 224.075378418, 141.623275757, 453.776519775, 85.567489624, 144.43309021, -2.02730250359, 41.1263771057, -31.9889144897, 46.1473197937, 3.97474718094, 65.2453079224], [-440.762359619, -117.437446594, 301.68560791, 67.5060348511, 85.567489624, 241.899749756, 68.6089248657, 84.6498031616, 8.59822654724, 26.7683677673, -28.6450996399, 5.58144855499, -44.6041259766], [-217.053939819, 93.4557037354, 63.0258102417, 55.9303627014, 144.43309021, 68.6089248657, 182.916183472, 58.3488311768, 55.910823822, 3.91643023491, 10.6612033844, -26.7311229706, -10.3985681534], [-96.4365921021, -182.544128418, 95.6246948242, 33.5975799561, -2.02730250359, 84.6498031616, 58.3488311768, 169.90725708, 36.4259147644, 49.3695220947, -44.8820648193, 9.52328681946, -49.6793060303], [48.7032928467, 111.136604309, 37.3554039001, -13.9944953918, 41.1263771057, 8.59822654724, 55.910823822, 36.4259147644, 116.237388611, 31.6158981323, 20.1930027008, -16.8652057648, 4.49028778076], [-269.011047363, -129.515792847, 64.0595550537, -12.0046854019, -31.9889144897, 26.7683677673, 3.91643023491, 49.3695220947, 31.6158981323, 96.8956680298, 14.0293159485, 24.9326915741, -14.7381849289], [80.9262771606, 140.402877808, -35.5217819214, -17.4536170959, 46.1473197937, -28.6450996399, 10.6612033844, -44.8820648193, 20.1930027008, 14.0293159485, 101.457450867, 38.9355278015, 47.8892402649], [-127.023826599, -67.6889419556, 8.97345256805, 1.81006681919, 3.97474718094, 5.58144855499, -26.7311229706, 9.52328681946, -16.8652057648, 24.9326915741, 38.9355278015, 95.9216690063, 35.790512085], [-225.500167847, 105.381530762, -13.0105066299, 32.03465271, 65.2453079224, -44.6041259766, -10.3985681534, -49.6793060303, 4.49028778076, -14.7381849289, 47.8892402649, 35.790512085, 110.991821289]], "icov": [[0.000245755101787, -0.000730274536181, 0.000599643972237, -0.000216758591705, 0.000612129748333, -0.000610428920481, 0.000431282707723, -0.000644443149213, 0.00011873456242, 7.56524750614e-05, 7.72758085077e-06, -0.00025741540594, 0.000557234860025], [-0.000730274536181, 0.00377972284332, -0.00170148734469, 0.00124312413391, -0.00261156121269, 0.00195702770725, -0.00130745780189, 0.00262637459673, -0.00187946390361, 0.00174454727676, -0.00169450161047, 0.00177694368176, -0.00179008161649], [0.000599643972237, -0.00170148734469, 0.0030030074995, -0.000437602458987, 0.000755043933168, -0.00333587662317, 0.00180014409125, -0.00142773718107, -4.83585936308e-05, -0.000712185632437, 0.000565723923501, -0.00022159438231, 0.000792012899183], [-0.000216758591705, 0.00124312413391, -0.000437602458987, 0.00387085182592, -0.00168929039501, -8.87704209163e-06, -0.00076461979188, 4.81108763779e-05, 0.00054607441416, 0.000408155901823, 0.00033014753717, 0.00113454007078, -0.00232600560412], [0.000612129748333, -0.00261156121269, 0.000755043933168, -0.00168929039501, 0.00631084805354, -0.00203754985705, -0.00192352070007, -0.00127674592659, 0.000545629591215, 0.00111877406016, -0.000237995744101, -0.0016381086316, -0.0002235861175], [-0.000610428920481, 0.00195702770725, -0.00333587662317, -8.87704209163e-06, -0.00203754985705, 0.0100076394156, -0.00302031915635, 0.000177577443537, 0.0005293986178, 8.46719631227e-05, 0.000243373477133, -0.0011682092445, 0.00179076835047], [0.000431282707723, -0.00130745780189, 0.00180014409125, -0.00076461979188, -0.00192352070007, -0.00302031915635, 0.0120190195739, -0.0051433108747, -0.00203698338009, 0.000996234710328, -0.00359992985614, 0.00376627384685, 0.00184363301378], [-0.000644443149213, 0.00262637459673, -0.00142773718107, 4.81108763779e-05, -0.00127674592659, 0.000177577443537, -0.0051433108747, 0.0154472514987, -0.00487145828083, -0.00327225611545, 0.00704272976145, -0.00529070617631, 0.00169986439869], [0.00011873456242, -0.00187946390361, -4.83585936308e-05, 0.00054607441416, 0.000545629591215, 0.0005293986178, -0.00203698338009, -0.00487145828083, 0.0155132850632, -0.00583758158609, -0.00239641987719, 0.0048576341942, -0.00255203270353], [7.56524750614e-05, 0.00174454727676, -0.000712185632437, 0.000408155901823, 0.00111877406016, 8.46719631227e-05, 0.000996234710328, -0.00327225611545, -0.00583758158609, 0.0192453153431, -0.00652465922758, -0.0024450335186, 0.00269638723694], [7.72758085077e-06, -0.00169450161047, 0.000565723923501, 0.00033014753717, -0.000237995744101, 0.000243373477133, -0.00359992985614, 0.00704272976145, -0.00239641987719, -0.00652465922758, 0.0225331690162, -0.00982505083084, -0.00267524668016], [-0.00025741540594, 0.00177694368176, -0.00022159438231, 0.00113454007078, -0.0016381086316, -0.0011682092445, 0.00376627384685, -0.00529070617631, 0.0048576341942, -0.0024450335186, -0.00982505083084, 0.021215595305, -0.00720850471407], [0.000557234860025, -0.00179008161649, 0.000792012899183, -0.00232600560412, -0.0002235861175, 0.00179076835047, 0.00184363301378, 0.00169986439869, -0.00255203270353, 0.00269638723694, -0.00267524668016, -0.00720850471407, 0.0183302611113]]}, "melbands": {"dmean": [0.000174232569407, 0.000236813619267, 0.000162342388649, 0.000173911786987, 0.000317289610393, 0.000171949475771, 0.000182458010386, 0.000145819634781, 0.000164214157849, 4.29362298746e-05, 5.12465012434e-05, 2.75136389973e-05, 3.44105937984e-05, 2.74692065432e-05, 2.09845693462e-05, 5.24582537764e-06, 1.26860795717e-05, 4.81228198623e-06, 4.59788134322e-06, 5.49019569007e-06, 3.90464947486e-06, 5.63057301406e-06, 2.02719866138e-06, 2.10872622119e-06, 2.57730812336e-06, 7.80822915658e-07, 1.01635816918e-06, 4.20153867253e-07, 1.96312782919e-07, 1.60851030273e-07, 1.01480097214e-07, 7.09706142743e-08, 6.39157846649e-08, 4.22197814487e-08, 2.89787021046e-08, 1.69730753896e-08, 1.16197513833e-08, 6.33798480365e-09, 4.94585705724e-09, 3.15349080182e-09], "dmean2": [0.000273354875389, 0.000353163515683, 0.000272261822829, 0.000279099913314, 0.000526085903402, 0.000280570937321, 0.000306218164042, 0.000190545193618, 0.000197244531591, 5.66206326766e-05, 7.45818615542e-05, 4.32507731603e-05, 5.01498871017e-05, 3.76537245756e-05, 2.97836631944e-05, 8.71662541613e-06, 1.93039904843e-05, 7.25458130546e-06, 7.36699257686e-06, 8.73605131346e-06, 6.30508884569e-06, 8.68740153237e-06, 3.14612066177e-06, 3.38930931321e-06, 4.3167478907e-06, 1.25388032757e-06, 1.60893034717e-06, 7.25248526123e-07, 3.33325147039e-07, 2.7142564818e-07, 1.70630272578e-07, 1.19048905844e-07, 1.06986298931e-07, 6.95466582101e-08, 4.85412208207e-08, 2.87533428178e-08, 1.98222842585e-08, 1.0712946974e-08, 8.19531909002e-09, 5.15168352422e-09], "dvar": [2.57502620116e-07, 2.61232173671e-07, 1.14921768102e-07, 1.59626367235e-07, 6.53835854791e-07, 1.22475128705e-07, 2.34624351947e-07, 1.82062180443e-07, 2.49443615985e-07, 2.70529145752e-08, 4.79642530138e-08, 2.03694856538e-08, 1.16408820361e-08, 1.29938459992e-08, 1.7589357526e-08, 2.00207600498e-10, 1.33162258997e-09, 1.30997615533e-10, 1.00412921034e-10, 2.13069506483e-10, 1.0031457609e-10, 2.69489680571e-10, 4.821622962e-11, 8.91397441971e-11, 1.18198256738e-10, 1.48329837996e-11, 2.99862808195e-11, 2.2222969992e-12, 7.28456682995e-13, 5.76204448738e-13, 2.0071200561e-13, 5.47935550827e-14, 5.35346845521e-14, 2.14878384319e-14, 1.46408848722e-14, 3.99972007012e-15, 3.09541964882e-15, 6.32120306806e-16, 4.53339815486e-16, 1.67429177801e-16], "dvar2": [6.6219593009e-07, 5.02705347571e-07, 3.46139415797e-07, 4.32690427488e-07, 1.87026989806e-06, 3.33855268764e-07, 6.92021330906e-07, 2.7589084084e-07, 3.00391690189e-07, 4.47973107498e-08, 9.88099415622e-08, 4.97201924077e-08, 2.37592185925e-08, 1.85221633586e-08, 3.11216332705e-08, 4.97223373586e-10, 2.71077293945e-09, 2.83552348268e-10, 2.41543313129e-10, 5.03622976655e-10, 2.49660736529e-10, 6.04903183099e-10, 1.1404329564e-10, 2.22199786348e-10, 3.47872258777e-10, 3.52193517406e-11, 6.49614043113e-11, 6.27760950861e-12, 2.06425219799e-12, 1.56028391162e-12, 5.28855442512e-13, 1.4150512088e-13, 1.4747134991e-13, 5.54136916203e-14, 3.23104614082e-14, 1.10941631045e-14, 8.51668080948e-15, 1.71233057183e-15, 1.192221002e-15, 4.29979043847e-16], "max": [0.0085453344509, 0.0218672938645, 0.00687812548131, 0.00712801981717, 0.0173884388059, 0.00890545081347, 0.0178054273129, 0.0133238825947, 0.01652815938, 0.00614113872871, 0.00881682615727, 0.00551691185683, 0.00317865423858, 0.00701953377575, 0.00654734950513, 0.000412016932387, 0.000947316875681, 0.000303209846606, 0.000212550163269, 0.000343965541106, 0.00020043105178, 0.000433582084952, 0.000163040313055, 0.000418808835093, 0.000339203950716, 0.000146788777784, 0.000195124172023, 2.73795576504e-05, 2.58691670751e-05, 3.43216706824e-05, 1.87913119589e-05, 6.9470361268e-06, 4.93380866828e-06, 3.99589180233e-06, 5.00635314893e-06, 1.79869732619e-06, 1.49189077092e-06, 8.06591629043e-07, 6.72930468681e-07, 4.2682333401e-07], "mean": [0.000320185266901, 0.000668073364068, 0.000357499404345, 0.000351898692315, 0.000602932996117, 0.00043011107482, 0.000410137028666, 0.000447879399871, 0.000520470552146, 0.000128501633299, 0.000106304447399, 4.49826693512e-05, 7.11017637514e-05, 7.08895313437e-05, 4.60770606878e-05, 8.85343251866e-06, 2.4375232897e-05, 1.09677930595e-05, 9.52758637141e-06, 9.41576126934e-06, 8.09205721453e-06, 1.04327473309e-05, 3.8495145418e-06, 3.97399708163e-06, 4.28119392382e-06, 1.33982928219e-06, 1.56554222031e-06, 7.74266254666e-07, 3.67074250107e-07, 2.98958070744e-07, 2.02326788212e-07, 1.48472196315e-07, 1.27376253545e-07, 8.99775400853e-08, 5.87783617334e-08, 3.48057120902e-08, 2.31367387471e-08, 1.42119906954e-08, 1.07051727483e-08, 6.7471566112e-09], "median": [0.000111790744995, 0.000182291289093, 0.000104796752566, 0.0001116456624, 0.000147368977196, 0.000132026034407, 7.35034482204e-05, 4.38595925516e-05, 3.46835113305e-05, 1.24307844089e-05, 1.00727093013e-05, 6.29214537184e-06, 5.14514385941e-06, 5.75194371777e-06, 6.38098981653e-06, 1.92901120499e-06, 2.65696257884e-06, 1.87020475551e-06, 2.32316301663e-06, 2.21532968681e-06, 1.54194265178e-06, 1.64394259627e-06, 8.10140136309e-07, 5.38527331173e-07, 4.27879712106e-07, 2.32674494782e-07, 1.84898681255e-07, 9.10485056238e-08, 7.87627101317e-08, 5.04842709859e-08, 3.22655964169e-08, 2.37936319536e-08, 1.70915797071e-08, 1.22787389145e-08, 9.71988978193e-09, 6.66110810954e-09, 5.00703922768e-09, 3.65228225441e-09, 2.49170462041e-09, 1.76974968014e-09], "min": [7.02901256734e-24, 2.52985025955e-23, 1.07979178155e-23, 9.72491552308e-24, 5.08262962905e-24, 2.02031427235e-23, 1.06520456012e-23, 1.94848738253e-23, 1.07358865271e-23, 1.00208022603e-23, 1.51382881028e-23, 5.13445818495e-24, 1.20693533354e-23, 6.26354533226e-24, 7.49617599541e-24, 1.29236273758e-23, 1.39167054367e-23, 1.296651301e-23, 6.8226733758e-24, 6.61983278238e-24, 5.81839112345e-24, 1.07406047041e-23, 1.10599166659e-23, 9.88263485044e-24, 1.3331495285e-23, 1.3804262781e-23, 1.22581853369e-23, 8.64313478653e-24, 1.10532926009e-23, 8.45464830614e-24, 1.0520215111e-23, 1.61167880142e-23, 1.03117286401e-23, 1.61992413338e-23, 1.36416107064e-23, 7.41832252381e-24, 1.09996666254e-23, 1.34237998995e-23, 1.32016472023e-23, 8.40183801284e-24], "var": [3.7378887896e-07, 1.50506923546e-06, 3.91621966855e-07, 3.89562501368e-07, 1.3111057342e-06, 5.11654775437e-07, 8.4999550154e-07, 1.33654987167e-06, 2.05400669984e-06, 1.67103436866e-07, 1.34404089636e-07, 2.31284218444e-08, 4.17095584737e-08, 5.33130730673e-08, 4.37686509258e-08, 3.47709055992e-10, 3.87219145637e-09, 5.81925729826e-10, 3.38365502284e-10, 4.67306304763e-10, 3.01483088494e-10, 5.67187519174e-10, 8.68771651841e-11, 2.73300021503e-10, 2.88528950732e-10, 2.02723948739e-11, 3.99811364571e-11, 4.17488786597e-12, 8.91128642232e-13, 7.5854741325e-13, 3.1427624717e-13, 1.29697359623e-13, 1.02604272192e-13, 4.93802047863e-14, 2.64294947147e-14, 6.26824159188e-15, 4.14113857341e-15, 1.12835238843e-15, 8.33008781565e-16, 2.9277198837e-16]}, "mfcc": {"mean": [-769.434387207, 174.305236816, -11.8163547516, 24.1754302979, 1.14060485363, -2.1912791729, -9.26808834076, -0.256100207567, -3.97500085831, -2.16357159615, -2.07862353325, 2.52478885651, 2.7637462616], "cov": [[12005.5380859, 2409.46923828, -1697.89331055, -177.321884155, -740.536132812, -258.119384766, -399.511169434, 82.3482818604, -289.066986084, -72.436378479, -64.2618713379, 5.58750104904, 89.170173645], [2409.46923828, 1524.41540527, -266.924224854, -45.3185386658, 46.6412391663, 4.71978807449, -64.6713027954, -32.9631462097, -61.440612793, -62.7879867554, -43.7483673096, 26.638584137, 52.9719810486], [-1697.89331055, -266.924224854, 810.534362793, -10.6145381927, 173.77166748, 141.140441895, 92.0672836304, 57.9520835876, 84.3185043335, 79.7298278809, 57.2495994568, 36.05651474, -19.1466960907], [-177.321884155, -45.3185386658, -10.6145381927, 254.206893921, 107.551277161, 49.8970413208, 71.9970397949, 34.3572616577, 39.2789802551, 9.70530223846, -4.97457551956, -11.7891016006, 2.27098870277], [-740.536132812, 46.6412391663, 173.77166748, 107.551277161, 274.053253174, 124.671363831, 108.733078003, 56.5547065735, 54.3805961609, 4.45949697495, -5.3793592453, 0.822231471539, -6.62839269638], [-258.119384766, 4.71978807449, 141.140441895, 49.8970413208, 124.671363831, 174.249603271, 98.5659637451, 61.4151649475, 40.1408195496, 30.7918624878, 15.7326145172, 8.2891740799, 8.52242183685], [-399.511169434, -64.6713027954, 92.0672836304, 71.9970397949, 108.733078003, 98.5659637451, 158.580688477, 79.7155990601, 51.4078674316, 32.348236084, 14.4240226746, 1.30215549469, 0.433228820562], [82.3482818604, -32.9631462097, 57.9520835876, 34.3572616577, 56.5547065735, 61.4151649475, 79.7155990601, 136.250961304, 66.7319793701, 42.0977630615, 32.8714790344, 17.3680667877, 4.97840499878], [-289.066986084, -61.440612793, 84.3185043335, 39.2789802551, 54.3805961609, 40.1408195496, 51.4078674316, 66.7319793701, 106.79070282, 68.2404327393, 37.7256889343, 16.0649814606, 0.814226090908], [-72.436378479, -62.7879867554, 79.7298278809, 9.70530223846, 4.45949697495, 30.7918624878, 32.348236084, 42.0977630615, 68.2404327393, 108.320365906, 63.5437774658, 20.8166542053, 2.79457378387], [-64.2618713379, -43.7483673096, 57.2495994568, -4.97457551956, -5.3793592453, 15.7326145172, 14.4240226746, 32.8714790344, 37.7256889343, 63.5437774658, 83.6228256226, 38.9670448303, 12.8365678787], [5.58750104904, 26.638584137, 36.05651474, -11.7891016006, 0.822231471539, 8.2891740799, 1.30215549469, 17.3680667877, 16.0649814606, 20.8166542053, 38.9670448303, 67.6312637329, 38.4060630798], [89.170173645, 52.9719810486, -19.1466960907, 2.27098870277, -6.62839269638, 8.52242183685, 0.433228820562, 4.97840499878, 0.814226090908, 2.79457378387, 12.8365678787, 38.4060630798, 75.571434021]], "icov": [[0.000307440146571, -0.000439812341938, 0.000369180459529, -0.000227718817769, 0.000778751564212, -0.000358978053555, 0.000600866740569, -0.00122221373022, 0.000930584676098, -0.000731914362404, 0.000381679361453, -0.000101213408925, 0.000235406507272], [-0.000439812341938, 0.00143264909275, -0.000169145176187, 0.00059915042948, -0.00171604473144, 0.000254045415204, -0.00034738832619, 0.00164912559558, -0.000971526780631, 0.00083121273201, -0.000114577233035, -0.000346622487996, -0.000656587129924], [0.000369180459529, -0.000169145176187, 0.00235313572921, 0.000473560008686, -0.000261729990598, -0.00135408365168, 0.000861630018335, -0.00104933825787, 0.000828642107081, -0.00161380087957, 0.000381839985494, -0.0012461374281, 0.00107802986167], [-0.000227718817769, 0.00059915042948, 0.000473560008686, 0.00559532921761, -0.00268633291125, 0.000466218101792, -0.00170903268736, 0.00129462243058, -0.00187573581934, 0.000428394210758, -0.000230606354307, 0.00129783642478, -0.00117916124873], [0.000778751564212, -0.00171604473144, -0.000261729990598, -0.00268633291125, 0.0101664066315, -0.00408258987591, -0.000771737890318, -0.00239785714075, -0.000952392758336, 0.00172674946953, 0.00150632171426, -0.00103548413608, 0.0020296741277], [-0.000358978053555, 0.000254045415204, -0.00135408365168, 0.000466218101792, -0.00408258987591, 0.0119617059827, -0.00475641014054, -0.000174967004568, 0.000934799667448, -0.00144186872058, -0.000325576809701, 0.0011483435519, -0.00226487684995], [0.000600866740569, -0.00034738832619, 0.000861630018335, -0.00170903268736, -0.000771737890318, -0.00475641014054, 0.0148388603702, -0.00722386827692, 0.00211366009898, -0.00293971039355, 0.00151336798444, 0.00104409444612, -3.80471065e-05], [-0.00122221373022, 0.00164912559558, -0.00104933825787, 0.00129462243058, -0.00239785714075, -0.000174967004568, -0.00722386827692, 0.0186007339507, -0.0105423806235, 0.005127588287, -0.00416990648955, -0.00082930031931, -0.000339376332704], [0.000930584676098, -0.000971526780631, 0.000828642107081, -0.00187573581934, -0.000952392758336, 0.000934799667448, 0.00211366009898, -0.0105423806235, 0.0257636997849, -0.015272536315, 0.0039018553216, -0.00217568315566, 0.00107280653901], [-0.000731914362404, 0.00083121273201, -0.00161380087957, 0.000428394210758, 0.00172674946953, -0.00144186872058, -0.00293971039355, 0.005127588287, -0.015272536315, 0.0280970726162, -0.0165205206722, 0.00428558094427, -0.000393896189053], [0.000381679361453, -0.000114577233035, 0.000381839985494, -0.000230606354307, 0.00150632171426, -0.000325576809701, 0.00151336798444, -0.00416990648955, 0.0039018553216, -0.0165205206722, 0.0303793810308, -0.0140578458086, 0.00272143865004], [-0.000101213408925, -0.000346622487996, -0.0012461374281, 0.00129783642478, -0.00103548413608, 0.0011483435519, 0.00104409444612, -0.00082930031931, -0.00217568315566, 0.00428558094427, -0.0140578458086, 0.0309213362634, -0.0136256702244], [0.000235406507272, -0.000656587129924, 0.00107802986167, -0.00117916124873, 0.0020296741277, -0.00226487684995, -3.80471065e-05, -0.000339376332704, 0.00107280653901, -0.000393896189053, 0.00272143865004, -0.0136256702244, 0.0206449907273]]}, "spectral_contrast_coeffs": {"dmean": [0.0449734590948, 0.0387683324516, 0.0309689380229, 0.025123456493, 0.0185119155794, 0.0130981747061], "dmean2": [0.0730123966932, 0.0636758059263, 0.0502637065947, 0.0413455925882, 0.030043201521, 0.0216889493167], "dvar": [0.00127504067495, 0.00106134510133, 0.000702045566868, 0.00040632346645, 0.000261335080722, 0.000145565820276], "dvar2": [0.00340360938571, 0.00285983853973, 0.0017034743214, 0.0010451663984, 0.000592259108089, 0.000361942482414], "max": [-0.330029964447, -0.427242338657, -0.532508611679, -0.582435727119, -0.582292437553, -0.63653242588], "mean": [-0.638098716736, -0.694686472416, -0.767737269402, -0.788936138153, -0.796168386936, -0.774504959583], "median": [-0.634020030499, -0.692416071892, -0.775046527386, -0.790507912636, -0.79677939415, -0.770152568817], "min": [-0.975578904152, -0.956556618214, -0.962822675705, -0.967940568924, -0.959189355373, -0.960211694241], "var": [0.0101183420047, 0.00944063160568, 0.0051460461691, 0.00317379226908, 0.00297959102318, 0.00237795850262]}, "spectral_contrast_valleys": {"dmean": [0.391451895237, 0.303218275309, 0.271997779608, 0.2119140625, 0.158511593938, 0.129818364978], "dmean2": [0.644887685776, 0.49322411418, 0.448782265186, 0.34994289279, 0.260143280029, 0.204734027386], "dvar": [0.152870699763, 0.124893531203, 0.106859244406, 0.088193140924, 0.0814242511988, 0.067540667