{"lowlevel": {"average_loudness": 0.916629195213, "barkbands_crest": {"dmean": 2.24769926071, "dmean2": 3.42622494698, "dvar": 3.82550621033, "dvar2": 8.62619400024, "max": 25.7852535248, "mean": 10.7454166412, "median": 9.85947799683, "min": 1.89903271198, "var": 17.0543842316}, "barkbands_flatness_db": {"dmean": 0.0211528539658, "dmean2": 0.02808387205, "dvar": 0.00048342361697, "dvar2": 0.000743084878195, "max": 0.574416220188, "mean": 0.182587906718, "median": 0.16961710155, "min": 0.0125635694712, "var": 0.00581312179565}, "barkbands_kurtosis": {"dmean": 4.07859659195, "dmean2": 6.1474442482, "dvar": 76.1408920288, "dvar2": 174.423049927, "max": 184.560760498, "mean": 7.88466119766, "median": 3.8501868248, "min": -1.6065030098, "var": 179.037063599}, "barkbands_skewness": {"dmean": 0.525424063206, "dmean2": 0.776859104633, "dvar": 0.35077598691, "dvar2": 0.740520656109, "max": 10.2567186356, "mean": 1.84286391735, "median": 1.7634909153, "min": -2.16190314293, "var": 2.45690631866}, "barkbands_spread": {"dmean": 3.2326028347, "dmean2": 4.80807828903, "dvar": 12.4746665955, "dvar2": 25.1952571869, "max": 71.7944564819, "mean": 13.904882431, "median": 12.4765014648, "min": 0.271432340145, "var": 74.2062911987}, "dissonance": {"dmean": 0.0208213180304, "dmean2": 0.0346831120551, "dvar": 0.000383708713343, "dvar2": 0.00104041793384, "max": 0.499999880791, "mean": 0.449300736189, "median": 0.455513030291, "min": 0.227745711803, "var": 0.00129054579884}, "dynamic_complexity": 3.94343304634, "erbbands_crest": {"dmean": 2.67241692543, "dmean2": 4.36279296875, "dvar": 5.96964502335, "dvar2": 15.1817951202, "max": 30.7537918091, "mean": 9.45543003082, "median": 8.44511604309, "min": 2.55705308914, "var": 21.2867240906}, "erbbands_flatness_db": {"dmean": 0.0174879096448, "dmean2": 0.0238443650305, "dvar": 0.00036866456503, "dvar2": 0.000594172801357, "max": 0.371571868658, "mean": 0.178476393223, "median": 0.182744473219, "min": 0.0450894571841, "var": 0.00248617236502}, "erbbands_kurtosis": {"dmean": 0.930414974689, "dmean2": 1.47919642925, "dvar": 2.9629983902, "dvar2": 7.87706518173, "max": 38.1786270142, "mean": 0.411496013403, "median": -0.38961315155, "min": -1.67480516434, "var": 8.38530921936}, "erbbands_skewness": {"dmean": 0.359271854162, "dmean2": 0.541332185268, "dvar": 0.102375477552, "dvar2": 0.237642556429, "max": 5.35833644867, "mean": 0.535724043846, "median": 0.487284392118, "min": -1.88251376152, "var": 0.660856544971}, "erbbands_spread": {"dmean": 6.03445911407, "dmean2": 9.15315437317, "dvar": 39.5525550842, "dvar2": 85.5593490601, "max": 107.247093201, "mean": 33.6063346863, "median": 32.8370399475, "min": 3.39758348465, "var": 161.632507324}, "hfc": {"dmean": 2.71295905113, "dmean2": 3.8429274559, "dvar": 9.85291576385, "dvar2": 20.7085723877, "max": 68.4712219238, "mean": 12.9216346741, "median": 11.3724775314, "min": 1.06427949434e-16, "var": 99.6368484497}, "melbands_crest": {"dmean": 2.93207097054, "dmean2": 4.57674264908, "dvar": 7.36491966248, "dvar2": 16.2878227234, "max": 31.1450920105, "mean": 14.735077858, "median": 14.2293186188, "min": 1.48398423195, "var": 37.1065406799}, "melbands_flatness_db": {"dmean": 0.0229705274105, "dmean2": 0.0294950082898, "dvar": 0.000606198678724, "dvar2": 0.000903552398086, "max": 0.718156635761, "mean": 0.24748711288, "median": 0.237604930997, "min": 0.00295434659347, "var": 0.0114829521626}, "melbands_kurtosis": {"dmean": 7.16096496582, "dmean2": 10.9195261002, "dvar": 206.065383911, "dvar2": 476.52456665, "max": 226.996520996, "mean": 15.3188209534, "median": 8.32966804504, "min": -1.58844709396, "var": 464.228149414}, "melbands_skewness": {"dmean": 0.638729393482, "dmean2": 0.956194519997, "dvar": 0.51323723793, "dvar2": 1.08990311623, "max": 10.8519153595, "mean": 2.62534475327, "median": 2.36623382568, "min": -1.00485157967, "var": 2.61906933784}, "melbands_spread": {"dmean": 4.17426681519, "dmean2": 6.27457523346, "dvar": 27.5794410706, "dvar2": 62.6311340332, "max": 156.765548706, "mean": 20.7050743103, "median": 12.6273422241, "min": 0.417797803879, "var": 861.766052246}, "pitch_salience": {"dmean": 0.0612781383097, "dmean2": 0.0950605794787, "dvar": 0.00297766574658, "dvar2": 0.00657797791064, "max": 0.982349097729, "mean": 0.532019019127, "median": 0.537790060043, "min": 0.100150123239, "var": 0.0176400616765}, "silence_rate_20dB": {"dmean": 0.000843170331791, "dmean2": 0.00168705184478, "dvar": 0.000842462817673, "dvar2": 0.00252774357796, "max": 1, "mean": 0.999578595161, "median": 1, "min": 0, "var": 0.000421230884967}, "silence_rate_30dB": {"dmean": 0.0320404730737, "dmean2": 0.0641079694033, "dvar": 0.0310141872615, "dvar2": 0.0701198652387, "max": 1, "mean": 0.946059823036, "median": 1, "min": 0, "var": 0.0510293580592}, "silence_rate_60dB": {"dmean": 0.00927487388253, "dmean2": 0.0185575708747, "dvar": 0.00918867345899, "dvar2": 0.0190559625626, "max": 1, "mean": 0.122629582882, "median": 0, "min": 0, "var": 0.107590861619}, "spectral_centroid": {"dmean": 171.435272217, "dmean2": 257.155670166, "dvar": 73545.5703125, "dvar2": 131056.46875, "max": 11691.7705078, "mean": 1476.73193359, "median": 841.213989258, "min": 132.56388855, "var": 5898969.5}, "spectral_complexity": {"dmean": 2.08684659004, "dmean2": 3.27203702927, "dvar": 4.14335012436, "dvar2": 9.36721801758, "max": 36, "mean": 14.1382217407, "median": 16, "min": 0, "var": 49.1476097107}, "spectral_decrease": {"dmean": 2.61140331581e-09, "dmean2": 3.46733974865e-09, "dvar": 2.24126985795e-17, "dvar2": 3.81690483e-17, "max": 1.25433740789e-21, "mean": -8.84640272147e-09, "median": -5.7448419355e-09, "min": -9.81810117651e-08, "var": 1.03882138972e-16}, "spectral_energy": {"dmean": 0.0100401137024, "dmean2": 0.013335024938, "dvar": 0.000324678956531, "dvar2": 0.000553498335648, "max": 0.373125016689, "mean": 0.034560367465, "median": 0.0229622554034, "min": 9.85852190955e-21, "var": 0.00151941389777}, "spectral_energyband_high": {"dmean": 5.73023789912e-05, "dmean2": 8.00028356025e-05, "dvar": 9.36701205489e-09, "dvar2": 1.72329190917e-08, "max": 0.00509366067126, "mean": 0.000162026350154, "median": 7.57412053645e-05, "min": 6.80413003271e-21, "var": 1.26167364556e-07}, "spectral_energyband_low": {"dmean": 0.00752097647637, "dmean2": 0.00987117737532, "dvar": 0.000320183869917, "dvar2": 0.00054038525559, "max": 0.367762625217, "mean": 0.0186805203557, "median": 0.00385755416937, "min": 1.27444526095e-23, "var": 0.00124496500939}, "spectral_energyband_middle_high": {"dmean": 0.000930953014176, "dmean2": 0.00143742444925, "dvar": 1.77233869181e-06, "dvar2": 4.58484464616e-06, "max": 0.0231674108654, "mean": 0.00303036323749, "median": 0.00231380807236, "min": 1.12559965005e-21, "var": 8.92357275006e-06}, "spectral_energyband_middle_low": {"dmean": 0.00446437485516, "dmean2": 0.00627578934655, "dvar": 3.31544288201e-05, "dvar2": 6.65832994855e-05, "max": 0.118612132967, "mean": 0.0157813150436, "median": 0.0113025261089, "min": 1.61848269518e-22, "var": 0.000232387203141}, "spectral_entropy": {"dmean": 0.148904949427, "dmean2": 0.202261731029, "dvar": 0.0312345419079, "dvar2": 0.0468970127404, "max": 9.83379173279, "mean": 7.22794008255, "median": 7.17191839218, "min": 4.61573934555, "var": 0.660135626793}, "spectral_flux": {"dmean": 0.0183344297111, "dmean2": 0.030637929216, "dvar": 0.000636118347757, "dvar2": 0.00170317629818, "max": 0.311951726675, "mean": 0.0654691979289, "median": 0.0630720332265, "min": 6.45593162263e-11, "var": 0.00153614685405}, "spectral_kurtosis": {"dmean": 2.94313359261, "dmean2": 5.0259604454, "dvar": 20.6736793518, "dvar2": 46.9491462708, "max": 140.944473267, "mean": 8.38654994965, "median": 6.6734418869, "min": -1.25496447086, "var": 81.1411056519}, "spectral_rms": {"dmean": 0.000715171161573, "dmean2": 0.000949649256654, "dvar": 8.33308433812e-07, "dvar2": 1.38663040161e-06, "max": 0.0190794225782, "mean": 0.00499470485374, "median": 0.00473309634253, "min": 3.1013013338e-12, "var": 8.77036200109e-06}, "spectral_rolloff": {"dmean": 254.594833374, "dmean2": 407.959259033, "dvar": 197705.671875, "dvar2": 311381.5, "max": 19552.1484375, "mean": 1925.14245605, "median": 667.529296875, "min": 86.1328125, "var": 18698328}, "spectral_skewness": {"dmean": 0.284734070301, "dmean2": 0.468839883804, "dvar": 0.112266615033, "dvar2": 0.253330349922, "max": 10.1513309479, "mean": 1.90904593468, "median": 1.82345354557, "min": -0.0791894122958, "var": 0.853069067001}, "spectral_spread": {"dmean": 532055.875, "dmean2": 755676.3125, "dvar": 1327216721920.0, "dvar2": 2285166133250.0, "max": 42420172, "mean": 5630534.5, "median": 3119875.75, "min": 806024.8125, "var": 78795050582000.0}, "spectral_strongpeak": {"dmean": 0.323468714952, "dmean2": 0.513308763504, "dvar": 0.199082285166, "dvar2": 0.495509564877, "max": 4.48394489288, "mean": 0.833515048027, "median": 0.665812373161, "min": 0, "var": 0.508259177208}, "zerocrossingrate": {"dmean": 0.00755950761959, "dmean2": 0.00934221409261, "dvar": 0.000159223054652, "dvar2": 0.000276999664493, "max": 0.546875, "mean": 0.0669416487217, "median": 0.03759765625, "min": 0.0029296875, "var": 0.0128442402929}, "barkbands": {"dmean": [3.93190293835e-06, 0.0045305499807, 0.00307684368454, 0.00174497556873, 0.00139933032915, 0.00173995504156, 0.00123078760225, 0.000660586985759, 0.000343977357261, 0.000346710672602, 0.000144092686241, 0.000274919351796, 0.000170088023879, 0.000170668266946, 0.000307574955514, 0.000209495861782, 0.000181754308869, 9.67523374129e-05, 8.55310936458e-05, 4.3460240704e-05, 1.96657892957e-05, 9.34145919018e-06, 4.95969561598e-06, 5.24388678969e-06, 8.89662987902e-06, 1.21941975522e-05, 4.68430744149e-06], "dmean2": [4.36707523477e-06, 0.00557582220063, 0.0045607839711, 0.00273851933889, 0.0019909304101, 0.00229138694704, 0.00182420900092, 0.000947868684307, 0.00050393602578, 0.0005385846016, 0.000227280979743, 0.000467793288408, 0.000298026599921, 0.000285996880848, 0.000521238835063, 0.000351364928065, 0.000307163107209, 0.000161852411111, 0.000143844605191, 7.26315483917e-05, 3.23518579535e-05, 1.50499545271e-05, 7.37975778975e-06, 8.02194699645e-06, 1.19332653412e-05, 1.6142235836e-05, 6.31539842288e-06], "dvar": [1.56300486442e-10, 0.000188425066881, 6.68647990096e-05, 1.64369685081e-05, 3.86496185456e-06, 8.05616127764e-06, 4.93370680488e-06, 1.73506452938e-06, 4.39077552983e-07, 5.92923868226e-07, 1.85575913747e-07, 3.68945848095e-07, 1.21068907788e-07, 1.14423293951e-07, 4.05984053486e-07, 1.39497842611e-07, 1.31294257244e-07, 3.19715738328e-08, 2.75279177231e-08, 7.6296799989e-09, 1.75861303298e-09, 8.1126244611e-10, 2.3836141394e-10, 3.6616015775e-10, 4.58363319522e-10, 8.99454621894e-10, 1.41197317727e-10], "dvar2": [1.68834946024e-10, 0.000269258860499, 0.000143407829455, 4.04880120186e-05, 8.07654214441e-06, 1.35230347951e-05, 8.6671398094e-06, 2.86986642095e-06, 9.07304183784e-07, 1.36418441343e-06, 4.19486525516e-07, 1.03570630472e-06, 3.70699041241e-07, 3.20138497045e-07, 1.15790874133e-06, 3.88896154391e-07, 3.60606350114e-07, 9.26584178274e-08, 7.43026760119e-08, 2.18913971395e-08, 4.85493645286e-09, 2.59340926512e-09, 4.99754515548e-10, 1.02988018114e-09, 8.55188531101e-10, 1.71978886687e-09, 2.61206140051e-10], "max": [0.000411665270803, 0.356338322163, 0.149579972029, 0.0674622729421, 0.0376232787967, 0.0573232993484, 0.0440104752779, 0.0403659902513, 0.0135567998514, 0.0155918104574, 0.0102658811957, 0.00959382858127, 0.00504199042916, 0.0057849092409, 0.00963554158807, 0.00691030081362, 0.00567624671385, 0.00361075531691, 0.00291766319424, 0.00199196231551, 0.00154151546303, 0.00113758863881, 0.00110480596777, 0.000912317307666, 0.000725027406588, 0.000272259989288, 9.66938314377e-05], "mean": [1.06873503682e-05, 0.0101001346484, 0.00554313277826, 0.00417592283338, 0.00341462017968, 0.00416740402579, 0.00215386715718, 0.00108523271047, 0.000641521124635, 0.00052355643129, 0.000198550609639, 0.000382056721719, 0.000259728345554, 0.00025432035909, 0.000443815224571, 0.000348266738001, 0.000296203739708, 0.000176196946995, 0.000160404335475, 9.14324409678e-05, 4.6712168114e-05, 2.43522936216e-05, 1.46942638821e-05, 1.18492289403e-05, 1.41517830343e-05, 1.57829708769e-05, 5.83640758123e-06], "median": [4.11948036572e-07, 0.00123484397773, 0.000909873924684, 0.000380098063033, 0.00179402041249, 0.00168286182452, 0.000853368197568, 0.000377812772058, 0.000246288371272, 0.000184663935215, 4.12497865909e-05, 0.000110666864202, 0.000122488767374, 0.000118608630146, 0.000210373254959, 0.000190978083992, 0.000158963215654, 9.39965830185e-05, 8.11890786281e-05, 4.56291272712e-05, 2.23879651458e-05, 1.08959875433e-05, 5.26165149495e-06, 2.77072126664e-06, 1.47074865708e-06, 6.48803450076e-07, 1.27336335254e-07], "min": [4.5942455468e-25, 2.12074446974e-24, 5.13325793308e-25, 9.80396135793e-25, 5.69200732339e-24, 8.17278672699e-24, 7.72366139237e-24, 5.48589256278e-24, 8.06661236003e-24, 1.51171466306e-23, 1.02571789085e-23, 1.93006069619e-23, 3.95784705904e-23, 2.68184782099e-23, 2.99082097174e-23, 4.25901553553e-23, 6.85833209753e-23, 7.15148858713e-23, 1.0597082822e-22, 1.4848814647e-22, 2.54728487441e-22, 2.94347530726e-22, 3.8103445848e-22, 5.54859264748e-22, 8.52320461021e-22, 1.315318754e-21, 1.86851133867e-21], "var": [1.35494937492e-09, 0.000665402854793, 0.000173060310772, 7.0286267146e-05, 2.08634173759e-05, 4.59491639049e-05, 1.69556387846e-05, 5.23126391272e-06, 1.24650512134e-06, 1.15447380722e-06, 3.12506585942e-07, 5.79699417358e-07, 1.84905800893e-07, 1.69174242615e-07, 5.50557501811e-07, 2.48381127221e-07, 2.07318095136e-07, 6.44153672624e-08, 6.23266771527e-08, 2.32536674361e-08, 9.07204356082e-09, 4.27157331728e-09, 3.39070282962e-09, 2.68374122925e-09, 2.19708695681e-09, 1.51012646832e-09, 2.16395859565e-10]}, "erbbands": {"dmean": [0.0707435458899, 1.23446679115, 3.46498298645, 4.96204853058, 3.71045660973, 4.23588418961, 12.6310977936, 14.5062971115, 17.5565910339, 14.3213615417, 14.1690454483, 6.71862697601, 10.7523202896, 9.25504112244, 6.84213352203, 10.2205991745, 7.36862659454, 8.40976715088, 12.2242612839, 13.4521198273, 13.7475032806, 7.65204143524, 5.23229885101, 4.75045156479, 3.43395781517, 2.16428780556, 1.07899808884, 0.429392904043, 0.343570709229, 0.223053902388, 0.127480462193, 0.118410490453, 0.0851087197661, 0.0710864514112, 0.0760872662067, 0.0491388887167, 0.0242406465113, 0.00589286210015, 0.000857280043419, 4.66371857328e-05], "dmean2": [0.0772732719779, 1.54976928234, 5.11050748825, 7.63681030273, 5.5702457428, 6.15118503571, 17.4225444794, 18.9730434418, 25.8811092377, 20.8044643402, 20.6508865356, 9.761302948, 16.5142440796, 14.5024347305, 11.1256256104, 17.4796142578, 12.8584880829, 13.8808498383, 20.7020511627, 22.7440280914, 22.7986755371, 12.7912302017, 8.75692272186, 7.80998420715, 5.76525306702, 3.57379579544, 1.76445710659, 0.687860071659, 0.546941399574, 0.341492891312, 0.185435056686, 0.175483211875, 0.123874038458, 0.0968573018909, 0.102042347193, 0.0659203231335, 0.0326689183712, 0.00782918650657, 0.00117204990238, 6.19780475972e-05], "dvar": [0.0555081740022, 13.1815271378, 91.5717086792, 109.184539795, 54.120426178, 45.4342384338, 391.709960938, 818.379760742, 901.443908691, 1188.53320312, 787.585144043, 117.280075073, 761.862915039, 295.267608643, 225.280334473, 636.895446777, 276.824279785, 314.715515137, 746.364868164, 922.791748047, 663.758911133, 218.341842651, 72.0869903564, 137.369476318, 46.7971038818, 17.8843173981, 5.56155920029, 1.20936477184, 1.18016564846, 0.287719517946, 0.119456455112, 0.24960885942, 0.0554516874254, 0.0347070991993, 0.033975597471, 0.0141254207119, 0.00374507298693, 0.000220663074288, 4.74210764878e-06, 8.80116424185e-09], "dvar2": [0.0618092752993, 19.7655735016, 187.017776489, 254.910461426, 117.743789673, 99.3602676392, 738.766784668, 1316.96374512, 1586.85021973, 2163.0859375, 1419.74462891, 225.131271362, 1787.76953125, 648.743286133, 530.541137695, 1811.45129395, 860.913818359, 858.830932617, 2146.73754883, 2599.44067383, 1844.85681152, 600.796020508, 206.038726807, 350.200164795, 129.31918335, 50.4277000427, 15.0805454254, 3.73055887222, 3.81622123718, 0.634067714214, 0.209984347224, 0.687182486057, 0.129644304514, 0.0649196058512, 0.0635812431574, 0.0258723534644, 0.00741391628981, 0.00043069550884, 8.83243865246e-06, 1.68533667022e-08], "max": [6.82393026352, 90.4273986816, 180.254089355, 212.062469482, 195.552276611, 130.531585693, 485.853912354, 579.393859863, 674.20703125, 1033.04431152, 676.547790527, 187.004684448, 621.531433105, 402.669311523, 321.78704834, 487.306610107, 251.119567871, 303.775115967, 561.788330078, 549.352233887, 474.406951904, 382.387512207, 127.60975647, 311.832885742, 206.383636475, 80.3177719116, 80.0516815186, 48.708442688, 44.4337043762, 32.493850708, 27.0988521576, 23.6927509308, 12.8697147369, 10.5727119446, 4.00825023651, 1.71527922153, 0.551636755466, 0.118862189353, 0.0174133237451, 0.000979816075414], "mean": [0.172846883535, 2.70105242729, 6.35384893417, 12.5245332718, 8.34168052673, 10.6070899963, 29.3002986908, 33.4564971924, 33.2734680176, 26.0595092773, 24.0951385498, 13.2226657867, 18.2168579102, 14.6467418671, 10.7957935333, 15.1070585251, 12.1100902557, 13.2472419739, 18.6362743378, 21.5026378632, 22.8703651428, 14.1535224915, 10.4317541122, 9.24067592621, 7.31230592728, 4.78633213043, 2.55691409111, 1.19038033485, 0.886757254601, 0.641944169998, 0.388631075621, 0.267122983932, 0.18046656251, 0.129634588957, 0.111572250724, 0.0658581852913, 0.0302925352007, 0.00738265458494, 0.00108022103086, 8.48415584187e-05], "median": [0.0207374207675, 0.352441042662, 1.13816177845, 2.40857458115, 2.49766874313, 5.36722135544, 12.1592216492, 12.0331354141, 16.0334720612, 9.89619255066, 9.17474555969, 6.82258176804, 6.98952865601, 7.28886175156, 4.66812705994, 5.56213665009, 6.04096841812, 6.85434389114, 9.15867042542, 11.6886920929, 12.1663093567, 9.12544345856, 6.70457077026, 4.87494516373, 3.6270365715, 2.3694422245, 1.22382628918, 0.60322278738, 0.413018792868, 0.260375201702, 0.136567920446, 0.0712110251188, 0.0406622625887, 0.0177916698158, 0.00894254073501, 0.00354636064731, 0.00107982987538, 0.000214612256968, 5.10358695465e-05, 3.95665629185e-05], "min": [1.41494976587e-22, 3.75838881719e-22, 1.97568959108e-21, 2.7869271859e-21, 1.25596543504e-20, 1.64863154534e-20, 4.0533850112e-20, 5.34707771777e-20, 8.12717747283e-20, 2.05772564031e-19, 1.93778729492e-19, 2.75166335355e-19, 5.2416962002e-19, 7.70740476696e-19, 7.34194603258e-19, 7.8755747214e-19, 1.46971652121e-18, 2.36209881836e-18, 1.50878281397e-18, 2.58163875679e-18, 3.43216447418e-18, 4.74766557788e-18, 4.83877290491e-18, 6.16541964699e-18, 6.82206001906e-18, 7.85752098754e-18, 7.53975707369e-18, 1.13089056236e-17, 1.1651915917e-17, 1.02166094889e-17, 1.11370208011e-17, 8.67796504118e-18, 1.03619095537e-17, 8.69954122028e-18, 5.60504324588e-18, 3.7501643413e-18, 2.25485154322e-18, 9.16998675199e-19, 2.33594073076e-19, 2.64610134259e-20], "var": [0.214886307716, 45.2197303772, 216.476837158, 542.686340332, 225.191131592, 253.856170654, 2311.23706055, 4301.34619141, 3193.24536133, 3641.94702148, 2174.30297852, 365.097015381, 1567.61914062, 569.013244629, 398.415618896, 969.769470215, 407.206756592, 466.423400879, 1084.08129883, 1200.69189453, 1155.70214844, 349.973693848, 155.510482788, 287.988830566, 174.842559814, 58.5783157349, 23.2250919342, 8.32850074768, 5.64838457108, 4.16443443298, 2.30796146393, 1.54946780205, 0.530226707458, 0.308273077011, 0.10424643755, 0.0272113662213, 0.00566174415872, 0.000337435456458, 7.16222166375e-06, 1.54197863367e-08]}, "gfcc": {"mean": [-112.988265991, 119.387336731, -109.268241882, 20.3385848999, -38.527721405, -9.3632478714, -33.9588432312, 1.868958354, -15.083770752, 1.51566922665, -10.722278595, -1.11010444164, -7.12756967545], "cov": [[86473.3046875, 7315.10791016, -8550.71582031, 2043.81384277, -2507.23681641, -813.204284668, -2538.15820312, 383.403869629, -1151.54821777, 147.441757202, -1031.92944336, -115.747642517, -600.770690918], [7315.10791016, 2592.77856445, -767.052246094, 516.38482666, 2.10868024826, -33.9174690247, -8.27412891388, -93.1667633057, 78.2928161621, -201.725997925, 49.5281295776, -196.203186035, 41.9332427979], [-8550.71582031, -767.052246094, 2039.31054688, -86.8317871094, 588.808349609, 241.164550781, 358.432525635, 88.6640701294, 135.91418457, 40.8578987122, 51.7124023438, 3.46921682358, 1.78695416451], [2043.81384277, 516.38482666, -86.8317871094, 492.2081604, 84.2640609741, 82.7031402588, 61.1115493774, -7.86798620224, 81.2876739502, -68.0891342163, 30.4738922119, -81.143951416, 23.4552974701], [-2507.23681641, 2.10868024826, 588.808349609, 84.2640609741, 388.134277344, 129.592147827, 188.361068726, 33.844909668, 84.8351516724, -19.5600414276, 49.2056694031, -26.6040668488, 18.0974731445], [-813.204284668, -33.9174690247, 241.164550781, 82.7031402588, 129.592147827, 147.946121216, 102.638473511, 38.1316680908, 38.6783447266, 6.89539766312, 22.03058815, -4.70414400101, -4.03285741806], [-2538.15820312, -8.27412891388, 358.432525635, 61.1115493774, 188.361068726, 102.638473511, 215.326766968, 29.5557899475, 97.037322998, -19.329240799, 53.9269294739, -29.3707618713, 25.5809078217], [383.403869629, -93.1667633057, 88.6640701294, -7.86798620224, 33.844909668, 38.1316680908, 29.5557899475, 107.178642273, 25.281463623, 46.5316734314, -20.7580852509, 14.0593147278, -23.5202579498], [-1151.54821777, 78.2928161621, 135.91418457, 81.2876739502, 84.8351516724, 38.6783447266, 97.037322998, 25.281463623, 120.091651917, 8.08132266998, 39.3399009705, -30.245677948, 15.2319726944], [147.441757202, -201.725997925, 40.8578987122, -68.0891342163, -19.5600414276, 6.89539766312, -19.329240799, 46.5316734314, 8.08132266998, 102.339767456, 4.42001819611, 39.1401786804, -27.3750400543], [-1031.92944336, 49.5281295776, 51.7124023438, 30.4738922119, 49.2056694031, 22.03058815, 53.9269294739, -20.7580852509, 39.3399009705, 4.42001819611, 84.0284881592, 9.09715557098, 27.9873332977], [-115.747642517, -196.203186035, 3.46921682358, -81.143951416, -26.6040668488, -4.70414400101, -29.3707618713, 14.0593147278, -30.245677948, 39.1401786804, 9.09715557098, 76.5442047119, 8.57250595093], [-600.770690918, 41.9332427979, 1.78695416451, 23.4552974701, 18.0974731445, -4.03285741806, 25.5809078217, -23.5202579498, 15.2319726944, -27.3750400543, 27.9873332977, 8.57250595093, 63.7618370056]], "icov": [[9.39426463447e-05, -0.000233267230215, 0.000193030995433, -0.000445975456387, -4.06282051699e-05, 3.10739815177e-05, 0.00044390023686, -0.000585657719057, 0.00070380064426, -0.000602282059845, 0.000589733361267, -0.000172998028575, 0.000154258072143], [-0.000233267230215, 0.00127049500588, -0.000201523696887, 0.000773433013819, -0.000214778265217, 4.87134566356e-05, -0.000721029355191, 0.00115670659579, -0.00187987205572, 0.00228188326582, -0.0022020759061, 0.00156309525482, -0.000347098946804], [0.000193030995433, -0.000201523696887, 0.00159112247638, -0.000626035267487, -0.00156482041348, -0.000282341905404, 0.000181168172276, -0.000798572611529, 0.00118502473924, -0.00151546916459, 0.00180334900506, -0.000334374664817, 0.000515688792802], [-0.000445975456387, 0.000773433013819, -0.000626035267487, 0.00585301173851, -0.000123972728034, -0.00304029230028, -0.000312371994369, 0.00236778450198, -0.00537544768304, 0.00429347297177, -0.00346613349393, 0.0030467021279, -0.00176532159094], [-4.06282051699e-05, -0.000214778265217, -0.00156482041348, -0.000123972728034, 0.00671869283542, -0.00163191102911, -0.00220238347538, -0.000617336074356, -0.000191216982785, 0.00134676322341, -0.00154005957302, 0.000276852108072, -0.000243754257099], [3.10739815177e-05, 4.87134566356e-05, -0.000282341905404, -0.00304029230028, -0.00163191102911, 0.0143100870773, -0.00575392600149, -0.00214306777343, 0.00339373433962, -0.00158264953643, -0.000308586808387, -0.00272117322311, 0.00328434235416], [0.00044390023686, -0.000721029355191, 0.000181168172276, -0.000312371994369, -0.00220238347538, -0.00575392600149, 0.0184696279466, -0.00655430695042, -0.00342921726406, 0.0025988065172, -0.00304381758906, 0.00355813303031, -0.00200736452825], [-0.000585657719057, 0.00115670659579, -0.000798572611529, 0.00236778450198, -0.000617336074356, -0.00214306777343, -0.00655430695042, 0.0218082312495, -0.00861983466893, -0.00320554547943, 0.00629594130442, -0.005000367295, 0.00217800517567], [0.00070380064426, -0.00187987205572, 0.00118502473924, -0.00537544768304, -0.000191216982785, 0.00339373433962, -0.00342921726406, -0.00861983466893, 0.025505091995, -0.0114422077313, -0.000736144022085, 0.00729874102399, -0.00338672427461], [-0.000602282059845, 0.00228188326582, -0.00151546916459, 0.00429347297177, 0.00134676322341, -0.00158264953643, 0.0025988065172, -0.00320554547943, -0.0114422077313, 0.0269624050707, -0.0103193195537, -0.00649521965533, 0.00829222332686], [0.000589733361267, -0.0022020759061, 0.00180334900506, -0.00346613349393, -0.00154005957302, -0.000308586808387, -0.00304381758906, 0.00629594130442, -0.000736144022085, -0.0103193195537, 0.0280154850334, -0.00938413944095, -0.00309947296046], [-0.000172998028575, 0.00156309525482, -0.000334374664817, 0.0030467021279, 0.000276852108072, -0.00272117322311, 0.00355813303031, -0.005000367295, 0.00729874102399, -0.00649521965533, -0.00938413944095, 0.0309160780162, -0.0118617750704], [0.000154258072143, -0.000347098946804, 0.000515688792802, -0.00176532159094, -0.000243754257099, 0.00328434235416, -0.00200736452825, 0.00217800517567, -0.00338672427461, 0.00829222332686, -0.00309947296046, -0.0118617750704, 0.0272100847214]]}, "melbands": {"dmean": [0.00099278264679, 0.00175775238313, 0.000796625623479, 0.00026008367422, 0.00038088101428, 0.000316506368108, 0.000269067386398, 0.000149758212501, 0.000102102385426, 4.48399405286e-05, 5.55187434657e-05, 4.00185454055e-05, 2.30600853683e-05, 3.40548867825e-05, 1.89290349226e-05, 1.57501544891e-05, 1.6199237507e-05, 1.97330500669e-05, 1.96320379473e-05, 1.47523360283e-05, 1.82292260433e-05, 9.1274641818e-06, 7.18900764696e-06, 5.64304764339e-06, 4.03948615713e-06, 3.18321826853e-06, 1.98478574021e-06, 1.35197387863e-06, 8.63890591063e-07, 4.13206180383e-07, 2.60773049376e-07, 2.23863153792e-07, 1.84459409525e-07, 1.36403386364e-07, 8.48071124437e-08, 6.04301959584e-08, 8.30015238762e-08, 6.07664816243e-08, 5.88734465623e-08, 6.2625808539e-08], "dmean2": [0.00114839326125, 0.00244331732392, 0.00121898995712, 0.000379468750907, 0.000527242023963, 0.000415172165958, 0.000393414724385, 0.00021516958077, 0.000149320665514, 6.56039264868e-05, 8.52175653563e-05, 6.25881948508e-05, 3.66839158232e-05, 5.80283194722e-05, 3.27989873767e-05, 2.68456988124e-05, 2.68873191089e-05, 3.36039520334e-05, 3.31657975039e-05, 2.45891624218e-05, 3.03136221191e-05, 1.52196116687e-05, 1.24068574223e-05, 9.5683562904e-06, 6.699768619e-06, 5.38909625902e-06, 3.33535990649e-06, 2.25545636567e-06, 1.44801310853e-06, 6.67874871851e-07, 4.23615858836e-07, 3.64853804058e-07, 3.00871533909e-07, 2.11784637827e-07, 1.30748588845e-07, 9.04497170495e-08, 1.30281762267e-07, 9.18156715102e-08, 8.18132548375e-08, 8.87880986511e-08], "dvar": [9.9373564808e-06, 2.0835084797e-05, 2.54717929238e-06, 1.9214323288e-07, 3.4126910009e-07, 3.57227719405e-07, 2.08273050362e-07, 1.10706004364e-07, 3.90404082395e-08, 6.39964170546e-09, 1.90619591223e-08, 5.76618308656e-09, 4.0219312325e-09, 5.73075098487e-09, 1.58350021984e-09, 7.7558864886e-10, 1.33488309295e-09, 1.74356518112e-09, 1.74200309733e-09, 7.06127545325e-10, 1.14406384366e-09, 4.01126298843e-10, 1.73499145606e-10, 1.00344621501e-10, 1.16359366586e-10, 3.75050199231e-11, 1.76840330574e-11, 6.52279662575e-12, 3.78672657467e-12, 1.14325302697e-12, 5.21869060553e-13, 5.08445336615e-13, 3.95246498291e-13, 1.97666996703e-13, 5.6404215337e-14, 4.54073119437e-14, 1.57709864048e-13, 3.1834716883e-14, 3.2110236372e-14, 2.80654965007e-14], "dvar2": [1.25570413729e-05, 3.95714014303e-05, 6.02332738708e-06, 4.12246890846e-07, 6.53163340303e-07, 5.8637147049e-07, 3.63760563005e-07, 1.96462394797e-07, 7.17998673849e-08, 1.28734152227e-08, 4.45754153588e-08, 1.26381722865e-08, 9.04625352405e-09, 1.61292472711e-08, 4.6612256277e-09, 2.25436469492e-09, 3.71255892695e-09, 5.01480590387e-09, 4.95859131533e-09, 1.9776942306e-09, 3.18478354799e-09, 1.08965525492e-09, 5.07521358273e-10, 2.85389933907e-10, 2.9578173244e-10, 1.08805867094e-10, 4.77976859481e-11, 1.8212568606e-11, 1.04380844246e-11, 2.91701970738e-12, 1.63752171545e-12, 1.65858407737e-12, 1.24998796036e-12, 4.92726952989e-13, 1.23471274437e-13, 8.93649981489e-14, 4.41981710562e-13, 8.24319724892e-14, 5.42601852121e-14, 5.67915194581e-14], "max": [0.0885749459267, 0.0782503932714, 0.0293852146715, 0.00989026855677, 0.0135166747496, 0.0117524573579, 0.0101899541914, 0.00934176426381, 0.00443489570171, 0.00153173098806, 0.00306562846527, 0.0018082940951, 0.00152012240142, 0.00108822248876, 0.000521412119269, 0.000319853483234, 0.000695532595273, 0.000848107214551, 0.000673801754601, 0.00045133131789, 0.000578555045649, 0.00051901122788, 0.000171825260622, 0.000181110546691, 0.000280953157926, 0.000115362512588, 0.000132049011881, 4.6563684009e-05, 4.64620243292e-05, 4.22310440626e-05, 2.86740996671e-05, 2.63762394752e-05, 2.48923533945e-05, 2.16167863982e-05, 1.69435315911e-05, 1.23353147501e-05, 1.67976886587e-05, 8.08285676612e-06, 1.08480844574e-05, 8.06700154499e-06], "mean": [0.00233476958238, 0.00355910882354, 0.00196564220823, 0.000619832193479, 0.000902539817616, 0.00073891307693, 0.000511855178047, 0.000269946700428, 0.000172413914697, 8.47756164148e-05, 9.23416373553e-05, 6.16177567281e-05, 3.40882179444e-05, 4.68355210614e-05, 2.89382405754e-05, 2.44217299041e-05, 2.38132561208e-05, 2.82210221485e-05, 2.93558241538e-05, 2.38507018366e-05, 2.77478302451e-05, 1.46869770106e-05, 1.1545344023e-05, 9.41783491726e-06, 7.10042695573e-06, 5.84705230722e-06, 4.23748679168e-06, 2.7398682505e-06, 1.7969888404e-06, 9.35749994824e-07, 6.07360846061e-07, 5.26002907009e-07, 4.17709998146e-07, 3.34018722015e-07, 2.37541101455e-07, 1.65809339592e-07, 1.6318799112e-07, 1.22285484849e-07, 1.19116137398e-07, 1.05140806284e-07], "median": [0.000279647880234, 0.000589691917412, 0.000448151346063, 0.000250713143032, 0.000419096788391, 0.000271911558229, 0.000246875191806, 0.000104770944745, 6.34611715213e-05, 3.51380331267e-05, 3.56823729817e-05, 2.82988003164e-05, 1.05498193079e-05, 1.34980600706e-05, 1.17203890113e-05, 1.25733140521e-05, 1.08441781776e-05, 1.30948246806e-05, 1.54463868967e-05, 1.39343710543e-05, 1.33325338538e-05, 8.21597313916e-06, 6.5188564804e-06, 4.91563423566e-06, 3.25503810927e-06, 2.90563184535e-06, 1.94778726836e-06, 1.33607147745e-06, 7.96196559349e-07, 3.99739690238e-07, 3.02795797325e-07, 2.36009867649e-07, 1.69890782331e-07, 1.18441484176e-07, 8.22326242655e-08, 5.2585761523e-08, 3.68844190746e-08, 2.93089019721e-08, 1.88238225007e-08, 1.3265924359e-08], "min": [1.5355434886e-24, 1.03340117913e-24, 7.85846963525e-25, 1.2550918997e-24, 1.38396623224e-24, 1.40272899305e-24, 1.37578988618e-24, 1.66656766432e-24, 1.70619471139e-24, 1.25477241104e-24, 1.83797353118e-24, 2.84911315417e-24, 2.09954067747e-24, 2.85785077477e-24, 2.04504419399e-24, 3.0696557863e-24, 3.47695098256e-24, 1.86424654363e-24, 2.57561231732e-24, 3.37911763638e-24, 3.34682245978e-24, 2.42291014531e-24, 4.598726967e-24, 3.42204665798e-24, 3.40186049628e-24, 4.48602872036e-24, 3.32141758876e-24, 4.83043316423e-24, 3.98818925269e-24, 4.84236665757e-24, 5.9660165811e-24, 5.89196384134e-24, 4.38111100882e-24, 5.1097652609e-24, 5.78634246588e-24, 5.5932450935e-24, 4.95804561515e-24, 6.3843128371e-24, 6.07418006083e-24, 6.89090668866e-24], "var": [3.76291354769e-05, 5.65667542105e-05, 1.19858523249e-05, 1.06756999685e-06, 1.97575764105e-06, 1.90802666111e-06, 7.43611508369e-07, 3.39797765037e-07, 1.05349649004e-07, 1.91683326989e-08, 3.928881398e-08, 1.11027400607e-08, 6.92576440642e-09, 8.91564777561e-09, 2.48922860102e-09, 1.1926067911e-09, 1.90366677977e-09, 2.50481213548e-09, 2.21196883032e-09, 1.06884867623e-09, 1.86472370878e-09, 5.70399227851e-10, 2.51396958806e-10, 1.92559232448e-10, 2.31893698688e-10, 8.55929424559e-11, 7.48209758039e-11, 1.86965512516e-11, 1.24827552808e-11, 5.00276773133e-12, 2.33803319587e-12, 1.97100473963e-12, 1.51164638532e-12, 1.43479661745e-12, 8.15121136821e-13, 5.67263412892e-13, 6.48314247339e-13, 2.14994390563e-13, 3.10359539717e-13, 1.97775796391e-13]}, "mfcc": {"mean": [-712.895446777, 148.6459198, -13.9483861923, 31.9629020691, 7.06727313995, -1.81490659714, -7.83179235458, -2.7807264328, -2.65272569656, 1.64502429962, -1.75838971138, -0.293915569782, 2.35389208794], "cov": [[21276.7421875, 4986.57714844, -1394.83862305, 1239.96398926, 164.010269165, -225.963394165, -430.418243408, -138.214019775, -162.226882935, 44.1951789856, -261.473754883, -207.098831177, 41.3177947998], [4986.57714844, 3023.5144043, -66.0640182495, 649.068847656, 263.145935059, 93.2312240601, 11.9964103699, 75.479133606, 52.4495277405, 60.7230453491, 2.56866621971, 23.3187828064, 4.09006071091], [-1394.83862305, -66.0640182495, 677.534973145, 84.8187713623, 191.24609375, 124.284622192, 155.647720337, 85.9050216675, 104.326370239, 47.4746246338, 97.1408081055, 36.0565872192, 4.9188990593], [1239.96398926, 649.068847656, 84.8187713623, 363.10244751, 149.525619507, 108.944000244, 41.7539863586, 74.7982559204, 44.0756874084, 50.88306427, 13.2846832275, 7.40583896637, 4.20007610321], [164.010269165, 263.145935059, 191.24609375, 149.525619507, 219.501205444, 103.357788086, 91.2665328979, 65.1427001953, 53.2378883362, 31.8661327362, 41.0596199036, 18.3641738892, 5.30992460251], [-225.963394165, 93.2312240601, 124.284622192, 108.944000244, 103.357788086, 149.975341797, 82.7946548462, 62.7500610352, 36.2932662964, 31.980758667, 30.4242095947, 31.9938964844, 9.47901821136], [-430.418243408, 11.9964103699, 155.647720337, 41.7539863586, 91.2665328979, 82.7946548462, 126.363342285, 66.1053314209, 42.003692627, 19.2636928558, 31.2891769409, 21.1100940704, 9.04279518127], [-138.214019775, 75.479133606, 85.9050216675, 74.7982559204, 65.1427001953, 62.7500610352, 66.1053314209, 97.7285842896, 55.6640739441, 28.7647914886, 18.4767951965, 12.9183521271, 4.30506181717], [-162.226882935, 52.4495277405, 104.326370239, 44.0756874084, 53.2378883362, 36.2932662964, 42.003692627, 55.6640739441, 87.9800186157, 48.8026161194, 30.9939231873, 9.51536178589, 4.85616350174], [44.1951789856, 60.7230453491, 47.4746246338, 50.88306427, 31.8661327362, 31.980758667, 19.2636928558, 28.7647914886, 48.8026161194, 75.137802124, 47.5637931824, 14.8982496262, 9.03293800354], [-261.473754883, 2.56866621971, 97.1408081055, 13.2846832275, 41.0596199036, 30.4242095947, 31.2891769409, 18.4767951965, 30.9939231873, 47.5637931824, 87.2070541382, 43.1737518311, 12.6218452454], [-207.098831177, 23.3187828064, 36.0565872192, 7.40583896637, 18.3641738892, 31.9938964844, 21.1100940704, 12.9183521271, 9.51536178589, 14.8982496262, 43.1737518311, 69.418006897, 26.2784233093], [41.3177947998, 4.09006071091, 4.9188990593, 4.20007610321, 5.30992460251, 9.47901821136, 9.04279518127, 4.30506181717, 4.85616350174, 9.03293800354, 12.6218452454, 26.2784233093, 51.8800544739]], "icov": [[0.000116617578897, -0.000134819099912, 0.000193924846826, -0.000246687879553, -0.000133251960506, 0.000220432440983, 8.83463580976e-05, 0.000119537791761, 0.000109077212983, -0.000137000111863, 2.91005999316e-05, 0.000306099595036, -0.000281100190477], [-0.000134819099912, 0.000762898649555, 2.30895620916e-05, -0.000933070143219, -0.000214586543734, 0.000340806698659, -0.000247414049227, 0.000246602750849, -0.000476654531667, 0.000409376312746, 7.60307693781e-06, -0.000862743589096, 0.000511420716066], [0.000193924846826, 2.30895620916e-05, 0.003126939293, -0.000922275416087, -0.00127664371394, 8.95354751265e-05, -0.0017546574818, 0.00137254130095, -0.00251361518167, 0.00203619012609, -0.00266428780742, 0.00125105748884, -0.000176560963155], [-0.000246687879553, -0.000933070143219, -0.000922275416087, 0.00810874253511, -0.00221260613762, -0.00369390822016, 0.00291692395695, -0.00381142320111, 0.00226762029342, -0.00374440266751, 0.00220289011486, 0.000377797114197, 0.000122617260786], [-0.000133251960506, -0.000214586543734, -0.00127664371394, -0.00221260613762, 0.0107651920989, -0.00299522839487, -0.00348197156563, 0.000681973411702, -0.00231241993606, 0.00314809405245, -0.00330700865015, 0.00173055194318, 1.52997599798e-05], [0.000220432440983, 0.000340806698659, 8.95354751265e-05, -0.00369390822016, -0.00299522839487, 0.0161870568991, -0.00587443681434, -0.00193205522373, 0.00288946228102, -0.0043604937382, 0.00335825281218, -0.0056097083725, 0.00113457615953], [8.83463580976e-05, -0.000247414049227, -0.0017546574818, 0.00291692395695, -0.00348197156563, -0.00587443681434, 0.0201019644737, -0.0087083010003, 0.000865774753038, 0.00187408190686, -0.00159341911785, 0.00138306431472, -0.00219235708937], [0.000119537791761, 0.000246602750849, 0.00137254130095, -0.00381142320111, 0.000681973411702, -0.00193205522373, -0.0087083010003, 0.0249290987849, -0.0123651744798, 0.00192963180598, 0.00143882120028, -0.00127287348732, 0.000912366784178], [0.000109077212983, -0.000476654531667, -0.00251361518167, 0.00226762029342, -0.00231241993606, 0.00288946228102, 0.000865774753038, -0.0123651744798, 0.0292859654874, -0.0168961696327, 0.00398168992251, 8.68998322403e-05, -0.000222805596422], [-0.000137000111863, 0.000409376312746, 0.00203619012609, -0.00374440266751, 0.00314809405245, -0.0043604937382, 0.00187408190686, 0.00192963180598, -0.0168961696327, 0.0362392701209, -0.0200702063739, 0.00734883267432, -0.00339300232008], [2.91005999316e-05, 7.60307693781e-06, -0.00266428780742, 0.00220289011486, -0.00330700865015, 0.00335825281218, -0.00159341911785, 0.00143882120028, 0.00398168992251, -0.0200702063739, 0.0321991294622, -0.0169234815985, 0.0037939157337], [0.000306099595036, -0.000862743589096, 0.00125105748884, 0.000377797114197, 0.00173055194318, -0.0056097083725, 0.00138306431472, -0.00127287348732, 8.68998322403e-05, 0.00734883267432, -0.0169234815985, 0.0304121542722, -0.0121873868629], [-0.000281100190477, 0.000511420716066, -0.000176560963155, 0.000122617260786, 1.52997599798e-05, 0.00113457615953, -0.00219235708937, 0.000912366784178, -0.000222805596422, -0.00339300232008, 0.0037939157337, -0.0121873868629, 0.0254249423742]]}, "spectral_contrast_coeffs": {"dmean": [0.0440348982811, 0.0438871644437, 0.036798056215, 0.026957238093, 0.0197921264917, 0.0150635289028], "dmean2": [0.0703491717577, 0.0697292536497, 0.0591163150966, 0.0441974662244, 0.0324022620916, 0.0236959606409], "dvar": [0.00137601327151, 0.00133885385003, 0.000906555971596, 0.000511204765644, 0.000278694496956, 0.000249035831075], "dvar2": [0.00343706156127, 0.00331985997036, 0.00229741702788, 0.00133625371382, 0.000714097055607, 0.000513163744472], "max": [-0.302472054958, -0.415110766888, -0.491267025471, -0.522733271122, -0.549046278, -0.673720836639], "mean": [-0.632323503494, -0.698992371559, -0.74438893795, -0.768385112286, -0.781392633915, -0.778866231441], "median": [-0.619429886341, -0.695983529091, -0.742137789726, -0.766268134117, -0.775121927261, -0.763068437576], "min": [-0.989229500294, -0.994449257851, -0.981897175312, -0.988886773586, -0.982330739498, -0.966792285442], "var": [0.0149188293144, 0.00983169861138, 0.00779260741547, 0.00696246000007, 0.00551650300622, 0.00384409562685]}, "spectral_contrast_valleys": {"dmean": [0.376643657684, 0.323542445898, 0.275263696909, 0.232473641634, 0.196675240993, 0.257739543915], "dmean2": [0.591147780418, 0.534268736839, 0.43724963069, 0.343627184629, 0.27122348547, 0.318823486567], "dvar": [0.186870217323, 0.162810742855, 0.13839097321, 0.124277681112, 0.129840627313, 0.186178416014], "dvar2": [0.309011816978, 0.286102712154, 0.23017886281