{"lowlevel": {"average_loudness": 0.862867593765, "barkbands_crest": {"dmean": 2.64520335197, "dmean2": 4.34002351761, "dvar": 5.60744667053, "dvar2": 14.7454977036, "max": 25.6218700409, "mean": 11.220913887, "median": 10.441652298, "min": 3.45286512375, "var": 16.226442337}, "barkbands_flatness_db": {"dmean": 0.0305008403957, "dmean2": 0.0441115349531, "dvar": 0.000937583390623, "dvar2": 0.001821749378, "max": 0.506091356277, "mean": 0.194622293115, "median": 0.186577752233, "min": 0.0484453476965, "var": 0.00380140868947}, "barkbands_kurtosis": {"dmean": 4.15691518784, "dmean2": 6.54334974289, "dvar": 73.9905014038, "dvar2": 182.460998535, "max": 238.413513184, "mean": 6.43188810349, "median": 2.79437112808, "min": -1.85277402401, "var": 163.374252319}, "barkbands_skewness": {"dmean": 0.637952983379, "dmean2": 0.969850599766, "dvar": 0.443423092365, "dvar2": 0.964002907276, "max": 13.2925109863, "mean": 1.60929334164, "median": 1.44074594975, "min": -2.94070839882, "var": 1.84025156498}, "barkbands_spread": {"dmean": 3.40298366547, "dmean2": 5.35979652405, "dvar": 21.5538291931, "dvar2": 48.054725647, "max": 118.544059753, "mean": 11.9188289642, "median": 11.2497653961, "min": 0.302077353001, "var": 45.2066612244}, "dissonance": {"dmean": 0.0348210148513, "dmean2": 0.0585130341351, "dvar": 0.000929391360842, "dvar2": 0.00259598833509, "max": 0.499999970198, "mean": 0.419328331947, "median": 0.426057815552, "min": 0.176708653569, "var": 0.00197979179211}, "dynamic_complexity": 3.7683236599, "erbbands_crest": {"dmean": 3.20909404755, "dmean2": 4.98041391373, "dvar": 10.1841087341, "dvar2": 23.3405799866, "max": 34.2440567017, "mean": 14.322394371, "median": 13.0722370148, "min": 2.76520752907, "var": 39.964553833}, "erbbands_flatness_db": {"dmean": 0.0299177579582, "dmean2": 0.040208183229, "dvar": 0.000912089482881, "dvar2": 0.00148068438284, "max": 0.502642869949, "mean": 0.197217106819, "median": 0.195449784398, "min": 0.0343332514167, "var": 0.00318566057831}, "erbbands_kurtosis": {"dmean": 2.08407187462, "dmean2": 3.19881701469, "dvar": 22.8956012726, "dvar2": 50.8408241272, "max": 164.405426025, "mean": 3.08807945251, "median": 1.23047733307, "min": -1.73646461964, "var": 53.7923698425}, "erbbands_skewness": {"dmean": 0.503215789795, "dmean2": 0.751211464405, "dvar": 0.307078570127, "dvar2": 0.646509349346, "max": 10.6002044678, "mean": 0.427744060755, "median": 0.358488947153, "min": -3.66637301445, "var": 1.08144724369}, "erbbands_spread": {"dmean": 6.23220872879, "dmean2": 9.50601482391, "dvar": 71.6675872803, "dvar2": 170.311782837, "max": 123.44052124, "mean": 21.4310264587, "median": 20.150177002, "min": 0.620908439159, "var": 139.728500366}, "hfc": {"dmean": 5.53814792633, "dmean2": 8.34743976593, "dvar": 94.0450973511, "dvar2": 226.170013428, "max": 115.049217224, "mean": 13.1724023819, "median": 9.26403045654, "min": 1.09919465565e-16, "var": 172.707885742}, "melbands_crest": {"dmean": 3.58286833763, "dmean2": 5.9126791954, "dvar": 10.2471885681, "dvar2": 26.9901313782, "max": 37.5175094604, "mean": 15.5229721069, "median": 14.4527425766, "min": 1.00080919266, "var": 34.9886054993}, "melbands_flatness_db": {"dmean": 0.0334167554975, "dmean2": 0.0497709624469, "dvar": 0.00112364150118, "dvar2": 0.00228940648958, "max": 0.647187888622, "mean": 0.288827419281, "median": 0.280296176672, "min": -4.74574505915e-07, "var": 0.00526112271473}, "melbands_kurtosis": {"dmean": 6.56051874161, "dmean2": 10.4764690399, "dvar": 217.129669189, "dvar2": 503.039001465, "max": 506.817779541, "mean": 10.7923412323, "median": 5.20133304596, "min": -1.91037988663, "var": 510.226501465}, "melbands_skewness": {"dmean": 0.735592782497, "dmean2": 1.1505408287, "dvar": 0.629022300243, "dvar2": 1.46088111401, "max": 16.6214942932, "mean": 2.1171400547, "median": 1.90637981892, "min": -2.9897274971, "var": 2.52885746956}, "melbands_spread": {"dmean": 3.65423631668, "dmean2": 5.79142189026, "dvar": 19.192440033, "dvar2": 45.4715194702, "max": 144.002197266, "mean": 13.5099983215, "median": 12.2315816879, "min": 0.2541860044, "var": 83.4577178955}, "pitch_salience": {"dmean": 0.080422706902, "dmean2": 0.133025079966, "dvar": 0.00565856182948, "dvar2": 0.0152232283726, "max": 0.996042430401, "mean": 0.478703975677, "median": 0.474712431431, "min": 0.0810397639871, "var": 0.0120814424008}, "silence_rate_20dB": {"dmean": 0, "dmean2": 0, "dvar": 0, "dvar2": 0, "max": 1, "mean": 1, "median": 1, "min": 1, "var": 0}, "silence_rate_30dB": {"dmean": 0.0471956208348, "dmean2": 0.0944020077586, "dvar": 0.0449685566127, "dvar2": 0.0957512483001, "max": 1, "mean": 0.943234920502, "median": 1, "min": 0, "var": 0.0535477213562}, "silence_rate_60dB": {"dmean": 0.0364797078073, "dmean2": 0.0729677379131, "dvar": 0.035146754235, "dvar2": 0.0769811943173, "max": 1, "mean": 0.0900490134954, "median": 0, "min": 0, "var": 0.0819474682212}, "spectral_centroid": {"dmean": 117.461791992, "dmean2": 184.899734497, "dvar": 31808.1054688, "dvar2": 67203.5078125, "max": 11451.21875, "mean": 706.860900879, "median": 652.642150879, "min": 127.828224182, "var": 238001.5}, "spectral_complexity": {"dmean": 2.23529410362, "dmean2": 3.57997941971, "dvar": 6.80401563644, "dvar2": 16.3515453339, "max": 35, "mean": 11.3309020996, "median": 11, "min": 0, "var": 31.6577854156}, "spectral_decrease": {"dmean": 4.12861655974e-09, "dmean2": 6.74152111912e-09, "dvar": 6.88829294973e-17, "dvar2": 1.74154116476e-16, "max": 1.32640865645e-28, "mean": -8.92620111159e-09, "median": -5.87391468798e-09, "min": -1.14173822396e-07, "var": 1.08498640588e-16}, "spectral_energy": {"dmean": 0.0160048119724, "dmean2": 0.0260689109564, "dvar": 0.00102865870576, "dvar2": 0.00259766425006, "max": 0.441353619099, "mean": 0.0348843596876, "median": 0.0232224427164, "min": 1.02691290342e-20, "var": 0.00161767797545}, "spectral_energyband_high": {"dmean": 0.000173425651155, "dmean2": 0.000268932373729, "dvar": 9.3828994352e-08, "dvar2": 2.06267259273e-07, "max": 0.00332425022498, "mean": 0.000192169463844, "median": 4.12751251133e-05, "min": 7.1650174633e-21, "var": 1.08756545103e-07}, "spectral_energyband_low": {"dmean": 0.0105454558507, "dmean2": 0.017736453563, "dvar": 0.000534600520041, "dvar2": 0.00136395357549, "max": 0.342942208052, "mean": 0.0179518293589, "median": 0.00729628512636, "min": 2.89740500998e-23, "var": 0.00089424586622}, "spectral_energyband_middle_high": {"dmean": 0.00146491860505, "dmean2": 0.00207330053672, "dvar": 5.84864483244e-06, "dvar2": 1.30666285258e-05, "max": 0.0343483351171, "mean": 0.00410085450858, "median": 0.0026858409401, "min": 1.36916627317e-21, "var": 1.88711092051e-05}, "spectral_energyband_middle_low": {"dmean": 0.00806498900056, "dmean2": 0.0135971950367, "dvar": 0.000283164903522, "dvar2": 0.000768603058532, "max": 0.222621366382, "mean": 0.0143476342782, "median": 0.00900055002421, "min": 2.00695377697e-22, "var": 0.000310721632559}, "spectral_entropy": {"dmean": 0.273164391518, "dmean2": 0.388163596392, "dvar": 0.084266230464, "dvar2": 0.146010771394, "max": 9.81731796265, "mean": 6.88446044922, "median": 6.84498596191, "min": 4.64534568787, "var": 0.225584924221}, "spectral_flux": {"dmean": 0.0346974991262, "dmean2": 0.0537318959832, "dvar": 0.00248461938463, "dvar2": 0.00491192331538, "max": 0.546475231647, "mean": 0.085267059505, "median": 0.0686955973506, "min": 6.40756614434e-11, "var": 0.00452627288178}, "spectral_kurtosis": {"dmean": 4.12805318832, "dmean2": 6.40505933762, "dvar": 16.2405223846, "dvar2": 35.8324966431, "max": 72.3633804321, "mean": 10.8934402466, "median": 9.86891078949, "min": -1.2202244997, "var": 37.6454658508}, "spectral_rms": {"dmean": 0.00113760610111, "dmean2": 0.00177426880691, "dvar": 2.59336297859e-06, "dvar2": 6.04214119448e-06, "max": 0.0207506362349, "mean": 0.00509095890447, "median": 0.0047598364763, "min": 3.16522697809e-12, "var": 8.11568042991e-06}, "spectral_rolloff": {"dmean": 200.70980835, "dmean2": 353.387817383, "dvar": 442072.90625, "dvar2": 964113.8125, "max": 19659.8144531, "mean": 812.20715332, "median": 710.595703125, "min": 43.06640625, "var": 1129176.875}, "spectral_skewness": {"dmean": 0.414985060692, "dmean2": 0.6447686553, "dvar": 0.143879324198, "dvar2": 0.296805799007, "max": 7.11182785034, "mean": 2.58225250244, "median": 2.53818297386, "min": -0.0406468696892, "var": 0.425431847572}, "spectral_spread": {"dmean": 1146147.625, "dmean2": 1527698.375, "dvar": 1759055052800.0, "dvar2": 2767240560640.0, "max": 41216832, "mean": 4089592.5, "median": 3314972.25, "min": 1216461, "var": 5941039202300.0}, "spectral_strongpeak": {"dmean": 0.473447829485, "dmean2": 0.805368483067, "dvar": 0.534925162792, "dvar2": 1.34463167191, "max": 9.65677833557, "mean": 0.868235588074, "median": 0.517776250839, "min": 0, "var": 0.884260892868}, "zerocrossingrate": {"dmean": 0.00747729372233, "dmean2": 0.00922701787204, "dvar": 0.000155314526637, "dvar2": 0.000228473043535, "max": 0.52783203125, "mean": 0.0350522249937, "median": 0.0322265625, "min": 0.00146484375, "var": 0.00079077121336}, "barkbands": {"dmean": [0.00112538516987, 0.00654976442456, 0.00366913247854, 0.0031720881816, 0.0019989234861, 0.00255963462405, 0.000957464333624, 0.000552068522666, 0.000813333783299, 0.000665710656904, 0.000311112089548, 0.000247292860877, 0.000557882594876, 0.000233906233916, 0.000117406911158, 0.000131755848997, 8.30984208733e-05, 3.52633978764e-05, 3.32704330503e-05, 2.25618623517e-05, 2.24472223636e-05, 2.60986289504e-05, 2.36480009335e-05, 2.60158612946e-05, 3.19501450576e-05, 3.4506956581e-05, 9.46135878621e-06], "dmean2": [0.0016830045497, 0.0113132754341, 0.00627687992528, 0.00576628558338, 0.00336018553935, 0.00420609628782, 0.0016072683502, 0.000916164834052, 0.00123742129654, 0.000876147067174, 0.000447708851425, 0.000438214483438, 0.000828705611639, 0.000385409279261, 0.000198695866857, 0.000212967803236, 0.000138849078212, 5.85258421779e-05, 5.30299803359e-05, 3.64564439224e-05, 3.5676141124e-05, 4.19656607846e-05, 3.90896530007e-05, 4.25654798164e-05, 5.02964867337e-05, 5.19501991221e-05, 1.35116561069e-05], "dvar": [1.45616704685e-05, 0.000217284541577, 7.73704960011e-05, 0.000101384663139, 1.52966586029e-05, 3.66138738173e-05, 3.95916822526e-06, 1.2726221712e-06, 3.98578004024e-06, 1.99410601454e-06, 4.18223521592e-07, 6.15870362708e-07, 1.28459248572e-06, 6.45062584681e-07, 8.74571455256e-08, 1.20765264455e-07, 3.94617174493e-08, 7.57097851078e-09, 7.47837347603e-09, 1.99107352827e-09, 1.75306746897e-09, 2.90658164204e-09, 2.49246534523e-09, 2.93100943516e-09, 3.19413961947e-09, 3.89795706823e-09, 2.90577756301e-10], "dvar2": [2.92101794912e-05, 0.000572971242946, 0.000208401252166, 0.000291708158329, 3.90759560105e-05, 9.57391312113e-05, 1.06755715024e-05, 2.91579522127e-06, 9.25634412852e-06, 3.92105494029e-06, 8.50718549827e-07, 1.74849390078e-06, 2.46251033786e-06, 1.60228876211e-06, 2.30572794635e-07, 3.14699377668e-07, 1.01319699297e-07, 1.98412806185e-08, 1.59451953863e-08, 4.7879189502e-09, 4.17765333438e-09, 6.61904131505e-09, 5.88342263796e-09, 7.04582037159e-09, 7.24093007776e-09, 8.3547657681e-09, 4.85848306031e-10], "max": [0.0930717661977, 0.212429225445, 0.182411029935, 0.168393403292, 0.0715754330158, 0.119340158999, 0.0346443802118, 0.0292449817061, 0.0642540678382, 0.0292452275753, 0.0145103121176, 0.0155234457925, 0.0212990883738, 0.0275640953332, 0.00711628142744, 0.00827916152775, 0.00244594411924, 0.00174519943539, 0.00305844121613, 0.000806676514912, 0.000880202976987, 0.000815180887002, 0.000579644460231, 0.000478604604723, 0.000523293041624, 0.000439250899944, 0.000158748880494], "mean": [0.0024292350281, 0.00963895395398, 0.00465449225157, 0.00305256037973, 0.00341824325733, 0.00324008567259, 0.0011511282064, 0.000657877477352, 0.00180865824223, 0.00177448824979, 0.00049652159214, 0.000237548505538, 0.0011500690598, 0.000384358019801, 0.000163607968716, 0.00019716109091, 0.000109190419607, 5.23944327142e-05, 6.13609299762e-05, 2.89036397589e-05, 4.07637417084e-05, 2.62497105723e-05, 2.0139688786e-05, 2.18047152885e-05, 2.7521928132e-05, 3.13911368721e-05, 9.64203172771e-06], "median": [2.5404000553e-05, 0.0021870736964, 0.00180036807433, 0.000763914897107, 0.00106789905112, 0.000855482765473, 0.000354233285179, 0.000186215707799, 0.000540471810382, 0.000501419999637, 0.000199607558898, 7.1995666076e-05, 0.000445780722657, 5.42507841601e-05, 4.43187673227e-05, 3.84571576433e-05, 2.65017788479e-05, 1.21963976198e-05, 9.76634510153e-06, 8.44928945298e-06, 8.29817872727e-06, 4.70226495963e-06, 2.49449817602e-06, 2.64189588961e-06, 3.05516800836e-06, 1.80854215159e-06, 5.1036079185e-07], "min": [1.49866295938e-24, 8.54103409729e-24, 5.35424942707e-24, 1.81887264486e-24, 1.79652074443e-23, 2.185226749e-23, 2.21887876635e-23, 9.09567036684e-24, 2.50191275059e-23, 2.66046243294e-23, 1.70042060455e-23, 3.84520876582e-23, 3.85598239698e-23, 5.36319329536e-23, 5.29926085215e-23, 7.43622445988e-23, 1.04154971391e-22, 1.09712666862e-22, 1.27649129792e-22, 2.23949103916e-22, 3.36621589516e-22, 3.19867067414e-22, 4.43252587029e-22, 6.9109092351e-22, 7.47586289021e-22, 1.33153803713e-21, 2.01960831758e-21], "var": [6.56492411508e-05, 0.00034250121098, 7.40027462598e-05, 6.734229828e-05, 3.4038330341e-05, 4.1893843445e-05, 4.16762577515e-06, 2.27125769925e-06, 9.89609452517e-06, 7.30215515432e-06, 7.74768921019e-07, 4.05091583389e-07, 3.46369097315e-06, 1.30185196667e-06, 1.53273433057e-07, 2.62203172952e-07, 5.36120801087e-08, 1.5706124401e-08, 3.34808198943e-08, 2.45918485575e-09, 5.22714360685e-09, 2.89435231338e-09, 2.19810125657e-09, 2.57126719916e-09, 3.25126792156e-09, 4.5592591924e-09, 4.55655457809e-10]}, "erbbands": {"dmean": [0.190015256405, 1.56116592884, 3.9727203846, 7.71960306168, 9.19854354858, 5.79169511795, 8.28826904297, 28.0287818909, 16.5814571381, 10.5046844482, 13.1364336014, 22.0092010498, 20.3181343079, 12.1169300079, 14.697010994, 12.6918144226, 27.6057376862, 12.6775369644, 5.62301635742, 8.48258972168, 4.53501701355, 3.68826580048, 2.47485208511, 1.74796259403, 1.52298557758, 1.13190472126, 1.07318735123, 0.739089250565, 0.937263965607, 0.799300312996, 0.693066418171, 0.426374703646, 0.517989873886, 0.349316418171, 0.239658474922, 0.133251428604, 0.0680890157819, 0.0160516072065, 0.00154046446551, 8.72963064467e-05], "dmean2": [0.326471030712, 2.6794552803, 6.78005981445, 13.8577728271, 15.9236898422, 9.86433506012, 13.8106079102, 46.1044921875, 27.3381328583, 18.021900177, 21.7440814972, 32.9729003906, 26.7400550842, 17.375005722, 20.8190898895, 21.3997612, 40.8502464294, 20.5052757263, 9.39780712128, 14.1000299454, 7.36821746826, 6.26872205734, 4.00826835632, 2.78016638756, 2.50847792625, 1.83768057823, 1.719409585, 1.15697824955, 1.52068150043, 1.29816937447, 1.15368807316, 0.691932737827, 0.853536307812, 0.557360768318, 0.378012061119, 0.199350208044, 0.104101851583, 0.0235558655113, 0.00219673407264, 0.000122888974147], "dvar": [0.238715514541, 12.8740673065, 84.28074646, 535.490539551, 610.262207031, 130.145309448, 258.02545166, 4476.55957031, 1275.67260742, 506.579223633, 602.739807129, 3072.49536133, 2215.0402832, 1048.53820801, 995.662658691, 1203.11169434, 3156.69458008, 2009.11425781, 138.543609619, 576.854858398, 111.657424927, 81.1288070679, 34.2404785156, 27.337600708, 15.0617675781, 5.43330717087, 4.35169792175, 1.9415217638, 3.79035305977, 2.83885145187, 2.15634870529, 0.717420816422, 1.26425397396, 0.39788043499, 0.187896460295, 0.0536863654852, 0.0162243135273, 0.000899760867469, 7.19438821761e-06, 2.59253418733e-08], "dvar2": [0.602553248405, 33.9842910767, 222.272781372, 1534.49829102, 1631.95910645, 359.352508545, 690.412231445, 11529.3515625, 3434.61572266, 1267.80529785, 1496.17419434, 7186.78027344, 3970.50268555, 2464.52490234, 1955.11914062, 3386.53833008, 5951.65722656, 4900.00341797, 363.318450928, 1405.69165039, 285.49130249, 216.543182373, 86.2187271118, 58.4448776245, 37.44871521, 13.3289823532, 10.5299606323, 4.5200304985, 8.71013832092, 6.47721147537, 5.18275308609, 1.66380691528, 3.11145401001, 0.906195580959, 0.440163910389, 0.116860091686, 0.0362843461335, 0.00185392505955, 1.18233674584e-05, 3.82363332108e-08], "max": [13.9444723129, 39.9570770264, 196.022689819, 334.78137207, 413.987854004, 279.686431885, 303.22253418, 1236.16149902, 730.576049805, 470.140319824, 506.776916504, 1806.22131348, 1166.55041504, 782.344543457, 735.812133789, 691.244873047, 1066.93066406, 1608.15222168, 245.975204468, 666.233337402, 288.776397705, 125.475067139, 109.495887756, 174.686233521, 112.36416626, 45.5550384521, 49.6072731018, 19.8214874268, 27.096660614, 22.2730445862, 15.2630214691, 7.57025194168, 10.9961872101, 5.62286615372, 5.49805831909, 1.77006983757, 0.954945802689, 0.279286682606, 0.022847501561, 0.00144139665645], "mean": [0.298405021429, 2.06578540802, 5.24869728088, 8.55346393585, 10.0436210632, 11.3964481354, 13.8019037247, 34.8613128662, 22.3088474274, 12.8140306473, 18.5255393982, 50.6803970337, 51.7141456604, 32.2964363098, 24.741891861, 17.866481781, 57.6261672974, 22.7639312744, 9.38837909698, 12.8757505417, 7.34884595871, 4.95347213745, 3.78141117096, 3.06834936142, 2.68737721443, 1.56870293617, 2.00290846825, 1.0850661993, 0.954375863075, 0.730654060841, 0.586068212986, 0.387539356947, 0.413440197706, 0.295542240143, 0.203738614917, 0.120343700051, 0.0608092583716, 0.0147773204371, 0.00159868225455, 0.000120780139696], "median": [0.0387133322656, 0.537142395973, 2.36328601837, 2.83299446106, 3.56083607674, 2.73381972313, 4.1239657402, 8.4651594162, 7.42725038528, 3.7954287529, 7.87646770477, 16.8338127136, 18.0329303741, 8.94676685333, 11.2997589111, 8.81570148468, 22.9018249512, 5.53617954254, 2.94191670418, 2.5417599678, 2.05049848557, 1.37077581882, 0.972854852676, 0.589349985123, 0.457656085491, 0.446442604065, 0.390870302916, 0.251954227686, 0.171350553632, 0.0995530411601, 0.0746109560132, 0.0583349205554, 0.0424591936171, 0.032185498625, 0.0216035582125, 0.00876636523753, 0.00306462263688, 0.000775172549766, 0.000103707025119, 4.03539743274e-05], "min": [1.5154357515e-22, 2.2081970154e-21, 6.22439476507e-21, 8.75485294607e-21, 8.68404660876e-21, 4.69829928383e-20, 1.05160582798e-19, 1.98911436892e-19, 2.7266463099e-19, 1.12128959073e-19, 3.32647245369e-19, 5.78005429417e-19, 7.95901656569e-19, 1.10163769223e-18, 1.14914784469e-18, 1.83201170334e-18, 1.82118825182e-18, 2.77427361182e-18, 3.62355483598e-18, 3.04730153019e-18, 6.7078673219e-18, 7.07326112261e-18, 6.42307648163e-18, 8.94214005905e-18, 7.53004101021e-18, 1.12711638538e-17, 1.31178867576e-17, 1.26470911217e-17, 1.1654773826e-17, 1.47003659874e-17, 1.34536931349e-17, 1.19781418885e-17, 1.30758113885e-17, 8.43524460686e-18, 5.54550526693e-18, 5.43793084186e-18, 2.28765008169e-18, 9.8105574863e-19, 2.85435110576e-19, 2.83836493569e-20], "var": [0.573524594307, 16.1967830658, 84.955909729, 381.915466309, 505.433837891, 471.866333008, 532.366882324, 5288.41992188, 1420.18908691, 863.477172852, 846.521972656, 7543.40576172, 7998.65039062, 3938.73974609, 1885.19897461, 971.610595703, 8632.87988281, 4011.36254883, 310.803588867, 1174.14355469, 249.442520142, 101.377067566, 64.8078231812, 86.233581543, 56.9359550476, 7.44540119171, 13.4805431366, 3.2824716568, 3.73170804977, 2.66535830498, 1.851375103, 0.676186740398, 1.05545604229, 0.389979094267, 0.184977501631, 0.062159858644, 0.0178624503314, 0.00111715309322, 1.14780950753e-05, 4.87663704973e-08]}, "gfcc": {"mean": [-50.7335319519, 124.034683228, -93.8621673584, 0.546734631062, -43.9995231628, 15.4836912155, -24.039894104, 3.01306843758, -23.8968086243, 2.71200251579, -14.998380661, -0.411597132683, -9.99704742432], "cov": [[11695.6035156, -719.554016113, 55.0025062561, 331.21395874, -9.09345817566, 5.49524784088, -507.758148193, 37.9170036316, -163.473587036, 206.764511108, -293.391845703, 65.5804901123, -76.4609375], [-719.554016113, 1474.40026855, -250.938323975, 245.616989136, 274.362823486, -76.5625076294, 107.944549561, -99.8252334595, 136.387313843, -112.743667603, 8.32784080505, -223.704437256, 52.615650177], [55.0025062561, -250.938323975, 936.666625977, 45.6959533691, 178.949203491, 194.020614624, 37.2865791321, 118.040130615, 1.33770310879, 14.0573148727, -68.49609375, 78.6214599609, -40.3964996338], [331.21395874, 245.616989136, 45.6959533691, 409.166534424, 103.72151947, -66.6161193848, -36.7285308838, -21.192741394, 73.7255935669, 1.46608734131, 15.6424226761, -68.1504364014, 1.19235098362], [-9.09345817566, 274.362823486, 178.949203491, 103.72151947, 310.745361328, 98.2109069824, 83.4618606567, 19.5963764191, 27.3008117676, -31.1589603424, -30.604970932, -30.3545970917, 21.2568492889], [5.49524784088, -76.5625076294, 194.020614624, -66.6161193848, 98.2109069824, 219.432312012, 128.874404907, 58.0251617432, -22.6934566498, -31.3408355713, -15.7747373581, 37.4933662415, 7.12516355515], [-507.758148193, 107.944549561, 37.2865791321, -36.7285308838, 83.4618606567, 128.874404907, 219.883392334, 92.6937484741, 33.6612205505, -37.2279624939, 20.4605369568, -2.58847522736, 30.3602581024], [37.9170036316, -99.8252334595, 118.040130615, -21.192741394, 19.5963764191, 58.0251617432, 92.6937484741, 147.919647217, 44.85181427, 12.7157831192, -4.54372167587, 19.296836853, -9.37967681885], [-163.473587036, 136.387313843, 1.33770310879, 73.7255935669, 27.3008117676, -22.6934566498, 33.6612205505, 44.85181427, 104.28855896, 24.9291038513, 15.7483024597, -35.1125335693, 1.05240321159], [206.764511108, -112.743667603, 14.0573148727, 1.46608734131, -31.1589603424, -31.3408355713, -37.2279624939, 12.7157831192, 24.9291038513, 92.3398742676, 26.674747467, 12.2814950943, -19.7090034485], [-293.391845703, 8.32784080505, -68.49609375, 15.6424226761, -30.604970932, -15.7747373581, 20.4605369568, -4.54372167587, 15.7483024597, 26.674747467, 100.843025208, 33.9381332397, -0.947061538696], [65.5804901123, -223.704437256, 78.6214599609, -68.1504364014, -30.3545970917, 37.4933662415, -2.58847522736, 19.296836853, -35.1125335693, 12.2814950943, 33.9381332397, 119.807128906, 36.2178115845], [-76.4609375, 52.615650177, -40.3964996338, 1.19235098362, 21.2568492889, 7.12516355515, 30.3602581024, -9.37967681885, 1.05240321159, -19.7090034485, -0.947061538696, 36.2178115845, 114.609771729]], "icov": [[0.000141118551255, -6.15640165051e-05, 0.000173583379365, -0.000278071558569, 1.38928226079e-05, -0.000373196176952, 0.000453433749499, -0.000405637489166, 0.000375880743377, -0.000517020642292, 0.000588409777265, -0.000289866729872, 5.78983781452e-05], [-6.15640165051e-05, 0.00185999809764, -3.44497129845e-05, 0.000339948397595, -0.00139324157499, 0.000944735133089, -0.000651906710118, 0.00150634441525, -0.00197941041552, 0.00225907191634, -0.00170961068943, 0.00276041217148, -0.000894789525773], [0.000173583379365, -3.44497129845e-05, 0.00222097337246, -0.000949375156779, -0.000775390770286, -0.00184380623978, 0.00114299729466, -0.00122306915, -0.000120648663142, -0.00105457333848, 0.00255491072312, -0.00264602829702, 0.00145692611113], [-0.000278071558569, 0.000339948397595, -0.000949375156779, 0.00457585835829, -0.00152757531032, 0.00146481674165, 0.00108088529669, 0.000572562217712, -0.00272689433768, 0.00256918044761, -0.00411704275757, 0.00365352584049, -0.0014927420998], [1.38928226079e-05, -0.00139324157499, -0.000775390770286, -0.00152757531032, 0.00637694215402, -0.00236740172841, -0.00112771673594, 0.000332083960529, 0.000700034608599, -0.00152959418483, 0.00226397113875, -0.000882113818079, -0.000290177704301], [-0.000373196176952, 0.000944735133089, -0.00184380623978, 0.00146481674165, -0.00236740172841, 0.0134105766192, -0.00934055726975, 0.00338412332349, 0.000792443635873, 0.00205542519689, 0.000951740017626, -0.00242357514799, 0.00212875683792], [0.000453433749499, -0.000651906710118, 0.00114299729466, 0.00108088529669, -0.00112771673594, -0.00934055726975, 0.0184450205415, -0.0109504312277, 0.000468620884931, 0.00327590224333, -0.00733331730589, 0.00678414013237, -0.00564443878829], [-0.000405637489166, 0.00150634441525, -0.00122306915, 0.000572562217712, 0.000332083960529, 0.00338412332349, -0.0109504312277, 0.0184402018785, -0.00941128656268, 0.000110659275379, 0.00481172185391, -0.00555352820083, 0.0046389196068], [0.000375880743377, -0.00197941041552, -0.000120648663142, -0.00272689433768, 0.000700034608599, 0.000792443635873, 0.000468620884931, -0.00941128656268, 0.0224353969097, -0.0081035559997, -0.00161496154033, 0.00487681431696, -0.00308214919642], [-0.000517020642292, 0.00225907191634, -0.00105457333848, 0.00256918044761, -0.00152959418483, 0.00205542519689, 0.00327590224333, 0.000110659275379, -0.0081035559997, 0.0206278208643, -0.00907933525741, 0.0038008573465, -0.000137723502121], [0.000588409777265, -0.00170961068943, 0.00255491072312, -0.00411704275757, 0.00226397113875, 0.000951740017626, -0.00733331730589, 0.00481172185391, -0.00161496154033, -0.00907933525741, 0.025250101462, -0.0173404272646, 0.00811998266727], [-0.000289866729872, 0.00276041217148, -0.00264602829702, 0.00365352584049, -0.000882113818079, -0.00242357514799, 0.00678414013237, -0.00555352820083, 0.00487681431696, 0.0038008573465, -0.0173404272646, 0.028947327286, -0.0130507433787], [5.78983781452e-05, -0.000894789525773, 0.00145692611113, -0.0014927420998, -0.000290177704301, 0.00212875683792, -0.00564443878829, 0.0046389196068, -0.00308214919642, -0.000137723502121, 0.00811998266727, -0.0130507433787, 0.0156959481537]]}, "melbands": {"dmean": [0.00173443509266, 0.00207546283491, 0.00139755010605, 0.000504944706336, 0.00029256529524, 0.000576659222133, 0.000238716907916, 0.000111135581392, 0.000117388313811, 0.000130923115648, 9.88427709672e-05, 5.01887661812e-05, 4.30524924013e-05, 3.18410311593e-05, 6.05179084232e-05, 3.78439835913e-05, 2.6722345865e-05, 9.77810032055e-06, 7.5164084592e-06, 1.42511689774e-05, 3.89380602428e-06, 3.89399292544e-06, 4.05584387408e-06, 1.65559720244e-06, 1.50290577494e-06, 1.27814894313e-06, 8.94657091521e-07, 7.48190871036e-07, 6.72287626458e-07, 6.11215341451e-07, 4.1398973849e-07, 4.95566212066e-07, 5.88864395468e-07, 4.04537900067e-07, 4.34462521071e-07, 3.10154945282e-07, 2.3824945572e-07, 3.55910287908e-07, 3.53386496954e-07, 2.80881323533e-07], "dmean2": [0.00296410080045, 0.00351903028786, 0.0024801348336, 0.000860584841575, 0.00048487179447, 0.00094843970146, 0.000395128910895, 0.000189516053069, 0.000191055689356, 0.000195829721633, 0.000129780033603, 7.29014573153e-05, 6.20727005298e-05, 5.08000448463e-05, 9.43776976783e-05, 5.61696324439e-05, 4.36152949987e-05, 1.63288950716e-05, 1.27026314658e-05, 2.34086783166e-05, 6.31008788332e-06, 6.7595838118e-06, 6.62089996695e-06, 2.73266914519e-06, 2.36841742662e-06, 2.12161671698e-06, 1.46566219428e-06, 1.21319408208e-06, 1.07523567294e-06, 9.88225224319e-07, 6.45368686492e-07, 8.03422665285e-07, 9.58924601946e-07, 6.60256034735e-07, 7.28617692403e-07, 5.0800832696e-07, 3.86266520991e-07, 5.8931533431e-07, 5.78780543492e-07, 4.45812361249e-07], "dvar": [1.56427195179e-05, 2.1832938728e-05, 1.69604554685e-05, 1.12549639653e-06, 2.88781677682e-07, 1.88617855201e-06, 2.59282927573e-07, 5.60116433235e-08, 4.70871377445e-08, 1.06101644803e-07, 5.40846336605e-08, 1.99243483934e-08, 7.91007970236e-09, 6.38973940426e-09, 1.56635611148e-08, 5.78129100148e-09, 1.03242996374e-08, 4.1597056355e-10, 3.92698790153e-10, 1.39558620216e-09, 7.40778410835e-11, 9.37710187277e-11, 1.31434196859e-10, 1.96626829402e-11, 2.53421676005e-11, 1.13210465308e-11, 5.67202231364e-12, 2.48318835112e-12, 1.64331298135e-12, 1.63563292684e-12, 6.29676269893e-13, 1.02091013594e-12, 1.70170084621e-12, 7.53589248295e-13, 8.74118811188e-13, 4.20511227835e-13, 2.2849501154e-13, 6.31640356338e-13, 5.29347887138e-13, 2.4598473757e-13], "dvar2": [3.94965973101e-05, 5.68105606362e-05, 4.78728543385e-05, 2.93584253086e-06, 7.70322628796e-07, 4.90172806167e-06, 6.99503573287e-07, 1.33162046723e-07, 1.15301261872e-07, 2.50584633932e-07, 9.67079358816e-08, 4.6666681186e-08, 1.62553721594e-08, 1.67774363291e-08, 3.49438238345e-08, 1.14688543107e-08, 2.53291378982e-08, 1.12159659338e-09, 9.89307191723e-10, 3.59932350591e-09, 1.8241720634e-10, 2.59909427314e-10, 3.31026150935e-10, 5.06933106603e-11, 5.24233018107e-11, 2.96979524306e-11, 1.39958105869e-11, 6.10396672443e-12, 3.94966307923e-12, 3.91094882174e-12, 1.46224395439e-12, 2.38929037145e-12, 3.96819296172e-12, 1.7493574948e-12, 2.13342234504e-12, 1.01024061078e-12, 5.36198852246e-13, 1.57132672759e-12, 1.26925531717e-12, 5.57779408598e-13], "max": [0.0887945666909, 0.0892490744591, 0.0635313689709, 0.0166312549263, 0.00994892045856, 0.0263428036124, 0.0101640718058, 0.00559586333111, 0.0043411180377, 0.010327802971, 0.00574178807437, 0.00345641304739, 0.00193705630954, 0.00160679139663, 0.0019375893753, 0.00137487216853, 0.00362086109817, 0.00038365740329, 0.00053316791309, 0.000756451569032, 0.000206374854315, 0.000146410529851, 0.000140897987876, 0.000124307247461, 0.000168038503034, 9.30559472181e-05, 7.28480954422e-05, 3.44574691553e-05, 2.66206952801e-05, 4.09673266404e-05, 1.23286754388e-05, 1.71111332747e-05, 1.38643299579e-05, 1.19447886391e-05, 1.03778347693e-05, 5.64415722693e-06, 4.57405394627e-06, 8.73684803082e-06, 6.31982629784e-06, 4.22885204898e-06], "mean": [0.00285237166099, 0.00287163769826, 0.00157972576562, 0.000727332720999, 0.000552697631065, 0.000725950114429, 0.00031385224429, 0.000134337926283, 0.000186193399713, 0.000299895385979, 0.000248464057222, 0.000130282351165, 6.98043513694e-05, 4.25399957749e-05, 0.000110947585199, 7.95924424892e-05, 4.38236238551e-05, 1.52911106852e-05, 1.06217003122e-05, 2.14009178308e-05, 5.89054207012e-06, 4.97734254168e-06, 5.17763555763e-06, 2.60239789895e-06, 2.40357871917e-06, 2.13743010136e-06, 1.33722778628e-06, 9.39262747579e-07, 1.19283117783e-06, 1.06591835447e-06, 5.18829835983e-07, 5.12583596901e-07, 5.39771178865e-07, 3.55924925088e-07, 3.55028333843e-07, 2.76100308838e-07, 2.15194035036e-07, 2.84297584585e-07, 2.81948672409e-07, 2.40357792336e-07], "median": [0.000520168221556, 0.00126163545065, 0.000584544613957, 0.000277478655335, 0.000144316785736, 0.000179673937964, 0.000101287856523, 3.72339054593e-05, 6.65171537548e-05, 0.000108192500193, 7.43234340916e-05, 2.65243161266e-05, 2.95440768241e-05, 1.64362136275e-05, 4.29830979556e-05, 3.14241697197e-05, 5.61189062864e-06, 4.3295526666e-06, 2.79129130831e-06, 3.40310862157e-06, 1.81433608759e-06, 1.3056159105e-06, 1.13921294087e-06, 5.59672912459e-07, 4.28646984574e-07, 3.40083772699e-07, 2.60875310687e-07, 2.71488147519e-07, 2.41944775325e-07, 2.05668612807e-07, 1.06812684919e-07, 9.3099593812e-08, 7.1359401943e-08, 4.49428547711e-08, 4.13467979854e-08, 4.11077607509e-08, 3.12613366305e-08, 2.95663031835e-08, 2.33504415803e-08, 2.68615529819e-08], "min": [2.68185492074e-24, 4.1083501235e-24, 1.81395488598e-24, 1.90787055168e-24, 3.39852913668e-24, 4.27671355106e-24, 4.43595774655e-24, 1.26242396739e-24, 3.16868583447e-24, 3.95056019308e-24, 3.88059335839e-24, 4.68772862091e-24, 3.20608296897e-24, 4.27024804708e-24, 3.30065260037e-24, 4.35799620101e-24, 5.14063457141e-24, 5.80361299768e-24, 3.43016285341e-24, 5.3970829965e-24, 5.94506285773e-24, 6.44414162588e-24, 6.67894607432e-24, 5.22763449077e-24, 5.96827666759e-24, 4.0954936629e-24, 7.28859750339e-24, 6.89776031221e-24, 7.89709956213e-24, 5.43190686673e-24, 7.58821634153e-24, 5.12698136129e-24, 6.93466322535e-24, 6.04281100693e-24, 5.61171153843e-24, 6.3556014556e-24, 7.53465820809e-24, 8.80744662448e-24, 7.86306652496e-24, 6.1187290083e-24], "var": [3.61377460649e-05, 2.45888277277e-05, 1.23605186673e-05, 1.45855062783e-06, 9.65699996414e-07, 2.18916193262e-06, 2.83488532205e-07, 1.07828704188e-07, 8.56965556295e-08, 2.50593927831e-07, 1.9674027385e-07, 7.71952031187e-08, 1.47097685144e-08, 6.64321397892e-09, 3.1799892497e-08, 1.58280411e-08, 2.02898409185e-08, 8.97099505792e-10, 7.39817263007e-10, 2.98978308777e-09, 1.48039178138e-10, 1.12584622181e-10, 1.62879765231e-10, 4.79347360416e-11, 7.12340048059e-11, 3.26074722778e-11, 1.63559443767e-11, 2.96624790702e-12, 4.78151589503e-12, 4.60793295881e-12, 8.51074581903e-13, 1.02258067465e-12, 1.5461084019e-12, 6.86979824156e-13, 7.27913443497e-13, 3.72112117595e-13, 2.12816756947e-13, 5.16519823874e-13, 4.63125523174e-13, 2.45205494364e-13]}, "mfcc": {"mean": [-708.814147949, 170.144699097, 7.85944700241, 7.11772298813, 1.67638862133, 11.3749036789, 8.01367473602, 2.71670842171, 1.8931170702, -1.49894034863, 0.257147312164, 3.52401375771, -2.19724488258], "cov": [[8700.55664062, -284.051391602, -98.5134048462, 284.6484375, 246.27331543, -13.4920787811, -292.33480835, -336.942596436, 34.3106536865, 29.6182518005, -54.7367973328, -98.3012161255, -157.982849121], [-284.051391602, 1182.38122559, -185.804229736, 145.66960144, 149.794052124, 127.01210022, 49.4446754456, 37.2811126709, 119.730949402, 72.1065979004, -1.17637610435, 6.23221635818, -86.7212982178], [-98.5134048462, -185.804229736, 554.801147461, 2.14931988716, 124.412506104, 54.1259918213, 56.9581336975, 89.6811981201, 34.7176170349, 9.99778175354, 52.0224647522, -19.130645752, 73.0410766602], [284.6484375, 145.66960144, 2.14931988716, 344.66519165, 134.276199341, 22.8808116913, -49.9329338074, -42.8298034668, 25.0897865295, 57.72864151, 10.331785202, 30.1296463013, 1.81046748161], [246.27331543, 149.794052124, 124.412506104, 134.276199341, 235.406784058, 95.009979248, 22.2748413086, 20.6726322174, 52.1823654175, 30.803943634, 17.2262401581, -22.3826389313, -14.7229318619], [-13.4920787811, 127.01210022, 54.1259918213, 22.8808116913, 95.009979248, 146.616592407, 82.7597351074, 48.7866630554, 39.3054885864, 8.1870803833, -6.69987487793, -16.8202400208, -14.5871915817], [-292.33480835, 49.4446754456, 56.9581336975, -49.9329338074, 22.2748413086, 82.7597351074, 170.350326538, 126.904457092, 45.0963134766, 11.4300003052, 14.652463913, -7.57800722122, 4.44835329056], [-336.942596436, 37.2811126709, 89.6811981201, -42.8298034668, 20.6726322174, 48.7866630554, 126.904457092, 179.118743896, 64.5441818237, 16.4249706268, 25.9294681549, -8.27351284027, 15.9216985703], [34.3106536865, 119.730949402, 34.7176170349, 25.0897865295, 52.1823654175, 39.3054885864, 45.0963134766, 64.5441818237, 130.537887573, 60.967124939, -2.00785708427, -20.169052124, -13.5946674347], [29.6182518005, 72.1065979004, 9.99778175354, 57.72864151, 30.803943634, 8.1870803833, 11.4300003052, 16.4249706268, 60.967124939, 103.521903992, 45.616065979, 4.44460391998, -14.1625442505], [-54.7367973328, -1.17637610435, 52.0224647522, 10.331785202, 17.2262401581, -6.69987487793, 14.652463913, 25.9294681549, -2.00785708427, 45.616065979, 112.917167664, 56.7020835876, 0.143476337194], [-98.3012161255, 6.23221635818, -19.130645752, 30.1296463013, -22.3826389313, -16.8202400208, -7.57800722122, -8.27351284027, -20.169052124, 4.44460391998, 56.7020835876, 116.245094299, 41.3265151978], [-157.982849121, -86.7212982178, 73.0410766602, 1.81046748161, -14.7229318619, -14.5871915817, 4.44835329056, 15.9216985703, -13.5946674347, -14.1625442505, 0.143476337194, 41.3265151978, 121.204658508]], "icov": [[0.000140035233926, 8.36323815747e-05, 5.03229675815e-05, -4.89469821332e-05, -0.000157963164384, -3.57919197995e-05, 0.000103985737951, 0.000240600988036, -0.000224918956519, 0.000105956896732, -8.42894005473e-05, 8.08920231066e-05, 0.000113524933113], [8.36323815747e-05, 0.00127058057114, 0.000613601238001, -0.00018105795607, -0.000659111479763, -0.000717401620932, 0.000224128074478, -0.000119878321129, -0.000831543060485, -7.38820453989e-05, 8.44236128614e-05, -0.000450007471954, 0.00054358917987], [5.03229675815e-05, 0.000613601238001, 0.00312212412246, 0.000167869540746, -0.00165198778268, -0.000593895209022, 0.000403255224228, -0.00063957675593, -0.000848016585223, 0.000950512592681, -0.00243058754131, 0.00183737510815, -0.00218994240277], [-4.89469821332e-05, -0.00018105795607, 0.000167869540746, 0.00524552818388, -0.00353231024928, 0.000486178294523, 0.00142820121255, -0.000374464580091, 0.00153697642963, -0.00399418827146, 0.00300064077601, -0.00293577392586, -4.35298170487e-05], [-0.000157963164384, -0.000659111479763, -0.00165198778268, -0.00353231024928, 0.0104399072006, -0.00519703328609, 0.00106607936323, 0.000646997126751, -0.00234983023256, 0.00271383998916, -0.0040716426447, 0.00347847351804, -0.00023830209102], [-3.57919197995e-05, -0.000717401620932, -0.000593895209022, 0.000486178294523, -0.00519703328609, 0.0148752331734, -0.00792466383427, 0.00197585276328, 2.29271900025e-05, 8.14134909888e-05, 0.003189279465, -0.00153201969806, 0.00151161896065], [0.000103985737951, 0.000224128074478, 0.000403255224228, 0.00142820121255, 0.00106607936323, -0.00792466383427, 0.0174770634621, -0.0104123130441, 0.00120368355419, -0.00179508596193, 0.00031379138818, -0.000678591430187, 8.99223450688e-05], [0.000240600988036, -0.000119878321129, -0.00063957675593, -0.000374464580091, 0.000646997126751, 0.00197585276328, -0.0104123130441, 0.0162799172103, -0.0069929221645, 0.00461152987555, -0.00548250833526, 0.00313344947062, -0.00212857872248], [-0.000224918956519, -0.000831543060485, -0.000848016585223, 0.00153697642963, -0.00234983023256, 2.29271900025e-05, 0.00120368355419, -0.0069929221645, 0.0181972961873, -0.0127012394369, 0.00880304072052, -0.00280544464476, 0.00169477774762], [0.000105956896732, -7.38820453989e-05, 0.000950512592681, -0.00399418827146, 0.00271383998916, 8.14134909888e-05, -0.00179508596193, 0.00461152987555, -0.0127012394369, 0.0237805750221, -0.0143061820418, 0.00640889862552, -0.00144250516314], [-8.42894005473e-05, 8.44236128614e-05, -0.00243058754131, 0.00300064077601, -0.0040716426447, 0.003189279465, 0.00031379138818, -0.00548250833526, 0.00880304072052, -0.0143061820418, 0.0246781650931, -0.0140593266115, 0.00604862067848], [8.08920231066e-05, -0.000450007471954, 0.00183737510815, -0.00293577392586, 0.00347847351804, -0.00153201969806, -0.000678591430187, 0.00313344947062, -0.00280544464476, 0.00640889862552, -0.0140593266115, 0.0191843193024, -0.00751882651821], [0.000113524933113, 0.00054358917987, -0.00218994240277, -4.35298170487e-05, -0.00023830209102, 0.00151161896065, 8.99223450688e-05, -0.00212857872248, 0.00169477774762, -0.00144250516314, 0.00604862067848, -0.00751882651821, 0.0131151070818]]}, "spectral_contrast_coeffs": {"dmean": [0.0564416907728, 0.0538315549493, 0.0437292829156, 0.0327267944813, 0.0212103035301, 0.0206944327801], "dmean2": [0.0945326164365, 0.0878465920687, 0.068914629519, 0.0531025640666, 0.0344560220838, 0.0319506265223], "dvar": [0.00211799191311, 0.00186733470764, 0.0015992851695, 0.000868155388162, 0.000372623529984, 0.000311155221425], "dvar2": [0.00582296494395, 0.00480013713241, 0.00374131998979, 0.00207507284358, 0.000877979677171, 0.00067738071084], "max": [-0.330921620131, -0.435123473406, -0.439565092325, -0.484692692757, -0.576742887497, -0.618618249893], "mean": [-0.643609881401, -0.719295859337, -0.692315995693, -0.737707793713, -0.805095374584, -0.800994336605], "median": [-0.646816015244, -0.723510622978, -0.685286819935, -0.740965247154, -0.815940856934, -0.806427001953], "min": [-0.981632828712, -0.986328125, -0.997411489487, -0.987655222416, -0.989221870899, -0.962528586388], "var": [0.00789944920689, 0.00593215646222, 0.00635593570769, 0.00491988006979, 0.00282275606878, 0.00168042106088]}, "spectral_contrast_valleys": {"dmean": [0.477170079947, 0.554476976395, 0.444224774837, 0.405099451542, 0.414069771767, 0.645920932293], "dmean2": [0.753933548927, 0.913953661919, 0.692320048809, 0.638885736465, 0.604976117611, 0.851388394833], "dvar": [0.200688689947, 0.314494162798, 0.236818611622, 0.241244062781, 0.253513604403, 0.436101734638], "dvar2": [0.410831689835, 0.736668288708, 0.490194857121, 0.520231604576, 0.447191059589, 0.669628679752], "max": [-4.78441143036, -4.10987997055, -5.10160684586, -5.86246013641, -6.42932844162, -8.5196056366], "mea