{"lowlevel": {"average_loudness": 0.939481317997, "barkbands_crest": {"dmean": 1.88461005688, "dmean2": 3.00215697289, "dvar": 5.001121521, "dvar2": 12.4541435242, "max": 23.5139980316, "mean": 11.6087007523, "median": 11.5336065292, "min": 2.9275739193, "var": 12.5543670654}, "barkbands_flatness_db": {"dmean": 0.0168766584247, "dmean2": 0.0259966384619, "dvar": 0.000433340057498, "dvar2": 0.00105195853394, "max": 0.387180060148, "mean": 0.14445912838, "median": 0.133521005511, "min": 0.0327472947538, "var": 0.00393621670082}, "barkbands_kurtosis": {"dmean": 1.66505169868, "dmean2": 2.63488817215, "dvar": 7.97440481186, "dvar2": 20.0661506653, "max": 56.3093032837, "mean": 2.67302775383, "median": 1.22004032135, "min": -1.81907081604, "var": 26.8515472412}, "barkbands_skewness": {"dmean": 0.393325328827, "dmean2": 0.612282752991, "dvar": 0.264810979366, "dvar2": 0.632749199867, "max": 6.40311717987, "mean": 1.58669817448, "median": 1.58737432957, "min": -3.36787295341, "var": 1.05643117428}, "barkbands_spread": {"dmean": 5.73802757263, "dmean2": 9.13809394836, "dvar": 47.7198867798, "dvar2": 119.089019775, "max": 70.7868041992, "mean": 33.3300704956, "median": 33.7599525452, "min": 2.36012887955, "var": 182.318359375}, "dissonance": {"dmean": 0.00778160709888, "dmean2": 0.0129094980657, "dvar": 7.47185695218e-05, "dvar2": 0.000171545805642, "max": 0.499999910593, "mean": 0.482877731323, "median": 0.485843420029, "min": 0.277118086815, "var": 0.00019366905326}, "dynamic_complexity": 3.65665388107, "erbbands_crest": {"dmean": 1.47712874413, "dmean2": 2.37351155281, "dvar": 2.49434638023, "dvar2": 5.71630907059, "max": 30.7122097015, "mean": 7.7125005722, "median": 6.14533805847, "min": 2.55736231804, "var": 22.4294624329}, "erbbands_flatness_db": {"dmean": 0.0107805980369, "dmean2": 0.0152649451047, "dvar": 0.000212487037061, "dvar2": 0.000378013210138, "max": 0.400679379702, "mean": 0.151325181127, "median": 0.12903663516, "min": 0.0681390315294, "var": 0.00395638402551}, "erbbands_kurtosis": {"dmean": 0.615845382214, "dmean2": 0.924293637276, "dvar": 0.875023722649, "dvar2": 1.66200196743, "max": 28.049943924, "mean": 0.21734854579, "median": -0.239085674286, "min": -1.81192934513, "var": 5.44359111786}, "erbbands_skewness": {"dmean": 0.226507410407, "dmean2": 0.34385445714, "dvar": 0.0689410641789, "dvar2": 0.136149823666, "max": 3.47963476181, "mean": -0.656301081181, "median": -0.762664914131, "min": -3.43398046494, "var": 0.437062442303}, "erbbands_spread": {"dmean": 7.03679418564, "dmean2": 11.2420043945, "dvar": 70.1672973633, "dvar2": 184.094390869, "max": 105.446884155, "mean": 50.9126243591, "median": 50.8476448059, "min": 2.9992878437, "var": 273.757110596}, "hfc": {"dmean": 8.14353179932, "dmean2": 14.1856231689, "dvar": 452.057617188, "dvar2": 1284.59155273, "max": 267.442779541, "mean": 21.4733448029, "median": 17.668258667, "min": 1.21304183946e-16, "var": 425.819213867}, "melbands_crest": {"dmean": 2.26176071167, "dmean2": 3.56858181953, "dvar": 6.27751493454, "dvar2": 14.9310865402, "max": 33.2628898621, "mean": 18.7027740479, "median": 18.941286087, "min": 1.95198404789, "var": 28.7175655365}, "melbands_flatness_db": {"dmean": 0.0198802091181, "dmean2": 0.0310397129506, "dvar": 0.000683835300151, "dvar2": 0.00166524108499, "max": 0.45213881135, "mean": 0.212437927723, "median": 0.203392758965, "min": 0.00674259383231, "var": 0.00383652909659}, "melbands_kurtosis": {"dmean": 6.29066848755, "dmean2": 10.2567920685, "dvar": 119.448272705, "dvar2": 317.615081787, "max": 159.128845215, "mean": 17.5377426147, "median": 14.8619651794, "min": -1.76709854603, "var": 225.041275024}, "melbands_skewness": {"dmean": 0.618391036987, "dmean2": 0.981750786304, "dvar": 0.736255645752, "dvar2": 1.88004875183, "max": 11.1741056442, "mean": 3.62786841393, "median": 3.68516540527, "min": -2.66430664062, "var": 2.51172685623}, "melbands_spread": {"dmean": 6.48760557175, "dmean2": 10.2097835541, "dvar": 85.0494537354, "dvar2": 189.108001709, "max": 157.290817261, "mean": 26.0712928772, "median": 22.971830368, "min": 1.91214644909, "var": 256.936187744}, "pitch_salience": {"dmean": 0.0608900785446, "dmean2": 0.0990858823061, "dvar": 0.00472827535123, "dvar2": 0.0124751729891, "max": 0.931951284409, "mean": 0.470084011555, "median": 0.466832280159, "min": 0.186246618629, "var": 0.0108608799055}, "silence_rate_20dB": {"dmean": 0, "dmean2": 0, "dvar": 0, "dvar2": 0, "max": 1, "mean": 1, "median": 1, "min": 1, "var": 0}, "silence_rate_30dB": {"dmean": 0.0115504218265, "dmean2": 0.0231059771031, "dvar": 0.0114170992747, "dvar2": 0.0305704865605, "max": 1, "mean": 0.992449462414, "median": 1, "min": 0, "var": 0.00749370316043}, "silence_rate_60dB": {"dmean": 0.00888494029641, "dmean2": 0.0177738275379, "dvar": 0.00880600418895, "dvar2": 0.019679473713, "max": 1, "mean": 0.114368200302, "median": 0, "min": 0, "var": 0.101287797093}, "spectral_centroid": {"dmean": 250.421508789, "dmean2": 393.642211914, "dvar": 109323.53125, "dvar2": 215101.59375, "max": 11493.1162109, "mean": 2171.83129883, "median": 2245.73706055, "min": 276.827880859, "var": 379876.28125}, "spectral_complexity": {"dmean": 4.30519771576, "dmean2": 6.69673395157, "dvar": 28.8568458557, "dvar2": 59.8330230713, "max": 57, "mean": 21.5953807831, "median": 23, "min": 0, "var": 142.257080078}, "spectral_decrease": {"dmean": 2.91085400228e-09, "dmean2": 5.0584350042e-09, "dvar": 4.58531558352e-17, "dvar2": 1.24796791955e-16, "max": 6.79444250997e-29, "mean": -6.80305278777e-09, "median": -5.92631543839e-09, "min": -7.64956666899e-08, "var": 4.15786967111e-17}, "spectral_energy": {"dmean": 0.0115920193493, "dmean2": 0.0201429836452, "dvar": 0.000725513324142, "dvar2": 0.00197792355902, "max": 0.295156598091, "mean": 0.0276239477098, "median": 0.0241771880537, "min": 1.07462119148e-20, "var": 0.00066084775608}, "spectral_energyband_high": {"dmean": 0.000870998541359, "dmean2": 0.00154315924738, "dvar": 5.76436923438e-06, "dvar2": 1.65529418155e-05, "max": 0.0317646488547, "mean": 0.00159203645308, "median": 0.00101748586167, "min": 7.55864880613e-21, "var": 4.75459683003e-06}, "spectral_energyband_low": {"dmean": 0.00763737317175, "dmean2": 0.0128888981417, "dvar": 0.000434443209087, "dvar2": 0.00117004278582, "max": 0.275050550699, "mean": 0.0171511508524, "median": 0.0138825010508, "min": 5.24447225348e-23, "var": 0.000400881050155}, "spectral_energyband_middle_high": {"dmean": 0.00095406442415, "dmean2": 0.00157889642287, "dvar": 2.86948966277e-06, "dvar2": 7.85185966379e-06, "max": 0.0225854422897, "mean": 0.00339926616289, "median": 0.00336825894192, "min": 1.71197063892e-21, "var": 5.19098375662e-06}, "spectral_energyband_middle_low": {"dmean": 0.00416566897184, "dmean2": 0.00741207972169, "dvar": 0.000182623130968, "dvar2": 0.000515178078786, "max": 0.145451754332, "mean": 0.00669046770781, "median": 0.00469534751028, "min": 1.97707955138e-22, "var": 0.000122151046526}, "spectral_entropy": {"dmean": 0.130033880472, "dmean2": 0.186146736145, "dvar": 0.0435762107372, "dvar2": 0.0918534249067, "max": 9.7793264389, "mean": 7.55803442001, "median": 7.79321098328, "min": 4.84942388535, "var": 0.440140217543}, "spectral_flux": {"dmean": 0.0284098070115, "dmean2": 0.0443346612155, "dvar": 0.00238554389216, "dvar2": 0.00418813619763, "max": 0.456832200289, "mean": 0.0692971497774, "median": 0.0520199164748, "min": 1.03663938544e-10, "var": 0.00421128701419}, "spectral_kurtosis": {"dmean": 1.24720990658, "dmean2": 2.19280338287, "dvar": 2.73773550987, "dvar2": 8.12417411804, "max": 36.5426673889, "mean": 3.22464513779, "median": 2.62521743774, "min": -1.1982023716, "var": 5.8334479332}, "spectral_rms": {"dmean": 0.000809302320704, "dmean2": 0.00134320941288, "dvar": 2.48169385486e-06, "dvar2": 6.53569168207e-06, "max": 0.0169693157077, "mean": 0.00470180949196, "median": 0.00485669635236, "min": 3.23791731274e-12, "var": 4.84318297822e-06}, "spectral_rolloff": {"dmean": 591.645385742, "dmean2": 1019.35949707, "dvar": 739297, "dvar2": 1563663.25, "max": 19444.4824219, "mean": 1875.23535156, "median": 1937.98828125, "min": 64.599609375, "var": 1941112.125}, "spectral_skewness": {"dmean": 0.179359942675, "dmean2": 0.303971081972, "dvar": 0.0395297631621, "dvar2": 0.110199019313, "max": 4.29803609848, "mean": 0.988514900208, "median": 0.985165417194, "min": -0.0554313287139, "var": 0.185646444559}, "spectral_spread": {"dmean": 323885.4375, "dmean2": 478466.0625, "dvar": 434265948160, "dvar2": 555121508352, "max": 40903468, "mean": 4353454.5, "median": 4357305.5, "min": 1805153.25, "var": 1797150736380.0}, "spectral_strongpeak": {"dmean": 0.252594411373, "dmean2": 0.415632754564, "dvar": 0.474817574024, "dvar2": 0.930635452271, "max": 11.5685148239, "mean": 0.560845255852, "median": 0.416592329741, "min": 0, "var": 0.772214114666}, "zerocrossingrate": {"dmean": 0.00949024781585, "dmean2": 0.0114106591791, "dvar": 0.000142314471304, "dvar2": 0.000169051898411, "max": 0.50634765625, "mean": 0.0695632174611, "median": 0.064453125, "min": 0.0087890625, "var": 0.00105563667603}, "barkbands": {"dmean": [0.000202502269531, 0.00516382791102, 0.00304430583492, 0.00180040032137, 0.00213701231405, 0.000418699200964, 0.000223544877372, 0.000189755781321, 0.000195182889001, 9.08037472982e-05, 5.16668224009e-05, 7.45645666029e-05, 8.29778873594e-05, 9.32928014663e-05, 0.000194282503799, 0.000186530247447, 0.000172428000951, 0.000191355211427, 0.000365444342606, 0.000324500608258, 0.000331323797582, 0.000284145789919, 0.000109201449959, 4.36887930846e-05, 3.46506167261e-05, 2.29168254009e-05, 3.70407542505e-06], "dmean2": [0.000301702937577, 0.00850853137672, 0.00539378589019, 0.00314820953645, 0.00384133309126, 0.000701482407749, 0.000379367236746, 0.000287266710075, 0.000314987031743, 0.000143735247548, 8.37759798742e-05, 0.000124223704915, 0.000135703041451, 0.000149516286911, 0.000298591185128, 0.000302588276099, 0.000289276911644, 0.000321191066178, 0.000615588156506, 0.000546888972167, 0.000576563412324, 0.000523184193298, 0.000196755077923, 7.39067181712e-05, 5.44293143321e-05, 3.4128272091e-05, 5.63086950933e-06], "dvar": [1.35975795956e-07, 0.000205138872843, 7.04961857991e-05, 2.49942586379e-05, 6.1566279328e-05, 1.54598797053e-06, 2.58080547155e-07, 8.73454411021e-08, 1.0000950823e-07, 1.98134273433e-08, 7.53161355505e-09, 2.14494964013e-08, 1.87781488137e-08, 2.18724665046e-08, 9.22363057043e-08, 9.41157196621e-08, 1.094335218e-07, 1.35810296342e-07, 3.2352770063e-07, 3.3624675666e-07, 5.30440843249e-07, 9.40166728469e-07, 1.49261964566e-07, 1.16008704865e-08, 6.83980116989e-09, 2.17673101766e-09, 6.71347838432e-11], "dvar2": [3.05489464836e-07, 0.000529599899892, 0.000206081094802, 7.01308090356e-05, 0.00017529221077, 4.5157707973e-06, 7.33267484065e-07, 1.95924229729e-07, 2.63576595216e-07, 4.71147778569e-08, 1.79846928461e-08, 5.56861365908e-08, 4.8224052307e-08, 5.34902184768e-08, 2.22864400712e-07, 2.48135876291e-07, 3.03588393535e-07, 3.80325701599e-07, 8.85609949819e-07, 9.27209327983e-07, 1.48441245074e-06, 2.7412252166e-06, 4.3426183538e-07, 3.27330518246e-08, 1.81931536503e-08, 5.00475705323e-09, 1.62621222044e-10], "max": [0.00417365226895, 0.184545576572, 0.107339531183, 0.0565094724298, 0.0780220478773, 0.0190041586757, 0.00723536731675, 0.00379751855507, 0.00476783933118, 0.00243334611878, 0.0015216000611, 0.00181092973799, 0.00172573071904, 0.00260186218657, 0.00499127153307, 0.0049028750509, 0.00390643905848, 0.00609545316547, 0.00755497906357, 0.00737639563158, 0.00937892124057, 0.016744768247, 0.00618957169354, 0.00160361139569, 0.00123300973792, 0.00066323147621, 0.000117513292935], "mean": [0.000391228939407, 0.00729204667732, 0.00828099995852, 0.00244101788849, 0.00208783010021, 0.000808182288893, 0.000409208150813, 0.000428335362813, 0.000490305188578, 0.000199286543648, 8.84829860297e-05, 0.000123824909679, 0.000153983157361, 0.000198120222194, 0.000429216655903, 0.000374970084522, 0.000300946674543, 0.000370697351173, 0.000818009953946, 0.000626143417321, 0.000568338204175, 0.000330181559548, 0.000152655149577, 0.000101249563158, 9.1480294941e-05, 6.06772300671e-05, 6.5509570959e-06], "median": [4.08532905567e-05, 0.00363169051707, 0.00616413820535, 0.00133702717721, 0.00083189480938, 0.000452362757642, 0.000196365319425, 0.000173405613168, 0.000228642384172, 9.47546068346e-05, 4.83117328258e-05, 6.64722174406e-05, 0.000103560014395, 0.000119940246805, 0.000286089139991, 0.000268219184363, 0.000200217487873, 0.000298667931929, 0.000733419205062, 0.000504491152242, 0.000409738888266, 0.000117762414447, 5.53279860469e-05, 4.02113073505e-05, 3.15328616125e-05, 1.03068905446e-05, 3.47700165548e-07], "min": [2.11877610401e-23, 2.58470812021e-23, 1.00260308304e-23, 1.05562763096e-23, 7.05081289623e-23, 3.44742723209e-23, 2.33136875371e-23, 1.37609700945e-23, 2.6377022181e-23, 5.46862487088e-23, 8.83878317731e-23, 6.49909052109e-23, 4.71537851118e-23, 6.69032870609e-23, 2.66959264595e-22, 1.94952167384e-22, 1.32412688457e-22, 3.35392279169e-22, 3.17494123324e-22, 3.28314391935e-22, 5.11629283245e-22, 5.41656434254e-22, 5.48013618165e-22, 8.40596599574e-22, 1.10002944956e-21, 1.64180266047e-21, 2.35487556545e-21], "var": [4.41377210336e-07, 0.000183552052476, 7.63556745369e-05, 1.88753401744e-05, 3.75897507183e-05, 1.41227849326e-06, 3.42058541491e-07, 3.41412260241e-07, 3.73000830223e-07, 8.2244220323e-08, 1.52406549603e-08, 3.04331209122e-08, 3.07136751587e-08, 6.07622965276e-08, 2.09527797779e-07, 1.4416470151e-07, 1.31081051791e-07, 1.46323387185e-07, 4.83872838686e-07, 3.86113953255e-07, 4.58129363778e-07, 6.05585739777e-07, 1.09242463964e-07, 1.84729138653e-08, 1.58549191553e-08, 8.19400991503e-09, 1.36702760223e-10]}, "erbbands": {"dmean": [0.129867076874, 1.29415929317, 3.45900344849, 4.38165426254, 9.14937210083, 5.56076049805, 3.41637134552, 3.44762659073, 3.11240768433, 3.36608457565, 3.9946398735, 4.85887241364, 2.75249052048, 2.45535349846, 2.0281932354, 3.17473626137, 3.92171025276, 2.92987346649, 7.68222284317, 11.5501346588, 10.9053878784, 8.65539360046, 9.20613479614, 14.1849050522, 19.018661499, 15.2253684998, 16.160982132, 11.6136379242, 11.2834844589, 5.13912343979, 2.85548496246, 1.20437419415, 0.6484567523, 0.411656171083, 0.255267202854, 0.117269821465, 0.0416273772717, 0.00917560141534, 0.000447551399702, 2.44728053076e-05], "dmean2": [0.201005429029, 2.23503303528, 6.20705509186, 7.67689752579, 16.6394348145, 9.87922382355, 5.7459654808, 5.9161491394, 5.34339427948, 5.35737085342, 6.10395002365, 7.82075881958, 4.52003479004, 3.80624318123, 3.25026035309, 5.3216342926, 6.36406707764, 4.82499170303, 11.8321056366, 17.8629817963, 17.914516449, 14.5099134445, 15.5315570831, 23.6243610382, 32.1352806091, 25.4488105774, 28.0624961853, 20.9143409729, 20.8380832672, 9.31170272827, 5.1506652832, 2.09402942657, 1.07751703262, 0.680477023125, 0.391863435507, 0.178001523018, 0.0614954978228, 0.0130078680813, 0.000673857924994, 4.08902778872e-05], "dvar": [0.0910458490252, 15.0303821564, 104.320777893, 90.5017318726, 1126.8762207, 379.48223877, 91.7996063232, 118.733810425, 69.5527572632, 33.6951332092, 35.8516578674, 64.8046875, 22.3056850433, 18.5463504791, 9.52939510345, 46.1693267822, 42.7530174255, 21.6777935028, 147.845855713, 356.479492188, 348.63885498, 293.224884033, 363.489990234, 575.40637207, 1034.35241699, 735.474121094, 1093.44274902, 1056.3112793, 1342.26281738, 289.267272949, 110.864219666, 11.6643238068, 1.92757666111, 0.923909604549, 0.353110998869, 0.0568206980824, 0.00705500133336, 0.000344198575476, 1.2176412838e-06, 6.64983090815e-09], "dvar2": [0.196070045233, 40.918762207, 305.341644287, 259.889801025, 3203.01416016, 1088.30456543, 261.373840332, 347.394500732, 198.434280396, 91.9326324463, 82.8339385986, 170.524307251, 59.3834762573, 39.9023132324, 23.3093948364, 121.323638916, 109.913665771, 57.7959861755, 321.566192627, 887.199035645, 926.767578125, 823.902648926, 1015.800354, 1597.71569824, 2880.09765625, 1977.79382324, 2981.04882812, 3054.62890625, 3901.53125, 841.426513672, 322.899841309, 33.5390892029, 5.32798051834, 2.56102108955, 0.911375701427, 0.138024359941, 0.0161318089813, 0.000741226831451, 3.0371363664e-06, 1.90634121822e-08], "max": [2.86486506462, 49.4054260254, 137.109283447, 97.0323486328, 328.727386475, 194.614318848, 133.668060303, 171.16809082, 127.547920227, 94.5255508423, 80.7260055542, 120.373817444, 70.4700393677, 97.2066497803, 46.1927986145, 84.0624771118, 90.2697677612, 67.9938201904, 243.381271362, 357.75579834, 268.02520752, 229.303939819, 334.594207764, 395.406585693, 361.502441406, 370.540161133, 468.754882812, 464.819091797, 571.605285645, 236.809234619, 169.965667725, 47.6610374451, 19.5158214569, 16.3697795868, 8.54443836212, 3.32720160484, 1.16955304146, 0.201115980744, 0.0182375684381, 0.00170634337701], "mean": [0.192057028413, 1.80097973347, 9.03917694092, 8.264087677, 8.63218021393, 6.20981550217, 5.83021783829, 6.28893041611, 5.0102186203, 7.25791692734, 10.1324329376, 11.8675584793, 6.38246917725, 6.02390193939, 4.08946228027, 5.28334665298, 7.45943403244, 6.98920679092, 17.6377792358, 25.1378173828, 22.4012432098, 16.8076820374, 18.8020267487, 33.0129394531, 40.6823654175, 31.0350189209, 26.8905773163, 17.9411411285, 12.7892723083, 7.41041231155, 3.89763593674, 2.34686803818, 1.57767188549, 1.01476335526, 0.650372028351, 0.298830419779, 0.105222560465, 0.0205667577684, 0.000798861670773, 5.32341582584e-05], "median": [0.0554813891649, 1.13584327698, 6.43687486649, 6.93587684631, 3.67729640007, 2.75273633003, 3.27798867226, 3.46988081932, 2.40882563591, 4.68422365189, 5.9822883606, 6.08403873444, 3.85628986359, 3.53795266151, 2.8745932579, 3.03391265869, 5.21520519257, 5.55000543594, 11.105714798, 16.7184715271, 15.8215942383, 12.6705684662, 15.6658201218, 28.6853199005, 34.5215339661, 25.2872810364, 19.8916530609, 11.0639009476, 4.66448497772, 2.62752199173, 1.46658706665, 0.927474617958, 0.640045046806, 0.375519990921, 0.189516469836, 0.0694447606802, 0.0160693470389, 0.00253942026757, 9.26606589928e-05, 3.47897548636e-05], "min": [8.91834794064e-22, 5.32267944399e-21, 1.28174850933e-20, 2.44726037115e-20, 5.33244437575e-20, 4.01691675056e-19, 2.78082379659e-19, 2.51115309413e-19, 2.46896972632e-19, 4.9628241474e-19, 2.58424561649e-19, 7.31205431018e-19, 1.44552148829e-18, 2.14631262556e-18, 3.29210335773e-18, 2.94895182331e-18, 2.24119210297e-18, 2.4778238676e-18, 1.17880458576e-17, 9.62380719415e-18, 1.17519303248e-17, 9.07071784065e-18, 1.68445140881e-17, 1.65058481474e-17, 1.46330235594e-17, 1.73379488302e-17, 2.02275884949e-17, 1.70711880457e-17, 1.93821751673e-17, 1.90259878868e-17, 1.44871039363e-17, 1.69640102538e-17, 1.46807899311e-17, 1.18231613289e-17, 7.96355727026e-18, 7.96166054512e-18, 2.67880724976e-18, 7.56098604372e-19, 3.47447988069e-19, 4.08147974834e-20], "var": [0.134207874537, 10.9756450653, 98.7714614868, 78.8743362427, 683.592041016, 238.622161865, 85.3823623657, 97.3852539062, 65.0832290649, 72.5474624634, 142.110992432, 222.002578735, 62.7725944519, 85.5336074829, 19.8929004669, 56.4052810669, 69.6804656982, 46.0156822205, 429.500579834, 742.18939209, 508.685150146, 329.913238525, 368.449401855, 851.988708496, 1342.40527344, 905.405883789, 965.582641602, 779.122070312, 864.713745117, 224.929107666, 77.2700042725, 12.7669744492, 4.11645746231, 1.86710047722, 0.872707486153, 0.188365593553, 0.0259900856763, 0.00112669076771, 2.07113362194e-06, 5.19323029025e-09]}, "gfcc": {"mean": [-22.9122238159, 76.7300109863, -115.731796265, 62.9331474304, -45.0225410461, -2.2205286026, -27.0751590729, 11.9498405457, -22.4713096619, 9.30155563354, -26.962644577, -6.49610233307, -9.17666721344], "cov": [[21776.9355469, 85.8138122559, 725.585266113, 2437.12426758, 1119.109375, 2551.49755859, 314.383117676, 471.832397461, -542.197937012, -97.4328155518, 264.910705566, -422.734863281, -1298.79748535], [85.8138122559, 2578.67871094, -722.742431641, 570.193054199, 457.513702393, -341.503448486, 408.229064941, -355.857910156, 41.4969444275, -208.053131104, 344.193481445, -344.627807617, 83.9866027832], [725.585266113, -722.742431641, 824.667724609, -42.739276886, -43.5946655273, 314.894348145, -181.506027222, 120.703659058, -84.7161483765, 31.8684101105, -101.637992859, 105.763580322, -184.778015137], [2437.12426758, 570.193054199, -42.739276886, 546.200805664, 249.522262573, 236.988372803, 131.318084717, -12.8358840942, -15.9754123688, -75.8038711548, 89.6973114014, -133.168701172, -107.226753235], [1119.109375, 457.513702393, -43.5946655273, 249.522262573, 283.128051758, 85.5885696411, 140.888397217, -28.070514679, -17.5752849579, -17.210231781, 22.2528991699, -57.4152412415, -29.6541957855], [2551.49755859, -341.503448486, 314.894348145, 236.988372803, 85.5885696411, 541.427490234, 1.9072728157, 150.870010376, -74.6839294434, -6.82999515533, 67.3612747192, -32.672252655, -250.055999756], [314.383117676, 408.229064941, -181.506027222, 131.318084717, 140.888397217, 1.9072728157, 210.38609314, -9.9877281189, 29.0961475372, -48.4442367554, 50.378326416, -32.994102478, 2.09950709343], [471.832397461, -355.857910156, 120.703659058, -12.8358840942, -28.070514679, 150.870010376, -9.9877281189, 151.911453247, 24.5575962067, 24.6123485565, -27.4960899353, 30.0309314728, -44.4558067322], [-542.197937012, 41.4969444275, -84.7161483765, -15.9754123688, -17.5752849579, -74.6839294434, 29.0961475372, 24.5575962067, 115.96081543, 9.94176578522, -2.82146549225, 14.8403816223, 44.2237472534], [-97.4328155518, -208.053131104, 31.8684101105, -75.8038711548, -17.210231781, -6.82999515533, -48.4442367554, 24.6123485565, 9.94176578522, 119.231185913, -26.8957443237, 6.8352432251, 30.2453041077], [264.910705566, 344.193481445, -101.637992859, 89.6973114014, 22.2528991699, 67.3612747192, 50.378326416, -27.4960899353, -2.82146549225, -26.8957443237, 247.875579834, -78.9884872437, -76.4972610474], [-422.734863281, -344.627807617, 105.763580322, -133.168701172, -57.4152412415, -32.672252655, -32.994102478, 30.0309314728, 14.8403816223, 6.8352432251, -78.9884872437, 187.321929932, 44.1890220642], [-1298.79748535, 83.9866027832, -184.778015137, -107.226753235, -29.6541957855, -250.055999756, 2.09950709343, -44.4558067322, 44.2237472534, 30.2453041077, -76.4972610474, 44.1890220642, 230.766113281]], "icov": [[0.000299830950098, -3.56543278031e-05, 0.000463541276986, -0.00114476645831, -8.72407690622e-05, -0.000554703234229, 0.000267071387498, -0.000505840172991, 0.00103653303813, -0.000702661112882, 0.000438933435362, -0.000561001943424, 0.000973950547632], [-3.56543278031e-05, 0.00269418722019, -0.000246959476499, -0.00092279742239, -0.00240708445199, 0.00210907519795, -0.0014411957236, 0.00251035671681, -0.00090459943749, 0.00239417864941, -0.00245714699849, 0.00246114865877, -0.000761207134929], [0.000463541276986, -0.000246959476499, 0.00353509932756, -0.00138035323471, -0.000944104802329, -0.00177144783083, 0.00289331190288, -0.00159332714975, 0.00216565839946, -0.00108751875814, 0.00175740453415, -0.00238348008133, 0.00328037538566], [-0.00114476645831, -0.00092279742239, -0.00138035323471, 0.0101408334449, -0.00224656914361, -0.001876587281, 0.000274850404821, 0.00288099213503, -0.00595498317853, 0.00467869034037, -0.000658045930322, 0.00338890822604, -0.00460911588743], [-8.72407690622e-05, -0.00240708445199, -0.000944104802329, -0.00224656914361, 0.0119164492935, -0.00187335745431, -0.00513733131811, 0.00039237056626, 0.0020641295705, -0.00532812438905, 0.00319853844121, -0.00193841010332, -5.68837858737e-05], [-0.000554703234229, 0.00210907519795, -0.00177144783083, -0.001876587281, -0.00187335745431, 0.0115095712245, -0.00149098155089, -0.00467865774408, 0.00203753937967, 0.0013472714927, -0.00394979678094, 0.00163772248197, 0.00297323055565], [0.000267071387498, -0.0014411957236, 0.00289331190288, 0.000274850404821, -0.00513733131811, -0.00149098155089, 0.0127681642771, -0.00422303471714, -0.000655801733956, 0.00221431115642, 0.000557923165616, -0.00261078216136, 0.0017869345611], [-0.000505840172991, 0.00251035671681, -0.00159332714975, 0.00288099213503, 0.00039237056626, -0.00467865774408, -0.00422303471714, 0.0190564356744, -0.00888794939965, 0.001888569328, -0.000621562940069, 0.00334045337513, -0.00439747981727], [0.00103653303813, -0.00090459943749, 0.00216565839946, -0.00595498317853, 0.0020641295705, 0.00203753937967, -0.000655801733956, -0.00888794939965, 0.0175469443202, -0.00517503032461, 0.00126990827266, -0.00419635605067, 0.00443706568331], [-0.000702661112882, 0.00239417864941, -0.00108751875814, 0.00467869034037, -0.00532812438905, 0.0013472714927, 0.00221431115642, 0.001888569328, -0.00517503032461, 0.0158895347267, -0.0032265051268, 0.00523096742108, -0.00556605076417], [0.000438933435362, -0.00245714699849, 0.00175740453415, -0.000658045930322, 0.00319853844121, -0.00394979678094, 0.000557923165616, -0.000621562940069, 0.00126990827266, -0.0032265051268, 0.00888273585588, -0.00166140310466, 0.00391455320641], [-0.000561001943424, 0.00246114865877, -0.00238348008133, 0.00338890822604, -0.00193841010332, 0.00163772248197, -0.00261078216136, 0.00334045337513, -0.00419635605067, 0.00523096742108, -0.00166140310466, 0.0116376178339, -0.00485479272902], [0.000973950547632, -0.000761207134929, 0.00328037538566, -0.00460911588743, -5.68837858737e-05, 0.00297323055565, 0.0017869345611, -0.00439747981727, 0.00443706568331, -0.00556605076417, 0.00391455320641, -0.00485479272902, 0.015034542419]]}, "melbands": {"dmean": [0.00128314143512, 0.00174037995748, 0.000934340932872, 0.000551483011805, 0.000130426386022, 7.61837654863e-05, 4.73470427096e-05, 3.88288281101e-05, 3.17333324347e-05, 2.93506673188e-05, 1.41191931107e-05, 1.10951059469e-05, 7.40296263757e-06, 7.69390862843e-06, 8.81317464518e-06, 8.43514771987e-06, 5.89361206949e-06, 1.33891117002e-05, 1.31321603476e-05, 1.36822045533e-05, 1.42954049807e-05, 9.57977590588e-06, 9.0474368335e-06, 9.71484951151e-06, 1.26656559587e-05, 1.53999626491e-05, 1.31690458147e-05, 1.01943132904e-05, 1.20568583952e-05, 7.35005505703e-06, 7.1603167271e-06, 7.41462281439e-06, 4.19833486376e-06, 2.53091320701e-06, 1.91037543118e-06, 1.06725951809e-06, 6.66629716761e-07, 4.97334099236e-07, 4.06667595598e-07, 3.87273814795e-07], "dmean2": [0.00205145031214, 0.00313170906156, 0.00165932287928, 0.000989415799268, 0.000223630137043, 0.000130201049615, 8.12269136077e-05, 6.04864071647e-05, 4.8979971325e-05, 4.74873122585e-05, 2.3119375328e-05, 1.71902356669e-05, 1.19183278002e-05, 1.28720048451e-05, 1.46355296238e-05, 1.37251981869e-05, 9.69139728113e-06, 2.05984179047e-05, 2.03145573323e-05, 2.18811219383e-05, 2.33747832681e-05, 1.61343250511e-05, 1.49937350216e-05, 1.63778004207e-05, 2.1077123165e-05, 2.59183398157e-05, 2.23622137128e-05, 1.70230014191e-05, 2.07780540222e-05, 1.27963694467e-05, 1.3001116713e-05, 1.37452834679e-05, 7.60706825531e-06, 4.56256020698e-06, 3.45883222508e-06, 1.8977802938e-06, 1.14066108381e-06, 8.27458791264e-07, 6.82887275616e-07, 6.43813791612e-07], "dvar": [1.10529954327e-05, 2.7878817491e-05, 5.67537654206e-06, 4.04380580221e-06, 1.55816422875e-07, 5.71693554718e-08, 1.47752121649e-08, 3.6424705474e-09, 2.02838701391e-09, 2.30651364674e-09, 5.67003888285e-10, 3.67148006442e-10, 1.55801149759e-10, 1.92726987147e-10, 3.14776094079e-10, 2.0376562937e-10, 9.00698196582e-11, 4.03029692952e-10, 5.50124612531e-10, 4.83529494222e-10, 6.08229910881e-10, 3.49135831357e-10, 3.31209948357e-10, 3.30908578317e-10, 4.37292813071e-10, 5.636875966e-10, 4.76473582811e-10, 3.13968101517e-10, 5.57965118553e-10, 3.07574715697e-10, 4.64920990595e-10, 5.41843903079e-10, 2.41252129385e-10, 6.67090757633e-11, 5.31002429527e-11, 1.106759389e-11, 2.69085036371e-12, 8.64523513541e-13, 1.00731077125e-12, 7.21111592748e-13], "dvar2": [2.67220621026e-05, 7.98902838142e-05, 1.61422212841e-05, 1.14963713713e-05, 4.48740905767e-07, 1.67207574009e-07, 4.21891499514e-08, 9.62057278286e-09, 4.86042806003e-09, 6.13083672718e-09, 1.4882997057e-09, 7.92805543437e-10, 3.70866864996e-10, 4.95414320678e-10, 8.35062408111e-10, 5.29368215929e-10, 2.43630893237e-10, 8.85287010366e-10, 1.41474776338e-09, 1.24393539913e-09, 1.62401836423e-09, 9.81679404433e-10, 8.95314877791e-10, 9.18259357441e-10, 1.20884680044e-09, 1.52357482186e-09, 1.33715305495e-09, 8.37883207261e-10, 1.48179546411e-09, 8.72344918523e-10, 1.35254529798e-09, 1.57237767251e-09, 7.07374436804e-10, 1.93518201463e-10, 1.54793539098e-10, 3.21082709032e-11, 7.64151849436e-12, 2.33547035877e-12, 2.90141652023e-12, 1.99030635722e-12], "max": [0.0395747423172, 0.0698441565037, 0.0254500806332, 0.0200735852122, 0.00512221409008, 0.0036870194599, 0.00180800701492, 0.000939058838412, 0.000613140524365, 0.000669270462822, 0.000345814973116, 0.000421782606281, 0.000222035014303, 0.000195346874534, 0.000234330625972, 0.000212464816286, 0.000140368356369, 0.000371067057131, 0.000492948049214, 0.000378090247978, 0.000362375518307, 0.000251185614616, 0.000348324480001, 0.000261770474026, 0.000348373549059, 0.000303356122458, 0.000235291430727, 0.000231066413107, 0.000284727138933, 0.000256765517406, 0.000325746485032, 0.000340021011652, 0.000283752800897, 0.000113068446808, 0.000129850042867, 4.29757346865e-05, 2.42391852225e-05, 1.30269045258e-05, 1.42701583172e-05, 1.53150504048e-05], "mean": [0.00184758694377, 0.00391188170761, 0.00154450605623, 0.000554258702323, 0.000207388584386, 0.000142282267916, 7.93448780314e-05, 8.67966518854e-05, 8.39580898173e-05, 6.98644435033e-05, 3.12453958031e-05, 2.61097902694e-05, 1.36037615448e-05, 1.33031180667e-05, 1.42324533954e-05, 1.62661071954e-05, 1.2062913811e-05, 2.87751045107e-05, 2.83696972474e-05, 2.95207119052e-05, 2.5885668947e-05, 1.63643162523e-05, 1.65289984579e-05, 1.8329526938e-05, 2.71394310403e-05, 3.26430163113e-05, 2.53388661804e-05, 1.88359827007e-05, 1.86304259842e-05, 1.19518026622e-05, 9.79728883976e-06, 7.72018756834e-06, 5.33303864358e-06, 3.58449528903e-06, 2.35088350564e-06, 1.67586404132e-06, 1.34168624299e-06, 1.14642352855e-06, 9.06711591142e-07, 8.59560771005e-07], "median": [0.000728061480913, 0.00297738984227, 0.00123092520516, 0.000230708013987, 0.000123829726363, 7.89311452536e-05, 3.79121738661e-05, 5.57152452529e-05, 5.37310988875e-05, 3.37470555678e-05, 1.64354532899e-05, 1.39523235703e-05, 8.23370919534e-06, 7.47128206058e-06, 8.46164130053e-06, 1.01658961285e-05, 8.63113837113e-06, 1.62999021995e-05, 2.01447892323e-05, 2.16943735722e-05, 1.68789229065e-05, 1.16241326396e-05, 1.17982363008e-05, 1.46152688103e-05, 2.18817913265e-05, 2.78609004454e-05, 2.08805631701e-05, 1.46554993989e-05, 1.31929255076e-05, 8.39377480588e-06, 5.41357258044e-06, 2.68382223112e-06, 1.70382099896e-06, 1.26651491428e-06, 8.25831307338e-07, 6.15357294009e-07, 5.27006477569e-07, 4.57671859522e-07, 3.54839784222e-07, 3.00849734458e-07], "min": [8.7967599258e-24, 7.0276573043e-24, 4.4930105338e-24, 1.53156019462e-23, 1.25830169584e-23, 6.22227607401e-24, 3.69109753047e-24, 4.93118095702e-24, 2.27280391733e-24, 4.30596254127e-24, 7.16481260559e-24, 7.98702260558e-24, 1.21598341035e-23, 6.87672770275e-24, 7.14487177963e-24, 4.46453975487e-24, 4.2346542486e-24, 1.65636067196e-23, 1.8943705778e-23, 1.08787531813e-23, 1.39391643066e-23, 7.24956308808e-24, 1.51167032908e-23, 1.48966205645e-23, 1.3080071115e-23, 1.21019064695e-23, 1.00597917105e-23, 1.15479446761e-23, 1.18493707945e-23, 1.17590485875e-23, 9.56715596381e-24, 9.89626478916e-24, 1.1858039587e-23, 1.01652411143e-23, 7.41180968818e-24, 1.01861956265e-23, 1.08117370808e-23, 1.24077115549e-23, 8.2606382217e-24, 9.97102119285e-24], "var": [1.20114509627e-05, 2.19080829993e-05, 4.15828162659e-06, 2.49153163168e-06, 1.18709607477e-07, 4.82288804449e-08, 1.53563526339e-08, 9.52559986445e-09, 8.26624280137e-09, 7.54170681461e-09, 1.69970404418e-09, 1.71681335814e-09, 3.22085552673e-10, 3.24166221644e-10, 3.93206051053e-10, 3.68909486292e-10, 1.60671156935e-10, 1.25301025111e-09, 9.28837895486e-10, 8.54668114059e-10, 8.29684820847e-10, 3.62425561784e-10, 4.00045857551e-10, 3.70104974445e-10, 6.60685561815e-10, 8.62805382695e-10, 5.78344927504e-10, 3.89712345727e-10, 5.24883303488e-10, 2.53322418597e-10, 3.19826554129e-10, 3.42350647831e-10, 1.61121976872e-10, 5.34268289332e-11, 3.48607323564e-11, 9.45645384914e-12, 3.60518277558e-12, 2.1306619663e-12, 1.56287190221e-12, 1.42653618952e-12]}, "mfcc": {"mean": [-660.959472656, 98.5077209473, -5.51659965515, 60.5529785156, 4.01390600204, 7.30390501022, 2.99864768982, -1.78240549564, 11.6480579376, 8.31350231171, -0.680360376835, -4.15894174576, -1.06721067429], "cov": [[15831.8222656, 301.104827881, 313.594238281, 682.760803223, 814.552368164, 974.881835938, 1242.9041748, 734.846008301, -530.566223145, 455.813873291, 775.577270508, 224.534561157, -120.466156006], [301.104827881, 1668.86328125, -637.027893066, 739.257324219, -37.4246139526, 111.980697632, 156.780914307, -103.94405365, -31.3733444214, -33.3255729675, 21.2271595001, -31.2662181854, -35.4757385254], [313.594238281, -637.027893066, 720.346374512, -289.182434082, 195.544311523, -2.85090613365, -43.2969284058, 63.4379234314, -35.6677703857, 17.8457221985, -2.49738764763, -6.54526090622, 14.5930347443], [682.760803223, 739.257324219, -289.182434082, 482.495544434, -4.71745872498, 96.5104751587, 83.6994018555, -17.5308570862, 14.0839509964, -17.984954834, 11.0033874512, 1.61697995663, -14.3076944351], [814.552368164, -37.4246139526, 195.544311523, -4.71745872498, 187.780609131, 74.1737823486, 92.0044250488, 50.5482940674, -55.9458808899, 40.476360321, 52.9034042358, 11.9792842865, -2.24475073814], [974.881835938, 111.980697632, -2.85090613365, 96.5104751587, 74.1737823486, 157.713973999, 116.856452942, 60.1708145142, -31.1805858612, 9.04648590088, 52.6887817383, 22.5540103912, -3.35872554779], [1242.9041748, 156.780914307, -43.2969284058, 83.6994018555, 92.0044250488, 116.856452942, 234.73197937, 76.4337158203, -74.030128479, 56.742149353, 87.2855377197, 21.7782859802, -10.9399785995], [734.846008301, -103.94405365, 63.4379234314, -17.5308570862, 50.5482940674, 60.1708145142, 76.4337158203, 200.142456055, -16.5169734955, -8.28825283051, 60.3429031372, 60.1681480408, -25.5252399445], [-530.566223145, -31.3733444214, -35.6677703857, 14.0839509964, -55.9458808899, -31.1805858612, -74.030128479, -16.5169734955, 168.572647095, 4.45211458206, -78.2186355591, -26.0210933685, 23.1826992035], [455.813873291, -33.3255729675, 17.8457221985, -17.984954834, 40.476360321, 9.04648590088, 56.742149353, -8.28825283051, 4.45211458206, 132.800796509, 65.5662078857, -6.42790460587, -1.40711891651], [775.577270508, 21.2271595001, -2.49738764763, 11.0033874512, 52.9034042358, 52.6887817383, 87.2855377197, 60.3429031372, -78.2186355591, 65.5662078857, 143.258010864, 51.5106735229, -19.4256839752], [224.534561157, -31.2662181854, -6.54526090622, 1.61697995663, 11.9792842865, 22.5540103912, 21.7782859802, 60.1681480408, -26.0210933685, -6.42790460587, 51.5106735229, 92.299697876, 9.57540607452], [-120.466156006, -35.4757385254, 14.5930347443, -14.3076944351, -2.24475073814, -3.35872554779, -10.9399785995, -25.5252399445, 23.1826992035, -1.40711891651, -19.4256839752, 9.57540607452, 70.211517334]], "icov": [[0.000179826922249, 0.000223652081331, -2.55453724094e-05, -0.000493787461892, -9.24889318412e-05, -0.000439424999058, -0.000351508468157, -0.000288332230411, 0.000303186825477, -0.000333421776304, -0.000204548909096, 0.000217047607293, -5.03241535625e-05], [0.000223652081331, 0.00283482996747, 0.0010645192815, -0.00387769914232, -0.00105955882464, 0.000324422959238, -0.0010835720459, 0.000539032334927, 0.000855516525917, 0.000492393795867, -0.000784633040894, 0.00121920206584, 0.000157436428708], [-2.55453724094e-05, 0.0010645192815, 0.00395662290975, 0.000308122078422, -0.00461224233732, 6.61126468913e-05, 0.00186681421474, -0.000743930402678, 0.000776371802203, 6.72774258419e-05, 0.000768890487961, 0.00118079700042, -0.000592706899624], [-0.000493787461892, -0.00387769914232, 0.000308122078422, 0.00912637636065, -8.83063112269e-05, -0.00165357906371, 0.00143959361594, 0.000687288760673, -0.00261529628187, 0.00104804569855, 0.000893523625564, -0.00186515506357, 0.000767587858718], [-9.24889318412e-05, -0.00105955882464, -0.00461224233732, -8.83063112269e-05, 0.0137083735317, -0.00279910583049, -0.00242527201772, -0.00044555819477, 0.00177737616468, -0.0027345600538, 0.00064307381399, -0.000703176017851, -0.000356766249752], [-0.000439424999058, 0.000324422959238, 6.61126468913e-05, -0.00165357906371, -0.00279910583049, 0.0145006189123, -0.00447445875034, 0.000461554562207, -0.00285152625293, 0.00488868309185, -0.00329481600784, 0.000242705937126, -0.000771131250076], [-0.000351508468157, -0.0010835720459, 0.00186681421474, 0.00143959361594, -0.00242527201772, -0.00447445875034, 0.0124811148271, -0.00369334942661, 0.00405092118308, -0.004809838254, 0.00217496999539, 0.001260414836, -0.00193888030481], [-0.000288332230411, 0.000539032334927, -0.000743930402678, 0.000687288760673, -0.00044555819477, 0.000461554562207, -0.00369334942661, 0.0111217461526, -0.00498803518713, 0.00555689353496, -0.00381913455203, -0.00501396507025, 0.00493344897404], [0.000303186825477, 0.000855516525917, 0.000776371802203, -0.00261529628187, 0.00177737616468, -0.00285152625293, 0.00405092118308, -0.00498803518713, 0.0139161562547, -0.0087183713913, 0.00928810611367, 0.000892525655217, -0.00332518829964], [-0.000333421776304, 0.000492393795867, 6.72774258419e-05, 0.00104804569855, -0.0027345600538, 0.00488868309185, -0.004809838254, 0.00555689353496, -0.0087183713913, 0.0188809204847, -0.0132949780673, 0.00387819088064, 0.000343276537023], [-0.000204548909096, -0.000784633040894, 0.000768890487961, 0.000893523625564, 0.00064307381399, -0.00329481600784, 0.00217496999539, -0.00381913455203, 0.00928810611367, -0.0132949780673, 0.0242119375616, -0.00913086347282, 0.0026991055347], [0.000217047607293, 0.00121920206584, 0.00118079700042, -0.00186515506357, -0.000703176017851, 0.000242705937126, 0.001260414836, -0.00501396507025, 0.000892525655217, 0.00387819088064, -0.00913086347282, 0.0201581940055, -0.00676677841693], [-5.03241535625e-05, 0.000157436428708, -0.000592706899624, 0.000767587858718, -0.000356766249752, -0.000771131250076, -0.00193888030481, 0.00493344897404, -0.00332518829964, 0.000343276537023, 0.0026991055347, -0.00676677841693, 0.0187330581248]]}, "spectral_contrast_coeffs": {"dmean": [0.0451323054731, 0.0388964228332, 0.0317942127585, 0.0265857055783, 0.0229440517724, 0.0205769538879], "dmean2": [0.075430713594, 0.0631766468287, 0.0519251525402, 0.0428484305739, 0.0358571186662, 0.0319178625941], "dvar": [0.00186772586312, 0.00110857049003, 0.000726512633264, 0.000506398966536, 0.000510421523359, 0.000460842449684], "dvar2": [0.00514813978225, 0.00290207983926, 0.001894672052, 0.00125713949092, 0.00103907799348, 0.00105052243453], "max": [-0.372096896172, -0.481396257877, -0.540923476219, -0.537876963615, -0.5116943717, -0.476505696774], "mean": [-0.634847998619, -0.729681909084, -0.776283085346, -0.780448615551, -0.76719969511, -0.696185231209], "median": [-0.628550827503, -0.733775258064, -0.781705021858, -0.782179892063, -0.773463964462, -0.715066432953], "min": [-0.986818313599, -0.970731735229, -0.971407175064, -0.965246617794, -0.958375692368, -0.956769585609], "var": [0.00557500030845, 0.00451726140454, 0.00321302982047, 0.00234616617672, 0.00249410024844, 0.00459062634036]}, "spectral_contrast_valleys": {"dmean": [0.359695106745, 0.341616749763, 0.308390468359, 0.283226728439, 0.291949987411, 0.341950654984], "dmean2": [0.584276616573, 0.551321685314, 0.48550543189, 0.441005975008, 0.439794778824, 0.473531872034], "dvar": [0.139440238476, 0.164332658052, 0.139234930277, 0.133767187595, 0.188233464956, 0.346694290638], "dvar2": [0.275899767876, 0.305092304945, 0.237006545067, 0.229238852859, 0.339327484369, 0.627090156078], "max": [-5.3523540496