{"lowlevel": {"average_loudness": 0.0123618291691, "barkbands_crest": {"dmean": 3.66353440285, "dmean2": 6.20516300201, "dvar": 11.0920066833, "dvar2": 29.002407074, "max": 26.6669158936, "mean": 11.6096029282, "median": 10.2163467407, "min": 3.41341280937, "var": 26.8537788391}, "barkbands_flatness_db": {"dmean": 0.0277174990624, "dmean2": 0.0458117686212, "dvar": 0.000779432884883, "dvar2": 0.00206947303377, "max": 0.595553934574, "mean": 0.301685363054, "median": 0.293043524027, "min": 0.0662514194846, "var": 0.00235191057436}, "barkbands_kurtosis": {"dmean": 3.52835679054, "dmean2": 6.09397888184, "dvar": 97.1583709717, "dvar2": 269.631164551, "max": 353.022674561, "mean": 3.47379803658, "median": 1.17795658112, "min": -1.83627736568, "var": 97.8946456909}, "barkbands_skewness": {"dmean": 0.703893363476, "dmean2": 1.17339169979, "dvar": 0.719227313995, "dvar2": 1.92000341415, "max": 17.5099468231, "mean": 0.802122294903, "median": 0.540421664715, "min": -8.7963924408, "var": 1.51274251938}, "barkbands_spread": {"dmean": 1.942299366, "dmean2": 3.23171806335, "dvar": 4.02224349976, "dvar2": 9.9722442627, "max": 129.455596924, "mean": 6.26651239395, "median": 5.64667749405, "min": 0.164078459144, "var": 14.8303022385}, "dissonance": {"dmean": 0.0447510518134, "dmean2": 0.0772897675633, "dvar": 0.00139271910302, "dvar2": 0.00398705201223, "max": 0.500000178814, "mean": 0.426648974419, "median": 0.435879081488, "min": 0.159939840436, "var": 0.00240286369808}, "dynamic_complexity": 4.64403009415, "erbbands_crest": {"dmean": 2.75667309761, "dmean2": 4.77374505997, "dvar": 5.39174318314, "dvar2": 15.5724468231, "max": 27.4535160065, "mean": 10.0524492264, "median": 9.4370174408, "min": 2.81477808952, "var": 9.57410144806}, "erbbands_flatness_db": {"dmean": 0.0165363252163, "dmean2": 0.0277599226683, "dvar": 0.000169394581462, "dvar2": 0.00047051749425, "max": 0.486159861088, "mean": 0.323110699654, "median": 0.318525463343, "min": 0.0476980358362, "var": 0.00151662761346}, "erbbands_kurtosis": {"dmean": 1.0690510273, "dmean2": 1.81821632385, "dvar": 1.24002146721, "dvar2": 3.41287708282, "max": 44.2204284668, "mean": 1.34260380268, "median": 0.951354265213, "min": -1.43786811829, "var": 3.38624215126}, "erbbands_skewness": {"dmean": 0.359108924866, "dmean2": 0.605333805084, "dvar": 0.0826356038451, "dvar2": 0.232850641012, "max": 5.08512163162, "mean": 0.419438242912, "median": 0.408058643341, "min": -1.6245521307, "var": 0.291894763708}, "erbbands_spread": {"dmean": 2.00119328499, "dmean2": 3.39303088188, "dvar": 3.25629234314, "dvar2": 8.76542282104, "max": 127.824325562, "mean": 9.34623527527, "median": 9.01359653473, "min": 2.09602403641, "var": 10.7818527222}, "hfc": {"dmean": 3.09373402596, "dmean2": 5.09245109558, "dvar": 52.8728256226, "dvar2": 131.468490601, "max": 311.068084717, "mean": 10.2526922226, "median": 5.01133584976, "min": 1.21061654591e-16, "var": 270.347595215}, "melbands_crest": {"dmean": 4.19044160843, "dmean2": 7.04619169235, "dvar": 14.0747098923, "dvar2": 36.4505767822, "max": 39.0790977478, "mean": 13.776301384, "median": 12.2446260452, "min": 2.39576840401, "var": 37.0077095032}, "melbands_flatness_db": {"dmean": 0.0230650473386, "dmean2": 0.0381342060864, "dvar": 0.000395945069613, "dvar2": 0.00104209827259, "max": 0.666477501392, "mean": 0.425080955029, "median": 0.419470757246, "min": 0.00581782357767, "var": 0.0018345703138}, "melbands_kurtosis": {"dmean": 2.06823086739, "dmean2": 3.48733854294, "dvar": 15.9554319382, "dvar2": 40.191822052, "max": 231.297622681, "mean": 2.29516720772, "median": 1.23135709763, "min": -1.52098321915, "var": 23.449930191}, "melbands_skewness": {"dmean": 0.507367968559, "dmean2": 0.841501832008, "dvar": 0.233094125986, "dvar2": 0.610304236412, "max": 13.9488296509, "mean": 0.974990546703, "median": 0.885937273502, "min": -1.32538247108, "var": 0.665839195251}, "melbands_spread": {"dmean": 2.0106408596, "dmean2": 3.34835934639, "dvar": 3.95524859428, "dvar2": 9.81091690063, "max": 166.203918457, "mean": 8.23551845551, "median": 7.73566150665, "min": 0.423872917891, "var": 17.8175144196}, "pitch_salience": {"dmean": 0.0994872152805, "dmean2": 0.165782362223, "dvar": 0.00796671397984, "dvar2": 0.0206068027765, "max": 0.873448252678, "mean": 0.593237876892, "median": 0.628605127335, "min": 0.02610553056, "var": 0.0228175017983}, "silence_rate_20dB": {"dmean": 0.00273302639835, "dmean2": 0.00546624930575, "dvar": 0.00272569130175, "dvar2": 0.00615601660684, "max": 1, "mean": 0.996655762196, "median": 1, "min": 0, "var": 0.00333076133393}, "silence_rate_30dB": {"dmean": 0.0221518985927, "dmean2": 0.0443053916097, "dvar": 0.0216595102102, "dvar2": 0.0497440546751, "max": 1, "mean": 0.963213324547, "median": 1, "min": 0, "var": 0.0354267656803}, "silence_rate_60dB": {"dmean": 0.0110040279105, "dmean2": 0.0220088474452, "dvar": 0.0108838845044, "dvar2": 0.0264190528542, "max": 1, "mean": 0.0854759216309, "median": 0, "min": 0, "var": 0.0781852155924}, "spectral_centroid": {"dmean": 53.9232826233, "dmean2": 88.5086746216, "dvar": 3911.69580078, "dvar2": 6320.14941406, "max": 10708.6083984, "mean": 470.224304199, "median": 451.952728271, "min": 224.066696167, "var": 21017.8144531}, "spectral_complexity": {"dmean": 1.62456846237, "dmean2": 2.80195641518, "dvar": 2.00352191925, "dvar2": 5.59094762802, "max": 31, "mean": 11.2517528534, "median": 11, "min": 0, "var": 22.4444446564}, "spectral_decrease": {"dmean": 4.58641791212e-09, "dmean2": 7.74795960723e-09, "dvar": 2.44964787082e-16, "dvar2": 6.91304192896e-16, "max": 4.0372105954e-15, "mean": -8.29989765805e-09, "median": -4.35674385457e-09, "min": -5.8071981357e-07, "var": 2.91261808034e-16}, "spectral_energy": {"dmean": 0.0175432823598, "dmean2": 0.0296208262444, "dvar": 0.00350145320408, "dvar2": 0.00987724214792, "max": 2.19365477562, "mean": 0.0322555825114, "median": 0.0169842075557, "min": 1.08177654612e-20, "var": 0.00421612150967}, "spectral_energyband_high": {"dmean": 9.97943132575e-08, "dmean2": 1.71468641952e-07, "dvar": 2.46868243756e-14, "dvar2": 6.78932956947e-14, "max": 1.21371849673e-05, "mean": 7.21391529623e-07, "median": 7.76669821789e-07, "min": 7.99981880037e-21, "var": 8.0290991683e-14}, "spectral_energyband_low": {"dmean": 0.00429827906191, "dmean2": 0.00706306984648, "dvar": 0.000353921059286, "dvar2": 0.00089130649576, "max": 0.786937773228, "mean": 0.00583705632016, "median": 0.00119092781097, "min": 6.85524544258e-23, "var": 0.000560266780667}, "spectral_energyband_middle_high": {"dmean": 0.00165865314193, "dmean2": 0.00275335670449, "dvar": 2.7107884307e-05, "dvar2": 7.07168874214e-05, "max": 0.185916349292, "mean": 0.00375255802646, "median": 0.000800075358711, "min": 1.73101881513e-21, "var": 7.89708356024e-05}, "spectral_energyband_middle_low": {"dmean": 0.00531796831638, "dmean2": 0.00888147111982, "dvar": 8.12863727333e-05, "dvar2": 0.000213367762626, "max": 0.275958657265, "mean": 0.0148787125945, "median": 0.0106380106881, "min": 2.18826152845e-22, "var": 0.00028160828515}, "spectral_entropy": {"dmean": 0.142621695995, "dmean2": 0.239629790187, "dvar": 0.013986133039, "dvar2": 0.0383323729038, "max": 9.8087015152, "mean": 6.14052677155, "median": 6.23861932755, "min": 4.69607973099, "var": 0.119978845119}, "spectral_flux": {"dmean": 0.0281513370574, "dmean2": 0.0480830855668, "dvar": 0.00238298554905, "dvar2": 0.00660107051954, "max": 1.10857403278, "mean": 0.0901293605566, "median": 0.0741567015648, "min": 1.04008489321e-10, "var": 0.00517573021352}, "spectral_kurtosis": {"dmean": 19.4712600708, "dmean2": 34.031452179, "dvar": 280.351074219, "dvar2": 839.093566895, "max": 209.334365845, "mean": 67.4962768555, "median": 63.4144668579, "min": -1.21061348915, "var": 756.957946777}, "spectral_rms": {"dmean": 0.00111186562572, "dmean2": 0.00183038599789, "dvar": 3.32605236508e-06, "dvar2": 9.06972309167e-06, "max": 0.0462617687881, "mean": 0.00469389464706, "median": 0.0040706214495, "min": 3.24867932035e-12, "var": 9.43625946093e-06}, "spectral_rolloff": {"dmean": 120.529418945, "dmean2": 205.236160278, "dvar": 45672.6484375, "dvar2": 107079.25, "max": 19724.4140625, "mean": 595.173278809, "median": 581.396484375, "min": 21.533203125, "var": 271688.9375}, "spectral_skewness": {"dmean": 1.02430987358, "dmean2": 1.80077016354, "dvar": 0.715781867504, "dvar2": 2.18847203255, "max": 11.1069335938, "mean": 5.67421960831, "median": 5.57175064087, "min": 0.0266709793359, "var": 1.83956074715}, "spectral_spread": {"dmean": 178043.703125, "dmean2": 313202.125, "dvar": 49581858816, "dvar2": 105506660352, "max": 40930272, "mean": 1071086.625, "median": 1042651.125, "min": 380707.1875, "var": 298659545088}, "spectral_strongpeak": {"dmean": 0.363242924213, "dmean2": 0.626389682293, "dvar": 0.313877046108, "dvar2": 0.825856626034, "max": 11.315155983, "mean": 0.548624396324, "median": 0.309122025967, "min": 0, "var": 0.719134688377}, "zerocrossingrate": {"dmean": 0.00275199022144, "dmean2": 0.00372584210709, "dvar": 1.93496634893e-05, "dvar2": 4.29586652899e-05, "max": 0.7060546875, "mean": 0.020671473816, "median": 0.02001953125, "min": 0, "var": 0.000202951589017}, "barkbands": {"dmean": [0.0130081418902, 0.000624929612968, 0.000181146751856, 0.000814614759292, 0.00226006377488, 0.00109460030217, 0.00163010915276, 0.00198839791119, 0.00136965676211, 0.00114345690235, 0.000757353671361, 0.000293969846098, 0.000181561830686, 0.0001244906598, 1.88337962754e-05, 6.64520484861e-06, 5.85151701671e-06, 2.40907047555e-06, 7.64029664424e-07, 1.35219224262e-07, 3.52154998495e-08, 1.12262439345e-08, 4.80002437797e-09, 1.83304793566e-09, 3.08064840304e-09, 1.6860479235e-08, 3.60787915099e-08], "dmean2": [0.0222144573927, 0.00103772198781, 0.000308882561512, 0.0013769333018, 0.00372899975628, 0.00190747913439, 0.00282179680653, 0.00339709385298, 0.00235362467356, 0.00197202758864, 0.00127999577671, 0.000487239303766, 0.000298476283206, 0.00020722161571, 3.23632884829e-05, 1.08721460492e-05, 1.00350262073e-05, 4.17841329181e-06, 1.31957028771e-06, 2.33732549759e-07, 6.06858563401e-08, 1.91945694894e-08, 8.25581469854e-09, 3.20395687758e-09, 5.36061151024e-09, 2.9122414702e-08, 6.21481888174e-08], "dvar": [0.003376431996, 1.02033272924e-05, 1.04004421075e-07, 1.54092867888e-06, 7.86193868407e-06, 2.16771809392e-06, 1.39561225296e-05, 2.92947261187e-05, 1.2290862287e-05, 1.62712785823e-05, 6.42356053504e-06, 1.13444730232e-06, 8.33173601222e-07, 3.66602023405e-07, 3.11068060199e-09, 1.01032444633e-08, 7.42865635672e-09, 1.09546149929e-10, 5.20585935471e-11, 5.54318452305e-14, 2.34841134e-15, 3.26602484283e-16, 4.30007095196e-17, 7.01017784756e-18, 9.81046298091e-18, 2.10283036292e-16, 9.34044195003e-16], "dvar2": [0.00961856916547, 2.53804937529e-05, 2.73510835314e-07, 4.36464415543e-06, 2.14631727431e-05, 6.25724896963e-06, 3.908634244e-05, 7.89657715359e-05, 3.44840991602e-05, 4.53559769085e-05, 1.73339485627e-05, 2.83886856778e-06, 1.96540122488e-06, 9.57603219831e-07, 8.64580851356e-09, 2.3472361832e-08, 1.90526385779e-08, 3.17719933696e-10, 1.48690074142e-10, 1.54842311932e-13, 6.32031251879e-15, 8.69611828073e-16, 1.19410046223e-16, 2.14496833298e-17, 3.00228478961e-17, 6.24311245367e-16, 2.74818124495e-15], "max": [2.14727258682, 0.20041719079, 0.0177268534899, 0.0334986522794, 0.0408376976848, 0.0284019447863, 0.102732025087, 0.160409480333, 0.129052102566, 0.129300907254, 0.13646030426, 0.0741569250822, 0.0652113035321, 0.0354392454028, 0.00224445411004, 0.0102041717619, 0.0101012270898, 0.000936817785259, 0.000823386653792, 2.25781805057e-05, 1.35129039336e-06, 2.49387966278e-07, 1.00221299704e-07, 8.52666701689e-08, 9.75924407953e-08, 2.30518097055e-07, 5.00510680013e-07], "mean": [0.0127086248249, 0.000879107043147, 0.000241775604081, 0.00114342046436, 0.00369906146079, 0.0017746523954, 0.00247577717528, 0.00309874396771, 0.0022549496498, 0.00170791696291, 0.00121719145682, 0.000489594065584, 0.000302348780679, 0.000197338245925, 3.36216689902e-05, 1.18478765216e-05, 1.08615267891e-05, 6.00889643465e-06, 1.86022634807e-06, 3.79412853135e-07, 1.01191076851e-07, 3.13670120988e-08, 1.67330505008e-08, 6.33287466911e-09, 1.65381983663e-08, 1.20867170494e-07, 2.91766866667e-07], "median": [0.000595658144448, 0.000139827519888, 0.000112827889097, 0.000584664405324, 0.00266142864712, 0.00119254982565, 0.00124898622744, 0.000810626894236, 0.000887309084646, 0.000377075310098, 0.000234715000261, 6.82571844663e-05, 3.05796347675e-05, 2.27221898967e-05, 1.20153272292e-05, 8.23116079118e-06, 8.48437048262e-06, 5.83646215091e-06, 1.84243435797e-06, 3.82438344104e-07, 9.85523271879e-08, 2.95730604449e-08, 1.66692117887e-08, 6.16463236014e-09, 1.75767933541e-08, 1.31379906065e-07, 3.15885557711e-07], "min": [6.29847796669e-25, 2.59038365888e-23, 3.46888961296e-23, 1.83977461895e-23, 3.83797080925e-23, 4.34371111331e-23, 4.23600256966e-23, 3.6956877543e-23, 2.62490547427e-23, 1.25164432511e-22, 1.25808294471e-22, 7.09464200812e-23, 9.53592543389e-23, 1.08255053857e-22, 1.088633729e-22, 1.83690982324e-22, 1.98785450782e-22, 2.77446949449e-22, 3.11364964391e-22, 3.75922412622e-22, 4.96768506942e-22, 4.89670626818e-22, 4.08627348819e-22, 6.13441262017e-22, 1.07304076356e-21, 2.25081075139e-21, 2.65094463048e-21], "var": [0.00342621630989, 1.54532644956e-05, 1.73772619405e-07, 2.58978843704e-06, 1.30545995489e-05, 3.9305300561e-06, 2.14584451896e-05, 5.73648176214e-05, 2.22837006731e-05, 2.56275179709e-05, 1.16308547149e-05, 2.36659616348e-06, 2.20804963647e-06, 5.52330050141e-07, 5.39963540547e-09, 1.08570672452e-08, 6.75367806124e-09, 9.65106605744e-11, 3.37017497243e-11, 8.59829175632e-14, 3.84433653463e-15, 4.22337244946e-16, 7.23160532942e-17, 1.13167613579e-17, 3.81215449718e-17, 1.70393181664e-15, 8.72662046656e-15]}, "erbbands": {"dmean": [0.0620061345398, 0.0733040720224, 0.154660522938, 1.37165188789, 5.95379924774, 8.7589635849, 6.13605833054, 10.4386568069, 13.5585603714, 42.8072128296, 38.8496513367, 31.3630657196, 26.4961738586, 39.3992919922, 22.1420497894, 10.1415996552, 7.6861538887, 7.15998601913, 2.06642770767, 0.395565062761, 0.400906682014, 0.282873004675, 0.144702613354, 0.0660107880831, 0.0202334504575, 0.00603872491047, 0.00223851553164, 0.00097802944947, 0.000417751347413, 0.000218358516577, 0.000136285481858, 4.51194282505e-05, 3.22183113894e-05, 2.47477000812e-05, 3.29929353029e-05, 4.78032197861e-05, 4.83867806906e-05, 1.30510361487e-05, 1.11307535917e-05, 1.91738563444e-05], "dmean2": [0.0985727608204, 0.130250394344, 0.266406327486, 2.31546831131, 9.62829875946, 14.8214817047, 10.6266899109, 18.2580833435, 23.7807178497, 72.9736785889, 66.4110412598, 53.8604202271, 44.8504676819, 67.987739563, 36.9364700317, 16.49284935, 12.6074199677, 11.8938350677, 3.41849184036, 0.664525091648, 0.641241192818, 0.484889358282, 0.251111388206, 0.114878870547, 0.0345362499356, 0.0104225138202, 0.00385551550426, 0.00168507371563, 0.000715571863111, 0.000374179129722, 0.000234332677792, 7.71591367084e-05, 5.43096903129e-05, 4.14865353378e-05, 5.59785075893e-05, 8.20246568765e-05, 8.34615129861e-05, 2.24909708777e-05, 1.88879184861e-05, 3.23524400301e-05], "dvar": [0.0955434143543, 0.108256421983, 0.137886971235, 3.89130592346, 59.5456390381, 174.104675293, 71.3118209839, 201.247650146, 395.110076904, 17239.3027344, 9842.12109375, 6088.45556641, 8156.77685547, 18427.5820312, 6387.63330078, 1586.04724121, 1558.88012695, 1154.98095703, 106.835594177, 1.44207382202, 71.8136520386, 10.4964418411, 0.621854484081, 0.393411010504, 0.00840580277145, 0.000175983193913, 1.05640501715e-05, 2.15694126382e-06, 4.83922917738e-07, 1.15547194923e-07, 3.23812336944e-08, 3.74709818729e-09, 1.80833559238e-09, 1.02113240086e-09, 1.14253639882e-09, 1.8592479778e-09, 1.8125266843e-09, 1.28056218407e-10, 6.48742615184e-10, 4.03464550658e-09], "dvar2": [0.230620935559, 0.305980414152, 0.381559222937, 10.7541027069, 154.212158203, 501.5340271, 206.844055176, 585.651306152, 1147.20019531, 46032.65625, 27406.84375, 17102.1523438, 21709.1933594, 52468.3671875, 16418.3613281, 4020.40087891, 3626.86938477, 3032.75610352, 241.852630615, 3.56144142151, 168.217483521, 28.1191768646, 1.84194076061, 1.14614546299, 0.0216429885477, 0.000492105900776, 2.85420701402e-05, 5.82226994084e-06, 1.31367050926e-06, 3.16846808346e-07, 8.98677541272e-08, 1.0274591844e-08, 4.58984183993e-09, 2.45301512436e-09, 2.99698998951e-09, 5.31259702896e-09, 5.29552268702e-09, 3.80459164173e-10, 1.81798931465e-09, 1.13736327023e-08], "max": [15.5324811935, 20.8798465729, 32.1835975647, 44.1218452454, 240.30531311, 244.023239136, 221.111984253, 272.802124023, 481.083129883, 4021.32739258, 2525.32250977, 2827.33300781, 4937.9140625, 4296.83154297, 4142.89453125, 2711.31005859, 2906.54785156, 2076.24438477, 1250.68261719, 68.8442153931, 985.33001709, 319.690643311, 79.8587265015, 69.5931930542, 10.0831222534, 1.39547622204, 0.190377905965, 0.0411409512162, 0.00939434859902, 0.00479988474399, 0.00301612913609, 0.00205002096482, 0.00168052234221, 0.00156432448421, 0.00146092788782, 0.00140554842073, 0.000902038882487, 0.000180507660843, 0.000996879301965, 0.00235854252242], "mean": [0.0842984393239, 0.103346601129, 0.243655756116, 2.08191919327, 9.16203403473, 13.4091176987, 10.2015352249, 16.6002502441, 22.8119049072, 64.8000259399, 62.5650177002, 52.0877685547, 45.4986534119, 61.3865280151, 39.2874755859, 18.9102993011, 14.4128904343, 12.3964195251, 4.08138561249, 0.954010307789, 0.716066360474, 0.585051715374, 0.375774085522, 0.170055299997, 0.0588334538043, 0.018534777686, 0.00657719979063, 0.00291257468052, 0.00123192043975, 0.000690981978551, 0.000473641761346, 0.000176072047907, 0.000128618150484, 0.000123784324387, 0.00018816429656, 0.000285339861875, 0.000287947768811, 9.62854246609e-05, 5.46527080587e-05, 4.09418462368e-05], "median": [0.00938258972019, 0.0240818634629, 0.130700692534, 1.22558522224, 6.04993104935, 8.07754039764, 7.12371969223, 10.694858551, 15.2680168152, 20.3593730927, 18.0887527466, 20.4044494629, 15.6939678192, 11.5260324478, 8.10883903503, 2.60462808609, 1.51487076283, 1.28208458424, 0.886463046074, 0.567273855209, 0.47382619977, 0.493519186974, 0.369739770889, 0.171169087291, 0.0611001774669, 0.0193289071321, 0.00657408451661, 0.00285064033233, 0.00117281603161, 0.000665914907586, 0.000472066836664, 0.000171076098923, 0.000122818848467, 0.000123092147987, 0.000197017303435, 0.000305313966237, 0.000309185124934, 0.00010426127119, 5.29740354978e-05, 2.46623312705e-05], "min": [2.4216277888e-22, 7.57188208034e-21, 3.38787814184e-20, 5.69839295615e-20, 1.48239321919e-19, 8.68049797162e-20, 2.4762326306e-19, 2.8908116762e-19, 2.31835668039e-19, 1.35406002456e-18, 6.11980890801e-19, 4.4585060866e-19, 1.62439143754e-18, 7.00474409811e-18, 3.4209807855e-18, 2.89518694465e-18, 4.99097124249e-18, 4.93968273579e-18, 5.48188515166e-18, 8.20285731275e-18, 8.51025169045e-18, 1.26711380893e-17, 1.25396436688e-17, 1.3488624145e-17, 1.97928620696e-17, 1.86355867618e-17, 1.97055796257e-17, 2.04199741617e-17, 1.71522004606e-17, 1.27332047593e-17, 1.28027011657e-17, 1.12890053125e-17, 1.18384517625e-17, 1.04274338388e-17, 7.6931056059e-18, 7.30997208978e-18, 4.61201085256e-18, 1.55148011943e-18, 3.7498914751e-19, 3.72724449777e-20], "var": [0.165994971991, 0.121675930917, 0.171186283231, 7.15114212036, 104.823013306, 272.929626465, 124.267044067, 350.7003479, 716.267944336, 29342.6894531, 18687.8105469, 11273.3876953, 15733.8564453, 27869.0136719, 11784.8017578, 3550.92895508, 4942.97070312, 1941.88500977, 167.185150146, 3.2919716835, 77.0188446045, 8.72581958771, 0.443296939135, 0.255905836821, 0.00908476673067, 0.000234435894527, 1.80826373253e-05, 3.1255885915e-06, 6.28922293799e-07, 1.63135823072e-07, 5.7590497704e-08, 9.34668964447e-09, 5.43315170631e-09, 3.99265376316e-09, 5.88071991103e-09, 1.1058497229e-08, 1.06813686784e-08, 1.06463193816e-09, 1.14427278763e-09, 4.98518026859e-09]}, "gfcc": {"mean": [-162.825469971, 211.449249268, -93.4172592163, -54.0270271301, -28.9892063141, -38.06016922, -18.6237316132, 0.402859956026, -22.3270606995, -10.0193147659, -15.9344081879, 2.09263038635, -12.3797035217], "cov": [[5693.46875, 1053.91381836, -1632.88208008, -832.443908691, 453.634216309, 445.387115479, 216.099655151, -135.52973938, -56.6051673889, 217.837493896, 139.884384155, -159.502044678, -110.956947327], [1053.91381836, 321.13168335, -267.003631592, -177.597412109, 121.387634277, 122.069999695, 64.4886932373, -22.1537399292, 2.43306183815, 51.3587493896, 47.9469947815, -39.7614860535, -18.7862567902], [-1632.88208008, -267.003631592, 938.004455566, 492.694335938, -194.086166382, -180.98991394, -35.7930641174, 75.2255630493, 22.2812156677, -91.0927429199, -60.7072029114, 112.633476257, 69.1399459839], [-832.443908691, -177.597412109, 492.694335938, 405.822814941, -38.8433265686, -122.754379272, -29.0508651733, 65.9248809814, 13.1312236786, -54.0215873718, -51.0763092041, 76.3175430298, 43.4285812378], [453.634216309, 121.387634277, -194.086166382, -38.8433265686, 186.148300171, 114.974853516, 50.697052002, 15.8987340927, 30.4266853333, 41.0649261475, 49.5318832397, -21.5057945251, 6.65348100662], [445.387115479, 122.069999695, -180.98991394, -122.754379272, 114.974853516, 156.850845337, 82.0366744995, 0.0512527376413, 26.7854003906, 45.8833847046, 54.8591423035, -25.4765892029, -0.691367745399], [216.099655151, 64.4886932373, -35.7930641174, -29.0508651733, 50.697052002, 82.0366744995, 76.5590286255, 29.0320320129, 25.1713104248, 24.7648735046, 30.8108921051, 1.34873270988, 9.71331310272], [-135.52973938, -22.1537399292, 75.2255630493, 65.9248809814, 15.8987340927, 0.0512527376413, 29.0320320129, 58.5477256775, 33.5581512451, 5.02970409393, 5.79374074936, 19.6211051941, 14.9763374329], [-56.6051673889, 2.43306183815, 22.2812156677, 13.1312236786, 30.4266853333, 26.7854003906, 25.1713104248, 33.5581512451, 56.6035270691, 32.5257148743, 31.9550113678, 4.9345831871, 15.0472354889], [217.837493896, 51.3587493896, -91.0927429199, -54.0215873718, 41.0649261475, 45.8833847046, 24.7648735046, 5.02970409393, 32.5257148743, 54.5462188721, 43.2094688416, -2.82792210579, 1.31142258644], [139.884384155, 47.9469947815, -60.7072029114, -51.0763092041, 49.5318832397, 54.8591423035, 30.8108921051, 5.79374074936, 31.9550113678, 43.2094688416, 64.8707046509, 9.15551185608, 15.1592416763], [-159.502044678, -39.7614860535, 112.633476257, 76.3175430298, -21.5057945251, -25.4765892029, 1.34873270988, 19.6211051941, 4.9345831871, -2.82792210579, 9.15551185608, 51.8348274231, 29.9717197418], [-110.956947327, -18.7862567902, 69.1399459839, 43.4285812378, 6.65348100662, -0.691367745399, 9.71331310272, 14.9763374329, 15.0472354889, 1.31142258644, 15.1592416763, 29.9717197418, 42.6559562683]], "icov": [[0.000928940600716, -0.0024041980505, 0.00173147208989, -0.00115243298933, 0.000740829971619, 0.000399195152568, -0.00183165469207, 0.00145151116885, -0.000110944027256, -0.000670769426506, 0.000972348963842, -0.00135776703246, 0.000190941180335], [-0.0024041980505, 0.0137135153636, -0.00696426071227, 0.00884966552258, -0.0111130550504, 0.00630503799766, -0.00556514877826, 0.00250440393575, 0.00185487698764, -0.00317332916893, 0.00154580827802, 0.000753435015213, 0.00265210145153], [0.00173147208989, -0.00696426071227, 0.0115611916408, -0.0140590360388, 0.0148956701159, -0.00744278589264, 0.0010893708095, 0.000494541891385, -0.00432516727597, 0.0079141035676, -0.00709445495158, 0.00194103189278, -0.00341470958665], [-0.00115243298933, 0.00884966552258, -0.0140590360388, 0.0265374705195, -0.0270384438336, 0.0202061869204, -0.0117262126878, 0.00564608955756, -0.00240654381923, -0.0072893537581, 0.0188356880099, -0.0164124649018, 0.00781359989196], [0.000740829971619, -0.0111130550504, 0.0148956701159, -0.0270384438336, 0.0437650792301, -0.03653100878, 0.0290262792259, -0.0233420897275, 0.00695072859526, 0.00833959877491, -0.023471146822, 0.022390788421, -0.0155157120898], [0.000399195152568, 0.00630503799766, -0.00744278589264, 0.0202061869204, -0.03653100878, 0.0642414987087, -0.0616738498211, 0.0392436869442, -0.0150679992512, -0.00249565183185, 0.0106681501493, -0.0121151413769, 0.0124251833186], [-0.00183165469207, -0.00556514877826, 0.0010893708095, -0.0117262126878, 0.0290262792259, -0.0616738498211, 0.0898954346776, -0.0598227009177, 0.0229391027242, -0.00243194098584, -0.015759287402, 0.0169615987688, -0.016371037811], [0.00145151116885, 0.00250440393575, 0.000494541891385, 0.00564608955756, -0.0233420897275, 0.0392436869442, -0.0598227009177, 0.0817556604743, -0.0503281578422, 0.0131605733186, 0.0215984079987, -0.0327963009477, 0.0202412568033], [-0.000110944027256, 0.00185487698764, -0.00432516727597, -0.00240654381923, 0.00695072859526, -0.0150679992512, 0.0229391027242, -0.0503281578422, 0.0790254920721, -0.039882607758, -0.0177678037435, 0.0352832637727, -0.0240206159651], [-0.000670769426506, -0.00317332916893, 0.0079141035676, -0.0072893537581, 0.00833959877491, -0.00249565183185, -0.00243194098584, 0.0131605733186, -0.039882607758, 0.0716495066881, -0.0290367715061, -0.00938340928406, 0.0148215843365], [0.000972348963842, 0.00154580827802, -0.00709445495158, 0.0188356880099, -0.023471146822, 0.0106681501493, -0.015759287402, 0.0215984079987, -0.0177678037435, -0.0290367715061, 0.0671296641231, -0.0333798751235, 0.00212949072011], [-0.00135776703246, 0.000753435015213, 0.00194103189278, -0.0164124649018, 0.022390788421, -0.0121151413769, 0.0169615987688, -0.0327963009477, 0.0352832637727, -0.00938340928406, -0.0333798751235, 0.0755548104644, -0.0390560664237], [0.000190941180335, 0.00265210145153, -0.00341470958665, 0.00781359989196, -0.0155157120898, 0.0124251833186, -0.016371037811, 0.0202412568033, -0.0240206159651, 0.0148215843365, 0.00212949072011, -0.0390560664237, 0.056633874774]]}, "melbands": {"dmean": [0.000847139745019, 7.84197691246e-05, 0.000341716659022, 0.00058523286134, 0.000222056434723, 0.000221341499127, 0.000236558058532, 0.000462589028757, 0.000319518963806, 0.000188943566172, 0.000137396316859, 0.000166535595781, 8.93697433639e-05, 3.60028316209e-05, 2.43145514105e-05, 1.65908477356e-05, 1.35145219247e-05, 4.134736173e-06, 9.65696813182e-07, 3.57850893806e-07, 5.77293121751e-07, 3.36229078357e-07, 2.04873160214e-07, 1.09251558911e-07, 5.74126381991e-08, 2.25646079599e-08, 8.26972890167e-09, 3.81076104006e-09, 1.77722436767e-09, 9.3198870843e-10, 5.36489352942e-10, 2.87010193389e-10, 1.70150032952e-10, 1.19400142551e-10, 9.49518588755e-11, 5.17400948474e-11, 2.66460100512e-11, 2.53656227966e-11, 2.11437343328e-11, 2.29209724117e-11], "dmean2": [0.0013810339151, 0.00013695913367, 0.000566476723179, 0.000966266205069, 0.000382307422115, 0.000386699859519, 0.000412450637668, 0.00078648480121, 0.000547198986169, 0.000324849359458, 0.0002331516298, 0.000287951348582, 0.000149871179019, 5.98328297201e-05, 4.03152807849e-05, 2.70201344392e-05, 2.26145584747e-05, 6.86874273015e-06, 1.64592881902e-06, 6.08896357335e-07, 9.2345004532e-07, 5.8081940324e-07, 3.58755016805e-07, 1.89609622225e-07, 1.00178240814e-07, 3.84093432615e-08, 1.42499194666e-08, 6.59269705494e-09, 3.06444358777e-09, 1.60336754984e-09, 9.26668186629e-10, 4.92304585986e-10, 2.92594809492e-10, 2.05317929325e-10, 1.64024988036e-10, 9.01568403266e-11, 4.65705633779e-11, 4.39889548398e-11, 3.69722620575e-11, 4.00732225181e-11], "dvar": [1.50901478264e-05, 6.58854375502e-08, 2.4219025363e-07, 5.61876049687e-07, 7.59194946909e-08, 8.86289868163e-08, 1.55445633254e-07, 1.97604663299e-06, 7.17037551112e-07, 2.02953415851e-07, 2.20401631168e-07, 3.40523001796e-07, 1.03061871926e-07, 1.36992923672e-08, 2.22818172801e-08, 4.62851934557e-09, 4.3745513878e-09, 5.31893917799e-10, 8.75426814373e-12, 8.78616623901e-13, 1.93023985684e-10, 1.77137280538e-11, 1.77619561854e-12, 2.00751497674e-13, 3.38038326714e-13, 9.56905826007e-15, 1.55753000676e-16, 5.28968469053e-17, 5.26566717057e-18, 1.71229230232e-18, 5.60937384658e-19, 1.97154169228e-19, 7.2324433461e-20, 2.69345710954e-20, 1.49851409691e-20, 3.61366815681e-21, 1.26747172739e-21, 1.04853139797e-21, 7.21022704391e-22, 6.481254944e-22], "dvar2": [3.73934526579e-05, 1.85747339287e-07, 6.6620157213e-07, 1.53226301336e-06, 2.18226560378e-07, 2.58311303014e-07, 4.41580425559e-07, 5.25112091054e-06, 2.00713407139e-06, 5.72819487843e-07, 5.89546971241e-07, 9.71325448518e-07, 2.72359045539e-07, 3.52400100212e-08, 5.26930001854e-08, 1.12905089722e-08, 1.17101750519e-08, 1.19928467157e-09, 2.33956985729e-11, 2.11696458974e-12, 4.57864746117e-10, 4.70896377447e-11, 5.31470700782e-12, 5.65470142499e-13, 9.87624587147e-13, 2.33753107474e-14, 4.23655810547e-16, 1.50646728728e-16, 1.43235587486e-17, 4.64915870669e-18, 1.52007817203e-18, 5.310481955e-19, 2.01720736122e-19, 7.41686132496e-20, 4.20187459403e-20, 1.05655165718e-20, 3.87776131934e-21, 3.13235990997e-21, 2.23446343298e-21, 2.00509893147e-21], "max": [0.16525618732, 0.0205386392772, 0.0158052667975, 0.0106595596299, 0.00608123745769, 0.00565884122625, 0.00963875465095, 0.0426720753312, 0.0252010188997, 0.0151444524527, 0.0243269633502, 0.0179242845625, 0.0180855672807, 0.00439977040514, 0.0124139618129, 0.0047451662831, 0.00412753643468, 0.00288217887282, 0.000120938238979, 6.51261871099e-05, 0.0016295517562, 0.000464216514956, 0.000142657241668, 3.412296428e-05, 6.51318405289e-05, 9.74747035798e-06, 1.13120597689e-06, 7.05634136011e-07, 9.96794540242e-08, 4.43126921823e-08, 1.33897311017e-08, 5.89514392857e-09, 3.91452870119e-09, 2.35104602453e-09, 2.10179362803e-09, 1.31150490468e-09, 1.10830755684e-09, 9.80002856643e-10, 8.67759530898e-10, 7.88984433342e-10], "mean": [0.00110344414134, 0.000121105062135, 0.000543960428331, 0.000905780936591, 0.000395230046706, 0.000355813244823, 0.000390090717701, 0.000716886017472, 0.000499924062751, 0.000310497765895, 0.000223393828492, 0.000251018587733, 0.000151056257891, 6.16583274677e-05, 4.0805687604e-05, 2.85259320663e-05, 2.19359644689e-05, 7.14756833986e-06, 1.86773638688e-06, 7.55004407438e-07, 8.84454721017e-07, 6.23552978141e-07, 4.54063410871e-07, 2.54994802162e-07, 1.27248199533e-07, 5.53126326963e-08, 2.17912461409e-08, 9.67370983318e-09, 4.44503722719e-09, 2.37852648688e-09, 1.41315215085e-09, 7.2655720329e-10, 4.46140319132e-10, 3.41039918528e-10, 2.8873428648e-10, 1.54943044506e-10, 7.78687114789e-11, 7.72463482068e-11, 7.25871932006e-11, 9.0511230455e-11], "median": [0.000123851030366, 5.13192353537e-05, 0.000328779278789, 0.000614984310232, 0.000281014101347, 0.000234613224166, 0.000245211616857, 0.000218885485083, 0.00014524240396, 0.000125294274767, 7.33926863177e-05, 4.56038396806e-05, 3.04984896502e-05, 1.03527536339e-05, 3.49293850377e-06, 2.9267418995e-06, 2.25912276619e-06, 1.46474269513e-06, 8.17922170882e-07, 5.9452389678e-07, 4.9625992915e-07, 4.88417299493e-07, 4.15735655679e-07, 2.39900373344e-07, 1.20452824603e-07, 5.34292006193e-08, 2.16258975172e-08, 9.41463884629e-09, 4.25364587997e-09, 2.25351959315e-09, 1.35158240155e-09, 6.75122624472e-10, 4.17109680129e-10, 3.27488314245e-10, 2.84894774438e-10, 1.52347676141e-10, 7.47861564343e-11, 7.4098539804e-11, 7.23319251716e-11, 9.31213231525e-11], "min": [4.6772864691e-24, 1.6300150843e-23, 1.29044872436e-23, 9.44001209627e-24, 7.233161881e-24, 6.95430270645e-24, 4.59150731199e-24, 1.34686608415e-23, 4.66320451309e-24, 2.93561826053e-24, 8.31024179542e-24, 2.84081496853e-23, 1.2859856649e-23, 8.20467879566e-24, 9.48105574031e-24, 9.63764226341e-24, 9.68349953669e-24, 8.3538713255e-24, 1.15777612517e-23, 1.17878230778e-23, 8.75229183657e-24, 1.45306332807e-23, 7.61330921806e-24, 1.53582446113e-23, 9.56931902041e-24, 1.41985275728e-23, 1.21417542004e-23, 1.33979205287e-23, 1.00832792551e-23, 1.34811390433e-23, 1.14501945547e-23, 9.70669993592e-24, 9.09135450883e-24, 6.20744391127e-24, 7.80364873272e-24, 5.68161802527e-24, 7.68564460763e-24, 7.81977699393e-24, 8.96340048114e-24, 8.95942935534e-24], "var": [2.49412660196e-05, 7.36468237506e-08, 4.55442403791e-07, 8.79551521393e-07, 1.55290180714e-07, 1.56800652462e-07, 2.75059164778e-07, 3.56020814252e-06, 1.2786466641e-06, 3.73637590201e-07, 4.08403877827e-07, 4.96021414165e-07, 1.83355425065e-07, 2.97057720644e-08, 5.1390646405e-08, 1.34345956582e-08, 6.77420253226e-09, 7.19235282443e-10, 1.66862842987e-11, 1.5006139777e-12, 2.02282635087e-10, 1.50782025754e-11, 1.08884613565e-12, 2.03127431867e-13, 2.09436228126e-13, 1.134761315e-14, 3.05760603341e-16, 6.36234107602e-17, 8.87430049548e-18, 2.510309525e-18, 7.71845434898e-19, 2.4790357389e-19, 8.73281197548e-20, 3.93610178633e-20, 2.31952171258e-20, 6.33324010146e-21, 1.96192458675e-21, 1.75840261315e-21, 1.25832891785e-21, 1.50554282991e-21]}, "mfcc": {"mean": [-811.288024902, 256.60848999, 3.42448115349, -8.09770107269, -1.4902176857, -26.3211975098, -3.34262013435, 5.39569187164, -5.83940219879, -4.37827253342, -2.23667669296, -3.61526894569, -5.76175928116], "cov": [[4048.89404297, 1998.15637207, -1911.15234375, -891.11315918, 86.1485061646, 122.648017883, 358.880157471, -52.6917266846, -172.635192871, 212.88722229, 192.848403931, 10.3828687668, -42.2303657532], [1998.15637207, 1104.02478027, -785.702453613, -422.710754395, 26.1029014587, 59.7439918518, 178.065582275, -1.89326739311, -76.7360458374, 91.2860794067, 94.8672180176, 17.060174942, -13.495215416], [-1911.15234375, -785.702453613, 1186.6998291, 563.430236816, -33.7832489014, -80.7225494385, -170.724517822, 70.718963623, 107.761985779, -129.516281128, -109.531150818, 10.5081863403, 34.7458763123], [-891.11315918, -422.710754395, 563.430236816, 423.773376465, 70.3222885132, -58.7640533447, -81.7562637329, 53.5827331543, 68.3099746704, -61.0212364197, -68.7937698364, -0.812053442001, 25.7370967865], [86.1485061646, 26.1029014587, -33.7832489014, 70.3222885132, 98.7174835205, 35.7357139587, 25.9188709259, 27.3056030273, 16.3927555084, 20.2012443542, 12.778719902, 5.98465013504, 14.4102506638], [122.648017883, 59.7439918518, -80.7225494385, -58.7640533447, 35.7357139587, 92.0226211548, 64.652961731, 8.02510261536, 8.54328346252, 37.0417442322, 36.2137031555, 15.4802646637, 8.52972888947], [358.880157471, 178.065582275, -170.724517822, -81.7562637329, 25.9188709259, 64.652961731, 90.7540206909, 27.6172657013, 2.55290961266, 39.5744132996, 35.0175018311, 12.6747665405, 7.98891210556], [-52.6917266846, -1.89326739311, 70.718963623, 53.5827331543, 27.3056030273, 8.02510261536, 27.6172657013, 63.0052108765, 39.1594657898, 3.97089028358, 2.99852514267, 11.0869350433, 15.7825727463], [-172.635192871, -76.7360458374, 107.761985779, 68.3099746704, 16.3927555084, 8.54328346252, 2.55290961266, 39.1594657898, 51.6529083252, 14.8320446014, 1.47406816483, 10.4713888168, 14.1001615524], [212.88722229, 91.2860794067, -129.516281128, -61.0212364197, 20.2012443542, 37.0417442322, 39.5744132996, 3.97089028358, 14.8320446014, 59.1599121094, 44.7702140808, 12.6441335678, 8.55914974213], [192.848403931, 94.8672180176, -109.531150818, -68.7937698364, 12.778719902, 36.2137031555, 35.0175018311, 2.99852514267, 1.47406816483, 44.7702140808, 57.0651779175, 28.6970214844, 10.2358970642], [10.3828687668, 17.060174942, 10.5081863403, -0.812053442001, 5.98465013504, 15.4802646637, 12.6747665405, 11.0869350433, 10.4713888168, 12.6441335678, 28.6970214844, 37.7305755615, 24.2771167755], [-42.2303657532, -13.495215416, 34.7458763123, 25.7370967865, 14.4102506638, 8.52972888947, 7.98891210556, 15.7825727463, 14.1001615524, 8.55914974213, 10.2358970642, 24.2771167755, 36.4680671692]], "icov": [[-14.736281395, 20.4994544983, -19.4864006042, 17.8812103271, -15.7960195541, 13.3923969269, -10.810008049, 8.25463676453, -5.88820743561, 3.86569619179, -2.25537109375, 1.09751057625, -0.355421453714], [20.4994544983, -28.5060920715, 27.0780410767, -24.8124370575, 21.8780078888, -18.5018119812, 14.8895149231, -11.3344764709, 8.05434989929, -5.26261854172, 3.05416154861, -1.4783397913, 0.475515395403], [-19.4864006042, 27.0780410767, -25.6538982391, 23.4170913696, -20.5345020294, 17.2414264679, -13.7551651001, 10.3582906723, -7.27249956131, 4.68387937546, -2.6692302227, 1.26053154469, -0.394600361586], [17.8812103271, -24.8124370575, 23.4170913696, -21.2275943756, 18.4424247742, -15.2935819626, 12.0174436569, -8.87628650665, 6.07917690277, -3.79902338982, 2.09171962738, -0.940032601357, 0.272961050272], [-15.7960195541, 21.8780078888, -20.5345020294, 18.4424247742, -15.7940807343, 12.8565273285, -9.86112499237, 7.05061626434, -4.63354921341, 2.73156189919, -1.38996183872, 0.5546656847, -0.132607087493], [13.3923969269, -18.5018119812, 17.2414264679, -15.2935819626, 12.8565273285, -10.146276474, 7.48707485199, -5.0769906044, 3.08084392548, -1.59633409977, 0.633465409279, -0.135192841291, -0.0263722855598], [-10.810008049, 14.8895149231, -13.7551651001, 12.0174436569, -9.86112499237, 7.48707485199, -5.19488334656, 3.21715497971, -1.65958476067, 0.573964297771, 0.0155618162826, -0.220472469926, 0.156678065658], [8.25463676453, -11.3344764709, 10.3582906723, -8.87628650665, 7.05061626434, -5.0769906044, 3.21715497971, -1.61717963219, 0.461617618799, 0.252236783504, -0.530949950218, 0.497302442789, -0.263329863548], [-5.88820743561, 8.05434989929, -7.27249956131, 6.07917690277, -4.63354921341, 3.08084392548, -1.65958476067, 0.461617618799, 0.385230511427, -0.802805602551, 0.850614607334, -0.659790337086, 0.314746111631], [3.86569619179, -5.26261854172, 4.68387937546, -3.79902338982, 2.73156189919, -1.59633409977, 0.573964297771, 0.252236783504, -0.802805602551, 1.07498395443, -0.991318643093, 0.715124487877, -0.33311149478], [-2.25537109375, 3.05416154861, -2.6692302227, 2.09171962738, -1.38996183872, 0.633465409279, 0.0155618162826, -0.530949950218, 0.850614607334, -0.991318643093, 0.91888487339, -0.651445090771, 0.292416393757], [1.09751057625, -1.4783397913, 1.26053154469, -0.940032601357, 0.5546656847, -0.135192841291, -0.220472469926, 0.497302442789, -0.659790337086, 0.715124487877, -0.651445090771, 0.508023023605, -0.23628371954], [-0.355421453714, 0.475515395403, -0.394600361586, 0.272961050272, -0.132607087493, -0.0263722855598, 0.156678065658, -0.263329863548, 0.314746111631, -0.33311149478, 0.292416393757, -0.23628371954, 0.145048126578]]}, "spectral_contrast_coeffs": {"dmean": [0.0579142943025, 0.0479276590049, 0.0375146642327, 0.0232193209231, 0.0159578379244, 0.0150726726279], "dmean2": [0.097269102931, 0.0825221836567, 0.0635442435741, 0.0395581535995, 0.0271540023386, 0.0263565480709], "dvar": [0.00194437813479, 0.0013706763275, 0.000858817249537, 0.000380325625883, 0.000154514287715, 0.000190951177501], "dvar2": [0.00548365293071, 0.00406816788018, 0.00248174183071, 0.00107057089917, 0.000445767305791, 0.000587672169786], "max": [-0.268004953861, -0.431423485279, -0.514795899391, -0.512040019035, -0.508053779602, -0.726364433765], "mean": [-0.551608741283, -0.762947320938, -0.768369734287, -0.830076575279, -0.802691698074, -0.818212509155], "median": [-0.548448979855, -0.767358660698, -0.772123575211, -0.850279390812, -0.79579693079, -0.814949393272], "min": [-0.961533367634, -0.956444084644, -0.96541082859, -0.967086613178, -0.961503922939, -0.956309735775], "var": [0.00636570295319, 0.00321804173291, 0.00241149845533, 0.00394101720303, 0.0010726939654, 0.000426819722634]}, "spectral_contrast_valleys": {"dmean": [0.41005256772, 0.313067346811, 0.256691545248, 0.208017498255, 0.157462000847, 0.18917927146], "dmean2": [0.705249845982, 0.538902580738, 0.43737205863, 0.357940584421, 0.268777281046, 0.335518568754], "dvar": [0.102576799691, 0.0613776706159, 0.0430551171303, 0.0305102281272, 0.0228900555521, 0.044563177973], "dvar2": [0.292699992657, 0.17286144197, 0.114644639194, 0.0794496685266, 0.0536811798811, 0.131213605404], "max": [-5.38495874405, -4.02782964706, -4.7231502533, -6.4476776123, -7.60622310638, -11.9326963425], "mean": [-8.14056110382, -6.16959905624, -7.18920993805, -8.76606082916, -9.95318317413, -13.8809871674], "median": [-8.11344337463, -6.02538776398, -6.