{"lowlevel": {"average_loudness": 0.780192255974, "barkbands_crest": {"dmean": 2.81176257133, "dmean2": 4.5913476944, "dvar": 10.5178413391, "dvar2": 25.8448047638, "max": 26.5089473724, "mean": 17.0068283081, "median": 17.197353363, "min": 3.38266897202, "var": 38.2617759705}, "barkbands_flatness_db": {"dmean": 0.0521492063999, "dmean2": 0.0797872170806, "dvar": 0.00263256765902, "dvar2": 0.00587203120813, "max": 0.614661753178, "mean": 0.333536118269, "median": 0.334612488747, "min": 0.024827092886, "var": 0.00748925562948}, "barkbands_kurtosis": {"dmean": 30.4817733765, "dmean2": 46.835647583, "dvar": 3470.77416992, "dvar2": 7812.47949219, "max": 870.620178223, "mean": 45.3529319763, "median": 18.8549156189, "min": -1.71744406223, "var": 5952.46435547}, "barkbands_skewness": {"dmean": 1.67511224747, "dmean2": 2.5464861393, "dvar": 4.34668254852, "dvar2": 9.38936805725, "max": 22.4663391113, "mean": 4.46860647202, "median": 3.67816185951, "min": -6.14495611191, "var": 13.5129776001}, "barkbands_spread": {"dmean": 5.96465349197, "dmean2": 9.96356105804, "dvar": 101.017707825, "dvar2": 260.408569336, "max": 93.7237548828, "mean": 7.72823381424, "median": 4.44935894012, "min": 0.163763329387, "var": 100.005653381}, "dissonance": {"dmean": 0.0283471569419, "dmean2": 0.0467609763145, "dvar": 0.000930851208977, "dvar2": 0.00262638484128, "max": 0.499999880791, "mean": 0.440373361111, "median": 0.452924638987, "min": 0.150263860822, "var": 0.00232003047131}, "dynamic_complexity": 4.67188167572, "erbbands_crest": {"dmean": 2.56455540657, "dmean2": 3.97411298752, "dvar": 6.17944288254, "dvar2": 13.5716743469, "max": 29.7955207825, "mean": 9.42608356476, "median": 8.51809024811, "min": 2.72438716888, "var": 16.1572475433}, "erbbands_flatness_db": {"dmean": 0.0217480193824, "dmean2": 0.0305824764073, "dvar": 0.000421455770265, "dvar2": 0.000866406655405, "max": 0.628380835056, "mean": 0.237731516361, "median": 0.207981452346, "min": 0.0393084213138, "var": 0.00852518808097}, "erbbands_kurtosis": {"dmean": 1.53105962276, "dmean2": 2.40170812607, "dvar": 4.9420132637, "dvar2": 10.5501432419, "max": 36.2149543762, "mean": 0.757702589035, "median": -0.0337805747986, "min": -1.81698143482, "var": 8.13706493378}, "erbbands_skewness": {"dmean": 0.65401250124, "dmean2": 0.99232596159, "dvar": 0.417261809111, "dvar2": 0.984815299511, "max": 3.87371897697, "mean": 0.472054451704, "median": 0.448193311691, "min": -4.50481128693, "var": 0.927037358284}, "erbbands_spread": {"dmean": 15.5335712433, "dmean2": 23.7461872101, "dvar": 301.503295898, "dvar2": 685.050720215, "max": 143.940795898, "mean": 44.9168930054, "median": 38.8209648132, "min": 0.554894626141, "var": 823.588134766}, "hfc": {"dmean": 11.4017486572, "dmean2": 18.1767597198, "dvar": 513.405578613, "dvar2": 1287.1920166, "max": 214.429656982, "mean": 19.3354492188, "median": 12.8963279724, "min": 1.17905609829e-16, "var": 585.442016602}, "melbands_crest": {"dmean": 2.83452939987, "dmean2": 4.51025772095, "dvar": 9.85957050323, "dvar2": 24.267326355, "max": 34.2039489746, "mean": 20.1623306274, "median": 19.8949699402, "min": 1.67232096195, "var": 40.5132331848}, "melbands_flatness_db": {"dmean": 0.064006395638, "dmean2": 0.0949469059706, "dvar": 0.00408515660092, "dvar2": 0.00915614143014, "max": 0.748354911804, "mean": 0.420791476965, "median": 0.422761827707, "min": 0.00432476960123, "var": 0.0122164282948}, "melbands_kurtosis": {"dmean": 42.5202903748, "dmean2": 66.1979980469, "dvar": 4336.18066406, "dvar2": 9899.03710938, "max": 712.409362793, "mean": 76.9150772095, "median": 44.6583862305, "min": -1.7301568985, "var": 8800.97753906}, "melbands_skewness": {"dmean": 1.72573626041, "dmean2": 2.70231318474, "dvar": 3.95563435555, "dvar2": 9.21787643433, "max": 21.1585559845, "mean": 5.60218238831, "median": 5.12265634537, "min": -3.82680416107, "var": 13.1719036102}, "melbands_spread": {"dmean": 4.62541818619, "dmean2": 7.91916704178, "dvar": 81.2174987793, "dvar2": 208.142868042, "max": 161.6484375, "mean": 6.66082048416, "median": 3.3288693428, "min": 0.256438493729, "var": 111.048164368}, "pitch_salience": {"dmean": 0.0823789834976, "dmean2": 0.132544219494, "dvar": 0.00856837816536, "dvar2": 0.0198904424906, "max": 0.840918898582, "mean": 0.397887825966, "median": 0.410130888224, "min": 0.046678815037, "var": 0.0304675512016}, "silence_rate_20dB": {"dmean": 0.0696055665612, "dmean2": 0.139264985919, "dvar": 0.064762070775, "dvar2": 0.141537040472, "max": 1, "mean": 0.913026690483, "median": 1, "min": 0, "var": 0.0794097483158}, "silence_rate_30dB": {"dmean": 0.116782672703, "dmean2": 0.233655706048, "dvar": 0.103146277368, "dvar2": 0.223932012916, "max": 1, "mean": 0.583687663078, "median": 1, "min": 0, "var": 0.242999926209}, "silence_rate_60dB": {"dmean": 0.0123743228614, "dmean2": 0.0247582197189, "dvar": 0.0122207216918, "dvar2": 0.0264640934765, "max": 1, "mean": 0.146501734853, "median": 0, "min": 0, "var": 0.12504401803}, "spectral_centroid": {"dmean": 391.91418457, "dmean2": 609.828063965, "dvar": 322133.21875, "dvar2": 693599.625, "max": 11424.9375, "mean": 755.36151123, "median": 538.089782715, "min": 123.922866821, "var": 558335.4375}, "spectral_complexity": {"dmean": 4.64655828476, "dmean2": 7.36982584, "dvar": 50.8893623352, "dvar2": 110.702140808, "max": 56, "mean": 11.894859314, "median": 10, "min": 0, "var": 81.1028518677}, "spectral_decrease": {"dmean": 1.31710704565e-08, "dmean2": 2.04494750022e-08, "dvar": 7.09449173874e-16, "dvar2": 1.57596938463e-15, "max": 1.04996295927e-28, "mean": -3.20060493664e-08, "median": -2.02004422079e-08, "min": -2.39721913431e-07, "var": 1.32346483965e-15}, "spectral_energy": {"dmean": 0.0501451902092, "dmean2": 0.0776492506266, "dvar": 0.0101273842156, "dvar2": 0.0224387384951, "max": 0.909764587879, "mean": 0.122552104294, "median": 0.0780427530408, "min": 1.08478783898e-20, "var": 0.0191327836365}, "spectral_energyband_high": {"dmean": 0.00104273785837, "dmean2": 0.00181018083822, "dvar": 8.76885860635e-06, "dvar2": 2.36052637774e-05, "max": 0.0298745557666, "mean": 0.000848614668939, "median": 8.62334127305e-05, "min": 7.51856043478e-21, "var": 6.49559024168e-06}, "spectral_energyband_low": {"dmean": 0.0492526330054, "dmean2": 0.0774649903178, "dvar": 0.0105137676001, "dvar2": 0.0235676970333, "max": 0.900237619877, "mean": 0.109647914767, "median": 0.0634416788816, "min": 4.75331420102e-23, "var": 0.0185927022249}, "spectral_energyband_middle_high": {"dmean": 0.0029592262581, "dmean2": 0.00485656037927, "dvar": 3.48713147105e-05, "dvar2": 8.97259742487e-05, "max": 0.0563296824694, "mean": 0.00302108679898, "median": 0.000956642266829, "min": 1.46778615469e-21, "var": 3.09591669065e-05}, "spectral_energyband_middle_low": {"dmean": 0.0034538868349, "dmean2": 0.00565680116415, "dvar": 7.12680848665e-05, "dvar2": 0.000165471967193, "max": 0.210759565234, "mean": 0.0117391692474, "median": 0.00858994945884, "min": 2.43791669364e-22, "var": 0.000215840424062}, "spectral_entropy": {"dmean": 0.38018193841, "dmean2": 0.541288912296, "dvar": 0.149006962776, "dvar2": 0.31481769681, "max": 9.82023143768, "mean": 6.80329990387, "median": 6.86406612396, "min": 4.06273889542, "var": 0.534213721752}, "spectral_flux": {"dmean": 0.0618773177266, "dmean2": 0.0970702916384, "dvar": 0.00768910069019, "dvar2": 0.0192044060677, "max": 0.777499854565, "mean": 0.113311424851, "median": 0.0812134370208, "min": 6.98263044607e-11, "var": 0.0139077622443}, "spectral_kurtosis": {"dmean": 13.3197174072, "dmean2": 22.0446395874, "dvar": 716.28503418, "dvar2": 1835.89282227, "max": 474.281341553, "mean": 31.5404396057, "median": 3.86766290665, "min": -1.40068411827, "var": 4613.04833984}, "spectral_rms": {"dmean": 0.00187465944327, "dmean2": 0.00280782626942, "dvar": 8.32119985716e-06, "dvar2": 1.6337065972e-05, "max": 0.029792200774, "mean": 0.00923045258969, "median": 0.00872578192502, "min": 3.25319784132e-12, "var": 3.43617102772e-05}, "spectral_rolloff": {"dmean": 274.46987915, "dmean2": 507.093811035, "dvar": 650753.25, "dvar2": 1497448.125, "max": 19293.75, "mean": 449.026367188, "median": 172.265625, "min": 64.599609375, "var": 1329472.625}, "spectral_skewness": {"dmean": 1.01964068413, "dmean2": 1.59473907948, "dvar": 1.67786669731, "dvar2": 4.57074260712, "max": 16.7410373688, "mean": 2.62868309021, "median": 1.49259889126, "min": -0.489468902349, "var": 9.44105529785}, "spectral_spread": {"dmean": 714607, "dmean2": 1028083.625, "dvar": 1417066053630.0, "dvar2": 2192206594050.0, "max": 41520224, "mean": 3212494.25, "median": 3269873.75, "min": 207110.46875, "var": 5162241884160.0}, "spectral_strongpeak": {"dmean": 0.25457572937, "dmean2": 0.405936598778, "dvar": 0.129414901137, "dvar2": 0.310541570187, "max": 4.86364364624, "mean": 0.77384865284, "median": 0.72660523653, "min": 0, "var": 0.253202140331}, "zerocrossingrate": {"dmean": 0.00702739832923, "dmean2": 0.00924731045961, "dvar": 0.000142017292092, "dvar2": 0.000163965451065, "max": 0.513671875, "mean": 0.021138029173, "median": 0.01611328125, "min": 0.001953125, "var": 0.000979663454928}, "barkbands": {"dmean": [0.0022348803468, 0.0474645346403, 0.00402197334915, 0.00187418598216, 0.00133145495784, 0.000711883767508, 0.000177697249455, 0.000223505616304, 0.0003403685987, 0.000920939492062, 0.00014170994109, 0.000663302780595, 0.000157020476763, 0.000299802806694, 0.000233909260714, 0.000295289151836, 0.000262469111476, 0.000178275309736, 0.000166331767105, 0.000361499463907, 0.000239846965997, 0.000262825400569, 0.000204153213417, 8.70199510246e-05, 3.39615638723e-07, 5.98912963667e-09, 4.16198497888e-09], "dmean2": [0.00369175197557, 0.0750443562865, 0.00708140572533, 0.00312075763941, 0.00215807394125, 0.00117950804997, 0.000283603701973, 0.000326747540385, 0.000558975036256, 0.00145157927182, 0.00022631570755, 0.00100539228879, 0.000283210363705, 0.000550117460079, 0.000429337407695, 0.000529612356331, 0.000494795443956, 0.000332957046339, 0.000308104237774, 0.000613645650446, 0.000407675339375, 0.000467087404104, 0.000359495315934, 0.000150547581143, 5.73808449644e-07, 1.05508783932e-08, 7.49344497564e-09], "dvar": [2.73845689662e-05, 0.0101311728358, 0.000103978571133, 4.22937519033e-05, 6.99699694451e-06, 2.91352398563e-06, 2.56414978139e-07, 2.05404731446e-07, 1.06826871615e-06, 1.00868010122e-05, 1.17181578219e-07, 2.42361761593e-06, 2.94661674616e-07, 8.00175257609e-07, 1.20110553326e-06, 7.40509165098e-07, 7.01763781308e-07, 3.06739707412e-07, 3.09828493528e-07, 7.22651066098e-07, 6.35790001979e-07, 9.93561457108e-07, 3.45632514609e-07, 7.92453818121e-08, 1.54219486573e-12, 4.08756051019e-16, 4.07441707347e-17], "dvar2": [6.86909552314e-05, 0.0236564930528, 0.000297539780149, 9.07330104383e-05, 1.89322818187e-05, 7.76216620579e-06, 6.72448379646e-07, 4.51672320878e-07, 2.58407567344e-06, 2.3342186978e-05, 2.24658649017e-07, 5.311381301e-06, 8.38534219838e-07, 2.2423455448e-06, 3.44263594343e-06, 2.07002130992e-06, 2.01488910534e-06, 8.80077664078e-07, 8.95437551662e-07, 1.86550653325e-06, 1.75467050667e-06, 2.82036853605e-06, 9.2351854164e-07, 2.1299243258e-07, 4.11485559168e-12, 1.08450689259e-15, 1.22572284913e-16], "max": [0.044604036957, 0.86071228981, 0.146361336112, 0.192558452487, 0.0500889644027, 0.0224579535425, 0.0112940780818, 0.00908049661666, 0.0123386066407, 0.0416730642319, 0.00805405061692, 0.0212847106159, 0.00823063403368, 0.0104852821678, 0.0226357132196, 0.0126146683469, 0.00990411639214, 0.00510291103274, 0.00590160954744, 0.00892179459333, 0.0111207989976, 0.0120066273957, 0.00545414304361, 0.00273896986619, 1.35542668431e-05, 4.46301982038e-07, 7.67914940525e-08], "mean": [0.00250069564208, 0.0972592830658, 0.00723852869123, 0.00485992245376, 0.00394942332059, 0.00157961016521, 0.000329333328409, 0.000577189144678, 0.000353688694304, 0.000873825396411, 0.00018798885867, 0.000757500529289, 0.000136315953569, 0.000215704159928, 0.000164298311574, 0.000239371773205, 0.000158534137881, 0.000115463699331, 0.000119319651276, 0.000314621283906, 0.000214846571907, 0.000198327368707, 0.000147437574924, 6.08422596997e-05, 2.40648802219e-07, 5.05489339275e-09, 3.56299412196e-09], "median": [0.000749986735173, 0.0482072941959, 0.00393674941733, 0.00217063445598, 0.00304937991314, 0.000739301554859, 0.000141954355058, 0.000162033815286, 9.86468221527e-05, 0.000131652937853, 6.48822024232e-05, 0.000105364153569, 2.80496442429e-05, 3.08469498123e-05, 1.92330553546e-05, 3.5279095755e-05, 8.46433795232e-06, 1.10067248897e-05, 1.60307081387e-05, 2.78375082416e-05, 2.85413643724e-05, 1.28798010337e-05, 4.28230623584e-06, 1.12079544579e-06, 5.77992231854e-09, 1.29590804754e-09, 1.13880294084e-09], "min": [3.5930259483e-24, 1.56039574284e-23, 7.71576568357e-24, 3.84105131108e-24, 1.53679397119e-23, 3.19790169252e-23, 1.34285977516e-23, 2.80233244031e-23, 6.63825883764e-23, 2.03079113404e-23, 5.16349473492e-23, 6.25183185223e-23, 4.66257626426e-23, 5.07977134933e-23, 7.5177074805e-23, 4.65846661449e-23, 1.51924904201e-22, 9.42361751562e-23, 2.39879727068e-22, 2.51343125576e-22, 3.61592381937e-22, 4.43690916013e-22, 6.08008900766e-22, 7.3572611241e-22, 7.45598511001e-22, 1.70785129563e-21, 2.18210871632e-21], "var": [2.69180836767e-05, 0.0171865466982, 0.000120185279229, 0.000141181430081, 1.52069478645e-05, 5.62288914807e-06, 4.35422919054e-07, 1.19553862987e-06, 1.01539274056e-06, 9.8590626294e-06, 2.0943687673e-07, 3.21520269608e-06, 1.8303992988e-07, 5.06636126829e-07, 6.97525024407e-07, 4.87921454351e-07, 3.93410033439e-07, 1.73699802986e-07, 1.78683450258e-07, 7.17487580459e-07, 4.52089892633e-07, 6.113345421e-07, 2.47055794489e-07, 5.52655485819e-08, 1.09629362879e-12, 3.05424940066e-16, 3.52800439101e-17]}, "erbbands": {"dmean": [1.79809856415, 9.45128822327, 6.37683534622, 5.19533729553, 5.12276792526, 4.48835086823, 5.79082107544, 6.58059978485, 3.58719491959, 2.40992379189, 4.60019779205, 5.76507329941, 25.4290447235, 16.5151119232, 14.2477884293, 17.9142055511, 7.23637485504, 11.9596939087, 16.8551616669, 9.3221988678, 19.0432167053, 15.3923406601, 11.0936880112, 8.75729179382, 8.62079238892, 15.5541572571, 12.4963216782, 10.2931604385, 10.2545614243, 5.59290456772, 6.41528081894, 3.27791810036, 0.694520890713, 0.0357976332307, 0.00150017195847, 0.000181500436156, 4.38154529547e-05, 1.1830485164e-05, 2.33256596402e-05, 5.46004921489e-05], "dmean2": [2.9155087471, 14.8505964279, 10.7590398788, 8.6702337265, 8.22672653198, 7.42771625519, 8.75240325928, 11.1307201385, 5.91322898865, 3.70935773849, 6.84078741074, 9.62918758392, 40.3468399048, 25.6420669556, 21.8476886749, 27.8405036926, 13.0374727249, 21.7998905182, 31.1971225739, 16.7433204651, 34.2680778503, 28.8725528717, 20.8467140198, 16.2831134796, 15.3147182465, 26.4144515991, 21.3369693756, 17.796585083, 18.1908664703, 9.72404003143, 11.479514122, 5.64661455154, 1.19532072544, 0.0624080561101, 0.00255161942914, 0.000301833526464, 6.99369848007e-05, 1.98192137759e-05, 3.54531912308e-05, 8.40446227812e-05], "dvar": [17.5363578796, 357.752746582, 199.819961548, 214.760894775, 206.983520508, 74.7962341309, 105.508094788, 316.499816895, 110.832389832, 28.4350566864, 90.8724594116, 261.339691162, 5323.21728516, 2307.10668945, 924.558227539, 1616.47741699, 632.706420898, 1368.84387207, 5247.25878906, 1032.93664551, 2627.55859375, 2335.11621094, 1255.27587891, 750.810058594, 782.129577637, 1353.13684082, 975.091064453, 1818.96948242, 1582.42590332, 302.313964844, 369.136108398, 108.405212402, 4.89176750183, 0.014430526644, 2.20139918383e-05, 2.67394028697e-07, 1.06444675296e-08, 8.27142243587e-10, 1.89368920545e-09, 1.15540830237e-08], "dvar2": [43.6658210754, 826.49786377, 535.483581543, 511.997497559, 499.188140869, 193.999938965, 263.197570801, 865.631652832, 272.736663818, 73.9626617432, 207.252639771, 678.699829102, 12437.5498047, 5349.73291016, 2042.80810547, 3650.53222656, 1797.73522949, 3811.43432617, 15112.3251953, 2894.97412109, 7329.69726562, 6693.89160156, 3607.86157227, 2157.61108398, 2221.29663086, 3523.17919922, 2543.36914062, 5122.03076172, 4496.72705078, 819.882202148, 1002.84674072, 288.987487793, 12.9418821335, 0.0389419496059, 5.80488413107e-05, 6.91181242019e-07, 2.63858499494e-08, 2.1336175049e-09, 4.04931865816e-09, 2.53855425569e-08], "max": [36.6739501953, 165.79649353, 134.080215454, 357.762817383, 372.329498291, 143.934692383, 120.328598022, 248.84564209, 216.371932983, 90.6775894165, 167.10949707, 173.240966797, 902.125305176, 648.029174805, 383.779052734, 551.225341797, 405.609680176, 460.141204834, 1399.16003418, 514.36907959, 691.27142334, 597.776428223, 302.974243164, 272.12612915, 339.796722412, 509.966796875, 288.82434082, 600.841125488, 509.667175293, 177.543823242, 188.220794678, 102.798583984, 20.6352386475, 1.2101650238, 0.0465951152146, 0.00567839760333, 0.00127461226657, 0.000302874104818, 0.00039881648263, 0.000980526092462], "mean": [3.01262283325, 20.6889362335, 14.3647613525, 13.0661001205, 14.5587310791, 11.1298465729, 13.3026065826, 14.1842565536, 7.94179677963, 5.99230241776, 11.4428319931, 6.31979894638, 24.9260654449, 18.1676902771, 17.6750774384, 19.8587627411, 6.41600227356, 9.00178432465, 11.4212217331, 7.16076993942, 15.4879283905, 9.68628311157, 6.93616962433, 6.15143680573, 6.94662857056, 14.3944406509, 10.9679193497, 8.52534294128, 7.82223415375, 4.4227347374, 4.39445543289, 2.30463576317, 0.492048531771, 0.024508824572, 0.00114737299737, 0.000185180935659, 6.31471557426e-05, 1.23367808555e-05, 5.77429273108e-05, 0.000134636007715], "median": [0.880129575729, 11.7916250229, 11.4427537918, 6.91209363937, 9.8459405899, 8.69511222839, 7.30124855042, 5.81138658524, 3.33890461922, 2.81300067902, 3.49642372131, 2.28743815422, 4.85983705521, 5.1978726387, 4.32829284668, 3.28270459175, 1.48472988605, 1.53293931484, 1.10292434692, 1.47711873055, 2.31884884834, 0.857111036777, 0.596542358398, 0.687605142593, 1.0376803875, 1.39514756203, 1.52246618271, 0.854761600494, 0.529514074326, 0.262851178646, 0.121522992849, 0.0465139076114, 0.00914758816361, 0.000494559819344, 0.000122846176964, 6.11332288827e-05, 3.23298590956e-05, 4.9801365094e-06, 3.68249347957e-05, 8.58934727148e-05], "min": [8.97901424726e-22, 2.37961525318e-21, 1.26173017306e-20, 2.11014808238e-20, 3.21029894331e-20, 6.91884043507e-20, 1.26284643067e-19, 2.37071333576e-19, 3.64227165849e-19, 2.57476793613e-19, 7.162049242e-19, 1.47574925281e-18, 8.61630927307e-19, 1.68508860672e-18, 2.32079727679e-18, 2.67516248518e-18, 1.9210907835e-18, 3.91137646602e-18, 3.74236402813e-18, 3.97263704859e-18, 5.23333185325e-18, 9.00621098776e-18, 6.46975717873e-18, 1.06959366656e-17, 1.01726605557e-17, 1.15440871339e-17, 1.33320165212e-17, 1.45734864076e-17, 1.42158449436e-17, 1.63816684851e-17, 1.74209663308e-17, 1.61279705369e-17, 1.06203670992e-17, 7.8582183008e-18, 6.17690298184e-18, 4.84146496422e-18, 3.07712511359e-18, 1.33237310666e-18, 3.04318015449e-19, 3.00160741399e-20], "var": [24.1159439087, 666.694580078, 258.878387451, 690.03112793, 479.062316895, 133.530960083, 273.448455811, 610.221740723, 277.23223877, 82.2100830078, 431.114074707, 213.737731934, 5213.61474609, 2354.89208984, 1260.52770996, 2034.55566406, 391.688720703, 886.325073242, 3002.77416992, 652.688171387, 1755.40185547, 1320.76965332, 702.332336426, 437.201812744, 495.622039795, 1603.0057373, 810.64666748, 1168.71228027, 974.232788086, 216.597579956, 246.84928894, 76.6331863403, 3.52944898605, 0.00986847467721, 1.61313328135e-05, 2.14394816567e-07, 1.07700586227e-08, 6.99698965434e-10, 3.93769772344e-09, 2.24865601695e-08]}, "gfcc": {"mean": [-112.407951355, 187.624710083, -106.675865173, 46.3588447571, -38.7455101013, 4.33174324036, 1.70153164864, -20.4260387421, -0.0906860530376, -18.8202495575, 0.586116611958, -10.5122213364, 7.6238079071], "cov": [[24938.3105469, -2795.24609375, -1223.86364746, 7487.17919922, -1212.05810547, 1814.34643555, 1590.53015137, 37.7396812439, 1720.79736328, -160.105392456, 1180.41943359, 59.1857948303, 629.758972168], [-2795.24609375, 2115.88549805, 40.1175613403, -2331.69946289, 707.026367188, -609.010314941, -338.215362549, -50.7171592712, -367.468902588, -3.10152769089, -256.082763672, -16.7692527771, -72.0694961548], [-1223.86364746, 40.1175613403, 919.890930176, 95.9643783569, 54.733959198, 31.5212230682, 179.846572876, 40.8910560608, -14.0533781052, 152.498306274, 26.6818466187, 15.099480629, 54.6549797058], [7487.17919922, -2331.69946289, 95.9643783569, 4457.93017578, -647.601745605, 669.872131348, 1010.44085693, 58.541557312, 685.768432617, 89.7772445679, 458.122589111, 42.2630348206, 225.679107666], [-1212.05810547, 707.026367188, 54.733959198, -647.601745605, 809.973815918, -297.989257812, 1.82999444008, 136.737228394, -118.050697327, 76.335899353, -133.297134399, 19.6257514954, 22.5702114105], [1814.34643555, -609.010314941, 31.5212230682, 669.872131348, -297.989257812, 449.134246826, 93.5853805542, -11.4334363937, 201.406478882, -52.771194458, 150.051208496, 17.6499176025, 52.4954490662], [1590.53015137, -338.215362549, 179.846572876, 1010.44085693, 1.82999444008, 93.5853805542, 471.298980713, 48.3481407166, 131.192459106, 84.4255752563, 100.575088501, 43.1692962646, 85.0313186646], [37.7396812439, -50.7171592712, 40.8910560608, 58.541557312, 136.737228394, -11.4334363937, 48.3481407166, 134.345458984, 14.497467041, 38.1188926697, 3.67671298981, -10.8535804749, 28.9125404358], [1720.79736328, -367.468902588, -14.0533781052, 685.768432617, -118.050697327, 201.406478882, 131.192459106, 14.497467041, 262.5809021, -2.31196856499, 89.2050552368, 12.5102977753, 43.3716964722], [-160.105392456, -3.10152769089, 152.498306274, 89.7772445679, 76.335899353, -52.771194458, 84.4255752563, 38.1188926697, -2.31196856499, 159.09803772, 31.8644046783, -9.21542644501, 14.789434433], [1180.41943359, -256.082763672, 26.6818466187, 458.122589111, -133.297134399, 150.051208496, 100.575088501, 3.67671298981, 89.2050552368, 31.8644046783, 166.303634644, 29.941192627, 32.6266403198], [59.1857948303, -16.7692527771, 15.099480629, 42.2630348206, 19.6257514954, 17.6499176025, 43.1692962646, -10.8535804749, 12.5102977753, -9.21542644501, 29.941192627, 72.3667678833, 17.7083778381], [629.758972168, -72.0694961548, 54.6549797058, 225.679107666, 22.5702114105, 52.4954490662, 85.0313186646, 28.9125404358, 43.3716964722, 14.789434433, 32.6266403198, 17.7083778381, 89.0952529907]], "icov": [[0.000330485781888, -0.000845115282573, 0.000625031650998, -0.000712331966497, 0.000217574954149, -0.000939694757108, 0.000139703581226, -0.000366180960555, -0.000399618525989, -9.70028631855e-05, -0.000509197299834, 0.000309433409711, -0.000779036490712], [-0.000845115282573, 0.00508988695219, -0.00193181948271, 0.00369540392421, -0.00207287236117, 0.00511825364083, -0.00228766584769, 0.00407037790865, -0.000622492749244, 0.00237561669201, -0.00163764483295, 0.0024150130339, 0.000315622834023], [0.000625031650998, -0.00193181948271, 0.00270081195049, -0.00140180077869, 0.000708083214704, -0.0026915166527, -0.000147514801938, -0.00107158534229, -0.000188213714864, -0.00194020289928, -4.41889060312e-05, -8.10917263152e-05, -0.00174564193003], [-0.000712331966497, 0.00369540392421, -0.00140180077869, 0.00359532306902, -0.00104261969682, 0.00380806066096, -0.00304114050232, 0.00273104733787, -0.00125175504945, 0.00179097475484, -0.00154823320918, 0.0022335650865, 0.000248840282438], [0.000217574954149, -0.00207287236117, 0.000708083214704, -0.00104261969682, 0.00349171762355, -0.000959436118137, 0.000473336549476, -0.00411494588479, 0.000126472907141, -0.00176922464743, 0.00238755578175, -0.00292092980817, -0.00050534249749], [-0.000939694757108, 0.00511825364083, -0.0026915166527, 0.00380806066096, -0.000959436118137, 0.0108150513843, -0.00195073534269, 0.00340800895356, -0.00312075810507, 0.00495724659413, -0.00456338794902, 0.00283990055323, -0.000782925810199], [0.000139703581226, -0.00228766584769, -0.000147514801938, -0.00304114050232, 0.000473336549476, -0.00195073534269, 0.00734102958813, -0.00253218575381, 0.00146178575233, -0.00290014548227, 0.00233716377988, -0.00475482642651, -0.000340225320542], [-0.000366180960555, 0.00407037790865, -0.00107158534229, 0.00273104733787, -0.00411494588479, 0.00340800895356, -0.00253218575381, 0.0146632455289, -0.00165635673329, 0.00150729191955, -0.0036293619778, 0.00660799955949, -0.00311508635059], [-0.000399618525989, -0.000622492749244, -0.000188213714864, -0.00125175504945, 0.000126472907141, -0.00312075810507, 0.00146178575233, -0.00165635673329, 0.0094889132306, -0.00176923768595, 0.00285445037298, -0.0029194932431, 0.00176585733425], [-9.70028631855e-05, 0.00237561669201, -0.00194020289928, 0.00179097475484, -0.00176922464743, 0.00495724659413, -0.00290014548227, 0.00150729191955, -0.00176923768595, 0.0125357350335, -0.00683662621304, 0.00616008415818, -0.00087337999139], [-0.000509197299834, -0.00163764483295, -4.41889060312e-05, -0.00154823320918, 0.00238755578175, -0.00456338794902, 0.00233716377988, -0.0036293619778, 0.00285445037298, -0.00683662621304, 0.0170603170991, -0.0095961112529, 0.00265958020464], [0.000309433409711, 0.0024150130339, -8.10917263152e-05, 0.0022335650865, -0.00292092980817, 0.00283990055323, -0.00475482642651, 0.00660799955949, -0.0029194932431, 0.00616008415818, -0.0095961112529, 0.0232704691589, -0.00509377894923], [-0.000779036490712, 0.000315622834023, -0.00174564193003, 0.000248840282438, -0.00050534249749, -0.000782925810199, -0.000340225320542, -0.00311508635059, 0.00176585733425, -0.00087337999139, 0.00265958020464, -0.00509377894923, 0.0186750739813]]}, "melbands": {"dmean": [0.0145929455757, 0.00611646194011, 0.00085383199621, 0.000310056959279, 0.000203298957786, 0.000139855736052, 5.18719898537e-05, 3.33889802278e-05, 3.31487353833e-05, 4.42632226623e-05, 0.000138884235639, 8.2521699369e-05, 2.96687940136e-05, 9.02472165762e-05, 1.49623565449e-05, 1.86480319826e-05, 2.23036131501e-05, 2.98163940897e-05, 1.57025515364e-05, 1.31507777041e-05, 2.33216960623e-05, 1.59193114087e-05, 1.19791711768e-05, 8.35615082906e-06, 6.95756398272e-06, 6.38583924228e-06, 6.56391466691e-06, 1.29358904815e-05, 9.28712324821e-06, 6.37866196485e-06, 5.86227133681e-06, 6.11540326645e-06, 4.49438539363e-06, 2.72983379546e-06, 3.96096947952e-06, 2.46815329774e-06, 2.00072304324e-06, 5.43421663224e-07, 6.86289709506e-08, 1.94584570679e-09], "dmean2": [0.0233213119209, 0.00960750225931, 0.00143011379987, 0.000505127827637, 0.000309437513351, 0.000235415616771, 8.49127172842e-05, 4.94002706546e-05, 5.00182795804e-05, 7.34478744562e-05, 0.000219468478463, 0.000127886669361, 4.62518946733e-05, 0.00013604821288, 2.71977660304e-05, 3.40334081557e-05, 4.0710248868e-05, 5.5174845329e-05, 2.85861060547e-05, 2.35857223743e-05, 4.2187046347e-05, 2.98763534374e-05, 2.26648990065e-05, 1.56147925736e-05, 1.29558047774e-05, 1.17858107842e-05, 1.11653343993e-05, 2.25356106967e-05, 1.60234249051e-05, 1.09678076115e-05, 1.02052508737e-05, 1.08526246549e-05, 8.00285579317e-06, 4.65767425339e-06, 7.18463797966e-06, 4.224771601e-06, 3.52489701072e-06, 9.20308821151e-07, 1.22443523765e-07, 3.05907299492e-09], "dvar": [0.00104458222631, 0.000134427144076, 6.105738521e-06, 4.77020591916e-07, 1.26558163061e-07, 1.38875080324e-07, 2.14854054548e-08, 4.78228301404e-09, 5.07464825716e-09, 1.72283023403e-08, 1.67491023717e-07, 6.7997056874e-08, 3.18775716934e-09, 4.81985757972e-08, 1.92140281463e-09, 4.70077710091e-09, 4.56235627055e-09, 1.53074726228e-08, 4.44323333681e-09, 1.96795113538e-09, 3.84858767077e-09, 2.62222021874e-09, 1.48761403196e-09, 7.30345617317e-10, 4.71258310153e-10, 5.01239716399e-10, 3.28586907683e-10, 1.05829911501e-09, 5.35116950751e-10, 3.9533598617e-10, 7.60016050094e-10, 6.2325727912e-10, 2.21554649626e-10, 7.07835248748e-11, 1.41047201696e-10, 5.70579625214e-11, 4.41276425123e-11, 2.95374445389e-12, 6.02354334489e-14, 4.43108411872e-17], "dvar2": [0.0025021689944, 0.000306581758196, 1.42199432958e-05, 1.261016223e-06, 3.17449149634e-07, 3.75385582174e-07, 5.3471492123e-08, 1.12601963309e-08, 1.21220455895e-08, 4.31083968522e-08, 3.89836145587e-07, 1.57058735795e-07, 7.20282589128e-09, 1.04967611492e-07, 5.26059906747e-09, 1.3484285688e-08, 1.26611290341e-08, 4.40784440059e-08, 1.26679262635e-08, 5.51773426949e-09, 1.07537347915e-08, 7.51583861813e-09, 4.27815871618e-09, 2.10055151051e-09, 1.35511257771e-09, 1.4504537571e-09, 9.01610841542e-10, 2.84418510965e-09, 1.39043132563e-09, 1.08380215913e-09, 2.15029283268e-09, 1.77886116948e-09, 6.20578421984e-10, 1.8325463369e-10, 3.88069215651e-10, 1.46879161611e-10, 1.2061134036e-10, 7.6645131214e-12, 1.6522406273e-13, 1.09111336577e-16], "max": [0.281243383884, 0.114351287484, 0.0640575811267, 0.0146990427747, 0.00472119124606, 0.00511081563309, 0.00288956891745, 0.00124252424575, 0.00109196500853, 0.00141241564415, 0.00513135408983, 0.00351126305759, 0.000586779322475, 0.00308154034428, 0.000532889156602, 0.00103815994225, 0.000843936752062, 0.00224986742251, 0.0012911943486, 0.000688654545229, 0.000775776279625, 0.00067381671397, 0.0003653842723, 0.000255203456618, 0.000226459029363, 0.000270904711215, 0.000206357712159, 0.000439741736045, 0.000191817773157, 0.000260792905465, 0.000379353470635, 0.000321549276123, 0.000163988835993, 8.14875311335e-05, 0.00011534011719, 7.53337808419e-05, 6.55979529256e-05, 1.4697113329e-05, 2.46005606641e-06, 7.3006731327e-08], "mean": [0.0279265157878, 0.014713851735, 0.00232960027643, 0.000871030788403, 0.000481359456899, 0.000305192632368, 0.000115291819384, 8.9737768576e-05, 7.74876243668e-05, 4.52107778983e-05, 0.000135363778099, 8.72748860274e-05, 3.93457412429e-05, 0.000103555976239, 1.22100545923e-05, 1.56577862072e-05, 1.64674584084e-05, 1.9967334083e-05, 1.16397777674e-05, 9.8550453913e-06, 1.90660066437e-05, 9.73342957877e-06, 7.1658600973e-06, 5.41090230399e-06, 4.88095020046e-06, 4.68445659862e-06, 5.84692224948e-06, 1.13141550173e-05, 7.52147752792e-06, 5.66493872611e-06, 4.66218170914e-06, 4.70975510325e-06, 3.25825067193e-06, 2.22938069783e-06, 2.66451866082e-06, 1.79162555014e-06, 1.35010884605e-06, 3.96864550112e-07, 4.44185950244e-08, 1.56258006534e-09], "median": [0.0111589170992, 0.0107631385326, 0.00145649036858, 0.000706518942025, 0.000285864807665, 0.000128668791149, 5.07530312461e-05, 3.61547754437e-05, 2.41234174609e-05, 1.31989736474e-05, 2.48348551395e-05, 2.0584453523e-05, 1.2642261936e-05, 1.347858597e-05, 2.48416540671e-06, 3.10588552566e-06, 2.46065428655e-06, 1.60649551617e-06, 1.58321608978e-06, 1.82205553756e-06, 2.60172078015e-06, 5.46532760382e-07, 3.90635392478e-07, 5.42679742921e-07, 5.0208166158e-07, 6.79178185692e-07, 7.98744849817e-07, 9.5643736131e-07, 9.13523422241e-07, 6.93689287345e-07, 3.59173412789e-07, 2.94483754715e-07, 1.84223097222e-07, 9.85897585792e-08, 6.58391385855e-08, 3.66787560324e-08, 2.11023589713e-08, 7.52036033447e-09, 4.13924228226e-10, 5.21591103642e-11], "min": [6.89519493654e-24, 6.79119782569e-24, 4.00920332392e-24, 3.94557025343e-24, 4.589502422e-24, 5.41017966525e-24, 6.09008428554e-24, 2.62664175712e-24, 6.2609061981e-24, 8.2403187425e-24, 3.61540553775e-24, 6.0504239091e-24, 7.06523390466e-24, 6.60338069378e-24, 4.1626616191e-24, 4.96909913415e-24, 6.34962701753e-24, 5.14304059717e-24, 5.35140834452e-24, 3.78593991052e-24, 7.09562082673e-24, 7.93701513508e-24, 4.74864722102e-24, 4.94801209329e-24, 9.02465395271e-24, 8.4214096519e-24, 8.41174689467e-24, 7.16153725511e-24, 8.60866866472e-24, 8.1491800644e-24, 8.13098656534e-24, 6.54544753776e-24, 7.40123737433e-24, 9.70414954861e-24, 8.46962640815e-24, 7.41434587599e-24, 8.51308633314e-24, 7.00444822761e-24, 7.26959384419e-24, 6.52674482899e-24], "var": [0.00166111194994, 0.000238842796534, 1.79992493941e-05, 9.27528787997e-07, 3.33250483209e-07, 2.7138975156e-07, 5.25428305309e-08, 2.32584991267e-08, 1.92551965483e-08, 1.52955550448e-08, 1.6466076147e-07, 6.81684326764e-08, 4.60378091205e-09, 6.36555057554e-08, 1.26286647806e-09, 2.85639667474e-09, 2.97453994769e-09, 8.80462458497e-09, 2.66009791972e-09, 1.23909182914e-09, 2.572948965e-09, 1.48306311676e-09, 8.2822587677e-10, 4.10822181829e-10, 2.75036382558e-10, 2.89216900429e-10, 2.55619331258e-10, 1.1380461018e-09, 4.19076273683e-10, 2.86903389934e-10, 4.75118000498e-10, 3.81392584181e-10, 1.40450415187e-10, 5.89856358202e-11, 9.15542849866e-11, 4.30587857037e-11, 2.92655448486e-11, 2.23695346101e-12, 3.90297671027e-14, 3.79764508749e-17]}, "mfcc": {"mean": [-730.335693359, 175.791732788, 18.6551399231, 45.5700263977, -8.62389659882, 29.9189605713, 5.01605319977, 12.5704832077, 1.65414571762, 8.97211837769, -14.4897727966, 3.95051693916, 0.267700970173], "cov": [[14684.5185547, -1384.70483398, -626.456970215, 3568.99487305, -0.239138290286, 1823.2010498, -41.188999176, 1407.01135254, 143.136825562, 1125.62036133, -83.9611587524, 1013.4041748, 215.980056763], [-1384.70483398, 2420.22583008, -219.290603638, -611.792602539, 297.374603271, -433.355224609, 260.661987305, -322.829528809, 145.801193237, -216.10307312, 67.0953598022, -184.028060913, 72.1748504639], [-626.456970215, -219.290603638, 834.753356934, -17.3909263611, -185.287979126, 106.385765076, 10.9518013, -24.9979419708, -39.2197570801, 26.9222831726, -24.7024745941, 49.7176399231, 57.8031272888], [3568.99487305, -611.792602539, -17.3909263611, 2031.15539551, 220.26890564, 627.970825195, 222.10244751, 538.163818359, 234.674133301, 415.851409912, 106.939239502, 313.55657959, 134.425308228], [-0.239138290286, 297.374603271, -185.287979126, 220.26890564, 428.441650391, -10.0025262833, 118.663825989, 40.4872398376, 134.809570312, 60.5119819641, 62.5541572571, 27.8186035156, 15.0973920822], [1823.2010498, -433.355224609, 106.385765076, 627.970825195, -10.0025262833, 460.47543335, 3.3019361496, 263.319671631, 47.3726997375, 182.854995728, 9.04256534576, 155.430099487, 58.7404098511], [-41.188999176, 260.661987305, 10.9518013, 222.10244751, 118.663825989, 3.3019361496, 231.867431641, 40.2175559998, 85.748336792, 30.6299057007, 30.6302261353, 42.1675682068, 53.4671974182], [1407.01135254, -322.829528809, -24.9979419708, 538.163818359, 40.4872398376, 263.319671631, 40.2175559998, 310.901000977, 67.899055481, 136.522277832, 9.71075725555, 103.855255127, 33.0938415527], [143.136825562, 145.801193237, -39.2197570801, 234.674133301, 134.809570312, 47.3726997375, 85.748336792, 67.899055481, 156.468154907, 63.5402755737, 39.1176490784, 13.692940712, 6.61106204987], [1125.62036133, -216.10307312, 26.9222831726, 415.851409912, 60.5119819641, 182.854995728, 30.6299057007, 136.522277832, 63.5402755737, 202.245498657, 44.9666023254, 115.201774597, 14.7573156357], [-83.9611587524, 67.0953598022, -24.7024745941, 106.939239502, 62.5541572571, 9.04256534576, 30.6302261353, 9.71075725555, 39.1176490784, 44.9666023254, 103.045608521, 14.3123836517, 7.21063709259], [1013.4041748, -184.028060913, 49.7176399231, 313.55657959, 27.8186035156, 155.430099487, 42.1675682068, 103.855255127, 13.692940712, 115.201774597, 14.3123836517, 181.571136475, 71.3134536743], [215.980056763, 72.1748504639, 57.8031272888, 134.425308228, 15.0973920822, 58.7404098511, 53.4671974182, 33.0938415527, 6.61106204987, 14.7573156357, 7.21063709259, 71.3134536743, 131.176147461]], "icov": [[0.000562509696465, -0.000520755362231, 0.000642892788164, -0.00050577276852, 0.000506255368236, -0.000781881855801, 0.000817087071482, -0.000774456071667, 0.000934139010496, -0.00156888947822, 0.00157164642587, -0.00157975731418, 0.000651426613331], [-0.000520755362231, 0.00128389673773, -0.00042584943003, 0.000689729931764, -0.000681219738908, 0.000748239515815, -0.00149474025238, 0.00127457315102, -0.00159681017976, 0.00165995652787, -0.00169904180802, 0.00197569886222, -0.00142407626845], [0.000642892788164, -0.00042584943003, 0.00229914276861, -0.000383211910957, 0.00127556233201, -0.00154251989443, 0.000285970483674, -8.66716509336e-05, 0.000780626549385, -0.00225151493214, 0.00195106386673, -0.00167137256358, 1.99476544367e-05], [-0.00050577276852, 0.000689729931764, -0.000383211910957, 0.00196013972163, -0.00054289563559, -0.000125633305288, -0.00164843711536, -0.000143241792102, -0.00150892464444, 0.000381673831725, -0.00184585608076, 0.00137513095979, -0.00117280846462], [0.000506255368236, -0.000681219738908, 0.00127556233201, -0.00054289563559, 0.00438788393512, -0.000302561209537, 9.29793168325e-05, -0.000549518328626, -0.00147216639016, -0.00184396363329, 0.000719312403817, -0.00207396107726, 0.00063634844264], [-0.000781881855801, 0.000748239515815, -0.00154251989443, -0.000125633305288, -0.000302561209537, 0.00744970096275, 0.000494068895932, -0.00195217202418, -0.00146606878843, 0.000568131217733, -0.00150244007818, 0.000998887582682, -0.00177636742592], [0.000817087071482, -0.00149474025238, 0.000285970483674, -0.00164843711536, 9.29793168325e-05, 0.000494068895932, 0.00887830369174, -0.00195881165564, -0.000740061223041, -0.0013192105107, 0.00227421429008, -0.00392410764471, -0.000122167388326], [-0.000774456071667, 0.00127457315102, -8.66716509336e-05, -0.000143241792102, -0.000549518328626, -0.00195217202418, -0.00195881165564, 0.00954032130539, -0.0028501949273, 0.00162312702741, -0.00101748621091, 0.00236866553314, -0.0011829668656], [0.000934139010496, -0.00159681017976, 0.000780626549385, -0.00150892464444, -0.00147216639016, -0.00146606878843, -0.000740061223041, -0.0028501949273, 0.0144420685247, -0.00524643948302, 0.00170801195782, 0.000127093866467, 0.00208888575435], [-0.00156888947822, 0.00165995652787, -0.00225151493214, 0.000381673831725, -0.00184396363329, 0.000568131217733, -0.0013192105107, 0.00162312702741, -0.00524643948302, 0.0184622108936, -0.00792635697871, -0.0019171385793, 0.00202223658562], [0.00157164642587, -0.00169904180802, 0.00195106386673, -0.00184585608076, 0.000719312403817, -0.00150244007818, 0.00227421429008, -0.00101748621091, 0.00170801195782, -0.00792635697871, 0.0168054383248, -0.00344999181107, 0.00105613516644], [-0.00157975731418, 0.00197569886222, -0.00167137256358, 0.00137513095979, -0.00207396107726, 0.000998887582682, -0.00392410764471, 0.00236866553314, 0.000127093866467, -0.0019171385793, -0.00344999181107, 0.0179396923631, -0.00771935796365], [0.000651426613331, -0.00142407626845, 1.99476544367e-05, -0.00117280846462, 0.00063634844264, -0.00177636742592, -0.000122167388326, -0.0011829668656, 0.00208888575435, 0.00202223658562, 0.00105613516644, -0.00771935796365, 0.0134036084637]]}, "spectral_contrast_coeffs": {"dmean": [0.0394060276449, 0.0384788885713, 0.04598909989, 0.0304174907506, 0.0330216921866, 0.036176469177], "dmean2": [0.0649503022432, 0.0613259226084, 0.0709347650409, 0.0486594624817, 0.0523433946073, 0.0566377341747], "dvar": [0.00116167753004, 0.00116497790441, 0.0016965828836, 0.000692593923304, 0.000892704993021, 0.00155757600442], "dvar2": [0.00302787055261, 0.00289893406443, 0.00362625368871, 0.00163189636078, 0.00222918647341, 0.00412865076214], "max": [-0.32812282443, -0.48428183794, -0.473004460335, -0.643212974072, -0.588914632797, -0.461007833481], "mean": [-0.640514135361, -0.721122860909, -0.756037294865, -0.804903209209, -0.800974905491, -0.684649705887], "median": [-0.655248045921, -0.722737371922, -0.763210535049, -0.810656666756, -0.808501124382, -0.6546895504], "min": [-0.969759881496, -0.967000246048, -0.968046486378, -0.963737785816, -0.96445775032, -0.962729930878], "var": [0.0078835459426, 0.00474742427468, 0.00452000787482, 0.00225139199756, 0.00253741955385, 0.0125659722835]}, "spectral_contrast_valleys": {"dmean": [0.328695356846, 0.355144798756, 0.476413607597, 0.641369998455, 0.676797568798, 0.805691838264], "dmean2": [0.53000575304, 0.549097537994, 0.770049870014, 0.992880165577, 0.98605889082, 1.08830547333], "dvar": [0.225466176867, 0.296252965927, 0.397625029087, 0.593021214008, 0.63148778677, 0.535567164421], "dvar2": [0.345929473639, 0.453851521015, 0.744028270245, 1.23387205601, 1.37929797173, 1.17862606049], "max": [-4.80883359909, -5.01410627