{"lowlevel": {"average_loudness": 0.96950596571, "barkbands_crest": {"dmean": 3.45499873161, "dmean2": 5.23556852341, "dvar": 10.8885364532, "dvar2": 24.4235038757, "max": 26.4152469635, "mean": 17.0357246399, "median": 18.2527217865, "min": 2.65463089943, "var": 30.2858352661}, "barkbands_flatness_db": {"dmean": 0.0519629120827, "dmean2": 0.0722396299243, "dvar": 0.00258312886581, "dvar2": 0.00480104424059, "max": 0.693121612072, "mean": 0.22985099256, "median": 0.226058870554, "min": 0.0232196170837, "var": 0.0110648758709}, "barkbands_kurtosis": {"dmean": 27.7382984161, "dmean2": 40.877204895, "dvar": 2100.90527344, "dvar2": 3977.03515625, "max": 1066.90551758, "mean": 43.1193237305, "median": 18.4081249237, "min": -1.94199430943, "var": 5279.80712891}, "barkbands_skewness": {"dmean": 1.86650359631, "dmean2": 2.67418646812, "dvar": 3.3384475708, "dvar2": 6.36882257462, "max": 26.9265403748, "mean": 4.66378688812, "median": 4.02565193176, "min": -4.35842847824, "var": 12.3498306274}, "barkbands_spread": {"dmean": 10.8751134872, "dmean2": 17.2264633179, "dvar": 312.295135498, "dvar2": 677.018676758, "max": 115.574272156, "mean": 14.6304368973, "median": 7.13185930252, "min": 0.0879073143005, "var": 387.603424072}, "dissonance": {"dmean": 0.0202669668943, "dmean2": 0.0339914448559, "dvar": 0.000648579152767, "dvar2": 0.00162711751182, "max": 0.499999940395, "mean": 0.465629756451, "median": 0.47780969739, "min": 0.146643772721, "var": 0.00161638332065}, "dynamic_complexity": 3.70799064636, "erbbands_crest": {"dmean": 2.89820671082, "dmean2": 4.71289110184, "dvar": 6.86542797089, "dvar2": 16.6458339691, "max": 33.7719459534, "mean": 9.09733867645, "median": 8.19657421112, "min": 2.24573993683, "var": 20.7548770905}, "erbbands_flatness_db": {"dmean": 0.0243776459247, "dmean2": 0.0348733253777, "dvar": 0.000882360734977, "dvar2": 0.00160477333702, "max": 0.531334042549, "mean": 0.144839733839, "median": 0.121380642056, "min": 0.0486539788544, "var": 0.0056337104179}, "erbbands_kurtosis": {"dmean": 1.96360766888, "dmean2": 3.17151498795, "dvar": 25.627948761, "dvar2": 59.6537208557, "max": 135.983810425, "mean": 1.35041379929, "median": -0.324386835098, "min": -1.94435381889, "var": 45.3743515015}, "erbbands_skewness": {"dmean": 0.628497719765, "dmean2": 0.947053968906, "dvar": 0.485690444708, "dvar2": 1.07712781429, "max": 8.90244674683, "mean": 0.252494663, "median": 0.178768500686, "min": -4.55593967438, "var": 1.24850106239}, "erbbands_spread": {"dmean": 15.2965784073, "dmean2": 23.5490283966, "dvar": 283.634277344, "dvar2": 639.327026367, "max": 182.488418579, "mean": 56.0538749695, "median": 55.378276825, "min": 0.488575339317, "var": 887.832641602}, "hfc": {"dmean": 11.1202859879, "dmean2": 18.7053375244, "dvar": 436.657745361, "dvar2": 1136.05297852, "max": 143.266372681, "mean": 11.5724458694, "median": 4.33830022812, "min": 8.00392729872e-09, "var": 342.452484131}, "melbands_crest": {"dmean": 4.18732070923, "dmean2": 6.7497420311, "dvar": 18.9254951477, "dvar2": 44.5017662048, "max": 37.9321403503, "mean": 23.2981185913, "median": 23.5395774841, "min": 2.82290649414, "var": 54.9767990112}, "melbands_flatness_db": {"dmean": 0.0624011829495, "dmean2": 0.0860230177641, "dvar": 0.00380133604631, "dvar2": 0.00722488900647, "max": 0.871537923813, "mean": 0.332634210587, "median": 0.332235187292, "min": 0.0123395202681, "var": 0.0155022423714}, "melbands_kurtosis": {"dmean": 55.8009414673, "dmean2": 82.889213562, "dvar": 5780.72998047, "dvar2": 12097.6777344, "max": 1387.27099609, "mean": 99.1105880737, "median": 55.80859375, "min": -1.88607990742, "var": 15855.4931641}, "melbands_skewness": {"dmean": 2.24386763573, "dmean2": 3.32989311218, "dvar": 4.75515556335, "dvar2": 10.669754982, "max": 26.9956607819, "mean": 6.91448354721, "median": 6.42045211792, "min": -3.95019054413, "var": 18.179391861}, "melbands_spread": {"dmean": 8.77743434906, "dmean2": 14.5279302597, "dvar": 322.850524902, "dvar2": 788.414367676, "max": 211.592544556, "mean": 10.6650409698, "median": 4.4727678299, "min": 0.131422266364, "var": 325.468139648}, "pitch_salience": {"dmean": 0.108427554369, "dmean2": 0.165615350008, "dvar": 0.0118502946571, "dvar2": 0.0273440741003, "max": 0.891068398952, "mean": 0.360399365425, "median": 0.329498022795, "min": 0.027188424021, "var": 0.0336772315204}, "silence_rate_20dB": {"dmean": 0, "dmean2": 0, "dvar": 0, "dvar2": 0, "max": 1, "mean": 1, "median": 1, "min": 1, "var": 0}, "silence_rate_30dB": {"dmean": 0.0810611620545, "dmean2": 0.162142246962, "dvar": 0.0744901224971, "dvar2": 0.203890249133, "max": 1, "mean": 0.940930843353, "median": 1, "min": 0, "var": 0.0555765368044}, "silence_rate_60dB": {"dmean": 0.0567428134382, "dmean2": 0.113376736641, "dvar": 0.0535299777985, "dvar2": 0.118956267834, "max": 1, "mean": 0.0808055996895, "median": 0, "min": 0, "var": 0.0742768496275}, "spectral_centroid": {"dmean": 417.008209229, "dmean2": 632.271728516, "dvar": 260542.171875, "dvar2": 557477.8125, "max": 5180.49902344, "mean": 1064.5559082, "median": 848.973144531, "min": 83.1540679932, "var": 538059.375}, "spectral_complexity": {"dmean": 4.23777961731, "dmean2": 6.30327987671, "dvar": 34.1220664978, "dvar2": 60.1380729675, "max": 46, "mean": 9.13385772705, "median": 7, "min": 0, "var": 72.8727645874}, "spectral_decrease": {"dmean": 4.84981255156e-09, "dmean2": 8.02931499067e-09, "dvar": 6.0172254426e-17, "dvar2": 1.56010128115e-16, "max": 9.64845196129e-21, "mean": -9.52056566916e-09, "median": -6.50822951087e-09, "min": -4.90653704333e-08, "var": 9.09787236036e-17}, "spectral_energy": {"dmean": 0.0189110282809, "dmean2": 0.0313200093806, "dvar": 0.000891000847332, "dvar2": 0.00230356631801, "max": 0.189830854535, "mean": 0.036982472986, "median": 0.0253677498549, "min": 6.89564345294e-13, "var": 0.00133770960383}, "spectral_energyband_high": {"dmean": 0.00092573981965, "dmean2": 0.00157690234482, "dvar": 4.646283287e-06, "dvar2": 1.2329834135e-05, "max": 0.0139244887978, "mean": 0.000736110494472, "median": 9.56588046392e-05, "min": 5.04898911308e-13, "var": 3.29641420649e-06}, "spectral_energyband_low": {"dmean": 0.0134172178805, "dmean2": 0.0206863377243, "dvar": 0.000328367867041, "dvar2": 0.000743330165278, "max": 0.164411067963, "mean": 0.0293905530125, "median": 0.0220618061721, "min": 6.74569415897e-15, "var": 0.000853109173477}, "spectral_energyband_middle_high": {"dmean": 0.000903107807972, "dmean2": 0.00142382504418, "dvar": 2.87874104288e-06, "dvar2": 6.59655961499e-06, "max": 0.0146706672385, "mean": 0.00120603281539, "median": 0.000458895228803, "min": 7.44679789838e-14, "var": 4.02886007578e-06}, "spectral_energyband_middle_low": {"dmean": 0.0108418222517, "dmean2": 0.020060217008, "dvar": 0.000974925409537, "dvar2": 0.00273868162185, "max": 0.167802646756, "mean": 0.00769209396094, "median": 0.00162390072364, "min": 1.37482061664e-14, "var": 0.00057588639902}, "spectral_entropy": {"dmean": 0.347130268812, "dmean2": 0.499360352755, "dvar": 0.159043163061, "dvar2": 0.287906467915, "max": 8.86353492737, "mean": 7.39458274841, "median": 7.51453876495, "min": 3.96119332314, "var": 0.640783905983}, "spectral_flux": {"dmean": 0.0489117242396, "dmean2": 0.0748253390193, "dvar": 0.00397834507748, "dvar2": 0.00684070726857, "max": 0.432861030102, "mean": 0.10007442534, "median": 0.0657360851765, "min": 9.37019649427e-05, "var": 0.00865656789392}, "spectral_kurtosis": {"dmean": 4.74393033981, "dmean2": 7.12556171417, "dvar": 187.026870728, "dvar2": 347.954528809, "max": 385.801177979, "mean": 8.83153057098, "median": 3.4210486412, "min": -1.14056134224, "var": 442.208984375}, "spectral_rms": {"dmean": 0.00144235719927, "dmean2": 0.00227924343199, "dvar": 3.72159365725e-06, "dvar2": 8.8290680651e-06, "max": 0.0136088514701, "mean": 0.00530876405537, "median": 0.00497483927757, "min": 2.59373411637e-08, "var": 7.89766181697e-06}, "spectral_rolloff": {"dmean": 819.698669434, "dmean2": 1477.7779541, "dvar": 4014008.75, "dvar2": 9664207, "max": 19552.1484375, "mean": 813.389465332, "median": 129.19921875, "min": 43.06640625, "var": 3461271.75}, "spectral_skewness": {"dmean": 0.482833683491, "dmean2": 0.696105122566, "dvar": 0.607316374779, "dvar2": 1.10018229485, "max": 17.0356845856, "mean": 1.88653230667, "median": 1.49628353119, "min": -0.31953817606, "var": 2.114985466}, "spectral_spread": {"dmean": 1106174.5, "dmean2": 1543279, "dvar": 2274846572540.0, "dvar2": 3485043785730.0, "max": 15294598, "mean": 5352355, "median": 4997530.5, "min": 386017.8125, "var": 6606563049470.0}, "spectral_strongpeak": {"dmean": 0.198796615005, "dmean2": 0.337746083736, "dvar": 0.279609203339, "dvar2": 0.802915990353, "max": 11.6506052017, "mean": 0.400139629841, "median": 0.32304918766, "min": 0, "var": 0.202024966478}, "zerocrossingrate": {"dmean": 0.0173531156033, "dmean2": 0.0214162990451, "dvar": 0.000576228252612, "dvar2": 0.000811080855783, "max": 0.48193359375, "mean": 0.0361440852284, "median": 0.0224609375, "min": 0.00146484375, "var": 0.00144271808676}, "barkbands": {"dmean": [0.000679163786117, 0.0113161094487, 0.00461348192766, 0.00617600651458, 0.0040196753107, 0.000475825450849, 0.000239270942984, 0.000315971352393, 0.000313924625516, 0.000259160704445, 0.000134798217914, 0.000159951203386, 0.000143582074088, 6.84431070113e-05, 7.64145806897e-05, 5.51321463718e-05, 7.42364427424e-05, 8.02398717497e-05, 7.34178393031e-05, 7.88308461779e-05, 7.39307070035e-05, 8.61082371557e-05, 0.000322734878864, 0.000174825952854, 0.000138943622005, 7.05331040081e-05, 3.23373787978e-05], "dmean2": [0.000768549623899, 0.0161759033799, 0.00786237977445, 0.0116155100986, 0.00771769229323, 0.00083055451978, 0.000407889892813, 0.000547634379473, 0.000558602740057, 0.00047574119526, 0.000210903817788, 0.000247677817242, 0.000221461537876, 0.000106134124508, 0.000123349804198, 8.82583553903e-05, 0.000127427556436, 0.000121585238958, 0.000118624928291, 0.000124164202134, 0.000115727787488, 0.000143717072206, 0.000548443291336, 0.000306625530357, 0.000248023221502, 0.000125865510199, 5.89511582803e-05], "dvar": [9.07896549052e-07, 0.000274529331364, 0.000123972888105, 0.00036296446342, 0.000161826712429, 8.71192753493e-07, 1.8798895951e-07, 6.60599368985e-07, 5.80467144573e-07, 4.33266336586e-07, 6.95641944048e-08, 1.69155867979e-07, 1.2539996419e-07, 2.42544881957e-08, 4.48156463051e-08, 1.09314992613e-08, 2.06382111401e-08, 2.32224675045e-08, 1.83291408717e-08, 1.87958839604e-08, 1.43133256358e-08, 2.18274855968e-08, 7.71484621964e-07, 2.19546194558e-07, 1.42596206842e-07, 3.58666163436e-08, 9.54574286283e-09], "dvar2": [1.32569402922e-06, 0.000520313100424, 0.000318570062518, 0.00103000749368, 0.00046687037684, 2.3684037842e-06, 4.56994285969e-07, 1.84623866062e-06, 1.60219337886e-06, 1.27513862935e-06, 1.65364269833e-07, 4.32102069681e-07, 3.14566079851e-07, 6.04175482977e-08, 1.25278774021e-07, 2.4479890115e-08, 5.78634420378e-08, 5.12671647357e-08, 3.94759389621e-08, 4.20532941803e-08, 3.26487921143e-08, 5.60661241877e-08, 2.02675528271e-06, 5.96040308665e-07, 3.91370804209e-07, 9.9434210199e-08, 2.66689692552e-08], "max": [0.013497306034, 0.14607962966, 0.09576562047, 0.103623740375, 0.0725455656648, 0.00884771719575, 0.0097463382408, 0.0108500951901, 0.00807348173112, 0.00882298126817, 0.0030531338416, 0.00630375277251, 0.00728734070435, 0.00238204794005, 0.00432355655357, 0.00252771680243, 0.00217856606469, 0.00159521400928, 0.00203394843265, 0.00217630178668, 0.00142710399814, 0.00116593041457, 0.00544191384688, 0.00320232985541, 0.00259157223627, 0.00132117629983, 0.000567562994547], "mean": [0.00136703439057, 0.021595787257, 0.00443772459403, 0.00386601523496, 0.00242855818942, 0.000405055179726, 0.000259286956862, 0.000342967105098, 0.000282058026642, 0.000248387019383, 0.00016541898367, 0.000173042571987, 0.000159016184625, 8.49356292747e-05, 8.74328252394e-05, 6.69816945447e-05, 7.71785271354e-05, 8.3524537331e-05, 7.89690675447e-05, 8.64177927724e-05, 8.10421406641e-05, 7.89843688835e-05, 0.000234702223679, 0.000123579593492, 9.66848238022e-05, 4.9963582569e-05, 2.17820179387e-05], "median": [0.000357770564733, 0.0160649027675, 0.00223797350191, 0.000279302184936, 0.000287645496428, 0.000104896498669, 7.35458743293e-05, 9.49208115344e-05, 4.77800313092e-05, 4.39977266069e-05, 3.88864646084e-05, 3.85644452763e-05, 3.97547119064e-05, 3.18119455187e-05, 2.78882962448e-05, 2.24801588047e-05, 1.71928695636e-05, 1.56365676958e-05, 1.37000906761e-05, 1.47191067299e-05, 1.4802683836e-05, 1.02395997601e-05, 9.97876486508e-06, 6.81822666593e-06, 6.73266549711e-06, 4.73203408546e-06, 1.79610981377e-06], "min": [7.37296101993e-15, 2.97993708261e-15, 1.9212594539e-16, 6.07284453759e-16, 2.03631146267e-15, 4.48960835143e-15, 2.36918672885e-15, 3.04209341908e-15, 9.14502933151e-16, 5.49091807975e-16, 2.04872663634e-15, 4.3132145872e-15, 7.18354835929e-15, 7.21223990632e-15, 6.71643933504e-15, 4.62739774206e-15, 6.65614456523e-15, 1.28551166497e-14, 1.39456283706e-14, 2.62667119229e-14, 4.01360836114e-14, 3.20187059917e-14, 2.04176648191e-14, 7.14828857998e-14, 7.76240508503e-14, 1.08979706227e-13, 1.48147851408e-13], "var": [3.81161885343e-06, 0.000653081282508, 9.29579327931e-05, 0.000207573975786, 8.85160334292e-05, 6.44256886062e-07, 2.91158130494e-07, 5.35689423486e-07, 4.67916720481e-07, 4.02281500556e-07, 1.06273681411e-07, 1.69977582232e-07, 1.30655024577e-07, 2.57316195018e-08, 3.78532902801e-08, 1.43116007933e-08, 2.45899176576e-08, 2.89566060019e-08, 2.52770195885e-08, 2.79716783069e-08, 1.99476009044e-08, 1.98572394083e-08, 5.51550726868e-07, 1.44581250083e-07, 9.05338310986e-08, 2.2458994664e-08, 5.76766634452e-09]}, "erbbands": {"dmean": [0.45549377799, 2.31920051575, 4.58731126785, 13.4669160843, 20.0781536102, 10.1754255295, 5.14186382294, 3.41164755821, 2.85938882828, 5.28317117691, 6.94619035721, 7.22327470779, 8.10769557953, 6.04873418808, 5.47749519348, 6.9867515564, 6.80252552032, 4.19801664352, 3.86329078674, 3.21579265594, 3.13063836098, 4.17546653748, 4.14021205902, 3.81239795685, 3.89728355408, 3.90126919746, 3.55406117439, 2.5741379261, 2.80036306381, 4.39824390411, 11.869925499, 4.83046245575, 2.678409338, 1.55325615406, 0.953739881516, 0.379147201777, 0.123117528856, 0.0269272793084, 0.00489890528843, 0.000369134242646], "dmean2": [0.623357355595, 3.25304698944, 7.21045255661, 24.2938270569, 38.2790298462, 19.4808273315, 9.3720664978, 6.02777147293, 4.91378974915, 8.99828910828, 12.1411018372, 12.8504867554, 14.6408071518, 11.1472730637, 8.46402740479, 10.59075737, 10.471446991, 6.48563337326, 6.12443780899, 5.3084654808, 5.0075340271, 7.08316850662, 6.33646917343, 6.19471645355, 6.15220212936, 6.18724632263, 5.47662687302, 4.1632194519, 4.6534819603, 7.38790845871, 20.1372585297, 8.37994861603, 4.75434923172, 2.75835680962, 1.70670044422, 0.67655557394, 0.220013484359, 0.0478425659239, 0.00890381447971, 0.000674579991028], "dvar": [0.468748539686, 12.920337677, 92.81300354, 1475.9041748, 4171.65283203, 987.867919922, 135.631561279, 44.526134491, 22.863445282, 92.6398162842, 410.114868164, 317.118835449, 401.135192871, 258.069458008, 104.259483337, 336.642242432, 285.824676514, 87.3168411255, 162.118545532, 44.9063339233, 36.6081428528, 63.7087440491, 58.501449585, 48.3971481323, 52.3277511597, 55.1940917969, 36.6681060791, 17.3747062683, 20.0663490295, 101.774299622, 1099.19165039, 168.465209961, 51.4275817871, 17.5630245209, 6.77432107925, 1.00163650513, 0.113353379071, 0.00542980805039, 0.000209204255952, 1.19237597573e-06], "dvar2": [0.994812369347, 23.6237106323, 216.767211914, 4030.28100586, 11968.8330078, 2847.30908203, 380.784423828, 121.707702637, 58.0901603699, 243.838592529, 1152.8503418, 872.759094238, 1133.60778809, 743.616577148, 235.708740234, 865.1328125, 718.559326172, 209.719009399, 456.163299561, 120.324127197, 83.3190536499, 176.212875366, 130.065322876, 110.345939636, 110.411048889, 130.074371338, 83.3099212646, 40.1871833801, 50.5524520874, 273.875396729, 2857.18823242, 450.743896484, 140.842056274, 47.80834198, 18.7214717865, 2.77609443665, 0.313736379147, 0.0150078730658, 0.000583448214456, 3.31592877956e-06], "max": [6.086810112, 37.0796699524, 94.2146148682, 214.037841797, 368.544952393, 189.791549683, 89.4973449707, 70.1268386841, 90.1747512817, 136.580978394, 283.929229736, 183.118911743, 340.425415039, 163.97744751, 160.876113892, 300.202758789, 329.429260254, 141.867156982, 266.530303955, 118.162658691, 155.673980713, 109.433959961, 91.5793685913, 89.4875717163, 67.0847930908, 126.490707397, 51.1461219788, 76.8443069458, 34.8746604919, 76.9377288818, 203.642120361, 85.6049804688, 49.3957710266, 28.4658889771, 16.4842071533, 6.57318067551, 2.28532481194, 0.53201431036, 0.0888068377972, 0.00682438118383], "mean": [0.824205517769, 3.99241042137, 5.51481723785, 9.78583145142, 12.0717840195, 6.31111860275, 3.91201114655, 2.92292332649, 3.09198927879, 6.18124675751, 7.25444793701, 6.47007513046, 8.04638385773, 5.99589014053, 6.85825634003, 7.72624492645, 7.54431200027, 5.20029258728, 4.69970273972, 3.75926470757, 3.89374375343, 4.34555864334, 4.29806423187, 4.1019692421, 4.26898765564, 4.21700048447, 3.71245026588, 2.90332865715, 2.72015500069, 3.51943182945, 8.54795742035, 3.45267438889, 1.85574042797, 1.09197342396, 0.657541036606, 0.266191810369, 0.0865102261305, 0.0192605759948, 0.00333803938702, 0.000273580983048], "median": [0.463652521372, 2.44601535797, 3.25554561615, 1.87537920475, 0.924752116203, 0.85490500927, 0.944230675697, 0.804647982121, 0.994046926498, 2.20324063301, 1.61936271191, 1.15189349651, 1.64081728458, 1.07319891453, 1.72855222225, 1.72806823254, 1.91372966766, 1.83617019653, 1.56080508232, 1.43600273132, 1.29444384575, 1.00668859482, 0.832041323185, 0.78818666935, 0.698213756084, 0.682590425014, 0.682966291904, 0.513189792633, 0.415445029736, 0.319495737553, 0.272343724966, 0.165585041046, 0.106524951756, 0.0751459226012, 0.0444141365588, 0.0215611737221, 0.00806678086519, 0.00189620093442, 0.000289540068479, 6.26147375442e-05], "min": [1.86849505052e-13, 3.47578763731e-13, 3.05174125987e-13, 1.14329802136e-12, 3.25645825409e-12, 8.21129535894e-12, 1.97486072634e-11, 4.06875574899e-11, 3.06972537667e-11, 4.70946892595e-11, 7.02987668078e-11, 2.06289863663e-11, 2.22594633698e-11, 2.55674197092e-11, 1.23789450912e-10, 1.80223933e-10, 2.62592836364e-10, 4.04060618298e-10, 4.2821407531e-10, 3.15136167162e-10, 3.03749803088e-10, 3.34373584376e-10, 5.94248650287e-10, 8.856102518e-10, 6.04515826286e-10, 1.41084888217e-09, 1.64306235284e-09, 1.51119006198e-09, 1.40668421356e-09, 5.50577972103e-10, 6.67220334538e-10, 1.32133004538e-09, 1.1762942842e-09, 5.76316272483e-10, 6.65130450717e-10, 3.50291851081e-10, 2.64463118071e-10, 6.04720717945e-11, 2.41086716563e-11, 2.23430995927e-12], "var": [1.12732064724, 26.3997993469, 92.1905517578, 939.689208984, 2315.8515625, 543.00994873, 85.8847503662, 33.6168174744, 29.6676921844, 115.294624329, 318.341217041, 241.730285645, 422.337585449, 201.668182373, 178.002548218, 337.928649902, 292.743835449, 101.050804138, 128.840576172, 43.7538871765, 52.3399810791, 70.2158584595, 73.0749664307, 61.7871437073, 73.9389648438, 76.4059143066, 47.4633407593, 24.5318222046, 21.0976867676, 72.0688247681, 801.143188477, 115.011283875, 32.9859237671, 11.375711441, 4.23461294174, 0.627932965755, 0.0709429681301, 0.00343389995396, 0.000127278384753, 7.23778384781e-07]}, "gfcc": {"mean": [-73.7071075439, 94.8613739014, -75.9289779663, 37.7288551331, -37.3406333923, 23.8647041321, -18.2611408234, 9.7462978363, -11.4878129959, 4.05729007721, -8.16536426544, -1.72316241264, -9.18609714508], "cov": [[12009.1435547, -3295.73120117, 217.947341919, 1203.09094238, 16.9049377441, 782.13470459, -289.918273926, 355.551849365, -469.424560547, 83.9796676636, -412.227050781, 308.630981445, -458.955932617], [-3295.73120117, 3150.43945312, -415.25994873, -251.025360107, 375.889801025, -292.189758301, 447.289398193, -166.453384399, 257.883056641, -152.724502563, 255.815887451, -294.256164551, 263.758758545], [217.947341919, -415.25994873, 1567.71142578, 286.130401611, 121.405014038, 234.488128662, 43.3226242065, 133.024978638, 86.8255004883, 25.6237068176, 27.3855381012, 135.080352783, -81.3036346436], [1203.09094238, -251.025360107, 286.130401611, 753.470825195, 294.389160156, 163.330932617, 89.0393447876, -6.67363071442, -16.6776275635, 75.5341491699, 8.79269504547, 47.4839363098, 9.16257286072], [16.9049377441, 375.889801025, 121.405014038, 294.389160156, 692.165100098, 194.049240112, 256.073944092, 74.5855789185, 48.0417442322, 71.9214859009, 131.628051758, 25.6307067871, 48.2177314758], [782.13470459, -292.189758301, 234.488128662, 163.330932617, 194.049240112, 406.033325195, 136.583648682, 98.5665435791, 38.0857276917, 22.0407428741, 33.4652900696, 79.4354095459, -29.5962600708], [-289.918273926, 447.289398193, 43.3226242065, 89.0393447876, 256.073944092, 136.583648682, 377.046875, 73.1418151855, 86.1817855835, 19.8191776276, 77.4831008911, -7.17217969894, 81.8572616577], [355.551849365, -166.453384399, 133.024978638, -6.67363071442, 74.5855789185, 98.5665435791, 73.1418151855, 208.492919922, 78.682434082, 56.2717018127, 20.8801670074, 41.5887374878, -23.2944164276], [-469.424560547, 257.883056641, 86.8255004883, -16.6776275635, 48.0417442322, 38.0857276917, 86.1817855835, 78.682434082, 264.243255615, 98.5585098267, 77.8887939453, 2.64531850815, 33.2992019653], [83.9796676636, -152.724502563, 25.6237068176, 75.5341491699, 71.9214859009, 22.0407428741, 19.8191776276, 56.2717018127, 98.5585098267, 196.202896118, 65.976234436, 39.288192749, 12.0238428116], [-412.227050781, 255.815887451, 27.3855381012, 8.79269504547, 131.628051758, 33.4652900696, 77.4831008911, 20.8801670074, 77.8887939453, 65.976234436, 162.437637329, 24.6656341553, 45.945892334], [308.630981445, -294.256164551, 135.080352783, 47.4839363098, 25.6307067871, 79.4354095459, -7.17217969894, 41.5887374878, 2.64531850815, 39.288192749, 24.6656341553, 139.985748291, 1.84132671356], [-458.955932617, 263.758758545, -81.3036346436, 9.16257286072, 48.2177314758, -29.5962600708, 81.8572616577, -23.2944164276, 33.2992019653, 12.0238428116, 45.945892334, 1.84132671356, 137.759933472]], "icov": [[0.00018219058984, 4.52010826848e-05, 0.000106186780613, -0.00029969055322, 8.55206890265e-05, -0.000235665516811, 7.58603564464e-05, -0.00034066248918, 0.000237199245021, -4.15214562963e-05, 0.000213654493564, -0.000118683958135, 0.000296411162708], [4.52010826848e-05, 0.00110240094364, 6.11313371337e-05, 0.00017966258747, -0.00054541422287, 0.000804768118542, -0.000839575717691, 0.000711939588655, -0.00111691222992, 0.00148029474076, -0.00119923020247, 0.00130897969939, -0.000429655658081], [0.000106186780613, 6.11313371337e-05, 0.000898860860616, -0.000497755245306, 8.20064669824e-05, -0.000230495526921, 3.19742684951e-05, -0.000450939580332, -0.000285999238258, 0.000457663147245, -6.88470245223e-05, -0.000672705820762, 0.000687989697326], [-0.00029969055322, 0.00017966258747, -0.000497755245306, 0.00255172024481, -0.00107904500328, 0.000100727636891, -0.000359558383934, 0.00158611044753, -0.000287490198389, -0.000684926402755, 0.000328077469021, 0.000455755216535, -0.000910976785235], [8.55206890265e-05, -0.00054541422287, 8.20064669824e-05, -0.00107904500328, 0.00300139491446, -0.00101280969102, -0.000676704163197, -0.00103560683783, 0.00130642112345, -0.000970638706349, -0.000970855122432, -0.000337820063578, 0.000505463278387], [-0.000235665516811, 0.000804768118542, -0.000230495526921, 0.000100727636891, -0.00101280969102, 0.00503274705261, -0.00201433617622, 0.000322586332913, -0.00154678267427, 0.00195372104645, -0.00130954373162, -0.000769749400206, 0.000868913775776], [7.58603564464e-05, -0.000839575717691, 3.19742684951e-05, -0.000359558383934, -0.000676704163197, -0.00201433617622, 0.00569102028385, -0.00204134522937, 0.000322124687955, -0.000368351058569, 0.000628093315754, 0.000340631930158, -0.00227945717052], [-0.00034066248918, 0.000711939588655, -0.000450939580332, 0.00158611044753, -0.00103560683783, 0.000322586332913, -0.00204134522937, 0.00852595362812, -0.00274576758966, -0.000319850631058, -0.000116648829135, -0.000336617522407, 0.000951799447648], [0.000237199245021, -0.00111691222992, -0.000285999238258, -0.000287490198389, 0.00130642112345, -0.00154678267427, 0.000322124687955, -0.00274576758966, 0.00766953732818, -0.00420432863757, -5.01093127241e-05, 1.91922808881e-05, -0.000136690723593], [-4.15214562963e-05, 0.00148029474076, 0.000457663147245, -0.000684926402755, -0.000970638706349, 0.00195372104645, -0.000368351058569, -0.000319850631058, -0.00420432863757, 0.0101712774485, -0.00391525402665, 5.77184000576e-05, -0.00029906394775], [0.000213654493564, -0.00119923020247, -6.88470245223e-05, 0.000328077469021, -0.000970855122432, -0.00130954373162, 0.000628093315754, -0.000116648829135, -5.01093127241e-05, -0.00391525402665, 0.0116729922593, -0.00299434782937, -0.000888371432666], [-0.000118683958135, 0.00130897969939, -0.000672705820762, 0.000455755216535, -0.000337820063578, -0.000769749400206, 0.000340631930158, -0.000336617522407, 1.91922808881e-05, 5.77184000576e-05, -0.00299434782937, 0.0118153626099, -0.0028043219354], [0.000296411162708, -0.000429655658081, 0.000687989697326, -0.000910976785235, 0.000505463278387, 0.000868913775776, -0.00227945717052, 0.000951799447648, -0.000136690723593, -0.00029906394775, -0.000888371432666, -0.0028043219354, 0.0114538557827]]}, "melbands": {"dmean": [0.00350208277814, 0.00225427071564, 0.00253678951412, 0.00111398741137, 0.000206477678148, 7.86919263192e-05, 4.53089342045e-05, 6.10255992797e-05, 5.74302066525e-05, 4.47631136922e-05, 4.08074956795e-05, 2.62053636106e-05, 1.78546197276e-05, 1.71019401023e-05, 1.60996023624e-05, 1.5852125216e-05, 6.81696792526e-06, 6.08582968198e-06, 5.74511659579e-06, 4.00588351113e-06, 3.63997946806e-06, 4.53925576949e-06, 3.72685121874e-06, 3.75291688215e-06, 3.05620278596e-06, 2.92710069516e-06, 2.68301710094e-06, 2.66056235887e-06, 2.427168738e-06, 1.67667315054e-06, 1.4340873804e-06, 1.416744567e-06, 2.09948416341e-06, 2.29356692216e-06, 6.69117480356e-06, 5.61888236916e-06, 2.03345916816e-06, 2.00178624254e-06, 1.48627964336e-06, 1.23998711388e-06], "dmean2": [0.00487804738805, 0.00330117670819, 0.00457444321364, 0.00213417969644, 0.00038287852658, 0.000137907511089, 7.75509688538e-05, 0.000104138394818, 0.000100523124274, 7.99396948423e-05, 7.39941096981e-05, 4.86389690195e-05, 2.77253129752e-05, 2.59160315181e-05, 2.47980187851e-05, 2.59110311163e-05, 1.05040990093e-05, 9.75489729171e-06, 9.46283580561e-06, 6.48430295769e-06, 5.85235375183e-06, 7.79071888246e-06, 6.0016518546e-06, 5.61983461012e-06, 5.0410330914e-06, 4.76963305118e-06, 4.32905972048e-06, 4.23959954787e-06, 3.79673770112e-06, 2.61521290668e-06, 2.33657920035e-06, 2.31838043874e-06, 3.58246597898e-06, 3.87240697819e-06, 1.12888164949e-05, 9.72837642621e-06, 3.54368785338e-06, 3.55181009581e-06, 2.66374900093e-06, 2.19765593101e-06], "dvar": [2.59428943536e-05, 1.49106208482e-05, 5.34549071745e-05, 1.26628665384e-05, 2.58982709056e-07, 2.28358256749e-08, 6.0282316916e-09, 1.33702053873e-08, 2.63255905963e-08, 1.24741248442e-08, 1.03821076181e-08, 4.89228524359e-09, 1.16740594969e-09, 1.3335208493e-09, 2.19127471723e-09, 1.82098525148e-09, 2.00427577313e-10, 4.6693388045e-10, 2.0809440282e-10, 5.28184856963e-11, 5.67387144212e-11, 7.93091911588e-11, 4.64979339754e-11, 5.42598813102e-11, 3.16855604254e-11, 2.88018324468e-11, 2.66392533033e-11, 2.66594888526e-11, 1.81450045961e-11, 7.98781440298e-12, 5.37614354076e-12, 4.97818192918e-12, 1.86581253919e-11, 2.83581647748e-11, 3.43262973601e-10, 2.50166415361e-10, 2.69071587927e-11, 2.8676233263e-11, 1.59272196126e-11, 1.14545369717e-11], "dvar2": [5.14254788868e-05, 3.08542912535e-05, 0.000145836820593, 3.64428524335e-05, 7.35522121431e-07, 6.19350259967e-08, 1.4883744015e-08, 3.5714649016e-08, 7.37142116236e-08, 3.44876021074e-08, 2.95861095623e-08, 1.43453480206e-08, 2.68963940009e-09, 3.1399738365e-09, 5.82686698891e-09, 4.75921657639e-09, 4.76199857324e-10, 1.32763011695e-09, 5.76793557361e-10, 1.33148714276e-10, 1.31489222288e-10, 2.21819590474e-10, 1.13382116196e-10, 1.19785029118e-10, 7.48370185266e-11, 6.35108909908e-11, 5.98614907643e-11, 6.45706543789e-11, 4.18478030006e-11, 1.87837401883e-11, 1.2401524252e-11, 1.23322255186e-11, 4.98553941186e-11, 7.71363528607e-11, 8.84538886581e-10, 6.66215360656e-10, 7.24847820655e-11, 7.87800519264e-11, 4.37360495043e-11, 3.1153447877e-11], "max": [0.045168325305, 0.0359380766749, 0.0406111106277, 0.0202775355428, 0.00384123367257, 0.0015475518303, 0.00171771610621, 0.00152290018741, 0.00214953860268, 0.00113061536103, 0.00168931367807, 0.000708154926542, 0.000464554206701, 0.000460419105366, 0.000823050562758, 0.000771900289692, 0.000193124389625, 0.000475372333312, 0.000322079285979, 8.88979557203e-05, 0.000196149965632, 0.000134228917887, 6.92759276717e-05, 8.11170102679e-05, 8.10619530967e-05, 7.36237925594e-05, 5.64499932807e-05, 9.78878088063e-05, 3.78430449928e-05, 3.68382643501e-05, 4.17611081502e-05, 1.89987349586e-05, 3.5644374293e-05, 4.5863482228e-05, 0.000111612571345, 9.81546036201e-05, 3.8658388803e-05, 3.73074617528e-05, 2.95272111543e-05, 2.24229806918e-05], "mean": [0.00659618712962, 0.00373602681793, 0.00182298757136, 0.000668505905196, 0.000150872598169, 6.82644094923e-05, 4.9912945542e-05, 7.1209462476e-05, 5.8824523876e-05, 3.94621747546e-05, 4.00185090257e-05, 2.42288206209e-05, 2.19185694732e-05, 2.01549901249e-05, 1.77555502887e-05, 1.64662651514e-05, 8.59569900058e-06, 7.21424839867e-06, 6.51772643323e-06, 4.55691179013e-06, 4.47413594884e-06, 4.66079836769e-06, 3.82340203942e-06, 3.89033039028e-06, 3.20395656672e-06, 3.12917018164e-06, 2.87349962491e-06, 2.8055023904e-06, 2.43913541453e-06, 1.82994097031e-06, 1.60703359597e-06, 1.46075490193e-06, 1.70770556451e-06, 1.83834322343e-06, 4.86598355565e-06, 3.91293133362e-06, 1.47953585383e-06, 1.37903577979e-06, 1.02649664768e-06, 8.71139377523e-07], "median": [0.00422119582072, 0.00235371454619, 0.000318099162541, 6.68991924613e-05, 3.43817882822e-05, 1.86627894436e-05, 1.49306861204e-05, 2.44828734139e-05, 1.15849197755e-05, 7.20447405911e-06, 7.72503972257e-06, 3.62456512448e-06, 5.0611865845e-06, 4.92605022373e-06, 4.03250487579e-06, 4.05656555813e-06, 3.10964787786e-06, 2.232248562e-06, 2.25721464631e-06, 1.59319847626e-06, 1.35371533361e-06, 1.06774098185e-06, 7.57000805152e-07, 6.65378706799e-07, 6.07272852449e-07, 5.05487435021e-07, 4.73145234992e-07, 4.14991234265e-07, 4.43772336212e-07, 3.16546845625e-07, 2.66801123416e-07, 2.14386801645e-07, 1.77186052497e-07, 1.54059833335e-07, 1.44597962048e-07, 1.32786112772e-07, 8.88403235422e-08, 7.49545137069e-08, 6.35578842889e-08, 5.76401006924e-08], "min": [1.60543056696e-15, 2.46988931128e-16, 2.54837485478e-16, 3.90455136569e-16, 6.4026256983e-16, 9.01766204603e-16, 4.78376838857e-16, 5.3961414457e-16, 5.38354024242e-16, 1.01475963214e-16, 1.08050758682e-16, 7.79305383932e-17, 3.51451095763e-16, 6.11797604121e-16, 3.27996832863e-16, 7.26088606727e-16, 7.4602114486e-16, 7.25135694661e-16, 3.97083645838e-16, 3.70334901229e-16, 3.90040858049e-16, 3.79283036693e-16, 3.01913485574e-16, 7.32652000337e-16, 7.4648838941e-16, 3.95528255119e-16, 5.00976736681e-16, 1.01566693678e-15, 1.17452436615e-15, 7.50307978606e-16, 8.83402159729e-16, 8.92992531456e-16, 4.2646817169e-16, 2.75655675967e-16, 3.57840582922e-16, 6.79322858918e-16, 7.55529619089e-16, 1.0501814118e-15, 4.074240123e-16, 4.92966928434e-16], "var": [6.34939642623e-05, 2.4173190468e-05, 3.40770857292e-05, 6.96808228895e-06, 1.54484936843e-07, 1.75512244738e-08, 8.93951135339e-09, 1.54036747801e-08, 2.14362554374e-08, 9.30561139256e-09, 1.07529452009e-08, 3.67303121251e-09, 1.87324644685e-09, 1.77467240903e-09, 1.91535143301e-09, 1.64452051976e-09, 2.47768472406e-10, 3.45698941695e-10, 1.77857228945e-10, 5.94050780789e-11, 8.61313173561e-11, 9.24014614823e-11, 5.18845071074e-11, 6.76166969638e-11, 3.8768033922e-11, 3.91416621337e-11, 3.44574299649e-11, 3.73012801202e-11, 2.18982661865e-11, 1.09827728509e-11, 7.68252995942e-12, 6.15709740137e-12, 1.37207033929e-11, 1.96606168845e-11, 2.54734927596e-10, 1.72349245986e-10, 1.82020405692e-11, 1.82883500011e-11, 1.0105733958e-11, 7.43432659184e-12]}, "mfcc": {"mean": [-728.46496582, 128.059494019, 27.4669895172, 29.0318183899, 14.5670986176, 19.3280124664, 11.3285484314, 12.0153255463, 6.2992401123, 9.83744049072, 5.43214464188, 7.46126413345, 3.51322722435], "cov": [[10186.6318359, -2389.12182617, -590.182067871, 153.950149536, 110.799476624, 271.4949646, 53.3711166382, 166.167037964, -159.232208252, -70.6826019287, -150.836105347, -99.9617843628, -196.679321289], [-2389.12182617, 2374.07177734, -284.965423584, 34.5375480652, -8.71328830719, -45.7462005615, 156.344055176, -7.11514902115, 151.556274414, 47.6406326294, 78.0652999878, 54.7628250122, 61.5186004639], [-590.182067871, -284.965423584, 1180.45666504, 39.316734314, 82.5216293335, 14.8527803421, -81.6014404297, 109.711761475, -17.2313728333, 27.3262424469, -2.42300510406, 23.9386386871, 20.5880680084], [153.950149536, 34.5375480652, 39.316734314, 603.766418457, 191.658538818, 161.277984619, 131.742340088, -37.2114830017, 56.4915962219, 7.50442171097, -2.0655272007, 27.3393211365, 25.6175060272], [110.799476624, -8.71328830719, 82.5216293335, 191.658538818, 393.998138428, 168.057846069, 121.495254517, 82.9791870117, -10.9404344559, 54.5814399719, 58.3853149414, 26.4407444, 49.2726478577], [271.4949646, -45.7462005615, 14.8527803421, 161.277984619, 168.057846069, 338.877319336, 168.382232666, 88.3847427368, 63.3706474304, 12.1153240204, 45.0954055786, 51.7014160156, 19.8667564392], [53.3711166382, 156.344055176, -81.6014404297, 131.742340088, 121.495254517, 168.382232666, 336.105224609, 124.108329773, 49.1174812317, 35.8672866821, -1.06446409225, 24.0909786224, 32.0561180115], [166.167037964, -7.11514902115, 109.711761475, -37.2114830017, 82.9791870117, 88.3847427368, 124.108329773, 235.685821533, 56.3843421936, 25.9906139374, 39.4901313782, 9.05543041229, 21.5470409393], [-159.232208252, 151.556274414, -17.2313728333, 56.4915962219, -10.9404344559, 63.3706474304, 49.1174812317, 56.3843421936, 182.649475098, 56.6956481934, 43.2334899902, 51.6630859375, 19.1957416534], [-70.6826019287, 47.6406326294, 27.3262424469, 7.50442171097, 54.5814399719, 12.1153240204, 35.8672866821, 25.9906139374, 56.6956481934, 168.35307312, 59.2956619263, 42.2564468384, 52.9417114258], [-150.836105347, 78.0652999878, -2.42300510406, -2.0655272007, 58.3853149414, 45.0954055786, -1.06446409225, 39.4901313782, 43.2334899902, 59.2956619263, 158.102340698, 77.4073104858, 32.5552101135], [-99.9617843628, 54.7628250122, 23.9386386871, 27.3393211365, 26.4407444, 51.7014160156, 24.0909786224, 9.05543041229, 51.6630859375, 42.2564468384, 77.4073104858, 134.604400635, 60.771572113], [-196.679321289, 61.5186004639, 20.5880680084, 25.6175060272, 49.2726478577, 19.8667564392, 32.0561180115, 21.5470409393, 19.1957416534, 52.9417114258, 32.5552101135, 60.771572113, 107.662406921]], "icov": [[0.000162427008036, 0.000154017456225, 0.000166933838045, -0.000105171682662, 9.4644328783e-06, -9.3154842034e-05, 0.000122639976325, -0.000326558918459, 0.000187383542652, -0.000169674895005, 0.000238711189013, -0.000231220968999, 0.000351878901711], [0.000154017456225, 0.000655369774904, 0.000203764284379, -2.66685692623e-05, -7.27124206605e-05, 0.00025619418011, -0.000337681587553, 2.49947424891e-05, -0.000384615152143, 0.000100241799373, -0.000160597890499, -1.42400976983e-05, 3.1687613955e-05], [0.000166933838045, 0.000203764284379, 0.00122736871708, -0.000387765554478, -8.77864149516e-05, -0.000133912020829, 0.000932532246225, -0.00139564019628, 0.000599885883275, -0.000565431022551, 0.000876883976161, -0.000896691286471, 0.000524712668266], [-0.000105171682662, -2.66685692623e-05, -0.000387765554478, 0.0027514139656, -0.00131938687991, -0.000323974207276, -0.00116272061132, 0.00223263120279, -0.0016558219213, 0.000900320126675, -7.48176389607e-05, 0.00056962785311, -0.000640846032184], [9.4644328783e-06, -7.27124206605e-05, -8.77864149516e-05, -0.00131938687991, 0.00468183169141, -0.00163990259171, -6.7778491939e-06, -0.00134513631929, 0.00231117731892, -0.00132081680931, -0.00122445926536, 0.000821215333417, -0.00103515083902], [-9.3154842034e-05, 0.00025619418011, -0.000133912020829, -0.000323974207276, -0.00163990259171, 0.00559440022334, -0.00214075390249, 7.55221044528e-05, -0.00168859644327, 0.00147989054676, -0.000931091548409, -0.00108042336069, 0.000591363699641], [0.000122639976325, -0.000337681587553, 0.000932532246225, -0.00116272061132, -6.7778491939e-06, -0.00214075390249, 0.00636362750083, -0.00384051306173, 0.00131149543449, -0.00175586005207, 0.00287091662176, -0.00155355234165, 0.000425732025178], [-0.000326558918459, 2.49947424891e-05, -0.00139564019628, 0.00223263120279, -0.00134513631929, 7.55221044528e-05, -0.00384051306173, 0.00920269079506, -0.00366083486006, 0.00200663763098, -0.0031398893334, 0.00347208091989, -0.00231625093147], [0.000187383542652, -0.000384615152143, 0.000599885883275, -0.0016558219213, 0.00231117731892, -0.00168859644327, 0.00131149543449, -0.00366083486006, 0.00963869597763, -0.00352130015381, 0.000745097000618, -0.00321105495095, 0.00203763437457], [-0.000169674895005, 0.000100241799373, -0.000565431022551, 0.000900320126675, -0.00132081680931, 0.00147989054676, -0.00175586005207, 0.00200663763098, -0.00352130015381, 0.00943958945572, -0.00322778522968, 0.00167280819733, -0.00400292593986], [0.000238711189013, -0.000160597890499, 0.000876883976161, -7.48176389607e-05, -0.00122445926536, -0.000931091548409, 0.00287091662176, -0.0031398893334, 0.000745097000618, -0.00322778522968, 0.0120566906407, -0.00700307590887, 0.00264539150521], [-0.000231220968999, -1.42400976983e-05, -0.000896691286471, 0.00056962785311, 0.000821215333417, -0.00108042336069, -0.00155355234165, 0.00347208091989, -0.00321105495095, 0.00167280819733, -0.00700307590887, 0.015905385837, -0.00789759587497], [0.000351878901711, 3.1687613955e-05, 0.000524712668266, -0.000640846032184, -0.00103515083902, 0.000591363699641, 0.000425732025178, -0.00231625093147, 0.00203763437457, -0.00400292593986, 0.00264539150521, -0.00789759587497, 0.0159296561033]]}, "spectral_contrast_coeffs": {"dmean": [0.0671764686704, 0.0476302206516, 0.0375001952052, 0.028848208487, 0.0228596124798, 0.0216573178768], "dmean2": [0.103485427797, 0.0789820104837, 0.0610020048916, 0.0467158742249, 0.0358992740512, 0.0326001271605], "dvar": [0.00496808206663, 0.00150867493358, 0.000991881475784, 0.000683137739543, 0.000470016413601, 0.000484601565404], "dvar2": [0.0108314333484, 0.00402683485299, 0.00254916818812, 0.00173209223431, 0.0010577396024, 0.000943645776715], "max": [-0.260625511408, -0.522734045982, -0.517726123333, -0.596160054207, -0.622379899025, -0.509754896164], "mean": [-0.671598494053, -0.778867065907, -0.811881005764, -0.812569975853, -0.819127738476, -0.782424747944], "median": [-0.692511439323, -0.784556508064, -0.820144474506, -0.820557832718, -0.830147981644, -0.793694078922], "min": [-0.960084557533, -0.972081303596, -0.954715490341, -0.94897288084, -0.946205914021, -0.918866157532], "var": [0.0109518850222, 0.00341696571559, 0.00297407549806, 0.00232758442871, 0.00221524597146, 0.00299873575568]}, "spectral_contrast_valleys": {"dmean": [0.495128512383, 0.575733304024, 0.544697701931, 0.507595181465, 0.607015132904, 0.797566473484], "dmean2": [0.76572239399, 0.891355156898, 0.833768546581, 0.72225356102, 0.831746518612, 1.02737987041], "dvar": [0.243491292, 0.325840830803, 0.405771106482, 0.333851516247, 0.471148043871, 0.700413703918], "dvar2": [0.471246182919, 0.74179905653, 0.901322364807, 0.668350815773, 0.9050963521, 1.29311418533], "max": [-5.28500080109, -4.91316843033, -5.21617126465, -6.00856208801, -5.988