{"lowlevel": {"average_loudness": 0.905158340931, "barkbands_crest": {"dmean": 3.27800512314, "dmean2": 4.99362802505, "dvar": 10.2863883972, "dvar2": 21.3568649292, "max": 26.6005249023, "mean": 15.2625598907, "median": 14.8489341736, "min": 2.62019515038, "var": 35.7244644165}, "barkbands_flatness_db": {"dmean": 0.0414674729109, "dmean2": 0.060660995543, "dvar": 0.00156134099234, "dvar2": 0.00323701743037, "max": 0.632335066795, "mean": 0.297195613384, "median": 0.304507344961, "min": 0.0195543058217, "var": 0.0107036009431}, "barkbands_kurtosis": {"dmean": 15.0534124374, "dmean2": 23.6404972076, "dvar": 2828.02172852, "dvar2": 8117.93017578, "max": 1004.56665039, "mean": 20.3871078491, "median": 4.02539253235, "min": -1.84957933426, "var": 4308.14990234}, "barkbands_skewness": {"dmean": 1.09806776047, "dmean2": 1.57802665234, "dvar": 2.71671962738, "dvar2": 6.40695428848, "max": 27.251909256, "mean": 2.58998155594, "median": 1.7618778944, "min": -2.31644463539, "var": 9.3550863266}, "barkbands_spread": {"dmean": 3.48924279213, "dmean2": 5.40283632278, "dvar": 26.2398300171, "dvar2": 57.8067207336, "max": 74.8843536377, "mean": 8.96738052368, "median": 6.04830789566, "min": 0.08324880898, "var": 71.5678939819}, "dissonance": {"dmean": 0.0316200181842, "dmean2": 0.0513390041888, "dvar": 0.00104031059891, "dvar2": 0.00262360950001, "max": 0.499999970198, "mean": 0.434263318777, "median": 0.445864826441, "min": 0.0825998708606, "var": 0.00238718441688}, "dynamic_complexity": 3.84219646454, "erbbands_crest": {"dmean": 2.79429149628, "dmean2": 4.27732610703, "dvar": 6.36903524399, "dvar2": 16.0399513245, "max": 31.0531425476, "mean": 11.1671209335, "median": 10.0763378143, "min": 3.22353339195, "var": 21.4120368958}, "erbbands_flatness_db": {"dmean": 0.0275183524936, "dmean2": 0.0382200181484, "dvar": 0.000830208475236, "dvar2": 0.00159986084327, "max": 0.546200573444, "mean": 0.271454453468, "median": 0.260138332844, "min": 0.0609344504774, "var": 0.0115780383348}, "erbbands_kurtosis": {"dmean": 1.53778243065, "dmean2": 2.39585256577, "dvar": 6.50777006149, "dvar2": 16.593164444, "max": 46.115940094, "mean": 1.49773967266, "median": 0.70880651474, "min": -1.85827088356, "var": 9.16884803772}, "erbbands_skewness": {"dmean": 0.473947107792, "dmean2": 0.708219826221, "dvar": 0.276137679815, "dvar2": 0.625248253345, "max": 6.0071105957, "mean": 0.532999396324, "median": 0.487357318401, "min": -3.94796085358, "var": 0.797788023949}, "erbbands_spread": {"dmean": 7.16468524933, "dmean2": 10.5096883774, "dvar": 78.5132217407, "dvar2": 168.259017944, "max": 133.250457764, "mean": 24.4923152924, "median": 18.9188232422, "min": 2.1634786129, "var": 350.82232666}, "hfc": {"dmean": 4.23299503326, "dmean2": 6.07593345642, "dvar": 43.2472190857, "dvar2": 95.4504089355, "max": 85.3009338379, "mean": 11.2092580795, "median": 8.64142990112, "min": 9.31627084505e-12, "var": 103.302505493}, "melbands_crest": {"dmean": 3.52241897583, "dmean2": 5.44468450546, "dvar": 11.812171936, "dvar2": 27.0448665619, "max": 34.7934303284, "mean": 18.4957561493, "median": 18.3911170959, "min": 3.57564139366, "var": 45.1789855957}, "melbands_flatness_db": {"dmean": 0.0482417680323, "dmean2": 0.068367280066, "dvar": 0.00224845041521, "dvar2": 0.00429928349331, "max": 0.780512273312, "mean": 0.385385900736, "median": 0.397651970387, "min": 0.0512899421155, "var": 0.0154093075544}, "melbands_kurtosis": {"dmean": 18.1461353302, "dmean2": 24.8674259186, "dvar": 2286.25854492, "dvar2": 3798.66845703, "max": 1286.63098145, "mean": 33.0787315369, "median": 7.68002843857, "min": -1.85253810883, "var": 7422.13085938}, "melbands_skewness": {"dmean": 1.10055041313, "dmean2": 1.53570747375, "dvar": 1.90080547333, "dvar2": 3.5789270401, "max": 23.6203994751, "mean": 3.22058653831, "median": 2.31333208084, "min": -1.71566939354, "var": 9.53887081146}, "melbands_spread": {"dmean": 4.35074281693, "dmean2": 6.57921123505, "dvar": 53.0992584229, "dvar2": 109.548362732, "max": 152.290756226, "mean": 10.5189313889, "median": 6.80114173889, "min": 0.236146315932, "var": 145.853775024}, "pitch_salience": {"dmean": 0.0943481549621, "dmean2": 0.141025558114, "dvar": 0.009273102507, "dvar2": 0.0188536383212, "max": 0.959782421589, "mean": 0.441252708435, "median": 0.452374100685, "min": 0.0379920527339, "var": 0.0339774936438}, "silence_rate_20dB": {"dmean": 0, "dmean2": 0, "dvar": 0, "dvar2": 0, "max": 1, "mean": 1, "median": 1, "min": 1, "var": 0}, "silence_rate_30dB": {"dmean": 0.0812922045588, "dmean2": 0.162605926394, "dvar": 0.0746871381998, "dvar2": 0.148874253035, "max": 1, "mean": 0.855043709278, "median": 1, "min": 0, "var": 0.123939096928}, "silence_rate_60dB": {"dmean": 0.0418376810849, "dmean2": 0.0835540220141, "dvar": 0.0400862060487, "dvar2": 0.0829295739532, "max": 1, "mean": 0.106566056609, "median": 0, "min": 0, "var": 0.0952071025968}, "spectral_centroid": {"dmean": 174.607208252, "dmean2": 256.479736328, "dvar": 64788.7265625, "dvar2": 126501.03125, "max": 3924.36425781, "mean": 745.251647949, "median": 551.331054688, "min": 91.8139190674, "var": 234074.3125}, "spectral_complexity": {"dmean": 2.7922680378, "dmean2": 4.08845329285, "dvar": 11.4354991913, "dvar2": 19.9390830994, "max": 42, "mean": 11.6068305969, "median": 11, "min": 0, "var": 47.0692710876}, "spectral_decrease": {"dmean": 5.4680038275e-09, "dmean2": 8.09263500656e-09, "dvar": 7.18463999947e-17, "dvar2": 1.56449010296e-16, "max": -5.11905599132e-22, "mean": -1.25801973283e-08, "median": -6.511854167e-09, "min": -7.31816882649e-08, "var": 2.0340095977e-16}, "spectral_energy": {"dmean": 0.0208915062249, "dmean2": 0.0309332571924, "dvar": 0.00104226416443, "dvar2": 0.00226657721214, "max": 0.27814155817, "mean": 0.048497248441, "median": 0.0254604965448, "min": 2.77706443318e-15, "var": 0.00295735383406}, "spectral_energyband_high": {"dmean": 4.40694420831e-05, "dmean2": 7.36495203455e-05, "dvar": 2.68059441311e-08, "dvar2": 7.31029459189e-08, "max": 0.0020706250798, "mean": 5.49661199329e-05, "median": 5.61214437766e-06, "min": 6.39649635613e-16, "var": 2.50599310192e-08}, "spectral_energyband_low": {"dmean": 0.0193653106689, "dmean2": 0.0281594656408, "dvar": 0.00103092612699, "dvar2": 0.00224843691103, "max": 0.273684263229, "mean": 0.0337845720351, "median": 0.0082553178072, "min": 2.24024385621e-16, "var": 0.00255072047003}, "spectral_energyband_middle_high": {"dmean": 0.00124379596673, "dmean2": 0.00181657436769, "dvar": 7.12138944436e-06, "dvar2": 1.56216847245e-05, "max": 0.04571486637, "mean": 0.0026061127428, "median": 0.0011830846779, "min": 6.24982466038e-16, "var": 1.93483901967e-05}, "spectral_energyband_middle_low": {"dmean": 0.00796885695308, "dmean2": 0.0133935436606, "dvar": 0.000496963621117, "dvar2": 0.00138121063355, "max": 0.176906958222, "mean": 0.0135549027473, "median": 0.0106227826327, "min": 1.29968714251e-15, "var": 0.000368927809177}, "spectral_entropy": {"dmean": 0.271790146828, "dmean2": 0.38841214776, "dvar": 0.0918314158916, "dvar2": 0.20747885108, "max": 8.60835361481, "mean": 6.62690639496, "median": 6.65242099762, "min": 4.41015052795, "var": 0.481281280518}, "spectral_flux": {"dmean": 0.0489066131413, "dmean2": 0.0744938030839, "dvar": 0.00404874235392, "dvar2": 0.007800785359, "max": 0.503307521343, "mean": 0.0975739732385, "median": 0.0638289451599, "min": 4.27618124377e-06, "var": 0.00936408154666}, "spectral_kurtosis": {"dmean": 18.5390834808, "dmean2": 29.9289093018, "dvar": 706.516235352, "dvar2": 1657.59790039, "max": 273.222045898, "mean": 37.3282241821, "median": 13.9782409668, "min": -0.217950105667, "var": 2121.91308594}, "spectral_rms": {"dmean": 0.00138086581137, "dmean2": 0.00194718991406, "dvar": 3.3068963603e-06, "dvar2": 6.73201839163e-06, "max": 0.0164729356766, "mean": 0.00583110097796, "median": 0.0049839252606, "min": 1.6460046659e-09, "var": 1.33124913191e-05}, "spectral_rolloff": {"dmean": 250.379684448, "dmean2": 402.035552979, "dvar": 270365.09375, "dvar2": 523029.75, "max": 10960.4003906, "mean": 705.811828613, "median": 473.73046875, "min": 64.599609375, "var": 817550.875}, "spectral_skewness": {"dmean": 1.15521633625, "dmean2": 1.86423182487, "dvar": 1.83146595955, "dvar2": 4.57441949844, "max": 13.2044334412, "mean": 3.58163714409, "median": 2.58805036545, "min": 0.33768171072, "var": 5.71184206009}, "spectral_spread": {"dmean": 544089.5, "dmean2": 818038.6875, "dvar": 720584572928, "dvar2": 1756216557570.0, "max": 27911430, "mean": 2497436.5, "median": 1988978.75, "min": 248487.734375, "var": 3193430605820.0}, "spectral_strongpeak": {"dmean": 0.339720696211, "dmean2": 0.536166548729, "dvar": 0.332522928715, "dvar2": 0.795943021774, "max": 10.9526491165, "mean": 0.799634695053, "median": 0.598106384277, "min": 0, "var": 0.644783198833}, "zerocrossingrate": {"dmean": 0.0064594312571, "dmean2": 0.00696298619732, "dvar": 9.22670587897e-05, "dvar2": 9.21184837352e-05, "max": 0.4833984375, "mean": 0.0271555874497, "median": 0.0205078125, "min": 0.001953125, "var": 0.000782070215791}, "barkbands": {"dmean": [0.000192312698346, 0.0187994875014, 0.00518876546994, 0.00323120085523, 0.00308759091422, 0.00100615341216, 0.00121699168812, 0.000656976655591, 0.000602990854532, 0.000593417906202, 0.000180536488187, 0.000189341517398, 0.000189776008483, 0.000143204786582, 0.000180158487638, 0.000173041626113, 0.000159333547344, 3.65177620552e-05, 2.77816234302e-05, 1.6879170289e-05, 1.23458139569e-05, 7.17091188562e-06, 6.20189121037e-06, 4.7928042477e-06, 5.672982752e-06, 1.28152419165e-06, 4.52675521956e-07], "dmean2": [0.000239105516812, 0.027365533635, 0.009466631338, 0.00598739366978, 0.00555019266903, 0.00161720265169, 0.00168738339562, 0.000924685562495, 0.000851882447023, 0.000848943775054, 0.000262197980192, 0.000289200776024, 0.000295008125249, 0.000231462268857, 0.000272934470559, 0.000276911014225, 0.000252514146268, 6.0782982473e-05, 4.62344723928e-05, 2.86402682832e-05, 2.16960906982e-05, 1.17151539598e-05, 1.0067868061e-05, 7.34873538022e-06, 9.03230011318e-06, 2.19185130845e-06, 8.40083032472e-07], "dvar": [1.76438859967e-07, 0.00102585030254, 0.000351735245204, 0.000170277693542, 0.0001087749406, 3.52941492565e-06, 8.26258292363e-06, 1.96340351977e-06, 1.57734916684e-06, 1.60099421009e-06, 3.76586825723e-07, 3.66776248484e-07, 3.61170293672e-07, 4.06362374861e-07, 3.02743586644e-07, 3.0200880019e-07, 2.32846076642e-07, 1.5553517585e-08, 3.83450959873e-09, 2.2762300933e-09, 2.77989320452e-09, 7.2040834409e-10, 5.48143086476e-10, 2.96031199554e-10, 5.35441802008e-10, 2.46799160969e-11, 4.22581414306e-12], "dvar2": [3.05114582488e-07, 0.00225646863692, 0.000986657454632, 0.000485042721266, 0.000317062193062, 8.49415482662e-06, 1.71869996848e-05, 4.06477875003e-06, 3.83280030292e-06, 3.35595655088e-06, 7.02563340838e-07, 8.52137304719e-07, 8.43366478875e-07, 1.03853142264e-06, 5.80809000894e-07, 7.25093570964e-07, 5.56679367492e-07, 4.11768006359e-08, 1.03058557244e-08, 6.20670270735e-09, 7.69728814021e-09, 1.82736237253e-09, 1.44968181903e-09, 8.23663248717e-10, 1.48970413782e-09, 6.85761100683e-11, 1.25657323088e-11], "max": [0.00596736650914, 0.269410789013, 0.140616476536, 0.101158738136, 0.095900811255, 0.0343021899462, 0.0652473717928, 0.0352191142738, 0.03095417656, 0.0306690838188, 0.0207475684583, 0.0143018262461, 0.0127241425216, 0.0151658365503, 0.0230079181492, 0.0110893454403, 0.0120721692219, 0.0037353686057, 0.00158506887965, 0.00125621631742, 0.000668374472298, 0.000313040683977, 0.00034943560604, 0.000429845415056, 0.000283555360511, 5.67542410863e-05, 3.1737221434e-05], "mean": [0.000398678152123, 0.0285606496036, 0.00362076982856, 0.00216007395647, 0.00371181615628, 0.0019147482235, 0.00277672312222, 0.00125305668917, 0.00115729868412, 0.00103397353087, 0.000321337254718, 0.000275288766716, 0.000294576195301, 0.00021005232702, 0.000284163630567, 0.000188613325008, 0.000196539040189, 3.94973067159e-05, 3.51538947143e-05, 1.97304925678e-05, 1.28946958284e-05, 8.68574716151e-06, 8.33673766465e-06, 7.05730917616e-06, 5.78000390306e-06, 1.23412792163e-06, 3.02399314478e-07], "median": [2.305653652e-05, 0.00541188567877, 0.000497105938848, 0.000220757327043, 0.00154146132991, 0.000869234325364, 0.00117865484208, 0.000586750451475, 0.000632529496215, 0.000311702257022, 6.68329230393e-05, 6.5864820499e-05, 4.0365030145e-05, 2.79405703623e-05, 6.93781621521e-05, 3.44264954037e-05, 4.0442286263e-05, 7.07938215783e-06, 7.15472106094e-06, 2.61607578977e-06, 1.2044564528e-06, 5.79288098379e-07, 2.47489481353e-07, 1.27743959411e-07, 3.65934269553e-08, 1.06477191508e-08, 3.39327344001e-09], "min": [5.48855280642e-17, 8.9130517565e-17, 6.89774530803e-17, 7.931326674e-17, 2.42833863945e-16, 2.70627714862e-16, 2.34925170256e-16, 1.79530062539e-16, 2.26949560964e-16, 2.0429812648e-16, 8.24600801659e-17, 4.1493080209e-17, 7.72015341932e-17, 5.32223590199e-17, 5.19320763784e-17, 1.38611788483e-17, 2.42862378515e-17, 5.85381822869e-17, 2.71434040597e-17, 3.6802999223e-17, 4.96531044553e-17, 3.9046435467e-17, 7.93443157915e-17, 1.31115750386e-16, 1.04455308962e-16, 6.60920353455e-17, 1.61657177661e-16], "var": [6.67122435516e-07, 0.0020491280593, 0.000212277955143, 9.81019693427e-05, 6.78155920468e-05, 9.24708547245e-06, 2.28217686526e-05, 4.01565057473e-06, 2.61213881458e-06, 4.00615226681e-06, 9.81882749329e-07, 5.60212697565e-07, 8.1130167473e-07, 6.69766734518e-07, 1.00675856629e-06, 3.25306046989e-07, 2.90123978175e-07, 1.32018795895e-08, 6.81653400392e-09, 3.76684816672e-09, 2.41106290488e-09, 7.27896798391e-10, 5.35654132161e-10, 3.15652864957e-10, 4.2738976247e-10, 1.88488807895e-11, 2.58849213765e-12]}, "erbbands": {"dmean": [0.512016117573, 4.47537136078, 5.89665794373, 8.47676086426, 11.5897378922, 8.94280147552, 8.84824180603, 8.22069644928, 19.2622108459, 14.5361728668, 10.3298101425, 12.311164856, 21.1082496643, 11.9159851074, 7.60152482986, 8.04829120636, 7.93312931061, 7.764128685, 8.13601589203, 8.92084026337, 10.9168796539, 7.30356025696, 2.42882275581, 1.56660664082, 1.19144845009, 0.864049375057, 0.537539184093, 0.454040795565, 0.273847997189, 0.189995542169, 0.172879457474, 0.129426553845, 0.0717360675335, 0.0752877518535, 0.0339456833899, 0.00742713315412, 0.00209965743124, 0.000573605240788, 8.38273263071e-05, 2.47491479968e-05], "dmean2": [0.748102784157, 6.39722490311, 9.5131149292, 15.2157468796, 21.6760101318, 15.6787595749, 14.2925386429, 13.4172782898, 26.5167961121, 21.1147994995, 14.3229780197, 17.9412078857, 29.6680412292, 17.3289585114, 11.0093727112, 12.268201828, 12.4850959778, 12.5995779037, 12.5933580399, 13.6627416611, 17.527299881, 11.3849210739, 3.97444748878, 2.5895678997, 2.00706148148, 1.48205900192, 0.938384592533, 0.786016047001, 0.452726721764, 0.30706307292, 0.279284715652, 0.202048882842, 0.108980119228, 0.119156517088, 0.0549455359578, 0.0123648615554, 0.00362728722394, 0.00105425179936, 0.000152674256242, 3.71114801965e-05], "dvar": [0.810859441757, 58.1361427307, 291.579589844, 1019.89837646, 2265.56298828, 798.614868164, 250.826797485, 293.466308594, 1843.57702637, 865.709899902, 443.817382812, 866.307250977, 1838.33581543, 900.298034668, 739.282653809, 654.968017578, 637.456726074, 965.770202637, 597.995605469, 842.418395996, 1496.77685547, 334.574371338, 45.1389694214, 18.6114768982, 6.24284744263, 6.33205127716, 3.47117042542, 4.04499959946, 1.06892085075, 0.644611001015, 0.433529615402, 0.348046272993, 0.061824772507, 0.0973735377192, 0.0171793214977, 0.000757131900173, 7.75190710556e-05, 5.76761021875e-06, 1.23565158106e-07, 1.45281353614e-09], "dvar2": [1.9276227951, 122.667861938, 760.182800293, 2836.67089844, 6546.27099609, 2327.99780273, 630.000793457, 761.542114258, 3792.58300781, 1856.18811035, 940.4375, 2224.99975586, 3744.45483398, 1963.671875, 1290.65710449, 1474.1607666, 1516.15332031, 2491.12768555, 1387.99658203, 1617.22338867, 3500.39160156, 784.216369629, 115.081840515, 52.5903816223, 15.9962701797, 17.4736499786, 9.65794372559, 11.0389070511, 2.78826332092, 1.58673596382, 1.1436072588, 1.00626695156, 0.163787826896, 0.267780184746, 0.0479257144034, 0.00207427144051, 0.000216446220293, 1.70445946424e-05, 3.67905897747e-07, 3.25623417119e-09], "max": [8.01653194427, 65.5177154541, 141.676559448, 242.364105225, 391.022003174, 296.157501221, 371.271240234, 312.832550049, 953.265319824, 675.338317871, 635.454406738, 797.235778809, 1281.72241211, 727.927246094, 997.012756348, 714.06427002, 549.149475098, 751.897155762, 628.116638184, 1503.99609375, 675.993164062, 393.845336914, 182.442260742, 106.390632629, 39.5647239685, 52.1190376282, 31.5251693726, 24.5315418243, 12.429649353, 9.88773441315, 10.9424552917, 17.7006530762, 2.9871430397, 3.69419169426, 1.82376027107, 0.297030359507, 0.110212907195, 0.0241361241788, 0.00582196749747, 0.000339393300237], "mean": [0.772313117981, 6.4484038353, 6.03544282913, 6.23897075653, 8.50652503967, 12.6572933197, 16.7182064056, 15.0817279816, 43.7640686035, 29.0734500885, 22.811750412, 24.4786338806, 40.080116272, 20.8600177765, 14.2909889221, 12.5460538864, 12.4919805527, 12.5702610016, 12.5990695953, 14.1118307114, 11.7912712097, 9.21559906006, 2.9693915844, 1.92721199989, 1.52351915836, 0.977562725544, 0.602913498878, 0.459572225809, 0.325972735882, 0.216730162501, 0.241654485464, 0.200956881046, 0.0949137434363, 0.0732365623116, 0.0372518412769, 0.00811376143247, 0.00184042740148, 0.000419322313974, 7.36163565307e-05, 5.57410239708e-05], "median": [0.156090393662, 1.05967521667, 1.01945590973, 0.901379227638, 1.62178516388, 5.06386184692, 8.95138931274, 6.98070812225, 17.0853347778, 15.5542011261, 12.5647754669, 16.1818695068, 17.4761505127, 6.9660243988, 3.87426137924, 3.45899200439, 1.96640729904, 1.87253797054, 2.85183668137, 3.38129043579, 2.27040100098, 1.97682070732, 0.654231071472, 0.39768910408, 0.311137229204, 0.146725878119, 0.0714384764433, 0.0355290547013, 0.0217327214777, 0.0109613128006, 0.00661469250917, 0.00369629007764, 0.00160234211944, 0.000586818088777, 0.000264824921032, 0.000108000982436, 3.54310213879e-05, 6.39900963506e-06, 1.50865525939e-05, 2.97031092487e-05], "min": [3.12939096396e-15, 1.86544251319e-14, 6.95385657151e-14, 1.91228489207e-13, 4.40822671335e-13, 8.84281309201e-13, 1.55817990889e-12, 2.39665232105e-12, 3.18472180051e-12, 3.69656779145e-12, 4.10698298287e-12, 5.0698074211e-12, 6.35048133871e-12, 5.56377513505e-12, 2.37105690984e-12, 2.04171987477e-12, 3.52574198136e-12, 2.58295620136e-12, 3.60328195233e-12, 1.2272382546e-12, 8.14623542233e-13, 1.54419803767e-12, 2.8134842546e-12, 2.10116646304e-12, 1.75451742978e-12, 1.80005608943e-12, 1.00358447681e-12, 2.41696766767e-12, 1.69195733812e-12, 1.45538648407e-12, 2.61258571201e-12, 2.02678433932e-12, 2.88517300329e-12, 1.23938684836e-12, 4.89140683253e-13, 2.18706305778e-13, 1.50972916352e-13, 7.33296683466e-14, 2.42763505153e-14, 2.31013116826e-15], "var": [1.70979750156, 109.529174805, 241.114730835, 630.611755371, 1274.47277832, 570.486083984, 610.015869141, 641.046081543, 5214.56591797, 1691.16040039, 1106.68591309, 1117.63623047, 4860.6484375, 1896.92687988, 2028.6015625, 1151.69213867, 1214.34265137, 1644.06005859, 1108.22229004, 4088.31298828, 1569.63928223, 489.616394043, 48.8406143188, 26.8488864899, 10.9819746017, 7.6620721817, 3.95721244812, 3.32364320755, 1.04664838314, 0.602457046509, 0.450662523508, 0.312082648277, 0.0670145899057, 0.0761096924543, 0.0149588193744, 0.000648886198178, 5.49707765458e-05, 3.66722406397e-06, 7.7268332177e-08, 3.83465792453e-09]}, "gfcc": {"mean": [-132.117126465, 176.999649048, -122.585502625, -5.37797641754, -34.951423645, -10.0056228638, -30.374540329, 4.07559919357, -3.44297361374, -7.28660726547, -3.42737293243, -4.55643367767, 3.70758533478], "cov": [[18170.6328125, 154.672424316, 1429.71936035, 2885.76708984, 638.679626465, 1788.71655273, 760.262329102, 932.376159668, 539.119445801, 738.26953125, 28.5995559692, 81.3814620972, -116.368339539], [154.672424316, 4880.72753906, 289.386047363, -1743.64050293, 1162.55126953, -1238.14233398, 620.08380127, -137.063781738, 588.113769531, -505.967895508, -95.3840866089, -148.169586182, 285.553710938], [1429.71936035, 289.386047363, 2349.29467773, 1245.87341309, 341.898773193, 816.022399902, 204.54864502, 373.702209473, 212.77507019, 281.273162842, 158.633560181, 83.7978057861, 34.5654716492], [2885.76708984, -1743.64050293, 1245.87341309, 2684.3293457, -19.4789981842, 1264.4375, 220.127075195, 304.530883789, -17.2539710999, 448.105224609, 231.097488403, 110.907943726, -77.0877990723], [638.679626465, 1162.55126953, 341.898773193, -19.4789981842, 746.799560547, -37.3938484192, 348.639831543, 111.886039734, 221.8644104, 19.0723838806, 70.8958282471, 33.0280075073, 112.578369141], [1788.71655273, -1238.14233398, 816.022399902, 1264.4375, -37.3938484192, 1147.72753906, 169.938766479, 254.869247437, 13.7754392624, 386.21585083, 206.571350098, 136.074401855, -40.6378746033], [760.262329102, 620.08380127, 204.54864502, 220.127075195, 348.639831543, 169.938766479, 470.820678711, 70.2828216553, 181.071807861, 89.7796554565, 99.5027694702, 45.1274147034, 66.3109817505], [932.376159668, -137.063781738, 373.702209473, 304.530883789, 111.886039734, 254.869247437, 70.2828216553, 302.882904053, 115.417030334, 123.58506012, 51.3524131775, 53.9481658936, 16.6676845551], [539.119445801, 588.113769531, 212.77507019, -17.2539710999, 221.8644104, 13.7754392624, 181.071807861, 115.417030334, 263.221008301, 40.3547973633, 46.4426574707, 23.8158187866, 54.1787452698], [738.26953125, -505.967895508, 281.273162842, 448.105224609, 19.0723838806, 386.21585083, 89.7796554565, 123.58506012, 40.3547973633, 272.197631836, 107.483978271, 62.6030235291, -10.5682325363], [28.5995559692, -95.3840866089, 158.633560181, 231.097488403, 70.8958282471, 206.571350098, 99.5027694702, 51.3524131775, 46.4426574707, 107.483978271, 158.120346069, 64.5242385864, 29.1588954926], [81.3814620972, -148.169586182, 83.7978057861, 110.907943726, 33.0280075073, 136.074401855, 45.1274147034, 53.9481658936, 23.8158187866, 62.6030235291, 64.5242385864, 119.418647766, 41.9224205017], [-116.368339539, 285.553710938, 34.5654716492, -77.0877990723, 112.578369141, -40.6378746033, 66.3109817505, 16.6676845551, 54.1787452698, -10.5682325363, 29.1588954926, 41.9224205017, 114.179595947]], "icov": [[0.000123731981148, -0.00027092997334, 0.000198961875867, -0.000213183724554, 8.08521726867e-05, -0.000285570306005, 0.000180952352821, -0.000309063674649, 7.33391061658e-05, -0.000383006641641, 0.000511306745466, -0.000152882246766, 0.000213492327021], [-0.00027092997334, 0.00218608696014, -0.00121266359929, 0.00113259302452, -0.00116784824058, 0.00152188038919, -0.00180608220398, 0.00145162164699, -0.00177979259752, 0.00247038924135, -0.00144762091804, 0.00158181670122, -0.00121936958749], [0.000198961875867, -0.00121266359929, 0.00145041127689, -0.000878726190422, 0.00026323235943, -0.00129350903444, 0.00132880627643, -0.0011406847043, 0.000467925419798, -0.00127955235075, 0.00105063349474, -0.000588167866226, 0.000485257478431], [-0.000213183724554, 0.00113259302452, -0.000878726190422, 0.00151161814574, -0.000479947746499, 0.000184284246643, -0.00115830800496, 0.000723210046999, -0.000388049695175, 0.00119538814761, -0.00117881491315, 0.00104037625715, -0.000443451135652], [8.08521726867e-05, -0.00116784824058, 0.00026323235943, -0.000479947746499, 0.00335973547772, -0.000142004675581, -0.000695399707183, -0.00127291900571, 0.00070091302041, -0.00112682569306, 0.000153641303768, -0.000661766680423, -0.000407254585298], [-0.000285570306005, 0.00152188038919, -0.00129350903444, 0.000184284246643, -0.000142004675581, 0.00432304432616, -0.00197343924083, 0.000374282797566, -0.000234866209212, -2.64152531599e-05, -0.00230019190349, -0.000168603641214, -5.27234406036e-05], [0.000180952352821, -0.00180608220398, 0.00132880627643, -0.00115830800496, -0.000695399707183, -0.00197343924083, 0.00604134844616, -8.21769863251e-05, -0.00063091062475, -0.00222843815573, 0.000429810752394, -0.00110135588329, 0.000391408859286], [-0.000309063674649, 0.00145162164699, -0.0011406847043, 0.000723210046999, -0.00127291900571, 0.000374282797566, -8.21769863251e-05, 0.006970833987, -0.00343386549503, 0.000566071888898, -0.000232308215345, -0.000234317252762, -0.00086622760864], [7.33391061658e-05, -0.00177979259752, 0.000467925419798, -0.000388049695175, 0.00070091302041, -0.000234866209212, -0.00063091062475, -0.00343386549503, 0.00904398784041, -0.00236624176614, -0.000201531642233, -0.000839741609525, 6.45744730718e-05], [-0.000383006641641, 0.00247038924135, -0.00127955235075, 0.00119538814761, -0.00112682569306, -2.64152531599e-05, -0.00222843815573, 0.000566071888898, -0.00236624176614, 0.0110688265413, -0.00441299611703, 0.00117185595445, -0.000216973639908], [0.000511306745466, -0.00144762091804, 0.00105063349474, -0.00117881491315, 0.000153641303768, -0.00230019190349, 0.000429810752394, -0.000232308215345, -0.000201531642233, -0.00441299611703, 0.0135795036331, -0.00409701978788, -0.000434757035691], [-0.000152882246766, 0.00158181670122, -0.000588167866226, 0.00104037625715, -0.000661766680423, -0.000168603641214, -0.00110135588329, -0.000234317252762, -0.000839741609525, 0.00117185595445, -0.00409701978788, 0.0145743982866, -0.00576299242675], [0.000213492327021, -0.00121936958749, 0.000485257478431, -0.000443451135652, -0.000407254585298, -5.27234406036e-05, 0.000391408859286, -0.00086622760864, 6.45744730718e-05, -0.000216973639908, -0.000434757035691, -0.00576299242675, 0.0140371331945]]}, "melbands": {"dmean": [0.00515566812828, 0.00364554906264, 0.00152809545398, 0.000759782909881, 0.000313682743581, 0.000187187528354, 0.000286637950921, 0.000156107606017, 7.95446103439e-05, 8.39960339363e-05, 0.000105792139948, 5.02172515553e-05, 2.4914421374e-05, 2.31993835769e-05, 1.82431340363e-05, 1.74989781954e-05, 1.46571783262e-05, 1.33408675538e-05, 1.27794146465e-05, 1.02731382867e-05, 1.53901510203e-05, 9.42606220633e-06, 3.15635566039e-06, 2.05165065381e-06, 1.22320125229e-06, 9.75254465629e-07, 6.35204969512e-07, 6.26735641163e-07, 3.33182583745e-07, 3.42295351174e-07, 2.49287808174e-07, 1.64509373235e-07, 1.24273157098e-07, 9.84112489277e-08, 9.32402670628e-08, 1.19419425459e-07, 6.26952001426e-08, 5.3754607876e-08, 4.29037534388e-08, 7.48712025711e-08], "dmean2": [0.00749412039295, 0.00518979085609, 0.00272531132214, 0.0013912122231, 0.000511050515343, 0.000303050561342, 0.000393147638533, 0.000227094962611, 0.00011192754755, 0.000120722470456, 0.000148613355123, 7.34653513064e-05, 3.60400081263e-05, 3.51478338416e-05, 2.77780018223e-05, 2.80041676888e-05, 2.38394368353e-05, 2.07777629839e-05, 1.96934615815e-05, 1.62850046763e-05, 2.48527157964e-05, 1.47336168084e-05, 5.0530070439e-06, 3.50201548827e-06, 2.02610203814e-06, 1.63808908837e-06, 1.06476022665e-06, 1.08965582513e-06, 5.81174560921e-07, 6.04216722877e-07, 4.29591523243e-07, 2.73977661891e-07, 2.00357931135e-07, 1.5937422404e-07, 1.50204769511e-07, 1.95901577627e-07, 9.52201517634e-08, 8.21323666855e-08, 6.86224552737e-08, 1.19683051025e-07], "dvar": [7.77070308686e-05, 5.01403228554e-05, 3.30029070028e-05, 8.18633361632e-06, 3.54954238446e-07, 1.43900265925e-07, 4.29507764466e-07, 1.06985069692e-07, 2.42172575327e-08, 3.98311001959e-08, 4.53702924119e-08, 1.76301480082e-08, 7.56431361992e-09, 5.21714804691e-09, 3.73908415341e-09, 3.07463587923e-09, 4.08470945956e-09, 1.88697901748e-09, 1.63871005654e-09, 8.92396045948e-10, 3.72846509222e-09, 6.8311917234e-10, 5.25525387096e-11, 8.59715146295e-11, 1.24841959687e-11, 3.91686162671e-12, 1.69347695589e-12, 4.55291056592e-12, 1.10556626787e-12, 2.31400597468e-12, 1.13642201118e-12, 3.66422116174e-13, 2.29252977279e-13, 1.70909253004e-13, 1.22233020689e-13, 4.26049440953e-13, 4.43788750323e-14, 3.09503162303e-14, 3.51617166102e-14, 9.39119184436e-14], "dvar2": [0.00018042587908, 0.000107810890768, 9.01025341591e-05, 2.39240944211e-05, 9.29098632696e-07, 3.57045109922e-07, 8.82096458099e-07, 2.27211614856e-07, 5.14714351141e-08, 1.01719834333e-07, 9.27244485638e-08, 3.83785376812e-08, 1.39313787173e-08, 1.22074501618e-08, 8.58746318499e-09, 7.56164730831e-09, 1.07151540973e-08, 4.43432490727e-09, 3.22743209935e-09, 2.0215287222e-09, 8.65872973321e-09, 1.6352854626e-09, 1.27054436416e-10, 2.3779650471e-10, 3.63402606618e-11, 1.003470744e-11, 4.24633418705e-12, 1.29033780188e-11, 3.03898009188e-12, 6.44824037915e-12, 3.072975251e-12, 9.72102498324e-13, 5.62323408324e-13, 4.24473092309e-13, 3.05003635195e-13, 1.2521230797e-12, 1.22458832896e-13, 8.15049660792e-14, 9.55516115991e-14, 2.5716120856e-13], "max": [0.0702622383833, 0.0600391887128, 0.0429288297892, 0.024331908673, 0.0102465841919, 0.00671985093504, 0.0148016652092, 0.00833582412452, 0.00448274612427, 0.00556827383116, 0.00624239537865, 0.00328800524585, 0.0029860730283, 0.00172759837005, 0.00137678720057, 0.00116401584819, 0.00173556862865, 0.00113935943227, 0.00173158012331, 0.00104891485535, 0.0010958322091, 0.000628517824225, 0.000150671956362, 0.000293297227472, 9.75610673777e-05, 2.22194630624e-05, 3.37371966452e-05, 4.83865624119e-05, 2.8495769584e-05, 1.89523980225e-05, 1.25678207041e-05, 7.26941743778e-06, 5.65027039556e-06, 5.21498441231e-06, 4.43994304078e-06, 1.96048094949e-05, 5.78604340262e-06, 2.06252275348e-06, 2.23418714995e-06, 3.57836870535e-06], "mean": [0.00771327828988, 0.00525359483436, 0.00112771778367, 0.000767982157413, 0.000599880644586, 0.000344036379829, 0.000654727627989, 0.000298256665701, 0.000177799127414, 0.000161717704032, 0.000199169735424, 8.2377671788e-05, 4.52179192507e-05, 3.56498494511e-05, 2.85387832264e-05, 2.71747103398e-05, 2.27628697758e-05, 1.95545235329e-05, 1.95752072614e-05, 1.49979623529e-05, 1.51983122123e-05, 1.13536334538e-05, 3.91719413528e-06, 2.06012805393e-06, 1.47933246808e-06, 1.18988396025e-06, 8.14025042928e-07, 6.37423909211e-07, 3.90594408373e-07, 3.23504451671e-07, 2.48440386486e-07, 1.97810152258e-07, 1.40937856941e-07, 1.09040627194e-07, 1.25604501022e-07, 1.69867277577e-07, 1.00948803095e-07, 7.11439298584e-08, 4.51853310324e-08, 7.08244769498e-08], "median": [0.00156170048285, 0.00089663581457, 0.000148927807459, 0.000241526431637, 0.000306604488287, 0.000142629287438, 0.000253153877566, 0.000160576135386, 9.49210079852e-05, 9.74650101853e-05, 8.49363132147e-05, 2.43030954152e-05, 1.11547360575e-05, 9.49911554926e-06, 5.65001710129e-06, 3.67257007383e-06, 3.12266797664e-06, 3.89902288589e-06, 4.94603818879e-06, 3.29951035383e-06, 2.51135361395e-06, 2.32204274653e-06, 7.87938745361e-07, 3.12389090595e-07, 2.86046827114e-07, 2.39593589413e-07, 1.48483835005e-07, 7.83210367672e-08, 4.85375863946e-08, 2.29970158472e-08, 1.69648082249e-08, 1.1722367077e-08, 7.43789563273e-09, 4.65413485529e-09, 3.37239991488e-09, 2.83251955224e-09, 1.87495352577e-09, 1.07985909104e-09, 6.00585359223e-10, 3.45058981388e-10], "min": [2.89538095986e-17, 3.28048217323e-17, 3.94155929395e-17, 4.68586567355e-17, 5.28296533698e-17, 5.39364441904e-17, 4.89259432137e-17, 4.01785677929e-17, 3.35910370522e-17, 3.24100712916e-17, 3.18310415541e-17, 2.34237895664e-17, 9.62973063452e-18, 4.04182450298e-18, 7.58348349523e-18, 7.02471554682e-18, 4.45889144937e-18, 6.10044295551e-18, 3.17780147274e-18, 8.67542270157e-19, 8.24711633521e-19, 1.19274036637e-18, 2.46434392554e-18, 2.8767106249e-18, 1.54252506212e-18, 1.03590475088e-18, 1.48350438125e-18, 1.10997081312e-18, 3.2862593267e-19, 1.49131917008e-18, 1.15329315693e-18, 7.76728385452e-19, 9.28543221418e-19, 8.12639346071e-19, 1.53094453354e-18, 1.16972344544e-18, 1.39055998948e-18, 1.87824965201e-18, 2.06737994958e-18, 7.07423264624e-19], "var": [0.000154504130478, 8.28286720207e-05, 2.12023460335e-05, 4.75069373351e-06, 6.89637772666e-07, 3.47596198935e-07, 1.22146059311e-06, 1.97266913915e-07, 6.27205238857e-08, 5.25362509052e-08, 1.19687499023e-07, 3.55337235192e-08, 1.93668903137e-08, 8.65877058942e-09, 7.08087055656e-09, 7.04864833168e-09, 6.28968388483e-09, 3.38282291068e-09, 5.41494804551e-09, 3.30956551053e-09, 3.71592179249e-09, 8.97966423441e-10, 7.97145127684e-11, 6.19981982419e-11, 1.89444033377e-11, 5.32613406504e-12, 4.67543581975e-12, 4.21623630106e-12, 1.74766082682e-12, 1.84205298584e-12, 9.25909847925e-13, 3.62853518933e-13, 2.29037546307e-13, 1.56571045191e-13, 1.35021185313e-13, 3.11284852061e-13, 5.82428663675e-14, 3.6564355737e-14, 2.78875535132e-14, 7.40683014054e-14]}, "mfcc": {"mean": [-761.438232422, 196.930770874, -9.43142700195, 5.42925930023, 11.0754594803, -7.49156045914, -11.1747970581, 3.18490195274, 3.08399677277, 4.48672533035, -3.49892616272, 1.4620064497, 1.58973503113], "cov": [[10160.6982422, 931.792053223, -100.079307556, 1486.31884766, 478.830322266, 835.606262207, 627.8203125, 403.407806396, 440.747161865, 519.976867676, 340.600036621, 457.498718262, 252.405181885], [931.792053223, 4654.61914062, -7.67340373993, -466.366119385, 145.292236328, -480.360443115, -349.787200928, 155.100036621, 478.639648438, -169.052124023, -39.0089874268, -103.827049255, 39.4148750305], [-100.079307556, -7.67340373993, 1667.19580078, 672.264648438, 461.525909424, 453.643493652, 287.602233887, 212.143249512, 147.358917236, 234.880722046, 177.042236328, 162.375732422, 133.421890259], [1486.31884766, -466.366119385, 672.264648438, 1442.5324707, 438.992431641, 576.395996094, 542.237854004, 212.851547241, 141.362213135, 294.086486816, 148.655776978, 222.232421875, 166.627685547], [478.830322266, 145.292236328, 461.525909424, 438.992431641, 455.237640381, 243.260009766, 204.924255371, 158.711776733, 134.583786011, 132.407775879, 96.2048416138, 116.740715027, 120.128829956], [835.606262207, -480.360443115, 453.643493652, 576.395996094, 243.260009766, 690.751953125, 471.42980957, 159.34375, 69.3288803101, 216.068450928, 189.884628296, 191.2890625, 134.998519897], [627.8203125, -349.787200928, 287.602233887, 542.237854004, 204.924255371, 471.42980957, 506.330841064, 150.479873657, 77.9560699463, 189.5337677, 143.846237183, 163.802154541, 135.051177979], [403.407806396, 155.100036621, 212.143249512, 212.851547241, 158.711776733, 159.34375, 150.479873657, 221.461303711, 125.712989807, 86.9044723511, 76.9480056763, 104.164253235, 71.5281066895], [440.747161865, 478.639648438, 147.358917236, 141.362213135, 134.583786011, 69.3288803101, 77.9560699463, 125.712989807, 238.825073242, 78.2658004761, 71.6275405884, 66.3481674194, 79.3867416382], [519.976867676, -169.052124023, 234.880722046, 294.086486816, 132.407775879, 216.068450928, 189.5337677, 86.9044723511, 78.2658004761, 211.26385498, 115.061828613, 106.627288818, 81.6645050049], [340.600036621, -39.0089874268, 177.042236328, 148.655776978, 96.2048416138, 189.884628296, 143.846237183, 76.9480056763, 71.6275405884, 115.061828613, 157.521011353, 109.215499878, 77.9520339966], [457.498718262, -103.827049255, 162.375732422, 222.232421875, 116.740715027, 191.2890625, 163.802154541, 104.164253235, 66.3481674194, 106.627288818, 109.215499878, 182.097824097, 94.8611373901], [252.405181885, 39.4148750305, 133.421890259, 166.627685547, 120.128829956, 134.998519897, 135.051177979, 71.5281066895, 79.3867416382, 81.6645050049, 77.9520339966, 94.8611373901, 126.593978882]], "icov": [[0.00015720637748, -6.38667552266e-05, 0.000150570122059, -0.000162595330039, -2.9068000913e-06, -0.000192063002032, 0.000165842036949, -2.20770052692e-05, -5.56152481295e-05, -0.000255105929682, 1.52552331656e-06, -0.000218456596485, 0.000167092017364], [-6.38667552266e-05, 0.000379595789127, -8.35391329019e-05, 0.000142436998431, -0.000128407860757, 0.00025052097044, 1.78739952617e-07, -9.0163834102e-05, -0.000782220973633, 0.000475477689179, -0.000112037814688, 0.000305927940644, -0.000161283795023], [0.000150570122059, -8.35391329019e-05, 0.00110297976062, -0.0003423995513, -0.000644811952952, -0.000610301562119, 0.000621330633294, -0.000268142699497, 8.19307169877e-05, -0.00056584388949, -0.00034544870141, 2.30945406656e-05, 0.00027442877763], [-0.000162595330039, 0.000142436998431, -0.0003423995513, 0.00174910610076, -0.00073906959733, 4.02335217586e-06, -0.0011857082136, 0.000227810320212, -0.000282431166852, -0.000588076538406, 0.00121544569265, -0.00033611440449, 0.000231612400967], [-2.9068000913e-06, -0.000128407860757, -0.000644811952952, -0.00073906959733, 0.00458257645369, -0.000274389080005, 0.000311065465212, -0.00121491483878, -0.000289305957267, -8.51658187457e-05, 0.000315402663546, 0.000269432348432, -0.00216292357072], [-0.000192063002032, 0.00025052097044, -0.000610301562119, 4.02335217586e-06, -0.000274389080005, 0.00529201002792, -0.00369508378208, -9.95213413262e-05, 0.000542326190043, 0.000403045938583, -0.0023174546659, -0.000134519315907, 0.000485773809487], [0.000165842036949, 1.78739952617e-07, 0.000621330633294, -0.0011857082136, 0.000311065465212, -0.00369508378208, 0.0074169728905, -0.00136892695446, 0.00038495802437, -0.00124749937095, 0.000141870521475, 7.79079055064e-05, -0.00250105606392], [-2.20770052692e-05, -9.0163834102e-05, -0.000268142699497, 0.000227810320212, -0.00121491483878, -9.95213413262e-05, -0.00136892695446, 0.00909903552383, -0.00325246923603, 0.000236962674535, 0.00052918610163, -0.0032414381858, 0.00162290153094], [-5.56152481295e-05, -0.000782220973633, 8.19307169877e-05, -0.000282431166852, -0.000289305957267, 0.000542326190043, 0.00038495802437, -0.00325246923603, 0.00918533746153, -0.00160192279145, -0.00146198982839, 0.0010471084388, -0.00284804799594], [-0.000255105929682, 0.000475477689179, -0.00056584388949, -0.000588076538406, -8.51658187457e-05, 0.000403045938583, -0.00124749937095, 0.000236962674535, -0.00160192279145, 0.0113278701901, -0.00462899310514, -0.000108058709884, -0.000792624836322], [1.52552331656e-06, -0.000112037814688, -0.00034544870141, 0.00121544569265, 0.000315402663546, -0.0023174546659, 0.000141870521475, 0.00052918610163, -0.00146198982839, -0.00462899310514, 0.0161346700042, -0.00492453947663, -0.00182432809379], [-0.000218456596485, 0.000305927940644, 2.30945406656e-05, -0.00033611440449, 0.000269432348432, -0.000134519315907, 7.79079055064e-05, -0.0032414381858, 0.0010471084388, -0.000108058709884, -0.00492453947663, 0.0138951577246, -0.00557216675952], [0.000167092017364, -0.000161283795023, 0.00027442877763, 0.000231612400967, -0.00216292357072, 0.000485773809487, -0.00250105606392, 0.00162290153094, -0.00284804799594, -0.000792624836322, -0.00182432809379, -0.00557216675952, 0.0179039407521]]}, "spectral_contrast_coeffs": {"dmean": [0.0607821270823, 0.0446683615446, 0.0410513356328, 0.0318650230765, 0.0302313864231, 0.0366460308433], "dmean2": [0.0925159752369, 0.0718513354659, 0.0631047487259, 0.0515948385, 0.047458935529, 0.0567397065461], "dvar": [0.0034367039334, 0.00149534409866, 0.0012823282741, 0.000734080036636, 0.000852930592373, 0.0015381622361], "dvar2": [0.00745905051008, 0.00379022420384, 0.00290890200995, 0.00176359771285, 0.00203072070144, 0.0036029163748], "max": [-0.214549362659, -0.428699821234, -0.46135994792, -0.453607082367, -0.51453435421, -0.568544268608], "mean": [-0.617159605026, -0.718649744987, -0.73204356432, -0.785310804844, -0.767626285553, -0.801429152489], "median": [-0.644736409187, -0.721526503563, -0.728953123093, -0.790708363056, -0.774174213409, -0.798209786415], "min": [-0.946136772633, -0.982517182827, -0.957358300686, -0.974347889423, -0.952294528484, -0.965849637985], "var": [0.013726006262, 0.00525264674798, 0.00585966976359, 0.0026291909162, 0.00372689543292, 0.00479189353064]}, "spectral_contrast_valleys": {"dmean": [0.642564952374, 0.454252839088, 0.444826573133, 0.441994130611, 0.560262322426, 0.608199954033], "dmean2": [0.884085297585, 0.694476366043, 0.651284098625, 0.624202430248, 0.760033905506, 0.916257560253], "dvar": [0.568962097168, 0.349753350019, 0.267631918192, 0.282309621572, 0.425416409969, 0.415470570326], "dvar2": [0.950354814529, 0.631531476974, 0.494230180979, 0.493242383003, 0.702799141407, 1.05811750889], "max": [-5.173