{"lowlevel": {"average_loudness": 0.939462482929, "barkbands_crest": {"dmean": 0.994353711605, "dmean2": 1.02061414719, "dvar": 0.859155476093, "dvar2": 1.33481061459, "max": 24.3677406311, "mean": 12.1081771851, "median": 11.9965286255, "min": 4.48722219467, "var": 6.36139631271}, "barkbands_flatness_db": {"dmean": 0.0165441762656, "dmean2": 0.0271858051419, "dvar": 0.000181982395588, "dvar2": 0.000500584370457, "max": 0.63304579258, "mean": 0.504939734936, "median": 0.510005533695, "min": 0.0222126115113, "var": 0.00315694883466}, "barkbands_kurtosis": {"dmean": 1.4068826437, "dmean2": 1.93064379692, "dvar": 3.64327383041, "dvar2": 7.64774370193, "max": 97.3339004517, "mean": 2.74408459663, "median": 1.69604444504, "min": -1.95357525349, "var": 19.4408416748}, "barkbands_skewness": {"dmean": 0.288357168436, "dmean2": 0.355870574713, "dvar": 0.0841148123145, "dvar2": 0.189002349973, "max": 6.93120098114, "mean": 1.13796174526, "median": 1.16305065155, "min": -2.61086845398, "var": 0.837934494019}, "barkbands_spread": {"dmean": 0.830262482166, "dmean2": 1.24439692497, "dvar": 3.20187354088, "dvar2": 8.07920360565, "max": 75.0027923584, "mean": 3.52325630188, "median": 2.46811103821, "min": 0.600530564785, "var": 13.1058654785}, "dissonance": {"dmean": 0.0520196221769, "dmean2": 0.0868533030152, "dvar": 0.00217635161243, "dvar2": 0.00511630810797, "max": 0.499848425388, "mean": 0.324853718281, "median": 0.327074289322, "min": 0.105403095484, "var": 0.00486017903313}, "dynamic_complexity": 1.77336513996, "erbbands_crest": {"dmean": 1.40177285671, "dmean2": 1.62227380276, "dvar": 1.98194909096, "dvar2": 3.70400214195, "max": 29.2606143951, "mean": 12.5918807983, "median": 11.836689949, "min": 2.67940068245, "var": 12.0434770584}, "erbbands_flatness_db": {"dmean": 0.0110198352486, "dmean2": 0.0171330794692, "dvar": 7.90265548858e-05, "dvar2": 0.000194367865333, "max": 0.609434902668, "mean": 0.505077779293, "median": 0.513926923275, "min": 0.0607405938208, "var": 0.00271883257665}, "erbbands_kurtosis": {"dmean": 0.989807426929, "dmean2": 1.39404582977, "dvar": 1.40084075928, "dvar2": 3.09441566467, "max": 34.4629135132, "mean": 1.4370238781, "median": 0.808006286621, "min": -1.89069068432, "var": 6.45112419128}, "erbbands_skewness": {"dmean": 0.277784705162, "dmean2": 0.37287914753, "dvar": 0.0805966928601, "dvar2": 0.194139763713, "max": 4.63208246231, "mean": 0.645514309406, "median": 0.680306434631, "min": -2.35927557945, "var": 0.562362611294}, "erbbands_spread": {"dmean": 1.73205804825, "dmean2": 2.59765672684, "dvar": 9.15088748932, "dvar2": 23.8695201874, "max": 71.6865921021, "mean": 8.0208940506, "median": 5.35324573517, "min": 1.20160102844, "var": 48.0642738342}, "hfc": {"dmean": 2.65710687637, "dmean2": 3.19530272484, "dvar": 25.8099555969, "dvar2": 63.9127731323, "max": 122.232162476, "mean": 19.4522838593, "median": 17.8416633606, "min": 1.07264632698e-16, "var": 108.068771362}, "melbands_crest": {"dmean": 0.822308123112, "dmean2": 0.81793230772, "dvar": 0.671581029892, "dvar2": 0.924580872059, "max": 24.2090568542, "mean": 12.0400438309, "median": 12.1736898422, "min": 1.00035023689, "var": 4.95369815826}, "melbands_flatness_db": {"dmean": 0.0192928947508, "dmean2": 0.0321302749217, "dvar": 0.000260307337157, "dvar2": 0.000717677292414, "max": 0.718623697758, "mean": 0.58164614439, "median": 0.585898339748, "min": 1.05701815301e-06, "var": 0.00439099594951}, "melbands_kurtosis": {"dmean": 1.38779485226, "dmean2": 1.92217123508, "dvar": 4.29625225067, "dvar2": 9.55375576019, "max": 103.690963745, "mean": 3.18550252914, "median": 1.94319295883, "min": -1.77904438972, "var": 23.2880077362}, "melbands_skewness": {"dmean": 0.2600928545, "dmean2": 0.320670634508, "dvar": 0.0745096132159, "dvar2": 0.175703585148, "max": 7.24954795837, "mean": 1.21099448204, "median": 1.18489718437, "min": -2.05944061279, "var": 0.75575119257}, "melbands_spread": {"dmean": 1.29382503033, "dmean2": 1.89044523239, "dvar": 9.43958377838, "dvar2": 23.2428302765, "max": 162.605575562, "mean": 6.44882392883, "median": 4.57093095779, "min": 1.21767795086, "var": 106.433952332}, "pitch_salience": {"dmean": 0.0307821035385, "dmean2": 0.0354043617845, "dvar": 0.000886623864062, "dvar2": 0.001539123361, "max": 0.996096670628, "mean": 0.534700632095, "median": 0.542970180511, "min": 0.201697558165, "var": 0.00843047071248}, "silence_rate_20dB": {"dmean": 0, "dmean2": 0, "dvar": 0, "dvar2": 0, "max": 1, "mean": 1, "median": 1, "min": 1, "var": 0}, "silence_rate_30dB": {"dmean": 0, "dmean2": 0, "dvar": 0, "dvar2": 0, "max": 1, "mean": 1, "median": 1, "min": 1, "var": 0}, "silence_rate_60dB": {"dmean": 0.000790603109635, "dmean2": 0.00158129550982, "dvar": 0.000789842335507, "dvar2": 0.0016920780763, "max": 1, "mean": 0.035010445863, "median": 0, "min": 0, "var": 0.0337800011039}, "spectral_centroid": {"dmean": 54.369556427, "dmean2": 78.5925445557, "dvar": 18731.0371094, "dvar2": 42834.2421875, "max": 11737.5214844, "mean": 672.763671875, "median": 550.622741699, "min": 404.023651123, "var": 636208.0625}, "spectral_complexity": {"dmean": 0.46781116724, "dmean2": 0.840910375118, "dvar": 0.393829196692, "dvar2": 0.869425415993, "max": 12, "mean": 7.17911815643, "median": 7, "min": 0, "var": 2.10270452499}, "spectral_decrease": {"dmean": 7.02268965203e-10, "dmean2": 6.04909400348e-10, "dvar": 4.2696845342e-19, "dvar2": 5.64592385592e-19, "max": 6.11422052749e-20, "mean": -8.23843571141e-09, "median": -8.56843040964e-09, "min": -2.46464040288e-08, "var": 9.74046695748e-18}, "spectral_energy": {"dmean": 0.00287045398727, "dmean2": 0.00255571282469, "dvar": 7.92425180407e-06, "dvar2": 1.2051741578e-05, "max": 0.0999980792403, "mean": 0.032857991755, "median": 0.0340052172542, "min": 1.00486482424e-20, "var": 0.000157830072567}, "spectral_energyband_high": {"dmean": 1.92036196722e-07, "dmean2": 3.27422213786e-07, "dvar": 3.46464285213e-13, "dvar2": 1.00166717368e-12, "max": 2.14003248402e-05, "mean": 4.21473913548e-07, "median": 2.98987323788e-08, "min": 6.9159383559e-21, "var": 1.06853165639e-12}, "spectral_energyband_low": {"dmean": 2.71401773944e-07, "dmean2": 4.34202405586e-07, "dvar": 1.53915007367e-13, "dvar2": 3.5739228417e-13, "max": 1.71106439666e-05, "mean": 4.05990704166e-07, "median": 2.74612233397e-07, "min": 1.59354714906e-23, "var": 2.29561785163e-13}, "spectral_energyband_middle_high": {"dmean": 0.00187907624058, "dmean2": 0.00197182549164, "dvar": 7.29957628209e-06, "dvar2": 1.1849353541e-05, "max": 0.0830729156733, "mean": 0.0082575911656, "median": 0.00439901137725, "min": 1.23297005635e-21, "var": 7.64093565522e-05}, "spectral_energyband_middle_low": {"dmean": 0.00216812547296, "dmean2": 0.00148962077219, "dvar": 2.80680683318e-06, "dvar2": 1.60837873864e-06, "max": 0.0634617730975, "mean": 0.0247363187373, "median": 0.0262547358871, "min": 1.42396448964e-22, "var": 0.000104889542854}, "spectral_entropy": {"dmean": 0.0712674260139, "dmean2": 0.106779649854, "dvar": 0.00394450360909, "dvar2": 0.00900143198669, "max": 9.82075595856, "mean": 4.97438240051, "median": 4.93882513046, "min": 4.40981149673, "var": 0.166517570615}, "spectral_flux": {"dmean": 0.00748354429379, "dmean2": 0.0117151020095, "dvar": 6.61687881802e-05, "dvar2": 0.000195917862584, "max": 0.138764753938, "mean": 0.0254330243915, "median": 0.0239210017025, "min": 6.31622323888e-11, "var": 0.000168532365933}, "spectral_kurtosis": {"dmean": 53.7153587341, "dmean2": 92.1038131714, "dvar": 2649.4440918, "dvar2": 7434.17138672, "max": 662.873840332, "mean": 196.182815552, "median": 187.687484741, "min": -1.26147472858, "var": 10635.4296875}, "spectral_rms": {"dmean": 0.000245132978307, "dmean2": 0.000211145845242, "dvar": 4.82903210752e-08, "dvar2": 6.61328485307e-08, "max": 0.00987720116973, "mean": 0.0054956371896, "median": 0.00575984548777, "min": 3.13106355079e-12, "var": 1.85454746315e-06}, "spectral_rolloff": {"dmean": 91.7556762695, "dmean2": 171.781890869, "dvar": 114021.078125, "dvar2": 272014.0625, "max": 19552.1484375, "mean": 917.961303711, "median": 818.26171875, "min": 430.6640625, "var": 1934432.75}, "spectral_skewness": {"dmean": 1.95747065544, "dmean2": 3.42013144493, "dvar": 3.3544344902, "dvar2": 9.22625637054, "max": 20.0878200531, "mean": 10.213766098, "median": 10.6328678131, "min": -0.0896733477712, "var": 13.0778694153}, "spectral_spread": {"dmean": 278499.5625, "dmean2": 480056.84375, "dvar": 155493498880, "dvar2": 352704888832, "max": 42743304, "mean": 948269.5, "median": 672035.4375, "min": 130356.429688, "var": 8700234301440.0}, "spectral_strongpeak": {"dmean": 0.458917915821, "dmean2": 0.682260036469, "dvar": 1.63429689407, "dvar2": 4.15014839172, "max": 20.0481357574, "mean": 2.46490836143, "median": 1.9719094038, "min": 0, "var": 2.61523675919}, "zerocrossingrate": {"dmean": 0.00266853370704, "dmean2": 0.00326492404565, "dvar": 3.18022030115e-05, "dvar2": 5.8189711126e-05, "max": 0.521484375, "mean": 0.032039180398, "median": 0.02734375, "min": 0.01806640625, "var": 0.00132509612013}, "barkbands": {"dmean": [7.73675523646e-09, 3.92991630349e-08, 8.6150166112e-08, 5.01751685533e-07, 3.52871529685e-06, 0.000585333269555, 0.00131915067323, 0.000215916457819, 0.00122079835273, 0.0015013711527, 8.08632030385e-05, 9.7894026112e-06, 2.08209494303e-05, 8.71378233569e-06, 0.000189856073121, 2.84614798147e-05, 0.000367405475117, 2.31924514082e-05, 1.09085405597e-07, 7.38402903266e-08, 3.7299454192e-08, 5.51613821287e-09, 9.0757296789e-08, 1.26524692945e-08, 6.28212326603e-09, 5.10826891897e-09, 4.03389499581e-09], "dmean2": [1.29092674328e-08, 6.50606963859e-08, 1.50191368675e-07, 7.93025833445e-07, 4.79039954371e-06, 0.000417658127844, 0.00079063087469, 0.000178932983545, 0.000866739428602, 0.0012635277817, 9.05398119357e-05, 1.26281665871e-05, 2.5410850867e-05, 1.28226256493e-05, 0.000288089737296, 4.31705411756e-05, 0.000602669606451, 3.89142041968e-05, 1.74932708319e-07, 1.29113544745e-07, 6.29172944855e-08, 9.80667103079e-09, 1.5656750918e-07, 2.09580548471e-08, 1.05616786428e-08, 8.04811683963e-09, 5.7817555188e-09], "dvar": [7.56839754065e-17, 2.98808977473e-15, 1.89861164578e-14, 5.17220543738e-13, 1.92243963804e-11, 1.79516561616e-07, 9.94759489004e-07, 2.46102558776e-07, 1.34502613491e-06, 4.24238805863e-06, 5.7542912657e-08, 1.01725843027e-10, 1.31203647946e-09, 1.92274987598e-10, 3.58937882083e-07, 1.48125085531e-08, 3.47324316863e-06, 2.86838535146e-08, 2.51670125712e-12, 8.16716079531e-14, 3.36615839911e-14, 1.55732671886e-16, 2.42933711342e-13, 8.31593018934e-16, 2.80483446129e-16, 1.72181006165e-16, 7.64535643961e-17], "dvar2": [2.09136696312e-16, 7.03012824617e-15, 4.75295496049e-14, 1.14171801353e-12, 3.24144253105e-11, 1.27348201318e-07, 4.37265924802e-07, 1.87819594544e-07, 7.03416333181e-07, 3.29754357153e-06, 6.39110879774e-08, 1.82881224053e-10, 1.58831736652e-09, 4.09055428419e-10, 8.25828806228e-07, 3.66100891824e-08, 8.91048421181e-06, 8.4347313134e-08, 4.97121397866e-12, 2.4181974782e-13, 9.46334414369e-14, 4.9106263955e-16, 7.0209360244e-13, 2.31243276853e-15, 7.99342662983e-16, 4.20948243261e-16, 1.44519424737e-16], "max": [7.56191269602e-08, 2.55250893133e-06, 6.73759450365e-06, 1.97905465029e-05, 8.75732948771e-05, 0.0141550330445, 0.025267355144, 0.0284267105162, 0.0399508886039, 0.0826085284352, 0.0190364122391, 0.00019992266607, 0.000718651514035, 0.000358465564204, 0.0110358344391, 0.00264048366807, 0.0387465618551, 0.00500545836985, 0.000146299833432, 4.97546307088e-06, 7.62785975894e-06, 2.17044217266e-07, 2.12316554098e-05, 4.42622393848e-07, 3.70485622625e-07, 3.30931896997e-07, 2.20520121275e-07], "mean": [7.320505091e-09, 5.3378467868e-08, 1.0296143671e-07, 6.38510584849e-07, 6.37084076516e-06, 0.00703743845224, 0.0124601898715, 0.00134858977981, 0.00374572025612, 0.00691293086857, 0.000379705365049, 2.16716089199e-05, 5.5866810726e-05, 1.72252857737e-05, 0.00029175952659, 4.63424730697e-05, 0.00049663532991, 3.62965984095e-05, 1.46384593336e-07, 1.0419785923e-07, 5.64714426332e-08, 8.0034094907e-09, 1.81093554374e-07, 3.14459747131e-08, 1.65761360194e-08, 1.48247325527e-08, 1.22003784853e-08], "median": [3.43469142017e-09, 3.58300660253e-08, 7.09089533757e-08, 3.3925613252e-07, 3.93440495827e-06, 0.00775344995782, 0.013442334719, 0.000874027842656, 0.00274311914109, 0.00335947005078, 0.000275864964351, 1.29528089019e-05, 2.2327838451e-05, 9.74045633484e-06, 7.55653536544e-06, 2.86320869236e-06, 1.2401009144e-06, 8.72536986662e-07, 1.7405742625e-08, 4.22970014569e-09, 2.90895418864e-09, 2.08294670401e-09, 2.18630891169e-09, 2.45450837433e-09, 2.39692843351e-09, 2.72249800481e-09, 2.5934430159e-09], "min": [6.93031413658e-25, 3.23434233318e-24, 3.65814745141e-25, 1.23146906547e-24, 5.57673462919e-24, 9.88644110431e-24, 6.52056725924e-24, 6.630474516e-24, 9.47190653153e-24, 1.69617463962e-23, 1.20083097008e-23, 1.38303172789e-23, 3.35370424566e-23, 3.05242311983e-23, 4.57041490688e-23, 6.47822988331e-23, 8.70804620612e-23, 8.55603649621e-23, 9.52718990377e-23, 1.87386940816e-22, 2.4191105021e-22, 3.72848732857e-22, 4.24126812154e-22, 5.03080101004e-22, 9.03090286704e-22, 1.29163555928e-21, 1.82339566406e-21], "var": [9.00201734749e-17, 4.46444681421e-15, 2.25408325225e-14, 8.10885592614e-13, 4.94488200387e-11, 9.40936297411e-06, 3.54414114554e-05, 5.2805157793e-06, 1.61952066264e-05, 6.57027485431e-05, 4.870084922e-07, 5.4226778623e-10, 6.67062760584e-09, 5.40294919915e-10, 7.80994810157e-07, 2.9301997273e-08, 5.44458907825e-06, 6.09636217064e-08, 4.48863038752e-12, 1.31017782344e-13, 6.80749402161e-14, 2.62431771125e-16, 7.60487430407e-13, 3.88606815387e-15, 1.3873183125e-15, 9.84425502947e-16, 6.3595699548e-16]}, "erbbands": {"dmean": [6.71926670748e-07, 1.12714033094e-05, 7.89548939792e-05, 0.000836898921989, 0.00240892567672, 0.0415201336145, 2.11938405037, 5.90413808823, 16.4690208435, 15.2112607956, 8.40246105194, 33.4229316711, 29.4956302643, 26.6015377045, 2.93924117088, 0.484413385391, 1.05993485451, 0.436606645584, 5.16899013519, 9.7809009552, 1.1893683672, 14.4060192108, 9.0069437027, 0.640231728554, 0.0239723883569, 0.0058767949231, 0.00225006579421, 0.00119714532048, 0.000248732772889, 0.000600077328272, 0.00371238985099, 0.000486455595819, 0.000193530344404, 7.4568677519e-05, 3.73042166757e-05, 3.07379159494e-05, 5.46830870007e-06, 2.6499269552e-06, 1.9083083771e-06, 3.40294059242e-06], "dmean2": [9.49992909227e-07, 1.84970267583e-05, 0.000134259957122, 0.00130720657762, 0.00332549097948, 0.0341288372874, 1.47252643108, 4.18749713898, 9.97501754761, 10.0060577393, 6.53385162354, 23.7080974579, 25.0505237579, 22.438993454, 3.13366317749, 0.603525578976, 1.30923199654, 0.644478082657, 7.89335250854, 14.7771749496, 1.83066809177, 23.6287441254, 14.8186893463, 1.07672047615, 0.0400192849338, 0.0100735975429, 0.00381943304092, 0.00200255191885, 0.00043212887249, 0.00103108631447, 0.00639676302671, 0.000834842969198, 0.000314614997478, 0.000124774320284, 6.09709095443e-05, 4.91493010486e-05, 8.33954163681e-06, 3.85834982808e-06, 2.09269592233e-06, 3.17040235132e-06], "dvar": [4.13106316733e-13, 2.62580152066e-10, 1.47095553515e-08, 1.48918286413e-06, 9.63592538028e-06, 0.00107907981146, 2.28401589394, 18.6120605469, 149.112014771, 155.804428101, 188.441223145, 1032.98620605, 1858.72424316, 1697.83435059, 54.650932312, 0.275808900595, 3.14456343651, 1.04514491558, 637.438659668, 1324.73461914, 11.0009708405, 5027.93603516, 1830.75305176, 12.5694265366, 0.0115627767518, 0.00032948932494, 3.3271524444e-05, 7.84273579484e-05, 3.81462029964e-07, 8.27711028251e-06, 0.000445111974841, 1.39679116273e-06, 3.49725667093e-07, 4.52767743297e-08, 1.03984056921e-08, 1.11352971288e-08, 8.83757858561e-11, 3.31900028294e-11, 6.60164240981e-12, 1.3256938082e-11], "dvar2": [9.24897203096e-13, 5.95963556282e-10, 3.45431274695e-08, 3.33024377142e-06, 2.01995171665e-05, 0.00104534847196, 1.71506428719, 12.2632083893, 65.404548645, 75.7387008667, 140.895278931, 531.432739258, 1491.66015625, 1267.31518555, 61.0364761353, 0.430077672005, 3.83181977272, 2.39843034744, 1431.71484375, 3115.95849609, 26.1537742615, 12906.5117188, 4705.12988281, 36.6111717224, 0.0325180031359, 0.000952050788328, 9.43152772379e-05, 0.000219409703277, 1.14247052352e-06, 2.3834498279e-05, 0.0012874136446, 4.11365090258e-06, 9.11759912015e-07, 1.30987373836e-07, 2.82427166098e-08, 2.77705112239e-08, 2.01254998777e-10, 6.69275468379e-11, 1.37622968577e-11, 2.37240609102e-11], "max": [1.96486216737e-05, 0.000862625369336, 0.00787454284728, 0.0454664640129, 0.140856713057, 1.09223818779, 54.8593788147, 132.321350098, 309.309631348, 298.979675293, 757.438110352, 1117.21057129, 1815.00231934, 1729.02478027, 589.101867676, 20.8954181671, 35.3030700684, 26.8309574127, 672.042785645, 699.422607422, 59.8035774231, 1521.5949707, 938.282104492, 103.706802368, 2.70408987999, 0.281261205673, 0.101255588233, 0.37339374423, 0.0126293841749, 0.129701584578, 0.893866419792, 0.0326959751546, 0.0118994591758, 0.00509654637426, 0.00370845594443, 0.00277968263254, 0.000301905878587, 0.000209488993278, 7.337306306e-05, 0.000116614843137], "mean": [4.80278185933e-06, 3.20457984344e-05, 0.000203314251848, 0.00190689368173, 0.0156225683168, 0.49383109808, 26.072473526, 69.392539978, 164.757644653, 114.063850403, 42.3756942749, 107.878868103, 133.833389282, 133.978271484, 16.1344566345, 1.77018761635, 2.94350218773, 0.957579731941, 8.08197593689, 15.3857851028, 1.92713689804, 19.7655887604, 12.322385788, 0.94670522213, 0.03526122123, 0.00876406673342, 0.00378454849124, 0.00192831491586, 0.000426906248322, 0.00123835797422, 0.00755112385377, 0.00119637069292, 0.000460877578007, 0.000222363421926, 0.000128465180751, 9.63839047472e-05, 2.6635998438e-05, 1.10072987809e-05, 1.83801530511e-05, 3.76045500161e-05], "median": [5.19992318004e-06, 2.93575849355e-05, 0.000185153956409, 0.0015152808046, 0.0163901690394, 0.539205908775, 28.5791435242, 76.8037109375, 181.518875122, 116.252258301, 25.0014705658, 80.8105621338, 75.9745407104, 50.7210273743, 12.2286071777, 1.42493224144, 1.38725984097, 0.578780710697, 0.758552610874, 0.397879630327, 0.273623198271, 0.168968826532, 0.115088753402, 0.021752666682, 0.00171876931563, 0.00042393131298, 0.000260171596892, 0.000146115475218, 0.000108723710582, 9.43418053794e-05, 0.000121058983495, 9.56421572482e-05, 6.48558416287e-05, 4.94171399623e-05, 3.9132180973e-05, 2.76601676887e-05, 1.56304340635e-05, 4.06363733418e-06, 1.74931683432e-05, 3.86645224353e-05], "min": [1.06423331457e-22, 7.52277449187e-22, 5.93542681134e-22, 4.01661093608e-21, 1.26031726133e-20, 2.30846576515e-20, 3.61511467275e-20, 5.8854695452e-20, 1.2311510668e-19, 1.4746168167e-19, 2.49703131162e-19, 2.85430431836e-19, 6.71324534005e-19, 5.57101799856e-19, 8.34316906493e-19, 9.10709207411e-19, 1.60972728304e-18, 1.83570051528e-18, 1.74286003807e-18, 2.74282999519e-18, 3.50036530889e-18, 5.39322958796e-18, 6.16620795011e-18, 5.86118840795e-18, 6.48842292284e-18, 8.39498572645e-18, 9.57951332671e-18, 1.1261281527e-17, 1.16464333639e-17, 1.03608408364e-17, 1.17132348158e-17, 1.07522130714e-17, 8.70700487095e-18, 6.577877543e-18, 6.34766904263e-18, 3.6163860752e-18, 2.23342901292e-18, 9.46520854658e-19, 2.42192227802e-19, 2.67142324753e-20], "var": [4.16387497398e-12, 4.87928031312e-10, 2.33002808159e-08, 2.61169134319e-06, 5.6565990235e-05, 0.0482241846621, 130.756698608, 901.970947266, 5499.05712891, 4261.63427734, 4149.08007812, 12309.8505859, 25988.8125, 30975.4433594, 506.609924316, 1.90230667591, 15.9892320633, 2.35004067421, 1314.14855957, 3006.98974609, 24.2851848602, 7982.85791016, 2862.92456055, 25.1247673035, 0.0218419488519, 0.000552332377993, 7.9611876572e-05, 0.000164058510563, 7.45238992295e-07, 2.68787880486e-05, 0.00139027228579, 5.76211277803e-06, 1.33496689614e-06, 2.12218736806e-07, 6.36041619373e-08, 5.53897727684e-08, 8.42452940741e-10, 3.40232897411e-10, 8.14378495195e-11, 2.14133974441e-10]}, "gfcc": {"mean": [-232.012329102, 189.648574829, -158.679351807, -136.348388672, -82.9764633179, -63.352432251, -57.3131637573, -0.969194054604, 2.63779497147, -20.5904827118, 6.06276321411, 11.7332983017, 13.6723108292], "cov": [[8218.578125, 410.954681396, -1575.81640625, -86.0192718506, -371.538208008, -548.850585938, -440.688049316, 293.565917969, 68.8134841919, -405.076538086, 66.8882064819, 130.670028687, 132.83052063], [410.954681396, 1036.4251709, 162.277252197, -672.348571777, 73.6605834961, -39.7749557495, -16.900062561, -207.761459351, 40.9292144775, 94.2534408569, 29.4524250031, -71.6112136841, -11.4982261658], [-1575.81640625, 162.277252197, 597.39654541, -143.592544556, -16.2404766083, 153.53276062, 102.502090454, -160.749938965, -9.46873569489, 163.109359741, -20.7376937866, -61.4518089294, -12.3967008591], [-86.0192718506, -672.348571777, -143.592544556, 578.737670898, 3.24969291687, -103.380409241, 12.3352098465, 205.806610107, -66.9379119873, -110.112602234, 45.7981987, 74.2713012695, -39.3462257385], [-371.538208008, 73.6605834961, -16.2404766083, 3.24969291687, 221.366943359, -57.8393363953, -12.8864498138, 44.1835861206, -11.1181621552, -18.8875980377, 18.6428050995, 2.82711386681, 5.25858974457], [-548.850585938, -39.7749557495, 153.53276062, -103.380409241, -57.8393363953, 297.661102295, -24.6885375977, -218.843536377, 150.591400146, 112.242492676, -103.107528687, -78.645866394, 24.131603241], [-440.688049316, -16.900062561, 102.502090454, 12.3352098465, -12.8864498138, -24.6885375977, 144.921325684, 41.8713569641, -111.571418762, -6.59787130356, 41.3883094788, 13.7656917572, -29.0687274933], [293.565917969, -207.761459351, -160.749938965, 205.806610107, 44.1835861206, -218.843536377, 41.8713569641, 266.074432373, -149.026367188, -135.400970459, 66.4061203003, 83.8874130249, -3.1529507637], [68.8134841919, 40.9292144775, -9.46873569489, -66.9379119873, -11.1181621552, 150.591400146, -111.571418762, -149.026367188, 211.014907837, 51.5788078308, -95.0665664673, -62.0488967896, 15.295337677], [-405.076538086, 94.2534408569, 163.109359741, -110.112602234, -18.8875980377, 112.242492676, -6.59787130356, -135.400970459, 51.5788078308, 122.104515076, -38.406124115, -64.0951843262, 8.34375572205], [66.8882064819, 29.4524250031, -20.7376937866, 45.7981987, 18.6428050995, -103.107528687, 41.3883094788, 66.4061203003, -95.0665664673, -38.406124115, 104.441734314, 36.0772590637, -66.9727859497], [130.670028687, -71.6112136841, -61.4518089294, 74.2713012695, 2.82711386681, -78.645866394, 13.7656917572, 83.8874130249, -62.0488967896, -64.0951843262, 36.0772590637, 69.6065826416, -1.04414665699], [132.83052063, -11.4982261658, -12.3967008591, -39.3462257385, 5.25858974457, 24.131603241, -29.0687274933, -3.1529507637, 15.295337677, 8.34375572205, -66.9727859497, -1.04414665699, 115.51398468]], "icov": [[0.000725079211406, -0.00187944737263, 0.00177823845297, -0.00152494688518, 0.00220507686026, -0.000700525764842, 0.00125705054961, -0.000938621524256, 0.000235212457483, 0.000262303248746, -0.000846613605972, 0.000770653423388, -0.00154674402438], [-0.00187944737263, 0.0244374834001, -0.0087258387357, 0.0239377096295, -0.00972657930106, 0.0246404763311, -0.00173714058474, 0.0242993310094, -0.000903857639059, 0.0147661520168, -0.00109502626583, 0.00816444680095, 0.00582424877211], [0.00177823845297, -0.0087258387357, 0.00885037239641, -0.00776848383248, 0.00576931331307, -0.0072605619207, -0.000300138024613, -0.00751320878044, -0.000123465739307, -0.00864645373076, -0.00173062330578, -0.00277177989483, -0.00402367254719], [-0.00152494688518, 0.0239377096295, -0.00776848383248, 0.0266743190587, -0.00845663063228, 0.022697981447, -0.00117112451699, 0.0192456785589, -0.0027548361104, 0.013287964277, -0.00286137196235, 0.00655019562691, 0.0060674007982], [0.00220507686026, -0.00972657930106, 0.00576931331307, -0.00845663063228, 0.0127075668424, -0.00626819301397, 0.00374419894069, -0.00914545822889, -0.00118723686319, -0.00227773166262, -0.00493441801518, 0.00195240287576, -0.00686309533194], [-0.000700525764842, 0.0246404763311, -0.0072605619207, 0.022697981447, -0.00626819301397, 0.0411443561316, -0.00191918783821, 0.0380034670234, -0.000230224570259, 0.020621843636, 0.00651342328638, 0.0128384819254, 0.00488813733682], [0.00125705054961, -0.00173714058474, -0.000300138024613, -0.00117112451699, 0.00374419894069, -0.00191918783821, 0.0226334389299, 0.0039754989557, 0.0186903681606, 0.011516885832, 0.00770510407165, 0.00860072672367, 0.00522341998294], [-0.000938621524256, 0.0242993310094, -0.00751320878044, 0.0192456785589, -0.00914545822889, 0.0380034670234, 0.0039754989557, 0.0566568858922, 0.0174377448857, 0.0375779718161, 0.0141396047547, 0.0167681351304, 0.00759742502123], [0.000235212457483, -0.000903857639059, -0.000123465739307, -0.0027548361104, -0.00118723686319, -0.000230224570259, 0.0186903681606, 0.0174377448857, 0.0368634462357, 0.0178612861782, 0.0279528833926, 0.0115670235828, 0.0141092566773], [0.000262303248746, 0.0147661520168, -0.00864645373076, 0.013287964277, -0.00227773166262, 0.020621843636, 0.011516885832, 0.0375779718161, 0.0178612861782, 0.0556039586663, 0.00825866404921, 0.0316045619547, 0.00317843677476], [-0.000846613605972, -0.00109502626583, -0.00173062330578, -0.00286137196235, -0.00493441801518, 0.00651342328638, 0.00770510407165, 0.0141396047547, 0.0279528833926, 0.00825866404921, 0.0547869056463, -0.00446543982252, 0.0283192284405], [0.000770653423388, 0.00816444680095, -0.00277177989483, 0.00655019562691, 0.00195240287576, 0.0128384819254, 0.00860072672367, 0.0167681351304, 0.0115670235828, 0.0316045619547, -0.00446543982252, 0.0460637956858, -0.00427577411756], [-0.00154674402438, 0.00582424877211, -0.00402367254719, 0.0060674007982, -0.00686309533194, 0.00488813733682, 0.00522341998294, 0.00759742502123, 0.0141092566773, 0.00317843677476, 0.0283192284405, -0.00427577411756, 0.0277457628399]]}, "melbands": {"dmean": [7.73921193797e-09, 2.94873476747e-08, 1.77070177187e-07, 6.62065815504e-07, 6.19636339252e-05, 0.000152135267854, 0.00023074260389, 0.000131378270453, 0.000115118717076, 0.000181395676918, 0.000172006315552, 0.00013968879648, 1.21469711303e-05, 5.36419634045e-07, 2.83447093352e-06, 1.30840419388e-06, 5.54186726731e-07, 7.36954052627e-06, 1.05798062577e-05, 8.69027462613e-06, 1.47654048988e-07, 1.00022780316e-05, 2.47170828516e-05, 1.67730183875e-06, 1.63395071695e-07, 1.64217184295e-09, 1.70962979884e-10, 3.73866670955e-09, 1.75066527941e-09, 8.56535509186e-10, 4.60182641993e-10, 9.91381907123e-11, 1.3588881409e-10, 1.95612831488e-10, 3.17346593448e-09, 4.51714443628e-10, 1.44176962036e-10, 1.226199281e-10, 1.30914418195e-10, 5.05355132741e-11], "dmean2": [1.25671517637e-08, 5.10790023611e-08, 2.81843455241e-07, 8.81953098997e-07, 4.27371196565e-05, 0.000103869562736, 0.000139604890137, 8.88289068826e-05, 8.5172301624e-05, 0.000128774467157, 0.000145309808431, 0.000117539049825, 1.35531872729e-05, 7.63361526879e-07, 3.57387739314e-06, 1.61381603903e-06, 8.17531770281e-07, 1.12592470032e-05, 1.6037873138e-05, 1.30986327349e-05, 2.2884805162e-07, 1.63822769537e-05, 4.05474311265e-05, 2.84864813693e-06, 2.79677152548e-07, 2.73130962292e-09, 2.96343505291e-10, 6.52986953398e-09, 3.02603853086e-09, 1.44759249032e-09, 7.7198714088e-10, 1.74738487568e-10, 2.43606468331e-10, 3.45585532413e-10, 5.44116041112e-09, 7.98050681095e-10, 2.43094155916e-10, 2.01331784577e-10, 2.16599724268e-10, 8.47373143875e-11], "dvar": [8.93028887698e-17, 2.12372483931e-15, 6.39876064461e-14, 7.31268236069e-13, 1.95598226505e-09, 1.22966490324e-08, 2.93955828568e-08, 1.18540475214e-08, 1.59489541574e-08, 3.01178282314e-08, 6.01031473479e-08, 4.17913561535e-08, 1.26264698697e-09, 7.6433163184e-13, 1.52354049515e-11, 4.56586808292e-12, 6.12165591656e-13, 1.44274181491e-09, 1.1307005332e-09, 1.14360609871e-09, 1.77856088689e-13, 2.23457674586e-09, 1.65821560927e-08, 1.75310696515e-10, 1.70053543729e-12, 4.58236460014e-16, 8.11697290751e-19, 2.41717183353e-16, 2.76623556693e-17, 3.92850307516e-17, 1.25203066676e-17, 7.15133893327e-20, 1.21455963317e-19, 9.52604457871e-19, 3.68041850692e-16, 1.661934684e-18, 1.90084359931e-19, 1.91148825057e-19, 1.46526463515e-19, 1.73616857989e-20], "dvar2": [2.12281014961e-16, 4.96421149969e-15, 1.44723927395e-13, 1.14856290711e-12, 1.41949896282e-09, 7.33244132078e-09, 1.31207924525e-08, 6.04141181526e-09, 1.07081410405e-08, 1.56273873841e-08, 4.77946215938e-08, 3.13719574763e-08, 1.40790101799e-09, 1.62610875286e-12, 1.88673209001e-11, 5.84184133359e-12, 1.31996323594e-12, 3.26594862265e-09, 2.64213739776e-09, 2.68146149729e-09, 4.02307120994e-13, 5.74515324203e-09, 4.24718002989e-08, 5.15614051455e-10, 5.07339743133e-12, 1.05527758552e-15, 2.29680097401e-18, 7.14942235476e-16, 7.99352271513e-17, 1.11390854439e-16, 3.48815215258e-17, 2.19854887444e-19, 3.92168809953e-19, 2.96679534989e-18, 1.06269854705e-15, 5.32281956063e-18, 5.50911903935e-19, 5.17937124297e-19, 4.02341451277e-19, 4.96789780186e-20], "max": [3.91319588289e-07, 2.98065788229e-06, 7.01568887962e-06, 1.53033470269e-05, 0.00162034737878, 0.00335300713778, 0.00418380927294, 0.00304475659505, 0.00570404622704, 0.00601532030851, 0.0103154648095, 0.00776929035783, 0.00283878785558, 2.45376650128e-05, 7.53206768422e-05, 4.30153595516e-05, 1.81278810487e-05, 0.000996374990791, 0.000586693815421, 0.000650547153782, 1.74022461579e-05, 0.00103797332849, 0.00277858786285, 0.000390562083339, 4.67102945549e-05, 2.04689467864e-06, 6.61046328787e-08, 2.69002896403e-07, 1.04287821046e-07, 2.8342810765e-07, 1.41444758128e-07, 5.71189628928e-09, 5.61882185224e-09, 2.94786381971e-08, 8.22907963993e-07, 2.58118557639e-08, 8.63334292944e-09, 1.08546522881e-08, 7.52234896595e-09, 2.96765434449e-09], "mean": [1.13043787664e-08, 4.07945854874e-08, 2.40469034907e-07, 9.8819930372e-07, 0.000768591533415, 0.00176248280331, 0.00227299239486, 0.000947970780544, 0.000436869479017, 0.000558615487535, 0.000734333181754, 0.000687032938004, 5.85550442338e-05, 1.54505153205e-06, 7.32369244361e-06, 3.67923371414e-06, 1.13048827188e-06, 1.14264221338e-05, 1.64906905411e-05, 1.37768274726e-05, 2.29300752608e-07, 1.38392688314e-05, 3.31708870362e-05, 2.63849165094e-06, 2.30646307386e-07, 2.18248019657e-09, 2.59635563049e-10, 5.26158094871e-09, 2.59948018666e-09, 1.28229860064e-09, 7.06164793307e-10, 1.37100733544e-10, 1.93923252456e-10, 3.04798297712e-10, 6.40939168406e-09, 8.98092877843e-10, 3.82986864444e-10, 2.48360526589e-10, 2.81084655551e-10, 1.34038766197e-10], "median": [8.04754662909e-09, 3.01464240238e-08, 1.41010758625e-07, 4.5483369604e-07, 0.000843325280584, 0.00194839295, 0.00249107810669, 0.000952580419835, 0.000281830929453, 0.000408543419326, 0.000402775971452, 0.000281236483715, 4.36515038018e-05, 8.70142287113e-07, 4.7729599828e-06, 1.62437618201e-06, 7.06681930751e-07, 9.82721303444e-07, 4.66090511964e-07, 3.20977108004e-07, 4.58743087961e-08, 6.43796482791e-08, 1.11246350798e-07, 3.51594202641e-08, 4.56875914878e-09, 4.30860624956e-10, 1.61675214883e-10, 1.10115354335e-10, 1.19315862745e-10, 4.3053827864e-11, 2.81204330654e-11, 3.28109171777e-11, 4.16098856759e-11, 2.17439035527e-11, 3.65425398274e-11, 4.74393337113e-11, 1.9782002425e-11, 1.89648626664e-11, 2.16669286679e-11, 1.9654227898e-11], "min": [1.30487572814e-24, 4.14568000761e-25, 8.04107515759e-25, 1.58008277252e-24, 1.14799841119e-24, 1.34203728906e-24, 2.01316632481e-24, 1.31649811446e-24, 2.18333091903e-24, 1.57663791556e-24, 3.34240089441e-24, 1.3867101863e-24, 2.50478917411e-24, 1.86109267773e-24, 2.67811887549e-24, 2.8802313503e-24, 2.98348219874e-24, 2.64161532318e-24, 3.66567806552e-24, 3.40320077096e-24, 3.11595659663e-24, 5.46602865076e-24, 4.22876027435e-24, 4.01662571617e-24, 3.85601481916e-24, 2.86705382331e-24, 5.3792981274e-24, 5.06437499327e-24, 5.46108328174e-24, 4.37757493981e-24, 5.66766741459e-24, 6.32162561084e-24, 5.1738531097e-24, 4.92520651895e-24, 6.48388838259e-24, 6.09408814906e-24, 5.33270839676e-24, 5.42470141123e-24, 5.38357533122e-24, 4.72407183724e-24], "var": [1.48349840073e-16, 2.94089076957e-15, 9.96553845846e-14, 1.81409759176e-12, 1.13501748444e-07, 5.83165672197e-07, 1.07964240215e-06, 3.10762857225e-07, 3.11581032975e-07, 3.59592803534e-07, 8.49532511893e-07, 7.34831473892e-07, 1.06798152544e-08, 4.84989435764e-12, 7.40658159804e-11, 2.44105863995e-11, 1.70639370689e-12, 2.94338309281e-09, 2.53963428065e-09, 2.60037724686e-09, 3.78634108658e-13, 3.56803231405e-09, 2.58638603867e-08, 3.76640690858e-10, 2.87692634472e-12, 6.34679299218e-16, 5.89454332878e-19, 3.87317329486e-16, 5.40233974164e-17, 7.73936518535e-17, 2.60847137917e-17, 1.18078391005e-19, 1.95361151853e-19, 1.68208015083e-18, 1.13596626172e-15, 3.55577110709e-18, 1.03194803582e-18, 6.29472090142e-19, 5.06893746132e-19, 9.46222500951e-20]}, "mfcc": {"mean": [-860.533203125, 221.689651489, -27.9282302856, -88.6821670532, -57.8746871948, -68.1244354248, -64.5663833618, -23.1528816223, -11.4263439178, -17.9742889404, -11.5944576263, -3.71836519241, -7.02150440216], "cov": [[1478.90454102, 833.429504395, -427.306976318, -229.283401489, 48.5952453613, -261.341247559, -269.735809326, 71.2822341919, 2.73643088341, -138.901901245, -57.0271186829, 58.5612640381, -124.114639282], [833.429504395, 737.309997559, -48.4983177185, -258.503112793, -78.4343338013, -77.6798171997, -154.496810913, -95.8905105591, -24.9624271393, -22.733505249, -24.8629837036, -33.4673995972, -17.7199115753], [-427.306976318, -48.4983177185, 367.109558105, 31.5619564056, -127.997291565, 116.692718506, 96.8576202393, -113.459274292, -46.8155708313, 84.7051620483, 27.6976776123, -55.0696029663, 54.2662506104], [-229.283401489, -258.503112793, 31.5619564056, 260.24118042, 80.7442169189, -78.4068756104, 74.253578186, 129.058059692, -3.6756465435, -103.323883057, 34.3725204468, 90.3551635742, -54.934387207], [48.5952453613, -78.4343338013, -127.997291565, 80.7442169189, 176.819961548, 11.126865387, -46.3041687012, 49.0789527893, 44.1513824463, -25.5694255829, -25.7674350739, 37.8155212402, -0.0756418183446], [-261.341247559, -77.6798171997, 116.692718506, -78.4068756104, 11.126865387, 237.588546753, 36.2948684692, -144.992752075, 1.59184336662, 166.144348145, -15.9015703201, -105.895118713, 93.5725326538], [-269.735809326, -154.496810913, 96.8576202393, 74.253578186, -46.3041687012, 36.2948684692, 146.611480713, 38.0794639587, -38.9378089905, -16.4484348297, 56.685760498, 12.0730066299, -19.0746002197], [71.2822341919, -95.8905105591, -113.459274292, 129.058059692, 49.0789527893, -144.992752075, 38.0794639587, 214.910400391, 21.1667556763, -152.146621704, 34.5433654785, 113.589256287, -96.178237915], [2.73643088341, -24.9624271393, -46.8155708313, -3.6756465435, 44.1513824463, 1.59184336662, -38.9378089905, 21.1667556763, 130.231658936, 24.6193828583, -99.5791931152, 8.59530162811, 53.1834106445], [-138.901901245, -22.733505249, 84.7051620483, -103.323883057, -25.5694255829, 166.144348145, -16.4484348297, -152.146621704, 24.6193828583, 241.771209717, -15.12520504, -175.21446228, 74.7413330078], [-57.0271186829, -24.8629837036, 27.6976776123, 34.3725204468, -25.7674350739, -15.9015703201, 56.685760498, 34.5433654785, -99.5791931152, -15.12520504, 162.237609863, 9.33063030243, -87.7253646851], [58.5612640381, -33.4673995972, -55.0696029663, 90.3551635742, 37.8155212402, -105.895118713, 12.0730066299, 113.589256287, 8.59530162811, -175.21446228, 9.33063030243, 239.00730896, -16.3713150024], [-124.114639282, -17.7199115753, 54.2662506104, -54.934387207, -0.0756418183446, 93.5725326538, -19.0746002197, -96.178237915, 53.1834106445, 74.7413330078, -87.7253646851, -16.3713150024, 149.852935791]], "icov": [[0.0320379175246, -0.0431069098413, 0.0414050444961, -0.0336901247501, 0.026358326897, -0.0188106708229, 0.018963361159, -0.0242219846696, 0.0294048134238, -0.0298691149801, 0.0282565876842, -0.0168036427349, 0.0118880467489], [-0.0431069098413, 0.0622354671359, -0.0593203008175, 0.0533081144094, -0.040743868798, 0.0310719944537, -0.0259591098875, 0.034506265074, -0.039490390569, 0.0418399982154, -0.0379670411348, 0.0231664422899, -0.0144486883655], [0.0414050444961, -0.0593203008175, 0.067666657269, -0.0610870681703, 0.052886672318, -0.0391319096088, 0.0294693913311, -0.0290145706385, 0.0354586653411, -0.0367874875665, 0.0340812206268, -0.0218348409981, 0.0133017059416], [-0.0336901247501, 0.0533081144094, -0.0610870681703, 0.0712226629257, -0.059880591929, 0.0474053882062, -0.0353605411947, 0.0261521991342, -0.0271071474999, 0.0290330071002, -0.0262249018997, 0.0172166991979, -0.00904830079526], [0.026358326897, -0.040743868798, 0.052886672318, -0.059880591929, 0.0638941824436, -0.0487055294216, 0.0372329801321, -0.0243291836232, 0.0186562333256, -0.0182884912938, 0.0188106186688, -0.0136461267248, 0.00750120915473], [-0.0188106708229, 0.0310719944537, -0.0391319096088, 0.0474053882062, -0.0487055294216, 0.0506808906794, -0.0331592299044, 0.0228959675878, -0.0132362982258, 0.00763022433966, -0.0132077205926, 0.00905482936651, -0.00740420492366], [0.018963361159, -0.0259591098875, 0.0294693913311, -0.0353605411947, 0.0372329801321, -0.0331592299044, 0.0389765612781, -0.023769909516, 0.0173180103302, -0.0110914995894, 0.0119940722361, -0.00826213695109, 0.00493646413088], [-0.0242219846696, 0.034506265074, -0.0290145706385, 0.0261521991342, -0.0243291836232, 0.0228959675878, -0.023769909516, 0.0435883440077, -0.0351982116699, 0.0301531292498, -0.0271873921156, 0.0129485893995, -0.00229475600645], [0.0294048134238, -0.039490390569, 0.0354586653411, -0.0271071474999, 0.0186562333256, -0.0132362982258, 0.0173180103302, -0.0351982116699, 0.0541344545782, -0.0409728847444, 0.0422817803919, -0.0203284490854, 0.00854951702058], [-0.0298691149801, 0.0418399982154, -0.0367874875665, 0.0290330071002, -0.0182884912938, 0.00763022433966, -0.0110914995894, 0.0301531292498, -0.0409728847444, 0.0528188496828, -0.0378180295229, 0.0269650314003, -0.0136549770832], [0.0282565876842, -0.0379670411348, 0.0340812206268, -0.0262249018997, 0.0188106186688, -0.0132077205926, 0.0119940722361, -0.0271873921156, 0.0422817803919, -0.0378180295229, 0.04681417346, -0.0208060219884, 0.0182810779661], [-0.0168036427349, 0.0231664422899, -0.0218348409981, 0.0172166991979, -0.0136461267248, 0.00905482936651, -0.00826213695109, 0.0129485893995, -0.0203284490854, 0.0269650314003, -0.0208060219884, 0.0209643039852, -0.0114858997986], [0.0118880467489, -0.0144486883655, 0.0133017059416, -0.00904830079526, 0.00750120915473, -0.00740420492366, 0.00493646413088, -0.00229475600645, 0.00854951702058, -0.0136549770832, 0.0182810779661, -0.0114858997986, 0.0236830953509]]}, "spectral_contrast_coeffs": {"dmean": [0.0557566992939, 0.0171675477177, 0.0269059780985, 0.0271595474333, 0.0299180354923, 0.0315474234521], "dmean2": [0.0908446311951, 0.0228819679469, 0.0405329279602, 0.0431059859693, 0.0495512522757, 0.0562408193946], "dvar": [0.00177045620512, 0.000189814672922, 0.000441136508016, 0.000516618776601, 0.000650261761621, 0.000778697896749], "dvar2": [0.00464571593329, 0.000382151338272, 0.00100393139292, 0.00133886828553, 0.00175210007001, 0.00211116415448], "max": [-0.488406985998, -0.405989795923, -0.314589887857, -0.461322844028, -0.316246300936, -0.664214253426], "mean": [-0.721128106117, -0.575409352779, -0.49876883626, -0.713362038136, -0.664466917515, -0.905161798], "median": [-0.722320318222, -0.559626936913, -0.496311634779, -0.72508919239, -0.677072882652, -0.916461408138], "min": [-0.98076403141, -0.997291207314, -0.998874545097, -0.987826824188, -0.98847079277, -0.965907692909], "var": [0.00434288615361, 0.00426449533552, 0.00427048932761, 0.0043561742641, 0.00940854009241, 0.00261892634444]}, "spectral_contrast_valleys": {"dmean": [0.62210303545, 0.146004140377, 0.291697531939, 0.225223779678, 0.27767392993, 0.844140172005], "dmean2": [1.06673765182, 0.193603679538, 0.457379579544, 0.381868511438, 0.474920600653, 1.48826038837], "dvar": [0.22769767046, 0.0222100224346, 0.0575719028711, 0