{"lowlevel": {"average_loudness": 0.489852935076, "barkbands_crest": {"dmean": 2.03820991516, "dmean2": 3.13803482056, "dvar": 3.25738120079, "dvar2": 7.25331306458, "max": 24.2291851044, "mean": 10.2781238556, "median": 9.57588863373, "min": 3.12856411934, "var": 13.9465637207}, "barkbands_flatness_db": {"dmean": 0.0173227749765, "dmean2": 0.0242378097028, "dvar": 0.000239706889261, "dvar2": 0.000440989068011, "max": 0.304941803217, "mean": 0.154804632068, "median": 0.153485447168, "min": 0.0150999780744, "var": 0.00223829783499}, "barkbands_kurtosis": {"dmean": 2.3335146904, "dmean2": 3.57686853409, "dvar": 6.0634098053, "dvar2": 13.3517370224, "max": 37.113319397, "mean": 5.76875352859, "median": 4.69267892838, "min": -1.74953329563, "var": 24.2865886688}, "barkbands_skewness": {"dmean": 0.399409413338, "dmean2": 0.616409420967, "dvar": 0.134819313884, "dvar2": 0.325772941113, "max": 5.32007265091, "mean": 1.89835858345, "median": 1.98982405663, "min": -2.18289756775, "var": 1.21879971027}, "barkbands_spread": {"dmean": 3.41607809067, "dmean2": 5.01745271683, "dvar": 13.6957330704, "dvar2": 29.5010910034, "max": 78.0026626587, "mean": 15.1371479034, "median": 12.4696111679, "min": 1.70891273022, "var": 99.6728134155}, "dissonance": {"dmean": 0.0191934667528, "dmean2": 0.0315063148737, "dvar": 0.00025967109832, "dvar2": 0.000698898045812, "max": 0.499999970198, "mean": 0.453128159046, "median": 0.456174552441, "min": 0.339041829109, "var": 0.000803417875431}, "dynamic_complexity": 3.26794958115, "erbbands_crest": {"dmean": 2.26100325584, "dmean2": 3.47904682159, "dvar": 4.19428920746, "dvar2": 9.06602191925, "max": 27.8706092834, "mean": 9.48741149902, "median": 8.5246925354, "min": 2.68690848351, "var": 19.2365493774}, "erbbands_flatness_db": {"dmean": 0.016548410058, "dmean2": 0.0226835384965, "dvar": 0.000317241152516, "dvar2": 0.000554693047889, "max": 0.319051206112, "mean": 0.174960464239, "median": 0.17636436224, "min": 0.0602101199329, "var": 0.00216355989687}, "erbbands_kurtosis": {"dmean": 0.862813174725, "dmean2": 1.31786465645, "dvar": 0.977870643139, "dvar2": 2.04000282288, "max": 15.4659976959, "mean": 0.549189984798, "median": 0.0753908157349, "min": -1.68561351299, "var": 3.34727025032}, "erbbands_skewness": {"dmean": 0.30987817049, "dmean2": 0.466656833887, "dvar": 0.0699965059757, "dvar2": 0.149091079831, "max": 3.88189983368, "mean": 0.834168493748, "median": 0.866641640663, "min": -1.290807724, "var": 0.522796154022}, "erbbands_spread": {"dmean": 6.69796657562, "dmean2": 10.2707071304, "dvar": 55.6530342102, "dvar2": 134.505020142, "max": 91.0210342407, "mean": 34.8507995605, "median": 33.2771720886, "min": 6.92984247208, "var": 180.795837402}, "hfc": {"dmean": 2.86234021187, "dmean2": 4.09527730942, "dvar": 14.7474622726, "dvar2": 29.3993186951, "max": 120.299179077, "mean": 13.2549762726, "median": 10.8563804626, "min": 1.07239129065e-16, "var": 128.914047241}, "melbands_crest": {"dmean": 2.62561035156, "dmean2": 4.20092010498, "dvar": 6.06249952316, "dvar2": 15.0681324005, "max": 31.9645309448, "mean": 13.0080490112, "median": 12.4996099472, "min": 1.00057005882, "var": 23.9146366119}, "melbands_flatness_db": {"dmean": 0.0183496195823, "dmean2": 0.0266858320683, "dvar": 0.000298717088299, "dvar2": 0.000645292806439, "max": 0.358125001192, "mean": 0.206350833178, "median": 0.214614719152, "min": 5.09092501488e-07, "var": 0.00403798324987}, "melbands_kurtosis": {"dmean": 4.70742702484, "dmean2": 7.43903160095, "dvar": 36.1156654358, "dvar2": 95.2888870239, "max": 63.2242126465, "mean": 12.5938549042, "median": 11.0097751617, "min": -1.39857900143, "var": 78.388923645}, "melbands_skewness": {"dmean": 0.52923810482, "dmean2": 0.831800043583, "dvar": 0.338381826878, "dvar2": 0.923877418041, "max": 6.62298774719, "mean": 2.63621234894, "median": 2.61623644829, "min": -0.255873262882, "var": 1.03342783451}, "melbands_spread": {"dmean": 3.88315701485, "dmean2": 6.08814382553, "dvar": 28.2196865082, "dvar2": 72.6396789551, "max": 166.431686401, "mean": 19.4760189056, "median": 12.0559806824, "min": 2.38224768639, "var": 701.420654297}, "pitch_salience": {"dmean": 0.0565866269171, "dmean2": 0.0903751403093, "dvar": 0.00249841273762, "dvar2": 0.00619859900326, "max": 0.996095299721, "mean": 0.585077941418, "median": 0.586887359619, "min": 0.17636564374, "var": 0.0116285672411}, "silence_rate_20dB": {"dmean": 0, "dmean2": 0, "dvar": 0, "dvar2": 0, "max": 1, "mean": 1, "median": 1, "min": 1, "var": 0}, "silence_rate_30dB": {"dmean": 0.00530152441934, "dmean2": 0.0106065627187, "dvar": 0.00527327973396, "dvar2": 0.0124822137877, "max": 1, "mean": 0.992712795734, "median": 1, "min": 0, "var": 0.00723418733105}, "silence_rate_60dB": {"dmean": 0.00530152441934, "dmean2": 0.0106065627187, "dvar": 0.00527309579775, "dvar2": 0.0118191689253, "max": 1, "mean": 0.0867836996913, "median": 0, "min": 0, "var": 0.0792513936758}, "spectral_centroid": {"dmean": 157.198303223, "dmean2": 242.244033813, "dvar": 58252.3984375, "dvar2": 129939.90625, "max": 11647.1474609, "mean": 1390.52416992, "median": 843.346618652, "min": 345.506439209, "var": 4551225.5}, "spectral_complexity": {"dmean": 2.08283638954, "dmean2": 3.41067290306, "dvar": 3.66508173943, "dvar2": 9.11974430084, "max": 32, "mean": 14.7048692703, "median": 15, "min": 0, "var": 36.3307189941}, "spectral_decrease": {"dmean": 1.55247870115e-09, "dmean2": 2.36925368213e-09, "dvar": 6.64383361633e-18, "dvar2": 1.61574330559e-17, "max": 4.87497627536e-27, "mean": -5.6609970045e-09, "median": -4.49684689485e-09, "min": -5.93540150362e-08, "var": 2.5842912355e-17}, "spectral_energy": {"dmean": 0.00606643781066, "dmean2": 0.0092267356813, "dvar": 9.96505550575e-05, "dvar2": 0.000240940411459, "max": 0.234927132726, "mean": 0.0225681643933, "median": 0.0180216412991, "min": 1.00163566946e-20, "var": 0.000403516809456}, "spectral_energyband_high": {"dmean": 0.000131901048007, "dmean2": 0.000200515714823, "dvar": 6.61691572645e-08, "dvar2": 1.49624256096e-07, "max": 0.00418450450525, "mean": 0.000274121848634, "median": 0.000115321265184, "min": 7.06601186036e-21, "var": 1.78251781335e-07}, "spectral_energyband_low": {"dmean": 0.00285100215115, "dmean2": 0.00516462838277, "dvar": 7.59037138778e-05, "dvar2": 0.000214644125663, "max": 0.0985622480512, "mean": 0.00331006897613, "median": 0.0013832693221, "min": 8.87003248212e-24, "var": 5.17577136634e-05}, "spectral_energyband_middle_high": {"dmean": 0.000666512991302, "dmean2": 0.00102698116098, "dvar": 1.13463306661e-06, "dvar2": 2.97028645946e-06, "max": 0.0239033028483, "mean": 0.00244009727612, "median": 0.00177169311792, "min": 1.10542864078e-21, "var": 5.93047025177e-06}, "spectral_energyband_middle_low": {"dmean": 0.00417237076908, "dmean2": 0.00558017333969, "dvar": 3.39636062563e-05, "dvar2": 4.99046473124e-05, "max": 0.169757723808, "mean": 0.0176859349012, "median": 0.013957454823, "min": 1.85494482437e-22, "var": 0.000271335913567}, "spectral_entropy": {"dmean": 0.143522381783, "dmean2": 0.200466394424, "dvar": 0.0213675629348, "dvar2": 0.0390014834702, "max": 9.82388877869, "mean": 7.36294078827, "median": 7.25800704956, "min": 6.11283493042, "var": 0.400846749544}, "spectral_flux": {"dmean": 0.017087161541, "dmean2": 0.0281032752246, "dvar": 0.000690701941494, "dvar2": 0.00126254791394, "max": 0.265588641167, "mean": 0.0580326206982, "median": 0.051483605057, "min": 6.30028806903e-11, "var": 0.00140476925299}, "spectral_kurtosis": {"dmean": 1.87333869934, "dmean2": 3.10526394844, "dvar": 4.35172319412, "dvar2": 11.3409013748, "max": 23.4003276825, "mean": 5.58328294754, "median": 5.22619819641, "min": -1.29513847828, "var": 11.1700906754}, "spectral_rms": {"dmean": 0.000560523883905, "dmean2": 0.000847349059768, "dvar": 5.38956044238e-07, "dvar2": 1.32954164656e-06, "max": 0.0151392603293, "mean": 0.00423721875995, "median": 0.00419310014695, "min": 3.12602873274e-12, "var": 4.06368235417e-06}, "spectral_rolloff": {"dmean": 269.537353516, "dmean2": 455.745574951, "dvar": 298835.6875, "dvar2": 683186.6875, "max": 19939.7460938, "mean": 1809.08349609, "median": 667.529296875, "min": 172.265625, "var": 14904367}, "spectral_skewness": {"dmean": 0.228223487735, "dmean2": 0.362862735987, "dvar": 0.0541584230959, "dvar2": 0.133775562048, "max": 3.57525014877, "mean": 1.68838274479, "median": 1.74468421936, "min": -0.0733764022589, "var": 0.310106724501}, "spectral_spread": {"dmean": 458466.09375, "dmean2": 663848.0625, "dvar": 780253003776, "dvar2": 1315074080770.0, "max": 43238872, "mean": 5603797.5, "median": 3676002.75, "min": 1740151.25, "var": 59389679501300.0}, "spectral_strongpeak": {"dmean": 0.399281471968, "dmean2": 0.627719283104, "dvar": 0.20337215066, "dvar2": 0.424603193998, "max": 6.79683065414, "mean": 1.05360364914, "median": 0.793928205967, "min": 0, "var": 0.951628386974}, "zerocrossingrate": {"dmean": 0.00798399746418, "dmean2": 0.00981175061315, "dvar": 0.000146119869896, "dvar2": 0.000240471432335, "max": 0.54296875, "mean": 0.0709819272161, "median": 0.04150390625, "min": 0.013671875, "var": 0.0100215338171}, "barkbands": {"dmean": [6.49691264698e-06, 0.00120404141489, 0.00143605121411, 0.000717526418157, 0.000940781377722, 0.00205652695149, 0.00178109505214, 0.000702025310602, 0.000422377226641, 0.000425678212196, 0.000188860285562, 5.57335624762e-05, 0.000118592397484, 0.000138133342261, 0.000180976159754, 0.000118001000374, 0.000156776906806, 8.0514641013e-05, 8.22311776574e-05, 4.89371122967e-05, 3.70142770407e-05, 3.38495265169e-05, 9.05866454559e-06, 1.25493870655e-05, 1.61084335559e-05, 2.83173194475e-05, 2.75846286968e-06], "dmean2": [1.06966781459e-05, 0.00220264168456, 0.00270798406564, 0.00111060857307, 0.00136331073008, 0.00282223848626, 0.00220583751798, 0.000980367651209, 0.00063559942646, 0.000635903677903, 0.000300587445963, 8.79464641912e-05, 0.000197598565137, 0.000233082770137, 0.00030894234078, 0.000198960697162, 0.00026601261925, 0.00013315238175, 0.000136080314405, 8.15171224531e-05, 6.25363536528e-05, 5.38304557267e-05, 1.47324999489e-05, 1.89689399122e-05, 2.46977342613e-05, 4.07718471251e-05, 3.88907301385e-06], "dvar": [5.02533015201e-10, 1.76663033926e-05, 1.97921199288e-05, 1.63349238846e-06, 1.36485380153e-06, 8.05460877018e-06, 2.34509243455e-05, 1.87058128631e-06, 4.53399138678e-07, 5.85918712659e-07, 2.58696104538e-07, 8.72665761875e-09, 5.23148493414e-08, 6.65338575345e-08, 2.12566533264e-07, 7.42096801787e-08, 7.32913463253e-08, 1.7465518809e-08, 1.97310789929e-08, 8.79356409911e-09, 8.38966229821e-09, 5.24228571663e-09, 7.49699358149e-10, 9.4917440574e-10, 8.84050077588e-09, 9.05950248153e-09, 7.82963069379e-11], "dvar2": [1.22519372425e-09, 4.95211825182e-05, 5.78974868404e-05, 4.34952971773e-06, 3.14591352435e-06, 1.39474650496e-05, 2.91275719064e-05, 3.35548861585e-06, 9.2515375627e-07, 1.29779959934e-06, 6.73269369145e-07, 1.82717965203e-08, 1.45627836901e-07, 1.85631392924e-07, 5.96605389092e-07, 2.01677423206e-07, 2.09322934097e-07, 5.03011534647e-08, 5.31436086249e-08, 2.38563089283e-08, 2.25095320161e-08, 1.26890338237e-08, 1.61215152339e-09, 2.12341788597e-09, 1.88692208525e-08, 1.83310930879e-08, 1.86833271076e-10], "max": [0.000196263586986, 0.0431356541812, 0.0531975403428, 0.0187146756798, 0.0193757582456, 0.0714368373156, 0.158602043986, 0.0382749736309, 0.00933482497931, 0.0147500252351, 0.00916316173971, 0.00236791069619, 0.00372037570924, 0.00335669727065, 0.0121712274849, 0.00535788945854, 0.00424023205414, 0.00214336137287, 0.00222310516983, 0.00209919712506, 0.000899753009435, 0.00175364292227, 0.0011355180759, 0.000660620164126, 0.00335813593119, 0.00122244330123, 0.000146876627696], "mean": [5.34865557711e-06, 0.000875303638168, 0.0015061973827, 0.00165732845198, 0.00289405975491, 0.00530358264223, 0.00475068297237, 0.00166652421467, 0.000935816089623, 0.000763987016398, 0.000310775270918, 0.000105499471829, 0.000190010759979, 0.000220431626076, 0.000277805753285, 0.000198893962079, 0.000266773276962, 0.000157026748639, 0.00015602404892, 8.77000493347e-05, 5.52236160729e-05, 5.85778579989e-05, 2.0544463041e-05, 2.95165100397e-05, 2.86437807517e-05, 4.20743890572e-05, 3.83117503588e-06], "median": [6.61915819933e-08, 8.94396289368e-05, 0.000518522865605, 0.000669397239108, 0.00206520082429, 0.00361194973812, 0.0009947034996, 0.00080597557826, 0.00046855310211, 0.000363050552551, 0.000120748925838, 5.47510317119e-05, 9.39767778618e-05, 0.000107675776235, 0.000154061272042, 0.000105887054815, 0.000166349011124, 9.79375981842e-05, 9.10692106117e-05, 4.84207703266e-05, 2.58824420598e-05, 2.51836154348e-05, 8.36067920318e-06, 6.72675969327e-06, 4.64589220428e-06, 1.05781657567e-06, 1.0857468169e-07], "min": [1.68848330495e-25, 1.81983466074e-24, 8.44600041847e-25, 8.86284043724e-25, 9.4384154418e-24, 1.86702609502e-24, 4.83495846481e-24, 4.12378813141e-24, 2.41105601137e-23, 1.83281323701e-23, 1.47152787974e-23, 2.51743690211e-23, 2.67974755772e-23, 2.84670807504e-23, 2.53351451845e-23, 4.11160299144e-23, 7.08240078014e-23, 7.26148735175e-23, 1.39538349107e-22, 1.82180673411e-22, 2.46847931081e-22, 3.14571803877e-22, 3.85655593041e-22, 5.91927750332e-22, 8.53130173098e-22, 1.28514473602e-21, 1.85166641942e-21], "var": [4.4497788787e-10, 1.0938617379e-05, 1.29203299366e-05, 5.63803496334e-06, 7.97995198809e-06, 3.78067998099e-05, 0.000166601661476, 9.00137729332e-06, 1.55066413754e-06, 1.47641742387e-06, 4.94604421419e-07, 2.28903935806e-08, 9.82589085652e-08, 1.18590129716e-07, 3.04685670471e-07, 1.19313867231e-07, 1.13028896465e-07, 3.42076731386e-08, 3.95900237038e-08, 1.56985073829e-08, 9.53696766004e-09, 8.8844966939e-09, 2.9668922874e-09, 3.51676709975e-09, 1.57190278571e-08, 1.66757168074e-08, 1.03914592209e-10]}, "erbbands": {"dmean": [0.0185485333204, 0.336814314127, 1.45756268501, 2.2163579464, 2.01524806023, 3.1882545948, 11.4288187027, 17.2704467773, 27.9798622131, 21.7754402161, 10.0976428986, 11.4954490662, 13.0024137497, 6.65836668015, 7.35710096359, 3.06537723541, 5.74559402466, 6.80905056, 7.09119129181, 9.23376846313, 6.9371008873, 5.71182203293, 4.25585079193, 5.09398317337, 3.82152748108, 2.41447114944, 1.40111339092, 1.63200390339, 1.29174005985, 0.611992657185, 0.233292222023, 0.31940895319, 0.147735968232, 0.169474288821, 0.120812468231, 0.0380169525743, 0.0843619555235, 0.0121478941292, 0.000536051637027, 2.27169330174e-05], "dmean2": [0.0328274928033, 0.621672034264, 2.73834466934, 3.78220653534, 2.89237689972, 4.54896259308, 16.2303066254, 24.2575931549, 34.6080093384, 29.0446033478, 13.8823356628, 17.237985611, 19.7085266113, 9.91688537598, 11.7720041275, 4.85747623444, 9.58448123932, 11.5153198242, 11.9504899979, 15.6920108795, 11.7134418488, 9.62164974213, 7.02200222015, 8.51749420166, 6.3463010788, 4.02670669556, 2.30784463882, 2.83190989494, 2.09154033661, 0.954513847828, 0.368597060442, 0.49041774869, 0.22025193274, 0.261050730944, 0.184132277966, 0.0554984807968, 0.12152557075, 0.0174362082034, 0.000739213137422, 3.10821269522e-05], "dvar": [0.00398364989087, 1.40577435493, 22.8837623596, 23.5198135376, 8.51253890991, 18.36277771, 245.786529541, 594.637451172, 5580.27587891, 2166.84741211, 249.7784729, 340.824462891, 473.185333252, 446.472442627, 515.338439941, 24.5903816223, 129.360900879, 188.566085815, 722.08581543, 207.621994019, 150.232192993, 96.0149841309, 42.4992866516, 109.269775391, 60.4714431763, 19.5342979431, 7.05449867249, 24.900762558, 9.50292873383, 1.72379136086, 0.423865824938, 0.666745483875, 0.0864615663886, 0.57500320673, 0.574128866196, 0.0415500439703, 0.0897154808044, 0.00173156464007, 2.7362457331e-06, 2.25647789343e-09], "dvar2": [0.0106595791876, 3.9929728508, 66.4060134888, 68.1059265137, 17.3801898956, 42.51587677, 452.692962646, 1137.17871094, 6878.04980469, 3345.28662109, 441.133575439, 697.488830566, 1118.93518066, 920.342651367, 1414.43737793, 54.2241821289, 358.208374023, 531.616027832, 2023.17236328, 564.465820312, 425.807342529, 271.5234375, 116.364692688, 318.917999268, 158.115692139, 52.6082267761, 18.4725093842, 69.5271148682, 23.1681537628, 4.12324380875, 0.848453819752, 1.5559322834, 0.186680614948, 1.24823367596, 1.2264187336, 0.100763782859, 0.18169362843, 0.00348770525306, 6.11615178059e-06, 4.39626246518e-09], "max": [0.546138167381, 12.7322359085, 60.9927368164, 52.2424278259, 69.2162780762, 73.0924911499, 324.898895264, 628.32989502, 2425.11547852, 1282.86279297, 301.789825439, 259.503143311, 397.79776001, 502.412139893, 445.514801025, 121.342414856, 183.245819092, 190.980834961, 761.833435059, 161.469345093, 153.874954224, 150.133880615, 106.113319397, 209.61630249, 145.658111572, 93.3075942993, 38.4940986633, 46.7002601624, 93.002281189, 34.633605957, 24.6206111908, 17.3453960419, 8.15907764435, 24.9314994812, 26.2761421204, 5.279941082, 3.94313311577, 0.594955563545, 0.0285533517599, 0.000678082113154], "mean": [0.0135218417272, 0.25458073616, 1.49989247322, 4.12076568604, 5.46656417847, 9.87269687653, 29.5405731201, 42.4723548889, 74.0375747681, 53.7568740845, 28.3270606995, 26.4879283905, 24.350856781, 13.6945800781, 12.5629281998, 6.18140506744, 9.46249961853, 11.1053590775, 11.6893091202, 15.3770198822, 12.5649557114, 11.0242605209, 9.07232284546, 9.40411567688, 7.2229590416, 4.53317260742, 2.61069989204, 2.08265805244, 2.10840582848, 1.2550444603, 0.571160137653, 0.704275012016, 0.355525165796, 0.30502012372, 0.208530247211, 0.0593504235148, 0.123111739755, 0.0179264657199, 0.000789333076682, 5.22020600329e-05], "median": [0.000823381415103, 0.0357225574553, 0.461255609989, 2.01703619957, 3.01982450485, 6.78470754623, 19.4323253632, 27.7338962555, 20.728012085, 14.9150619507, 16.6729106903, 14.1917886734, 14.0711889267, 5.09304046631, 5.44217443466, 3.66747450829, 4.74302053452, 5.58353424072, 5.83907842636, 10.0940790176, 7.88735818863, 7.29787874222, 6.39133882523, 5.18127632141, 4.19310045242, 2.51435279846, 1.37653374672, 0.935464143753, 0.916633069515, 0.527013897896, 0.225264817476, 0.143905177712, 0.109328813851, 0.0635942965746, 0.0246798750013, 0.00605682609603, 0.00176772498526, 0.000269150943495, 3.61074453394e-05, 2.82034779957e-05], "min": [6.09331687975e-23, 2.71740771422e-22, 1.91742081577e-21, 3.33985340064e-21, 1.48122586055e-20, 2.04101113125e-20, 5.65447095809e-20, 3.44396938842e-20, 6.45391904814e-20, 1.24954911459e-19, 1.85679493922e-19, 5.13195518231e-19, 5.37096902031e-19, 6.55501344369e-19, 7.62836352353e-19, 1.12521844015e-18, 1.61525460729e-18, 2.02218693681e-18, 1.2419709511e-18, 2.65113578352e-18, 2.83213655003e-18, 4.98148596241e-18, 4.6576828029e-18, 5.60875108298e-18, 7.01586471427e-18, 8.16454478832e-18, 9.01024928351e-18, 8.82246356803e-18, 1.03891395123e-17, 1.10837222455e-17, 9.95035742047e-18, 1.12408443757e-17, 9.09869722487e-18, 7.00703125251e-18, 5.67581268319e-18, 4.05214399471e-18, 2.11067913233e-18, 9.48924848313e-19, 2.49910443303e-19, 2.72108364953e-20], "var": [0.00275769480504, 0.847957909107, 14.8912820816, 33.7821121216, 50.4984283447, 103.787490845, 1159.6036377, 2658.54321289, 38747.9921875, 13663.1113281, 1227.67041016, 1164.95800781, 1011.2277832, 1294.27514648, 911.640930176, 63.3733711243, 245.926940918, 324.205291748, 1032.03466797, 320.808227539, 238.505584717, 167.16368103, 92.2220840454, 192.144836426, 110.2891922, 39.4637451172, 15.4089660645, 19.465681076, 14.1517524719, 4.75651597977, 1.96725380421, 2.06891775131, 0.476546406746, 1.0988817215, 0.985813736916, 0.052656903863, 0.162918031216, 0.0031985368114, 4.15129443354e-06, 4.89550089355e-09]}, "gfcc": {"mean": [-82.3916015625, 100.373138428, -120.198036194, 15.1524162292, -66.2614364624, -17.6462669373, -48.5035934448, -0.810956478119, -22.3084430695, -4.23233127594, -18.2112617493, -5.17434263229, -11.0352506638], "cov": [[65926.96875, 5296.80371094, -5940.56347656, 478.485656738, -3439.58642578, -540.482788086, -2531.45800781, 130.486831665, -1184.95300293, -40.1441955566, -1111.45080566, -206.929107666, -743.042419434], [5296.80371094, 1750.20507812, -968.059631348, 187.638458252, -275.154785156, -150.231582642, -159.962005615, -29.950843811, 17.7774066925, -119.043319702, 66.3392562866, -144.834075928, 130.991485596], [-5940.56347656, -968.059631348, 1178.50280762, -121.127929688, 486.864196777, 212.703033447, 308.678436279, 13.9553146362, 95.7756271362, 75.3009262085, 22.9407100677, 75.272102356, -22.4523582458], [478.485656738, 187.638458252, -121.127929688, 311.979003906, -23.8112983704, 53.8480834961, 49.1862831116, 35.2894058228, 21.6618003845, 2.60731577873, 40.4814224243, -24.0345497131, 43.1425056458], [-3439.58642578, -275.154785156, 486.864196777, -23.8112983704, 371.156524658, 121.066307068, 199.529647827, 18.2844944, 83.6235046387, 20.9685230255, 50.5929374695, 20.40990448, 23.0457878113], [-540.482788086, -150.231582642, 212.703033447, 53.8480834961, 121.066307068, 163.067901611, 107.446113586, 42.1910362244, 19.6212978363, 31.177072525, -8.04713058472, 16.5533046722, -13.165104866], [-2531.45800781, -159.962005615, 308.678436279, 49.1862831116, 199.529647827, 107.446113586, 221.336791992, 48.4603614807, 87.1469345093, 24.074010849, 65.057220459, 9.23875331879, 41.8010978699], [130.486831665, -29.950843811, 13.9553146362, 35.2894058228, 18.2844944, 42.1910362244, 48.4603614807, 78.2949142456, 31.1837673187, 26.3285293579, 7.84580230713, 9.03156852722, 5.60124206543], [-1184.95300293, 17.7774066925, 95.7756271362, 21.6618003845, 83.6235046387, 19.6212978363, 87.1469345093, 31.1837673187, 105.543891907, 25.6336078644, 56.42552948, 2.73953318596, 42.9289894104], [-40.1441955566, -119.043319702, 75.3009262085, 2.60731577873, 20.9685230255, 31.177072525, 24.074010849, 26.3285293579, 25.6336078644, 75.1617279053, 20.2878036499, 19.4601154327, -3.91412591934], [-1111.45080566, 66.3392562866, 22.9407100677, 40.4814224243, 50.5929374695, -8.04713058472, 65.057220459, 7.84580230713, 56.42552948, 20.2878036499, 106.187782288, 1.14657521248, 63.3046875], [-206.929107666, -144.834075928, 75.272102356, -24.0345497131, 20.40990448, 16.5533046722, 9.23875331879, 9.03156852722, 2.73953318596, 19.4601154327, 1.14657521248, 56.6152877808, -2.5318236351], [-743.042419434, 130.991485596, -22.4523582458, 43.1425056458, 23.0457878113, -13.165104866, 41.8010978699, 5.60124206543, 42.9289894104, -3.91412591934, 63.3046875, -2.5318236351, 127.858039856]], "icov": [[0.000100402670796, -0.000332014402375, 3.20371618727e-05, -4.25095749961e-05, 0.000359491852578, -0.000336361583322, 0.000536901352461, -0.000497797096614, 0.000421350559918, -0.000632935960311, 0.000523048220202, -0.000384149694582, 0.000263029563939], [-0.000332014402375, 0.00274461042136, 0.00132583559025, 0.000129322623252, -0.00159282411914, 0.000118078591186, -0.00119659362826, 0.00229253713042, -0.00284710898995, 0.00346783571877, -0.00239967135713, 0.00339000974782, -0.00164480751846], [3.20371618727e-05, 0.00132583559025, 0.00405734917149, 0.000728068989702, -0.00250102998689, -0.00130958226509, -0.00204016501084, 0.00254302541725, -0.000901085673831, -0.00102471641731, 0.00130708434153, -4.70510121886e-06, -0.000209858189919], [-4.25095749961e-05, 0.000129322623252, 0.000728068989702, 0.00472489139065, 0.000772286672145, -0.00273343920708, -0.00117220368702, -0.000309438357363, 5.90751710661e-07, 0.000735870678909, -0.00198177830316, 0.00172470067628, -0.00083215162158], [0.000359491852578, -0.00159282411914, -0.00250102998689, 0.000772286672145, 0.0098505653441, -0.00362719781697, -0.000703267403878, -0.000797008804511, -0.000348424830008, -8.72315722518e-05, 1.3458842659e-05, -0.00125536404084, 0.00121988833416], [-0.000336361583322, 0.000118078591186, -0.00130958226509, -0.00273343920708, -0.00362719781697, 0.016846133396, -0.00811206642538, -0.00156733812764, 0.00310744298622, -0.00334553513676, 0.00468814000487, -0.0014758039033, 0.000229622877669], [0.000536901352461, -0.00119659362826, -0.00204016501084, -0.00117220368702, -0.000703267403878, -0.00811206642538, 0.021563988179, -0.00841581914574, -0.0032026572153, 0.00214909831993, -0.0045910468325, 0.00109350599814, 0.00042940696585], [-0.000497797096614, 0.00229253713042, 0.00254302541725, -0.000309438357363, -0.000797008804511, -0.00156733812764, -0.00841581914574, 0.023912390694, -0.00721863470972, -0.00198711734265, 0.00167330494151, -0.0002302841458, -0.00147472636309], [0.000421350559918, -0.00284710898995, -0.000901085673831, 5.90751710661e-07, -0.000348424830008, 0.00310744298622, -0.0032026572153, -0.00721863470972, 0.0226650964469, -0.00800650659949, -0.000923259765841, -0.0020016299095, -0.00048436911311], [-0.000632935960311, 0.00346783571877, -0.00102471641731, 0.000735870678909, -8.72315722518e-05, -0.00334553513676, 0.00214909831993, -0.00198711734265, -0.00800650659949, 0.0265191346407, -0.0113765308633, 0.000735628360417, 0.000543669681065], [0.000523048220202, -0.00239967135713, 0.00130708434153, -0.00198177830316, 1.3458842659e-05, 0.00468814000487, -0.0045910468325, 0.00167330494151, -0.000923259765841, -0.0113765308633, 0.0251676533371, -0.00444573583081, -0.00428290199488], [-0.000384149694582, 0.00339000974782, -4.70510121886e-06, 0.00172470067628, -0.00125536404084, -0.0014758039033, 0.00109350599814, -0.0002302841458, -0.0020016299095, 0.000735628360417, -0.00444573583081, 0.0262054763734, -0.00314679299481], [0.000263029563939, -0.00164480751846, -0.000209858189919, -0.00083215162158, 0.00121988833416, 0.000229622877669, 0.00042940696585, -0.00147472636309, -0.00048436911311, 0.000543669681065, -0.00428290199488, -0.00314679299481, 0.0132442954928]]}, "melbands": {"dmean": [0.000252094963798, 0.000664612744004, 0.000360440986697, 0.00015273023746, 0.0003484764311, 0.000393357186113, 0.000414217240177, 0.000220286819967, 8.13069564174e-05, 6.42972299829e-05, 6.49325011182e-05, 2.70251894108e-05, 2.68376807071e-05, 9.49589320953e-06, 1.18302268675e-05, 8.43048292154e-06, 1.50266350829e-05, 1.1828497918e-05, 1.03842476165e-05, 1.21178982226e-05, 9.07755747903e-06, 6.49160210742e-06, 7.10228505341e-06, 3.70139810002e-06, 4.49179333373e-06, 3.00393003272e-06, 2.20639844883e-06, 1.57148383551e-06, 1.05826438812e-06, 7.00299040091e-07, 1.16593946586e-06, 7.80060190664e-07, 6.14166538071e-07, 2.75913009773e-07, 1.55764183773e-07, 9.64762847389e-08, 2.83738387452e-07, 1.27640745973e-07, 7.52935491732e-08, 1.88564413861e-07], "dmean2": [0.000456143141491, 0.00124285486527, 0.000599064282142, 0.000218550194404, 0.000491083133966, 0.000544262642507, 0.00050881766947, 0.000299958453979, 0.000113269292342, 9.70250039245e-05, 9.82278652373e-05, 4.00188546337e-05, 4.26721380791e-05, 1.51210979311e-05, 1.95933298528e-05, 1.40815536724e-05, 2.54393817158e-05, 1.99181904463e-05, 1.77014862857e-05, 2.05522246688e-05, 1.54226727318e-05, 1.09640395749e-05, 1.19977594295e-05, 6.23432288194e-06, 7.55110841055e-06, 4.98407780469e-06, 3.66434005628e-06, 2.63540664491e-06, 1.76100070348e-06, 1.17860088267e-06, 2.03988224712e-06, 1.27527596305e-06, 9.50195669702e-07, 4.50614294323e-07, 2.52132622336e-07, 1.5486463667e-07, 4.4226894147e-07, 1.95246173007e-07, 1.1557848012e-07, 2.9286110248e-07], "dvar": [7.59977751841e-07, 4.95306449011e-06, 5.44734120922e-07, 3.99460020617e-08, 2.13085144196e-07, 3.0873152923e-07, 1.25035262499e-06, 2.09856324318e-07, 1.30758985861e-08, 1.01714503487e-08, 1.17452456649e-08, 8.95826968161e-09, 5.04225283748e-09, 5.87993653767e-10, 4.62020449676e-10, 2.24892854339e-10, 9.80689196517e-10, 1.65778824002e-09, 3.74680481086e-10, 6.43054942628e-10, 2.3436574903e-10, 1.18690834938e-10, 2.28390362178e-10, 4.2784137344e-11, 9.02113245216e-11, 4.18527608403e-11, 1.5265212705e-11, 1.21898975289e-11, 5.1352867271e-12, 2.22031963128e-12, 1.33677652281e-11, 3.20770645289e-12, 1.9351952766e-12, 5.51284116013e-13, 2.93174149237e-13, 6.63443163796e-14, 6.26363923836e-13, 7.52578067139e-14, 6.23318942034e-14, 1.0371901905e-12], "dvar2": [2.09353606806e-06, 1.42622802741e-05, 1.54115923579e-06, 9.23932077512e-08, 4.01350945367e-07, 5.54968096367e-07, 1.52790983066e-06, 3.41022143857e-07, 2.34291306356e-08, 2.11442898745e-08, 2.77430594053e-08, 1.84622610533e-08, 1.30709878476e-08, 1.56063839629e-09, 1.27952093365e-09, 6.15717976604e-10, 2.76518785647e-09, 4.6101868989e-09, 1.05601261069e-09, 1.72063074899e-09, 6.75963340857e-10, 3.30992872e-10, 6.45746733863e-10, 1.21218188265e-10, 2.61905414023e-10, 1.11306394657e-10, 4.08122875772e-11, 3.26429543118e-11, 1.42435663958e-11, 5.87592040996e-12, 3.75815316367e-11, 8.13108174541e-12, 4.41471382021e-12, 1.37655251781e-12, 5.79325378901e-13, 1.47688773103e-13, 1.47004066905e-12, 1.68828140487e-13, 1.53493699955e-13, 2.23567431928e-12], "max": [0.00844664033502, 0.0274192839861, 0.00783428177238, 0.00359511072747, 0.00922286417335, 0.0145244095474, 0.0370229594409, 0.0117230433971, 0.00218304526061, 0.00140021613333, 0.00198931153864, 0.00228271004744, 0.00128890073393, 0.000470046768896, 0.000363823201042, 0.000242102367338, 0.00043199173524, 0.00118089769967, 0.00038844809751, 0.000528868520632, 0.000231399055338, 0.000202889146749, 0.000265765324002, 0.000124807673274, 0.000193743922864, 0.000143175086123, 7.36738802516e-05, 8.84575201781e-05, 4.32009765063e-05, 1.65039928106e-05, 3.52990937245e-05, 4.46386657131e-05, 3.95428796764e-05, 2.38517040998e-05, 2.35953502852e-05, 1.2926276213e-05, 1.71845131263e-05, 5.39587517778e-06, 7.27578435544e-06, 3.50862319465e-05], "mean": [0.000182143150596, 0.000635322357994, 0.000753598113079, 0.000491439073812, 0.000954910938162, 0.000988552812487, 0.00110207800753, 0.000526916410308, 0.000221989190322, 0.000144188830745, 0.00011634954717, 5.35152139491e-05, 4.49317885796e-05, 1.70806652022e-05, 1.99957958102e-05, 1.4661492969e-05, 2.28134340432e-05, 1.82018284249e-05, 1.7308495444e-05, 1.93903943e-05, 1.49692477862e-05, 1.13104306365e-05, 1.2486131709e-05, 6.82984091327e-06, 7.65978165873e-06, 5.17822991242e-06, 4.00289445679e-06, 2.73144542007e-06, 1.82761732503e-06, 1.07364292035e-06, 1.30925377562e-06, 1.16183309729e-06, 1.14028682674e-06, 5.32776425644e-07, 3.48221902868e-07, 2.23516011033e-07, 5.75523813495e-07, 2.80238367623e-07, 1.61817183653e-07, 3.10139256499e-07], "median": [1.50388377733e-05, 0.000172604370164, 0.000399878656026, 0.000335957302013, 0.000667660788167, 0.00063729629619, 0.000288123323116, 0.000162191223353, 0.000145909711136, 7.71418417571e-05, 6.31414732197e-05, 1.58384282258e-05, 1.80218739843e-05, 8.0501940829e-06, 1.09318234536e-05, 7.69055350247e-06, 1.01245968835e-05, 8.72762484505e-06, 1.13686719487e-05, 1.17975923786e-05, 9.15281452762e-06, 7.18790397514e-06, 7.41400845072e-06, 4.45077739641e-06, 3.8325706555e-06, 2.7985329325e-06, 2.45708065449e-06, 1.38068753586e-06, 8.96925484994e-07, 5.33937452474e-07, 5.12416136189e-07, 5.17776982178e-07, 4.10887253111e-07, 2.14079761918e-07, 1.2489768153e-07, 9.15858180406e-08, 7.77061686108e-08, 7.18382153764e-08, 5.7407440579e-08, 4.65200322708e-08], "min": [6.47791325427e-25, 1.19592940257e-24, 9.55498995371e-25, 1.03581321995e-24, 1.88467981601e-24, 6.20756125433e-25, 9.22331733042e-25, 1.19435237101e-24, 1.70051195464e-24, 2.86367020167e-24, 2.50020569503e-24, 2.1657608173e-24, 2.51576715968e-24, 2.28987230352e-24, 2.20799958561e-24, 3.56362549679e-24, 3.05274221406e-24, 1.58729128487e-24, 1.56837252682e-24, 2.36704715752e-24, 3.30076126596e-24, 3.68294623074e-24, 2.91570287533e-24, 3.29398238698e-24, 3.57530379364e-24, 4.6522212027e-24, 4.90718696373e-24, 4.400287823e-24, 5.15888802389e-24, 5.62872805702e-24, 4.56383091599e-24, 4.79777432276e-24, 4.88995824156e-24, 4.92920131058e-24, 4.29562294138e-24, 6.36109232193e-24, 6.27668538836e-24, 6.13293442105e-24, 5.47701590545e-24, 6.02949187941e-24], "var": [4.90374588935e-07, 3.11569965561e-06, 1.00303509498e-06, 2.62413209384e-07, 1.02089074971e-06, 1.47341336287e-06, 8.81125379237e-06, 1.23958886888e-06, 6.01061813654e-08, 3.45484103548e-08, 2.49916656259e-08, 2.5933912795e-08, 9.91613191559e-09, 1.15849707605e-09, 8.67700411522e-10, 4.81302386834e-10, 1.66045110994e-09, 2.39728548124e-09, 5.53069645637e-10, 1.02289920978e-09, 3.39960254392e-10, 1.75442105288e-10, 3.85540044334e-10, 7.81327849642e-11, 1.53846643758e-10, 6.52270112922e-11, 2.97813440575e-11, 2.15798438147e-11, 9.78477021629e-12, 3.08568665411e-12, 9.6572342137e-12, 4.15198301087e-12, 4.0535127338e-12, 1.46296809302e-12, 9.93904828231e-13, 3.65658810739e-13, 1.54479705937e-12, 2.85258172335e-13, 2.36357862535e-13, 1.82170446263e-12]}, "mfcc": {"mean": [-690.799743652, 131.933013916, -9.44602203369, 22.7420711517, -5.73559713364, -15.2935829163, -19.8494987488, -9.92443084717, -7.32441473007, -5.84832906723, -5.01700258255, -8.0632724762, -4.80622339249], "cov": [[16126.1962891, 3777.69580078, -293.426330566, 612.09173584, -133.841522217, -318.642425537, -499.075744629, -202.752029419, -107.085800171, -93.5832366943, -53.6743240356, -142.372314453, -57.8611602783], [3777.69580078, 1931.29650879, -273.589813232, 212.332366943, -14.0758485794, -136.35319519, -171.603652954, -64.3982849121, -31.515417099, -38.3367462158, -27.1894340515, -59.67029953, -35.8707046509], [-293.426330566, -273.589813232, 262.857574463, 1.79879331589, 33.0678977966, 83.8832321167, 65.6719970703, 21.3940105438, 38.6252441406, 5.3596405983, 32.8848762512, 12.8982782364, 7.2649769783], [612.09173584, 212.332366943, 1.79879331589, 177.172470093, 19.8490600586, 9.84910297394, 16.4784469604, 18.2085914612, 18.1923313141, 23.7758998871, 5.70784854889, 3.79816508293, 16.9811553955], [-133.841522217, -14.0758485794, 33.0678977966, 19.8490600586, 97.3047409058, 59.5649452209, 38.0609703064, 26.9724693298, 26.4855575562, 7.7734336853, 18.8877696991, 2.03681945801, 2.31251955032], [-318.642425537, -136.35319519, 83.8832321167, 9.84910297394, 59.5649452209, 132.651306152, 82.6383132935, 51.5328445435, 40.3629798889, 29.6041584015, 24.4851875305, 22.9261016846, 6.58480215073], [-499.075744629, -171.603652954, 65.6719970703, 16.4784469604, 38.0609703064, 82.6383132935, 129.017837524, 52.423412323, 46.3352088928, 25.7664146423, 34.3856735229, 19.9466228485, 25.4843254089], [-202.752029419, -64.3982849121, 21.3940105438, 18.2085914612, 26.9724693298, 51.5328445435, 52.423412323, 97.3726425171, 34.6652030945, 40.1667366028, 10.092218399, 18.8381938934, 5.23549938202], [-107.085800171, -31.515417099, 38.6252441406, 18.1923313141, 26.4855575562, 40.3629798889, 46.3352088928, 34.6652030945, 92.5858612061, 21.8588733673, 35.0589790344, 10.4257469177, 20.4800777435], [-93.5832366943, -38.3367462158, 5.3596405983, 23.7758998871, 7.7734336853, 29.6041584015, 25.7664146423, 40.1667366028, 21.8588733673, 74.9017333984, 16.0144271851, 25.643579483, 11.4381933212], [-53.6743240356, -27.1894340515, 32.8848762512, 5.70784854889, 18.8877696991, 24.4851875305, 34.3856735229, 10.092218399, 35.0589790344, 16.0144271851, 72.4013290405, 22.0300273895, 24.5356502533], [-142.372314453, -59.67029953, 12.8982782364, 3.79816508293, 2.03681945801, 22.9261016846, 19.9466228485, 18.8381938934, 10.4257469177, 25.643579483, 22.0300273895, 64.2613220215, 29.7326564789], [-57.8611602783, -35.8707046509, 7.2649769783, 16.9811553955, 2.31251955032, 6.58480215073, 25.4843254089, 5.23549938202, 20.4800777435, 11.4381933212, 24.5356502533, 29.7326564789, 74.113861084]], "icov": [[0.000132629269501, -0.000233315106016, -0.000163888718816, -0.000222369752009, 0.000192095496459, -0.000109349217382, 0.000335417629685, -1.22968440337e-05, 5.57064704481e-05, 2.39673881879e-05, -0.000106544059236, 0.000111322777229, -8.1588717876e-05], [-0.000233315106016, 0.00125798967201, 0.00104282598477, -0.000767561199609, -0.000450850988273, 8.07843389339e-05, 0.000421706412453, 4.9899379519e-05, -0.000345040491084, 0.000428813014878, -0.000349488720531, 0.000121410441352, 0.000454871042166], [-0.000163888718816, 0.00104282598477, 0.0059458417818, -0.000777725945227, 0.000277134531643, -0.00305102742277, -0.000304238375975, 0.000712087377906, -0.000990126747638, 0.00149509857874, -0.00152451475151, 0.000150806386955, 0.000775925465859], [-0.000222369752009, -0.000767561199609, -0.000777725945227, 0.00818609818816, -0.00160366040654, 0.00117594725452, -0.00219435617328, -0.000227896118304, -0.000279772299109, -0.00270892563276, 0.00160887558013, 0.000235208994127, -0.00175988744013], [0.000192095496459, -0.000450850988273, 0.000277134531643, -0.00160366040654, 0.0157568790019, -0.00742582185194, 0.00113970844541, -0.00155576493125, -0.000701641954947, 0.00219322741032, -0.00284742563963, 0.00254255253822, -6.38091660221e-05], [-0.000109349217382, 8.07843389339e-05, -0.00305102742277, 0.00117594725452, -0.00742582185194, 0.0192570984364, -0.007966584526, -0.00167772057466, -0.00106838229112, -0.00260210759006, 0.00201165489852, -0.00419576885179, 0.00307608325966], [0.000335417629685, 0.000421706412453, -0.000304238375975, -0.00219435617328, 0.00113970844541, -0.007966584526, 0.0182969663292, -0.0044339094311, -0.00152996263932, 0.00148337497376, -0.00403125071898, 0.00254924898036, -0.00380174187012], [-1.22968440337e-05, 4.9899379519e-05, 0.000712087377906, -0.000227896118304, -0.00155576493125, -0.00167772057466, -0.0044339094311, 0.0177248753607, -0.00349750230089, -0.00635399715975, 0.00337176350877, -0.00237690238282, 0.00225150119513], [5.57064704481e-05, -0.000345040491084, -0.000990126747638, -0.000279772299109, -0.000701641954947, -0.00106838229112, -0.00152996263932, -0.00349750230089, 0.0166705269367, -0.00130253110547, -0.00558782601729, 0.00295432610437, -0.00281330244616], [2.39673881879e-05, 0.000428813014878, 0.00149509857874, -0.00270892563276, 0.00219322741032, -0.00260210759006, 0.00148337497376, -0.00635399715975, -0.00130253110547, 0.0205257367343, -0.00247636716813, -0.00492323795334, 0.000788951874711], [-0.000106544059236, -0.000349488720531, -0.00152451475151, 0.00160887558013, -0.00284742563963, 0.00201165489852, -0.00403125071898, 0.00337176350877, -0.00558782601729, -0.00247636716813, 0.0212966669351, -0.00493744015694, -0.00255670165643], [0.000111322777229, 0.000121410441352, 0.000150806386955, 0.000235208994127, 0.00254255253822, -0.00419576885179, 0.00254924898036, -0.00237690238282, 0.00295432610437, -0.00492323795334, -0.00493744015694, 0.0243163518608, -0.00851533934474], [-8.1588717876e-05, 0.000454871042166, 0.000775925465859, -0.00175988744013, -6.38091660221e-05, 0.00307608325966, -0.00380174187012, 0.00225150119513, -0.00281330244616, 0.000788951874711, -0.00255670165643, -0.00851533934474, 0.0197714604437]]}, "spectral_contrast_coeffs": {"dmean": [0.0461732409894, 0.0406531058252, 0.0341525375843, 0.027193531394, 0.0213554482907, 0.0150568783283], "dmean2": [0.0743366405368, 0.0639540106058, 0.0546620003879, 0.0454165898263, 0.0352151840925, 0.0242788642645], "dvar": [0.00177191058174, 0.00112083123531, 0.000758130976465, 0.000474441243568, 0.00035815598676, 0.000261460925685], "dvar2": [0.00419912673533, 0.00277133146301, 0.00193938217126, 0.00133173540235, 0.000895396980923, 0.000645316089503], "max": [-0.298643231392, -0.349960118532, -0.550589859486, -0.589715361595, -0.595252513885, -0.637510895729], "mean": [-0.568040132523, -0.691732883453, -0.749007940292, -0.777294993401, -0.775730252266, -0.766515433788], "median": [-0.557187795639, -0.682691693306, -0.741015672684, -0.775601804256, -0.777856171131, -0.76027405262], "min": [-0.978928506374, -0.996827661991, -0.998803675175, -0.987642884254, -0.992753267288, -0.96376234293], "var": [0.015634894371, 0.00927746947855, 0.00557425618172, 0.00381624535657, 0.00391416018829, 0.00251900823787]}, "spectral_contrast_valleys": {"dmean": [0.485980689526, 0.297051608562, 0.259929597378, 0.207308471203, 0.229871913791, 0.234629258513], "dmean2": [0.798638284206, 0.493920117617, 0.428462922573, 0.336376786232, 0.344558656216, 0.317930221558], "dvar": [0.28044757247, 0.106464184821, 0.0930686667562, 0.0792101249099, 0.109987922013, 0.116388387978], "dvar2": [0.536225378513, 0.191367343068, 0.158990263939, 0.12079397589, 0.170629560947, 0.191072121263], "ma