{"lowlevel": {"average_loudness": 0.828465938568, "barkbands_crest": {"dmean": 2.66672110558, "dmean2": 4.22908163071, "dvar": 7.66895198822, "dvar2": 17.8240184784, "max": 25.8931865692, "mean": 14.1248321533, "median": 13.6966362, "min": 3.53049349785, "var": 33.0405464172}, "barkbands_flatness_db": {"dmean": 0.0293333809823, "dmean2": 0.042505633086, "dvar": 0.000792131992057, "dvar2": 0.00174792937469, "max": 0.739125132561, "mean": 0.272037148476, "median": 0.236438006163, "min": 0.0482648424804, "var": 0.0184381604195}, "barkbands_kurtosis": {"dmean": 11.2831935883, "dmean2": 18.0768280029, "dvar": 809.30090332, "dvar2": 2101.74487305, "max": 1050.48095703, "mean": 19.8546943665, "median": 7.24834728241, "min": -1.7539331913, "var": 1654.7121582}, "barkbands_skewness": {"dmean": 0.864052355289, "dmean2": 1.29364430904, "dvar": 1.12422597408, "dvar2": 2.74843358994, "max": 23.0687942505, "mean": 2.61061239243, "median": 2.08633899689, "min": -5.55798053741, "var": 5.09387397766}, "barkbands_spread": {"dmean": 3.16314482689, "dmean2": 4.78936052322, "dvar": 25.8198337555, "dvar2": 63.6443557739, "max": 108.259078979, "mean": 10.2943754196, "median": 8.04503440857, "min": 0.0770254433155, "var": 108.05619812}, "dissonance": {"dmean": 0.0321003645658, "dmean2": 0.0534272380173, "dvar": 0.000966087100096, "dvar2": 0.00265712011606, "max": 0.500000119209, "mean": 0.422442406416, "median": 0.433624476194, "min": 0.0688783973455, "var": 0.00289354170673}, "dynamic_complexity": 3.07478094101, "erbbands_crest": {"dmean": 2.78903746605, "dmean2": 4.44857645035, "dvar": 5.94415283203, "dvar2": 14.7653741837, "max": 33.0972480774, "mean": 11.7626132965, "median": 11.0404033661, "min": 3.20597910881, "var": 18.4306564331}, "erbbands_flatness_db": {"dmean": 0.0221357215196, "dmean2": 0.032648075372, "dvar": 0.000505760952365, "dvar2": 0.0009910534136, "max": 0.536070466042, "mean": 0.213585212827, "median": 0.205014914274, "min": 0.0624614097178, "var": 0.0051642539911}, "erbbands_kurtosis": {"dmean": 2.67339515686, "dmean2": 4.21771621704, "dvar": 28.4341564178, "dvar2": 75.3340988159, "max": 184.64402771, "mean": 4.8646440506, "median": 2.18474125862, "min": -1.79041743279, "var": 85.2723922729}, "erbbands_skewness": {"dmean": 0.470992416143, "dmean2": 0.714135587215, "dvar": 0.224907323718, "dvar2": 0.531052529812, "max": 8.22065544128, "mean": 1.15800201893, "median": 1.05290329456, "min": -2.45631933212, "var": 1.18468677998}, "erbbands_spread": {"dmean": 7.97141695023, "dmean2": 11.8316888809, "dvar": 113.505836487, "dvar2": 262.478851318, "max": 130.75428772, "mean": 27.8275432587, "median": 22.591960907, "min": 0.52980363369, "var": 447.322723389}, "hfc": {"dmean": 5.26922369003, "dmean2": 8.11800670624, "dvar": 81.7307891846, "dvar2": 197.066955566, "max": 110.279670715, "mean": 17.6102485657, "median": 14.9294281006, "min": 1.21316955615e-16, "var": 200.612731934}, "melbands_crest": {"dmean": 3.1772274971, "dmean2": 4.87964010239, "dvar": 9.74638080597, "dvar2": 22.1457042694, "max": 37.9445877075, "mean": 20.7516403198, "median": 20.1841449738, "min": 2.41893458366, "var": 67.4069137573}, "melbands_flatness_db": {"dmean": 0.0318564809859, "dmean2": 0.0460298880935, "dvar": 0.000973030400928, "dvar2": 0.00217766757123, "max": 0.910391032696, "mean": 0.371414601803, "median": 0.330828249454, "min": 0.0116102294996, "var": 0.0267346650362}, "melbands_kurtosis": {"dmean": 17.9913253784, "dmean2": 27.991317749, "dvar": 1496.97155762, "dvar2": 3630.94018555, "max": 1332.78759766, "mean": 34.0428237915, "median": 12.4260349274, "min": -1.73514437675, "var": 4804.52587891}, "melbands_skewness": {"dmean": 1.03844583035, "dmean2": 1.53951764107, "dvar": 1.50177490711, "dvar2": 3.46000552177, "max": 27.5004062653, "mean": 3.36452889442, "median": 2.6307156086, "min": -4.75592803955, "var": 8.07541942596}, "melbands_spread": {"dmean": 2.75993514061, "dmean2": 4.01120281219, "dvar": 21.9192085266, "dvar2": 54.1502227783, "max": 205.418258667, "mean": 10.3955688477, "median": 7.44826984406, "min": 0.0831133425236, "var": 175.892440796}, "pitch_salience": {"dmean": 0.0718824416399, "dmean2": 0.114217400551, "dvar": 0.00533883506432, "dvar2": 0.0132538480684, "max": 0.864079594612, "mean": 0.403015047312, "median": 0.415689826012, "min": 0.0355546548963, "var": 0.0219527501613}, "silence_rate_20dB": {"dmean": 0.0150877702981, "dmean2": 0.030179919675, "dvar": 0.0148607837036, "dvar2": 0.0347844436765, "max": 1, "mean": 0.984624326229, "median": 1, "min": 0, "var": 0.0151393618435}, "silence_rate_30dB": {"dmean": 0.0847236290574, "dmean2": 0.169471845031, "dvar": 0.0775434151292, "dvar2": 0.15990974009, "max": 1, "mean": 0.72860455513, "median": 1, "min": 0, "var": 0.197740077972}, "silence_rate_60dB": {"dmean": 0.00377194257453, "dmean2": 0.00754497991875, "dvar": 0.00375729240477, "dvar2": 0.00893929507583, "max": 1, "mean": 0.0319118089974, "median": 0, "min": 0, "var": 0.0308899097145}, "spectral_centroid": {"dmean": 128.491088867, "dmean2": 191.408493042, "dvar": 31917.4746094, "dvar2": 62186.7890625, "max": 10638.4257812, "mean": 752.300415039, "median": 687.538391113, "min": 80.395652771, "var": 270240.96875}, "spectral_complexity": {"dmean": 1.75395333767, "dmean2": 2.89872312546, "dvar": 2.79624962807, "dvar2": 6.96896076202, "max": 38, "mean": 10.8505945206, "median": 11, "min": 0, "var": 28.0027637482}, "spectral_decrease": {"dmean": 6.83963907733e-09, "dmean2": 9.79065184481e-09, "dvar": 1.11129147728e-16, "dvar2": 2.28080773465e-16, "max": 1.57087569534e-19, "mean": -2.06372163802e-08, "median": -1.26894690311e-08, "min": -1.26950467916e-07, "var": 4.42692134883e-16}, "spectral_energy": {"dmean": 0.026124317199, "dmean2": 0.0373929291964, "dvar": 0.00160620629322, "dvar2": 0.00330206472427, "max": 0.481383740902, "mean": 0.0794867873192, "median": 0.0495048575103, "min": 1.09913021376e-20, "var": 0.00637007318437}, "spectral_energyband_high": {"dmean": 0.000253380188951, "dmean2": 0.000393888214603, "dvar": 4.15613101268e-07, "dvar2": 9.69145162344e-07, "max": 0.00846177898347, "mean": 0.000448917038739, "median": 0.000100145916804, "min": 7.9929081264e-21, "var": 9.50152127643e-07}, "spectral_energyband_low": {"dmean": 0.0225667618215, "dmean2": 0.0322406664491, "dvar": 0.00156740308739, "dvar2": 0.00315948226489, "max": 0.478427052498, "mean": 0.0606930218637, "median": 0.0264368578792, "min": 7.08808247192e-23, "var": 0.00640110950917}, "spectral_energyband_middle_high": {"dmean": 0.000857865961734, "dmean2": 0.00128773099277, "dvar": 1.81434279511e-06, "dvar2": 3.93338768845e-06, "max": 0.0222058426589, "mean": 0.00306406873278, "median": 0.00160682678688, "min": 1.70624095915e-21, "var": 1.35584905365e-05}, "spectral_energyband_middle_low": {"dmean": 0.00720658386126, "dmean2": 0.0110006537288, "dvar": 0.00024152174592, "dvar2": 0.000564165762626, "max": 0.209858760238, "mean": 0.0170085318387, "median": 0.0124049820006, "min": 1.69395017808e-22, "var": 0.000385284278309}, "spectral_entropy": {"dmean": 0.20442725718, "dmean2": 0.308768779039, "dvar": 0.0426399149001, "dvar2": 0.100934840739, "max": 9.8015422821, "mean": 6.70742893219, "median": 6.93768835068, "min": 3.63514065742, "var": 0.854990363121}, "spectral_flux": {"dmean": 0.0403735674918, "dmean2": 0.0645374804735, "dvar": 0.00293396320194, "dvar2": 0.00692926580086, "max": 0.521521270275, "mean": 0.0976398736238, "median": 0.0753297507763, "min": 1.04839407988e-10, "var": 0.00536515377462}, "spectral_kurtosis": {"dmean": 4.47176933289, "dmean2": 7.47870588303, "dvar": 45.3150482178, "dvar2": 123.291702271, "max": 159.578720093, "mean": 14.5359048843, "median": 5.97067689896, "min": -1.18692481518, "var": 536.467407227}, "spectral_rms": {"dmean": 0.0013062072685, "dmean2": 0.00184752303176, "dvar": 2.55194959209e-06, "dvar2": 5.1460551731e-06, "max": 0.0216712411493, "mean": 0.00784280803055, "median": 0.00694963429123, "min": 3.27463295195e-12, "var": 1.60384261108e-05}, "spectral_rolloff": {"dmean": 156.330184937, "dmean2": 264.839813232, "dvar": 230726.34375, "dvar2": 548476.8125, "max": 18798.4863281, "mean": 600.249938965, "median": 430.6640625, "min": 43.06640625, "var": 1193623.375}, "spectral_skewness": {"dmean": 0.394742250443, "dmean2": 0.6432056427, "dvar": 0.183383911848, "dvar2": 0.499397546053, "max": 11.2237787247, "mean": 2.53647303581, "median": 1.87151527405, "min": 0.00786238256842, "var": 3.84884595871}, "spectral_spread": {"dmean": 794329.125, "dmean2": 1204527, "dvar": 2383183347710.0, "dvar2": 4898252390400.0, "max": 40454608, "mean": 3969905.5, "median": 3331569, "min": 647602.625, "var": 5404784852990.0}, "spectral_strongpeak": {"dmean": 0.378609150648, "dmean2": 0.633150458336, "dvar": 0.323223948479, "dvar2": 0.80215382576, "max": 5.29400873184, "mean": 0.821477174759, "median": 0.498476237059, "min": 0, "var": 0.630215287209}, "zerocrossingrate": {"dmean": 0.00647813826799, "dmean2": 0.007770487573, "dvar": 8.80075021996e-05, "dvar2": 0.000123810968944, "max": 0.5029296875, "mean": 0.0297882724553, "median": 0.0224609375, "min": 0.00146484375, "var": 0.00119105400518}, "barkbands": {"dmean": [0.00177564402111, 0.0204158984125, 0.00396241154522, 0.00165336148348, 0.00294471927918, 0.00211183051579, 0.00172613782343, 0.0010374073172, 0.000859320047311, 0.000565631722566, 0.000225207666517, 0.000165857345564, 0.000190806924365, 8.01656860858e-05, 5.22779810126e-05, 6.32952214801e-05, 4.67201061838e-05, 4.84601441713e-05, 3.22591986333e-05, 2.96230991808e-05, 3.56592354365e-05, 2.70600085059e-05, 3.09977367579e-05, 4.39164141426e-05, 6.93458569003e-05, 6.2628845626e-05, 4.80730477648e-06], "dmean2": [0.00267341849394, 0.029609490186, 0.00652036303654, 0.00284466170706, 0.00471213180572, 0.00335928611457, 0.00267028901726, 0.00143711804412, 0.00115584360901, 0.000835937389638, 0.000342660554452, 0.000261470238911, 0.000302545900922, 0.000131222972414, 8.45407121233e-05, 0.000102555837657, 7.66906669014e-05, 7.95653759269e-05, 5.49063079234e-05, 4.81477109133e-05, 5.55751794309e-05, 4.25699581683e-05, 4.15903086832e-05, 6.44560568617e-05, 0.000118822630611, 0.000109410269943, 8.86438647285e-06], "dvar": [1.38814984894e-05, 0.00156061595771, 9.33420596994e-05, 1.21210314319e-05, 0.000135544061777, 2.67036757577e-05, 1.37289043778e-05, 4.99079123983e-06, 1.82104565738e-06, 1.39853239034e-06, 4.3267965566e-07, 1.3960307399e-07, 1.44373387911e-07, 4.74704293651e-08, 2.16383977403e-08, 2.87496888518e-08, 1.23306191924e-08, 1.52833425915e-08, 2.58485299831e-09, 2.21700080516e-09, 5.55005197356e-09, 4.91979079698e-09, 8.75045635951e-09, 1.46897338738e-08, 4.9309242911e-08, 4.39778595762e-08, 2.98735980397e-10], "dvar2": [3.08767448587e-05, 0.00322611886077, 0.000237604006543, 3.47271416103e-05, 0.000313045136863, 7.18835217413e-05, 3.02528915199e-05, 1.01039695437e-05, 3.08852304443e-06, 2.68723533736e-06, 9.76576075118e-07, 3.26492568092e-07, 3.42282049814e-07, 1.18371112023e-07, 5.15020488479e-08, 7.20726944792e-08, 3.00252231966e-08, 3.89594347894e-08, 7.15393211337e-09, 5.61608670679e-09, 1.31607320597e-08, 1.03602841861e-08, 1.23070211799e-08, 2.79709730933e-08, 1.30145735966e-07, 1.17121210508e-07, 8.37325875302e-10], "max": [0.0778615251184, 0.439784616232, 0.165043354034, 0.0506476946175, 0.165941208601, 0.0635591447353, 0.096478253603, 0.0462644323707, 0.0206858944148, 0.020947759971, 0.0162493754178, 0.0101747047156, 0.00884952116758, 0.00629306863993, 0.00396295730025, 0.00399378174916, 0.00263868807815, 0.00288428273052, 0.000977614079602, 0.000948208908085, 0.00190718751401, 0.00105097715277, 0.00176362553611, 0.00189455749933, 0.00288255768828, 0.00268997321837, 0.000228978446103], "mean": [0.0058857682161, 0.0466586686671, 0.006686700508, 0.00284432270564, 0.00298046995886, 0.00339307752438, 0.00309334811755, 0.00217186519876, 0.00198217178695, 0.00121778598987, 0.000503618037328, 0.000454720400739, 0.000484268704895, 0.000171462626895, 9.25617860048e-05, 0.000111753921374, 9.60803517955e-05, 9.41707548918e-05, 7.19719027984e-05, 7.54534630687e-05, 8.514962974e-05, 5.92164615227e-05, 6.8825436756e-05, 7.99956760602e-05, 7.01384196873e-05, 5.01199065184e-05, 3.19665468851e-06], "median": [0.00141532579437, 0.0146084316075, 0.00159891392104, 0.00167411915027, 0.000583593267947, 0.00127824139781, 0.000877690967172, 0.000631013768725, 0.000979158328846, 0.000289009680273, 3.17204467137e-05, 5.46977717022e-05, 0.000102381658508, 2.05279357033e-05, 2.42089499807e-05, 2.74420162896e-05, 3.03759279632e-05, 4.00419376092e-05, 4.19459174736e-05, 4.20450560341e-05, 3.29860122292e-05, 1.35024038173e-05, 5.42916222912e-06, 3.0187311495e-06, 1.08392487164e-06, 7.83212612987e-07, 3.60361838148e-08], "min": [6.90397180297e-23, 3.04698281948e-23, 1.41894966931e-23, 1.54584216633e-24, 1.36999927242e-23, 1.35356556427e-23, 1.69306084785e-23, 2.74488727365e-23, 8.46029276369e-23, 6.564500343e-23, 3.9119520782e-23, 1.37138508015e-22, 1.40267837185e-22, 2.60472783226e-22, 1.64680090841e-22, 1.3543200624e-22, 1.42485861615e-22, 1.81701045981e-22, 1.78468786241e-22, 3.61911106986e-22, 4.07485456881e-22, 5.11583390473e-22, 7.13232292745e-22, 1.27495815622e-21, 1.05858095579e-21, 1.66364368196e-21, 2.53888205427e-21], "var": [8.27993426356e-05, 0.00510675180703, 0.000204222204047, 1.48203071149e-05, 0.000130755186547, 3.51834496541e-05, 3.21225197695e-05, 1.54001718329e-05, 7.18463297744e-06, 4.58634212919e-06, 1.66689221714e-06, 8.30077908631e-07, 7.73053727698e-07, 2.84571797238e-07, 6.38670272224e-08, 6.2103389098e-08, 3.79554130348e-08, 3.41773720436e-08, 7.5840738134e-09, 8.83267059493e-09, 1.70758607254e-08, 1.73673715409e-08, 4.34430518226e-08, 5.94008895405e-08, 4.73599506279e-08, 3.2070403222e-08, 1.83248499708e-10]}, "erbbands": {"dmean": [0.864260673523, 3.75435566902, 4.19096946716, 5.55293130875, 7.58830022812, 10.775390625, 12.8509407043, 19.2906188965, 29.5549449921, 18.6188907623, 17.259349823, 21.9635982513, 14.951171875, 12.9415578842, 11.4122362137, 7.48002576828, 8.59333133698, 4.77989339828, 3.94051003456, 1.99424016476, 2.99576640129, 2.33819174767, 2.50556445122, 2.00382947922, 1.70274376869, 1.34875833988, 1.55684971809, 1.25375592709, 0.877319395542, 0.96569776535, 0.929756760597, 0.830737709999, 0.816745579243, 0.674155652523, 0.519958913326, 0.26125445962, 0.11428462714, 0.0231421086937, 0.000487077893922, 4.02404402848e-05], "dmean2": [1.21208310127, 5.59315681458, 6.76894855499, 9.39174175262, 12.0960454941, 18.2870559692, 22.5373840332, 29.0490703583, 44.9870109558, 27.6247615814, 23.8615531921, 29.5367336273, 21.5757217407, 19.2577018738, 17.4586009979, 11.754650116, 13.4490604401, 7.80562400818, 6.31985569, 3.19649243355, 4.83737945557, 3.80246448517, 4.05535507202, 3.36621999741, 2.87991333008, 2.17646169662, 2.45657420158, 1.96203553677, 1.37356877327, 1.44783937931, 1.24273085594, 1.12576198578, 1.28472852707, 1.14416861534, 0.905647754669, 0.452084064484, 0.200593158603, 0.0412034802139, 0.000867962138727, 6.12667572568e-05], "dvar": [3.14569616318, 51.7933959961, 95.7461090088, 143.739044189, 624.826843262, 2164.14819336, 3486.36181641, 1510.35424805, 3930.20605469, 1853.59362793, 868.282287598, 1301.61401367, 1001.93688965, 1199.54614258, 1138.70947266, 311.220153809, 280.77923584, 98.779006958, 104.919120789, 18.4928741455, 64.6613311768, 32.5900840759, 34.4909820557, 12.6183824539, 7.5186829567, 4.75282764435, 13.5604877472, 8.48615169525, 4.98862314224, 7.74485397339, 8.19944000244, 5.41506052017, 5.48208475113, 4.27112722397, 2.95408082008, 0.765866458416, 0.14504057169, 0.00623104162514, 2.70622558673e-06, 4.04249789199e-09], "dvar2": [6.18426465988, 117.349472046, 245.223846436, 394.130157471, 1491.61401367, 5662.83007812, 9871.37011719, 3506.67041016, 8412.12109375, 4068.22705078, 1675.11364746, 2204.41552734, 1858.37097168, 2403.07397461, 2604.50366211, 719.619140625, 663.334472656, 245.765869141, 246.475875854, 45.564743042, 159.556442261, 78.6858291626, 86.6409606934, 34.0164489746, 20.3818416595, 12.0253744125, 32.7165603638, 20.2267932892, 10.3311662674, 15.2001285553, 12.4824895859, 7.94555234909, 11.8475494385, 10.9783935547, 7.9031996727, 2.03714442253, 0.386549383402, 0.0168999768794, 7.38097969588e-06, 9.64085877797e-09], "max": [23.4607563019, 82.3964233398, 190.2550354, 186.063842773, 381.732818604, 650.64251709, 800.421325684, 763.096862793, 1727.4744873, 919.993286133, 575.061279297, 588.036987305, 803.266113281, 664.937194824, 808.963500977, 508.817504883, 444.097045898, 281.331756592, 240.340240479, 109.477394104, 264.262176514, 152.396591187, 129.209976196, 63.134311676, 42.0296630859, 38.8186264038, 120.494018555, 77.6213531494, 36.2441749573, 42.6392974854, 59.7565383911, 43.2589149475, 31.1857967377, 25.9065647125, 22.0469913483, 11.3489818573, 4.83332633972, 1.03236114979, 0.0216196551919, 0.000819973240141], "mean": [2.22359371185, 6.9498295784, 7.87867546082, 9.7886133194, 9.45867729187, 9.48367977142, 12.6606683731, 35.3753929138, 55.2709770203, 37.8330192566, 39.6813049316, 52.8621673584, 36.7333450317, 27.0540084839, 25.3988628387, 22.2911205292, 23.803440094, 11.2677774429, 8.16721439362, 4.03631734848, 5.66367006302, 5.12064266205, 5.37208080292, 4.34759569168, 3.91952204704, 3.56524300575, 3.42627978325, 2.99109220505, 2.04946494102, 2.08155632019, 2.01515889168, 1.68709361553, 1.32174956799, 0.79505354166, 0.476136535406, 0.225945219398, 0.088118955493, 0.0168778635561, 0.000384554412449, 9.84856596915e-05], "median": [0.536835432053, 2.22497558594, 2.40268135071, 5.5817937851, 2.42490839958, 1.5758869648, 3.70906615257, 14.4966468811, 17.6685676575, 9.64337158203, 17.844127655, 25.8563652039, 15.5830478668, 4.73169326782, 2.62451553345, 3.26485133171, 6.2732963562, 3.10014724731, 1.6077105999, 1.55560302734, 1.81048703194, 1.82117712498, 2.25746393204, 2.57154035568, 2.34304404259, 2.00659680367, 1.47665178776, 1.06314027309, 0.545193135738, 0.287331044674, 0.147750914097, 0.0777951851487, 0.0406535044312, 0.0146951302886, 0.00683240219951, 0.00349777634256, 0.00137576390989, 0.000244033144554, 4.14273381466e-05, 6.23113592155e-05], "min": [1.55689911372e-21, 4.82373766943e-21, 1.76464087975e-20, 7.7536105913e-21, 3.1331960167e-20, 4.84131816551e-20, 8.93171660106e-20, 9.79608673696e-20, 1.71462869981e-19, 3.77586468784e-19, 7.28356000603e-19, 2.48218910649e-18, 1.89330930224e-18, 1.50014301587e-18, 2.3930299966e-18, 5.87078535742e-18, 7.66447853927e-18, 1.20923151469e-17, 1.2198618609e-17, 7.41403058366e-18, 6.02411279653e-18, 7.7764746583e-18, 9.71487564369e-18, 5.5177099304e-18, 1.8733821077e-17, 1.56564808964e-17, 1.52050338422e-17, 1.52195492076e-17, 1.88396356753e-17, 1.75623579673e-17, 2.41821040842e-17, 2.40787230512e-17, 2.24178816932e-17, 1.08857125776e-17, 8.48030857945e-18, 4.98427562902e-18, 2.95254550948e-18, 1.5353240413e-18, 3.74937319475e-19, 3.5477601989e-20], "var": [12.8501729965, 122.398506165, 234.919326782, 198.061416626, 622.880065918, 1628.52148438, 2226.50219727, 3334.69824219, 9700.93261719, 5426.34082031, 3332.12304688, 5331.11474609, 3658.22827148, 3568.10107422, 3819.45141602, 2003.53833008, 1685.57836914, 527.978759766, 418.289154053, 54.7910346985, 127.797859192, 108.004493713, 90.2277984619, 32.1014633179, 22.7082748413, 19.8666229248, 31.0329723358, 26.3883171082, 18.6681480408, 30.3193359375, 38.3101387024, 26.6725902557, 16.3541240692, 5.52590703964, 2.43596315384, 0.587828874588, 0.104162052274, 0.00422609923407, 1.81994562354e-06, 9.42927691483e-09]}, "gfcc": {"mean": [-57.4052581787, 130.195526123, -76.0794143677, 31.2689228058, -51.8404197693, 7.56278610229, -12.7819948196, 12.4144067764, -11.8169937134, 7.83516311646, -8.61169719696, -1.90367698669, -11.0427503586], "cov": [[13975.7431641, -1499.47265625, -4199.12011719, -453.164306641, -1358.91040039, 141.066268921, -431.397857666, 372.175537109, -248.887115479, 389.885070801, 29.8434295654, 158.875686646, -432.542205811], [-1499.47265625, 1795.13720703, 466.599761963, 58.0230255127, 539.079345703, -279.344940186, 301.805023193, -248.094360352, 281.886474609, -37.0059814453, 239.935943604, -65.1460876465, 159.700317383], [-4199.12011719, 466.599761963, 3490.79541016, 563.180664062, 456.953948975, -8.2398815155, -84.9596405029, -103.347618103, 151.145904541, -6.55250358582, 84.919921875, 57.8312950134, 215.631057739], [-453.164306641, 58.0230255127, 563.180664062, 845.234558105, 154.824768066, -178.694000244, 59.9475746155, -47.9330978394, 111.05368042, -20.9533023834, 67.7979354858, 33.0918426514, 112.977127075], [-1358.91040039, 539.079345703, 456.953948975, 154.824768066, 795.212341309, 72.3397979736, 118.831031799, -2.44184231758, 142.365646362, -70.8407363892, 24.3704681396, 31.134185791, 156.572006226], [141.066268921, -279.344940186, -8.2398815155, -178.694000244, 72.3397979736, 404.301330566, 70.4446258545, 48.7365188599, -33.0945091248, -11.5935134888, -61.5317001343, 22.1769428253, 22.724281311], [-431.397857666, 301.805023193, -84.9596405029, 59.9475746155, 118.831031799, 70.4446258545, 396.995025635, 27.2843780518, 74.2544174194, -4.75705718994, 68.8516082764, -10.2581672668, 77.5945129395], [372.175537109, -248.094360352, -103.347618103, -47.9330978394, -2.44184231758, 48.7365188599, 27.2843780518, 251.969177246, 53.8002738953, 14.3827152252, -41.6091651917, 21.2889404297, 0.305927813053], [-248.887115479, 281.886474609, 151.145904541, 111.05368042, 142.365646362, -33.0945091248, 74.2544174194, 53.8002738953, 246.921676636, 48.3416404724, 41.5526924133, -24.7742404938, 65.8679428101], [389.885070801, -37.0059814453, -6.55250358582, -20.9533023834, -70.8407363892, -11.5935134888, -4.75705718994, 14.3827152252, 48.3416404724, 167.808959961, 69.2765655518, 0.659257948399, -28.4929771423], [29.8434295654, 239.935943604, 84.919921875, 67.7979354858, 24.3704681396, -61.5317001343, 68.8516082764, -41.6091651917, 41.5526924133, 69.2765655518, 195.640869141, 54.949382782, 19.6054153442], [158.875686646, -65.1460876465, 57.8312950134, 33.0918426514, 31.134185791, 22.1769428253, -10.2581672668, 21.2889404297, -24.7742404938, 0.659257948399, 54.949382782, 137.526489258, 55.7618408203], [-432.542205811, 159.700317383, 215.631057739, 112.977127075, 156.572006226, 22.724281311, 77.5945129395, 0.305927813053, 65.8679428101, -28.4929771423, 19.6054153442, 55.7618408203, 152.50958252]], "icov": [[0.000195011321921, -0.000259089370957, 0.000260663742665, -0.000303334614728, 0.000292745506158, -0.000430293002864, 0.00043571574497, -0.000438581220806, 0.00021011136414, -0.00044679135317, 5.07872682647e-05, -0.000327197776642, 0.000162198077305], [-0.000259089370957, 0.00292482390068, -0.000545777496882, 0.0018066035118, -0.00157044164371, 0.00267456076108, -0.00202419469133, 0.00301209953614, -0.00250787218101, 0.00207370775752, -0.00208699842915, 0.00154499278869, -0.000952640082687], [0.000260663742665, -0.000545777496882, 0.000737504858989, -0.000722324301023, 0.000355163036147, -0.000878195045516, 0.000990743981674, -0.000716167036444, 0.000457875139546, -0.000774920918047, 1.73415337485e-05, -0.000302920147078, -0.000167275109561], [-0.000303334614728, 0.0018066035118, -0.000722324301023, 0.00290367938578, -0.00111892726272, 0.00260974746197, -0.00175166840199, 0.00224012183025, -0.00196031690575, 0.00170911848545, -0.00108067167457, 0.000720852985978, -0.00119389570318], [0.000292745506158, -0.00157044164371, 0.000355163036147, -0.00111892726272, 0.00280689937063, -0.00197740807198, 0.00121758342721, -0.0016345998738, 0.00045302536455, -0.00043236464262, 0.000740630319342, -0.000978687545285, -0.000415559014073], [-0.000430293002864, 0.00267456076108, -0.000878195045516, 0.00260974746197, -0.00197740807198, 0.00611739605665, -0.00320246699266, 0.00281585357152, -0.00177394715138, 0.0014562777942, 1.65454275702e-05, 0.000396165181883, -0.00107910169754], [0.00043571574497, -0.00202419469133, 0.000990743981674, -0.00175166840199, 0.00121758342721, -0.00320246699266, 0.00569434650242, -0.00322590209544, 0.00184821896255, -0.00114234327339, -0.00144229305442, 0.00131967267953, -0.00172011065297], [-0.000438581220806, 0.00301209953614, -0.000716167036444, 0.00224012183025, -0.0016345998738, 0.00281585357152, -0.00322590209544, 0.00866435468197, -0.0048544742167, 0.00185091374442, 0.000675576506183, -0.00141105416697, 0.00070909265196], [0.00021011136414, -0.00250787218101, 0.000457875139546, -0.00196031690575, 0.00045302536455, -0.00177394715138, 0.00184821896255, -0.0048544742167, 0.00962135381997, -0.00409552222118, 0.000136503193062, 0.00287384120747, -0.00309342122637], [-0.00044679135317, 0.00207370775752, -0.000774920918047, 0.00170911848545, -0.00043236464262, 0.0014562777942, -0.00114234327339, 0.00185091374442, -0.00409552222118, 0.0107405791059, -0.00492874998599, 0.00168351305183, 0.000988813932054], [5.07872682647e-05, -0.00208699842915, 1.73415337485e-05, -0.00108067167457, 0.000740630319342, 1.65454275702e-05, -0.00144229305442, 0.000675576506183, 0.000136503193062, -0.00492874998599, 0.0120202712715, -0.0072258412838, 0.00319206831045], [-0.000327197776642, 0.00154499278869, -0.000302920147078, 0.000720852985978, -0.000978687545285, 0.000396165181883, 0.00131967267953, -0.00141105416697, 0.00287384120747, 0.00168351305183, -0.0072258412838, 0.0154601735994, -0.00802485086024], [0.000162198077305, -0.000952640082687, -0.000167275109561, -0.00119389570318, -0.000415559014073, -0.00107910169754, -0.00172011065297, 0.00070909265196, -0.00309342122637, 0.000988813932054, 0.00319206831045, -0.00802485086024, 0.0146411657333]]}, "melbands": {"dmean": [0.00652615027502, 0.00273729395121, 0.000958112941589, 0.000701532815583, 0.000439520779764, 0.000432247266872, 0.000414007226937, 0.000210217447602, 0.000136443413794, 0.000143855635542, 7.3497336416e-05, 5.60461194254e-05, 3.0700564821e-05, 2.42219248321e-05, 1.67712769326e-05, 2.16031403397e-05, 8.35211722006e-06, 6.85707436787e-06, 2.73169689535e-06, 4.69292035632e-06, 3.06423589791e-06, 2.38186430579e-06, 2.54425754065e-06, 2.90239972855e-06, 1.61542732258e-06, 1.31666809011e-06, 1.25379688143e-06, 8.97279164747e-07, 1.11936105895e-06, 8.72258851814e-07, 8.00168209025e-07, 5.47064644252e-07, 6.0363800003e-07, 5.77239632094e-07, 5.81239532949e-07, 5.95706694639e-07, 4.96775953707e-07, 6.00725400091e-07, 5.9784269979e-07, 5.84783890645e-07], "dmean2": [0.00931284762919, 0.00414415914565, 0.00160354899708, 0.00114270101767, 0.000767742632888, 0.000657161930576, 0.000631515926216, 0.000305665424094, 0.000188565652934, 0.000192617473658, 0.000106895990029, 8.34146994748e-05, 4.72054125567e-05, 3.74811934307e-05, 2.62925714196e-05, 3.40382139257e-05, 1.3819938431e-05, 1.09693173727e-05, 4.4886314754e-06, 7.59622434998e-06, 4.9655368457e-06, 3.86415877074e-06, 4.19895150117e-06, 4.78028414364e-06, 2.76091054729e-06, 2.2387532681e-06, 2.0845391191e-06, 1.45463434365e-06, 1.79641176601e-06, 1.3935291463e-06, 1.25084386582e-06, 8.82515053036e-07, 9.69985080701e-07, 8.48051683988e-07, 8.6321068693e-07, 7.6645488889e-07, 7.43697228245e-07, 9.54198071668e-07, 9.82130586635e-07, 1.02252965917e-06], "dvar": [0.000166686644661, 2.56173934758e-05, 3.78316758542e-06, 7.92779337644e-06, 3.94967992179e-06, 7.42048371194e-07, 7.33200636205e-07, 2.59629189259e-07, 5.32947730392e-08, 5.94814828503e-08, 2.51175027444e-08, 2.34894699247e-08, 8.0566913141e-09, 3.18430593005e-09, 1.19234955243e-09, 2.14886219929e-09, 4.29376506572e-10, 3.23594789853e-10, 4.35830121992e-11, 1.73525943614e-10, 6.78522099617e-11, 3.10549988503e-11, 3.55839628596e-11, 8.78195224874e-11, 7.78018188069e-12, 5.12772506747e-12, 4.82930882784e-12, 2.45635282947e-12, 6.73985867117e-12, 3.08750290959e-12, 3.85739747435e-12, 1.92353208014e-12, 2.80071148565e-12, 2.66770915254e-12, 3.18450040643e-12, 3.55487471057e-12, 1.90571104904e-12, 3.00631329726e-12, 3.03189569804e-12, 3.23598764972e-12], "dvar2": [0.000335842225468, 6.22801526333e-05, 1.02731473817e-05, 1.92826555576e-05, 1.10981964099e-05, 1.79327321348e-06, 1.59678575073e-06, 5.51933567294e-07, 1.00269815562e-07, 1.00037219397e-07, 4.67541561022e-08, 4.70150212095e-08, 1.84841493223e-08, 7.46006101338e-09, 2.7565805194e-09, 4.98382490832e-09, 1.06631581342e-09, 7.56172735539e-10, 1.10390398211e-10, 4.37712338597e-10, 1.66839042581e-10, 7.4215217305e-11, 8.78693437456e-11, 2.25567467482e-10, 2.19597274392e-11, 1.40221775163e-11, 1.27144128559e-11, 6.12279931617e-12, 1.63624998967e-11, 7.48225179731e-12, 9.30876035976e-12, 4.28155948196e-12, 7.09365509041e-12, 5.10793620942e-12, 6.13663763901e-12, 5.2332621743e-12, 3.46417621151e-12, 6.5957170281e-12, 7.19178102487e-12, 8.5746826306e-12], "max": [0.154791787267, 0.0788354203105, 0.0280098728836, 0.042004507035, 0.0267490912229, 0.0145887043327, 0.0224756523967, 0.0105481948704, 0.00469439895824, 0.00401025917381, 0.00399407045916, 0.0029176576063, 0.00224728183821, 0.00122221594211, 0.000918436853681, 0.000936650088988, 0.000569386582356, 0.000542561581824, 0.000158410475706, 0.000371776637621, 0.000293725228403, 0.000170114668435, 0.000133763955091, 0.000230173143791, 5.90958916291e-05, 4.00136923417e-05, 5.2203067753e-05, 2.51757192018e-05, 8.82276362972e-05, 3.66504973499e-05, 5.53736936126e-05, 2.01278962777e-05, 2.67433206318e-05, 2.61787445197e-05, 4.00145218009e-05, 3.39859179803e-05, 2.37255517277e-05, 2.16125972656e-05, 2.0841442165e-05, 2.30477035075e-05], "mean": [0.0159229710698, 0.00570733146742, 0.00168338790536, 0.000711721368134, 0.000425132951932, 0.000781918584835, 0.000771565944888, 0.000419071147917, 0.000312264251988, 0.000331378832925, 0.000175083667273, 0.000110815322842, 6.71298694215e-05, 6.30790091236e-05, 4.8450910981e-05, 5.32526464667e-05, 1.69046379597e-05, 1.41785603773e-05, 4.84184329252e-06, 8.17703676148e-06, 5.6743915593e-06, 4.84546990265e-06, 5.36811648999e-06, 5.15135388923e-06, 3.23123117596e-06, 2.70279565484e-06, 2.86069598587e-06, 2.16431294575e-06, 2.2520184757e-06, 1.80416918738e-06, 1.72024761014e-06, 1.14086640224e-06, 1.11599160846e-06, 1.15784348509e-06, 1.16042599529e-06, 1.14968827347e-06, 9.69357984104e-07, 9.6372571079e-07, 8.19091269477e-07, 6.21913670784e-07], "median": [0.00460353773087, 0.0021315831691, 0.000969699933194, 0.000134116431582, 0.000122956742416, 0.000314124510624, 0.000245490809903, 9.47834778344e-05, 0.000138828690979, 0.000154070439748, 6.83195758029e-05, 1.29534946609e-05, 5.2489058362e-06, 7.06125047145e-06, 8.981947758e-06, 8.69570249051e-06, 3.41021359418e-06, 2.05984542845e-06, 1.57068473072e-06, 2.12024087887e-06, 1.82113717528e-06, 1.56814166985e-06, 1.70204532424e-06, 1.7869003841e-06, 1.85076839898e-06, 1.47209561874e-06, 1.61564355494e-06, 1.01043656286e-06, 9.34272975428e-07, 6.39843847239e-07, 5.33166712557e-07, 2.9342024277e-07, 2.11025053432e-07, 1.26852498283e-07, 8.53447588156e-08, 5.85343329362e-08, 3.82991807157e-08, 3.20976596413e-08, 1.39932883059e-08, 1.09601234755e-08], "min": [1.36812194124e-23, 8.15762008722e-24, 2.1162546679e-24, 2.89925137837e-24, 2.7604254669e-24, 2.35133758424e-24, 2.82880905776e-24, 4.62379657213e-24, 6.19810143157e-24, 1.52715014662e-23, 9.58214510987e-24, 6.76002519816e-24, 6.0651649584e-24, 1.34958812759e-23, 1.97411368681e-23, 1.32854668289e-23, 2.41731215167e-23, 2.07773435324e-23, 9.72313427516e-24, 9.97591844135e-24, 6.56243841836e-24, 7.72480208524e-24, 8.8531256152e-24, 9.02654800774e-24, 3.14362983718e-24, 8.88601638178e-24, 1.75351031238e-23, 8.06727579205e-24, 9.97945569364e-24, 7.0905587063e-24, 9.16656845183e-24, 9.09850158863e-24, 1.16673206303e-23, 9.14666391347e-24, 1.53542608638e-23, 1.16148850459e-23, 1.56170020323e-23, 1.86642218256e-23, 8.95409350018e-24, 8.99885267908e-24], "var": [0.000607547583058, 7.20052339602e-05, 5.12744645675e-06, 7.01646104062e-06, 2.55055419984e-06, 1.539309892e-06, 1.78755544766e-06, 7.61880414757e-07, 2.07440294275e-07, 2.29086509762e-07, 8.98689336282e-08, 6.83907614984e-08, 2.82700742815e-08, 1.61367257334e-08, 8.07972000416e-09, 1.03226822645e-08, 2.13519268932e-09, 1.48851553305e-09, 1.17741413841e-10, 3.92272436756e-10, 1.2725848153e-10, 9.63093910178e-11, 1.1852144266e-10, 1.7746210057e-10, 1.82133474969e-11, 1.31621788121e-11, 1.45855064138e-11, 8.8276755697e-12, 1.42441848247e-11, 8.65441052156e-12, 1.02000265872e-11, 5.87281525494e-12, 7.60275696565e-12, 1.03411732302e-11, 1.24938505722e-11, 1.40278509295e-11, 8.48936893005e-12, 8.57764814038e-12, 6.29410933095e-12, 3.46351506503e-12]}, "mfcc": {"mean": [-713.834655762, 160.161270142, 30.0403938293, 38.9108657837, -4.29414367676, 7.24318170547, 5.95307731628, 7.59288549423, 5.37513637543, 10.0110750198, 9.06565475464, 8.19454669952, -0.229467242956], "cov": [[13687.2724609, -1513.51831055, -2841.0949707, -1223.2791748, -1427.84631348, -688.803039551, -426.348083496, -189.853271484, -424.925323486, -112.309181213, 85.1005020142, 375.181304932, 117.63860321], [-1513.51831055, 1846.64575195, 54.6570358276, 250.341583252, 236.800292969, 172.347106934, 72.1343917847, 0.257420480251, 43.5816230774, 13.4288578033, 59.539604187, 73.417755127, 132.550247192], [-2841.0949707, 54.6570358276, 2211.99389648, 557.534545898, 441.707611084, 136.893737793, 13.9893732071, -69.1052246094, 10.4901504517, 36.965927124, -10.8714895248, -38.2830467224, 70.0065231323], [-1223.2791748, 250.341583252, 557.534545898, 1004.16125488, 264.565124512, 65.3500442505, -28.2738246918, -13.5579748154, 28.3601093292, 5.04021787643, 3.5324242115, 44.1552734375, 99.3645477295], [-1427.84631348, 236.800292969, 441.707611084, 264.565124512, 716.793395996, 165.561279297, 10.7593345642, 71.0266876221, 121.882225037, 10.0752019882, -33.1179084778, -61.9444046021, 26.0948944092], [-688.803039551, 172.347106934, 136.893737793, 65.3500442505, 165.561279297, 347.202819824, 133.037597656, 57.3211669922, 66.1973800659, 29.6941642761, -1.72630143166, -34.0385284424, -14.4456386566], [-426.348083496, 72.1343917847, 13.9893732071, -28.2738246918, 10.7593345642, 133.037597656, 249.729125977, 113.441047668, 37.2477607727, 10.8246908188, -2.38220262527, -9.89003753662, 5.10036325455], [-189.853271484, 0.257420480251, -69.1052246094, -13.5579748154, 71.0266876221, 57.3211669922, 113.441047668, 228.547668457, 126.820602417, 26.7800064087, -25.5849914551, -32.3939056396, 2.25451660156], [-424.925323486, 43.5816230774, 10.4901504517, 28.3601093292, 121.882225037, 66.1973800659, 37.2477607727, 126.820602417, 243.349029541, 114.654800415, 11.6129760742, -47.6412620544, -47.3167991638], [-112.309181213, 13.4288578033, 36.965927124, 5.04021787643, 10.0752019882, 29.6941642761, 10.8246908188, 26.7800064087, 114.654800415, 181.885742188, 82.31224823, -10.1755580902, -41.5919914246], [85.1005020142, 59.539604187, -10.8714895248, 3.5324242115, -33.1179084778, -1.72630143166, -2.38220262527, -25.5849914551, 11.6129760742, 82.31224823, 144.257949829, 71.109954834, 1.86740839481], [375.181304932, 73.417755127, -38.2830467224, 44.1552734375, -61.9444046021, -34.0385284424, -9.89003753662, -32.3939056396, -47.6412620544, -10.1755580902, 71.109954834, 168.21206665, 100.865180969], [117.63860321, 132.550247192, 70.0065231323, 99.3645477295, 26.0948944092, -14.4456386566, 5.10036325455, 2.25451660156, -47.3167991638, -41.5919914246, 1.86740839481, 100.865180969, 182.746704102]], "icov": [[0.000150881955051, 0.000100357399788, 0.00014916335931, 7.19844683772e-05, 0.000117549519928, -4.45758269052e-06, 0.000236132371356, -7.44801945984e-05, 0.000164946119185, -0.00014268263476, 7.76824017521e-05, -0.000224902585614, -0.000155435307533], [0.000100357399788, 0.000716087059118, 0.000178400703589, -4.94922969665e-05, -7.29664097889e-05, -0.000230137462495, -1.40237070809e-05, 0.000250590703217, -0.000122830140754, 5.24276365468e-05, -0.000315550598316, -2.35060342675e-05, -0.000639573147055], [0.00014916335931, 0.000178400703589, 0.000761970470194, -0.000189734535525, -0.000193426647456, -5.20591929671e-05, 1.43286742968e-05, 0.000336168945068, 0.000269146665232, -0.000415732036345, 9.18145960895e-05, 9.15107011679e-05, -0.000471568928333], [7.19844683772e-05, -4.94922969665e-05, -0.000189734535525, 0.00133672822267, -0.00019834304112, -9.14027477847e-05, 0.000364517822163, 6.00525982009e-06, -8.02223876235e-05, -0.000105278690171, 0.000173608146724, -0.000425341801019, -0.000465467543108], [0.000117549519928, -7.29664097889e-05, -0.000193426647456, -0.00019834304112, 0.00229172711261, -0.000823543115985, 0.000885424844455, -0.00040869860095, -0.00091654213611, 0.000731854524929, -0.000323679414578, 0.000809960882179, -0.000767301185988], [-4.45758269052e-06, -0.000230137462495, -5.20591929671e-05, -9.14027477847e-05, -0.000823543115985, 0.00441278098151, -0.00249911751598, 0.000702141143847, -0.000495394284371, -0.000205665288377, 7.52477135393e-05, 0.000241384797846, 0.000457861198811], [0.000236132371356, -1.40237070809e-05, 1.43286742968e-05, 0.000364517822163, 0.000885424844455, -0.00249911751598, 0.00732493260875, -0.00400801189244, 0.00160519324709, -0.000309974537231, -0.000295380741591, -0.000429568928666, -0.00023930662428], [-7.44801945984e-05, 0.000250590703217, 0.000336168945068, 6.00525982009e-06, -0.00040869860095, 0.000702141143847, -0.00400801189244, 0.00933827832341, -0.00519496807829, 0.00126966659445, 0.000631869013887, 0.00112790230196, -0.00184044544585], [0.000164946119185, -0.000122830140754, 0.000269146665232, -8.02223876235e-05, -0.00091654213611, -0.000495394284371, 0.00160519324709, -0.00519496807829, 0.0105421142653, -0.006373164244, 0.00209833797999, -0.000952684204094, 0.00181788741611], [-0.00014268263476, 5.24276365468e-05, -0.000415732036345, -0.000105278690171, 0.000731854524929, -0.000205665288377, -0.000309974537231, 0.00126966659445, -0.006373164244, 0.0131765147671, -0.00820186547935, 0.00328438542783, -0.000237671323703], [7.76824017521e-05, -0.000315550598316, 9.18145960895e-05, 0.000173608146724, -0.000323679414578, 7.52477135393e-05, -0.000295380741591, 0.000631869013887, 0.00209833797999, -0.00820186547935, 0.0158024597913, -0.00868826080114, 0.0034124457743], [-0.000224902585614, -2.35060342675e-05, 9.15107011679e-05, -0.000425341801019, 0.000809960882179, 0.000241384797846, -0.000429568928666, 0.00112790230196, -0.000952684204094, 0.00328438542783, -0.00868826080114, 0.0152769107372, -0.00758277950808], [-0.000155435307533, -0.000639573147055, -0.000471568928333, -0.000465467543108, -0.000767301185988, 0.000457861198811, -0.00023930662428, -0.00184044544585, 0.00181788741611, -0.000237671323703, 0.0034124457743, -0.00758277950808, 0.0112118497491]]}, "spectral_contrast_coeffs": {"dmean": [0.0502848476171, 0.0507856830955, 0.0427240282297, 0.0322627611458, 0.0226429477334, 0.0231653433293], "dmean2": [0.0826631337404, 0.0822239518166, 0.0681453123689, 0.0527276173234, 0.0372809357941, 0.035860594362], "dvar": [0.00178193405736, 0.00174932274967, 0.00134684203658, 0.000780706177466, 0.00041837853496, 0.000762441544794], "dvar2": [0.00465372763574, 0.00450506340712, 0.00319408858195, 0.00195719837211, 0.00107825989835, 0.00130778970197], "max": [-0.299527645111, -0.31863874197, -0.314615607262, -0.508540987968, -0.622685730457, -0.476221650839], "mean": [-0.647485136986, -0.678383409977, -0.682964026928, -0.761832773685, -0.78925538063, -0.760746479034], "median": [-0.65420538187, -0.688603758812, -0.68599241972, -0.759775042534, -0.785219550133, -0.752028465271], "min": [-0.971602857113, -0.957503080368, -0.957738995552, -0.967679023743, -0.961755931377, -0.958371520042], "var": [0.00879006646574, 0.0093169696629, 0.010725852102, 0.00512941647321, 0.00213540601544, 0.00462804827839]}, "spectral_contrast_valleys": {"dmean": [0.425046890974, 0.390352338552, 0.361259698868, 0.340063005686, 0.223612859845, 0.343205869198], "dmean2": [0.692560732365, 0.636207163334, 0.596860468388, 0.558422803879, 0.358599871397, 0.477944076061], "dvar": [0.184710919857, 0.136218041182, 0.125428020954, 0.142626717687, 0.068107701838, 0.258300542831], "dvar2": [0.412597537041, 0.329916298389, 0.29961669445, 0.341806381941,