{"lowlevel": {"average_loudness": 0.944620847702, "barkbands_crest": {"dmean": 2.87817668915, "dmean2": 4.61109209061, "dvar": 8.65008544922, "dvar2": 21.4302005768, "max": 25.9779605865, "mean": 16.3676643372, "median": 16.2522068024, "min": 4.36334943771, "var": 15.7676439285}, "barkbands_flatness_db": {"dmean": 0.0515646934509, "dmean2": 0.0759044736624, "dvar": 0.00375212938525, "dvar2": 0.0086317025125, "max": 0.525694787502, "mean": 0.324163258076, "median": 0.330884665251, "min": 0.0365720205009, "var": 0.00842654705048}, "barkbands_kurtosis": {"dmean": 14.6885919571, "dmean2": 24.2247581482, "dvar": 349.815185547, "dvar2": 933.921813965, "max": 205.372039795, "mean": 29.2062358856, "median": 23.7042827606, "min": -0.762703895569, "var": 519.808410645}, "barkbands_skewness": {"dmean": 1.08730709553, "dmean2": 1.77415645123, "dvar": 1.34078085423, "dvar2": 3.68383288383, "max": 10.7323102951, "mean": 4.13064479828, "median": 4.01151990891, "min": -2.17263674736, "var": 2.48263096809}, "barkbands_spread": {"dmean": 2.31676268578, "dmean2": 3.8194103241, "dvar": 18.1981391907, "dvar2": 47.9207229614, "max": 55.971622467, "mean": 4.23297452927, "median": 2.52702760696, "min": 0.434933036566, "var": 33.9074478149}, "dissonance": {"dmean": 0.0469522923231, "dmean2": 0.0778588056564, "dvar": 0.00158898124937, "dvar2": 0.00403536297381, "max": 0.497309952974, "mean": 0.37852114439, "median": 0.38490062952, "min": 0.183197721839, "var": 0.00367224426009}, "dynamic_complexity": 5.81800317764, "erbbands_crest": {"dmean": 3.18294858932, "dmean2": 4.96642637253, "dvar": 9.44329166412, "dvar2": 23.5438632965, "max": 25.8914260864, "mean": 13.2701892853, "median": 12.7000150681, "min": 3.59732460976, "var": 22.8469619751}, "erbbands_flatness_db": {"dmean": 0.0367771871388, "dmean2": 0.0554803721607, "dvar": 0.0019582407549, "dvar2": 0.00442626420408, "max": 0.364589631557, "mean": 0.219935238361, "median": 0.22054938972, "min": 0.0633359774947, "var": 0.00324126123451}, "erbbands_kurtosis": {"dmean": 1.69339442253, "dmean2": 2.45166039467, "dvar": 8.20976543427, "dvar2": 16.6677017212, "max": 45.139251709, "mean": 1.72930979729, "median": -0.184316396713, "min": -1.7918459177, "var": 32.9029197693}, "erbbands_skewness": {"dmean": 0.471574097872, "dmean2": 0.694840848446, "dvar": 0.191804796457, "dvar2": 0.452936917543, "max": 5.1711730957, "mean": 0.773677349091, "median": 0.513075232506, "min": -1.23584282398, "var": 1.16630005836}, "erbbands_spread": {"dmean": 9.6706495285, "dmean2": 16.5229129791, "dvar": 186.210647583, "dvar2": 527.205688477, "max": 100.007026672, "mean": 29.2802181244, "median": 26.5401592255, "min": 3.35139942169, "var": 200.341064453}, "hfc": {"dmean": 5.82281923294, "dmean2": 9.64884567261, "dvar": 104.090118408, "dvar2": 281.56817627, "max": 81.5063247681, "mean": 14.6707839966, "median": 11.3352527618, "min": 2.15052212149e-11, "var": 159.032043457}, "melbands_crest": {"dmean": 3.07907295227, "dmean2": 5.01292705536, "dvar": 8.13624858856, "dvar2": 20.6568775177, "max": 33.1166877747, "mean": 21.2948513031, "median": 21.4273338318, "min": 3.46617031097, "var": 18.5092144012}, "melbands_flatness_db": {"dmean": 0.0571280568838, "dmean2": 0.0847034826875, "dvar": 0.00502711068839, "dvar2": 0.0116824936122, "max": 0.690669834614, "mean": 0.454467236996, "median": 0.468291193247, "min": 0.0183471497148, "var": 0.0131586482748}, "melbands_kurtosis": {"dmean": 22.1457557678, "dmean2": 37.3332862854, "dvar": 1129.73498535, "dvar2": 3126.32055664, "max": 424.945861816, "mean": 46.730670929, "median": 39.794670105, "min": -1.4099650383, "var": 1431.62451172}, "melbands_skewness": {"dmean": 1.09126496315, "dmean2": 1.8088644743, "dvar": 1.58264422417, "dvar2": 4.56567239761, "max": 15.1700210571, "mean": 4.92360401154, "median": 5.04839468002, "min": -0.959547042847, "var": 3.53577756882}, "melbands_spread": {"dmean": 1.64149999619, "dmean2": 2.5210211277, "dvar": 21.8076248169, "dvar2": 27.3022022247, "max": 183.423065186, "mean": 3.6493563652, "median": 2.15129852295, "min": 0.453464984894, "var": 37.0586242676}, "pitch_salience": {"dmean": 0.0834828093648, "dmean2": 0.136865347624, "dvar": 0.00781710352749, "dvar2": 0.0201694946736, "max": 0.954644978046, "mean": 0.390875428915, "median": 0.391508221626, "min": 0.0755110681057, "var": 0.0133170271292}, "silence_rate_20dB": {"dmean": 0.0330578498542, "dmean2": 0.066154755652, "dvar": 0.0319640673697, "dvar2": 0.0735932514071, "max": 1, "mean": 0.968731582165, "median": 1, "min": 0, "var": 0.0302904490381}, "silence_rate_30dB": {"dmean": 0.135773316026, "dmean2": 0.271707028151, "dvar": 0.117337599397, "dvar2": 0.227412953973, "max": 1, "mean": 0.502064883709, "median": 1, "min": 0, "var": 0.249994397163}, "silence_rate_60dB": {"dmean": 0.00236127502285, "dmean2": 0.00413467222825, "dvar": 0.0023557136301, "dvar2": 0.00411755824462, "max": 1, "mean": 0.110914453864, "median": 0, "min": 0, "var": 0.0986124873161}, "spectral_centroid": {"dmean": 120.833236694, "dmean2": 190.452407837, "dvar": 54792.0742188, "dvar2": 141775.046875, "max": 3872.83276367, "mean": 378.902801514, "median": 303.132232666, "min": 122.351280212, "var": 78385.9921875}, "spectral_complexity": {"dmean": 2.08500599861, "dmean2": 3.6302421093, "dvar": 14.1357212067, "dvar2": 40.5402793884, "max": 35, "mean": 7.89439535141, "median": 8, "min": 0, "var": 18.5594348907}, "spectral_decrease": {"dmean": 1.21709780032e-08, "dmean2": 1.9045410582e-08, "dvar": 3.9382987465e-16, "dvar2": 9.46120237853e-16, "max": -5.60055546751e-24, "mean": -3.15577430854e-08, "median": -2.62273864848e-08, "min": -2.24940137628e-07, "var": 7.04245109325e-16}, "spectral_energy": {"dmean": 0.0462901629508, "dmean2": 0.0723685026169, "dvar": 0.00566765107214, "dvar2": 0.0136301517487, "max": 0.856365561485, "mean": 0.120436653495, "median": 0.100037552416, "min": 1.97172371814e-15, "var": 0.0102087026462}, "spectral_energyband_high": {"dmean": 0.000278110732324, "dmean2": 0.00053576665232, "dvar": 8.38907453726e-07, "dvar2": 2.42181522481e-06, "max": 0.00528625352308, "mean": 0.000158815120813, "median": 6.32529008726e-06, "min": 1.53759646278e-15, "var": 4.56211012079e-07}, "spectral_energyband_low": {"dmean": 0.0466948449612, "dmean2": 0.0745659247041, "dvar": 0.00616833101958, "dvar2": 0.0150820603594, "max": 0.841990172863, "mean": 0.11171041429, "median": 0.0899740979075, "min": 4.60865597343e-17, "var": 0.00976345967501}, "spectral_energyband_middle_high": {"dmean": 0.000967109168414, "dmean2": 0.00138590461574, "dvar": 2.48349670073e-06, "dvar2": 5.80319510846e-06, "max": 0.0115171233192, "mean": 0.0019021857297, "median": 0.00111036445014, "min": 2.29094804252e-16, "var": 4.57428268419e-06}, "spectral_energyband_middle_low": {"dmean": 0.00530996639282, "dmean2": 0.0092385020107, "dvar": 0.000146339269122, "dvar2": 0.000412972643971, "max": 0.108151264489, "mean": 0.00978221651167, "median": 0.00760105066001, "min": 5.32912069167e-17, "var": 0.000111157671199}, "spectral_entropy": {"dmean": 0.403355509043, "dmean2": 0.648216664791, "dvar": 0.346685230732, "dvar2": 0.844574213028, "max": 9.00961017609, "mean": 6.26017522812, "median": 6.24234437943, "min": 4.60487651825, "var": 0.557330787182}, "spectral_flux": {"dmean": 0.0612759515643, "dmean2": 0.0967466533184, "dvar": 0.00462184334174, "dvar2": 0.00984205212444, "max": 0.631295681, "mean": 0.121534004807, "median": 0.0882284641266, "min": 1.10384044092e-05, "var": 0.0107041681185}, "spectral_kurtosis": {"dmean": 12.0691366196, "dmean2": 18.8788795471, "dvar": 221.430877686, "dvar2": 466.689147949, "max": 140.367248535, "mean": 24.7141933441, "median": 18.0641269684, "min": 0.622820615768, "var": 500.618225098}, "spectral_rms": {"dmean": 0.00183413655031, "dmean2": 0.00276038562879, "dvar": 5.39508482689e-06, "dvar2": 1.21952871268e-05, "max": 0.0289046466351, "mean": 0.00972538720816, "median": 0.00987915042788, "min": 1.38695088747e-09, "var": 2.29162196774e-05}, "spectral_rolloff": {"dmean": 96.5304946899, "dmean2": 156.455657959, "dvar": 280931.3125, "dvar2": 481226.125, "max": 17958.6914062, "mean": 250.281860352, "median": 129.19921875, "min": 64.599609375, "var": 464448.125}, "spectral_skewness": {"dmean": 0.933544397354, "dmean2": 1.4895349741, "dvar": 1.0278506279, "dvar2": 2.44570350647, "max": 9.26129436493, "mean": 3.52501988411, "median": 3.23200201988, "min": 0.786811232567, "var": 2.61652469635}, "spectral_spread": {"dmean": 1199067, "dmean2": 1947327.625, "dvar": 3558471106560.0, "dvar2": 8544058867710.0, "max": 11679969, "mean": 3261827.75, "median": 2389988.25, "min": 750899.25, "var": 4962740862980.0}, "spectral_strongpeak": {"dmean": 0.304102957249, "dmean2": 0.510481059551, "dvar": 0.135602936149, "dvar2": 0.306615322828, "max": 2.66279602051, "mean": 0.705554008484, "median": 0.534809827805, "min": 0, "var": 0.31107249856}, "zerocrossingrate": {"dmean": 0.00437983078882, "dmean2": 0.00583341810852, "dvar": 8.5280793428e-05, "dvar2": 0.000109679480374, "max": 0.4990234375, "mean": 0.0158655401319, "median": 0.0087890625, "min": 0.00244140625, "var": 0.000818967877422}, "barkbands": {"dmean": [0.0020291977562, 0.0393956415355, 0.0129081699997, 0.00260658329353, 0.00240476289764, 0.000289762887405, 0.000417891074903, 0.000597886741161, 0.000284926354652, 0.000812295475043, 4.56669913547e-05, 0.000103720820334, 4.63928117824e-05, 3.3691405406e-05, 3.66726999346e-05, 4.07081388403e-05, 3.2516909414e-05, 3.0848026654e-05, 3.57208336936e-05, 4.27883860539e-05, 5.30336474185e-05, 7.01138997101e-05, 4.14449277741e-05, 3.03741435346e-05, 4.64047843707e-05, 1.49579873323e-05, 4.98203553434e-06], "dmean2": [0.00317127234302, 0.0625745952129, 0.0205492600799, 0.00443068752065, 0.0043919836171, 0.000453424087027, 0.00067265634425, 0.000947672931943, 0.000435522786574, 0.00111687113531, 8.70593794389e-05, 0.000179571754416, 8.34548554849e-05, 5.80004416406e-05, 6.38687270111e-05, 6.66512205498e-05, 5.91519346926e-05, 5.60678090551e-05, 6.83752441546e-05, 8.22814108687e-05, 0.000103017737274, 0.000136416289024, 8.00122506917e-05, 5.82027823839e-05, 8.87907735887e-05, 2.80857202597e-05, 9.07983576326e-06], "dvar": [5.61671959076e-06, 0.00498617254198, 0.000625690910965, 2.30723617278e-05, 5.09949531988e-05, 2.61589008232e-07, 6.29920577921e-07, 8.90916680873e-07, 4.30871523349e-07, 1.59683088441e-06, 1.1677853351e-08, 4.09805913648e-08, 1.16781793125e-08, 4.38652358881e-09, 4.25136903459e-09, 4.22527568489e-09, 6.83267176171e-09, 6.53127152361e-09, 1.51367061108e-08, 2.37725430452e-08, 3.91088263996e-08, 6.88721399911e-08, 2.00556655727e-08, 8.18269363378e-09, 1.46418184244e-08, 1.55496104881e-09, 1.9763100878e-10], "dvar2": [1.22564706544e-05, 0.0122638801113, 0.00151040917262, 6.53296228847e-05, 0.000146981197759, 6.98741757788e-07, 1.48255560362e-06, 2.07333118851e-06, 9.12905591122e-07, 3.25960922964e-06, 3.31619460781e-08, 1.14701805387e-07, 3.2998308086e-08, 1.18615579581e-08, 1.16460165955e-08, 1.0359292979e-08, 1.98972962551e-08, 1.90916331633e-08, 4.43784280435e-08, 6.95118629324e-08, 1.14126287087e-07, 2.00771609116e-07, 5.8043816864e-08, 2.34380639341e-08, 4.14330081355e-08, 4.37616387572e-09, 5.51042877994e-10], "max": [0.0230714082718, 0.657189488411, 0.369084626436, 0.0476127937436, 0.0625346004963, 0.00361785874702, 0.00898518133909, 0.00946296192706, 0.005959414877, 0.0104335388169, 0.000646511092782, 0.00171923986636, 0.000747706915718, 0.000520605128258, 0.00080685201101, 0.000639833684545, 0.000478936068248, 0.000531864585355, 0.00075595814269, 0.000891020637937, 0.00119232269935, 0.00153068872169, 0.00082605634816, 0.000517367618158, 0.000647973385639, 0.000209906283999, 8.3932231064e-05], "mean": [0.00312642683275, 0.0680047273636, 0.0374690406024, 0.00470507983118, 0.00282455189154, 0.000399928248953, 0.000557227001991, 0.00083224644186, 0.000440082018031, 0.00148618407547, 3.79193152185e-05, 0.000116057221021, 4.43820972578e-05, 3.94833441533e-05, 4.43677163275e-05, 5.39961911272e-05, 3.09771821776e-05, 2.73143705272e-05, 2.39274304477e-05, 2.60272754531e-05, 3.001942423e-05, 3.85075400118e-05, 2.31753656408e-05, 1.74105043698e-05, 2.61968070845e-05, 8.71449628903e-06, 3.10116024593e-06], "median": [0.00208648666739, 0.047394476831, 0.0180286560208, 0.00339664309286, 0.00157578312792, 0.000212017752347, 0.000189137848793, 0.000303008506307, 0.000139744151966, 0.000800034613349, 9.64074115473e-06, 3.79857192456e-05, 1.83075280802e-05, 1.41686823554e-05, 1.98409488803e-05, 2.23664283112e-05, 9.64368518908e-06, 7.77087188908e-06, 3.80686651624e-06, 1.99842952497e-06, 9.49749619394e-07, 5.24819768088e-07, 5.05421155594e-07, 5.61797094178e-07, 4.97273731526e-07, 2.62211756308e-07, 1.6362309907e-07], "min": [1.49723661339e-17, 2.11284378128e-17, 1.2160747799e-17, 1.00541818222e-17, 1.51343810374e-17, 4.1360424427e-18, 9.47579025457e-19, 4.15141848951e-18, 1.37897154065e-17, 1.85124873974e-17, 1.86927267441e-17, 2.18273045144e-17, 1.84917946472e-17, 7.7587043372e-18, 1.50295772538e-17, 2.38687597964e-17, 2.71619874993e-17, 3.66284641138e-17, 3.44421628891e-17, 2.81142742165e-17, 4.01723109988e-17, 6.47952742253e-17, 1.71824974394e-16, 2.06000728878e-16, 2.97352689609e-16, 2.61679605868e-16, 5.24103859575e-16], "var": [1.25358537844e-05, 0.00603269319981, 0.00181636400521, 2.45749979513e-05, 3.16172736348e-05, 2.79646371837e-07, 9.66650986811e-07, 1.50783750996e-06, 7.04744422819e-07, 3.27732368532e-06, 7.56553930614e-09, 4.03274178495e-08, 7.79107089954e-09, 4.59238336248e-09, 4.98908070412e-09, 7.00298041778e-09, 4.6388897168e-09, 4.07023925675e-09, 8.14914447034e-09, 1.2642003e-08, 2.07460004731e-08, 3.6492949107e-08, 1.08372830709e-08, 4.54966597729e-09, 8.29068635966e-09, 9.02717178786e-10, 1.19677712185e-10]}, "erbbands": {"dmean": [1.27206277847, 8.74694824219, 15.9113826752, 9.92542362213, 8.87099075317, 7.22585105896, 5.29642868042, 1.616309762, 5.51743221283, 5.46283245087, 14.5365152359, 4.86659908295, 9.48100948334, 29.2589359283, 3.26273846626, 3.65788435936, 2.14377856255, 1.53513991833, 2.46985888481, 1.07352519035, 2.69789648056, 1.72082173824, 1.83009803295, 1.3115645647, 2.26253724098, 1.99334824085, 2.29733395576, 1.92495155334, 2.90959334373, 1.54268074036, 1.12708187103, 0.690276861191, 0.521123111248, 0.627232134342, 0.260637164116, 0.0832686424255, 0.0252613499761, 0.00557254999876, 0.000792920589447, 7.5284675404e-05], "dmean2": [2.02317428589, 13.9116535187, 25.569688797, 15.5436325073, 15.9668445587, 13.2806377411, 9.09861469269, 2.57751059532, 8.55905246735, 9.6968460083, 22.6225471497, 7.57048368454, 13.5439414978, 40.1529693604, 5.31312704086, 6.47330713272, 3.86082863808, 2.72716760635, 4.2259478569, 1.81320428848, 4.41550302505, 3.1233830452, 3.30852365494, 2.47375631332, 4.35395526886, 3.82394766808, 4.44955253601, 3.74390649796, 5.66551685333, 2.98983693123, 2.17275643349, 1.32524180412, 0.998729884624, 1.20684921741, 0.494816958904, 0.156555876136, 0.0474725626409, 0.0104399183765, 0.00143066083547, 0.000124620331917], "dvar": [3.50898385048, 297.395019531, 965.502807617, 270.702667236, 545.937255859, 494.364532471, 166.266357422, 10.0404195786, 105.430618286, 161.838729858, 531.215270996, 87.7969055176, 252.562850952, 2000.9407959, 37.5284996033, 52.702999115, 27.2100315094, 9.98256492615, 16.7889232635, 4.14501190186, 19.1054534912, 21.6580085754, 22.5958824158, 17.9283390045, 64.59349823, 51.2221641541, 72.8097915649, 51.9817504883, 119.559265137, 30.5573139191, 14.8625917435, 4.4339723587, 2.24373054504, 2.62997055054, 0.485806107521, 0.0476618781686, 0.00467978231609, 0.000260588276433, 4.70750455861e-06, 1.55824917414e-08], "dvar2": [9.09747409821, 729.020019531, 2447.97827148, 636.897399902, 1564.96435547, 1431.70959473, 475.124084473, 25.1215438843, 222.267608643, 461.826171875, 1166.19104004, 206.69392395, 535.578308105, 3985.85498047, 103.705459595, 150.682250977, 77.1976242065, 28.1606140137, 45.7610092163, 11.440079689, 48.5513725281, 63.7984237671, 66.1218032837, 52.5988540649, 189.268066406, 149.929336548, 212.533950806, 151.668640137, 348.662078857, 88.8295440674, 42.9887466431, 12.7226743698, 6.41023540497, 7.45549106598, 1.37446546555, 0.13416621089, 0.0131656695157, 0.000736254500225, 1.30879634526e-05, 4.05490574451e-08], "max": [19.1148948669, 163.821182251, 438.778961182, 209.615936279, 240.733200073, 162.404083252, 91.2087936401, 33.8832740784, 139.859283447, 98.6369628906, 207.451339722, 83.5660858154, 136.150527954, 374.085510254, 50.7995910645, 48.9493560791, 37.3432197571, 19.9041919708, 48.386341095, 31.1857433319, 39.7710533142, 27.2549190521, 29.6261520386, 25.4514293671, 46.769908905, 41.8771858215, 51.6133232117, 43.5861816406, 64.2335968018, 32.307964325, 22.4805030823, 11.9562864304, 8.39439487457, 7.89294099808, 4.15921449661, 1.24059700966, 0.380355149508, 0.0979009047151, 0.0130948023871, 0.000996780465357], "mean": [2.03662776947, 15.1460933685, 42.522644043, 28.4691905975, 12.3415241241, 8.21966457367, 6.1323223114, 2.27446126938, 8.06728172302, 6.53536891937, 20.8713417053, 7.8146982193, 17.2529392242, 54.3237457275, 5.0275478363, 4.05403661728, 2.08406829834, 1.74371576309, 3.23672103882, 1.48512756824, 3.46831202507, 1.65290117264, 1.67821407318, 1.00482726097, 1.43718826771, 1.22791051865, 1.32889640331, 1.06667816639, 1.58628129959, 0.859515726566, 0.63213711977, 0.391905218363, 0.299914956093, 0.349333554506, 0.149269074202, 0.0486470907927, 0.014668581076, 0.00326805165969, 0.00055060070008, 0.000159125775099], "median": [1.4837385416, 9.83578300476, 23.9822692871, 18.146905899, 8.02869701385, 4.05551719666, 2.99861526489, 1.14657759666, 2.83315706253, 3.29759573936, 6.84748363495, 4.10330152512, 9.29063415527, 29.2257823944, 2.81631016731, 1.5358761549, 0.85293507576, 0.878064513206, 1.60958039761, 0.73735076189, 1.33168232441, 0.576362788677, 0.547306656837, 0.24365490675, 0.180281043053, 0.107906289399, 0.0492854453623, 0.0250216275454, 0.0174966622144, 0.0162767954171, 0.01489918679, 0.0128280455247, 0.00786967389286, 0.00496754422784, 0.00379313994199, 0.00162881438155, 0.000433938839706, 0.000104249069409, 9.20468373806e-05, 0.000119541160529], "min": [7.9343529639e-16, 4.18910901383e-15, 1.28079547022e-14, 2.65472780342e-14, 4.20152329811e-14, 5.15347652248e-14, 4.72051935843e-14, 2.87238189776e-14, 1.29925723094e-14, 3.52712549109e-14, 1.30779637337e-13, 3.01218414361e-13, 5.01378994745e-13, 6.77446109192e-13, 8.1103879038e-13, 8.95410048191e-13, 8.60425229329e-13, 5.42442772557e-13, 4.02625822222e-13, 1.36027831794e-12, 9.71271565779e-13, 1.71632510721e-12, 2.352450049e-12, 1.80421053531e-12, 1.19767867499e-12, 1.29156093372e-12, 1.29108507739e-12, 2.03797590782e-12, 2.10955753734e-12, 3.65612444833e-12, 4.38374770512e-12, 4.27467826761e-12, 4.01579464127e-12, 3.79352712437e-12, 1.74246446265e-12, 8.91359956765e-13, 4.40548205555e-13, 2.70466022625e-13, 8.52063035471e-14, 6.70072941496e-15], "var": [4.42543983459, 350.508880615, 2186.9387207, 861.33404541, 360.380187988, 307.387420654, 112.927391052, 12.3765935898, 200.717605591, 113.263549805, 1001.71850586, 120.693870544, 431.443756104, 4285.14990234, 41.7899780273, 46.0550575256, 17.7491016388, 7.5241765976, 20.6268825531, 4.80647563934, 29.6962127686, 13.1614580154, 14.2194633484, 9.772149086, 34.4963111877, 27.2774353027, 38.8393669128, 27.4878349304, 63.1914100647, 16.3487148285, 8.05118083954, 2.44603562355, 1.25785326958, 1.47657239437, 0.277022689581, 0.0276295151561, 0.00272043724544, 0.000150427600602, 2.92707727567e-06, 2.31436239062e-08]}, "gfcc": {"mean": [-124.250572205, 161.281600952, -59.1625976562, 17.2633361816, -22.0935993195, 15.2677211761, -8.14672851562, 20.2657699585, -11.059173584, -12.4889745712, -17.4427928925, -9.31538009644, -2.53480362892], "cov": [[34356.9179688, 3953.0222168, -206.622268677, 774.290466309, 3436.82324219, 1899.25097656, 426.022003174, 197.988464355, -125.830505371, -412.058288574, 259.058013916, 392.346008301, 299.299438477], [3953.0222168, 2468.46948242, -222.136688232, -220.221847534, 1409.0369873, 37.6455764771, 388.797821045, -63.1253166199, 149.411682129, -286.78604126, 169.184509277, -84.5117492676, 210.934906006], [-206.622268677, -222.136688232, 723.713928223, -183.90473938, -33.9628944397, 162.320587158, -24.129989624, 111.210662842, -71.7838058472, -45.6952629089, -96.6021347046, 38.214012146, -22.8239345551], [774.290466309, -220.221847534, -183.90473938, 283.986083984, -123.48349762, 5.68967676163, -24.948179245, -52.6677894592, 11.5528564453, 52.2901916504, 17.5127792358, -6.12498044968, -16.3848209381], [3436.82324219, 1409.0369873, -33.9628944397, -123.48349762, 1181.97668457, 166.99949646, 270.025024414, -5.26804351807, 68.9841308594, -211.660308838, 88.5875701904, 3.07793354988, 126.641746521], [1899.25097656, 37.6455764771, 162.320587158, 5.68967676163, 166.99949646, 251.700775146, 26.6037445068, 54.7061271667, -45.319984436, -55.8770332336, -27.9152393341, 42.0531463623, 19.8698673248], [426.022003174, 388.797821045, -24.129989624, -24.948179245, 270.025024414, 26.6037445068, 162.899749756, -5.66033935547, 19.2141056061, -86.8918762207, 10.7603540421, -19.5917739868, 50.3701286316], [197.988464355, -63.1253166199, 111.210662842, -52.6677894592, -5.26804351807, 54.7061271667, -5.66033935547, 90.1889038086, 7.63867473602, -0.207225054502, -24.451789856, 10.0685081482, -9.41536617279], [-125.830505371, 149.411682129, -71.7838058472, 11.5528564453, 68.9841308594, -45.319984436, 19.2141056061, 7.63867473602, 91.510093689, 28.3596973419, 39.2116699219, -29.5100536346, -1.28814792633], [-412.058288574, -286.78604126, -45.6952629089, 52.2901916504, -211.660308838, -55.8770332336, -86.8918762207, -0.207225054502, 28.3596973419, 133.633926392, 39.5141105652, 7.83374357224, -46.6064224243], [259.058013916, 169.184509277, -96.6021347046, 17.5127792358, 88.5875701904, -27.9152393341, 10.7603540421, -24.451789856, 39.2116699219, 39.5141105652, 87.3457717896, 17.8283882141, 10.449555397], [392.346008301, -84.5117492676, 38.214012146, -6.12498044968, 3.07793354988, 42.0531463623, -19.5917739868, 10.0685081482, -29.5100536346, 7.83374357224, 17.8283882141, 76.9117507935, 14.1722888947], [299.299438477, 210.934906006, -22.8239345551, -16.3848209381, 126.641746521, 19.8698673248, 50.3701286316, -9.41536617279, -1.28814792633, -46.6064224243, 10.449555397, 14.1722888947, 64.6578216553]], "icov": [[0.000198865542188, -0.000701354234479, 0.000179350681719, -0.00095515261637, -0.000142345495988, -0.00117701815907, 0.000332804687787, -0.000545275688637, 0.000701642769855, -0.00105523504317, 0.00103295769077, -0.00116084737238, 0.000831468205433], [-0.000701354234479, 0.00509304599836, -0.0005372291198, 0.00431456929073, -0.00153193448205, 0.00458737881854, -0.000861349282786, 0.00182819995098, -0.00263741984963, 0.00626409333199, -0.00822460558265, 0.00823171623051, -0.00594928720966], [0.000179350681719, -0.0005372291198, 0.00267773726955, 0.000756099820137, -6.02766849624e-05, -0.00243580597453, 7.78923276812e-05, -0.00109457434155, 0.000716610054951, -0.00127276091371, 0.00270048249513, -0.00182493077591, 0.00176619272679], [-0.00095515261637, 0.00431456929073, 0.000756099820137, 0.0111212609336, 0.00085601763567, 0.00250363210216, -0.00254372763447, 0.00722907949239, -0.00594185618684, 0.00381820322946, -0.00450459262356, 0.00623577414081, -0.00398570531979], [-0.000142345495988, -0.00153193448205, -6.02766849624e-05, 0.00085601763567, 0.00421087723225, -0.00131270312704, -0.00182160397526, 0.00128010066692, -0.00264020357281, 0.00240280339494, -0.000594694749452, -0.00241478672251, 0.00191828596871], [-0.00117701815907, 0.00458737881854, -0.00243580597453, 0.00250363210216, -0.00131270312704, 0.0157119557261, -0.00128683587536, -0.00264527881518, 0.000440181174781, 0.00748137151822, -0.00690195290372, 0.00608382327482, -0.00619913591072], [0.000332804687787, -0.000861349282786, 7.78923276812e-05, -0.00254372763447, -0.00182160397526, -0.00128683587536, 0.0145909609273, -0.00276574352756, 0.000450965657365, 0.00574039993808, -0.00285108294338, 0.0028014536947, -0.00316031463444], [-0.000545275688637, 0.00182819995098, -0.00109457434155, 0.00722907949239, 0.00128010066692, -0.00264527881518, -0.00276574352756, 0.0241571571678, -0.0131578613073, -0.000630240654573, 0.00715217413381, -0.00336020090617, 0.000847582821734], [0.000701642769855, -0.00263741984963, 0.000716610054951, -0.00594185618684, -0.00264020357281, 0.000440181174781, 0.000450965657365, -0.0131578613073, 0.0288288742304, -0.00942834187299, -0.00618214532733, 0.00786412879825, -7.42817937862e-05], [-0.00105523504317, 0.00626409333199, -0.00127276091371, 0.00381820322946, 0.00240280339494, 0.00748137151822, 0.00574039993808, -0.000630240654573, -0.00942834187299, 0.0361954420805, -0.0262844860554, 0.00906125735492, 0.00156262784731], [0.00103295769077, -0.00822460558265, 0.00270048249513, -0.00450459262356, -0.000594694749452, -0.00690195290372, -0.00285108294338, 0.00715217413381, -0.00618214532733, -0.0262844860554, 0.0480686463416, -0.026051286608, 0.00728212483227], [-0.00116084737238, 0.00823171623051, -0.00182493077591, 0.00623577414081, -0.00241478672251, 0.00608382327482, 0.0028014536947, -0.00336020090617, 0.00786412879825, 0.00906125735492, -0.026051286608, 0.0387363992631, -0.0179488044232], [0.000831468205433, -0.00594928720966, 0.00176619272679, -0.00398570531979, 0.00191828596871, -0.00619913591072, -0.00316031463444, 0.000847582821734, -7.42817937862e-05, 0.00156262784731, 0.00728212483227, -0.0179488044232, 0.0352545268834]]}, "melbands": {"dmean": [0.0111039355397, 0.00914542283863, 0.00165712367743, 0.000582005071919, 0.000208539815503, 3.79737648473e-05, 8.69975920068e-05, 6.87793435645e-05, 0.00010716880206, 3.38127938448e-05, 5.17802873219e-05, 0.000130285494379, 7.81419021223e-06, 1.29591862787e-05, 6.17632622379e-06, 3.95012102672e-06, 2.78418974631e-06, 4.24551126343e-06, 1.93030655282e-06, 1.87454998013e-06, 3.30824582306e-06, 1.69227121205e-06, 2.0278696411e-06, 1.37914673815e-06, 9.79543074209e-07, 1.55574673499e-06, 1.70153998624e-06, 1.20512459034e-06, 1.37172946779e-06, 1.36714606924e-06, 9.97810616354e-07, 1.7472309537e-06, 1.22943504266e-06, 7.87626731835e-07, 7.09464984538e-07, 4.8699052968e-07, 3.70741702227e-07, 3.27895889995e-07, 4.78070603549e-07, 5.31506316293e-07], "dmean2": [0.0174158196896, 0.0143870990723, 0.0026117307134, 0.00105534482282, 0.000371811969671, 6.06366265856e-05, 0.000136262620799, 0.000120644726849, 0.000165650519193, 5.16338259331e-05, 7.3656810855e-05, 0.000178700865945, 1.38381255965e-05, 2.23062343139e-05, 1.12593170343e-05, 7.15365104043e-06, 4.91592618346e-06, 7.25515701561e-06, 3.37879623657e-06, 3.0869530292e-06, 5.42101361134e-06, 3.11162648359e-06, 3.70013935935e-06, 2.51072106039e-06, 1.85179055734e-06, 2.98500549434e-06, 3.27246243614e-06, 2.31056492339e-06, 2.65070980277e-06, 2.66030565399e-06, 1.94070207726e-06, 3.40220822181e-06, 2.38891971094e-06, 1.52531345066e-06, 1.36762116654e-06, 9.39268943512e-07, 7.08800314442e-07, 6.28287637028e-07, 9.18803550576e-07, 1.02271872038e-06], "dvar": [0.00033931111102, 0.000284942681901, 7.48211505197e-06, 2.84700718112e-06, 3.27254298327e-07, 5.16040632448e-09, 2.61618389175e-08, 2.09272474905e-08, 2.94601871786e-08, 6.03236927077e-09, 7.13879400038e-09, 4.0198205653e-08, 2.8289062759e-10, 6.34425623147e-10, 2.21595047867e-10, 8.46820252809e-11, 3.08029053653e-11, 4.90313276091e-11, 1.18771451008e-11, 7.95018478134e-12, 2.82136935342e-11, 2.15890812172e-11, 2.65795805504e-11, 1.33144901354e-11, 9.93718475562e-12, 2.86486702417e-11, 3.76025460769e-11, 1.84399873843e-11, 2.54629616003e-11, 2.62988745364e-11, 1.38938444083e-11, 4.35188204917e-11, 2.06259002933e-11, 7.64057567215e-12, 6.1054885106e-12, 2.45795874973e-12, 1.14789406279e-12, 9.39595298267e-13, 1.73096183654e-12, 1.81901802648e-12], "dvar2": [0.000851139833685, 0.000726587953977, 1.77613510459e-05, 8.18648641143e-06, 9.45612782743e-07, 1.32936497366e-08, 5.6932805137e-08, 5.91208326739e-08, 6.45208189098e-08, 1.29930519677e-08, 1.5206200743e-08, 8.03462185672e-08, 8.04466382398e-10, 1.75977832306e-09, 6.34914953945e-10, 2.4162918888e-10, 8.55975568204e-11, 1.31809646531e-10, 3.32716111606e-11, 2.022543244e-11, 7.28759205759e-11, 6.29298210764e-11, 7.7633975637e-11, 3.88920215477e-11, 2.90688809829e-11, 8.40798541901e-11, 1.09902628664e-10, 5.39826724988e-11, 7.4251188531e-11, 7.67680780056e-11, 4.0533264245e-11, 1.2693202045e-10, 6.01167865488e-11, 2.21766355279e-11, 1.7678514902e-11, 7.08060129626e-12, 3.2777511174e-12, 2.6901590764e-12, 4.93242079125e-12, 5.14865537357e-12], "max": [0.168694123626, 0.21649184823, 0.0340578183532, 0.0161951277405, 0.00389504851773, 0.000668564345688, 0.0021101301536, 0.00134369544685, 0.00157783110626, 0.000692280416843, 0.000701093871612, 0.00167522812262, 0.000122622222989, 0.000215369553189, 0.000118973781355, 6.09671915299e-05, 3.50398877345e-05, 6.99929223629e-05, 3.41470367857e-05, 2.59263397311e-05, 4.58377835457e-05, 2.73072510026e-05, 3.1250230677e-05, 2.65616890829e-05, 1.92557909031e-05, 3.18650199915e-05, 3.45125517924e-05, 2.5660105166e-05, 3.07800873998e-05, 3.03772703774e-05, 2.27467280638e-05, 3.91709945688e-05, 2.62418416241e-05, 1.63349322975e-05, 1.45710719153e-05, 9.13265739655e-06, 6.03060789217e-06, 5.75517879042e-06, 7.05688944436e-06, 6.21930666966e-06], "mean": [0.0186611525714, 0.0217780545354, 0.00474758585915, 0.000710856926162, 0.000228142074775, 5.22314876434e-05, 0.000123956546304, 8.43819289003e-05, 0.000153568835231, 5.34080390935e-05, 9.3915121397e-05, 0.000240535970079, 9.57800057222e-06, 1.46164311445e-05, 5.83256269238e-06, 3.83144470106e-06, 3.09708070745e-06, 5.52818528377e-06, 2.31937610806e-06, 2.52337576967e-06, 4.16481088905e-06, 1.52096004058e-06, 1.83980046131e-06, 1.2141915704e-06, 7.15213730018e-07, 1.02474541563e-06, 1.03668890006e-06, 7.3704359238e-07, 8.03395664661e-07, 7.59408465001e-07, 5.51341827304e-07, 9.46337763708e-07, 6.84568192355e-07, 4.36239986357e-07, 3.97647852424e-07, 2.72718239103e-07, 2.12406447986e-07, 1.88414730928e-07, 2.71291270337e-07, 2.94592439332e-07], "median": [0.0134986136109, 0.0143514163792, 0.00301829073578, 0.000397260766476, 0.000114058719191, 2.62947833107e-05, 4.31136941188e-05, 4.42563141405e-05, 4.8196685384e-05, 2.07242956094e-05, 5.21405345353e-05, 0.000128434287035, 4.90602178616e-06, 4.6803670557e-06, 2.17963406612e-06, 1.74478986992e-06, 1.41159330269e-06, 2.67658151643e-06, 1.09452048491e-06, 1.22682422443e-06, 1.48250717302e-06, 4.19962589149e-07, 5.93871050114e-07, 3.24958477904e-07, 1.52547229959e-07, 1.57849868287e-07, 8.89312588015e-08, 6.10707289184e-08, 3.07450740422e-08, 1.71573031338e-08, 1.12192104496e-08, 9.09808672844e-09, 1.01509716188e-08, 8.23779533476e-09, 8.30047497402e-09, 7.75354891402e-09, 7.4223396318e-09, 5.29939558902e-09, 4.40761649401e-09, 3.78678510771e-09], "min": [7.19794867379e-18, 6.42061851444e-18, 5.07394200742e-18, 3.4516534698e-18, 1.8101342237e-18, 6.56978895738e-19, 1.91976290013e-19, 4.67439040371e-19, 1.20573723495e-18, 2.00642997332e-18, 2.52608179133e-18, 2.70089566045e-18, 2.64889164252e-18, 2.47832679341e-18, 2.19974849313e-18, 1.69797287534e-18, 9.0079968707e-19, 4.67260110864e-19, 1.38427300323e-18, 2.08111362929e-18, 8.08483177083e-19, 1.31496922657e-18, 2.95549564914e-18, 1.34578832183e-18, 1.51016358521e-18, 1.21340313128e-18, 5.70955007165e-19, 9.41200945946e-19, 9.70773583423e-19, 5.50016584319e-19, 1.43663229523e-18, 1.03287520189e-18, 1.40217918874e-18, 2.1472450649e-18, 1.98623952855e-18, 4.085154705e-18, 2.00943636126e-18, 3.2682844852e-18, 2.60675816404e-18, 3.34087744216e-18], "var": [0.000414580892539, 0.000490598380566, 2.23147108045e-05, 1.81321911441e-06, 2.02203935373e-07, 5.94190252556e-09, 4.73747761021e-08, 1.60258615267e-08, 5.56958816844e-08, 9.57270263058e-09, 1.22306902384e-08, 8.55307931147e-08, 2.24997617759e-10, 6.57452536856e-10, 1.42128045444e-10, 5.39573524749e-11, 2.52842729392e-11, 6.14448075753e-11, 1.2828934963e-11, 1.23014289727e-11, 4.31778224286e-11, 1.3803244138e-11, 1.66883000474e-11, 8.42669857504e-12, 5.41799331094e-12, 1.54496311577e-11, 1.99970665027e-11, 9.84796272308e-12, 1.36936729317e-11, 1.38994319526e-11, 7.35011791014e-12, 2.29716367456e-11, 1.10064084582e-11, 4.09494790507e-12, 3.30254660424e-12, 1.34007735464e-12, 6.41970851478e-13, 5.24609218913e-13, 9.68266807878e-13, 1.0232716367e-12]}, "mfcc": {"mean": [-774.973327637, 196.128433228, 25.797082901, 27.5795345306, 21.7290782928, 7.40884208679, 15.8852262497, 23.0262832642, 18.5668029785, 13.3266849518, -0.197530835867, -3.55504107475, -0.569642722607], "cov": [[14916.3769531, 3851.95239258, 395.34262085, 857.148681641, 686.777832031, 655.419189453, 656.296936035, 746.278930664, 420.581756592, 137.08972168, -40.147857666, -43.9599914551, 77.8901519775], [3851.95239258, 4351.16796875, -269.909820557, 418.525085449, 769.878845215, 221.796890259, 498.154174805, 560.203552246, 325.662780762, 275.093414307, -101.160415649, -153.310302734, -55.6411170959], [395.34262085, -269.909820557, 681.688842773, -166.139068604, -31.9099788666, -35.8747215271, -2.44710373878, 32.3809318542, 50.2352142334, -5.46230506897, 4.22200155258, -50.7577819824, -49.0231666565], [857.148681641, 418.525085449, -166.139068604, 234.361083984, 56.4702682495, 70.8623046875, 36.5306968689, 21.253156662, 18.4930896759, 16.9157981873, 4.14918708801, 20.8474216461, 26.180273056], [686.777832031, 769.878845215, -31.9099788666, 56.4702682495, 263.403564453, 71.9294586182, 123.142463684, 140.921417236, 69.388885498, 51.5009346008, -23.6229686737, -39.1396598816, -12.5934791565], [655.419189453, 221.796890259, -35.8747215271, 70.8623046875, 71.9294586182, 113.645263672, 80.4273834229, 64.116317749, 26.0729198456, -2.50169372559, -18.0532817841, -15.7068214417, -2.1580388546], [656.296936035, 498.154174805, -2.44710373878, 36.5306968689, 123.142463684, 80.4273834229, 147.728652954, 136.093917847, 63.2611656189, 22.5285682678, -37.8959655762, -47.8120994568, -24.9527187347], [746.278930664, 560.203552246, 32.3809318542, 21.253156662, 140.921417236, 64.116317749, 136.093917847, 188.406356812, 94.0709228516, 28.4645004272, -44.5866394043, -58.4820556641, -34.0614509583], [420.581756592, 325.662780762, 50.2352142334, 18.4930896759, 69.388885498, 26.0729198456, 63.2611656189, 94.0709228516, 94.5277633667, 44.5665473938, -17.2845077515, -33.2925338745, -27.8428096771], [137.08972168, 275.093414307, -5.46230506897, 16.9157981873, 51.5009346008, -2.50169372559, 22.5285682678, 28.4645004272, 44.5665473938, 69.6410522461, 16.852394104, -2.98379278183, -5.69556379318], [-40.147857666, -101.160415649, 4.22200155258, 4.14918708801, -23.6229686737, -18.0532817841, -37.8959655762, -44.5866394043, -17.2845077515, 16.852394104, 62.7915649414, 46.5044326782, 15.3896026611], [-43.9599914551, -153.310302734, -50.7577819824, 20.8474216461, -39.1396598816, -15.7068214417, -47.8120994568, -58.4820556641, -33.2925338745, -2.98379278183, 46.5044326782, 81.045249939, 47.2123565674], [77.8901519775, -55.6411170959, -49.0231666565, 26.180273056, -12.5934791565, -2.1580388546, -24.9527187347, -34.0614509583, -27.8428096771, -5.69556379318, 15.3896026611, 47.2123565674, 66.6223907471]], "icov": [[0.000151434258441, -0.000102969490399, -0.000238506137975, -0.000367677945178, 0.000181830866495, -0.000518642074894, 8.83458633325e-05, -0.000378737197025, -8.12063299236e-05, 0.000240849782131, -0.000277026556432, -7.11215470801e-05, -0.000335987948347], [-0.000102969490399, 0.000901118328329, 0.000189422993571, -0.000925220199861, -0.00136914395262, 0.00142193806823, -0.00112048431765, -0.000552248617169, 0.00053658534307, -0.0019784073811, 0.000806484022178, 8.9944107458e-05, 0.000266260642093], [-0.000238506137975, 0.000189422993571, 0.00254333158955, 0.00200450909324, -0.000187436278793, 0.000880903447978, -0.000162747950526, 0.000902487430722, -0.00263163866475, 0.00160040450282, -0.00224385689944, 0.00230060960166, -0.000160636816872], [-0.000367677945178, -0.000925220199861, 0.00200450909324, 0.00955610536039, 0.00082474242663, -0.00439582997933, 0.00168373528868, 0.0033739998471, -0.00350814126432, 0.00190139072947, -0.000978447729722, -0.000361093523679, -0.00107561063487], [0.000181830866495, -0.00136914395262, -0.000187436278793, 0.00082474242663, 0.0101529862732, -0.0037830080837, 0.000177997397259, -0.00421276502311, 0.00217253528535, -0.00228211423382, -0.00147374207154, 0.0011634202674, -0.00187975878362], [-0.000518642074894, 0.00142193806823, 0.000880903447978, -0.00439582997933, -0.0037830080837, 0.0225851610303, -0.0134670594707, 0.00351032754406, -0.00223765405826, 0.00483240513131, -0.00120707543101, 0.00132265349384, -0.000243745773332], [8.83458633325e-05, -0.00112048431765, -0.000162747950526, 0.00168373528868, 0.000177997397259, -0.0134670594707, 0.0317572429776, -0.0161832142621, 0.00527064502239, -0.00452809920534, 0.00369185279123, 0.000735020264983, 0.00183933600783], [-0.000378737197025, -0.000552248617169, 0.000902487430722, 0.0033739998471, -0.00421276502311, 0.00351032754406, -0.0161832142621, 0.0298637729138, -0.0186112970114, 0.0103677539155, 0.000145143523696, 0.00206629792228, -0.000545402697753], [-8.12063299236e-05, 0.00053658534307, -0.00263163866475, -0.00350814126432, 0.00217253528535, -0.00223765405826, 0.00527064502239, -0.0186112970114, 0.0391469225287, -0.0241894628853, 0.0103220837191, -0.00501426449046, 0.00824354123324], [0.000240849782131, -0.0019784073811, 0.00160040450282, 0.00190139072947, -0.00228211423382, 0.00483240513131, -0.00452809920534, 0.0103677539155, -0.0241894628853, 0.0407224297523, -0.02034397237, 0.0082450537011, -0.00594499381259], [-0.000277026556432, 0.000806484022178, -0.00224385689944, -0.000978447729722, -0.00147374207154, -0.00120707543101, 0.00369185279123, 0.000145143523696, 0.0103220837191, -0.02034397237, 0.0446993410587, -0.0282547120005, 0.0131421182305], [-7.11215470801e-05, 8.9944107458e-05, 0.00230060960166, -0.000361093523679, 0.0011634202674, 0.00132265349384, 0.000735020264983, 0.00206629792228, -0.00501426449046, 0.0082450537011, -0.0282547120005, 0.0444867312908, -0.0228021964431], [-0.000335987948347, 0.000266260642093, -0.000160636816872, -0.00107561063487, -0.00187975878362, -0.000243745773332, 0.00183933600783, -0.000545402697753, 0.00824354123324, -0.00594499381259, 0.0131421182305, -0.0228021964431, 0.0320364870131]]}, "spectral_contrast_coeffs": {"dmean": [0.0449525080621, 0.0515674874187, 0.0559668019414, 0.0334278978407, 0.0295808836818, 0.0263345483691], "dmean2": [0.0722500309348, 0.0841471776366, 0.0899977087975, 0.0531861484051, 0.0468353442848, 0.0405675545335], "dvar": [0.00139327987563, 0.00197218824178, 0.00303455302492, 0.000863471301273, 0.00108853681013, 0.000717874499969], "dvar2": [0.00327204843052, 0.00520497653633, 0.00738758593798, 0.00212511583231, 0.00226935721003, 0.00178009807132], "max": [-0.430633485317, -0.514209747314, -0.480002343655, -0.663619697094, -0.688010454178, -0.740444421768], "mean": [-0.649462342262, -0.714599370956, -0.685252904892, -0.802414536476, -0.80556923151, -0.831350922585], "median": [-0.649665355682, -0.715362071991, -0.67775785923, -0.792307138443, -0.795824348927, -0.835593104362], "min": [-0.98143607378, -0.978233039379, -0.988468587399, -0.969869852066, -0.970419883728, -0.948051512241], "var": [0.00583499344066, 0.00463252607733, 0.00627384195104, 0.00266462168656, 0.00238940911368, 0.00157666462474]}, "spectral_contrast_valleys": {"dmean": [0.359757065773, 0.507381260395, 0.568637549877, 0.38816845417, 0.468508720398, 0.824823379517], "dmean2": [0.593161582947, 0.856705605984, 0.975627958775, 0.643591701984, 0.740488111973, 1.13349759579], "dvar": [0.153519570827, 0.37943649292, 0.415834605694, 0.31585970521, 0.684107065201, 1.05801320076], "dvar2": [0.325013965368, 0.912588238716, 1.0200906992, 0.790848076344, 1.64374995232, 2.23754167557], "max": [-4.67493009567, -4.90555763245, -5.672406