{"lowlevel": {"average_loudness": 0.882864356041, "barkbands_crest": {"dmean": 2.85483527184, "dmean2": 4.40899753571, "dvar": 8.63353061676, "dvar2": 21.505607605, "max": 25.8232955933, "mean": 13.0315475464, "median": 11.9009609222, "min": 2.80664634705, "var": 35.1144981384}, "barkbands_flatness_db": {"dmean": 0.035760384053, "dmean2": 0.0501928701997, "dvar": 0.00137564935721, "dvar2": 0.00275221932679, "max": 0.727018237114, "mean": 0.163902446628, "median": 0.144144669175, "min": 0.0341841243207, "var": 0.00737822335213}, "barkbands_kurtosis": {"dmean": 13.2958669662, "dmean2": 20.0861740112, "dvar": 573.744567871, "dvar2": 1256.74194336, "max": 670.690185547, "mean": 19.4264526367, "median": 6.77752113342, "min": -1.95477414131, "var": 1116.08349609}, "barkbands_skewness": {"dmean": 1.20378959179, "dmean2": 1.74042534828, "dvar": 1.48338830471, "dvar2": 3.35376191139, "max": 18.5548877716, "mean": 3.03940534592, "median": 2.5341603756, "min": -7.01172733307, "var": 6.27026414871}, "barkbands_spread": {"dmean": 11.5803442001, "dmean2": 17.190486908, "dvar": 253.875030518, "dvar2": 462.947723389, "max": 117.981628418, "mean": 23.4857139587, "median": 15.1994791031, "min": 0.250923424959, "var": 541.894592285}, "dissonance": {"dmean": 0.0199278797954, "dmean2": 0.0325060524046, "dvar": 0.000557990977541, "dvar2": 0.00142936850898, "max": 0.500000178814, "mean": 0.462385177612, "median": 0.468258589506, "min": 0.069347307086, "var": 0.00104024808388}, "dynamic_complexity": 5.38962554932, "erbbands_crest": {"dmean": 2.09253978729, "dmean2": 3.32076907158, "dvar": 3.87138271332, "dvar2": 9.00802230835, "max": 27.1041412354, "mean": 6.73813867569, "median": 6.00208282471, "min": 2.06835126877, "var": 10.3131637573}, "erbbands_flatness_db": {"dmean": 0.0251767672598, "dmean2": 0.0350169464946, "dvar": 0.000661525526084, "dvar2": 0.00120068411343, "max": 0.495737910271, "mean": 0.119413614273, "median": 0.11452421546, "min": 0.0383304469287, "var": 0.00259059411474}, "erbbands_kurtosis": {"dmean": 1.23237073421, "dmean2": 1.98137843609, "dvar": 15.9278945923, "dvar2": 40.7567863464, "max": 133.815597534, "mean": 0.371261298656, "median": -0.376434326172, "min": -1.92753863335, "var": 17.0837631226}, "erbbands_skewness": {"dmean": 0.502998411655, "dmean2": 0.7457280159, "dvar": 0.328228265047, "dvar2": 0.686734676361, "max": 9.15056228638, "mean": 0.257317960262, "median": 0.238960176706, "min": -3.37477660179, "var": 0.698865175247}, "erbbands_spread": {"dmean": 20.0939559937, "dmean2": 28.1699542999, "dvar": 412.148590088, "dvar2": 735.076660156, "max": 199.817764282, "mean": 58.7033729553, "median": 51.1903419495, "min": 1.15630316734, "var": 1012.38244629}, "hfc": {"dmean": 9.26284408569, "dmean2": 13.134393692, "dvar": 163.928085327, "dvar2": 324.242828369, "max": 112.301902771, "mean": 13.7657384872, "median": 5.98221874237, "min": 1.19479807327e-16, "var": 363.44039917}, "melbands_crest": {"dmean": 3.52224516869, "dmean2": 5.2204079628, "dvar": 14.8801593781, "dvar2": 29.4763717651, "max": 37.6953315735, "mean": 19.9019641876, "median": 17.0969848633, "min": 1.95408785343, "var": 76.3466720581}, "melbands_flatness_db": {"dmean": 0.0436018519104, "dmean2": 0.0597330741584, "dvar": 0.00186995090917, "dvar2": 0.00378221948631, "max": 0.903461575508, "mean": 0.248543173075, "median": 0.230955645442, "min": 0.00558853102848, "var": 0.0116562079638}, "melbands_kurtosis": {"dmean": 36.0115890503, "dmean2": 51.5142822266, "dvar": 3881.44555664, "dvar2": 8100.88232422, "max": 1575.2388916, "mean": 61.3830528259, "median": 26.6635894775, "min": -1.41141533852, "var": 8794.68066406}, "melbands_skewness": {"dmean": 1.68985950947, "dmean2": 2.36747002602, "dvar": 3.22114872932, "dvar2": 6.34499025345, "max": 32.3420257568, "mean": 5.2982172966, "median": 4.45060110092, "min": -3.36253070831, "var": 13.5137090683}, "melbands_spread": {"dmean": 9.87910938263, "dmean2": 14.7316045761, "dvar": 290.612609863, "dvar2": 650.101806641, "max": 266.575805664, "mean": 18.898273468, "median": 10.3340864182, "min": 0.129670009017, "var": 554.926879883}, "pitch_salience": {"dmean": 0.0967885628343, "dmean2": 0.143578663468, "dvar": 0.0086098369211, "dvar2": 0.0198348145932, "max": 0.888436555862, "mean": 0.470846682787, "median": 0.513503134251, "min": 0.0435473173857, "var": 0.0324771292508}, "silence_rate_20dB": {"dmean": 0, "dmean2": 0, "dvar": 0, "dvar2": 0, "max": 1, "mean": 1, "median": 1, "min": 1, "var": 0}, "silence_rate_30dB": {"dmean": 0.0687982365489, "dmean2": 0.13761164248, "dvar": 0.0640663057566, "dvar2": 0.155718028545, "max": 1, "mean": 0.927791893482, "median": 1, "min": 0, "var": 0.0669917687774}, "silence_rate_60dB": {"dmean": 0.0696802660823, "dmean2": 0.139375895262, "dvar": 0.06482668221, "dvar2": 0.132514074445, "max": 1, "mean": 0.225223243237, "median": 0, "min": 0, "var": 0.174504965544}, "spectral_centroid": {"dmean": 378.775909424, "dmean2": 559.032714844, "dvar": 203992.125, "dvar2": 438980.3125, "max": 10900.8945312, "mean": 1217.99829102, "median": 1073.12841797, "min": 125.22492981, "var": 543031.75}, "spectral_complexity": {"dmean": 4.10915088654, "dmean2": 5.75212240219, "dvar": 40.2984619141, "dvar2": 69.0212860107, "max": 64, "mean": 12.1620550156, "median": 8, "min": 0, "var": 154.323181152}, "spectral_decrease": {"dmean": 5.00336749809e-09, "dmean2": 7.61626584023e-09, "dvar": 7.42732949724e-17, "dvar2": 1.81839696393e-16, "max": 5.79198680878e-17, "mean": -9.10013664424e-09, "median": -3.54561424665e-09, "min": -9.47609848367e-08, "var": 1.40719965808e-16}, "spectral_energy": {"dmean": 0.01945778355, "dmean2": 0.0295621044934, "dvar": 0.00110082270112, "dvar2": 0.00268015591428, "max": 0.360171943903, "mean": 0.0355946272612, "median": 0.0143029484898, "min": 1.06170715729e-20, "var": 0.00209106714465}, "spectral_energyband_high": {"dmean": 0.000709515821654, "dmean2": 0.00106802524533, "dvar": 1.10287555799e-06, "dvar2": 2.26264864978e-06, "max": 0.0129984775558, "mean": 0.000836863939185, "median": 0.000198706591618, "min": 8.02783308127e-21, "var": 2.14004467125e-06}, "spectral_energyband_low": {"dmean": 0.0161287095398, "dmean2": 0.0232830699533, "dvar": 0.000818899774458, "dvar2": 0.00196646666154, "max": 0.353391051292, "mean": 0.0271100718528, "median": 0.0069996798411, "min": 8.64305921366e-23, "var": 0.00157475669403}, "spectral_energyband_middle_high": {"dmean": 0.0013974114554, "dmean2": 0.0018549655797, "dvar": 9.00575287233e-06, "dvar2": 1.14542654046e-05, "max": 0.0288100410253, "mean": 0.00239387457259, "median": 0.000428142724559, "min": 1.3588973994e-21, "var": 2.51444835158e-05}, "spectral_energyband_middle_low": {"dmean": 0.00644319551066, "dmean2": 0.0110777448863, "dvar": 0.000363016384654, "dvar2": 0.000972702982835, "max": 0.193785905838, "mean": 0.00678475433961, "median": 0.00276820757426, "min": 2.70513783481e-22, "var": 0.000256965693552}, "spectral_entropy": {"dmean": 0.314335495234, "dmean2": 0.423191249371, "dvar": 0.122276313603, "dvar2": 0.223926484585, "max": 9.79451942444, "mean": 7.72290039062, "median": 7.75417137146, "min": 3.96549248695, "var": 0.354852467775}, "spectral_flux": {"dmean": 0.0370542816818, "dmean2": 0.0563482269645, "dvar": 0.00296925962903, "dvar2": 0.00609704107046, "max": 0.469801843166, "mean": 0.0853491947055, "median": 0.0526842772961, "min": 1.03039174415e-10, "var": 0.00695780245587}, "spectral_kurtosis": {"dmean": 2.90186500549, "dmean2": 4.37731599808, "dvar": 147.67855835, "dvar2": 318.392913818, "max": 521.649047852, "mean": 4.55419874191, "median": 2.46727180481, "min": -1.20413029194, "var": 357.459411621}, "spectral_rms": {"dmean": 0.00135761627462, "dmean2": 0.00195868057199, "dvar": 3.72482281819e-06, "dvar2": 8.18948319647e-06, "max": 0.0187453255057, "mean": 0.00476517807692, "median": 0.00373551808298, "min": 3.21840297468e-12, "var": 1.20195281852e-05}, "spectral_rolloff": {"dmean": 1106.3470459, "dmean2": 1879.63659668, "dvar": 5741264, "dvar2": 11167342, "max": 19702.8808594, "mean": 1663.49682617, "median": 366.064453125, "min": 43.06640625, "var": 9161183}, "spectral_skewness": {"dmean": 0.366822987795, "dmean2": 0.545906305313, "dvar": 0.402536958456, "dvar2": 0.868628680706, "max": 18.150850296, "mean": 1.45204567909, "median": 1.3493206501, "min": -0.153814017773, "var": 0.988435208797}, "spectral_spread": {"dmean": 1865422.375, "dmean2": 2409393.75, "dvar": 3787060412420.0, "dvar2": 5292165169150.0, "max": 40222812, "mean": 6486788, "median": 5416195, "min": 173669.78125, "var": 9693745381380.0}, "spectral_strongpeak": {"dmean": 0.173347651958, "dmean2": 0.270496279001, "dvar": 0.0605959258974, "dvar2": 0.151594907045, "max": 3.04142665863, "mean": 0.330132514238, "median": 0.265171557665, "min": 0, "var": 0.0921106263995}, "zerocrossingrate": {"dmean": 0.0258342772722, "dmean2": 0.0287685357034, "dvar": 0.00110324961133, "dvar2": 0.00139495742042, "max": 0.6435546875, "mean": 0.0646565407515, "median": 0.04248046875, "min": 0.00146484375, "var": 0.00480071594939}, "barkbands": {"dmean": [0.00122047355399, 0.0130247594789, 0.0027543688193, 0.00271359202452, 0.00340256257914, 0.000447871076176, 0.000238776687183, 0.000152776730829, 0.000299057952361, 0.000149678060552, 0.00018493879179, 0.000240089459112, 0.000348363275407, 0.000157492424478, 0.00028696123627, 0.000187647150597, 0.000106255021819, 0.000101271820313, 9.37741133384e-05, 0.000101403682493, 0.000114796312118, 0.000113174617582, 9.09990703803e-05, 0.000164647470228, 0.000176655346877, 4.10304273828e-05, 1.71899318957e-05], "dmean2": [0.00171793764457, 0.0197175238281, 0.00449121696874, 0.00457927957177, 0.00630109477788, 0.00075727305375, 0.000396548508434, 0.000262215646217, 0.000482288160129, 0.000236152671278, 0.00030208582757, 0.000388834771002, 0.000515889900271, 0.000249558099313, 0.000474001688417, 0.000259539869148, 0.000150415275129, 0.000153039334691, 0.000138954899739, 0.00013885597582, 0.00018003131845, 0.000169309598277, 0.000139109935844, 0.000250767421676, 0.000265469017904, 6.8804503826e-05, 2.95659810945e-05], "dvar": [6.14820874034e-06, 0.000629613292404, 4.70591839985e-05, 4.9257723731e-05, 0.000149860832607, 1.26046143123e-06, 1.6236846534e-07, 9.1890271392e-08, 3.2092717106e-07, 7.92786707393e-08, 9.90973134662e-08, 4.93070558605e-07, 1.12441500733e-06, 2.91704537858e-07, 5.13528902957e-07, 1.11875870346e-07, 4.1551711405e-08, 5.35350928033e-08, 4.86864131233e-08, 6.25826572787e-08, 8.33445312765e-08, 4.5390454062e-08, 4.03998576815e-08, 4.78208050936e-08, 5.08959239198e-08, 6.12320105731e-09, 1.52827217548e-09], "dvar2": [1.15483726404e-05, 0.00158290739637, 0.000110740103992, 0.000122620433103, 0.000431389111327, 3.44061254509e-06, 4.24482323069e-07, 2.55641595004e-07, 8.29884129416e-07, 1.67676532215e-07, 2.60277658981e-07, 1.30509442897e-06, 2.6321133646e-06, 5.20274511473e-07, 1.27940518269e-06, 1.98227738224e-07, 7.91065417616e-08, 1.08314409886e-07, 1.09857232644e-07, 1.16440290299e-07, 1.69054885646e-07, 9.36728810075e-08, 9.34484560844e-08, 1.12335960978e-07, 1.11383741341e-07, 1.58486308521e-08, 4.10696809894e-09], "max": [0.0462608672678, 0.327442258596, 0.097215294838, 0.0592938363552, 0.123176336288, 0.0130890440196, 0.00541427033022, 0.00388004514389, 0.00793266668916, 0.00352012133226, 0.00304731214419, 0.00724088540301, 0.0117659568787, 0.00497526070103, 0.00606384687126, 0.00354666216299, 0.00231816875748, 0.00226295622997, 0.00273466296494, 0.00269487546757, 0.00380438752472, 0.00320210051723, 0.00325400358997, 0.00261923135258, 0.00101631868165, 0.000439554802142, 0.00021711892623], "mean": [0.0026245561894, 0.0202449299395, 0.00273025082424, 0.00266936584376, 0.00265071238391, 0.000561609631404, 0.000311126874294, 0.00018269753491, 0.000368333829101, 0.000204052528716, 0.000228668781347, 0.000265961745754, 0.000384537765058, 0.000225564450375, 0.000375698844437, 0.00028407285572, 0.000142385455547, 0.000112831032311, 0.000123123099911, 0.000125331367599, 0.000158007242135, 0.000146979378769, 0.000116996357974, 0.000156150621478, 0.000155178815476, 3.24512766383e-05, 1.29808140628e-05], "median": [0.000300762592815, 0.00392786040902, 0.000529306940734, 0.000757115660235, 0.000706921564415, 0.000231677375268, 0.000153050699737, 6.49851135677e-05, 0.000132288172608, 6.13375159446e-05, 5.09535893798e-05, 3.79443699785e-05, 5.24075658177e-05, 2.06581789826e-05, 5.13070699526e-05, 2.75582842733e-05, 2.47006464633e-05, 1.29211730382e-05, 2.23991191888e-05, 1.95988268388e-05, 2.36252308241e-05, 2.92198619718e-05, 2.03248710022e-05, 2.93866432912e-05, 1.86234010471e-05, 5.20445428265e-06, 1.55221925979e-06], "min": [6.15081434789e-24, 2.04799808365e-23, 4.92428560273e-23, 1.67668314882e-23, 6.04810442138e-23, 5.60294831929e-23, 4.80083076433e-23, 3.27835950951e-23, 4.56038091171e-23, 2.68596819927e-23, 2.95502372604e-23, 9.89773680361e-23, 7.05111455664e-23, 1.33423881919e-22, 1.02189054284e-22, 9.5036591296e-23, 8.11045504033e-23, 3.27798413794e-22, 3.10754221967e-22, 2.82247010285e-22, 4.66830162738e-22, 3.64014803383e-22, 6.11263046663e-22, 1.02637776037e-21, 1.2686350511e-21, 1.92173584706e-21, 2.38809890316e-21], "var": [2.24345003517e-05, 0.00106609566137, 4.6285589633e-05, 4.00136377721e-05, 8.57379418449e-05, 1.17076638162e-06, 1.8302513638e-07, 9.09829722673e-08, 3.59250009296e-07, 1.31478842036e-07, 1.49580301922e-07, 5.29196938714e-07, 1.28623958062e-06, 5.49367427993e-07, 6.70740291753e-07, 3.19523508097e-07, 9.15931437362e-08, 8.88233415708e-08, 7.42226120565e-08, 1.12802766239e-07, 1.72660293174e-07, 1.08651711628e-07, 7.88797720475e-08, 6.04683734196e-08, 5.7789065977e-08, 4.70968641864e-09, 1.06977715575e-09]}, "erbbands": {"dmean": [0.597523033619, 2.18134856224, 2.95880746841, 7.3225030899, 10.0726566315, 11.4659852982, 6.39578676224, 3.47526860237, 3.06830453873, 3.98958444595, 3.76732969284, 7.0799574852, 3.66541528702, 5.93291568756, 8.57709217072, 10.1668376923, 14.4274845123, 8.95370578766, 13.4032258987, 11.924706459, 7.65016794205, 5.93062829971, 5.70956516266, 5.19792938232, 4.79150724411, 4.63899421692, 4.98080778122, 4.29750728607, 4.11723327637, 3.51972484589, 2.61795306206, 2.99353885651, 2.99858021736, 1.80765461922, 1.27444684505, 0.266429692507, 0.0652673244476, 0.0185998994857, 0.00288667436689, 0.000159271687153], "dmean2": [0.872749090195, 3.47016215324, 4.78680610657, 12.1800775528, 17.9971199036, 21.4407691956, 11.6573133469, 5.71655654907, 4.99758577347, 6.8972196579, 6.33783960342, 11.5113773346, 5.53330945969, 9.77307128906, 13.6848316193, 15.0949678421, 20.3003692627, 11.9653129578, 22.315820694, 17.2772674561, 10.2459363937, 8.15252304077, 8.35844421387, 7.30963897705, 6.21535682678, 6.4740152359, 8.20950889587, 6.52838230133, 6.09801673889, 5.36872196198, 3.97706007957, 4.55017137527, 4.62914705276, 2.67937636375, 1.95526695251, 0.425424367189, 0.112746834755, 0.0328915715218, 0.00495212804526, 0.000251142831985], "dvar": [1.27835309505, 21.6413021088, 51.6433296204, 352.616455078, 978.105041504, 1830.54650879, 467.37878418, 64.2659759521, 28.6851062775, 58.8565177917, 58.7562561035, 181.100540161, 47.8171424866, 131.395568848, 237.117996216, 811.57421875, 1629.38769531, 752.289306641, 947.580505371, 753.636657715, 204.940719604, 125.529853821, 138.304321289, 167.522796631, 126.465087891, 130.452804565, 146.382614136, 125.983726501, 69.9981842041, 52.3129272461, 32.4612350464, 23.8278999329, 15.0698785782, 5.06267976761, 2.71244502068, 0.15526330471, 0.0231718122959, 0.00242114323191, 4.23251221946e-05, 6.15141928506e-08], "dvar2": [2.94693279266, 57.396900177, 131.661071777, 805.468811035, 2733.10864258, 5313.51708984, 1352.35253906, 167.410202026, 74.4392471313, 161.790557861, 160.887084961, 473.324890137, 98.338104248, 325.827209473, 604.362670898, 1950.50256348, 3538.62573242, 996.620117188, 2240.87451172, 1391.57104492, 313.6121521, 228.304443359, 278.72543335, 374.96194458, 228.340270996, 256.438842773, 322.299835205, 282.658172607, 146.00869751, 115.660575867, 74.5239486694, 57.3731193542, 36.2427139282, 10.2386054993, 6.0584230423, 0.367723822594, 0.0622046515346, 0.00661993492395, 0.000112478141091, 1.52415879029e-07], "max": [16.0766277313, 46.9583053589, 94.6186141968, 139.408828735, 387.542144775, 410.109100342, 205.239685059, 110.616477966, 80.5996322632, 72.0880661011, 107.602737427, 199.961349487, 82.9678649902, 110.209144592, 139.176361084, 313.405792236, 471.3387146, 300.678344727, 254.433181763, 288.495056152, 145.808914185, 126.136573792, 113.11277771, 144.046630859, 152.755065918, 127.342063904, 104.130683899, 177.440109253, 139.609649658, 90.1665725708, 95.6136322021, 87.1647567749, 22.358455658, 10.478266716, 7.0752825737, 2.09123897552, 0.856019616127, 0.28274717927, 0.0356993861496, 0.0014900774695], "mean": [1.00928068161, 2.8225684166, 3.08739423752, 7.1670794487, 8.76965522766, 8.73825550079, 5.6004743576, 4.64649152756, 4.19324111938, 4.68114995956, 4.89491128922, 8.86729049683, 5.01762151718, 7.60578870773, 11.3525924683, 12.3410968781, 17.4296703339, 12.6921157837, 18.7583427429, 17.5677394867, 12.0623979568, 7.95475006104, 6.70148181915, 6.32957649231, 6.43158769608, 5.7427854538, 6.35040569305, 5.59542608261, 5.3457736969, 4.47186279297, 3.41121125221, 3.09776186943, 2.65480399132, 1.69047892094, 1.08113873005, 0.223490819335, 0.049136210233, 0.013190722093, 0.00218012160622, 0.000160467912792], "median": [0.179636508226, 0.53868740797, 0.800319075584, 1.79847002029, 2.95712733269, 2.25485706329, 1.58222913742, 1.85412859917, 2.21832609177, 1.80068325996, 1.85449945927, 3.32601857185, 1.49623739719, 2.10826897621, 2.52072691917, 1.64110457897, 2.60245418549, 1.32063913345, 2.13985586166, 2.45790481567, 1.33789074421, 1.28703570366, 0.966623663902, 0.994832634926, 1.04472243786, 1.00800383091, 0.931364834309, 0.859785735607, 0.897090852261, 0.848792552948, 0.703007996082, 0.623771846294, 0.413412988186, 0.24068428576, 0.122901715338, 0.0396605692804, 0.0063215107657, 0.00108424923383, 0.000255978229688, 6.44112151349e-05], "min": [4.73220567159e-22, 5.6831880194e-21, 4.47430555942e-20, 6.89064714711e-20, 1.21394945822e-19, 1.54675730588e-19, 4.96646115716e-19, 3.54296397306e-19, 4.77419956738e-19, 7.68821314277e-19, 7.65707806452e-19, 1.13080221947e-18, 1.05166419591e-18, 9.35301907408e-19, 1.55625853504e-18, 4.11902402878e-18, 3.22963198953e-18, 6.09823024737e-18, 6.85601867834e-18, 3.41910329231e-18, 5.62852028602e-18, 5.21323922258e-18, 1.60614999572e-17, 1.55640269194e-17, 1.52727005251e-17, 1.49467847463e-17, 1.16897073176e-17, 2.39226208348e-17, 1.26604707681e-17, 1.79596677048e-17, 1.60234695014e-17, 1.93683629054e-17, 1.63022574919e-17, 1.31985137062e-17, 9.62847993743e-18, 6.45415241647e-18, 3.68346752774e-18, 1.59328034752e-18, 2.73355016609e-19, 3.66663703892e-20], "var": [2.7599298954, 25.1268978119, 47.6349906921, 326.954742432, 611.195983887, 1023.54351807, 280.061218262, 71.2578353882, 32.8542633057, 53.7134857178, 61.4028282166, 204.161209106, 87.6036682129, 186.027236938, 369.078979492, 1091.46972656, 2217.078125, 1615.71826172, 1593.71508789, 1476.01623535, 627.291870117, 293.79675293, 248.216430664, 245.701385498, 235.743362427, 225.224105835, 242.332824707, 254.501358032, 169.748779297, 108.460006714, 64.8172607422, 32.8811340332, 16.5688323975, 6.26415348053, 2.94589424133, 0.146622002125, 0.0160915888846, 0.00160059414338, 3.02523112623e-05, 5.79007597423e-08]}, "gfcc": {"mean": [-57.8541030884, 80.1507720947, -85.8676528931, 39.4214248657, -46.0473365784, 25.3287467957, -29.5678119659, 6.43827295303, -16.4996471405, 0.949737250805, -12.5740947723, -2.74954771996, -5.13609933853], "cov": [[20088.3554688, -161.776229858, 469.88571167, 1281.52978516, -161.702026367, 1199.83422852, -247.808654785, 597.123535156, -170.830078125, 269.625091553, -38.8227081299, -7.11871576309, -10.2613220215], [-161.776229858, 2514.94458008, -417.430938721, 358.073028564, 378.19342041, -244.7371521, 366.555450439, -152.637878418, 243.548675537, -70.0930023193, 148.478149414, -82.6823577881, 62.7568283081], [469.88571167, -417.430938721, 1682.18981934, 176.848114014, 41.8963279724, 204.25201416, -70.2715148926, 184.428939819, -51.477016449, 23.434261322, 5.47065162659, -1.98035609722, 19.675069809], [1281.52978516, 358.073028564, 176.848114014, 517.069885254, 31.382768631, 101.904006958, 79.2376251221, -15.2255859375, 36.5196113586, -30.8556747437, 18.3832950592, -48.2559814453, 6.15981245041], [-161.702026367, 378.19342041, 41.8963279724, 31.382768631, 373.657348633, 39.1968536377, 116.412528992, 35.3447113037, 61.9349632263, 28.8585262299, 33.6330833435, 9.95240592957, 23.7736186981], [1199.83422852, -244.7371521, 204.25201416, 101.904006958, 39.1968536377, 283.013244629, -4.75313425064, 99.1395568848, -4.61191701889, 46.4365653992, 25.3337650299, -1.3317438364, 22.6591625214], [-247.808654785, 366.555450439, -70.2715148926, 79.2376251221, 116.412528992, -4.75313425064, 193.892868042, 19.5916500092, 94.2051010132, 8.3159828186, 47.8092842102, 2.9176440239, 13.0832233429], [597.123535156, -152.637878418, 184.428939819, -15.2255859375, 35.3447113037, 99.1395568848, 19.5916500092, 172.419570923, 20.1588687897, 49.2692108154, 27.0339336395, -1.11717200279, 10.9709644318], [-170.830078125, 243.548675537, -51.477016449, 36.5196113586, 61.9349632263, -4.61191701889, 94.2051010132, 20.1588687897, 116.624061584, 37.9427986145, 56.7929916382, 9.30286312103, 29.2738494873], [269.625091553, -70.0930023193, 23.434261322, -30.8556747437, 28.8585262299, 46.4365653992, 8.3159828186, 49.2692108154, 37.9427986145, 81.6998901367, 45.3717880249, 33.3914413452, 15.7370500565], [-38.8227081299, 148.478149414, 5.47065162659, 18.3832950592, 33.6330833435, 25.3337650299, 47.8092842102, 27.0339336395, 56.7929916382, 45.3717880249, 105.002998352, 30.8598232269, 47.4701728821], [-7.11871576309, -82.6823577881, -1.98035609722, -48.2559814453, 9.95240592957, -1.3317438364, 2.9176440239, -1.11717200279, 9.30286312103, 33.3914413452, 30.8598232269, 79.6782226562, 27.915058136], [-10.2613220215, 62.7568283081, 19.675069809, 6.15981245041, 23.7736186981, 22.6591625214, 13.0832233429, 10.9709644318, 29.2738494873, 15.7370500565, 47.4701728821, 27.915058136, 67.8205947876]], "icov": [[0.000123581674416, -0.000171143576154, 8.71736992849e-05, -0.000324699183693, 0.000185640514246, -0.000423794932431, 0.000309178692987, -0.000510467740241, 0.000336399389198, -0.000519965833519, 0.000511945458129, -0.000459973642137, 8.71610463946e-05], [-0.000171143576154, 0.00130366429221, -9.28246936382e-06, -6.85034901835e-05, -0.00108881224878, 0.00154729909264, -0.00107931590173, 0.00130384205841, -0.00112955388613, 0.00146674620919, -0.00213424861431, 0.0020580466371, -0.000567343551666], [8.71736992849e-05, -9.28246936382e-06, 0.000851801014505, -0.000650884816423, -0.000119935830298, -0.000312532618409, 0.000658621022012, -0.00124037161004, 0.000409604253946, 4.97696237289e-05, 0.000180151386303, -0.000530238030478, -4.23580750066e-05], [-0.000324699183693, -6.85034901835e-05, -0.000650884816423, 0.00395444687456, 0.00013724953169, -0.000833831436466, -0.00162424938753, 0.00244571710937, -0.001390159945, 0.00235808920115, -0.00133822055068, 0.00197457685135, 0.000168907601619], [0.000185640514246, -0.00108881224878, -0.000119935830298, 0.00013724953169, 0.00444408785552, -0.00171683914959, -0.00151682295837, -0.000985374674201, 0.00124962406699, -0.00270926440135, 0.00276900501922, -0.00139589968603, -0.000748575490434], [-0.000423794932431, 0.00154729909264, -0.000312532618409, -0.000833831436466, -0.00171683914959, 0.00820538215339, -0.00164639553986, -0.000186081961147, 0.0010131689487, -0.00137027713936, -0.00253932643682, 0.00399211561307, -0.00310657825321], [0.000309178692987, -0.00107931590173, 0.000658621022012, -0.00162424938753, -0.00151682295837, -0.00164639553986, 0.0133609808981, -0.00382921495475, -0.00787736009806, 0.00498343491927, -0.00109447957948, -0.00500596314669, 0.00519603909925], [-0.000510467740241, 0.00130384205841, -0.00124037161004, 0.00244571710937, -0.000985374674201, -0.000186081961147, -0.00382921495475, 0.0124822445214, -0.00121758901514, -0.00265000853688, -0.00285985483788, 0.00602925382555, -0.0013584010303], [0.000336399389198, -0.00112955388613, 0.000409604253946, -0.001390159945, 0.00124962406699, 0.0010131689487, -0.00787736009806, -0.00121758901514, 0.0236142780632, -0.0133249266073, 0.000185495824553, 0.00319111091085, -0.00650059664622], [-0.000519965833519, 0.00146674620919, 4.97696237289e-05, 0.00235808920115, -0.00270926440135, -0.00137027713936, 0.00498343491927, -0.00265000853688, -0.0133249266073, 0.0332202725112, -0.0118935536593, -0.00784435588866, 0.00880692806095], [0.000511945458129, -0.00213424861431, 0.000180151386303, -0.00133822055068, 0.00276900501922, -0.00253932643682, -0.00109447957948, -0.00285985483788, 0.000185495824553, -0.0118935536593, 0.0248917657882, -0.00445517385378, -0.0102360602468], [-0.000459973642137, 0.0020580466371, -0.000530238030478, 0.00197457685135, -0.00139589968603, 0.00399211561307, -0.00500596314669, 0.00602925382555, 0.00319111091085, -0.00784435588866, -0.00445517385378, 0.0242219921201, -0.009262252599], [8.71610463946e-05, -0.000567343551666, -4.23580750066e-05, 0.000168907601619, -0.000748575490434, -0.00310657825321, 0.00519603909925, -0.0013584010303, -0.00650059664622, 0.00880692806095, -0.0102360602468, -0.009262252599, 0.0275369025767]]}, "melbands": {"dmean": [0.00427363021299, 0.00188457546756, 0.00124205765314, 0.000819610140752, 0.000282137654722, 7.64167198213e-05, 4.67939389637e-05, 4.0724837163e-05, 3.67577595171e-05, 4.28535167885e-05, 1.80264742085e-05, 2.44929324253e-05, 2.57954707195e-05, 2.84167508653e-05, 2.90563602903e-05, 2.91485466732e-05, 1.62129290402e-05, 2.01347847906e-05, 1.90169412235e-05, 1.74282631633e-05, 7.43521695767e-06, 6.13673046246e-06, 5.68864561501e-06, 4.99430825585e-06, 4.23284427598e-06, 3.59391947313e-06, 3.48272055817e-06, 3.02217586068e-06, 3.12137740366e-06, 2.78148240795e-06, 2.676590384e-06, 2.32792694987e-06, 2.3731336114e-06, 1.86646855127e-06, 1.52184838953e-06, 1.40793474657e-06, 2.00240697268e-06, 2.16867942981e-06, 1.8412300733e-06, 1.49827872065e-06], "dmean2": [0.00636467291042, 0.002942354884, 0.00204226444475, 0.00150861917064, 0.000521512003615, 0.000126054845168, 7.63818534324e-05, 7.05197599018e-05, 6.15828394075e-05, 6.92026806064e-05, 2.72749730357e-05, 4.03578924306e-05, 4.14252426708e-05, 4.66577184852e-05, 4.03653539252e-05, 4.16729635617e-05, 2.43975264311e-05, 3.30317998305e-05, 3.05011562887e-05, 2.49559197982e-05, 9.47489388636e-06, 8.73225690157e-06, 8.29240889288e-06, 7.50183608034e-06, 6.21043318461e-06, 4.98811004945e-06, 4.53473376183e-06, 4.36247501057e-06, 5.30623401573e-06, 4.51696405435e-06, 4.28872908742e-06, 3.49926426679e-06, 3.76887896891e-06, 2.92279992209e-06, 2.33766695601e-06, 2.1610778731e-06, 3.06676361106e-06, 3.38931658916e-06, 2.74220360552e-06, 2.2657345653e-06], "dvar": [6.51924419799e-05, 1.71242263605e-05, 1.00277165984e-05, 8.25385359349e-06, 1.0057202644e-06, 3.09744265792e-08, 6.46015552164e-09, 6.13986550491e-09, 5.32155741695e-09, 6.76062184013e-09, 1.19905241291e-09, 2.30429164638e-09, 2.01700056657e-09, 4.92439600208e-09, 6.21871931727e-09, 7.3660535449e-09, 3.0037854426e-09, 2.12097295282e-09, 2.18414131226e-09, 1.13850340266e-09, 2.12035874969e-10, 1.59164473268e-10, 9.94104937257e-11, 1.40763470324e-10, 1.19252149822e-10, 5.52406800858e-11, 8.683616326e-11, 5.64150115512e-11, 5.63874606729e-11, 4.95927882094e-11, 5.79691329661e-11, 2.14855737368e-11, 2.19228645654e-11, 1.72221802791e-11, 9.94774141533e-12, 1.12736035784e-11, 8.61570710609e-12, 8.16365464812e-12, 5.52672447737e-12, 3.53205225484e-12], "dvar2": [0.000157144968398, 4.36754380644e-05, 2.34733433899e-05, 2.37201038544e-05, 2.91744845526e-06, 8.08630460369e-08, 1.66702811555e-08, 1.69632770053e-08, 1.46200100914e-08, 1.74996177549e-08, 2.43349940199e-09, 5.71218006229e-09, 5.18235054869e-09, 1.38290143781e-08, 1.01856709733e-08, 1.65240052752e-08, 4.66478899952e-09, 4.67182381669e-09, 5.28071364414e-09, 1.96940419528e-09, 3.37507882753e-10, 3.00782426743e-10, 2.03598762849e-10, 3.01049268847e-10, 2.80338918746e-10, 1.07352529644e-10, 1.45477491165e-10, 1.22058432805e-10, 1.30348315475e-10, 1.10646602991e-10, 1.40540412641e-10, 4.28426183419e-11, 4.85445017517e-11, 3.9712733102e-11, 2.26966362371e-11, 2.7641411729e-11, 2.04874554821e-11, 1.98139699092e-11, 1.30678714377e-11, 6.98889080289e-12], "max": [0.113068066537, 0.0379033386707, 0.0267100632191, 0.0317491143942, 0.00845920201391, 0.00236238678917, 0.00120604492258, 0.000765981851146, 0.000890768074896, 0.00110624695662, 0.000406665494666, 0.000489933940116, 0.000425906589953, 0.000723968609236, 0.000956983829383, 0.000999629963189, 0.000536163162906, 0.000366757420124, 0.00041113991756, 0.000346840213751, 0.000161331845447, 0.000138545481605, 0.000111506087705, 0.000118828560517, 0.000122511119116, 0.000110204338853, 0.000117670570035, 8.48826894071e-05, 6.39096178929e-05, 8.20624263724e-05, 0.000120765223983, 7.57222878747e-05, 6.85610575601e-05, 5.45192888239e-05, 5.0156198995e-05, 6.56039192108e-05, 4.54790715594e-05, 1.7354162992e-05, 1.19776259453e-05, 8.6188520072e-06], "mean": [0.00702495872974, 0.00225868215784, 0.00126502627973, 0.000666529231239, 0.000231618803809, 0.000102403886558, 6.38485071249e-05, 4.78457259305e-05, 4.69723381684e-05, 5.24680835952e-05, 2.41589677898e-05, 3.04378172586e-05, 3.31675655616e-05, 3.33084681188e-05, 3.86027568311e-05, 3.23284366459e-05, 2.28040535148e-05, 2.84947254841e-05, 2.40970293817e-05, 2.60517863353e-05, 1.08942576844e-05, 7.95479809312e-06, 7.26797952666e-06, 5.4005322454e-06, 4.98206190969e-06, 5.01982958667e-06, 4.37238941231e-06, 3.54436497219e-06, 3.87458794648e-06, 3.40855058312e-06, 3.37845608556e-06, 3.04929130834e-06, 2.8818399187e-06, 2.30890964303e-06, 1.96536325348e-06, 1.70316525328e-06, 1.96874043468e-06, 1.90478658624e-06, 1.65131791618e-06, 1.37002905376e-06], "median": [0.00130440213252, 0.000602715299465, 0.000363102415577, 0.000204693002161, 5.96417739871e-05, 4.12849040003e-05, 3.32065501425e-05, 1.83492320502e-05, 1.79467060661e-05, 1.90557402675e-05, 6.765299986e-06, 8.54921563587e-06, 7.6783780969e-06, 5.88038255955e-06, 5.32205422132e-06, 4.13530779042e-06, 2.1041078071e-06, 3.1989686704e-06, 3.35120103045e-06, 2.7602445698e-06, 1.24286111713e-06, 1.19730134429e-06, 1.2156667708e-06, 6.07815024978e-07, 7.52584810471e-07, 8.43080783852e-07, 6.56957240608e-07, 6.14020223111e-07, 5.22954792359e-07, 4.75137369449e-07, 4.99922350627e-07, 4.97565622481e-07, 5.60513115033e-07, 3.75997956326e-07, 4.2024726099e-07, 3.22191993973e-07, 4.08554370779e-07, 2.96727790783e-07, 2.68088541588e-07, 1.80616723355e-07], "min": [5.5089608278e-24, 1.85694922526e-23, 1.30467164982e-23, 1.007975778e-23, 1.51441919379e-23, 8.53833540413e-24, 8.70800518535e-24, 8.65653043356e-24, 5.12742115125e-24, 7.80181305339e-24, 4.9442145169e-24, 3.51391700457e-24, 4.80162593612e-24, 7.37210079679e-24, 1.25126095449e-23, 7.89608666473e-24, 1.14366474464e-23, 1.12223565369e-23, 7.02313713132e-24, 4.17955862526e-24, 6.88657426457e-24, 3.33942728323e-24, 1.22519998785e-23, 1.69147681515e-23, 1.20196464209e-23, 1.16374046581e-23, 8.50366891165e-24, 1.03395659637e-23, 7.02349764075e-24, 9.25693799055e-24, 1.48883343696e-23, 7.25359258959e-24, 6.16420920606e-24, 1.20429675159e-23, 9.18223680713e-24, 9.4179547565e-24, 1.32049406966e-23, 1.09044266595e-23, 1.17954221749e-23, 1.10047792329e-23], "var": [0.00012810768385, 1.79462294909e-05, 9.16160479392e-06, 4.74388616567e-06, 5.82430800478e-07, 3.45111033084e-08, 7.50811324224e-09, 5.61864066384e-09, 5.45455947076e-09, 7.58292628689e-09, 2.18957318943e-09, 3.11074055404e-09, 3.09761549744e-09, 5.49181455867e-09, 1.10528972641e-08, 9.14212350267e-09, 5.83400128207e-09, 3.9413623476e-09, 2.89157897626e-09, 2.81983103534e-09, 5.94031268619e-10, 3.3918262643e-10, 2.03075209426e-10, 2.16673276543e-10, 1.59453006354e-10, 1.08485678774e-10, 1.56204632562e-10, 8.62984406158e-11, 8.99155680467e-11, 7.51890424922e-11, 1.07907273394e-10, 5.78755064706e-11, 4.05592399944e-11, 3.30939615989e-11, 2.03679139527e-11, 1.72801044307e-11, 1.11472367795e-11, 8.79449551378e-12, 6.17360633101e-12, 4.2995372887e-12]}, "mfcc": {"mean": [-703.00189209, 109.326431274, 24.0479373932, 23.6190185547, 14.2111740112, 17.9541664124, 5.71685314178, 7.36572694778, 5.24361562729, 4.96495676041, -0.0784416571259, 0.297057062387, 1.86618435383], "cov": [[12720.3076172, 213.449661255, -79.8456039429, -27.7109394073, 304.378570557, 301.704681396, 254.380477905, 169.266448975, 165.195526123, 163.640930176, 65.336517334, 135.778762817, 79.0282516479], [213.449661255, 1743.50488281, -302.211975098, 421.449462891, 43.7714385986, 138.633163452, 63.2808380127, 95.6570205688, 49.364528656, 104.398773193, 61.3358612061, 56.7917900085, 56.7852859497], [-79.8456039429, -302.211975098, 1270.28088379, 84.9297332764, 218.608947754, -34.7476539612, 115.088035583, 26.4596862793, 55.8008041382, -30.4916687012, 66.7169570923, 4.75423908234, -41.6765937805], [-27.7109394073, 421.449462891, 84.9297332764, 421.606719971, 30.6837310791, 102.114372253, 19.0319747925, 57.4093742371, 9.22026443481, 36.1546516418, 28.2451076508, 14.2703561783, -30.221912384], [304.378570557, 43.7714385986, 218.608947754, 30.6837310791, 252.094406128, 59.1010055542, 104.897384644, 28.3571815491, 57.178653717, 23.9239273071, 22.9503726959, 8.5514087677, 30.4657115936], [301.704681396, 138.633163452, -34.7476539612, 102.114372253, 59.1010055542, 179.454727173, 39.1526107788, 37.6882286072, 17.3116168976, 25.7226924896, 8.20049285889, 22.901512146, 10.4496135712], [254.380477905, 63.2808380127, 115.088035583, 19.0319747925, 104.897384644, 39.1526107788, 129.959609985, 58.2968635559, 46.817817688, 40.5216331482, 42.975982666, 15.6669931412, 21.5503063202], [169.266448975, 95.6570205688, 26.4596862793, 57.4093742371, 28.3571815491, 37.6882286072, 58.2968635559, 78.784362793, 44.028881073, 33.1886787415, 29.8973579407, 13.3814468384, 12.8080730438], [165.195526123, 49.364528656, 55.8008041382, 9.22026443481, 57.178653717, 17.3116168976, 46.817817688, 44.028881073, 73.6746292114, 45.101852417, 26.1893024445, 12.3698291779, 22.5170059204], [163.640930176, 104.398773193, -30.4916687012, 36.1546516418, 23.9239273071, 25.7226924896, 40.5216331482, 33.1886787415, 45.101852417, 85.2785949707, 51.4205780029, 19.6617488861, 22.774974823], [65.336517334, 61.3358612061, 66.7169570923, 28.2451076508, 22.9503726959, 8.20049285889, 42.975982666, 29.8973579407, 26.1893024445, 51.4205780029, 81.7508621216, 35.4770240784, 13.2137928009], [135.778762817, 56.7917900085, 4.75423908234, 14.2703561783, 8.5514087677, 22.901512146, 15.6669931412, 13.3814468384, 12.3698291779, 19.6617488861, 35.4770240784, 56.3342781067, 24.6531982422], [79.0282516479, 56.7852859497, -41.6765937805, -30.221912384, 30.4657115936, 10.4496135712, 21.5503063202, 12.8080730438, 22.5170059204, 22.774974823, 13.2137928009, 24.6531982422, 71.9732589722]], "icov": [[8.84524779394e-05, -1.32627258154e-06, 8.71256270329e-06, 6.90665983711e-05, -7.94391162344e-05, -8.00578636699e-05, -5.47400522919e-05, -0.000122327372083, 1.94121839741e-05, -0.000181094830623, 0.000206593686016, -0.000267660623649, 0.000126363855088], [-1.32627258154e-06, 0.000922561215702, 0.000326899229549, -0.00103687879164, -4.56816269434e-05, 0.000103925704025, -0.000328618596541, 9.98327232082e-05, -0.000266950984951, 1.95334214368e-05, -0.000198616908165, -0.000169265229488, -0.000715864822268], [8.71256270329e-06, 0.000326899229549, 0.00137631536927, -0.000741667754482, -0.000832806515973, 0.000552675395738, -0.000763659831136, 0.00079427997116, -0.00162253167946, 0.00233057374135, -0.00193408096675, 0.000117511408462, 0.000662606325932], [6.90665983711e-05, -0.00103687879164, -0.000741667754482, 0.00480152620003, -0.000844792812131, -0.00158703955822, 0.00236950372346, -0.00406709080562, 0.00305084814318, -0.00277939811349, 0.0009379266412, -0.000775773136411, 0.00294981873594], [-7.94391162344e-05, -4.56816269434e-05, -0.000832806515973, -0.000844792812131, 0.00893018208444, -0.00226438720711, -0.00669867312536, 0.00639520678669, -0.00610788492486, 0.00289205135778, -0.000422284996603, 0.00235462328419, -0.00303065543994], [-8.00578636699e-05, 0.000103925704025, 0.000552675395738, -0.00158703955822, -0.00226438720711, 0.00854907929897, -0.00049188232515, -0.00302063324489, 0.00233238376677, -0.0023023779504, 0.00360319623724, -0.00417425855994, 0.000828796473797], [-5.47400522919e-05, -0.000328618596541, -0.000763659831136, 0.00236950372346, -0.00669867312536, -0.00049188232515, 0.0203220434487, -0.0129503235221, 0.00402303505689, -0.00378264230676, -0.00329514313489, 0.000992180663161, 0.000202254945179], [-0.000122327372083, 9.98327232082e-05, 0.00079427997116, -0.00406709080562, 0.00639520678669, -0.00302063324489, -0.0129503235221, 0.0333432815969, -0.0181464087218, 0.00750833610073, -0.00605797721073, 0.0032442167867, -0.00221463874914], [1.94121839741e-05, -0.000266950984951, -0.00162253167946, 0.00305084814318, -0.00610788492486, 0.00233238376677, 0.00402303505689, -0.0181464087218, 0.0363547503948, -0.0184455066919, 0.00805973820388, -0.00340498727746, -0.00104793009814], [-0.000181094830623, 1.95334214368e-05, 0.00233057374135, -0.00277939811349, 0.00289205135778, -0.0023023779504, -0.00378264230676, 0.00750833610073, -0.0184455066919, 0.0343897379935, -0.0204390529543, 0.00767203373834, -0.0047144764103], [0.000206593686016, -0.000198616908165, -0.00193408096675, 0.0009379266412, -0.000422284996603, 0.00360319623724, -0.00329514313489, -0.00605797721073, 0.00805973820388, -0.0204390529543, 0.0344015322626, -0.0177456010133, 0.00463277893141], [-0.000267660623649, -0.000169265229488, 0.000117511408462, -0.000775773136411, 0.00235462328419, -0.00417425855994, 0.000992180663161, 0.0032442167867, -0.00340498727746, 0.00767203373834, -0.0177456010133, 0.032868809998, -0.0104584405199], [0.000126363855088, -0.000715864822268, 0.000662606325932, 0.00294981873594, -0.00303065543994, 0.000828796473797, 0.000202254945179, -0.00221463874914, -0.00104793009814, -0.0047144764103, 0.00463277893141, -0.0104584405199, 0.0219899918884]]}, "spectral_contrast_coeffs": {"dmean": [0.0521969273686, 0.045285359025, 0.0420797392726, 0.0349015779793, 0.025448333472, 0.0349307656288], "dmean2": [0.0809340626001, 0.0727137252688, 0.0669044405222, 0.05191392079, 0.0395608358085, 0.0510889142752], "dvar": [0.00329587631859, 0.00152079935651, 0.00139605591539, 0.000963096215855, 0.000669713655952, 0.00113263563253], "dvar2": [0.00845089741051, 0.00373840867542, 0.00316732772626, 0.00194983591791, 0.00139009556733, 0.00184332358185], "max": [-0.292790383101, -0.355923503637, -0.455315738916, -0.467575252056, -0.568672299385, -0.622076392174], "mean": [-0.702455103397, -0.774416983128, -0.796128749847, -0.798412621021, -0.820468425751, -0.790125846863], "median": [-0.711677372456, -0.785275995731, -0.81030189991, -0.812340974808, -0.831684112549, -0.791031301022], "min": [-0.957945048809, -0.968771219254, -0.96355342865, -0.976841688156, -0.963984727859, -0.962953925133], "var": [0.0073803816922, 0.00576943578199, 0.00485133705661, 0.00434737978503, 0.00242063147016, 0.00381577387452]}, "spectral_contrast_valleys": {"dmean": [0.408300757408, 0.504052639008, 0.577759563923, 0.515297651291, 0.514015436172, 0.904409945011], "dmean2": [0.596839010715, 0.754539430141, 0.842052817345, 0.72249776125, 0.734880626202, 1.12292635441], "dvar": [0.235018268228, 0.339746236801, 0.396037697792, 0.319627821445, 0.373693436384, 0.750178396702], "dvar2": [0.407812088728, 0.616787672043, 0.76863348484, 0.607072293758, 0.736043095589, 1.40085220337], "max": [-5.01471614838, -5.13882732391, -5.35464525223, -5.40339422226, -5.52786016464, -7.98633766174], "mean": [-7.32952690125, -7.55086517334, -8.11653900146, -8.4208