{"lowlevel": {"average_loudness": 0.147137671709, "barkbands_crest": {"dmean": 1.58061718941, "dmean2": 2.34884691238, "dvar": 2.18563437462, "dvar2": 5.43763828278, "max": 24.6016368866, "mean": 10.7170324326, "median": 9.91307735443, "min": 3.27746653557, "var": 14.8295030594}, "barkbands_flatness_db": {"dmean": 0.0119569785893, "dmean2": 0.0177466757596, "dvar": 0.000142850505654, "dvar2": 0.000327507674228, "max": 0.392462998629, "mean": 0.215466707945, "median": 0.213350147009, "min": 0.0275220032781, "var": 0.00191101641394}, "barkbands_kurtosis": {"dmean": 1.91217184067, "dmean2": 2.93325948715, "dvar": 18.2793331146, "dvar2": 48.3665733337, "max": 217.318252563, "mean": 4.84812688828, "median": 3.00347614288, "min": -1.6890655756, "var": 59.2610664368}, "barkbands_skewness": {"dmean": 0.315308004618, "dmean2": 0.462964832783, "dvar": 0.113844484091, "dvar2": 0.268882870674, "max": 11.9085588455, "mean": 1.48965358734, "median": 1.4550267458, "min": -2.885389328, "var": 1.19433629513}, "barkbands_spread": {"dmean": 1.51265108585, "dmean2": 2.25013065338, "dvar": 5.76727437973, "dvar2": 12.2735271454, "max": 106.424690247, "mean": 8.97447013855, "median": 8.24952793121, "min": 1.07242035866, "var": 28.8718566895}, "dissonance": {"dmean": 0.0257890243083, "dmean2": 0.0433727167547, "dvar": 0.000638226978481, "dvar2": 0.0017545321025, "max": 0.499703854322, "mean": 0.42620536685, "median": 0.432481706142, "min": 0.163287997246, "var": 0.00157462246716}, "dynamic_complexity": 8.13229942322, "erbbands_crest": {"dmean": 2.0419716835, "dmean2": 2.98589110374, "dvar": 3.37070512772, "dvar2": 7.51606178284, "max": 33.3782806396, "mean": 11.8743886948, "median": 10.6065368652, "min": 1.9780343771, "var": 30.0325145721}, "erbbands_flatness_db": {"dmean": 0.00997295044363, "dmean2": 0.0139828315005, "dvar": 0.0001201649211, "dvar2": 0.000226770396694, "max": 0.450630098581, "mean": 0.241716310382, "median": 0.242996111512, "min": 0.0233809612691, "var": 0.00325514026918}, "erbbands_kurtosis": {"dmean": 0.862828969955, "dmean2": 1.26792538166, "dvar": 1.47283411026, "dvar2": 3.07049512863, "max": 32.0039024353, "mean": 1.11830437183, "median": 0.23793554306, "min": -1.70738852024, "var": 8.53512191772}, "erbbands_skewness": {"dmean": 0.273280113935, "dmean2": 0.397777825594, "dvar": 0.0571366101503, "dvar2": 0.126004323363, "max": 4.42726373672, "mean": 0.575437307358, "median": 0.624228060246, "min": -3.67543268204, "var": 0.830267190933}, "erbbands_spread": {"dmean": 2.92397880554, "dmean2": 4.28926420212, "dvar": 10.1945114136, "dvar2": 22.809513092, "max": 110.593154907, "mean": 21.1212940216, "median": 20.2427558899, "min": 1.50330257416, "var": 117.274490356}, "hfc": {"dmean": 1.20540225506, "dmean2": 1.72852575779, "dvar": 3.48308706284, "dvar2": 7.70550346375, "max": 51.5068511963, "mean": 7.95956468582, "median": 4.63760328293, "min": 1.26106199013e-16, "var": 73.4667816162}, "melbands_crest": {"dmean": 2.07911705971, "dmean2": 3.14273571968, "dvar": 4.35968542099, "dvar2": 11.9617910385, "max": 37.1328353882, "mean": 14.1512680054, "median": 13.3494377136, "min": 3.71106243134, "var": 23.0441570282}, "melbands_flatness_db": {"dmean": 0.0126958182082, "dmean2": 0.0187579300255, "dvar": 0.000174581844476, "dvar2": 0.000402458303142, "max": 0.479518741369, "mean": 0.293841362, "median": 0.292853653431, "min": 0.0102819297463, "var": 0.00314005999826}, "melbands_kurtosis": {"dmean": 2.99861478806, "dmean2": 4.63487958908, "dvar": 60.9525566101, "dvar2": 164.204055786, "max": 300.74432373, "mean": 8.55948257446, "median": 5.66180706024, "min": -1.6971129179, "var": 213.241546631}, "melbands_skewness": {"dmean": 0.367063909769, "dmean2": 0.535133063793, "dvar": 0.166926041245, "dvar2": 0.412638187408, "max": 13.6706914902, "mean": 1.9310708046, "median": 1.8379535675, "min": -2.68378996849, "var": 1.54942154884}, "melbands_spread": {"dmean": 1.8725066185, "dmean2": 2.72121763229, "dvar": 8.69759941101, "dvar2": 13.2565088272, "max": 154.008041382, "mean": 11.3038492203, "median": 9.95683097839, "min": 0.647609472275, "var": 41.1314048767}, "pitch_salience": {"dmean": 0.0455566607416, "dmean2": 0.0695189461112, "dvar": 0.00176197674591, "dvar2": 0.00451060570776, "max": 0.870848536491, "mean": 0.536196291447, "median": 0.537750542164, "min": 0.176851823926, "var": 0.0106880133972}, "silence_rate_20dB": {"dmean": 0, "dmean2": 0, "dvar": 0, "dvar2": 0, "max": 1, "mean": 1, "median": 1, "min": 1, "var": 0}, "silence_rate_30dB": {"dmean": 0.00412690220401, "dmean2": 0.00825486890972, "dvar": 0.00410991115496, "dvar2": 0.0107665201649, "max": 1, "mean": 0.993939399719, "median": 1, "min": 0, "var": 0.00602420512587}, "silence_rate_60dB": {"dmean": 0.0257931388915, "dmean2": 0.0515929311514, "dvar": 0.0251309964806, "dvar2": 0.0543431155384, "max": 1, "mean": 0.240618959069, "median": 0, "min": 0, "var": 0.182713538408}, "spectral_centroid": {"dmean": 63.347530365, "dmean2": 94.4163513184, "dvar": 19827.9511719, "dvar2": 25946.9765625, "max": 11040.9570312, "mean": 656.039855957, "median": 594.873291016, "min": 209.437332153, "var": 82551.5078125}, "spectral_complexity": {"dmean": 1.31622385979, "dmean2": 2.20405006409, "dvar": 1.85977470875, "dvar2": 4.72862768173, "max": 32, "mean": 11.0266923904, "median": 10, "min": 0, "var": 46.1664962769}, "spectral_decrease": {"dmean": 7.16250281307e-10, "dmean2": 1.0178710097e-09, "dvar": 1.61824734674e-18, "dvar2": 3.82300627964e-18, "max": -8.57549572846e-30, "mean": -4.58264581837e-09, "median": -2.10622275176e-09, "min": -3.70394239724e-08, "var": 3.24965679139e-17}, "spectral_energy": {"dmean": 0.00280102528632, "dmean2": 0.0039807963185, "dvar": 2.44639195444e-05, "dvar2": 5.76830352657e-05, "max": 0.144466817379, "mean": 0.0180178601295, "median": 0.00834863632917, "min": 1.14705765622e-20, "var": 0.000494419655297}, "spectral_energyband_high": {"dmean": 7.98770179244e-06, "dmean2": 1.30384833028e-05, "dvar": 5.77833447757e-10, "dvar2": 1.4816231575e-09, "max": 0.0010231428314, "mean": 3.50844966306e-05, "median": 3.50581467501e-06, "min": 7.83495701908e-21, "var": 5.63171864698e-09}, "spectral_energyband_low": {"dmean": 0.000659270212054, "dmean2": 0.000830619770568, "dvar": 3.08893663714e-06, "dvar2": 6.35690685158e-06, "max": 0.0655674934387, "mean": 0.00363725260831, "median": 0.000840889872052, "min": 1.86986817943e-22, "var": 4.98762528878e-05}, "spectral_energyband_middle_high": {"dmean": 0.000454113789601, "dmean2": 0.00064460420981, "dvar": 4.878787081e-07, "dvar2": 1.03319086975e-06, "max": 0.0187820699066, "mean": 0.00205364380963, "median": 0.00151111022569, "min": 1.90553534512e-21, "var": 4.33877858086e-06}, "spectral_energyband_middle_low": {"dmean": 0.00258013815619, "dmean2": 0.00371341244318, "dvar": 2.11919432331e-05, "dvar2": 5.13043196406e-05, "max": 0.109763540328, "mean": 0.0132790859789, "median": 0.00542082218453, "min": 2.25536872659e-22, "var": 0.000309993454721}, "spectral_entropy": {"dmean": 0.0921998396516, "dmean2": 0.137156739831, "dvar": 0.00905602518469, "dvar2": 0.0190042052418, "max": 9.80800914764, "mean": 6.65528345108, "median": 6.62936973572, "min": 5.16706466675, "var": 0.162393838167}, "spectral_flux": {"dmean": 0.00721914274618, "dmean2": 0.0120361438021, "dvar": 9.91699198494e-05, "dvar2": 0.000256270868704, "max": 0.1906131953, "mean": 0.0330751463771, "median": 0.022438056767, "min": 1.07100779634e-10, "var": 0.000733491790015}, "spectral_kurtosis": {"dmean": 5.88584947586, "dmean2": 10.3156890869, "dvar": 39.7391662598, "dvar2": 115.865409851, "max": 146.346893311, "mean": 16.3568344116, "median": 13.655008316, "min": -1.19935190678, "var": 114.60811615}, "spectral_rms": {"dmean": 0.000275500962744, "dmean2": 0.000381023884984, "dvar": 1.25212437752e-07, "dvar2": 2.85276314571e-07, "max": 0.0118719516322, "mean": 0.00345760537311, "median": 0.00285394652747, "min": 3.3452661214e-12, "var": 5.62336344956e-06}, "spectral_rolloff": {"dmean": 117.152099609, "dmean2": 192.501907349, "dvar": 179674.09375, "dvar2": 277102.09375, "max": 19401.4160156, "mean": 790.314331055, "median": 667.529296875, "min": 43.06640625, "var": 371246.1875}, "spectral_skewness": {"dmean": 0.433727502823, "dmean2": 0.754635691643, "dvar": 0.173612117767, "dvar2": 0.509255647659, "max": 10.0058546066, "mean": 2.77232384682, "median": 2.62518048286, "min": 0.00283432728611, "var": 0.679219305515}, "spectral_spread": {"dmean": 192687.96875, "dmean2": 321567.03125, "dvar": 258068873216, "dvar2": 425364357120, "max": 40901760, "mean": 2478192.75, "median": 2158372, "min": 510316.75, "var": 1668564385790.0}, "spectral_strongpeak": {"dmean": 0.251183539629, "dmean2": 0.403429687023, "dvar": 0.156042009592, "dvar2": 0.342185080051, "max": 4.69806718826, "mean": 0.873803973198, "median": 0.594391584396, "min": 0, "var": 0.711349487305}, "zerocrossingrate": {"dmean": 0.00335833476856, "dmean2": 0.00415678322315, "dvar": 7.9212251876e-05, "dvar2": 8.54627141962e-05, "max": 0.50390625, "mean": 0.0315294936299, "median": 0.02880859375, "min": 0.00390625, "var": 0.000336343160598}, "barkbands": {"dmean": [3.35824984177e-06, 0.000210093799978, 0.000363529077731, 0.000515865860507, 0.000860342290252, 0.00127237010747, 0.000845322443638, 0.000522904971149, 0.000275093101664, 0.000237673768424, 0.000159793911735, 0.000114413393021, 0.000160979907378, 5.89304218011e-05, 0.000115356895549, 5.51720804651e-05, 3.82694743166e-05, 2.52985082625e-05, 2.17209417315e-05, 1.03278753159e-05, 3.12877637043e-06, 1.92573429558e-06, 1.02174954009e-06, 5.74806733766e-07, 2.42467905309e-07, 8.04204276506e-08, 1.19086074335e-08], "dmean2": [5.25803534401e-06, 0.000267898605671, 0.000449967366876, 0.000669007131364, 0.00133437733166, 0.00174499768764, 0.00116055493709, 0.000752920575906, 0.000359330093488, 0.000346550979884, 0.000219904119149, 0.000157146030688, 0.000237028303673, 9.51791880652e-05, 0.00018963337061, 9.30218302528e-05, 6.54440955259e-05, 4.35460278823e-05, 3.61649763363e-05, 1.7253732949e-05, 5.31869955012e-06, 3.25314658767e-06, 1.70010332567e-06, 9.57542169999e-07, 4.02402264399e-07, 1.31338268261e-07, 1.99803462664e-08], "dvar": [3.99415951702e-11, 5.70617260109e-07, 9.78559455689e-07, 1.65848496181e-06, 4.86631006424e-06, 7.15601026968e-06, 3.68224777958e-06, 1.56803037044e-06, 4.05385321756e-07, 2.9339747698e-07, 1.32738961156e-07, 6.0446716077e-08, 9.89243176264e-08, 1.40924019121e-08, 4.23949266803e-08, 1.40027429651e-08, 8.38603853026e-09, 3.69476649276e-09, 2.52329224182e-09, 7.36172012239e-10, 6.36724908909e-11, 3.55494349236e-11, 9.15616714392e-12, 2.61471031458e-12, 5.08902598881e-13, 6.43263992962e-14, 7.36743381231e-16], "dvar2": [9.12187894664e-11, 1.12700024602e-06, 1.92507786778e-06, 3.64333868674e-06, 1.40721622301e-05, 1.72314939846e-05, 7.42449219615e-06, 3.5677805954e-06, 5.79111826937e-07, 6.09007997809e-07, 2.40345286784e-07, 1.0349739199e-07, 2.11288536889e-07, 3.81725016041e-08, 1.17825393886e-07, 4.05452595942e-08, 2.43981546078e-08, 1.14324398837e-08, 6.86441925524e-09, 2.01017580359e-09, 1.69364203217e-10, 1.05696444652e-10, 2.45659083353e-11, 7.55079505865e-12, 1.39893110117e-12, 1.6650141552e-13, 2.05580105551e-15], "max": [0.00014294970606, 0.0345855467021, 0.0407198444009, 0.058425731957, 0.0482583902776, 0.0854325741529, 0.0443092174828, 0.0333471037447, 0.0315360091627, 0.0161505155265, 0.0103702079505, 0.0096708163619, 0.0084363585338, 0.00242343381979, 0.00323730427772, 0.00231828331016, 0.00220883148722, 0.00104410632048, 0.00117576285265, 0.000745255092625, 0.000277487066342, 0.000159096845891, 0.000102031852293, 5.52350356884e-05, 3.66187559848e-05, 1.54033641593e-05, 9.46230045429e-07], "mean": [4.53972961623e-06, 0.00104190572165, 0.0017150985077, 0.00203264737502, 0.00272395578213, 0.00439291587099, 0.0020224484615, 0.00119191571139, 0.000669321569148, 0.000479669775814, 0.000351159018464, 0.000331281771651, 0.000415856047766, 0.000105904327938, 0.000211221486097, 0.000107127743831, 7.38208764233e-05, 5.20625908393e-05, 4.73493164463e-05, 2.44306284003e-05, 9.02532883629e-06, 6.15815406491e-06, 3.79498351322e-06, 2.55749000644e-06, 1.23690278997e-06, 4.45941964244e-07, 5.07760695712e-08], "median": [1.89637034964e-06, 7.94116349425e-05, 0.000312661344651, 0.000273716112133, 0.000587744405493, 0.00137580826413, 0.000427813327406, 0.000319835875416, 0.000234005579841, 0.000140335789183, 0.00010824623314, 6.7373875936e-05, 0.00012558492017, 2.56828880083e-05, 8.07441756479e-05, 2.78464704024e-05, 1.65912697412e-05, 1.09418633656e-05, 1.04654818642e-05, 3.71621626982e-06, 1.13601277008e-06, 4.85326836497e-07, 3.07821466095e-07, 1.5024747313e-07, 6.00229626002e-08, 3.02844149758e-08, 8.08619926573e-09], "min": [5.1651219972e-24, 9.67446644824e-23, 8.16960130665e-23, 5.78804364442e-24, 9.58408507661e-23, 2.69974581275e-23, 2.84715614803e-23, 3.88047999907e-23, 2.27266661609e-23, 4.07451453821e-23, 2.00560148005e-22, 1.83051702069e-22, 1.20308204779e-22, 2.41953610833e-22, 1.10768692868e-22, 2.58176529038e-22, 2.20232571932e-22, 1.24798590378e-22, 2.24895408836e-22, 3.5804561282e-22, 3.23793827673e-22, 7.46808888687e-22, 5.52384740617e-22, 9.12260359275e-22, 1.36186008328e-21, 1.46443825425e-21, 2.53265659119e-21], "var": [7.21832246753e-11, 9.15584314498e-06, 1.312247241e-05, 2.34452927543e-05, 2.716968811e-05, 6.47638080409e-05, 1.56357400556e-05, 6.31904504189e-06, 1.75610841779e-06, 7.30425199436e-07, 4.50898625104e-07, 6.33498416391e-07, 5.98601388901e-07, 3.07097032248e-08, 9.18022564633e-08, 3.21650226454e-08, 1.83145534294e-08, 9.51086587264e-09, 8.10047051658e-09, 2.72744604679e-09, 3.16673354206e-10, 1.88357995867e-10, 7.05612512863e-11, 2.97663213522e-11, 7.2286855321e-12, 8.78435507928e-13, 8.74265818838e-15]}, "erbbands": {"dmean": [0.00209332699887, 0.0623228140175, 0.35036829114, 1.04243957996, 2.46342682838, 3.00512003899, 6.62686300278, 10.9548130035, 11.4503908157, 12.445183754, 7.42176485062, 7.0547041893, 7.7609910965, 5.93230199814, 5.52488517761, 5.33278226852, 7.77334022522, 3.15931725502, 5.72662210464, 3.2690923214, 2.85403418541, 1.66427636147, 1.37942266464, 1.48955440521, 0.850430846214, 0.487207174301, 0.198906302452, 0.0842581689358, 0.0748657435179, 0.0544025599957, 0.0309777371585, 0.0158555209637, 0.008743644692, 0.00384801067412, 0.00173238571733, 0.000556450395379, 0.000131638720632, 1.94004460354e-05, 2.6296490887e-06, 3.12125075652e-06], "dmean2": [0.00304767698981, 0.0780743062496, 0.422694176435, 1.35041248798, 3.83118200302, 4.43902349472, 9.52262496948, 14.2131280899, 15.5002450943, 17.3985519409, 10.6464700699, 9.15860557556, 11.1847600937, 8.38320922852, 7.77642965317, 7.38603830338, 11.2523393631, 5.04782056808, 9.34425830841, 5.47048807144, 4.84552288055, 2.80515766144, 2.38802433014, 2.50328302383, 1.454636693, 0.824241876602, 0.335155159235, 0.142047077417, 0.126427590847, 0.0941368937492, 0.0511876493692, 0.0266844276339, 0.0143025415018, 0.00632028654218, 0.00289848260581, 0.000913344323635, 0.000214565588976, 3.14279459417e-05, 4.23305618824e-06, 4.43370572611e-06], "dvar": [6.30753129371e-05, 0.0483235195279, 1.04470825195, 5.58342409134, 45.1949310303, 65.631439209, 365.401000977, 560.573181152, 685.020019531, 760.073059082, 214.322769165, 298.61050415, 365.525634766, 198.112762451, 146.529159546, 122.94985199, 220.904190063, 31.6396656036, 119.418952942, 48.5599403381, 41.0010108948, 15.5830774307, 11.3639888763, 14.6257972717, 5.27107095718, 1.65473854542, 0.276100277901, 0.0464248545468, 0.0492139346898, 0.0415499210358, 0.0083782877773, 0.00178187945858, 0.000637009507045, 0.000123052421259, 3.17671292578e-05, 3.07976142722e-06, 1.50722783587e-07, 2.57436805207e-09, 2.7207397793e-11, 2.99110250457e-11], "dvar2": [0.000138178133056, 0.0964662358165, 2.15078759193, 11.6711196899, 134.481582642, 170.72706604, 1005.0579834, 1174.17626953, 1319.25720215, 1514.06079102, 495.911193848, 410.38571167, 740.104858398, 393.081939697, 273.716827393, 212.177200317, 463.163024902, 86.2191619873, 325.979827881, 137.350296021, 118.674781799, 44.4208717346, 34.325958252, 43.0193443298, 14.8639640808, 4.56857061386, 0.700830101967, 0.126022681594, 0.146223604679, 0.123814739287, 0.022935314104, 0.00527929188684, 0.00176781578921, 0.000334527896484, 8.93815304153e-05, 8.28217980597e-06, 4.00793197741e-07, 6.65408794731e-09, 7.40844330327e-11, 7.02890315396e-11], "max": [0.35964858532, 9.81981658936, 41.395450592, 106.584266663, 238.924530029, 232.173141479, 577.577392578, 1036.28601074, 647.877563477, 704.412658691, 317.104431152, 876.70123291, 627.938232422, 391.402893066, 541.320739746, 492.550811768, 406.550140381, 80.7040176392, 191.878540039, 132.194229126, 153.908248901, 77.6119308472, 66.9539413452, 110.26133728, 48.7384681702, 35.4969329834, 18.1380119324, 6.64196205139, 6.01918506622, 5.66414308548, 2.68397712708, 1.29266095161, 0.762051939964, 0.480380833149, 0.255643188953, 0.0917092040181, 0.0224305521697, 0.00208852696232, 0.000190432197996, 0.000161543677677], "mean": [0.00997722987086, 0.324174314737, 1.86765551567, 4.36215877533, 7.69846487045, 9.81346893311, 20.181678772, 41.6839256287, 30.1924705505, 30.9447154999, 18.6918010712, 17.4370212555, 15.4394254684, 14.0760030746, 12.426363945, 16.5838775635, 21.3373985291, 6.944252491, 10.8869075775, 6.99981307983, 5.98559236526, 3.68787527084, 3.00411653519, 3.05864596367, 1.86772179604, 1.18764352798, 0.55920112133, 0.263707488775, 0.224473297596, 0.167154714465, 0.111808463931, 0.0627226680517, 0.0368988476694, 0.0173339098692, 0.00772408908233, 0.00273075909354, 0.00069865671685, 0.000113615475129, 1.75674940692e-05, 2.0519566533e-05], "median": [0.00123919814359, 0.0310252383351, 0.348664343357, 0.925169944763, 1.33794391155, 1.92555403709, 5.49909877777, 11.6133403778, 7.48315525055, 8.50392723083, 7.08257961273, 6.16377353668, 4.53303813934, 4.67981624603, 4.95311832428, 5.67026424408, 7.68017721176, 3.93486094475, 3.97888207436, 2.51488685608, 1.64069533348, 0.840570151806, 0.620301365852, 0.71552246809, 0.34614905715, 0.183894306421, 0.0699830725789, 0.0326817333698, 0.0201097838581, 0.0119073092937, 0.00800044741482, 0.00424447702244, 0.0019350053044, 0.000823572801892, 0.000384258397389, 0.000159455201356, 5.40394685231e-05, 1.19664837257e-05, 5.5355785662e-06, 9.53612197918e-06], "min": [1.69853864749e-21, 2.58466977274e-20, 9.90309224272e-20, 4.58996124181e-20, 4.11109119868e-20, 5.19657401478e-19, 2.42983555305e-19, 2.93568105455e-19, 5.1609897388e-19, 5.1378519461e-19, 7.95098412495e-19, 4.37205382187e-19, 8.81784355751e-19, 4.34028822519e-18, 6.60886042003e-18, 7.25782662397e-18, 5.48791943423e-18, 1.31070366295e-17, 6.70471907249e-18, 1.00637820804e-17, 1.31645248549e-17, 1.23468477204e-17, 7.04024751718e-18, 1.00715617141e-17, 1.47591272438e-17, 1.5808493532e-17, 1.41587479747e-17, 1.36068977377e-17, 2.76410905101e-17, 2.17430776757e-17, 1.50777687963e-17, 1.60625422048e-17, 1.62786067439e-17, 1.44848655855e-17, 9.73116365713e-18, 5.90049313553e-18, 2.56454506943e-18, 1.49830564093e-18, 2.86410511615e-19, 3.80739829913e-20], "var": [0.000941124861129, 0.754108965397, 15.244389534, 84.5913696289, 266.642242432, 396.385040283, 1958.58398438, 7104.41308594, 3153.99194336, 3482.35668945, 870.571350098, 1273.18579102, 843.859130859, 638.65423584, 470.604827881, 1479.09960938, 1422.57580566, 76.4991378784, 264.11151123, 115.761817932, 97.5983734131, 43.1043548584, 30.777463913, 36.4757003784, 14.2592401505, 6.15368938446, 1.32890987396, 0.278348982334, 0.228837907314, 0.189042955637, 0.0615057274699, 0.016487672925, 0.00664446409792, 0.00142062967643, 0.00031433760887, 3.87623003917e-05, 1.98467228074e-06, 4.43495196123e-08, 5.83387671504e-10, 6.25600848903e-10]}, "gfcc": {"mean": [-144.199554443, 159.03918457, -130.781478882, -1.59861338139, -51.0346107483, -10.9767665863, -38.6505508423, -7.17180156708, -19.9348087311, -5.31707000732, -6.77840805054, -7.95968103409, -9.84555149078], "cov": [[26739.3964844, 1357.32641602, -3121.28271484, 281.429718018, -1011.85040283, -612.161437988, -698.246948242, -249.511627197, -233.612258911, -385.004638672, -123.53704071, -399.647857666, -87.5117492676], [1357.32641602, 1241.23571777, 17.3231887817, -75.7048950195, 326.14440918, -40.9232139587, 136.568862915, -81.7976074219, 57.8116912842, -80.7446594238, 66.1231079102, -169.249069214, -33.551071167], [-3121.28271484, 17.3231887817, 1216.17297363, 311.631774902, 282.546691895, 194.180084229, 79.5810089111, 152.043624878, 40.9442939758, 9.65410423279, -112.635353088, -7.79495000839, -0.667034089565], [281.429718018, -75.7048950195, 311.631774902, 314.450683594, 71.6304855347, 69.9329910278, -29.8133430481, 52.2830619812, -14.1357936859, -38.6161499023, -94.7275314331, -38.4276504517, -4.91022205353], [-1011.85040283, 326.14440918, 282.546691895, 71.6304855347, 288.608764648, 101.61492157, 101.255363464, -9.5154132843, 15.1095561981, -3.92327046394, 6.63166999817, -58.259563446, -21.7818317413], [-612.161437988, -40.9232139587, 194.180084229, 69.9329910278, 101.61492157, 152.902633667, 70.3126983643, 36.7646865845, 4.98744440079, 12.0926265717, -26.7789478302, -7.95806837082, -18.0621528625], [-698.246948242, 136.568862915, 79.5810089111, -29.8133430481, 101.255363464, 70.3126983643, 140.809295654, 31.1131725311, 25.8711490631, 10.5480356216, 24.7968788147, -16.6783885956, -20.8098964691], [-249.511627197, -81.7976074219, 152.043624878, 52.2830619812, -9.5154132843, 36.7646865845, 31.1131725311, 133.995071411, 41.6071205139, 3.11874961853, -33.7533798218, 15.1921329498, 6.69707107544], [-233.612258911, 57.8116912842, 40.9442939758, -14.1357936859, 15.1095561981, 4.98744440079, 25.8711490631, 41.6071205139, 82.1961669922, 30.9986190796, 13.1229972839, -0.335066378117, 3.38727259636], [-385.004638672, -80.7446594238, 9.65410423279, -38.6161499023, -3.92327046394, 12.0926265717, 10.5480356216, 3.11874961853, 30.9986190796, 94.1233673096, 47.2096176147, 20.5819759369, -6.84995126724], [-123.53704071, 66.1231079102, -112.635353088, -94.7275314331, 6.63166999817, -26.7789478302, 24.7968788147, -33.7533798218, 13.1229972839, 47.2096176147, 109.389160156, 34.0138320923, -1.76422655582], [-399.647857666, -169.249069214, -7.79495000839, -38.4276504517, -58.259563446, -7.95806837082, -16.6783885956, 15.1921329498, -0.335066378117, 20.5819759369, 34.0138320923, 91.945098877, 35.9743041992], [-87.5117492676, -33.551071167, -0.667034089565, -4.91022205353, -21.7818317413, -18.0621528625, -20.8098964691, 6.69707107544, 3.38727259636, -6.84995126724, -1.76422655582, 35.9743041992, 61.1959037781]], "icov": [[0.000210345053347, -0.000848645693623, 0.000644636224024, -0.000966643041465, 0.00121207465418, -0.000750941049773, 0.000843580288347, -0.000569318013731, 0.000716867914889, -0.000517223437782, 0.000120195742056, -8.19556371425e-05, 0.000278002204141], [-0.000848645693623, 0.0061706379056, -0.00278818723746, 0.00481072114781, -0.00736947543919, 0.00470174383372, -0.00387631240301, 0.00265394919552, -0.0050434814766, 0.00567892519757, -0.00354585540481, 0.00502449367195, -0.00245986739174], [0.000644636224024, -0.00278818723746, 0.00387460784987, -0.00402484089136, 0.00173039454967, -0.0022188173607, 0.00260515953414, -0.00294160307385, 0.00230594654568, -0.00304267834872, 0.00267008179799, -0.0026965434663, 0.0014752590796], [-0.000966643041465, 0.00481072114781, -0.00402484089136, 0.0111085195094, -0.00728104822338, 0.00188859342597, -0.000243849441176, 0.000725817168131, -0.00290445913561, 0.00468514068052, -0.000326651410433, 0.0041232262738, -0.00184195872862], [0.00121207465418, -0.00736947543919, 0.00173039454967, -0.00728104822338, 0.019162165001, -0.00974445603788, 0.0017332744319, 3.50716836692e-05, 0.00477575184777, -0.00358530785888, -0.00236725364812, 0.00227004964836, -0.000410821143305], [-0.000750941049773, 0.00470174383372, -0.0022188173607, 0.00188859342597, -0.00974445603788, 0.018419181928, -0.00986214727163, 0.00198519183323, -0.00182401156053, -0.000952529313508, 0.00529210921377, -0.00327916280366, 0.00210298737511], [0.000843580288347, -0.00387631240301, 0.00260515953414, -0.000243849441176, 0.0017332744319, -0.00986214727163, 0.0200605597347, -0.00783396326005, 0.00219313823618, 0.000529734417796, -0.00491590611637, 0.00242218258791, 0.00284733064473], [-0.000569318013731, 0.00265394919552, -0.00294160307385, 0.000725817168131, 3.50716836692e-05, 0.00198519183323, -0.00783396326005, 0.0166377313435, -0.0095656523481, 0.00257358211093, 0.00384850264527, -0.00344128441066, -0.000267776835244], [0.000716867914889, -0.0050434814766, 0.00230594654568, -0.00290445913561, 0.00477575184777, -0.00182401156053, 0.00219313823618, -0.0095656523481, 0.0234617572278, -0.0108889006078, 0.00127331004478, 0.000375492702005, -0.00169529067352], [-0.000517223437782, 0.00567892519757, -0.00304267834872, 0.00468514068052, -0.00358530785888, -0.000952529313508, 0.000529734417796, 0.00257358211093, -0.0108889006078, 0.0244624614716, -0.0138050168753, 0.00681589124724, -5.98747556069e-06], [0.000120195742056, -0.00354585540481, 0.00267008179799, -0.000326651410433, -0.00236725364812, 0.00529210921377, -0.00491590611637, 0.00384850264527, 0.00127331004478, -0.0138050168753, 0.0295215044171, -0.019197108224, 0.00737773953006], [-8.19556371425e-05, 0.00502449367195, -0.0026965434663, 0.0041232262738, 0.00227004964836, -0.00327916280366, 0.00242218258791, -0.00344128441066, 0.000375492702005, 0.00681589124724, -0.019197108224, 0.0355487912893, -0.0167294405401], [0.000278002204141, -0.00245986739174, 0.0014752590796, -0.00184195872862, -0.000410821143305, 0.00210298737511, 0.00284733064473, -0.000267776835244, -0.00169529067352, -5.98747556069e-06, 0.00737773953006, -0.0167294405401, 0.026870528236]]}, "melbands": {"dmean": [3.72793256247e-05, 0.00014808375272, 0.00021051002841, 0.0002040881227, 0.000195581334992, 0.000240771012614, 0.000178749178303, 0.000137370298035, 5.69204348722e-05, 4.33142886322e-05, 3.85070561606e-05, 2.45103456109e-05, 1.81480500032e-05, 1.31735750983e-05, 1.91549042938e-05, 1.33193871079e-05, 6.19673573965e-06, 8.94998902368e-06, 6.67579979563e-06, 4.6173681767e-06, 3.30812417815e-06, 2.11196856981e-06, 1.65022754572e-06, 1.17898798635e-06, 1.34976062327e-06, 7.72592841258e-07, 4.45657093451e-07, 3.70157067664e-07, 1.74373994355e-07, 8.17392731278e-08, 5.47987752952e-08, 5.46772511711e-08, 3.67393440115e-08, 3.04789331551e-08, 2.35338895038e-08, 1.56717021582e-08, 1.01254533647e-08, 7.35234451099e-09, 6.73685596198e-09, 3.33842686828e-09], "dmean2": [4.93217157782e-05, 0.000179738737643, 0.000287711445708, 0.000317626283504, 0.000280009873677, 0.000318167323712, 0.00024272230803, 0.00019463551871, 8.10050623841e-05, 5.65720947634e-05, 5.55951373826e-05, 3.48758767359e-05, 2.53132657235e-05, 1.86464585568e-05, 2.66275983449e-05, 1.97317549464e-05, 1.00978340924e-05, 1.46002266774e-05, 1.10695364128e-05, 7.80115533416e-06, 5.62469449505e-06, 3.56803388968e-06, 2.84094880953e-06, 2.03544504984e-06, 2.2696654014e-06, 1.31208651055e-06, 7.66936238961e-07, 6.29253804618e-07, 2.93091176218e-07, 1.39844559044e-07, 9.29483405798e-08, 9.2806054397e-08, 6.37890380517e-08, 5.24620809017e-08, 3.94749264387e-08, 2.63660613342e-08, 1.73481957688e-08, 1.23628476345e-08, 1.13624087916e-08, 5.51395329396e-09], "dvar": [1.90127593669e-08, 1.97854674866e-07, 2.44634804858e-07, 3.23384824696e-07, 2.7611730502e-07, 2.52215670571e-07, 1.64262232261e-07, 9.68341140606e-08, 1.24256445133e-08, 1.04353166108e-08, 9.0592076063e-09, 3.21594906261e-09, 1.4328250808e-09, 7.03953062509e-10, 1.3730961923e-09, 6.13325445986e-10, 1.48880241468e-10, 3.06009162454e-10, 1.65797445217e-10, 9.45144656983e-11, 5.91166768316e-11, 2.59299855893e-11, 1.63678966214e-11, 7.41646848101e-12, 1.23577328925e-11, 5.05994118133e-12, 1.35025139941e-12, 1.16851829862e-12, 2.27200081123e-13, 5.16469564327e-14, 2.11444563573e-14, 2.98017124487e-14, 1.32916283028e-14, 1.12172352976e-14, 5.49883370852e-15, 1.83369588773e-15, 8.7687338859e-16, 4.7300204423e-16, 4.1752080385e-16, 1.02798704423e-16], "dvar2": [3.75509401351e-08, 4.09431777371e-07, 5.60996340937e-07, 9.52461959969e-07, 7.35308390176e-07, 5.48536263523e-07, 3.27370855757e-07, 2.00899464176e-07, 2.71298485899e-08, 1.48114596144e-08, 1.8362968035e-08, 6.55122978088e-09, 2.68217337229e-09, 1.24474897056e-09, 2.60303067989e-09, 1.35267685941e-09, 4.10559558572e-10, 8.35439828428e-10, 4.71478578401e-10, 2.701449342e-10, 1.69927794058e-10, 7.26130197637e-11, 4.87629103763e-11, 2.27896191501e-11, 3.59786922477e-11, 1.42205240639e-11, 3.82300441304e-12, 3.18792540109e-12, 5.73283608085e-13, 1.44700074947e-13, 5.68262342564e-14, 8.97774354316e-14, 3.93131470574e-14, 3.24004400241e-14, 1.5139682246e-14, 5.06676177861e-15, 2.72698085731e-15, 1.36400881282e-15, 1.16848978579e-15, 2.72715042272e-16], "max": [0.006676803343, 0.0157121755183, 0.0202143229544, 0.0123931206763, 0.0161734037101, 0.0202172510326, 0.00899605359882, 0.00833198614419, 0.00264189438894, 0.00472293002531, 0.00311338272877, 0.0014297964517, 0.00140336283948, 0.00109954166692, 0.000827509094961, 0.000651216716506, 0.000181532333954, 0.000301811553072, 0.00023648350907, 0.000145630139741, 0.000169942810317, 0.000118845367979, 7.52207561163e-05, 4.84114571009e-05, 0.000100560522696, 5.09020355821e-05, 4.36777772848e-05, 3.24104257743e-05, 1.82575149665e-05, 5.66662220081e-06, 4.82466248286e-06, 4.86414364786e-06, 2.80828771793e-06, 2.94160281555e-06, 2.19396929424e-06, 1.13379826416e-06, 8.15868986592e-07, 6.1539736862e-07, 6.48035722861e-07, 3.93458492454e-07], "mean": [0.000189743761439, 0.000789857294876, 0.000885270652361, 0.000635860371403, 0.000651738489978, 0.000881951884367, 0.000458126974991, 0.000332527270075, 0.000140113290399, 0.000104541468318, 7.35457942938e-05, 5.47869713046e-05, 4.01333563786e-05, 3.64425213775e-05, 5.45300172234e-05, 3.26979316014e-05, 1.08310277938e-05, 1.65162418853e-05, 1.23873714983e-05, 8.68176994118e-06, 6.32724777461e-06, 4.04903630624e-06, 3.04533614326e-06, 2.41572342929e-06, 2.49884442383e-06, 1.48519643517e-06, 9.71932308858e-07, 7.67280198488e-07, 4.19612007363e-07, 1.90103861542e-07, 1.38070689104e-07, 1.36824283459e-07, 1.01533125019e-07, 8.27744344178e-08, 6.88170729291e-08, 4.99515913077e-08, 3.29645537533e-08, 2.61156909431e-08, 2.19178666327e-08, 1.21857759439e-08], "median": [1.64006578416e-05, 0.000133150009788, 0.00018670008285, 0.00012716341007, 0.000186226170626, 0.00026161869755, 0.000106565144961, 9.16768040042e-05, 5.35835424671e-05, 3.42943349096e-05, 2.04122698051e-05, 1.63962504303e-05, 1.31750557557e-05, 1.00780298453e-05, 1.30382013594e-05, 1.05689014163e-05, 3.41413056049e-06, 5.90711715631e-06, 5.06030346514e-06, 2.30413570534e-06, 1.64775394751e-06, 8.77801596744e-07, 5.59649038223e-07, 5.51454206743e-07, 5.56217401027e-07, 2.63873573658e-07, 1.78708177145e-07, 1.01921841633e-07, 4.88993201486e-08, 1.86243287459e-08, 1.82106258961e-08, 1.23105898808e-08, 7.31355509487e-09, 6.01354122054e-09, 4.98140106941e-09, 3.34845373651e-09, 2.1015067464e-09, 1.3174183966e-09, 1.0436721487e-09, 5.55647527989e-10], "min": [2.12504202618e-23, 4.71022156967e-23, 7.89141266387e-24, 1.78549104903e-23, 1.46065642983e-23, 6.76363265908e-24, 7.03659667608e-24, 6.11497245267e-24, 6.47995985528e-24, 2.65853757289e-24, 4.40670993963e-24, 1.63035145459e-23, 2.69587345234e-23, 1.93435478164e-23, 1.89788574199e-23, 1.09569253527e-23, 2.60539110651e-23, 1.06651659358e-23, 9.31716515408e-24, 1.55672817072e-23, 1.51571355676e-23, 1.2486543214e-23, 9.046073104e-24, 5.75375659404e-24, 8.34999722959e-24, 8.27053132631e-24, 1.3583367528e-23, 9.93249164851e-24, 8.71636789981e-24, 7.05171125103e-24, 8.0848902672e-24, 1.42286762589e-23, 1.68715511957e-23, 1.0078493236e-23, 7.40714042048e-24, 1.10824583663e-23, 9.48949418541e-24, 1.1481027972e-23, 1.16193570984e-23, 1.26929936349e-23], "var": [3.26972610765e-07, 2.72071611107e-06, 3.29842941937e-06, 1.66286838521e-06, 1.68431165548e-06, 2.89152421828e-06, 7.38885034934e-07, 4.27771794875e-07, 5.04730515161e-08, 4.43176304543e-08, 2.04117096558e-08, 9.86877246589e-09, 4.86546536393e-09, 7.15692838327e-09, 8.89153550787e-09, 2.8841320443e-09, 2.97474184174e-10, 6.70808353309e-10, 3.348062938e-10, 2.06701725181e-10, 1.24158169856e-10, 5.86223569687e-11, 3.43125111657e-11, 1.93057462378e-11, 2.73926749339e-11, 1.03402772456e-11, 4.17183215057e-12, 3.31821614456e-12, 8.89357706403e-13, 1.58345098101e-13, 8.59361748971e-14, 9.39942364935e-14, 5.70240062852e-14, 4.75918404078e-14, 2.61244747623e-14, 1.07270115913e-14, 5.05152619699e-15, 3.51306660764e-15, 2.4939845399e-15, 7.37244930615e-16]}, "mfcc": {"mean": [-770.749450684, 183.988220215, -18.8970851898, 10.7597761154, -0.635744154453, -7.86924266815, -8.57441139221, -7.6050658226, -11.380979538, -1.99749898911, -4.27423381805, -3.70014572144, -0.113552071154], "cov": [[15028.5673828, 2659.85351562, -1143.18701172, 393.374389648, -402.833221436, -303.959991455, -524.198669434, -215.783493042, -346.629516602, -84.8388137817, -350.644866943, -240.1587677, -157.927612305], [2659.85351562, 2413.80297852, -290.846801758, 59.7712287903, 118.149093628, -31.0935955048, 57.836555481, -54.8770446777, -88.9199752808, 16.8134765625, 29.0867557526, -29.3668670654, -11.8271131516], [-1143.18701172, -290.846801758, 651.179016113, 171.191604614, 207.162200928, 91.000541687, 82.505569458, 103.683197021, 144.473632812, 54.7693519592, 30.851184845, 2.81902742386, -37.7213172913], [393.374389648, 59.7712287903, 171.191604614, 218.303131104, 125.200714111, 60.397567749, 32.6524276733, 34.2966804504, 38.6182174683, 37.5862426758, -4.34139251709, -41.1352577209, -37.8139038086], [-402.833221436, 118.149093628, 207.162200928, 125.200714111, 210.455764771, 92.1199951172, 76.2675018311, 44.65102005, 55.3559913635, 38.2093544006, 16.6108150482, -19.6183338165, -28.9355220795], [-303.959991455, -31.0935955048, 91.000541687, 60.397567749, 92.1199951172, 154.769119263, 82.6689834595, 25.9107608795, 32.9233207703, 28.7129211426, 26.2480335236, 5.04050159454, -17.701505661], [-524.198669434, 57.836555481, 82.505569458, 32.6524276733, 76.2675018311, 82.6689834595, 142.522247314, 56.1100616455, 31.0215091705, 27.9643936157, 36.1461791992, 9.36247253418, 5.25666856766], [-215.783493042, -54.8770446777, 103.683197021, 34.2966804504, 44.65102005, 25.9107608795, 56.1100616455, 110.203681946, 69.611038208, 19.9141426086, 8.86015796661, 0.947699189186, -1.09982919693], [-346.629516602, -88.9199752808, 144.473632812, 38.6182174683, 55.3559913635, 32.9233207703, 31.0215091705, 69.611038208, 115.915893555, 49.4516601562, 10.3058071136, 5.60600090027, -8.33076763153], [-84.8388137817, 16.8134765625, 54.7693519592, 37.5862426758, 38.2093544006, 28.7129211426, 27.9643936157, 19.9141426086, 49.4516601562, 84.1516189575, 39.1918067932, -3.858325243, -9.56510639191], [-350.644866943, 29.0867557526, 30.851184845, -4.34139251709, 16.6108150482, 26.2480335236, 36.1461791992, 8.86015796661, 10.3058071136, 39.1918067932, 93.8680496216, 49.599445343, 13.0763072968], [-240.1587677, -29.3668670654, 2.81902742386, -41.1352577209, -19.6183338165, 5.04050159454, 9.36247253418, 0.947699189186, 5.60600090027, -3.858325243, 49.599445343, 101.406951904, 53.1301193237], [-157.927612305, -11.8271131516, -37.7213172913, -37.8139038086, -28.9355220795, -17.701505661, 5.25666856766, -1.09982919693, -8.33076763153, -9.56510639191, 13.0763072968, 53.1301193237, 88.4048538208]], "icov": [[0.000189234764548, -0.000220107947825, 0.00017321955238, -0.000753996195272, 0.00062564201653, -0.000209205347346, 0.00064299145015, -0.000473799038446, 0.000486051780172, -0.000478114350699, 0.000759413233027, -0.000434893823694, 0.000321874103975], [-0.000220107947825, 0.000806259689853, 0.000287289818516, 0.000664093939122, -0.00155226583593, 0.000876320467796, -0.00119546928909, 0.000786703778431, -0.000428382714745, 0.000491948623676, -0.00106153998058, 0.000399514450692, -0.000200655398658], [0.00017321955238, 0.000287289818516, 0.00359445996583, -0.00206511327997, -0.0018982514739, 0.000821219757199, -6.75334945299e-07, -0.000224250004976, -0.00253239669837, 0.00105453503784, -0.000330540235154, -0.00109597912524, 0.00112166069448], [-0.000753996195272, 0.000664093939122, -0.00206511327997, 0.0114537356421, -0.00566239096224, -0.000715843867511, -0.000715622038115, 5.73842589802e-05, 0.000465621269541, -0.00114958290942, -0.00153760914691, 0.00335549237207, -0.00106317771133], [0.00062564201653, -0.00155226583593, -0.0018982514739, -0.00566239096224, 0.0141629632562, -0.00420184759423, 0.000138733754284, -0.000930936017539, 0.000241440997343, -0.00113421375863, 0.00212546344846, 0.000135365393362, 0.000956774805672], [-0.000209205347346, 0.000876320467796, 0.000821219757199, -0.000715843867511, -0.00420184759423, 0.0127493692562, -0.00722786830738, 0.00329577876255, -0.00222990335897, 0.000506185519043, -0.000872443895787, -0.00223947223276, 0.00275561842136], [0.00064299145015, -0.00119546928909, -6.75334945299e-07, -0.000715622038115, 0.000138733754284, -0.00722786830738, 0.0172976274043, -0.00897434353828, 0.005156096071, -0.00305151450448, -0.000414542853832, 0.000615246361122, -0.00201242323965], [-0.000473799038446, 0.000786703778431, -0.000224250004976, 5.73842589802e-05, -0.000930936017539, 0.00329577876255, -0.00897434353828, 0.0207687728107, -0.013989539817, 0.00694178137928, -0.00408354494721, 0.00330720515922, -0.00161585549358], [0.000486051780172, -0.000428382714745, -0.00253239669837, 0.000465621269541, 0.000241440997343, -0.00222990335897, 0.005156096071, -0.013989539817, 0.0268893446773, -0.016247311607, 0.0100722275674, -0.00741082057357, 0.00282146874815], [-0.000478114350699, 0.000491948623676, 0.00105453503784, -0.00114958290942, -0.00113421375863, 0.000506185519043, -0.00305151450448, 0.00694178137928, -0.016247311607, 0.0283532943577, -0.0168104413897, 0.0102376695722, -0.00296165375039], [0.000759413233027, -0.00106153998058, -0.000330540235154, -0.00153760914691, 0.00212546344846, -0.000872443895787, -0.000414542853832, -0.00408354494721, 0.0100722275674, -0.0168104413897, 0.0281555838883, -0.0166388191283, 0.00587613414973], [-0.000434893823694, 0.000399514450692, -0.00109597912524, 0.00335549237207, 0.000135365393362, -0.00223947223276, 0.000615246361122, 0.00330720515922, -0.00741082057357, 0.0102376695722, -0.0166388191283, 0.0261315330863, -0.0129896337166], [0.000321874103975, -0.000200655398658, 0.00112166069448, -0.00106317771133, 0.000956774805672, 0.00275561842136, -0.00201242323965, -0.00161585549358, 0.00282146874815, -0.00296165375039, 0.00587613414973, -0.0129896337166, 0.0197309441864]]}, "spectral_contrast_coeffs": {"dmean": [0.0365321189165, 0.0332431606948, 0.0273871682584, 0.0229687597603, 0.0160409882665, 0.0102577498183], "dmean2": [0.059650439769, 0.0523952655494, 0.0423032082617, 0.03730616346, 0.0269080717117, 0.0171897169203], "dvar": [0.000897002464626, 0.000758874171879, 0.000526301795617, 0.000341839768225, 0.000163494056324, 7.35312714824e-05], "dvar2": [0.00251597817987, 0.00199737795629, 0.00120255502407, 0.000870292074978, 0.00044149486348, 0.00019605277339], "max": [-0.275010406971, -0.382338315248, -0.467743784189, -0.517857730389, -0.64794677496, -0.697763204575], "mean": [-0.602685153484, -0.669338822365, -0.731794953346, -0.743357717991, -0.783781707287, -0.79979622364], "median": [-0.601025760174, -0.666274607182, -0.735103905201, -0.742668151855, -0.778757214546, -0.792319357395], "min": [-0.980422437191, -0.96478676796, -0.963257491589, -0.973442733288, -0.96346694231, -0.958670914173], "var": [0.0105609828606, 0.00695417495444, 0.00563518190756, 0.00535530084744, 0.00219783163629, 0.00139563495759]}, "spectral_contrast_valleys": {"dmean": [0.35903775692, 0.262501806021, 0.232437491417, 0.19215361774, 0.135196655989, 0.0947826653719], "dmean2": [0.595225214958, 0.416110664606, 0.375567555428, 0.31857085228, 0.223252877593, 0.152085855603], "dvar": [0.131537690759, 0.11781