{"lowlevel": {"average_loudness": 0.890831530094, "barkbands_crest": {"dmean": 1.35049724579, "dmean2": 2.04568719864, "dvar": 2.56845617294, "dvar2": 6.68275260925, "max": 25.781211853, "mean": 11.896147728, "median": 11.4062356949, "min": 3.74418783188, "var": 14.7484502792}, "barkbands_flatness_db": {"dmean": 0.0175477266312, "dmean2": 0.0285294447094, "dvar": 0.000361890008207, "dvar2": 0.000852389843203, "max": 0.606012105942, "mean": 0.39717015624, "median": 0.398436516523, "min": 0.0489034838974, "var": 0.00371012487449}, "barkbands_kurtosis": {"dmean": 1.11332583427, "dmean2": 1.61414146423, "dvar": 3.42090582848, "dvar2": 7.95968103409, "max": 52.6013336182, "mean": 3.62453532219, "median": 2.25878667831, "min": -1.79149830341, "var": 25.28723526}, "barkbands_skewness": {"dmean": 0.245767608285, "dmean2": 0.343361407518, "dvar": 0.0888845399022, "dvar2": 0.189834281802, "max": 6.34917116165, "mean": 0.905257046223, "median": 0.902221977711, "min": -5.46795225143, "var": 1.21701741219}, "barkbands_spread": {"dmean": 0.719500899315, "dmean2": 1.04513704777, "dvar": 1.23819589615, "dvar2": 2.38884067535, "max": 92.286277771, "mean": 5.07904434204, "median": 4.52711677551, "min": 0.341520547867, "var": 12.5399885178}, "dissonance": {"dmean": 0.0376364737749, "dmean2": 0.0642721354961, "dvar": 0.00176241563167, "dvar2": 0.00472041592002, "max": 0.500000119209, "mean": 0.346946179867, "median": 0.363587230444, "min": 0.0655852332711, "var": 0.00824395008385}, "dynamic_complexity": 4.48267030716, "erbbands_crest": {"dmean": 1.65740072727, "dmean2": 2.36387443542, "dvar": 4.50295448303, "dvar2": 10.0050497055, "max": 34.089717865, "mean": 15.3261079788, "median": 14.3914766312, "min": 2.86009669304, "var": 37.6189689636}, "erbbands_flatness_db": {"dmean": 0.0125706577674, "dmean2": 0.0196219347417, "dvar": 0.000209104604437, "dvar2": 0.000463849748485, "max": 0.589202582836, "mean": 0.407532304525, "median": 0.408507525921, "min": 0.0614810027182, "var": 0.00343152834103}, "erbbands_kurtosis": {"dmean": 1.07223856449, "dmean2": 1.45825004578, "dvar": 5.18618202209, "dvar2": 9.07963085175, "max": 86.1786346436, "mean": 2.82218575478, "median": 1.0321097374, "min": -1.73805606365, "var": 36.6192932129}, "erbbands_skewness": {"dmean": 0.235464036465, "dmean2": 0.317931383848, "dvar": 0.0845727920532, "dvar2": 0.157105952501, "max": 4.55703687668, "mean": 0.479979634285, "median": 0.583564579487, "min": -6.57375526428, "var": 1.51264894009}, "erbbands_spread": {"dmean": 1.3996309042, "dmean2": 1.97342705727, "dvar": 3.391466856, "dvar2": 7.04863882065, "max": 108.857536316, "mean": 10.5580320358, "median": 9.79415607452, "min": 0.610501945019, "var": 41.9236564636}, "hfc": {"dmean": 2.15903520584, "dmean2": 3.00126457214, "dvar": 22.7099132538, "dvar2": 46.5741577148, "max": 138.879516602, "mean": 12.4365940094, "median": 11.3049087524, "min": 1.10557149026e-16, "var": 106.572189331}, "melbands_crest": {"dmean": 1.60484099388, "dmean2": 2.43720030785, "dvar": 3.69691061974, "dvar2": 9.45641708374, "max": 33.0988197327, "mean": 14.7825040817, "median": 14.1693496704, "min": 1.79040467739, "var": 20.4060497284}, "melbands_flatness_db": {"dmean": 0.0194202177227, "dmean2": 0.031456489116, "dvar": 0.000501417380292, "dvar2": 0.00114490906708, "max": 0.732426702976, "mean": 0.51791882515, "median": 0.520851254463, "min": 0.0041839168407, "var": 0.00477454857901}, "melbands_kurtosis": {"dmean": 1.23125469685, "dmean2": 1.79980945587, "dvar": 4.01269721985, "dvar2": 9.42636394501, "max": 71.1665344238, "mean": 4.19222259521, "median": 2.61895513535, "min": -1.88958954811, "var": 38.8765487671}, "melbands_skewness": {"dmean": 0.260535001755, "dmean2": 0.368187725544, "dvar": 0.0932367518544, "dvar2": 0.212026283145, "max": 7.39927768707, "mean": 1.10585701466, "median": 1.06162810326, "min": -3.75971055031, "var": 1.19277322292}, "melbands_spread": {"dmean": 1.0528408289, "dmean2": 1.50632691383, "dvar": 4.81412267685, "dvar2": 7.42656898499, "max": 138.457336426, "mean": 7.83273649216, "median": 6.87432432175, "min": 0.50462192297, "var": 34.2988548279}, "pitch_salience": {"dmean": 0.0390470102429, "dmean2": 0.0598152689636, "dvar": 0.00223588990048, "dvar2": 0.0056979204528, "max": 0.821725964546, "mean": 0.521689474583, "median": 0.528306722641, "min": 0.125617220998, "var": 0.012195113115}, "silence_rate_20dB": {"dmean": 0, "dmean2": 0, "dvar": 0, "dvar2": 0, "max": 1, "mean": 1, "median": 1, "min": 1, "var": 0}, "silence_rate_30dB": {"dmean": 0.000518134736922, "dmean2": 0.00103640370071, "dvar": 0.000517847831361, "dvar2": 0.00155345757958, "max": 1, "mean": 0.999740958214, "median": 1, "min": 0, "var": 0.000258995423792}, "silence_rate_60dB": {"dmean": 0.00310880830511, "dmean2": 0.00608887150884, "dvar": 0.00309917889535, "dvar2": 0.00734746968374, "max": 1, "mean": 0.0992099493742, "median": 0, "min": 0, "var": 0.0893665030599}, "spectral_centroid": {"dmean": 27.9214744568, "dmean2": 37.6515617371, "dvar": 16957.7792969, "dvar2": 18667.4804688, "max": 11166.4697266, "mean": 469.106231689, "median": 429.034423828, "min": 238.790405273, "var": 44841.015625}, "spectral_complexity": {"dmean": 0.872538864613, "dmean2": 1.45239019394, "dvar": 1.55201292038, "dvar2": 3.39488339424, "max": 26, "mean": 10.1661701202, "median": 10, "min": 0, "var": 21.6563911438}, "spectral_decrease": {"dmean": 1.18393084225e-09, "dmean2": 1.78944548068e-09, "dvar": 3.71981425745e-18, "dvar2": 9.22702519792e-18, "max": 6.805695905e-18, "mean": -7.62569740687e-09, "median": -7.16681958224e-09, "min": -3.0801459161e-08, "var": 2.58934911407e-17}, "spectral_energy": {"dmean": 0.00465199910104, "dmean2": 0.00700908480212, "dvar": 5.79822153668e-05, "dvar2": 0.000142529490404, "max": 0.124420702457, "mean": 0.0299090687186, "median": 0.028149433434, "min": 1.05215944122e-20, "var": 0.000397868891014}, "spectral_energyband_high": {"dmean": 2.32008034118e-07, "dmean2": 3.49335522287e-07, "dvar": 5.93140076985e-12, "dvar2": 1.33358766738e-11, "max": 0.000151630549226, "mean": 3.45197378238e-07, "median": 3.06610807854e-08, "min": 7.62904155314e-21, "var": 6.67708206434e-12}, "spectral_energyband_low": {"dmean": 0.00128430349287, "dmean2": 0.00199324986897, "dvar": 9.42043425312e-06, "dvar2": 2.72213910648e-05, "max": 0.0643368288875, "mean": 0.00490985810757, "median": 0.00216831942089, "min": 5.42949042801e-23, "var": 4.58130816696e-05}, "spectral_energyband_middle_high": {"dmean": 0.000947130494751, "dmean2": 0.00119386799634, "dvar": 1.22989322335e-05, "dvar2": 2.38455395447e-05, "max": 0.109408818185, "mean": 0.00339860003442, "median": 0.00158462533727, "min": 1.86690342558e-21, "var": 4.82436917082e-05}, "spectral_energyband_middle_low": {"dmean": 0.00372566794977, "dmean2": 0.00568029098213, "dvar": 3.94080707338e-05, "dvar2": 9.6382740594e-05, "max": 0.117564797401, "mean": 0.0233484711498, "median": 0.0205630008131, "min": 3.10569010048e-22, "var": 0.000289746036287}, "spectral_entropy": {"dmean": 0.11650185287, "dmean2": 0.178526043892, "dvar": 0.0378072969615, "dvar2": 0.0833345130086, "max": 9.79364967346, "mean": 5.34901189804, "median": 5.35871601105, "min": 3.8473982811, "var": 0.298787534237}, "spectral_flux": {"dmean": 0.0136997113004, "dmean2": 0.021200703457, "dvar": 0.000547746953089, "dvar2": 0.00120453815907, "max": 0.318926930428, "mean": 0.0351088345051, "median": 0.0226147267967, "min": 1.02574823635e-10, "var": 0.00124238000717}, "spectral_kurtosis": {"dmean": 42.8926391602, "dmean2": 73.9895629883, "dvar": 1961.01916504, "dvar2": 5195.3203125, "max": 669.068603516, "mean": 153.962539673, "median": 141.963409424, "min": -1.2252420187, "var": 8524.30175781}, "spectral_rms": {"dmean": 0.000375981559046, "dmean2": 0.000553369580302, "dvar": 3.06815849171e-07, "dvar2": 7.22970071365e-07, "max": 0.0110175339505, "mean": 0.00496307807043, "median": 0.00524050183594, "min": 3.20389916854e-12, "var": 4.5475967454e-06}, "spectral_rolloff": {"dmean": 44.4298057556, "dmean2": 72.5076370239, "dvar": 58296.0117188, "dvar2": 66159.2890625, "max": 18970.7519531, "mean": 615.926513672, "median": 495.263671875, "min": 172.265625, "var": 409574.375}, "spectral_skewness": {"dmean": 1.88296735287, "dmean2": 3.29765844345, "dvar": 2.98163986206, "dvar2": 8.06139278412, "max": 21.6003303528, "mean": 8.77264881134, "median": 8.68058681488, "min": 0.0347943715751, "var": 12.1895132065}, "spectral_spread": {"dmean": 260843, "dmean2": 456503.28125, "dvar": 258430631936, "dvar2": 345342640128, "max": 41514684, "mean": 839677.5, "median": 722130, "min": 150762.734375, "var": 794365788160}, "spectral_strongpeak": {"dmean": 0.356672286987, "dmean2": 0.565917134285, "dvar": 0.474678784609, "dvar2": 0.96834218502, "max": 14.5119895935, "mean": 1.64324295521, "median": 1.23385775089, "min": 0, "var": 2.3218832016}, "zerocrossingrate": {"dmean": 0.00192769896239, "dmean2": 0.00233057979494, "dvar": 3.28874120896e-05, "dvar2": 3.32295130647e-05, "max": 0.51904296875, "mean": 0.0230313055217, "median": 0.02001953125, "min": 0.0068359375, "var": 0.000303177512251}, "barkbands": {"dmean": [1.1271130461e-05, 0.000602259358857, 0.000568340416066, 0.000677033385728, 0.00130107614677, 0.00156230852008, 0.00100684037898, 0.00061003502924, 0.000322545383824, 0.00037869089283, 0.000321153493132, 0.000315975456033, 0.000115625814942, 4.09350141126e-05, 4.88052755827e-05, 1.9953778974e-05, 8.30962471809e-06, 2.70991108664e-06, 1.75888078502e-06, 3.57946703389e-07, 1.0520675886e-07, 3.0071674928e-08, 6.13395290117e-09, 1.61160473855e-09, 1.21856458257e-09, 1.16245113535e-09, 1.24639198962e-09], "dmean2": [1.85223325389e-05, 0.000969317858107, 0.000859754392877, 0.00101398141123, 0.00205853185616, 0.00238013314083, 0.00155626470223, 0.000876773847267, 0.000447760306997, 0.000494289561175, 0.00045834062621, 0.000358704099199, 0.000156092515681, 5.70350457565e-05, 6.25608954579e-05, 2.66292317974e-05, 1.22408127936e-05, 4.023672318e-06, 2.62450180344e-06, 5.23323933521e-07, 1.50129494614e-07, 4.6808370513e-08, 9.32457400182e-09, 2.83582091143e-09, 2.19941087565e-09, 2.10475303852e-09, 2.24984808561e-09], "dvar": [2.58256482866e-09, 3.19052332998e-06, 2.72956890512e-06, 2.20944798457e-06, 9.83785048447e-06, 1.22347973956e-05, 6.95796825312e-06, 4.77583489555e-06, 3.99828741138e-06, 1.54503436534e-06, 3.02411467601e-06, 4.76967215945e-06, 8.57926067965e-07, 3.36694725434e-08, 2.70736215668e-08, 6.21764240094e-09, 9.3724406014e-10, 1.7523243967e-10, 8.85794423922e-11, 7.27544890652e-12, 5.5481086305e-13, 9.71649315369e-14, 2.45319736239e-15, 2.66261167375e-17, 3.26847990662e-18, 2.81750992884e-18, 3.20639028227e-18], "dvar2": [6.45957953793e-09, 1.06356628748e-05, 7.15011310604e-06, 5.1814595281e-06, 2.63011843344e-05, 2.91940177704e-05, 2.00349186343e-05, 1.03717375168e-05, 7.06797618477e-06, 2.76200853477e-06, 5.65790605833e-06, 7.05455659045e-06, 2.24605378207e-06, 6.74305269399e-08, 4.3837811603e-08, 1.1673507494e-08, 2.19102780363e-09, 4.57863552628e-10, 2.11590439614e-10, 1.64406405156e-11, 1.29415326112e-12, 2.2064334138e-13, 5.32585306355e-15, 7.17604195331e-17, 1.017578978e-17, 8.99896653996e-18, 1.02858651856e-17], "max": [0.00158691033721, 0.0383361577988, 0.051667355001, 0.039794690907, 0.0842691510916, 0.0738916248083, 0.0555756129324, 0.0535844750702, 0.106363236904, 0.0405884794891, 0.0793758556247, 0.0856538265944, 0.0419518202543, 0.0102351130918, 0.00656277034432, 0.00288344337605, 0.000763373216614, 0.000500369409565, 0.000292594108032, 0.000125488266349, 2.39512482949e-05, 1.40744004966e-05, 1.59820160661e-06, 2.4786152153e-07, 2.5739440801e-08, 2.52434535497e-08, 2.66925876957e-08], "mean": [1.08902349893e-05, 0.00181604374666, 0.00167879054789, 0.00278702285141, 0.00507294060662, 0.00729420781136, 0.00430687563494, 0.00222309865057, 0.000899869308341, 0.00145924440585, 0.000806973839644, 0.000924821011722, 0.000303422712022, 0.000120194104966, 0.000119798773085, 5.91189527768e-05, 1.69097529579e-05, 5.03532419316e-06, 3.04877585222e-06, 6.50727940865e-07, 1.55037980676e-07, 3.78522067024e-08, 8.20466805607e-09, 2.37530328739e-09, 2.03660488474e-09, 2.24244600666e-09, 2.53061371858e-09], "median": [1.38696350405e-06, 0.000173351596459, 0.000532151025254, 0.00138207373675, 0.00249679130502, 0.00450088502839, 0.00194908468984, 0.000646704458632, 0.000269179785391, 0.000396465591621, 0.000141870157677, 0.000122829907923, 5.23684211657e-05, 1.34317297125e-05, 2.26585016208e-05, 5.92032210989e-06, 3.89358501707e-06, 8.1543765873e-07, 2.70974453542e-07, 1.79492118946e-08, 5.74680880661e-09, 2.82621615e-09, 1.62984992169e-09, 1.4302230511e-09, 1.38715194886e-09, 1.59797408639e-09, 1.80458792354e-09], "min": [2.00625590328e-24, 2.55204691215e-23, 2.2997071902e-23, 8.71689249231e-24, 2.09581378301e-23, 5.585412888e-23, 8.14813166825e-23, 6.42480380519e-23, 6.15463977108e-23, 7.76451555202e-23, 5.73022439992e-23, 9.86513349794e-23, 1.43296330998e-22, 8.39878117683e-23, 1.82807445489e-22, 1.51954931402e-22, 2.69359799884e-22, 2.28189161862e-22, 2.6948581568e-22, 4.98168463681e-22, 3.09726102705e-22, 4.8512789872e-22, 7.15479523961e-22, 8.65714587129e-22, 1.17651003181e-21, 1.73209742149e-21, 2.33682481235e-21], "var": [2.26303553674e-09, 1.0674863006e-05, 1.19882042782e-05, 1.41902883115e-05, 5.09606034029e-05, 6.99815864209e-05, 4.122419341e-05, 2.32784113905e-05, 1.54117115017e-05, 1.4225225641e-05, 9.76755563897e-06, 2.24596533371e-05, 1.5646197653e-06, 2.04497069944e-07, 1.07811068517e-07, 3.50491298207e-08, 1.70608860373e-09, 2.24190416231e-10, 1.15898811381e-10, 1.07988314471e-11, 7.16045278626e-13, 1.05943228636e-13, 3.46089149567e-15, 2.25582228103e-17, 4.15166292139e-18, 4.38387609398e-18, 5.47511178321e-18]}, "erbbands": {"dmean": [0.0057659340091, 0.171621665359, 0.588990032673, 1.53559458256, 3.7660009861, 3.71125125885, 9.16069221497, 12.0409440994, 16.6680145264, 8.93524932861, 15.6098575592, 6.32615470886, 10.9298915863, 14.195482254, 9.04712200165, 14.3378067017, 6.56491279602, 2.78629565239, 2.39868736267, 1.41851055622, 0.938774347305, 0.364954203367, 0.210614740849, 0.112364239991, 0.0433290377259, 0.0147945778444, 0.00669567519799, 0.00245187687688, 0.00109827809501, 0.000489005993586, 0.000100376310002, 4.22962475568e-05, 2.36320283875e-05, 1.49673769556e-05, 9.41174312175e-06, 5.54914640816e-06, 2.78773950413e-06, 8.83763732418e-07, 2.2092240215e-06, 5.21347692484e-06], "dmean2": [0.00857120938599, 0.276037216187, 0.907712697983, 2.30030989647, 5.88478279114, 5.99248695374, 14.2993812561, 18.0553894043, 23.9387321472, 14.635512352, 22.1631126404, 8.77217197418, 13.0887126923, 20.376914978, 12.0063409805, 16.1117095947, 8.13753032684, 3.70084309578, 3.1971077919, 1.77763473988, 1.27440321445, 0.537431716919, 0.308032691479, 0.161605373025, 0.0672714710236, 0.0223205443472, 0.00947294011712, 0.00377377937548, 0.00169246993028, 0.000772199826315, 0.000165317920619, 7.3250659625e-05, 4.15286631323e-05, 2.6318424716e-05, 1.64135635714e-05, 9.51158108364e-06, 4.69118003821e-06, 1.51872745846e-06, 3.30458715325e-06, 7.82272218203e-06], "dvar": [0.000254946760833, 0.249306678772, 2.30880427361, 12.663277626, 83.5135803223, 107.84551239, 702.189453125, 813.047790527, 1644.51635742, 485.635040283, 3990.52441406, 788.802734375, 2598.00683594, 3013.5534668, 4541.94042969, 10789.4003906, 2105.74023438, 112.233940125, 50.5922279358, 28.2217655182, 11.3084306717, 1.74068915844, 0.862164020538, 0.283537477255, 0.0548967905343, 0.0151191558689, 0.00295129115693, 0.000385947700124, 9.74115173449e-05, 3.9189344534e-05, 4.33172033354e-07, 3.62801380049e-08, 2.49108444983e-09, 5.17032860969e-10, 1.76818448772e-10, 5.64260582703e-11, 1.35795732298e-11, 1.51432403943e-12, 1.33305051025e-11, 7.38692579327e-11], "dvar2": [0.000687634572387, 0.832406699657, 6.38497257233, 30.664150238, 215.866271973, 275.23538208, 1834.57714844, 1831.81311035, 3754.20483398, 1448.50585938, 8759.63574219, 1528.4173584, 3527.22045898, 6838.20458984, 7468.90966797, 16018.9599609, 5057.77832031, 216.05657959, 106.16746521, 38.8145294189, 22.8159217834, 4.08593559265, 2.19901251793, 0.626863956451, 0.141558796167, 0.0346515029669, 0.00691922893748, 0.000918070261832, 0.000225299372687, 9.1217661975e-05, 9.77069362307e-07, 9.76887335469e-08, 6.64545307671e-09, 1.50356549433e-09, 5.21909016005e-10, 1.61394050902e-10, 3.72482808486e-11, 4.35783830896e-12, 3.17467545308e-11, 1.79554968116e-10], "max": [0.385495424271, 10.9188489914, 43.4952735901, 92.6206130981, 299.443115234, 353.569274902, 568.535705566, 639.219787598, 905.191650391, 506.023712158, 1454.58496094, 1272.40673828, 2265.34545898, 1602.50634766, 4024.94238281, 4322.40673828, 2138.02880859, 534.001586914, 144.998626709, 253.529159546, 102.623313904, 27.6084403992, 31.2735958099, 15.5904512405, 8.14940547943, 6.09830141068, 2.87833738327, 0.716041684151, 0.458911448717, 0.299340367317, 0.022057780996, 0.0103161539882, 0.00186447019223, 0.000377937307348, 0.000222359492909, 0.000134622634505, 7.02914549038e-05, 2.24399464059e-05, 6.51402733638e-05, 0.000143754441524], "mean": [0.0212488416582, 0.521691501141, 1.89337277412, 6.25773859024, 14.4370346069, 13.5245609283, 35.4875526428, 58.1445350647, 82.7110595703, 34.4233665466, 55.6154937744, 21.8997325897, 45.2430305481, 43.5595703125, 25.9331455231, 40.6056938171, 19.6225681305, 8.71815395355, 6.5227856636, 3.8661916256, 2.70406222343, 0.804846942425, 0.447585761547, 0.210912719369, 0.0757869035006, 0.0263337790966, 0.0100503973663, 0.00342369801365, 0.00147195439786, 0.000622961844783, 0.000152112799697, 7.5628842751e-05, 5.37499581696e-05, 4.11435466958e-05, 3.16290897899e-05, 2.27423042816e-05, 1.30664466269e-05, 3.18272282129e-06, 1.44913146869e-05, 3.34781907441e-05], "median": [0.00200909608975, 0.0602220334113, 0.622928738594, 3.1167140007, 5.58048963547, 7.374812603, 13.6820697784, 31.0228652954, 30.1358757019, 19.2956256866, 12.9572906494, 8.71929740906, 10.7568178177, 14.0962810516, 5.9609413147, 6.10963773727, 3.91873478889, 2.10997915268, 1.74437272549, 0.939938485622, 0.487443447113, 0.206815108657, 0.0933576375246, 0.0281082764268, 0.00835026893765, 0.00160674075596, 0.000467290054075, 0.000204055730137, 0.000127631952637, 8.55864491314e-05, 6.14767996012e-05, 5.11528414791e-05, 4.3100440962e-05, 3.59948280675e-05, 2.92471941066e-05, 2.16885055124e-05, 1.25520946312e-05, 2.8756210213e-06, 1.37036486194e-05, 3.15717006742e-05], "min": [3.43552534051e-22, 7.07716668172e-21, 2.48420464837e-20, 2.95859854579e-20, 3.73993041107e-20, 6.97217419753e-20, 2.30488475165e-19, 5.06461234069e-19, 1.05972672534e-18, 1.41648651821e-18, 1.30278299499e-18, 1.35231994675e-18, 1.82516574979e-18, 3.46745551463e-18, 2.16743943879e-18, 3.9557964785e-18, 7.15819685509e-18, 5.17129041217e-18, 8.61367904552e-18, 8.00443322741e-18, 8.0851106341e-18, 1.61269001652e-17, 1.09141229229e-17, 1.50817227196e-17, 2.03424904994e-17, 2.23623795285e-17, 1.27634795698e-17, 1.21299311853e-17, 1.49780157775e-17, 2.04253673793e-17, 2.1698768919e-17, 1.84003465218e-17, 1.47398588986e-17, 1.32576182425e-17, 7.51867472141e-18, 6.37894805031e-18, 3.65589842511e-18, 1.41099031663e-18, 2.84624189232e-19, 3.09666145237e-20], "var": [0.0019287528703, 0.813096046448, 11.7196502686, 72.8417739868, 587.950561523, 444.363922119, 3743.13330078, 5380.20117188, 14655.4873047, 2148.11279297, 17187.625, 3103.56079102, 22759.0449219, 9959.30664062, 17453.7304688, 45875.4765625, 6382.88183594, 670.043945312, 165.681488037, 137.339508057, 52.1834259033, 3.4225435257, 1.34298872948, 0.460354536772, 0.0638543814421, 0.0190566293895, 0.00347195100039, 0.000450779101811, 0.000108432373963, 3.83345613955e-05, 5.08226719376e-07, 2.91108399608e-08, 2.9508824273e-09, 8.64710858473e-10, 3.94648563828e-10, 1.77496503606e-10, 5.49134140937e-11, 4.25487596545e-12, 8.91494031374e-11, 4.97998142723e-10]}, "gfcc": {"mean": [-208.684463501, 257.095672607, -100.484489441, -65.1040267944, -20.7737846375, -25.6484470367, -33.3334083557, -15.5497140884, -13.6018152237, -15.4049053192, -5.69275283813, -11.0468950272, -4.19710111618], "cov": [[10503.0039062, 2342.78857422, -2429.60620117, 281.984558105, 1575.9128418, -853.818847656, 391.191894531, -39.1653213501, -64.46925354, -248.606231689, 325.226257324, -155.057785034, 290.602020264], [2342.78857422, 1121.03527832, -150.037582397, -128.380111694, 495.28918457, -94.2500076294, 41.4289665222, 80.4320220947, 90.2571487427, -71.7272567749, 92.8133087158, -86.9793548584, 54.3034820557], [-2429.60620117, -150.037582397, 1342.07702637, -226.317428589, -555.219665527, 335.264801025, -86.9794540405, -27.2223911285, 90.2538604736, 75.1636810303, -86.427116394, -19.2735710144, -47.91147995], [281.984558105, -128.380111694, -226.317428589, 557.878295898, 269.161743164, -91.1365280151, 146.968978882, 137.57901001, 12.4554595947, 84.9170379639, 53.0062904358, 46.6694297791, 2.34315538406], [1575.9128418, 495.28918457, -555.219665527, 269.161743164, 726.238220215, -118.15058136, 22.709192276, 171.503662109, 48.9528045654, -20.3699798584, 138.56388855, 10.4471197128, 10.5037250519], [-853.818847656, -94.2500076294, 335.264801025, -91.1365280151, -118.15058136, 274.803375244, 10.0647029877, -56.1685905457, 10.4246788025, 17.8769187927, -50.7081298828, 3.90707445145, -24.7587757111], [391.191894531, 41.4289665222, -86.9794540405, 146.968978882, 22.709192276, 10.0647029877, 244.035675049, 70.3524627686, -44.6863288879, 6.53527975082, -7.61281681061, -31.7333831787, 16.5457401276], [-39.1653213501, 80.4320220947, -27.2223911285, 137.57901001, 171.503662109, -56.1685905457, 70.3524627686, 265.729431152, 92.4489593506, 6.15985774994, 49.8952178955, 3.85587692261, -31.0332889557], [-64.46925354, 90.2571487427, 90.2538604736, 12.4554595947, 48.9528045654, 10.4246788025, -44.6863288879, 92.4489593506, 185.60307312, 99.5398864746, 23.3479690552, 3.47497057915, -24.3506221771], [-248.606231689, -71.7272567749, 75.1636810303, 84.9170379639, -20.3699798584, 17.8769187927, 6.53527975082, 6.15985774994, 99.5398864746, 200.074783325, 71.8974990845, -7.10151338577, -34.4187240601], [325.226257324, 92.8133087158, -86.427116394, 53.0062904358, 138.56388855, -50.7081298828, -7.61281681061, 49.8952178955, 23.3479690552, 71.8974990845, 159.588867188, 47.5060997009, -38.6739730835], [-155.057785034, -86.9793548584, -19.2735710144, 46.6694297791, 10.4471197128, 3.90707445145, -31.7333831787, 3.85587692261, 3.47497057915, -7.10151338577, 47.5060997009, 118.22820282, 24.3671207428], [290.602020264, 54.3034820557, -47.91147995, 2.34315538406, 10.5037250519, -24.7587757111, 16.5457401276, -31.0332889557, -24.3506221771, -34.4187240601, -38.6739730835, 24.3671207428, 117.239593506]], "icov": [[0.0011544697918, -0.0015798767563, 0.00151064922102, -0.00132093264256, 0.000780313333962, 0.000700016506016, -0.00172284606379, 0.0033426519949, -0.00372074102052, 0.00403019925579, -0.00438181869686, 0.00296623678878, -0.00193177280016], [-0.0015798767563, 0.00755376229063, -0.00491886492819, 0.00550329964608, -0.00748202996328, 0.00333185703494, -0.00397988734767, 0.000962786260061, -0.00165209290572, -0.000671088986564, 0.00258526322432, -0.00128831644543, 0.00106800545473], [0.00151064922102, -0.00491886492819, 0.00591738428921, -0.00516760721803, 0.00734509760514, -0.004950621631, 0.00333542888984, 4.07502957387e-05, -0.00274413917214, 0.00479289889336, -0.00764026353136, 0.00604838877916, -0.00404836796224], [-0.00132093264256, 0.00550329964608, -0.00516760721803, 0.0105716753751, -0.0100531615317, 0.00663039973006, -0.00627333670855, -0.00119160418399, 0.00462324079126, -0.00970215816051, 0.0122622363269, -0.0104763982818, 0.00560718728229], [0.000780313333962, -0.00748202996328, 0.00734509760514, -0.0100531615317, 0.0155325634405, -0.0101691382006, 0.0104203289375, -0.00574598601088, 0.000694969203323, 0.00487326597795, -0.0103700114414, 0.00817249063402, -0.00534101901576], [0.000700016506016, 0.00333185703494, -0.004950621631, 0.00663039973006, -0.0101691382006, 0.0148942470551, -0.0115857506171, 0.00918236747384, -0.00478268833831, -0.000225644966122, 0.00570527464151, -0.00621295161545, 0.00480175018311], [-0.00172284606379, -0.00397988734767, 0.00333542888984, -0.00627333670855, 0.0104203289375, -0.0115857506171, 0.0199595615268, -0.0160086024553, 0.0152591271326, -0.00965053588152, 0.00465414207429, 0.000495042360853, -0.00106377038173], [0.0033426519949, 0.000962786260061, 4.07502957387e-05, -0.00119160418399, -0.00574598601088, 0.00918236747384, -0.0160086024553, 0.0254632532597, -0.0250621866435, 0.0220290645957, -0.018335128203, 0.0109601086006, -0.00430199829862], [-0.00372074102052, -0.00165209290572, -0.00274413917214, 0.00462324079126, 0.000694969203323, -0.00478268833831, 0.0152591271326, -0.0250621866435, 0.0387096218765, -0.0345678813756, 0.0310299936682, -0.0214087851346, 0.0114914765581], [0.00403019925579, -0.000671088986564, 0.00479289889336, -0.00970215816051, 0.00487326597795, -0.000225644966122, -0.00965053588152, 0.0220290645957, -0.0345678813756, 0.042105846107, -0.0394192673266, 0.0280372835696, -0.0144664868712], [-0.00438181869686, 0.00258526322432, -0.00764026353136, 0.0122622363269, -0.0103700114414, 0.00570527464151, 0.00465414207429, -0.018335128203, 0.0310299936682, -0.0394192673266, 0.05157186836, -0.0359492488205, 0.0222763419151], [0.00296623678878, -0.00128831644543, 0.00604838877916, -0.0104763982818, 0.00817249063402, -0.00621295161545, 0.000495042360853, 0.0109601086006, -0.0214087851346, 0.0280372835696, -0.0359492488205, 0.0364417880774, -0.0189357530326], [-0.00193177280016, 0.00106800545473, -0.00404836796224, 0.00560718728229, -0.00534101901576, 0.00480175018311, -0.00106377038173, -0.00430199829862, 0.0114914765581, -0.0144664868712, 0.0222763419151, -0.0189357530326, 0.0209843069315]]}, "melbands": {"dmean": [0.000110191620479, 0.0002897301747, 0.000305414723698, 0.000291677657515, 0.000266138289589, 0.000281733082375, 0.000253797741607, 9.37537042773e-05, 0.000123436489957, 3.99299133278e-05, 5.47572708456e-05, 5.67824899917e-05, 3.26291046804e-05, 2.96943890135e-05, 3.3976364648e-05, 9.27125711314e-06, 4.95592212246e-06, 3.35470508617e-06, 3.29211434291e-06, 1.64922835211e-06, 9.50888932039e-07, 4.14761160528e-07, 3.15889337799e-07, 9.3588560901e-08, 9.98149047859e-08, 4.56584068331e-08, 2.03455954306e-08, 7.3206081197e-09, 5.27435517483e-09, 1.99262495393e-09, 1.20393417458e-09, 6.59363008637e-10, 5.05595454392e-10, 2.02092481638e-10, 5.73556965811e-11, 3.06743901113e-11, 2.33213396511e-11, 1.69688690183e-11, 1.36535461756e-11, 1.17457137766e-11], "dmean2": [0.000173238062416, 0.000455801811768, 0.000458013528259, 0.00046852970263, 0.000414857728174, 0.000417510949774, 0.000372894952307, 0.000152735417942, 0.000176024041139, 5.38917738595e-05, 6.5609558078e-05, 8.21199646452e-05, 4.57906753581e-05, 3.28967980749e-05, 4.08493797295e-05, 1.14482145364e-05, 6.84107317284e-06, 4.60429419036e-06, 3.98996553486e-06, 2.20884112423e-06, 1.33608830311e-06, 6.19094350895e-07, 4.62610358909e-07, 1.37774350151e-07, 1.42777508927e-07, 7.36462126838e-08, 2.89215424942e-08, 1.16740226375e-08, 7.47932915601e-09, 3.05317504612e-09, 1.89543980511e-09, 1.02927355528e-09, 8.35751856609e-10, 3.00803659758e-10, 9.80456479893e-11, 5.36168262566e-11, 4.08003630881e-11, 3.00591947167e-11, 2.44670603222e-11, 2.10891980962e-11], "dvar": [1.03267318252e-07, 5.51384175651e-07, 3.84700712175e-07, 6.5946204586e-07, 5.21419963206e-07, 4.31001922152e-07, 3.9335336055e-07, 4.91085110355e-08, 2.67641553364e-07, 5.04726536121e-08, 6.52794867051e-08, 4.794124564e-08, 3.98046644534e-08, 3.93087482564e-08, 9.78485701353e-08, 2.34534169863e-09, 4.89349338828e-10, 1.02638383903e-10, 2.10028730518e-10, 4.85437835762e-11, 1.2632639726e-11, 2.43755710061e-12, 2.01486223539e-12, 2.18749226632e-13, 2.3197351158e-13, 9.54828393001e-14, 1.03483497474e-14, 9.12341389773e-15, 2.28038675928e-15, 2.44056820702e-16, 9.84840178514e-17, 2.53707510439e-17, 9.30872599246e-17, 3.32798169641e-18, 1.50167143885e-19, 2.58095763818e-20, 7.87127057109e-21, 1.46601890431e-21, 4.75434729326e-22, 2.97617983956e-22], "dvar2": [3.28973783326e-07, 1.65970084254e-06, 8.98827522633e-07, 1.78452319233e-06, 1.33651030865e-06, 9.22478193388e-07, 9.8224870726e-07, 1.3963666845e-07, 6.00611485879e-07, 8.71369394417e-08, 8.89904328005e-08, 1.10019442445e-07, 7.11116783236e-08, 4.64872371708e-08, 2.19454676653e-07, 3.37706107523e-09, 9.94802462628e-10, 2.25419738431e-10, 2.56046822633e-10, 8.83263809315e-11, 2.64872360156e-11, 5.69011027532e-12, 4.89696260972e-12, 5.4743953511e-13, 5.01964247078e-13, 2.4346692197e-13, 2.34807697374e-14, 1.99775397234e-14, 5.26571668891e-15, 6.1419968368e-16, 2.26965045785e-16, 5.91918865814e-17, 2.19593873911e-16, 7.19196319487e-18, 3.40083805871e-19, 7.19723905622e-20, 2.14662739363e-20, 3.98935800061e-21, 1.40493971421e-21, 9.13085015533e-22], "max": [0.00702246837318, 0.0159551873803, 0.014334670268, 0.0232810098678, 0.0157924834639, 0.0158511735499, 0.0129083674401, 0.00583461904898, 0.0117557197809, 0.0122822085395, 0.011510274373, 0.00594076607376, 0.0107192154974, 0.00910575781018, 0.0141167147085, 0.0024750996381, 0.00122460292187, 0.000219764217036, 0.000735991809051, 0.000306130008539, 0.000110716799099, 3.25274741044e-05, 4.36696791439e-05, 1.74438355316e-05, 1.61640818988e-05, 1.08032418211e-05, 3.44735803992e-06, 5.7602724155e-06, 2.6899833756e-06, 6.27758652172e-07, 2.81482584796e-07, 1.83356874572e-07, 4.88292698719e-07, 5.79927608158e-08, 1.27795294347e-08, 8.11354006203e-09, 4.69432270833e-09, 1.69493796776e-09, 4.5233466972e-10, 2.45416159617e-10], "mean": [0.000360977399396, 0.000909159716684, 0.00131772807799, 0.00101800041739, 0.00105309730861, 0.00137739011552, 0.00121866166592, 0.000349141453626, 0.000417129776906, 0.000131933949888, 0.000222740243771, 0.000170727347722, 8.44929090817e-05, 8.44263413455e-05, 9.79838441708e-05, 2.73703935818e-05, 1.45193416756e-05, 9.1368892754e-06, 7.81671315053e-06, 4.97205382999e-06, 2.48413721238e-06, 7.96381300461e-07, 6.71836573929e-07, 1.86338510844e-07, 1.79585057936e-07, 6.4092525065e-08, 4.04278956978e-08, 1.07918411985e-08, 7.44191241964e-09, 2.69800826125e-09, 1.60569046948e-09, 8.58948190352e-10, 5.48302236947e-10, 2.61217547592e-10, 7.38801519962e-11, 3.9617798625e-11, 3.27100707631e-11, 2.56952376043e-11, 2.11254451432e-11, 1.85881535858e-11], "median": [3.32978743245e-05, 0.000271172553767, 0.000724601268303, 0.000485282682348, 0.000432005821494, 0.000719350297004, 0.000485101423692, 0.000193496700376, 8.943049761e-05, 4.63303258584e-05, 5.07147233293e-05, 4.96500542795e-05, 1.81139748747e-05, 1.35550717459e-05, 1.05142680695e-05, 4.96792790727e-06, 1.92311836145e-06, 2.24717905439e-06, 1.51166659634e-06, 6.25628558737e-07, 4.12341336187e-07, 1.61899848194e-07, 8.90140867682e-08, 3.2417272422e-08, 1.28364456842e-08, 3.30061467047e-09, 2.11858353083e-09, 3.46052686506e-10, 1.89517776472e-10, 1.34889710512e-10, 8.04782629427e-11, 6.08120359624e-11, 4.52941850693e-11, 3.23500636001e-11, 2.54175291925e-11, 2.04964170636e-11, 1.83772459056e-11, 1.61139799421e-11, 1.39860345527e-11, 1.26241291726e-11], "min": [5.34834361991e-24, 1.25869076204e-23, 5.57446073763e-24, 3.4824031947e-24, 7.34390533032e-24, 1.29990109239e-23, 1.52133687284e-23, 1.45951763023e-23, 1.00405040614e-23, 9.21024689129e-24, 9.19681180122e-24, 1.40755441577e-23, 6.72142228976e-24, 9.29963587591e-24, 1.29718622758e-23, 1.53101177852e-23, 8.3282672671e-24, 1.14490459732e-23, 1.45994566615e-23, 1.09121519743e-23, 7.64174923142e-24, 1.93738605855e-23, 8.71206229699e-24, 1.16800362792e-23, 1.23320400725e-23, 1.07301451974e-23, 1.87302447502e-23, 1.40744003094e-23, 8.81068332077e-24, 5.79000396377e-24, 7.55381490631e-24, 7.68569115042e-24, 1.0077545814e-23, 1.17910929063e-23, 1.24632189636e-23, 1.31596159044e-23, 1.01352557224e-23, 8.36271287853e-24, 1.44920358943e-23, 9.98271763349e-24], "var": [4.71049219186e-07, 2.2388958314e-06, 2.6166896987e-06, 3.01310615214e-06, 2.92541676572e-06, 3.08144922201e-06, 3.09995493808e-06, 2.12634475361e-07, 1.00331749309e-06, 2.23015064194e-07, 5.66876508401e-07, 1.67044930777e-07, 1.38104326197e-07, 1.76307722199e-07, 3.49581512182e-07, 1.39563560708e-08, 2.92916246813e-09, 3.29322263903e-10, 9.73908287349e-10, 2.91187629564e-10, 4.77501822804e-11, 4.25001440291e-12, 4.01279356965e-12, 3.39750661415e-13, 4.02338996537e-13, 8.97911031552e-14, 2.35941146042e-14, 1.06147543148e-14, 2.61134857803e-15, 2.48322875671e-16, 1.22779874159e-16, 3.08857263152e-17, 8.22069165763e-17, 4.63717203243e-18, 1.80231436838e-19, 1.82896645084e-20, 6.15742948616e-21, 1.44996158379e-21, 5.67960616175e-22, 3.65286851059e-22]}, "mfcc": {"mean": [-828.846862793, 261.164337158, 15.5542821884, -23.375831604, 4.10541534424, -8.81832885742, -13.3398761749, -6.62810754776, -8.03972816467, -8.68037986755, -6.87087011337, -5.49408197403, -1.4029507637], "cov": [[5993.74707031, 3181.45507812, -2019.29956055, -91.7531356812, 985.989868164, -5.53047037125, 88.8133087158, 266.852935791, -1.99033427238, -27.2134437561, 8.74830818176, -20.7262420654, 138.079971313], [3181.45507812, 2232.21240234, -563.07220459, -289.788604736, 396.126617432, 55.520565033, -15.158914566, 90.4325485229, -2.0170853138, -3.66160130501, -13.3366327286, -63.6917190552, 20.2176761627], [-2019.29956055, -563.07220459, 1313.2052002, -40.9609527588, -512.628112793, 52.6155052185, -35.520816803, -135.477050781, 28.920343399, 54.8658218384, 4.62407970428, -20.792848587, -80.5948257446], [-91.7531356812, -289.788604736, -40.9609527588, 410.978240967, 178.272140503, -42.1112251282, 65.3292388916, 88.0379104614, 54.8134002686, 69.2330322266, 101.046684265, 95.4674224854, 76.5808639526], [985.989868164, 396.126617432, -512.628112793, 178.272140503, 542.740905762, 64.2911071777, -18.2623691559, 124.086357117, 37.8347740173, 25.8570537567, 96.3718566895, 87.4019088745, 86.6028900146], [-5.53047037125, 55.520565033, 52.6155052185, -42.1112251282, 64.2911071777, 185.603179932, 56.2482376099, -39.8724403381, 5.36645460129, 12.059803009, -2.96559929848, 5.00070524216, -1.4545609951], [88.8133087158, -15.158914566, -35.520816803, 65.3292388916, -18.2623691559, 56.2482376099, 185.152893066, 70.9027175903, -12.1086425781, 21.0498085022, -2.52740645409, -12.4853792191, 16.7183799744], [266.852935791, 90.4325485229, -135.477050781, 88.0379104614, 124.086357117, -39.8724403381, 70.9027175903, 192.161361694, 69.3787078857, -6.87981319427, 20.9831600189, 30.3960342407, 32.2734832764], [-1.99033427238, -2.0170853138, 28.920343399, 54.8134002686, 37.8347740173, 5.36645460129, -12.1086425781, 69.3787078857, 148.490753174, 75.8458404541, 1.46147704124, 2.87219333649, -2.79121136665], [-27.2134437561, -3.66160130501, 54.8658218384, 69.2330322266, 25.8570537567, 12.059803009, 21.0498085022, -6.87981319427, 75.8458404541, 196.329193115, 111.244918823, -29.4640522003, -22.3308181763], [8.74830818176, -13.3366327286, 4.62407970428, 101.046684265, 96.3718566895, -2.96559929848, -2.52740645409, 20.9831600189, 1.46147704124, 111.244918823, 227.861404419, 124.211830139, -2.92063426971], [-20.7262420654, -63.6917190552, -20.792848587, 95.4674224854, 87.4019088745, 5.00070524216, -12.4853792191, 30.3960342407, 2.87219333649, -29.4640522003, 124.211830139, 237.090301514, 93.8960800171], [138.079971313, 20.2176761627, -80.5948257446, 76.5808639526, 86.6028900146, -1.4545609951, 16.7183799744, 32.2734832764, -2.79121136665, -22.3308181763, -2.92063426971, 93.8960800171, 154.241348267]], "icov": [[9.69550895691, -13.5196390152, 12.9249153137, -12.0360631943, 10.7690162659, -9.34339427948, 7.80832767487, -6.15071153641, 4.6111702919, -3.18462777138, 1.98147928715, -1.0319699049, 0.416087120771], [-13.5196390152, 18.8532600403, -18.024148941, 16.7876377106, -15.0221996307, 13.0357618332, -10.89706707, 8.58570671082, -6.43915081024, 4.44875669479, -2.76944255829, 1.44317412376, -0.582530975342], [12.9249153137, -18.024148941, 17.2356510162, -16.0557918549, 14.3726797104, -12.4777164459, 10.4364099503, -8.22717666626, 6.17427301407, -4.26976680756, 2.65963411331, -1.3872064352, 0.560726523399], [-12.0360631943, 16.7876377106, -16.0557918549, 14.9717664719, -13.4076976776, 11.6527414322, -9.76098823547, 7.70465707779, -5.79490280151, 4.01478099823, -2.50860142708, 1.31086707115, -0.533832013607], [10.7690162659, -15.0221996307, 14.3726797104, -13.4076976776, 12.0207386017, -10.4570102692, 8.7713470459, -6.93425321579, 5.22231292725, -3.62593507767, 2.26765418053, -1.18811964989, 0.483418881893], [-9.34339427948, 13.0357618332, -12.4777164459, 11.6527414322, -10.4570102692, 9.12017536163, -7.66607046127, 6.0758190155, -4.5917634964, 3.19982504845, -2.01019501686, 1.05695796013, -0.434132128954], [7.80832767487, -10.89706707, 10.4364099503, -9.76098823547, 8.7713470459, -7.66607046127, 6.47338342667, -5.1460981369, 3.90908575058, -2.74029350281, 1.7327080965, -0.916672170162, 0.380566805601], [-6.15071153641, 8.58570671082, -8.22717666626, 7.70465707779, -6.93425321579, 6.0758190155, -5.1460981369, 4.11452674866, -3.14035844803, 2.21501612663, -1.41049456596, 0.752118945122, -0.316546946764], [4.6111702919, -6.43915081024, 6.17427301407, -5.79490280151, 5.22231292725, -4.5917634964, 3.90908575058, -3.14035844803, 2.42642211914, -1.72654950619, 1.11284828186, -0.600874245167, 0.258071005344], [-3.18462777138, 4.44875669479, -4.26976680756, 4.01478099823, -3.62593507767, 3.19982504845, -2.74029350281, 2.21501612663, -1.72654950619, 1.25186562538, -0.817556858063, 0.448880195618, -0.1957244277], [1.98147928715, -2.76944255829, 2.65963411331, -2.50860142708, 2.26765418053, -2.01019501686, 1.7327080965, -1.41049456596, 1.11284828186, -0.817556858063, 0.549495577812, -0.306635767221, 0.138374552131], [-1.0319699049, 1.44317412376, -1.3872064352, 1.31086707115, -1.18811964989, 1.05695796013, -0.916672170162, 0.752118945122, -0.600874245167, 0.448880195618, -0.306635767221, 0.179839506745, -0.0831396281719], [0.416087120771, -0.582530975342, 0.560726523399, -0.533832013607, 0.483418881893, -0.434132128954, 0.380566805601, -0.316546946764, 0.258071005344, -0.1957244277, 0.138374552131, -0.0831396281719, 0.0474194064736]]}, "spectral_contrast_coeffs": {"dmean": [0.0351392664015, 0.0321524851024, 0.0266175214201, 0.0244589336216, 0.020498290658, 0.0330231636763], "dmean2": [0.0584129057825, 0.0530192703009, 0.0418034642935, 0.0373044423759, 0.0322563685477, 0.0576906166971], "dvar": [0.000932104710955, 0.00118179724086, 0.000806168303825, 0.000679398246575, 0.000440213829279, 0.00104070734233], "dvar2": [0.00249378429726, 0.00295108836144, 0.00188203074504, 0.00153493601829, 0.00101356115192, 0.00283556664363], "max": [-0.259051114321, -0.299172729254, -0.408354878426, -0.369997829199, -0.541962385178, -0.625580906868], "mean": [-0.540987551212, -0.604295194149, -0.682438254356, -0.681959152222, -0.73305529356, -0.882861375809], "median": [-0.541484713554, -0.604461848736, -0.689494669437, -0.682418882847, -0.717092692852, -0.892077624798], "min": [-0.95537519455, -0.965143680573, -0.964125037193, -0.960976660252, -0.962218523026, -0.962310373783], "var": [0.0118048088625, 0.0105100013316, 0.00750992633402, 0.00558911589906, 0.00715048471466, 0.00248936680146]}, "spectral_contrast_valleys": {"dmean": [0.373089164495, 0.273673772812, 0.265333712101, 0.303405225277, 0.316116958857, 0.653657853603], "dmean2": [0.620254397392, 0.445267766714, 0.415810912848, 0.466419667006, 0.5004529953, 1.16138017178], "dvar": [0.159597799182, 0.149268507957, 0.160519093275, 0.210957273841, 0.212754264474, 0.342805594206], "dvar2": [0.333057463169, 0.263674139977, 0.278687417507, 0.387707829475, 0.411856025457, 0.995133936405], "max": [-5.44283914566, -4.81819581985, -5.46068716049, -6.53192520142, -7.41867923737, -12.1585655212], "mean": [-8.29957866669, -7.15480613708, -8.30924415588, -10.0751628876, -11.9856052399, -14.2794780731], "median": [-8.19002819061, -6.90968561172, -8.00743484497, -9.89189243317, -12.08160