{"lowlevel": {"average_loudness": 0.858780503273, "barkbands_crest": {"dmean": 2.39726233482, "dmean2": 3.78961586952, "dvar": 4.95555019379, "dvar2": 11.9940290451, "max": 24.6228504181, "mean": 10.4177188873, "median": 9.90062332153, "min": 1.93071007729, "var": 15.8858375549}, "barkbands_flatness_db": {"dmean": 0.0243945084512, "dmean2": 0.0359940305352, "dvar": 0.000592452241108, "dvar2": 0.00111281790305, "max": 0.475232094526, "mean": 0.142844602466, "median": 0.124889701605, "min": 0.0149452034384, "var": 0.00576962111518}, "barkbands_kurtosis": {"dmean": 5.71223640442, "dmean2": 8.74174690247, "dvar": 140.891891479, "dvar2": 311.95526123, "max": 321.168914795, "mean": 11.0072097778, "median": 6.99992704391, "min": -1.93403458595, "var": 226.617431641}, "barkbands_skewness": {"dmean": 0.672458529472, "dmean2": 1.00790941715, "dvar": 0.606572747231, "dvar2": 1.27641880512, "max": 16.7426967621, "mean": 2.43188095093, "median": 2.34629011154, "min": -2.14634847641, "var": 2.14742684364}, "barkbands_spread": {"dmean": 7.12446403503, "dmean2": 10.3002710342, "dvar": 101.412590027, "dvar2": 203.733795166, "max": 141.033508301, "mean": 22.4218349457, "median": 15.3889970779, "min": 0.740612626076, "var": 483.162872314}, "dissonance": {"dmean": 0.0171719007194, "dmean2": 0.0287645552307, "dvar": 0.000331053044647, "dvar2": 0.000909222057089, "max": 0.500000119209, "mean": 0.460141569376, "median": 0.469593584538, "min": 0.276735007763, "var": 0.00101628422271}, "dynamic_complexity": 4.13781452179, "erbbands_crest": {"dmean": 1.91367208958, "dmean2": 3.0831515789, "dvar": 3.44102907181, "dvar2": 8.58006477356, "max": 29.4987564087, "mean": 7.09318590164, "median": 6.49668312073, "min": 1.88750493526, "var": 10.346777916}, "erbbands_flatness_db": {"dmean": 0.0142885986716, "dmean2": 0.0204003416002, "dvar": 0.000228367367527, "dvar2": 0.000432507746154, "max": 0.353288561106, "mean": 0.122276976705, "median": 0.104263603687, "min": 0.0133196171373, "var": 0.00388092710637}, "erbbands_kurtosis": {"dmean": 1.04982984066, "dmean2": 1.63486289978, "dvar": 2.60509204865, "dvar2": 6.01966381073, "max": 53.1607666016, "mean": 1.01340246201, "median": 0.00557923316956, "min": -1.71889078617, "var": 8.30135345459}, "erbbands_skewness": {"dmean": 0.369946479797, "dmean2": 0.545530736446, "dvar": 0.138130366802, "dvar2": 0.287538975477, "max": 6.12406158447, "mean": 0.759969174862, "median": 0.718590319157, "min": -2.28804349899, "var": 0.682644069195}, "erbbands_spread": {"dmean": 9.54419326782, "dmean2": 14.6147508621, "dvar": 133.413238525, "dvar2": 295.925506592, "max": 156.526611328, "mean": 49.1764144897, "median": 46.3858528137, "min": 4.64830160141, "var": 670.182617188}, "hfc": {"dmean": 9.59753131866, "dmean2": 13.5899925232, "dvar": 649.92578125, "dvar2": 1448.63916016, "max": 635.700317383, "mean": 23.3491344452, "median": 11.137676239, "min": 1.06344993145e-16, "var": 2030.921875}, "melbands_crest": {"dmean": 3.2874314785, "dmean2": 5.29570245743, "dvar": 9.08017539978, "dvar2": 23.4328517914, "max": 32.4688720703, "mean": 15.1564683914, "median": 14.8168172836, "min": 1.65649485588, "var": 26.8804473877}, "melbands_flatness_db": {"dmean": 0.0299537982792, "dmean2": 0.042981904, "dvar": 0.000920430524275, "dvar2": 0.00167600123677, "max": 0.578970253468, "mean": 0.235803797841, "median": 0.221857115626, "min": 0.00308589055203, "var": 0.00927677657455}, "melbands_kurtosis": {"dmean": 13.0375432968, "dmean2": 20.6314620972, "dvar": 667.484008789, "dvar2": 1562.97680664, "max": 1084.47216797, "mean": 28.1976089478, "median": 20.0488796234, "min": -1.45251953602, "var": 962.875793457}, "melbands_skewness": {"dmean": 0.898922681808, "dmean2": 1.38363301754, "dvar": 1.22802150249, "dvar2": 2.78731298447, "max": 21.5867023468, "mean": 3.77516436577, "median": 3.49372887611, "min": -0.603643774986, "var": 3.55073404312}, "melbands_spread": {"dmean": 5.46830034256, "dmean2": 7.99129867554, "dvar": 73.3107452393, "dvar2": 150.637313843, "max": 160.854736328, "mean": 15.5199480057, "median": 9.48500442505, "min": 0.429122984409, "var": 324.855194092}, "pitch_salience": {"dmean": 0.0816364809871, "dmean2": 0.131397515535, "dvar": 0.00679352972656, "dvar2": 0.0165416318923, "max": 0.914941251278, "mean": 0.614102303982, "median": 0.630101144314, "min": 0.020174946636, "var": 0.0170643832535}, "silence_rate_20dB": {"dmean": 0, "dmean2": 0, "dvar": 0, "dvar2": 0, "max": 1, "mean": 1, "median": 1, "min": 1, "var": 0}, "silence_rate_30dB": {"dmean": 0.0528295859694, "dmean2": 0.105667628348, "dvar": 0.0500364713371, "dvar2": 0.131297424436, "max": 1, "mean": 0.960380971432, "median": 1, "min": 0, "var": 0.0380422770977}, "silence_rate_60dB": {"dmean": 0.022092372179, "dmean2": 0.0441882796586, "dvar": 0.0216044634581, "dvar2": 0.0476795807481, "max": 1, "mean": 0.131022885442, "median": 0, "min": 0, "var": 0.113847285509}, "spectral_centroid": {"dmean": 236.960113525, "dmean2": 343.603424072, "dvar": 103813.140625, "dvar2": 189100.65625, "max": 11727.8925781, "mean": 1010.80950928, "median": 756.096313477, "min": 140.406356812, "var": 1100630.875}, "spectral_complexity": {"dmean": 3.33194589615, "dmean2": 4.95645189285, "dvar": 16.7778892517, "dvar2": 30.5461711884, "max": 51, "mean": 13.9215621948, "median": 12, "min": 0, "var": 72.0109710693}, "spectral_decrease": {"dmean": 3.66615693359e-09, "dmean2": 5.8706008943e-09, "dvar": 5.01788869224e-17, "dvar2": 1.27985871002e-16, "max": 4.99873475945e-10, "mean": -8.63224780545e-09, "median": -6.14695672141e-09, "min": -5.99831011527e-08, "var": 7.79927026706e-17}, "spectral_energy": {"dmean": 0.014285678044, "dmean2": 0.0227801743895, "dvar": 0.000755710701924, "dvar2": 0.00192304945085, "max": 0.230696737766, "mean": 0.0346979722381, "median": 0.0256712753326, "min": 9.6746939431e-21, "var": 0.0011877710931}, "spectral_energyband_high": {"dmean": 0.000673878879752, "dmean2": 0.000882315100171, "dvar": 3.1124961879e-06, "dvar2": 6.30685644865e-06, "max": 0.0434665307403, "mean": 0.0014955875231, "median": 0.000290607276838, "min": 7.04902153826e-21, "var": 1.13266914923e-05}, "spectral_energyband_low": {"dmean": 0.00855595991015, "dmean2": 0.0135168880224, "dvar": 0.000261997658527, "dvar2": 0.000625178043265, "max": 0.17252355814, "mean": 0.0171627104282, "median": 0.00693373242393, "min": 1.53748375116e-23, "var": 0.000530458579306}, "spectral_energyband_middle_high": {"dmean": 0.000784584321082, "dmean2": 0.00130325462669, "dvar": 1.81536108812e-06, "dvar2": 5.01457770952e-06, "max": 0.0153918163851, "mean": 0.00166945206001, "median": 0.00116575346328, "min": 1.17828980299e-21, "var": 2.74347553386e-06}, "spectral_energyband_middle_low": {"dmean": 0.00918834563345, "dmean2": 0.0161346718669, "dvar": 0.000570471573155, "dvar2": 0.00163119507488, "max": 0.189538761973, "mean": 0.0157734137028, "median": 0.00863037630916, "min": 1.61581811237e-22, "var": 0.00046550508705}, "spectral_entropy": {"dmean": 0.200704053044, "dmean2": 0.28777167201, "dvar": 0.049064271152, "dvar2": 0.0947516337037, "max": 9.82315063477, "mean": 7.4949221611, "median": 7.64729976654, "min": 5.14372968674, "var": 0.638406217098}, "spectral_flux": {"dmean": 0.0353415608406, "dmean2": 0.055368155241, "dvar": 0.00309441145509, "dvar2": 0.00539755774662, "max": 0.480081498623, "mean": 0.0859644263983, "median": 0.0675806552172, "min": 6.4120354859e-11, "var": 0.00557490251958}, "spectral_kurtosis": {"dmean": 2.10525870323, "dmean2": 3.24480080605, "dvar": 20.5486240387, "dvar2": 52.1850852966, "max": 143.365234375, "mean": 7.43725728989, "median": 3.76536369324, "min": -1.25104784966, "var": 148.096893311}, "spectral_rms": {"dmean": 0.0010343126487, "dmean2": 0.00156250968575, "dvar": 2.49395316132e-06, "dvar2": 5.66462904317e-06, "max": 0.0150023326278, "mean": 0.00508538587019, "median": 0.00500451261178, "min": 3.07225078711e-12, "var": 7.99062581791e-06}, "spectral_rolloff": {"dmean": 678.353881836, "dmean2": 1100.35192871, "dvar": 2514479.75, "dvar2": 5810787, "max": 19573.6816406, "mean": 1503.80517578, "median": 452.197265625, "min": 64.599609375, "var": 8354655}, "spectral_skewness": {"dmean": 0.254028916359, "dmean2": 0.371107071638, "dvar": 0.10415583849, "dvar2": 0.22847725451, "max": 9.62651252747, "mean": 2.00249814987, "median": 1.69099330902, "min": -0.0677792876959, "var": 1.21592175961}, "spectral_spread": {"dmean": 672126.3125, "dmean2": 984325.0625, "dvar": 871337295872, "dvar2": 1710054703100.0, "max": 42322980, "mean": 6322154, "median": 6258381.5, "min": 586102.625, "var": 15318687678500.0}, "spectral_strongpeak": {"dmean": 0.223088815808, "dmean2": 0.36927357316, "dvar": 0.0650187209249, "dvar2": 0.165610060096, "max": 2.63522100449, "mean": 0.458894848824, "median": 0.378581762314, "min": 0, "var": 0.144197672606}, "zerocrossingrate": {"dmean": 0.0146171310917, "dmean2": 0.0165255367756, "dvar": 0.000358740711818, "dvar2": 0.000440953241196, "max": 0.56884765625, "mean": 0.0701524242759, "median": 0.0517578125, "min": 0.00244140625, "var": 0.00492192339152}, "barkbands": {"dmean": [0.00163959187921, 0.00455457437783, 0.00417159684002, 0.004197741393, 0.00382952066138, 0.00131839502137, 0.000796536623966, 0.000407859042753, 0.00032119610114, 0.000379235425498, 0.000191954299225, 0.000118989242765, 0.000102742691524, 4.85077907797e-05, 7.62621857575e-05, 4.9851321819e-05, 8.4576975496e-05, 5.93625372858e-05, 5.28205746377e-05, 5.16653526574e-05, 7.24581914255e-05, 8.09124176158e-05, 0.000101772748167, 0.000131395863718, 0.000130318570882, 0.000157023459906, 0.000133794688736], "dmean2": [0.00290772062726, 0.00726062105969, 0.00719212228432, 0.0071961148642, 0.00680888770148, 0.00230917125009, 0.00137444911525, 0.000697815208696, 0.000575631856918, 0.00066553754732, 0.000339508318575, 0.000215542531805, 0.000168583850609, 7.92438077042e-05, 0.000127010935103, 8.33339290693e-05, 0.000136422851938, 9.2486901849e-05, 8.25893657748e-05, 7.61134870118e-05, 0.000108093350718, 0.000103679616586, 0.000139350711834, 0.00018016868853, 0.00017431989545, 0.00021951245435, 0.00019831660029], "dvar": [1.00398819995e-05, 8.12814323581e-05, 9.6070492873e-05, 0.000121142227727, 8.72301970958e-05, 8.15552812128e-06, 2.66444908448e-06, 6.69041128276e-07, 5.32170759016e-07, 4.76134999872e-07, 9.41055802173e-08, 6.74207996099e-08, 2.50774494504e-08, 5.02560393301e-09, 1.52775534445e-08, 6.09736972024e-09, 1.730773036e-08, 1.09641442592e-08, 8.06747557647e-09, 1.12578089073e-08, 2.05324734992e-08, 2.53776590853e-08, 5.17983380632e-08, 9.88625856735e-08, 2.04941997595e-07, 5.62246611935e-07, 8.12904886516e-07], "dvar2": [2.90255757136e-05, 0.000196659180801, 0.000260651780991, 0.000341360893799, 0.000252083875239, 2.32461734413e-05, 7.50439676267e-06, 1.87460102552e-06, 1.53922019308e-06, 1.37265590183e-06, 2.6673950515e-07, 1.93331175069e-07, 6.04755854283e-08, 1.18821521511e-08, 3.86545693232e-08, 1.5033343459e-08, 4.40003518065e-08, 2.70588085272e-08, 1.84393620373e-08, 2.20693241459e-08, 4.35520419728e-08, 4.07847124961e-08, 8.88343407723e-08, 1.80573167086e-07, 3.42375528817e-07, 1.22131064018e-06, 1.83695760825e-06], "max": [0.0376758091152, 0.134914442897, 0.0994748473167, 0.0918744429946, 0.0948960259557, 0.0365423262119, 0.0171083565801, 0.00793244503438, 0.00738798035309, 0.00800121761858, 0.00368373421952, 0.00361078395508, 0.00195184466429, 0.000988856307231, 0.00154774833936, 0.000968207197729, 0.00181914807763, 0.0015325100394, 0.0011013870826, 0.00128974171821, 0.00171455915552, 0.00244885706343, 0.00486633135006, 0.00748284999281, 0.0153410257772, 0.0257208198309, 0.0276087298989], "mean": [0.00173637631815, 0.00886553619057, 0.00524559104815, 0.00539502687752, 0.00603701313958, 0.00211243168451, 0.00105413992424, 0.000609182519838, 0.000402611098252, 0.000521852110978, 0.0002753889421, 0.00013963348465, 0.00014614626707, 8.07123506092e-05, 0.000124760626932, 8.56428378029e-05, 0.000138581177453, 9.77565869107e-05, 9.46987274801e-05, 8.7774147687e-05, 0.000132027722429, 0.000150244100951, 0.00018352160987, 0.00022616154456, 0.000250277022133, 0.000286900962237, 0.000217922846787], "median": [0.000509201083332, 0.00197220500559, 0.00169287179597, 0.00136677082628, 0.00300352321938, 0.00112666212954, 0.000540894805454, 0.000279639789369, 0.000227324679145, 0.000324769614963, 0.000183475800441, 6.58101926092e-05, 7.7345626778e-05, 3.94429662265e-05, 6.75064802635e-05, 4.82597570226e-05, 7.24997880752e-05, 3.80683159165e-05, 3.98124830099e-05, 2.54832157225e-05, 3.68347209587e-05, 2.91982305498e-05, 3.50814225385e-05, 4.9045378546e-05, 3.25081928167e-05, 4.34196408605e-05, 1.17966210382e-05], "min": [4.30159047692e-25, 1.84160209413e-24, 1.53792752486e-24, 1.25916074564e-24, 9.58628347418e-24, 8.34316332757e-24, 7.19476959847e-24, 7.06006292143e-24, 9.23890463026e-24, 1.88065354883e-23, 6.66392458496e-24, 1.45564605868e-23, 2.71716259936e-23, 4.11583696569e-23, 4.81972051202e-23, 7.22339672963e-23, 7.56228317036e-23, 9.07126995241e-23, 1.42993850172e-22, 1.87804759416e-22, 2.40850669692e-22, 3.56471147427e-22, 3.96483939588e-22, 5.83799983897e-22, 8.67185377266e-22, 1.23783428629e-21, 1.64667961316e-21], "var": [1.00582901723e-05, 0.000207329911063, 9.07820940483e-05, 0.000107410320197, 7.48242964619e-05, 8.14963095763e-06, 2.45117280429e-06, 7.0193391366e-07, 3.71318094494e-07, 4.57218334304e-07, 9.77982779204e-08, 5.26473939999e-08, 3.66116488237e-08, 1.06626227847e-08, 2.60986450229e-08, 1.14146496699e-08, 2.97250224435e-08, 2.00212415535e-08, 1.70839022928e-08, 2.18730917823e-08, 4.58002915593e-08, 6.70813875558e-08, 1.1580792858e-07, 2.2210072359e-07, 5.18925332926e-07, 1.23344466374e-06, 1.57803424372e-06]}, "erbbands": {"dmean": [0.0980251282454, 1.20307564735, 4.32229804993, 9.6061372757, 14.4434194565, 12.6222543716, 11.3632621765, 12.0326910019, 12.2078065872, 9.05616188049, 7.63349151611, 7.8308429718, 9.86366081238, 10.8146715164, 7.33564853668, 4.60707044601, 4.61499738693, 2.89750576019, 3.48386287689, 3.43142962456, 2.71528863907, 4.30734729767, 3.84939742088, 2.42292523384, 2.91763281822, 2.37226653099, 2.91653132439, 2.89290571213, 2.97938656807, 2.8640422821, 2.98626255989, 2.82801151276, 2.12246990204, 1.46627986431, 1.02300918102, 0.58642244339, 0.316496223211, 0.118205435574, 0.0254681780934, 0.00120936904568], "dmean2": [0.159065887332, 1.90776598454, 7.20086526871, 16.9763221741, 24.9661464691, 22.2732715607, 20.0825157166, 20.5794391632, 21.052854538, 15.6426029205, 13.6412353516, 13.8881311417, 17.7125301361, 18.9264431, 12.9539804459, 8.24920082092, 7.61548137665, 4.687479496, 5.93184185028, 5.70278644562, 4.46765041351, 6.90212631226, 5.91064167023, 3.66800880432, 4.52105045319, 3.51830077171, 4.33143854141, 4.23708820343, 3.79218506813, 3.88627624512, 4.14094495773, 3.92805576324, 2.98000073433, 2.05284619331, 1.35923480988, 0.826388895512, 0.45052754879, 0.18308916688, 0.0371927060187, 0.00182310922537], "dvar": [0.0552806891501, 5.66249847412, 84.5270767212, 728.066833496, 1254.89245605, 886.89465332, 641.261474609, 568.699645996, 618.49407959, 377.860748291, 291.945770264, 279.546630859, 437.756347656, 348.297393799, 138.13067627, 101.596183777, 50.7109375, 18.5688877106, 41.6781234741, 29.0029792786, 19.4293785095, 45.1416740417, 41.6052932739, 18.5768299103, 29.0294532776, 23.8594207764, 33.6731338501, 32.9749832153, 35.3200645447, 37.0405235291, 45.7505149841, 41.2800064087, 30.5436973572, 21.7553348541, 15.7193117142, 6.3769903183, 2.54944491386, 0.498293727636, 0.0294120144099, 7.43422860978e-05], "dvar2": [0.15475487709, 13.3337049484, 216.089813232, 2080.84350586, 3546.55517578, 2555.01367188, 1817.48596191, 1574.57397461, 1744.37304688, 1080.36767578, 839.873413086, 804.90057373, 1280.87219238, 983.170776367, 390.876373291, 289.004211426, 123.808639526, 43.0162162781, 111.51914978, 74.782081604, 47.5775146484, 114.660049438, 101.037635803, 41.3490943909, 64.3359909058, 48.9176979065, 69.3512954712, 69.7043228149, 58.7368202209, 61.1095695496, 82.2379760742, 75.1531677246, 57.6289558411, 39.7780189514, 29.2448272705, 12.9689788818, 5.75767612457, 1.25335669518, 0.0649688988924, 0.000167771635461], "max": [5.81756544113, 26.1587772369, 94.49949646, 224.689727783, 335.253662109, 332.155303955, 363.422180176, 271.964416504, 245.083053589, 212.218917847, 193.900909424, 162.920349121, 243.860107422, 260.907714844, 144.701522827, 136.818695068, 86.2767562866, 62.9192695618, 84.845993042, 77.834526062, 52.3423690796, 95.2219696045, 76.1712875366, 62.8694419861, 83.4221191406, 63.6206092834, 76.2216186523, 70.1299209595, 90.7103118896, 114.436332703, 130.337524414, 156.528137207, 143.579055786, 130.087493896, 140.159820557, 88.819770813, 52.7320823669, 18.7405490875, 5.26264095306, 0.272801667452], "mean": [0.181266948581, 2.20897817612, 6.26878023148, 11.9600372314, 19.6200027466, 20.3888454437, 18.7723064423, 19.7219181061, 17.3063602448, 13.6291456223, 10.5126972198, 10.2999162674, 12.622215271, 15.7585792542, 10.3994407654, 5.90728473663, 6.80206918716, 4.97046709061, 5.18994760513, 6.28382825851, 4.87676286697, 7.31965780258, 6.42550992966, 4.45133590698, 5.15263748169, 4.13915157318, 5.1865196228, 5.21925783157, 5.33650445938, 5.36298465729, 5.31387996674, 4.88662147522, 3.62608790398, 2.68398141861, 1.85114431381, 1.0731292963, 0.545893490314, 0.199133470654, 0.0407990179956, 0.00182701204903], "median": [0.0434306412935, 0.514297366142, 2.07595610619, 4.38483810425, 6.50555515289, 10.3703308105, 8.55666160583, 9.95755004883, 9.70281410217, 7.82597160339, 5.05881977081, 6.06799888611, 7.64257574081, 9.49851608276, 7.31888866425, 3.01106715202, 3.66366052628, 2.57045793533, 2.5871295929, 3.54740190506, 2.68912196159, 3.80199623108, 3.06339263916, 1.85848677158, 1.99715697765, 1.31681609154, 1.50167489052, 1.33936905861, 0.982138991356, 1.1413166523, 1.03755307198, 1.1407583952, 0.670268654823, 0.364032506943, 0.227968975902, 0.173835858703, 0.0786152631044, 0.0161811485887, 0.00199274206534, 0.000134736808832], "min": [9.33238985401e-23, 3.98064993547e-22, 2.33297890717e-21, 5.29590593401e-21, 1.55759466437e-20, 1.81286017802e-20, 3.75496183376e-20, 5.97604517604e-20, 9.09859447353e-20, 2.08824227181e-19, 1.64568009382e-19, 2.34434669524e-19, 6.01914671433e-19, 7.85702157724e-19, 5.1401644329e-19, 9.02425613962e-19, 1.03324981131e-18, 2.08076373189e-18, 2.93451752162e-18, 3.72490514053e-18, 4.34603175377e-18, 5.09619895616e-18, 5.26887166826e-18, 5.27475168165e-18, 7.95504971766e-18, 8.89066295517e-18, 9.99802949353e-18, 1.1426385123e-17, 1.05957411052e-17, 1.26254644845e-17, 1.15192212575e-17, 1.07003041792e-17, 1.04187170095e-17, 8.76766285245e-18, 6.50280511215e-18, 4.15255462209e-18, 2.31564807747e-18, 1.00376144285e-18, 2.21758772871e-19, 2.44276823112e-20], "var": [0.126865327358, 12.6862478256, 103.741279602, 528.026367188, 1144.72631836, 855.40045166, 791.198547363, 691.645202637, 578.712341309, 326.327789307, 236.091308594, 211.291976929, 332.663513184, 402.49206543, 130.039398193, 83.095161438, 74.5640945435, 37.4263038635, 54.92786026, 60.5169639587, 37.9646072388, 81.0070037842, 73.5871124268, 38.7243118286, 57.235824585, 46.7539253235, 72.4922027588, 73.641746521, 89.9721450806, 88.4586639404, 97.8562316895, 90.5415802002, 66.9182434082, 49.9891204834, 34.662727356, 13.889134407, 5.03889513016, 0.943797886372, 0.0571982376277, 0.000129088773974]}, "gfcc": {"mean": [-22.9782466888, 80.5902404785, -72.1066131592, 17.3416748047, -54.3444786072, 6.85866641998, -37.4981040955, 2.99635791779, -25.04596138, -3.97364711761, -17.3705234528, 3.84269356728, -11.4892101288], "cov": [[22882.6953125, -2455.11669922, 1073.11730957, 1066.6652832, -27.915397644, 1003.99572754, 167.616958618, 531.325927734, -153.869689941, 342.234771729, -246.675125122, 346.791595459, -53.4232177734], [-2455.11669922, 2805.67944336, -168.965774536, -116.841560364, 67.5093078613, -260.555267334, 67.2860794067, -168.653182983, 80.8628005981, -203.925979614, 94.2696914673, -170.63092041, 70.9025726318], [1073.11730957, -168.965774536, 1101.87451172, 48.2077255249, 213.336761475, 115.775161743, 164.127288818, 101.731170654, 0.458966076374, 49.3225440979, -25.9144992828, 13.2935152054, 11.9478359222], [1066.6652832, -116.841560364, 48.2077255249, 494.903320312, 141.841918945, 221.425552368, 108.19467926, 93.3831176758, 68.0227813721, 50.4348182678, 42.3071670532, 51.0444335938, 17.3892250061], [-27.915397644, 67.5093078613, 213.336761475, 141.841918945, 314.369537354, 118.352279663, 130.26776123, 69.7580490112, 79.7375564575, 17.2951431274, 47.3281402588, 36.2283363342, 20.489151001], [1003.99572754, -260.555267334, 115.775161743, 221.425552368, 118.352279663, 239.787414551, 95.8681030273, 102.180427551, 38.3206634521, 69.9105529785, 12.6143264771, 56.195514679, 9.12930202484], [167.616958618, 67.2860794067, 164.127288818, 108.19467926, 130.26776123, 95.8681030273, 161.955490112, 50.5226745605, 51.6390266418, 25.5893726349, 30.897731781, 8.55678653717, 24.5843315125], [531.325927734, -168.653182983, 101.731170654, 93.3831176758, 69.7580490112, 102.180427551, 50.5226745605, 118.526344299, 41.698890686, 46.6761474609, 8.7099647522, 46.3454971313, 3.99097895622], [-153.869689941, 80.8628005981, 0.458966076374, 68.0227813721, 79.7375564575, 38.3206634521, 51.6390266418, 41.698890686, 84.580947876, 25.0628204346, 36.7997779846, 15.979347229, 16.9173736572], [342.234771729, -203.925979614, 49.3225440979, 50.4348182678, 17.2951431274, 69.9105529785, 25.5893726349, 46.6761474609, 25.0628204346, 83.3875808716, 15.6837177277, 35.5796165466, 3.12050247192], [-246.675125122, 94.2696914673, -25.9144992828, 42.3071670532, 47.3281402588, 12.6143264771, 30.897731781, 8.7099647522, 36.7997779846, 15.6837177277, 65.4039916992, 17.9862480164, 14.9204692841], [346.791595459, -170.63092041, 13.2935152054, 51.0444335938, 36.2283363342, 56.195514679, 8.55678653717, 46.3454971313, 15.979347229, 35.5796165466, 17.9862480164, 76.0088653564, 17.1669044495], [-53.4232177734, 70.9025726318, 11.9478359222, 17.3892250061, 20.489151001, 9.12930202484, 24.5843315125, 3.99097895622, 16.9173736572, 3.12050247192, 14.9204692841, 17.1669044495, 44.8582954407]], "icov": [[6.71596208122e-05, 1.60449440045e-06, -4.96286484122e-05, -9.90327316686e-05, 0.000119363852718, -0.000169851569808, -8.1165753727e-06, -8.39477215777e-05, 0.000145318568684, -1.89815345948e-05, 0.000217407286982, -0.000195801287191, 7.01547178323e-05], [1.60449440045e-06, 0.000623034138698, 1.07794012365e-05, 5.8587543208e-06, -4.58304857602e-05, 0.000261683424469, -0.000176631860086, 0.000156796857482, -0.000641087593976, 0.00116757384967, -0.000868239731062, 0.00114067923278, -0.00092465209309], [-4.96286484122e-05, 1.07794012365e-05, 0.00143767462578, 0.00020292334375, -0.00115237990394, 0.000670666573569, -0.00116389931645, -0.0010600737296, 0.00164794456214, -0.00108463328797, 0.000877128797583, 0.00077135261381, -0.000548652256839], [-9.90327316686e-05, 5.8587543208e-06, 0.00020292334375, 0.00396082503721, -0.000118253738037, -0.00349532626569, -0.000109023458208, 0.000261070410488, -0.00147427141201, 0.00136196322273, -0.00167087907903, 0.000337051547831, -2.67533123406e-05], [0.000119363852718, -4.58304857602e-05, -0.00115237990394, -0.000118253738037, 0.0072248452343, -0.002450539032, -0.00250987987965, 0.000711833650712, -0.00449946569279, 0.00401926226914, -0.0015901750885, -0.00321863312274, 0.00225625629537], [-0.000169851569808, 0.000261683424469, 0.000670666573569, -0.00349532626569, -0.002450539032, 0.0138415750116, -0.00383296795189, -0.00432368181646, 0.00342795415781, -0.00547173479572, 0.0027154465206, -0.00120583025273, -5.80952428209e-06], [-8.1165753727e-06, -0.000176631860086, -0.00116389931645, -0.000109023458208, -0.00250987987965, -0.00383296795189, 0.0140457618982, -0.00120900175534, -0.00211461959407, -0.000584026565775, -0.00311686424538, 0.00577313592657, -0.00537640834227], [-8.39477215777e-05, 0.000156796857482, -0.0010600737296, 0.000261070410488, 0.000711833650712, -0.00432368181646, -0.00120900175534, 0.0196506101638, -0.00886775180697, -0.000745584140532, 0.00343265640549, -0.00787443574518, 0.00457032257691], [0.000145318568684, -0.000641087593976, 0.00164794456214, -0.00147427141201, -0.00449946569279, 0.00342795415781, -0.00211461959407, -0.00886775180697, 0.0269851647317, -0.00711704418063, -0.00562899652869, 0.00390197872184, -0.00467848498374], [-1.89815345948e-05, 0.00116757384967, -0.00108463328797, 0.00136196322273, 0.00401926226914, -0.00547173479572, -0.000584026565775, -0.000745584140532, -0.00711704418063, 0.0240253694355, -0.00559934834018, -0.00425787782297, 0.00206166575663], [0.000217407286982, -0.000868239731062, 0.000877128797583, -0.00167087907903, -0.0015901750885, 0.0027154465206, -0.00311686424538, 0.00343265640549, -0.00562899652869, -0.00559934834018, 0.0270109325647, -0.00756125757471, 4.36111949966e-05], [-0.000195801287191, 0.00114067923278, 0.00077135261381, 0.000337051547831, -0.00321863312274, -0.00120583025273, 0.00577313592657, -0.00787443574518, 0.00390197872184, -0.00425787782297, -0.00756125757471, 0.0286682024598, -0.0127515392378], [7.01547178323e-05, -0.00092465209309, -0.000548652256839, -2.67533123406e-05, 0.00225625629537, -5.80952428209e-06, -0.00537640834227, 0.00457032257691, -0.00467848498374, 0.00206166575663, 4.36111949966e-05, -0.0127515392378, 0.0319908745587]]}, "melbands": {"dmean": [0.00104295089841, 0.00196459097788, 0.00185210211203, 0.000945279956795, 0.000428391766036, 0.000258295942331, 0.00018251495203, 9.67992309597e-05, 5.95804158365e-05, 4.9934227718e-05, 5.00565074617e-05, 4.63103460788e-05, 2.462878183e-05, 1.59952614922e-05, 9.95479422272e-06, 1.0524321624e-05, 5.1533243095e-06, 5.65634672967e-06, 5.06723108629e-06, 4.2128676796e-06, 3.19241894431e-06, 4.22811399403e-06, 5.60361013413e-06, 2.63319429905e-06, 2.04020034289e-06, 2.21558730118e-06, 1.98090629056e-06, 1.60185936693e-06, 1.80619338153e-06, 1.90373714304e-06, 1.76409241703e-06, 1.71001977378e-06, 1.62803075909e-06, 1.73524529146e-06, 1.84438215456e-06, 1.73663624992e-06, 1.80313963938e-06, 1.60113529546e-06, 1.34279184749e-06, 1.27214730128e-06], "dmean2": [0.00167270447128, 0.00315898261033, 0.00321455253288, 0.00166409544181, 0.000754048582166, 0.000446834543254, 0.000314335775329, 0.000166401994647, 0.000106528743345, 8.84255423443e-05, 8.9845052571e-05, 8.0895901192e-05, 4.362263644e-05, 2.8829308576e-05, 1.75192744791e-05, 1.68890728673e-05, 8.51448658068e-06, 9.72532507149e-06, 8.50695778354e-06, 7.11881966708e-06, 5.26876419826e-06, 6.97229825164e-06, 8.84650489752e-06, 4.05923719882e-06, 3.17212084155e-06, 3.58101442544e-06, 3.05126286548e-06, 2.41678890234e-06, 2.68569851869e-06, 3.00552505905e-06, 2.63689094027e-06, 2.24657537728e-06, 2.16658099816e-06, 2.50598418461e-06, 2.6409579732e-06, 2.43764588959e-06, 2.52509244092e-06, 2.32269803746e-06, 1.94832409761e-06, 1.7976443587e-06], "dvar": [4.21011691287e-06, 1.53410310304e-05, 2.35308034462e-05, 5.48582102056e-06, 8.81097150796e-07, 2.82356467096e-07, 1.35977231253e-07, 4.13472633909e-08, 1.78241084114e-08, 1.12022826571e-08, 1.11094395905e-08, 6.44276232364e-09, 1.601257682e-09, 1.05776132298e-09, 3.56620649677e-10, 2.94380686494e-10, 6.0307224492e-11, 1.08676109778e-10, 6.5934868676e-11, 3.77671539875e-11, 3.19433438034e-11, 4.58794079117e-11, 9.14006925701e-11, 2.09525573974e-11, 1.41226067299e-11, 1.38445799963e-11, 1.76790804218e-11, 1.07318503043e-11, 1.24308272009e-11, 1.44164645499e-11, 1.28399573959e-11, 1.16094399719e-11, 1.06990683674e-11, 1.44878692376e-11, 1.81035464397e-11, 1.50347356093e-11, 1.71986886538e-11, 1.68380517862e-11, 1.68940139655e-11, 1.76632718868e-11], "dvar2": [1.07780915641e-05, 3.66848980775e-05, 6.6693253757e-05, 1.58458478836e-05, 2.50100515586e-06, 7.93879735284e-07, 3.82491293749e-07, 1.17389774346e-07, 5.12691968879e-08, 3.21830242456e-08, 3.25061400019e-08, 1.81455401815e-08, 4.51516202205e-09, 3.03848346483e-09, 9.98956695142e-10, 6.68549104965e-10, 1.46149467528e-10, 2.9709135152e-10, 1.62724084207e-10, 1.02681363412e-10, 7.77406680696e-11, 1.2174693198e-10, 2.24876436916e-10, 4.96837189445e-11, 3.28386727533e-11, 3.46989936784e-11, 3.66745384062e-11, 2.24189538461e-11, 2.60357083115e-11, 3.1764858105e-11, 2.8173765404e-11, 2.01814155665e-11, 1.78064698403e-11, 2.64138693556e-11, 3.49980426584e-11, 2.77111302655e-11, 3.29496777085e-11, 3.43270620262e-11, 3.21011446591e-11, 3.47153070179e-11], "max": [0.0449921935797, 0.0417600423098, 0.040530718863, 0.023424802348, 0.0129748815671, 0.00605795066804, 0.00377744948491, 0.00215590372682, 0.00151707732584, 0.00105955719482, 0.00123582826927, 0.00115913629998, 0.000498148205224, 0.000361134501873, 0.000242795984377, 0.000235801097006, 0.000113839574624, 0.000136410133564, 0.000108432926936, 8.78554274095e-05, 7.67035380704e-05, 8.91996678547e-05, 0.000129164618556, 6.46299158689e-05, 5.70519623579e-05, 4.78729016322e-05, 5.68538198422e-05, 4.73712934763e-05, 4.60638730146e-05, 5.03543160448e-05, 4.19394891651e-05, 5.10510253662e-05, 5.83569853916e-05, 6.68375723762e-05, 7.46214427636e-05, 0.000107488274807, 9.42822152865e-05, 0.000105456922029, 0.000115121889394, 0.000121814213344], "mean": [0.00211950833909, 0.00332682509907, 0.00245111924596, 0.00141637190245, 0.000747059995774, 0.000411808257923, 0.000254258950008, 0.000145248151966, 8.03005314083e-05, 6.35796532151e-05, 6.29209826002e-05, 6.54403629596e-05, 3.52215283783e-05, 1.9756034817e-05, 1.32090317493e-05, 1.49238703671e-05, 8.31989473227e-06, 7.85760130384e-06, 8.38979940454e-06, 7.46416071706e-06, 5.19799687027e-06, 6.83444886818e-06, 8.58110888657e-06, 4.33772038377e-06, 3.40910719387e-06, 3.81055178877e-06, 3.15299439535e-06, 2.64479649559e-06, 3.17844092024e-06, 3.06946776618e-06, 3.05699109049e-06, 2.96439475278e-06, 2.91426022159e-06, 3.0091480312e-06, 3.08611492983e-06, 2.99028783957e-06, 2.94555457003e-06, 2.55760392065e-06, 2.35967036133e-06, 2.22315475185e-06], "median": [0.000544565613382, 0.000983891193755, 0.00090067635756, 0.000631224538665, 0.000372979789972, 0.000213787861867, 0.000138092844281, 7.99914778327e-05, 3.78006952815e-05, 3.60932208423e-05, 3.73513466911e-05, 3.78710683435e-05, 2.42863843596e-05, 1.16364717542e-05, 6.62357160763e-06, 7.5551433838e-06, 4.16473721998e-06, 3.77389460482e-06, 4.53055417893e-06, 4.33073182649e-06, 2.70722921414e-06, 3.43493729815e-06, 4.14587975683e-06, 1.64993161889e-06, 1.29801856019e-06, 1.54849931278e-06, 1.00944635051e-06, 7.92004129835e-07, 9.22723586427e-07, 6.93292065534e-07, 7.83871428212e-07, 5.00181045027e-07, 5.71201837829e-07, 6.22584252596e-07, 5.62883201383e-07, 6.23651544629e-07, 6.42853592581e-07, 4.65603704924e-07, 3.50121126758e-07, 2.80771615735e-07], "min": [1.06119107249e-24, 1.04683656503e-24, 9.40201601913e-25, 2.32582286434e-24, 1.73750026198e-24, 1.57895637776e-24, 1.3620374768e-24, 2.15491536036e-24, 8.15608664023e-25, 1.41368913065e-24, 2.70093608553e-24, 3.24073052879e-24, 1.10837806944e-24, 1.85645318953e-24, 2.38833299133e-24, 2.56855043449e-24, 2.99603159523e-24, 3.94944987136e-24, 4.21777578067e-24, 3.19482710715e-24, 4.24279529314e-24, 4.77857936478e-24, 3.81344906801e-24, 3.41921149189e-24, 3.84767340395e-24, 4.57200864257e-24, 4.02184876423e-24, 4.35254122785e-24, 5.58616940561e-24, 4.65879675278e-24, 5.08594323928e-24, 4.93988169837e-24, 5.74518877575e-24, 6.1698322066e-24, 5.99108026978e-24, 5.24286345055e-24, 6.41531822612e-24, 6.78951124107e-24, 4.91044062053e-24, 6.64244705795e-24], "var": [1.22295105029e-05, 2.57860338024e-05, 1.88763369806e-05, 4.6456743803e-06, 1.03892466541e-06, 3.03785441247e-07, 1.28985917058e-07, 3.77503859283e-08, 1.43449350176e-08, 8.47642755986e-09, 8.4552587154e-09, 7.45754746845e-09, 1.5569328049e-09, 8.06595956693e-10, 3.60898727569e-10, 4.37501479489e-10, 1.14357259773e-10, 1.33682259706e-10, 1.17271428679e-10, 7.71430766489e-11, 5.35547405034e-11, 7.4938298622e-11, 1.39531761145e-10, 3.87209882213e-11, 2.58529708058e-11, 2.79176959328e-11, 2.88640049362e-11, 2.03873064264e-11, 2.64213425444e-11, 2.79160097816e-11, 2.63127263034e-11, 2.85547210876e-11, 2.61076004565e-11, 2.99164408524e-11, 3.41569758588e-11, 3.30227581391e-11, 3.47979006721e-11, 3.23394401536e-11, 3.61812038663e-11, 3.64965488386e-11]}, "mfcc": {"mean": [-676.658874512, 123.928955078, 30.5085296631, 17.4381332397, 6.38348340988, 3.03202605247, -2.18511652946, 4.62135028839, -2.97925162315, -4.39506816864, -6.33360385895, -2.1243159771, -3.10737657547], "cov": [[11132.6904297, -979.329406738, 916.244689941, 373.282287598, 391.47479248, 467.76171875, 479.939331055, 416.177490234, 389.300476074, 219.315078735, 93.3450012207, 120.72530365, 132.328125], [-979.329406738, 2409.17480469, 100.431755066, 112.846084595, -2.22175097466, -46.23229599, -20.052072525, 29.639831543, -13.1306467056, 3.96963858604, -25.7785205841, -29.3975067139, 6.79920148849], [916.244689941, 100.431755066, 636.284606934, 113.044883728, 87.3069992065, 59.1538848877, 119.401756287, 42.4490203857, 77.9293289185, 52.9240112305, 35.2520828247, -53.1541557312, 21.225730896], [373.282287598, 112.846084595, 113.044883728, 247.501541138, 118.775695801, 119.521255493, 83.6808929443, 94.4075469971, 54.9231033325, 37.9426383972, 38.4506530762, 42.1139030457, 22.9440345764], [391.47479248, -2.22175097466, 87.3069992065, 118.775695801, 200.960830688, 96.3895874023, 82.0129470825, 99.5944061279, 61.8198547363, 36.6915588379, 36.4311027527, 56.0770187378, 25.4527740479], [467.76171875, -46.23229599, 59.1538848877, 119.521255493, 96.3895874023, 168.764190674, 102.436935425, 82.0296173096, 66.2533111572, 34.396320343, 48.3777923584, 41.8025016785, 25.6667327881], [479.939331055, -20.052072525, 119.401756287, 83.6808929443, 82.0129470825, 102.436935425, 132.063934326, 81.4260635376, 61.262638092, 41.9433326721, 37.3011550903, 25.1135463715, 23.2378616333], [416.177490234, 29.639831543, 42.4490203857, 94.4075469971, 99.5944061279, 82.0296173096, 81.4260635376, 124.615898132, 69.3347549438, 33.9607505798, 33.9862937927, 48.5451202393, 22.7547855377], [389.300476074, -13.1306467056, 77.9293289185, 54.9231033325, 61.8198547363, 66.2533111572, 61.262638092, 69.3347549438, 93.9420089722, 39.4989471436, 33.5223197937, 22.4150333405, 22.0047492981], [219.315078735, 3.96963858604, 52.9240112305, 37.9426383972, 36.6915588379, 34.396320343, 41.9433326721, 33.9607505798, 39.4989471436, 68.7811660767, 27.9005088806, 8.77797794342, 22.1266384125], [93.3450012207, -25.7785205841, 35.2520828247, 38.4506530762, 36.4311027527, 48.3777923584, 37.3011550903, 33.9862937927, 33.5223197937, 27.9005088806, 65.9082107544, 31.813911438, 15.7215967178], [120.72530365, -29.3975067139, -53.1541557312, 42.1139030457, 56.0770187378, 41.8025016785, 25.1135463715, 48.5451202393, 22.4150333405, 8.77797794342, 31.813911438, 83.9777755737, 24.2083320618], [132.328125, 6.79920148849, 21.225730896, 22.9440345764, 25.4527740479, 25.6667327881, 23.2378616333, 22.7547855377, 22.0047492981, 22.1266384125, 15.7215967178, 24.2083320618, 49.6290512085]], "icov": [[0.000132127010147, 5.9161480749e-05, -0.000188228863408, 5.138097913e-05, 8.99500300875e-05, -0.000202016060939, -3.20474391629e-05, -0.000244035036303, -0.000151402477059, -0.000162908429047, 0.000399935408495, -0.00021724346152, 6.24634139967e-07], [5.9161480749e-05, 0.000478190049762, -0.000141137148603, -0.000339160003932, 0.000155025714776, 0.000209171848837, 0.000158970142365, -0.000494417909067, 0.000102417303424, -8.1123354903e-05, 0.000269283307716, 0.000130418105982, -0.000199689384317], [-0.000188228863408, -0.000141137148603, 0.00303243217058, -0.00122324854601, -0.00124059536029, 0.00199157418683, -0.00283404788934, 0.00202678982168, -0.00157338008285, 0.000948074739426, -0.00202827318572, 0.0036667981185, -0.00107738410588], [5.138097913e-05, -0.000339160003932, -0.00122324854601, 0.00810598582029, -0.00141397118568, -0.00468125287443, 0.00171449454501, -0.00331891560927, 0.00211382424459, -0.00153621577192, 0.000675092218444, -0.0012046493357, 0.000671689689625], [8.99500300875e-05, 0.000155025714776, -0.00124059536029, -0.00141397118568, 0.0102532012388, -0.00182335427962, 0.000160973373568, -0.00458768662065, 0.00014043081319, -0.0014513169881, 0.00179299223237, -0.00426233606413, 0.000731709238607], [-0.000202016060939, 0.000209171848837, 0.00199157418683, -0.00468125287443, -0.00182335427962, 0.0169484391809, -0.00928968284279, 0.00237486581318, -0.00408275099471, 0.00332403671928, -0.00492348568514, 0.0011788897682, -0.0014340019552], [-3.20474391629e-05, 0.000158970142365, -0.00283404788934, 0.00171449454501, 0.000160973373568, -0.00928968284279, 0.0221668723971, -0.00858954619616, 0.00156497466378, -0.00432627415285, 0.000161195377586, 0.000337043020409, -0.000216528613237], [-0.000244035036303, -0.000494417909067, 0.00202678982168, -0.00331891560927, -0.00458768662065, 0.00237486581318, -0.00858954619616, 0.0257000252604, -0.0104738781229, 0.000920003396459, 0.000516962318216, -0.00516340648755, 0.00133773358539], [-0.000151402477059, 0.000102417303424, -0.00157338008285, 0.00211382424459, 0.00014043081319, -0.00408275099471, 0.00156497466378, -0.0104738781229, 0.0243865996599, -0.00568572990596, -0.00296369777061, 0.00146685726941, -0.00186010741163], [-0.000162908429047, -8.1123354903e-05, 0.000948074739426, -0.00153621577192, -0.0014513169881, 0.00332403671928, -0.00432627415285, 0.000920003396459, -0.00568572990596, 0.0244148094207, -0.00745100295171, 0.00555528700352, -0.00733427377418], [0.000399935408495, 0.000269283307716, -0.00202827318572, 0.000675092218444, 0.00179299223237, -0.00492348568514, 0.000161195377586, 0.000516962318216, -0.00296369777061, -0.00745100295171, 0.0268686916679, -0.0103669855744, 0.00194769713562], [-0.00021724346152, 0.000130418105982, 0.0036667981185, -0.0012046493357, -0.00426233606413, 0.0011788897682, 0.000337043020409, -0.00516340648755, 0.00146685726941, 0.00555528700352, -0.0103669855744, 0.0259285476059, -0.00915470253676], [6.24634139967e-07, -0.000199689384317, -0.00107738410588, 0.000671689689625, 0.000731709238607, -0.0014340019552, -0.000216528613237, 0.00133773358539, -0.00186010741163, -0.00733427377418, 0.00194769713562, -0.00915470253676, 0.0281230285764]]}, "spectral_contrast_coeffs": {"dmean": [0.0522396638989, 0.0438129156828, 0.0353295020759, 0.0270705446601, 0.0197768192738, 0.0151818180457], "dmean2": [0.0830938220024, 0.072678938508, 0.0587487518787, 0.0453080236912, 0.0330024659634, 0.0234613139182], "dvar": [0.00273446645588, 0.00130927201826, 0.000806619296782, 0.000506994663738, 0.000273046520306, 0.0001980780944], "dvar2": [0.00630935840309, 0.0035253490787, 0.00215957080945, 0.00136149302125, 0.000735442969017, 0.000410960346926], "max": [-0.261406391859, -0.533347904682, -0.592872321606, -0.638914704323, -0.658314406872, -0.635294258595], "mean": [-0.611577689648, -0.746979594231, -0.797437250614, -0.816324472427, -0.814545452595, -0.803599298], "median": [-0.620257973671, -0.747451305389, -0.800709307194, -0.8198543787, -0.818468332291, -0.803925514221], "min": [-0.976114749908, -0.977652192116, -0.975546121597, -0.973053097725, -0.967073500156, -0.964709877968], "var": [0.00910421274602, 0.00345614622347, 0.00238986196928, 0.00136709143408, 0.00117994309403, 0.00133901496883]}, "spectral_contrast_valleys": {"dmean": [0.450197577477, 0.429136365652, 0.388067781925, 0.338211745024, 0.279679268599, 0.29421210289], "dmean2": [0.6980484128, 0.720925629139, 0.646009087563, 0.548641979694, 0.415243446827, 0.398410260677], "dvar": [0.299098998308, 0.275209963322, 0.211408212781, 0.159319505095, 0.117125667632, 0.150701150298], "dvar2": [0.504825055599, 0.675554513931, 0.495319634676, 0.346782594919, 0.209557175636, 0.251944512129], "max": [-4.91049671173, -4.26314020157, -4.99763822556, -6.18353891373, -6.0425825119, -7.39648294449], "mean": [-7.39818096161, -6.90736627579, -7.55875968933, -8.29214000702, -8.30731391907, -10.238948822], "median": [-6.861108779