{"lowlevel": {"average_loudness": 0.954095959663, "barkbands_crest": {"dmean": 2.15762734413, "dmean2": 3.39995932579, "dvar": 4.77098369598, "dvar2": 10.5731639862, "max": 25.6638336182, "mean": 9.23900413513, "median": 8.31187152863, "min": 2.3924882412, "var": 15.67278862}, "barkbands_flatness_db": {"dmean": 0.0223962217569, "dmean2": 0.0313707850873, "dvar": 0.000793337181676, "dvar2": 0.00151617301162, "max": 0.647330462933, "mean": 0.120455496013, "median": 0.10367923975, "min": 0.01500924211, "var": 0.0060344254598}, "barkbands_kurtosis": {"dmean": 1.04969203472, "dmean2": 1.60804533958, "dvar": 2.78754281998, "dvar2": 6.24838066101, "max": 41.478805542, "mean": 1.29278719425, "median": 0.459028840065, "min": -1.78046274185, "var": 8.58338260651}, "barkbands_skewness": {"dmean": 0.36665469408, "dmean2": 0.55155146122, "dvar": 0.13082639873, "dvar2": 0.296330183744, "max": 4.98216724396, "mean": 0.876109600067, "median": 0.826287388802, "min": -2.03690934181, "var": 0.622403800488}, "barkbands_spread": {"dmean": 5.5680232048, "dmean2": 8.01063728333, "dvar": 47.6067771912, "dvar2": 103.618247986, "max": 69.6999969482, "mean": 21.8735370636, "median": 19.5915222168, "min": 0.37531837821, "var": 132.316299438}, "dissonance": {"dmean": 0.0209352020174, "dmean2": 0.0340157225728, "dvar": 0.000497696979437, "dvar2": 0.00124682788737, "max": 0.499824464321, "mean": 0.445609658957, "median": 0.456306427717, "min": 0.107953585684, "var": 0.00209127017297}, "dynamic_complexity": 2.7188603878, "erbbands_crest": {"dmean": 3.01565527916, "dmean2": 4.57606267929, "dvar": 9.70739555359, "dvar2": 20.6617202759, "max": 32.7434692383, "mean": 11.7383928299, "median": 10.5056247711, "min": 2.29051613808, "var": 32.8616867065}, "erbbands_flatness_db": {"dmean": 0.0254228096455, "dmean2": 0.0339969731867, "dvar": 0.00082874117652, "dvar2": 0.0015826447634, "max": 0.60105317831, "mean": 0.18282212317, "median": 0.172351792455, "min": 0.0539143569767, "var": 0.00518042827025}, "erbbands_kurtosis": {"dmean": 0.92904406786, "dmean2": 1.40122032166, "dvar": 1.79920601845, "dvar2": 3.99266409874, "max": 27.7258472443, "mean": 0.757572710514, "median": 0.239551782608, "min": -1.6828494072, "var": 3.90454506874}, "erbbands_skewness": {"dmean": 0.282325565815, "dmean2": 0.431760400534, "dvar": 0.0820823833346, "dvar2": 0.190929621458, "max": 3.68241167068, "mean": 0.385798722506, "median": 0.378953516483, "min": -1.88290143013, "var": 0.334969371557}, "erbbands_spread": {"dmean": 7.41169834137, "dmean2": 10.9447851181, "dvar": 69.7368545532, "dvar2": 155.858718872, "max": 104.199859619, "mean": 30.2511100769, "median": 28.5109405518, "min": 1.03474891186, "var": 215.530685425}, "hfc": {"dmean": 11.7621250153, "dmean2": 17.1086406708, "dvar": 465.371887207, "dvar2": 1060.15771484, "max": 179.60710144, "mean": 24.452457428, "median": 15.5430002213, "min": 1.19373359108e-16, "var": 742.495910645}, "melbands_crest": {"dmean": 2.45981740952, "dmean2": 3.9749083519, "dvar": 6.24726247787, "dvar2": 15.21870327, "max": 31.6005363464, "mean": 11.438952446, "median": 10.4698324203, "min": 2.31453943253, "var": 18.8174324036}, "melbands_flatness_db": {"dmean": 0.02302724123, "dmean2": 0.0330206342041, "dvar": 0.000907782290597, "dvar2": 0.00181354372762, "max": 0.737396240234, "mean": 0.166741207242, "median": 0.153920322657, "min": 0.00640121521428, "var": 0.00559045001864}, "melbands_kurtosis": {"dmean": 2.30561089516, "dmean2": 3.63096761703, "dvar": 10.7942905426, "dvar2": 25.9559669495, "max": 64.6819229126, "mean": 4.43801832199, "median": 2.88395476341, "min": -1.62447762489, "var": 29.6187820435}, "melbands_skewness": {"dmean": 0.479864418507, "dmean2": 0.72541064024, "dvar": 0.23399156332, "dvar2": 0.551125586033, "max": 6.80441951752, "mean": 1.53348124027, "median": 1.4811000824, "min": -1.46952176094, "var": 0.935884654522}, "melbands_spread": {"dmean": 6.88942575455, "dmean2": 10.6762857437, "dvar": 99.6700439453, "dvar2": 227.743621826, "max": 148.719863892, "mean": 28.5865745544, "median": 26.3791599274, "min": 0.709855973721, "var": 233.148025513}, "pitch_salience": {"dmean": 0.0614469461143, "dmean2": 0.097975961864, "dvar": 0.00396309699863, "dvar2": 0.00965453777462, "max": 0.872932553291, "mean": 0.534299075603, "median": 0.531572043896, "min": 0.123445719481, "var": 0.0102885439992}, "silence_rate_20dB": {"dmean": 0, "dmean2": 0, "dvar": 0, "dvar2": 0, "max": 1, "mean": 1, "median": 1, "min": 1, "var": 0}, "silence_rate_30dB": {"dmean": 0, "dmean2": 0, "dvar": 0, "dvar2": 0, "max": 1, "mean": 1, "median": 1, "min": 1, "var": 0}, "silence_rate_60dB": {"dmean": 0.0101613104343, "dmean2": 0.0203252024949, "dvar": 0.0100579028949, "dvar2": 0.0214354041964, "max": 1, "mean": 0.0414020828903, "median": 0, "min": 0, "var": 0.0396836958826}, "spectral_centroid": {"dmean": 223.082962036, "dmean2": 341.780212402, "dvar": 83982.9609375, "dvar2": 168472.40625, "max": 10905.9638672, "mean": 1454.78039551, "median": 1412.32763672, "min": 393.544219971, "var": 259413.203125}, "spectral_complexity": {"dmean": 4.16181898117, "dmean2": 5.89837408066, "dvar": 38.44581604, "dvar2": 65.1128082275, "max": 62, "mean": 18.6664981842, "median": 16, "min": 0, "var": 105.029556274}, "spectral_decrease": {"dmean": 1.72121639164e-09, "dmean2": 2.70739763941e-09, "dvar": 1.05341558542e-17, "dvar2": 2.80066017705e-17, "max": -4.58999751686e-29, "mean": -4.55881199457e-09, "median": -3.61840601926e-09, "min": -3.10938439441e-08, "var": 1.40839758104e-17}, "spectral_energy": {"dmean": 0.007400943432, "dmean2": 0.0115007152781, "dvar": 0.000189081023564, "dvar2": 0.000491138489451, "max": 0.129370689392, "mean": 0.0194238964468, "median": 0.0151666924357, "min": 1.10007589769e-20, "var": 0.000264564238023}, "spectral_energyband_high": {"dmean": 0.000889975170139, "dmean2": 0.00129212555476, "dvar": 3.05167031911e-06, "dvar2": 6.62437150822e-06, "max": 0.0175017956644, "mean": 0.00124149618205, "median": 0.000314538367093, "min": 8.15704854803e-21, "var": 4.84298379888e-06}, "spectral_energyband_low": {"dmean": 0.00162703741807, "dmean2": 0.00274270889349, "dvar": 1.90835198737e-05, "dvar2": 5.10393110744e-05, "max": 0.0625443980098, "mean": 0.00191162049305, "median": 0.000646181288175, "min": 4.39834130871e-23, "var": 1.73745247594e-05}, "spectral_energyband_middle_high": {"dmean": 0.00290721678175, "dmean2": 0.00435995636508, "dvar": 2.25726398639e-05, "dvar2": 5.39546599612e-05, "max": 0.0545799098909, "mean": 0.00691335648298, "median": 0.00525615457445, "min": 1.54334403474e-21, "var": 3.98826559831e-05}, "spectral_energyband_middle_low": {"dmean": 0.00385639606975, "dmean2": 0.0062870210968, "dvar": 8.2866041339e-05, "dvar2": 0.00023283653718, "max": 0.099336527288, "mean": 0.00974885094911, "median": 0.00764302304015, "min": 3.59728423525e-22, "var": 8.48792915349e-05}, "spectral_entropy": {"dmean": 0.227817907929, "dmean2": 0.312946259975, "dvar": 0.0889328345656, "dvar2": 0.183142513037, "max": 9.78865242004, "mean": 7.3751912117, "median": 7.42550086975, "min": 3.78047323227, "var": 0.420560657978}, "spectral_flux": {"dmean": 0.0251827724278, "dmean2": 0.0371218845248, "dvar": 0.00134461570997, "dvar2": 0.00276994309388, "max": 0.317229092121, "mean": 0.0646560192108, "median": 0.0482720211148, "min": 1.0488450386e-10, "var": 0.00265662535094}, "spectral_kurtosis": {"dmean": 2.66214227676, "dmean2": 4.32602643967, "dvar": 94.0570678711, "dvar2": 199.508468628, "max": 321.076934814, "mean": 6.06736087799, "median": 3.68502497673, "min": -1.22219777107, "var": 229.123123169}, "spectral_rms": {"dmean": 0.000711805885658, "dmean2": 0.00105608545709, "dvar": 1.12927625651e-06, "dvar2": 2.73130035566e-06, "max": 0.0112345591187, "mean": 0.00404020072892, "median": 0.00384665746242, "min": 3.27604154741e-12, "var": 2.62697540165e-06}, "spectral_rolloff": {"dmean": 575.747314453, "dmean2": 970.594848633, "dvar": 1185444.75, "dvar2": 2796783.75, "max": 18604.6875, "mean": 1872.27990723, "median": 1442.72460938, "min": 344.53125, "var": 1653268.625}, "spectral_skewness": {"dmean": 0.253388643265, "dmean2": 0.413776040077, "dvar": 0.287621706724, "dvar2": 0.62520724535, "max": 14.7440328598, "mean": 1.64265882969, "median": 1.50105476379, "min": -0.0520171746612, "var": 0.864524304867}, "spectral_spread": {"dmean": 697072.4375, "dmean2": 1001400.6875, "dvar": 807534985216, "dvar2": 1690485522430.0, "max": 41101044, "mean": 4470932.5, "median": 4255790.5, "min": 321877.90625, "var": 1947867021310.0}, "spectral_strongpeak": {"dmean": 0.850780844688, "dmean2": 1.37207961082, "dvar": 1.61085093021, "dvar2": 3.47038412094, "max": 15.764169693, "mean": 1.82060301304, "median": 1.15467572212, "min": 0, "var": 3.20852327347}, "zerocrossingrate": {"dmean": 0.0113718733191, "dmean2": 0.0125215733424, "dvar": 0.000204934898647, "dvar2": 0.000231333062402, "max": 0.6728515625, "mean": 0.0723166018724, "median": 0.06640625, "min": 0.0146484375, "var": 0.000993912573904}, "barkbands": {"dmean": [8.00761772553e-05, 0.000659841112792, 0.000922451843508, 0.000604334520176, 0.00164483452681, 0.00104674580507, 0.000835223239847, 0.000559599488042, 0.000629980233498, 0.000349291862221, 0.000474824279081, 0.000455234490801, 0.000937642587814, 0.000561479013413, 0.000411345157772, 0.000241879679379, 0.000242497088038, 0.000228304212214, 0.000292468990665, 0.000158795563038, 0.000156118621817, 0.000200421025511, 0.00021391363407, 0.000143735640449, 0.000131172011606, 6.04890228715e-05, 1.71627489181e-05], "dmean2": [0.000133663939778, 0.00106151052751, 0.00163966137916, 0.00107518956065, 0.00285960640758, 0.00167827436235, 0.00135018141009, 0.00084465573309, 0.000925471074879, 0.000590297800954, 0.000733356107958, 0.000697645184118, 0.00136448279954, 0.000841012981255, 0.00065481744241, 0.000417684816057, 0.000394930917537, 0.000348826317349, 0.000461910385638, 0.00023905026319, 0.000239821587456, 0.000316423800541, 0.000317919824738, 0.000220824571443, 0.000207632183447, 9.74888462224e-05, 2.91618725896e-05], "dvar": [3.08463654619e-08, 4.24600375482e-06, 5.64610672882e-06, 2.17929436985e-06, 2.45634983003e-05, 5.01078375237e-06, 4.07132210967e-06, 9.21557273159e-07, 1.00395118352e-06, 9.44861767493e-07, 1.1258853192e-06, 8.38285131977e-07, 2.26257407121e-06, 1.3638417613e-06, 9.57579914029e-07, 4.27014299476e-07, 1.75110528744e-07, 3.17530236771e-07, 5.190831871e-07, 1.26774708065e-07, 1.51070253196e-07, 1.96012805986e-07, 2.25312291491e-07, 1.23249904505e-07, 8.91630378419e-08, 2.3541989691e-08, 5.41565858825e-09], "dvar2": [7.50951301143e-08, 1.06077022792e-05, 1.6240948753e-05, 6.12226222074e-06, 6.89570661052e-05, 1.27510620587e-05, 1.10020882857e-05, 2.14389547182e-06, 2.34147296396e-06, 2.63982178694e-06, 2.76278728961e-06, 1.83087604455e-06, 4.31321905126e-06, 2.90345019494e-06, 1.99465443984e-06, 1.15659031508e-06, 4.25630986456e-07, 6.53538677398e-07, 1.18574530461e-06, 2.53007868878e-07, 3.21074679732e-07, 4.3841362185e-07, 5.16769887327e-07, 3.0493504255e-07, 2.19748471864e-07, 5.69319134058e-08, 1.49388448278e-08], "max": [0.00263903127052, 0.0245227925479, 0.0343845933676, 0.0169217921793, 0.0700154677033, 0.0258471351117, 0.0288676694036, 0.0157213620842, 0.0254304725677, 0.0117318648845, 0.0173389781266, 0.0159582048655, 0.0272978506982, 0.0194532815367, 0.0309285949916, 0.00941784027964, 0.00516205979511, 0.0157202035189, 0.0130105931312, 0.00579512119293, 0.00843676365912, 0.0068329218775, 0.00587264308706, 0.00367239257321, 0.00397953670472, 0.00148242816795, 0.00134290347341], "mean": [0.000103485384898, 0.000663456623442, 0.000857067527249, 0.00069141224958, 0.00224637938663, 0.00257242075168, 0.00120273302309, 0.00139558885712, 0.00143268285319, 0.000453181797639, 0.0008335262537, 0.000774868007284, 0.00191437045578, 0.000826227245852, 0.000645332445856, 0.000293674209388, 0.000401799450628, 0.000358125398634, 0.000394632457756, 0.000232984224567, 0.000223217677558, 0.000261277280515, 0.000276090548141, 0.000156653215527, 0.000143707409734, 5.49904543732e-05, 1.40556594488e-05], "median": [3.57990575139e-05, 0.000102440615592, 0.000226158415899, 0.000260903907474, 0.00108595122583, 0.00115588842891, 0.000461008661659, 0.000950097921304, 0.000827988260426, 0.000135520429467, 0.000387206324376, 0.000257845735177, 0.00054280256154, 0.000182373594726, 0.000153981964104, 9.46629297687e-05, 0.000213900770177, 0.000139848241815, 0.000145661557326, 8.81561718415e-05, 7.61418486945e-05, 7.08510997356e-05, 4.2886720621e-05, 2.7944737667e-05, 1.59446863108e-05, 4.6157365432e-06, 7.57926613915e-07], "min": [1.62460397181e-23, 9.07567432061e-24, 2.26618407271e-23, 2.07787429716e-23, 7.67252301087e-23, 4.60070432574e-23, 2.99651023659e-23, 9.36052189607e-23, 8.54130499213e-23, 5.64989564057e-23, 1.34719229391e-22, 1.77411068917e-22, 6.21047534595e-23, 9.10087684881e-23, 1.3817041381e-22, 8.29603740818e-23, 1.49199257245e-22, 2.63113914781e-22, 1.55109908018e-22, 3.62159150098e-22, 3.8524303772e-22, 5.6530141024e-22, 6.79442035404e-22, 1.04274517265e-21, 1.42382188884e-21, 2.0810834275e-21, 2.15319980404e-21], "var": [3.94529777736e-08, 3.97515395889e-06, 4.19285106545e-06, 1.82304609098e-06, 1.89124639292e-05, 1.05496328615e-05, 4.62247407995e-06, 2.34261074183e-06, 2.93877792501e-06, 8.51775553201e-07, 2.11899578062e-06, 1.95094207811e-06, 8.49569187267e-06, 2.90409548143e-06, 3.32907734446e-06, 4.66151703904e-07, 3.05631289166e-07, 5.59936268019e-07, 6.80430446209e-07, 2.03996890491e-07, 2.20988155775e-07, 2.69616947435e-07, 3.407272402e-07, 1.28776548536e-07, 1.05922424609e-07, 2.18308109368e-08, 3.5587639502e-09]}, "erbbands": {"dmean": [0.0184371396899, 0.174698784947, 0.914717853069, 1.4997651577, 5.23069429398, 4.70314645767, 4.69774532318, 10.4592132568, 12.2214479446, 11.5294847488, 11.2694683075, 16.5343647003, 12.0592479706, 9.8688249588, 20.7941532135, 22.3743438721, 43.7900352478, 30.997751236, 23.2781791687, 15.0638599396, 12.7086706161, 10.8387966156, 13.5007362366, 15.0143480301, 12.4400262833, 7.27286481857, 5.66354322433, 7.10361385345, 7.31323051453, 6.21422863007, 6.0430598259, 3.4577896595, 2.18868994713, 1.33182537556, 1.00306236744, 0.35700288415, 0.106027416885, 0.0232917014509, 0.00297267921269, 0.000128780942759], "dmean2": [0.0282414890826, 0.302701503038, 1.62437820435, 2.6574575901, 9.25656318665, 8.19076538086, 7.51046609879, 16.8359489441, 19.1256351471, 18.6968517303, 16.6640014648, 24.1376552582, 20.3220310211, 16.0445632935, 31.6776256561, 33.9579658508, 64.0850448608, 45.40782547, 35.8579788208, 24.6641292572, 21.7616844177, 17.7379894257, 20.6075592041, 24.2329807281, 18.6389217377, 11.2086133957, 8.47036457062, 11.1679944992, 11.4521303177, 9.28820800781, 8.99421310425, 5.32902145386, 3.40443468094, 2.07056093216, 1.59956800938, 0.570909678936, 0.166815981269, 0.0387695245445, 0.00496757496148, 0.000212386337807], "dvar": [0.00254869600758, 0.34110480547, 5.86166143417, 12.4167470932, 305.060699463, 171.027999878, 97.5578384399, 504.16317749, 741.049133301, 560.556396484, 477.283660889, 688.816101074, 1092.99182129, 653.319641113, 1964.00598145, 1788.30603027, 4801.01660156, 3412.26049805, 3513.1730957, 968.008728027, 1109.01342773, 410.637390137, 1179.84667969, 1256.23913574, 1176.60998535, 219.328063965, 230.545028687, 267.954498291, 334.89944458, 171.990280151, 194.766998291, 76.5662612915, 33.9935302734, 10.6313734055, 5.27940559387, 0.858133614063, 0.0741354301572, 0.00865664985031, 0.000102259284176, 1.15760670383e-07], "dvar2": [0.00545823387802, 0.939327061176, 16.8847179413, 35.4186172485, 865.840270996, 482.238098145, 242.134872437, 1276.69104004, 1897.28515625, 1572.0213623, 1060.79455566, 1582.98864746, 3054.49584961, 1751.86938477, 4506.38427734, 3818.83789062, 9369.22558594, 7025.70263672, 7177.79150391, 2406.04174805, 3041.18139648, 1028.70825195, 2390.7668457, 2980.9831543, 2417.39135742, 459.570831299, 470.972106934, 621.554199219, 726.831176758, 393.636779785, 443.822021484, 193.722381592, 86.1956939697, 26.8899021149, 12.5243558884, 2.12827944756, 0.176548868418, 0.0238721873611, 0.000271997472737, 3.01072333286e-07], "max": [0.69515568018, 7.17932081223, 36.5387153625, 48.5308189392, 211.337936401, 199.186096191, 169.700317383, 325.725799561, 424.815216064, 292.95489502, 432.158233643, 733.399291992, 415.382232666, 265.976104736, 854.978210449, 823.421569824, 1243.34631348, 1058.54541016, 1899.44750977, 510.536682129, 369.624023438, 212.586471558, 1012.59515381, 596.430236816, 762.544494629, 168.859786987, 342.307067871, 294.375915527, 343.289428711, 123.001602173, 237.890365601, 107.800514221, 69.4703140259, 37.4658317566, 34.9666137695, 9.36074542999, 3.79539132118, 1.6287727356, 0.162910655141, 0.00341861601919], "mean": [0.0217601358891, 0.14657074213, 0.828811228275, 1.79545581341, 5.10019254684, 7.09800577164, 12.4076976776, 24.9201068878, 19.2815914154, 22.8620929718, 28.5687599182, 40.235534668, 17.2110462189, 13.9894666672, 39.7269020081, 45.2139091492, 91.3860015869, 55.3896751404, 39.9741210938, 21.3678665161, 16.705663681, 17.7725219727, 22.8508529663, 21.0223941803, 17.5577831268, 11.2133932114, 8.58300685883, 9.78052806854, 9.33558940887, 8.43624973297, 7.72198057175, 3.80391931534, 2.25325798988, 1.36578321457, 1.17120349407, 0.330019295216, 0.0957799553871, 0.0191958062351, 0.00250676181167, 0.000126290906337], "median": [0.0033285706304, 0.0201165881008, 0.199421256781, 0.745489954948, 1.45800447464, 3.54246425629, 7.58051872253, 9.30434989929, 7.67877483368, 13.7041664124, 17.1420669556, 24.49858284, 8.18922233582, 5.20101547241, 19.7052688599, 21.1514434814, 29.3168087006, 20.3452014923, 7.98190784454, 8.07014846802, 7.04152011871, 9.73904418945, 10.0041875839, 8.29219818115, 5.69333934784, 4.68538951874, 3.19406461716, 3.10866260529, 2.51189661026, 1.89506292343, 1.19409751892, 0.701623916626, 0.351689875126, 0.19159412384, 0.102766096592, 0.0336228646338, 0.00744066759944, 0.000971848145127, 0.000160301569849, 2.73687837762e-05], "min": [4.60740964344e-22, 1.6228278925e-21, 1.92641785896e-20, 5.62612515871e-20, 1.35196829159e-19, 2.21277844893e-19, 3.92929893665e-19, 5.05542081312e-19, 4.28337359785e-19, 1.08646595903e-18, 1.77564368729e-18, 1.80490085876e-18, 1.33955158681e-18, 2.64252752168e-18, 8.72393891245e-18, 6.36461383747e-18, 3.25855539363e-18, 2.77637237583e-18, 7.77828287512e-18, 5.54474591513e-18, 5.49893499844e-18, 9.1202378352e-18, 1.52790648527e-17, 1.10597555144e-17, 1.22456115667e-17, 1.30954949784e-17, 1.378872858e-17, 1.72148941336e-17, 1.45279633498e-17, 2.53680014956e-17, 1.86227373382e-17, 1.60643851632e-17, 1.99677958799e-17, 1.59541401855e-17, 1.02241608207e-17, 6.43174037136e-18, 4.12946635683e-18, 1.31606048459e-18, 2.6026170394e-19, 3.77451173055e-20], "var": [0.00346849113703, 0.241561308503, 4.25847148895, 10.1974601746, 213.988540649, 141.995895386, 193.705444336, 1155.69006348, 1054.18969727, 801.308349609, 1213.40161133, 2164.47460938, 882.184143066, 693.617919922, 4189.49169922, 4975.20800781, 17722.1523438, 8585.30761719, 12619.71875, 1403.68847656, 976.096984863, 573.460205078, 2164.13598633, 1596.5402832, 1773.27526855, 345.471069336, 333.467529297, 371.113037109, 432.916015625, 263.866943359, 282.412750244, 76.4782104492, 32.5699272156, 10.8966789246, 7.00883674622, 0.77074688673, 0.0705806016922, 0.00581062352285, 7.47334415792e-05, 9.46534441937e-08]}, "gfcc": {"mean": [-8.0645866394, 74.384437561, -140.137588501, 11.398355484, -72.9334487915, 2.64184355736, -42.6745910645, -3.11340665817, -25.555978775, 2.35548329353, -10.0211687088, -0.304542273283, -16.7147960663], "cov": [[11820.8876953, -1533.59277344, 2240.73291016, 1736.62158203, 400.251647949, 1200.9798584, -319.069885254, 225.555679321, -483.578094482, 107.815948486, -475.616607666, -30.2773609161, -419.361633301], [-1533.59277344, 1161.92297363, -363.249023438, -141.742431641, -39.520111084, -285.785675049, 73.9492111206, -119.130638123, 60.8116722107, -85.3651580811, 142.84954834, 16.4721813202, 170.462081909], [2240.73291016, -363.249023438, 912.55670166, 369.614379883, 197.068908691, 292.719787598, -95.2344970703, 102.542930603, -136.852844238, 32.4978904724, -131.542388916, 51.0800819397, -75.348739624], [1736.62158203, -141.742431641, 369.614379883, 624.484558105, 140.022857666, 260.28515625, -42.320350647, 36.7428359985, -79.5871505737, 13.3855371475, -67.4026641846, -20.5943069458, -58.027885437], [400.251647949, -39.520111084, 197.068908691, 140.022857666, 292.470581055, 137.597930908, 27.8930854797, 41.9073028564, -23.5529270172, 19.4699935913, -32.3059577942, -2.86179018021, -42.3208236694], [1200.9798584, -285.785675049, 292.719787598, 260.28515625, 137.597930908, 308.633361816, -2.12059140205, 71.6374816895, -45.540184021, 41.6375732422, -49.1366615295, -9.72373485565, -98.8818817139], [-319.069885254, 73.9492111206, -95.2344970703, -42.320350647, 27.8930854797, -2.12059140205, 138.602325439, 30.9567909241, 46.2805404663, 5.0330991745, 34.5451965332, 18.468038559, 10.2598133087], [225.555679321, -119.130638123, 102.542930603, 36.7428359985, 41.9073028564, 71.6374816895, 30.9567909241, 116.883033752, 20.6469459534, 27.8886947632, -1.1900703907, 16.0253105164, -30.5712985992], [-483.578094482, 60.8116722107, -136.852844238, -79.5871505737, -23.5529270172, -45.540184021, 46.2805404663, 20.6469459534, 109.148323059, 30.1635017395, 34.9498977661, 5.86996650696, 18.7279815674], [107.815948486, -85.3651580811, 32.4978904724, 13.3855371475, 19.4699935913, 41.6375732422, 5.0330991745, 27.8886947632, 30.1635017395, 90.7480010986, 23.9154415131, 6.32113027573, -23.6520767212], [-475.616607666, 142.84954834, -131.542388916, -67.4026641846, -32.3059577942, -49.1366615295, 34.5451965332, -1.1900703907, 34.9498977661, 23.9154415131, 123.691505432, 37.4655303955, 23.699968338], [-30.2773609161, 16.4721813202, 51.0800819397, -20.5943069458, -2.86179018021, -9.72373485565, 18.468038559, 16.0253105164, 5.86996650696, 6.32113027573, 37.4655303955, 98.697883606, 40.440662384], [-419.361633301, 170.462081909, -75.348739624, -58.027885437, -42.3208236694, -98.8818817139, 10.2598133087, -30.5712985992, 18.7279815674, -23.6520767212, 23.699968338, 40.440662384, 144.40296936]], "icov": [[0.000257873529335, 5.34393911948e-05, -0.000336803001119, -0.000357982033165, 0.000276419159491, -0.000335434277076, -1.38393552334e-05, 0.000107400570414, 0.000266065297183, -0.000132703164127, 0.000252438127063, -3.62159044016e-05, 0.000153721077368], [5.34393911948e-05, 0.00170268572401, -0.000237004598603, -0.000431692169514, -0.000576165970415, 0.00111022265628, -0.000591392919887, 0.00104487291537, -0.000584586930927, 0.00143403280526, -0.00198327261023, 0.000864314730279, -0.000903148204088], [-0.000336803001119, -0.000237004598603, 0.00340699474327, -6.9392604928e-05, -0.00103944842704, -0.000494979205541, 0.00154658558313, -0.00202690507285, 0.00195168145001, -0.00112015008926, 0.00215178262442, -0.0026710559614, -0.000172754982486], [-0.000357982033165, -0.000431692169514, -6.9392604928e-05, 0.00338806118816, -0.000443374621682, -0.00191560725216, 0.000423904246418, 6.66343985358e-05, 6.00070670771e-05, 0.000252016499871, -0.000259588879999, 0.00082739739446, -0.000818055530544], [0.000276419159491, -0.000576165970415, -0.00103944842704, -0.000443374621682, 0.00531391147524, -0.00200341106392, -0.00154880213086, -0.000108820633614, 0.00067764549749, -0.000963424623478, 0.00122945930343, 0.000231119716773, 0.000522661022842], [-0.000335434277076, 0.00111022265628, -0.000494979205541, -0.00191560725216, -0.00200341106392, 0.00967448856682, -0.00159185880329, -0.00127299816813, 0.000529450306203, -0.000962233636528, -0.000923303072341, 0.000369077955838, 0.00239031738602], [-1.38393552334e-05, -0.000591392919887, 0.00154658558313, 0.000423904246418, -0.00154880213086, -0.00159185880329, 0.0108785424381, -0.00302324607037, -0.00261299475096, 0.00134204619098, -0.000472017098218, -0.00207221833989, -0.000105150633317], [0.000107400570414, 0.00104487291537, -0.00202690507285, 6.66343985358e-05, -0.000108820633614, -0.00127299816813, -0.00302324607037, 0.0139247747138, -0.00433889869601, 0.000255143735558, -0.00133499945514, -0.0006970227696, 0.00132563710213], [0.000266065297183, -0.000584586930927, 0.00195168145001, 6.00070670771e-05, 0.00067764549749, 0.000529450306203, -0.00261299475096, -0.00433889869601, 0.0170293934643, -0.00689216563478, 0.00171949889045, -0.000282666733256, -0.00120703980792], [-0.000132703164127, 0.00143403280526, -0.00112015008926, 0.000252016499871, -0.000963424623478, -0.000962233636528, 0.00134204619098, 0.000255143735558, -0.00689216563478, 0.017453731969, -0.0061918515712, 0.0012172824936, 0.000883957778569], [0.000252438127063, -0.00198327261023, 0.00215178262442, -0.000259588879999, 0.00122945930343, -0.000923303072341, -0.000472017098218, -0.00133499945514, 0.00171949889045, -0.0061918515712, 0.0160795934498, -0.00699725886807, 0.00165512750391], [-3.62159044016e-05, 0.000864314730279, -0.0026710559614, 0.00082739739446, 0.000231119716773, 0.000369077955838, -0.00207221833989, -0.0006970227696, -0.000282666733256, 0.0012172824936, -0.00699725886807, 0.0167953930795, -0.00518575217575], [0.000153721077368, -0.000903148204088, -0.000172754982486, -0.000818055530544, 0.000522661022842, 0.00239031738602, -0.000105150633317, 0.00132563710213, -0.00120703980792, 0.000883957778569, 0.00165512750391, -0.00518575217575, 0.0115788187832]]}, "melbands": {"dmean": [0.000161646428751, 0.000392289453885, 0.000354510149918, 0.000391676818253, 0.000165025412571, 0.000223694776651, 0.000186997101991, 0.000122206256492, 9.26353095565e-05, 0.000103019432572, 5.98296101089e-05, 3.91076864616e-05, 6.57684795442e-05, 5.90384879615e-05, 6.80906814523e-05, 9.59634780884e-05, 6.10160204815e-05, 3.72562426492e-05, 2.5204690246e-05, 1.95163647732e-05, 1.50800879055e-05, 1.05822955447e-05, 1.55663547048e-05, 1.05925919343e-05, 1.30339958559e-05, 1.11948747872e-05, 6.24669382887e-06, 4.77742742078e-06, 3.35789241035e-06, 4.37150447397e-06, 4.44139595857e-06, 4.72021883979e-06, 3.47883587892e-06, 3.92354513679e-06, 4.27976146966e-06, 2.35059610532e-06, 1.94215726879e-06, 1.78122900252e-06, 1.11815154469e-06, 1.09015138605e-06], "dmean2": [0.00024965807097, 0.000696955539752, 0.000621198501904, 0.000694902788382, 0.000265905080596, 0.000359371217201, 0.000295131147141, 0.000195521788555, 0.000135784997838, 0.000151726373588, 0.000101572404674, 6.38136916677e-05, 0.000101824574813, 8.97864592844e-05, 0.000103559868876, 0.000138339877594, 8.99418664631e-05, 5.78280632908e-05, 4.12704794144e-05, 3.28053683916e-05, 2.61281820713e-05, 1.74884171429e-05, 2.45931714744e-05, 1.63992008311e-05, 2.13633138628e-05, 1.74325050466e-05, 9.23553943721e-06, 7.43873260944e-06, 5.07487266077e-06, 6.73012891639e-06, 7.20021944289e-06, 7.48846696297e-06, 5.57113344257e-06, 5.90993840888e-06, 6.30979866401e-06, 3.8362441046e-06, 2.99227303913e-06, 2.81444908978e-06, 1.7376642063e-06, 1.73064699993e-06], "dvar": [2.24561063078e-07, 1.21341361137e-06, 7.76581430273e-07, 1.6404658254e-06, 1.10871425818e-07, 2.24054431897e-07, 1.88350981034e-07, 5.41741833615e-08, 2.78368101903e-08, 2.74157496705e-08, 2.85228285435e-08, 1.05434754261e-08, 2.07983870126e-08, 1.24864039108e-08, 1.18530678606e-08, 2.82670988838e-08, 1.69465952382e-08, 8.70236238626e-09, 3.32802141401e-09, 2.14632933648e-09, 1.47109679993e-09, 3.8157527138e-10, 9.81843495396e-10, 6.10228645392e-10, 9.94965221324e-10, 1.01952524201e-09, 2.7252020085e-10, 9.93872831256e-11, 5.76343486824e-11, 1.81279491418e-10, 1.2404284544e-10, 1.84795553859e-10, 5.7769854872e-11, 8.13766137808e-11, 1.07518778603e-10, 4.93974930404e-11, 2.63168896397e-11, 2.79667487085e-11, 9.34212169429e-12, 7.02959652293e-12], "dvar2": [5.04287527292e-07, 3.46838328369e-06, 2.17164665628e-06, 4.68376856588e-06, 2.78923948827e-07, 5.66485425679e-07, 4.94915354921e-07, 1.4841408813e-07, 6.23794491617e-08, 6.47115356855e-08, 7.97080659254e-08, 2.80426935007e-08, 5.08747497463e-08, 2.78889764616e-08, 2.59015617843e-08, 5.07907991221e-08, 3.44805712871e-08, 1.82520683012e-08, 8.15375855723e-09, 5.57695667425e-09, 4.03845623609e-09, 9.54946788312e-10, 2.11738648837e-09, 1.29683053185e-09, 2.40443487343e-09, 2.22540474937e-09, 5.3037652048e-10, 2.07482600545e-10, 1.20091478428e-10, 3.77159498077e-10, 2.90615004284e-10, 3.9699546428e-10, 1.36817349117e-10, 1.87581158939e-10, 2.35612612753e-10, 1.32344510351e-10, 6.56022250412e-11, 7.19435067076e-11, 2.32286048035e-11, 1.7865152066e-11], "max": [0.00563682382926, 0.0162821803242, 0.00962168257684, 0.0180043764412, 0.00500633288175, 0.00631430977955, 0.0064790523611, 0.00322730303742, 0.00320847635157, 0.00409733969718, 0.00209963903762, 0.0011541089043, 0.00232504634187, 0.00181979197077, 0.00148791086394, 0.00294093019329, 0.00240179081447, 0.00283650681376, 0.00113977724686, 0.000910893431865, 0.000394613831304, 0.000220242276555, 0.00074665423017, 0.000593241129536, 0.000543597736396, 0.000697510549799, 0.000319278129609, 0.00014295548317, 0.000108068350528, 0.000357362849172, 0.00027620777837, 0.000293538265396, 9.08079819055e-05, 0.000100758807093, 0.000208242519875, 0.000121905315609, 7.93110011728e-05, 7.43785931263e-05, 3.8176374801e-05, 3.08669441438e-05], "mean": [0.000187227647984, 0.000355303258402, 0.000407262588851, 0.000445798737928, 0.000434233719716, 0.000530594203155, 0.000282965163933, 0.000259873573668, 0.00023359793704, 0.000237713305978, 7.76356537244e-05, 5.03458868479e-05, 0.000115968330647, 0.000113520422019, 0.000134972680826, 0.000192724983208, 9.55254072323e-05, 6.17957339273e-05, 3.42327512044e-05, 2.71974531643e-05, 1.85388071259e-05, 1.67757116287e-05, 2.58533145825e-05, 1.63383792824e-05, 1.6981999579e-05, 1.43937586472e-05, 8.77734055393e-06, 7.15802798368e-06, 4.93963580084e-06, 5.87812792219e-06, 5.78273875362e-06, 5.68041969018e-06, 4.37911785411e-06, 5.13588156537e-06, 5.58795863981e-06, 2.41674911194e-06, 2.11044175558e-06, 1.77124468337e-06, 1.12836153221e-06, 1.0842214806e-06], "median": [3.31212468154e-05, 8.1213809608e-05, 0.000160750729265, 0.000189403013792, 0.000285421789158, 0.000212412196561, 0.000111277571705, 0.000162375508808, 0.00014340384223, 0.000138362054713, 3.14936623909e-05, 1.26991908473e-05, 5.42018315173e-05, 4.83013354824e-05, 5.23693379364e-05, 5.07148470206e-05, 2.37907552219e-05, 1.11722474685e-05, 9.20367347135e-06, 9.83981590252e-06, 7.33142951503e-06, 9.01192106539e-06, 1.17774015962e-05, 6.40985854261e-06, 6.28706220596e-06, 4.28416115028e-06, 2.98295799439e-06, 3.00182409774e-06, 1.78606114787e-06, 1.90566049696e-06, 1.73747753252e-06, 1.56265934947e-06, 1.05129527128e-06, 9.48922775024e-07, 7.44553688037e-07, 4.37252140273e-07, 3.81692132123e-07, 2.53395114669e-07, 1.81687127565e-07, 1.41434895795e-07], "min": [3.05043006275e-24, 7.28489853461e-24, 1.13506892178e-23, 1.31993950044e-23, 1.35552572585e-23, 9.84211106574e-24, 6.53494819354e-24, 1.48467819103e-23, 1.4087571131e-23, 1.20742316512e-23, 6.10135829116e-24, 8.92733770486e-24, 2.48007992063e-23, 2.32286641088e-23, 1.03922871157e-23, 6.04077929567e-24, 4.55772986575e-24, 1.30610280128e-23, 1.01831545677e-23, 5.4306888655e-24, 6.10674108355e-24, 9.23732217528e-24, 9.1936240143e-24, 1.60283077974e-23, 8.08974176177e-24, 5.35736976638e-24, 1.44720666694e-23, 7.06641404058e-24, 8.10053495668e-24, 1.05282654365e-23, 9.65289962218e-24, 7.10658362673e-24, 1.28897489553e-23, 1.47030167434e-23, 1.26279410092e-23, 6.43540065262e-24, 1.14728648394e-23, 1.42253725094e-23, 1.30565843593e-23, 1.37077724705e-23], "var": [2.66646907221e-07, 8.67831602136e-07, 6.31056764178e-07, 1.12550765152e-06, 2.06317182005e-07, 4.95166773362e-07, 2.4464614512e-07, 9.20492553291e-08, 7.21945454529e-08, 8.01007402629e-08, 2.24306067054e-08, 1.15975735682e-08, 4.00881781104e-08, 3.16817008184e-08, 3.52291600336e-08, 1.07421016082e-07, 4.02398967481e-08, 2.89445161172e-08, 6.32374996812e-09, 3.39963834861e-09, 1.24274257551e-09, 5.18797338422e-10, 1.91710403108e-09, 9.93580995257e-10, 1.20784016122e-09, 1.38142197681e-09, 4.45302961172e-10, 1.49220052981e-10, 8.58374829549e-11, 2.44996634091e-10, 1.60479254885e-10, 2.224709722e-10, 7.55642284855e-11, 1.20695037298e-10, 1.69635708258e-10, 4.02179921311e-11, 2.65315634046e-11, 2.49628616389e-11, 9.17782343179e-12, 6.96611778678e-12]}, "mfcc": {"mean": [-644.884277344, 107.181015015, -14.6918869019, 7.43344402313, -12.6065578461, -1.59378099442, -11.4345378876, -5.9917678833, -15.1743469238, -6.15048122406, 2.25875902176, 3.62056899071, -2.85920810699], "cov": [[8287.80664062, -558.831176758, 864.109313965, 635.960327148, 716.545349121, 749.244995117, 430.653503418, 336.361175537, 33.436214447, 238.081954956, 161.003219604, -191.641983032, -319.895050049], [-558.831176758, 721.730957031, -160.942001343, 23.2511081696, -92.5740432739, -91.6048583984, -35.1902427673, -49.372631073, -39.7957382202, -75.3185882568, -57.4680633545, 48.0674095154, 8.26491069794], [864.109313965, -160.942001343, 418.346496582, 106.646697998, 153.348175049, 110.04322052, 76.6806564331, 72.9640197754, 30.672077179, 15.5412044525, 5.80775117874, -25.7096767426, -9.58885097504], [635.960327148, 23.2511081696, 106.646697998, 318.738311768, 163.280059814, 141.748931885, 86.8957977295, 52.1864433289, 17.2923641205, 21.5708522797, -17.9927043915, -4.87134027481, 0.658066987991], [716.545349121, -92.5740432739, 153.348175049, 163.280059814, 304.745391846, 168.431838989, 120.000679016, 66.6759414673, 27.0089988708, 46.1130256653, 20.7638645172, -14.8180761337, -38.9926376343], [749.244995117, -91.6048583984, 110.04322052, 141.748931885, 168.431838989, 230.991851807, 106.940353394, 68.6441955566, 23.4181041718, 44.8998069763, 34.3995857239, 2.19377470016, -16.038564682], [430.653503418, -35.1902427673, 76.6806564331, 86.8957977295, 120.000679016, 106.940353394, 157.14642334, 69.0497360229, 10.3821382523, 31.1241416931, 32.9501953125, 11.1981420517, -14.10496521], [336.361175537, -49.372631073, 72.9640197754, 52.1864433289, 66.6759414673, 68.6441955566, 69.0497360229, 124.117591858, 34.1638641357, 14.1802406311, 20.7348995209, 23.6469249725, 16.2111854553], [33.436214447, -39.7957382202, 30.672077179, 17.2923641205, 27.0089988708, 23.4181041718, 10.3821382523, 34.1638641357, 92.8171157837, 30.3799133301, -27.4975852966, -14.2318515778, 24.1702632904], [238.081954956, -75.3185882568, 15.5412044525, 21.5708522797, 46.1130256653, 44.8998069763, 31.1241416931, 14.1802406311, 30.3799133301, 141.090759277, 49.0345840454, -48.1095275879, -15.8325109482], [161.003219604, -57.4680633545, 5.80775117874, -17.9927043915, 20.7638645172, 34.3995857239, 32.9501953125, 20.7348995209, -27.4975852966, 49.0345840454, 165.476638794, 40.6507644653, -43.2181854248], [-191.641983032, 48.0674095154, -25.7096767426, -4.87134027481, -14.8180761337, 2.19377470016, 11.1981420517, 23.6469249725, -14.2318515778, -48.1095275879, 40.6507644653, 181.482757568, 64.5053634644], [-319.895050049, 8.26491069794, -9.58885097504, 0.658066987991, -38.9926376343, -16.038564682, -14.10496521, 16.2111854553, 24.1702632904, -15.8325109482, -43.2181854248, 64.5053634644, 173.97454834]], "icov": [[0.000226546166232, 4.5052725909e-05, -0.000266986055067, -0.000149017505464, 2.89620784315e-05, -0.000424118305091, 2.46725230681e-05, -0.00029065576382, 0.000257610605331, -0.000176403627847, 7.13960689609e-05, 6.6649983637e-05, 0.000337925594067], [4.5052725909e-05, 0.00178057490848, 0.00049920467427, -0.000709733343683, 0.000296258280287, 0.000504512048792, -0.000351146474713, 0.00015758923837, 0.000365327578038, 0.000317202793667, 0.000591366027948, -0.000520840403624, 0.000416339316871], [-0.000266986055067, 0.00049920467427, 0.00365867349319, -0.000233082886552, -0.00105964078102, 0.000350460817572, -0.000182378440513, -0.000614448625129, -0.000552930112462, 0.00102285807952, -0.000238032327616, 0.000586213893257, -0.000581399595831], [-0.000149017505464, -0.000709733343683, -0.000233082886552, 0.00537645583972, -0.00161059352104, -0.00180754298344, -0.000356257543899, -0.000137167560752, 0.00044091406744, -0.000304754154058, 0.00116622191854, -1.86661218322e-05, -0.000609549810179], [2.89620784315e-05, 0.000296258280287, -0.00105964078102, -0.00161059352104, 0.00725543964654, -0.00256664515473, -0.00225057685748, 0.000119920536235, -0.000556421815418, -0.000626736669801, 0.000557365186978, -0.000352433067746, 0.00147216173355], [-0.000424118305091, 0.000504512048792, 0.000350460817572, -0.00180754298344, -0.00256664515473, 0.010218301788, -0.00239475537091, -0.000420018885052, -0.000950775982346, -0.000277663959423, -0.00100343499798, -0.000440645060735, -0.000544985989109], [2.46725230681e-05, -0.000351146474713, -0.000182378440513, -0.000356257543899, -0.00225057685748, -0.00239475537091, 0.0120388213545, -0.00429327320307, 0.00153111794498, -0.00120679964311, -0.000385250197724, -0.000541101268027, 0.000486635690322], [-0.00029065576382, 0.00015758923837, -0.000614448625129, -0.000137167560752, 0.000119920536235, -0.000420018885052, -0.00429327320307, 0.0137603282928, -0.00493155093864, 0.00153341330588, -0.00187618273776, -0.000981175457127, -0.00149499485269], [0.000257610605331, 0.000365327578038, -0.000552930112462, 0.00044091406744, -0.000556421815418, -0.000950775982346, 0.00153111794498, -0.00493155093864, 0.0160009022802, -0.00469639338553, 0.00440989155322, -9.80263139354e-05, -0.00072307663504], [-0.000176403627847, 0.000317202793667, 0.00102285807952, -0.000304754154058, -0.000626736669801, -0.000277663959423, -0.00120679964311, 0.00153341330588, -0.00469639338553, 0.0121795032173, -0.00562762282789, 0.00452656298876, -0.0020041638054], [7.13960689609e-05, 0.000591366027948, -0.000238032327616, 0.00116622191854, 0.000557365186978, -0.00100343499798, -0.000385250197724, -0.00187618273776, 0.00440989155322, -0.00562762282789, 0.0113004576415, -0.00475228903815, 0.00370610645041], [6.6649983637e-05, -0.000520840403624, 0.000586213893257, -1.86661218322e-05, -0.000352433067746, -0.000440645060735, -0.000541101268027, -0.000981175457127, -9.80263139354e-05, 0.00452656298876, -0.00475228903815, 0.00970459915698, -0.00424558948725], [0.000337925594067, 0.000416339316871, -0.000581399595831, -0.000609549810179, 0.00147216173355, -0.000544985989109, 0.000486635690322, -0.00149499485269, -0.00072307663504, -0.0020041638054, 0.00370610645041, -0.00424558948725, 0.00919116474688]]}, "spectral_contrast_coeffs": {"dmean": [0.054322373122, 0.0478124581277, 0.0464447550476, 0.0399147868156, 0.0275104548782, 0.0231136120856], "dmean2": [0.0887185409665, 0.0750463306904, 0.0701116621494, 0.0625424683094, 0.0432329848409, 0.0365319550037], "dvar": [0.002467303304, 0.00234457384795, 0.00209100334905, 0.00159264937975, 0.00066271336982, 0.000542024150491], "dvar2": [0.00580196641386, 0.00516744563356, 0.00421861372888, 0.00329627725296, 0.00146729266271, 0.00123000144958], "max": [-0.208240687847, -0.352518290281, -0.369717776775, -0.453701555729, -0.55514228344, -0.48772507906], "mean": [-0.594597578049, -0.656678497791, -0.677097082138, -0.704183518887, -0.743870913982, -0.732202291489], "median": [-0.599992632866, -0.655337572098, -0.67455881834, -0.705457687378, -0.747914493084, -0.729748368263], "min": [-0.979289233685, -0.950605094433, -0.961955964565, -0.954441010952, -0.954205691814, -0.962449908257], "var": [0.00857535656542, 0.00717283878475, 0.00793480407447, 0.00603288179263, 0.00250214990228, 0.00170446780976]}, "spectral_contrast_valleys": {"dmean": [0.530627250671, 0.430400669575, 0.48421818018, 0.445604354143, 0.412874042988, 0.549617826939], "dmean2": [0.825886011124, 0.680312812328, 0.712082207203, 0.635124444962, 0.549166321754, 0.701412916183], "dvar": [0.266461163759, 0.245055168867, 0.321582108736, 0.333856463432, 0.290927529335, 0.415251553059], "dvar2": [0.532586097717, 0.484560310841, 0.582873404026, 0.600404918194, 0.506853044033, 0.811850965023], "max": [-5.51299667358, -4.75752401352, -4.65242385864, -5.