{"lowlevel": {"average_loudness": 0.30182030797, "barkbands_crest": {"dmean": 1.68775057793, "dmean2": 2.55002689362, "dvar": 3.74747991562, "dvar2": 8.62023162842, "max": 26.786945343, "mean": 12.3941574097, "median": 11.7983922958, "min": 2.4599943161, "var": 19.5102863312}, "barkbands_flatness_db": {"dmean": 0.016729587689, "dmean2": 0.0237028244883, "dvar": 0.000428341212682, "dvar2": 0.000757542962674, "max": 0.476744920015, "mean": 0.247897103429, "median": 0.251461058855, "min": 0.0229206662625, "var": 0.00472094956785}, "barkbands_kurtosis": {"dmean": 2.73789787292, "dmean2": 4.04225349426, "dvar": 110.555000305, "dvar2": 215.822540283, "max": 647.429992676, "mean": 6.84180784225, "median": 2.42859792709, "min": -1.81343889236, "var": 271.059753418}, "barkbands_skewness": {"dmean": 0.362673580647, "dmean2": 0.516256093979, "dvar": 0.315739363432, "dvar2": 0.604679465294, "max": 21.9310131073, "mean": 1.72209584713, "median": 1.41798686981, "min": -2.69113898277, "var": 2.2040848732}, "barkbands_spread": {"dmean": 1.87783944607, "dmean2": 2.7185254097, "dvar": 18.1102657318, "dvar2": 36.4971504211, "max": 105.270401001, "mean": 9.27618408203, "median": 7.38902807236, "min": 0.234366312623, "var": 71.5763626099}, "dissonance": {"dmean": 0.0307153146714, "dmean2": 0.0510179512203, "dvar": 0.000965773127973, "dvar2": 0.00260966783389, "max": 0.499999970198, "mean": 0.399036049843, "median": 0.410999774933, "min": 0.0575342252851, "var": 0.00415699789301}, "dynamic_complexity": 9.08969974518, "erbbands_crest": {"dmean": 1.85685837269, "dmean2": 2.78761386871, "dvar": 4.08631134033, "dvar2": 8.97344779968, "max": 30.0450992584, "mean": 11.3615818024, "median": 10.6113424301, "min": 2.63335180283, "var": 20.9675655365}, "erbbands_flatness_db": {"dmean": 0.0133157372475, "dmean2": 0.0182980019599, "dvar": 0.000298136437777, "dvar2": 0.000520150992088, "max": 0.42800283432, "mean": 0.267187952995, "median": 0.267971068621, "min": 0.0498759374022, "var": 0.00446151057258}, "erbbands_kurtosis": {"dmean": 0.87903124094, "dmean2": 1.32870924473, "dvar": 3.81475448608, "dvar2": 8.2080488205, "max": 83.2738647461, "mean": 1.03836083412, "median": -0.0307884216309, "min": -1.88231348991, "var": 11.4034013748}, "erbbands_skewness": {"dmean": 0.268840044737, "dmean2": 0.389162421227, "dvar": 0.111901119351, "dvar2": 0.228458151221, "max": 8.12348365784, "mean": 0.582842469215, "median": 0.466659486294, "min": -3.87132811546, "var": 0.685096681118}, "erbbands_spread": {"dmean": 3.28018307686, "dmean2": 4.7029633522, "dvar": 30.9647941589, "dvar2": 65.4468383789, "max": 115.548881531, "mean": 21.2013549805, "median": 17.8093147278, "min": 1.970946908, "var": 145.2527771}, "hfc": {"dmean": 1.40568435192, "dmean2": 1.70100569725, "dvar": 11.8828048706, "dvar2": 16.1181240082, "max": 83.8278579712, "mean": 7.39060640335, "median": 1.46182775497, "min": 1.12030086381e-16, "var": 162.907669067}, "melbands_crest": {"dmean": 1.91515040398, "dmean2": 2.87471675873, "dvar": 5.02754020691, "dvar2": 11.1812114716, "max": 33.3228034973, "mean": 14.9515724182, "median": 14.5320014954, "min": 1.66840362549, "var": 26.0196704865}, "melbands_flatness_db": {"dmean": 0.0179477073252, "dmean2": 0.0244725830853, "dvar": 0.000599748513196, "dvar2": 0.00105220789555, "max": 0.561872303486, "mean": 0.320474147797, "median": 0.327225953341, "min": 0.00392899522558, "var": 0.00720687862486}, "melbands_kurtosis": {"dmean": 3.3621544838, "dmean2": 4.9381108284, "dvar": 69.3668212891, "dvar2": 153.903137207, "max": 268.066589355, "mean": 9.97097396851, "median": 4.58264684677, "min": -1.82565665245, "var": 248.535491943}, "melbands_skewness": {"dmean": 0.384978234768, "dmean2": 0.552624046803, "dvar": 0.28567391634, "dvar2": 0.577483832836, "max": 10.8626928329, "mean": 2.10402941704, "median": 1.83615422249, "min": -1.62192356586, "var": 2.05736708641}, "melbands_spread": {"dmean": 2.60542321205, "dmean2": 3.8348107338, "dvar": 46.7199668884, "dvar2": 90.93775177, "max": 184.463195801, "mean": 13.2555952072, "median": 9.73441123962, "min": 0.424176186323, "var": 309.008850098}, "pitch_salience": {"dmean": 0.0468387231231, "dmean2": 0.0697644352913, "dvar": 0.00289941276424, "dvar2": 0.00621457304806, "max": 0.960860073566, "mean": 0.545160651207, "median": 0.548348605633, "min": 0.0571974441409, "var": 0.0169451981783}, "silence_rate_20dB": {"dmean": 0, "dmean2": 0, "dvar": 0, "dvar2": 0, "max": 1, "mean": 1, "median": 1, "min": 1, "var": 0}, "silence_rate_30dB": {"dmean": 0.000224870702368, "dmean2": 0.00044979195809, "dvar": 0.000224804171012, "dvar2": 0.000674421840813, "max": 1, "mean": 0.99988758564, "median": 1, "min": 0, "var": 0.000112406087283}, "silence_rate_60dB": {"dmean": 0.0323813818395, "dmean2": 0.0647700428963, "dvar": 0.0313323736191, "dvar2": 0.0657453536987, "max": 1, "mean": 0.494659930468, "median": 0, "min": 0, "var": 0.249955371022}, "spectral_centroid": {"dmean": 89.6539230347, "dmean2": 125.150680542, "dvar": 47916.015625, "dvar2": 80509.5625, "max": 10990.8408203, "mean": 710.479736328, "median": 574.305297852, "min": 217.929367065, "var": 324046.40625}, "spectral_complexity": {"dmean": 0.970991671085, "dmean2": 1.52704370022, "dvar": 1.78635215759, "dvar2": 3.47477269173, "max": 30, "mean": 6.04845428467, "median": 5, "min": 0, "var": 23.5358352661}, "spectral_decrease": {"dmean": 5.49328305066e-10, "dmean2": 6.86994738874e-10, "dvar": 1.57039587888e-18, "dvar2": 2.29814204058e-18, "max": 9.36306828454e-19, "mean": -3.16872728057e-09, "median": -8.08576372524e-10, "min": -2.67250772623e-08, "var": 1.99862138834e-17}, "spectral_energy": {"dmean": 0.0021880203858, "dmean2": 0.00272910180502, "dvar": 2.5077490136e-05, "dvar2": 3.64735169569e-05, "max": 0.108288995922, "mean": 0.0126298218966, "median": 0.00320668751374, "min": 1.06526621496e-20, "var": 0.000322394189425}, "spectral_energyband_high": {"dmean": 1.00298784673e-05, "dmean2": 1.40617767102e-05, "dvar": 1.71347080968e-09, "dvar2": 3.01998515084e-09, "max": 0.00227232766338, "mean": 2.65471790044e-05, "median": 4.97683140566e-06, "min": 7.80942912678e-21, "var": 6.58246745999e-09}, "spectral_energyband_low": {"dmean": 0.000128507803311, "dmean2": 0.000174518223503, "dvar": 1.35350489927e-07, "dvar2": 2.19996991291e-07, "max": 0.0118102086708, "mean": 0.000480333867017, "median": 7.4719915574e-05, "min": 5.58097633427e-23, "var": 1.18487480449e-06}, "spectral_energyband_middle_high": {"dmean": 0.000713634071872, "dmean2": 0.00088727689581, "dvar": 5.1219026318e-06, "dvar2": 7.61255296311e-06, "max": 0.074552513659, "mean": 0.00271763768978, "median": 0.000274402147625, "min": 1.66028699676e-21, "var": 4.82296090922e-05}, "spectral_energyband_middle_low": {"dmean": 0.00198822747916, "dmean2": 0.00255727628246, "dvar": 2.11978604057e-05, "dvar2": 3.39524303854e-05, "max": 0.0969147607684, "mean": 0.0102188047022, "median": 0.00245091808029, "min": 3.05574371937e-22, "var": 0.00021090885275}, "spectral_entropy": {"dmean": 0.157130792737, "dmean2": 0.22142007947, "dvar": 0.0441757924855, "dvar2": 0.0807168185711, "max": 9.80613040924, "mean": 6.42932796478, "median": 6.37280988693, "min": 4.3569226265, "var": 0.456751435995}, "spectral_flux": {"dmean": 0.0110207311809, "dmean2": 0.0171358846128, "dvar": 0.000355843192665, "dvar2": 0.000805749034043, "max": 0.277345299721, "mean": 0.0271848551929, "median": 0.0152880940586, "min": 1.03211737768e-10, "var": 0.00114821374882}, "spectral_kurtosis": {"dmean": 8.60374355316, "dmean2": 14.6288204193, "dvar": 123.882614136, "dvar2": 344.366760254, "max": 145.273757935, "mean": 22.0774517059, "median": 15.0189266205, "min": -1.24464702606, "var": 437.363006592}, "spectral_rms": {"dmean": 0.000270620803349, "dmean2": 0.00032762970659, "dvar": 2.43415570367e-07, "dvar2": 3.10085198407e-07, "max": 0.0102785117924, "mean": 0.00263905641623, "median": 0.00176874967292, "min": 3.22379297736e-12, "var": 5.3571288845e-06}, "spectral_rolloff": {"dmean": 163.891464233, "dmean2": 266.803192139, "dvar": 302331.59375, "dvar2": 549908.75, "max": 19530.6152344, "mean": 1105.24743652, "median": 775.1953125, "min": 107.666015625, "var": 4692324}, "spectral_skewness": {"dmean": 0.614246070385, "dmean2": 1.02162671089, "dvar": 0.456240236759, "dvar2": 1.2557798624, "max": 9.46426773071, "mean": 3.03819537163, "median": 2.81416296959, "min": 0.00944717600942, "var": 1.81443655491}, "spectral_spread": {"dmean": 306679.375, "dmean2": 462576.84375, "dvar": 314191151104, "dvar2": 478413619200, "max": 41547748, "mean": 2489883.5, "median": 2339847.75, "min": 553517.8125, "var": 2182659833860.0}, "spectral_strongpeak": {"dmean": 0.228946715593, "dmean2": 0.353371620178, "dvar": 0.261069744825, "dvar2": 0.536100924015, "max": 10.0747880936, "mean": 0.894334971905, "median": 0.395284414291, "min": 0, "var": 1.62141978741}, "zerocrossingrate": {"dmean": 0.00464333826676, "dmean2": 0.00531591288745, "dvar": 0.000111943598313, "dvar2": 0.000105936145701, "max": 0.5224609375, "mean": 0.0374832563102, "median": 0.02783203125, "min": 0.00390625, "var": 0.00335086788982}, "barkbands": {"dmean": [4.22067159889e-06, 2.86448139377e-05, 4.72048013762e-05, 0.000173318054294, 0.000581925327424, 0.000611821073107, 0.000371643342078, 0.000577516038902, 0.000433730427176, 0.000555003294721, 0.000221785114263, 8.92543903319e-05, 0.000140636766446, 0.000121082019177, 6.77130592521e-05, 4.3610616558e-05, 3.3221909689e-05, 2.9859085771e-05, 1.4457227735e-05, 6.19921956968e-06, 3.19721721098e-06, 2.78816764876e-06, 1.62013043337e-06, 7.9913246509e-07, 6.81470453401e-07, 1.28306533043e-06, 3.82725687587e-07], "dmean2": [6.81616120346e-06, 4.63027863589e-05, 7.04716076143e-05, 0.000213117571548, 0.000757546629757, 0.000839749234729, 0.000507231801748, 0.000763175892644, 0.000605329114478, 0.000718616181985, 0.000301210791804, 0.000128967527417, 0.000188776743016, 0.00017502027913, 9.74369686446e-05, 6.45606414764e-05, 4.64203076262e-05, 4.32543602074e-05, 2.09414138226e-05, 9.1189849627e-06, 4.83762323711e-06, 4.17799265051e-06, 2.37011431636e-06, 1.15778880172e-06, 9.37218089803e-07, 1.71523288373e-06, 5.12003452968e-07], "dvar": [7.48958139951e-09, 1.13821281289e-08, 2.67479478566e-08, 3.00010810861e-07, 2.39893142862e-06, 3.80563119506e-06, 2.82673522634e-06, 5.82872917221e-06, 4.88880414196e-06, 4.99332509207e-06, 1.10772043627e-06, 1.2586849607e-07, 3.98978130534e-07, 2.33818482798e-07, 1.1748469575e-07, 7.58637526133e-08, 3.52528353176e-08, 1.98956797703e-08, 3.7593665958e-09, 4.69470073927e-10, 1.73146566529e-10, 1.4369941348e-10, 2.45290367878e-11, 1.16473792416e-11, 2.17374156869e-11, 1.1278198514e-10, 2.48157449451e-11], "dvar2": [1.60873554478e-08, 2.95396915817e-08, 4.82353001985e-08, 4.09547197933e-07, 3.81033987651e-06, 6.58723001834e-06, 5.52572191737e-06, 1.01815157905e-05, 1.00069701148e-05, 7.87918725109e-06, 2.1415644369e-06, 2.6781606266e-07, 6.25376742391e-07, 5.08556809109e-07, 2.44514495762e-07, 1.5888025473e-07, 6.86041943254e-08, 3.70644741565e-08, 7.99943222773e-09, 8.86640649789e-10, 3.91845222936e-10, 3.06104697145e-10, 4.67147084904e-11, 2.23416458944e-11, 4.05643713064e-11, 1.68571503978e-10, 4.14409791205e-11], "max": [0.00586391286924, 0.00441825482994, 0.00822682864964, 0.0234287455678, 0.0675877854228, 0.063508875668, 0.0544064715505, 0.0676629841328, 0.0656959712505, 0.084752753377, 0.0316646657884, 0.0108511019498, 0.0249995738268, 0.0149901276454, 0.0153607977554, 0.0126428278163, 0.0102903442457, 0.00802428927273, 0.00299361441284, 0.00133906968404, 0.000595622288529, 0.000753003114369, 0.00021528522484, 0.000140466319863, 0.000242786336457, 0.000759841117542, 0.000282825669274], "mean": [3.84203985959e-06, 7.90955018601e-05, 0.00011275371071, 0.000873515906278, 0.00296725146472, 0.00199796399102, 0.000831411744002, 0.00157326483168, 0.000920722086448, 0.00155161356088, 0.000542129331734, 0.000182874893653, 0.000348422152456, 0.000237161089899, 0.000123669131426, 8.23582231533e-05, 7.07230210537e-05, 6.29487913102e-05, 3.38284116879e-05, 1.24326606965e-05, 6.15714452579e-06, 6.16606166659e-06, 3.61398087989e-06, 1.54154599841e-06, 1.20787979085e-06, 2.58957857113e-06, 5.67871268231e-07], "median": [1.06937179112e-07, 8.09669290902e-06, 2.71692442766e-05, 1.48946537593e-05, 0.00045884976862, 0.000212641549297, 0.000109663589683, 3.59075784218e-05, 3.53661052941e-05, 4.53515094705e-05, 3.46619453921e-05, 2.21223144763e-05, 2.12111044675e-05, 1.66621466633e-05, 8.60090949573e-06, 4.77483854411e-06, 4.23293704443e-06, 3.42041357726e-06, 2.56981070379e-06, 1.47032562836e-06, 8.46670104693e-07, 5.73864383568e-07, 5.64485333143e-07, 1.22751814047e-07, 9.10571245072e-08, 1.4482742472e-07, 6.85352885554e-10], "min": [3.32979576489e-23, 1.57456794454e-23, 2.27026437686e-23, 2.18608597629e-23, 3.36968341216e-23, 7.01735698969e-23, 1.97396900972e-23, 1.44592145475e-23, 8.73714002739e-23, 1.24513350896e-22, 5.73578681593e-23, 1.23921250833e-22, 9.94769441811e-23, 8.02696515757e-23, 1.49751068603e-22, 8.94836100575e-23, 1.22371170709e-22, 3.9247382513e-22, 2.64294580809e-22, 5.11490090316e-22, 3.96508375344e-22, 6.68177354113e-22, 6.18072191075e-22, 9.20245499659e-22, 1.15707583126e-21, 1.70721576404e-21, 2.18051594935e-21], "var": [7.69391572675e-09, 5.66894726717e-08, 1.04134485923e-07, 5.06293690705e-06, 2.74520079984e-05, 2.39194287133e-05, 7.44901262806e-06, 2.67642790277e-05, 1.1779405213e-05, 2.98745289911e-05, 5.79740026296e-06, 3.35604681823e-07, 1.95565280592e-06, 8.22221977614e-07, 3.16625431651e-07, 2.22426379537e-07, 1.38760100299e-07, 7.33607592451e-08, 2.11533439654e-08, 1.64337810027e-09, 3.78768127973e-10, 3.57871288159e-10, 8.14173242714e-11, 3.22771219474e-11, 5.17394807553e-11, 4.50466136614e-10, 6.88368528845e-11]}, "erbbands": {"dmean": [0.000525309587829, 0.00761412363499, 0.0408456996083, 0.299794316292, 1.15455985069, 2.26077771187, 3.26744318008, 5.59300708771, 4.92412042618, 8.11384868622, 12.0061721802, 9.88255596161, 17.7535305023, 8.20710468292, 7.6520485878, 3.57081842422, 6.08545064926, 6.66323041916, 3.07355117798, 2.88633275032, 2.0909485817, 1.55459880829, 1.67019498348, 0.92397415638, 0.503558456898, 0.280703336, 0.141997650266, 0.125653684139, 0.102742016315, 0.0675873830914, 0.0426692478359, 0.0241141244769, 0.00913100969046, 0.00576951215044, 0.00619407696649, 0.00554132834077, 0.00260484497994, 0.000595528807025, 6.98402072885e-05, 3.92964511775e-06], "dmean2": [0.000851547054481, 0.012256369926, 0.0609575808048, 0.371147334576, 1.4685125351, 2.98070049286, 4.29797267914, 7.71317338943, 6.76286315918, 10.8667936325, 15.3600673676, 13.0532188416, 23.212896347, 10.8466176987, 10.1107215881, 5.03607082367, 8.30071926117, 9.15447044373, 4.33099794388, 3.78484964371, 2.92502951622, 2.12021994591, 2.37330651283, 1.28939592838, 0.723438084126, 0.408944040537, 0.210966840386, 0.190029531717, 0.154003888369, 0.0997921079397, 0.0626160502434, 0.0353903509676, 0.0129363918677, 0.00815010536462, 0.00839250534773, 0.00783524196595, 0.0035300583113, 0.00076875142986, 9.14714473765e-05, 5.0942139751e-06], "dvar": [8.07782998891e-06, 0.000761126575526, 0.0155920097604, 0.848358511925, 8.17795658112, 56.7220649719, 118.663970947, 362.320922852, 513.979125977, 1225.21276855, 3140.77978516, 2249.10595703, 5632.89160156, 1718.91223145, 1203.12634277, 151.154327393, 817.637084961, 752.516418457, 164.357833862, 372.392059326, 179.868423462, 78.1292266846, 73.6285476685, 14.7470226288, 3.80891132355, 1.0816257, 0.407566964626, 0.26674592495, 0.161227464676, 0.0512378402054, 0.0186740756035, 0.0077969445847, 0.00290866615251, 0.00146427750587, 0.00179747724906, 0.00177481607534, 0.0005007602158, 3.85283674404e-05, 9.65075514614e-07, 4.11910644482e-10], "dvar2": [2.03399431484e-05, 0.00198296830058, 0.0312779545784, 1.13283550739, 11.7019262314, 92.2533721924, 195.324539185, 635.771606445, 1067.25097656, 2136.34667969, 5210.97998047, 4336.25976562, 9157.94042969, 3132.81567383, 2072.4675293, 306.022277832, 1374.58227539, 1407.25085449, 334.594268799, 638.555236816, 367.320770264, 125.893508911, 131.55291748, 26.0552444458, 8.08016109467, 1.96131682396, 0.932125329971, 0.545055925846, 0.327238559723, 0.103343054652, 0.037332419306, 0.016764966771, 0.00523664429784, 0.00308185466565, 0.00319231627509, 0.00314794946462, 0.000844194495585, 5.54566031497e-05, 1.56359351422e-06, 7.93391519149e-10], "max": [0.17361561954, 1.22777998447, 5.27287340164, 37.9052124023, 107.34148407, 386.290985107, 384.909057617, 604.69342041, 749.316040039, 1052.87243652, 1972.53894043, 1536.25183105, 3202.35766602, 2067.8059082, 1460.45385742, 567.492370605, 1399.1159668, 983.359558105, 432.541748047, 1014.82458496, 608.764038086, 588.309875488, 533.006164551, 196.533432007, 73.8173828125, 75.6000518799, 33.7311935425, 26.5111808777, 22.3320579529, 9.81243133545, 4.93616104126, 3.71829009056, 2.565710783, 1.56727313995, 2.63447093964, 2.71619057655, 1.73660051823, 0.431056112051, 0.061104811728, 0.00123969931155], "mean": [0.001135249855, 0.0228272024542, 0.12665335834, 1.48250353336, 5.8095741272, 10.9214668274, 12.4294948578, 17.2973918915, 12.8058404922, 22.7658252716, 32.7321510315, 25.4096546173, 53.1363830566, 22.1047916412, 21.6665802002, 9.55274200439, 15.4784355164, 15.1879529953, 6.69983482361, 6.12652397156, 4.66207695007, 3.73339486122, 3.83268475533, 2.41734671593, 1.18867063522, 0.586171925068, 0.277169108391, 0.255630910397, 0.226478725672, 0.156863600016, 0.094562061131, 0.0500633455813, 0.0161311142147, 0.00967693701386, 0.0111127234995, 0.0102783571929, 0.00500222109258, 0.00106885214336, 0.00010784281767, 1.65799010574e-05], "median": [0.000202106966753, 0.00447407038882, 0.0356296077371, 0.104496970773, 0.680010974407, 1.40698778629, 1.12813746929, 2.22335410118, 2.66506409645, 1.0603325367, 0.835991621017, 1.1377774477, 1.88877224922, 0.817669272423, 1.666451931, 1.37850379944, 1.19953119755, 1.10879421234, 0.620319008827, 0.360500693321, 0.276831656694, 0.212850987911, 0.211590871215, 0.167854845524, 0.121404081583, 0.0762238577008, 0.0388540402055, 0.0317059345543, 0.0192947015166, 0.0217600688338, 0.0143284229562, 0.00441228458658, 0.00151455530431, 0.000914262083825, 0.000653048453387, 0.000553541874979, 0.000271106138825, 2.78691095446e-05, 3.14237809107e-06, 4.09722315453e-06], "min": [3.44176605069e-22, 4.5367536567e-21, 2.05223994651e-20, 5.32039209573e-20, 8.8299100547e-20, 9.80207410288e-20, 4.36312389017e-19, 5.14459967195e-19, 4.17664894576e-19, 2.0174428492e-19, 4.27037859043e-19, 1.7144222924e-18, 4.58920051999e-18, 2.36020043886e-18, 3.45139228752e-18, 4.77133783265e-18, 4.96640191035e-18, 3.95774821116e-18, 4.7660327098e-18, 7.18818049793e-18, 5.62091105157e-18, 9.75832909563e-18, 1.83004065601e-17, 1.41351352769e-17, 1.84234811091e-17, 1.76521914362e-17, 2.1068918859e-17, 1.73563883404e-17, 2.06259470974e-17, 2.29340655565e-17, 1.81619166733e-17, 2.03547377356e-17, 1.46627640112e-17, 1.26794644893e-17, 8.19764359335e-18, 7.39660188815e-18, 3.10554745302e-18, 1.11630577584e-18, 3.52052928389e-19, 2.88267984454e-20], "var": [1.39300109367e-05, 0.00426286598668, 0.0708259269595, 13.1649847031, 99.0410766602, 592.696350098, 819.519165039, 1953.82592773, 1368.65722656, 5009.40917969, 15659.5371094, 7176.5234375, 37915.8046875, 8452.14746094, 8666.78027344, 722.249938965, 3401.88232422, 3355.04541016, 512.373779297, 1323.55187988, 627.835144043, 357.10168457, 275.446807861, 91.3738327026, 18.2229862213, 4.06475925446, 0.853767096996, 0.644725859165, 0.457858115435, 0.1769900769, 0.0561961084604, 0.0216825157404, 0.00728054018691, 0.00264980504289, 0.00489812204614, 0.00552395964041, 0.00196696445346, 0.000136129980092, 2.63402102973e-06, 1.28985611081e-09]}, "gfcc": {"mean": [-199.712753296, 155.340118408, -133.923843384, -12.4617767334, -54.7484092712, -15.5085105896, -37.9488868713, -15.4670438766, -26.3325824738, -9.90639305115, -12.8794279099, -1.46637701988, -12.6666679382], "cov": [[26523.53125, -2722.8503418, -190.566589355, 516.841918945, -2227.62963867, -190.781341553, -796.811096191, 349.961578369, -860.887268066, -3.32121276855, -1412.74206543, 212.09312439, -1264.17016602], [-2722.8503418, 3172.09277344, -707.564331055, -749.45526123, 691.213378906, -308.444335938, 199.067520142, -348.69921875, 248.571456909, -197.327575684, 450.10168457, -154.484466553, 306.514953613], [-190.566589355, -707.564331055, 966.153503418, 395.7862854, -96.2711791992, 262.484222412, -57.2032737732, 89.2457504272, -96.2270507812, 64.2311096191, -174.717330933, 30.8255805969, -114.405990601], [516.841918945, -749.45526123, 395.7862854, 890.298034668, -8.95594596863, 130.340377808, -123.482177734, 159.459060669, -10.306350708, 47.0364608765, -64.0160064697, 42.3929862976, -12.1288499832], [-2227.62963867, 691.213378906, -96.2711791992, -8.95594596863, 520.829833984, -17.8393058777, 80.2018585205, -24.4036464691, 140.763092041, 0.75874620676, 157.528915405, -20.4339904785, 151.302139282], [-190.781341553, -308.444335938, 262.484222412, 130.340377808, -17.8393058777, 388.278564453, 101.440849304, 89.8601074219, -1.26740884781, 86.4209976196, -48.2269744873, -2.96094512939, -31.7031803131], [-796.811096191, 199.067520142, -57.2032737732, -123.482177734, 80.2018585205, 101.440849304, 297.979370117, 6.98581886292, 24.3801269531, 45.7932510376, 35.6010169983, 5.15062189102, 16.2530384064], [349.961578369, -348.69921875, 89.2457504272, 159.459060669, -24.4036464691, 89.8601074219, 6.98581886292, 173.833892822, 9.78037548065, 37.6222648621, -42.2367134094, 14.2348680496, -19.7363014221], [-860.887268066, 248.571456909, -96.2270507812, -10.306350708, 140.763092041, -1.26740884781, 24.3801269531, 9.78037548065, 179.222839355, 9.42616844177, 72.5715179443, -5.62946462631, 74.0725402832], [-3.32121276855, -197.327575684, 64.2311096191, 47.0364608765, 0.75874620676, 86.4209976196, 45.7932510376, 37.6222648621, 9.42616844177, 144.290374756, -17.2185688019, 12.1096019745, 4.28502988815], [-1412.74206543, 450.10168457, -174.717330933, -64.0160064697, 157.528915405, -48.2269744873, 35.6010169983, -42.2367134094, 72.5715179443, -17.2185688019, 248.077774048, -1.95788264275, 118.68196106], [212.09312439, -154.484466553, 30.8255805969, 42.3929862976, -20.4339904785, -2.96094512939, 5.15062189102, 14.2348680496, -5.62946462631, 12.1096019745, -1.95788264275, 105.424247742, -3.39344453812], [-1264.17016602, 306.514953613, -114.405990601, -12.1288499832, 151.302139282, -31.7031803131, 16.2530384064, -19.7363014221, 74.0725402832, 4.28502988815, 118.68196106, -3.39344453812, 189.077804565]], "icov": [[0.000143817771459, -0.000213733874261, 0.000287980539724, -0.000185714743566, 0.000445836689323, -4.00253957196e-05, 0.000333334755851, -0.000339327263646, 0.000285062589683, -0.000281620246824, 0.000591711082961, -0.000420693540946, 0.000558582833037], [-0.000213733874261, 0.00127724267077, -0.000363776489394, 0.000670042994898, -0.00144802522846, 0.000214912564843, -0.000855124089867, 0.00146767881233, -0.000779169611633, 0.00123686599545, -0.00146475352813, 0.00146340602078, -0.00103234115522], [0.000287980539724, -0.000363776489394, 0.00234682206064, -0.00089386763284, 0.000574247678742, -0.00112960848492, 0.00105299521238, -0.000289319723379, 0.00114407460205, -0.000633467396256, 0.00182974070776, -0.00115570402704, 0.00150508177467], [-0.000185714743566, 0.000670042994898, -0.00089386763284, 0.00214816024527, -0.00108592316974, -2.3384924134e-05, 0.000214319734368, -0.000462836498627, -0.000462601485197, 0.000578230712563, -0.00107722310349, 0.000448011298431, -0.00108031532727], [0.000445836689323, -0.00144802522846, 0.000574247678742, -0.00108592316974, 0.00514740915969, 2.2259004254e-05, 0.000530973018613, -0.00156598084141, -0.000412944937125, -0.00137397192884, 0.00143522548024, -0.00138612848241, 0.000548835203517], [-4.00253957196e-05, 0.000214912564843, -0.00112960848492, -2.3384924134e-05, 2.2259004254e-05, 0.00438255677, -0.00170475046616, -0.00100613210816, -0.000521729409229, -0.00113032222725, -0.000407936691772, 0.00117494957522, -3.53087634721e-05], [0.000333334755851, -0.000855124089867, 0.00105299521238, 0.000214319734368, 0.000530973018613, -0.00170475046616, 0.00557336956263, -0.00137597962748, 0.00106452056207, -0.00189593154937, 0.00125550245866, -0.00199544243515, 0.00173441704828], [-0.000339327263646, 0.00146767881233, -0.000289319723379, -0.000462836498627, -0.00156598084141, -0.00100613210816, -0.00137597962748, 0.00978258345276, -0.00206962740049, 0.000715381582268, -0.00103599228896, 0.00126929092221, -0.00116128881928], [0.000285062589683, -0.000779169611633, 0.00114407460205, -0.000462601485197, -0.000412944937125, -0.000521729409229, 0.00106452056207, -0.00206962740049, 0.00866264197975, -0.00127367326058, 0.000807324599009, -0.00111114885658, -0.000124436875922], [-0.000281620246824, 0.00123686599545, -0.000633467396256, 0.000578230712563, -0.00137397192884, -0.00113032222725, -0.00189593154937, 0.000715381582268, -0.00127367326058, 0.00977280177176, -0.00100600463338, 0.00075078709051, -0.00216418574564], [0.000591711082961, -0.00146475352813, 0.00182974070776, -0.00107722310349, 0.00143522548024, -0.000407936691772, 0.00125550245866, -0.00103599228896, 0.000807324599009, -0.00100600463338, 0.00960155483335, -0.00277036055923, -0.000434213201515], [-0.000420693540946, 0.00146340602078, -0.00115570402704, 0.000448011298431, -0.00138612848241, 0.00117494957522, -0.00199544243515, 0.00126929092221, -0.00111114885658, 0.00075078709051, -0.00277036055923, 0.0120671913028, -0.00187162670773], [0.000558582833037, -0.00103234115522, 0.00150508177467, -0.00108031532727, 0.000548835203517, -3.53087634721e-05, 0.00173441704828, -0.00116128881928, -0.000124436875922, -0.00216418574564, -0.000434213201515, -0.00187162670773, 0.0111597636715]]}, "melbands": {"dmean": [6.6339807745e-06, 1.67685429915e-05, 7.23434714018e-05, 0.000118921801914, 0.000114690505143, 0.00012390576012, 7.46995283407e-05, 9.56763979048e-05, 0.000103146550828, 6.11681607552e-05, 8.98904909263e-05, 3.52849529008e-05, 2.90304069495e-05, 1.26350387291e-05, 1.04636137621e-05, 1.34614101626e-05, 1.36666967592e-05, 5.35385834155e-06, 4.4383682507e-06, 3.43487181453e-06, 2.68370467893e-06, 1.7047448182e-06, 1.90183698123e-06, 1.4017199419e-06, 8.05608806331e-07, 4.79300524603e-07, 3.06380769644e-07, 1.75261575919e-07, 9.97823121907e-08, 7.64426246747e-08, 7.92250816062e-08, 6.76655176335e-08, 4.847628432e-08, 3.77757949366e-08, 2.89135950737e-08, 1.99385983279e-08, 1.38329996346e-08, 7.42089190098e-09, 4.40603109553e-09, 5.32194910363e-09], "dmean2": [1.06672860056e-05, 2.58359978034e-05, 9.06713539734e-05, 0.000153840694111, 0.000151375177666, 0.000171545907506, 0.000102167512523, 0.000128006839077, 0.000131149354274, 8.19451161078e-05, 0.000117089075502, 4.671149145e-05, 3.89537599403e-05, 1.737166167e-05, 1.4235947674e-05, 1.81766899914e-05, 1.92625757336e-05, 7.69167309045e-06, 6.38822439214e-06, 4.66023993795e-06, 3.79621542379e-06, 2.34893036577e-06, 2.73953037322e-06, 2.0077713998e-06, 1.14699548703e-06, 6.93142794717e-07, 4.54809395478e-07, 2.60209503722e-07, 1.52312964019e-07, 1.16229799119e-07, 1.20378075508e-07, 1.01748824477e-07, 7.4317341614e-08, 5.59597630456e-08, 4.30615187952e-08, 3.03506482169e-08, 2.05060217695e-08, 1.07715392161e-08, 6.22644691362e-09, 7.65866925434e-09], "dvar": [8.29846302786e-10, 2.63092014841e-09, 3.831542017e-08, 9.31791461767e-08, 1.30701010903e-07, 1.70532899801e-07, 1.12977772915e-07, 1.59322638638e-07, 2.38826032728e-07, 8.33180919813e-08, 1.44804729985e-07, 3.23972280114e-08, 1.71782570391e-08, 2.5572886031e-09, 2.14609441329e-09, 3.64771879369e-09, 3.2289591001e-09, 5.25451793187e-10, 5.77103476118e-10, 4.74508488058e-10, 3.38978095593e-10, 9.47299391707e-11, 1.17444165504e-10, 4.89379786694e-11, 1.29758512962e-11, 5.5504741428e-12, 1.23804753342e-12, 4.49202469926e-13, 1.98088398982e-13, 1.05713431986e-13, 1.27412471307e-13, 7.72326809711e-14, 3.57450072146e-14, 1.37948344832e-14, 8.07127615747e-15, 5.03924887794e-15, 2.80900710441e-15, 2.01974498053e-15, 9.63732488046e-16, 1.22715253486e-15], "dvar2": [2.09382555738e-09, 5.54515366957e-09, 5.39623421503e-08, 1.48965284552e-07, 2.11014750562e-07, 2.98870531878e-07, 2.27239510764e-07, 2.80159810018e-07, 4.07088975862e-07, 1.59694764079e-07, 2.34347595551e-07, 5.59063018102e-08, 3.06990095567e-08, 4.83650852701e-09, 3.71874464555e-09, 5.86859805196e-09, 6.48333386977e-09, 1.0344358703e-09, 1.23354870762e-09, 7.83240472479e-10, 7.28942073369e-10, 1.70028033319e-10, 2.11874226497e-10, 9.02219063348e-11, 2.41369806087e-11, 1.01507144704e-11, 2.52278970284e-12, 8.84097157462e-13, 4.56606323931e-13, 2.30864237232e-13, 2.57520838421e-13, 1.60944405047e-13, 8.23928937772e-14, 2.6383663456e-14, 1.64955922592e-14, 1.18960822299e-14, 5.86039099261e-15, 3.48234281682e-15, 2.22874040763e-15, 2.59966735842e-15], "max": [0.00137911352795, 0.00206719664857, 0.00765433954075, 0.0129156839103, 0.011165692471, 0.0138210766017, 0.0117508079857, 0.0136613370851, 0.0167787019163, 0.00916734244674, 0.0160705875605, 0.00830321572721, 0.00417471118271, 0.00170944817364, 0.00264967582189, 0.0023705305066, 0.00183378031943, 0.00092481583124, 0.0010916251922, 0.00102943961974, 0.000846364127938, 0.000616013770923, 0.000572053657379, 0.000389008404454, 0.00019233803323, 0.000129232779727, 5.23424969288e-05, 4.23926212534e-05, 2.31980338867e-05, 1.19789910968e-05, 2.24457089644e-05, 1.70735656866e-05, 7.01537192072e-06, 5.36909874427e-06, 3.61858951692e-06, 2.76634091279e-06, 2.06535673897e-06, 2.40225222115e-06, 1.63366382822e-06, 1.52567270106e-06], "mean": [1.64126977324e-05, 4.83403855469e-05, 0.000394014845369, 0.000584471330512, 0.000499991583638, 0.000394863047404, 0.000187276193174, 0.000264339818386, 0.00026176092797, 0.000145633908687, 0.000262686226051, 8.58961575432e-05, 7.5327763625e-05, 3.07600348606e-05, 2.74143440038e-05, 3.17161357088e-05, 2.88271985482e-05, 1.05654526124e-05, 8.50367905514e-06, 6.82963309373e-06, 5.36357720193e-06, 3.75392664864e-06, 3.8699158722e-06, 3.06171295961e-06, 1.86433294402e-06, 1.07260063942e-06, 5.76277557229e-07, 3.34177713057e-07, 1.79811536327e-07, 1.37888505947e-07, 1.52148800225e-07, 1.37565251634e-07, 1.02062216456e-07, 8.08208397984e-08, 5.84959707339e-08, 3.9712489297e-08, 2.62599808565e-08, 1.2052464804e-08, 6.6428649248e-09, 8.40614156061e-09], "median": [1.83743691196e-06, 1.34680904011e-05, 1.88906215044e-05, 9.14826232474e-05, 3.92130641558e-05, 4.26775222877e-05, 3.41700761055e-05, 8.89504462975e-06, 5.83864448345e-06, 6.62410275254e-06, 8.31797024148e-06, 2.40371605287e-06, 5.13456052431e-06, 3.62620130545e-06, 2.5286926757e-06, 2.27368900596e-06, 1.8737711116e-06, 9.11536346848e-07, 5.91355956203e-07, 3.92538879623e-07, 2.90561644078e-07, 2.17332797092e-07, 1.83407237841e-07, 1.58492611035e-07, 1.11681472958e-07, 7.73723982661e-08, 5.59173756187e-08, 3.7172245726e-08, 2.10620285657e-08, 1.56758783731e-08, 1.44603191643e-08, 9.37435107318e-09, 9.22529075353e-09, 1.13401252833e-08, 8.7651743641e-09, 3.30734128973e-09, 1.5994541247e-09, 6.78723854897e-10, 5.31421573413e-10, 5.65149704812e-10], "min": [5.30726132168e-24, 9.3545145625e-24, 1.09734070236e-23, 5.78899540511e-24, 1.28035643237e-23, 1.26970783567e-23, 5.40154321606e-24, 2.25467806309e-24, 3.92810723957e-24, 1.27011039139e-23, 2.31113952021e-23, 9.62656192314e-24, 9.88889761717e-24, 1.49901274031e-23, 1.06116078023e-23, 9.6146233022e-24, 7.27415109364e-24, 5.8178957188e-24, 1.38024752222e-23, 6.61599576294e-24, 5.87194373486e-24, 8.20527754109e-24, 1.73837743587e-23, 1.47843167483e-23, 1.05942244634e-23, 1.24975312575e-23, 1.34749890837e-23, 1.19042968128e-23, 1.52433454428e-23, 9.83717279647e-24, 1.00927274422e-23, 1.03825517833e-23, 1.53709941813e-23, 1.08715895354e-23, 8.87799524409e-24, 1.45083463824e-23, 1.1115807461e-23, 9.84405008585e-24, 1.10826106164e-23, 1.06701073605e-23], "var": [2.55100141011e-09, 1.32052813129e-08, 6.37786911284e-07, 8.77523405052e-07, 1.16537114536e-06, 9.59982571658e-07, 3.03044316752e-07, 6.33005072359e-07, 9.94531092147e-07, 2.51504587823e-07, 9.46420470882e-07, 1.59000265398e-07, 1.06623254226e-07, 1.20978036477e-08, 1.11576072825e-08, 1.58466733069e-08, 1.2982923181e-08, 1.64691005278e-09, 1.58933866068e-09, 1.54347512549e-09, 9.67298352528e-10, 3.62232299711e-10, 4.14988127195e-10, 1.81016784895e-10, 6.85595122341e-11, 2.83628658754e-11, 3.52067572144e-12, 1.5410508156e-12, 3.78381137187e-13, 2.45320799265e-13, 2.78011365014e-13, 1.9440685498e-13, 9.89199295935e-14, 4.65293155025e-14, 2.25204139462e-14, 1.19205775757e-14, 7.64430717755e-15, 5.19352152972e-15, 1.40447920001e-15, 2.153931093e-15]}, "mfcc": {"mean": [-818.809631348, 169.777938843, -9.9879617691, -1.98966240883, -9.03717041016, -4.1071896553, -14.4194440842, -5.83502864838, -18.2900428772, -10.9658622742, -8.02955150604, -9.08005714417, -8.17550373077], "cov": [[11701.7998047, 1077.3079834, -1626.05639648, 822.406555176, -1174.72436523, -193.55317688, -606.440063477, 416.960235596, -250.161087036, 273.598876953, 112.88558197, -282.232025146, -326.011688232], [1077.3079834, 1432.12512207, -214.084640503, -297.392272949, -12.6841249466, -25.4013004303, -28.6981258392, 9.64163303375, -63.4271202087, -65.866027832, 52.5890846252, -30.1963233948, -51.9997940063], [-1626.05639648, -214.084640503, 643.701904297, 41.7586364746, 147.116439819, 114.083747864, 124.245925903, -49.062297821, 45.2648239136, -31.5308246613, -45.9625091553, 47.6705169678, 37.3731613159], [822.406555176, -297.392272949, 41.7586364746, 723.986694336, 134.47052002, 0.863643407822, -8.51354408264, 80.1843414307, 48.272769928, 48.4673309326, -71.2667541504, 34.8970146179, 72.3645935059], [-1174.72436523, -12.6841249466, 147.116439819, 134.47052002, 526.650939941, 18.8920516968, 31.5990562439, -28.7375907898, 74.6204910278, -30.7779865265, -63.5896377563, 100.572242737, 107.079315186], [-193.55317688, -25.4013004303, 114.083747864, 0.863643407822, 18.8920516968, 219.617080688, 112.288772583, 24.3072452545, 78.6993942261, 46.8081703186, 58.5648155212, 9.48606109619, 7.54042243958], [-606.440063477, -28.6981258392, 124.245925903, -8.51354408264, 31.5990562439, 112.288772583, 261.478271484, 39.0326004028, 53.8173599243, 40.249797821, 56.7034835815, 26.2672042847, 30.4023780823], [416.960235596, 9.64163303375, -49.062297821, 80.1843414307, -28.7375907898, 24.3072452545, 39.0326004028, 179.040344238, 21.8997993469, 37.7875480652, 39.9012413025, 2.37299251556, 11.9445877075], [-250.161087036, -63.4271202087, 45.2648239136, 48.272769928, 74.6204910278, 78.6993942261, 53.8173599243, 21.8997993469, 199.741363525, 54.193649292, 22.9827251434, 34.0382614136, 33.9374504089], [273.598876953, -65.866027832, -31.5308246613, 48.4673309326, -30.7779865265, 46.8081703186, 40.249797821, 37.7875480652, 54.193649292, 195.588668823, 53.1497459412, -38.3386573792, 13.401845932], [112.88558197, 52.5890846252, -45.9625091553, -71.2667541504, -63.5896377563, 58.5648155212, 56.7034835815, 39.9012413025, 22.9827251434, 53.1497459412, 161.086532593, 3.40569043159, -13.0729227066], [-282.232025146, -30.1963233948, 47.6705169678, 34.8970146179, 100.572242737, 9.48606109619, 26.2672042847, 2.37299251556, 34.0382614136, -38.3386573792, 3.40569043159, 124.62436676, 40.4421005249], [-326.011688232, -51.9997940063, 37.3731613159, 72.3645935059, 107.079315186, 7.54042243958, 30.4023780823, 11.9445877075, 33.9374504089, 13.401845932, -13.0729227066, 40.4421005249, 137.470901489]], "icov": [[0.000380641227821, -0.000327946065227, 0.000626321532764, -0.000692049681675, 0.000736010319088, -0.000409123342251, 0.000629379414022, -0.000350426213117, 0.000223384442506, -0.000401914468966, 0.000155494970386, -0.00026770302793, 0.000390640721889], [-0.000327946065227, 0.00112558866385, -0.000252872210694, 0.000918862700928, -0.000878862920217, 0.000262710935203, -0.000557874620426, 0.000110112006951, -4.3715848733e-05, 0.000664965307806, -0.000316192221362, 0.000465551915113, -0.000203995266929], [0.000626321532764, -0.000252872210694, 0.00323357852176, -0.00110240897629, 0.00084325572243, -0.00171677581966, 0.000182489166036, -1.60896797752e-05, 0.000487554993015, -0.000246316601988, 0.0010547847487, -0.000615641940385, 0.00067433109507], [-0.000692049681675, 0.000918862700928, -0.00110240897629, 0.00312451156788, -0.00167462497484, 0.000653226859868, -0.000887445814442, -0.000375624542357, -0.000419664342189, 0.000209301200812, 0.000660646008328, 0.00020115695952, -0.0010543409735], [0.000736010319088, -0.000878862920217, 0.00084325572243, -0.00167462497484, 0.00431325519457, -0.000813365739305, 0.00119627919048, -0.000147671482409, -0.000212846600334, -0.000726581085473, 0.00114402442705, -0.00204826099798, -0.000666793552227], [-0.000409123342251, 0.000262710935203, -0.00171677581966, 0.000653226859868, -0.000813365739305, 0.0077473083511, -0.00256016198546, 0.000242659793003, -0.00222808308899, 4.06646286137e-05, -0.00200108764693, 0.000852382043377, 0.000110745408165], [0.000629379414022, -0.000557874620426, 0.000182489166036, -0.000887445814442, 0.00119627919048, -0.00256016198546, 0.0067066824995, -0.00149074650835, 0.000325928325765, -0.00116498977877, -0.000842786801513, -0.00105164863635, -0.000183636147995], [-0.000350426213117, 0.000110112006951, -1.60896797752e-05, -0.000375624542357, -0.000147671482409, 0.000242659793003, -0.00149074650835, 0.0072432323359, -0.000456551730167, 1.35079171741e-05, -0.00138421531301, 5.46925730305e-05, -0.000821561727207], [0.000223384442506, -4.3715848733e-05, 0.000487554993015, -0.000419664342189, -0.000212846600334, -0.00222808308899, 0.000325928325765, -0.000456551730167, 0.00701766693965, -0.00196214276366, 0.0002075858647, -0.00177193665877, -0.000142970035085], [-0.000401914468966, 0.000664965307806, -0.000246316601988, 0.000209301200812, -0.000726581085473, 4.06646286137e-05, -0.00116498977877, 1.35079171741e-05, -0.00196214276366, 0.00791596528143, -0.00233891862445, 0.00363843748346, -0.00150475336704], [0.000155494970386, -0.000316192221362, 0.0010547847487, 0.000660646008328, 0.00114402442705, -0.00200108764693, -0.000842786801513, -0.00138421531301, 0.0002075858647, -0.00233891862445, 0.00947257038206, -0.00219509052113, 0.000863285793457], [-0.00026770302793, 0.000465551915113, -0.000615641940385, 0.00020115695952, -0.00204826099798, 0.000852382043377, -0.00105164863635, 5.46925730305e-05, -0.00177193665877, 0.00363843748346, -0.00219509052113, 0.0119123151526, -0.00225122203119], [0.000390640721889, -0.000203995266929, 0.00067433109507, -0.0010543409735, -0.000666793552227, 0.000110745408165, -0.000183636147995, -0.000821561727207, -0.000142970035085, -0.00150475336704, 0.000863285793457, -0.00225122203119, 0.0100468536839]]}, "spectral_contrast_coeffs": {"dmean": [0.0346290580928, 0.0385209918022, 0.0320601277053, 0.0273787807673, 0.0198461841792, 0.0214309412986], "dmean2": [0.0549725480378, 0.0599119737744, 0.0500040538609, 0.0430414788425, 0.0303791463375, 0.0334430187941], "dvar": [0.00112066487782, 0.00148895615712, 0.000958966265898, 0.000682582031004, 0.000344368396327, 0.0004424500803], "dvar2": [0.00234214658849, 0.00312775420025, 0.00205557467416, 0.00152447028086, 0.000715568952728, 0.00104018370621], "max": [-0.171977862716, -0.306323349476, -0.402450740337, -0.529032945633, -0.545447528362, -0.479694366455], "mean": [-0.540284514427, -0.646755576134, -0.71268928051, -0.745715856552, -0.772468924522, -0.766882002354], "median": [-0.550910830498, -0.644983649254, -0.71906453371, -0.744270682335, -0.771528720856, -0.774202048779], "min": [-0.975973367691, -0.986703038216, -0.971928179264, -0.96917527914, -0.958265423775, -0.956714808941], "var": [0.0181750599295, 0.0124298371375, 0.00891743693501, 0.00478272140026, 0.00323207932524, 0.00361272809096]}, "spectral_contrast_valleys": {"dmean": [0.391972988844, 0.349756836891, 0.312671393156, 0.299378722906, 0.263301432133, 0.342990607023], "dmean2": [0.650210261345, 0.560133