{"lowlevel": {"average_loudness": 0.920095026493, "barkbands_crest": {"dmean": 2.8140206337, "dmean2": 4.35450935364, "dvar": 7.76525735855, "dvar2": 16.1725521088, "max": 26.3989582062, "mean": 12.5757322311, "median": 11.5711078644, "min": 2.28449749947, "var": 34.8452377319}, "barkbands_flatness_db": {"dmean": 0.0333584845066, "dmean2": 0.0462518818676, "dvar": 0.0012823905563, "dvar2": 0.00219539552927, "max": 0.507614433765, "mean": 0.181513249874, "median": 0.173473834991, "min": 0.0125263808295, "var": 0.00644538877532}, "barkbands_kurtosis": {"dmean": 6.34446382523, "dmean2": 9.73190307617, "dvar": 277.876190186, "dvar2": 609.236938477, "max": 679.977416992, "mean": 8.22339725494, "median": 2.14752435684, "min": -1.92355465889, "var": 441.904541016}, "barkbands_skewness": {"dmean": 0.801915228367, "dmean2": 1.15357267857, "dvar": 0.985372006893, "dvar2": 1.92740416527, "max": 19.5527038574, "mean": 1.92922365665, "median": 1.58717513084, "min": -2.11600899696, "var": 3.44833540916}, "barkbands_spread": {"dmean": 7.19759321213, "dmean2": 10.3347167969, "dvar": 88.4711914062, "dvar2": 173.625244141, "max": 109.06552887, "mean": 20.6723022461, "median": 16.8718338013, "min": 0.176363363862, "var": 256.011474609}, "dissonance": {"dmean": 0.0237877834588, "dmean2": 0.0382363460958, "dvar": 0.000649504479952, "dvar2": 0.00158136361279, "max": 0.499911308289, "mean": 0.451201111078, "median": 0.464083939791, "min": 0.192760407925, "var": 0.00174086645711}, "dynamic_complexity": 2.82610344887, "erbbands_crest": {"dmean": 3.10292267799, "dmean2": 4.96894836426, "dvar": 7.52416753769, "dvar2": 18.1283321381, "max": 31.595708847, "mean": 10.0171070099, "median": 9.1494512558, "min": 2.15742707253, "var": 19.4307174683}, "erbbands_flatness_db": {"dmean": 0.0258290208876, "dmean2": 0.0353874638677, "dvar": 0.000691907014698, "dvar2": 0.00125676591415, "max": 0.492433071136, "mean": 0.181411057711, "median": 0.172470018268, "min": 0.0328023210168, "var": 0.00515550561249}, "erbbands_kurtosis": {"dmean": 1.28027665615, "dmean2": 2.0124835968, "dvar": 3.50483775139, "dvar2": 8.05496883392, "max": 38.4833984375, "mean": 0.665290653706, "median": -0.0623145103455, "min": -1.88738155365, "var": 6.17074346542}, "erbbands_skewness": {"dmean": 0.47981223464, "dmean2": 0.703831017017, "dvar": 0.206191509962, "dvar2": 0.438047587872, "max": 5.6849064827, "mean": 0.127535492182, "median": 0.103472679853, "min": -3.44116592407, "var": 0.825385987759}, "erbbands_spread": {"dmean": 10.6284122467, "dmean2": 15.4709177017, "dvar": 146.612319946, "dvar2": 301.961761475, "max": 205.991470337, "mean": 37.864944458, "median": 33.7421302795, "min": 3.15440654755, "var": 507.636627197}, "hfc": {"dmean": 11.3104476929, "dmean2": 15.5337095261, "dvar": 297.392181396, "dvar2": 594.499572754, "max": 194.989471436, "mean": 29.2043514252, "median": 24.6683940887, "min": 1.17448609084e-16, "var": 600.985595703}, "melbands_crest": {"dmean": 3.46246051788, "dmean2": 5.4672870636, "dvar": 12.7497739792, "dvar2": 28.3940925598, "max": 35.2026138306, "mean": 17.2127285004, "median": 15.8084535599, "min": 1.67983400822, "var": 58.6115036011}, "melbands_flatness_db": {"dmean": 0.0402459949255, "dmean2": 0.054757963866, "dvar": 0.00196647783741, "dvar2": 0.0032244049944, "max": 0.655794739723, "mean": 0.251894563437, "median": 0.243648037314, "min": 0.00540596712381, "var": 0.0101226344705}, "melbands_kurtosis": {"dmean": 13.8263664246, "dmean2": 21.1201229095, "dvar": 1246.34338379, "dvar2": 2569.16137695, "max": 920.758544922, "mean": 21.9352397919, "median": 8.00677680969, "min": -1.83801686764, "var": 2288.3371582}, "melbands_skewness": {"dmean": 1.02424108982, "dmean2": 1.4716694355, "dvar": 1.71623730659, "dvar2": 3.23609852791, "max": 25.1789398193, "mean": 3.10082697868, "median": 2.5269370079, "min": -1.9575356245, "var": 6.17049884796}, "melbands_spread": {"dmean": 7.87353658676, "dmean2": 11.2111577988, "dvar": 115.906089783, "dvar2": 220.526107788, "max": 145.967666626, "mean": 21.5341110229, "median": 16.2211456299, "min": 0.32322371006, "var": 368.412841797}, "pitch_salience": {"dmean": 0.0820815041661, "dmean2": 0.126016393304, "dvar": 0.00703269708902, "dvar2": 0.0146084008738, "max": 0.899812698364, "mean": 0.499469280243, "median": 0.530459582806, "min": 0.0654283091426, "var": 0.0291746407747}, "silence_rate_20dB": {"dmean": 0, "dmean2": 0, "dvar": 0, "dvar2": 0, "max": 1, "mean": 1, "median": 1, "min": 1, "var": 0}, "silence_rate_30dB": {"dmean": 0.0559251047671, "dmean2": 0.111863985658, "dvar": 0.0527911782265, "dvar2": 0.106740087271, "max": 1, "mean": 0.907008230686, "median": 1, "min": 0, "var": 0.0843459963799}, "silence_rate_60dB": {"dmean": 0.00517368828878, "dmean2": 0.0103486506268, "dvar": 0.00514685967937, "dvar2": 0.0117196487263, "max": 1, "mean": 0.0475427992642, "median": 0, "min": 0, "var": 0.0452805161476}, "spectral_centroid": {"dmean": 335.491210938, "dmean2": 479.414306641, "dvar": 145640.59375, "dvar2": 261160.125, "max": 11375.4990234, "mean": 1298.36621094, "median": 1197.35644531, "min": 118.043937683, "var": 493365.4375}, "spectral_complexity": {"dmean": 4.78024148941, "dmean2": 6.88259220123, "dvar": 30.6190509796, "dvar2": 49.6831550598, "max": 62, "mean": 20.1186103821, "median": 19, "min": 0, "var": 136.378707886}, "spectral_decrease": {"dmean": 3.75053366142e-09, "dmean2": 5.59443735781e-09, "dvar": 3.59993337009e-17, "dvar2": 6.93522254548e-17, "max": 5.29082205784e-29, "mean": -1.26514079213e-08, "median": -9.73820313277e-09, "min": -6.20813693786e-08, "var": 1.11048931061e-16}, "spectral_energy": {"dmean": 0.0144671695307, "dmean2": 0.021592406556, "dvar": 0.000516652711667, "dvar2": 0.000997656257823, "max": 0.236038848758, "mean": 0.0503981560469, "median": 0.0399331003428, "min": 1.05631941653e-20, "var": 0.00159508816432}, "spectral_energyband_high": {"dmean": 0.000773686741013, "dmean2": 0.00105888862163, "dvar": 2.31943045037e-06, "dvar2": 4.31952184954e-06, "max": 0.0165550131351, "mean": 0.00114675343502, "median": 0.000255329941865, "min": 7.59802712693e-21, "var": 4.57583109892e-06}, "spectral_energyband_low": {"dmean": 0.0111371083185, "dmean2": 0.0166768971831, "dvar": 0.000602525426075, "dvar2": 0.00116518128198, "max": 0.232027977705, "mean": 0.0284264776856, "median": 0.00526297558099, "min": 3.9921353716e-23, "var": 0.00166144187097}, "spectral_energyband_middle_high": {"dmean": 0.00277097243816, "dmean2": 0.00403504632413, "dvar": 1.21520142784e-05, "dvar2": 2.68259682343e-05, "max": 0.0445322915912, "mean": 0.00706910667941, "median": 0.00539556378499, "min": 1.50268000951e-21, "var": 3.98784686695e-05}, "spectral_energyband_middle_low": {"dmean": 0.00658968416974, "dmean2": 0.0107329348102, "dvar": 9.11842071218e-05, "dvar2": 0.000241074332735, "max": 0.0969017446041, "mean": 0.0150034185499, "median": 0.0114372074604, "min": 2.24686796148e-22, "var": 0.000147728293086}, "spectral_entropy": {"dmean": 0.255281835794, "dmean2": 0.355094134808, "dvar": 0.0882361903787, "dvar2": 0.163184344769, "max": 9.80308818817, "mean": 7.37157487869, "median": 7.42339658737, "min": 4.7121553421, "var": 0.378546923399}, "spectral_flux": {"dmean": 0.0351017005742, "dmean2": 0.0549498237669, "dvar": 0.00176655326504, "dvar2": 0.00393892405555, "max": 0.419532448053, "mean": 0.113410592079, "median": 0.103498846292, "min": 6.90002499582e-11, "var": 0.00464982306585}, "spectral_kurtosis": {"dmean": 3.53525400162, "dmean2": 5.67138576508, "dvar": 39.2814674377, "dvar2": 95.1132049561, "max": 147.315292358, "mean": 7.80061244965, "median": 5.75614547729, "min": -1.29009962082, "var": 86.4194717407}, "spectral_rms": {"dmean": 0.000965507235378, "dmean2": 0.00141080259345, "dvar": 1.59268063271e-06, "dvar2": 2.82360747406e-06, "max": 0.0151750389487, "mean": 0.0064291334711, "median": 0.00624172436073, "min": 3.21022657242e-12, "var": 7.83508221502e-06}, "spectral_rolloff": {"dmean": 741.651000977, "dmean2": 1157.40856934, "dvar": 2403133.75, "dvar2": 5202050.5, "max": 19056.8847656, "mean": 1596.02246094, "median": 1055.12695312, "min": 64.599609375, "var": 4393267.5}, "spectral_skewness": {"dmean": 0.414548397064, "dmean2": 0.634055674076, "dvar": 0.254859238863, "dvar2": 0.573051989079, "max": 9.93344688416, "mean": 1.8407702446, "median": 1.72526347637, "min": -0.0525666885078, "var": 0.810477972031}, "spectral_spread": {"dmean": 896320.9375, "dmean2": 1238940.875, "dvar": 1735197196290.0, "dvar2": 3170671263740.0, "max": 51249696, "mean": 4457020, "median": 3748636, "min": 576789.75, "var": 6516210401280.0}, "spectral_strongpeak": {"dmean": 0.486909002066, "dmean2": 0.824113428593, "dvar": 0.604493439198, "dvar2": 1.59326708317, "max": 7.75667381287, "mean": 0.971497178078, "median": 0.650391876698, "min": 0, "var": 0.817369997501}, "zerocrossingrate": {"dmean": 0.0164476446807, "dmean2": 0.0179781578481, "dvar": 0.000440947624156, "dvar2": 0.000511549471412, "max": 0.51123046875, "mean": 0.0609697848558, "median": 0.04638671875, "min": 0.00244140625, "var": 0.00264237518422}, "barkbands": {"dmean": [0.000358337187208, 0.0086335958913, 0.00534161459655, 0.00206081313081, 0.00221820105799, 0.00281118042767, 0.0014045209391, 0.00103646318894, 0.000586173846386, 0.000418207986513, 0.000766060606111, 0.000642194296233, 0.00075788074173, 0.00056374585256, 0.000420446362114, 0.000498969107866, 0.000456468143966, 0.000218056971789, 0.000249788048677, 0.000210964019061, 0.000131713633891, 0.000111371984531, 0.000101894118416, 0.000102709775092, 0.000134495217935, 0.00015235831961, 9.21865648706e-05], "dmean2": [0.000567619979847, 0.011784103699, 0.00887443870306, 0.00359142618254, 0.00360860442743, 0.00447629857808, 0.00229408661835, 0.00163669371977, 0.000925964151975, 0.000643940933514, 0.00114463747013, 0.000991808250546, 0.0011810582364, 0.000917911704164, 0.0006926584756, 0.000770245329477, 0.000725334626622, 0.00035096850479, 0.000377399643185, 0.000321639352478, 0.000211509890505, 0.000172702755663, 0.000137404567795, 0.000147808648762, 0.00020606291946, 0.000229502664297, 0.000148502032971], "dvar": [7.90092087755e-07, 0.000381094985642, 0.000342930987244, 2.63125584752e-05, 1.13350988613e-05, 1.68405040313e-05, 6.09557037023e-06, 3.36115317623e-06, 1.58694535912e-06, 8.0173532524e-07, 3.02988269141e-06, 1.72717125224e-06, 2.69047927759e-06, 1.57315389515e-06, 8.17044565338e-07, 1.09629661438e-06, 6.91819082022e-07, 1.75511559064e-07, 1.66757999409e-07, 1.27237356651e-07, 8.85392736905e-08, 6.18466415858e-08, 5.58826620534e-08, 5.20993843622e-08, 1.04102113596e-07, 1.76144098418e-07, 9.01648391505e-08], "dvar2": [1.7228719571e-06, 0.000703828351106, 0.000864629400894, 7.50994804548e-05, 2.87366892735e-05, 4.36387927039e-05, 1.45508083733e-05, 8.12965299701e-06, 3.4469064758e-06, 1.68591293459e-06, 7.24015399101e-06, 3.76541584046e-06, 5.79879178986e-06, 4.00041153625e-06, 2.13584712583e-06, 2.23496385843e-06, 1.82030021278e-06, 4.23551568929e-07, 3.42877086723e-07, 2.96825305668e-07, 2.09025671438e-07, 1.34414008812e-07, 9.51168175334e-08, 1.02456461093e-07, 2.4286063649e-07, 3.95724669033e-07, 2.23207806016e-07], "max": [0.013967435807, 0.225510194898, 0.175196826458, 0.0519206002355, 0.047198317945, 0.0456295311451, 0.0393627248704, 0.0353994891047, 0.0251381266862, 0.016279084608, 0.0282374303788, 0.020901735872, 0.0253266729414, 0.0194005034864, 0.0287307910621, 0.0186295881867, 0.0108823282644, 0.00617139553651, 0.00933152064681, 0.00538758048788, 0.00357605610043, 0.00370559073053, 0.00332791637629, 0.00329614640214, 0.00397493969649, 0.00494743511081, 0.0034049670212], "mean": [0.000915575888939, 0.0218770634383, 0.00449003372341, 0.00242893584073, 0.00341890496202, 0.00462566176429, 0.00187513115816, 0.00166394840926, 0.000788213510532, 0.000556148181204, 0.00118451751769, 0.000844567955937, 0.00104806362651, 0.000675372430123, 0.000555586942937, 0.000716932932846, 0.000662844220642, 0.000324975175317, 0.000381634192308, 0.00033413869096, 0.0001853841095, 0.000157287635375, 0.000139221869176, 0.000141983182402, 0.000156075286213, 0.000168948303326, 8.10001147329e-05], "median": [1.10933933684e-05, 0.00113606220111, 0.000338603975251, 0.000818189117126, 0.00223453901708, 0.00279196677729, 0.000823876354843, 0.000827551470138, 0.000290488824248, 0.000173088046722, 0.000360746198567, 0.000230693549383, 0.000322353531374, 0.000206067605177, 0.000184450633242, 0.000251577963354, 0.000251246034168, 0.000108492560685, 0.000155935646035, 0.000125553255202, 4.06941835536e-05, 2.35995212279e-05, 1.73512689798e-05, 1.76424346137e-05, 1.39683779707e-05, 9.46988166106e-06, 1.51155313688e-06], "min": [5.34894157647e-24, 1.89573404499e-23, 8.63788018404e-24, 3.44018769779e-24, 9.49927448292e-24, 4.98530620256e-23, 1.37779037827e-23, 3.051506779e-23, 4.67247425981e-23, 2.5752080261e-23, 7.70872667771e-23, 4.71545676618e-23, 1.9034125646e-22, 8.71713199048e-23, 7.38537890355e-23, 1.35480322393e-22, 1.72496175177e-22, 1.49916085683e-22, 1.16961149999e-22, 2.63401968918e-22, 4.14795660496e-22, 4.97759265752e-22, 5.2415987803e-22, 7.14838792201e-22, 1.17847822084e-21, 1.49864487869e-21, 2.40379372632e-21], "var": [3.38563609148e-06, 0.00111148820724, 0.000268692383543, 2.19796620513e-05, 1.61559837579e-05, 2.90448588203e-05, 8.675448953e-06, 5.75810554437e-06, 2.62953494712e-06, 1.38180996601e-06, 4.54198197986e-06, 2.74153171631e-06, 4.20623609898e-06, 1.70836005964e-06, 1.01639409422e-06, 1.79887706508e-06, 1.14915360427e-06, 3.30249179115e-07, 3.32943358217e-07, 2.50940928481e-07, 1.5268857112e-07, 1.1405458622e-07, 1.07813399097e-07, 1.00692119531e-07, 1.37545569601e-07, 1.97064110807e-07, 7.7851105118e-08]}, "erbbands": {"dmean": [0.280910432339, 1.8925498724, 5.49980306625, 6.30082178116, 6.36613130569, 7.94420146942, 16.4535770416, 24.1959209442, 21.0927371979, 20.8362293243, 19.439201355, 13.1753349304, 13.0951070786, 15.9210109711, 33.7950897217, 26.1105270386, 35.1836051941, 26.2917957306, 26.0908412933, 17.9448165894, 27.8785800934, 24.4224700928, 12.6989707947, 10.1787853241, 14.0054206848, 8.67410087585, 6.28542709351, 4.51605606079, 3.92696332932, 3.28984498978, 3.05207777023, 2.23619842529, 1.8417327404, 1.45638489723, 0.959138691425, 0.643429338932, 0.304371029139, 0.102193683386, 0.0145688476041, 0.000712689186912], "dmean2": [0.397895604372, 2.60455083847, 8.59330272675, 10.7881202698, 10.8249158859, 13.0739917755, 25.9017524719, 39.114074707, 34.4785919189, 33.1512794495, 30.667137146, 20.7978420258, 20.1486415863, 25.4560165405, 49.143119812, 39.3965148926, 54.9459457397, 41.7883911133, 41.1982917786, 27.9663219452, 43.2938728333, 39.0825614929, 20.2949466705, 15.401465416, 20.592206955, 12.9878559113, 10.1621131897, 6.84917926788, 6.11277914047, 4.82134580612, 4.12174272537, 3.46380734444, 2.67680716515, 2.20329403877, 1.48895597458, 0.964003026485, 0.47337436676, 0.160988554358, 0.0232635270804, 0.00121235172264], "dvar": [0.430925905704, 20.7684326172, 318.400939941, 332.634887695, 137.334732056, 215.914047241, 758.295410156, 1460.50915527, 1493.36523438, 1360.35058594, 1648.02734375, 786.659667969, 870.122924805, 2062.35693359, 4067.84472656, 2831.73950195, 6560.63964844, 3126.08081055, 2882.48486328, 1294.14685059, 2917.96557617, 2239.56738281, 548.582214355, 355.555725098, 516.289001465, 205.212585449, 181.236785889, 134.335540771, 79.0870437622, 47.8981246948, 60.1060295105, 26.9995803833, 17.8365383148, 12.4591665268, 5.51797008514, 2.8555457592, 0.807184159756, 0.108796522021, 0.00227135256864, 6.08689833825e-06], "dvar2": [0.825882196426, 37.8568992615, 740.975952148, 904.925476074, 380.88760376, 547.293151855, 1804.91723633, 3855.77270508, 3667.65332031, 3284.5402832, 3921.14794922, 1700.41040039, 1825.859375, 5197.72412109, 8780.625, 6222.69628906, 14308.0390625, 7815.609375, 7166.67089844, 2957.73071289, 6604.76416016, 6064.45556641, 1345.48388672, 692.577575684, 1061.99755859, 451.137786865, 464.922576904, 274.171234131, 170.89239502, 96.1889648438, 104.546859741, 59.0551986694, 37.2970123291, 28.889333725, 12.9751501083, 6.1865272522, 1.90944194794, 0.266596615314, 0.00554210878909, 1.64324992511e-05], "max": [8.75916576385, 52.6631546021, 172.799942017, 168.728378296, 142.438323975, 243.938858032, 396.871704102, 545.555114746, 698.673095703, 516.127685547, 1013.56921387, 756.453918457, 655.228210449, 973.760864258, 1114.91784668, 929.594848633, 1392.87854004, 959.563781738, 1295.6583252, 949.459289551, 782.580383301, 572.868652344, 326.180633545, 343.650146484, 483.200927734, 268.194091797, 187.376464844, 170.701553345, 170.515228271, 128.035720825, 113.961647034, 56.7476539612, 59.6142120361, 45.06224823, 42.1414642334, 23.1199474335, 10.3275632858, 3.86033010483, 0.526877045631, 0.0268875025213], "mean": [0.833402216434, 4.06818437576, 5.70206880569, 6.64956665039, 8.82467651367, 11.5098218918, 26.7105865479, 38.9972610474, 28.1803035736, 33.6811332703, 31.9548091888, 19.0533027649, 17.7588596344, 20.9170131683, 56.7189712524, 37.5597076416, 48.996295929, 37.8013954163, 36.6751708984, 26.6713314056, 41.1303672791, 37.0177993774, 20.2985477448, 15.9781923294, 22.9143657684, 14.4172077179, 8.9624414444, 6.37493228912, 5.43424510956, 5.02598190308, 3.97056269646, 2.99657249451, 2.38108158112, 1.69531190395, 1.10753083229, 0.753296911716, 0.317063391209, 0.0960855931044, 0.0128735778853, 0.000596010417212], "median": [0.00978475157171, 0.334222912788, 0.890785574913, 2.01476430893, 4.88426971436, 6.86025333405, 12.6670351028, 23.1695404053, 13.4010534286, 16.8311824799, 12.9501924515, 8.24416255951, 5.71081542969, 7.54269361496, 16.544506073, 11.8820104599, 15.8255443573, 14.2898168564, 12.354475975, 11.1013269424, 16.1408653259, 14.5652751923, 7.41113758087, 6.39853382111, 8.9908323288, 5.74579668045, 2.64123177528, 1.10332989693, 0.732129871845, 0.919809341431, 0.44932860136, 0.360293060541, 0.284918546677, 0.152788475156, 0.097788490355, 0.0479793027043, 0.0151735330001, 0.00314131146297, 0.000329879927449, 8.934501966e-05], "min": [3.32517569056e-22, 4.94801832529e-21, 1.08590396735e-20, 1.21328646973e-20, 2.95026890164e-20, 2.15349767792e-20, 8.40770608406e-20, 5.05089768613e-19, 2.47463849846e-19, 4.77560732539e-19, 5.61675074668e-19, 1.19047978515e-18, 1.08944784174e-18, 1.58384583564e-18, 3.71951523166e-18, 2.39051164522e-18, 7.98472151342e-18, 4.6834573372e-18, 3.81698399119e-18, 5.66068189542e-18, 7.15133621909e-18, 1.03943242804e-17, 9.78395763255e-18, 8.1307329536e-18, 9.98663838932e-18, 1.16098926603e-17, 1.88685142048e-17, 1.3077448379e-17, 1.69087314278e-17, 1.5991005971e-17, 1.60222336935e-17, 1.41119196258e-17, 1.27828364233e-17, 1.29277989984e-17, 8.53568583992e-18, 5.15087642183e-18, 2.60305591041e-18, 9.47816839883e-19, 3.21010804554e-19, 3.25674254977e-20], "var": [1.75253605843, 46.6282653809, 309.357208252, 250.284469604, 149.139587402, 281.798034668, 1580.35949707, 2279.36425781, 1843.64135742, 2276.97583008, 3125.27246094, 1319.66333008, 1511.98059082, 2230.53759766, 8896.94726562, 4768.15234375, 9693.76074219, 4136.26220703, 4139.125, 1961.74084473, 4700.63330078, 3684.81835938, 1091.80627441, 653.744812012, 1204.96447754, 444.0909729, 280.559661865, 241.737228394, 146.296798706, 95.5151443481, 105.563560486, 46.3822746277, 30.6563453674, 17.0513858795, 7.05890417099, 3.49338293076, 0.804922044277, 0.0978026613593, 0.00199842010625, 4.30697900811e-06]}, "gfcc": {"mean": [-11.6006422043, 94.3721923828, -113.476470947, 15.8294448853, -50.3516082764, -4.88987779617, -40.1788215637, -0.618311226368, -24.6275577545, 2.11151385307, -7.32766485214, 1.07340371609, -10.0263662338], "cov": [[17185.9707031, -1361.85021973, 1399.92126465, 1100.1829834, 270.744049072, 1192.57836914, 89.3700408936, 632.486572266, 37.2129020691, 408.370544434, -241.434036255, 95.4927062988, -449.203643799], [-1361.85021973, 3248.45141602, -724.000244141, 58.1453132629, 408.222259521, -156.300506592, 399.522277832, -110.065872192, 376.502288818, -270.90914917, 438.235107422, -101.116874695, 200.402862549], [1399.92126465, -724.000244141, 2529.67333984, 336.623596191, 222.232803345, 748.033752441, 295.511108398, 500.395721436, 16.593706131, 384.006958008, 22.6942596436, 313.179992676, -120.771110535], [1100.1829834, 58.1453132629, 336.623596191, 911.84576416, 125.694587708, 238.705627441, 138.328948975, 192.877838135, 223.907363892, 41.9224014282, 100.688720703, 47.0562019348, 73.3862075806], [270.744049072, 408.222259521, 222.232803345, 125.694587708, 686.251708984, 162.032058716, 164.908966064, 203.063232422, 183.344726562, 124.387176514, 69.6055603027, 73.0987548828, 67.8208389282], [1192.57836914, -156.300506592, 748.033752441, 238.705627441, 162.032058716, 616.258178711, 208.559616089, 256.615356445, 88.7932434082, 188.143600464, 78.1694259644, 110.256790161, -23.443780899], [89.3700408936, 399.522277832, 295.511108398, 138.328948975, 164.908966064, 208.559616089, 407.955047607, 153.356735229, 101.077194214, 85.2799453735, 144.041870117, 87.8926315308, 63.9593734741], [632.486572266, -110.065872192, 500.395721436, 192.877838135, 203.063232422, 256.615356445, 153.356735229, 372.064239502, 106.34815979, 135.292999268, 66.2326965332, 118.260848999, 16.6250934601], [37.2129020691, 376.502288818, 16.593706131, 223.907363892, 183.344726562, 88.7932434082, 101.077194214, 106.34815979, 310.078094482, 78.825012207, 94.9597015381, -0.00577521091327, 55.5485038757], [408.370544434, -270.90914917, 384.006958008, 41.9224014282, 124.387176514, 188.143600464, 85.2799453735, 135.292999268, 78.825012207, 278.893310547, 36.3877182007, 45.0320243835, -15.8873233795], [-241.434036255, 438.235107422, 22.6942596436, 100.688720703, 69.6055603027, 78.1694259644, 144.041870117, 66.2326965332, 94.9597015381, 36.3877182007, 226.732284546, 68.2631072998, 68.6495437622], [95.4927062988, -101.116874695, 313.179992676, 47.0562019348, 73.0987548828, 110.256790161, 87.8926315308, 118.260848999, -0.00577521091327, 45.0320243835, 68.2631072998, 201.653701782, 56.6251487732], [-449.203643799, 200.402862549, -120.771110535, 73.3862075806, 67.8208389282, -23.443780899, 63.9593734741, 16.6250934601, 55.5485038757, -15.8873233795, 68.6495437622, 56.6251487732, 148.131851196]], "icov": [[8.50306023494e-05, -2.19579233089e-05, 5.79934348934e-05, -0.000126889586682, -8.57522536535e-06, -0.000140899865073, 2.31710164371e-05, -6.47863853374e-05, 8.28603879199e-05, -9.03223917703e-05, 0.000163165241247, -0.000125270453282, 0.000308105809381], [-2.19579233089e-05, 0.000921896949876, -0.000112624249596, 0.000333275733283, -0.000527751923073, 0.000172633488546, -0.000651636044495, 0.00043810432544, -0.000838696432766, 0.00141903478652, -0.00166681688279, 0.00100098561961, -0.000213061794057], [5.79934348934e-05, -0.000112624249596, 0.000989213236608, -0.000333660107572, 7.8384167864e-05, -0.00063183408929, -0.000153323097038, -0.000428741856012, 0.000410581065807, -0.000790466496255, 0.000731737643946, -0.00131626077928, 0.00120376283303], [-0.000126889586682, 0.000333275733283, -0.000333660107572, 0.00188787537627, 8.67901053425e-06, -0.000139853960718, -0.000153182612848, -0.000183575742994, -0.00138634978794, 0.00119402608834, -0.000896477373317, 0.000949342676904, -0.00128184084315], [-8.57522536535e-06, -0.000527751923073, 7.8384167864e-05, 8.67901053425e-06, 0.00235642096959, -0.000124401674839, 3.22434716509e-05, -0.000931297952775, -0.000435160152847, -0.00110441783909, 0.00130304542836, -0.000675239600241, -0.000561400782317], [-0.000140899865073, 0.000172633488546, -0.00063183408929, -0.000139853960718, -0.000124401674839, 0.00352582591586, -0.000845177855808, -0.000545207352843, -0.0002198197908, -0.000391675916035, -0.000846312905196, 0.000272785080597, 0.000262768793618], [2.31710164371e-05, -0.000651636044495, -0.000153323097038, -0.000153182612848, 3.22434716509e-05, -0.000845177855808, 0.00447463849559, -0.000739545270335, 0.000521377194673, -0.000931945978664, -0.000630973721854, -0.000448130449513, -0.000926570675801], [-6.47863853374e-05, 0.00043810432544, -0.000428741856012, -0.000183575742994, -0.000931297952775, -0.000545207352843, -0.000739545270335, 0.00560203101486, -0.0011825542897, 6.3243387558e-05, -0.000702295801602, -0.00120638438966, 0.00021978240693], [8.28603879199e-05, -0.000838696432766, 0.000410581065807, -0.00138634978794, -0.000435160152847, -0.0002198197908, 0.000521377194673, -0.0011825542897, 0.00644474988803, -0.00251178629696, 0.000185652941582, 0.000616909237579, -0.000528468808625], [-9.03223917703e-05, 0.00141903478652, -0.000790466496255, 0.00119402608834, -0.00110441783909, -0.000391675916035, -0.000931945978664, 6.3243387558e-05, -0.00251178629696, 0.00777839124203, -0.00298475776799, 0.00201707705855, -0.000202374838409], [0.000163165241247, -0.00166681688279, 0.000731737643946, -0.000896477373317, 0.00130304542836, -0.000846312905196, -0.000630973721854, -0.000702295801602, 0.000185652941582, -0.00298475776799, 0.0102817462757, -0.00390683813021, -0.000250015669735], [-0.000125270453282, 0.00100098561961, -0.00131626077928, 0.000949342676904, -0.000675239600241, 0.000272785080597, -0.000448130449513, -0.00120638438966, 0.000616909237579, 0.00201707705855, -0.00390683813021, 0.0105732912198, -0.00484252627939], [0.000308105809381, -0.000213061794057, 0.00120376283303, -0.00128184084315, -0.000561400782317, 0.000262768793618, -0.000926570675801, 0.00021978240693, -0.000528468808625, -0.000202374838409, -0.000250015669735, -0.00484252627939, 0.0124072320759]]}, "melbands": {"dmean": [0.00245124218054, 0.00238669570535, 0.00110029638745, 0.000467195728561, 0.000518275657669, 0.00053623522399, 0.000309777940856, 0.000225170253543, 0.000153434128151, 8.13400765765e-05, 6.55416151858e-05, 6.31129732938e-05, 0.000104561775515, 8.64075409481e-05, 6.15064927842e-05, 8.4172032075e-05, 5.25278992427e-05, 4.57010573882e-05, 2.7891695936e-05, 3.17412159347e-05, 3.48319226759e-05, 2.95778754662e-05, 1.59041064762e-05, 1.08094036477e-05, 8.51489403431e-06, 1.03254296846e-05, 1.07572514025e-05, 5.01141812492e-06, 4.36392610936e-06, 2.92219465337e-06, 2.75195588983e-06, 2.28415433412e-06, 2.25863914238e-06, 1.77986726158e-06, 1.92434345081e-06, 1.46478237184e-06, 1.39334781579e-06, 1.31802016767e-06, 1.24110181332e-06, 1.28902286178e-06], "dmean2": [0.00340842711739, 0.00336811528541, 0.00186951225623, 0.000779473222792, 0.000819978537038, 0.000861200678628, 0.000505636562593, 0.000359222147381, 0.000241994726821, 0.000128479208797, 0.000101513687696, 0.00010163486877, 0.000155812973389, 0.000131648805109, 9.78127500275e-05, 0.000132596906042, 8.57069608173e-05, 7.29918974685e-05, 4.57464338979e-05, 5.00861133332e-05, 5.5091768445e-05, 4.8398727813e-05, 2.45562805503e-05, 1.76500707312e-05, 1.30682419694e-05, 1.57600934472e-05, 1.61095576914e-05, 7.71095710661e-06, 7.15853184374e-06, 4.67306426799e-06, 4.28906605521e-06, 3.56878331331e-06, 3.60942703992e-06, 2.53939174399e-06, 2.63515880761e-06, 2.14911074181e-06, 2.18554009734e-06, 1.94131916942e-06, 1.8358498437e-06, 2.00481531465e-06], "dvar": [3.13915916195e-05, 4.26259393862e-05, 8.62153410708e-06, 5.86714179462e-07, 6.42110535409e-07, 6.56293650536e-07, 3.02456413692e-07, 1.50758154405e-07, 1.08208922711e-07, 3.07279250933e-08, 2.21784848264e-08, 3.14006953772e-08, 4.78180623986e-08, 2.87964301293e-08, 1.50300820678e-08, 3.80569566971e-08, 1.56046109367e-08, 9.14207465286e-09, 3.68580899135e-09, 6.80798617481e-09, 4.01848510023e-09, 3.89191212591e-09, 7.96197496822e-10, 5.05406771989e-10, 2.75617140222e-10, 2.97137980887e-10, 3.43480049958e-10, 7.91904805619e-11, 8.58488349853e-11, 4.31090683983e-11, 5.96996965752e-11, 3.06514744142e-11, 2.44477355027e-11, 1.3480723482e-11, 2.58940750786e-11, 1.28766398586e-11, 1.02876700214e-11, 9.54052201824e-12, 8.30274043961e-12, 1.0530497481e-11], "dvar2": [6.21891012997e-05, 8.37697807583e-05, 2.32253860304e-05, 1.54311919687e-06, 1.53675625825e-06, 1.7278470068e-06, 7.37915627269e-07, 3.68798964701e-07, 2.57073139664e-07, 6.64445707343e-08, 4.67577017105e-08, 7.78395872203e-08, 1.10617648375e-07, 6.41108783839e-08, 3.50813920136e-08, 8.58443343077e-08, 3.9871238755e-08, 2.2608190875e-08, 9.81194148153e-09, 1.45019098952e-08, 9.55034007433e-09, 1.09442517271e-08, 1.79911585629e-09, 1.2704024499e-09, 5.34973010335e-10, 6.51458997858e-10, 7.42614858495e-10, 1.8202819807e-10, 2.24147658767e-10, 9.74146110999e-11, 1.28331165139e-10, 6.47098208351e-11, 6.01144412027e-11, 2.59305996814e-11, 4.82668072177e-11, 2.60726128187e-11, 2.34018030648e-11, 2.04800430087e-11, 1.81213707234e-11, 2.5436628498e-11], "max": [0.0681129395962, 0.065261721611, 0.0277049709111, 0.011200947687, 0.011518754065, 0.0105494745076, 0.00930786319077, 0.00575034599751, 0.00823381636292, 0.00404467154294, 0.00315672531724, 0.0036295177415, 0.0039041028358, 0.00283939344808, 0.00162032316439, 0.00328042521141, 0.0020528556779, 0.00192182208411, 0.00176783883944, 0.00172087305691, 0.000773695181124, 0.000791362544987, 0.000641114078462, 0.000393928436097, 0.000327462563291, 0.000472289248137, 0.000347597349901, 0.000170630068169, 0.000150906547788, 8.38190026116e-05, 0.000104692830064, 0.000112277448352, 0.00010173098417, 5.25581162947e-05, 7.81184062362e-05, 4.33457680629e-05, 3.90113382309e-05, 4.64386612293e-05, 3.52064125764e-05, 4.03878148063e-05], "mean": [0.00663486961275, 0.00380261824466, 0.00127131596673, 0.000684162601829, 0.000870144285727, 0.00087203271687, 0.000417595205363, 0.000365573505405, 0.000243132162723, 0.000110722634417, 8.6426953203e-05, 7.65842050896e-05, 0.000164708559169, 0.00012871006038, 7.97212851467e-05, 0.000114756017865, 6.50774018141e-05, 6.08872760495e-05, 3.59414152626e-05, 4.3322743295e-05, 4.85058662889e-05, 4.11082291976e-05, 2.36353516812e-05, 1.50729156303e-05, 1.22439760162e-05, 1.54496756295e-05, 1.70078474184e-05, 7.67086658016e-06, 5.90913396081e-06, 4.05130640502e-06, 3.61040702046e-06, 2.97292581308e-06, 3.11856911139e-06, 2.64332106781e-06, 2.37870244746e-06, 1.88791227629e-06, 1.80119752713e-06, 1.67365203652e-06, 1.49607842559e-06, 1.4295596884e-06], "median": [0.000197833025595, 0.000767070101574, 0.000480759597849, 0.000433984183474, 0.000470221653813, 0.000538593507372, 0.000197315224796, 0.00018992315745, 9.1283916845e-05, 4.38336428488e-05, 2.61407767539e-05, 2.18406185013e-05, 5.14361854584e-05, 3.96096329496e-05, 2.17845845327e-05, 3.42967505276e-05, 1.99029545911e-05, 1.91445014934e-05, 1.2866709767e-05, 1.45688391058e-05, 1.85239860002e-05, 1.49790330397e-05, 8.05099534773e-06, 4.75223441754e-06, 4.46877902505e-06, 6.11662107985e-06, 5.75022886551e-06, 2.87163743451e-06, 1.57893884989e-06, 8.71004601777e-07, 4.70495933769e-07, 3.14609735597e-07, 5.52400763354e-07, 4.27790837421e-07, 2.49933776786e-07, 2.0775694054e-07, 2.06397530178e-07, 1.95513550239e-07, 1.35536993184e-07, 1.21590744584e-07], "min": [4.95080426647e-24, 6.77715294613e-24, 2.515595188e-24, 1.97626341166e-24, 2.43628942348e-24, 1.1007438483e-23, 3.51200283359e-24, 6.02441122075e-24, 4.44977898404e-24, 7.79585873128e-24, 4.72728762872e-24, 5.49557267495e-24, 1.18894117963e-23, 6.07534639167e-24, 1.39803286464e-23, 1.35487807105e-23, 7.31191623175e-24, 6.33432429926e-24, 5.41107028921e-24, 6.69720189339e-24, 7.77148529589e-24, 1.00485685864e-23, 1.03050667097e-23, 6.91353831917e-24, 5.1001573295e-24, 4.79756882449e-24, 7.45847554389e-24, 6.47928616807e-24, 1.22719217718e-23, 9.74570279679e-24, 6.27546896485e-24, 9.5742730669e-24, 1.04197094985e-23, 5.59391641413e-24, 8.36060346447e-24, 8.16940409142e-24, 8.7364554539e-24, 7.8719380547e-24, 1.17003242039e-23, 1.00825227375e-23], "var": [0.000102381054603, 6.61795347696e-05, 6.90832121109e-06, 7.09334358362e-07, 1.34026129217e-06, 1.04019170521e-06, 3.95237833573e-07, 2.48777865863e-07, 2.04134124715e-07, 5.02140373726e-08, 3.78456412875e-08, 3.52655966651e-08, 7.98157060444e-08, 4.82458126783e-08, 2.28923902057e-08, 5.44853016038e-08, 1.64881868159e-08, 1.25491848024e-08, 4.06936351283e-09, 8.90278784027e-09, 6.19701845395e-09, 5.21728482639e-09, 1.58130852856e-09, 8.70747696169e-10, 4.66221561357e-10, 5.57342061391e-10, 7.79227904424e-10, 1.51569867768e-10, 1.27162086416e-10, 7.54134532599e-11, 9.45160338883e-11, 5.39408830103e-11, 3.78557393765e-11, 2.79743485321e-11, 4.17383974605e-11, 2.13987837866e-11, 1.70978023406e-11, 1.62080626698e-11, 1.26301824901e-11, 1.30713937938e-11]}, "mfcc": {"mean": [-656.825805664, 132.683837891, -6.30405044556, 21.1252479553, 4.34891605377, -3.36854958534, -4.40673542023, -5.876039505, -11.6556062698, -3.08448052406, -5.12408590317, 0.311231344938, 6.46251964569], "cov": [[10490.1298828, -308.863037109, -21.8541183472, 401.949005127, 322.637634277, 363.616485596, 183.152923584, 210.454299927, 180.827194214, 239.253112793, 117.116516113, 86.3324508667, 132.526473999], [-308.863037109, 2724.17333984, -374.561584473, 106.528503418, 175.786087036, 46.7384376526, 188.593795776, 219.337234497, 8.95250701904, 57.0582084656, 93.4149780273, 158.391448975, 184.595809937], [-21.8541183472, -374.561584473, 1880.74182129, 153.131958008, 138.846221924, 283.993530273, 321.4609375, 270.889923096, 151.843994141, 98.8051605225, 175.340545654, 207.274856567, 195.355819702], [401.949005127, 106.528503418, 153.131958008, 613.108764648, 200.988739014, 101.905517578, 51.2857055664, 174.097412109, 127.48412323, 96.0973434448, 61.65209198, 89.6805114746, 105.095230103], [322.637634277, 175.786087036, 138.846221924, 200.988739014, 488.112213135, 141.187042236, 92.6619796753, 139.662704468, 149.051452637, 147.696685791, 122.258384705, 66.8168182373, 64.769317627], [363.616485596, 46.7384376526, 283.993530273, 101.905517578, 141.187042236, 356.159393311, 165.338943481, 105.763412476, 131.477981567, 113.160247803, 120.733451843, 110.767539978, 62.0965461731], [183.152923584, 188.593795776, 321.4609375, 51.2857055664, 92.6619796753, 165.338943481, 389.136993408, 183.172531128, 112.068649292, 79.963218689, 99.0939254761, 108.48160553, 115.700401306], [210.454299927, 219.337234497, 270.889923096, 174.097412109, 139.662704468, 105.763412476, 183.172531128, 353.706298828, 113.214035034, 67.7275314331, 62.1701660156, 103.297058105, 146.38218689], [180.827194214, 8.95250701904, 151.843994141, 127.48412323, 149.051452637, 131.477981567, 112.068649292, 113.214035034, 243.910934448, 117.313110352, 94.0655975342, 77.172996521, 31.9094333649], [239.253112793, 57.0582084656, 98.8051605225, 96.0973434448, 147.696685791, 113.160247803, 79.963218689, 67.7275314331, 117.313110352, 258.876037598, 136.978103638, 60.704158783, 45.7180252075], [117.116516113, 93.4149780273, 175.340545654, 61.65209198, 122.258384705, 120.733451843, 99.0939254761, 62.1701660156, 94.0655975342, 136.978103638, 220.915252686, 110.169013977, 32.831867218], [86.3324508667, 158.391448975, 207.274856567, 89.6805114746, 66.8168182373, 110.767539978, 108.48160553, 103.297058105, 77.172996521, 60.704158783, 110.169013977, 181.04347229, 99.2776794434], [132.526473999, 184.595809937, 195.355819702, 105.095230103, 64.769317627, 62.0965461731, 115.700401306, 146.38218689, 31.9094333649, 45.7180252075, 32.831867218, 99.2776794434, 205.749206543]], "icov": [[0.000103677710285, 2.70005875791e-05, 3.46547931258e-05, -4.39775685663e-05, -2.66336446657e-05, -9.68718304648e-05, -2.19628418563e-05, -2.48865690082e-05, 2.87360671791e-05, -4.64877994091e-05, 1.43102524817e-05, 2.26865413424e-05, -4.11259497923e-05], [2.70005875791e-05, 0.00047396554146, 0.000210934507777, 6.82318932377e-06, -0.000148967155837, 2.24856576096e-05, -0.00018902219017, -0.000201358023332, 0.000244168011704, 3.18078928103e-05, -9.45332431002e-05, -0.000337605568347, -0.000223681941861], [3.46547931258e-05, 0.000210934507777, 0.00079457211541, -1.1273097698e-05, -1.56332098413e-05, -0.000294451252557, -0.000313155789627, -0.000272317003692, 8.47973569762e-05, 0.000177917783731, -0.000293684250209, -0.000296178535791, -0.000359525292879], [-4.39775685663e-05, 6.82318932377e-06, -1.1273097698e-05, 0.00224663224071, -0.000516832165886, -7.48038801248e-05, 0.000590285344515, -0.000653609633446, -0.000571739568841, -0.000179125592695, 0.000288943119813, -0.000421244971221, -0.000510680372827], [-2.66336446657e-05, -0.000148967155837, -1.56332098413e-05, -0.000516832165886, 0.00313803809695, -0.000425744015956, 0.000258212501649, -0.000462828000309, -0.0009097441216, -0.000567564857192, -0.000939293648116, 0.000930499227252, -0.000277520070085], [-9.68718304648e-05, 2.24856576096e-05, -0.000294451252557, -7.48038801248e-05, -0.000425744015956, 0.00466413935646, -0.00102984905243, 0.000259612541413, -0.000870991323609, -0.000504459254444, -0.000361676880857, -0.00129021669272, 0.000408220716054], [-2.19628418563e-05, -0.00018902219017, -0.000313155789627, 0.000590285344515, 0.000258212501649, -0.00102984905243, 0.00450641475618, -0.00126871746033, -0.000870973861311, 0.000115634131362, -0.000675865856465, 0.000129683190607, -0.00106773443986], [-2.48865690082e-05, -0.000201358023332, -0.000272317003692, -0.000653609633446, -0.000462828000309, 0.000259612541413, -0.00126871746033, 0.00548272579908, -0.00124651496299, 0.000314344972139, 0.00035748371738, -0.000111982379167, -0.00221037794836], [2.87360671791e-05, 0.000244168011704, 8.47973569762e-05, -0.000571739568841, -0.0009097441216, -0.000870991323609, -0.000870973861311, -0.00124651496299, 0.00738501735032, -0.00182069593575, 0.000226788353757, -0.001673492603, 0.0019303644076], [-4.64877994091e-05, 3.18078928103e-05, 0.000177917783731, -0.000179125592695, -0.000567564857192, -0.000504459254444, 0.000115634131362, 0.000314344972139, -0.00182069593575, 0.00706655206159, -0.00389240053482, 0.00177896814421, -0.00155888183508], [1.43102524817e-05, -9.45332431002e-05, -0.000293684250209, 0.000288943119813, -0.000939293648116, -0.000361676880857, -0.000675865856465, 0.00035748371738, 0.000226788353757, -0.00389240053482, 0.0102559234947, -0.00538003165275, 0.00252655870281], [2.26865413424e-05, -0.000337605568347, -0.000296178535791, -0.000421244971221, 0.000930499227252, -0.00129021669272, 0.000129683190607, -0.000111982379167, -0.001673492603, 0.00177896814421, -0.00538003165275, 0.0126400040463, -0.00448838388547], [-4.11259497923e-05, -0.000223681941861, -0.000359525292879, -0.000510680372827, -0.000277520070085, 0.000408220716054, -0.00106773443986, -0.00221037794836, 0.0019303644076, -0.00155888183508, 0.00252655870281, -0.00448838388547, 0.00963642261922]]}, "spectral_contrast_coeffs": {"dmean": [0.0578948147595, 0.0556831136346, 0.0443505719304, 0.0366570241749, 0.0316196195781, 0.0249577332288], "dmean2": [0.0908486396074, 0.0894243344665, 0.069684587419, 0.0568866655231, 0.0489846579731, 0.0379714146256], "dvar": [0.00236964225769, 0.00206948118284, 0.00130802590866, 0.000932833412662, 0.000825946044642, 0.000535722007044], "dvar2": [0.00561923207715, 0.00514577981085, 0.00311160064302, 0.00210250983946, 0.00182273739483, 0.00117844436318], "max": [-0.225195124745, -0.376145422459, -0.4216157794, -0.525740265846, -0.531346976757, -0.536337852478], "mean": [-0.575400590897, -0.675388991833, -0.76461404562, -0.774759232998, -0.775100052357, -0.772407114506], "median": [-0.584649562836, -0.680949807167, -0.775645017624, -0.782246649265, -0.783644676208, -0.781286656857], "min": [-0.972901105881, -0.977260708809, -0.975995063782, -0.95946419239, -0.960704624653, -0.961046814919], "var": [0.0160212758929, 0.00709166610613, 0.00528467120603, 0.00374795566313, 0.00300458166748, 0.00331696378998]}, "spectral_contrast_valleys": {"dmean": [0.538887679577, 0.464025199413, 0.447105288506, 0.42042773962, 0.399345248938, 0.493464678526], "dmean2": [0.838025510311, 0.735858023167, 0.682479858398, 0.6214158535, 0.56666713953, 0.648797154427], "dvar": [0.27794110775, 0.187329620123, 0.17474630475, 0.188486561179, 0.211004987359, 0.311276197433], "dvar2": [0.570104897022, 0.417664140463, 0.360707908869, 0.355454146862, 0.371796905994, 0.49441832304], "max": [-5.03469753265, -4.70003557205, -4.98452711105, -5.40958929062,