{"lowlevel": {"average_loudness": 0.977569758892, "barkbands_crest": {"dmean": 2.89603757858, "dmean2": 4.90114450455, "dvar": 17.9341316223, "dvar2": 45.2491950989, "max": 26.3799476624, "mean": 8.31900787354, "median": 6.23735427856, "min": 2.23199176788, "var": 30.4408054352}, "barkbands_flatness_db": {"dmean": 0.026099909097, "dmean2": 0.0446196459234, "dvar": 0.00147664546967, "dvar2": 0.00387662905268, "max": 0.592791199684, "mean": 0.103607729077, "median": 0.0883669257164, "min": 0.0328746289015, "var": 0.00344479084015}, "barkbands_kurtosis": {"dmean": 10.4524974823, "dmean2": 18.5696086884, "dvar": 4761.06738281, "dvar2": 12868.3574219, "max": 1682.30029297, "mean": 9.32998752594, "median": -0.255259513855, "min": -1.63675844669, "var": 5809.39990234}, "barkbands_skewness": {"dmean": 0.796274185181, "dmean2": 1.34194731712, "dvar": 3.19152522087, "dvar2": 8.04755020142, "max": 30.9626178741, "mean": 1.49140810966, "median": 0.933519005775, "min": -1.88731765747, "var": 5.126496315}, "barkbands_spread": {"dmean": 5.87552785873, "dmean2": 9.69809150696, "dvar": 56.3829803467, "dvar2": 141.667633057, "max": 60.5210914612, "mean": 31.1103363037, "median": 32.6679458618, "min": 0.061087641865, "var": 121.527305603}, "dissonance": {"dmean": 0.0114156212658, "dmean2": 0.0191875044256, "dvar": 0.000161277639563, "dvar2": 0.000418285548221, "max": 0.500000059605, "mean": 0.476756185293, "median": 0.480255305767, "min": 0.320851564407, "var": 0.000269749783911}, "dynamic_complexity": 2.91936182976, "erbbands_crest": {"dmean": 1.69781816006, "dmean2": 2.71577358246, "dvar": 2.49248886108, "dvar2": 5.89620447159, "max": 22.8822364807, "mean": 7.05062532425, "median": 6.65127277374, "min": 2.70675301552, "var": 6.58648014069}, "erbbands_flatness_db": {"dmean": 0.0109786530957, "dmean2": 0.0165371112525, "dvar": 0.000142327306094, "dvar2": 0.000318289821735, "max": 0.333506643772, "mean": 0.125993192196, "median": 0.124862715602, "min": 0.062836162746, "var": 0.000644426152576}, "erbbands_kurtosis": {"dmean": 0.532172262669, "dmean2": 0.875389873981, "dvar": 7.50179386139, "dvar2": 20.6934642792, "max": 117.665283203, "mean": -0.212138697505, "median": -0.523511052132, "min": -1.80790877342, "var": 12.0738534927}, "erbbands_skewness": {"dmean": 0.236943230033, "dmean2": 0.364607423544, "dvar": 0.106826335192, "dvar2": 0.236168056726, "max": 9.75813961029, "mean": -0.13324432075, "median": -0.164352729917, "min": -1.5135256052, "var": 0.401659756899}, "erbbands_spread": {"dmean": 6.96504163742, "dmean2": 10.8079967499, "dvar": 90.5653381348, "dvar2": 220.402267456, "max": 159.158538818, "mean": 44.7652168274, "median": 42.7035675049, "min": 3.05789995193, "var": 217.542297363}, "hfc": {"dmean": 8.76602649689, "dmean2": 14.5259227753, "dvar": 269.295898438, "dvar2": 744.633300781, "max": 140.916809082, "mean": 27.2416648865, "median": 25.0755348206, "min": 1.40141310015e-11, "var": 347.781341553}, "melbands_crest": {"dmean": 2.84017086029, "dmean2": 4.6592464447, "dvar": 12.2625751495, "dvar2": 23.9782905579, "max": 29.5820999146, "mean": 12.0041675568, "median": 10.3955602646, "min": 2.36555838585, "var": 27.8678092957}, "melbands_flatness_db": {"dmean": 0.0327552743256, "dmean2": 0.0550589226186, "dvar": 0.00233146408573, "dvar2": 0.00551290856674, "max": 0.727420568466, "mean": 0.162940621376, "median": 0.14348590374, "min": 0.014880833216, "var": 0.00583064137027}, "melbands_kurtosis": {"dmean": 14.9027996063, "dmean2": 25.7104740143, "dvar": 1664.33300781, "dvar2": 4195.36914062, "max": 486.652954102, "mean": 17.5389633179, "median": 4.66182231903, "min": -1.34574103355, "var": 2316.19946289}, "melbands_skewness": {"dmean": 1.02670514584, "dmean2": 1.70651865005, "dvar": 3.34894347191, "dvar2": 8.03685665131, "max": 19.1673564911, "mean": 2.79285645485, "median": 2.11569643021, "min": 0.0423250831664, "var": 5.60967111588}, "melbands_spread": {"dmean": 8.12569332123, "dmean2": 13.0393028259, "dvar": 101.765571594, "dvar2": 214.156921387, "max": 171.082550049, "mean": 32.8439941406, "median": 33.8362770081, "min": 0.260702013969, "var": 259.258972168}, "pitch_salience": {"dmean": 0.087797768414, "dmean2": 0.152247264981, "dvar": 0.0120692392811, "dvar2": 0.0334747545421, "max": 0.94502556324, "mean": 0.5119150877, "median": 0.53390455246, "min": 0.0572607256472, "var": 0.0166785009205}, "silence_rate_20dB": {"dmean": 0, "dmean2": 0, "dvar": 0, "dvar2": 0, "max": 1, "mean": 1, "median": 1, "min": 1, "var": 0}, "silence_rate_30dB": {"dmean": 0.0350069105625, "dmean2": 0.070046082139, "dvar": 0.0337818711996, "dvar2": 0.100165434182, "max": 1, "mean": 0.982504606247, "median": 1, "min": 0, "var": 0.0171887669712}, "silence_rate_60dB": {"dmean": 0.00460617244244, "dmean2": 0.00875576026738, "dvar": 0.00458473479375, "dvar2": 0.0105220722035, "max": 1, "mean": 0.0488029457629, "median": 0, "min": 0, "var": 0.0464217253029}, "spectral_centroid": {"dmean": 253.093734741, "dmean2": 393.646911621, "dvar": 88327.21875, "dvar2": 209448.640625, "max": 4286.11523438, "mean": 1904.82275391, "median": 1969.63208008, "min": 82.3011322021, "var": 257096.984375}, "spectral_complexity": {"dmean": 4.62828207016, "dmean2": 7.63548374176, "dvar": 32.3753242493, "dvar2": 74.497833252, "max": 50, "mean": 24.9728355408, "median": 26, "min": 0, "var": 114.714149475}, "spectral_decrease": {"dmean": 3.98885102726e-09, "dmean2": 6.53365006542e-09, "dvar": 6.70420555877e-17, "dvar2": 1.64721451696e-16, "max": -1.72081705716e-27, "mean": -7.31734983717e-09, "median": -5.90629900543e-09, "min": -4.88358011808e-08, "var": 5.78625941022e-17}, "spectral_energy": {"dmean": 0.0155825130641, "dmean2": 0.0254484526813, "dvar": 0.00100731092971, "dvar2": 0.0024732996244, "max": 0.191454052925, "mean": 0.0300882700831, "median": 0.0248435251415, "min": 1.27113027373e-15, "var": 0.000881653337274}, "spectral_energyband_high": {"dmean": 0.000613470969256, "dmean2": 0.00104522053152, "dvar": 1.26302302306e-06, "dvar2": 3.54635494659e-06, "max": 0.00955910701305, "mean": 0.00144897296559, "median": 0.0011445004493, "min": 8.92248942407e-16, "var": 1.53053792928e-06}, "spectral_energyband_low": {"dmean": 0.0126854674891, "dmean2": 0.0216006934643, "dvar": 0.000868774135597, "dvar2": 0.0021690481808, "max": 0.164652749896, "mean": 0.0124067440629, "median": 0.00484552141279, "min": 3.75201383444e-17, "var": 0.000675787799992}, "spectral_energyband_middle_high": {"dmean": 0.00231268559583, "dmean2": 0.00376460561529, "dvar": 1.47858245327e-05, "dvar2": 4.03187877964e-05, "max": 0.0367842018604, "mean": 0.00713544525206, "median": 0.00616035470739, "min": 1.38573319621e-16, "var": 2.70075252047e-05}, "spectral_energyband_middle_low": {"dmean": 0.00378484651446, "dmean2": 0.00625600107014, "dvar": 5.70417359995e-05, "dvar2": 0.000154496723553, "max": 0.0700073763728, "mean": 0.0102437064052, "median": 0.00981603004038, "min": 3.96808896143e-17, "var": 6.41086153337e-05}, "spectral_entropy": {"dmean": 0.132786884904, "dmean2": 0.208387091756, "dvar": 0.0287999715656, "dvar2": 0.0673647448421, "max": 9.19097423553, "mean": 7.73229217529, "median": 7.7615571022, "min": 4.66679239273, "var": 0.0958472117782}, "spectral_flux": {"dmean": 0.0381758473814, "dmean2": 0.0555211976171, "dvar": 0.00351104559377, "dvar2": 0.00606418214738, "max": 0.384516239166, "mean": 0.0877856239676, "median": 0.0570893958211, "min": 8.83344000613e-06, "var": 0.00624789576977}, "spectral_kurtosis": {"dmean": 0.827869057655, "dmean2": 1.44333231449, "dvar": 1.45783364773, "dvar2": 4.04534387589, "max": 21.81590271, "mean": 3.33035850525, "median": 3.15055036545, "min": -0.0479156970978, "var": 2.4677298069}, "spectral_rms": {"dmean": 0.00110940018203, "dmean2": 0.00170972640626, "dvar": 3.37000255968e-06, "dvar2": 7.32790113034e-06, "max": 0.0136669101194, "mean": 0.00495904777199, "median": 0.00492316810414, "min": 1.11360987098e-09, "var": 4.76226568935e-06}, "spectral_rolloff": {"dmean": 545.99798584, "dmean2": 904.435546875, "dvar": 574770.5, "dvar2": 1041155.75, "max": 19143.0175781, "mean": 2086.62084961, "median": 2067.1875, "min": 64.599609375, "var": 1490720.375}, "spectral_skewness": {"dmean": 0.133992061019, "dmean2": 0.221875146031, "dvar": 0.0291588958353, "dvar2": 0.0759117901325, "max": 3.69012331963, "mean": 1.25663864613, "median": 1.24129533768, "min": 0.363700807095, "var": 0.0673815608025}, "spectral_spread": {"dmean": 341418, "dmean2": 528229.625, "dvar": 182705520640, "dvar2": 392402632704, "max": 18324456, "mean": 4791168, "median": 4743140.5, "min": 2397806, "var": 844771819520}, "spectral_strongpeak": {"dmean": 0.528787136078, "dmean2": 0.951626300812, "dvar": 0.76053160429, "dvar2": 2.06639003754, "max": 7.97014379501, "mean": 0.840187132359, "median": 0.381530433893, "min": 0, "var": 1.08836174011}, "zerocrossingrate": {"dmean": 0.0107071017846, "dmean2": 0.013561617583, "dvar": 0.000126006430946, "dvar2": 0.000174840199179, "max": 0.50048828125, "mean": 0.0785157158971, "median": 0.0810546875, "min": 0.00244140625, "var": 0.000868727976922}, "barkbands": {"dmean": [7.29079474695e-05, 0.00880779884756, 0.00457936571911, 0.00117657065857, 0.00108969886787, 0.000796663283836, 0.000611569092143, 0.000775358057581, 0.000687538762577, 0.000371084606741, 0.000615966157056, 0.000401592260459, 0.000326251349179, 0.000430007115938, 0.000330972427037, 0.000145061145304, 0.000355869560735, 0.000320552644553, 0.000328814436216, 0.000205518386792, 0.000261701934505, 0.000148550607264, 0.000122362544062, 5.3554384067e-05, 4.59364782728e-05, 1.97739318537e-05, 7.88177567301e-06], "dmean2": [0.000121363678772, 0.0153352431953, 0.00856974720955, 0.00210899161175, 0.00175866205245, 0.00120070273988, 0.00103591987863, 0.00132309179753, 0.000981593504548, 0.000591593736317, 0.000919377547689, 0.000720232375897, 0.000548181706108, 0.000696708448231, 0.000522614223883, 0.000250252633123, 0.000597224687226, 0.000491658691317, 0.000527933996636, 0.00033698164043, 0.000410547334468, 0.000261542154476, 0.000222148606554, 9.73453352344e-05, 7.61412229622e-05, 3.33143470925e-05, 1.3848945855e-05], "dvar": [4.28005009212e-08, 0.000416641414631, 0.000162503303727, 4.24878544436e-06, 3.56001646651e-06, 2.49837512456e-06, 2.37509789258e-06, 6.04708975516e-06, 1.0357082374e-06, 4.31270962054e-07, 1.10247276552e-06, 6.51786137951e-07, 3.52743626308e-07, 4.71674411529e-07, 2.07884227166e-07, 7.84230493878e-08, 3.61283355232e-07, 2.04264210879e-07, 1.7393813323e-07, 8.609318769e-08, 1.27878635681e-07, 7.49079873685e-08, 6.15232025325e-08, 1.35845548144e-08, 7.43705852457e-09, 8.12771905334e-10, 2.03671579602e-10], "dvar2": [1.10427031075e-07, 0.00104630319402, 0.000465410033939, 1.19224250739e-05, 9.20599995879e-06, 6.14378950559e-06, 6.7113123805e-06, 1.63399126905e-05, 1.89687727925e-06, 9.68261929302e-07, 2.35589754993e-06, 1.87114039818e-06, 9.78210437097e-07, 1.26038821691e-06, 4.9447606898e-07, 2.22849692477e-07, 9.87544240161e-07, 4.19748516833e-07, 4.20804269652e-07, 2.14213827121e-07, 2.94913263588e-07, 2.12709252878e-07, 1.75755388909e-07, 3.900250789e-08, 2.18206928082e-08, 2.05593919667e-09, 5.76400760455e-10], "max": [0.00245889602229, 0.100732952356, 0.0792681500316, 0.0241739302874, 0.0188317373395, 0.0168745368719, 0.0138352867216, 0.025885719806, 0.0141342161223, 0.00754209654406, 0.0145058212802, 0.00604068581015, 0.00599269429222, 0.00718932645395, 0.00484625529498, 0.00340298120864, 0.00484183337539, 0.00594046665356, 0.00390077987686, 0.00249245762825, 0.00433054054156, 0.00229881936684, 0.00202976097353, 0.000860269647092, 0.00089408486383, 0.000226311691222, 0.000185163589776], "mean": [6.5274994995e-05, 0.00702614989132, 0.00421855272725, 0.0024337368086, 0.00285086524673, 0.0014010288287, 0.000853389559779, 0.000905761204194, 0.00171320023946, 0.000748742138967, 0.00111881911289, 0.000421056407504, 0.000570400094148, 0.000782960269134, 0.000734545465093, 0.000294270430459, 0.000648534623906, 0.000811814214103, 0.000753884552978, 0.000458086753497, 0.000616750272457, 0.000244675640715, 0.000192894003703, 8.69221257744e-05, 9.01727980818e-05, 3.51681665052e-05, 1.06269135358e-05], "median": [1.94522272068e-06, 0.0010899520712, 0.00207425560802, 0.00227561360225, 0.00256332429126, 0.000585409346968, 0.00049090036191, 6.11331051914e-05, 0.000823993235826, 0.000280796870356, 0.000517781300005, 0.00018921282026, 0.000260005530436, 0.000408677675296, 0.000416369293816, 0.000209490550333, 0.000436956994236, 0.000496386899613, 0.000546358467545, 0.000332413474098, 0.000450642226497, 0.000194463587832, 0.000127935345517, 5.42118068552e-05, 7.15200148989e-05, 1.84552573046e-05, 6.32264982414e-06], "min": [1.33167252604e-17, 1.79692050972e-17, 9.2821758109e-18, 6.62515298296e-18, 6.6021375096e-18, 1.87437844675e-18, 6.53421853668e-18, 9.63072904152e-18, 7.64384617325e-18, 2.95264766629e-18, 8.29008764425e-18, 2.00905924962e-17, 2.98557342513e-17, 1.25375707542e-17, 6.87699225636e-18, 4.64830009321e-18, 1.39113531427e-17, 2.34776489504e-17, 7.84364503276e-18, 1.73850236789e-17, 4.71104240442e-17, 7.54448937397e-17, 1.04992076388e-16, 1.32409924085e-16, 6.55283812412e-17, 2.58719913931e-16, 2.11064027139e-16], "var": [3.74986655061e-08, 0.000319547834806, 9.3094931799e-05, 4.05757009503e-06, 5.63257117392e-06, 4.10212896895e-06, 1.74819149379e-06, 7.4152144407e-06, 3.91594358007e-06, 1.47997786826e-06, 2.69471024694e-06, 4.83391318085e-07, 6.82088511894e-07, 9.99977032734e-07, 7.10082304067e-07, 1.03681045971e-07, 4.78654328617e-07, 7.58844237225e-07, 5.32463104719e-07, 1.87205287716e-07, 3.51615739191e-07, 6.1817381436e-08, 5.21895735517e-08, 1.25447154886e-08, 9.0281915277e-09, 1.53010248916e-09, 2.04689348804e-10]}, "erbbands": {"dmean": [0.148399114609, 2.34347701073, 5.42323446274, 4.81453227997, 3.50468230247, 4.15634012222, 3.40954446793, 7.61907577515, 9.76369571686, 10.5474557877, 15.2777643204, 16.8068599701, 8.89546775818, 14.2469558716, 21.8289527893, 16.5257205963, 15.1098747253, 17.0658130646, 22.8104763031, 9.68269443512, 10.0385522842, 19.8440170288, 15.4933805466, 16.4682807922, 14.1446428299, 9.91022205353, 10.6392192841, 9.72096252441, 5.45241260529, 4.33236169815, 3.2026181221, 1.79087007046, 0.426902920008, 0.357647240162, 0.486000329256, 0.102381065488, 0.0365374200046, 0.00824717711657, 0.00136049697176, 8.65215915837e-05], "dmean2": [0.247941225767, 4.13688468933, 9.94112586975, 8.82731723785, 5.55941009521, 6.88353061676, 5.14207792282, 11.8020401001, 16.6996765137, 18.9265136719, 24.1078548431, 23.7967720032, 14.0936079025, 21.6577701569, 33.45262146, 29.6454944611, 25.2228870392, 29.0554294586, 35.0015411377, 15.7378978729, 16.8807296753, 33.7228279114, 23.6662139893, 25.8402557373, 22.8067817688, 15.9522829056, 15.9475660324, 16.6903400421, 9.51903533936, 7.78784656525, 5.90756607056, 3.30267119408, 0.722911655903, 0.595916867256, 0.805303454399, 0.17210970819, 0.0627078786492, 0.0141520677134, 0.00240827025846, 0.000144245103002], "dvar": [0.109547533095, 30.4824314117, 211.944152832, 116.84828186, 25.6223487854, 76.7714691162, 36.1133003235, 254.165359497, 711.27557373, 1179.8145752, 1591.54003906, 644.931030273, 261.740753174, 441.545471191, 1321.93151855, 1194.78039551, 799.486694336, 1092.71264648, 998.200683594, 182.590209961, 315.014984131, 1173.20605469, 478.333068848, 444.750091553, 351.391723633, 177.97479248, 234.606369019, 238.657867432, 106.094665527, 83.5980606079, 47.3625068665, 17.272195816, 0.445505201817, 0.363268792629, 0.9430347085, 0.0216607861221, 0.00294843944721, 0.000186608289368, 5.89070623391e-06, 3.36829657499e-08], "dvar2": [0.256601512432, 78.175819397, 590.865783691, 333.63394165, 60.3097229004, 212.302612305, 84.1521835327, 657.753417969, 2024.92675781, 3378.25341797, 3751.96923828, 1081.37316895, 587.616577148, 993.183898926, 2861.65161133, 3444.31811523, 2181.66625977, 3238.37890625, 2362.69555664, 496.758056641, 863.878356934, 3226.64331055, 1013.49438477, 997.543212891, 815.943786621, 425.794830322, 434.51083374, 645.813476562, 301.255340576, 238.63482666, 136.975448608, 49.6850242615, 1.18559706211, 1.02663266659, 2.77267479897, 0.0566286407411, 0.00769689446315, 0.000510010169819, 1.71363699337e-05, 9.21391247743e-08], "max": [1.73660671711, 27.8347415924, 84.9477996826, 74.6086807251, 65.845123291, 81.1728744507, 67.8902511597, 170.336410522, 275.302062988, 384.745361328, 397.291290283, 399.863983154, 221.416351318, 233.121490479, 461.371643066, 292.95980835, 304.598724365, 370.857147217, 386.448242188, 152.909286499, 223.047897339, 322.472106934, 329.08605957, 205.34236145, 217.042388916, 130.830291748, 238.202163696, 125.119392395, 88.9852981567, 72.8149337769, 51.8286895752, 29.3086738586, 15.5365915298, 9.25936317444, 10.8682403564, 1.22622179985, 0.507536768913, 0.125994428992, 0.0306052230299, 0.00237390608527], "mean": [0.135162234306, 1.82933318615, 4.79626893997, 6.69309139252, 10.1387081146, 9.11629390717, 7.22060394287, 13.1709852219, 13.2007255554, 11.1233253479, 27.1173267365, 42.9923782349, 20.3947601318, 32.3848800659, 39.08228302, 19.3652915955, 27.6821537018, 29.9160289764, 52.2498321533, 21.8721370697, 20.5666999817, 35.2228164673, 38.686630249, 43.4658241272, 36.4831504822, 23.0949172974, 25.9690189362, 18.8833732605, 9.19759654999, 6.69595766068, 4.62700557709, 2.45592927933, 1.0992153883, 0.77392822504, 0.836953401566, 0.186054453254, 0.0614107102156, 0.0134952422231, 0.00182548363227, 0.000135135662276], "median": [0.0187843292952, 0.300617545843, 2.16086435318, 4.97029447556, 9.16400909424, 6.98929452896, 4.12368106842, 5.43940830231, 6.77508735657, 4.54338502884, 4.11670303345, 19.1186256409, 9.3226890564, 18.8298339844, 20.4530754089, 10.4248514175, 13.1051454544, 17.3188209534, 28.0255661011, 14.8849887848, 15.9141120911, 22.0225162506, 24.8989601135, 32.6691055298, 28.0752830505, 17.0555953979, 16.9378700256, 15.1844100952, 7.22326469421, 4.96960353851, 2.87093305588, 1.33323776722, 0.791920304298, 0.537089765072, 0.677477061749, 0.109238006175, 0.0322545841336, 0.007503869012, 0.00106866960414, 9.47652661125e-05], "min": [6.89801768206e-16, 3.4982920237e-15, 9.97577891739e-15, 1.83182648602e-14, 2.36816334365e-14, 2.09259726788e-14, 1.28118010789e-14, 1.85580531113e-14, 6.58445872695e-14, 1.5450423059e-13, 2.19389813933e-13, 1.79914378751e-13, 9.56532555528e-14, 1.72549501814e-13, 4.65104300559e-13, 8.96004733082e-13, 1.33553617384e-12, 9.29261442101e-13, 3.11880837996e-13, 3.46005477958e-13, 4.25359373375e-13, 7.88076038889e-13, 1.24361686313e-12, 7.63204766312e-13, 4.12987976066e-13, 7.85630132998e-13, 1.4805642606e-12, 2.0841373332e-12, 2.63012832e-12, 2.51019214095e-12, 3.55992730953e-12, 2.85021832525e-12, 2.09993199045e-12, 9.00770397941e-13, 4.13043920898e-13, 5.99780750239e-13, 5.72080794195e-13, 1.92800514594e-13, 2.9931959011e-14, 2.71962098803e-15], "var": [0.0975316613913, 22.2572345734, 129.023025513, 73.7256317139, 66.4392700195, 88.1163101196, 72.8868179321, 365.919647217, 506.547607422, 711.717529297, 4247.01660156, 2613.63720703, 996.764953613, 1550.96887207, 2773.09155273, 873.881713867, 1606.56945801, 1284.81018066, 4069.29370117, 469.804504395, 417.436248779, 1609.22436523, 1559.23693848, 1506.29260254, 1158.94567871, 450.26940918, 833.499389648, 302.684783936, 87.4757537842, 60.8934898376, 36.2219085693, 12.8472862244, 1.4817456007, 0.739085376263, 0.938182115555, 0.0385833829641, 0.00481873285025, 0.000259183754679, 5.77870059715e-06, 3.14548493918e-08]}, "gfcc": {"mean": [24.6177024841, 67.3457794189, -116.815956116, 40.3162765503, -48.9949302673, 9.97018241882, -28.0395812988, 5.5621805191, -29.5464935303, -0.641744911671, -21.0842914581, -1.72961318493, -13.5779848099], "cov": [[12563.3154297, -290.374389648, -645.533630371, 236.81350708, -193.636947632, -90.5738754272, -235.110397339, -70.5079116821, -510.964874268, -232.14692688, -638.965209961, -361.130981445, -243.788085938], [-290.374389648, 666.737243652, -65.9708480835, 183.172225952, 112.1612854, 13.5547590256, 133.864364624, -56.1322212219, 106.598297119, -21.0748634338, 88.4806289673, -0.228591069579, 100.749801636], [-645.533630371, -65.9708480835, 377.187347412, 65.8257522583, 108.759513855, 105.377723694, 38.7767868042, 78.0142745972, 79.7023391724, 65.1246337891, 53.6126098633, 66.0034332275, -2.8789627552], [236.81350708, 183.172225952, 65.8257522583, 287.557006836, 119.333595276, 59.0371322632, 67.2118911743, 26.8820133209, 31.7989616394, -34.8881874084, 31.0377559662, 11.4446115494, 39.1562194824], [-193.636947632, 112.1612854, 108.759513855, 119.333595276, 252.363891602, 116.645050049, 134.535751343, 35.9405059814, 60.537361145, 21.6688709259, 30.2571220398, 38.0464172363, 41.8074035645], [-90.5738754272, 13.5547590256, 105.377723694, 59.0371322632, 116.645050049, 217.873336792, 111.999702454, 53.6809959412, 82.8991928101, 53.1986198425, 41.9984703064, 31.1004905701, 47.629070282], [-235.110397339, 133.864364624, 38.7767868042, 67.2118911743, 134.535751343, 111.999702454, 178.027328491, 45.1675071716, 73.5731277466, 7.53377485275, 30.9835071564, 7.52346563339, 54.6335754395], [-70.5079116821, -56.1322212219, 78.0142745972, 26.8820133209, 35.9405059814, 53.6809959412, 45.1675071716, 102.690444946, 56.0056037903, 29.5530967712, 12.2793340683, 14.5961065292, -8.11095237732], [-510.964874268, 106.598297119, 79.7023391724, 31.7989616394, 60.537361145, 82.8991928101, 73.5731277466, 56.0056037903, 159.943695068, 73.5180892944, 66.1613311768, 10.3173112869, 13.7797784805], [-232.14692688, -21.0748634338, 65.1246337891, -34.8881874084, 21.6688709259, 53.1986198425, 7.53377485275, 29.5530967712, 73.5180892944, 97.6211166382, 37.8818206787, 16.8000507355, -1.82221889496], [-638.965209961, 88.4806289673, 53.6126098633, 31.0377559662, 30.2571220398, 41.9984703064, 30.9835071564, 12.2793340683, 66.1613311768, 37.8818206787, 107.045173645, 54.2726364136, 18.9037055969], [-361.130981445, -0.228591069579, 66.0034332275, 11.4446115494, 38.0464172363, 31.1004905701, 7.52346563339, 14.5961065292, 10.3173112869, 16.8000507355, 54.2726364136, 85.7207489014, 22.9450931549], [-243.788085938, 100.749801636, -2.8789627552, 39.1562194824, 41.8074035645, 47.629070282, 54.6335754395, -8.11095237732, 13.7797784805, -1.82221889496, 18.9037055969, 22.9450931549, 82.4047470093]], "icov": [[0.00017898529768, -0.000196463108296, 0.000302984728478, -0.000424461613875, 0.000206526063266, -0.000480248243548, -6.58796489006e-06, -0.000105833409179, 0.000549256801605, -0.000531989091542, 0.00117414793931, -0.000253733509453, 0.000846429669764], [-0.000196463108296, 0.00420913053676, 0.000338862097124, -0.00142029474955, -0.000560848973691, 0.00270738243125, -0.00201835576445, 0.00367889530025, -0.00398621428758, 0.00134857406374, -0.00306476023979, 0.0010240819538, -0.00350640481338], [0.000302984728478, 0.000338862097124, 0.00492120627314, -0.00168062502053, -0.000775501888711, -0.00143053580541, 0.000684430007823, -0.00112728308886, -0.000296279264148, -0.00192396063358, 0.00217013154179, -0.0029029448051, 0.00242559914477], [-0.000424461613875, -0.00142029474955, -0.00168062502053, 0.00802884250879, -0.00378124671988, -0.00055654469179, 0.00386737240478, -0.0037225720007, -0.0005453870981, 0.00646287202835, -0.00552153913304, 0.00388012942858, -0.00366304512136], [0.000206526063266, -0.000560848973691, -0.000775501888711, -0.00378124671988, 0.0105518996716, -0.00130058615468, -0.00791019853204, 0.00310584437102, 0.000941036269069, -0.0043244776316, 0.00604185648263, -0.00626980699599, 0.00412152335048], [-0.000480248243548, 0.00270738243125, -0.00143053580541, -0.00055654469179, -0.00130058615468, 0.0117616485804, -0.00497895013541, 0.00121303915512, -0.00329254195094, -0.00226190593094, -0.00343891978264, 0.000333196367137, -0.00603760033846], [-6.58796489006e-06, -0.00201835576445, 0.000684430007823, 0.00386737240478, -0.00791019853204, -0.00497895013541, 0.019797090441, -0.00808852445334, -0.00216528284363, 0.0077974870801, -0.00429015792906, 0.00716907717288, -0.00687353080139], [-0.000105833409179, 0.00367889530025, -0.00112728308886, -0.0037225720007, 0.00310584437102, 0.00121303915512, -0.00808852445334, 0.0208546910435, -0.00794546213001, -0.0017019972438, 0.00463933870196, -0.00647187232971, 0.00408572424203], [0.000549256801605, -0.00398621428758, -0.000296279264148, -0.0005453870981, 0.000941036269069, -0.00329254195094, -0.00216528284363, -0.00794546213001, 0.0222618505359, -0.0115695931017, -0.00394211057574, 0.00590869458392, 0.00410709902644], [-0.000531989091542, 0.00134857406374, -0.00192396063358, 0.00646287202835, -0.0043244776316, -0.00226190593094, 0.0077974870801, -0.0017019972438, -0.0115695931017, 0.0261691790074, -0.00816145073622, 0.00343344267458, -0.00476708170027], [0.00117414793931, -0.00306476023979, 0.00217013154179, -0.00552153913304, 0.00604185648263, -0.00343891978264, -0.00429015792906, 0.00463933870196, -0.00394211057574, -0.00816145073622, 0.0331378318369, -0.0195503849536, 0.0104640694335], [-0.000253733509453, 0.0010240819538, -0.0029029448051, 0.00388012942858, -0.00626980699599, 0.000333196367137, 0.00716907717288, -0.00647187232971, 0.00590869458392, 0.00343344267458, -0.0195503849536, 0.0293782576919, -0.0109570017084], [0.000846429669764, -0.00350640481338, 0.00242559914477, -0.00366304512136, 0.00412152335048, -0.00603760033846, -0.00687353080139, 0.00408572424203, 0.00410709902644, -0.00476708170027, 0.0104640694335, -0.0109570017084, 0.0269677583128]]}, "melbands": {"dmean": [0.00197615707293, 0.00296800374053, 0.000788738834672, 0.000273547280813, 0.000122475103126, 0.000170571685885, 0.000139741474413, 0.000130551256007, 0.000124726357171, 9.61512560025e-05, 4.62281495857e-05, 5.78001636313e-05, 9.19439044083e-05, 4.40557523689e-05, 4.04247366532e-05, 3.20616018143e-05, 3.3321994124e-05, 4.09868880524e-05, 1.8181386622e-05, 1.04778227978e-05, 1.33298581204e-05, 2.26467618631e-05, 1.49469233293e-05, 2.00847753149e-05, 1.39323974508e-05, 1.39426292662e-05, 8.49053049023e-06, 6.81371329847e-06, 8.36809886096e-06, 5.69878466194e-06, 6.24034191787e-06, 3.64884976989e-06, 2.02598812393e-06, 2.86525141746e-06, 2.08345477404e-06, 1.66585550687e-06, 8.48895638228e-07, 3.18543584399e-07, 2.600013147e-07, 3.1214923979e-07], "dmean2": [0.00339326844551, 0.00524512073025, 0.00142300315201, 0.000440492265625, 0.000185745680938, 0.000264003814664, 0.00023804155353, 0.000234740669839, 0.000194901484065, 0.000137099690619, 7.34307541279e-05, 8.84035980562e-05, 0.00013736289111, 7.99328190624e-05, 6.88993532094e-05, 5.41053777852e-05, 5.62341301702e-05, 6.20353530394e-05, 2.92376098514e-05, 1.75992790901e-05, 2.23913139052e-05, 3.86914944102e-05, 2.40527551796e-05, 3.00683295791e-05, 2.2035668735e-05, 2.19072935579e-05, 1.40868496601e-05, 1.1018180885e-05, 1.22040410133e-05, 9.29734324018e-06, 1.08209833343e-05, 6.29838723398e-06, 3.60201579497e-06, 5.12793440066e-06, 3.79073912882e-06, 3.07562072521e-06, 1.54932172336e-06, 5.29431758878e-07, 4.25475832344e-07, 5.2169053788e-07], "dvar": [2.01777456823e-05, 5.45145230717e-05, 2.75517868431e-06, 2.10374693665e-07, 5.12048785595e-08, 1.3247134234e-07, 1.39240597719e-07, 2.00882723789e-07, 7.84961997624e-08, 2.01559746671e-08, 7.03840896676e-09, 7.98070942665e-09, 2.51869600731e-08, 8.56176551878e-09, 5.71765301771e-09, 3.35650973682e-09, 3.77019571118e-09, 3.10742720444e-09, 5.98233462767e-10, 3.66785879446e-10, 5.23374010797e-10, 1.62891333755e-09, 7.0556122056e-10, 7.9927764407e-10, 3.154044248e-10, 3.22642995654e-10, 1.3948762978e-10, 9.8442268226e-11, 2.07767109073e-10, 5.49531149752e-11, 1.09323800013e-10, 3.94512963964e-11, 1.73019237826e-11, 3.16673909317e-11, 1.68967687064e-11, 1.70423935381e-11, 3.03281336676e-12, 2.28669351249e-13, 1.19986214974e-13, 3.04227644595e-13], "dvar2": [4.93977458973e-05, 0.000144723700942, 7.85015345173e-06, 5.39174095593e-07, 1.24607566931e-07, 3.44758234405e-07, 3.95953776433e-07, 5.760186923e-07, 1.73339046228e-07, 3.44332455882e-08, 1.56686841279e-08, 1.77104642063e-08, 5.38597717537e-08, 2.45170994617e-08, 1.59885065187e-08, 9.69436353415e-09, 1.10241966667e-08, 7.15558812203e-09, 1.53910295619e-09, 1.09563991213e-09, 1.38771638625e-09, 4.41375913596e-09, 1.75129954982e-09, 1.62076696508e-09, 7.34260097168e-10, 7.08949621231e-10, 3.51466716841e-10, 2.25900728679e-10, 3.45404371771e-10, 1.40806394322e-10, 3.02365660287e-10, 1.11445963569e-10, 4.88013796041e-11, 9.0019866561e-11, 4.91159751759e-11, 4.90435712874e-11, 8.67456106945e-12, 5.89896187453e-13, 2.98560709575e-13, 8.51070136674e-13], "max": [0.0220340751112, 0.0420845001936, 0.0122847631574, 0.00516117084771, 0.00262974016368, 0.00400860514492, 0.00384030980058, 0.00495439628139, 0.00305905775167, 0.00216023856774, 0.00108581327368, 0.00102589570452, 0.00216049444862, 0.000697086856235, 0.000839882879518, 0.000522819464095, 0.000677699514199, 0.000669520173687, 0.00021185920923, 0.000232322272495, 0.000256507191807, 0.000421146920417, 0.000335649761837, 0.000355487602064, 0.000178088637767, 0.000211844992009, 0.000115056769573, 0.000103093087091, 0.000239813933149, 0.000132708417368, 8.57487029862e-05, 5.84383924433e-05, 3.79225712095e-05, 4.79136506328e-05, 3.25896144204e-05, 3.04164859699e-05, 1.33001121867e-05, 1.13587493615e-05, 8.39554741106e-06, 8.87924943527e-06], "mean": [0.00165760656819, 0.00257956469432, 0.00130575033836, 0.000752831401769, 0.000271774333669, 0.000290746625978, 0.000191293365788, 0.00012543729099, 0.000258599320659, 0.00024408804893, 9.79050964816e-05, 0.000129949970869, 0.000167071440956, 4.23376150138e-05, 6.44624597044e-05, 5.29487952008e-05, 5.74770347157e-05, 9.19512312976e-05, 3.95404713345e-05, 2.05468040804e-05, 2.43434133154e-05, 3.8665093598e-05, 2.50604534813e-05, 5.05082134623e-05, 3.14760982292e-05, 3.40992482961e-05, 1.84404889296e-05, 1.3363652215e-05, 1.82180247066e-05, 1.27364792206e-05, 1.02877938843e-05, 5.82965321883e-06, 3.06400056616e-06, 4.25808639193e-06, 3.0184219213e-06, 1.95302959582e-06, 1.22665062463e-06, 7.70618271417e-07, 6.11479265444e-07, 6.15604790255e-07], "median": [0.000248127355007, 0.000921328319237, 0.00102732016239, 0.00068688049214, 0.000166238576639, 0.000124038546346, 9.98800242087e-05, 3.68889814126e-05, 5.17635926371e-05, 0.000115177717817, 3.4681885154e-05, 7.01341923559e-05, 7.97245884314e-05, 1.60458039318e-05, 3.02739499602e-05, 2.71427088592e-05, 3.0939168937e-05, 4.60976152681e-05, 2.37294570979e-05, 1.24944990603e-05, 1.72516029124e-05, 2.18660097744e-05, 1.55882298714e-05, 2.78471597994e-05, 2.28493590839e-05, 2.15296313399e-05, 1.54600493261e-05, 8.58087878441e-06, 8.79550043464e-06, 9.95365189738e-06, 7.89308069216e-06, 4.57451551483e-06, 1.98168254428e-06, 3.02071589431e-06, 1.86841634786e-06, 8.7355863343e-07, 7.12947155534e-07, 5.41505642104e-07, 4.44203067218e-07, 3.86083343074e-07], "min": [6.21299948941e-18, 5.11199190201e-18, 3.37874266868e-18, 1.66159398898e-18, 5.28251084259e-19, 4.18970650872e-19, 1.10085941867e-18, 1.80855720386e-18, 1.78998617193e-18, 1.0553168187e-18, 4.42444692488e-19, 6.17463805792e-19, 1.31997439306e-18, 2.0580909181e-18, 2.79905614976e-18, 2.9008080505e-18, 1.55215334105e-18, 4.33798587135e-19, 5.76901867083e-19, 2.57533558882e-19, 6.09040573916e-19, 8.76285259039e-19, 8.24641426566e-19, 1.22428055633e-18, 5.65791021998e-19, 2.29193446367e-19, 4.65566510259e-19, 4.84450371559e-19, 9.84187557827e-19, 7.92511456828e-19, 1.24202337367e-18, 1.35307805778e-18, 1.78422527255e-18, 1.09684624853e-18, 1.99013947834e-18, 1.88380003392e-18, 1.89801926865e-18, 1.85403538715e-18, 8.50302120131e-19, 6.76692574289e-19], "var": [1.6350977603e-05, 3.72302129108e-05, 1.95379038814e-06, 3.61841387075e-07, 9.30036705427e-08, 1.82047415365e-07, 1.00510341383e-07, 1.2161412144e-07, 2.63467342165e-07, 8.02636961339e-08, 2.83719803207e-08, 2.85123604726e-08, 5.87073891722e-08, 6.14963058254e-09, 8.13601896965e-09, 4.67744998289e-09, 4.93770890841e-09, 1.35048798811e-08, 1.65822766629e-09, 5.87605519797e-10, 6.67031152535e-10, 2.3657753534e-09, 9.43584987922e-10, 3.38742722761e-09, 8.93112084288e-10, 1.39116851372e-09, 2.48956827376e-10, 2.39994968343e-10, 6.97609581213e-10, 1.56327159551e-10, 1.02967620541e-10, 3.4935148524e-11, 1.48287476048e-11, 2.46997249043e-11, 1.42145201859e-11, 1.15070323062e-11, 2.60844449339e-12, 8.05188381248e-13, 4.37624410451e-13, 6.06161713705e-13]}, "mfcc": {"mean": [-618.390075684, 99.7950820923, -7.86310577393, 35.0394096375, -0.0615546144545, 10.9755535126, 5.53320407867, 6.52763652802, -0.950033128262, 1.01099061966, -0.538476586342, -6.10843324661, -7.92014932632], "cov": [[9696.85253906, 53.3958816528, -653.343200684, 115.517448425, -419.359008789, -112.131881714, -133.787277222, -172.578598022, -86.5202331543, -48.0247154236, -216.246612549, -322.656280518, -441.323577881], [53.3958816528, 454.332366943, -39.080291748, 108.035308838, 22.8134059906, 91.9880981445, 20.5489425659, 31.353887558, 26.2353610992, 16.2329788208, 15.341884613, 18.3074226379, 35.8924980164], [-653.343200684, -39.080291748, 281.05581665, 5.56608200073, 78.5755844116, 17.349855423, 5.35959339142, 44.4112510681, 12.1790685654, 31.121465683, 49.5710144043, 60.670665741, 51.1990356445], [115.517448425, 108.035308838, 5.56608200073, 236.135177612, 53.1513175964, 25.2799358368, 25.7181110382, 47.6716690063, -0.618232429028, -27.6383342743, -14.080575943, -16.1926021576, 8.22360420227], [-419.359008789, 22.8134059906, 78.5755844116, 53.1513175964, 128.438537598, 74.1558074951, 47.5039176941, 58.5134353638, 29.7705917358, 16.5002708435, 28.2868385315, 41.1909217834, 54.4517211914], [-112.131881714, 91.9880981445, 17.349855423, 25.2799358368, 74.1558074951, 178.352264404, 70.9873275757, 64.7136764526, 62.0301551819, 43.2035751343, 28.4845714569, 37.7826652527, 43.3350296021], [-133.787277222, 20.5489425659, 5.35959339142, 25.7181110382, 47.5039176941, 70.9873275757, 118.108695984, 68.3534927368, 45.2944717407, 14.8110046387, -4.67617321014, -0.0112188328058, 7.80984067917], [-172.578598022, 31.353887558, 44.4112510681, 47.6716690063, 58.5134353638, 64.7136764526, 68.3534927368, 117.780426025, 50.9287414551, 16.9957408905, 15.1532592773, 34.0557365417, 43.2334098816], [-86.5202331543, 26.2353610992, 12.1790685654, -0.618232429028, 29.7705917358, 62.0301551819, 45.2944717407, 50.9287414551, 111.474517822, 64.8297195435, 26.4614448547, 14.8216199875, 14.6419887543], [-48.0247154236, 16.2329788208, 31.121465683, -27.6383342743, 16.5002708435, 43.2035751343, 14.8110046387, 16.9957408905, 64.8297195435, 96.1548538208, 55.8780670166, 25.4490680695, 14.5160684586], [-216.246612549, 15.341884613, 49.5710144043, -14.080575943, 28.2868385315, 28.4845714569, -4.67617321014, 15.1532592773, 26.4614448547, 55.8780670166, 93.2206573486, 55.2147789001, 38.3067436218], [-322.656280518, 18.3074226379, 60.670665741, -16.1926021576, 41.1909217834, 37.7826652527, -0.0112188328058, 34.0557365417, 14.8216199875, 25.4490680695, 55.2147789001, 89.744758606, 60.8324127197], [-441.323577881, 35.8924980164, 51.1990356445, 8.22360420227, 54.4517211914, 43.3350296021, 7.80984067917, 43.2334098816, 14.6419887543, 14.5160684586, 38.3067436218, 60.8324127197, 95.9556503296]], "icov": [[0.000161902789841, 2.03506479011e-05, 0.000244775903411, -0.00015739549417, 0.000278835912468, -0.000217382083065, 0.00031131709693, -0.000291938427836, 0.000211053295061, -0.000304257264361, 0.0001223654981, 1.19744436233e-05, 0.000623423315119], [2.03506479011e-05, 0.00297036790289, 0.000506672658958, -0.00162650283892, 0.00115594221279, -0.00164108129684, 0.000231046229601, 0.000430405372754, 1.85216613318e-05, -0.000492903869599, 7.53474014346e-05, -0.000429089617683, -0.00096228957409], [0.000244775903411, 0.000506672658958, 0.00552377291024, -0.000146002115798, -0.00264169718139, 0.000769641599618, 0.00130207126494, -0.0018863909645, 0.00145950121805, -0.00221026642248, -7.5480355008e-05, -0.0017071350012, 0.00112095556688], [-0.00015739549417, -0.00162650283892, -0.000146002115798, 0.00674944370985, -0.00366478832439, 0.000762003124692, 0.000926746579353, -0.00301201292314, 0.000210027530557, 0.00253422209062, -0.00132992246654, 0.00341205112636, 0.000353510346031], [0.000278835912468, 0.00115594221279, -0.00264169718139, -0.00366478832439, 0.0176260452718, -0.00441290903836, -0.00320971896872, 0.000169705075677, -0.000422045588493, 0.000906818429939, -0.000856417696923, -0.00120879709721, -0.00421538902447], [-0.000217382083065, -0.00164108129684, 0.000769641599618, 0.000762003124692, -0.00441290903836, 0.0114897219464, -0.00421687448397, 8.31029756228e-05, -0.00196931627579, -0.00190229155123, 0.000711608096026, -0.00220235460438, -0.00154047901742], [0.00031131709693, 0.000231046229601, 0.00130207126494, 0.000926746579353, -0.00320971896872, -0.00421687448397, 0.0179146006703, -0.00937448721379, -0.000769026111811, -0.000662375299726, 0.0015082427999, 0.00355514395051, 0.00442431494594], [-0.000291938427836, 0.000430405372754, -0.0018863909645, -0.00301201292314, 0.000169705075677, 8.31029756228e-05, -0.00937448721379, 0.0211386755109, -0.00685158325359, 0.00332586746663, 0.00121182703879, -0.00516704283655, -0.00579973729327], [0.000211053295061, 1.85216613318e-05, 0.00145950121805, 0.000210027530557, -0.000422045588493, -0.00196931627579, -0.000769026111811, -0.00685158325359, 0.0209269914776, -0.0143430428579, 0.00282816425897, 0.00130774197169, 0.00146392127499], [-0.000304257264361, -0.000492903869599, -0.00221026642248, 0.00253422209062, 0.000906818429939, -0.00190229155123, -0.000662375299726, 0.00332586746663, -0.0143430428579, 0.0294278115034, -0.0148127116263, 0.00291213416494, 0.000451149942819], [0.0001223654981, 7.53474014346e-05, -7.5480355008e-05, -0.00132992246654, -0.000856417696923, 0.000711608096026, 0.0015082427999, 0.00121182703879, 0.00282816425897, -0.0148127116263, 0.0262906160206, -0.0119408881292, -0.000931445625611], [1.19744436233e-05, -0.000429089617683, -0.0017071350012, 0.00341205112636, -0.00120879709721, -0.00220235460438, 0.00355514395051, -0.00516704283655, 0.00130774197169, 0.00291213416494, -0.0119408881292, 0.029647519812, -0.0101153021678], [0.000623423315119, -0.00096228957409, 0.00112095556688, 0.000353510346031, -0.00421538902447, -0.00154047901742, 0.00442431494594, -0.00579973729327, 0.00146392127499, 0.000451149942819, -0.000931445625611, -0.0101153021678, 0.0248540621251]]}, "spectral_contrast_coeffs": {"dmean": [0.0451651476324, 0.0487133078277, 0.0416067652404, 0.0291012264788, 0.0256539490074, 0.0186865143478], "dmean2": [0.075516872108, 0.0774145498872, 0.0656579732895, 0.0446052849293, 0.0377272441983, 0.0292204301804], "dvar": [0.00160060729831, 0.00219099689275, 0.00151621014811, 0.000638959230855, 0.000651446578559, 0.000337883044267], "dvar2": [0.00391365820542, 0.00506761716679, 0.00336681422777, 0.00137105910107, 0.00121546874288, 0.000740569375921], "max": [-0.43534475565, -0.456705182791, -0.53074491024, -0.594211101532, -0.579948425293, -0.560906648636], "mean": [-0.631831288338, -0.697957158089, -0.734604537487, -0.764049768448, -0.745036005974, -0.720208466053], "median": [-0.621633946896, -0.68995988369, -0.733444809914, -0.761814713478, -0.739227175713, -0.720657944679], "min": [-0.955878794193, -0.965291917324, -0.952536284924, -0.95546066761, -0.973905205727, -0.936026453972], "var": [0.00551189063117, 0.00737150479108, 0.00523234065622, 0.00326317641884, 0.00321281142533, 0.00196458259597]}, "spectral_contrast_valleys": {"dmean": [0.449579417706, 0.489389836788, 0.433019310236, 0.364691048861, 0.322487831116, 0.271656274796], "dmean2": [0.733925640583, 0.803609669209, 0.695593059063, 0.576489448547, 0.521085858345, 0.432803541422], "dvar": [0.220676869154, 0.338400810957, 0.285922855139, 0.237301170826, 0.243718579412, 0.183793455362], "dvar2": [0.440634965897, 0.743862628937, 0.609817922115, 0.507102429867, 0.514274656773, 0.387012124062], "max": [-5.21061515808, -4.5103597641, -5.45196771622, -5.30936574936, -5.6094250679, -8.36825752258], "mean": [-7