{"lowlevel": {"average_loudness": 0.829838454723, "barkbands_crest": {"dmean": 3.79251384735, "dmean2": 6.32017183304, "dvar": 13.1476755142, "dvar2": 29.717218399, "max": 26.934009552, "mean": 12.4277648926, "median": 12.1633434296, "min": 2.07460355759, "var": 27.8931694031}, "barkbands_flatness_db": {"dmean": 0.0667382329702, "dmean2": 0.0965056419373, "dvar": 0.00624094111845, "dvar2": 0.0103831905872, "max": 0.647036969662, "mean": 0.219269067049, "median": 0.202723562717, "min": 0.0126620847732, "var": 0.0164927933365}, "barkbands_kurtosis": {"dmean": 13.1306600571, "dmean2": 21.4889965057, "dvar": 1627.85205078, "dvar2": 3464.61523438, "max": 1858.3762207, "mean": 14.2539339066, "median": 4.48481941223, "min": -1.97171127796, "var": 3083.67675781}, "barkbands_skewness": {"dmean": 1.44555199146, "dmean2": 2.32951211929, "dvar": 3.41865134239, "dvar2": 7.606549263, "max": 41.9299201965, "mean": 1.88165843487, "median": 1.53793823719, "min": -7.81937885284, "var": 7.23395824432}, "barkbands_spread": {"dmean": 16.5290603638, "dmean2": 27.4155826569, "dvar": 526.554260254, "dvar2": 1118.79516602, "max": 162.285446167, "mean": 24.6472129822, "median": 12.35460186, "min": 0.302380055189, "var": 759.221862793}, "dissonance": {"dmean": 0.0419568531215, "dmean2": 0.0674675107002, "dvar": 0.00193490390666, "dvar2": 0.00477923359722, "max": 0.500000119209, "mean": 0.423759132624, "median": 0.442763864994, "min": 0.104472488165, "var": 0.00457397801802}, "dynamic_complexity": 5.67455530167, "erbbands_crest": {"dmean": 3.00038146973, "dmean2": 5.00952768326, "dvar": 12.5813903809, "dvar2": 32.9123840332, "max": 34.9590034485, "mean": 9.88812732697, "median": 9.16263580322, "min": 2.25947976112, "var": 26.2521209717}, "erbbands_flatness_db": {"dmean": 0.0527927353978, "dmean2": 0.0786401703954, "dvar": 0.0042784018442, "dvar2": 0.00677395472303, "max": 0.50781840086, "mean": 0.195815041661, "median": 0.1627368927, "min": 0.0221749451011, "var": 0.0119889257476}, "erbbands_kurtosis": {"dmean": 3.94076347351, "dmean2": 6.83810186386, "dvar": 44.1173820496, "dvar2": 120.556381226, "max": 121.799819946, "mean": 3.71686553955, "median": 1.41347694397, "min": -1.87466990948, "var": 51.5653991699}, "erbbands_skewness": {"dmean": 0.893975257874, "dmean2": 1.46386885643, "dvar": 1.03573381901, "dvar2": 2.52593851089, "max": 8.43434047699, "mean": 0.860321223736, "median": 0.8804012537, "min": -4.22930574417, "var": 1.97111821175}, "erbbands_spread": {"dmean": 21.1544265747, "dmean2": 35.3064537048, "dvar": 807.240112305, "dvar2": 1726.14709473, "max": 190.454467773, "mean": 38.3993110657, "median": 25.1420650482, "min": 0.531517744064, "var": 1210.42150879}, "hfc": {"dmean": 36.5532035828, "dmean2": 64.0701751709, "dvar": 6622.09863281, "dvar2": 16769.1425781, "max": 695.25402832, "mean": 30.9772357941, "median": 2.55235147476, "min": 1.15390305788e-16, "var": 5494.07421875}, "melbands_crest": {"dmean": 4.5334610939, "dmean2": 7.67739963531, "dvar": 23.1015415192, "dvar2": 54.4406471252, "max": 39.9953422546, "mean": 15.1798467636, "median": 13.8477945328, "min": 1.8473277092, "var": 46.0461578369}, "melbands_flatness_db": {"dmean": 0.0878597795963, "dmean2": 0.12637975812, "dvar": 0.010213598609, "dvar2": 0.0174648053944, "max": 0.830743253231, "mean": 0.299849390984, "median": 0.283577114344, "min": 0.00633869273588, "var": 0.0276290774345}, "melbands_kurtosis": {"dmean": 46.3997077942, "dmean2": 76.0479125977, "dvar": 156657.765625, "dvar2": 341130.0625, "max": 19168.2324219, "mean": 51.5009727478, "median": 9.20724391937, "min": -1.91054975986, "var": 241702.046875}, "melbands_skewness": {"dmean": 1.82179868221, "dmean2": 2.96898674965, "dvar": 15.6637115479, "dvar2": 28.9775447845, "max": 134.001846313, "mean": 3.03445124626, "median": 2.13367199898, "min": -6.54660129547, "var": 31.3643093109}, "melbands_spread": {"dmean": 18.0441379547, "dmean2": 29.7020320892, "dvar": 935.469116211, "dvar2": 2098.2331543, "max": 226.575241089, "mean": 26.3547935486, "median": 8.15227413177, "min": 0.0492760315537, "var": 1446.14001465}, "pitch_salience": {"dmean": 0.104553200305, "dmean2": 0.173221036792, "dvar": 0.013385550119, "dvar2": 0.0309250541031, "max": 0.946903288364, "mean": 0.553097307682, "median": 0.557136535645, "min": 0.0022956491448, "var": 0.0264825746417}, "silence_rate_20dB": {"dmean": 0, "dmean2": 0, "dvar": 0, "dvar2": 0, "max": 1, "mean": 1, "median": 1, "min": 1, "var": 0}, "silence_rate_30dB": {"dmean": 0, "dmean2": 0, "dvar": 0, "dvar2": 0, "max": 1, "mean": 1, "median": 1, "min": 1, "var": 0}, "silence_rate_60dB": {"dmean": 0.113546133041, "dmean2": 0.227110296488, "dvar": 0.100648865104, "dvar2": 0.191123142838, "max": 1, "mean": 0.355061531067, "median": 0, "min": 0, "var": 0.22900763154}, "spectral_centroid": {"dmean": 504.06161499, "dmean2": 801.739440918, "dvar": 532960.3125, "dvar2": 1032787.9375, "max": 11296.1894531, "mean": 1208.54223633, "median": 664.767272949, "min": 148.608032227, "var": 1294549.125}, "spectral_complexity": {"dmean": 4.68842315674, "dmean2": 7.61010074615, "dvar": 62.3680801392, "dvar2": 135.011245728, "max": 65, "mean": 9.61643505096, "median": 5, "min": 0, "var": 173.190429688}, "spectral_decrease": {"dmean": 1.74435821343e-09, "dmean2": 3.05242564558e-09, "dvar": 1.52733953568e-17, "dvar2": 4.16905149863e-17, "max": 4.63193997047e-11, "mean": -2.62981392218e-09, "median": -1.45604694968e-09, "min": -4.18723651308e-08, "var": 1.34330797941e-17}, "spectral_energy": {"dmean": 0.00954953301698, "dmean2": 0.0164437256753, "dvar": 0.000361725396942, "dvar2": 0.000965265498962, "max": 0.169963002205, "mean": 0.0127352345735, "median": 0.00639020651579, "min": 1.06001095235e-20, "var": 0.000333527044859}, "spectral_energyband_high": {"dmean": 0.0030854807701, "dmean2": 0.00537882745266, "dvar": 5.59433137823e-05, "dvar2": 0.000141660580994, "max": 0.0997047424316, "mean": 0.00250267283991, "median": 2.24671111937e-05, "min": 7.63435360363e-21, "var": 4.53344873677e-05}, "spectral_energyband_low": {"dmean": 0.00234128767624, "dmean2": 0.00402781320736, "dvar": 4.29366373282e-05, "dvar2": 0.000114414877316, "max": 0.114839352667, "mean": 0.00257860054262, "median": 0.000780928996392, "min": 6.41909371442e-23, "var": 3.55586453225e-05}, "spectral_energyband_middle_high": {"dmean": 0.00266496674158, "dmean2": 0.00487399101257, "dvar": 7.78478279244e-05, "dvar2": 0.000219126741285, "max": 0.0957721918821, "mean": 0.00239422102459, "median": 0.000152298569446, "min": 1.4385740169e-21, "var": 5.34046084795e-05}, "spectral_energyband_middle_low": {"dmean": 0.00276667717844, "dmean2": 0.00489229010418, "dvar": 5.48823627469e-05, "dvar2": 0.000155803281814, "max": 0.113594971597, "mean": 0.00524273049086, "median": 0.00140988186467, "min": 2.3183559251e-22, "var": 5.87657450524e-05}, "spectral_entropy": {"dmean": 0.62137645483, "dmean2": 0.940927386284, "dvar": 0.671616137028, "dvar2": 1.09669411182, "max": 9.78421401978, "mean": 7.02944517136, "median": 7.17633676529, "min": 4.29672193527, "var": 1.54402720928}, "spectral_flux": {"dmean": 0.0358071140945, "dmean2": 0.0596605800092, "dvar": 0.00277040363289, "dvar2": 0.00501349754632, "max": 0.382880330086, "mean": 0.0644496977329, "median": 0.0418577603996, "min": 1.02956830561e-10, "var": 0.00412922212854}, "spectral_kurtosis": {"dmean": 21.4817790985, "dmean2": 34.6828117371, "dvar": 2432.36157227, "dvar2": 4821.93603516, "max": 618.797912598, "mean": 31.0011196136, "median": 5.2510061264, "min": -1.1987221241, "var": 4166.40966797}, "spectral_rms": {"dmean": 0.00109279318713, "dmean2": 0.00178346538451, "dvar": 2.77891422229e-06, "dvar2": 6.92679577696e-06, "max": 0.0128770163283, "mean": 0.0028259025421, "median": 0.00249686767347, "min": 3.21583124713e-12, "var": 4.4388580136e-06}, "spectral_rolloff": {"dmean": 2003.70092773, "dmean2": 3526.83081055, "dvar": 12995120, "dvar2": 28249588, "max": 19530.6152344, "mean": 2602.06323242, "median": 409.130859375, "min": 21.533203125, "var": 16273858}, "spectral_skewness": {"dmean": 1.34040820599, "dmean2": 2.0652654171, "dvar": 4.59496498108, "dvar2": 7.95984983444, "max": 19.8410682678, "mean": 3.19890189171, "median": 1.83093905449, "min": -0.029935169965, "var": 9.93625164032}, "spectral_spread": {"dmean": 2027929, "dmean2": 3180387, "dvar": 8199226261500.0, "dvar2": 13445566038000.0, "max": 48536372, "mean": 5613970, "median": 5081343, "min": 141322.75, "var": 16511909494800.0}, "spectral_strongpeak": {"dmean": 0.306744933128, "dmean2": 0.562333703041, "dvar": 1.16284000874, "dvar2": 3.32865357399, "max": 25.342710495, "mean": 0.443630993366, "median": 0.243628829718, "min": 0, "var": 0.732326984406}, "zerocrossingrate": {"dmean": 0.0335053056479, "dmean2": 0.0421240963042, "dvar": 0.00190766516607, "dvar2": 0.00251249270514, "max": 0.5380859375, "mean": 0.0743802934885, "median": 0.03955078125, "min": 0, "var": 0.0067950990051}, "barkbands": {"dmean": [0.000509640784003, 0.00146288692486, 0.000538212480024, 0.000528299366124, 0.000732699118089, 0.000656368327327, 0.000450658175396, 0.000272884761216, 0.000620394828729, 0.000476866058307, 0.000291894655675, 0.000296598096611, 0.000241718502366, 0.00027055630926, 0.000274287885986, 0.000159367889864, 0.000246559153311, 0.000267159834038, 0.000335657648975, 0.000210265759961, 0.000263745954726, 0.000407214567531, 0.000329782749759, 0.000484976073494, 0.000565783353522, 0.000747172278352, 0.000277184037259], "dmean2": [0.000812320038676, 0.00247614528053, 0.000971825618763, 0.000950677436776, 0.00123349903151, 0.00116065191105, 0.000818317697849, 0.000494863721542, 0.00116311956663, 0.000893741846085, 0.000548555457499, 0.000554077152628, 0.000446707650553, 0.00048999034334, 0.000512741331477, 0.000286013411824, 0.000427984457929, 0.000481511437101, 0.000608558999375, 0.000374277296942, 0.000461853574961, 0.000733142835088, 0.000581278640311, 0.000846955110319, 0.000969690736383, 0.00131926708855, 0.00049204955576], "dvar": [6.66057985654e-06, 1.68751812453e-05, 4.21035610998e-06, 4.6123204811e-06, 5.53438349016e-06, 3.67562688552e-06, 2.56818952948e-06, 5.60162959573e-07, 9.80956792773e-06, 4.54852670373e-06, 2.27510713557e-06, 2.77138178717e-06, 9.00122131497e-07, 8.05553781902e-07, 1.50509401919e-06, 2.57975784734e-07, 4.84715314997e-07, 8.76660408267e-07, 2.13231442103e-06, 4.49677798997e-07, 6.42233430881e-07, 5.07614595335e-06, 7.76041872541e-07, 1.42189855978e-06, 2.65526023213e-06, 4.78994161313e-06, 5.12562280619e-07], "dvar2": [1.51766353156e-05, 4.43460630777e-05, 1.20690983749e-05, 1.29166728584e-05, 1.56394016813e-05, 1.14755257528e-05, 7.37044956622e-06, 1.57435522397e-06, 2.86433514702e-05, 1.31116357807e-05, 6.67050062475e-06, 8.1361959019e-06, 2.5676711175e-06, 2.29513625527e-06, 4.37034987044e-06, 7.08088407464e-07, 1.30269847887e-06, 2.43823114943e-06, 5.99717714067e-06, 1.22467622532e-06, 1.76305934474e-06, 1.45359836097e-05, 2.0055490495e-06, 3.57656927008e-06, 6.50791616863e-06, 1.23563722809e-05, 1.36861899591e-06], "max": [0.0568035654724, 0.0763207376003, 0.0362858921289, 0.0293158479035, 0.0691524147987, 0.0365355089307, 0.0275440327823, 0.00846685376018, 0.0533360652626, 0.0429030582309, 0.0368570648134, 0.0330158509314, 0.0130321718752, 0.0131440013647, 0.0222795493901, 0.00866034440696, 0.00656717736274, 0.0150701934472, 0.0231030788273, 0.0116983596236, 0.0108156604692, 0.085363574326, 0.0097426623106, 0.0103650121018, 0.0139064425603, 0.0212627202272, 0.00745169864967], "mean": [0.00064477865817, 0.00140349811409, 0.000599927967414, 0.000588393246289, 0.00235140230507, 0.000976295617875, 0.000516605214216, 0.000246299314313, 0.000460633833427, 0.000323970918544, 0.000198184337933, 0.000225282317842, 0.000173371940036, 0.000214757776121, 0.000218188375584, 0.000166868776432, 0.000257813400822, 0.00024548577494, 0.000306401634589, 0.000200890601263, 0.000223217721214, 0.000314039731165, 0.000280125066638, 0.000409882894019, 0.000458731898107, 0.000537701824214, 0.00019246408192], "median": [4.87930992676e-06, 0.000263634690782, 0.000107081825263, 3.50245754817e-05, 0.000677813426591, 0.000116423267173, 9.42677797866e-05, 3.20081417158e-05, 4.75098458992e-05, 2.44555794779e-05, 2.15343043237e-05, 1.16225801321e-05, 7.33271554054e-06, 6.31395914752e-06, 2.8552369713e-06, 2.54865562965e-06, 3.50118148162e-06, 1.55694419846e-06, 1.52197696934e-06, 1.79094104169e-06, 2.03748163585e-06, 2.65036692326e-06, 1.43831584865e-06, 1.68263829892e-06, 1.28377371311e-06, 1.01066314073e-06, 5.75407227643e-07], "min": [1.92000047139e-24, 2.48989981895e-23, 1.25056762464e-23, 4.21422077901e-24, 2.21189734734e-23, 5.87809795432e-23, 4.88778437756e-23, 1.14013758976e-23, 3.14686649403e-23, 4.66708381547e-23, 9.96046891606e-23, 5.7682279318e-23, 6.34635064153e-23, 1.71772265923e-22, 9.94893008983e-23, 1.20423163901e-22, 1.44504600847e-22, 2.64368090024e-22, 1.29811416466e-22, 2.9082004768e-22, 3.18036051833e-22, 4.8866871036e-22, 6.52951202682e-22, 9.03130070537e-22, 1.03141899808e-21, 1.41036707724e-21, 2.14101363224e-21], "var": [9.20869752008e-06, 1.42158369272e-05, 3.22027312905e-06, 4.05671016779e-06, 1.16213468573e-05, 4.41193697043e-06, 1.75731099716e-06, 4.01900877023e-07, 5.32102194484e-06, 2.53034090747e-06, 1.22039625694e-06, 1.51876849941e-06, 5.44586157503e-07, 5.41726819847e-07, 8.95596258488e-07, 2.64718977405e-07, 6.2551538349e-07, 7.25554286873e-07, 1.52522943608e-06, 4.05929341696e-07, 4.65306214892e-07, 2.93705079457e-06, 6.17818898263e-07, 1.19605942928e-06, 2.27671671382e-06, 3.51324842995e-06, 3.51036675283e-07]}, "erbbands": {"dmean": [0.0523671172559, 0.29338145256, 0.617709457874, 1.24652647972, 1.85818552971, 2.68816590309, 6.17223358154, 3.75022673607, 5.43691253662, 7.40412092209, 6.23385286331, 13.4715671539, 15.7625055313, 15.2011299133, 10.4321403503, 12.5267114639, 11.5145940781, 14.6501541138, 13.5458936691, 12.0168027878, 9.30760478973, 13.9434871674, 14.2530536652, 15.8976020813, 16.5286865234, 9.51378059387, 10.340057373, 9.97954559326, 11.9185409546, 15.8537445068, 9.34442234039, 9.45446777344, 8.16451072693, 5.56628227234, 4.53324127197, 3.28479337692, 1.28888714314, 0.327441811562, 0.0470180213451, 0.00246656965464], "dmean2": [0.0852452516556, 0.511537730694, 1.12857246399, 2.25160765648, 3.07272148132, 4.61756229401, 10.9013910294, 6.62388372421, 9.6504535675, 13.7313499451, 11.2686185837, 25.1974143982, 29.6206874847, 28.6903057098, 19.5403137207, 23.3563804626, 21.2950401306, 26.8038673401, 24.8210163116, 22.2639369965, 16.2188339233, 24.4831695557, 25.527557373, 28.6776752472, 30.1390247345, 16.7924766541, 18.069726944, 17.6282958984, 21.3479652405, 28.4355068207, 16.5142688751, 16.5964660645, 14.1337928772, 9.58340454102, 7.67326164246, 5.72099590302, 2.29618382454, 0.581137061119, 0.0838562548161, 0.00436340132728], "dvar": [0.0336119905114, 0.599218785763, 4.2503695488, 19.2815284729, 37.2863807678, 91.3431777954, 392.832214355, 150.792312622, 281.018768311, 825.151367188, 300.34274292, 4113.97851562, 7243.51074219, 6201.99316406, 2133.88208008, 4859.44775391, 2197.38378906, 2322.5703125, 3508.59423828, 2252.49755859, 671.371154785, 1667.99145508, 2439.08251953, 3741.62744141, 4753.55175781, 993.280944824, 972.492797852, 889.403076172, 1158.07543945, 11553.4863281, 609.594787598, 532.037902832, 445.658874512, 214.62953186, 217.824890137, 123.30406189, 12.774971962, 0.677285075188, 0.0152507722378, 3.76798816433e-05], "dvar2": [0.0824315845966, 1.69508492947, 12.3297281265, 54.5328102112, 99.0297088623, 261.73651123, 1250.89379883, 437.229492188, 785.878845215, 2379.80566406, 847.181030273, 11997.5507812, 21001.8203125, 18170.7832031, 6181.81542969, 14269.7265625, 6303.58496094, 6659.47412109, 10143.5029297, 6479.46142578, 1809.56591797, 4519.95654297, 6714.22998047, 10305.2724609, 13453.8701172, 2720.08666992, 2666.31152344, 2438.76733398, 3167.18261719, 33217.9179688, 1586.50109863, 1372.56518555, 1093.63562012, 529.871520996, 550.592346191, 310.101257324, 34.0542030334, 1.8113502264, 0.0409983471036, 9.92890709313e-05], "max": [2.66051697731, 15.9064540863, 35.8735847473, 67.1248092651, 107.839263916, 296.051147461, 470.377258301, 338.625762939, 264.001037598, 555.796142578, 248.319961548, 1069.9284668, 1913.04956055, 1792.92028809, 851.966186523, 1384.02001953, 610.381469727, 544.912963867, 1195.56335449, 819.364868164, 330.129577637, 405.953277588, 742.865478516, 918.355895996, 1275.72802734, 577.784118652, 555.080688477, 351.196990967, 721.956665039, 4183.56152344, 273.517913818, 224.933135986, 236.137908936, 144.436660767, 141.858261108, 110.725364685, 34.8679466248, 8.56025791168, 1.1900331974, 0.0740226954222], "mean": [0.0479304492474, 0.288127332926, 0.669191002846, 1.42246627808, 3.3524286747, 8.36953926086, 12.4805164337, 6.18227481842, 8.07220935822, 6.47270298004, 6.1038403511, 9.86009788513, 10.4720287323, 10.3150892258, 7.2781701088, 9.70719432831, 8.50764465332, 11.398604393, 10.7279176712, 10.4889974594, 9.9800901413, 14.6174545288, 13.5570726395, 14.8961753845, 14.6190261841, 9.37897396088, 8.93272590637, 8.3511390686, 9.63428497314, 11.9847211838, 7.89001226425, 7.9193072319, 6.89027643204, 4.52759122849, 3.57144665718, 2.43675637245, 0.905391395092, 0.227617755532, 0.0324500575662, 0.00173167302273], "median": [0.00575970020145, 0.0666255876422, 0.17153789103, 0.174773201346, 0.314440131187, 2.57214570045, 2.88326883316, 0.914108455181, 1.5953758955, 0.90107691288, 1.21730256081, 0.999403655529, 0.855946183205, 1.00854563713, 0.567468523979, 0.511964976788, 0.488231748343, 0.372271448374, 0.235820546746, 0.15622112155, 0.212731078267, 0.193183943629, 0.0973636209965, 0.0893298313022, 0.0859495401382, 0.0879038125277, 0.0825902372599, 0.0911868661642, 0.0879233255982, 0.0720555335283, 0.0424486547709, 0.0319907478988, 0.0268702842295, 0.0167359504849, 0.00839199591428, 0.00430305534974, 0.00172479997855, 0.0005400958471, 9.50490066316e-05, 1.76426419785e-05], "min": [2.61470130602e-22, 3.9945706925e-21, 1.42298798334e-20, 1.25144809186e-20, 3.61878560983e-20, 8.27453129791e-20, 1.47192654101e-19, 5.99264074557e-19, 7.9358611954e-19, 2.59904491162e-19, 3.94887416585e-19, 5.25587097397e-19, 1.2575356985e-18, 1.86617715777e-18, 3.02265464986e-18, 2.75252930826e-18, 3.24386528633e-18, 8.55772027708e-18, 5.15216310128e-18, 5.40833638749e-18, 7.85846066472e-18, 9.9764293262e-18, 1.32589706828e-17, 8.8107531721e-18, 7.19413040808e-18, 1.37287960359e-17, 1.1998694018e-17, 1.52305440923e-17, 1.66736268454e-17, 1.64386678467e-17, 1.63174395649e-17, 1.70277660267e-17, 1.50426417444e-17, 1.16912359474e-17, 7.12618661974e-18, 4.60977911927e-18, 2.99114299763e-18, 1.29998112746e-18, 3.48332140746e-19, 2.87959988923e-20], "var": [0.0294716507196, 0.471618741751, 2.99776220322, 16.2365589142, 75.5774459839, 157.728439331, 423.421508789, 159.669189453, 287.273010254, 488.435760498, 207.257766724, 2249.61328125, 3964.56396484, 3307.06640625, 1209.83679199, 2665.43017578, 1300.08300781, 1538.19213867, 2091.86669922, 1515.02502441, 844.124206543, 2020.45410156, 2175.75488281, 2931.71289062, 3344.93652344, 903.340209961, 745.600463867, 634.965637207, 806.387756348, 6562.95361328, 479.915039062, 430.157806396, 388.228210449, 185.674560547, 174.687606812, 95.2609405518, 8.77510070801, 0.461757481098, 0.0102605884895, 2.68654548563e-05]}, "gfcc": {"mean": [-147.914016724, 94.0677261353, -67.6466674805, 6.13569974899, -50.274394989, 5.48124885559, -31.4295597076, -3.26537227631, -18.480386734, -1.37568151951, -10.3711137772, 3.72347974777, -3.55137062073], "cov": [[33645.5078125, -9735.96679688, -1011.28979492, 1319.33483887, -1866.98901367, 319.476989746, -1181.65771484, 424.630828857, -894.01550293, 301.095245361, -1121.73034668, 230.759246826, -934.988464355], [-9735.96679688, 9520.86621094, 433.703948975, -1250.69421387, 986.001403809, -751.353027344, 248.923141479, -839.729980469, 325.074493408, -630.240966797, 478.749725342, -278.716339111, 478.639282227], [-1011.28979492, 433.703948975, 2812.22363281, -464.388519287, -331.649108887, -83.4009628296, -279.07800293, -157.913009644, -193.924530029, 48.0763473511, -52.3656311035, 253.591400146, -74.6750411987], [1319.33483887, -1250.69421387, -464.388519287, 1230.59594727, 145.307754517, 222.175613403, 132.531784058, 194.471084595, 62.6001281738, 93.8306732178, -17.4678096771, -9.61626720428, -17.6861495972], [-1866.98901367, 986.001403809, -331.649108887, 145.307754517, 631.834594727, -16.3975772858, 166.680160522, 29.5806388855, 102.551605225, -67.0096893311, 120.858253479, -56.9767913818, 92.0000305176], [319.476989746, -751.353027344, -83.4009628296, 222.175613403, -16.3975772858, 375.547637939, 138.256851196, 160.462493896, 16.1437263489, 103.714797974, -42.4856262207, -24.4315128326, 4.08854436874], [-1181.65771484, 248.923141479, -279.07800293, 132.531784058, 166.680160522, 138.256851196, 384.816467285, 72.3112792969, 154.870330811, 22.8787269592, 35.5011825562, -83.0816650391, 70.9352111816], [424.630828857, -839.729980469, -157.913009644, 194.471084595, 29.5806388855, 160.462493896, 72.3112792969, 262.487670898, 20.1378002167, 85.7010803223, -24.4771022797, -1.34257316589, -3.46835541725], [-894.01550293, 325.074493408, -193.924530029, 62.6001281738, 102.551605225, 16.1437263489, 154.870330811, 20.1378002167, 219.820892334, -15.5622825623, 28.7467346191, -26.8941192627, 40.8397789001], [301.095245361, -630.240966797, 48.0763473511, 93.8306732178, -67.0096893311, 103.714797974, 22.8787269592, 85.7010803223, -15.5622825623, 163.559188843, 6.53097105026, 32.8215255737, -6.4183588028], [-1121.73034668, 478.749725342, -52.3656311035, -17.4678096771, 120.858253479, -42.4856262207, 35.5011825562, -24.4771022797, 28.7467346191, 6.53097105026, 141.519561768, -6.41103649139, 61.6529350281], [230.759246826, -278.716339111, 253.591400146, -9.61626720428, -56.9767913818, -24.4315128326, -83.0816650391, -1.34257316589, -26.8941192627, 32.8215255737, -6.41103649139, 144.242599487, -18.6626548767], [-934.988464355, 478.639282227, -74.6750411987, -17.6861495972, 92.0000305176, 4.08854436874, 70.9352111816, -3.46835541725, 40.8397789001, -6.4183588028, 61.6529350281, -18.6626548767, 115.109542847]], "icov": [[6.2365012127e-05, 2.46256586252e-05, 4.55605695606e-05, -4.84234114992e-05, 6.6288128437e-05, 2.56355724559e-05, 9.06134810066e-05, 1.50494061018e-05, 0.00011247688235, -1.0255574125e-05, 0.000273943704087, -3.89887986785e-07, 0.000129743362777], [2.46256586252e-05, 0.000395212264266, -0.000121253862744, 0.000178633694304, -0.000344234431395, 0.000160526920808, -2.54293281614e-05, 0.000744833378121, -0.00024391018087, 0.000631533504929, -0.000281766901026, 0.000523834314663, -0.000829398806673], [4.55605695606e-05, -0.000121253862744, 0.000571480020881, 3.89096057916e-05, 0.000259904103586, -0.000153843895532, 8.68880597409e-05, 3.07903633257e-06, 0.000409091502661, -0.000316932564601, 0.000379911070922, -0.000956020958256, 0.000473966618301], [-4.84234114992e-05, 0.000178633694304, 3.89096057916e-05, 0.00119300174993, -0.000513846403919, -0.000335379969329, -0.000124897575006, 6.92342291586e-05, -0.00035248574568, 3.97481162508e-05, -0.000319679675158, -2.82762061943e-06, -0.000127872990561], [6.6288128437e-05, -0.000344234431395, 0.000259904103586, -0.000513846403919, 0.00292500550859, 6.84218539391e-05, -0.000546821102034, -0.00132362090517, 0.000352778937668, 0.000906765460968, -0.00120081810746, -0.000552528654225, 0.00049531692639], [2.56355724559e-05, 0.000160526920808, -0.000153843895532, -0.000335379969329, 6.84218539391e-05, 0.00490494817495, -0.00145294202957, -0.00137081486173, 0.000561605906114, -0.00158316001762, 0.00150972476695, 0.000937240256462, -0.000929625530262], [9.06134810066e-05, -2.54293281614e-05, 8.68880597409e-05, -0.000124897575006, -0.000546821102034, -0.00145294202957, 0.00547336088493, -6.63266255287e-05, -0.00267290114425, -0.000965569110122, 0.000639842008241, 0.00193676934578, -0.00114154047333], [1.50494061018e-05, 0.000744833378121, 3.07903633257e-06, 6.92342291586e-05, -0.00132362090517, -0.00137081486173, -6.63266255287e-05, 0.00758627010509, -0.000772089115344, -0.00112128676847, 0.000585087924264, 0.000623582396656, -0.00158706260845], [0.00011247688235, -0.00024391018087, 0.000409091502661, -0.00035248574568, 0.000352778937668, 0.000561605906114, -0.00267290114425, -0.000772089115344, 0.00730131240562, 0.000470018974738, 0.00048026922741, -0.00137662363704, 0.00041637555114], [-1.0255574125e-05, 0.000631533504929, -0.000316932564601, 3.97481162508e-05, 0.000906765460968, -0.00158316001762, -0.000965569110122, -0.00112128676847, 0.000470018974738, 0.0111893508583, -0.00390394800343, -0.00140191579703, -0.000695226131938], [0.000273943704087, -0.000281766901026, 0.000379911070922, -0.000319679675158, -0.00120081810746, 0.00150972476695, 0.000639842008241, 0.000585087924264, 0.00048026922741, -0.00390394800343, 0.0132737029344, -0.000393525377149, -0.00343775539659], [-3.89887986785e-07, 0.000523834314663, -0.000956020958256, -2.82762061943e-06, -0.000552528654225, 0.000937240256462, 0.00193676934578, 0.000623582396656, -0.00137662363704, -0.00140191579703, -0.000393525377149, 0.0105733014643, -0.00123311998323], [0.000129743362777, -0.000829398806673, 0.000473966618301, -0.000127872990561, 0.00049531692639, -0.000929625530262, -0.00114154047333, -0.00158706260845, 0.00041637555114, -0.000695226131938, -0.00343775539659, -0.00123311998323, 0.0152254393324]]}, "melbands": {"dmean": [0.000453697110061, 0.000344522617524, 0.000232743856031, 0.000142254153616, 0.000194005435333, 9.61844416452e-05, 8.58137645992e-05, 7.67787641962e-05, 5.20505454915e-05, 9.15472046472e-05, 7.91344209574e-05, 6.2346975028e-05, 3.62073478755e-05, 3.31017108692e-05, 2.81375905615e-05, 2.53456546488e-05, 2.76905157079e-05, 2.11394999496e-05, 1.98985544557e-05, 1.2580719158e-05, 1.09578331831e-05, 1.50746209329e-05, 1.27600897031e-05, 1.34174651976e-05, 1.31466640596e-05, 1.24626321849e-05, 1.10437131298e-05, 5.27203746969e-06, 5.89484079683e-06, 7.16014119462e-06, 5.40599012311e-06, 6.73261001793e-06, 8.27003714221e-06, 8.44740043249e-06, 5.642470569e-06, 4.28508974437e-06, 6.80667562847e-06, 6.3856482484e-06, 4.68918779006e-06, 4.71066869068e-06], "dmean2": [0.000750878243707, 0.000622398860287, 0.000410922715673, 0.000236654945184, 0.000341547245625, 0.000169752966031, 0.000153129993123, 0.000142003569636, 9.38546363614e-05, 0.000171892272192, 0.000148820239701, 0.000117728472105, 6.79558943375e-05, 6.19613565505e-05, 5.2098690503e-05, 4.68380130769e-05, 5.07126860612e-05, 3.8503047108e-05, 3.72805880033e-05, 2.26736647164e-05, 1.91344715859e-05, 2.63842084678e-05, 2.28853587032e-05, 2.44659513555e-05, 2.35692241404e-05, 2.29105353355e-05, 2.00617996597e-05, 9.21275295696e-06, 1.03341526483e-05, 1.2613673789e-05, 9.64181526797e-06, 1.2041618902e-05, 1.48882336362e-05, 1.51150452439e-05, 9.98961877485e-06, 7.50343178879e-06, 1.19986816571e-05, 1.11275385279e-05, 7.94898915046e-06, 8.20800323709e-06], "dvar": [1.96651672013e-06, 1.0593727211e-06, 6.71643874739e-07, 1.82631865187e-07, 3.95859757418e-07, 8.53396144862e-08, 7.58498899245e-08, 7.78767414999e-08, 2.13084554446e-08, 2.25380304641e-07, 1.77631292786e-07, 1.0346687418e-07, 3.07695877666e-08, 3.01037168526e-08, 1.7451814216e-08, 1.11164801808e-08, 8.21167489562e-09, 8.38253289004e-09, 7.93653676112e-09, 2.14487139161e-09, 8.36141211824e-10, 1.94044802448e-09, 1.80658232818e-09, 2.25777707641e-09, 2.65143218492e-09, 2.769088292e-09, 1.60625823753e-09, 3.04938435614e-10, 3.66265018314e-10, 5.804302039e-10, 2.66067751165e-10, 3.77097270077e-10, 3.33478578085e-09, 2.20397655681e-09, 2.41524633626e-10, 1.12120181195e-10, 3.05230035691e-10, 2.6829743982e-10, 1.6785871304e-10, 1.55603196994e-10], "dvar2": [4.9625500651e-06, 3.07733125737e-06, 1.87623084003e-06, 4.99774898799e-07, 1.21796756503e-06, 2.49522855711e-07, 2.14434805912e-07, 2.23706251745e-07, 6.02786442983e-08, 6.58273506815e-07, 5.14662417572e-07, 3.03036017613e-07, 8.98053258425e-08, 8.80933512803e-08, 5.07570483421e-08, 3.20163202616e-08, 2.3519339365e-08, 2.41479192198e-08, 2.30198224926e-08, 6.05583849733e-09, 2.22337304123e-09, 5.31049115793e-09, 5.02466424024e-09, 6.23072260453e-09, 7.31095317619e-09, 7.8615043364e-09, 4.42667502654e-09, 8.40608638253e-10, 1.00784269819e-09, 1.6097845279e-09, 7.3143746615e-10, 1.0334940681e-09, 9.59951673707e-09, 6.28586116491e-09, 6.33000152295e-10, 2.8849947431e-10, 8.01935184924e-10, 6.71596056545e-10, 4.01882582768e-10, 3.9836800525e-10], "max": [0.0225427746773, 0.0191597230732, 0.0107997749001, 0.0103275235742, 0.0172398407012, 0.00724707264453, 0.00370435439982, 0.00520270876586, 0.00227073323913, 0.00818455498666, 0.00941442232579, 0.00757158221677, 0.00402787234634, 0.00330308545381, 0.00246838736348, 0.00147996598389, 0.000993233406916, 0.00190080923494, 0.00158009608276, 0.000940025318414, 0.00035033817403, 0.000512474274728, 0.000636033539195, 0.00075363664655, 0.000828709162306, 0.00094783626264, 0.000688240514137, 0.000335361080943, 0.000379826145945, 0.000355609430699, 0.000233872764511, 0.000452322303317, 0.00225618365221, 0.00177150499076, 0.000185486162081, 0.000101693913166, 0.000201112430659, 0.000175289838808, 0.000161709831445, 0.000139121344546], "mean": [0.00043898151489, 0.000371156085748, 0.000306232192088, 0.000379938021069, 0.000477311608847, 0.000155514120706, 0.000119074895338, 6.55947587802e-05, 5.29315657332e-05, 6.4729792939e-05, 5.1960512792e-05, 4.20993055741e-05, 2.45635110332e-05, 2.49001277552e-05, 2.1565327188e-05, 1.83881456906e-05, 2.14364499698e-05, 1.64723860507e-05, 1.59432329383e-05, 1.25671977003e-05, 1.16312849059e-05, 1.55561738211e-05, 1.26112436192e-05, 1.19228561744e-05, 1.21436160043e-05, 1.08880658445e-05, 9.69604570855e-06, 5.25736822965e-06, 5.1104020713e-06, 5.90007130086e-06, 4.47959064331e-06, 5.41229337614e-06, 6.20630180492e-06, 6.46890157441e-06, 4.70726308777e-06, 3.77539026886e-06, 5.50094864593e-06, 5.23787184648e-06, 3.99830287279e-06, 3.69417671209e-06], "median": [7.45925062802e-05, 9.41931284615e-05, 3.448206553e-05, 8.02651629783e-05, 0.00012939843873, 2.17129108933e-05, 2.30929763347e-05, 7.53806034481e-06, 1.01058940345e-05, 5.92449760006e-06, 3.74942214876e-06, 3.63694243788e-06, 2.02199248633e-06, 1.18425509754e-06, 1.24501741539e-06, 7.10736912879e-07, 6.22169011422e-07, 3.28651168502e-07, 1.90350448293e-07, 1.29473619381e-07, 2.45840737989e-07, 2.12308677305e-07, 7.10487668698e-08, 7.22857862456e-08, 6.66627926194e-08, 5.44017311199e-08, 5.64183473273e-08, 4.64841534153e-08, 4.07956406434e-08, 4.618570415e-08, 4.63818317087e-08, 4.45032135588e-08, 4.11802290046e-08, 3.30338991716e-08, 2.14774171781e-08, 1.86102209199e-08, 1.82540720317e-08, 1.82434884977e-08, 1.52492489747e-08, 1.19592584724e-08], "min": [4.81890120109e-24, 6.42169813869e-24, 2.42811800779e-24, 5.197699586e-24, 4.35515117415e-24, 1.36292855436e-23, 1.15624841714e-23, 2.29767867382e-24, 3.48250535219e-24, 3.67376231208e-24, 6.7368800192e-24, 6.24578057911e-24, 1.27394409762e-23, 1.00561432288e-23, 7.77777882819e-24, 5.73238556326e-24, 1.82706007443e-23, 8.34060584052e-24, 7.87443479947e-24, 6.67986036411e-24, 9.18591368781e-24, 8.47409057201e-24, 1.07127973572e-23, 8.75936003028e-24, 6.9969785037e-24, 5.03148817099e-24, 7.20184725851e-24, 8.951899678e-24, 7.34194106667e-24, 8.43857368748e-24, 8.66866942517e-24, 8.04324630002e-24, 5.49745253049e-24, 1.10220339875e-23, 7.85109319414e-24, 1.00697786896e-23, 1.08191578953e-23, 1.05045909319e-23, 1.05710595629e-23, 9.19295111595e-24], "var": [1.7087369315e-06, 7.72617454459e-07, 6.62613047098e-07, 3.77468523993e-07, 4.8083194315e-07, 9.88720429973e-08, 6.61961294668e-08, 4.73824641745e-08, 1.50537537991e-08, 1.2217559231e-07, 9.73792211312e-08, 5.52369030515e-08, 1.68324270078e-08, 1.68308869064e-08, 9.85266801479e-09, 6.50749276687e-09, 5.53243717505e-09, 5.05337593992e-09, 4.759722394e-09, 1.79283843327e-09, 1.15246279186e-09, 2.27558971666e-09, 1.81739501226e-09, 1.81650183784e-09, 2.04648631374e-09, 1.94874494319e-09, 1.25032839637e-09, 2.78351730554e-10, 2.79013423476e-10, 3.92601062771e-10, 1.8944464053e-10, 2.64473554168e-10, 1.8881409769e-09, 1.28541832733e-09, 1.83934520392e-10, 9.73018124406e-11, 2.30296545722e-10, 2.22140833506e-10, 1.54054949353e-10, 1.25800425632e-10]}, "mfcc": {"mean": [-792.643676758, 127.686187744, 40.0995292664, 11.5355434418, 4.22738552094, 6.12396717072, -0.73359131813, 0.394438952208, -2.18418812752, -4.82222080231, -3.39893054962, -0.986793398857, -1.52659106255], "cov": [[23016.0097656, -5364.39746094, -1843.6484375, -202.733520508, -342.998138428, -372.074371338, -465.907073975, -16.8402996063, -80.3080215454, 152.538208008, -81.3976974487, -161.061721802, -285.320159912], [-5364.39746094, 5147.08837891, 1033.44360352, -310.011444092, 10.9671831131, 20.7743320465, -69.6652450562, -167.974609375, -142.305618286, -306.215454102, -208.783035278, -23.2497425079, 8.72918510437], [-1843.6484375, 1033.44360352, 2150.63085938, 8.0830039978, -30.2985630035, -27.6023674011, -145.411361694, -139.063949585, -187.170440674, -213.661849976, -189.604888916, 11.0611715317, 69.272102356], [-202.733520508, -310.011444092, 8.0830039978, 597.693908691, 256.017364502, 97.6536941528, 79.0511322021, 92.3967056274, 31.4556293488, 51.0743217468, 44.0916290283, 15.9956140518, 14.5584096909], [-342.998138428, 10.9671831131, -30.2985630035, 256.017364502, 317.112121582, 58.8701896667, 47.6125869751, 41.251033783, -8.96634864807, -11.8265914917, 2.56711673737, 18.9023113251, 25.8740653992], [-372.074371338, 20.7743320465, -27.6023674011, 97.6536941528, 58.8701896667, 193.028762817, 116.46395874, 74.55909729, 86.5342102051, 57.3529891968, 61.2967147827, 9.46936893463, -13.0558223724], [-465.907073975, -69.6652450562, -145.411361694, 79.0511322021, 47.6125869751, 116.46395874, 248.943359375, 74.7236404419, 96.9348373413, 84.6694641113, 70.487953186, 15.6135015488, -25.1215934753], [-16.8402996063, -167.974609375, -139.063949585, 92.3967056274, 41.251033783, 74.55909729, 74.7236404419, 154.440444946, 109.853012085, 70.6801834106, 62.6578788757, 2.16077637672, -5.30892705917], [-80.3080215454, -142.305618286, -187.170440674, 31.4556293488, -8.96634864807, 86.5342102051, 96.9348373413, 109.853012085, 217.992721558, 112.385360718, 92.45703125, 18.4882202148, -19.6772575378], [152.538208008, -306.215454102, -213.661849976, 51.0743217468, -11.8265914917, 57.3529891968, 84.6694641113, 70.6801834106, 112.385360718, 146.237091064, 88.8105621338, 16.5233535767, -19.2848815918], [-81.3976974487, -208.783035278, -189.604888916, 44.0916290283, 2.56711673737, 61.2967147827, 70.487953186, 62.6578788757, 92.45703125, 88.8105621338, 130.831817627, 25.9234676361, -10.2503900528], [-161.061721802, -23.2497425079, 11.0611715317, 15.9956140518, 18.9023113251, 9.46936893463, 15.6135015488, 2.16077637672, 18.4882202148, 16.5233535767, 25.9234676361, 68.5633850098, 19.0893383026], [-285.320159912, 8.72918510437, 69.272102356, 14.5584096909, 25.8740653992, -13.0558223724, -25.1215934753, -5.30892705917, -19.6772575378, -19.2848815918, -10.2503900528, 19.0893383026, 84.0099716187]], "icov": [[7.16192298569e-05, 7.43741111364e-05, 4.00790631829e-05, 1.99212736334e-05, 1.94947770069e-05, -7.43071097986e-08, 0.000156372785568, -2.66030092462e-05, 1.48753333633e-05, -2.32979200518e-05, 0.000165924095199, 1.03316097011e-05, 0.000254106678767], [7.43741111364e-05, 0.000329579692334, -4.29588617408e-05, 0.000179117370863, -9.13446929189e-05, -0.000176443951204, 8.59694191604e-05, 9.53684648266e-05, -0.000159340372193, 0.000457036949228, 0.000269916112302, 1.10148512249e-05, 0.000353201990947], [4.00790631829e-05, -4.29588617408e-05, 0.000666536274366, -0.000247004441917, 0.000382310419809, -0.000385203486076, 0.000223154755076, 0.000125054400996, 9.4005248684e-05, 0.000452181819128, 0.00069786090171, -0.000430819723988, -0.000160334937391], [1.99212736334e-05, 0.000179117370863, -0.000247004441917, 0.00302967778407, -0.00231602508575, -0.000433619337855, 7.6393072959e-05, -0.00090885051759, 0.000575719459448, -0.00102305668406, -0.000192140520085, 0.000271307275398, 0.000153932909598], [1.94947770069e-05, -9.13446929189e-05, 0.000382310419809, -0.00231602508575, 0.00566189922392, -0.000865683425218, -0.000532411155291, -0.000754460750613, 0.000637557939626, 0.00172819884028, 0.000719572650269, -0.0013924142113, -0.000973163871095], [-7.43071097986e-08, -0.000176443951204, -0.000385203486076, -0.000433619337855, -0.000865683425218, 0.00898407120258, -0.00270910887048, -0.00136057334021, -0.00128297228366, 3.04070908896e-05, -0.00199416675605, 0.000720784300938, 0.000476958608488], [0.000156372785568, 8.59694191604e-05, 0.000223154755076, 7.6393072959e-05, -0.000532411155291, -0.00270910887048, 0.00693052262068, -0.000505139993038, -0.000306657660985, -0.00198278203607, 0.000156046604388, -0.000686198065523, 0.00175636319909], [-2.66030092462e-05, 9.53684648266e-05, 0.000125054400996, -0.00090885051759, -0.000754460750613, -0.00136057334021, -0.000505139993038, 0.0123894810677, -0.0047316364944, -0.000548688694835, -0.0012829687912, 0.00255528907292, -0.00136446265969], [1.48753333633e-05, -0.000159340372193, 9.4005248684e-05, 0.000575719459448, 0.000637557939626, -0.00128297228366, -0.000306657660985, -0.0047316364944, 0.0106223635375, -0.00442067207769, -0.00145607884042, -0.00139602296986, 0.000716131005902], [-2.32979200518e-05, 0.000457036949228, 0.000452181819128, -0.00102305668406, 0.00172819884028, 3.04070908896e-05, -0.00198278203607, -0.000548688694835, -0.00442067207769, 0.0172471292317, -0.00530996825546, -0.000987382838503, 0.00102288834751], [0.000165924095199, 0.000269916112302, 0.00069786090171, -0.000192140520085, 0.000719572650269, -0.00199416675605, 0.000156046604388, -0.0012829687912, -0.00145607884042, -0.00530996825546, 0.0162307787687, -0.00419181305915, 0.00080029212404], [1.03316097011e-05, 1.10148512249e-05, -0.000430819723988, 0.000271307275398, -0.0013924142113, 0.000720784300938, -0.000686198065523, 0.00255528907292, -0.00139602296986, -0.000987382838503, -0.00419181305915, 0.0184059143066, -0.00440810713917], [0.000254106678767, 0.000353201990947, -0.000160334937391, 0.000153932909598, -0.000973163871095, 0.000476958608488, 0.00175636319909, -0.00136446265969, 0.000716131005902, 0.00102288834751, 0.00080029212404, -0.00440810713917, 0.0151498541236]]}, "spectral_contrast_coeffs": {"dmean": [0.049294501543, 0.0454663559794, 0.0418476946652, 0.0350583940744, 0.0311519280076, 0.0315171778202], "dmean2": [0.0826891511679, 0.0765686705709, 0.0696424916387, 0.0588648766279, 0.0506207346916, 0.0490889102221], "dvar": [0.00163351977244, 0.00190098048188, 0.00165141327307, 0.00107786688022, 0.000845867849421, 0.0010003792122], "dvar2": [0.00433437339962, 0.0051874788478, 0.00407974747941, 0.00264904601499, 0.0021773125045, 0.00228096195497], "max": [-0.315053761005, -0.439248025417, -0.528099238873, -0.532835960388, -0.570543646812, -0.488106489182], "mean": [-0.649724841118, -0.774129092693, -0.804279983044, -0.816960394382, -0.829205453396, -0.814719080925], "median": [-0.649426817894, -0.785964071751, -0.814678609371, -0.825180888176, -0.835011541843, -0.818094551563], "min": [-0.974445879459, -0.978391170502, -0.975405931473, -0.972482979298, -0.965599119663, -0.969197869301], "var": [0.0112819019705, 0.00587512692437, 0.00466471910477, 0.00332317594439, 0.00247643096372, 0.00397401722148]}, "spectral_contrast_valleys": {"dmean": [0.58575963974, 0.636935949326, 0.877431035042, 0.947379589081, 1.1062630415, 1.31990933418], "dmean2": [0.913224697113, 0.971134006977, 1.2996712923, 1.37986135483, 1.51661574841, 1.74486613274], "dvar": [0.365768820047, 0.623930454254, 1.11850786209, 1.29303777218, 1.76045966148, 2.24975824356], "dvar2": [0.668312609196, 1.17581617832, 2.0900452137, 2.30483818054, 2.92019128799, 3.47606396675], "max": [-5.25676727295, -4.6861577034, -4.44077062607, -4.76922273636, -4.86964511871, -6.9