{"lowlevel": {"average_loudness": 0.832259953022, "barkbands_crest": {"dmean": 2.01691484451, "dmean2": 3.17291116714, "dvar": 5.89747428894, "dvar2": 13.5924015045, "max": 25.9016342163, "mean": 13.5246591568, "median": 13.0086364746, "min": 3.05391764641, "var": 21.7045516968}, "barkbands_flatness_db": {"dmean": 0.0437071360648, "dmean2": 0.0607678182423, "dvar": 0.00274000433274, "dvar2": 0.00556455366313, "max": 0.931985557079, "mean": 0.292254209518, "median": 0.286573112011, "min": 0.0350366197526, "var": 0.01511652302}, "barkbands_kurtosis": {"dmean": 8.49118423462, "dmean2": 13.1259641647, "dvar": 451.020751953, "dvar2": 1100.59924316, "max": 673.84979248, "mean": 16.2725296021, "median": 6.23093986511, "min": -1.84732687473, "var": 1009.05786133}, "barkbands_skewness": {"dmean": 0.72333920002, "dmean2": 1.08847093582, "dvar": 1.0388725996, "dvar2": 2.42921519279, "max": 16.5650482178, "mean": 2.28512454033, "median": 1.90919005871, "min": -3.60418558121, "var": 5.05901002884}, "barkbands_spread": {"dmean": 3.66140007973, "dmean2": 5.50924491882, "dvar": 46.6462631226, "dvar2": 104.100715637, "max": 118.393600464, "mean": 11.230969429, "median": 5.9660243988, "min": 0.135947823524, "var": 273.071899414}, "dissonance": {"dmean": 0.0420186556876, "dmean2": 0.068212851882, "dvar": 0.00181475712452, "dvar2": 0.0044706556946, "max": 0.500000298023, "mean": 0.370520502329, "median": 0.386881530285, "min": 0.0455378554761, "var": 0.00724190101027}, "dynamic_complexity": 4.9459438324, "erbbands_crest": {"dmean": 2.08392477036, "dmean2": 3.19249510765, "dvar": 6.10082530975, "dvar2": 14.1946678162, "max": 31.0496921539, "mean": 14.0720834732, "median": 13.5718994141, "min": 2.62326335907, "var": 31.9431419373}, "erbbands_flatness_db": {"dmean": 0.0358969271183, "dmean2": 0.0499351061881, "dvar": 0.00202882988378, "dvar2": 0.00422151526436, "max": 0.593852579594, "mean": 0.250624120235, "median": 0.236167013645, "min": 0.0413176678121, "var": 0.013004234992}, "erbbands_kurtosis": {"dmean": 3.07480168343, "dmean2": 4.69590330124, "dvar": 68.8514862061, "dvar2": 167.63848877, "max": 245.219711304, "mean": 5.31389665604, "median": 2.28235268593, "min": -1.88291859627, "var": 149.626739502}, "erbbands_skewness": {"dmean": 0.500522851944, "dmean2": 0.732375264168, "dvar": 0.418756723404, "dvar2": 0.959656894207, "max": 12.5735569, "mean": 1.03983354568, "median": 0.90239661932, "min": -3.37132763863, "var": 1.96344852448}, "erbbands_spread": {"dmean": 7.95063924789, "dmean2": 11.6379709244, "dvar": 180.907989502, "dvar2": 398.357574463, "max": 162.80909729, "mean": 25.7290802002, "median": 16.1685123444, "min": 0.557256937027, "var": 713.08392334}, "hfc": {"dmean": 4.22498893738, "dmean2": 6.45083379745, "dvar": 81.3085250854, "dvar2": 198.990585327, "max": 150.522216797, "mean": 13.7594594955, "median": 10.3800754547, "min": 1.19803188624e-16, "var": 197.335968018}, "melbands_crest": {"dmean": 2.28946185112, "dmean2": 3.65162420273, "dvar": 7.91087818146, "dvar2": 18.5019264221, "max": 34.0182380676, "mean": 17.0340538025, "median": 16.5131454468, "min": 2.1286945343, "var": 31.3090457916}, "melbands_flatness_db": {"dmean": 0.0489590801299, "dmean2": 0.0672408044338, "dvar": 0.00353417592123, "dvar2": 0.00700367847458, "max": 1, "mean": 0.399030774832, "median": 0.392871975899, "min": 0.00494486978278, "var": 0.0226066913456}, "melbands_kurtosis": {"dmean": 13.0591030121, "dmean2": 20.112739563, "dvar": 936.416259766, "dvar2": 2185.04614258, "max": 566.596984863, "mean": 27.5235652924, "median": 9.97122192383, "min": -1.74172317982, "var": 2372.38452148}, "melbands_skewness": {"dmean": 0.793435275555, "dmean2": 1.18392419815, "dvar": 1.41753780842, "dvar2": 3.14104485512, "max": 18.3011722565, "mean": 2.86712813377, "median": 2.27950048447, "min": -2.51819133759, "var": 6.98450660706}, "melbands_spread": {"dmean": 2.75412964821, "dmean2": 4.18297100067, "dvar": 32.9438285828, "dvar2": 68.5688476562, "max": 184.649093628, "mean": 11.1803922653, "median": 5.9086933136, "min": 0.23506616056, "var": 468.771850586}, "pitch_salience": {"dmean": 0.0584065020084, "dmean2": 0.0920286998153, "dvar": 0.00560754304752, "dvar2": 0.0130414720625, "max": 0.945537447929, "mean": 0.447127074003, "median": 0.448017776012, "min": 0.0128113785759, "var": 0.0185774713755}, "silence_rate_20dB": {"dmean": 0.000190059872693, "dmean2": 0.00038015586324, "dvar": 0.000189997284906, "dvar2": 0.000569983443711, "max": 1, "mean": 0.999904990196, "median": 1, "min": 0, "var": 9.50052635744e-05}, "silence_rate_30dB": {"dmean": 0.0573980808258, "dmean2": 0.114807069302, "dvar": 0.0541044324636, "dvar2": 0.120256640017, "max": 1, "mean": 0.86231470108, "median": 1, "min": 0, "var": 0.118725903332}, "silence_rate_60dB": {"dmean": 0.0159650295973, "dmean2": 0.0319330915809, "dvar": 0.0157098732889, "dvar2": 0.035093061626, "max": 1, "mean": 0.141486123204, "median": 0, "min": 0, "var": 0.121470436454}, "spectral_centroid": {"dmean": 105.584709167, "dmean2": 154.276657104, "dvar": 47940.0234375, "dvar2": 88475.1484375, "max": 10674.2695312, "mean": 636.472167969, "median": 469.084960938, "min": 84.0204238892, "var": 359305.09375}, "spectral_complexity": {"dmean": 1.5533592701, "dmean2": 2.52081346512, "dvar": 8.5304517746, "dvar2": 17.8352241516, "max": 49, "mean": 7.74049806595, "median": 8, "min": 0, "var": 22.8941936493}, "spectral_decrease": {"dmean": 3.17819148776e-09, "dmean2": 4.98750418743e-09, "dvar": 4.67530224626e-17, "dvar2": 1.03944058404e-16, "max": -6.50475134997e-29, "mean": -1.34067832391e-08, "median": -1.05128084016e-08, "min": -1.02415896208e-07, "var": 1.6290206463e-16}, "spectral_energy": {"dmean": 0.0122358929366, "dmean2": 0.0191974230111, "dvar": 0.000687729334459, "dvar2": 0.00152983900625, "max": 0.389766395092, "mean": 0.0518483370543, "median": 0.0409779474139, "min": 1.11120115381e-20, "var": 0.00238234270364}, "spectral_energyband_high": {"dmean": 0.000229167679208, "dmean2": 0.000348763365764, "dvar": 3.80729886729e-07, "dvar2": 9.08410129341e-07, "max": 0.0113786589354, "mean": 0.000384093320463, "median": 1.3954606402e-05, "min": 8.22945108543e-21, "var": 1.12472105229e-06}, "spectral_energyband_low": {"dmean": 0.0094196870923, "dmean2": 0.0144678484648, "dvar": 0.000487050856464, "dvar2": 0.0010566705605, "max": 0.375995844603, "mean": 0.0345054529607, "median": 0.0174618065357, "min": 5.08193535256e-23, "var": 0.0018712694291}, "spectral_energyband_middle_high": {"dmean": 0.00048003232223, "dmean2": 0.000696598610375, "dvar": 2.05655487662e-06, "dvar2": 4.60202318209e-06, "max": 0.0494414865971, "mean": 0.00180862646084, "median": 0.00057822780218, "min": 1.80429558712e-21, "var": 1.64865668921e-05}, "spectral_energyband_middle_low": {"dmean": 0.00520879309624, "dmean2": 0.00852236617357, "dvar": 0.00024445093004, "dvar2": 0.00061543477932, "max": 0.22252240777, "mean": 0.0162863992155, "median": 0.00966669619083, "min": 2.66978752615e-22, "var": 0.000372925278498}, "spectral_entropy": {"dmean": 0.413442015648, "dmean2": 0.5952937603, "dvar": 0.264028191566, "dvar2": 0.558510243893, "max": 9.80433273315, "mean": 6.14178991318, "median": 5.9773607254, "min": 2.62911725044, "var": 1.27678978443}, "spectral_flux": {"dmean": 0.0339107662439, "dmean2": 0.0542339757085, "dvar": 0.00297314068303, "dvar2": 0.00654263654724, "max": 0.539440751076, "mean": 0.0626082420349, "median": 0.0397096648812, "min": 1.05413525131e-10, "var": 0.00539078610018}, "spectral_kurtosis": {"dmean": 19.7705821991, "dmean2": 30.5309467316, "dvar": 1613.35327148, "dvar2": 3486.13842773, "max": 1188.92504883, "mean": 44.6233062744, "median": 15.4444293976, "min": -1.14941263199, "var": 4589.96728516}, "spectral_rms": {"dmean": 0.000788992620073, "dmean2": 0.00120214070193, "dvar": 2.08659571399e-06, "dvar2": 4.14349460698e-06, "max": 0.0195002537221, "mean": 0.00611111801118, "median": 0.00632285419852, "min": 3.29256543904e-12, "var": 1.32378863782e-05}, "spectral_rolloff": {"dmean": 226.89604187, "dmean2": 388.663360596, "dvar": 963352.3125, "dvar2": 2077824.25, "max": 19293.75, "mean": 983.44317627, "median": 452.197265625, "min": 21.533203125, "var": 6577895}, "spectral_skewness": {"dmean": 1.11587262154, "dmean2": 1.6661491394, "dvar": 2.64757537842, "dvar2": 5.28384923935, "max": 31.1606178284, "mean": 4.31311702728, "median": 3.25493764877, "min": 0.0536426566541, "var": 10.6985311508}, "spectral_spread": {"dmean": 1096089.875, "dmean2": 1597294.125, "dvar": 2399517802500.0, "dvar2": 4990375559170.0, "max": 39356308, "mean": 4102042.5, "median": 3166867, "min": 185733.25, "var": 10217300426800.0}, "spectral_strongpeak": {"dmean": 0.261772453785, "dmean2": 0.446614146233, "dvar": 0.26034411788, "dvar2": 0.621139764786, "max": 7.28299713135, "mean": 0.880094766617, "median": 0.58300447464, "min": 0, "var": 0.995115816593}, "zerocrossingrate": {"dmean": 0.0078440066427, "dmean2": 0.00907840207219, "dvar": 0.000167329315445, "dvar2": 0.000200312526431, "max": 0.51171875, "mean": 0.0411922596395, "median": 0.0244140625, "min": 0, "var": 0.00420475937426}, "barkbands": {"dmean": [0.00139170279726, 0.00704113952816, 0.00369254942052, 0.00209103617817, 0.00263259327039, 0.000743495183997, 0.000616625242401, 0.000398731848691, 0.000281223852653, 0.000157336718985, 0.000137680355692, 5.61278939131e-05, 5.06006799696e-05, 5.74709483772e-05, 5.87293761782e-05, 4.19558455178e-05, 2.07036828215e-05, 2.50849607255e-05, 1.94526583073e-05, 1.78931495611e-05, 3.0227465686e-05, 3.05383946397e-05, 3.77559554181e-05, 4.92948420288e-05, 4.08450614486e-05, 2.44631519308e-05, 3.49109941453e-05], "dmean2": [0.0019427187508, 0.0111885378137, 0.00613507675007, 0.00352383335121, 0.00456848880276, 0.00122859247494, 0.00103340612259, 0.000579155574087, 0.000404879567213, 0.000220270099817, 0.000185615106602, 9.08070796868e-05, 7.46912555769e-05, 8.09987323009e-05, 8.83434622665e-05, 6.93337715347e-05, 3.4553482692e-05, 3.83370024792e-05, 3.0514496757e-05, 2.73409514193e-05, 4.46225822088e-05, 4.75641609228e-05, 5.70291886106e-05, 7.78161265771e-05, 6.76503841532e-05, 3.9986349293e-05, 5.31590558239e-05], "dvar": [1.11792523967e-05, 0.000291094009299, 0.000115417715278, 6.2585757405e-05, 9.97015959001e-05, 4.93481229569e-06, 3.21798802361e-06, 9.64453647612e-07, 1.33517380618e-06, 5.22677908066e-07, 4.32744485579e-07, 5.84500945422e-08, 2.39303066252e-08, 4.46879617755e-08, 5.62651791824e-08, 2.65650843545e-08, 6.89099444173e-09, 1.18509673186e-08, 9.93479343236e-09, 3.43242478884e-09, 1.09122835212e-08, 8.99142982291e-09, 1.24990719996e-08, 2.64381405657e-08, 1.63740629944e-08, 5.36349498148e-09, 1.72092811113e-08], "dvar2": [1.95973771042e-05, 0.000713324116077, 0.00029026606353, 0.000164601748111, 0.000281783693936, 1.07921523522e-05, 8.75908608577e-06, 2.21185337068e-06, 2.57519741353e-06, 1.0250082596e-06, 7.50597564547e-07, 1.49488755596e-07, 5.31089874301e-08, 8.50850980783e-08, 1.22777322531e-07, 6.89003485377e-08, 1.83068689097e-08, 2.79063030462e-08, 2.37020252314e-08, 7.35782501593e-09, 2.51754723735e-08, 2.11837285491e-08, 2.63775437048e-08, 6.60720189671e-08, 4.34899298796e-08, 1.413237527e-08, 3.938574622e-08], "max": [0.0713377892971, 0.285256296396, 0.204192578793, 0.121213883162, 0.147529840469, 0.0628664791584, 0.0331665873528, 0.019660435617, 0.0351751782, 0.0371970161796, 0.0368981771171, 0.0147885065526, 0.00371493352577, 0.0087092006579, 0.00962313450873, 0.00295742927119, 0.00168570468668, 0.00217828480527, 0.00250519951805, 0.00148486963008, 0.00248297583312, 0.0024150412064, 0.00241604493931, 0.0035795008298, 0.00198909733444, 0.000972127832938, 0.00397328520194], "mean": [0.00229512131773, 0.0207889117301, 0.0106390658766, 0.00330125773326, 0.00527722900733, 0.00216966541484, 0.00214536115527, 0.0012366422452, 0.0014312081039, 0.000821626686957, 0.000708851381205, 0.000125409380416, 9.658082854e-05, 0.000156504567713, 0.000133966124849, 4.84568263346e-05, 2.24180894293e-05, 2.7630776458e-05, 2.29540255532e-05, 2.88924602501e-05, 4.2813939217e-05, 5.08595330757e-05, 6.8387700594e-05, 8.67772105266e-05, 5.11905855092e-05, 2.57982792391e-05, 4.47967941e-05], "median": [0.000305036257487, 0.00543525395915, 0.00288038002327, 0.000681695179082, 0.00104276277125, 0.000462793104816, 0.000404331833124, 0.000408047169913, 0.000131460910779, 7.53721251385e-05, 5.00107853441e-05, 2.94244036922e-05, 1.49659335875e-05, 1.2724577573e-05, 1.30239313876e-05, 2.285741175e-06, 2.80433278022e-06, 1.33240553168e-06, 1.25658289107e-06, 1.77275705937e-06, 1.95352140508e-06, 1.38538348438e-06, 1.20412687465e-06, 1.22510436995e-06, 7.02031854871e-07, 4.3298308583e-07, 2.42718670052e-07], "min": [8.23175802395e-24, 1.4854700496e-23, 1.48140473381e-23, 2.59855294464e-23, 1.08790182386e-23, 5.02449144808e-23, 4.49299199557e-23, 4.49226119482e-23, 8.42710191442e-23, 5.364215028e-23, 5.60951795291e-23, 1.17492968467e-22, 1.94843885181e-22, 1.54166771163e-22, 1.12669696188e-22, 1.73397735906e-22, 2.10724235804e-22, 2.66416200126e-22, 2.04450608041e-22, 3.97035006262e-22, 5.01187339702e-22, 4.98238741721e-22, 7.79997996153e-22, 1.02577484345e-21, 1.26975818708e-21, 1.62343262696e-21, 2.55186289299e-21], "var": [2.7114758268e-05, 0.000926198379602, 0.000286935683107, 6.16709949099e-05, 0.000118899450172, 2.21219797822e-05, 1.72208165168e-05, 3.98563997805e-06, 1.30439748318e-05, 8.43094494485e-06, 7.90978901932e-06, 1.06602684014e-07, 5.2234561565e-08, 2.85185251414e-07, 2.49171762334e-07, 2.99576612406e-08, 6.23575280301e-09, 1.39796600962e-08, 1.10437534673e-08, 8.9456886343e-09, 2.17436735284e-08, 2.62556429931e-08, 5.35269535362e-08, 7.94338532728e-08, 2.3848700792e-08, 5.55796431101e-09, 2.75227964863e-08]}, "erbbands": {"dmean": [0.164652988315, 1.7526550293, 4.19241476059, 5.31705951691, 8.81182384491, 8.64431381226, 5.99556684494, 5.88723707199, 8.96491241455, 7.46830463409, 10.3784999847, 5.73320817947, 5.74859142303, 4.70161104202, 3.50155711174, 2.46367311478, 2.40306687355, 3.08605289459, 2.34071516991, 2.74602222443, 1.93535351753, 1.19055604935, 1.64968240261, 0.70865637064, 1.11481058598, 0.786785781384, 1.02579712868, 1.22563660145, 1.11795186996, 0.962610840797, 1.18055570126, 1.14383721352, 0.812624514103, 0.522555470467, 0.266322165728, 0.119970805943, 0.0410122945905, 0.016012718901, 0.00610799761489, 0.000482556904899], "dmean2": [0.256779313087, 2.79963827133, 6.87169122696, 8.6175737381, 15.2385177612, 14.820315361, 10.0924196243, 9.90921211243, 15.1822166443, 11.6231975555, 14.98229599, 8.45396232605, 7.90766811371, 6.46365785599, 5.07145881653, 3.92607569695, 3.51102375984, 4.23639249802, 3.59735822678, 4.26075553894, 3.26261496544, 1.97323799133, 2.51962208748, 1.10893177986, 1.72736644745, 1.18530356884, 1.49983119965, 1.84793806076, 1.71801924706, 1.49026620388, 1.8166217804, 1.76574730873, 1.32217538357, 0.881070792675, 0.433416098356, 0.202990442514, 0.0656953081489, 0.0248901359737, 0.00925182458013, 0.000743705895729], "dvar": [0.141106963158, 19.2788143158, 135.411819458, 332.63772583, 1311.78100586, 921.141113281, 341.852233887, 291.799499512, 706.876647949, 368.187835693, 1176.61694336, 397.751556396, 729.992431641, 591.104064941, 218.471252441, 120.66885376, 50.8442344666, 113.647521973, 61.7985610962, 101.23639679, 64.6848068237, 22.4954280853, 55.3624076843, 10.7968606949, 28.6214389801, 6.00107097626, 12.4152803421, 20.1549263, 11.531703949, 10.4438619614, 12.4465608597, 11.9695129395, 9.49561691284, 3.12816524506, 0.658933401108, 0.158279418945, 0.0140013433993, 0.0026218413841, 0.000590962416027, 3.06805350192e-06], "dvar2": [0.319464951754, 47.307472229, 324.220336914, 826.051330566, 3676.52148438, 2536.55151367, 855.631225586, 691.247802734, 1951.32922363, 913.073364258, 2526.29760742, 837.250793457, 1381.92565918, 1072.10168457, 407.841156006, 305.975494385, 115.711921692, 207.177459717, 151.353729248, 237.840957642, 178.054275513, 60.3688697815, 131.714614868, 26.4854316711, 67.8812484741, 12.5794782639, 28.3355579376, 46.8307189941, 25.0043067932, 26.6753616333, 27.6127605438, 28.3125476837, 26.0068073273, 8.71407222748, 1.68124878407, 0.429953485727, 0.0356577932835, 0.00627291994169, 0.00134078948759, 7.11860548108e-06], "max": [6.173640728, 80.7327880859, 235.319488525, 268.299987793, 581.561950684, 454.542327881, 374.331939697, 354.263061523, 492.385131836, 421.218017578, 860.497253418, 516.953918457, 1447.48352051, 1385.67175293, 1403.95654297, 736.914611816, 158.09135437, 458.89855957, 196.613922119, 334.941711426, 155.512832642, 93.1677017212, 150.71043396, 80.9724197388, 137.32522583, 49.469707489, 79.0154647827, 157.602478027, 121.366905212, 74.8653259277, 71.8495483398, 85.4116516113, 73.9724807739, 34.426738739, 11.3456830978, 5.34624862671, 1.68171167374, 1.34215307236, 0.744111835957, 0.0547831878066], "mean": [0.456469297409, 5.10899353027, 13.2409152985, 11.8611831665, 14.4529809952, 17.4002437592, 15.2990636826, 16.9286003113, 29.4002933502, 29.2176036835, 40.3058586121, 25.0596370697, 31.7617359161, 25.0573596954, 12.4544210434, 5.82213306427, 5.33419322968, 9.02055644989, 4.89999771118, 5.66237831116, 2.21747875214, 1.29508149624, 1.79065239429, 0.845658183098, 1.48362970352, 1.2535533905, 1.49636077881, 1.84027993679, 1.88721096516, 1.6754308939, 2.02549004555, 2.0291082859, 1.31532478333, 0.698562562466, 0.309993326664, 0.123041063547, 0.0444147177041, 0.0183010883629, 0.00768251810223, 0.000683447404299], "median": [0.0655510574579, 1.40252351761, 4.91040802002, 4.43681716919, 4.29436206818, 2.66559648514, 1.72145426273, 4.18634033203, 6.85017871857, 7.95697593689, 8.36337280273, 3.91152381897, 3.79012346268, 2.28687667847, 1.71969485283, 1.81895923615, 1.33310604095, 1.38913154602, 0.99690425396, 0.684272170067, 0.236632734537, 0.158563375473, 0.0923035740852, 0.0684539526701, 0.0750595405698, 0.0844234526157, 0.0716997683048, 0.0669131949544, 0.0511276833713, 0.0440463125706, 0.0342463478446, 0.0269241295755, 0.0190536901355, 0.00932890363038, 0.00436155172065, 0.00206448673271, 0.000714035588317, 0.000238285545493, 7.03237747075e-05, 8.24318412924e-05], "min": [4.27338952786e-22, 3.40684957765e-21, 1.54073682042e-20, 6.16959445339e-20, 5.58604696556e-20, 2.75134133473e-20, 1.15362343464e-19, 5.92751940089e-19, 6.00654771962e-19, 8.42536496842e-19, 7.27194690722e-19, 1.65437776872e-18, 1.69452208462e-18, 2.87145471929e-18, 2.74825795437e-18, 4.63771631727e-18, 8.10012065349e-18, 1.05403721165e-17, 5.65175041276e-18, 6.59699492773e-18, 9.41628743079e-18, 1.15356283849e-17, 1.51903001012e-17, 1.08543938653e-17, 1.57286524049e-17, 1.63742387488e-17, 2.10665134178e-17, 1.76713009627e-17, 1.9594697719e-17, 1.83982339025e-17, 2.11667792885e-17, 1.95952717823e-17, 1.91802851952e-17, 1.27475910845e-17, 9.44183903992e-18, 5.4455578607e-18, 3.01983396398e-18, 1.34599294564e-18, 3.82337768373e-19, 3.84480075687e-20], "var": [0.508702337742, 58.748260498, 399.037200928, 442.38079834, 1121.3807373, 1438.42333984, 1181.7869873, 1095.51135254, 2768.39428711, 2534.83349609, 8160.79296875, 3031.42211914, 12662.3134766, 9323.49023438, 2965.62255859, 228.091125488, 112.020454407, 790.416687012, 156.106002808, 334.114440918, 57.2692947388, 19.8729915619, 63.6820678711, 11.0524930954, 37.8774108887, 14.3254098892, 23.0790557861, 46.9679794312, 36.4202613831, 29.7947463989, 46.8700218201, 42.6621704102, 19.9644203186, 4.91263532639, 0.850558817387, 0.148458257318, 0.0157746076584, 0.00339552341029, 0.000912732095458, 5.26285748492e-06]}, "gfcc": {"mean": [-136.128128052, 131.102828979, -66.6709747314, -6.06746244431, -46.8920974731, 8.01274776459, -23.5886745453, -3.38465881348, -7.0814743042, 4.72793149948, -11.211523056, -8.96103286743, -9.0695848465], "cov": [[34941.9335938, 919.57208252, 3388.0703125, 2805.74194336, -244.651672363, 1316.14916992, 307.708557129, 300.499084473, -262.016204834, -454.75100708, -556.753356934, -335.952667236, -364.723968506], [919.57208252, 5382.75097656, 461.810852051, -684.873168945, 1019.26019287, -279.130096436, 506.02355957, -345.051574707, 245.005813599, -169.910507202, -16.86769104, -307.745452881, 126.308883667], [3388.0703125, 461.810852051, 3250.63842773, 1369.53259277, 424.473236084, 607.947265625, 199.638244629, 129.758132935, -106.620285034, -215.738449097, -78.0600891113, -121.658630371, -161.640899658], [2805.74194336, -684.873168945, 1369.53259277, 2368.75341797, 105.644454956, 520.411193848, -18.0944843292, 10.0818748474, -94.453338623, -326.7890625, -29.3721847534, 29.1830749512, -18.45586586], [-244.651672363, 1019.26019287, 424.473236084, 105.644454956, 818.247741699, 89.5869827271, 248.668731689, 31.0910587311, 112.661300659, -42.5963020325, -24.8114967346, -55.703125, 40.1331748962], [1316.14916992, -279.130096436, 607.947265625, 520.411193848, 89.5869827271, 541.562927246, 101.249000549, 103.845840454, -23.7774467468, -51.0368232727, -43.4866333008, -28.0925617218, -46.8520011902], [307.708557129, 506.02355957, 199.638244629, -18.0944843292, 248.668731689, 101.249000549, 389.466064453, 89.2622756958, 75.1374893188, -1.68976330757, -41.3864707947, -80.8144683838, -18.2021064758], [300.499084473, -345.051574707, 129.758132935, 10.0818748474, 31.0910587311, 103.845840454, 89.2622756958, 346.158599854, 105.800331116, 53.2259750366, -61.4425468445, -34.8858795166, -58.9077796936], [-262.016204834, 245.005813599, -106.620285034, -94.453338623, 112.661300659, -23.7774467468, 75.1374893188, 105.800331116, 276.599853516, 115.999229431, 3.03863716125, -63.3976287842, -24.6962089539], [-454.75100708, -169.910507202, -215.738449097, -326.7890625, -42.5963020325, -51.0368232727, -1.68976330757, 53.2259750366, 115.999229431, 253.776947021, 63.8725585938, -1.25690031052, -41.2542381287], [-556.753356934, -16.86769104, -78.0600891113, -29.3721847534, -24.8114967346, -43.4866333008, -41.3864707947, -61.4425468445, 3.03863716125, 63.8725585938, 181.569549561, 85.9724655151, 22.8715610504], [-335.952667236, -307.745452881, -121.658630371, 29.1830749512, -55.703125, -28.0925617218, -80.8144683838, -34.8858795166, -63.3976287842, -1.25690031052, 85.9724655151, 173.222503662, 76.7100219727], [-364.723968506, 126.308883667, -161.640899658, -18.45586586, 40.1331748962, -46.8520011902, -18.2021064758, -58.9077796936, -24.6962089539, -41.2542381287, 22.8715610504, 76.7100219727, 156.568649292]], "icov": [[3.8651865907e-05, -3.56498858309e-05, -1.26776913021e-05, -4.38866081822e-05, 6.42068262096e-05, -5.09066121595e-05, -5.69815074414e-06, -3.01342934108e-05, 4.57674796053e-05, -5.90835952607e-05, 0.000128696148749, -5.99230297667e-05, 5.90555464441e-05], [-3.56498858309e-05, 0.000476440472994, -0.000114462811325, 0.000257178646279, -0.000378131226171, 0.000222770351684, -0.000267368770437, 0.000545506132767, -0.000483929819893, 0.000628980866168, -0.000496119377203, 0.000832098303363, -0.000463324482553], [-1.26776913021e-05, -0.000114462811325, 0.000570309639443, -0.000267820607405, -0.000187727971934, -0.000285792251816, 4.75825654576e-05, -0.000266263145022, 0.000460178329377, -9.5406845503e-05, -9.00498780538e-05, 6.26666951575e-05, 0.000517873559147], [-4.38866081822e-05, 0.000257178646279, -0.000267820607405, 0.000941664970014, -0.000147559811012, -0.000386855768738, 9.43986087805e-05, 0.000389463995816, -0.000750213686842, 0.00134872761555, -0.000519786321092, 8.57315535541e-05, -0.000124667523778], [6.42068262096e-05, -0.000378131226171, -0.000187727971934, -0.000147559811012, 0.00213982770219, -0.000243157395744, -0.000737273774575, -0.000170800238266, -0.000491246988531, -0.000102961239463, 0.000449451006716, -0.000610958843026, -0.000398759031668], [-5.09066121595e-05, 0.000222770351684, -0.000285792251816, -0.000386855768738, -0.000243157395744, 0.00302400253713, -0.000666357460432, -0.000381029502023, 0.000360508129233, -0.000214452113141, 5.10448126079e-06, 0.000340404425515, -5.97100624873e-05], [-5.69815074414e-06, -0.000267368770437, 4.75825654576e-05, 9.43986087805e-05, -0.000737273774575, -0.000666357460432, 0.00393714290112, -0.00098904420156, 7.51711486373e-05, -7.01992830727e-05, -0.000123025747598, 0.000967221392784, -0.000124700585729], [-3.01342934108e-05, 0.000545506132767, -0.000266263145022, 0.000389463995816, -0.000170800238266, -0.000381029502023, -0.00098904420156, 0.0049179350026, -0.00230882130563, 0.000255519262282, 0.00149412022438, -0.00088913005311, 0.00084637029795], [4.57674796053e-05, -0.000483929819893, 0.000460178329377, -0.000750213686842, -0.000491246988531, 0.000360508129233, 7.51711486373e-05, -0.00230882130563, 0.00702972011641, -0.00353752356023, -0.000386863772292, 0.0021340046078, -0.000554774363991], [-5.90835952607e-05, 0.000628980866168, -9.5406845503e-05, 0.00134872761555, -0.000102961239463, -0.000214452113141, -7.01992830727e-05, 0.000255519262282, -0.00353752356023, 0.00845651421696, -0.00322406273335, 0.000401882076403, 0.00140991678927], [0.000128696148749, -0.000496119377203, -9.00498780538e-05, -0.000519786321092, 0.000449451006716, 5.10448126079e-06, -0.000123025747598, 0.00149412022438, -0.000386863772292, -0.00322406273335, 0.010102134198, -0.0060976347886, 0.00158121716231], [-5.99230297667e-05, 0.000832098303363, 6.26666951575e-05, 8.57315535541e-05, -0.000610958843026, 0.000340404425515, 0.000967221392784, -0.00088913005311, 0.0021340046078, 0.000401882076403, -0.0060976347886, 0.0138247106224, -0.00613978691399], [5.90555464441e-05, -0.000463324482553, 0.000517873559147, -0.000124667523778, -0.000398759031668, -5.97100624873e-05, -0.000124700585729, 0.00084637029795, -0.000554774363991, 0.00140991678927, 0.00158121716231, -0.00613978691399, 0.0108677316457]]}, "melbands": {"dmean": [0.00172189227305, 0.00211550598033, 0.000953453709371, 0.000645407650154, 0.000237479514908, 0.000141586002428, 0.000135184949613, 7.55386063247e-05, 9.35089046834e-05, 3.19654718623e-05, 2.79754149233e-05, 1.76533103513e-05, 1.34637502924e-05, 7.05645243215e-06, 4.97514520248e-06, 6.02389309279e-06, 6.22553670837e-06, 3.13340342473e-06, 5.66037761018e-06, 3.19908053825e-06, 2.05760920835e-06, 1.29971340357e-06, 1.3225675275e-06, 1.14063664114e-06, 5.09807307481e-07, 8.33393073663e-07, 7.74058435127e-07, 4.95514825616e-07, 6.39772395061e-07, 7.20985894986e-07, 7.31606348836e-07, 6.39215613774e-07, 6.58992121316e-07, 5.18361844115e-07, 7.24601136426e-07, 7.63412174365e-07, 6.81044241446e-07, 5.82114012104e-07, 5.10631537054e-07, 4.52064455203e-07], "dmean2": [0.00271765957586, 0.0034107286483, 0.00153354904614, 0.00111661397386, 0.000400080345571, 0.000236366817262, 0.000226654432481, 0.000116746217827, 0.000133588866447, 4.73786203656e-05, 3.86100291507e-05, 2.47618499998e-05, 1.91086182895e-05, 1.10799164759e-05, 7.86703458289e-06, 8.65263336891e-06, 8.50707328937e-06, 4.98711324326e-06, 8.39039421408e-06, 5.17077569384e-06, 3.54424469151e-06, 2.19147477765e-06, 2.0432198653e-06, 1.78165691977e-06, 8.09589039363e-07, 1.28301587665e-06, 1.21216362459e-06, 7.65652202972e-07, 9.7051179182e-07, 1.10285634491e-06, 1.11453744012e-06, 9.80537379291e-07, 1.06389757093e-06, 8.12237090031e-07, 1.15124885269e-06, 1.13193880225e-06, 1.05997196442e-06, 9.39997732985e-07, 8.58067437548e-07, 7.71320344484e-07], "dvar": [1.56792557391e-05, 3.05675457639e-05, 1.00922698039e-05, 6.49882440484e-06, 5.37203845852e-07, 1.64226861443e-07, 1.48888972262e-07, 3.50154927276e-08, 1.15191177485e-07, 1.18405294458e-08, 1.80281976014e-08, 8.33742408446e-09, 3.19986193098e-09, 8.35181368508e-10, 4.20678852864e-10, 3.79395209693e-10, 5.68862068562e-10, 1.17884563222e-10, 5.9548943554e-10, 1.37809930134e-10, 8.61910195993e-11, 3.1497200681e-11, 2.76090973e-11, 2.49803355085e-11, 5.94841407034e-12, 1.78133376105e-11, 9.04937236257e-12, 2.43953837166e-12, 5.11702876252e-12, 6.49847406789e-12, 6.61344460098e-12, 3.73181130095e-12, 4.78318122957e-12, 2.90554169266e-12, 4.79214671417e-12, 5.30675503541e-12, 4.45892628376e-12, 4.88754696437e-12, 4.07533815722e-12, 2.03863206698e-12], "dvar2": [3.75129529857e-05, 7.00764212525e-05, 2.39432993112e-05, 1.836489173e-05, 1.37030690439e-06, 3.84269469578e-07, 4.08892617543e-07, 8.4849929749e-08, 2.407878128e-07, 2.50934633073e-08, 3.42106254436e-08, 1.54392498786e-08, 6.1165752463e-09, 1.95697058558e-09, 1.06148823065e-09, 7.92139354111e-10, 1.01611641323e-09, 3.03100655685e-10, 1.25213084345e-09, 3.32227051425e-10, 2.42588116262e-10, 8.54175619125e-11, 6.26400667447e-11, 6.25434842805e-11, 1.46127086126e-11, 3.98959372483e-11, 2.14922385444e-11, 5.16128329311e-12, 1.19546759644e-11, 1.5707839543e-11, 1.55428933613e-11, 8.42919570948e-12, 1.19027539561e-11, 7.36951992486e-12, 1.20320758565e-11, 1.12481985531e-11, 1.08721287181e-11, 1.34096284424e-11, 1.14606059018e-11, 5.71389463522e-12], "max": [0.0617046058178, 0.10406024754, 0.0485961288214, 0.0385304316878, 0.011883164756, 0.00931924954057, 0.00631443131715, 0.00382234039716, 0.00911994744092, 0.00270150462165, 0.00717435078695, 0.00509826233611, 0.00399876665324, 0.00173019175418, 0.000786046788562, 0.000461866147816, 0.00105485785753, 0.000230564983212, 0.0010630057659, 0.000259797059698, 0.000184841264854, 0.00011673681729, 0.000115752285637, 0.000106651437818, 5.82500942983e-05, 0.000108270287456, 6.77799107507e-05, 4.62814532511e-05, 4.88720615976e-05, 5.59645814064e-05, 9.15611963137e-05, 6.46083353786e-05, 5.41424669791e-05, 3.65776759281e-05, 3.98115771532e-05, 5.11906291649e-05, 5.08128832735e-05, 5.37936430192e-05, 4.58951180917e-05, 2.36428386415e-05], "mean": [0.00505285803229, 0.00717438710853, 0.00215955427848, 0.00117544503883, 0.000608570233453, 0.000415816728491, 0.000467793957796, 0.000286496622721, 0.000385242659831, 0.000138960036566, 0.000150970576215, 8.85315675987e-05, 5.73626966798e-05, 1.56989408424e-05, 1.31171264002e-05, 1.17870276881e-05, 1.84802138392e-05, 5.4482206906e-06, 1.38099767355e-05, 3.98042857341e-06, 2.0807369765e-06, 1.33317439577e-06, 1.50440257585e-06, 1.21957884858e-06, 5.86583155382e-07, 9.86362238109e-07, 1.15658986033e-06, 7.41218741496e-07, 8.90448802693e-07, 1.00718614249e-06, 1.04794287381e-06, 1.03439981558e-06, 1.0194821698e-06, 8.91985280305e-07, 1.11505096356e-06, 1.34296465149e-06, 1.1733059182e-06, 9.50270077738e-07, 7.04305023191e-07, 5.64098229461e-07], "median": [0.00131050078198, 0.00294764805585, 0.000940739817452, 0.000263961992459, 6.25631655566e-05, 9.00090963114e-05, 0.00010268027836, 7.99126573838e-05, 5.02141374454e-05, 2.23055103561e-05, 1.06036550278e-05, 6.66572077535e-06, 5.15235842613e-06, 4.36484560851e-06, 2.88614023702e-06, 1.30719638491e-06, 1.74994556801e-06, 1.09210759547e-06, 1.05841604636e-06, 2.37639554257e-07, 1.7849177425e-07, 1.48645142417e-07, 8.963918674e-08, 5.64696520655e-08, 4.52183712696e-08, 4.12842950936e-08, 5.89498014847e-08, 4.54220199231e-08, 4.47634249667e-08, 3.51883642224e-08, 3.71334607507e-08, 2.39805260094e-08, 2.88788122305e-08, 2.09241903804e-08, 2.04325054654e-08, 1.56244261973e-08, 1.54688919451e-08, 1.3721185077e-08, 9.70487690211e-09, 6.81588652185e-09], "min": [4.42925992303e-24, 6.92860319588e-24, 1.04374478248e-23, 2.86794503891e-24, 3.43573300026e-24, 1.18812092207e-23, 9.61751132197e-24, 1.03193734911e-23, 5.16841154717e-24, 1.24238942475e-23, 8.38869006814e-24, 1.13294412494e-23, 7.5694027978e-24, 1.12738817758e-23, 1.3605321527e-23, 2.28206242278e-23, 1.86064866737e-23, 7.99547051701e-24, 9.06752933177e-24, 1.18627932628e-23, 1.01327503002e-23, 1.15064206157e-23, 1.25629680585e-23, 1.45160772193e-23, 7.68672455821e-24, 9.3109599742e-24, 1.53039630924e-23, 8.9504891947e-24, 1.36379851016e-23, 1.05858144173e-23, 9.9383355301e-24, 1.14106205585e-23, 9.50209071635e-24, 1.14896849316e-23, 1.13260302148e-23, 1.23890897043e-23, 1.25495321796e-23, 1.30541893776e-23, 1.34701312782e-23, 9.46629773049e-24], "var": [5.26595758856e-05, 9.9320190202e-05, 1.30033558889e-05, 6.47150181976e-06, 1.8382181679e-06, 6.7329739295e-07, 6.62477589231e-07, 2.30912917232e-07, 8.99963595202e-07, 8.71747829478e-08, 3.11990220325e-07, 1.25444472587e-07, 4.94853296118e-08, 3.75868713931e-09, 1.02354991149e-09, 9.19668008414e-10, 4.1044962984e-09, 1.84731757669e-10, 2.96041879899e-09, 1.93365976009e-10, 6.63908164555e-11, 2.58013523741e-11, 3.67943106538e-11, 2.5477292151e-11, 5.8949932609e-12, 2.24226210516e-11, 1.78201169099e-11, 5.21936530454e-12, 8.83377312272e-12, 1.24044776187e-11, 1.49453002057e-11, 1.11694351684e-11, 1.09151672076e-11, 8.93794933898e-12, 1.43390143509e-11, 2.12941955735e-11, 1.43066608907e-11, 1.0850464624e-11, 5.93567426113e-12, 3.09578079317e-12]}, "mfcc": {"mean": [-787.064208984, 166.873718262, 41.6866378784, 5.25716543198, 1.9819136858, 10.1887512207, -2.13790082932, -2.35060930252, 3.66474366188, 8.5895357132, 3.38714456558, 3.4629740715, 1.62762737274], "cov": [[16728.7363281, 758.386657715, 1603.19873047, 1509.09887695, 494.038574219, 686.113769531, 302.587585449, 526.963134766, 257.592712402, 154.062988281, -163.994293213, -71.4239120483, -138.319320679], [758.386657715, 5076.00097656, 388.618469238, 12.9654865265, 274.757995605, 311.577911377, 215.265060425, 38.2229156494, 220.139022827, 189.538497925, 129.629821777, -38.7020797729, -65.2423248291], [1603.19873047, 388.618469238, 1894.16442871, 902.183227539, 540.581298828, 382.83291626, 281.365631104, 212.963150024, 25.9352340698, -22.7712860107, -64.9283599854, -26.5902519226, -45.6003341675], [1509.09887695, 12.9654865265, 902.183227539, 1321.81982422, 656.542907715, 386.142456055, 211.244766235, 222.109954834, 31.8549423218, -106.234939575, -130.165908813, -72.9974746704, -46.4447631836], [494.038574219, 274.757995605, 540.581298828, 656.542907715, 684.003723145, 321.723571777, 170.803344727, 155.181777954, 41.8509216309, -41.8049583435, -57.4070663452, -38.3087425232, -27.4413719177], [686.113769531, 311.577911377, 382.83291626, 386.142456055, 321.723571777, 430.890777588, 194.748733521, 94.295135498, 29.2971935272, -6.90353345871, -22.2334861755, -7.58833789825, -5.41613769531], [302.587585449, 215.265060425, 281.365631104, 211.244766235, 170.803344727, 194.748733521, 289.105743408, 144.944046021, 53.7323760986, 5.839615345, -24.1578006744, -25.4565448761, -7.24670743942], [526.963134766, 38.2229156494, 212.963150024, 222.109954834, 155.181777954, 94.295135498, 144.944046021, 260.420562744, 137.725997925, 38.2318115234, -23.2130451202, -35.06457901, -18.3275241852], [257.592712402, 220.139022827, 25.9352340698, 31.8549423218, 41.8509216309, 29.2971935272, 53.7323760986, 137.725997925, 240.995513916, 159.963409424, 62.1362724304, 12.8396530151, 3.51418924332], [154.062988281, 189.538497925, -22.7712860107, -106.234939575, -41.8049583435, -6.90353345871, 5.839615345, 38.2318115234, 159.963409424, 235.740570068, 156.849349976, 76.6904602051, 9.79381942749], [-163.994293213, 129.629821777, -64.9283599854, -130.165908813, -57.4070663452, -22.2334861755, -24.1578006744, -23.2130451202, 62.1362724304, 156.849349976, 233.136505127, 159.882736206, 27.4252376556], [-71.4239120483, -38.7020797729, -26.5902519226, -72.9974746704, -38.3087425232, -7.58833789825, -25.4565448761, -35.06457901, 12.8396530151, 76.6904602051, 159.882736206, 207.958618164, 93.8667297363], [-138.319320679, -65.2423248291, -45.6003341675, -46.4447631836, -27.4413719177, -5.41613769531, -7.24670743942, -18.3275241852, 3.51418924332, 9.79381942749, 27.4252376556, 93.8667297363, 150.719940186]], "icov": [[7.76413071435e-05, -1.37353226819e-05, -2.38480060943e-05, -8.59104984556e-05, 0.000106433384644, -0.000102509147837, 9.16738572414e-05, -0.000149215353304, 8.97239733604e-05, -0.000213978695683, 0.00024008298351, -0.000165735851624, 0.000104921557067], [-1.37353226819e-05, 0.00024003344879, -5.01163776789e-05, 0.00011482447735, -0.00011929043103, -0.000106483450509, -0.000147235390614, 0.000301454623695, -0.000355934578693, 0.000166416939464, -0.00035563079291, 0.000326319335727, -2.54805727309e-05], [-2.38480060943e-05, -5.01163776789e-05, 0.000891283038072, -0.000442623131676, -0.000130730419187, -4.78611254948e-05, -0.000350847374648, -0.000216987682506, 0.000544225738849, -0.000539595726877, 0.000371188565623, -0.000380203156965, 0.0002125241881], [-8.59104984556e-05, 0.00011482447735, -0.000442623131676, 0.00200849096291, -0.00127712613903, -0.000372371054254, 0.000185035081813, -0.000279856438283, -0.000483547948534, 0.000963797152508, -1.00719416878e-05, -1.66979243659e-05, 0.000145707337651], [0.000106433384644, -0.00011929043103, -0.000130730419187, -0.00127712613903, 0.0035535369534, -0.00143124454189, 0.000292725104373, -0.000800463545602, 3.73300281353e-05, 0.000125898732222, 3.54963303835e-05, -0.000101487210486, 0.000172925268998], [-0.000102509147837, -0.000106483450509, -4.78611254948e-05, -0.000372371054254, -0.00143124454189, 0.00490069482476, -0.00248387898318, 0.00101995572913, 6.80109621953e-07, -0.000192354404135, 0.000132598419441, -0.000385179882869, -0.000121032549941], [9.16738572414e-05, -0.000147235390614, -0.000350847374648, 0.000185035081813, 0.000292725104373, -0.00248387898318, 0.00681221671402, -0.00355726038106, 0.0010271439096, -0.000361988000805, 3.741574983e-05, 0.000476761138998, -0.000473878375487], [-0.000149215353304, 0.000301454623695, -0.000216987682506, -0.000279856438283, -0.000800463545602, 0.00101995572913, -0.00355726038106, 0.00967292673886, -0.00638300413266, 0.00253233592957, -0.000421646051109, 0.000539756263606, 0.000462612078991], [8.97239733604e-05, -0.000355934578693, 0.000544225738849, -0.000483547948534, 3.73300281353e-05, 6.80109621953e-07, 0.0010271439096, -0.00638300413266, 0.013839174062, -0.0101961959153, 0.00284977001138, 9.24415653571e-05, -0.0010122921085], [-0.000213978695683, 0.000166416939464, -0.000539595726877, 0.000963797152508, 0.000125898732222, -0.000192354404135, -0.000361988000805, 0.00253233592957, -0.0101961959153, 0.0173212476075, -0.0110374586657, 0.00376259326003, -0.000906770233996], [0.00024008298351, -0.00035563079291, 0.000371188565623, -1.00719416878e-05, 3.54963303835e-05, 0.000132598419441, 3.741574983e-05, -0.000421646051109, 0.00284977001138, -0.0110374586657, 0.0210698116571, -0.0151965199038, 0.00641844328493], [-0.000165735851624, 0.000326319335727, -0.000380203156965, -1.66979243659e-05, -0.000101487210486, -0.000385179882869, 0.000476761138998, 0.000539756263606, 9.24415653571e-05, 0.00376259326003, -0.0151965199038, 0.0195602588356, -0.00973816588521], [0.000104921557067, -2.54805727309e-05, 0.0002125241881, 0.000145707337651, 0.000172925268998, -0.000121032549941, -0.000473878375487, 0.000462612078991, -0.0010122921085, -0.000906770233996, 0.00641844328493, -0.00973816588521, 0.0118693225086]]}, "spectral_contrast_coeffs": {"dmean": [0.0501625239849, 0.046147365123, 0.0444315448403, 0.0422462821007, 0.028361864388, 0.0258577857167], "dmean2": [0.0796049460769, 0.0745656937361, 0.0708367601037, 0.0665924102068, 0.0452586337924, 0.0388485938311], "dvar": [0.00261590816081, 0.00237145926803, 0.00228290609084, 0.00188615196384, 0.000840279797558, 0.000695494003594], "dvar2": [0.005725402385, 0.00563555955887, 0.00488887261599, 0.00416710413992, 0.00190125301015, 0.00145309627987], "max": [-0.177449643612, -0.275186151266, -0.313986957073, -0.41789317131, -0.50450271368, -0.6164675951], "mean": [-0.610988974571, -0.648731172085, -0.690225243568, -0.717528581619, -0.800509810448, -0.813967823982], "median": [-0.611805438995, -0.65198969841, -0.698560118675, -0.726985573769, -0.815404295921, -0.818817138672], "min": [-0.991423547268, -0.977321147919, -0.974447548389, -0.964798688889, -0.962213099003, -0.963094472885], "var": [0.0162511821836, 0.012818663381, 0.0151306511834, 0.0125631345436, 0.00495618069544, 0.00330707314424]}, "spectral_contrast_valleys": {"dmean": [0.546122610569, 0.493660330772, 0.612535715103, 0.677022755146, 0.68744546175, 0.704950988293], "dmean2": [0.853988945484, 0.786140978336, 0.942414343357, 1.01954054832, 0.966175615788, 0.964520573616], "dvar": [0.525750994682, 0.448080420494, 0.58044230938, 0.60881793499, 0.655380606651, 0.642214596272], "dvar2": [0.9