{"lowlevel": {"average_loudness": 0.759803771973, "barkbands_crest": {"dmean": 2.32123327255, "dmean2": 3.57198643684, "dvar": 5.3216753006, "dvar2": 13.4727420807, "max": 25.6581287384, "mean": 13.2312850952, "median": 12.6507911682, "min": 3.56772184372, "var": 18.8190975189}, "barkbands_flatness_db": {"dmean": 0.0223883092403, "dmean2": 0.0319329574704, "dvar": 0.000589987786952, "dvar2": 0.00118934467901, "max": 0.461877405643, "mean": 0.225270822644, "median": 0.224375918508, "min": 0.0638019740582, "var": 0.0035161934793}, "barkbands_kurtosis": {"dmean": 7.35728216171, "dmean2": 11.0882968903, "dvar": 223.585372925, "dvar2": 495.96887207, "max": 402.585968018, "mean": 16.6223983765, "median": 7.50098609924, "min": -1.9726588726, "var": 678.333190918}, "barkbands_skewness": {"dmean": 0.734173774719, "dmean2": 1.06854665279, "dvar": 0.815603196621, "dvar2": 1.79921019077, "max": 13.6200714111, "mean": 2.47995138168, "median": 2.45967388153, "min": -4.57371807098, "var": 5.53250408173}, "barkbands_spread": {"dmean": 5.55404663086, "dmean2": 8.59332370758, "dvar": 141.377532959, "dvar2": 312.036956787, "max": 119.707855225, "mean": 19.1617679596, "median": 11.6172866821, "min": 0.216199323535, "var": 352.550628662}, "dissonance": {"dmean": 0.0178922116756, "dmean2": 0.0291106291115, "dvar": 0.000409673637478, "dvar2": 0.00105388869997, "max": 0.5, "mean": 0.449497908354, "median": 0.458889901638, "min": 0.189877778292, "var": 0.00140381522942}, "dynamic_complexity": 4.89735841751, "erbbands_crest": {"dmean": 2.14795303345, "dmean2": 3.19788050652, "dvar": 6.38116598129, "dvar2": 13.2046661377, "max": 34.3196182251, "mean": 14.4146909714, "median": 13.3231153488, "min": 3.07336711884, "var": 40.91431427}, "erbbands_flatness_db": {"dmean": 0.0182463526726, "dmean2": 0.0250151064247, "dvar": 0.000508252473082, "dvar2": 0.000905476277694, "max": 0.447476267815, "mean": 0.211689174175, "median": 0.201285034418, "min": 0.0365358106792, "var": 0.00433828914538}, "erbbands_kurtosis": {"dmean": 2.77566099167, "dmean2": 4.00659275055, "dvar": 38.2635765076, "dvar2": 74.7472305298, "max": 223.005371094, "mean": 5.85891532898, "median": 1.7789773941, "min": -1.91623497009, "var": 202.933059692}, "erbbands_skewness": {"dmean": 0.501897513866, "dmean2": 0.697967290878, "dvar": 0.370446413755, "dvar2": 0.686301589012, "max": 9.31435203552, "mean": -0.0768008902669, "median": 0.508453607559, "min": -13.9125299454, "var": 5.90910816193}, "erbbands_spread": {"dmean": 9.47640895844, "dmean2": 14.0019445419, "dvar": 228.720321655, "dvar2": 495.949127197, "max": 183.986709595, "mean": 38.5429801941, "median": 33.8411712646, "min": 1.39713072777, "var": 655.22454834}, "hfc": {"dmean": 6.44147539139, "dmean2": 9.91872024536, "dvar": 346.962982178, "dvar2": 891.277770996, "max": 226.237213135, "mean": 13.9418268204, "median": 6.92350816727, "min": 1.2582126507e-16, "var": 436.9609375}, "melbands_crest": {"dmean": 2.62757825851, "dmean2": 4.12898302078, "dvar": 6.62915420532, "dvar2": 17.0945091248, "max": 33.6922798157, "mean": 16.3340072632, "median": 15.7923030853, "min": 2.54094457626, "var": 22.8768043518}, "melbands_flatness_db": {"dmean": 0.0270748957992, "dmean2": 0.0382134802639, "dvar": 0.000863640452735, "dvar2": 0.00174174841959, "max": 0.591149389744, "mean": 0.306390851736, "median": 0.301653802395, "min": 0.00568831851706, "var": 0.00566582474858}, "melbands_kurtosis": {"dmean": 15.0200948715, "dmean2": 22.3197727203, "dvar": 831.11151123, "dvar2": 1944.69702148, "max": 643.293212891, "mean": 36.1927223206, "median": 21.4307575226, "min": -1.98151743412, "var": 2269.22216797}, "melbands_skewness": {"dmean": 0.907377243042, "dmean2": 1.33130061626, "dvar": 1.30209743977, "dvar2": 2.94509744644, "max": 19.1773490906, "mean": 3.9054980278, "median": 3.7297744751, "min": -2.23154997826, "var": 6.40797376633}, "melbands_spread": {"dmean": 5.99631690979, "dmean2": 8.66413879395, "dvar": 152.113708496, "dvar2": 285.953796387, "max": 233.617630005, "mean": 23.8567657471, "median": 9.16694164276, "min": 0.328717112541, "var": 966.42578125}, "pitch_salience": {"dmean": 0.062503375113, "dmean2": 0.0971627533436, "dvar": 0.00399840995669, "dvar2": 0.0099969683215, "max": 0.809532225132, "mean": 0.463329017162, "median": 0.455019414425, "min": 0.0977703407407, "var": 0.0140795214102}, "silence_rate_20dB": {"dmean": 0, "dmean2": 0, "dvar": 0, "dvar2": 0, "max": 1, "mean": 1, "median": 1, "min": 1, "var": 0}, "silence_rate_30dB": {"dmean": 0.0119413165376, "dmean2": 0.0238867085427, "dvar": 0.0117984404787, "dvar2": 0.0280931144953, "max": 1, "mean": 0.984820067883, "median": 1, "min": 0, "var": 0.0149487266317}, "silence_rate_60dB": {"dmean": 0.025588536635, "dmean2": 0.0510151833296, "dvar": 0.0249348394573, "dvar2": 0.0552393011749, "max": 1, "mean": 0.106771275401, "median": 0, "min": 0, "var": 0.0953716933727}, "spectral_centroid": {"dmean": 160.244262695, "dmean2": 229.755691528, "dvar": 90962.65625, "dvar2": 161232.265625, "max": 10833.9707031, "mean": 1064.53222656, "median": 693.147644043, "min": 155.650238037, "var": 774725.4375}, "spectral_complexity": {"dmean": 1.20709657669, "dmean2": 1.94488990307, "dvar": 2.12978196144, "dvar2": 4.41858100891, "max": 42, "mean": 7.0856218338, "median": 6, "min": 0, "var": 17.7127399445}, "spectral_decrease": {"dmean": 2.03347738648e-09, "dmean2": 2.92453616879e-09, "dvar": 1.53554930326e-17, "dvar2": 3.4288512436e-17, "max": 1.91402463323e-10, "mean": -5.28666532773e-09, "median": -2.89273649479e-09, "min": -7.90540468643e-08, "var": 4.26705685022e-17}, "spectral_energy": {"dmean": 0.00805174466223, "dmean2": 0.0115567119792, "dvar": 0.000228918870562, "dvar2": 0.000507224118337, "max": 0.305647820234, "mean": 0.0212176479399, "median": 0.0123043796048, "min": 1.14433361475e-20, "var": 0.000648807850666}, "spectral_energyband_high": {"dmean": 0.000431107153418, "dmean2": 0.000693747308105, "dvar": 2.75467323263e-06, "dvar2": 6.6646389314e-06, "max": 0.0353051796556, "mean": 0.000538419932127, "median": 5.49090073036e-05, "min": 8.51884878535e-21, "var": 3.77452261091e-06}, "spectral_energyband_low": {"dmean": 0.00366697669961, "dmean2": 0.00631190137938, "dvar": 0.000114216949441, "dvar2": 0.000330526672769, "max": 0.122665569186, "mean": 0.00546254310757, "median": 0.00240273308009, "min": 3.5403648286e-23, "var": 0.000125770951854}, "spectral_energyband_middle_high": {"dmean": 0.000658371893223, "dmean2": 0.000868003524374, "dvar": 2.90733896691e-06, "dvar2": 5.7268839555e-06, "max": 0.0578263252974, "mean": 0.00265093077905, "median": 0.000706136052031, "min": 1.86485849616e-21, "var": 1.81608793355e-05}, "spectral_energyband_middle_low": {"dmean": 0.00503092864528, "dmean2": 0.00667324941605, "dvar": 0.000106215215055, "dvar2": 0.000175317472895, "max": 0.301704704762, "mean": 0.0134624997154, "median": 0.00495754554868, "min": 2.45493841871e-22, "var": 0.000432750588516}, "spectral_entropy": {"dmean": 0.255506038666, "dmean2": 0.359367847443, "dvar": 0.11438819021, "dvar2": 0.220918819308, "max": 9.79451560974, "mean": 6.51955127716, "median": 6.55415582657, "min": 3.62285852432, "var": 0.661631762981}, "spectral_flux": {"dmean": 0.0219897497445, "dmean2": 0.0344777666032, "dvar": 0.00102679850534, "dvar2": 0.00214988132939, "max": 0.313102096319, "mean": 0.0526169836521, "median": 0.0355640016496, "min": 1.06973527259e-10, "var": 0.00245391763747}, "spectral_kurtosis": {"dmean": 2.7980670929, "dmean2": 4.54184961319, "dvar": 12.4127693176, "dvar2": 29.2512817383, "max": 93.4380340576, "mean": 7.23797798157, "median": 5.43161296844, "min": -1.29737782478, "var": 48.1275863647}, "spectral_rms": {"dmean": 0.000726733123884, "dmean2": 0.000994943082333, "dvar": 1.12545365027e-06, "dvar2": 2.37955669036e-06, "max": 0.0172682646662, "mean": 0.00394201185554, "median": 0.00346471834928, "min": 3.34129165308e-12, "var": 5.1606029956e-06}, "spectral_rolloff": {"dmean": 485.17477417, "dmean2": 876.402404785, "dvar": 3372994.75, "dvar2": 8332073.5, "max": 18475.4882812, "mean": 1379.4095459, "median": 430.6640625, "min": 64.599609375, "var": 3992355.75}, "spectral_skewness": {"dmean": 0.332070946693, "dmean2": 0.520189762115, "dvar": 0.129633158445, "dvar2": 0.302962958813, "max": 8.15324878693, "mean": 1.85378944874, "median": 1.78551983833, "min": -0.706719994545, "var": 0.653553724289}, "spectral_spread": {"dmean": 772283.5, "dmean2": 1104992.5, "dvar": 2861752123390.0, "dvar2": 5068249628670.0, "max": 41033804, "mean": 4456917.5, "median": 3850318.25, "min": 1124171.5, "var": 6002715918340.0}, "spectral_strongpeak": {"dmean": 0.579538404942, "dmean2": 0.991125941277, "dvar": 2.31374645233, "dvar2": 5.93011951447, "max": 31.9201622009, "mean": 1.75620412827, "median": 0.562858402729, "min": 0, "var": 7.6382522583}, "zerocrossingrate": {"dmean": 0.0105054602027, "dmean2": 0.0125759290531, "dvar": 0.000481281545945, "dvar2": 0.000638583791442, "max": 0.50537109375, "mean": 0.0524059124291, "median": 0.03466796875, "min": 0.001953125, "var": 0.00220718374476}, "barkbands": {"dmean": [0.0002299505868, 0.00248408853076, 0.00103493139613, 0.0012776600197, 0.00364628550597, 0.000554871570785, 0.000376366107957, 0.000284607900539, 0.000238038046518, 7.41498661228e-05, 6.83405887685e-05, 5.17340704391e-05, 0.000105985287519, 9.4412760518e-05, 3.08755807055e-05, 0.000143557437696, 0.000249158154475, 7.57978268666e-05, 1.93143623619e-05, 2.30177811318e-05, 3.80094897992e-05, 6.07825568295e-05, 4.67555582873e-05, 6.46916014375e-05, 8.40179563966e-05, 0.000106053237687, 4.54358159914e-05], "dmean2": [0.000351022346877, 0.00457189884037, 0.00159362528939, 0.00193650415167, 0.00476012472063, 0.00078893249156, 0.000553495949134, 0.000376443727873, 0.000370776921045, 9.90764019662e-05, 9.74709837465e-05, 8.10169076431e-05, 0.000164618366398, 0.000148740742588, 4.90048005304e-05, 0.000194953638129, 0.000318278733175, 9.92832938209e-05, 3.11677540594e-05, 3.07718983095e-05, 5.95913334109e-05, 9.03172403923e-05, 6.86188432155e-05, 9.9045355455e-05, 0.000149357205373, 0.000189597034478, 8.11103163869e-05], "dvar": [6.80099901729e-07, 8.82394233486e-05, 4.23551227868e-06, 5.8386094679e-06, 7.32439220883e-05, 3.54388043888e-06, 1.90590856164e-06, 1.24887446873e-06, 2.47280104304e-06, 2.12294565927e-07, 7.83505385016e-08, 1.02039322769e-07, 4.05344565024e-07, 2.00859702204e-07, 2.02831635931e-08, 5.50010838651e-07, 8.64390699462e-07, 1.97077000053e-07, 9.99585569872e-09, 6.22705229603e-08, 2.17390567769e-08, 1.89471819567e-07, 6.7813218152e-08, 1.62567545203e-07, 1.67369407222e-07, 3.12040555173e-07, 5.6194334519e-08], "dvar2": [1.19691810596e-06, 0.000265612936346, 9.69052598521e-06, 1.39462053994e-05, 0.000118569543702, 7.38431162972e-06, 4.05834452977e-06, 2.55315330833e-06, 6.56366455587e-06, 4.18767626797e-07, 1.9459878331e-07, 2.61283446434e-07, 9.58026021181e-07, 5.28682733147e-07, 5.19263636534e-08, 9.86562554317e-07, 1.55221937348e-06, 3.40382626973e-07, 2.03932373211e-08, 1.16263876748e-07, 5.06702200198e-08, 4.07223097909e-07, 1.22470368069e-07, 3.55072444336e-07, 4.52222366221e-07, 8.54861298194e-07, 1.52755546878e-07], "max": [0.00812681391835, 0.0829188525677, 0.0705254599452, 0.041157413274, 0.259784191847, 0.0627119913697, 0.041715785861, 0.0326596647501, 0.0724535062909, 0.0225091893226, 0.0145213734359, 0.014972419478, 0.0282485950738, 0.0189404468983, 0.0036306460388, 0.027851799503, 0.0190301500261, 0.0109799420461, 0.00445391330868, 0.0150078712031, 0.0042235921137, 0.0240873731673, 0.00889130868018, 0.0161260832101, 0.00916707050055, 0.00456295209005, 0.00188020698261], "mean": [0.000250126700848, 0.00212428322993, 0.00222650333308, 0.00267908046953, 0.00793831143528, 0.00118273124099, 0.000673011061735, 0.000550105236471, 0.000371927133529, 0.000122544603073, 0.000114341062726, 7.63339994592e-05, 0.000174545944901, 0.000145542115206, 4.47840393463e-05, 0.000584531982895, 0.00105085817631, 0.00031465353095, 4.51692249044e-05, 8.72716700542e-05, 6.75229894114e-05, 8.82489184733e-05, 6.58121643937e-05, 7.92084465502e-05, 6.37751436443e-05, 6.73612812534e-05, 2.90796142508e-05], "median": [3.92110769099e-06, 0.000202475246624, 0.00118595454842, 0.00103969767224, 0.00237133004703, 0.000310686591547, 8.79415019881e-05, 4.83245166834e-05, 2.15928721445e-05, 1.35818627314e-05, 2.1518462745e-05, 8.24770722829e-06, 1.17204763228e-05, 9.90084299701e-06, 4.33593413618e-06, 2.07511002372e-05, 3.2979005482e-05, 8.97754762264e-06, 5.79606648898e-06, 1.3917956494e-05, 1.29054760691e-05, 9.86913801171e-06, 3.36663742928e-06, 3.62472792403e-06, 2.28165754379e-06, 2.31177381238e-07, 1.15514794174e-07], "min": [3.70026212204e-24, 2.08733605263e-23, 1.1152409621e-24, 2.17200938453e-23, 3.38287663748e-23, 1.59124067755e-23, 4.84810751393e-23, 1.6925654432e-23, 7.10133028642e-23, 1.15213463374e-22, 3.85827703558e-23, 9.11968707933e-23, 1.44232424902e-22, 9.42603016781e-23, 1.47182436522e-22, 1.51315588038e-22, 3.72234027196e-22, 2.99754395992e-22, 2.19065007306e-22, 3.73086729036e-22, 4.64377297572e-22, 6.87454640769e-22, 6.95221575915e-22, 8.76466723402e-22, 1.02460586519e-21, 1.96123897196e-21, 2.75915140605e-21], "var": [9.25983158595e-07, 6.19891070528e-05, 1.63651257026e-05, 1.78916779987e-05, 0.000236129868426, 8.93736705621e-06, 4.77650610264e-06, 3.27251564158e-06, 4.45545401817e-06, 4.64650014464e-07, 1.90116054455e-07, 1.62906786727e-07, 1.07224536805e-06, 4.63712837018e-07, 3.19898703083e-08, 3.66730182577e-06, 7.10998483555e-06, 1.58485909196e-06, 6.30359906495e-08, 4.80603205233e-07, 4.07340117192e-08, 2.98154219536e-07, 1.5151857724e-07, 2.8442170219e-07, 1.24636173382e-07, 1.98578433697e-07, 3.62919472252e-08]}, "erbbands": {"dmean": [0.0818650573492, 0.519700229168, 1.12336945534, 2.47997665405, 14.3265266418, 7.46958494186, 2.76983332634, 4.9443359375, 6.61929655075, 4.69806003571, 6.44203662872, 5.58453798294, 2.60384631157, 1.46130871773, 2.8952331543, 2.1654818058, 4.54956436157, 5.46661949158, 2.08787178993, 4.3161482811, 8.88421058655, 8.60129737854, 6.44764328003, 1.86470532417, 0.590226352215, 1.04355120659, 1.06666076183, 2.04059076309, 2.07489752769, 1.73029100895, 1.3856498003, 1.40823721886, 1.08993208408, 1.12706327438, 0.468873023987, 0.508734047413, 0.150279670954, 0.0557220615447, 0.00824349094182, 0.000391996552935], "dmean2": [0.153124570847, 0.935203611851, 1.7493904829, 3.73186063766, 18.7142696381, 10.119887352, 3.86281561852, 7.00143957138, 9.35880088806, 6.66858768463, 9.02378082275, 8.29116249084, 3.39933013916, 2.19241547585, 4.06231975555, 3.21547698975, 6.95688152313, 8.40638542175, 3.18086910248, 5.79769897461, 11.577129364, 11.0848827362, 8.19174575806, 2.72780418396, 0.967048466206, 1.38639748096, 1.58193349838, 3.12012338638, 3.10381817818, 2.60723400116, 2.02724194527, 2.04946470261, 1.77313244343, 1.99495100975, 0.820114374161, 0.913536369801, 0.267945170403, 0.100690916181, 0.0147254001349, 0.000697612529621], "dvar": [0.0826528072357, 4.02050590515, 6.9799747467, 16.354801178, 1201.78417969, 296.661437988, 82.189994812, 285.176147461, 606.129760742, 359.513336182, 1004.91119385, 933.488037109, 151.086288452, 74.9891815186, 173.059967041, 121.031143188, 817.28515625, 699.596313477, 74.2292709351, 428.825195312, 1065.00524902, 926.879882812, 936.213745117, 230.368148804, 2.24119758606, 140.525115967, 22.833650589, 88.0812835693, 223.745834351, 114.74597168, 60.7247276306, 99.3296356201, 34.3301544189, 31.2511997223, 5.28388500214, 7.33110809326, 0.622941076756, 0.0879809260368, 0.00184351915959, 4.00276712753e-06], "dvar2": [0.26126396656, 11.7248191833, 16.3777008057, 38.5373153687, 1834.64575195, 579.796386719, 155.082748413, 648.465332031, 1305.49829102, 831.710876465, 2181.98364258, 2376.2175293, 263.277801514, 158.100967407, 358.10647583, 279.49697876, 1929.55297852, 1792.86315918, 173.803237915, 775.387451172, 1894.91040039, 1701.29125977, 1675.52307129, 419.968719482, 5.44649457932, 261.747283936, 45.8458595276, 204.425628662, 497.550506592, 223.725585938, 110.25378418, 204.021347046, 86.3165664673, 80.9900588989, 14.2867460251, 20.2166252136, 1.70473074913, 0.243485674262, 0.00501187192276, 1.08855629151e-05], "max": [2.06911611557, 20.6252498627, 90.6009063721, 84.7561187744, 1112.08544922, 350.527984619, 361.468963623, 488.018157959, 772.09765625, 715.193603516, 1005.95825195, 1221.24975586, 595.476501465, 333.357940674, 834.348937988, 392.238983154, 1314.38195801, 1109.67053223, 237.672653198, 761.149108887, 808.187927246, 620.048522949, 811.638000488, 713.999755859, 33.7517433167, 714.478027344, 233.442489624, 259.554901123, 704.33782959, 554.268493652, 253.34526062, 434.473388672, 269.150085449, 193.309387207, 19.4425640106, 22.8263912201, 6.46633052826, 2.42780399323, 0.342469900846, 0.0158615782857], "mean": [0.0585216209292, 0.496631860733, 2.11490535736, 6.28722143173, 29.3720493317, 17.7095298767, 7.12085056305, 10.3317909241, 12.7753601074, 8.97087097168, 12.1631031036, 9.43150997162, 4.89224100113, 2.69811034203, 4.99203109741, 3.64029788971, 7.8548617363, 8.96780872345, 3.7921538353, 17.2099971771, 36.4151916504, 36.7729377747, 29.2091827393, 6.72545528412, 1.06717324257, 4.10320997238, 2.68484830856, 3.55167770386, 3.06940865517, 2.39925646782, 1.91973483562, 1.8473777771, 1.17243921757, 0.908126354218, 0.335664480925, 0.32154032588, 0.0960013344884, 0.0346876047552, 0.00527651142329, 0.000269710319117], "median": [0.00357641791925, 0.0707916840911, 1.01230072975, 3.81211590767, 6.33709192276, 6.09519529343, 3.15372109413, 2.85347175598, 2.00916814804, 0.763229608536, 1.02080464363, 0.722352921963, 0.594436407089, 0.392844617367, 0.911492049694, 0.46107083559, 0.65484637022, 0.695552945137, 0.499186247587, 1.13201737404, 2.41195249557, 2.18108534813, 1.13974511623, 0.652165472507, 0.354369074106, 0.625180244446, 0.63548797369, 0.587264418602, 0.397696226835, 0.162730768323, 0.0957466289401, 0.0704468637705, 0.0564428009093, 0.0392640717328, 0.00763818295673, 0.00134655216243, 0.000372477690689, 9.9049480923e-05, 2.69367847068e-05, 1.71563697222e-05], "min": [1.05927060955e-21, 2.71175694579e-21, 2.45617671576e-21, 4.04391185448e-20, 4.51064689952e-20, 1.45007669437e-19, 1.65370400426e-19, 1.6994569149e-19, 7.33093470766e-19, 4.22963089797e-19, 8.29205188801e-19, 1.51478101079e-18, 2.5305758636e-18, 3.35361912552e-18, 2.91941940749e-18, 2.97740973151e-18, 4.98801489898e-18, 6.08359204566e-18, 8.87962340272e-18, 7.01921314139e-18, 9.95343039645e-18, 2.21304413934e-17, 1.72875867658e-17, 9.93129587043e-18, 1.32461775075e-17, 1.96055288219e-17, 1.7553957121e-17, 2.01380097976e-17, 2.33028441803e-17, 2.4306176213e-17, 1.84544193184e-17, 1.88703522002e-17, 1.48490649374e-17, 1.1906661903e-17, 7.01886737989e-18, 6.59583356615e-18, 3.61285980425e-18, 1.60023600589e-18, 3.88625685197e-19, 4.12943748306e-20], "var": [0.0512708798051, 3.22302007675, 25.7751426697, 52.832736969, 4026.45947266, 935.566345215, 197.054458618, 696.592041016, 1532.88574219, 875.545288086, 2474.99316406, 2046.46191406, 452.981140137, 191.607055664, 397.01751709, 310.873565674, 2121.65551758, 1698.07775879, 189.650665283, 2779.03979492, 7255.7421875, 7703.43359375, 8439.60351562, 1678.67077637, 5.76452922821, 1087.30175781, 129.493469238, 151.701934814, 329.138824463, 227.045394897, 132.001861572, 187.248977661, 45.3893280029, 28.2596206665, 3.56637525558, 4.59424257278, 0.398353219032, 0.0545944049954, 0.00118954537902, 2.58796535491e-06]}, "gfcc": {"mean": [-100.545593262, 110.036766052, -89.8206100464, 49.1866264343, -47.9876327515, -3.36397838593, -47.2128982544, -8.28877162933, -21.4484653473, -13.264257431, -21.8994045258, -6.82750988007, -5.29193305969], "cov": [[13195.7626953, -665.025268555, -1553.94580078, -123.827148438, -886.684265137, 362.041534424, -809.914428711, -88.6815643311, 112.536804199, -186.866744995, -200.464904785, -106.648666382, -120.486663818], [-665.025268555, 1279.65075684, -279.985229492, -68.5700912476, 200.506378174, -114.295890808, 135.860610962, -123.767860413, 75.6149902344, -48.2746658325, 70.6307754517, -45.4074935913, 55.7762336731], [-1553.94580078, -279.985229492, 934.776855469, -86.9510498047, -64.7177658081, 44.139087677, 149.348510742, -100.587882996, -123.033798218, 147.309341431, -6.03952312469, -38.0252380371, -51.6655540466], [-123.827148438, -68.5700912476, -86.9510498047, 459.532653809, 81.3796615601, -46.083278656, 47.3913192749, 63.4740219116, 25.4662685394, -29.9471549988, 62.8426628113, 22.61028862, 71.4130859375], [-886.684265137, 200.506378174, -64.7177658081, 81.3796615601, 711.434326172, -147.533218384, -90.6972427368, 184.816421509, 119.318649292, -144.992706299, -57.7533035278, 119.596572876, 112.555732727], [362.041534424, -114.295890808, 44.139087677, -46.083278656, -147.533218384, 325.383026123, 28.6024227142, -52.3485794067, 64.1620483398, 64.7595672607, -0.941195785999, -42.0078620911, 0.513018965721], [-809.914428711, 135.860610962, 149.348510742, 47.3913192749, -90.6972427368, 28.6024227142, 357.282653809, -45.4411849976, -98.6316070557, 91.7441864014, 97.2757492065, -46.9926261902, -39.2961196899], [-88.6815643311, -123.767860413, -100.587882996, 63.4740219116, 184.816421509, -52.3485794067, -45.4411849976, 232.130462646, 52.2593994141, -68.302116394, 2.38303399086, 83.6157531738, 15.4305858612], [112.536804199, 75.6149902344, -123.033798218, 25.4662685394, 119.318649292, 64.1620483398, -98.6316070557, 52.2593994141, 211.611999512, 15.9401311874, -30.0827445984, 13.9976015091, 59.751865387], [-186.866744995, -48.2746658325, 147.309341431, -29.9471549988, -144.992706299, 64.7595672607, 91.7441864014, -68.302116394, 15.9401311874, 226.253692627, 50.2683792114, -86.2905578613, -23.5777378082], [-200.464904785, 70.6307754517, -6.03952312469, 62.8426628113, -57.7533035278, -0.941195785999, 97.2757492065, 2.38303399086, -30.0827445984, 50.2683792114, 124.491928101, 11.4765758514, -31.572385788], [-106.648666382, -45.4074935913, -38.0252380371, 22.61028862, 119.596572876, -42.0078620911, -46.9926261902, 83.6157531738, 13.9976015091, -86.2905578613, 11.4765758514, 145.10055542, 15.991153717], [-120.486663818, 55.7762336731, -51.6655540466, 71.4130859375, 112.555732727, 0.513018965721, -39.2961196899, 15.4305858612, 59.751865387, -23.5777378082, -31.572385788, 15.991153717, 131.622879028]], "icov": [[0.000140676958836, 4.57622372778e-05, 0.000252183905104, -3.76097050321e-05, 0.000137528812047, -0.000147434606333, 0.000272318546195, 4.95347521792e-05, 0.000116244278615, -1.79425551323e-05, 0.000153629109263, 4.12664521718e-05, 0.000163092263392], [4.57622372778e-05, 0.00184231158346, 0.000528667995241, 0.00101332692429, -0.000636396754999, 0.00098036415875, -0.00114127190318, 0.0019346276531, -0.00177979387809, 0.00164284487255, -0.00228735408746, 0.00132314686198, -0.00071539595956], [0.000252183905104, 0.000528667995241, 0.00212689535692, 0.000119528442156, -0.000341273349477, -0.000368091015844, -0.000157118862262, 0.000973835412879, 0.00101295916829, -0.00124823860824, 0.00102533772588, -0.000527971715201, 0.000535678234883], [-3.76097050321e-05, 0.00101332692429, 0.000119528442156, 0.00357279810123, -0.000263907772023, 0.00103882630356, -0.00109367072582, 0.000380677229259, -0.00152137724217, 0.00191725068726, -0.00362807139754, 0.00156157335732, -0.00253077899106], [0.000137528812047, -0.000636396754999, -0.000341273349477, -0.000263907772023, 0.003113420913, 0.000667315733153, 0.000212923579966, -0.00188106577843, -0.000913182913791, 0.000624272739515, 0.00137252348941, -0.000904258864466, -0.00101065100171], [-0.000147434606333, 0.00098036415875, -0.000368091015844, 0.00103882630356, 0.000667315733153, 0.00501342443749, -0.00172861630563, 0.00126213673502, -0.00370554835536, 0.00138795201201, -0.00147427257616, 0.000969919026829, -0.00105340487789], [0.000272318546195, -0.00114127190318, -0.000157118862262, -0.00109367072582, 0.000212923579966, -0.00172861630563, 0.0060604494065, -0.0012429933995, 0.00359073258005, -0.00200830143876, -0.00117623747792, 0.000448542967206, 0.000717893068213], [4.95347521792e-05, 0.0019346276531, 0.000973835412879, 0.000380677229259, -0.00188106577843, 0.00126213673502, -0.0012429933995, 0.00882876571268, -0.00288943643682, 0.00177515333053, -0.00230600172654, -0.00131186866201, 0.000834698847029], [0.000116244278615, -0.00177979387809, 0.00101295916829, -0.00152137724217, -0.000913182913791, -0.00370554835536, 0.00359073258005, -0.00288943643682, 0.0113856783137, -0.00549859227613, 0.00379404006526, -0.00205192528665, -0.000704515550751], [-1.79425551323e-05, 0.00164284487255, -0.00124823860824, 0.00191725068726, 0.000624272739515, 0.00138795201201, -0.00200830143876, 0.00177515333053, -0.00549859227613, 0.0112510928884, -0.00695597101003, 0.00602348567918, -0.00147847807966], [0.000153629109263, -0.00228735408746, 0.00102533772588, -0.00362807139754, 0.00137252348941, -0.00147427257616, -0.00117623747792, -0.00230600172654, 0.00379404006526, -0.00695597101003, 0.0185581427068, -0.00685070361942, 0.00454751867801], [4.12664521718e-05, 0.00132314686198, -0.000527971715201, 0.00156157335732, -0.000904258864466, 0.000969919026829, 0.000448542967206, -0.00131186866201, -0.00205192528665, 0.00602348567918, -0.00685070361942, 0.0134000480175, -0.00178100296762], [0.000163092263392, -0.00071539595956, 0.000535678234883, -0.00253077899106, -0.00101065100171, -0.00105340487789, 0.000717893068213, 0.000834698847029, -0.000704515550751, -0.00147847807966, 0.00454751867801, -0.00178100296762, 0.0119802737609]]}, "melbands": {"dmean": [0.000705331040081, 0.000621989718638, 0.000741899886634, 0.000912915566005, 0.000106077626697, 0.000115483919217, 9.48456727201e-05, 5.17457447131e-05, 5.46479313925e-05, 3.2551921322e-05, 1.26478907987e-05, 6.14222562945e-06, 9.14208339964e-06, 6.34009347777e-06, 7.11857546776e-06, 1.17745676107e-05, 1.06587949631e-05, 3.68131259165e-06, 1.97351982933e-06, 1.31275673994e-05, 1.13741361929e-05, 9.40837799135e-06, 1.04915388874e-05, 2.78623997474e-06, 1.50336620663e-06, 4.63617340074e-07, 3.61588007536e-07, 8.72363102644e-07, 6.75023443364e-07, 9.07530136374e-07, 1.37715096571e-06, 1.27614248413e-06, 1.24082976072e-06, 8.74063800893e-07, 7.80966786351e-07, 8.81754431248e-07, 8.65414335749e-07, 6.62339118662e-07, 1.08726590042e-06, 9.07711182663e-07], "dmean2": [0.00130470225122, 0.00101763510611, 0.00103161844891, 0.00120550161228, 0.000147571598063, 0.000161721633049, 0.000135307796882, 7.1511400165e-05, 7.98123510322e-05, 4.86244389322e-05, 1.64727389347e-05, 9.5170817076e-06, 1.30052012537e-05, 9.13120038604e-06, 1.02738995338e-05, 1.84318960237e-05, 1.66418103618e-05, 5.78016306463e-06, 3.14676844937e-06, 1.729269934e-05, 1.47104092321e-05, 1.23131430882e-05, 1.31289298224e-05, 3.7676231841e-06, 2.24506788982e-06, 8.06057130376e-07, 5.79707489123e-07, 1.13179612526e-06, 9.85511746876e-07, 1.42062970099e-06, 2.09940071727e-06, 1.92794504983e-06, 1.87191312762e-06, 1.34891149628e-06, 1.18334548915e-06, 1.26732868466e-06, 1.30630530748e-06, 1.05380877358e-06, 1.91483331946e-06, 1.60366948876e-06], "dvar": [6.78413425703e-06, 3.09164374812e-06, 2.11389533433e-06, 4.62828666059e-06, 7.15718613264e-08, 1.51393464876e-07, 1.18961601459e-07, 4.04152586952e-08, 9.26411942714e-08, 3.13802068774e-08, 4.14852108221e-09, 1.74734282599e-09, 1.41342426652e-09, 9.91697612918e-10, 2.03134065124e-09, 5.57987211991e-09, 2.57908361334e-09, 2.72978806226e-10, 8.51629045062e-11, 5.0697162024e-09, 2.26656715618e-09, 1.1858715121e-09, 2.18143414443e-09, 2.25383572916e-10, 1.90331320149e-10, 1.64432053043e-12, 8.57915789191e-13, 1.33583519246e-10, 2.10562522279e-11, 1.08308908717e-11, 4.65161936747e-11, 7.55725135249e-11, 1.20028070816e-10, 2.21363899433e-11, 2.13925630682e-11, 3.19381986136e-11, 4.91685893389e-11, 1.42386397811e-11, 3.10563449957e-11, 2.59922673662e-11], "dvar2": [2.0712355763e-05, 8.25664119475e-06, 3.70960901819e-06, 7.69742473494e-06, 1.34474149149e-07, 3.3656914411e-07, 2.54617361861e-07, 9.20165774687e-08, 2.18657376649e-07, 7.94383439029e-08, 7.25414350811e-09, 3.78908993071e-09, 3.07568481794e-09, 2.2272781397e-09, 4.44999992411e-09, 1.39949403177e-08, 6.65550192736e-09, 6.45655640064e-10, 2.24092897017e-10, 9.04966235282e-09, 3.85285803262e-09, 2.14655804243e-09, 3.86942877739e-09, 3.96246646606e-10, 3.46206535662e-10, 4.41732631376e-12, 2.10967896798e-12, 2.48667253455e-10, 4.04229080764e-11, 2.34596769094e-11, 1.09754448585e-10, 1.73100617173e-10, 2.66913213753e-10, 4.11948218593e-11, 4.1019364988e-11, 6.13647674341e-11, 1.08703684942e-10, 3.3937835181e-11, 8.65546315176e-11, 6.41969186144e-11], "max": [0.0195290390402, 0.0380667001009, 0.0426385961473, 0.0631861686707, 0.0094349719584, 0.0111943399534, 0.0100458022207, 0.00709264865145, 0.0123110339046, 0.00662056542933, 0.00319887208752, 0.00166834134143, 0.00207082903944, 0.00197210791521, 0.00209989282303, 0.0035034827888, 0.00214761146344, 0.00049028970534, 0.000258941960055, 0.00267819175497, 0.000799797475338, 0.000653362367302, 0.00100164650939, 0.000390054425225, 0.000651187554467, 2.18168806896e-05, 2.74219855783e-05, 0.000696716713719, 0.000265330047114, 0.00011790280405, 0.000193145489902, 0.000284864247078, 0.000693374255206, 0.000154640161782, 0.000152566994075, 0.000311533251079, 0.000319042417686, 0.000168943224708, 0.000213585881284, 0.000243259186391], "mean": [0.000561927154195, 0.000982528901659, 0.00177330221049, 0.00195784191601, 0.000288185052341, 0.00024167803349, 0.000181496696314, 9.92508212221e-05, 9.81035627774e-05, 5.36190746061e-05, 2.27470882237e-05, 1.02636950032e-05, 1.57204940479e-05, 1.03244874481e-05, 1.16969058581e-05, 1.89289130503e-05, 1.66717691172e-05, 5.8569603425e-06, 2.85238866127e-06, 5.52677520318e-05, 4.37554517703e-05, 3.76560419681e-05, 4.76750501548e-05, 1.10031123768e-05, 5.03098863192e-06, 5.35717674666e-07, 5.90540139456e-07, 3.67894790543e-06, 1.98719067157e-06, 1.55480756803e-06, 2.27534883379e-06, 1.80285815077e-06, 1.579166792e-06, 1.18520824799e-06, 1.0692218666e-06, 1.14885733637e-06, 1.11673477932e-06, 7.76719673468e-07, 8.99560006928e-07, 7.08816060069e-07], "median": [4.1741401219e-05, 0.000404031277867, 0.00080164760584, 0.000517081527505, 0.000127135164803, 6.48735440336e-05, 2.66351235041e-05, 7.34180548534e-06, 7.45699071558e-06, 3.57245562554e-06, 2.6427553621e-06, 1.10777682494e-06, 2.93385346595e-06, 1.6330706103e-06, 1.05688718577e-06, 1.17693093671e-06, 1.15249827104e-06, 4.6996092351e-07, 2.80618991155e-07, 1.42868987041e-06, 2.20932406592e-06, 1.59689363954e-06, 1.00217789623e-06, 4.3821643203e-07, 2.87406720645e-07, 1.29528075377e-07, 2.42011793716e-07, 4.17349610871e-07, 3.7671179598e-07, 3.29557508394e-07, 2.91848152756e-07, 2.39957046233e-07, 1.04572272619e-07, 7.49082502693e-08, 5.52498526929e-08, 4.52927686467e-08, 3.52586155827e-08, 3.37388357252e-08, 4.0444160021e-08, 2.74505431719e-08], "min": [7.09581646424e-24, 1.80178295943e-24, 7.33285338904e-24, 5.45254820118e-24, 6.95120958284e-24, 4.55486945611e-24, 1.02472637158e-23, 4.02304191635e-24, 8.23205542452e-24, 9.52888122155e-24, 1.2420142425e-23, 1.37342561088e-23, 7.75638886475e-24, 9.36843716862e-24, 1.02285669235e-23, 1.27490193253e-23, 1.0601814883e-23, 1.38625296251e-23, 1.00692272758e-23, 9.77642971791e-24, 1.15856064734e-23, 2.66746246907e-23, 1.50408480038e-23, 1.39225177638e-23, 7.06373112464e-24, 8.24683867788e-24, 1.2140145713e-23, 1.29482532466e-23, 9.30912113943e-24, 1.28634041565e-23, 1.17017867521e-23, 1.41385978098e-23, 1.09732247967e-23, 1.37068416146e-23, 9.18761526078e-24, 1.10346360405e-23, 1.27377046933e-23, 9.82167010197e-24, 1.13536158918e-23, 9.67878214848e-24], "var": [4.4729408728e-06, 6.07488027526e-06, 7.41637586543e-06, 1.46934607983e-05, 2.15892129063e-07, 3.87481605912e-07, 3.06297863517e-07, 9.95401734372e-08, 2.00015975338e-07, 6.89063028858e-08, 1.15880203211e-08, 3.70730757204e-09, 3.80650666543e-09, 2.1169281883e-09, 5.79967274206e-09, 1.21948460219e-08, 6.04944849769e-09, 6.22614293455e-10, 1.27317420495e-10, 3.40125723142e-08, 1.42600153907e-08, 8.96198226741e-09, 1.85343029813e-08, 1.78872916479e-09, 1.37200839578e-09, 1.93661016043e-12, 1.25002330535e-12, 1.03608366331e-09, 1.52488119354e-10, 2.11487060503e-11, 7.55752127546e-11, 1.02808810076e-10, 1.7005531705e-10, 4.95342759865e-11, 4.17775466999e-11, 6.43810907364e-11, 7.99555213704e-11, 2.28446046802e-11, 2.3715737707e-11, 2.52376158166e-11]}, "mfcc": {"mean": [-751.258422852, 132.051651001, 26.1578960419, 42.896648407, 16.8088130951, 7.91440629959, -9.62966156006, -3.11816382408, 3.89592671394, -18.298286438, -11.1408252716, 4.87041664124, -6.84641885757], "cov": [[9628.53320312, -229.097442627, -319.732757568, -548.52947998, -362.499908447, -48.071647644, -495.079620361, -173.315216064, -60.7828598022, -244.123916626, 351.077362061, -10.5331573486, -453.98034668], [-229.097442627, 1351.69299316, -265.220245361, 154.771118164, -7.07942771912, -25.3251609802, 19.254907608, -45.9020385742, -17.688873291, -57.0289268494, -76.6064834595, 1.36562907696, 26.2417831421], [-319.732757568, -265.220245361, 645.30255127, -98.4625091553, -146.50012207, 120.571403503, 51.3840789795, -131.310577393, -94.1302566528, 115.425643921, -13.7209472656, -68.8691253662, 14.1246604919], [-548.52947998, 154.771118164, -98.4625091553, 398.663604736, 167.154220581, -45.1359405518, 35.9612579346, 83.9611129761, 35.0432624817, -32.2804298401, -66.8330917358, 39.4215888977, 55.6832351685], [-362.499908447, -7.07942771912, -146.50012207, 167.154220581, 423.212554932, -74.5579833984, -56.8859405518, 111.091499329, 136.46257019, -48.6379203796, -116.696548462, 40.9061012268, 101.502174377], [-48.071647644, -25.3251609802, 120.571403503, -45.1359405518, -74.5579833984, 204.696838379, 54.1342124939, -41.359790802, -37.8835792542, 116.110359192, 11.3587503433, -50.1237678528, 22.9158649445], [-495.079620361, 19.254907608, 51.3840789795, 35.9612579346, -56.8859405518, 54.1342124939, 209.995803833, 35.6463470459, -36.7546424866, 59.2159957886, 16.8918476105, -14.3737449646, 8.23997688293], [-173.315216064, -45.9020385742, -131.310577393, 83.9611129761, 111.091499329, -41.359790802, 35.6463470459, 240.308761597, 55.7686004639, -88.6827926636, 18.0224971771, 11.7459068298, -8.37191772461], [-60.7828598022, -17.688873291, -94.1302566528, 35.0432624817, 136.46257019, -37.8835792542, -36.7546424866, 55.7686004639, 172.971923828, -12.7662525177, -74.5570755005, 45.0567092896, 53.8204536438], [-244.123916626, -57.0289268494, 115.425643921, -32.2804298401, -48.6379203796, 116.110359192, 59.2159957886, -88.6827926636, -12.7662525177, 306.145812988, -20.3010349274, -40.9912452698, 77.7657852173], [351.077362061, -76.6064834595, -13.7209472656, -66.8330917358, -116.696548462, 11.3587503433, 16.8918476105, 18.0224971771, -74.5570755005, -20.3010349274, 268.673614502, -10.7907152176, -129.529815674], [-10.5331573486, 1.36562907696, -68.8691253662, 39.4215888977, 40.9061012268, -50.1237678528, -14.3737449646, 11.7459068298, 45.0567092896, -40.9912452698, -10.7907152176, 150.46736145, 35.6268997192], [-453.98034668, 26.2417831421, 14.1246604919, 55.6832351685, 101.502174377, 22.9158649445, 8.23997688293, -8.37191772461, 53.8204536438, 77.7657852173, -129.529815674, 35.6268997192, 225.335205078]], "icov": [[0.000145114565385, 2.46409254032e-05, 0.000103076155938, 0.000101892997918, 8.65715337568e-05, -9.38740704441e-05, 0.000313673663186, 5.94177472522e-05, -2.03128784051e-05, 4.29034080298e-05, -4.79048940178e-05, -2.88161427306e-05, 0.000186202712939], [2.46409254032e-05, 0.000949126493651, 0.000555546255782, -0.000371878093574, 0.0002487191814, -0.000132955727167, -0.000158606868354, 0.000560709740967, 0.000155158908456, 0.000314917124342, 0.000292091310257, 0.000256542931311, -9.40963072935e-05], [0.000103076155938, 0.000555546255782, 0.00244079786353, 7.63563293731e-05, 0.000378448632546, -0.000752786640078, -0.000211511796806, 0.00103550578933, 0.000667425862048, 0.000110940382001, 0.000483742391225, 0.000528584932908, -7.98058754299e-05], [0.000101892997918, -0.000371878093574, 7.63563293731e-05, 0.00363220297731, -0.00127602962311, 0.000269338896032, -0.000577391823754, -0.000718520313967, 0.000815142993815, -9.06748537091e-05, 0.00041488345596, -0.000726097321603, 7.79425536166e-05], [8.65715337568e-05, 0.0002487191814, 0.000378448632546, -0.00127602962311, 0.00464222952724, 0.000454260705737, 0.00128559931181, -0.0011028915178, -0.00193347281311, 0.000149316212628, 0.00061015074607, 0.000536218693014, -0.00111199775711], [-9.38740704441e-05, -0.000132955727167, -0.000752786640078, 0.000269338896032, 0.000454260705737, 0.00737745687366, -0.00105731794611, -0.000221200301894, 0.000192100094864, -0.00195792596787, -0.000417008181103, 0.00143498682883, -0.00095422292361], [0.000313673663186, -0.000158606868354, -0.000211511796806, -0.000577391823754, 0.00128559931181, -0.00105731794611, 0.00716739986092, -0.00223665614612, 0.00104291702155, -0.00127519492526, -1.30674316097e-05, -0.000484314165078, 0.000249648350291], [5.94177472522e-05, 0.000560709740967, 0.00103550578933, -0.000718520313967, -0.0011028915178, -0.000221200301894, -0.00223665614612, 0.00717248488218, -0.00180671061389, 0.0021508585196, -0.00122663227376, 0.00119306729175, -0.000169879363966], [-2.03128784051e-05, 0.000155158908456, 0.000667425862048, 0.000815142993815, -0.00193347281311, 0.000192100094864, 0.00104291702155, -0.00180671061389, 0.00972447730601, -0.000992007087916, 0.00203948374838, -0.002109315712, -3.05728935928e-05], [4.29034080298e-05, 0.000314917124342, 0.000110940382001, -9.06748537091e-05, 0.000149316212628, -0.00195792596787, -0.00127519492526, 0.0021508585196, -0.000992007087916, 0.00552038289607, -0.000626581604593, 0.00130048871506, -0.00191039207857], [-4.79048940178e-05, 0.000292091310257, 0.000483742391225, 0.00041488345596, 0.00061015074607, -0.000417008181103, -1.30674316097e-05, -0.00122663227376, 0.00203948374838, -0.000626581604593, 0.0062664761208, -0.0011389167048, 0.00297045218758], [-2.88161427306e-05, 0.000256542931311, 0.000528584932908, -0.000726097321603, 0.000536218693014, 0.00143498682883, -0.000484314165078, 0.00119306729175, -0.002109315712, 0.00130048871506, -0.0011389167048, 0.00870185159147, -0.0022425877396], [0.000186202712939, -9.40963072935e-05, -7.98058754299e-05, 7.79425536166e-05, -0.00111199775711, -0.00095422292361, 0.000249648350291, -0.000169879363966, -3.05728935928e-05, -0.00191039207857, 0.00297045218758, -0.0022425877396, 0.00812085159123]]}, "spectral_contrast_coeffs": {"dmean": [0.0451428182423, 0.038200519979, 0.0343959331512, 0.0298072770238, 0.0232207812369, 0.0205560754985], "dmean2": [0.0699537843466, 0.0586616434157, 0.0522358193994, 0.0470551513135, 0.0351746529341, 0.0298367924988], "dvar": [0.00161655724514, 0.0011537251994, 0.000910137896426, 0.000785998534411, 0.000555100094061, 0.000408225721912], "dvar2": [0.00383127690293, 0.00274877646007, 0.00206792773679, 0.00175905996002, 0.00116321910173, 0.000802285387181], "max": [-0.268260955811, -0.381970286369, -0.54354351759, -0.45049443841, -0.44181984663, -0.588708937168], "mean": [-0.561806440353, -0.688136041164, -0.759853124619, -0.746113240719, -0.740247189999, -0.753086030483], "median": [-0.564713537693, -0.690906345844, -0.760175228119, -0.763338923454, -0.767607331276, -0.743239343166], "min": [-0.969002246857, -0.952518343925, -0.97211176157, -0.957411289215, -0.960071086884, -0.955131411552], "var": [0.0112811774015, 0.00668855942786, 0.00407842593268, 0.00812631845474, 0.00923302676529, 0.00279081147164]}, "spectral_contrast_valleys": {"dmean": [0.393486171961, 0.325193881989, 0.3423576653, 0.323575794697, 0.326773732901, 0.394942492247], "dmean2": [0.611750483513, 0.513474225998, 0.521366178989, 0.474160552025, 0.453551054001, 0.501012980938], "dvar": [0.200924113393, 0.151143491268, 0.182981461287, 0.182360038161, 0.213780805469, 0.290654242039], "dvar2": [0.356790453196, 0.266694277525, 0.314828664064, 0.315204799175, 0.3563712835