{"lowlevel": {"average_loudness": 0.763557076454, "barkbands_crest": {"dmean": 2.57087373734, "dmean2": 4.27220821381, "dvar": 4.98158407211, "dvar2": 12.6613254547, "max": 26.8533096313, "mean": 12.9763841629, "median": 11.2602596283, "min": 1.79712045193, "var": 34.122127533}, "barkbands_flatness_db": {"dmean": 0.0287212450057, "dmean2": 0.0468984059989, "dvar": 0.000829146767501, "dvar2": 0.00210687797517, "max": 0.51137650013, "mean": 0.282282143831, "median": 0.274902433157, "min": 0.00814663618803, "var": 0.00249085715041}, "barkbands_kurtosis": {"dmean": 5.91890716553, "dmean2": 9.76358413696, "dvar": 389.67376709, "dvar2": 963.479675293, "max": 887.608520508, "mean": 9.67495727539, "median": 3.42987442017, "min": -1.62763822079, "var": 946.038085938}, "barkbands_skewness": {"dmean": 0.656487524509, "dmean2": 1.08136892319, "dvar": 0.702542364597, "dvar2": 1.77963018417, "max": 20.7380390167, "mean": 1.69411981106, "median": 1.42251253128, "min": -10.2802410126, "var": 3.11053085327}, "barkbands_spread": {"dmean": 1.52572250366, "dmean2": 2.52801966667, "dvar": 2.95903301239, "dvar2": 6.9660615921, "max": 93.4078369141, "mean": 6.07070159912, "median": 5.42314195633, "min": 0.0800888389349, "var": 20.9784832001}, "dissonance": {"dmean": 0.0392729826272, "dmean2": 0.0670501813293, "dvar": 0.00114544783719, "dvar2": 0.00327177182771, "max": 0.500000178814, "mean": 0.427889436483, "median": 0.434557378292, "min": 0.18090069294, "var": 0.00195413897745}, "dynamic_complexity": 3.74169445038, "erbbands_crest": {"dmean": 3.04304409027, "dmean2": 5.00587892532, "dvar": 7.38041448593, "dvar2": 19.045343399, "max": 32.7218971252, "mean": 11.8863210678, "median": 10.2965698242, "min": 2.27199292183, "var": 31.4803218842}, "erbbands_flatness_db": {"dmean": 0.0235826559365, "dmean2": 0.0388715080917, "dvar": 0.00059512432199, "dvar2": 0.00158593954984, "max": 0.515509903431, "mean": 0.275545418262, "median": 0.269937038422, "min": 0.0463808551431, "var": 0.00228713033721}, "erbbands_kurtosis": {"dmean": 1.64650177956, "dmean2": 2.73770475388, "dvar": 10.4192810059, "dvar2": 27.1198863983, "max": 112.932434082, "mean": 2.27619457245, "median": 0.990213274956, "min": -1.6222370863, "var": 29.3742408752}, "erbbands_skewness": {"dmean": 0.421193599701, "dmean2": 0.685253679752, "dvar": 0.159552142024, "dvar2": 0.403725087643, "max": 8.15303897858, "mean": 0.752102613449, "median": 0.622666358948, "min": -1.84686160088, "var": 0.785164356232}, "erbbands_spread": {"dmean": 3.28124070168, "dmean2": 5.49926757812, "dvar": 14.2131700516, "dvar2": 39.4003181458, "max": 103.701728821, "mean": 14.556895256, "median": 14.434006691, "min": 0.647940695286, "var": 40.3801460266}, "hfc": {"dmean": 2.95629286766, "dmean2": 4.72863912582, "dvar": 65.6824798584, "dvar2": 127.498260498, "max": 671.516662598, "mean": 11.1849851608, "median": 8.90998458862, "min": 1.19302009817e-16, "var": 545.682312012}, "melbands_crest": {"dmean": 3.32075715065, "dmean2": 5.60198688507, "dvar": 7.81206512451, "dvar2": 20.9856452942, "max": 36.5090141296, "mean": 17.0777378082, "median": 15.9360923767, "min": 2.34281754494, "var": 36.3189735413}, "melbands_flatness_db": {"dmean": 0.0340346768498, "dmean2": 0.0561885274947, "dvar": 0.00116437079851, "dvar2": 0.00299645401537, "max": 0.648528814316, "mean": 0.398827821016, "median": 0.394028037786, "min": 0.00511224288493, "var": 0.00312956399284}, "melbands_kurtosis": {"dmean": 5.90056753159, "dmean2": 9.97679138184, "dvar": 141.988067627, "dvar2": 399.831085205, "max": 276.052581787, "mean": 11.0644168854, "median": 6.30467844009, "min": -1.71387863159, "var": 273.044494629}, "melbands_skewness": {"dmean": 0.659500539303, "dmean2": 1.08630263805, "dvar": 0.459687113762, "dvar2": 1.21927511692, "max": 11.1824960709, "mean": 2.17362594604, "median": 2.0242433548, "min": -3.10201072693, "var": 2.42861938477}, "melbands_spread": {"dmean": 1.9382083416, "dmean2": 3.2320933342, "dvar": 9.27167415619, "dvar2": 19.7497806549, "max": 192.063110352, "mean": 7.35995435715, "median": 5.90596866608, "min": 0.275567471981, "var": 37.6924285889}, "pitch_salience": {"dmean": 0.0739475637674, "dmean2": 0.122089058161, "dvar": 0.00358484312892, "dvar2": 0.00965323671699, "max": 0.945920288563, "mean": 0.510025620461, "median": 0.545175433159, "min": 0.0473237559199, "var": 0.0255385525525}, "silence_rate_20dB": {"dmean": 0, "dmean2": 0, "dvar": 0, "dvar2": 0, "max": 1, "mean": 1, "median": 1, "min": 1, "var": 0}, "silence_rate_30dB": {"dmean": 0.046426858753, "dmean2": 0.0928626284003, "dvar": 0.0442739278078, "dvar2": 0.106499299407, "max": 1, "mean": 0.924515604973, "median": 1, "min": 0, "var": 0.0697840005159}, "silence_rate_60dB": {"dmean": 0.0201438851655, "dmean2": 0.0402916334569, "dvar": 0.0197402816266, "dvar2": 0.049408081919, "max": 1, "mean": 0.0628237128258, "median": 0, "min": 0, "var": 0.0588821023703}, "spectral_centroid": {"dmean": 55.4607810974, "dmean2": 91.4219436646, "dvar": 9827.98144531, "dvar2": 11283.7431641, "max": 11051.8867188, "mean": 420.906921387, "median": 372.17779541, "min": 160.264892578, "var": 44890.3007812}, "spectral_complexity": {"dmean": 1.60805749893, "dmean2": 2.75920963287, "dvar": 2.14721274376, "dvar2": 5.51561355591, "max": 64, "mean": 10.5933246613, "median": 11, "min": 0, "var": 21.2778968811}, "spectral_decrease": {"dmean": 3.6297511663e-09, "dmean2": 5.8043010398e-09, "dvar": 2.04662946217e-17, "dvar2": 5.09992151707e-17, "max": 6.09633058011e-14, "mean": -1.1702957714e-08, "median": -9.84938886006e-09, "min": -7.094585186e-08, "var": 1.08751943144e-16}, "spectral_energy": {"dmean": 0.0139275621623, "dmean2": 0.0222689919174, "dvar": 0.000300564977806, "dvar2": 0.000747654295992, "max": 0.325696408749, "mean": 0.0451839007437, "median": 0.0381520465016, "min": 1.0844359641e-20, "var": 0.00161567353643}, "spectral_energyband_high": {"dmean": 2.53325506492e-05, "dmean2": 4.01899233111e-05, "dvar": 3.48573593101e-07, "dvar2": 6.25541019872e-07, "max": 0.0536401718855, "mean": 8.36007020553e-05, "median": 5.2173977565e-06, "min": 7.83832632605e-21, "var": 3.26684835272e-06}, "spectral_energyband_low": {"dmean": 0.00867510121316, "dmean2": 0.0140348169953, "dvar": 0.000172552405274, "dvar2": 0.000435578171164, "max": 0.227814868093, "mean": 0.0221904274076, "median": 0.0137035697699, "min": 6.04597323475e-23, "var": 0.000729469757061}, "spectral_energyband_middle_high": {"dmean": 0.000541309127584, "dmean2": 0.000875608064234, "dvar": 1.17185652471e-06, "dvar2": 2.83882923213e-06, "max": 0.0650936290622, "mean": 0.00160115328617, "median": 0.00115818507038, "min": 1.56835302065e-21, "var": 5.04465606355e-06}, "spectral_energyband_middle_low": {"dmean": 0.00874748732895, "dmean2": 0.0142492800951, "dvar": 0.000113589529064, "dvar2": 0.000297696038615, "max": 0.164856910706, "mean": 0.0218398999423, "median": 0.0177693702281, "min": 3.12195401421e-22, "var": 0.000351059192326}, "spectral_entropy": {"dmean": 0.256716966629, "dmean2": 0.42612683773, "dvar": 0.0883720815182, "dvar2": 0.231304690242, "max": 9.79894542694, "mean": 6.27736473083, "median": 6.34897708893, "min": 3.78038167953, "var": 0.215075403452}, "spectral_flux": {"dmean": 0.0236656945199, "dmean2": 0.0406662039459, "dvar": 0.000610799703281, "dvar2": 0.00172047165688, "max": 0.410984128714, "mean": 0.0863939374685, "median": 0.0817072689533, "min": 1.04136255175e-10, "var": 0.00249696522951}, "spectral_kurtosis": {"dmean": 13.1141290665, "dmean2": 22.6618041992, "dvar": 130.919921875, "dvar2": 382.947052002, "max": 179.323440552, "mean": 33.1066513062, "median": 26.8771476746, "min": -1.21211540699, "var": 543.711364746}, "spectral_rms": {"dmean": 0.000971562520135, "dmean2": 0.0015424778685, "dvar": 8.35849391478e-07, "dvar2": 2.05485639526e-06, "max": 0.0178256165236, "mean": 0.00590310059488, "median": 0.00610094331205, "min": 3.25267026854e-12, "var": 9.23533207242e-06}, "spectral_rolloff": {"dmean": 104.014343262, "dmean2": 180.772476196, "dvar": 106735.84375, "dvar2": 192313.3125, "max": 20047.4121094, "mean": 475.774414062, "median": 387.59765625, "min": 43.06640625, "var": 301236.5}, "spectral_skewness": {"dmean": 0.845989763737, "dmean2": 1.46208143234, "dvar": 0.534309446812, "dvar2": 1.55657708645, "max": 11.3227949142, "mean": 3.96335530281, "median": 3.6828751564, "min": -0.0146342888474, "var": 1.88426744938}, "spectral_spread": {"dmean": 403163.03125, "dmean2": 697592.0625, "dvar": 341029584896, "dvar2": 788803354624, "max": 40265232, "mean": 1715819.75, "median": 1585301.875, "min": 482453.09375, "var": 669114564608}, "spectral_strongpeak": {"dmean": 0.340702325106, "dmean2": 0.573342144489, "dvar": 0.167650192976, "dvar2": 0.445911645889, "max": 8.55985450745, "mean": 0.670971870422, "median": 0.588745713234, "min": 0, "var": 0.340944498777}, "zerocrossingrate": {"dmean": 0.0025602329988, "dmean2": 0.00350537593476, "dvar": 4.6334691433e-05, "dvar2": 7.19111412764e-05, "max": 0.583984375, "mean": 0.0175842605531, "median": 0.01513671875, "min": 0.00244140625, "var": 0.000220291360165}, "barkbands": {"dmean": [0.00272412295453, 0.00460745021701, 0.00362328649499, 0.00210760277696, 0.00687475921586, 0.00130924175028, 0.000683682505041, 0.000819249078631, 0.000844951486215, 0.00048696322483, 0.000201271061087, 0.000200233247597, 3.53073919541e-05, 4.54624751001e-05, 2.22236867558e-05, 1.43201905303e-05, 8.68521328812e-06, 8.02585509518e-06, 6.96709275871e-06, 5.38140875506e-06, 4.92576327815e-06, 4.68057487524e-06, 3.88610260416e-06, 3.88514717997e-06, 3.76669117941e-06, 4.73939689982e-06, 3.50284767592e-06], "dmean2": [0.00409020157531, 0.00720020150766, 0.00635108537972, 0.00384506909177, 0.010956665501, 0.00209499592893, 0.00110504741315, 0.00131993880495, 0.00135805585887, 0.000758477894124, 0.000325632223394, 0.000346833228832, 5.91300158703e-05, 7.69475809648e-05, 3.87495856558e-05, 2.40171320911e-05, 1.44224031828e-05, 1.28082883748e-05, 1.14827580546e-05, 8.97852078197e-06, 8.39779659145e-06, 7.80525715527e-06, 6.3412567215e-06, 5.92090918872e-06, 6.18117292106e-06, 7.83311406849e-06, 5.7042766457e-06], "dvar": [3.58587385563e-05, 8.3161634393e-05, 2.63432175416e-05, 1.49808010974e-05, 9.2383401352e-05, 4.56845145891e-06, 1.15402474421e-06, 1.35579387006e-06, 7.79280071583e-06, 5.41986935332e-07, 3.19412066574e-07, 1.11295300087e-07, 9.90241044718e-09, 2.35118449154e-08, 5.7096030126e-09, 1.48708387826e-08, 7.35552907472e-09, 9.50362455399e-09, 1.21851861934e-08, 6.03900485174e-09, 7.01380198365e-09, 1.04522692723e-08, 6.52573906024e-09, 9.33528987446e-09, 1.04417026137e-08, 1.5324513214e-08, 1.04449373595e-08], "dvar2": [7.55424334784e-05, 0.000200467169634, 7.86698656157e-05, 5.06606884301e-05, 0.000232806662098, 1.10729934022e-05, 3.05940579892e-06, 3.30310672325e-06, 2.08667424886e-05, 1.17601098282e-06, 9.40874258504e-07, 3.19991471542e-07, 2.18366054128e-08, 6.62662245077e-08, 1.58883732837e-08, 3.8136370506e-08, 1.88027122761e-08, 2.03478407457e-08, 3.09018375333e-08, 1.37562459201e-08, 1.70665810373e-08, 2.50856029282e-08, 1.45704230903e-08, 2.08042720828e-08, 2.25777458951e-08, 3.60072469618e-08, 2.23531504417e-08], "max": [0.0905448645353, 0.195302411914, 0.0635324195027, 0.0611603036523, 0.133915692568, 0.0334481522441, 0.017560031265, 0.0176041275263, 0.153388828039, 0.0160301905125, 0.0192701891065, 0.00890609249473, 0.0073472908698, 0.00854364223778, 0.00665880879387, 0.00954729039222, 0.0078352689743, 0.00647729588673, 0.00828129705042, 0.0060434518382, 0.00604705186561, 0.00746982218698, 0.00707456236705, 0.00905071943998, 0.00932977627963, 0.0106539865956, 0.00937822461128], "mean": [0.00369507074356, 0.0112478341907, 0.00692961085588, 0.00273102335632, 0.0111064705998, 0.00295855593868, 0.0012994663557, 0.0015612358693, 0.00166581582744, 0.000929512956645, 0.000349164212821, 0.000339369260473, 7.14175184839e-05, 8.01844653324e-05, 4.58652393718e-05, 2.89297367999e-05, 2.1823154384e-05, 1.78526988748e-05, 1.57770118676e-05, 1.19864762382e-05, 1.06307807073e-05, 1.02398744275e-05, 8.97578684089e-06, 1.01950436147e-05, 1.08637113954e-05, 1.31245169541e-05, 1.29468553496e-05], "median": [0.000511823105626, 0.00273702875711, 0.0029775025323, 0.000865404959768, 0.00702287675813, 0.00121910090093, 0.000644454208668, 0.000798599678092, 0.000758756534196, 0.000561735534575, 0.000132142115035, 0.000189104990568, 4.65034572699e-05, 4.39688883489e-05, 3.03827746393e-05, 1.77051078936e-05, 1.05050903585e-05, 8.33402191347e-06, 5.90102899878e-06, 3.73407465304e-06, 1.72261013631e-06, 6.12602093497e-07, 2.51829817444e-07, 1.00549996773e-07, 3.82149565326e-08, 3.21814326298e-08, 3.71112435005e-07], "min": [2.5557886372e-24, 2.83440941798e-23, 2.20299442094e-23, 1.39541447752e-23, 2.70321522301e-23, 5.86854768866e-23, 9.6796401136e-23, 1.30170206183e-23, 8.39782760177e-23, 3.94539315415e-23, 6.78343574992e-23, 8.00545008078e-23, 7.09511784902e-23, 1.26824498778e-22, 1.75512337516e-22, 1.78830841842e-22, 1.438265465e-22, 2.39909060072e-22, 2.84954986757e-22, 3.55659516841e-22, 3.51466235191e-22, 6.23635010986e-22, 7.58788164362e-22, 1.25248917621e-21, 1.10446544793e-21, 1.32435856986e-21, 2.50846297192e-21], "var": [6.61170342937e-05, 0.000382596103009, 8.35955434013e-05, 2.02126029762e-05, 0.000176379035111, 1.75529148692e-05, 2.96672851618e-06, 3.89194656236e-06, 1.54415083671e-05, 1.47277876295e-06, 6.30589340744e-07, 1.99884908625e-07, 3.19805515403e-08, 3.90794419047e-08, 2.22023377461e-08, 2.78044556268e-08, 2.78081930816e-08, 3.0691424513e-08, 4.27951860615e-08, 2.99193949616e-08, 3.72611985711e-08, 4.95982739324e-08, 3.99663484529e-08, 5.8093238664e-08, 6.75341098599e-08, 9.83849233194e-08, 8.92492124649e-08]}, "erbbands": {"dmean": [0.193054541945, 0.945704519749, 3.43065500259, 5.88889598846, 11.9895477295, 33.7256698608, 13.1140947342, 11.6583976746, 9.35138893127, 16.5137462616, 16.225030899, 17.2983951569, 21.5935516357, 9.25885486603, 5.24706029892, 8.0617313385, 2.49996566772, 2.45181298256, 1.22139322758, 0.944841682911, 0.669939696789, 0.475719720125, 0.490234702826, 0.390984177589, 0.300721824169, 0.242082491517, 0.235149741173, 0.17522996664, 0.158012717962, 0.137601226568, 0.127551689744, 0.0768338143826, 0.0628884732723, 0.0350694470108, 0.0328454524279, 0.0190426632762, 0.0100818760693, 0.00259228050709, 0.000610610819422, 6.0151276557e-05], "dmean2": [0.317430347204, 1.42937719822, 5.76644086838, 10.7483062744, 19.8177490234, 53.6155433655, 20.9301452637, 18.3889160156, 16.0569992065, 26.7605133057, 26.2992668152, 27.8338871002, 33.669380188, 14.7516956329, 8.65702724457, 14.0441713333, 4.27481126785, 4.14925336838, 2.07163071632, 1.61190354824, 1.11705172062, 0.774439752102, 0.792560100555, 0.659397006035, 0.493918538094, 0.401082575321, 0.403121501207, 0.283308446407, 0.286082714796, 0.23131300509, 0.210271969438, 0.125020816922, 0.0967145189643, 0.0514418035746, 0.0514356978238, 0.0292577594519, 0.0164506342262, 0.00388744776137, 0.000985617516562, 9.9143726402e-05], "dvar": [0.179783791304, 3.43884205818, 25.4627971649, 99.5191574097, 348.168579102, 2659.12329102, 393.972412109, 469.308288574, 251.387954712, 662.176757812, 512.982177734, 3463.23999023, 2231.48266602, 342.886901855, 164.242477417, 188.043151855, 32.8126487732, 50.5288009644, 45.5849571228, 12.4719104767, 35.3237915039, 28.1157398224, 41.5461158752, 50.037689209, 20.5039196014, 11.6303739548, 12.3528594971, 12.1904182434, 12.6514720917, 10.7415332794, 7.11991834641, 3.54397106171, 2.69455862045, 0.880475282669, 0.734469711781, 0.253966420889, 0.0671946555376, 0.00533998897299, 0.000315070821671, 1.68838289483e-06], "dvar2": [0.466480225325, 7.5254406929, 69.3215866089, 343.063354492, 936.246459961, 6503.46289062, 957.171936035, 1100.1652832, 746.721191406, 1648.07275391, 1288.29418945, 8969.19628906, 5906.25390625, 870.852355957, 493.888244629, 551.31060791, 85.6581954956, 151.428726196, 123.781188965, 33.087310791, 85.3084793091, 68.328994751, 96.4357528687, 136.375305176, 52.019203186, 25.3955020905, 28.6971702576, 29.2867393494, 31.8912010193, 27.0159606934, 17.13164711, 7.7379283905, 5.80563688278, 1.53818309307, 1.7211458683, 0.633887827396, 0.162295490503, 0.010921950452, 0.000707265920937, 3.56472901331e-06], "max": [9.27509403229, 38.0440864563, 84.2141418457, 133.012115479, 265.196502686, 717.506469727, 450.94934082, 359.144958496, 291.424346924, 515.920715332, 382.502319336, 3004.0402832, 2125.62597656, 677.768798828, 382.51574707, 376.960388184, 341.350982666, 372.136108398, 441.269287109, 333.688690186, 507.954559326, 452.397277832, 375.519958496, 489.179840088, 426.680023193, 291.404571533, 275.610656738, 265.855499268, 273.970794678, 224.609771729, 233.252609253, 180.254837036, 138.562576294, 92.0616760254, 77.8152008057, 47.263420105, 20.5047550201, 7.11003780365, 1.65011799335, 0.11553619802], "mean": [0.302198171616, 2.64001965523, 7.82557296753, 9.28072071075, 17.7858791351, 51.7407188416, 25.6888160706, 25.3499965668, 17.8317947388, 31.5958538055, 32.855758667, 35.0922088623, 41.8673362732, 20.0499362946, 10.6612071991, 13.6742372513, 4.97711467743, 4.47052431107, 2.66299033165, 2.10941696167, 1.51961350441, 1.2062933445, 1.04306721687, 0.847590148449, 0.731867671013, 0.569143652916, 0.493847548962, 0.3894751966, 0.375482082367, 0.296092540026, 0.263375729322, 0.20879240334, 0.165629610419, 0.114627607167, 0.0843107104301, 0.050672352314, 0.0244542267174, 0.0089176511392, 0.00207673246041, 0.000213159582927], "median": [0.0840929299593, 0.638749718666, 3.97096633911, 4.18748760223, 9.93022727966, 25.9100875854, 15.2966594696, 9.16830635071, 8.71364402771, 14.961689949, 19.2686538696, 16.6348266602, 21.8253211975, 11.4300632477, 5.34087324142, 7.71534729004, 3.442029953, 2.56109523773, 1.80349326134, 1.38786864281, 0.930414199829, 0.594879090786, 0.494047522545, 0.357961535454, 0.266634702682, 0.174038112164, 0.106535874307, 0.0483541935682, 0.0250630006194, 0.0111811365932, 0.00685830414295, 0.00291051971726, 0.00140929070767, 0.000597918056883, 0.000218458721065, 8.91136296559e-05, 7.44837161619e-05, 8.05364106782e-05, 6.67345448164e-05, 4.87823708681e-05], "min": [1.1157861699e-21, 5.62054645556e-21, 2.25921119864e-20, 3.97805179873e-20, 6.20600784868e-20, 8.23326080146e-20, 1.70472579691e-19, 5.53311348097e-19, 1.57021741467e-18, 6.18940168089e-19, 5.40473349894e-19, 2.37842053941e-18, 1.45027177975e-18, 2.26283859242e-18, 2.57597691229e-18, 3.31850158621e-18, 2.82472914764e-18, 5.69274258878e-18, 8.7158730743e-18, 1.12793000023e-17, 6.92059418722e-18, 8.93034198198e-18, 1.22343842443e-17, 1.152350109e-17, 1.83957821391e-17, 1.75790339285e-17, 1.50645256347e-17, 1.31952240089e-17, 2.01689049935e-17, 2.32506772078e-17, 2.20545260655e-17, 2.3940643446e-17, 2.12002949926e-17, 1.32842220254e-17, 7.07975283606e-18, 5.40154440748e-18, 2.4181940716e-18, 9.82618086012e-19, 3.07311142646e-19, 4.42378291857e-20], "var": [0.33362621069, 21.5869579315, 100.451850891, 164.745849609, 557.471313477, 5019.34179688, 1127.68774414, 1613.3527832, 584.125, 1800.70458984, 1439.60449219, 7154.36572266, 4565.73583984, 1010.03210449, 341.505401611, 323.363586426, 79.7459182739, 85.9383621216, 91.7824630737, 54.23204422, 88.2326202393, 99.3908233643, 103.183433533, 102.527984619, 97.3003005981, 67.8316192627, 69.1341934204, 57.9303321838, 64.4905776978, 44.6125984192, 35.7277526855, 23.6141777039, 15.2810792923, 7.32565689087, 4.17602729797, 1.5118111372, 0.342901140451, 0.0446247123182, 0.00228493311442, 1.39391640914e-05]}, "gfcc": {"mean": [-112.176841736, 195.638061523, -99.0134048462, -10.9627628326, -37.8069343567, -14.4474554062, -9.3305721283, -12.5984573364, -11.7345733643, -15.1112346649, -8.09593009949, -10.37803936, -3.90067052841], "cov": [[5026.01074219, 1006.84680176, -260.914916992, 1231.05480957, 11.7624731064, -84.9145965576, 163.024673462, 60.7117805481, 157.711380005, 131.734619141, 124.344497681, -26.9823684692, 15.9015598297], [1006.84680176, 993.831054688, 204.014846802, 199.709274292, 430.737182617, 2.45072889328, 201.998855591, 226.915618896, 297.791503906, 145.014434814, 36.0185089111, 26.4932575226, 11.9510746002], [-260.914916992, 204.014846802, 471.974731445, 182.545715332, 190.117645264, 16.1793518066, 1.32412910461, 19.9657077789, 63.5195198059, 50.2968406677, 22.4677772522, 18.0255794525, 9.94728469849], [1231.05480957, 199.709274292, 182.545715332, 709.976867676, 26.9780693054, -56.1046943665, -5.02650403976, -103.208450317, -19.1092166901, 29.7491645813, 58.4032440186, -13.5829973221, 2.78688669205], [11.7624731064, 430.737182617, 190.117645264, 26.9780693054, 437.745117188, 116.066879272, 142.419326782, 234.371170044, 263.36151123, 145.018127441, 0.122511677444, 46.5683403015, 13.1258020401], [-84.9145965576, 2.45072889328, 16.1793518066, -56.1046943665, 116.066879272, 153.964263916, 62.9912872314, 132.664932251, 130.531051636, 71.8651733398, -4.81950807571, 17.7071838379, 17.4827671051], [163.024673462, 201.998855591, 1.32412910461, -5.02650403976, 142.419326782, 62.9912872314, 132.99458313, 140.411605835, 126.850776672, 67.3594284058, 14.9725179672, 25.5863456726, 8.99187469482], [60.7117805481, 226.915618896, 19.9657077789, -103.208450317, 234.371170044, 132.664932251, 140.411605835, 298.092651367, 269.839202881, 131.703536987, -3.03005862236, 48.8704833984, 26.2593307495], [157.711380005, 297.791503906, 63.5195198059, -19.1092166901, 263.36151123, 130.531051636, 126.850776672, 269.839202881, 316.751556396, 159.703598022, -8.19439029694, 37.0959968567, 31.3028030396], [131.734619141, 145.014434814, 50.2968406677, 29.7491645813, 145.018127441, 71.8651733398, 67.3594284058, 131.703536987, 159.703598022, 121.364723206, 21.9878578186, 27.2603874207, 12.5356616974], [124.344497681, 36.0185089111, 22.4677772522, 58.4032440186, 0.122511677444, -4.81950807571, 14.9725179672, -3.03005862236, -8.19439029694, 21.9878578186, 57.5340003967, 24.1476383209, -1.18891835213], [-26.9823684692, 26.4932575226, 18.0255794525, -13.5829973221, 46.5683403015, 17.7071838379, 25.5863456726, 48.8704833984, 37.0959968567, 27.2603874207, 24.1476383209, 45.7330856323, 19.4084224701], [15.9015598297, 11.9510746002, 9.94728469849, 2.78688669205, 13.1258020401, 17.4827671051, 8.99187469482, 26.2593307495, 31.3028030396, 12.5356616974, -1.18891835213, 19.4084224701, 38.793762207]], "icov": [[0.00116729014553, -0.00200307974592, 0.00171732576564, -0.00234932312742, 0.0017101012636, -0.00133723265026, 0.00135631742887, -0.00212102127261, 0.00195955275558, -0.00134208495729, 0.000908898480702, -0.000590739131439, 0.000188302976312], [-0.00200307974592, 0.00733582954854, -0.00305076665245, 0.00385936372913, -0.00634507415816, 0.006988637615, -0.00549439853057, 0.00448016449809, -0.0078500630334, 0.00571228284389, -0.00692480988801, 0.00676833232865, -0.00280558993109], [0.00171732576564, -0.00305076665245, 0.00588715216145, -0.0040354821831, 0.000122086334159, -0.00216173776425, 0.0043774289079, -0.00295421108603, 0.00299920816906, -0.00147972605191, -0.000380210898584, -0.000298762868624, -0.000869876239449], [-0.00234932312742, 0.00385936372913, -0.0040354821831, 0.00692413840443, -0.00347249861807, 0.00311212427914, -0.00350142130628, 0.0065056825988, -0.00509861577302, 0.00202297000214, -0.00417758151889, 0.00326717994176, -0.00181049713865], [0.0017101012636, -0.00634507415816, 0.000122086334159, -0.00347249861807, 0.0131168346852, -0.00655987579376, 0.000252489786362, -0.00295154424384, 0.00367329781875, -0.0071652806364, 0.0115441959351, -0.0123098641634, 0.00779322208837], [-0.00133723265026, 0.006988637615, -0.00216173776425, 0.00311212427914, -0.00655987579376, 0.0186399389058, -0.00572551647201, -0.000253409816651, -0.00678627332672, 0.00197635171935, -0.00716835539788, 0.0108611937612, -0.00677249766886], [0.00135631742887, -0.00549439853057, 0.0043774289079, -0.00350142130628, 0.000252489786362, -0.00572551647201, 0.0237486306578, -0.0122516006231, 0.00706268288195, -0.00131062581204, -0.00327269383706, -0.000393766909838, 0.000370369147277], [-0.00212102127261, 0.00448016449809, -0.00295421108603, 0.0065056825988, -0.00295154424384, -0.000253409816651, -0.0122516006231, 0.0302754919976, -0.022833827883, 0.00606406014413, -7.10580206942e-05, -0.0102498857304, 0.00482960045338], [0.00195955275558, -0.0078500630334, 0.00299920816906, -0.00509861577302, 0.00367329781875, -0.00678627332672, 0.00706268288195, -0.022833827883, 0.0394272617996, -0.0265273991972, 0.0168120451272, -0.000262877088971, -0.00574837066233], [-0.00134208495729, 0.00571228284389, -0.00147972605191, 0.00202297000214, -0.0071652806364, 0.00197635171935, -0.00131062581204, 0.00606406014413, -0.0265273991972, 0.0422361418605, -0.0240466911346, 0.00673202471808, 0.00040924170753], [0.000908898480702, -0.00692480988801, -0.000380210898584, -0.00417758151889, 0.0115441959351, -0.00716835539788, -0.00327269383706, -7.10580206942e-05, 0.0168120451272, -0.0240466911346, 0.0520710125566, -0.0375819727778, 0.0168922021985], [-0.000590739131439, 0.00676833232865, -0.000298762868624, 0.00326717994176, -0.0123098641634, 0.0108611937612, -0.000393766909838, -0.0102498857304, -0.000262877088971, 0.00673202471808, -0.0375819727778, 0.0682119876146, -0.0329426713288], [0.000188302976312, -0.00280558993109, -0.000869876239449, -0.00181049713865, 0.00779322208837, -0.00677249766886, 0.000370369147277, 0.00482960045338, -0.00574837066233, 0.00040924170753, 0.0168922021985, -0.0329426713288, 0.0454828292131]]}, "melbands": {"dmean": [0.00158028583974, 0.00155224371701, 0.00106179784052, 0.00163523154333, 0.000686082232278, 0.000254451821093, 0.000138880684972, 0.000181453375262, 0.000125985883642, 0.000117317147669, 0.000108440224722, 3.81769605156e-05, 2.2829430236e-05, 1.81028317456e-05, 1.74966535269e-05, 3.07234427055e-06, 5.18920842296e-06, 2.15755653699e-06, 1.68154565472e-06, 1.18784691949e-06, 7.86636235262e-07, 5.13888267051e-07, 5.52834364953e-07, 4.07974368954e-07, 3.39958347695e-07, 2.4361347073e-07, 2.0024528169e-07, 1.6771535627e-07, 1.73403705617e-07, 1.24493539033e-07, 1.0324193056e-07, 1.02070572439e-07, 7.2404738205e-08, 7.68544552443e-08, 8.3787135452e-08, 5.38690478891e-08, 5.40727072007e-08, 5.01837043032e-08, 3.93709953528e-08, 3.31015854727e-08], "dmean2": [0.00249968841672, 0.00251907389611, 0.00190418749116, 0.00261443899944, 0.00110609282274, 0.000407088111388, 0.000236011037487, 0.000293771037832, 0.000204937357921, 0.000188740188605, 0.000169763559825, 6.08454138273e-05, 3.72502836399e-05, 3.08530725306e-05, 3.06553192786e-05, 5.1997326409e-06, 8.78554237715e-06, 3.66203471458e-06, 2.94871915685e-06, 1.95622760657e-06, 1.29994532472e-06, 8.34440982089e-07, 9.28510644371e-07, 6.52857409023e-07, 5.75275919346e-07, 4.10103297099e-07, 3.37973034448e-07, 2.68846179097e-07, 2.94978661941e-07, 2.12725510096e-07, 1.6198407593e-07, 1.85728637803e-07, 1.24377180555e-07, 1.26034493064e-07, 1.45161195064e-07, 7.81247706527e-08, 9.10932058673e-08, 7.58577485271e-08, 5.91087143675e-08, 5.15578548743e-08], "dvar": [1.0084090718e-05, 5.20306184626e-06, 2.68855956165e-06, 5.40489963896e-06, 1.05942615392e-06, 2.05246706741e-07, 5.06342558992e-08, 7.47132489209e-08, 2.91978246025e-08, 1.89174144793e-07, 5.77759244891e-08, 5.89428283959e-09, 4.10696099351e-09, 8.39001812469e-10, 1.34470168334e-09, 7.01705360484e-11, 2.25275256782e-10, 1.71046468656e-10, 3.77233799753e-11, 4.96440701048e-11, 4.34895383594e-11, 2.01063488775e-11, 5.78994317768e-11, 1.9910994728e-11, 4.1814978563e-11, 1.49394611265e-11, 1.02717495967e-11, 5.41205014831e-12, 5.99023044709e-12, 5.27107914608e-12, 5.09433944682e-12, 4.9902959369e-12, 3.25178360801e-12, 3.18914339381e-12, 3.33984879683e-12, 1.27526049616e-12, 1.9205533431e-12, 1.63379455364e-12, 1.0286639162e-12, 7.65034303268e-13], "dvar2": [2.49748609349e-05, 1.2978362065e-05, 9.05363140191e-06, 1.33371495394e-05, 2.74272679235e-06, 4.91329558372e-07, 1.4869789311e-07, 1.85898002769e-07, 7.44464401237e-08, 4.98101371704e-07, 1.53985141083e-07, 1.46091787556e-08, 1.24078010089e-08, 2.27280150256e-09, 3.98176691618e-09, 1.80178039155e-10, 6.71118105533e-10, 4.60530558133e-10, 1.13528610124e-10, 1.27461138866e-10, 1.0462058303e-10, 4.63370765369e-11, 1.47070494672e-10, 4.37166657041e-11, 1.16337835199e-10, 3.97492837256e-11, 2.72080778047e-11, 1.14246138591e-11, 1.444227897e-11, 1.39962728907e-11, 1.20900321005e-11, 1.27181355725e-11, 7.76051011647e-12, 8.18903191785e-12, 8.51340872798e-12, 2.28255543806e-12, 5.01270032427e-12, 4.06890146576e-12, 1.88345194475e-12, 1.61465806003e-12], "max": [0.0679422616959, 0.0373368486762, 0.0222822465003, 0.0353549681604, 0.0170242972672, 0.00738932518288, 0.00393592147157, 0.00488247768953, 0.00277210725471, 0.0234731994569, 0.0106415357441, 0.00252528674901, 0.00210550497286, 0.0011207354255, 0.000979178817943, 0.000638382334728, 0.000763217860367, 0.000842036271933, 0.00055379542755, 0.000505553383846, 0.000619965605438, 0.000407274084864, 0.000469713209895, 0.000303613371216, 0.000442248157924, 0.000375115836505, 0.000209281221032, 0.000192103150766, 0.000202634299058, 0.000180469753104, 0.00016448686074, 0.000166597834323, 0.000127831473947, 0.000123842124594, 0.000140627613291, 0.000115114198707, 0.000127672232338, 0.000114591457532, 8.8502158178e-05, 8.33082594909e-05], "mean": [0.00321565708145, 0.004035721533, 0.0017705198843, 0.00254619726911, 0.00123686681036, 0.000556542247068, 0.000279497646261, 0.000356230681064, 0.000256282888586, 0.000231328318478, 0.000206669850741, 7.92893115431e-05, 4.13301931985e-05, 3.22221858369e-05, 2.75275706372e-05, 6.42869918011e-06, 8.69962696015e-06, 4.26048381996e-06, 3.34623359777e-06, 2.33760420087e-06, 1.63809704645e-06, 1.27440898723e-06, 1.03530089746e-06, 8.58001669712e-07, 6.61606065933e-07, 5.87644308325e-07, 4.217068863e-07, 3.72006951466e-07, 3.26269429252e-07, 2.47360162575e-07, 2.17039030304e-07, 2.19890452513e-07, 1.84462905395e-07, 1.5457800373e-07, 1.56206169777e-07, 1.32352042215e-07, 1.2617158518e-07, 1.18573524333e-07, 1.02000285551e-07, 9.6157691587e-08], "median": [0.00084251264343, 0.00200587068684, 0.00101487222128, 0.00149258144666, 0.000739628681913, 0.000213865423575, 0.000144291203469, 0.000168388651218, 0.000153532673721, 0.000103423080873, 0.00010552573076, 4.42978198407e-05, 1.68119513546e-05, 1.98309644475e-05, 1.28253595904e-05, 4.1799507926e-06, 4.56345969724e-06, 2.74173180514e-06, 2.19967046178e-06, 1.38777727443e-06, 9.33054252528e-07, 6.09402491136e-07, 4.53013456081e-07, 4.08654926787e-07, 2.57132398929e-07, 2.16461344849e-07, 1.36831516784e-07, 1.05861225563e-07, 7.37561265396e-08, 3.90686096807e-08, 2.26207816922e-08, 1.56516222205e-08, 7.62373186802e-09, 5.19203791072e-09, 4.23599111343e-09, 2.47172859957e-09, 1.44843281813e-09, 9.9883268323e-10, 7.04145408648e-10, 3.82826076395e-10], "min": [8.80025694619e-24, 9.91468153586e-24, 7.13159840604e-24, 5.79591529297e-24, 4.90030691334e-24, 1.16771892802e-23, 2.47597879056e-23, 4.98080425226e-24, 4.70419017585e-24, 1.52851392935e-23, 6.25476176051e-24, 8.35189365121e-24, 8.06383162534e-24, 1.04387928327e-23, 7.91432512886e-24, 5.31390944696e-24, 1.10417144894e-23, 1.33570496452e-23, 1.45913613709e-23, 1.46133390357e-23, 6.09566863188e-24, 6.82572074548e-24, 1.32015793603e-23, 1.10958027373e-23, 8.88105760213e-24, 1.05929196875e-23, 1.49049462025e-23, 1.15311711266e-23, 8.34998539668e-24, 8.30769298583e-24, 7.3488191449e-24, 1.05570391381e-23, 1.42122695298e-23, 1.2346057342e-23, 1.12228566747e-23, 1.62078304513e-23, 1.39797811769e-23, 1.54807294664e-23, 1.31310528288e-23, 1.05713798405e-23], "var": [3.07224363496e-05, 2.69538249995e-05, 4.79811615151e-06, 1.01347532109e-05, 2.26348902288e-06, 7.16323484085e-07, 1.30212683302e-07, 2.15018133076e-07, 8.20330967599e-08, 3.76429767357e-07, 1.13480695063e-07, 1.72244689622e-08, 7.86500109484e-09, 1.75815395576e-09, 1.99630045827e-09, 2.63144617207e-10, 3.34866107066e-10, 2.86261681026e-10, 1.09487079125e-10, 1.13917722477e-10, 1.16236152647e-10, 1.04794076194e-10, 1.02832783955e-10, 6.52219042663e-11, 7.01059765795e-11, 6.09419320563e-11, 3.52385377822e-11, 3.03987668371e-11, 2.8813311112e-11, 2.10397914369e-11, 1.96505398758e-11, 2.2069518088e-11, 1.69450738163e-11, 1.23549911621e-11, 1.30444431298e-11, 8.97104612818e-12, 9.0602594871e-12, 7.96433058392e-12, 5.75104460582e-12, 5.30842340571e-12]}, "mfcc": {"mean": [-764.772888184, 233.280380249, 1.30643665791, 15.2890968323, -8.1121711731, -0.250440299511, 2.07906913757, 2.38539838791, 0.147150471807, 1.4112881422, -3.79041957855, -4.15316295624, -6.13000679016], "cov": [[4711.06591797, 893.246337891, -396.502716064, 1200.2565918, 28.6878147125, 260.610198975, 50.7066383362, 105.213668823, 69.8048858643, 79.9782943726, 99.3666992188, 175.508041382, 202.607696533], [893.246337891, 1004.27972412, -128.234924316, 197.661331177, 247.957336426, 77.2651901245, 62.4344673157, 166.865005493, 283.833465576, 166.570495605, 183.419754028, 116.479469299, 204.430862427], [-396.502716064, -128.234924316, 364.317352295, 129.680786133, 56.7295036316, 78.1972122192, 11.5118923187, -46.6327400208, -35.2528152466, -20.9735107422, -30.3177490234, 0.967023730278, -14.8276529312], [1200.2565918, 197.661331177, 129.680786133, 735.874023438, 69.674446106, 164.345092773, 68.2913513184, -51.6057243347, -73.4057846069, -56.8842506409, -4.88299942017, 30.1115818024, 40.5253677368], [28.6878147125, 247.957336426, 56.7295036316, 69.674446106, 273.504333496, 117.299858093, 21.9826488495, 91.0810012817, 184.709472656, 116.786964417, 91.7602005005, 76.0674133301, 114.130195618], [260.610198975, 77.2651901245, 78.1972122192, 164.345092773, 117.299858093, 138.952407837, 32.4984970093, 23.7411441803, 54.7055091858, 46.7055969238, 30.6417694092, 41.7057266235, 50.1332778931], [50.7066383362, 62.4344673157, 11.5118923187, 68.2913513184, 21.9826488495, 32.4984970093, 71.0095443726, 23.7181606293, 0.445082634687, -4.2509522438, 20.3796806335, 12.4436836243, 19.6353549957], [105.213668823, 166.865005493, -46.6327400208, -51.6057243347, 91.0810012817, 23.7411441803, 23.7181606293, 129.638549805, 148.17048645, 86.5800018311, 68.3403549194, 61.3524589539, 82.845451355], [69.8048858643, 283.833465576, -35.2528152466, -73.4057846069, 184.709472656, 54.7055091858, 0.445082634687, 148.17048645, 265.330780029, 168.325958252, 110.248695374, 85.5391693115, 129.444290161], [79.9782943726, 166.570495605, -20.9735107422, -56.8842506409, 116.786964417, 46.7055969238, -4.2509522438, 86.5800018311, 168.325958252, 144.445770264, 89.2815170288, 61.6133995056, 81.3118515015], [99.3666992188, 183.419754028, -30.3177490234, -4.88299942017, 91.7602005005, 30.6417694092, 20.3796806335, 68.3403549194, 110.248695374, 89.2815170288, 105.157661438, 67.6999130249, 76.3384628296], [175.508041382, 116.479469299, 0.967023730278, 30.1115818024, 76.0674133301, 41.7057266235, 12.4436836243, 61.3524589539, 85.5391693115, 61.6133995056, 67.6999130249, 88.9972610474, 84.3145675659], [202.607696533, 204.430862427, -14.8276529312, 40.5253677368, 114.130195618, 50.1332778931, 19.6353549957, 82.845451355, 129.444290161, 81.3118515015, 76.3384628296, 84.3145675659, 131.859786987]], "icov": [[0.00109223998152, -0.000655783340335, 0.00161068094894, -0.00195297983009, 0.00144930824172, -0.00149364687968, 0.00192614039406, -0.001879242016, 0.00143175967969, -0.00195439741947, 0.00147122703493, -0.00157377321739, 0.000281322485534], [-0.000655783340335, 0.00269116112031, -0.000309951603413, 0.000187994301086, -0.00137957616244, 0.00207476294599, -0.00203624879941, 0.00171355751809, -0.00321912160143, 0.00222954922356, -0.00331311556511, 0.00258242152631, -0.00157329894137], [0.00161068094894, -0.000309951603413, 0.0063085379079, -0.00319818453863, 0.000707801897079, -0.00309992209077, 0.0015928108478, -0.000482897332404, 0.00109869951848, -0.00279398751445, 0.00388625031337, -0.00423356657848, 0.00143166258931], [-0.00195297983009, 0.000187994301086, -0.00319818453863, 0.00639778841287, -0.0020579895936, -0.00121853558812, -0.00359227904119, 0.00430230749771, -0.00146843725815, 0.00540059199557, -0.00255162338726, 0.00230728276074, -0.00142698734999], [0.00144930824172, -0.00137957616244, 0.000707801897079, -0.0020579895936, 0.0142368143424, -0.00979326665401, 0.00375969568267, -0.000375383126084, -0.00669653899968, 0.00262253754772, -0.00309620262124, 0.000594747078139, -0.00193026545458], [-0.00149364687968, 0.00207476294599, -0.00309992209077, -0.00121853558812, -0.00979326665401, 0.0241963732988, -0.0104970829561, 0.00465304404497, 0.000394758331822, -0.0085380980745, 0.00608853902668, -0.0040370519273, 0.000955044932198], [0.00192614039406, -0.00203624879941, 0.0015928108478, -0.00359227904119, 0.00375969568267, -0.0104970829561, 0.0294602252543, -0.0168347489089, 0.0109516642988, 0.00333801447414, -0.00901755597442, 0.00635113194585, -0.00324254273437], [-0.001879242016, 0.00171355751809, -0.000482897332404, 0.00430230749771, -0.000375383126084, 0.00465304404497, -0.0168347489089, 0.0368055514991, -0.0249072983861, 0.00858452729881, 0.000639163830783, -0.00803648866713, 0.000718718860298], [0.00143175967969, -0.00321912160143, 0.00109869951848, -0.00146843725815, -0.00669653899968, 0.000394758331822, 0.0109516642988, -0.0249072983861, 0.0425957329571, -0.0278416126966, 0.00647518970072, 0.00391773506999, -0.00787081196904], [-0.00195439741947, 0.00222954922356, -0.00279398751445, 0.00540059199557, 0.00262253754772, -0.0085380980745, 0.00333801447414, 0.00858452729881, -0.0278416126966, 0.0466721095145, -0.0236908793449, 0.00588144222274, 0.00116391852498], [0.00147122703493, -0.00331311556511, 0.00388625031337, -0.00255162338726, -0.00309620262124, 0.00608853902668, -0.00901755597442, 0.000639163830783, 0.00647518970072, -0.0236908793449, 0.0424855314195, -0.0225931350142, 0.00350612378679], [-0.00157377321739, 0.00258242152631, -0.00423356657848, 0.00230728276074, 0.000594747078139, -0.0040370519273, 0.00635113194585, -0.00803648866713, 0.00391773506999, 0.00588144222274, -0.0225931350142, 0.0458350218832, -0.0213480386883], [0.000281322485534, -0.00157329894137, 0.00143166258931, -0.00142698734999, -0.00193026545458, 0.000955044932198, -0.00324254273437, 0.000718718860298, -0.00787081196904, 0.00116391852498, 0.00350612378679, -0.0213480386883, 0.0301587618887]]}, "spectral_contrast_coeffs": {"dmean": [0.0534494780004, 0.0442552007735, 0.0391158871353, 0.027378173545, 0.0162956994027, 0.0138182630762], "dmean2": [0.0895254909992, 0.0745810642838, 0.0644139796495, 0.0469681434333, 0.0279156100005, 0.0235515963286], "dvar": [0.00176683894824, 0.00115755212028, 0.000922419247217, 0.000527417636476, 0.00017176484107, 0.000140680815093], "dvar2": [0.00475145410746, 0.00329841626808, 0.00247610546649, 0.0015533316182, 0.000488366407808, 0.000398510252126], "max": [-0.187599480152, -0.51584815979, -0.465920835733, -0.594367742538, -0.584221541882, -0.697093605995], "mean": [-0.572912037373, -0.750062346458, -0.751686871052, -0.808471798897, -0.832631349564, -0.780289590359], "median": [-0.587411940098, -0.754561185837, -0.758668243885, -0.817167639732, -0.836211800575, -0.76916372776], "min": [-0.969810605049, -0.970639169216, -0.976819038391, -0.95155274868, -0.962168872356, -0.960682868958], "var": [0.0196724478155, 0.00334648950957, 0.00353190372698, 0.00203264527954, 0.000958831165917, 0.00162794149946]}, "spectral_contrast_valleys": {"dmean": [0.343154162169, 0.32064306736, 0.292246341705, 0.24666275084, 0.247747868299, 0.348967790604], "dmean2": [0.57822149992, 0.534310162067, 0.489432781935, 0.418087124825, 0.421997249126, 0.603611767292], "dvar": [0.0935115143657, 0.0882041975856, 0.079061858356, 0.0734639167786, 0.0952586978674, 0.197091594338], "dvar2": [0.215493708849, 0.190395846963, 0.169444411993, 0.155077844858, 0.21146056056, 0.478799015284], "max": [-4.6668214798, -4.48073768616, -5.18842554092, -5.44857978821, -5.16933202744, -7.06515645981], "mean": [-7.35382080078, -6.46083688736, -7.3289475441, -8.40059089661, -9.165348052