{"lowlevel": {"average_loudness": 0.980529129505, "barkbands_crest": {"dmean": 3.25193929672, "dmean2": 5.12156486511, "dvar": 11.4922523499, "dvar2": 26.4084453583, "max": 24.9824619293, "mean": 15.7639360428, "median": 16.0929279327, "min": 2.81114673615, "var": 34.727722168}, "barkbands_flatness_db": {"dmean": 0.041880030185, "dmean2": 0.0560475997627, "dvar": 0.00197961204685, "dvar2": 0.00397837208584, "max": 0.453853517771, "mean": 0.185770258307, "median": 0.177481204271, "min": 0.0311399567872, "var": 0.00752984546125}, "barkbands_kurtosis": {"dmean": 13.5729923248, "dmean2": 18.5560894012, "dvar": 695.629699707, "dvar2": 1357.32214355, "max": 470.08770752, "mean": 23.2103366852, "median": 8.09890842438, "min": -1.94086551666, "var": 1939.68457031}, "barkbands_skewness": {"dmean": 1.19011175632, "dmean2": 1.63150846958, "dvar": 1.41301810741, "dvar2": 2.75027441978, "max": 18.9967212677, "mean": 3.41590714455, "median": 2.75291705132, "min": -1.44845604897, "var": 7.77011442184}, "barkbands_spread": {"dmean": 10.8899936676, "dmean2": 16.665851593, "dvar": 236.535415649, "dvar2": 528.99621582, "max": 112.769889832, "mean": 22.4140834808, "median": 14.1342144012, "min": 0.411538034678, "var": 547.330444336}, "dissonance": {"dmean": 0.0211075190455, "dmean2": 0.0346148461103, "dvar": 0.000517744512763, "dvar2": 0.00131349393632, "max": 0.499532341957, "mean": 0.464651316404, "median": 0.474152088165, "min": 0.296898841858, "var": 0.00101603835355}, "dynamic_complexity": 2.25897979736, "erbbands_crest": {"dmean": 3.48554897308, "dmean2": 5.53478050232, "dvar": 13.1189813614, "dvar2": 30.7544021606, "max": 32.0158882141, "mean": 9.70381832123, "median": 7.86902093887, "min": 2.51845884323, "var": 33.6004486084}, "erbbands_flatness_db": {"dmean": 0.0237290486693, "dmean2": 0.0331795997918, "dvar": 0.000681526609696, "dvar2": 0.00120620965026, "max": 0.333425670862, "mean": 0.129855841398, "median": 0.121136441827, "min": 0.0545208193362, "var": 0.00246894196607}, "erbbands_kurtosis": {"dmean": 1.47787058353, "dmean2": 2.30115413666, "dvar": 5.73984336853, "dvar2": 12.1054973602, "max": 30.5593147278, "mean": 0.994619905949, "median": -0.0407993793488, "min": -1.63146913052, "var": 11.5478134155}, "erbbands_skewness": {"dmean": 0.489311277866, "dmean2": 0.692576169968, "dvar": 0.20628669858, "dvar2": 0.433094650507, "max": 2.68085217476, "mean": -0.0677977502346, "median": 0.00832537654787, "min": -4.59265518188, "var": 0.796146035194}, "erbbands_spread": {"dmean": 14.9520292282, "dmean2": 22.0709018707, "dvar": 250.126052856, "dvar2": 496.450195312, "max": 147.231185913, "mean": 49.5890083313, "median": 46.1329536438, "min": 3.14353132248, "var": 700.284240723}, "hfc": {"dmean": 24.7687797546, "dmean2": 38.5767936707, "dvar": 1462.3536377, "dvar2": 3379.85571289, "max": 402.309173584, "mean": 39.5806884766, "median": 16.6665496826, "min": 0.00296977953985, "var": 3376.09741211}, "melbands_crest": {"dmean": 3.725045681, "dmean2": 5.50363111496, "dvar": 14.240237236, "dvar2": 32.5810012817, "max": 37.1610069275, "mean": 24.1837978363, "median": 24.2633476257, "min": 3.77080059052, "var": 56.6119003296}, "melbands_flatness_db": {"dmean": 0.0515564121306, "dmean2": 0.0693572387099, "dvar": 0.00301831797697, "dvar2": 0.00632819859311, "max": 0.591117143631, "mean": 0.277098476887, "median": 0.273155003786, "min": 0.0314672552049, "var": 0.0112418225035}, "melbands_kurtosis": {"dmean": 34.6343803406, "dmean2": 48.1756858826, "dvar": 2957.83251953, "dvar2": 5344.76806641, "max": 782.033630371, "mean": 68.6202163696, "median": 28.8292655945, "min": -1.47478330135, "var": 11936.46875}, "melbands_skewness": {"dmean": 1.65379929543, "dmean2": 2.41759181023, "dvar": 2.89602351189, "dvar2": 5.49730205536, "max": 21.9924678802, "mean": 5.82365942001, "median": 4.64968395233, "min": -0.49807459116, "var": 16.7296600342}, "melbands_spread": {"dmean": 10.8835248947, "dmean2": 17.0309123993, "dvar": 297.411224365, "dvar2": 643.43939209, "max": 238.922958374, "mean": 19.3951892853, "median": 8.55139446259, "min": 0.293283164501, "var": 904.877380371}, "pitch_salience": {"dmean": 0.0917683541775, "dmean2": 0.142942816019, "dvar": 0.00987489614636, "dvar2": 0.0231897085905, "max": 0.846690773964, "mean": 0.384672224522, "median": 0.37784281373, "min": 0.0402569100261, "var": 0.0312483403832}, "silence_rate_20dB": {"dmean": 0, "dmean2": 0, "dvar": 0, "dvar2": 0, "max": 1, "mean": 1, "median": 1, "min": 1, "var": 0}, "silence_rate_30dB": {"dmean": 0.0958904102445, "dmean2": 0.191926881671, "dvar": 0.0866943597794, "dvar2": 0.162706553936, "max": 1, "mean": 0.705703437328, "median": 1, "min": 0, "var": 0.207684889436}, "silence_rate_60dB": {"dmean": 0.000761035014875, "dmean2": 0.000761614646763, "dvar": 0.000760472728871, "dvar2": 0.000761050556321, "max": 1, "mean": 0.000760456256103, "median": 0, "min": 0, "var": 0.000759895774536}, "spectral_centroid": {"dmean": 472.453918457, "dmean2": 685.159362793, "dvar": 367858.40625, "dvar2": 778032.4375, "max": 5206.45849609, "mean": 1450.51989746, "median": 1210.45141602, "min": 164.947357178, "var": 1009307.625}, "spectral_complexity": {"dmean": 6.59665155411, "dmean2": 10.0731153488, "dvar": 68.3762969971, "dvar2": 152.830856323, "max": 54, "mean": 18.3923950195, "median": 16, "min": 0, "var": 113.849319458}, "spectral_decrease": {"dmean": 6.47873488191e-09, "dmean2": 9.17478804041e-09, "dvar": 5.73836763798e-17, "dvar2": 1.01358774883e-16, "max": -6.6003172166e-14, "mean": -2.05152250743e-08, "median": -1.52865702319e-08, "min": -6.84133283357e-08, "var": 2.32355113475e-16}, "spectral_energy": {"dmean": 0.0255681835115, "dmean2": 0.0368043892086, "dvar": 0.000880960200448, "dvar2": 0.00156254437752, "max": 0.267864763737, "mean": 0.0810192897916, "median": 0.062472358346, "min": 5.18478429967e-07, "var": 0.00342035107315}, "spectral_energyband_high": {"dmean": 0.00289393449202, "dmean2": 0.00463919248432, "dvar": 2.54577807937e-05, "dvar2": 5.96000245423e-05, "max": 0.0519819334149, "mean": 0.00361136766151, "median": 0.000652996241115, "min": 2.90486639187e-07, "var": 5.79789957555e-05}, "spectral_energyband_low": {"dmean": 0.0234882701188, "dmean2": 0.0330083444715, "dvar": 0.000895196804777, "dvar2": 0.00167097919621, "max": 0.248865619302, "mean": 0.0655006468296, "median": 0.0451297461987, "min": 3.65806185343e-09, "var": 0.00320712733082}, "spectral_energyband_middle_high": {"dmean": 0.00241440418176, "dmean2": 0.00398580171168, "dvar": 1.67698963196e-05, "dvar2": 4.43751378043e-05, "max": 0.0764091908932, "mean": 0.00439672823995, "median": 0.00273927859962, "min": 1.96593717305e-07, "var": 2.97477654385e-05}, "spectral_energyband_middle_low": {"dmean": 0.00564888678491, "dmean2": 0.00927949603647, "dvar": 0.000112910645839, "dvar2": 0.000316412973916, "max": 0.0887842401862, "mean": 0.00969360861927, "median": 0.00648894254118, "min": 2.82547869546e-08, "var": 0.000126804414322}, "spectral_entropy": {"dmean": 0.276331245899, "dmean2": 0.370163619518, "dvar": 0.109087914228, "dvar2": 0.176024571061, "max": 8.65415477753, "mean": 7.74126815796, "median": 7.8865737915, "min": 5.72337532043, "var": 0.344444096088}, "spectral_flux": {"dmean": 0.0481852777302, "dmean2": 0.0716722011566, "dvar": 0.0028819674626, "dvar2": 0.00439716037363, "max": 0.430618733168, "mean": 0.123358570039, "median": 0.0980939567089, "min": 0.000720054435078, "var": 0.00666791805997}, "spectral_kurtosis": {"dmean": 1.9070520401, "dmean2": 2.77477002144, "dvar": 10.1507225037, "dvar2": 22.4756278992, "max": 41.6032371521, "mean": 3.65348482132, "median": 2.40144300461, "min": -0.805313825607, "var": 20.1771678925}, "spectral_rms": {"dmean": 0.00142999738455, "dmean2": 0.00205998541787, "dvar": 2.16864827962e-06, "dvar2": 4.00488943342e-06, "max": 0.0161657501012, "mean": 0.00829310063273, "median": 0.00780696095899, "min": 2.24907216761e-05, "var": 1.02676758615e-05}, "spectral_rolloff": {"dmean": 785.177429199, "dmean2": 1396.14941406, "dvar": 2315601.25, "dvar2": 5606487.5, "max": 9948.33984375, "mean": 1176.09277344, "median": 236.865234375, "min": 64.599609375, "var": 4311676}, "spectral_skewness": {"dmean": 0.352180153131, "dmean2": 0.475490748882, "dvar": 0.171699389815, "dvar2": 0.329246610403, "max": 5.27525091171, "mean": 1.44110178947, "median": 1.3645607233, "min": -0.0833113491535, "var": 0.511005163193}, "spectral_spread": {"dmean": 887844.125, "dmean2": 1203695.625, "dvar": 863596707840, "dvar2": 1344265912320.0, "max": 10164946, "mean": 5719202.5, "median": 5740186, "min": 1598290.625, "var": 3088762798080.0}, "spectral_strongpeak": {"dmean": 0.212635546923, "dmean2": 0.344477623701, "dvar": 0.142145603895, "dvar2": 0.356012523174, "max": 7.8802819252, "mean": 0.544682741165, "median": 0.495805233717, "min": 0.00671108765528, "var": 0.183697760105}, "zerocrossingrate": {"dmean": 0.0153827173635, "dmean2": 0.0175290368497, "dvar": 0.000293790712021, "dvar2": 0.000309505208861, "max": 0.310546875, "mean": 0.0469407215714, "median": 0.03173828125, "min": 0.001953125, "var": 0.00250469520688}, "barkbands": {"dmean": [0.00146644702181, 0.0219439230859, 0.00616491818801, 0.00251982896589, 0.00205073971301, 0.000763520540204, 0.000507580291014, 0.000541615823749, 0.000409546104493, 0.000791651196778, 0.000336441909894, 0.000583010609262, 0.000502827344462, 0.000464560376713, 0.000276233040495, 0.000220683519728, 0.000187210927834, 0.00023152763606, 8.89824223123e-05, 0.000285798188997, 0.00068069511326, 0.000450192572316, 0.000882164458744, 0.000552511832211, 0.000283621659037, 7.11279935786e-05, 2.48032865784e-05], "dmean2": [0.00164366990793, 0.0315321795642, 0.0108753237873, 0.00420600222424, 0.00328887905926, 0.00128597824369, 0.000862070184667, 0.000944120576605, 0.00065897492459, 0.00124114926439, 0.000570055854041, 0.00103757181205, 0.000840183172841, 0.000760028080549, 0.000448204547865, 0.000356060365448, 0.000331007147906, 0.000413340691011, 0.000148416467709, 0.000497448665556, 0.00119662622456, 0.000762477691751, 0.00147608865518, 0.000827265088446, 0.00043703627307, 0.000113621419587, 3.94630624214e-05], "dvar": [3.34016226589e-06, 0.000821914232802, 0.000209586854908, 3.51285307261e-05, 1.57405938808e-05, 2.97936435345e-06, 1.04871480744e-06, 1.03926470274e-06, 6.01613805884e-07, 1.43097543059e-06, 1.06240554487e-06, 4.06351682614e-06, 1.68949054569e-06, 1.72644615759e-06, 3.7603760461e-07, 1.56749294433e-07, 1.22916375744e-07, 2.16624442828e-07, 2.71466671364e-08, 2.76010240441e-07, 1.85559179045e-06, 8.1694167875e-07, 2.50790139944e-06, 1.74693821009e-06, 3.36330344908e-07, 2.45614870664e-08, 4.04534317155e-09], "dvar2": [5.10829386258e-06, 0.00161901232786, 0.000597389531322, 9.75887014647e-05, 4.08561681979e-05, 7.97227494331e-06, 2.85546911982e-06, 2.71665908258e-06, 1.2492677115e-06, 3.35803429152e-06, 2.34677054323e-06, 1.26105587697e-05, 4.22338598582e-06, 3.83482711186e-06, 8.80383822732e-07, 3.34925005063e-07, 3.37500040359e-07, 5.9672174757e-07, 7.1094675036e-08, 7.35202604574e-07, 4.92028539156e-06, 2.20791321226e-06, 5.78598155698e-06, 3.22238815897e-06, 6.6336326654e-07, 5.91444013764e-08, 9.96706361889e-09], "max": [0.0193076636642, 0.222854807973, 0.0985467135906, 0.0534818954766, 0.0451991073787, 0.0168936755508, 0.0106268608943, 0.00953680183738, 0.0165155008435, 0.0177352055907, 0.0205208472908, 0.0460021309555, 0.0154832052067, 0.0204857941717, 0.00984191708267, 0.00769709888846, 0.00230185361579, 0.00299961282872, 0.0016431575641, 0.00390444579534, 0.00792674720287, 0.0061039342545, 0.0154244378209, 0.0264054518193, 0.00966912973672, 0.00108633725904, 0.000584065390285], "mean": [0.00451250048354, 0.0523512586951, 0.00688240956515, 0.00273873494007, 0.00306270481087, 0.000934983370826, 0.000647721753921, 0.000642455648631, 0.000698607589584, 0.0014164733002, 0.000371455389541, 0.000579599000048, 0.000583226326853, 0.000684735190589, 0.00038544688141, 0.000306463887682, 0.000201933740755, 0.000215624924749, 0.000103763843072, 0.000318952690577, 0.000651838083286, 0.000460385199403, 0.000949077191763, 0.000867755443323, 0.000354844145477, 7.16052163625e-05, 2.48111209658e-05], "median": [0.00233429973014, 0.0326185077429, 0.00271613104269, 0.000674006412737, 0.0012798178941, 0.000369560380932, 0.000311377400067, 0.000183221680345, 0.000248674856266, 0.000804442795925, 0.000107485815533, 0.000144696299685, 0.000145318830619, 0.000201227114303, 0.000164007229614, 0.000127226099721, 7.62994022807e-05, 7.11394968675e-05, 4.86738827021e-05, 7.73891733843e-05, 0.000106725550722, 9.43932172959e-05, 9.52358241193e-05, 8.54895770317e-05, 4.54229630122e-05, 1.00100050986e-05, 3.22649589179e-06], "min": [2.93001373164e-10, 2.50623299891e-09, 8.4859791416e-10, 6.30015761782e-11, 2.31623373259e-10, 1.76706693722e-09, 1.89732296541e-09, 6.31164986942e-09, 1.66220921471e-08, 5.97082827625e-09, 4.59014648513e-09, 1.15910028242e-08, 5.61342838878e-09, 2.53430822994e-08, 4.45184333842e-08, 4.19337737867e-08, 1.92030533697e-08, 1.64165410155e-08, 1.93454638975e-08, 1.87300273069e-08, 7.03095750509e-08, 3.01095894883e-08, 3.53023494881e-08, 4.54413608963e-08, 1.37496609653e-08, 1.4327757647e-08, 8.46157366396e-10], "var": [1.83414631465e-05, 0.00257503986359, 0.000156033987878, 3.14699791488e-05, 2.0596313334e-05, 2.99274938698e-06, 1.03142713215e-06, 1.25439794374e-06, 2.52493032349e-06, 2.98904569718e-06, 1.33541766445e-06, 3.69341387341e-06, 2.06587310458e-06, 3.21036691275e-06, 5.87655051731e-07, 2.81513706568e-07, 1.03333093193e-07, 1.58295733854e-07, 2.34090897777e-08, 3.13575867494e-07, 1.79583059889e-06, 7.17994510069e-07, 4.77410321764e-06, 7.85957308835e-06, 7.50004801375e-07, 2.37326016617e-08, 3.73132147402e-09]}, "erbbands": {"dmean": [0.902138233185, 4.75586605072, 7.58086538315, 8.13984966278, 8.51703739166, 5.94314956665, 5.45028209686, 5.83268070221, 6.64850521088, 8.50156784058, 12.1825017929, 8.74271965027, 26.8264598846, 14.10069561, 15.4071702957, 25.5280990601, 22.319934845, 25.8544273376, 16.9031047821, 10.9104413986, 12.1302366257, 10.6579332352, 12.3901777267, 5.62294912338, 6.57317399979, 11.7991085052, 26.4308624268, 25.5757579803, 15.0408830643, 26.2112846375, 21.9695510864, 15.2283353806, 7.02473211288, 3.63963770866, 1.88190245628, 0.499061048031, 0.113511189818, 0.0246190074831, 0.00413319375366, 0.000273866113275], "dmean2": [1.21223676205, 7.06275272369, 12.8175010681, 13.6817741394, 13.5770759583, 9.99902534485, 9.11465454102, 9.99195575714, 11.4679107666, 14.277256012, 21.3171253204, 14.1173257828, 39.9064254761, 23.9528579712, 24.7968196869, 45.6913223267, 37.0847473145, 41.4304046631, 26.3873615265, 17.6932411194, 20.4119205475, 18.7505645752, 22.2411613464, 9.69214630127, 11.0879135132, 20.304901123, 45.1819190979, 44.8581542969, 25.6931800842, 44.6829795837, 36.5731124878, 22.8924255371, 10.8020906448, 5.25513362885, 3.04423117638, 0.813360273838, 0.182009011507, 0.0386781990528, 0.00649086711928, 0.000435212743469], "dvar": [1.34334409237, 47.2209129333, 267.376251221, 379.069824219, 257.142547607, 160.051483154, 117.101737976, 200.668289185, 195.656921387, 249.799865723, 553.339599609, 245.154083252, 1777.26293945, 1348.90039062, 3175.68237305, 6705.43896484, 3320.46264648, 5416.53369141, 1599.81848145, 421.28024292, 417.381713867, 426.761566162, 624.160766602, 110.004325867, 144.238494873, 466.9949646, 2937.54003906, 2430.45043945, 881.408203125, 2142.85839844, 1693.2277832, 1475.6126709, 244.850296021, 56.4966583252, 16.2024078369, 1.19852566719, 0.0640842095017, 0.00336365425028, 0.000106377192424, 4.71266503155e-07], "dvar2": [2.34883141518, 105.952781677, 737.121337891, 1064.45324707, 677.868347168, 426.105682373, 314.991638184, 522.585510254, 531.719055176, 637.718505859, 1496.43273926, 567.042053223, 3838.65991211, 3870.36279297, 7282.94189453, 20949.5820312, 8507.14355469, 11772.3164062, 3678.63671875, 940.649536133, 1044.1706543, 1170.35119629, 1720.67236328, 294.961181641, 383.709411621, 1230.28088379, 7779.22021484, 6533.44482422, 2372.62329102, 5554.40380859, 3674.41918945, 2673.81542969, 474.049560547, 93.6810684204, 39.0845527649, 2.94562387466, 0.156044229865, 0.00814029294997, 0.000261815206613, 1.16059970878e-06], "max": [9.72288608551, 51.0741500854, 108.736526489, 161.064758301, 170.180419922, 176.38710022, 118.503013611, 172.091766357, 182.014877319, 186.990371704, 250.510650635, 382.778594971, 566.042541504, 912.35748291, 1522.37512207, 1649.33911133, 741.748840332, 1388.69750977, 699.411621094, 363.677124023, 217.530548096, 135.349441528, 158.048278809, 69.7901306152, 111.166175842, 164.915283203, 357.782043457, 261.646575928, 184.179397583, 293.764953613, 516.744567871, 787.779968262, 244.747512817, 174.222045898, 44.7133178711, 8.05194759369, 1.75626826286, 0.553463935852, 0.0869421511889, 0.00668036798015], "mean": [2.33069896698, 8.3175945282, 9.4366235733, 9.21864414215, 11.1116037369, 8.25208091736, 7.33017683029, 7.04162025452, 7.93009805679, 11.7816781998, 14.3359966278, 15.3668327332, 50.3283195496, 21.8623580933, 17.511013031, 25.6506652832, 27.9782524109, 37.9916648865, 24.2261638641, 17.223443985, 16.9804840088, 11.6796627045, 11.512717247, 5.95862722397, 7.65664196014, 13.8409252167, 26.9376125336, 23.1042785645, 15.3453655243, 24.1706695557, 25.8573913574, 22.2875404358, 11.196846962, 5.12141513824, 1.93608188629, 0.485131084919, 0.112661577761, 0.0248073674738, 0.00427068211138, 0.000344775122358], "median": [1.12236237526, 4.89801502228, 4.73745441437, 3.06978678703, 3.59734773636, 3.91541147232, 3.29633951187, 2.70465350151, 4.00134325027, 4.55013513565, 4.14499044418, 6.83555078506, 14.3449621201, 11.7047204971, 5.44640731812, 6.80606222153, 7.18471860886, 11.1751909256, 10.2288284302, 7.58938312531, 7.78469944, 4.23976421356, 3.71303248405, 2.51645970345, 3.44711613655, 3.90298867226, 4.355717659, 3.70763587952, 3.3725631237, 3.24314236641, 2.65539956093, 2.13893938065, 1.19209218025, 0.638881027699, 0.250574409962, 0.0619507730007, 0.0156572237611, 0.00337955309078, 0.000601949112024, 0.000118017145724], "min": [7.96698742533e-08, 5.25037535226e-07, 1.11397514502e-06, 4.5691200512e-07, 5.00029216255e-07, 1.11730128083e-06, 6.55062376609e-06, 1.75454879354e-05, 2.52293502854e-05, 2.36544619838e-05, 0.000293638528092, 0.000351352442522, 0.000156399561092, 0.000163718359545, 0.000489992904477, 0.00028069128166, 0.000298324303003, 0.00143070076592, 0.00108950864524, 0.00250681093894, 0.0022924260702, 0.00144685979467, 0.00098172435537, 0.000877420417964, 0.000639695557766, 0.000880433246493, 0.00350708817132, 0.0017226212658, 0.00116071454249, 0.000785852316767, 0.000880930107087, 0.000997484312393, 0.000613636919297, 0.000139520387165, 0.000118768926768, 7.37696245778e-05, 2.16631124204e-05, 7.56992130846e-06, 4.12241888625e-06, 7.953703971e-07], "var": [5.78157615662, 87.8505554199, 226.519134521, 313.79510498, 328.375152588, 175.209320068, 150.699783325, 191.105316162, 162.178329468, 368.765563965, 685.280944824, 812.251403809, 5497.78271484, 1272.12817383, 3802.20581055, 5932.98144531, 4302.57958984, 9857.90527344, 2561.48583984, 1065.28649902, 597.165161133, 358.977996826, 448.764007568, 90.2674407959, 123.718299866, 568.617553711, 3213.00219727, 2120.81518555, 767.617797852, 2102.35083008, 4343.23144531, 5741.51074219, 1081.12280273, 187.674636841, 19.3298797607, 1.12723481655, 0.060651794076, 0.00322723970748, 0.000100507655588, 4.52332045597e-07]}, "gfcc": {"mean": [20.6994075775, 82.3122024536, -84.3416366577, 43.6547164917, -46.853931427, 37.9191551208, -19.3322620392, 10.3910093307, -8.48066234589, 5.38962268829, -11.3437108994, -0.824321508408, 0.352796554565], "cov": [[5044.10595703, -2184.37719727, 40.8125419617, 344.173370361, -358.205230713, 155.823379517, -517.023376465, -15.4404354095, -329.258361816, 119.605400085, -298.175018311, 20.174489975, -497.307983398], [-2184.37719727, 2139.59643555, -93.2766036987, -391.647186279, 358.752655029, -229.439804077, 198.770935059, -73.69972229, 162.679016113, -203.360107422, 106.279205322, -105.0936203, 147.995300293], [40.8125419617, -93.2766036987, 669.143005371, 117.060928345, 6.00565671921, 33.9951438904, 35.511302948, 12.5470371246, -16.8468914032, 5.48526906967, -39.8110122681, -56.7171325684, -2.23684287071], [344.173370361, -391.647186279, 117.060928345, 402.63949585, -141.282943726, 42.4094619751, -25.0161991119, -5.50913667679, -28.7287864685, 18.8101730347, 2.93448781967, -11.6629009247, 13.5728168488], [-358.205230713, 358.752655029, 6.00565671921, -141.282943726, 366.466827393, 3.84655737877, 59.5831184387, -4.30791473389, 72.4150466919, 7.42029285431, 16.5724773407, 18.090587616, 7.11759901047], [155.823379517, -229.439804077, 33.9951438904, 42.4094619751, 3.84655737877, 173.746398926, 19.2899265289, 14.0205001831, -0.105364657938, 32.5075683594, 16.6980228424, 20.2608013153, 9.85528755188], [-517.023376465, 198.770935059, 35.511302948, -25.0161991119, 59.5831184387, 19.2899265289, 197.173736572, 20.5461349487, 53.8350105286, -12.8190832138, 13.002948761, -4.01088619232, 64.9581985474], [-15.4404354095, -73.69972229, 12.5470371246, -5.50913667679, -4.30791473389, 14.0205001831, 20.5461349487, 94.8141860962, 24.4675807953, 8.38233566284, 1.46937406063, 7.78811883926, 15.2022285461], [-329.258361816, 162.679016113, -16.8468914032, -28.7287864685, 72.4150466919, -0.105364657938, 53.8350105286, 24.4675807953, 132.109191895, 25.7154560089, 31.5913009644, 14.8640031815, 50.3316726685], [119.605400085, -203.360107422, 5.48526906967, 18.8101730347, 7.42029285431, 32.5075683594, -12.8190832138, 8.38233566284, 25.7154560089, 107.588684082, 31.9088668823, 32.4039382935, 0.315089404583], [-298.175018311, 106.279205322, -39.8110122681, 2.93448781967, 16.5724773407, 16.6980228424, 13.002948761, 1.46937406063, 31.5913009644, 31.9088668823, 107.085472107, 33.3710823059, 48.2822532654], [20.174489975, -105.0936203, -56.7171325684, -11.6629009247, 18.090587616, 20.2608013153, -4.01088619232, 7.78811883926, 14.8640031815, 32.4039382935, 33.3710823059, 81.4781112671, 23.3512802124], [-497.307983398, 147.995300293, -2.23684287071, 13.5728168488, 7.11759901047, 9.85528755188, 64.9581985474, 15.2022285461, 50.3316726685, 0.315089404583, 48.2822532654, 23.3512802124, 129.85798645]], "icov": [[0.000670168839861, 0.000359578960342, 4.63650176243e-05, -0.000207275646972, 2.44036746153e-05, -0.000290988275083, 0.000785846379586, -5.14089015269e-06, 0.000120350188809, -3.08642811433e-05, 0.000901949999388, -0.000401753699407, 0.00149772851728], [0.000359578960342, 0.00208678352647, 1.93310625036e-05, 0.00106488633901, -0.00109229166992, 0.0014602864394, -0.00011649211956, 0.00143513688818, -0.00123828137293, 0.00307907513343, -0.00233195861802, 0.00257500237785, -0.00039637851296], [4.63650176243e-05, 1.93310625036e-05, 0.00178932398558, -0.000554368307348, -0.000342036713846, -0.0002616980928, -0.000235414714552, -0.00031423495966, 0.000432630564319, -0.000595649238676, 0.000658382021356, 0.0012861416908, -0.000204856230994], [-0.000207275646972, 0.00106488633901, -0.000554368307348, 0.00401716399938, 0.000508695957251, 0.000410621229094, -0.000245046772761, 0.00133183086291, -0.000765523989685, 0.00142874999437, -0.00214970856905, 0.00223857536912, -0.00183923728764], [2.44036746153e-05, -0.00109229166992, -0.000342036713846, 0.000508695957251, 0.00439869333059, -0.00123177375644, -0.00040970009286, 4.95101012348e-05, -0.00119434285443, -0.00151708128396, 0.00137607194483, -0.00251596560702, 0.00173816934694], [-0.000290988275083, 0.0014602864394, -0.0002616980928, 0.000410621229094, -0.00123177375644, 0.00813878234476, -0.00175260787364, 0.000399245065637, -0.000133701891173, 0.000997661263682, -0.00322174630128, 0.00134622689802, -0.00154105864931], [0.000785846379586, -0.00011649211956, -0.000235414714552, -0.000245046772761, -0.00040970009286, -0.00175260787364, 0.00817477330565, -0.00107315543573, -0.00105723552406, 0.00013991362357, 0.00235864939168, -2.3377710022e-05, -0.0011076326482], [-5.14089015269e-06, 0.00143513688818, -0.00031423495966, 0.00133183086291, 4.95101012348e-05, 0.000399245065637, -0.00107315543573, 0.0127532286569, -0.00323167210445, 0.00204052659683, -0.00109017139766, 0.00104620936327, -0.00132426142227], [0.000120350188809, -0.00123828137293, 0.000432630564319, -0.000765523989685, -0.00119434285443, -0.000133701891173, -0.00105723552406, -0.00323167210445, 0.0126414056867, -0.00520450389013, 0.00126330531202, -0.0009930919623, -0.0022357981652], [-3.08642811433e-05, 0.00307907513343, -0.000595649238676, 0.00142874999437, -0.00151708128396, 0.000997661263682, 0.00013991362357, 0.00204052659683, -0.00520450389013, 0.0179646182805, -0.00759952422231, 0.000404188205721, 0.000638152414467], [0.000901949999388, -0.00233195861802, 0.000658382021356, -0.00214970856905, 0.00137607194483, -0.00322174630128, 0.00235864939168, -0.00109017139766, 0.00126330531202, -0.00759952422231, 0.018940448761, -0.00710949162021, -0.00077029602835], [-0.000401753699407, 0.00257500237785, 0.0012861416908, 0.00223857536912, -0.00251596560702, 0.00134622689802, -2.3377710022e-05, 0.00104620936327, -0.0009930919623, 0.000404188205721, -0.00710949162021, 0.0215731505305, -0.00561211677268], [0.00149772851728, -0.00039637851296, -0.000204856230994, -0.00183923728764, 0.00173816934694, -0.00154105864931, -0.0011076326482, -0.00132426142227, -0.0022357981652, 0.000638152414467, -0.00077029602835, -0.00561211677268, 0.0169683024287]]}, "melbands": {"dmean": [0.00668648490682, 0.00434758746997, 0.00136130745523, 0.000540976936463, 0.000184319738764, 0.000132442743052, 0.000101468569483, 9.8733791674e-05, 9.3542104878e-05, 5.82829379709e-05, 0.000133360896143, 5.61398119316e-05, 4.93967490911e-05, 5.6085162214e-05, 7.34596032999e-05, 4.75731139886e-05, 4.93323532282e-05, 2.94073051919e-05, 1.73453863681e-05, 1.47371874846e-05, 1.47856471813e-05, 1.24302760014e-05, 9.25657423068e-06, 1.16038372653e-05, 3.7241031805e-06, 3.91785715692e-06, 5.48976549908e-06, 8.83057236933e-06, 1.63970398717e-05, 1.96457476704e-05, 1.31599408633e-05, 8.78041282704e-06, 8.48157378641e-06, 1.87928981177e-05, 1.42344506457e-05, 1.08337635538e-05, 9.59385761234e-06, 5.54447206014e-06, 3.80101096198e-06, 2.90422235594e-06], "dmean2": [0.00942700635642, 0.00674201268703, 0.00227085663937, 0.000881642568856, 0.000306217873003, 0.000224992909352, 0.000174952263478, 0.000167859645444, 0.00016307264741, 9.29242378334e-05, 0.000198694484425, 9.57146621658e-05, 8.07849428384e-05, 9.92888744804e-05, 0.000129482898046, 7.55321016186e-05, 8.00681009423e-05, 4.66836318083e-05, 2.81700558844e-05, 2.33180489886e-05, 2.47948191827e-05, 2.19681605813e-05, 1.65869660123e-05, 2.07316152228e-05, 6.39831932858e-06, 6.62137017571e-06, 9.55005452852e-06, 1.53101391334e-05, 2.80921813101e-05, 3.48512185155e-05, 2.28460048675e-05, 1.52715037984e-05, 1.42711687658e-05, 3.25265500578e-05, 2.40626941377e-05, 1.70399380295e-05, 1.48241178977e-05, 8.79650815477e-06, 5.55814631298e-06, 4.30485852121e-06], "dvar": [7.57027009968e-05, 5.86002497585e-05, 9.47688658925e-06, 1.16390117455e-06, 1.08790452202e-07, 9.64866941899e-08, 4.44353567275e-08, 3.24601003854e-08, 3.16053174743e-08, 1.0920655491e-08, 4.34975362396e-08, 2.34965007451e-08, 2.61706887272e-08, 5.13350499887e-08, 3.8070297137e-08, 1.45325946832e-08, 1.84307946682e-08, 5.83335291182e-09, 1.22231558208e-09, 9.26784538002e-10, 6.35176800046e-10, 5.70773206476e-10, 3.21505072565e-10, 5.83996018211e-10, 4.62284308056e-11, 5.15367991338e-11, 9.16870052103e-11, 2.74901573727e-10, 1.24013377345e-09, 1.62039426321e-09, 6.49103715222e-10, 3.2928859639e-10, 2.49244375139e-10, 1.1816406742e-09, 6.86642631642e-10, 7.62833851642e-10, 7.27077842377e-10, 1.83466325465e-10, 7.31406324395e-11, 3.64665242447e-11], "dvar2": [0.000138586488902, 0.000145500423969, 2.67325867753e-05, 3.08567950924e-06, 2.90892927524e-07, 2.52545277135e-07, 1.21090835137e-07, 8.37765554706e-08, 8.62083879838e-08, 2.36312498458e-08, 9.2940545926e-08, 6.74400624234e-08, 5.89476911728e-08, 1.5437016998e-07, 1.07040754926e-07, 3.40361516749e-08, 4.02821633827e-08, 1.38622313628e-08, 2.90632140576e-09, 1.92477300764e-09, 1.63473279358e-09, 1.56085411263e-09, 8.77663497434e-10, 1.62560231942e-09, 1.220969853e-10, 1.32879596215e-10, 2.40220038306e-10, 7.3230971287e-10, 3.30194604992e-09, 4.35961311496e-09, 1.75408676473e-09, 8.92914631123e-10, 6.60535959263e-10, 3.11106762574e-09, 1.63180458035e-09, 1.53589618801e-09, 1.46668355239e-09, 3.97060800905e-10, 1.37361816366e-10, 6.24816171024e-11], "max": [0.0686392486095, 0.0618385486305, 0.0241577047855, 0.012570229359, 0.00336531619541, 0.00359242619015, 0.00251036905684, 0.00173605582677, 0.00179711449891, 0.00246231583878, 0.00278252293356, 0.00374793121591, 0.00381154776551, 0.00620710570365, 0.00209162803367, 0.00211914861575, 0.00233757845126, 0.00156508828513, 0.000522268645, 0.000801765883807, 0.000244704919169, 0.000158297872986, 9.94445799734e-05, 0.000169139864738, 5.10312020197e-05, 7.025537343e-05, 7.15964051778e-05, 0.000140688047395, 0.000248733878834, 0.000300320098177, 0.000145653408254, 0.000113007939945, 0.000117630632303, 0.000202172202989, 0.000271073571639, 0.00046292389743, 0.000504872470628, 0.000224231203902, 0.000189965910977, 0.000131331107696], "mean": [0.017017763108, 0.00693072052673, 0.00163404457271, 0.000740867399145, 0.000260094064288, 0.000162130192621, 0.00012389603944, 0.000130568820168, 0.000110782108095, 0.000106377170596, 0.000249329255894, 8.38831547298e-05, 5.51083940081e-05, 5.63096291444e-05, 7.49734608689e-05, 6.05675268162e-05, 7.03072000761e-05, 3.97627190978e-05, 2.36109699472e-05, 2.17004071601e-05, 1.93903797481e-05, 1.30163734866e-05, 9.26050324779e-06, 1.03191414382e-05, 3.92373658542e-06, 4.6323962124e-06, 6.1322766669e-06, 9.91553588392e-06, 1.70959083334e-05, 1.73312910192e-05, 1.1795199498e-05, 8.40900884214e-06, 8.99506994756e-06, 1.57849863172e-05, 1.49071938722e-05, 1.50064042828e-05, 1.32535869852e-05, 8.46333659865e-06, 5.47355784875e-06, 3.91271623812e-06], "median": [0.0097477696836, 0.00474383495748, 0.000575099198613, 0.000306012574583, 0.00012377348321, 6.47264605504e-05, 6.44325191388e-05, 4.91561295348e-05, 2.91245451081e-05, 4.43638236902e-05, 7.58013775339e-05, 3.52894385287e-05, 1.61043753906e-05, 1.55912657647e-05, 1.59481987794e-05, 1.49286970554e-05, 2.03826930374e-05, 1.57428003149e-05, 9.75042257778e-06, 8.84238124854e-06, 8.56056067278e-06, 4.39430823462e-06, 3.12789552481e-06, 3.15419993058e-06, 1.56018859343e-06, 2.29340434998e-06, 2.24556993089e-06, 2.29378952099e-06, 2.72888382824e-06, 2.28082058129e-06, 1.96789665097e-06, 1.77446361249e-06, 1.66384324984e-06, 1.70841553881e-06, 1.5187659983e-06, 1.32758293603e-06, 1.14307954391e-06, 8.04562716894e-07, 6.80772245687e-07, 4.76549246287e-07], "min": [7.16976367166e-10, 6.39931441171e-10, 8.9539098358e-11, 5.25531285156e-11, 2.00897312674e-10, 3.73868547232e-10, 3.88451132372e-10, 2.56167587143e-10, 3.07959169277e-09, 1.97056748696e-09, 7.56612938968e-10, 6.73133548901e-10, 1.11544840031e-09, 1.65290636733e-09, 3.70725533605e-10, 8.26940682597e-10, 2.90813884085e-09, 1.06376041309e-09, 3.94658705716e-09, 3.1425544389e-09, 2.23438556546e-09, 1.26064192418e-09, 1.58638846504e-09, 3.59370727621e-10, 7.67166052906e-10, 6.93177126809e-10, 2.5756241584e-10, 5.70369973474e-10, 2.13244910618e-09, 2.09262784878e-09, 6.92753188147e-10, 8.0096868027e-10, 2.94221536024e-10, 5.87260240437e-10, 5.34459254631e-10, 6.24524598702e-10, 5.76098502236e-10, 4.43347469847e-10, 1.57697827019e-10, 8.56737528143e-11], "var": [0.00027953015524, 7.27387960069e-05, 8.04916089692e-06, 1.3729489865e-06, 1.4373989643e-07, 9.37967996606e-08, 3.74606337061e-08, 4.35897185014e-08, 4.23226005353e-08, 4.38601617248e-08, 1.34224507065e-07, 2.19576445915e-08, 3.24110978056e-08, 4.7857664498e-08, 3.92204633215e-08, 2.23127862853e-08, 3.3277416378e-08, 8.39420000176e-09, 1.88223592268e-09, 1.90059190608e-09, 7.97803212382e-10, 4.78208528332e-10, 2.52603299389e-10, 4.06215922011e-10, 3.96804845926e-11, 4.53464037153e-11, 8.28998258928e-11, 3.35958677544e-10, 1.37864897276e-09, 1.42261979974e-09, 5.54366941241e-10, 2.568618096e-10, 2.71683620046e-10, 1.02126085366e-09, 1.30034760737e-09, 2.59211452303e-09, 2.23280638423e-09, 7.02970737176e-10, 2.30192337414e-10, 1.08215679473e-10]}, "mfcc": {"mean": [-630.404968262, 110.494354248, 28.8291950226, 21.53074646, 12.111497879, 26.9143562317, 8.32403373718, 11.9070701599, 13.3893041611, 13.2548837662, 1.02432608604, 5.05819606781, 0.167281508446], "cov": [[5279.09912109, -2251.54663086, 37.4164657593, -112.888946533, 15.1615924835, 11.5811395645, -177.013931274, -152.94619751, -223.318466187, -232.752502441, 62.8188209534, 129.681182861, -37.6432762146], [-2251.54663086, 2187.01586914, -334.416717529, -40.229763031, 102.486701965, -71.9858627319, 13.3863134384, 86.6072692871, 47.84715271, 25.7185001373, 39.0939369202, -91.4637298584, -31.2640380859], [37.4164657593, -334.416717529, 654.723266602, 127.586357117, -32.089138031, 16.4028530121, 41.2324562073, -30.4211406708, 28.5053424835, 53.0118141174, -69.022102356, 18.9357585907, -21.9369697571], [-112.888946533, -40.229763031, 127.586357117, 249.442138672, -3.23427987099, 3.06855726242, -2.52069234848, -1.63931286335, 19.5287475586, 21.0096282959, -20.0567321777, -31.3581447601, 3.3606171608], [15.1615924835, 102.486701965, -32.089138031, -3.23427987099, 199.42489624, 39.9489440918, 4.85692310333, -1.04958677292, 0.919672131538, -4.20044517517, 23.6071510315, 14.5375671387, 19.8799171448], [11.5811395645, -71.9858627319, 16.4028530121, 3.06855726242, 39.9489440918, 149.023361206, 40.3330078125, 7.37329721451, 14.6123981476, 16.9179553986, 11.5991630554, -0.968681633472, 21.9905548096], [-177.013931274, 13.3863134384, 41.2324562073, -2.52069234848, 4.85692310333, 40.3330078125, 115.058753967, 25.371711731, 12.9705944061, 10.257727623, -9.30407524109, -1.69612383842, 5.0953540802], [-152.94619751, 86.6072692871, -30.4211406708, -1.63931286335, -1.04958677292, 7.37329721451, 25.371711731, 91.2182540894, 40.2320785522, 12.0610342026, 3.48612236977, -14.6911745071, -0.120496056974], [-223.318466187, 47.84715271, 28.5053424835, 19.5287475586, 0.919672131538, 14.6123981476, 12.9705944061, 40.2320785522, 95.727684021, 52.3336601257, 3.66726636887, -24.7474594116, -6.88527536392], [-232.752502441, 25.7185001373, 53.0118141174, 21.0096282959, -4.20044517517, 16.9179553986, 10.257727623, 12.0610342026, 52.3336601257, 86.7627258301, 13.3405780792, -6.59438610077, -13.0350437164], [62.8188209534, 39.0939369202, -69.022102356, -20.0567321777, 23.6071510315, 11.5991630554, -9.30407524109, 3.48612236977, 3.66726636887, 13.3405780792, 91.1777954102, 20.1848392487, 0.916647434235], [129.681182861, -91.4637298584, 18.9357585907, -31.3581447601, 14.5375671387, -0.968681633472, -1.69612383842, -14.6911745071, -24.7474594116, -6.59438610077, 20.1848392487, 95.6372451782, 27.3793468475], [-37.6432762146, -31.2640380859, -21.9369697571, 3.3606171608, 19.8799171448, 21.9905548096, 5.0953540802, -0.120496056974, -6.88527536392, -13.0350437164, 0.916647434235, 27.3793468475, 84.6618499756]], "icov": [[0.000522993097547, 0.000556529441383, 3.49582696799e-05, 0.000133073015604, -0.000297146092635, -6.69110959279e-05, 0.000565197318792, -6.22777661192e-05, 0.000321115250699, 0.00112516258378, -0.000579196377657, -1.41993659781e-05, 0.000705095240846], [0.000556529441383, 0.00116267660633, 0.000295397650916, 0.000168077589478, -0.000696006114595, 0.000384774350096, 0.000397072202759, -0.000403792713769, 0.00040700804675, 0.000845396076329, -0.000690599146765, 0.000489509780891, 0.00079812592594], [3.49582696799e-05, 0.000295397650916, 0.00233808509074, -0.00104182236828, 6.05031209489e-06, -5.0498998462e-05, -0.000781492213719, 0.000865874928422, -0.000553029356524, -0.00106858450454, 0.00174532469828, -0.00133300269954, 0.00103446317371], [0.000133073015604, 0.000168077589478, -0.00104182236828, 0.00493766786531, -0.000281687360257, 0.000201602189918, 0.000714836642146, -7.24165583961e-05, 0.000195888511371, -0.000475444307085, -0.000164658340509, 0.00223448988982, -0.00115217268467], [-0.000297146092635, -0.000696006114595, 6.05031209489e-06, -0.000281687360257, 0.00600393535569, -0.00166434550192, -0.000157504153321, 0.00059910089476, -0.000838910636958, 0.000418435083702, -0.000747201673221, -0.00092972337734, -0.00103861361276], [-6.69110959279e-05, 0.000384774350096, -5.0498998462e-05, 0.000201602189918, -0.00166434550192, 0.00882246810943, -0.00298522575758, 0.000202644660021, -0.000119744901895, -0.00177198054735, -0.00119342177641, 0.00165059708524, -0.0024330180604], [0.000565197318792, 0.000397072202759, -0.000781492213719, 0.000714836642146, -0.000157504153321, -0.00298522575758, 0.0114161353558, -0.00322688813321, 0.00102040008642, 0.00072902161628, 0.000622575345915, -0.000276045524515, 0.000565541442484], [-6.22777661192e-05, -0.000403792713769, 0.000865874928422, -7.24165583961e-05, 0.00059910089476, 0.000202644660021, -0.00322688813321, 0.0154369743541, -0.00744933309034, 0.00217478512786, -0.000276996288449, 7.13148037903e-05, -0.000217755004996], [0.000321115250699, 0.00040700804675, -0.000553029356524, 0.000195888511371, -0.000838910636958, -0.000119744901895, 0.00102040008642, -0.00744933309034, 0.0208510253578, -0.010417278856, -0.000374864262994, 0.00415593059734, -0.00095003133174], [0.00112516258378, 0.000845396076329, -0.00106858450454, -0.000475444307085, 0.000418435083702, -0.00177198054735, 0.00072902161628, 0.00217478512786, -0.010417278856, 0.0224915668368, -0.00446271710098, -0.00177680712659, 0.00411435216665], [-0.000579196377657, -0.000690599146765, 0.00174532469828, -0.000164658340509, -0.000747201673221, -0.00119342177641, 0.000622575345915, -0.000276996288449, -0.000374864262994, -0.00446271710098, 0.0149095710367, -0.00398628553376, 0.000803924456704], [-1.41993659781e-05, 0.000489509780891, -0.00133300269954, 0.00223448988982, -0.00092972337734, 0.00165059708524, -0.000276045524515, 7.13148037903e-05, 0.00415593059734, -0.00177680712659, -0.00398628553376, 0.0154256289825, -0.00533436238766], [0.000705095240846, 0.00079812592594, 0.00103446317371, -0.00115217268467, -0.00103861361276, -0.0024330180604, 0.000565541442484, -0.000217755004996, -0.00095003133174, 0.00411435216665, 0.000803924456704, -0.00533436238766, 0.0158478319645]]}, "spectral_contrast_coeffs": {"dmean": [0.0528498105705, 0.0447641536593, 0.0458057820797, 0.0323231518269, 0.0241388771683, 0.0283510070294], "dmean2": [0.0800784230232, 0.0726134479046, 0.0736897364259, 0.0538668073714, 0.0376896746457, 0.0443298816681], "dvar": [0.00212089903653, 0.00120191089809, 0.00146291812416, 0.000744782621041, 0.00055352592608, 0.000893297779839], "dvar2": [0.00462451856583, 0.00315595674329, 0.00325223244727, 0.00189739279449, 0.00113127974328, 0.00227915216237], "max": [-0.449129968882, -0.542769014835, -0.527267038822, -0.590455770493, -0.575863301754, -0.608047544956], "mean": [-0.701064884663, -0.765048623085, -0.7553794384, -0.798759639263, -0.799989998341, -0.768915534019], "median": [-0.71199965477, -0.766778230667, -0.764425814152, -0.804965019226, -0.808904707432, -0.772334873676], "min": [-0.884403407574, -0.903858959675, -0.905851781368, -0.910304248333, -0.890533328056, -0.877437531948], "var": [0.00604092841968, 0.00336962076835, 0.00563975004479, 0.00259628798813, 0.00229336600751, 0.00196527992375]}, "spectral_contrast_valleys": {"dmean": [0.400417387486, 0.46551951766, 0.440535277128, 0.399167865515, 0.518371522427, 0.631422400475], "dmean2": [0.616717398167, 0.734718441963, 0.685967564583, 0.592555165291, 0.718327820301, 0.764610469341], "dvar": [0.139930546284, 0.205219820142, 0.19482024014, 0.205153122544, 0.402533173561, 0.529335439205], "dvar2": [0.248253643513, 0.43832269311, 0.421729832888, 0.418092638254, 0.83414119482, 0.910464048386], "max": [-5.0242357254, -4.79683732986, -5.27527666092, -5.45291852951,