{"lowlevel": {"average_loudness": 0.93492770195, "barkbands_crest": {"dmean": 2.14434719086, "dmean2": 3.4459798336, "dvar": 6.04654693604, "dvar2": 13.3589487076, "max": 26.1499080658, "mean": 11.7649374008, "median": 10.5573158264, "min": 2.21710157394, "var": 25.178855896}, "barkbands_flatness_db": {"dmean": 0.0376212820411, "dmean2": 0.0506224967539, "dvar": 0.00149216304999, "dvar2": 0.00253033684567, "max": 0.525713741779, "mean": 0.239823400974, "median": 0.224999755621, "min": 0.0172571800649, "var": 0.010694174096}, "barkbands_kurtosis": {"dmean": 8.11055374146, "dmean2": 12.6063184738, "dvar": 341.654418945, "dvar2": 772.875854492, "max": 363.205291748, "mean": 12.4637479782, "median": 4.19541835785, "min": -1.74122953415, "var": 607.842285156}, "barkbands_skewness": {"dmean": 0.765085697174, "dmean2": 1.1348528862, "dvar": 1.03644657135, "dvar2": 2.16260671616, "max": 15.8123502731, "mean": 2.22840380669, "median": 1.79095923901, "min": -4.37492322922, "var": 3.45456361771}, "barkbands_spread": {"dmean": 4.79157304764, "dmean2": 7.57170724869, "dvar": 72.1763000488, "dvar2": 162.161758423, "max": 85.9862594604, "mean": 10.762845993, "median": 7.59396934509, "min": 0.534519851208, "var": 111.282470703}, "dissonance": {"dmean": 0.0373317189515, "dmean2": 0.0618284083903, "dvar": 0.001283945865, "dvar2": 0.00314521882683, "max": 0.499933063984, "mean": 0.407372057438, "median": 0.422011882067, "min": 0.0899442136288, "var": 0.00446682423353}, "dynamic_complexity": 3.29468202591, "erbbands_crest": {"dmean": 2.30959582329, "dmean2": 3.70723032951, "dvar": 5.41964387894, "dvar2": 14.190788269, "max": 28.3663425446, "mean": 9.80827045441, "median": 9.17860889435, "min": 2.72963023186, "var": 13.0690937042}, "erbbands_flatness_db": {"dmean": 0.0297913178802, "dmean2": 0.0387477837503, "dvar": 0.00106775213499, "dvar2": 0.00174113642424, "max": 0.486545830965, "mean": 0.213081777096, "median": 0.202517837286, "min": 0.0439479351044, "var": 0.00871860980988}, "erbbands_kurtosis": {"dmean": 1.2875597477, "dmean2": 2.04562830925, "dvar": 3.20309185982, "dvar2": 7.46274089813, "max": 22.5785102844, "mean": 1.24435472488, "median": 0.463009119034, "min": -1.76298832893, "var": 7.28369665146}, "erbbands_skewness": {"dmean": 0.407895773649, "dmean2": 0.624987721443, "dvar": 0.18180565536, "dvar2": 0.419396549463, "max": 4.42493391037, "mean": 0.588772296906, "median": 0.520755708218, "min": -1.94355344772, "var": 0.675811886787}, "erbbands_spread": {"dmean": 10.872256279, "dmean2": 16.7317447662, "dvar": 310.508117676, "dvar2": 648.499816895, "max": 140.923431396, "mean": 28.8661842346, "median": 21.9147224426, "min": 3.24275302887, "var": 513.265563965}, "hfc": {"dmean": 8.25739097595, "dmean2": 12.7441673279, "dvar": 271.127746582, "dvar2": 635.152587891, "max": 168.024093628, "mean": 16.0922107697, "median": 9.51573848724, "min": 1.27342086257e-16, "var": 366.774505615}, "melbands_crest": {"dmean": 2.43245863914, "dmean2": 3.87524819374, "dvar": 6.25454044342, "dvar2": 14.9780626297, "max": 31.4621143341, "mean": 14.6667985916, "median": 14.0644903183, "min": 2.17517256737, "var": 25.1277580261}, "melbands_flatness_db": {"dmean": 0.0467588976026, "dmean2": 0.062537766993, "dvar": 0.00244229566306, "dvar2": 0.0041344598867, "max": 0.657905399799, "mean": 0.343354195356, "median": 0.331892222166, "min": 0.00733474409208, "var": 0.0149604883045}, "melbands_kurtosis": {"dmean": 13.8718805313, "dmean2": 20.8797588348, "dvar": 824.824462891, "dvar2": 1892.10864258, "max": 460.622619629, "mean": 23.0001220703, "median": 8.80899238586, "min": -1.56940817833, "var": 1575.34655762}, "melbands_skewness": {"dmean": 0.892906844616, "dmean2": 1.33268451691, "dvar": 1.41083979607, "dvar2": 2.85760402679, "max": 15.6797990799, "mean": 2.96731972694, "median": 2.37866926193, "min": -0.641547143459, "var": 4.45893192291}, "melbands_spread": {"dmean": 4.0353307724, "dmean2": 6.22912168503, "dvar": 58.3166542053, "dvar2": 121.997581482, "max": 142.106262207, "mean": 11.1176490784, "median": 7.39142990112, "min": 0.376931250095, "var": 133.946609497}, "pitch_salience": {"dmean": 0.0684051737189, "dmean2": 0.108502417803, "dvar": 0.00522006954998, "dvar2": 0.0115183060989, "max": 0.970234274864, "mean": 0.490220665932, "median": 0.497298777103, "min": 0.0804532542825, "var": 0.0157734062523}, "silence_rate_20dB": {"dmean": 0, "dmean2": 0, "dvar": 0, "dvar2": 0, "max": 1, "mean": 1, "median": 1, "min": 1, "var": 0}, "silence_rate_30dB": {"dmean": 0.052551176399, "dmean2": 0.105118408799, "dvar": 0.0497860126197, "dvar2": 0.0943726152182, "max": 1, "mean": 0.915381073952, "median": 1, "min": 0, "var": 0.077462926507}, "silence_rate_60dB": {"dmean": 0.00519401161, "dmean2": 0.0103896101937, "dvar": 0.00516685517505, "dvar2": 0.0142533890903, "max": 1, "mean": 0.0387963950634, "median": 0, "min": 0, "var": 0.0372904613614}, "spectral_centroid": {"dmean": 177.190994263, "dmean2": 266.58215332, "dvar": 97020.3359375, "dvar2": 184315.59375, "max": 11425.0664062, "mean": 616.557861328, "median": 480.62600708, "min": 127.534454346, "var": 209014.171875}, "spectral_complexity": {"dmean": 2.98105716705, "dmean2": 4.60626411438, "dvar": 29.0676822662, "dvar2": 54.4806060791, "max": 60, "mean": 11.8136548996, "median": 10, "min": 0, "var": 56.4014625549}, "spectral_decrease": {"dmean": 4.54237492065e-09, "dmean2": 6.37465991105e-09, "dvar": 8.38343778879e-17, "dvar2": 1.65993192257e-16, "max": 2.57555951695e-17, "mean": -1.08932018961e-08, "median": -7.23443882578e-09, "min": -9.6719531939e-08, "var": 1.66648981047e-16}, "spectral_energy": {"dmean": 0.0176658704877, "dmean2": 0.024799766019, "dvar": 0.00121620157734, "dvar2": 0.00239986740053, "max": 0.36867171526, "mean": 0.0425730608404, "median": 0.028631830588, "min": 1.10942263471e-20, "var": 0.00245037442073}, "spectral_energyband_high": {"dmean": 0.000647060282063, "dmean2": 0.00107236753684, "dvar": 2.29981174016e-06, "dvar2": 5.68425866732e-06, "max": 0.0110131362453, "mean": 0.000505439064, "median": 1.96374694497e-05, "min": 8.37924509331e-21, "var": 1.93274240701e-06}, "spectral_energyband_low": {"dmean": 0.0138698127121, "dmean2": 0.0196912586689, "dvar": 0.00128111359663, "dvar2": 0.00268494430929, "max": 0.3522605896, "mean": 0.0245231352746, "median": 0.0101669440046, "min": 1.20039537687e-22, "var": 0.00210995273665}, "spectral_energyband_middle_high": {"dmean": 0.00136985292193, "dmean2": 0.00199561961927, "dvar": 1.05289009298e-05, "dvar2": 2.19914636546e-05, "max": 0.0570981949568, "mean": 0.00407568505034, "median": 0.00146010343451, "min": 1.20775589088e-21, "var": 3.9742601075e-05}, "spectral_energyband_middle_low": {"dmean": 0.00641969451681, "dmean2": 0.0110908541828, "dvar": 0.000150265506818, "dvar2": 0.000417827948695, "max": 0.139294058084, "mean": 0.0151113318279, "median": 0.0120334802195, "min": 2.79208368565e-22, "var": 0.000184726086445}, "spectral_entropy": {"dmean": 0.385306090117, "dmean2": 0.521235525608, "dvar": 0.195638686419, "dvar2": 0.324876785278, "max": 9.79718017578, "mean": 6.5340089798, "median": 6.49090194702, "min": 4.33525657654, "var": 0.797951102257}, "spectral_flux": {"dmean": 0.0355564504862, "dmean2": 0.0541847236454, "dvar": 0.00291636749171, "dvar2": 0.00671921484172, "max": 0.475595712662, "mean": 0.0792307108641, "median": 0.0547188147902, "min": 1.05329134303e-10, "var": 0.00613836199045}, "spectral_kurtosis": {"dmean": 13.9342737198, "dmean2": 21.7290344238, "dvar": 884.821899414, "dvar2": 2318.09765625, "max": 502.999481201, "mean": 34.2452774048, "median": 13.5487670898, "min": -1.19556474686, "var": 4176.25195312}, "spectral_rms": {"dmean": 0.00105492130388, "dmean2": 0.0014841897646, "dvar": 2.59931016444e-06, "dvar2": 4.59565762867e-06, "max": 0.0189652238041, "mean": 0.00573048880324, "median": 0.00528521463275, "min": 3.28992930988e-12, "var": 8.69626728672e-06}, "spectral_rolloff": {"dmean": 280.859558105, "dmean2": 475.45199585, "dvar": 632361.4375, "dvar2": 1500554.625, "max": 19422.9492188, "mean": 722.68347168, "median": 516.796875, "min": 64.599609375, "var": 1221438.625}, "spectral_skewness": {"dmean": 0.882584095001, "dmean2": 1.29932272434, "dvar": 1.34696030617, "dvar2": 3.07497525215, "max": 17.6930351257, "mean": 3.7196097374, "median": 2.94994115829, "min": -0.0334584824741, "var": 8.71729469299}, "spectral_spread": {"dmean": 1066122.25, "dmean2": 1458152.5, "dvar": 1897058533380.0, "dvar2": 3384905039870.0, "max": 40652268, "mean": 3604771.75, "median": 3043556.25, "min": 187504.40625, "var": 5018551320580.0}, "spectral_strongpeak": {"dmean": 0.345039486885, "dmean2": 0.582234799862, "dvar": 0.297804355621, "dvar2": 0.669458866119, "max": 11.2379684448, "mean": 0.788538515568, "median": 0.505477070808, "min": 0, "var": 0.852809786797}, "zerocrossingrate": {"dmean": 0.00906013138592, "dmean2": 0.0111839156598, "dvar": 0.000171383144334, "dvar2": 0.000218319095438, "max": 0.6162109375, "mean": 0.0312320254743, "median": 0.0244140625, "min": 0.0029296875, "var": 0.00106511067133}, "barkbands": {"dmean": [0.000113832516945, 0.0109591241926, 0.00419157883152, 0.00243821693584, 0.00257739238441, 0.00143587274943, 0.00078831211431, 0.000375516014174, 0.000635080214124, 0.000361478771083, 0.000194984560949, 0.000356010685209, 0.000154285327881, 0.000200484399102, 0.000167635735124, 0.00012738800433, 0.000145652738865, 0.000116843933938, 6.42254090053e-05, 3.73380426026e-05, 0.000106151695945, 0.000140678501339, 0.000163235410582, 0.000119235141028, 6.36750919512e-05, 4.02961450163e-05, 6.59350143906e-06], "dmean2": [0.000176760746399, 0.0173285733908, 0.00607938459143, 0.00437353830785, 0.00436506932601, 0.00252685835585, 0.00143034767825, 0.000576194666792, 0.00100988533814, 0.000508161610924, 0.000292486074613, 0.000502826878801, 0.000233169223065, 0.000296675250866, 0.000247711781412, 0.000215425519855, 0.000225421143114, 0.000188950973097, 0.000100952216599, 5.86053574807e-05, 0.000172657077201, 0.000236746825976, 0.000279655883787, 0.000202832641662, 0.000107241707155, 6.93838155712e-05, 1.17478994071e-05], "dvar": [5.59274369039e-08, 0.00105615740176, 0.000124720594613, 4.70710074296e-05, 2.22356902668e-05, 6.50551965009e-06, 3.62287278222e-06, 1.6940690557e-06, 4.97471819472e-06, 1.07854248199e-06, 2.7108680456e-07, 1.24675295865e-06, 2.09231245663e-07, 3.89923343391e-07, 3.73272229126e-07, 1.75080842268e-07, 2.46312879426e-07, 1.14756446123e-07, 2.70814854986e-08, 8.89768170254e-09, 6.87108254738e-08, 1.16186406274e-07, 1.55734767304e-07, 7.80675009082e-08, 2.32370194198e-08, 1.58717039511e-08, 1.53282575521e-09], "dvar2": [1.38551925488e-07, 0.00237032794394, 0.000278761785012, 0.000133749679662, 6.10056995356e-05, 1.94095155166e-05, 1.29404597828e-05, 4.52159019915e-06, 1.35990330818e-05, 2.02863452614e-06, 6.1615054392e-07, 2.51077585744e-06, 4.59943578335e-07, 7.56208976327e-07, 6.43858584226e-07, 4.76926004467e-07, 5.08551465828e-07, 2.39339300379e-07, 5.82878172395e-08, 2.00502867642e-08, 1.67501582382e-07, 2.85400062694e-07, 4.00912369969e-07, 1.99068381335e-07, 5.85638382233e-08, 4.21357952973e-08, 4.33598179583e-09], "max": [0.00278834230267, 0.263862758875, 0.143008828163, 0.0793516337872, 0.055008649826, 0.0306529663503, 0.0348919332027, 0.0323219150305, 0.051505766809, 0.0289223343134, 0.011595081538, 0.0380030162632, 0.0118567347527, 0.0162973608822, 0.0281479433179, 0.0054799253121, 0.0137901455164, 0.00433444557711, 0.00235361792147, 0.00125100044534, 0.0027405936271, 0.00272630224936, 0.0027166553773, 0.00161915412173, 0.00106640264858, 0.0016468858812, 0.000720912241377], "mean": [0.000228962759138, 0.0154003249481, 0.00748822838068, 0.00280930963345, 0.00536430301145, 0.00277711683884, 0.00148315425031, 0.000837721454445, 0.00135357386898, 0.00133331911638, 0.000482875475427, 0.000934409268666, 0.000332137627993, 0.000385989347706, 0.000309307622956, 0.000141106705996, 0.000193530737306, 0.000126416518469, 7.01428725733e-05, 3.56988493877e-05, 8.74038669281e-05, 0.000105938735942, 0.000121081015095, 8.81399028003e-05, 4.8265184887e-05, 2.97326077998e-05, 4.87973466079e-06], "median": [5.83255132369e-05, 0.00406831549481, 0.00241802702658, 0.00134401931427, 0.00351643166505, 0.00143745844252, 0.000331857736455, 0.000390635774238, 0.000548416108359, 0.000241963498411, 0.000121711018437, 0.00012447978952, 5.18418564752e-05, 4.58374342998e-05, 3.86322135455e-05, 2.30724672292e-05, 2.58948275587e-05, 1.43574361573e-05, 7.05437423676e-06, 4.24868949267e-06, 3.8850225792e-06, 2.18253740059e-06, 1.59773276209e-06, 2.19381217903e-06, 1.89776665138e-06, 1.05651793092e-06, 2.10796187616e-07], "min": [4.60570381062e-23, 5.70993363526e-23, 2.67701999225e-23, 1.06968970768e-23, 1.39437034123e-23, 3.03769477118e-23, 7.03944825048e-23, 2.64754341567e-23, 1.03044217371e-22, 6.44385132506e-23, 2.22096625008e-23, 7.8640956729e-23, 9.5752593008e-23, 1.66605656134e-22, 1.70821783196e-22, 9.86103015906e-23, 1.25198195758e-22, 1.37974586979e-22, 1.84212640264e-22, 2.21447316752e-22, 5.30008808325e-22, 6.97544184368e-22, 6.81370137674e-22, 7.89726607489e-22, 1.18379148302e-21, 1.93674485348e-21, 2.63158949272e-21], "var": [1.16443914067e-07, 0.0012160766637, 0.00025224534329, 3.32753152179e-05, 3.52376664523e-05, 1.26598142742e-05, 6.94111804478e-06, 2.43948647949e-06, 5.90459330851e-06, 8.50849755807e-06, 9.02451517959e-07, 4.2179394768e-06, 5.56507870897e-07, 1.0810455251e-06, 1.19806634302e-06, 1.48103083575e-07, 4.12216138557e-07, 1.28980303771e-07, 3.22531974462e-08, 9.24893583942e-09, 6.06900059097e-08, 9.67559969922e-08, 1.18682670802e-07, 5.97473714947e-08, 1.84676345327e-08, 1.12525846419e-08, 9.1985102868e-10]}, "erbbands": {"dmean": [0.198355197906, 2.88730955124, 5.51135587692, 5.52401447296, 10.510181427, 6.20528268814, 14.8511924744, 8.11252307892, 14.6577501297, 4.27755069733, 12.2443599701, 13.6821365356, 11.5102577209, 7.52015829086, 8.00555324554, 15.3874530792, 7.87338399887, 10.6570768356, 10.1081514359, 5.25229787827, 7.71402692795, 7.74527454376, 7.16374015808, 3.62838292122, 2.84400868416, 1.80460441113, 2.98993849754, 5.47421789169, 4.51182746887, 4.46611213684, 4.91607904434, 2.87332820892, 1.89378845692, 0.897069275379, 0.37255898118, 0.224946215749, 0.0647715255618, 0.00826729554683, 0.00128997233696, 7.47508383938e-05], "dmean2": [0.317554116249, 4.49225521088, 7.77234268188, 9.62141418457, 18.456243515, 10.2372512817, 25.6209220886, 14.2059793472, 26.7215766907, 6.98542642593, 18.6427726746, 21.9834728241, 16.5740242004, 10.8827981949, 12.1073055267, 21.6213283539, 11.4085760117, 15.6781187057, 14.8271875381, 7.98149585724, 12.8058404922, 12.095451355, 11.5547981262, 5.77329349518, 4.50943565369, 2.88012218475, 4.67178964615, 9.24298858643, 7.51510810852, 7.41647052765, 8.48054409027, 4.94126319885, 3.20056843758, 1.52141094208, 0.619028747082, 0.384820431471, 0.112541906536, 0.0141690345481, 0.00230844784528, 0.000128056490212], "dvar": [0.274671882391, 74.4129104614, 233.433990479, 236.735946655, 556.02545166, 118.01587677, 955.715698242, 268.986450195, 1394.06982422, 158.687866211, 1586.2376709, 3075.79418945, 1345.47070312, 269.527862549, 524.180297852, 2677.56542969, 487.0753479, 1036.46887207, 1381.56359863, 217.200866699, 637.411804199, 574.515930176, 448.719116211, 105.89705658, 49.7088279724, 21.8558540344, 55.8671264648, 178.071304321, 125.733734131, 112.186256409, 143.088562012, 46.2939071655, 20.4157886505, 4.5209941864, 0.85216408968, 0.423725187778, 0.0455348342657, 0.0012509112712, 5.69334588363e-05, 1.94261033926e-07], "dvar2": [0.620900332928, 168.465774536, 519.809265137, 665.898925781, 1564.13525391, 307.463531494, 2778.92456055, 764.471496582, 4959.07617188, 442.50970459, 4219.36376953, 8461.70800781, 2600.29785156, 566.491088867, 1185.30151367, 5222.73730469, 1062.69018555, 1948.1550293, 2279.59008789, 541.030029297, 1608.11169434, 1235.15551758, 950.357421875, 215.413726807, 113.987358093, 50.8622169495, 123.582695007, 461.49710083, 308.071990967, 270.364440918, 371.939697266, 119.39251709, 52.0511283875, 11.4689378738, 2.13628983498, 1.10693824291, 0.121976695955, 0.00346727110445, 0.00015980747412, 5.59244767828e-07], "max": [4.31939458847, 70.8926544189, 183.463043213, 168.016555786, 263.627044678, 147.991943359, 473.915283203, 266.094604492, 677.824523926, 392.449401855, 879.251464844, 1371.22839355, 1012.934021, 375.163299561, 511.45489502, 1915.05969238, 634.261169434, 878.841247559, 1767.72875977, 240.031402588, 483.814025879, 334.299865723, 254.383682251, 121.940200806, 101.383750916, 60.707736969, 80.9511413574, 115.326133728, 93.4203567505, 79.409034729, 79.6301651001, 45.1498069763, 27.434387207, 13.9500417709, 8.41251277924, 7.39321279526, 3.02942085266, 0.581786930561, 0.133759140968, 0.00834244675934], "mean": [0.312632709742, 3.88293480873, 9.52132511139, 8.75199127197, 14.8025627136, 15.6143379211, 25.2759990692, 18.1923084259, 29.0192604065, 8.57626247406, 29.1826000214, 29.1659927368, 40.2302093506, 25.9235439301, 19.125164032, 40.8213195801, 20.3553733826, 21.5299949646, 21.8006572723, 8.53201675415, 9.06866550446, 9.83492851257, 7.96466350555, 3.87183070183, 3.11572861671, 1.71135735512, 2.75210952759, 4.05665397644, 3.41867804527, 3.50677967072, 3.60141372681, 2.0810379982, 1.40201508999, 0.674866020679, 0.289160102606, 0.16937866807, 0.0471316613257, 0.00640069320798, 0.000956888427027, 8.78131468198e-05], "median": [0.124422304332, 0.860632658005, 3.28204870224, 4.29966115952, 7.29925251007, 10.360865593, 15.2116394043, 8.2346124649, 5.71266508102, 4.54659843445, 12.6989974976, 12.368229866, 9.80646800995, 7.70015144348, 6.78265285492, 6.60189390182, 3.47207355499, 4.03146362305, 3.24913644791, 1.74471175671, 1.59831464291, 1.41443181038, 1.04316902161, 0.443863511086, 0.356567680836, 0.194612279534, 0.148885890841, 0.137834340334, 0.0810782387853, 0.06148840487, 0.0453846789896, 0.0335188247263, 0.0382256470621, 0.0216730963439, 0.0120134567842, 0.00558443134651, 0.00168928550556, 0.00027403087006, 5.07314980496e-05, 3.73711227439e-05], "min": [2.29649713216e-21, 1.04647879452e-20, 3.08213344663e-20, 4.10621858788e-20, 1.40453216216e-20, 4.45287414985e-20, 3.1907820045e-19, 1.30002199535e-19, 4.79464023429e-19, 1.13754425845e-18, 9.14725582875e-19, 2.51838032624e-18, 1.97590080487e-18, 1.91454364895e-18, 1.54458288069e-18, 3.31366526796e-18, 4.06810692617e-18, 5.43146807973e-18, 1.20056530885e-17, 6.40810161741e-18, 5.3147785379e-18, 7.17058719348e-18, 8.37408700827e-18, 9.73557832006e-18, 6.81058247447e-18, 1.10596446722e-17, 2.066278145e-17, 2.09648545748e-17, 2.19475732667e-17, 2.2584143342e-17, 2.18543450486e-17, 1.66963461881e-17, 1.26693315268e-17, 1.18502672104e-17, 9.76833798104e-18, 7.59407802451e-18, 3.45047328986e-18, 1.28050226481e-18, 3.78470983353e-19, 4.19451010163e-20], "var": [0.315591603518, 87.1854858398, 454.585968018, 216.701828003, 556.359924316, 267.356201172, 1189.88891602, 705.182739258, 2983.3984375, 184.836532593, 2427.88916016, 3422.99487305, 7338.49902344, 1804.46240234, 1465.9465332, 8427.4140625, 1568.70129395, 2757.26953125, 4827.56201172, 318.609222412, 726.781799316, 731.285339355, 499.543182373, 121.86542511, 60.3595542908, 21.4422874451, 59.0140533447, 136.422225952, 105.775756836, 98.2814331055, 106.515815735, 34.4874763489, 15.6709051132, 3.52230763435, 0.692009091377, 0.312351882458, 0.0317906551063, 0.000816128973383, 3.4504213545e-05, 1.11925452018e-07]}, "gfcc": {"mean": [-66.4979171753, 145.669158936, -79.1767730713, 4.33460330963, -47.2010993958, 14.0847063065, -32.0726890564, 0.0228320192546, -22.0844898224, -7.28368902206, -16.6542034149, -2.33138251305, -6.92473602295], "cov": [[15016.8320312, -3528.80395508, -1839.62817383, 2487.2980957, -95.635848999, 1124.55847168, -706.063537598, 617.01940918, 16.3372688293, 622.150024414, 130.853591919, 457.27243042, -350.481567383], [-3528.80395508, 3136.64404297, 101.25843811, -1509.47033691, 305.372619629, -719.928222656, 196.553146362, -470.149414062, 89.7103118896, -299.712188721, 96.1149368286, -238.698410034, 240.701187134], [-1839.62817383, 101.25843811, 1414.9041748, 131.198226929, -119.386482239, 88.5713882446, 205.018127441, 98.3342666626, -10.8944158554, -12.8314342499, -64.4870681763, -19.2475681305, 48.7520828247], [2487.2980957, -1509.47033691, 131.198226929, 1449.43383789, 5.29507827759, 450.93661499, 23.60115242, 359.194000244, 47.5337295532, 172.522003174, 5.58325576782, 143.583557129, -87.2063064575], [-95.635848999, 305.372619629, -119.386482239, 5.29507827759, 591.706115723, 93.6001052856, 74.8905410767, 101.821624756, 85.9442214966, 71.6272277832, 70.227180481, -8.67035007477, 14.7877054214], [1124.55847168, -719.928222656, 88.5713882446, 450.93661499, 93.6001052856, 515.349975586, 40.7566795349, 176.562179565, 26.5253181458, 156.19708252, 10.3772830963, 76.1916122437, -35.3924789429], [-706.063537598, 196.553146362, 205.018127441, 23.60115242, 74.8905410767, 40.7566795349, 192.419448853, 31.1294174194, 48.506893158, -1.23576676846, 16.8549938202, -18.9427433014, 32.6204605103], [617.01940918, -470.149414062, 98.3342666626, 359.194000244, 101.821624756, 176.562179565, 31.1294174194, 231.954666138, 39.3681221008, 94.5602874756, 11.8542995453, 54.8656959534, -34.853843689], [16.3372688293, 89.7103118896, -10.8944158554, 47.5337295532, 85.9442214966, 26.5253181458, 48.506893158, 39.3681221008, 104.330711365, 25.6077041626, 29.2549648285, 12.2653894424, 10.4011793137], [622.150024414, -299.712188721, -12.8314342499, 172.522003174, 71.6272277832, 156.19708252, -1.23576676846, 94.5602874756, 25.6077041626, 157.354263306, 44.8165473938, 29.5424919128, -15.8961257935], [130.853591919, 96.1149368286, -64.4870681763, 5.58325576782, 70.227180481, 10.3772830963, 16.8549938202, 11.8542995453, 29.2549648285, 44.8165473938, 89.3098831177, 22.2569580078, 7.0399479866], [457.27243042, -238.698410034, -19.2475681305, 143.583557129, -8.67035007477, 76.1916122437, -18.9427433014, 54.8656959534, 12.2653894424, 29.5424919128, 22.2569580078, 99.7828598022, -9.02741909027], [-350.481567383, 240.701187134, 48.7520828247, -87.2063064575, 14.7877054214, -35.3924789429, 32.6204605103, -34.853843689, 10.4011793137, -15.8961257935, 7.0399479866, -9.02741909027, 92.9928588867]], "icov": [[0.00019975574105, -0.000179833863513, 0.000254148762906, -0.000349760812242, 0.000191312035895, -0.000278069928754, 0.000605137436651, -0.000176736168214, 8.01070855232e-05, -0.000404982478358, 0.00011783066293, -0.000247597403359, 0.000231193072977], [-0.000179833863513, 0.00199498678558, -0.000615552184172, 0.00130729575176, -0.00114734331146, 0.0010839587776, -0.00114518345799, 0.00150031980593, -0.00153732532635, 0.00199815398082, -0.00236047944054, 0.00157992902678, -0.00188829691615], [0.000254148762906, -0.000615552184172, 0.00140421523247, -0.000604849017691, 0.000789435813203, -0.000558273168281, -0.000281514163362, -0.00116525543854, 0.0008817902999, -0.00089658703655, 0.00127199490089, -0.000524865055922, 0.000172631916939], [-0.000349760812242, 0.00130729575176, -0.000604849017691, 0.00249580107629, -0.000496937893331, 0.000332531926688, -0.00143319496419, -0.000603741267696, -0.00105603563134, 0.00167444325052, -0.00135794840753, 0.000631932052784, -0.000993870664388], [0.000191312035895, -0.00114734331146, 0.000789435813203, -0.000496937893331, 0.00317683862522, -0.00113902555313, 0.000451594241895, -0.00247967126779, -0.00013847273658, -0.00108967674896, -8.94953336683e-05, 0.000258940330241, 0.000645569525659], [-0.000278069928754, 0.0010839587776, -0.000558273168281, 0.000332531926688, -0.00113902555313, 0.00463593844324, -0.00225683371536, 0.000821024877951, -0.00017628641217, -0.00193960464094, 0.000792997481767, -0.000878390856087, -0.000661425117869], [0.000605137436651, -0.00114518345799, -0.000281514163362, -0.00143319496419, 0.000451594241895, -0.00225683371536, 0.0106643149629, -0.00173421972431, -0.00244330312125, 0.000588019553106, -0.00149702990893, 0.00163939106278, -0.000626884750091], [-0.000176736168214, 0.00150031980593, -0.00116525543854, -0.000603741267696, -0.00247967126779, 0.000821024877951, -0.00173421972431, 0.0116724781692, -0.00245503871702, -0.00195063545834, 0.000613237032667, -0.00172168621793, 0.000912799034268], [8.01070855232e-05, -0.00153732532635, 0.0008817902999, -0.00105603563134, -0.00013847273658, -0.00017628641217, -0.00244330312125, -0.00245503871702, 0.0144383525476, -0.00218927580863, 9.76882656687e-05, -0.00245076161809, 0.000485886179376], [-0.000404982478358, 0.00199815398082, -0.00089658703655, 0.00167444325052, -0.00108967674896, -0.00193960464094, 0.000588019553106, -0.00195063545834, -0.00218927580863, 0.0153475375846, -0.00892010796815, 0.00413845106959, -0.00221492885612], [0.00011783066293, -0.00236047944054, 0.00127199490089, -0.00135794840753, -8.94953336683e-05, 0.000792997481767, -0.00149702990893, 0.000613237032667, 9.76882656687e-05, -0.00892010796815, 0.0208027027547, -0.00706227030605, 0.00188848306425], [-0.000247597403359, 0.00157992902678, -0.000524865055922, 0.000631932052784, 0.000258940330241, -0.000878390856087, 0.00163939106278, -0.00172168621793, -0.00245076161809, 0.00413845106959, -0.00706227030605, 0.0162876341492, -0.00265338202007], [0.000231193072977, -0.00188829691615, 0.000172631916939, -0.000993870664388, 0.000645569525659, -0.000661425117869, -0.000626884750091, 0.000912799034268, 0.000485886179376, -0.00221492885612, 0.00188848306425, -0.00265338202007, 0.0148640824482]]}, "melbands": {"dmean": [0.00247045699507, 0.00326764280908, 0.00112651428208, 0.000573780154809, 0.000449202227173, 0.000220783927944, 0.000194117936189, 4.28222228948e-05, 0.000116800358228, 8.26362884254e-05, 5.75072081119e-05, 3.20479593938e-05, 2.49201548286e-05, 3.32184208673e-05, 3.43260580848e-05, 1.6300173229e-05, 2.16420885408e-05, 1.67211946973e-05, 9.54391362029e-06, 7.31601267034e-06, 1.00746156022e-05, 8.62036904437e-06, 7.01346334608e-06, 5.69853773413e-06, 2.72060287898e-06, 2.70623741017e-06, 1.28785950437e-06, 1.21207779102e-06, 1.49783420511e-06, 2.61461605078e-06, 3.51137600774e-06, 2.64176128439e-06, 2.477700491e-06, 2.38556253862e-06, 3.12539623337e-06, 2.23888082473e-06, 1.59987519055e-06, 1.50328628479e-06, 8.61130445173e-07, 7.2048732136e-07], "dmean2": [0.00391009496525, 0.00461481511593, 0.0019402714679, 0.000983590376563, 0.000764818338212, 0.000390760425944, 0.000352750153979, 6.81548626744e-05, 0.000178308051545, 0.000133296693093, 8.23974405648e-05, 4.59391703771e-05, 3.77714895876e-05, 4.87632896693e-05, 4.68022444693e-05, 2.45186620305e-05, 3.17822159559e-05, 2.46782619797e-05, 1.43508104884e-05, 1.18257075883e-05, 1.68502429005e-05, 1.33389175971e-05, 1.16112514661e-05, 9.12470386538e-06, 4.28540170105e-06, 4.30944237451e-06, 2.06245954359e-06, 1.96237169803e-06, 2.31135527429e-06, 4.25573307439e-06, 6.08611617281e-06, 4.46723379355e-06, 4.09874837715e-06, 3.9456704144e-06, 5.39364555152e-06, 3.86702231481e-06, 2.77338858723e-06, 2.56861244452e-06, 1.43590762036e-06, 1.22989069951e-06], "dvar": [5.20289831911e-05, 8.00277121016e-05, 8.5854990175e-06, 1.22944322811e-06, 9.31893964662e-07, 1.83797297382e-07, 2.30775341947e-07, 2.22440359465e-08, 1.32391377861e-07, 1.10966745126e-07, 3.33849818901e-08, 5.64919400148e-09, 5.07744291056e-09, 1.49019854234e-08, 8.26066948179e-09, 3.01435920669e-09, 5.12524378493e-09, 3.58235041631e-09, 8.62765192622e-10, 4.30413926722e-10, 1.31702337924e-09, 7.30571547702e-10, 5.21845733292e-10, 2.70587136031e-10, 6.16769205153e-11, 4.63553397057e-11, 1.08505921262e-11, 1.05899065558e-11, 1.52280722754e-11, 4.29549104619e-11, 7.55974172151e-11, 4.43970034347e-11, 3.69423554247e-11, 3.11047819446e-11, 5.82045314723e-11, 3.00703593969e-11, 1.47223396668e-11, 1.34989788445e-11, 3.91718558632e-12, 3.01179654133e-12], "dvar2": [0.000115093993372, 0.000180597387953, 2.36744017457e-05, 3.45710350302e-06, 2.60649426309e-06, 5.54114592433e-07, 8.13370547803e-07, 6.19487039444e-08, 3.53507346063e-07, 3.02936314256e-07, 6.38588488755e-08, 1.12684848119e-08, 1.18338787658e-08, 3.07872696226e-08, 1.56529544881e-08, 6.3144369733e-09, 9.46057099327e-09, 6.11341910428e-09, 1.8684453984e-09, 1.13575238103e-09, 3.21187210162e-09, 1.5732751768e-09, 1.13052989192e-09, 5.87829840359e-10, 1.30120567099e-10, 1.06456683746e-10, 2.59598783442e-11, 2.53798197736e-11, 3.19441036123e-11, 1.05349014234e-10, 2.00171088038e-10, 1.11861880869e-10, 8.76164488184e-11, 7.53289930433e-11, 1.51833781659e-10, 7.82220538342e-11, 3.84016117516e-11, 3.49086211326e-11, 9.75552277849e-12, 7.71159698598e-12], "max": [0.0588906630874, 0.0953919515014, 0.032595384866, 0.0142198726535, 0.0165629982948, 0.00665338896215, 0.00869944505394, 0.00483511667699, 0.00782318878919, 0.00796839687973, 0.00503445789218, 0.00196734862402, 0.00180678709876, 0.00444759614766, 0.00194115866907, 0.00134099542629, 0.00201312731951, 0.00274239224382, 0.000928476336412, 0.000377990450943, 0.000868622912094, 0.000561828084756, 0.000255500839557, 0.000234074163018, 9.35437346925e-05, 8.96328056115e-05, 4.90808051836e-05, 4.70137711091e-05, 4.1506751586e-05, 7.23471530364e-05, 6.55541443848e-05, 5.58299143449e-05, 5.62823370274e-05, 4.06903163821e-05, 4.6648307034e-05, 4.08375999541e-05, 2.39499568124e-05, 2.44751645369e-05, 1.2337643966e-05, 1.25250562633e-05], "mean": [0.00361986272037, 0.00524511886761, 0.00174230732955, 0.00112001609523, 0.000843482033815, 0.00047199142864, 0.000388894230127, 8.20750647108e-05, 0.000267168448772, 0.000176103261765, 0.000204272742849, 0.000113379130198, 5.65301452298e-05, 7.80076661613e-05, 0.000100173339888, 3.4427655919e-05, 4.06644285249e-05, 3.59053374268e-05, 1.59762912517e-05, 1.04097580333e-05, 1.09341135612e-05, 1.13752385005e-05, 7.52279856897e-06, 6.06565618e-06, 2.70426085081e-06, 2.90210732601e-06, 1.34101355798e-06, 1.07822700102e-06, 1.4283522205e-06, 2.20699416786e-06, 2.46809622695e-06, 1.94060521608e-06, 1.92190577764e-06, 1.89462446087e-06, 2.30187174566e-06, 1.58638101766e-06, 1.15162777092e-06, 1.08950791855e-06, 6.60980049361e-07, 5.34976663857e-07], "median": [0.00110557803418, 0.00178449531086, 0.000913943396881, 0.000685310107656, 0.000541563320439, 0.000236981650232, 7.66196171753e-05, 3.52252318407e-05, 0.000105664046714, 7.21804753994e-05, 4.55657209386e-05, 2.35472271015e-05, 1.57828308147e-05, 1.89464626601e-05, 1.31078149934e-05, 3.54398343916e-06, 6.09567905485e-06, 4.44061060989e-06, 2.1437565465e-06, 2.11278279494e-06, 1.57842498538e-06, 1.52882410021e-06, 8.81349762949e-07, 6.76931165344e-07, 2.63799734057e-07, 2.77041181107e-07, 1.71965780282e-07, 1.01867023261e-07, 8.55999076066e-08, 9.45544798014e-08, 7.24516979744e-08, 4.33658122745e-08, 4.10012077623e-08, 3.1003860812e-08, 2.79062994935e-08, 2.17961630966e-08, 1.95045650742e-08, 2.63364494657e-08, 2.16248885465e-08, 1.61963278345e-08], "min": [2.03616927214e-23, 1.59235454915e-23, 5.94887266147e-24, 1.42665524292e-24, 8.69304680487e-24, 3.43976210733e-24, 1.05139302562e-23, 1.07935435818e-23, 9.0930016504e-24, 1.56746109665e-23, 9.52609338711e-24, 7.75581536287e-24, 3.76610439749e-24, 8.69664164401e-24, 1.02289053448e-23, 7.34820146681e-24, 1.11881988597e-23, 2.12249069224e-23, 1.15310598972e-23, 7.00352052719e-24, 6.12585123898e-24, 7.11957458812e-24, 8.52245168981e-24, 6.23644559359e-24, 8.45803804145e-24, 5.43121109142e-24, 4.41290446989e-24, 7.99695357552e-24, 1.05982634312e-23, 1.48207810548e-23, 1.19283641701e-23, 1.22370596418e-23, 1.4234584827e-23, 1.05088034492e-23, 1.32652798784e-23, 9.63284835569e-24, 1.07156167461e-23, 8.31597208103e-24, 9.03317443934e-24, 1.05798900719e-23], "var": [5.91318676015e-05, 0.000129724707222, 7.87373846833e-06, 1.89597471945e-06, 1.22625590393e-06, 4.50560435183e-07, 5.16727823197e-07, 2.41040059024e-08, 2.03710030178e-07, 1.35548347657e-07, 2.01466576755e-07, 4.62997746808e-08, 1.30623822869e-08, 3.71257691256e-08, 5.01758599114e-08, 9.1194776175e-09, 1.35470594742e-08, 1.25422277009e-08, 1.94856930591e-09, 5.33143085235e-10, 1.67353397806e-09, 1.06287156854e-09, 5.4718080067e-10, 2.98018304479e-10, 6.79908213064e-11, 5.52626867878e-11, 1.11528546815e-11, 9.74255745523e-12, 1.7223786633e-11, 3.80910337994e-11, 5.40582509312e-11, 3.51724240011e-11, 3.30994780195e-11, 2.72623833231e-11, 4.32393600092e-11, 2.19761726178e-11, 1.06784407705e-11, 1.00162629926e-11, 3.17585823091e-12, 2.30308805881e-12]}, "mfcc": {"mean": [-721.338256836, 179.703796387, 27.3874988556, 8.8218832016, 8.58888053894, 7.9858455658, 1.18105828762, 5.9085559845, 0.619445443153, -4.3734331131, -4.55451774597, -3.20527482033, -7.03826999664], "cov": [[12215.7216797, -3215.78735352, -1513.97644043, 624.850830078, 481.830169678, 643.834472656, -117.861885071, 275.711883545, -125.614013672, 247.822525024, 303.982116699, 324.703643799, 107.594619751], [-3215.78735352, 3200.08251953, -268.900268555, -622.810058594, -67.4080429077, -312.821868896, -37.680305481, -283.18157959, -44.3759269714, -127.903404236, -136.807250977, -128.607788086, -12.3170042038], [-1513.97644043, -268.900268555, 1386.00927734, 137.461486816, -249.54447937, -19.9076766968, 72.8614730835, 48.4743652344, 92.5288467407, -18.7719020844, -64.3128967285, -23.2109184265, -4.12680530548], [624.850830078, -622.810058594, 137.461486816, 634.409667969, 199.651000977, 108.17880249, 112.169692993, 195.041641235, 110.656425476, 121.535873413, 79.3760299683, 94.8346252441, 54.5516014099], [481.830169678, -67.4080429077, -249.54447937, 199.651000977, 385.817779541, 162.931365967, 120.471832275, 97.942779541, 99.1134262085, 91.0529327393, 100.69203186, 89.31199646, 47.9691162109], [643.834472656, -312.821868896, -19.9076766968, 108.17880249, 162.931365967, 283.652709961, 108.428741455, 96.9296035767, 66.337928772, 95.022567749, 69.8572387695, 70.8815231323, 40.5766677856], [-117.861885071, -37.680305481, 72.8614730835, 112.169692993, 120.471832275, 108.428741455, 176.765441895, 64.3333816528, 78.9759063721, 61.3764801025, 56.1574897766, 54.7715530396, 26.9330635071], [275.711883545, -283.18157959, 48.4743652344, 195.041641235, 97.942779541, 96.9296035767, 64.3333816528, 194.81199646, 67.3726882935, 62.1529693604, 41.9291915894, 45.964466095, 27.9122371674], [-125.614013672, -44.3759269714, 92.5288467407, 110.656425476, 99.1134262085, 66.337928772, 78.9759063721, 67.3726882935, 156.426589966, 58.2817306519, 33.9160919189, 37.0594558716, 23.8029193878], [247.822525024, -127.903404236, -18.7719020844, 121.535873413, 91.0529327393, 95.022567749, 61.3764801025, 62.1529693604, 58.2817306519, 123.917930603, 56.3133964539, 46.5353889465, 23.7119750977], [303.982116699, -136.807250977, -64.3128967285, 79.3760299683, 100.69203186, 69.8572387695, 56.1574897766, 41.9291915894, 33.9160919189, 56.3133964539, 113.905685425, 62.1121292114, 24.8798789978], [324.703643799, -128.607788086, -23.2109184265, 94.8346252441, 89.31199646, 70.8815231323, 54.7715530396, 45.964466095, 37.0594558716, 46.5353889465, 62.1121292114, 112.999542236, 44.5278358459], [107.594619751, -12.3170042038, -4.12680530548, 54.5516014099, 47.9691162109, 40.5766677856, 26.9330635071, 27.9122371674, 23.8029193878, 23.7119750977, 24.8798789978, 44.5278358459, 85.6137237549]], "icov": [[0.000172743428266, 0.000146599879372, 0.000194843581994, -7.37248337828e-05, 2.98338163702e-05, -0.000287677976303, 0.000285414833343, 5.57000712433e-05, 0.0001242524595, -1.31083306769e-05, -2.78119241557e-05, -0.000242003719904, -2.49199310929e-05], [0.000146599879372, 0.000634744414128, 0.000200427675736, 0.000463184114778, -0.000362398248399, 0.000458439200884, -0.000250078970566, 0.000309231807478, -4.71760322398e-05, -0.000279459170997, 0.000458753056591, 8.30603403301e-06, -0.000461883930257], [0.000194843581994, 0.000200427675736, 0.00136534112971, -0.000507370394189, 0.00138725433499, -0.000523129419889, -0.000528191099875, 4.98368826811e-05, -0.00083151308354, 0.000482433562865, 0.00033840033575, -0.000237001950154, -8.38656706037e-05], [-7.37248337828e-05, 0.000463184114778, -0.000507370394189, 0.00346450437792, -0.00159347802401, 0.00173180375714, -0.000609297887422, -0.00179068197031, 1.77490237547e-05, -0.00181235256605, 0.000620471604634, -0.000400555902161, -0.000700132339261], [2.98338163702e-05, -0.000362398248399, 0.00138725433499, -0.00159347802401, 0.00650982465595, -0.00219492800534, -0.00128549279179, -0.000118870957522, -0.00207998068072, 0.00101577432361, -0.00186103826854, -0.000697557756212, 2.91701908282e-05], [-0.000287677976303, 0.000458439200884, -0.000523129419889, 0.00173180375714, -0.00219492800534, 0.00784307625145, -0.00279590440914, -0.00144250167068, 0.000344521686202, -0.00321155134588, 0.000684215687215, -0.000165748875588, -0.00115769880358], [0.000285414833343, -0.000250078970566, -0.000528191099875, -0.000609297887422, -0.00128549279179, -0.00279590440914, 0.0109901484102, -0.000186078221304, -0.00170504674315, -0.000375603151042, -0.00199442938901, -0.00161544699222, 0.000614643853623], [5.57000712433e-05, 0.000309231807478, 4.98368826811e-05, -0.00179068197031, -0.000118870957522, -0.00144250167068, -0.000186078221304, 0.00880397949368, -0.00142644543666, -0.00043627890409, 8.23355294415e-05, -9.58686996455e-06, -0.000445139477961], [0.0001242524595, -4.71760322398e-05, -0.00083151308354, 1.77490237547e-05, -0.00207998068072, 0.000344521686202, -0.00170504674315, -0.00142644543666, 0.01061320398, -0.00266148569062, 0.000514274928719, -0.000255478225881, -0.00044096147758], [-1.31083306769e-05, -0.000279459170997, 0.000482433562865, -0.00181235256605, 0.00101577432361, -0.00321155134588, -0.000375603151042, -0.00043627890409, -0.00266148569062, 0.0148162255064, -0.0037377786357, -0.000375934963813, 0.000285842572339], [-2.78119241557e-05, 0.000458753056591, 0.00033840033575, 0.000620471604634, -0.00186103826854, 0.000684215687215, -0.00199442938901, 8.23355294415e-05, 0.000514274928719, -0.0037377786357, 0.0158933531493, -0.00525930756703, 4.98576046084e-05], [-0.000242003719904, 8.30603403301e-06, -0.000237001950154, -0.000400555902161, -0.000697557756212, -0.000165748875588, -0.00161544699222, -9.58686996455e-06, -0.000255478225881, -0.000375934963813, -0.00525930756703, 0.0165265705436, -0.00536210089922], [-2.49199310929e-05, -0.000461883930257, -8.38656706037e-05, -0.000700132339261, 2.91701908282e-05, -0.00115769880358, 0.000614643853623, -0.000445139477961, -0.00044096147758, 0.000285842572339, 4.98576046084e-05, -0.00536210089922, 0.0153892021626]]}, "spectral_contrast_coeffs": {"dmean": [0.044061947614, 0.0446873866022, 0.036782708019, 0.034280911088, 0.0262199174613, 0.0242559313774], "dmean2": [0.0735063105822, 0.0735376030207, 0.0565459579229, 0.0507893711329, 0.0390984788537, 0.0367912724614], "dvar": [0.00163852947298, 0.0017669518711, 0.00130724825431, 0.00111811398529, 0.000660446647089, 0.000551770441234], "dvar2": [0.00444647716358, 0.0044268281199, 0.00286948354915, 0.00223402725533, 0.00127753778361, 0.00132620811928], "max": [-0.222584411502, -0.354742467403, -0.42957419157, -0.476713061333, -0.552492320538, -0.66001033783], "mean": [-0.600695371628, -0.655956625938, -0.694776654243, -0.736713349819, -0.795981228352, -0.803360641003], "median": [-0.630570888519, -0.659028530121, -0.698969781399, -0.744311451912, -0.803454577923, -0.803866147995], "min": [-0.951610565186, -0.962190568447, -0.974995136261, -0.958879113197, -0.960857510567, -0.964915692806], "var": [0.0129122380167, 0.00765431579202, 0.00758800609037, 0.00748778227717, 0.00382707035169, 0.00240146461874]}, "spectral_contrast_valleys": {"dmean": [0.332198500633, 0.36560189724, 0.395304352045, 0.493187755346, 0.599856615067, 0.738395869732], "dmean2": [0.535871684551, 0.567788660526, 0.585593640804, 0.673434138298, 0.780785501003, 0.878121852875], "dvar": [0.122082740068, 0.173652052879, 0.193236559629, 0.298595964909, 0.418659031391, 0.580989778042], "dvar2": [0.253904938698, 0.358407437801, 0.364892274141, 0.53772097826, 0.733865559101, 0.966912746429], "max": [-4.97046661377, -4.2034368515, -5.110