{"lowlevel": {"average_loudness": 0.902182459831, "barkbands_crest": {"dmean": 2.825694561, "dmean2": 4.49707603455, "dvar": 8.91961097717, "dvar2": 18.014251709, "max": 25.4660606384, "mean": 11.7080078125, "median": 9.73612213135, "min": 2.74361610413, "var": 35.4700508118}, "barkbands_flatness_db": {"dmean": 0.0281980186701, "dmean2": 0.0398888625205, "dvar": 0.000852819473948, "dvar2": 0.00140427122824, "max": 0.42456355691, "mean": 0.14349783957, "median": 0.132409676909, "min": 0.0282740816474, "var": 0.00478286435828}, "barkbands_kurtosis": {"dmean": 7.03517103195, "dmean2": 10.3720703125, "dvar": 270.715087891, "dvar2": 611.373535156, "max": 283.735931396, "mean": 10.2725458145, "median": 3.06180882454, "min": -1.92494308949, "var": 490.467590332}, "barkbands_skewness": {"dmean": 0.866531670094, "dmean2": 1.2377269268, "dvar": 0.984324872494, "dvar2": 1.93720602989, "max": 14.4620008469, "mean": 2.18659305573, "median": 1.79455757141, "min": -5.89264774323, "var": 4.05111217499}, "barkbands_spread": {"dmean": 10.0580005646, "dmean2": 15.1845035553, "dvar": 193.240631104, "dvar2": 381.829956055, "max": 108.565704346, "mean": 27.7534751892, "median": 22.1434993744, "min": 0.659745752811, "var": 456.694763184}, "dissonance": {"dmean": 0.0200485493988, "dmean2": 0.0325752571225, "dvar": 0.000334122305503, "dvar2": 0.00084934849292, "max": 0.500000059605, "mean": 0.461161345243, "median": 0.467656910419, "min": 0.155883431435, "var": 0.000796175969299}, "dynamic_complexity": 3.3479988575, "erbbands_crest": {"dmean": 3.15908885002, "dmean2": 5.1438832283, "dvar": 9.51829242706, "dvar2": 23.236114502, "max": 30.5566101074, "mean": 9.33126449585, "median": 8.22409057617, "min": 2.45092439651, "var": 20.0227031708}, "erbbands_flatness_db": {"dmean": 0.0215433686972, "dmean2": 0.0322011224926, "dvar": 0.000504681724124, "dvar2": 0.00107848050538, "max": 0.356780707836, "mean": 0.137803658843, "median": 0.12411377579, "min": 0.039841350168, "var": 0.00335928774439}, "erbbands_kurtosis": {"dmean": 1.36354196072, "dmean2": 2.22107553482, "dvar": 3.62988781929, "dvar2": 9.11909103394, "max": 34.6861801147, "mean": 0.496585041285, "median": -0.326834559441, "min": -1.84904539585, "var": 5.55735015869}, "erbbands_skewness": {"dmean": 0.576151907444, "dmean2": 0.866171956062, "dvar": 0.349602490664, "dvar2": 0.71523463726, "max": 3.55410051346, "mean": 0.385379374027, "median": 0.46704274416, "min": -4.49650096893, "var": 1.08532643318}, "erbbands_spread": {"dmean": 12.4367370605, "dmean2": 19.8253002167, "dvar": 157.754821777, "dvar2": 394.629943848, "max": 141.750167847, "mean": 50.7506065369, "median": 50.0797042847, "min": 4.12130975723, "var": 440.013641357}, "hfc": {"dmean": 30.1307029724, "dmean2": 50.7437820435, "dvar": 7217.45166016, "dvar2": 19318.0019531, "max": 623.110290527, "mean": 34.4931945801, "median": 14.8132019043, "min": 1.2126473074e-16, "var": 5369.34472656}, "melbands_crest": {"dmean": 3.71530222893, "dmean2": 5.55424594879, "dvar": 11.8661842346, "dvar2": 25.0722179413, "max": 36.5952911377, "mean": 16.9025363922, "median": 14.2060565948, "min": 2.79062867165, "var": 73.0584716797}, "melbands_flatness_db": {"dmean": 0.0356640703976, "dmean2": 0.0496664606035, "dvar": 0.0013432581909, "dvar2": 0.00221609929577, "max": 0.559162795544, "mean": 0.210238128901, "median": 0.193213790655, "min": 0.00697929272428, "var": 0.00754427770153}, "melbands_kurtosis": {"dmean": 15.6711368561, "dmean2": 23.3494529724, "dvar": 1095.73339844, "dvar2": 2521.81835938, "max": 790.69152832, "mean": 27.8952503204, "median": 13.8014936447, "min": -1.92576920986, "var": 2019.9375}, "melbands_skewness": {"dmean": 1.07568514347, "dmean2": 1.57908117771, "dvar": 1.39094054699, "dvar2": 2.96267199516, "max": 21.1619911194, "mean": 3.66639518738, "median": 3.09657526016, "min": -4.13824224472, "var": 5.80352115631}, "melbands_spread": {"dmean": 12.1509876251, "dmean2": 18.9516353607, "dvar": 391.440856934, "dvar2": 909.93939209, "max": 238.253997803, "mean": 25.7085018158, "median": 17.274641037, "min": 0.460469901562, "var": 753.152282715}, "pitch_salience": {"dmean": 0.0913075730205, "dmean2": 0.142906412482, "dvar": 0.00838309153914, "dvar2": 0.017779506743, "max": 0.976396381855, "mean": 0.508290231228, "median": 0.544193863869, "min": 0.0495044365525, "var": 0.0314840450883}, "silence_rate_20dB": {"dmean": 0, "dmean2": 0, "dvar": 0, "dvar2": 0, "max": 1, "mean": 1, "median": 1, "min": 1, "var": 0}, "silence_rate_30dB": {"dmean": 0.0785574018955, "dmean2": 0.157142862678, "dvar": 0.0723824799061, "dvar2": 0.155669212341, "max": 1, "mean": 0.916993916035, "median": 1, "min": 0, "var": 0.0761203914881}, "silence_rate_60dB": {"dmean": 0.0314229615033, "dmean2": 0.0628571435809, "dvar": 0.0304354075342, "dvar2": 0.0696175098419, "max": 1, "mean": 0.0901463776827, "median": 0, "min": 0, "var": 0.0820204168558}, "spectral_centroid": {"dmean": 434.833099365, "dmean2": 666.021850586, "dvar": 271053.40625, "dvar2": 519512.78125, "max": 11260.6630859, "mean": 1609.76171875, "median": 1451.92663574, "min": 278.645782471, "var": 732229.25}, "spectral_complexity": {"dmean": 5.71540784836, "dmean2": 8.85999965668, "dvar": 53.108379364, "dvar2": 115.697097778, "max": 57, "mean": 15.0871114731, "median": 13, "min": 0, "var": 96.9550018311}, "spectral_decrease": {"dmean": 4.01079125467e-09, "dmean2": 5.85015857979e-09, "dvar": 3.62965496212e-17, "dvar2": 6.96575675974e-17, "max": 6.12107601239e-29, "mean": -8.69951488625e-09, "median": -4.1135672646e-09, "min": -5.213347265e-08, "var": 1.07716048319e-16}, "spectral_energy": {"dmean": 0.0175525266677, "dmean2": 0.0261103268713, "dvar": 0.000627940578852, "dvar2": 0.00129563105293, "max": 0.199217706919, "mean": 0.0359626486897, "median": 0.0182076059282, "min": 1.07680457671e-20, "var": 0.00165192701388}, "spectral_energyband_high": {"dmean": 0.00288600381464, "dmean2": 0.0049612717703, "dvar": 8.45086833579e-05, "dvar2": 0.000226872391067, "max": 0.0665226951241, "mean": 0.00271158316173, "median": 0.000661865924485, "min": 7.68674143983e-21, "var": 6.06659377809e-05}, "spectral_energyband_low": {"dmean": 0.0109193371609, "dmean2": 0.0144871426746, "dvar": 0.000366003048839, "dvar2": 0.000622460793238, "max": 0.184480801225, "mean": 0.0208350904286, "median": 0.0029592148494, "min": 6.80904785471e-23, "var": 0.00128556229174}, "spectral_energyband_middle_high": {"dmean": 0.0019655211363, "dmean2": 0.0031902869232, "dvar": 1.17582030725e-05, "dvar2": 3.02445496345e-05, "max": 0.0893866345286, "mean": 0.00316393864341, "median": 0.00183323584497, "min": 1.84158374207e-21, "var": 2.21010977839e-05}, "spectral_energyband_middle_low": {"dmean": 0.00643425900489, "dmean2": 0.0109762214124, "dvar": 0.000242260561208, "dvar2": 0.000675031857099, "max": 0.146255791187, "mean": 0.00983586907387, "median": 0.00614084862173, "min": 1.80029847309e-22, "var": 0.000189140962902}, "spectral_entropy": {"dmean": 0.225723639131, "dmean2": 0.326741427183, "dvar": 0.0593583248556, "dvar2": 0.113630175591, "max": 9.79373836517, "mean": 7.68026208878, "median": 7.72917747498, "min": 5.90700912476, "var": 0.228839308023}, "spectral_flux": {"dmean": 0.0395987033844, "dmean2": 0.062416959554, "dvar": 0.00242446153425, "dvar2": 0.0045044561848, "max": 0.38472032547, "mean": 0.0927276089787, "median": 0.0725823044777, "min": 1.03769194626e-10, "var": 0.00466968165711}, "spectral_kurtosis": {"dmean": 1.19072210789, "dmean2": 1.89983463287, "dvar": 2.56326532364, "dvar2": 6.80755281448, "max": 32.1086845398, "mean": 3.55167555809, "median": 3.1119055748, "min": -1.28619921207, "var": 6.01898860931}, "spectral_rms": {"dmean": 0.00127245706972, "dmean2": 0.00185681390576, "dvar": 2.33325476984e-06, "dvar2": 4.80730523122e-06, "max": 0.0139412600547, "mean": 0.00506432075053, "median": 0.004214678891, "min": 3.24120504741e-12, "var": 9.43819486565e-06}, "spectral_rolloff": {"dmean": 1194.42089844, "dmean2": 1930.61181641, "dvar": 4824958, "dvar2": 10371664, "max": 19035.3515625, "mean": 2210.97363281, "median": 968.994140625, "min": 64.599609375, "var": 7982263}, "spectral_skewness": {"dmean": 0.21109418571, "dmean2": 0.320280760527, "dvar": 0.0533541701734, "dvar2": 0.123728387058, "max": 3.44795632362, "mean": 1.40591335297, "median": 1.3980255127, "min": -0.278471112251, "var": 0.161532729864}, "spectral_spread": {"dmean": 897765.25, "dmean2": 1370774.5, "dvar": 1432189927420.0, "dvar2": 2648619352060.0, "max": 40663952, "mean": 6179773, "median": 6302737.5, "min": 1423603.125, "var": 4917943599100.0}, "spectral_strongpeak": {"dmean": 0.443159878254, "dmean2": 0.740924060345, "dvar": 0.716999828815, "dvar2": 1.8581444025, "max": 12.0644378662, "mean": 0.768346309662, "median": 0.508716106415, "min": 0, "var": 1.02490639687}, "zerocrossingrate": {"dmean": 0.0211464744061, "dmean2": 0.024262258783, "dvar": 0.000764985335991, "dvar2": 0.000945580017287, "max": 0.498046875, "mean": 0.0874545574188, "median": 0.076171875, "min": 0.001953125, "var": 0.00409178156406}, "barkbands": {"dmean": [0.00128697382752, 0.00897022802383, 0.00158138317056, 0.00136018870398, 0.00277506490238, 0.00138126942329, 0.000857102393638, 0.00110151525587, 0.000324610766256, 0.000451069907285, 0.000327992398525, 0.000286120717647, 0.000155775982421, 0.000215632244362, 0.000201237664442, 0.000116274190077, 0.00021229631966, 0.000367130007362, 0.000219073466724, 0.000337487261277, 0.000504493829794, 0.000434845482232, 0.00047150280443, 0.000393535330659, 0.000291303178528, 0.00066856254125, 0.000112378169433], "dmean2": [0.00177951401565, 0.0122384680435, 0.0026958421804, 0.00250386400148, 0.00498843891546, 0.00234183017164, 0.00142788700759, 0.00171417545062, 0.000536747509614, 0.000746498524677, 0.000576448510401, 0.000447608530521, 0.000255728373304, 0.00036414861097, 0.000341612729244, 0.000195654953131, 0.000353082490619, 0.000601255276706, 0.000347057008184, 0.000559829117265, 0.000901371822692, 0.000746947538573, 0.000821674533654, 0.000674490991514, 0.000488462450448, 0.00117402221076, 0.000189802711247], "dvar": [1.08720550998e-05, 0.000284533016384, 1.6840720491e-05, 2.17298311327e-05, 6.98448493495e-05, 5.41610461369e-06, 2.30320165429e-06, 5.57384055355e-06, 7.73058616232e-07, 1.45729188716e-06, 3.63153412763e-06, 7.55818575726e-07, 3.11075638137e-07, 3.97032039245e-07, 3.16426792324e-07, 5.44559384252e-08, 1.67684149233e-07, 4.98939243698e-07, 1.38366317515e-07, 4.21587742494e-07, 2.88357227873e-06, 1.85919907381e-06, 2.32130923905e-06, 1.68342648976e-06, 6.51628965898e-07, 5.49311016584e-06, 1.20506541634e-07], "dvar2": [1.83320516953e-05, 0.000528734177351, 4.36990776507e-05, 6.24091335339e-05, 0.000200480790227, 1.43244042192e-05, 6.02740010436e-06, 1.18398575069e-05, 2.00432123165e-06, 3.70018187823e-06, 1.08242657006e-05, 1.66560187154e-06, 6.77800585436e-07, 1.09771804091e-06, 8.64299863679e-07, 1.43035663314e-07, 4.11814369272e-07, 1.30347950744e-06, 3.14388557854e-07, 1.08735298454e-06, 8.0240670286e-06, 4.94206506119e-06, 6.29689156995e-06, 4.50766128779e-06, 1.70018495282e-06, 1.49321658682e-05, 3.19380120573e-07], "max": [0.0269047394395, 0.165820017457, 0.0395854413509, 0.0508511960506, 0.0929941385984, 0.0250134598464, 0.020542409271, 0.0419744923711, 0.0225025061518, 0.0342755578458, 0.0699514597654, 0.0262145455927, 0.0143698509783, 0.0142308715731, 0.0116541003808, 0.00489661237225, 0.00787636637688, 0.0112046934664, 0.00777863524854, 0.0101037276909, 0.0144152576104, 0.010318890214, 0.0117261866108, 0.0109947714955, 0.00841022282839, 0.0171841066331, 0.00269037298858], "mean": [0.00169517379254, 0.017254460603, 0.00145239522681, 0.00102842925116, 0.00272855046205, 0.00206428673118, 0.00159570295364, 0.00175974681042, 0.000373348244466, 0.000576478370931, 0.000359505007509, 0.000348461500835, 0.000164899145602, 0.000231816855376, 0.000216777960304, 0.000128225961816, 0.000240868670517, 0.000493956496939, 0.000303532928228, 0.000408543855883, 0.000402942765504, 0.000390188768506, 0.000419283809606, 0.000361358543159, 0.000341624428984, 0.000524269649759, 9.77485105977e-05], "median": [7.31754698791e-05, 0.00163259450346, 0.000214411789784, 0.000108484557131, 0.00107162888162, 0.00128261873033, 0.00107655290049, 0.000497118686326, 0.000136350718094, 0.000165826932061, 8.31626311992e-05, 5.71277087147e-05, 3.42900166288e-05, 6.19441998424e-05, 5.63550565857e-05, 4.51327068731e-05, 8.52745652082e-05, 0.000184524120414, 0.000118970594485, 0.000148837789311, 7.96355889179e-05, 6.84986662236e-05, 7.03888363205e-05, 4.94224077556e-05, 5.96642858e-05, 5.52831261302e-05, 1.02584344859e-05], "min": [4.01419326357e-24, 4.17592355421e-23, 1.50173478375e-23, 1.53435623322e-23, 3.99193657865e-23, 2.25139734836e-23, 2.56176015648e-23, 2.94945089706e-23, 3.12889750479e-23, 5.79176564795e-23, 6.00468109953e-23, 3.44754530879e-22, 8.40928880409e-23, 9.52980134891e-23, 1.30295625601e-22, 1.33455789765e-22, 1.85988700638e-22, 2.44858966614e-22, 2.87365316543e-22, 3.53304975298e-22, 5.62391535863e-22, 4.0124797788e-22, 5.24265194116e-22, 9.55582429245e-22, 1.06670029088e-21, 1.3879165755e-21, 2.9040138342e-21], "var": [1.95156535483e-05, 0.000986766885035, 1.35084283102e-05, 1.28114061226e-05, 4.43313037977e-05, 6.39262862023e-06, 3.22036316902e-06, 1.18479301818e-05, 7.81326377819e-07, 1.77452193384e-06, 3.86223018722e-06, 1.22780386391e-06, 4.31879982443e-07, 3.60623545248e-07, 2.91285772391e-07, 5.98515441652e-08, 2.10373755749e-07, 7.1403644597e-07, 2.23246203745e-07, 4.53739659179e-07, 1.80004019512e-06, 1.38000950756e-06, 1.63268691722e-06, 1.30212833938e-06, 7.15645398941e-07, 3.65331538887e-06, 9.05640433757e-08]}, "erbbands": {"dmean": [0.447702378035, 1.3784185648, 1.91248965263, 3.20000553131, 7.2220864296, 9.13077735901, 12.6315670013, 10.1278743744, 9.79752254486, 19.1913852692, 22.3463592529, 7.9559803009, 14.6494979858, 10.2484521866, 14.7357521057, 11.4293174744, 7.12071275711, 9.97554111481, 9.6605796814, 9.11961364746, 6.28600549698, 13.5265254974, 21.5576210022, 11.3438587189, 13.1992959976, 16.8284568787, 18.390039444, 21.8056507111, 14.1211767197, 11.0803003311, 14.9243736267, 9.2052192688, 6.62980651855, 3.43043541908, 2.25997567177, 2.76324391365, 1.17127406597, 0.279936999083, 0.0170105565339, 0.000485013966681], "dmean2": [0.554297745228, 2.09897875786, 3.16150379181, 5.7481045723, 13.3136539459, 16.3200912476, 21.666179657, 17.183763504, 16.5621585846, 31.7238445282, 32.9669189453, 12.8263435364, 23.9960079193, 17.0803527832, 25.8439540863, 17.8473892212, 11.617058754, 16.6186676025, 16.5745124817, 15.3665723801, 10.4792146683, 22.2189807892, 35.1862030029, 18.5512771606, 21.2688980103, 27.672990799, 32.944858551, 38.6906013489, 24.2950744629, 18.5872383118, 26.1855049133, 15.8477888107, 11.4065446854, 5.77632761002, 3.75270652771, 4.83952569962, 2.05564236641, 0.487303078175, 0.0286548770964, 0.000778780842666], "dvar": [0.818528413773, 8.54792118073, 21.8489742279, 94.2495880127, 660.84387207, 767.816345215, 502.566192627, 353.751861572, 223.794708252, 2015.80358887, 3104.61303711, 445.67086792, 1432.91760254, 688.23614502, 8994.57226562, 968.122924805, 576.937805176, 985.254760742, 556.79498291, 553.317871094, 150.155044556, 698.588256836, 1941.18371582, 430.024719238, 625.106384277, 1035.63842773, 3440.77661133, 5350.22949219, 1900.49707031, 974.901245117, 2485.18066406, 924.397277832, 487.216125488, 90.9540557861, 40.2820358276, 88.2786712646, 16.9745674133, 0.92731076479, 0.00264598475769, 1.49266020344e-06], "dvar2": [1.1760174036, 20.1185665131, 53.4154167175, 262.5105896, 1902.2557373, 2203.34423828, 1335.19384766, 964.593200684, 626.341552734, 5280.05273438, 5598.50390625, 1167.35388184, 3382.36816406, 1717.78637695, 27842.7460938, 2064.23828125, 1214.47998047, 2739.26708984, 1524.53051758, 1497.67150879, 387.111755371, 1674.75549316, 5132.03564453, 1061.79174805, 1537.28625488, 2610.41821289, 9694.70605469, 14698.1240234, 5090.52099609, 2526.60839844, 6812.14990234, 2457.59399414, 1313.4744873, 238.198654175, 104.619308472, 238.050872803, 46.3189735413, 2.51035571098, 0.00702130747959, 3.82218377126e-06], "max": [9.08580303192, 37.1667137146, 42.2873573303, 88.6824874878, 270.011779785, 315.731414795, 245.098892212, 232.842575073, 200.829162598, 583.752441406, 1149.92749023, 577.370666504, 1043.55053711, 575.449279785, 3471.94824219, 865.526672363, 562.839782715, 837.021057129, 594.483459473, 487.186553955, 267.700195312, 552.983276367, 742.107788086, 395.828155518, 447.973571777, 376.723114014, 469.088378906, 601.022949219, 340.330169678, 246.284957886, 406.921508789, 225.981170654, 201.073303223, 103.662002563, 74.4469451904, 68.4626846313, 30.077129364, 7.32190895081, 0.395875990391, 0.015585062094], "mean": [0.838411509991, 2.47601604462, 2.00067687035, 2.66460418701, 5.59322071075, 9.11259365082, 16.7454509735, 15.9957132339, 19.0229511261, 30.5420246124, 35.214931488, 10.5556774139, 18.3429164886, 12.7961397171, 16.8038291931, 14.8861265182, 8.1931219101, 11.4326915741, 10.9246616364, 10.3154420853, 7.72249746323, 16.3841781616, 29.2816295624, 14.9756269455, 17.0524597168, 20.7788047791, 15.2161808014, 17.627784729, 12.7931747437, 11.0043678284, 12.9115619659, 8.19493770599, 6.04921293259, 3.94291615486, 2.54516339302, 2.24904584885, 0.907357215881, 0.214511886239, 0.015338698402, 0.000551461591385], "median": [0.0524404346943, 0.31452023983, 0.468413114548, 0.413484334946, 0.77388882637, 3.35810899734, 7.81503152847, 10.4375905991, 13.8665351868, 17.7770042419, 8.37776184082, 3.90005946159, 5.5511174202, 3.51174044609, 3.41010570526, 2.41551923752, 1.98836636543, 3.57753968239, 2.06468105316, 3.8795773983, 3.30676317215, 7.03151655197, 10.7289390564, 6.84716415405, 6.42263221741, 7.38781547546, 3.76900100708, 3.40288114548, 2.30380606651, 2.26474523544, 2.10527133942, 1.14697802067, 0.884653389454, 0.66107404232, 0.4253282547, 0.240330070257, 0.096932977438, 0.0178548209369, 0.00182005774695, 0.000138690302265], "min": [1.28686351879e-21, 9.26975591372e-21, 1.60939103412e-20, 3.88033818082e-20, 5.65772475058e-20, 1.72905653915e-19, 1.35870425596e-19, 2.63306736721e-19, 3.80045289004e-19, 4.1717791784e-19, 7.86572972114e-19, 5.76790766387e-19, 1.31263182095e-18, 2.26066993165e-18, 5.7105079468e-18, 1.16826779368e-17, 5.08606599366e-18, 4.27264635778e-18, 6.70397130122e-18, 6.77237252043e-18, 9.22837515668e-18, 9.1902098704e-18, 1.3425678182e-17, 1.20588010972e-17, 1.9616406247e-17, 1.48550950841e-17, 1.50750506808e-17, 2.54889865863e-17, 1.52476766572e-17, 1.75705602903e-17, 1.37807438055e-17, 2.19718642526e-17, 1.29521396151e-17, 1.02786596153e-17, 8.58598752015e-18, 4.43574776301e-18, 2.6702506867e-18, 1.42924288403e-18, 3.822726279e-19, 4.342128883e-20], "var": [2.98066306114, 18.7101554871, 20.8410243988, 61.1290626526, 383.624633789, 495.965270996, 648.532287598, 372.395294189, 361.793731689, 2047.86560059, 7318.50683594, 482.817871094, 1792.21765137, 892.094543457, 9902.8515625, 2116.35009766, 853.944580078, 891.47833252, 681.983337402, 466.815643311, 170.244842529, 908.749389648, 2808.38867188, 542.680053711, 761.1171875, 1192.26037598, 2133.65673828, 3446.57275391, 1399.63000488, 806.716064453, 1693.50964355, 695.134399414, 366.182434082, 102.887733459, 40.840965271, 60.2018661499, 11.2052726746, 0.625381052494, 0.00204749684781, 1.70084626916e-06]}, "gfcc": {"mean": [-4.27303600311, 48.936126709, -96.4385910034, 19.9177761078, -67.9361190796, -9.04999923706, -38.3201408386, 14.2551345825, -20.0464668274, 11.9133863449, -7.38290500641, 9.6610250473, -9.01811885834], "cov": [[8833.89160156, -1006.25256348, 2063.09936523, 857.622497559, 842.272888184, 1045.0657959, 386.251800537, 190.670288086, 69.9772872925, 133.578903198, -191.248779297, 242.903381348, -277.050445557], [-1006.25256348, 2145.48071289, 39.3001098633, 535.501159668, 576.879821777, 91.4900436401, 323.64855957, 176.660949707, 184.045440674, 33.8686828613, 248.93536377, -90.9907531738, 100.124862671], [2063.09936523, 39.3001098633, 2019.64685059, 746.765869141, 529.952331543, 731.589477539, 282.504821777, 164.819656372, 247.458938599, 167.921859741, 7.65891885757, 150.367935181, -154.272216797], [857.622497559, 535.501159668, 746.765869141, 923.093383789, 515.648498535, 308.851959229, 255.246154785, 220.066970825, 202.937469482, 88.4561538696, 132.652893066, 43.4679222107, -22.5361213684], [842.272888184, 576.879821777, 529.952331543, 515.648498535, 620.194824219, 314.223358154, 297.547698975, 177.900299072, 167.233703613, 90.6179122925, 104.442565918, 43.4286193848, -2.17383503914], [1045.0657959, 91.4900436401, 731.589477539, 308.851959229, 314.223358154, 533.694946289, 240.497146606, 96.4790115356, 148.225204468, 113.762908936, 26.7265815735, 68.1031036377, -63.7182426453], [386.251800537, 323.64855957, 282.504821777, 255.246154785, 297.547698975, 240.497146606, 295.902038574, 139.310897827, 131.343170166, 82.5941772461, 82.7649154663, 38.2987670898, 12.8069791794], [190.670288086, 176.660949707, 164.819656372, 220.066970825, 177.900299072, 96.4790115356, 139.310897827, 221.471481323, 124.772361755, 63.4511680603, 79.5468139648, 45.7099304199, 34.6366691589], [69.9772872925, 184.045440674, 247.458938599, 202.937469482, 167.233703613, 148.225204468, 131.343170166, 124.772361755, 193.929946899, 94.9610366821, 76.3522338867, 49.25340271, 13.1576852798], [133.578903198, 33.8686828613, 167.921859741, 88.4561538696, 90.6179122925, 113.762908936, 82.5941772461, 63.4511680603, 94.9610366821, 122.310791016, 69.8410186768, 41.7500457764, 7.86893892288], [-191.248779297, 248.93536377, 7.65891885757, 132.652893066, 104.442565918, 26.7265815735, 82.7649154663, 79.5468139648, 76.3522338867, 69.8410186768, 161.855438232, 39.5646629333, 44.1807670593], [242.903381348, -90.9907531738, 150.367935181, 43.4679222107, 43.4286193848, 68.1031036377, 38.2987670898, 45.7099304199, 49.25340271, 41.7500457764, 39.5646629333, 114.949203491, 9.79147720337], [-277.050445557, 100.124862671, -154.272216797, -22.5361213684, -2.17383503914, -63.7182426453, 12.8069791794, 34.6366691589, 13.1576852798, 7.86893892288, 44.1807670593, 9.79147720337, 110.532447815]], "icov": [[0.000220075482503, 0.000152045089635, -5.40950422874e-05, -8.40931315906e-05, -0.000314188888296, -0.000197380548343, -1.07632868094e-05, -0.000125464182929, 0.00042159226723, -6.49456414976e-05, 0.000248011696385, -0.000205254342291, 0.000115333219583], [0.000152045089635, 0.00106775236782, -2.51783949352e-05, -9.56992662395e-05, -0.000941672129557, 6.54117902741e-05, -0.0004213192733, 0.000273250829196, -0.000368531676941, 0.000989928725176, -0.00115379027557, 0.00116511411034, -0.000327023590216], [-5.40950422874e-05, -2.51783949352e-05, 0.00142513564788, -0.000742693664506, -7.66498051235e-05, -0.00130671390798, 0.00060383498203, 9.19927551877e-05, -0.000280723179458, -0.00050472462317, 0.000822519941721, -0.000962543184869, 0.000697153096553], [-8.40931315906e-05, -9.56992662395e-05, -0.000742693664506, 0.00286542577669, -0.001325301826, 0.000330726383254, 0.000327673013089, -0.000979337492026, -0.000904556247406, 0.00129607995041, -0.00165490014479, 0.0010236435337, 0.000443255237769], [-0.000314188888296, -0.000941672129557, -7.66498051235e-05, -0.001325301826, 0.00553722819313, -0.000382196798455, -0.00239007291384, -0.000268970208708, -5.69295734749e-05, -0.000310139206704, 0.000301794556435, -0.000399093463784, -0.000118334399303], [-0.000197380548343, 6.54117902741e-05, -0.00130671390798, 0.000330726383254, -0.000382196798455, 0.00610568281263, -0.00326500786468, 0.00108457426541, -0.0010224764701, -0.00167675537523, 0.00072793464642, -6.86421553837e-05, 0.00119648512919], [-1.07632868094e-05, -0.0004213192733, 0.00060383498203, 0.000327673013089, -0.00239007291384, -0.00326500786468, 0.00987253058702, -0.00238809292205, -0.000715774833225, -0.000587951217312, -0.000706441700459, 9.26717766561e-05, -0.000659242214169], [-0.000125464182929, 0.000273250829196, 9.19927551877e-05, -0.000979337492026, -0.000268970208708, 0.00108457426541, -0.00238809292205, 0.0093594295904, -0.00388488359749, 0.000471475475933, -0.000827563053463, -0.000800841778982, -0.00183892180212], [0.00042159226723, -0.000368531676941, -0.000280723179458, -0.000904556247406, -5.69295734749e-05, -0.0010224764701, -0.000715774833225, -0.00388488359749, 0.013677559793, -0.00638110423461, 0.00105733354576, -0.00197831518017, 0.000102820718894], [-6.49456414976e-05, 0.000989928725176, -0.00050472462317, 0.00129607995041, -0.000310139206704, -0.00167675537523, -0.000587951217312, 0.000471475475933, -0.00638110423461, 0.0184791330248, -0.00714473379776, 0.000718507682905, -0.000315804762067], [0.000248011696385, -0.00115379027557, 0.000822519941721, -0.00165490014479, 0.000301794556435, 0.00072793464642, -0.000706441700459, -0.000827563053463, 0.00105733354576, -0.00714473379776, 0.0141332475469, -0.00445233564824, -0.00162786035798], [-0.000205254342291, 0.00116511411034, -0.000962543184869, 0.0010236435337, -0.000399093463784, -6.86421553837e-05, 9.26717766561e-05, -0.000800841778982, -0.00197831518017, 0.000718507682905, -0.00445233564824, 0.0136755863205, -0.00175927986857], [0.000115333219583, -0.000327023590216, 0.000697153096553, 0.000443255237769, -0.000118334399303, 0.00119648512919, -0.000659242214169, -0.00183892180212, 0.000102820718894, -0.000315804762067, -0.00162786035798, -0.00175927986857, 0.0128526324406]]}, "melbands": {"dmean": [0.00305554177612, 0.0011975747766, 0.000656337302644, 0.000611046911217, 0.000424311263487, 0.000233128739637, 0.000153441375005, 0.000213862629607, 0.000164261553437, 4.6795084927e-05, 7.41236508475e-05, 4.26493461418e-05, 4.57788410131e-05, 3.71777277905e-05, 2.07769680856e-05, 1.69245522557e-05, 2.00112481252e-05, 1.64612356457e-05, 1.5145155885e-05, 9.84146117844e-06, 6.78703872836e-06, 1.24694461192e-05, 2.38939919655e-05, 1.31165534185e-05, 9.59373028309e-06, 7.10732183506e-06, 1.24899916045e-05, 1.04086511783e-05, 1.40849324453e-05, 7.00795499142e-06, 1.53952860273e-05, 8.05550189398e-06, 8.12410416984e-06, 5.523811069e-06, 8.3057793745e-06, 9.31321392272e-06, 3.97345775127e-06, 4.24321024184e-06, 4.15121394326e-06, 2.71555290965e-06], "dmean2": [0.00402390258387, 0.0018895668909, 0.00117817474529, 0.00111212942284, 0.000730976869818, 0.000395341252442, 0.000256732542766, 0.000353016570443, 0.000240153138293, 7.74720974732e-05, 0.000121705801575, 7.11065295036e-05, 8.02088761702e-05, 5.96943864366e-05, 3.42039602401e-05, 2.79602809314e-05, 3.32847303071e-05, 2.85095557047e-05, 2.59030512098e-05, 1.64885805134e-05, 1.13669502753e-05, 2.07312132261e-05, 3.92682341044e-05, 2.16029657167e-05, 1.58097627718e-05, 1.16255396279e-05, 2.01693019335e-05, 1.72531017597e-05, 2.54878777923e-05, 1.22027095131e-05, 2.74339763564e-05, 1.43184315675e-05, 1.35181235237e-05, 9.42890346778e-06, 1.46506181409e-05, 1.61799889611e-05, 6.76911804476e-06, 7.28259510652e-06, 7.19977606423e-06, 4.55614963357e-06], "dvar": [3.51809503627e-05, 6.55653411741e-06, 4.27789018431e-06, 4.36376649304e-06, 6.52363041809e-07, 1.6999335628e-07, 5.63716149315e-08, 2.28462710083e-07, 1.7791283824e-07, 1.88190654171e-08, 3.78423408165e-08, 1.38857529919e-08, 7.19630364188e-08, 1.79147292556e-08, 3.04866154544e-09, 4.91077267739e-09, 3.76618070064e-09, 1.79765813346e-09, 2.67177013846e-09, 3.48034850939e-10, 1.96498858851e-10, 8.63340510193e-10, 1.92167015634e-09, 6.55854370812e-10, 3.4160274609e-10, 1.47026626984e-10, 7.31187388414e-10, 4.15718959257e-10, 2.18963269738e-09, 3.73104602769e-10, 2.86836532304e-09, 6.37183139585e-10, 5.78086079006e-10, 2.36040381685e-10, 7.64468266468e-10, 9.89133108753e-10, 1.53867696362e-10, 1.89867288558e-10, 1.69412484041e-10, 5.32631612427e-11], "dvar2": [5.74312798562e-05, 1.51447311509e-05, 1.19941933008e-05, 1.2554289242e-05, 1.7770461227e-06, 4.60856256268e-07, 1.5351373861e-07, 6.05738875947e-07, 3.17181644505e-07, 4.97809544697e-08, 8.9719293328e-08, 3.52666198467e-08, 2.19776282506e-07, 4.64085090357e-08, 7.37763583558e-09, 1.14335128032e-08, 1.04582369431e-08, 5.05272712559e-09, 7.33801774899e-09, 9.16398346096e-10, 5.03163122278e-10, 2.02685446204e-09, 4.92629315119e-09, 1.73057324027e-09, 8.64032401182e-10, 3.60302621072e-10, 1.88265181222e-09, 1.04244446408e-09, 6.19044104866e-09, 1.00871289099e-09, 7.9120203722e-09, 1.76951842068e-09, 1.43025913335e-09, 6.33166796771e-10, 2.12328754579e-09, 2.64313704257e-09, 4.03140715255e-10, 5.08524611309e-10, 4.59993987345e-10, 1.37331812589e-10], "max": [0.0577193498611, 0.0290057417005, 0.0214771814644, 0.0241226349026, 0.00777071714401, 0.00498227775097, 0.00313977594487, 0.00600511860102, 0.00859539583325, 0.00388749293052, 0.00546441227198, 0.00280863395892, 0.00986598990858, 0.00418183719739, 0.00131431105547, 0.00195311708376, 0.00151537486818, 0.000848765310366, 0.00121443637181, 0.000360382953659, 0.000274796562735, 0.000676015217323, 0.000593704287894, 0.000440348463599, 0.00036396010546, 0.000175194203621, 0.000568213872612, 0.000249811389949, 0.000372491864255, 0.000206519922358, 0.000437922804849, 0.000186743578524, 0.000230498975725, 0.000121661614685, 0.000251160090556, 0.000226597738219, 0.000103127124021, 0.000126284227008, 0.000112996574899, 7.72787534515e-05], "mean": [0.00586950965226, 0.00173710484523, 0.000548591546249, 0.000517322332598, 0.000564177811611, 0.000369768560631, 0.000303024979075, 0.000343041494489, 0.000253382750088, 5.61808410566e-05, 9.11162860575e-05, 5.03310693603e-05, 5.03179217048e-05, 4.60819392174e-05, 2.42903151957e-05, 1.72538784682e-05, 2.2208358132e-05, 1.76919020305e-05, 1.5316203644e-05, 1.16514393085e-05, 8.09554512671e-06, 1.38584446177e-05, 3.0978317227e-05, 1.77258134499e-05, 1.17180343295e-05, 9.11935876502e-06, 1.53861983563e-05, 1.29112813738e-05, 1.08999720396e-05, 6.67501262797e-06, 1.17225054055e-05, 6.91121704222e-06, 7.77215700509e-06, 5.41484905625e-06, 7.16326121619e-06, 7.71948361944e-06, 3.76544221581e-06, 3.91547109757e-06, 3.88897751691e-06, 3.25279188473e-06], "median": [0.00046467068023, 0.000434419052908, 8.15689272713e-05, 0.000155614252435, 0.000274359888863, 0.000249237928074, 0.000224009098019, 0.000186671226402, 5.68643808947e-05, 2.10190883081e-05, 2.61653622147e-05, 1.16554965643e-05, 1.05140825326e-05, 7.06480295776e-06, 4.78594483866e-06, 3.8445532482e-06, 6.7735131779e-06, 2.78505149254e-06, 4.22837456426e-06, 4.30773525295e-06, 2.88847354568e-06, 4.49688286608e-06, 1.03159582068e-05, 7.68415702623e-06, 4.6045538511e-06, 3.50619484379e-06, 5.13831128046e-06, 4.31027001468e-06, 1.90444029613e-06, 1.58026170993e-06, 1.86858119378e-06, 1.16811634143e-06, 1.17196850624e-06, 1.07623577605e-06, 1.20684535432e-06, 8.69954988048e-07, 5.83724499847e-07, 5.85793827668e-07, 5.6113321989e-07, 5.26006829205e-07], "min": [1.23648046214e-23, 9.78685135933e-24, 6.87567062914e-24, 8.33743856398e-24, 6.16573999065e-24, 5.09065707762e-24, 5.70925379493e-24, 5.39153612105e-24, 6.52150758144e-24, 3.43391388701e-24, 6.66429061642e-24, 8.96618516013e-24, 1.40412807731e-23, 3.61246829306e-23, 2.02764689224e-23, 8.63949340459e-24, 7.28861328061e-24, 1.06687378979e-23, 9.90098454396e-24, 8.52676518124e-24, 1.15273853831e-23, 1.06691362727e-23, 7.9072821787e-24, 1.4214088643e-23, 8.80728806344e-24, 1.23927989283e-23, 1.65474902913e-23, 8.2302315781e-24, 6.60000594682e-24, 1.49278326351e-23, 1.43688899739e-23, 8.71325189923e-24, 6.87432246585e-24, 1.12103398187e-23, 6.9154102861e-24, 9.17357984756e-24, 1.55866987295e-23, 9.38280863659e-24, 7.92613043231e-24, 8.66100090831e-24], "var": [0.00012792943744, 9.43791746977e-06, 2.7171365673e-06, 2.59696616922e-06, 7.29139628675e-07, 1.80585686849e-07, 9.10489887929e-08, 2.49381770345e-07, 4.10202659396e-07, 1.87875119906e-08, 4.66907934538e-08, 1.62948801119e-08, 8.19302314881e-08, 2.74399276634e-08, 4.29342916775e-09, 5.57218671204e-09, 3.37839867193e-09, 1.93263471893e-09, 2.04226746625e-09, 4.03376110292e-10, 2.24076937561e-10, 1.13631470899e-09, 2.70277755732e-09, 8.94897322912e-10, 3.99056093725e-10, 2.12475870232e-10, 7.5889766693e-10, 5.23220744508e-10, 1.34398525642e-09, 2.67588950997e-10, 1.82210424526e-09, 4.29444063643e-10, 5.1432491599e-10, 1.84319282059e-10, 5.05944675044e-10, 7.06963709796e-10, 1.28916752273e-10, 1.44869963248e-10, 1.42908629375e-10, 6.43740477591e-11]}, "mfcc": {"mean": [-660.151977539, 95.0770492554, 12.9352560043, 24.4149265289, -7.66802883148, -15.2691030502, -8.57088470459, -4.23966550827, -6.33607196808, -0.0152303772047, 2.35021615028, 4.57859754562, 4.70951652527], "cov": [[7233.06689453, -760.409667969, 1039.24365234, 378.602386475, 642.46484375, 846.099609375, 422.51852417, 479.872650146, 228.650177002, 99.0354537964, 207.532424927, 23.7941570282, -26.1568183899], [-760.409667969, 1493.32177734, -53.3069725037, 389.818145752, 264.739868164, 144.067474365, 265.896484375, 138.312667847, 117.188591003, 150.440628052, 50.312538147, 118.143180847, 127.319946289], [1039.24365234, -53.3069725037, 1491.31982422, 349.93850708, 507.394989014, 594.754943848, 208.009246826, 305.685668945, 185.607788086, 117.751426697, 234.558990479, 178.9480896, 45.3672828674], [378.602386475, 389.818145752, 349.93850708, 729.8984375, 414.311645508, 207.917633057, 236.11265564, 231.33291626, 148.788238525, 146.527526855, 99.0976638794, 153.340560913, 101.482421875], [642.46484375, 264.739868164, 507.394989014, 414.311645508, 470.737548828, 332.059661865, 221.760757446, 222.814437866, 152.054016113, 135.578964233, 118.903457642, 128.617752075, 76.113899231], [846.099609375, 144.067474365, 594.754943848, 207.917633057, 332.059661865, 551.920471191, 229.218704224, 230.774276733, 141.033950806, 129.003417969, 170.699996948, 86.6460800171, 46.6259384155], [422.51852417, 265.896484375, 208.009246826, 236.11265564, 221.760757446, 229.218704224, 278.831604004, 160.280288696, 106.565750122, 111.282752991, 82.4254302979, 85.2532196045, 59.1549110413], [479.872650146, 138.312667847, 305.685668945, 231.33291626, 222.814437866, 230.774276733, 160.280288696, 262.730285645, 136.224975586, 100.617088318, 115.013046265, 77.6140289307, 77.5707778931], [228.650177002, 117.188591003, 185.607788086, 148.788238525, 152.054016113, 141.033950806, 106.565750122, 136.224975586, 173.990524292, 102.723266602, 69.6863098145, 51.1290740967, 56.8284225464], [99.0354537964, 150.440628052, 117.751426697, 146.527526855, 135.578964233, 129.003417969, 111.282752991, 100.617088318, 102.723266602, 169.507736206, 80.1474380493, 54.2072067261, 56.3250541687], [207.532424927, 50.312538147, 234.558990479, 99.0976638794, 118.903457642, 170.699996948, 82.4254302979, 115.013046265, 69.6863098145, 80.1474380493, 153.854370117, 77.8204040527, 53.1962814331], [23.7941570282, 118.143180847, 178.9480896, 153.340560913, 128.617752075, 86.6460800171, 85.2532196045, 77.6140289307, 51.1290740967, 54.2072067261, 77.8204040527, 155.352203369, 61.9830818176], [-26.1568183899, 127.319946289, 45.3672828674, 101.482421875, 76.113899231, 46.6259384155, 59.1549110413, 77.5707778931, 56.8284225464, 56.3250541687, 53.1962814331, 61.9830818176, 126.847267151]], "icov": [[0.000220487010665, 0.000194079519133, 4.09602653235e-05, -1.22789185752e-06, -0.00023010498262, -0.000197130037122, -0.000249277451076, -0.000199291374884, -5.69521773741e-07, 0.000178122645593, 3.27891466441e-05, 0.000191373124835, 9.95494192466e-05], [0.000194079519133, 0.00111270765774, 0.000300714978948, -0.000233784230659, -0.000440745498054, -0.000284846522845, -0.000797614862677, 3.92554902646e-05, -2.08369983739e-05, -3.11247495119e-05, 0.000288060342427, -3.16834157275e-05, -0.000362387101632], [4.09602653235e-05, 0.000300714978948, 0.00163848244119, -1.96194991986e-06, -0.00112855515908, -0.00117234128993, 0.000605455192272, -0.000290777708869, -0.0003392121871, 0.000679641088936, -0.000596939062234, -0.000789916899521, 0.000612255476881], [-1.22789185752e-06, -0.000233784230659, -1.96194991986e-06, 0.00341090722941, -0.00270027457736, 0.00119143631309, -0.000609687063843, -0.00114176922943, 0.0002908501192, -0.000499384303112, 0.000369744928321, -0.000820478016976, 8.44850546855e-06], [-0.00023010498262, -0.000440745498054, -0.00112855515908, -0.00270027457736, 0.00859864335507, -0.00196346919984, -0.000387862266507, -0.000414284208091, -0.000840127468109, -0.000982767436653, 0.00163599313237, -0.00136898900382, -0.000249099743087], [-0.000197130037122, -0.000284846522845, -0.00117234128993, 0.00119143631309, -0.00196346919984, 0.00612766342238, -0.00219393800944, -0.000870538409799, 0.000208712313906, -0.00045526586473, -0.00298739038408, 0.00153360085096, 0.000804740004241], [-0.000249277451076, -0.000797614862677, 0.000605455192272, -0.000609687063843, -0.000387862266507, -0.00219393800944, 0.00883220974356, -0.00169346702751, -0.000179731738172, -0.00180419639219, 0.00124580250122, -0.00195913389325, 0.000292825803626], [-0.000199291374884, 3.92554902646e-05, -0.000290777708869, -0.00114176922943, -0.000414284208091, -0.000870538409799, -0.00169346702751, 0.0110061569139, -0.00396863836795, 0.00117770629004, -0.00317051471211, 0.00117207027506, -0.00242337258533], [-5.69521773741e-07, -2.08369983739e-05, -0.0003392121871, 0.0002908501192, -0.000840127468109, 0.000208712313906, -0.000179731738172, -0.00396863836795, 0.0123023763299, -0.00460412213579, 0.000858029525261, 0.000370966852643, -0.00116066704504], [0.000178122645593, -3.11247495119e-05, 0.000679641088936, -0.000499384303112, -0.000982767436653, -0.00045526586473, -0.00180419639219, 0.00117770629004, -0.00460412213579, 0.0120890773833, -0.00387618830428, 0.000800844049081, -0.000968446431216], [3.27891466441e-05, 0.000288060342427, -0.000596939062234, 0.000369744928321, 0.00163599313237, -0.00298739038408, 0.00124580250122, -0.00317051471211, 0.000858029525261, -0.00387618830428, 0.015351979062, -0.00461696274579, -0.00173575524241], [0.000191373124835, -3.16834157275e-05, -0.000789916899521, -0.000820478016976, -0.00136898900382, 0.00153360085096, -0.00195913389325, 0.00117207027506, 0.000370966852643, 0.000800844049081, -0.00461696274579, 0.0120262382552, -0.00299730151892], [9.95494192466e-05, -0.000362387101632, 0.000612255476881, 8.44850546855e-06, -0.000249099743087, 0.000804740004241, 0.000292825803626, -0.00242337258533, -0.00116066704504, -0.000968446431216, -0.00173575524241, -0.00299730151892, 0.0123836537823]]}, "spectral_contrast_coeffs": {"dmean": [0.0593966878951, 0.0487872213125, 0.0440834797919, 0.0356667898595, 0.0312151294202, 0.0226285997778], "dmean2": [0.0956359952688, 0.0785789191723, 0.0712692961097, 0.0572600513697, 0.0465090982616, 0.0362229757011], "dvar": [0.0029622213915, 0.00156607432291, 0.00128757301718, 0.00103198410943, 0.000811969744973, 0.000471022562124], "dvar2": [0.00751618715003, 0.00397084793076, 0.003047573613, 0.00248875236139, 0.00159797177184, 0.00119003595319], "max": [-0.257275491953, -0.403672158718, -0.445521503687, -0.52893525362, -0.530233263969, -0.582759916782], "mean": [-0.648518443108, -0.701443195343, -0.77188616991, -0.787090182304, -0.771846473217, -0.77378153801], "median": [-0.673825740814, -0.702432513237, -0.777996122837, -0.794463932514, -0.784328401089, -0.776607871056], "min": [-0.964493453503, -0.970336258411, -0.987980186939, -0.958696305752, -0.957570910454, -0.957637012005], "var": [0.0147166540846, 0.00462009059265, 0.00395098514855, 0.00275244610384, 0.00361103587784, 0.00123169051949]}, "spectral_contrast_valleys": {"dmean": [0.556507349014, 0.424597173929, 0.513275206089, 0.498989701271, 0.491982072592, 0.437190443277], "dmean2": [0.862721920013, 0.65207606554, 0.788345932961, 0.728648781776, 0.704330861568, 0.564206004143], "dvar": [0.310211211443, 0.233684778214, 0.307199895382, 0.30599924922, 0.313033550978, 0.374908775091], "dvar2": [0.597267091274, 0.414795517921, 0.587659955025, 0.54848408699, 0.530367016792, 0.638516962528], "max": [-4.93172311783, -4.53579616547, -5.17299890518, -5.54474115372, -5.62277936935, -7.07348155975], "mean": [-8.016664505, -6.7162733078, -7.811169