{"lowlevel": {"average_loudness": 0.948589801788, "barkbands_crest": {"dmean": 3.70301151276, "dmean2": 6.01963472366, "dvar": 11.1048927307, "dvar2": 28.4376621246, "max": 25.5324687958, "mean": 13.0620746613, "median": 12.32081604, "min": 2.41007971764, "var": 24.6106376648}, "barkbands_flatness_db": {"dmean": 0.0358506292105, "dmean2": 0.0528724193573, "dvar": 0.00137568789069, "dvar2": 0.00266353413463, "max": 0.539376556873, "mean": 0.167386516929, "median": 0.164860680699, "min": 0.00924072042108, "var": 0.00623973226175}, "barkbands_kurtosis": {"dmean": 11.2830677032, "dmean2": 17.9437484741, "dvar": 835.670715332, "dvar2": 1971.70910645, "max": 476.907226562, "mean": 12.7592935562, "median": 3.43419218063, "min": -1.90901374817, "var": 985.128479004}, "barkbands_skewness": {"dmean": 1.05202424526, "dmean2": 1.57748162746, "dvar": 2.01729559898, "dvar2": 4.1882982254, "max": 17.7383823395, "mean": 2.36510825157, "median": 1.8442299366, "min": -4.04198408127, "var": 4.18749380112}, "barkbands_spread": {"dmean": 7.24556398392, "dmean2": 10.801823616, "dvar": 67.7213516235, "dvar2": 143.296173096, "max": 126.400665283, "mean": 21.2470798492, "median": 16.5855979919, "min": 0.331265896559, "var": 295.571502686}, "dissonance": {"dmean": 0.023631118238, "dmean2": 0.0392297692597, "dvar": 0.000570930540562, "dvar2": 0.00143817404751, "max": 0.499999850988, "mean": 0.451778620481, "median": 0.461000472307, "min": 0.281529158354, "var": 0.00140020821709}, "dynamic_complexity": 4.49208068848, "erbbands_crest": {"dmean": 3.02829790115, "dmean2": 4.74285697937, "dvar": 10.7740869522, "dvar2": 22.405714035, "max": 33.4515380859, "mean": 10.4621858597, "median": 8.96872520447, "min": 1.9755821228, "var": 34.4870948792}, "erbbands_flatness_db": {"dmean": 0.0203570276499, "dmean2": 0.0287292972207, "dvar": 0.00057016935898, "dvar2": 0.00103818648495, "max": 0.414133071899, "mean": 0.148162201047, "median": 0.136404871941, "min": 0.0327013619244, "var": 0.00368996057659}, "erbbands_kurtosis": {"dmean": 1.22149252892, "dmean2": 1.91048622131, "dvar": 6.59831094742, "dvar2": 14.5070943832, "max": 81.0324020386, "mean": 0.703602135181, "median": -0.250973463058, "min": -1.70571315289, "var": 11.9736442566}, "erbbands_skewness": {"dmean": 0.385452777147, "dmean2": 0.596421182156, "dvar": 0.17645047605, "dvar2": 0.403436869383, "max": 7.31104564667, "mean": 0.481661438942, "median": 0.32816362381, "min": -2.20185351372, "var": 0.652022480965}, "erbbands_spread": {"dmean": 10.6140594482, "dmean2": 16.1575469971, "dvar": 148.138809204, "dvar2": 330.471984863, "max": 175.670227051, "mean": 42.4120101929, "median": 39.6312789917, "min": 1.61799883842, "var": 413.524627686}, "hfc": {"dmean": 9.32020378113, "dmean2": 13.4966497421, "dvar": 249.281616211, "dvar2": 475.596221924, "max": 157.836181641, "mean": 19.8752822876, "median": 9.54561519623, "min": 1.0666874502e-16, "var": 666.261108398}, "melbands_crest": {"dmean": 4.60237646103, "dmean2": 7.11305856705, "dvar": 16.4659976959, "dvar2": 41.3374557495, "max": 35.6123542786, "mean": 17.851228714, "median": 16.8105239868, "min": 1.77025961876, "var": 46.751411438}, "melbands_flatness_db": {"dmean": 0.0418645143509, "dmean2": 0.0622151829302, "dvar": 0.0019614470657, "dvar2": 0.0035865905229, "max": 0.681317210197, "mean": 0.254310280085, "median": 0.252259373665, "min": 0.00423074839637, "var": 0.00981346424669}, "melbands_kurtosis": {"dmean": 21.9518623352, "dmean2": 34.6735038757, "dvar": 1850.27038574, "dvar2": 4083.93896484, "max": 490.026123047, "mean": 29.19414711, "median": 12.5000343323, "min": -1.76549041271, "var": 2472.20727539}, "melbands_skewness": {"dmean": 1.33780193329, "dmean2": 2.05852198601, "dvar": 2.72876310349, "dvar2": 5.64280700684, "max": 18.2041873932, "mean": 3.598092556, "median": 3.00848865509, "min": -1.1494988203, "var": 5.76255607605}, "melbands_spread": {"dmean": 6.78187656403, "dmean2": 10.6987943649, "dvar": 75.3372116089, "dvar2": 166.047622681, "max": 224.667556763, "mean": 17.8161582947, "median": 14.5833320618, "min": 0.270365506411, "var": 272.419616699}, "pitch_salience": {"dmean": 0.0909901112318, "dmean2": 0.142731174827, "dvar": 0.00694789038971, "dvar2": 0.0166271999478, "max": 0.893586158752, "mean": 0.46426358819, "median": 0.465070605278, "min": 0.0635310485959, "var": 0.0168905891478}, "silence_rate_20dB": {"dmean": 0.0367783308029, "dmean2": 0.0735671520233, "dvar": 0.0354278981686, "dvar2": 0.0978104248643, "max": 1, "mean": 0.978050172329, "median": 1, "min": 0, "var": 0.0214686058462}, "silence_rate_30dB": {"dmean": 0.0721311494708, "dmean2": 0.144282862544, "dvar": 0.0669215619564, "dvar2": 0.125171735883, "max": 1, "mean": 0.904076397419, "median": 1, "min": 0, "var": 0.0867306515574}, "silence_rate_60dB": {"dmean": 0.0461867414415, "dmean2": 0.0923866555095, "dvar": 0.0440560728312, "dvar2": 0.09183986485, "max": 1, "mean": 0.142388820648, "median": 0, "min": 0, "var": 0.122105807066}, "spectral_centroid": {"dmean": 259.596710205, "dmean2": 400.711242676, "dvar": 106116.773438, "dvar2": 229110.75, "max": 11669.7197266, "mean": 1214.58654785, "median": 1028.15014648, "min": 156.862731934, "var": 822032.8125}, "spectral_complexity": {"dmean": 3.9883108139, "dmean2": 5.4325633049, "dvar": 40.7679252625, "dvar2": 55.4506378174, "max": 57, "mean": 13.248290062, "median": 10, "min": 0, "var": 134.161483765}, "spectral_decrease": {"dmean": 1.04157615866e-08, "dmean2": 1.75808665404e-08, "dvar": 7.29066456932e-16, "dvar2": 1.88857938755e-15, "max": 6.53124776484e-10, "mean": -1.20055512198e-08, "median": -5.90526427757e-09, "min": -2.10407932855e-07, "var": 5.90006569822e-16}, "spectral_energy": {"dmean": 0.0399564988911, "dmean2": 0.0671599581838, "dvar": 0.0105564938858, "dvar2": 0.0273575037718, "max": 0.801849007607, "mean": 0.0471144914627, "median": 0.023528020829, "min": 9.98626799981e-21, "var": 0.00857026223093}, "spectral_energyband_high": {"dmean": 0.000548026524484, "dmean2": 0.000759822607506, "dvar": 1.2947821233e-06, "dvar2": 2.13658336179e-06, "max": 0.0129727898166, "mean": 0.0010683882283, "median": 0.000190409875358, "min": 7.12395246953e-21, "var": 3.73022817257e-06}, "spectral_energyband_low": {"dmean": 0.035790450871, "dmean2": 0.0611197166145, "dvar": 0.0102316942066, "dvar2": 0.0266397707164, "max": 0.7790350914, "mean": 0.0345151163638, "median": 0.0110494140536, "min": 7.88053032768e-24, "var": 0.00805305223912}, "spectral_energyband_middle_high": {"dmean": 0.00164697843138, "dmean2": 0.00242147245444, "dvar": 6.87728788762e-06, "dvar2": 1.46155498442e-05, "max": 0.0281745456159, "mean": 0.00347069767304, "median": 0.00190061179455, "min": 1.09450424253e-21, "var": 1.76764242497e-05}, "spectral_energyband_middle_low": {"dmean": 0.00613437592983, "dmean2": 0.00976842362434, "dvar": 0.000155308458488, "dvar2": 0.00038011779543, "max": 0.10734347254, "mean": 0.00962641183287, "median": 0.00561150163412, "min": 1.56258476874e-22, "var": 0.000170123035787}, "spectral_entropy": {"dmean": 0.236024454236, "dmean2": 0.343920946121, "dvar": 0.100045949221, "dvar2": 0.19960218668, "max": 9.81694316864, "mean": 7.32054185867, "median": 7.36729240417, "min": 4.37541627884, "var": 0.602204084396}, "spectral_flux": {"dmean": 0.062958791852, "dmean2": 0.103196755052, "dvar": 0.0121462475508, "dvar2": 0.027475040406, "max": 0.765110492706, "mean": 0.110902480781, "median": 0.0692581757903, "min": 6.3765485947e-11, "var": 0.0168480370194}, "spectral_kurtosis": {"dmean": 2.34917783737, "dmean2": 3.85164213181, "dvar": 15.8933410645, "dvar2": 39.0031776428, "max": 99.1665420532, "mean": 5.96465110779, "median": 3.93998217583, "min": -1.24775791168, "var": 41.203918457}, "spectral_rms": {"dmean": 0.00197379849851, "dmean2": 0.00308271101676, "dvar": 1.35441177918e-05, "dvar2": 3.12736083288e-05, "max": 0.0279694776982, "mean": 0.00531296571717, "median": 0.00479105068371, "min": 3.12132980053e-12, "var": 1.77378951776e-05}, "spectral_rolloff": {"dmean": 616.810546875, "dmean2": 1022.18432617, "dvar": 1656908.375, "dvar2": 3682516.5, "max": 19789.0136719, "mean": 1376.41870117, "median": 775.1953125, "min": 21.533203125, "var": 6783063.5}, "spectral_skewness": {"dmean": 0.285171061754, "dmean2": 0.455611199141, "dvar": 0.144855350256, "dvar2": 0.347699820995, "max": 8.09349346161, "mean": 1.73377490044, "median": 1.59624695778, "min": -0.0767429098487, "var": 0.463166862726}, "spectral_spread": {"dmean": 585412, "dmean2": 788648.625, "dvar": 749501153280, "dvar2": 1317268619260.0, "max": 42679532, "mean": 5266720, "median": 4988362, "min": 525788.9375, "var": 10429643358200.0}, "spectral_strongpeak": {"dmean": 0.414974331856, "dmean2": 0.713626921177, "dvar": 0.762613832951, "dvar2": 1.68939292431, "max": 30.9564495087, "mean": 0.627315938473, "median": 0.373124033213, "min": 0, "var": 1.01237463951}, "zerocrossingrate": {"dmean": 0.0135094858706, "dmean2": 0.0149171520025, "dvar": 0.000309369672323, "dvar2": 0.0003573896538, "max": 0.65478515625, "mean": 0.057612106204, "median": 0.03955078125, "min": 0.001953125, "var": 0.00400671223179}, "barkbands": {"dmean": [0.00103267887607, 0.0280838813633, 0.00817301589996, 0.00197509373538, 0.00358233251609, 0.000719013565686, 0.000274927384453, 0.000465835648356, 0.000308712216793, 0.000300352083286, 0.000892135081813, 0.000166615762282, 0.000212609025766, 0.000211029342609, 0.000148935359903, 0.000122329656733, 0.000126254657516, 0.000121687407955, 0.000108633546915, 9.17047073017e-05, 0.000125155391288, 0.000123714795336, 9.47185762925e-05, 9.05010092538e-05, 7.27541846572e-05, 6.90454835421e-05, 4.35010115325e-05], "dmean2": [0.00151455961168, 0.0479083992541, 0.0151466643438, 0.00347465812229, 0.00580940721557, 0.00113434437662, 0.000431229564128, 0.000708553299773, 0.000487598532345, 0.000473224296002, 0.00140717136674, 0.000258468557149, 0.000319255312206, 0.000311409909045, 0.000231754063861, 0.000194375199499, 0.000206866752706, 0.000183184398338, 0.000159198258189, 0.000138671428431, 0.000196785360458, 0.000196140594198, 0.000135344918817, 0.000124011625303, 9.25852582441e-05, 9.17914221645e-05, 5.72155149712e-05], "dvar": [2.42456439992e-06, 0.00599920889363, 0.000688407686539, 2.62991816271e-05, 9.75895818556e-05, 2.00901035896e-06, 3.54888157972e-07, 1.04171181192e-06, 4.01091426738e-07, 5.14704538546e-07, 3.85312478102e-06, 1.50763042939e-07, 2.00672729989e-07, 2.90217229804e-07, 1.08495569862e-07, 6.73750548685e-08, 5.29884758294e-08, 6.76661215948e-08, 5.49845822206e-08, 2.67474060678e-08, 6.29959870935e-08, 7.79112809823e-08, 5.13212015107e-08, 4.22877199924e-08, 2.58924242047e-08, 3.95770776151e-08, 2.95405833128e-08], "dvar2": [4.96980692333e-06, 0.0155238686129, 0.00199506897479, 7.31282125344e-05, 0.000242264839471, 5.06695323566e-06, 8.09582843431e-07, 2.44983152697e-06, 9.76203523351e-07, 1.31635704292e-06, 9.75093553279e-06, 3.73226981765e-07, 4.20389227429e-07, 6.01925592036e-07, 2.45985830816e-07, 1.65354663295e-07, 1.34612960778e-07, 1.62194211839e-07, 1.11315934248e-07, 5.46623546427e-08, 1.43059665447e-07, 1.64668321645e-07, 9.14662123819e-08, 9.18278928452e-08, 4.3424893903e-08, 8.72131167284e-08, 4.5952084804e-08], "max": [0.0109149934724, 0.500860750675, 0.251509845257, 0.0842409357429, 0.0918639600277, 0.0192515179515, 0.017144754529, 0.0169883780181, 0.00992234330624, 0.0102689201012, 0.0232811402529, 0.00566111411899, 0.00792858190835, 0.0136407641694, 0.00613968027756, 0.00460706884041, 0.00442445743829, 0.00411254633218, 0.00339081371203, 0.00257583917119, 0.00396860577166, 0.00261388230138, 0.00187143601943, 0.00301507790573, 0.00279629370198, 0.00429977010936, 0.00436555920169], "mean": [0.00121932395268, 0.0248008184135, 0.00699564628303, 0.0025275987573, 0.00416137790307, 0.00130304018967, 0.000399277720135, 0.000684388156515, 0.000428317929618, 0.000370889698388, 0.00126351078507, 0.000211797480006, 0.000350263464497, 0.000342772807926, 0.000216869608266, 0.000168508631759, 0.000190086648217, 0.000175789682544, 0.000169899838511, 0.000143160141306, 0.000177287263796, 0.000166253448697, 0.000141065989737, 0.000124932543258, 0.000135989452247, 0.000138090152177, 0.000107711581222], "median": [0.000263001740677, 0.00453131459653, 0.000952858710662, 0.000473732710816, 0.00137007492594, 0.000355747819412, 0.000101904457551, 0.000176875037141, 0.000141352385981, 0.000108632812044, 0.000259224092588, 4.47196580353e-05, 7.42968695704e-05, 7.21993274055e-05, 4.56504421891e-05, 4.89740414196e-05, 6.70000299579e-05, 3.97069088649e-05, 5.68976174691e-05, 3.6751080188e-05, 3.97796975449e-05, 2.46824019996e-05, 1.90834980458e-05, 1.44908135553e-05, 9.52226309892e-06, 5.19624518347e-06, 2.06808203984e-06], "min": [9.85269459621e-26, 4.20080541045e-24, 1.69517964936e-24, 2.12404230276e-24, 1.1033481937e-23, 5.53238565795e-24, 1.04986302989e-23, 1.02975851529e-23, 1.65368532908e-23, 3.01512766949e-23, 2.19520631276e-23, 2.55512283859e-23, 3.99718976119e-23, 2.67064126297e-23, 5.35811618657e-23, 3.34679477076e-23, 5.9507741318e-23, 1.13343799919e-22, 1.33996090066e-22, 1.69801363216e-22, 2.53205241209e-22, 3.20378627933e-22, 4.10364508885e-22, 6.89575755214e-22, 9.51032632953e-22, 1.32112588098e-21, 1.92634006844e-21], "var": [4.10296615883e-06, 0.00465694442391, 0.000438985007349, 2.33624741668e-05, 8.63660607138e-05, 5.66126936974e-06, 9.07992671273e-07, 1.88750414054e-06, 5.48857030935e-07, 5.58589476896e-07, 6.23846153758e-06, 1.91670295635e-07, 4.48048353974e-07, 7.62439526625e-07, 2.0171955839e-07, 1.00677091552e-07, 9.30860579729e-08, 1.18475739441e-07, 9.45135028019e-08, 5.82186139297e-08, 1.06866835381e-07, 1.321644163e-07, 9.47790681494e-08, 7.0659744722e-08, 8.29636945809e-08, 1.39004228572e-07, 1.72842604229e-07]}, "erbbands": {"dmean": [0.954310119152, 5.93810749054, 9.58870601654, 8.66118240356, 11.1687707901, 11.0640439987, 5.9630613327, 6.30843162537, 3.92858576775, 8.24541282654, 6.75865077972, 7.77999162674, 8.07819843292, 20.4082317352, 29.415014267, 6.81029939651, 9.81746482849, 11.415389061, 6.00999736786, 7.51724481583, 6.12298488617, 6.40230369568, 6.7719039917, 6.367852211, 4.74629926682, 4.38939857483, 4.83000278473, 4.84775829315, 4.54168176651, 4.16269350052, 2.58684563637, 1.79650986195, 1.5601477623, 0.867913484573, 0.528535723686, 0.319714158773, 0.124511711299, 0.0353460758924, 0.0070981006138, 0.00059248827165], "dmean2": [1.59838378429, 10.2842950821, 17.7886753082, 15.5940198898, 18.2941894531, 18.5814914703, 9.87505245209, 9.63544273376, 6.20942115784, 11.9566879272, 10.7497024536, 12.34379673, 12.6441774368, 32.4193229675, 45.559211731, 10.4073925018, 14.6799449921, 16.9999752045, 9.15277957916, 11.2034978867, 9.57536792755, 10.5397176743, 10.3827323914, 9.40312099457, 6.91663312912, 6.56823444366, 7.10959339142, 7.90965080261, 7.25952959061, 6.69299793243, 3.59118485451, 2.33786249161, 2.1134095192, 1.11569833755, 0.703577876091, 0.420220255852, 0.170221075416, 0.0487937442958, 0.00959846936166, 0.000749964732677], "dvar": [5.99933958054, 295.517822266, 988.466003418, 653.524597168, 884.159179688, 993.41809082, 190.822921753, 163.252532959, 72.4559860229, 291.490600586, 265.043365479, 230.440933228, 356.384277344, 3323.53881836, 4495.72949219, 192.459991455, 412.805145264, 833.540039062, 135.348861694, 289.538696289, 160.304916382, 127.564033508, 208.454360962, 255.707626343, 81.9063796997, 63.2045555115, 88.6769180298, 106.379776001, 102.242195129, 100.156982422, 41.1634483337, 14.5248231888, 13.2135782242, 3.44165301323, 1.80476939678, 0.69734787941, 0.145914375782, 0.0141964042559, 0.000725601566955, 6.50941865388e-06], "dvar2": [15.4267978668, 784.843811035, 2861.42919922, 1854.58435059, 2153.51074219, 2662.14575195, 496.893737793, 389.363983154, 185.043548584, 562.14239502, 695.126464844, 564.441650391, 887.044006348, 8606.80273438, 10730.8183594, 466.479553223, 877.054443359, 1715.75366211, 316.138977051, 606.31829834, 368.649169922, 325.030731201, 510.684509277, 520.89074707, 161.642211914, 128.208984375, 178.436416626, 262.34085083, 224.198532104, 238.216720581, 70.7794494629, 29.3961391449, 28.4412403107, 5.76427316666, 3.50026750565, 1.45334994793, 0.315660625696, 0.0318470150232, 0.00134628475644, 8.9467921498e-06], "max": [15.7439346313, 115.314826965, 290.343719482, 335.135559082, 282.845184326, 340.199737549, 239.480575562, 228.519836426, 162.496490479, 313.78692627, 227.108734131, 240.790390015, 265.639312744, 821.374511719, 827.948181152, 188.127380371, 353.579040527, 741.619567871, 205.157104492, 429.923187256, 172.757400513, 159.701797485, 274.767120361, 327.391815186, 122.582382202, 124.536804199, 190.130004883, 94.7587432861, 89.345954895, 91.9961853027, 57.2576599121, 52.1289138794, 39.0583839417, 26.2562122345, 29.2051830292, 18.2353954315, 8.57745933533, 3.0112695694, 0.677029430866, 0.0768592506647], "mean": [0.85892534256, 4.96075582504, 7.86197710037, 9.87880706787, 12.504360199, 12.4278335571, 9.1052646637, 11.9772129059, 5.89069271088, 14.1507539749, 8.92729854584, 11.1007413864, 10.7560758591, 27.6794071198, 43.3036804199, 10.2847337723, 16.5018615723, 19.6285762787, 10.0655412674, 11.9545516968, 9.16166973114, 9.77280235291, 10.6930208206, 9.18646907806, 7.81355524063, 6.92901563644, 7.29459953308, 6.32234525681, 6.01342821121, 5.44102668762, 3.86031460762, 2.53886914253, 2.06284856796, 1.50408375263, 1.0270242691, 0.590217351913, 0.258377283812, 0.0745864808559, 0.016258912161, 0.00143963936716], "median": [0.109379947186, 1.0120472908, 1.43890500069, 1.82999396324, 4.0055475235, 4.01969909668, 2.87976455688, 2.78128194809, 1.90947389603, 3.37879657745, 3.11257171631, 4.04071140289, 3.73402643204, 5.47949981689, 9.27201080322, 3.1680290699, 4.04116249084, 5.57321453094, 3.2551753521, 3.32348394394, 2.4784090519, 3.81778621674, 3.2559337616, 2.32624101639, 2.46076607704, 1.96960067749, 1.84203231335, 1.25616526604, 0.92203438282, 0.793555736542, 0.473856806755, 0.323375612497, 0.209318399429, 0.122583933175, 0.0580010637641, 0.02466250211, 0.00896348059177, 0.00210830243304, 0.000375247705961, 7.19372692402e-05], "min": [1.20654445296e-22, 5.99880730434e-22, 3.02731180919e-21, 6.73442269854e-21, 1.38152587825e-20, 3.91288967662e-20, 5.34407660311e-20, 6.21863850889e-20, 1.11960459797e-19, 3.5007146893e-19, 2.45206473954e-19, 3.7620083786e-19, 7.57746296454e-19, 1.07518931593e-18, 1.23796656976e-18, 1.18626137082e-18, 1.7808443786e-18, 1.1443945547e-18, 3.4052118279e-18, 2.75348552905e-18, 3.20785625311e-18, 3.69255989704e-18, 5.6140619961e-18, 5.87826844683e-18, 7.67956135055e-18, 8.20381353354e-18, 8.81376741825e-18, 1.00755338354e-17, 1.21687731053e-17, 1.34923539024e-17, 1.18148729792e-17, 1.27173741768e-17, 1.23574397681e-17, 8.59549099821e-18, 6.30695024979e-18, 4.53261516223e-18, 2.45225861e-18, 1.09097357638e-18, 2.9012134724e-19, 2.81396343074e-20], "var": [4.89848804474, 214.255142212, 613.415771484, 486.792388916, 779.441223145, 806.32220459, 259.210266113, 555.73059082, 128.770645142, 832.921203613, 268.534362793, 326.275726318, 432.394104004, 5108.02246094, 7698.72070312, 306.528991699, 908.315429688, 2213.22729492, 273.955871582, 574.080627441, 268.772460938, 219.938705444, 387.914154053, 413.412139893, 165.584945679, 135.287704468, 175.804977417, 157.724365234, 170.76965332, 139.101654053, 75.6760787964, 26.8808689117, 20.5941772461, 9.48829364777, 5.7500500679, 2.33431529999, 0.545452475548, 0.0501266270876, 0.0035475413315, 3.91057474189e-05]}, "gfcc": {"mean": [-43.3161468506, 86.0576324463, -93.4545974731, 26.6692562103, -40.2287940979, 12.6550359726, -19.7189483643, 5.16983175278, -19.5664634705, 1.23540151119, -10.6873111725, 3.56795406342, -6.35363578796], "cov": [[20698.8984375, -1970.27258301, 922.63684082, 868.667541504, 157.662460327, 994.556640625, -60.0345115662, 301.37197876, -412.990264893, 28.0485210419, -324.760742188, 88.0484695435, -233.155715942], [-1970.27258301, 3258.73168945, -620.908935547, 363.847229004, 521.754211426, -383.682891846, 133.958511353, -357.321929932, 157.69128418, -208.571548462, 117.014465332, -212.868103027, 105.772354126], [922.63684082, -620.908935547, 1131.54284668, 186.661956787, 116.901565552, 235.936950684, -8.34010791779, 21.0449066162, -85.5680847168, 24.2713871002, -63.4317398071, -66.1736297607, -155.740615845], [868.667541504, 363.847229004, 186.661956787, 556.225402832, 122.760375977, 148.860610962, 105.648368835, -2.20981550217, 49.1923866272, -38.9345092773, -32.6623497009, -63.9454956055, -19.7326221466], [157.662460327, 521.754211426, 116.901565552, 122.760375977, 472.191467285, 57.4703712463, 77.1876068115, -104.202522278, 1.02236819267, -32.7035865784, -2.30773425102, -109.635299683, -11.0178632736], [994.556640625, -383.682891846, 235.936950684, 148.860610962, 57.4703712463, 310.847442627, 123.740875244, 98.1199035645, -38.5696220398, 18.4617786407, -13.2484331131, 19.9721870422, -49.4104690552], [-60.0345115662, 133.958511353, -8.34010791779, 105.648368835, 77.1876068115, 123.740875244, 223.782424927, 96.56275177, 43.3927154541, -17.4636383057, 43.7431030273, 22.9755973816, 15.8995943069], [301.37197876, -357.321929932, 21.0449066162, -2.20981550217, -104.202522278, 98.1199035645, 96.56275177, 204.674636841, 54.9971160889, 36.587387085, 3.65418457985, 55.2738456726, 3.09485960007], [-412.990264893, 157.69128418, -85.5680847168, 49.1923866272, 1.02236819267, -38.5696220398, 43.3927154541, 54.9971160889, 185.104522705, 91.1164550781, 46.80626297, -16.306886673, 24.8321113586], [28.0485210419, -208.571548462, 24.2713871002, -38.9345092773, -32.7035865784, 18.4617786407, -17.4636383057, 36.587387085, 91.1164550781, 184.067565918, 73.179397583, 5.62489938736, -18.1513271332], [-324.760742188, 117.014465332, -63.4317398071, -32.6623497009, -2.30773425102, -13.2484331131, 43.7431030273, 3.65418457985, 46.80626297, 73.179397583, 152.405563354, 65.8542556763, 25.4970664978], [88.0484695435, -212.868103027, -66.1736297607, -63.9454956055, -109.635299683, 19.9721870422, 22.9755973816, 55.2738456726, -16.306886673, 5.62489938736, 65.8542556763, 155.669525146, 70.1262969971], [-233.155715942, 105.772354126, -155.740615845, -19.7326221466, -11.0178632736, -49.4104690552, 15.8995943069, 3.09485960007, 24.8321113586, -18.1513271332, 25.4970664978, 70.1262969971, 131.673019409]], "icov": [[7.07415965735e-05, 3.39599523613e-06, 3.48355315509e-05, -0.00014223413018, -0.000101494733826, -0.000131753113237, 0.000214783329284, -0.000184688105946, 0.00019246948068, -0.000118719028251, 0.000115378847113, -0.000156022157171, 7.09844753146e-05], [3.39599523613e-06, 0.00105636171065, 0.000388398504583, -0.000663393700961, -0.00054556352552, 0.00110894616228, -0.000765306409448, 0.00101543439087, -0.000647741544526, 0.00136952439789, -0.00140941492282, 0.00104801217094, -1.78388654604e-05], [3.48355315509e-05, 0.000388398504583, 0.00147818145342, -0.000670659646858, -0.000665178231429, -0.000268762669293, 0.000496109889355, -0.000100712670246, 0.000305050343741, 0.000160656607477, -0.000299570237985, 3.11315534418e-06, 0.00120446423534], [-0.00014223413018, -0.000663393700961, -0.000670659646858, 0.00358948274516, 0.000881461368408, -0.00239200680517, -0.00051063625142, 0.00124241085723, -0.00227045849897, 0.000990821863525, 0.00066065142164, 0.000683617021423, -0.000692903937306], [-0.000101494733826, -0.00054556352552, -0.000665178231429, 0.000881461368408, 0.00445083994418, -0.00176105450373, -0.00180041813292, 0.00248601986095, -0.000337207136909, 2.26918436965e-05, -0.000471244537039, 0.00324059044942, -0.0020934722852], [-0.000131753113237, 0.00110894616228, -0.000268762669293, -0.00239200680517, -0.00176105450373, 0.0103866746649, -0.00539480568841, -0.00114294164814, 0.00360401370563, -0.00291407201439, 0.00149639102165, -0.0020960138645, 0.00237322575413], [0.000214783329284, -0.000765306409448, 0.000496109889355, -0.00051063625142, -0.00180041813292, -0.00539480568841, 0.0133391749114, -0.00683806277812, -0.00144082156476, 0.00432858709246, -0.00487903365865, 0.000804235576652, -0.000734816771001], [-0.000184688105946, 0.00101543439087, -0.000100712670246, 0.00124241085723, 0.00248601986095, -0.00114294164814, -0.00683806277812, 0.0141545729712, -0.0059031532146, 0.000398841366405, 0.00319142802618, -0.00266734068282, 0.00116731796879], [0.00019246948068, -0.000647741544526, 0.000305050343741, -0.00227045849897, -0.000337207136909, 0.00360401370563, -0.00144082156476, -0.0059031532146, 0.0147438133135, -0.00841635745019, 0.000152014210471, 0.00295940972865, -0.00302767194808], [-0.000118719028251, 0.00136952439789, 0.000160656607477, 0.000990821863525, 2.26918436965e-05, -0.00291407201439, 0.00432858709246, 0.000398841366405, -0.00841635745019, 0.0156726278365, -0.00942267011851, 0.00423869490623, 0.000719380797818], [0.000115378847113, -0.00140941492282, -0.000299570237985, 0.00066065142164, -0.000471244537039, 0.00149639102165, -0.00487903365865, 0.00319142802618, 0.000152014210471, -0.00942267011851, 0.0183262452483, -0.0117604881525, 0.00350449606776], [-0.000156022157171, 0.00104801217094, 3.11315534418e-06, 0.000683617021423, 0.00324059044942, -0.0020960138645, 0.000804235576652, -0.00266734068282, 0.00295940972865, 0.00423869490623, -0.0117604881525, 0.0215829350054, -0.0107529256493], [7.09844753146e-05, -1.78388654604e-05, 0.00120446423534, -0.000692903937306, -0.0020934722852, 0.00237322575413, -0.000734816771001, 0.00116731796879, -0.00302767194808, 0.000719380797818, 0.00350449606776, -0.0107529256493, 0.01555037871]]}, "melbands": {"dmean": [0.00817292649299, 0.00588159682229, 0.00152550893836, 0.000876685604453, 0.000251151621342, 0.000138526243973, 5.77863829676e-05, 9.87882376648e-05, 5.14836210641e-05, 4.93937404826e-05, 3.99484379159e-05, 7.75688531576e-05, 9.88483952824e-05, 3.78313998226e-05, 1.70382318174e-05, 2.00780141313e-05, 2.42976748268e-05, 9.21118498809e-06, 1.16548681035e-05, 9.65241997619e-06, 7.64475771575e-06, 6.629816653e-06, 7.59466047384e-06, 5.45079183212e-06, 5.56005215913e-06, 3.73476586901e-06, 3.11009193865e-06, 3.13110399475e-06, 2.92056643048e-06, 3.16681052936e-06, 2.81010375147e-06, 2.50964239967e-06, 2.64777600023e-06, 2.23611641559e-06, 1.56471344326e-06, 1.13459032036e-06, 1.19907952012e-06, 1.19891046779e-06, 8.95434141057e-07, 7.43116686408e-07], "dmean2": [0.0138950161636, 0.0105434823781, 0.00269036577083, 0.0014471472241, 0.000415936025092, 0.000213273029658, 9.04010230443e-05, 0.000144070581882, 8.25035895105e-05, 7.82172210165e-05, 6.28876950941e-05, 0.000123420395539, 0.000153885004693, 5.71522868995e-05, 2.53041089309e-05, 3.06467009068e-05, 3.62320824934e-05, 1.40318024933e-05, 1.77871279448e-05, 1.50937821672e-05, 1.20276099551e-05, 1.09248167064e-05, 1.22932315207e-05, 8.15698967926e-06, 8.35090486362e-06, 5.40657265446e-06, 4.68289545097e-06, 4.77715730085e-06, 4.4350308599e-06, 4.82119185108e-06, 4.64104641651e-06, 4.03939338867e-06, 4.21969207309e-06, 3.62585342373e-06, 2.18549098463e-06, 1.49584286646e-06, 1.68761812347e-06, 1.71153533302e-06, 1.17919876175e-06, 9.75621105681e-07], "dvar": [0.000481378287077, 0.000342612707755, 1.54405188368e-05, 6.36259710518e-06, 3.615894002e-07, 7.43150536664e-08, 1.54478634329e-08, 4.36345573007e-08, 1.55039909799e-08, 9.47817024866e-09, 9.5693515334e-09, 4.68355700889e-08, 4.38584493168e-08, 6.83183420946e-09, 1.45485357095e-09, 2.03045691372e-09, 4.37250102792e-09, 3.29621746564e-10, 6.976219602e-10, 4.4471076821e-10, 2.78298301071e-10, 1.59988453041e-10, 1.92894381024e-10, 1.34805944185e-10, 2.0963136782e-10, 6.00111557669e-11, 3.0775222648e-11, 3.30541392868e-11, 3.16560042068e-11, 3.85175953632e-11, 3.75800918162e-11, 3.11240269668e-11, 3.81869605381e-11, 2.93287928665e-11, 1.49383266174e-11, 6.48389068131e-12, 7.79093976833e-12, 7.99127170686e-12, 4.63028747288e-12, 2.74739931326e-12], "dvar2": [0.00123943644576, 0.000953837414272, 4.30782347394e-05, 1.60404943017e-05, 9.45261547258e-07, 1.80206782829e-07, 3.77888582648e-08, 8.86564848201e-08, 4.06428384281e-08, 2.30180265959e-08, 2.38478392589e-08, 1.20920176983e-07, 1.07809242422e-07, 1.62154805139e-08, 3.27225690988e-09, 4.03939459659e-09, 9.01556163058e-09, 7.49272255351e-10, 1.47692824637e-09, 1.05165709474e-09, 6.44300557351e-10, 4.12581080411e-10, 4.92481999625e-10, 3.1409505552e-10, 4.38616948317e-10, 1.19799156706e-10, 6.47296383161e-11, 6.91248377982e-11, 6.756389892e-11, 8.25854454267e-11, 9.27830381969e-11, 6.92418275494e-11, 8.70093164185e-11, 7.02974206623e-11, 2.57788790314e-11, 1.02403042643e-11, 1.76964397997e-11, 1.85276377573e-11, 8.4488197688e-12, 5.05703985632e-12], "max": [0.135798409581, 0.156355127692, 0.0481862127781, 0.0223948229104, 0.00890669040382, 0.00441120704636, 0.00245367595926, 0.00313430163078, 0.00167453696486, 0.00160845427308, 0.00136228429619, 0.00303549598902, 0.00233695749193, 0.00091646425426, 0.000805287214462, 0.000905139779206, 0.00170622603036, 0.000313754513627, 0.000668758351821, 0.000451813568361, 0.000223036768148, 0.000232928316109, 0.000237394313444, 0.000145972444443, 0.000307888054522, 0.000114896029118, 6.44335523248e-05, 0.000111152236059, 9.77243471425e-05, 0.000105133163743, 5.79436891712e-05, 5.17065527674e-05, 5.9238725953e-05, 4.99896632391e-05, 3.3610718674e-05, 2.53284215432e-05, 4.9215668696e-05, 3.11970907205e-05, 3.66239364666e-05, 3.18560996675e-05], "mean": [0.00729376683012, 0.00507805403322, 0.00176741171163, 0.000959817902185, 0.000375022762455, 0.000259635271505, 8.65784531925e-05, 0.000164814977325, 6.38301789877e-05, 7.00552482158e-05, 5.01341964991e-05, 0.00010075224418, 0.000144743535202, 5.4513267969e-05, 2.36553623836e-05, 3.45974112861e-05, 3.92981164623e-05, 1.48049866766e-05, 1.73509506567e-05, 1.40938436743e-05, 1.06276120277e-05, 9.70338624029e-06, 1.16087021524e-05, 7.65064669395e-06, 7.53709582568e-06, 5.80167807129e-06, 4.95942822454e-06, 4.58143176729e-06, 4.26304768553e-06, 4.47845468443e-06, 3.47057471117e-06, 3.27498946717e-06, 3.34902688337e-06, 2.87751458927e-06, 2.25272219723e-06, 1.70461305515e-06, 1.59000251188e-06, 1.48467734107e-06, 1.31571573547e-06, 1.28453518755e-06], "median": [0.00124272599351, 0.0013162442483, 0.000399136100896, 0.000344197876984, 0.000116001545393, 6.36058612145e-05, 2.22800645133e-05, 3.77660835511e-05, 2.32818747463e-05, 2.44456023211e-05, 1.41057098517e-05, 1.48475319293e-05, 3.12916090479e-05, 1.06971929199e-05, 4.83047597299e-06, 7.47270223656e-06, 8.58477415022e-06, 4.81778670292e-06, 3.24645475303e-06, 4.6837649279e-06, 2.16520629692e-06, 3.2050338632e-06, 3.8975440475e-06, 1.87254408957e-06, 1.42169642459e-06, 1.84648467894e-06, 1.24598409457e-06, 1.08214999273e-06, 9.59811245593e-07, 1.04153900793e-06, 4.6707640422e-07, 4.67441594765e-07, 4.88751140892e-07, 4.2259173938e-07, 2.66175902652e-07, 1.86836444982e-07, 1.81577718195e-07, 1.58056394639e-07, 1.02552021986e-07, 9.58712149668e-08], "min": [1.20372078452e-24, 1.31285387291e-24, 2.15764639681e-24, 1.48560908634e-24, 2.6626086868e-24, 1.38445128309e-24, 2.16741643912e-24, 3.57942677516e-24, 1.88352689579e-24, 2.06299511832e-24, 3.5620039932e-24, 3.24769321236e-24, 3.86986169463e-24, 2.61431639712e-24, 3.32826174597e-24, 3.79768249953e-24, 1.48069635644e-24, 4.71210363402e-24, 3.42623077622e-24, 3.7994657196e-24, 2.84109813016e-24, 3.33011280809e-24, 2.14331161087e-24, 4.71735665879e-24, 3.49664331733e-24, 5.00375418815e-24, 6.24295211833e-24, 4.35942364482e-24, 4.57615489549e-24, 6.32482917498e-24, 4.48358916801e-24, 6.6293645887e-24, 5.51243339351e-24, 7.27870282106e-24, 6.59465589216e-24, 6.62810793328e-24, 7.15113217977e-24, 8.17668843302e-24, 6.91615339307e-24, 6.86520165607e-24], "var": [0.000380995566957, 0.000230001824093, 1.20585991681e-05, 5.23574408362e-06, 4.77120124742e-07, 2.43047338699e-07, 3.36606227336e-08, 1.14195465528e-07, 1.45269751783e-08, 1.38114888415e-08, 1.12381703943e-08, 7.17781460935e-08, 7.47240989085e-08, 1.16635519021e-08, 2.5208584109e-09, 5.06008746015e-09, 1.13253770806e-08, 6.5282129702e-10, 1.49914314296e-09, 7.55029871957e-10, 4.36063268827e-10, 2.58955246135e-10, 3.42634781658e-10, 2.17986295681e-10, 3.23861715223e-10, 1.06974241965e-10, 6.58331861247e-11, 6.79820297278e-11, 5.81341710881e-11, 7.05839553472e-11, 5.38207742262e-11, 5.13773329436e-11, 5.71603632482e-11, 3.92016870354e-11, 2.68407379655e-11, 1.35258497111e-11, 1.24451369349e-11, 1.09388635303e-11, 8.74957918617e-12, 7.36704100501e-12]}, "mfcc": {"mean": [-694.617248535, 124.311759949, 9.68780708313, 26.4681167603, 6.29370164871, 12.5741586685, 9.15714073181, 9.07609462738, 3.2461438179, 1.40055727959, 0.117354139686, 1.33897936344, 0.298890650272], "cov": [[12032.6855469, -1226.64233398, 710.563964844, 287.121917725, 401.005340576, 506.061645508, 365.699371338, 293.829406738, 175.126342773, 43.2725334167, -61.4042510986, -34.0661468506, 34.3478889465], [-1226.64233398, 2271.57470703, -419.336212158, 446.936096191, 255.361480713, 96.8291397095, 0.0513780452311, -80.8137664795, -67.7075881958, -25.748128891, -67.3939819336, -5.01876926422, -45.4954147339], [710.563964844, -419.336212158, 798.086669922, 107.581207275, 70.6334838867, 116.568466187, 81.9251251221, 63.7681274414, 8.73531913757, 0.322436690331, 54.4857444763, 11.8580980301, -14.0066652298], [287.121917725, 446.936096191, 107.581207275, 414.292938232, 140.737686157, 161.850860596, 37.9268608093, 38.0636444092, 37.6978340149, 36.6393241882, 7.18045282364, 2.51113200188, -19.4165439606], [401.005340576, 255.361480713, 70.6334838867, 140.737686157, 278.140136719, 152.620849609, 70.6690216064, -37.7703018188, -0.320216745138, 17.5697422028, -20.6696414948, -15.0868453979, -31.8393554688], [506.061645508, 96.8291397095, 116.568466187, 161.850860596, 152.620849609, 244.350143433, 121.229034424, 38.4504470825, 17.7759647369, 30.7597827911, 17.9301147461, 11.9772109985, 10.061829567], [365.699371338, 0.0513780452311, 81.9251251221, 37.9268608093, 70.6690216064, 121.229034424, 218.555236816, 111.021377563, 24.7167816162, -5.93450021744, 7.38781118393, 28.0183334351, 8.76483917236], [293.829406738, -80.8137664795, 63.7681274414, 38.0636444092, -37.7703018188, 38.4504470825, 111.021377563, 203.186889648, 80.744468689, -7.49954557419, 10.8203468323, 6.63032579422, -3.47525382042], [175.126342773, -67.7075881958, 8.73531913757, 37.6978340149, -0.320216745138, 17.7759647369, 24.7167816162, 80.744468689, 143.250762939, 69.4708023071, 18.7352466583, -2.1960952282, -7.2185254097], [43.2725334167, -25.748128891, 0.322436690331, 36.6393241882, 17.5697422028, 30.7597827911, -5.93450021744, -7.49954557419, 69.4708023071, 143.212097168, 71.5453948975, 19.6081485748, 17.9540500641], [-61.4042510986, -67.3939819336, 54.4857444763, 7.18045282364, -20.6696414948, 17.9301147461, 7.38781118393, 10.8203468323, 18.7352466583, 71.5453948975, 130.87310791, 74.8336868286, 32.0816688538], [-34.0661468506, -5.01876926422, 11.8580980301, 2.51113200188, -15.0868453979, 11.9772109985, 28.0183334351, 6.63032579422, -2.1960952282, 19.6081485748, 74.8336868286, 113.987930298, 55.5190696716], [34.3478889465, -45.4954147339, -14.0066652298, -19.4165439606, -31.8393554688, 10.061829567, 8.76483917236, -3.47525382042, -7.2185254097, 17.9540500641, 32.0816688538, 55.5190696716, 112.174743652]], "icov": [[0.000108101587102, 9.02892861632e-05, -1.3158787624e-05, -6.988698442e-05, -0.000170181592694, -8.61426597112e-05, 6.5410595198e-06, -0.000133779802127, 4.6502582336e-06, -2.98930481222e-05, 0.000150217238115, -2.1130341338e-05, -8.28740012366e-05], [9.02892861632e-05, 0.000896026205737, 0.000554648926482, -0.00113433634397, -0.000724866404198, 0.000444107252406, -0.000186138189747, -5.21846377524e-05, 0.000510628800839, 0.000111957626359, 0.000130282729515, -0.000174576445716, 4.01031611545e-05], [-1.3158787624e-05, 0.000554648926482, 0.00185266777407, -0.000906175409909, -0.000521828071214, -4.15076974605e-05, -0.00028514926089, -0.000171548483195, 0.000376365147531, 0.000745892582927, -0.00127398082986, 0.000476386107039, 0.000209448902751], [-6.988698442e-05, -0.00113433634397, -0.000906175409909, 0.00530524784699, -0.000251970224781, -0.00306989462115, 0.00222037476487, -0.00155667623039, -0.000546313880477, -0.00095302076079, 0.000860563362949, -0.00102522748057, 0.000727293256205], [-0.000170181592694, -0.000724866404198, -0.000521828071214, -0.000251970224781, 0.00829465407878, -0.00375769869424, -0.00211327057332, 0.00408727955073, -0.00137846847065, -0.000356043718057, 0.00133298197761, -0.00022404428455, 0.00233042426407], [-8.61426597112e-05, 0.000444107252406, -4.15076974605e-05, -0.00306989462115, -0.00375769869424, 0.0107842842117, -0.00435213651508, 0.000118111194752, 0.000944694038481, -0.00070390739711, -0.00172978418414, 0.00188630493358, -0.00228567328304], [6.5410595198e-06, -0.000186138189747, -0.00028514926089, 0.00222037476487, -0.00211327057332, -0.00435213651508, 0.0109538445249, -0.00676269829273, 0.00192202185281, -0.000980305951089, 0.00238990574144, -0.0037226381246, 0.000435920577729], [-0.000133779802127, -5.21846377524e-05, -0.000171548483195, -0.00155667623039, 0.00408727955073, 0.000118111194752, -0.00676269829273, 0.0133536765352, -0.00799596030265, 0.00550230266526, -0.00331088970415, 0.00240947911516, 0.000179730865057], [4.6502582336e-06, 0.000510628800839, 0.000376365147531, -0.000546313880477, -0.00137846847065, 0.000944694038481, 0.00192202185281, -0.00799596030265, 0.015611037612, -0.00966832693666, 0.00398628553376, -0.00169248250313, 0.0015338496305], [-2.98930481222e-05, 0.000111957626359, 0.000745892582927, -0.00095302076079, -0.000356043718057, -0.00070390739711, -0.000980305951089, 0.00550230266526, -0.00966832693666, 0.0175850149244, -0.0111942393705, 0.00533125083894, -0.0026819370687], [0.000150217238115, 0.000130282729515, -0.00127398082986, 0.000860563362949, 0.00133298197761, -0.00172978418414, 0.00238990574144, -0.00331088970415, 0.00398628553376, -0.0111942393705, 0.0212449990213, -0.0131408199668, 0.00271695270203], [-2.1130341338e-05, -0.000174576445716, 0.000476386107039, -0.00102522748057, -0.00022404428455, 0.00188630493358, -0.0037226381246, 0.00240947911516, -0.00169248250313, 0.00533125083894, -0.0131408199668, 0.0205795001239, -0.00743903359398], [-8.28740012366e-05, 4.01031611545e-05, 0.000209448902751, 0.000727293256205, 0.00233042426407, -0.00228567328304, 0.000435920577729, 0.000179730865057, 0.0015338496305, -0.0026819370687, 0.00271695270203, -0.00743903359398, 0.0133790811524]]}, "spectral_contrast_coeffs": {"dmean": [0.0601972900331, 0.0522611401975, 0.0479006208479, 0.03659760952, 0.0285634305328, 0.0232306215912], "dmean2": [0.0986890420318, 0.0837850943208, 0.074797257781, 0.0565980635583, 0.0434155538678, 0.0357835516334], "dvar": [0.00336104282178, 0.00214531691745, 0.0019858777523, 0.00128792924806, 0.000883183558472, 0.000560360495001], "dvar2": [0.00882935896516, 0.00503151211888, 0.00429586414248, 0.00272302818485, 0.00183345901314, 0.00131105689798], "max": [-0.373093813658, -0.3751719594, -0.403716951609, -0.521618783474, -0.543571352959, -0.533311843872], "mean": [-0.663732111454, -0.701271831989, -0.729744672775, -0.761915206909, -0.779321312904, -0.756583333015], "median": [-0.665762782097, -0.706275343895, -0.739293813705, -0.774270415306, -0.789267778397, -0.760632634163], "min": [-0.976809382439, -0.978364467621, -0.978364288807, -0.967537879944, -0.966259896755, -0.96310710907], "var": [0.00794585049152, 0.0113293239847, 0.00959097035229, 0.00720826350152, 0.00477852998301, 0.00219712499529]}, "spectral_contrast_valleys": {"dmean": [0.540458619595, 0.566622257233, 0.510013639927, 0.483720421791, 0.485680043697, 0.478339970112], "dmean2": [0.807982385159, 0.867888569832, 0.744109213352, 0.688317656517, 0.643529772758, 0.576482176781], "dvar": [0.438230961561, 0.338813960552, 0.3275847435, 0.357977122068, 0.429316669703, 0.389333993196], "dvar2": [0.729569137096, 0.684057533741, 0.596745669842, 0.669499635696, 0.799539029598, 0.673844635487], "max": [-4.54587745667, -4.90122127533, -5.17658233643, -5.83117389