{"lowlevel": {"average_loudness": 0.548312485218, "barkbands_crest": {"dmean": 2.39392375946, "dmean2": 4.10596656799, "dvar": 5.73538970947, "dvar2": 17.5621414185, "max": 26.5906333923, "mean": 13.0779047012, "median": 12.5288858414, "min": 2.34484434128, "var": 18.4748153687}, "barkbands_flatness_db": {"dmean": 0.024772644043, "dmean2": 0.0393358059227, "dvar": 0.00085706426762, "dvar2": 0.00215132138692, "max": 0.535993337631, "mean": 0.269543379545, "median": 0.27236828208, "min": 0.0175669826567, "var": 0.00576688768342}, "barkbands_kurtosis": {"dmean": 13.5037565231, "dmean2": 23.2959651947, "dvar": 1876.10595703, "dvar2": 5683.57666016, "max": 999.954650879, "mean": 22.2125682831, "median": 8.55573558807, "min": -1.9519456625, "var": 2781.47973633}, "barkbands_skewness": {"dmean": 0.907894551754, "dmean2": 1.51670384407, "dvar": 1.90079259872, "dvar2": 5.36089086533, "max": 29.3096694946, "mean": 2.0121588707, "median": 1.45913672447, "min": -3.28021502495, "var": 7.90945291519}, "barkbands_spread": {"dmean": 2.39216327667, "dmean2": 3.90877056122, "dvar": 34.4614944458, "dvar2": 86.6321334839, "max": 156.561691284, "mean": 8.72857475281, "median": 4.28555345535, "min": 0.180133879185, "var": 209.976486206}, "dissonance": {"dmean": 0.0310481451452, "dmean2": 0.050981041044, "dvar": 0.00112722523045, "dvar2": 0.00271108862944, "max": 0.5, "mean": 0.389442592859, "median": 0.402315914631, "min": 0.0566678866744, "var": 0.00553134828806}, "dynamic_complexity": 5.17387247086, "erbbands_crest": {"dmean": 1.88294792175, "dmean2": 2.8306517601, "dvar": 4.83078289032, "dvar2": 11.0897836685, "max": 30.0212783813, "mean": 14.6429634094, "median": 14.4410629272, "min": 1.95088040829, "var": 34.8819503784}, "erbbands_flatness_db": {"dmean": 0.0176770165563, "dmean2": 0.0250682737678, "dvar": 0.000530123943463, "dvar2": 0.00101136462763, "max": 0.418973892927, "mean": 0.223676741123, "median": 0.227907970548, "min": 0.0138816880062, "var": 0.00538542214781}, "erbbands_kurtosis": {"dmean": 3.32939338684, "dmean2": 4.83640623093, "dvar": 43.2430038452, "dvar2": 86.7179870605, "max": 198.083206177, "mean": 11.0997648239, "median": 6.07388877869, "min": -1.86196029186, "var": 302.093200684}, "erbbands_skewness": {"dmean": 0.420231372118, "dmean2": 0.621860742569, "dvar": 0.300291270018, "dvar2": 0.636614263058, "max": 11.3359212875, "mean": 2.11035227776, "median": 1.98698675632, "min": -2.0810520649, "var": 2.71133995056}, "erbbands_spread": {"dmean": 5.11701726913, "dmean2": 7.78144454956, "dvar": 87.8314819336, "dvar2": 205.560546875, "max": 150.919998169, "mean": 22.9266490936, "median": 14.5453910828, "min": 0.890192687511, "var": 522.786743164}, "hfc": {"dmean": 3.55428266525, "dmean2": 5.40263032913, "dvar": 323.710784912, "dvar2": 742.459289551, "max": 368.468444824, "mean": 9.26772403717, "median": 4.77081012726, "min": 1.21241132931e-16, "var": 403.657592773}, "melbands_crest": {"dmean": 2.63946676254, "dmean2": 4.44366168976, "dvar": 7.94002962112, "dvar2": 23.3850440979, "max": 39.545463562, "mean": 17.0184345245, "median": 15.4685115814, "min": 1.84118616581, "var": 39.9729766846}, "melbands_flatness_db": {"dmean": 0.0252832714468, "dmean2": 0.0382421799004, "dvar": 0.00102355133276, "dvar2": 0.00230625527911, "max": 0.707933843136, "mean": 0.367203146219, "median": 0.380394071341, "min": 0.00314036547206, "var": 0.0128193749115}, "melbands_kurtosis": {"dmean": 24.1366386414, "dmean2": 41.4763145447, "dvar": 15305.2294922, "dvar2": 46358.8359375, "max": 3896.46459961, "mean": 40.3473129272, "median": 11.9298725128, "min": -1.62521326542, "var": 18876.6054688}, "melbands_skewness": {"dmean": 0.878895223141, "dmean2": 1.44534850121, "dvar": 3.09325766563, "dvar2": 8.68214130402, "max": 44.0133323669, "mean": 2.69230437279, "median": 1.83043336868, "min": -1.55638897419, "var": 11.688369751}, "melbands_spread": {"dmean": 2.51122808456, "dmean2": 3.9734184742, "dvar": 51.1871376038, "dvar2": 123.929100037, "max": 197.180847168, "mean": 12.260058403, "median": 4.04790067673, "min": 0.0936723873019, "var": 983.552001953}, "pitch_salience": {"dmean": 0.058958247304, "dmean2": 0.098994679749, "dvar": 0.00359335565008, "dvar2": 0.0098934462294, "max": 0.898304343224, "mean": 0.506394445896, "median": 0.505593061447, "min": 0.028319042176, "var": 0.0188094656914}, "silence_rate_20dB": {"dmean": 0, "dmean2": 0, "dvar": 0, "dvar2": 0, "max": 1, "mean": 1, "median": 1, "min": 1, "var": 0}, "silence_rate_30dB": {"dmean": 0.0103991953656, "dmean2": 0.0208018794656, "dvar": 0.0102906478569, "dvar2": 0.0250648278743, "max": 1, "mean": 0.990608751774, "median": 1, "min": 0, "var": 0.00930283404887}, "silence_rate_60dB": {"dmean": 0.00939282122999, "dmean2": 0.0187887940556, "dvar": 0.00930415932089, "dvar2": 0.0214537717402, "max": 1, "mean": 0.126949518919, "median": 0, "min": 0, "var": 0.110829986632}, "spectral_centroid": {"dmean": 80.0865707397, "dmean2": 122.821044922, "dvar": 47069.90625, "dvar2": 85408.5078125, "max": 11055.4726562, "mean": 602.78527832, "median": 364.065063477, "min": 125.953979492, "var": 589886.1875}, "spectral_complexity": {"dmean": 1.23616230488, "dmean2": 1.86545884609, "dvar": 10.0713796616, "dvar2": 14.6341371536, "max": 63, "mean": 6.45933246613, "median": 5, "min": 0, "var": 41.3806114197}, "spectral_decrease": {"dmean": 1.96344140946e-09, "dmean2": 3.28202731659e-09, "dvar": 1.38308006403e-17, "dvar2": 3.7371735525e-17, "max": 2.74839295025e-16, "mean": -6.64898003322e-09, "median": -5.21821608146e-09, "min": -5.91309259335e-08, "var": 3.64000365333e-17}, "spectral_energy": {"dmean": 0.00769547605887, "dmean2": 0.0128121888265, "dvar": 0.0002164428588, "dvar2": 0.000578663952183, "max": 0.225908130407, "mean": 0.0259353630245, "median": 0.0202412605286, "min": 1.06335925669e-20, "var": 0.000563249981496}, "spectral_energyband_high": {"dmean": 0.000238267399254, "dmean2": 0.000367288070265, "dvar": 3.26176336785e-06, "dvar2": 7.42939801057e-06, "max": 0.037844453007, "mean": 0.000232715698075, "median": 1.11648760139e-05, "min": 7.62611410925e-21, "var": 3.37954247698e-06}, "spectral_energyband_low": {"dmean": 0.00360027025454, "dmean2": 0.00630984222516, "dvar": 0.000109043816337, "dvar2": 0.000305464927806, "max": 0.204074382782, "mean": 0.00772229023278, "median": 0.00445257034153, "min": 7.87285139786e-23, "var": 0.000154924360686}, "spectral_energyband_middle_high": {"dmean": 0.000523806607816, "dmean2": 0.000750897743274, "dvar": 8.68401366461e-06, "dvar2": 1.94575295609e-05, "max": 0.0689446255565, "mean": 0.00112149864435, "median": 0.000152131397044, "min": 1.38788285012e-21, "var": 1.35792934088e-05}, "spectral_energyband_middle_low": {"dmean": 0.00436677923426, "dmean2": 0.00694792624563, "dvar": 7.46698206058e-05, "dvar2": 0.000201359682251, "max": 0.139911040664, "mean": 0.0178534761071, "median": 0.0129225859419, "min": 3.45739004045e-22, "var": 0.00029822209035}, "spectral_entropy": {"dmean": 0.208363115788, "dmean2": 0.31189763546, "dvar": 0.0877140834928, "dvar2": 0.178789719939, "max": 9.80397796631, "mean": 6.23061656952, "median": 6.09227705002, "min": 3.50474524498, "var": 1.05328643322}, "spectral_flux": {"dmean": 0.0219776295125, "dmean2": 0.0349396020174, "dvar": 0.00101348815951, "dvar2": 0.00238795462064, "max": 0.423754751682, "mean": 0.0542473569512, "median": 0.0418073348701, "min": 1.03119311701e-10, "var": 0.00218011252582}, "spectral_kurtosis": {"dmean": 5.80278205872, "dmean2": 9.26525306702, "dvar": 77.9757995605, "dvar2": 186.129699707, "max": 181.296310425, "mean": 18.3841304779, "median": 11.0364713669, "min": -1.17523121834, "var": 434.174621582}, "spectral_rms": {"dmean": 0.000656596035697, "dmean2": 0.00108275364619, "dvar": 8.72600594448e-07, "dvar2": 2.22836524699e-06, "max": 0.0148458136246, "mean": 0.00446074130014, "median": 0.00444382382557, "min": 3.22090618066e-12, "var": 5.40471046406e-06}, "spectral_rolloff": {"dmean": 131.008895874, "dmean2": 225.319046021, "dvar": 693168.8125, "dvar2": 1787691, "max": 19789.0136719, "mean": 1282.35583496, "median": 344.53125, "min": 21.533203125, "var": 15533957}, "spectral_skewness": {"dmean": 0.468048661947, "dmean2": 0.730956077576, "dvar": 0.334092319012, "dvar2": 0.732434511185, "max": 11.0853681564, "mean": 3.12108683586, "median": 2.70367622375, "min": -0.0433647073805, "var": 2.76031517982}, "spectral_spread": {"dmean": 556721.5, "dmean2": 872601.8125, "dvar": 777465561088, "dvar2": 1599399788540.0, "max": 39026280, "mean": 4157086.5, "median": 3292071.25, "min": 474630.53125, "var": 9048406622210.0}, "spectral_strongpeak": {"dmean": 0.276966243982, "dmean2": 0.486262559891, "dvar": 0.32750916481, "dvar2": 0.954776704311, "max": 12.5525760651, "mean": 0.805225908756, "median": 0.579218268394, "min": 0, "var": 0.807545125484}, "zerocrossingrate": {"dmean": 0.00536716263741, "dmean2": 0.00716375187039, "dvar": 0.000127651859657, "dvar2": 0.000185448385309, "max": 0.6591796875, "mean": 0.0485511086881, "median": 0.01806640625, "min": 0.00048828125, "var": 0.015568527393}, "barkbands": {"dmean": [0.0018931303639, 0.00221980107017, 0.000745581521187, 0.00154952367302, 0.0021339065861, 0.00124222273007, 0.000415940914536, 0.000228118777159, 0.000277306127828, 7.63604039093e-05, 4.3063540943e-05, 6.85120612616e-05, 6.81224628352e-05, 4.85228192701e-05, 8.41462024255e-05, 8.20958230179e-05, 5.07301447215e-05, 4.28183848271e-05, 4.93870502396e-05, 5.69801668462e-05, 8.26742252684e-05, 5.94619923504e-05, 3.63924009434e-05, 1.84870586963e-05, 1.15906805149e-05, 7.17853026799e-06, 5.51670746063e-06], "dmean2": [0.00341797759756, 0.00403890246525, 0.00121967471205, 0.00267276237719, 0.00359505205415, 0.00164482777473, 0.000602664425969, 0.000322472973494, 0.000368621491361, 0.000111801615276, 6.50677175145e-05, 0.000100253499113, 0.000103562728327, 7.52097912482e-05, 0.000120854048873, 0.000117110495921, 8.12900616438e-05, 6.96627539583e-05, 7.88239849498e-05, 8.85896879481e-05, 0.000132493398269, 8.97463396541e-05, 5.61788438063e-05, 2.87476741505e-05, 1.94243693841e-05, 1.30855532916e-05, 1.02288167909e-05], "dvar": [1.08454523797e-05, 6.31025759503e-05, 4.80289963889e-06, 1.50306905198e-05, 3.33202951879e-05, 6.2800077103e-06, 2.53251278082e-06, 1.64921971191e-06, 1.84183659258e-06, 1.34297508225e-07, 3.31067013803e-08, 2.2650672804e-07, 1.41230387385e-07, 9.91709327991e-08, 1.89176660115e-07, 2.08117356237e-07, 1.99913074539e-07, 1.66220971209e-07, 1.62515462421e-07, 2.24943278226e-07, 4.66203914584e-07, 2.37463709141e-07, 7.65500303146e-08, 1.65131108787e-08, 6.85778855924e-09, 3.58356389007e-09, 2.23818918954e-09], "dvar2": [3.16009136441e-05, 0.000186504868907, 1.24178095575e-05, 4.06094331993e-05, 0.000107033636596, 1.16743594845e-05, 5.25639279658e-06, 3.03407114188e-06, 3.47828813574e-06, 3.102962296e-07, 6.74999398598e-08, 5.48471803086e-07, 3.41253411307e-07, 2.35190796616e-07, 4.10870427459e-07, 3.67296365766e-07, 4.9631296406e-07, 4.16224054334e-07, 3.88449194588e-07, 5.13002817115e-07, 1.11895360533e-06, 5.52786957542e-07, 1.77977213411e-07, 3.97972712562e-08, 1.81344521621e-08, 1.0297097397e-08, 6.48032649764e-09], "max": [0.045896243304, 0.166720569134, 0.0571843534708, 0.0610886663198, 0.0917321741581, 0.126261934638, 0.0484782382846, 0.0553050152957, 0.0578296147287, 0.01602059789, 0.00597978523001, 0.0208507794887, 0.00921950675547, 0.00892656948417, 0.0130519391969, 0.0230068359524, 0.0149154718965, 0.0120256012306, 0.00874496717006, 0.0107996249571, 0.0152879813686, 0.0131362034008, 0.00619720714167, 0.00326654594392, 0.00205118535087, 0.00136584439315, 0.00117944052909], "mean": [0.00185710808728, 0.00341978995129, 0.00147275137715, 0.00316093419679, 0.00587388547137, 0.00513910362497, 0.00199607550167, 0.000811003730632, 0.000827239768114, 0.000193689193111, 9.73483402049e-05, 0.000143031269545, 0.000112879461085, 7.66065859352e-05, 0.00016613205662, 0.000171027466422, 5.1963608712e-05, 4.36179507233e-05, 5.70294105273e-05, 5.95935161982e-05, 7.80911723268e-05, 5.74793775741e-05, 3.49938200088e-05, 1.64220109582e-05, 9.05614160729e-06, 4.84471775053e-06, 3.71541727873e-06], "median": [0.000693951616995, 0.000605871086009, 0.000780247908551, 0.00149697158486, 0.00220011873171, 0.00297626620159, 9.40160462051e-05, 2.64353111561e-05, 0.000101533289126, 1.97885510715e-05, 4.41052407041e-06, 8.15316161606e-06, 1.20776121548e-05, 3.9082215153e-06, 5.25444420418e-06, 2.94720234706e-06, 2.73546856988e-06, 2.79193341157e-06, 3.44551540366e-06, 2.94713868243e-06, 2.77284993899e-06, 2.14796477849e-06, 1.40434485729e-06, 3.85866655961e-07, 3.47378033894e-07, 3.99007177521e-07, 5.69119265492e-07], "min": [1.71082441771e-23, 3.4793060479e-23, 3.33698071001e-23, 1.37642028465e-23, 5.13444919194e-23, 6.38019971634e-23, 2.60906246517e-23, 8.20844166218e-23, 1.00085313711e-22, 4.63124744227e-23, 7.67326517121e-23, 8.64763082037e-23, 1.63748073769e-22, 1.21600952165e-22, 1.09704803496e-22, 1.75279894917e-22, 1.08940214263e-22, 1.72036338689e-22, 2.32491217964e-22, 2.31393653699e-22, 3.24724405862e-22, 4.90430003258e-22, 6.56036923621e-22, 7.70167299904e-22, 1.35347387339e-21, 1.78470174636e-21, 2.3942971032e-21], "var": [1.14299164125e-05, 7.90457124822e-05, 6.089859653e-06, 2.32301426877e-05, 8.02930444479e-05, 7.42963675293e-05, 2.36904907069e-05, 1.36013777592e-05, 9.76531009655e-06, 3.7050864421e-07, 1.18021759477e-07, 4.13540931277e-07, 1.83299604828e-07, 1.32828162691e-07, 6.23775463282e-07, 8.6257273324e-07, 1.806407397e-07, 1.45006310959e-07, 1.5473594317e-07, 2.27276046871e-07, 4.41666145434e-07, 2.37870253272e-07, 7.66917125361e-08, 1.57179602667e-08, 5.2302322473e-09, 2.08033057447e-09, 1.25088339686e-09]}, "erbbands": {"dmean": [0.0782296359539, 0.473675757647, 0.835018336773, 3.16993951797, 7.27359342575, 6.71952390671, 8.15759849548, 9.43677711487, 7.41110420227, 3.87583804131, 5.86215257645, 7.41523790359, 2.49874019623, 2.50753474236, 1.77820825577, 2.7717359066, 3.12095999718, 2.80493068695, 2.64416456223, 6.53429746628, 3.04734158516, 2.82171559334, 2.37281537056, 2.42324399948, 2.78416848183, 2.69446468353, 3.36898899078, 2.90860342979, 2.26103401184, 1.58466768265, 0.955950081348, 0.47824344039, 0.266602873802, 0.138702467084, 0.0801040232182, 0.0354498103261, 0.0110234590247, 0.00495211454108, 0.000987341161817, 5.35755061719e-05], "dmean2": [0.140044406056, 0.870079994202, 1.40168678761, 5.43358659744, 12.4517374039, 11.3764324188, 10.7742424011, 12.7935523987, 10.6546163559, 5.82822608948, 7.79849433899, 9.83555316925, 3.66267228127, 3.64184784889, 2.67787766457, 4.04695987701, 4.68657207489, 4.26936864853, 3.80537748337, 9.09985923767, 4.51912736893, 4.49527549744, 3.79145669937, 3.92195272446, 4.38017082214, 4.10712003708, 5.39779376984, 4.59614276886, 3.4526591301, 2.40954709053, 1.45009553432, 0.73835003376, 0.421325087547, 0.225222781301, 0.137964904308, 0.0641773939133, 0.0200897604227, 0.00912029761821, 0.00183603761252, 9.72093839664e-05], "dvar": [0.0779827386141, 2.72187232971, 5.82978868484, 68.442237854, 457.025665283, 354.861999512, 218.626663208, 606.01965332, 699.880371094, 242.021987915, 1181.89453125, 1379.40979004, 145.908996582, 145.735687256, 67.1126785278, 429.090332031, 267.667877197, 355.131835938, 220.695053101, 1083.57092285, 362.726593018, 669.045776367, 500.613586426, 450.499084473, 494.277832031, 479.991271973, 781.323791504, 595.658447266, 368.269744873, 148.60168457, 49.0230369568, 11.3300266266, 3.55027842522, 0.900179088116, 0.363119363785, 0.0885472223163, 0.00790719781071, 0.00174586928915, 7.35148641979e-05, 1.65536519603e-07], "dvar2": [0.217230930924, 8.31077861786, 15.4994392395, 182.952667236, 1342.59423828, 1154.79956055, 418.475982666, 1100.31945801, 1461.18469238, 589.717651367, 1938.9432373, 2519.81958008, 321.449432373, 331.016723633, 153.441879272, 1043.24133301, 641.230041504, 853.555969238, 449.490844727, 1977.72290039, 814.530639648, 1673.51501465, 1253.54382324, 1120.6595459, 1141.56103516, 1080.2154541, 1863.82592773, 1436.36560059, 880.758361816, 332.716522217, 114.01750946, 26.8901557922, 8.72940349579, 2.29548549652, 0.996017992496, 0.253086388111, 0.0225879065692, 0.00505289342254, 0.000213168212213, 4.76519176118e-07], "max": [5.32476854324, 34.7312011719, 49.3114738464, 162.696594238, 491.725463867, 325.174499512, 298.315612793, 1527.17834473, 754.345031738, 569.773010254, 1505.2512207, 1543.55944824, 466.83190918, 555.980651855, 232.049072266, 946.682922363, 332.846466064, 491.49822998, 544.631286621, 1411.9921875, 521.252319336, 926.214355469, 621.270141602, 470.972717285, 480.397460938, 472.691833496, 522.723937988, 603.481811523, 543.684936523, 285.471008301, 165.342773438, 90.8293838501, 42.4855537415, 25.4585132599, 14.3059520721, 6.8610830307, 1.91627109051, 1.09192335606, 0.222795665264, 0.0110890325159], "mean": [0.125640824437, 0.675411224365, 1.50077593327, 7.73543357849, 15.1256093979, 19.5854549408, 29.1243457794, 41.8815917969, 36.446472168, 16.3582115173, 22.0016803741, 23.4783611298, 6.54807662964, 6.64313459396, 4.57362699509, 5.74048185349, 5.66314601898, 4.4813990593, 5.02050638199, 14.8234386444, 5.01950454712, 2.9266397953, 2.41749763489, 2.57433724403, 3.24215245247, 2.86912322044, 3.25638222694, 2.70231151581, 2.17095422745, 1.53314781189, 0.926312506199, 0.444386214018, 0.225403249264, 0.113141655922, 0.0597179755569, 0.024162678048, 0.00753668369725, 0.00325922993943, 0.000663120939862, 6.21975341346e-05], "median": [0.02775314264, 0.111413396895, 0.844813287258, 3.71118068695, 5.16460990906, 6.09375047684, 19.9990081787, 19.1054916382, 4.49058008194, 1.17987883091, 1.66757059097, 3.08948707581, 0.809542834759, 0.858007907867, 0.450604170561, 0.507641375065, 0.664837121964, 0.28132507205, 0.283154249191, 0.216198518872, 0.173366114497, 0.142909303308, 0.159386649728, 0.166224852204, 0.20600925386, 0.15059171617, 0.114963419735, 0.0974194481969, 0.0775460600853, 0.0616149641573, 0.0358126722276, 0.0119725912809, 0.00486735580489, 0.00357448286377, 0.00258071301505, 0.00139769760426, 0.000758067122661, 0.000346320914105, 9.8343261925e-05, 3.05582907458e-05], "min": [1.08787821483e-21, 8.01963397656e-21, 3.12003479767e-20, 4.20467537588e-20, 1.66174549228e-19, 1.17579239205e-19, 3.75203051246e-19, 4.2296681211e-19, 3.57797723592e-19, 1.5226093447e-18, 1.13545283567e-18, 2.09969148546e-18, 2.11582750447e-18, 2.44435303809e-18, 2.89526904233e-18, 3.91563313745e-18, 5.95877462713e-18, 8.75319877226e-18, 5.56825397455e-18, 5.38864824814e-18, 1.05482659011e-17, 7.52580998138e-18, 6.42013254583e-18, 1.29677873908e-17, 1.10818337921e-17, 1.17022564747e-17, 1.55272455062e-17, 1.07836831578e-17, 1.73281268876e-17, 1.87224374174e-17, 1.9418203846e-17, 1.61753712947e-17, 1.38215957744e-17, 1.44545692684e-17, 9.0279004906e-18, 5.84384325769e-18, 3.37706638717e-18, 1.3449322933e-18, 3.12680578797e-19, 3.73532695709e-20], "var": [0.138214185834, 2.62457156181, 6.70538711548, 123.422889709, 830.194274902, 1107.32653809, 1118.34313965, 8996.71679688, 6808.38427734, 1947.55175781, 9372.47265625, 8190.84033203, 359.060882568, 414.420776367, 192.350875854, 707.204345703, 382.006866455, 445.101074219, 493.945159912, 5950.42089844, 756.303527832, 595.241760254, 434.797027588, 397.936035156, 497.92855835, 498.650299072, 754.75958252, 553.883361816, 352.64263916, 156.178878784, 49.7523956299, 11.1288881302, 3.22982811928, 0.757842004299, 0.249159157276, 0.0526951737702, 0.00464785378426, 0.00098146952223, 4.09073691117e-05, 9.52464631609e-08]}, "gfcc": {"mean": [-155.631637573, 123.701301575, -55.7871360779, 19.3238067627, -51.3918418884, -8.80982303619, -28.7076320648, -12.2726554871, -19.8726081848, -0.485041737556, -9.87784004211, 1.96157264709, -6.50844478607], "cov": [[37475.0234375, 8754.04492188, -2596.06958008, 1309.58728027, -1890.62634277, -885.414367676, -1155.15161133, -1251.15966797, -411.529144287, -487.480041504, -507.369934082, -749.744018555, -351.327056885], [8754.04492188, 3729.47509766, -83.956199646, -200.4009552, -438.892242432, -376.07699585, -174.746902466, -438.835662842, -159.443313599, -178.065292358, -35.5211753845, -201.879974365, -123.797592163], [-2596.06958008, -83.956199646, 1672.21984863, 126.319480896, 74.2046203613, 165.863494873, 107.877052307, 46.412361145, -124.966705322, 15.9987154007, 118.549308777, 195.106170654, 46.2020606995], [1309.58728027, -200.4009552, 126.319480896, 749.590820312, 54.1405677795, 22.6247272491, -65.3897705078, -15.23898983, -23.3096046448, -40.5388450623, -50.5661010742, 3.55718517303, 8.38018131256], [-1890.62634277, -438.892242432, 74.2046203613, 54.1405677795, 385.063354492, 72.680015564, 37.5296325684, 80.1104049683, 23.6295566559, 25.425825119, -32.7261543274, 0.46530303359, 42.5187110901], [-885.414367676, -376.07699585, 165.863494873, 22.6247272491, 72.680015564, 294.308258057, 111.240081787, 69.5322113037, 48.8041496277, 38.4293670654, 19.4246006012, 38.3407058716, 54.2930183411], [-1155.15161133, -174.746902466, 107.877052307, -65.3897705078, 37.5296325684, 111.240081787, 182.416183472, 86.8703079224, 35.8370285034, 28.6611061096, 43.9941825867, 30.7018699646, 16.6193561554], [-1251.15966797, -438.835662842, 46.412361145, -15.23898983, 80.1104049683, 69.5322113037, 86.8703079224, 168.969100952, 68.5636901855, 42.6779594421, 17.0352134705, 29.146818161, 33.136051178], [-411.529144287, -159.443313599, -124.966705322, -23.3096046448, 23.6295566559, 48.8041496277, 35.8370285034, 68.5636901855, 143.857513428, 69.0580596924, 19.1607952118, 13.0311336517, 25.9750823975], [-487.480041504, -178.065292358, 15.9987154007, -40.5388450623, 25.425825119, 38.4293670654, 28.6611061096, 42.6779594421, 69.0580596924, 135.069854736, 64.3759155273, 35.7758026123, 40.8148078918], [-507.369934082, -35.5211753845, 118.549308777, -50.5661010742, -32.7261543274, 19.4246006012, 43.9941825867, 17.0352134705, 19.1607952118, 64.3759155273, 127.911949158, 75.6111984253, 6.57270145416], [-749.744018555, -201.879974365, 195.106170654, 3.55718517303, 0.46530303359, 38.3407058716, 30.7018699646, 29.146818161, 13.0311336517, 35.7758026123, 75.6111984253, 135.987625122, 42.9339294434], [-351.327056885, -123.797592163, 46.2020606995, 8.38018131256, 42.5187110901, 54.2930183411, 16.6193561554, 33.136051178, 25.9750823975, 40.8148078918, 6.57270145416, 42.9339294434, 97.942199707]], "icov": [[0.000381885882234, -0.00100823049434, 0.000716686306987, -0.000951542984694, 0.00108264409937, -0.00114442617632, 0.00144957983866, -0.00115005066618, 0.00129401183221, -0.00138349563349, 0.00125344877597, -0.000820290239062, 0.000655137468129], [-0.00100823049434, 0.00320273987018, -0.00207208213396, 0.00262880907394, -0.00255709560588, 0.0035636224784, -0.00416939053684, 0.00435704179108, -0.00395941920578, 0.00431585684419, -0.00387377711013, 0.00325555540621, -0.00236341287382], [0.000716686306987, -0.00207208213396, 0.0023142399732, -0.00196286430582, 0.00181716284715, -0.00273510906845, 0.00262378784828, -0.00282426294871, 0.00389178888872, -0.0030540341977, 0.00235591782257, -0.003023609519, 0.00167346838862], [-0.000951542984694, 0.00262880907394, -0.00196286430582, 0.00388627662323, -0.00279925065115, 0.00267265131697, -0.0029275866691, 0.00308643607423, -0.00345508055761, 0.00391671713442, -0.0027683340013, 0.00201002461836, -0.00172205886338], [0.00108264409937, -0.00255709560588, 0.00181716284715, -0.00279925065115, 0.00644642673433, -0.00327535928227, 0.00384045229293, -0.00386268901639, 0.00380534422584, -0.00443588756025, 0.00469481805339, -0.00160117028281, 0.000932160939556], [-0.00114442617632, 0.0035636224784, -0.00273510906845, 0.00267265131697, -0.00327535928227, 0.00923866499215, -0.00761578185484, 0.0052029103972, -0.00575602427125, 0.00477815093473, -0.00373788760044, 0.00364506151527, -0.00451827747747], [0.00144957983866, -0.00416939053684, 0.00262378784828, -0.0029275866691, 0.00384045229293, -0.00761578185484, 0.0156896505505, -0.00925372447819, 0.00521212117746, -0.00424556899816, 0.00180318253115, -0.00278538814746, 0.00345235038549], [-0.00115005066618, 0.00435704179108, -0.00282426294871, 0.00308643607423, -0.00386268901639, 0.0052029103972, -0.00925372447819, 0.0170631576329, -0.00902211200446, 0.00539033347741, -0.00393224228173, 0.00407961802557, -0.00433780811727], [0.00129401183221, -0.00395941920578, 0.00389178888872, -0.00345508055761, 0.00380534422584, -0.00575602427125, 0.00521212117746, -0.00902211200446, 0.0177398473024, -0.0110722538084, 0.00611349893734, -0.00518521433696, 0.0035756432917], [-0.00138349563349, 0.00431585684419, -0.0030540341977, 0.00391671713442, -0.00443588756025, 0.00477815093473, -0.00424556899816, 0.00539033347741, -0.0110722538084, 0.0212546754628, -0.0140644898638, 0.00750078028068, -0.00849331263453], [0.00125344877597, -0.00387377711013, 0.00235591782257, -0.0027683340013, 0.00469481805339, -0.00373788760044, 0.00180318253115, -0.00393224228173, 0.00611349893734, -0.0140644898638, 0.023760613054, -0.013391491957, 0.00829908531159], [-0.000820290239062, 0.00325555540621, -0.003023609519, 0.00201002461836, -0.00160117028281, 0.00364506151527, -0.00278538814746, 0.00407961802557, -0.00518521433696, 0.00750078028068, -0.013391491957, 0.0195671264082, -0.00923557206988], [0.000655137468129, -0.00236341287382, 0.00167346838862, -0.00172205886338, 0.000932160939556, -0.00451827747747, 0.00345235038549, -0.00433780811727, 0.0035756432917, -0.00849331263453, 0.00829908531159, -0.00923557206988, 0.0179951246828]]}, "melbands": {"dmean": [0.000705341633875, 0.000487204088131, 0.000645236577839, 0.000546427734662, 0.000254596030572, 0.000214312865864, 0.000108055719465, 3.98471602239e-05, 5.12920305482e-05, 4.17927112721e-05, 1.17004647109e-05, 1.05172994154e-05, 6.20109040028e-06, 7.8888679127e-06, 7.1373906394e-06, 6.49395587971e-06, 5.19571995028e-06, 3.81867084798e-06, 7.05270349499e-06, 7.72852763475e-06, 3.06174592879e-06, 2.84096654468e-06, 2.56430803347e-06, 2.05281730814e-06, 1.93058554032e-06, 2.06383242585e-06, 2.0777872578e-06, 1.65106462191e-06, 2.02811543204e-06, 1.99498208531e-06, 1.59674391398e-06, 1.32778541229e-06, 1.06485947526e-06, 8.29834277738e-07, 6.02055422405e-07, 3.65144444459e-07, 2.58168967093e-07, 1.91618852341e-07, 1.50286581402e-07, 1.04817800661e-07], "dmean2": [0.0012717412319, 0.000852221855894, 0.00110303773545, 0.000934547220822, 0.000348775734892, 0.000289624964353, 0.000154858949827, 6.05673994869e-05, 6.74007969792e-05, 5.59193722438e-05, 1.75049553945e-05, 1.52567508849e-05, 9.21376431506e-06, 1.16977398648e-05, 1.01343439383e-05, 9.91871365841e-06, 8.10538131191e-06, 5.47641684534e-06, 1.02858257378e-05, 1.07113992271e-05, 4.80140033687e-06, 4.5563074309e-06, 4.15229169448e-06, 3.33127923113e-06, 3.16336604556e-06, 3.23574545291e-06, 3.25903010889e-06, 2.55956683759e-06, 3.24702023136e-06, 3.18314278047e-06, 2.57187502939e-06, 2.07098901228e-06, 1.64077778209e-06, 1.26438192183e-06, 9.30331907512e-07, 5.64706795103e-07, 4.02740539585e-07, 3.03338396179e-07, 2.46014309369e-07, 1.71419586081e-07], "dvar": [5.60610442335e-06, 2.20093329517e-06, 2.59559715232e-06, 2.3535951641e-06, 2.04200517828e-07, 2.73027637832e-07, 1.47469620515e-07, 2.73422458008e-08, 7.59807790018e-08, 4.31640216902e-08, 3.57575768994e-09, 2.76082889883e-09, 7.05740410556e-10, 3.33717564693e-09, 1.5039536283e-09, 1.58050739163e-09, 1.32379884832e-09, 4.74688233165e-10, 1.44437373173e-09, 1.85447768253e-09, 5.38635969161e-10, 6.43831876701e-10, 6.14509332308e-10, 3.98993005302e-10, 2.87957879763e-10, 2.79638812106e-10, 2.991394632e-10, 1.81508336139e-10, 2.9025776227e-10, 2.74527345301e-10, 1.88774551546e-10, 1.34704636334e-10, 7.63651156199e-11, 4.24575825886e-11, 2.03696486761e-11, 7.43167940381e-12, 3.29282955069e-12, 1.85062273665e-12, 1.2913489722e-12, 4.81918975212e-13], "dvar2": [1.62336691574e-05, 6.28730322205e-06, 6.9416473707e-06, 7.59634122005e-06, 4.27928711133e-07, 5.06006529122e-07, 3.05743895979e-07, 6.91358650329e-08, 1.25831817854e-07, 8.07314961548e-08, 7.86681297882e-09, 6.27636964623e-09, 1.47065948308e-09, 8.3004056961e-09, 3.2986440246e-09, 3.90464593991e-09, 3.22312665446e-09, 9.64463842124e-10, 3.26530202877e-09, 2.95819191365e-09, 1.32039712497e-09, 1.60238244895e-09, 1.54706480959e-09, 1.00287600446e-09, 7.24316273626e-10, 6.74821976077e-10, 6.91312007639e-10, 4.06586347923e-10, 6.91800949859e-10, 6.56511622843e-10, 4.65419536244e-10, 3.2509714365e-10, 1.79363579544e-10, 9.75511268986e-11, 4.81355129367e-11, 1.79777737835e-11, 7.88022858772e-12, 4.48868156186e-12, 3.36972008456e-12, 1.22334965508e-12], "max": [0.0481710657477, 0.0277358219028, 0.0269627943635, 0.0232443511486, 0.00806788541377, 0.0303836409003, 0.0112467035651, 0.00666670035571, 0.0116925677285, 0.00831829104573, 0.00236309599131, 0.00251281494275, 0.000937558012083, 0.00249551376328, 0.00173368782271, 0.00103978917468, 0.00105742155574, 0.000838896201458, 0.00119191326667, 0.0024098388385, 0.000729465100449, 0.000892380543519, 0.000831090204883, 0.000657045166008, 0.00038604188012, 0.000386780651752, 0.000390676839743, 0.000316796125844, 0.000349042413291, 0.000332981551765, 0.00035877872142, 0.000344334461261, 0.000259417691268, 0.000143447701703, 0.000111471199489, 6.92898756824e-05, 4.78628280689e-05, 3.07298068947e-05, 3.00557512674e-05, 1.66973604792e-05], "mean": [0.00112424732652, 0.000823692244012, 0.00142751692329, 0.00138111261185, 0.000934693031013, 0.000936375174206, 0.000536252860911, 0.00015642301878, 0.000187546524103, 0.000127406368847, 2.78335519397e-05, 2.7324864277e-05, 1.55733778229e-05, 1.5674804672e-05, 1.39490502988e-05, 1.05430635813e-05, 7.8461062003e-06, 6.74048214933e-06, 1.39334870255e-05, 1.78232003236e-05, 3.87989848605e-06, 2.88360638478e-06, 2.53556140706e-06, 2.10264306588e-06, 1.99367036657e-06, 2.40821191255e-06, 2.24789823733e-06, 1.74187562152e-06, 1.93581627173e-06, 1.90239950371e-06, 1.44593309415e-06, 1.26013446788e-06, 1.05099582015e-06, 7.71784243625e-07, 5.81531423904e-07, 3.46373525417e-07, 2.34020845369e-07, 1.64566472449e-07, 1.19679214095e-07, 8.59456079638e-08], "median": [0.000336473283824, 0.000433287554188, 0.00075563887367, 0.000330724724336, 0.0006834603264, 0.000438837334514, 5.15742285643e-05, 9.76628325589e-06, 1.50714031406e-05, 1.55528905452e-05, 2.07743778446e-06, 3.24076927427e-06, 1.15900832043e-06, 9.83158656709e-07, 1.34387369144e-06, 1.0735612932e-06, 3.54690001814e-07, 3.67886570984e-07, 3.90250249893e-07, 1.85649099649e-07, 1.69425163676e-07, 1.1865627414e-07, 1.41671847587e-07, 1.35014744274e-07, 1.15463130612e-07, 1.40427601991e-07, 1.29474784671e-07, 7.64392638075e-08, 6.06647461154e-08, 6.38049115764e-08, 4.58475994947e-08, 3.95455401758e-08, 4.09529476997e-08, 2.79399046121e-08, 2.18467430813e-08, 1.05303241682e-08, 5.24821919257e-09, 3.11461811897e-09, 2.6552398058e-09, 2.98236679797e-09], "min": [1.08466938741e-23, 1.48354822667e-23, 1.15863282811e-23, 1.10501355795e-23, 1.0096981769e-23, 1.02513082056e-23, 5.42279867872e-24, 1.86906265778e-23, 7.11623218446e-24, 1.52138452003e-23, 1.04518587358e-23, 9.37514721948e-24, 9.46770505835e-24, 9.01536511555e-24, 1.07351331649e-23, 1.6729486813e-23, 1.58554825725e-23, 7.9649029458e-24, 7.88126949035e-24, 8.60986457785e-24, 1.22581624599e-23, 7.64586866306e-24, 4.47610642789e-24, 8.59056982897e-24, 1.07013107536e-23, 8.64745695543e-24, 6.64387252961e-24, 7.86156926696e-24, 9.31551801251e-24, 9.40793306756e-24, 5.13559138364e-24, 9.80842433851e-24, 1.02663722935e-23, 1.00516025455e-23, 1.1644500462e-23, 9.22399989232e-24, 1.01431537978e-23, 7.92788249238e-24, 1.38886850973e-23, 1.12209192323e-23], "var": [8.13976021163e-06, 2.22685230256e-06, 4.22386028731e-06, 5.57274370294e-06, 1.02989724837e-06, 3.82883308703e-06, 1.48386880028e-06, 1.94979008938e-07, 5.87912779793e-07, 2.48824903792e-07, 8.4765368058e-09, 7.88735388113e-09, 2.62461918865e-09, 5.40038413988e-09, 3.12198067398e-09, 1.75544678793e-09, 1.57943325085e-09, 1.05121322758e-09, 4.04520017483e-09, 1.02180939265e-08, 7.14923009681e-10, 5.89789106442e-10, 5.18457554666e-10, 3.44178019418e-10, 2.47899395456e-10, 2.66716621011e-10, 2.93308405341e-10, 1.90531812549e-10, 2.80484940829e-10, 2.58959464983e-10, 1.68267427769e-10, 1.26240948251e-10, 7.54045437201e-11, 4.26132497344e-11, 2.01502460551e-11, 7.05292204847e-12, 3.18088459218e-12, 1.72336786768e-12, 1.03389703483e-12, 4.07796951589e-13]}, "mfcc": {"mean": [-802.493225098, 165.612625122, 40.4956245422, 37.5044059753, -0.200838759542, 9.60616779327, -4.97525501251, -4.28904819489, -9.82761764526, -2.85756826401, -2.84940457344, -5.20785188675, -0.42469266057], "cov": [[15788.8730469, 3237.97460938, -940.265258789, 501.399993896, -720.519042969, 88.7935028076, -653.758239746, -331.712341309, -304.14956665, 223.792892456, -214.20362854, -322.468170166, -30.8263378143], [3237.97460938, 3421.99658203, 405.258972168, -32.6359024048, -287.05569458, -63.9397544861, -76.9249191284, -167.537017822, -245.760314941, -93.9900970459, -9.24136066437, -98.6104812622, -8.12680530548], [-940.265258789, 405.258972168, 1213.28930664, 157.412643433, 69.688041687, 95.9914321899, 160.102050781, 68.8823547363, -44.2959098816, -188.642471313, 35.6566429138, 126.666778564, -80.3817901611], [501.399993896, -32.6359024048, 157.412643433, 544.150695801, 161.111572266, 44.3591766357, -13.3133678436, 18.8137397766, -30.9592552185, -4.00081586838, -36.1649551392, -63.4039077759, -9.30868053436], [-720.519042969, -287.05569458, 69.688041687, 161.111572266, 298.341369629, 88.2297363281, 56.3875961304, 25.8849754333, 56.9016799927, 9.87718009949, -14.9899759293, -21.1390190125, -15.9299688339], [88.7935028076, -63.9397544861, 95.9914321899, 44.3591766357, 88.2297363281, 188.659805298, 56.1536598206, 23.1038799286, 36.4372558594, 1.60463011265, -5.63249158859, 15.5531015396, -17.5612545013], [-653.758239746, -76.9249191284, 160.102050781, -13.3133678436, 56.3875961304, 56.1536598206, 168.814956665, 53.3726081848, 38.9315490723, -17.717294693, 0.26115578413, 27.0242156982, -4.15342569351], [-331.712341309, -167.537017822, 68.8823547363, 18.8137397766, 25.8849754333, 23.1038799286, 53.3726081848, 139.189971924, 34.2831115723, -18.5123233795, 10.6831235886, 26.0624294281, -22.7273979187], [-304.14956665, -245.760314941, -44.2959098816, -30.9592552185, 56.9016799927, 36.4372558594, 38.9315490723, 34.2831115723, 156.454071045, 61.6046485901, -8.93663024902, 11.7304830551, 18.7261619568], [223.792892456, -93.9900970459, -188.642471313, -4.00081586838, 9.87718009949, 1.60463011265, -17.717294693, -18.5123233795, 61.6046485901, 155.392333984, 9.92218208313, -30.0236415863, 39.5337486267], [-214.20362854, -9.24136066437, 35.6566429138, -36.1649551392, -14.9899759293, -5.63249158859, 0.26115578413, 10.6831235886, -8.93663024902, 9.92218208313, 108.881141663, 49.0443115234, -4.68495798111], [-322.468170166, -98.6104812622, 126.666778564, -63.4039077759, -21.1390190125, 15.5531015396, 27.0242156982, 26.0624294281, 11.7304830551, -30.0236415863, 49.0443115234, 141.815170288, 6.7475771904], [-30.8263378143, -8.12680530548, -80.3817901611, -9.30868053436, -15.9299688339, -17.5612545013, -4.15342569351, -22.7273979187, 18.7261619568, 39.5337486267, -4.68495798111, 6.7475771904, 110.175231934]], "icov": [[0.000145126527059, -0.000127476829221, 0.00013475016749, -0.000254906510236, 0.00040303246351, -0.000374488241505, 0.000339153135428, 2.72081106232e-05, -7.107246347e-06, -0.000195218948647, 0.000249268457992, -9.85213118838e-05, 0.000212848244701], [-0.000127476829221, 0.000517144100741, -0.000345715438016, 0.000278467108728, 1.00445986391e-05, 0.000220082001761, -0.000252972648013, 0.000297364604194, 0.000386264000554, 0.000140513264341, -0.000272418721579, 0.000580267165788, -0.000301078165649], [0.00013475016749, -0.000345715438016, 0.00163152476307, -0.000843605492264, 0.000323764077621, -0.000515551015269, -0.000831189565361, 0.000145874000737, -0.000252725847531, 0.00111296167597, -8.09667690191e-05, -0.00128619838506, 0.000813573366031], [-0.000254906510236, 0.000278467108728, -0.000843605492264, 0.0032168996986, -0.0022215556819, 0.000447745929705, 0.00051559280837, -0.00092816905817, 0.00128173304256, -0.000337776698871, 0.000179842027137, 0.00130496686324, -0.00098525872454], [0.00040303246351, 1.00445986391e-05, 0.000323764077621, -0.0022215556819, 0.00664873095229, -0.00259961653501, -0.000264323287411, 0.000819536740892, -0.00163578195497, -6.02594118391e-05, 0.000203238931135, 0.000815603416413, 0.00112641730811], [-0.000374488241505, 0.000220082001761, -0.000515551015269, 0.000447745929705, -0.00259961653501, 0.00786671880633, -0.00228340947069, 3.39122379955e-05, -0.000709500454832, -0.000156224356033, 2.49477052421e-05, -0.000870913732797, 0.000603145221248], [0.000339153135428, -0.000252972648013, -0.000831189565361, 0.00051559280837, -0.000264323287411, -0.00228340947069, 0.00972134061158, -0.00250158878043, -0.000843326793984, -0.000320922845276, 0.00105938874185, 5.70438314753e-05, -0.000738315808121], [2.72081106232e-05, 0.000297364604194, 0.000145874000737, -0.00092816905817, 0.000819536740892, 3.39122379955e-05, -0.00250158878043, 0.00973859336227, -0.00224157329649, 0.00142967631109, -0.00101511215325, -0.000725577934645, 0.00196532486007], [-7.107246347e-06, 0.000386264000554, -0.000252725847531, 0.00128173304256, -0.00163578195497, -0.000709500454832, -0.000843326793984, -0.00224157329649, 0.0108138266951, -0.00472704647109, 0.00230627739802, -0.00119388184976, -0.000864003552124], [-0.000195218948647, 0.000140513264341, 0.00111296167597, -0.000337776698871, -6.02594118391e-05, -0.000156224356033, -0.000320922845276, 0.00142967631109, -0.00472704647109, 0.0115719735622, -0.00371997314505, 0.00256999372505, -0.00267605599947], [0.000249268457992, -0.000272418721579, -8.09667690191e-05, 0.000179842027137, 0.000203238931135, 2.49477052421e-05, 0.00105938874185, -0.00101511215325, 0.00230627739802, -0.00371997314505, 0.0126687716693, -0.00489581609145, 0.00165105378255], [-9.85213118838e-05, 0.000580267165788, -0.00128619838506, 0.00130496686324, 0.000815603416413, -0.000870913732797, 5.70438314753e-05, -0.000725577934645, -0.00119388184976, 0.00256999372505, -0.00489581609145, 0.0117637794465, -0.00262921582907], [0.000212848244701, -0.000301078165649, 0.000813573366031, -0.00098525872454, 0.00112641730811, 0.000603145221248, -0.000738315808121, 0.00196532486007, -0.000864003552124, -0.00267605599947, 0.00165105378255, -0.00262921582907, 0.0115990266204]]}, "spectral_contrast_coeffs": {"dmean": [0.041294965893, 0.0368834100664, 0.0315295942128, 0.0245266705751, 0.0169150233269, 0.015557016246], "dmean2": [0.0694410502911, 0.0590821579099, 0.050398953259, 0.0385594218969, 0.0271477811038, 0.023507591337], "dvar": [0.00134942180011, 0.00148836825974, 0.00104940752499, 0.000561931927223, 0.000263049820205, 0.000301168067381], "dvar2": [0.00364218885079, 0.00346402800642, 0.00239910022356, 0.00115747493692, 0.000588689057622, 0.000595799123403], "max": [-0.225570380688, -0.304334908724, -0.392282128334, -0.460321933031, -0.605832278728, -0.597917556763], "mean": [-0.592914879322, -0.585337638855, -0.737237215042, -0.786129713058, -0.824142098427, -0.788847208023], "median": [-0.58256483078, -0.565095543861, -0.73939371109, -0.79907733202, -0.825735330582, -0.782872140408], "min": [-0.967672288418, -0.985852003098, -0.971274256706, -0.961922109127, -0.958914041519, -0.959637463093], "var": [0.016303235665, 0.0164123531431, 0.0100704440847, 0.00741993822157, 0.00277871778235, 0.00380513328128]}, "spectral_contrast_valleys": {"dmean": [0.397512793541, 0.358718305826, 0.350797683001, 0.295429944992, 0.25176230073, 0.285819411278], "dmean2": [0.658886492252, 0.5905123353, 0.57344442606, 0.472731649876, 0.372837543488, 0.406486481428], "dvar": [0.159923583269, 0.165499731898, 0.176875725389, 0.144675970078, 0.145653650165, 0.203083768487], "dvar2": [0.36373218894, 0.38117235899, 0.403411120176, 0.277707844973, 0.24403552711, 0.374152898788], "max": [-5.0274348259, -4.73