{"lowlevel": {"average_loudness": 0.962284624577, "barkbands_crest": {"dmean": 2.09434938431, "dmean2": 3.46697854996, "dvar": 4.38551235199, "dvar2": 12.208987236, "max": 24.6451625824, "mean": 12.0208644867, "median": 11.4695930481, "min": 2.59998273849, "var": 16.3017196655}, "barkbands_flatness_db": {"dmean": 0.0203555021435, "dmean2": 0.031123386696, "dvar": 0.000474779866636, "dvar2": 0.001031956519, "max": 0.652327120304, "mean": 0.200973182917, "median": 0.184567093849, "min": 0.0435082800686, "var": 0.00835393089801}, "barkbands_kurtosis": {"dmean": 2.35913920403, "dmean2": 3.9560482502, "dvar": 24.3492183685, "dvar2": 67.5271835327, "max": 389.29397583, "mean": 5.95941448212, "median": 2.92469215393, "min": -1.71694803238, "var": 388.124084473}, "barkbands_skewness": {"dmean": 0.395675569773, "dmean2": 0.659956216812, "dvar": 0.23542945087, "dvar2": 0.657382011414, "max": 14.1860752106, "mean": 1.94101810455, "median": 1.75759541988, "min": -2.12472724915, "var": 1.02889251709}, "barkbands_spread": {"dmean": 3.19459104538, "dmean2": 5.14795827866, "dvar": 14.1433925629, "dvar2": 37.2421302795, "max": 92.3944244385, "mean": 16.9472885132, "median": 15.2173595428, "min": 0.104202777147, "var": 81.0876846313}, "dissonance": {"dmean": 0.0135000813752, "dmean2": 0.0227653309703, "dvar": 0.000176090208697, "dvar2": 0.000480681221234, "max": 0.500000178814, "mean": 0.467571139336, "median": 0.473257482052, "min": 0.206439107656, "var": 0.000570408650674}, "dynamic_complexity": 1.9439060688, "erbbands_crest": {"dmean": 1.73538827896, "dmean2": 2.76613402367, "dvar": 3.38178634644, "dvar2": 8.05774211884, "max": 30.5662288666, "mean": 8.51109027863, "median": 7.41941022873, "min": 2.26219534874, "var": 16.6091003418}, "erbbands_flatness_db": {"dmean": 0.0133281964809, "dmean2": 0.0183632075787, "dvar": 0.000274849124253, "dvar2": 0.000470051978482, "max": 0.418117046356, "mean": 0.195465102792, "median": 0.181111186743, "min": 0.0414162389934, "var": 0.00455515552312}, "erbbands_kurtosis": {"dmean": 0.482312500477, "dmean2": 0.770221889019, "dvar": 1.23375236988, "dvar2": 2.9325158596, "max": 124.307853699, "mean": 0.0751832649112, "median": -0.576462626457, "min": -1.79086780548, "var": 29.3476409912}, "erbbands_skewness": {"dmean": 0.22961255908, "dmean2": 0.362329423428, "dvar": 0.0561002939939, "dvar2": 0.131198987365, "max": 9.8039264679, "mean": 0.161423400044, "median": 0.0820763707161, "min": -2.74563622475, "var": 0.651327908039}, "erbbands_spread": {"dmean": 5.25627040863, "dmean2": 8.14118003845, "dvar": 33.0623550415, "dvar2": 75.6969451904, "max": 122.791023254, "mean": 37.5590934753, "median": 36.0321121216, "min": 2.25981259346, "var": 171.427810669}, "hfc": {"dmean": 3.19286870956, "dmean2": 4.89998006821, "dvar": 13.677980423, "dvar2": 29.3547859192, "max": 77.0457992554, "mean": 23.3924808502, "median": 22.0929374695, "min": 1.22930818077e-16, "var": 152.090866089}, "melbands_crest": {"dmean": 2.48967671394, "dmean2": 4.15083789825, "dvar": 7.27853155136, "dvar2": 20.4614086151, "max": 30.3769779205, "mean": 15.6245803833, "median": 15.2015686035, "min": 2.40925931931, "var": 20.8491477966}, "melbands_flatness_db": {"dmean": 0.0238980669528, "dmean2": 0.0364831574261, "dvar": 0.000692860630807, "dvar2": 0.00155316258315, "max": 0.764612913132, "mean": 0.278421580791, "median": 0.263091981411, "min": 0.00690314965323, "var": 0.0109526421875}, "melbands_kurtosis": {"dmean": 5.58589982986, "dmean2": 9.48939228058, "dvar": 85.4058990479, "dvar2": 235.759872437, "max": 254.537231445, "mean": 14.6343297958, "median": 10.4995002747, "min": -1.56521332264, "var": 214.027160645}, "melbands_skewness": {"dmean": 0.575042128563, "dmean2": 0.956846356392, "dvar": 0.528648257256, "dvar2": 1.45894610882, "max": 11.7503986359, "mean": 3.08127689362, "median": 2.87731838226, "min": -0.135229423642, "var": 1.45719492435}, "melbands_spread": {"dmean": 3.33903050423, "dmean2": 5.4839348793, "dvar": 17.7494106293, "dvar2": 47.4625244141, "max": 166.359329224, "mean": 14.7200899124, "median": 13.4544248581, "min": 0.267886638641, "var": 71.8987884521}, "pitch_salience": {"dmean": 0.0620225220919, "dmean2": 0.104424491525, "dvar": 0.00398693978786, "dvar2": 0.0113288201392, "max": 0.909558475018, "mean": 0.486818194389, "median": 0.492773652077, "min": 0.024894291535, "var": 0.0124283106998}, "silence_rate_20dB": {"dmean": 0, "dmean2": 0, "dvar": 0, "dvar2": 0, "max": 1, "mean": 1, "median": 1, "min": 1, "var": 0}, "silence_rate_30dB": {"dmean": 0.000305483437842, "dmean2": 0.000610997958574, "dvar": 0.000305359018967, "dvar2": 0.000814170460217, "max": 1, "mean": 0.999796330929, "median": 1, "min": 0, "var": 0.000203583054827}, "silence_rate_60dB": {"dmean": 0.000101827812614, "dmean2": 0.000203665986191, "dvar": 0.000101807127066, "dvar2": 0.000203583214898, "max": 1, "mean": 0.0165970884264, "median": 0, "min": 0, "var": 0.0163208320737}, "spectral_centroid": {"dmean": 164.167037964, "dmean2": 259.554351807, "dvar": 34449.8476562, "dvar2": 80766.515625, "max": 11149.7460938, "mean": 1052.95300293, "median": 954.646179199, "min": 85.9221572876, "var": 253976.234375}, "spectral_complexity": {"dmean": 3.32223415375, "dmean2": 5.37851333618, "dvar": 9.23628234863, "dvar2": 21.7886123657, "max": 58, "mean": 26.1775779724, "median": 25, "min": 0, "var": 106.69783783}, "spectral_decrease": {"dmean": 2.54904874986e-09, "dmean2": 4.40298997262e-09, "dvar": 1.15131423071e-17, "dvar2": 3.36493466679e-17, "max": 3.31782426423e-22, "mean": -1.35395605838e-08, "median": -1.37415447909e-08, "min": -3.64220262838e-08, "var": 2.32408552652e-17}, "spectral_energy": {"dmean": 0.009711407125, "dmean2": 0.0167603753507, "dvar": 0.000165061312146, "dvar2": 0.000481971510453, "max": 0.139227375388, "mean": 0.0532231330872, "median": 0.0542969629169, "min": 1.12715443052e-20, "var": 0.000348329806002}, "spectral_energyband_high": {"dmean": 0.000184899763553, "dmean2": 0.000254189071711, "dvar": 1.04895676145e-07, "dvar2": 1.86688978943e-07, "max": 0.00582193350419, "mean": 0.000566923583392, "median": 0.000201775168534, "min": 8.02262362055e-21, "var": 5.84431347761e-07}, "spectral_energyband_low": {"dmean": 0.00938907917589, "dmean2": 0.016129905358, "dvar": 0.000207061530091, "dvar2": 0.000603045104071, "max": 0.131555780768, "mean": 0.0284138452262, "median": 0.0268997661769, "min": 7.08910420457e-23, "var": 0.000295700418064}, "spectral_energyband_middle_high": {"dmean": 0.00123828882352, "dmean2": 0.0019799398724, "dvar": 1.82996188869e-06, "dvar2": 4.52616768598e-06, "max": 0.0282470788807, "mean": 0.00628345785663, "median": 0.00576327182353, "min": 1.55260256071e-21, "var": 1.21891016533e-05}, "spectral_energyband_middle_low": {"dmean": 0.00510434433818, "dmean2": 0.00832933187485, "dvar": 4.14567111875e-05, "dvar2": 0.000108854845166, "max": 0.0952066108584, "mean": 0.019785720855, "median": 0.0182646550238, "min": 3.65559809554e-22, "var": 0.000116193274152}, "spectral_entropy": {"dmean": 0.11681445688, "dmean2": 0.172058299184, "dvar": 0.0210409741849, "dvar2": 0.0399334654212, "max": 9.81194496155, "mean": 7.33527469635, "median": 7.40165901184, "min": 4.2372751236, "var": 0.293957203627}, "spectral_flux": {"dmean": 0.023426707834, "dmean2": 0.0372516065836, "dvar": 0.000860620522872, "dvar2": 0.00172741629649, "max": 0.300199687481, "mean": 0.0835522636771, "median": 0.073541790247, "min": 1.06167526159e-10, "var": 0.00200143223628}, "spectral_kurtosis": {"dmean": 4.17765951157, "dmean2": 7.17321538925, "dvar": 51.2250709534, "dvar2": 145.537765503, "max": 198.26965332, "mean": 8.27924728394, "median": 4.57911014557, "min": -1.20127224922, "var": 194.840560913}, "spectral_rms": {"dmean": 0.000633876537904, "dmean2": 0.00108315702528, "dvar": 6.01016608925e-07, "dvar2": 1.74404715381e-06, "max": 0.0116546805948, "mean": 0.00704547669739, "median": 0.00727823097259, "min": 3.31611647864e-12, "var": 2.28633598454e-06}, "spectral_rolloff": {"dmean": 233.548797607, "dmean2": 403.737640381, "dvar": 143557.546875, "dvar2": 357665.3125, "max": 18970.7519531, "mean": 785.525756836, "median": 645.99609375, "min": 21.533203125, "var": 414161.40625}, "spectral_skewness": {"dmean": 0.363448232412, "dmean2": 0.611007928848, "dvar": 0.23173058033, "dvar2": 0.642906069756, "max": 11.1103487015, "mean": 1.6427564621, "median": 1.3896086216, "min": -0.0453117415309, "var": 0.913303017616}, "spectral_spread": {"dmean": 296648, "dmean2": 413035.75, "dvar": 174159101952, "dvar2": 232262189056, "max": 40980472, "mean": 3173760.75, "median": 2998440, "min": 399173.5625, "var": 1685841510400.0}, "spectral_strongpeak": {"dmean": 0.229602396488, "dmean2": 0.405971080065, "dvar": 0.1686398983, "dvar2": 0.452010005713, "max": 7.25504589081, "mean": 0.716797411442, "median": 0.577362298965, "min": 0, "var": 0.261376082897}, "zerocrossingrate": {"dmean": 0.00507873669267, "dmean2": 0.00641968008131, "dvar": 3.1243358535e-05, "dvar2": 4.04830825573e-05, "max": 0.5068359375, "mean": 0.0355755724013, "median": 0.03173828125, "min": 0.0029296875, "var": 0.000387480307836}, "barkbands": {"dmean": [7.29480962036e-05, 0.00667977286503, 0.00376430805773, 0.00183269975241, 0.00297782220878, 0.0014750364935, 0.000943643972278, 0.000462507945485, 0.000455029221484, 0.000494876294397, 0.000314840697683, 0.000289547082502, 0.00034069706453, 0.000278512219666, 0.000252974801697, 0.000207205768675, 0.00026032605092, 0.000134912435897, 0.000224222181714, 0.000109764943772, 8.40112770675e-05, 3.89472115785e-05, 2.93819921353e-05, 2.39372366195e-05, 1.35187910928e-05, 4.34666071669e-06, 6.31324553524e-07], "dmean2": [0.000117570984003, 0.0112764015794, 0.00665241479874, 0.00308099878021, 0.00493320450187, 0.00237939879298, 0.00146352592856, 0.000750372710172, 0.000654665811453, 0.000766257522628, 0.000503598013893, 0.000480294460431, 0.000555146019906, 0.000442296703113, 0.000416242895881, 0.000345167907653, 0.000438069459051, 0.000229605342611, 0.000370599882444, 0.000178093774593, 0.000127335646539, 5.9863748902e-05, 4.33494351455e-05, 3.34321521223e-05, 1.80168262887e-05, 5.86155692872e-06, 8.88459169346e-07], "dvar": [1.74193104385e-08, 8.6564810772e-05, 6.23280575383e-05, 6.34211664874e-06, 2.67368632194e-05, 4.95639778819e-06, 3.08083212985e-06, 6.62123682105e-07, 7.9031082123e-07, 5.79759330321e-07, 3.13611167257e-07, 1.44298269333e-07, 1.6409030934e-07, 1.60569541663e-07, 1.55556421078e-07, 1.16205640666e-07, 1.60356165679e-07, 4.1971961906e-08, 1.57215367835e-07, 3.0195010936e-08, 1.99324396988e-08, 5.70284708346e-09, 4.61781368699e-09, 3.13768100391e-09, 1.1457321758e-09, 1.68138419854e-10, 4.68419053545e-12], "dvar2": [4.2027551217e-08, 0.000249253178481, 0.000179403359652, 1.7643236788e-05, 7.03400874045e-05, 1.3155439774e-05, 6.77149500916e-06, 1.65792039297e-06, 1.39741814564e-06, 1.21053290059e-06, 6.74719103699e-07, 3.63797710179e-07, 4.03096379387e-07, 3.81496363389e-07, 3.80556883783e-07, 3.19265723192e-07, 4.32823924257e-07, 1.2205106259e-07, 4.27182357043e-07, 8.03612181244e-08, 4.50323689449e-08, 1.30224897532e-08, 9.9671373377e-09, 5.93498317158e-09, 1.84205273257e-09, 2.95026642005e-10, 9.10398145759e-12], "max": [0.00195430638269, 0.101693823934, 0.0853477120399, 0.0453277267516, 0.073823004961, 0.0410620048642, 0.0426320880651, 0.0231058821082, 0.0239679124206, 0.0201948359609, 0.0158274080604, 0.0107334339991, 0.0111548537388, 0.0100986771286, 0.00917603075504, 0.0184635575861, 0.00970648229122, 0.00331008853391, 0.00881289225072, 0.00339884450659, 0.00288441311568, 0.00149013102055, 0.00148368638474, 0.00141169957351, 0.00063463364495, 0.000208843295695, 3.67607572116e-05], "mean": [9.31942704483e-05, 0.0192138813436, 0.00763736572117, 0.00319309695624, 0.00577437970787, 0.00502956006676, 0.00277114054188, 0.001150420052, 0.00109466991853, 0.00135801115539, 0.000657484633848, 0.000615985831246, 0.000872888369486, 0.000644621322863, 0.000537603104021, 0.000463939504698, 0.000562767090742, 0.000300631480059, 0.000527945696376, 0.000248207565164, 0.000194270265638, 9.90564949461e-05, 7.64153155615e-05, 6.40289290459e-05, 3.17267695209e-05, 8.80274637893e-06, 1.00470356301e-06], "median": [2.49131044257e-05, 0.0185284204781, 0.00388675625436, 0.00207759696059, 0.00376419071108, 0.00301172072068, 0.000682838843204, 0.000514927494805, 0.000383211183362, 0.000815104867797, 0.000389956694562, 0.000477764639072, 0.000621364626568, 0.000393705850001, 0.000368106644601, 0.000344930100255, 0.000360588892363, 0.000160157767823, 0.000248131662374, 0.000125727601699, 7.07114086254e-05, 1.71218343894e-05, 6.42837994747e-06, 3.90247987525e-06, 1.61858486081e-06, 2.63365677711e-07, 9.19751563799e-09], "min": [2.49705194746e-23, 1.92840235279e-23, 2.4180101358e-23, 3.14118764215e-23, 5.62769961906e-23, 1.75174626163e-23, 1.33221425501e-23, 5.91569695833e-23, 1.78214255536e-22, 5.43812372176e-23, 2.70430385106e-23, 1.28852275202e-22, 1.11426678593e-22, 7.96418192693e-23, 1.03719248803e-22, 1.4828990888e-22, 1.23800775996e-22, 3.06107869101e-22, 3.23483407751e-22, 2.83820137769e-22, 4.39208519997e-22, 5.82388919997e-22, 1.05878906361e-21, 9.02973156636e-22, 1.35658206109e-21, 1.7222199237e-21, 2.18827682604e-21], "var": [2.6507207096e-08, 0.00018573156558, 9.5650430012e-05, 1.29059089886e-05, 4.27455561294e-05, 3.29833492287e-05, 2.18850818783e-05, 3.13414466291e-06, 3.52807523996e-06, 2.79464165942e-06, 9.45897056681e-07, 3.4447000985e-07, 7.51577147184e-07, 5.58659962735e-07, 3.74141393422e-07, 2.16206117898e-07, 4.36113253954e-07, 1.23451371792e-07, 4.845494459e-07, 9.50465590677e-08, 7.11685501642e-08, 2.41423574465e-08, 1.71467071652e-08, 1.20107106483e-08, 3.62820884448e-09, 4.54064369437e-10, 9.8285529021e-12]}, "erbbands": {"dmean": [0.0979117378592, 1.82984375954, 4.53643941879, 4.55355167389, 11.2932844162, 8.11260032654, 7.70564222336, 13.5960206985, 10.6334943771, 18.6041202545, 8.2822933197, 8.67164707184, 17.2890434265, 11.5694875717, 11.1932601929, 12.4387187958, 13.1887521744, 17.5409221649, 9.13478946686, 12.9901647568, 12.8342180252, 13.209189415, 6.40495061874, 8.76348686218, 11.201628685, 5.5468711853, 3.84544157982, 2.63843464851, 1.67007374763, 0.974840760231, 0.866323173046, 0.619907915592, 0.363079845905, 0.183292865753, 0.0830657854676, 0.0260034762323, 0.00680547347292, 0.00097559671849, 0.000105594815977, 1.55163379532e-05], "dmean2": [0.16201198101, 3.10835766792, 7.97997570038, 7.86979389191, 18.4549942017, 13.725646019, 12.3200941086, 22.0287132263, 17.3781909943, 28.81757164, 13.0288467407, 12.6084651947, 25.7220020294, 18.5970783234, 17.9736213684, 20.5785923004, 21.5472126007, 27.6988391876, 14.9509019852, 21.3849029541, 21.3702392578, 22.2536907196, 10.8154058456, 14.5155630112, 18.5238552094, 9.0341424942, 5.81429958344, 4.12025403976, 2.64137506485, 1.4296015501, 1.29906797409, 0.88703417778, 0.511151969433, 0.252960652113, 0.110992267728, 0.0349284484982, 0.00950487423688, 0.00136439653579, 0.000148848906974, 2.48951528192e-05], "dvar": [0.0174793135375, 6.72288417816, 77.1457519531, 52.5329589844, 406.070251465, 216.32258606, 124.448516846, 507.955596924, 365.553894043, 1810.28723145, 204.275131226, 319.379577637, 764.925354004, 350.574462891, 279.737701416, 330.473693848, 227.376464844, 760.337646484, 265.566223145, 507.918182373, 422.725250244, 458.863555908, 86.8550796509, 190.450073242, 421.983184814, 87.3178863525, 42.1128463745, 21.3942279816, 10.8737659454, 5.21186590195, 3.77294516563, 2.06116461754, 0.714689314365, 0.208983555436, 0.0432329773903, 0.0054344125092, 0.000402795412811, 1.00569186543e-05, 1.23162294585e-07, 7.43504813272e-10], "dvar2": [0.0492948964238, 19.4392623901, 222.102264404, 153.213577271, 1023.79888916, 594.988464355, 307.009765625, 1350.3692627, 934.998352051, 4002.63818359, 476.109924316, 574.064331055, 1466.39550781, 821.388061523, 616.248168945, 817.763671875, 576.778137207, 1731.29187012, 646.059326172, 1271.95861816, 1165.12194824, 1238.21887207, 249.617202759, 530.755981445, 1152.48376465, 235.309570312, 93.8411712646, 53.269153595, 28.0618991852, 10.8453817368, 8.45344924927, 4.0544090271, 1.38228952885, 0.370472967625, 0.0690349414945, 0.00915314815938, 0.000737716443837, 1.93126688828e-05, 2.30505136756e-07, 1.66812030855e-09], "max": [1.52744662762, 27.9298553467, 83.5350875854, 94.2064666748, 290.46572876, 267.355743408, 443.736541748, 486.29397583, 444.405181885, 1069.57641602, 633.180114746, 619.483642578, 790.687194824, 563.239440918, 459.281951904, 532.69519043, 320.235015869, 886.559692383, 441.241394043, 618.913696289, 1132.47375488, 541.735900879, 156.803787231, 317.915008545, 451.702178955, 198.145355225, 150.473754883, 87.8566818237, 63.1495056152, 48.4570655823, 49.9834213257, 40.8370094299, 16.4962387085, 8.42156219482, 4.18331956863, 1.29589939117, 0.38398462534, 0.0557559877634, 0.00589610403404, 0.000523115799297], "mean": [0.256799936295, 5.24098205566, 10.984369278, 9.07974052429, 17.7340259552, 16.7304611206, 26.7593479156, 42.8323631287, 30.3904800415, 54.2917022705, 23.5121574402, 22.7853126526, 49.2436103821, 30.3061237335, 26.5028820038, 28.2460346222, 35.0946617126, 44.5269432068, 21.8031864166, 28.4582500458, 31.2042217255, 29.8640155792, 15.904838562, 22.4812602997, 25.6854381561, 12.7052345276, 8.52810001373, 6.25754785538, 4.13150548935, 2.36149978638, 2.23718214035, 1.60131680965, 0.924232423306, 0.435244977474, 0.188418895006, 0.0548105165362, 0.013731633313, 0.00174411491025, 0.000195160275325, 7.1027498052e-05], "median": [0.236744076014, 5.0252790451, 7.32680892944, 7.06100749969, 10.5259466171, 8.62991714478, 15.0683746338, 21.5608329773, 13.5962429047, 8.92834377289, 12.5139560699, 10.600481987, 30.5474433899, 19.4576702118, 19.5243530273, 21.4081039429, 27.9054012299, 24.0250358582, 15.9226207733, 19.4912414551, 23.3641357422, 19.127702713, 10.0795974731, 11.3538999557, 11.3308668137, 6.06626224518, 3.72887325287, 1.74894762039, 0.677343964577, 0.425233066082, 0.151192724705, 0.0998104512691, 0.0571545436978, 0.023192146793, 0.00869609229267, 0.00212300987914, 0.000345015665516, 3.74932533305e-05, 3.45040571119e-05, 6.57749624224e-05], "min": [8.02683212406e-22, 3.66139381243e-21, 2.02881264059e-20, 8.38027018335e-20, 1.40404241307e-19, 1.25416000027e-19, 2.16449759679e-19, 2.24407017452e-19, 2.13855036269e-19, 2.96778238316e-19, 2.41421988235e-18, 4.1223807277e-18, 2.02963880016e-18, 1.50634831803e-18, 1.31635206576e-18, 6.38216040622e-18, 4.07078161468e-18, 4.43610800017e-18, 5.94839226967e-18, 8.07475929591e-18, 6.71125669446e-18, 6.1742721339e-18, 1.22833136319e-17, 1.76047211952e-17, 1.89843823563e-17, 1.30957712567e-17, 1.72191640399e-17, 1.69871514586e-17, 1.58475381112e-17, 3.13841555738e-17, 2.82537170154e-17, 1.66516652001e-17, 1.76876609409e-17, 1.3949825313e-17, 1.04491655278e-17, 6.08392002277e-18, 3.22900477983e-18, 1.24998178175e-18, 3.01038218471e-19, 3.1521843354e-20], "var": [0.0359996780753, 13.5678758621, 118.449028015, 67.3344573975, 561.338806152, 458.975158691, 909.420837402, 3229.9206543, 1536.08068848, 13049.0644531, 1510.45935059, 1470.18041992, 3542.88085938, 1552.27111816, 818.199523926, 812.874206543, 903.076904297, 3448.77270508, 575.758483887, 1204.58959961, 857.87677002, 1235.31945801, 263.02456665, 719.182128906, 1238.63928223, 265.392791748, 132.515319824, 80.2331542969, 42.5245246887, 16.2414112091, 14.7783880234, 7.58374357224, 2.56600046158, 0.63705343008, 0.138161495328, 0.0151704056188, 0.00112810824066, 2.31923913816e-05, 2.6705058076e-07, 1.78493553271e-09]}, "gfcc": {"mean": [-10.2516183853, 156.922485352, -134.461807251, 39.2723350525, -31.5609092712, 0.173275545239, -19.0055484772, -1.72356569767, -17.3084602356, -3.66766571999, -6.24906587601, -5.38421058655, -1.78671216965], "cov": [[13261.1191406, -3277.11547852, 337.833770752, 905.02746582, -1835.44628906, 1252.0447998, -1197.44152832, 1087.62780762, -144.818817139, 622.88494873, 4.78226566315, 73.2513198853, -331.627960205], [-3277.11547852, 3296.61083984, -878.071166992, -606.5078125, 1268.05065918, -984.665466309, 993.419677734, -706.010192871, 311.70501709, -304.200195312, 164.744354248, -106.898132324, 303.931884766], [337.833770752, -878.071166992, 926.598327637, -13.2517747879, -168.049865723, 449.567626953, -302.093963623, 335.385559082, -84.3174743652, 147.117340088, -7.66355466843, 78.5425796509, -83.2564620972], [905.02746582, -606.5078125, -13.2517747879, 498.909179688, -270.868652344, 183.074264526, -118.013870239, 89.4480361938, -8.12899017334, -0.464340239763, -5.79133701324, -28.0400333405, -38.206073761], [-1835.44628906, 1268.05065918, -168.049865723, -270.868652344, 736.59954834, -336.142211914, 430.598175049, -239.523147583, 102.611419678, -111.819831848, 41.4836997986, -8.77530384064, 117.464027405], [1252.0447998, -984.665466309, 449.567626953, 183.074264526, -336.142211914, 491.679290771, -296.670593262, 312.711151123, -53.0156097412, 124.348274231, -5.95149803162, 48.0282478333, -73.9797973633], [-1197.44152832, 993.419677734, -302.093963623, -118.013870239, 430.598175049, -296.670593262, 425.868560791, -203.338760376, 135.510864258, -81.6207427979, 38.9882698059, -44.2340812683, 92.790763855], [1087.62780762, -706.010192871, 335.385559082, 89.4480361938, -239.523147583, 312.711151123, -203.338760376, 313.322998047, -1.40577220917, 136.507675171, 5.34671497345, 25.6456508636, -73.7918777466], [-144.818817139, 311.70501709, -84.3174743652, -8.12899017334, 102.611419678, -53.0156097412, 135.510864258, -1.40577220917, 147.563217163, 30.232339859, 59.6083145142, -21.4689617157, 26.718580246], [622.88494873, -304.200195312, 147.117340088, -0.464340239763, -111.819831848, 124.348274231, -81.6207427979, 136.507675171, 30.232339859, 153.97857666, 39.3812789917, 28.2592411041, -27.3881874084], [4.78226566315, 164.744354248, -7.66355466843, -5.79133701324, 41.4836997986, -5.95149803162, 38.9882698059, 5.34671497345, 59.6083145142, 39.3812789917, 91.4359130859, 18.4270439148, 30.3045768738], [73.2513198853, -106.898132324, 78.5425796509, -28.0400333405, -8.77530384064, 48.0282478333, -44.2340812683, 25.6456508636, -21.4689617157, 28.2592411041, 18.4270439148, 86.7725601196, 27.8113632202], [-331.627960205, 303.931884766, -83.2564620972, -38.206073761, 117.464027405, -73.9797973633, 92.790763855, -73.7918777466, 26.718580246, -27.3881874084, 30.3045768738, 27.8113632202, 95.8364105225]], "icov": [[0.000214645726373, -0.000596126075834, 0.000315919634886, -0.000448428618256, 0.0004530812148, -0.000417397706769, 0.000495005981065, -0.000701080134604, 0.00046739334357, -0.000937848701142, 0.000738532631658, -0.000452131556813, 0.000331685791025], [-0.000596126075834, 0.00680187437683, -0.000447818863904, 0.00421273475513, -0.00412487378344, 0.00314492709003, -0.00381521787494, 0.00368395540863, -0.00371245434508, 0.00661301985383, -0.00863909441978, 0.00559759372845, -0.00429736962542], [0.000315919634886, -0.000447818863904, 0.00329250004143, 0.000180412404006, -0.00086707691662, -0.00246858596802, 0.00152611464728, -0.00200541806407, 0.00133811426349, -0.00144112668931, 0.000368167675333, -0.000646752945613, 0.000867399561685], [-0.000448428618256, 0.00421273475513, 0.000180412404006, 0.00586584024131, -0.00146262289491, 0.000131089254864, -0.0029844918754, 0.00262790801935, -0.0026769512333, 0.00574898766354, -0.0061585190706, 0.00436968170106, -0.00254106288776], [0.0004530812148, -0.00412487378344, -0.00086707691662, -0.00146262289491, 0.00753676285967, -0.00119989283849, -0.00224866205826, -0.0021639438346, 0.00270063267089, -0.00244327960536, 0.00430043414235, -0.00435922760516, 0.00211412971839], [-0.000417397706769, 0.00314492709003, -0.00246858596802, 0.000131089254864, -0.00119989283849, 0.0107261668891, -0.000756274734158, -0.00350879714824, -0.00151399965398, 0.00389350252226, -0.00392775284126, 0.00136116170324, -0.00334739359096], [0.000495005981065, -0.00381521787494, 0.00152611464728, -0.0029844918754, -0.00224866205826, -0.000756274734158, 0.0138382259756, -0.00133291142993, -0.00403117807582, -0.00436251889914, 0.00669823866338, -0.000715228030458, -0.000337473873515], [-0.000701080134604, 0.00368395540863, -0.00200541806407, 0.00262790801935, -0.0021639438346, -0.00350879714824, -0.00133291142993, 0.0164672639221, -0.0063790990971, -0.000434451329056, -0.00273970235139, 0.0028598816134, 0.000800702255219], [0.00046739334357, -0.00371245434508, 0.00133811426349, -0.0026769512333, 0.00270063267089, -0.00151399965398, -0.00403117807582, -0.0063790990971, 0.0195036791265, -0.00687741255388, -0.00301994965412, 0.0012202860089, 0.00119654531591], [-0.000937848701142, 0.00661301985383, -0.00144112668931, 0.00574898766354, -0.00244327960536, 0.00389350252226, -0.00436251889914, -0.000434451329056, -0.00687741255388, 0.0220234636217, -0.013301378116, 0.00202086544596, -0.00145720946603], [0.000738532631658, -0.00863909441978, 0.000368167675333, -0.0061585190706, 0.00430043414235, -0.00392775284126, 0.00669823866338, -0.00273970235139, -0.00301994965412, -0.013301378116, 0.0305173117667, -0.0100453533232, 0.00122604402713], [-0.000452131556813, 0.00559759372845, -0.000646752945613, 0.00436968170106, -0.00435922760516, 0.00136116170324, -0.000715228030458, 0.0028598816134, 0.0012202860089, 0.00202086544596, -0.0100453533232, 0.0241613145918, -0.012445859611], [0.000331685791025, -0.00429736962542, 0.000867399561685, -0.00254106288776, 0.00211412971839, -0.00334739359096, -0.000337473873515, 0.000800702255219, 0.00119654531591, -0.00145720946603, 0.00122604402713, -0.012445859611, 0.0231933128089]]}, "melbands": {"dmean": [0.00141118408646, 0.00238585658371, 0.000935763062444, 0.000739844806958, 0.000265952461632, 0.000296616199194, 0.000171691339347, 0.000178544956725, 6.3131126808e-05, 6.10394199612e-05, 8.71084848768e-05, 4.83149815409e-05, 4.46642952738e-05, 3.40495207638e-05, 3.07954724121e-05, 3.34577962349e-05, 3.28663045366e-05, 1.43453326018e-05, 1.69868671946e-05, 1.58546954481e-05, 1.67181733559e-05, 1.67005437106e-05, 8.56672977534e-06, 7.0747778409e-06, 7.60472994443e-06, 1.10607816168e-05, 5.49962669538e-06, 3.54026246896e-06, 2.45658702624e-06, 2.4473929443e-06, 1.28321357806e-06, 1.01358762095e-06, 7.76291301463e-07, 5.37621815511e-07, 5.64864421904e-07, 4.79220716443e-07, 3.88629217696e-07, 2.84574895204e-07, 2.08814952884e-07, 1.51108864088e-07], "dmean2": [0.00236098421738, 0.00415399856865, 0.00157934741583, 0.00123670254834, 0.000427840306656, 0.000480251357658, 0.000277790357359, 0.000278816005448, 9.81620178209e-05, 8.82085878402e-05, 0.00013000657782, 7.82384959166e-05, 7.11408501957e-05, 5.65408627153e-05, 5.12386031915e-05, 5.3769817896e-05, 5.1897000958e-05, 2.35677216551e-05, 2.82055407297e-05, 2.61262521235e-05, 2.80275235127e-05, 2.8126858524e-05, 1.45595986396e-05, 1.2141008483e-05, 1.26943368741e-05, 1.84039818123e-05, 9.04325679585e-06, 5.85191537539e-06, 3.81580775866e-06, 3.76440652872e-06, 2.06716663342e-06, 1.63549896115e-06, 1.19273852306e-06, 8.11765517028e-07, 8.86134102984e-07, 7.12362350441e-07, 5.71343662159e-07, 4.12602844335e-07, 3.04632010284e-07, 2.12230872876e-07], "dvar": [3.62828632205e-06, 1.6156147467e-05, 1.74490696736e-06, 1.79697622116e-06, 1.43082104387e-07, 2.30399919587e-07, 8.12181397691e-08, 1.59278712886e-07, 1.32315589596e-08, 1.35824409497e-08, 1.89825914987e-08, 6.59082388665e-09, 6.38448094392e-09, 2.02028682672e-09, 1.29871091659e-09, 1.98857197375e-09, 2.60840860022e-09, 6.38046726564e-10, 5.88572635074e-10, 6.5988775555e-10, 6.46776521229e-10, 8.35821689638e-10, 1.78989947863e-10, 1.44031217508e-10, 1.50440632174e-10, 5.13771913901e-10, 8.91718018869e-11, 3.66280963893e-11, 1.69115537546e-11, 2.00155361035e-11, 5.58825685379e-12, 4.17723841628e-12, 2.54169623716e-12, 1.81240634479e-12, 1.55481899057e-12, 1.2389296403e-12, 8.13199876361e-13, 4.51883945844e-13, 2.32068189535e-13, 1.43917674002e-13], "dvar2": [1.04188902696e-05, 4.69246624561e-05, 4.85853206555e-06, 4.79413756693e-06, 3.59607838618e-07, 6.15018166172e-07, 2.03383066832e-07, 3.5882627003e-07, 2.97854114706e-08, 2.43725448712e-08, 3.65018095749e-08, 1.54790384954e-08, 1.36478126578e-08, 5.10317565983e-09, 3.43661676894e-09, 4.57770710227e-09, 5.98436589172e-09, 1.5610207571e-09, 1.49081802459e-09, 1.72897207662e-09, 1.77333236984e-09, 2.24220397804e-09, 5.05550101781e-10, 4.30494445647e-10, 4.22664181432e-10, 1.38006250872e-09, 2.47401071851e-10, 9.9816752086e-11, 4.01286330554e-11, 4.57971681411e-11, 1.45886705494e-11, 1.1255269286e-11, 5.55204623595e-12, 4.11565833497e-12, 3.7737274243e-12, 2.75306730538e-12, 1.66183971965e-12, 9.23638552794e-13, 4.78809483381e-13, 2.58881485042e-13], "max": [0.0200546402484, 0.0373412407935, 0.0167090333998, 0.0187402721494, 0.0119964387268, 0.00977428816259, 0.00599313294515, 0.00967620033771, 0.0047711757943, 0.00349749904126, 0.00391337135807, 0.00244818511419, 0.00225421669893, 0.00127563311253, 0.000785551033914, 0.00157865195069, 0.00147641298827, 0.000640116399154, 0.000610965420492, 0.000879140978213, 0.00118403707165, 0.00078849052079, 0.000288376148092, 0.00019211549079, 0.000289766991045, 0.00060720811598, 0.000239623084781, 0.000111764464236, 0.000104946389911, 9.99807089102e-05, 3.83237020287e-05, 4.08242376579e-05, 3.30999864673e-05, 2.89655818051e-05, 3.25388537021e-05, 2.80326930806e-05, 2.23585320782e-05, 1.56474943651e-05, 8.32758178149e-06, 7.38185917726e-06], "mean": [0.00401635887101, 0.00657286215574, 0.00189481989946, 0.00127685454208, 0.000878908496816, 0.000950704852585, 0.000506662821863, 0.000510603014845, 0.000166914527654, 0.00015497590357, 0.000245805393206, 0.00011891793838, 9.65430590441e-05, 7.15473288437e-05, 7.17923903721e-05, 8.93294345587e-05, 7.83349532867e-05, 3.08407725242e-05, 3.67655920854e-05, 3.4334105294e-05, 3.7375397369e-05, 3.45761582139e-05, 1.67760772456e-05, 1.48555081978e-05, 1.75908298843e-05, 2.27109776461e-05, 1.24714451886e-05, 7.0906903602e-06, 4.91653372592e-06, 5.14929524797e-06, 2.91951664622e-06, 2.36069536186e-06, 1.73792989244e-06, 1.15817351798e-06, 1.338220045e-06, 1.14351018965e-06, 9.03685474896e-07, 6.74140380852e-07, 4.84318206873e-07, 3.30124692027e-07], "median": [0.00378278829157, 0.00557948462665, 0.00148024759255, 0.000731650507078, 0.000543081201613, 0.000513511244208, 0.000214666535612, 9.56370204221e-05, 7.73270294303e-05, 6.61977974232e-05, 0.000151296146214, 7.21814358258e-05, 5.93106306042e-05, 5.47631934751e-05, 5.53970749024e-05, 5.89732808294e-05, 4.15442409576e-05, 2.06211152545e-05, 2.68083331321e-05, 2.44671773544e-05, 2.73598288913e-05, 2.05924625334e-05, 1.12020788947e-05, 7.00980945112e-06, 8.91230411071e-06, 9.11102870305e-06, 5.98836231802e-06, 3.30328202836e-06, 2.17241768041e-06, 1.8060839011e-06, 6.35498963675e-07, 3.35405104579e-07, 3.22844414313e-07, 1.77658321832e-07, 7.78399495971e-08, 6.92635850896e-08, 5.49331637956e-08, 4.24816981592e-08, 2.78314509217e-08, 1.63757292171e-08], "min": [6.94854638842e-24, 8.90424222413e-24, 1.6136752506e-23, 8.68370432517e-24, 8.20897019899e-24, 4.17768863048e-24, 3.28340888984e-24, 4.24386262195e-24, 2.6029320693e-23, 2.28940182687e-23, 9.48770426002e-24, 6.3236936097e-24, 3.89640331422e-24, 1.13987923781e-23, 1.39782302764e-23, 1.03209362246e-23, 7.48884195558e-24, 9.20150789019e-24, 1.0136835022e-23, 1.17792757699e-23, 7.24135972353e-24, 6.52679886596e-24, 8.38116117966e-24, 1.32171349085e-23, 1.40997495657e-23, 1.34555468178e-23, 1.14032502311e-23, 8.09704188059e-24, 9.97193390491e-24, 1.06863807721e-23, 9.89036016529e-24, 7.1174138981e-24, 1.40485162053e-23, 1.92165065008e-23, 1.7121039501e-23, 1.4019792202e-23, 8.07285934954e-24, 1.15784365166e-23, 1.30549687722e-23, 1.14317328429e-23], "var": [8.01758596936e-06, 2.31621397688e-05, 2.69220822702e-06, 2.66867778009e-06, 8.35020557588e-07, 1.43375211792e-06, 4.04111460739e-07, 1.09299980977e-06, 9.30050134684e-08, 6.13050517018e-08, 8.85536763917e-08, 2.93545134866e-08, 1.91175431041e-08, 4.76125716631e-09, 4.4008876543e-09, 1.04192556805e-08, 1.07111546299e-08, 1.36770428316e-09, 1.4515538771e-09, 1.42816380944e-09, 1.34852728984e-09, 2.11031370156e-09, 3.31344007787e-10, 3.64311747436e-10, 4.6283815669e-10, 1.23559462661e-09, 2.63788157984e-10, 9.02034696937e-11, 4.52198591072e-11, 5.67106708815e-11, 1.9736715734e-11, 1.47315527832e-11, 8.21578829274e-12, 4.39645672298e-12, 5.45089320902e-12, 4.05307514981e-12, 2.5659784627e-12, 1.44097678668e-12, 7.17854703632e-13, 4.05694412526e-13]}, "mfcc": {"mean": [-639.335632324, 170.395629883, -21.9218845367, 39.199344635, 9.66468811035, 9.73471832275, 9.61128520966, 2.98783230782, 1.23696804047, 0.409722834826, -1.81476533413, 0.455350339413, 1.6701182127], "cov": [[8899.98242188, -2151.72631836, 502.852294922, 31.3682308197, -325.042114258, -169.493209839, -346.80255127, -16.4955615997, -173.429931641, 302.13394165, 131.583023071, 148.078796387, 19.7519779205], [-2151.72631836, 3127.50244141, -1177.96191406, 235.913345337, 39.8677558899, 42.3284111023, 257.524627686, -90.1146621704, 162.530456543, -140.790878296, 8.11146831512, -48.831161499, 54.915813446], [502.852294922, -1177.96191406, 1034.74707031, -285.907592773, 190.875091553, 14.4453983307, -52.9996948242, 128.059753418, -65.895614624, 134.781234741, 32.9479484558, 85.5825195312, 5.70980882645], [31.3682308197, 235.913345337, -285.907592773, 348.503723145, -78.2752304077, 58.2942771912, 27.1801261902, -12.2007637024, 45.1543083191, -17.0981884003, 9.96021461487, -17.1849861145, 20.1400775909], [-325.042114258, 39.8677558899, 190.875091553, -78.2752304077, 232.381546021, 31.1934146881, 66.2220001221, 70.3753585815, 10.9961071014, 21.1030292511, -6.4215259552, 29.1046352386, 12.1070451736], [-169.493209839, 42.3284111023, 14.4453983307, 58.2942771912, 31.1934146881, 111.695037842, 39.9652900696, 38.0322113037, 32.0256843567, -0.383946835995, 10.5758857727, 5.72601222992, 6.62113857269], [-346.80255127, 257.524627686, -52.9996948242, 27.1801261902, 66.2220001221, 39.9652900696, 108.480804443, 32.5998954773, 35.3939781189, -0.808504998684, -0.182151675224, 1.96126687527, 4.49337816238], [-16.4955615997, -90.1146621704, 128.059753418, -12.2007637024, 70.3753585815, 38.0322113037, 32.5998954773, 105.744392395, 31.8353385925, 25.6670875549, 9.16100215912, 19.0037250519, 13.341378212], [-173.429931641, 162.530456543, -65.895614624, 45.1543083191, 10.9961071014, 32.0256843567, 35.3939781189, 31.8353385925, 93.1712265015, 35.4771080017, 24.095041275, 12.8298578262, 12.6762685776], [302.13394165, -140.790878296, 134.781234741, -17.0981884003, 21.1030292511, -0.383946835995, -0.808504998684, 25.6670875549, 35.4771080017, 131.061981201, 71.3452377319, 45.5018119812, 21.4669151306], [131.583023071, 8.11146831512, 32.9479484558, 9.96021461487, -6.4215259552, 10.5758857727, -0.182151675224, 9.16100215912, 24.095041275, 71.3452377319, 93.0327758789, 47.8336753845, 22.1996593475], [148.078796387, -48.831161499, 85.5825195312, -17.1849861145, 29.1046352386, 5.72601222992, 1.96126687527, 19.0037250519, 12.8298578262, 45.5018119812, 47.8336753845, 75.1120223999, 36.7674255371], [19.7519779205, 54.915813446, 5.70980882645, 20.1400775909, 12.1070451736, 6.62113857269, 4.49337816238, 13.341378212, 12.6762685776, 21.4669151306, 22.1996593475, 36.7674255371, 69.047958374]], "icov": [[0.000173000851646, 8.76731646713e-05, 0.000120936711028, -9.19670128496e-05, 0.000172898275196, 7.8829965787e-05, 0.000217683787923, -0.000225981071708, 0.000433251756476, -0.000539065164048, 0.000226173040573, -0.000418179610278, 0.000127244187752], [8.76731646713e-05, 0.00090108346194, 0.0009988398524, 0.000282432156382, -0.000634114141576, 0.000155363959493, -0.00108283595182, 0.00046725498396, -0.000434235611465, 0.000389485765481, -0.000807090022136, 0.000182955060154, -0.000709546613507], [0.000120936711028, 0.0009988398524, 0.00363879953511, 0.00149292999413, -0.00159824511502, -0.00126101076603, 0.000668951019179, -0.00193788623437, 0.00237854756415, -0.00261079752818, 0.000648275949061, -0.00151007587556, 0.000137396069476], [-9.19670128496e-05, 0.000282432156382, 0.00149292999413, 0.00481039425358, 0.000800938229077, -0.00265049980953, -0.000692868372425, -0.00010127612768, -0.000538260734174, -0.000242292633629, -0.000356933189323, 0.0010570086306, -0.00182044459507], [0.000172898275196, -0.000634114141576, -0.00159824511502, 0.000800938229077, 0.00872838962823, -0.000472667074064, -0.00365110952407, -0.00288280751556, 0.00145407754462, -0.00148113328032, 0.00343018514104, -0.00296970456839, 0.000334927957738], [7.8829965787e-05, 0.000155363959493, -0.00126101076603, -0.00265049980953, -0.000472667074064, 0.0137449614704, -0.00315800635144, -0.00213304325007, -0.00319724832661, 0.00383329158649, -0.00335537432693, 0.000820321671199, 0.000150951062096], [0.000217683787923, -0.00108283595182, 0.000668951019179, -0.000692868372425, -0.00365110952407, -0.00315800635144, 0.0175214949995, -0.00315904733725, -0.0008383038803, -0.00185869913548, 0.00166715029627, -0.000825243594591, 0.0019940934144], [-0.000225981071708, 0.00046725498396, -0.00193788623437, -0.00010127612768, -0.00288280751556, -0.00213304325007, -0.00315904733725, 0.0174373593181, -0.00672663841397, 0.00218065222725, -0.000771877181251, 0.0014449977316, -0.00253513990901], [0.000433251756476, -0.000434235611465, 0.00237854756415, -0.000538260734174, 0.00145407754462, -0.00319724832661, -0.0008383038803, -0.00672663841397, 0.0208293739706, -0.00916742067784, 0.00254336814396, -0.00282663013786, 0.00130121409893], [-0.000539065164048, 0.000389485765481, -0.00261079752818, -0.000242292633629, -0.00148113328032, 0.00383329158649, -0.00185869913548, 0.00218065222725, -0.00916742067784, 0.0211888421327, -0.0137518476695, 0.00253411452286, -0.00210985238664], [0.000226173040573, -0.000807090022136, 0.000648275949061, -0.000356933189323, 0.00343018514104, -0.00335537432693, 0.00166715029627, -0.000771877181251, 0.00254336814396, -0.0137518476695, 0.0271517075598, -0.0133749069646, 0.0025896076113], [-0.000418179610278, 0.000182955060154, -0.00151007587556, 0.0010570086306, -0.00296970456839, 0.000820321671199, -0.000825243594591, 0.0014449977316, -0.00282663013786, 0.00253411452286, -0.0133749069646, 0.0303670782596, -0.0121317105368], [0.000127244187752, -0.000709546613507, 0.000137396069476, -0.00182044459507, 0.000334927957738, 0.000150951062096, 0.0019940934144, -0.00253513990901, 0.00130121409893, -0.00210985238664, 0.0025896076113, -0.0121317105368, 0.0218616146594]]}, "spectral_contrast_coeffs": {"dmean": [0.0465033724904, 0.0432744398713, 0.0330422259867, 0.0263858754188, 0.0199124272913, 0.0225904528052], "dmean2": [0.0782490968704, 0.0719307437539, 0.0551395751536, 0.0445115827024, 0.0331438407302, 0.036330960691], "dvar": [0.00154763041064, 0.00132111844141, 0.00068465952063, 0.000427026825491, 0.000260265398538, 0.00055549480021], "dvar2": [0.00433336896822, 0.00355957821012, 0.00182848167606, 0.00118822895456, 0.000683646765538, 0.00139086658601], "max": [-0.256573557854, -0.411528527737, -0.469277918339, -0.565659403801, -0.512056589127, -0.497041583061], "mean": [-0.611729085445, -0.674341320992, -0.778113663197, -0.791835308075, -0.781022906303, -0.71320104599], "median": [-0.62408554554, -0.672110617161, -0.781497120857, -0.795406460762, -0.782073497772, -0.727960705757], "min": [-0.972449302673, -0.987564146519, -0.983620941639, -0.960649251938, -0.959127187729, -0.960863649845], "var": [0.00667335838079, 0.00625016493723, 0.00291346595623, 0.00187544361688, 0.00130937981885, 0.0044695995748]}, "spectral_contrast_valleys": {"dmean": [0.343318164349, 0.317060559988, 0.252983242273, 0.212684363127, 0.216541707516, 0.366360515356], "dmean2": [0.581134021282, 0.53519141674, 0.428722023964, 0.356598049402, 0.331910669804, 0.510004520416], "dvar": [0.0836299806833, 0.0703175365925, 0.0455582663417, 0.0367739237845, 0.058911383152, 0.220886439085], "dvar2": [0.227047920227, 0.18727196753, 0.118588984013, 0.0885433405638, 0.110914357007, 0.459343761206], "max": [-5.169