{"lowlevel": {"average_loudness": 0.245421007276, "barkbands_crest": {"dmean": 2.01970338821, "dmean2": 3.15391278267, "dvar": 3.92549204826, "dvar2": 9.6537322998, "max": 25.6607894897, "mean": 11.2155990601, "median": 10.4236812592, "min": 2.84966778755, "var": 18.0602226257}, "barkbands_flatness_db": {"dmean": 0.0194782037288, "dmean2": 0.031393352896, "dvar": 0.000454627996078, "dvar2": 0.0010309064528, "max": 0.496618568897, "mean": 0.313537418842, "median": 0.31625276804, "min": 0.017846269533, "var": 0.00401797844097}, "barkbands_kurtosis": {"dmean": 1.30531060696, "dmean2": 1.98428380489, "dvar": 3.73772597313, "dvar2": 8.18673992157, "max": 71.8818817139, "mean": 2.05890035629, "median": 0.828327178955, "min": -1.82621729374, "var": 18.0749435425}, "barkbands_skewness": {"dmean": 0.384356111288, "dmean2": 0.577755093575, "dvar": 0.149820148945, "dvar2": 0.332367777824, "max": 6.48126983643, "mean": 0.786396324635, "median": 0.854688167572, "min": -4.26966238022, "var": 1.14003109932}, "barkbands_spread": {"dmean": 1.73109269142, "dmean2": 2.64416527748, "dvar": 5.70902633667, "dvar2": 13.5837678909, "max": 87.0050506592, "mean": 9.57359409332, "median": 8.01310539246, "min": 0.593261182308, "var": 40.2051620483}, "dissonance": {"dmean": 0.0388351604342, "dmean2": 0.0669995173812, "dvar": 0.00157851341646, "dvar2": 0.00446645962074, "max": 0.500000059605, "mean": 0.415937304497, "median": 0.426641613245, "min": 0.132524296641, "var": 0.00319095118903}, "dynamic_complexity": 6.41834068298, "erbbands_crest": {"dmean": 2.60351800919, "dmean2": 3.95443558693, "dvar": 8.05931949615, "dvar2": 16.3529071808, "max": 33.2305297852, "mean": 13.8296852112, "median": 12.2091903687, "min": 2.44309282303, "var": 39.9009971619}, "erbbands_flatness_db": {"dmean": 0.0164359807968, "dmean2": 0.0255825910717, "dvar": 0.000321431725752, "dvar2": 0.0006855414249, "max": 0.543791770935, "mean": 0.349036574364, "median": 0.349835902452, "min": 0.0441542379558, "var": 0.00328036490828}, "erbbands_kurtosis": {"dmean": 1.33577728271, "dmean2": 1.9978672266, "dvar": 7.50832796097, "dvar2": 14.906493187, "max": 83.8475570679, "mean": 1.81458282471, "median": 0.199969410896, "min": -1.69707322121, "var": 29.2947883606}, "erbbands_skewness": {"dmean": 0.342303812504, "dmean2": 0.501873910427, "dvar": 0.143718883395, "dvar2": 0.293830424547, "max": 3.28199863434, "mean": -0.185631066561, "median": -0.0723787397146, "min": -7.53883552551, "var": 1.13743078709}, "erbbands_spread": {"dmean": 2.79410815239, "dmean2": 4.26126003265, "dvar": 10.1969528198, "dvar2": 23.6425590515, "max": 86.0562591553, "mean": 15.3815259933, "median": 14.5313396454, "min": 0.585596382618, "var": 62.2869491577}, "hfc": {"dmean": 2.74778628349, "dmean2": 3.97053456306, "dvar": 37.623134613, "dvar2": 81.0051498413, "max": 136.180084229, "mean": 10.041601181, "median": 4.07268953323, "min": 1.06261540548e-16, "var": 212.000762939}, "melbands_crest": {"dmean": 2.28085112572, "dmean2": 3.62401199341, "dvar": 4.8017745018, "dvar2": 12.5518283844, "max": 30.8454780579, "mean": 14.0325832367, "median": 13.4275951385, "min": 1.55164480209, "var": 22.1957492828}, "melbands_flatness_db": {"dmean": 0.0231157522649, "dmean2": 0.0364092737436, "dvar": 0.000836906256154, "dvar2": 0.00181318144314, "max": 0.659212768078, "mean": 0.418261349201, "median": 0.424005299807, "min": 0.00307247508317, "var": 0.00853287149221}, "melbands_kurtosis": {"dmean": 1.89842128754, "dmean2": 2.89584589005, "dvar": 8.44021701813, "dvar2": 18.116065979, "max": 124.310333252, "mean": 3.82434725761, "median": 1.89585614204, "min": -1.91374480724, "var": 44.6510734558}, "melbands_skewness": {"dmean": 0.41051158309, "dmean2": 0.613238036633, "dvar": 0.174465999007, "dvar2": 0.375486463308, "max": 8.13724803925, "mean": 1.36100769043, "median": 1.38647687435, "min": -3.4067299366, "var": 1.32568120956}, "melbands_spread": {"dmean": 2.91749358177, "dmean2": 4.46413707733, "dvar": 22.7181987762, "dvar2": 52.3645133972, "max": 155.944366455, "mean": 15.0413227081, "median": 11.7634162903, "min": 0.709614872932, "var": 240.090621948}, "pitch_salience": {"dmean": 0.0527296699584, "dmean2": 0.0847435668111, "dvar": 0.00282026338391, "dvar2": 0.00719742616639, "max": 0.978855371475, "mean": 0.507347941399, "median": 0.507975757122, "min": 0.117573581636, "var": 0.0114984102547}, "silence_rate_20dB": {"dmean": 0, "dmean2": 0, "dvar": 0, "dvar2": 0, "max": 1, "mean": 1, "median": 1, "min": 1, "var": 0}, "silence_rate_30dB": {"dmean": 0.00611153570935, "dmean2": 0.0122249387205, "dvar": 0.00607472099364, "dvar2": 0.014828056097, "max": 1, "mean": 0.99282002449, "median": 1, "min": 0, "var": 0.0071295700036}, "silence_rate_60dB": {"dmean": 0.0268907565624, "dmean2": 0.0537897311151, "dvar": 0.0261670015752, "dvar2": 0.0551772415638, "max": 1, "mean": 0.248090431094, "median": 0, "min": 0, "var": 0.186534434557}, "spectral_centroid": {"dmean": 86.4393920898, "dmean2": 132.520721436, "dvar": 63296.3085938, "dvar2": 127656.21875, "max": 11677.4111328, "mean": 737.041625977, "median": 569.446899414, "min": 167.231735229, "var": 1191084.75}, "spectral_complexity": {"dmean": 1.41207027435, "dmean2": 2.3181540966, "dvar": 2.56381964684, "dvar2": 5.9160399437, "max": 30, "mean": 10.0282611847, "median": 9, "min": 0, "var": 38.2934417725}, "spectral_decrease": {"dmean": 9.92940396571e-10, "dmean2": 1.43305778355e-09, "dvar": 3.48401401613e-18, "dvar2": 7.25728647503e-18, "max": 1.45716076259e-28, "mean": -4.39951675091e-09, "median": -2.18768692051e-09, "min": -4.26682973398e-08, "var": 3.06472964667e-17}, "spectral_energy": {"dmean": 0.00397094571963, "dmean2": 0.00572403008118, "dvar": 5.57359198865e-05, "dvar2": 0.000115937677037, "max": 0.167242854834, "mean": 0.0175155941397, "median": 0.00868490710855, "min": 1.0005879612e-20, "var": 0.000487900426378}, "spectral_energyband_high": {"dmean": 7.42630163586e-06, "dmean2": 1.23262743728e-05, "dvar": 1.32754085502e-09, "dvar2": 3.70020325491e-09, "max": 0.000826999370474, "mean": 7.62971012591e-06, "median": 2.34802428167e-07, "min": 7.14599311701e-21, "var": 1.00708896777e-09}, "spectral_energyband_low": {"dmean": 0.0011359215714, "dmean2": 0.0017061594408, "dvar": 6.05039031143e-06, "dvar2": 1.21334051073e-05, "max": 0.0665052086115, "mean": 0.00360496528447, "median": 0.00172835960984, "min": 2.25994008087e-23, "var": 3.54147850885e-05}, "spectral_energyband_middle_high": {"dmean": 0.00176961172838, "dmean2": 0.00250962423161, "dvar": 1.74316919583e-05, "dvar2": 3.32919116772e-05, "max": 0.130688518286, "mean": 0.005199407693, "median": 0.00167725840583, "min": 1.24267842236e-21, "var": 9.24401319935e-05}, "spectral_energyband_middle_low": {"dmean": 0.00250095059164, "dmean2": 0.00378612335771, "dvar": 3.0187989978e-05, "dvar2": 6.94961563568e-05, "max": 0.149588897824, "mean": 0.00943421106786, "median": 0.00410245545208, "min": 1.56755623327e-22, "var": 0.000190330581972}, "spectral_entropy": {"dmean": 0.154194757342, "dmean2": 0.249173671007, "dvar": 0.0428654290736, "dvar2": 0.105041272938, "max": 9.82578372955, "mean": 6.03839540482, "median": 6.03675556183, "min": 4.2836098671, "var": 0.388537168503}, "spectral_flux": {"dmean": 0.0132516687736, "dmean2": 0.0219473578036, "dvar": 0.000416992930695, "dvar2": 0.00107057881542, "max": 0.239925831556, "mean": 0.0382538735867, "median": 0.0278946869075, "min": 6.33977523257e-11, "var": 0.00115953886416}, "spectral_kurtosis": {"dmean": 26.4757404327, "dmean2": 46.527797699, "dvar": 599.065490723, "dvar2": 1661.39660645, "max": 323.090637207, "mean": 70.6839599609, "median": 57.2944412231, "min": -1.25201618671, "var": 3054.3137207}, "spectral_rms": {"dmean": 0.000395361799747, "dmean2": 0.000561846769415, "dvar": 2.99012896221e-07, "dvar2": 5.75550927806e-07, "max": 0.0127735566348, "mean": 0.00341031583957, "median": 0.00291085545905, "min": 3.12439332219e-12, "var": 5.4581846598e-06}, "spectral_rolloff": {"dmean": 126.503578186, "dmean2": 221.121826172, "dvar": 158244.40625, "dvar2": 342484.25, "max": 19466.015625, "mean": 1042.71862793, "median": 818.26171875, "min": 86.1328125, "var": 3666173}, "spectral_skewness": {"dmean": 1.5040063858, "dmean2": 2.67762613297, "dvar": 1.65622746944, "dvar2": 4.70135307312, "max": 14.951622963, "mean": 5.24940109253, "median": 4.69465065002, "min": -0.0617002211511, "var": 7.60104513168}, "spectral_spread": {"dmean": 287500, "dmean2": 499263.6875, "dvar": 704657883136, "dvar2": 1259281580030.0, "max": 42579040, "mean": 1511218, "median": 1025033.75, "min": 252185.484375, "var": 16240471965700.0}, "spectral_strongpeak": {"dmean": 0.527036786079, "dmean2": 0.858285188675, "dvar": 1.29060542583, "dvar2": 3.01978850365, "max": 14.862071991, "mean": 1.17597603798, "median": 0.443061351776, "min": 0, "var": 3.20283436775}, "zerocrossingrate": {"dmean": 0.00327174551785, "dmean2": 0.00415949383751, "dvar": 6.09853232163e-05, "dvar2": 0.000109743217763, "max": 0.5205078125, "mean": 0.0344886481762, "median": 0.02783203125, "min": 0.00537109375, "var": 0.00257950020023}, "barkbands": {"dmean": [5.11409889441e-05, 0.000401409342885, 0.000685688282829, 0.000474421278341, 0.00154013384599, 0.000398497853894, 0.000460386101622, 0.000597120844759, 0.000168555372511, 0.000469028716907, 0.000740396615583, 0.000215393098188, 0.00035355964792, 0.000137566530611, 0.00023591023637, 8.93828037078e-05, 0.000120736331155, 2.1135658244e-05, 2.01174934773e-05, 5.85755378779e-06, 1.32322804802e-06, 1.82726614639e-06, 5.32937690423e-07, 1.68866492345e-07, 2.34995045645e-08, 3.62936947162e-09, 9.3759799924e-10], "dmean2": [8.77874772414e-05, 0.000608240254223, 0.0010453738505, 0.000753054919187, 0.00243226112798, 0.000642386090476, 0.000687461637426, 0.000919416488614, 0.000234638791881, 0.000687521824148, 0.00101698120125, 0.000296797516057, 0.000453968270449, 0.0002214347478, 0.000361209939001, 0.000146228747326, 0.000191034618183, 3.43088286172e-05, 3.32687159244e-05, 9.7311758509e-06, 2.07759376281e-06, 3.07693494506e-06, 9.18145985906e-07, 2.62550628349e-07, 4.29068869323e-08, 6.58969723233e-09, 1.69168767883e-09], "dvar": [2.84300085696e-08, 1.00902616396e-06, 2.30472915064e-06, 1.11114752599e-06, 1.49181751112e-05, 1.12376665129e-06, 2.92428399007e-06, 4.27903842137e-06, 3.3313062886e-07, 1.08018673473e-06, 1.00892139017e-05, 3.88956777897e-07, 3.37921528626e-06, 2.11000781292e-07, 2.53302300735e-06, 2.98804934573e-07, 9.18120747428e-07, 1.41887808169e-08, 3.77277160624e-08, 1.84095916289e-09, 2.20639773812e-11, 1.03945123342e-10, 2.96563537616e-11, 7.69071709528e-13, 3.36389444945e-14, 1.53511846789e-15, 6.88179734854e-18], "dvar2": [8.34383016013e-08, 2.10145026358e-06, 4.49911794931e-06, 2.59674220615e-06, 3.80512065021e-05, 2.3622678782e-06, 6.34146363154e-06, 1.01367268144e-05, 5.83284986533e-07, 2.21503069042e-06, 1.73534281203e-05, 6.80958976318e-07, 4.54576547781e-06, 5.75283593207e-07, 5.80383584747e-06, 7.74477825871e-07, 2.30436694437e-06, 3.18236956787e-08, 1.04951709545e-07, 4.97701968527e-09, 5.36084648894e-11, 2.91969504129e-10, 8.44322667337e-11, 1.75072348112e-12, 9.75597369817e-14, 4.48215446149e-15, 2.024250587e-17], "max": [0.00649787625298, 0.0341117307544, 0.0419253334403, 0.0270655527711, 0.0827428102493, 0.0490380302072, 0.0655572339892, 0.0903198421001, 0.027339681983, 0.0300472490489, 0.126959964633, 0.0145295318216, 0.0724245607853, 0.0139443147928, 0.0489051453769, 0.0226613804698, 0.0282478407025, 0.00333466916345, 0.0073970630765, 0.00119446136523, 0.000102062935184, 0.0002358508209, 0.000199036861886, 1.34567635541e-05, 4.59829243482e-06, 1.66288896253e-06, 7.7167143786e-08], "mean": [0.000135841095471, 0.00114890770055, 0.00172004080378, 0.00113765185233, 0.00354417460039, 0.00104908889625, 0.00135160901118, 0.00170804210939, 0.000406800274504, 0.00101208570413, 0.00200874684379, 0.000436671747593, 0.000860515749082, 0.000249727221671, 0.000356550735887, 0.000141930155223, 0.000184014759725, 2.97382084682e-05, 2.35664701904e-05, 5.79478046348e-06, 1.75531567947e-06, 1.7240034822e-06, 4.22788360765e-07, 1.57208717155e-07, 1.76704251231e-08, 3.12580805684e-09, 1.42087397403e-09], "median": [7.33323395252e-06, 0.000142192657222, 0.000690714688972, 0.000405293714721, 0.00119997921865, 0.000410141132306, 0.000348310451955, 0.000237358282902, 7.65211880207e-05, 0.000299796840409, 7.56545050535e-05, 5.73188008275e-05, 6.32117298665e-05, 5.71985729039e-05, 2.95538629871e-05, 1.09659576992e-05, 1.11419849418e-05, 1.73411581272e-06, 1.1357525409e-06, 1.3631819229e-07, 7.4387870086e-08, 1.96563938459e-08, 2.45774200991e-09, 7.9640427586e-10, 5.60062329846e-10, 4.48520665053e-10, 7.37590877264e-10], "min": [4.17682867349e-25, 2.85568061842e-24, 3.34624146373e-25, 1.58755969479e-24, 9.17899932198e-24, 1.8966958242e-23, 1.238116323e-23, 8.71847021412e-24, 1.2650197142e-23, 1.9660586281e-23, 1.69976490337e-23, 2.0203395159e-23, 3.04790641783e-23, 3.88906375236e-23, 3.51389917632e-23, 6.61067331841e-23, 7.78382749807e-23, 1.0646837857e-22, 1.77267344771e-22, 1.78716223508e-22, 1.9668036599e-22, 3.20386705869e-22, 3.50326943339e-22, 6.34887625861e-22, 9.20367678436e-22, 1.30590492972e-21, 1.92000535129e-21], "var": [3.50143437799e-07, 7.44996532376e-06, 8.84418568603e-06, 5.0323224059e-06, 3.8383910578e-05, 6.13464499111e-06, 1.39613512147e-05, 2.08439287235e-05, 1.56458474976e-06, 3.77001424567e-06, 5.13499253429e-05, 1.11945098524e-06, 1.52051761688e-05, 2.86477614964e-07, 3.25808991875e-06, 4.69088718091e-07, 1.31508897994e-06, 2.10413890755e-08, 2.95858306743e-08, 1.39886402462e-09, 2.94206985163e-11, 7.84647832819e-11, 1.84279484033e-11, 7.86998341929e-13, 2.0218832305e-14, 8.87359709417e-16, 6.15319184958e-18]}, "erbbands": {"dmean": [0.00320426654071, 0.119868963957, 0.678521692753, 1.24018263817, 2.42419576645, 7.2665143013, 4.97406768799, 3.10409283638, 4.67032051086, 11.4840526581, 11.7450094223, 4.56416082382, 7.93080854416, 19.5399150848, 25.3347759247, 11.0244674683, 18.3970680237, 6.64112758636, 12.5763921738, 10.1953439713, 3.93760323524, 4.47882938385, 1.29590022564, 1.31090819836, 0.407741785049, 0.357105880976, 0.0725750401616, 0.076053366065, 0.0500414334238, 0.043784853071, 0.0107355974615, 0.00695859594271, 0.000908357673325, 0.000306052126689, 0.00016017103917, 2.98569520965e-05, 6.91780041961e-06, 1.33496530452e-06, 2.02621049539e-06, 4.56499083157e-06], "dmean2": [0.00475190440193, 0.181276649237, 1.02675282955, 1.9375628233, 3.81545352936, 11.7399940491, 7.65287208557, 5.05232620239, 7.10402536392, 17.5904426575, 17.7799663544, 6.29236984253, 11.5466918945, 28.5264987946, 34.1422996521, 14.8998374939, 23.2842464447, 10.6258525848, 19.2131786346, 16.2067642212, 6.37431335449, 7.08392953873, 2.10195875168, 2.21122694016, 0.644802868366, 0.596559762955, 0.113841481507, 0.122048586607, 0.0810863152146, 0.0765165537596, 0.0179012417793, 0.0107984021306, 0.00151165900752, 0.000548298703507, 0.000293734774459, 5.34275750397e-05, 1.20967333714e-05, 2.27239775086e-06, 2.9193258797e-06, 6.57372265778e-06], "dvar": [7.14427587809e-05, 0.0889079198241, 2.39614200592, 7.42166233063, 22.4233341217, 412.560668945, 165.287582397, 78.7405014038, 109.607757568, 2815.30761719, 2225.46044922, 272.082672119, 260.565704346, 2444.70263672, 11157.9296875, 977.761474609, 9093.71386719, 566.972412109, 7655.10058594, 3465.29541016, 715.360168457, 1044.53820801, 40.8308105469, 209.903076172, 2.94732832909, 8.46109867096, 0.0751005336642, 0.107424788177, 0.0550640337169, 0.314389109612, 0.00438141869381, 0.00124985142611, 2.04678071896e-05, 3.49436709257e-06, 3.40909718943e-06, 8.23958643537e-08, 4.63805882589e-09, 4.63884902713e-11, 1.47040175175e-11, 7.39846378606e-11], "dvar2": [0.000125847334857, 0.185540303588, 4.83509683609, 16.0999069214, 56.098941803, 1087.58605957, 370.971160889, 170.286560059, 223.147354126, 6482.4296875, 5111.33789062, 482.348175049, 537.645202637, 4741.60986328, 19587.0664062, 1718.72314453, 12068.4306641, 1526.42529297, 17398.9394531, 8635.75976562, 1891.80603027, 2610.77636719, 92.6175384521, 586.322631836, 7.39769268036, 22.9193782806, 0.193895831704, 0.284045130014, 0.144739449024, 0.905276298523, 0.0118813887239, 0.00288650114089, 5.5482283642e-05, 1.00890938484e-05, 9.88062129181e-06, 2.39732258933e-07, 1.34663986628e-08, 1.33241889744e-10, 3.07059065674e-11, 1.53936696723e-10], "max": [0.480000942945, 9.32593822479, 39.6841087341, 80.7430496216, 114.658073425, 445.393737793, 290.601501465, 376.732788086, 462.405944824, 1950.86181641, 2306.68066406, 789.22467041, 711.791503906, 1388.55969238, 4045.05224609, 747.609802246, 3778.72631836, 746.384338379, 2689.50268555, 2560.97192383, 813.057983398, 956.456848145, 174.05078125, 552.899536133, 41.6128921509, 82.2736282349, 5.81634902954, 8.10860538483, 5.14771127701, 21.0274429321, 2.00741839409, 0.517649412155, 0.145092114806, 0.0493471138179, 0.0587935820222, 0.00945609714836, 0.00303296302445, 0.000225464362302, 8.26825780678e-05, 0.000187242607353], "mean": [0.010667799972, 0.347146451473, 1.77142262459, 3.40099191666, 5.84346294403, 14.937169075, 10.03403759, 8.87126731873, 14.5432481766, 31.5825500488, 33.4858436584, 12.7264757156, 19.5377960205, 46.0252876282, 70.1408462524, 25.648229599, 45.694065094, 13.7072181702, 18.3921794891, 17.6538448334, 6.89233207703, 7.32389593124, 2.3347761631, 1.47643089294, 0.591927349567, 0.3509516716, 0.0938671454787, 0.0844022706151, 0.0531060434878, 0.0352939665318, 0.00957508385181, 0.00644647981972, 0.000844404625241, 0.000255904742517, 0.000125089092762, 3.22618470818e-05, 1.1451883438e-05, 3.18292768497e-06, 8.82007407199e-06, 1.99965725187e-05], "median": [0.00166073674336, 0.0655878856778, 0.652593493462, 1.61848545074, 2.30520772934, 4.15425682068, 3.16924905777, 3.20388364792, 5.74799442291, 4.20381450653, 5.12865114212, 2.73605322838, 7.21821928024, 10.0141124725, 5.0333609581, 3.01477622986, 3.79469513893, 3.46818828583, 2.56935691833, 1.48627257347, 0.779159784317, 0.632593274117, 0.243992209435, 0.0703437924385, 0.0473142005503, 0.0103739826009, 0.00451598409563, 0.00214012246579, 0.000924146035686, 0.000256590254139, 8.27235198813e-05, 3.68718974642e-05, 2.07374214369e-05, 1.40454503708e-05, 1.01447358247e-05, 7.11063603376e-06, 3.96877476305e-06, 1.51801236825e-06, 4.30435557064e-06, 9.77745912678e-06], "min": [7.36938963964e-23, 7.52293251649e-22, 1.9577056829e-21, 7.4862987753e-21, 1.58467788241e-20, 2.79641589265e-20, 3.94164195773e-20, 1.08175281314e-19, 7.81173731612e-20, 2.04785259346e-19, 3.31727032787e-19, 2.86201286618e-19, 5.73973751112e-19, 1.07322910467e-18, 1.12411891032e-18, 6.36031322207e-19, 1.45053058389e-18, 1.65151334565e-18, 2.50652269216e-18, 2.9806357359e-18, 4.13864806163e-18, 4.50975354446e-18, 4.96929745608e-18, 6.69870464226e-18, 7.14295853384e-18, 9.57802936469e-18, 8.28414021564e-18, 9.58809615274e-18, 1.26805605036e-17, 8.53338379628e-18, 8.74547538688e-18, 1.09549442862e-17, 1.11255949553e-17, 9.20395347627e-18, 6.55142596138e-18, 4.37575648908e-18, 2.26922401316e-18, 9.70435059757e-19, 2.62561731332e-19, 2.61506882181e-20], "var": [0.000853264704347, 0.6216340065, 10.6392879486, 35.7609977722, 85.9361724854, 862.453918457, 431.130828857, 441.652587891, 793.979370117, 10139.9550781, 10007.4257812, 1467.95629883, 1255.31848145, 10551.5029297, 54753.046875, 3525.17333984, 41720.375, 1011.55688477, 8917.72070312, 6482.26708984, 1080.8248291, 1564.7121582, 91.7292251587, 158.529708862, 4.48802566528, 6.29916524887, 0.0847620666027, 0.100234702229, 0.0563852190971, 0.188102170825, 0.00331704574637, 0.00123924971558, 1.59535156854e-05, 2.21161940317e-06, 1.97181384465e-06, 4.91816862791e-08, 2.89442869672e-09, 4.05020773864e-11, 1.24304469495e-10, 6.39735930896e-10]}, "gfcc": {"mean": [-216.038452148, 234.906921387, -132.888320923, -31.5002593994, -16.2627468109, -18.9557819366, -21.6009864807, -20.4869289398, -13.3794078827, -19.3057632446, -11.3264303207, -12.6793832779, -5.33692264557], "cov": [[24964.3515625, 1450.7154541, -4827.90722656, 2537.52490234, -258.002441406, -622.974121094, 584.787902832, -457.45111084, 365.144042969, -92.3205795288, 461.270599365, 92.8020629883, -32.7082023621], [1450.7154541, 1498.78149414, 48.2078742981, -645.013916016, 339.257568359, -269.694366455, -116.203521729, -15.4106378555, -125.187889099, -17.7787208557, -12.3953437805, -38.7846069336, -28.8435516357], [-4827.90722656, 48.2078742981, 1396.13061523, -581.351501465, 81.0171813965, 233.64163208, -128.102371216, 97.6806259155, -105.829917908, 18.6403579712, -86.8999023438, -51.1241989136, -48.2848358154], [2537.52490234, -645.013916016, -581.351501465, 1026.94799805, -71.2933425903, 84.633392334, 194.51776123, -25.9259338379, 174.178024292, 26.6207485199, 95.6481018066, 53.7011108398, -14.8323125839], [-258.002441406, 339.257568359, 81.0171813965, -71.2933425903, 422.494842529, -74.5347290039, -28.1383132935, 37.530090332, -31.8334007263, 42.9879837036, 41.5107841492, 31.3764266968, 0.501187860966], [-622.974121094, -269.694366455, 233.64163208, 84.633392334, -74.5347290039, 312.744506836, 57.0705375671, 3.90031981468, 6.81041908264, -28.3010864258, -27.3448066711, -4.00211000443, -9.25615596771], [584.787902832, -116.203521729, -128.102371216, 194.51776123, -28.1383132935, 57.0705375671, 225.660766602, 24.709487915, 7.60156106949, -4.68456125259, 18.6440887451, 33.6510772705, 16.8493709564], [-457.45111084, -15.4106378555, 97.6806259155, -25.9259338379, 37.530090332, 3.90031981468, 24.709487915, 120.029945374, 28.420583725, 1.48082113266, -4.14565896988, -3.68333077431, 3.15409040451], [365.144042969, -125.187889099, -105.829917908, 174.178024292, -31.8334007263, 6.81041908264, 7.60156106949, 28.420583725, 148.207595825, 37.0637931824, -3.99068593979, -3.70730066299, -8.37726974487], [-92.3205795288, -17.7787208557, 18.6403579712, 26.6207485199, 42.9879837036, -28.3010864258, -4.68456125259, 1.48082113266, 37.0637931824, 122.786216736, 37.91929245, -10.887263298, -14.9274816513], [461.270599365, -12.3953437805, -86.8999023438, 95.6481018066, 41.5107841492, -27.3448066711, 18.6440887451, -4.14565896988, -3.99068593979, 37.91929245, 109.161895752, 38.8516731262, -27.7086048126], [92.8020629883, -38.7846069336, -51.1241989136, 53.7011108398, 31.3764266968, -4.00211000443, 33.6510772705, -3.68333077431, -3.70730066299, -10.887263298, 38.8516731262, 105.115371704, 28.2512454987], [-32.7082023621, -28.8435516357, -48.2848358154, -14.8323125839, 0.501187860966, -9.25615596771, 16.8493709564, 3.15409040451, -8.37726974487, -14.9274816513, -27.7086048126, 28.2512454987, 100.305702209]], "icov": [[0.000468873942737, -0.00126932456624, 0.0012250484433, -0.00113491923548, 0.000825309893116, -0.000664751336444, 9.14573683986e-05, 8.00542911747e-05, 0.000143285404192, 7.73826832301e-06, -0.000819519627839, 0.000354094372597, -0.000186566569027], [-0.00126932456624, 0.0049437424168, -0.00306805456057, 0.00419272994623, -0.00343111739494, 0.00251449760981, -0.000813625520095, 0.000571348820813, -0.000823126058094, 0.000810156110674, 0.00200686953031, -0.000301017891616, 0.00120966276154], [0.0012250484433, -0.00306805456057, 0.00484299613163, -0.0021478687413, 0.00180906336755, -0.00315117626451, 0.000898718135431, -0.00113118428271, 0.00137359369546, -0.00109908787999, -0.000982787576504, 0.000363460829249, 0.000693001260515], [-0.00113491923548, 0.00419272994623, -0.0021478687413, 0.00574460625648, -0.00302346842363, 0.00120920268819, -0.00182284833863, 0.00114694342483, -0.00297410297208, 0.0010267283069, 0.00022693691426, -0.000230893987464, 0.00108005129732], [0.000825309893116, -0.00343111739494, 0.00180906336755, -0.00302346842363, 0.00533047132194, -0.00112840230577, 0.00110246357508, -0.00172255269717, 0.0017182957381, -0.00178664305713, -0.00154349638615, -0.000946303654928, -0.000837780942675], [-0.000664751336444, 0.00251449760981, -0.00315117626451, 0.00120920268819, -0.00112840230577, 0.00644352799281, -0.00183214992285, 0.00138531520497, -0.00100370228756, 0.00182440690696, 0.00139117951039, 6.31666771369e-05, 0.000586836948059], [9.14573683986e-05, -0.000813625520095, 0.000898718135431, -0.00182284833863, 0.00110246357508, -0.00183214992285, 0.00694659166038, -0.00326396501623, 0.0028301156126, -0.00167777796742, 0.000946321117226, -0.00205134530552, -0.000454043707578], [8.00542911747e-05, 0.000571348820813, -0.00113118428271, 0.00114694342483, -0.00172255269717, 0.00138531520497, -0.00326396501623, 0.0122993765399, -0.0053922701627, 0.00325023871846, -0.00272503169253, 0.00255690258928, -0.00132612371817], [0.000143285404192, -0.000823126058094, 0.00137359369546, -0.00297410297208, 0.0017182957381, -0.00100370228756, 0.0028301156126, -0.0053922701627, 0.0131316604093, -0.00582536263391, 0.0053397170268, -0.00255318614654, 0.00204836158082], [7.73826832301e-06, 0.000810156110674, -0.00109908787999, 0.0010267283069, -0.00178664305713, 0.00182440690696, -0.00167777796742, 0.00325023871846, -0.00582536263391, 0.0133260637522, -0.00708202924579, 0.00470070540905, -0.00156849739142], [-0.000819519627839, 0.00200686953031, -0.000982787576504, 0.00022693691426, -0.00154349638615, 0.00139117951039, 0.000946321117226, -0.00272503169253, 0.0053397170268, -0.00708202924579, 0.0203372351825, -0.00909361150116, 0.00750436680391], [0.000354094372597, -0.000301017891616, 0.000363460829249, -0.000230893987464, -0.000946303654928, 6.31666771369e-05, -0.00205134530552, 0.00255690258928, -0.00255318614654, 0.00470070540905, -0.00909361150116, 0.0157940518111, -0.00602966221049], [-0.000186566569027, 0.00120966276154, 0.000693001260515, 0.00108005129732, -0.000837780942675, 0.000586836948059, -0.000454043707578, -0.00132612371817, 0.00204836158082, -0.00156849739142, 0.00750436680391, -0.00602966221049, 0.014635075815]]}, "melbands": {"dmean": [6.85524282744e-05, 0.000285269488813, 0.00021421960264, 0.000339966907632, 0.000214428422623, 7.10485473974e-05, 7.4789946666e-05, 0.00012374475773, 8.9115339506e-05, 2.42278983933e-05, 4.1359286115e-05, 7.89754049038e-05, 0.0001084829928, 2.71033040917e-05, 3.67401880794e-05, 2.71234493994e-05, 1.29477730297e-05, 1.90535265574e-05, 1.47639775605e-05, 1.00310589914e-05, 5.88282409808e-06, 6.53383176541e-06, 2.52078393714e-06, 4.76278472661e-07, 1.29660293169e-06, 2.78658177422e-07, 1.98463226297e-07, 2.52043548699e-07, 4.02565767388e-08, 3.58038541037e-08, 5.43093783278e-08, 3.43872201825e-08, 2.41291786551e-08, 2.05448742463e-08, 5.08689224077e-09, 5.3770143893e-09, 3.55278850783e-09, 5.35668731594e-10, 3.10354075772e-10, 2.27602242608e-10], "dmean2": [0.000102719968709, 0.000429918698501, 0.000334029668011, 0.000550917524379, 0.000329282920575, 0.000115502436529, 0.000112048153824, 0.000191003608052, 0.000135042791953, 3.3422918932e-05, 6.02595173405e-05, 0.000116680806968, 0.000145611455082, 3.8106842112e-05, 4.8445941502e-05, 3.48659268639e-05, 2.11554161069e-05, 2.91042542813e-05, 2.28162971325e-05, 1.61106945598e-05, 9.32499551709e-06, 1.0364587979e-05, 4.01677925765e-06, 8.1584767031e-07, 2.18199534174e-06, 4.36961101968e-07, 3.15132581363e-07, 4.25023102935e-07, 6.11827246644e-08, 5.75239873513e-08, 8.83009576569e-08, 5.63611912696e-08, 4.02097199981e-08, 3.65483039388e-08, 8.39506064665e-09, 8.60440785289e-09, 5.50087531082e-09, 9.26389853717e-10, 5.59973734049e-10, 4.13622691653e-10], "dvar": [2.91473618574e-08, 4.29316145301e-07, 1.97439490535e-07, 6.77086234191e-07, 3.39813851724e-07, 3.82695333201e-08, 3.52131657166e-08, 2.82048205236e-07, 1.33036664351e-07, 7.54827667038e-09, 6.98245150588e-09, 3.7172270595e-08, 2.2334104699e-07, 6.80615430682e-09, 2.49236205008e-08, 1.64140363523e-08, 2.53875054312e-09, 1.48115271159e-08, 7.60162421898e-09, 4.07139566505e-09, 2.3173396535e-09, 2.71623834536e-09, 1.81916468001e-10, 4.39479312317e-12, 2.23025556356e-10, 1.08968173027e-12, 8.03150840105e-13, 4.52447324398e-12, 3.06275458554e-14, 2.20388147293e-14, 8.50113436677e-14, 3.98050123136e-14, 2.98140825179e-14, 9.71618483369e-14, 7.89855311639e-16, 1.26479351437e-15, 3.71751669712e-16, 8.24677564019e-18, 5.24679256335e-18, 2.2575192007e-18], "dvar2": [5.79157948266e-08, 8.72252599038e-07, 4.33131020827e-07, 1.87897705928e-06, 7.64371236528e-07, 8.20346883756e-08, 7.31804234988e-08, 6.61261879031e-07, 3.1665817346e-07, 1.24233103804e-08, 1.46192800088e-08, 7.46579544852e-08, 3.70728855614e-07, 1.39478730787e-08, 3.56835698767e-08, 2.16154738553e-08, 7.01821134541e-09, 3.36520500355e-08, 1.78129564432e-08, 1.01892316806e-08, 5.8785154522e-09, 6.79523637359e-09, 3.86695814258e-10, 1.24872881133e-11, 6.20840490129e-10, 2.54429918974e-12, 2.08441120267e-12, 1.2315344057e-11, 7.2230551618e-14, 5.36735877911e-14, 2.29229233251e-13, 1.04737257008e-13, 8.29929183645e-14, 2.80195598711e-13, 2.10411285021e-15, 3.22173597818e-15, 8.4248766258e-16, 2.30109304878e-17, 1.54513996615e-17, 6.5100731346e-18], "max": [0.00747249322012, 0.0177311003208, 0.0115875685588, 0.0157336648554, 0.0116783333942, 0.00865276809782, 0.0072893826291, 0.0186962727457, 0.016863213852, 0.00426179589704, 0.00351573387161, 0.00578248361126, 0.0192250814289, 0.00170842313673, 0.00615653488785, 0.00509322108701, 0.00156012165826, 0.00371281988919, 0.0025171560701, 0.00281639839523, 0.00148868607357, 0.00155592733063, 0.000373917864636, 5.23924973095e-05, 0.000570552016143, 2.66572042165e-05, 2.06678578252e-05, 5.87200665905e-05, 4.62733032691e-06, 2.61099103227e-06, 7.586994343e-06, 4.6697232392e-06, 5.55880114916e-06, 1.17688668979e-05, 9.24843106986e-07, 1.18510934044e-06, 3.14812780289e-07, 9.58415640184e-08, 8.25009891514e-08, 4.14573655405e-08], "mean": [0.000210425685509, 0.00079699314665, 0.000610023678746, 0.000782871502452, 0.000442234362708, 0.000196832188522, 0.000236167805269, 0.000347625464201, 0.000247061019763, 6.25263419352e-05, 9.79463293334e-05, 0.000176604895387, 0.000302418367937, 5.57902712899e-05, 8.96790515981e-05, 6.77536154399e-05, 2.23596325668e-05, 2.82504897768e-05, 2.36421146838e-05, 1.67899706867e-05, 8.68996994541e-06, 9.51947822614e-06, 4.28785824624e-06, 6.7579168217e-07, 1.35027607939e-06, 4.34566914009e-07, 2.47721573032e-07, 2.30089924003e-07, 5.26105168319e-08, 4.56886652955e-08, 5.38925277738e-08, 3.47091884123e-08, 2.27314007617e-08, 1.5230403605e-08, 4.69450167628e-09, 4.82630513332e-09, 3.26530913419e-09, 4.94556728903e-10, 2.40568009957e-10, 1.75544773162e-10], "median": [2.62924586423e-05, 0.00030712375883, 0.000322132342262, 0.00026679423172, 0.000134602407343, 7.22768600099e-05, 8.57380364323e-05, 4.60569171992e-05, 3.88819098589e-05, 1.2813068679e-05, 3.37199453497e-05, 3.83146470995e-05, 1.25813603518e-05, 8.14669510874e-06, 6.83066082274e-06, 6.04306842433e-06, 5.4189349612e-06, 3.26379085891e-06, 1.80330471267e-06, 1.07245102754e-06, 4.73181472671e-07, 5.43943201592e-07, 2.88436439178e-07, 4.51523831657e-08, 4.00190387495e-08, 3.54482310172e-08, 1.00464294661e-08, 3.43319328522e-09, 2.49703635546e-09, 1.26562615943e-09, 8.89256668302e-10, 2.66959787609e-10, 1.62730606768e-10, 6.72903330279e-11, 3.54117568602e-11, 2.27452345153e-11, 1.08425620912e-11, 7.91295067665e-12, 6.18697194171e-12, 5.05587932631e-12], "min": [1.30315325035e-24, 8.95293131085e-25, 1.89464589025e-24, 1.67483906813e-24, 1.31018348013e-24, 3.0898224237e-24, 1.52637800956e-24, 1.81628320894e-24, 2.309397597e-24, 1.6907868774e-24, 2.08977950985e-24, 2.93709678308e-24, 3.68445492722e-24, 2.2569979058e-24, 1.83908543062e-24, 2.37492531417e-24, 2.59794260296e-24, 2.78706293309e-24, 2.51366247878e-24, 3.62077452507e-24, 4.10115926192e-24, 4.54058752385e-24, 3.65498426709e-24, 4.29737066272e-24, 4.4248647845e-24, 5.70348012197e-24, 5.42937225665e-24, 5.61461296884e-24, 5.53151830539e-24, 4.34154253468e-24, 5.21189277141e-24, 5.52999185954e-24, 4.58714846106e-24, 4.69135856436e-24, 4.64000490272e-24, 4.81387891814e-24, 6.2417794766e-24, 6.52345291243e-24, 6.17859802898e-24, 6.01701801634e-24], "var": [2.72128517054e-07, 2.1293028567e-06, 9.63203547144e-07, 1.73790442659e-06, 8.44428939217e-07, 2.14892196482e-07, 2.39369455812e-07, 1.06898107788e-06, 5.5624622064e-07, 3.80443268e-08, 3.19864952303e-08, 1.41670952303e-07, 1.17559500268e-06, 1.70694836044e-08, 1.15741165985e-07, 7.82299167668e-08, 3.13711012723e-09, 1.74620513604e-08, 1.11668168046e-08, 7.14211001451e-09, 3.04386871264e-09, 3.77977915633e-09, 4.20669193923e-10, 4.42110237309e-12, 1.67616892588e-10, 2.19256253778e-12, 8.89815890241e-13, 3.27863127272e-12, 3.81867355391e-14, 2.86489277126e-14, 6.80138318712e-14, 3.87967585033e-14, 2.10131205107e-14, 5.75026950968e-14, 6.47728900562e-16, 1.05447523356e-15, 3.73405898588e-16, 6.50860861133e-18, 3.08354093321e-18, 1.39126392018e-18]}, "mfcc": {"mean": [-817.041870117, 227.821548462, -9.58593845367, -8.38664150238, 8.65654087067, 2.72272706032, -4.0305390358, -2.00354003906, -4.24457931519, -5.99639558792, -5.94408035278, -6.09069347382, -5.78850698471], "cov": [[9969.34667969, 2978.81811523, -3036.26855469, 925.645996094, 280.482543945, 97.4407730103, -3.59235572815, 127.353469849, -62.0915298462, -1.3931876421, 119.898529053, 250.855804443, 431.817230225], [2978.81811523, 1959.84741211, -682.794372559, -87.1507415771, 324.461883545, -60.6835365295, -4.64250993729, -1.37334108353, -39.5201568604, -90.2743530273, -22.9296703339, 68.7475509644, 217.163192749], [-3036.26855469, -682.794372559, 1295.20947266, -284.500213623, -150.972442627, 19.7283878326, 15.2916002274, -31.0742664337, 2.6752910614, 2.8807091713, -36.0461120605, -71.522605896, -152.781524658], [925.645996094, -87.1507415771, -284.500213623, 429.193969727, 21.4260234833, 56.5391082764, 52.2453689575, 30.0263748169, 16.2235774994, 43.2597465515, 62.712223053, 56.0630378723, 42.092300415], [280.482543945, 324.461883545, -150.972442627, 21.4260234833, 327.23651123, 38.3867492676, -12.8823442459, 10.4699611664, 7.9301071167, -27.0464763641, -2.31633496284, 54.1674423218, 101.886619568], [97.4407730103, -60.6835365295, 19.7283878326, 56.5391082764, 38.3867492676, 165.932739258, 54.6187324524, 14.0341968536, -0.761828184128, -0.881350517273, 6.59079647064, 18.1260299683, 18.8770313263], [-3.59235572815, -4.64250993729, 15.2916002274, 52.2453689575, -12.8823442459, 54.6187324524, 176.335998535, 73.9422912598, -5.25885820389, -1.3767118454, -11.3046531677, -12.743314743, 9.36415576935], [127.353469849, -1.37334108353, -31.0742664337, 30.0263748169, 10.4699611664, 14.0341968536, 73.9422912598, 149.824371338, 44.646446228, -14.4001321793, -6.19395494461, -8.2118139267, 2.73173856735], [-62.0915298462, -39.5201568604, 2.6752910614, 16.2235774994, 7.9301071167, -0.761828184128, -5.25885820389, 44.646446228, 117.2838974, 35.1947097778, -19.6714382172, -12.0435800552, -26.9381713867], [-1.3931876421, -90.2743530273, 2.8807091713, 43.2597465515, -27.0464763641, -0.881350517273, -1.3767118454, -14.4001321793, 35.1947097778, 112.116539001, 41.3562889099, -13.6131134033, -41.9093666077], [119.898529053, -22.9296703339, -36.0461120605, 62.712223053, -2.31633496284, 6.59079647064, -11.3046531677, -6.19395494461, -19.6714382172, 41.3562889099, 136.896942139, 42.4101600647, -31.6519489288], [250.855804443, 68.7475509644, -71.522605896, 56.0630378723, 54.1674423218, 18.1260299683, -12.743314743, -8.2118139267, -12.0435800552, -13.6131134033, 42.4101600647, 123.49080658, 67.3117599487], [431.817230225, 217.163192749, -152.781524658, 42.092300415, 101.886619568, 18.8770313263, 9.36415576935, 2.73173856735, -26.9381713867, -41.9093666077, -31.6519489288, 67.3117599487, 240.047897339]], "icov": [[0.00656564999372, -0.00910249445587, 0.0096318218857, -0.00945381540805, 0.00952637195587, -0.00973181799054, 0.0095971673727, -0.00926740374416, 0.00780898472294, -0.00682328129187, 0.0054492126219, -0.00380093418062, 0.00213430030271], [-0.00910249445587, 0.0134698171169, -0.0128996903077, 0.0136227635667, -0.0138243203983, 0.0138850891963, -0.0137610984966, 0.0131388809532, -0.0109241241589, 0.00982124079019, -0.00778297474608, 0.00528664560989, -0.00326719274744], [0.0096318218857, -0.0128996903077, 0.0154039207846, -0.0128902606666, 0.0139848086983, -0.0144788995385, 0.0135510051623, -0.0131821976975, 0.0112608699128, -0.00983957573771, 0.00796379428357, -0.00568491732702, 0.00342200486921], [-0.00945381540805, 0.0136227635667, -0.0128902606666, 0.017343301326, -0.0137507356703, 0.0133921252564, -0.0150015177205, 0.0134825417772, -0.0118904178962, 0.00909302011132, -0.00897356960922, 0.00455845473334, -0.00355632952414], [0.00952637195587, -0.0138243203983, 0.0139848086983, -0.0137507356703, 0.0181808546185, -0.0153843080625, 0.0147519959137, -0.0138020375744, 0.0105599267408, -0.00956968031824, 0.00777757354081, -0.00623609591275, 0.00204473477788], [-0.00973181799054, 0.0138850891963, -0.0144788995385, 0.0133921252564, -0.0153843080625, 0.0220303516835, -0.0169145129621, 0.0146613782272, -0.0120082339272, 0.0106406016275, -0.00842407997698, 0.00503302365541, -0.00334020797163], [0.0095971673727, -0.0137610984966, 0.0135510051623, -0.0150015177205, 0.0147519959137, -0.0169145129621, 0.0235327538103, -0.0190284699202, 0.0148602006957, -0.0120130619034, 0.00987970549613, -0.00493972096592, 0.00306569924578], [-0.00926740374416, 0.0131388809532, -0.0131821976975, 0.0134825417772, -0.0138020375744, 0.0146613782272, -0.0190284699202, 0.0247592329979, -0.0173913352191, 0.0141080683097, -0.0103707341477, 0.0066879442893, -0.00353511422873], [0.00780898472294, -0.0109241241589, 0.0112608699128, -0.0118904178962, 0.0105599267408, -0.0120082339272, 0.0148602006957, -0.0173913352191, 0.0237015914172, -0.0148514937609, 0.0118008051068, -0.00620113965124, 0.00452959630638], [-0.00682328129187, 0.00982124079019, -0.00983957573771, 0.00909302011132, -0.00956968031824, 0.0106406016275, -0.0120130619034, 0.0141080683097, -0.0148514937609, 0.0218868926167, -0.0116531718522, 0.00712897628546, -0.0023156083189], [0.0054492126219, -0.00778297474608, 0.00796379428357, -0.00897356960922, 0.00777757354081, -0.00842407997698, 0.00987970549613, -0.0103707341477, 0.0118008051068, -0.0116531718522, 0.0173999797553, -0.00873449631035, 0.00500795571133], [-0.00380093418062, 0.00528664560989, -0.00568491732702, 0.00455845473334, -0.00623609591275, 0.00503302365541, -0.00493972096592, 0.0066879442893, -0.00620113965124, 0.00712897628546, -0.00873449631035, 0.0152889825404, -0.00488526653498], [0.00213430030271, -0.00326719274744, 0.00342200486921, -0.00355632952414, 0.00204473477788, -0.00334020797163, 0.00306569924578, -0.00353511422873, 0.00452959630638, -0.0023156083189, 0.00500795571133, -0.00488526653498, 0.00753346271813]]}, "spectral_contrast_coeffs": {"dmean": [0.0418736860156, 0.0341435968876, 0.0328213945031, 0.0263392012566, 0.0225134678185, 0.0363878123462], "dmean2": [0.0694434866309, 0.0555117502809, 0.0512760318816, 0.0425587669015, 0.0364582315087, 0.0623704865575], "dvar": [0.00122593971901, 0.00091134471586, 0.000870984629728, 0.000628683890682, 0.000524857779965, 0.00109085487202], "dvar2": [0.00335110398009, 0.002255941974, 0.00211181072518, 0.00154041952919, 0.00131213420536, 0.00281034735963], "max": [-0.277976691723, -0.437164694071, -0.462499976158, -0.498124390841, -0.544120550156, -0.609247207642], "mean": [-0.589668810368, -0.714091658592, -0.721945464611, -0.730147123337, -0.731715559959, -0.805585384369], "median": [-0.58466899395, -0.7184253335, -0.724443733692, -0.728158175945, -0.724945485592, -0.805965602398], "min": [-0.983448266983, -0.991836071014, -0.992795884609, -0.985742807388, -0.99268579483, -0.969603419304], "var": [0.00767627591267, 0.00700454460457, 0.00600227341056, 0.00379903218709, 0.0037665432319, 0.00683542015031]}, "spectral_contrast_valleys": {"dmean": [0.40025678277, 0.310904741287, 0.296876430511, 0.279163569212, 0.323150753975, 0.653362512589], "dmean2": [0.664417207241, 0.505680024624, 0.481443703175, 0.449419587851, 0.516667366028, 1.14367485046], "dvar": [0.17422734201, 0.166874840856, 0.180256336927, 0.189387321472, 0.297211438417, 0.333451867104], "dvar2": [0.367708176374, 0.303021