{"lowlevel": {"average_loudness": 0.913065135479, "barkbands_crest": {"dmean": 2.59874296188, "dmean2": 3.9294154644, "dvar": 10.2384500504, "dvar2": 21.3010292053, "max": 25.739112854, "mean": 13.1203289032, "median": 12.3458776474, "min": 2.48878216743, "var": 36.5268783569}, "barkbands_flatness_db": {"dmean": 0.03057901375, "dmean2": 0.0458674319088, "dvar": 0.00185187417082, "dvar2": 0.00372718274593, "max": 0.48065507412, "mean": 0.173068881035, "median": 0.162101820111, "min": 0.0241500269622, "var": 0.00640831142664}, "barkbands_kurtosis": {"dmean": 12.0990629196, "dmean2": 18.934223175, "dvar": 2057.72924805, "dvar2": 4941.99169922, "max": 1362.90710449, "mean": 17.8316078186, "median": 4.9253320694, "min": -1.9085495472, "var": 2617.67480469}, "barkbands_skewness": {"dmean": 1.04868066311, "dmean2": 1.51004779339, "dvar": 2.88268709183, "dvar2": 5.81004714966, "max": 30.239824295, "mean": 2.36210298538, "median": 1.9664362669, "min": -15.6505699158, "var": 8.31279087067}, "barkbands_spread": {"dmean": 8.87107276917, "dmean2": 13.1438684464, "dvar": 161.601104736, "dvar2": 308.883239746, "max": 119.636253357, "mean": 23.5945358276, "median": 17.1253070831, "min": 0.16123765707, "var": 409.190429688}, "dissonance": {"dmean": 0.0221065338701, "dmean2": 0.0361125059426, "dvar": 0.000618898950052, "dvar2": 0.00152972014621, "max": 0.499995708466, "mean": 0.454339176416, "median": 0.464793741703, "min": 0.225879594684, "var": 0.00151901156642}, "dynamic_complexity": 4.78965044022, "erbbands_crest": {"dmean": 2.30801081657, "dmean2": 3.73424506187, "dvar": 5.49601078033, "dvar2": 14.1218471527, "max": 30.5433483124, "mean": 8.69866657257, "median": 7.42654371262, "min": 2.46225142479, "var": 17.9463806152}, "erbbands_flatness_db": {"dmean": 0.0179642122239, "dmean2": 0.026485349983, "dvar": 0.000432050146628, "dvar2": 0.000769544858485, "max": 0.448143571615, "mean": 0.150433003902, "median": 0.135200098157, "min": 0.0497644990683, "var": 0.00386258703656}, "erbbands_kurtosis": {"dmean": 1.62381291389, "dmean2": 2.46828103065, "dvar": 12.4224538803, "dvar2": 24.8316822052, "max": 218.034317017, "mean": 2.33849143982, "median": 0.638927459717, "min": -1.89926671982, "var": 32.113899231}, "erbbands_skewness": {"dmean": 0.509156823158, "dmean2": 0.741738677025, "dvar": 0.432628601789, "dvar2": 0.748918831348, "max": 5.22538805008, "mean": 0.377544730902, "median": 0.344493150711, "min": -13.0880537033, "var": 1.62047469616}, "erbbands_spread": {"dmean": 11.9376659393, "dmean2": 17.6449680328, "dvar": 217.15512085, "dvar2": 428.021820068, "max": 178.18359375, "mean": 44.300868988, "median": 39.4766464233, "min": 1.2291084528, "var": 772.434753418}, "hfc": {"dmean": 6.70837831497, "dmean2": 9.62029266357, "dvar": 247.920623779, "dvar2": 416.627716064, "max": 140.133987427, "mean": 12.0903615952, "median": 2.77557992935, "min": 2.01209822137e-08, "var": 642.739562988}, "melbands_crest": {"dmean": 2.96045017242, "dmean2": 4.63369607925, "dvar": 13.6932983398, "dvar2": 32.9712181091, "max": 38.2480545044, "mean": 17.3141403198, "median": 17.4853210449, "min": 1.68088161945, "var": 44.8583297729}, "melbands_flatness_db": {"dmean": 0.0391142591834, "dmean2": 0.0549231618643, "dvar": 0.00300912419334, "dvar2": 0.00555939506739, "max": 0.63508361578, "mean": 0.234881207347, "median": 0.229925826192, "min": 0.00445992639288, "var": 0.014026469551}, "melbands_kurtosis": {"dmean": 23.7336139679, "dmean2": 38.1622543335, "dvar": 5118.98730469, "dvar2": 12475.5019531, "max": 1951.92028809, "mean": 40.9493598938, "median": 15.1237697601, "min": -1.86252593994, "var": 9592.765625}, "melbands_skewness": {"dmean": 1.21199011803, "dmean2": 1.82774865627, "dvar": 3.36064696312, "dvar2": 7.40604305267, "max": 35.7882843018, "mean": 3.82946062088, "median": 3.16138219833, "min": -7.30084562302, "var": 11.8405199051}, "melbands_spread": {"dmean": 12.8830814362, "dmean2": 19.501947403, "dvar": 554.26953125, "dvar2": 1044.65625, "max": 230.936798096, "mean": 29.5901832581, "median": 13.1082401276, "min": 0.199276492, "var": 1393.10144043}, "pitch_salience": {"dmean": 0.0796406418085, "dmean2": 0.128917261958, "dvar": 0.0119310114533, "dvar2": 0.0289374701679, "max": 0.888369560242, "mean": 0.485078752041, "median": 0.497240900993, "min": 0.0264682676643, "var": 0.0297162439674}, "silence_rate_20dB": {"dmean": 0, "dmean2": 0, "dvar": 0, "dvar2": 0, "max": 1, "mean": 1, "median": 1, "min": 1, "var": 0}, "silence_rate_30dB": {"dmean": 0, "dmean2": 0, "dvar": 0, "dvar2": 0, "max": 1, "mean": 1, "median": 1, "min": 1, "var": 0}, "silence_rate_60dB": {"dmean": 0.0770735517144, "dmean2": 0.154162183404, "dvar": 0.0711315944791, "dvar2": 0.141161441803, "max": 1, "mean": 0.369095355272, "median": 0, "min": 0, "var": 0.232859149575}, "spectral_centroid": {"dmean": 404.889282227, "dmean2": 590.641479492, "dvar": 385481.25, "dvar2": 645323.8125, "max": 10849.1015625, "mean": 1617.13842773, "median": 1248.02075195, "min": 103.892318726, "var": 1294125.5}, "spectral_complexity": {"dmean": 2.76682305336, "dmean2": 4.19602870941, "dvar": 36.2935791016, "dvar2": 55.6246070862, "max": 61, "mean": 8.95022010803, "median": 6, "min": 0, "var": 119.820930481}, "spectral_decrease": {"dmean": 1.20612941856e-09, "dmean2": 1.80453352261e-09, "dvar": 6.0157988042e-18, "dvar2": 1.25685825825e-17, "max": 5.83986609071e-11, "mean": -3.09165115731e-09, "median": -1.35307420823e-09, "min": -2.29716103917e-08, "var": 1.72379112613e-17}, "spectral_energy": {"dmean": 0.00498496508226, "dmean2": 0.00741186458617, "dvar": 9.37455115491e-05, "dvar2": 0.000189077531104, "max": 0.0882803946733, "mean": 0.0127652548254, "median": 0.00588481267914, "min": 1.86555089952e-12, "var": 0.000275561818853}, "spectral_energyband_high": {"dmean": 0.00069455744233, "dmean2": 0.00105118646752, "dvar": 2.6166940188e-06, "dvar2": 5.27776182935e-06, "max": 0.0139259928837, "mean": 0.0010403895285, "median": 0.000104605358501, "min": 1.35618914102e-12, "var": 5.46424917047e-06}, "spectral_energyband_low": {"dmean": 0.00386371859349, "dmean2": 0.00617390358821, "dvar": 8.67221169756e-05, "dvar2": 0.000191462444491, "max": 0.0837069898844, "mean": 0.00825451314449, "median": 0.00169720151462, "min": 4.49910325195e-14, "var": 0.000207334931474}, "spectral_energyband_middle_high": {"dmean": 0.000944194733165, "dmean2": 0.00125666777603, "dvar": 6.2033109316e-06, "dvar2": 9.94813854049e-06, "max": 0.0306822024286, "mean": 0.00172390660737, "median": 0.000398274569307, "min": 2.26767240511e-13, "var": 1.62658707268e-05}, "spectral_energyband_middle_low": {"dmean": 0.00144691660535, "dmean2": 0.00251462170854, "dvar": 1.40932643262e-05, "dvar2": 3.52204478986e-05, "max": 0.0327510051429, "mean": 0.00204159808345, "median": 0.00102783984039, "min": 7.57285537447e-14, "var": 1.28463088913e-05}, "spectral_entropy": {"dmean": 0.224222004414, "dmean2": 0.313799798489, "dvar": 0.0984373167157, "dvar2": 0.164039745927, "max": 9.79588603973, "mean": 7.56444358826, "median": 7.68490552902, "min": 5.25012922287, "var": 0.424332112074}, "spectral_flux": {"dmean": 0.0246238503605, "dmean2": 0.0366429835558, "dvar": 0.00127436756156, "dvar2": 0.00266737747006, "max": 0.297911226749, "mean": 0.0516782924533, "median": 0.0270368587226, "min": 4.0957256715e-06, "var": 0.00330022047274}, "spectral_kurtosis": {"dmean": 1.2848893404, "dmean2": 1.98422408104, "dvar": 4.72523117065, "dvar2": 11.3309621811, "max": 81.3256530762, "mean": 3.99310326576, "median": 3.33407354355, "min": -1.50658535957, "var": 13.3511552811}, "spectral_rms": {"dmean": 0.000576981983613, "dmean2": 0.000819352047984, "dvar": 9.14010740871e-07, "dvar2": 1.58482566803e-06, "max": 0.0092804748565, "mean": 0.00286461948417, "median": 0.00239609694108, "min": 4.2662041011e-08, "var": 4.2478341129e-06}, "spectral_rolloff": {"dmean": 958.571289062, "dmean2": 1522.10571289, "dvar": 3283185, "dvar2": 5962740.5, "max": 18970.7519531, "mean": 2585.73608398, "median": 925.927734375, "min": 43.06640625, "var": 11264945}, "spectral_skewness": {"dmean": 0.265397369862, "dmean2": 0.380617916584, "dvar": 0.134386345744, "dvar2": 0.222771093249, "max": 6.81850910187, "mean": 1.53408920765, "median": 1.4294500351, "min": -1.53188693523, "var": 0.506747424603}, "spectral_spread": {"dmean": 727324.0625, "dmean2": 1044219.875, "dvar": 883643645952, "dvar2": 1598129045500.0, "max": 41779444, "mean": 6241601.5, "median": 6046825.5, "min": 915997.125, "var": 4180172603390.0}, "spectral_strongpeak": {"dmean": 0.27106654644, "dmean2": 0.474759489298, "dvar": 0.533373534679, "dvar2": 1.50557267666, "max": 8.22834396362, "mean": 0.468188047409, "median": 0.276710838079, "min": 0, "var": 0.465536504984}, "zerocrossingrate": {"dmean": 0.0207233931869, "dmean2": 0.0211432036012, "dvar": 0.000762708717957, "dvar2": 0.000793183397036, "max": 0.51708984375, "mean": 0.0898637101054, "median": 0.060546875, "min": 0.00244140625, "var": 0.00700535578653}, "barkbands": {"dmean": [0.000174236702151, 0.00350314006209, 0.0017220141599, 0.000636948563624, 0.000677559815813, 8.1804835645e-05, 4.80411108583e-05, 6.11308423686e-05, 9.49472232605e-05, 9.62187114055e-05, 9.23101324588e-05, 7.32399857952e-05, 4.56450070487e-05, 6.43003440928e-05, 6.22348015895e-05, 8.25803435873e-05, 0.000132699744427, 0.000361007463653, 0.00015779734531, 0.000157797854627, 0.000191389073734, 0.000192739331396, 0.000125368955196, 9.78228708846e-05, 3.15348479489e-05, 4.72550564155e-05, 1.60518357006e-05], "dmean2": [0.000278018473182, 0.0054995464161, 0.0030102240853, 0.001188414637, 0.0011355074821, 0.000145343670738, 6.66925043333e-05, 8.88665599632e-05, 0.000137787879794, 0.000156113062985, 0.000156871712534, 0.000118438991194, 6.77842690493e-05, 0.000102396930743, 9.76103692665e-05, 0.000132718472742, 0.000221715003136, 0.000481110560941, 0.000196362321731, 0.000246054871241, 0.00028317514807, 0.00030788150616, 0.000188325866475, 0.000141106531373, 4.78469701193e-05, 7.2602830187e-05, 2.56224957411e-05], "dvar": [2.07810600727e-07, 7.90150079411e-05, 3.11805924866e-05, 4.06528442909e-06, 4.32898150393e-06, 3.79802962414e-08, 6.8287295818e-09, 3.25410631774e-08, 1.25666218764e-07, 7.18664452393e-08, 1.03080083136e-07, 3.17948440909e-08, 3.75472417602e-08, 2.91061112989e-08, 3.29465450477e-08, 7.05735061501e-08, 2.52235736298e-07, 2.08195911e-06, 2.57812843074e-07, 1.8657952694e-07, 2.46315636332e-07, 2.10420054714e-07, 6.36357384565e-08, 7.76179334139e-08, 7.52072093491e-09, 2.91540764863e-08, 3.22326698665e-09], "dvar2": [4.52004229601e-07, 0.000173339198227, 8.53505844134e-05, 1.16404071377e-05, 8.97851987247e-06, 1.05226057201e-07, 1.35893083453e-08, 6.31478727087e-08, 2.21386272869e-07, 1.70269643718e-07, 2.44981947617e-07, 7.38127994282e-08, 6.28879561759e-08, 6.61827002091e-08, 7.19713710851e-08, 1.79762409402e-07, 5.87558702136e-07, 4.32843216913e-06, 3.49690679968e-07, 3.55293963139e-07, 5.63314699775e-07, 4.7282398441e-07, 1.19082827155e-07, 1.90885913298e-07, 1.8307373395e-08, 7.02216453874e-08, 7.82465736648e-09], "max": [0.00424564536661, 0.0789080485702, 0.0474029667675, 0.0186599120498, 0.0247870609164, 0.00201623747125, 0.00175143103115, 0.00390536896884, 0.0075098737143, 0.00917204748839, 0.0095758587122, 0.00755837000906, 0.0103124985471, 0.00473983259872, 0.00343875051476, 0.0026529841125, 0.00580701977015, 0.0161642096937, 0.0059310332872, 0.00428007822484, 0.00485467305407, 0.00423463387415, 0.00238840654492, 0.0100105674937, 0.00349069340155, 0.00475290510803, 0.000986778526567], "mean": [0.000212116108742, 0.00623238738626, 0.00153907109052, 0.000600821455009, 0.000822831236292, 0.000132077810122, 0.000150304695126, 0.000117624280392, 0.000186899851542, 0.00017466256395, 0.000117165975098, 0.00013107106497, 7.35473513487e-05, 0.000105094113678, 9.41124890232e-05, 0.000103760685306, 0.000184964228538, 0.00037592172157, 0.000270312826615, 0.000228763354244, 0.000242307520239, 0.000261136272456, 0.000177125635673, 0.000114386610221, 4.48579594376e-05, 5.52223536943e-05, 1.66889149114e-05], "median": [2.95253562399e-06, 0.00066788966069, 0.000450952851679, 4.0270959289e-05, 0.000199834699742, 8.08601180324e-05, 7.97972825239e-05, 2.63317033387e-05, 4.83694675495e-05, 4.817471563e-05, 1.67521684489e-05, 3.65138657799e-05, 1.07783826024e-05, 1.38024361149e-05, 9.19279500522e-06, 5.51639323021e-06, 4.74214630231e-06, 6.85062059347e-06, 9.96828021016e-06, 1.43166016642e-05, 1.13397600217e-05, 1.43123425005e-05, 1.31704200612e-05, 1.23162617456e-05, 8.30141016195e-06, 6.73779322824e-06, 2.38039365286e-06], "min": [2.49554947562e-14, 8.74348573957e-15, 3.60496290615e-15, 2.86762834886e-15, 7.9275626184e-15, 4.06608552505e-15, 4.72677757666e-15, 1.44052030368e-14, 3.42495502174e-14, 1.79390397394e-14, 3.84775050092e-14, 5.90373663313e-15, 8.27074648731e-15, 6.77823335315e-15, 6.32806202323e-15, 2.05679081351e-14, 9.58838585786e-15, 2.58130986746e-14, 6.30846286667e-14, 8.2004661308e-14, 7.41961356178e-14, 8.69745356465e-14, 8.67165768446e-14, 1.47532986804e-13, 1.8256266453e-13, 3.09245928561e-13, 4.45235726542e-13], "var": [3.10873389253e-07, 0.000143246375956, 2.12133418245e-05, 2.5077238206e-06, 5.04698891746e-06, 3.71129367238e-08, 3.55455149759e-08, 7.63292149486e-08, 2.9569125104e-07, 1.67717047361e-07, 1.49114185888e-07, 7.52953113192e-08, 1.44637255062e-07, 6.01893788144e-08, 6.52899814213e-08, 1.18587500708e-07, 3.93250161324e-07, 2.72825604952e-06, 7.63308264595e-07, 4.09412280078e-07, 4.35345526739e-07, 3.65933573221e-07, 1.30912212626e-07, 8.32686382068e-08, 9.11858677455e-09, 2.94836297599e-08, 2.93783020133e-09]}, "erbbands": {"dmean": [0.128611177206, 0.837708830833, 1.90015339851, 2.13789391518, 3.03951501846, 1.56198072433, 0.632480025291, 0.694017648697, 0.737871110439, 0.685561835766, 2.17051315308, 1.72066664696, 2.40408563614, 2.92482352257, 3.22690987587, 2.77672529221, 2.17471337318, 2.37632846832, 3.24682927132, 3.16884589195, 4.85201358795, 7.99356889725, 18.2068805695, 10.8458719254, 8.45903968811, 6.66701507568, 7.99827861786, 6.95451498032, 7.00929880142, 5.72495222092, 3.32263731956, 2.18108463287, 1.60311114788, 0.551775217056, 0.164105296135, 0.0910875722766, 0.144020155072, 0.0214777756482, 0.00270382291637, 0.000166621539393], "dmean2": [0.173460304737, 1.31149530411, 3.13642406464, 3.9935798645, 5.2206196785, 2.78034567833, 1.10418319702, 1.2180672884, 1.00999081135, 1.04049313068, 3.05505561829, 2.52216553688, 3.81303954124, 4.99930667877, 5.40225458145, 4.46115922928, 3.15855288506, 3.49116277695, 5.03569793701, 4.55991220474, 7.75458145142, 13.4918966293, 23.989151001, 13.6134052277, 11.669713974, 10.6905441284, 12.5826292038, 10.2695932388, 11.1200199127, 9.02066135406, 4.82207679749, 3.18499135971, 2.35839080811, 0.832154214382, 0.252309501171, 0.142708554864, 0.221037819982, 0.0338501147926, 0.00432694377378, 0.000262403948], "dvar": [0.099649682641, 4.44131469727, 31.6543006897, 49.8962059021, 86.1970901489, 18.7307872772, 3.00373506546, 2.54924368858, 1.86301493645, 1.24524509907, 65.1595840454, 33.8302230835, 42.927947998, 48.590171814, 139.732452393, 38.547290802, 93.3722229004, 37.5421447754, 60.6384124756, 75.2648468018, 251.476501465, 980.709106445, 5263.36816406, 1308.03674316, 705.113037109, 391.287963867, 571.231567383, 338.297698975, 276.670227051, 158.510726929, 43.2618637085, 25.9439983368, 39.0583076477, 2.60589456558, 0.223522797227, 0.248930290341, 0.304000616074, 0.00517922779545, 8.19930573925e-05, 3.70588821852e-07], "dvar2": [0.171611890197, 11.1053695679, 80.75340271, 144.332611084, 175.467605591, 50.0726013184, 8.31754493713, 7.12038803101, 3.94658899307, 2.90283083916, 104.803840637, 59.9212303162, 101.404647827, 123.605072021, 327.08706665, 84.7646636963, 154.095916748, 72.9507980347, 144.099029541, 153.922637939, 654.235656738, 2228.40332031, 10847.9472656, 1672.19287109, 1191.9387207, 782.564147949, 1291.76538086, 761.472045898, 663.310668945, 314.970062256, 78.0904769897, 62.5803718567, 105.604934692, 6.69100904465, 0.508495151997, 0.688888132572, 0.712896585464, 0.0121367285028, 0.000199237081688, 9.4268165185e-07], "max": [2.63775920868, 19.0521907806, 48.4385490417, 55.2669754028, 102.729797363, 45.2330665588, 19.9417991638, 22.5717258453, 25.3296298981, 20.667432785, 176.451690674, 131.230056763, 229.526580811, 115.267829895, 610.13079834, 213.152069092, 523.809997559, 274.411590576, 207.06942749, 125.094749451, 160.921173096, 353.677154541, 813.977172852, 443.848968506, 269.68371582, 200.658950806, 239.786331177, 221.25680542, 157.07144165, 109.148391724, 56.2319221497, 191.234039307, 295.604095459, 74.529258728, 16.9406147003, 32.1695976257, 12.6112575531, 0.903771340847, 0.170508950949, 0.0100835599005], "mean": [0.176235482097, 1.36755466461, 2.18846082687, 1.82011401653, 3.35633516312, 2.00842452049, 0.906912446022, 1.21305894852, 2.13005948067, 1.78646337986, 4.11742305756, 3.6865208149, 4.81339979172, 4.32171916962, 4.74910068512, 4.94441318512, 3.9575343132, 4.16248083115, 5.0934176445, 5.04657316208, 6.36232280731, 11.8331356049, 19.0747909546, 15.8792467117, 13.8301830292, 10.1198244095, 10.5768127441, 8.97207355499, 8.73829555511, 8.24163532257, 4.68319320679, 2.53652405739, 1.85613441467, 0.712242305279, 0.242638349533, 0.117253266275, 0.165599122643, 0.0231590960175, 0.00286643067375, 0.000187911980902], "median": [0.0118875671178, 0.154870569706, 0.760334730148, 0.347284376621, 0.647699952126, 0.838641941547, 0.438757032156, 0.733840465546, 1.08161282539, 0.858297765255, 0.836755871773, 1.21482264996, 1.614798069, 1.48344004154, 0.931128323078, 1.59754943848, 0.784378409386, 0.742618441582, 0.691252052784, 0.57598054409, 0.362683773041, 0.322832196951, 0.345927745104, 0.608400404453, 0.545113503933, 0.646724224091, 0.572120726109, 0.389017552137, 0.444044649601, 0.582959890366, 0.324659466743, 0.213804021478, 0.190626531839, 0.102846235037, 0.0550939030945, 0.0267958343029, 0.0138009646907, 0.0029527223669, 0.000428554223618, 4.08596897614e-05], "min": [5.12540856111e-13, 2.43054383044e-12, 4.24665294249e-12, 1.01610083195e-11, 1.30076097463e-11, 2.21689194779e-11, 5.08209446748e-11, 3.25848271976e-11, 4.88413615107e-11, 2.01558214563e-10, 4.63529964412e-10, 6.80197287384e-10, 6.47132514242e-10, 8.14406042604e-10, 1.1948847467e-09, 3.23640808597e-10, 3.39022615536e-10, 3.94468874232e-10, 3.73561764855e-10, 5.1129195322e-10, 1.11592912688e-09, 6.19679141334e-10, 1.17340026584e-09, 2.74685918455e-09, 3.24322169121e-09, 4.35792779641e-09, 2.92029289639e-09, 3.04949665519e-09, 2.83915935206e-09, 2.72358890996e-09, 2.8105064942e-09, 2.83301049286e-09, 2.58111754192e-09, 1.7440230371e-09, 1.37123890021e-09, 1.09059083986e-09, 6.30001717461e-10, 2.49925108387e-10, 5.5807341387e-11, 6.37597179914e-12], "var": [0.180721238256, 6.55231809616, 26.5355033875, 29.2527446747, 96.1169509888, 17.2115402222, 2.48542261124, 2.83752560616, 8.3557472229, 5.91438674927, 146.7709198, 96.4560852051, 102.624557495, 64.2499771118, 236.512878418, 92.5414581299, 365.748504639, 94.551109314, 111.70223999, 163.330169678, 421.545318604, 1642.17895508, 6963.2578125, 3191.80859375, 1823.71972656, 827.484191895, 916.00604248, 619.763244629, 440.346160889, 312.854187012, 85.059135437, 30.2186546326, 32.5268936157, 2.66688394547, 0.311529248953, 0.173748463392, 0.327354252338, 0.00506249442697, 7.59110043873e-05, 3.15266817097e-07]}, "gfcc": {"mean": [-98.2030792236, 37.9349403381, -89.3972091675, 13.6690235138, -64.2339477539, 16.059545517, -22.257724762, 4.28030824661, -20.8583602905, 4.59540653229, -17.0534362793, 0.0205167923123, -13.4380025864], "cov": [[13055.0039062, 664.10949707, 952.191833496, 3536.90917969, 1534.78198242, 438.520385742, 221.858276367, 263.115356445, 25.0922603607, -327.275756836, 113.223808289, 79.2991104126, -200.036437988], [664.10949707, 4249.92871094, 2084.30810547, 1179.30114746, 1133.44396973, 421.979888916, 361.866394043, 179.128479004, 168.320953369, 172.309890747, 199.434875488, -40.4563751221, -9.88328742981], [952.191833496, 2084.30810547, 2686.60522461, 1251.70141602, 650.166931152, 377.148956299, 303.16519165, 158.988174438, 98.2050704956, 98.0442733765, 159.672897339, 67.0855865479, 9.39849281311], [3536.90917969, 1179.30114746, 1251.70141602, 2337.06982422, 940.568969727, 275.403594971, 284.637207031, 207.653137207, 142.833221436, -88.5935440063, 170.286117554, 20.8036594391, -36.6547355652], [1534.78198242, 1133.44396973, 650.166931152, 940.568969727, 935.862854004, 235.462295532, 173.024642944, 172.708236694, 85.6671524048, 13.8544559479, 109.508277893, 47.7421340942, -21.2177181244], [438.520385742, 421.979888916, 377.148956299, 275.403594971, 235.462295532, 363.977172852, 216.696990967, 100.747024536, 122.801681519, 70.8713531494, 86.1756668091, 36.338924408, 27.8958454132], [221.858276367, 361.866394043, 303.16519165, 284.637207031, 173.024642944, 216.696990967, 300.842346191, 135.9269104, 133.37197876, 83.9976196289, 103.353027344, 33.9601249695, 37.5287628174], [263.115356445, 179.128479004, 158.988174438, 207.653137207, 172.708236694, 100.747024536, 135.9269104, 172.642913818, 99.4391937256, 64.3916397095, 69.3226318359, 32.1194496155, 11.5992469788], [25.0922603607, 168.320953369, 98.2050704956, 142.833221436, 85.6671524048, 122.801681519, 133.37197876, 99.4391937256, 174.718780518, 100.090759277, 66.8050994873, 2.957903862, 16.6403942108], [-327.275756836, 172.309890747, 98.0442733765, -88.5935440063, 13.8544559479, 70.8713531494, 83.9976196289, 64.3916397095, 100.090759277, 163.253707886, 57.8264312744, -8.3135099411, 7.82677936554], [113.223808289, 199.434875488, 159.672897339, 170.286117554, 109.508277893, 86.1756668091, 103.353027344, 69.3226318359, 66.8050994873, 57.8264312744, 122.548027039, 46.6173667908, 14.7949953079], [79.2991104126, -40.4563751221, 67.0855865479, 20.8036594391, 47.7421340942, 36.338924408, 33.9601249695, 32.1194496155, 2.957903862, -8.3135099411, 46.6173667908, 124.172706604, 36.0574493408], [-200.036437988, -9.88328742981, 9.39849281311, -36.6547355652, -21.2177181244, 27.8958454132, 37.5287628174, 11.5992469788, 16.6403942108, 7.82677936554, 14.7949953079, 36.0574493408, 78.5023727417]], "icov": [[0.000160122130183, 2.81065713352e-05, 7.1086200478e-05, -0.000279737869278, -3.96036411985e-05, -0.000199881906155, 7.63006755733e-05, -7.34005880076e-05, 0.000204459036468, -4.32200540672e-05, 0.000197195040528, -0.000186528137419, 0.000316601188388], [2.81065713352e-05, 0.0005647696089, -0.000347128720023, 0.00012011337094, -0.00065995688783, 9.05032138689e-05, -0.000224190152949, 0.000431753142038, -7.93628350948e-05, -9.32953844313e-05, -0.00034116502502, 0.000676846830174, -0.000147250961163], [7.1086200478e-05, -0.000347128720023, 0.0008676982834, -0.000578624370974, 0.000367648899555, -0.00053806201322, 4.05290957133e-05, -0.000187722180272, 0.000857063161675, -0.00082388613373, 0.000494333682582, -0.000807793345302, 0.000240645982558], [-0.000279737869278, 0.00012011337094, -0.000578624370974, 0.00168582284823, -0.000880387902725, 0.000718189578038, -0.000549180142116, 0.000159693459864, -0.00148192117922, 0.00208229222335, -0.00150922278408, 0.00131621595938, -0.000309086201014], [-3.96036411985e-05, -0.00065995688783, 0.000367648899555, -0.000880387902725, 0.00299137108959, -0.00103998649865, 0.000783036928624, -0.00190633395687, 0.000892298005056, -0.000306320667733, 0.000355151598342, -0.00120800407603, 0.000775631982833], [-0.000199881906155, 9.05032138689e-05, -0.00053806201322, 0.000718189578038, -0.00103998649865, 0.00602344283834, -0.0033393134363, 0.0013974767644, -0.00239353324287, 0.000470466300612, -0.000351508409949, -0.000101536541479, -0.000556453305762], [7.63006755733e-05, -0.000224190152949, 4.05290957133e-05, -0.000549180142116, 0.000783036928624, -0.0033393134363, 0.00914473459125, -0.00360122648999, -0.00118462194223, -0.000192836145288, -0.00222859252244, 0.000511275080498, -0.00208091805689], [-7.34005880076e-05, 0.000431753142038, -0.000187722180272, 0.000159693459864, -0.00190633395687, 0.0013974767644, -0.00360122648999, 0.0126820653677, -0.00386457866989, -0.00151284295134, -0.000653969473206, -0.00166409474332, 0.000657875440083], [0.000204459036468, -7.93628350948e-05, 0.000857063161675, -0.00148192117922, 0.000892298005056, -0.00239353324287, -0.00118462194223, -0.00386457866989, 0.0148005206138, -0.00665053911507, -0.000189160389709, 0.000837973726448, -0.000877994403709], [-4.32200540672e-05, -9.32953844313e-05, -0.00082388613373, 0.00208229222335, -0.000306320667733, 0.000470466300612, -0.000192836145288, -0.00151284295134, -0.00665053911507, 0.0143505595624, -0.00517916539684, 0.00347232213244, 0.000374948460376], [0.000197195040528, -0.00034116502502, 0.000494333682582, -0.00150922278408, 0.000355151598342, -0.000351508409949, -0.00222859252244, -0.000653969473206, -0.000189160389709, -0.00517916539684, 0.0170785076916, -0.0066930805333, 0.00149058015086], [-0.000186528137419, 0.000676846830174, -0.000807793345302, 0.00131621595938, -0.00120800407603, -0.000101536541479, 0.000511275080498, -0.00166409474332, 0.000837973726448, 0.00347232213244, -0.0066930805333, 0.0137260882184, -0.00553479092196], [0.000316601188388, -0.000147250961163, 0.000240645982558, -0.000309086201014, 0.000775631982833, -0.000556453305762, -0.00208091805689, 0.000657875440083, -0.000877994403709, 0.000374948460376, 0.00149058015086, -0.00553479092196, 0.0170685462654]]}, "melbands": {"dmean": [0.00103748741094, 0.000955151161179, 0.000404083897592, 0.000175279361429, 2.51883375313e-05, 1.57615831995e-05, 1.01593041109e-05, 7.45754459786e-06, 2.13455205085e-05, 9.74837439571e-06, 1.28411693368e-05, 1.2507500287e-05, 1.24279922602e-05, 7.814143828e-06, 7.39797906135e-06, 3.91679168388e-06, 4.92125809615e-06, 5.46212959307e-06, 5.44310569239e-06, 5.02838747707e-06, 5.81038239034e-06, 9.61115529208e-06, 1.05315293695e-05, 1.86373745237e-05, 7.79464789957e-06, 6.51845857647e-06, 5.50164259039e-06, 4.84627207697e-06, 5.34579749001e-06, 5.03186447531e-06, 3.81549671147e-06, 3.88652097172e-06, 4.15062777392e-06, 2.94037045023e-06, 2.08903520615e-06, 1.52199618242e-06, 1.24814027913e-06, 1.09137693016e-06, 9.01436635559e-07, 3.62321088687e-07], "dmean2": [0.00142964697443, 0.00148850609548, 0.000738344562706, 0.000297255552141, 4.44881152362e-05, 2.73457480944e-05, 1.40627289511e-05, 1.13346959552e-05, 3.00749488815e-05, 1.43231245602e-05, 2.03623148991e-05, 2.11891256185e-05, 2.0840399884e-05, 1.28102528834e-05, 1.09711327241e-05, 5.87050681133e-06, 7.32580974727e-06, 8.69092218636e-06, 8.29002601677e-06, 7.7650311141e-06, 9.56239091465e-06, 1.63660697581e-05, 1.31465903905e-05, 2.64493228315e-05, 1.0647219824e-05, 8.65500987857e-06, 8.26664199849e-06, 7.88078068581e-06, 8.68383722263e-06, 7.4973190749e-06, 5.73158831685e-06, 6.2602075559e-06, 6.71844782119e-06, 4.56056795883e-06, 3.13879741043e-06, 2.09161612474e-06, 1.89879824575e-06, 1.59185265147e-06, 1.43797296914e-06, 5.45125544704e-07], "dvar": [6.16362922301e-06, 6.0585743995e-06, 1.43352178839e-06, 2.84855701693e-07, 4.89027662809e-09, 1.25928023564e-09, 3.30381277891e-10, 1.47163115027e-10, 7.33229432726e-09, 9.73066183185e-10, 1.30304966817e-09, 8.56719362119e-10, 2.00842320552e-09, 6.15237472079e-10, 4.61070626123e-10, 2.00825064911e-10, 1.8115940692e-10, 1.77307751814e-10, 2.71417277542e-10, 2.52345366825e-10, 3.68951952323e-10, 1.31695709893e-09, 1.47344314527e-09, 5.88243453947e-09, 7.21812165594e-10, 4.93600493812e-10, 1.9919269012e-10, 2.44552433859e-10, 2.71847239164e-10, 1.59323207405e-10, 1.21448504031e-10, 9.70743069262e-11, 8.5987966747e-11, 3.96425600679e-11, 1.78087006947e-11, 9.72333411703e-12, 1.12513444742e-11, 1.95275080828e-11, 1.84383983776e-11, 6.65748868794e-13], "dvar2": [1.17468634926e-05, 1.48453955262e-05, 3.99775262849e-06, 6.15374062818e-07, 1.38580240616e-08, 3.50951889772e-09, 7.13611281178e-10, 3.27347954299e-10, 1.18414495986e-08, 1.74952596854e-09, 3.07653924558e-09, 2.13517847847e-09, 4.75138506317e-09, 1.44661671531e-09, 7.93614840511e-10, 3.46690981479e-10, 3.57456564348e-10, 4.39171449207e-10, 5.76570013955e-10, 6.33048558019e-10, 9.51686507378e-10, 3.31576166523e-09, 2.11167705544e-09, 1.27695383156e-08, 9.17515730059e-10, 8.25405466198e-10, 3.95425137079e-10, 5.50087975171e-10, 6.46000530846e-10, 3.43344547238e-10, 2.76748957084e-10, 2.39116337841e-10, 2.0438310766e-10, 7.35841249044e-11, 3.39246269965e-11, 1.97532892821e-11, 2.93382609873e-11, 5.2879620821e-11, 5.2726187999e-11, 1.46439295152e-12], "max": [0.0203708745539, 0.0218321438879, 0.00904797948897, 0.00639032199979, 0.000712033477612, 0.000471190607641, 0.000341792503605, 0.000191205836018, 0.00189926545136, 0.000706409919076, 0.00126876274589, 0.000632008770481, 0.00151709769852, 0.00145673600491, 0.000936140888371, 0.000680313853081, 0.000618069781922, 0.000399240321713, 0.000370613153791, 0.000183721931535, 0.000212980128708, 0.000403372920118, 0.000428165425546, 0.000842293375172, 0.000325805740431, 0.000227668031584, 0.000191950617591, 0.000160613984917, 0.000158513881615, 0.000123055913718, 0.000118847347039, 0.00010049778939, 7.4586525443e-05, 6.18997219135e-05, 3.69618392142e-05, 5.87402682868e-05, 0.000135870301165, 0.000185956974747, 0.000243841845077, 1.16598748718e-05], "mean": [0.00166046421509, 0.00143280427437, 0.000373301649233, 0.000212436207221, 3.65276137018e-05, 2.89193376375e-05, 2.99698385788e-05, 1.85911776498e-05, 3.94060298277e-05, 2.07364537346e-05, 2.5168988941e-05, 1.9048611648e-05, 1.69394461409e-05, 1.30493990582e-05, 1.32658633447e-05, 6.40335611024e-06, 8.2632750491e-06, 8.35077571537e-06, 8.41659948492e-06, 6.10733331996e-06, 7.40735640647e-06, 1.14894855869e-05, 1.48654971781e-05, 1.84076216101e-05, 1.20737795442e-05, 1.06913666968e-05, 8.08237382444e-06, 6.50845140626e-06, 6.67195672577e-06, 6.26363862466e-06, 4.85757072965e-06, 4.76597188026e-06, 5.25877067048e-06, 4.23227083957e-06, 2.84948532681e-06, 1.98188763534e-06, 1.34307003918e-06, 1.28721194415e-06, 1.00541126358e-06, 4.96980931075e-07], "median": [0.00014460827515, 0.000363935891073, 9.59229510045e-05, 5.87188987993e-05, 1.63601289387e-05, 1.76792709681e-05, 1.61469288287e-05, 6.60741625325e-06, 7.69311736804e-06, 6.91247942086e-06, 7.36685160518e-06, 5.99274289925e-06, 2.6944678666e-06, 2.97001133731e-06, 2.57822739513e-06, 9.03072418623e-07, 1.22833102978e-06, 9.43480131355e-07, 7.67595736306e-07, 4.68212761007e-07, 2.97606192134e-07, 3.07539494315e-07, 2.17509764866e-07, 2.9816393976e-07, 4.76430869867e-07, 3.72599373577e-07, 3.61356001122e-07, 3.5733287973e-07, 3.11635375283e-07, 2.50545383551e-07, 1.8740004748e-07, 1.86511471156e-07, 3.15329799605e-07, 2.90743798814e-07, 1.77364498199e-07, 1.53109979806e-07, 1.1496821628e-07, 1.28448448322e-07, 1.188185621e-07, 7.73286998879e-08], "min": [8.59002200425e-15, 2.49600534875e-15, 1.87087534016e-15, 1.05397040193e-15, 1.79296757901e-15, 7.73209473099e-16, 7.1699660801e-16, 2.60879604425e-15, 4.68631396574e-15, 4.1136273668e-15, 3.24632068595e-15, 2.95945624947e-15, 4.94287177513e-15, 1.00198566061e-15, 7.45173794276e-16, 7.31138511279e-16, 7.21013555884e-16, 5.92863506074e-16, 5.04087729878e-16, 1.004322201e-15, 1.33537994624e-15, 6.36554047828e-16, 5.46039789447e-16, 1.38388274686e-15, 2.26542794567e-15, 2.52113194586e-15, 1.89423248544e-15, 3.32064994466e-15, 1.96646914925e-15, 1.38220646866e-15, 1.91060626758e-15, 1.41739634657e-15, 1.9947346387e-15, 1.25911765247e-15, 1.61220926576e-15, 1.87983737226e-15, 1.59899724585e-15, 1.79617253993e-15, 1.76155133876e-15, 1.40646157474e-15], "var": [1.20996919577e-05, 7.44321323509e-06, 9.30353735384e-07, 3.20574798707e-07, 3.97820576481e-09, 1.44191558693e-09, 1.47790635285e-09, 7.87488019238e-10, 1.61776192442e-08, 2.83550560809e-09, 3.12153458637e-09, 1.36671574058e-09, 3.02477931591e-09, 1.23028531807e-09, 1.81821302458e-09, 7.14614645236e-10, 4.38202502062e-10, 3.26411564444e-10, 5.93052329467e-10, 3.74126507552e-10, 5.93272264648e-10, 1.62079316635e-09, 3.27090665664e-09, 6.98164903667e-09, 1.78488457347e-09, 1.23572840849e-09, 4.77591521886e-10, 3.99326655076e-10, 3.99599242584e-10, 2.67786959274e-10, 2.15081327748e-10, 1.45817150021e-10, 1.29718555342e-10, 8.56209686484e-11, 3.24926960338e-11, 1.60819031703e-11, 1.0292706791e-11, 1.61047737646e-11, 1.2386706244e-11, 1.00705988687e-12]}, "mfcc": {"mean": [-754.233154297, 86.2330474854, 23.2299995422, 8.6205291748, -11.4926195145, 10.0478467941, 3.67683672905, 4.6309299469, 1.40454161167, 5.93859100342, 0.876216590405, -2.53029251099, 0.771615982056], "cov": [[10751.1523438, -1235.22424316, -102.844841003, 2421.86938477, 1366.91711426, 736.204040527, 545.396057129, 708.54309082, 45.2779045105, 57.5385742188, 65.4752349854, -12.1734018326, 15.3127403259], [-1235.22424316, 3432.60644531, 1237.82885742, 549.346679688, 634.924255371, 430.783691406, 369.706787109, 100.023742676, 116.329093933, 200.29498291, 160.015777588, 75.0596923828, 126.112556458], [-102.844841003, 1237.82885742, 1966.45397949, 906.980957031, 470.574859619, 445.390899658, 310.634521484, 195.428588867, 123.715301514, 159.885345459, 101.398902893, 97.3693237305, 84.3125152588], [2421.86938477, 549.346679688, 906.980957031, 1737.76879883, 918.873168945, 470.519561768, 388.917358398, 367.574523926, 71.8599472046, 137.853057861, 118.048522949, 38.5329322815, 24.7973365784], [1366.91711426, 634.924255371, 470.574859619, 918.873168945, 805.797607422, 351.50769043, 283.490203857, 254.19229126, 62.674987793, 54.4813995361, 91.7357940674, 34.7798576355, 16.2202758789], [736.204040527, 430.783691406, 445.390899658, 470.519561768, 351.50769043, 381.909851074, 226.456329346, 181.122650146, 87.9043121338, 110.247337341, 81.2471542358, 68.373260498, 55.527721405], [545.396057129, 369.706787109, 310.634521484, 388.917358398, 283.490203857, 226.456329346, 257.428955078, 169.421417236, 66.5508575439, 87.7769851685, 72.5066146851, 50.6462249756, 47.1027526855], [708.54309082, 100.023742676, 195.428588867, 367.574523926, 254.19229126, 181.122650146, 169.421417236, 238.995422363, 76.0418548584, 30.8397274017, 51.4998664856, 55.0254058838, 53.4501647949], [45.2779045105, 116.329093933, 123.715301514, 71.8599472046, 62.674987793, 87.9043121338, 66.5508575439, 76.0418548584, 123.054519653, 78.3224258423, 34.209438324, 43.7791213989, 52.8902893066], [57.5385742188, 200.29498291, 159.885345459, 137.853057861, 54.4813995361, 110.247337341, 87.7769851685, 30.8397274017, 78.3224258423, 213.01953125, 97.7263946533, 33.7735023499, 48.1317939758], [65.4752349854, 160.015777588, 101.398902893, 118.048522949, 91.7357940674, 81.2471542358, 72.5066146851, 51.4998664856, 34.209438324, 97.7263946533, 133.579147339, 63.1601791382, 38.8969116211], [-12.1734018326, 75.0596923828, 97.3693237305, 38.5329322815, 34.7798576355, 68.373260498, 50.6462249756, 55.0254058838, 43.7791213989, 33.7735023499, 63.1601791382, 112.142288208, 59.5916099548], [15.3127403259, 126.112556458, 84.3125152588, 24.7973365784, 16.2202758789, 55.527721405, 47.1027526855, 53.4501647949, 52.8902893066, 48.1317939758, 38.8969116211, 59.5916099548, 113.678634644]], "icov": [[0.000203014933504, 0.000111973415187, 0.000143070617924, -0.0002595858532, -7.75340813561e-05, -0.000279291387415, -3.31252958858e-05, -0.000114001559268, 0.000138631905429, 8.67121525516e-06, 0.000109244319901, 0.000149437284563, -0.000170128361788], [0.000111973415187, 0.000570080883335, -0.000193324522115, 0.000119442935102, -0.000573591969442, -0.000168783968547, -0.000550732482225, 0.000593785080127, 4.8497946409e-05, -9.24180824313e-07, -0.000146637743455, 0.000368930952391, -0.00058229122078], [0.000143070617924, -0.000193324522115, 0.00106290157419, -0.000763233692851, 0.000477372435853, -0.000839073560201, -0.000116978255392, 0.000273493933491, -0.000337396486429, 0.000231215031818, 0.000231007739785, -0.000281744869426, -3.72903596144e-05], [-0.0002595858532, 0.000119442935102, -0.000763233692851, 0.00243538129143, -0.00190287164878, 0.000545886519831, -4.13935813413e-05, -0.00116348441225, 0.00124839553609, -0.00139634707011, 0.000423207646236, 8.57129562064e-05, 0.000327007728629], [-7.75340813561e-05, -0.000573591969442, 0.000477372435853, -0.00190287164878, 0.00488901278004, -0.00156758294906, -0.000746298988815, -0.000421470380388, -0.00120660150424, 0.0022919587791, -0.00188277463894, 0.000876658014022, 0.00105894776061], [-0.000279291387415, -0.000168783968547, -0.000839073560201, 0.000545886519831, -0.00156758294906, 0.0080389296636, -0.00265776761808, -0.00127852312289, -0.000364606094081, -0.00212201359682, 0.0010916654719, -0.00206558615901, 0.00050483236555], [-3.31252958858e-05, -0.000550732482225, -0.000116978255392, -4.13935813413e-05, -0.000746298988815, -0.00265776761808, 0.0122468806803, -0.0054556610994, 0.0013597382931, -0.00256085186265, 4.50203551736e-05, -0.000456071924418, 0.000281919405097], [-0.000114001559268, 0.000593785080127, 0.000273493933491, -0.00116348441225, -0.000421470380388, -0.00127852312289, -0.0054556610994, 0.0133530227467, -0.0055840597488, 0.00477258861065, -0.00224332790822, -6.6369153501e-05, -0.00254592788406], [0.000138631905429, 4.8497946409e-05, -0.000337396486429, 0.00124839553609, -0.00120660150424, -0.000364606094081, 0.0013597382931, -0.0055840597488, 0.0165565889329, -0.00705010723323, 0.00455306097865, -0.0030942382291, -0.00233613257296], [8.67121525516e-06, -9.24180824313e-07, 0.000231215031818, -0.00139634707011, 0.0022919587791, -0.00212201359682, -0.00256085186265, 0.00477258861065, -0.00705010723323, 0.012548292987, -0.00864851847291, 0.00445095635951, -0.00174730806611], [0.000109244319901, -0.000146637743455, 0.000231007739785, 0.000423207646236, -0.00188277463894, 0.0010916654719, 4.50203551736e-05, -0.00224332790822, 0.00455306097865, -0.00864851847291, 0.017593069002, -0.00871671829373, 0.000748945109081], [0.000149437284563, 0.000368930952391, -0.000281744869426, 8.57129562064e-05, 0.000876658014022, -0.00206558615901, -0.000456071924418, -6.6369153501e-05, -0.0030942382291, 0.00445095635951, -0.00871671829373, 0.0181533545256, -0.00611363956705], [-0.000170128361788, -0.00058229122078, -3.72903596144e-05, 0.000327007728629, 0.00105894776061, 0.00050483236555, 0.000281919405097, -0.00254592788406, -0.00233613257296, -0.00174730806611, 0.000748945109081, -0.00611363956705, 0.0148798124865]]}, "spectral_contrast_coeffs": {"dmean": [0.0506100766361, 0.0340076424181, 0.0353330112994, 0.030510853976, 0.0228310264647, 0.0218486208469], "dmean2": [0.0843125879765, 0.0537283457816, 0.056967228651, 0.0477163009346, 0.035407461226, 0.0318802520633], "dvar": [0.0030894165393, 0.00115689786617, 0.00108365074266, 0.000754059175961, 0.000448140053777, 0.000602920423262], "dvar2": [0.00776303606108, 0.00247357110493, 0.00257505825721, 0.00163519335911, 0.00095469498774, 0.00103132973891], "max": [-0.342249453068, -0.400633186102, -0.541447758675, -0.50459331274, -0.592245340347, -0.537522614002], "mean": [-0.657052993774, -0.748935520649, -0.770859062672, -0.783836603165, -0.805890321732, -0.785739243031], "median": [-0.676736474037, -0.75287348032, -0.775216937065, -0.791218161583, -0.811088621616, -0.80003118515], "min": [-0.972000777721, -0.967773497105, -0.964662194252, -0.953983843327, -0.958606004715, -0.961899638176], "var": [0.00751254661009, 0.00423845183104, 0.00409416807815, 0.00411137472838, 0.00239755073562, 0.00241858209483]}, "spectral_contrast_valleys": {"dmean": [0.533502578735, 0.363300442696, 0.447005957365, 0.426121145487, 0.455662727356, 0.403858304024], "dmean2": [0.829548895359, 0.581651985645, 0.721684277058, 0.626759767532, 0.601190447807, 0.491053700447], "dvar": [0.46332025528, 0.202854305506, 0.340207129717, 0.28723064065, 0.418120145798, 0.354485094547], "dvar2": [0.815490067005, 0.418514341116, 0.757093071938, 0.536048233509, 0.64158654213, 0.519548892975], "max": [-5.68694019318, -5.90067052841, -6.09361743927, -6.18171167374, -5.26990556717, -8.05123138428], "mean": [-9.10917663574, -8.12543296814, -8.5245456695