{"lowlevel": {"average_loudness": 0.940880477428, "barkbands_crest": {"dmean": 2.34694766998, "dmean2": 3.84676671028, "dvar": 4.89763593674, "dvar2": 12.2831439972, "max": 25.2576522827, "mean": 10.1578598022, "median": 9.54617214203, "min": 2.80036616325, "var": 12.5252275467}, "barkbands_flatness_db": {"dmean": 0.0281278043985, "dmean2": 0.0394271276891, "dvar": 0.000639594974928, "dvar2": 0.00125093222596, "max": 0.433565497398, "mean": 0.164538547397, "median": 0.161991685629, "min": 0.0224617887288, "var": 0.00446748547256}, "barkbands_kurtosis": {"dmean": 4.45645904541, "dmean2": 6.81847238541, "dvar": 32.0652198792, "dvar2": 74.1022491455, "max": 96.6125717163, "mean": 8.67488956451, "median": 6.36115264893, "min": -1.85543453693, "var": 84.2481536865}, "barkbands_skewness": {"dmean": 0.651728510857, "dmean2": 0.968767523766, "dvar": 0.414643138647, "dvar2": 0.870643973351, "max": 8.57819843292, "mean": 2.17671298981, "median": 2.07278966904, "min": -2.93147397041, "var": 1.2941224575}, "barkbands_spread": {"dmean": 6.01486253738, "dmean2": 8.31338119507, "dvar": 65.0847015381, "dvar2": 128.343841553, "max": 97.4440765381, "mean": 17.4143886566, "median": 11.3507375717, "min": 0.661967098713, "var": 224.982849121}, "dissonance": {"dmean": 0.0296154450625, "dmean2": 0.0479903928936, "dvar": 0.000749419850763, "dvar2": 0.00196568644606, "max": 0.499954998493, "mean": 0.431840151548, "median": 0.440112918615, "min": 0.204600319266, "var": 0.00203363155015}, "dynamic_complexity": 3.66552829742, "erbbands_crest": {"dmean": 2.57552814484, "dmean2": 4.00124025345, "dvar": 6.65034198761, "dvar2": 14.2650623322, "max": 32.5304222107, "mean": 10.5476055145, "median": 9.03673648834, "min": 2.54060411453, "var": 31.6118965149}, "erbbands_flatness_db": {"dmean": 0.0278891008347, "dmean2": 0.0364207923412, "dvar": 0.00066683976911, "dvar2": 0.0011822959641, "max": 0.498058199883, "mean": 0.151426151395, "median": 0.142847374082, "min": 0.0392179340124, "var": 0.00421799067408}, "erbbands_kurtosis": {"dmean": 2.0696182251, "dmean2": 3.16712403297, "dvar": 11.2172107697, "dvar2": 25.8349971771, "max": 117.656257629, "mean": 3.09066009521, "median": 1.80502653122, "min": -1.8270843029, "var": 29.2404193878}, "erbbands_skewness": {"dmean": 0.454474180937, "dmean2": 0.679482996464, "dvar": 0.204413995147, "dvar2": 0.451979488134, "max": 7.87027072906, "mean": 1.15762925148, "median": 1.15872967243, "min": -3.04058122635, "var": 0.720439910889}, "erbbands_spread": {"dmean": 11.1423854828, "dmean2": 15.5228118896, "dvar": 182.979598999, "dvar2": 349.88470459, "max": 173.616897583, "mean": 35.8661575317, "median": 29.6932544708, "min": 0.831039369106, "var": 500.332122803}, "hfc": {"dmean": 11.0723314285, "dmean2": 15.2381772995, "dvar": 327.045562744, "dvar2": 652.950317383, "max": 167.080566406, "mean": 21.7211818695, "median": 11.1357622147, "min": 5.69394931205e-09, "var": 630.630432129}, "melbands_crest": {"dmean": 2.95093202591, "dmean2": 4.91560125351, "dvar": 8.16248130798, "dvar2": 21.7203464508, "max": 31.8248767853, "mean": 13.0459985733, "median": 12.3409528732, "min": 4.42933368683, "var": 16.5823459625}, "melbands_flatness_db": {"dmean": 0.0313826464117, "dmean2": 0.0433541759849, "dvar": 0.000825428171083, "dvar2": 0.00153861311264, "max": 0.526126742363, "mean": 0.254906505346, "median": 0.257599025965, "min": 0.0166910979897, "var": 0.0061215092428}, "melbands_kurtosis": {"dmean": 11.0032320023, "dmean2": 16.7661685944, "dvar": 429.384277344, "dvar2": 949.829528809, "max": 320.869934082, "mean": 19.9147548676, "median": 12.4641008377, "min": -1.54474186897, "var": 637.170898438}, "melbands_skewness": {"dmean": 0.861102700233, "dmean2": 1.26535654068, "dvar": 1.15008461475, "dvar2": 2.38569974899, "max": 15.6271629333, "mean": 2.85844230652, "median": 2.60501718521, "min": -3.01466393471, "var": 2.76201415062}, "melbands_spread": {"dmean": 3.76629018784, "dmean2": 5.3915438652, "dvar": 32.2183914185, "dvar2": 62.2777175903, "max": 155.730285645, "mean": 12.424870491, "median": 9.50991153717, "min": 0.851623654366, "var": 94.0468444824}, "pitch_salience": {"dmean": 0.0703616142273, "dmean2": 0.116626694798, "dvar": 0.00550868641585, "dvar2": 0.014641427435, "max": 0.849506616592, "mean": 0.562009692192, "median": 0.569179356098, "min": 0.173139840364, "var": 0.0116300880909}, "silence_rate_20dB": {"dmean": 0, "dmean2": 0, "dvar": 0, "dvar2": 0, "max": 1, "mean": 1, "median": 1, "min": 1, "var": 0}, "silence_rate_30dB": {"dmean": 0.0588235296309, "dmean2": 0.117671601474, "dvar": 0.0553643293679, "dvar2": 0.133037731051, "max": 1, "mean": 0.954953074455, "median": 1, "min": 0, "var": 0.0430179536343}, "silence_rate_60dB": {"dmean": 0.00667501054704, "dmean2": 0.0131441690028, "dvar": 0.00663055339828, "dvar2": 0.0150582930073, "max": 1, "mean": 0.0515119917691, "median": 0, "min": 0, "var": 0.0488582588732}, "spectral_centroid": {"dmean": 138.206420898, "dmean2": 186.470947266, "dvar": 36386.1132812, "dvar2": 62829.953125, "max": 3844.59619141, "mean": 671.95880127, "median": 545.307495117, "min": 174.66053772, "var": 152616.90625}, "spectral_complexity": {"dmean": 2.97538590431, "dmean2": 4.1322760582, "dvar": 21.1812801361, "dvar2": 29.3601608276, "max": 54, "mean": 14.3716373444, "median": 12, "min": 0, "var": 87.7010269165}, "spectral_decrease": {"dmean": 3.7520035967e-09, "dmean2": 5.78374859117e-09, "dvar": 4.89484557612e-17, "dvar2": 1.11079530126e-16, "max": -3.33269150288e-21, "mean": -7.86024134669e-09, "median": -5.35019184511e-09, "min": -8.02717181614e-08, "var": 6.99932639597e-17}, "spectral_energy": {"dmean": 0.0149425510317, "dmean2": 0.0227909851819, "dvar": 0.000751406711061, "dvar2": 0.00169548310805, "max": 0.307740181684, "mean": 0.0316365659237, "median": 0.0217416919768, "min": 5.29036124804e-13, "var": 0.00109127163887}, "spectral_energyband_high": {"dmean": 0.000758622831199, "dmean2": 0.00106141658034, "dvar": 1.77552703917e-06, "dvar2": 3.66815379493e-06, "max": 0.011805861257, "mean": 0.00105876964517, "median": 0.000225061390665, "min": 3.89257772066e-13, "var": 3.0580456496e-06}, "spectral_energyband_low": {"dmean": 0.00946471467614, "dmean2": 0.0153722045943, "dvar": 0.000555790786166, "dvar2": 0.00132924108766, "max": 0.2759719491, "mean": 0.0128391915932, "median": 0.00490859849378, "min": 1.21208517398e-14, "var": 0.000624874141067}, "spectral_energyband_middle_high": {"dmean": 0.00136833358556, "dmean2": 0.00177609617822, "dvar": 1.41467235153e-05, "dvar2": 2.47540210694e-05, "max": 0.113157078624, "mean": 0.00335497455671, "median": 0.00133825547528, "min": 7.31674174915e-14, "var": 5.21128822584e-05}, "spectral_energyband_middle_low": {"dmean": 0.00750288413838, "dmean2": 0.0123988781124, "dvar": 0.00016521642101, "dvar2": 0.000443497148808, "max": 0.10561748594, "mean": 0.0160422641784, "median": 0.0125495558605, "min": 1.09368792506e-14, "var": 0.000191924904357}, "spectral_entropy": {"dmean": 0.305335611105, "dmean2": 0.395479053259, "dvar": 0.0867427438498, "dvar2": 0.140081658959, "max": 8.78707504272, "mean": 7.15557956696, "median": 7.13624572754, "min": 5.1265745163, "var": 0.438582718372}, "spectral_flux": {"dmean": 0.0340770855546, "dmean2": 0.0529422350228, "dvar": 0.00273320125416, "dvar2": 0.00519585004076, "max": 0.487717539072, "mean": 0.0826436728239, "median": 0.0605385378003, "min": 1.74844753928e-05, "var": 0.00508383056149}, "spectral_kurtosis": {"dmean": 3.87162780762, "dmean2": 5.56647539139, "dvar": 25.9171237946, "dvar2": 63.2412185669, "max": 78.85887146, "mean": 7.65816354752, "median": 5.15447425842, "min": -0.631100893021, "var": 60.7296066284}, "spectral_rms": {"dmean": 0.00108577962965, "dmean2": 0.00160654901993, "dvar": 2.48571927841e-06, "dvar2": 5.16773934578e-06, "max": 0.0173272714019, "mean": 0.00498445844278, "median": 0.00460558431223, "min": 2.27185559254e-08, "var": 6.02006730333e-06}, "spectral_rolloff": {"dmean": 460.573577881, "dmean2": 778.408935547, "dvar": 1839998.125, "dvar2": 4603024.5, "max": 17786.4257812, "mean": 967.465576172, "median": 581.396484375, "min": 86.1328125, "var": 2036417.125}, "spectral_skewness": {"dmean": 0.45858541131, "dmean2": 0.613466978073, "dvar": 0.218878820539, "dvar2": 0.438627123833, "max": 7.19622516632, "mean": 2.27122330666, "median": 2.15264129639, "min": 0.408953249454, "var": 0.683159768581}, "spectral_spread": {"dmean": 1632391.875, "dmean2": 2048652, "dvar": 2205094772740.0, "dvar2": 3310028324860.0, "max": 16684126, "mean": 6338266.5, "median": 5892832.5, "min": 709050, "var": 9579657166850.0}, "spectral_strongpeak": {"dmean": 0.372226506472, "dmean2": 0.623273909092, "dvar": 0.289661794901, "dvar2": 0.65862840414, "max": 9.3524312973, "mean": 0.776350140572, "median": 0.529132008553, "min": 0, "var": 0.805370926857}, "zerocrossingrate": {"dmean": 0.0155368978158, "dmean2": 0.0168502368033, "dvar": 0.000282006076304, "dvar2": 0.000330094568199, "max": 0.50146484375, "mean": 0.0592251047492, "median": 0.04296875, "min": 0.005859375, "var": 0.00199011177756}, "barkbands": {"dmean": [2.69653210125e-05, 0.00355575582944, 0.00688985548913, 0.0021581784822, 0.00407661451027, 0.00104681786615, 0.000777910347097, 0.00120017013978, 0.000453644024674, 0.000649310881272, 0.000212866463698, 0.000170454266481, 0.000195756874746, 0.000177319278009, 0.000190135149751, 7.11583998054e-05, 9.4835915661e-05, 5.59046748094e-05, 4.48186583526e-05, 4.79503905808e-05, 5.42800698895e-05, 7.70295446273e-05, 7.89252808318e-05, 0.000146971040522, 0.000197404515347, 0.000152096210513, 7.42786869523e-05], "dmean2": [4.13942907471e-05, 0.00561701925471, 0.0123310638592, 0.00379670737311, 0.00675983913243, 0.0016806286294, 0.00127216789406, 0.00192718417384, 0.000667147454806, 0.000858402519953, 0.000321671832353, 0.000260928529315, 0.000306541856844, 0.000273964571534, 0.000276623730315, 0.000113314265036, 0.000140787204145, 7.68349855207e-05, 5.91946882196e-05, 7.33927154215e-05, 8.00442649052e-05, 0.000112266287033, 0.000111032284622, 0.000213126113522, 0.000286946597043, 0.000224307033932, 0.000113680696813], "dvar": [1.13802203217e-08, 9.38916200539e-05, 0.000411158223869, 2.63059264398e-05, 4.45314726676e-05, 2.4912351364e-06, 2.07160928767e-06, 3.58607371709e-06, 9.04632713628e-07, 8.90390219865e-06, 8.12578775822e-07, 2.05156695188e-07, 3.36051925842e-07, 2.49800251595e-07, 3.46847201627e-07, 3.03396845425e-08, 4.535059972e-08, 2.18254889717e-08, 1.16851328613e-08, 1.3087650963e-08, 1.34133975038e-08, 2.36555912636e-08, 2.31031140885e-08, 6.97570214925e-08, 1.30698950329e-07, 7.33229228445e-08, 2.78135701137e-08], "dvar2": [2.72661182521e-08, 0.000223537237616, 0.00112512614578, 7.31280815671e-05, 0.000117543328088, 6.65516563458e-06, 4.87417491968e-06, 8.73845510796e-06, 1.88591320693e-06, 1.47726905197e-05, 1.51459573772e-06, 4.94080154567e-07, 7.80453945026e-07, 5.94631842432e-07, 6.45194859317e-07, 6.19038829086e-08, 8.98989327425e-08, 3.93888086592e-08, 1.93175253571e-08, 2.95469337885e-08, 2.68674558157e-08, 4.94689622599e-08, 5.06473831763e-08, 1.44158235571e-07, 2.78362307427e-07, 1.55182249273e-07, 6.26290770356e-08], "max": [0.00429031858221, 0.113119460642, 0.18970425427, 0.0507113076746, 0.06697832793, 0.0222537852824, 0.0332837291062, 0.0283597242087, 0.024293076247, 0.10717843473, 0.0574424341321, 0.0051099890843, 0.021321002394, 0.0157603528351, 0.0134508479387, 0.00353933195584, 0.00593623984605, 0.00281978934072, 0.00193222204689, 0.0017820870271, 0.00217116600834, 0.00190185243264, 0.00189556658734, 0.00243687466718, 0.00257600424811, 0.00205929856747, 0.00175106409006], "mean": [4.01837860409e-05, 0.00505830533803, 0.0063050747849, 0.00249793706462, 0.00682806689292, 0.001931245788, 0.00134202174377, 0.00209822203033, 0.000872043776326, 0.00158511439804, 0.000449242448667, 0.000223671784624, 0.000299928506138, 0.000307418551529, 0.000266558519797, 0.000106148974737, 0.000168788115843, 8.77706479514e-05, 7.4860836321e-05, 7.72056300775e-05, 8.21351495688e-05, 0.000109143860755, 9.84159851214e-05, 0.000163888951647, 0.000219513181946, 0.000213632141822, 0.000130008600536], "median": [2.02387536774e-06, 0.00153071526438, 0.00200433749706, 0.00116036413237, 0.00454687094316, 0.00127785617951, 0.000719644245692, 0.00120702933054, 0.000365540152416, 0.000286536698695, 0.00021925328474, 8.38498090161e-05, 0.000103169928479, 5.94006596657e-05, 7.45672077755e-05, 3.28544556396e-05, 5.93654403929e-05, 1.37835395435e-05, 1.28111005324e-05, 1.3288467926e-05, 1.17884374049e-05, 1.80714705493e-05, 1.68197620951e-05, 4.63432552351e-05, 4.34764478996e-05, 2.28871413128e-05, 5.02638567923e-06], "min": [1.17387136727e-14, 5.40491088368e-15, 1.01149572303e-15, 5.15162368026e-16, 5.04647301018e-16, 2.3276488684e-15, 9.45695556709e-16, 1.86467929415e-15, 4.07394599081e-15, 4.43849203064e-15, 2.33775524201e-15, 2.3694425328e-15, 5.57695005153e-15, 1.00105604195e-15, 1.02664687664e-14, 1.08518845765e-14, 4.82255879179e-15, 1.02639471493e-14, 1.67550875789e-14, 1.08703117783e-14, 1.27048674044e-14, 3.16590795192e-14, 2.45808080379e-14, 5.06413013195e-14, 5.68386720882e-14, 1.12180596301e-13, 1.01413208343e-13], "var": [3.44768444904e-08, 0.000109680724563, 0.000282313034404, 1.94869226107e-05, 5.54004363948e-05, 4.70393433716e-06, 4.41901784143e-06, 6.80249513607e-06, 2.20211040869e-06, 3.89954220736e-05, 2.96617849926e-06, 2.2567722624e-07, 6.7059227149e-07, 6.37498828837e-07, 5.24912820765e-07, 5.06508541775e-08, 1.14781791183e-07, 4.96475074385e-08, 3.09490246764e-08, 2.82968617427e-08, 3.03087368536e-08, 4.56125590631e-08, 3.41279253746e-08, 9.25567604781e-08, 1.66011261626e-07, 1.50100134988e-07, 9.58333359335e-08]}, "erbbands": {"dmean": [0.0519667305052, 0.9970677495, 6.33126306534, 8.45061016083, 10.5293540955, 13.7885150909, 11.7093114853, 9.18858718872, 7.27037525177, 27.3837184906, 18.459394455, 12.1196241379, 12.8902111053, 18.6150760651, 8.54957485199, 8.05207633972, 9.3971414566, 9.686211586, 7.75165319443, 8.40452671051, 4.28825855255, 3.91784000397, 3.30895233154, 2.44129085541, 2.1193959713, 2.32911109924, 2.25005912781, 2.40224575996, 2.76664805412, 2.37003207207, 2.31456565857, 2.03697156906, 3.18844866753, 2.50974154472, 1.17360198498, 0.67855399847, 0.278235942125, 0.0795256271958, 0.0123631795868, 0.000754262378905], "dmean2": [0.0831439569592, 1.51424157619, 11.0520248413, 14.9164466858, 17.5445384979, 23.2520561218, 19.0155715942, 14.9004297256, 10.959485054, 45.7374610901, 29.4794044495, 17.6421051025, 17.9644050598, 24.4057044983, 12.0984897614, 12.4646511078, 14.5606985092, 15.4232883453, 11.0237751007, 12.9003210068, 6.08821392059, 5.91542243958, 4.73845767975, 3.23298239708, 2.78215384483, 3.65040540695, 3.29677009583, 3.52464199066, 4.11857509613, 3.44060921669, 3.30865740776, 2.92207694054, 4.69091844559, 3.75416135788, 1.66658186913, 0.998840391636, 0.409334123135, 0.123520575464, 0.0192328710109, 0.00116050348151], "dvar": [0.0203159172088, 6.64389181137, 321.863983154, 513.518920898, 636.990661621, 454.828887939, 245.957519531, 223.919296265, 173.659423828, 2237.16699219, 1229.94335938, 618.792175293, 1003.69042969, 12224.3574219, 859.349487305, 438.040039062, 787.795043945, 820.966674805, 379.463195801, 697.696411133, 81.1614685059, 60.502040863, 70.3583450317, 43.1785812378, 21.6969852448, 35.2921943665, 27.8383274078, 23.8219642639, 33.6483383179, 21.9989128113, 20.1026306152, 10.9566612244, 36.7595710754, 21.8143692017, 4.35210323334, 1.3715634346, 0.240316748619, 0.0252939853817, 0.000808773445897, 3.57266367246e-06], "dvar2": [0.0450466163456, 15.2825737, 851.881896973, 1412.54504395, 1673.2512207, 1247.95727539, 667.895324707, 597.656860352, 381.354309082, 5528.64111328, 3045.87426758, 1231.31506348, 1910.36828613, 19743.59375, 1537.84008789, 1087.69519043, 1802.81970215, 2046.79907227, 680.326965332, 1392.6072998, 148.090438843, 125.576255798, 134.225891113, 69.8873519897, 35.2890701294, 83.092300415, 57.3014945984, 49.1151771545, 75.403175354, 47.1594696045, 44.3884811401, 22.1371936798, 80.5894393921, 48.2677230835, 8.64494609833, 2.96254706383, 0.510581672192, 0.0559770576656, 0.00172230554745, 8.15844668978e-06], "max": [2.20468783379, 31.6806678772, 158.968231201, 223.795623779, 263.816925049, 239.787643433, 180.397491455, 275.92678833, 243.303894043, 1275.89318848, 446.421905518, 679.256408691, 873.510498047, 4108.92919922, 1840.71728516, 243.07194519, 1044.94604492, 847.20135498, 330.65045166, 693.465759277, 221.368270874, 164.773239136, 121.341072083, 141.441085815, 82.2303390503, 87.5688400269, 95.1393508911, 73.6525268555, 68.0781173706, 95.8517150879, 46.5737838745, 31.3907737732, 52.2256126404, 32.5219154358, 18.0967617035, 8.80667972565, 4.33484840393, 1.36504137516, 0.326540499926, 0.0215306486934], "mean": [0.0743232443929, 1.42708969116, 6.20123243332, 9.17876148224, 14.0581579208, 22.6799736023, 22.4668064117, 16.4149246216, 13.7375440598, 46.8391075134, 31.0798492432, 25.2033309937, 28.3233242035, 46.4703826904, 20.6027698517, 11.6539087296, 15.0027418137, 16.2398452759, 12.2511329651, 12.4149103165, 7.15745019913, 6.91892433167, 5.34302473068, 4.11241865158, 3.74112725258, 3.6352288723, 3.47731399536, 3.38286757469, 3.72302079201, 3.43815374374, 2.79415035248, 2.59501719475, 3.2820315361, 2.65248441696, 1.38497209549, 0.807639598846, 0.400205522776, 0.123269058764, 0.0233754944056, 0.00130869285204], "median": [0.0201834682375, 0.429017007351, 1.99617433548, 3.71400809288, 6.90999269485, 14.6140928268, 16.9719524384, 10.0630788803, 7.92896509171, 26.8086624146, 16.2242565155, 12.0504817963, 10.4895982742, 5.0616736412, 10.4562187195, 5.2690076828, 5.49231863022, 3.83952140808, 3.92247462273, 3.33158898354, 2.49205541611, 2.45852541924, 1.33977460861, 0.643857002258, 0.759010374546, 0.599917471409, 0.476774692535, 0.485904335976, 0.608303487301, 0.521086454391, 0.502463519573, 0.761631071568, 0.825888931751, 0.573156058788, 0.250179469585, 0.102935411036, 0.039964672178, 0.00803843699396, 0.000879583531059, 6.82655372657e-05], "min": [3.19078341223e-13, 6.97236647758e-13, 1.14151808665e-12, 1.71504759179e-12, 8.40057407317e-13, 2.57796431771e-12, 4.49096879476e-12, 2.51086981068e-11, 1.91825843404e-11, 1.23262840906e-11, 5.686299695e-11, 9.58218573932e-11, 1.10971211387e-10, 1.47388587446e-10, 6.62158036735e-11, 1.30528060582e-10, 2.88544882432e-10, 6.81802669877e-11, 4.59783405793e-10, 4.7262804781e-10, 5.30222032946e-10, 2.9712704519e-10, 4.26414986654e-10, 1.03409203422e-09, 6.29902296989e-10, 4.5961329187e-10, 3.87040566263e-10, 8.80511441537e-10, 7.7765482942e-10, 1.4560067596e-09, 4.86380546949e-10, 9.58124468653e-10, 7.61707197316e-10, 4.69664140912e-10, 5.10693654032e-10, 4.08142020181e-10, 1.91912236103e-10, 6.65084654017e-11, 1.71279761207e-11, 1.37720011176e-12], "var": [0.0274032931775, 8.34548187256, 245.239761353, 366.92401123, 584.159057617, 631.091247559, 465.734710693, 421.799530029, 348.636199951, 4264.96240234, 1937.98327637, 1648.74243164, 3459.2824707, 55406.21875, 3358.70458984, 480.253173828, 1642.96569824, 1746.9119873, 713.61907959, 1060.41088867, 175.574310303, 144.877822876, 150.05645752, 108.369476318, 64.2530975342, 69.2312698364, 59.3824157715, 49.6357498169, 57.6992683411, 39.318813324, 28.474439621, 18.3575820923, 42.6693611145, 25.1759605408, 6.35118103027, 2.04501819611, 0.559164226055, 0.0657546147704, 0.00325422734022, 1.08813492261e-05]}, "gfcc": {"mean": [-22.0697231293, 96.1394729614, -69.9752731323, 1.97328388691, -56.9034156799, 11.1497831345, -45.1891136169, 3.90228438377, -23.4091453552, -1.28474926949, -19.4527320862, -4.83284473419, -13.4362640381], "cov": [[19101.9394531, -3729.25830078, 550.64642334, -217.744873047, -1013.43292236, 643.433410645, -230.360427856, 360.074523926, -93.2786636353, 343.92578125, -637.28326416, 222.720321655, 2.57472586632], [-3729.25830078, 2362.99316406, -665.341430664, 82.8228607178, 152.071868896, -265.920623779, 44.9300765991, -34.6364402771, 84.524810791, -187.48260498, 232.96774292, -125.819763184, 180.563674927], [550.64642334, -665.341430664, 1150.6817627, -49.1891059875, 135.989303589, 258.596588135, 39.6294364929, 98.1855926514, 88.7498016357, 108.306037903, -69.5110244751, 39.7968177795, -119.132064819], [-217.744873047, 82.8228607178, -49.1891059875, 439.187744141, 90.4768371582, -17.0455493927, 74.7752609253, -21.1753063202, -14.5070858002, 12.1862487793, 35.6608428955, -6.82758378983, -3.65544939041], [-1013.43292236, 152.071868896, 135.989303589, 90.4768371582, 322.830718994, 0.144967362285, 50.9311523438, -21.3632030487, 13.1524810791, 0.990959048271, 39.1340141296, 4.36855363846, -9.25394916534], [643.433410645, -265.920623779, 258.596588135, -17.0455493927, 0.144967362285, 262.713653564, -20.0716838837, 75.5110397339, -3.06852221489, 60.7207984924, -30.5317249298, 28.3455982208, -15.8185300827], [-230.360427856, 44.9300765991, 39.6294364929, 74.7752609253, 50.9311523438, -20.0716838837, 204.194076538, -2.20253252983, 54.1263008118, -2.61856627464, 26.1717414856, 9.53749465942, 14.069732666], [360.074523926, -34.6364402771, 98.1855926514, -21.1753063202, -21.3632030487, 75.5110397339, -2.20253252983, 122.444488525, 16.9832019806, 24.2675380707, -15.1334495544, 14.2840957642, 9.46123504639], [-93.2786636353, 84.524810791, 88.7498016357, -14.5070858002, 13.1524810791, -3.06852221489, 54.1263008118, 16.9832019806, 129.160842896, 39.2824058533, 21.0031852722, -22.8537044525, -9.45003795624], [343.92578125, -187.48260498, 108.306037903, 12.1862487793, 0.990959048271, 60.7207984924, -2.61856627464, 24.2675380707, 39.2824058533, 109.695320129, 9.78033447266, -1.94291901588, -33.0329627991], [-637.28326416, 232.96774292, -69.5110244751, 35.6608428955, 39.1340141296, -30.5317249298, 26.1717414856, -15.1334495544, 21.0031852722, 9.78033447266, 86.6149978638, 4.81439828873, 13.9688329697], [222.720321655, -125.819763184, 39.7968177795, -6.82758378983, 4.36855363846, 28.3455982208, 9.53749465942, 14.2840957642, -22.8537044525, -1.94291901588, 4.81439828873, 83.1948318481, 29.7893810272], [2.57472586632, 180.563674927, -119.132064819, -3.65544939041, -9.25394916534, -15.8185300827, 14.069732666, 9.46123504639, -9.45003795624, -33.0329627991, 13.9688329697, 29.7893810272, 84.7575454712]], "icov": [[0.000113063186291, 0.000136050133733, 3.49686779373e-05, -6.6640721343e-05, 0.000215145133552, -6.09801536484e-05, 4.80345297547e-05, -0.000105190600152, -0.000114525370009, -0.000216915505007, 0.000488036399474, -1.76833309524e-05, -0.000402642122936], [0.000136050133733, 0.00156429898925, 0.000232640173635, -0.000132529166876, -0.000269919197308, 1.85539411177e-05, 0.00060662679607, -0.00094665796496, -0.00105396087747, 0.00205303356051, -0.00285469507799, 0.0029493754264, -0.00291990232654], [3.49686779373e-05, 0.000232640173635, 0.00181030144449, 0.000155523302965, -0.000804298731964, -0.00117246829905, -0.000157814050908, -0.00064227526309, -0.00146619672887, 0.000321949162753, 0.000957656651735, -0.00121989590116, 0.00207871082239], [-6.6640721343e-05, -0.000132529166876, 0.000155523302965, 0.00279316632077, -0.000740711635444, 7.14709176464e-06, -0.00122675695457, 0.000140691714478, 0.00129785074387, -0.000765085453168, -0.000768079946283, 0.000476386019727, 0.00053749588551], [0.000215145133552, -0.000269919197308, -0.000804298731964, -0.000740711635444, 0.00454968865961, -6.34800308035e-05, -0.000517943059094, 0.000832360179629, 0.000464047276182, -0.000683919875883, 0.000215242180275, -0.000836050952785, -7.24304336472e-05], [-6.09801536484e-05, 1.85539411177e-05, -0.00117246829905, 7.14709176464e-06, -6.34800308035e-05, 0.00650444952771, 0.000331931660185, -0.00242736213841, 0.00169039401226, -0.00264483713545, 0.000432695873315, -0.000323381245835, -0.00106244243216], [4.80345297547e-05, 0.00060662679607, -0.000157814050908, -0.00122675695457, -0.000517943059094, 0.000331931660185, 0.00683009857312, -0.000149452302139, -0.00373283680528, 0.00209900643677, -0.00164716329891, -0.000276905833744, -0.00190957332961], [-0.000105190600152, -0.00094665796496, -0.00064227526309, 0.000140691714478, 0.000832360179629, -0.00242736213841, -0.000149452302139, 0.0116331586614, -0.000823170528747, -0.00227740942501, 0.00281488522887, -0.00202483730391, -0.00124431354925], [-0.000114525370009, -0.00105396087747, -0.00146619672887, 0.00129785074387, 0.000464047276182, 0.00169039401226, -0.00373283680528, -0.000823170528747, 0.013689789921, -0.00585484644398, -0.0011245701462, 0.00332819111645, -0.000418282201281], [-0.000216915505007, 0.00205303356051, 0.000321949162753, -0.000765085453168, -0.000683919875883, -0.00264483713545, 0.00209900643677, -0.00227740942501, -0.00585484644398, 0.0188770517707, -0.00949881691486, 0.00300639146008, 0.00260303053074], [0.000488036399474, -0.00285469507799, 0.000957656651735, -0.000768079946283, 0.000215242180275, 0.000432695873315, -0.00164716329891, 0.00281488522887, -0.0011245701462, -0.00949881691486, 0.0263972207904, -0.00960172899067, 0.00263984547928], [-1.76833309524e-05, 0.0029493754264, -0.00121989590116, 0.000476386019727, -0.000836050952785, -0.000323381245835, -0.000276905833744, -0.00202483730391, 0.00332819111645, 0.00300639146008, -0.00960172899067, 0.0239296350628, -0.0131416395307], [-0.000402642122936, -0.00291990232654, 0.00207871082239, 0.00053749588551, -7.24304336472e-05, -0.00106244243216, -0.00190957332961, -0.00124431354925, -0.000418282201281, 0.00260303053074, 0.00263984547928, -0.0131416395307, 0.0263772737235]]}, "melbands": {"dmean": [0.000726664671674, 0.00250137364492, 0.00147383916192, 0.000878494174685, 0.000479278882267, 0.000200905953534, 0.000117092888104, 0.000302083586575, 0.000138287243317, 6.67987405905e-05, 6.46832268103e-05, 7.98340479378e-05, 2.96080106637e-05, 2.19171251956e-05, 2.12439172174e-05, 1.63095355674e-05, 1.99557962333e-05, 1.14473232316e-05, 1.53504133777e-05, 7.2848470154e-06, 5.68788982491e-06, 4.97794917464e-06, 3.20409890264e-06, 2.94472260975e-06, 1.99898795472e-06, 1.59287174029e-06, 1.54229280724e-06, 1.62600520071e-06, 1.52771622197e-06, 1.26146198909e-06, 1.54290171395e-06, 1.72429497525e-06, 1.35843129101e-06, 1.39256383136e-06, 1.48670937961e-06, 1.07181585918e-06, 1.3394534335e-06, 2.14774968299e-06, 2.44606144406e-06, 2.09838685805e-06], "dmean2": [0.00115936633665, 0.00415320927277, 0.00256499438547, 0.00147208850831, 0.000780222821049, 0.000321317813359, 0.000180802220711, 0.000500669353642, 0.000217347260332, 9.71275439952e-05, 9.04669577722e-05, 0.000104819970147, 4.36969494331e-05, 3.30140937876e-05, 3.29152353515e-05, 2.53627076745e-05, 3.19219689118e-05, 1.62705600815e-05, 2.32707443502e-05, 1.14865215437e-05, 8.00964971859e-06, 7.55509017836e-06, 4.85782902615e-06, 4.23992287324e-06, 2.68977123596e-06, 2.09737754631e-06, 2.3083960059e-06, 2.60747128777e-06, 2.18821674025e-06, 1.95740426534e-06, 2.36000414588e-06, 2.65088306151e-06, 2.0309496449e-06, 2.077066938e-06, 2.21204527406e-06, 1.54455062784e-06, 1.9609649371e-06, 3.17301578434e-06, 3.6846599869e-06, 3.1897932331e-06], "dvar": [4.03467856813e-06, 4.29955143773e-05, 1.27427047119e-05, 2.67826703748e-06, 4.22924728127e-07, 9.97718956341e-08, 4.63076688106e-08, 2.5642196988e-07, 7.3264274647e-08, 1.86449824469e-08, 2.62512056537e-08, 2.37541087245e-07, 1.72898086959e-08, 3.06440761655e-09, 3.31006622112e-09, 1.96221061621e-09, 3.73080544236e-09, 6.66824206963e-10, 2.8486999426e-09, 3.45787370959e-10, 1.57185015004e-10, 1.12811003594e-10, 4.46123346598e-11, 6.90089166366e-11, 2.98329277948e-11, 1.38084153486e-11, 1.0553093989e-11, 1.881616217e-11, 1.4134428003e-11, 7.30389013159e-12, 1.02608199715e-11, 1.59240572117e-11, 6.62164160309e-12, 8.11634353476e-12, 9.1314221809e-12, 3.64804150429e-12, 4.66192058915e-12, 1.63852820201e-11, 2.38660861906e-11, 1.59199892852e-11], "dvar2": [9.15272630664e-06, 0.000107243096863, 3.45859480149e-05, 7.05324055161e-06, 1.14044053134e-06, 2.63286779045e-07, 1.05352924606e-07, 6.35590708953e-07, 1.80118519211e-07, 3.70081671974e-08, 5.00518559932e-08, 3.84491897876e-07, 3.05806082679e-08, 7.43587458274e-09, 7.62919327713e-09, 4.69365213362e-09, 9.20476228572e-09, 1.20750909272e-09, 5.66464697371e-09, 7.38008043566e-10, 2.9913801991e-10, 2.32869279415e-10, 9.0647857276e-11, 1.40905342949e-10, 5.05087152658e-11, 2.35773935098e-11, 2.24845385366e-11, 4.63389673855e-11, 2.97238865465e-11, 1.55497819482e-11, 2.27386356272e-11, 3.86527858331e-11, 1.31012397112e-11, 1.85954498327e-11, 2.11016239204e-11, 7.56972436122e-12, 9.60016788287e-12, 3.58965010494e-11, 5.33907223987e-11, 3.62893673445e-11], "max": [0.0210596583784, 0.0629176646471, 0.0334023982286, 0.0174236744642, 0.00820409040898, 0.00531862350181, 0.00365196797065, 0.0128730656579, 0.003104634583, 0.00369275454432, 0.00433442089707, 0.0180625077337, 0.00874293595552, 0.000616950681433, 0.00202899402939, 0.00131931086071, 0.00194785126951, 0.000375843374059, 0.00134410487954, 0.000427326973295, 0.000333056173986, 0.00027553489781, 9.46185245994e-05, 0.000136624657898, 0.000127650477225, 6.78252472426e-05, 4.34429930465e-05, 6.45008694846e-05, 6.36991971987e-05, 5.22845548403e-05, 4.06979888794e-05, 3.98754054913e-05, 3.92753754568e-05, 6.64458202664e-05, 2.77582221315e-05, 2.14653464354e-05, 1.99744008569e-05, 3.53313116648e-05, 3.90649001929e-05, 3.11107323796e-05], "mean": [0.00106001156382, 0.00292368419468, 0.0017327812966, 0.0013027418172, 0.000944251019973, 0.000364416773664, 0.00021801283583, 0.000523630762473, 0.000233530357946, 0.000138888382935, 0.000138407660415, 0.000195864151465, 6.59624492982e-05, 3.38455356541e-05, 3.28343267029e-05, 2.46649597102e-05, 3.30500297423e-05, 1.86122688319e-05, 2.09041500057e-05, 1.09233642434e-05, 9.0984704002e-06, 8.3427539721e-06, 5.30294164491e-06, 4.43129647465e-06, 3.20952653965e-06, 2.6500858894e-06, 2.55397139881e-06, 2.37757876675e-06, 2.25352596317e-06, 1.87634441318e-06, 1.99611372409e-06, 2.11764040614e-06, 2.05413448384e-06, 1.85695523669e-06, 1.68763210695e-06, 1.39078372285e-06, 1.65479934822e-06, 2.2153435566e-06, 2.43393219534e-06, 2.21730056182e-06], "median": [0.00034556601895, 0.00096588418819, 0.000792032573372, 0.000786972232163, 0.000682740879711, 0.000227765529417, 0.000127169143525, 0.000306976464344, 0.000124239886645, 6.46026674076e-05, 4.75792730867e-05, 1.57226477313e-05, 3.15363940899e-05, 1.68804690475e-05, 1.33860730784e-05, 8.5787360149e-06, 6.58732369629e-06, 5.81112408327e-06, 5.33916818313e-06, 3.39769826496e-06, 2.98209624816e-06, 2.84585803456e-06, 1.64629091159e-06, 6.68389020575e-07, 4.383535952e-07, 4.82062887386e-07, 5.59233626518e-07, 3.29076470962e-07, 2.71021519893e-07, 2.51372739513e-07, 2.76303495639e-07, 3.2936674188e-07, 3.2684201301e-07, 2.57105597257e-07, 2.31400505868e-07, 4.01378798642e-07, 4.63921765004e-07, 5.44707916106e-07, 5.53211577881e-07, 4.75886139384e-07], "min": [2.74127538533e-15, 6.97262540284e-16, 2.65151488039e-16, 1.10934780136e-16, 1.55405081893e-16, 5.36324162724e-16, 2.77351435928e-16, 1.68141294281e-16, 4.79142397823e-16, 6.23173680119e-16, 5.73631675946e-16, 6.33868741627e-16, 2.75670578453e-16, 2.30392802834e-16, 4.40247465448e-16, 5.71571638879e-16, 2.93133221452e-17, 6.6727773277e-16, 6.71635293768e-16, 7.50667755851e-16, 5.37170825094e-16, 2.4061617287e-16, 3.46388565126e-16, 5.27370336257e-16, 9.11040156584e-16, 4.34802446495e-16, 3.94833476344e-16, 2.83696215628e-16, 2.4599064986e-16, 3.29637853319e-16, 5.76375639179e-16, 4.25847878875e-16, 6.6094727322e-16, 8.45345816442e-16, 2.59821136172e-16, 1.90499112736e-16, 7.94737344849e-16, 6.21878566743e-16, 4.09621374583e-16, 3.9825435125e-16], "var": [5.00033274875e-06, 4.08711603086e-05, 9.68233052845e-06, 2.7476194191e-06, 8.80638935996e-07, 1.95858319785e-07, 9.10234945195e-08, 4.84262443479e-07, 1.16827280294e-07, 5.07172046582e-08, 9.00778331925e-08, 1.07169955754e-06, 6.7708455731e-08, 3.5279350552e-09, 6.26172580453e-09, 3.48916051607e-09, 8.39381097961e-09, 1.46533096768e-09, 3.7835876654e-09, 5.99795824119e-10, 3.5780842178e-10, 2.63675081769e-10, 9.86052628438e-11, 1.37843597647e-10, 6.96242230536e-11, 3.6860323821e-11, 2.54997203908e-11, 3.32590482932e-11, 2.71743912095e-11, 1.56766006426e-11, 1.82839993146e-11, 2.15079256488e-11, 1.46897893155e-11, 1.19482626917e-11, 1.16109266299e-11, 5.75511036396e-12, 7.63176414426e-12, 1.92543619937e-11, 2.56089819489e-11, 1.76612769548e-11]}, "mfcc": {"mean": [-679.17755127, 140.843933105, 35.9463348389, 1.11163032055, 11.519774437, -0.372960746288, -4.94179534912, -3.55817961693, 0.196222618222, -1.96200549603, -2.40140461922, -1.87758016586, -1.96814453602], "cov": [[11165.8515625, -698.627563477, -180.292221069, -169.813781738, -194.63999939, 100.056144714, -49.4239425659, -23.0671653748, 96.3600158691, -56.5314865112, -26.7651424408, -85.978225708, -32.7962722778], [-698.627563477, 1684.40087891, -199.177459717, -175.161727905, 78.0230026245, -199.569381714, -62.8047676086, -16.8461780548, -9.02243900299, 4.17169046402, -67.4459762573, 24.2788467407, 37.1144638062], [-180.292221069, -199.177459717, 747.829711914, -12.5161380768, 122.28742981, 112.233520508, 31.5923023224, 62.5386276245, 82.8284301758, 75.2878417969, 110.855857849, 50.0853919983, 36.9610023499], [-169.813781738, -175.161727905, -12.5161380768, 357.120452881, 21.1709651947, 75.004776001, 55.1006317139, 23.634349823, -3.70792961121, 3.39255833626, 7.87798547745, 14.5218172073, 3.90489649773], [-194.63999939, 78.0230026245, 122.28742981, 21.1709651947, 220.758575439, 53.988609314, 24.3356742859, 7.16820001602, 20.9703903198, 16.5862979889, 12.0067977905, 26.2704696655, 14.6293802261], [100.056144714, -199.569381714, 112.233520508, 75.004776001, 53.988609314, 169.854110718, 55.2903251648, 23.3948192596, 23.9298648834, 21.6339378357, 42.3085403442, 13.002623558, -0.429004639387], [-49.4239425659, -62.8047676086, 31.5923023224, 55.1006317139, 24.3356742859, 55.2903251648, 110.694137573, 44.6752166748, 18.3041152954, 4.37944507599, 2.41433191299, -0.538006484509, 4.09324884415], [-23.0671653748, -16.8461780548, 62.5386276245, 23.634349823, 7.16820001602, 23.3948192596, 44.6752166748, 97.727897644, 47.753528595, -3.82316851616, -7.96063613892, -3.34042215347, 11.0608129501], [96.3600158691, -9.02243900299, 82.8284301758, -3.70792961121, 20.9703903198, 23.9298648834, 18.3041152954, 47.753528595, 89.9082870483, 32.3205566406, 15.2516050339, 7.16508579254, 8.10661125183], [-56.5314865112, 4.17169046402, 75.2878417969, 3.39255833626, 16.5862979889, 21.6339378357, 4.37944507599, -3.82316851616, 32.3205566406, 94.6709823608, 65.671875, 6.73192882538, -6.67677307129], [-26.7651424408, -67.4459762573, 110.855857849, 7.87798547745, 12.0067977905, 42.3085403442, 2.41433191299, -7.96063613892, 15.2516050339, 65.671875, 108.678230286, 29.6145057678, 1.27638864517], [-85.978225708, 24.2788467407, 50.0853919983, 14.5218172073, 26.2704696655, 13.002623558, -0.538006484509, -3.34042215347, 7.16508579254, 6.73192882538, 29.6145057678, 71.3491897583, 33.0173034668], [-32.7962722778, 37.1144638062, 36.9610023499, 3.90489649773, 14.6293802261, -0.429004639387, 4.09324884415, 11.0608129501, 8.10661125183, -6.67677307129, 1.27638864517, 33.0173034668, 62.3224868774]], "icov": [[9.95385053102e-05, 3.62089522241e-05, 4.1670507926e-05, 6.21763829258e-05, 6.7521505116e-05, -0.000108640895633, 5.28223827132e-05, 0.000117503746878, -0.000245619739871, 0.000134530026116, -3.63331055269e-05, 0.000118867428682, -5.45806797163e-05], [3.62089522241e-05, 0.000829870405141, 0.000255009130342, 0.000318446051097, -0.000542199646588, 0.000808635144494, 0.000105179460661, -0.000311482610414, 0.000115380673378, -0.000715553585906, 0.000501305796206, -0.000442260643467, -0.000332760042511], [4.1670507926e-05, 0.000255009130342, 0.00209159869701, 0.000423507095547, -0.000915355049074, -0.000481566035887, 0.000432294647908, -0.00112203706522, -0.000650446861982, -0.000227680240641, -0.00153667479753, -8.44906753628e-05, -0.000878170831129], [6.21763829258e-05, 0.000318446051097, 0.000423507095547, 0.00348433293402, -0.000161327348906, -0.0011362102814, -0.000838857551571, -0.000866404268891, 0.000972487963736, -0.000816809944808, 0.000591015676036, -0.00106284895446, -5.05232674186e-05], [6.7521505116e-05, -0.000542199646588, -0.000915355049074, -0.000161327348906, 0.00601010024548, -0.00200225575827, -0.000691528839525, 0.0012972552795, -0.000693151028827, -0.000516966916621, 0.00165650504641, -0.00145433226135, 7.33349079383e-05], [-0.000108640895633, 0.000808635144494, -0.000481566035887, -0.0011362102814, -0.00200225575827, 0.0102601824328, -0.00346940290183, 0.000113299014629, -0.00094832025934, 0.00105802656617, -0.00311982422136, -0.000133956142236, 0.000938009645324], [5.28223827132e-05, 0.000105179460661, 0.000432294647908, -0.000838857551571, -0.000691528839525, -0.00346940290183, 0.0135126141831, -0.00590297952294, 0.00135277351364, -0.00142269569915, 0.000943222956266, 0.000460478651803, -0.000531706842594], [0.000117503746878, -0.000311482610414, -0.00112203706522, -0.000866404268891, 0.0012972552795, 0.000113299014629, -0.00590297952294, 0.0193459279835, -0.0104106254876, 0.00496112788096, 3.79306293325e-05, 0.00313494401053, -0.00215839152224], [-0.000245619739871, 0.000115380673378, -0.000650446861982, 0.000972487963736, -0.000693151028827, -0.00094832025934, 0.00135277351364, -0.0104106254876, 0.0206450894475, -0.00925378035754, 0.00370244937949, -0.00274355593137, -0.000257303065155], [0.000134530026116, -0.000715553585906, -0.000227680240641, -0.000816809944808, -0.000516966916621, 0.00105802656617, -0.00142269569915, 0.00496112788096, -0.00925378035754, 0.0241448525339, -0.0147690298036, 0.00506940158084, 0.00143190729432], [-3.63331055269e-05, 0.000501305796206, -0.00153667479753, 0.000591015676036, 0.00165650504641, -0.00311982422136, 0.000943222956266, 3.79306293325e-05, 0.00370244937949, -0.0147690298036, 0.0228021964431, -0.00873814243823, 0.00217611854896], [0.000118867428682, -0.000442260643467, -8.44906753628e-05, -0.00106284895446, -0.00145433226135, -0.000133956142236, 0.000460478651803, 0.00313494401053, -0.00274355593137, 0.00506940158084, -0.00873814243823, 0.0240169782192, -0.0114483544603], [-5.45806797163e-05, -0.000332760042511, -0.000878170831129, -5.05232674186e-05, 7.33349079383e-05, 0.000938009645324, -0.000531706842594, -0.00215839152224, -0.000257303065155, 0.00143190729432, 0.00217611854896, -0.0114483544603, 0.023353651166]]}, "spectral_contrast_coeffs": {"dmean": [0.0508795380592, 0.0455045364797, 0.0378336384892, 0.0316426791251, 0.0228154435754, 0.0205074101686], "dmean2": [0.0817233547568, 0.0743777900934, 0.059682469815, 0.0508834049106, 0.0354695506394, 0.0317053943872], "dvar": [0.00208038277924, 0.00149540393613, 0.00111588742584, 0.000723490898963, 0.000434624729678, 0.00032960093813], "dvar2": [0.00513846706599, 0.00391814345494, 0.00264271697961, 0.00169877684675, 0.000896549667232, 0.000768901547417], "max": [-0.302044063807, -0.4916254282, -0.461302816868, -0.568665623665, -0.624683856964, -0.681372761726], "mean": [-0.595577418804, -0.698965668678, -0.738973498344, -0.774971723557, -0.807730853558, -0.83081972599], "median": [-0.599784433842, -0.698347210884, -0.744082391262, -0.779297411442, -0.81617128849, -0.835743606091], "min": [-0.917364895344, -0.960628449917, -0.955820202827, -0.937352061272, -0.927076995373, -0.924949407578], "var": [0.0074279345572, 0.00425093853846, 0.00533751910552, 0.00283357081935, 0.00203225109726, 0.00160955695901]}, "spectral_contrast_valleys": {"dmean": [0.40611705184, 0.406048387289, 0.386071056128, 0.388208776712, 0.446120560169, 0.596470117569], "dmean2": [0.660463392735, 0.669478833675, 0.605284631252, 0.562902510166, 0.600853860378, 0.71476662159], "dvar": [0.168683350086, 0.180732309818, 0.166534394026, 0.179228723049, 0.243598029017, 0.280799299479], "dvar2": [0.371910721064, 0.421625703573, 0.35933560133, 0.328357666731, 0.425581276417, 0.436416625977], "max": [-4.95856571198, -4.5874915123, -5.42971229553, -5.67