{"lowlevel": {"average_loudness": 0.699939012527, "barkbands_crest": {"dmean": 2.31544589996, "dmean2": 3.35280704498, "dvar": 6.86738777161, "dvar2": 14.3733606339, "max": 26.5618343353, "mean": 12.1171035767, "median": 11.1777553558, "min": 2.48063492775, "var": 26.0249977112}, "barkbands_flatness_db": {"dmean": 0.0273750629276, "dmean2": 0.0371791087091, "dvar": 0.00107306404971, "dvar2": 0.00196714350022, "max": 0.748940467834, "mean": 0.198265239596, "median": 0.179443925619, "min": 0.0299403499812, "var": 0.0134478807449}, "barkbands_kurtosis": {"dmean": 8.59661388397, "dmean2": 13.3689632416, "dvar": 2216.76245117, "dvar2": 6035.97216797, "max": 1806.76464844, "mean": 13.3497028351, "median": 4.1594080925, "min": -1.84819340706, "var": 2141.40600586}, "barkbands_skewness": {"dmean": 0.732223272324, "dmean2": 1.06102287769, "dvar": 1.71455311775, "dvar2": 4.15637969971, "max": 35.2856369019, "mean": 2.23303794861, "median": 1.94263160229, "min": -2.28674697876, "var": 5.01419878006}, "barkbands_spread": {"dmean": 5.41188144684, "dmean2": 8.28017520905, "dvar": 51.6646270752, "dvar2": 119.907302856, "max": 78.5461578369, "mean": 21.686132431, "median": 18.0235748291, "min": 0.0403517782688, "var": 296.781433105}, "dissonance": {"dmean": 0.0118175493553, "dmean2": 0.0192850735039, "dvar": 0.00023339978361, "dvar2": 0.000598330516368, "max": 0.500000119209, "mean": 0.465338110924, "median": 0.479672908783, "min": 0.262213885784, "var": 0.00142552738544}, "dynamic_complexity": 5.77501916885, "erbbands_crest": {"dmean": 1.61264920235, "dmean2": 2.56449270248, "dvar": 3.18072342873, "dvar2": 7.61635160446, "max": 26.4395809174, "mean": 8.1742067337, "median": 6.8950510025, "min": 2.48604893684, "var": 19.2581329346}, "erbbands_flatness_db": {"dmean": 0.0190139357001, "dmean2": 0.025557462126, "dvar": 0.000761299103033, "dvar2": 0.0013008780079, "max": 0.425843447447, "mean": 0.178590267897, "median": 0.168748825788, "min": 0.0427744165063, "var": 0.00612599588931}, "erbbands_kurtosis": {"dmean": 1.10453259945, "dmean2": 1.76389229298, "dvar": 8.27253627777, "dvar2": 21.1995792389, "max": 89.6243209839, "mean": 1.28512573242, "median": -0.0722570419312, "min": -1.91707742214, "var": 37.5916213989}, "erbbands_skewness": {"dmean": 0.34005099535, "dmean2": 0.525698781013, "dvar": 0.21648940444, "dvar2": 0.532946884632, "max": 8.43818664551, "mean": 0.0770128071308, "median": -0.284241914749, "min": -2.74013733864, "var": 1.63994646072}, "erbbands_spread": {"dmean": 8.22857379913, "dmean2": 12.7445163727, "dvar": 121.170959473, "dvar2": 285.946777344, "max": 183.49597168, "mean": 43.0762710571, "median": 41.6722793579, "min": 1.5126516819, "var": 348.755432129}, "hfc": {"dmean": 4.23558425903, "dmean2": 6.67988395691, "dvar": 88.8995437622, "dvar2": 233.225402832, "max": 133.585479736, "mean": 15.6576089859, "median": 4.07890796661, "min": 2.60500665483e-09, "var": 421.765106201}, "melbands_crest": {"dmean": 2.78839659691, "dmean2": 3.95935058594, "dvar": 7.70714139938, "dvar2": 16.4786472321, "max": 38.2491455078, "mean": 17.580657959, "median": 16.8268203735, "min": 1.5212624073, "var": 56.2160606384}, "melbands_flatness_db": {"dmean": 0.0315551944077, "dmean2": 0.04317240417, "dvar": 0.00143888313323, "dvar2": 0.00268434593454, "max": 0.892606496811, "mean": 0.268601685762, "median": 0.243447542191, "min": 0.00256967660971, "var": 0.0216787904501}, "melbands_kurtosis": {"dmean": 15.7377023697, "dmean2": 22.3179244995, "dvar": 1327.7635498, "dvar2": 2622.94946289, "max": 1704.75964355, "mean": 33.5786361694, "median": 16.0395507812, "min": -1.65958893299, "var": 4570.16748047}, "melbands_skewness": {"dmean": 0.948360025883, "dmean2": 1.33259320259, "dvar": 1.58023059368, "dvar2": 3.13092088699, "max": 29.257642746, "mean": 3.97506952286, "median": 3.47641777992, "min": -1.03393471241, "var": 7.42993402481}, "melbands_spread": {"dmean": 6.09529256821, "dmean2": 9.38186836243, "dvar": 72.9689254761, "dvar2": 170.062667847, "max": 156.352294922, "mean": 24.0236339569, "median": 12.8350543976, "min": 0.0847859159112, "var": 932.831665039}, "pitch_salience": {"dmean": 0.0632901862264, "dmean2": 0.0939812958241, "dvar": 0.00500933639705, "dvar2": 0.0102440463379, "max": 0.835047602654, "mean": 0.520460903645, "median": 0.538941979408, "min": 0.0273732338101, "var": 0.0247808396816}, "silence_rate_20dB": {"dmean": 0, "dmean2": 0, "dvar": 0, "dvar2": 0, "max": 1, "mean": 1, "median": 1, "min": 1, "var": 0}, "silence_rate_30dB": {"dmean": 0.0461419597268, "dmean2": 0.0922941043973, "dvar": 0.0440184734762, "dvar2": 0.0917387828231, "max": 1, "mean": 0.953531980515, "median": 1, "min": 0, "var": 0.0443143360317}, "silence_rate_60dB": {"dmean": 0.0328954644501, "dmean2": 0.065687790513, "dvar": 0.03181117028, "dvar2": 0.0677786841989, "max": 1, "mean": 0.29227373004, "median": 0, "min": 0, "var": 0.206846684217}, "spectral_centroid": {"dmean": 231.966110229, "dmean2": 365.057739258, "dvar": 109957.492188, "dvar2": 254527.84375, "max": 11163.3398438, "mean": 1503.23474121, "median": 1354.07543945, "min": 64.0666503906, "var": 1103010.875}, "spectral_complexity": {"dmean": 2.4841594696, "dmean2": 3.84665489197, "dvar": 13.1738624573, "dvar2": 29.3305339813, "max": 63, "mean": 17.2055187225, "median": 7, "min": 0, "var": 312.812042236}, "spectral_decrease": {"dmean": 2.87646684249e-09, "dmean2": 4.21121049143e-09, "dvar": 3.47887747268e-17, "dvar2": 7.5343858591e-17, "max": 1.92538219652e-18, "mean": -7.18664461274e-09, "median": -4.15835987866e-09, "min": -7.80889308771e-08, "var": 8.43889131531e-17}, "spectral_energy": {"dmean": 0.0110325096175, "dmean2": 0.0161561854184, "dvar": 0.000508046359755, "dvar2": 0.00110043550376, "max": 0.296971678734, "mean": 0.0285441856831, "median": 0.0164841208607, "min": 2.3790225432e-13, "var": 0.00127862696536}, "spectral_energyband_high": {"dmean": 0.000429498002632, "dmean2": 0.000731685897335, "dvar": 1.5714830397e-06, "dvar2": 4.43348017143e-06, "max": 0.0169245116413, "mean": 0.000990825821646, "median": 4.45231307822e-05, "min": 1.55865026289e-13, "var": 2.94821734315e-06}, "spectral_energyband_low": {"dmean": 0.0090857623145, "dmean2": 0.0126806935295, "dvar": 0.000452726904768, "dvar2": 0.000920037447941, "max": 0.29008230567, "mean": 0.0181264989078, "median": 0.00656199362129, "min": 4.43152814927e-15, "var": 0.000961998361163}, "spectral_energyband_middle_high": {"dmean": 0.000671280198731, "dmean2": 0.00103759742342, "dvar": 1.60356876222e-06, "dvar2": 3.90855848309e-06, "max": 0.0232002194971, "mean": 0.00286739645526, "median": 0.000654257484712, "min": 3.99790945249e-14, "var": 1.53700930241e-05}, "spectral_energyband_middle_low": {"dmean": 0.00361551786773, "dmean2": 0.00615074811503, "dvar": 9.80415425147e-05, "dvar2": 0.000270504795481, "max": 0.13483813405, "mean": 0.00758927548304, "median": 0.00409378297627, "min": 7.5450908203e-15, "var": 0.000121098346426}, "spectral_entropy": {"dmean": 0.181744888425, "dmean2": 0.267517387867, "dvar": 0.0764295980334, "dvar2": 0.160314053297, "max": 9.78751182556, "mean": 7.33399391174, "median": 7.47363615036, "min": 4.25028133392, "var": 0.743937790394}, "spectral_flux": {"dmean": 0.0241884626448, "dmean2": 0.0382134877145, "dvar": 0.00192057143431, "dvar2": 0.00419203750789, "max": 0.448205709457, "mean": 0.0644434988499, "median": 0.0378055199981, "min": 5.66231028643e-06, "var": 0.00484657892957}, "spectral_kurtosis": {"dmean": 4.11255073547, "dmean2": 6.76707458496, "dvar": 61.7789421082, "dvar2": 156.211471558, "max": 139.362762451, "mean": 7.83834409714, "median": 3.57702255249, "min": -1.209025383, "var": 159.573516846}, "spectral_rms": {"dmean": 0.000772699189838, "dmean2": 0.00110183865763, "dvar": 1.71407793914e-06, "dvar2": 3.54718940798e-06, "max": 0.0170214120299, "mean": 0.00424084626138, "median": 0.00401024520397, "min": 1.52348214044e-08, "var": 9.86327722785e-06}, "spectral_rolloff": {"dmean": 408.961517334, "dmean2": 675.854614258, "dvar": 570062.5, "dvar2": 1321658.375, "max": 19099.9511719, "mean": 2151.31689453, "median": 516.796875, "min": 43.06640625, "var": 17706070}, "spectral_skewness": {"dmean": 0.408695399761, "dmean2": 0.658554017544, "dvar": 0.311785519123, "dvar2": 0.768950223923, "max": 9.01905632019, "mean": 1.56752371788, "median": 1.24591696262, "min": -0.157079547644, "var": 1.24915790558}, "spectral_spread": {"dmean": 628290.0625, "dmean2": 928136.5, "dvar": 1483383635970.0, "dvar2": 2712419696640.0, "max": 40246420, "mean": 4006267.25, "median": 3521979, "min": 487766.53125, "var": 4618025697280.0}, "spectral_strongpeak": {"dmean": 0.156464293599, "dmean2": 0.257800877094, "dvar": 0.0676043182611, "dvar2": 0.182878658175, "max": 5.80275583267, "mean": 0.374550789595, "median": 0.297916710377, "min": 0, "var": 0.113156013191}, "zerocrossingrate": {"dmean": 0.00930434744805, "dmean2": 0.0112273423001, "dvar": 0.00011359470227, "dvar2": 0.000152748179971, "max": 0.529296875, "mean": 0.0734819620848, "median": 0.04150390625, "min": 0.00146484375, "var": 0.012123439461}, "barkbands": {"dmean": [0.0010196743533, 0.00798243377358, 0.00212728232145, 0.00179778423626, 0.00196473416872, 0.000348972011125, 0.000110265536932, 4.36660739069e-05, 8.66017726366e-05, 0.000101418801933, 6.33827512502e-05, 5.99672130193e-05, 8.29221244203e-05, 0.000163049509865, 7.50710023567e-05, 0.000197670524358, 0.000152994965902, 0.000157523958478, 0.000212164333789, 0.000187055906281, 0.000228855147725, 8.20222558104e-05, 4.75028864457e-05, 2.81863212876e-05, 2.05510459637e-05, 1.66848913068e-05, 5.64518131796e-06], "dmean2": [0.00132617284544, 0.0108108622953, 0.00371192838065, 0.00315979192965, 0.00334640662186, 0.000548352138139, 0.000173061838723, 6.7471213697e-05, 0.000143528945046, 0.000161284624483, 9.95838418021e-05, 9.42807237152e-05, 0.000133755413117, 0.000260278757196, 0.000118110147014, 0.000326041685184, 0.000256587896729, 0.000263881316641, 0.000358546996722, 0.000318452657666, 0.000411456043366, 0.000138749601319, 7.53073982196e-05, 4.34760113421e-05, 3.10298964905e-05, 2.59269436356e-05, 8.46150669531e-06], "dvar": [7.43785312807e-06, 0.000460139330244, 2.68118292297e-05, 2.54886545008e-05, 2.80112617475e-05, 1.44366003951e-06, 2.42207931933e-07, 7.35967908838e-09, 3.07771585994e-08, 4.38001031e-08, 2.28174865669e-08, 2.0508956311e-08, 3.599108922e-08, 1.09523490721e-07, 3.60252521148e-08, 1.40651721381e-07, 9.01992933677e-08, 1.52870185843e-07, 2.33328947274e-07, 1.85358700833e-07, 6.00695784669e-07, 7.01417377513e-08, 1.40330609355e-08, 3.8866936336e-09, 1.81340276129e-09, 1.52457535485e-09, 2.12945674982e-10], "dvar2": [1.33493158501e-05, 0.00094716186868, 7.5936120993e-05, 7.39490205888e-05, 7.87951066741e-05, 3.4905949633e-06, 5.65554444165e-07, 1.77276593405e-08, 8.43107414994e-08, 1.06043692938e-07, 5.5567983992e-08, 4.72200554213e-08, 8.7366387902e-08, 2.83123966938e-07, 7.40066852245e-08, 3.80423472279e-07, 2.51501916182e-07, 4.14198183307e-07, 6.53446477372e-07, 5.16655745741e-07, 1.72830721112e-06, 1.96271187747e-07, 3.2098618874e-08, 8.89591067477e-09, 3.83863962838e-09, 3.0261049222e-09, 4.2729528249e-10], "max": [0.0376542694867, 0.279146283865, 0.0630074888468, 0.0558448955417, 0.0838284790516, 0.0301654804498, 0.0110575547442, 0.0020234438125, 0.0025284786243, 0.00321490992792, 0.00381957087666, 0.00346529413946, 0.00337741035037, 0.00593352830037, 0.0106304194778, 0.00576010392979, 0.00785775389522, 0.00668906699866, 0.0109632583335, 0.00706109637395, 0.0122488588095, 0.00450984248891, 0.00275075435638, 0.00143021380063, 0.000646503991447, 0.000679420365486, 0.000227961631026], "mean": [0.00159220071509, 0.0121769579127, 0.00338841695338, 0.00251851091161, 0.00392895704135, 0.000610694405623, 0.00016348499048, 0.000116587398225, 0.000165495817782, 0.000182596311788, 0.000125994774862, 0.000120155753393, 0.000174611035618, 0.000361965125194, 0.000154190784087, 0.000410538894357, 0.000357560173143, 0.000306251255097, 0.000481433176901, 0.000432529632235, 0.000325783970766, 0.000136846443638, 0.000117566843983, 8.46922557685e-05, 6.37442644802e-05, 3.75015370082e-05, 8.89418424777e-06], "median": [3.12263146043e-05, 0.00241646054201, 0.000974466092885, 0.000621920567937, 0.00179776397999, 0.000171027262695, 4.97932123835e-05, 6.86582061462e-05, 2.75119018625e-05, 5.09773090016e-05, 4.45668119937e-05, 4.652368807e-05, 1.72280651896e-05, 8.12174330349e-05, 2.06904660445e-05, 6.12555013504e-05, 4.41881093138e-05, 3.27659581671e-05, 4.91098107887e-05, 3.03908454953e-05, 1.41096988955e-05, 2.84689713226e-06, 1.2477889868e-06, 3.17927572269e-07, 1.30092672634e-07, 3.98829058668e-08, 1.52030210643e-08], "min": [3.61544070371e-15, 2.16700441127e-15, 3.8899469295e-16, 2.96160543675e-16, 9.32445314436e-16, 1.18952987244e-15, 1.50563790968e-15, 1.69198918148e-15, 1.37566049216e-15, 1.41799212837e-15, 2.38431145504e-16, 1.6287128557e-15, 3.18365274159e-15, 5.66566108265e-15, 1.7428467337e-15, 1.29929306043e-14, 3.84834935322e-15, 3.52982960142e-15, 4.08449324506e-15, 4.64633570469e-15, 5.38927507899e-15, 1.11631827371e-14, 1.34899797021e-14, 1.30041368502e-14, 2.82463007655e-14, 3.35758269874e-14, 5.60636064482e-14], "var": [1.65741530509e-05, 0.000736865389626, 2.96791295114e-05, 2.3246740966e-05, 4.0038026782e-05, 1.92537504518e-06, 2.73683298246e-07, 2.1132260386e-08, 7.51794431153e-08, 9.24982401784e-08, 5.19123801723e-08, 4.98292394013e-08, 1.28788997245e-07, 3.78089197284e-07, 1.44137288771e-07, 4.21248898874e-07, 3.13881088232e-07, 2.82785947547e-07, 6.03948706157e-07, 4.84239421894e-07, 5.30453064584e-07, 8.3006924001e-08, 6.7142508442e-08, 2.36850112856e-08, 1.28539152655e-08, 6.15269346582e-09, 5.27922094928e-10]}, "erbbands": {"dmean": [0.278908491135, 1.75289213657, 2.40284538269, 4.12640237808, 8.39249134064, 5.28318786621, 3.23491954803, 2.80375146866, 2.8478603363, 0.845296025276, 0.952454149723, 2.24296355247, 3.23973441124, 2.13501429558, 2.73628234863, 2.65324807167, 4.14700078964, 5.88351869583, 6.50576543808, 4.91922330856, 10.6735668182, 7.97750234604, 6.41642093658, 12.3283290863, 9.63786315918, 8.91528606415, 11.1050434113, 6.39854192734, 3.23415803909, 2.39459872246, 1.13640284538, 0.728601276875, 0.406457722187, 0.234352827072, 0.163570344448, 0.0976733788848, 0.0291888229549, 0.00580030819401, 0.0009460565052, 5.89887022215e-05], "dmean2": [0.348492264748, 2.6468474865, 3.99944019318, 7.2479929924, 14.5383348465, 9.03778266907, 5.14830780029, 4.49343919754, 4.501932621, 1.33950793743, 1.50829911232, 3.69453620911, 5.23442363739, 3.42959499359, 4.25072717667, 4.13075304031, 6.59495449066, 9.47534370422, 10.1664533615, 8.05210876465, 17.4531345367, 13.3127498627, 10.6177015305, 21.0117950439, 16.3271598816, 15.2943458557, 19.904001236, 11.3550519943, 5.49747800827, 4.01587772369, 1.76530921459, 1.13392555714, 0.631475865841, 0.35159599781, 0.250223070383, 0.149719297886, 0.0465941615403, 0.0089172879234, 0.00141709356103, 9.38894227147e-05], "dvar": [0.454750478268, 27.986907959, 32.9364356995, 129.442214966, 553.181762695, 178.980422974, 37.1786346436, 129.076461792, 201.484283447, 3.68780183792, 4.11870765686, 21.9701251984, 44.1824607849, 24.2060699463, 41.7751998901, 44.8175315857, 94.662361145, 134.951248169, 203.281005859, 93.3177642822, 417.357269287, 264.449005127, 183.833526611, 807.530883789, 601.712097168, 407.936431885, 1452.79589844, 388.808685303, 116.078773499, 32.8634376526, 7.75093221664, 2.60979580879, 0.883691310883, 0.213345080614, 0.123887836933, 0.0458018630743, 0.00618772115558, 0.000241580681177, 5.4977876971e-06, 1.87592910095e-08], "dvar2": [0.646706819534, 65.0766906738, 89.1779403687, 370.073577881, 1582.90441895, 499.564239502, 93.1578903198, 320.239471436, 477.48526001, 9.36036586761, 10.3189611435, 59.7793121338, 110.20438385, 59.3877906799, 97.8625259399, 104.022697449, 225.550567627, 350.099273682, 466.549560547, 251.33531189, 1130.72387695, 729.928527832, 496.898162842, 2239.27734375, 1669.15185547, 1150.62988281, 4163.59228516, 1111.36303711, 327.524993896, 87.0238418579, 17.2555847168, 6.10403251648, 2.17864251137, 0.446437865496, 0.284597486258, 0.09420042485, 0.0140296937898, 0.000478116679005, 1.07700525405e-05, 4.252165553e-08], "max": [8.42782115936, 61.8709182739, 74.7765350342, 164.724243164, 340.705657959, 215.894882202, 100.186927795, 293.504150391, 324.683105469, 44.2975273132, 46.2001304626, 72.6407165527, 104.546379089, 96.0918273926, 244.144470215, 175.212997437, 182.718429565, 281.554901123, 567.526855469, 160.334136963, 375.390930176, 516.464172363, 221.359954834, 508.53527832, 519.079406738, 244.52947998, 651.725341797, 257.369842529, 206.742111206, 89.1969299316, 66.3305740356, 37.0351638794, 20.2971668243, 7.99175643921, 5.57220077515, 3.67164087296, 1.32623565197, 0.259278982878, 0.0367238260806, 0.00155837659258], "mean": [0.466049849987, 2.24812293053, 4.25074148178, 6.16967439651, 13.622718811, 11.0382757187, 7.15286493301, 4.21962308884, 3.6393866539, 2.14978909492, 2.24430823326, 4.27044677734, 5.76716709137, 3.98815536499, 6.07421922684, 5.88401079178, 9.29521465302, 13.4218578339, 15.5690393448, 11.3149175644, 22.8900032043, 19.8815345764, 15.2303085327, 26.6208305359, 21.5900917053, 20.1219482422, 16.0745487213, 9.61897373199, 5.29268741608, 4.98005104065, 2.89736104012, 1.97371196747, 1.20318126678, 0.717759788036, 0.438737392426, 0.218368858099, 0.0597269013524, 0.0106442384422, 0.00153355905786, 0.000106349580165], "median": [0.040540330112, 0.517927706242, 1.45268046856, 2.0727455616, 4.88412475586, 4.92220783234, 3.51350665092, 1.22262716293, 1.04075407982, 1.30384802818, 1.11560893059, 0.714993000031, 1.72406148911, 0.948742389679, 2.33639550209, 2.27433013916, 1.15896701813, 3.54653382301, 2.63703012466, 1.72233605385, 3.505027771, 2.55663347244, 2.09884548187, 2.71437597275, 1.8083871603, 1.48055899143, 0.824756979942, 0.375582933426, 0.126681387424, 0.0811391398311, 0.023934584111, 0.00933714490384, 0.00386513816193, 0.00170704256743, 0.000783440365922, 0.000277840823401, 6.59099896438e-05, 1.7483755073e-05, 2.1438641852e-05, 2.85304613499e-05], "min": [1.19584694252e-13, 2.99128506253e-13, 4.4606302701e-13, 8.32247302757e-13, 1.07686049747e-12, 3.67798109677e-12, 8.13249901449e-12, 1.01650406842e-11, 1.49057710619e-11, 3.56744772612e-11, 3.0082911856e-11, 3.1740034212e-11, 5.07546678297e-11, 2.19080188019e-11, 2.09276276864e-11, 7.98794433376e-11, 1.62870050779e-10, 1.84346732324e-10, 2.58077087478e-10, 2.89387541708e-10, 6.12298434177e-10, 2.58118748597e-10, 2.36088953942e-10, 1.18873133559e-10, 2.51872966928e-10, 1.76436490418e-10, 3.05882291718e-10, 2.59024968141e-10, 3.34422906034e-10, 3.17405768335e-10, 4.1002784501e-10, 2.01452604598e-10, 3.20925869213e-10, 2.66500432833e-10, 2.02820760187e-10, 1.71028052831e-10, 4.59499834016e-11, 2.85512863352e-11, 8.15986080788e-12, 7.27744036907e-13], "var": [1.14393615723, 30.0456295013, 42.6399726868, 116.107246399, 637.905273438, 309.399078369, 107.0364151, 137.235931396, 200.172439575, 7.63225698471, 11.118303299, 52.1398658752, 88.0019073486, 53.5584602356, 117.223564148, 115.37575531, 356.511993408, 436.225952148, 897.182312012, 339.317169189, 1268.43713379, 961.084533691, 553.413757324, 1946.18383789, 1294.05615234, 1024.40270996, 1279.72595215, 404.682495117, 127.275650024, 105.482818604, 37.7692146301, 13.6228809357, 4.6927075386, 1.62061452866, 0.665972232819, 0.185876369476, 0.0204136092216, 0.00067871279316, 1.46340689753e-05, 3.86928462603e-08]}, "gfcc": {"mean": [-137.046813965, 111.531967163, -114.20160675, 48.9998245239, -27.341545105, -2.92283296585, -24.6433544159, -6.50468206406, -25.1265716553, -4.91696739197, -15.2158298492, -6.52256679535, -4.1643371582], "cov": [[62461.265625, 1827.28088379, -1043.48413086, 3118.94311523, -923.014648438, 1350.16870117, -1549.6282959, 865.875, -1463.08740234, 6.69185256958, -1138.51611328, -82.0473937988, -579.969055176], [1827.28088379, 6292.41601562, -1387.88879395, -324.492980957, 741.40234375, -1437.88293457, 498.5909729, -1028.20849609, 96.7509536743, -397.616271973, 226.453094482, -380.843444824, 385.709869385], [-1043.48413086, -1387.88879395, 1708.39038086, -198.646652222, 331.853851318, 490.874542236, -90.4491653442, 331.039764404, 43.2517738342, 148.382400513, -112.515197754, 179.409118652, -50.1830253601], [3118.94311523, -324.492980957, -198.646652222, 691.293762207, -41.2015228271, 201.193939209, -39.4673805237, 118.258125305, -41.0687141418, -33.6479263306, -43.1739273071, -10.0667762756, -10.1450910568], [-923.014648438, 741.40234375, 331.853851318, -41.2015228271, 794.262573242, -82.6717758179, 302.776245117, 33.6519927979, 121.034706116, 59.0317840576, 57.6878662109, 29.613817215, 133.920913696], [1350.16870117, -1437.88293457, 490.874542236, 201.193939209, -82.6717758179, 572.839416504, -120.087989807, 332.757171631, -23.9310588837, 104.245811462, -77.597869873, 111.88697052, -93.267829895], [-1549.6282959, 498.5909729, -90.4491653442, -39.4673805237, 302.776245117, -120.087989807, 335.799224854, 0.963299751282, 130.174591064, 46.980682373, 105.103691101, 18.4915409088, 93.0509262085], [865.875, -1028.20849609, 331.039764404, 118.258125305, 33.6519927979, 332.757171631, 0.963299751282, 365.128356934, 23.3557548523, 148.818572998, -15.7367191315, 106.601654053, -45.8996734619], [-1463.08740234, 96.7509536743, 43.2517738342, -41.0687141418, 121.034706116, -23.9310588837, 130.174591064, 23.3557548523, 137.379653931, 52.4559020996, 70.8618469238, 17.0681114197, 51.724647522], [6.69185256958, -397.616271973, 148.382400513, -33.6479263306, 59.0317840576, 104.245811462, 46.980682373, 148.818572998, 52.4559020996, 163.54284668, 34.3568115234, 71.8150482178, -3.32997775078], [-1138.51611328, 226.453094482, -112.515197754, -43.1739273071, 57.6878662109, -77.597869873, 105.103691101, -15.7367191315, 70.8618469238, 34.3568115234, 125.010345459, 19.7694587708, 47.5537834167], [-82.0473937988, -380.843444824, 179.409118652, -10.0667762756, 29.613817215, 111.88697052, 18.4915409088, 106.601654053, 17.0681114197, 71.8150482178, 19.7694587708, 98.1083297729, 6.32289123535], [-579.969055176, 385.709869385, -50.1830253601, -10.1450910568, 133.920913696, -93.267829895, 93.0509262085, -45.8996734619, 51.724647522, -3.32997775078, 47.5537834167, 6.32289123535, 91.9099960327]], "icov": [[7.59795366321e-05, -0.000249659933615, 1.95976808754e-05, -0.000284169509541, 0.000112584704766, -0.000199672896997, 0.000183524025488, -0.000338177836966, 0.000522872607689, -0.000477154593682, 0.00047920839279, -0.000298124010442, 0.000246168114245], [-0.000249659933615, 0.00144256209023, 8.15675812191e-05, 0.00096165452851, -0.000866678252351, 0.00124394497834, -0.0007047096733, 0.00176340609323, -0.00136779772583, 0.00173983559944, -0.00184280506801, 0.00184557738248, -0.00170003948733], [1.95976808754e-05, 8.15675812191e-05, 0.00154473993462, 0.000666218867991, -0.00114634330384, -0.000828641525004, 0.00114337773994, -9.09076916287e-05, -0.00114741711877, 0.000468484766316, 0.00132165115792, -0.00168582308106, 0.000419666117523], [-0.000284169509541, 0.00096165452851, 0.000666218867991, 0.00335765792988, -0.000774828891736, -0.00059767649509, -0.000453912653029, 0.000351806374965, -0.00171532703098, 0.00289581133984, -0.0014138482511, 0.00184976216406, -0.00226221606135], [0.000112584704766, -0.000866678252351, -0.00114634330384, -0.000774828891736, 0.00361503171735, -0.000272335717455, -0.00227641453966, -0.00128520547878, 0.00168756605126, -0.00165955210105, 0.00138612429146, 0.000563003763091, -0.00201058131643], [-0.000199672896997, 0.00124394497834, -0.000828641525004, -0.00059767649509, -0.000272335717455, 0.0072966250591, 0.000198550667847, -0.00195151369553, -0.00220842170529, 0.00220385356806, -0.000410406792071, -0.00126712198835, 0.00124911719467], [0.000183524025488, -0.0007047096733, 0.00114337773994, -0.000453912653029, -0.00227641453966, 0.000198550667847, 0.00875141844153, -0.00204487587325, -0.00354740628973, -0.000371804781025, -0.000323435553582, -0.00277500227094, 0.000667968532071], [-0.000338177836966, 0.00176340609323, -9.09076916287e-05, 0.000351806374965, -0.00128520547878, -0.00195151369553, -0.00204487587325, 0.0115994438529, -0.00204232474789, -0.00268734269775, -0.00183671526611, -0.000161709234817, 0.000223664203077], [0.000522872607689, -0.00136779772583, -0.00114741711877, -0.00171532703098, 0.00168756605126, -0.00220842170529, -0.00354740628973, -0.00204232474789, 0.0208003688604, -0.00716096488759, -0.00246200105175, 0.00438174651936, -0.00489776022732], [-0.000477154593682, 0.00173983559944, 0.000468484766316, 0.00289581133984, -0.00165955210105, 0.00220385356806, -0.000371804781025, -0.00268734269775, -0.00716096488759, 0.0171846430749, -0.00449189217761, -0.00373173737898, 0.00118542381097], [0.00047920839279, -0.00184280506801, 0.00132165115792, -0.0014138482511, 0.00138612429146, -0.000410406792071, -0.000323435553582, -0.00183671526611, -0.00246200105175, -0.00449189217761, 0.0193399973214, -0.00739055732265, 2.18195127673e-05], [-0.000298124010442, 0.00184557738248, -0.00168582308106, 0.00184976216406, 0.000563003763091, -0.00126712198835, -0.00277500227094, -0.000161709234817, 0.00438174651936, -0.00373173737898, -0.00739055732265, 0.026477906853, -0.0103189889342], [0.000246168114245, -0.00170003948733, 0.000419666117523, -0.00226221606135, -0.00201058131643, 0.00124911719467, 0.000667968532071, 0.000223664203077, -0.00489776022732, 0.00118542381097, 2.18195127673e-05, -0.0103189889342, 0.0266778878868]]}, "melbands": {"dmean": [0.00230536260642, 0.00148711050861, 0.000831258541439, 0.000494808948133, 0.000131654262077, 6.66232299409e-05, 3.91317516915e-05, 8.8642582341e-06, 8.58935072756e-06, 1.41399268614e-05, 1.64379871421e-05, 9.17832494451e-06, 8.63164495968e-06, 6.95456947142e-06, 8.63535842655e-06, 7.45787747292e-06, 1.30638345581e-05, 1.29343698063e-05, 4.7628846005e-06, 1.2219891687e-05, 1.32574759846e-05, 9.45125884755e-06, 7.86855525803e-06, 7.80482059781e-06, 1.13211708594e-05, 7.18885212336e-06, 7.64007654652e-06, 6.21789968136e-06, 7.5385087257e-06, 6.12146641288e-06, 3.07465234073e-06, 1.91345884559e-06, 1.56161706855e-06, 1.39559165291e-06, 8.36900994727e-07, 4.34433502505e-07, 4.52362002079e-07, 3.24463400148e-07, 2.54153320611e-07, 2.26442097073e-07], "dmean2": [0.00298024737276, 0.0023361321073, 0.00145395623986, 0.000851802702527, 0.000214065192267, 0.000106154635432, 6.19481725153e-05, 1.41403907037e-05, 1.37283886943e-05, 2.33597784245e-05, 2.6541405532e-05, 1.47805603774e-05, 1.35886702992e-05, 1.07663609015e-05, 1.38370114655e-05, 1.20111217257e-05, 2.10922498809e-05, 2.03813415283e-05, 7.45986972106e-06, 2.03681011044e-05, 2.17815195356e-05, 1.57866525115e-05, 1.32440245579e-05, 1.31365904963e-05, 1.93827017938e-05, 1.22184492284e-05, 1.29809259306e-05, 1.06789011625e-05, 1.34585525302e-05, 1.09831553345e-05, 5.39973643754e-06, 3.2919624573e-06, 2.5909832857e-06, 2.35435072682e-06, 1.33203593577e-06, 6.9950363013e-07, 7.00751627392e-07, 5.17698651947e-07, 3.94300002426e-07, 3.46619117408e-07], "dvar": [3.47370114469e-05, 1.51862768689e-05, 4.93088964504e-06, 1.9499143491e-06, 6.36593497916e-08, 7.35011269626e-08, 3.72589070707e-08, 3.67098129672e-10, 3.18938764288e-10, 8.50794490415e-10, 1.15276188595e-09, 4.53265036615e-10, 4.06481459603e-10, 2.63795596478e-10, 3.65513674883e-10, 2.74242906162e-10, 6.68650079749e-10, 7.92421905871e-10, 1.30789018504e-10, 5.82932868642e-10, 6.57310150753e-10, 4.0476785812e-10, 2.41143910396e-10, 4.30283864095e-10, 6.50514142553e-10, 2.66656918768e-10, 3.02950525777e-10, 1.91851132203e-10, 6.61441790228e-10, 4.29179997097e-10, 7.66976065991e-11, 4.40871991692e-11, 1.88690243985e-11, 1.20020894265e-11, 5.19859762876e-12, 8.15484724019e-13, 1.09708845741e-12, 6.15534641486e-13, 2.94555992011e-13, 2.06482834303e-13], "dvar2": [6.39074714854e-05, 3.59209443559e-05, 1.41756172525e-05, 5.53313520868e-06, 1.68075345641e-07, 1.79682416501e-07, 8.8132949827e-08, 9.66599134067e-10, 8.19323331402e-10, 2.3390045456e-09, 2.86592793941e-09, 1.10493991734e-09, 9.80403758177e-10, 5.95035465345e-10, 9.32233623629e-10, 6.78737344106e-10, 1.7354961912e-09, 1.92174276492e-09, 2.83483458929e-10, 1.57591883987e-09, 1.78999204348e-09, 1.11906961475e-09, 6.71448840972e-10, 1.15405796031e-09, 1.82439818808e-09, 7.45675743374e-10, 8.45305658803e-10, 5.45902489879e-10, 1.88795534761e-09, 1.24366206222e-09, 2.17440052075e-10, 1.25486412927e-10, 5.03430179488e-11, 3.16500332886e-11, 1.20899757219e-11, 1.97551350278e-12, 2.5756330662e-12, 1.56848232319e-12, 7.02545281065e-13, 4.63181522217e-13], "max": [0.0790138393641, 0.0419306717813, 0.0251156967133, 0.0230003781617, 0.00413814699277, 0.00694553367794, 0.00446778675541, 0.000439394993009, 0.000339254533174, 0.000406335893786, 0.00052281661192, 0.000374695460778, 0.000601516629104, 0.00041931818123, 0.00033395490027, 0.000285003043246, 0.000647743465379, 0.000764970493037, 0.000590317358728, 0.000383737526136, 0.000479428941617, 0.000720054842532, 0.000231425801758, 0.000375189818442, 0.000461200659629, 0.000295355304843, 0.000269412790658, 0.000182755495189, 0.000488178251544, 0.000264640315436, 0.000107552397822, 0.000124246187625, 7.33100823709e-05, 5.81102758588e-05, 5.41676708963e-05, 1.81280356628e-05, 2.30447330978e-05, 1.50318173837e-05, 9.36208289204e-06, 8.10927122075e-06], "mean": [0.00375497108325, 0.00250937463716, 0.00133027986158, 0.00094785640249, 0.000291398027912, 0.000101869409264, 4.98903937114e-05, 2.35620555031e-05, 1.92653551494e-05, 2.64607951976e-05, 2.84734214802e-05, 1.59257979249e-05, 1.75454188138e-05, 1.56098249136e-05, 1.86554389074e-05, 1.6468560716e-05, 2.78471688944e-05, 2.92558088404e-05, 1.05214667201e-05, 2.34280541918e-05, 2.67332143267e-05, 2.07674384001e-05, 1.63930199051e-05, 1.39614539876e-05, 2.31679114222e-05, 1.54364279297e-05, 1.57783852046e-05, 1.27627345137e-05, 1.04258879219e-05, 8.08468939795e-06, 4.61656372863e-06, 2.82049518319e-06, 2.77231765722e-06, 2.80484732684e-06, 1.84736632036e-06, 1.15608816031e-06, 1.14285137442e-06, 8.35339392324e-07, 7.39623885693e-07, 5.73734951104e-07], "median": [0.000543762696907, 0.000872850418091, 0.00049625185784, 0.000402954465244, 0.000150593492435, 2.86160502583e-05, 1.37216411531e-05, 1.47163482325e-05, 7.92073842604e-06, 4.31881971963e-06, 8.44495025376e-06, 2.67896166406e-06, 6.40803864371e-06, 6.91086415827e-06, 4.03040303354e-06, 1.37762856411e-06, 7.52434198148e-06, 5.0869775805e-06, 1.23934978546e-06, 3.62780019714e-06, 3.89843580706e-06, 2.3843595045e-06, 2.37909830503e-06, 1.46815023072e-06, 2.23632696361e-06, 1.40916813507e-06, 1.11335043584e-06, 9.06841705728e-07, 4.98505301039e-07, 3.54218855136e-07, 1.53136781478e-07, 6.05350010119e-08, 5.16762028724e-08, 3.96622539256e-08, 1.43158569443e-08, 5.90987969673e-09, 5.11906961265e-09, 2.73300138076e-09, 1.8708736782e-09, 1.25325194666e-09], "min": [1.00757110175e-15, 2.85458891192e-16, 1.46122738992e-16, 1.50802887193e-16, 2.73989403341e-16, 2.22931977816e-16, 2.53457801156e-16, 4.08966194599e-16, 2.13469547769e-16, 2.11067904962e-16, 2.5824327261e-16, 9.77808812436e-17, 4.37776769603e-17, 1.59727199855e-16, 2.49258952957e-16, 3.36609490341e-16, 3.72201417737e-16, 5.35167539234e-16, 9.870066638e-17, 8.5299166522e-16, 5.95098614263e-16, 2.16409268257e-16, 3.16760781999e-16, 1.14492344985e-16, 8.28853502624e-17, 1.96020444063e-16, 1.53161900421e-16, 1.11948294762e-16, 1.92208292874e-16, 1.38869847327e-16, 1.84256969605e-16, 1.84511833878e-16, 2.24450231435e-16, 1.6234127588e-16, 2.3708656011e-16, 1.83941965993e-16, 1.09369900001e-16, 2.19410345694e-16, 2.6925642146e-16, 1.97356492953e-16], "var": [7.04176709405e-05, 1.91779217857e-05, 4.78975516671e-06, 2.62431717601e-06, 1.61022157386e-07, 7.99231543169e-08, 3.71950683586e-08, 8.24763701779e-10, 8.57871440552e-10, 1.98318272915e-09, 2.21222684615e-09, 9.58807033768e-10, 9.66862145901e-10, 7.15832615406e-10, 1.12390841078e-09, 1.01742558822e-09, 1.98267446905e-09, 3.12398573676e-09, 5.35436528448e-10, 1.51982870733e-09, 1.79073789131e-09, 1.160975871e-09, 6.6518218711e-10, 6.74636346787e-10, 1.50069834337e-09, 6.33980146159e-10, 7.07060077154e-10, 4.24642571106e-10, 5.76603653712e-10, 3.50584977715e-10, 9.20544057648e-11, 4.07176480033e-11, 3.39888776846e-11, 3.85239826151e-11, 1.93516140612e-11, 4.10745916446e-12, 5.00247889987e-12, 2.40197271795e-12, 1.75267070822e-12, 1.11006505637e-12]}, "mfcc": {"mean": [-743.985351562, 126.169563293, -5.44423627853, 46.3323059082, 16.8532466888, 11.2289762497, 8.19105052948, 0.0285752862692, -0.226745203137, -1.97361660004, -6.94795036316, -4.24903678894, -3.65627551079], "cov": [[25736.4941406, -1271.80810547, -475.314544678, 1650.5871582, 299.263183594, 701.945373535, 610.085510254, 611.819213867, 349.788391113, 554.985351562, 126.853157043, -107.681137085, -280.655975342], [-1271.80810547, 3705.93701172, -249.783035278, 275.644439697, 257.498413086, -45.4061012268, 114.61656189, -206.245071411, -31.190366745, -162.815200806, -146.237091064, 27.5720729828, 65.5688476562], [-475.314544678, -249.783035278, 854.895324707, -222.764465332, 218.196304321, 90.9662628174, -64.5032119751, 81.9251937866, 25.0009460449, 28.528755188, -6.6642537117, -5.27922725677, 12.4943752289], [1650.5871582, 275.644439697, -222.764465332, 566.862731934, 120.767181396, 121.276657104, 140.020965576, 70.7223815918, 87.5838851929, 28.4102039337, 18.3252868652, -2.8827123642, -38.2521820068], [299.263183594, 257.498413086, 218.196304321, 120.767181396, 405.290252686, 127.483665466, 130.477340698, 105.424728394, 105.857276917, 70.9759140015, 14.3297224045, 16.7028198242, -10.2986412048], [701.945373535, -45.4061012268, 90.9662628174, 121.276657104, 127.483665466, 197.249053955, 65.0540084839, 86.4125213623, 69.6451721191, 28.7703762054, 16.9117736816, -11.0115871429, -13.3695402145], [610.085510254, 114.61656189, -64.5032119751, 140.020965576, 130.477340698, 65.0540084839, 186.426101685, 92.2102203369, 89.725440979, 62.6901130676, 44.3930015564, 46.7452316284, 16.1737766266], [611.819213867, -206.245071411, 81.9251937866, 70.7223815918, 105.424728394, 86.4125213623, 92.2102203369, 145.672363281, 81.6906585693, 53.5619697571, 36.1559944153, 21.1043243408, 10.4977798462], [349.788391113, -31.190366745, 25.0009460449, 87.5838851929, 105.857276917, 69.6451721191, 89.725440979, 81.6906585693, 129.49256897, 72.3320465088, 37.0795440674, 32.9499320984, 11.8755989075], [554.985351562, -162.815200806, 28.528755188, 28.4102039337, 70.9759140015, 28.7703762054, 62.6901130676, 53.5619697571, 72.3320465088, 108.559959412, 58.4087905884, 28.5255908966, 7.17095470428], [126.853157043, -146.237091064, -6.6642537117, 18.3252868652, 14.3297224045, 16.9117736816, 44.3930015564, 36.1559944153, 37.0795440674, 58.4087905884, 82.2559280396, 45.497718811, 22.6567344666], [-107.681137085, 27.5720729828, -5.27922725677, -2.8827123642, 16.7028198242, -11.0115871429, 46.7452316284, 21.1043243408, 32.9499320984, 28.5255908966, 45.497718811, 84.1231613159, 52.1220626831], [-280.655975342, 65.5688476562, 12.4943752289, -38.2521820068, -10.2986412048, -13.3695402145, 16.1737766266, 10.4977798462, 11.8755989075, 7.17095470428, 22.6567344666, 52.1220626831, 74.5298461914]], "icov": [[6.76482450217e-05, 2.84787142846e-06, 1.78515165317e-06, -0.000173134481884, 0.000141853030073, -0.000169028207893, -5.62378299946e-05, -0.000213362887735, 0.000330208073137, -0.00060969759943, 0.000375079893274, -0.00011436623754, 0.000166620084201], [2.84787142846e-06, 0.000483321025968, 5.45205075468e-05, -0.000209991718293, -0.000542454654351, 7.63685166021e-05, -0.000601040606853, 0.00125057401601, -0.000217266599066, 0.00069222424645, 0.00057029427262, 7.78277390054e-05, -0.000898154918104], [1.78515165317e-06, 5.45205075468e-05, 0.00223572389223, 0.000930571986828, -0.00162453588564, -0.000785796786658, 0.00216106395237, -0.00143642514013, 0.000318676873576, -0.00032192497747, 0.000430256070103, -0.000468941812869, -0.000393169961171], [-0.000173134481884, -0.000209991718293, 0.000930571986828, 0.0035047607962, -0.000690535933245, -0.000846540089697, -0.000558882777113, -7.64091018937e-05, -0.00167286919896, 0.00222651357763, -0.00152650452219, 0.000230552817811, 0.00141549028922], [0.000141853030073, -0.000542454654351, -0.00162453588564, -0.000690535933245, 0.00610611215234, -0.00160131813027, -0.00260326475836, -0.00133386161178, 0.000188592894119, -0.00371290114708, 0.00263100373559, -0.00130416965112, 0.00267808837816], [-0.000169028207893, 7.63685166021e-05, -0.000785796786658, -0.000846540089697, -0.00160131813027, 0.0097572049126, -0.00028210086748, -0.00191381771583, -0.00379823893309, 0.00449388986453, -0.00399235170335, 0.00467210728675, -0.00102756230626], [-5.62378299946e-05, -0.000601040606853, 0.00216106395237, -0.000558882777113, -0.00260326475836, -0.00028210086748, 0.0149786341935, -0.0065832673572, -0.00146497378591, -0.00200746813789, -0.000868677743711, -0.00486040348187, 0.00102404528297], [-0.000213362887735, 0.00125057401601, -0.00143642514013, -7.64091018937e-05, -0.00133386161178, -0.00191381771583, -0.0065832673572, 0.0190242081881, -0.0060067824088, 0.00385710969567, -0.00227798195556, 0.00311527797021, -0.00438084127381], [0.000330208073137, -0.000217266599066, 0.000318676873576, -0.00167286919896, 0.000188592894119, -0.00379823893309, -0.00146497378591, -0.0060067824088, 0.0214917548001, -0.0132304020226, 0.00625685183331, -0.005647118669, 0.000926992332097], [-0.00060969759943, 0.00069222424645, -0.00032192497747, 0.00222651357763, -0.00371290114708, 0.00449388986453, -0.00200746813789, 0.00385710969567, -0.0132304020226, 0.0302341077477, -0.017524914816, 0.00541598116979, -0.000783779192716], [0.000375079893274, 0.00057029427262, 0.000430256070103, -0.00152650452219, 0.00263100373559, -0.00399235170335, -0.000868677743711, -0.00227798195556, 0.00625685183331, -0.017524914816, 0.0319830141962, -0.0142284613103, 0.00112898368388], [-0.00011436623754, 7.78277390054e-05, -0.000468941812869, 0.000230552817811, -0.00130416965112, 0.00467210728675, -0.00486040348187, 0.00311527797021, -0.005647118669, 0.00541598116979, -0.0142284613103, 0.0335946939886, -0.0178185142577], [0.000166620084201, -0.000898154918104, -0.000393169961171, 0.00141549028922, 0.00267808837816, -0.00102756230626, 0.00102404528297, -0.00438084127381, 0.000926992332097, -0.000783779192716, 0.00112898368388, -0.0178185142577, 0.028253801167]]}, "spectral_contrast_coeffs": {"dmean": [0.0426028892398, 0.0343164950609, 0.0289147440344, 0.0256122499704, 0.0183630939573, 0.0291924774647], "dmean2": [0.0701916515827, 0.0566629879177, 0.0473968349397, 0.0415930524468, 0.0296320691705, 0.0452765151858], "dvar": [0.00159412948415, 0.000941124511883, 0.00060135894455, 0.000466417375719, 0.000260624918155, 0.00111965322867], "dvar2": [0.00420215912163, 0.00252774055116, 0.00158966367599, 0.0011979744304, 0.000625338056125, 0.00253918208182], "max": [-0.224633336067, -0.487198680639, -0.550448954105, -0.606995224953, -0.590658485889, -0.510964691639], "mean": [-0.633969664574, -0.754418432713, -0.801033258438, -0.797842144966, -0.812222599983, -0.734730124474], "median": [-0.627568364143, -0.754117488861, -0.799491882324, -0.797184109688, -0.810244321823, -0.727650940418], "min": [-0.967637062073, -0.967327535152, -0.968170523643, -0.956366539001, -0.956443071365, -0.960367381573], "var": [0.0107348440215, 0.00577326351777, 0.00383145152591, 0.00341331143863, 0.00242554442957, 0.0052968589589]}, "spectral_contrast_valleys": {"dmean": [0.359156847, 0.318266391754, 0.308731883764, 0.273575901985, 0.272979319096, 0.481664836407], "dmean2": [0.591499507427, 0.521221339703, 0.491437733173, 0.421437680721, 0.403051495552, 0.632716953754], "dvar": [0.158039540052, 0.137086674571, 0.131532788277, 0.119238749146, 0.166275307536, 0.534971177578], "dvar2": [0.318364202976, 0.261781185865, 0.245218530297, 0.204174488783, 0.278163969517, 0.924237191677], "max": [-5.00610876083, -5.347473