{"lowlevel": {"average_loudness": 0.966787397861, "barkbands_crest": {"dmean": 3.19123721123, "dmean2": 5.00410795212, "dvar": 7.47078037262, "dvar2": 18.1780815125, "max": 26.2241516113, "mean": 12.0174007416, "median": 10.6924085617, "min": 2.52940034866, "var": 29.1162605286}, "barkbands_flatness_db": {"dmean": 0.027360919863, "dmean2": 0.039611287415, "dvar": 0.000915738637559, "dvar2": 0.00193801452406, "max": 0.58071064949, "mean": 0.164834618568, "median": 0.146982654929, "min": 0.0241457019001, "var": 0.00690084137022}, "barkbands_kurtosis": {"dmean": 6.90981483459, "dmean2": 9.97574615479, "dvar": 191.232147217, "dvar2": 443.581085205, "max": 567.016784668, "mean": 11.1846017838, "median": 4.1518945694, "min": -1.89635550976, "var": 456.933380127}, "barkbands_skewness": {"dmean": 0.83675712347, "dmean2": 1.20557546616, "dvar": 0.781367659569, "dvar2": 1.51549184322, "max": 22.5443134308, "mean": 2.28738999367, "median": 1.88915026188, "min": -1.67500269413, "var": 3.28375840187}, "barkbands_spread": {"dmean": 8.93270301819, "dmean2": 12.9789419174, "dvar": 180.438522339, "dvar2": 365.758087158, "max": 123.750938416, "mean": 23.4251060486, "median": 16.40716362, "min": 0.302706032991, "var": 515.653137207}, "dissonance": {"dmean": 0.0255545433611, "dmean2": 0.0416601784527, "dvar": 0.0006340277032, "dvar2": 0.0016885829391, "max": 0.500000059605, "mean": 0.449844539165, "median": 0.459350764751, "min": 0.1840749681, "var": 0.0014561698772}, "dynamic_complexity": 2.69059729576, "erbbands_crest": {"dmean": 3.06111884117, "dmean2": 4.90479040146, "dvar": 8.2032251358, "dvar2": 20.7467498779, "max": 30.6447906494, "mean": 9.93497943878, "median": 8.88760566711, "min": 2.22824597359, "var": 23.2770996094}, "erbbands_flatness_db": {"dmean": 0.0232310947031, "dmean2": 0.0320608057082, "dvar": 0.000523822265677, "dvar2": 0.00104565615766, "max": 0.51605039835, "mean": 0.140052333474, "median": 0.129412382841, "min": 0.0323494486511, "var": 0.00441444478929}, "erbbands_kurtosis": {"dmean": 1.77320885658, "dmean2": 2.74113726616, "dvar": 5.82293605804, "dvar2": 13.4998998642, "max": 34.6747550964, "mean": 1.87735271454, "median": 0.812349796295, "min": -1.74190604687, "var": 13.1778650284}, "erbbands_skewness": {"dmean": 0.501812160015, "dmean2": 0.743919312954, "dvar": 0.253627538681, "dvar2": 0.528879702091, "max": 4.70110177994, "mean": 0.516572833061, "median": 0.458701491356, "min": -4.85999774933, "var": 0.992484629154}, "erbbands_spread": {"dmean": 12.1146373749, "dmean2": 17.2235107422, "dvar": 194.754348755, "dvar2": 375.558624268, "max": 138.7862854, "mean": 41.3670539856, "median": 32.593952179, "min": 1.23727154732, "var": 808.665588379}, "hfc": {"dmean": 14.6742172241, "dmean2": 23.2898788452, "dvar": 856.844848633, "dvar2": 2230.26147461, "max": 213.813980103, "mean": 23.3037261963, "median": 15.0698013306, "min": 3.89998536937e-12, "var": 862.826843262}, "melbands_crest": {"dmean": 4.00722551346, "dmean2": 6.435110569, "dvar": 10.4839763641, "dvar2": 26.8247928619, "max": 35.8431472778, "mean": 17.4452266693, "median": 16.661567688, "min": 2.34527492523, "var": 39.9061965942}, "melbands_flatness_db": {"dmean": 0.0342837683856, "dmean2": 0.0490297675133, "dvar": 0.0013901644852, "dvar2": 0.00280143809505, "max": 0.742399632931, "mean": 0.260096371174, "median": 0.245965003967, "min": 0.00995259638876, "var": 0.0103259971365}, "melbands_kurtosis": {"dmean": 14.3616037369, "dmean2": 21.0948829651, "dvar": 807.732910156, "dvar2": 1792.93469238, "max": 1276.37243652, "mean": 24.9390888214, "median": 12.5862159729, "min": -1.73168051243, "var": 1673.13000488}, "melbands_skewness": {"dmean": 1.09497380257, "dmean2": 1.59019494057, "dvar": 1.33311331272, "dvar2": 2.65851330757, "max": 24.1019382477, "mean": 3.37487196922, "median": 2.92734003067, "min": -1.1411921978, "var": 5.00898551941}, "melbands_spread": {"dmean": 6.40153026581, "dmean2": 9.72300815582, "dvar": 87.5591888428, "dvar2": 183.791244507, "max": 163.503601074, "mean": 17.5350379944, "median": 12.38621521, "min": 0.336910843849, "var": 294.235626221}, "pitch_salience": {"dmean": 0.0898184925318, "dmean2": 0.134971752763, "dvar": 0.00677454750985, "dvar2": 0.0141945118085, "max": 0.950261592865, "mean": 0.49738073349, "median": 0.518616318703, "min": 0.0459512285888, "var": 0.0238039176911}, "silence_rate_20dB": {"dmean": 0, "dmean2": 0, "dvar": 0, "dvar2": 0, "max": 1, "mean": 1, "median": 1, "min": 1, "var": 0}, "silence_rate_30dB": {"dmean": 0.0320000015199, "dmean2": 0.0640083923936, "dvar": 0.0309746209532, "dvar2": 0.0814186707139, "max": 1, "mean": 0.978232383728, "median": 1, "min": 0, "var": 0.0212930794805}, "silence_rate_60dB": {"dmean": 0.00340983597562, "dmean2": 0.00668940180913, "dvar": 0.00339803053066, "dvar2": 0.00717024272308, "max": 1, "mean": 0.0229478105903, "median": 0, "min": 0, "var": 0.0224210470915}, "spectral_centroid": {"dmean": 286.126220703, "dmean2": 420.38949585, "dvar": 132847.125, "dvar2": 239068.328125, "max": 4502.27246094, "mean": 1036.37976074, "median": 876.136779785, "min": 129.564666748, "var": 475255.875}, "spectral_complexity": {"dmean": 3.60734415054, "dmean2": 5.4014954567, "dvar": 17.3165187836, "dvar2": 30.3677558899, "max": 44, "mean": 13.6528978348, "median": 12, "min": 0, "var": 48.4948272705}, "spectral_decrease": {"dmean": 3.22360005356e-09, "dmean2": 4.82216622189e-09, "dvar": 2.10242246361e-17, "dvar2": 4.57963086748e-17, "max": 6.97489118722e-25, "mean": -9.0118481566e-09, "median": -6.56079413019e-09, "min": -4.23423394125e-08, "var": 5.59955349631e-17}, "spectral_energy": {"dmean": 0.0129050826654, "dmean2": 0.0192478690296, "dvar": 0.000312934163958, "dvar2": 0.000685231992975, "max": 0.164091438055, "mean": 0.0361265875399, "median": 0.0270584598184, "min": 3.51107438615e-16, "var": 0.000816455227323}, "spectral_energyband_high": {"dmean": 0.000969107961282, "dmean2": 0.00145624752622, "dvar": 4.63234846393e-06, "dvar2": 1.11483468572e-05, "max": 0.0337472185493, "mean": 0.00124391261488, "median": 0.000362260674592, "min": 2.23527600797e-16, "var": 5.7777388065e-06}, "spectral_energyband_low": {"dmean": 0.00987272989005, "dmean2": 0.0135702006519, "dvar": 0.000183849493624, "dvar2": 0.000322602980305, "max": 0.129052981734, "mean": 0.0199286416173, "median": 0.0116282906383, "min": 5.07802455734e-18, "var": 0.000533754238859}, "spectral_energyband_middle_high": {"dmean": 0.00174462760333, "dmean2": 0.00270570162684, "dvar": 6.67087533657e-06, "dvar2": 1.7195365217e-05, "max": 0.02835412696, "mean": 0.00367816421203, "median": 0.00168665149249, "min": 6.04952122069e-17, "var": 1.94589702005e-05}, "spectral_energyband_middle_low": {"dmean": 0.00885542947799, "dmean2": 0.0147587135434, "dvar": 0.000388660206227, "dvar2": 0.00101931614336, "max": 0.154091015458, "mean": 0.0125230653211, "median": 0.00709103886038, "min": 1.18283055651e-17, "var": 0.000319137296174}, "spectral_entropy": {"dmean": 0.265646547079, "dmean2": 0.356235027313, "dvar": 0.0875437036157, "dvar2": 0.170974761248, "max": 8.77474689484, "mean": 7.42581272125, "median": 7.48493432999, "min": 4.10311126709, "var": 0.522161781788}, "spectral_flux": {"dmean": 0.0347320847213, "dmean2": 0.0493286587298, "dvar": 0.00185304088518, "dvar2": 0.00275355461054, "max": 0.415052592754, "mean": 0.104081831872, "median": 0.0820318609476, "min": 1.27977918964e-05, "var": 0.00519923120737}, "spectral_kurtosis": {"dmean": 3.81181097031, "dmean2": 5.63292980194, "dvar": 117.697486877, "dvar2": 293.304931641, "max": 260.758483887, "mean": 9.44039916992, "median": 4.79458141327, "min": -0.00367116928101, "var": 429.318634033}, "spectral_rms": {"dmean": 0.00102084432729, "dmean2": 0.00150242005475, "dvar": 1.40093482059e-06, "dvar2": 2.94980213766e-06, "max": 0.0126526365057, "mean": 0.00549643766135, "median": 0.00513794645667, "min": 5.85272441622e-10, "var": 5.03468572788e-06}, "spectral_rolloff": {"dmean": 1047.35205078, "dmean2": 1786.10095215, "dvar": 6118791.5, "dvar2": 15579387, "max": 19702.8808594, "mean": 1603.81604004, "median": 581.396484375, "min": 64.599609375, "var": 7714401}, "spectral_skewness": {"dmean": 0.402408063412, "dmean2": 0.539903044701, "dvar": 0.315763622522, "dvar2": 0.698842465878, "max": 12.8198919296, "mean": 2.10135316849, "median": 1.89772927761, "min": -0.081350453198, "var": 1.89279472828}, "spectral_spread": {"dmean": 929732.125, "dmean2": 1206723.875, "dvar": 927357599744, "dvar2": 1549990887420.0, "max": 12944213, "mean": 5862430.5, "median": 5591100, "min": 381489.0625, "var": 5707610980350.0}, "spectral_strongpeak": {"dmean": 0.407550930977, "dmean2": 0.696854054928, "dvar": 0.591969311237, "dvar2": 1.54220831394, "max": 7.19883680344, "mean": 0.659129738808, "median": 0.373724073172, "min": 2.98491400486e-08, "var": 0.820925176144}, "zerocrossingrate": {"dmean": 0.0189955178648, "dmean2": 0.0206207875162, "dvar": 0.000594187062234, "dvar2": 0.000657900760416, "max": 0.505859375, "mean": 0.0684641227126, "median": 0.0458984375, "min": 0.001953125, "var": 0.00367239164189}, "barkbands": {"dmean": [0.000311171403155, 0.00855055078864, 0.0042077046819, 0.00298176705837, 0.00541843287647, 0.000975786184426, 0.000843733432703, 0.000481687049614, 0.000642294529825, 0.000350120331859, 0.000221988608246, 0.000871707161423, 0.000183977783308, 0.000520050874911, 0.000125545688206, 6.36259137536e-05, 0.000202304057893, 6.0948128521e-05, 6.96677598171e-05, 7.27856895537e-05, 0.000141655778862, 0.000114592818136, 9.52109985519e-05, 7.25415593479e-05, 0.000111274894152, 9.84830330708e-05, 0.000360618985724], "dmean2": [0.000396200193791, 0.0115973073989, 0.00696746772155, 0.00532138627023, 0.00977364461869, 0.00159281131346, 0.00135277642403, 0.000817359192297, 0.0010303389281, 0.00055819679983, 0.00035745758214, 0.00140613061376, 0.000303260370856, 0.000847607443575, 0.000199282498215, 0.000106300445623, 0.000366128515452, 9.19445155887e-05, 0.000101580335468, 0.000112980225822, 0.000201318165637, 0.000157547474373, 0.000132620130898, 8.63999302965e-05, 0.000158437949722, 0.000156108275405, 0.00064264179673], "dvar": [1.54474065539e-07, 0.000163558885106, 9.84062207863e-05, 8.50572396303e-05, 0.000179838752956, 2.88870091936e-06, 2.45772525886e-06, 1.56121552664e-06, 2.2195024485e-06, 4.07584707318e-07, 2.88869017595e-07, 2.82935388896e-06, 1.88415512525e-07, 1.0290401633e-06, 1.28951000988e-07, 1.71464904497e-08, 1.08822962375e-06, 8.97787177934e-09, 9.60264223693e-09, 1.74882348603e-08, 9.3503615517e-08, 5.04670296664e-08, 3.36616743368e-08, 1.52379069362e-08, 5.2547370899e-08, 6.6094727913e-08, 1.20872971365e-06], "dvar2": [2.13004653915e-07, 0.000292265962344, 0.000251146469964, 0.000240589171881, 0.000507823366206, 7.4661020335e-06, 5.71383270653e-06, 4.30857653555e-06, 5.07100685354e-06, 9.88665306068e-07, 6.83378686972e-07, 7.23087487131e-06, 4.89321280384e-07, 2.58697400568e-06, 3.25660892031e-07, 4.53759056995e-08, 3.18780803354e-06, 2.04656114278e-08, 2.01424548152e-08, 3.81028790741e-08, 1.63723058222e-07, 1.01025435129e-07, 6.78034766111e-08, 1.86716544448e-08, 1.11766823352e-07, 1.72156603639e-07, 3.40893689099e-06], "max": [0.00565272616223, 0.111808471382, 0.0759744495153, 0.0794227868319, 0.102584041655, 0.0240212790668, 0.0439926683903, 0.0236566588283, 0.0448720157146, 0.0124075366184, 0.0153434723616, 0.0221934150904, 0.00852395780385, 0.0148084685206, 0.015448782593, 0.00241062813438, 0.0142298564315, 0.00225199549459, 0.00129996100441, 0.00543104717508, 0.0188626106828, 0.00707989698276, 0.00348778977059, 0.00109785387758, 0.00175302883144, 0.0016905652592, 0.00692223757505], "mean": [0.000891536474228, 0.0136849535629, 0.0042481077835, 0.00237887888215, 0.00506715290248, 0.001713196747, 0.0012840066338, 0.000635650940239, 0.00108091800939, 0.000488335615955, 0.000285123067442, 0.00136530515738, 0.000213945939322, 0.000835453509353, 0.000185511002201, 8.0526144302e-05, 0.000169094928424, 0.000108412561531, 0.000107914223918, 0.000115554183139, 0.000196850611246, 0.000168360973476, 0.000146359743667, 0.000136059577926, 0.000178456728463, 0.000100227720395, 0.000260661996435], "median": [0.000523371738382, 0.00625679176301, 0.00137229147367, 0.00040877686115, 0.00209209229797, 0.000804969400633, 0.000588805880398, 0.000252692669164, 0.000349711423041, 0.000147961662151, 6.73051981721e-05, 0.000193035244592, 5.02059338032e-05, 0.00014724835637, 7.24781421013e-05, 2.68015628535e-05, 3.64065854228e-05, 6.43228413537e-05, 4.52159947599e-05, 4.92040853715e-05, 3.00864267047e-05, 3.38273675879e-05, 3.572489004e-05, 2.31958456425e-05, 3.31227784045e-05, 2.12452796404e-05, 3.96815303247e-05], "min": [1.98745589764e-18, 2.54485258738e-18, 1.14828106281e-18, 6.61686484002e-19, 3.72682967962e-19, 1.10348933603e-18, 3.08584049532e-18, 3.34152471099e-18, 2.71594517772e-18, 1.96868324043e-18, 1.92047287959e-18, 2.98691858625e-18, 2.68800591176e-18, 3.61971713152e-18, 7.33522012362e-18, 3.86560690836e-18, 6.89574857675e-18, 9.07736340969e-18, 8.9436827509e-18, 1.4851847573e-17, 2.15356869525e-17, 1.39760022707e-17, 1.81474178515e-17, 3.47382869309e-17, 1.96072692099e-17, 3.53244105694e-17, 8.54629641651e-17], "var": [8.9324464625e-07, 0.000375455187168, 8.09089178802e-05, 5.13920567755e-05, 0.000115065726277, 6.14129885435e-06, 5.64177025808e-06, 1.49438005792e-06, 6.30450813333e-06, 6.39604138541e-07, 5.54792052299e-07, 6.32111323284e-06, 2.31607344858e-07, 2.27679129239e-06, 1.54167167921e-07, 2.00419609797e-08, 6.15995872977e-07, 2.01573424619e-08, 1.85253306029e-08, 3.21140056769e-08, 1.91660006976e-07, 9.84547909866e-08, 6.46975450991e-08, 5.15050011529e-08, 1.06953621071e-07, 5.70198324112e-08, 7.53494475703e-07]}, "erbbands": {"dmean": [0.257171332836, 2.05308914185, 4.52599239349, 7.84771728516, 14.4010429382, 19.7090015411, 10.7482671738, 7.68061304092, 12.1030721664, 11.1130447388, 10.1196813583, 15.1062250137, 15.2938346863, 5.4490442276, 13.4795770645, 39.5333442688, 8.91483020782, 27.7404060364, 9.92854785919, 4.483481884, 5.81859922409, 9.82617664337, 3.30309534073, 3.86829447746, 3.1264257431, 3.44308447838, 5.94548845291, 4.8952703476, 3.71552181244, 4.23623371124, 2.42261075974, 1.68947374821, 1.30278241634, 1.51889467239, 0.683306276798, 0.362883269787, 0.174359589815, 0.0970055609941, 0.0287358444184, 0.00759982177988], "dmean2": [0.3439912498, 2.72581171989, 6.91684293747, 13.9251022339, 25.1587867737, 36.3011016846, 18.3094558716, 12.6983442307, 19.7078800201, 18.5079689026, 17.0816364288, 24.0883464813, 24.6945762634, 8.55992698669, 21.8573036194, 63.3421669006, 14.2606859207, 45.2959251404, 15.640247345, 7.06644105911, 10.2579460144, 17.6947059631, 4.94504356384, 5.82218313217, 4.65346002579, 5.38801765442, 8.88088321686, 6.95219516754, 5.18758916855, 6.03747987747, 3.23189234734, 2.03733205795, 1.71765005589, 2.25555562973, 0.96156078577, 0.562806844711, 0.273744314909, 0.165817290545, 0.0501335710287, 0.0137705691159], "dvar": [0.114618815482, 11.2806301117, 87.3791427612, 505.260131836, 1726.49316406, 2151.13549805, 424.827209473, 176.933288574, 351.828582764, 651.241149902, 847.338745117, 1577.92224121, 672.020202637, 145.149902344, 742.517944336, 6338.21191406, 302.099365234, 2718.72973633, 617.333312988, 74.2756729126, 475.397094727, 2399.63964844, 26.402923584, 29.4905433655, 22.0516204834, 32.2249526978, 159.593048096, 140.172302246, 60.0721969604, 73.1388778687, 20.285484314, 8.15365886688, 5.42408037186, 9.19047927856, 2.25412583351, 0.824454188347, 0.190592318773, 0.0700571835041, 0.00670836679637, 0.000572158955038], "dvar2": [0.22075779736, 20.1620502472, 202.994247437, 1394.91027832, 4778.35986328, 6152.52978516, 1173.89074707, 466.312469482, 924.917602539, 1648.96447754, 2269.63647461, 3333.30078125, 1690.31335449, 322.208984375, 1823.93676758, 16145.28125, 775.382202148, 7176.11425781, 1437.58935547, 187.357513428, 1375.81628418, 7023.67919922, 59.9115524292, 65.4284515381, 48.9955368042, 68.5628433228, 332.918243408, 275.116943359, 121.238449097, 151.812973022, 40.185634613, 11.7644548416, 8.10962104797, 19.461025238, 5.18762159348, 2.07718992233, 0.486820697784, 0.193054273725, 0.0187534056604, 0.00161518051755], "max": [3.04152607918, 29.4956531525, 86.462059021, 200.972320557, 319.171539307, 346.953430176, 291.88583374, 226.347167969, 364.877807617, 535.692077637, 891.118347168, 1255.46679688, 516.588317871, 272.626800537, 688.569091797, 1085.99572754, 467.732452393, 618.427612305, 790.78503418, 285.949707031, 286.683532715, 662.704467773, 89.5390167236, 101.08808136, 76.0697860718, 232.70135498, 519.777770996, 844.85144043, 260.546539307, 162.540328979, 108.490638733, 36.2727394104, 19.8506565094, 23.0159702301, 10.9587602615, 6.69683551788, 2.77320480347, 1.76456487179, 0.503767967224, 0.150841251016], "mean": [0.452677071095, 2.79698300362, 5.38598299026, 6.42159223557, 12.1970615387, 18.5142021179, 15.1981716156, 13.1219320297, 20.0151767731, 16.1226024628, 14.0490579605, 25.9465999603, 23.4114742279, 7.97781085968, 19.5794258118, 62.119846344, 13.8603916168, 45.2256088257, 16.0889034271, 7.23188781738, 6.12036132812, 8.68829631805, 5.63747501373, 6.16307830811, 5.05114889145, 5.43262863159, 7.53896713257, 7.37033319473, 5.70654582977, 5.8908405304, 3.80549311638, 2.87765812874, 2.32108092308, 2.33806347847, 1.03652119637, 0.432375818491, 0.176654353738, 0.0866859257221, 0.0235054176301, 0.00515267672017], "median": [0.214591190219, 0.963904201984, 2.1499710083, 1.39326500893, 3.30332756042, 8.18269443512, 7.1541852951, 6.25419044495, 11.069601059, 7.43059015274, 5.14134693146, 7.75469398499, 9.09589385986, 3.28693699837, 5.14351940155, 9.21069145203, 5.39088630676, 9.51807117462, 5.54497623444, 3.78626990318, 2.07446193695, 2.04752445221, 2.96952867508, 3.68780088425, 1.8557434082, 2.27706766129, 1.63139128685, 1.21610891819, 1.083974123, 1.31620121002, 0.958253800869, 0.470188111067, 0.423928201199, 0.393891721964, 0.202892243862, 0.0970618277788, 0.0464383810759, 0.0215597711504, 0.00498792389408, 0.000617923680693], "min": [1.00020059162e-16, 4.8579028297e-16, 1.2669731419e-15, 1.97983977608e-15, 1.83813561092e-15, 9.69652824831e-16, 2.29282437932e-15, 1.20181269721e-14, 3.44138271753e-14, 6.17250865763e-14, 7.33853285756e-14, 6.26059940651e-14, 5.73839139726e-14, 7.18791616939e-14, 8.52249314957e-14, 1.30110738806e-13, 1.31519415584e-13, 1.26117215629e-13, 3.84619311226e-13, 2.84490123516e-13, 1.91129000105e-13, 4.17264963901e-13, 4.38760464593e-13, 5.71879674692e-13, 6.21014199266e-13, 6.18188117883e-13, 5.61561322616e-13, 8.72405717545e-13, 4.61844158837e-13, 5.47735468093e-13, 6.45634533249e-13, 8.39661727734e-13, 4.06615306746e-13, 2.05846285655e-13, 1.87992647165e-13, 1.67085136417e-13, 5.43379530011e-14, 2.93541775089e-14, 1.2187031271e-14, 1.41211350796e-15], "var": [0.325799137354, 21.8957500458, 94.3827362061, 324.839996338, 1119.70568848, 1364.95019531, 529.905883789, 361.197814941, 730.847900391, 947.705505371, 1093.98217773, 4726.74609375, 1129.56652832, 255.459609985, 1350.83007812, 13945.5673828, 513.044555664, 6180.22753906, 1033.39892578, 108.730583191, 296.409210205, 1386.8470459, 54.1520614624, 59.2068710327, 41.4643440247, 65.3183746338, 249.104812622, 292.876464844, 119.48349762, 117.305679321, 42.7958221436, 23.8940544128, 15.7824602127, 19.051618576, 3.73127675056, 0.86287343502, 0.166632413864, 0.050274066627, 0.00449097948149, 0.000346097483998]}, "gfcc": {"mean": [-4.28981971741, 83.4924316406, -69.344367981, 15.3063926697, -47.341053009, 9.01716995239, -26.5320224762, -0.882368028164, -17.3328914642, 5.30993175507, -6.95251703262, -0.481376320124, -8.47321891785], "cov": [[9690.62597656, -3356.11450195, -519.906433105, 725.618225098, 214.341140747, 628.367370605, 103.731819153, 80.3215560913, -263.093200684, 205.725524902, -32.772151947, 48.5824012756, -203.303710938], [-3356.11450195, 3307.8347168, -461.667510986, -452.53515625, 328.056060791, -8.10724830627, 61.0948944092, 21.7801036835, 209.166046143, -94.5176773071, 90.5791168213, -106.173561096, 62.2383384705], [-519.906433105, -461.667510986, 1223.89440918, 258.539733887, -68.6469497681, -132.540054321, 68.571937561, 111.718315125, 64.9595565796, 34.9821472168, -83.5560302734, -17.4376468658, -2.56348609924], [725.618225098, -452.53515625, 258.539733887, 765.731018066, -15.1023921967, 122.7684021, -6.28724765778, 151.278091431, 35.3148040771, 57.5062179565, -9.23487091064, -13.3306512833, 24.7532539368], [214.341140747, 328.056060791, -68.6469497681, -15.1023921967, 366.119018555, 134.196578979, 111.415565491, 35.4773979187, 87.8831329346, 44.0818061829, 45.3793983459, 22.5310096741, -3.84105038643], [628.367370605, -8.10724830627, -132.540054321, 122.7684021, 134.196578979, 358.060058594, 95.5664825439, 60.9447860718, -15.683131218, 81.5518722534, 72.3909072876, 13.4027824402, -11.1439590454], [103.731819153, 61.0948944092, 68.571937561, -6.28724765778, 111.415565491, 95.5664825439, 156.440658569, 36.2461509705, 49.1223487854, 37.3411521912, 36.0312614441, 21.9962539673, -1.41820299625], [80.3215560913, 21.7801036835, 111.718315125, 151.278091431, 35.4773979187, 60.9447860718, 36.2461509705, 178.83493042, 78.5046234131, 41.2140769958, 12.8870325089, 11.047577858, 35.8620910645], [-263.093200684, 209.166046143, 64.9595565796, 35.3148040771, 87.8831329346, -15.683131218, 49.1223487854, 78.5046234131, 147.784317017, 40.1599731445, 14.8152894974, 23.1864700317, 41.1642227173], [205.725524902, -94.5176773071, 34.9821472168, 57.5062179565, 44.0818061829, 81.5518722534, 37.3411521912, 41.2140769958, 40.1599731445, 95.0782165527, 50.5154953003, 25.1390800476, 16.3979625702], [-32.772151947, 90.5791168213, -83.5560302734, -9.23487091064, 45.3793983459, 72.3909072876, 36.0312614441, 12.8870325089, 14.8152894974, 50.5154953003, 98.9230499268, 43.8933525085, 28.9351387024], [48.5824012756, -106.173561096, -17.4376468658, -13.3306512833, 22.5310096741, 13.4027824402, 21.9962539673, 11.047577858, 23.1864700317, 25.1390800476, 43.8933525085, 101.527511597, 50.7771186829], [-203.303710938, 62.2383384705, -2.56348609924, 24.7532539368, -3.84105038643, -11.1439590454, -1.41820299625, 35.8620910645, 41.1642227173, 16.3979625702, 28.9351387024, 50.7771186829, 92.5679321289]], "icov": [[0.000262774468865, 0.000288593932055, 0.000261489476543, -0.000107859210402, -0.000345414620824, -9.3114678748e-05, -0.000165954901604, -0.000241494868533, 0.000309541268507, -0.00027811867767, 0.000337390345521, 8.93809265108e-05, 0.000241767877014], [0.000288593932055, 0.000926123466343, 0.000328371592332, 0.00022967615223, -0.000719583476894, -0.000358674064046, 5.36067745998e-05, -0.000235778526985, -0.000883659755345, 0.00129261310212, -0.000985793536529, 0.00168244924862, -0.000472820305731], [0.000261489476543, 0.000328371592332, 0.00152263103519, -0.000476620916743, -0.000199012458324, 0.000961685786024, -0.00149084068835, -0.000858981220517, 0.000774309097324, -0.00154851598199, 0.00160629733, 0.000108506923425, 0.00030895503005], [-0.000107859210402, 0.00022967615223, -0.000476620916743, 0.00211158557795, 0.000107150961412, -0.00105218810495, 0.00113176205195, -0.000971533765551, -0.000916094984859, 0.000678196724039, -0.000477394612972, 0.00115913909394, -0.000897026679013], [-0.000345414620824, -0.000719583476894, -0.000199012458324, 0.000107150961412, 0.00520802522078, -0.0014144181041, -0.00134336715564, 0.0011073112255, -0.00321830203757, 0.000462653522845, -0.000165107645444, -0.00145820761099, 0.00148797570728], [-9.3114678748e-05, -0.000358674064046, 0.000961685786024, -0.00105218810495, -0.0014144181041, 0.00693896319717, -0.0033482357394, -0.00230492884293, 0.00532507384196, -0.00504966499284, -0.000255937251495, -9.56103103817e-05, 0.000621931510977], [-0.000165954901604, 5.36067745998e-05, -0.00149084068835, 0.00113176205195, -0.00134336715564, -0.0033482357394, 0.0117914415896, 0.000304507091641, -0.00436094356701, 0.00252598454244, -0.00328532373533, -0.000989556661807, 0.00192096387036], [-0.000241494868533, -0.000235778526985, -0.000858981220517, -0.000971533765551, 0.0011073112255, -0.00230492884293, 0.000304507091641, 0.0103388167918, -0.00561847584322, 0.000695958151482, -0.000140463816933, 0.000837516097818, -0.00240842206404], [0.000309541268507, -0.000883659755345, 0.000774309097324, -0.000916094984859, -0.00321830203757, 0.00532507384196, -0.00436094356701, -0.00561847584322, 0.0186533834785, -0.00990995112807, 0.00547608872876, -0.00223038438708, -0.00287002162077], [-0.00027811867767, 0.00129261310212, -0.00154851598199, 0.000678196724039, 0.000462653522845, -0.00504966499284, 0.00252598454244, 0.000695958151482, -0.00990995112807, 0.0257071685046, -0.0128838056698, 0.00280906073749, -0.000184440083103], [0.000337390345521, -0.000985793536529, 0.00160629733, -0.000477394612972, -0.000165107645444, -0.000255937251495, -0.00328532373533, -0.000140463816933, 0.00547608872876, -0.0128838056698, 0.0235394295305, -0.00748819718137, -0.0018609573599], [8.93809265108e-05, 0.00168244924862, 0.000108506923425, 0.00115913909394, -0.00145820761099, -9.56103103817e-05, -0.000989556661807, 0.000837516097818, -0.00223038438708, 0.00280906073749, -0.00748819718137, 0.0201980248094, -0.00989799480885], [0.000241767877014, -0.000472820305731, 0.00030895503005, -0.000897026679013, 0.00148797570728, 0.000621931510977, 0.00192096387036, -0.00240842206404, -0.00287002162077, -0.000184440083103, -0.0018609573599, -0.00989799480885, 0.0203193817288]]}, "melbands": {"dmean": [0.00225466489792, 0.00219606258906, 0.00146065128502, 0.00130027125124, 0.000469003047328, 0.000178499452886, 0.000182527684956, 0.000119140611787, 8.56522019603e-05, 9.86179147731e-05, 7.44516728446e-05, 2.09743811865e-05, 3.33223142661e-05, 0.000109383028757, 4.35068468505e-05, 2.07400316867e-05, 6.0457012296e-05, 1.77632100531e-05, 8.10694291431e-06, 4.72343754154e-06, 8.56849965203e-06, 1.39330213642e-05, 3.04423156194e-06, 2.81353845821e-06, 3.3585190522e-06, 2.88286673822e-06, 2.10982602766e-06, 2.20461492972e-06, 4.15422482547e-06, 3.62410651178e-06, 2.66459824161e-06, 1.98787483896e-06, 2.56804992205e-06, 2.24383711611e-06, 1.37301276482e-06, 1.31642320866e-06, 9.55516838985e-07, 7.6645488889e-07, 1.30227454065e-06, 1.37114955123e-06], "dmean2": [0.00303974817507, 0.00307156867348, 0.0025083036162, 0.00234086764976, 0.000830201141071, 0.000294261088129, 0.000292697863188, 0.000199977788725, 0.000143426324939, 0.000156204463565, 0.000120749427879, 3.33159368893e-05, 5.36066509085e-05, 0.000176597735845, 6.89480439178e-05, 3.44597428921e-05, 9.8749253084e-05, 2.7728441637e-05, 1.28209021568e-05, 7.52997448217e-06, 1.54024328367e-05, 2.55483737419e-05, 4.52530048278e-06, 4.24200879934e-06, 5.15377359989e-06, 4.47135926152e-06, 3.16873843076e-06, 3.46600086232e-06, 6.78442438584e-06, 4.91810033054e-06, 3.91623552787e-06, 2.83094459519e-06, 3.60569811164e-06, 3.24903953697e-06, 1.84525777058e-06, 1.78482616775e-06, 1.14293413844e-06, 8.79603078374e-07, 2.02685873774e-06, 2.04087677957e-06], "dvar": [9.94687798084e-06, 1.46995953401e-05, 1.65213314176e-05, 1.10458840936e-05, 8.33396313737e-07, 8.71149410386e-08, 9.01454839664e-08, 7.65120375945e-08, 6.37342409959e-08, 6.14865101056e-08, 1.64017261994e-08, 2.48762233035e-09, 6.89847468038e-09, 4.53752768692e-08, 7.20419812694e-09, 2.31680941098e-09, 1.39699700696e-08, 2.4347026617e-09, 4.2685791013e-10, 8.11864603323e-11, 1.38634348446e-09, 5.50228484997e-09, 2.09978839871e-11, 2.26869911746e-11, 2.31691350133e-11, 2.0385138022e-11, 8.48922928481e-12, 1.73881638255e-11, 9.18590759014e-11, 6.8146766008e-11, 4.9695397103e-11, 2.18651242945e-11, 2.40731878876e-11, 2.1645994025e-11, 6.37588939978e-12, 6.62695115797e-12, 2.60352481761e-12, 1.58994757464e-12, 6.79242556298e-12, 7.03927844833e-12], "dvar2": [1.67652215168e-05, 2.73787500191e-05, 4.39459836343e-05, 3.09580937028e-05, 2.36882692661e-06, 2.29768943427e-07, 2.24571806484e-07, 2.00915863502e-07, 1.65402056496e-07, 1.28984211756e-07, 4.12813392359e-08, 5.46447642691e-09, 1.60277711103e-08, 1.15567807768e-07, 1.8249155076e-08, 6.18941919939e-09, 3.6534032688e-08, 5.36407718243e-09, 1.09745279531e-09, 2.02430405771e-10, 4.03530897586e-09, 1.61275597321e-08, 4.64430126301e-11, 5.26102494902e-11, 5.28418662993e-11, 4.75590643256e-11, 1.75608676906e-11, 3.65264346547e-11, 2.21839796533e-10, 1.27622801216e-10, 1.09974321316e-10, 5.00148811255e-11, 4.46605044613e-11, 4.77239150976e-11, 1.26653947746e-11, 1.37725837679e-11, 3.37687278314e-12, 2.15349504722e-12, 1.40730586906e-11, 1.54305509342e-11], "max": [0.0279943086207, 0.0363947823644, 0.033965755254, 0.0256560742855, 0.00891710910946, 0.0052716974169, 0.00709499744698, 0.00476272311062, 0.00867675617337, 0.00696097733453, 0.00254833628424, 0.00119358953089, 0.00246431678534, 0.00276411068626, 0.0016045786906, 0.000722510798369, 0.00140927149914, 0.00139969959855, 0.000923920073546, 0.00021976493008, 0.000499385991134, 0.00100474187639, 7.82262868597e-05, 0.000138231465826, 9.22293984331e-05, 5.30709294253e-05, 6.67632484692e-05, 0.000219312816625, 0.000351939059328, 0.000544054142665, 0.000485644792207, 0.000173326101503, 7.8658304119e-05, 0.000101129342511, 7.46378937038e-05, 3.91495559597e-05, 1.43299112096e-05, 1.10780374598e-05, 2.02874762181e-05, 1.9339748178e-05], "mean": [0.00391144258901, 0.0031828249339, 0.00128966430202, 0.00114914122969, 0.000603727705311, 0.000307877955493, 0.000302360596834, 0.000166281417478, 0.000118728967209, 0.000168787752045, 0.000110675318865, 2.72272172879e-05, 4.28283783549e-05, 0.000171880281414, 6.71110246913e-05, 2.56698185694e-05, 9.66760053416e-05, 2.5929619369e-05, 1.22143428598e-05, 6.80899438521e-06, 7.91551519796e-06, 1.11997014756e-05, 4.67872814625e-06, 4.89417652716e-06, 5.00473925058e-06, 4.04985848945e-06, 3.49887227458e-06, 3.4132149267e-06, 4.62524394607e-06, 4.70142322229e-06, 4.06021990784e-06, 2.99621933664e-06, 3.61088768841e-06, 3.09526240017e-06, 2.21158870772e-06, 1.88230126241e-06, 1.73748662746e-06, 1.40921383718e-06, 2.01293755708e-06, 2.02419778361e-06], "median": [0.00191528548021, 0.00140792364255, 0.000285280955723, 0.000430384185165, 0.000300153827993, 0.000149876344949, 0.000157562521053, 7.25764111849e-05, 3.76244061044e-05, 5.1846363931e-05, 4.00093122153e-05, 8.83319535205e-06, 8.95166067494e-06, 2.47130410571e-05, 1.4034427295e-05, 7.75621629145e-06, 1.65245364769e-05, 7.15514670446e-06, 5.2396353567e-06, 2.83413032776e-06, 2.23039546654e-06, 2.02998103305e-06, 2.27905775319e-06, 2.79965524896e-06, 2.8700646908e-06, 1.35751815833e-06, 1.27680937112e-06, 1.48940580402e-06, 1.09315124064e-06, 7.07998253802e-07, 6.77888692735e-07, 5.5818486544e-07, 6.74145780977e-07, 7.43913346923e-07, 6.08304617344e-07, 3.30920158831e-07, 2.59598039065e-07, 2.54194162608e-07, 3.46509153815e-07, 3.30371790369e-07], "min": [8.96930136165e-19, 6.69101796302e-19, 3.46596948466e-19, 9.86201626296e-20, 6.72510051844e-20, 2.68932133573e-19, 5.59003643181e-19, 6.98756634852e-19, 5.88274411433e-19, 3.77611930437e-19, 2.82275694226e-19, 2.86284366571e-19, 2.71834141655e-19, 3.09733205028e-19, 3.70751527081e-19, 2.20102498791e-19, 2.29110185469e-19, 6.12070898391e-19, 5.15436453908e-19, 3.03782648647e-19, 1.76837243366e-19, 3.41697402601e-19, 5.72540919194e-19, 3.62676202201e-19, 4.92560153682e-19, 2.38583135392e-19, 7.20045213591e-19, 3.06783091222e-19, 2.2940665217e-19, 7.42433115364e-19, 3.40136357689e-19, 1.95190752647e-19, 3.64903153355e-19, 2.73014011402e-19, 4.57096801172e-19, 3.23560924834e-19, 5.37090129489e-19, 1.88676524377e-19, 3.54812144418e-19, 1.07150301138e-19], "var": [2.67380073637e-05, 2.50404373219e-05, 1.16458795674e-05, 7.11846178092e-06, 7.69373741605e-07, 1.8859664408e-07, 2.05857190849e-07, 9.52554799483e-08, 1.01034856925e-07, 1.82962907047e-07, 2.69437592237e-08, 4.01448030374e-09, 1.27557431284e-08, 1.01234718386e-07, 1.46928593736e-08, 2.61889754327e-09, 3.10319023811e-08, 4.1713801302e-09, 5.25297361165e-10, 1.23745791392e-10, 8.09413314151e-10, 3.11430192745e-09, 4.12575355824e-11, 4.37914253471e-11, 4.27928144309e-11, 3.07033669322e-11, 1.97555392184e-11, 3.29585837788e-11, 1.0711190962e-10, 1.22218068999e-10, 9.51868930898e-11, 3.87412081582e-11, 4.26299932854e-11, 3.27842579473e-11, 1.41311042728e-11, 1.20931329187e-11, 8.48814334792e-12, 5.35974606711e-12, 1.38694906254e-11, 1.45421227143e-11]}, "mfcc": {"mean": [-666.279296875, 128.028198242, 31.3112220764, 19.3023300171, 5.11126708984, 9.72890377045, 3.06513571739, -1.45630562305, -3.10629296303, 2.2406232357, 5.59442138672, 0.628949940205, 0.0846735462546], "cov": [[7241.57714844, -1985.87194824, -860.82598877, 71.2247695923, 58.1740989685, 466.581115723, 301.898620605, 75.832862854, -69.543296814, -5.46676206589, 134.902908325, 53.8307609558, -96.4629135132], [-1985.87194824, 2528.28979492, -340.59475708, -329.405761719, 149.178283691, 10.7882347107, -13.6472625732, 100.365119934, 38.6912117004, 133.709579468, 37.4084243774, 23.8334903717, 30.5326099396], [-860.82598877, -340.59475708, 972.044433594, 340.067443848, -2.46592926979, -105.952796936, -0.865303218365, -15.6415510178, 126.514282227, 9.72734642029, -1.43725585938, 6.64199733734, 47.139629364], [71.2247695923, -329.405761719, 340.067443848, 425.274963379, 109.179534912, 15.171497345, -11.3007879257, 41.2084884644, 97.4468231201, 37.9316062927, 19.3289031982, 26.4707431793, 27.4107456207], [58.1740989685, 149.178283691, -2.46592926979, 109.179534912, 217.562240601, 94.4876785278, 53.3663520813, 63.0054550171, 74.6720199585, 65.3197631836, 57.1117210388, 37.9692230225, 28.8618793488], [466.581115723, 10.7882347107, -105.952796936, 15.171497345, 94.4876785278, 245.733474731, 125.023132324, 55.5656776428, 6.58476924896, 53.1284332275, 74.2047729492, 33.349319458, 7.49446201324], [301.898620605, -13.6472625732, -0.865303218365, -11.3007879257, 53.3663520813, 125.023132324, 166.370773315, 53.9664993286, 4.62066698074, 38.2021408081, 61.2549514771, 29.2820720673, 11.6620750427], [75.832862854, 100.365119934, -15.6415510178, 41.2084884644, 63.0054550171, 55.5656776428, 53.9664993286, 110.836494446, 61.3330612183, 40.9651794434, 34.847026825, 26.2902679443, 26.7481918335], [-69.543296814, 38.6912117004, 126.514282227, 97.4468231201, 74.6720199585, 6.58476924896, 4.62066698074, 61.3330612183, 132.443740845, 60.3645820618, 26.1035518646, 24.2093315125, 34.7019805908], [-5.46676206589, 133.709579468, 9.72734642029, 37.9316062927, 65.3197631836, 53.1284332275, 38.2021408081, 40.9651794434, 60.3645820618, 112.373092651, 66.4653625488, 12.6682739258, 11.960401535], [134.902908325, 37.4084243774, -1.43725585938, 19.3289031982, 57.1117210388, 74.2047729492, 61.2549514771, 34.847026825, 26.1035518646, 66.4653625488, 89.4334640503, 34.3068618774, 11.3491020203], [53.8307609558, 23.8334903717, 6.64199733734, 26.4707431793, 37.9692230225, 33.349319458, 29.2820720673, 26.2902679443, 24.2093315125, 12.6682739258, 34.3068618774, 68.5816421509, 38.7686424255], [-96.4629135132, 30.5326099396, 47.139629364, 27.4107456207, 28.8618793488, 7.49446201324, 11.6620750427, 26.7481918335, 34.7019805908, 11.960401535, 11.3491020203, 38.7686424255, 71.9332504272]], "icov": [[0.000287772680167, 0.000250230339589, 0.000400216202252, -0.000144208592246, 8.53601231938e-05, -0.0001998453954, -0.000372749345843, 5.82857974223e-05, -0.000346465589246, 0.000134131478262, -0.000150115884026, -0.000125241116621, 0.000333725824021], [0.000250230339589, 0.000837135652546, 0.000191797269508, 0.00073145958595, -0.000704749545548, -5.72645076318e-05, 0.00027931065415, -0.000794471532572, 0.000347375462297, -0.00120370963123, 0.000735910842195, -0.000677256903145, 0.00039615118294], [0.000400216202252, 0.000191797269508, 0.00277424580418, -0.00219094590284, 0.00134559115395, 0.000887707748916, -0.00256100227125, 0.00231240922585, -0.00316255865619, 0.00175684806891, -0.00169792294037, 0.00133212271612, -0.000821415742394], [-0.000144208592246, 0.00073145958595, -0.00219094590284, 0.00574894947931, -0.00309299165383, -0.000808826531284, 0.0031341209542, -0.002635656856, 0.00122499244753, -0.00245586782694, 0.00230853655376, -0.00215539010242, 0.00115326978266], [8.53601231938e-05, -0.000704749545548, 0.00134559115395, -0.00309299165383, 0.00928962323815, -0.00171890272759, -0.00167426676489, 0.00119883241132, -0.00426659546793, 0.00123131612781, -0.00264044199139, 0.000299760315102, -0.000903543492313], [-0.0001998453954, -5.72645076318e-05, 0.000887707748916, -0.000808826531284, -0.00171890272759, 0.00877027865499, -0.00472822599113, -0.000230869220104, 0.0010976716876, -0.000367945118342, -0.00242006359622, 0.000106950050395, -3.30552902597e-05], [-0.000372749345843, 0.00027931065415, -0.00256100227125, 0.0031341209542, -0.00167426676489, -0.00472822599113, 0.0143870553002, -0.0062298164703, 0.00492848595604, -0.00177987338975, -0.00218580500223, -0.00173103960697, 0.000210190701182], [5.82857974223e-05, -0.000794471532572, 0.00231240922585, -0.002635656856, 0.00119883241132, -0.000230869220104, -0.0062298164703, 0.0187369380146, -0.00959702767432, 0.00311991549097, -0.00254864757881, 0.00167488947045, -0.00289943721145], [-0.000346465589246, 0.000347375462297, -0.00316255865619, 0.00122499244753, -0.00426659546793, 0.0010976716876, 0.00492848595604, -0.00959702767432, 0.0210394635797, -0.0110472906381, 0.00608925800771, -0.00407384522259, -0.0017173201777], [0.000134131478262, -0.00120370963123, 0.00175684806891, -0.00245586782694, 0.00123131612781, -0.000367945118342, -0.00177987338975, 0.00311991549097, -0.0110472906381, 0.0268052648753, -0.0200387705117, 0.0105352085084, -0.00249588419683], [-0.000150115884026, 0.000735910842195, -0.00169792294037, 0.00230853655376, -0.00264044199139, -0.00242006359622, -0.00218580500223, -0.00254864757881, 0.00608925800771, -0.0200387705117, 0.0350943244994, -0.0154323866591, 0.00550767313689], [-0.000125241116621, -0.000677256903145, 0.00133212271612, -0.00215539010242, 0.000299760315102, 0.000106950050395, -0.00173103960697, 0.00167488947045, -0.00407384522259, 0.0105352085084, -0.0154323866591, 0.0308353193104, -0.0143760787323], [0.000333725824021, 0.00039615118294, -0.000821415742394, 0.00115326978266, -0.000903543492313, -3.30552902597e-05, 0.000210190701182, -0.00289943721145, -0.0017173201777, -0.00249588419683, 0.00550767313689, -0.0143760787323, 0.0238125640899]]}, "spectral_contrast_coeffs": {"dmean": [0.0657079219818, 0.0479983985424, 0.0442133806646, 0.0347683504224, 0.0243452545255, 0.0212994925678], "dmean2": [0.102354377508, 0.0781785100698, 0.0702650994062, 0.0548255629838, 0.0395678468049, 0.03069662489], "dvar": [0.00356750492938, 0.00182152516209, 0.00155134522356, 0.000946809595916, 0.000462382799014, 0.000396212999476], "dvar2": [0.00845794007182, 0.00470606563613, 0.0035976364743, 0.00215085758828, 0.00114244478755, 0.000838017440401], "max": [-0.270537227392, -0.400196313858, -0.413005411625, -0.535187542439, -0.614837527275, -0.599318027496], "mean": [-0.64856004715, -0.727481901646, -0.735809803009, -0.773680150509, -0.811199367046, -0.800253987312], "median": [-0.665736079216, -0.733283519745, -0.741172075272, -0.782523274422, -0.811589300632, -0.801791906357], "min": [-0.98938024044, -0.990932404995, -0.994908809662, -0.981204211712, -0.94776147604, -0.942037343979], "var": [0.0102476710454, 0.00487227132544, 0.00628245482221, 0.00468614231795, 0.00155661359895, 0.00144509971142]}, "spectral_contrast_valleys": {"dmean": [0.397550910711, 0.408344805241, 0.418566465378, 0.402311176062, 0.406896322966, 0.399050652981], "dmean2": [0.607685446739, 0.653577923775, 0.651286244392, 0.593865096569, 0.557071387768, 0.467756301165], "dvar": [0.12218246609, 0.209489092231, 0.245941966772, 0.224108949304, 0.212772399187, 0.207169666886], "dvar2": [0.239147931337, 0.501792192459, 0.567109167576, 0.458031117916, 0.400129407644, 0.346961081028], "max": [-5.35087585449, -4.22186660767, -4.9495306015, -5.95241689682, -6.23494338989, -7.89034843445], "mean": [-6.96126842499, -6.76450109482, -7.73202