{"lowlevel": {"average_loudness": 0.446886450052, "barkbands_crest": {"dmean": 2.1835258007, "dmean2": 3.28864574432, "dvar": 5.29729413986, "dvar2": 11.143445015, "max": 26.988866806, "mean": 12.774512291, "median": 10.402677536, "min": 3.65011835098, "var": 39.2613983154}, "barkbands_flatness_db": {"dmean": 0.0252320058644, "dmean2": 0.0368602052331, "dvar": 0.000813064340036, "dvar2": 0.00177557743154, "max": 0.854357123375, "mean": 0.302166491747, "median": 0.268089592457, "min": 0.0627390891314, "var": 0.0172525737435}, "barkbands_kurtosis": {"dmean": 44.2324447632, "dmean2": 66.8237686157, "dvar": 67371.2109375, "dvar2": 152947.578125, "max": 6486.05517578, "mean": 60.7636070251, "median": 2.40308976173, "min": -1.75185370445, "var": 115941.078125}, "barkbands_skewness": {"dmean": 1.07798826694, "dmean2": 1.56006217003, "dvar": 9.2011346817, "dvar2": 20.4785041809, "max": 69.3854827881, "mean": 2.24178051949, "median": 0.908166348934, "min": -6.82239484787, "var": 39.2920074463}, "barkbands_spread": {"dmean": 1.41123831272, "dmean2": 2.08575630188, "dvar": 4.2396979332, "dvar2": 9.46140193939, "max": 70.8405227661, "mean": 6.08453035355, "median": 5.11779212952, "min": 0.00786221213639, "var": 25.3334674835}, "dissonance": {"dmean": 0.0364204868674, "dmean2": 0.0603853315115, "dvar": 0.00222869939171, "dvar2": 0.00589389307424, "max": 0.500000178814, "mean": 0.406388252974, "median": 0.428063929081, "min": 0.0575241446495, "var": 0.00613563787192}, "dynamic_complexity": 4.01722288132, "erbbands_crest": {"dmean": 2.74354934692, "dmean2": 4.13070631027, "dvar": 7.98288726807, "dvar2": 16.9865188599, "max": 35.1537361145, "mean": 16.0976657867, "median": 13.7326745987, "min": 3.11931443214, "var": 62.8511276245}, "erbbands_flatness_db": {"dmean": 0.0215234570205, "dmean2": 0.0312171876431, "dvar": 0.000588333932683, "dvar2": 0.00124723301269, "max": 0.766357004642, "mean": 0.360798716545, "median": 0.330036401749, "min": 0.0756066292524, "var": 0.0143258050084}, "erbbands_kurtosis": {"dmean": 3.79819369316, "dmean2": 5.7467675209, "dvar": 78.6365737915, "dvar2": 180.664138794, "max": 216.249267578, "mean": 8.67587184906, "median": 1.69565010071, "min": -1.90292942524, "var": 397.66595459}, "erbbands_skewness": {"dmean": 0.524360358715, "dmean2": 0.764940738678, "dvar": 0.377531886101, "dvar2": 0.80126875639, "max": 9.54306030273, "mean": 0.90844976902, "median": 0.770288228989, "min": -5.05809497833, "var": 2.77840805054}, "erbbands_spread": {"dmean": 2.28732132912, "dmean2": 3.47378087044, "dvar": 10.1824350357, "dvar2": 24.2795753479, "max": 70.1220932007, "mean": 9.74518299103, "median": 9.32870578766, "min": 0.180636227131, "var": 42.2391281128}, "hfc": {"dmean": 4.23014974594, "dmean2": 5.70002985001, "dvar": 40.4333343506, "dvar2": 81.8238449097, "max": 109.300018311, "mean": 12.7774057388, "median": 8.43739509583, "min": 1.13712426163e-16, "var": 169.233932495}, "melbands_crest": {"dmean": 2.38952159882, "dmean2": 3.6405441761, "dvar": 5.74793863297, "dvar2": 12.3482704163, "max": 37.1956291199, "mean": 14.2091388702, "median": 12.1944332123, "min": 1.83551263809, "var": 46.5798683167}, "melbands_flatness_db": {"dmean": 0.0254950318485, "dmean2": 0.0364722386003, "dvar": 0.000857851060573, "dvar2": 0.00181231414899, "max": 0.806214272976, "mean": 0.353066116571, "median": 0.331141799688, "min": 0.00382781750523, "var": 0.0132301365957}, "melbands_kurtosis": {"dmean": 6.24954414368, "dmean2": 9.62759876251, "dvar": 361.804534912, "dvar2": 818.898681641, "max": 616.641906738, "mean": 13.5025663376, "median": 3.02986383438, "min": -1.85268771648, "var": 1344.33581543}, "melbands_skewness": {"dmean": 0.580990195274, "dmean2": 0.872789919376, "dvar": 0.71526825428, "dvar2": 1.69494640827, "max": 16.491235733, "mean": 1.30928575993, "median": 0.930717468262, "min": -6.8380522728, "var": 3.48982000351}, "melbands_spread": {"dmean": 2.44412088394, "dmean2": 3.5356297493, "dvar": 15.5671510696, "dvar2": 34.4515914917, "max": 136.268676758, "mean": 10.2961044312, "median": 8.12698936462, "min": 0.119010135531, "var": 78.4227828979}, "pitch_salience": {"dmean": 0.0638268664479, "dmean2": 0.09470936656, "dvar": 0.00400553550571, "dvar2": 0.00828173197806, "max": 0.891227722168, "mean": 0.555382370949, "median": 0.592528700829, "min": 0.0119145642966, "var": 0.0420173704624}, "silence_rate_20dB": {"dmean": 0, "dmean2": 0, "dvar": 0, "dvar2": 0, "max": 1, "mean": 1, "median": 1, "min": 1, "var": 0}, "silence_rate_30dB": {"dmean": 0.00241670990363, "dmean2": 0.00483425427228, "dvar": 0.00241082394496, "dvar2": 0.00688255624846, "max": 1, "mean": 0.998446643353, "median": 1, "min": 0, "var": 0.00155102729332}, "silence_rate_60dB": {"dmean": 0.0545485913754, "dmean2": 0.109116025269, "dvar": 0.0515739582479, "dvar2": 0.107220247388, "max": 1, "mean": 0.140662759542, "median": 0, "min": 0, "var": 0.120871700346}, "spectral_centroid": {"dmean": 85.3166046143, "dmean2": 127.32988739, "dvar": 28547.796875, "dvar2": 55503.4375, "max": 11085.1992188, "mean": 856.665710449, "median": 742.798522949, "min": 262.772521973, "var": 188670.625}, "spectral_complexity": {"dmean": 1.77628171444, "dmean2": 2.58080101013, "dvar": 3.79528880119, "dvar2": 7.25792455673, "max": 37, "mean": 11.6603384018, "median": 12, "min": 0, "var": 38.2061767578}, "spectral_decrease": {"dmean": 1.46336509577e-09, "dmean2": 1.95971572303e-09, "dvar": 5.91180441682e-18, "dvar2": 1.25632679471e-17, "max": 4.66666052496e-17, "mean": -4.47228787337e-09, "median": -3.2028921737e-09, "min": -3.79890003899e-08, "var": 2.07374361547e-17}, "spectral_energy": {"dmean": 0.00589432846755, "dmean2": 0.00788747612387, "dvar": 9.38367957133e-05, "dvar2": 0.000198846013518, "max": 0.152396127582, "mean": 0.018038360402, "median": 0.0129115041345, "min": 1.05268499172e-20, "var": 0.000334026583005}, "spectral_energyband_high": {"dmean": 2.19653229578e-05, "dmean2": 3.80140081688e-05, "dvar": 1.14620588576e-08, "dvar2": 3.23006830172e-08, "max": 0.00185650156345, "mean": 2.26231804845e-05, "median": 3.22308005707e-06, "min": 7.82741545834e-21, "var": 7.80432962699e-09}, "spectral_energyband_low": {"dmean": 6.53170791338e-05, "dmean2": 0.00010094618483, "dvar": 7.79105047144e-09, "dvar2": 1.76835044385e-08, "max": 0.000902658852283, "mean": 0.000182760806638, "median": 0.000104700477095, "min": 2.45106798312e-23, "var": 4.10000922102e-08}, "spectral_energyband_middle_high": {"dmean": 0.0020289956592, "dmean2": 0.00274691567756, "dvar": 1.15352258945e-05, "dvar2": 1.77395995706e-05, "max": 0.11242133379, "mean": 0.00526622729376, "median": 0.00222235126421, "min": 1.49584981197e-21, "var": 6.85804116074e-05}, "spectral_energyband_middle_low": {"dmean": 0.00451425276697, "dmean2": 0.00607940228656, "dvar": 7.69515754655e-05, "dvar2": 0.000163281642017, "max": 0.134083583951, "mean": 0.012842274271, "median": 0.00853330269456, "min": 3.45352222388e-22, "var": 0.000254982849583}, "spectral_entropy": {"dmean": 0.190154880285, "dmean2": 0.278076589108, "dvar": 0.0534974709153, "dvar2": 0.112509772182, "max": 9.79928207397, "mean": 6.18013334274, "median": 6.39277553558, "min": 2.80869650841, "var": 0.858420968056}, "spectral_flux": {"dmean": 0.0181311480701, "dmean2": 0.0286268871278, "dvar": 0.000573833531234, "dvar2": 0.00133522704709, "max": 0.315165489912, "mean": 0.0477121956646, "median": 0.038633570075, "min": 1.02600435092e-10, "var": 0.00127852673177}, "spectral_kurtosis": {"dmean": 13.9220161438, "dmean2": 23.2947483063, "dvar": 224.806335449, "dvar2": 585.39239502, "max": 195.906890869, "mean": 35.1356048584, "median": 26.2215385437, "min": -1.1897342205, "var": 838.88885498}, "spectral_rms": {"dmean": 0.000630996422842, "dmean2": 0.000815994397271, "dvar": 5.76804779939e-07, "dvar2": 1.16057674404e-06, "max": 0.0121934060007, "mean": 0.00372255174443, "median": 0.00354916742072, "min": 3.20469930974e-12, "var": 3.74097726308e-06}, "spectral_rolloff": {"dmean": 120.646484375, "dmean2": 206.78717041, "dvar": 261176.03125, "dvar2": 678357.625, "max": 19702.8808594, "mean": 1127.98535156, "median": 1033.59375, "min": 258.3984375, "var": 1609589.25}, "spectral_skewness": {"dmean": 0.880260705948, "dmean2": 1.46932303905, "dvar": 0.69907695055, "dvar2": 1.88874423504, "max": 11.0754766464, "mean": 3.959004879, "median": 3.53012228012, "min": -0.0159658789635, "var": 3.12836933136}, "spectral_spread": {"dmean": 333429.0625, "dmean2": 543925.3125, "dvar": 389566562304, "dvar2": 682445307904, "max": 40518428, "mean": 1784243.125, "median": 1597661.25, "min": 383478.09375, "var": 1340905095170.0}, "spectral_strongpeak": {"dmean": 0.634821116924, "dmean2": 0.941500902176, "dvar": 0.609713852406, "dvar2": 1.27215015888, "max": 12.0270900726, "mean": 2.0555024147, "median": 1.37998652458, "min": 0, "var": 3.09309840202}, "zerocrossingrate": {"dmean": 0.00325537682511, "dmean2": 0.00389933725819, "dvar": 3.53750147042e-05, "dvar2": 5.32040830876e-05, "max": 0.654296875, "mean": 0.0421339347959, "median": 0.03662109375, "min": 0.01171875, "var": 0.00125697627664}, "barkbands": {"dmean": [3.09415804622e-06, 7.4547992881e-06, 5.21903857589e-05, 3.19142782246e-05, 0.00147240236402, 0.000891831587069, 0.00126499636099, 0.00101204833481, 0.0012181395432, 0.000421648146585, 0.000742345757317, 0.000205076852581, 0.000845835602377, 0.000191347062355, 0.000114133159514, 9.15168275242e-05, 4.87910001539e-05, 1.47691780512e-05, 1.79682556336e-05, 9.99297299131e-06, 1.14944941743e-05, 1.86825900528e-06, 1.55199654728e-06, 7.83958171269e-07, 1.07155960904e-06, 4.2564917635e-07, 7.91630014874e-08], "dmean2": [5.45779039385e-06, 1.16999535749e-05, 7.99214903964e-05, 4.87270845042e-05, 0.00240112515166, 0.00118023052346, 0.00187063228805, 0.00133906619158, 0.00157508160919, 0.000660167192109, 0.000934264913667, 0.000334910087986, 0.00118561752606, 0.000273455923889, 0.000168499420397, 0.000154706809553, 8.31012730487e-05, 2.44518596446e-05, 2.75443198916e-05, 1.55370362336e-05, 2.04593361559e-05, 3.1571485124e-06, 2.75602542388e-06, 1.34921549488e-06, 1.91691765394e-06, 7.67181688843e-07, 1.41701733014e-07], "dvar": [8.89131476778e-11, 1.39546360578e-10, 5.33908073308e-09, 2.27958274479e-09, 1.64106804732e-05, 5.81447011427e-06, 1.76117300725e-05, 5.69404619455e-06, 1.28570336528e-05, 8.15060730019e-07, 5.96213112658e-06, 1.47552427165e-07, 3.56521945832e-06, 5.04661784362e-07, 1.28520625253e-07, 2.40947628072e-07, 4.21486809898e-08, 5.71005465133e-09, 1.786813697e-09, 6.85398127143e-10, 4.60285365378e-09, 5.47097853132e-11, 5.65850248602e-11, 1.40462546108e-11, 4.0342850588e-11, 7.12658838192e-12, 2.70947272864e-13], "dvar2": [2.54530257982e-10, 3.51807027954e-10, 1.17864713545e-08, 4.88936313658e-09, 4.16423463321e-05, 1.39821140692e-05, 4.31503140135e-05, 1.16532055472e-05, 1.82026851689e-05, 2.03112631425e-06, 7.109393664e-06, 3.66925206663e-07, 6.57400278214e-06, 8.98462985788e-07, 2.01699975833e-07, 6.04157833095e-07, 1.21122255337e-07, 1.55185659878e-08, 3.95170873801e-09, 1.73168235307e-09, 1.29962449691e-08, 1.44704290217e-10, 1.57852342308e-10, 3.82190702697e-11, 1.13963546933e-10, 2.01029384111e-11, 7.51691894493e-13], "max": [0.000213524224819, 0.000236903404584, 0.000788824516349, 0.00053499918431, 0.0597496144474, 0.0595837309957, 0.0857426524162, 0.0410206317902, 0.0894479975104, 0.027872312814, 0.104327529669, 0.00825536251068, 0.0420859791338, 0.0188742447644, 0.0131704276428, 0.0107359457761, 0.00411227438599, 0.0015980011085, 0.000645584019367, 0.000356749340426, 0.00121836806647, 0.000124038051581, 0.000105881750642, 5.05428870383e-05, 0.000106363339, 4.2218787712e-05, 1.05758872451e-05], "mean": [2.89435229206e-06, 1.6729663912e-05, 0.000142083954415, 6.56246411381e-05, 0.00198744935915, 0.00228037219495, 0.00242644385435, 0.00242955633439, 0.00314257410355, 0.000745169585571, 0.00180552701931, 0.000293979246635, 0.00188031769358, 0.000323061685776, 0.00022563424136, 0.000122991681565, 6.43039238639e-05, 2.06175791391e-05, 3.06080146402e-05, 1.70556049852e-05, 1.00844617918e-05, 1.96009818865e-06, 1.39745611705e-06, 7.15985152056e-07, 8.73306930771e-07, 3.30345017119e-07, 5.69632092606e-08], "median": [5.1556253311e-07, 4.71569501315e-06, 6.05671593803e-05, 3.5954391933e-05, 0.000741319614463, 0.00132244965062, 0.00123790674843, 0.00116679014172, 0.000414659851231, 0.000306780129904, 0.000270165037364, 0.000121126024169, 0.000378956086934, 6.32314477116e-05, 4.11514956795e-05, 1.46984984895e-05, 1.06892948679e-05, 4.17672436015e-06, 4.19179468736e-06, 3.74559249394e-06, 8.93916308087e-07, 3.03094481069e-07, 1.39195947213e-07, 8.78320207676e-08, 6.88902161983e-08, 1.58344608536e-08, 2.75365596991e-09], "min": [6.85125222868e-24, 2.10092059241e-24, 7.21096175741e-24, 2.94556496824e-23, 1.07224902489e-22, 4.70553321154e-23, 8.12975499569e-23, 2.53336353047e-23, 4.77795411363e-23, 5.62720673876e-23, 6.89775494795e-23, 8.98482215679e-23, 1.46583508079e-22, 8.77892630508e-23, 1.14298611916e-22, 1.8634869889e-22, 2.12134012283e-22, 2.05947916526e-22, 2.03471524372e-22, 3.15197364264e-22, 3.65672345295e-22, 4.84229026428e-22, 8.00824681357e-22, 1.06416957461e-21, 1.27063322946e-21, 1.61914405092e-21, 2.14455398949e-21], "var": [6.3513035109e-11, 5.2459603328e-10, 3.01184428508e-08, 6.05407191046e-09, 1.69286267919e-05, 1.18435673357e-05, 2.35167808569e-05, 1.54291228682e-05, 9.33953997446e-05, 2.08468168239e-06, 4.41279407823e-05, 3.347979316e-07, 1.39846088132e-05, 1.22479252695e-06, 5.92491346652e-07, 3.72295744455e-07, 3.34234222521e-08, 4.75180472748e-09, 5.42083311572e-09, 1.21683141341e-09, 2.94213409191e-09, 5.14961788489e-11, 4.05683750482e-11, 1.02915662104e-11, 2.53502809022e-11, 4.54633162714e-12, 1.7660737239e-13]}, "erbbands": {"dmean": [9.32793482207e-05, 0.00293487380259, 0.0450173318386, 0.0884463265538, 1.08474838734, 7.30604743958, 4.67055177689, 9.21267223358, 12.4610834122, 27.4651756287, 20.3319263458, 30.810426712, 16.4493331909, 16.0187301636, 23.1984767914, 12.8361577988, 40.5910835266, 12.0087375641, 4.54082393646, 6.86329317093, 4.50851392746, 2.36645555496, 0.802537381649, 1.31736111641, 0.577241241932, 0.413659274578, 0.685687720776, 0.182469308376, 0.0671366527677, 0.0543157793581, 0.049425650388, 0.0187798179686, 0.0129774380475, 0.00753756519407, 0.0100002400577, 0.00294224685058, 0.000715229369234, 0.000110450782813, 1.65956498677e-05, 7.28472014089e-06], "dmean2": [0.000159433562658, 0.00461560301483, 0.0699633583426, 0.130791157484, 1.56603562832, 12.3203964233, 7.53198862076, 12.311208725, 16.4444446564, 38.4107780457, 27.141626358, 39.365901947, 25.7853069305, 18.9961452484, 31.8146095276, 19.287443161, 56.9463005066, 17.4063682556, 6.77458000183, 10.3783369064, 7.65142393112, 4.13030815125, 1.30014967918, 2.05101585388, 0.8498057127, 0.670968711376, 1.20983982086, 0.321168750525, 0.11223012954, 0.0933383852243, 0.0887254625559, 0.0321850292385, 0.0226854905486, 0.0130283264443, 0.0180236063898, 0.0053304117173, 0.00129328039475, 0.000196232183953, 2.83273020614e-05, 9.97012921289e-06], "dvar": [6.67725785775e-08, 1.58469410962e-05, 0.00358330039307, 0.0136891780421, 4.75671434402, 406.361206055, 180.185928345, 710.291320801, 1008.89056396, 7445.15869141, 2116.98339844, 8237.28613281, 1469.94445801, 3636.79272461, 5571.48583984, 439.810638428, 8176.47851562, 1498.30065918, 106.511512756, 591.403747559, 532.66809082, 155.677764893, 10.0668449402, 13.5360002518, 2.80766868591, 1.44782197475, 17.2204780579, 0.686166524887, 0.0700200796127, 0.0495316796005, 0.0671951621771, 0.00727707799524, 0.00438784994185, 0.00129443826154, 0.0040036784485, 0.000323217012919, 2.02087448997e-05, 4.74058509781e-07, 8.78647199443e-09, 1.65955915676e-10], "dvar2": [1.97717540118e-07, 4.04975471611e-05, 0.00826397165656, 0.029935978353, 10.3184738159, 1056.10217285, 469.197601318, 1755.42211914, 2195.58325195, 16668.8964844, 4463.46484375, 11169.2558594, 3837.63598633, 3348.36669922, 8534.64648438, 948.725585938, 15162.0839844, 2705.09277344, 222.061828613, 994.754760742, 1462.64428711, 448.718505859, 26.883846283, 33.0031852722, 6.80823945999, 3.80398988724, 48.589099884, 1.9233123064, 0.186209529638, 0.129780098796, 0.190777271986, 0.0198371838778, 0.0120837809518, 0.00349725666456, 0.0113994879648, 0.000922410923522, 5.71583077544e-05, 1.30947648813e-06, 2.42775666237e-08, 3.70484753986e-10], "max": [0.00675638532266, 0.0618530809879, 0.684881091118, 1.3138961792, 27.7171764374, 299.695739746, 189.486709595, 630.018066406, 500.129150391, 1885.72973633, 1527.57788086, 2419.03149414, 1067.83032227, 3855.24633789, 2193.63476562, 338.456604004, 1976.46496582, 991.72857666, 211.107528687, 853.753540039, 389.61932373, 255.467788696, 63.1231918335, 60.9240989685, 32.0746841431, 16.5360603333, 76.3673782349, 10.7455911636, 4.74624204636, 3.36759877205, 4.02252340317, 1.17781865597, 0.934930145741, 0.526442527771, 1.07423365116, 0.25346532464, 0.0669973120093, 0.012425663881, 0.00176339840982, 0.000218844375922], "mean": [0.000169039980392, 0.00722643034533, 0.118272140622, 0.243517234921, 1.90285229683, 8.65210151672, 7.18542194366, 22.952539444, 31.2083721161, 56.0353851318, 52.2931861877, 83.8804321289, 30.4794158936, 42.5975723267, 50.4651489258, 26.1462097168, 90.4369812012, 21.7070102692, 8.87738704681, 13.7322244644, 5.94252729416, 2.94572401047, 1.32569432259, 1.96185660362, 1.10287475586, 0.682929694653, 0.635031163692, 0.184086471796, 0.0732207894325, 0.0537664666772, 0.042303737253, 0.0175181366503, 0.0112626925111, 0.00682587129995, 0.00780690554529, 0.00226038089022, 0.000545810034964, 8.67480775923e-05, 1.93311225303e-05, 2.13527564483e-05], "median": [0.000115694456326, 0.00383233185858, 0.0675114765763, 0.146741181612, 0.787559688091, 2.67509460449, 2.93811607361, 12.0823421478, 17.5847587585, 24.6085510254, 26.9687805176, 14.859539032, 11.9304046631, 8.92422676086, 8.41416454315, 10.2551803589, 18.3495521545, 5.48415184021, 2.63374686241, 2.12517929077, 0.963315665722, 0.565637469292, 0.302383124828, 0.304715454578, 0.16887652874, 0.155600547791, 0.0663409009576, 0.0238838307559, 0.0118520744145, 0.00700727384537, 0.00409111846238, 0.00234935292974, 0.00117642665282, 0.00081463123206, 0.000497571891174, 0.000125063554151, 3.02993503283e-05, 6.50915535516e-06, 7.8118955571e-06, 1.5183166397e-05], "min": [1.13419467457e-22, 3.94929416599e-22, 5.60221560004e-21, 6.03049563233e-20, 2.4507396996e-19, 3.22728962083e-19, 4.46043134948e-19, 3.65174830488e-19, 1.39763321089e-18, 4.8766479542e-19, 7.16456076913e-19, 9.19983453041e-19, 1.22114771316e-18, 2.87903314126e-18, 2.64713284974e-18, 4.13304970324e-18, 6.72058977332e-18, 3.87091451276e-18, 4.68997097093e-18, 9.39526711707e-18, 1.06586250297e-17, 1.13231438835e-17, 1.21906942187e-17, 1.00526689089e-17, 1.14988147118e-17, 1.68012393072e-17, 1.66518322906e-17, 1.22923853217e-17, 1.83579038845e-17, 2.1456888073e-17, 2.16340039857e-17, 1.60078324791e-17, 2.17633684161e-17, 1.26819228701e-17, 9.64826278896e-18, 6.31271156276e-18, 2.94670623474e-18, 1.20002493243e-18, 3.11693959122e-19, 3.09410236235e-20], "var": [5.85902206751e-08, 6.1520790041e-05, 0.0187599696219, 0.0642749592662, 8.52166175842, 381.509918213, 194.998474121, 1343.72460938, 2367.81176758, 11979.1787109, 8456.61816406, 63870.90625, 3314.25341797, 38548.6992188, 24176.8007812, 1496.70800781, 31884.9921875, 3703.23339844, 287.930664062, 2514.2109375, 526.005310059, 106.183738708, 10.2556867599, 23.834400177, 6.27944850922, 2.01961302757, 11.0886898041, 0.492521107197, 0.0675803050399, 0.0458282753825, 0.0435660853982, 0.00535517791286, 0.00307346158661, 0.0009433166706, 0.00245148641989, 0.000198540335987, 1.27020812215e-05, 3.16382454457e-07, 5.99168759052e-09, 4.90619878057e-10]}, "gfcc": {"mean": [-165.085159302, 141.313400269, -171.931335449, -37.7828369141, -57.2571144104, -15.4593410492, -34.1820373535, -15.31270504, -24.3416728973, -4.27989625931, -4.2673830986, -15.9738388062, -8.56499481201], "cov": [[18313.6425781, 7511.24609375, 2186.41577148, 347.605895996, -2209.51538086, -1993.28845215, -521.054931641, 223.171936035, -192.016891479, -261.698944092, -751.524230957, -401.290740967, -475.75378418], [7511.24609375, 8548.69921875, 3195.39697266, -225.96295166, -1337.53796387, -1951.08508301, 110.049873352, 60.5436630249, -87.5835876465, -782.325561523, -229.087814331, -153.199081421, -135.557006836], [2186.41577148, 3195.39697266, 1956.1171875, 109.747489929, -700.478271484, -788.526062012, -69.3260803223, 39.4377937317, -20.6281719208, -267.530609131, -184.103179932, 48.217956543, 2.63113689423], [347.605895996, -225.96295166, 109.747489929, 392.798553467, -77.4879455566, -62.0797080994, -142.836959839, -8.89277172089, 31.0237197876, 120.225631714, -163.125320435, -3.87126493454, -10.0539083481], [-2209.51538086, -1337.53796387, -700.478271484, -77.4879455566, 578.360473633, 345.150146484, 32.0062484741, -69.7691802979, 20.2627372742, 101.246742249, 120.404769897, -11.2734823227, 53.319770813], [-1993.28845215, -1951.08508301, -788.526062012, -62.0797080994, 345.150146484, 660.775268555, 97.6884918213, -39.9147872925, -92.4945068359, 92.8424606323, 187.744171143, 64.3966064453, 19.6264381409], [-521.054931641, 110.049873352, -69.3260803223, -142.836959839, 32.0062484741, 97.6884918213, 220.607803345, 17.0104579926, -69.5388565063, -120.944816589, 122.246421814, 42.7846450806, -5.38122940063], [223.171936035, 60.5436630249, 39.4377937317, -8.89277172089, -69.7691802979, -39.9147872925, 17.0104579926, 128.355224609, 47.7125740051, -44.8235855103, -54.7338256836, 12.7398424149, 17.071018219], [-192.016891479, -87.5835876465, -20.6281719208, 31.0237197876, 20.2627372742, -92.4945068359, -69.5388565063, 47.7125740051, 286.529144287, 128.936782837, -74.5498962402, -54.856803894, 20.9838409424], [-261.698944092, -782.325561523, -267.530609131, 120.225631714, 101.246742249, 92.8424606323, -120.944816589, -44.8235855103, 128.936782837, 305.014190674, -29.4495506287, -78.9476547241, -31.1602706909], [-751.524230957, -229.087814331, -184.103179932, -163.125320435, 120.404769897, 187.744171143, 122.246421814, -54.7338256836, -74.5498962402, -29.4495506287, 252.607543945, 59.360786438, -17.7543296814], [-401.290740967, -153.199081421, 48.217956543, -3.87126493454, -11.2734823227, 64.3966064453, 42.7846450806, 12.7398424149, -54.856803894, -78.9476547241, 59.360786438, 141.548339844, 35.9039421082], [-475.75378418, -135.557006836, 2.63113689423, -10.0539083481, 53.319770813, 19.6264381409, -5.38122940063, 17.071018219, 20.9838409424, -31.1602706909, -17.7543296814, 35.9039421082, 88.1856765747]], "icov": [[0.000271694734693, -0.000435299036326, 0.000589867471717, 7.26478538127e-06, 0.000747919955757, -0.000273519661278, 0.000861671753228, -0.000429305044236, 0.000429246167187, -0.000427340739407, 0.000359135796316, -0.000277806742815, 0.000456480978755], [-0.000435299036326, 0.00201340997592, -0.00184840033762, 0.000207438337384, -0.000730124069378, 0.00305918371305, -0.0022002258338, 0.00132946216036, -0.000599919410888, 0.00245846481994, -0.00177484494634, 0.00261355680414, -0.000215607928112], [0.000589867471717, -0.00184840033762, 0.00339974160306, -0.000450480380096, 0.00244831922464, -0.00109114183579, 0.00247961678542, -0.000658795644995, 0.000891883857548, -0.00160113163292, 0.00120356306434, -0.00247375993058, -0.000298980128719], [7.26478538127e-06, 0.000207438337384, -0.000450480380096, 0.00521180266514, 4.62109346699e-05, 1.24916805362e-05, 0.000605221954174, 0.00107810611371, 0.000693726062309, -0.00195254886057, 0.0038760243915, -0.00263309432194, 0.00176059501246], [0.000747919955757, -0.000730124069378, 0.00244831922464, 4.62109346699e-05, 0.00642353668809, -0.000369024492102, 0.00207740766928, 0.000980252632871, 0.000609934271779, -0.000343011401128, -0.000469869119115, 0.00117436528672, -0.00185894535389], [-0.000273519661278, 0.00305918371305, -0.00109114183579, 1.24916805362e-05, -0.000369024492102, 0.0100803794339, -0.0036324292887, 0.00091164035257, 0.00154571991879, 0.002031162614, -0.00427970290184, 0.00306768785231, -0.000918310252018], [0.000861671753228, -0.0022002258338, 0.00247961678542, 0.000605221954174, 0.00207740766928, -0.0036324292887, 0.0125400945544, -0.00355208502151, 0.000897473248187, 0.00128959061112, -0.00139988015871, -0.00148319790605, 0.0028308685869], [-0.000429305044236, 0.00132946216036, -0.000658795644995, 0.00107810611371, 0.000980252632871, 0.00091164035257, -0.00355208502151, 0.0136998994276, -0.0039262031205, 0.00378606072627, 0.00304625881836, -0.000532208185177, -0.000692218949553], [0.000429246167187, -0.000599919410888, 0.000891883857548, 0.000693726062309, 0.000609934271779, 0.00154571991879, 0.000897473248187, -0.0039262031205, 0.0073611587286, -0.00476544583216, 0.000563694455195, 0.000132376735564, -0.00182781741023], [-0.000427340739407, 0.00245846481994, -0.00160113163292, -0.00195254886057, -0.000343011401128, 0.002031162614, 0.00128959061112, 0.00378606072627, -0.00476544583216, 0.0127293244004, -0.00388003885746, 0.00647641718388, 0.00261377845891], [0.000359135796316, -0.00177484494634, 0.00120356306434, 0.0038760243915, -0.000469869119115, -0.00427970290184, -0.00139988015871, 0.00304625881836, 0.000563694455195, -0.00388003885746, 0.0134305013344, -0.00788982212543, 0.00458778068423], [-0.000277806742815, 0.00261355680414, -0.00247375993058, -0.00263309432194, 0.00117436528672, 0.00306768785231, -0.00148319790605, -0.000532208185177, 0.000132376735564, 0.00647641718388, -0.00788982212543, 0.0174433011562, -0.00552129512653], [0.000456480978755, -0.000215607928112, -0.000298980128719, 0.00176059501246, -0.00185894535389, -0.000918310252018, 0.0028308685869, -0.000692218949553, -0.00182781741023, 0.00261377845891, 0.00458778068423, -0.00552129512653, 0.019845796749]]}, "melbands": {"dmean": [1.35575646709e-06, 1.69546856341e-05, 3.05079502141e-05, 0.000272572942777, 0.000231034078752, 0.000203672840144, 0.000217872773646, 0.000281802727841, 0.000189734098967, 0.000177799869562, 7.91821294115e-05, 5.93189834035e-05, 9.02176325326e-05, 3.05871726596e-05, 7.32996850275e-05, 6.85713966959e-05, 2.07418343052e-05, 7.63213847677e-06, 9.94940182864e-06, 8.599231478e-06, 4.93491734233e-06, 2.90969546768e-06, 9.88869260254e-07, 8.09699315596e-07, 1.17805518585e-06, 4.37650015783e-07, 3.86381032058e-07, 2.52000859291e-07, 5.71967802898e-07, 1.88202477602e-07, 6.98515805198e-08, 3.30362759371e-08, 4.12127434402e-08, 2.52026026715e-08, 3.1607914508e-08, 1.735073063e-08, 9.34686283927e-09, 9.78801129037e-09, 5.89877391377e-09, 6.52255227607e-09], "dmean2": [2.185106041e-06, 2.62378325715e-05, 4.34912471974e-05, 0.00044253715896, 0.000379858538508, 0.000267490919214, 0.000296301324852, 0.00038527243305, 0.000246419280302, 0.000233709230088, 0.000125747959828, 7.16146969353e-05, 0.000119607619126, 4.82513860334e-05, 9.81984048849e-05, 0.000102374746348, 2.94568308163e-05, 1.17015379146e-05, 1.46102156577e-05, 1.35960608532e-05, 8.48567378853e-06, 5.12683982379e-06, 1.60977117503e-06, 1.31644355861e-06, 1.83416364052e-06, 6.75281683016e-07, 5.42467716969e-07, 4.19540526764e-07, 1.0185518704e-06, 3.3465278193e-07, 1.21805086906e-07, 5.49956560292e-08, 7.1613570185e-08, 4.34251852255e-08, 5.68951641355e-08, 3.04737177714e-08, 1.58165089914e-08, 1.7301154287e-08, 1.02190300666e-08, 1.12581792777e-08], "dvar": [7.16909647966e-12, 5.00360031186e-10, 2.24600582577e-09, 5.01202521264e-07, 4.49528812396e-07, 3.15904145509e-07, 3.77826296472e-07, 7.20132049992e-07, 2.19338176066e-07, 2.50723303452e-07, 3.70379957815e-08, 4.96916534587e-08, 8.59493809457e-08, 3.90631305081e-09, 2.41309940918e-08, 2.41265531997e-08, 7.33759142335e-09, 3.24296867138e-10, 8.59529558639e-10, 1.8498713672e-09, 7.77143460695e-10, 2.69290867383e-10, 9.7190502174e-12, 1.36644662599e-11, 9.67469333812e-12, 2.10281163142e-12, 9.07840371888e-13, 5.58964062102e-13, 1.24174967184e-11, 9.75932659339e-13, 8.7962331917e-14, 1.7009915747e-14, 3.05905169631e-14, 1.30808585535e-14, 2.83812737716e-14, 7.19051689935e-15, 1.66118926357e-15, 2.60388875887e-15, 7.85431682072e-16, 9.59241942876e-16], "dvar2": [1.97566928095e-11, 1.16060738797e-09, 4.1062082623e-09, 1.28519752707e-06, 1.15350769647e-06, 7.65306594985e-07, 8.638885447e-07, 1.54279950948e-06, 3.98710284344e-07, 3.6245066326e-07, 9.65362971783e-08, 4.80686352944e-08, 1.18230651935e-07, 8.07770472733e-09, 4.0202760232e-08, 5.24331085217e-08, 1.29723591868e-08, 7.19571680019e-10, 1.32140187681e-09, 3.96688015769e-09, 2.22073759382e-09, 7.79686926133e-10, 2.5570651499e-11, 3.71077266137e-11, 2.29012954434e-11, 5.45338166985e-12, 1.91677533221e-12, 1.49239258104e-12, 3.51364111417e-11, 2.77128450396e-12, 2.360284006e-13, 4.48679383035e-14, 8.30227474768e-14, 3.42144085145e-14, 8.06582854977e-14, 2.01366972142e-14, 4.45580665464e-15, 7.24821170152e-15, 2.07680577854e-15, 2.59756502264e-15], "max": [6.32734518149e-05, 0.000250827317359, 0.000580915308092, 0.0101929549128, 0.00951735023409, 0.0137816248462, 0.0100926822051, 0.0173356141895, 0.0170770846307, 0.0130478190258, 0.00532399211079, 0.0141759188846, 0.00965455826372, 0.00157417112496, 0.00367252179421, 0.0029930609744, 0.00227955752052, 0.000337205303367, 0.00114209624007, 0.00111656018998, 0.000534579565283, 0.000345099339029, 5.42953639524e-05, 8.20490822662e-05, 4.59727598354e-05, 2.62049779849e-05, 1.79617745744e-05, 1.06512179627e-05, 6.48370187264e-05, 1.63675649674e-05, 4.25766756962e-06, 2.48222340815e-06, 2.56335283666e-06, 1.96616883841e-06, 2.63770652964e-06, 1.29996590204e-06, 5.40466544408e-07, 7.30495571588e-07, 4.35878263261e-07, 4.79168647871e-07], "mean": [2.82237101601e-06, 4.51066589449e-05, 7.15974892955e-05, 0.000364937906852, 0.000319596088957, 0.000519326771609, 0.000506584183313, 0.000605872250162, 0.000497399887536, 0.000459911854705, 0.00013018194295, 0.000151086482219, 0.000202661962248, 5.10490935994e-05, 0.000172107014805, 0.000135594978929, 3.46427004843e-05, 1.33769235617e-05, 1.95921675186e-05, 1.46771135405e-05, 5.5687605709e-06, 3.38150175594e-06, 1.56378644078e-06, 1.17672948363e-06, 1.69352802004e-06, 7.35532182716e-07, 7.2844090937e-07, 3.76804734969e-07, 5.20046114616e-07, 1.73269398829e-07, 7.57810667551e-08, 3.77327502576e-08, 3.90414207629e-08, 2.53137422135e-08, 2.65839297242e-08, 1.54751909065e-08, 8.76734151944e-09, 8.2896844944e-09, 5.42933920045e-09, 5.80753978241e-09], "median": [1.17288550427e-06, 2.74966441793e-05, 4.99092129758e-05, 0.0001392205304, 0.00011277073645, 0.000289468618575, 0.000283810484689, 0.000259961962001, 0.000194611944607, 7.6855867519e-05, 4.56847265013e-05, 2.99654420814e-05, 3.19817117997e-05, 1.67377493199e-05, 3.43854553648e-05, 3.1194776966e-05, 6.77425214235e-06, 3.63352819477e-06, 3.72405770577e-06, 1.45287594933e-06, 7.80346795182e-07, 5.36516040484e-07, 3.67321888461e-07, 2.24478242217e-07, 2.40515333871e-07, 8.87920421633e-08, 1.4644085411e-07, 8.43546104079e-08, 4.74438195397e-08, 1.87757436265e-08, 1.0751691093e-08, 5.86643356115e-09, 5.03364017135e-09, 2.91682678011e-09, 2.18986584422e-09, 1.80677628414e-09, 1.20167320539e-09, 7.74292074901e-10, 5.93723847864e-10, 6.59953203197e-10], "min": [1.08889951596e-24, 2.01588966987e-24, 1.50722225798e-23, 2.18251543407e-23, 1.53457932308e-23, 9.81682728487e-24, 1.90377853295e-23, 3.98762640044e-24, 6.2148828696e-24, 6.3014895418e-24, 6.3181033469e-24, 1.17058225645e-23, 9.72616902306e-24, 9.08602259797e-24, 1.220061979e-23, 1.51396433659e-23, 6.15268828697e-24, 7.46394077224e-24, 1.06698904237e-23, 1.19087278445e-23, 1.26392382863e-23, 1.19820374773e-23, 1.01848048647e-23, 1.23897420923e-23, 7.47733168611e-24, 6.7890142587e-24, 9.28525257502e-24, 1.13796853781e-23, 9.54948626839e-24, 9.1455334758e-24, 6.56609321094e-24, 9.48248752285e-24, 1.12959170275e-23, 1.31903522919e-23, 1.32979655411e-23, 9.55218417269e-24, 9.83743627602e-24, 1.43528051e-23, 1.59484072317e-23, 9.16793397006e-24], "var": [1.46179717636e-11, 2.54910093034e-09, 6.55200471655e-09, 5.13777081323e-07, 4.60045129103e-07, 6.34850835013e-07, 7.1441320415e-07, 1.34334766244e-06, 1.21131131436e-06, 1.85566329947e-06, 7.87313183537e-08, 5.14755356562e-07, 4.40988202399e-07, 1.16500578073e-08, 1.12479284553e-07, 6.98873208194e-08, 1.78743704282e-08, 6.63024080083e-10, 4.20338830409e-09, 4.72978722854e-09, 5.30749222349e-10, 1.77124551137e-10, 1.22620186574e-11, 1.2254361588e-11, 1.82970374962e-11, 3.54956385465e-12, 2.48313587574e-12, 6.86422706869e-13, 7.91458738825e-12, 6.28960967509e-13, 7.92226866248e-14, 1.76035553999e-14, 2.49684153968e-14, 1.22810773392e-14, 1.83069010662e-14, 4.86552962023e-15, 1.27295690028e-15, 1.75571496411e-15, 6.27535635099e-16, 6.85739027614e-16]}, "mfcc": {"mean": [-792.671386719, 185.966278076, -45.6224479675, -17.5771522522, -16.6575775146, -10.9370136261, -7.74347162247, -19.7512207031, -16.8607273102, -4.03293228149, -5.35078954697, -0.586920022964, -1.5109783411], "cov": [[12481.0048828, 5890.41748047, 644.555541992, 778.441040039, -1622.62475586, -1560.75830078, -822.230773926, -94.420463562, -133.064804077, -218.741104126, 49.3242340088, -406.185302734, -719.305175781], [5890.41748047, 5670.08203125, 1289.1907959, 205.119018555, -950.511413574, -1366.80358887, -493.484710693, 116.824935913, -83.9775848389, -328.610137939, 50.7295761108, -238.875671387, -390.856170654], [644.555541992, 1289.1907959, 1040.59802246, 108.795303345, -263.683166504, -360.693206787, -210.533203125, 92.9345092773, 33.9041175842, -155.077911377, -59.8302192688, -21.333366394, -35.7463760376], [778.441040039, 205.119018555, 108.795303345, 294.201416016, -93.7496795654, -75.2115020752, -123.412384033, -58.3676795959, 45.9661331177, 33.8474845886, -40.0474891663, -87.2696914673, -31.0414047241], [-1622.62475586, -950.511413574, -263.683166504, -93.7496795654, 372.021331787, 278.559692383, 94.037727356, -61.7677688599, 36.2507896423, 114.923019409, -21.0360088348, 14.2875385284, 106.397827148], [-1560.75830078, -1366.80358887, -360.693206787, -75.2115020752, 278.559692383, 454.127838135, 181.51335144, -78.0310134888, -20.4978504181, 94.6779937744, 24.2165222168, 88.9693450928, 75.9159927368], [-822.230773926, -493.484710693, -210.533203125, -123.412384033, 94.037727356, 181.51335144, 316.19317627, 101.621398926, -121.231834412, -104.072120667, 20.2598514557, 77.2791976929, 14.0662088394], [-94.420463562, 116.824935913, 92.9345092773, -58.3676795959, -61.7677688599, -78.0310134888, 101.621398926, 245.409820557, -10.3163661957, -180.378814697, -26.0493297577, 19.8738880157, 39.3297958374], [-133.064804077, -83.9775848389, 33.9041175842, 45.9661331177, 36.2507896423, -20.4978504181, -121.231834412, -10.3163661957, 184.665374756, 112.705978394, -68.1040496826, -66.8924865723, 46.4917831421], [-218.741104126, -328.610137939, -155.077911377, 33.8474845886, 114.923019409, 94.6779937744, -104.072120667, -180.378814697, 112.705978394, 274.954437256, 17.0479545593, -51.9170646667, -5.60559749603], [49.3242340088, 50.7295761108, -59.8302192688, -40.0474891663, -21.0360088348, 24.2165222168, 20.2598514557, -26.0493297577, -68.1040496826, 17.0479545593, 165.635696411, 89.4697647095, -45.2768249512], [-406.185302734, -238.875671387, -21.333366394, -87.2696914673, 14.2875385284, 88.9693450928, 77.2791976929, 19.8738880157, -66.8924865723, -51.9170646667, 89.4697647095, 177.727096558, 43.4559211731], [-719.305175781, -390.856170654, -35.7463760376, -31.0414047241, 106.397827148, 75.9159927368, 14.0662088394, 39.3297958374, 46.4917831421, -5.60559749603, -45.2768249512, 43.4559211731, 178.114959717]], "icov": [[0.000453389249742, -0.000350720249116, 0.000633302843198, -0.000581255822908, 0.00118695548736, -0.00018791637558, 0.00088064360898, -0.00041063997196, 0.000771883234847, -0.000407916173572, 0.000740152143408, -0.000313702068524, 0.000529713521246], [-0.000350720249116, 0.00117931945715, -0.00085303618107, 0.000740555871744, -0.000617934099864, 0.00260857027024, -0.00130159186665, 0.00161340588238, -0.000960940553341, 0.00115018570796, -0.00152220739983, 0.000964121252764, -0.000201901450055], [0.000633302843198, -0.00085303618107, 0.00265526422299, -0.00119183282368, 0.00149103067815, -0.00049010902876, 0.00247680046596, -0.00128397217486, 0.00102097704075, -0.000110423585284, 0.00223923427984, -0.0018332808977, 0.00116348243318], [-0.000581255822908, 0.000740555871744, -0.00119183282368, 0.00605666171759, 0.000539555912837, -0.000321740692016, -0.000315701472573, 0.00256902747788, -0.00170310819522, 0.00190430844668, -0.00167980534025, 0.00357571197674, -0.00142836745363], [0.00118695548736, -0.000617934099864, 0.00149103067815, 0.000539555912837, 0.0106193087995, -0.00317679415457, 0.00132448563818, 0.000242581125349, 0.00174678792246, -0.00209197052754, 0.00126897112932, 0.0023798760958, -0.00209678313695], [-0.00018791637558, 0.00260857027024, -0.00049010902876, -0.000321740692016, -0.00317679415457, 0.0141622554511, -0.00593853695318, 0.00606503244489, -0.00277397804894, 0.0018956605345, -0.00216106744483, -0.00157574051991, 0.000420967466198], [0.00088064360898, -0.00130159186665, 0.00247680046596, -0.000315701472573, 0.00132448563818, -0.00593853695318, 0.013459241949, -0.00892068911344, 0.00931458175182, -0.00324033992365, 0.00533430278301, -0.00249658874236, 0.00322087085806], [-0.00041063997196, 0.00161340588238, -0.00128397217486, 0.00256902747788, 0.000242581125349, 0.00606503244489, -0.00892068911344, 0.0190981589258, -0.012757432647, 0.0140233300626, -0.00714911753312, 0.00474372273311, -0.00337374093942], [0.000771883234847, -0.000960940553341, 0.00102097704075, -0.00170310819522, 0.00174678792246, -0.00277397804894, 0.00931458175182, -0.012757432647, 0.0218887012452, -0.0142840091139, 0.00899692066014, -0.00201967149042, -0.000246334355325], [-0.000407916173572, 0.00115018570796, -0.000110423585284, 0.00190430844668, -0.00209197052754, 0.0018956605345, -0.00324033992365, 0.0140233300626, -0.0142840091139, 0.02005254291, -0.00888836663216, 0.00567294051871, -0.000496552616823], [0.000740152143408, -0.00152220739983, 0.00223923427984, -0.00167980534025, 0.00126897112932, -0.00216106744483, 0.00533430278301, -0.00714911753312, 0.00899692066014, -0.00888836663216, 0.0172917954624, -0.0107121625915, 0.00550674041733], [-0.000313702068524, 0.000964121252764, -0.0018332808977, 0.00357571197674, 0.0023798760958, -0.00157574051991, -0.00249658874236, 0.00474372273311, -0.00201967149042, 0.00567294051871, -0.0107121625915, 0.0168002545834, -0.00661246851087], [0.000529713521246, -0.000201901450055, 0.00116348243318, -0.00142836745363, -0.00209678313695, 0.000420967466198, 0.00322087085806, -0.00337374093942, -0.000246334355325, -0.000496552616823, 0.00550674041733, -0.00661246851087, 0.0119205527008]]}, "spectral_contrast_coeffs": {"dmean": [0.0506520830095, 0.0348661579192, 0.0352893099189, 0.0290250424296, 0.0208449922502, 0.015225565061], "dmean2": [0.0825223475695, 0.0541452653706, 0.055377587676, 0.0454332567751, 0.0327059775591, 0.0250592380762], "dvar": [0.00210900278762, 0.000902361760382, 0.000826203729957, 0.000641654012725, 0.0003470495285, 0.000215240055695], "dvar2": [0.00494896201417, 0.00219085835852, 0.00200594263151, 0.00144081073813, 0.00079713325249, 0.000560928310733], "max": [-0.226891577244, -0.397778749466, -0.311560481787, -0.334820389748, -0.61585611105, -0.679343700409], "mean": [-0.562194705009, -0.686834692955, -0.724129676819, -0.710153996944, -0.776565492153, -0.791941225529], "median": [-0.528680801392, -0.676666021347, -0.73975610733, -0.731182575226, -0.7821585536, -0.783418297768], "min": [-0.996193110943, -0.965614020824, -0.960272610188, -0.949180960655, -0.959597110748, -0.960354864597], "var": [0.0264735091478, 0.0101124783978, 0.00830718316138, 0.00963528361171, 0.00225541507825, 0.00150958239101]}, "spectral_contrast_valleys": {"dmean": [0.518161296844, 0.310166537762, 0.29616227746, 0.26467564702, 0.24783821404, 0.312837392092], "dmean2": [0.869743406773, 0.489398509264, 0.471236974001, 0.407662153244, 0.362625449896, 0.44562