{"lowlevel": {"average_loudness": 0.932717442513, "barkbands_crest": {"dmean": 3.11832022667, "dmean2": 4.57940864563, "dvar": 10.3628978729, "dvar2": 17.3193302155, "max": 26.6387195587, "mean": 14.3472156525, "median": 12.423915863, "min": 2.65802335739, "var": 47.8672370911}, "barkbands_flatness_db": {"dmean": 0.0457813255489, "dmean2": 0.0593735314906, "dvar": 0.00244181696326, "dvar2": 0.00429428322241, "max": 0.812109351158, "mean": 0.197422116995, "median": 0.167931050062, "min": 0.0278115384281, "var": 0.0141537021846}, "barkbands_kurtosis": {"dmean": 47.9090423584, "dmean2": 70.2373504639, "dvar": 39474.1445312, "dvar2": 93450.046875, "max": 3699.26928711, "mean": 62.1549339294, "median": 2.14694976807, "min": -1.96434259415, "var": 62565.7617188}, "barkbands_skewness": {"dmean": 1.70254981518, "dmean2": 2.31388401985, "dvar": 10.4879140854, "dvar2": 20.9769992828, "max": 49.315196991, "mean": 3.15209960938, "median": 1.53384053707, "min": -5.09409952164, "var": 28.8780269623}, "barkbands_spread": {"dmean": 7.49766111374, "dmean2": 11.2001276016, "dvar": 91.2069091797, "dvar2": 188.846466064, "max": 119.116722107, "mean": 20.4152889252, "median": 18.8016395569, "min": 0.0313000380993, "var": 258.058135986}, "dissonance": {"dmean": 0.018655359745, "dmean2": 0.0316314660013, "dvar": 0.000533588055987, "dvar2": 0.00142832065467, "max": 0.500000119209, "mean": 0.470699727535, "median": 0.479908436537, "min": 0.148345559835, "var": 0.000992013490759}, "dynamic_complexity": 4.38273954391, "erbbands_crest": {"dmean": 3.35952329636, "dmean2": 5.34991073608, "dvar": 10.2580633163, "dvar2": 23.8666133881, "max": 33.3935317993, "mean": 10.9496555328, "median": 9.79574871063, "min": 2.33289957047, "var": 27.9177303314}, "erbbands_flatness_db": {"dmean": 0.0346027128398, "dmean2": 0.0506074912846, "dvar": 0.00112843001261, "dvar2": 0.00242249271832, "max": 0.510315835476, "mean": 0.172701254487, "median": 0.16109983623, "min": 0.042796138674, "var": 0.00527669629082}, "erbbands_kurtosis": {"dmean": 3.96184849739, "dmean2": 5.96998357773, "dvar": 187.562606812, "dvar2": 342.701568604, "max": 352.738433838, "mean": 4.7477107048, "median": 1.35456800461, "min": -1.94501841068, "var": 327.512390137}, "erbbands_skewness": {"dmean": 0.718518197536, "dmean2": 1.06481301785, "dvar": 0.7588519454, "dvar2": 1.50009155273, "max": 14.775431633, "mean": -0.191191270947, "median": -0.378783464432, "min": -7.32937240601, "var": 3.19038200378}, "erbbands_spread": {"dmean": 12.3136758804, "dmean2": 18.5805664062, "dvar": 226.219146729, "dvar2": 513.041503906, "max": 216.412216187, "mean": 33.1528625488, "median": 27.2178077698, "min": 0.544443011284, "var": 569.431213379}, "hfc": {"dmean": 9.68585300446, "dmean2": 13.6130218506, "dvar": 194.833496094, "dvar2": 389.121398926, "max": 370.641967773, "mean": 21.917427063, "median": 14.5943746567, "min": 1.1779079716e-16, "var": 587.411193848}, "melbands_crest": {"dmean": 3.91538953781, "dmean2": 5.80564117432, "dvar": 13.9229841232, "dvar2": 25.8192691803, "max": 38.2853240967, "mean": 19.7247200012, "median": 18.5127925873, "min": 2.13611388206, "var": 79.1060943604}, "melbands_flatness_db": {"dmean": 0.0536252520978, "dmean2": 0.0697666704655, "dvar": 0.00339635508135, "dvar2": 0.0060664145276, "max": 0.971587538719, "mean": 0.288785994053, "median": 0.25489076972, "min": 0.00594742037356, "var": 0.0194827020168}, "melbands_kurtosis": {"dmean": 42.9898452759, "dmean2": 62.3396224976, "dvar": 14158.890625, "dvar2": 29937.8476562, "max": 2757.171875, "mean": 64.2837524414, "median": 9.44018173218, "min": -1.95903480053, "var": 27738.7910156}, "melbands_skewness": {"dmean": 1.67856836319, "dmean2": 2.38218545914, "dvar": 5.03368997574, "dvar2": 10.5074338913, "max": 35.6506538391, "mean": 4.16573381424, "median": 2.8575425148, "min": -3.78624224663, "var": 18.1376285553}, "melbands_spread": {"dmean": 8.53860759735, "dmean2": 12.7884588242, "dvar": 143.30645752, "dvar2": 288.61114502, "max": 320.179107666, "mean": 22.8656044006, "median": 18.3336162567, "min": 0.0793675035238, "var": 459.35748291}, "pitch_salience": {"dmean": 0.0953633189201, "dmean2": 0.137964352965, "dvar": 0.00994227826595, "dvar2": 0.0195390228182, "max": 0.95929735899, "mean": 0.406574219465, "median": 0.437390863895, "min": 0.00742351636291, "var": 0.0381826721132}, "silence_rate_20dB": {"dmean": 0, "dmean2": 0, "dvar": 0, "dvar2": 0, "max": 1, "mean": 1, "median": 1, "min": 1, "var": 0}, "silence_rate_30dB": {"dmean": 0.0847520381212, "dmean2": 0.169514521956, "dvar": 0.0775792524219, "dvar2": 0.142500922084, "max": 1, "mean": 0.757972002029, "median": 1, "min": 0, "var": 0.18345041573}, "silence_rate_60dB": {"dmean": 0.0305946208537, "dmean2": 0.0611930154264, "dvar": 0.0296668969095, "dvar2": 0.0664388909936, "max": 1, "mean": 0.0948004722595, "median": 0, "min": 0, "var": 0.0857994034886}, "spectral_centroid": {"dmean": 289.881744385, "dmean2": 440.661590576, "dvar": 124779.726562, "dvar2": 261352.375, "max": 10874.2929688, "mean": 1275.59960938, "median": 1360.97741699, "min": 55.1801986694, "var": 421006.09375}, "spectral_complexity": {"dmean": 4.24895143509, "dmean2": 6.23588943481, "dvar": 21.5349082947, "dvar2": 44.5523223877, "max": 47, "mean": 14.9402332306, "median": 15, "min": 0, "var": 92.8648147583}, "spectral_decrease": {"dmean": 5.60984325659e-09, "dmean2": 7.66463070789e-09, "dvar": 6.30842610544e-17, "dvar2": 1.04199286636e-16, "max": 4.60249634004e-21, "mean": -1.54932742191e-08, "median": -6.40338226887e-09, "min": -7.64244276752e-08, "var": 3.251916715e-16}, "spectral_energy": {"dmean": 0.0217636786401, "dmean2": 0.0297971777618, "dvar": 0.000916441727895, "dvar2": 0.0015283144312, "max": 0.317595332861, "mean": 0.0604630894959, "median": 0.026602614671, "min": 1.03224014043e-20, "var": 0.00475315237418}, "spectral_energyband_high": {"dmean": 0.000356299337, "dmean2": 0.00052297586808, "dvar": 3.66724833611e-07, "dvar2": 7.54335189868e-07, "max": 0.00493135256693, "mean": 0.000405485800002, "median": 9.16685676202e-05, "min": 7.59331203588e-21, "var": 5.50876336547e-07}, "spectral_energyband_low": {"dmean": 0.0187702756375, "dmean2": 0.0246641710401, "dvar": 0.00086585333338, "dvar2": 0.00125821528491, "max": 0.258029878139, "mean": 0.0469203516841, "median": 0.00969211105257, "min": 4.79490105468e-23, "var": 0.00428984547034}, "spectral_energyband_middle_high": {"dmean": 0.00398394465446, "dmean2": 0.0056420317851, "dvar": 6.67979693389e-05, "dvar2": 0.000136756789288, "max": 0.187950313091, "mean": 0.00851130578667, "median": 0.00417369883507, "min": 1.23326550685e-21, "var": 0.000173783395439}, "spectral_energyband_middle_low": {"dmean": 0.00440938957036, "dmean2": 0.00766983954236, "dvar": 0.000104612532596, "dvar2": 0.00028950671549, "max": 0.0770243480802, "mean": 0.00588669814169, "median": 0.003519177204, "min": 3.03233335693e-22, "var": 8.38200940052e-05}, "spectral_entropy": {"dmean": 0.353051781654, "dmean2": 0.517835497856, "dvar": 0.152568593621, "dvar2": 0.340502649546, "max": 9.81164169312, "mean": 7.3339600563, "median": 7.37665605545, "min": 3.18679141998, "var": 0.452967524529}, "spectral_flux": {"dmean": 0.043664611876, "dmean2": 0.0654386803508, "dvar": 0.00280733080581, "dvar2": 0.00527774915099, "max": 0.411556094885, "mean": 0.099713049829, "median": 0.0797710046172, "min": 6.86180209875e-11, "var": 0.00591675518081}, "spectral_kurtosis": {"dmean": 4.25041913986, "dmean2": 6.76775979996, "dvar": 55.5268707275, "dvar2": 144.204040527, "max": 422.588134766, "mean": 9.52433395386, "median": 6.81660270691, "min": -1.16288971901, "var": 252.033630371}, "spectral_rms": {"dmean": 0.00137999351136, "dmean2": 0.00185496534687, "dvar": 2.52834615821e-06, "dvar2": 4.07653715229e-06, "max": 0.0176025312394, "mean": 0.00638183299452, "median": 0.00509448442608, "min": 3.17342636544e-12, "var": 1.82603380381e-05}, "spectral_rolloff": {"dmean": 472.402740479, "dmean2": 800.293884277, "dvar": 917524, "dvar2": 1973188.875, "max": 19918.2128906, "mean": 1183.7355957, "median": 1055.12695312, "min": 43.06640625, "var": 1839739}, "spectral_skewness": {"dmean": 0.42295897007, "dmean2": 0.651038348675, "dvar": 0.250787138939, "dvar2": 0.590878367424, "max": 17.9826030731, "mean": 2.11511969566, "median": 2.04211592674, "min": -0.364108800888, "var": 0.996823549271}, "spectral_spread": {"dmean": 1129694.5, "dmean2": 1646935, "dvar": 1555817168900.0, "dvar2": 3185375182850.0, "max": 40374484, "mean": 4598339, "median": 4218026, "min": 284225.625, "var": 5490462949380.0}, "spectral_strongpeak": {"dmean": 0.71810233593, "dmean2": 1.1722868681, "dvar": 3.0508685112, "dvar2": 6.86893415451, "max": 33.1798400879, "mean": 1.31657159328, "median": 0.487260401249, "min": 0, "var": 5.51584672928}, "zerocrossingrate": {"dmean": 0.012134234421, "dmean2": 0.0130135044456, "dvar": 0.000251606223173, "dvar2": 0.000289961113594, "max": 0.4990234375, "mean": 0.0481374301016, "median": 0.0458984375, "min": 0.001953125, "var": 0.00145245308522}, "barkbands": {"dmean": [0.000837229308672, 0.0175909511745, 0.0035019076895, 0.00280465674587, 0.000846642476972, 0.000453765678685, 0.000348215340637, 0.000402740115533, 0.000505262927618, 0.00039472716162, 0.000470327446237, 0.000700994569343, 0.00080900528701, 0.000736607471481, 0.00125345122069, 0.000735065841582, 0.000302087544696, 0.000224294693908, 7.23658158677e-05, 9.45862484514e-05, 4.80057387904e-05, 5.732180216e-05, 6.81318997522e-05, 6.41375518171e-05, 6.15313474555e-05, 2.56611601799e-05, 9.32839884626e-06], "dmean2": [0.00119373970665, 0.0220988318324, 0.00633712066337, 0.00522384839132, 0.00140929978807, 0.000752427673433, 0.000583318644203, 0.000647412671242, 0.000752451946028, 0.000646140717436, 0.000726139813196, 0.00103517074604, 0.0012799045071, 0.00114872318227, 0.00180352269672, 0.00114185735583, 0.000450271996669, 0.000346090761013, 0.000110422224679, 0.000143010620377, 7.50930339564e-05, 8.27165422379e-05, 0.00010377955914, 9.73614951363e-05, 9.21791361179e-05, 4.01944598707e-05, 1.46999855133e-05], "dvar": [1.76085154635e-06, 0.000933646573685, 7.93267900008e-05, 7.33716369723e-05, 2.16395460484e-06, 7.36641311505e-07, 5.12311771672e-07, 2.80625181404e-06, 2.09328914025e-06, 1.04715343241e-06, 2.87934017251e-06, 1.69396644196e-05, 2.21672216867e-05, 2.47151933763e-06, 1.53753280756e-05, 1.78062009581e-06, 3.15452552968e-07, 1.87850346833e-07, 3.58646552456e-08, 3.10804679771e-08, 7.25493887188e-09, 1.14053637645e-08, 2.08470876117e-08, 1.29902089085e-08, 1.06751150142e-08, 1.73257064251e-09, 2.12628040175e-10], "dvar2": [3.47343120666e-06, 0.00116950797383, 0.000225560026593, 0.000210362893995, 5.94848734181e-06, 2.01861871574e-06, 1.27918974613e-06, 5.53963309358e-06, 3.84808345189e-06, 2.36922505792e-06, 5.44233762412e-06, 3.23881322402e-05, 5.50693075638e-05, 6.22692004981e-06, 2.84872567136e-05, 4.16825150751e-06, 6.63159539727e-07, 4.15836950651e-07, 8.14928284854e-08, 6.69142252718e-08, 1.64639732958e-08, 2.50387817147e-08, 4.58203892606e-08, 2.6416905996e-08, 2.22284182172e-08, 3.88668341955e-09, 5.10403497245e-10], "max": [0.0094096492976, 0.24605089426, 0.0705037415028, 0.0602217316628, 0.0146336862817, 0.00982778705657, 0.0198558215052, 0.0534977726638, 0.0306745413691, 0.0195747986436, 0.0446626283228, 0.123723581433, 0.13285151124, 0.0259930752218, 0.186398372054, 0.0138880293816, 0.00758616859093, 0.00894898734987, 0.00398185197264, 0.00215193396434, 0.00106974912342, 0.00106548250187, 0.00112945016008, 0.000835115439259, 0.000769050500821, 0.000376712559955, 0.000113899921416], "mean": [0.00163313304074, 0.0411666408181, 0.00291033834219, 0.00208282656968, 0.00139437522739, 0.000684418308083, 0.000446423742687, 0.000533596728928, 0.000662966049276, 0.000489412574098, 0.000623901491053, 0.00103699939791, 0.00119517045096, 0.00131583597977, 0.00196429458447, 0.000992893124931, 0.000449634855613, 0.000312594958814, 9.45259380387e-05, 0.000130438987981, 5.74244113523e-05, 6.25289903837e-05, 6.97070208844e-05, 6.12405565334e-05, 5.90079689573e-05, 2.37345066125e-05, 8.94368076843e-06], "median": [0.000155642032041, 0.00558487512171, 0.00104605418164, 0.000442039658083, 0.000931594055146, 0.000346702348907, 0.000150038831634, 0.000115605915198, 0.000146515551023, 0.000106344450614, 0.00015436198737, 0.000105681203422, 0.000123734993394, 0.000257747800788, 0.000288808427285, 0.000274142861599, 0.000110763212433, 0.000110200555355, 3.89827364415e-05, 2.81962966255e-05, 1.20818422147e-05, 8.52789708006e-06, 1.4625962649e-05, 1.10531545943e-05, 1.14191179819e-05, 5.02696002513e-06, 2.74015405921e-06], "min": [2.80450969641e-23, 5.9340905914e-24, 1.56586148395e-24, 1.88808986449e-24, 6.39261386264e-23, 3.17616321033e-23, 1.06238059585e-23, 6.38683119666e-23, 5.4148106732e-23, 4.59377307828e-23, 8.27629316636e-23, 9.51312104284e-23, 8.01471509434e-23, 7.01432587055e-23, 1.25364071118e-22, 6.14363610809e-23, 8.37005717355e-23, 1.33496545475e-22, 1.92795547887e-22, 2.78694561369e-22, 4.24840245335e-22, 5.06999717339e-22, 4.41177920714e-22, 6.51335565061e-22, 1.27625092885e-21, 1.79424481761e-21, 2.44969195095e-21], "var": [6.14054215475e-06, 0.00400515180081, 4.84078955196e-05, 4.22542252636e-05, 2.67309815172e-06, 9.3540194257e-07, 7.05061097506e-07, 5.7344977904e-06, 3.56008172275e-06, 1.98406360141e-06, 4.91774426337e-06, 3.87778927688e-05, 2.65209473582e-05, 6.28705174677e-06, 3.7335408706e-05, 2.90500224764e-06, 6.94231403031e-07, 3.02189590684e-07, 4.32570708142e-08, 5.83501353901e-08, 1.00512806966e-08, 1.55735460083e-08, 2.41363924403e-08, 1.66326632467e-08, 1.38903768487e-08, 1.96463711966e-09, 2.29419830355e-10]}, "erbbands": {"dmean": [0.750538408756, 3.29661989212, 3.32820558548, 8.05400466919, 5.02728128433, 2.80890703201, 2.9200053215, 4.28479099274, 4.67689657211, 5.16856813431, 9.76077365875, 12.912815094, 11.0194044113, 16.8392772675, 17.4552764893, 25.4785919189, 33.8458786011, 28.7252388, 55.7141456604, 48.3008384705, 33.5612754822, 16.8650169373, 14.1190824509, 4.85312843323, 3.78575849533, 3.72222852707, 2.29795670509, 1.89626479149, 2.14568376541, 1.93952715397, 2.12114953995, 1.31794476509, 1.10641956329, 0.757487475872, 0.403592586517, 0.141637787223, 0.0396813340485, 0.0103580998257, 0.00166431895923, 0.000101663907117], "dmean2": [0.845783948898, 4.66886043549, 5.82111501694, 15.0457620621, 9.0431137085, 4.44645166397, 4.92265748978, 7.1172580719, 7.90825653076, 8.54022216797, 15.363448143, 19.112443924, 18.1633644104, 25.5641822815, 27.3086185455, 37.3713493347, 53.4065856934, 44.1105003357, 82.1393966675, 68.4412460327, 51.9530677795, 24.4977626801, 21.4697704315, 7.19817972183, 5.67581367493, 5.66839456558, 3.55699157715, 2.86023116112, 3.0883564949, 2.89133763313, 3.26458382607, 1.94388854504, 1.7384455204, 1.16472065449, 0.605504751205, 0.220090314746, 0.0616677589715, 0.0163380298764, 0.00261126109399, 0.000162094918778], "dvar": [1.78611707687, 31.1316356659, 47.790271759, 613.57019043, 183.008590698, 17.1505374908, 25.0057525635, 65.1643676758, 79.7655258179, 136.800323486, 1481.28173828, 1623.57397461, 928.571899414, 2676.15917969, 3912.90454102, 25045.9628906, 37975.6132812, 5517.93701172, 17693.2089844, 19188.3398438, 4371.87402344, 839.308105469, 705.887695312, 110.180030823, 47.8025169373, 47.8904914856, 17.2349853516, 11.0156364441, 16.7169799805, 13.3542203903, 22.3908252716, 6.13871097565, 3.72829508781, 1.65348577499, 0.477348715067, 0.0595329031348, 0.00389000400901, 0.000266618299065, 6.54411405776e-06, 2.12331858762e-08], "dvar2": [1.85604965687, 53.3688926697, 133.204452515, 1754.35778809, 520.773071289, 42.106174469, 67.9233398438, 178.531234741, 213.939361572, 307.675842285, 2864.04516602, 2976.02661133, 2298.2253418, 4943.90234375, 9040.58691406, 46894.9179688, 93130.9296875, 13299.9853516, 41126.7539062, 31942.6601562, 10441.2705078, 1653.23510742, 1571.36450195, 241.227920532, 103.88483429, 104.372009277, 37.0518798828, 23.8521709442, 37.1175689697, 28.8881015778, 50.333820343, 12.4557085037, 7.57709026337, 3.49413204193, 1.0242331028, 0.134057641029, 0.00849883258343, 0.000628792156931, 1.51598351295e-05, 5.32588479984e-08], "max": [10.789150238, 45.1518821716, 64.5537109375, 166.512969971, 113.402671814, 60.8113327026, 78.6970901489, 93.5295639038, 119.153915405, 291.29196167, 1220.22021484, 949.766418457, 745.41418457, 1363.06469727, 1681.65270996, 4331.00341797, 5279.59082031, 1938.26293945, 2996.97045898, 8281.33007812, 891.245483398, 379.650268555, 575.971130371, 203.377655029, 115.995223999, 112.142112732, 76.7572631836, 53.047328949, 43.0934257507, 30.9819965363, 42.2709312439, 19.4249706268, 12.958981514, 10.246219635, 5.03745555878, 2.87201333046, 0.519604921341, 0.130708545446, 0.0267613269389, 0.00106279121246], "mean": [1.80982804298, 6.7656211853, 3.95493602753, 5.92296361923, 5.07438135147, 4.84491539001, 5.07174682617, 6.43037700653, 5.93829202652, 7.42000865936, 12.9721536636, 16.9774570465, 13.9195594788, 23.3420658112, 25.4834289551, 37.8877067566, 48.940410614, 52.8361701965, 97.3066101074, 79.591178894, 46.0903778076, 26.6383914948, 20.7718963623, 6.66798448563, 5.24105739594, 5.08563995361, 3.24478435516, 2.22856450081, 2.44122290611, 2.06741285324, 2.07923054695, 1.31505072117, 1.00859594345, 0.706446290016, 0.388119757175, 0.133082747459, 0.0364902950823, 0.00968745257705, 0.00167869031429, 0.000150522086187], "median": [0.151875600219, 1.13460874557, 2.13243174553, 1.63797605038, 2.10960531235, 2.96260046959, 3.08882331848, 3.08808636665, 2.23449683189, 2.79601812363, 3.28989505768, 3.72381401062, 4.15747833252, 5.02419185638, 6.83927869797, 4.75564622879, 7.61308860779, 14.0569543839, 26.2299785614, 19.7690639496, 14.774974823, 8.37880420685, 7.74786758423, 2.86509799957, 2.13608336449, 1.20543253422, 0.632135748863, 0.454822927713, 0.323235541582, 0.430204361677, 0.366125136614, 0.230124697089, 0.173254147172, 0.124633602798, 0.0788308382034, 0.0272015389055, 0.00709350407124, 0.00239917612635, 0.000533407379407, 0.000102972539025], "min": [2.15132542004e-22, 1.63218951313e-21, 2.90657494371e-21, 8.0370201175e-21, 1.13393847477e-19, 2.58517050781e-19, 1.46471081188e-19, 2.18397369356e-19, 1.03037895174e-19, 8.62317073625e-19, 1.06419298366e-18, 1.21004167606e-18, 1.22702555519e-18, 1.65518023731e-18, 2.80122936003e-18, 3.60463018433e-18, 3.69303221717e-18, 3.67905865508e-18, 5.734289803e-18, 5.61448509898e-18, 5.75217344784e-18, 5.58886855618e-18, 6.14630722534e-18, 1.11053497098e-17, 9.30116953213e-18, 1.37797503616e-17, 1.6179302057e-17, 1.41682423537e-17, 1.76583704754e-17, 1.65889417486e-17, 9.7817581593e-18, 1.14679617021e-17, 1.12893006159e-17, 1.26480307988e-17, 9.11435658105e-18, 5.87323918871e-18, 3.1777772777e-18, 1.56647566317e-18, 2.78799700347e-19, 3.11712383277e-20], "var": [8.34117031097, 104.317222595, 38.0269393921, 351.509155273, 116.515403748, 35.1108818054, 40.2195739746, 85.5997924805, 99.837387085, 260.426269531, 3035.22045898, 2731.63964844, 1367.92333984, 4966.29345703, 7219.29199219, 52920.296875, 44049.2695312, 10486.6533203, 33723.1367188, 48888.5742188, 6369.06152344, 2006.4720459, 1202.61474609, 147.461212158, 71.654876709, 78.3182373047, 38.8885879517, 16.3619632721, 23.6537761688, 16.8800373077, 24.9770412445, 8.14170837402, 4.49519777298, 2.0437605381, 0.602684319019, 0.0674609392881, 0.00459749763831, 0.000290813622996, 7.55544033382e-06, 2.34506298824e-08]}, "gfcc": {"mean": [-49.5624237061, 91.8158111572, -98.1649780273, 24.8714179993, -17.1736507416, 22.9962043762, -32.3067474365, 8.56849193573, -10.2879953384, 3.90488505363, -13.2536506653, -0.493848860264, -5.07113742828], "cov": [[23383.1972656, -99.0116577148, -1634.51757812, 527.253723145, -846.972045898, 8.63338851929, -740.684143066, 199.81552124, -119.552505493, 86.3754730225, -217.341201782, 229.390869141, -25.779088974], [-99.0116577148, 1771.19689941, -518.803955078, -211.159561157, 480.958587646, -390.626373291, 70.9411315918, -54.5922050476, 180.687515259, -43.7634887695, 157.456100464, -29.1106510162, 153.295471191], [-1634.51757812, -518.803955078, 2341.27514648, 694.742431641, -206.812667847, 600.830505371, 261.098297119, 150.165527344, 19.7599582672, -8.40128326416, -21.0885238647, 46.2798652649, -1.47236776352], [527.253723145, -211.159561157, 694.742431641, 593.498718262, 54.157623291, 229.848098755, 66.5310592651, 61.1314048767, 41.5965080261, 32.8750915527, 23.6799373627, 34.4539451599, 18.1939849854], [-846.972045898, 480.958587646, -206.812667847, 54.157623291, 627.268859863, 73.0702438354, 66.3615341187, 47.1112289429, 178.908401489, 47.5306625366, 103.874801636, -5.44050455093, 83.0374603271], [8.63338851929, -390.626373291, 600.830505371, 229.848098755, 73.0702438354, 534.042053223, 148.558654785, 124.6146698, 6.5160279274, 61.6957092285, 37.915348053, 47.0179100037, 6.5981426239], [-740.684143066, 70.9411315918, 261.098297119, 66.5310592651, 66.3615341187, 148.558654785, 318.983703613, 100.826934814, 47.966835022, 22.8638687134, 67.9362640381, 17.1773700714, 51.8349266052], [199.81552124, -54.5922050476, 150.165527344, 61.1314048767, 47.1112289429, 124.6146698, 100.826934814, 219.195999146, 104.339981079, 32.8365287781, 42.947883606, 20.6012802124, 36.0681800842], [-119.552505493, 180.687515259, 19.7599582672, 41.5965080261, 178.908401489, 6.5160279274, 47.966835022, 104.339981079, 205.269271851, 64.0325546265, 49.9410667419, 7.21484947205, 67.2892608643], [86.3754730225, -43.7634887695, -8.40128326416, 32.8750915527, 47.5306625366, 61.6957092285, 22.8638687134, 32.8365287781, 64.0325546265, 106.103813171, 61.5314941406, 12.9283466339, 10.5360431671], [-217.341201782, 157.456100464, -21.0885238647, 23.6799373627, 103.874801636, 37.915348053, 67.9362640381, 42.947883606, 49.9410667419, 61.5314941406, 145.937454224, 47.2102508545, 36.480884552], [229.390869141, -29.1106510162, 46.2798652649, 34.4539451599, -5.44050455093, 47.0179100037, 17.1773700714, 20.6012802124, 7.21484947205, 12.9283466339, 47.2102508545, 91.305267334, 36.3301277161], [-25.779088974, 153.295471191, -1.47236776352, 18.1939849854, 83.0374603271, 6.5981426239, 51.8349266052, 36.0681800842, 67.2892608643, 10.5360431671, 36.480884552, 36.3301277161, 101.096405029]], "icov": [[9.26895590965e-05, -0.00018743473629, 0.000216438842472, -0.000315137993312, 0.000328909110976, -0.000272717501502, 0.000212964514503, -0.000239426328335, 8.08384356787e-06, -0.000202431780053, 0.000396480230847, -0.000317583617289, 7.83583236625e-05], [-0.00018743473629, 0.0017470670864, -0.000575985817704, 0.000963537255302, -0.00141255825292, 0.00149110110942, -0.000656300515402, 0.001046672347, -0.000561678840313, 0.00188437779434, -0.00258733145893, 0.00163594621699, -0.00132950791158], [0.000216438842472, -0.000575985817704, 0.00159430934582, -0.0016947533004, 0.00167248072103, -0.00181593291927, 8.79320286913e-05, -9.67883024714e-05, -0.00116528221406, 0.000798043678515, 0.000804586918093, -0.000524261093233, 0.000581531901844], [-0.000315137993312, 0.000963537255302, -0.0016947533004, 0.00401878450066, -0.00194339244626, 0.00113834103104, -0.000402675330406, 0.000744518940337, 0.000244030015892, 4.7834149882e-05, -0.0014973487705, 0.000672001799103, -0.000695119902957], [0.000328909110976, -0.00141255825292, 0.00167248072103, -0.00194339244626, 0.00502938497812, -0.0032972341869, 0.00085148710059, 0.000619523925707, -0.00358153018169, 0.0014399366919, -0.000314886827255, 0.000466388795758, 0.000206291908398], [-0.000272717501502, 0.00149110110942, -0.00181593291927, 0.00113834103104, -0.0032972341869, 0.00610155519098, -0.00152788206469, -0.00152890058234, 0.00341833336279, -0.00273524690419, -0.000211548307561, -0.000577692058869, -0.000629202870186], [0.000212964514503, -0.000656300515402, 8.79320286913e-05, -0.000402675330406, 0.00085148710059, -0.00152788206469, 0.00532216532156, -0.00196000863798, 0.000712397450116, -0.000105670129415, -0.00101264403202, 0.000889108341653, -0.00192324549425], [-0.000239426328335, 0.001046672347, -9.67883024714e-05, 0.000744518940337, 0.000619523925707, -0.00152890058234, -0.00196000863798, 0.00963095761836, -0.00674294959754, 0.00444316072389, -0.00367060117424, 0.00144230225123, 0.000207543635042], [8.08384356787e-06, -0.000561678840313, -0.00116528221406, 0.000244030015892, -0.00358153018169, 0.00341833336279, 0.000712397450116, -0.00674294959754, 0.0155656477436, -0.0100082866848, 0.00393218593672, -8.20382774691e-05, -0.00515489513054], [-0.000202431780053, 0.00188437779434, 0.000798043678515, 4.7834149882e-05, 0.0014399366919, -0.00273524690419, -0.000105670129415, 0.00444316072389, -0.0100082866848, 0.021983448416, -0.011369084008, 0.00414084875956, 0.00154374970589], [0.000396480230847, -0.00258733145893, 0.000804586918093, -0.0014973487705, -0.000314886827255, -0.000211548307561, -0.00101264403202, -0.00367060117424, 0.00393218593672, -0.011369084008, 0.0185222979635, -0.00951304286718, 0.00170917541254], [-0.000317583617289, 0.00163594621699, -0.000524261093233, 0.000672001799103, 0.000466388795758, -0.000577692058869, 0.000889108341653, 0.00144230225123, -8.20382774691e-05, 0.00414084875956, -0.00951304286718, 0.0196420978755, -0.00800875294954], [7.83583236625e-05, -0.00132950791158, 0.000581531901844, -0.000695119902957, 0.000206291908398, -0.000629202870186, -0.00192324549425, 0.000207543635042, -0.00515489513054, 0.00154374970589, 0.00170917541254, -0.00800875294954, 0.0183762107044]]}, "melbands": {"dmean": [0.0056414147839, 0.00221137236804, 0.001293806592, 0.000247110496275, 9.96165326796e-05, 9.17051002034e-05, 7.31259351596e-05, 6.47457345622e-05, 7.90079138824e-05, 8.1792830315e-05, 5.58981519134e-05, 6.88002764946e-05, 5.59494983463e-05, 8.21043649921e-05, 5.75259509787e-05, 9.20670863707e-05, 5.43959249626e-05, 8.56031911098e-05, 0.000111538123747, 5.62570239708e-05, 3.637788177e-05, 1.91951803572e-05, 1.47792388816e-05, 9.42024053074e-06, 3.6822009406e-06, 2.79047890217e-06, 3.28611031364e-06, 2.4869138997e-06, 1.67256393979e-06, 1.17172544378e-06, 1.06788729681e-06, 1.25872611534e-06, 1.0609525134e-06, 1.11143310733e-06, 1.41150155741e-06, 8.69658890679e-07, 7.33058016067e-07, 8.23608615974e-07, 6.17593002517e-07, 6.66639266456e-07], "dmean2": [0.00674453703687, 0.00348141090944, 0.00240085995756, 0.000418500188971, 0.000167470236192, 0.000152311185957, 0.000123596269987, 0.000106076338852, 0.000123749414342, 0.000121459568618, 9.27534711082e-05, 0.000104996790469, 8.80808365764e-05, 0.000121929537272, 8.674916171e-05, 0.000148177627125, 8.46704933792e-05, 0.000128879240947, 0.000157078291522, 8.79935541889e-05, 5.7642300817e-05, 2.89953604806e-05, 2.18678324018e-05, 1.45668436744e-05, 5.54962934984e-06, 4.31584476246e-06, 4.93828338222e-06, 3.86762121707e-06, 2.59319631368e-06, 1.89921127003e-06, 1.60871013577e-06, 1.86538943581e-06, 1.53335565756e-06, 1.68792064414e-06, 2.20426090891e-06, 1.3065201756e-06, 1.07377445602e-06, 1.30631406137e-06, 9.53299604589e-07, 1.032514092e-06], "dvar": [9.88284591585e-05, 1.06038251033e-05, 1.53410092025e-05, 2.43605768446e-07, 2.52210394791e-08, 2.99169293783e-08, 2.00391134797e-08, 3.53609017623e-08, 7.90863339262e-08, 7.02007412201e-08, 2.45227731455e-08, 3.93179959701e-08, 3.09970467072e-08, 3.13364125759e-07, 2.06018214044e-07, 3.55203781055e-07, 1.29548114458e-08, 3.79699010011e-08, 1.46403678514e-07, 1.17232588082e-08, 7.11796088737e-09, 1.24211252395e-09, 8.92267038033e-10, 3.07407710398e-10, 8.57944201793e-11, 4.76244876868e-11, 4.38345644505e-11, 2.3585716713e-11, 1.14955024666e-11, 4.61491999129e-12, 3.44282566865e-12, 6.24572182167e-12, 4.11878951084e-12, 4.43282910378e-12, 1.04850763488e-11, 3.19892680054e-12, 1.78651733164e-12, 2.11183631346e-12, 1.11534078414e-12, 1.31047690061e-12], "dvar2": [0.000112082314445, 2.48424148594e-05, 4.37778398918e-05, 6.78493336181e-07, 6.90984123253e-08, 8.24194472671e-08, 5.28503178998e-08, 7.37095646741e-08, 1.54065290303e-07, 1.29628091372e-07, 6.00792162686e-08, 7.31422673539e-08, 6.8037742551e-08, 6.24088215773e-07, 3.00551391774e-07, 9.23556513044e-07, 3.17527124594e-08, 9.29656280846e-08, 2.45114563313e-07, 2.72287543623e-08, 1.75052203844e-08, 2.67351718541e-09, 1.7424365284e-09, 7.16181502991e-10, 1.93032617668e-10, 1.09193501463e-10, 9.39276295631e-11, 5.31505880974e-11, 2.41935048384e-11, 1.11881528347e-11, 7.25453377926e-12, 1.45264815801e-11, 8.81031185507e-12, 9.56118604428e-12, 2.41962387626e-11, 6.52813957405e-12, 3.67306835988e-12, 4.39031666924e-12, 2.38366531374e-12, 2.75567177584e-12], "max": [0.0784089565277, 0.0270925294608, 0.0266108326614, 0.00439838413149, 0.00248023867607, 0.0020210086368, 0.00277608376928, 0.00534672755748, 0.00801697745919, 0.00617086794227, 0.00364638259634, 0.00501710455865, 0.00403199810535, 0.0189641937613, 0.024278730154, 0.0179284699261, 0.00197981228121, 0.00357425538823, 0.020793935284, 0.00151230080519, 0.00111267250031, 0.000469313410576, 0.000789421668742, 0.000292406708468, 0.000187070923857, 0.000135479844175, 0.000113233290904, 7.78434696258e-05, 8.36938634166e-05, 2.84586458292e-05, 3.38585377904e-05, 2.89595100185e-05, 1.90980026673e-05, 1.85978260561e-05, 2.83837380266e-05, 1.51017175085e-05, 1.20456870718e-05, 9.88523970591e-06, 8.31312354421e-06, 9.77136005531e-06], "mean": [0.0134617555887, 0.00421728519723, 0.00100878905505, 0.000343868421623, 0.000187416590052, 0.000137320253998, 9.20046877582e-05, 9.38297016546e-05, 0.000101136502053, 0.000106515581138, 6.81719611748e-05, 9.38396478887e-05, 7.6680087659e-05, 0.000124942322145, 7.61724222684e-05, 0.000133762456244, 9.79979813565e-05, 0.00014891968749, 0.00017900315288, 7.65602453612e-05, 4.50732950412e-05, 2.82766250166e-05, 2.17015331145e-05, 1.31290589707e-05, 4.51660935141e-06, 3.64448055734e-06, 4.20870492235e-06, 3.31330511472e-06, 2.42316946242e-06, 1.32964510158e-06, 1.22403218938e-06, 1.41317411817e-06, 1.12500026717e-06, 1.19997662296e-06, 1.36510129778e-06, 8.56030794694e-07, 7.33875367587e-07, 7.34613649911e-07, 5.74360456085e-07, 6.14268628851e-07], "median": [0.00149757810868, 0.00140837975778, 0.000307239824906, 0.000205560529139, 0.000124584606965, 6.65898769512e-05, 3.25387554767e-05, 3.09454408125e-05, 2.53278649325e-05, 2.14963820326e-05, 1.7847682102e-05, 1.80834776984e-05, 2.21761474677e-05, 1.38612413139e-05, 9.27031669562e-06, 1.27486864585e-05, 2.17530196096e-05, 3.69135887013e-05, 2.26519914577e-05, 1.53848905029e-05, 1.34430110847e-05, 6.91878540238e-06, 7.2591406024e-06, 4.50360221294e-06, 1.48339802308e-06, 1.41966154388e-06, 1.214270128e-06, 5.80165533393e-07, 3.79380992399e-07, 2.73200669199e-07, 2.35860525777e-07, 1.80206185973e-07, 1.39965308676e-07, 2.74779665688e-07, 2.41434207737e-07, 1.31287848149e-07, 1.41414972177e-07, 1.21498914041e-07, 1.09835077922e-07, 9.75556488925e-08], "min": [2.82165625872e-24, 2.84491246985e-24, 1.88964727313e-24, 1.77369126761e-23, 5.38080011856e-24, 5.35318091498e-24, 1.47636048108e-24, 1.30371223719e-23, 8.79789430778e-24, 6.39173877924e-24, 6.00106054352e-24, 5.78693213941e-24, 9.86535327459e-24, 1.13032439676e-23, 7.65381643668e-24, 8.01854469849e-24, 6.57892955559e-24, 8.93358075006e-24, 8.88631220462e-24, 4.57785765175e-24, 7.68055961023e-24, 5.89884586388e-24, 3.32685796799e-24, 8.12397280303e-24, 9.28701094598e-24, 6.01576530522e-24, 8.01629486719e-24, 9.36975693291e-24, 8.14136718599e-24, 1.4008528846e-23, 6.08750510481e-24, 1.16997167811e-23, 8.48131022702e-24, 9.32007368424e-24, 5.49905431256e-24, 5.06893145386e-24, 7.44669548399e-24, 7.59580360571e-24, 9.02644072266e-24, 1.09101159243e-23], "var": [0.000443952652859, 2.83657918771e-05, 8.8953120212e-06, 2.26056656061e-07, 4.62792364431e-08, 3.81057851939e-08, 2.54761669538e-08, 7.47112736121e-08, 1.52162314748e-07, 1.162954959e-07, 3.74882382914e-08, 7.53597078074e-08, 4.89543197091e-08, 7.34367461064e-07, 3.99954132035e-07, 3.71213246808e-07, 3.01819902404e-08, 7.13528862661e-08, 3.8555239712e-07, 2.05552339594e-08, 8.71411476311e-09, 2.50063680873e-09, 1.74080183601e-09, 4.70090966154e-10, 1.03476484326e-10, 5.87911525018e-11, 6.21172002724e-11, 4.06211418669e-11, 3.35301925114e-11, 5.60384811471e-12, 5.18597578075e-12, 8.20513015171e-12, 5.53504464484e-12, 5.54425559282e-12, 1.11355820398e-11, 4.02366161223e-12, 2.38132538861e-12, 2.45655210583e-12, 1.33771867281e-12, 1.60967094688e-12]}, "mfcc": {"mean": [-698.125183105, 131.371856689, -3.4478085041, 18.8964767456, 31.6770095825, 17.7132358551, 3.81820678711, 7.99309921265, 8.31820487976, 8.68528556824, 1.42928862572, 0.00348158134148, 2.44133353233], "cov": [[15751.5957031, 699.738037109, -1739.65539551, -99.3039245605, -76.9356994629, -60.7715148926, -371.661224365, -189.53918457, -137.372299194, -39.756477356, -22.7253799438, -113.778511047, -68.0831985474], [699.738037109, 1737.9152832, -616.475769043, 91.0640563965, 251.485458374, -62.8482513428, -51.4403800964, 2.76051640511, 25.8138694763, 83.1770706177, 30.127779007, -29.6656990051, 54.8853149414], [-1739.65539551, -616.475769043, 2016.1439209, 318.215362549, -60.648891449, 317.499389648, 259.233093262, 233.671920776, 142.936798096, -7.88441324234, 41.8091392517, 86.1797561646, -9.65741729736], [-99.3039245605, 91.0640563965, 318.215362549, 441.561889648, 159.987380981, 111.668334961, 28.51927948, 66.2210540771, 60.6857757568, 39.1144714355, 28.7370243073, 39.5048332214, 20.6568279266], [-76.9356994629, 251.485458374, -60.648891449, 159.987380981, 440.078216553, 153.531570435, 17.710817337, 59.4321708679, 66.887878418, 84.7273483276, 50.0124931335, 33.0357131958, 42.6879768372], [-60.7715148926, -62.8482513428, 317.499389648, 111.668334961, 153.531570435, 332.854675293, 161.484268188, 97.0623931885, 56.5338554382, 46.7516288757, 42.489730835, 40.8038330078, 19.9856128693], [-371.661224365, -51.4403800964, 259.233093262, 28.51927948, 17.710817337, 161.484268188, 255.404403687, 140.152481079, 48.6764678955, 49.477519989, 45.1461601257, 50.7087631226, 29.4953575134], [-189.53918457, 2.76051640511, 233.671920776, 66.2210540771, 59.4321708679, 97.0623931885, 140.152481079, 186.515838623, 110.623428345, 48.1074485779, 38.4778251648, 43.3195610046, 42.3026351929], [-137.372299194, 25.8138694763, 142.936798096, 60.6857757568, 66.887878418, 56.5338554382, 48.6764678955, 110.623428345, 162.523223877, 91.8666610718, 33.0378952026, 22.6455345154, 21.4294452667], [-39.756477356, 83.1770706177, -7.88441324234, 39.1144714355, 84.7273483276, 46.7516288757, 49.477519989, 48.1074485779, 91.8666610718, 150.371429443, 75.8612823486, 22.8660144806, 14.5747976303], [-22.7253799438, 30.127779007, 41.8091392517, 28.7370243073, 50.0124931335, 42.489730835, 45.1461601257, 38.4778251648, 33.0378952026, 75.8612823486, 100.0260849, 54.2411308289, 11.3450527191], [-113.778511047, -29.6656990051, 86.1797561646, 39.5048332214, 33.0357131958, 40.8038330078, 50.7087631226, 43.3195610046, 22.6455345154, 22.8660144806, 54.2411308289, 105.001152039, 54.8862342834], [-68.0831985474, 54.8853149414, -9.65741729736, 20.6568279266, 42.6879768372, 19.9856128693, 29.4953575134, 42.3026351929, 21.4294452667, 14.5747976303, 11.3450527191, 54.8862342834, 101.957092285]], "icov": [[7.70239785197e-05, -1.66758545674e-05, 8.57000704855e-05, -3.58477373084e-05, 0.000110878128908, -0.000171212144778, 0.000206006341614, -0.000167799385963, 8.26914474601e-05, -2.2174197511e-05, -2.59003772953e-05, -1.18976422527e-05, 6.80305092828e-05], [-1.66758545674e-05, 0.00076282263035, 0.000207787976251, -0.000246100185905, -0.000370990717784, 0.000311657669954, -0.000229856334045, 9.58777945925e-06, -9.24331179704e-05, 5.52852798137e-05, -0.000449023587862, 0.000740389572456, -0.000532561854925], [8.57000704855e-05, 0.000207787976251, 0.000992559362203, -0.000641141610686, 0.000542057619896, -0.000714148452971, -4.94775958941e-05, -0.00054667564109, -0.000562475877814, 0.000726559432223, -0.000331574614393, -0.000176651752554, 0.000469803897431], [-3.58477373084e-05, -0.000246100185905, -0.000641141610686, 0.00326825981028, -0.000954973511398, -0.000293107703328, 0.000868519768119, -0.000596549827605, 0.00033046072349, -0.000705609796569, 0.000818464148324, -0.00110758491792, 0.000375779025489], [0.000110878128908, -0.000370990717784, 0.000542057619896, -0.000954973511398, 0.00424868240952, -0.00262223859318, 0.00225731055252, -0.00175870279782, 0.000736007874366, -0.00165126821958, 0.000105087616248, -0.00040686209104, -0.000380915065762], [-0.000171212144778, 0.000311657669954, -0.000714148452971, -0.000293107703328, -0.00262223859318, 0.00674237497151, -0.0047179502435, 0.00234795478173, -0.00154983776156, 0.00137624226045, -0.00103847193532, 0.000864600238856, -0.000344293366652], [0.000206006341614, -0.000229856334045, -4.94775958941e-05, 0.000868519768119, 0.00225731055252, -0.0047179502435, 0.0125776529312, -0.0107468059286, 0.00736356340349, -0.00634620385244, 0.00327400164679, -0.00344777456485, 0.00173189293128], [-0.000167799385963, 9.58777945925e-06, -0.00054667564109, -0.000596549827605, -0.00175870279782, 0.00234795478173, -0.0107468059286, 0.0215117428452, -0.0147202936932, 0.00941475946456, -0.0069759436883, 0.00386823201552, -0.00514648202807], [8.26914474601e-05, -9.24331179704e-05, -0.000562475877814, 0.00033046072349, 0.000736007874366, -0.00154983776156, 0.00736356340349, -0.0147202936932, 0.0215542763472, -0.0151046384126, 0.0091653354466, -0.00431626755744, 0.0028903351631], [-2.2174197511e-05, 5.52852798137e-05, 0.000726559432223, -0.000705609796569, -0.00165126821958, 0.00137624226045, -0.00634620385244, 0.00941475946456, -0.0151046384126, 0.0236498229206, -0.017536951229, 0.00814739707857, -0.00412215245888], [-2.59003772953e-05, -0.000449023587862, -0.000331574614393, 0.000818464148324, 0.000105087616248, -0.00103847193532, 0.00327400164679, -0.0069759436883, 0.0091653354466, -0.017536951229, 0.0298607107252, -0.0164046250284, 0.00822287146002], [-1.18976422527e-05, 0.000740389572456, -0.000176651752554, -0.00110758491792, -0.00040686209104, 0.000864600238856, -0.00344777456485, 0.00386823201552, -0.00431626755744, 0.00814739707857, -0.0164046250284, 0.0241790916771, -0.0122538525611], [6.80305092828e-05, -0.000532561854925, 0.000469803897431, 0.000375779025489, -0.000380915065762, -0.000344293366652, 0.00173189293128, -0.00514648202807, 0.0028903351631, -0.00412215245888, 0.00822287146002, -0.0122538525611, 0.017633151263]]}, "spectral_contrast_coeffs": {"dmean": [0.0551630184054, 0.0483526103199, 0.0457091592252, 0.0421349592507, 0.031158529222, 0.0219748225063], "dmean2": [0.090997710824, 0.0795839205384, 0.0721399560571, 0.0635749548674, 0.0484426096082, 0.0338028557599], "dvar": [0.00263120559976, 0.00150605966337, 0.00155517423991, 0.00129831035156, 0.00076492340304, 0.000350825866917], "dvar2": [0.00696175405756, 0.00398239772767, 0.00356355053373, 0.00274189352058, 0.00164666911587, 0.000815345265437], "max": [-0.347228944302, -0.421384990215, -0.368963420391, -0.427198946476, -0.519367754459, -0.513581752777], "mean": [-0.682328879833, -0.770906865597, -0.785942852497, -0.752497076988, -0.777134478092, -0.81024056673], "median": [-0.69220995903, -0.771806240082, -0.797039806843, -0.757387876511, -0.779586791992, -0.807082295418], "min": [-0.971222937107, -0.979268193245, -0.984430134296, -0.966820478439, -0.96107673645, -0.960593163967], "var": [0.00695358775556, 0.00440659048036, 0.00588297238573, 0.00830957386643, 0.00450180284679, 0.00177038356196]}, "spectral_contrast_valleys": {"dmean": [0.459620296955, 0.54178750515, 0.523227989674, 0.530746638775, 0.575002670288, 0.795349597931], "dmean2": [0.719974935055, 0.85964602232, 0.809826612473, 0.791159927845, 0.821209728718, 1.04293990135], "dvar": [0.223382815719, 0.321854948997, 0.298391491175, 0.303136110306, 0.346608102322, 0.504020690918], "dvar2": [0.459523379803, 0.765562176704, 0.66672283411, 0.654415011406, 0.731920599937, 1.23191070557], "max": [-5.20432329178, -5.04929924011, -5.37471485138, -5.37028312683, -6.05351257324, -8.15939998627], "mean": [-7.3227314949, -7.45672893524, -7.83958244