{"lowlevel": {"average_loudness": 0.914338588715, "barkbands_crest": {"dmean": 3.30987358093, "dmean2": 5.37376737595, "dvar": 18.5452365875, "dvar2": 41.4051017761, "max": 26.9907150269, "mean": 17.5651283264, "median": 17.3487300873, "min": 3.11473202705, "var": 46.5640678406}, "barkbands_flatness_db": {"dmean": 0.120783478022, "dmean2": 0.1635106951, "dvar": 0.0120546631515, "dvar2": 0.0224860180169, "max": 0.934505164623, "mean": 0.421317845583, "median": 0.424014866352, "min": 0.0210007745773, "var": 0.0447302572429}, "barkbands_kurtosis": {"dmean": 88.200553894, "dmean2": 145.597946167, "dvar": 76117.53125, "dvar2": 179572.015625, "max": 9647.84375, "mean": 93.3669052124, "median": 19.7395896912, "min": -1.97777783871, "var": 101813.578125}, "barkbands_skewness": {"dmean": 3.03509140015, "dmean2": 4.76795244217, "dvar": 16.1690864563, "dvar2": 37.7146987915, "max": 76.5357971191, "mean": 4.39846038818, "median": 3.0532772541, "min": -7.73193216324, "var": 32.2870941162}, "barkbands_spread": {"dmean": 6.70874214172, "dmean2": 11.1925783157, "dvar": 189.720794678, "dvar2": 457.137084961, "max": 114.926795959, "mean": 8.10762119293, "median": 1.90151762962, "min": 0.00363114988431, "var": 232.340499878}, "dissonance": {"dmean": 0.0750520601869, "dmean2": 0.119832351804, "dvar": 0.00545167084783, "dvar2": 0.0129910772666, "max": 0.500000119209, "mean": 0.328386545181, "median": 0.345805644989, "min": 0.0178716890514, "var": 0.0162245873362}, "dynamic_complexity": 5.58373451233, "erbbands_crest": {"dmean": 4.31884765625, "dmean2": 6.81114816666, "dvar": 21.5117797852, "dvar2": 49.0635490417, "max": 35.1879043579, "mean": 17.1351566315, "median": 17.068359375, "min": 2.15168642998, "var": 53.8628616333}, "erbbands_flatness_db": {"dmean": 0.0864180102944, "dmean2": 0.123553201556, "dvar": 0.00701317610219, "dvar2": 0.0135096590966, "max": 0.71246868372, "mean": 0.308386206627, "median": 0.296983718872, "min": 0.0322109796107, "var": 0.0212410315871}, "erbbands_kurtosis": {"dmean": 20.9939002991, "dmean2": 35.3254203796, "dvar": 1219.85534668, "dvar2": 3113.46142578, "max": 330.695281982, "mean": 22.4177398682, "median": 7.60265541077, "min": -1.9821536541, "var": 1362.66430664}, "erbbands_skewness": {"dmean": 1.80504822731, "dmean2": 2.82836031914, "dvar": 3.67469787598, "dvar2": 8.78754234314, "max": 13.4488658905, "mean": 2.00509119034, "median": 1.68758106232, "min": -7.31536865234, "var": 7.26526784897}, "erbbands_spread": {"dmean": 14.3632125854, "dmean2": 22.4510860443, "dvar": 389.922332764, "dvar2": 893.668945312, "max": 178.364532471, "mean": 21.9579849243, "median": 11.0938625336, "min": 0.254284054041, "var": 665.37701416}, "hfc": {"dmean": 2.19418215752, "dmean2": 3.27905964851, "dvar": 17.2522373199, "dvar2": 32.7308883667, "max": 55.4442901611, "mean": 5.71034240723, "median": 3.5674059391, "min": 1.14983121168e-16, "var": 63.2888183594}, "melbands_crest": {"dmean": 3.80737614632, "dmean2": 6.16555023193, "dvar": 25.830034256, "dvar2": 60.4356651306, "max": 38.4373550415, "mean": 21.1675071716, "median": 21.6203613281, "min": 1.70006561279, "var": 57.6497192383}, "melbands_flatness_db": {"dmean": 0.135373726487, "dmean2": 0.182062327862, "dvar": 0.0154781267047, "dvar2": 0.0305419433862, "max": 1, "mean": 0.537462353706, "median": 0.557445287704, "min": 0.00276013580151, "var": 0.0636192783713}, "melbands_kurtosis": {"dmean": 54.5149612427, "dmean2": 89.4822921753, "dvar": 9000.37890625, "dvar2": 22790.7480469, "max": 1105.32727051, "mean": 59.658782959, "median": 17.7409973145, "min": -1.87888991833, "var": 11069.1533203}, "melbands_skewness": {"dmean": 2.42210245132, "dmean2": 3.86702799797, "dvar": 7.91993236542, "dvar2": 20.1497974396, "max": 23.9283332825, "mean": 3.46597504616, "median": 2.43883132935, "min": -8.42866611481, "var": 15.0970697403}, "melbands_spread": {"dmean": 11.0815191269, "dmean2": 19.8924121857, "dvar": 816.786010742, "dvar2": 2174.43310547, "max": 235.406707764, "mean": 14.0588874817, "median": 1.73815333843, "min": 0.136826276779, "var": 1142.28308105}, "pitch_salience": {"dmean": 0.127337396145, "dmean2": 0.199662178755, "dvar": 0.0259387493134, "dvar2": 0.0612194314599, "max": 0.969790637493, "mean": 0.351741820574, "median": 0.286483377218, "min": 0.0148501815274, "var": 0.0520662255585}, "silence_rate_20dB": {"dmean": 0, "dmean2": 0, "dvar": 0, "dvar2": 0, "max": 1, "mean": 1, "median": 1, "min": 1, "var": 0}, "silence_rate_30dB": {"dmean": 0.0308064036071, "dmean2": 0.0616314187646, "dvar": 0.0298560671508, "dvar2": 0.0638761967421, "max": 1, "mean": 0.950483083725, "median": 1, "min": 0, "var": 0.0470658168197}, "silence_rate_60dB": {"dmean": 0.106312289834, "dmean2": 0.212688818574, "dvar": 0.0950085818768, "dvar2": 0.175909131765, "max": 1, "mean": 0.338164240122, "median": 0, "min": 0, "var": 0.22381234169}, "spectral_centroid": {"dmean": 381.028991699, "dmean2": 635.824523926, "dvar": 643480.8125, "dvar2": 1581985.75, "max": 11516.8242188, "mean": 733.54498291, "median": 307.280883789, "min": 72.5303268433, "var": 1101290}, "spectral_complexity": {"dmean": 1.14889764786, "dmean2": 1.96435046196, "dvar": 2.93859386444, "dvar2": 6.59027528763, "max": 17, "mean": 2.4978864193, "median": 2, "min": 0, "var": 5.15821838379}, "spectral_decrease": {"dmean": 2.97015678719e-09, "dmean2": 4.23277146666e-09, "dvar": 2.61704576796e-17, "dvar2": 4.17448905311e-17, "max": 1.02002045319e-14, "mean": -9.32990396052e-09, "median": -6.13089579105e-09, "min": -4.3435850472e-08, "var": 1.01056086335e-16}, "spectral_energy": {"dmean": 0.0113543914631, "dmean2": 0.016178606078, "dvar": 0.000380715006031, "dvar2": 0.000606329005677, "max": 0.168965920806, "mean": 0.0357310958207, "median": 0.0236750952899, "min": 1.0477694063e-20, "var": 0.00147994374856}, "spectral_energyband_high": {"dmean": 5.80753621762e-05, "dmean2": 0.000106820785732, "dvar": 3.68781556404e-08, "dvar2": 1.02018304915e-07, "max": 0.00215703179128, "mean": 3.6203815398e-05, "median": 2.90710431727e-07, "min": 7.97042965481e-21, "var": 2.42929409922e-08}, "spectral_energyband_low": {"dmean": 0.00974586140364, "dmean2": 0.0139311999083, "dvar": 0.000317575642839, "dvar2": 0.000508413650095, "max": 0.145005688071, "mean": 0.027624649927, "median": 0.01128754206, "min": 8.0845267601e-23, "var": 0.00106159585994}, "spectral_energyband_middle_high": {"dmean": 0.000284072943032, "dmean2": 0.000471669511171, "dvar": 7.05102820575e-07, "dvar2": 1.78359050551e-06, "max": 0.0114053450525, "mean": 0.000247508054599, "median": 8.98020425666e-06, "min": 1.21533521597e-21, "var": 6.5192494958e-07}, "spectral_energyband_middle_low": {"dmean": 0.00314142764546, "dmean2": 0.00441304128617, "dvar": 9.76782030193e-05, "dvar2": 0.000152253400302, "max": 0.166719853878, "mean": 0.0082080271095, "median": 0.00107130059041, "min": 4.00311315996e-22, "var": 0.000451773987152}, "spectral_entropy": {"dmean": 0.989023983479, "dmean2": 1.39213311672, "dvar": 0.942274391651, "dvar2": 1.78385865688, "max": 9.79891777039, "mean": 5.38741159439, "median": 5.19874000549, "min": 2.1349170208, "var": 2.94187712669}, "spectral_flux": {"dmean": 0.0505201183259, "dmean2": 0.0789090171456, "dvar": 0.00358052458614, "dvar2": 0.00809421110898, "max": 0.345641136169, "mean": 0.0540931299329, "median": 0.0229702722281, "min": 1.02360606102e-10, "var": 0.00427305372432}, "spectral_kurtosis": {"dmean": 70.2702941895, "dmean2": 114.552650452, "dvar": 18934.5625, "dvar2": 49968.7304688, "max": 2019.59680176, "mean": 80.647277832, "median": 23.2123756409, "min": -1.19574677944, "var": 19633.2011719}, "spectral_rms": {"dmean": 0.00111709604971, "dmean2": 0.00147509004455, "dvar": 2.85491069008e-06, "dvar2": 3.59823570761e-06, "max": 0.0128391897306, "mean": 0.004550895188, "median": 0.00480600167066, "min": 3.19720834009e-12, "var": 1.41489981615e-05}, "spectral_rolloff": {"dmean": 1133.37475586, "dmean2": 2151.68383789, "dvar": 11794196, "dvar2": 31226978, "max": 18647.7539062, "mean": 1645.71447754, "median": 258.3984375, "min": 21.533203125, "var": 17472286}, "spectral_skewness": {"dmean": 2.83152508736, "dmean2": 4.21587562561, "dvar": 12.5059423447, "dvar2": 27.8171825409, "max": 37.7523078918, "mean": 5.98833274841, "median": 4.00249099731, "min": -0.0733628198504, "var": 26.9118766785}, "spectral_spread": {"dmean": 1879659, "dmean2": 2992237, "dvar": 5420519784450.0, "dvar2": 11934162223100.0, "max": 40613428, "mean": 3827455, "median": 2829301.5, "min": 74392.4375, "var": 10192571858900.0}, "spectral_strongpeak": {"dmean": 0.225122854114, "dmean2": 0.326135098934, "dvar": 0.203734710813, "dvar2": 0.358898878098, "max": 5.92711353302, "mean": 0.689883291721, "median": 0.487056851387, "min": 0, "var": 0.835951447487}, "zerocrossingrate": {"dmean": 0.0191296823323, "dmean2": 0.0261248163879, "dvar": 0.00153103598859, "dvar2": 0.0022267322056, "max": 0.849609375, "mean": 0.0700319483876, "median": 0.01416015625, "min": 0.0009765625, "var": 0.0303295962512}, "barkbands": {"dmean": [0.000145569734741, 0.00758234737441, 0.00268480018713, 0.000333026604494, 0.000821322493721, 0.0018190164119, 0.000451301108114, 7.1510381531e-05, 6.28767593298e-05, 3.51966118615e-05, 3.19571845466e-05, 3.28048590745e-05, 6.53275719742e-06, 6.49303410682e-06, 4.76148888993e-05, 1.37042261485e-05, 6.37799748802e-05, 4.22113844252e-05, 1.94786352949e-05, 1.72100790223e-05, 8.67830203788e-06, 8.38795494928e-06, 6.75283399687e-06, 7.39986217013e-06, 8.6513991846e-06, 9.41250164033e-06, 6.60327168589e-06], "dmean2": [0.000268273724942, 0.0109489606693, 0.00378669635393, 0.000518621469382, 0.00113954639528, 0.00260980403982, 0.000640156969894, 0.000127764476929, 0.000118497038784, 6.53121169307e-05, 5.52502388018e-05, 6.0784186644e-05, 1.21785378724e-05, 1.11148901851e-05, 7.76255328674e-05, 2.51404326264e-05, 0.000110625318484, 7.01030658092e-05, 3.39398320648e-05, 3.02646058117e-05, 1.42289345604e-05, 1.57982485689e-05, 1.26962722788e-05, 1.38365394378e-05, 1.63754575624e-05, 1.78553946171e-05, 1.26161412481e-05], "dvar": [1.63384612506e-07, 0.000219803128857, 4.09767926612e-05, 4.04013320576e-07, 1.01223367892e-05, 5.6587949075e-05, 5.43524174645e-06, 7.24053208501e-08, 6.85679850676e-08, 2.94997004602e-08, 2.29845671385e-08, 2.98728544124e-08, 4.97741237115e-10, 9.4656094074e-10, 6.58948593468e-08, 5.23098009353e-09, 1.15114296761e-07, 3.95488299887e-08, 1.09707016804e-08, 2.52864733596e-08, 3.32358407462e-09, 2.23112461839e-09, 1.13469522667e-09, 1.02301556115e-09, 1.19710585889e-09, 1.14788001326e-09, 6.59343968312e-10], "dvar2": [4.61063564217e-07, 0.000350955000613, 6.17685946054e-05, 9.41133350807e-07, 1.62361830007e-05, 8.92602329259e-05, 8.22553374746e-06, 2.03026544909e-07, 1.97205878294e-07, 8.54337685041e-08, 5.80247778714e-08, 8.51570405302e-08, 1.41719225244e-09, 2.38878072878e-09, 1.652915671e-07, 1.49711691932e-08, 3.09740102011e-07, 1.00705769057e-07, 2.82251235717e-08, 6.94054733685e-08, 6.89665524689e-09, 6.52783294086e-09, 3.28405369565e-09, 2.94446333982e-09, 3.44442407929e-09, 3.2925957516e-09, 1.90862969873e-09], "max": [0.00517437746748, 0.106790602207, 0.0603331327438, 0.00904972199351, 0.103647083044, 0.166245564818, 0.0610056631267, 0.00443000765517, 0.00462500657886, 0.00422031152993, 0.00571364490315, 0.00299674365669, 0.000506360491272, 0.000895251287147, 0.00530042033643, 0.00184253545012, 0.00585709279403, 0.00398628693074, 0.00219180178829, 0.00484768440947, 0.00199050689116, 0.000753199157771, 0.000620831968263, 0.000539323722478, 0.000481603114167, 0.000439679541159, 0.000377830525395], "mean": [0.000124706173665, 0.0205089543015, 0.0066105434671, 0.000574727833737, 0.00185338477604, 0.00464577553794, 0.00102170952596, 6.41966980766e-05, 3.84367303923e-05, 2.45004648605e-05, 3.00507545035e-05, 2.33645278058e-05, 3.99318878408e-06, 5.66523931411e-06, 4.0643131797e-05, 8.71652537171e-06, 5.12014157721e-05, 3.74084738723e-05, 1.59490100486e-05, 1.2867309124e-05, 7.36043784855e-06, 4.90460888614e-06, 3.91241565012e-06, 4.34383764514e-06, 4.93651714351e-06, 5.31162231709e-06, 3.65878486264e-06], "median": [3.4452887121e-06, 0.00306395022199, 0.000809096964076, 0.000130162428832, 3.6391102185e-05, 1.44773748616e-05, 2.18252898776e-06, 6.76737158756e-07, 7.2429179454e-07, 2.71053238521e-07, 9.30333357019e-08, 2.14023486933e-07, 6.19400566393e-08, 5.63330004866e-08, 6.31730472378e-08, 5.20643617108e-08, 3.54914604372e-08, 2.92566486593e-08, 2.3460703602e-08, 1.90673077327e-08, 2.13722373132e-08, 2.59193555507e-08, 1.79836732173e-08, 2.41585915717e-08, 1.80914714321e-08, 1.62160098682e-08, 9.2656176065e-09], "min": [6.53173737188e-23, 3.71930751198e-23, 1.74019055377e-23, 5.92965009337e-24, 1.54408415035e-23, 1.06981819735e-22, 9.61555684019e-23, 9.01637406864e-23, 7.41338472786e-23, 7.01698464735e-23, 1.56118640234e-22, 6.62456295014e-23, 6.30462368618e-23, 7.83069845761e-23, 1.38073099929e-22, 1.02203449418e-22, 1.02794180018e-22, 1.55179554969e-22, 2.15514098247e-22, 3.35207370172e-22, 3.16410140087e-22, 5.80519483734e-22, 6.30089130125e-22, 1.06620026666e-21, 1.21938478609e-21, 1.67168970978e-21, 2.35830262965e-21], "var": [1.18643463054e-07, 0.000743743381463, 0.000162465206813, 9.52759023676e-07, 4.16364418925e-05, 0.000248212425504, 2.34296530834e-05, 5.97421845328e-08, 3.8407772962e-08, 1.73204295351e-08, 4.77587747127e-08, 1.93279756644e-08, 2.89720220037e-10, 1.08830444656e-09, 5.60638362401e-08, 3.05539260559e-09, 8.44889100904e-08, 3.45584538763e-08, 9.62887103384e-09, 1.76225594117e-08, 4.14585610287e-09, 1.20428333972e-09, 6.26548257721e-10, 5.73435243734e-10, 6.67594035608e-10, 6.41805386614e-10, 3.59360596836e-10]}, "erbbands": {"dmean": [0.153921440244, 1.91199755669, 3.69903588295, 1.63585591316, 1.20581173897, 2.9878578186, 10.4226474762, 13.8674764633, 11.1241645813, 2.51767897606, 1.56960380077, 1.43942439556, 1.24463367462, 1.07409071922, 1.51393568516, 1.08905386925, 0.348857313395, 0.332475274801, 0.442375689745, 3.4213821888, 1.52961456776, 2.68254971504, 2.16809725761, 1.84500718117, 0.89116358757, 0.966987133026, 0.341204434633, 0.330002516508, 0.325976699591, 0.228056550026, 0.19003111124, 0.143281370401, 0.135431438684, 0.101143844426, 0.0571748949587, 0.0335030071437, 0.018872436136, 0.0065696737729, 0.00120204384439, 5.70976299059e-05], "dmean2": [0.235953763127, 2.72236776352, 5.25386714935, 2.35387015343, 1.65390408039, 4.15246248245, 14.9697093964, 20.3694114685, 15.2474918365, 3.96244907379, 2.81694960594, 2.70132470131, 2.32878422737, 1.92615580559, 2.71351051331, 1.97877264023, 0.642540633678, 0.572570383549, 0.740194201469, 5.6004576683, 2.56273770332, 4.66281414032, 3.68703746796, 3.05455970764, 1.46260166168, 1.68452870846, 0.566102027893, 0.563116371632, 0.606544494629, 0.432121306658, 0.355241507292, 0.267008394003, 0.25432407856, 0.191561877728, 0.108095347881, 0.0634177550673, 0.0358316712081, 0.0125324120745, 0.00229895371012, 0.000104818478576], "dvar": [0.140729635954, 13.3506660461, 67.5645904541, 13.4632730484, 6.06126928329, 198.613632202, 3468.88891602, 3679.80297852, 3488.84570312, 101.940811157, 34.5358810425, 36.2499160767, 29.6453762054, 24.6960010529, 51.8633995056, 26.0164051056, 1.35202300549, 1.97121930122, 2.47073340416, 359.561767578, 51.7865829468, 219.899536133, 114.723480225, 67.6848983765, 32.9301643372, 90.0511474609, 4.36419725418, 4.19375658035, 3.46143341064, 1.66978478432, 1.02037549019, 0.491242170334, 0.370017856359, 0.213750377297, 0.0459207519889, 0.0150580862537, 0.00538618816063, 0.000633183575701, 2.43194317591e-05, 3.78862949901e-08], "dvar2": [0.226768106222, 21.5304412842, 105.962493896, 21.1686553955, 11.286198616, 306.137298584, 5339.85595703, 6083.94384766, 5358.34619141, 179.020172119, 97.6604537964, 104.117240906, 85.1840362549, 70.0034408569, 144.294464111, 70.2208709717, 3.72514605522, 5.09100675583, 6.2376203537, 907.61932373, 132.269393921, 590.157165527, 300.998443604, 161.421142578, 80.0309295654, 246.672470093, 8.85796451569, 9.82408905029, 10.0286064148, 4.88267612457, 2.96022105217, 1.42146384716, 1.06904459, 0.620194792747, 0.130978643894, 0.0430457368493, 0.0155171742663, 0.00182762544136, 7.06419377821e-05, 1.09765203149e-07], "max": [3.61213588715, 28.9789276123, 83.7722930908, 59.9769515991, 58.2372665405, 592.629821777, 1432.56066895, 1420.88110352, 1290.53112793, 289.442352295, 119.578933716, 103.683113098, 112.942214966, 123.157463074, 161.224838257, 101.477012634, 24.5883655548, 40.2316093445, 30.0540714264, 389.98638916, 117.598655701, 256.927429199, 185.97706604, 118.075767517, 138.037124634, 295.60760498, 52.8804664612, 65.6437072754, 33.3585548401, 22.9949131012, 26.013168335, 16.1216259003, 9.10754489899, 7.74334621429, 2.58561444283, 1.86993122101, 1.0474998951, 0.371565371752, 0.0811200812459, 0.00307791936211], "mean": [0.409611493349, 5.17630195618, 9.46785449982, 3.86314511299, 2.22595357895, 6.27712631226, 28.1297950745, 32.6902351379, 26.627779007, 4.09642457962, 1.45948576927, 0.926962375641, 0.84569466114, 0.842368721962, 1.2426315546, 0.863225519657, 0.23380240798, 0.281311988831, 0.370399445295, 2.88998007774, 1.28569161892, 2.10925555229, 1.79580891132, 1.70521748066, 0.766295433044, 0.749020755291, 0.280240476131, 0.254911363125, 0.198013454676, 0.130944162607, 0.111352413893, 0.0838329046965, 0.078835695982, 0.0579238981009, 0.0326826870441, 0.0190871953964, 0.0106568010524, 0.00365748815238, 0.000680270604789, 6.78604192217e-05], "median": [0.0312584862113, 1.01461219788, 1.88163936138, 0.972629070282, 0.307427853346, 0.170785412192, 0.176907718182, 0.156820565462, 0.111821196973, 0.0599269270897, 0.0344529263675, 0.0257710255682, 0.0209191516042, 0.0127507280558, 0.0105802547187, 0.0141931511462, 0.00622217729688, 0.00535707268864, 0.00474078021944, 0.00510086119175, 0.00412736367434, 0.00343788741156, 0.00229190150276, 0.00195164559409, 0.00166883517522, 0.00132704735734, 0.00103312265128, 0.000857697916217, 0.000970267457888, 0.000736621965189, 0.000618776713964, 0.00050410523545, 0.000411562330555, 0.000272223260254, 0.000157780741574, 9.38439625315e-05, 4.33474269812e-05, 1.00802399174e-05, 2.84880152321e-05, 4.3381442083e-05], "min": [6.56679422429e-22, 1.03840788666e-20, 2.70351446257e-20, 1.42281139967e-20, 1.72585208669e-20, 6.95759966288e-20, 5.01201089156e-19, 8.92411868864e-19, 1.35297579757e-18, 1.08843930178e-18, 2.43886531511e-18, 1.86424507065e-18, 1.37331689262e-18, 5.15505161598e-18, 4.88470665792e-18, 2.82918599678e-18, 2.88248289801e-18, 4.19455306333e-18, 7.64164835436e-18, 5.65646120635e-18, 5.50702399765e-18, 5.46896252254e-18, 6.44113714312e-18, 1.30272906282e-17, 9.06166848475e-18, 1.75378122098e-17, 1.22249585212e-17, 1.60658261118e-17, 1.97364185733e-17, 1.83560791241e-17, 1.87718449154e-17, 1.81665257236e-17, 1.88124776814e-17, 1.36847776196e-17, 9.61100409263e-18, 5.38033673735e-18, 3.3670515047e-18, 1.5165125066e-18, 3.01969081003e-19, 3.56887980015e-20], "var": [0.501283109188, 44.8797416687, 251.385543823, 61.4327545166, 18.2931518555, 694.142150879, 17183.4179688, 14801.6738281, 14891.5595703, 365.157501221, 27.010892868, 20.58893013, 17.9418678284, 19.2573928833, 58.4432029724, 22.3544750214, 0.883464813232, 2.045773983, 2.27372837067, 300.877655029, 43.2085113525, 161.302825928, 92.3681564331, 68.5923614502, 31.3089923859, 63.2322425842, 5.31431388855, 4.60226345062, 1.98648869991, 0.896504282951, 0.561045050621, 0.272089809179, 0.205105781555, 0.116786986589, 0.0261786747724, 0.00850651599467, 0.00298536405899, 0.000347929482814, 1.31496508402e-05, 2.22516014503e-08]}, "gfcc": {"mean": [-335.167694092, 121.583976746, -21.1387577057, 25.3190460205, -24.5583972931, 1.23873758316, -23.2219371796, 1.28265357018, -9.95341205597, -1.30735087395, -4.35161924362, 0.540911376476, -4.6593670845], "cov": [[55804.046875, 6726.61474609, 741.970092773, 1132.65075684, 541.574951172, -665.638122559, -895.681335449, 388.292022705, -203.85345459, -400.67098999, -110.138565063, 337.698120117, -55.7560386658], [6726.61474609, 6179.28710938, 2168.49829102, -122.705787659, 411.586456299, -582.658813477, 212.052871704, -527.399780273, 156.846664429, -260.174072266, 361.918640137, -129.055282593, 309.725921631], [741.970092773, 2168.49829102, 3506.06396484, 857.591369629, 687.300598145, 307.493804932, 444.596343994, -160.423461914, 82.0192947388, -105.507362366, 22.5963306427, -143.426544189, 47.6947288513], [1132.65075684, -122.705787659, 857.591369629, 2151.65380859, 1356.69995117, 311.157684326, 67.944732666, 257.589385986, 69.8917541504, -239.972625732, -95.5493164062, -143.066192627, -67.2371139526], [541.574951172, 411.586456299, 687.300598145, 1356.69995117, 1698.39477539, 479.036834717, 214.040206909, 183.244476318, 135.056427002, -284.508392334, -46.3145141602, -197.144592285, 13.6703901291], [-665.638122559, -582.658813477, 307.493804932, 311.157684326, 479.036834717, 918.970153809, 433.706329346, 153.211090088, 57.2436180115, 26.0946121216, -134.479644775, -123.03993988, -126.535087585], [-895.681335449, 212.052871704, 444.596343994, 67.944732666, 214.040206909, 433.706329346, 633.849365234, 119.317710876, 35.0874443054, 18.5978069305, -20.0609798431, -159.253677368, -67.7895355225], [388.292022705, -527.399780273, -160.423461914, 257.589385986, 183.244476318, 153.211090088, 119.317710876, 467.075653076, 137.328155518, 18.86328125, -37.5998573303, -69.7361755371, -109.796730042], [-203.85345459, 156.846664429, 82.0192947388, 69.8917541504, 135.056427002, 57.2436180115, 35.0874443054, 137.328155518, 381.775817871, 71.1562194824, 23.4890518188, -47.1092414856, -26.8908252716], [-400.67098999, -260.174072266, -105.507362366, -239.972625732, -284.508392334, 26.0946121216, 18.5978069305, 18.86328125, 71.1562194824, 286.057922363, 51.3552818298, 7.85097265244, -36.5962181091], [-110.138565063, 361.918640137, 22.5963306427, -95.5493164062, -46.3145141602, -134.479644775, -20.0609798431, -37.5998573303, 23.4890518188, 51.3552818298, 279.674468994, 60.9401893616, 23.9994564056], [337.698120117, -129.055282593, -143.426544189, -143.066192627, -197.144592285, -123.03993988, -159.253677368, -69.7361755371, -47.1092414856, 7.85097265244, 60.9401893616, 297.613433838, 91.4087600708], [-55.7560386658, 309.725921631, 47.6947288513, -67.2371139526, 13.6703901291, -126.535087585, -67.7895355225, -109.796730042, -26.8908252716, -36.5962181091, 23.9994564056, 91.4087600708, 228.745544434]], "icov": [[2.8311224014e-05, -6.74951734254e-05, 2.12454524444e-05, -2.61829718511e-05, 1.30829685077e-05, -4.34264802607e-05, 8.20553104859e-05, -9.98512914521e-05, 7.11937245796e-05, -3.85936291423e-05, 7.35637077014e-05, -7.43107666494e-05, 6.19217680651e-05], [-6.74951734254e-05, 0.000506651995238, -0.000237175248913, 0.000201281291083, -0.000163887918461, 0.00042279731133, -0.000393228896428, 0.000509295088705, -0.000398982636398, 0.000371384579921, -0.000466979545308, 0.000371536676539, -0.000309216295136], [2.12454524444e-05, -0.000237175248913, 0.000509370060172, -0.000288821844151, 9.77258241619e-05, -0.000185514392797, -0.000165138641023, 0.000116941664601, 2.35078568949e-05, -0.000147053520777, 0.000156023568707, -0.000132926070364, 4.99325651617e-05], [-2.61829718511e-05, 0.000201281291083, -0.000288821844151, 0.00121737050358, -0.000985024846159, 0.000324785069097, 0.000143033001223, -0.000233190119616, 0.000115213952085, 5.52694000362e-05, 0.000100546756585, -4.03557023674e-05, 0.00033608317608], [1.30829685077e-05, -0.000163887918461, 9.77258241619e-05, -0.000985024846159, 0.00195277738385, -0.00100208108779, 0.000232568534557, -0.000179734211997, -0.000420411874074, 0.00118343834765, -0.000560346699785, 0.000732615182642, -0.000867247057613], [-4.34264802607e-05, 0.00042279731133, -0.000185514392797, 0.000324785069097, -0.00100208108779, 0.00271851732396, -0.00169498391915, 0.000484171381686, -0.000224393748795, -0.000609616166912, 0.000809454126284, -0.00047264539171, 0.000824897841085], [8.20553104859e-05, -0.000393228896428, -0.000165138641023, 0.000143033001223, 0.000232568534557, -0.00169498391915, 0.00340240402147, -0.00115430215374, 0.000630362192169, -8.86777343112e-05, -0.000313113734592, 0.000941936683375, -0.000151980406372], [-9.98512914521e-05, 0.000509295088705, 0.000116941664601, -0.000233190119616, -0.000179734211997, 0.000484171381686, -0.00115430215374, 0.00378846609965, -0.00147068756633, 0.000265049049631, -0.000190866514458, 0.0001955882326, 0.000759453279898], [7.11937245796e-05, -0.000398982636398, 2.35078568949e-05, 0.000115213952085, -0.000420411874074, -0.000224393748795, 0.000630362192169, -0.00147068756633, 0.00371198053472, -0.00143582653254, 0.000196248947759, -3.17248268402e-05, 0.000167178950505], [-3.85936291423e-05, 0.000371384579921, -0.000147053520777, 5.52694000362e-05, 0.00118343834765, -0.000609616166912, -8.86777343112e-05, 0.000265049049631, -0.00143582653254, 0.00559305911884, -0.00157913286239, 0.000705566373654, -0.000162615600857], [7.35637077014e-05, -0.000466979545308, 0.000156023568707, 0.000100546756585, -0.000560346699785, 0.000809454126284, -0.000313113734592, -0.000190866514458, 0.000196248947759, -0.00157913286239, 0.00503501901403, -0.00162633683067, 0.000836165505461], [-7.43107666494e-05, 0.000371536676539, -0.000132926070364, -4.03557023674e-05, 0.000732615182642, -0.00047264539171, 0.000941936683375, 0.0001955882326, -3.17248268402e-05, 0.000705566373654, -0.00162633683067, 0.00537993246689, -0.0023076212965], [6.19217680651e-05, -0.000309216295136, 4.99325651617e-05, 0.00033608317608, -0.000867247057613, 0.000824897841085, -0.000151980406372, 0.000759453279898, 0.000167178950505, -0.000162615600857, 0.000836165505461, -0.0023076212965, 0.0065495101735]]}, "melbands": {"dmean": [0.00178889720701, 0.00215759687126, 0.000280920678051, 0.000127649560454, 0.000315685087116, 0.000330554496031, 0.000154790075612, 2.26030460908e-05, 1.2431023606e-05, 8.84559085534e-06, 6.09391690887e-06, 4.24904737883e-06, 4.86485168949e-06, 4.31885428043e-06, 1.30465832626e-06, 5.94180448843e-07, 6.37146001736e-07, 4.49720801043e-07, 3.33586672241e-06, 3.01166801364e-06, 2.02724868359e-06, 3.03684123537e-06, 2.01854595616e-06, 2.64298432739e-06, 1.31834190142e-06, 6.93340609814e-07, 6.37496441414e-07, 5.65114476103e-07, 1.68203825979e-07, 2.14908439489e-07, 2.04193483455e-07, 1.89278068774e-07, 1.56770823878e-07, 1.18589262854e-07, 1.10562524469e-07, 9.45936307062e-08, 8.40288763015e-08, 8.95794443068e-08, 1.01792416274e-07, 7.94877550447e-08], "dmean2": [0.00261998618953, 0.00305871781893, 0.000396379182348, 0.00017641481827, 0.000447591912234, 0.000477745343233, 0.000211916369153, 3.72375761799e-05, 2.25695512199e-05, 1.66629015439e-05, 1.14147605927e-05, 7.6710484791e-06, 8.42875761009e-06, 8.07239939604e-06, 2.33693208429e-06, 1.10000883069e-06, 1.08500728402e-06, 7.92312221165e-07, 5.46585397387e-06, 4.96012717122e-06, 3.44123236573e-06, 5.22801610714e-06, 3.6580527194e-06, 4.46079366156e-06, 2.19191406359e-06, 1.13532178148e-06, 1.10612756998e-06, 9.9014243915e-07, 2.85159643454e-07, 3.61303278851e-07, 3.47842501469e-07, 3.51680625954e-07, 2.97625149415e-07, 2.25546273214e-07, 2.07635679317e-07, 1.7587112211e-07, 1.5741629511e-07, 1.67887677094e-07, 1.92454223225e-07, 1.5058084557e-07], "dvar": [1.41894070111e-05, 1.77515794348e-05, 3.5647130403e-07, 2.22667608796e-07, 2.69517749985e-06, 1.97636040866e-06, 6.49154344501e-07, 8.13335354621e-09, 2.30232544141e-09, 1.4133908488e-09, 7.66427810106e-10, 4.2731504446e-10, 4.99644436935e-10, 5.62682900274e-10, 3.13412663877e-11, 4.24758622372e-12, 8.695413313e-12, 3.83963347228e-12, 3.16110138066e-10, 2.74406830592e-10, 1.35097696918e-10, 2.465154747e-10, 3.37076838663e-10, 2.09426059827e-10, 4.56981778807e-11, 3.14157935777e-11, 2.69850045087e-11, 3.24791547823e-11, 9.38252947558e-13, 2.62034925008e-12, 2.19646653296e-12, 1.29848562458e-12, 1.30668371089e-12, 5.65054784647e-13, 4.01762228087e-13, 1.92879024384e-13, 2.57505849326e-13, 1.73419316559e-13, 2.7379728801e-13, 1.36592519522e-13], "dvar2": [2.19311241381e-05, 2.91302039841e-05, 5.55828933102e-07, 3.49122842636e-07, 4.15532076659e-06, 3.17508602166e-06, 9.90304101833e-07, 1.5823909294e-08, 6.54398490951e-09, 4.06481825976e-09, 2.20868057177e-09, 1.21970111788e-09, 1.27189769827e-09, 1.62184643493e-09, 8.23752524526e-11, 1.20059587272e-11, 2.22350315243e-11, 9.64701322298e-12, 7.94710575125e-10, 6.95684676533e-10, 3.41222133882e-10, 6.4271893363e-10, 9.48509382148e-10, 5.39331634908e-10, 1.083532708e-10, 7.62538782118e-11, 7.35397159835e-11, 8.93077625741e-11, 2.15481972543e-12, 5.36649457511e-12, 5.03006577363e-12, 3.73926237196e-12, 3.86495219509e-12, 1.65606027155e-12, 1.16775165926e-12, 5.52507258694e-13, 7.54466530483e-13, 5.00703048901e-13, 7.98779770626e-13, 3.95822941481e-13], "max": [0.0321721993387, 0.0438356734812, 0.00891040544957, 0.0199569389224, 0.0388860367239, 0.0315940529108, 0.0173021908849, 0.00233881664462, 0.00109750160482, 0.000720905023627, 0.000606122019235, 0.000470190367196, 0.000810756813735, 0.00041676996625, 0.000172333006049, 4.39138093498e-05, 8.35394239402e-05, 5.60770640732e-05, 0.000349526962964, 0.000339806254487, 0.00021093020041, 0.000287563569145, 0.000413535133703, 0.00031570479041, 0.000108262160211, 0.000135935479193, 0.00014827522682, 0.000177729452844, 1.9130495275e-05, 3.99650416512e-05, 4.85982127429e-05, 1.96169694391e-05, 2.75218280876e-05, 1.63312015502e-05, 1.6535675968e-05, 7.29384373699e-06, 1.40003230626e-05, 6.68709299134e-06, 9.96638027573e-06, 6.34852631265e-06], "mean": [0.00488596875221, 0.00588225293905, 0.00066434557084, 0.000235276311287, 0.00083015736891, 0.000801047193818, 0.000362946215319, 2.95128265861e-05, 1.02404947029e-05, 5.44130170965e-06, 4.10891379943e-06, 3.24528059537e-06, 4.51424466519e-06, 2.98687223221e-06, 1.01800014818e-06, 3.71955223955e-07, 5.58162639663e-07, 3.55316387868e-07, 2.81549523606e-06, 2.50014136327e-06, 1.68657118138e-06, 2.44638022195e-06, 1.43482361636e-06, 2.34405297306e-06, 1.20267702641e-06, 6.00635758019e-07, 4.92935953389e-07, 4.30717477684e-07, 1.27826339735e-07, 1.81422933565e-07, 1.55481657771e-07, 1.15840769865e-07, 8.9931013747e-08, 6.71842101951e-08, 6.49982965228e-08, 5.54608234893e-08, 4.87176663455e-08, 5.24445304961e-08, 5.8249966628e-08, 4.54518058746e-08], "median": [0.000564716698136, 0.00199909182265, 0.000149896164658, 1.53849614435e-05, 3.74603428099e-06, 2.97805854643e-06, 7.87316253081e-07, 2.37459033769e-07, 1.3111977637e-07, 1.07184760623e-07, 6.12869968108e-08, 3.38965051583e-08, 1.96111855644e-08, 2.71040079269e-08, 1.79739370054e-08, 5.87977133648e-09, 6.09173156363e-09, 3.05392244826e-09, 4.42344472162e-09, 3.04817482366e-09, 2.38722064339e-09, 1.99945482393e-09, 1.500089164e-09, 1.19539811383e-09, 1.17322596083e-09, 7.51879336569e-10, 8.68470739768e-10, 5.32950239496e-10, 4.72509142924e-10, 4.37681113574e-10, 2.99740621212e-10, 4.27739954567e-10, 4.63192817435e-10, 2.31806338014e-10, 2.80027223631e-10, 2.46761500122e-10, 2.02240890701e-10, 2.25758786665e-10, 2.20520185445e-10, 1.36522876337e-10], "min": [1.18407974542e-23, 1.44962878546e-23, 2.71865488754e-24, 2.31083588764e-24, 1.44999497469e-23, 2.01999888576e-23, 2.08212609967e-23, 1.17658130697e-23, 2.06727421541e-23, 1.05103646049e-23, 6.30364352651e-24, 1.92907793327e-23, 1.95385021673e-23, 6.6221812213e-24, 9.35886591926e-24, 5.12825931596e-24, 7.71093075508e-24, 1.14343684272e-23, 8.11278596653e-24, 7.82773265615e-24, 6.32269372851e-24, 6.53609480286e-24, 3.32784562185e-24, 8.32615311987e-24, 1.0933081243e-23, 7.52636412453e-24, 5.02232634044e-24, 1.41195310417e-23, 6.79691864497e-24, 8.44354666662e-24, 9.40766564371e-24, 1.23529843296e-23, 9.28024330828e-24, 1.00793239065e-23, 9.27706577655e-24, 1.35820485526e-23, 9.58180195538e-24, 1.16872046582e-23, 1.44267671208e-23, 1.09747733307e-23], "var": [5.0047867262e-05, 6.1274629843e-05, 1.58673492479e-06, 7.41223686873e-07, 1.32174100145e-05, 8.21366029413e-06, 2.78939796772e-06, 2.4777561336e-08, 1.64552860227e-09, 7.93633381235e-10, 4.58646232104e-10, 3.02259967055e-10, 1.01158359467e-09, 3.44465844737e-10, 2.71984535588e-11, 2.52661086497e-12, 9.76973970473e-12, 4.26855339269e-12, 2.68020799998e-10, 2.26622692834e-10, 1.15282880464e-10, 1.92638849317e-10, 2.20542001328e-10, 1.78457665312e-10, 4.7124082414e-11, 2.99402100334e-11, 1.91426388629e-11, 2.25422683992e-11, 9.40419617179e-13, 3.1858962083e-12, 2.63314305256e-12, 7.70457699376e-13, 6.80124359609e-13, 3.01376355512e-13, 2.19789234013e-13, 1.09674408769e-13, 1.37829553543e-13, 9.64558023297e-14, 1.47685249446e-13, 7.48988544796e-14]}, "mfcc": {"mean": [-949.035400391, 134.262969971, 62.3441925049, 39.90051651, 25.6731395721, 11.4219751358, 7.41137695312, 7.54606962204, 2.65183448792, -0.110653392971, 1.22202384472, 2.70397281647, 4.84819984436], "cov": [[14676.5185547, 4649.19824219, 528.109680176, 595.152526855, 333.929718018, -223.706741333, -45.1503829956, 289.214233398, -3.8605594635, -183.502288818, 7.01350688934, 63.5790214539, 98.4117965698], [4649.19824219, 5310.78222656, 2271.18774414, 893.707092285, 414.444213867, 280.914550781, 180.236923218, 67.6569137573, -1.96994793415, -63.1563072205, -43.966129303, 28.4470672607, 106.851799011], [528.109680176, 2271.18774414, 2191.7409668, 981.98046875, 458.0753479, 472.20993042, 304.147979736, 113.506256104, 83.8759689331, 62.4106941223, 27.9093761444, 26.3802967072, 8.8736782074], [595.152526855, 893.707092285, 981.98046875, 1676.88342285, 1138.96606445, 406.257354736, 368.540740967, 393.282653809, 185.02507019, 70.4976882935, 43.4113121033, 46.3545341492, 7.08204317093], [333.929718018, 414.444213867, 458.0753479, 1138.96606445, 1246.4284668, 515.253417969, 340.797515869, 429.519775391, 230.387741089, 116.888496399, 72.9778518677, 22.4384632111, -1.27204358578], [-223.706741333, 280.914550781, 472.20993042, 406.257354736, 515.253417969, 688.568481445, 418.023895264, 244.971817017, 209.678161621, 142.358520508, 82.7844696045, 17.4193916321, -9.34838008881], [-45.1503829956, 180.236923218, 304.147979736, 368.540740967, 340.797515869, 418.023895264, 544.119689941, 286.675018311, 154.561264038, 152.464035034, 105.079483032, 36.7872085571, -19.7055892944], [289.214233398, 67.6569137573, 113.506256104, 393.282653809, 429.519775391, 244.971817017, 286.675018311, 448.748352051, 242.656738281, 121.111625671, 98.2113494873, 57.7327270508, -4.24892616272], [-3.8605594635, -1.96994793415, 83.8759689331, 185.02507019, 230.387741089, 209.678161621, 154.561264038, 242.656738281, 354.561737061, 210.804199219, 103.336334229, 48.6631507874, -0.0851932093501], [-183.502288818, -63.1563072205, 62.4106941223, 70.4976882935, 116.888496399, 142.358520508, 152.464035034, 121.111625671, 210.804199219, 318.646636963, 199.781555176, 77.9280548096, 12.0617227554], [7.01350688934, -43.966129303, 27.9093761444, 43.4113121033, 72.9778518677, 82.7844696045, 105.079483032, 98.2113494873, 103.336334229, 199.781555176, 273.674865723, 135.647781372, 18.2738227844], [63.5790214539, 28.4470672607, 26.3802967072, 46.3545341492, 22.4384632111, 17.4193916321, 36.7872085571, 57.7327270508, 48.6631507874, 77.9280548096, 135.647781372, 208.110198975, 100.260543823], [98.4117965698, 106.851799011, 8.8736782074, 7.08204317093, -1.27204358578, -9.34838008881, -19.7055892944, -4.24892616272, -0.0851932093501, 12.0617227554, 18.2738227844, 100.260543823, 190.246276855]], "icov": [[0.000120336655527, -0.000167531587067, 0.000159503018949, -6.15718163317e-05, 4.05596365454e-05, 1.94971489691e-05, 3.26986773871e-05, -0.000110427950858, -1.70544171851e-06, 7.31699401513e-05, -8.98972575669e-05, 1.91050621652e-05, 2.27745294978e-05], [-0.000167531587067, 0.000598743150476, -0.000668001302984, 0.000219637469854, -0.000211209480767, 0.000193121188204, -0.000117651252367, 0.000152825523401, -6.73364775139e-05, 8.93377291504e-05, 7.34316126909e-05, 5.38735221198e-05, -0.000268475472694], [0.000159503018949, -0.000668001302984, 0.00156470085494, -0.00105348660145, 0.000874253048096, -0.000971641973592, 0.000313683762215, -2.12473460124e-05, 0.000247631367529, -0.000281505548628, -3.51464987034e-05, -5.82097891311e-05, 0.000301036896417], [-6.15718163317e-05, 0.000219637469854, -0.00105348660145, 0.00263216812164, -0.00246094260365, 0.00142119335942, -0.00101862021256, 0.000303945533233, -0.000449267419754, 0.000520907575265, 0.000268597417744, -0.000494590145536, 1.59294886544e-05], [4.05596365454e-05, -0.000211209480767, 0.000874253048096, -0.00246094260365, 0.0038544551935, -0.00232838047668, 0.00148377055302, -0.00177034945227, 0.000891669362318, -0.000732429558411, -0.000110420354758, 0.000654315168504, -0.000113398811664], [1.94971489691e-05, 0.000193121188204, -0.000971641973592, 0.00142119335942, -0.00232838047668, 0.00476100342348, -0.00313302432187, 0.0014257223811, -0.00203002570197, 0.00116097473074, -0.00041976608918, 0.000283727946226, -0.000384153274354], [3.26986773871e-05, -0.000117651252367, 0.000313683762215, -0.00101862021256, 0.00148377055302, -0.00313302432187, 0.00539294909686, -0.00306301517412, 0.0022654493805, -0.0021594313439, 0.000401976576541, -5.46207920706e-05, 0.00054670847021], [-0.000110427950858, 0.000152825523401, -2.12473460124e-05, 0.000303945533233, -0.00177034945227, 0.0014257223811, -0.00306301517412, 0.00684810010716, -0.00423896871507, 0.00246013537981, -0.00119594519492, -0.000534471066203, 9.35353527893e-05], [-1.70544171851e-06, -6.73364775139e-05, 0.000247631367529, -0.000449267419754, 0.000891669362318, -0.00203002570197, 0.0022654493805, -0.00423896871507, 0.008336099796, -0.00573921436444, 0.00244332686998, -0.000767323595937, 0.000627361994702], [7.31699401513e-05, 8.93377291504e-05, -0.000281505548628, 0.000520907575265, -0.000732429558411, 0.00116097473074, -0.0021594313439, 0.00246013537981, -0.00573921436444, 0.0105111878365, -0.00660018716007, 0.00186659628525, -0.00122958223801], [-8.98972575669e-05, 7.34316126909e-05, -3.51464987034e-05, 0.000268597417744, -0.000110420354758, -0.00041976608918, 0.000401976576541, -0.00119594519492, 0.00244332686998, -0.00660018716007, 0.0108265895396, -0.00614311313257, 0.00260752486065], [1.91050621652e-05, 5.38735221198e-05, -5.82097891311e-05, -0.000494590145536, 0.000654315168504, 0.000283727946226, -5.46207920706e-05, -0.000534471066203, -0.000767323595937, 0.00186659628525, -0.00614311313257, 0.0110432272777, -0.00536673562601], [2.27745294978e-05, -0.000268475472694, 0.000301036896417, 1.59294886544e-05, -0.000113398811664, -0.000384153274354, 0.00054670847021, 9.35353527893e-05, 0.000627361994702, -0.00122958223801, 0.00260752486065, -0.00536673562601, 0.00807586684823]]}, "spectral_contrast_coeffs": {"dmean": [0.0773695334792, 0.0828578621149, 0.0604181773961, 0.0517083443701, 0.0469590909779, 0.0359809696674], "dmean2": [0.104340285063, 0.12119769305, 0.0942073613405, 0.0776320248842, 0.0646010264754, 0.055036239326], "dvar": [0.00535647664219, 0.00587321678177, 0.00303941010498, 0.00251527735963, 0.00257361098193, 0.00111741549335], "dvar2": [0.00868067890406, 0.0110954605043, 0.00670525757596, 0.00468262424693, 0.0038618654944, 0.00231866422109], "max": [-0.201629936695, -0.185339450836, -0.409297406673, -0.427552044392, -0.401843190193, -0.422474741936], "mean": [-0.627006947994, -0.701823711395, -0.816799044609, -0.826627671719, -0.823860943317, -0.853495121002], "median": [-0.623144924641, -0.747868657112, -0.839090943336, -0.853223919868, -0.858786582947, -0.860431909561], "min": [-0.990253865719, -0.980547845364, -0.983784854412, -0.97347509861, -0.960804283619, -0.965103626251], "var": [0.0272335540503, 0.0324916280806, 0.0100327832624, 0.0104680554941, 0.0128150125965, 0.00390881858766]}, "spectral_contrast_valleys": {"dmean": [1.2289711237, 1.52266168594, 1.64504146576, 1.53187930584, 1.48658227921, 1.46531403065], "dmean2": [1.65301334858, 2.09944629669, 2.32506561279, 2.20922207832, 2.09812712669, 2.06362843513], "dvar": [1.5504128933, 1.82639217377, 2.04945421219, 1.88050174713, 1.88166797161, 1.66364848614], "