{"lowlevel": {"average_loudness": 0.838482201099, "barkbands_crest": {"dmean": 3.04583287239, "dmean2": 4.5582151413, "dvar": 8.87586307526, "dvar2": 20.2496967316, "max": 26.5117778778, "mean": 14.4098768234, "median": 13.7241382599, "min": 1.93531656265, "var": 34.2131996155}, "barkbands_flatness_db": {"dmean": 0.0381896197796, "dmean2": 0.0522754341364, "dvar": 0.00172150635626, "dvar2": 0.00319077097811, "max": 0.689108908176, "mean": 0.220827177167, "median": 0.190741196275, "min": 0.0125357639045, "var": 0.0158365368843}, "barkbands_kurtosis": {"dmean": 15.7253723145, "dmean2": 22.0557403564, "dvar": 1072.36376953, "dvar2": 2089.94458008, "max": 803.447998047, "mean": 28.0914382935, "median": 7.85515499115, "min": -1.95862627029, "var": 2860.50024414}, "barkbands_skewness": {"dmean": 1.09616291523, "dmean2": 1.50721859932, "dvar": 1.68393349648, "dvar2": 3.05488848686, "max": 23.2589111328, "mean": 3.13620281219, "median": 2.37393307686, "min": -7.13792705536, "var": 9.27032375336}, "barkbands_spread": {"dmean": 6.40391540527, "dmean2": 9.72826194763, "dvar": 99.0966873169, "dvar2": 229.803482056, "max": 123.2604599, "mean": 14.7327785492, "median": 10.8342695236, "min": 0.0803856924176, "var": 210.372909546}, "dissonance": {"dmean": 0.0250246506184, "dmean2": 0.0397915802896, "dvar": 0.000924114719965, "dvar2": 0.00212997104973, "max": 0.499999970198, "mean": 0.416829794645, "median": 0.447328001261, "min": 0.0308484472334, "var": 0.00805287621915}, "dynamic_complexity": 6.2004199028, "erbbands_crest": {"dmean": 2.48289299011, "dmean2": 3.8173892498, "dvar": 6.76116466522, "dvar2": 14.96895504, "max": 32.8973693848, "mean": 10.9211330414, "median": 9.01069927216, "min": 2.16328310966, "var": 41.3571739197}, "erbbands_flatness_db": {"dmean": 0.0195448230952, "dmean2": 0.0272383671254, "dvar": 0.000580264721066, "dvar2": 0.00109559635166, "max": 0.601563692093, "mean": 0.180007129908, "median": 0.142914563417, "min": 0.0395709872246, "var": 0.0128594553098}, "erbbands_kurtosis": {"dmean": 2.07277989388, "dmean2": 3.0267457962, "dvar": 57.8609428406, "dvar2": 117.736244202, "max": 320.411010742, "mean": 3.4284555912, "median": 0.328251123428, "min": -1.90423381329, "var": 173.396072388}, "erbbands_skewness": {"dmean": 0.436212778091, "dmean2": 0.613486886024, "dvar": 0.325213760138, "dvar2": 0.639502167702, "max": 13.3317422867, "mean": 0.948497712612, "median": 0.782981753349, "min": -7.08632040024, "var": 1.84998953342}, "erbbands_spread": {"dmean": 8.96223640442, "dmean2": 12.731795311, "dvar": 130.385147095, "dvar2": 255.506530762, "max": 198.951904297, "mean": 41.4755210876, "median": 38.5772323608, "min": 0.420450806618, "var": 707.373352051}, "hfc": {"dmean": 6.70927190781, "dmean2": 10.2806711197, "dvar": 309.054290771, "dvar2": 667.569335938, "max": 188.907485962, "mean": 12.8563213348, "median": 5.19852352142, "min": 1.19866239639e-16, "var": 503.597167969}, "melbands_crest": {"dmean": 3.80215454102, "dmean2": 5.86678028107, "dvar": 14.0395555496, "dvar2": 33.5281181335, "max": 37.7637634277, "mean": 19.7513275146, "median": 19.4394931793, "min": 1.91870629787, "var": 55.8279342651}, "melbands_flatness_db": {"dmean": 0.041855994612, "dmean2": 0.0567999221385, "dvar": 0.00227122707292, "dvar2": 0.00433237291873, "max": 0.851303935051, "mean": 0.301344066858, "median": 0.254907846451, "min": 0.0049537117593, "var": 0.0235374309123}, "melbands_kurtosis": {"dmean": 23.6255187988, "dmean2": 33.7455711365, "dvar": 1988.62133789, "dvar2": 4004.83007812, "max": 2005.51037598, "mean": 53.1307487488, "median": 18.393453598, "min": -1.96101629734, "var": 13278.5058594}, "melbands_skewness": {"dmean": 1.15127658844, "dmean2": 1.60084795952, "dvar": 1.71852529049, "dvar2": 3.22299361229, "max": 38.4632148743, "mean": 4.2901597023, "median": 3.30175828934, "min": -2.00372266769, "var": 13.8136873245}, "melbands_spread": {"dmean": 6.29327201843, "dmean2": 9.66456508636, "dvar": 191.87600708, "dvar2": 385.633331299, "max": 318.619628906, "mean": 14.775686264, "median": 9.43100261688, "min": 0.2352129668, "var": 496.244995117}, "pitch_salience": {"dmean": 0.0830336809158, "dmean2": 0.126232936978, "dvar": 0.00727508729324, "dvar2": 0.0167308393866, "max": 0.896609604359, "mean": 0.447817564011, "median": 0.457947134972, "min": 0.0192730054259, "var": 0.028324700892}, "silence_rate_20dB": {"dmean": 0, "dmean2": 0, "dvar": 0, "dvar2": 0, "max": 1, "mean": 1, "median": 1, "min": 1, "var": 0}, "silence_rate_30dB": {"dmean": 0.0538089461625, "dmean2": 0.10762874037, "dvar": 0.0509156025946, "dvar2": 0.0978653132915, "max": 1, "mean": 0.857531487942, "median": 1, "min": 0, "var": 0.122176170349}, "silence_rate_60dB": {"dmean": 0.0320435315371, "dmean2": 0.0639927461743, "dvar": 0.0310189370066, "dvar2": 0.0647296011448, "max": 1, "mean": 0.172090679407, "median": 0, "min": 0, "var": 0.142481386662}, "spectral_centroid": {"dmean": 252.476501465, "dmean2": 378.539825439, "dvar": 170131.46875, "dvar2": 328089.28125, "max": 10944.4951172, "mean": 1040.98522949, "median": 806.563964844, "min": 143.73223877, "var": 705809.125}, "spectral_complexity": {"dmean": 3.21362352371, "dmean2": 4.5039806366, "dvar": 36.3568267822, "dvar2": 56.1925773621, "max": 62, "mean": 9.88251876831, "median": 7, "min": 0, "var": 108.676841736}, "spectral_decrease": {"dmean": 4.64840432812e-09, "dmean2": 6.45672937338e-09, "dvar": 6.65053741888e-17, "dvar2": 1.35309529622e-16, "max": 1.10937565667e-18, "mean": -1.00796091473e-08, "median": -3.31879657089e-09, "min": -1.16084663659e-07, "var": 2.32787153218e-16}, "spectral_energy": {"dmean": 0.017808675766, "dmean2": 0.0247643496841, "dvar": 0.000965551065747, "dvar2": 0.00196083914489, "max": 0.441351979971, "mean": 0.0392088443041, "median": 0.0132999382913, "min": 1.07662492342e-20, "var": 0.00341929891147}, "spectral_energyband_high": {"dmean": 0.000461113493657, "dmean2": 0.0007277437835, "dvar": 1.74371587036e-06, "dvar2": 4.19607476942e-06, "max": 0.0194560680538, "mean": 0.000622791121714, "median": 0.000115740396723, "min": 8.03989505481e-21, "var": 2.19348271457e-06}, "spectral_energyband_low": {"dmean": 0.0143472393975, "dmean2": 0.0198113210499, "dvar": 0.000851552642416, "dvar2": 0.00171457359102, "max": 0.43696680665, "mean": 0.0263460054994, "median": 0.00449940841645, "min": 5.48618807008e-23, "var": 0.00273916730657}, "spectral_energyband_middle_high": {"dmean": 0.00152466027066, "dmean2": 0.00232368311845, "dvar": 2.05365267902e-05, "dvar2": 3.90548411815e-05, "max": 0.0392980091274, "mean": 0.00234357733279, "median": 0.000524891540408, "min": 1.33507112425e-21, "var": 3.28661226376e-05}, "spectral_energyband_middle_low": {"dmean": 0.00468292133883, "dmean2": 0.00760485231876, "dvar": 0.000165802106494, "dvar2": 0.000428922678111, "max": 0.166160419583, "mean": 0.00788696482778, "median": 0.00324651203118, "min": 2.87194947831e-22, "var": 0.000198531663045}, "spectral_entropy": {"dmean": 0.250261187553, "dmean2": 0.342487424612, "dvar": 0.11374335736, "dvar2": 0.217646852136, "max": 9.80714321136, "mean": 7.11211681366, "median": 7.45552682877, "min": 3.09390807152, "var": 1.38033330441}, "spectral_flux": {"dmean": 0.0369175635278, "dmean2": 0.0567401573062, "dvar": 0.00239195092581, "dvar2": 0.00472229486331, "max": 0.524411261082, "mean": 0.0861387550831, "median": 0.0539839826524, "min": 1.05077870016e-10, "var": 0.00797172077}, "spectral_kurtosis": {"dmean": 11.2558355331, "dmean2": 18.9910240173, "dvar": 2003.49682617, "dvar2": 6259.31787109, "max": 879.604370117, "mean": 25.4508666992, "median": 3.26183462143, "min": -1.48927175999, "var": 5971.06738281}, "spectral_rms": {"dmean": 0.00116755848285, "dmean2": 0.00158372230362, "dvar": 2.38894836002e-06, "dvar2": 4.21628783442e-06, "max": 0.0207505971193, "mean": 0.0048426836729, "median": 0.00360215897672, "min": 3.24093464739e-12, "var": 1.48007675307e-05}, "spectral_rolloff": {"dmean": 391.06628418, "dmean2": 679.573852539, "dvar": 1075959.375, "dvar2": 2359984.25, "max": 19164.5507812, "mean": 992.450195312, "median": 409.130859375, "min": 21.533203125, "var": 3601133}, "spectral_skewness": {"dmean": 0.498339980841, "dmean2": 0.761936187744, "dvar": 1.22119963169, "dvar2": 3.27364468575, "max": 25.7317008972, "mean": 2.65707349777, "median": 1.51220154762, "min": -0.792984187603, "var": 11.71027565}, "spectral_spread": {"dmean": 657532.125, "dmean2": 887723.25, "dvar": 981463007232, "dvar2": 1550253948930.0, "max": 41398828, "mean": 5391497.5, "median": 5517484.5, "min": 137866.3125, "var": 6050870198270.0}, "spectral_strongpeak": {"dmean": 0.26270455122, "dmean2": 0.427604705095, "dvar": 0.263254702091, "dvar2": 0.612047433853, "max": 15.3850622177, "mean": 0.621104598045, "median": 0.222751885653, "min": 0, "var": 0.920008182526}, "zerocrossingrate": {"dmean": 0.0118461344391, "dmean2": 0.0131855616346, "dvar": 0.000319251790643, "dvar2": 0.00031751478673, "max": 0.51708984375, "mean": 0.048278298229, "median": 0.03515625, "min": 0, "var": 0.0029419073835}, "barkbands": {"dmean": [0.00471327174455, 0.011673277244, 0.00421867752448, 0.00293598975986, 0.00125231174752, 0.000339886057191, 0.000464281212771, 0.000546487106476, 0.000275729224086, 0.000187875353731, 0.000250603799941, 0.000412366061937, 0.000216609507333, 0.000232695543673, 0.000141397933476, 0.000154260691488, 0.000134023983264, 0.000102075908217, 7.22708718968e-05, 9.0226494649e-05, 7.97780958237e-05, 9.86000595731e-05, 7.90558406152e-05, 7.80263362685e-05, 6.86777129886e-05, 3.13320160785e-05, 8.91667787073e-06], "dmean2": [0.0078462632373, 0.0140546532348, 0.00693691102788, 0.00531418574974, 0.00209732004441, 0.000472391431686, 0.000616182223894, 0.000820698332973, 0.000421542994445, 0.00030455875094, 0.000384951476008, 0.000642988597974, 0.000323355459841, 0.00038184018922, 0.000228618839174, 0.000249220203841, 0.000228594493819, 0.000148165898281, 0.000112063840788, 0.00013837935694, 0.000126018829178, 0.000149665880599, 0.000124699203297, 0.000126346130855, 0.000112307738164, 5.27375341335e-05, 1.49357974806e-05], "dvar": [8.5962783487e-05, 0.000745349621866, 0.000184927572263, 0.000119804011774, 1.18769776236e-05, 6.29858789125e-07, 1.9331907879e-06, 3.42461021319e-06, 3.93267328036e-07, 1.85475400372e-07, 5.14157648013e-07, 1.9622691525e-06, 5.69559233554e-07, 5.29796864157e-07, 1.97494998133e-07, 2.19742020136e-07, 1.61279842814e-07, 7.72939401372e-08, 4.09401934576e-08, 6.10008044077e-08, 5.12157427579e-08, 7.04616951452e-08, 4.51076509478e-08, 4.96233560909e-08, 5.86031312366e-08, 8.35769142782e-09, 6.82600420632e-10], "dvar2": [0.000223544368055, 0.00125403876882, 0.000448164850241, 0.000334942567861, 3.33331045113e-05, 1.2050144278e-06, 2.76124092125e-06, 6.55241001368e-06, 8.5422709617e-07, 4.70518415341e-07, 1.19810420074e-06, 3.68020687347e-06, 1.17977435821e-06, 1.26862585148e-06, 5.00551323057e-07, 5.15274791724e-07, 4.38066479092e-07, 1.47943566731e-07, 8.06514393048e-08, 1.2738249211e-07, 1.22717210616e-07, 1.66429117598e-07, 1.11560709115e-07, 1.2220269241e-07, 1.29783387592e-07, 2.20976339449e-08, 1.82545056848e-09], "max": [0.124964103103, 0.408710122108, 0.119262754917, 0.153096228838, 0.0584480464458, 0.023695519194, 0.0888472497463, 0.104084819555, 0.0164970327169, 0.0062797376886, 0.00870109535754, 0.0191650036722, 0.00777084007859, 0.00852621067315, 0.00777274044231, 0.0130094317719, 0.00413173437119, 0.00635588401929, 0.0029568192549, 0.00480932649225, 0.00427381740883, 0.00358464685269, 0.00183041929267, 0.00474716397002, 0.0128157800063, 0.00128770328593, 0.000331807706971], "mean": [0.00589467491955, 0.0189258866012, 0.00357325468212, 0.00198692712002, 0.00198491546325, 0.00063378555933, 0.00141102878843, 0.00127260445151, 0.000526183808688, 0.000279398343991, 0.000268439209322, 0.000502635724843, 0.000240439316258, 0.000253277510637, 0.000158722599735, 0.000179691924131, 0.000155100540724, 0.000155779955094, 0.000110811190098, 0.000130063373945, 0.000109939741378, 0.000133252033265, 0.000103805803519, 9.30956739467e-05, 8.04428636911e-05, 3.45462867699e-05, 1.01359519249e-05], "median": [0.00123931653798, 0.00200956035405, 0.000355395954102, 0.000144131146953, 0.000704836566001, 0.000203636984224, 0.000273775105597, 8.16768733785e-05, 0.00012490163499, 8.25471361168e-05, 3.64744155377e-05, 4.82724972244e-05, 2.69157098955e-05, 2.37029544223e-05, 1.29792360894e-05, 1.86159104487e-05, 1.69677259692e-05, 1.71132323885e-05, 1.48698718476e-05, 1.59251994774e-05, 1.61335774465e-05, 1.96728997253e-05, 1.38970626722e-05, 1.25663891595e-05, 1.45467556649e-05, 4.32904698755e-06, 6.14312682501e-07], "min": [4.84724891772e-24, 1.3499232357e-23, 1.75271103851e-23, 3.43368985051e-24, 7.02281843151e-23, 2.05813573514e-23, 2.75174910135e-23, 2.65922770785e-23, 1.60480592967e-23, 4.09619716905e-23, 6.31339392618e-23, 6.96790929489e-23, 1.03351387185e-22, 9.369049798e-23, 1.35003282426e-22, 7.93517582699e-23, 1.60211515668e-22, 1.66068561765e-22, 2.14830452454e-22, 2.51091043496e-22, 3.41725103054e-22, 3.97398311419e-22, 6.40837479865e-22, 7.40867819438e-22, 9.35040642734e-22, 1.6715710651e-21, 2.39974991173e-21], "var": [0.000131645268993, 0.00205721473321, 0.000159715098562, 7.44273420423e-05, 1.28595593196e-05, 1.60709112151e-06, 2.89131803584e-05, 2.44684906647e-05, 1.92062202586e-06, 2.67387378017e-07, 5.99279701419e-07, 2.7199860142e-06, 7.10991969299e-07, 6.46803414384e-07, 2.34029158719e-07, 3.04790944483e-07, 1.77007976276e-07, 2.43738185191e-07, 8.18436518557e-08, 1.16987884269e-07, 6.74884290675e-08, 9.46607556784e-08, 5.79056838035e-08, 6.49801705777e-08, 8.86212632167e-08, 8.29724822182e-09, 7.45218609044e-10]}, "erbbands": {"dmean": [0.540489435196, 1.97505176067, 4.46670770645, 7.90283823013, 6.59922742844, 3.66247034073, 3.26171302795, 2.5281522274, 5.37296247482, 9.02487850189, 10.35064888, 5.23047113419, 7.40049123764, 5.45001745224, 10.1788063049, 17.3630695343, 10.6384525299, 11.6607542038, 8.08350849152, 8.60683631897, 7.48506689072, 7.08553504944, 5.01089382172, 4.08599185944, 4.11596393585, 3.72897338867, 3.39716219902, 3.43724346161, 3.29201340675, 2.89390134811, 2.36670875549, 1.64907956123, 1.31738746166, 0.904063880444, 0.418252438307, 0.160314485431, 0.0540418885648, 0.014264177531, 0.00140195002314, 6.78084470564e-05], "dmean2": [0.732429087162, 2.66035676003, 7.13623666763, 13.6501550674, 11.5325927734, 5.78342151642, 4.74216365814, 3.52043581009, 7.11919975281, 12.6034269333, 15.9144096375, 8.10518074036, 12.2101421356, 7.7616686821, 16.2098312378, 26.4607849121, 16.7852020264, 19.5332717896, 12.5632600784, 13.6022119522, 12.3331871033, 11.7078580856, 7.20283460617, 6.49874448776, 6.1809720993, 5.61768960953, 5.17434883118, 5.56278085709, 4.97299385071, 4.4722366333, 3.77928209305, 2.56526231766, 2.18045854568, 1.47854280472, 0.70701533556, 0.267924815416, 0.0908631384373, 0.024839149788, 0.00230159959756, 0.000102104371763], "dvar": [1.86906898022, 24.0038566589, 188.057144165, 760.275146484, 518.789001465, 78.7609710693, 49.1608428955, 50.6699104309, 227.958328247, 1337.88220215, 1115.27087402, 135.911315918, 359.057678223, 156.181838989, 902.552978516, 3485.62475586, 1398.9161377, 1480.73913574, 605.762207031, 715.682495117, 483.53817749, 399.681091309, 171.484863281, 142.956542969, 117.915519714, 102.342163086, 97.2004699707, 86.2143173218, 77.6595535278, 59.6273803711, 45.9370040894, 18.2265586853, 15.9268503189, 14.6555633545, 1.52065896988, 0.198792695999, 0.025641227141, 0.00229111080989, 1.5053905372e-05, 2.47923672703e-08], "dvar2": [3.64380097389, 37.2184677124, 463.097351074, 2031.44335938, 1400.56140137, 209.04119873, 117.23109436, 95.2869873047, 363.775939941, 2051.30419922, 2323.21972656, 324.006713867, 955.680969238, 302.540588379, 1988.0189209, 6395.7734375, 2639.34082031, 3609.43432617, 1455.47143555, 1709.48583984, 1191.53771973, 1039.29736328, 334.914855957, 293.794372559, 210.687057495, 199.175842285, 225.734054565, 203.064987183, 185.705627441, 139.701660156, 117.537490845, 41.4692497253, 39.3344802856, 32.389705658, 3.91499042511, 0.507461249828, 0.0688101649284, 0.0065166852437, 3.8983169361e-05, 4.89961493599e-08], "max": [17.1382789612, 69.9778289795, 113.959999084, 357.701141357, 358.212097168, 167.892959595, 140.338409424, 280.20111084, 708.892822266, 2215.60375977, 1383.13989258, 290.862121582, 273.13458252, 216.772766113, 303.509368896, 647.744506836, 386.385925293, 340.379180908, 409.818634033, 520.296691895, 504.427703857, 255.249786377, 408.696075439, 167.472824097, 193.728210449, 190.669235229, 182.362121582, 227.760345459, 163.615463257, 70.5450973511, 59.897693634, 80.7760543823, 118.231033325, 242.685684204, 26.5077934265, 9.42027759552, 1.69988834858, 0.463558137417, 0.0388897880912, 0.00197066506371], "mean": [0.782372951508, 3.33996725082, 4.27250099182, 5.96421766281, 5.57295179367, 7.25329875946, 7.66005802155, 4.93736124039, 14.7164850235, 26.9886837006, 26.2589569092, 9.9923658371, 10.911485672, 8.37247753143, 12.2881393433, 20.2836437225, 13.1658563614, 12.3142023087, 9.74211978912, 9.80306720734, 9.42257213593, 9.09369277954, 8.25207328796, 5.69539690018, 7.23748493195, 5.55530834198, 4.39409923553, 4.65492582321, 4.7548584938, 3.90965747833, 2.84972047806, 2.09273600578, 1.50561821461, 1.04930746555, 0.471106052399, 0.183549314737, 0.0576377511024, 0.0136813241988, 0.00164732872508, 0.000126089624246], "median": [0.0816216319799, 0.348967373371, 0.492452442646, 0.550981283188, 0.875515580177, 2.54003071785, 2.93078184128, 1.6527005434, 3.66087150574, 2.80297446251, 3.09060788155, 2.84964871407, 3.19206261635, 2.72485375404, 1.87220561504, 2.02045321465, 1.59725451469, 1.21428143978, 0.95410245657, 0.942881047726, 1.09306502342, 1.17642760277, 0.946967661381, 0.886082172394, 0.78993332386, 0.744467437267, 0.612955451012, 0.640260398388, 0.696199178696, 0.616437315941, 0.361326754093, 0.291192322969, 0.200983688235, 0.179086044431, 0.0788955390453, 0.0256771855056, 0.00647605443373, 0.00103930709884, 0.000117005038192, 3.50538794009e-05], "min": [6.11882674816e-22, 1.35133372531e-21, 1.58101502326e-20, 1.94694421661e-20, 6.45985019163e-20, 3.46862447593e-19, 2.12198813887e-19, 1.28944002887e-19, 2.50107002096e-19, 7.61170462298e-19, 4.47105700143e-19, 5.24530374165e-19, 2.13638190871e-18, 9.07679658418e-19, 2.23957103577e-18, 2.60561624121e-18, 3.40598338061e-18, 4.14100304483e-18, 4.3857864676e-18, 8.9607359064e-18, 4.88883263481e-18, 9.70440767304e-18, 9.16145045486e-18, 1.13351975594e-17, 1.09083144607e-17, 1.31924264841e-17, 1.72569910093e-17, 1.25462098285e-17, 1.86079357683e-17, 1.55453177483e-17, 1.64584986748e-17, 1.52226527893e-17, 1.34420530494e-17, 8.50954445102e-18, 8.53094361347e-18, 4.54061399876e-18, 3.39191035006e-18, 1.25752101604e-18, 3.35460228138e-19, 3.84806908964e-20], "var": [3.92594528198, 64.8865432739, 178.04864502, 533.882446289, 373.177398682, 158.537002563, 190.030578613, 123.177429199, 2172.78979492, 17140.4257812, 7828.91601562, 506.505096436, 545.308898926, 288.089935303, 1211.06860352, 4844.55664062, 1930.27307129, 1674.6027832, 848.04486084, 876.487731934, 670.123657227, 551.594116211, 785.432739258, 239.173980713, 328.889556885, 207.195541382, 124.102584839, 122.720840454, 114.507957458, 77.7733078003, 51.3762817383, 26.4024562836, 21.0259017944, 22.1140232086, 1.72976779938, 0.227333128452, 0.0239962879568, 0.00177465099841, 1.80739571078e-05, 5.52716130642e-08]}, "gfcc": {"mean": [-105.29598999, 90.4493484497, -82.2110290527, 20.1477794647, -60.3203353882, 9.08675384521, -32.4573669434, 5.53433418274, -18.6555519104, 0.291541457176, -13.065112114, 0.905444145203, -8.09319114685], "cov": [[34705.21875, -3508.53369141, -1207.32873535, 2621.95751953, 133.507980347, 2231.86474609, -9.11530971527, 1249.43969727, 126.794036865, 1023.61175537, -188.121231079, 626.436340332, -331.90057373], [-3508.53369141, 5156.06347656, 1658.05358887, -1029.21569824, 529.018554688, -520.731384277, 263.615570068, -610.192687988, 55.3727455139, -503.106750488, 128.460876465, -294.199707031, 255.307342529], [-1207.32873535, 1658.05358887, 2402.34008789, -165.223327637, 225.55279541, 84.3314285278, 134.40246582, -145.442352295, -19.3866424561, -202.026489258, 32.9085273743, -15.6821231842, 88.3790206909], [2621.95751953, -1029.21569824, -165.223327637, 1005.75061035, 116.194099426, 292.235198975, 93.0942993164, 240.343811035, 91.0668182373, 133.457168579, 41.0853233337, 95.6351470947, 18.462726593], [133.507980347, 529.018554688, 225.55279541, 116.194099426, 750.321655273, 305.735626221, 355.267333984, 94.840927124, 119.894935608, -5.18228960037, 164.340560913, 57.2596282959, 108.225120544], [2231.86474609, -520.731384277, 84.3314285278, 292.235198975, 305.735626221, 653.196472168, 338.366424561, 234.662002563, 95.9806365967, 124.447372437, 115.57849884, 139.124465942, 9.74393463135], [-9.11530971527, 263.615570068, 134.40246582, 93.0942993164, 355.267333984, 338.366424561, 542.307922363, 156.756835938, 129.934906006, 39.0972938538, 144.476379395, 68.9284973145, 72.430519104], [1249.43969727, -610.192687988, -145.442352295, 240.343811035, 94.840927124, 234.662002563, 156.756835938, 316.822174072, 121.282279968, 133.752105713, 61.2975540161, 105.506484985, 9.94316768646], [126.794036865, 55.3727455139, -19.3866424561, 91.0668182373, 119.894935608, 95.9806365967, 129.934906006, 121.282279968, 213.469573975, 58.9937705994, 71.1292724609, 44.2538757324, 49.2832260132], [1023.61175537, -503.106750488, -202.026489258, 133.457168579, -5.18228960037, 124.447372437, 39.0972938538, 133.752105713, 58.9937705994, 167.056335449, 32.4672966003, 60.6800613403, -4.5363817215], [-188.121231079, 128.460876465, 32.9085273743, 41.0853233337, 164.340560913, 115.57849884, 144.476379395, 61.2975540161, 71.1292724609, 32.4672966003, 164.766098022, 62.0948791504, 58.342956543], [626.436340332, -294.199707031, -15.6821231842, 95.6351470947, 57.2596282959, 139.124465942, 68.9284973145, 105.506484985, 44.2538757324, 60.6800613403, 62.0948791504, 152.686325073, 30.4582443237], [-331.90057373, 255.307342529, 88.3790206909, 18.462726593, 108.225120544, 9.74393463135, 72.430519104, 9.94316768646, 49.2832260132, -4.5363817215, 58.342956543, 30.4582443237, 117.22794342]], "icov": [[7.73741558078e-05, -0.000150417472469, 7.06139908289e-05, -0.000184086326044, 4.40250914835e-05, -0.00035113201011, 0.000239122120547, -0.000200768088689, 0.000176891320734, -0.000364268227713, 0.000316565070534, -0.000224142408115, 0.000192461593542], [-0.000150417472469, 0.000974665803369, -0.000421326083597, 0.000723706849385, -0.000386179424822, 0.00108022277709, -0.000853851495776, 0.00109914352652, -0.000930421054363, 0.00136186543386, -0.000996288959868, 0.00111704308074, -0.000994372181594], [7.06139908289e-05, -0.000421326083597, 0.000686554179993, -0.000274110061582, 0.000136190326884, -0.000709742831532, 0.000361692043953, -0.000338679732522, 0.000366865686374, 4.00575663662e-05, 0.000509012083057, -0.000545622373465, 0.000117357725685], [-0.000184086326044, 0.000723706849385, -0.000274110061582, 0.0019448621897, -0.000350809743395, 0.000582762470003, -0.000456329726148, 0.00014581430878, -0.000762487354223, 0.000995219103061, -0.000731249165256, 0.000967532221694, -0.00118035927881], [4.40250914835e-05, -0.000386179424822, 0.000136190326884, -0.000350809743395, 0.00257106428035, -0.00114254758228, -0.000410349224694, -0.000362568069249, 4.50269435532e-05, 0.000400944525609, -0.000727562466636, 9.3080510851e-05, -0.000741582363844], [-0.00035113201011, 0.00108022277709, -0.000709742831532, 0.000582762470003, -0.00114254758228, 0.00545189250261, -0.00280654337257, 0.000695497146808, -0.000588797207456, 0.000713645829819, -0.00174647918902, -0.000184181277291, 0.000565483525861], [0.000239122120547, -0.000853851495776, 0.000361692043953, -0.000456329726148, -0.000410349224694, -0.00280654337257, 0.0048908223398, -0.00200923718512, 0.000202366441954, -0.000678725715261, -9.81187840807e-05, -0.000176626126631, 7.98505352577e-05], [-0.000200768088689, 0.00109914352652, -0.000338679732522, 0.00014581430878, -0.000362568069249, 0.000695497146808, -0.00200923718512, 0.00866255257279, -0.00328189041466, -0.00134011963382, -0.000540750159416, -0.00104171095882, -7.86070013419e-05], [0.000176891320734, -0.000930421054363, 0.000366865686374, -0.000762487354223, 4.50269435532e-05, -0.000588797207456, 0.000202366441954, -0.00328189041466, 0.00818601343781, -0.00253789289854, -0.000108961561637, -0.000460416544229, -0.00083442858886], [-0.000364268227713, 0.00136186543386, 4.00575663662e-05, 0.000995219103061, 0.000400944525609, 0.000713645829819, -0.000678725715261, -0.00134011963382, -0.00253789289854, 0.0134424958378, -0.00294966693036, 0.000768435420468, -0.00122519722208], [0.000316565070534, -0.000996288959868, 0.000509012083057, -0.000731249165256, -0.000727562466636, -0.00174647918902, -9.81187840807e-05, -0.000540750159416, -0.000108961561637, -0.00294966693036, 0.0120946848765, -0.00386927486397, -0.00136157509405], [-0.000224142408115, 0.00111704308074, -0.000545622373465, 0.000967532221694, 9.3080510851e-05, -0.000184181277291, -0.000176626126631, -0.00104171095882, -0.000460416544229, 0.000768435420468, -0.00386927486397, 0.012022738345, -0.00365631119348], [0.000192461593542, -0.000994372181594, 0.000117357725685, -0.00118035927881, -0.000741582363844, 0.000565483525861, 7.98505352577e-05, -7.86070013419e-05, -0.00083442858886, -0.00122519722208, -0.00136157509405, -0.00365631119348, 0.0138643020764]]}, "melbands": {"dmean": [0.00401234766468, 0.00207107304595, 0.00132033263799, 0.000336342607625, 0.00012235045142, 6.11662835581e-05, 8.23241571197e-05, 0.000106527448224, 7.69524413045e-05, 3.41293998645e-05, 3.78710283258e-05, 2.11849637708e-05, 3.22829691868e-05, 4.87461620651e-05, 3.30502371071e-05, 2.42573132709e-05, 2.2437536245e-05, 1.410934874e-05, 1.17849449452e-05, 1.24971502373e-05, 8.20571585791e-06, 7.90586909716e-06, 5.36048628419e-06, 4.91630771648e-06, 3.34205833497e-06, 2.98571740132e-06, 2.97761107504e-06, 2.55179861597e-06, 2.24215955313e-06, 2.27742134484e-06, 1.94721019398e-06, 1.83422457667e-06, 2.01813554668e-06, 1.46143304391e-06, 1.40808879223e-06, 1.18574814678e-06, 1.0471396763e-06, 9.25874360291e-07, 9.64663854575e-07, 6.96356437402e-07], "dmean2": [0.00494883581996, 0.00307510490529, 0.00222640484571, 0.000571470009163, 0.000180140559678, 8.39731728774e-05, 0.000109214328404, 0.000151739150169, 0.000118318050227, 5.35896033398e-05, 6.24382228125e-05, 3.03775195789e-05, 4.8482332204e-05, 7.42091724533e-05, 4.7174111387e-05, 3.7729361793e-05, 3.78547410946e-05, 2.15733343794e-05, 1.86558881978e-05, 2.0164927264e-05, 1.35738027893e-05, 1.32653494802e-05, 8.25798633741e-06, 7.15925853001e-06, 5.56951863473e-06, 4.42866621597e-06, 4.42950477009e-06, 3.96138329961e-06, 3.36788048116e-06, 3.70619636669e-06, 3.13309578814e-06, 2.75542038253e-06, 3.15469651468e-06, 2.26077509069e-06, 2.27841042033e-06, 1.90421667412e-06, 1.64911648426e-06, 1.55824989179e-06, 1.60769661761e-06, 1.1303525298e-06], "dvar": [8.87384594535e-05, 2.79811138171e-05, 1.95841439563e-05, 9.90790795186e-07, 7.01978706275e-08, 2.55783554337e-08, 4.92748490899e-08, 1.60803210747e-07, 5.35136344126e-08, 6.32573904369e-09, 9.0815435172e-09, 2.1205273093e-09, 7.92678367389e-09, 2.82229812854e-08, 1.11395142e-08, 8.00689292646e-09, 5.41922728914e-09, 1.91823801288e-09, 1.37688860313e-09, 1.68210023688e-09, 5.61300395052e-10, 4.94603247247e-10, 2.1740595435e-10, 1.97760793852e-10, 9.70485081186e-11, 7.67981858663e-11, 5.5851975822e-11, 5.45756391468e-11, 4.19019194342e-11, 4.65855028164e-11, 2.73842285653e-11, 2.21875122441e-11, 3.22278245757e-11, 1.31075931359e-11, 1.80179551834e-11, 9.67448864075e-12, 7.46711199817e-12, 7.1636481469e-12, 1.27437088659e-11, 9.52982571328e-12], "dvar2": [0.000161083386047, 6.37494376861e-05, 5.06232936459e-05, 2.7174924071e-06, 1.79479229701e-07, 4.59717348633e-08, 7.97554378096e-08, 2.63655351773e-07, 1.13983830374e-07, 1.53351873422e-08, 2.40393909223e-08, 4.01615851686e-09, 1.79195751571e-08, 5.66977114147e-08, 2.2760190177e-08, 1.77056911355e-08, 1.35925288802e-08, 4.5336805421e-09, 3.35454486411e-09, 4.03363520363e-09, 1.40171063645e-09, 1.30832233936e-09, 5.09023212469e-10, 3.99166893983e-10, 2.25664459341e-10, 1.4727219444e-10, 1.10574389922e-10, 1.08903421003e-10, 9.49514009085e-11, 1.20011889315e-10, 6.21860618555e-11, 5.11624978494e-11, 8.04188521331e-11, 2.91296327337e-11, 4.71087231724e-11, 2.36944231596e-11, 1.73473110876e-11, 1.79941721246e-11, 2.99923696989e-11, 2.11367659486e-11], "max": [0.132781654596, 0.0508754178882, 0.0589812137187, 0.017016235739, 0.00554999988526, 0.0057195792906, 0.00910909473896, 0.0209087394178, 0.00906253792346, 0.00192244572099, 0.00142137811054, 0.000770541548263, 0.000897458172403, 0.00259181880392, 0.00123533059377, 0.000931962160394, 0.000680187600665, 0.000770290149376, 0.000753357075155, 0.00130617269315, 0.00057245750213, 0.000249420525506, 0.00039660272887, 0.000213700041058, 0.000156618771143, 0.000111910187115, 0.000315385404974, 9.61632977123e-05, 0.000102701866126, 0.000120195094496, 0.000122546727653, 0.00010687946633, 9.30241803871e-05, 3.28626956616e-05, 3.95401948481e-05, 2.49814529525e-05, 6.87143474352e-05, 6.93851834512e-05, 0.000178085596417, 0.000197282715817], "mean": [0.00624628970399, 0.00297315395437, 0.00104509771336, 0.000429311447078, 0.000296554528177, 0.000125151927932, 0.000228846241953, 0.000302150001517, 0.000195874963538, 5.87607937632e-05, 5.52465462533e-05, 3.40234801115e-05, 3.74235423806e-05, 5.43966925761e-05, 3.85079292755e-05, 2.61336135736e-05, 2.28940862144e-05, 1.68109472725e-05, 1.29629952426e-05, 1.31973229145e-05, 1.03586389741e-05, 9.55753239396e-06, 8.40968095872e-06, 6.64368144498e-06, 4.19721754952e-06, 4.59389229945e-06, 5.46570572624e-06, 3.33219986715e-06, 2.65989410764e-06, 2.95175777865e-06, 2.56207317761e-06, 2.70319787887e-06, 2.53411576523e-06, 2.0235474949e-06, 1.64647792644e-06, 1.44854470818e-06, 1.24591099393e-06, 1.04903062947e-06, 1.03833201592e-06, 8.27140297588e-07], "median": [0.00087120605167, 0.000364514649846, 0.000110236658657, 0.00012964841153, 0.000128754953039, 4.10851353081e-05, 5.44930735487e-05, 2.29831657634e-05, 2.60607775999e-05, 1.44871119119e-05, 1.4850070329e-05, 1.16054816317e-05, 6.11681298324e-06, 4.0317913772e-06, 4.40456597062e-06, 2.62827802544e-06, 2.10842790693e-06, 1.35071354634e-06, 1.0905542922e-06, 1.03979925825e-06, 1.20161882933e-06, 1.18236528124e-06, 7.8198263509e-07, 7.78552703196e-07, 6.65987442972e-07, 5.50543290956e-07, 5.91778359649e-07, 4.10871422218e-07, 3.39910400271e-07, 3.70225308188e-07, 3.50712440422e-07, 3.81570146146e-07, 3.57589470923e-07, 2.83229866227e-07, 1.56869660373e-07, 1.74615450987e-07, 1.63800564223e-07, 1.14870289281e-07, 1.48426977375e-07, 1.41239880236e-07], "min": [5.41236678211e-24, 6.60895675708e-24, 3.40793709183e-24, 1.52604984343e-23, 1.03038700078e-23, 3.41988005151e-24, 3.86276431307e-24, 8.78922314871e-24, 3.07660762303e-24, 3.27641662399e-24, 1.01043284306e-23, 3.15862923843e-24, 8.03109232005e-24, 1.02268219631e-23, 5.33773422959e-24, 9.81747651739e-24, 7.74595065725e-24, 7.54581112357e-24, 1.08132075175e-23, 7.68295695852e-24, 5.71546804671e-24, 1.01611855804e-23, 8.38465583347e-24, 7.36523297375e-24, 9.53079973127e-24, 8.31550191993e-24, 8.00924087298e-24, 8.41766571804e-24, 8.13887280781e-24, 7.94128602802e-24, 6.31010469175e-24, 9.92947267783e-24, 7.90583304121e-24, 9.35531604518e-24, 9.62263102925e-24, 8.78476371801e-24, 9.56814125108e-24, 9.560995749e-24, 8.5139730128e-24, 6.44151590235e-24], "var": [0.000220752859605, 4.88722143928e-05, 1.48289273056e-05, 8.65480160428e-07, 2.5068669629e-07, 7.95423389377e-08, 5.0331135526e-07, 1.76934963747e-06, 4.06117266039e-07, 1.96191844992e-08, 1.41500082762e-08, 4.1825791719e-09, 1.05536210881e-08, 3.54281617376e-08, 1.63688724797e-08, 9.13992970197e-09, 5.95534022096e-09, 2.79154832583e-09, 1.6412252668e-09, 1.97285143777e-09, 8.19267709229e-10, 6.11936556982e-10, 7.64570518008e-10, 4.2915770937e-10, 1.38894465374e-10, 1.46761783282e-10, 2.27418348042e-10, 8.85982676113e-11, 5.27874965961e-11, 5.18328435728e-11, 4.0231994819e-11, 3.66107873184e-11, 3.81775722147e-11, 1.95428256911e-11, 1.87568016674e-11, 1.20033540399e-11, 1.0586348638e-11, 9.44169568917e-12, 1.81349085054e-11, 1.40211869892e-11]}, "mfcc": {"mean": [-741.365905762, 117.265556335, 31.6151294708, 19.2758350372, 2.27548623085, 4.56129980087, -1.38185083866, 3.48581314087, 0.247545972466, -2.12676334381, 0.947194993496, -0.841517031193, -0.468416601419], "cov": [[19502.015625, -319.294921875, -1613.77392578, -66.0789871216, 8.77193450928, 820.159179688, 553.898925781, 747.909484863, 640.897155762, 619.435791016, 571.55291748, 511.137908936, 559.017822266], [-319.294921875, 2533.29956055, 493.551147461, -132.752929688, 30.1205387115, 84.1444473267, 139.730697632, 129.476257324, 30.2928009033, 24.4894523621, -41.2166900635, 13.2724742889, 54.452167511], [-1613.77392578, 493.551147461, 1192.01196289, 67.7213821411, 73.7459793091, 44.8199234009, 46.0308303833, 58.3670196533, -45.1895904541, -2.15152382851, -99.4488449097, -29.3987522125, -66.6363525391], [-66.0789871216, -132.752929688, 67.7213821411, 472.88458252, 127.125411987, 13.6805801392, 18.6367511749, 32.2238502502, 43.3655357361, 30.7298145294, -33.3740386963, 4.2889456749, 10.5127906799], [8.77193450928, 30.1205387115, 73.7459793091, 127.125411987, 384.776641846, 126.154823303, 116.174919128, 103.296318054, 41.3967704773, 77.2874832153, -31.2036437988, 44.3351478577, 49.6224517822], [820.159179688, 84.1444473267, 44.8199234009, 13.6805801392, 126.154823303, 350.310211182, 256.210540771, 198.644271851, 86.7114715576, 121.641906738, 30.0726165771, 75.8148498535, 53.4715576172], [553.898925781, 139.730697632, 46.0308303833, 18.6367511749, 116.174919128, 256.210540771, 420.571746826, 242.423751831, 100.094093323, 141.335067749, 45.7345314026, 95.3491363525, 73.2622756958], [747.909484863, 129.476257324, 58.3670196533, 32.2238502502, 103.296318054, 198.644271851, 242.423751831, 331.222106934, 120.608787537, 154.591201782, 43.1716041565, 115.71081543, 102.313529968], [640.897155762, 30.2928009033, -45.1895904541, 43.3655357361, 41.3967704773, 86.7114715576, 100.094093323, 120.608787537, 176.138244629, 120.503555298, 48.828414917, 57.5961494446, 65.3054428101], [619.435791016, 24.4894523621, -2.15152382851, 30.7298145294, 77.2874832153, 121.641906738, 141.335067749, 154.591201782, 120.503555298, 213.504516602, 67.7838668823, 74.9721984863, 79.1767654419], [571.55291748, -41.2166900635, -99.4488449097, -33.3740386963, -31.2036437988, 30.0726165771, 45.7345314026, 43.1716041565, 48.828414917, 67.7838668823, 125.060974121, 53.4395904541, 37.5334281921], [511.137908936, 13.2724742889, -29.3987522125, 4.2889456749, 44.3351478577, 75.8148498535, 95.3491363525, 115.71081543, 57.5961494446, 74.9721984863, 53.4395904541, 125.174842834, 82.7798995972], [559.017822266, 54.452167511, -66.6363525391, 10.5127906799, 49.6224517822, 53.4715576172, 73.2622756958, 102.313529968, 65.3054428101, 79.1767654419, 37.5334281921, 82.7798995972, 137.309844971]], "icov": [[7.73666251916e-05, -2.47797561315e-06, 8.49626449053e-05, -9.61795740295e-06, 4.74010266771e-05, -0.000176875706529, 8.32120349514e-05, -5.98060796619e-05, -9.5218711067e-05, 9.61647856457e-06, -0.000166278958204, -2.47276602749e-05, -0.00012000942661], [-2.47797561315e-06, 0.000463109317934, -0.000208404671866, 0.000182163712452, 7.35448520572e-06, 3.03009928757e-05, -0.000122943223687, -9.18762307265e-05, -0.000119234304293, 0.000143119483255, 9.71447880147e-05, 0.000228746663197, -0.000359327823389], [8.49626449053e-05, -0.000208404671866, 0.00116148230154, -0.000163715390954, 1.12725238068e-05, -0.000192122344743, 0.000116655559395, -0.000400038028602, 0.000296448153676, -0.000383547827369, 0.00056145794224, -0.000267319352133, 0.000707383325789], [-9.61795740295e-06, 0.000182163712452, -0.000163715390954, 0.0025134102907, -0.000778922403697, 0.000339278281899, -3.10960490424e-06, -4.14619789808e-05, -0.000820207060315, -3.49245347024e-05, 0.000671877467539, 8.22957954369e-05, 5.39231732546e-05], [4.74010266771e-05, 7.35448520572e-06, 1.12725238068e-05, -0.000778922403697, 0.00365493190475, -0.00096960022347, -0.000163083110237, 7.73936262704e-05, 0.000372991635231, -0.000988718820736, 0.00163707451429, -0.000616681471001, -0.000727703911252], [-0.000176875706529, 3.03009928757e-05, -0.000192122344743, 0.000339278281899, -0.00096960022347, 0.00628138892353, -0.00261948211119, -0.00114023743663, -0.000151994419866, -0.000630009162705, 0.000533427868504, -0.00035109068267, 0.00124184018932], [8.32120349514e-05, -0.000122943223687, 0.000116655559395, -3.10960490424e-06, -0.000163083110237, -0.00261948211119, 0.00546366441995, -0.00216169445775, -7.15504938853e-06, -0.000461004907265, -0.000627133937087, -0.000431589607615, 0.000242282490944], [-5.98060796619e-05, -9.18762307265e-05, -0.000400038028602, -4.14619789808e-05, 7.73936262704e-05, -0.00114023743663, -0.00216169445775, 0.00810890458524, -0.00134066434111, -0.00176220620051, 0.00138336187229, -0.00313874147832, -0.00121589982882], [-9.5218711067e-05, -0.000119234304293, 0.000296448153676, -0.000820207060315, 0.000372991635231, -0.000151994419866, -7.15504938853e-06, -0.00134066434111, 0.0105172153562, -0.00409072218463, -0.000696663977578, 0.000327239918988, -0.00108129635919], [9.61647856457e-06, 0.000143119483255, -0.000383547827369, -3.49245347024e-05, -0.000988718820736, -0.000630009162705, -0.000461004907265, -0.00176220620051, -0.00409072218463, 0.010841306299, -0.00367239955813, 0.000771960942075, -0.00188505242113], [-0.000166278958204, 9.71447880147e-05, 0.00056145794224, 0.000671877467539, 0.00163707451429, 0.000533427868504, -0.000627133937087, 0.00138336187229, -0.000696663977578, -0.00367239955813, 0.0134651046246, -0.00485550472513, 0.00105946091935], [-2.47276602749e-05, 0.000228746663197, -0.000267319352133, 8.22957954369e-05, -0.000616681471001, -0.00035109068267, -0.000431589607615, -0.00313874147832, 0.000327239918988, 0.000771960942075, -0.00485550472513, 0.0179396737367, -0.00728625059128], [-0.00012000942661, -0.000359327823389, 0.000707383325789, 5.39231732546e-05, -0.000727703911252, 0.00124184018932, 0.000242282490944, -0.00121589982882, -0.00108129635919, -0.00188505242113, 0.00105946091935, -0.00728625059128, 0.0145134609193]]}, "spectral_contrast_coeffs": {"dmean": [0.0529063008726, 0.045221414417, 0.0395405516028, 0.0324330851436, 0.0227056182921, 0.0191696081311], "dmean2": [0.0806526318192, 0.0694739222527, 0.0626584514976, 0.0500240325928, 0.0347584113479, 0.028929002583], "dvar": [0.0027943556197, 0.00211587687954, 0.00129347317852, 0.00104074412957, 0.000570284377318, 0.000394552451326], "dvar2": [0.00575330713764, 0.00445085437968, 0.00292985886335, 0.00209414586425, 0.00109766260721, 0.000803999253549], "max": [-0.18789704144, -0.200433894992, -0.375965029001, -0.434539318085, -0.519421219826, -0.559261202812], "mean": [-0.617465138435, -0.670704126358, -0.75678384304, -0.790001869202, -0.808737874031, -0.793505728245], "median": [-0.654774129391, -0.682912409306, -0.766612231731, -0.813110530376, -0.833182692528, -0.789910852909], "min": [-0.960806012154, -0.956125915051, -0.968395352364, -0.972120940685, -0.964893877506, -0.965543448925], "var": [0.0241695027798, 0.0134965684265, 0.00735509209335, 0.00711435172707, 0.00604363484308, 0.0041263923049]}, "spectral_contrast_valleys": {"dmean": [0.504199743271, 0.479329437017, 0.485033482313, 0.493824362755, 0.393325179815, 0.428070813417], "dmean2": [0.740006744862, 0.717233777046, 0.713444650173, 0.721652269363, 0.567479014397, 0.587075293064], "dvar": [0.393505930901, 0.367732644081, 0.41450330615, 0.479797303677, 0.327985554934, 0.299443721771], "dvar2": [0.637839734554, 0.694912731647, 0.704130589962, 0.85724157095, 0.575394332409, 0.580932915211], "max": [-5.19266223907,