{"lowlevel": {"average_loudness": 0.897658348083, "barkbands_crest": {"dmean": 2.83286452293, "dmean2": 4.39000797272, "dvar": 11.7891969681, "dvar2": 26.601568222, "max": 26.408706665, "mean": 15.5424032211, "median": 16.1653594971, "min": 2.36832952499, "var": 40.3491134644}, "barkbands_flatness_db": {"dmean": 0.03100784868, "dmean2": 0.0460158661008, "dvar": 0.00157702725846, "dvar2": 0.00342571991496, "max": 0.448242515326, "mean": 0.160971641541, "median": 0.135446041822, "min": 0.0158578976989, "var": 0.00824276637286}, "barkbands_kurtosis": {"dmean": 15.4498977661, "dmean2": 22.6364459991, "dvar": 1849.94494629, "dvar2": 3956.3527832, "max": 677.891357422, "mean": 22.9807929993, "median": 4.31923913956, "min": -1.81776285172, "var": 3231.28173828}, "barkbands_skewness": {"dmean": 1.05908882618, "dmean2": 1.49679338932, "dvar": 2.44024252892, "dvar2": 4.86019277573, "max": 21.0753555298, "mean": 2.9336066246, "median": 2.02973461151, "min": -3.25690746307, "var": 9.72606945038}, "barkbands_spread": {"dmean": 9.22671318054, "dmean2": 14.4384813309, "dvar": 175.910385132, "dvar2": 428.941741943, "max": 109.416732788, "mean": 27.3516407013, "median": 19.5062026978, "min": 0.264871895313, "var": 603.442260742}, "dissonance": {"dmean": 0.0149272810668, "dmean2": 0.0250329207629, "dvar": 0.000258073763689, "dvar2": 0.000704681675415, "max": 0.499999940395, "mean": 0.466357350349, "median": 0.477448225021, "min": 0.267118901014, "var": 0.00116645451635}, "dynamic_complexity": 5.43852233887, "erbbands_crest": {"dmean": 2.12599039078, "dmean2": 3.47145223618, "dvar": 5.11102628708, "dvar2": 12.3395023346, "max": 29.0888080597, "mean": 8.03539085388, "median": 6.71722698212, "min": 2.19315981865, "var": 20.7407608032}, "erbbands_flatness_db": {"dmean": 0.0159638486803, "dmean2": 0.0249661840498, "dvar": 0.000399235083023, "dvar2": 0.00107967760414, "max": 0.398271203041, "mean": 0.127748042345, "median": 0.0985006988049, "min": 0.0389798283577, "var": 0.00519171217456}, "erbbands_kurtosis": {"dmean": 0.933637499809, "dmean2": 1.48788452148, "dvar": 1.88671016693, "dvar2": 4.97696638107, "max": 15.5349273682, "mean": 0.449364513159, "median": -0.154627561569, "min": -1.7454470396, "var": 3.88293266296}, "erbbands_skewness": {"dmean": 0.377027839422, "dmean2": 0.562615334988, "dvar": 0.151962518692, "dvar2": 0.348017990589, "max": 3.79855680466, "mean": 0.285133600235, "median": 0.207904398441, "min": -2.50433468819, "var": 0.860978841782}, "erbbands_spread": {"dmean": 10.1860523224, "dmean2": 15.3664073944, "dvar": 141.260314941, "dvar2": 317.273529053, "max": 205.276260376, "mean": 49.1068725586, "median": 46.3861045837, "min": 4.41638565063, "var": 625.569519043}, "hfc": {"dmean": 17.7158889771, "dmean2": 27.0675048828, "dvar": 1514.26428223, "dvar2": 3581.30810547, "max": 407.194763184, "mean": 27.4829654694, "median": 9.57508563995, "min": 1.62160937456e-10, "var": 2169.40234375}, "melbands_crest": {"dmean": 2.89523100853, "dmean2": 4.3334274292, "dvar": 13.4502954483, "dvar2": 26.9647541046, "max": 36.4933815002, "mean": 22.196844101, "median": 23.017780304, "min": 2.74499082565, "var": 69.3347396851}, "melbands_flatness_db": {"dmean": 0.0365703031421, "dmean2": 0.0531342476606, "dvar": 0.00213539344259, "dvar2": 0.00446130335331, "max": 0.552214622498, "mean": 0.234665617347, "median": 0.2132499367, "min": 0.0144382286817, "var": 0.0128806317225}, "melbands_kurtosis": {"dmean": 29.7405605316, "dmean2": 41.5221824646, "dvar": 4496.15136719, "dvar2": 8386, "max": 1239.55065918, "mean": 55.4176139832, "median": 18.8078327179, "min": -1.66737020016, "var": 11226.2001953}, "melbands_skewness": {"dmean": 1.29722416401, "dmean2": 1.87321197987, "dvar": 3.08323311806, "dvar2": 6.01641750336, "max": 28.9755954742, "mean": 4.77448511124, "median": 3.81974482536, "min": -1.52331745625, "var": 14.4152011871}, "melbands_spread": {"dmean": 7.80857896805, "dmean2": 11.8621387482, "dvar": 148.491485596, "dvar2": 308.786376953, "max": 208.627563477, "mean": 23.3151741028, "median": 14.2528104782, "min": 0.27835971117, "var": 724.395629883}, "pitch_salience": {"dmean": 0.0853672623634, "dmean2": 0.132959529757, "dvar": 0.0112927732989, "dvar2": 0.0254042483866, "max": 0.913001358509, "mean": 0.414094388485, "median": 0.407959789038, "min": 0.0481862872839, "var": 0.0356901697814}, "silence_rate_20dB": {"dmean": 0, "dmean2": 0, "dvar": 0, "dvar2": 0, "max": 1, "mean": 1, "median": 1, "min": 1, "var": 0}, "silence_rate_30dB": {"dmean": 0.0549745224416, "dmean2": 0.109829686582, "dvar": 0.0519512444735, "dvar2": 0.097773604095, "max": 1, "mean": 0.913527309895, "median": 1, "min": 0, "var": 0.0790015384555}, "silence_rate_60dB": {"dmean": 0.028962187469, "dmean2": 0.0577980428934, "dvar": 0.0281238332391, "dvar2": 0.0603513978422, "max": 1, "mean": 0.242793947458, "median": 0, "min": 0, "var": 0.183852434158}, "spectral_centroid": {"dmean": 290.45892334, "dmean2": 429.547546387, "dvar": 141459.15625, "dvar2": 311649.5625, "max": 4592.73876953, "mean": 1660.4329834, "median": 1520.52746582, "min": 139.750869751, "var": 890523.5625}, "spectral_complexity": {"dmean": 4.30866193771, "dmean2": 6.13852739334, "dvar": 39.6244735718, "dvar2": 71.9284515381, "max": 64, "mean": 14.4724493027, "median": 10, "min": 0, "var": 182.965103149}, "spectral_decrease": {"dmean": 4.71939154423e-09, "dmean2": 6.7704717388e-09, "dvar": 1.34124768757e-16, "dvar2": 2.49463326125e-16, "max": 4.85242655894e-22, "mean": -9.11609188137e-09, "median": -5.67600189072e-09, "min": -1.02027307491e-07, "var": 2.23203478346e-16}, "spectral_energy": {"dmean": 0.019164936617, "dmean2": 0.0274992454797, "dvar": 0.00196704780683, "dvar2": 0.00364373880439, "max": 0.388432770967, "mean": 0.0368991009891, "median": 0.0228401031345, "min": 1.28770717437e-14, "var": 0.00332740391605}, "spectral_energyband_high": {"dmean": 0.00157931481954, "dmean2": 0.00245676143095, "dvar": 1.4871606254e-05, "dvar2": 3.52799361281e-05, "max": 0.0395587086678, "mean": 0.00230782339349, "median": 0.000492333259899, "min": 9.4637559711e-15, "var": 2.02367118618e-05}, "spectral_energyband_low": {"dmean": 0.0159173216671, "dmean2": 0.0231316760182, "dvar": 0.00180763995741, "dvar2": 0.00348463235423, "max": 0.37773168087, "mean": 0.0285032875836, "median": 0.0166963804513, "min": 2.23997598204e-16, "var": 0.00281639886089}, "spectral_energyband_middle_high": {"dmean": 0.00123910175171, "dmean2": 0.00185777491424, "dvar": 6.9047564466e-06, "dvar2": 1.43500183185e-05, "max": 0.0307107325643, "mean": 0.00242095161229, "median": 0.00105591921601, "min": 1.2271908631e-15, "var": 1.58008424478e-05}, "spectral_energyband_middle_low": {"dmean": 0.00423816172406, "dmean2": 0.00760983722284, "dvar": 0.00021263094095, "dvar2": 0.000606453802902, "max": 0.127544790506, "mean": 0.00454029068351, "median": 0.00172253826167, "min": 2.03512172549e-16, "var": 0.000128533691168}, "spectral_entropy": {"dmean": 0.18189175427, "dmean2": 0.284125238657, "dvar": 0.0639824271202, "dvar2": 0.168443292379, "max": 8.96312046051, "mean": 7.83208847046, "median": 7.98310136795, "min": 5.31223154068, "var": 0.456824064255}, "spectral_flux": {"dmean": 0.0390226654708, "dmean2": 0.0564421229064, "dvar": 0.00490223336965, "dvar2": 0.00853167008609, "max": 0.581682562828, "mean": 0.0813360139728, "median": 0.0471589416265, "min": 5.90016270507e-06, "var": 0.0105471946299}, "spectral_kurtosis": {"dmean": 1.68139541149, "dmean2": 2.82880330086, "dvar": 10.1606063843, "dvar2": 30.5974960327, "max": 86.9793014526, "mean": 4.16679286957, "median": 2.7734837532, "min": -0.361950397491, "var": 23.836353302}, "spectral_rms": {"dmean": 0.00112757703755, "dmean2": 0.00158770219423, "dvar": 4.33181685366e-06, "dvar2": 7.41290114092e-06, "max": 0.0194668639451, "mean": 0.00482908496633, "median": 0.00472048996016, "min": 3.54443185913e-09, "var": 1.26790109789e-05}, "spectral_rolloff": {"dmean": 930.696166992, "dmean2": 1560.35070801, "dvar": 3407883.25, "dvar2": 8464354, "max": 19530.6152344, "mean": 1918.30566406, "median": 710.595703125, "min": 64.599609375, "var": 7036221.5}, "spectral_skewness": {"dmean": 0.217788934708, "dmean2": 0.353072702885, "dvar": 0.0897285044193, "dvar2": 0.262442082167, "max": 7.16733837128, "mean": 1.47897231579, "median": 1.40298759937, "min": -0.238482251763, "var": 0.306334614754}, "spectral_spread": {"dmean": 774479.375, "dmean2": 1127596.5, "dvar": 934696321024, "dvar2": 1915248181250.0, "max": 15738205, "mean": 6096357, "median": 6015898, "min": 765212.4375, "var": 6364159541250.0}, "spectral_strongpeak": {"dmean": 0.130952909589, "dmean2": 0.204419597983, "dvar": 0.0534580722451, "dvar2": 0.13617156446, "max": 3.2941737175, "mean": 0.405949950218, "median": 0.352020591497, "min": 0, "var": 0.083829306066}, "zerocrossingrate": {"dmean": 0.0144834509119, "dmean2": 0.0172704365104, "dvar": 0.000331698509399, "dvar2": 0.000449577113613, "max": 0.50146484375, "mean": 0.0694648995996, "median": 0.044921875, "min": 0.001953125, "var": 0.00412246398628}, "barkbands": {"dmean": [0.000501317961607, 0.0138168307021, 0.00507725961506, 0.00213659065776, 0.00124283856712, 0.000440184347099, 0.000304607121507, 0.00024344571284, 0.000258590152953, 0.000263597961748, 0.00019439861353, 0.00013660507102, 9.30044043344e-05, 0.000125335063785, 0.000108261599962, 0.000225458104978, 0.000187087935046, 0.000138027506182, 0.000207589546335, 0.000188429636182, 0.000207799370401, 0.00019776346744, 0.00025015801657, 0.000308196526021, 0.000284667417873, 0.000329167902237, 4.25693397119e-05], "dmean2": [0.000728352926672, 0.021063150838, 0.00947952829301, 0.00406516063958, 0.00216052820906, 0.000761515984777, 0.00051388819702, 0.000398996489821, 0.000417368311901, 0.000450697727501, 0.000340103259077, 0.00023151577625, 0.000154712121002, 0.000208469136851, 0.000172120184288, 0.000356748438207, 0.000296363898087, 0.0002127680782, 0.000317128578899, 0.000290663738269, 0.000327865389409, 0.000307259615511, 0.000402975216275, 0.000499421439599, 0.000452788139228, 0.000555722450372, 6.87872234266e-05], "dvar": [1.29180557451e-06, 0.00148109148722, 0.000442896678578, 7.99542976893e-05, 1.87321729754e-05, 1.58901173108e-06, 5.73172144414e-07, 3.7844210965e-07, 2.49054437518e-07, 4.02571885161e-07, 2.4334329396e-07, 1.94901133455e-07, 3.98027424353e-08, 1.10977602219e-07, 6.64861588007e-08, 1.80371927172e-07, 1.53002503112e-07, 1.27382733695e-07, 3.62870821391e-07, 2.94036851756e-07, 3.96782638745e-07, 3.20347481875e-07, 3.77679668873e-07, 5.72491842377e-07, 4.27656374313e-07, 6.96960626101e-07, 1.07528901339e-08], "dvar2": [2.35329275711e-06, 0.00317009189166, 0.00126142392401, 0.000234063045355, 5.13230552315e-05, 4.39163795818e-06, 1.5782909486e-06, 1.03318598121e-06, 6.41973485926e-07, 1.12772670491e-06, 7.27424321667e-07, 5.26281098701e-07, 9.82266286087e-08, 2.78290173128e-07, 1.4998761344e-07, 4.34758277379e-07, 3.74649886226e-07, 2.51876741686e-07, 7.67515075495e-07, 6.88052637088e-07, 9.58773853199e-07, 6.95929657013e-07, 8.62290391979e-07, 1.44116836509e-06, 1.04122852917e-06, 1.91486901713e-06, 2.69784532492e-08], "max": [0.0141102932394, 0.316841185093, 0.175805434585, 0.079035885632, 0.0413540489972, 0.0229802466929, 0.0126478588209, 0.0105514898896, 0.00863710138947, 0.0088289771229, 0.00767485843971, 0.00714396080002, 0.0028781099245, 0.00673263147473, 0.00479986285791, 0.00652874913067, 0.00455110380426, 0.00522453058511, 0.00932131055743, 0.00858999136835, 0.00793205853552, 0.00628931354731, 0.00657835137099, 0.00879595521837, 0.00764623703435, 0.00903354771435, 0.00121537968516], "mean": [0.00135487120133, 0.0231663659215, 0.00317283440381, 0.00138123368379, 0.00111837801524, 0.000631192408036, 0.00049423542805, 0.000395458046114, 0.000417886156356, 0.000353893410647, 0.000258836022113, 0.000177584894118, 0.000134152040118, 0.000167343139765, 0.000164538898389, 0.000345457752701, 0.000262336019659, 0.000202798561077, 0.00027234913432, 0.000280088890577, 0.000272103265161, 0.000292702461593, 0.000385080056731, 0.000422191078542, 0.000402850273531, 0.00031920755282, 5.30577854079e-05], "median": [0.000274933001492, 0.0141465654597, 0.000207404591492, 0.000118484145787, 0.000171955791302, 0.0001965083502, 0.000180069342605, 0.000173350068508, 0.000202063689358, 0.00010443777137, 6.59206853015e-05, 4.1138191591e-05, 3.53605137207e-05, 4.4223954319e-05, 5.16313302796e-05, 9.44052517298e-05, 6.7926288466e-05, 4.69555052405e-05, 7.66044176999e-05, 6.09849485045e-05, 4.90569109388e-05, 4.02598343499e-05, 6.02938162046e-05, 6.03124390182e-05, 5.82960201427e-05, 2.25957701332e-05, 3.64989182344e-06], "min": [1.15139782559e-16, 1.21278230327e-16, 3.62286480191e-17, 1.77189730358e-17, 2.31961444987e-17, 2.79359605462e-17, 2.67614170159e-17, 1.67301729121e-17, 6.42741504394e-17, 9.23031588783e-17, 1.06909772215e-16, 8.40464471446e-17, 1.2469054226e-16, 7.72179785438e-17, 5.48292334604e-17, 1.67693015329e-16, 1.72223701919e-16, 1.59072575736e-16, 1.52293876938e-16, 2.47886097838e-16, 2.20111252223e-16, 2.55862792391e-16, 4.7810864705e-16, 9.91319609984e-16, 1.74603104819e-15, 2.48929345968e-15, 3.30357079583e-15], "var": [4.18470199293e-06, 0.00187807844486, 0.000254668033449, 4.32550805272e-05, 1.24036796478e-05, 1.40286749684e-06, 6.42539987439e-07, 4.34550997852e-07, 3.56742049235e-07, 4.81182894418e-07, 2.87400695242e-07, 2.0454172045e-07, 6.44818811679e-08, 1.63691012744e-07, 1.23739368973e-07, 3.66381954109e-07, 2.30847575722e-07, 2.07485328474e-07, 4.62318780592e-07, 3.9697491161e-07, 4.40123159251e-07, 4.6293791911e-07, 5.85497105021e-07, 6.82104143834e-07, 5.78884510105e-07, 6.02580882969e-07, 1.24582522076e-08]}, "erbbands": {"dmean": [0.48559731245, 3.10082364082, 5.59931707382, 7.17165327072, 5.7313079834, 3.70848250389, 3.42184233665, 3.54339599609, 4.18630552292, 4.5829372406, 4.87270212173, 6.34991645813, 8.12276363373, 5.4669713974, 8.40065002441, 4.96092605591, 4.00170183182, 5.03779125214, 5.54056739807, 7.98631429672, 11.363948822, 10.6275100708, 7.45571899414, 10.7506217957, 9.73158836365, 8.77443504333, 8.12339305878, 7.91241931915, 6.92340278625, 8.1146478653, 6.85188245773, 5.79195928574, 5.2261505127, 3.25921702385, 2.07684373856, 2.06148815155, 0.403635859489, 0.0720510855317, 0.00712032243609, 0.000314292206895], "dmean2": [0.728572070599, 4.87717056274, 10.0436849594, 13.5092725754, 10.4407072067, 6.39962244034, 6.03821706772, 5.98612785339, 7.14545631409, 7.71072292328, 7.92347145081, 10.2060632706, 14.1143980026, 9.10172557831, 14.6762189865, 8.26851272583, 6.5476436615, 8.20960235596, 8.86894321442, 12.474691391, 17.570306778, 17.0860729218, 11.2465963364, 16.5825862885, 15.0070781708, 13.7914361954, 12.6329174042, 12.4320688248, 10.710899353, 13.1278390884, 11.0187120438, 9.21394824982, 8.53542232513, 5.12559318542, 3.37404632568, 3.47288560867, 0.678915262222, 0.116864070296, 0.0114938635379, 0.000494398409501], "dvar": [1.50497019291, 88.9701690674, 489.487701416, 893.550964355, 482.49407959, 161.008621216, 96.6410369873, 131.939315796, 117.553634644, 151.897628784, 102.971702576, 167.72996521, 364.564239502, 133.100692749, 471.072875977, 279.734588623, 71.7582931519, 175.62361145, 160.919204712, 297.292205811, 466.871307373, 497.217071533, 349.363555908, 924.524291992, 816.37286377, 694.781799316, 559.580810547, 547.055847168, 384.031951904, 448.477996826, 290.746154785, 211.223648071, 153.235214233, 56.3551025391, 22.8348999023, 29.9590377808, 1.01481235027, 0.0293381251395, 0.000295126403216, 7.02152647136e-07], "dvar2": [3.06708335876, 208.564361572, 1345.09558105, 2595.0065918, 1369.72277832, 440.077056885, 265.334411621, 361.856170654, 329.132781982, 424.203826904, 276.971405029, 424.146240234, 1030.23144531, 359.040893555, 1403.00366211, 736.226806641, 172.041305542, 417.363708496, 373.419677734, 694.050842285, 1008.8894043, 1195.21508789, 694.207214355, 2031.44616699, 1799.58410645, 1673.29003906, 1321.75866699, 1280.67041016, 828.322570801, 1073.03271484, 639.038391113, 510.052978516, 387.778289795, 135.075790405, 57.0038642883, 80.1302108765, 2.95472621918, 0.0770569518209, 0.000742422242183, 1.67166683696e-06], "max": [11.107585907, 81.2249603271, 185.210952759, 261.78302002, 200.46723938, 133.530807495, 96.4686584473, 239.493637085, 189.632507324, 234.97744751, 165.829528809, 201.003677368, 234.276092529, 194.599609375, 283.197662354, 269.822296143, 133.384155273, 244.247238159, 249.797775269, 275.052307129, 313.728485107, 259.84475708, 298.829986572, 548.308898926, 394.757873535, 435.024169922, 287.431365967, 289.433685303, 224.95350647, 235.662490845, 186.107894897, 173.583724976, 134.296905518, 86.7970809937, 52.086391449, 53.6573867798, 12.3185167313, 1.80615377426, 0.192986100912, 0.0124467508867], "mean": [0.906201839447, 4.207716465, 4.2134809494, 4.63594055176, 4.21768283844, 3.44466757774, 3.96739625931, 5.9012503624, 6.56809616089, 7.48111915588, 8.57813739777, 10.4478816986, 10.7435703278, 9.17000865936, 10.9023513794, 6.98502206802, 6.30256605148, 7.38483953476, 8.75448703766, 12.904381752, 18.0118541718, 15.3741979599, 11.2986440659, 13.6894836426, 13.179066658, 13.0259103775, 11.3881244659, 10.9365901947, 10.285993576, 10.9989776611, 10.6729335785, 8.51882171631, 7.12663936615, 4.66008806229, 2.76815986633, 1.94018006325, 0.42530170083, 0.0859733521938, 0.00890147220343, 0.000422604643973], "median": [0.598152458668, 1.622210145, 0.626986503601, 0.382821202278, 0.48685130477, 0.557998359203, 0.93220448494, 2.12727308273, 2.46278238297, 3.52312445641, 4.63548326492, 5.03940534592, 3.64086127281, 3.2763710022, 2.26052117348, 1.77292370796, 1.77701854706, 2.24049282074, 2.81157779694, 4.13074350357, 4.9573559761, 4.22617197037, 3.19849300385, 3.59303617477, 3.51757216454, 2.72533774376, 2.08463573456, 2.28379416466, 1.54333162308, 1.53620314598, 1.74001288414, 1.16991186142, 1.03876042366, 0.683954596519, 0.353601485491, 0.130388662219, 0.033045552671, 0.00743208965287, 0.000592404743657, 6.39839563519e-05], "min": [5.23435063536e-15, 2.13584592314e-14, 4.30215521682e-14, 5.44511911417e-14, 6.6003632952e-14, 7.96619172537e-14, 1.03163056439e-13, 2.79063935588e-13, 4.40295667764e-13, 2.4982002144e-13, 5.65028492744e-13, 1.36736303703e-12, 2.54266985071e-12, 3.77947282845e-12, 3.51585253966e-12, 4.0014784021e-12, 5.66565457744e-12, 4.64708393294e-12, 1.97992382038e-12, 6.56388441864e-12, 9.99982301825e-12, 9.38935561245e-12, 8.48322367214e-12, 9.21965975786e-12, 7.11313733609e-12, 9.59382313176e-12, 1.28492329624e-11, 6.97207352615e-12, 7.86371835704e-12, 1.50996055936e-11, 1.3036703661e-11, 1.0233568333e-11, 2.4348471156e-11, 2.3292407933e-11, 1.01949794093e-11, 1.07894500626e-11, 4.42946634233e-12, 1.32521717124e-12, 4.46758027708e-13, 5.65143431727e-14], "var": [2.26554703712, 89.6913070679, 313.570678711, 493.852508545, 284.979980469, 109.29750824, 73.2843704224, 133.379043579, 116.427520752, 152.398742676, 142.831420898, 245.198272705, 376.913391113, 230.643600464, 568.742858887, 310.703948975, 134.185760498, 295.076660156, 293.74206543, 566.311706543, 1000.83746338, 779.729980469, 586.318847656, 1121.61779785, 1043.34899902, 894.171020508, 712.009277344, 649.275695801, 558.11151123, 562.565185547, 471.98336792, 284.034698486, 185.735656738, 79.0303192139, 28.4404201508, 24.9650402069, 0.944261431694, 0.0321815758944, 0.000346351851476, 8.38600499264e-07]}, "gfcc": {"mean": [-42.1795539856, 61.0087547302, -94.9916763306, 29.0767040253, -48.6573829651, 12.2693185806, -25.9403686523, 21.1488170624, -8.82197570801, 7.44065523148, -14.8550281525, 4.47909212112, -4.99539375305], "cov": [[19915.5996094, -5078.64306641, 3198.34887695, 1199.48254395, 515.452331543, 2744.98168945, -98.8399734497, 902.95703125, -665.057861328, 762.227478027, 222.155654907, 694.530456543, -217.06401062], [-5078.64306641, 3140.66650391, -625.165100098, -80.2181396484, 232.122573853, -807.413513184, 275.121337891, -264.14944458, 380.384857178, -210.763565063, 26.7669715881, -242.202529907, 150.340637207], [3198.34887695, -625.165100098, 1652.34680176, 338.877380371, 303.53793335, 820.928283691, 85.7260513306, 274.652282715, -22.1758460999, 215.545669556, 81.4738922119, 160.93522644, -44.3041267395], [1199.48254395, -80.2181396484, 338.877380371, 428.027862549, 227.663619995, 271.468658447, 167.346420288, 111.818054199, 28.0334796906, 85.4900436401, 57.081035614, 23.4538440704, 15.0406923294], [515.452331543, 232.122573853, 303.53793335, 227.663619995, 409.312011719, 216.694519043, 183.132965088, 118.073486328, 76.7281188965, 73.1734313965, 42.2682495117, 28.9506835938, 53.9260063171], [2744.98168945, -807.413513184, 820.928283691, 271.468658447, 216.694519043, 750.379821777, 104.477272034, 236.623580933, -64.6627044678, 155.486404419, 42.2403373718, 119.000915527, -35.4740142822], [-98.8399734497, 275.121337891, 85.7260513306, 167.346420288, 183.132965088, 104.477272034, 253.325424194, 59.440990448, 112.44858551, 35.4207954407, 37.5256881714, -25.4724636078, 28.1608295441], [902.95703125, -264.14944458, 274.652282715, 111.818054199, 118.073486328, 236.623580933, 59.440990448, 165.734848022, 14.6870822906, 88.8167877197, 27.1952056885, 42.0399436951, -6.18087530136], [-665.057861328, 380.384857178, -22.1758460999, 28.0334796906, 76.7281188965, -64.6627044678, 112.44858551, 14.6870822906, 186.187332153, 46.0431594849, 54.9959983826, -23.7841186523, 23.0671215057], [762.227478027, -210.763565063, 215.545669556, 85.4900436401, 73.1734313965, 155.486404419, 35.4207954407, 88.8167877197, 46.0431594849, 147.335494995, 72.1338424683, 56.4757003784, -8.79316043854], [222.155654907, 26.7669715881, 81.4738922119, 57.081035614, 42.2682495117, 42.2403373718, 37.5256881714, 27.1952056885, 54.9959983826, 72.1338424683, 92.9778823853, 43.5546264648, 17.8370265961], [694.530456543, -242.202529907, 160.93522644, 23.4538440704, 28.9506835938, 119.000915527, -25.4724636078, 42.0399436951, -23.7841186523, 56.4757003784, 43.5546264648, 102.148239136, 34.7097053528], [-217.06401062, 150.340637207, -44.3041267395, 15.0406923294, 53.9260063171, -35.4740142822, 28.1608295441, -6.18087530136, 23.0671215057, -8.79316043854, 17.8370265961, 34.7097053528, 93.8556518555]], "icov": [[0.000157497968758, 0.000108042760985, -4.88662990392e-05, -0.000228368968237, -4.12845984101e-05, -0.000219810768613, 0.000111413370178, 1.08691040168e-06, 0.000262061512331, -0.000167343794601, -8.74245015439e-05, -0.000246844923822, 0.000139816431329], [0.000108042760985, 0.001083750627, -0.000369512767065, 8.23168520583e-05, -0.000918041740078, 0.000757653324399, -0.000275361642707, 0.000694103713613, -0.000743584998418, 0.000991692300886, -0.00118444045074, 0.00146804691758, -0.000773707346525], [-4.88662990392e-05, -0.000369512767065, 0.00161808775738, -0.000301697582472, -0.000144090445247, -0.00169955485035, 0.000852567958646, -0.000117539515486, -0.000574873643927, -0.000231082492974, 0.000445414712885, -0.00126845762134, 0.000972000067122], [-0.000228368968237, 8.23168520583e-05, -0.000301697582472, 0.00502301519737, -0.0012915894622, -7.44352510083e-05, -0.00218599801883, -4.60484625364e-05, 0.00143315363675, -0.000342156039551, -0.00254095764831, 0.00303208944388, -0.00126326817553], [-4.12845984101e-05, -0.000918041740078, -0.000144090445247, -0.0012915894622, 0.00593922939152, -0.000753528845962, -0.00173502950929, -0.00204459903762, 0.000224183764658, -0.00141621893272, 0.00211200327612, -0.00117063359357, -0.00195354036987], [-0.000219810768613, 0.000757653324399, -0.00169955485035, -7.44352510083e-05, -0.000753528845962, 0.00662682717666, -0.00300636515021, -0.00250952248462, 0.00139984709676, 0.000491818471346, 0.000522692571394, -0.00190591369756, 0.00146963389125], [0.000111413370178, -0.000275361642707, 0.000852567958646, -0.00218599801883, -0.00173502950929, -0.00300636515021, 0.0107225682586, -0.000424840749474, -0.00440799072385, 0.0011192378588, -0.00151833926793, 0.00428710784763, -0.00204179645516], [1.08691040168e-06, 0.000694103713613, -0.000117539515486, -4.60484625364e-05, -0.00204459903762, -0.00250952248462, -0.000424840749474, 0.0147377513349, -0.00176049093716, -0.00485558575019, 0.00251214019954, 0.000551711418666, -0.000536845473107], [0.000262061512331, -0.000743584998418, -0.000574873643927, 0.00143315363675, 0.000224183764658, 0.00139984709676, -0.00440799072385, -0.00176049093716, 0.0143104549497, -0.00559676717967, -0.00493528787047, 0.00407344102859, -0.00170688633807], [-0.000167343794601, 0.000991692300886, -0.000231082492974, -0.000342156039551, -0.00141621893272, 0.000491818471346, 0.0011192378588, -0.00485558575019, -0.00559676717967, 0.0211669914424, -0.0101245408878, -0.00443023536354, 0.00523537630215], [-8.74245015439e-05, -0.00118444045074, 0.000445414712885, -0.00254095764831, 0.00211200327612, 0.000522692571394, -0.00151833926793, 0.00251214019954, -0.00493528787047, -0.0101245408878, 0.0276285521686, -0.012857215479, 0.00168614718132], [-0.000246844923822, 0.00146804691758, -0.00126845762134, 0.00303208944388, -0.00117063359357, -0.00190591369756, 0.00428710784763, 0.000551711418666, 0.00407344102859, -0.00443023536354, -0.012857215479, 0.03428754583, -0.0169578138739], [0.000139816431329, -0.000773707346525, 0.000972000067122, -0.00126326817553, -0.00195354036987, 0.00146963389125, -0.00204179645516, -0.000536845473107, -0.00170688633807, 0.00523537630215, 0.00168614718132, -0.0169578138739, 0.021994702518]]}, "melbands": {"dmean": [0.00399541016668, 0.00313788908534, 0.00122494960669, 0.00032545166323, 0.000121280776511, 7.91656784713e-05, 6.264293188e-05, 5.20995454281e-05, 3.86512983823e-05, 4.13203597418e-05, 4.20178730565e-05, 2.36073537963e-05, 2.67992218141e-05, 1.76048342837e-05, 1.07565010694e-05, 9.49309742282e-06, 1.04891014416e-05, 9.83681093203e-06, 9.74667455012e-06, 1.54366098286e-05, 1.27358061945e-05, 1.16358296509e-05, 7.99033932708e-06, 6.68540224069e-06, 9.44122984947e-06, 7.43975533624e-06, 6.83295411363e-06, 6.09397829976e-06, 4.95962967761e-06, 5.34775790584e-06, 4.66575829705e-06, 4.02875502914e-06, 4.12606277678e-06, 4.92873141411e-06, 4.15613112636e-06, 3.44585646417e-06, 4.15116528529e-06, 4.45818159278e-06, 2.69129122898e-06, 2.77007666227e-06], "dmean2": [0.00599242560565, 0.00513920281082, 0.00229791179299, 0.000573518802412, 0.000211968334042, 0.000134531306685, 0.0001061608491, 8.68792631081e-05, 6.28824491287e-05, 6.62993916194e-05, 7.30860338081e-05, 3.92367255699e-05, 4.67601457785e-05, 3.02535918308e-05, 1.72624550032e-05, 1.59078772413e-05, 1.72810032382e-05, 1.62818159879e-05, 1.5459379938e-05, 2.53476773651e-05, 1.97017106984e-05, 1.87986479432e-05, 1.24354564832e-05, 1.04139126051e-05, 1.4706814909e-05, 1.15029388326e-05, 1.10183173092e-05, 9.81554421742e-06, 7.65293316363e-06, 8.86428824742e-06, 7.37181835575e-06, 6.35402329863e-06, 6.70210920362e-06, 8.13470524008e-06, 6.74055763739e-06, 5.39658913112e-06, 6.76688978274e-06, 7.42627207728e-06, 4.21886988988e-06, 4.4379908104e-06], "dvar": [0.000110209984996, 0.000113637084723, 2.54868537013e-05, 1.40336317145e-06, 1.27048878085e-07, 5.90968483039e-08, 2.53142520279e-08, 2.00103631443e-08, 5.76863845581e-09, 7.17626624791e-09, 9.8899475276e-09, 2.66157362816e-09, 4.71530636759e-09, 2.90815416193e-09, 9.0483276427e-10, 3.93934163068e-10, 8.04154742795e-10, 5.85882453663e-10, 5.95923976832e-10, 9.56966061949e-10, 6.58526122521e-10, 5.65942182007e-10, 3.79337117273e-10, 2.94721830274e-10, 7.23054893736e-10, 5.01692964949e-10, 3.82813086786e-10, 3.34286875958e-10, 1.93423457806e-10, 2.49117532158e-10, 1.95578858664e-10, 1.24740523466e-10, 1.57041352145e-10, 1.44207853991e-10, 1.06638947672e-10, 8.20597825801e-11, 1.02711429639e-10, 1.21506610329e-10, 3.98465531404e-11, 3.90396222294e-11], "dvar2": [0.000223809052841, 0.000285129906842, 7.38297239877e-05, 3.8979655983e-06, 3.46683236785e-07, 1.62732803233e-07, 7.04605724877e-08, 5.57138370993e-08, 1.5527547248e-08, 1.80298496133e-08, 2.80051342116e-08, 7.15220815906e-09, 1.40210145716e-08, 8.13459077875e-09, 2.17788653778e-09, 1.02413011405e-09, 1.93262938986e-09, 1.48640000308e-09, 1.37786271281e-09, 2.50297826909e-09, 1.36567523956e-09, 1.37840194814e-09, 8.24206591865e-10, 6.12410178125e-10, 1.63937829978e-09, 1.12395637242e-09, 8.92455498391e-10, 8.31971769255e-10, 4.39218467152e-10, 6.30667962298e-10, 4.60163379623e-10, 2.64810451345e-10, 3.82272158372e-10, 3.5657132802e-10, 2.38084024717e-10, 1.85057871804e-10, 2.56707710644e-10, 3.13408216046e-10, 9.72624966677e-11, 9.41900377138e-11], "max": [0.0910789519548, 0.0918112769723, 0.0438877791166, 0.0113343959674, 0.00369591009803, 0.00492680910975, 0.00264874310233, 0.00265625840984, 0.00116445706226, 0.00135519809555, 0.00123772688676, 0.00081407482503, 0.00107661355287, 0.000857478065882, 0.000423291581683, 0.000314468576107, 0.00053321098676, 0.000493637227919, 0.000481963274069, 0.00054829812143, 0.000443677650765, 0.000284740322968, 0.000318423844874, 0.000253855832852, 0.000488488934934, 0.000374449766241, 0.000287288392428, 0.000281837419607, 0.00015587391681, 0.000199733345653, 0.000197503177333, 0.000151738408022, 0.000155912246555, 0.000140486750752, 0.000119442665891, 0.000110597196908, 0.000122942976304, 0.000118139156257, 8.17797263153e-05, 6.58020217088e-05], "mean": [0.0072046094574, 0.00337039446458, 0.000801850634161, 0.000271490920568, 0.00013976052287, 0.000128040061099, 9.98029936454e-05, 8.5458617832e-05, 6.63429455017e-05, 6.61334051983e-05, 5.38810782018e-05, 3.83726146538e-05, 3.54008188879e-05, 2.26293286687e-05, 1.51524864123e-05, 1.374792555e-05, 1.41458795042e-05, 1.42712233355e-05, 1.42880808198e-05, 2.27099862968e-05, 1.98803736566e-05, 1.64272914844e-05, 1.1493936654e-05, 9.24207142816e-06, 1.1467760487e-05, 9.64345235843e-06, 9.01132989384e-06, 8.82789208845e-06, 7.05063666828e-06, 6.62751790514e-06, 6.33969602859e-06, 5.98499127591e-06, 5.32977401235e-06, 6.50085303278e-06, 6.17733576291e-06, 5.52655410502e-06, 5.46097498955e-06, 5.44295198779e-06, 4.17860883317e-06, 3.82579673897e-06], "median": [0.00441448297352, 0.000917204248253, 7.49171231291e-05, 3.73924303858e-05, 3.46710912709e-05, 4.78330839542e-05, 3.75571107725e-05, 4.03763042414e-05, 3.52785646101e-05, 3.08500202664e-05, 1.72873133124e-05, 1.29427771753e-05, 7.62825493439e-06, 5.32592230229e-06, 3.36625453201e-06, 3.57404405804e-06, 3.94234712076e-06, 4.10761822423e-06, 4.570967576e-06, 6.54929226584e-06, 5.0262538025e-06, 4.15682234234e-06, 3.22474534187e-06, 2.13598923438e-06, 2.7688361115e-06, 2.62620255853e-06, 2.08031747206e-06, 1.64728510299e-06, 1.18497291623e-06, 1.24123255318e-06, 1.22732103591e-06, 9.39838514569e-07, 6.0024456161e-07, 9.79358105724e-07, 1.00105046386e-06, 7.92548178197e-07, 6.81606991293e-07, 6.99062866261e-07, 6.92851983786e-07, 5.28474402017e-07], "min": [4.57514324722e-17, 2.48943297527e-17, 9.87532634865e-18, 5.30523618235e-18, 3.58790500594e-18, 6.26622235797e-18, 6.43791113873e-18, 2.59161517536e-18, 5.21511857693e-18, 9.2605954959e-18, 1.2734517495e-17, 1.49094061088e-17, 1.35749346517e-17, 8.41455764692e-18, 1.18491736776e-17, 1.25208592243e-17, 8.33269323606e-18, 3.11868308115e-18, 5.19771552402e-18, 1.20396866076e-17, 1.16480207235e-17, 1.07801411704e-17, 8.55434620736e-18, 5.73990925449e-18, 7.95964966905e-18, 4.56998594154e-18, 4.29572800559e-18, 7.52795237916e-18, 1.02721381234e-17, 4.63396257165e-18, 4.08017052822e-18, 3.28823339323e-18, 7.16514103633e-18, 8.85996214674e-18, 7.99657583877e-18, 4.19030797242e-18, 7.3102698748e-18, 1.34530810213e-17, 2.18527006135e-17, 2.07401493071e-17], "var": [0.000156415771926, 9.61420446401e-05, 1.41488180816e-05, 8.90052774594e-07, 9.43853493141e-08, 5.71980329767e-08, 2.59045993545e-08, 2.00414955742e-08, 8.21849699406e-09, 1.04703783421e-08, 1.02440598226e-08, 4.48846249057e-09, 5.73400171788e-09, 2.93138757712e-09, 1.33899713539e-09, 6.38502584138e-10, 1.26375832021e-09, 8.81469952585e-10, 1.00432151484e-09, 1.65754898696e-09, 1.31507471579e-09, 8.92255214158e-10, 5.85534065678e-10, 4.36011060589e-10, 8.27628243716e-10, 5.96846017054e-10, 4.71812533487e-10, 4.1538714135e-10, 2.68376265655e-10, 2.55093335344e-10, 2.28919036505e-10, 1.85843646028e-10, 1.80601547606e-10, 1.77704073678e-10, 1.64560420846e-10, 1.29641672397e-10, 1.2095636992e-10, 1.2607213884e-10, 5.81814318945e-11, 5.43164992151e-11]}, "mfcc": {"mean": [-690.22076416, 97.3918304443, 13.572933197, 21.8600063324, 7.93105077744, 0.809460580349, 0.835128545761, 9.97832107544, 12.8057718277, 9.52384376526, 2.55885910988, 3.84591269493, 4.15506315231], "cov": [[14508.7988281, -2703.68164062, 1291.24169922, 18.5232620239, 830.155212402, 1136.71826172, 919.032775879, 515.466796875, 35.7776412964, 166.958572388, 121.850883484, 336.229125977, 380.143035889], [-2703.68164062, 2093.8503418, -162.19442749, 324.163208008, 28.0900878906, -127.006080627, -110.577735901, -35.4023513794, 137.747497559, 35.073425293, 59.1867752075, -0.939873695374, -20.4563236237], [1291.24169922, -162.19442749, 970.973449707, -17.8318080902, 243.433746338, 316.682373047, 178.248016357, 157.609664917, 35.6975898743, 83.4241027832, 92.8868560791, 88.0021133423, 56.2015113831], [18.5232620239, 324.163208008, -17.8318080902, 383.759246826, 94.2373886108, 96.0540771484, 103.485115051, 45.3791160583, 91.1102142334, 59.0019645691, 58.9440917969, 63.3958892822, 39.6533241272], [830.155212402, 28.0900878906, 243.433746338, 94.2373886108, 282.212005615, 191.83996582, 159.693130493, 111.394508362, 82.0799407959, 56.5677757263, 46.8515281677, 58.1451225281, 60.0879974365], [1136.71826172, -127.006080627, 316.682373047, 96.0540771484, 191.83996582, 352.930084229, 235.513824463, 155.243026733, 94.2486038208, 93.0055999756, 85.7982635498, 81.4324645996, 69.157043457], [919.032775879, -110.577735901, 178.248016357, 103.485115051, 159.693130493, 235.513824463, 248.586074829, 140.725494385, 93.1558380127, 77.7629318237, 55.6828079224, 51.8883857727, 44.1243209839], [515.466796875, -35.4023513794, 157.609664917, 45.3791160583, 111.394508362, 155.243026733, 140.725494385, 138.421951294, 85.2450942993, 61.0850791931, 42.9318351746, 29.2776908875, 23.3230628967], [35.7776412964, 137.747497559, 35.6975898743, 91.1102142334, 82.0799407959, 94.2486038208, 93.1558380127, 85.2450942993, 130.21043396, 79.0861129761, 45.6763076782, 29.9792442322, 26.3879146576], [166.958572388, 35.073425293, 83.4241027832, 59.0019645691, 56.5677757263, 93.0055999756, 77.7629318237, 61.0850791931, 79.0861129761, 102.943969727, 80.3853149414, 48.783706665, 29.4382591248], [121.850883484, 59.1867752075, 92.8868560791, 58.9440917969, 46.8515281677, 85.7982635498, 55.6828079224, 42.9318351746, 45.6763076782, 80.3853149414, 125.101669312, 83.2971954346, 30.3262577057], [336.229125977, -0.939873695374, 88.0021133423, 63.3958892822, 58.1451225281, 81.4324645996, 51.8883857727, 29.2776908875, 29.9792442322, 48.783706665, 83.2971954346, 113.522003174, 71.4396591187], [380.143035889, -20.4563236237, 56.2015113831, 39.6533241272, 60.0879974365, 69.157043457, 44.1243209839, 23.3230628967, 26.3879146576, 29.4382591248, 30.3262577057, 71.4396591187, 104.357849121]], "icov": [[0.000141925178468, 0.000141427299241, -1.34287975015e-05, -2.92343411274e-05, -0.000205522461329, -0.000146398640936, -0.000180147428182, -0.00012170716218, 0.000330084294546, -8.41322835186e-05, 0.000203279720154, -0.00017227922217, -0.000153070432134], [0.000141427299241, 0.000878644641489, -0.000102579579107, -0.000650945177767, -0.000425931299105, 0.000120036871522, 0.000524106493685, 0.000192807623534, -0.00111510173883, 0.000888911483344, -0.000904283486307, 0.000619979400653, -0.000269769981969], [-1.34287975015e-05, -0.000102579579107, 0.00187806307804, 0.000433391222032, -0.00105813262053, -0.00147080654278, 0.00105217751116, -0.00153273076285, 0.00202981918119, -0.00143916276284, 0.00053157331422, -0.000879985978827, 0.000674977141898], [-2.92343411274e-05, -0.000650945177767, 0.000433391222032, 0.00424063997343, -0.000374896393623, -0.00033775731572, -0.00196654908359, 0.0018822834827, -0.00157031591516, 8.36035687826e-05, 0.000369885703549, -0.00210169982165, 0.000689410197083], [-0.000205522461329, -0.000425931299105, -0.00105813262053, -0.000374896393623, 0.00761818885803, -0.000553582969587, -0.00194261374418, -0.000692087574862, -0.00245972280391, 0.00221045664512, -0.000173621083377, 7.22761251382e-05, -0.00166669883765], [-0.000146398640936, 0.000120036871522, -0.00147080654278, -0.00033775731572, -0.000553582969587, 0.0111468359828, -0.00638486398384, -0.00224502268247, -0.000235390805756, 0.000560303626116, -0.00274637993425, 0.000787819677498, -0.00222929380834], [-0.000180147428182, 0.000524106493685, 0.00105217751116, -0.00196654908359, -0.00194261374418, -0.00638486398384, 0.0169977992773, -0.00804110616446, 0.000460578885395, -0.0030773547478, 0.00229993741959, -0.00071186828427, 0.00147001561709], [-0.00012170716218, 0.000192807623534, -0.00153273076285, 0.0018822834827, -0.000692087574862, -0.00224502268247, -0.00804110616446, 0.0264305360615, -0.0124570997432, 0.00358761055395, -0.00326894852333, 0.00271406117827, 0.00120041822083], [0.000330084294546, -0.00111510173883, 0.00202981918119, -0.00157031591516, -0.00245972280391, -0.000235390805756, 0.000460578885395, -0.0124570997432, 0.0282596684992, -0.019294237718, 0.00829732511193, -0.0023462458048, -0.000263936177362], [-8.41322835186e-05, 0.000888911483344, -0.00143916276284, 8.36035687826e-05, 0.00221045664512, 0.000560303626116, -0.0030773547478, 0.00358761055395, -0.019294237718, 0.039597671479, -0.023510042578, 0.00915701314807, -0.00564862787724], [0.000203279720154, -0.000904283486307, 0.00053157331422, 0.000369885703549, -0.000173621083377, -0.00274637993425, 0.00229993741959, -0.00326894852333, 0.00829732511193, -0.023510042578, 0.0354300439358, -0.0246773101389, 0.0114646879956], [-0.00017227922217, 0.000619979400653, -0.000879985978827, -0.00210169982165, 7.22761251382e-05, 0.000787819677498, -0.00071186828427, 0.00271406117827, -0.0023462458048, 0.00915701314807, -0.0246773101389, 0.0369099266827, -0.0189335308969], [-0.000153070432134, -0.000269769981969, 0.000674977141898, 0.000689410197083, -0.00166669883765, -0.00222929380834, 0.00147001561709, 0.00120041822083, -0.000263936177362, -0.00564862787724, 0.0114646879956, -0.0189335308969, 0.0222985763103]]}, "spectral_contrast_coeffs": {"dmean": [0.044339004904, 0.0405659787357, 0.0348723940551, 0.0280347075313, 0.0200641658157, 0.0168754719198], "dmean2": [0.0716586187482, 0.0668680295348, 0.0572726838291, 0.0459360443056, 0.0322668403387, 0.0275805778801], "dvar": [0.00202405522577, 0.00122889562044, 0.000799140660092, 0.000509465578943, 0.00031108505209, 0.000285791640636], "dvar2": [0.00514275021851, 0.0032443064265, 0.00216684583575, 0.00137992436066, 0.000789176265243, 0.000698440766428], "max": [-0.444400221109, -0.417416512966, -0.542445123196, -0.628208875656, -0.661092817783, -0.522253215313], "mean": [-0.728027522564, -0.74622297287, -0.790535449982, -0.809747934341, -0.816685795784, -0.789796113968], "median": [-0.738393247128, -0.749921917915, -0.794495284557, -0.812237560749, -0.816642463207, -0.800678253174], "min": [-0.964002430439, -0.975593566895, -0.983895421028, -0.96010196209, -0.955688238144, -0.951002001762], "var": [0.005151710473, 0.00489200325683, 0.00290017505176, 0.00216044997796, 0.00147125765216, 0.00220642029308]}, "spectral_contrast_valleys": {"dmean": [0.407616019249, 0.392139434814, 0.348475009203, 0.33902490139, 0.351343780756, 0.402220219374], "dmean2": [0.633964836597, 0.63002038002, 0.564453303814, 0.529845952988, 0.52550214529, 0.596256256104], "dvar": [0.188055485487, 0.161416009068, 0.14313274622, 0.141185224056, 0.198917344213, 0.339971721172], "dvar2": [0.378633201122, 0.372349411249, 0.336856245995, 0.32752969861, 0.459625780582, 0.829397141933], "max": [-5.05401086807, -4.57605409622, -5.36195516586, -5.47320890427, -5.17567920685, -7.09952545166], "mean": [-7.70420312881, -7.39655160904, -7.82657003403, -8.18841075897, -7