{"lowlevel": {"average_loudness": 0.976120710373, "barkbands_crest": {"dmean": 2.19904303551, "dmean2": 3.40779852867, "dvar": 6.93210935593, "dvar2": 16.2419452667, "max": 26.5052070618, "mean": 11.7853097916, "median": 11.1296739578, "min": 2.84369969368, "var": 16.1658306122}, "barkbands_flatness_db": {"dmean": 0.0301705095917, "dmean2": 0.0401423126459, "dvar": 0.00129949895199, "dvar2": 0.00243229372427, "max": 0.703742802143, "mean": 0.232056394219, "median": 0.232125222683, "min": 0.040957223624, "var": 0.00695247901604}, "barkbands_kurtosis": {"dmean": 2.91064238548, "dmean2": 4.25624847412, "dvar": 45.7294883728, "dvar2": 111.390342712, "max": 176.07019043, "mean": 5.77838134766, "median": 2.24540948868, "min": -1.7752481699, "var": 107.442909241}, "barkbands_skewness": {"dmean": 0.495658308268, "dmean2": 0.655441045761, "dvar": 0.429475963116, "dvar2": 0.840217828751, "max": 12.2367048264, "mean": 1.39917111397, "median": 1.16018474102, "min": -2.25191879272, "var": 2.26251983643}, "barkbands_spread": {"dmean": 2.69988059998, "dmean2": 3.75854730606, "dvar": 20.1306018829, "dvar2": 40.6200752258, "max": 71.4177627563, "mean": 11.0732107162, "median": 9.05983352661, "min": 0.592708230019, "var": 59.8055076599}, "dissonance": {"dmean": 0.0314086824656, "dmean2": 0.0507651828229, "dvar": 0.00112921698019, "dvar2": 0.00281687709503, "max": 0.499897480011, "mean": 0.392919719219, "median": 0.398128509521, "min": 0.110295943916, "var": 0.00347340432927}, "dynamic_complexity": 3.5172495842, "erbbands_crest": {"dmean": 2.6875898838, "dmean2": 4.01677560806, "dvar": 10.6471662521, "dvar2": 23.4297046661, "max": 31.607219696, "mean": 15.4436426163, "median": 14.6035938263, "min": 2.64267921448, "var": 38.7706642151}, "erbbands_flatness_db": {"dmean": 0.0292143747211, "dmean2": 0.0375775061548, "dvar": 0.0012109130621, "dvar2": 0.00228833593428, "max": 0.660613834858, "mean": 0.270330309868, "median": 0.27125120163, "min": 0.0821803435683, "var": 0.00597953796387}, "erbbands_kurtosis": {"dmean": 1.65091788769, "dmean2": 2.46030664444, "dvar": 8.60043239594, "dvar2": 20.6706047058, "max": 47.1044311523, "mean": 2.71409773827, "median": 1.37229394913, "min": -1.83975970745, "var": 18.1691131592}, "erbbands_skewness": {"dmean": 0.458567231894, "dmean2": 0.616172790527, "dvar": 0.319649934769, "dvar2": 0.62923014164, "max": 6.25905275345, "mean": 0.74081993103, "median": 0.832187056541, "min": -3.55557823181, "var": 1.91057145596}, "erbbands_spread": {"dmean": 4.30418109894, "dmean2": 5.97268629074, "dvar": 34.7441825867, "dvar2": 75.3393173218, "max": 79.9482727051, "mean": 18.9387817383, "median": 17.2498207092, "min": 2.87782335281, "var": 115.128707886}, "hfc": {"dmean": 7.01028299332, "dmean2": 10.8925285339, "dvar": 259.377563477, "dvar2": 709.740783691, "max": 120.741371155, "mean": 12.2401580811, "median": 7.46239233017, "min": 1.15096253006e-16, "var": 257.19317627}, "melbands_crest": {"dmean": 2.81442594528, "dmean2": 4.26628112793, "dvar": 11.4663820267, "dvar2": 27.1184425354, "max": 33.0455284119, "mean": 14.467341423, "median": 13.4041996002, "min": 1.72138214111, "var": 26.485042572}, "melbands_flatness_db": {"dmean": 0.0332437306643, "dmean2": 0.0416080541909, "dvar": 0.00156013783999, "dvar2": 0.00295468932018, "max": 0.766315817833, "mean": 0.291495651007, "median": 0.293803602457, "min": 0.00608903774992, "var": 0.00851888768375}, "melbands_kurtosis": {"dmean": 4.94893693924, "dmean2": 6.98139429092, "dvar": 110.070785522, "dvar2": 252.986602783, "max": 228.022125244, "mean": 10.0963592529, "median": 4.43555450439, "min": -1.83487927914, "var": 272.965911865}, "melbands_skewness": {"dmean": 0.546641111374, "dmean2": 0.724186658859, "dvar": 0.517911314964, "dvar2": 1.00337386131, "max": 11.7379961014, "mean": 1.85665893555, "median": 1.51427578926, "min": -1.34538793564, "var": 2.41735816002}, "melbands_spread": {"dmean": 3.77440953255, "dmean2": 5.30746555328, "dvar": 40.8022041321, "dvar2": 77.6487960815, "max": 135.412826538, "mean": 15.287976265, "median": 11.551404953, "min": 0.671052634716, "var": 149.074035645}, "pitch_salience": {"dmean": 0.0592917241156, "dmean2": 0.0911938250065, "dvar": 0.00553378555924, "dvar2": 0.0125941717997, "max": 0.863818287849, "mean": 0.482408285141, "median": 0.466069102287, "min": 0.110800877213, "var": 0.0123694082722}, "silence_rate_20dB": {"dmean": 0, "dmean2": 0, "dvar": 0, "dvar2": 0, "max": 1, "mean": 1, "median": 1, "min": 1, "var": 0}, "silence_rate_30dB": {"dmean": 0.00968523044139, "dmean2": 0.0193747244775, "dvar": 0.00959159526974, "dvar2": 0.0286859963089, "max": 1, "mean": 0.995158433914, "median": 1, "min": 0, "var": 0.00481810793281}, "silence_rate_60dB": {"dmean": 0.0237728375942, "dmean2": 0.047556143254, "dvar": 0.0232071522623, "dvar2": 0.0488144382834, "max": 1, "mean": 0.0792253538966, "median": 0, "min": 0, "var": 0.0729480534792}, "spectral_centroid": {"dmean": 146.152404785, "dmean2": 200.359115601, "dvar": 88460.328125, "dvar2": 148180.875, "max": 11616.9130859, "mean": 835.143127441, "median": 713.360473633, "min": 359.394195557, "var": 204186.953125}, "spectral_complexity": {"dmean": 2.80783629417, "dmean2": 4.19771003723, "dvar": 34.5979385376, "dvar2": 71.1896133423, "max": 54, "mean": 10.7095069885, "median": 9, "min": 0, "var": 53.7753868103}, "spectral_decrease": {"dmean": 2.11008677198e-09, "dmean2": 2.93987545419e-09, "dvar": 1.23595805115e-17, "dvar2": 2.80783348732e-17, "max": 2.28138791086e-18, "mean": -4.78654937908e-09, "median": -2.90805868275e-09, "min": -2.92284454417e-08, "var": 2.65676797359e-17}, "spectral_energy": {"dmean": 0.00856813509017, "dmean2": 0.0120299579576, "dvar": 0.000205117787118, "dvar2": 0.000477739493363, "max": 0.11471427232, "mean": 0.0191757176071, "median": 0.0116440523416, "min": 1.08087165576e-20, "var": 0.000421012606239}, "spectral_energyband_high": {"dmean": 0.00026868423447, "dmean2": 0.000420618074713, "dvar": 5.73271165649e-07, "dvar2": 1.43634099459e-06, "max": 0.00834531709552, "mean": 0.000251062388998, "median": 2.10583621083e-05, "min": 7.47835816454e-21, "var": 5.58947931495e-07}, "spectral_energyband_low": {"dmean": 0.00169144256506, "dmean2": 0.00233794539236, "dvar": 3.125485091e-05, "dvar2": 6.25506509095e-05, "max": 0.0483419895172, "mean": 0.00286111258902, "median": 0.000561430351809, "min": 1.07511214822e-22, "var": 5.12752994837e-05}, "spectral_energyband_middle_high": {"dmean": 0.00194059265777, "dmean2": 0.00324805895798, "dvar": 3.47732348018e-05, "dvar2": 9.5529925602e-05, "max": 0.0489959418774, "mean": 0.00344322761521, "median": 0.00178403453901, "min": 1.87450536889e-21, "var": 2.91956566798e-05}, "spectral_energyband_middle_low": {"dmean": 0.0057198535651, "dmean2": 0.00768663268536, "dvar": 0.000115858951176, "dvar2": 0.000232950595091, "max": 0.113625593483, "mean": 0.0127973509952, "median": 0.00748324021697, "min": 2.55518433819e-22, "var": 0.000280932785245}, "spectral_entropy": {"dmean": 0.317704319954, "dmean2": 0.413242071867, "dvar": 0.158706635237, "dvar2": 0.286815285683, "max": 9.79491424561, "mean": 6.43718862534, "median": 6.32242584229, "min": 3.61574411392, "var": 0.636750400066}, "spectral_flux": {"dmean": 0.0289690308273, "dmean2": 0.042304109782, "dvar": 0.00168379966635, "dvar2": 0.00318051455542, "max": 0.275997787714, "mean": 0.0533457361162, "median": 0.0280506126583, "min": 1.03964975517e-10, "var": 0.00316080823541}, "spectral_kurtosis": {"dmean": 9.06486129761, "dmean2": 14.8591604233, "dvar": 201.380249023, "dvar2": 580.657043457, "max": 403.797027588, "mean": 17.7082328796, "median": 10.1485671997, "min": -1.19986665249, "var": 816.006896973}, "spectral_rms": {"dmean": 0.000814187282231, "dmean2": 0.00107580376789, "dvar": 1.27405246531e-06, "dvar2": 2.87549437417e-06, "max": 0.0105790533125, "mean": 0.0038465349935, "median": 0.0033704675734, "min": 3.24732038134e-12, "var": 3.91219691664e-06}, "spectral_rolloff": {"dmean": 211.285400391, "dmean2": 344.707672119, "dvar": 357594.09375, "dvar2": 692810.9375, "max": 18949.21875, "mean": 1071.03186035, "median": 882.861328125, "min": 215.33203125, "var": 1774308.25}, "spectral_skewness": {"dmean": 0.65533053875, "dmean2": 1.03433835506, "dvar": 0.454330384731, "dvar2": 1.0709939003, "max": 16.1096000671, "mean": 2.72170519829, "median": 2.36405515671, "min": -0.066775560379, "var": 2.47907972336}, "spectral_spread": {"dmean": 678777.125, "dmean2": 876576.125, "dvar": 796209971200, "dvar2": 1249479229440.0, "max": 40361364, "mean": 2939655, "median": 2591514.25, "min": 238124.234375, "var": 2206159601660.0}, "spectral_strongpeak": {"dmean": 0.513884663582, "dmean2": 0.800328791142, "dvar": 0.5617877841, "dvar2": 1.27226626873, "max": 6.79990243912, "mean": 1.52696192265, "median": 1.15233957767, "min": 0, "var": 1.51971340179}, "zerocrossingrate": {"dmean": 0.00626586424187, "dmean2": 0.00719908438623, "dvar": 9.9560857052e-05, "dvar2": 0.000110988599772, "max": 0.50439453125, "mean": 0.041006706655, "median": 0.0341796875, "min": 0.01220703125, "var": 0.00118071667384}, "barkbands": {"dmean": [0.000135306298034, 0.00109536922537, 0.000793651677668, 0.000176281173481, 0.000671439280268, 0.00169946474489, 0.00363580230623, 0.000620828126557, 0.000176412329893, 0.000190526319784, 0.000305228313664, 0.000371964764781, 0.000325513625285, 0.000243628892349, 0.000268361647613, 0.000145431753481, 0.0001080614893, 0.000109314620204, 0.000153457498527, 7.20505704521e-05, 5.73268698645e-05, 5.84197696298e-05, 5.03883420606e-05, 3.91910834878e-05, 2.58120744547e-05, 1.512052404e-05, 2.73148157248e-06], "dmean2": [0.000237457818002, 0.00145632342901, 0.00145266437903, 0.000311993819196, 0.00105715950485, 0.00222323439084, 0.0052815345116, 0.000820151122753, 0.000305299239699, 0.000319870392559, 0.000526327115949, 0.000635876087472, 0.000510520709213, 0.000392508343793, 0.000443260709289, 0.00025656374055, 0.000194300300791, 0.000190981241758, 0.000272354343906, 0.00012002830772, 8.82121530594e-05, 8.7471336883e-05, 8.18034313852e-05, 6.37269331492e-05, 4.59040456917e-05, 2.81919801637e-05, 5.10078098159e-06], "dvar": [2.37366307942e-07, 1.18012494568e-05, 9.10473227123e-06, 2.94807506407e-07, 2.11194469557e-06, 2.41502875724e-05, 7.06857390469e-05, 1.63845629686e-06, 3.52554366145e-07, 3.95982254986e-07, 1.25217775349e-06, 1.61537286658e-06, 6.52154710679e-07, 5.39011693945e-07, 6.96013785273e-07, 3.09700936896e-07, 1.57779311394e-07, 1.57022540748e-07, 4.86551982704e-07, 5.26455892214e-08, 2.92130266644e-08, 2.68464628306e-08, 2.62731667533e-08, 1.74299934486e-08, 2.04230268253e-08, 4.58522775304e-09, 1.69474101419e-10], "dvar2": [7.09710604951e-07, 2.02024839382e-05, 2.61524473899e-05, 7.60179830195e-07, 4.40472376795e-06, 3.90956993215e-05, 0.000166575526237, 3.28459964294e-06, 9.86944428405e-07, 1.05954393348e-06, 3.44775980921e-06, 4.35678157373e-06, 1.62144783644e-06, 1.30707599055e-06, 1.83419183486e-06, 8.76758008417e-07, 4.46004435162e-07, 4.38790323187e-07, 1.40860163356e-06, 1.43538031239e-07, 7.37900265335e-08, 6.32232755038e-08, 6.87334136273e-08, 4.51340866903e-08, 5.84632786627e-08, 1.31742350362e-08, 4.84394968581e-10], "max": [0.00407500751317, 0.0293436367065, 0.0234203636646, 0.00531947892159, 0.0158971641213, 0.0673037841916, 0.105987153947, 0.0193596761674, 0.00935208797455, 0.00628181546926, 0.0141246709973, 0.0202612336725, 0.0127678774297, 0.0149200949818, 0.0102973841131, 0.00696571869776, 0.00339567800984, 0.00416951393709, 0.00788824446499, 0.00240956177004, 0.00215700129047, 0.00161892117467, 0.00186015851796, 0.00277991360053, 0.00548979407176, 0.000615647353698, 0.000129791034851], "mean": [0.000142605829751, 0.00187640392687, 0.000743489596061, 0.000176284520421, 0.00162198895123, 0.00402374472469, 0.00477890996262, 0.00174658803735, 0.000309079157887, 0.000312963849865, 0.00055145972874, 0.000597485166509, 0.000805263814982, 0.000426433223765, 0.000331661489327, 0.000125990889501, 8.89358780114e-05, 9.60755569395e-05, 0.000134637419251, 6.51040463708e-05, 5.73185025132e-05, 5.92213727941e-05, 4.30230356869e-05, 3.23413332808e-05, 1.77199344762e-05, 9.35094794841e-06, 1.6824311615e-06], "median": [3.61311458619e-06, 0.00012494038674, 0.000291230651783, 5.6307977502e-05, 0.000683457124978, 0.00105435284786, 0.00147674337495, 0.00063041591784, 8.64109606482e-05, 6.11825380474e-05, 2.71404569503e-05, 4.31628504884e-05, 0.000151586049469, 3.99421332986e-05, 5.14421481057e-05, 2.15855361603e-05, 1.77124693437e-05, 1.9549859644e-05, 1.83478696272e-05, 9.23911557038e-06, 4.99235193274e-06, 4.87106399305e-06, 2.16962507693e-06, 7.59752879276e-07, 1.10569452261e-07, 4.93480882824e-08, 2.49954190679e-08], "min": [9.80912326927e-24, 7.7064049023e-23, 1.58617208846e-23, 7.95284915117e-24, 2.68575993999e-23, 4.47220393299e-23, 5.55205921784e-23, 6.60591554052e-23, 2.51825305761e-23, 1.33550200639e-22, 1.12391701605e-22, 1.67077180385e-22, 6.50299380485e-23, 1.34236585357e-22, 2.09992248615e-22, 1.38353391675e-22, 2.6941404827e-22, 2.77299804802e-22, 2.19989602774e-22, 3.74450612743e-22, 4.75291850839e-22, 5.0877454078e-22, 9.16068399124e-22, 8.67128427819e-22, 1.0916826196e-21, 1.19792746655e-21, 2.41194456536e-21], "var": [1.90931942257e-07, 2.42109290411e-05, 5.87916247241e-06, 2.33273908634e-07, 5.33712773176e-06, 7.34215791454e-05, 9.32854236453e-05, 6.26737028142e-06, 6.15099168044e-07, 6.82026836785e-07, 1.78937318651e-06, 2.34425874623e-06, 2.70605028163e-06, 1.27685314055e-06, 8.3354649405e-07, 1.92762286133e-07, 9.91287976149e-08, 1.02583193495e-07, 2.91937141128e-07, 3.99955659702e-08, 3.00421589827e-08, 2.9500620613e-08, 2.12296065172e-08, 1.48714507375e-08, 1.23188259593e-08, 2.75172129527e-09, 9.93295168339e-11]}, "erbbands": {"dmean": [0.0531793348491, 0.23681409657, 0.864892840385, 0.716712653637, 1.0278801918, 2.76185250282, 6.20206308365, 15.4826049805, 55.9370574951, 29.1578845978, 6.78027677536, 4.13595628738, 6.19095373154, 6.50031805038, 14.6962156296, 15.3609724045, 15.7678003311, 13.9108057022, 13.356631279, 10.3639163971, 7.08109951019, 6.20868253708, 5.85534000397, 8.75620079041, 5.13768291473, 3.4530954361, 2.4751291275, 2.1464805603, 2.04851675034, 1.89283370972, 1.39198744297, 1.01892113686, 0.51743721962, 0.283379137516, 0.189417213202, 0.0879545658827, 0.0220608543605, 0.00490847788751, 0.000454294146039, 3.05999019474e-05], "dmean2": [0.0743692591786, 0.342446625233, 1.59353792667, 1.26433026791, 1.88229966164, 4.27871990204, 9.00472354889, 20.3390159607, 81.7648925781, 38.8188858032, 9.60848140717, 6.90654945374, 10.7294921875, 11.2807865143, 25.0084342957, 25.4644470215, 24.8344078064, 22.6321926117, 21.4819488525, 17.7818241119, 12.4340324402, 11.2206373215, 10.2484607697, 15.826010704, 8.58030796051, 5.72115945816, 3.8082742691, 3.36516547203, 3.10170602798, 2.86592078209, 2.26724648476, 1.68824505806, 0.823975980282, 0.487367302179, 0.344927936792, 0.162672907114, 0.041216108948, 0.00924742501229, 0.000847615185194, 5.26321418874e-05], "dvar": [0.0297998506576, 0.696700334549, 11.8228845596, 5.21140480042, 8.56178283691, 38.4781570435, 181.697692871, 1838.48632812, 17459.4023438, 2622.59912109, 172.962600708, 190.446289062, 513.056091309, 505.495697021, 2488.60253906, 2338.92651367, 1505.16442871, 1735.68725586, 1366.06750488, 1420.01000977, 684.755859375, 577.782775879, 471.152374268, 1847.52233887, 295.634918213, 105.764701843, 56.8533363342, 42.8101158142, 35.1331176758, 28.5241546631, 20.6153583527, 11.7355384827, 4.88288450241, 3.60985183716, 0.879788577557, 0.144692957401, 0.00930516794324, 0.000635654549114, 4.22852508564e-06, 1.13131042312e-08], "dvar2": [0.0672570168972, 1.63764059544, 34.204246521, 13.7227392197, 24.512216568, 75.8372650146, 309.34576416, 3242.79833984, 40191.5390625, 5761.27099609, 388.129669189, 526.89855957, 1430.36218262, 1385.93762207, 6737.16357422, 6156.46826172, 3793.09472656, 4331.78808594, 3385.32055664, 3899.78076172, 1937.9564209, 1632.91223145, 1312.68041992, 5369.94824219, 804.249694824, 290.10333252, 143.555526733, 110.797309875, 82.8737945557, 68.5416793823, 54.3774528503, 30.9896450043, 12.976146698, 10.2870311737, 2.52898478508, 0.409101814032, 0.0270956456661, 0.00184524513315, 1.20612103274e-05, 3.2096906466e-08], "max": [1.52192640305, 7.53020715714, 27.4499053955, 18.8783531189, 25.0381736755, 76.5660400391, 125.865371704, 561.356201172, 1550.15161133, 522.489501953, 281.671783447, 260.327209473, 239.876983643, 218.780014038, 587.073791504, 861.053894043, 561.756408691, 839.850341797, 639.718566895, 352.457214355, 285.591308594, 236.119064331, 219.83895874, 489.037780762, 177.241043091, 119.422386169, 118.359024048, 88.3156509399, 58.3993225098, 57.2124557495, 53.1179733276, 63.0371627808, 68.9577560425, 70.496887207, 32.0212249756, 3.51436161995, 1.28449296951, 0.245120376348, 0.0207138173282, 0.00111873226706], "mean": [0.0790090411901, 0.324995309114, 0.780418336391, 0.789636969566, 0.863887965679, 6.34496545792, 17.7077159882, 35.1076507568, 74.0959625244, 61.1404380798, 19.3069477081, 9.06464576721, 8.8141784668, 8.97941207886, 28.4374332428, 32.1551094055, 40.024559021, 26.952091217, 20.4687099457, 9.40217590332, 6.49311494827, 4.88610124588, 5.09820842743, 6.92429494858, 5.39263153076, 3.37253165245, 2.4820690155, 2.0838367939, 2.02002739906, 1.85989785194, 1.16758322716, 0.82041156292, 0.428078651428, 0.20453210175, 0.122672885656, 0.0555585362017, 0.0134599590674, 0.00292768818326, 0.000287723727524, 3.59251862392e-05], "median": [0.00188934174366, 0.0385759025812, 0.233213216066, 0.279421806335, 0.251460492611, 2.41864299774, 7.85167121887, 12.0356197357, 21.6546134949, 35.4551239014, 8.67750549316, 3.28630018234, 2.11060810089, 1.4043815136, 2.08223700523, 5.03587150574, 8.8399810791, 4.7269821167, 4.24651145935, 2.27934765816, 1.52252781391, 0.857682406902, 1.1240773201, 0.999835371971, 0.837673664093, 0.5695489645, 0.225675299764, 0.219155550003, 0.168306291103, 0.11839633435, 0.0478015951812, 0.0224380940199, 0.00883565004915, 0.00211581308395, 0.000637887045741, 0.000197080982616, 8.13250881038e-05, 2.42017304117e-05, 1.28235787997e-05, 1.52515058289e-05], "min": [2.3619009461e-21, 1.62248100575e-20, 2.74120837222e-20, 1.90310752156e-20, 2.12917921414e-20, 6.42780986759e-20, 4.7034885497e-19, 2.68123383578e-19, 4.78974022314e-19, 1.28952484074e-18, 1.43249556499e-18, 5.48412267521e-19, 2.79472730682e-18, 5.48973550926e-18, 5.36510337919e-18, 4.79616400438e-18, 3.93006206246e-18, 6.67365306382e-18, 1.09416258511e-17, 8.13428900305e-18, 8.01264299499e-18, 1.45355866463e-17, 1.57653510999e-17, 1.21151817277e-17, 1.31070167771e-17, 1.72344371027e-17, 1.93938135985e-17, 1.76490299519e-17, 1.9263312622e-17, 2.11519826817e-17, 2.56834633658e-17, 1.9611899767e-17, 1.36818287207e-17, 1.2220409855e-17, 7.89683109179e-18, 4.8896395495e-18, 2.19374460945e-18, 1.16741736929e-18, 3.50623508591e-19, 3.4865772679e-20], "var": [0.0472807995975, 0.875309467316, 7.38919878006, 4.21084690094, 5.2642250061, 102.18346405, 628.680969238, 5065.37792969, 25003.6875, 5457.71826172, 598.938049316, 426.208740234, 612.188354492, 657.934509277, 4037.28125, 4988.171875, 6114.62695312, 3889.53442383, 2458.6237793, 964.011108398, 433.750762939, 356.802459717, 306.176391602, 1049.07702637, 257.580169678, 83.8770523071, 59.7516288757, 39.2391586304, 36.737651825, 30.3321800232, 16.4027137756, 9.49260616302, 3.77180194855, 2.17272996902, 0.514019072056, 0.0897438302636, 0.00548516772687, 0.000357638433343, 2.49532718044e-06, 7.46931938522e-09]}, "gfcc": {"mean": [-108.265991211, 136.267791748, -139.939712524, 3.35652184486, -67.5823440552, -13.6336193085, -37.476852417, -15.8714323044, -6.67698001862, 9.99003696442, 8.95742225647, -1.96663033962, -12.0216341019], "cov": [[18245.7109375, -717.139831543, 240.538574219, 2821.56835938, -175.766906738, 710.557189941, -819.382873535, 136.550918579, -365.052734375, -186.147583008, -506.087280273, -177.81993103, -86.4344940186], [-717.139831543, 2384.64208984, -22.5568771362, -60.195148468, 675.33013916, -337.211425781, 378.34085083, -259.779510498, 217.552734375, -192.702514648, 170.807418823, -56.8932037354, 141.872756958], [240.538574219, -22.5568771362, 841.209228516, 209.628387451, 258.521697998, 361.857543945, 71.1014251709, 209.933425903, -24.5367355347, 96.8765106201, -32.7882957458, 94.8950271606, -38.8885612488], [2821.56835938, -60.195148468, 209.628387451, 1115.87878418, 39.3426895142, 197.04019165, -148.425827026, 47.6905708313, 106.70186615, 8.70938968658, -93.5707778931, -113.174255371, 51.4242782593], [-175.766906738, 675.33013916, 258.521697998, 39.3426895142, 657.294067383, 183.934432983, 216.442596436, -32.3963356018, 60.1517982483, 42.9765663147, 0.466370403767, 42.6327438354, -7.45253944397], [710.557189941, -337.211425781, 361.857543945, 197.04019165, 183.934432983, 567.747070312, 87.5823516846, 179.791320801, 2.45141386986, 122.861557007, -22.2370910645, 69.9588623047, -43.9817047119], [-819.382873535, 378.34085083, 71.1014251709, -148.425827026, 216.442596436, 87.5823516846, 349.250091553, 86.181892395, 7.32269430161, -25.1012077332, 70.1211624146, 77.0536346436, 3.44603729248], [136.550918579, -259.779510498, 209.933425903, 47.6905708313, -32.3963356018, 179.791320801, 86.181892395, 281.759643555, -8.96380710602, 20.6067276001, -15.0273151398, 42.4365501404, 7.02244663239], [-365.052734375, 217.552734375, -24.5367355347, 106.70186615, 60.1517982483, 2.45141386986, 7.32269430161, -8.96380710602, 224.272216797, 91.0259094238, 34.5208435059, -31.2818202972, 53.6460571289], [-186.147583008, -192.702514648, 96.8765106201, 8.70938968658, 42.9765663147, 122.861557007, -25.1012077332, 20.6067276001, 91.0259094238, 215.460708618, 36.7505149841, 8.94578647614, -41.6048736572], [-506.087280273, 170.807418823, -32.7882957458, -93.5707778931, 0.466370403767, -22.2370910645, 70.1211624146, -15.0273151398, 34.5208435059, 36.7505149841, 176.12940979, 40.3148803711, -2.36522102356], [-177.81993103, -56.8932037354, 94.8950271606, -113.174255371, 42.6327438354, 69.9588623047, 77.0536346436, 42.4365501404, -31.2818202972, 8.94578647614, 40.3148803711, 153.076660156, 19.5613422394], [-86.4344940186, 141.872756958, -38.8885612488, 51.4242782593, -7.45253944397, -43.9817047119, 3.44603729248, 7.02244663239, 53.6460571289, -41.6048736572, -2.36522102356, 19.5613422394, 151.736251831]], "icov": [[0.000165990189998, -0.000298226834275, 0.000321912200889, -0.0004630877811, 0.000132851535454, -0.000284636917058, 0.000532134494279, -0.000352127623046, 0.00066687585786, -0.00028016633587, 0.000351661699824, -0.000515462539624, 0.000300415063975], [-0.000298226834275, 0.00243183923885, -0.00132344546728, 0.000909182359464, -0.00181128235999, 0.00159139302559, -0.00223583029583, 0.00192893482745, -0.00290763704106, 0.0027475154493, -0.00229735858738, 0.00243758014403, -0.00132585398387], [0.000321912200889, -0.00132344546728, 0.00319369183853, -0.00127958552912, -0.000133917084895, -0.0013238361571, 0.0021788792219, -0.00271327025257, 0.00253263232298, -0.00194211862981, 0.00138935993891, -0.00264623994008, 0.00129362975713], [-0.0004630877811, 0.000909182359464, -0.00127958552912, 0.00265976740047, -0.000455700763268, 0.000165910314536, -0.000880079052877, 0.00107035087422, -0.0026944950223, 0.0016234763898, -0.000981915392913, 0.00253514456563, -0.0012914207764], [0.000132851535454, -0.00181128235999, -0.000133917084895, -0.000455700763268, 0.00444183079526, -0.00177477672696, -0.000808509648778, 0.000869519659318, 0.00116973137483, -0.00220540608279, 0.00260493764654, -0.00145067367703, 0.000780547037721], [-0.000284636917058, 0.00159139302559, -0.0013238361571, 0.000165910314536, -0.00177477672696, 0.00467095663771, -0.00199340609834, -0.000191648854525, -0.00136869435664, -0.000105371509562, -0.00101384148002, 0.000661113299429, -0.000370745634427], [0.000532134494279, -0.00223583029583, 0.0021788792219, -0.000880079052877, -0.000808509648778, -0.00199340609834, 0.00862930249423, -0.00462505081668, 0.00244855508208, -0.000184369098861, 4.30351974501e-05, -0.00392617145553, 0.00224145199172], [-0.000352127623046, 0.00192893482745, -0.00271327025257, 0.00107035087422, 0.000869519659318, -0.000191648854525, -0.00462505081668, 0.00839167647064, -0.00286662764847, 0.00201990664937, -0.000721772317775, 0.00238419696689, -0.00210972269997], [0.00066687585786, -0.00290763704106, 0.00253263232298, -0.0026944950223, 0.00116973137483, -0.00136869435664, 0.00244855508208, -0.00286662764847, 0.0127605525777, -0.0080077406019, 0.00177963031456, -0.00112636818085, -0.00213561719283], [-0.00028016633587, 0.0027475154493, -0.00194211862981, 0.0016234763898, -0.00220540608279, -0.000105371509562, -0.000184369098861, 0.00201990664937, -0.0080077406019, 0.012330067344, -0.00411464599892, 0.00177723122761, 0.00191405788064], [0.000351661699824, -0.00229735858738, 0.00138935993891, -0.000981915392913, 0.00260493764654, -0.00101384148002, 4.30351974501e-05, -0.000721772317775, 0.00177963031456, -0.00411464599892, 0.00997633486986, -0.00437806267291, 0.00186622224282], [-0.000515462539624, 0.00243758014403, -0.00264623994008, 0.00253514456563, -0.00145067367703, 0.000661113299429, -0.00392617145553, 0.00238419696689, -0.00112636818085, 0.00177723122761, -0.00437806267291, 0.0132166696712, -0.00489749852568], [0.000300415063975, -0.00132585398387, 0.00129362975713, -0.0012914207764, 0.000780547037721, -0.000370745634427, 0.00224145199172, -0.00210972269997, -0.00213561719283, 0.00191405788064, 0.00186622224282, -0.00489749852568, 0.0106883235276]]}, "melbands": {"dmean": [0.000374048249796, 0.000398909352953, 0.000136509042932, 0.000122352590552, 0.000205965799978, 0.000358477496775, 0.000841208966449, 0.000273744284641, 4.30792497355e-05, 2.60677170445e-05, 3.05746252707e-05, 2.44545844907e-05, 4.57063069916e-05, 4.51919258921e-05, 3.40734914062e-05, 3.2534924685e-05, 2.61805198534e-05, 1.94026069948e-05, 1.93882133317e-05, 1.12369352792e-05, 7.45031002225e-06, 6.44166357233e-06, 5.70728207094e-06, 5.25149880559e-06, 7.73362990003e-06, 4.67986319563e-06, 2.6888501452e-06, 2.20381843974e-06, 1.50145956468e-06, 1.62212904797e-06, 1.12619898118e-06, 1.11563417704e-06, 1.21838127143e-06, 1.03000445506e-06, 8.34007437334e-07, 7.03435148353e-07, 5.92552908074e-07, 3.84856406299e-07, 3.041587604e-07, 2.06989540175e-07], "dmean2": [0.000484434422106, 0.000705140293576, 0.000243528309511, 0.000203094386961, 0.000292918964988, 0.000470084894914, 0.0012216232717, 0.000360949023161, 6.36898475932e-05, 4.42800410383e-05, 5.30110628461e-05, 4.24744066549e-05, 7.92660575826e-05, 7.63760981499e-05, 5.59746658837e-05, 5.17616645084e-05, 4.21550394094e-05, 3.0930590583e-05, 3.32568888552e-05, 1.94039093913e-05, 1.31972847157e-05, 1.16410219562e-05, 1.01975774669e-05, 9.01339353732e-06, 1.41260452438e-05, 8.08929144114e-06, 4.42270675194e-06, 3.67821644431e-06, 2.34291701418e-06, 2.54237374975e-06, 1.79200117145e-06, 1.72080092398e-06, 1.82121152648e-06, 1.617424914e-06, 1.36108360493e-06, 1.18334514809e-06, 9.77697595772e-07, 6.14737359683e-07, 5.13303405114e-07, 3.61414379313e-07], "dvar": [1.29059969822e-06, 2.51652909355e-06, 1.90507819298e-07, 7.0204464464e-08, 1.89180283883e-07, 1.15239140541e-06, 3.9067722355e-06, 2.14604895632e-07, 8.09201328167e-09, 7.74116237778e-09, 1.27060548749e-08, 7.13524217488e-09, 2.77178582309e-08, 2.17026325799e-08, 7.82639997254e-09, 7.5555934842e-09, 6.51014886444e-09, 2.67487476613e-09, 4.84126427835e-09, 1.74326308944e-09, 7.64637575479e-10, 6.08842143368e-10, 5.14059073087e-10, 3.03213454345e-10, 1.5924161989e-09, 3.58152341118e-10, 7.3944385337e-11, 4.4109414038e-11, 2.20003824186e-11, 2.85428347624e-11, 1.21586039847e-11, 1.11849808929e-11, 1.26434496553e-11, 9.72675412436e-12, 7.69544844514e-12, 5.81168620173e-12, 3.83656301173e-12, 3.36047227371e-12, 3.07282541426e-12, 2.27608036585e-12], "dvar2": [2.4507719445e-06, 7.06757919033e-06, 5.16470265666e-07, 1.74461092683e-07, 3.11608118864e-07, 1.96606674763e-06, 8.95483026397e-06, 4.59954208054e-07, 1.90577136294e-08, 2.15143280968e-08, 3.53065843228e-08, 1.93163867124e-08, 7.66888916814e-08, 5.84587809271e-08, 2.12360102836e-08, 1.81598913684e-08, 1.56294017728e-08, 6.48928866198e-09, 1.33599646901e-08, 4.8588324475e-09, 2.17575690797e-09, 1.72495706607e-09, 1.44218459397e-09, 8.43357383928e-10, 4.64497773578e-09, 1.01050379175e-09, 2.04345013133e-10, 1.21030463429e-10, 5.64545944715e-11, 7.39752217815e-11, 3.15143987295e-11, 2.65253392168e-11, 2.89818048033e-11, 2.45964828366e-11, 2.04360816464e-11, 1.56307154719e-11, 1.00424772664e-11, 8.92390761981e-12, 8.56915233216e-12, 6.51815797517e-12], "max": [0.0100711947307, 0.0131106041372, 0.00349618936889, 0.00238594179973, 0.00442954758182, 0.0145747205243, 0.0239948481321, 0.00442915130407, 0.00203900691122, 0.00148088799324, 0.00119397800881, 0.000964217353612, 0.00199842941947, 0.00232833949849, 0.00109511218034, 0.00155969779007, 0.00179545674473, 0.000957934360486, 0.000791046477389, 0.00049533759011, 0.000287972536171, 0.000240465466049, 0.000216127969907, 0.000193530475372, 0.000457418500446, 0.000214503175812, 0.000101777346572, 8.61542066559e-05, 5.29754615854e-05, 0.000100491553894, 3.56501841452e-05, 4.67000209028e-05, 4.61899689981e-05, 3.55345582648e-05, 3.48309476976e-05, 3.84478589694e-05, 3.43803840224e-05, 6.2151462771e-05, 4.15388130932e-05, 5.8313478803e-05], "mean": [0.000590833893511, 0.000415487680584, 0.00013728722115, 0.000202398965484, 0.000596300640609, 0.000813329534139, 0.00111783202738, 0.000620284001343, 0.000119333548355, 5.01960494148e-05, 4.24799654866e-05, 3.24932043441e-05, 7.69452017266e-05, 8.73933095136e-05, 7.84328440204e-05, 7.46689329389e-05, 4.92176804983e-05, 3.08752314595e-05, 1.91583658307e-05, 9.93944559013e-06, 6.80436505718e-06, 5.08461516802e-06, 4.30730233347e-06, 5.09419032824e-06, 5.777910701e-06, 4.42823193225e-06, 2.78237848761e-06, 2.07942184716e-06, 1.41975067436e-06, 1.6341493847e-06, 1.04900777842e-06, 1.07124230908e-06, 1.23579752653e-06, 9.59151861935e-07, 6.93368747307e-07, 5.52059816528e-07, 4.77124444842e-07, 3.19983087138e-07, 2.33439138242e-07, 1.44892638332e-07], "median": [2.92398035526e-05, 0.000110370427137, 4.75475972053e-05, 6.72392197885e-05, 0.000269776151981, 0.000240020090132, 0.000327149755321, 0.000335848133545, 4.28417733929e-05, 1.45302874444e-05, 8.98311918718e-06, 2.9041466405e-06, 4.09419408243e-06, 7.55058317736e-06, 1.55053057824e-05, 1.14128470159e-05, 4.26156702815e-06, 6.72910073263e-06, 2.6916140996e-06, 1.59084265761e-06, 1.62341257237e-06, 8.32992441246e-07, 6.43527073407e-07, 1.22603387354e-06, 5.68144514546e-07, 4.92065055369e-07, 4.58823194549e-07, 3.22432072153e-07, 1.15281309832e-07, 1.17310861469e-07, 1.20438087947e-07, 9.25985048639e-08, 7.19121118209e-08, 5.95300164719e-08, 2.65823203449e-08, 1.52201860004e-08, 1.13832889781e-08, 6.27254470587e-09, 3.00966829236e-09, 1.13255249623e-09], "min": [2.18186320387e-23, 1.72645443437e-23, 3.34843725806e-24, 1.79311120871e-24, 1.35146451214e-23, 6.36397166423e-24, 8.52277906708e-24, 1.39271515328e-23, 1.12745365304e-23, 2.87701516439e-24, 1.43023590229e-23, 2.22175542653e-23, 1.62459829201e-23, 1.93051713111e-23, 9.34453783863e-24, 6.58052423791e-24, 1.31330234033e-23, 1.78474920423e-23, 1.2322736247e-23, 9.1049489488e-24, 9.41923744433e-24, 1.3455982269e-23, 1.8240351084e-23, 1.24426517821e-23, 9.48845762218e-24, 7.0992132993e-24, 1.07086116613e-23, 1.21891158315e-23, 1.08826107111e-23, 1.36750615642e-23, 9.77762010902e-24, 1.05599871113e-23, 1.0721866891e-23, 1.23124913105e-23, 1.50404630397e-23, 1.36042849638e-23, 1.23190885542e-23, 9.46825647212e-24, 9.16675935617e-24, 1.10956891414e-23], "var": [2.50030711868e-06, 1.80572158115e-06, 1.41249074659e-07, 1.13341087626e-07, 6.81438734773e-07, 3.21144943882e-06, 5.61950264455e-06, 5.27116810645e-07, 2.66132165194e-08, 1.55759316556e-08, 1.52915511364e-08, 1.11611315745e-08, 3.50793563086e-08, 3.31384697461e-08, 2.17724966944e-08, 2.65011568246e-08, 1.79275367884e-08, 5.33467581221e-09, 3.61024166118e-09, 1.13329301499e-09, 4.8216286519e-10, 3.77863212941e-10, 3.1776645204e-10, 2.09726153111e-10, 8.9039792206e-10, 2.58149751575e-10, 5.85235332418e-11, 3.44393957796e-11, 2.02398271754e-11, 2.90109186674e-11, 1.05908771336e-11, 1.1445109617e-11, 1.47048154903e-11, 9.01924975677e-12, 5.99795950754e-12, 4.36945314999e-12, 3.1457473345e-12, 2.57505193384e-12, 1.97926115601e-12, 1.33850829726e-12]}, "mfcc": {"mean": [-739.098571777, 159.233261108, -13.7680425644, 12.6841478348, -10.9646377563, -2.54938650131, -19.9179420471, -19.1975021362, -21.7293319702, -0.430143207312, 9.10064220428, 6.90868759155, 7.01157665253], "cov": [[9766.28710938, -929.724060059, 383.773529053, 596.012023926, 45.2152862549, 426.319458008, -131.616394043, 147.11315918, -118.810852051, 170.25138855, -163.889175415, -150.36920166, -169.462356567], [-929.724060059, 2328.56469727, -144.021224976, 234.779495239, 303.278137207, 74.8731765747, 186.738830566, 30.9897708893, -0.265461295843, -80.5478897095, 91.5219955444, -31.0850028992, -16.4209976196], [383.773529053, -144.021224976, 529.190795898, 95.0162582397, 163.735336304, 111.684524536, 102.757865906, 108.312065125, 84.9894104004, 80.2269134521, 40.8970794678, 34.7366027832, 35.6069717407], [596.012023926, 234.779495239, 95.0162582397, 357.634368896, 95.6465988159, 94.8043670654, -29.8889198303, 0.418728321791, 36.0709762573, 73.6815490723, 26.8928070068, -59.5064659119, -61.5510139465], [45.2152862549, 303.278137207, 163.735336304, 95.6465988159, 383.294128418, 229.379577637, 93.9621276855, 57.7358589172, 119.611198425, 91.3847503662, 52.8908653259, 22.30534935, -40.0865974426], [426.319458008, 74.8731765747, 111.684524536, 94.8043670654, 229.379577637, 390.351989746, 114.653686523, 75.9521484375, 94.6023406982, 73.7674407959, 70.7244491577, 80.408241272, 0.111452482641], [-131.616394043, 186.738830566, 102.757865906, -29.8889198303, 93.9621276855, 114.653686523, 343.573059082, 201.330001831, 51.6868209839, -7.12124013901, 12.9044742584, 75.0329437256, 86.2844009399], [147.11315918, 30.9897708893, 108.312065125, 0.418728321791, 57.7358589172, 75.9521484375, 201.330001831, 270.928710938, 98.8716125488, -0.345408141613, -32.7364006042, 42.2682380676, 64.7585525513], [-118.810852051, -0.265461295843, 84.9894104004, 36.0709762573, 119.611198425, 94.6023406982, 51.6868209839, 98.8716125488, 241.776077271, 95.7136459351, -22.5736618042, 11.1542348862, -2.10239481926], [170.25138855, -80.5478897095, 80.2269134521, 73.6815490723, 91.3847503662, 73.7674407959, -7.12124013901, -0.345408141613, 95.7136459351, 200.581588745, 51.9202880859, 6.74427747726, -17.7787418365], [-163.889175415, 91.5219955444, 40.8970794678, 26.8928070068, 52.8908653259, 70.7244491577, 12.9044742584, -32.7364006042, -22.5736618042, 51.9202880859, 179.062332153, 83.4266357422, 7.48697280884], [-150.36920166, -31.0850028992, 34.7366027832, -59.5064659119, 22.30534935, 80.408241272, 75.0329437256, 42.2682380676, 11.1542348862, 6.74427747726, 83.4266357422, 193.193695068, 97.1195297241], [-169.462356567, -16.4209976196, 35.6069717407, -61.5510139465, -40.0865974426, 0.111452482641, 86.2844009399, 64.7585525513, -2.10239481926, -17.7787418365, 7.48697280884, 97.1195297241, 160.71774292]], "icov": [[0.000152831940795, 5.17470944033e-05, -6.90179658704e-05, -0.000223714421736, 8.03653383628e-05, -0.000239519635215, 0.00013064716768, -0.000226032178034, 0.000351301307091, -0.000173513006303, 0.000296387006529, -5.31405421498e-05, 0.000140901160194], [5.17470944033e-05, 0.000739579380024, 0.00050376233412, -0.000710787775461, -0.000891268427949, 0.00037675499334, -0.000493281520903, 0.000121232413221, -2.33446917264e-05, 0.000660502293613, -0.000506507058162, 0.000345202395692, -0.000372525508283], [-6.90179658704e-05, 0.00050376233412, 0.00291596516035, -0.000822088040877, -0.00157958094496, 0.00062075391179, -0.000466895289719, -0.000486618664581, -0.000262584915617, 0.000118601667054, -0.000926389766391, 0.000450396037195, -0.00114917790052], [-0.000223714421736, -0.000710787775461, -0.000822088040877, 0.00465969135985, 0.000554674770683, -0.000978445750661, 0.000941714271903, -0.000392555521103, -0.000134271991556, -0.00110955396667, -0.000660307239741, 0.00144758040551, 0.000481306749862], [8.03653383628e-05, -0.000891268427949, -0.00157958094496, 0.000554674770683, 0.00638949405402, -0.00284250755794, -0.000313816446578, 0.000292218202958, -0.00100293348078, -0.00129805831239, 0.000422823737608, -0.000316785182804, 0.00221746484749], [-0.000239519635215, 0.00037675499334, 0.00062075391179, -0.000978445750661, -0.00284250755794, 0.0054870727472, -0.00129271822516, 0.000312579155434, -0.00102466274984, 0.000549819902517, -0.00111040682532, -0.00165633799043, 0.000229023164138], [0.00013064716768, -0.000493281520903, -0.000466895289719, 0.000941714271903, -0.000313816446578, -0.00129271822516, 0.00681902654469, -0.00462979124859, 0.00130138173699, -0.000335589662427, -6.23121813987e-05, -4.08916130255e-05, -0.00131384038832], [-0.000226032178034, 0.000121232413221, -0.000486618664581, -0.000392555521103, 0.000292218202958, 0.000312579155434, -0.00462979124859, 0.00888957083225, -0.00324585917406, 0.00138475419953, 0.00100313057192, -0.000254520680755, -0.00107432133518], [0.000351301307091, -2.33446917264e-05, -0.000262584915617, -0.000134271991556, -0.00100293348078, -0.00102466274984, 0.00130138173699, -0.00324585917406, 0.00825727544725, -0.0038950603921, 0.00308289541863, -0.00112650007941, 0.000948786735535], [-0.000173513006303, 0.000660502293613, 0.000118601667054, -0.00110955396667, -0.00129805831239, 0.000549819902517, -0.000335589662427, 0.00138475419953, -0.0038950603921, 0.00877515971661, -0.00349705852568, 0.00126209622249, -0.000948613625951], [0.000296387006529, -0.000506507058162, -0.000926389766391, -0.000660307239741, 0.000422823737608, -0.00111040682532, -6.23121813987e-05, 0.00100313057192, 0.00308289541863, -0.00349705852568, 0.0108794122934, -0.00570035073906, 0.00253992318176], [-5.31405421498e-05, 0.000345202395692, 0.000450396037195, 0.00144758040551, -0.000316785182804, -0.00165633799043, -4.08916130255e-05, -0.000254520680755, -0.00112650007941, 0.00126209622249, -0.00570035073906, 0.012061515823, -0.00641769636422], [0.000140901160194, -0.000372525508283, -0.00114917790052, 0.000481306749862, 0.00221746484749, 0.000229023164138, -0.00131384038832, -0.00107432133518, 0.000948786735535, -0.000948613625951, 0.00253992318176, -0.00641769636422, 0.0121299689636]]}, "spectral_contrast_coeffs": {"dmean": [0.0455998294055, 0.0491524003446, 0.0434782616794, 0.0433827340603, 0.0368798747659, 0.0226616002619], "dmean2": [0.0693349167705, 0.0729607716203, 0.0661229938269, 0.0636787489057, 0.0538474470377, 0.0315448865294], "dvar": [0.00198994926177, 0.0030124259647, 0.00218497193418, 0.0024016215466, 0.00178461498581, 0.000473507854622], "dvar2": [0.00384874362499, 0.00629197899252, 0.00415660860017, 0.00412709638476, 0.00324388267472, 0.000987048144452], "max": [-0.264929026365, -0.355832457542, -0.353807091713, -0.423805892467, -0.5270845294, -0.569906055927], "mean": [-0.597042918205, -0.587954699993, -0.684264063835, -0.695927798748, -0.740990817547, -0.7473782897], "median": [-0.606090068817, -0.588640332222, -0.684853434563, -0.687625169754, -0.756350159645, -0.745209336281], "min": [-0.975260317326, -0.963690161705, -0.969969511032, -0.952349841595, -0.962099015713, -0.961964666843], "var": [0.0145093873143, 0.00824396405369, 0.0103855943307, 0.0106416707858, 0.00664718076587, 0.00272901239805]}, "spectral_contrast_valleys": {"dmean": [0.504494786263, 0.433484315872, 0.537416398525, 0.589195609093, 0.657709121704, 0.76549577713], "dmean2": [0.782435119152, 0.632960557938, 0.792363703251, 0.8111525774, 0.799044430256, 0.889488101006], "dvar": [0.331601083279, 0.301570266485, 0.492388904095, 0.586270749569, 0.638367891312, 0.692663490772], "dvar2": [0.592253804207, 0.484149038792, 0.828526318073, 0.946319