{"lowlevel": {"average_loudness": 0.777385354042, "barkbands_crest": {"dmean": 1.75463795662, "dmean2": 2.68224239349, "dvar": 5.24169683456, "dvar2": 11.4029769897, "max": 26.9600753784, "mean": 17.9133358002, "median": 18.1654586792, "min": 2.69288468361, "var": 30.3585987091}, "barkbands_flatness_db": {"dmean": 0.0331659391522, "dmean2": 0.0463422574103, "dvar": 0.00208445475437, "dvar2": 0.00358638050966, "max": 0.703183054924, "mean": 0.396356999874, "median": 0.416097581387, "min": 0.0137758059427, "var": 0.0168851111084}, "barkbands_kurtosis": {"dmean": 71.9673233032, "dmean2": 111.34437561, "dvar": 151979.640625, "dvar2": 370279.84375, "max": 18876.0019531, "mean": 187.401245117, "median": 30.6566982269, "min": -1.85064435005, "var": 799239.875}, "barkbands_skewness": {"dmean": 1.50411832333, "dmean2": 2.28976345062, "dvar": 8.79457187653, "dvar2": 18.4563770294, "max": 120.062362671, "mean": 5.09504747391, "median": 2.91579818726, "min": -2.7340092659, "var": 81.1545181274}, "barkbands_spread": {"dmean": 1.51693058014, "dmean2": 2.30885601044, "dvar": 14.9305067062, "dvar2": 30.9951133728, "max": 80.2841644287, "mean": 3.61453557014, "median": 1.12439918518, "min": 0.0107962824404, "var": 65.0712203979}, "dissonance": {"dmean": 0.0481092743576, "dmean2": 0.0767659172416, "dvar": 0.00235277903266, "dvar2": 0.00577430427074, "max": 0.499988794327, "mean": 0.29265537858, "median": 0.283598959446, "min": 0.0549387447536, "var": 0.0105605013669}, "dynamic_complexity": 5.82536029816, "erbbands_crest": {"dmean": 2.25463151932, "dmean2": 3.31038546562, "dvar": 9.98966789246, "dvar2": 20.3471012115, "max": 33.3556632996, "mean": 20.1720466614, "median": 20.6781539917, "min": 2.97841525078, "var": 49.769153595}, "erbbands_flatness_db": {"dmean": 0.0263686086982, "dmean2": 0.0365122035146, "dvar": 0.00139207020402, "dvar2": 0.00228272564709, "max": 0.598034262657, "mean": 0.363363027573, "median": 0.380386829376, "min": 0.0737103521824, "var": 0.0129171637818}, "erbbands_kurtosis": {"dmean": 10.9915075302, "dmean2": 16.499546051, "dvar": 522.020751953, "dvar2": 896.129394531, "max": 405.87701416, "mean": 39.21616745, "median": 13.8751907349, "min": -1.77979528904, "var": 4260.42480469}, "erbbands_skewness": {"dmean": 0.782618701458, "dmean2": 1.14185643196, "dvar": 1.26530146599, "dvar2": 2.23942303658, "max": 15.5570211411, "mean": 3.26599740982, "median": 2.57478260994, "min": -3.98998761177, "var": 9.7061662674}, "erbbands_spread": {"dmean": 3.95393633842, "dmean2": 6.02179813385, "dvar": 77.4663848877, "dvar2": 162.809860229, "max": 120.396774292, "mean": 10.0756053925, "median": 4.18298959732, "min": 0.324850469828, "var": 206.942840576}, "hfc": {"dmean": 1.47807073593, "dmean2": 1.95820236206, "dvar": 7.64598703384, "dvar2": 14.0415868759, "max": 43.8405685425, "mean": 7.09003686905, "median": 4.86439609528, "min": 9.65348356807e-10, "var": 51.6699447632}, "melbands_crest": {"dmean": 1.9775147438, "dmean2": 3.04622578621, "dvar": 6.66925287247, "dvar2": 14.9341583252, "max": 34.2970542908, "mean": 20.6214408875, "median": 20.1942749023, "min": 3.21364998817, "var": 40.7252388}, "melbands_flatness_db": {"dmean": 0.0351160466671, "dmean2": 0.0491406209767, "dvar": 0.00248219422065, "dvar2": 0.00410143053159, "max": 0.829766094685, "mean": 0.490435391665, "median": 0.516229569912, "min": 0.0255223102868, "var": 0.0195102952421}, "melbands_kurtosis": {"dmean": 18.1605644226, "dmean2": 29.4040660858, "dvar": 1964.59326172, "dvar2": 4480.82763672, "max": 765.589477539, "mean": 46.8943634033, "median": 17.0941257477, "min": -1.87237477303, "var": 6884.01904297}, "melbands_skewness": {"dmean": 0.911194980145, "dmean2": 1.40573084354, "dvar": 2.29565405846, "dvar2": 4.84474611282, "max": 20.0332679749, "mean": 2.74730539322, "median": 1.97103047371, "min": -2.18624901772, "var": 9.29076957703}, "melbands_spread": {"dmean": 1.60403859615, "dmean2": 2.38612222672, "dvar": 25.1500988007, "dvar2": 52.0459365845, "max": 148.686981201, "mean": 4.41431236267, "median": 1.63804924488, "min": 0.17663744092, "var": 100.555839539}, "pitch_salience": {"dmean": 0.0539123676717, "dmean2": 0.0825001001358, "dvar": 0.00527637545019, "dvar2": 0.0114149861038, "max": 0.837704002857, "mean": 0.412874668837, "median": 0.435388743877, "min": 0.0454958155751, "var": 0.0255995579064}, "silence_rate_20dB": {"dmean": 0, "dmean2": 0, "dvar": 0, "dvar2": 0, "max": 1, "mean": 1, "median": 1, "min": 1, "var": 0}, "silence_rate_30dB": {"dmean": 0, "dmean2": 0, "dvar": 0, "dvar2": 0, "max": 1, "mean": 1, "median": 1, "min": 1, "var": 0}, "silence_rate_60dB": {"dmean": 0.0404239594936, "dmean2": 0.0806213021278, "dvar": 0.038788728416, "dvar2": 0.079052887857, "max": 1, "mean": 0.207491368055, "median": 0, "min": 0, "var": 0.164440006018}, "spectral_centroid": {"dmean": 64.0477142334, "dmean2": 93.5196762085, "dvar": 28998.0136719, "dvar2": 56172.1835938, "max": 3738.52856445, "mean": 441.436004639, "median": 351.597015381, "min": 167.516296387, "var": 141378.234375}, "spectral_complexity": {"dmean": 1.3842741251, "dmean2": 2.19181466103, "dvar": 12.1100721359, "dvar2": 25.4418621063, "max": 42, "mean": 4.37382936478, "median": 3, "min": 0, "var": 17.0396518707}, "spectral_decrease": {"dmean": 9.4178387311e-10, "dmean2": 1.31495159206e-09, "dvar": 2.441950492e-18, "dvar2": 5.05889517849e-18, "max": -4.03996222861e-21, "mean": -5.14415221531e-09, "median": -3.92720345133e-09, "min": -2.52489744668e-08, "var": 2.4201943184e-17}, "spectral_energy": {"dmean": 0.00367790134624, "dmean2": 0.0051232255064, "dvar": 3.69845656678e-05, "dvar2": 7.62782583479e-05, "max": 0.0973465368152, "mean": 0.0200582910329, "median": 0.0153743075207, "min": 1.0280777694e-13, "var": 0.000366267078789}, "spectral_energyband_high": {"dmean": 2.76299015241e-05, "dmean2": 3.89049855585e-05, "dvar": 9.78543113206e-09, "dvar2": 1.74111125517e-08, "max": 0.00117938802578, "mean": 2.9324373827e-05, "median": 9.57184624895e-07, "min": 7.6343337034e-14, "var": 1.4069318155e-08}, "spectral_energyband_low": {"dmean": 0.000632433802821, "dmean2": 0.00105268112384, "dvar": 6.05153172728e-06, "dvar2": 1.39799685712e-05, "max": 0.0321301296353, "mean": 0.00111860246398, "median": 9.96947637759e-05, "min": 3.27361547565e-15, "var": 9.40525660553e-06}, "spectral_energyband_middle_high": {"dmean": 0.0003492962569, "dmean2": 0.000505772128236, "dvar": 2.21905247599e-06, "dvar2": 4.45496425527e-06, "max": 0.0338110923767, "mean": 0.000550935568754, "median": 3.68037435692e-05, "min": 1.95137061756e-14, "var": 3.71440341951e-06}, "spectral_energyband_middle_low": {"dmean": 0.00323325186037, "dmean2": 0.00447870232165, "dvar": 3.01938543998e-05, "dvar2": 6.21711515123e-05, "max": 0.0972864255309, "mean": 0.0187991186976, "median": 0.0137412045151, "min": 2.34211492059e-15, "var": 0.000343987019733}, "spectral_entropy": {"dmean": 0.315662026405, "dmean2": 0.449713587761, "dvar": 0.243926480412, "dvar2": 0.39809024334, "max": 8.84536266327, "mean": 5.06705570221, "median": 4.76032400131, "min": 2.90694737434, "var": 1.38799035549}, "spectral_flux": {"dmean": 0.015453976579, "dmean2": 0.0258346796036, "dvar": 0.00067164801294, "dvar2": 0.00166977208573, "max": 0.254453092813, "mean": 0.0294959601015, "median": 0.0179621074349, "min": 1.09545217128e-05, "var": 0.00102846848313}, "spectral_kurtosis": {"dmean": 20.7947483063, "dmean2": 34.1446609497, "dvar": 903.821166992, "dvar2": 2582.24462891, "max": 467.443756104, "mean": 68.7696838379, "median": 45.6342163086, "min": 1.12729740143, "var": 4792.73339844}, "spectral_rms": {"dmean": 0.000408893887652, "dmean2": 0.000555171165615, "dvar": 3.93095007212e-07, "dvar2": 7.42407166854e-07, "max": 0.00974536966532, "mean": 0.00383133464493, "median": 0.00387289607897, "min": 1.00150021609e-08, "var": 4.889912816e-06}, "spectral_rolloff": {"dmean": 98.9290313721, "dmean2": 163.820083618, "dvar": 216338.796875, "dvar2": 493762.28125, "max": 16709.765625, "mean": 546.442749023, "median": 387.59765625, "min": 86.1328125, "var": 882296.125}, "spectral_skewness": {"dmean": 1.01100277901, "dmean2": 1.601978302, "dvar": 1.15733993053, "dvar2": 2.77165460587, "max": 17.2731571198, "mean": 5.97850847244, "median": 5.49167156219, "min": 0.929981827736, "var": 11.3233480453}, "spectral_spread": {"dmean": 568687.6875, "dmean2": 902040.125, "dvar": 506471972864, "dvar2": 982335356928, "max": 21155012, "mean": 2359849, "median": 1766365.25, "min": 152151.421875, "var": 2922653679620.0}, "spectral_strongpeak": {"dmean": 0.203435435891, "dmean2": 0.310825079679, "dvar": 0.1590244174, "dvar2": 0.354201316833, "max": 6.41751623154, "mean": 1.26808035374, "median": 0.979681491852, "min": 0, "var": 1.08326661587}, "zerocrossingrate": {"dmean": 0.00329424347728, "dmean2": 0.00398763036355, "dvar": 6.52951930533e-05, "dvar2": 8.14203522168e-05, "max": 0.607421875, "mean": 0.0223023481667, "median": 0.0166015625, "min": 0.00439453125, "var": 0.000700129370671}, "barkbands": {"dmean": [2.10575126403e-05, 0.000331143644871, 0.00016071650316, 0.000566112285014, 0.00186310592107, 0.000821683148388, 0.00037390171201, 0.000311936921207, 0.000334482057951, 0.000132190049044, 7.27193692001e-05, 7.47415033402e-05, 2.27226228162e-05, 2.67370160145e-05, 2.65145190497e-05, 1.50648611452e-05, 1.3176887478e-05, 1.04637119875e-05, 9.2773916549e-06, 9.03410909814e-06, 7.75782609708e-06, 7.73533611209e-06, 4.01770284952e-06, 2.79490564026e-06, 1.39653809583e-06, 7.079952411e-07, 3.78203537821e-07], "dmean2": [3.60293452104e-05, 0.000562128552701, 0.000254236365436, 0.00093316170387, 0.00252668675967, 0.00109585933387, 0.000456963898614, 0.000385274441214, 0.000399218348321, 0.000201536749955, 0.000109057895315, 0.000101320212707, 3.64560146409e-05, 4.5013945055e-05, 4.07188490499e-05, 2.21392456297e-05, 1.99215646717e-05, 1.6078214685e-05, 1.44827672557e-05, 1.32571840368e-05, 1.09130123747e-05, 1.13943242468e-05, 6.1781702243e-06, 4.22900029662e-06, 2.24558516493e-06, 1.21817947729e-06, 6.64323920319e-07], "dvar": [1.42747378362e-08, 3.28717123921e-06, 3.03414850578e-07, 2.60422757492e-06, 1.69721024577e-05, 4.64197864858e-06, 1.35819948355e-06, 2.53332063949e-06, 3.05481580654e-06, 1.08199833448e-06, 2.08875505336e-07, 5.6312507013e-07, 6.15274808879e-09, 9.48887812768e-09, 1.11778639678e-08, 3.02809244346e-09, 3.58463103645e-09, 1.78616021973e-09, 2.10841233361e-09, 2.01177874359e-09, 9.40012845341e-10, 1.23132004592e-09, 2.27765722949e-10, 2.78319034486e-10, 2.39281511272e-11, 6.24522569076e-12, 2.79160223583e-12], "dvar2": [3.94385715197e-08, 7.5198495324e-06, 6.64389006033e-07, 6.5728768277e-06, 3.28578535118e-05, 1.07470577859e-05, 2.22104813474e-06, 4.10288839703e-06, 4.99075258631e-06, 2.12243025999e-06, 4.31465565498e-07, 1.13479200081e-06, 1.53577524031e-08, 2.53129890382e-08, 2.73959450681e-08, 6.77501343915e-09, 7.89683962665e-09, 3.90838206243e-09, 5.04226216336e-09, 4.52276482932e-09, 1.76160985799e-09, 2.55103183022e-09, 4.70359584614e-10, 5.25133603269e-10, 5.75480531284e-11, 1.64900228888e-11, 7.70667557548e-12], "max": [0.00204022508115, 0.0221635177732, 0.0157141368836, 0.0281727947295, 0.0949994251132, 0.0695462673903, 0.0439584665, 0.0756329745054, 0.0398355163634, 0.0324671715498, 0.0182066317648, 0.0263495109975, 0.0011689508101, 0.000952630420215, 0.00138450681698, 0.000936729717068, 0.000787224329542, 0.000602945918217, 0.000544316775631, 0.000734641798772, 0.000409638189012, 0.000470604543807, 0.00017380907957, 0.000460627867142, 6.77149000694e-05, 2.29711295106e-05, 1.91535145859e-05], "mean": [1.74297001649e-05, 0.000317539466778, 0.000355962314643, 0.00162433588412, 0.00789019744843, 0.00522517226636, 0.00176138954703, 0.00156227301341, 0.000703138997778, 0.000229628989473, 9.45322826738e-05, 0.00010272389045, 3.34427604685e-05, 3.32292511303e-05, 2.85080514004e-05, 1.80837469088e-05, 1.09267339212e-05, 8.95283756108e-06, 7.66217999626e-06, 7.78796311351e-06, 8.15568910184e-06, 7.85111024015e-06, 4.20133346779e-06, 2.98213262795e-06, 1.31098272504e-06, 6.27904285011e-07, 2.68412037485e-07], "median": [4.07083803111e-07, 5.66322705708e-06, 1.23569634525e-05, 0.000108919935883, 0.0028449841775, 0.000995501875877, 7.14418711141e-05, 8.12735652289e-06, 1.09148131742e-05, 1.74292449628e-06, 2.35404058913e-06, 1.1036847809e-06, 1.00946977e-06, 1.00079944332e-06, 3.13130271934e-07, 4.96912775816e-07, 1.16487768764e-07, 3.79011225959e-07, 3.23042002037e-07, 3.297634521e-07, 2.49781976436e-07, 1.92504273855e-07, 7.21001640613e-08, 9.38063351441e-08, 5.93256004322e-08, 4.49086101639e-08, 1.2538196259e-08], "min": [2.81672420983e-15, 1.66237870959e-15, 2.43568982664e-16, 9.62333255791e-17, 1.77019430413e-16, 3.69783350431e-17, 1.54288798348e-16, 8.96179320866e-17, 1.02910034993e-15, 2.05381370446e-15, 5.24077125098e-16, 4.52682623798e-16, 5.82716951338e-16, 1.43324772115e-15, 2.14408200565e-15, 2.58468271031e-15, 3.18393374477e-15, 2.73045856284e-15, 1.42335141171e-15, 3.45494532438e-15, 5.15752982924e-15, 6.22279107447e-15, 3.63594864191e-15, 9.48380269987e-15, 1.36912694588e-14, 1.79863736345e-14, 1.96912256466e-14], "var": [1.10530198327e-08, 3.2377338357e-06, 1.39688916079e-06, 1.05664812509e-05, 0.000181944851647, 8.25547758723e-05, 1.97820045287e-05, 4.10334687331e-05, 1.05270255517e-05, 1.72876798388e-06, 4.45828931106e-07, 1.00926126834e-06, 8.71059668839e-09, 1.07960786977e-08, 1.33188686746e-08, 5.03514963057e-09, 3.55113005668e-09, 1.83584369928e-09, 1.83835202616e-09, 1.94700389144e-09, 1.23235310845e-09, 1.48657575139e-09, 3.11379172446e-10, 3.74341668774e-10, 2.58265232117e-11, 4.87190713119e-12, 1.78939437052e-12]}, "erbbands": {"dmean": [0.0119268838316, 0.0659577026963, 0.166930302978, 0.924944877625, 3.43000793457, 7.97579622269, 7.80241680145, 6.52074813843, 4.61347866058, 7.36220407486, 6.16345739365, 5.38846588135, 7.03287506104, 3.51753425598, 3.67694878578, 1.99452626705, 1.05331754684, 1.21321082115, 1.37078511715, 1.07648897171, 0.840919077396, 0.681739747524, 0.589452087879, 0.535865008831, 0.441323846579, 0.390071451664, 0.33035415411, 0.30125939846, 0.260865926743, 0.259558498859, 0.0966268479824, 0.0528155490756, 0.0437240153551, 0.0199222471565, 0.00831042602658, 0.00299730198458, 0.00123353896197, 0.000510702549946, 6.35708711343e-05, 5.79654852118e-06], "dmean2": [0.0206861123443, 0.110728949308, 0.26435482502, 1.51963555813, 5.25704622269, 10.5506315231, 11.5601882935, 7.79937362671, 5.84272241592, 9.12154483795, 7.54109573364, 6.66870498657, 9.0098323822, 5.02055549622, 5.22881555557, 2.80320739746, 1.66302216053, 1.97956061363, 2.15941786766, 1.70714485645, 1.17268240452, 1.02772963047, 0.894754171371, 0.849079728127, 0.661450207233, 0.570001065731, 0.50870859623, 0.411215543747, 0.400603681803, 0.414303690195, 0.138056114316, 0.0795639529824, 0.0682830363512, 0.0322920829058, 0.0131707331166, 0.00498481839895, 0.00208769831806, 0.000894971890375, 0.000109988955955, 8.6526688392e-06], "dvar": [0.00570768211037, 0.112214289606, 0.313710957766, 6.79311752319, 73.0947494507, 443.514007568, 452.620697021, 238.118591309, 151.869918823, 700.054077148, 939.819396973, 830.594177246, 1370.23937988, 584.302185059, 468.484100342, 261.764801025, 12.9880104065, 15.950088501, 28.2945480347, 19.5794448853, 9.7678861618, 8.68237781525, 6.09628629684, 7.14626121521, 4.2640337944, 3.54172873497, 2.40825200081, 1.25567233562, 1.1428027153, 1.50258779526, 0.129002377391, 0.0506169088185, 0.103322580457, 0.00582185341045, 0.000721047574189, 0.000101173900475, 2.07336815947e-05, 4.20802689405e-06, 7.93582373149e-08, 1.29667318549e-10], "dvar2": [0.0140831870958, 0.24772632122, 0.713439941406, 16.3399486542, 194.184387207, 795.29486084, 1038.09973145, 471.536834717, 238.286209106, 1181.7734375, 1505.92822266, 1403.5748291, 2274.82958984, 1186.2401123, 995.752502441, 510.488952637, 31.6719226837, 40.4407272339, 72.9471130371, 42.6270179749, 19.3164558411, 18.7323474884, 12.9713048935, 17.7845859528, 9.82724475861, 7.5983247757, 5.10451364517, 2.2339990139, 2.06289672852, 3.72314977646, 0.247407749295, 0.104013830423, 0.192574068904, 0.0143953924999, 0.00171514134854, 0.000259508378804, 5.40931396245e-05, 1.15038910735e-05, 2.18523013018e-07, 3.26402155304e-10], "max": [0.958797395229, 4.43802928925, 12.0434741974, 50.5170249939, 150.830535889, 561.186706543, 592.703186035, 723.211853027, 605.174499512, 1133.0378418, 1259.11291504, 954.558898926, 848.303649902, 850.020874023, 633.176696777, 532.680480957, 52.7413406372, 47.6453208923, 73.0939712524, 106.832305908, 57.3596420288, 33.0769844055, 34.0218811035, 32.0906333923, 33.1879768372, 29.9374656677, 18.3869075775, 15.4667072296, 11.9414358139, 15.9181814194, 4.79860591888, 4.25785732269, 9.1927947998, 1.51195168495, 0.319553613663, 0.0908215641975, 0.0464938059449, 0.0212933029979, 0.0033635054715, 0.000140673088026], "mean": [0.0103142596781, 0.0710129663348, 0.35739338398, 2.69839453697, 12.7133989334, 33.2704772949, 31.8463363647, 49.2695388794, 27.2823467255, 36.7454719543, 28.1459922791, 10.793387413, 16.0445308685, 6.60704660416, 5.0283498764, 2.76103973389, 1.49888181686, 1.79211437702, 1.65146315098, 1.15033137798, 1.07691788673, 0.591870129108, 0.511179745197, 0.425020068884, 0.381610393524, 0.344466149807, 0.306891441345, 0.340174168348, 0.280337959528, 0.243777140975, 0.099636413157, 0.0540693886578, 0.0476844273508, 0.018477525562, 0.00797986332327, 0.00290763005614, 0.00109117827378, 0.000382247642847, 5.43952628504e-05, 2.36605465034e-05], "median": [0.000192993378732, 0.00302297296003, 0.0330701395869, 0.376912921667, 2.86876225471, 9.9377784729, 11.3504810333, 7.13970088959, 4.74491977692, 1.16212618351, 0.411556690931, 0.318167120218, 0.22759398818, 0.187571436167, 0.258056402206, 0.108914479613, 0.071180537343, 0.0683018565178, 0.0299657005817, 0.0184211879969, 0.0302221216261, 0.0109587851912, 0.0183745976537, 0.0143005661666, 0.0234997496009, 0.0120536694303, 0.0119003774598, 0.0084090558812, 0.00698719546199, 0.00412298832089, 0.00217520771548, 0.00202170596458, 0.00134695821907, 0.000812392332591, 0.00045306107495, 0.000210410187719, 8.02260910859e-05, 2.10412727029e-05, 1.13228088594e-05, 1.83004412975e-05], "min": [9.03827658333e-14, 2.33803509322e-13, 3.16855293088e-13, 3.11488194179e-13, 4.43170917715e-13, 6.3066311071e-13, 5.08524971264e-13, 2.78528068665e-13, 1.27010164538e-12, 3.38017092615e-12, 1.85627316469e-12, 1.92807974447e-11, 6.62808072316e-11, 4.41951371333e-11, 1.27214861909e-11, 2.07581278555e-11, 3.07605087235e-11, 8.41119673911e-11, 5.71224942347e-11, 1.32667474229e-10, 1.83131149134e-10, 1.81248821507e-10, 1.39672551303e-10, 1.12232743932e-10, 1.25807697593e-10, 1.32239358352e-10, 1.71158615059e-10, 2.01327510219e-10, 2.2206113337e-10, 1.68997579819e-10, 1.11035666772e-10, 1.82397263959e-10, 1.73405359516e-10, 1.26053487093e-10, 9.90946769086e-11, 7.04400981988e-11, 3.47195744377e-11, 1.19564106879e-11, 3.24342267453e-12, 2.67682170917e-13], "var": [0.004987873137, 0.115741759539, 0.983548462391, 29.0910720825, 460.076629639, 5197.171875, 3309.45776367, 8688.34667969, 3264.92895508, 8286.77441406, 13306.5136719, 2073.42773438, 4807.31396484, 1083.75109863, 847.927978516, 526.159606934, 18.6460418701, 23.3929309845, 43.0862960815, 24.8071880341, 18.9929504395, 8.9452495575, 6.37763595581, 5.79942464828, 4.05925416946, 3.63114666939, 2.54246640205, 1.88024187088, 1.56861937046, 1.45686399937, 0.175565600395, 0.0621958374977, 0.141168773174, 0.00582420499995, 0.000825811817776, 9.15944838198e-05, 1.61289899552e-05, 2.81753773379e-06, 5.11053634966e-08, 4.93520502243e-10]}, "gfcc": {"mean": [-230.391525269, 145.86428833, -68.4552459717, -6.25230026245, -71.571975708, -29.9913749695, -49.5585021973, -29.4612979889, -29.1984100342, -9.40990161896, -8.96807575226, -2.69494915009, -0.677721619606], "cov": [[15951.3896484, 724.859436035, -614.99230957, 898.741027832, -219.185745239, 1012.65917969, 194.439590454, 376.289489746, 267.623138428, -88.6118850708, -1006.37365723, -485.561523438, -101.175506592], [724.859436035, 2633.65722656, 248.26651001, -1132.69824219, -182.571731567, -198.276687622, 224.420455933, -354.629638672, 305.829223633, -157.419586182, 168.969909668, -308.0362854, 144.397216797], [-614.99230957, 248.26651001, 1296.83361816, 934.907104492, 399.334320068, -175.571350098, -19.0083618164, -226.67427063, -469.920654297, -383.091156006, -148.313079834, -63.2784156799, -32.169719696], [898.741027832, -1132.69824219, 934.907104492, 2072.69628906, 696.640930176, 107.284675598, -107.379226685, 13.6437234879, -649.85760498, -381.348175049, -445.53918457, 41.3527030945, -138.516921997], [-219.185745239, -182.571731567, 399.334320068, 696.640930176, 616.05657959, 145.046020508, -3.54034519196, 7.54731655121, -247.494064331, -174.771209717, -210.699890137, -45.8081855774, -52.0438232422], [1012.65917969, -198.276687622, -175.571350098, 107.284675598, 145.046020508, 493.712463379, 191.124603271, 244.083694458, 8.00677967072, 20.1784553528, -147.008270264, -56.5640449524, -66.2504119873], [194.439590454, 224.420455933, -19.0083618164, -107.379226685, -3.54034519196, 191.124603271, 343.49508667, 176.284317017, 14.6829814911, -24.3166446686, -24.9057655334, 1.40403175354, -0.367685288191], [376.289489746, -354.629638672, -226.67427063, 13.6437234879, 7.54731655121, 244.083694458, 176.284317017, 442.08203125, 155.568328857, 109.454048157, -88.9831085205, 14.1948757172, -5.52176570892], [267.623138428, 305.829223633, -469.920654297, -649.85760498, -247.494064331, 8.00677967072, 14.6829814911, 155.568328857, 464.666503906, 247.479187012, 120.963279724, -60.7114067078, 33.1422271729], [-88.6118850708, -157.419586182, -383.091156006, -381.348175049, -174.771209717, 20.1784553528, -24.3166446686, 109.454048157, 247.479187012, 322.690490723, 177.377853394, 61.4915084839, -22.7424221039], [-1006.37365723, 168.969909668, -148.313079834, -445.53918457, -210.699890137, -147.008270264, -24.9057655334, -88.9831085205, 120.963279724, 177.377853394, 345.788604736, 104.891746521, 21.3429718018], [-485.561523438, -308.0362854, -63.2784156799, 41.3527030945, -45.8081855774, -56.5640449524, 1.40403175354, 14.1948757172, -60.7114067078, 61.4915084839, 104.891746521, 235.122924805, 63.6049842834], [-101.175506592, 144.397216797, -32.169719696, -138.516921997, -52.0438232422, -66.2504119873, -0.367685288191, -5.52176570892, 33.1422271729, -22.7424221039, 21.3429718018, 63.6049842834, 174.388595581]], "icov": [[0.00016426613729, -0.000325565371895, 0.000207903474802, -0.000397809955757, 0.000465046585305, -0.000360341509804, 0.000212575672776, 1.86085417226e-05, 7.28171726223e-05, -0.000410122709582, 0.000576170976274, -8.64675239427e-05, -1.61236184795e-05], [-0.000325565371895, 0.00228624325246, -0.00120606366545, 0.00154440291226, -0.00134620757308, 0.00071561743971, -0.00214172946289, 0.00185170175973, -0.0020609642379, 0.00188259896822, -0.00139171024784, 0.00136185332667, -0.000842666719109], [0.000207903474802, -0.00120606366545, 0.00275067263283, -0.00161697692238, 0.000301125779515, 0.000632670125924, 0.000280631938949, -0.000839090847876, 0.00190265197307, -0.000224143135711, -0.000243498856435, 0.000793375074863, -3.83227325074e-06], [-0.000397809955757, 0.00154440291226, -0.00161697692238, 0.00320614618249, -0.0019747861661, 0.000840546679683, -0.000204192998353, -0.000103677441075, 0.00010729443602, 0.00153308094013, -7.41417679819e-05, -0.000542861002032, 0.000851640244946], [0.000465046585305, -0.00134620757308, 0.000301125779515, -0.0019747861661, 0.00453395210207, -0.00206937873736, 0.00135084486101, -0.000259068241576, 0.000900648417883, -0.00150725571439, 0.00204704841599, -0.000242109614192, -9.69095272012e-05], [-0.000360341509804, 0.00071561743971, 0.000632670125924, 0.000840546679683, -0.00206937873736, 0.00545006757602, -0.00245008501224, -0.00131062965374, 0.00126930675469, -0.000263957103016, -0.000333601259626, 0.00160974916071, 0.000567044713534], [0.000212575672776, -0.00214172946289, 0.000280631938949, -0.000204192998353, 0.00135084486101, -0.00245008501224, 0.00774952024221, -0.00440902914852, 0.00243681808934, 0.00069234444527, 0.000154450361151, -0.00242277048528, 0.00162732263561], [1.86085417226e-05, 0.00185170175973, -0.000839090847876, -0.000103677441075, -0.000259068241576, -0.00131062965374, -0.00440902914852, 0.00807025097311, -0.00498124351725, -0.000630926166195, 0.00190129980911, -0.0001610837935, -0.00139812438283], [7.28171726223e-05, -0.0020609642379, 0.00190265197307, 0.00010729443602, 0.000900648417883, 0.00126930675469, 0.00243681808934, -0.00498124351725, 0.0110453274101, -0.00565581955016, 0.000282385968603, 0.00326125998981, -0.0012773911003], [-0.000410122709582, 0.00188259896822, -0.000224143135711, 0.00153308094013, -0.00150725571439, -0.000263957103016, 0.00069234444527, -0.000630926166195, -0.00565581955016, 0.0129486406222, -0.00555311702192, -0.00223337835632, 0.00306874793023], [0.000576170976274, -0.00139171024784, -0.000243498856435, -7.41417679819e-05, 0.00204704841599, -0.000333601259626, 0.000154450361151, 0.00190129980911, 0.000282385968603, -0.00555311702192, 0.0105419941247, -0.0040193288587, 0.00132544361986], [-8.64675239427e-05, 0.00136185332667, 0.000793375074863, -0.000542861002032, -0.000242109614192, 0.00160974916071, -0.00242277048528, -0.0001610837935, 0.00326125998981, -0.00223337835632, -0.0040193288587, 0.0112246815115, -0.00544669898227], [-1.61236184795e-05, -0.000842666719109, -3.83227325074e-06, 0.000851640244946, -9.69095272012e-05, 0.000567044713534, 0.00162732263561, -0.00139812438283, -0.0012773911003, 0.00306874793023, 0.00132544361986, -0.00544669898227, 0.00971145462245]]}, "melbands": {"dmean": [9.85577353276e-05, 8.38136766106e-05, 0.00023906462593, 0.000385395134799, 0.000301091262372, 0.000144726014696, 7.38809903851e-05, 8.22207221063e-05, 4.55963199784e-05, 4.0442791942e-05, 3.64078769053e-05, 1.50885853145e-05, 1.21571265481e-05, 1.02232461359e-05, 1.99441956283e-06, 2.30602972806e-06, 2.34496928897e-06, 2.18007176045e-06, 1.99924829758e-06, 1.13929434065e-06, 9.84371922641e-07, 7.60023169732e-07, 6.0828409687e-07, 4.7983718332e-07, 4.4862855475e-07, 2.90343336928e-07, 3.34338523089e-07, 2.44827248252e-07, 2.22844874997e-07, 1.86330566976e-07, 1.80461782406e-07, 1.57918378818e-07, 1.51867212139e-07, 1.37663960231e-07, 6.38080877025e-08, 3.46514639205e-08, 3.05067580086e-08, 3.76530877588e-08, 1.84735444719e-08, 1.66363918197e-08], "dmean2": [0.000169749153429, 0.000133280205773, 0.000389245775295, 0.000523987750057, 0.000435104942881, 0.000177500551217, 9.23187981243e-05, 0.000100746037788, 5.67391616642e-05, 4.894203812e-05, 4.68060097774e-05, 2.18997356569e-05, 1.76014327735e-05, 1.3862934793e-05, 3.16599493999e-06, 3.7553591028e-06, 3.92539232053e-06, 3.49159586222e-06, 3.09700271828e-06, 1.73764794908e-06, 1.38777875236e-06, 1.16112823889e-06, 9.28139456846e-07, 7.51292532186e-07, 7.2447534194e-07, 4.28872453995e-07, 5.1810786772e-07, 3.59501768799e-07, 3.45612392039e-07, 2.70636007826e-07, 2.43137748157e-07, 2.43477217055e-07, 2.22826230356e-07, 2.26642669077e-07, 9.30042176606e-08, 5.22352721077e-08, 4.56387709846e-08, 5.89668296413e-08, 2.94396276246e-08, 2.72634608223e-08], "dvar": [3.39585454867e-07, 1.06641103059e-07, 3.90953374563e-07, 8.96871426903e-07, 4.96538405059e-07, 1.19337826732e-07, 3.40251098407e-08, 8.98054253184e-08, 5.26091099573e-08, 4.70204462033e-08, 3.7709778411e-08, 1.28409318734e-08, 4.97366503538e-09, 1.01000514618e-08, 4.38281216875e-11, 6.38166741673e-11, 6.92790963486e-11, 7.44844880218e-11, 7.1128311574e-11, 2.09332603335e-11, 1.44175513542e-11, 1.2170104334e-11, 8.15630635947e-12, 3.73589310529e-12, 5.68520664573e-12, 1.61068749484e-12, 3.29997769562e-12, 1.31896631204e-12, 1.29642661623e-12, 7.06422496454e-13, 4.12257549062e-13, 4.06498538172e-13, 5.77025731884e-13, 3.52496162684e-13, 7.44779875251e-14, 2.40597116747e-14, 2.78298248297e-14, 1.32832912963e-13, 5.44802443718e-15, 5.23083968379e-15], "dvar2": [8.09165328519e-07, 2.37280403326e-07, 9.8568955309e-07, 1.6488673964e-06, 1.08740869109e-06, 2.47476151571e-07, 5.66129507718e-08, 1.49760779777e-07, 8.69504006573e-08, 7.85709204365e-08, 6.30586285411e-08, 2.59801478109e-08, 1.03108162008e-08, 1.97875014152e-08, 1.0909559367e-10, 1.62758043154e-10, 1.8249361744e-10, 1.95397240055e-10, 1.74994005397e-10, 4.83942573515e-11, 2.7918679521e-11, 2.73915560373e-11, 1.93460126391e-11, 8.77528778809e-12, 1.44594535997e-11, 3.45316462057e-12, 8.21294681569e-12, 2.67009027735e-12, 3.01300932988e-12, 1.46855151737e-12, 7.13024420323e-13, 7.63375311314e-13, 1.31286800008e-12, 8.7857119583e-13, 1.583882629e-13, 5.32903087706e-14, 5.2395655631e-14, 2.42682772749e-13, 1.21730518393e-14, 1.33480915191e-14], "max": [0.00699761789292, 0.00451338570565, 0.00984384678304, 0.0246361438185, 0.0200623497367, 0.0143100665882, 0.00796194095165, 0.0108351353556, 0.00822468847036, 0.00528354663402, 0.00457737129182, 0.0038534400519, 0.002501784591, 0.00336851505563, 0.000119077514682, 0.000117437673907, 9.093835979e-05, 0.000142271514051, 0.000112867186544, 0.000113864334708, 6.83045727783e-05, 4.397419616e-05, 3.44659601978e-05, 2.36565647356e-05, 2.92547392746e-05, 1.83462998393e-05, 3.29310751113e-05, 1.84362834261e-05, 1.4655835912e-05, 1.15801531138e-05, 8.42988265504e-06, 7.16239719623e-06, 1.07028017737e-05, 6.64994331601e-06, 4.4657572289e-06, 2.989784889e-06, 4.50253901363e-06, 1.09135271487e-05, 1.62500066381e-06, 1.71986778241e-06], "mean": [8.88708382263e-05, 0.000145386031363, 0.000746949168388, 0.00163973402232, 0.00122108974028, 0.0010421492625, 0.000431531545473, 0.000419246585807, 0.00018038492999, 8.26690375106e-05, 8.24915987323e-05, 2.77816980088e-05, 1.65495239344e-05, 1.42768831211e-05, 2.52181439464e-06, 3.51786707142e-06, 3.14541580337e-06, 2.62937692241e-06, 1.92681591216e-06, 1.18887498957e-06, 1.25974588627e-06, 6.19620948328e-07, 5.10519782893e-07, 3.88632145132e-07, 3.47362089315e-07, 2.62203997181e-07, 2.76928972198e-07, 2.20466645828e-07, 1.92983407032e-07, 1.76534399543e-07, 2.13493507317e-07, 1.64845729955e-07, 1.41046641033e-07, 1.28767524643e-07, 6.22341289613e-08, 3.43686537008e-08, 3.19704263063e-08, 4.12316474296e-08, 1.84670518877e-08, 1.45172744936e-08], "median": [1.35941445478e-06, 7.48533784645e-06, 9.08235524548e-05, 0.000501954345964, 0.000449024315458, 0.000150413499796, 6.01275387453e-05, 3.55841007149e-06, 1.68206111084e-06, 1.26271459067e-06, 8.90202954906e-07, 5.546534112e-07, 7.21568312656e-07, 1.36767710046e-07, 6.23427993673e-08, 1.1647389897e-07, 8.27738517728e-08, 2.74610378881e-08, 2.33659704918e-08, 1.65051634582e-08, 3.64541499209e-08, 8.38644886869e-09, 1.00540233916e-08, 1.7491643689e-08, 1.00858272845e-08, 1.62277622451e-08, 1.48669556665e-08, 4.96415797357e-09, 7.58355156449e-09, 5.67368330096e-09, 4.14515266556e-09, 3.9492400461e-09, 3.0770754833e-09, 1.55440660343e-09, 1.1212323292e-09, 1.13827947068e-09, 1.17934417787e-09, 8.23786816539e-10, 7.86037013256e-10, 5.61564461599e-10], "min": [7.69708527109e-16, 2.13120901067e-16, 5.81793447198e-17, 3.99269692291e-17, 2.04729153753e-17, 6.42550715186e-18, 2.27214867565e-17, 3.45604265556e-17, 1.33765477895e-17, 1.50050298419e-16, 3.41756009588e-16, 1.92089708262e-16, 5.7860211822e-17, 2.71292890497e-17, 7.60180438774e-17, 8.23547502954e-17, 1.59122153633e-16, 6.26145812852e-17, 1.81313530114e-16, 1.2447739436e-16, 2.5030951204e-16, 1.97854627736e-16, 1.42253479254e-16, 1.28117319927e-16, 8.67890140964e-17, 4.93782389552e-17, 1.59242538191e-16, 6.28831833737e-17, 8.29193970164e-17, 1.47119551187e-16, 9.79443586024e-17, 1.20139778342e-16, 1.26076632269e-16, 8.19536934297e-17, 7.07629389761e-17, 4.50119892529e-17, 1.45130850176e-16, 1.10250781179e-16, 1.14294986308e-16, 9.84148986395e-17], "var": [3.12662564284e-07, 2.00555746233e-07, 1.91095750779e-06, 1.09573356895e-05, 3.69523763766e-06, 3.63736035069e-06, 7.02959368937e-07, 1.21615107673e-06, 5.86577868944e-07, 1.4689193506e-07, 1.27768004177e-07, 2.31288996844e-08, 1.06577813241e-08, 1.9427320197e-08, 6.36815530863e-11, 8.56831619545e-11, 8.13627776264e-11, 1.21634313732e-10, 6.77472661303e-11, 2.69486915422e-11, 2.74376060067e-11, 1.16392234392e-11, 7.40496899909e-12, 3.48552675437e-12, 4.37969409003e-12, 1.71949520594e-12, 2.70614628796e-12, 1.44697914675e-12, 1.18883353682e-12, 8.06181293597e-13, 6.88171091293e-13, 5.53819414374e-13, 5.81751118632e-13, 3.63564457402e-13, 8.64488331181e-14, 2.57828307993e-14, 3.74270249124e-14, 1.80852430471e-13, 7.04858890574e-15, 4.67259669067e-15]}, "mfcc": {"mean": [-887.543701172, 171.851577759, 43.8670272827, 19.1755218506, -8.25026035309, -9.37421321869, -18.4664573669, -24.6668777466, -22.0348072052, -19.7543010712, -16.9849624634, -15.8509197235, -6.91322517395], "cov": [[8877.75585938, 1447.53027344, -720.844055176, -418.877532959, -369.852630615, 325.634002686, -11.2229671478, 287.835113525, 413.599578857, 351.960479736, 342.386077881, 59.4017066956, -53.6427001953], [1447.53027344, 2803.05029297, 597.347167969, -706.269165039, -415.183166504, -106.182579041, -109.727577209, -170.789031982, -20.3618412018, 131.257369995, 42.4457588196, -7.37350463867, 5.03087759018], [-720.844055176, 597.347167969, 746.147399902, 438.447784424, 147.594573975, 40.4238700867, 130.22833252, -18.1435508728, -174.02897644, -150.809082031, -194.589706421, -216.57749939, -152.919876099], [-418.877532959, -706.269165039, 438.447784424, 1612.69677734, 815.042602539, 338.588745117, 451.880615234, 308.56930542, -40.8397445679, -243.155731201, -289.98046875, -386.499664307, -335.673309326], [-369.852630615, -415.183166504, 147.594573975, 815.042602539, 631.922180176, 279.469970703, 248.228637695, 153.998886108, 39.3466072083, -94.4843673706, -148.879180908, -153.435409546, -178.177505493], [325.634002686, -106.182579041, 40.4238700867, 338.588745117, 279.469970703, 291.543457031, 236.390975952, 153.150619507, 43.9500083923, -43.1705284119, -55.9739074707, -96.2807617188, -96.6361541748], [-11.2229671478, -109.727577209, 130.22833252, 451.880615234, 248.228637695, 236.390975952, 395.312713623, 276.66708374, 86.0892333984, -28.5533390045, -89.1411819458, -160.302947998, -150.615539551], [287.835113525, -170.789031982, -18.1435508728, 308.56930542, 153.998886108, 153.150619507, 276.66708374, 351.839691162, 209.907470703, 75.1462097168, -17.2012882233, -98.8387145996, -97.5338592529], [413.599578857, -20.3618412018, -174.02897644, -40.8397445679, 39.3466072083, 43.9500083923, 86.0892333984, 209.907470703, 346.047668457, 203.71043396, 110.148475647, 53.1393890381, -58.1276664734], [351.960479736, 131.257369995, -150.809082031, -243.155731201, -94.4843673706, -43.1705284119, -28.5533390045, 75.1462097168, 203.71043396, 305.788848877, 200.118789673, 140.427810669, 25.955575943], [342.386077881, 42.4457588196, -194.589706421, -289.98046875, -148.879180908, -55.9739074707, -89.1411819458, -17.2012882233, 110.148475647, 200.118789673, 290.327026367, 238.622406006, 98.0698699951], [59.4017066956, -7.37350463867, -216.57749939, -386.499664307, -153.435409546, -96.2807617188, -160.302947998, -98.8387145996, 53.1393890381, 140.427810669, 238.622406006, 418.5519104, 200.449554443], [-53.6427001953, 5.03087759018, -152.919876099, -335.673309326, -178.177505493, -96.6361541748, -150.615539551, -97.5338592529, -58.1276664734, 25.955575943, 98.0698699951, 200.449554443, 332.747497559]], "icov": [[0.000270397198619, -0.000320620456478, 0.000638311379589, -0.00054994947277, 0.000774892338086, -0.000982096535154, 0.000638122262899, -0.000221215435886, 1.31383221742e-05, -0.000121048658912, 5.48659772903e-05, -4.05635364586e-05, 0.000160717303515], [-0.000320620456478, 0.00113607151434, -0.00180563284084, 0.00116262584925, -0.000684282800648, 0.000624138861895, -0.000713331100997, 0.000599220395088, -0.000481376919197, -0.000129982508952, -9.5721668913e-05, 0.000245827890467, -0.000252050493145], [0.000638311379589, -0.00180563284084, 0.00515553215519, -0.00268135312945, 0.00204849569127, -0.00116533867549, 0.000377887074137, 1.58596576512e-05, 0.00146873446647, -0.000674759037793, 0.00109349400736, -0.00031708687311, 0.000906701898202], [-0.00054994947277, 0.00116262584925, -0.00268135312945, 0.00508642941713, -0.00591825414449, 0.00388745008968, -0.00167255732231, -0.00228203041479, 0.00142062222585, 0.00178831641097, -0.00200925394893, 0.00116135121789, 0.000327852962073], [0.000774892338086, -0.000684282800648, 0.00204849569127, -0.00591825414449, 0.0111526204273, -0.00864748191088, 0.00256857112981, 0.00312334881164, -0.00279098330066, -0.00239890580997, 0.00382794882171, -0.00190373312216, 0.000363274972187], [-0.000982096535154, 0.000624138861895, -0.00116533867549, 0.00388745008968, -0.00864748191088, 0.0149139426649, -0.00746607873589, -0.000589568866417, 0.0014859669609, 0.00271749892272, -0.00301547325216, 0.00122650025878, -0.000435664551333], [0.000638122262899, -0.000713331100997, 0.000377887074137, -0.00167255732231, 0.00256857112981, -0.00746607873589, 0.0126806916669, -0.00790142361075, 0.00175528274849, -0.000105136627099, 0.000502844806761, -0.000535106577445, 0.00171992729884], [-0.000221215435886, 0.000599220395088, 1.58596576512e-05, -0.00228203041479, 0.00312334881164, -0.000589568866417, -0.00790142361075, 0.0149973193184, -0.00737980520353, -0.00200537685305, 0.001915267203, 0.00113458931446, -0.00239955121651], [1.31383221742e-05, -0.000481376919197, 0.00146873446647, 0.00142062222585, -0.00279098330066, 0.0014859669609, 0.00175528274849, -0.00737980520353, 0.0104056345299, -0.00298763345927, -0.000623974308837, -0.000805444200523, 0.00240583275445], [-0.000121048658912, -0.000129982508952, -0.000674759037793, 0.00178831641097, -0.00239890580997, 0.00271749892272, -0.000105136627099, -0.00200537685305, -0.00298763345927, 0.0102338828146, -0.00602960167453, 0.000770137354266, 0.000338619778631], [5.48659772903e-05, -9.5721668913e-05, 0.00109349400736, -0.00200925394893, 0.00382794882171, -0.00301547325216, 0.000502844806761, 0.001915267203, -0.000623974308837, -0.00602960167453, 0.0120362183079, -0.00476952688769, 0.000136048794957], [-4.05635364586e-05, 0.000245827890467, -0.00031708687311, 0.00116135121789, -0.00190373312216, 0.00122650025878, -0.000535106577445, 0.00113458931446, -0.000805444200523, 0.000770137354266, -0.00476952688769, 0.00664625875652, -0.00235608150251], [0.000160717303515, -0.000252050493145, 0.000906701898202, 0.000327852962073, 0.000363274972187, -0.000435664551333, 0.00171992729884, -0.00239955121651, 0.00240583275445, 0.000338619778631, 0.000136048794957, -0.00235608150251, 0.00569867528975]]}, "spectral_contrast_coeffs": {"dmean": [0.0432717241347, 0.0413365215063, 0.0370367392898, 0.0236293636262, 0.0158361718059, 0.0253378916532], "dmean2": [0.0707802921534, 0.0644149035215, 0.0564372837543, 0.0378490388393, 0.0254092756659, 0.0415012538433], "dvar": [0.00170488865115, 0.00192751758732, 0.00152062531561, 0.000549448654056, 0.000203873336432, 0.000851842865814], "dvar2": [0.0038940559607, 0.00396900763735, 0.00310432328843, 0.00124412553851, 0.000540635257494, 0.00222501833923], "max": [-0.160686954856, -0.265862554312, -0.366479873657, -0.524983048439, -0.666024327278, -0.573172092438], "mean": [-0.487635046244, -0.56244635582, -0.745750069618, -0.802230417728, -0.832212030888, -0.810135424137], "median": [-0.461273014545, -0.55695015192, -0.762169182301, -0.828826189041, -0.839478611946, -0.816369533539], "min": [-0.966828405857, -0.957494258881, -0.935125887394, -0.944373786449, -0.952128171921, -0.945508301258], "var": [0.0235504843295, 0.0218764860183, 0.0144946724176, 0.00620190426707, 0.00122047611512, 0.00237206462771]}, "spectral_contrast_valleys": {"dmean": [0.483343392611, 0.509956121445, 0.541294813156, 0.499164551497, 0.371805518866, 0.537902653217], "dmean2": [0.803374171257, 0.767803311348, 0.750151336193, 0.697803854942, 0.512307465076, 0.827220261097], "dvar": [0.233841896057, 0.426438480616, 0.509962022305, 0.479296118021, 