{"lowlevel": {"average_loudness": 0.875667870045, "barkbands_crest": {"dmean": 3.53246927261, "dmean2": 5.79194355011, "dvar": 10.448307991, "dvar2": 23.6840324402, "max": 26.8122158051, "mean": 12.1110696793, "median": 11.236700058, "min": 2.06572341919, "var": 34.4464149475}, "barkbands_flatness_db": {"dmean": 0.0417175851762, "dmean2": 0.0621851161122, "dvar": 0.00180002907291, "dvar2": 0.00357592105865, "max": 0.831679522991, "mean": 0.156476855278, "median": 0.137026697397, "min": 0.0110692493618, "var": 0.00772458733991}, "barkbands_kurtosis": {"dmean": 15.7336072922, "dmean2": 23.9556808472, "dvar": 2311.89111328, "dvar2": 5174.26513672, "max": 1299.39355469, "mean": 19.3649349213, "median": 2.57311940193, "min": -1.93738377094, "var": 4065.45996094}, "barkbands_skewness": {"dmean": 1.29103934765, "dmean2": 1.89532876015, "dvar": 2.71169185638, "dvar2": 5.58634328842, "max": 30.0839138031, "mean": 2.17206025124, "median": 1.5203962326, "min": -7.42920827866, "var": 10.0135469437}, "barkbands_spread": {"dmean": 11.1419820786, "dmean2": 17.2752761841, "dvar": 169.630599976, "dvar2": 371.299407959, "max": 114.195808411, "mean": 27.6059398651, "median": 21.0186882019, "min": 0.0531809478998, "var": 530.377380371}, "dissonance": {"dmean": 0.018023096025, "dmean2": 0.0301299244165, "dvar": 0.00073481479194, "dvar2": 0.00191062106751, "max": 0.500000059605, "mean": 0.470914006233, "median": 0.482092142105, "min": 0.00170133518986, "var": 0.00127284659538}, "dynamic_complexity": 4.83667039871, "erbbands_crest": {"dmean": 2.99416065216, "dmean2": 4.89752864838, "dvar": 10.1741657257, "dvar2": 24.8642692566, "max": 33.9291000366, "mean": 8.76569461823, "median": 7.18742847443, "min": 2.11747288704, "var": 27.6266002655}, "erbbands_flatness_db": {"dmean": 0.0270984508097, "dmean2": 0.0398343615234, "dvar": 0.000964887207374, "dvar2": 0.00203215377405, "max": 0.609182417393, "mean": 0.14898981154, "median": 0.12450414896, "min": 0.0412764586508, "var": 0.00596210127696}, "erbbands_kurtosis": {"dmean": 2.24534583092, "dmean2": 3.53319787979, "dvar": 47.5590820312, "dvar2": 101.208786011, "max": 233.961380005, "mean": 1.73660492897, "median": 0.113052129745, "min": -1.9251229763, "var": 74.9188232422}, "erbbands_skewness": {"dmean": 0.588459551334, "dmean2": 0.891616404057, "dvar": 0.493900418282, "dvar2": 1.02882575989, "max": 11.8570051193, "mean": -0.120074428618, "median": -0.245407372713, "min": -6.55484867096, "var": 1.47701954842}, "erbbands_spread": {"dmean": 14.4151239395, "dmean2": 22.4024715424, "dvar": 219.932418823, "dvar2": 512.589782715, "max": 175.409515381, "mean": 48.2631454468, "median": 44.5741653442, "min": 0.277909010649, "var": 909.500793457}, "hfc": {"dmean": 18.6562747955, "dmean2": 27.098033905, "dvar": 1053.4486084, "dvar2": 2115.86132812, "max": 363.334838867, "mean": 30.6208877563, "median": 14.8547058105, "min": 1.19357993401e-16, "var": 1850.01281738}, "melbands_crest": {"dmean": 4.318795681, "dmean2": 6.79129552841, "dvar": 15.6249742508, "dvar2": 36.4410324097, "max": 39.6694717407, "mean": 17.1762218475, "median": 16.6489830017, "min": 2.2827091217, "var": 57.6394538879}, "melbands_flatness_db": {"dmean": 0.0479381158948, "dmean2": 0.070111207664, "dvar": 0.00243249069899, "dvar2": 0.0046477667056, "max": 0.998806297779, "mean": 0.217832416296, "median": 0.207361102104, "min": 0.00507992738858, "var": 0.0131448283792}, "melbands_kurtosis": {"dmean": 31.3520202637, "dmean2": 47.0842704773, "dvar": 4505.98193359, "dvar2": 8563.19824219, "max": 1788.74694824, "mean": 47.4864234924, "median": 13.2878141403, "min": -1.78367996216, "var": 10895.8535156}, "melbands_skewness": {"dmean": 1.64836657047, "dmean2": 2.44342756271, "dvar": 3.58068585396, "dvar2": 7.43189334869, "max": 36.6152000427, "mean": 4.08099746704, "median": 3.34497404099, "min": -6.12784147263, "var": 15.6033391953}, "melbands_spread": {"dmean": 13.8972654343, "dmean2": 21.5777893066, "dvar": 384.814910889, "dvar2": 792.840454102, "max": 230.730514526, "mean": 31.5444507599, "median": 19.5884170532, "min": 0.0821942985058, "var": 1323.37255859}, "pitch_salience": {"dmean": 0.104278869927, "dmean2": 0.163610100746, "dvar": 0.00992255937308, "dvar2": 0.0231684725732, "max": 0.9700974226, "mean": 0.515288174152, "median": 0.534768104553, "min": 0.0215078033507, "var": 0.0306625310332}, "silence_rate_20dB": {"dmean": 0, "dmean2": 0, "dvar": 0, "dvar2": 0, "max": 1, "mean": 1, "median": 1, "min": 1, "var": 0}, "silence_rate_30dB": {"dmean": 0.083555214107, "dmean2": 0.167118519545, "dvar": 0.0765610411763, "dvar2": 0.168506145477, "max": 1, "mean": 0.91427052021, "median": 1, "min": 0, "var": 0.0783683508635}, "silence_rate_60dB": {"dmean": 0.061383549124, "dmean2": 0.122773043811, "dvar": 0.0576268807054, "dvar2": 0.126478478312, "max": 1, "mean": 0.167005524039, "median": 0, "min": 0, "var": 0.139066904783}, "spectral_centroid": {"dmean": 434.447845459, "dmean2": 662.57409668, "dvar": 264453.125, "dvar2": 522656.46875, "max": 10757.1210938, "mean": 1832.92614746, "median": 1620.89648438, "min": 50.8314933777, "var": 1253696.125}, "spectral_complexity": {"dmean": 6.18018102646, "dmean2": 8.93328857422, "dvar": 55.3975524902, "dvar2": 114.657302856, "max": 64, "mean": 14.6899023056, "median": 12, "min": 0, "var": 149.648834229}, "spectral_decrease": {"dmean": 5.12482056791e-09, "dmean2": 7.547353853e-09, "dvar": 6.0468960803e-17, "dvar2": 1.31105969803e-16, "max": 3.36592715945e-20, "mean": -9.52977607938e-09, "median": -5.08122610654e-09, "min": -9.06951953539e-08, "var": 1.3402587766e-16}, "spectral_energy": {"dmean": 0.0204710662365, "dmean2": 0.0300481598824, "dvar": 0.000892269832548, "dvar2": 0.00192279007751, "max": 0.345189034939, "mean": 0.0387449488044, "median": 0.022568821907, "min": 1.10016103913e-20, "var": 0.00201107398607}, "spectral_energyband_high": {"dmean": 0.00193139945623, "dmean2": 0.00286163785495, "dvar": 1.56283658725e-05, "dvar2": 2.97945080092e-05, "max": 0.041671115905, "mean": 0.00271160411648, "median": 0.000740933115594, "min": 7.76931813721e-21, "var": 2.66877796093e-05}, "spectral_energyband_low": {"dmean": 0.0166485253721, "dmean2": 0.0249672904611, "dvar": 0.000848485389724, "dvar2": 0.00191582809202, "max": 0.338646441698, "mean": 0.0264120399952, "median": 0.00754266558215, "min": 1.4394298237e-22, "var": 0.00156825990416}, "spectral_energyband_middle_high": {"dmean": 0.00200079614297, "dmean2": 0.00297550065443, "dvar": 1.05507679109e-05, "dvar2": 2.3208283892e-05, "max": 0.0425858274102, "mean": 0.00377707695588, "median": 0.00167573802173, "min": 1.75384867691e-21, "var": 2.81156844721e-05}, "spectral_energyband_middle_low": {"dmean": 0.00565618649125, "dmean2": 0.00897690653801, "dvar": 0.000113067530037, "dvar2": 0.000276642502286, "max": 0.114004611969, "mean": 0.00734990648925, "median": 0.0031250170432, "min": 3.88422134547e-22, "var": 0.000129491963889}, "spectral_entropy": {"dmean": 0.242144227028, "dmean2": 0.35898244381, "dvar": 0.103427425027, "dvar2": 0.199845761061, "max": 9.79446315765, "mean": 7.79460668564, "median": 8.00604343414, "min": 3.48510098457, "var": 0.437168061733}, "spectral_flux": {"dmean": 0.0390251688659, "dmean2": 0.0583886727691, "dvar": 0.00202853814699, "dvar2": 0.00400519371033, "max": 0.448647290468, "mean": 0.105796903372, "median": 0.0896136760712, "min": 1.04888563113e-10, "var": 0.00582523271441}, "spectral_kurtosis": {"dmean": 2.16753768921, "dmean2": 3.54192042351, "dvar": 24.1806735992, "dvar2": 57.1266288757, "max": 215.421783447, "mean": 4.5351433754, "median": 2.19396567345, "min": -1.21498024464, "var": 57.0653991699}, "spectral_rms": {"dmean": 0.00147651496809, "dmean2": 0.00211162283085, "dvar": 2.64549612439e-06, "dvar2": 5.43700616618e-06, "max": 0.0183512885123, "mean": 0.00513292383403, "median": 0.00469237286597, "min": 3.27616818223e-12, "var": 1.14529138955e-05}, "spectral_rolloff": {"dmean": 990.383483887, "dmean2": 1637.04089355, "dvar": 2401595, "dvar2": 5089961.5, "max": 20004.3457031, "mean": 2425.84472656, "median": 1248.92578125, "min": 21.533203125, "var": 8337529}, "spectral_skewness": {"dmean": 0.282790750265, "dmean2": 0.450911909342, "dvar": 0.17459256947, "dvar2": 0.405103236437, "max": 13.3764400482, "mean": 1.41428077221, "median": 1.20247817039, "min": -0.0277632828802, "var": 0.630785107613}, "spectral_spread": {"dmean": 874373.4375, "dmean2": 1334753.125, "dvar": 974179532800, "dvar2": 2145540505600.0, "max": 40218820, "mean": 5648629, "median": 5729899, "min": 546453.375, "var": 4121621430270.0}, "spectral_strongpeak": {"dmean": 0.488919377327, "dmean2": 0.83188778162, "dvar": 1.395809412, "dvar2": 3.48787546158, "max": 17.2177238464, "mean": 0.678469896317, "median": 0.364361107349, "min": 0, "var": 1.62328231335}, "zerocrossingrate": {"dmean": 0.0194362029433, "dmean2": 0.0216909535229, "dvar": 0.000510255398694, "dvar2": 0.000557665422093, "max": 0.50341796875, "mean": 0.0877281278372, "median": 0.0615234375, "min": 0.0009765625, "var": 0.00556261930615}, "barkbands": {"dmean": [0.00140804355033, 0.0132263619453, 0.00435456680134, 0.00251399236731, 0.00211992603727, 0.00091932003852, 0.000407553598052, 0.000360442791134, 0.000460326031316, 0.000357376091415, 0.000302293658024, 0.0003106246877, 0.000400501623517, 0.000260450295173, 0.000389752472984, 0.000203244213481, 0.000236187988776, 0.000156626992975, 0.000214136904106, 0.00027706543915, 0.00036905426532, 0.000478836620459, 0.000381213409128, 0.000289593095658, 0.000249849719694, 0.00015111079847, 2.52704903687e-05], "dmean2": [0.00199244776741, 0.0214185062796, 0.00727691920474, 0.00419791275635, 0.00360518810339, 0.0014444377739, 0.000698570744134, 0.000592814350966, 0.000728667364456, 0.000558491621632, 0.000486975593958, 0.000503029499669, 0.000650025845971, 0.000415729708038, 0.00061015895335, 0.000326404871885, 0.000378093973268, 0.000256670376984, 0.000347700115526, 0.000457069574622, 0.00057785277022, 0.000749263097532, 0.000579975836445, 0.000430997548392, 0.000376148120267, 0.000233164158999, 3.95004935854e-05], "dvar": [5.97379039391e-06, 0.000646700500511, 8.04242445156e-05, 3.32201452693e-05, 2.42800961132e-05, 4.59819830212e-06, 9.52092193529e-07, 1.58080081292e-06, 2.3593656806e-06, 7.99679924057e-07, 9.55370978772e-07, 9.01922305729e-07, 9.70902192421e-07, 4.04386838682e-07, 1.15324394301e-06, 2.16806384401e-07, 2.32892404028e-07, 9.16842282095e-08, 1.79639101816e-07, 2.5777686119e-07, 6.14031705481e-07, 1.16292221719e-06, 6.71264160701e-07, 3.636567385e-07, 2.44675362637e-07, 7.84732776538e-08, 3.15646331295e-09], "dvar2": [1.2585613149e-05, 0.00162686943077, 0.00019820126181, 8.32586083561e-05, 6.47645647405e-05, 1.0663181456e-05, 2.62016283159e-06, 3.29011913891e-06, 5.16230693393e-06, 1.87850776001e-06, 2.43192630478e-06, 2.14485294237e-06, 2.3713189421e-06, 9.2393702289e-07, 2.45793671638e-06, 4.75581572346e-07, 5.47638478565e-07, 2.36092660089e-07, 4.41642043825e-07, 6.49812761822e-07, 1.23757058645e-06, 2.34074423133e-06, 1.36014875807e-06, 6.80350410676e-07, 4.78974527596e-07, 1.81397624033e-07, 7.42428962752e-09], "max": [0.0245505981147, 0.262278228998, 0.0833460390568, 0.0777861773968, 0.0542889684439, 0.0382956713438, 0.0129657275975, 0.038962688297, 0.0442968718708, 0.0153052080423, 0.0252038761973, 0.0251903310418, 0.0231651701033, 0.0162137933075, 0.0156455393881, 0.0108675453812, 0.00718730641529, 0.00337764737196, 0.0042435452342, 0.00503006251529, 0.00978812854737, 0.0125893875957, 0.00956044346094, 0.00701693817973, 0.00550646660849, 0.00229731551372, 0.000652290822472], "mean": [0.00189154106192, 0.0182346068323, 0.00490082195029, 0.00268864585087, 0.00206957058981, 0.00104811578058, 0.000382363272365, 0.000377063523047, 0.000567953160498, 0.000473705644254, 0.000348835979821, 0.000398811534978, 0.000502519309521, 0.00034567451803, 0.000476647517644, 0.000274392834399, 0.000332920026267, 0.000215081527131, 0.000301158375805, 0.000361019192496, 0.000495406216942, 0.0006798793911, 0.000477276364109, 0.000402019184548, 0.000318837875966, 0.000156031936058, 2.37820477196e-05], "median": [0.000430857297033, 0.00315514393151, 0.000925212865695, 0.000333027390298, 0.000443632248789, 0.000195112312213, 6.78101932863e-05, 4.76602108392e-05, 7.69946054788e-05, 0.000106861167296, 8.44086462166e-05, 7.68599711591e-05, 0.000129335399834, 9.93825233309e-05, 9.06216591829e-05, 7.53213244025e-05, 9.49974128162e-05, 8.22900037747e-05, 9.90733678918e-05, 0.000124321697513, 0.00014315120643, 0.000158534763614, 0.000108547945274, 8.4384024376e-05, 5.70690244786e-05, 2.74532194453e-05, 1.38669554417e-06], "min": [1.70910048053e-24, 4.85596456854e-23, 7.97237850728e-23, 2.16406839511e-23, 4.5612322504e-23, 4.47320357753e-23, 6.4409445304e-23, 3.80155667432e-23, 1.12160445453e-22, 9.60477027172e-23, 4.94028622625e-23, 1.00415606617e-22, 1.22274349077e-22, 1.93756796988e-22, 9.02285534984e-23, 1.86150271974e-22, 1.3595722352e-22, 1.34374793787e-22, 3.85349186844e-22, 4.56557350973e-22, 5.06870419881e-22, 5.34639030564e-22, 6.06232461738e-22, 7.97300580947e-22, 1.12812400494e-21, 1.87842094625e-21, 2.29827649944e-21], "var": [9.09513437364e-06, 0.000934153562412, 9.04203188838e-05, 3.09500901494e-05, 2.11399965337e-05, 5.9437593336e-06, 7.78185437866e-07, 2.29577813116e-06, 4.11649580201e-06, 1.14542865504e-06, 1.23873769553e-06, 1.70991472714e-06, 1.53385860813e-06, 6.45419675038e-07, 1.75588866114e-06, 4.26921872076e-07, 4.60618934994e-07, 1.17458384352e-07, 3.12057295559e-07, 3.44463245483e-07, 9.52050072556e-07, 2.00209274226e-06, 9.30995724957e-07, 6.42685904495e-07, 4.13998577642e-07, 9.1879563513e-08, 3.27458482552e-09]}, "erbbands": {"dmean": [0.488046526909, 2.76173377037, 4.40704107285, 6.91738939285, 7.07234382629, 7.78338909149, 6.17134952545, 7.67461013794, 6.24151086807, 7.43905591965, 7.63051271439, 10.6951265335, 11.8611803055, 9.56503105164, 13.2883644104, 12.8938369751, 17.7274341583, 13.6575813293, 13.7977876663, 20.7530059814, 11.3621301651, 12.8048000336, 8.52797985077, 7.58989095688, 14.1270923615, 12.1684122086, 13.0125141144, 15.4818935394, 17.4883460999, 15.1019706726, 9.96283912659, 6.83031702042, 4.4022269249, 2.86066937447, 1.86688625813, 0.845000505447, 0.238926932216, 0.043425835669, 0.00463443761691, 0.000166843281477], "dmean2": [0.765425264835, 4.5382900238, 7.19319057465, 11.3352251053, 12.0413312912, 13.4974708557, 10.034122467, 12.2006149292, 10.3377494812, 12.5177307129, 12.1897296906, 16.8157653809, 18.8375358582, 15.104514122, 21.7262401581, 20.7223834991, 28.8497924805, 21.6122322083, 21.5008277893, 32.2320861816, 18.0272979736, 20.535074234, 13.8100442886, 12.410410881, 22.751958847, 19.7081432343, 20.4788913727, 24.5713119507, 27.4356536865, 23.4522285461, 15.1061582565, 10.1601085663, 6.42008018494, 4.21839809418, 2.83232784271, 1.33174395561, 0.365447163582, 0.0666509866714, 0.0072880173102, 0.000262282788754], "dvar": [0.947415649891, 26.8659934998, 77.6982040405, 235.301574707, 262.908081055, 379.887542725, 230.973861694, 370.107940674, 216.287124634, 334.708587646, 952.756713867, 1180.32336426, 1243.20849609, 376.859405518, 2682.7956543, 1139.49816895, 1573.98266602, 999.562194824, 1307.29736328, 4343.53662109, 635.540466309, 697.535888672, 271.535644531, 235.404006958, 865.610107422, 489.647338867, 648.254394531, 1196.7355957, 1629.04077148, 1175.33618164, 443.773162842, 196.938354492, 81.6120376587, 34.1367759705, 14.5582551956, 2.41902017593, 0.21010671556, 0.00829055346549, 0.000113191985292, 1.18691296791e-07], "dvar2": [2.32325911522, 69.9023666382, 181.380615234, 590.301391602, 675.897888184, 1035.82556152, 562.684570312, 872.547363281, 568.119140625, 889.50994873, 1841.05944824, 2653.91430664, 3064.26171875, 811.7265625, 7287.81396484, 2648.39135742, 3834.35400391, 2409.43945312, 2909.70361328, 9077.81933594, 1511.07836914, 1667.18884277, 686.672729492, 588.459411621, 2090.20751953, 1210.44873047, 1475.6192627, 2357.11083984, 3306.47900391, 2494.51025391, 911.386352539, 377.082122803, 158.816223145, 60.2676582336, 32.0597457886, 5.52575540543, 0.489305227995, 0.0189038496464, 0.000268455449259, 2.91959878496e-07], "max": [10.369184494, 51.1838531494, 82.9548110962, 176.337310791, 167.065811157, 282.772338867, 312.33013916, 427.696258545, 243.982666016, 368.114532471, 1064.20654297, 1143.41320801, 835.542907715, 437.314727783, 1349.62548828, 708.788208008, 595.969238281, 743.957580566, 799.65234375, 1222.93359375, 583.434387207, 424.656860352, 186.214447021, 179.974868774, 352.546905518, 228.329818726, 376.384368896, 423.548065186, 517.96081543, 457.118225098, 255.979003906, 177.688217163, 120.03087616, 73.8118591309, 47.9752388, 14.0938739777, 3.69717550278, 0.897605359554, 0.11921685189, 0.00406181626022], "mean": [0.628652215004, 3.65464568138, 5.79283046722, 8.59823036194, 6.91730451584, 7.19335746765, 7.0455288887, 8.46397304535, 6.21729946136, 7.6430311203, 8.29925632477, 13.4845991135, 15.4612436295, 12.6746559143, 15.8505029678, 18.412946701, 22.7092113495, 19.467130661, 19.525680542, 25.1461410522, 15.9989805222, 18.4944934845, 11.9959774017, 10.3741989136, 20.9183559418, 16.2942085266, 16.6693706512, 21.5961360931, 24.7715816498, 19.1353645325, 12.5469808578, 9.45741081238, 5.9882183075, 3.85597777367, 2.16165041924, 0.898674428463, 0.242091670632, 0.042325116694, 0.00434857606888, 0.000186912846402], "median": [0.113891005516, 0.716443181038, 1.58825647831, 1.29616940022, 1.64612746239, 1.51425147057, 1.4249663353, 1.53541982174, 1.26493096352, 1.21568584442, 1.40641641617, 2.07963633537, 3.36907958984, 3.52270483971, 3.72174286842, 4.27681207657, 5.9974861145, 6.12475585938, 4.8444890976, 4.7876033783, 4.80070209503, 5.55839347839, 4.64005184174, 4.65557670593, 5.69341039658, 6.09892225266, 5.30265426636, 5.88099861145, 6.06990766525, 4.00366735458, 2.78152441978, 1.88226485252, 1.27530026436, 0.682371199131, 0.380423933268, 0.164900720119, 0.0402721278369, 0.00498037040234, 0.000249077624176, 7.01490935171e-05], "min": [8.17705496935e-22, 1.39799226544e-20, 7.56549534128e-20, 9.79694881426e-20, 1.17572557136e-19, 1.74333199631e-19, 1.23459045794e-19, 4.94005031417e-19, 7.9736545606e-19, 9.17251792466e-19, 1.23084413109e-18, 2.56063994976e-18, 3.68248690513e-18, 1.78312429516e-18, 2.26374911148e-18, 5.24666310959e-18, 6.47059345833e-18, 6.28158599708e-18, 8.13687311529e-18, 6.17862599906e-18, 1.07450199088e-17, 8.69913342024e-18, 8.48682428114e-18, 1.12769028329e-17, 2.54701764992e-17, 2.1624231674e-17, 1.54866689885e-17, 2.19635411612e-17, 1.69375206218e-17, 2.73934425609e-17, 1.38592490359e-17, 1.35268514699e-17, 1.51120603958e-17, 1.28602092434e-17, 7.29971091428e-18, 6.14277268258e-18, 3.73412117332e-18, 1.47885304126e-18, 3.19686307447e-19, 3.35797653205e-20], "var": [1.39698266983, 35.1876487732, 101.73160553, 243.897445679, 214.044219971, 320.55670166, 304.061523438, 452.523956299, 195.208786011, 341.986968994, 1546.51147461, 2156.83447266, 1761.45410156, 623.709533691, 3547.10107422, 2307.55541992, 2483.09057617, 1725.5177002, 2564.23803711, 6211.88867188, 1164.66992188, 1347.68908691, 374.4402771, 278.700439453, 1687.93798828, 667.093444824, 922.359008789, 1862.68811035, 2716.08447266, 1705.03808594, 615.594970703, 340.921417236, 140.396743774, 65.6869735718, 20.1793575287, 3.02959346771, 0.233212634921, 0.00901538319886, 0.000115106602607, 1.20091016242e-07]}, "gfcc": {"mean": [-36.9472465515, 51.4546546936, -102.256889343, 41.3859977722, -46.4062194824, 27.1749954224, -29.7578659058, 7.38618421555, -23.6885910034, 4.89707136154, -16.3956413269, 1.99932360649, -9.6646528244], "cov": [[22628.765625, -2506.77246094, 2506.01879883, 1770.98999023, -885.0859375, 590.884277344, -416.275115967, 653.19934082, -309.549865723, 272.616607666, -460.944091797, 708.756225586, -347.40411377], [-2506.77246094, 3872.13330078, 66.1572647095, -417.956970215, 899.250610352, -178.559829712, 113.243804932, -126.993003845, 191.718780518, -225.653457642, 125.562179565, -210.918945312, 94.454788208], [2506.01879883, 66.1572647095, 2182.14941406, 741.422729492, 49.6884994507, 293.660369873, 53.6053924561, 109.647674561, -45.2887191772, 54.4147453308, -129.292007446, 76.7135467529, -82.635925293], [1770.98999023, -417.956970215, 741.422729492, 947.284484863, 164.875289917, 266.867797852, 50.6423416138, 109.300392151, 14.4230480194, 43.7336540222, -18.1832733154, 68.7040557861, -3.00081372261], [-885.0859375, 899.250610352, 49.6884994507, 164.875289917, 743.596923828, 137.823272705, 141.332489014, -16.703338623, 90.6275405884, -67.092956543, 66.8440093994, -57.3154067993, 51.1436691284], [590.884277344, -178.559829712, 293.660369873, 266.867797852, 137.823272705, 401.618835449, 171.500732422, 112.315223694, 32.0131378174, 63.8675613403, 5.34210920334, 41.2447319031, 6.13126182556], [-416.275115967, 113.243804932, 53.6053924561, 50.6423416138, 141.332489014, 171.500732422, 299.689575195, 103.256195068, 75.8150253296, 19.1430168152, 47.3207206726, -10.4587545395, 35.4179077148], [653.19934082, -126.993003845, 109.647674561, 109.300392151, -16.703338623, 112.315223694, 103.256195068, 204.584106445, 84.7359466553, 65.159034729, 9.69597911835, 49.9926872253, 4.03847122192], [-309.549865723, 191.718780518, -45.2887191772, 14.4230480194, 90.6275405884, 32.0131378174, 75.8150253296, 84.7359466553, 163.196044922, 66.6375350952, 55.5130233765, 4.43377923965, 29.7729167938], [272.616607666, -225.653457642, 54.4147453308, 43.7336540222, -67.092956543, 63.8675613403, 19.1430168152, 65.159034729, 66.6375350952, 173.873535156, 60.6339988708, 56.5634040833, -10.703742981], [-460.944091797, 125.562179565, -129.292007446, -18.1832733154, 66.8440093994, 5.34210920334, 47.3207206726, 9.69597911835, 55.5130233765, 60.6339988708, 123.597633362, 31.9310073853, 29.6052246094], [708.756225586, -210.918945312, 76.7135467529, 68.7040557861, -57.3154067993, 41.2447319031, -10.4587545395, 49.9926872253, 4.43377923965, 56.5634040833, 31.9310073853, 116.336456299, 18.329158783], [-347.40411377, 94.454788208, -82.635925293, -3.00081372261, 51.1436691284, 6.13126182556, 35.4179077148, 4.03847122192, 29.7729167938, -10.703742981, 29.6052246094, 18.329158783, 83.7347412109]], "icov": [[9.02559622773e-05, -3.07860209432e-05, 2.81388543044e-06, -0.00012142721971, 4.38107090304e-05, -1.75865297933e-05, 7.5130003097e-05, -0.000195187225472, 0.00011708492093, -3.07910668198e-05, 0.000346690183505, -0.00055122730555, 0.000312295451295], [-3.07860209432e-05, 0.000596592784859, -0.000292788346997, 0.000493078376167, -0.00061326607829, 0.000189353944734, 0.000212918719626, -2.72619272437e-05, -0.000617713201791, 0.00075138383545, -0.000928609922994, 0.000797833665274, -0.000330650655087], [2.81388543044e-06, -0.000292788346997, 0.000879262341186, -0.000710935972165, 0.000222834278247, -0.000133568115416, -0.00039773772005, 0.000216470143641, 0.000327605142957, -0.000663452548906, 0.00137213710696, -0.000859090068843, 0.000717289862223], [-0.00012142721971, 0.000493078376167, -0.000710935972165, 0.00226793740876, -0.000852792407386, -0.000627924047876, 0.000709252024535, -0.000433097477071, -0.000420384632889, 0.000708652194589, -0.00131051242352, 0.000989384949207, -0.000905749155208], [4.38107090304e-05, -0.00061326607829, 0.000222834278247, -0.000852792407386, 0.00289205787703, -0.00112439633813, -0.000383895647246, 0.000958403863478, -0.00104647665285, 0.00116395833902, -0.000710785097908, -1.86605211638e-05, 0.000271227356279], [-1.75865297933e-05, 0.000189353944734, -0.000133568115416, -0.000627924047876, -0.00112439633813, 0.00509576499462, -0.00254584802315, -0.000794636202045, 0.0013335486874, -0.0020690120291, 0.00159020570572, -0.000798151479103, -0.00013824099733], [7.5130003097e-05, 0.000212918719626, -0.00039773772005, 0.000709252024535, -0.000383895647246, -0.00254584802315, 0.00689258566126, -0.00326060527004, -0.000361466140021, 0.00155776902102, -0.00324214086868, 0.00293608265929, -0.00180158880539], [-0.000195187225472, -2.72619272437e-05, 0.000216470143641, -0.000433097477071, 0.000958403863478, -0.000794636202045, -0.00326060527004, 0.0109799308702, -0.00583495246246, -0.000152951586642, 0.00261192885228, -0.00368981482461, 0.00168082106393], [0.00011708492093, -0.000617713201791, 0.000327605142957, -0.000420384632889, -0.00104647665285, 0.0013335486874, -0.000361466140021, -0.00583495246246, 0.0139558156952, -0.00583342835307, -0.000821812776849, 0.00277613522485, -0.00355833093636], [-3.07910668198e-05, 0.00075138383545, -0.000663452548906, 0.000708652194589, 0.00116395833902, -0.0020690120291, 0.00155776902102, -0.000152951586642, -0.00583342835307, 0.0134364468977, -0.00699507398531, -0.00191863265354, 0.00386924459599], [0.000346690183505, -0.000928609922994, 0.00137213710696, -0.00131051242352, -0.000710785097908, 0.00159020570572, -0.00324214086868, 0.00261192885228, -0.000821812776849, -0.00699507398531, 0.018816748634, -0.00796216074377, -0.000155822446686], [-0.00055122730555, 0.000797833665274, -0.000859090068843, 0.000989384949207, -1.86605211638e-05, -0.000798151479103, 0.00293608265929, -0.00368981482461, 0.00277613522485, -0.00191863265354, -0.00796216074377, 0.0197364650667, -0.00773087330163], [0.000312295451295, -0.000330650655087, 0.000717289862223, -0.000905749155208, 0.000271227356279, -0.00013824099733, -0.00180158880539, 0.00168082106393, -0.00355833093636, 0.00386924459599, -0.000155822446686, -0.00773087330163, 0.0183191299438]]}, "melbands": {"dmean": [0.00399101432413, 0.00244344538078, 0.00115934549831, 0.000534023856744, 0.000231907033594, 0.000172399129951, 9.48489760049e-05, 8.18115149741e-05, 6.47586930427e-05, 6.68361608405e-05, 5.98703591095e-05, 3.8736161514e-05, 4.33780696767e-05, 3.45483640558e-05, 4.07909683418e-05, 3.55589290848e-05, 2.56753137364e-05, 2.18981622311e-05, 2.72219313047e-05, 2.14134579437e-05, 1.35275504363e-05, 1.50585028678e-05, 1.05879889816e-05, 6.59235092826e-06, 6.06972844253e-06, 9.37409095059e-06, 1.12198367788e-05, 7.53770746087e-06, 7.90712601884e-06, 1.01108917079e-05, 8.82052972884e-06, 8.73285898706e-06, 1.16313985927e-05, 8.35851733427e-06, 6.21647495791e-06, 4.70401164421e-06, 3.98236670662e-06, 3.1555480291e-06, 2.82244468508e-06, 2.31904573411e-06], "dmean2": [0.0063597727567, 0.0037791680079, 0.00187222100794, 0.000914073025342, 0.000379770179279, 0.000272450008197, 0.000157974063768, 0.000137445225846, 0.000101879886643, 0.000106312938442, 9.52577975113e-05, 6.10284841969e-05, 7.07338986103e-05, 5.52492456336e-05, 6.69236396789e-05, 5.82756547374e-05, 4.08795676776e-05, 3.44732288795e-05, 4.27449085691e-05, 3.3253498259e-05, 2.20155070565e-05, 2.44470884354e-05, 1.71059236891e-05, 1.07754112832e-05, 1.00398065115e-05, 1.5169613107e-05, 1.83981519513e-05, 1.22830233522e-05, 1.2991332369e-05, 1.63062595675e-05, 1.38387131301e-05, 1.38557716127e-05, 1.83993670362e-05, 1.29897962324e-05, 9.53812195803e-06, 7.02946499587e-06, 6.05820287092e-06, 4.6511408982e-06, 4.23467508881e-06, 3.42612361237e-06], "dvar": [6.0422153183e-05, 1.99686292035e-05, 6.12188205196e-06, 1.60943034189e-06, 2.93712417943e-07, 1.72138541643e-07, 5.00933765579e-08, 4.2212370488e-08, 6.30691943115e-08, 4.84886975016e-08, 3.21812656523e-08, 6.58495391548e-09, 2.09887573988e-08, 1.44571785654e-08, 9.98678295616e-09, 8.89050699726e-09, 3.58885676732e-09, 3.29217164641e-09, 6.29122975937e-09, 3.77542930252e-09, 8.42212410923e-10, 1.10931563935e-09, 5.06400477107e-10, 1.7124028584e-10, 1.6458642782e-10, 4.17534146147e-10, 4.50957909903e-10, 1.92955221245e-10, 2.40835129617e-10, 5.06748920603e-10, 4.02675975897e-10, 3.43256617574e-10, 8.30313651168e-10, 3.74014236248e-10, 1.77881362418e-10, 9.23602860858e-11, 6.96648988496e-11, 4.20492946018e-11, 3.41727410258e-11, 2.30873931084e-11], "dvar2": [0.0001515794429, 4.26904225606e-05, 1.49624665937e-05, 4.30130558016e-06, 7.22995707747e-07, 4.03593531928e-07, 1.32656268192e-07, 1.09157262784e-07, 1.20069913123e-07, 1.08997113557e-07, 7.89650513866e-08, 1.3850056213e-08, 5.4608946698e-08, 3.3561203594e-08, 2.45502960183e-08, 2.22591172161e-08, 8.71826344451e-09, 7.32967464501e-09, 1.2953035089e-08, 7.65307728301e-09, 2.07763273252e-09, 2.72216826858e-09, 1.19601628601e-09, 4.32492153202e-10, 4.14072554022e-10, 1.00394503821e-09, 1.1447206516e-09, 4.81424289323e-10, 5.87380422079e-10, 1.14208498214e-09, 8.20108425614e-10, 7.48491491009e-10, 1.60404467486e-09, 8.38911384804e-10, 3.741927046e-10, 1.83242296337e-10, 1.38625569357e-10, 8.40936209556e-11, 6.67607288896e-11, 4.03770177015e-11], "max": [0.0800740048289, 0.0463872849941, 0.0302798636258, 0.0123137934133, 0.00942002702504, 0.00840370636433, 0.00350715382956, 0.00413910439238, 0.00830606836826, 0.0063719060272, 0.00430005509406, 0.0018478478305, 0.00360380043276, 0.00371897430159, 0.00236050668173, 0.00238686054945, 0.00126367597841, 0.00129072670825, 0.00144079094753, 0.001118708984, 0.000545077724382, 0.000593993812799, 0.000362664548447, 0.000171704858076, 0.000147125727381, 0.00024896391551, 0.000217846842133, 0.000190673410543, 0.000227978773182, 0.000258026237134, 0.00025533864391, 0.000244075243245, 0.00035218175617, 0.000267803261522, 0.000162796466611, 0.000126146798721, 0.000100435914646, 8.89019211172e-05, 7.40728719393e-05, 6.2444662035e-05], "mean": [0.0054353591986, 0.00374343525618, 0.00143051031046, 0.000501499744132, 0.000263013120275, 0.00019297345716, 9.36032811296e-05, 8.41007058625e-05, 7.14424604666e-05, 8.45190807013e-05, 7.59628310334e-05, 4.95522472193e-05, 5.00752357766e-05, 4.51905289083e-05, 5.43649075553e-05, 4.51500018244e-05, 3.47116983903e-05, 2.97625865642e-05, 3.28519345203e-05, 2.68412804871e-05, 1.74304514076e-05, 2.08648634725e-05, 1.38927271109e-05, 8.89563580131e-06, 7.59031809139e-06, 1.31304086608e-05, 1.58617949637e-05, 9.40337031352e-06, 9.69119173533e-06, 1.21705934362e-05, 1.23021700347e-05, 1.24971893456e-05, 1.55337274919e-05, 9.57052998274e-06, 7.47234798837e-06, 6.23726191407e-06, 5.52821211386e-06, 4.24884729e-06, 3.65680398318e-06, 3.11125859298e-06], "median": [0.00112748378888, 0.00121701753233, 0.000331673829351, 0.000106829800643, 5.72837816435e-05, 3.46074375557e-05, 1.8001141143e-05, 1.22316123452e-05, 1.14211743494e-05, 1.1790130884e-05, 1.53740184032e-05, 1.2377737221e-05, 1.15596385513e-05, 8.87896021595e-06, 1.27595239974e-05, 1.19606957014e-05, 1.05156959762e-05, 7.18985756976e-06, 6.60275645714e-06, 5.36519019079e-06, 5.32922877028e-06, 5.65168147659e-06, 4.25258440373e-06, 3.68067776435e-06, 3.22907135342e-06, 3.63484969057e-06, 4.15979229729e-06, 3.52025108441e-06, 3.13180180456e-06, 3.08357357426e-06, 3.32740637532e-06, 3.7053196138e-06, 2.5570152502e-06, 2.1113096409e-06, 1.67281655195e-06, 1.17273168598e-06, 1.10981579837e-06, 9.26041877847e-07, 7.34197442398e-07, 5.05963043906e-07], "min": [1.08724099508e-23, 3.34343864093e-23, 1.77861186639e-23, 1.02574778868e-23, 5.38667910446e-24, 1.04145440373e-23, 1.28982891635e-23, 9.22326467395e-24, 1.16846511155e-23, 1.64616985124e-23, 1.80334975551e-23, 6.72723856121e-24, 6.47326913151e-24, 1.13513313506e-23, 1.35524662686e-23, 1.28397596286e-23, 1.1931756272e-23, 1.52848537259e-23, 7.89514949798e-24, 9.05355623855e-24, 1.27625735333e-23, 7.71394025944e-24, 9.30918898147e-24, 6.07884814523e-24, 8.36254485115e-24, 1.80950634156e-23, 1.96384555772e-23, 1.24045781994e-23, 9.52455353062e-24, 9.98255039498e-24, 1.33813165844e-23, 8.27367651474e-24, 1.23140232783e-23, 1.61712951473e-23, 7.19160074421e-24, 7.40133045992e-24, 8.40359559494e-24, 1.06890439665e-23, 1.00578803005e-23, 1.14139834726e-23], "var": [8.78139180713e-05, 3.32004347001e-05, 6.46505623081e-06, 1.25502401715e-06, 3.93928303311e-07, 2.14068805349e-07, 4.45622205802e-08, 4.53745947482e-08, 1.07047476661e-07, 9.02665604485e-08, 4.43589236454e-08, 1.07218998124e-08, 2.81900423005e-08, 2.85177677029e-08, 1.85347541759e-08, 1.3240944341e-08, 5.75709080408e-09, 6.20443652011e-09, 9.13970854555e-09, 6.17256468161e-09, 1.34275368602e-09, 2.1234474179e-09, 8.35549518463e-10, 2.09445100152e-10, 1.81066300842e-10, 7.2293837583e-10, 7.97849619705e-10, 2.43210201978e-10, 3.05188707639e-10, 6.70244804102e-10, 5.95230364997e-10, 5.33378674561e-10, 1.48304857284e-09, 4.47250819713e-10, 2.30396673961e-10, 1.45756129388e-10, 1.19987103586e-10, 7.01731450725e-11, 5.74041855717e-11, 4.49948342474e-11]}, "mfcc": {"mean": [-678.880126953, 80.5825653076, 10.2106466293, 22.8599624634, 11.3953990936, 19.7723999023, 8.05451774597, 7.45141935349, 2.94301962852, 3.26008653641, 0.513972580433, -0.00419764919207, -0.738040804863], "cov": [[16192.7001953, -911.914306641, 1147.76623535, 789.309020996, -165.304382324, 279.391265869, -45.6322937012, 166.741256714, 154.273651123, 1.98803639412, 56.2245063782, 90.6222839355, 261.593078613], [-911.914306641, 3234.40454102, -253.799240112, 50.0290145874, 479.60546875, -5.1218829155, 65.7396850586, 83.7956848145, 19.4473686218, 21.3186988831, -28.181470871, 38.7014465332, -41.8252487183], [1147.76623535, -253.799240112, 1616.65612793, 531.120361328, 91.9428405762, 235.853027344, 91.4541778564, 101.773551941, 109.701805115, 31.0954494476, 37.2186012268, -4.97045898438, 15.4905767441], [789.309020996, 50.0290145874, 531.120361328, 572.376403809, 285.366973877, 182.941070557, 99.5124359131, 93.1167373657, 76.361289978, 34.257724762, 19.5522861481, 28.9081840515, 27.8293228149], [-165.304382324, 479.60546875, 91.9428405762, 285.366973877, 476.543548584, 222.721115112, 115.228370667, 86.1730499268, 56.6252059937, 37.7599830627, 11.1756687164, 13.6156806946, 9.94359779358], [279.391265869, -5.1218829155, 235.853027344, 182.941070557, 222.721115112, 324.349700928, 185.746337891, 110.594726562, 85.9962387085, 43.9163131714, 39.913433075, 29.5198516846, 20.0335597992], [-45.6322937012, 65.7396850586, 91.4541778564, 99.5124359131, 115.228370667, 185.746337891, 233.671783447, 135.190765381, 79.7435531616, 46.3694000244, 25.2874469757, 25.7095966339, 12.9894561768], [166.741256714, 83.7956848145, 101.773551941, 93.1167373657, 86.1730499268, 110.594726562, 135.190765381, 183.098403931, 113.433448792, 58.4375801086, 30.0449333191, 18.3129463196, 21.1381206512], [154.273651123, 19.4473686218, 109.701805115, 76.361289978, 56.6252059937, 85.9962387085, 79.7435531616, 113.433448792, 149.592514038, 83.4506988525, 32.2417221069, 22.9826812744, 26.0543727875], [1.98803639412, 21.3186988831, 31.0954494476, 34.257724762, 37.7599830627, 43.9163131714, 46.3694000244, 58.4375801086, 83.4506988525, 104.670196533, 52.3941383362, 27.1812210083, 22.7493743896], [56.2245063782, -28.181470871, 37.2186012268, 19.5522861481, 11.1756687164, 39.913433075, 25.2874469757, 30.0449333191, 32.2417221069, 52.3941383362, 100.962989807, 65.5501251221, 37.5258216858], [90.6222839355, 38.7014465332, -4.97045898438, 28.9081840515, 13.6156806946, 29.5198516846, 25.7095966339, 18.3129463196, 22.9826812744, 27.1812210083, 65.5501251221, 110.279830933, 70.1434707642], [261.593078613, -41.8252487183, 15.4905767441, 27.8293228149, 9.94359779358, 20.0335597992, 12.9894561768, 21.1381206512, 26.0543727875, 22.7493743896, 37.5258216858, 70.1434707642, 100.824142456]], "icov": [[7.89816767792e-05, -1.00945753729e-05, 1.3005485016e-05, -0.000170631043147, 0.000199317815714, -0.000199049914954, 0.000198090288904, -0.000117383919132, 1.57084177772e-05, 4.91932478326e-05, 2.67180939773e-06, 0.000128199593746, -0.000250369281275], [-1.00945753729e-05, 0.000454327237094, -6.62425227347e-05, 0.00032351660775, -0.000851164397318, 0.000635756237898, -0.000177009234903, -0.000231784608332, 4.15521099058e-05, -7.45865836507e-05, 0.00039084177115, -0.00083028327208, 0.000602815009188], [1.3005485016e-05, -6.62425227347e-05, 0.00112847355194, -0.00130317697767, 0.000989330583252, -0.000980277429335, 0.000459860428236, 1.3549131836e-05, -0.00043249677401, 0.000418602110585, -0.00064283440588, 0.000968224892858, -0.000256803527009], [-0.000170631043147, 0.00032351660775, -0.00130317697767, 0.00457618385553, -0.00321281747892, 0.00128959666472, -0.000707244907971, -0.000236466003116, -0.000209806719795, -9.65037834249e-05, 0.00100012181792, -0.00203316402622, 0.000833564437926], [0.000199317815714, -0.000851164397318, 0.000989330583252, -0.00321281747892, 0.0065441429615, -0.0046491692774, 0.00183409475721, -0.000740112387575, 0.00109553791117, -0.00108238647226, 0.000264443835476, 0.00194231071509, -0.00142675288953], [-0.000199049914954, 0.000635756237898, -0.000980277429335, 0.00128959666472, -0.0046491692774, 0.0102889006957, -0.00667000794783, 0.00200462155044, -0.0027663372457, 0.00226846081205, -0.00234239175916, -0.0005559414858, 0.00088961009169], [0.000198090288904, -0.000177009234903, 0.000459860428236, -0.000707244907971, 0.00183409475721, -0.00667000794783, 0.0126274172217, -0.00750350998715, 0.00289515615441, -0.00247060903348, 0.00281684240326, -0.00235581491143, 0.00102776463609], [-0.000117383919132, -0.000231784608332, 1.3549131836e-05, -0.000236466003116, -0.000740112387575, 0.00200462155044, -0.00750350998715, 0.0161334034055, -0.0100821172819, 0.00317822722718, -0.00358714722097, 0.00329301063903, -0.00153705710545], [1.57084177772e-05, 4.15521099058e-05, -0.00043249677401, -0.000209806719795, 0.00109553791117, -0.0027663372457, 0.00289515615441, -0.0100821172819, 0.0212635230273, -0.0136731825769, 0.00549900112674, -0.00239489437081, -0.000506982847583], [4.91932478326e-05, -7.45865836507e-05, 0.000418602110585, -9.65037834249e-05, -0.00108238647226, 0.00226846081205, -0.00247060903348, 0.00317822722718, -0.0136731825769, 0.024231987074, -0.0118485270068, 0.00451041152701, -0.00155048130546], [2.67180939773e-06, 0.00039084177115, -0.00064283440588, 0.00100012181792, 0.000264443835476, -0.00234239175916, 0.00281684240326, -0.00358714722097, 0.00549900112674, -0.0118485270068, 0.0238022748381, -0.0142521774396, 0.00311510078609], [0.000128199593746, -0.00083028327208, 0.000968224892858, -0.00203316402622, 0.00194231071509, -0.0005559414858, -0.00235581491143, 0.00329301063903, -0.00239489437081, 0.00451041152701, -0.0142521774396, 0.026809759438, -0.0144784720615], [-0.000250369281275, 0.000602815009188, -0.000256803527009, 0.000833564437926, -0.00142675288953, 0.00088961009169, 0.00102776463609, -0.00153705710545, -0.000506982847583, -0.00155048130546, 0.00311510078609, -0.0144784720615, 0.0201752148569]]}, "spectral_contrast_coeffs": {"dmean": [0.0620856881142, 0.0534930862486, 0.0438215397298, 0.0351617857814, 0.0272158440202, 0.022457851097], "dmean2": [0.101815596223, 0.0869173631072, 0.0686312615871, 0.0552696213126, 0.0432782620192, 0.0372576676309], "dvar": [0.00309144612402, 0.00207296363078, 0.00136192061473, 0.00111181871034, 0.000593328324612, 0.000475604989333], "dvar2": [0.00753816170618, 0.0050853616558, 0.00300206430256, 0.00228648330085, 0.00129972223658, 0.00115956354421], "max": [-0.279392540455, -0.373008489609, -0.429334521294, -0.450978368521, -0.503587007523, -0.547349870205], "mean": [-0.666532814503, -0.767001032829, -0.788195729256, -0.797925233841, -0.804467380047, -0.776252388954], "median": [-0.669137358665, -0.777000904083, -0.804573118687, -0.815738499165, -0.812603116035, -0.772759079933], "min": [-0.989187240601, -0.982532083988, -0.965802550316, -0.970793783665, -0.964352250099, -0.968442678452], "var": [0.00972738023847, 0.00698021426797, 0.005891374778, 0.0043521579355, 0.00260727200657, 0.0017609752249]}, "spectral_contrast_valleys": {"dmean": [0.589077293873, 0.667731821537, 0.561691403389, 0.52861481905, 0.507633447647, 0.597328007221], "dmean2": [0.892810046673, 1.01828432083, 0.854150950909, 0.785708427429, 0.726504087448, 0.808443665504], "dvar": [0.341475844383, 0.413636744022, 0.318849653006, 0.303110092878, 0.340054512024, 0.442129641771], "dvar2": [0.681775093079, 0.890052080154, 0.683560848236, 0.653098940849, 0.72692668438, 0.980594038963], "max": [-4.86438274384, -4.55910873413, -5.2046084404, -5.54574251175, -5.51580905914, -7.09395980835], "mean": [-7.80004644394, -7.7355594635, -7.94008207321, -8.01495265961, -7.7896