{"lowlevel": {"average_loudness": 0.924653768539, "barkbands_crest": {"dmean": 2.66387057304, "dmean2": 4.23847055435, "dvar": 6.25334072113, "dvar2": 15.7262802124, "max": 26.5160140991, "mean": 11.2134504318, "median": 10.7608032227, "min": 2.18810892105, "var": 19.5091400146}, "barkbands_flatness_db": {"dmean": 0.0386625789106, "dmean2": 0.052866641432, "dvar": 0.00138031993993, "dvar2": 0.00251597049646, "max": 0.457787901163, "mean": 0.179402261972, "median": 0.169224321842, "min": 0.0215741433203, "var": 0.0062617030926}, "barkbands_kurtosis": {"dmean": 8.50568199158, "dmean2": 13.0704507828, "dvar": 199.780471802, "dvar2": 445.011260986, "max": 202.53894043, "mean": 12.0995378494, "median": 2.42131853104, "min": -1.9569311142, "var": 424.24798584}, "barkbands_skewness": {"dmean": 1.03632807732, "dmean2": 1.55904579163, "dvar": 1.26597297192, "dvar2": 2.86659264565, "max": 11.8689889908, "mean": 2.12065124512, "median": 1.62730455399, "min": -9.50616931915, "var": 4.45909357071}, "barkbands_spread": {"dmean": 11.1142101288, "dmean2": 17.07954216, "dvar": 212.890014648, "dvar2": 484.874847412, "max": 121.806968689, "mean": 23.4496440887, "median": 17.7775497437, "min": 0.621742904186, "var": 386.738708496}, "dissonance": {"dmean": 0.0282633733004, "dmean2": 0.0448884479702, "dvar": 0.000944301253185, "dvar2": 0.00225782603957, "max": 0.500000059605, "mean": 0.440380990505, "median": 0.454534947872, "min": 0.137423858047, "var": 0.00277942745015}, "dynamic_complexity": 4.02360773087, "erbbands_crest": {"dmean": 3.23900175095, "dmean2": 5.05379247665, "dvar": 9.01012516022, "dvar2": 21.0829715729, "max": 31.3117809296, "mean": 11.4894247055, "median": 10.6690692902, "min": 2.69209814072, "var": 25.6423664093}, "erbbands_flatness_db": {"dmean": 0.0295477621257, "dmean2": 0.0417547114193, "dvar": 0.000874520279467, "dvar2": 0.00169648649171, "max": 0.463757425547, "mean": 0.169215857983, "median": 0.158096909523, "min": 0.0532608963549, "var": 0.00361067778431}, "erbbands_kurtosis": {"dmean": 3.19729042053, "dmean2": 5.10451078415, "dvar": 33.0842514038, "dvar2": 73.6916427612, "max": 115.805892944, "mean": 3.1618013382, "median": 1.10136461258, "min": -1.95491421223, "var": 52.2061080933}, "erbbands_skewness": {"dmean": 0.786463141441, "dmean2": 1.16920185089, "dvar": 0.686303317547, "dvar2": 1.42928910255, "max": 9.02219963074, "mean": 0.630866646767, "median": 0.460512638092, "min": -5.52567386627, "var": 2.04453706741}, "erbbands_spread": {"dmean": 19.2732810974, "dmean2": 29.6034393311, "dvar": 532.088439941, "dvar2": 1229.50244141, "max": 189.241836548, "mean": 48.1856918335, "median": 37.3011207581, "min": 0.860082745552, "var": 1336.265625}, "hfc": {"dmean": 16.4680271149, "dmean2": 25.5629043579, "dvar": 713.998840332, "dvar2": 1767.54443359, "max": 234.58416748, "mean": 29.9801158905, "median": 15.4840221405, "min": 1.05681455328e-16, "var": 1178.03405762}, "melbands_crest": {"dmean": 3.15115952492, "dmean2": 4.951192379, "dvar": 8.5886926651, "dvar2": 21.7988548279, "max": 32.8900413513, "mean": 15.340057373, "median": 14.8797712326, "min": 1.66869151592, "var": 30.8337860107}, "melbands_flatness_db": {"dmean": 0.0457643270493, "dmean2": 0.0632108524442, "dvar": 0.00203167833388, "dvar2": 0.00382167007774, "max": 0.547502160072, "mean": 0.240271613002, "median": 0.230861991644, "min": 0.00323029980063, "var": 0.00935666915029}, "melbands_kurtosis": {"dmean": 19.7820606232, "dmean2": 31.2072029114, "dvar": 945.662536621, "dvar2": 2346.95507812, "max": 521.244445801, "mean": 34.441280365, "median": 13.867058754, "min": -1.95836997032, "var": 2163.25439453}, "melbands_skewness": {"dmean": 1.35370647907, "dmean2": 2.10112071037, "dvar": 2.31502056122, "dvar2": 5.88706731796, "max": 17.7400283813, "mean": 3.65646958351, "median": 3.00770378113, "min": -7.26200008392, "var": 8.27287578583}, "melbands_spread": {"dmean": 12.2987270355, "dmean2": 19.9431476593, "dvar": 482.0206604, "dvar2": 1186.01586914, "max": 291.250946045, "mean": 23.7652187347, "median": 17.2895507812, "min": 0.627980232239, "var": 683.863647461}, "pitch_salience": {"dmean": 0.072412095964, "dmean2": 0.115363523364, "dvar": 0.0055691585876, "dvar2": 0.0140921901911, "max": 0.942420303822, "mean": 0.542176663876, "median": 0.535168170929, "min": 0.0604156181216, "var": 0.0159008130431}, "silence_rate_20dB": {"dmean": 0, "dmean2": 0, "dvar": 0, "dvar2": 0, "max": 1, "mean": 1, "median": 1, "min": 1, "var": 0}, "silence_rate_30dB": {"dmean": 0.000432666303823, "dmean2": 0.000865426205564, "dvar": 0.000432527420344, "dvar2": 0.00129758345429, "max": 1, "mean": 0.999783694744, "median": 1, "min": 0, "var": 0.000216226137127}, "silence_rate_60dB": {"dmean": 0.0361276380718, "dmean2": 0.0721549093723, "dvar": 0.034827042371, "dvar2": 0.0758173540235, "max": 1, "mean": 0.0894440859556, "median": 0, "min": 0, "var": 0.0814393088222}, "spectral_centroid": {"dmean": 381.098175049, "dmean2": 598.188537598, "dvar": 309830.1875, "dvar2": 694803.25, "max": 11556.4746094, "mean": 1070.98486328, "median": 849.961791992, "min": 159.416122437, "var": 849785.1875}, "spectral_complexity": {"dmean": 4.09150886536, "dmean2": 6.2302031517, "dvar": 33.0758399963, "dvar2": 70.3166656494, "max": 53, "mean": 11.3996324539, "median": 9, "min": 0, "var": 86.133895874}, "spectral_decrease": {"dmean": 2.27134089315e-09, "dmean2": 3.39797501248e-09, "dvar": 8.37932223437e-18, "dvar2": 1.8007784801e-17, "max": 7.87932566415e-11, "mean": -7.03026303839e-09, "median": -6.57617382771e-09, "min": -3.5587664371e-08, "var": 2.56912736051e-17}, "spectral_energy": {"dmean": 0.00957006122917, "dmean2": 0.0142443170771, "dvar": 0.000145394398714, "dvar2": 0.000309347786242, "max": 0.142401561141, "mean": 0.0292531810701, "median": 0.0264821909368, "min": 1.02009536805e-20, "var": 0.000453172600828}, "spectral_energyband_high": {"dmean": 0.00133958365768, "dmean2": 0.0020882380195, "dvar": 5.23611879544e-06, "dvar2": 1.23057579913e-05, "max": 0.0206745676696, "mean": 0.00170168734621, "median": 0.000363800820196, "min": 6.93957278008e-21, "var": 7.51936659071e-06}, "spectral_energyband_low": {"dmean": 0.00434148218483, "dmean2": 0.00665019545704, "dvar": 6.66555861244e-05, "dvar2": 0.000158762079081, "max": 0.111754253507, "mean": 0.00804093666375, "median": 0.00484520941973, "min": 3.28046071942e-23, "var": 0.000105268940388}, "spectral_energyband_middle_high": {"dmean": 0.00325669487938, "dmean2": 0.00525940069929, "dvar": 3.078107693e-05, "dvar2": 8.25331590022e-05, "max": 0.0589990504086, "mean": 0.00739561393857, "median": 0.00157106050756, "min": 1.24831661951e-21, "var": 0.000108221625851}, "spectral_energyband_middle_low": {"dmean": 0.00512606371194, "dmean2": 0.00776378856972, "dvar": 4.57034657302e-05, "dvar2": 9.76953306235e-05, "max": 0.100837893784, "mean": 0.0141058694571, "median": 0.0132186226547, "min": 1.98985985535e-22, "var": 0.000122330719023}, "spectral_entropy": {"dmean": 0.378169089556, "dmean2": 0.517458498478, "dvar": 0.162088215351, "dvar2": 0.283645570278, "max": 9.82113742828, "mean": 7.39758300781, "median": 7.50054550171, "min": 4.33409547806, "var": 0.589682281017}, "spectral_flux": {"dmean": 0.0282491333783, "dmean2": 0.043510235846, "dvar": 0.000845736649353, "dvar2": 0.00180101254955, "max": 0.289651036263, "mean": 0.0804623141885, "median": 0.073918633163, "min": 6.59220247834e-11, "var": 0.00243274751119}, "spectral_kurtosis": {"dmean": 2.34651017189, "dmean2": 3.48114466667, "dvar": 15.8580884933, "dvar2": 33.9768409729, "max": 84.4561080933, "mean": 4.17811012268, "median": 2.86861944199, "min": -1.48793017864, "var": 29.04296875}, "spectral_rms": {"dmean": 0.000873950542882, "dmean2": 0.00124726910144, "dvar": 9.55551513471e-07, "dvar2": 1.7554191345e-06, "max": 0.0117867877707, "mean": 0.00488070724532, "median": 0.00508294068277, "min": 3.15470284444e-12, "var": 4.71831890536e-06}, "spectral_rolloff": {"dmean": 1216.48571777, "dmean2": 2134.22802734, "dvar": 5286930, "dvar2": 12447299, "max": 18906.1523438, "mean": 1965.42358398, "median": 1012.06054688, "min": 107.666015625, "var": 7202822}, "spectral_skewness": {"dmean": 0.3891530931, "dmean2": 0.563801646233, "dvar": 0.203245729208, "dvar2": 0.400306791067, "max": 7.50102710724, "mean": 1.66112375259, "median": 1.55672872066, "min": -0.68417006731, "var": 0.598979771137}, "spectral_spread": {"dmean": 1641788.25, "dmean2": 2330574.25, "dvar": 3807689572350.0, "dvar2": 8086556246020.0, "max": 42496556, "mean": 6879743, "median": 6133866, "min": 1082188.75, "var": 11042066268200.0}, "spectral_strongpeak": {"dmean": 0.567577540874, "dmean2": 0.961723685265, "dvar": 1.02547931671, "dvar2": 2.56410765648, "max": 10.0034217834, "mean": 1.16130638123, "median": 0.783539354801, "min": 0, "var": 1.80898118019}, "zerocrossingrate": {"dmean": 0.0222029332072, "dmean2": 0.0254647862166, "dvar": 0.000735657697078, "dvar2": 0.000975295726676, "max": 0.51025390625, "mean": 0.0743855759501, "median": 0.05712890625, "min": 0.00537109375, "var": 0.00361345522106}, "barkbands": {"dmean": [1.29186473714e-05, 0.000602464249823, 0.00324707920663, 0.00170314288698, 0.00311275525019, 0.00112967716996, 0.000178255635547, 0.000136523958645, 0.000477421999676, 0.000570692587644, 0.000801668385975, 0.000629610847682, 0.000551424629521, 0.000710464082658, 0.000411797460401, 0.000269307958661, 0.000307634531055, 0.000255500373896, 0.000251615536399, 0.000123607111163, 8.96709389053e-05, 0.000210230442462, 0.000290276482701, 0.000455611734651, 0.000294907600619, 0.000126680810354, 2.20644069486e-05], "dmean2": [2.36521063925e-05, 0.000947366293985, 0.0049995505251, 0.00268827099353, 0.00479763653129, 0.00166826334316, 0.000285199726932, 0.000225443800446, 0.000753441010602, 0.000933195697144, 0.00127932126634, 0.00100679730531, 0.000904990185518, 0.00108539208304, 0.000665454135742, 0.000475809705677, 0.000551475677639, 0.000465260294732, 0.000459992501419, 0.000224130955758, 0.000157673246576, 0.000362107733963, 0.000481397029944, 0.000674239126965, 0.000440918287495, 0.000194779058802, 3.53590912709e-05], "dvar": [1.72593628278e-09, 1.07305538677e-06, 4.07455409004e-05, 1.64269131346e-05, 2.00178947125e-05, 3.45301600646e-06, 2.97732071886e-07, 2.18738279045e-07, 1.23424104004e-06, 2.5315541734e-06, 3.11088092531e-06, 2.26802990255e-06, 1.55180600814e-06, 3.28150895257e-06, 1.00938689229e-06, 6.05071136306e-07, 7.30781664515e-07, 5.92232595409e-07, 4.95462245453e-07, 1.05702504527e-07, 3.96297252792e-08, 2.07177933476e-07, 3.59374467962e-07, 6.48164871109e-07, 2.83904256548e-07, 5.92349671535e-08, 2.82876300162e-09], "dvar2": [4.91441909389e-09, 2.66453503173e-06, 9.81998964562e-05, 4.08246050938e-05, 4.61207528133e-05, 7.35773437555e-06, 7.83912071256e-07, 5.82404254601e-07, 2.96479515782e-06, 6.66809182803e-06, 7.9041283243e-06, 5.77857872486e-06, 4.17534965891e-06, 7.7808081187e-06, 2.51049232247e-06, 1.70864484517e-06, 2.08050960282e-06, 1.68525002664e-06, 1.40212955557e-06, 3.00124611385e-07, 1.08321493997e-07, 5.6071888821e-07, 9.31212468913e-07, 1.35306231641e-06, 6.18006652076e-07, 1.4487315525e-07, 7.75944553055e-09], "max": [0.0010980211664, 0.0175032671541, 0.0873652026057, 0.048449408263, 0.061681535095, 0.0278284996748, 0.0115351174027, 0.00975131150335, 0.0159622374922, 0.0218074582517, 0.0339232236147, 0.0263209864497, 0.0165619086474, 0.044839207083, 0.0152260148898, 0.00767926173285, 0.00984563119709, 0.00819768290967, 0.00712690129876, 0.00399659201503, 0.00207330589183, 0.00581040931866, 0.00679442286491, 0.0100131826475, 0.0039198435843, 0.00233219051734, 0.000748954247683], "mean": [8.57700706547e-06, 0.000842100009322, 0.00529788946733, 0.00317541928962, 0.00732001150027, 0.00246093445458, 0.000233007100178, 0.00014446071873, 0.000592812371906, 0.000696038478054, 0.00143950292841, 0.00115547340829, 0.000961335783359, 0.00143516075332, 0.000814419821836, 0.000245072267717, 0.000259706575889, 0.000193175568711, 0.000201187140192, 0.000110945038614, 0.00010597606888, 0.000251530407695, 0.000301858613966, 0.000517344858963, 0.000333159317961, 0.000134591697133, 2.15134223254e-05], "median": [3.91839108715e-07, 0.000232969643548, 0.00237630214542, 0.000945153704379, 0.00474422425032, 0.00120585935656, 5.90056079091e-05, 2.07512493944e-05, 0.000110526772914, 5.84935914958e-05, 0.000132911824039, 9.22734179767e-05, 6.64906110615e-05, 5.20901921846e-05, 5.69385665585e-05, 5.11821272084e-05, 5.41364352102e-05, 3.32074305334e-05, 3.6110264773e-05, 2.25599687838e-05, 3.40534897987e-05, 8.64806788741e-05, 4.86465723952e-05, 5.50786608073e-05, 4.34879766544e-05, 2.02138107852e-05, 2.31729200095e-06], "min": [2.34318865109e-24, 8.99497621659e-24, 2.05557035948e-24, 1.46410434363e-24, 1.36006782917e-23, 1.06242074887e-23, 9.92615315114e-24, 1.99264150512e-23, 4.27605587772e-23, 2.18429510427e-23, 1.42396587804e-23, 3.16064947177e-23, 3.62424567083e-23, 4.351938617e-23, 5.69842510129e-23, 7.86639914674e-23, 6.96869815579e-23, 1.39135146521e-22, 1.76485274381e-22, 2.06614396706e-22, 2.1104307445e-22, 4.10809653627e-22, 4.07750488902e-22, 5.5509443365e-22, 1.02575575933e-21, 1.50820501458e-21, 2.13599985951e-21], "var": [1.0437268827e-09, 1.93378332369e-06, 6.26348992228e-05, 2.88143291982e-05, 5.91603165958e-05, 1.14196154755e-05, 3.17131394922e-07, 2.00841853371e-07, 1.74969989075e-06, 3.09009556076e-06, 7.67316032579e-06, 6.50548736303e-06, 3.56411601388e-06, 1.08123895188e-05, 4.00664930567e-06, 4.27338221698e-07, 4.89524950353e-07, 3.69165917391e-07, 3.12049934337e-07, 7.15125594297e-08, 4.20025401127e-08, 2.15008924442e-07, 3.46853823885e-07, 9.78509660854e-07, 3.93589147052e-07, 6.98299160717e-08, 2.42815167972e-09]}, "erbbands": {"dmean": [0.00772627908736, 0.193280592561, 2.6719212532, 5.50664949417, 5.02537965775, 14.0740871429, 12.8305473328, 8.00099754333, 2.87284755707, 2.88121771812, 4.19100904465, 9.7689743042, 16.6023006439, 22.8869590759, 30.2731990814, 19.5400180817, 21.5116844177, 34.3200073242, 25.5418148041, 16.3298358917, 17.3161354065, 16.3218460083, 13.0254917145, 14.0473060608, 12.8675985336, 4.93172693253, 3.13086533546, 4.62238407135, 7.42421340942, 7.5076417923, 8.87769126892, 7.86498880386, 8.26904773712, 2.7613260746, 2.53077054024, 0.77386713028, 0.20568202436, 0.0393193699419, 0.00387853360735, 0.000161287447554], "dmean2": [0.0136487735435, 0.299352616072, 4.10186195374, 8.52465724945, 7.79491186142, 21.8666000366, 19.2280845642, 11.6935491562, 4.32944488525, 4.83640193939, 6.7548828125, 15.5238647461, 27.4361534119, 35.9550476074, 48.7352523804, 31.3575668335, 35.2787055969, 52.3969993591, 39.4168281555, 27.4810676575, 30.826631546, 29.3422718048, 23.6630191803, 25.7296524048, 23.5239562988, 8.92364120483, 5.59176874161, 7.99923181534, 12.7967185974, 12.6805267334, 14.7104539871, 12.5173015594, 11.9130544662, 4.06864452362, 3.82335758209, 1.18690538406, 0.315578460693, 0.0607159286737, 0.00624086149037, 0.000258154846961], "dvar": [0.000368099717889, 0.108960464597, 25.8189849854, 146.302597046, 78.3296508789, 536.57220459, 506.24206543, 172.999847412, 42.7562942505, 120.108612061, 167.94821167, 607.451782227, 2801.87451172, 2498.26074219, 4722.10742188, 2056.20727539, 2258.54150391, 7259.90429688, 3613.18701172, 1696.53649902, 2557.48754883, 1894.2611084, 1376.04602051, 1831.06091309, 1287.14074707, 162.891098022, 56.82472229, 92.5116348267, 257.283660889, 228.876037598, 356.679595947, 228.166168213, 230.16178894, 24.2308197021, 21.0971889496, 2.16477537155, 0.176051795483, 0.00653988681734, 9.32201437536e-05, 1.60358965218e-07], "dvar2": [0.00103803374805, 0.268212348223, 64.0820999146, 351.424835205, 176.523345947, 1276.87902832, 1052.48852539, 362.243133545, 100.908470154, 332.831390381, 428.552124023, 1491.80529785, 7622.80419922, 5959.60107422, 12437.4248047, 5373.08544922, 5976.87353516, 17529.40625, 8731.046875, 4601.52978516, 7237.83496094, 5413.91894531, 3900.39648438, 5200.640625, 3670.74072266, 461.286956787, 158.586486816, 249.014816284, 694.171325684, 597.326477051, 931.09173584, 565.802490234, 443.335235596, 52.2627296448, 46.839176178, 5.2194647789, 0.432122677565, 0.016598213464, 0.000258575048065, 4.47122687319e-07], "max": [0.177737638354, 5.36526060104, 62.7626190186, 141.623580933, 129.436584473, 371.988250732, 334.192474365, 236.365341187, 143.360656738, 244.328430176, 313.15814209, 408.346740723, 855.537719727, 730.383605957, 1043.85852051, 775.399597168, 762.661437988, 2498.04101562, 1279.52734375, 626.340942383, 456.816162109, 477.305877686, 342.912658691, 439.817565918, 374.753570557, 147.462112427, 67.9014053345, 105.594573975, 248.195663452, 144.164978027, 213.597747803, 283.910675049, 160.296005249, 40.3467102051, 42.9059371948, 13.8618154526, 4.55262041092, 1.5799305439, 0.12698367238, 0.00473263254389], "mean": [0.00848137121648, 0.331746250391, 4.61371231079, 9.95346450806, 12.0298423767, 32.5903892517, 27.4984760284, 17.0700244904, 5.0888915062, 3.18724346161, 5.0362033844, 12.1005802155, 19.8807640076, 37.7856903076, 61.8824424744, 36.8758392334, 41.7257957458, 67.3169784546, 57.0410041809, 29.123840332, 15.617811203, 14.2045564651, 10.2928619385, 10.3320569992, 10.6768226624, 4.6049451828, 3.40723872185, 5.74219655991, 9.10403347015, 8.05511951447, 9.07514762878, 8.61549568176, 9.42354393005, 3.22002577782, 2.77356076241, 0.827390015125, 0.216926246881, 0.0405270457268, 0.00375122739933, 0.000179696027772], "median": [0.0023968569003, 0.124293662608, 2.09336709976, 5.053211689, 6.81845760345, 13.436384201, 13.4843406677, 9.11115169525, 2.32521772385, 0.941765964031, 0.833341479301, 2.49307727814, 3.31209683418, 4.86145305634, 5.47026157379, 4.02949810028, 3.62493538857, 2.97889685631, 2.98017072678, 3.21926927567, 3.49364233017, 3.18492150307, 2.09162950516, 1.61542129517, 1.91048240662, 0.964974999428, 0.930783987045, 2.01627874374, 3.32063007355, 1.95447945595, 1.38812613487, 1.15808022022, 0.847637176514, 0.457099854946, 0.304893791676, 0.120799869299, 0.0304889827967, 0.00495166424662, 0.000414730020566, 5.5694457842e-05], "min": [1.97153038822e-22, 2.02678879459e-21, 2.9287888629e-21, 9.73445208781e-21, 1.66977101831e-20, 3.5113597283e-20, 6.97793796619e-20, 1.0137409892e-19, 1.7927862817e-19, 2.04307911509e-19, 5.40419789949e-19, 1.08407685462e-18, 8.50549809026e-19, 4.22776379623e-19, 9.89524113548e-19, 1.28905179682e-18, 1.72067753559e-18, 2.47361434546e-18, 2.27206475818e-18, 4.41841171173e-18, 5.26193327729e-18, 4.41817348372e-18, 7.09127546199e-18, 7.04520067469e-18, 8.65105271995e-18, 1.02283380828e-17, 9.77377752075e-18, 7.72698775098e-18, 1.12459472529e-17, 1.30161559499e-17, 1.12981886716e-17, 1.03259338145e-17, 1.01020060965e-17, 9.91024991411e-18, 7.38173166228e-18, 5.20574951572e-18, 2.46042453701e-18, 1.16975012201e-18, 2.75026490133e-19, 2.84326598082e-20], "var": [0.000278573686955, 0.229470700026, 42.6956748962, 203.949386597, 254.897872925, 1665.21276855, 1414.29797363, 502.271789551, 74.6437454224, 89.250328064, 184.158615112, 772.816833496, 2669.81542969, 5445.59423828, 14857.5058594, 4791.83886719, 6248.95996094, 19347.5, 15527.375, 4208.29980469, 1743.37182617, 1301.14990234, 893.888977051, 1100.39147949, 810.869018555, 114.950637817, 49.0377120972, 119.122337341, 285.592529297, 224.558883667, 335.21307373, 254.83265686, 369.500762939, 36.0824241638, 28.0702800751, 2.52929806709, 0.200082853436, 0.00728233112022, 7.73962819949e-05, 1.30409290477e-07]}, "gfcc": {"mean": [-28.994102478, 58.2877540588, -82.9684448242, 26.6553916931, -56.8757972717, 22.4787197113, -54.4110183716, -12.6314277649, -39.3537216187, -12.6603155136, -24.5482749939, 3.26289987564, -10.9177350998], "cov": [[16605.8496094, 290.418792725, -198.842559814, -112.898147583, -109.955421448, 436.392333984, -638.171875, -51.192199707, -548.739196777, -30.7798976898, -141.837783813, -159.992858887, -297.041809082], [290.418792725, 2603.18041992, 280.56338501, -61.3148803711, 5.03398942947, 6.45344638824, 227.547943115, -206.113571167, -96.3329162598, -375.756103516, -66.1134719849, -96.872795105, 119.041931152], [-198.842559814, 280.56338501, 2047.58959961, 709.899230957, 34.0897598267, -133.515136719, -171.188308716, 119.158981323, 47.3682098389, -220.150146484, -54.5507965088, 76.650428772, 10.0904998779], [-112.898147583, -61.3148803711, 709.899230957, 1101.5723877, 168.301116943, -258.304016113, -264.13180542, -15.4249372482, 45.164440155, -19.823595047, 60.6187744141, 44.4500770569, -9.37088108063], [-109.955421448, 5.03398942947, 34.0897598267, 168.301116943, 375.641815186, 78.0684509277, -73.7186279297, -25.7713661194, 15.3976812363, 42.3342895508, 27.1545257568, 12.7110881805, 2.63556051254], [436.392333984, 6.45344638824, -133.515136719, -258.304016113, 78.0684509277, 412.989044189, 152.386947632, 17.9652805328, -37.725112915, -15.1951665878, 31.1913871765, 23.5724468231, 11.313706398], [-638.171875, 227.547943115, -171.188308716, -264.13180542, -73.7186279297, 152.386947632, 367.179718018, 87.8709030151, -14.5609531403, -66.0243453979, -26.2503376007, -4.50230693817, 31.0790252686], [-51.192199707, -206.113571167, 119.158981323, -15.4249372482, -25.7713661194, 17.9652805328, 87.8709030151, 252.184768677, 50.076877594, -48.0135803223, -25.2671051025, 12.0603199005, -5.09447193146], [-548.739196777, -96.3329162598, 47.3682098389, 45.164440155, 15.3976812363, -37.725112915, -14.5609531403, 50.076877594, 130.869552612, 24.8478374481, -4.69115972519, 5.28452682495, -2.273239851], [-30.7798976898, -375.756103516, -220.150146484, -19.823595047, 42.3342895508, -15.1951665878, -66.0243453979, -48.0135803223, 24.8478374481, 209.344314575, 48.5303153992, -9.89165210724, -39.0910720825], [-141.837783813, -66.1134719849, -54.5507965088, 60.6187744141, 27.1545257568, 31.1913871765, -26.2503376007, -25.2671051025, -4.69115972519, 48.5303153992, 139.727157593, 33.8288612366, -16.2078132629], [-159.992858887, -96.872795105, 76.650428772, 44.4500770569, 12.7110881805, 23.5724468231, -4.50230693817, 12.0603199005, 5.28452682495, -9.89165210724, 33.8288612366, 95.0045166016, 18.843328476], [-297.041809082, 119.041931152, 10.0904998779, -9.37088108063, 2.63556051254, 11.313706398, 31.0790252686, -5.09447193146, -2.273239851, -39.0910720825, -16.2078132629, 18.843328476, 84.597869873]], "icov": [[0.000114140122605, -9.65307481238e-05, 5.83741348237e-05, -5.95510828134e-05, 0.000163147356943, -0.000316278688842, 0.000460640439996, -0.000294489407679, 0.00050681817811, -0.000140375705087, 0.00031206352287, -4.10585671489e-05, 0.000390985369449], [-9.65307481238e-05, 0.00090621347772, -0.000179614537046, 0.000181969779078, -0.000484320160467, 0.000585238565691, -0.00103883899283, 0.00137805985287, -0.000570441246964, 0.00172755436506, -0.000796361477114, 0.00117080507334, -0.000801504473202], [5.83741348237e-05, -0.000179614537046, 0.000843427376822, -0.0005361737567, 0.000269704614766, -0.000387195468647, 0.000645075750072, -0.0005719292094, 0.000121660836157, 0.000411213841289, 0.000671859306749, -0.000661395024508, 0.000538992229849], [-5.95510828134e-05, 0.000181969779078, -0.0005361737567, 0.00180877349339, -0.000963622238487, 0.00124858971685, 7.30874307919e-05, 0.000335259566782, -0.000355573080014, 0.000582100008614, -0.00124869134743, 4.28304556408e-05, -0.000333816424245], [0.000163147356943, -0.000484320160467, 0.000269704614766, -0.000963622238487, 0.00392065290362, -0.00207731639966, 0.00164953398053, -0.000809390621725, 0.000335600838298, -0.00150832964573, 0.000974407012109, -0.000376186711947, 0.00019890035037], [-0.000316278688842, 0.000585238565691, -0.000387195468647, 0.00124858971685, -0.00207731639966, 0.00500209955499, -0.00285628461279, 0.00122974195983, -0.000618748366833, 0.00127547327429, -0.00228029256687, -0.000278355320916, -0.00103254220448], [0.000460640439996, -0.00103883899283, 0.000645075750072, 7.30874307919e-05, 0.00164953398053, -0.00285628461279, 0.00685806013644, -0.00345851317979, 0.00223774556071, -0.000846476352308, 0.00177258695476, -0.000578809471335, 0.000750739302021], [-0.000294489407679, 0.00137805985287, -0.0005719292094, 0.000335259566782, -0.000809390621725, 0.00122974195983, -0.00345851317979, 0.00760936085135, -0.00369713548571, 0.00343439402059, -0.000938374956604, 0.000814582395833, -0.000151841493789], [0.00050681817811, -0.000570441246964, 0.000121660836157, -0.000355573080014, 0.000335600838298, -0.000618748366833, 0.00223774556071, -0.00369713548571, 0.011516562663, -0.00275250943378, 0.00194673147053, -0.000824419315904, 0.00115009199362], [-0.000140375705087, 0.00172755436506, 0.000411213841289, 0.000582100008614, -0.00150832964573, 0.00127547327429, -0.000846476352308, 0.00343439402059, -0.00275250943378, 0.010672125034, -0.00321757653728, 0.00250854436308, 0.00116804498248], [0.00031206352287, -0.000796361477114, 0.000671859306749, -0.00124869134743, 0.000974407012109, -0.00228029256687, 0.00177258695476, -0.000938374956604, 0.00194673147053, -0.00321757653728, 0.0110719855875, -0.00464325072244, 0.00328576937318], [-4.10585671489e-05, 0.00117080507334, -0.000661395024508, 4.28304556408e-05, -0.000376186711947, -0.000278355320916, -0.000578809471335, 0.000814582395833, -0.000824419315904, 0.00250854436308, -0.00464325072244, 0.0150039754808, -0.00449196435511], [0.000390985369449, -0.000801504473202, 0.000538992229849, -0.000333816424245, 0.00019890035037, -0.00103254220448, 0.000750739302021, -0.000151841493789, 0.00115009199362, 0.00116804498248, 0.00328576937318, -0.00449196435511, 0.0162676665932]]}, "melbands": {"dmean": [0.000111025241495, 0.00100720592309, 0.000886173045728, 0.000648853951134, 0.000504514493514, 0.000181736861123, 4.25793514296e-05, 2.97966980725e-05, 4.13109264628e-05, 6.62375605316e-05, 8.51794538903e-05, 9.14219708648e-05, 0.000105539191281, 7.31694817659e-05, 4.71691710118e-05, 5.87275499129e-05, 6.81966921547e-05, 4.56709494756e-05, 3.07988375425e-05, 1.67587932083e-05, 2.27250875469e-05, 1.82609546755e-05, 1.3076727555e-05, 1.15448874567e-05, 1.1775373423e-05, 8.33861122373e-06, 8.4787607193e-06, 2.2554734187e-06, 1.83495853889e-06, 2.20365518544e-06, 3.04478726321e-06, 4.47757156508e-06, 4.07607603847e-06, 4.32630668001e-06, 5.41355211681e-06, 4.59894636151e-06, 5.31031309947e-06, 6.81623032506e-06, 3.73804095943e-06, 1.88812521174e-06], "dmean2": [0.000182633302757, 0.001543264254, 0.00136384530924, 0.0010074331658, 0.000763314194046, 0.000265620386926, 6.50369474897e-05, 5.00766836922e-05, 6.64185281494e-05, 0.000105228697066, 0.000140674630529, 0.000143145647598, 0.000169539853232, 0.000116769893793, 7.62625641073e-05, 9.61518162512e-05, 0.000101976569567, 7.06131395418e-05, 4.93557090522e-05, 2.926633897e-05, 4.07852094213e-05, 3.28654896293e-05, 2.34876843024e-05, 2.1177031158e-05, 2.16721255129e-05, 1.51728254423e-05, 1.5536452338e-05, 4.04087768402e-06, 3.26932263306e-06, 3.92046695197e-06, 5.22983418705e-06, 7.72558723838e-06, 7.08146990291e-06, 7.33538581699e-06, 9.04290754988e-06, 7.53268614062e-06, 8.54153768159e-06, 9.99505482469e-06, 5.40763721801e-06, 2.94865708383e-06], "dvar": [4.37300187173e-08, 3.54633925781e-06, 3.23555286741e-06, 9.47991679823e-07, 6.45947125122e-07, 8.51274535307e-08, 1.03308090971e-08, 1.27270434191e-08, 1.51237617985e-08, 2.67162452161e-08, 7.30615070665e-08, 3.98556210257e-08, 5.43549312226e-08, 3.2389689153e-08, 1.57150559232e-08, 1.82019377348e-08, 2.76786522591e-08, 1.44872096541e-08, 6.64031585274e-09, 2.17649098744e-09, 4.63481830693e-09, 2.45528353204e-09, 1.37378686205e-09, 1.24600729734e-09, 1.36117839222e-09, 5.87196846702e-10, 5.42756395383e-10, 3.14621002862e-11, 1.94409766063e-11, 2.62546200058e-11, 3.95941786302e-11, 8.82828254944e-11, 8.88710702251e-11, 7.5960210344e-11, 1.35880307006e-10, 1.00935579339e-10, 1.00645644596e-10, 1.69175340403e-10, 4.83874745827e-11, 1.26011683727e-11], "dvar2": [1.18529690951e-07, 8.77288493939e-06, 7.70765018387e-06, 2.28038857131e-06, 1.35724144457e-06, 1.77921592126e-07, 2.53113690007e-08, 3.54130875735e-08, 3.78065259099e-08, 6.56020233691e-08, 1.97897222165e-07, 9.47144869201e-08, 1.43782173723e-07, 8.32122850625e-08, 4.07640605715e-08, 4.96051413279e-08, 6.3954409768e-08, 3.49732331983e-08, 1.6434110961e-08, 6.10904438147e-09, 1.31369182199e-08, 7.04638614124e-09, 3.86812049058e-09, 3.55552698394e-09, 3.87233267674e-09, 1.67200875367e-09, 1.55366175481e-09, 8.7782461855e-11, 5.39687114443e-11, 7.27293919534e-11, 1.0682967011e-10, 2.37502184586e-10, 2.42306730236e-10, 1.97916266709e-10, 3.59367063885e-10, 2.64999217015e-10, 2.46016984562e-10, 3.3204672345e-10, 9.45299324928e-11, 2.99688815431e-11], "max": [0.00261333305389, 0.0237167961895, 0.0203614179045, 0.0149442711845, 0.00953826494515, 0.00485700601712, 0.00216557923704, 0.00260440306738, 0.00278961379081, 0.00248589459807, 0.0042964736931, 0.00261504435912, 0.00390221085399, 0.00326666864567, 0.00255346973427, 0.00218601548113, 0.00444818194956, 0.00302180973813, 0.00166114419699, 0.000594340788666, 0.000589562288951, 0.000579300627578, 0.000365419022273, 0.0003840176214, 0.000370347639546, 0.000276219972875, 0.000265280279564, 6.22563457e-05, 4.54204491689e-05, 4.3747422751e-05, 7.65685763326e-05, 0.000142116841744, 0.000115520968393, 8.20032000775e-05, 0.000127192470245, 0.000202886454645, 0.000163676391821, 0.000135372989462, 7.3401723057e-05, 3.12759511871e-05], "mean": [0.000141216281918, 0.00175679766107, 0.00174288451672, 0.00156157428864, 0.0011299746111, 0.000392417656258, 7.00450400473e-05, 3.12007432512e-05, 4.91201426485e-05, 8.10953861219e-05, 9.89906911855e-05, 0.000143473749631, 0.000205732663744, 0.000143328143167, 8.18756016088e-05, 0.00010344517068, 0.000129652384203, 0.000100032695627, 5.98457845626e-05, 2.00898757612e-05, 1.86589186342e-05, 1.56651258294e-05, 1.06982533907e-05, 8.51130880619e-06, 8.41858673084e-06, 7.00695818523e-06, 6.97755649526e-06, 2.19950811697e-06, 1.96431369659e-06, 2.32125262301e-06, 3.7490667637e-06, 5.52276605958e-06, 4.35760875916e-06, 4.46988769909e-06, 5.33771708433e-06, 4.59102784589e-06, 5.78364961257e-06, 7.68382687966e-06, 4.22099128627e-06, 2.12303666558e-06], "median": [3.97805088141e-05, 0.00081528670853, 0.000919429643545, 0.00088723533554, 0.00067625939846, 0.000202606461244, 2.76045266219e-05, 6.92753019393e-06, 5.89692899666e-06, 1.51795211423e-05, 1.3032275092e-05, 1.62703399837e-05, 1.93385421881e-05, 1.11769059004e-05, 6.20057380729e-06, 6.57512964608e-06, 4.93448169436e-06, 4.08999949286e-06, 4.43638782599e-06, 3.57629937753e-06, 3.68728342437e-06, 3.32030344907e-06, 2.08207666219e-06, 1.44661805734e-06, 1.13880378194e-06, 1.27759744828e-06, 1.20911249724e-06, 4.57030068901e-07, 5.34460582458e-07, 6.31666807749e-07, 1.27768657876e-06, 1.93774394575e-06, 1.38335940392e-06, 9.27284986574e-07, 7.73920760366e-07, 6.838556601e-07, 7.22575805412e-07, 6.58950170873e-07, 3.91321293591e-07, 3.54337259978e-07], "min": [4.00046905597e-24, 2.54392594412e-24, 1.63124819223e-24, 2.74395622057e-24, 3.47954317949e-24, 1.96640738351e-24, 2.52216679377e-24, 2.56833724483e-24, 4.27370286341e-24, 5.76531261744e-24, 4.07329275044e-24, 1.17908189743e-24, 3.0399031084e-24, 4.09499944154e-24, 2.42465056968e-24, 4.96725714394e-24, 4.00737632206e-24, 3.08223220128e-24, 4.44158981898e-24, 4.53618883544e-24, 5.44087384864e-24, 4.67133214699e-24, 4.11021538511e-24, 6.1865639464e-24, 5.10424047355e-24, 6.2133583959e-24, 6.96672726571e-24, 6.63603992968e-24, 5.12599015756e-24, 4.1973620326e-24, 4.67751523877e-24, 5.20574517837e-24, 5.8310085592e-24, 5.96659244956e-24, 5.35922043407e-24, 6.24398000409e-24, 5.42935016854e-24, 5.43302586593e-24, 6.55021777965e-24, 8.15904240343e-24], "var": [5.57600685624e-08, 6.10534516454e-06, 5.12699807587e-06, 3.01315890283e-06, 1.7491613562e-06, 2.67079400373e-07, 1.57019179881e-08, 9.46827150017e-09, 1.79838028913e-08, 3.45667316992e-08, 7.07181939674e-08, 8.55024069324e-08, 1.46361486486e-07, 1.06855324589e-07, 3.76172728522e-08, 4.19062438084e-08, 7.97251047402e-08, 6.13910700054e-08, 2.46502622758e-08, 2.15392037539e-09, 3.06465253175e-09, 1.65854907586e-09, 9.35340693786e-10, 7.60968066338e-10, 8.09174394156e-10, 3.73140157661e-10, 3.41282252458e-10, 2.57023066025e-11, 1.75434198418e-11, 2.21508731496e-11, 5.61852300796e-11, 1.07309480746e-10, 7.50828496598e-11, 7.27457052929e-11, 1.23489954373e-10, 9.04702562865e-11, 1.17708287561e-10, 2.60721999545e-10, 7.53995338387e-11, 1.56768799331e-11]}, "mfcc": {"mean": [-683.100891113, 97.7883987427, 27.7126655579, 9.8070192337, 15.8744325638, 17.5992240906, -3.95975804329, 2.07603001595, -12.3406829834, -16.6988563538, -16.7993297577, -15.5709037781, -11.8316173553], "cov": [[11955.2519531, -267.248504639, -909.454162598, -758.157531738, 205.906829834, 148.976043701, 243.602142334, -319.416259766, -450.954101562, 118.100204468, 229.366516113, -281.963806152, -107.71837616], [-267.248504639, 2019.38220215, 106.066604614, -272.378417969, -234.710250854, 80.2177505493, 139.416412354, 167.987625122, 95.7450714111, -142.266189575, -155.937820435, -119.484909058, -76.8207626343], [-909.454162598, 106.066604614, 1541.7088623, 559.585449219, 288.361236572, -73.8468017578, -52.1374130249, 235.224533081, 26.0714931488, -74.296836853, -140.282348633, 83.3097000122, 4.01052761078], [-758.157531738, -272.378417969, 559.585449219, 1026.69836426, 368.509429932, -59.0061645508, -171.190078735, -48.3747215271, -63.0901908875, -69.0857772827, -34.5395698547, 58.8568763733, 2.42169499397], [205.906829834, -234.710250854, 288.361236572, 368.509429932, 592.25, 95.1534729004, -49.8730354309, -29.2433452606, -61.0705718994, -8.51099681854, 14.6567640305, 72.2912597656, 33.7337646484], [148.976043701, 80.2177505493, -73.8468017578, -59.0061645508, 95.1534729004, 311.922576904, 100.015830994, -24.3842716217, -31.2079029083, -4.57378292084, 29.3277168274, -23.6249752045, 30.1888122559], [243.602142334, 139.416412354, -52.1374130249, -171.190078735, -49.8730354309, 100.015830994, 283.655517578, 141.11076355, 48.9264297485, 31.6398162842, 27.3404197693, 2.26599121094, 32.3887710571], [-319.416259766, 167.987625122, 235.224533081, -48.3747215271, -29.2433452606, -24.3842716217, 141.11076355, 359.38482666, 149.220626831, 4.19853496552, -24.9770183563, 48.87865448, 26.8787307739], [-450.954101562, 95.7450714111, 26.0714931488, -63.0901908875, -61.0705718994, -31.2079029083, 48.9264297485, 149.220626831, 221.769699097, 58.6719055176, -30.6329193115, 27.4851970673, 13.2702150345], [118.100204468, -142.266189575, -74.296836853, -69.0857772827, -8.51099681854, -4.57378292084, 31.6398162842, 4.19853496552, 58.6719055176, 145.934295654, 70.1164550781, 16.6969795227, 12.292840004], [229.366516113, -155.937820435, -140.282348633, -34.5395698547, 14.6567640305, 29.3277168274, 27.3404197693, -24.9770183563, -30.6329193115, 70.1164550781, 167.745391846, 39.3029632568, 19.4088993073], [-281.963806152, -119.484909058, 83.3097000122, 58.8568763733, 72.2912597656, -23.6249752045, 2.26599121094, 48.87865448, 27.4851970673, 16.6969795227, 39.3029632568, 115.483963013, 43.3460617065], [-107.71837616, -76.8207626343, 4.01052761078, 2.42169499397, 33.7337646484, 30.1888122559, 32.3887710571, 26.8787307739, 13.2702150345, 12.292840004, 19.4088993073, 43.3460617065, 89.3742752075]], "icov": [[0.000115450304293, 1.1571874893e-05, 2.98865270452e-05, 9.95684968075e-05, -0.00015713267203, 0.000103292819404, -0.000128286061226, -1.3099471289e-05, 0.000232005797443, -8.98759826669e-05, -8.77625570865e-05, 0.000312175485305, 6.54715258861e-05], [1.1571874893e-05, 0.000687327818014, -9.77978634182e-05, 0.000153289016453, 0.000117973388114, -0.000189885846339, -0.0002280662884, -7.87272074376e-05, -0.000382800964871, 0.000764994183555, 7.57236921345e-05, 0.000442129181465, 0.000451648898888], [2.98865270452e-05, -9.77978634182e-05, 0.00113552575931, -0.000470098893857, -0.000247997842962, 2.6618654374e-05, 0.000205481599551, -0.00100507680327, 0.000739433220588, -0.000535409315489, 0.00101729272865, -0.000561063061468, 0.000241206013015], [9.95684968075e-05, 0.000153289016453, -0.000470098893857, 0.00176889600698, -0.000907315697987, 0.000407546263887, 0.000318916485412, 0.000341443257639, -0.000113174617582, 0.000762359297369, -0.000451919448096, 0.000400054064812, 2.75302536465e-05], [-0.00015713267203, 0.000117973388114, -0.000247997842962, -0.000907315697987, 0.00301306322217, -0.00143935647793, 0.000492289254908, -5.45284092368e-05, 0.000423963268986, -0.000513386679813, 0.000595157209318, -0.00201260042377, -1.08315971374e-05], [0.000103292819404, -0.000189885846339, 2.6618654374e-05, 0.000407546263887, -0.00143935647793, 0.00490433257073, -0.00201038573869, 0.000993112334982, -0.000125373946503, 0.000932530907448, -0.00122316740453, 0.00229918514378, -0.00169349741191], [-0.000128286061226, -0.0002280662884, 0.000205481599551, 0.000318916485412, 0.000492289254908, -0.00201038573869, 0.00640550674871, -0.00290947942995, 0.000685695616994, -0.00129835505504, -0.000174035594682, 7.72040948505e-05, -0.00124445103575], [-1.3099471289e-05, -7.87272074376e-05, -0.00100507680327, 0.000341443257639, -5.45284092368e-05, 0.000993112334982, -0.00290947942995, 0.00639083003625, -0.00389523990452, 0.00221414584666, -0.000953056733124, -0.00092961412156, -0.000298451283015], [0.000232005797443, -0.000382800964871, 0.000739433220588, -0.000113174617582, 0.000423963268986, -0.000125373946503, 0.000685695616994, -0.00389523990452, 0.00992944091558, -0.00593084888533, 0.00392693607137, -0.00184421485756, 0.000108858730528], [-8.98759826669e-05, 0.000764994183555, -0.000535409315489, 0.000762359297369, -0.000513386679813, 0.000932530907448, -0.00129835505504, 0.00221414584666, -0.00593084888533, 0.0130399623886, -0.005964349024, 0.00182676676195, -0.000267681694822], [-8.77625570865e-05, 7.57236921345e-05, 0.00101729272865, -0.000451919448096, 0.000595157209318, -0.00122316740453, -0.000174035594682, -0.000953056733124, 0.00392693607137, -0.005964349024, 0.0112644312903, -0.0050204009749, 0.000690050597768], [0.000312175485305, 0.000442129181465, -0.000561063061468, 0.000400054064812, -0.00201260042377, 0.00229918514378, 7.72040948505e-05, -0.00092961412156, -0.00184421485756, 0.00182676676195, -0.0050204009749, 0.0162480771542, -0.0057621775195], [6.54715258861e-05, 0.000451648898888, 0.000241206013015, 2.75302536465e-05, -1.08315971374e-05, -0.00169349741191, -0.00124445103575, -0.000298451283015, 0.000108858730528, -0.000267681694822, 0.000690050597768, -0.0057621775195, 0.015426736325]]}, "spectral_contrast_coeffs": {"dmean": [0.0587226673961, 0.0572914332151, 0.0437329635024, 0.0370247885585, 0.0278645996004, 0.0253429766744], "dmean2": [0.0902464687824, 0.0901578739285, 0.0680175051093, 0.0585560500622, 0.0452253967524, 0.0397944971919], "dvar": [0.00281984754838, 0.00255862646736, 0.00142579199746, 0.001137067331, 0.000616174831521, 0.000498620443977], "dvar2": [0.00602650968358, 0.00610000221059, 0.00333573948592, 0.00264257472008, 0.00159230083227, 0.00118359120097], "max": [-0.176005482674, -0.336485654116, -0.449310183525, -0.494980186224, -0.662497520447, -0.649236738682], "mean": [-0.49568811059, -0.660677552223, -0.755640566349, -0.774465084076, -0.808077096939, -0.797155201435], "median": [-0.491825908422, -0.65862339735, -0.774624586105, -0.802364647388, -0.808765411377, -0.797411441803], "min": [-0.977369129658, -0.969078719616, -0.979765355587, -0.969754934311, -0.96870547533, -0.963941514492], "var": [0.016601588577, 0.0102560315281, 0.0101572470739, 0.00763723533601, 0.00139374122955, 0.00145864638034]}, "spectral_contrast_valleys": {"dmean": [0.573321044445, 0.508327901363, 0.430706858635, 0.464012861252, 0.543486595154, 0.602913320065], "dmean2": [0.911260962486, 0.7777338624, 0.645782411098, 0.669069707394, 0.739951848984, 0.773346185684], "dvar": [0.282992243767, 0.216287598014, 0.193975448608, 0.234657481313, 0.319317013025, 0.354600846767], "dvar2": [0.627346038818, 0.46650993824, 0.392102479935, 0.475704669952, 0.64847111702, 0.624036610126], "max": [-5.86155748367, -4.87