{"lowlevel": {"average_loudness": 0.896501004696, "barkbands_crest": {"dmean": 3.66469907761, "dmean2": 5.82070398331, "dvar": 10.3353509903, "dvar2": 23.1741714478, "max": 26.5672893524, "mean": 12.9582138062, "median": 11.7966384888, "min": 2.20490980148, "var": 32.8048744202}, "barkbands_flatness_db": {"dmean": 0.038123589009, "dmean2": 0.0553571134806, "dvar": 0.0011455892818, "dvar2": 0.00244783889502, "max": 0.399364650249, "mean": 0.153187841177, "median": 0.147990643978, "min": 0.0172142609954, "var": 0.0037477768492}, "barkbands_kurtosis": {"dmean": 7.6647362709, "dmean2": 12.0882949829, "dvar": 406.960784912, "dvar2": 1075.9465332, "max": 581.493103027, "mean": 9.43975543976, "median": 3.8192179203, "min": -1.92378520966, "var": 467.522186279}, "barkbands_skewness": {"dmean": 0.936780154705, "dmean2": 1.39677894115, "dvar": 1.14395213127, "dvar2": 2.68637990952, "max": 21.0734653473, "mean": 2.13803863525, "median": 1.75586175919, "min": -2.41054844856, "var": 3.25770664215}, "barkbands_spread": {"dmean": 10.5095281601, "dmean2": 15.7093639374, "dvar": 177.259506226, "dvar2": 354.308898926, "max": 115.248817444, "mean": 22.4664268494, "median": 16.6002082825, "min": 0.477138072252, "var": 353.340515137}, "dissonance": {"dmean": 0.0253527443856, "dmean2": 0.0424339212477, "dvar": 0.0005513196229, "dvar2": 0.00145784916822, "max": 0.5, "mean": 0.455461710691, "median": 0.463529199362, "min": 0.232525289059, "var": 0.00108317751437}, "dynamic_complexity": 3.36694312096, "erbbands_crest": {"dmean": 3.29249882698, "dmean2": 5.30431747437, "dvar": 8.48987770081, "dvar2": 20.1593761444, "max": 29.2184410095, "mean": 10.1199274063, "median": 9.13478088379, "min": 2.26839923859, "var": 22.0750789642}, "erbbands_flatness_db": {"dmean": 0.0269436016679, "dmean2": 0.0374103076756, "dvar": 0.000655860465486, "dvar2": 0.00119095877744, "max": 0.375427901745, "mean": 0.137946590781, "median": 0.131002932787, "min": 0.0409664548934, "var": 0.00276874750853}, "erbbands_kurtosis": {"dmean": 1.60493803024, "dmean2": 2.53858137131, "dvar": 5.72159290314, "dvar2": 13.1366224289, "max": 46.2232246399, "mean": 1.49501395226, "median": 0.486797094345, "min": -1.82886469364, "var": 12.007941246}, "erbbands_skewness": {"dmean": 0.490630626678, "dmean2": 0.756012618542, "dvar": 0.22487577796, "dvar2": 0.49404463172, "max": 5.73170852661, "mean": 0.77196854353, "median": 0.712915837765, "min": -3.30925512314, "var": 0.728734850883}, "erbbands_spread": {"dmean": 13.8069753647, "dmean2": 20.3203010559, "dvar": 236.366470337, "dvar2": 473.291625977, "max": 171.913360596, "mean": 43.3708496094, "median": 37.2923622131, "min": 3.02135205269, "var": 736.322875977}, "hfc": {"dmean": 10.8102426529, "dmean2": 16.2889537811, "dvar": 184.309967041, "dvar2": 430.3565979, "max": 136.58203125, "mean": 21.7113819122, "median": 15.1309833527, "min": 3.38699402726e-12, "var": 393.45980835}, "melbands_crest": {"dmean": 4.1645283699, "dmean2": 6.89368247986, "dvar": 13.5355730057, "dvar2": 32.8799133301, "max": 34.8061523438, "mean": 16.7148857117, "median": 15.7029018402, "min": 2.65821146965, "var": 45.558429718}, "melbands_flatness_db": {"dmean": 0.0452842749655, "dmean2": 0.0655211210251, "dvar": 0.00162569328677, "dvar2": 0.00350910448469, "max": 0.537510573864, "mean": 0.237927258015, "median": 0.23398321867, "min": 0.0167056340724, "var": 0.00604232493788}, "melbands_kurtosis": {"dmean": 16.0984840393, "dmean2": 25.2412586212, "dvar": 1011.17602539, "dvar2": 2378.9765625, "max": 615.477661133, "mean": 25.1065063477, "median": 11.1009101868, "min": -1.78802728653, "var": 1901.4822998}, "melbands_skewness": {"dmean": 1.16424560547, "dmean2": 1.77210116386, "dvar": 1.6265630722, "dvar2": 3.67492103577, "max": 18.8578548431, "mean": 3.25732731819, "median": 2.6474635601, "min": -1.72204446793, "var": 6.1565284729}, "melbands_spread": {"dmean": 8.27144432068, "dmean2": 13.0056114197, "dvar": 174.184860229, "dvar2": 391.045471191, "max": 211.394393921, "mean": 18.2298145294, "median": 13.5610256195, "min": 0.370247781277, "var": 334.251373291}, "pitch_salience": {"dmean": 0.095941953361, "dmean2": 0.153183445334, "dvar": 0.00807238463312, "dvar2": 0.0188505742699, "max": 0.945889413357, "mean": 0.48288461566, "median": 0.499061256647, "min": 0.0520399436355, "var": 0.023784596473}, "silence_rate_20dB": {"dmean": 0, "dmean2": 0, "dvar": 0, "dvar2": 0, "max": 1, "mean": 1, "median": 1, "min": 1, "var": 0}, "silence_rate_30dB": {"dmean": 0.0507257431746, "dmean2": 0.101466991007, "dvar": 0.0481519810855, "dvar2": 0.116236709058, "max": 1, "mean": 0.957378566265, "median": 1, "min": 0, "var": 0.0408070608974}, "silence_rate_60dB": {"dmean": 0.0226126816124, "dmean2": 0.0450794622302, "dvar": 0.0221016723663, "dvar2": 0.0485533922911, "max": 1, "mean": 0.0572868920863, "median": 0, "min": 0, "var": 0.0540074668825}, "spectral_centroid": {"dmean": 294.039276123, "dmean2": 451.967102051, "dvar": 129854.976562, "dvar2": 276186.625, "max": 4514.73632812, "mean": 1134.58679199, "median": 1028.85009766, "min": 176.717269897, "var": 339272.6875}, "spectral_complexity": {"dmean": 3.6259739399, "dmean2": 5.54125928879, "dvar": 22.7654762268, "dvar2": 38.5126419067, "max": 50, "mean": 14.4497404099, "median": 13, "min": 0, "var": 68.8032226562}, "spectral_decrease": {"dmean": 3.3423770418e-09, "dmean2": 4.85852957866e-09, "dvar": 1.79695740198e-17, "dvar2": 4.02143383913e-17, "max": -1.01586747517e-27, "mean": -9.08572683755e-09, "median": -6.78201761417e-09, "min": -5.15905256293e-08, "var": 6.3191734977e-17}, "spectral_energy": {"dmean": 0.0129770729691, "dmean2": 0.0189110636711, "dvar": 0.000259578460827, "dvar2": 0.000579079438467, "max": 0.195959106088, "mean": 0.0362609215081, "median": 0.0274702720344, "min": 3.07214561865e-16, "var": 0.000947151158471}, "spectral_energyband_high": {"dmean": 0.000807306729257, "dmean2": 0.00123156898189, "dvar": 1.43706995459e-06, "dvar2": 3.44441082234e-06, "max": 0.0101553611457, "mean": 0.000918799836654, "median": 0.000344428990502, "min": 2.05670544847e-16, "var": 1.67645976035e-06}, "spectral_energyband_low": {"dmean": 0.0107808355242, "dmean2": 0.0161677636206, "dvar": 0.000293240969768, "dvar2": 0.000640879734419, "max": 0.193660974503, "mean": 0.0186748541892, "median": 0.00857625808567, "min": 4.13168154651e-18, "var": 0.000674700830132}, "spectral_energyband_middle_high": {"dmean": 0.00189184257761, "dmean2": 0.0029229617212, "dvar": 1.19736423585e-05, "dvar2": 2.87464772555e-05, "max": 0.0892105847597, "mean": 0.00435756938532, "median": 0.00156041723676, "min": 5.94346475476e-17, "var": 4.87484321638e-05}, "spectral_energyband_middle_low": {"dmean": 0.0050890147686, "dmean2": 0.008150793612, "dvar": 5.15581741638e-05, "dvar2": 0.000129547595861, "max": 0.110133871436, "mean": 0.012654889375, "median": 0.00906236469746, "min": 5.14588355966e-18, "var": 0.000146072416101}, "spectral_entropy": {"dmean": 0.318562805653, "dmean2": 0.439263701439, "dvar": 0.0970816165209, "dvar2": 0.189830422401, "max": 8.88234615326, "mean": 7.5118522644, "median": 7.50158023834, "min": 5.20482873917, "var": 0.302066147327}, "spectral_flux": {"dmean": 0.0309659261256, "dmean2": 0.0466308183968, "dvar": 0.000979340868071, "dvar2": 0.00219255383126, "max": 0.327242940664, "mean": 0.0958136990666, "median": 0.0843141227961, "min": 8.95887278602e-05, "var": 0.00305506540462}, "spectral_kurtosis": {"dmean": 1.96177661419, "dmean2": 2.83500695229, "dvar": 5.76460313797, "dvar2": 12.1161556244, "max": 71.1408615112, "mean": 5.00228404999, "median": 4.225522995, "min": -1.44203805923, "var": 17.9682235718}, "spectral_rms": {"dmean": 0.00101883802563, "dmean2": 0.00147530995309, "dvar": 1.0173962437e-06, "dvar2": 2.23289725909e-06, "max": 0.0138267716393, "mean": 0.0054067261517, "median": 0.00517689716071, "min": 5.47468292922e-10, "var": 6.14383452557e-06}, "spectral_rolloff": {"dmean": 1039.52514648, "dmean2": 1793.72497559, "dvar": 4685829, "dvar2": 10417034, "max": 19164.5507812, "mean": 1521.68310547, "median": 689.0625, "min": 64.599609375, "var": 6039155.5}, "spectral_skewness": {"dmean": 0.289232820272, "dmean2": 0.423008710146, "dvar": 0.0880345255136, "dvar2": 0.176235184073, "max": 6.581346035, "mean": 1.78309595585, "median": 1.75953102112, "min": 0.11019808054, "var": 0.362154275179}, "spectral_spread": {"dmean": 1444534, "dmean2": 1830288.125, "dvar": 2073672941570.0, "dvar2": 3218957139970.0, "max": 21219434, "mean": 6335440, "median": 5771283, "min": 1177000.75, "var": 8077243842560.0}, "spectral_strongpeak": {"dmean": 0.499579519033, "dmean2": 0.834424376488, "dvar": 0.767117321491, "dvar2": 1.86246049404, "max": 12.6785440445, "mean": 0.876432478428, "median": 0.458778738976, "min": 0, "var": 1.52864062786}, "zerocrossingrate": {"dmean": 0.0220907535404, "dmean2": 0.025418009609, "dvar": 0.000615725992247, "dvar2": 0.000757563393563, "max": 0.45751953125, "mean": 0.0647862553596, "median": 0.048828125, "min": 0.0029296875, "var": 0.00279769208282}, "barkbands": {"dmean": [0.000460165203549, 0.0103483302519, 0.00167645362671, 0.000862264016178, 0.00177980412263, 0.00182338082232, 0.000468395504868, 0.00095709040761, 0.00181018409785, 0.000511317222845, 0.000677373784129, 0.000277935381746, 0.000329567905283, 0.000305491004838, 0.000271181110293, 0.00017337583995, 0.000149474057253, 0.000127799256006, 8.30481003504e-05, 9.66860825429e-05, 7.36280635465e-05, 7.44250428397e-05, 8.25640381663e-05, 0.000148302046, 0.000200709371711, 0.000210536760278, 2.82469663944e-05], "dmean2": [0.000733258726541, 0.0156985092908, 0.00291396817192, 0.00149166199844, 0.00292235310189, 0.00305910338648, 0.000735224748496, 0.00151765439659, 0.00270582968369, 0.000805546471383, 0.00108685495798, 0.000442600343376, 0.000532189034857, 0.000514210492838, 0.000436063826783, 0.000279355270322, 0.000237359505263, 0.000206114316825, 0.00012581764895, 0.000150618099724, 0.000119512325909, 0.000122774988995, 0.00013272392971, 0.000232026039157, 0.000311393814627, 0.000312464369927, 4.2933585064e-05], "dvar": [5.97139717229e-07, 0.000300941086607, 2.19550929614e-05, 4.3373556764e-06, 9.75559214567e-06, 1.07706255221e-05, 2.02450291908e-06, 4.20289870817e-06, 1.65847959579e-05, 2.91694595944e-06, 4.63770084025e-06, 6.80859272961e-07, 4.34627054346e-07, 1.27858334054e-06, 9.75179091256e-07, 1.39992963e-07, 1.37610342676e-07, 5.0481080649e-08, 1.92050109149e-08, 3.76910982425e-08, 1.5554931565e-08, 1.77833605619e-08, 2.00771133052e-08, 6.8535420894e-08, 9.15265161439e-08, 9.35882766839e-08, 2.19654028299e-09], "dvar2": [1.4474147747e-06, 0.000663900282234, 5.74363839405e-05, 1.23082363643e-05, 2.52006120718e-05, 2.69963911705e-05, 4.35304446e-06, 1.10547298391e-05, 3.74939736503e-05, 6.78327614878e-06, 1.12586003524e-05, 1.60414776929e-06, 1.06870265881e-06, 3.12870679409e-06, 2.552330443e-06, 3.51397346776e-07, 3.16505435194e-07, 1.36232387149e-07, 3.97326687107e-08, 9.30305716906e-08, 3.97690023135e-08, 4.65965612761e-08, 5.11766344857e-08, 1.68898154129e-07, 2.12448512116e-07, 2.08713657912e-07, 4.87897988677e-09], "max": [0.0102246999741, 0.18964664638, 0.0435465835035, 0.0213700253516, 0.049637824297, 0.0988282486796, 0.0335506796837, 0.0345270261168, 0.0925275310874, 0.0417645610869, 0.0801934450865, 0.0194184649736, 0.0141356801614, 0.0355269424617, 0.0247579235584, 0.00651438394561, 0.00520251505077, 0.00475240591913, 0.00315393600613, 0.00394355179742, 0.00223351852037, 0.00172263605054, 0.00191103841644, 0.00222473382019, 0.00204081716947, 0.00188442738727, 0.000314774748404], "mean": [0.000634417403489, 0.0163567960262, 0.001452357159, 0.000858919403981, 0.00273876870051, 0.00303196976893, 0.00082564848708, 0.00163631374016, 0.00332668726332, 0.000789228943177, 0.00110929389484, 0.000411202403484, 0.000469657796202, 0.000430900894571, 0.000393604626879, 0.000234680963331, 0.000183231124538, 0.000224546834943, 0.000133898647618, 0.000206299111596, 8.32273435663e-05, 8.26915274956e-05, 9.34710478759e-05, 0.000143625438795, 0.000185678887647, 0.000197687171749, 2.60906035692e-05], "median": [0.000247592513915, 0.00666937092319, 0.000306071015075, 0.000325168133713, 0.00148175982758, 0.00140447542071, 0.000227325013839, 0.000570950680412, 0.000773578649387, 0.000127147388412, 0.000174058310222, 6.55138719594e-05, 0.00016563796089, 5.8475023252e-05, 7.1401547757e-05, 7.43793061702e-05, 4.28926105087e-05, 0.000110944885819, 5.25795985595e-05, 7.8139550169e-05, 2.51862002187e-05, 2.87344773824e-05, 3.57204771717e-05, 3.78240474674e-05, 3.65828345821e-05, 2.96498783428e-05, 3.5103519167e-06], "min": [1.34296153549e-18, 1.8967543027e-18, 1.08573493816e-18, 8.98606107483e-19, 1.36630240102e-18, 4.81523289564e-19, 4.13560863817e-19, 7.9312491465e-19, 1.06057696361e-18, 2.90184523159e-19, 1.40988592711e-18, 4.6888203627e-18, 2.19430874662e-18, 4.87200695397e-18, 9.85215536533e-18, 2.12311682682e-18, 3.45326357686e-18, 1.37464522061e-17, 1.43512957689e-17, 5.22983039771e-18, 1.8861407069e-17, 1.01146751948e-17, 1.23155232177e-17, 2.29334435167e-17, 2.68689223714e-17, 4.09052691221e-17, 8.51430437914e-17], "var": [9.30124997467e-07, 0.000584548222832, 1.67509042512e-05, 3.01465047414e-06, 1.51868052853e-05, 2.17062734009e-05, 3.67635925613e-06, 7.70123278926e-06, 4.56388042949e-05, 6.3730904003e-06, 1.29774080051e-05, 1.60908007274e-06, 7.78951573466e-07, 2.9496377465e-06, 1.63884487847e-06, 2.25949492005e-07, 1.84561002925e-07, 1.20049861607e-07, 4.60650220191e-08, 1.32710752609e-07, 2.15120827818e-08, 2.2955941148e-08, 2.4687857092e-08, 6.77059333043e-08, 9.58992316669e-08, 1.09637916523e-07, 2.4226991524e-09]}, "erbbands": {"dmean": [0.336445599794, 2.33860683441, 2.54424500465, 1.86000359058, 4.01327896118, 6.51124382019, 12.0188751221, 18.1164646149, 6.0417714119, 11.0928106308, 23.1785755157, 45.2897109985, 20.7142601013, 15.1424331665, 26.5889320374, 10.0642757416, 13.9357337952, 12.4959936142, 17.0509605408, 10.5804958344, 8.534324646, 8.42802429199, 7.11981868744, 4.80649185181, 4.22309017181, 4.44315624237, 2.79237675667, 3.19784641266, 2.43015313148, 2.51495742798, 2.3128156662, 2.39525914192, 2.86694931984, 2.20588755608, 1.47713816166, 0.952792942524, 0.399129748344, 0.0648006573319, 0.00473479600623, 0.000116047922347], "dmean2": [0.509292185307, 3.58738541603, 4.03955554962, 3.21920132637, 6.83412027359, 10.763967514, 19.1232948303, 30.9677810669, 9.92970466614, 17.413898468, 36.8561782837, 67.2362289429, 32.0349311829, 23.8396892548, 41.8634643555, 15.9077100754, 22.6765861511, 20.8816680908, 27.8972263336, 16.8129920959, 13.2975625992, 13.3666467667, 11.5911445618, 7.46792840958, 6.3478064537, 6.85037469864, 4.37683296204, 5.30053663254, 3.94256401062, 4.09920883179, 3.66997981071, 3.71156001091, 4.56571388245, 3.5323381424, 2.25421929359, 1.44065403938, 0.584085762501, 0.0986115187407, 0.00702843861654, 0.000173619599082], "dvar": [0.329874277115, 17.0089187622, 37.44272995, 26.6832389832, 58.4241638184, 131.842575073, 525.860534668, 1170.41992188, 238.355484009, 663.419494629, 2214.2253418, 12139.9091797, 3497.11010742, 2141.83862305, 8231.55957031, 723.358276367, 781.833679199, 1244.05175781, 3370.62792969, 975.671936035, 312.429870605, 402.453704834, 179.35383606, 70.0078201294, 56.3400764465, 74.2463989258, 20.9418907166, 36.1597824097, 17.2151622772, 21.4903774261, 15.478852272, 15.5588092804, 28.3949508667, 12.1949949265, 4.74055719376, 1.97226369381, 0.365234822035, 0.00951976701617, 7.53282947699e-05, 3.78113576005e-08], "dvar2": [0.761616766453, 36.2002601624, 91.6163101196, 73.9604721069, 164.135452271, 341.026947021, 1209.78198242, 3284.12402344, 515.054382324, 1555.66186523, 5715.70849609, 26720.3398438, 8003.96630859, 5465.40283203, 18458.6757812, 1648.5234375, 1919.51293945, 2969.57421875, 8156.67480469, 2500.00463867, 703.229675293, 913.074401855, 508.197021484, 164.917984009, 129.222213745, 174.666702271, 50.0867767334, 95.8144836426, 42.8145637512, 56.0689926147, 38.7339706421, 38.0004234314, 70.7760314941, 29.7966499329, 10.6215810776, 4.57570362091, 0.778900980949, 0.0210631545633, 0.00016793620307, 9.04323584905e-08], "max": [6.85159015656, 42.3677978516, 55.1237106323, 61.8091087341, 104.225410461, 230.986114502, 525.022521973, 884.706848145, 401.730407715, 497.450408936, 881.23248291, 2626.68115234, 1490.46582031, 1519.43188477, 3874.01904297, 700.365966797, 708.491638184, 1285.17468262, 1444.64355469, 877.981933594, 392.612487793, 318.780456543, 332.713348389, 189.55279541, 192.681472778, 209.219039917, 99.9583435059, 79.9473953247, 68.2434005737, 59.4702568054, 79.3823165894, 39.1336517334, 47.0947265625, 23.4414787292, 14.1811885834, 7.59598255157, 4.0042681694, 0.648238480091, 0.0681456774473, 0.00159491284285], "mean": [0.503637671471, 3.44333124161, 2.90686273575, 1.92760229111, 4.58224391937, 9.80577278137, 19.5970134735, 28.7925853729, 10.9465847015, 22.6339225769, 41.4639205933, 81.7986526489, 38.4639816284, 24.6677818298, 45.6778182983, 16.6534767151, 21.4614219666, 19.2055492401, 26.9220848083, 15.5416679382, 12.4213485718, 11.283249855, 12.3039979935, 8.60286903381, 7.59487915039, 9.42067623138, 4.41052055359, 3.34972834587, 2.85077309608, 2.85394191742, 2.64387845993, 2.51110434532, 2.65358090401, 1.96927392483, 1.38740003109, 0.889027535915, 0.382118612528, 0.0586171522737, 0.00454345019534, 0.000145919926581], "median": [0.173073768616, 1.3400400877, 0.826729059219, 0.812638521194, 2.32650518417, 4.71713447571, 9.68668937683, 10.6870059967, 3.96027755737, 8.18311691284, 17.6040039062, 19.198513031, 8.92647171021, 7.88678979874, 6.28422737122, 3.26285552979, 7.7843208313, 4.86797523499, 3.77870464325, 4.31023550034, 4.14029836655, 3.11794805527, 6.46521234512, 3.37257862091, 2.92060995102, 3.55946445465, 1.90863859653, 0.963833272457, 1.10842525959, 1.01311600208, 0.994623184204, 0.799008488655, 0.60457444191, 0.36500698328, 0.267969846725, 0.152798175812, 0.0532596558332, 0.00749158812687, 0.000614230171777, 7.01951721567e-05], "min": [7.12488910423e-17, 3.75477873526e-16, 1.14638275526e-15, 2.38053887617e-15, 3.75599099823e-15, 4.64734833258e-15, 4.50821766528e-15, 3.76808662872e-15, 4.68946873995e-15, 1.04014366903e-14, 2.02694560761e-14, 2.44294872959e-14, 1.42397029633e-14, 1.84669581059e-14, 9.84917849318e-14, 1.92689153479e-13, 1.17926650975e-13, 1.53757120426e-13, 5.22335918008e-13, 2.86876642233e-13, 1.66434479588e-13, 2.2334831738e-13, 7.92851461567e-13, 4.8435832168e-13, 6.92583035193e-13, 3.10976504964e-13, 8.28519490428e-13, 5.06498868454e-13, 2.52379633034e-13, 5.60558110346e-13, 2.75316444989e-13, 5.28984733621e-13, 3.80624758057e-13, 2.60885443023e-13, 2.30133918649e-13, 1.65490532519e-13, 8.49207653524e-14, 2.98306233773e-14, 1.05007174221e-14, 1.38294126974e-15], "var": [0.637873113155, 28.7818508148, 37.8364830017, 18.5302047729, 48.8775177002, 214.831115723, 984.876647949, 2140.74951172, 472.608306885, 1546.93554688, 4084.04614258, 31980.2167969, 8979.41210938, 3854.35400391, 26178.0917969, 2064.04614258, 1638.83337402, 2648.3605957, 7694.56591797, 1596.7623291, 535.994018555, 599.275268555, 375.638122559, 168.03616333, 156.204940796, 261.08480835, 47.7460098267, 40.2948570251, 24.7742996216, 28.7473125458, 18.8631191254, 17.2290782928, 26.1098461151, 11.5085382462, 5.3145866394, 2.18899106979, 0.444828480482, 0.0105773033574, 8.46133843879e-05, 4.10066007817e-08]}, "gfcc": {"mean": [2.14222121239, 75.8059616089, -83.184753418, 16.3481864929, -54.8090705872, 11.10085392, -33.761013031, 19.4736232758, -22.3753528595, 9.14370632172, -13.9362783432, 5.20899534225, -8.96284580231], "cov": [[6030.54443359, -525.507873535, -222.609191895, 23.9480056763, 366.116546631, 311.41784668, 46.5069389343, 258.242736816, 49.067150116, 227.984970093, -50.330745697, 72.7888183594, -43.5979804993], [-525.507873535, 1874.47802734, -379.765289307, 1.86650836468, 240.291000366, -56.4109764099, 273.812347412, 66.0668334961, 187.269195557, -6.00236749649, 236.393508911, -73.5987319946, 59.3834648132], [-222.609191895, -379.765289307, 1093.11340332, 219.206954956, -18.8310871124, 174.679031372, -77.6184082031, 37.46068573, 29.8099269867, 67.2834091187, -81.1217422485, 68.2012634277, -31.3981075287], [23.9480056763, 1.86650836468, 219.206954956, 517.32824707, 178.86605835, 140.201797485, 71.4654006958, 44.4362869263, 124.568992615, 49.1305809021, 24.6274757385, 24.8067588806, 30.0460853577], [366.116546631, 240.291000366, -18.8310871124, 178.86605835, 428.382263184, 138.578643799, 115.082771301, 128.104568481, 83.3582992554, 70.6301422119, 44.616645813, 23.3678474426, 7.18913173676], [311.41784668, -56.4109764099, 174.679031372, 140.201797485, 138.578643799, 295.355895996, 128.229110718, 47.7462844849, 39.0951576233, 52.609664917, 19.6625366211, 4.63062858582, -16.9351577759], [46.5069389343, 273.812347412, -77.6184082031, 71.4654006958, 115.082771301, 128.229110718, 262.98815918, 72.6588745117, 60.2284049988, 26.4917106628, 78.1133575439, -16.1508522034, 8.98451042175], [258.242736816, 66.0668334961, 37.46068573, 44.4362869263, 128.104568481, 47.7462844849, 72.6588745117, 181.414627075, 72.6242294312, 26.4348888397, -0.53003269434, 10.0958423615, 13.2170553207], [49.067150116, 187.269195557, 29.8099269867, 124.568992615, 83.3582992554, 39.0951576233, 60.2284049988, 72.6242294312, 165.727783203, 51.5802345276, 16.5901927948, -2.49512505531, 28.6146373749], [227.984970093, -6.00236749649, 67.2834091187, 49.1305809021, 70.6301422119, 52.609664917, 26.4917106628, 26.4348888397, 51.5802345276, 99.4181060791, 29.7670402527, 5.02331495285, -6.19918966293], [-50.330745697, 236.393508911, -81.1217422485, 24.6274757385, 44.616645813, 19.6625366211, 78.1133575439, -0.53003269434, 16.5901927948, 29.7670402527, 123.179267883, 12.6353788376, 7.05463218689], [72.7888183594, -73.5987319946, 68.2012634277, 24.8067588806, 23.3678474426, 4.63062858582, -16.1508522034, 10.0958423615, -2.49512505531, 5.02331495285, 12.6353788376, 80.923576355, 27.2840385437], [-43.5979804993, 59.3834648132, -31.3981075287, 30.0460853577, 7.18913173676, -16.9351577759, 8.98451042175, 13.2170553207, 28.6146373749, -6.19918966293, 7.05463218689, 27.2840385437, 82.2158432007]], "icov": [[0.000231948200963, 6.85628083374e-06, 0.000204128940823, -5.21369702255e-06, 2.0008705178e-05, -0.000296631071251, 0.000143492652569, -0.000337647943525, 0.000181187409908, -0.000636004842818, 0.000320986990118, -0.000346535642166, 0.000150099018356], [6.85628083374e-06, 0.00126851990353, -0.000231752972468, 0.000591212708969, -0.0010089520365, 0.000734829809517, -0.000562381232157, 0.000551903969608, -0.00171095435508, 0.00174699840136, -0.00242136977613, 0.00165548129007, -0.000619251979515], [0.000204128940823, -0.000231752972468, 0.00172733108047, -0.000754813256208, 0.000952850212343, -0.00132891116664, 0.000799267436378, -0.000956233823672, 0.000610637420323, -0.00186063838191, 0.001686217729, -0.00203873892315, 0.0010995430639], [-5.21369702255e-06, 0.000591212708969, -0.000754813256208, 0.00345775182359, -0.00162699224893, -0.000328155205352, -0.000235429746681, 0.00138295907527, -0.00295065157115, 0.00177092174999, -0.00157888687681, 0.000794471299741, -0.00107131560799], [2.0008705178e-05, -0.0010089520365, 0.000952850212343, -0.00162699224893, 0.00504774553701, -0.00175599718932, 0.000398983713239, -0.00289528421126, 0.00175686739385, -0.00319345248863, 0.00181681138929, -0.00258017610759, 0.00116470316425], [-0.000296631071251, 0.000734829809517, -0.00132891116664, -0.000328155205352, -0.00175599718932, 0.00707722268999, -0.00379735301249, 0.00141307199374, -0.000379675067961, 0.000269535259577, -0.000588694936596, 0.00121014146134, 0.000524893461261], [0.000143492652569, -0.000562381232157, 0.000799267436378, -0.000235429746681, 0.000398983713239, -0.00379735301249, 0.00813625287265, -0.00270201149397, -0.000147397760884, 0.000416069146013, -0.00319925532676, 0.00146833306644, -0.000528351054527], [-0.000337647943525, 0.000551903969608, -0.000956233823672, 0.00138295907527, -0.00289528421126, 0.00141307199374, -0.00270201149397, 0.00982029922307, -0.00421320647001, 0.0021702372469, 0.000550134223886, 3.5724886402e-05, -0.000616521167103], [0.000181187409908, -0.00171095435508, 0.000610637420323, -0.00295065157115, 0.00175686739385, -0.000379675067961, -0.000147397760884, -0.00421320647001, 0.0135585730895, -0.00775532145053, 0.00406138459221, -0.000218932516873, -0.002474560868], [-0.000636004842818, 0.00174699840136, -0.00186063838191, 0.00177092174999, -0.00319345248863, 0.000269535259577, 0.000416069146013, 0.0021702372469, -0.00775532145053, 0.0198813509196, -0.00849520601332, 0.00350651051849, 0.000747083162423], [0.000320986990118, -0.00242136977613, 0.001686217729, -0.00157888687681, 0.00181681138929, -0.000588694936596, -0.00319925532676, 0.000550134223886, 0.00406138459221, -0.00849520601332, 0.0179450437427, -0.0074496474117, 0.00199950672686], [-0.000346535642166, 0.00165548129007, -0.00203873892315, 0.000794471299741, -0.00258017610759, 0.00121014146134, 0.00146833306644, 3.5724886402e-05, -0.000218932516873, 0.00350651051849, -0.0074496474117, 0.0202042404562, -0.0078648775816], [0.000150099018356, -0.000619251979515, 0.0010995430639, -0.00107131560799, 0.00116470316425, 0.000524893461261, -0.000528351054527, -0.000616521167103, -0.002474560868, 0.000747083162423, 0.00199950672686, -0.0078648775816, 0.0170205775648]]}, "melbands": {"dmean": [0.00296364561655, 0.00182399153709, 0.000411391898524, 0.000324274849845, 0.000404978665756, 0.000371861184249, 9.53518683673e-05, 0.000146312988363, 0.000205637479667, 0.000290432944894, 9.95327791316e-05, 6.20024147793e-05, 8.6650121375e-05, 4.21099102823e-05, 2.36041869357e-05, 3.90911154682e-05, 2.30042824114e-05, 3.10776558763e-05, 1.85014268936e-05, 1.36262888191e-05, 9.46612726693e-06, 1.08264794108e-05, 5.71714190301e-06, 6.06622052146e-06, 3.96949872083e-06, 3.37885876434e-06, 3.50052732756e-06, 3.19473406307e-06, 1.94987728719e-06, 1.66764414189e-06, 2.18074455915e-06, 1.41773011819e-06, 1.42919020618e-06, 1.5009437675e-06, 1.46552508795e-06, 1.25604753975e-06, 1.47533773998e-06, 1.91527556126e-06, 1.85081853488e-06, 2.02356795853e-06], "dmean2": [0.0044863880612, 0.00276366854087, 0.000694140442647, 0.000545010494534, 0.00064522906905, 0.000632275594398, 0.000154059336637, 0.000231347323279, 0.000326706183841, 0.000429029227234, 0.000154499372002, 9.69337488641e-05, 0.00013896683231, 6.51890804875e-05, 3.77450814995e-05, 6.3582934672e-05, 3.84947597922e-05, 5.08871817146e-05, 2.94949404633e-05, 2.26196079893e-05, 1.46842667164e-05, 1.74140513991e-05, 9.60702072916e-06, 9.69038774201e-06, 6.21908338871e-06, 5.17285343449e-06, 5.51743460164e-06, 4.95183485327e-06, 3.0732931009e-06, 2.67876021098e-06, 3.79759171665e-06, 2.36666187448e-06, 2.30308455684e-06, 2.48535093306e-06, 2.3826269171e-06, 1.95140410142e-06, 2.28269868785e-06, 3.05700882564e-06, 2.93721586786e-06, 3.28331339006e-06], "dvar": [2.47380412475e-05, 1.15900347737e-05, 9.56281610343e-07, 3.36157853553e-07, 5.76166542032e-07, 4.85215139179e-07, 6.40424318021e-08, 1.03776450544e-07, 1.72661245301e-07, 5.11881751208e-07, 8.77710490954e-08, 3.83448046648e-08, 7.7708151025e-08, 1.42473730591e-08, 8.28340773751e-09, 6.43289199687e-09, 5.52929657616e-09, 1.32547395282e-08, 7.02103397643e-09, 9.63493396178e-10, 4.06622790994e-10, 7.86517628804e-10, 1.15136650214e-10, 1.18315940378e-10, 5.16494659542e-11, 3.99670192774e-11, 6.55853565901e-11, 3.82013830291e-11, 1.26346069024e-11, 9.96388128255e-12, 2.2270647132e-11, 5.98274554897e-12, 7.07103429629e-12, 8.52857454797e-12, 7.00789773433e-12, 3.71342843627e-12, 6.06269765294e-12, 1.21657241572e-11, 1.05709269463e-11, 1.0572201968e-11], "dvar2": [5.70315423829e-05, 2.38618376898e-05, 2.61445597971e-06, 9.30308374336e-07, 1.33895048293e-06, 1.31997410335e-06, 1.38130928917e-07, 2.5618305699e-07, 4.43212059054e-07, 1.10622374905e-06, 2.02334987875e-07, 9.39373947517e-08, 1.84718174978e-07, 3.17942792094e-08, 1.95211455889e-08, 1.60469593169e-08, 1.32583339862e-08, 3.11994234892e-08, 1.89319635524e-08, 2.45629494522e-09, 8.68002003607e-10, 1.87764293003e-09, 3.31397381759e-10, 2.88174872853e-10, 1.26613608487e-10, 8.49713216455e-11, 1.82979353891e-10, 8.62935070622e-11, 2.94914891119e-11, 2.48835362038e-11, 6.16082115878e-11, 1.57510445659e-11, 1.81384195858e-11, 2.25319034264e-11, 1.7855083731e-11, 9.04418553938e-12, 1.4835245879e-11, 3.04261164874e-11, 2.59463023983e-11, 2.63624452129e-11], "max": [0.0580896809697, 0.0333738364279, 0.0108257289976, 0.00937138404697, 0.015869691968, 0.0193439926952, 0.0053886314854, 0.00567100849003, 0.007284370251, 0.0177970770746, 0.00718406634405, 0.00558279501274, 0.0109652979299, 0.00382969528437, 0.00293175107799, 0.00193058012519, 0.0026678359136, 0.00336617114954, 0.00261027691886, 0.000559341278858, 0.000444215344032, 0.000465802790131, 0.000246558804065, 0.000277146929875, 0.000162328753504, 0.000174070766661, 0.000157260481501, 0.000145510173752, 9.99178810162e-05, 7.64036740293e-05, 4.4165939471e-05, 4.49596445833e-05, 4.80057860841e-05, 3.56989039574e-05, 5.31665391463e-05, 2.04299230973e-05, 2.70536747848e-05, 4.25290345447e-05, 2.75283236988e-05, 2.24455397984e-05], "mean": [0.00461833039299, 0.00267223757692, 0.000435281690443, 0.000471413688501, 0.000679831544403, 0.000599802006036, 0.000171025269083, 0.000285394169623, 0.000354383111699, 0.000523424765561, 0.000178444082849, 9.54959250521e-05, 0.000144489953527, 6.9105415605e-05, 3.61652164429e-05, 5.53673562536e-05, 3.23280110024e-05, 4.74538028357e-05, 2.52921872743e-05, 1.8572090994e-05, 1.28784677145e-05, 1.29517929963e-05, 8.99615588423e-06, 1.06163197415e-05, 6.51922800898e-06, 5.18098750035e-06, 6.36298091194e-06, 6.43170005787e-06, 3.15297802445e-06, 1.91918024939e-06, 1.97868916985e-06, 1.65790584106e-06, 1.49987670284e-06, 1.64818959547e-06, 1.60167223839e-06, 1.39830694934e-06, 1.52698328293e-06, 1.77923936917e-06, 1.69557893059e-06, 1.73693888428e-06], "median": [0.00182723253965, 0.00103471369948, 0.000184101838386, 0.000265119888354, 0.000352417468093, 0.000233627259149, 5.6781595049e-05, 9.75669609034e-05, 0.000134475383675, 0.000111768349598, 3.46050437656e-05, 2.47644293268e-05, 2.08219826163e-05, 1.01295072454e-05, 6.22080642643e-06, 1.85857752513e-05, 5.73323268327e-06, 5.16144609719e-06, 5.29537419425e-06, 5.58391457162e-06, 3.90496825275e-06, 2.77984736385e-06, 4.57143323729e-06, 4.89380545332e-06, 2.35607240029e-06, 1.9146455088e-06, 1.92357128981e-06, 2.48697097049e-06, 1.34097547289e-06, 5.47551394448e-07, 4.45667268423e-07, 7.02317549894e-07, 4.030999321e-07, 5.88908562804e-07, 5.87733552493e-07, 5.01885210724e-07, 4.91953812798e-07, 4.37481332938e-07, 3.51237389395e-07, 2.80049789581e-07], "min": [6.4522569321e-19, 5.75028458091e-19, 4.53380588872e-19, 3.10045388161e-19, 1.69859406213e-19, 8.53171338258e-20, 7.51229017955e-20, 1.25711213032e-19, 1.74366235157e-19, 1.50517907239e-19, 6.57928925597e-20, 5.69040678583e-20, 2.51943368905e-19, 5.01768069767e-19, 4.47266431676e-19, 1.56163479543e-19, 2.95282359726e-19, 8.34332002539e-19, 6.80771091697e-19, 1.37504469197e-19, 2.24076998237e-19, 1.77534091334e-19, 5.4861627094e-19, 6.8683334331e-19, 3.12536571822e-19, 7.25512515548e-19, 2.19235225768e-19, 1.64527878198e-19, 5.42352600848e-19, 3.52547634094e-19, 2.72670757297e-19, 8.18004013009e-20, 2.92200491559e-19, 2.95584435746e-19, 9.1086414868e-20, 3.00303888882e-19, 3.21627105809e-19, 1.87052471567e-19, 3.51699696418e-19, 1.66842523422e-19], "var": [4.75643610116e-05, 1.90952650883e-05, 7.218171163e-07, 4.10478293134e-07, 1.09632424028e-06, 9.0766923222e-07, 1.23014970654e-07, 2.38287015009e-07, 3.33131879415e-07, 1.40057466069e-06, 2.28895657983e-07, 7.33031839673e-08, 2.38791614038e-07, 4.05940028259e-08, 2.28211352038e-08, 1.16943530415e-08, 1.17967244861e-08, 3.0770799242e-08, 8.98066243593e-09, 1.69015390572e-09, 6.62302879206e-10, 1.03204589319e-09, 2.05289049648e-10, 3.24692078779e-10, 1.10000349107e-10, 9.21290543854e-11, 1.75527162249e-10, 1.25939023099e-10, 3.05934375056e-11, 1.41967392703e-11, 1.87673158264e-11, 7.87184553652e-12, 9.14631217985e-12, 1.01985277862e-11, 7.73334347948e-12, 4.85518483057e-12, 6.54090930724e-12, 1.14661231898e-11, 9.76047975082e-12, 9.53180503277e-12]}, "mfcc": {"mean": [-659.114746094, 122.479499817, 22.0744285583, 16.7194080353, 4.88384056091, -3.86423063278, 3.30637693405, 4.61781787872, 1.41160130501, 8.08450984955, 0.820291817188, 0.998473405838, -0.846913635731], "cov": [[5516.37548828, -113.592277527, -632.405944824, -102.834777832, 184.784988403, 119.474143982, 158.320144653, 78.8408966064, 133.253692627, 214.059402466, 77.5773696899, 35.7815284729, 121.689865112], [-113.592277527, 1587.98217773, -360.70098877, 67.5301971436, 10.0738573074, -56.6734580994, 96.3261260986, 104.683250427, -48.4356765747, 213.756515503, 69.4784469604, 37.8907089233, 84.0760345459], [-632.405944824, -360.70098877, 1006.70562744, 55.4458847046, 78.7749938965, 132.839920044, -35.8085403442, -23.7557430267, 104.816192627, -122.638687134, 72.0799865723, 54.4546546936, 3.69948482513], [-102.834777832, 67.5301971436, 55.4458847046, 352.91027832, 156.003768921, 82.032875061, 23.2728176117, 70.5229263306, 84.3788986206, 48.7866630554, 32.6171760559, 86.8884811401, 54.1558151245], [184.784988403, 10.0738573074, 78.7749938965, 156.003768921, 312.861419678, 95.0900802612, 43.8091583252, 62.7887229919, 108.471534729, 26.8996658325, 51.3989448547, 54.8381500244, 57.0985298157], [119.474143982, -56.6734580994, 132.839920044, 82.032875061, 95.0900802612, 259.003540039, 112.014503479, 46.3524055481, 68.0400848389, 20.8345985413, 80.8653564453, 52.387638092, 28.2629756927], [158.320144653, 96.3261260986, -35.8085403442, 23.2728176117, 43.8091583252, 112.014503479, 229.158630371, 95.2097625732, 14.5078134537, 66.9255142212, 60.2078819275, 23.0504226685, 24.4894428253], [78.8408966064, 104.683250427, -23.7557430267, 70.5229263306, 62.7887229919, 46.3524055481, 95.2097625732, 152.884811401, 74.4384765625, 53.0798568726, 32.8385658264, 32.9142608643, 39.3680496216], [133.253692627, -48.4356765747, 104.816192627, 84.3788986206, 108.471534729, 68.0400848389, 14.5078134537, 74.4384765625, 185.410812378, 49.1946678162, 41.0040550232, 40.4063453674, 31.8770046234], [214.059402466, 213.756515503, -122.638687134, 48.7866630554, 26.8996658325, 20.8345985413, 66.9255142212, 53.0798568726, 49.1946678162, 173.817062378, 46.0342063904, 14.694934845, 17.8526935577], [77.5773696899, 69.4784469604, 72.0799865723, 32.6171760559, 51.3989448547, 80.8653564453, 60.2078819275, 32.8385658264, 41.0040550232, 46.0342063904, 135.025558472, 62.2450790405, 8.20688247681], [35.7815284729, 37.8907089233, 54.4546546936, 86.8884811401, 54.8381500244, 52.387638092, 23.0504226685, 32.9142608643, 40.4063453674, 14.694934845, 62.2450790405, 107.667221069, 34.4905509949], [121.689865112, 84.0760345459, 3.69948482513, 54.1558151245, 57.0985298157, 28.2629756927, 24.4894428253, 39.3680496216, 31.8770046234, 17.8526935577, 8.20688247681, 34.4905509949, 97.837059021]], "icov": [[0.000235059938859, 9.05678753043e-05, 0.000188369318494, 0.000219942317926, -0.000143603116157, -8.05707022664e-05, -3.72551185137e-05, 0.000103435369965, -0.000133372930577, -0.000220054789679, -7.31348336558e-05, -7.27385340724e-05, -0.000308890332235], [9.05678753043e-05, 0.000941681966651, 0.000197912901058, 2.01606526389e-05, -6.90782253514e-05, 0.000257071020314, 0.000139718205901, -0.000467566394946, 0.000720695301425, -0.00104553392157, -0.000529103504959, -1.5373192582e-05, -0.00081553281052], [0.000188369318494, 0.000197912901058, 0.00156684650574, 4.55659119325e-07, -7.03594650986e-06, -0.000448451406555, 7.79544207035e-05, 0.000522540300153, -0.00103424256667, 0.00108333223034, -0.000993154826574, 4.82519208163e-05, -0.000354396208422], [0.000219942317926, 2.01606526389e-05, 4.55659119325e-07, 0.00495324656367, -0.00179932138417, -0.00100676272996, 0.000955420488026, -0.00112157745752, 0.000164510551258, -0.00154015852604, 0.00184999080375, -0.00338567444123, -0.000213786508539], [-0.000143603116157, -6.90782253514e-05, -7.03594650986e-06, -0.00179932138417, 0.00522099342197, -0.000361958664143, -0.000428342056694, 0.000246809562668, -0.00203791540116, 0.00102931109723, -0.00107958039735, 0.000758027133998, -0.00140082987491], [-8.05707022664e-05, 0.000257071020314, -0.000448451406555, -0.00100676272996, -0.000361958664143, 0.00697451131418, -0.00351296970621, 0.00152038398664, -0.00149173336104, 0.000941276433878, -0.00226998818107, -1.97933077288e-05, -0.000570795149542], [-3.72551185137e-05, 0.000139718205901, 7.79544207035e-05, 0.000955420488026, -0.000428342056694, -0.00351296970621, 0.00915819965303, -0.00566810462624, 0.00347441365011, -0.00231504347175, -0.00133814010769, 0.000701031065546, -0.000196825130843], [0.000103435369965, -0.000467566394946, 0.000522540300153, -0.00112157745752, 0.000246809562668, 0.00152038398664, -0.00566810462624, 0.0132840834558, -0.0053791035898, 0.000737374532036, 0.000217790249735, -0.00056102022063, -0.00183799234219], [-0.000133372930577, 0.000720695301425, -0.00103424256667, 0.000164510551258, -0.00203791540116, -0.00149173336104, 0.00347441365011, -0.0053791035898, 0.0110069606453, -0.00369814340957, -0.000135514128488, -0.000614620337728, -0.000273733952781], [-0.000220054789679, -0.00104553392157, 0.00108333223034, -0.00154015852604, 0.00102931109723, 0.000941276433878, -0.00231504347175, 0.000737374532036, -0.00369814340957, 0.0105732083321, -0.00310817104764, 0.00210554292426, 0.000187922778423], [-7.31348336558e-05, -0.000529103504959, -0.000993154826574, 0.00184999080375, -0.00107958039735, -0.00226998818107, -0.00133814010769, 0.000217790249735, -0.000135514128488, -0.00310817104764, 0.0146974753588, -0.00797972455621, 0.00328382872976], [-7.27385340724e-05, -1.5373192582e-05, 4.82519208163e-05, -0.00338567444123, 0.000758027133998, -1.97933077288e-05, 0.000701031065546, -0.00056102022063, -0.000614620337728, 0.00210554292426, -0.00797972455621, 0.0175433512777, -0.00410962291062], [-0.000308890332235, -0.00081553281052, -0.000354396208422, -0.000213786508539, -0.00140082987491, -0.000570795149542, -0.000196825130843, -0.00183799234219, -0.000273733952781, 0.000187922778423, 0.00328382872976, -0.00410962291062, 0.0144373159856]]}, "spectral_contrast_coeffs": {"dmean": [0.0525079742074, 0.0535301119089, 0.0493263751268, 0.0381682366133, 0.0288400128484, 0.0201629344374], "dmean2": [0.0844734981656, 0.0871420130134, 0.0776715055108, 0.0608997531235, 0.0456870980561, 0.030464110896], "dvar": [0.00186832097825, 0.00196366780438, 0.00169294863008, 0.00111877731979, 0.000652051181532, 0.000286109978333], "dvar2": [0.00479136966169, 0.00488757668063, 0.00404901569709, 0.00272924499586, 0.00152944191359, 0.000596199475694], "max": [-0.250580638647, -0.404627621174, -0.404209166765, -0.511268556118, -0.559166073799, -0.693108737469], "mean": [-0.668197154999, -0.696426093578, -0.72382235527, -0.764228463173, -0.779689013958, -0.810550332069], "median": [-0.680827498436, -0.701718688011, -0.732238769531, -0.768898963928, -0.783845126629, -0.812883138657], "min": [-0.991218924522, -0.961035072803, -0.980956077576, -0.953696489334, -0.946707963943, -0.941743254662], "var": [0.00854949373752, 0.00628122361377, 0.00786743313074, 0.00444576703012, 0.00269305543043, 0.00110491807573]}, "spectral_contrast_valleys": {"dmean": [0.416384726763, 0.40679654479, 0.483147203922, 0.464464128017, 0.436969518661, 0.63830447197], "dmean2": [0.65995746851, 0.655846655369, 0.754275977612, 0.696163654327, 0.62207865715, 0.793498456478], "dvar": [0.162136375904, 0.171788826585, 0.247763603926, 0.266895204782, 0.217516228557, 0.345749974251], "dvar2": [0.315157115459, 0.383740931749, 0.541308999062, 0.57392603159, 0.436297655106, 0.706684708595], "max": [-5.23333311081, -4.54030990601, -5.57199859619, -5.70205450058, -6.08002138138, -7.77414226532], "mean": [-7.21686792374, -6.820977211, -7.63791036606, -8.184