{"lowlevel": {"average_loudness": 0.923702538013, "barkbands_crest": {"dmean": 3.51511144638, "dmean2": 5.84100198746, "dvar": 11.2568559647, "dvar2": 29.8870639801, "max": 25.4714698792, "mean": 12.6104021072, "median": 11.7262182236, "min": 3.23739361763, "var": 20.49568367}, "barkbands_flatness_db": {"dmean": 0.0443477779627, "dmean2": 0.0695955380797, "dvar": 0.00238588242792, "dvar2": 0.00603033555672, "max": 0.43785238266, "mean": 0.198609903455, "median": 0.192573919892, "min": 0.0412053726614, "var": 0.00578613579273}, "barkbands_kurtosis": {"dmean": 14.385389328, "dmean2": 23.2525806427, "dvar": 770.282531738, "dvar2": 2012.46142578, "max": 315.17477417, "mean": 18.9534664154, "median": 10.0163984299, "min": -1.91440761089, "var": 923.166870117}, "barkbands_skewness": {"dmean": 1.28242349625, "dmean2": 1.96465027332, "dvar": 2.22020697594, "dvar2": 5.81823921204, "max": 15.7101249695, "mean": 2.978921175, "median": 2.73610591888, "min": -3.23099589348, "var": 4.69930076599}, "barkbands_spread": {"dmean": 10.0110321045, "dmean2": 16.8007240295, "dvar": 217.107681274, "dvar2": 574.29498291, "max": 125.627403259, "mean": 16.9793453217, "median": 9.97185611725, "min": 0.523411750793, "var": 313.971435547}, "dissonance": {"dmean": 0.0264746006578, "dmean2": 0.0427318923175, "dvar": 0.000884519249666, "dvar2": 0.00213118456304, "max": 0.500000059605, "mean": 0.453715354204, "median": 0.467102348804, "min": 0.21306809783, "var": 0.00171188707463}, "dynamic_complexity": 3.11106467247, "erbbands_crest": {"dmean": 3.57792925835, "dmean2": 5.58902454376, "dvar": 12.7241258621, "dvar2": 27.3246116638, "max": 32.7533874512, "mean": 10.6776046753, "median": 8.81548595428, "min": 2.57364630699, "var": 39.5020828247}, "erbbands_flatness_db": {"dmean": 0.0316409133375, "dmean2": 0.0441156625748, "dvar": 0.00123968732078, "dvar2": 0.00257331738248, "max": 0.388293176889, "mean": 0.146376684308, "median": 0.129557147622, "min": 0.0429504849017, "var": 0.00410877540708}, "erbbands_kurtosis": {"dmean": 2.85126328468, "dmean2": 4.41562795639, "dvar": 38.8057098389, "dvar2": 98.5866012573, "max": 124.808364868, "mean": 2.57854247093, "median": 0.402532577515, "min": -1.83843874931, "var": 47.9855384827}, "erbbands_skewness": {"dmean": 0.66078299284, "dmean2": 1.01486814022, "dvar": 0.507658481598, "dvar2": 1.16852259636, "max": 8.05387496948, "mean": 0.648906171322, "median": 0.699094116688, "min": -5.3360877037, "var": 1.58902895451}, "erbbands_spread": {"dmean": 18.4331321716, "dmean2": 27.9868087769, "dvar": 479.035949707, "dvar2": 1120.15637207, "max": 185.076400757, "mean": 52.7531013489, "median": 42.7461357117, "min": 1.06760072708, "var": 1357.09814453}, "hfc": {"dmean": 8.75047302246, "dmean2": 13.728313446, "dvar": 489.780914307, "dvar2": 1263.19213867, "max": 309.533569336, "mean": 11.1048183441, "median": 3.87988877296, "min": 1.23009406853e-16, "var": 491.106384277}, "melbands_crest": {"dmean": 3.68779778481, "dmean2": 6.08027887344, "dvar": 12.437587738, "dvar2": 31.8923835754, "max": 37.3697357178, "mean": 16.7246856689, "median": 15.705862999, "min": 2.17449021339, "var": 32.8277549744}, "melbands_flatness_db": {"dmean": 0.0528976097703, "dmean2": 0.0836117863655, "dvar": 0.00352662941441, "dvar2": 0.00883454270661, "max": 0.588139891624, "mean": 0.302138805389, "median": 0.30158868432, "min": 0.00595906097442, "var": 0.0093493508175}, "melbands_kurtosis": {"dmean": 29.2518959045, "dmean2": 46.2722549438, "dvar": 1865.61181641, "dvar2": 4736.78662109, "max": 517.585144043, "mean": 46.8816604614, "median": 29.4336853027, "min": -1.89256727695, "var": 3111.30541992}, "melbands_skewness": {"dmean": 1.56974339485, "dmean2": 2.35145783424, "dvar": 2.5152258873, "dvar2": 6.20274448395, "max": 15.9343252182, "mean": 4.58492088318, "median": 4.251516819, "min": -2.14659428596, "var": 7.8244562149}, "melbands_spread": {"dmean": 7.23258399963, "dmean2": 12.0876226425, "dvar": 224.010803223, "dvar2": 642.989379883, "max": 241.660491943, "mean": 11.9344816208, "median": 7.13436746597, "min": 0.416127711535, "var": 241.634048462}, "pitch_salience": {"dmean": 0.10355694592, "dmean2": 0.173812359571, "dvar": 0.010995907709, "dvar2": 0.0311514921486, "max": 0.889702141285, "mean": 0.505337655544, "median": 0.515494644642, "min": 0.0780384838581, "var": 0.0190968494862}, "silence_rate_20dB": {"dmean": 0, "dmean2": 0, "dvar": 0, "dvar2": 0, "max": 1, "mean": 1, "median": 1, "min": 1, "var": 0}, "silence_rate_30dB": {"dmean": 0.0891514495015, "dmean2": 0.178350791335, "dvar": 0.0812022611499, "dvar2": 0.182529762387, "max": 1, "mean": 0.926442980766, "median": 1, "min": 0, "var": 0.0681486800313}, "silence_rate_60dB": {"dmean": 0.0526315793395, "dmean2": 0.105022832751, "dvar": 0.0498629361391, "dvar2": 0.0993633717299, "max": 1, "mean": 0.121610738337, "median": 0, "min": 0, "var": 0.10682412982}, "spectral_centroid": {"dmean": 325.74911499, "dmean2": 550.372619629, "dvar": 240772.78125, "dvar2": 628898, "max": 10648.0742188, "mean": 775.621459961, "median": 563.209411621, "min": 158.129837036, "var": 348649.375}, "spectral_complexity": {"dmean": 3.16272830963, "dmean2": 4.84448003769, "dvar": 27.8046798706, "dvar2": 58.4601593018, "max": 50, "mean": 8.07167816162, "median": 6, "min": 0, "var": 46.7309646606}, "spectral_decrease": {"dmean": 5.00304730977e-09, "dmean2": 7.93653320841e-09, "dvar": 1.09310402554e-16, "dvar2": 2.64775802457e-16, "max": 1.34773748799e-29, "mean": -6.54785070608e-09, "median": -2.70026867533e-09, "min": -7.47977821902e-08, "var": 1.18663016103e-16}, "spectral_energy": {"dmean": 0.0194187909365, "dmean2": 0.0306361056864, "dvar": 0.00161203905009, "dvar2": 0.00386957172304, "max": 0.284612566233, "mean": 0.0257203076035, "median": 0.0106826554984, "min": 1.11064498794e-20, "var": 0.00178072915878}, "spectral_energyband_high": {"dmean": 0.000744854158256, "dmean2": 0.00124550552573, "dvar": 5.48051639271e-06, "dvar2": 1.51701897266e-05, "max": 0.0374683998525, "mean": 0.000767026620451, "median": 6.22538282187e-05, "min": 7.85066133382e-21, "var": 4.73852060168e-06}, "spectral_energyband_low": {"dmean": 0.0125609859824, "dmean2": 0.0204957108945, "dvar": 0.00109119340777, "dvar2": 0.00277378037572, "max": 0.262057960033, "mean": 0.0156888198107, "median": 0.00525032076985, "min": 7.3711882425e-23, "var": 0.00111818790901}, "spectral_energyband_middle_high": {"dmean": 0.000609431474004, "dmean2": 0.000964142789599, "dvar": 1.79526614374e-06, "dvar2": 4.70189934276e-06, "max": 0.01393404603, "mean": 0.000894324970432, "median": 0.000252414087299, "min": 1.65133179728e-21, "var": 2.42551868723e-06}, "spectral_energyband_middle_low": {"dmean": 0.00794731546193, "dmean2": 0.0128867290914, "dvar": 0.0004937867634, "dvar2": 0.00112077745143, "max": 0.201323777437, "mean": 0.00916064716876, "median": 0.00373964966275, "min": 4.29306031096e-22, "var": 0.000484201009385}, "spectral_entropy": {"dmean": 0.406599581242, "dmean2": 0.612215697765, "dvar": 0.208641603589, "dvar2": 0.501768887043, "max": 9.78691291809, "mean": 7.23070192337, "median": 7.23514223099, "min": 5.11857795715, "var": 0.524310767651}, "spectral_flux": {"dmean": 0.0434757173061, "dmean2": 0.0670597031713, "dvar": 0.00434178905562, "dvar2": 0.00887781009078, "max": 0.441675573587, "mean": 0.0804135650396, "median": 0.0475196912885, "min": 1.05387143456e-10, "var": 0.00736025348306}, "spectral_kurtosis": {"dmean": 3.86745429039, "dmean2": 5.66403007507, "dvar": 38.2643165588, "dvar2": 83.682510376, "max": 87.5911483765, "mean": 7.23074817657, "median": 4.32739400864, "min": -1.19565665722, "var": 78.7621078491}, "spectral_rms": {"dmean": 0.00139699014835, "dmean2": 0.00205861381255, "dvar": 4.68068083137e-06, "dvar2": 1.01697596619e-05, "max": 0.0166634563357, "mean": 0.0040604560636, "median": 0.00322832819074, "min": 3.29174122855e-12, "var": 8.60568434291e-06}, "spectral_rolloff": {"dmean": 741.894470215, "dmean2": 1368.47912598, "dvar": 3610620.25, "dvar2": 9487281, "max": 18949.21875, "mean": 946.126403809, "median": 322.998046875, "min": 43.06640625, "var": 3375420.25}, "spectral_skewness": {"dmean": 0.497831612825, "dmean2": 0.722291827202, "dvar": 0.381525218487, "dvar2": 0.868286311626, "max": 7.09431695938, "mean": 2.04754376411, "median": 1.93613135815, "min": 0.0088525954634, "var": 1.10385096073}, "spectral_spread": {"dmean": 1522932.375, "dmean2": 2205400.75, "dvar": 4394918871040.0, "dvar2": 8780383256580.0, "max": 39698840, "mean": 6278732.5, "median": 6018476.5, "min": 961194.625, "var": 9213431513090.0}, "spectral_strongpeak": {"dmean": 0.306460827589, "dmean2": 0.529103815556, "dvar": 0.391283124685, "dvar2": 0.918353021145, "max": 6.27201890945, "mean": 0.458374708891, "median": 0.2108425349, "min": 0, "var": 0.535042881966}, "zerocrossingrate": {"dmean": 0.0141343260184, "dmean2": 0.0168628189713, "dvar": 0.000361462734872, "dvar2": 0.000407253653975, "max": 0.494140625, "mean": 0.0455648340285, "median": 0.0341796875, "min": 0.001953125, "var": 0.00154312863015}, "barkbands": {"dmean": [0.000575045007281, 0.0104684541002, 0.00259298412129, 0.00143723329529, 0.00567873986438, 0.000766315963119, 0.000354145100573, 0.00043913666741, 0.000194956723135, 0.000218248940655, 4.85423333885e-05, 4.83310359414e-05, 3.47765380866e-05, 0.000110284279799, 4.30074433098e-05, 5.38062413398e-05, 5.81268686801e-05, 7.12379114702e-05, 8.78630380612e-05, 6.83040852891e-05, 0.000125230915728, 0.000136203394504, 0.000126471059048, 0.000148076273035, 0.000124114580103, 7.25862701074e-05, 7.84265375842e-06], "dmean2": [0.000758238078561, 0.0173832010478, 0.00460400059819, 0.00243230396882, 0.00959423091263, 0.00130588293541, 0.000613662588876, 0.000649430439807, 0.000296327081742, 0.000356125063263, 7.89688856457e-05, 8.30671560834e-05, 5.73794095544e-05, 0.00012958215666, 7.33510023565e-05, 9.03953114175e-05, 9.92494096863e-05, 0.000121620323625, 0.000150871244841, 0.000112260880996, 0.000216262342292, 0.000212926606764, 0.000220717527554, 0.000255849212408, 0.000204194177059, 0.000122014498629, 1.36631342684e-05], "dvar": [2.3869256438e-06, 0.000903700420167, 4.8613648687e-05, 7.71645682107e-06, 0.000340681232046, 5.90637819187e-06, 7.89688272107e-07, 6.65967093028e-07, 2.07832783872e-07, 5.55542158054e-07, 1.53891743793e-08, 1.79772818854e-08, 6.13954265205e-09, 9.20384550795e-08, 1.25973711462e-08, 1.65333950974e-08, 2.214928152e-08, 3.31235483486e-08, 1.04025218661e-07, 4.0611421781e-08, 2.21034554215e-07, 3.7850762169e-07, 3.98220805664e-07, 2.0133580847e-07, 9.59649710808e-08, 3.31770486639e-08, 5.5408960753e-10], "dvar2": [3.96882069253e-06, 0.00233509251848, 0.000138833318488, 1.81927971425e-05, 0.000807477917988, 1.66542031366e-05, 2.14952638089e-06, 1.45989565681e-06, 4.38064233776e-07, 1.3371429759e-06, 4.01507165293e-08, 4.93065712703e-08, 1.57465773754e-08, 1.02339924979e-07, 3.37268595274e-08, 4.41639045334e-08, 5.93400137916e-08, 8.81799167018e-08, 2.86324933541e-07, 1.07323160137e-07, 6.39800532554e-07, 1.04676098545e-06, 1.15512375487e-06, 5.6180260799e-07, 2.60558664422e-07, 8.749994862e-08, 1.57643254006e-09], "max": [0.0201120283455, 0.248490273952, 0.07045250386, 0.0247554536909, 0.176172509789, 0.0271052420139, 0.00864880625159, 0.00838081631809, 0.00523719936609, 0.00864069815725, 0.00184306420851, 0.00171470677014, 0.00120339740533, 0.00999008212239, 0.00171308394056, 0.00178518297616, 0.00167478248477, 0.00172532128636, 0.00428318837658, 0.00303141679615, 0.00683897268027, 0.0122021269053, 0.0123515781015, 0.00650155823678, 0.00338314753026, 0.00223676557653, 0.000282353779767], "mean": [0.000803211180028, 0.0111471125856, 0.00300865457393, 0.00173981161788, 0.00516701582819, 0.000930820300709, 0.000389273714973, 0.000593177857809, 0.000201008224394, 0.00018940604059, 5.52498022444e-05, 4.88447512907e-05, 4.84602460347e-05, 0.000298461964121, 4.60405426566e-05, 5.88645780226e-05, 5.61178494536e-05, 6.28646375844e-05, 7.63474745327e-05, 7.18868686818e-05, 0.000123316684039, 0.000143666169606, 0.000122931509395, 0.000146316539031, 0.000120758602861, 6.4339961682e-05, 6.33848458165e-06], "median": [4.48997561762e-05, 0.00312266917899, 0.00105608289596, 0.000731093576178, 0.000906247179955, 0.000279039988527, 0.000117728835903, 0.000157232250785, 3.49961410393e-05, 2.70732325589e-05, 1.30575544972e-05, 1.41745476867e-05, 1.57194117492e-05, 2.37051990553e-05, 1.22334340631e-05, 1.15571356218e-05, 8.8577698989e-06, 6.13001066085e-06, 5.21606443726e-06, 4.30580030297e-06, 4.75958404422e-06, 5.75260901314e-06, 5.13074792252e-06, 1.04759637907e-05, 1.17420941024e-05, 6.75428509567e-06, 6.23056678251e-07], "min": [4.46418673961e-24, 1.47302908204e-23, 2.78056177259e-23, 5.59128011987e-23, 6.09705418718e-23, 9.13308635512e-23, 7.63949624467e-23, 9.54338932023e-23, 3.82423958079e-23, 3.77682809375e-23, 5.93862251842e-23, 4.9682503987e-23, 1.0523129321e-22, 1.71933559579e-22, 1.44904547016e-22, 8.84436389489e-23, 2.081769219e-22, 3.69507471472e-22, 3.12156349651e-22, 3.36926026717e-22, 3.20932319936e-22, 5.08314704292e-22, 6.56776105222e-22, 8.8283698347e-22, 1.22066281649e-21, 1.99223623256e-21, 2.30653477502e-21], "var": [5.56084432901e-06, 0.000838977633975, 3.63090257451e-05, 8.70324583957e-06, 0.000294871628284, 4.63817150376e-06, 7.09378980446e-07, 1.10321445845e-06, 2.50973556604e-07, 4.75870564287e-07, 1.42714347007e-08, 1.34718440847e-08, 7.86225129445e-09, 8.1166712107e-07, 1.12347802173e-08, 1.54713077904e-08, 1.84565820405e-08, 2.80499552474e-08, 7.74923591962e-08, 3.8745014308e-08, 1.84056915487e-07, 2.97020903872e-07, 2.65714902525e-07, 1.61832829804e-07, 8.52902530823e-08, 2.70309126194e-08, 3.66216168501e-10]}, "erbbands": {"dmean": [0.297307103872, 2.40938806534, 3.48458194733, 3.67649579048, 19.2018928528, 14.6767759323, 7.14315700531, 5.52701997757, 4.52811479568, 7.57841873169, 9.05988788605, 4.92908382416, 8.42301845551, 2.34197497368, 1.94072318077, 2.22859883308, 1.69162237644, 5.90153026581, 2.27494931221, 2.6036362648, 3.24671649933, 3.12189030647, 3.78370308876, 3.53847384453, 4.65396976471, 3.39605617523, 3.24833607674, 6.51181554794, 5.06758356094, 3.93109273911, 3.51269412041, 3.26209163666, 2.32492184639, 1.4202092886, 0.876929879189, 0.424379706383, 0.110623732209, 0.0182747878134, 0.00126710359473, 7.76607776061e-05], "dmean2": [0.459257781506, 4.21431589127, 6.2155995369, 6.19769954681, 32.3568382263, 25.0462284088, 12.4440488815, 9.28522109985, 7.62868642807, 12.402970314, 13.3441839218, 7.21871328354, 13.4607000351, 3.94436693192, 3.16046619415, 3.81427049637, 2.78280925751, 6.8608880043, 3.46868610382, 4.34340715408, 5.54690504074, 5.27195549011, 6.59367847443, 5.72564029694, 8.1605091095, 5.625, 5.08615159988, 11.6938438416, 8.18546009064, 6.32442092896, 6.26741695404, 5.6922750473, 3.97382998466, 2.30539417267, 1.48877942562, 0.721845269203, 0.183211997151, 0.0311956703663, 0.00217400840484, 0.00012958071602], "dvar": [0.713212788105, 53.8735580444, 94.2843322754, 49.5958251953, 3943.86767578, 2197.64770508, 416.401275635, 316.296112061, 99.0149002075, 329.475585938, 312.962097168, 121.866317749, 925.464233398, 33.7794418335, 22.3686141968, 37.8223991394, 14.4307985306, 269.965118408, 20.4404182434, 47.0461235046, 71.4285049438, 60.2518539429, 101.290802002, 87.7980880737, 273.530151367, 83.7135543823, 70.0957641602, 835.522827148, 557.043579102, 220.395339966, 442.316345215, 132.682281494, 48.0456314087, 14.8500900269, 4.6438741684, 1.19611465931, 0.0736159607768, 0.00203006947413, 1.27446919578e-05, 6.89830343958e-08], "dvar2": [1.53068745136, 147.437164307, 261.987457275, 131.307128906, 9333.89941406, 5549.45166016, 1173.11828613, 867.08996582, 265.366333008, 885.240112305, 671.146362305, 245.988037109, 2180.22167969, 86.8431625366, 57.7070350647, 104.031257629, 37.9711036682, 293.803985596, 46.2221603394, 126.537857056, 191.090866089, 159.871887207, 276.47088623, 224.78338623, 758.238098145, 212.022918701, 173.794921875, 2436.65209961, 1556.01049805, 594.42755127, 1294.83947754, 375.240814209, 133.880081177, 40.2517547607, 12.7268438339, 3.2133026123, 0.191798940301, 0.0055411295034, 3.56809068762e-05, 1.96076484826e-07], "max": [8.89697170258, 52.5933494568, 83.3826522827, 76.9147567749, 607.452636719, 492.57333374, 211.104446411, 205.329666138, 89.4265289307, 199.263000488, 169.436553955, 124.509529114, 352.518432617, 55.5144424438, 62.1774406433, 79.6717300415, 58.5150527954, 543.237854004, 87.002784729, 102.537063599, 107.729164124, 94.7611923218, 107.430038452, 121.680587769, 203.638763428, 110.464805603, 87.7514419556, 410.121429443, 446.813903809, 275.140380859, 429.850158691, 180.298202515, 104.657318115, 52.9989204407, 18.2593269348, 12.0771398544, 3.65019488335, 0.404455393553, 0.0365589670837, 0.00523589318618], "mean": [0.366107493639, 2.26217651367, 3.74558901787, 5.09473657608, 17.5530776978, 12.5962743759, 7.9929933548, 6.84824705124, 5.92518043518, 8.40199184418, 11.9767408371, 5.58327770233, 7.28339719772, 2.4377322197, 2.27148151398, 2.42977643013, 2.66652393341, 16.1842384338, 4.29495716095, 3.01509785652, 3.35367298126, 2.96710729599, 3.29019999504, 3.39621114731, 3.95554161072, 3.50161194801, 3.74877762794, 5.88408088684, 5.24420022964, 4.53540802002, 3.19129252434, 3.08966135979, 2.34389686584, 1.46923935413, 0.808278024197, 0.368938803673, 0.099639877677, 0.0152314575389, 0.00107680074871, 7.66676748754e-05], "median": [0.0582454130054, 0.783076643944, 1.40697729588, 2.22325205803, 3.00210905075, 2.31722974777, 2.78220653534, 1.78622555733, 1.77837622166, 2.26667237282, 3.39764523506, 1.45885789394, 0.943692147732, 0.610551893711, 0.597384989262, 0.824265301228, 0.95892906189, 1.23866009712, 0.778081595898, 0.891793012619, 0.721121132374, 0.462539255619, 0.374847412109, 0.321922600269, 0.234454318881, 0.210216388106, 0.195448428392, 0.183369606733, 0.18761716783, 0.19588021934, 0.147677972913, 0.20828704536, 0.163895174861, 0.127955719829, 0.0869190245867, 0.0401194244623, 0.0105824796483, 0.00151161162648, 0.000114900023618, 1.9449780666e-05], "min": [8.53363625438e-22, 1.7423485238e-21, 1.74508855958e-20, 1.35507939542e-19, 1.33724408894e-19, 1.68077659173e-19, 3.50032617291e-19, 9.96370997671e-19, 1.4995016407e-18, 6.1853185106e-19, 2.48968832592e-18, 8.60175554718e-19, 1.37657980994e-18, 2.48931506067e-18, 1.41230873913e-18, 1.87780276769e-18, 4.20661004794e-18, 8.87150793373e-18, 6.68330832952e-18, 7.04043446e-18, 7.10178313731e-18, 1.37547934954e-17, 1.87200088151e-17, 1.69263123245e-17, 1.31976757723e-17, 1.47998791239e-17, 1.32693890227e-17, 1.67437998855e-17, 1.49368585789e-17, 1.95475136825e-17, 1.83413652354e-17, 1.61219255009e-17, 1.64415447809e-17, 1.33355965589e-17, 9.38533929536e-18, 6.10522571381e-18, 4.23256366684e-18, 1.42851238015e-18, 3.1088507988e-19, 3.3547178928e-20], "var": [1.04810655117, 38.2700309753, 66.6552810669, 57.7839851379, 3454.01000977, 1734.3659668, 314.244628906, 276.689544678, 121.283325195, 287.538421631, 473.837341309, 160.889831543, 820.26965332, 28.2329864502, 22.4374580383, 29.0780487061, 19.8426914215, 2396.22314453, 74.0421524048, 44.0190238953, 58.8939399719, 52.6602478027, 82.193359375, 83.1890792847, 201.472991943, 86.4074859619, 99.9728088379, 586.019470215, 416.570220947, 210.582763672, 266.166473389, 96.4211654663, 39.8285217285, 13.7363100052, 3.80354094505, 0.936652243137, 0.0615821294487, 0.00150974269491, 8.98803045857e-06, 4.6165219203e-08]}, "gfcc": {"mean": [-76.9210205078, 94.1015014648, -58.3450546265, 31.5394058228, -46.3340454102, 18.1710548401, -41.9378242493, 10.3193292618, -19.749666214, 7.18579483032, -17.6499061584, -3.56051230431, -14.7240762711], "cov": [[9033.26953125, -2272.17456055, 43.5575561523, 906.814697266, -745.170532227, 125.81502533, -314.288543701, -22.9155139923, -420.410217285, 1.7880282402, -345.65713501, 89.7677230835, -121.681274414], [-2272.17456055, 2290.88476562, -164.155548096, -570.776611328, 566.202941895, -32.1589050293, 311.229705811, -54.0872344971, 285.972076416, -10.5651779175, 240.758911133, -92.7250823975, 58.2185974121], [43.5575561523, -164.155548096, 1015.81414795, 148.24659729, -71.6106262207, 173.151977539, 120.768028259, 159.313293457, -15.5570116043, 31.7566928864, -35.0666313171, 62.0388526917, -18.4959011078], [906.814697266, -570.776611328, 148.24659729, 756.171081543, -128.652267456, -43.3989334106, 5.64325046539, -67.979598999, -108.063407898, -35.0808830261, -46.7294845581, 26.1456871033, 21.1306400299], [-745.170532227, 566.202941895, -71.6106262207, -128.652267456, 610.573791504, 119.590255737, -36.8801116943, -17.5361270905, 93.6131668091, 41.0282287598, 90.1112136841, -44.5003051758, -8.83671474457], [125.81502533, -32.1589050293, 173.151977539, -43.3989334106, 119.590255737, 235.917800903, 53.2771873474, 25.2015266418, -11.9422645569, 13.5989141464, -16.8779010773, -2.34363627434, -16.0944671631], [-314.288543701, 311.229705811, 120.768028259, 5.64325046539, -36.8801116943, 53.2771873474, 314.01071167, 107.745819092, 55.0319519043, -41.1060638428, 2.39431810379, -17.7490081787, 32.7855415344], [-22.9155139923, -54.0872344971, 159.313293457, -67.979598999, -17.5361270905, 25.2015266418, 107.745819092, 217.307998657, 63.3996963501, 7.72054767609, -34.2587432861, -3.00063443184, -10.5552968979], [-420.410217285, 285.972076416, -15.5570116043, -108.063407898, 93.6131668091, -11.9422645569, 55.0319519043, 63.3996963501, 150.118179321, 55.0864868164, 47.391040802, -21.0141677856, 5.71695375443], [1.7880282402, -10.5651779175, 31.7566928864, -35.0808830261, 41.0282287598, 13.5989141464, -41.1060638428, 7.72054767609, 55.0864868164, 110.632148743, 56.9868049622, 8.33761787415, -15.4471378326], [-345.65713501, 240.758911133, -35.0666313171, -46.7294845581, 90.1112136841, -16.8779010773, 2.39431810379, -34.2587432861, 47.391040802, 56.9868049622, 118.930953979, 26.132101059, 8.5807762146], [89.7677230835, -92.7250823975, 62.0388526917, 26.1456871033, -44.5003051758, -2.34363627434, -17.7490081787, -3.00063443184, -21.0141677856, 8.33761787415, 26.132101059, 72.1086959839, 19.7253780365], [-121.681274414, 58.2185974121, -18.4959011078, 21.1306400299, -8.83671474457, -16.0944671631, 32.7855415344, -10.5552968979, 5.71695375443, -15.4471378326, 8.5807762146, 19.7253780365, 60.3447875977]], "icov": [[0.000184916105354, -5.50480835955e-05, 0.000151120766532, -0.000240898400079, 0.000200458685867, -0.000292277050903, 0.000172741143615, -0.00019895695732, 0.00028273492353, -0.000412486639107, 0.000478634145111, -0.000315768062137, 0.000282186170807], [-5.50480835955e-05, 0.00207498949021, -0.000652074930258, 0.00146448507439, -0.0015858913539, 0.00176745909266, -0.0024813618511, 0.00250728288665, -0.00202024076134, 0.00217676954344, -0.00227973563597, 0.00137289264239, -0.000175687149749], [0.000151120766532, -0.000652074930258, 0.00182995339856, -0.000979391043074, 0.000742325559258, -0.00172763422597, 0.000524016388226, -0.00178366235923, 0.000917533645406, -0.00150118488818, 0.00132666586433, -0.0020774397999, 0.000908120244276], [-0.000240898400079, 0.00146448507439, -0.000979391043074, 0.0029865631368, -0.0015254074242, 0.0024767566938, -0.00259933178313, 0.0028139706701, -0.000448628357844, 0.000939557852689, -0.00080653920304, 0.000824051152449, -0.000774652406108], [0.000200458685867, -0.0015858913539, 0.000742325559258, -0.0015254074242, 0.00458760000765, -0.00433024903759, 0.0041143912822, -0.00291773327626, -0.000128836371005, 0.00070323899854, -0.00230068550445, 0.00211502378806, -0.000704931851942], [-0.000292277050903, 0.00176745909266, -0.00172763422597, 0.0024767566938, -0.00433024903759, 0.00987678859383, -0.00572104845196, 0.00410818355158, 0.000929511326831, -0.00220591737889, 0.00287968013436, -0.00129022623878, 0.00149516202509], [0.000172741143615, -0.0024813618511, 0.000524016388226, -0.00259933178313, 0.0041143912822, -0.00572104845196, 0.0105696795508, -0.00685247778893, -6.40810612822e-05, 0.003446318442, -0.00361909903586, 0.00370573438704, -0.00385988410562], [-0.00019895695732, 0.00250728288665, -0.00178366235923, 0.0028139706701, -0.00291773327626, 0.00410818355158, -0.00685247778893, 0.0126854255795, -0.00627336930484, 0.000439440365881, 0.0042567611672, -0.00319242407568, 0.00340316584334], [0.00028273492353, -0.00202024076134, 0.000917533645406, -0.000448628357844, -0.000128836371005, 0.000929511326831, -6.40810612822e-05, -0.00627336930484, 0.0180384814739, -0.0103265289217, 0.000728400074877, 0.003209031187, -0.00338082853705], [-0.000412486639107, 0.00217676954344, -0.00150118488818, 0.000939557852689, 0.00070323899854, -0.00220591737889, 0.003446318442, 0.000439440365881, -0.0103265289217, 0.0240023955703, -0.0150050101802, 0.00467312056571, 0.00172675773501], [0.000478634145111, -0.00227973563597, 0.00132666586433, -0.00080653920304, -0.00230068550445, 0.00287968013436, -0.00361909903586, 0.0042567611672, 0.000728400074877, -0.0150050101802, 0.0279991403222, -0.0157819986343, 0.00426298845559], [-0.000315768062137, 0.00137289264239, -0.0020774397999, 0.000824051152449, 0.00211502378806, -0.00129022623878, 0.00370573438704, -0.00319242407568, 0.003209031187, 0.00467312056571, -0.0157819986343, 0.02890063636, -0.0118033168837], [0.000282186170807, -0.000175687149749, 0.000908120244276, -0.000774652406108, -0.000704931851942, 0.00149516202509, -0.00385988410562, 0.00340316584334, -0.00338082853705, 0.00172675773501, 0.00426298845559, -0.0118033168837, 0.0248618237674]]}, "melbands": {"dmean": [0.00278870924376, 0.00230658403598, 0.00101590785198, 0.00143738731276, 0.000272614241112, 0.000126705635921, 7.03047408024e-05, 8.55098769534e-05, 6.93057081662e-05, 2.82403561869e-05, 4.1224880988e-05, 8.91139279702e-06, 6.98046414982e-06, 5.38471658729e-06, 5.07232971358e-06, 2.96230132335e-06, 1.31259976115e-05, 3.55199927071e-06, 3.22585310641e-06, 3.88234457205e-06, 4.00374347009e-06, 3.25129303747e-06, 3.63279150406e-06, 2.96380403597e-06, 2.73841214948e-06, 4.15589829572e-06, 2.57218880506e-06, 2.16733701563e-06, 1.929225391e-06, 2.23732126869e-06, 4.54060227639e-06, 2.94595702144e-06, 2.58437557932e-06, 2.21680829782e-06, 2.03804211196e-06, 1.73919056579e-06, 2.19399885282e-06, 1.70437533598e-06, 1.3467520148e-06, 1.1720172779e-06], "dmean2": [0.00448835082352, 0.00406423630193, 0.00170006102417, 0.0024356150534, 0.000482156756334, 0.000213121602428, 0.00011928009917, 0.000136332921102, 0.000101408018963, 4.23349410994e-05, 6.62790625938e-05, 1.53135388246e-05, 1.141926532e-05, 9.00630493561e-06, 8.78969331097e-06, 4.87258330395e-06, 1.50088771989e-05, 5.40827704754e-06, 5.49623018742e-06, 6.43270641376e-06, 6.91741979608e-06, 5.55926362722e-06, 6.32320143268e-06, 5.0668604672e-06, 4.35553738498e-06, 7.33880142434e-06, 4.46268268206e-06, 3.64476636605e-06, 2.96024700219e-06, 3.8235853026e-06, 8.24166909297e-06, 4.83860731038e-06, 3.82886901207e-06, 3.67499819731e-06, 3.64786774298e-06, 3.05350522467e-06, 3.86045758205e-06, 2.94090432362e-06, 2.21657478505e-06, 1.89194031464e-06], "dvar": [6.18257763563e-05, 4.38806528109e-05, 5.43855685464e-06, 2.26399934036e-05, 6.17590330876e-07, 1.59191969828e-07, 2.5999652209e-08, 3.44119506224e-08, 1.68649787469e-08, 4.48965131739e-09, 2.22495497582e-08, 5.29042976094e-10, 3.16081744112e-10, 1.91478444211e-10, 1.9483260838e-10, 4.16027039207e-11, 1.4193042297e-09, 4.86961686252e-11, 7.9682038745e-11, 9.57369947208e-11, 1.3435655366e-10, 6.721949386e-11, 9.71386929227e-11, 5.34424136889e-11, 4.95598666272e-11, 2.90931445601e-10, 8.32445987142e-11, 3.11859461866e-11, 2.39960395304e-11, 4.35887298478e-11, 4.95657459521e-10, 1.70096450813e-10, 1.55401719271e-10, 5.98328261936e-11, 1.62223345868e-10, 9.03549943199e-11, 4.6457931252e-11, 2.75579524478e-11, 1.31768892672e-11, 1.09891548986e-11], "dvar2": [0.000151059313794, 0.000119732605526, 1.28548654175e-05, 5.42976995348e-05, 1.75156185378e-06, 4.40550138592e-07, 6.97730655475e-08, 8.93196343554e-08, 3.62788483699e-08, 9.15245568223e-09, 5.26533661116e-08, 1.40436662299e-09, 8.35044144942e-10, 5.09124853387e-10, 5.47817069485e-10, 1.05191445832e-10, 1.51430956663e-09, 1.08473549587e-10, 2.13431231022e-10, 2.52314558136e-10, 3.63367391731e-10, 1.80386455773e-10, 2.58123300512e-10, 1.44123268875e-10, 1.24698543158e-10, 8.15657652531e-10, 2.34320784998e-10, 7.74117298041e-11, 5.67566063592e-11, 1.18411530581e-10, 1.45986411848e-09, 4.73055539185e-10, 4.34764779733e-10, 1.64874211506e-10, 4.76162442808e-10, 2.62172505927e-10, 1.29756108636e-10, 7.68326235967e-11, 3.61706810337e-11, 2.98707621138e-11], "max": [0.0734647214413, 0.0485812462866, 0.0201812684536, 0.0454030744731, 0.00799759663641, 0.00458772433922, 0.00143954821397, 0.00191675138194, 0.00120438332669, 0.000738009635825, 0.00172998732887, 0.000240092733293, 0.000265046575805, 0.000187974277651, 0.000173704829649, 8.0767327745e-05, 0.00124530203175, 0.000143989105709, 0.000136162285344, 0.000178369838977, 0.000139746072819, 9.0452558652e-05, 0.000122546422062, 7.64666547184e-05, 8.99571896298e-05, 0.000227641430683, 0.000146638602018, 5.19892091688e-05, 5.67568895349e-05, 8.87368296389e-05, 0.000316052231938, 0.000237420274061, 0.000266682793153, 0.000111683693831, 0.000263896858087, 0.000185445038369, 8.42094959808e-05, 7.92539940448e-05, 5.45383700228e-05, 4.01911929657e-05], "mean": [0.00318431248888, 0.00241320556961, 0.0012262230739, 0.00125995383132, 0.000288332463242, 0.000157957940246, 8.80345178302e-05, 9.93409921648e-05, 9.08190995688e-05, 2.9943541449e-05, 3.51708731614e-05, 9.0613584689e-06, 7.85188785812e-06, 5.69746407564e-06, 6.13510201219e-06, 4.09964150094e-06, 3.63395483873e-05, 6.86943531036e-06, 3.27687712343e-06, 4.70102941108e-06, 3.84299119105e-06, 3.05960475089e-06, 3.18767297358e-06, 2.68049370789e-06, 2.63799756794e-06, 3.32063245878e-06, 2.36138134824e-06, 2.26347424359e-06, 2.26253564506e-06, 2.39508835875e-06, 3.89299111703e-06, 2.98186159853e-06, 2.6350232929e-06, 2.50780840361e-06, 1.80200072464e-06, 1.63324386904e-06, 2.03309377866e-06, 1.70190082827e-06, 1.38995085308e-06, 1.19040930713e-06], "median": [0.000735215726309, 0.000921141472645, 0.000435335183283, 0.000195276603336, 9.95715308818e-05, 4.3695756176e-05, 2.65706239588e-05, 2.62544417637e-05, 2.60558026639e-05, 6.05877994531e-06, 4.11171413361e-06, 2.13291878026e-06, 1.82313863206e-06, 1.53194253016e-06, 2.07641687666e-06, 1.3469549458e-06, 2.39461587626e-06, 1.14129284157e-06, 8.33107606013e-07, 1.1099062931e-06, 6.7808929316e-07, 4.47828170991e-07, 3.67946569213e-07, 2.88682258542e-07, 2.19755662556e-07, 1.68481761875e-07, 1.38840334785e-07, 1.30669604914e-07, 1.16814916851e-07, 1.12575037292e-07, 9.54616581339e-08, 1.04919493538e-07, 1.10156356925e-07, 1.00540589187e-07, 7.63854259844e-08, 8.73518786193e-08, 1.37333941552e-07, 1.00832735939e-07, 1.09000765747e-07, 1.09241348412e-07], "min": [5.08407363893e-24, 7.0973326549e-24, 2.40999688672e-23, 8.15895957304e-24, 1.29146864263e-23, 2.21893367107e-23, 2.13665137658e-23, 8.59154959422e-24, 1.78708533692e-23, 5.2308613263e-24, 6.87436664206e-24, 9.56449908028e-24, 6.04275894211e-24, 3.67916798143e-24, 6.65366860433e-24, 1.21220460884e-23, 1.77925021263e-23, 1.06839171595e-23, 1.18766212056e-23, 7.37038739091e-24, 7.9018824258e-24, 1.4223531308e-23, 1.60267679409e-23, 1.66815619353e-23, 1.32761062054e-23, 1.20780860256e-23, 6.4600900268e-24, 1.12700778885e-23, 8.44130156849e-24, 9.87277487799e-24, 9.42586545366e-24, 8.6761328382e-24, 8.54242880337e-24, 1.16229006615e-23, 1.08460288644e-23, 1.01857578087e-23, 9.44798116914e-24, 1.11291368437e-23, 1.06000770225e-23, 1.13491809158e-23], "var": [6.99404845363e-05, 3.12928059429e-05, 5.57892280995e-06, 1.92222378246e-05, 4.36275172433e-07, 1.35232667731e-07, 2.92541901814e-08, 3.52778855017e-08, 2.54286529611e-08, 5.70314773185e-09, 1.95183549323e-08, 4.19695417309e-10, 2.83049167438e-10, 1.62097377188e-10, 1.56148052821e-10, 5.40723299469e-11, 1.26249393162e-08, 1.98413563357e-10, 6.67544700073e-11, 1.03145214592e-10, 1.02752820141e-10, 5.65105878758e-11, 8.12016565099e-11, 4.50518095052e-11, 4.90897843208e-11, 1.9734758272e-10, 6.10065609141e-11, 3.38318435766e-11, 3.58928824162e-11, 4.74460123967e-11, 3.22758431093e-10, 1.28822091883e-10, 1.15350430596e-10, 5.94098589768e-11, 9.58001455942e-11, 5.65603675007e-11, 3.53800010122e-11, 2.22297544955e-11, 1.22416755552e-11, 9.81077025175e-12]}, "mfcc": {"mean": [-742.139770508, 133.646621704, 43.8175582886, 26.1341762543, 22.1962471008, 8.58343219757, -0.267588704824, 0.525929629803, 2.84557676315, 5.2251739502, 4.85324239731, 1.17519843578, -2.5674097538], "cov": [[9073.44140625, -2692.23828125, 275.577392578, 393.125457764, -345.697540283, 46.3924293518, -76.8278198242, -131.815292358, -102.407157898, -247.921646118, -205.010345459, -130.606063843, -173.942565918], [-2692.23828125, 2533.03955078, -425.341125488, -377.844421387, 214.995330811, 52.6789779663, 84.4218597412, 97.3474502563, 58.7094192505, 150.275100708, 204.36138916, 115.055267334, 90.4034423828], [275.577392578, -425.341125488, 930.162841797, 138.093444824, -133.406204224, 48.9808616638, 115.712768555, 81.8280410767, 81.114944458, -27.0934257507, -12.4220342636, 60.0711898804, 27.5126247406], [393.125457764, -377.844421387, 138.093444824, 507.646179199, 1.68812632561, 49.0748825073, 22.2115898132, 1.78219127655, -9.91788578033, -31.1284198761, -27.2049350739, -9.61362171173, 6.57421207428], [-345.697540283, 214.995330811, -133.406204224, 1.68812632561, 456.169616699, 102.922798157, -0.83666408062, -32.9959983826, -27.0023059845, 43.9678382874, 40.0912895203, -6.19011545181, -7.6917591095], [46.3924293518, 52.6789779663, 48.9808616638, 49.0748825073, 102.922798157, 209.238739014, 77.8585357666, 2.30636262894, -9.3293762207, -23.3149700165, 2.93009543419, 7.0326089859, -6.80355167389], [-76.8278198242, 84.4218597412, 115.712768555, 22.2115898132, -0.83666408062, 77.8585357666, 166.091323853, 97.5709762573, 55.0989227295, 17.1393871307, 6.54665613174, 16.9238052368, 2.74281382561], [-131.815292358, 97.3474502563, 81.8280410767, 1.78219127655, -32.9959983826, 2.30636262894, 97.5709762573, 153.576797485, 98.0364685059, 36.7051353455, 7.80578994751, 6.4750752449, 7.66512727737], [-102.407157898, 58.7094192505, 81.114944458, -9.91788578033, -27.0023059845, -9.3293762207, 55.0989227295, 98.0364685059, 140.071151733, 78.6239624023, 21.1819992065, 1.55098712444, -1.59691822529], [-247.921646118, 150.275100708, -27.0934257507, -31.1284198761, 43.9678382874, -23.3149700165, 17.1393871307, 36.7051353455, 78.6239624023, 125.328895569, 62.4771575928, 5.92220115662, 0.735464155674], [-205.010345459, 204.36138916, -12.4220342636, -27.2049350739, 40.0912895203, 2.93009543419, 6.54665613174, 7.80578994751, 21.1819992065, 62.4771575928, 96.9007415771, 49.6150817871, 21.1567344666], [-130.606063843, 115.055267334, 60.0711898804, -9.61362171173, -6.19011545181, 7.0326089859, 16.9238052368, 6.4750752449, 1.55098712444, 5.92220115662, 49.6150817871, 91.2420272827, 54.9785385132], [-173.942565918, 90.4034423828, 27.5126247406, 6.57421207428, -7.6917591095, -6.80355167389, 2.74281382561, 7.66512727737, -1.59691822529, 0.735464155674, 21.1567344666, 54.9785385132, 80.7409133911]], "icov": [[0.000171829204191, 0.000185920012882, 5.84368899581e-05, -3.22480082104e-06, 7.63316056691e-05, -9.78000607574e-05, -8.11519748822e-06, 2.49760068982e-05, -9.39278397709e-05, 0.0002435912902, -0.000212769169593, -4.82127070427e-05, 0.000223797585932], [0.000185920012882, 0.000835563056171, 0.000349496665876, 0.00037475611316, -4.78169422422e-05, -0.000262876215857, -0.000248223630479, -0.000376255746232, -3.10493196594e-05, 0.000279700499959, -0.00122244167142, -5.14527055202e-05, -0.000314991513733], [5.84368899581e-05, 0.000349496665876, 0.00157959072385, -0.000170767845702, 0.000229777026107, -0.00014907347213, -0.000827569223475, 0.000237985324929, -0.0012995499419, 0.000903354433831, -0.000200356909772, -0.00122632924467, 7.86813907325e-05], [-3.22480082104e-06, 0.00037475611316, -0.000170767845702, 0.00237657455727, -0.000108341715531, -0.000535695638973, -0.000125663718791, -0.000266660266789, 0.000253565696767, 0.000121675439004, -0.000358815828804, 0.000745929952245, -0.000997742637992], [7.63316056691e-05, -4.78169422422e-05, 0.000229777026107, -0.000108341715531, 0.00308784516528, -0.00197810982354, 0.000672606460284, -0.000228190299822, 0.00150963291526, -0.00212554633617, -0.000174409404281, 0.000414814305259, 8.72637829161e-05], [-9.78000607574e-05, -0.000262876215857, -0.00014907347213, -0.000535695638973, -0.00197810982354, 0.00836967397481, -0.00543836224824, 0.00341785140336, -0.0020049426239, 0.00407337397337, -0.00180585694034, 0.000675506715197, 0.000491611135658], [-8.11519748822e-06, -0.000248223630479, -0.000827569223475, -0.000125663718791, 0.000672606460284, -0.00543836224824, 0.0144778555259, -0.00948387291282, 0.0028611519374, -0.00350699387491, 0.00298278080299, -0.00352988601662, 0.00227755890228], [2.49760068982e-05, -0.000376255746232, 0.000237985324929, -0.000266660266789, -0.000228190299822, 0.00341785140336, -0.00948387291282, 0.019288700074, -0.0123747671023, 0.00536536006257, -0.00174435938243, 0.00279334839433, -0.00256563350558], [-9.39278397709e-05, -3.10493196594e-05, -0.0012995499419, 0.000253565696767, 0.00150963291526, -0.0020049426239, 0.0028611519374, -0.0123747671023, 0.0233742725104, -0.0153351919726, 0.00546790845692, -0.00215502106585, 0.00194369384553], [0.0002435912902, 0.000279700499959, 0.000903354433831, 0.000121675439004, -0.00212554633617, 0.00407337397337, -0.00350699387491, 0.00536536006257, -0.0153351919726, 0.0263236574829, -0.016668735072, 0.0080573502928, -0.0020173904486], [-0.000212769169593, -0.00122244167142, -0.000200356909772, -0.000358815828804, -0.000174409404281, -0.00180585694034, 0.00298278080299, -0.00174435938243, 0.00546790845692, -0.016668735072, 0.0296070892364, -0.0171408411115, 0.00507693598047], [-4.82127070427e-05, -5.14527055202e-05, -0.00122632924467, 0.000745929952245, 0.000414814305259, 0.000675506715197, -0.00352988601662, 0.00279334839433, -0.00215502106585, 0.0080573502928, -0.0171408411115, 0.0310568623245, -0.0165099203587], [0.000223797585932, -0.000314991513733, 7.86813907325e-05, -0.000997742637992, 8.72637829161e-05, 0.000491611135658, 0.00227755890228, -0.00256563350558, 0.00194369384553, -0.0020173904486, 0.00507693598047, -0.0165099203587, 0.0234590023756]]}, "spectral_contrast_coeffs": {"dmean": [0.0550823584199, 0.049571339041, 0.0427091941237, 0.0285429358482, 0.0215287338942, 0.0205942410976], "dmean2": [0.0901515558362, 0.078762896359, 0.0654544010758, 0.0436469018459, 0.0347095727921, 0.0335755944252], "dvar": [0.00277932919562, 0.00165559037123, 0.00141897948924, 0.000666051346343, 0.000415493588662, 0.000465131655801], "dvar2": [0.00643874052912, 0.0041730212979, 0.00302318343893, 0.00136787665542, 0.00100532791112, 0.0010711431969], "max": [-0.283647507429, -0.430810153484, -0.535174489021, -0.507770717144, -0.643292427063, -0.691667437553], "mean": [-0.667273283005, -0.744220376015, -0.795406758785, -0.798963785172, -0.834262907505, -0.825120747089], "median": [-0.679222404957, -0.752496302128, -0.805594027042, -0.813271522522, -0.841381072998, -0.82310628891], "min": [-0.962864756584, -0.973200201988, -0.981091618538, -0.967737078667, -0.954841256142, -0.955735087395], "var": [0.00764345843345, 0.00541158346459, 0.00412548519671, 0.00508847273886, 0.00147501751781, 0.00163376063574]}, "spectral_contrast_valleys": {"dmean": [0.479072421789, 0.52169573307, 0.523749411106, 0.513491153717, 0.584429085255, 0.717362880707], "dmean2": [0.74248534441, 0.806689977646, 0.771834731102, 0.761268258095, 0.850965380669, 0.932150900364], "dvar": [0.314767360687, 0.394984960556, 0.383987665176, 0.40490218997, 0.629488825798, 0.777664840221], "dvar2": [0.490259170532, 0.676932275295, 0.642681598663, 0.687898814678, 1.20580506325, 1.70751178265], "max": [-4.86408281326, -4.5116558075, -5.84386396408, -5.98219919205, -5.66344690323, -7.14671468735], "mean"