{"lowlevel": {"average_loudness": 0.426702141762, "barkbands_crest": {"dmean": 2.61433148384, "dmean2": 4.11848783493, "dvar": 8.69699859619, "dvar2": 20.9380645752, "max": 26.9504909515, "mean": 16.3845100403, "median": 16.2838993073, "min": 2.28555393219, "var": 27.7267913818}, "barkbands_flatness_db": {"dmean": 0.0522204339504, "dmean2": 0.0799240916967, "dvar": 0.00282855518162, "dvar2": 0.00592181365937, "max": 0.686539232731, "mean": 0.355980813503, "median": 0.367488056421, "min": 0.0391079112887, "var": 0.0157429333776}, "barkbands_kurtosis": {"dmean": 21.5317554474, "dmean2": 33.4718780518, "dvar": 5148.33203125, "dvar2": 10283.7041016, "max": 3893.75439453, "mean": 34.2289581299, "median": 8.16895484924, "min": -1.97046387196, "var": 11628.1386719}, "barkbands_skewness": {"dmean": 1.49322021008, "dmean2": 2.27372908592, "dvar": 4.21277952194, "dvar2": 9.75972747803, "max": 55.1898498535, "mean": 1.29929971695, "median": 1.04657959938, "min": -17.6851234436, "var": 13.6051063538}, "barkbands_spread": {"dmean": 3.52482914925, "dmean2": 5.52870607376, "dvar": 48.4568023682, "dvar2": 111.35231781, "max": 128.054702759, "mean": 9.91454696655, "median": 3.67337083817, "min": 0.0215100999922, "var": 358.431854248}, "dissonance": {"dmean": 0.0617996640503, "dmean2": 0.102883666754, "dvar": 0.00403872318566, "dvar2": 0.0105788884684, "max": 0.500000178814, "mean": 0.345627993345, "median": 0.353502333164, "min": 0.0331305637956, "var": 0.0106021659449}, "dynamic_complexity": 8.53045940399, "erbbands_crest": {"dmean": 3.05943727493, "dmean2": 4.7422337532, "dvar": 13.1046915054, "dvar2": 29.2130260468, "max": 35.0589904785, "mean": 19.428604126, "median": 19.2464771271, "min": 2.8989648819, "var": 54.0530548096}, "erbbands_flatness_db": {"dmean": 0.044194418937, "dmean2": 0.0682910606265, "dvar": 0.00218872516416, "dvar2": 0.00439007906243, "max": 0.685684859753, "mean": 0.343556255102, "median": 0.349347949028, "min": 0.0416712686419, "var": 0.0142465252429}, "erbbands_kurtosis": {"dmean": 13.7377872467, "dmean2": 22.0702037811, "dvar": 661.033508301, "dvar2": 1626.31286621, "max": 433.090179443, "mean": 22.6862373352, "median": 8.61376953125, "min": -1.94889450073, "var": 1463.42407227}, "erbbands_skewness": {"dmean": 1.21973776817, "dmean2": 1.91445934772, "dvar": 2.29950070381, "dvar2": 5.39411211014, "max": 16.0298099518, "mean": 0.975076675415, "median": 0.761390209198, "min": -8.96504497528, "var": 9.29448413849}, "erbbands_spread": {"dmean": 6.2427983284, "dmean2": 10.0076770782, "dvar": 118.997062683, "dvar2": 283.311889648, "max": 156.952987671, "mean": 14.6102380753, "median": 7.28129339218, "min": 0.158285483718, "var": 359.807647705}, "hfc": {"dmean": 4.13113021851, "dmean2": 6.07455396652, "dvar": 180.674423218, "dvar2": 459.199920654, "max": 413.673339844, "mean": 8.33301353455, "median": 2.53096866608, "min": 1.15927324676e-16, "var": 279.586395264}, "melbands_crest": {"dmean": 3.33684253693, "dmean2": 5.26240968704, "dvar": 14.2747650146, "dvar2": 33.1187591553, "max": 38.207775116, "mean": 21.2249183655, "median": 20.5352878571, "min": 1.79721999168, "var": 42.5179901123}, "melbands_flatness_db": {"dmean": 0.0614946819842, "dmean2": 0.0946914628148, "dvar": 0.0038157813251, "dvar2": 0.00802471395582, "max": 0.891612946987, "mean": 0.453300118446, "median": 0.470391094685, "min": 0.00370115833357, "var": 0.0245982650667}, "melbands_kurtosis": {"dmean": 20.7243595123, "dmean2": 33.314540863, "dvar": 2256.66064453, "dvar2": 5670.43652344, "max": 1086.13244629, "mean": 32.8055458069, "median": 10.3592729568, "min": -1.96193230152, "var": 4122.12890625}, "melbands_skewness": {"dmean": 1.40406644344, "dmean2": 2.14224720001, "dvar": 3.22223353386, "dvar2": 7.63711595535, "max": 29.0693073273, "mean": 1.78787624836, "median": 1.41774630547, "min": -12.6592960358, "var": 12.1172513962}, "melbands_spread": {"dmean": 4.93988752365, "dmean2": 7.69956827164, "dvar": 127.806632996, "dvar2": 282.474182129, "max": 303.201507568, "mean": 15.2934083939, "median": 4.66600322723, "min": 0.136184543371, "var": 1202.55737305}, "pitch_salience": {"dmean": 0.080262824893, "dmean2": 0.129035532475, "dvar": 0.00961150135845, "dvar2": 0.0246462374926, "max": 0.945162832737, "mean": 0.370267927647, "median": 0.3785187006, "min": 0.0159724466503, "var": 0.0239145737141}, "silence_rate_20dB": {"dmean": 0, "dmean2": 0, "dvar": 0, "dvar2": 0, "max": 1, "mean": 1, "median": 1, "min": 1, "var": 0}, "silence_rate_30dB": {"dmean": 0.0217644777149, "dmean2": 0.0435345955193, "dvar": 0.0212902184576, "dvar2": 0.0522612929344, "max": 1, "mean": 0.974740922451, "median": 1, "min": 0, "var": 0.0246223416179}, "silence_rate_60dB": {"dmean": 0.0665889382362, "dmean2": 0.133195132017, "dvar": 0.0621516108513, "dvar2": 0.121419638395, "max": 1, "mean": 0.381217628717, "median": 0, "min": 0, "var": 0.235909342766}, "spectral_centroid": {"dmean": 152.129394531, "dmean2": 235.265808105, "dvar": 117547.6875, "dvar2": 249559.1875, "max": 11518.5644531, "mean": 772.463684082, "median": 544.627807617, "min": 119.097969055, "var": 689633}, "spectral_complexity": {"dmean": 1.02059853077, "dmean2": 1.69577610493, "dvar": 4.15437221527, "dvar2": 10.1745405197, "max": 36, "mean": 3.42694306374, "median": 3, "min": 0, "var": 8.31472396851}, "spectral_decrease": {"dmean": 2.03961225687e-09, "dmean2": 2.90033996819e-09, "dvar": 1.70301797397e-17, "dvar2": 4.08456988831e-17, "max": 2.99153094534e-18, "mean": -5.04098318643e-09, "median": -1.74017311672e-09, "min": -6.18653359652e-08, "var": 5.62578240092e-17}, "spectral_energy": {"dmean": 0.00804688408971, "dmean2": 0.0114520285279, "dvar": 0.000267725874437, "dvar2": 0.000644571264274, "max": 0.256949454546, "mean": 0.0197816193104, "median": 0.00683228299022, "min": 1.09574854755e-20, "var": 0.000862090091687}, "spectral_energyband_high": {"dmean": 5.1427679864e-05, "dmean2": 9.36364303925e-05, "dvar": 1.6500442257e-07, "dvar2": 4.60366749166e-07, "max": 0.012060017325, "mean": 3.47274690284e-05, "median": 5.0884762004e-07, "min": 7.95879661965e-21, "var": 1.08988068348e-07}, "spectral_energyband_low": {"dmean": 0.00431892834604, "dmean2": 0.00638110283762, "dvar": 0.000131710228743, "dvar2": 0.000320332066622, "max": 0.216227471828, "mean": 0.00893874000758, "median": 0.000420111289714, "min": 9.25656265053e-23, "var": 0.000385110557545}, "spectral_energyband_middle_high": {"dmean": 0.00167141319253, "dmean2": 0.0023696036078, "dvar": 5.50376498722e-05, "dvar2": 0.000131783584948, "max": 0.234223783016, "mean": 0.00257012504153, "median": 6.19670754531e-05, "min": 1.75551495309e-21, "var": 8.00607958809e-05}, "spectral_energyband_middle_low": {"dmean": 0.00373381213285, "dmean2": 0.00542094837874, "dvar": 8.99782171473e-05, "dvar2": 0.000209933830774, "max": 0.157746627927, "mean": 0.0100825531408, "median": 0.00236123404466, "min": 3.6655715693e-22, "var": 0.000352925795596}, "spectral_entropy": {"dmean": 0.514597713947, "dmean2": 0.811704754829, "dvar": 0.308893054724, "dvar2": 0.670047342777, "max": 9.80728340149, "mean": 5.61158514023, "median": 5.36058330536, "min": 3.04408359528, "var": 1.51913058758}, "spectral_flux": {"dmean": 0.0244502015412, "dmean2": 0.037531517446, "dvar": 0.00153990765102, "dvar2": 0.00340973166749, "max": 0.46400436759, "mean": 0.0430611297488, "median": 0.0239257216454, "min": 1.04678009316e-10, "var": 0.00271014473401}, "spectral_kurtosis": {"dmean": 25.2436981201, "dmean2": 41.9133262634, "dvar": 1248.31677246, "dvar2": 3237.46435547, "max": 806.74395752, "mean": 52.1102218628, "median": 28.1737689972, "min": -1.21999788284, "var": 4495.85498047}, "spectral_rms": {"dmean": 0.000758365727961, "dmean2": 0.00100055034272, "dvar": 1.33260471102e-06, "dvar2": 2.8089486932e-06, "max": 0.015832953155, "mean": 0.00330647127703, "median": 0.00258179055527, "min": 3.26959162869e-12, "var": 8.36635263113e-06}, "spectral_rolloff": {"dmean": 222.284332275, "dmean2": 399.486938477, "dvar": 702610.9375, "dvar2": 1591461, "max": 18712.3535156, "mean": 1240.65270996, "median": 602.9296875, "min": 43.06640625, "var": 8698005}, "spectral_skewness": {"dmean": 1.45374703407, "dmean2": 2.38249254227, "dvar": 2.35258817673, "dvar2": 5.52535820007, "max": 21.6535663605, "mean": 4.9207367897, "median": 4.22588634491, "min": -0.0261920001358, "var": 10.2994689941}, "spectral_spread": {"dmean": 816348.0625, "dmean2": 1362399, "dvar": 914567135232, "dvar2": 2052878237700.0, "max": 40034920, "mean": 2946390.5, "median": 2137288, "min": 109706.070312, "var": 6481830215680.0}, "spectral_strongpeak": {"dmean": 0.506442189217, "dmean2": 0.763290345669, "dvar": 1.29044103622, "dvar2": 2.7342543602, "max": 17.797876358, "mean": 1.29224193096, "median": 0.692753016949, "min": 0, "var": 3.2998354435}, "zerocrossingrate": {"dmean": 0.00568352034315, "dmean2": 0.00642699096352, "dvar": 0.000166824713233, "dvar2": 0.000186246252269, "max": 0.7080078125, "mean": 0.0455624610186, "median": 0.0244140625, "min": 0.00244140625, "var": 0.00915199890733}, "barkbands": {"dmean": [3.73558541469e-05, 0.00109640858136, 0.00292234960943, 0.00102783204056, 0.000770074489992, 0.000433607317973, 0.000511805235874, 0.000883396947756, 0.000697353505529, 0.000463204953121, 0.000323971238686, 0.000480282353237, 0.000179445778485, 0.000256494007772, 0.000164113793289, 6.12101939623e-05, 2.53417729255e-05, 2.07399662031e-05, 1.54506906256e-05, 1.70261337189e-05, 7.47216972741e-06, 7.31764703232e-06, 7.05083994035e-06, 5.9868561948e-06, 4.6424465836e-06, 5.87200338487e-06, 2.73311400178e-07], "dmean2": [5.8843234001e-05, 0.00172395806294, 0.00436010537669, 0.00161818985362, 0.00110337755177, 0.000637088087387, 0.000798441760708, 0.00139927072451, 0.000877864193171, 0.000622054038104, 0.000463138450868, 0.00061218283372, 0.000260415341472, 0.000392444810132, 0.000256987492321, 0.00010844701319, 4.11941764469e-05, 3.44412983395e-05, 2.91916203423e-05, 2.81960328721e-05, 1.32557252073e-05, 1.39340781971e-05, 1.36040425787e-05, 1.15238308354e-05, 8.87457372301e-06, 1.14143185783e-05, 5.18384979387e-07], "dvar": [8.49379855339e-09, 1.07380301415e-05, 7.47041485738e-05, 6.46750277156e-06, 9.77922627499e-06, 5.48914522369e-06, 5.80441155762e-06, 1.8470123905e-05, 1.64257980941e-05, 9.19663580135e-06, 7.33288197807e-06, 1.046937723e-05, 3.83758288081e-06, 5.04785248268e-06, 4.55833833257e-06, 1.15837099202e-06, 6.17572908368e-08, 1.00560320959e-07, 2.96157569579e-08, 3.45463639917e-08, 1.45048479894e-08, 3.41858541475e-09, 4.49211512432e-09, 4.12292866514e-09, 2.20209450674e-09, 2.98010927047e-09, 6.95248763075e-12], "dvar2": [2.04039771745e-08, 2.4494715035e-05, 0.000180669361725, 1.70713956322e-05, 2.09153822652e-05, 1.27787034216e-05, 1.36492317324e-05, 4.62477000838e-05, 3.04113418679e-05, 1.86803135875e-05, 1.68955102708e-05, 2.19810663111e-05, 9.48713750404e-06, 1.1847134374e-05, 1.12185971375e-05, 3.13424720844e-06, 1.11071429387e-07, 2.40884759251e-07, 8.44240801712e-08, 8.7117257408e-08, 3.90942958006e-08, 9.92113147191e-09, 1.32497595118e-08, 1.21554029064e-08, 6.51329035151e-09, 8.8286711275e-09, 2.04808201648e-11], "max": [0.00145182409324, 0.0636108145118, 0.186282634735, 0.0473458729684, 0.0830608308315, 0.059492520988, 0.0502169169486, 0.0858507603407, 0.0981513410807, 0.0891143009067, 0.120451182127, 0.0774217844009, 0.0965952724218, 0.0658624321222, 0.0737457275391, 0.0581066794693, 0.0195748321712, 0.0215338151902, 0.00785668194294, 0.0107684070244, 0.00483829388395, 0.00124995864462, 0.00182651996147, 0.0021577377338, 0.00134149054065, 0.00112002098467, 7.83699433669e-05], "mean": [3.55585325451e-05, 0.00152139121201, 0.00581831205636, 0.00218092300929, 0.00162099523004, 0.000767201243434, 0.000795415835455, 0.00183035514783, 0.00224904343486, 0.000794109655544, 0.000554352765903, 0.000814333790913, 0.00023434846662, 0.000285986781819, 0.000151354412083, 3.93523405364e-05, 2.41892357735e-05, 1.8043883756e-05, 9.25992571865e-06, 1.37377301144e-05, 4.82727909912e-06, 4.46550802735e-06, 4.01434999731e-06, 3.63636991096e-06, 2.81462030216e-06, 3.35975482813e-06, 1.88593816119e-07], "median": [3.50891923517e-06, 3.21249899571e-05, 3.76427487936e-05, 5.37327505299e-05, 0.000108789463411, 2.71346398222e-05, 2.72017514362e-05, 1.29947948153e-05, 9.47742228163e-06, 5.95440451434e-06, 5.96007248532e-06, 3.25682003677e-06, 4.35631193341e-07, 4.91984906148e-07, 2.25651845653e-07, 1.53958382043e-07, 1.33343178277e-07, 1.33071267783e-07, 1.48472196315e-07, 1.34164395149e-07, 8.44021172952e-08, 6.27713490076e-08, 5.09574391572e-08, 5.98629057436e-08, 4.58401316905e-08, 1.83826873723e-08, 7.33332417013e-09], "min": [3.72311613243e-23, 1.84169738852e-23, 2.33836389891e-23, 4.41397747849e-23, 3.62225995016e-23, 5.97224566346e-23, 5.19800771507e-23, 8.11557380097e-23, 7.26731419394e-23, 5.19072148021e-23, 4.53725340324e-23, 5.749394351e-23, 7.95205050839e-23, 1.18821978211e-22, 1.43226305393e-22, 1.22449602416e-22, 1.91098966826e-22, 2.34038041671e-22, 3.49142516022e-22, 5.86237450498e-22, 4.44888823386e-22, 4.81775555417e-22, 5.72348500343e-22, 1.10910319275e-21, 1.33659553168e-21, 1.78711058678e-21, 2.24348204425e-21], "var": [8.95712926052e-09, 2.43059130298e-05, 0.000237960877712, 1.83783213288e-05, 2.82963137579e-05, 9.91819251794e-06, 1.0816302165e-05, 4.72580431961e-05, 0.000107598840259, 2.20605015784e-05, 1.33338016894e-05, 1.89741786016e-05, 4.80028211314e-06, 5.36505467608e-06, 4.10515667681e-06, 7.67228300447e-07, 1.49956292717e-07, 1.1601060379e-07, 1.7756235593e-08, 3.36432748327e-08, 9.64444790696e-09, 1.89587079369e-09, 2.35625319256e-09, 2.19542894975e-09, 1.15980547388e-09, 1.54483603687e-09, 3.95681447676e-12]}, "erbbands": {"dmean": [0.0193579252809, 0.341681361198, 2.76010417938, 3.85420799255, 2.160415411, 2.99043488503, 3.13148665428, 3.19386434555, 5.47087240219, 12.9919395447, 21.6735210419, 12.9586315155, 16.3140068054, 13.4292802811, 7.20201587677, 19.3585739136, 11.895113945, 11.5051488876, 9.78898525238, 7.86746072769, 2.39748716354, 1.30886614323, 1.38629555702, 0.953699171543, 0.49087870121, 0.887024283409, 0.485976815224, 0.217267438769, 0.238475516438, 0.229707911611, 0.221587404609, 0.142398104072, 0.0932268053293, 0.0530429668725, 0.0366530939937, 0.0298157203943, 0.00955927465111, 0.000794724328443, 6.68909342494e-05, 1.13474634418e-05], "dmean2": [0.0248783193529, 0.543986797333, 4.1953086853, 5.91662788391, 3.24132037163, 4.36960506439, 4.34580659866, 4.82723999023, 8.11541938782, 20.8754901886, 31.6240024567, 17.6145114899, 21.5070171356, 19.4614543915, 10.2309074402, 24.7433624268, 16.3337421417, 17.5465583801, 14.90417099, 12.7776794434, 4.04040908813, 2.20027780533, 2.29095196724, 1.73327314854, 0.925620675087, 1.48508095741, 0.831132590771, 0.388918071985, 0.454341053963, 0.441399842501, 0.428475677967, 0.275854766369, 0.178037315607, 0.101762756705, 0.0705477893353, 0.0579161904752, 0.0185237899423, 0.00151071068831, 0.000125424325233, 1.72970685526e-05], "dvar": [0.00196247710846, 1.09024107456, 69.4749145508, 93.187286377, 44.3005409241, 228.968551636, 360.48135376, 386.39163208, 853.654907227, 4308.79980469, 13396.8447266, 5669.46289062, 13136.2382812, 12287.3369141, 1724.61071777, 16094.7392578, 9431.25976562, 9242.37792969, 15620.0224609, 13464.5517578, 946.26348877, 105.707992554, 486.834655762, 149.028015137, 18.2814044952, 94.1488113403, 42.8117370605, 6.140873909, 3.88872861862, 3.31187152863, 5.12001085281, 2.75111317635, 0.949265778065, 0.358343064785, 0.111696876585, 0.0747050270438, 0.00876655429602, 3.58663091902e-05, 3.6425379335e-07, 1.21574106338e-09], "dvar2": [0.00350528093986, 2.6086294651, 174.60496521, 230.988082886, 99.0834732056, 504.572296143, 723.746154785, 981.56829834, 1958.00061035, 11525.0664062, 29462.6445312, 12328.3574219, 26430.5878906, 28169.9023438, 4419.50341797, 35023.46875, 22600.0820312, 21621.3730469, 36289.0742188, 34349.0273438, 2483.26977539, 249.037506104, 1157.71447754, 411.709625244, 53.6212005615, 243.924224854, 115.179023743, 16.6339492798, 11.3089618683, 9.60404777527, 15.1264400482, 8.17387580872, 2.76117229462, 1.06238019466, 0.329603672028, 0.220972031355, 0.0259663145989, 0.000105712817458, 1.07327025489e-06, 3.44264905472e-09], "max": [0.548181355, 20.1722679138, 139.521347046, 216.007095337, 178.200469971, 446.370880127, 658.207763672, 600.857299805, 664.342224121, 1767.99621582, 2399.30566406, 2171.36621094, 3528.79321289, 4682.34082031, 2008.05615234, 2935.86694336, 3942.39746094, 3272.01342773, 5582.30029297, 5049.34521484, 1575.34423828, 478.389831543, 1499.97399902, 607.11505127, 87.0927124023, 540.4765625, 243.080612183, 92.9291229248, 55.2474822998, 38.0181503296, 64.2127914429, 53.9260902405, 28.8397140503, 19.0042190552, 9.68979644775, 5.26034593582, 1.98749792576, 0.121656782925, 0.0185091737658, 0.00101191655267], "mean": [0.0252871438861, 0.499320685863, 5.3255238533, 8.40492153168, 4.64069652557, 6.31493473053, 5.99467515945, 5.3967461586, 9.84560966492, 19.4487419128, 64.6901092529, 39.1557197571, 30.2829284668, 18.9469451904, 15.6702651978, 33.3940811157, 17.8468360901, 13.6839637756, 9.95839881897, 6.56976795197, 1.89123511314, 1.10046267509, 1.21497321129, 0.628606319427, 0.298518657684, 0.704610526562, 0.352764934301, 0.146086901426, 0.144503206015, 0.133911579847, 0.124741099775, 0.0827934518456, 0.0592778213322, 0.0317908264697, 0.0219851899892, 0.0169615447521, 0.00549422716722, 0.000526091956999, 5.09412166139e-05, 2.37180156546e-05], "median": [0.00128612644039, 0.0177235901356, 0.0478103198111, 0.180201485753, 0.292156219482, 0.402452141047, 0.238018736243, 0.255984455347, 0.401994466782, 0.469128966331, 0.386178791523, 0.297800421715, 0.315643012524, 0.2608499825, 0.284223437309, 0.168611049652, 0.0576624274254, 0.0425719991326, 0.0267030950636, 0.0204038694501, 0.0134633546695, 0.00960030592978, 0.00832563824952, 0.00864577107131, 0.00767192989588, 0.00672235619277, 0.00454568164423, 0.0030935050454, 0.00238851970062, 0.00175817986019, 0.00148451072164, 0.00128305098042, 0.000978375435807, 0.000628252048045, 0.000274956284557, 0.000114618815132, 3.63916733477e-05, 1.0571351595e-05, 5.82705888519e-06, 8.36354138301e-06], "min": [1.2226893686e-21, 1.925402624e-21, 1.52014503149e-20, 1.23950132584e-19, 5.72821669464e-20, 1.92811962151e-19, 4.91892463832e-19, 2.72146971023e-19, 4.6011802666e-19, 1.03946193771e-18, 2.18397312487e-18, 2.00006440492e-18, 1.8228912099e-18, 1.34630210439e-18, 2.15570857013e-18, 2.45161113437e-18, 3.41884790029e-18, 6.4369015648e-18, 7.69340587247e-18, 5.09286045521e-18, 8.56540064907e-18, 8.24459436492e-18, 1.36983897037e-17, 1.64997220478e-17, 1.88343351019e-17, 3.05078437416e-17, 1.60592599521e-17, 1.91235157897e-17, 1.70213156723e-17, 1.82354480666e-17, 1.81844722342e-17, 2.02984811821e-17, 2.03618696868e-17, 1.26826582336e-17, 1.00477662094e-17, 6.19095099018e-18, 3.42699438856e-18, 1.35156504104e-18, 2.78716387749e-19, 3.29676904413e-20], "var": [0.00395181309432, 2.41769909859, 202.876693726, 260.682281494, 114.264404297, 611.758666992, 781.197937012, 551.687805176, 1533.35449219, 5360.70996094, 65015.0195312, 27674.1152344, 32426.7441406, 21333.4082031, 3624.43823242, 27747.7363281, 13533.5527344, 10318.0458984, 16338.4121094, 10553.5917969, 770.847351074, 144.247039795, 551.325683594, 98.3623657227, 9.92023563385, 86.4453125, 30.2755661011, 4.04357481003, 2.14397287369, 1.82044482231, 2.67221426964, 1.41623210907, 0.542348623276, 0.187974348664, 0.0590634532273, 0.0388712100685, 0.0045571080409, 2.03818508453e-05, 2.06611261433e-07, 1.61293456369e-09]}, "gfcc": {"mean": [-272.290344238, 141.119186401, -70.4099960327, -5.99079799652, -50.3714485168, 7.38302326202, -17.9553871155, 0.962151646614, -19.5525569916, -6.50200271606, -9.67184257507, -10.4465703964, -9.02484035492], "cov": [[25679.34375, 5754.06982422, -1346.50793457, -349.26852417, -436.649536133, -214.803024292, -272.89163208, -719.278076172, 119.944900513, -404.698577881, 52.5037460327, -554.849304199, -167.586212158], [5754.06982422, 4967.48632812, 1004.07128906, -817.497192383, 697.30847168, -249.608184814, 35.0269126892, -848.01385498, -33.0735282898, -538.084960938, 86.0699005127, -529.302734375, -96.663848877], [-1346.50793457, 1004.07128906, 2099.09887695, 593.937011719, 49.2424545288, -443.818389893, -27.6825351715, 6.66278600693, 52.7888832092, -227.62739563, -106.351959229, -223.278457642, -57.9732818604], [-349.26852417, -817.497192383, 593.937011719, 1783.55029297, 146.702819824, -374.317687988, -443.414764404, 138.547271729, -71.4008483887, 17.4344882965, -89.2307357788, -0.380204230547, 5.49373149872], [-436.649536133, 697.30847168, 49.2424545288, 146.702819824, 1289.36608887, 485.970153809, -169.109954834, -686.227844238, -288.295379639, -112.570175171, 57.1403770447, -71.6765823364, -51.2110977173], [-214.803024292, -249.608184814, -443.818389893, -374.317687988, 485.970153809, 976.698913574, 319.978240967, -285.065063477, -349.758361816, -19.2758712769, 65.7373580933, 116.989006042, 0.938842773438], [-272.89163208, 35.0269126892, -27.6825351715, -443.414764404, -169.109954834, 319.978240967, 749.348571777, 320.418731689, -30.8021450043, -125.887695312, -52.1980514526, -68.6280975342, -3.38878178596], [-719.278076172, -848.01385498, 6.66278600693, 138.547271729, -686.227844238, -285.065063477, 320.418731689, 951.834533691, 448.18359375, 56.5164337158, -174.611038208, -5.90650653839, -16.5016155243], [119.944900513, -33.0735282898, 52.7888832092, -71.4008483887, -288.295379639, -349.758361816, -30.8021450043, 448.18359375, 638.557556152, 214.209777832, -52.000869751, -78.6981811523, -51.5598754883], [-404.698577881, -538.084960938, -227.62739563, 17.4344882965, -112.570175171, -19.2758712769, -125.887695312, 56.5164337158, 214.209777832, 418.45980835, 175.548309326, 46.0362434387, -48.2256355286], [52.5037460327, 86.0699005127, -106.351959229, -89.2307357788, 57.1403770447, 65.7373580933, -52.1980514526, -174.611038208, -52.000869751, 175.548309326, 343.064605713, 136.444671631, -1.02198016644], [-554.849304199, -529.302734375, -223.278457642, -0.380204230547, -71.6765823364, 116.989006042, -68.6280975342, -5.90650653839, -78.6981811523, 46.0362434387, 136.444671631, 369.633270264, 145.897354126], [-167.586212158, -96.663848877, -57.9732818604, 5.49373149872, -51.2110977173, 0.938842773438, -3.38878178596, -16.5016155243, -51.5598754883, -48.2256355286, -1.02198016644, 145.897354126, 258.589691162]], "icov": [[0.000107424522866, -0.000226368603762, 0.000207729986869, -0.000230605219258, 0.000306024943711, -0.000204393072636, 2.19998473767e-05, 0.000148121456732, -0.000162461830769, 6.57267082715e-05, 5.64725633012e-05, -6.93259016771e-06, 9.15574200917e-05], [-0.000226368603762, 0.00111287203617, -0.000571240205318, 0.000674425857142, -0.000652463233564, 0.000541011686437, -0.00013015519653, 0.000419452553615, -0.000483359704958, 0.00118999672122, -0.00108202162664, 0.000883099215571, -0.000356184027623], [0.000207729986869, -0.000571240205318, 0.00112941826228, -0.000830995035358, 0.00066563533619, -0.000151226224261, -0.000335099553922, 0.000581939995755, -0.000552253448404, 0.000370437832316, 0.000161793490406, -6.33163290331e-05, 0.00035239814315], [-0.000230605219258, 0.000674425857142, -0.000830995035358, 0.00180775660556, -0.00135521730408, 0.000834505131934, 0.00095019955188, -0.00161480274983, 0.00153800449334, -0.000510771176778, -0.000201895003556, 0.000407463579904, -0.000503346032929], [0.000306024943711, -0.000652463233564, 0.00066563533619, -0.00135521730408, 0.00301665463485, -0.00191937433556, 0.000122058932902, 0.00218344014138, -0.00191212608479, 0.00142453273293, -0.000246781914029, 0.000491266371682, 0.000484031887027], [-0.000204393072636, 0.000541011686437, -0.000151226224261, 0.000834505131934, -0.00191937433556, 0.00364524032921, -0.00191811705008, 0.000105345869088, 0.00163196830545, -0.00165161269251, 0.0011757692555, -0.00159156473819, 0.000526372983586], [2.19998473767e-05, -0.00013015519653, -0.000335099553922, 0.00095019955188, 0.000122058932902, -0.00191811705008, 0.00440380303189, -0.00317111378536, 0.00129310786724, 0.000978762051091, -0.00160982785746, 0.00220669689588, -0.00105424667709], [0.000148121456732, 0.000419452553615, 0.000581939995755, -0.00161480274983, 0.00218344014138, 0.000105345869088, -0.00317111378536, 0.00668201642111, -0.00471531180665, 0.00215642340481, 0.000729688792489, -0.000948109372985, 0.00123422930483], [-0.000162461830769, -0.000483359704958, -0.000552253448404, 0.00153800449334, -0.00191212608479, 0.00163196830545, 0.00129310786724, -0.00471531180665, 0.00689385505393, -0.0048749842681, 0.00190340192057, -0.000471409439342, -0.000372125563445], [6.57267082715e-05, 0.00118999672122, 0.000370437832316, -0.000510771176778, 0.00142453273293, -0.00165161269251, 0.000978762051091, 0.00215642340481, -0.0048749842681, 0.00901015941054, -0.00549397803843, 0.00287588476203, 8.39098065626e-05], [5.64725633012e-05, -0.00108202162664, 0.000161793490406, -0.000201895003556, -0.000246781914029, 0.0011757692555, -0.00160982785746, 0.000729688792489, 0.00190340192057, -0.00549397803843, 0.00805135443807, -0.00459884572774, 0.00162644032389], [-6.93259016771e-06, 0.000883099215571, -6.33163290331e-05, 0.000407463579904, 0.000491266371682, -0.00159156473819, 0.00220669689588, -0.000948109372985, -0.000471409439342, 0.00287588476203, -0.00459884572774, 0.00751208839938, -0.00343992910348], [9.15574200917e-05, -0.000356184027623, 0.00035239814315, -0.000503346032929, 0.000484031887027, 0.000526372983586, -0.00105424667709, 0.00123422930483, -0.000372125563445, 8.39098065626e-05, 0.00162644032389, -0.00343992910348, 0.00593061139807]]}, "melbands": {"dmean": [0.00021606629889, 0.00110579631291, 0.000601553823799, 0.000172001629835, 0.000116727293062, 7.8115517681e-05, 9.11454117158e-05, 0.000149819956277, 0.000191331710084, 7.41082694731e-05, 7.90294216131e-05, 5.06417272845e-05, 2.92264303425e-05, 2.40862391365e-05, 7.47925660107e-05, 9.94117090158e-06, 2.35968509514e-05, 1.73164735315e-05, 1.18627895063e-05, 7.18038927516e-06, 2.03215881811e-06, 1.38367863656e-06, 1.37861661642e-06, 8.77461729942e-07, 8.17321790691e-07, 4.11145578028e-07, 2.42153930685e-07, 7.39651852655e-07, 3.17802857808e-07, 2.4943506105e-07, 8.46523491305e-08, 1.23690142573e-07, 1.58877554668e-07, 1.08874154137e-07, 1.25131037976e-07, 1.25263909467e-07, 7.23235658029e-08, 6.85128114242e-08, 4.30694733211e-08, 4.97713870118e-08], "dmean2": [0.000324531283695, 0.00167228258215, 0.000915455049835, 0.000251001416473, 0.000161523450515, 0.000116208604595, 0.00013623785344, 0.000241334797465, 0.000265033420874, 0.00010063474474, 0.000104362959974, 7.44792268961e-05, 4.20228061557e-05, 3.11233961838e-05, 9.7119336715e-05, 1.45266985783e-05, 3.66150597984e-05, 2.61688783212e-05, 1.87673922483e-05, 1.23975714814e-05, 3.35459708367e-06, 2.26686597671e-06, 2.39452492679e-06, 1.41862392411e-06, 1.50211872096e-06, 7.88805266438e-07, 4.45296819862e-07, 1.22010862924e-06, 5.33322122465e-07, 4.3475014877e-07, 1.55636641352e-07, 2.35644364466e-07, 3.04189313738e-07, 2.08694856951e-07, 2.42044507104e-07, 2.42414614604e-07, 1.40045699482e-07, 1.30073601667e-07, 8.14760099388e-08, 9.59907850984e-08], "dvar": [3.32468914621e-07, 1.06904653876e-05, 2.16180615098e-06, 4.63821834273e-07, 3.78748836738e-07, 1.98263606421e-07, 2.07492888649e-07, 5.7995549696e-07, 1.13917133149e-06, 1.89083579016e-07, 3.23690073856e-07, 1.76566715027e-07, 4.83767621517e-08, 1.23387753348e-08, 3.44275605357e-07, 1.49565817509e-08, 4.43893526381e-08, 6.25201579396e-08, 3.32489840105e-08, 1.49721497422e-08, 5.94044036184e-10, 1.48997467142e-10, 2.549243594e-10, 2.23628907059e-10, 1.37072353468e-10, 1.65905171545e-11, 5.86290824917e-12, 7.33449412316e-11, 1.41608695256e-11, 2.13142368338e-11, 7.71648966513e-13, 1.16878056712e-12, 1.97304303971e-12, 6.50793492447e-13, 1.60528122913e-12, 1.92217530955e-12, 7.28125513442e-13, 5.37365779044e-13, 1.93258590012e-13, 3.82866210524e-13], "dvar2": [7.13831980192e-07, 2.65323433268e-05, 5.34052287549e-06, 9.76140881903e-07, 7.74146428739e-07, 4.83847657051e-07, 4.70592027568e-07, 1.53545693138e-06, 2.3391535251e-06, 4.11113745713e-07, 6.53100471482e-07, 4.07384135315e-07, 1.19623223327e-07, 2.6511871809e-08, 7.69921655319e-07, 3.38184911186e-08, 1.03890968717e-07, 1.44900468513e-07, 8.17351661908e-08, 3.93804064913e-08, 1.36770561543e-09, 2.99520269698e-10, 6.51737275259e-10, 5.24068788366e-10, 3.79786535554e-10, 4.90678886411e-11, 1.63967051742e-11, 1.85119794494e-10, 3.64276005194e-11, 5.65821001164e-11, 2.19121921129e-12, 3.41470580111e-12, 5.73566975165e-12, 1.883154006e-12, 4.74002174317e-12, 5.69600876882e-12, 2.16411502434e-12, 1.55790419627e-12, 5.66237920267e-13, 1.13856515362e-12], "max": [0.0100961327553, 0.0532345399261, 0.0319859981537, 0.0223182737827, 0.0181902851909, 0.0133933760226, 0.00951227266341, 0.0203659627587, 0.024311920628, 0.0146444719285, 0.0174684058875, 0.0172871295363, 0.0110868429765, 0.00341747701168, 0.0180711150169, 0.00686573656276, 0.00621536327526, 0.0114295436069, 0.00631648348644, 0.00549587607384, 0.00121395848691, 0.000807805510703, 0.000844753696583, 0.0010685614543, 0.000606804678682, 8.90561350388e-05, 7.15595742804e-05, 0.000516854925081, 0.000171227846295, 0.000186601871974, 3.48557368852e-05, 3.41528393619e-05, 3.06206711684e-05, 1.57207650773e-05, 3.44385080098e-05, 3.47443419741e-05, 2.98332834063e-05, 2.28379667533e-05, 1.24109319586e-05, 2.03431372938e-05], "mean": [0.000304640969262, 0.00207757926546, 0.00134636030998, 0.000366963678971, 0.000230948222452, 0.000135249501909, 0.000161736039445, 0.000220589441597, 0.000617959129158, 0.000215092775761, 0.000142218690598, 6.7279986979e-05, 5.31812365807e-05, 5.01753202116e-05, 0.000113754816994, 1.49874340423e-05, 2.69463853328e-05, 1.75938894245e-05, 1.11312328954e-05, 5.0536418712e-06, 1.76123478468e-06, 1.2435006056e-06, 1.08388155695e-06, 7.91209004092e-07, 5.1152414926e-07, 2.37217378185e-07, 1.56402180096e-07, 6.05031289069e-07, 2.456843049e-07, 1.63946381804e-07, 5.86841295558e-08, 7.74505224399e-08, 9.12775846018e-08, 6.36296491052e-08, 7.013947112e-08, 7.05910423449e-08, 4.25909085777e-08, 4.30701767584e-08, 2.75167479913e-08, 2.88816561778e-08], "median": [9.54554070631e-06, 3.80789606425e-05, 4.42261807621e-05, 2.71297067229e-05, 7.64947253629e-06, 4.48421178589e-06, 5.36003062734e-06, 4.26583619628e-06, 2.37086078414e-06, 1.47116588778e-06, 9.85225938166e-07, 4.50029290278e-07, 6.7831075512e-07, 4.60764795207e-07, 1.82441411312e-07, 3.31245217922e-08, 4.83038213872e-08, 2.98758706663e-08, 1.74881744641e-08, 1.30730253289e-08, 9.1907121913e-09, 7.56441664862e-09, 6.84652423644e-09, 6.09862205181e-09, 6.15948447802e-09, 4.92444574007e-09, 4.62984717231e-09, 3.91207244377e-09, 2.83037815407e-09, 1.90021176572e-09, 1.58929591709e-09, 1.32591881918e-09, 1.04608122165e-09, 8.48358050476e-10, 8.05555067096e-10, 8.23586587817e-10, 7.35573379984e-10, 6.44776343428e-10, 5.72182523584e-10, 4.71869543439e-10], "min": [9.41385583524e-24, 6.24221374452e-24, 1.80043601888e-23, 7.70150860043e-24, 1.50686616616e-23, 7.7614707067e-24, 8.28235556242e-24, 1.08090738864e-23, 1.89311329129e-23, 1.10453890035e-23, 8.87270829831e-24, 5.43663608786e-24, 6.66897802792e-24, 7.50660158114e-24, 6.06341920922e-24, 7.83087626686e-24, 1.2963524016e-23, 1.18478222606e-23, 9.0703274214e-24, 7.76075915416e-24, 1.12020023478e-23, 8.22552128964e-24, 1.21117183215e-23, 1.17782699723e-23, 1.32861058063e-23, 1.29119845777e-23, 1.82346176429e-23, 1.95571650386e-23, 1.11128989309e-23, 8.24376448693e-24, 1.18347326916e-23, 8.50754537414e-24, 1.11761497983e-23, 9.36423411772e-24, 9.87565500915e-24, 1.04754093893e-23, 1.2792906024e-23, 1.20878197803e-23, 1.71438423143e-23, 8.07186222935e-24], "var": [7.25349195818e-07, 3.02465123241e-05, 6.12383882981e-06, 1.29550858219e-06, 9.45296221744e-07, 3.3069503047e-07, 4.09524034239e-07, 7.30730789655e-07, 6.47835440759e-06, 8.64668095346e-07, 7.90967874309e-07, 3.00462403402e-07, 7.98134252022e-08, 3.17161514829e-08, 5.18102694969e-07, 3.8262399471e-08, 4.81744102387e-08, 6.56756711237e-08, 3.06224450242e-08, 1.05514574855e-08, 8.43010883322e-10, 2.98081559436e-10, 2.48422254989e-10, 2.70551442361e-10, 8.85925152683e-11, 8.7390034445e-12, 3.7676407133e-12, 7.24956969456e-11, 1.22088303009e-11, 1.46601515649e-11, 4.59668978228e-13, 6.45573330037e-13, 1.07806710607e-12, 3.60220398432e-13, 8.39368938937e-13, 9.95266369319e-13, 3.74871954225e-13, 3.07296993841e-13, 1.12119725125e-13, 1.97281657698e-13]}, "mfcc": {"mean": [-913.588500977, 168.852859497, 39.4353027344, 7.67273378372, -4.72140836716, 1.72164487839, 8.61857128143, 4.8333029747, 0.400938302279, 1.97463858128, -0.206818550825, 0.492661952972, -0.160519868135], "cov": [[8677.609375, 3392.51416016, -542.575561523, -10.3967466354, 178.561950684, 256.765594482, -50.0260658264, -64.2137145996, -164.267745972, 36.4057769775, -45.9887390137, -45.5954589844, -68.9848022461], [3392.51416016, 4152.93945312, 891.55871582, -64.9318008423, 169.665863037, 235.715835571, 162.333618164, -90.6938476562, -202.247375488, -156.70892334, -76.1022338867, -52.9582519531, -66.3003158569], [-542.575561523, 891.55871582, 1597.97558594, 673.770385742, 26.5118713379, -236.545501709, -85.407585144, 41.7413482666, 86.2518005371, 9.67088794708, -51.0435180664, -42.0753669739, -21.3187427521], [-10.3967466354, -64.9318008423, 673.770385742, 1302.98034668, 551.340148926, -231.026260376, -281.602478027, -142.100997925, -4.19256496429, 27.1951026917, -100.746650696, -49.6890487671, -59.457244873], [178.561950684, 169.665863037, 26.5118713379, 551.340148926, 911.612670898, 486.395812988, -24.5977115631, -274.618896484, -292.692504883, -187.577468872, -86.3586883545, -62.070640564, -44.9422187805], [256.765594482, 235.715835571, -236.545501709, -231.026260376, 486.395812988, 996.31451416, 547.50189209, -147.752334595, -397.221954346, -312.731170654, -137.566436768, -61.75573349, -38.5532989502], [-50.0260658264, 162.333618164, -85.407585144, -281.602478027, -24.5977115631, 547.50189209, 759.696411133, 210.180221558, -157.205001831, -216.953201294, -174.38999939, -36.6834716797, -26.3150253296], [-64.2137145996, -90.6938476562, 41.7413482666, -142.100997925, -274.618896484, -147.752334595, 210.180221558, 531.344909668, 328.159973145, 39.2222213745, -40.120639801, -49.9794960022, 4.28561019897], [-164.267745972, -202.247375488, 86.2518005371, -4.19256496429, -292.692504883, -397.221954346, -157.205001831, 328.159973145, 576.741027832, 336.441314697, 64.2434768677, -39.3893089294, -39.5191459656], [36.4057769775, -156.70892334, 9.67088794708, 27.1951026917, -187.577468872, -312.731170654, -216.953201294, 39.2222213745, 336.441314697, 488.354553223, 262.828063965, 57.1388206482, -43.4114112854], [-45.9887390137, -76.1022338867, -51.0435180664, -100.746650696, -86.3586883545, -137.566436768, -174.38999939, -40.120639801, 64.2434768677, 262.828063965, 424.370147705, 207.799530029, 20.8212299347], [-45.5954589844, -52.9582519531, -42.0753669739, -49.6890487671, -62.070640564, -61.75573349, -36.6834716797, -49.9794960022, -39.3893089294, 57.1388206482, 207.799530029, 297.285614014, 141.397949219], [-68.9848022461, -66.3003158569, -21.3187427521, -59.457244873, -44.9422187805, -38.5532989502, -26.3150253296, 4.28561019897, -39.5191459656, -43.4114112854, 20.8212299347, 141.397949219, 251.149932861]], "icov": [[0.000293215329293, -0.000350308109773, 0.000422821176471, -0.000441725744167, 0.000474436557852, -0.000533048005309, 0.00053564371774, -0.000489520374686, 0.000377927150112, -0.000376429466996, 0.000248273543548, -0.000125293590827, 3.12874835799e-05], [-0.000350308109773, 0.000739924318623, -0.000798422144726, 0.000844278431032, -0.000849600764923, 0.000782549730502, -0.000703098194208, 0.000581103668083, -0.000298685365124, 0.00033691097633, -0.000145533980685, 4.58562171843e-05, 0.000113203714136], [0.000422821176471, -0.000798422144726, 0.00179984851275, -0.00172453175765, 0.00150747026782, -0.00107924023177, 0.000706607825123, -0.000528846052475, 7.78245084803e-05, 4.63972792204e-05, -0.000269610056421, 0.000307343143504, -0.000293392600724], [-0.000441725744167, 0.000844278431032, -0.00172453175765, 0.00367449037731, -0.0037047220394, 0.00308957998641, -0.00150152062997, 0.000786904420238, 6.54958648738e-06, -0.000492137507536, 0.00111028156243, -0.000751542858779, 0.00071267230669], [0.000474436557852, -0.000849600764923, 0.00150747026782, -0.0037047220394, 0.0060430332087, -0.00513824867085, 0.00343358865939, -0.00138353649527, 0.000855639402289, 9.38967787079e-06, -0.000182585339644, 0.00020163753652, -0.000129196268972], [-0.000533048005309, 0.000782549730502, -0.00107924023177, 0.00308957998641, -0.00513824867085, 0.007444081828, -0.00582531513646, 0.00357957626693, -0.00159877853002, 0.00181336840615, -0.0016235463554, 0.00155569508206, -0.000427604099968], [0.00053564371774, -0.000703098194208, 0.000706607825123, -0.00150152062997, 0.00343358865939, -0.00582531513646, 0.00774413673207, -0.00589696178213, 0.00437851343304, -0.00327983894385, 0.00390194682404, -0.00312203564681, 0.0018545469502], [-0.000489520374686, 0.000581103668083, -0.000528846052475, 0.000786904420238, -0.00138353649527, 0.00357957626693, -0.00589696178213, 0.00896953046322, -0.0074329203926, 0.00547036435455, -0.00425488455221, 0.00320068118162, -0.0019819510635], [0.000377927150112, -0.000298685365124, 7.78245084803e-05, 6.54958648738e-06, 0.000855639402289, -0.00159877853002, 0.00437851343304, -0.0074329203926, 0.0103669743985, -0.00767718208954, 0.00496874423698, -0.00227944087237, 0.00170208211057], [-0.000376429466996, 0.00033691097633, 4.63972792204e-05, -0.000492137507536, 9.38967787079e-06, 0.00181336840615, -0.00327983894385, 0.00547036435455, -0.00767718208954, 0.010002461262, -0.00684494012967, 0.00311718811281, -0.000950590823777], [0.000248273543548, -0.000145533980685, -0.000269610056421, 0.00111028156243, -0.000182585339644, -0.0016235463554, 0.00390194682404, -0.00425488455221, 0.00496874423698, -0.00684494012967, 0.0099501144141, -0.00692514330149, 0.00314194732346], [-0.000125293590827, 4.58562171843e-05, 0.000307343143504, -0.000751542858779, 0.00020163753652, 0.00155569508206, -0.00312203564681, 0.00320068118162, -0.00227944087237, 0.00311718811281, -0.00692514330149, 0.0102470442653, -0.00529584335163], [3.12874835799e-05, 0.000113203714136, -0.000293392600724, 0.00071267230669, -0.000129196268972, -0.000427604099968, 0.0018545469502, -0.0019819510635, 0.00170208211057, -0.000950590823777, 0.00314194732346, -0.00529584335163, 0.00712796347216]]}, "spectral_contrast_coeffs": {"dmean": [0.0507335737348, 0.046866890043, 0.0468157567084, 0.0379067324102, 0.0283731110394, 0.0258229281753], "dmean2": [0.0802063569427, 0.073665253818, 0.0730912163854, 0.0605301745236, 0.0455973222852, 0.0422981865704], "dvar": [0.00214066472836, 0.00230678007938, 0.00220903102309, 0.00152800930664, 0.00116366520524, 0.000655807554722], "dvar2": [0.00497749308124, 0.00510399928316, 0.0047793132253, 0.00329328305088, 0.00248623592779, 0.00151162943803], "max": [-0.204413235188, -0.241368353367, -0.344419538975, -0.321742117405, -0.438225448132, -0.606905937195], "mean": [-0.632866382599, -0.693634808064, -0.734308898449, -0.798749387264, -0.862766385078, -0.851415753365], "median": [-0.622285842896, -0.716637849808, -0.76162135601, -0.838245868683, -0.883110880852, -0.855226814747], "min": [-0.964028656483, -0.967607855797, -0.967911243439, -0.98144620657, -0.96165573597, -0.963390529156], "var": [0.0241475421935, 0.021071344614, 0.0166656915098, 0.0159904342145, 0.00380776403472, 0.00209559849463]}, "spectral_contrast_valleys": {"dmean": [0.59838193655, 0.557417690754, 0.662182986736, 0.763151109219, 0.72379052639, 0.583667039871], "dmean2": [0.896866798401, 0.875328958035, 1.03793036938, 1.20685052872, 1.17397665977, 0.955164015293], "dvar": [0.354091763496, 0.416125208139, 0.624379992485, 0.6995539