{"lowlevel": {"average_loudness": 0.805136799812, "barkbands_crest": {"dmean": 3.63719582558, "dmean2": 6.12403011322, "dvar": 12.2288303375, "dvar2": 31.1352233887, "max": 26.7836227417, "mean": 13.9917545319, "median": 13.483373642, "min": 2.2290956974, "var": 43.9396095276}, "barkbands_flatness_db": {"dmean": 0.0427890382707, "dmean2": 0.0673492476344, "dvar": 0.00203181896359, "dvar2": 0.00451627885923, "max": 0.787423431873, "mean": 0.194243952632, "median": 0.152905553579, "min": 0.0122404815629, "var": 0.0198509823531}, "barkbands_kurtosis": {"dmean": 28.4869155884, "dmean2": 46.4268455505, "dvar": 4383.88867188, "dvar2": 11617.9560547, "max": 1326.25500488, "mean": 40.5040168762, "median": 8.50308227539, "min": -1.9144525528, "var": 6627.99316406}, "barkbands_skewness": {"dmean": 1.62810695171, "dmean2": 2.58129835129, "dvar": 4.18423175812, "dvar2": 10.3856067657, "max": 26.5065479279, "mean": 3.64970111847, "median": 2.70869731903, "min": -3.25125384331, "var": 15.5700836182}, "barkbands_spread": {"dmean": 8.57553768158, "dmean2": 13.6487054825, "dvar": 114.596977234, "dvar2": 262.335235596, "max": 115.935508728, "mean": 21.0413036346, "median": 16.3308238983, "min": 0.0338378213346, "var": 374.137481689}, "dissonance": {"dmean": 0.0178212020546, "dmean2": 0.0297286659479, "dvar": 0.000572628632654, "dvar2": 0.00141221808735, "max": 0.500000119209, "mean": 0.471131116152, "median": 0.481802821159, "min": 0.107062965631, "var": 0.0013038989855}, "dynamic_complexity": 6.8411397934, "erbbands_crest": {"dmean": 2.45887422562, "dmean2": 4.01497173309, "dvar": 6.37350893021, "dvar2": 15.5218029022, "max": 33.55991745, "mean": 7.89087915421, "median": 6.33511066437, "min": 2.0584089756, "var": 24.0085964203}, "erbbands_flatness_db": {"dmean": 0.0192592293024, "dmean2": 0.0284418705851, "dvar": 0.000506741635036, "dvar2": 0.00102755508851, "max": 0.494464069605, "mean": 0.138949066401, "median": 0.114776313305, "min": 0.02635461092, "var": 0.00577889755368}, "erbbands_kurtosis": {"dmean": 2.20728635788, "dmean2": 3.42161345482, "dvar": 55.1165237427, "dvar2": 105.897872925, "max": 181.633789062, "mean": 2.1837952137, "median": -0.402813911438, "min": -1.87113785744, "var": 141.876068115}, "erbbands_skewness": {"dmean": 0.5373737216, "dmean2": 0.815138816833, "dvar": 0.361768841743, "dvar2": 0.798216700554, "max": 10.5632400513, "mean": 0.492617487907, "median": 0.283409118652, "min": -3.84718108177, "var": 1.93217182159}, "erbbands_spread": {"dmean": 13.4463453293, "dmean2": 20.7258548737, "dvar": 198.641387939, "dvar2": 441.378570557, "max": 165.329315186, "mean": 59.0270576477, "median": 57.0576210022, "min": 0.766734659672, "var": 952.662780762}, "hfc": {"dmean": 11.2006063461, "dmean2": 16.3904285431, "dvar": 312.581970215, "dvar2": 679.529724121, "max": 224.546142578, "mean": 19.3780593872, "median": 9.37592124939, "min": 1.05865420296e-16, "var": 673.071044922}, "melbands_crest": {"dmean": 4.20867919922, "dmean2": 6.97134304047, "dvar": 12.5239362717, "dvar2": 32.000629425, "max": 37.3404426575, "mean": 18.0555114746, "median": 19.058675766, "min": 1.56639432907, "var": 57.738117218}, "melbands_flatness_db": {"dmean": 0.0508103966713, "dmean2": 0.0787222087383, "dvar": 0.00281510176137, "dvar2": 0.00594479544088, "max": 0.976098656654, "mean": 0.265681505203, "median": 0.239997401834, "min": 0.00281550106592, "var": 0.032602339983}, "melbands_kurtosis": {"dmean": 47.3202896118, "dmean2": 75.9541397095, "dvar": 6899.06884766, "dvar2": 16706.8027344, "max": 1576.27197266, "mean": 86.0244979858, "median": 29.8851852417, "min": -1.8129543066, "var": 17510.3847656}, "melbands_skewness": {"dmean": 1.84312176704, "dmean2": 2.89510369301, "dvar": 4.69603061676, "dvar2": 11.141289711, "max": 24.204957962, "mean": 5.56453895569, "median": 4.37208557129, "min": -1.59931468964, "var": 20.0853271484}, "melbands_spread": {"dmean": 9.96091651917, "dmean2": 15.5991392136, "dvar": 260.036621094, "dvar2": 525.276123047, "max": 202.195861816, "mean": 25.962677002, "median": 9.07349205017, "min": 0.130591541529, "var": 1380.3770752}, "pitch_salience": {"dmean": 0.11021463573, "dmean2": 0.184672489762, "dvar": 0.0110064605251, "dvar2": 0.028795838356, "max": 0.931210756302, "mean": 0.475937336683, "median": 0.477469861507, "min": 0.0285827796906, "var": 0.0393774397671}, "silence_rate_20dB": {"dmean": 0.00116238521878, "dmean2": 0.00232504075393, "dvar": 0.00116092921235, "dvar2": 0.00348227424547, "max": 1, "mean": 0.999418854713, "median": 1, "min": 0, "var": 0.000580826483201}, "silence_rate_30dB": {"dmean": 0.0934557691216, "dmean2": 0.186933264136, "dvar": 0.0847177058458, "dvar2": 0.186396628618, "max": 1, "mean": 0.823454201221, "median": 1, "min": 0, "var": 0.145373016596}, "silence_rate_60dB": {"dmean": 0.0727653130889, "dmean2": 0.145547553897, "dvar": 0.0674646049738, "dvar2": 0.149716332555, "max": 1, "mean": 0.189562991261, "median": 0, "min": 0, "var": 0.153633981943}, "spectral_centroid": {"dmean": 391.800872803, "dmean2": 594.700866699, "dvar": 217484.65625, "dvar2": 426295.15625, "max": 11920.5283203, "mean": 1792.98181152, "median": 1226.5291748, "min": 62.7048492432, "var": 5007219.5}, "spectral_complexity": {"dmean": 5.51249551773, "dmean2": 7.71239233017, "dvar": 51.1353683472, "dvar2": 94.2508010864, "max": 61, "mean": 12.7420969009, "median": 8, "min": 0, "var": 164.622344971}, "spectral_decrease": {"dmean": 8.06412625565e-09, "dmean2": 1.34808422203e-08, "dvar": 1.68440191032e-16, "dvar2": 4.7168819025e-16, "max": 2.53360489749e-28, "mean": -1.34815696384e-08, "median": -7.4697235064e-09, "min": -1.27196031485e-07, "var": 2.77941553194e-16}, "spectral_energy": {"dmean": 0.0311913527548, "dmean2": 0.0519465655088, "dvar": 0.00247708917595, "dvar2": 0.00690315198153, "max": 0.48954808712, "mean": 0.0526402369142, "median": 0.0300802160054, "min": 9.85156034459e-21, "var": 0.00412495527416}, "spectral_energyband_high": {"dmean": 0.000767863937654, "dmean2": 0.00109857588541, "dvar": 1.93750975086e-06, "dvar2": 4.22016864832e-06, "max": 0.024915413931, "mean": 0.00127318338491, "median": 0.000357912125764, "min": 6.83365165641e-21, "var": 4.60982710138e-06}, "spectral_energyband_low": {"dmean": 0.0265463907272, "dmean2": 0.0457831509411, "dvar": 0.00211532460526, "dvar2": 0.00606015091762, "max": 0.437212407589, "mean": 0.0424694977701, "median": 0.0174282677472, "min": 1.07112030693e-23, "var": 0.00341801461764}, "spectral_energyband_middle_high": {"dmean": 0.00157673913054, "dmean2": 0.00231148209423, "dvar": 7.86700275057e-06, "dvar2": 1.6821162717e-05, "max": 0.0496744215488, "mean": 0.00233278772794, "median": 0.000681752455421, "min": 1.13092462524e-21, "var": 1.57562062668e-05}, "spectral_energyband_middle_low": {"dmean": 0.00793137680739, "dmean2": 0.0132432859391, "dvar": 0.000291539181489, "dvar2": 0.000779105059337, "max": 0.231018021703, "mean": 0.00859534274787, "median": 0.00310028530657, "min": 1.39786000944e-22, "var": 0.000255222141277}, "spectral_entropy": {"dmean": 0.232476592064, "dmean2": 0.345630794764, "dvar": 0.0830173268914, "dvar2": 0.167274549603, "max": 9.82551860809, "mean": 7.66809749603, "median": 7.92548799515, "min": 3.38464975357, "var": 1.06298565865}, "spectral_flux": {"dmean": 0.0519957318902, "dmean2": 0.0807222798467, "dvar": 0.00396445486695, "dvar2": 0.00822340510786, "max": 0.597785711288, "mean": 0.115967236459, "median": 0.0942741930485, "min": 6.28711596673e-11, "var": 0.00864568818361}, "spectral_kurtosis": {"dmean": 4.48301792145, "dmean2": 6.91798067093, "dvar": 353.173461914, "dvar2": 820.504821777, "max": 468.704925537, "mean": 8.42323303223, "median": 1.9023938179, "min": -1.29132401943, "var": 832.55657959}, "spectral_rms": {"dmean": 0.00192765973043, "dmean2": 0.0030602379702, "dvar": 5.50027471036e-06, "dvar2": 1.45160656757e-05, "max": 0.0218542423099, "mean": 0.00580335687846, "median": 0.00541724544019, "min": 3.1002062896e-12, "var": 1.7677055439e-05}, "spectral_rolloff": {"dmean": 731.134887695, "dmean2": 1210.38000488, "dvar": 1877027.375, "dvar2": 4087985.25, "max": 19681.3476562, "mean": 2318.11132812, "median": 344.53125, "min": 21.533203125, "var": 17835052}, "spectral_skewness": {"dmean": 0.360697060823, "dmean2": 0.536378860474, "dvar": 0.653696060181, "dvar2": 1.40006780624, "max": 18.648683548, "mean": 1.5906598568, "median": 1.17333555222, "min": -0.218287751079, "var": 2.98067927361}, "spectral_spread": {"dmean": 734526.75, "dmean2": 1105041.125, "dvar": 1463441031170.0, "dvar2": 3190351200260.0, "max": 42989564, "mean": 7229118, "median": 5957469.5, "min": 220338.40625, "var": 57117809573900.0}, "spectral_strongpeak": {"dmean": 0.295122474432, "dmean2": 0.483284980059, "dvar": 0.19401794672, "dvar2": 0.501124978065, "max": 9.31829452515, "mean": 0.550041675568, "median": 0.425037592649, "min": 0, "var": 0.407400965691}, "zerocrossingrate": {"dmean": 0.0158831309527, "dmean2": 0.0184551812708, "dvar": 0.000405451923143, "dvar2": 0.000501107831951, "max": 0.537109375, "mean": 0.0841580331326, "median": 0.05029296875, "min": 0.00048828125, "var": 0.0117025561631}, "barkbands": {"dmean": [0.000886012800038, 0.0208771955222, 0.00778638804331, 0.0038338128943, 0.00236406130716, 0.0013490159763, 0.000614257354755, 0.000551387725864, 0.000448387552751, 0.000367413187632, 0.000215132837184, 0.000253671751125, 0.000244459632086, 0.000170892250026, 0.00017200592265, 0.000143677170854, 0.000121791570564, 0.000129957625177, 0.0001363902702, 0.000152138862177, 0.000160347364726, 0.000123350735521, 0.000111791567178, 0.000146801161463, 0.000127155624796, 9.81902994681e-05, 1.41254859045e-05], "dmean2": [0.00147251121234, 0.0363209545612, 0.0133272679523, 0.00684632314369, 0.00403593434021, 0.00219989730977, 0.0010181030957, 0.000928817957174, 0.0007381560863, 0.000597578531597, 0.000351814785972, 0.000410863838624, 0.000390935107134, 0.000275694997981, 0.000274322985206, 0.000235160259763, 0.000197229557671, 0.000213337902096, 0.000214562678593, 0.000239682456595, 0.000245907198405, 0.000180653980351, 0.000168445825693, 0.000220505069592, 0.000192527048057, 0.000147795450175, 2.14207648241e-05], "dvar": [2.99177531815e-06, 0.00133775174618, 0.000294443278108, 0.000167332225828, 2.20173806156e-05, 1.01709401861e-05, 1.87933756024e-06, 3.10194036501e-06, 1.11735869268e-06, 1.12083398562e-06, 3.767796386e-07, 6.45869135951e-07, 4.39625893023e-07, 1.33388510903e-07, 1.3988073988e-07, 8.79852635194e-08, 6.65880151018e-08, 7.50009903072e-08, 5.82286432405e-08, 9.05596380107e-08, 8.37146814092e-08, 4.99124688247e-08, 6.34245935771e-08, 1.04698543169e-07, 8.67868052978e-08, 6.7380582891e-08, 1.99172567328e-09], "dvar2": [7.76888737164e-06, 0.00397414714098, 0.000778702495154, 0.000469272286864, 5.68519099033e-05, 2.50441589742e-05, 4.73754062114e-06, 6.47794695396e-06, 2.8091758395e-06, 2.52476115747e-06, 9.29791895032e-07, 1.31694343963e-06, 1.07711309738e-06, 3.49470894889e-07, 3.42980655432e-07, 2.20321680899e-07, 1.61115622177e-07, 1.91400417293e-07, 1.41274668408e-07, 2.2829954105e-07, 1.96281504827e-07, 1.09731651321e-07, 1.44880772268e-07, 2.45941237154e-07, 2.01426658464e-07, 1.53070828901e-07, 4.38327463215e-09], "max": [0.020703881979, 0.369269609451, 0.210873007774, 0.181490242481, 0.0824816077948, 0.0580624863505, 0.0291023515165, 0.106049470603, 0.0211155861616, 0.0341739691794, 0.0140390209854, 0.0292497761548, 0.0160208102316, 0.0117901442572, 0.0092872902751, 0.00566821778193, 0.00499358959496, 0.00471134576946, 0.00275411712937, 0.00505229271948, 0.00435148505494, 0.00409063044935, 0.0104570565745, 0.00393257429823, 0.00426501315087, 0.00388497835957, 0.000612882489804], "mean": [0.00106181961019, 0.0303106233478, 0.00914415437728, 0.00312171177939, 0.00238252105191, 0.00126771314535, 0.000660948920995, 0.000534771592356, 0.000502293405589, 0.000393939903006, 0.000236636042246, 0.000282037741272, 0.000299167470075, 0.000216172280489, 0.000193714673514, 0.000165612378623, 0.000143403434777, 0.000153828616021, 0.000193856802071, 0.000213484556298, 0.000254626502283, 0.000204167416086, 0.000197261135327, 0.000200369599042, 0.000169678765815, 0.000119280710351, 1.62831020134e-05], "median": [0.000118539457617, 0.00514014484361, 0.00222855713218, 0.0004577463842, 0.000604224973358, 0.000273763842415, 0.000169728213223, 9.12364121177e-05, 9.42443803069e-05, 7.88640245446e-05, 4.2704941734e-05, 4.20385258622e-05, 2.8140766517e-05, 3.29276736011e-05, 4.14665264543e-05, 3.80175006285e-05, 3.4386619518e-05, 4.11679393437e-05, 6.07901311014e-05, 6.80158118485e-05, 0.00010165340791, 5.45215589227e-05, 6.31767616142e-05, 4.21001313953e-05, 2.5853922125e-05, 6.16939132669e-06, 1.31930420366e-07], "min": [9.67083812195e-26, 1.61055518739e-24, 1.27829939867e-24, 5.93414798103e-25, 4.7212295714e-24, 6.67498678143e-24, 1.11243326808e-23, 5.22486558899e-24, 9.22664020977e-24, 9.42776108641e-24, 9.66192103549e-24, 1.77109354864e-23, 1.52918304117e-23, 1.78501694362e-23, 3.22435756293e-23, 4.42808988454e-23, 4.01515338618e-23, 8.64233724816e-23, 9.28723987342e-23, 1.66279408507e-22, 1.94001785631e-22, 2.86959980877e-22, 3.65704227897e-22, 5.59499887329e-22, 7.74192636223e-22, 1.17205767562e-21, 1.82316564484e-21], "var": [4.04127149523e-06, 0.00219675153494, 0.000308755494189, 0.000111223445856, 2.33340251725e-05, 9.48938850343e-06, 2.08983783523e-06, 4.62114712718e-06, 1.27267071548e-06, 1.50000460053e-06, 3.9093703208e-07, 1.04797015865e-06, 7.84410417509e-07, 3.20370730833e-07, 1.57110449095e-07, 9.9942646159e-08, 8.15972356349e-08, 8.48564738476e-08, 1.04381733479e-07, 1.29398429749e-07, 1.60845118558e-07, 1.28092679574e-07, 1.45796633433e-07, 1.49198214672e-07, 1.44785403222e-07, 1.20129755032e-07, 2.84672330153e-09]}, "erbbands": {"dmean": [0.614841222763, 4.8493347168, 8.7132806778, 11.7591991425, 8.44038677216, 8.29395771027, 10.1002473831, 11.4865036011, 8.0494594574, 11.2552127838, 10.9389047623, 10.5365781784, 12.0901956558, 9.46919441223, 8.18512248993, 9.844622612, 11.0294313431, 9.27681159973, 9.09015274048, 8.05054569244, 7.91855573654, 6.38889932632, 6.90113639832, 7.13207292557, 6.67497205734, 7.12563085556, 6.71841955185, 5.81511497498, 4.67368888855, 4.02338933945, 3.22659993172, 3.05735850334, 2.37602949142, 1.34623062611, 1.00519478321, 0.507244884968, 0.163873687387, 0.020634913817, 0.00213555339724, 0.000219621448196], "dmean2": [1.0737528801, 8.30722236633, 14.9574460983, 20.5931434631, 14.9067363739, 13.996088028, 16.9568042755, 18.5819282532, 13.3670711517, 18.6666431427, 18.2545871735, 17.3048229218, 19.8177719116, 15.1648187637, 13.0822095871, 15.8936691284, 17.1935482025, 14.8456468582, 14.5389194489, 12.8356075287, 12.8166246414, 10.1179161072, 11.2250442505, 11.4361629486, 10.3386039734, 11.1527490616, 10.6695833206, 8.77079486847, 6.87733411789, 6.01492547989, 4.92539548874, 4.69297170639, 3.61429691315, 2.03234744072, 1.55356001854, 0.760531306267, 0.253803193569, 0.0311947762966, 0.0032756223809, 0.000326837471221], "dvar": [1.18296182156, 69.7393951416, 315.629974365, 1201.65002441, 463.417114258, 347.2472229, 497.475189209, 790.04119873, 347.565032959, 761.880310059, 1491.25537109, 587.999084473, 903.409973145, 658.45916748, 533.63659668, 939.621643066, 918.64855957, 404.845947266, 353.232330322, 281.035614014, 275.337585449, 176.599899292, 223.634658813, 165.108108521, 135.166183472, 229.859237671, 168.629013062, 111.407051086, 71.9373550415, 61.0550460815, 60.3403778076, 42.3969345093, 30.1793689728, 9.46012115479, 5.46382284164, 1.57299411297, 0.207488328218, 0.00340149994008, 4.3627274863e-05, 5.5542420796e-07], "dvar2": [3.65104699135, 201.804702759, 825.298400879, 3306.40014648, 1266.44689941, 891.18145752, 1263.11303711, 1908.9654541, 895.211853027, 1905.31103516, 2711.32446289, 1493.60437012, 2124.18212891, 1611.75268555, 1271.6229248, 1927.02685547, 2154.14697266, 1059.02282715, 876.770812988, 665.896728516, 697.164855957, 412.397460938, 573.776916504, 418.516113281, 303.769348145, 590.297729492, 414.123168945, 255.307373047, 162.956512451, 142.527435303, 144.42980957, 99.7933731079, 72.5869903564, 22.2508831024, 12.7624063492, 3.49958324432, 0.51497143507, 0.00779005372897, 0.000102585217974, 1.1693664419e-06], "max": [9.55939292908, 84.9412384033, 187.588729858, 478.648864746, 316.49911499, 436.560394287, 465.726654053, 314.946594238, 402.552185059, 713.341247559, 2699.31762695, 470.467681885, 799.1484375, 606.860412598, 590.147827148, 1105.82751465, 805.066650391, 664.696655273, 281.335296631, 621.951538086, 291.019256592, 274.949951172, 304.931091309, 169.771530151, 119.262588501, 240.652770996, 221.007369995, 191.66897583, 136.705383301, 201.339874268, 332.024078369, 99.614906311, 63.4465751648, 39.6815681458, 34.1788101196, 19.833770752, 6.07049417496, 1.14849317074, 0.0697372853756, 0.00856942869723], "mean": [0.860179781914, 6.82887172699, 10.9077997208, 11.9930019379, 7.36504507065, 8.32864093781, 9.85689163208, 10.9295825958, 8.00670146942, 12.4370698929, 11.0262422562, 11.9532766342, 13.0562534332, 11.0665197372, 9.59460735321, 11.6621952057, 14.2180452347, 12.0393371582, 10.9056434631, 9.24131298065, 9.25363922119, 7.94319248199, 8.41254520416, 9.78019237518, 9.5330581665, 10.0195417404, 10.1653528214, 9.41781711578, 7.49860095978, 6.73008918762, 5.54638290405, 4.42106580734, 3.09323143959, 1.81132483482, 1.27753043175, 0.64774698019, 0.187023460865, 0.0282702539116, 0.00236781360582, 0.000253046600847], "median": [0.0905164927244, 1.15609419346, 3.60860538483, 2.93653964996, 1.7527179718, 1.74295735359, 2.03188180923, 2.10973548889, 2.33798956871, 2.9558391571, 1.97850799561, 2.23127508163, 2.66467857361, 2.40898776054, 1.96428883076, 1.85846996307, 1.42838597298, 1.61891722679, 2.21141552925, 2.35241508484, 2.09971809387, 1.96495699883, 2.11808300018, 3.10061192513, 3.17447519302, 3.17163681984, 3.99038863182, 3.33012723923, 1.90404415131, 2.11686563492, 1.61373412609, 1.05637168884, 0.585638642311, 0.334818720818, 0.156809404492, 0.0438773036003, 0.00791128259152, 0.000825269438792, 5.925023288e-05, 5.03610935993e-05], "min": [4.82478941666e-23, 3.61420978239e-22, 1.07477701486e-21, 3.75738513368e-21, 8.25720364122e-21, 1.94560053279e-20, 2.22677279393e-20, 5.96934630555e-20, 9.39710133838e-20, 1.09336526572e-19, 2.01956650618e-19, 2.83703407964e-19, 3.8158397419e-19, 6.85434374099e-19, 6.53437683837e-19, 8.76199956038e-19, 9.79956115403e-19, 1.22215563273e-18, 2.00938197413e-18, 2.29917870468e-18, 3.79611381074e-18, 2.8022416223e-18, 5.49032942494e-18, 5.30710643772e-18, 5.92648480474e-18, 7.45556745812e-18, 8.21023493663e-18, 9.44763757601e-18, 8.2798157154e-18, 1.02358679079e-17, 9.91454463585e-18, 9.20250011994e-18, 9.4340875304e-18, 7.38981900713e-18, 5.3103154849e-18, 4.08997303207e-18, 2.18183631055e-18, 8.89985748127e-19, 2.27898107378e-19, 2.61815491635e-20], "var": [1.90911698341, 112.730178833, 356.746307373, 920.584899902, 349.996063232, 371.194610596, 508.301208496, 748.363220215, 322.322570801, 842.484802246, 2642.74902344, 700.378417969, 1119.63122559, 771.384094238, 601.20880127, 1662.5255127, 1821.92651367, 1026.19287109, 437.482543945, 333.32321167, 314.25970459, 234.354034424, 259.422515869, 272.554321289, 217.770385742, 329.171875, 259.622528076, 243.574447632, 176.641479492, 144.064254761, 125.310745239, 72.4257049561, 38.268081665, 14.1553401947, 9.74564838409, 3.31978440285, 0.276053220034, 0.00763141084462, 5.66491980862e-05, 6.61924104861e-07]}, "gfcc": {"mean": [-99.3949813843, 73.8025436401, -80.8342437744, 46.023525238, -49.982257843, 19.4947109222, -27.2710704803, 11.5857715607, -17.794418335, 4.88783597946, -12.222240448, -0.793817877769, -7.12923812866], "cov": [[76759.84375, 194.769760132, -6015.20605469, 2628.10546875, -4484.66943359, 1472.36889648, -2168.52392578, 1016.69158936, -1649.90942383, 828.15222168, -1341.60961914, 82.1489562988, -958.784851074], [194.769760132, 3203.43188477, 652.511535645, 198.277694702, 1111.19677734, -67.905380249, 248.008834839, -221.365234375, 145.022705078, -402.706207275, 126.254486084, -220.615524292, 159.318893433], [-6015.20605469, 652.511535645, 1913.20800781, 247.956878662, 1151.47351074, 93.4664764404, 400.027984619, -31.8215293884, 207.729278564, -146.927078247, 78.0588607788, -99.4147033691, 99.2716674805], [2628.10546875, 198.277694702, 247.956878662, 911.301208496, 58.2897987366, 263.009094238, 126.365493774, 75.3010025024, 31.7114639282, 30.7183208466, 12.0622625351, -64.428527832, 35.2579460144], [-4484.66943359, 1111.19677734, 1151.47351074, 58.2897987366, 1429.78625488, 121.050857544, 416.581939697, -37.7943305969, 238.000640869, -170.29788208, 72.2945404053, -105.734931946, 83.9735946655], [1472.36889648, -67.905380249, 93.4664764404, 263.009094238, 121.050857544, 404.319061279, 145.246765137, 168.927841187, 31.1220836639, 83.9695663452, -22.626499176, -14.92274189, -42.5842018127], [-2168.52392578, 248.008834839, 400.027984619, 126.365493774, 416.581939697, 145.246765137, 353.260375977, 52.83045578, 141.214889526, -4.90693426132, 83.6796722412, -37.4714813232, 33.8146972656], [1016.69158936, -221.365234375, -31.8215293884, 75.3010025024, -37.7943305969, 168.927841187, 52.83045578, 210.57989502, 35.0194015503, 95.9866867065, -15.4575567245, 19.3668804169, -38.8018341064], [-1649.90942383, 145.022705078, 207.729278564, 31.7114639282, 238.000640869, 31.1220836639, 141.214889526, 35.0194015503, 180.690414429, 13.7624616623, 53.3724098206, -15.5821247101, 49.7986679077], [828.15222168, -402.706207275, -146.927078247, 30.7183208466, -170.29788208, 83.9695663452, -4.90693426132, 95.9866867065, 13.7624616623, 155.49118042, 6.58744525909, 48.6332054138, -35.006652832], [-1341.60961914, 126.254486084, 78.0588607788, 12.0622625351, 72.2945404053, -22.626499176, 83.6796722412, -15.4575567245, 53.3724098206, 6.58744525909, 131.327835083, 18.3801116943, 48.9037971497], [82.1489562988, -220.615524292, -99.4147033691, -64.428527832, -105.734931946, -14.92274189, -37.4714813232, 19.3668804169, -15.5821247101, 48.6332054138, 18.3801116943, 89.8433151245, 3.02579069138], [-958.784851074, 159.318893433, 99.2716674805, 35.2579460144, 83.9735946655, -42.5842018127, 33.8146972656, -38.8018341064, 49.7986679077, -35.006652832, 48.9037971497, 3.02579069138, 106.072967529]], "icov": [[5.12430087838e-05, -0.000119402960991, 9.88994797808e-05, -0.000153296568897, 3.75976378564e-05, -7.25752543076e-05, 0.000147051207023, -0.000139970245073, 0.000237127344008, -0.000271555298241, 0.000350493006408, -0.000103276557638, 8.43475863803e-05], [-0.000119402960991, 0.000965298793744, -9.03881812064e-07, 0.000182044852409, -0.000611453084275, 0.000124254365801, -5.25394389115e-05, 0.000294730707537, -0.000631924660411, 0.00192171300296, -0.00161342660431, 0.00101446872577, -0.000284484704025], [9.88994797808e-05, -9.03881812064e-07, 0.00136538152583, -0.000635353615507, -0.000908443587832, 0.000151682383148, 2.18840086745e-05, -0.000375401839847, 0.000533178914338, -4.24754034611e-05, 0.000524757138919, 1.82175954251e-05, -4.23585552198e-05], [-0.000153296568897, 0.000182044852409, -0.000635353615507, 0.00213716481812, 0.000392059795558, -0.000962845806498, -0.000572261807974, 0.000593045959249, -0.000399581942474, 0.000133743800689, -0.0010332177626, 0.00146875588689, -0.00140619149897], [3.75976378564e-05, -0.000611453084275, -0.000908443587832, 0.000392059795558, 0.00252141384408, -0.000768174533732, -0.00106246664654, 0.000393480411731, -0.00114804960322, 0.000536200182978, 0.00106255640276, -0.000668302061968, 0.00040137511678], [-7.25752543076e-05, 0.000124254365801, 0.000151682383148, -0.000962845806498, -0.000768174533732, 0.00590371387079, -0.00219217478298, -0.00291181681678, 0.00124611530919, -0.00144965795334, 0.000982407247648, 0.000424505618867, 0.000418908079155], [0.000147051207023, -5.25394389115e-05, 2.18840086745e-05, -0.000572261807974, -0.00106246664654, -0.00219217478298, 0.00777648156509, -0.000806074065622, -0.00197996105999, 0.000111453518912, -0.00304717291147, 0.00133567396551, 0.00109805352986], [-0.000139970245073, 0.000294730707537, -0.000375401839847, 0.000593045959249, 0.000393480411731, -0.00291181681678, -0.000806074065622, 0.00995699223131, -0.00289646745659, -0.00226410385221, 0.000358849414624, -0.00103688903619, 0.00134187657386], [0.000237127344008, -0.000631924660411, 0.000533178914338, -0.000399581942474, -0.00114804960322, 0.00124611530919, -0.00197996105999, -0.00289646745659, 0.0126227773726, -0.00540929241106, 0.00103681953624, 0.00224768393673, -0.0045462991111], [-0.000271555298241, 0.00192171300296, -4.24754034611e-05, 0.000133743800689, 0.000536200182978, -0.00144965795334, 0.000111453518912, -0.00226410385221, -0.00540929241106, 0.0183829832822, -0.00508303474635, -0.00403794785962, 0.00384917506017], [0.000350493006408, -0.00161342660431, 0.000524757138919, -0.0010332177626, 0.00106255640276, 0.000982407247648, -0.00304717291147, 0.000358849414624, 0.00103681953624, -0.00508303474635, 0.0157615616918, -0.00456255394965, -0.0032012227457], [-0.000103276557638, 0.00101446872577, 1.82175954251e-05, 0.00146875588689, -0.000668302061968, 0.000424505618867, 0.00133567396551, -0.00103688903619, 0.00224768393673, -0.00403794785962, -0.00456255394965, 0.0184937249869, -0.00387995294295], [8.43475863803e-05, -0.000284484704025, -4.23585552198e-05, -0.00140619149897, 0.00040137511678, 0.000418908079155, 0.00109805352986, 0.00134187657386, -0.0045462991111, 0.00384917506017, -0.0032012227457, -0.00387995294295, 0.0161067284644]]}, "melbands": {"dmean": [0.00564190978184, 0.00498190149665, 0.00189244875219, 0.000559239939321, 0.000358712073648, 0.000251246470725, 0.000122133351397, 0.000122699537314, 8.29770724522e-05, 6.87155552441e-05, 6.18489793851e-05, 4.01873076044e-05, 2.85134228761e-05, 2.71705357591e-05, 2.5240062314e-05, 2.5835022825e-05, 1.66130721482e-05, 1.46520815179e-05, 1.22699875647e-05, 1.0133185242e-05, 9.59677890933e-06, 7.01954058968e-06, 6.47043543722e-06, 6.42105214865e-06, 5.95857454755e-06, 5.23240305483e-06, 5.07781987835e-06, 4.85479358758e-06, 4.49358685728e-06, 4.26843462265e-06, 3.15482225233e-06, 2.76508717434e-06, 2.58177124124e-06, 2.23849633585e-06, 1.93746154764e-06, 1.75493028109e-06, 2.03908075491e-06, 1.68224289609e-06, 1.54515225859e-06, 1.08681024358e-06], "dmean2": [0.00985890161246, 0.00851491652429, 0.00328425760381, 0.000967375992332, 0.000600742758252, 0.000406955834478, 0.000203018804314, 0.000203202056582, 0.000139004958328, 0.000113543879706, 0.000101877027191, 6.44424071652e-05, 4.57647147414e-05, 4.3958578317e-05, 3.91458415834e-05, 4.19129864895e-05, 2.69813244813e-05, 2.34975032072e-05, 1.96116052393e-05, 1.64396478795e-05, 1.56197784236e-05, 1.12769539555e-05, 1.04300297608e-05, 1.06213528852e-05, 9.63311413216e-06, 8.23490245239e-06, 7.95483083493e-06, 7.84240546636e-06, 7.31733098291e-06, 6.64573599352e-06, 4.8432816584e-06, 4.14208489019e-06, 3.88625448977e-06, 3.44788486473e-06, 3.02586659018e-06, 2.64999357569e-06, 3.18943057209e-06, 2.56937505583e-06, 2.4327216579e-06, 1.65897006354e-06], "dvar": [9.97692259261e-05, 7.85259253462e-05, 2.94468773063e-05, 1.37676852319e-06, 5.81567178415e-07, 3.62103548923e-07, 7.36392422596e-08, 9.65258237784e-08, 8.07463536034e-08, 2.70705484695e-08, 2.4968523249e-08, 1.31693616012e-08, 6.51564224796e-09, 5.46204104168e-09, 1.1250116394e-08, 5.20467047238e-09, 1.44090084309e-09, 8.82224127086e-10, 6.94699520132e-10, 4.41652575622e-10, 4.18182793949e-10, 2.30527708034e-10, 2.03139630117e-10, 1.98449798261e-10, 1.16940651607e-10, 9.1287553905e-11, 7.48314535337e-11, 1.26651591992e-10, 8.57135681875e-11, 5.9773873351e-11, 3.24825374931e-11, 2.82048742001e-11, 2.73201791051e-11, 2.04479107258e-11, 2.55512937197e-11, 1.46125542222e-11, 2.10116195276e-11, 1.3456793839e-11, 1.58795598199e-11, 6.03561775211e-12], "dvar2": [0.000299998413539, 0.000211573787965, 8.01045098342e-05, 3.5812686292e-06, 1.4663037291e-06, 8.78202968124e-07, 1.88330389506e-07, 2.40892376269e-07, 1.54778746264e-07, 6.9090077659e-08, 5.79276999702e-08, 3.13652996908e-08, 1.56635326931e-08, 1.36672611006e-08, 2.04700114637e-08, 1.27611041734e-08, 3.87371512645e-09, 2.18816609276e-09, 1.70434399926e-09, 1.08211117844e-09, 1.07232800417e-09, 5.56299228904e-10, 5.01927999164e-10, 5.24183307871e-10, 3.02315117384e-10, 2.14437023693e-10, 1.72310124502e-10, 3.36417976809e-10, 2.20555587682e-10, 1.42533068681e-10, 7.34275626413e-11, 6.7605233911e-11, 6.37711897178e-11, 4.9037683636e-11, 6.41579081528e-11, 3.42623499017e-11, 5.04655067735e-11, 3.19631751622e-11, 4.07190565987e-11, 1.39938442778e-11], "max": [0.0977500230074, 0.090213291347, 0.0763973593712, 0.0230635628104, 0.0127746146172, 0.00708171259612, 0.00533543014899, 0.0079545751214, 0.0189436804503, 0.0032117809169, 0.00407613255084, 0.00328121264465, 0.00191286182962, 0.00191232166253, 0.00473282532766, 0.00181708845776, 0.00151034537703, 0.000392872287193, 0.000656122225337, 0.000500957889017, 0.000298052793369, 0.000338837126037, 0.000340631551808, 0.000249858363532, 0.000145036377944, 0.000119647833344, 0.00011269809329, 0.000173665466718, 0.000156752648763, 0.000111876259325, 0.000103995691461, 9.33091796469e-05, 9.58428863669e-05, 0.00011923070997, 0.00023294876155, 0.00010056476458, 6.09432208876e-05, 4.36729751527e-05, 4.86191311211e-05, 3.14485114359e-05], "mean": [0.00836871750653, 0.00706480257213, 0.00195912714116, 0.000529528188054, 0.000366281718016, 0.000239076412981, 0.000126760802232, 0.000134689253173, 8.25805400382e-05, 7.63779898989e-05, 6.53203314869e-05, 4.57634705526e-05, 3.21775514749e-05, 2.93455686915e-05, 3.13530581479e-05, 3.10698414978e-05, 2.10498583328e-05, 1.74076558324e-05, 1.3804140508e-05, 1.12548350444e-05, 1.09045140562e-05, 8.27976600704e-06, 7.56536928748e-06, 7.39364122637e-06, 8.04951923783e-06, 6.97155974194e-06, 7.20119442121e-06, 6.37296398054e-06, 6.09749031355e-06, 6.49307958156e-06, 4.95651238452e-06, 4.21596905653e-06, 3.93348636862e-06, 3.68159430764e-06, 3.22391838381e-06, 2.78329684988e-06, 2.69070324066e-06, 2.17150272874e-06, 1.89211391444e-06, 1.42396174851e-06], "median": [0.00118898227811, 0.00253425957635, 0.000540943350643, 0.000131023174617, 7.62354757171e-05, 4.89144949825e-05, 3.80565252271e-05, 3.15720317303e-05, 1.44236037158e-05, 1.36428152473e-05, 1.27064549815e-05, 9.25057429413e-06, 6.2469025579e-06, 4.78385209135e-06, 3.85310568163e-06, 2.81746611108e-06, 2.77392064163e-06, 3.28232249558e-06, 3.14999169859e-06, 2.80873064185e-06, 2.33831906371e-06, 2.0422974103e-06, 1.57952683821e-06, 2.12652412301e-06, 2.37511130763e-06, 1.99098462872e-06, 2.36630512518e-06, 1.94661970454e-06, 2.2488252398e-06, 2.69860356639e-06, 1.57451927407e-06, 9.87445446299e-07, 1.00876627585e-06, 1.26859208649e-06, 9.95185587271e-07, 6.97014684192e-07, 5.85863290326e-07, 4.11301869008e-07, 3.66187691725e-07, 2.4161664669e-07], "min": [5.35949190083e-25, 7.26310891451e-25, 1.14693404061e-24, 6.48707587368e-25, 1.20563446247e-24, 1.5255999955e-24, 1.64731551393e-24, 1.2220946369e-24, 1.2018359986e-24, 1.40656522363e-24, 1.58767368519e-24, 2.02854378765e-24, 1.48268961073e-24, 1.75148913242e-24, 1.87038092324e-24, 1.38033924702e-24, 1.33997234703e-24, 1.83701605125e-24, 2.8982842349e-24, 2.50356229818e-24, 2.76998547499e-24, 2.56190546466e-24, 3.51271123068e-24, 3.59265715583e-24, 3.31187986599e-24, 3.27798961264e-24, 3.51901620147e-24, 4.46785020966e-24, 4.55158503373e-24, 4.21464242516e-24, 4.22327887435e-24, 3.73115746496e-24, 4.76739489486e-24, 5.18238661254e-24, 5.18301020708e-24, 5.76502783865e-24, 5.33707947504e-24, 5.48410303182e-24, 5.23870694244e-24, 5.04934877075e-24], "var": [0.000172514555743, 0.000107486157503, 2.31762496696e-05, 1.36071662382e-06, 6.37127527625e-07, 3.43186570717e-07, 7.37003063023e-08, 1.07173185881e-07, 1.34161055598e-07, 3.02675111641e-08, 3.13274135522e-08, 1.60369619806e-08, 7.10059788744e-09, 6.07757044691e-09, 2.11703810038e-08, 9.58833190623e-09, 3.81084674927e-09, 1.14343923219e-09, 7.70905173031e-10, 5.00764707478e-10, 4.71329919538e-10, 2.83733897488e-10, 2.41443864901e-10, 2.02368510838e-10, 2.0195069228e-10, 1.39992767378e-10, 1.22814272641e-10, 1.57104246279e-10, 1.06186087701e-10, 1.09554053329e-10, 7.09659969678e-11, 6.44367961766e-11, 5.30935469201e-11, 4.36697934758e-11, 4.3624291679e-11, 3.4619192929e-11, 2.90292772459e-11, 1.80158145346e-11, 1.71981769104e-11, 9.35041974404e-12]}, "mfcc": {"mean": [-708.645751953, 93.8777618408, 26.4582443237, 31.4234294891, 7.73004674911, 12.0446681976, 5.73514938354, 6.56695365906, 4.64372873306, 6.60997581482, 0.375622957945, 2.35042619705, 0.7691655159], "cov": [[23757.5761719, 1007.40148926, -62.6692886353, 128.050201416, -548.878051758, -4.79523801804, -75.8906707764, -113.056793213, -138.804901123, 142.229675293, 51.1865844727, -58.2283439636, -132.671112061], [1007.40148926, 2607.83349609, 296.42880249, 416.748321533, 579.819580078, 221.561981201, 216.11479187, 162.517807007, 86.5537872314, -43.3819885254, -59.5959320068, -27.4214496613, -40.1145248413], [-62.6692886353, 296.42880249, 839.010559082, 479.283691406, 341.869018555, 242.919921875, 189.465164185, 119.946632385, 127.51763916, 92.2156906128, 7.84336519241, -19.2713165283, 23.6845149994], [128.050201416, 416.748321533, 479.283691406, 655.162414551, 354.937683105, 280.988800049, 189.565200806, 125.312728882, 106.277854919, 78.3293762207, 11.5861101151, -8.74910831451, 16.9660072327], [-548.878051758, 579.819580078, 341.869018555, 354.937683105, 631.693847656, 306.815368652, 242.028793335, 171.91468811, 180.067626953, 73.4281692505, 28.2003574371, -11.7891111374, 23.4766864777], [-4.79523801804, 221.561981201, 242.919921875, 280.988800049, 306.815368652, 358.844970703, 217.639083862, 154.84828186, 146.963912964, 106.228088379, 56.4944725037, 18.7577476501, 28.3114871979], [-75.8906707764, 216.11479187, 189.465164185, 189.565200806, 242.028793335, 217.639083862, 290.338500977, 155.84954834, 115.092025757, 87.5198364258, 69.4962921143, 36.5351295471, 37.7952728271], [-113.056793213, 162.517807007, 119.946632385, 125.312728882, 171.91468811, 154.84828186, 155.84954834, 169.815689087, 117.346908569, 78.8538208008, 58.7589836121, 29.9286746979, 31.8200817108], [-138.804901123, 86.5537872314, 127.51763916, 106.277854919, 180.067626953, 146.963912964, 115.092025757, 117.346908569, 176.774429321, 112.014663696, 56.0684585571, 24.7660579681, 35.5027580261], [142.229675293, -43.3819885254, 92.2156906128, 78.3293762207, 73.4281692505, 106.228088379, 87.5198364258, 78.8538208008, 112.014663696, 141.268218994, 74.7841949463, 29.1710453033, 33.9390678406], [51.1865844727, -59.5959320068, 7.84336519241, 11.5861101151, 28.2003574371, 56.4944725037, 69.4962921143, 58.7589836121, 56.0684585571, 74.7841949463, 99.0167236328, 51.0874481201, 33.6942329407], [-58.2283439636, -27.4214496613, -19.2713165283, -8.74910831451, -11.7891111374, 18.7577476501, 36.5351295471, 29.9286746979, 24.7660579681, 29.1710453033, 51.0874481201, 88.6921768188, 44.5908660889], [-132.671112061, -40.1145248413, 23.6845149994, 16.9660072327, 23.4766864777, 28.3114871979, 37.7952728271, 31.8200817108, 35.5027580261, 33.9390678406, 33.6942329407, 44.5908660889, 78.3880081177]], "icov": [[4.82471114083e-05, -4.08838350268e-05, 2.74569038083e-06, -2.13495841308e-05, 0.000101675948827, -4.78305264551e-05, -4.76586001241e-06, 5.14416460646e-05, 5.83335058764e-05, -0.000136159331305, -5.52721394342e-05, 5.78677900194e-05, 5.61391425435e-05], [-4.08838350268e-05, 0.000578237464651, 5.85166999372e-05, -0.000163568445714, -0.000575631915126, 0.000250936165685, -9.46726941038e-05, -0.000452676904388, 7.26142461644e-05, 0.000358319317456, 0.000511211925186, -0.000414893584093, 0.000383850419894], [2.74569038083e-06, 5.85166999372e-05, 0.00222375616431, -0.00134478672408, -0.000309275346808, 0.000184258838999, -0.000469822232844, 0.000162980664754, -0.000280481035588, -0.000671306625009, 0.000779658555984, 0.000445009209216, -0.000330383860273], [-2.13495841308e-05, -0.000163568445714, -0.00134478672408, 0.0035371647682, -0.000684637401719, -0.0015120630851, 0.000142452146974, -0.00031585409306, 0.00141707458533, -0.00106375745963, 0.000916707096621, -0.000255623424891, -9.82678466244e-05], [0.000101675948827, -0.000575631915126, -0.000309275346808, -0.000684637401719, 0.0046183699742, -0.00161603966262, -0.00113098009024, 0.000420826050686, -0.00331597682089, 0.00243684160523, -0.000933474279009, 0.00199321703985, -0.000591698801145], [-4.78305264551e-05, 0.000250936165685, 0.000184258838999, -0.0015120630851, -0.00161603966262, 0.00797094777226, -0.00247358274646, -0.00144272623584, -0.00115704641212, -0.00144173251465, 0.000487756507937, -0.000369373767171, 0.000851186865475], [-4.76586001241e-06, -9.46726941038e-05, -0.000469822232844, 0.000142452146974, -0.00113098009024, -0.00247358274646, 0.00917039625347, -0.00488977879286, 0.00194210687187, -0.000533336657099, -0.0019039172912, -0.000913939322345, -0.000460353534436], [5.14416460646e-05, -0.000452676904388, 0.000162980664754, -0.00031585409306, 0.000420826050686, -0.00144272623584, -0.00488977879286, 0.017197035253, -0.00699382368475, 0.00170382822398, -0.00360024371184, 0.000176169924089, -0.00047640275443], [5.83335058764e-05, 7.26142461644e-05, -0.000280481035588, 0.00141707458533, -0.00331597682089, -0.00115704641212, 0.00194210687187, -0.00699382368475, 0.0199287701398, -0.0124248191714, 0.00346791604534, -0.00141767575406, -0.00110313401092], [-0.000136159331305, 0.000358319317456, -0.000671306625009, -0.00106375745963, 0.00243684160523, -0.00144173251465, -0.000533336657099, 0.00170382822398, -0.0124248191714, 0.023381697014, -0.0119265690446, 0.00350934802555, -0.00162344903219], [-5.52721394342e-05, 0.000511211925186, 0.000779658555984, 0.000916707096621, -0.000933474279009, 0.000487756507937, -0.0019039172912, -0.00360024371184, 0.00346791604534, -0.0119265690446, 0.0257604401559, -0.00992212630808, 0.000381362217013], [5.78677900194e-05, -0.000414893584093, 0.000445009209216, -0.000255623424891, 0.00199321703985, -0.000369373767171, -0.000913939322345, 0.000176169924089, -0.00141767575406, 0.00350934802555, -0.00992212630808, 0.0214489940554, -0.00910154450685], [5.61391425435e-05, 0.000383850419894, -0.000330383860273, -9.82678466244e-05, -0.000591698801145, 0.000851186865475, -0.000460353534436, -0.00047640275443, -0.00110313401092, -0.00162344903219, 0.000381362217013, -0.00910154450685, 0.0196707136929]]}, "spectral_contrast_coeffs": {"dmean": [0.0628368705511, 0.053161572665, 0.0386291369796, 0.0282345749438, 0.0225582364947, 0.0212255604565], "dmean2": [0.0993796810508, 0.085566714406, 0.0634708479047, 0.0455389432609, 0.0360542945564, 0.0334832407534], "dvar": [0.00295580131933, 0.00200887373649, 0.00114420929458, 0.00062052893918, 0.000418996962253, 0.000468185317004], "dvar2": [0.00705450680107, 0.00502417609096, 0.0028961324133, 0.00150900473818, 0.00098810181953, 0.00110338570084], "max": [-0.208853617311, -0.291939973831, -0.503516733646, -0.567949533463, -0.640342712402, -0.594444990158], "mean": [-0.667073428631, -0.781051039696, -0.820542931557, -0.831464350224, -0.820935070515, -0.78345054388], "median": [-0.668555557728, -0.787597954273, -0.822841405869, -0.834244668484, -0.819687008858, -0.774892747402], "min": [-0.980752706528, -0.988990843296, -0.983616471291, -0.974943697453, -0.972453474998, -0.965607404709], "var": [0.014203379862, 0.00717479921877, 0.00377283501439, 0.00287427031435, 0.00226366845891, 0.00388555647805]}, "spectral_contrast_valleys": {"dmean": [0.609601855278, 0.603381931782, 0.546733260155, 0.516620457172, 0.461711972952, 0.455191224813], "dmean2": [0.924891769886, 0.920705318451, 0.802793860435, 0.741357803345, 0.645173728466, 0.611696481705], "dvar": [0.447539657354, 0.456711173058, 0.397290796041, 0.381551086903, 0.362456709146, 0.319279551506], "dvar2": [0.806413769722, 0.875701725483, 0.731851518154, 0.674829006195, 0.615602493286, 0.598575770855], "max": [-4.6707110405, -4.518327