{"lowlevel": {"average_loudness": 0.0528323762119, "barkbands_crest": {"dmean": 1.87448239326, "dmean2": 2.83947849274, "dvar": 4.46662855148, "dvar2": 10.7103395462, "max": 26.9626903534, "mean": 18.3453063965, "median": 17.7286834717, "min": 4.56586360931, "var": 29.2762641907}, "barkbands_flatness_db": {"dmean": 0.0234505161643, "dmean2": 0.0334508754313, "dvar": 0.00064339407254, "dvar2": 0.00133372657001, "max": 0.604013681412, "mean": 0.36400192976, "median": 0.37127879262, "min": 0.0371390432119, "var": 0.0130925355479}, "barkbands_kurtosis": {"dmean": 38.7304725647, "dmean2": 58.0686798096, "dvar": 11441.6748047, "dvar2": 25227.4316406, "max": 2700.24951172, "mean": 110.637199402, "median": 29.3766040802, "min": -1.8254929781, "var": 61371.2617188}, "barkbands_skewness": {"dmean": 1.3279055357, "dmean2": 1.99600160122, "dvar": 4.5719127655, "dvar2": 10.2182683945, "max": 45.5284423828, "mean": 5.61330747604, "median": 3.50454044342, "min": -2.09037852287, "var": 42.0252189636}, "barkbands_spread": {"dmean": 1.22764885426, "dmean2": 1.91914057732, "dvar": 8.48650169373, "dvar2": 21.0588741302, "max": 121.798942566, "mean": 5.39457368851, "median": 1.40781509876, "min": 0.0295348856598, "var": 182.563583374}, "dissonance": {"dmean": 0.0406484790146, "dmean2": 0.0679969489574, "dvar": 0.00197415635921, "dvar2": 0.00529832439497, "max": 0.499984294176, "mean": 0.325999677181, "median": 0.332502305508, "min": 0.0897269845009, "var": 0.00961014255881}, "dynamic_complexity": 11.6401119232, "erbbands_crest": {"dmean": 2.09420228004, "dmean2": 2.95672273636, "dvar": 4.89632701874, "dvar2": 10.9253549576, "max": 33.5148544312, "mean": 20.0770969391, "median": 19.9991645813, "min": 2.14044356346, "var": 56.1467399597}, "erbbands_flatness_db": {"dmean": 0.0183250010014, "dmean2": 0.0257091261446, "dvar": 0.00045716878958, "dvar2": 0.000943320104852, "max": 0.556324005127, "mean": 0.362595677376, "median": 0.374278903008, "min": 0.0435264445841, "var": 0.0113196596503}, "erbbands_kurtosis": {"dmean": 11.0265817642, "dmean2": 15.7457847595, "dvar": 294.959289551, "dvar2": 598.912719727, "max": 352.036987305, "mean": 38.739566803, "median": 13.0046606064, "min": -1.68733823299, "var": 2600.83642578}, "erbbands_skewness": {"dmean": 0.674616456032, "dmean2": 0.973536789417, "dvar": 0.528934240341, "dvar2": 1.06397211552, "max": 14.8217134476, "mean": 3.78760814667, "median": 2.88493418694, "min": -1.10510337353, "var": 9.84211158752}, "erbbands_spread": {"dmean": 2.29679584503, "dmean2": 3.54041433334, "dvar": 14.4433803558, "dvar2": 33.3103981018, "max": 116.892318726, "mean": 11.4336929321, "median": 5.07919883728, "min": 0.345080137253, "var": 244.595703125}, "hfc": {"dmean": 1.66126644611, "dmean2": 2.108938694, "dvar": 14.9931535721, "dvar2": 29.373046875, "max": 100.633430481, "mean": 5.74712944031, "median": 1.20361614227, "min": 1.16455118847e-16, "var": 80.8842391968}, "melbands_crest": {"dmean": 2.11841607094, "dmean2": 3.16252660751, "dvar": 5.31223058701, "dvar2": 12.9153289795, "max": 35.3757324219, "mean": 22.3251266479, "median": 21.9445648193, "min": 1.93173575401, "var": 37.3367729187}, "melbands_flatness_db": {"dmean": 0.0239504911005, "dmean2": 0.0336545072496, "dvar": 0.000705685757566, "dvar2": 0.00141970871482, "max": 0.690216124058, "mean": 0.433649748564, "median": 0.450848519802, "min": 0.00744558125734, "var": 0.0156690198928}, "melbands_kurtosis": {"dmean": 19.0615882874, "dmean2": 29.2001686096, "dvar": 756.690124512, "dvar2": 1711.82202148, "max": 448.899078369, "mean": 70.1952438354, "median": 40.1977844238, "min": -1.34601843357, "var": 6200.57568359}, "melbands_skewness": {"dmean": 0.90893882513, "dmean2": 1.37444913387, "dvar": 0.978435635567, "dvar2": 2.18519830704, "max": 15.7657794952, "mean": 4.40259933472, "median": 3.89346909523, "min": -2.84872245789, "var": 8.89100170135}, "melbands_spread": {"dmean": 1.38368785381, "dmean2": 2.13306283951, "dvar": 10.4913234711, "dvar2": 24.1934604645, "max": 146.111587524, "mean": 6.54765081406, "median": 1.76526832581, "min": 0.159219011664, "var": 338.866821289}, "pitch_salience": {"dmean": 0.0490028858185, "dmean2": 0.0732149481773, "dvar": 0.00307082780637, "dvar2": 0.00678290659562, "max": 0.834957718849, "mean": 0.292591571808, "median": 0.261866182089, "min": 0.0164659246802, "var": 0.043663777411}, "silence_rate_20dB": {"dmean": 0, "dmean2": 0, "dvar": 0, "dvar2": 0, "max": 1, "mean": 1, "median": 1, "min": 1, "var": 0}, "silence_rate_30dB": {"dmean": 0.000873934885021, "dmean2": 0.00174825172871, "dvar": 0.000873145472724, "dvar2": 0.00218215491623, "max": 1, "mean": 0.999344706535, "median": 1, "min": 0, "var": 0.000654903706163}, "silence_rate_60dB": {"dmean": 0.0323355905712, "dmean2": 0.0646853148937, "dvar": 0.0312907956541, "dvar2": 0.0709889233112, "max": 1, "mean": 0.512450873852, "median": 1, "min": 0, "var": 0.249852702022}, "spectral_centroid": {"dmean": 49.4035606384, "dmean2": 74.5978546143, "dvar": 21518.671875, "dvar2": 31334.7265625, "max": 11089.0136719, "mean": 570.44152832, "median": 432.078979492, "min": 253.757720947, "var": 255060.4375}, "spectral_complexity": {"dmean": 0.470613926649, "dmean2": 0.822552442551, "dvar": 0.799264371395, "dvar2": 1.71456885338, "max": 27, "mean": 2.3894712925, "median": 2, "min": 0, "var": 5.59900045395}, "spectral_decrease": {"dmean": 8.88951801059e-10, "dmean2": 1.08850239933e-09, "dvar": 2.75236780124e-18, "dvar2": 4.56725996783e-18, "max": 4.20196501521e-16, "mean": -3.20997450842e-09, "median": -6.94905910592e-10, "min": -3.10836902884e-08, "var": 2.18718068313e-17}, "spectral_energy": {"dmean": 0.00350346649066, "dmean2": 0.00429645739496, "dvar": 4.32038068539e-05, "dvar2": 7.21615579096e-05, "max": 0.121751628816, "mean": 0.0126364249736, "median": 0.0027121999301, "min": 1.06427125563e-20, "var": 0.000339158519637}, "spectral_energyband_high": {"dmean": 5.44013710169e-06, "dmean2": 8.37094921735e-06, "dvar": 3.79797437944e-09, "dvar2": 8.57370796581e-09, "max": 0.00212291860953, "mean": 6.61567401039e-06, "median": 3.8655048229e-07, "min": 7.44438721387e-21, "var": 4.60740778863e-09}, "spectral_energyband_low": {"dmean": 1.14042131827e-06, "dmean2": 1.95261827685e-06, "dvar": 5.51537331431e-12, "dvar2": 1.53145343629e-11, "max": 7.65596632846e-05, "mean": 2.50848233918e-06, "median": 9.79787273536e-07, "min": 7.62206999173e-23, "var": 3.25705226678e-11}, "spectral_energyband_middle_high": {"dmean": 0.000320496241329, "dmean2": 0.000502509530634, "dvar": 7.02489478499e-06, "dvar2": 1.61336265592e-05, "max": 0.103811241686, "mean": 0.00063332694117, "median": 4.52972162748e-05, "min": 1.83145481853e-21, "var": 1.83684169315e-05}, "spectral_energyband_middle_low": {"dmean": 0.00331747997552, "dmean2": 0.00401484780014, "dvar": 3.68226137653e-05, "dvar2": 5.72876197111e-05, "max": 0.121576741338, "mean": 0.0120439389721, "median": 0.0024839900434, "min": 2.48120837038e-22, "var": 0.000317614583764}, "spectral_entropy": {"dmean": 0.213063254952, "dmean2": 0.304605275393, "dvar": 0.0635260492563, "dvar2": 0.131809771061, "max": 9.78938674927, "mean": 5.35059070587, "median": 5.24315547943, "min": 2.9494099617, "var": 1.2798576355}, "spectral_flux": {"dmean": 0.011520572938, "dmean2": 0.0192461851984, "dvar": 0.00044043516391, "dvar2": 0.00118966947775, "max": 0.271007239819, "mean": 0.0225854218006, "median": 0.0117643829435, "min": 1.03163526333e-10, "var": 0.000842434528749}, "spectral_kurtosis": {"dmean": 9.48000526428, "dmean2": 15.8647785187, "dvar": 111.760276794, "dvar2": 292.347503662, "max": 225.458450317, "mean": 34.943447113, "median": 25.5813865662, "min": -1.23165071011, "var": 794.719360352}, "spectral_rms": {"dmean": 0.000402577832574, "dmean2": 0.000483834854094, "dvar": 3.60442641067e-07, "dvar2": 5.56427323772e-07, "max": 0.0108987186104, "mean": 0.0025628907606, "median": 0.00162666791584, "min": 3.22228702054e-12, "var": 5.75984540774e-06}, "spectral_rolloff": {"dmean": 102.777496338, "dmean2": 177.295761108, "dvar": 202422.03125, "dvar2": 504213.3125, "max": 19143.0175781, "mean": 1084.78613281, "median": 409.130859375, "min": 258.3984375, "var": 9226236}, "spectral_skewness": {"dmean": 0.666287064552, "dmean2": 1.12324976921, "dvar": 0.426694244146, "dvar2": 1.14898872375, "max": 12.9670829773, "mean": 4.29466247559, "median": 3.9187746048, "min": -0.0189637467265, "var": 3.88253211975}, "spectral_spread": {"dmean": 412564.84375, "dmean2": 700995.75, "dvar": 366656290816, "dvar2": 680037842944, "max": 41277960, "mean": 2711831.25, "median": 2265974.5, "min": 445016.15625, "var": 4110908653570.0}, "spectral_strongpeak": {"dmean": 0.262931972742, "dmean2": 0.351771235466, "dvar": 0.191705539823, "dvar2": 0.392742931843, "max": 9.03602600098, "mean": 1.2077960968, "median": 0.600868523121, "min": 0, "var": 1.67053520679}, "zerocrossingrate": {"dmean": 0.002748435596, "dmean2": 0.00358560192399, "dvar": 7.29743405827e-05, "dvar2": 0.000137777082273, "max": 0.55126953125, "mean": 0.0368693955243, "median": 0.01953125, "min": 0.01123046875, "var": 0.00593063794076}, "barkbands": {"dmean": [2.06541358239e-06, 4.50777577043e-07, 1.26035516246e-07, 9.68327640294e-07, 6.36016775388e-05, 0.00118779879995, 0.00213415385224, 0.000473969557788, 4.90647325933e-05, 0.000239083339693, 2.20886140596e-05, 7.56327790441e-05, 3.991889389e-05, 4.19795323978e-05, 1.26989289129e-05, 5.16655381944e-06, 1.88312503724e-06, 4.12025519836e-06, 1.32693674004e-06, 2.34215735873e-06, 1.06036247871e-06, 1.38449297538e-06, 7.75761407112e-07, 4.0652346911e-07, 6.55567191643e-07, 3.03368324239e-07, 1.44551407288e-07], "dmean2": [3.7988056647e-06, 7.67124504364e-07, 1.73168274387e-07, 1.84021052974e-06, 9.88142564893e-05, 0.00154888117686, 0.00238845893182, 0.00068235915387, 7.98425608082e-05, 0.00038165206206, 3.11175463139e-05, 0.000120274460642, 6.31523362244e-05, 7.07592917024e-05, 2.23353399633e-05, 8.5013507487e-06, 2.83694089376e-06, 6.61924559608e-06, 2.01014108825e-06, 3.09846109303e-06, 1.58435761932e-06, 2.20167044063e-06, 1.29321335862e-06, 6.87621422912e-07, 1.2298630736e-06, 5.88115256051e-07, 2.84475845547e-07], "dvar": [3.98871491392e-11, 5.11776330949e-13, 5.27898146203e-13, 3.35668159934e-11, 3.94014705307e-08, 6.11570658293e-06, 2.39591372519e-05, 5.76987258682e-06, 2.7568833616e-07, 5.39241909792e-06, 1.48699683677e-08, 3.35733432166e-07, 1.48880019424e-07, 2.56948339938e-07, 1.82865527165e-08, 4.84346396323e-10, 1.70213482198e-10, 1.25271437668e-09, 7.12842354589e-11, 5.45547551578e-10, 1.5075833637e-10, 3.6429434469e-10, 1.21409923781e-10, 2.20671640683e-11, 1.0184037641e-10, 1.80338209643e-11, 5.46918890384e-12], "dvar2": [1.33302729965e-10, 1.33958165741e-12, 1.03235974457e-12, 1.26378976728e-10, 9.06913513177e-08, 1.05551298475e-05, 3.27019042743e-05, 1.12369052658e-05, 7.13549354714e-07, 1.28191177282e-05, 2.95961317676e-08, 8.35431876567e-07, 3.13068625246e-07, 7.07555159352e-07, 6.02130043603e-08, 1.0648342208e-09, 3.7059921798e-10, 3.13558445875e-09, 1.43674891429e-10, 9.99970772853e-10, 3.47455758609e-10, 8.8243989893e-10, 3.14928305656e-10, 5.64055642471e-11, 2.95561991548e-10, 5.31575235219e-11, 1.62862067582e-11], "max": [9.1755813628e-05, 1.81020350283e-05, 4.11756809626e-05, 0.000191938306671, 0.00487590674311, 0.0621010102332, 0.0764574930072, 0.0658014267683, 0.01710703969, 0.0888192206621, 0.00572868483141, 0.0234722308815, 0.0146259274334, 0.0215186271816, 0.00409883214161, 0.00101621006615, 0.000507238903083, 0.00146922492422, 0.000357558426913, 0.00108312082011, 0.000520420260727, 0.000673777598422, 0.000412080902606, 0.000144394842209, 0.000317316211294, 0.000114885595394, 7.50147009967e-05], "mean": [1.96058158508e-06, 8.03101727342e-07, 4.06765281014e-07, 2.35011566474e-06, 0.000178887014044, 0.00421319948509, 0.00655048526824, 0.000959425931796, 5.90123017901e-05, 0.000362791062798, 3.19125974784e-05, 0.000116640221677, 6.28945272183e-05, 5.41179942957e-05, 1.56887399498e-05, 7.86525288277e-06, 2.84959946839e-06, 5.11460530106e-06, 2.27391979024e-06, 3.45210855812e-06, 1.27224609514e-06, 1.33862579332e-06, 6.9356167387e-07, 3.61258486237e-07, 4.14522503434e-07, 1.76198540203e-07, 9.13204516451e-08], "median": [1.16832381991e-07, 5.14256214501e-07, 1.9830181941e-08, 2.20101732396e-08, 5.69871235712e-06, 0.000258938205661, 8.04937881185e-05, 6.02272075412e-06, 3.67304164683e-06, 9.54340612225e-06, 2.74146646007e-06, 4.92503659189e-06, 1.20876848086e-06, 9.04147327674e-07, 1.27708995024e-06, 1.1716147128e-06, 3.98934929535e-07, 9.18251714666e-07, 3.86816736864e-07, 1.51421758687e-07, 1.02745495667e-07, 4.92485341397e-08, 3.1926120414e-08, 2.30402878998e-08, 1.30427286749e-08, 9.63435731194e-09, 1.71091905088e-08], "min": [3.38142891995e-23, 4.04319044939e-23, 1.39203231528e-23, 8.57248282614e-24, 1.66765400468e-23, 5.26749657895e-23, 5.8183086086e-23, 2.0225185075e-23, 4.06372323657e-23, 1.40104877454e-22, 7.09468997086e-23, 3.5636867124e-23, 1.33218273213e-22, 1.28441120898e-22, 1.7343176421e-22, 1.74463644762e-22, 2.63268531518e-22, 3.28232855272e-22, 2.8564418613e-22, 2.50288601562e-22, 3.52974713947e-22, 6.55078426067e-22, 7.22787531387e-22, 6.47636425883e-22, 1.09944480896e-21, 1.64061106398e-21, 2.37701032087e-21], "var": [3.79944166407e-11, 1.48452344167e-12, 4.98126713488e-12, 1.88627044539e-10, 2.01350019324e-07, 5.23706730746e-05, 0.000167278456502, 1.60906674864e-05, 3.02356937709e-07, 9.71916233539e-06, 3.14104156018e-08, 6.12273709066e-07, 2.9317882877e-07, 2.47610671522e-07, 2.11035136033e-08, 7.62964302847e-10, 2.5336813203e-10, 1.1665453048e-09, 1.62428001604e-10, 1.05329744926e-09, 1.81901202434e-10, 3.2560346086e-10, 9.00846411356e-11, 1.72705617169e-11, 5.65335556146e-11, 9.50010729805e-12, 2.79329012177e-12]}, "erbbands": {"dmean": [2.81624816125e-05, 5.89462651988e-05, 0.000125144957565, 0.00147156999446, 0.0174617394805, 0.250647544861, 0.737159073353, 11.5229063034, 39.327999115, 9.18275737762, 7.89780235291, 1.47599375248, 5.54423093796, 3.97260046005, 1.69023668766, 3.09689450264, 2.00053095818, 1.34016728401, 1.86202967167, 0.26586586237, 0.210758492351, 0.100850842893, 0.245214700699, 0.100312508643, 0.0600500181317, 0.110970273614, 0.0584311001003, 0.0468504168093, 0.0435705296695, 0.0436350740492, 0.0186180695891, 0.00792234111577, 0.00769691728055, 0.00676394021139, 0.00513844471425, 0.00132089899853, 0.000569084484596, 0.000204487208975, 2.29458983085e-05, 4.48761602456e-06], "dmean2": [4.96357897646e-05, 9.57586889854e-05, 0.000176066547283, 0.00263931252994, 0.0313321352005, 0.392055034637, 1.05303347111, 14.6752796173, 44.4516105652, 12.0296373367, 11.6211643219, 2.27811408043, 8.73325157166, 6.39382505417, 2.42029762268, 4.90446329117, 3.18019247055, 2.1519048214, 3.19551539421, 0.4292293787, 0.340370506048, 0.15038241446, 0.393656611443, 0.159435555339, 0.0881319493055, 0.145294353366, 0.0812507122755, 0.0683370679617, 0.0709170103073, 0.0703707560897, 0.0319436378777, 0.0134458504617, 0.0133775426075, 0.0122511899099, 0.00983357056975, 0.00254064309411, 0.00110748165753, 0.000401068362407, 4.39537980128e-05, 5.94040420765e-06], "dvar": [1.99994709682e-09, 1.69868030753e-08, 2.9724731121e-07, 5.04527524754e-05, 0.00323920068331, 0.629973530769, 2.29972267151, 511.259552002, 7268.03515625, 691.445495605, 2590.86621094, 176.301025391, 2903.22338867, 1455.58874512, 86.2691192627, 586.772338867, 398.898132324, 154.324539185, 487.780914307, 3.52012085915, 0.731601059437, 0.535625219345, 4.69556617737, 0.293984919786, 0.249545112252, 1.3789948225, 0.365889489651, 0.318769901991, 0.360812455416, 0.320300668478, 0.0681059062481, 0.00774458562955, 0.00916548725218, 0.00968545582145, 0.00679595256224, 0.00036983875907, 6.98990479577e-05, 1.04502096292e-05, 9.83728156712e-08, 1.51148260574e-10], "dvar2": [6.21661433442e-09, 3.23006332792e-08, 5.55456949769e-07, 0.000181787530892, 0.011840720661, 1.5193810463, 5.57557058334, 859.7421875, 9873.52734375, 1352.29064941, 5304.93017578, 427.167572021, 6942.97216797, 3369.31982422, 180.758560181, 1550.99206543, 851.504638672, 394.136077881, 1457.45361328, 8.72754859924, 1.69991111755, 1.07489967346, 11.7368850708, 0.68562746048, 0.58344244957, 2.67910456657, 0.665636122227, 0.677904486656, 0.857149302959, 0.810196518898, 0.177225187421, 0.0194776952267, 0.0248314011842, 0.0274608209729, 0.0199914500117, 0.00108894705772, 0.000206316268304, 3.10333634843e-05, 2.92594336315e-07, 3.73087172267e-10], "max": [0.000709584099241, 0.00522246723995, 0.0246279798448, 0.243134260178, 0.90455442667, 20.7309494019, 25.9217033386, 578.41619873, 1398.44909668, 709.020935059, 1983.87121582, 503.370147705, 2448.24121094, 1377.85644531, 331.773620605, 792.398742676, 791.122131348, 491.241851807, 806.708312988, 71.8157272339, 27.7208881378, 34.6950073242, 93.2348709106, 17.8151397705, 21.7075996399, 49.7006340027, 30.9327526093, 23.4512271881, 23.0597171783, 15.9013748169, 8.6758852005, 2.56422495842, 3.04062223434, 3.15176057816, 2.59210419655, 0.582223057747, 0.230945497751, 0.0968373939395, 0.00825451221317, 0.000312350312015], "mean": [4.5130160288e-05, 0.000129152744194, 0.000448247592431, 0.00428200513124, 0.0364152193069, 0.728632450104, 2.43682837486, 43.8479614258, 128.980743408, 27.8221569061, 14.3779535294, 2.42707085609, 8.33384037018, 6.15574598312, 2.8886475563, 4.76258611679, 3.30284571648, 2.3147315979, 2.25736761093, 0.434845179319, 0.327218532562, 0.159488111734, 0.309403866529, 0.163224250078, 0.100226961076, 0.160167783499, 0.0818308293819, 0.0554386712611, 0.0451774634421, 0.0390574857593, 0.0161522384733, 0.00733924238011, 0.00638893945143, 0.00471321539953, 0.00302904145792, 0.000787239521742, 0.000327998044668, 0.00011659332813, 2.00426438823e-05, 1.47640866999e-05], "median": [3.11385811074e-05, 7.85988959251e-05, 7.84419316915e-05, 0.00042339990614, 0.00437199277803, 0.0785817429423, 1.09541022778, 3.79827785492, 3.57605051994, 1.01096487045, 0.414978653193, 0.232925876975, 0.34627661109, 0.12814116478, 0.188385128975, 0.243185669184, 0.106340914965, 0.0921325385571, 0.0842252895236, 0.0949901938438, 0.0566186495125, 0.0298062488437, 0.0523360744119, 0.0396344065666, 0.0125440955162, 0.0073606944643, 0.00435270462185, 0.00389577820897, 0.00179827434476, 0.00191210024059, 0.000673336093314, 0.000499492860399, 0.00034593406599, 0.000176401328645, 8.36114777485e-05, 3.99464988732e-05, 2.12488921534e-05, 9.3512398962e-06, 5.58699866815e-06, 3.34062792717e-06], "min": [2.08162767842e-21, 5.99126715724e-21, 1.16452118378e-20, 2.32803650301e-20, 4.73129086557e-20, 3.97229481554e-20, 1.32130845444e-19, 5.42309949347e-19, 1.10944141753e-18, 3.25901871817e-19, 5.34063165435e-19, 1.2375423295e-18, 2.8842538917e-18, 4.46115213398e-18, 2.54950485794e-18, 2.29281582462e-18, 5.84182948649e-18, 4.59927723421e-18, 1.04500158695e-17, 7.94804267069e-18, 1.01986853122e-17, 1.4889631529e-17, 1.97972759053e-17, 1.48842035699e-17, 1.26660046064e-17, 1.25157116793e-17, 1.18352580182e-17, 1.7975478435e-17, 2.39834202642e-17, 1.88774758796e-17, 2.16916386221e-17, 1.4935617808e-17, 1.15024137746e-17, 1.09149393502e-17, 7.96301463978e-18, 5.19154971973e-18, 3.43525295979e-18, 1.58222776697e-18, 3.48822271109e-19, 2.99163568709e-20], "var": [3.11822589971e-09, 8.46901642149e-08, 3.13056330015e-06, 0.000353722600266, 0.00732248555869, 3.29289841652, 12.2738952637, 5117.32177734, 55919.5546875, 4537.46582031, 4581.74951172, 258.881988525, 5012.72802734, 2788.54589844, 220.937545776, 978.715576172, 787.724487305, 244.798187256, 464.311157227, 4.48237705231, 1.16406714916, 0.825957119465, 4.38226270676, 0.438816845417, 0.417829841375, 2.45679497719, 0.659505605698, 0.395104974508, 0.340680390596, 0.253605365753, 0.0499183386564, 0.00625339429826, 0.00634986534715, 0.00575743615627, 0.00362425995991, 0.000195815402549, 3.66800886695e-05, 5.38605809197e-06, 5.07955810747e-08, 5.0187287659e-10]}, "gfcc": {"mean": [-296.639068604, 108.562782288, -126.877563477, -41.2149620056, -79.1261825562, -43.5868453979, -50.0338935852, -14.8959217072, -10.5389966965, 7.83666467667, 12.9207134247, 13.382434845, 5.47040891647], "cov": [[14482.0791016, 2424.76538086, -3648.0690918, -1402.70446777, -1843.66247559, -819.985595703, -56.1418113708, -48.2563209534, 887.703308105, 570.391906738, 999.729980469, 64.0730819702, 266.884185791], [2424.76538086, 1761.83215332, -139.151199341, -608.213134766, -214.375198364, -310.14251709, -115.855079651, -240.849334717, -5.73056173325, -71.6756744385, 159.108963013, -53.2748985291, -12.5187263489], [-3648.0690918, -139.151199341, 2114.11914062, 450.167572021, 271.865264893, 123.499969482, -111.722221375, -80.5831375122, -144.747802734, -90.7771682739, -152.833480835, -61.0298423767, -161.164321899], [-1402.70446777, -608.213134766, 450.167572021, 777.62121582, 296.986816406, 64.1761703491, -57.4438972473, 9.58836555481, -143.10710144, -77.1331710815, -168.227279663, 58.5590248108, 86.1363525391], [-1843.66247559, -214.375198364, 271.865264893, 296.986816406, 486.634521484, 148.258422852, -20.1153755188, -59.3589630127, -270.422821045, -177.4894104, -234.366424561, -7.49805307388, 0.122699290514], [-819.985595703, -310.14251709, 123.499969482, 64.1761703491, 148.258422852, 298.328857422, 112.414527893, 40.715927124, -95.8425827026, -32.5175437927, -116.273788452, -33.2508087158, -48.4923439026], [-56.1418113708, -115.855079651, -111.722221375, -57.4438972473, -20.1153755188, 112.414527893, 154.71925354, 84.315612793, 40.0321426392, 28.4695205688, -4.68635416031, -4.94143629074, -7.11073732376], [-48.2563209534, -240.849334717, -80.5831375122, 9.58836555481, -59.3589630127, 40.715927124, 84.315612793, 191.088775635, 158.247619629, 106.375205994, 50.4264259338, 21.4267234802, -7.36796236038], [887.703308105, -5.73056173325, -144.747802734, -143.10710144, -270.422821045, -95.8425827026, 40.0321426392, 158.247619629, 386.702087402, 270.562072754, 270.015045166, 54.5997314453, -3.80407524109], [570.391906738, -71.6756744385, -90.7771682739, -77.1331710815, -177.4894104, -32.5175437927, 28.4695205688, 106.375205994, 270.562072754, 257.900543213, 230.270980835, 58.8586959839, -0.280690461397], [999.729980469, 159.108963013, -152.833480835, -168.227279663, -234.366424561, -116.273788452, -4.68635416031, 50.4264259338, 270.015045166, 230.270980835, 346.771453857, 136.213623047, 35.2675437927], [64.0730819702, -53.2748985291, -61.0298423767, 58.5590248108, -7.49805307388, -33.2508087158, -4.94143629074, 21.4267234802, 54.5997314453, 58.8586959839, 136.213623047, 193.065948486, 116.296302795], [266.884185791, -12.5187263489, -161.164321899, 86.1363525391, 0.122699290514, -48.4923439026, -7.11073732376, -7.36796236038, -3.80407524109, -0.280690461397, 35.2675437927, 116.296302795, 163.295944214]], "icov": [[0.000740341143683, -0.00108869629912, 0.00123771827202, -0.00115527026355, 0.00246164412238, -0.00116315903142, 0.00104273331817, 0.000198778929189, -0.000199092348339, -6.85101549607e-05, -0.000351950322511, 0.000403987040045, 2.81624870695e-05], [-0.00108869629912, 0.0029331909027, -0.00201431033202, 0.00269018253312, -0.00398763176054, 0.00268736318685, -0.00184091448318, 0.000757211120799, 0.000139729148941, 0.00120378192514, -0.000750459672417, 0.000537927262485, -0.000863523106091], [0.00123771827202, -0.00201431033202, 0.00280176126398, -0.002541792579, 0.00414611864835, -0.00240015401505, 0.00218867021613, 0.000690553395543, -0.000778673042078, -2.22574726649e-05, -0.000219669527723, -4.43273274868e-05, 0.00140008272137], [-0.00115527026355, 0.00269018253312, -0.002541792579, 0.00505709974095, -0.00501146772876, 0.00269064796157, -0.000782085466199, -0.000557552499231, 0.000611622061115, -0.000649661524221, 0.00139241898432, -0.000484388874611, -0.00228085345589], [0.00246164412238, -0.00398763176054, 0.00414611864835, -0.00501146772876, 0.0131898513064, -0.00524852750823, 0.00437681749463, 0.0001497817575, 0.00149127678014, -0.00108278100379, 0.00127642229199, -0.0014930665493, 0.0018559374148], [-0.00116315903142, 0.00268736318685, -0.00240015401505, 0.00269064796157, -0.00524852750823, 0.010984679684, -0.00801853928715, 1.5843035726e-05, 0.00427709938958, -0.00430415570736, 0.00243778829463, -0.00186821294483, 0.0021326856222], [0.00104273331817, -0.00184091448318, 0.00218867021613, -0.000782085466199, 0.00437681749463, -0.00801853928715, 0.0157681461424, -0.00507164048031, -0.001210372895, 0.00203569163568, -0.00122640212066, 0.00174288777635, -0.00220045214519], [0.000198778929189, 0.000757211120799, 0.000690553395543, -0.000557552499231, 0.0001497817575, 1.5843035726e-05, -0.00507164048031, 0.0160323902965, -0.00960351899266, -0.000377230491722, 0.00604876596481, -0.00458353105932, 0.00294951279648], [-0.000199092348339, 0.000139729148941, -0.000778673042078, 0.000611622061115, 0.00149127678014, 0.00427709938958, -0.001210372895, -0.00960351899266, 0.0200827699155, -0.0111679900438, -0.00517412973568, 0.00335873640142, -0.000797955784947], [-6.85101549607e-05, 0.00120378192514, -2.22574726649e-05, -0.000649661524221, -0.00108278100379, -0.00430415570736, 0.00203569163568, -0.000377230491722, -0.0111679900438, 0.0238025486469, -0.0117747941986, 0.00538545567542, -0.00219237944111], [-0.000351950322511, -0.000750459672417, -0.000219669527723, 0.00139241898432, 0.00127642229199, 0.00243778829463, -0.00122640212066, 0.00604876596481, -0.00517412973568, -0.0117747941986, 0.0231426395476, -0.0162890665233, 0.00697068497539], [0.000403987040045, 0.000537927262485, -4.43273274868e-05, -0.000484388874611, -0.0014930665493, -0.00186821294483, 0.00174288777635, -0.00458353105932, 0.00335873640142, 0.00538545567542, -0.0162890665233, 0.0225688870996, -0.0135594746098], [2.81624870695e-05, -0.000863523106091, 0.00140008272137, -0.00228085345589, 0.0018559374148, 0.0021326856222, -0.00220045214519, 0.00294951279648, -0.000797955784947, -0.00219237944111, 0.00697068497539, -0.0135594746098, 0.0173947047442]]}, "melbands": {"dmean": [2.35121106584e-07, 6.52208953511e-08, 5.24786457845e-07, 7.32114949642e-06, 2.1812691557e-05, 0.000310623028781, 0.000525216804817, 9.51906913542e-05, 5.63830581086e-05, 6.86405519446e-06, 3.01643685816e-05, 2.00204249268e-05, 3.66045333067e-06, 1.01562873169e-05, 4.03065405408e-06, 4.35156698586e-06, 2.79321193375e-06, 3.93480695493e-06, 4.21420736529e-07, 4.27707590234e-07, 1.98602847945e-07, 1.10523565411e-07, 1.51645281221e-07, 2.3542064298e-07, 7.14881807085e-08, 3.88340275492e-08, 5.2569792075e-08, 8.65622880042e-08, 4.39502549909e-08, 3.10932222192e-08, 2.56614196559e-08, 2.88314225827e-08, 2.47512925711e-08, 2.29896208737e-08, 1.17980816228e-08, 6.06434458206e-09, 4.51016823888e-09, 6.07520034279e-09, 4.39200809055e-09, 6.23039619896e-09], "dmean2": [4.15116772956e-07, 9.3736801432e-08, 1.00636566458e-06, 1.17374092952e-05, 3.1751467759e-05, 0.000389938591979, 0.000596627651248, 0.000132503017085, 8.45271133585e-05, 1.09433140096e-05, 4.790692401e-05, 3.25464170601e-05, 5.06729293193e-06, 1.58433122124e-05, 6.55620715406e-06, 6.82233303451e-06, 4.56057023257e-06, 6.80233824824e-06, 7.21296146367e-07, 7.06684829765e-07, 3.20564566891e-07, 1.66043477634e-07, 2.30343900398e-07, 3.8272708025e-07, 1.15849893234e-07, 5.46972707127e-08, 7.86990597135e-08, 1.1348929263e-07, 6.28159426697e-08, 4.85851394671e-08, 3.88919367822e-08, 4.59504860828e-08, 4.05234565903e-08, 3.69790065236e-08, 2.03219325812e-08, 1.08089954765e-08, 7.47652340038e-09, 1.04601856066e-08, 7.70485808488e-09, 1.13428688664e-08], "dvar": [1.80889659263e-13, 5.5838160159e-14, 8.83145553215e-12, 5.41697908751e-10, 2.90192425645e-09, 4.09978383686e-07, 1.3118329889e-06, 1.2224276702e-07, 1.76634003424e-07, 4.14341272403e-09, 8.91192399877e-08, 3.99379302962e-08, 3.81496584323e-10, 6.26839735673e-09, 6.91384172136e-10, 2.02775440883e-09, 7.49908413145e-10, 2.42126363403e-09, 8.92414094011e-12, 2.84325796414e-12, 9.98760536081e-13, 7.6843354813e-13, 2.02046756062e-12, 4.68615207402e-12, 1.01292875455e-13, 1.18717671327e-13, 2.37220128523e-13, 8.44570073599e-13, 2.36522607056e-13, 1.36553569559e-13, 1.16616230019e-13, 1.77775613783e-13, 1.06862096754e-13, 9.0350314307e-14, 2.94797552255e-14, 6.12016456259e-15, 2.96571031723e-15, 5.63964404216e-15, 3.5685578536e-15, 8.58254778553e-15], "dvar2": [5.64360732626e-13, 9.75855680985e-14, 3.40806757815e-11, 1.36410727158e-09, 6.69132127484e-09, 6.6802215315e-07, 1.82463759302e-06, 2.42468814804e-07, 3.80362081387e-07, 1.01404511454e-08, 2.13486160305e-07, 9.35122699275e-08, 7.43288430805e-10, 1.48377079512e-08, 1.88659177169e-09, 4.04117583841e-09, 1.968098573e-09, 7.12182535167e-09, 2.56281176836e-11, 6.069397155e-12, 2.38415450576e-12, 1.56471298592e-12, 4.6793948924e-12, 1.18482740979e-11, 2.1645379445e-13, 2.36623573383e-13, 5.81170907839e-13, 1.51827704055e-12, 3.92296926281e-13, 3.32714812732e-13, 2.55564151655e-13, 4.20202474162e-13, 2.80149953799e-13, 2.26297293079e-13, 7.65438331208e-14, 1.66044326048e-14, 7.11750858853e-15, 1.51992083334e-14, 9.88707847419e-15, 2.44272663755e-14], "max": [6.63559239911e-06, 9.58903001447e-06, 7.66701996326e-05, 0.000597462174483, 0.000994527712464, 0.0163183640689, 0.018184972927, 0.0111669441685, 0.0175763592124, 0.00318659865297, 0.013223445043, 0.00660777464509, 0.00083055824507, 0.00358284311369, 0.000725961464923, 0.00175821536686, 0.00106190831866, 0.00189348286949, 9.56723597483e-05, 7.05920101609e-05, 2.94400379062e-05, 4.69140322821e-05, 6.01957653998e-05, 0.000100145742181, 1.21751518236e-05, 1.41485870699e-05, 2.03039053304e-05, 4.56552297692e-05, 2.26887677854e-05, 1.77940346475e-05, 1.35721302286e-05, 1.7393809685e-05, 1.120460729e-05, 9.41860707826e-06, 6.09576909483e-06, 2.24897053158e-06, 2.28129192692e-06, 2.27376153816e-06, 1.95659208657e-06, 3.1219021821e-06], "mean": [3.80957544621e-07, 1.81066440064e-07, 1.03462912193e-06, 1.98662728508e-05, 6.62294332869e-05, 0.00115091179032, 0.0017583896406, 0.000253314618021, 9.4570350484e-05, 9.91293654806e-06, 4.49367871624e-05, 3.01157706417e-05, 5.64301262784e-06, 1.58652765094e-05, 6.0445249801e-06, 6.98676467437e-06, 4.24834388468e-06, 4.64541562906e-06, 5.76579964218e-07, 6.61135175051e-07, 2.91776046879e-07, 1.57380185328e-07, 2.01200663241e-07, 2.91807850772e-07, 1.14344892665e-07, 6.6208286853e-08, 7.50415765083e-08, 1.20938395298e-07, 6.26757525879e-08, 3.63871244247e-08, 2.846647007e-08, 2.93716801991e-08, 2.0723250671e-08, 2.0757907393e-08, 1.00208481513e-08, 5.08632513885e-09, 4.32478941548e-09, 5.06012076684e-09, 3.22537396791e-09, 4.27915969325e-09], "median": [2.23488370921e-07, 4.28652526807e-08, 1.37636879671e-08, 3.88280056995e-07, 8.5611227405e-06, 7.57738598622e-05, 4.42053169536e-05, 2.04055163522e-06, 9.80957452157e-07, 7.68797235651e-07, 1.4858716213e-06, 3.36842731485e-07, 4.03374627922e-07, 7.34723016649e-07, 3.54711119144e-07, 1.2108091596e-07, 1.2220485246e-07, 1.1210156714e-07, 8.58706101781e-08, 1.18101937119e-07, 4.84546589519e-08, 2.35563799578e-08, 2.88607466814e-08, 4.72866190648e-08, 2.51205172219e-08, 7.75081865356e-09, 5.96408300524e-09, 4.13193612658e-09, 2.00167793452e-09, 2.7138247205e-09, 1.79121062427e-09, 1.02695185689e-09, 7.41744110577e-10, 1.10523523666e-09, 3.73945763243e-10, 1.97144800484e-10, 3.50762918711e-10, 2.919449682e-10, 1.40609746069e-10, 1.48084100537e-10], "min": [1.67211091102e-23, 6.85749842933e-24, 5.41407861028e-24, 2.66445107145e-24, 3.93984351769e-24, 1.23232537398e-23, 1.59227944959e-23, 3.11847700722e-24, 4.25894761461e-24, 7.90907447067e-24, 1.40331839048e-23, 1.78678777858e-23, 8.77667158285e-24, 3.58672886613e-24, 1.12637480686e-23, 1.25045394978e-23, 7.01806238911e-24, 1.79845171815e-23, 1.20546197803e-23, 1.23352538919e-23, 1.03808155004e-23, 1.48714401244e-23, 1.44547906156e-23, 2.00339367925e-23, 1.05388606274e-23, 1.3032170692e-23, 6.50987385524e-24, 8.60965000769e-24, 6.6536267947e-24, 8.9991106366e-24, 9.74556790158e-24, 1.52919187641e-23, 1.12274896548e-23, 9.76824213058e-24, 1.28101544677e-23, 1.16102615321e-23, 8.08588580967e-24, 7.45910821034e-24, 8.9638248883e-24, 9.23659090122e-24], "var": [3.0448706707e-13, 4.64993332467e-13, 2.92566457172e-11, 2.709750202e-09, 1.49689913798e-08, 4.0125751184e-06, 1.04446780824e-05, 6.03393402798e-07, 2.58378349827e-07, 7.26735382983e-09, 1.54235479499e-07, 7.47920125832e-08, 9.06588193406e-10, 1.18208625111e-08, 9.93208293387e-10, 4.21759294156e-09, 9.63696233924e-10, 2.24955587491e-09, 1.06365498007e-11, 4.81193036805e-12, 1.43452112168e-12, 1.05881557862e-12, 2.35709672267e-12, 4.30253792663e-12, 2.04092846139e-13, 2.53698592082e-13, 3.25895126857e-13, 1.61885760873e-12, 4.6627263682e-13, 1.38984147541e-13, 1.30476236911e-13, 1.68937468723e-13, 8.04826921796e-14, 7.21416673686e-14, 2.16677397595e-14, 4.12653911353e-15, 2.62348973654e-15, 3.98190103801e-15, 2.26190513564e-15, 5.04836083487e-15]}, "mfcc": {"mean": [-929.575683594, 133.627700806, -12.8023366928, -17.1418323517, -23.7721214294, -30.4017543793, -30.299123764, -25.1233043671, -22.9768466949, -14.5491819382, -2.95264983177, 4.07714557648, 11.385966301], "cov": [[7467.44873047, 2384.63012695, -1861.42297363, -975.042053223, -1361.37121582, -754.546508789, -636.742980957, -465.998321533, -225.784606934, 132.444366455, 400.294281006, 494.723297119, 516.931396484], [2384.63012695, 1860.25952148, -142.422958374, -493.281402588, -466.672210693, -357.401519775, -301.248321533, -280.217987061, -262.687286377, -90.7686233521, 138.298675537, 144.188262939, 68.1516265869], [-1861.42297363, -142.422958374, 1172.81750488, 422.278625488, 305.397033691, 172.700531006, 73.1801605225, 9.7105550766, -26.7444839478, -78.9089431763, -50.0899772644, -56.6720314026, -159.854034424], [-975.042053223, -493.281402588, 422.278625488, 620.536682129, 338.466827393, 141.684310913, 65.9720993042, 36.294090271, 66.2607269287, -44.2365036011, -154.646652222, -73.9133605957, -5.91373205185], [-1361.37121582, -466.672210693, 305.397033691, 338.466827393, 467.346679688, 200.748977661, 132.625152588, 82.5046081543, 13.4706544876, -87.8804855347, -191.528045654, -198.650405884, -151.027511597], [-754.546508789, -357.401519775, 172.700531006, 141.684310913, 200.748977661, 238.727462769, 179.07144165, 72.3589172363, 30.7479076385, -29.4339523315, -107.283622742, -112.119468689, -100.995819092], [-636.742980957, -301.248321533, 73.1801605225, 65.9720993042, 132.625152588, 179.07144165, 227.542816162, 118.913818359, 51.2696647644, -19.6728610992, -115.715805054, -117.307487488, -107.056816101], [-465.998321533, -280.217987061, 9.7105550766, 36.294090271, 82.5046081543, 72.3589172363, 118.913818359, 147.298980713, 79.2816085815, 1.88944125175, -45.1818161011, -56.0621376038, -40.2475891113], [-225.784606934, -262.687286377, -26.7444839478, 66.2607269287, 13.4706544876, 30.7479076385, 51.2696647644, 79.2816085815, 158.534133911, 95.9243392944, 2.42134332657, 31.4983100891, 41.8613815308], [132.444366455, -90.7686233521, -78.9089431763, -44.2365036011, -87.8804855347, -29.4339523315, -19.6728610992, 1.88944125175, 95.9243392944, 187.087234497, 162.663925171, 127.198394775, 97.7890853882], [400.294281006, 138.298675537, -50.0899772644, -154.646652222, -191.528045654, -107.283622742, -115.715805054, -45.1818161011, 2.42134332657, 162.663925171, 360.75112915, 274.774810791, 152.42755127], [494.723297119, 144.188262939, -56.6720314026, -73.9133605957, -198.650405884, -112.119468689, -117.307487488, -56.0621376038, 31.4983100891, 127.198394775, 274.774810791, 338.997589111, 252.99055481], [516.931396484, 68.1516265869, -159.854034424, -5.91373205185, -151.027511597, -100.995819092, -107.056816101, -40.2475891113, 41.8613815308, 97.7890853882, 152.42755127, 252.99055481, 333.334869385]], "icov": [[0.00119796465151, -0.00126658752561, 0.00187195814215, -0.00164837960619, 0.00261465832591, -0.0018453738885, 0.0020116539672, -0.000929118134081, 0.00112721079495, -0.00107073434629, 0.000733192020562, -0.000663640967105, 0.000770033511799], [-0.00126658752561, 0.00269292318262, -0.00234184483998, 0.00250116689131, -0.00234559038654, 0.00344431353733, -0.00276489066891, 0.00263171130791, -0.000608979142271, 0.00176250457298, -0.000513889594004, 0.000588345574215, -0.000906577974092], [0.00187195814215, -0.00234184483998, 0.00450881524011, -0.0038231657818, 0.00386721082032, -0.00393581343815, 0.00359991006553, -0.00196169619448, 0.00203314237297, -0.00150441657752, 0.000789645826444, -0.00212490744889, 0.00258685415611], [-0.00164837960619, 0.00250116689131, -0.0038231657818, 0.00686918804422, -0.00600682245567, 0.00343416491523, -0.00304543622769, 0.00379215064459, -0.00374645809643, 0.00252858991735, 3.43034735124e-05, 0.000851539836731, -0.00280124065466], [0.00261465832591, -0.00234559038654, 0.00386721082032, -0.00600682245567, 0.0123762981966, -0.00766494125128, 0.00713687157258, -0.00523993559182, 0.00504695251584, -0.0032122307457, 0.00247345981188, -0.000327394373016, 0.00254328828305], [-0.0018453738885, 0.00344431353733, -0.00393581343815, 0.00343416491523, -0.00766494125128, 0.0207209959626, -0.0179162919521, 0.0104337288067, -0.00494079478085, 0.00541398022324, -0.00448743300512, 0.003402877599, -0.00285643595271], [0.0020116539672, -0.00276489066891, 0.00359991006553, -0.00304543622769, 0.00713687157258, -0.0179162919521, 0.0268910899758, -0.0181545838714, 0.00958256237209, -0.0107201617211, 0.0103828627616, -0.00683828955516, 0.00575141888112], [-0.000929118134081, 0.00263171130791, -0.00196169619448, 0.00379215064459, -0.00523993559182, 0.0104337288067, -0.0181545838714, 0.0288584157825, -0.0190046969801, 0.0159960985184, -0.0126843415201, 0.00965189840645, -0.00536098424345], [0.00112721079495, -0.000608979142271, 0.00203314237297, -0.00374645809643, 0.00504695251584, -0.00494079478085, 0.00958256237209, -0.0190046969801, 0.0303488336504, -0.0229244548827, 0.0165622569621, -0.0119280526415, 0.00525098061189], [-0.00107073434629, 0.00176250457298, -0.00150441657752, 0.00252858991735, -0.0032122307457, 0.00541398022324, -0.0107201617211, 0.0159960985184, -0.0229244548827, 0.0287289526314, -0.018834810704, 0.0110982498154, -0.00606267154217], [0.000733192020562, -0.000513889594004, 0.000789645826444, 3.43034735124e-05, 0.00247345981188, -0.00448743300512, 0.0103828627616, -0.0126843415201, 0.0165622569621, -0.018834810704, 0.0226530674845, -0.0175409466028, 0.00731125473976], [-0.000663640967105, 0.000588345574215, -0.00212490744889, 0.000851539836731, -0.000327394373016, 0.003402877599, -0.00683828955516, 0.00965189840645, -0.0119280526415, 0.0110982498154, -0.0175409466028, 0.0238271113485, -0.0120639689267], [0.000770033511799, -0.000906577974092, 0.00258685415611, -0.00280124065466, 0.00254328828305, -0.00285643595271, 0.00575141888112, -0.00536098424345, 0.00525098061189, -0.00606267154217, 0.00731125473976, -0.0120639689267, 0.0116007886827]]}, "spectral_contrast_coeffs": {"dmean": [0.0398093983531, 0.0364897958934, 0.0293833967298, 0.0229313317686, 0.0171792954206, 0.0129002509639], "dmean2": [0.0691098868847, 0.0561017990112, 0.0472371652722, 0.0378965884447, 0.028216117993, 0.0217215269804], "dvar": [0.00111527682748, 0.00110364099964, 0.000684796948917, 0.000390201545088, 0.000228839067859, 0.000142089804285], "dvar2": [0.00333908130415, 0.00252868863754, 0.00178799976129, 0.00101778761018, 0.000560018466786, 0.000369085930288], "max": [-0.279319494963, -0.225744992495, -0.474016964436, -0.5257833004, -0.656322717667, -0.667831420898], "mean": [-0.66840583086, -0.543081462383, -0.753142774105, -0.77457177639, -0.811883985996, -0.821215093136], "median": [-0.677297115326, -0.54099714756, -0.750483632088, -0.769660592079, -0.809351205826, -0.816795349121], "min": [-0.972128927708, -0.966555893421, -0.974476516247, -0.960608661175, -0.96167576313, -0.958591163158], "var": [0.0296233184636, 0.0236306488514, 0.00587538769469, 0.00469077704474, 0.00252309069037, 0.00161068199668]}, "spectral_contrast_valleys": {"dmean": [0.465169131756, 0.329465121031, 0.290117889643, 0.231317192316, 0.186024352908, 0.196861550212], "dmean2": [0.818475