{"lowlevel": {"average_loudness": 0.501760780811, "barkbands_crest": {"dmean": 1.3031257391, "dmean2": 1.91241037846, "dvar": 2.30885624886, "dvar2": 5.28421449661, "max": 26.5970420837, "mean": 13.520442009, "median": 12.9552268982, "min": 3.43858742714, "var": 20.7995796204}, "barkbands_flatness_db": {"dmean": 0.0143947759643, "dmean2": 0.0215176213533, "dvar": 0.000312298798235, "dvar2": 0.00060946343001, "max": 0.599069178104, "mean": 0.308916628361, "median": 0.291246324778, "min": 0.0469373427331, "var": 0.00546509074047}, "barkbands_kurtosis": {"dmean": 1.69744825363, "dmean2": 2.57080388069, "dvar": 22.914686203, "dvar2": 54.8423576355, "max": 246.756195068, "mean": 5.71387338638, "median": 2.76252245903, "min": -1.6375374794, "var": 90.8387374878}, "barkbands_skewness": {"dmean": 0.276785135269, "dmean2": 0.406462311745, "dvar": 0.159243777394, "dvar2": 0.362789064646, "max": 13.4003324509, "mean": 0.953800618649, "median": 0.850117325783, "min": -3.57547211647, "var": 1.89784753323}, "barkbands_spread": {"dmean": 0.769381284714, "dmean2": 1.15122008324, "dvar": 2.41189599037, "dvar2": 5.47567367554, "max": 94.0085678101, "mean": 5.86947059631, "median": 5.63164806366, "min": 0.105006307364, "var": 24.688539505}, "dissonance": {"dmean": 0.034612596035, "dmean2": 0.0593606308103, "dvar": 0.00142281618901, "dvar2": 0.00401020143181, "max": 0.498493343592, "mean": 0.36417132616, "median": 0.374415934086, "min": 0.118719220161, "var": 0.00430904282257}, "dynamic_complexity": 5.70428466797, "erbbands_crest": {"dmean": 1.59901249409, "dmean2": 2.26637935638, "dvar": 3.73219203949, "dvar2": 7.92362546921, "max": 33.9413528442, "mean": 16.7246932983, "median": 15.7709331512, "min": 2.61102437973, "var": 48.7223129272}, "erbbands_flatness_db": {"dmean": 0.0133423823863, "dmean2": 0.0192469954491, "dvar": 0.000290450116154, "dvar2": 0.00058967928635, "max": 0.531311750412, "mean": 0.338781714439, "median": 0.334923803806, "min": 0.0384853929281, "var": 0.00310885673389}, "erbbands_kurtosis": {"dmean": 1.56615161896, "dmean2": 2.17180037498, "dvar": 8.77571296692, "dvar2": 17.301858902, "max": 90.0745315552, "mean": 5.07079029083, "median": 2.55368304253, "min": -1.68114256859, "var": 64.9030227661}, "erbbands_skewness": {"dmean": 0.26732480526, "dmean2": 0.379153221846, "dvar": 0.120140388608, "dvar2": 0.248423919082, "max": 6.71387290955, "mean": 0.624263048172, "median": 0.602150201797, "min": -3.83748054504, "var": 1.72672176361}, "erbbands_spread": {"dmean": 1.46911180019, "dmean2": 2.10330200195, "dvar": 5.47028875351, "dvar2": 13.2668437958, "max": 73.6711959839, "mean": 11.2992935181, "median": 10.035654068, "min": 0.767626047134, "var": 46.5656394958}, "hfc": {"dmean": 1.93702244759, "dmean2": 2.43255734444, "dvar": 14.1342906952, "dvar2": 23.5290851593, "max": 126.532836914, "mean": 13.3455572128, "median": 9.05367088318, "min": 1.17213835374e-16, "var": 207.304641724}, "melbands_crest": {"dmean": 1.49088895321, "dmean2": 2.21506381035, "dvar": 3.38696408272, "dvar2": 7.51147031784, "max": 39.506893158, "mean": 15.7619524002, "median": 14.382850647, "min": 1.7704679966, "var": 34.5363082886}, "melbands_flatness_db": {"dmean": 0.0158474389464, "dmean2": 0.023295275867, "dvar": 0.000422686513048, "dvar2": 0.000756146619096, "max": 0.772630751133, "mean": 0.39632627368, "median": 0.360424160957, "min": 0.00479907728732, "var": 0.0118016926572}, "melbands_kurtosis": {"dmean": 1.84404993057, "dmean2": 2.775588274, "dvar": 22.9631004333, "dvar2": 50.5293579102, "max": 209.665969849, "mean": 7.15162372589, "median": 2.67109394073, "min": -1.76009976864, "var": 214.688217163}, "melbands_skewness": {"dmean": 0.276068538427, "dmean2": 0.402952224016, "dvar": 0.173895657063, "dvar2": 0.367608219385, "max": 14.0487737656, "mean": 1.22472238541, "median": 1.00354981422, "min": -2.93789482117, "var": 2.66567611694}, "melbands_spread": {"dmean": 1.18405222893, "dmean2": 1.76929950714, "dvar": 9.07008457184, "dvar2": 19.084821701, "max": 167.496749878, "mean": 9.5771112442, "median": 9.09394454956, "min": 0.343820512295, "var": 45.9025993347}, "pitch_salience": {"dmean": 0.035422809422, "dmean2": 0.0532684884965, "dvar": 0.00171761284582, "dvar2": 0.00383396237157, "max": 0.991171300411, "mean": 0.479078322649, "median": 0.478916078806, "min": 0.09192994982, "var": 0.0157513841987}, "silence_rate_20dB": {"dmean": 0, "dmean2": 0, "dvar": 0, "dvar2": 0, "max": 1, "mean": 1, "median": 1, "min": 1, "var": 0}, "silence_rate_30dB": {"dmean": 0.00142470432911, "dmean2": 0.00284981471486, "dvar": 0.00142265192699, "dvar2": 0.00369654456154, "max": 1, "mean": 0.998575508595, "median": 1, "min": 0, "var": 0.00142244936433}, "silence_rate_60dB": {"dmean": 0.0111126936972, "dmean2": 0.0222285557538, "dvar": 0.010988060385, "dvar2": 0.0220160055906, "max": 1, "mean": 0.219230771065, "median": 0, "min": 0, "var": 0.171179145575}, "spectral_centroid": {"dmean": 35.4525566101, "dmean2": 50.9811286926, "dvar": 13297.4121094, "dvar2": 21419.3398438, "max": 11054.0654297, "mean": 578.894897461, "median": 568.263244629, "min": 168.474334717, "var": 113459.171875}, "spectral_complexity": {"dmean": 1.02350759506, "dmean2": 1.67056143284, "dvar": 1.58874130249, "dvar2": 3.25998544693, "max": 26, "mean": 9.51068401337, "median": 10, "min": 0, "var": 20.066696167}, "spectral_decrease": {"dmean": 8.20373768917e-10, "dmean2": 1.07195818888e-09, "dvar": 1.80600824681e-18, "dvar2": 3.24901676039e-18, "max": 3.73123378061e-29, "mean": -5.59169421877e-09, "median": -4.7981751905e-09, "min": -2.99743803112e-08, "var": 2.48829163146e-17}, "spectral_energy": {"dmean": 0.00325925275683, "dmean2": 0.00424986425787, "dvar": 2.877883162e-05, "dvar2": 5.14120947628e-05, "max": 0.119800321758, "mean": 0.0223147794604, "median": 0.0190654732287, "min": 1.08791496943e-20, "var": 0.000401409342885}, "spectral_energyband_high": {"dmean": 7.79409947427e-06, "dmean2": 1.15709081001e-05, "dvar": 1.09973596896e-09, "dvar2": 2.67247091124e-09, "max": 0.00131252594292, "mean": 1.96372166101e-05, "median": 6.45888121653e-06, "min": 7.94074970358e-21, "var": 1.50323475889e-09}, "spectral_energyband_low": {"dmean": 0.000354734336725, "dmean2": 0.000538612483069, "dvar": 4.55303620583e-07, "dvar2": 8.7981550223e-07, "max": 0.0253085624427, "mean": 0.00122192548588, "median": 0.000619863159955, "min": 8.67250328917e-23, "var": 3.32562422045e-06}, "spectral_energyband_middle_high": {"dmean": 0.00110035098623, "dmean2": 0.00132497388404, "dvar": 7.24158371668e-06, "dvar2": 1.19885407912e-05, "max": 0.100239105523, "mean": 0.00668072327971, "median": 0.000901727529708, "min": 1.33583327748e-21, "var": 0.000116322888061}, "spectral_energyband_middle_low": {"dmean": 0.00262550218031, "dmean2": 0.00358512531966, "dvar": 2.04599818971e-05, "dvar2": 3.96704272134e-05, "max": 0.11074540019, "mean": 0.015239322558, "median": 0.0131903840229, "min": 1.81536369689e-22, "var": 0.00018915583496}, "spectral_entropy": {"dmean": 0.111336819828, "dmean2": 0.166511982679, "dvar": 0.0265271533281, "dvar2": 0.0557804144919, "max": 9.80658912659, "mean": 5.76242923737, "median": 5.85630702972, "min": 3.6218662262, "var": 0.34786438942}, "spectral_flux": {"dmean": 0.0121137853712, "dmean2": 0.0193851441145, "dvar": 0.000348484230926, "dvar2": 0.00083232705947, "max": 0.238712057471, "mean": 0.0295466948301, "median": 0.0231608711183, "min": 6.85407078316e-11, "var": 0.000713177607395}, "spectral_kurtosis": {"dmean": 20.0900192261, "dmean2": 34.6726531982, "dvar": 612.763305664, "dvar2": 1676.53320312, "max": 577.387695312, "mean": 61.1986274719, "median": 31.9882450104, "min": -1.24969696999, "var": 5027.26855469}, "spectral_rms": {"dmean": 0.000312296411721, "dmean2": 0.000406414590543, "dvar": 2.07970643373e-07, "dvar2": 3.50569024476e-07, "max": 0.0108110299334, "mean": 0.004077647347, "median": 0.00431282538921, "min": 3.25788354627e-12, "var": 5.14332077728e-06}, "spectral_rolloff": {"dmean": 56.9813079834, "dmean2": 104.402946472, "dvar": 352466.09375, "dvar2": 1016950.4375, "max": 18755.4199219, "mean": 726.935119629, "median": 710.595703125, "min": 21.533203125, "var": 454490.625}, "spectral_skewness": {"dmean": 1.06071054935, "dmean2": 1.8354767561, "dvar": 1.0907394886, "dvar2": 2.95617175102, "max": 18.5337524414, "mean": 5.08384752274, "median": 4.01511001587, "min": 0.0434850715101, "var": 8.76396369934}, "spectral_spread": {"dmean": 300120.25, "dmean2": 507974.71875, "dvar": 377023299584, "dvar2": 1069160398850.0, "max": 41171252, "mean": 1602000, "median": 1535476.75, "min": 146691.21875, "var": 1458575376380.0}, "spectral_strongpeak": {"dmean": 0.359087735415, "dmean2": 0.55271500349, "dvar": 0.535356879234, "dvar2": 1.1417375803, "max": 13.2533063889, "mean": 2.09862112999, "median": 1.34417057037, "min": 0, "var": 4.50575780869}, "zerocrossingrate": {"dmean": 0.00204495154321, "dmean2": 0.00265542068519, "dvar": 5.433010665e-05, "dvar2": 0.000100825738627, "max": 0.5107421875, "mean": 0.0274845995009, "median": 0.02783203125, "min": 0.0068359375, "var": 0.000238379652728}, "barkbands": {"dmean": [6.36585764369e-06, 9.18875812204e-05, 0.000221527967369, 0.000374785013264, 0.00119058950804, 0.000604305125307, 0.000331549148541, 0.000548053707462, 0.000564014713746, 0.000420552532887, 0.000483960815473, 0.000407259416534, 9.13910989766e-05, 4.71818239021e-05, 2.77977542282e-05, 2.3715030693e-05, 1.286378847e-05, 7.04375588612e-06, 7.74397540226e-06, 2.65562903223e-06, 3.57508451998e-06, 2.05977289625e-06, 9.89402110463e-07, 3.88596561152e-07, 2.52056082672e-07, 1.10275628629e-07, 7.52445785679e-08], "dmean2": [1.11013123387e-05, 0.000154680077685, 0.000330682552885, 0.00054400722729, 0.00171065190807, 0.000878293416463, 0.000471069040941, 0.000707582978066, 0.00069485232234, 0.000501237343997, 0.000594988232478, 0.000510608253535, 0.000120660864923, 5.80293526582e-05, 3.70083434973e-05, 3.93203263229e-05, 1.90622795344e-05, 9.92845889414e-06, 1.04286555143e-05, 3.81184645448e-06, 5.34840046384e-06, 3.21399170389e-06, 1.54509984895e-06, 6.38886433535e-07, 4.28241179407e-07, 1.78900677383e-07, 1.17523022425e-07], "dvar": [2.85167250924e-10, 3.64642396278e-08, 2.30303413673e-07, 7.43576833884e-07, 5.81048789172e-06, 1.87982357147e-06, 1.32843899792e-06, 5.37962841918e-06, 2.85374608211e-06, 1.35125640099e-06, 2.1245998596e-06, 4.17131559516e-06, 1.28249126874e-07, 1.76550845055e-08, 5.83209480709e-09, 2.79613554532e-09, 1.334574673e-09, 5.34521094053e-10, 5.35124611289e-10, 5.53078173537e-11, 1.54287194132e-10, 7.73736213988e-11, 2.73388273825e-11, 7.90447741983e-12, 5.76980173708e-12, 1.693858942e-11, 1.32629211433e-11], "dvar2": [7.37429395326e-10, 1.00228987776e-07, 3.73547692334e-07, 1.39735777793e-06, 1.30936205096e-05, 4.34068215327e-06, 2.80924859908e-06, 9.39553865464e-06, 5.26135409018e-06, 2.30413320423e-06, 3.59317527909e-06, 7.19310355635e-06, 2.66802061333e-07, 3.37307248799e-08, 8.89533335879e-09, 7.27564541947e-09, 2.90898793942e-09, 1.01973596234e-09, 9.16837661347e-10, 1.17073850614e-10, 3.61752433564e-10, 1.94151972277e-10, 7.1683180225e-11, 2.03730279175e-11, 1.51858074726e-11, 4.23798635074e-11, 3.31515162544e-11], "max": [0.000599041231908, 0.00522245513275, 0.0203497707844, 0.0267164856195, 0.0447219163179, 0.0594281628728, 0.0635552406311, 0.0795752778649, 0.0694183409214, 0.0433120653033, 0.0398700758815, 0.0945135578513, 0.00890766084194, 0.00367373623885, 0.0033291624859, 0.00100077700336, 0.00075885822298, 0.00059597712243, 0.000699204509147, 0.000165140329045, 0.000524795323145, 0.000253515056102, 0.000188452919247, 0.000125939317513, 0.000100775396277, 0.000242938811425, 0.000215712658246], "mean": [6.15428825768e-06, 0.000254813261563, 0.000568767078221, 0.00151689362247, 0.00447498587891, 0.00217986060306, 0.00129361671861, 0.00192756624892, 0.00279243802652, 0.00269506755285, 0.00233527971432, 0.00170705968048, 0.000215469364775, 0.000132424655021, 7.17880393495e-05, 5.1738723414e-05, 2.70751297649e-05, 1.72115833266e-05, 2.42010901275e-05, 5.6656963352e-06, 9.36439300858e-06, 4.45981413577e-06, 2.00896329261e-06, 5.64216293242e-07, 2.43419378876e-07, 6.99565489981e-08, 4.49591901486e-08], "median": [1.39655185194e-06, 7.484487287e-05, 0.000189283135114, 0.000446603749879, 0.00201131869107, 0.00077565794345, 0.000336647208314, 0.000246237963438, 0.000388303596992, 0.000150558713358, 9.78382013272e-05, 7.90567501099e-05, 4.01116085413e-05, 2.09532809095e-05, 1.36386188387e-05, 1.33994135467e-05, 8.77178354131e-06, 3.42662679031e-06, 5.06774949827e-06, 1.75873719854e-06, 1.6835695078e-06, 9.8766327028e-07, 5.15083797836e-07, 1.40251358971e-07, 4.79995847513e-08, 5.86720716456e-09, 4.59865212576e-09], "min": [1.58545363339e-24, 4.38486314683e-23, 1.43505442247e-23, 1.32539400028e-24, 2.33483563962e-23, 2.53527399381e-23, 2.6220100392e-23, 2.25995996017e-23, 4.03212588633e-23, 4.74452944598e-23, 8.16265554415e-23, 6.35352612033e-23, 9.27708628693e-23, 1.03775573471e-22, 1.47104888339e-22, 5.85854871892e-23, 1.66404465049e-22, 1.42387197204e-22, 2.06220420637e-22, 2.41876390817e-22, 4.18259050171e-22, 5.03502879962e-22, 7.13858080324e-22, 8.59806485954e-22, 1.13821274075e-21, 1.478913814e-21, 2.37260703814e-21], "var": [2.78546574695e-10, 1.71496736812e-07, 1.83864960945e-06, 4.96964230479e-06, 3.93727823393e-05, 1.49695788423e-05, 1.06003599285e-05, 3.32383060595e-05, 2.27100517805e-05, 2.92707227345e-05, 3.49611509591e-05, 4.98012632306e-05, 3.69502117792e-07, 8.72962644394e-08, 3.44302968358e-08, 6.68703270534e-09, 3.24015991815e-09, 1.55439994209e-09, 1.98587346567e-09, 1.37692635072e-10, 4.7492809685e-10, 1.13537047819e-10, 2.75771142033e-11, 5.0593977792e-12, 3.87048162617e-12, 8.49632083438e-12, 6.6416672509e-12]}, "erbbands": {"dmean": [0.000787100114394, 0.0298547986895, 0.228849083185, 0.616047024727, 3.09102654457, 4.25659418106, 3.78808879852, 6.16644382477, 3.69785380363, 10.6374101639, 8.34443473816, 16.1886920929, 11.2056264877, 14.6564645767, 19.0512943268, 20.067943573, 5.2204117775, 2.4840862751, 1.79425680637, 1.5093691349, 0.870023071766, 0.54338145256, 0.433404177427, 0.339876681566, 0.344344824553, 0.133274421096, 0.170767322183, 0.101915329695, 0.0712217241526, 0.0507048927248, 0.0302924644202, 0.0107260849327, 0.00491632893682, 0.00337488506921, 0.00140991772059, 0.000368949142285, 0.00022147227719, 7.04701378709e-05, 9.29767247726e-06, 4.90384763907e-06], "dmean2": [0.00133056542836, 0.0487622879446, 0.340618431568, 0.902072191238, 4.59053373337, 5.99070549011, 5.43030309677, 8.87571430206, 4.81175088882, 14.9921951294, 10.5693206787, 19.7209815979, 15.2421789169, 16.020357132, 23.5071392059, 24.8678760529, 6.67764663696, 3.21816921234, 2.13174676895, 2.23303198814, 1.40620064735, 0.78012907505, 0.617971241474, 0.449827671051, 0.476616591215, 0.188640117645, 0.252399981022, 0.155921384692, 0.110724329948, 0.080054782331, 0.0478320457041, 0.0174983292818, 0.00791585352272, 0.00572811998427, 0.00241265282966, 0.000627618806902, 0.000352275441401, 0.000111327884952, 1.43261086123e-05, 6.64681783746e-06], "dvar": [3.13387226925e-06, 0.00365409906954, 0.24086971581, 1.61305987835, 58.735004425, 69.0778121948, 61.5512390137, 214.909454346, 120.469306946, 1989.25146484, 846.570251465, 2335.3515625, 1458.80651855, 1755.62231445, 3590.55004883, 10492.3388672, 297.132080078, 44.7560005188, 26.2347335815, 13.7007131577, 3.48573708534, 2.82623505592, 1.45133638382, 1.20820236206, 0.627399384975, 0.139193281531, 0.230778768659, 0.332281380892, 0.093348801136, 0.0595168024302, 0.0267889741808, 0.00538108730689, 0.00164393451996, 0.00104475987609, 0.00016173037875, 5.67432252865e-05, 8.6743326392e-05, 1.00361394288e-05, 1.14025816345e-07, 4.50050663403e-09], "dvar2": [8.28608517622e-06, 0.00935361813754, 0.39618241787, 3.12660551071, 118.990524292, 157.578186035, 167.279876709, 505.990814209, 205.112426758, 3861.47875977, 1399.32519531, 4304.1640625, 2923.44799805, 2391.71313477, 6371.12744141, 17883.7734375, 581.465332031, 103.363647461, 34.5850257874, 27.574262619, 8.51823329926, 6.14284896851, 2.83442425728, 2.17271137238, 1.11744511127, 0.279312640429, 0.494048416615, 0.886985898018, 0.222612053156, 0.164976045489, 0.0699691846967, 0.014123599045, 0.00414731539786, 0.00275676744059, 0.000420629075961, 0.000143762212247, 0.000216857952182, 2.50947086897e-05, 2.85251246623e-07, 1.12256133278e-08], "max": [0.0504490211606, 1.82276153564, 21.7744979858, 35.7243080139, 178.213302612, 205.730316162, 255.474472046, 490.334869385, 463.968261719, 1448.37597656, 1360.08032227, 1990.22753906, 1668.97558594, 1488.42944336, 1606.71850586, 4803.55175781, 413.459686279, 147.145645142, 211.696990967, 78.7899169922, 34.8849906921, 43.6104469299, 34.9644775391, 28.2199707031, 16.9614086151, 11.1063585281, 9.023021698, 31.6175613403, 8.20289421082, 9.88168239594, 6.4084072113, 2.83770537376, 2.03342986107, 1.26247692108, 0.497487157583, 0.423567652702, 0.551114737988, 0.18745277822, 0.0199751965702, 0.00396263180301], "mean": [0.00202279165387, 0.0840922221541, 0.633374214172, 2.46833324432, 8.04052639008, 16.843793869, 17.6912651062, 21.6597480774, 16.4743175507, 38.2890319824, 31.1991615295, 81.9502792358, 65.577293396, 114.493553162, 68.9135437012, 87.2385177612, 15.5705661774, 6.78669261932, 5.54264163971, 3.80685424805, 2.01822543144, 1.26469755173, 1.1170668602, 0.956688642502, 1.1076271534, 0.32544156909, 0.47196367383, 0.211191534996, 0.157151013613, 0.114660732448, 0.0591320581734, 0.0170419942588, 0.00701727205887, 0.00362892216071, 0.00134523434099, 0.000312901684083, 0.000137970797368, 4.22623015766e-05, 1.58239545271e-05, 2.62412249867e-05], "median": [0.000850475626066, 0.0276769138873, 0.236385583878, 1.02686834335, 3.1294965744, 7.08021640778, 9.47172260284, 7.72833156586, 5.62818336487, 7.99608707428, 7.04552936554, 15.0855169296, 13.8400001526, 3.66143798828, 6.21446371078, 4.65678501129, 3.02921628952, 1.85643708706, 1.32667016983, 1.58598208427, 0.858879327774, 0.467245697975, 0.293245077133, 0.331020951271, 0.226440817118, 0.128745526075, 0.0927220582962, 0.0590359643102, 0.033103518188, 0.0264784805477, 0.0143701499328, 0.00509993266314, 0.00175114162266, 0.000773613341153, 0.000248391879722, 6.10175666225e-05, 1.51225322043e-05, 3.78244430976e-06, 1.00112865766e-05, 2.18646910071e-05], "min": [1.2377364423e-21, 9.28683993987e-21, 1.40638136319e-20, 1.11434096662e-20, 4.3565244106e-20, 7.79824522484e-20, 9.02256946665e-20, 3.00704554491e-19, 3.32404984847e-19, 5.03005221771e-19, 5.58238346018e-19, 1.01709714529e-18, 1.71018630048e-18, 3.5549641924e-18, 3.07085942724e-18, 2.69416613257e-18, 4.39700014158e-18, 3.89920408971e-18, 6.18681012404e-18, 7.78944402313e-18, 5.39791018946e-18, 8.87962505708e-18, 8.21290093975e-18, 9.50765201099e-18, 1.05495414136e-17, 1.30090306161e-17, 1.45991935267e-17, 1.82104192357e-17, 1.6390479613e-17, 2.6245496196e-17, 1.86637506073e-17, 1.73045737469e-17, 1.41762875124e-17, 1.11703454264e-17, 9.2663510186e-18, 5.29107485027e-18, 2.70085698975e-18, 1.09354228237e-18, 3.16993757005e-19, 3.71126795661e-20], "var": [1.02999783849e-05, 0.018749775365, 1.91177785397, 10.4962043762, 159.186553955, 591.936706543, 495.271331787, 1559.09179688, 1275.28076172, 11321.0654297, 5331.79150391, 18334.6582031, 23516.859375, 62170.1367188, 18196.2402344, 129094.265625, 1380.30664062, 153.949264526, 181.530014038, 45.90574646, 8.49157142639, 7.05765342712, 4.66332387924, 4.15469884872, 3.32375741005, 0.411947757006, 1.19087040424, 0.319741100073, 0.164033636451, 0.0613669268787, 0.0271780304611, 0.00368485203944, 0.00101197499316, 0.000669663655572, 0.000113694426545, 2.9330723919e-05, 4.34620560554e-05, 5.02261991642e-06, 5.72310767666e-08, 2.74361977581e-09]}, "gfcc": {"mean": [-171.257141113, 203.975036621, -127.27406311, -18.2569274902, -49.9815254211, -15.8580265045, -22.2534275055, -17.8440418243, -18.3200511932, -25.1752738953, -11.4280996323, -16.1490459442, -5.11996173859], "cov": [[19560.1816406, -3544.97290039, -3769.12597656, 2321.76611328, -3587.55395508, 497.706756592, 163.841140747, -498.091400146, 77.6496353149, 276.832336426, 348.806762695, 361.248016357, 601.761047363], [-3544.97290039, 2107.32714844, 721.452392578, -844.005065918, 1235.85742188, -343.359802246, -115.83706665, -62.4174118042, -117.437461853, -113.656234741, -7.34398555756, -56.1120872498, -169.198944092], [-3769.12597656, 721.452392578, 1472.64794922, -270.241912842, 541.383911133, -40.5451469421, -78.8005752563, 138.611953735, -58.6679801941, -196.289657593, -164.374893188, -63.9680633545, -74.1683197021], [2321.76611328, -844.005065918, -270.241912842, 783.096374512, -574.095214844, -10.9354572296, -7.13956308365, 16.0106010437, 95.532333374, 53.4112243652, -18.5900363922, 3.85701870918, 122.319412231], [-3587.55395508, 1235.85742188, 541.383911133, -574.095214844, 1131.37915039, -212.875564575, -110.48789978, 14.2359981537, -60.4889373779, -14.548579216, -1.58858597279, -34.5066261292, -145.059356689], [497.706756592, -343.359802246, -40.5451469421, -10.9354572296, -212.875564575, 346.915313721, 116.393806458, 20.9987297058, -46.2506752014, -71.399230957, -28.0526809692, 25.9067192078, 33.3582077026], [163.841140747, -115.83706665, -78.8005752563, -7.13956308365, -110.48789978, 116.393806458, 191.899703979, 63.4065971375, -20.6583595276, -51.2403450012, -24.9974861145, 14.9311103821, 42.2628860474], [-498.091400146, -62.4174118042, 138.611953735, 16.0106010437, 14.2359981537, 20.9987297058, 63.4065971375, 194.675216675, 84.6312255859, -14.7948179245, -74.9448928833, -64.5522613525, -1.93106973171], [77.6496353149, -117.437461853, -58.6679801941, 95.532333374, -60.4889373779, -46.2506752014, -20.6583595276, 84.6312255859, 210.452041626, 119.50806427, -28.9350528717, -92.6256713867, -35.3598213196], [276.832336426, -113.656234741, -196.289657593, 53.4112243652, -14.548579216, -71.399230957, -51.2403450012, -14.7948179245, 119.50806427, 203.320800781, 58.081199646, -39.4412879944, -46.7818069458], [348.806762695, -7.34398555756, -164.374893188, -18.5900363922, -1.58858597279, -28.0526809692, -24.9974861145, -74.9448928833, -28.9350528717, 58.081199646, 128.82572937, 72.0044326782, -20.4302806854], [361.248016357, -56.1120872498, -63.9680633545, 3.85701870918, -34.5066261292, 25.9067192078, 14.9311103821, -64.5522613525, -92.6256713867, -39.4412879944, 72.0044326782, 147.846954346, 47.0923309326], [601.761047363, -169.198944092, -74.1683197021, 122.319412231, -145.059356689, 33.3582077026, 42.2628860474, -1.93106973171, -35.3598213196, -46.7818069458, -20.4302806854, 47.0923309326, 127.377449036]], "icov": [[0.000474429514725, -0.000879879051354, 0.000941789825447, -0.000960464763921, 0.001449017087, -0.000810679455753, 0.000898097408935, -0.00035644962918, 0.00044993616757, -0.000466303812573, 0.000256810249994, -0.000761143804993, -0.000104066391941], [-0.000879879051354, 0.00406051101163, -0.00208394206129, 0.00304026855156, -0.00436425115913, 0.00324476603419, -0.00262972945347, 0.00257417280227, -0.00187950511463, 0.00302758393809, -0.0013946382096, 0.00288220914081, -0.000189871279872], [0.000941789825447, -0.00208394206129, 0.0031542731449, -0.00211079372093, 0.00269185355864, -0.00193026661873, 0.0027992175892, -0.00178442511242, 0.00125706836116, -0.000335083168466, 0.00193285511341, -0.00220598210581, 0.000612922012806], [-0.000960464763921, 0.00304026855156, -0.00211079372093, 0.00519563117996, -0.0025107585825, 0.00321760587394, -0.00151516124606, 0.00133820436895, -0.00197336846031, 0.00161858531646, -0.000582691689488, 0.00203474843875, -0.00162043317687], [0.001449017087, -0.00436425115913, 0.00269185355864, -0.0025107585825, 0.00769879901782, -0.00252887350507, 0.0038484162651, -0.00297430041246, 0.00292700738646, -0.00354039995, 0.00181206548586, -0.0035899784416, 0.000573746336158], [-0.000810679455753, 0.00324476603419, -0.00193026661873, 0.00321760587394, -0.00252887350507, 0.00706980749965, -0.00409957580268, 0.00200397986919, -0.000911817536689, 0.00260622613132, 9.7314674349e-05, 0.00160281639546, 0.00071247247979], [0.000898097408935, -0.00262972945347, 0.0027992175892, -0.00151516124606, 0.0038484162651, -0.00409957580268, 0.0111530330032, -0.00549097498879, 0.00247991317883, -0.000978856580332, 0.00112530973274, -0.00262751360424, -0.00149773282465], [-0.00035644962918, 0.00257417280227, -0.00178442511242, 0.00133820436895, -0.00297430041246, 0.00200397986919, -0.00549097498879, 0.0122266607359, -0.00632652640343, 0.00375770684332, 0.000838127103634, 0.00262703304179, -0.000338506681146], [0.00044993616757, -0.00187950511463, 0.00125706836116, -0.00197336846031, 0.00292700738646, -0.000911817536689, 0.00247991317883, -0.00632652640343, 0.0144152995199, -0.0087444903329, 0.00342371873558, 0.00114212662447, 0.00157511548605], [-0.000466303812573, 0.00302758393809, -0.000335083168466, 0.00161858531646, -0.00354039995, 0.00260622613132, -0.000978856580332, 0.00375770684332, -0.0087444903329, 0.0156964305788, -0.00809276476502, 0.0051154862158, 0.000290594121907], [0.000256810249994, -0.0013946382096, 0.00193285511341, -0.000582691689488, 0.00181206548586, 9.7314674349e-05, 0.00112530973274, 0.000838127103634, 0.00342371873558, -0.00809276476502, 0.0228157583624, -0.0129091478884, 0.00670694839209], [-0.000761143804993, 0.00288220914081, -0.00220598210581, 0.00203474843875, -0.0035899784416, 0.00160281639546, -0.00262751360424, 0.00262703304179, 0.00114212662447, 0.0051154862158, -0.0129091478884, 0.0194312613457, -0.00646913051605], [-0.000104066391941, -0.000189871279872, 0.000612922012806, -0.00162043317687, 0.000573746336158, 0.00071247247979, -0.00149773282465, -0.000338506681146, 0.00157511548605, 0.000290594121907, 0.00670694839209, -0.00646913051605, 0.0149730881676]]}, "melbands": {"dmean": [1.48770295709e-05, 9.08862930373e-05, 0.000178975242306, 0.000258966611, 0.000155894987984, 0.000128760366351, 5.89021983615e-05, 0.000123443736811, 6.57481796225e-05, 0.00010095549078, 5.3566738643e-05, 5.90213276155e-05, 5.56586492166e-05, 6.10887291259e-05, 2.28278750001e-05, 9.72711131908e-06, 4.5194865379e-06, 3.2225002542e-06, 1.67773339399e-06, 2.5706165161e-06, 7.5986002912e-07, 6.55063274735e-07, 5.02252078149e-07, 3.66774941085e-07, 2.72269204515e-07, 3.69425464442e-07, 9.77590133289e-08, 9.36226669523e-08, 9.54432266553e-08, 1.18344004818e-07, 4.79090722649e-08, 4.57198048309e-08, 3.52011610971e-08, 2.54773997455e-08, 2.19008313707e-08, 9.3498986331e-09, 5.87206328007e-09, 3.08698133722e-09, 3.83995368836e-09, 2.76378342434e-09], "dmean2": [2.5223576813e-05, 0.000137833048939, 0.000261489214608, 0.000377676507924, 0.000216876185732, 0.000185165801668, 7.84164658398e-05, 0.000170805695234, 8.26120449346e-05, 0.000123302001157, 7.33754422981e-05, 6.38360797893e-05, 6.97500945535e-05, 7.54962311476e-05, 2.86831564154e-05, 1.26445220303e-05, 5.92637297814e-06, 3.72533759219e-06, 2.29080455938e-06, 4.13964062318e-06, 1.21557241073e-06, 9.56376197792e-07, 7.52133814785e-07, 5.09267522375e-07, 3.61859662235e-07, 5.09067717758e-07, 1.35286228442e-07, 1.3651488473e-07, 1.40354671885e-07, 1.76898907966e-07, 7.6487488343e-08, 7.16120140964e-08, 5.69696538832e-08, 3.99061370615e-08, 3.49935085353e-08, 1.49920893477e-08, 9.70895808194e-09, 4.94618879188e-09, 6.3935816641e-09, 4.74502970249e-09], "dvar": [9.55227896782e-10, 3.57112277527e-08, 1.54846986788e-07, 3.13183477374e-07, 1.01405717601e-07, 9.10929713882e-08, 3.53076003989e-08, 2.8536641139e-07, 4.68056917668e-08, 8.61063185198e-08, 3.58479077534e-08, 2.76533160815e-08, 2.90794250901e-08, 6.1023420983e-08, 1.12696190158e-08, 1.6828340943e-09, 1.71117064962e-10, 9.26816540181e-11, 2.03157907164e-11, 3.00155074406e-11, 3.0532226053e-12, 4.37916239729e-12, 2.4227724861e-12, 1.81402007131e-12, 9.48728292108e-13, 1.01705297829e-12, 7.39468504333e-14, 7.06337589871e-14, 7.31612985255e-14, 1.39364580531e-13, 1.77546901335e-13, 3.93071534523e-14, 2.88757089257e-14, 1.64453886164e-14, 1.4303735266e-14, 3.16770014658e-15, 1.54043222321e-15, 6.92351972652e-16, 1.09485212949e-15, 8.89360983574e-16], "dvar2": [2.59298649219e-09, 6.4063527816e-08, 3.02863810475e-07, 6.75933051753e-07, 2.71751076752e-07, 2.12575429259e-07, 6.2191027439e-08, 5.32771252892e-07, 7.66682646258e-08, 1.61705941082e-07, 7.2028349507e-08, 3.67186387962e-08, 5.24749665942e-08, 1.08876754723e-07, 1.85434778643e-08, 3.44221851023e-09, 4.12974626718e-10, 1.18464113519e-10, 3.5283807126e-11, 7.33365659866e-11, 6.98891639006e-12, 9.73354816886e-12, 5.06511456042e-12, 3.17957899593e-12, 1.71959831357e-12, 1.834846294e-12, 1.23079199827e-13, 1.47772080488e-13, 1.59359504759e-13, 2.98946793969e-13, 5.0120666081e-13, 9.29752016479e-14, 7.94909182423e-14, 4.4839542371e-14, 3.86618193785e-14, 8.2193697039e-15, 3.9991898275e-15, 1.73932413543e-15, 2.80015433956e-15, 2.3857186944e-15], "max": [0.000984734506346, 0.00809693336487, 0.00943109765649, 0.0103631149977, 0.00775503367186, 0.0110376281664, 0.00996238552034, 0.0183013305068, 0.0088968789205, 0.0108547378331, 0.00834282767028, 0.00629824679345, 0.00425622798502, 0.0108321141452, 0.00503034563735, 0.00118888658471, 0.000330933864461, 0.000316199788358, 0.000138464951306, 8.8898181275e-05, 3.59994010068e-05, 5.33474594704e-05, 5.10710451636e-05, 4.15209469793e-05, 2.66189053946e-05, 2.77578728856e-05, 9.66075094766e-06, 7.45526494939e-06, 4.63574906462e-06, 7.90940430306e-06, 2.44896018557e-05, 5.86938176639e-06, 6.70940107739e-06, 4.81022652821e-06, 5.05814932694e-06, 2.00711406251e-06, 1.61566788393e-06, 1.39581572967e-06, 1.42765986766e-06, 1.3872584077e-06], "mean": [4.23959390901e-05, 0.000246826326475, 0.000637036864646, 0.000853631237987, 0.000751885585487, 0.000451467261882, 0.000257753476035, 0.000443247146904, 0.000240383436903, 0.000518066983204, 0.000304594810586, 0.000450117106084, 0.000222834976739, 0.000240241774009, 9.5176139439e-05, 2.31384001381e-05, 1.1704476492e-05, 9.92142486211e-06, 4.20777496402e-06, 5.88122020417e-06, 1.5935479496e-06, 1.37176448334e-06, 1.18876232591e-06, 8.71349357112e-07, 6.78133801557e-07, 1.18961963835e-06, 2.603554492e-07, 1.9252597383e-07, 2.3296425411e-07, 3.10320984909e-07, 7.51577147184e-08, 9.17442264381e-08, 7.70682717643e-08, 5.46280034541e-08, 4.00131625611e-08, 1.40294655893e-08, 8.88177353886e-09, 4.60525040324e-09, 4.43534853289e-09, 2.73032174647e-09], "median": [1.36304115586e-05, 8.9082896011e-05, 0.000261665903963, 0.000389134482248, 0.00039377543726, 0.000155326590175, 7.74650470703e-05, 8.85183981154e-05, 3.63255057891e-05, 7.83554351074e-05, 3.22834093822e-05, 8.56501355884e-06, 1.54854751599e-05, 1.50077466969e-05, 5.07190179633e-06, 3.97390112994e-06, 1.94513222596e-06, 1.70119710674e-06, 9.16434430565e-07, 1.59221281137e-06, 6.40927055429e-07, 4.21548037366e-07, 2.80551887499e-07, 1.64749110354e-07, 1.12782743145e-07, 1.35313740657e-07, 6.79201832554e-08, 5.08368600549e-08, 4.91086353804e-08, 4.04043873914e-08, 1.78613728252e-08, 1.5515579932e-08, 1.45622642833e-08, 1.058355803e-08, 8.26694268596e-09, 4.32631663827e-09, 2.0397961098e-09, 1.20693621763e-09, 8.32560131947e-10, 5.31455102148e-10], "min": [1.33477663301e-23, 9.9845051923e-24, 3.04166956518e-24, 4.44797919788e-24, 3.51895940348e-24, 6.18475903265e-24, 5.14368549096e-24, 5.30535937804e-24, 5.45946532803e-24, 6.74178357858e-24, 7.93266614491e-24, 1.48128672022e-23, 1.06619915595e-23, 6.15417095105e-24, 1.01585484184e-23, 6.09712368582e-24, 7.49735534246e-24, 9.60529028883e-24, 1.24011837309e-23, 5.11534921281e-24, 7.53105863578e-24, 8.24713134528e-24, 8.78763832715e-24, 4.82675352254e-24, 8.02136014306e-24, 7.28777077717e-24, 7.77344009321e-24, 8.63208757841e-24, 8.2154996007e-24, 8.57852550067e-24, 1.17026931532e-23, 8.65950522804e-24, 1.06359402169e-23, 1.4658657517e-23, 9.32763570488e-24, 1.21026274884e-23, 1.02746979315e-23, 8.65705975923e-24, 1.18526145906e-23, 8.67937663424e-24], "var": [4.68789629338e-09, 2.62805997409e-07, 7.50709205022e-07, 1.42189685448e-06, 9.4508766324e-07, 6.91777643169e-07, 3.6747965737e-07, 1.66409051872e-06, 3.07542450173e-07, 7.08618870249e-07, 5.79090340125e-07, 9.62861690823e-07, 2.28854645457e-07, 6.58664021103e-07, 1.47236903558e-07, 4.72292915887e-09, 6.05348215998e-10, 6.34130692401e-10, 8.97484031537e-11, 8.08445949074e-11, 6.82198394997e-12, 9.42325991543e-12, 7.39498393076e-12, 5.26901786091e-12, 3.24203316103e-12, 4.56732134752e-12, 3.20060980757e-13, 1.66198746931e-13, 2.52682098335e-13, 5.82826267716e-13, 1.22643797787e-13, 6.04479641797e-14, 4.12066180602e-14, 1.93297780533e-14, 1.45685262356e-14, 2.47072861505e-15, 1.07672700085e-15, 4.13527334671e-16, 7.01234701291e-16, 5.9520475808e-16]}, "mfcc": {"mean": [-789.839294434, 205.78729248, 2.76779603958, 1.68012440205, -13.5965900421, -1.0672185421, -6.95568752289, 0.195433959365, -6.72088527679, -6.49901437759, -10.2020196915, -9.71744155884, -6.7923374176], "cov": [[10245.8203125, 745.964233398, -2608.52734375, 293.519104004, -1320.49841309, -152.640808105, -382.148254395, 63.678768158, -370.63470459, -134.939102173, -267.752166748, -71.9443664551, 320.504882812], [745.964233398, 1124.19958496, -293.018737793, -152.05847168, 254.528915405, -84.9983062744, -35.9817047119, -89.6518096924, -164.478179932, -156.625732422, 4.12186384201, 54.9985160828, 50.8572349548], [-2608.52734375, -293.018737793, 1167.66320801, 115.182899475, 216.762069702, 74.9800872803, 116.339988708, 77.7817001343, 173.699768066, 41.5898284912, -17.9657020569, -74.0119781494, -152.543243408], [293.519104004, -152.05847168, 115.182899475, 439.004974365, -15.1208982468, -70.7786178589, -89.3582000732, -14.0761060715, 70.7000045776, 82.9914703369, -7.01091003418, -26.8384895325, -13.4790287018], [-1320.49841309, 254.528915405, 216.762069702, -15.1208982468, 530.933166504, 2.62827467918, -15.1725616455, -104.846153259, -39.6547660828, -50.5933036804, 78.8968353271, 78.6361160278, -19.083147049], [-152.640808105, -84.9983062744, 74.9800872803, -70.7786178589, 2.62827467918, 169.011535645, 75.267250061, 24.2498283386, 8.4661397934, -16.744966507, -20.9086837769, -28.1898021698, -27.9206924438], [-382.148254395, -35.9817047119, 116.339988708, -89.3582000732, -15.1725616455, 75.267250061, 214.711456299, 128.328094482, 12.7269105911, -62.0662841797, -68.7074890137, -51.0793266296, -24.3638877869], [63.678768158, -89.6518096924, 77.7817001343, -14.0761060715, -104.846153259, 24.2498283386, 128.328094482, 229.427352905, 72.9460830688, -38.6706161499, -100.916809082, -89.2722320557, -8.27590942383], [-370.63470459, -164.478179932, 173.699768066, 70.7000045776, -39.6547660828, 8.4661397934, 12.7269105911, 72.9460830688, 194.537475586, 128.490982056, -4.13937568665, -26.2315559387, -30.7097396851], [-134.939102173, -156.625732422, 41.5898284912, 82.9914703369, -50.5933036804, -16.744966507, -62.0662841797, -38.6706161499, 128.490982056, 229.820510864, 95.3925628662, 11.5476760864, -4.8762087822], [-267.752166748, 4.12186384201, -17.9657020569, -7.01091003418, 78.8968353271, -20.9086837769, -68.7074890137, -100.916809082, -4.13937568665, 95.3925628662, 180.778167725, 97.3884353638, 14.2867851257], [-71.9443664551, 54.9985160828, -74.0119781494, -26.8384895325, 78.6361160278, -28.1898021698, -51.0793266296, -89.2722320557, -26.2315559387, 11.5476760864, 97.3884353638, 138.629699707, 42.9294242859], [320.504882812, 50.8572349548, -152.543243408, -13.4790287018, -19.083147049, -27.9206924438, -24.3638877869, -8.27590942383, -30.7097396851, -4.8762087822, 14.2867851257, 42.9294242859, 91.6629562378]], "icov": [[0.000862466869876, -0.000790387799498, 0.0014036615612, -0.00126239226665, 0.00175457331352, -0.00130937423091, 0.00146347621921, -0.00135152589064, 0.00125528802164, -0.000412379537011, 0.000944031402469, -0.000860561907757, 0.000461095245555], [-0.000790387799498, 0.00208635488525, -0.000929222733248, 0.0015438455157, -0.002363397507, 0.00198906101286, -0.00139609724283, 0.00157449487597, -0.00113016634714, 0.000978860189207, -0.000829521508422, 0.00129218318034, -0.000630840891972], [0.0014036615612, -0.000929222733248, 0.00384944793768, -0.00233141658828, 0.00206584297121, -0.00206393329427, 0.00169811991509, -0.00197495962493, 0.000673908391036, 3.21964616887e-05, 0.0010779381264, -0.000851558230352, 0.00220365030691], [-0.00126239226665, 0.0015438455157, -0.00233141658828, 0.00500195939094, -0.00282432907261, 0.00311805889942, -0.000860355619807, 0.00203944114037, -0.00205030012876, -0.000126729035401, -0.000469649297884, 0.00187956518494, -0.00077039009193], [0.00175457331352, -0.002363397507, 0.00206584297121, -0.00282432907261, 0.00678213359788, -0.00296176830307, 0.0026259648148, -0.00142651528586, 0.00170450552832, 0.000810745812487, 0.000446247810032, -0.00233883201145, 0.000917907105759], [-0.00130937423091, 0.00198906101286, -0.00206393329427, 0.00311805889942, -0.00296176830307, 0.0102406488732, -0.00500886235386, 0.00399677362293, -0.00290692108683, 0.00144968787208, -0.00176692020614, 0.00310864346102, -4.65918092232e-05], [0.00146347621921, -0.00139609724283, 0.00169811991509, -0.000860355619807, 0.0026259648148, -0.00500886235386, 0.0124333482236, -0.00818591099232, 0.00435555446893, -0.00140838278458, 0.00308709708042, -0.00308123556897, 0.00228981603868], [-0.00135152589064, 0.00157449487597, -0.00197495962493, 0.00203944114037, -0.00142651528586, 0.00399677362293, -0.00818591099232, 0.0157005563378, -0.0105361333117, 0.00707652280107, -0.00338555895723, 0.00821184925735, -0.00544419838116], [0.00125528802164, -0.00113016634714, 0.000673908391036, -0.00205030012876, 0.00170450552832, -0.00290692108683, 0.00435555446893, -0.0105361333117, 0.0200244430453, -0.0140413073823, 0.00849869567901, -0.00831794459373, 0.00526651274413], [-0.000412379537011, 0.000978860189207, 3.21964616887e-05, -0.000126729035401, 0.000810745812487, 0.00144968787208, -0.00140838278458, 0.00707652280107, -0.0140413073823, 0.0179941710085, -0.0114246634766, 0.008400561288, -0.00409196456894], [0.000944031402469, -0.000829521508422, 0.0010779381264, -0.000469649297884, 0.000446247810032, -0.00176692020614, 0.00308709708042, -0.00338555895723, 0.00849869567901, -0.0114246634766, 0.0181722324342, -0.011755191721, 0.00386638217606], [-0.000860561907757, 0.00129218318034, -0.000851558230352, 0.00187956518494, -0.00233883201145, 0.00310864346102, -0.00308123556897, 0.00821184925735, -0.00831794459373, 0.008400561288, -0.011755191721, 0.0209852810949, -0.00880219973624], [0.000461095245555, -0.000630840891972, 0.00220365030691, -0.00077039009193, 0.000917907105759, -4.65918092232e-05, 0.00228981603868, -0.00544419838116, 0.00526651274413, -0.00409196456894, 0.00386638217606, -0.00880219973624, 0.0185618214309]]}, "spectral_contrast_coeffs": {"dmean": [0.0346780382097, 0.0281056258827, 0.0233756806701, 0.0225912984461, 0.018560891971, 0.0223060864955], "dmean2": [0.0578448735178, 0.0449391938746, 0.0354995168746, 0.0352784320712, 0.0291654616594, 0.0369563996792], "dvar": [0.00102490792051, 0.000875595840625, 0.000656192831229, 0.000521352048963, 0.0003339140967, 0.000565648893826], "dvar2": [0.00278445333242, 0.00218837265857, 0.00138935097493, 0.00123304722365, 0.000747980724555, 0.00144593464211], "max": [-0.285766541958, -0.336200743914, -0.350509405136, -0.492118954659, -0.585590183735, -0.551905155182], "mean": [-0.533245027065, -0.644024789333, -0.607846915722, -0.701978564262, -0.729860067368, -0.785157084465], "median": [-0.52724134922, -0.647720336914, -0.607051134109, -0.703720808029, -0.724068105221, -0.763219356537], "min": [-0.966576516628, -0.988976597786, -0.978736281395, -0.982317507267, -0.959956288338, -0.963002920151], "var": [0.00602424982935, 0.00656537339091, 0.0115676205605, 0.00426252745092, 0.00226990994997, 0.00561502994969]}, "spectral_contrast_valleys": {"dmean": [0.358294546604, 0.250433802605, 0.237759888172, 0.243345886469, 0.238390922546, 0.412700682878], "dmean2": [0.602563261986, 0.395586550236, 0.364507853985, 0.379721432924, 0.36412397027, 0.691907346249], "dvar": [0.136739596725,