{"lowlevel": {"average_loudness": 0.887848317623, "barkbands_crest": {"dmean": 2.13576602936, "dmean2": 3.3599216938, "dvar": 4.13254785538, "dvar2": 9.12277698517, "max": 24.7749786377, "mean": 13.5434322357, "median": 13.4101705551, "min": 3.34641742706, "var": 20.4892845154}, "barkbands_flatness_db": {"dmean": 0.0207327138633, "dmean2": 0.0303487982601, "dvar": 0.000464561249828, "dvar2": 0.000846482755151, "max": 0.373505175114, "mean": 0.210270643234, "median": 0.215368077159, "min": 0.0112689193338, "var": 0.0036936996039}, "barkbands_kurtosis": {"dmean": 3.86772680283, "dmean2": 5.81922578812, "dvar": 19.9221973419, "dvar2": 44.4965286255, "max": 74.3898391724, "mean": 10.3412704468, "median": 7.97721481323, "min": -1.51300299168, "var": 77.0409240723}, "barkbands_skewness": {"dmean": 0.502292871475, "dmean2": 0.753464639187, "dvar": 0.237012133002, "dvar2": 0.481205135584, "max": 7.36015224457, "mean": 2.42254710197, "median": 2.47763371468, "min": -2.18683362007, "var": 2.10012459755}, "barkbands_spread": {"dmean": 2.01866388321, "dmean2": 3.08402252197, "dvar": 5.51664113998, "dvar2": 11.4223394394, "max": 68.7849273682, "mean": 8.62369537354, "median": 6.36229133606, "min": 1.37893760204, "var": 46.4409103394}, "dissonance": {"dmean": 0.0230582505465, "dmean2": 0.0385567322373, "dvar": 0.000407760380767, "dvar2": 0.00115654012188, "max": 0.499786168337, "mean": 0.446919709444, "median": 0.449466526508, "min": 0.314180523157, "var": 0.000839568616357}, "dynamic_complexity": 3.51589202881, "erbbands_crest": {"dmean": 2.01831936836, "dmean2": 3.09268593788, "dvar": 3.81394648552, "dvar2": 8.61738109589, "max": 27.1667995453, "mean": 10.1607036591, "median": 9.42604827881, "min": 2.75266695023, "var": 19.368183136}, "erbbands_flatness_db": {"dmean": 0.01909952797, "dmean2": 0.0265935119241, "dvar": 0.000510205398314, "dvar2": 0.000841906119604, "max": 0.365719586611, "mean": 0.220963999629, "median": 0.223127514124, "min": 0.0601403266191, "var": 0.00330540514551}, "erbbands_kurtosis": {"dmean": 0.936298072338, "dmean2": 1.44695532322, "dvar": 0.966417312622, "dvar2": 2.27038002014, "max": 11.0331945419, "mean": 1.14150238037, "median": 0.722952365875, "min": -1.49485063553, "var": 2.69774365425}, "erbbands_skewness": {"dmean": 0.292818337679, "dmean2": 0.435115844011, "dvar": 0.0681591629982, "dvar2": 0.14609862864, "max": 3.24793934822, "mean": 0.963180840015, "median": 0.989317893982, "min": -1.21840965748, "var": 0.44082659483}, "erbbands_spread": {"dmean": 4.81587266922, "dmean2": 7.62525463104, "dvar": 31.5473842621, "dvar2": 79.4466018677, "max": 67.6610794067, "mean": 25.0823783875, "median": 22.84674263, "min": 4.96244096756, "var": 93.341506958}, "hfc": {"dmean": 3.58297634125, "dmean2": 5.64632844925, "dvar": 40.5214614868, "dvar2": 98.2987442017, "max": 65.2211532593, "mean": 9.90850925446, "median": 7.79103565216, "min": 1.07031870691e-16, "var": 74.012046814}, "melbands_crest": {"dmean": 2.2574224472, "dmean2": 3.70787024498, "dvar": 4.66439342499, "dvar2": 10.7842407227, "max": 31.2509994507, "mean": 14.4071130753, "median": 14.3497829437, "min": 1.2928661108, "var": 26.3874607086}, "melbands_flatness_db": {"dmean": 0.0208396464586, "dmean2": 0.03077718243, "dvar": 0.000481504539493, "dvar2": 0.000956967298407, "max": 0.461883634329, "mean": 0.276594460011, "median": 0.292110383511, "min": 0.000889330403879, "var": 0.00696873944253}, "melbands_kurtosis": {"dmean": 5.21820163727, "dmean2": 8.19408798218, "dvar": 34.370349884, "dvar2": 77.613861084, "max": 77.6882171631, "mean": 14.6302995682, "median": 12.2750663757, "min": -1.40922725201, "var": 131.418655396}, "melbands_skewness": {"dmean": 0.535391449928, "dmean2": 0.846432626247, "dvar": 0.276991605759, "dvar2": 0.62843477726, "max": 7.07809972763, "mean": 2.79345774651, "median": 2.78257894516, "min": -1.04782390594, "var": 1.53864979744}, "melbands_spread": {"dmean": 2.45531916618, "dmean2": 3.82557368279, "dvar": 18.1505489349, "dvar2": 42.6298484802, "max": 156.828613281, "mean": 14.364774704, "median": 7.01711177826, "min": 1.39591550827, "var": 721.426391602}, "pitch_salience": {"dmean": 0.0699174627662, "dmean2": 0.112227074802, "dvar": 0.00383795052767, "dvar2": 0.00908473785967, "max": 0.978607058525, "mean": 0.56367623806, "median": 0.564879059792, "min": 0.226054877043, "var": 0.014670743607}, "silence_rate_20dB": {"dmean": 0, "dmean2": 0, "dvar": 0, "dvar2": 0, "max": 1, "mean": 1, "median": 1, "min": 1, "var": 0}, "silence_rate_30dB": {"dmean": 0.00132538110483, "dmean2": 0.00265164067969, "dvar": 0.00132360053249, "dvar2": 0.00397033197805, "max": 1, "mean": 0.999337553978, "median": 1, "min": 0, "var": 0.000662041536998}, "silence_rate_60dB": {"dmean": 0.00265076220967, "dmean2": 0.00530328135937, "dvar": 0.0026437221095, "dvar2": 0.0052750306204, "max": 1, "mean": 0.0857899934053, "median": 0, "min": 0, "var": 0.0784324854612}, "spectral_centroid": {"dmean": 99.9828491211, "dmean2": 159.811004639, "dvar": 55803.3515625, "dvar2": 104077.851562, "max": 11716.0683594, "mean": 1058.40844727, "median": 492.452819824, "min": 277.37789917, "var": 4865015}, "spectral_complexity": {"dmean": 2.44665336609, "dmean2": 3.98143839836, "dvar": 8.40299320221, "dvar2": 20.0057430267, "max": 36, "mean": 12.0089435577, "median": 12, "min": 0, "var": 29.8172454834}, "spectral_decrease": {"dmean": 2.13681405903e-09, "dmean2": 3.50861673049e-09, "dvar": 1.41650411648e-17, "dvar2": 3.69620792897e-17, "max": 1.84574048078e-28, "mean": -5.88543036528e-09, "median": -4.65716798459e-09, "min": -3.77989053391e-08, "var": 2.56944731397e-17}, "spectral_energy": {"dmean": 0.0083749582991, "dmean2": 0.0137322237715, "dvar": 0.000217234046431, "dvar2": 0.000565462105442, "max": 0.148011639714, "mean": 0.0231116600335, "median": 0.0182303600013, "min": 1.00966117933e-20, "var": 0.000394298374886}, "spectral_energyband_high": {"dmean": 6.91703971825e-05, "dmean2": 0.000113494068501, "dvar": 1.80582286902e-08, "dvar2": 4.68663614583e-08, "max": 0.000834043254144, "mean": 7.49630853534e-05, "median": 2.08099227166e-05, "min": 6.85770936442e-21, "var": 1.60861191034e-08}, "spectral_energyband_low": {"dmean": 0.00164567970205, "dmean2": 0.00298219174147, "dvar": 1.64120792761e-05, "dvar2": 4.6267909056e-05, "max": 0.0368349812925, "mean": 0.00155122345313, "median": 0.000627496745437, "min": 1.63038143131e-23, "var": 1.07821497295e-05}, "spectral_energyband_middle_high": {"dmean": 0.00101123284549, "dmean2": 0.0015515035484, "dvar": 5.37109963261e-06, "dvar2": 1.22546625789e-05, "max": 0.0319121517241, "mean": 0.00234006764367, "median": 0.00140384375118, "min": 1.18476497525e-21, "var": 9.52944265009e-06}, "spectral_energyband_middle_low": {"dmean": 0.00686970679089, "dmean2": 0.0112211946398, "dvar": 0.000127046208945, "dvar2": 0.000330055132508, "max": 0.123833417892, "mean": 0.0199912469834, "median": 0.0161503888667, "min": 1.42702691079e-22, "var": 0.000286445167148}, "spectral_entropy": {"dmean": 0.164895743132, "dmean2": 0.251095801592, "dvar": 0.0355047099292, "dvar2": 0.071738883853, "max": 9.82005405426, "mean": 6.95988798141, "median": 6.79138851166, "min": 5.82286787033, "var": 0.562222659588}, "spectral_flux": {"dmean": 0.0249263551086, "dmean2": 0.0380309820175, "dvar": 0.00131413736381, "dvar2": 0.00271183857694, "max": 0.308109253645, "mean": 0.0586417615414, "median": 0.0471698753536, "min": 6.39402628066e-11, "var": 0.00210504722781}, "spectral_kurtosis": {"dmean": 5.75377035141, "dmean2": 9.84854984283, "dvar": 42.0430793762, "dvar2": 114.572547913, "max": 66.895362854, "mean": 12.9956121445, "median": 11.8366012573, "min": -1.25617456436, "var": 85.1159133911}, "spectral_rms": {"dmean": 0.000745147408452, "dmean2": 0.00118052994367, "dvar": 1.10474650228e-06, "dvar2": 2.7233597848e-06, "max": 0.0120167210698, "mean": 0.0042774612084, "median": 0.00421731173992, "min": 3.13852719855e-12, "var": 4.25127745984e-06}, "spectral_rolloff": {"dmean": 159.129104614, "dmean2": 265.899658203, "dvar": 167475.671875, "dvar2": 318158.6875, "max": 19573.6816406, "mean": 1508.1282959, "median": 538.330078125, "min": 258.3984375, "var": 14994133}, "spectral_skewness": {"dmean": 0.494543552399, "dmean2": 0.822127580643, "dvar": 0.262298196554, "dvar2": 0.702884912491, "max": 6.41337680817, "mean": 2.44598436356, "median": 2.5355618, "min": -0.102849550545, "var": 0.91799980402}, "spectral_spread": {"dmean": 478672.375, "dmean2": 721944, "dvar": 916190330880, "dvar2": 1696380878850.0, "max": 42651348, "mean": 4538593, "median": 2603421.75, "min": 1041687.0625, "var": 63379221774300.0}, "spectral_strongpeak": {"dmean": 0.293182969093, "dmean2": 0.486478805542, "dvar": 0.15394718945, "dvar2": 0.354893326759, "max": 6.12266588211, "mean": 1.00958061218, "median": 0.943595647812, "min": 0, "var": 0.449883282185}, "zerocrossingrate": {"dmean": 0.00567606743425, "dmean2": 0.00746890669689, "dvar": 0.000110637272883, "dvar2": 0.000211640333873, "max": 0.5234375, "mean": 0.0538005381823, "median": 0.02685546875, "min": 0.01123046875, "var": 0.0104903355241}, "barkbands": {"dmean": [6.00465273237e-06, 0.000498858513311, 0.000547551666386, 0.00156505301129, 0.00372458645143, 0.00224085361697, 0.000541087705642, 0.000406638602726, 0.000394513743231, 0.000359179655788, 0.000547916337382, 0.000119475545944, 7.44078060961e-05, 7.42233896744e-05, 8.69703289936e-05, 6.49231369607e-05, 6.60932782921e-05, 5.21113252034e-05, 4.6727102017e-05, 2.62663579633e-05, 2.18165041588e-05, 1.08947460831e-05, 2.38203256231e-06, 4.38351116827e-06, 2.31030776376e-06, 2.2665673896e-05, 7.74787167757e-07], "dmean2": [8.98184043763e-06, 0.000925067986827, 0.00101092760451, 0.00281095714308, 0.00616208324209, 0.00366592570208, 0.000791881757323, 0.000605685461778, 0.000590724870563, 0.000591960735619, 0.00081888877321, 0.00019429626991, 0.000123872683616, 0.000123785110191, 0.000143177850987, 0.000104136306618, 0.000110929431685, 8.93821343197e-05, 7.95487940195e-05, 4.63649193989e-05, 3.90217537642e-05, 1.98547568289e-05, 4.21360073233e-06, 6.87121018927e-06, 3.29343811245e-06, 3.41150043823e-05, 1.17517447507e-06], "dvar": [2.38638026007e-10, 2.65796120402e-06, 2.26501788347e-06, 8.30549743114e-06, 4.04019192501e-05, 1.60863928613e-05, 9.91594220068e-07, 6.84164433551e-07, 5.73946408622e-07, 6.55276437556e-07, 1.33806679514e-06, 8.60098694488e-08, 1.51655008551e-08, 1.98181382416e-08, 2.42413236151e-08, 2.72133711121e-08, 9.05204444734e-08, 1.68869558337e-08, 1.19826246703e-08, 4.8718380441e-09, 4.27323954e-09, 1.04896280551e-09, 2.17666336344e-11, 6.37129515813e-11, 2.51286907949e-11, 3.77410946939e-09, 4.41522512995e-12], "dvar2": [5.12570930145e-10, 7.51442803448e-06, 6.52939070278e-06, 2.38596039708e-05, 9.65453582467e-05, 4.241413626e-05, 2.23542065214e-06, 1.36514802307e-06, 1.15207399176e-06, 1.80138067662e-06, 2.42486089519e-06, 2.2127022703e-07, 3.93433339241e-08, 4.83248889793e-08, 5.73964520356e-08, 6.38871782144e-08, 1.9675889007e-07, 4.59117686091e-08, 3.07979313163e-08, 1.32474626824e-08, 1.17870380123e-08, 2.96847013637e-09, 6.11974360076e-11, 1.28602531402e-10, 5.86183115936e-11, 8.50837356126e-09, 1.04923838715e-11], "max": [0.00011692255066, 0.0165567062795, 0.0164099037647, 0.0257425885648, 0.0900914743543, 0.0502644553781, 0.0159492865205, 0.0204655490816, 0.0164149068296, 0.00815615989268, 0.0218685586005, 0.00481797847897, 0.0021711406298, 0.00232768966816, 0.00272811274044, 0.00289462949149, 0.00805407110602, 0.00208930391818, 0.00109332439024, 0.000821057939902, 0.00047901328071, 0.000237882035435, 6.33487434243e-05, 8.42480003485e-05, 4.39182040282e-05, 0.000431590306107, 1.47706086864e-05], "mean": [5.82159145779e-06, 0.000327977380948, 0.000504465948325, 0.00169668893795, 0.00944702140987, 0.00585088832304, 0.00108892447315, 0.000891757837962, 0.000745098746847, 0.000464836892206, 0.00113282795064, 0.000164183205925, 0.000116580202302, 0.000115836788609, 0.00014488393208, 0.000110410910565, 9.05705237528e-05, 6.3051993493e-05, 5.66840499232e-05, 2.76250284514e-05, 1.87336936506e-05, 9.59570297709e-06, 3.86154488297e-06, 9.18705609365e-06, 3.21468928632e-06, 2.03035779123e-05, 6.69557550736e-07], "median": [1.12444183742e-07, 2.85562564386e-05, 0.000204305411899, 0.000949380220845, 0.0058678840287, 0.00234291702509, 0.000687560532242, 0.000367029046174, 0.000394372094888, 0.000252938334597, 0.000322929525282, 8.05546515039e-05, 6.96734277881e-05, 6.45614200039e-05, 8.72564851306e-05, 6.15155513515e-05, 4.57485330116e-05, 2.81493030343e-05, 2.21737464017e-05, 9.05028446141e-06, 3.06207766698e-06, 1.64311040862e-06, 1.5414484551e-06, 2.56066073234e-06, 3.45607304553e-07, 1.20566838291e-07, 7.23115034518e-09], "min": [2.57890857261e-25, 2.52917799228e-24, 3.2199707173e-25, 7.48855895173e-25, 8.35925056801e-24, 1.13533713449e-23, 3.40947694832e-24, 8.0239160524e-24, 1.38001070617e-23, 1.20521112026e-23, 1.67926130403e-23, 2.50975402798e-23, 2.4575289117e-23, 2.68794256034e-23, 3.56087647431e-23, 4.30983837267e-23, 7.34247875426e-23, 7.63265650508e-23, 9.74859349869e-23, 1.55000515098e-22, 2.67505307802e-22, 2.95876810166e-22, 3.38580286968e-22, 5.49109137703e-22, 8.56618932539e-22, 1.28938625809e-21, 1.85471038753e-21], "var": [2.68653682634e-10, 1.57777503773e-06, 1.37883830575e-06, 6.75524688631e-06, 0.000116561248433, 5.78440558456e-05, 1.85555791177e-06, 2.38849929701e-06, 1.23912604977e-06, 5.67112124372e-07, 3.93347636418e-06, 9.40247986136e-08, 2.31055992117e-08, 2.91820736464e-08, 3.93912067409e-08, 3.89534946521e-08, 9.24115610701e-08, 1.36624951352e-08, 1.17666871802e-08, 3.67667474244e-09, 2.86533641258e-09, 6.83429590698e-10, 5.24238916166e-11, 1.6856929741e-10, 4.116508176e-11, 3.83796594505e-09, 4.14802046877e-12]}, "erbbands": {"dmean": [0.00911795720458, 0.133282318711, 0.557987391949, 2.9837937355, 7.89093542099, 14.7394218445, 19.275800705, 19.4532165527, 9.2355260849, 7.90066480637, 8.50268268585, 10.4396295547, 11.1265087128, 10.5604352951, 18.4921741486, 4.9257478714, 3.50682973862, 4.2648229599, 3.19520139694, 5.33814764023, 3.20389294624, 3.82167959213, 2.95411992073, 2.02949309349, 2.48484730721, 1.06561660767, 0.518685281277, 1.17500674725, 0.435350626707, 0.123884104192, 0.0714539512992, 0.148343607783, 0.0398175381124, 0.0164915788919, 0.0260930731893, 0.127130776644, 0.0363810248673, 0.00211440492421, 0.000124071084429, 2.47394436883e-05], "dmean2": [0.0160293523222, 0.2517786026, 1.03917706013, 5.3463435173, 14.0412607193, 23.6345424652, 30.12616539, 33.176940918, 13.4072675705, 11.8900098801, 12.5161676407, 15.6262483597, 17.6762924194, 16.8357048035, 27.6035919189, 7.73958396912, 5.79724931717, 7.08491516113, 5.40733480453, 8.54254817963, 5.29773807526, 6.45058393478, 5.05620861053, 3.35484361649, 4.38378286362, 1.84157001972, 0.861533105373, 2.18925380707, 0.797820091248, 0.218467280269, 0.123383529484, 0.25324729085, 0.0624721124768, 0.0237618945539, 0.0382596217096, 0.194585189223, 0.0542781986296, 0.00314149260521, 0.000183116018889, 3.8064103137e-05], "dvar": [0.00077055109432, 0.196327850223, 2.57648563385, 33.8487930298, 202.653366089, 741.75579834, 1267.20727539, 1320.83752441, 266.281799316, 231.747314453, 365.647827148, 479.439544678, 434.746734619, 581.956359863, 1536.4901123, 137.62940979, 35.3044166565, 65.4845123291, 30.2578907013, 135.626449585, 55.2156867981, 408.340118408, 57.5395889282, 23.8865718842, 37.7491264343, 7.06598758698, 1.58601617813, 14.9545269012, 1.77995967865, 0.0883771777153, 0.0155838448554, 0.0684317499399, 0.00552343623713, 0.000986841856502, 0.00392133789137, 0.121700786054, 0.00955480802804, 3.07832560793e-05, 1.01164481237e-07, 2.38538255815e-09], "dvar2": [0.00206600339152, 0.562914252281, 7.42667865753, 96.0354003906, 578.249450684, 1560.33239746, 3056.96850586, 3949.28637695, 581.114868164, 446.896118164, 697.825378418, 969.533874512, 1085.7857666, 1429.4954834, 2946.37084961, 332.215393066, 90.5093841553, 161.537322998, 79.8380966187, 276.300018311, 138.987091064, 877.618408203, 153.968566895, 60.3608474731, 102.331207275, 18.8201808929, 3.9859931469, 42.5566940308, 5.0538444519, 0.242416918278, 0.0433736108243, 0.159513190389, 0.0125361923128, 0.00220080767758, 0.00927561428398, 0.283233523369, 0.0207502655685, 6.63217360852e-05, 2.28012694947e-07, 5.62879831634e-09], "max": [0.250557720661, 4.60269021988, 18.4949245453, 51.463722229, 133.614074707, 497.988708496, 506.174591064, 441.169616699, 255.593322754, 409.011077881, 517.93347168, 470.361206055, 295.714782715, 267.613220215, 662.807373047, 241.270843506, 105.277183533, 120.880966187, 75.0855712891, 271.125274658, 112.811279297, 543.508117676, 132.425476074, 62.6864929199, 50.348110199, 31.079580307, 11.1811256409, 28.3523750305, 9.9522151947, 2.32058811188, 1.90788948536, 2.19890713692, 0.982968211174, 0.530606627464, 0.455561906099, 2.52749919891, 0.676907598972, 0.0360222235322, 0.00233729043975, 0.000399281416321], "mean": [0.00638968870044, 0.0882142782211, 0.488303482533, 3.41412854195, 12.4908790588, 37.6109619141, 53.070148468, 43.036693573, 20.5062828064, 15.6541233063, 19.5468387604, 19.6745090485, 16.7227783203, 18.0223846436, 39.6322364807, 8.32927894592, 5.75523900986, 6.73231554031, 5.57509851456, 8.61183929443, 5.5659995079, 5.10160923004, 3.70607113838, 2.84778165817, 2.63725566864, 1.22130262852, 0.642432689667, 0.835549592972, 0.370607048273, 0.156951084733, 0.127411857247, 0.289174705744, 0.0648228302598, 0.0282099433243, 0.0308616328984, 0.112470053136, 0.0329000242054, 0.00195601838641, 0.000122724770335, 3.96572359023e-05], "median": [0.000466578290798, 0.0106623340398, 0.178504884243, 1.97522628307, 5.94393777847, 18.5883274078, 32.1076774597, 19.9608898163, 13.4643239975, 7.48864126205, 9.33772182465, 9.9123878479, 9.52401351929, 8.37720870972, 12.7020664215, 4.5544424057, 3.51242160797, 3.92228150368, 3.78725790977, 4.43951797485, 3.4018933773, 2.39645886421, 1.763043046, 1.32240879536, 0.848571836948, 0.425181210041, 0.189016625285, 0.0804298892617, 0.057390242815, 0.0343530960381, 0.0501039922237, 0.0876511409879, 0.0179174989462, 0.00443383585662, 0.00219673407264, 0.000757001864258, 0.000193229687284, 2.75602269539e-05, 1.5405295926e-05, 2.37745389313e-05], "min": [6.76488994559e-23, 4.59769087708e-22, 2.27975116762e-21, 2.19836737939e-21, 5.30578726882e-21, 1.72854171615e-20, 2.75797848979e-20, 8.76266544078e-20, 1.24286536599e-19, 6.06777045869e-20, 2.66342360322e-19, 2.66791209202e-19, 3.45206095965e-19, 5.07389279018e-19, 1.04853869397e-18, 1.38745620102e-18, 1.20943028619e-18, 1.62708029152e-18, 2.14030067686e-18, 2.56887556673e-18, 2.6532657736e-18, 4.31263516372e-18, 5.09350193378e-18, 6.79871822294e-18, 7.12452646825e-18, 7.81839203584e-18, 8.48357015261e-18, 1.01880328802e-17, 1.04993646376e-17, 9.43096326922e-18, 1.01128065938e-17, 1.18712246584e-17, 9.2189792121e-18, 8.13936789202e-18, 6.29370915614e-18, 4.27644353038e-18, 2.3488709596e-18, 8.67767366681e-19, 2.20598212622e-19, 2.80522084253e-20], "var": [0.000524586765096, 0.111906759441, 1.53072559834, 26.4502735138, 286.434387207, 2880.89331055, 4242.96923828, 3354.51367188, 590.434143066, 631.620178223, 1120.45617676, 962.240783691, 548.866516113, 834.260498047, 4413.1640625, 186.199203491, 54.3269920349, 92.3452377319, 39.4752159119, 245.883926392, 69.151802063, 416.735412598, 47.4021110535, 25.5278701782, 30.5676784515, 5.88352298737, 1.59900450706, 8.79997253418, 1.13159418106, 0.106499396265, 0.0427044816315, 0.157458230853, 0.0121798114851, 0.00331782596186, 0.00471963966265, 0.118827901781, 0.0100741870701, 3.31164592353e-05, 1.05299811537e-07, 2.69577449252e-09]}, "gfcc": {"mean": [-129.767211914, 137.159805298, -122.415214539, -2.46415567398, -58.9417457581, -19.3964595795, -48.2885475159, -11.7098379135, -31.056180954, -17.908536911, -14.5185556412, -5.47083425522, -6.00540304184], "cov": [[62034.421875, 7037.80126953, -5922.48828125, -188.609390259, -3029.7199707, -674.430664062, -2736.32714844, -434.846618652, -1796.37536621, -967.125976562, -987.01385498, -172.744796753, -363.445861816], [7037.80126953, 2649.54663086, -1504.86877441, 131.059158325, -198.480285645, -437.791473389, 49.686630249, -455.287231445, 54.3264694214, -324.965545654, 94.0594482422, -233.207077026, 248.745254517], [-5922.48828125, -1504.86877441, 1359.22253418, -185.906402588, 355.018676758, 231.42729187, 39.9262199402, 250.437423706, 16.6267318726, 168.157318115, -37.2484703064, 116.90120697, -144.168563843], [-188.609390259, 131.059158325, -185.906402588, 395.410583496, -42.731174469, 37.4618263245, 199.017700195, -60.9710960388, 113.725891113, -0.14254167676, 61.8255844116, -34.5610961914, 92.2474212646], [-3029.7199707, -198.480285645, 355.018676758, -42.731174469, 350.179962158, 3.58032178879, 181.014205933, -9.51120471954, 92.4557266235, 45.299659729, 31.7647190094, 15.2491817474, 35.7430267334], [-674.430664062, -437.791473389, 231.42729187, 37.4618263245, 3.58032178879, 204.73840332, -4.72293329239, 92.1533126831, -10.0665769577, 36.8691940308, -14.2995920181, 34.3260040283, -41.9666824341], [-2736.32714844, 49.686630249, 39.9262199402, 199.017700195, 181.014205933, -4.72293329239, 392.492919922, -58.6841049194, 180.957214355, 35.2604064941, 117.022850037, 2.90170860291, 139.196792603], [-434.846618652, -455.287231445, 250.437423706, -60.9710960388, -9.51120471954, 92.1533126831, -58.6841049194, 147.376434326, -45.8810310364, 56.3018188477, -37.8357315063, 57.0999984741, -78.4548873901], [-1796.37536621, 54.3264694214, 16.6267318726, 113.725891113, 92.4557266235, -10.0665769577, 180.957214355, -45.8810310364, 164.022445679, 23.616230011, 78.7386016846, -32.2351799011, 78.2208175659], [-967.125976562, -324.965545654, 168.157318115, -0.14254167676, 45.299659729, 36.8691940308, 35.2604064941, 56.3018188477, 23.616230011, 107.19669342, 1.60281908512, 42.0624961853, -25.8133106232], [-987.01385498, 94.0594482422, -37.2484703064, 61.8255844116, 31.7647190094, -14.2995920181, 117.022850037, -37.8357315063, 78.7386016846, 1.60281908512, 91.9541778564, -3.46938896179, 61.8698997498], [-172.744796753, -233.207077026, 116.90120697, -34.5610961914, 15.2491817474, 34.3260040283, 2.90170860291, 57.0999984741, -32.2351799011, 42.0624961853, -3.46938896179, 90.3796081543, -6.34955835342], [-363.445861816, 248.745254517, -144.168563843, 92.2474212646, 35.7430267334, -41.9666824341, 139.196792603, -78.4548873901, 78.2208175659, -25.8133106232, 61.8698997498, -6.34955835342, 120.745330811]], "icov": [[0.0001626611338, -0.000651278533041, 9.45656793192e-05, -0.000321893050568, 0.00043854030082, -0.000419654126745, 0.000597143254708, -0.000389445951441, 0.000704236794263, -0.00061261781957, 0.00103209749795, -0.000739616458304, -0.000181904630153], [-0.000651278533041, 0.00486165424809, 0.00140901899431, 0.00169119809289, -0.00245409063064, 0.00301137706265, -0.00256900745444, 0.00315639167093, -0.00290484214202, 0.00520565127954, -0.00461726542562, 0.00390046299435, 0.000765792850871], [9.45656793192e-05, 0.00140901899431, 0.00364068732597, 0.000436797650764, -0.00247907079756, -0.000316930410918, 0.000443536322564, -0.000934274401516, -0.000504302035552, 0.00156635977328, -5.25119539816e-05, -0.000411645363783, 0.00156733731274], [-0.000321893050568, 0.00169119809289, 0.000436797650764, 0.00614876719192, 0.0014957546955, -0.00119473948143, -0.0045419158414, 0.00264438451268, -0.00305079598911, 0.00106223905459, -0.000236515988945, 0.00261490535922, -7.06305581843e-05], [0.00043854030082, -0.00245409063064, -0.00247907079756, 0.0014957546955, 0.00929224677384, -0.00128048134502, -0.00259576621465, 0.00249802065082, -3.44666841556e-05, -0.00251796515658, 0.00619460828602, -0.00290514156222, -0.000150134219439], [-0.000419654126745, 0.00301137706265, -0.000316930410918, -0.00119473948143, -0.00128048134502, 0.010254166089, -0.00117103685625, -0.00229905778542, -0.00158043799456, 0.00415127631277, -0.00338874571025, 0.00215119449422, 0.000627507921308], [0.000597143254708, -0.00256900745444, 0.000443536322564, -0.0045419158414, -0.00259576621465, -0.00117103685625, 0.0127647984773, -0.00392998196185, -8.31372744869e-05, -0.00390139827505, -0.000466714031063, -0.00353391305543, -0.00654514553025], [-0.000389445951441, 0.00315639167093, -0.000934274401516, 0.00264438451268, 0.00249802065082, -0.00229905778542, -0.00392998196185, 0.02462175861, -0.00455954251811, 0.00203524134122, 0.000633211981039, -0.00714346813038, 0.0108684096485], [0.000704236794263, -0.00290484214202, -0.000504302035552, -0.00305079598911, -3.44666841556e-05, -0.00158043799456, -8.31372744869e-05, -0.00455954251811, 0.0264368001372, -0.0109238093719, -0.005004146602, 0.0104495538399, -0.00992113072425], [-0.00061261781957, 0.00520565127954, 0.00156635977328, 0.00106223905459, -0.00251796515658, 0.00415127631277, -0.00390139827505, 0.00203524134122, -0.0109238093719, 0.0242084637284, -0.00249230698682, -0.00624787295237, 0.00969930458814], [0.00103209749795, -0.00461726542562, -5.25119539816e-05, -0.000236515988945, 0.00619460828602, -0.00338874571025, -0.000466714031063, 0.000633211981039, -0.005004146602, -0.00249230698682, 0.0309845134616, -0.00975367799401, -0.00300590950064], [-0.000739616458304, 0.00390046299435, -0.000411645363783, 0.00261490535922, -0.00290514156222, 0.00215119449422, -0.00353391305543, -0.00714346813038, 0.0104495538399, -0.00624787295237, -0.00975367799401, 0.0308806449175, -0.0131940813735], [-0.000181904630153, 0.000765792850871, 0.00156733731274, -7.06305581843e-05, -0.000150134219439, 0.000627507921308, -0.00654514553025, 0.0108684096485, -0.00992113072425, 0.00969930458814, -0.00300590950064, -0.0131940813735, 0.0322987996042]]}, "melbands": {"dmean": [0.000110707194835, 0.000250317621976, 0.000652778486256, 0.000730648403987, 0.000719796516933, 0.000423278484959, 0.000132445915369, 8.38734413264e-05, 7.14450143278e-05, 5.97588950768e-05, 5.59860854992e-05, 4.12762929045e-05, 7.99182089395e-05, 1.68149508681e-05, 8.68714141689e-06, 6.76370655128e-06, 8.55248617881e-06, 4.98588860864e-06, 5.83013161304e-06, 6.65995639793e-06, 3.50524396708e-06, 4.11918972532e-06, 3.9055353227e-06, 2.05677656595e-06, 1.60417494044e-06, 2.06950608117e-06, 1.52653194618e-06, 5.27812460405e-07, 3.04668645867e-07, 4.05635233847e-07, 8.13856786408e-07, 2.73601472145e-07, 1.15741286777e-07, 4.95674150613e-08, 2.88908488244e-08, 9.81938441669e-08, 7.27787892174e-08, 3.58063552142e-08, 1.37286217949e-08, 1.17255662957e-08], "dmean2": [0.000201784743695, 0.000468843762064, 0.00116383936256, 0.00125333294272, 0.00110907456838, 0.000709241547156, 0.000190455219126, 0.000126791084767, 0.000105777995486, 9.02941683307e-05, 8.99706719792e-05, 6.73246686347e-05, 0.000118994626973, 2.70657274086e-05, 1.39986977956e-05, 1.12123079816e-05, 1.42200378832e-05, 8.42215922603e-06, 9.53166909312e-06, 1.04706377897e-05, 5.92775177211e-06, 6.95322023603e-06, 6.73895192449e-06, 3.53856512447e-06, 2.62710045718e-06, 3.58304646397e-06, 2.76157697954e-06, 8.93400454061e-07, 4.99692362155e-07, 7.19363413282e-07, 1.53651649271e-06, 5.05662569594e-07, 1.98804983143e-07, 8.80585915297e-08, 4.94384977401e-08, 1.71586108877e-07, 1.20978910445e-07, 5.79649430676e-08, 2.24224194767e-08, 1.71261795856e-08], "dvar": [1.25428186948e-07, 5.73800434722e-07, 1.39845440117e-06, 1.7074768266e-06, 1.52840243572e-06, 5.9086875126e-07, 5.50334142702e-08, 2.62615991176e-08, 2.25931291453e-08, 1.54700128263e-08, 1.15293277148e-08, 9.66456337181e-09, 2.93853048561e-08, 1.84756543398e-09, 2.48934817204e-10, 1.3607275029e-10, 2.77024847506e-10, 6.38858063673e-11, 1.29873195531e-10, 2.46069331578e-10, 5.29837319851e-11, 5.99882421515e-10, 1.0252605015e-10, 3.3547484235e-11, 1.42770014561e-11, 2.72790730976e-11, 1.73001613035e-11, 1.52551289743e-12, 4.82929993738e-13, 1.26308696575e-12, 7.6663831533e-12, 7.54339299358e-13, 5.71429839211e-14, 1.58311457341e-14, 4.41492715054e-15, 2.95361879486e-14, 1.54469129545e-14, 5.83392036597e-15, 7.87197904586e-16, 5.18223068641e-16], "dvar2": [3.4929001913e-07, 1.65155302057e-06, 4.00232011089e-06, 4.2114261305e-06, 3.68791393157e-06, 1.70191083271e-06, 1.21585159718e-07, 5.14319857814e-08, 4.4292445267e-08, 3.17198072253e-08, 2.96751370144e-08, 2.50220875131e-08, 5.33158122096e-08, 4.76161909901e-09, 6.17159767735e-10, 3.42552791688e-10, 6.81911582756e-10, 1.69941810624e-10, 3.03775921084e-10, 5.19956966372e-10, 1.44779382927e-10, 1.26338550732e-09, 2.71970806986e-10, 9.32916383034e-11, 3.527393308e-11, 7.11225175976e-11, 4.835606221e-11, 3.94141750487e-12, 1.17782758373e-12, 3.45745329068e-12, 2.19805441209e-11, 2.15457903255e-12, 1.50078815478e-13, 4.47619609293e-14, 1.29353425283e-14, 7.47280113223e-14, 3.35284033068e-14, 1.44493808872e-14, 2.22433710685e-15, 1.11870690662e-15], "max": [0.00344377430156, 0.00870810542256, 0.00994836911559, 0.0185327231884, 0.016475526616, 0.00967575516552, 0.00345227029175, 0.00385580165312, 0.00381652684882, 0.00262304372154, 0.00140792259481, 0.000943514169194, 0.00322797847912, 0.000533255399205, 0.00028049442335, 0.000176467714482, 0.00027522855089, 0.000100829623989, 0.000212733793887, 0.000274788908428, 0.00010897442553, 0.000660881050862, 0.00015818105021, 0.000113779380627, 5.04626514157e-05, 5.24157185282e-05, 4.77184112242e-05, 1.37596525747e-05, 7.39706320019e-06, 8.20310378913e-06, 2.04827319976e-05, 6.4686028054e-06, 1.72633451712e-06, 1.34982576583e-06, 1.12546183573e-06, 1.48618050844e-06, 1.06190793758e-06, 6.64835567932e-07, 7.50762069401e-07, 3.92350187894e-07], "mean": [7.3745570262e-05, 0.000202530427487, 0.000834739592392, 0.00164533406496, 0.00203125574626, 0.000996006536298, 0.000281217711745, 0.000167328602402, 0.000165482924785, 0.000110262277303, 7.96241583885e-05, 6.29104688414e-05, 0.000166661164258, 2.74675930996e-05, 1.37666638693e-05, 1.09866705316e-05, 1.283263191e-05, 8.31100987853e-06, 9.41383041209e-06, 1.10569517346e-05, 5.59654017707e-06, 5.42702855455e-06, 4.35458559878e-06, 2.70989880846e-06, 2.21847244575e-06, 2.24408449867e-06, 1.45234923821e-06, 6.42557836272e-07, 3.9576801214e-07, 3.78465699669e-07, 5.33210879894e-07, 2.19614918251e-07, 1.35851479399e-07, 6.5335981958e-08, 4.80185207152e-08, 1.81133273713e-07, 1.44918772094e-07, 4.91339520181e-08, 2.36221104899e-08, 2.04750794097e-08], "median": [5.65349546378e-06, 6.00127059442e-05, 0.000505268457346, 0.00089120073244, 0.00141558668111, 0.000450093590189, 0.000178318325197, 7.26384241716e-05, 8.20767672849e-05, 5.7844674302e-05, 4.37810849689e-05, 2.80620552076e-05, 4.66042256448e-05, 1.21998455143e-05, 8.25897950563e-06, 6.53648658044e-06, 7.09073992766e-06, 5.47960462427e-06, 5.54781490791e-06, 5.69864096178e-06, 3.51019207301e-06, 2.53635016634e-06, 1.79244807441e-06, 1.31560659611e-06, 9.81571815828e-07, 7.30542012661e-07, 3.915788227e-07, 2.36701680478e-07, 1.24175357996e-07, 7.52414024419e-08, 3.33328387114e-08, 2.46685534222e-08, 4.08195290902e-08, 8.06823585719e-09, 8.28838153666e-09, 6.61590107143e-08, 4.01410638062e-08, 1.26782051524e-08, 3.84240461671e-09, 2.99150926253e-09], "min": [8.91567439637e-25, 1.20360925931e-24, 4.50241227667e-25, 2.06203428573e-24, 8.07160160943e-25, 1.88064932843e-24, 1.62560270916e-24, 6.34163210947e-25, 1.97627327242e-24, 1.62420593232e-24, 1.51295830228e-24, 1.63627116544e-24, 2.67771557035e-24, 2.41299869968e-24, 2.99755725222e-24, 1.80205413036e-24, 2.34620998836e-24, 2.44942080211e-24, 2.86664972931e-24, 2.85200866812e-24, 2.6366017177e-24, 3.92272010845e-24, 3.87748840186e-24, 3.46235192821e-24, 4.48137838532e-24, 3.94005414355e-24, 5.29245479692e-24, 4.89492609311e-24, 3.90820940653e-24, 5.28410352095e-24, 5.1589152396e-24, 5.12464396643e-24, 3.85200858906e-24, 4.84647898947e-24, 5.52445918358e-24, 5.53861055936e-24, 5.96031232789e-24, 5.22211443659e-24, 6.35824808393e-24, 5.92195830511e-24], "var": [7.76031185978e-08, 3.34455137363e-07, 1.27266719119e-06, 4.59671809949e-06, 4.74343050882e-06, 1.71852798303e-06, 1.16610571865e-07, 7.67245111888e-08, 6.81727598817e-08, 2.97608018229e-08, 1.34168738342e-08, 1.11546265558e-08, 8.71970726735e-08, 2.74650080456e-09, 3.61711299801e-10, 2.18295478915e-10, 3.90689480767e-10, 8.90921919572e-11, 2.00882643853e-10, 4.20852491745e-10, 6.02783239989e-11, 6.24776452796e-10, 8.04836405854e-11, 2.74668881389e-11, 1.6261986549e-11, 2.46992322428e-11, 1.2035683214e-11, 1.41877275987e-12, 5.45913954233e-13, 9.17704931144e-13, 4.35873906413e-12, 4.66547969962e-13, 6.00885240545e-14, 2.40346191706e-14, 1.42701622681e-14, 5.70283092125e-14, 3.99061040018e-14, 8.05359349766e-15, 3.55425231415e-15, 1.74087875853e-15]}, "mfcc": {"mean": [-739.86138916, 173.284286499, -16.9154205322, 12.3484945297, -3.71524381638, -15.7465257645, -13.0465736389, -8.0337305069, -16.6596813202, -9.31192111969, -21.4821472168, -9.9041595459, -12.252374649], "cov": [[13898.6318359, 4411.07910156, -499.258361816, 556.969238281, -181.928848267, -259.808441162, -297.287994385, -46.5373954773, -341.853118896, -182.926437378, -536.78112793, -261.720184326, -351.032226562], [4411.07910156, 3063.01464844, -555.195068359, 232.617874146, -37.2314071655, -175.483520508, -145.747055054, -145.665435791, -163.867019653, -155.562835693, -247.005523682, -169.477813721, -164.885345459], [-499.258361816, -555.195068359, 350.340332031, -107.449180603, 77.4058303833, -29.7586517334, 31.1930103302, 38.4949417114, -24.1623210907, 51.7014198303, -7.02995967865, 53.3743438721, -39.099697113], [556.969238281, 232.617874146, -107.449180603, 271.532226562, -98.6152954102, 103.702857971, 4.26673936844, 9.16322231293, 59.4570350647, -33.1956634521, 55.3935279846, -33.7299346924, 43.1335372925], [-181.928848267, -37.2314071655, 77.4058303833, -98.6152954102, 162.027816772, -43.2777748108, 3.9992210865, -6.41293716431, -33.7340583801, 18.7005805969, -39.9677619934, 18.2863140106, -57.4423980713], [-259.808441162, -175.483520508, -29.7586517334, 103.702857971, -43.2777748108, 159.77041626, 41.1614608765, 25.0339031219, 73.3063430786, 3.50033307076, 65.1380081177, 5.36767530441, 57.0458450317], [-297.287994385, -145.747055054, 31.1930103302, 4.26673936844, 3.9992210865, 41.1614608765, 81.1346511841, 39.4033126831, 29.9718017578, 1.9441678524, 23.642993927, 3.07694554329, 27.1938610077], [-46.5373954773, -145.665435791, 38.4949417114, 9.16322231293, -6.41293716431, 25.0339031219, 39.4033126831, 73.571182251, 25.8722400665, 6.99565839767, 6.98668336868, 6.96971035004, 10.1303834915], [-341.853118896, -163.867019653, -24.1623210907, 59.4570350647, -33.7340583801, 73.3063430786, 29.9718017578, 25.8722400665, 88.1298904419, 6.99489831924, 54.5389060974, -1.59648656845, 50.3522567749], [-182.926437378, -155.562835693, 51.7014198303, -33.1956634521, 18.7005805969, 3.50033307076, 1.9441678524, 6.99565839767, 6.99489831924, 65.8123321533, 8.33936786652, 26.9482345581, -13.6056747437], [-536.78112793, -247.005523682, -7.02995967865, 55.3935279846, -39.9677619934, 65.1380081177, 23.642993927, 6.98668336868, 54.5389060974, 8.33936786652, 112.008003235, 18.47838974, 58.1151161194], [-261.720184326, -169.477813721, 53.3743438721, -33.7299346924, 18.2863140106, 5.36767530441, 3.07694554329, 6.96971035004, -1.59648656845, 26.9482345581, 18.47838974, 64.4144363403, 4.17948150635], [-351.032226562, -164.885345459, -39.099697113, 43.1335372925, -57.4423980713, 57.0458450317, 27.1938610077, 10.1303834915, 50.3522567749, -13.6056747437, 58.1151161194, 4.17948150635, 105.89264679]], "icov": [[0.000183600204764, -0.000242096415604, -0.000191351937247, -0.000304076471366, 0.000173621345311, -9.23763291212e-05, 0.000390678527765, -0.000545391812921, 0.000391218694858, -0.000201082992135, 0.000384428247344, 9.36173237278e-05, -4.58725407952e-05], [-0.000242096415604, 0.00124263076577, 0.00150985375512, -0.000753146363422, -0.000310580362566, 0.000867526629008, -0.00102159148082, 0.00149179319851, 0.000170643092133, 0.000714728666935, 0.000917115365155, -7.85846496001e-05, 0.000990911386907], [-0.000191351937247, 0.00150985375512, 0.00620889477432, -0.000553065096028, -0.00110450200737, 0.00140037608799, -0.00234981882386, -0.000366809894331, 0.00175123510417, -0.000824174378067, 0.000733041728381, -0.00185872463044, 0.00225194985978], [-0.000304076471366, -0.000753146363422, -0.000553065096028, 0.00908980239183, 0.00231713429093, -0.00453675817698, 0.00158068526071, -0.000834622245748, -0.00266215833835, 0.00230500614271, -0.00420716172084, 0.00184221274685, 0.00108561490197], [0.000173621345311, -0.000310580362566, -0.00110450200737, 0.00231713429093, 0.0102577069774, -0.000530431570951, -0.00237005040981, 0.00175716145895, -0.000808154174592, 0.000410301377997, 0.00151843507774, -0.00186065153684, 0.00470805354416], [-9.23763291212e-05, 0.000867526629008, 0.00140037608799, -0.00453675817698, -0.000530431570951, 0.0139914359897, -0.00438698427752, 0.00137831072789, -0.00550254993141, -0.000807927513961, -0.000201537113753, -0.00227837194689, -0.000707528670318], [0.000390678527765, -0.00102159148082, -0.00234981882386, 0.00158068526071, -0.00237005040981, -0.00438698427752, 0.0223267246038, -0.0110199637711, 2.66582628683e-05, 0.00068057666067, -0.0019826751668, 0.00340746575966, -0.0043804612942], [-0.000545391812921, 0.00149179319851, -0.000366809894331, -0.000834622245748, 0.00175716145895, 0.00137831072789, -0.0110199637711, 0.0239151529968, -0.00687192194164, 0.00114755763207, 0.00405080057681, -0.00309223611839, 0.00278620305471], [0.000391218694858, 0.000170643092133, 0.00175123510417, -0.00266215833835, -0.000808154174592, -0.00550254993141, 2.66582628683e-05, -0.00687192194164, 0.0280380770564, -0.00571223348379, -0.00424558622763, 0.00528144044802, -0.00547447474673], [-0.000201082992135, 0.000714728666935, -0.000824174378067, 0.00230500614271, 0.000410301377997, -0.000807927513961, 0.00068057666067, 0.00114755763207, -0.00571223348379, 0.0228000842035, -0.00110531481914, -0.0070116603747, 0.00610536709428], [0.000384428247344, 0.000917115365155, 0.000733041728381, -0.00420716172084, 0.00151843507774, -0.000201537113753, -0.0019826751668, 0.00405080057681, -0.00424558622763, -0.00110531481914, 0.0204793419689, -0.00488854246214, -0.00342889339663], [9.36173237278e-05, -7.85846496001e-05, -0.00185872463044, 0.00184221274685, -0.00186065153684, -0.00227837194689, 0.00340746575966, -0.00309223611839, 0.00528144044802, -0.0070116603747, -0.00488854246214, 0.0237720757723, -0.00327751087025], [-4.58725407952e-05, 0.000990911386907, 0.00225194985978, 0.00108561490197, 0.00470805354416, -0.000707528670318, -0.0043804612942, 0.00278620305471, -0.00547447474673, 0.00610536709428, -0.00342889339663, -0.00327751087025, 0.0204159282148]]}, "spectral_contrast_coeffs": {"dmean": [0.0508124865592, 0.0407102257013, 0.0355314686894, 0.0241694524884, 0.018826669082, 0.0219776872545], "dmean2": [0.0841006934643, 0.0657887235284, 0.0576575212181, 0.0403533913195, 0.031228011474, 0.0336160063744], "dvar": [0.00219025090337, 0.00122736743651, 0.000949170615058, 0.000409295025747, 0.000277177488897, 0.000682218116708], "dvar2": [0.00550141232088, 0.00327407452278, 0.0023944969289, 0.00109283230267, 0.000733208318707, 0.00147901487071], "max": [-0.232230454683, -0.472628235817, -0.530563950539, -0.657847285271, -0.684361815453, -0.619471728802], "mean": [-0.488462269306, -0.715635418892, -0.768147706985, -0.809546768665, -0.808604419231, -0.767027914524], "median": [-0.457830578089, -0.715783238411, -0.767315745354, -0.80503308773, -0.802827715874, -0.762539386749], "min": [-0.982222735882, -0.979007661343, -0.978099763393, -0.971753358841, -0.972358047962, -0.965114057064], "var": [0.0190123114735, 0.00797718856484, 0.00518913613632, 0.00231942697428, 0.00182746804785, 0.00338852638379]}, "spectral_contrast_valleys": {"dmean": [0.60404074192, 0.324128866196, 0.361213892698, 0.269142657518, 0.296121507883, 0.34906899929], "dmean2": [0.949587523937, 0.531252205372, 0.582733154297, 0.435276031494, 0.443226248026, 0.485400527716], "dvar": [0.422087281942, 0.152426809072, 0.200504392385, 0.143821641803, 0.20936174