{"lowlevel": {"average_loudness": 0.954044163227, "barkbands_crest": {"dmean": 2.80995488167, "dmean2": 4.58591890335, "dvar": 6.91140556335, "dvar2": 18.3670139313, "max": 25.6480522156, "mean": 10.8955516815, "median": 9.888463974, "min": 2.15843296051, "var": 23.3540782928}, "barkbands_flatness_db": {"dmean": 0.021292546764, "dmean2": 0.0325905196369, "dvar": 0.00043445895426, "dvar2": 0.00103153602686, "max": 0.340033471584, "mean": 0.106828570366, "median": 0.0969477519393, "min": 0.013999896124, "var": 0.00242724316195}, "barkbands_kurtosis": {"dmean": 3.09228086472, "dmean2": 4.82523107529, "dvar": 32.8479309082, "dvar2": 82.0441970825, "max": 149.063949585, "mean": 5.38720369339, "median": 2.18684196472, "min": -1.89420866966, "var": 112.864616394}, "barkbands_skewness": {"dmean": 0.520034015179, "dmean2": 0.807745277882, "dvar": 0.306549996138, "dvar2": 0.751363992691, "max": 9.79598331451, "mean": 1.7447783947, "median": 1.58961796761, "min": -9.70467948914, "var": 2.16756677628}, "barkbands_spread": {"dmean": 6.76268672943, "dmean2": 10.5202360153, "dvar": 54.3189888, "dvar2": 125.599151611, "max": 85.6152114868, "mean": 27.7070198059, "median": 25.768901825, "min": 1.1818883419, "var": 201.291809082}, "dissonance": {"dmean": 0.0141747575253, "dmean2": 0.0234626457095, "dvar": 0.00017023095279, "dvar2": 0.000458245922346, "max": 0.500000119209, "mean": 0.471711158752, "median": 0.475829064846, "min": 0.349251538515, "var": 0.000391171663068}, "dynamic_complexity": 2.60987210274, "erbbands_crest": {"dmean": 1.86465013027, "dmean2": 2.88904571533, "dvar": 3.22246694565, "dvar2": 7.26563978195, "max": 25.3012714386, "mean": 6.7331738472, "median": 5.93956708908, "min": 1.97271502018, "var": 10.9605817795}, "erbbands_flatness_db": {"dmean": 0.0111966887489, "dmean2": 0.0165311172605, "dvar": 0.000117342860904, "dvar2": 0.000240241017309, "max": 0.431841045618, "mean": 0.110091455281, "median": 0.101336345077, "min": 0.0471374131739, "var": 0.00211366964504}, "erbbands_kurtosis": {"dmean": 0.457824468613, "dmean2": 0.699201405048, "dvar": 0.302326470613, "dvar2": 0.642223238945, "max": 18.9466323853, "mean": -0.338184088469, "median": -0.577427625656, "min": -1.75957298279, "var": 1.02395534515}, "erbbands_skewness": {"dmean": 0.263453602791, "dmean2": 0.391985207796, "dvar": 0.053480360657, "dvar2": 0.113582365215, "max": 2.89967703819, "mean": 0.279609113932, "median": 0.276247054338, "min": -1.65905678272, "var": 0.262690126896}, "erbbands_spread": {"dmean": 7.88716936111, "dmean2": 11.6596364975, "dvar": 50.967502594, "dvar2": 101.261825562, "max": 125.568023682, "mean": 52.5506324768, "median": 51.2887954712, "min": 3.25339818001, "var": 305.091033936}, "hfc": {"dmean": 8.7583398819, "dmean2": 13.71073246, "dvar": 161.960159302, "dvar2": 415.093261719, "max": 142.847198486, "mean": 29.6375617981, "median": 26.7564659119, "min": 1.49904155755e-09, "var": 331.894561768}, "melbands_crest": {"dmean": 3.34830784798, "dmean2": 5.27999830246, "dvar": 8.67945384979, "dvar2": 21.4135513306, "max": 32.7341575623, "mean": 15.1860704422, "median": 14.3946638107, "min": 1.62954413891, "var": 34.6754798889}, "melbands_flatness_db": {"dmean": 0.0270397942513, "dmean2": 0.0413537584245, "dvar": 0.000699918833561, "dvar2": 0.0016293436056, "max": 0.485598742962, "mean": 0.175905182958, "median": 0.168619096279, "min": 0.00448502041399, "var": 0.00383744295686}, "melbands_kurtosis": {"dmean": 9.15358066559, "dmean2": 14.318116188, "dvar": 209.078872681, "dvar2": 512.64251709, "max": 255.160522461, "mean": 18.9920349121, "median": 11.2931146622, "min": -1.32734167576, "var": 526.844787598}, "melbands_skewness": {"dmean": 0.815542697906, "dmean2": 1.25139522552, "dvar": 0.733518123627, "dvar2": 1.77529287338, "max": 13.6802797318, "mean": 3.30473875999, "median": 2.9188451767, "min": -0.476762652397, "var": 3.30713129044}, "melbands_spread": {"dmean": 6.61395740509, "dmean2": 10.6508321762, "dvar": 51.1128807068, "dvar2": 127.347694397, "max": 146.814880371, "mean": 23.8200969696, "median": 20.909860611, "min": 0.910870075226, "var": 288.563171387}, "pitch_salience": {"dmean": 0.0732840895653, "dmean2": 0.115172371268, "dvar": 0.00429127505049, "dvar2": 0.0104335201904, "max": 0.859566807747, "mean": 0.514089465141, "median": 0.509861409664, "min": 0.117848701775, "var": 0.0161308944225}, "silence_rate_20dB": {"dmean": 0, "dmean2": 0, "dvar": 0, "dvar2": 0, "max": 1, "mean": 1, "median": 1, "min": 1, "var": 0}, "silence_rate_30dB": {"dmean": 0.0217563286424, "dmean2": 0.043516959995, "dvar": 0.0212827380747, "dvar2": 0.0546771585941, "max": 1, "mean": 0.982695519924, "median": 1, "min": 0, "var": 0.0170056503266}, "silence_rate_60dB": {"dmean": 0.000988924060948, "dmean2": 0.00187914154958, "dvar": 0.000987921841443, "dvar2": 0.00227149599232, "max": 1, "mean": 0.0509245507419, "median": 0, "min": 0, "var": 0.0483318567276}, "spectral_centroid": {"dmean": 250.969909668, "dmean2": 374.372741699, "dvar": 65116.828125, "dvar2": 133965.515625, "max": 4217.60400391, "mean": 1524.49328613, "median": 1462.43041992, "min": 217.862091064, "var": 417283.40625}, "spectral_complexity": {"dmean": 4.06190681458, "dmean2": 6.49520301819, "dvar": 16.2433795929, "dvar2": 39.9109840393, "max": 55, "mean": 23.5993270874, "median": 24, "min": 0, "var": 90.9086151123}, "spectral_decrease": {"dmean": 3.42090200611e-09, "dmean2": 5.39457722937e-09, "dvar": 1.63094490002e-17, "dvar2": 4.2554697042e-17, "max": 2.64279097043e-16, "mean": -1.09348903266e-08, "median": -9.80730519018e-09, "min": -5.85301904721e-08, "var": 4.70491895178e-17}, "spectral_energy": {"dmean": 0.0133332945406, "dmean2": 0.0210472345352, "dvar": 0.000238647684455, "dvar2": 0.000622495310381, "max": 0.223838493228, "mean": 0.0439589992166, "median": 0.0401295423508, "min": 1.60065672739e-13, "var": 0.000705695769284}, "spectral_energyband_high": {"dmean": 0.000719217292499, "dmean2": 0.00110751367174, "dvar": 1.26103964249e-06, "dvar2": 2.92725439976e-06, "max": 0.0117515409365, "mean": 0.00195203186013, "median": 0.0015063311439, "min": 1.04713797583e-13, "var": 2.74261674349e-06}, "spectral_energyband_low": {"dmean": 0.0109375696629, "dmean2": 0.017532447353, "dvar": 0.000238166205236, "dvar2": 0.0006158418837, "max": 0.194111421704, "mean": 0.0222018118948, "median": 0.0153302885592, "min": 3.99405723135e-15, "var": 0.000473291322123}, "spectral_energyband_middle_high": {"dmean": 0.00217787292786, "dmean2": 0.00350327813067, "dvar": 1.06036213765e-05, "dvar2": 2.52903992077e-05, "max": 0.0626744255424, "mean": 0.00568642700091, "median": 0.00450225966051, "min": 3.30609563164e-14, "var": 2.53848538705e-05}, "spectral_energyband_middle_low": {"dmean": 0.00530510442331, "dmean2": 0.00751417549327, "dvar": 4.63635078631e-05, "dvar2": 8.77006241353e-05, "max": 0.100824132562, "mean": 0.0148861156777, "median": 0.011317952536, "min": 5.25018295169e-15, "var": 0.000158059978276}, "spectral_entropy": {"dmean": 0.132916510105, "dmean2": 0.193323835731, "dvar": 0.0247748661786, "dvar2": 0.0495095588267, "max": 8.99439334869, "mean": 7.95872020721, "median": 8.01538181305, "min": 6.39837408066, "var": 0.123058788478}, "spectral_flux": {"dmean": 0.0264267567545, "dmean2": 0.041271828115, "dvar": 0.000693720532581, "dvar2": 0.00168116891291, "max": 0.349691301584, "mean": 0.0993281379342, "median": 0.0894830524921, "min": 1.95542925212e-05, "var": 0.00245961546898}, "spectral_kurtosis": {"dmean": 0.675170063972, "dmean2": 1.07012033463, "dvar": 1.25769066811, "dvar2": 3.3749358654, "max": 70.675163269, "mean": 2.70771551132, "median": 1.91740560532, "min": 0.032532453537, "var": 18.9092464447}, "spectral_rms": {"dmean": 0.000935132091399, "dmean2": 0.00145975674968, "dvar": 8.88717408998e-07, "dvar2": 2.26928045777e-06, "max": 0.0147776529193, "mean": 0.00616881996393, "median": 0.00625705812126, "min": 1.24964643078e-08, "var": 4.83229314341e-06}, "spectral_rolloff": {"dmean": 561.670959473, "dmean2": 946.07220459, "dvar": 615238.5, "dvar2": 1505073.75, "max": 19789.0136719, "mean": 1570.93359375, "median": 1076.66015625, "min": 64.599609375, "var": 5060197}, "spectral_skewness": {"dmean": 0.128495544195, "dmean2": 0.190201357007, "dvar": 0.0204180907458, "dvar2": 0.0396631062031, "max": 6.57114171982, "mean": 1.28415179253, "median": 1.19551086426, "min": 0.584593057632, "var": 0.230045944452}, "spectral_spread": {"dmean": 435104.3125, "dmean2": 659025, "dvar": 251150860288, "dvar2": 502670983168, "max": 15703969, "mean": 5954392, "median": 5933798, "min": 1073422.375, "var": 1973338505220.0}, "spectral_strongpeak": {"dmean": 0.438484370708, "dmean2": 0.749097108841, "dvar": 0.585742652416, "dvar2": 1.40883672237, "max": 9.49540710449, "mean": 0.753677845001, "median": 0.398092925549, "min": 0, "var": 0.90341091156}, "zerocrossingrate": {"dmean": 0.0110164107755, "dmean2": 0.0130937704816, "dvar": 0.000103173049865, "dvar2": 0.000133102948894, "max": 0.791015625, "mean": 0.075704112649, "median": 0.06494140625, "min": 0.00537109375, "var": 0.00593668455258}, "barkbands": {"dmean": [0.000495883112308, 0.00901125092059, 0.0034541268833, 0.00266026239842, 0.00203603273258, 0.00158363208175, 0.000561949971598, 0.000709365063813, 0.00111815310083, 0.000509503588546, 0.000508530414663, 0.000826783303637, 0.000292345648631, 0.000358530145604, 0.000266112794634, 0.000237115818891, 0.000214198196772, 0.000203977062483, 0.00013551786833, 0.000143414188642, 0.000118165902677, 0.000200545458938, 0.000175903885975, 0.000172528147232, 0.00010195204959, 3.19686732837e-05, 1.29952732095e-05], "dmean2": [0.000728259794414, 0.014764200896, 0.00525144347921, 0.00456404266879, 0.00339058297686, 0.00216034776531, 0.000701707263943, 0.00096484873211, 0.00162594462745, 0.000787392724305, 0.000800931826234, 0.00133942114189, 0.00049768545432, 0.000604799657594, 0.000446954218205, 0.000412267487263, 0.00037454633275, 0.000357636949047, 0.000236035921262, 0.000238948065089, 0.000196410430362, 0.000306557922158, 0.000270106334938, 0.000277591025224, 0.000173099004314, 4.99386587762e-05, 2.16828539124e-05], "dvar": [7.30191743514e-07, 0.000200590919121, 5.66233684367e-05, 2.83814661088e-05, 2.07076282095e-05, 4.88610521643e-06, 1.46655213484e-06, 1.99602777684e-06, 4.49886374554e-06, 1.22635026401e-06, 2.00129761652e-06, 3.45402941093e-06, 1.92619694417e-07, 3.27132852362e-07, 2.07062313962e-07, 1.61022811085e-07, 1.23714301026e-07, 1.09595390541e-07, 4.26868069781e-08, 3.09854186753e-08, 1.97901002252e-08, 7.40750891737e-08, 6.07717822732e-08, 8.75264092315e-08, 4.1782886484e-08, 2.64235677783e-09, 6.41805331103e-10], "dvar2": [1.64420112014e-06, 0.000529485696461, 0.000129843858304, 7.72296771174e-05, 5.51467892365e-05, 8.46677176014e-06, 1.59654575782e-06, 2.7790238164e-06, 8.36492199596e-06, 2.62020057562e-06, 4.12985491494e-06, 7.79375386628e-06, 5.24448125816e-07, 8.68580002589e-07, 5.41269855603e-07, 4.54523728877e-07, 3.51853202574e-07, 3.12935810598e-07, 1.25634215919e-07, 7.69701316017e-08, 5.22075502829e-08, 1.50941232846e-07, 1.33240618538e-07, 2.29614244063e-07, 1.11162805183e-07, 6.57767884604e-09, 1.66074465291e-09], "max": [0.0176952648908, 0.180458247662, 0.0743214786053, 0.0560942292213, 0.0440876036882, 0.0436400584877, 0.0424893200397, 0.0440871827304, 0.0472031384706, 0.0268740747124, 0.0501103252172, 0.0485525950789, 0.00459507573396, 0.0104635674506, 0.00815753825009, 0.00746198836714, 0.0051859500818, 0.00407101539895, 0.00241319811903, 0.00311088282615, 0.0021507779602, 0.00336530338973, 0.00273007666692, 0.00275621027686, 0.00180476834066, 0.000417375093093, 0.000196449138457], "mean": [0.00169653084595, 0.0151657257229, 0.00463373260573, 0.00308361742646, 0.00303087173961, 0.00406263861805, 0.00128450442571, 0.00134859059472, 0.00195173814427, 0.000825455063023, 0.000767906894907, 0.0012787169544, 0.000429770472692, 0.00053034449229, 0.000431651249528, 0.000384901766665, 0.000336519005941, 0.000344721949659, 0.000262219342403, 0.000331801915308, 0.000322010339005, 0.000485052791191, 0.000394397764467, 0.000336102995789, 0.000164487690199, 5.79097213631e-05, 1.71682313521e-05], "median": [0.000295975478366, 0.00917175039649, 0.00159741286188, 0.00171254388988, 0.001516422024, 0.00212589860894, 0.000310968607664, 0.00044894538587, 0.000644078361802, 0.000304313842207, 0.000261303881416, 0.000585809815675, 0.000298192666378, 0.000332900381181, 0.000270305288723, 0.000257309206063, 0.000240623849095, 0.000268296629656, 0.000204903422855, 0.0002593222016, 0.000269326817943, 0.000327245536027, 0.000304936082102, 0.000258467451204, 9.80052791419e-05, 3.87701111322e-05, 6.69067503623e-06], "min": [3.12919529935e-15, 2.02165249873e-15, 3.81731729534e-16, 1.92847365998e-16, 2.02468323555e-16, 2.27715914023e-16, 1.14482199118e-15, 2.01170812017e-15, 1.19230761112e-15, 1.65776333294e-15, 4.31024229564e-16, 1.27229462639e-15, 3.63279852638e-15, 1.14659165476e-15, 2.4021464749e-15, 4.23939100716e-15, 7.81026973103e-15, 2.61546219354e-15, 5.00075123048e-15, 5.83387377916e-15, 1.08911962226e-14, 6.62160679681e-15, 8.8629241614e-15, 1.26088037038e-14, 1.96776544847e-14, 1.92169786757e-14, 2.77713236522e-14], "var": [6.66393316351e-06, 0.00030992666143, 6.91899986123e-05, 2.39784330915e-05, 2.40116041823e-05, 2.97396563838e-05, 1.17936669994e-05, 9.26761640585e-06, 1.31033957587e-05, 2.97231940749e-06, 4.08127925766e-06, 6.68447910357e-06, 2.16255514829e-07, 4.15365718709e-07, 3.12681748937e-07, 1.98762435843e-07, 1.27196926769e-07, 1.10932717234e-07, 5.62833903928e-08, 8.24381984899e-08, 6.53823235552e-08, 2.11627082081e-07, 1.35491475817e-07, 1.09962797978e-07, 3.8106442446e-08, 3.5177056823e-09, 6.55959231377e-10]}, "erbbands": {"dmean": [0.228398576379, 2.17311263084, 3.8326253891, 6.46633291245, 7.27653884888, 6.19602537155, 11.3411045074, 12.2390499115, 9.66056919098, 7.88059568405, 20.478931427, 17.1533603668, 21.5040493011, 23.0739593506, 18.4462718964, 23.1228275299, 13.7830505371, 15.3245544434, 13.8845272064, 11.1440753937, 14.1710386276, 12.9009876251, 11.5478906631, 8.55704307556, 5.64862155914, 6.39586734772, 5.40798997879, 4.85894966125, 6.67742204666, 6.69827699661, 5.06826543808, 4.27586174011, 2.48617696762, 1.21336638927, 0.739302814007, 0.180617496371, 0.0520045608282, 0.0128953997046, 0.00208706385456, 0.000162865864695], "dmean2": [0.365090161562, 3.52511572838, 5.62039518356, 10.4860954285, 11.9205503464, 10.7102527618, 16.2767486572, 16.7085762024, 12.5043096542, 10.7589054108, 28.0725326538, 25.7760276794, 32.1390953064, 35.6804695129, 29.7490329742, 37.6711349487, 23.3244590759, 26.1807155609, 23.1263561249, 18.8521118164, 24.700170517, 22.5977172852, 20.2575683594, 15.0942306519, 9.68028450012, 10.5676078796, 9.11004447937, 8.08257293701, 10.4057912827, 10.5177192688, 7.77967357635, 6.75677967072, 4.17860221863, 2.039249897, 1.24726915359, 0.289527058601, 0.0795883387327, 0.0207362882793, 0.00344257056713, 0.000276660168311], "dvar": [0.126590102911, 12.0891208649, 54.5950965881, 172.156021118, 211.448989868, 232.689025879, 374.727935791, 387.764282227, 313.277862549, 212.084579468, 1351.50244141, 968.666320801, 1738.11950684, 3294.36694336, 1693.68688965, 1939.86315918, 381.098724365, 648.943969727, 396.160308838, 277.880584717, 622.915710449, 458.278533936, 421.285614014, 161.273452759, 47.4883232117, 70.4457015991, 43.8084526062, 37.3045158386, 77.2660293579, 86.8410873413, 53.283164978, 41.9628562927, 21.9517536163, 4.87121725082, 2.51633477211, 0.0853654444218, 0.00735015561804, 0.000522451475263, 1.56082478497e-05, 9.72533769072e-08], "dvar2": [0.339128851891, 31.1725349426, 120.706634521, 431.353363037, 524.267456055, 653.875427246, 767.383300781, 658.578552246, 397.873687744, 288.126586914, 2141.6340332, 1998.89587402, 3356.59301758, 6781.96728516, 3746.0168457, 4498.73388672, 1026.63781738, 1768.44799805, 1037.89916992, 732.630493164, 1754.58081055, 1299.30554199, 1197.69482422, 472.927062988, 137.067001343, 161.339767456, 119.622291565, 96.0284729004, 167.448318481, 181.484588623, 117.356155396, 101.166427612, 59.4480705261, 12.883433342, 6.95479488373, 0.215175926685, 0.0174766629934, 0.00129765865859, 4.00002681999e-05, 2.61136705149e-07], "max": [4.15395259857, 45.1522979736, 83.9426422119, 157.410552979, 156.053573608, 141.228164673, 497.636688232, 445.999511719, 633.066223145, 533.069091797, 1044.89660645, 683.424255371, 961.484375, 1886.56799316, 1033.60144043, 1100.56005859, 214.681213379, 646.562805176, 327.870147705, 265.468841553, 508.532226562, 345.717712402, 230.444000244, 186.754180908, 96.4721984863, 150.595016479, 122.338394165, 100.758918762, 109.161369324, 113.783668518, 78.5185699463, 64.8425979614, 42.0886268616, 21.2005500793, 12.661646843, 2.18227934837, 0.763564169407, 0.180756375194, 0.0314089953899, 0.00227980571799], "mean": [0.412156969309, 3.43606162071, 6.02677726746, 8.46695518494, 9.78814983368, 8.2998752594, 25.2084884644, 32.2979164124, 23.8073387146, 16.5734519958, 39.8990211487, 29.6001033783, 36.7373390198, 38.0432395935, 29.8696365356, 37.4874000549, 22.5247001648, 24.0226840973, 23.7611427307, 20.2313213348, 23.6233558655, 20.929353714, 19.2210388184, 16.2973842621, 13.1016159058, 15.0183353424, 13.5099458694, 12.9390068054, 16.2901649475, 15.5786676407, 10.8620176315, 8.51578712463, 4.56518125534, 2.14688897133, 1.0260540247, 0.324798494577, 0.0947975292802, 0.0201282855123, 0.00282917148434, 0.000229365323321], "median": [0.191007137299, 1.98997747898, 2.66190600395, 4.59932231903, 5.49080657959, 3.77360606194, 9.92295455933, 14.900645256, 8.60533809662, 6.97698163986, 12.4358215332, 12.0065250397, 15.8555641174, 15.0770587921, 14.8217496872, 19.853805542, 16.4231834412, 16.7451992035, 17.0208644867, 14.6812505722, 16.2242126465, 15.1199054718, 14.2495145798, 13.2786569595, 11.1702003479, 11.4145698547, 10.8870573044, 10.6137886047, 11.5632543564, 10.8721752167, 8.27820587158, 6.6152677536, 3.39757299423, 1.41132104397, 0.575491249561, 0.216517135501, 0.0620206408203, 0.011033071205, 0.00112060888205, 0.000115470058518], "min": [1.06901832764e-13, 2.93722918166e-13, 4.57420342923e-13, 6.03295245791e-13, 6.91414861562e-13, 7.11822582215e-13, 2.51333269518e-13, 2.68892850694e-12, 9.97365297989e-12, 3.48794361449e-11, 4.10783074223e-11, 3.00621957883e-11, 3.30162737427e-11, 4.87794457604e-11, 2.67879659427e-11, 5.82122267057e-11, 1.66289967907e-10, 7.08621425427e-11, 6.70942190695e-11, 2.26571886253e-10, 2.22498713898e-10, 4.47661629988e-10, 1.82262774318e-10, 2.42037417886e-10, 2.0132311096e-10, 2.92564666937e-10, 4.47600956299e-10, 3.65473873387e-10, 2.26974244955e-10, 2.69769068195e-10, 2.50272469415e-10, 2.31844515808e-10, 2.21804977163e-10, 2.2836826874e-10, 1.33982935857e-10, 9.20846524033e-11, 2.83058160244e-11, 1.10001695253e-11, 3.50725958692e-12, 4.48539697138e-13], "var": [0.248692706227, 18.0795841217, 83.6646575928, 176.293106079, 219.843338013, 210.009414673, 1732.73742676, 2365.14697266, 2324.25, 1351.1887207, 5769.54150391, 2468.58935547, 4283.27832031, 6947.11132812, 3151.27685547, 3723.50439453, 485.981018066, 762.278930664, 588.625244141, 418.213195801, 782.044677734, 477.657928467, 414.022857666, 194.296798706, 92.0869445801, 181.330474854, 122.367424011, 115.317573547, 217.05015564, 220.523406982, 110.47795105, 67.7700500488, 22.561958313, 5.20951938629, 1.93613827229, 0.107978776097, 0.0103459032252, 0.000629480637144, 1.67612543009e-05, 9.02121044533e-08]}, "gfcc": {"mean": [38.7195167542, 62.4616279602, -101.149360657, 34.5368156433, -57.1352882385, 23.5340270996, -31.2519874573, 8.13834953308, -17.8505020142, 3.26035904884, -12.6615629196, 4.75950288773, -9.97771549225], "cov": [[19578.2324219, 1952.97216797, 1481.4239502, 2103.06542969, -271.362365723, 849.94934082, -557.389770508, 259.032470703, -412.59677124, -0.961355745792, -462.685089111, 61.4478225708, -197.197814941], [1952.97216797, 911.824584961, 285.70703125, 134.615722656, 126.102462769, 16.0682163239, -72.5355987549, 28.4570522308, -63.8499259949, -19.2920856476, -77.5497741699, -15.80489254, -17.7079257965], [1481.4239502, 285.70703125, 1280.51477051, 453.919555664, 338.385070801, 226.283966064, 24.9895915985, 70.9044952393, -24.5418300629, 16.2289199829, -97.1122817993, 19.3814582825, -18.2218742371], [2103.06542969, 134.615722656, 453.919555664, 597.980957031, 59.0586013794, 236.639755249, -24.677532196, 47.0604782104, -38.949054718, 15.0337266922, -49.1075935364, 17.0732326508, -16.4967956543], [-271.362365723, 126.102462769, 338.385070801, 59.0586013794, 256.633758545, 49.3803634644, 59.5704994202, 28.844078064, 24.9666042328, 8.55697631836, 1.83210682869, 11.3769445419, 7.9720954895], [849.94934082, 16.0682163239, 226.283966064, 236.639755249, 49.3803634644, 173.843399048, 26.6108455658, 43.6202888489, -1.25938892365, 16.0446071625, -15.2847471237, 14.673995018, -6.65818357468], [-557.389770508, -72.5355987549, 24.9895915985, -24.677532196, 59.5704994202, 26.6108455658, 115.965621948, 39.9345932007, 48.6279373169, 25.9077014923, 26.9950428009, 12.6043787003, 11.1701450348], [259.032470703, 28.4570522308, 70.9044952393, 47.0604782104, 28.844078064, 43.6202888489, 39.9345932007, 70.5019607544, 29.4517440796, 24.6671123505, -1.35044908524, 12.3482723236, 0.809327840805], [-412.59677124, -63.8499259949, -24.5418300629, -38.949054718, 24.9666042328, -1.25938892365, 48.6279373169, 29.4517440796, 75.0560379028, 36.9719467163, 35.8265609741, 11.2848653793, 14.5203781128], [-0.961355745792, -19.2920856476, 16.2289199829, 15.0337266922, 8.55697631836, 16.0446071625, 25.9077014923, 24.6671123505, 36.9719467163, 58.9532928467, 31.7782497406, 21.3769283295, 5.71133041382], [-462.685089111, -77.5497741699, -97.1122817993, -49.1075935364, 1.83210682869, -15.2847471237, 26.9950428009, -1.35044908524, 35.8265609741, 31.7782497406, 73.201385498, 32.9017982483, 21.1768379211], [61.4478225708, -15.80489254, 19.3814582825, 17.0732326508, 11.3769445419, 14.673995018, 12.6043787003, 12.3482723236, 11.2848653793, 21.3769283295, 32.9017982483, 50.8392448425, 27.2107219696], [-197.197814941, -17.7079257965, -18.2218742371, -16.4967956543, 7.9720954895, -6.65818357468, 11.1701450348, 0.809327840805, 14.5203781128, 5.71133041382, 21.1768379211, 27.2107219696, 47.8408851624]], "icov": [[0.000175952227437, -0.00027913521626, 8.08809454611e-06, -0.000312453164952, 0.000389581371564, -0.000359463272616, 0.00053381267935, -0.000405814906117, 7.29063685867e-05, -0.000148391962284, 0.000577596132644, -0.000798619526904, 0.000478715082863], [-0.00027913521626, 0.00201643886976, 7.62480995036e-05, 0.000245489092777, -0.00183641293552, 0.00133555091452, 0.0004281878646, -0.000938473735005, 0.0013288310729, -0.000622778898105, 3.70806119463e-05, 0.00153110735118, -0.00109897099901], [8.08809454611e-06, 7.62480995036e-05, 0.00210083904676, -0.000815007777419, -0.00256662862375, -0.000467126286821, 0.000405026134104, 0.000394278060412, 1.22341202768e-06, -0.00143223488703, 0.00355249317363, -0.00200954102911, 0.000583223882131], [-0.000312453164952, 0.000245489092777, -0.000815007777419, 0.00521741947159, 3.37709861924e-05, -0.00503058265895, 0.000853939389344, 0.000541755114682, 0.000990052358247, -0.000713206536602, -0.00120434816927, 0.0016337800771, -0.00123416876886], [0.000389581371564, -0.00183641293552, -0.00256662862375, 3.37709861924e-05, 0.00953726842999, -0.00120616459753, -0.00253337412141, 1.87707464647e-05, -0.00208138092421, 0.00304966350086, -0.00258287717588, -0.000712812528946, 0.000610608723946], [-0.000359463272616, 0.00133555091452, -0.000467126286821, -0.00503058265895, -0.00120616459753, 0.0166766270995, -0.00443105772138, -0.00332472356968, 0.00123430904932, 0.000442256598035, -0.000606558925938, -0.000408470950788, 0.000786218326539], [0.00053381267935, 0.0004281878646, 0.000405026134104, 0.000853939389344, -0.00253337412141, -0.00443105772138, 0.0184467826039, -0.00816121138632, -0.00330566731282, -0.000706782971974, -0.000918132485822, -5.7964334701e-05, -2.88752817141e-05], [-0.000405814906117, -0.000938473735005, 0.000394278060412, 0.000541755114682, 1.87707464647e-05, -0.00332472356968, -0.00816121138632, 0.0299790911376, -0.0114905582741, -0.0042587639764, 0.0106258252636, -0.00890092831105, 0.00360444793478], [7.29063685867e-05, 0.0013288310729, 1.22341202768e-06, 0.000990052358247, -0.00208138092421, 0.00123430904932, -0.00330566731282, -0.0114905582741, 0.0339709632099, -0.0132503695786, -0.0103831859306, 0.013331182301, -0.00909606181085], [-0.000148391962284, -0.000622778898105, -0.00143223488703, -0.000713206536602, 0.00304966350086, 0.000442256598035, -0.000706782971974, -0.0042587639764, -0.0132503695786, 0.0352227650583, -0.0114501640201, -0.00706812227145, 0.00706212269142], [0.000577596132644, 3.70806119463e-05, 0.00355249317363, -0.00120434816927, -0.00258287717588, -0.000606558925938, -0.000918132485822, 0.0106258252636, -0.0103831859306, -0.0114501640201, 0.0420718751848, -0.0255660191178, 0.0041494788602], [-0.000798619526904, 0.00153110735118, -0.00200954102911, 0.0016337800771, -0.000712812528946, -0.000408470950788, -5.7964334701e-05, -0.00890092831105, 0.013331182301, -0.00706812227145, -0.0255660191178, 0.0538309291005, -0.0252044033259], [0.000478715082863, -0.00109897099901, 0.000583223882131, -0.00123416876886, 0.000610608723946, 0.000786218326539, -2.88752817141e-05, 0.00360444793478, -0.00909606181085, 0.00706212269142, 0.0041494788602, -0.0252044033259, 0.0366356596351]]}, "melbands": {"dmean": [0.00233110133559, 0.00215584039688, 0.0010604854906, 0.000471030245535, 0.000346222717781, 0.000277065410046, 0.000143452460179, 0.000102932637674, 0.000185827244422, 0.000119414384244, 0.000111559704237, 9.36134383664e-05, 5.75832928007e-05, 8.92601019586e-05, 5.30779361725e-05, 3.03459546558e-05, 2.96383750538e-05, 2.41295183514e-05, 2.64193895418e-05, 1.24345315271e-05, 1.67932321347e-05, 1.4253799236e-05, 1.16776636787e-05, 9.53577637119e-06, 7.31522140995e-06, 5.21548145116e-06, 4.91459786645e-06, 4.79280924992e-06, 4.01231864089e-06, 2.93527841677e-06, 3.19367723023e-06, 3.88158969145e-06, 5.16660611538e-06, 3.46524893757e-06, 2.77497201751e-06, 3.36997572958e-06, 2.58874138126e-06, 1.99693477043e-06, 1.19499532047e-06, 1.07505388769e-06], "dmean2": [0.00382597092539, 0.00325057073496, 0.00165378372185, 0.000794818275608, 0.000512097030878, 0.000376086274628, 0.000186185105122, 0.000138326751767, 0.000258860061876, 0.000177620633622, 0.000166238038219, 0.000144341640407, 9.13465482881e-05, 0.000144082587212, 8.95911507541e-05, 5.15453430125e-05, 5.05367315782e-05, 4.02770820074e-05, 4.44397046522e-05, 2.14382798731e-05, 2.9252962122e-05, 2.48937139986e-05, 2.05566793738e-05, 1.67740636243e-05, 1.28641650008e-05, 9.11764345801e-06, 8.40680513647e-06, 7.9400915638e-06, 6.86782959747e-06, 4.92252092954e-06, 5.36657489647e-06, 6.24484573564e-06, 8.2149363152e-06, 5.6058725022e-06, 4.3912050387e-06, 5.25145060237e-06, 4.15887734562e-06, 3.40996257364e-06, 1.92192237591e-06, 1.89317609056e-06], "dvar": [1.33396970341e-05, 1.18174884847e-05, 3.76529305868e-06, 1.1811209788e-06, 3.57570570486e-07, 1.7054617274e-07, 6.34242169895e-08, 4.14911909274e-08, 1.19641356378e-07, 5.36124282746e-08, 4.79489727923e-08, 4.87861697707e-08, 1.3472517324e-08, 6.2452045313e-08, 8.47952197347e-09, 2.57084686872e-09, 2.18115325801e-09, 1.75978465133e-09, 2.37168484851e-09, 3.8553166215e-10, 8.73954519864e-10, 5.43628753125e-10, 4.8707737843e-10, 2.40427983078e-10, 1.10738210268e-10, 6.26056151365e-11, 3.98951184588e-11, 4.46160053347e-11, 2.67352980032e-11, 1.26087664615e-11, 1.53996242841e-11, 2.45104648383e-11, 5.22651470714e-11, 2.12175017139e-11, 1.49367324065e-11, 2.58407271275e-11, 1.77995534978e-11, 1.552044257e-11, 3.19826088356e-12, 4.07272089317e-12], "dvar2": [3.63171275239e-05, 2.70411437668e-05, 8.71670818015e-06, 3.10922109747e-06, 7.91034153735e-07, 2.95042866583e-07, 8.00367914167e-08, 5.53486394494e-08, 2.00087598046e-07, 1.06028188895e-07, 9.26416774405e-08, 1.00838491335e-07, 2.86972454688e-08, 1.4135633819e-07, 2.17885975928e-08, 6.85761936126e-09, 5.92660676091e-09, 4.59386750862e-09, 6.18637141514e-09, 1.08843800639e-09, 2.45707454383e-09, 1.53469081887e-09, 1.39272759991e-09, 6.84145129437e-10, 3.27311650006e-10, 1.8184301287e-10, 1.17830842306e-10, 1.02670573432e-10, 7.73401273579e-11, 3.34060938634e-11, 3.95253205165e-11, 5.54402565522e-11, 1.09007844418e-10, 4.73319924921e-11, 3.46026159115e-11, 5.95889518284e-11, 4.66525394704e-11, 4.29394644841e-11, 7.25787832612e-12, 1.12072712222e-11], "max": [0.0435180589557, 0.0370224863291, 0.0232965853065, 0.00920179579407, 0.0155094442889, 0.00918694213033, 0.00834979396313, 0.00594487646595, 0.0113547034562, 0.00552262505516, 0.0049204765819, 0.00695318123326, 0.0033931680955, 0.00665537966415, 0.00147210678551, 0.000860845728312, 0.00110507407226, 0.000764008553233, 0.000863933586515, 0.000207616045373, 0.000608702888712, 0.000402551842853, 0.000233512313571, 0.000192621009774, 0.000152022868861, 9.40258832998e-05, 0.000100399163784, 0.000105092680315, 9.12956529646e-05, 5.86491696595e-05, 6.22785009909e-05, 5.8729416196e-05, 8.54999307194e-05, 5.5833166698e-05, 5.58329229534e-05, 4.66946075903e-05, 4.68722973892e-05, 3.50381815224e-05, 1.79524304258e-05, 1.79638536792e-05], "mean": [0.00405498035252, 0.00376014667563, 0.00153417570982, 0.000598084647208, 0.000754470936954, 0.000736766611226, 0.000349484587787, 0.000203217525268, 0.000352741277311, 0.000201013695914, 0.000187052501133, 0.000153426881297, 9.23231127672e-05, 0.000135785972816, 7.70332335378e-05, 4.38490933448e-05, 4.43558710685e-05, 3.75255258405e-05, 3.99166456191e-05, 2.11200313061e-05, 2.64690424956e-05, 2.19977791858e-05, 1.72003419721e-05, 1.60848812811e-05, 1.30123726194e-05, 9.83947757049e-06, 1.00037677839e-05, 1.00565766843e-05, 8.78188529896e-06, 7.16290696801e-06, 7.53862605052e-06, 8.6598456619e-06, 1.09032453111e-05, 7.66086031945e-06, 5.8721871028e-06, 6.34084653939e-06, 4.8204583436e-06, 3.44884256265e-06, 2.24723635256e-06, 1.66057498063e-06], "median": [0.0023701468017, 0.00208751461469, 0.000881352927536, 0.000318364938721, 0.000290866708383, 0.000376142503228, 0.000129140666104, 6.64724429953e-05, 9.83424906735e-05, 7.38418166293e-05, 7.41868498153e-05, 5.6804423366e-05, 4.58461800008e-05, 5.32095582457e-05, 3.88313092117e-05, 2.68549702014e-05, 2.97413425869e-05, 2.31362355407e-05, 2.17581527977e-05, 1.54908957484e-05, 1.68977476278e-05, 1.45244839587e-05, 1.20139693536e-05, 1.23860572785e-05, 1.01350196928e-05, 7.68336212786e-06, 7.74884756538e-06, 6.80852690493e-06, 6.90954266247e-06, 5.53608242626e-06, 6.01060673944e-06, 6.3346733441e-06, 6.28902262179e-06, 5.708045137e-06, 4.64768208985e-06, 4.63738979306e-06, 3.60049216397e-06, 2.50161679105e-06, 1.59627120411e-06, 1.03100524029e-06], "min": [9.07726034299e-16, 2.89413846841e-16, 1.07053225186e-16, 5.40179578767e-17, 1.17425302443e-17, 6.06505037864e-17, 1.7256647233e-16, 4.09220357423e-16, 3.27878010022e-16, 1.67070379938e-16, 1.69910521115e-16, 2.13597515919e-16, 6.51586844469e-17, 1.36471235309e-16, 2.59717242287e-16, 3.54394482315e-16, 9.62703766531e-17, 8.93018035088e-17, 2.20765863107e-16, 3.36827971901e-16, 2.23139395009e-16, 4.70643110411e-16, 3.15778594357e-16, 1.09129746308e-16, 2.04246431e-16, 2.10688672429e-16, 1.39181899559e-16, 1.97453041475e-16, 2.31769284313e-16, 3.04392883359e-16, 1.9248083896e-16, 1.16071254103e-16, 1.37065865673e-16, 1.71954835133e-16, 1.46843630204e-16, 1.30528359507e-16, 1.45127951735e-16, 1.67256594838e-16, 1.47748870197e-16, 2.09496804428e-16], "var": [2.15659038076e-05, 2.20142064791e-05, 4.71073053632e-06, 1.01804107544e-06, 1.533140221e-06, 1.04782486687e-06, 4.79019604427e-07, 2.24862972686e-07, 4.79090033423e-07, 1.33770271304e-07, 1.19542775678e-07, 1.05411039897e-07, 2.62480170932e-08, 1.19813279298e-07, 1.31673711934e-08, 3.13724179968e-09, 2.6061748315e-09, 2.4403123966e-09, 3.48388473626e-09, 4.35516789299e-10, 1.12251219431e-09, 6.18454121248e-10, 4.14492218326e-10, 2.41613673513e-10, 1.38229885871e-10, 7.9129522379e-11, 7.81297318508e-11, 1.00436728379e-10, 5.87837764576e-11, 3.8682033271e-11, 4.32611134416e-11, 6.08825490023e-11, 1.36485600599e-10, 4.84829572323e-11, 3.08597869481e-11, 4.39250684436e-11, 2.35793901765e-11, 1.44105109789e-11, 5.06422421359e-12, 3.68370091375e-12]}, "mfcc": {"mean": [-600.286437988, 94.0677566528, 15.5040092468, 17.9471168518, 4.27774953842, 13.8130979538, 1.71248912811, 9.35022544861, 0.440911203623, 3.06123971939, 0.350598096848, 2.31898760796, 0.991299033165], "cov": [[8750.49707031, 870.132446289, 928.095703125, 658.818908691, 388.406585693, 330.571105957, 53.0713272095, 193.363998413, 25.3037338257, 44.2994041443, -56.3260421753, -40.2449073792, -86.8100738525], [870.132446289, 875.178894043, 198.610046387, 150.515182495, 182.875045776, 11.552479744, 39.5650787354, 13.5245761871, 42.2750854492, -10.8864021301, -15.2057237625, -31.1868133545, -37.2776527405], [928.095703125, 198.610046387, 604.461181641, 236.937728882, 217.47744751, 143.12437439, 69.3216934204, 51.4057235718, 45.8446846008, 26.2281970978, -16.2807579041, -16.4493122101, -23.105846405], [658.818908691, 150.515182495, 236.937728882, 220.458816528, 137.993209839, 94.1153488159, 49.4846115112, 35.3410110474, 24.1669044495, 19.9489593506, -6.19118356705, 0.11095546931, -4.96503639221], [388.406585693, 182.875045776, 217.47744751, 137.993209839, 203.190811157, 85.5637207031, 46.7634239197, 31.6003456116, 21.9696769714, 8.81530952454, -6.84458827972, -2.48174381256, -14.8437194824], [330.571105957, 11.552479744, 143.12437439, 94.1153488159, 85.5637207031, 110.772460938, 48.1403198242, 34.3161621094, 17.6024837494, 22.4149284363, -0.887273550034, 8.84456539154, 5.9580078125], [53.0713272095, 39.5650787354, 69.3216934204, 49.4846115112, 46.7634239197, 48.1403198242, 67.2489547729, 36.7006912231, 23.8458995819, 13.6516056061, 4.10745811462, 7.50551700592, 10.0409727097], [193.363998413, 13.5245761871, 51.4057235718, 35.3410110474, 31.6003456116, 34.3161621094, 36.7006912231, 58.0878677368, 31.3604717255, 15.3717269897, 5.17982053757, 7.70482397079, 7.18739271164], [25.3037338257, 42.2750854492, 45.8446846008, 24.1669044495, 21.9696769714, 17.6024837494, 23.8458995819, 31.3604717255, 55.0170021057, 28.455242157, 12.7388486862, 4.13188409805, 5.69133043289], [44.2994041443, -10.8864021301, 26.2281970978, 19.9489593506, 8.81530952454, 22.4149284363, 13.6516056061, 15.3717269897, 28.455242157, 49.8894844055, 23.9336719513, 10.5335197449, 5.46268939972], [-56.3260421753, -15.2057237625, -16.2807579041, -6.19118356705, -6.84458827972, -0.887273550034, 4.10745811462, 5.17982053757, 12.7388486862, 23.9336719513, 43.9670219421, 23.7975025177, 11.2533588409], [-40.2449073792, -31.1868133545, -16.4493122101, 0.11095546931, -2.48174381256, 8.84456539154, 7.50551700592, 7.70482397079, 4.13188409805, 10.5335197449, 23.7975025177, 46.840675354, 35.2860298157], [-86.8100738525, -37.2776527405, -23.105846405, -4.96503639221, -14.8437194824, 5.9580078125, 10.0409727097, 7.18739271164, 5.69133043289, 5.46268939972, 11.2533588409, 35.2860298157, 66.2976303101]], "icov": [[0.000199558882741, -0.000209457386518, -0.000144972393173, -0.000394943665015, 0.000319608720019, -0.000410024978919, 0.000817199063022, -0.00102514575701, 0.000669984146953, -0.000180756062036, 4.14601781813e-05, -1.3312253941e-05, 0.000116629693366], [-0.000209457386518, 0.00194910296705, 0.000173074629856, -0.000468792131869, -0.00187979417387, 0.00223221862689, -0.0016878019087, 0.00202730088495, -0.00234123249538, 0.00118781882338, -0.000232372243772, 0.000582269043662, 9.38938028412e-05], [-0.000144972393173, 0.000173074629856, 0.00362046808004, -0.00172140263021, -0.00184102542698, -0.00147781602573, -0.000257711100858, 0.00110560469329, -0.00203226786107, 0.000461443094537, 0.000228030214203, 0.00113639503252, 0.000173052190803], [-0.000394943665015, -0.000468792131869, -0.00172140263021, 0.0116641037166, -0.0033253848087, -0.00289988541044, -0.00203565391712, 0.00111629918683, 0.00015724307741, -0.00192650547251, 0.00127595325466, -0.000566389178857, -0.000573675904889], [0.000319608720019, -0.00187979417387, -0.00184102542698, -0.0033253848087, 0.0127848833799, -0.00557725783437, 0.000500629306771, -0.00190488575026, 0.000600592873525, 0.0022288269829, -0.000206944867386, -0.00238843937404, 0.00303637632169], [-0.000410024978919, 0.00223221862689, -0.00147781602573, -0.00289988541044, -0.00557725783437, 0.0248435810208, -0.0101405316964, -0.00102906685788, 0.0034998038318, -0.00808150321245, 0.00531853828579, -0.00328370509669, -0.000637569522951], [0.000817199063022, -0.0016878019087, -0.000257711100858, -0.00203565391712, 0.000500629306771, -0.0101405316964, 0.032627042383, -0.015731735155, -6.90967062837e-05, 0.00124641065486, -0.00216383859515, 0.00195836042985, -0.00310560455546], [-0.00102514575701, 0.00202730088495, 0.00110560469329, 0.00111629918683, -0.00190488575026, -0.00102906685788, -0.015731735155, 0.0398374609649, -0.0197533201426, 0.00434921728447, 0.00167080014944, -0.00409462908283, 0.00122936279513], [0.000669984146953, -0.00234123249538, -0.00203226786107, 0.00015724307741, 0.000600592873525, 0.0034998038318, -6.90967062837e-05, -0.0197533201426, 0.0415611751378, -0.019317375496, -0.00155684410129, 0.00511232297868, -0.00359660526738], [-0.000180756062036, 0.00118781882338, 0.000461443094537, -0.00192650547251, 0.0022288269829, -0.00808150321245, 0.00124641065486, 0.00434921728447, -0.019317375496, 0.0422479510307, -0.0196367446333, 0.00302171660587, 0.000914853531867], [4.14601781813e-05, -0.000232372243772, 0.000228030214203, 0.00127595325466, -0.000206944867386, 0.00531853828579, -0.00216383859515, 0.00167080014944, -0.00155684410129, -0.0196367446333, 0.0459793917835, -0.0250762645155, 0.00701455911621], [-1.3312253941e-05, 0.000582269043662, 0.00113639503252, -0.000566389178857, -0.00238843937404, -0.00328370509669, 0.00195836042985, -0.00409462908283, 0.00511232297868, 0.00302171660587, -0.0250762645155, 0.0525323338807, -0.0238197930157], [0.000116629693366, 9.38938028412e-05, 0.000173052190803, -0.000573675904889, 0.00303637632169, -0.000637569522951, -0.00310560455546, 0.00122936279513, -0.00359660526738, 0.000914853531867, 0.00701455911621, -0.0238197930157, 0.0281010437757]]}, "spectral_contrast_coeffs": {"dmean": [0.0483340732753, 0.0475218892097, 0.0405913032591, 0.0292653311044, 0.0193876773119, 0.0154581973329], "dmean2": [0.07784216851, 0.0734156966209, 0.064948387444, 0.0484613478184, 0.0323605388403, 0.0248273685575], "dvar": [0.00153951451648, 0.00151677324902, 0.00104942393955, 0.000561826338526, 0.00026302941842, 0.000205724441912], "dvar2": [0.00382053898647, 0.00355752347969, 0.00259404280223, 0.00147119408939, 0.000671691435855, 0.00050914491294], "max": [-0.3653896451, -0.361523389816, -0.517203986645, -0.612810075283, -0.629586875439, -0.679948449135], "mean": [-0.660622060299, -0.699807226658, -0.768209993839, -0.799891233444, -0.803027808666, -0.765017926693], "median": [-0.666648566723, -0.70171380043, -0.774124264717, -0.80788397789, -0.807963013649, -0.759675621986], "min": [-0.989831745625, -0.958671987057, -0.962321698666, -0.955582678318, -0.953885436058, -0.926201820374], "var": [0.00634835567325, 0.00704727694392, 0.00468558538705, 0.0023964876309, 0.00151879957411, 0.0011693519773]}, "spectral_contrast_valleys": {"dmean": [0.353274077177, 0.365819305182, 0.316758304834, 0.275390684605, 0.214510902762, 0.256159394979], "dmean2": [0.587320804596, 0.584525227547, 0.518970727921, 0.450485497713, 0.344823360443, 0.392617404461], "dvar": [0.0992782339454, 0.0981466472149, 0.0811852291226, 0.0737302526832, 0.0573104731739, 0.124105922878], "dvar2": [0.249119371176, 0.238890722394, 0.205683097243, 0.182171806693, 0.13378739357, 0.266894608736], "max": [-5.33675956726, -4.58895778656, -5.30514144897, -5.50185680389, -5.67687034607, -7.54087877274], "mean": [-7.1085267067, -6.74379301071, -7.127474