{"lowlevel": {"average_loudness": 0.520805478096, "barkbands_crest": {"dmean": 1.98583769798, "dmean2": 3.25862908363, "dvar": 6.14976024628, "dvar2": 16.6065349579, "max": 26.2237586975, "mean": 15.0079927444, "median": 15.2346124649, "min": 2.55642461777, "var": 28.013589859}, "barkbands_flatness_db": {"dmean": 0.0314929820597, "dmean2": 0.0448587611318, "dvar": 0.00156092119869, "dvar2": 0.00321651948616, "max": 0.63024866581, "mean": 0.310868233442, "median": 0.315590023994, "min": 0.0185959115624, "var": 0.00952556170523}, "barkbands_kurtosis": {"dmean": 7.25266838074, "dmean2": 11.5358247757, "dvar": 320.322357178, "dvar2": 769.016662598, "max": 451.570556641, "mean": 15.6636705399, "median": 5.43488693237, "min": -1.75967860222, "var": 744.393615723}, "barkbands_skewness": {"dmean": 0.662753582001, "dmean2": 1.0325653553, "dvar": 0.83857101202, "dvar2": 2.00780701637, "max": 17.0909557343, "mean": 2.48485636711, "median": 1.95141518116, "min": -3.09684848785, "var": 4.480052948}, "barkbands_spread": {"dmean": 2.45434570312, "dmean2": 3.87374782562, "dvar": 37.5266151428, "dvar2": 84.5781936646, "max": 113.487998962, "mean": 7.24282836914, "median": 5.35666275024, "min": 0.213682353497, "var": 69.3801193237}, "dissonance": {"dmean": 0.028062498197, "dmean2": 0.0452700145543, "dvar": 0.000732670014258, "dvar2": 0.00179523567203, "max": 0.499798595905, "mean": 0.402103126049, "median": 0.406120091677, "min": 0.121631100774, "var": 0.00268709566444}, "dynamic_complexity": 7.97048854828, "erbbands_crest": {"dmean": 1.79729950428, "dmean2": 2.67301487923, "dvar": 4.07337999344, "dvar2": 8.80313777924, "max": 31.106678009, "mean": 11.8561553955, "median": 10.7051811218, "min": 2.44230175018, "var": 27.2312774658}, "erbbands_flatness_db": {"dmean": 0.0248461011797, "dmean2": 0.0328572019935, "dvar": 0.00122631189879, "dvar2": 0.00208448851481, "max": 0.502646625042, "mean": 0.263858020306, "median": 0.284950077534, "min": 0.0333364009857, "var": 0.0096273208037}, "erbbands_kurtosis": {"dmean": 1.03752923012, "dmean2": 1.57577514648, "dvar": 2.96978092194, "dvar2": 6.49243307114, "max": 40.6663551331, "mean": 1.39683878422, "median": 0.409202933311, "min": -1.6982998848, "var": 10.340265274}, "erbbands_skewness": {"dmean": 0.304803192616, "dmean2": 0.452563613653, "dvar": 0.138142615557, "dvar2": 0.313735991716, "max": 5.41977262497, "mean": 0.814394176006, "median": 0.743680715561, "min": -1.74068307877, "var": 0.587757527828}, "erbbands_spread": {"dmean": 6.16049718857, "dmean2": 9.04159450531, "dvar": 142.033935547, "dvar2": 283.34866333, "max": 157.624603271, "mean": 24.1298351288, "median": 17.9585514069, "min": 1.77515614033, "var": 383.471588135}, "hfc": {"dmean": 3.22553348541, "dmean2": 4.63618135452, "dvar": 72.1475448608, "dvar2": 153.14414978, "max": 162.070281982, "mean": 9.2197265625, "median": 4.36281108856, "min": 1.07767915852e-16, "var": 205.225311279}, "melbands_crest": {"dmean": 2.04952812195, "dmean2": 3.27862620354, "dvar": 6.54478740692, "dvar2": 15.3748483658, "max": 36.1151885986, "mean": 18.3539028168, "median": 18.4149780273, "min": 1.46854114532, "var": 36.6212921143}, "melbands_flatness_db": {"dmean": 0.0342143625021, "dmean2": 0.0473386198282, "dvar": 0.00223960122094, "dvar2": 0.00445406278595, "max": 0.820853412151, "mean": 0.435170322657, "median": 0.442995160818, "min": 0.00096578738885, "var": 0.0147391809151}, "melbands_kurtosis": {"dmean": 10.7863969803, "dmean2": 16.8463191986, "dvar": 953.595031738, "dvar2": 2345.83374023, "max": 737.623291016, "mean": 24.9965782166, "median": 9.24129486084, "min": -1.57552158833, "var": 1782.00720215}, "melbands_skewness": {"dmean": 0.653587698936, "dmean2": 0.985571563244, "dvar": 1.12477707863, "dvar2": 2.48125553131, "max": 21.1503772736, "mean": 3.05495715141, "median": 2.36610221863, "min": -1.52539885044, "var": 5.37686061859}, "melbands_spread": {"dmean": 1.85548007488, "dmean2": 2.91992902756, "dvar": 32.3838729858, "dvar2": 70.0536956787, "max": 166.885452271, "mean": 7.65943479538, "median": 5.57500934601, "min": 0.239885613322, "var": 174.657928467}, "pitch_salience": {"dmean": 0.0556377805769, "dmean2": 0.0919270962477, "dvar": 0.00383152184077, "dvar2": 0.0100606335327, "max": 0.969539284706, "mean": 0.450769484043, "median": 0.442066252232, "min": 0.0725892782211, "var": 0.0238473024219}, "silence_rate_20dB": {"dmean": 0, "dmean2": 0, "dvar": 0, "dvar2": 0, "max": 1, "mean": 1, "median": 1, "min": 1, "var": 0}, "silence_rate_30dB": {"dmean": 0.0394847728312, "dmean2": 0.0789790526032, "dvar": 0.0379243120551, "dvar2": 0.081644937396, "max": 1, "mean": 0.93139141798, "median": 1, "min": 0, "var": 0.0638981610537}, "silence_rate_60dB": {"dmean": 0.0187793429941, "dmean2": 0.0375632084906, "dvar": 0.0184252150357, "dvar2": 0.0397585779428, "max": 1, "mean": 0.27684161067, "median": 0, "min": 0, "var": 0.200208991766}, "spectral_centroid": {"dmean": 105.587738037, "dmean2": 163.136367798, "dvar": 86765.78125, "dvar2": 191043.765625, "max": 11703.3076172, "mean": 572.447875977, "median": 406.059082031, "min": 100.580322266, "var": 928679.5}, "spectral_complexity": {"dmean": 1.4874202013, "dmean2": 2.44570183754, "dvar": 9.48372364044, "dvar2": 23.0309066772, "max": 50, "mean": 8.0859413147, "median": 8, "min": 0, "var": 31.598110199}, "spectral_decrease": {"dmean": 2.59534371772e-09, "dmean2": 4.26275814647e-09, "dvar": 5.75891017219e-17, "dvar2": 1.52880288436e-16, "max": 1.1647799355e-26, "mean": -1.00705435102e-08, "median": -6.97298530028e-09, "min": -1.26198912653e-07, "var": 1.3467741805e-16}, "spectral_energy": {"dmean": 0.0100306551903, "dmean2": 0.0164144504815, "dvar": 0.000843034591526, "dvar2": 0.00222683488391, "max": 0.479955554008, "mean": 0.0388447865844, "median": 0.0271169580519, "min": 1.01422941351e-20, "var": 0.00200075143948}, "spectral_energyband_high": {"dmean": 0.000142312172102, "dmean2": 0.000228606324526, "dvar": 4.13699126511e-07, "dvar2": 1.11544738957e-06, "max": 0.0196731891483, "mean": 0.000156710739248, "median": 6.25882307759e-07, "min": 7.16548517578e-21, "var": 3.76781571276e-07}, "spectral_energyband_low": {"dmean": 0.00722966389731, "dmean2": 0.012808973901, "dvar": 0.00071648042649, "dvar2": 0.00202115206048, "max": 0.459801405668, "mean": 0.0266176760197, "median": 0.0145753696561, "min": 2.64279384193e-23, "var": 0.00118763057981}, "spectral_energyband_middle_high": {"dmean": 0.000475034554256, "dmean2": 0.000670014182106, "dvar": 4.53015718449e-06, "dvar2": 1.00034403658e-05, "max": 0.0859561040998, "mean": 0.00142366020009, "median": 0.00030537735438, "min": 1.21096363913e-21, "var": 1.29609779833e-05}, "spectral_energyband_middle_low": {"dmean": 0.00354076339863, "dmean2": 0.00487493211403, "dvar": 0.000106047329609, "dvar2": 0.000179468319402, "max": 0.267521977425, "mean": 0.0110044116154, "median": 0.00432054745033, "min": 1.59481863507e-22, "var": 0.000381729652872}, "spectral_entropy": {"dmean": 0.2458152771, "dmean2": 0.342379957438, "dvar": 0.144861504436, "dvar2": 0.272614270449, "max": 9.81671047211, "mean": 6.25051498413, "median": 6.02606964111, "min": 4.21853590012, "var": 0.698914170265}, "spectral_flux": {"dmean": 0.0222311466932, "dmean2": 0.0352985113859, "dvar": 0.00203623785637, "dvar2": 0.00408221362159, "max": 0.579142391682, "mean": 0.0458143651485, "median": 0.0282538831234, "min": 6.35698577112e-11, "var": 0.00332842767239}, "spectral_kurtosis": {"dmean": 20.0311279297, "dmean2": 32.8214035034, "dvar": 605.451538086, "dvar2": 1529.0949707, "max": 466.416870117, "mean": 57.1977005005, "median": 37.6995010376, "min": -1.25907242298, "var": 3291.6796875}, "spectral_rms": {"dmean": 0.000625379150733, "dmean2": 0.000983613310382, "dvar": 1.90764080799e-06, "dvar2": 4.65449556941e-06, "max": 0.0216390695423, "mean": 0.00500133866444, "median": 0.00514349760488, "min": 3.14561939864e-12, "var": 1.28839783429e-05}, "spectral_rolloff": {"dmean": 128.190246582, "dmean2": 224.794494629, "dvar": 419582.0625, "dvar2": 943663.8125, "max": 19444.4824219, "mean": 576.764770508, "median": 366.064453125, "min": 21.533203125, "var": 2984439.75}, "spectral_skewness": {"dmean": 1.15314674377, "dmean2": 1.84700202942, "dvar": 1.48882949352, "dvar2": 3.69540166855, "max": 17.7508850098, "mean": 4.78932142258, "median": 4.24199867249, "min": -0.059585429728, "var": 7.92599773407}, "spectral_spread": {"dmean": 718438.6875, "dmean2": 1024744.9375, "dvar": 1577865838590.0, "dvar2": 2752333217790.0, "max": 42385032, "mean": 2680560.25, "median": 1343422.25, "min": 267714.96875, "var": 15871880724500.0}, "spectral_strongpeak": {"dmean": 0.191609323025, "dmean2": 0.307828873396, "dvar": 0.286428749561, "dvar2": 0.559761464596, "max": 8.66539859772, "mean": 0.593189418316, "median": 0.418331742287, "min": 0, "var": 0.81990557909}, "zerocrossingrate": {"dmean": 0.00515878200531, "dmean2": 0.00636329362169, "dvar": 0.000137700350024, "dvar2": 0.000193619154743, "max": 0.5185546875, "mean": 0.0244065988809, "median": 0.0166015625, "min": 0.001953125, "var": 0.00233446853235}, "barkbands": {"dmean": [0.000605346867815, 0.00594196096063, 0.00144498806912, 0.000347312772647, 0.00116334797349, 0.000794612860773, 0.00150533847045, 0.000412675348343, 0.000323445536196, 0.000168150887475, 9.72193811322e-05, 4.62859243271e-05, 0.000108719534182, 3.629755156e-05, 5.36339503014e-05, 3.79317862098e-05, 3.42957464454e-05, 2.9266178899e-05, 2.65358085016e-05, 1.89048969332e-05, 1.91498329514e-05, 4.91326463816e-05, 1.6361789676e-05, 1.67345460795e-05, 1.18801235658e-05, 1.77880574483e-05, 7.94394873083e-06], "dmean2": [0.00102820061147, 0.0105654578656, 0.00257971324027, 0.000595971767325, 0.00187801301945, 0.00121330283582, 0.0019199346425, 0.000516218424309, 0.000421511242166, 0.000235055907979, 0.000144491670653, 7.49964819988e-05, 0.00014410019503, 5.49214528291e-05, 8.60562722664e-05, 5.86648602621e-05, 5.27136544406e-05, 4.67153986392e-05, 4.43129792984e-05, 2.91796022793e-05, 3.06865767925e-05, 8.75380501384e-05, 2.60153010458e-05, 2.6568532121e-05, 1.84995315067e-05, 2.82899036392e-05, 1.25259402921e-05], "dvar": [1.42042620155e-06, 0.000504898431245, 2.82870933006e-05, 7.89273883584e-07, 1.12092047857e-05, 1.34567180794e-05, 5.79942134209e-05, 3.8670923459e-06, 7.17152170182e-06, 1.4574617353e-06, 2.48189110152e-07, 2.41462423389e-08, 4.99668317389e-07, 2.11406749884e-08, 6.76195668348e-08, 2.45315163738e-08, 1.78863857059e-08, 2.02288283901e-08, 1.7568449806e-08, 4.68629401951e-09, 8.12476308454e-09, 1.58360975888e-07, 3.72936126425e-09, 3.28714788722e-09, 1.56603729984e-09, 4.26346336013e-09, 8.53814074997e-10], "dvar2": [3.95473534809e-06, 0.00143806275446, 8.08225595392e-05, 2.10983512261e-06, 2.55112227023e-05, 3.20393846778e-05, 8.5678002506e-05, 5.68619543628e-06, 1.33098683364e-05, 2.87651459985e-06, 6.03494868301e-07, 6.0845202654e-08, 9.75533566816e-07, 4.93053775585e-08, 1.82018951023e-07, 5.40109255098e-08, 3.99735888834e-08, 5.18982830044e-08, 4.78998707365e-08, 1.1644764264e-08, 2.20187263977e-08, 4.63512151327e-07, 9.5426528901e-09, 7.9641786499e-09, 3.76266218183e-09, 9.88475967745e-09, 2.00833771835e-09], "max": [0.020568607375, 0.41301202774, 0.0934173464775, 0.0181757621467, 0.0901320129633, 0.0929953083396, 0.231246471405, 0.0805529877543, 0.103486314416, 0.0603088587523, 0.0228164177388, 0.00348695507273, 0.0262373369187, 0.00403703283519, 0.00928826909512, 0.00671769026667, 0.00414539827034, 0.00320184859447, 0.00277664209716, 0.00139744777698, 0.00259125465527, 0.015256206505, 0.000789175974205, 0.001076032524, 0.000571498065256, 0.000857838895172, 0.000312615477014], "mean": [0.00080512301065, 0.0212636794895, 0.00422078045085, 0.000879383529536, 0.00313270580955, 0.00218865182251, 0.00291234022006, 0.00101889390498, 0.000807560398243, 0.000465195917059, 0.000304180110106, 8.21975845611e-05, 0.00022086763056, 8.16308747744e-05, 9.54676797846e-05, 7.78926405474e-05, 5.94410994381e-05, 3.46636552422e-05, 2.69897482212e-05, 2.18118511839e-05, 2.26006577577e-05, 3.8858026528e-05, 1.78669706656e-05, 2.04792704608e-05, 1.48574063132e-05, 2.16117387026e-05, 9.07443973119e-06], "median": [0.00034190621227, 0.0108120143414, 0.000931524205953, 0.000240504625253, 0.000659755372908, 0.000446046993602, 0.00023973590578, 0.000134235117002, 9.51803813223e-05, 7.04713893356e-05, 2.42607966356e-05, 1.82928852155e-05, 2.50617158599e-05, 1.35605332616e-05, 1.1394286048e-05, 8.89701459528e-06, 4.34836783825e-06, 1.9279980279e-06, 9.3245324706e-07, 3.08907857516e-07, 1.92610542626e-07, 4.33940883227e-08, 1.7780493522e-08, 1.48204790662e-08, 1.51939474335e-08, 2.13332178589e-08, 2.6478414128e-08], "min": [5.97653249139e-25, 1.33552110076e-24, 9.91190711205e-25, 1.07889557639e-24, 1.00444633543e-23, 6.73406063032e-24, 7.53000866191e-24, 1.14953047767e-23, 2.22231425559e-23, 1.0015143761e-23, 1.04098313823e-23, 3.40236528837e-23, 2.61885932875e-23, 2.72484799785e-23, 5.73716637589e-23, 7.90811789794e-23, 7.26271292606e-23, 8.73266497725e-23, 1.60081915288e-22, 1.3168221588e-22, 2.4231691599e-22, 3.58056114136e-22, 4.26134381116e-22, 5.94399447185e-22, 8.32915845904e-22, 1.19122005364e-21, 1.93605318024e-21], "var": [1.690820568e-06, 0.000781110546086, 5.53495556233e-05, 2.73777436632e-06, 3.54926742148e-05, 3.37318779202e-05, 0.000174249304109, 1.34678048198e-05, 2.19103912968e-05, 4.08217147196e-06, 1.36273308726e-06, 4.7712724438e-08, 1.12166435429e-06, 6.21519333777e-08, 8.38765288336e-08, 7.86621043858e-08, 4.54336550604e-08, 2.16626130367e-08, 1.33917419376e-08, 5.96200067093e-09, 7.56983276062e-09, 8.91027127636e-08, 4.13026413071e-09, 5.14349096647e-09, 2.64542654449e-09, 7.26250792837e-09, 1.11902875854e-09]}, "erbbands": {"dmean": [0.185561433434, 1.33697664738, 2.0475435257, 1.20096349716, 2.01323914528, 5.07992839813, 3.58558106422, 8.53125858307, 19.722864151, 16.4543476105, 5.74704504013, 9.05226898193, 3.26471662521, 5.60754346848, 4.2177362442, 2.30930113792, 5.22792291641, 1.83378148079, 2.54527950287, 2.53912615776, 2.14342260361, 1.6842674017, 1.5743534565, 1.56502449512, 1.11925828457, 0.953115046024, 0.877802848816, 1.04926383495, 1.88765764236, 0.758263349533, 0.426823318005, 0.399276435375, 0.266181617975, 0.15791760385, 0.0723619535565, 0.0488442145288, 0.0379929430783, 0.0124587537721, 0.00133000698406, 6.92478715791e-05], "dmean2": [0.326092779636, 2.40562987328, 3.69966459274, 2.0509159565, 3.37431836128, 8.1526260376, 5.71734714508, 12.9019365311, 25.5231781006, 20.1321125031, 7.44861268997, 11.6767873764, 4.89860582352, 7.65566921234, 6.22732973099, 3.48596692085, 6.93133306503, 2.6472234726, 3.98821496964, 4.02626800537, 3.33258390427, 2.56300735474, 2.43784618378, 2.59605073929, 1.87188816071, 1.42946994305, 1.40500104427, 1.80513501167, 3.40206456184, 1.24321687222, 0.676148712635, 0.63492256403, 0.426800429821, 0.245449513197, 0.11359424144, 0.0731078982353, 0.0602292083204, 0.0202452428639, 0.00207749661058, 0.000109317457827], "dvar": [0.454091250896, 25.810087204, 57.3268661499, 11.9042806625, 31.5119857788, 251.98500061, 133.205001831, 1704.50183105, 9576.54980469, 5641.30371094, 604.387512207, 5679.97558594, 318.690032959, 1768.41650391, 408.135498047, 58.3539505005, 1218.83813477, 41.2164993286, 210.965942383, 80.1705932617, 98.005859375, 49.9919166565, 55.6899414062, 55.8538513184, 33.4758300781, 11.089425087, 12.7259159088, 38.727519989, 283.381225586, 11.526971817, 2.62553215027, 1.94466686249, 0.863303124905, 0.282485336065, 0.0597632266581, 0.029083840549, 0.0223749019206, 0.00210191356018, 2.35177521972e-05, 5.361767208e-08], "dvar2": [1.25416660309, 74.7874069214, 164.706771851, 32.5016517639, 85.0568771362, 579.989624023, 301.333862305, 4052.84326172, 14374.0048828, 8029.59667969, 1040.53161621, 10551.9824219, 719.433044434, 3450.53344727, 927.60748291, 135.496704102, 2377.2956543, 83.7183990479, 559.979064941, 201.740600586, 215.121200562, 103.216995239, 139.318374634, 150.531936646, 90.8416976929, 26.0776519775, 33.1046562195, 110.510940552, 833.064147949, 30.8487873077, 6.75958776474, 4.71113586426, 2.17817258835, 0.691591084003, 0.142389565706, 0.0647429898381, 0.0515318512917, 0.00512923114002, 5.43809801457e-05, 1.26229906527e-07], "max": [11.2760820389, 95.8212051392, 118.742179871, 87.0584869385, 119.620185852, 411.531158447, 258.593597412, 1074.65222168, 3077.27880859, 2816.04443359, 1072.18518066, 3022.16918945, 584.720275879, 2138.29980469, 929.780273438, 179.432052612, 1331.82055664, 190.010513306, 565.160888672, 183.858200073, 458.776947021, 268.158843994, 177.329864502, 127.256561279, 137.371582031, 58.0936660767, 70.6823883057, 178.319046021, 670.437866211, 71.1394119263, 21.2202072144, 23.8604354858, 16.9876995087, 9.88786315918, 3.67945766449, 2.65549087524, 2.2231361866, 0.485617876053, 0.05881524086, 0.00318931718357], "mean": [0.601864397526, 4.6834359169, 6.20453834534, 3.76764893532, 4.67558526993, 12.4712343216, 11.4451599121, 25.5865440369, 40.4630622864, 34.8291130066, 15.6945848465, 23.0469665527, 7.87958955765, 17.2087593079, 13.4089136124, 4.91159772873, 10.6944437027, 4.67164993286, 4.74131584167, 4.94184064865, 4.62850618362, 2.9026889801, 2.14224791527, 1.64697003365, 1.13466954231, 1.13123762608, 1.08242619038, 0.937476873398, 1.44092321396, 0.790119349957, 0.473710954189, 0.455762863159, 0.321099460125, 0.188549265265, 0.093759663403, 0.0645603761077, 0.0450058020651, 0.0134580358863, 0.00159168429673, 0.000108939013444], "median": [0.202818766236, 2.51922535896, 1.69282984734, 1.07778167725, 1.26888394356, 2.31793403625, 1.95151495934, 5.36465072632, 4.63060379028, 4.67694187164, 2.72546625137, 3.07973766327, 1.64472484589, 2.24578475952, 1.25869560242, 1.14231538773, 1.28939509392, 1.00755596161, 0.719207346439, 0.666099786758, 0.457830876112, 0.23388504982, 0.147175878286, 0.0807285383344, 0.0361694768071, 0.0184020325541, 0.0111602507532, 0.00509346555918, 0.00196998752654, 0.000886166060809, 0.00048954191152, 0.000357223849278, 0.000256506202277, 0.000187905825442, 0.00013242449495, 8.56755214045e-05, 5.21012407262e-05, 2.00971080631e-05, 2.26347838179e-05, 3.56727214239e-05], "min": [1.38276840612e-22, 5.25708115375e-22, 2.74745819027e-21, 1.17571865665e-20, 1.19802296794e-20, 3.14178835531e-20, 2.80479852805e-20, 8.12480191351e-20, 1.57384566148e-19, 2.14958378884e-19, 2.59428112678e-19, 3.71208415123e-19, 5.94612993069e-19, 6.62901664021e-19, 6.682400292e-19, 1.67935148878e-18, 1.65608796463e-18, 2.13862108663e-18, 3.69311658959e-18, 2.45526685909e-18, 4.23509897541e-18, 4.31976918291e-18, 3.90258146815e-18, 7.7947867827e-18, 7.35471677066e-18, 5.56067575936e-18, 8.35877920386e-18, 1.01192519851e-17, 1.26607793064e-17, 1.09608859245e-17, 1.05215636837e-17, 1.19196229961e-17, 1.01232050813e-17, 8.38001127582e-18, 5.74532976905e-18, 3.8905265515e-18, 2.32242268669e-18, 8.85777053171e-19, 2.37373487144e-19, 2.52524492366e-20], "var": [0.755438148975, 39.2332038879, 104.336837769, 36.2978668213, 75.4453277588, 693.854614258, 521.856140137, 4747.49560547, 29554.7578125, 16521.3085938, 2562.09155273, 17357.8125, 655.703552246, 5415.38623047, 2521.24755859, 134.476272583, 2737.30615234, 151.404525757, 258.031616211, 168.879989624, 334.123077393, 127.415847778, 72.3233337402, 45.4850158691, 25.1823196411, 16.5418891907, 14.84329319, 24.977060318, 155.591369629, 10.3905620575, 2.83451128006, 2.59427285194, 1.33294832706, 0.424011737108, 0.119758963585, 0.0679748058319, 0.035277646035, 0.00246063107625, 3.49209403794e-05, 7.19537212035e-08]}, "gfcc": {"mean": [-194.642974854, 192.618606567, -80.1531143188, -13.6179122925, -20.789730072, -3.55836582184, -23.2082080841, -2.87605571747, -6.6601061821, 0.18864941597, -3.85020637512, -1.79486989975, -1.94334244728], "cov": [[38144.046875, -3075.27709961, -1090.96105957, 4237.55029297, -569.997802734, 389.130950928, 715.465637207, 1265.06945801, 123.783966064, 588.942993164, 4.24466276169, 301.312347412, -222.213317871], [-3075.27709961, 5030.19970703, -1092.4864502, -1874.93896484, 1159.30151367, -739.15246582, -160.37159729, -452.433624268, 212.372344971, -389.101318359, 180.883102417, -376.97744751, 161.46647644], [-1090.96105957, -1092.4864502, 1790.96716309, 492.222503662, -273.359985352, 702.470581055, 163.175201416, 115.379829407, 49.0200004578, 146.955169678, -12.8868608475, 130.932327271, -28.6745948792], [4237.55029297, -1874.93896484, 492.222503662, 1535.76147461, -280.835540771, 367.782287598, 328.081665039, 307.529724121, 22.065284729, 189.611618042, 8.07247257233, 152.897094727, -15.755815506], [-569.997802734, 1159.30151367, -273.359985352, -280.835540771, 589.080383301, -177.897232056, 55.8630447388, -47.5548286438, 92.6814498901, -75.5089111328, 79.1122970581, -96.341796875, 45.4476051331], [389.130950928, -739.15246582, 702.470581055, 367.782287598, -177.897232056, 486.385528564, 118.417022705, 95.4505996704, 32.0718383789, 85.1555633545, -41.5707893372, 79.5389480591, -15.1365852356], [715.465637207, -160.37159729, 163.175201416, 328.081665039, 55.8630447388, 118.417022705, 283.843475342, 106.572219849, 71.8922805786, 42.0947265625, 10.956738472, -7.0609960556, 35.2876739502], [1265.06945801, -452.433624268, 115.379829407, 307.529724121, -47.5548286438, 95.4505996704, 106.572219849, 172.655731201, 51.479724884, 55.4257278442, -4.78370285034, 36.3323135376, -15.4966983795], [123.783966064, 212.372344971, 49.0200004578, 22.065284729, 92.6814498901, 32.0718383789, 71.8922805786, 51.479724884, 140.263381958, 40.6165313721, 27.1468315125, -1.88570058346, 27.6446361542], [588.942993164, -389.101318359, 146.955169678, 189.611618042, -75.5089111328, 85.1555633545, 42.0947265625, 55.4257278442, 40.6165313721, 125.196258545, 24.6772193909, 39.4324455261, -5.7475066185], [4.24466276169, 180.883102417, -12.8868608475, 8.07247257233, 79.1122970581, -41.5707893372, 10.956738472, -4.78370285034, 27.1468315125, 24.6772193909, 102.833297729, 28.9901599884, 9.43627548218], [301.312347412, -376.97744751, 130.932327271, 152.897094727, -96.341796875, 79.5389480591, -7.0609960556, 36.3323135376, -1.88570058346, 39.4324455261, 28.9901599884, 124.855247498, 19.0011463165], [-222.213317871, 161.46647644, -28.6745948792, -15.755815506, 45.4476051331, -15.1365852356, 35.2876739502, -15.4966983795, 27.6446361542, -5.7475066185, 9.43627548218, 19.0011463165, 76.7828369141]], "icov": [[7.09667801857e-05, -0.000194310458028, 0.000121005628898, -0.000291781092528, 9.09879454412e-05, -7.84111471148e-05, 9.72570705926e-05, -0.000454730528872, 0.000322229258018, -0.000438956718426, 0.000306606903905, -0.000237685249886, 0.000265792652499], [-0.000194310458028, 0.00179277267307, -0.000221488822717, 0.00153889146168, -0.000999565352686, 0.00014489213936, -0.000247802323429, 0.00227855239064, -0.00278362142853, 0.00338019477203, -0.0029552502092, 0.00255773263052, -0.00191987748258], [0.000121005628898, -0.000221488822717, 0.00156714685727, -0.000351856724592, 0.000237335087149, -0.00212981342338, 2.95437730529e-05, -0.000440666859504, 0.00037184113171, -0.000723003118765, -0.000359688739991, -0.000275888334727, 0.000590642448515], [-0.000291781092528, 0.00153889146168, -0.000351856724592, 0.00317410868593, -0.000582376378588, -7.10472813807e-05, -0.00170729623642, 0.000887099886313, -0.00123724888545, 0.00210226350464, -0.00273230602033, 0.00127559527755, -0.00164332019631], [9.09879454412e-05, -0.000999565352686, 0.000237335087149, -0.000582376378588, 0.00392605178058, 2.46411582339e-05, -0.000473031192087, -0.00125650456175, -0.000250348763075, 0.000240247274633, -0.00141659332439, 0.000819680397399, 5.86415408179e-05], [-7.84111471148e-05, 0.00014489213936, -0.00212981342338, -7.10472813807e-05, 2.46411582339e-05, 0.00653989939019, -0.00157369207591, 0.0011806570692, -0.00145163049456, -0.000304389948724, 0.00337157817557, -0.00258785719052, 0.00162050977815], [9.72570705926e-05, -0.000247802323429, 2.95437730529e-05, -0.00170729623642, -0.000473031192087, -0.00157369207591, 0.00821173842996, -0.00402448792011, -0.000103034995846, -0.000201499031391, -0.00150183634833, 0.00453196745366, -0.00506807677448], [-0.000454730528872, 0.00227855239064, -0.000440666859504, 0.000887099886313, -0.00125650456175, 0.0011806570692, -0.00402448792011, 0.0173289645463, -0.00879092141986, 0.00408829189837, 2.90267644232e-06, -0.00169111834839, 0.00412256130949], [0.000322229258018, -0.00278362142853, 0.00037184113171, -0.00123724888545, -0.000250348763075, -0.00145163049456, -0.000103034995846, -0.00879092141986, 0.0176305249333, -0.00976478215307, 0.00260117230937, -0.00169636402279, -0.00217211060226], [-0.000438956718426, 0.00338019477203, -0.000723003118765, 0.00210226350464, 0.000240247274633, -0.000304389948724, -0.000201499031391, 0.00408829189837, -0.00976478215307, 0.0203218609095, -0.00967389903963, 0.00467811152339, -0.00243361364119], [0.000306606903905, -0.0029552502092, -0.000359688739991, -0.00273230602033, -0.00141659332439, 0.00337157817557, -0.00150183634833, 2.90267644232e-06, 0.00260117230937, -0.00967389903963, 0.022161513567, -0.0124271949753, 0.00729196984321], [-0.000237685249886, 0.00255773263052, -0.000275888334727, 0.00127559527755, 0.000819680397399, -0.00258785719052, 0.00453196745366, -0.00169111834839, -0.00169636402279, 0.00467811152339, -0.0124271949753, 0.0212870743126, -0.0121068796143], [0.000265792652499, -0.00191987748258, 0.000590642448515, -0.00164332019631, 5.86415408179e-05, 0.00162050977815, -0.00506807677448, 0.00412256130949, -0.00217211060226, -0.00243361364119, 0.00729196984321, -0.0121068796143, 0.023859359324]]}, "melbands": {"dmean": [0.00164651067462, 0.00131649780087, 0.000211774124182, 0.000268819334451, 0.000151755753905, 0.000179296752322, 0.000318097911077, 0.000164712051628, 4.34960311395e-05, 5.42710222362e-05, 1.52385837282e-05, 2.42134483415e-05, 1.31775541377e-05, 7.11206757842e-06, 9.67776850302e-06, 9.09945720196e-06, 3.28586725118e-06, 4.15754402638e-06, 3.4720937947e-06, 3.13063833346e-06, 2.51472079071e-06, 1.90510411358e-06, 1.60979186603e-06, 1.33165406169e-06, 1.31298259021e-06, 8.88701833901e-07, 6.04153626682e-07, 6.44571173325e-07, 6.47533511255e-07, 3.58754562058e-07, 7.34412537895e-07, 1.36785172344e-06, 6.04301590101e-07, 3.56937761126e-07, 2.47612007342e-07, 2.62815404994e-07, 2.30617345665e-07, 1.94436267975e-07, 1.80779167636e-07, 1.16983706278e-07], "dmean2": [0.00289689865895, 0.00237972754985, 0.0003633016604, 0.000434677698649, 0.000241934409132, 0.000274574122159, 0.000407596759032, 0.000201550792553, 5.79176448809e-05, 7.05533093424e-05, 2.34339058807e-05, 3.28840396833e-05, 1.98602465389e-05, 1.0462254977e-05, 1.38019850056e-05, 1.19133510452e-05, 4.90687443744e-06, 6.50618630971e-06, 5.56508257432e-06, 4.92650451633e-06, 3.94823700844e-06, 2.8626616313e-06, 2.54334804595e-06, 2.13541648009e-06, 2.184719051e-06, 1.51234542045e-06, 9.58624013947e-07, 9.88011493064e-07, 1.03802540252e-06, 5.69803603412e-07, 1.29408454086e-06, 2.5144315714e-06, 1.00565091543e-06, 5.76258059937e-07, 4.0164960069e-07, 4.15082467953e-07, 3.64017381571e-07, 3.14400551815e-07, 2.79158030025e-07, 1.84397364933e-07], "dvar": [3.71880814782e-05, 2.41582456511e-05, 3.3625124729e-07, 6.40099472093e-07, 2.12786304132e-07, 7.23385028323e-07, 2.48490732702e-06, 5.22203436049e-07, 4.95919039167e-08, 2.09682426089e-07, 7.4662747096e-09, 3.49115722997e-08, 4.82215067876e-09, 5.6984228447e-10, 3.73011799226e-09, 3.10599479469e-09, 1.2779284575e-10, 5.46389655742e-10, 2.2456293769e-10, 9.61233107e-11, 1.47601986189e-10, 7.68048125099e-11, 4.73517128285e-11, 4.47489233169e-11, 3.8933304497e-11, 2.33658717375e-11, 5.97133063482e-12, 5.19759062179e-12, 6.78996225564e-12, 3.02297358153e-12, 2.12211151429e-11, 1.90253285348e-10, 9.17684071094e-12, 1.90861107301e-12, 9.49724999165e-13, 9.8874402589e-13, 6.08936512325e-13, 4.90888688205e-13, 3.53458365007e-13, 1.70569220098e-13], "dvar2": [0.000104467777419, 6.96666393196e-05, 9.19566616631e-07, 1.4860754618e-06, 4.67155530259e-07, 1.73062119302e-06, 3.69751660401e-06, 7.43151360894e-07, 9.02905625821e-08, 3.8879571207e-07, 1.73166334605e-08, 6.74406166468e-08, 1.17122755938e-08, 1.17865894822e-09, 7.50105044744e-09, 5.94062665726e-09, 2.63979921256e-10, 1.4466107201e-09, 5.9825239207e-10, 2.27696680954e-10, 3.27136567835e-10, 1.47044335042e-10, 1.20482540611e-10, 1.11914914835e-10, 1.04975569903e-10, 6.43828601543e-11, 1.5325744146e-11, 1.24964370449e-11, 1.79855973864e-11, 8.10429414549e-12, 6.120526308e-11, 5.61764079698e-10, 2.54537346062e-11, 4.92219459636e-12, 2.51596161439e-12, 2.43475335379e-12, 1.47750973782e-12, 1.25535205061e-12, 8.58969037391e-13, 4.22999932607e-13], "max": [0.106086999178, 0.0783853754401, 0.0140246758237, 0.0195770598948, 0.0132906651124, 0.0208177827299, 0.0468639396131, 0.0249452386051, 0.00895717553794, 0.0202086865902, 0.00307470234111, 0.00946881622076, 0.00352312531322, 0.000881195010152, 0.00236574839801, 0.00171822973061, 0.00042051950004, 0.00087435025489, 0.000358830089681, 0.000221893933485, 0.000543042260688, 0.000337756035151, 0.000135881971801, 0.000197176355869, 0.000102035053715, 0.000109720938781, 5.09226156282e-05, 4.04730635637e-05, 5.27474221599e-05, 4.96144748467e-05, 0.000137874099892, 0.000560039828997, 6.74983093631e-05, 2.39329892793e-05, 1.44828363773e-05, 1.40056581586e-05, 1.52400980369e-05, 1.43273682625e-05, 7.84391068009e-06, 1.01586711025e-05], "mean": [0.00575198791921, 0.00445950310677, 0.000669624248985, 0.000626179971732, 0.000486326374812, 0.000506390875671, 0.000638148398139, 0.000357370998245, 0.000119848707982, 0.000134311500005, 3.51530325133e-05, 7.19539166312e-05, 4.0715905925e-05, 1.82551793841e-05, 1.81850136869e-05, 1.90452210518e-05, 7.94850802777e-06, 7.64503693063e-06, 6.17456726104e-06, 6.40671942165e-06, 5.18279648531e-06, 3.32482204612e-06, 2.22318067244e-06, 1.49923687331e-06, 1.36206904244e-06, 8.38557639327e-07, 6.88867430654e-07, 7.39571191843e-07, 7.71984218773e-07, 3.89893415331e-07, 6.14198484072e-07, 9.6738119737e-07, 5.65910795558e-07, 3.76643242816e-07, 2.61878398078e-07, 2.92769840371e-07, 2.60420591758e-07, 2.25899967177e-07, 2.08410284586e-07, 1.38205763278e-07], "median": [0.00256909080781, 0.00203773775138, 0.000209418663871, 0.000141675191117, 9.15306518436e-05, 0.000103680948087, 6.55373805785e-05, 4.91954560857e-05, 1.86902470887e-05, 1.66668032762e-05, 6.84656242811e-06, 8.71052179718e-06, 3.3397604966e-06, 2.9961738619e-06, 2.75637239611e-06, 2.24067480303e-06, 1.49362631419e-06, 1.0775586361e-06, 7.49845753489e-07, 8.1555504039e-07, 3.9762784354e-07, 2.08106939681e-07, 1.69017909002e-07, 7.36888949859e-08, 5.20711438412e-08, 2.58443417778e-08, 1.4279232019e-08, 9.11444253404e-09, 7.21348669686e-09, 3.28726135201e-09, 1.99600980189e-09, 1.01069064229e-09, 5.78147585362e-10, 3.73481912064e-10, 2.48822074056e-10, 2.19154069891e-10, 1.86480053621e-10, 1.60419788564e-10, 1.41461065084e-10, 1.27221747026e-10], "min": [1.4952567566e-24, 1.53285090911e-24, 2.56419237242e-24, 1.7226493638e-24, 1.90596959412e-24, 1.70895986608e-24, 2.3134866575e-24, 2.3797699062e-24, 1.46564558062e-24, 2.50083362831e-24, 2.51681003379e-24, 1.9127407817e-24, 1.75921582777e-24, 2.2511059037e-24, 5.06962091829e-24, 3.1383144924e-24, 3.10402132835e-24, 4.73063831542e-24, 3.12437275641e-24, 3.71961051346e-24, 3.90778499936e-24, 3.97737712513e-24, 3.90764852642e-24, 4.13209838662e-24, 5.29790819236e-24, 6.20380331819e-24, 2.65557283639e-24, 3.84092193789e-24, 3.8793915288e-24, 5.16553575474e-24, 5.74417745607e-24, 6.36559001238e-24, 6.03445420893e-24, 5.78177535567e-24, 5.15472559933e-24, 6.04377775597e-24, 6.45242821526e-24, 6.58763739669e-24, 5.55568072049e-24, 6.47850401248e-24], "var": [5.98255464865e-05, 4.02577388741e-05, 1.07866105736e-06, 1.63756055827e-06, 8.95725520422e-07, 1.8761299998e-06, 7.63005027693e-06, 1.55666180035e-06, 1.83611973625e-07, 6.34773527963e-07, 1.3444406477e-08, 1.04916914268e-07, 2.76731331184e-08, 2.90033774775e-09, 8.04368927021e-09, 7.21164639117e-09, 5.54838064382e-10, 7.01430691308e-10, 3.17129739136e-10, 2.74732847583e-10, 4.95845864368e-10, 2.21870688488e-10, 6.07258202057e-11, 4.66639435426e-11, 3.19510425062e-11, 1.6342172407e-11, 6.26503363077e-12, 7.29772926117e-12, 7.82182998926e-12, 2.64193788374e-12, 1.28727367307e-11, 1.01452714285e-10, 7.06096986436e-12, 2.00784072528e-12, 9.04286411377e-13, 1.21941031491e-12, 8.1127308647e-13, 6.97233449361e-13, 5.72488508422e-13, 2.23609948917e-13]}, "mfcc": {"mean": [-813.061828613, 199.998931885, 24.1113586426, 9.70571708679, 14.0088977814, 7.80918693542, -0.270226627588, -0.0349826551974, 2.17107319832, 1.6747430563, 2.04580354691, 4.09709501266, 3.27760887146], "cov": [[15803.2529297, 1122.86437988, -1003.16143799, 1434.7779541, 395.506835938, 19.3641223907, 137.043838501, 423.87802124, 375.410522461, 247.151947021, 135.485488892, 241.883148193, 241.324172974], [1122.86437988, 4550.46777344, -720.669921875, -457.808868408, 475.794921875, -57.4783782959, -159.919540405, -88.4069137573, 24.7234954834, -12.6298093796, 64.7334976196, 55.4680633545, -10.88048172], [-1003.16143799, -720.669921875, 1384.4342041, 91.3025741577, -174.260467529, 315.911956787, 186.197494507, 77.5186004639, 26.4000110626, 87.1372070312, 53.258392334, -13.4023370743, 16.7654209137], [1434.7779541, -457.808868408, 91.3025741577, 685.372131348, 88.5565795898, 85.1728210449, 195.840820312, 161.24822998, 119.058860779, 91.5477294922, 59.63904953, 59.034488678, 64.2674560547], [395.506835938, 475.794921875, -174.260467529, 88.5565795898, 252.192764282, 37.9431381226, 4.48491096497, 37.9228363037, 25.3064517975, 12.9812040329, 30.3841094971, 36.1013755798, 27.3475608826], [19.3641223907, -57.4783782959, 315.911956787, 85.1728210449, 37.9431381226, 218.270492554, 118.376274109, 55.0555496216, 53.6783943176, 54.2635993958, 32.6922874451, 3.5120613575, 14.7089424133], [137.043838501, -159.919540405, 186.197494507, 195.840820312, 4.48491096497, 118.376274109, 193.062469482, 100.14768219, 61.766746521, 68.6746673584, 30.684419632, 5.90190792084, 19.7510490417], [423.87802124, -88.4069137573, 77.5186004639, 161.24822998, 37.9228363037, 55.0555496216, 100.14768219, 145.796875, 83.7370376587, 37.2862052917, 32.8383255005, 12.7725000381, 13.6030673981], [375.410522461, 24.7234954834, 26.4000110626, 119.058860779, 25.3064517975, 53.6783943176, 61.766746521, 83.7370376587, 146.793121338, 87.7773284912, 20.8484230042, 14.5931520462, 7.08459424973], [247.151947021, -12.6298093796, 87.1372070312, 91.5477294922, 12.9812040329, 54.2635993958, 68.6746673584, 37.2862052917, 87.7773284912, 130.076171875, 49.4862327576, 8.46207427979, 13.1858787537], [135.485488892, 64.7334976196, 53.258392334, 59.63904953, 30.3841094971, 32.6922874451, 30.684419632, 32.8383255005, 20.8484230042, 49.4862327576, 77.7361450195, 34.7744865417, 16.1666374207], [241.883148193, 55.4680633545, -13.4023370743, 59.034488678, 36.1013755798, 3.5120613575, 5.90190792084, 12.7725000381, 14.5931520462, 8.46207427979, 34.7744865417, 74.4428253174, 42.1296539307], [241.324172974, -10.88048172, 16.7654209137, 64.2674560547, 27.3475608826, 14.7089424133, 19.7510490417, 13.6030673981, 7.08459424973, 13.1858787537, 16.1666374207, 42.1296539307, 70.3799133301]], "icov": [[0.000110613029392, -6.89679873176e-05, 0.000142100179801, -0.000321706349496, 0.000277226878097, -0.000338472920703, 0.000556477229111, -0.000579371291678, 0.000412957160734, -0.000512660073582, 0.000423216668423, -0.000252820464084, -0.00010259062401], [-6.89679873176e-05, 0.000407719984651, -5.6490789575e-05, 0.000603131193202, -0.000994614209048, 0.000491155602504, -0.000792724487837, 0.000972235458903, -0.000993057154119, 0.000831424724311, -0.000971419096459, 0.00030347352731, 6.62767779431e-05], [0.000142100179801, -5.6490789575e-05, 0.00174739805516, -0.000488019402837, 0.00192942866124, -0.0031736230012, 0.00152317318134, -0.00207690848038, 0.00222426746041, -0.001940551796, 0.000861173903104, -0.000794719497208, -0.000161503514391], [-0.000321706349496, 0.000603131193202, -0.000488019402837, 0.0039578853175, -0.00239373301156, 0.00231319409795, -0.00448823161423, 0.00164639297873, -0.00289213121869, 0.00222566374578, -0.00220306473784, 0.000210732207051, -0.000659474637359], [0.000277226878097, -0.000994614209048, 0.00192942866124, -0.00239373301156, 0.0091037126258, -0.0057556508109, 0.00552124949172, -0.00591482687742, 0.00505257816985, -0.00415708636865, 0.00277003296651, -0.00285204593092, -0.000777700683102], [-0.000338472920703, 0.000491155602504, -0.0031736230012, 0.00231319409795, -0.0057556508109, 0.0142079573125, -0.00987489521503, 0.00755004351959, -0.0084118610248, 0.00674831913784, -0.00618718285114, 0.00435650208965, -0.00114486319944], [0.000556477229111, -0.000792724487837, 0.00152317318134, -0.00448823161423, 0.00552124949172, -0.00987489521503, 0.0202065017074, -0.0143219279125, 0.01101204101, -0.0125447027385, 0.00880075339228, -0.00365830142982, 0.000130925356643], [-0.000579371291678, 0.000972235458903, -0.00207690848038, 0.00164639297873, -0.00591482687742, 0.00755004351959, -0.0143219279125, 0.0267339665443, -0.0197820104659, 0.0177526585758, -0.0157150216401, 0.00915887113661, -0.00250668637455], [0.000412957160734, -0.000993057154119, 0.00222426746041, -0.00289213121869, 0.00505257816985, -0.0084118610248, 0.01101204101, -0.0197820104659, 0.0294286906719, -0.0239591412246, 0.0179641898721, -0.0121155437082, 0.0057218503207], [-0.000512660073582, 0.000831424724311, -0.001940551796, 0.00222566374578, -0.00415708636865, 0.00674831913784, -0.0125447027385, 0.0177526585758, -0.0239591412246, 0.032197792083, -0.0228873044252, 0.0136631466448, -0.00593155482784], [0.000423216668423, -0.000971419096459, 0.000861173903104, -0.00220306473784, 0.00277003296651, -0.00618718285114, 0.00880075339228, -0.0157150216401, 0.0179641898721, -0.0228873044252, 0.0356575362384, -0.0192167069763, 0.00678173778579], [-0.000252820464084, 0.00030347352731, -0.000794719497208, 0.000210732207051, -0.00285204593092, 0.00435650208965, -0.00365830142982, 0.00915887113661, -0.0121155437082, 0.0136631466448, -0.0192167069763, 0.0324651896954, -0.015995003283], [-0.00010259062401, 6.62767779431e-05, -0.000161503514391, -0.000659474637359, -0.000777700683102, -0.00114486319944, 0.000130925356643, -0.00250668637455, 0.0057218503207, -0.00593155482784, 0.00678173778579, -0.015995003283, 0.0247526820749]]}, "spectral_contrast_coeffs": {"dmean": [0.0367083959281, 0.0338726788759, 0.0256739649922, 0.0247837305069, 0.0220582205802, 0.019771868363], "dmean2": [0.0613774992526, 0.0546538829803, 0.0388370752335, 0.0387046895921, 0.0341582670808, 0.0321655571461], "dvar": [0.00126098329201, 0.00129135616589, 0.000739600742236, 0.000717458606232, 0.00061734294286, 0.00056169211166], "dvar2": [0.00337294419296, 0.00307851308025, 0.00169602874666, 0.00151799246669, 0.00128170242533, 0.0014103994472], "max": [-0.282633990049, -0.328616201878, -0.392754733562, -0.507453203201, -0.532448232174, -0.552799403667], "mean": [-0.652451634407, -0.689691007137, -0.745899200439, -0.755132496357, -0.78184235096, -0.833902835846], "median": [-0.665426790714, -0.70185559988, -0.757143616676, -0.757267296314, -0.791239082813, -0.833536505699], "min": [-0.979615271091, -0.981911480427, -0.981893360615, -0.976772844791, -0.975691437721, -0.964952468872], "var": [0.00852964725345, 0.00855315756053, 0.00580924190581, 0.00437709502876, 0.00557952746749, 0.00286324764602]}, "spectral_contrast_valleys": {"dmean": [0.330624014139, 0.2929456532, 0.275230973959, 0.309841424227, 0.428793758154, 0.603959321976], "dmean2": [0.545639634132, 0.466664880514, 0.424219220877, 0.460830897093, 0.571829497814, 0.812387704849], "dvar": [0.120107926428, 0.123501315713, 0.140469014645, 0.185440734029, 0.397246301174, 0.606305718422], "dvar2": [0.273832291365, 0.252197653055, 0.277352035046, 0.343929946423, 0.704476296902, 1.09353101254], "max": [-4.55451154709, -4.56652164459, -5.29479265213, -6.17081260681, -5.87487792969, -7.99214506149], "mean": [-7.9