{"lowlevel": {"average_loudness": 0.297843694687, "barkbands_crest": {"dmean": 2.00992751122, "dmean2": 3.34959697723, "dvar": 3.93987965584, "dvar2": 11.745426178, "max": 23.5806980133, "mean": 10.0563030243, "median": 9.54658889771, "min": 3.57456254959, "var": 10.7197685242}, "barkbands_flatness_db": {"dmean": 0.0160000976175, "dmean2": 0.0267285685986, "dvar": 0.000233857150306, "dvar2": 0.000683261372615, "max": 0.506263971329, "mean": 0.271142452955, "median": 0.248244002461, "min": 0.0686849281192, "var": 0.0070138243027}, "barkbands_kurtosis": {"dmean": 1.76834750175, "dmean2": 2.88072896004, "dvar": 4.45561504364, "dvar2": 12.3433618546, "max": 78.8328552246, "mean": 4.57000255585, "median": 3.25857925415, "min": -1.21666502953, "var": 26.3718910217}, "barkbands_skewness": {"dmean": 0.335415840149, "dmean2": 0.542315125465, "dvar": 0.107764065266, "dvar2": 0.301313102245, "max": 7.61513710022, "mean": 1.60676217079, "median": 1.47608327866, "min": -1.74362444878, "var": 0.632468521595}, "barkbands_spread": {"dmean": 1.48036372662, "dmean2": 2.41834139824, "dvar": 2.65672206879, "dvar2": 7.20867919922, "max": 27.4966831207, "mean": 7.58464002609, "median": 6.52511787415, "min": 1.13464331627, "var": 15.5078163147}, "dissonance": {"dmean": 0.0244385488331, "dmean2": 0.0412661284208, "dvar": 0.000539456377737, "dvar2": 0.0014985302696, "max": 0.500000238419, "mean": 0.435035914183, "median": 0.444400072098, "min": 0.206733763218, "var": 0.00172976066824}, "dynamic_complexity": 2.85167217255, "erbbands_crest": {"dmean": 1.86603212357, "dmean2": 3.02514314651, "dvar": 3.20202875137, "dvar2": 8.71444606781, "max": 29.8018321991, "mean": 9.52090072632, "median": 8.66429519653, "min": 3.03301215172, "var": 14.2612867355}, "erbbands_flatness_db": {"dmean": 0.0104722147807, "dmean2": 0.0168467629701, "dvar": 0.000100348799606, "dvar2": 0.000265008711722, "max": 0.444182574749, "mean": 0.272327512503, "median": 0.25408822298, "min": 0.0677471533418, "var": 0.00400786288083}, "erbbands_kurtosis": {"dmean": 0.632702291012, "dmean2": 1.03729963303, "dvar": 0.512791514397, "dvar2": 1.39908766747, "max": 19.9624252319, "mean": 0.486925691366, "median": 0.00392580032349, "min": -1.62731575966, "var": 3.24880766869}, "erbbands_skewness": {"dmean": 0.248813077807, "dmean2": 0.409276723862, "dvar": 0.0456157810986, "dvar2": 0.133081182837, "max": 3.45225477219, "mean": 0.648555099964, "median": 0.599661111832, "min": -1.07590520382, "var": 0.264758437872}, "erbbands_spread": {"dmean": 3.06109046936, "dmean2": 4.88240289688, "dvar": 8.23574733734, "dvar2": 21.4386310577, "max": 62.319606781, "mean": 21.2613353729, "median": 20.2102031708, "min": 3.10815906525, "var": 78.7602081299}, "hfc": {"dmean": 2.06165552139, "dmean2": 3.26831674576, "dvar": 6.93624973297, "dvar2": 17.1106452942, "max": 63.0985717773, "mean": 11.7722864151, "median": 10.9614925385, "min": 1.12501394042e-16, "var": 63.2476158142}, "melbands_crest": {"dmean": 2.71179842949, "dmean2": 4.48511266708, "dvar": 7.39302062988, "dvar2": 21.8401966095, "max": 30.6601161957, "mean": 13.9830703735, "median": 12.9404125214, "min": 2.19054150581, "var": 26.1755599976}, "melbands_flatness_db": {"dmean": 0.0185445267707, "dmean2": 0.0308456663042, "dvar": 0.00034856487764, "dvar2": 0.000972721434664, "max": 0.673733532429, "mean": 0.362411081791, "median": 0.326536029577, "min": 0.00612143566832, "var": 0.0129994116724}, "melbands_kurtosis": {"dmean": 2.74034881592, "dmean2": 4.36214160919, "dvar": 12.2529001236, "dvar2": 30.5484046936, "max": 177.408355713, "mean": 8.34130191803, "median": 6.00875091553, "min": -1.14252614975, "var": 108.84563446}, "melbands_skewness": {"dmean": 0.397109031677, "dmean2": 0.63815754652, "dvar": 0.148523166776, "dvar2": 0.407394558191, "max": 10.646443367, "mean": 2.11126685143, "median": 1.94703829288, "min": -0.453604608774, "var": 1.07093977928}, "melbands_spread": {"dmean": 1.81203842163, "dmean2": 2.92236399651, "dvar": 8.07264518738, "dvar2": 14.9200172424, "max": 128.199157715, "mean": 9.06877994537, "median": 7.87374639511, "min": 0.959273517132, "var": 26.6361980438}, "pitch_salience": {"dmean": 0.0545597486198, "dmean2": 0.0897459760308, "dvar": 0.00255906837992, "dvar2": 0.00725527340546, "max": 0.837693929672, "mean": 0.578422725201, "median": 0.593453466892, "min": 0.0824913829565, "var": 0.012040044181}, "silence_rate_20dB": {"dmean": 0, "dmean2": 0, "dvar": 0, "dvar2": 0, "max": 1, "mean": 1, "median": 1, "min": 1, "var": 0}, "silence_rate_30dB": {"dmean": 0.00322297099046, "dmean2": 0.00644688634202, "dvar": 0.00321264122613, "dvar2": 0.00787084270269, "max": 1, "mean": 0.982569217682, "median": 1, "min": 0, "var": 0.0171266440302}, "silence_rate_60dB": {"dmean": 0.00937591586262, "dmean2": 0.0187545791268, "dvar": 0.0092878350988, "dvar2": 0.0213325023651, "max": 1, "mean": 0.0276841949672, "median": 0, "min": 0, "var": 0.026914536953}, "spectral_centroid": {"dmean": 68.4442901611, "dmean2": 111.429077148, "dvar": 22128.6464844, "dvar2": 32514.4941406, "max": 10927.4140625, "mean": 534.554077148, "median": 482.506103516, "min": 215.586120605, "var": 59768.4101562}, "spectral_complexity": {"dmean": 1.80427777767, "dmean2": 3.02681326866, "dvar": 2.60656499863, "dvar2": 6.74285840988, "max": 35, "mean": 15.6279478073, "median": 16, "min": 0, "var": 29.8128967285}, "spectral_decrease": {"dmean": 1.82663428827e-09, "dmean2": 2.98424085443e-09, "dvar": 5.95074766646e-18, "dvar2": 1.81364527453e-17, "max": -1.80512674094e-29, "mean": -8.36503133428e-09, "median": -7.13903736127e-09, "min": -7.7020182232e-08, "var": 4.70596814767e-17}, "spectral_energy": {"dmean": 0.00705872382969, "dmean2": 0.0115248933434, "dvar": 8.81854139152e-05, "dvar2": 0.000267842056928, "max": 0.293804496527, "mean": 0.0326392799616, "median": 0.0279657822102, "min": 1.06507638347e-20, "var": 0.000697825744282}, "spectral_energyband_high": {"dmean": 7.18438559488e-06, "dmean2": 1.13337118819e-05, "dvar": 3.41788403135e-10, "dvar2": 7.86280041076e-10, "max": 0.000435941590695, "mean": 2.29768156714e-05, "median": 1.12429352157e-05, "min": 7.96919211507e-21, "var": 1.12040565714e-09}, "spectral_energyband_low": {"dmean": 0.00308002554812, "dmean2": 0.00496641872451, "dvar": 3.7739318941e-05, "dvar2": 0.000123247198644, "max": 0.285988777876, "mean": 0.00997903477401, "median": 0.00416285451502, "min": 6.47686231405e-23, "var": 0.000449787883554}, "spectral_energyband_middle_high": {"dmean": 0.000604853674304, "dmean2": 0.000954591261689, "dvar": 8.17172917777e-07, "dvar2": 1.90677246792e-06, "max": 0.0333983339369, "mean": 0.00253180344589, "median": 0.00201667123474, "min": 1.63107687846e-21, "var": 5.18370734426e-06}, "spectral_energyband_middle_low": {"dmean": 0.0052749956958, "dmean2": 0.00858545862138, "dvar": 5.65354675928e-05, "dvar2": 0.000161158415722, "max": 0.110276326537, "mean": 0.0213264059275, "median": 0.0177064500749, "min": 2.52854305392e-22, "var": 0.000266884919256}, "spectral_entropy": {"dmean": 0.102950550616, "dmean2": 0.166560277343, "dvar": 0.0115425996482, "dvar2": 0.0269172992557, "max": 9.79058551788, "mean": 6.4536652565, "median": 6.58297586441, "min": 5.09306955338, "var": 0.253592610359}, "spectral_flux": {"dmean": 0.0145328743383, "dmean2": 0.0234549511224, "dvar": 0.000257040257566, "dvar2": 0.000598057638854, "max": 0.238604947925, "mean": 0.0598130375147, "median": 0.0542967841029, "min": 1.03202536794e-10, "var": 0.00101310841274}, "spectral_kurtosis": {"dmean": 16.0624885559, "dmean2": 28.5153713226, "dvar": 670.308532715, "dvar2": 2025.45861816, "max": 363.509552002, "mean": 51.0193748474, "median": 18.3343906403, "min": -1.22938430309, "var": 4936.99804688}, "spectral_rms": {"dmean": 0.000584269699175, "dmean2": 0.000948558037635, "dvar": 4.14001647187e-07, "dvar2": 1.25057522382e-06, "max": 0.0169304031879, "mean": 0.00526250200346, "median": 0.00522337900475, "min": 3.22350566379e-12, "var": 4.14927853853e-06}, "spectral_rolloff": {"dmean": 107.235054016, "dmean2": 182.274032593, "dvar": 115682.578125, "dvar2": 153691.1875, "max": 18432.421875, "mean": 577.78326416, "median": 516.796875, "min": 107.666015625, "var": 162242.3125}, "spectral_skewness": {"dmean": 0.889026939869, "dmean2": 1.57603669167, "dvar": 1.37461698055, "dvar2": 4.2469701767, "max": 14.9056930542, "mean": 4.13990211487, "median": 2.85173940659, "min": 0.00443938793615, "var": 8.77352142334}, "spectral_spread": {"dmean": 185562.40625, "dmean2": 311398, "dvar": 494846148608, "dvar2": 476621799424, "max": 48039468, "mean": 1650499.5, "median": 1781206.75, "min": 224499.546875, "var": 986936377344}, "spectral_strongpeak": {"dmean": 0.325541168451, "dmean2": 0.546678483486, "dvar": 0.18440246582, "dvar2": 0.443227678537, "max": 6.18520832062, "mean": 0.918312489986, "median": 0.647476911545, "min": 0, "var": 0.704891741276}, "zerocrossingrate": {"dmean": 0.00263661867939, "dmean2": 0.00351505260915, "dvar": 5.56282648176e-05, "dvar2": 5.42599700566e-05, "max": 0.49853515625, "mean": 0.0232087001204, "median": 0.021484375, "min": 0.00390625, "var": 0.000155379500939}, "barkbands": {"dmean": [1.86878878594e-06, 0.00119391642511, 0.00195426377468, 0.00092027510982, 0.00358947226778, 0.00135199259967, 0.00131424516439, 0.000728298735339, 0.000261056848103, 0.000350272719515, 0.000211890670471, 0.000164267854416, 0.000132484739879, 0.000119651034765, 0.000135884838528, 6.88128930051e-05, 0.000113631067507, 5.2407172916e-05, 2.46830004471e-05, 1.02658332253e-05, 2.84093198388e-06, 1.64327229868e-06, 7.2119013339e-07, 2.22817902795e-07, 7.28852924681e-08, 1.53075276899e-08, 2.58434229572e-09], "dmean2": [3.21599895869e-06, 0.00189343234524, 0.00318996305577, 0.00141767121386, 0.00600864319131, 0.0021174333524, 0.00218111439608, 0.000990037806332, 0.00037030770909, 0.00051542656729, 0.000323159561958, 0.000261342676822, 0.000223653463763, 0.000195894346689, 0.00022540630016, 0.000114201808174, 0.000191637460375, 8.57506674947e-05, 4.1407871322e-05, 1.70581843122e-05, 4.63756214231e-06, 2.6099733077e-06, 1.1839142644e-06, 3.62250517583e-07, 1.18347543321e-07, 2.53508503079e-08, 4.60481919262e-09], "dvar": [3.81559867035e-10, 3.30079865307e-06, 2.25154180953e-05, 2.07757443604e-06, 4.02213736379e-05, 7.49276478018e-06, 5.72653971176e-06, 2.57535361925e-06, 5.69545477447e-07, 3.72909255475e-07, 2.30921330058e-07, 8.65688036811e-08, 6.05308230206e-08, 5.64094264632e-08, 5.59495134667e-08, 1.8739351404e-08, 5.91765108027e-08, 1.04719335425e-08, 2.61586841077e-09, 5.73240233059e-10, 5.13097932198e-11, 2.83790317634e-11, 3.9261697192e-12, 7.33485537932e-13, 1.52530535403e-13, 1.12194659589e-15, 1.29442805721e-17], "dvar2": [1.13307663252e-09, 1.00576826298e-05, 7.39918468753e-05, 5.64414722248e-06, 0.000121900833619, 2.24635350605e-05, 1.77352758328e-05, 4.49335311714e-06, 8.01813769158e-07, 7.65307902384e-07, 5.24598362972e-07, 1.97416198944e-07, 1.68869348727e-07, 1.49372084479e-07, 1.47472093204e-07, 4.64646099374e-08, 1.64419589055e-07, 2.72695430681e-08, 7.06695324482e-09, 1.39375688768e-09, 1.23173443667e-10, 6.47775930118e-11, 8.85697678393e-12, 1.89989235282e-12, 4.11194651462e-13, 3.10426542565e-15, 4.18857329196e-17], "max": [0.0011442216346, 0.138407632709, 0.148255825043, 0.0245333928615, 0.0969132632017, 0.0648997500539, 0.0539026334882, 0.051952701062, 0.0558646582067, 0.0211828611791, 0.0264381226152, 0.0106053724885, 0.00568515947089, 0.00361618027091, 0.00423384364694, 0.00471472879872, 0.00359169626608, 0.0019203138072, 0.00105890468694, 0.000793833925854, 0.000172712971107, 0.000141203621752, 5.32148806087e-05, 3.20071849274e-05, 2.33328973991e-05, 1.28972214952e-06, 6.15973618778e-08], "mean": [2.22931862481e-06, 0.00411329511553, 0.00480746291578, 0.00232713995501, 0.00791718065739, 0.00413947366178, 0.00380396354012, 0.00201686075889, 0.000719025381841, 0.000803329923656, 0.000446961756097, 0.000322805630276, 0.000252065976383, 0.000201826449484, 0.000243231988861, 0.000133226523758, 0.000191290033399, 0.000112089204777, 4.9267164286e-05, 2.28016688197e-05, 6.93916945238e-06, 3.91040384784e-06, 1.88609965335e-06, 7.25116365174e-07, 2.66111840119e-07, 7.31747888949e-08, 6.13430017893e-09], "median": [7.08908714842e-07, 0.00149205944035, 0.0014260612661, 0.00161657901481, 0.00474341865629, 0.00196306454018, 0.00223516719416, 0.00104513706174, 0.000375195551896, 0.000486604170874, 0.000252703670412, 0.000171318286448, 0.000135705675348, 9.43554623518e-05, 0.000126057071611, 7.20736570656e-05, 7.23338671378e-05, 4.73367181257e-05, 2.12619579543e-05, 1.00184033727e-05, 2.78410016108e-06, 1.53263522407e-06, 5.85897510064e-07, 2.99328206665e-07, 1.26470453665e-07, 3.78272630996e-08, 4.41515846106e-09], "min": [5.05414977822e-24, 2.34381902984e-23, 1.97048934426e-23, 2.84166946267e-23, 4.46197335368e-23, 3.68000646169e-23, 3.0583878549e-23, 3.7415597004e-23, 4.90436938923e-23, 1.2107712328e-22, 7.78266377046e-23, 1.27165337176e-22, 1.03208483455e-22, 6.0465525742e-23, 1.12351072113e-22, 1.24719944101e-22, 9.3417709879e-23, 6.67436657899e-23, 1.82377800285e-22, 2.60417095957e-22, 4.53897337245e-22, 3.63379726178e-22, 4.29676404446e-22, 9.58125464368e-22, 1.33654544848e-21, 1.78417324742e-21, 2.15165813002e-21], "var": [2.05384750873e-10, 9.86027953331e-05, 0.000138328701723, 5.92450987824e-06, 8.23991722427e-05, 4.01360885007e-05, 2.24466002692e-05, 1.35976843012e-05, 4.31049693361e-06, 1.18577543162e-06, 5.71744635636e-07, 2.55782083514e-07, 1.24839857563e-07, 1.02318722384e-07, 1.17305113179e-07, 4.09805878121e-08, 1.00011796178e-07, 2.85718257942e-08, 5.68081182095e-09, 1.25117072258e-09, 1.42008030335e-10, 5.45990891387e-11, 1.05550975946e-11, 1.44398425508e-12, 2.1027788072e-13, 8.53596774969e-15, 3.84174969601e-17]}, "erbbands": {"dmean": [0.00927718169987, 0.364764153957, 2.11410140991, 2.46011066437, 10.3796005249, 12.1082906723, 6.89366197586, 10.7338523865, 17.9177112579, 19.0745048523, 14.3741798401, 5.76934909821, 10.3547239304, 11.3768053055, 4.94289875031, 6.97726011276, 6.0351729393, 6.91841030121, 5.82021903992, 4.77114009857, 5.24792337418, 3.7622051239, 3.08917856216, 1.91039514542, 0.885433316231, 0.385318785906, 0.160830765963, 0.0825762674212, 0.0667811781168, 0.0380396544933, 0.0168233253062, 0.00714128697291, 0.00295496522449, 0.00118192937225, 0.00043098628521, 0.000109993197839, 2.04629504879e-05, 3.18631191476e-06, 3.26233885062e-06, 7.76280285208e-06], "dmean2": [0.0139243071899, 0.582190275192, 3.4391272068, 4.00583267212, 17.1774120331, 20.2204627991, 11.4054174423, 16.4038276672, 27.8377914429, 31.392621994, 18.2583942413, 8.31749916077, 14.4670009613, 17.6137504578, 7.91445016861, 11.0256662369, 10.1389865875, 11.3209705353, 9.61528587341, 7.96175193787, 8.75527000427, 6.26461982727, 5.03530597687, 3.20526409149, 1.47218596935, 0.63775831461, 0.259760349989, 0.133971810341, 0.108717292547, 0.0602972693741, 0.0273442659527, 0.0115788178518, 0.00484140124172, 0.00193267595023, 0.000700189440977, 0.000181307841558, 3.35189542966e-05, 5.31284103999e-06, 5.33039701622e-06, 1.26620197989e-05], "dvar": [0.00021505006589, 0.341941088438, 25.6265983582, 18.8875217438, 286.167877197, 567.378417969, 137.681945801, 638.633666992, 1081.67541504, 1022.03137207, 1262.79089355, 150.060470581, 444.27923584, 533.245483398, 77.4733657837, 169.955947876, 125.412467957, 180.54536438, 135.157913208, 62.2932510376, 96.6250305176, 53.843837738, 40.2894096375, 13.6544446945, 4.24433135986, 0.757306039333, 0.15608663857, 0.0475078299642, 0.0491249449551, 0.0152787799016, 0.00203950330615, 0.000807376753073, 6.9472087489e-05, 2.14989158849e-05, 7.09860705683e-06, 9.08111843501e-08, 2.17034701322e-09, 2.93149705899e-11, 1.79335574169e-11, 1.05655630078e-10], "dvar2": [0.000516159459949, 1.06754875183, 85.2752532959, 56.6089668274, 880.46862793, 1634.52539062, 411.618621826, 1934.35327148, 2859.38427734, 2755.24169922, 1815.90441895, 252.618301392, 855.880737305, 1234.06445312, 206.804702759, 384.654510498, 345.232971191, 477.351501465, 354.631347656, 173.808151245, 262.791534424, 146.237808228, 105.651855469, 37.7717552185, 11.1269493103, 1.8307197094, 0.365530252457, 0.115376569331, 0.11410459131, 0.0359424799681, 0.0045223091729, 0.00206096516922, 0.000174871020135, 5.6715492974e-05, 1.93606265384e-05, 2.48565697802e-07, 5.9582445644e-09, 7.83938539084e-11, 5.35992430994e-11, 3.19437282181e-10], "max": [0.621778070927, 42.9284820557, 204.98991394, 71.5016937256, 277.685577393, 353.717041016, 299.496337891, 564.825866699, 848.941833496, 731.878662109, 1413.50341797, 838.489379883, 759.905090332, 988.974487305, 257.520507812, 461.938995361, 275.768341064, 208.216705322, 262.608764648, 136.644454956, 154.507522583, 150.258850098, 130.304489136, 57.9199028015, 71.9515609741, 23.8762664795, 10.9283189774, 4.32696151733, 6.42544126511, 3.79574203491, 1.03536915779, 1.07128000259, 0.251461088657, 0.248049899936, 0.165934413671, 0.0150808384642, 0.00193346373271, 0.000156015972607, 0.000136376605951, 0.000319088139804], "mean": [0.0323133803904, 1.24821782112, 5.87580299377, 6.42614984512, 24.4264450073, 22.7814350128, 16.5079174042, 33.6767578125, 59.7369117737, 47.8005409241, 45.1301345825, 17.7311344147, 24.1432800293, 24.6832103729, 12.944401741, 14.1700839996, 12.3412380219, 12.7899646759, 11.2181720734, 9.76929950714, 10.0038976669, 7.57040929794, 6.64150285721, 4.1188955307, 1.98205637932, 0.955307841301, 0.423499703407, 0.202330157161, 0.15831887722, 0.094056725502, 0.0448406152427, 0.0210053138435, 0.00962814409286, 0.00404882896692, 0.00161057221703, 0.000498398381751, 0.000111272784125, 1.68883834704e-05, 1.63208460435e-05, 3.6407931475e-05], "median": [0.0127594806254, 0.442467093468, 1.70037150383, 4.51193237305, 12.7741661072, 13.1298313141, 10.4531536102, 14.0909643173, 28.9451465607, 33.2738304138, 21.6799468994, 11.3372659683, 12.4447822571, 15.1062917709, 8.94534015656, 7.52075576782, 6.89990758896, 6.98536014557, 6.05563211441, 5.73789024353, 5.69143342972, 3.74424862862, 2.91064691544, 1.96076190472, 0.951637864113, 0.485534369946, 0.184886708856, 0.0887316167355, 0.0616770647466, 0.0331775471568, 0.0158816799521, 0.00846572034061, 0.00380996824242, 0.00180444633588, 0.000756987312343, 0.000251521909377, 6.72935348121e-05, 1.15657248898e-05, 1.46429092638e-05, 3.15097640851e-05], "min": [7.24268923814e-22, 5.38781668606e-21, 1.85610023675e-20, 6.59584837785e-20, 6.52214076916e-20, 1.52141326739e-19, 2.44550493879e-19, 3.93158066267e-19, 6.90912119212e-19, 2.65912097156e-19, 1.18574055723e-18, 1.03281554148e-18, 2.73429866115e-18, 3.32708544622e-18, 3.96688731615e-18, 4.59008932555e-18, 5.92541939611e-18, 3.06298115229e-18, 5.68976763371e-18, 4.69981607458e-18, 8.05339652941e-18, 6.09061853137e-18, 3.93573610788e-18, 1.1827306331e-17, 8.4665509115e-18, 1.19947293413e-17, 1.93874558883e-17, 1.574184759e-17, 1.20896929844e-17, 1.49817728318e-17, 1.13494796599e-17, 1.81482433777e-17, 1.59757875021e-17, 1.31226463548e-17, 1.09557416883e-17, 6.00581349343e-18, 3.26296488668e-18, 1.43389670555e-18, 3.2097598542e-19, 2.87051188848e-20], "var": [0.00299303838983, 9.48176670074, 238.09552002, 43.4307289124, 956.296081543, 852.186340332, 389.79083252, 3248.46264648, 7827.57177734, 2790.1418457, 9557.76855469, 1064.84973145, 1377.71911621, 1463.53112793, 197.965820312, 516.263427734, 288.510742188, 339.013183594, 279.735137939, 142.693786621, 187.765487671, 115.259262085, 104.982475281, 34.5822372437, 9.25523757935, 1.92962360382, 0.472039431334, 0.11051184684, 0.0911917611957, 0.0301585029811, 0.00566609343514, 0.00141467922367, 0.000216833519517, 4.16925795435e-05, 8.41435212351e-06, 4.11618515272e-07, 1.64860658458e-08, 3.11557224464e-10, 1.52055021352e-10, 8.40444658312e-10]}, "gfcc": {"mean": [-95.3284683228, 210.32661438, -121.127296448, -4.27650117874, -33.759979248, -13.8235559464, -33.7784500122, -5.09021759033, -11.5156011581, -15.0818433762, -7.34698629379, -12.3642187119, -7.36269140244], "cov": [[9108.59667969, -3720.48608398, -2491.66601562, 2841.23193359, -1553.34143066, -149.109420776, -159.779434204, 84.826965332, -236.167938232, 156.993057251, -48.697177887, 94.5911941528, -71.4801025391], [-3720.48608398, 1927.38269043, 1158.4375, -1313.97229004, 776.215820312, 7.06443834305, 114.632125854, -32.496181488, 141.014434814, -78.6821136475, 45.8684043884, -63.3101501465, 47.6928062439], [-2491.66601562, 1158.4375, 940.354370117, -773.918762207, 521.485534668, 91.1071243286, 67.8319778442, 20.0678501129, 110.171272278, -39.7161331177, 20.4231185913, -12.2214841843, 29.6128520966], [2841.23193359, -1313.97229004, -773.918762207, 1054.22680664, -488.626586914, -10.2351064682, -25.9656848907, 41.5389442444, -73.2870254517, 58.2622528076, -15.922624588, 39.3497695923, -21.5866374969], [-1553.34143066, 776.215820312, 521.485534668, -488.626586914, 431.482788086, 52.2277183533, 56.5981330872, 29.9643211365, 67.8212738037, -20.7809772491, 17.3004150391, -17.9984397888, 21.9837093353], [-149.109420776, 7.06443834305, 91.1071243286, -10.2351064682, 52.2277183533, 123.716835022, 24.7152824402, 28.64361763, 17.5575504303, 13.2765579224, -3.72342205048, 16.1764392853, 1.55665564537], [-159.779434204, 114.632125854, 67.8319778442, -25.9656848907, 56.5981330872, 24.7152824402, 87.7002792358, 23.4914512634, 20.6621723175, 2.7687253952, 9.32646846771, -7.84447813034, 5.53632259369], [84.826965332, -32.496181488, 20.0678501129, 41.5389442444, 29.9643211365, 28.64361763, 23.4914512634, 98.9666137695, 32.2065963745, 8.73426151276, -1.42571854591, 11.7253112793, 4.77670383453], [-236.167938232, 141.014434814, 110.171272278, -73.2870254517, 67.8212738037, 17.5575504303, 20.6621723175, 32.2065963745, 70.2880096436, 18.6317672729, 9.23829936981, 2.98108100891, 3.24258780479], [156.993057251, -78.6821136475, -39.7161331177, 58.2622528076, -20.7809772491, 13.2765579224, 2.7687253952, 8.73426151276, 18.6317672729, 57.3707199097, 23.9619998932, 10.49472332, -1.35903692245], [-48.697177887, 45.8684043884, 20.4231185913, -15.922624588, 17.3004150391, -3.72342205048, 9.32646846771, -1.42571854591, 9.23829936981, 23.9619998932, 49.2631454468, 16.1914710999, 2.65277886391], [94.5911941528, -63.3101501465, -12.2214841843, 39.3497695923, -17.9984397888, 16.1764392853, -7.84447813034, 11.7253112793, 2.98108100891, 10.49472332, 16.1914710999, 48.4670562744, 14.7455606461], [-71.4801025391, 47.6928062439, 29.6128520966, -21.5866374969, 21.9837093353, 1.55665564537, 5.53632259369, 4.77670383453, 3.24258780479, -1.35903692245, 2.65277886391, 14.7455606461, 37.4217300415]], "icov": [[0.00120392558165, -0.00170420343056, 0.00152963469736, -0.0033557228744, 0.0015363197308, -0.000450848834589, 0.00151698361151, -0.00123546365649, 0.000422351469751, -0.000656940508634, 0.000504699186422, -0.000383246078854, 0.000429699372035], [-0.00170420343056, 0.0221024751663, -0.00745971500874, 0.0181060805917, -0.0130447149277, 0.00883136503398, -0.0127669796348, 0.00894024688751, -0.010725421831, 0.0101176481694, -0.0105147194117, 0.00806173309684, -0.00816757977009], [0.00152963469736, -0.00745971500874, 0.00830084271729, -0.00603578984737, 0.00178899057209, -0.00477039860561, 0.00451922416687, -0.0027771492023, 0.000183866359293, -0.00105520256329, 0.00262645329349, -0.00344504229724, 0.00232895556837], [-0.0033557228744, 0.0181060805917, -0.00603578984737, 0.0215928032994, -0.0100935250521, 0.00584912719205, -0.0124473189935, 0.00672931410372, -0.00756964553148, 0.00697301793844, -0.00748460832983, 0.00513735180721, -0.00616925116628], [0.0015363197308, -0.0130447149277, 0.00178899057209, -0.0100935250521, 0.0165654048324, -0.00604689167812, 0.00668037030846, -0.00798857305199, 0.00615784525871, -0.00557838473469, 0.00376966642216, -0.0013718752889, 0.00241013965569], [-0.000450848834589, 0.00883136503398, -0.00477039860561, 0.00584912719205, -0.00604689167812, 0.015581802465, -0.00798347778618, 0.00224517262541, -0.00221633980982, -0.00124136277009, 0.00212616613135, -0.00314245070331, 6.56721895211e-05], [0.00151698361151, -0.0127669796348, 0.00451922416687, -0.0124473189935, 0.00668037030846, -0.00798347778618, 0.0230749119073, -0.00761115550995, 0.00359564134851, -0.00315691763535, -6.74699331285e-05, 0.00252129253931, 0.000962815189268], [-0.00123546365649, 0.00894024688751, -0.0027771492023, 0.00672931410372, -0.00798857305199, 0.00224517262541, -0.00761115550995, 0.0187167041004, -0.0109413350001, 0.00516226794571, -0.0013432361884, -0.000682730344124, -0.0028382523451], [0.000422351469751, -0.010725421831, 0.000183866359293, -0.00756964553148, 0.00615784525871, -0.00221633980982, 0.00359564134851, -0.0109413350001, 0.030721090734, -0.0160605106503, 0.0080001372844, -0.00515108276159, 0.00552064925432], [-0.000656940508634, 0.0101176481694, -0.00105520256329, 0.00697301793844, -0.00557838473469, -0.00124136277009, -0.00315691763535, 0.00516226794571, -0.0160605106503, 0.035567291081, -0.0210727788508, 0.00691026169807, -0.00470101181418], [0.000504699186422, -0.0105147194117, 0.00262645329349, -0.00748460832983, 0.00376966642216, 0.00212616613135, -6.74699331285e-05, -0.0013432361884, 0.0080001372844, -0.0210727788508, 0.0404568910599, -0.0191837325692, 0.00907998718321], [-0.000383246078854, 0.00806173309684, -0.00344504229724, 0.00513735180721, -0.0013718752889, -0.00314245070331, 0.00252129253931, -0.000682730344124, -0.00515108276159, 0.00691026169807, -0.0191837325692, 0.0386392734945, -0.0178341772407], [0.000429699372035, -0.00816757977009, 0.00232895556837, -0.00616925116628, 0.00241013965569, 6.56721895211e-05, 0.000962815189268, -0.0028382523451, 0.00552064925432, -0.00470101181418, 0.00907998718321, -0.0178341772407, 0.0370866879821]]}, "melbands": {"dmean": [0.000200550930458, 0.000870211282745, 0.000566760718357, 0.000938703655265, 0.000242215915932, 0.000255739490967, 0.000289008079562, 0.000193598883925, 0.000110089502414, 3.41963059327e-05, 5.16914878972e-05, 4.61075105704e-05, 1.96151522687e-05, 1.96651108126e-05, 1.21216899061e-05, 1.46760967255e-05, 1.46837301145e-05, 8.3438189904e-06, 1.00816459963e-05, 5.64190941077e-06, 7.67454184825e-06, 5.02604598296e-06, 3.73895500161e-06, 2.35143556893e-06, 1.68620272234e-06, 7.40078860417e-07, 5.93860306708e-07, 2.62256207861e-07, 1.17091360607e-07, 8.40973868321e-08, 5.26011767477e-08, 4.1698498876e-08, 3.43125172719e-08, 2.12904112118e-08, 1.2177060249e-08, 7.66449836931e-09, 4.32427782471e-09, 2.56361509798e-09, 1.6730428154e-09, 1.02630570709e-09], "dmean2": [0.000313028198434, 0.00140543060843, 0.000914272386581, 0.00157314632088, 0.000401009019697, 0.000386464002077, 0.000463555479655, 0.000313321565045, 0.000139241368743, 5.02230359416e-05, 7.24040146451e-05, 7.17591610737e-05, 3.03552369587e-05, 3.18350539601e-05, 1.92187762877e-05, 2.48077230935e-05, 2.40382796619e-05, 1.3782420865e-05, 1.66781956068e-05, 9.4742345027e-06, 1.28996844069e-05, 8.44853911985e-06, 6.12563053437e-06, 3.91076082451e-06, 2.83934468825e-06, 1.22676897263e-06, 9.91885485746e-07, 4.37914707163e-07, 1.89724531197e-07, 1.39471339367e-07, 8.58883097976e-08, 6.80766234495e-08, 5.52435182044e-08, 3.47168516157e-08, 2.00091747615e-08, 1.26135617506e-08, 7.16560188962e-09, 4.28892343862e-09, 2.77730327625e-09, 1.69323710608e-09], "dvar": [8.87517330739e-08, 3.65376899936e-06, 6.06355399668e-07, 2.99062935483e-06, 1.27544680595e-07, 3.32951202608e-07, 2.76368240293e-07, 1.13510395749e-07, 8.18229324295e-08, 4.98045737984e-09, 1.08342348426e-08, 8.50531467478e-09, 1.43666079033e-09, 1.05410480344e-09, 9.11604347564e-10, 8.7765317236e-10, 9.11280717553e-10, 3.01307423456e-10, 3.20659609976e-10, 1.55244608835e-10, 2.57445176288e-10, 1.03480862768e-10, 6.61866603191e-11, 2.02452950238e-11, 1.13465660478e-11, 2.72574562747e-12, 2.35700283076e-12, 2.86943754348e-13, 8.13198792159e-14, 4.18331175093e-14, 1.82733399267e-14, 1.51419404359e-14, 1.61102244555e-14, 3.65335220436e-15, 9.4473459783e-16, 4.18986223788e-16, 3.6305912644e-16, 4.29624838491e-17, 1.55183020295e-17, 2.35411003208e-17], "dvar2": [2.60429317223e-07, 1.20442855405e-05, 1.78598565981e-06, 9.03460204427e-06, 3.70069102473e-07, 9.75131456471e-07, 7.84986355029e-07, 2.81158690996e-07, 1.14906647752e-07, 8.44101943898e-09, 2.08703827553e-08, 1.95006126802e-08, 3.4420570838e-09, 2.55571985797e-09, 2.18716889044e-09, 2.41562481129e-09, 2.41595699002e-09, 7.93875465366e-10, 8.42879988028e-10, 3.93383103869e-10, 7.12952752391e-10, 2.83367329601e-10, 1.74995060109e-10, 5.48963374758e-11, 3.16121469279e-11, 7.13088529197e-12, 5.83573077015e-12, 7.53878838695e-13, 1.90903635131e-13, 1.09614113576e-13, 4.593013456e-14, 3.4078087032e-14, 3.95958493857e-14, 8.87394321301e-15, 2.22653325153e-15, 9.42132512616e-16, 9.88611010377e-16, 1.11711443174e-16, 4.08505858662e-17, 6.27583320407e-17], "max": [0.0200355164707, 0.0917878523469, 0.011108962819, 0.0266607049853, 0.00815027020872, 0.014570533298, 0.0118472501636, 0.00898227188736, 0.0123236384243, 0.00448704790324, 0.00379404122941, 0.00365672912449, 0.00184118293691, 0.00102268334012, 0.0019371281378, 0.000706842110958, 0.0004687771725, 0.000395397597458, 0.000342571816873, 0.000448227277957, 0.000266609713435, 0.0001432284771, 0.00022137745691, 7.16867507435e-05, 5.39657630725e-05, 5.02543116454e-05, 4.77314133605e-05, 9.15196505957e-06, 9.14091651794e-06, 6.1090095187e-06, 2.50532775681e-06, 3.79334619538e-06, 4.10008124163e-06, 1.69467477917e-06, 6.70473241371e-07, 4.14855549025e-07, 7.23984726392e-07, 1.89635102288e-07, 9.99321656536e-08, 2.80656735185e-07], "mean": [0.000694288639352, 0.00264223222621, 0.00161249970552, 0.00191196694504, 0.0005716002197, 0.000816399988253, 0.000925792090129, 0.000489042839035, 0.000340143800713, 9.68108797679e-05, 0.000117727555335, 9.72741108853e-05, 4.73959953524e-05, 3.93359587179e-05, 2.58907639363e-05, 2.6726464057e-05, 2.39834371314e-05, 1.53226719704e-05, 1.76637640834e-05, 1.06543684524e-05, 1.28299097923e-05, 8.72973669175e-06, 7.00256123309e-06, 4.85753935209e-06, 3.23879567077e-06, 1.48799688304e-06, 1.1166675904e-06, 5.54573830414e-07, 2.7579008588e-07, 1.7541057673e-07, 1.03403081653e-07, 8.92572984412e-08, 7.24574249489e-08, 4.50661410412e-08, 2.685017364e-08, 1.82258101944e-08, 1.0687156049e-08, 7.19396142657e-09, 4.61877958102e-09, 2.96313351633e-09], "median": [0.000263832975179, 0.000834686914459, 0.00120394304395, 0.00108333316166, 0.000377179123461, 0.000334689364536, 0.000472284358693, 0.000331983988872, 0.000152959022671, 5.98958904447e-05, 5.94676093897e-05, 5.72794160689e-05, 3.1132640288e-05, 2.34102335526e-05, 1.31565375341e-05, 1.38002997119e-05, 1.05768112917e-05, 7.81886956247e-06, 8.80250991031e-06, 5.47549689145e-06, 6.07562378718e-06, 3.71582859771e-06, 2.7396238238e-06, 2.01920852305e-06, 1.26682016344e-06, 6.29381645467e-07, 4.33633175589e-07, 2.39676495539e-07, 1.22601250041e-07, 5.44628413479e-08, 3.91649983555e-08, 3.23267137503e-08, 2.34155965728e-08, 1.3809360766e-08, 8.72054339851e-09, 5.9821565479e-09, 4.14208978228e-09, 2.62797539285e-09, 1.83721116098e-09, 1.30996458125e-09], "min": [7.00329333525e-24, 8.76848084007e-24, 1.18624643078e-23, 6.00484786473e-24, 1.00097487413e-23, 8.98093133703e-24, 9.62439807767e-24, 2.70318907228e-24, 1.01524805003e-23, 5.53228507819e-24, 1.47064072676e-23, 1.28643003025e-23, 1.19303110788e-23, 1.48417884207e-23, 1.24788999407e-23, 7.65332339862e-24, 5.43096378352e-24, 9.00356454527e-24, 7.18243654707e-24, 6.90582089294e-24, 8.51597987494e-24, 6.39401898168e-24, 3.31487714299e-24, 3.6637828272e-24, 8.85743910663e-24, 6.50278120684e-24, 4.58313670893e-24, 9.00747413991e-24, 9.96984421238e-24, 1.09672617971e-23, 8.25569679698e-24, 5.85946711078e-24, 8.14816164497e-24, 8.27938944541e-24, 5.80536781876e-24, 8.67512625168e-24, 1.16216471616e-23, 1.09616214417e-23, 1.22240986572e-23, 1.00764769075e-23], "var": [2.17699152927e-06, 4.60478368041e-05, 2.2150256882e-06, 5.46741785001e-06, 3.66789691952e-07, 1.97169151761e-06, 1.64638515798e-06, 3.11537178277e-07, 6.40682117137e-07, 3.23588942308e-08, 3.39628698498e-08, 2.35918662383e-08, 3.84078679971e-09, 2.76626099804e-09, 2.57791965552e-09, 1.70522040932e-09, 1.57825186253e-09, 5.96455940194e-10, 6.24255591664e-10, 3.00572317036e-10, 4.18194118224e-10, 1.82259263237e-10, 1.43155542975e-10, 5.15627054942e-11, 2.52988827804e-11, 5.89482152327e-12, 4.16843165887e-12, 7.03866869303e-13, 2.10081938282e-13, 9.53651220492e-14, 3.4968972569e-14, 2.88848839866e-14, 2.49265075947e-14, 6.97043486976e-15, 2.18040510777e-15, 1.14144667076e-15, 4.54176736977e-16, 1.29807190362e-16, 4.63343797371e-17, 3.12890066423e-17]}, "mfcc": {"mean": [-727.157043457, 228.539779663, -10.591176033, 17.2084445953, 6.51335859299, -2.94729566574, -9.15784645081, 1.23195397854, -4.10696029663, -2.05848360062, -2.90672755241, -1.15240418911, -0.420306235552], "cov": [[6485.8671875, -1833.69714355, -2320.2800293, 1414.828125, -365.828948975, -378.08493042, -252.529663086, 90.552482605, -372.692016602, 7.42052030563, 20.1249790192, -129.828887939, -130.246536255], [-1833.69714355, 1034.94396973, 571.900695801, -394.287445068, 226.770233154, 35.3194351196, 71.5190963745, -16.0304470062, 146.119598389, 7.38767910004, 19.6820449829, 46.9643287659, 36.4033966064], [-2320.2800293, 571.900695801, 1017.30664062, -517.930908203, 103.204551697, 191.312072754, 100.6120224, -14.2016267776, 140.504547119, 3.95142292976, -8.4239025116, 56.7832603455, 58.1600914001], [1414.828125, -394.287445068, -517.930908203, 433.423522949, -46.4549598694, -80.1314849854, -33.3756752014, 34.286239624, -72.6284408569, 4.7510228157, 8.59606266022, -11.8059988022, -16.0416603088], [-365.828948975, 226.770233154, 103.204551697, -46.4549598694, 179.472457886, 14.4289588928, 23.8959140778, 33.9226608276, 52.5244522095, 16.8661003113, 15.2874097824, 19.1588020325, 9.82773017883], [-378.08493042, 35.3194351196, 191.312072754, -80.1314849854, 14.4289588928, 120.759040833, 44.7367172241, -4.76004219055, 24.3110961914, 11.4139995575, 1.05816590786, 14.7934818268, 17.4321422577], [-252.529663086, 71.5190963745, 100.6120224, -33.3756752014, 23.8959140778, 44.7367172241, 78.3310012817, 22.6023845673, 20.8926506042, 10.5985021591, 4.58738279343, 11.3789224625, 14.4439468384], [90.552482605, -16.0304470062, -14.2016267776, 34.286239624, 33.9226608276, -4.76004219055, 22.6023845673, 77.2614517212, 31.9981613159, 14.8973436356, 10.8560304642, 0.46992829442, 3.03562664986], [-372.692016602, 146.119598389, 140.504547119, -72.6284408569, 52.5244522095, 24.3110961914, 20.8926506042, 31.9981613159, 87.777305603, 27.914768219, 5.14081907272, 12.5265102386, 8.0253534317], [7.42052030563, 7.38767910004, 3.95142292976, 4.7510228157, 16.8661003113, 11.4139995575, 10.5985021591, 14.8973436356, 27.914768219, 59.9076423645, 20.1084747314, 0.271675765514, 3.61182904243], [20.1249790192, 19.6820449829, -8.4239025116, 8.59606266022, 15.2874097824, 1.05816590786, 4.58738279343, 10.8560304642, 5.14081907272, 20.1084747314, 52.0163078308, 21.7181186676, 3.28443670273], [-129.828887939, 46.9643287659, 56.7832603455, -11.8059988022, 19.1588020325, 14.7934818268, 11.3789224625, 0.46992829442, 12.5265102386, 0.271675765514, 21.7181186676, 58.4731216431, 25.0131454468], [-130.246536255, 36.4033966064, 58.1600914001, -16.0416603088, 9.82773017883, 17.4321422577, 14.4439468384, 3.03562664986, 8.0253534317, 3.61182904243, 3.28443670273, 25.0131454468, 49.2417907715]], "icov": [[0.00183729676064, 0.000573453959078, 0.002496952191, -0.0019413784612, 0.000941523700021, -0.000797375454567, 0.00182359083556, -0.00220222119242, 0.00156819936819, -0.000999118783511, 0.00013045767264, -0.000223539143917, 0.000471924227895], [0.000573453959078, 0.00307115190662, 0.000266346702119, 0.000673751346767, -0.00236953608692, 0.00239224126562, -0.00169862341136, 0.00249845837243, -0.00259063974954, 0.00114849524107, -0.00157630047761, 0.000622105668299, -0.000751350424252], [0.002496952191, 0.000266346702119, 0.00736104696989, 0.000670804525726, 0.00148271315265, -0.00424495479092, 0.00182913104072, -0.00348108075559, 0.00043406104669, -0.000502395734657, 0.00114543468226, -0.00177000486292, -0.000394343951484], [-0.0019413784612, 0.000673751346767, 0.000670804525726, 0.00948523823172, -0.00205362401903, 0.000893014890607, -0.00304040266201, 0.000385222258046, -0.000789541692939, 0.000437641720055, 0.000674849259667, -0.00209870608523, -0.00125592551194], [0.000941523700021, -0.00236953608692, 0.00148271315265, -0.00205362401903, 0.010114707984, -0.00231093820184, 0.00238176970743, -0.00572766270489, 0.00063147500623, -0.00166529696435, 0.000429837004049, -0.00179997493979, 0.0011805864051], [-0.000797375454567, 0.00239224126562, -0.00424495479092, 0.000893014890607, -0.00231093820184, 0.0169812720269, -0.00856091827154, 0.00647366326302, -0.00309955445118, -0.000718855357263, -0.00121609610505, 0.000500442576595, -0.00162641552743], [0.00182359083556, -0.00169862341136, 0.00182913104072, -0.00304040266201, 0.00238176970743, -0.00856091827154, 0.0230724513531, -0.011175272055, 0.00602546148002, -0.00373155088164, 0.00215890421532, -0.00184953364078, -0.000508021388669], [-0.00220222119242, 0.00249845837243, -0.00348108075559, 0.000385222258046, -0.00572766270489, 0.00647366326302, -0.011175272055, 0.0277785174549, -0.0152321206406, 0.00516209099442, -0.00675600068644, 0.00600354420021, -0.00351315084845], [0.00156819936819, -0.00259063974954, 0.00043406104669, -0.000789541692939, 0.00063147500623, -0.00309955445118, 0.00602546148002, -0.0152321206406, 0.030020095408, -0.0135778207332, 0.00788946636021, -0.00667286198586, 0.00440274877474], [-0.000999118783511, 0.00114849524107, -0.000502395734657, 0.000437641720055, -0.00166529696435, -0.000718855357263, -0.00373155088164, 0.00516209099442, -0.0135778207332, 0.0275844763964, -0.0129961380735, 0.00843103416264, -0.00461885891855], [0.00013045767264, -0.00157630047761, 0.00114543468226, 0.000674849259667, 0.000429837004049, -0.00121609610505, 0.00215890421532, -0.00675600068644, 0.00788946636021, -0.0129961380735, 0.0312573686242, -0.0153835332021, 0.00590217486024], [-0.000223539143917, 0.000622105668299, -0.00177000486292, -0.00209870608523, -0.00179997493979, 0.000500442576595, -0.00184953364078, 0.00600354420021, -0.00667286198586, 0.00843103416264, -0.0153835332021, 0.0310927648097, -0.0135886631906], [0.000471924227895, -0.000751350424252, -0.000394343951484, -0.00125592551194, 0.0011805864051, -0.00162641552743, -0.000508021388669, -0.00351315084845, 0.00440274877474, -0.00461885891855, 0.00590217486024, -0.0135886631906, 0.0290041603148]]}, "spectral_contrast_coeffs": {"dmean": [0.0448629930615, 0.0349432937801, 0.0282705612481, 0.0240252539515, 0.0183247849345, 0.0142882345244], "dmean2": [0.0744355395436, 0.0567618981004, 0.0463187769055, 0.0403623580933, 0.0307465028018, 0.0244475342333], "dvar": [0.00139748561196, 0.000852714758366, 0.000529595417902, 0.00037852243986, 0.000233981045312, 0.000207650155062], "dvar2": [0.00400966219604, 0.00233212811872, 0.00142839353066, 0.00103669823147, 0.000623601023108, 0.00060223788023], "max": [-0.298671603203, -0.454192250967, -0.559530258179, -0.5802090168, -0.596132934093, -0.646575808525], "mean": [-0.580551147461, -0.722201228142, -0.77986818552, -0.765620112419, -0.732064604759, -0.792280733585], "median": [-0.585761189461, -0.726911067963, -0.782281219959, -0.765268564224, -0.73728966713, -0.768216848373], "min": [-0.960974514484, -0.980402171612, -0.98057872057, -0.981289625168, -0.977152824402, -0.963307738304], "var": [0.00577232474461, 0.00371510488912, 0.00180053792428, 0.00204272312112, 0.00149050762411, 0.00559518439695]}, "spectral_contrast_valleys": {"dmean": [0.334534674883, 0.228781908751, 0.214226424694, 0.186678931117, 0.161505907774, 0.229174733162], "dmean2": [0.552462875843, 0.364916235209, 0.349207997322, 0.307776689529, 0.265067607164, 0.392782688141], "dvar": [0.149198040366, 0.117353126407, 0.105007886887, 0.0952761024237, 0.0922800004482, 0.171383202076], "dvar2": [0.271190971136, 0.156477168202