{"lowlevel": {"average_loudness": 0.870463132858, "barkbands_crest": {"dmean": 4.01410055161, "dmean2": 6.43206214905, "dvar": 13.3959617615, "dvar2": 30.8973579407, "max": 26.6359386444, "mean": 13.1333436966, "median": 12.1973114014, "min": 2.50735044479, "var": 31.9184455872}, "barkbands_flatness_db": {"dmean": 0.0429802127182, "dmean2": 0.061998244375, "dvar": 0.00177112943493, "dvar2": 0.00336416484788, "max": 0.420917540789, "mean": 0.142991632223, "median": 0.125528275967, "min": 0.0143569195643, "var": 0.00599962752312}, "barkbands_kurtosis": {"dmean": 10.4243593216, "dmean2": 15.1151590347, "dvar": 616.331970215, "dvar2": 1208.13891602, "max": 477.01473999, "mean": 12.9565114975, "median": 2.65244293213, "min": -1.98392093182, "var": 1106.10229492}, "barkbands_skewness": {"dmean": 1.10684525967, "dmean2": 1.60565400124, "dvar": 1.55188262463, "dvar2": 2.95719361305, "max": 17.4942951202, "mean": 2.17782616615, "median": 1.63256323338, "min": -7.19249868393, "var": 5.6058306694}, "barkbands_spread": {"dmean": 9.86741733551, "dmean2": 15.8474407196, "dvar": 118.929603577, "dvar2": 283.166870117, "max": 162.861343384, "mean": 23.8606910706, "median": 20.8145370483, "min": 0.347815126181, "var": 314.947906494}, "dissonance": {"dmean": 0.0212335474789, "dmean2": 0.0349371172488, "dvar": 0.00055261637317, "dvar2": 0.00142256671097, "max": 0.5, "mean": 0.461241066456, "median": 0.472115218639, "min": 0.241421028972, "var": 0.00118709844537}, "dynamic_complexity": 4.88092279434, "erbbands_crest": {"dmean": 4.02020454407, "dmean2": 6.39062643051, "dvar": 23.1423053741, "dvar2": 42.6852111816, "max": 34.5775032043, "mean": 11.5653343201, "median": 8.11955738068, "min": 2.35873842239, "var": 69.7202301025}, "erbbands_flatness_db": {"dmean": 0.0281860921532, "dmean2": 0.0399384759367, "dvar": 0.00101595767774, "dvar2": 0.00182404345833, "max": 0.460471749306, "mean": 0.136730775237, "median": 0.118800617754, "min": 0.0146541874856, "var": 0.00501202791929}, "erbbands_kurtosis": {"dmean": 2.81580305099, "dmean2": 4.10206317902, "dvar": 63.3311347961, "dvar2": 107.818252563, "max": 120.528488159, "mean": 2.66150641441, "median": -0.114459514618, "min": -1.78867435455, "var": 110.732704163}, "erbbands_skewness": {"dmean": 0.499160468578, "dmean2": 0.771401941776, "dvar": 0.323382943869, "dvar2": 0.671788275242, "max": 7.42123365402, "mean": 0.227109596133, "median": 0.160241425037, "min": -6.03227472305, "var": 0.794038236141}, "erbbands_spread": {"dmean": 10.9787635803, "dmean2": 16.6062583923, "dvar": 122.42881012, "dvar2": 240.281509399, "max": 163.304229736, "mean": 41.0390357971, "median": 38.6551055908, "min": 0.466357499361, "var": 536.80847168}, "hfc": {"dmean": 12.9536762238, "dmean2": 18.1545085907, "dvar": 385.374359131, "dvar2": 669.81451416, "max": 198.526733398, "mean": 21.2116909027, "median": 10.2459545135, "min": 3.36419958558e-08, "var": 800.020568848}, "melbands_crest": {"dmean": 4.76551485062, "dmean2": 7.66350221634, "dvar": 18.6751403809, "dvar2": 39.4510879517, "max": 39.6837692261, "mean": 18.5328235626, "median": 17.4395427704, "min": 3.8606030941, "var": 56.1270866394}, "melbands_flatness_db": {"dmean": 0.0485456138849, "dmean2": 0.0705935135484, "dvar": 0.00229135435075, "dvar2": 0.0045200441964, "max": 0.536161065102, "mean": 0.223838299513, "median": 0.206090927124, "min": 0.0168158654124, "var": 0.00762291857973}, "melbands_kurtosis": {"dmean": 22.2258453369, "dmean2": 32.9794540405, "dvar": 2038.30432129, "dvar2": 4475.62597656, "max": 926.461853027, "mean": 33.6814994812, "median": 10.7832784653, "min": -1.9245018959, "var": 4312.98095703}, "melbands_skewness": {"dmean": 1.44197404385, "dmean2": 2.10243391991, "dvar": 2.57332134247, "dvar2": 5.42099809647, "max": 28.0649223328, "mean": 3.63511419296, "median": 2.8717751503, "min": -5.45794439316, "var": 10.4633846283}, "melbands_spread": {"dmean": 9.30684089661, "dmean2": 15.0471229553, "dvar": 109.076957703, "dvar2": 254.056427002, "max": 165.542526245, "mean": 20.4905834198, "median": 17.5437145233, "min": 0.317609757185, "var": 254.113510132}, "pitch_salience": {"dmean": 0.107598163188, "dmean2": 0.17063100636, "dvar": 0.00954870600253, "dvar2": 0.02170840092, "max": 0.835707008839, "mean": 0.459674656391, "median": 0.47570592165, "min": 0.0245352815837, "var": 0.0243756566197}, "silence_rate_20dB": {"dmean": 0.00110051361844, "dmean2": 0.00220143096521, "dvar": 0.00109931034967, "dvar2": 0.00329733127728, "max": 1, "mean": 0.999449849129, "median": 1, "min": 0, "var": 0.000549871707335}, "silence_rate_30dB": {"dmean": 0.0979457050562, "dmean2": 0.195927351713, "dvar": 0.0883489772677, "dvar2": 0.175522089005, "max": 1, "mean": 0.870896756649, "median": 1, "min": 0, "var": 0.112433359027}, "silence_rate_60dB": {"dmean": 0.027512839064, "dmean2": 0.054852321744, "dvar": 0.0267597064376, "dvar2": 0.0624926313758, "max": 1, "mean": 0.0935264974833, "median": 0, "min": 0, "var": 0.0847861096263}, "spectral_centroid": {"dmean": 333.289733887, "dmean2": 521.456054688, "dvar": 133322.875, "dvar2": 291168.375, "max": 10831.15625, "mean": 1438.45837402, "median": 1325.07568359, "min": 213.957778931, "var": 428680.8125}, "spectral_complexity": {"dmean": 4.90132045746, "dmean2": 7.25096321106, "dvar": 39.6394195557, "dvar2": 72.7879104614, "max": 61, "mean": 15.1742162704, "median": 13, "min": 0, "var": 113.126899719}, "spectral_decrease": {"dmean": 6.35232755286e-09, "dmean2": 9.25055232415e-09, "dvar": 9.76398833451e-17, "dvar2": 2.07730912787e-16, "max": 3.23275868262e-16, "mean": -1.03641806248e-08, "median": -4.20809564972e-09, "min": -1.13073149066e-07, "var": 2.00568733057e-16}, "spectral_energy": {"dmean": 0.0248006880283, "dmean2": 0.0360810607672, "dvar": 0.00144774024375, "dvar2": 0.00304640573449, "max": 0.429014056921, "mean": 0.0410408191383, "median": 0.0172179825604, "min": 2.88435182856e-12, "var": 0.003011188237}, "spectral_energyband_high": {"dmean": 0.000690188899171, "dmean2": 0.00101926014759, "dvar": 1.10329688141e-06, "dvar2": 2.39882342612e-06, "max": 0.0106211425737, "mean": 0.000928748573642, "median": 0.000291266042041, "min": 2.18800281712e-12, "var": 2.21146729018e-06}, "spectral_energyband_low": {"dmean": 0.0199779178947, "dmean2": 0.0296367220581, "dvar": 0.00127428944688, "dvar2": 0.0028744507581, "max": 0.42413932085, "mean": 0.0269840229303, "median": 0.00661027617753, "min": 5.3429327206e-14, "var": 0.00230282708071}, "spectral_energyband_middle_high": {"dmean": 0.00502362661064, "dmean2": 0.0071698660031, "dvar": 0.000119662377983, "dvar2": 0.000182181538548, "max": 0.10638063401, "mean": 0.00747657520697, "median": 0.00189045805018, "min": 3.46701969434e-13, "var": 0.000239074084675}, "spectral_energyband_middle_low": {"dmean": 0.00312419934198, "dmean2": 0.00492223026231, "dvar": 2.76076480077e-05, "dvar2": 6.6760359914e-05, "max": 0.0570461936295, "mean": 0.00565679930151, "median": 0.00375420367345, "min": 3.48516449532e-14, "var": 3.59092082363e-05}, "spectral_entropy": {"dmean": 0.245969101787, "dmean2": 0.357714354992, "dvar": 0.0731970891356, "dvar2": 0.144241675735, "max": 9.80569839478, "mean": 7.66428804398, "median": 7.74056100845, "min": 5.37002563477, "var": 0.255265444517}, "spectral_flux": {"dmean": 0.0488427951932, "dmean2": 0.0798546671867, "dvar": 0.00330144097097, "dvar2": 0.00812430214137, "max": 0.494873613119, "mean": 0.106445528567, "median": 0.078474752605, "min": 2.87982493319e-05, "var": 0.00676205474883}, "spectral_kurtosis": {"dmean": 1.35173594952, "dmean2": 2.13268089294, "dvar": 2.87816548347, "dvar2": 6.734167099, "max": 21.6379852295, "mean": 4.38792037964, "median": 3.8396062851, "min": -1.22456049919, "var": 6.29628133774}, "spectral_rms": {"dmean": 0.0016450950643, "dmean2": 0.0023036939092, "dvar": 3.82260714105e-06, "dvar2": 7.16583008398e-06, "max": 0.020458502695, "mean": 0.00522417062894, "median": 0.00409854017198, "min": 5.30471666593e-08, "var": 1.27477687784e-05}, "spectral_rolloff": {"dmean": 666.283813477, "dmean2": 1168.26818848, "dvar": 1541618.375, "dvar2": 4053101, "max": 19789.0136719, "mean": 1235.78942871, "median": 1055.12695312, "min": 21.533203125, "var": 2868788.75}, "spectral_skewness": {"dmean": 0.202095970511, "dmean2": 0.316996634007, "dvar": 0.0445019006729, "dvar2": 0.101290367544, "max": 3.49710965157, "mean": 1.58949816227, "median": 1.55329215527, "min": -0.0159219950438, "var": 0.139797434211}, "spectral_spread": {"dmean": 781475.5625, "dmean2": 1063741.25, "dvar": 833787985920, "dvar2": 1294215675900.0, "max": 41604624, "mean": 5367521, "median": 5184638, "min": 2164638.25, "var": 3030141632510.0}, "spectral_strongpeak": {"dmean": 0.832835078239, "dmean2": 1.36699199677, "dvar": 3.51199865341, "dvar2": 8.69966220856, "max": 14.3838672638, "mean": 0.988133788109, "median": 0.293558567762, "min": 0, "var": 4.32048463821}, "zerocrossingrate": {"dmean": 0.0158853512257, "dmean2": 0.0195849072188, "dvar": 0.000303049397189, "dvar2": 0.000476184504805, "max": 0.65576171875, "mean": 0.0596693493426, "median": 0.0537109375, "min": 0, "var": 0.00188676116522}, "barkbands": {"dmean": [0.00237256125547, 0.0177710559219, 0.00266318256035, 0.00132663885597, 0.00100418855436, 0.000756683526561, 0.000383848615456, 0.000311901210807, 0.000257210835116, 0.000185206299648, 0.000553343445063, 0.00320430239663, 0.000377567921532, 0.000596115249209, 0.000450076331617, 0.000242427457124, 0.00017735757865, 0.000178086353117, 0.000151118278154, 0.000151705622557, 0.000142969831359, 0.000117628791486, 8.93573305802e-05, 9.56690855674e-05, 8.32846635603e-05, 7.27685110178e-05, 3.96437462769e-05], "dmean2": [0.00386871420778, 0.0269583817571, 0.00462827133015, 0.00223567406647, 0.0016694633523, 0.00118780869525, 0.000648560351692, 0.000494808657095, 0.000420798023697, 0.000314206612529, 0.00083582662046, 0.00450919242576, 0.000637108110823, 0.000980519456789, 0.00074028770905, 0.000426388607593, 0.000298494531307, 0.000291385367746, 0.000235064246226, 0.000235858387896, 0.00022317157709, 0.000186571269296, 0.000136293718242, 0.000137892362545, 0.000125520455185, 0.000108772903332, 6.00253006269e-05], "dvar": [1.43789138747e-05, 0.0011371265864, 4.00005228585e-05, 6.86178736942e-06, 3.71358214579e-06, 1.41430803069e-06, 7.46744092339e-07, 7.21266701476e-07, 2.3495975654e-07, 3.83458200304e-07, 3.15202601087e-06, 0.000101670251752, 2.28835665439e-06, 7.3984865594e-06, 2.18578566091e-06, 4.90491004257e-07, 1.98805722107e-07, 1.58656007443e-07, 8.7367020285e-08, 9.71196882915e-08, 5.646872836e-08, 3.96470056785e-08, 2.29683827513e-08, 2.16300097833e-08, 1.86157240734e-08, 1.72169070112e-08, 5.80025627528e-09], "dvar2": [3.34496689902e-05, 0.0026481859386, 0.000106027597212, 1.70520779648e-05, 9.80208096735e-06, 3.41171266882e-06, 2.07673451769e-06, 1.6248555994e-06, 6.37349046428e-07, 1.07545895389e-06, 6.32002365819e-06, 0.000143103301525, 5.94758057559e-06, 1.73921998794e-05, 5.61611932426e-06, 1.33309436023e-06, 5.10847144142e-07, 3.86927496265e-07, 1.81339785854e-07, 2.30968197457e-07, 1.27076802414e-07, 9.91004256434e-08, 5.32870458869e-08, 4.55582700454e-08, 4.18080219333e-08, 3.9953381048e-08, 1.31671109571e-08], "max": [0.0385321117938, 0.392158120871, 0.0696848854423, 0.0279492624104, 0.0195815581828, 0.0213398039341, 0.0134610123932, 0.0167510826141, 0.00605425005779, 0.010370887816, 0.0259198267013, 0.101518519223, 0.0230552460998, 0.0467215701938, 0.0172149445862, 0.00839704927057, 0.00629284325987, 0.00580084742978, 0.00304587883875, 0.00460726534948, 0.0025005240459, 0.00322645017877, 0.00244245771319, 0.00214429968037, 0.00121540518012, 0.00121062097605, 0.000899146019947], "mean": [0.00290918676183, 0.021788045764, 0.00232925172895, 0.0012686944101, 0.00142132758629, 0.00151595042553, 0.000520342029631, 0.000480013171909, 0.000366387568647, 0.000209560996154, 0.000622805848252, 0.00435623386875, 0.000377671822207, 0.000577000435442, 0.000427715596743, 0.000249293399975, 0.000210239406442, 0.000224770279601, 0.000193868545466, 0.00020065800345, 0.000170805345988, 0.000152522698045, 0.000118305055366, 0.00013008264068, 0.000102522986708, 7.59631875553e-05, 4.15936738136e-05], "median": [0.00108448346145, 0.00405897432938, 0.000657201861031, 0.000454243621789, 0.000800914596766, 0.000696247501764, 0.000230661549722, 0.000131548018544, 0.000231373822317, 8.57551713125e-05, 0.000150644002133, 0.000162592943525, 0.000120680015243, 8.49234784255e-05, 0.000101237274066, 5.50660515728e-05, 8.56502228999e-05, 0.000103014979686, 6.07993388257e-05, 6.41398219159e-05, 5.96201389271e-05, 4.67741301691e-05, 2.85487403744e-05, 3.18747479469e-05, 2.24980940402e-05, 1.55339403136e-05, 4.00559474656e-06], "min": [6.16759315603e-14, 2.32864840962e-14, 1.9940587064e-15, 2.08076269295e-15, 1.1456669489e-14, 5.56679878518e-15, 3.04507793967e-15, 8.13367516887e-16, 6.44005502545e-15, 1.44167430137e-14, 2.84166407852e-14, 1.84162648781e-14, 1.8060761762e-14, 2.39909580103e-14, 8.30874862049e-15, 1.78390102305e-14, 5.57141816406e-14, 3.48580281935e-14, 1.15766378146e-13, 3.67562324164e-14, 6.65430574141e-14, 1.15325229835e-13, 1.41376168585e-13, 2.39491179709e-13, 3.35488554255e-13, 6.14341422785e-13, 7.08636599921e-13], "var": [2.34873423324e-05, 0.00177216401789, 2.97705300909e-05, 6.08910340816e-06, 3.73691545974e-06, 5.43714486412e-06, 7.05826380454e-07, 2.312971219e-06, 2.23646850372e-07, 2.66863736442e-07, 3.85599923902e-06, 0.000195939894184, 1.71470492205e-06, 6.99913789504e-06, 1.76285630005e-06, 4.6498013262e-07, 1.97453402961e-07, 1.65690892118e-07, 1.33339881359e-07, 1.57593333938e-07, 8.13175446979e-08, 6.85735059847e-08, 4.75738204386e-08, 5.18664293736e-08, 2.99319680153e-08, 2.03576711044e-08, 7.83783260516e-09]}, "erbbands": {"dmean": [0.735696554184, 3.42463874817, 3.51234197617, 3.76170945168, 3.96252441406, 3.19961500168, 3.44350743294, 7.38524580002, 6.51813650131, 6.50066995621, 4.75286245346, 6.48094749451, 5.21946763992, 7.01204919815, 37.0553245544, 160.792434692, 24.947851181, 25.3886470795, 34.2770652771, 13.2191238403, 12.1849031448, 9.28471660614, 10.2356643677, 7.99560070038, 7.38795948029, 7.13996505737, 5.97960662842, 5.80650472641, 4.09177780151, 3.42451953888, 2.5123770237, 2.12213349342, 1.5378203392, 0.901445746422, 0.612594425678, 0.332348793745, 0.13209797442, 0.0316307358444, 0.00638285977766, 0.000526943302248], "dmean2": [1.07919287682, 5.49291801453, 5.90956449509, 6.34641742706, 6.55040931702, 5.38767528534, 5.6858587265, 11.5270881653, 10.5325746536, 10.6007966995, 7.93810892105, 10.4440202713, 8.65435695648, 11.3128528595, 53.9774246216, 227.331497192, 38.7236785889, 40.2617721558, 58.6494636536, 21.4764499664, 21.026517868, 15.3641719818, 16.6102848053, 12.6987190247, 11.5246286392, 10.991689682, 9.16787242889, 9.29276847839, 6.31940889359, 5.47684144974, 3.8291220665, 3.13187742233, 2.23258018494, 1.35565853119, 0.935645163059, 0.49817943573, 0.199015662074, 0.04752734676, 0.00959570519626, 0.000804085109849], "dvar": [1.96343171597, 48.2805519104, 62.1679725647, 58.1310195923, 59.4713859558, 39.7366828918, 45.5920066833, 144.644485474, 179.435195923, 296.556488037, 117.703422546, 130.112121582, 233.255615234, 384.997009277, 8651.49707031, 260856, 4847.16601562, 19069.4511719, 15276.2431641, 1111.5736084, 1102.01269531, 640.007446289, 607.469543457, 249.665145874, 255.247634888, 199.982284546, 106.977890015, 98.1537475586, 46.5616607666, 38.235912323, 17.8110294342, 11.2564353943, 6.34417772293, 2.12117767334, 1.18175590038, 0.333102911711, 0.0602888911963, 0.0031747892499, 0.000148179053213, 1.09395045911e-06], "dvar2": [4.43915605545, 114.106689453, 161.473876953, 141.219238281, 150.240982056, 106.361045837, 123.109085083, 327.089263916, 477.980407715, 678.716247559, 313.20324707, 348.284667969, 638.072998047, 1025.52783203, 16013.1523438, 373383.96875, 12271.0703125, 43404.03125, 40593.9375, 2797.64648438, 2941.01416016, 1639.83447266, 1519.48339844, 542.593933105, 558.120788574, 462.049530029, 228.6043396, 237.981445312, 111.214836121, 98.3456039429, 40.4351997375, 24.932767868, 12.7654733658, 4.63295984268, 2.74922919273, 0.758038163185, 0.142244204879, 0.00717611471191, 0.000337424746249, 2.48831884164e-06], "max": [18.1258735657, 71.0239028931, 93.7095794678, 81.9585876465, 85.0925216675, 80.3578262329, 109.939201355, 265.011199951, 198.157302856, 330.335083008, 132.59677124, 158.858779907, 305.575164795, 319.160797119, 1271.15454102, 5174.80957031, 985.229980469, 2434.52954102, 1421.28430176, 408.499603271, 367.389404297, 350.169647217, 392.627410889, 184.483062744, 196.483322144, 211.810012817, 104.058837891, 153.754486084, 98.227722168, 120.306129456, 63.5359649658, 33.8549423218, 47.2081604004, 17.8891429901, 10.7531986237, 5.5512714386, 2.18074846268, 0.572372317314, 0.161054685712, 0.0115032503381], "mean": [0.899070560932, 3.76396775246, 3.4171295166, 3.69986629486, 4.68937158585, 4.46396493912, 5.59497451782, 15.2666225433, 10.5546569824, 10.2236785889, 6.4521355629, 9.8264093399, 6.68278694153, 8.87685966492, 47.1371192932, 217.122161865, 30.5209064484, 26.636259079, 30.948059082, 15.0327711105, 13.1738376617, 11.3430233002, 13.1755714417, 10.4994373322, 8.90449905396, 9.63600254059, 7.95837068558, 6.83377122879, 5.39029455185, 4.27933835983, 3.25309920311, 2.78079414368, 2.11577796936, 1.18158400059, 0.692724943161, 0.356944203377, 0.135699093342, 0.0329031608999, 0.00666580023244, 0.000582745997235], "median": [0.138313084841, 0.759362578392, 0.943327486515, 1.44616925716, 2.34660840034, 2.38902068138, 2.84377551079, 6.11631011963, 4.69546031952, 3.05242586136, 2.86957550049, 6.59319114685, 3.37546658516, 3.54122328758, 10.20520401, 8.25283050537, 7.79001808167, 5.77615356445, 6.02679443359, 4.02778434753, 3.66816139221, 4.54607343674, 6.33670043945, 3.70338177681, 2.87325000763, 3.0508005619, 2.99772238731, 2.10724568367, 1.60061585903, 1.16895723343, 0.805199444294, 0.672651052475, 0.509718894958, 0.261885136366, 0.146478548646, 0.0766492262483, 0.0265694651753, 0.00499126268551, 0.000745934608858, 0.000100663193734], "min": [1.44834719305e-12, 2.80650979886e-12, 2.95060113495e-12, 4.67479657415e-12, 2.03765979784e-11, 4.540126608e-11, 3.88392443207e-11, 4.89622509203e-11, 4.43574239839e-11, 3.74947156656e-11, 3.67646468824e-11, 1.23284701892e-10, 3.88416160346e-10, 6.06149908045e-10, 1.36943145712e-09, 6.39646946521e-10, 7.53310080981e-10, 9.24632537203e-10, 7.42096994966e-10, 5.7037219392e-10, 1.30132271625e-09, 3.49716700043e-09, 1.82593540288e-09, 4.65879201883e-09, 4.91184914964e-09, 2.05293382294e-09, 2.96948776679e-09, 2.07157824228e-09, 4.62003235668e-09, 4.66951588507e-09, 3.43440009765e-09, 3.34919469935e-09, 4.46962733491e-09, 3.89083965047e-09, 2.30019669978e-09, 2.33907360148e-09, 1.08924602671e-09, 4.76245320957e-10, 1.01908807781e-10, 9.95200189619e-12], "var": [3.50220608711, 57.2760009766, 51.6865882874, 52.7003898621, 56.0374450684, 39.3199882507, 56.4428062439, 728.392272949, 279.15133667, 942.76159668, 167.620925903, 138.893280029, 178.693588257, 366.856262207, 12257.1582031, 492728.125, 5240.36035156, 18501.0019531, 11243.7529297, 1271.45483398, 1083.06726074, 630.118530273, 598.23059082, 354.301940918, 331.230712891, 352.038574219, 182.876358032, 139.010574341, 85.5242462158, 67.3811416626, 33.7341117859, 22.3122272491, 16.162027359, 4.1301651001, 1.5101313591, 0.411916822195, 0.0692887455225, 0.00416318932548, 0.00019597102073, 1.4766270624e-06]}, "gfcc": {"mean": [-27.016576767, 69.5582351685, -97.8679885864, 26.6694507599, -42.6716690063, 15.2942371368, -27.2547283173, 3.88178777695, -22.2489185333, 6.43403148651, -6.0489730835, 6.26231622696, -9.14210510254], "cov": [[21444.0449219, -106.603782654, 489.536682129, 453.097198486, -359.795410156, 746.226318359, -434.277648926, 67.9018554688, -583.538330078, 69.3120803833, -408.232635498, 129.087875366, -174.82081604], [-106.603782654, 1404.38085938, -207.117507935, 142.870513916, 68.1248931885, 6.79618215561, 99.6550598145, 41.4128341675, 65.9786224365, -23.0370025635, 115.134513855, 29.6027126312, 45.6441802979], [489.536682129, -207.117507935, 951.027954102, 434.46307373, 339.239349365, 182.812210083, 193.865371704, 198.7215271, 176.151062012, -35.5044670105, -70.4578857422, -60.3480529785, 38.6637382507], [453.097198486, 142.870513916, 434.46307373, 516.000488281, 229.481124878, 151.531356812, 175.041763306, 168.50944519, 145.083145142, -20.9106311798, -47.1403427124, -57.8666381836, 38.2046585083], [-359.795410156, 68.1248931885, 339.239349365, 229.481124878, 443.465393066, 201.451309204, 247.6456604, 117.12298584, 162.998504639, -6.1006860733, 34.9228248596, -6.69792032242, 50.7082557678], [746.226318359, 6.79618215561, 182.812210083, 151.531356812, 201.451309204, 259.4503479, 155.302703857, 77.2302398682, 22.9365463257, 12.1147174835, 22.7587795258, 25.4564819336, 13.747803688], [-434.277648926, 99.6550598145, 193.865371704, 175.041763306, 247.6456604, 155.302703857, 256.890228271, 124.026573181, 121.397262573, 0.474947810173, 50.4339752197, 13.5019817352, 43.250213623], [67.9018554688, 41.4128341675, 198.7215271, 168.50944519, 117.12298584, 77.2302398682, 124.026573181, 175.763015747, 126.903076172, 12.3466005325, -14.5165691376, -12.171081543, 18.7385959625], [-583.538330078, 65.9786224365, 176.151062012, 145.083145142, 162.998504639, 22.9365463257, 121.397262573, 126.903076172, 216.750274658, 41.5998268127, 13.7462873459, -25.9883327484, 34.9418449402], [69.3120803833, -23.0370025635, -35.5044670105, -20.9106311798, -6.1006860733, 12.1147174835, 0.474947810173, 12.3466005325, 41.5998268127, 99.7372741699, 42.8334541321, 12.5435724258, -1.38561522961], [-408.232635498, 115.134513855, -70.4578857422, -47.1403427124, 34.9228248596, 22.7587795258, 50.4339752197, -14.5165691376, 13.7462873459, 42.8334541321, 126.966308594, 58.5514907837, 21.0612869263], [129.087875366, 29.6027126312, -60.3480529785, -57.8666381836, -6.69792032242, 25.4564819336, 13.5019817352, -12.171081543, -25.9883327484, 12.5435724258, 58.5514907837, 92.6401748657, 26.7658863068], [-174.82081604, 45.6441802979, 38.6637382507, 38.2046585083, 50.7082557678, 13.747803688, 43.250213623, 18.7385959625, 34.9418449402, -1.38561522961, 21.0612869263, 26.7658863068, 71.5059814453]], "icov": [[8.61390508362e-05, -5.40182991244e-05, -5.39167194802e-05, -7.41385665606e-05, 6.99973461451e-05, -0.000392106798245, 0.00032156513771, -0.000106946790766, 0.000186038814718, -0.000238974331296, 0.000366049789591, -0.000303169857943, 8.32445148262e-05], [-5.40182991244e-05, 0.00103633815888, 0.000608639442362, -0.000658130680677, -0.000138269126182, 0.000340870494256, 3.58948709618e-05, -0.000278645835351, -0.000341878447216, 0.00110752787441, -0.0015733622713, 0.000384302402381, -0.000179138864041], [-5.39167194802e-05, 0.000608639442362, 0.00246255472302, -0.00139291002415, -0.00123515957966, 9.2461676104e-05, 0.000665898551233, -0.00108503224328, -0.00032814629958, 0.00106418586802, -0.000380513578421, 0.000321146071656, -0.000195091677597], [-7.41385665606e-05, -0.000658130680677, -0.00139291002415, 0.00494131306186, 0.000335919263307, -0.00123838800937, -0.000926801061723, -0.0011292489944, -0.000652397517115, 0.000317194993841, 0.000846404291224, 0.0025677299127, -0.00167719565798], [6.99973461451e-05, -0.000138269126182, -0.00123515957966, 0.000335919263307, 0.00815378688276, -0.00453273346648, -0.0035189432092, 0.00370901008137, -0.00503378733993, 0.0022757453844, -0.000328259426169, 0.000887579168193, -0.000738197995815], [-0.000392106798245, 0.000340870494256, 9.2461676104e-05, -0.00123838800937, -0.00453273346648, 0.0127558959648, -0.00548696378246, -0.00201000715606, 0.00612376024947, -0.00378441833891, 0.00015638579498, -0.00191809830721, 0.00164902710821], [0.00032156513771, 3.58948709618e-05, 0.000665898551233, -0.000926801061723, -0.0035189432092, -0.00548696378246, 0.0160819794983, -0.00607851613313, -0.00138604897074, 0.00364670623094, -0.00504909129813, 0.00026214166428, -0.00154847430531], [-0.000106946790766, -0.000278645835351, -0.00108503224328, -0.0011292489944, 0.00370901008137, -0.00201000715606, -0.00607851613313, 0.0170615501702, -0.00873540714383, -0.000180726754479, 0.00475430302322, -0.00328153674491, 0.00216124206781], [0.000186038814718, -0.000341878447216, -0.00032814629958, -0.000652397517115, -0.00503378733993, 0.00612376024947, -0.00138604897074, -0.00873540714383, 0.0173484850675, -0.00824737735093, 0.00042970146751, 0.00284701236524, -0.00311059155501], [-0.000238974331296, 0.00110752787441, 0.00106418586802, 0.000317194993841, 0.0022757453844, -0.00378441833891, 0.00364670623094, -0.000180726754479, -0.00824737735093, 0.0185560882092, -0.00897996965796, 0.00202343193814, 0.00119656324387], [0.000366049789591, -0.0015733622713, -0.000380513578421, 0.000846404291224, -0.000328259426169, 0.00015638579498, -0.00504909129813, 0.00475430302322, 0.00042970146751, -0.00897996965796, 0.0208914391696, -0.0106183392927, 0.00110082479659], [-0.000303169857943, 0.000384302402381, 0.000321146071656, 0.0025677299127, 0.000887579168193, -0.00191809830721, 0.00026214166428, -0.00328153674491, 0.00284701236524, 0.00202343193814, -0.0106183392927, 0.0228246320039, -0.0088594481349], [8.32445148262e-05, -0.000179138864041, -0.000195091677597, -0.00167719565798, -0.000738197995815, 0.00164902710821, -0.00154847430531, 0.00216124206781, -0.00311059155501, 0.00119656324387, 0.00110082479659, -0.0088594481349, 0.0204161740839]]}, "melbands": {"dmean": [0.00560553371906, 0.00267643597908, 0.000649798137601, 0.000255272199865, 0.000117513860459, 0.000160652023624, 9.34737618081e-05, 7.40981777199e-05, 3.70975430997e-05, 4.07992483815e-05, 2.58757372649e-05, 2.50652228715e-05, 7.74234140408e-05, 0.000383309437893, 0.000194597465452, 2.88453247776e-05, 5.21248366567e-05, 6.26754190307e-05, 2.04763455258e-05, 1.8853774236e-05, 1.34457586682e-05, 9.60100078373e-06, 1.09320735646e-05, 7.60180955695e-06, 6.58604949422e-06, 6.21068056716e-06, 3.97695293941e-06, 5.4010911299e-06, 4.3065169848e-06, 3.1564920846e-06, 3.59868340638e-06, 2.36710297941e-06, 2.27610121328e-06, 1.77469814844e-06, 1.49107574998e-06, 1.42412000059e-06, 1.36401956752e-06, 1.16718308618e-06, 9.46715772443e-07, 7.05408069734e-07], "dmean2": [0.00826177559793, 0.00430140504614, 0.00108101789374, 0.000419636722654, 0.000193377301912, 0.000250408513239, 0.000152528446051, 0.000119564116176, 6.28819834674e-05, 6.55682742945e-05, 4.30867621617e-05, 4.18696945417e-05, 0.000116068658826, 0.000544138776604, 0.000281127751805, 4.78250913147e-05, 8.33860540297e-05, 0.00010883736104, 3.26746958308e-05, 3.27224588546e-05, 2.32259808399e-05, 1.63124987012e-05, 1.79734724952e-05, 1.2434288692e-05, 1.0561486306e-05, 9.79320429906e-06, 6.17953355686e-06, 8.45150680107e-06, 6.78768583384e-06, 4.80007156511e-06, 5.93511731495e-06, 3.66147855857e-06, 3.71926148546e-06, 2.83339636553e-06, 2.30018849834e-06, 2.10173607229e-06, 2.07335597224e-06, 1.72743796156e-06, 1.42294254601e-06, 1.07726350507e-06], "dvar": [0.000109984946903, 2.88490064122e-05, 1.62477897447e-06, 2.33228021784e-07, 5.17830756053e-08, 6.39747170794e-08, 3.79085278723e-08, 4.14975076524e-08, 7.08442637887e-09, 5.12423836696e-09, 6.19312157113e-09, 6.66905153324e-09, 6.02559069307e-08, 1.34448828248e-06, 3.15810297025e-07, 7.26225124481e-09, 1.01896951321e-07, 5.46558283077e-08, 2.62323984757e-09, 2.91626278681e-09, 1.25922994254e-09, 6.90194790209e-10, 7.28711258002e-10, 2.92024709969e-10, 1.74894418392e-10, 1.83925305541e-10, 7.1139885649e-11, 1.40212105815e-10, 6.56729809423e-11, 2.92849668126e-11, 4.00353986074e-11, 1.63080556004e-11, 1.83740609533e-11, 1.080938377e-11, 6.42914237473e-12, 6.43753019641e-12, 4.90206703355e-12, 4.25245255675e-12, 2.17595125945e-12, 1.44160150397e-12], "dvar2": [0.000252994097536, 6.9485642598e-05, 3.84204986403e-06, 6.08165862559e-07, 1.3905291496e-07, 1.47180600152e-07, 1.02015327741e-07, 9.30458483595e-08, 1.94977758383e-08, 1.35729552042e-08, 1.69943543682e-08, 1.81908763608e-08, 1.19681743627e-07, 1.84908378742e-06, 5.31450893959e-07, 1.83238970664e-08, 2.35976202134e-07, 1.46926197431e-07, 6.08191896845e-09, 7.94172461127e-09, 3.40879591221e-09, 1.81801751431e-09, 1.81618498019e-09, 7.0448064049e-10, 3.85596693464e-10, 4.06082889537e-10, 1.54969814758e-10, 3.39854699938e-10, 1.54365908944e-10, 6.301022204e-11, 1.036177949e-10, 3.7972583411e-11, 4.86936255206e-11, 2.78519221575e-11, 1.47182942917e-11, 1.44788174505e-11, 1.12600978888e-11, 8.67137438243e-12, 4.79051694147e-12, 3.2336837201e-12], "max": [0.132641032338, 0.0540424399078, 0.0124880541116, 0.00456758774817, 0.00317463022657, 0.00514398142695, 0.00289487699047, 0.00404978217557, 0.000974610913545, 0.000944566854741, 0.00159970053937, 0.00138966087252, 0.00356575660408, 0.0114219393581, 0.0060127414763, 0.001543847844, 0.00560060050339, 0.00269069126807, 0.000500094669405, 0.000726339523681, 0.000415885413531, 0.00034008041257, 0.000401401572162, 0.000238294800511, 0.000167335587321, 0.00018384354189, 0.000112269728561, 0.000197730696527, 0.000104273509351, 6.75084957038e-05, 0.000101203280792, 5.21866677445e-05, 9.26429347601e-05, 6.61200610921e-05, 4.67349454993e-05, 4.31868757005e-05, 1.91546405404e-05, 4.2415347707e-05, 1.90597638721e-05, 1.67974194483e-05], "mean": [0.00700930785388, 0.00288876984268, 0.000678992830217, 0.000336746132234, 0.000196312597836, 0.000328884052578, 0.000148243329022, 0.000115581111459, 4.82594841742e-05, 6.10160750512e-05, 3.11592229991e-05, 2.91477481369e-05, 8.70688600116e-05, 0.000523087452166, 0.000250618119026, 3.27077723341e-05, 5.18867273058e-05, 5.43366113561e-05, 2.29084926104e-05, 1.94338135771e-05, 1.41270320455e-05, 1.12251873361e-05, 1.37262104545e-05, 9.38788707572e-06, 8.39677795739e-06, 7.29985822545e-06, 4.7319854275e-06, 7.16976774129e-06, 5.61513661523e-06, 3.77552123609e-06, 4.09004951507e-06, 3.21418974636e-06, 2.60476076619e-06, 2.23082406592e-06, 1.84940506642e-06, 1.81762266038e-06, 1.67975474596e-06, 1.55526254275e-06, 1.2545485788e-06, 8.97188670024e-07], "median": [0.00125997653231, 0.000763840798754, 0.000285008864012, 0.000181749463081, 0.000109626533231, 0.000137169728987, 6.70870722388e-05, 3.01461950585e-05, 2.36426640186e-05, 4.00843382522e-05, 1.42539383887e-05, 1.0044012015e-05, 2.07874800253e-05, 2.92265303869e-05, 1.52471602632e-05, 1.26445274873e-05, 8.15393377707e-06, 9.32114016905e-06, 5.79272636969e-06, 4.85940790895e-06, 4.02975956604e-06, 4.2808355829e-06, 6.26413157079e-06, 4.01607485401e-06, 2.5673455184e-06, 2.16369357986e-06, 1.56310682087e-06, 1.99807732315e-06, 2.01732041205e-06, 1.29063391796e-06, 1.1747906683e-06, 9.3818454161e-07, 7.46534851714e-07, 5.51852110675e-07, 4.43666323235e-07, 4.18426651549e-07, 4.07684211723e-07, 3.65358062027e-07, 2.88389685466e-07, 1.85191169066e-07], "min": [1.27126948359e-14, 2.20913900644e-15, 1.14984108491e-15, 2.5218862287e-15, 1.53926257658e-15, 1.08787713081e-15, 6.72635004404e-16, 3.40260122934e-16, 4.19367547433e-16, 8.45168627737e-16, 1.93523396228e-15, 2.21652005154e-15, 4.43648540959e-15, 2.33316898211e-15, 2.33045699437e-15, 1.18043273859e-15, 1.9367357517e-15, 1.53316161002e-15, 6.52846091294e-16, 8.87390414361e-16, 1.57898429253e-15, 3.6703750255e-15, 2.48454922814e-15, 1.33391669682e-15, 4.05038238125e-15, 4.25619190567e-15, 1.83162955086e-15, 1.23089197357e-15, 2.15043136462e-15, 1.57001146076e-15, 8.99156813729e-16, 2.46953345157e-15, 2.43169161937e-15, 3.04656278842e-15, 2.44787121921e-15, 1.30398985812e-15, 2.22119503813e-15, 2.60780268636e-15, 3.29754479168e-15, 3.6186822988e-15], "var": [0.000188731733942, 3.12817719532e-05, 1.55095017362e-06, 2.30306142157e-07, 6.25555074407e-08, 2.95085413882e-07, 5.47074314738e-08, 1.38139441219e-07, 7.35366478821e-09, 5.58005996965e-09, 4.61340432523e-09, 5.68748781404e-09, 7.52539150994e-08, 2.61651757683e-06, 5.68555719838e-07, 6.55642651282e-09, 9.48965066527e-08, 3.88339671531e-08, 3.28321791976e-09, 2.75434119956e-09, 1.19584619984e-09, 6.60362875493e-10, 7.12803316372e-10, 3.05834468861e-10, 2.49153642162e-10, 2.34657043796e-10, 9.47594572254e-11, 2.38801645125e-10, 1.05005032447e-10, 4.26873501824e-11, 5.33057729901e-11, 3.32259046665e-11, 2.59346034232e-11, 1.98963883563e-11, 1.18741162736e-11, 1.21843533527e-11, 7.84018770045e-12, 9.78673392327e-12, 4.58538805884e-12, 2.60720503346e-12]}, "mfcc": {"mean": [-674.607910156, 108.428009033, 6.40342092514, 22.4974575043, 7.82018280029, 12.8868083954, 7.01491069794, 3.09495306015, -2.76195216179, -2.64139270782, 1.77933037281, 8.31815338135, 2.18419861794], "cov": [[12936.34375, 430.86895752, 497.053619385, 153.095123291, 376.452728271, 446.065856934, 237.913589478, 117.82334137, 123.730789185, 37.2326850891, -87.0321350098, -34.6412811279, -50.5424690247], [430.86895752, 1214.99279785, -132.925125122, 136.610687256, 11.3202266693, 29.9838371277, 28.6138572693, 58.9182624817, -19.0671443939, -61.9822540283, 32.8885574341, 127.752151489, 27.6182384491], [497.053619385, -132.925125122, 536.45703125, 245.401809692, 184.091842651, 78.1298446655, 96.0427398682, 143.920303345, 143.020126343, 135.07321167, 46.7496070862, -43.8346176147, -63.6392669678], [153.095123291, 136.610687256, 245.401809692, 330.165435791, 162.619262695, 91.4866104126, 82.0328674316, 146.871292114, 138.03288269, 131.017562866, 60.271156311, -24.3136005402, -43.4681091309], [376.452728271, 11.3202266693, 184.091842651, 162.619262695, 231.649139404, 135.089797974, 108.732139587, 134.054870605, 122.46295166, 108.247589111, 51.0768508911, -1.78035998344, -13.9245729446], [446.065856934, 29.9838371277, 78.1298446655, 91.4866104126, 135.089797974, 185.811660767, 132.917663574, 101.155570984, 69.6724090576, 50.0633354187, 28.9154815674, 27.3515968323, 36.9907302856], [237.913589478, 28.6138572693, 96.0427398682, 82.0328674316, 108.732139587, 132.917663574, 188.06098938, 132.180007935, 69.3572463989, 48.0328063965, 26.5104465485, 35.352848053, 39.0325546265], [117.82334137, 58.9182624817, 143.920303345, 146.871292114, 134.054870605, 101.155570984, 132.180007935, 217.533401489, 136.36050415, 86.7834091187, 56.0680198669, 18.5835609436, -8.26512432098], [123.730789185, -19.0671443939, 143.020126343, 138.03288269, 122.46295166, 69.6724090576, 69.3572463989, 136.36050415, 179.417800903, 133.980987549, 61.3451538086, -6.58830451965, -28.1538391113], [37.2326850891, -61.9822540283, 135.07321167, 131.017562866, 108.247589111, 50.0633354187, 48.0328063965, 86.7834091187, 133.980987549, 173.948028564, 84.2476577759, -26.8166236877, -35.2526473999], [-87.0321350098, 32.8885574341, 46.7496070862, 60.271156311, 51.0768508911, 28.9154815674, 26.5104465485, 56.0680198669, 61.3451538086, 84.2476577759, 123.83265686, 43.0708847046, -18.3261623383], [-34.6412811279, 127.752151489, -43.8346176147, -24.3136005402, -1.78035998344, 27.3515968323, 35.352848053, 18.5835609436, -6.58830451965, -26.8166236877, 43.0708847046, 129.293762207, 69.4279327393], [-50.5424690247, 27.6182384491, -63.6392669678, -43.4681091309, -13.9245729446, 36.9907302856, 39.0325546265, -8.26512432098, -28.1538391113, -35.2526473999, -18.3261623383, 69.4279327393, 136.689971924]], "icov": [[9.53063135967e-05, -7.0889487688e-05, -0.000132148736157, 0.000148041712237, -3.78247059416e-05, -0.000319522048812, 4.53883003502e-05, 0.000101882920717, -5.1335489843e-05, -9.64246464719e-06, 0.000146046775626, 3.15971692544e-06, 0.00011584690219], [-7.0889487688e-05, 0.00128551875241, 0.000786239164881, -0.00147088197991, -4.2338957428e-05, 0.000370520079741, 1.78867594514e-05, -0.000350842048647, 0.000391558802221, 0.000562217319384, 0.000131856155349, -0.00150184193626, 0.000487592333229], [-0.000132148736157, 0.000786239164881, 0.00387704768218, -0.00247441767715, -0.00149125419557, 0.00165259966161, -0.00113532005344, -0.000150492895045, -5.81619387958e-05, -5.93486474827e-05, 0.000386677769711, -0.000606608344242, 0.000859078485519], [0.000148041712237, -0.00147088197991, -0.00247441767715, 0.00821794848889, -0.00118470971938, -0.00165330432355, 0.00125816091895, -0.00183752027806, -0.000274941703537, -0.00261257216334, 0.000146297752508, 0.00183365889825, 2.74423309747e-05], [-3.78247059416e-05, -4.2338957428e-05, -0.00149125419557, -0.00118470971938, 0.0125658456236, -0.00661330018193, 0.000780326430686, -0.00178134383168, -0.000874426215887, -0.00279939151369, 0.000862947839778, -0.000639645499177, 0.00120126735419], [-0.000319522048812, 0.000370520079741, 0.00165259966161, -0.00165330432355, -0.00661330018193, 0.0166981238872, -0.00832992047071, 0.00173426349647, -0.00161463581026, 0.00280043808743, -0.00229624449275, 0.00116822973359, -0.00316990306601], [4.53883003502e-05, 1.78867594514e-05, -0.00113532005344, 0.00125816091895, 0.000780326430686, -0.00832992047071, 0.0164140667766, -0.00840855948627, 0.00415495457128, -0.00374626065604, 0.00285213207826, -0.00236952095293, -0.00150160456542], [0.000101882920717, -0.000350842048647, -0.000150492895045, -0.00183752027806, -0.00178134383168, 0.00173426349647, -0.00840855948627, 0.0162840913981, -0.0104611702263, 0.00618907203898, -0.00346061238088, 0.00112967228051, 0.000592861732002], [-5.1335489843e-05, 0.000391558802221, -5.81619387958e-05, -0.000274941703537, -0.000874426215887, -0.00161463581026, 0.00415495457128, -0.0104611702263, 0.0233071632683, -0.0155164096504, 0.00571300461888, -0.00501181324944, 0.00242663547397], [-9.64246464719e-06, 0.000562217319384, -5.93486474827e-05, -0.00261257216334, -0.00279939151369, 0.00280043808743, -0.00374626065604, 0.00618907203898, -0.0155164096504, 0.0270610507578, -0.0154492743313, 0.0107144666836, -0.00430483883247], [0.000146046775626, 0.000131856155349, 0.000386677769711, 0.000146297752508, 0.000862947839778, -0.00229624449275, 0.00285213207826, -0.00346061238088, 0.00571300461888, -0.0154492743313, 0.0227693989873, -0.0141830239445, 0.00738842505962], [3.15971692544e-06, -0.00150184193626, -0.000606608344242, 0.00183365889825, -0.000639645499177, 0.00116822973359, -0.00236952095293, 0.00112967228051, -0.00501181324944, 0.0107144666836, -0.0141830239445, 0.0217952225357, -0.0102718705311], [0.00011584690219, 0.000487592333229, 0.000859078485519, 2.74423309747e-05, 0.00120126735419, -0.00316990306601, -0.00150160456542, 0.000592861732002, 0.00242663547397, -0.00430483883247, 0.00738842505962, -0.0102718705311, 0.0147111508995]]}, "spectral_contrast_coeffs": {"dmean": [0.0497484654188, 0.0482283644378, 0.0514286234975, 0.0356544852257, 0.0230534803122, 0.0174528006464], "dmean2": [0.0793900340796, 0.0772934183478, 0.0742335617542, 0.0582705065608, 0.037345290184, 0.0286644734442], "dvar": [0.00179827504326, 0.00166958686896, 0.00212885113433, 0.000942938146181, 0.000365541054634, 0.000243806280196], "dvar2": [0.00430269865319, 0.00419101212174, 0.00361545267515, 0.00242949230596, 0.000927377666812, 0.000644763465971], "max": [-0.310401827097, -0.392972350121, -0.384945720434, -0.578017234802, -0.663870632648, -0.65841448307], "mean": [-0.708896279335, -0.729813575745, -0.738957285881, -0.782585442066, -0.7959228158, -0.773730397224], "median": [-0.72494238615, -0.738164663315, -0.75457495451, -0.785629212856, -0.79747235775, -0.771881580353], "min": [-0.963445842266, -0.965512096882, -0.967699348927, -0.956463992596, -0.956360280514, -0.959044575691], "var": [0.00890964921564, 0.00718534970656, 0.00776477530599, 0.00251991674304, 0.00122946826741, 0.000884444336407]}, "spectral_contrast_valleys": {"dmean": [0.462607473135, 0.482185661793, 0.433796018362, 0.449484288692, 0.451169312, 0.559343755245], "dmean2": [0.729403793812, 0.739841580391, 0.643339276314, 0.649346470833, 0.627097010612, 0.702165484428], "dvar": [0.259990245104, 0.30009111762, 0.250331938267, 0.303010553122, 0.296091735363, 0.401881217957], "dvar2": [0.478076934814, 0.586500108242, 0.428489983082, 0.526801884174, 0.508928239346, 0.704337120056], "max": [-4.61521720886, -4.71807050705, -4.92338609695, -5.11533260345, -5.56080436707, -8.01958942413], "mean": [-7.41967487335, -7.