{"lowlevel": {"average_loudness": 0.137887448072, "barkbands_crest": {"dmean": 2.44222545624, "dmean2": 3.77897119522, "dvar": 6.4836306572, "dvar2": 15.0227661133, "max": 25.6339530945, "mean": 13.0290994644, "median": 12.1288194656, "min": 3.03158855438, "var": 28.7089443207}, "barkbands_flatness_db": {"dmean": 0.025736130774, "dmean2": 0.0373322814703, "dvar": 0.000791024009231, "dvar2": 0.00154071464203, "max": 0.48926115036, "mean": 0.258999675512, "median": 0.266351997852, "min": 0.0481229536235, "var": 0.00488841487095}, "barkbands_kurtosis": {"dmean": 3.65513968468, "dmean2": 5.34261512756, "dvar": 94.4552536011, "dvar2": 165.153930664, "max": 242.922332764, "mean": 5.10199117661, "median": 1.54016160965, "min": -1.60392129421, "var": 183.371551514}, "barkbands_skewness": {"dmean": 0.56303358078, "dmean2": 0.818545818329, "dvar": 0.611839175224, "dvar2": 1.13563024998, "max": 14.3239917755, "mean": 1.63436388969, "median": 1.30254495144, "min": -1.76213276386, "var": 2.22454333305}, "barkbands_spread": {"dmean": 2.86856007576, "dmean2": 4.32783651352, "dvar": 14.8564195633, "dvar2": 30.7855396271, "max": 65.5978775024, "mean": 11.4229793549, "median": 9.18813610077, "min": 0.642666101456, "var": 60.7139396667}, "dissonance": {"dmean": 0.026981132105, "dmean2": 0.0457528829575, "dvar": 0.000622856605332, "dvar2": 0.00174101348966, "max": 0.500000059605, "mean": 0.438184171915, "median": 0.444322317839, "min": 0.186380848289, "var": 0.00139496149495}, "dynamic_complexity": 3.60102558136, "erbbands_crest": {"dmean": 2.06821417809, "dmean2": 3.33123445511, "dvar": 4.06489467621, "dvar2": 9.87273216248, "max": 30.8183879852, "mean": 10.863658905, "median": 9.49770736694, "min": 3.44096922874, "var": 23.1090183258}, "erbbands_flatness_db": {"dmean": 0.0157431028783, "dmean2": 0.0237608067691, "dvar": 0.000337632664014, "dvar2": 0.000677103118505, "max": 0.468620449305, "mean": 0.295712530613, "median": 0.290881127119, "min": 0.110593095422, "var": 0.00666828872636}, "erbbands_kurtosis": {"dmean": 0.640014469624, "dmean2": 0.99099946022, "dvar": 0.628262162209, "dvar2": 1.31628370285, "max": 17.7094669342, "mean": 0.314093649387, "median": -0.0770845413208, "min": -1.81923472881, "var": 2.81020760536}, "erbbands_skewness": {"dmean": 0.285569339991, "dmean2": 0.445258796215, "dvar": 0.0730261579156, "dvar2": 0.168242320418, "max": 3.58825778961, "mean": 0.486128866673, "median": 0.474841028452, "min": -1.72571563721, "var": 0.387475043535}, "erbbands_spread": {"dmean": 3.08663535118, "dmean2": 4.67056751251, "dvar": 14.264714241, "dvar2": 30.3195838928, "max": 65.7018508911, "mean": 20.8699913025, "median": 19.6159648895, "min": 2.57757163048, "var": 103.132705688}, "hfc": {"dmean": 4.99893331528, "dmean2": 6.94826126099, "dvar": 83.9470367432, "dvar2": 169.850372314, "max": 118.725090027, "mean": 15.3836393356, "median": 10.9669761658, "min": 5.60468879485e-06, "var": 228.59211731}, "melbands_crest": {"dmean": 3.19175624847, "dmean2": 4.86372470856, "dvar": 14.878156662, "dvar2": 33.8345336914, "max": 39.3163146973, "mean": 17.7895107269, "median": 15.1697330475, "min": 4.83312654495, "var": 82.2264862061}, "melbands_flatness_db": {"dmean": 0.0256229843944, "dmean2": 0.0365608632565, "dvar": 0.000843744375743, "dvar2": 0.00168171443511, "max": 0.519592702389, "mean": 0.297656536102, "median": 0.306057244539, "min": 0.02425195463, "var": 0.00562530057505}, "melbands_kurtosis": {"dmean": 4.45027160645, "dmean2": 6.8716468811, "dvar": 109.573158264, "dvar2": 244.081573486, "max": 207.319671631, "mean": 7.7384095192, "median": 4.18744850159, "min": -1.51799368858, "var": 172.782943726}, "melbands_skewness": {"dmean": 0.581800937653, "dmean2": 0.864023983479, "dvar": 0.676864206791, "dvar2": 1.41964709759, "max": 12.9610729218, "mean": 2.03149199486, "median": 1.78808271885, "min": -1.39059913158, "var": 2.19500350952}, "melbands_spread": {"dmean": 3.70498371124, "dmean2": 5.58758354187, "dvar": 21.8160247803, "dvar2": 45.4851379395, "max": 95.6228942871, "mean": 14.7549686432, "median": 12.7786512375, "min": 1.04044127464, "var": 83.8255004883}, "pitch_salience": {"dmean": 0.0676879063249, "dmean2": 0.105134613812, "dvar": 0.00511000212282, "dvar2": 0.0120447427034, "max": 0.94367647171, "mean": 0.444266736507, "median": 0.465954303741, "min": 0.0352167673409, "var": 0.0246587879956}, "silence_rate_20dB": {"dmean": 0.0164097473025, "dmean2": 0.0328276529908, "dvar": 0.0161402728409, "dvar2": 0.0362272672355, "max": 1, "mean": 0.981854319572, "median": 1, "min": 0, "var": 0.0178161300719}, "silence_rate_30dB": {"dmean": 0.0353058166802, "dmean2": 0.0706291943789, "dvar": 0.0340599045157, "dvar2": 0.0750898644328, "max": 1, "mean": 0.895103156567, "median": 1, "min": 0, "var": 0.0938944742084}, "silence_rate_60dB": {"dmean": 0.0323222279549, "dmean2": 0.0644118413329, "dvar": 0.0312779694796, "dvar2": 0.0647406950593, "max": 1, "mean": 0.136713892221, "median": 0, "min": 0, "var": 0.118017747998}, "spectral_centroid": {"dmean": 132.87159729, "dmean2": 195.254150391, "dvar": 49543.8007812, "dvar2": 69848.2265625, "max": 11054.2304688, "mean": 1088.22998047, "median": 981.792480469, "min": 359.577514648, "var": 196709.875}, "spectral_complexity": {"dmean": 2.09895563126, "dmean2": 3.22133803368, "dvar": 5.46706295013, "dvar2": 9.76695632935, "max": 41, "mean": 14.2068109512, "median": 14, "min": 0, "var": 39.8158569336}, "spectral_decrease": {"dmean": 6.18276008169e-09, "dmean2": 8.7305735974e-09, "dvar": 3.01665516678e-16, "dvar2": 5.85597286875e-16, "max": -6.464849268e-17, "mean": -1.2219965484e-08, "median": -4.66431515633e-09, "min": -2.89448337298e-07, "var": 6.30735249118e-16}, "spectral_energy": {"dmean": 0.023711392656, "dmean2": 0.0334722846746, "dvar": 0.00431880354881, "dvar2": 0.0083872480318, "max": 1.09473514557, "mean": 0.0475163124502, "median": 0.0189087949693, "min": 7.52359563538e-10, "var": 0.00906965322793}, "spectral_energyband_high": {"dmean": 0.000100132376247, "dmean2": 0.000128106257762, "dvar": 8.15325336134e-08, "dvar2": 1.74374264361e-07, "max": 0.00316086295061, "mean": 0.000191129802261, "median": 1.6551986846e-05, "min": 4.24379975605e-10, "var": 1.79794355404e-07}, "spectral_energyband_low": {"dmean": 0.013891749084, "dmean2": 0.0208843890578, "dvar": 0.0025234175846, "dvar2": 0.00525783235207, "max": 0.825623095036, "mean": 0.0212773438543, "median": 5.06182623212e-05, "min": 8.61841327471e-12, "var": 0.00441792421043}, "spectral_energyband_middle_high": {"dmean": 0.00201321323402, "dmean2": 0.00294399471022, "dvar": 1.98524758162e-05, "dvar2": 4.19964308094e-05, "max": 0.0793251022696, "mean": 0.00557817751542, "median": 0.00386264687404, "min": 2.49346931991e-10, "var": 4.65551456728e-05}, "spectral_energyband_middle_low": {"dmean": 0.00365054793656, "dmean2": 0.00543974991888, "dvar": 3.65317428077e-05, "dvar2": 7.3344221164e-05, "max": 0.144052773714, "mean": 0.0115092471242, "median": 0.00858430191875, "min": 3.84018233879e-11, "var": 0.000157367103384}, "spectral_entropy": {"dmean": 0.148586854339, "dmean2": 0.240290105343, "dvar": 0.041441462934, "dvar2": 0.10210596025, "max": 9.81071662903, "mean": 6.6249833107, "median": 6.65253591537, "min": 5.31487846375, "var": 0.156943619251}, "spectral_flux": {"dmean": 0.0340918749571, "dmean2": 0.0577981323004, "dvar": 0.00328880152665, "dvar2": 0.0101035516709, "max": 0.739858925343, "mean": 0.0730784609914, "median": 0.0428056232631, "min": 2.74291742244e-05, "var": 0.00629544397816}, "spectral_kurtosis": {"dmean": 9.59805488586, "dmean2": 16.9104652405, "dvar": 103.904830933, "dvar2": 306.236175537, "max": 98.8293914795, "mean": 18.0732154846, "median": 11.9884519577, "min": -1.18498313427, "var": 256.622528076}, "spectral_rms": {"dmean": 0.00121650449, "dmean2": 0.00165989727248, "dvar": 4.25209464083e-06, "dvar2": 7.89973091742e-06, "max": 0.0326807945967, "mean": 0.00533000472933, "median": 0.00429506739601, "min": 8.56743440636e-07, "var": 1.7948443201e-05}, "spectral_rolloff": {"dmean": 238.922485352, "dmean2": 397.714477539, "dvar": 168191.078125, "dvar2": 304789.78125, "max": 15503.90625, "mean": 1037.1817627, "median": 1012.06054688, "min": 21.533203125, "var": 475787.9375}, "spectral_skewness": {"dmean": 0.697895765305, "dmean2": 1.22388839722, "dvar": 0.466091364622, "dvar2": 1.38251447678, "max": 7.4095044136, "mean": 2.48450827599, "median": 2.16431236267, "min": 0.0319080203772, "var": 1.21103382111}, "spectral_spread": {"dmean": 281081.25, "dmean2": 452843.125, "dvar": 477173252096, "dvar2": 615639678976, "max": 40565132, "mean": 2043675.5, "median": 1844897.625, "min": 644767.3125, "var": 1032810594300.0}, "spectral_strongpeak": {"dmean": 0.367364108562, "dmean2": 0.601343750954, "dvar": 0.391108781099, "dvar2": 0.907428503036, "max": 10.2380990982, "mean": 1.15837526321, "median": 0.827180624008, "min": 0, "var": 1.5469814539}, "zerocrossingrate": {"dmean": 0.00491984048858, "dmean2": 0.00596672156826, "dvar": 3.00315714412e-05, "dvar2": 4.00204844482e-05, "max": 0.13916015625, "mean": 0.038563657552, "median": 0.03955078125, "min": 0.00048828125, "var": 0.000323811429553}, "barkbands": {"dmean": [0.0161357186735, 0.00473753781989, 5.97400285187e-05, 0.000199408532353, 0.000665494066197, 0.00109794491436, 0.0010809621308, 0.000868347764481, 0.00105299334973, 0.000659307115711, 0.000311796844471, 0.00044958802755, 0.00043390376959, 0.000308732734993, 0.000304979883367, 0.000157456219313, 0.000145977115608, 4.53734646726e-05, 8.90330920811e-05, 6.54331379337e-05, 2.9779093893e-05, 3.57120879926e-05, 1.50889081851e-05, 1.0864806427e-05, 3.35792856276e-06, 5.62618026834e-07, 2.82974443877e-08], "dmean2": [0.0218631308526, 0.00751254847273, 9.58007003646e-05, 0.000239986460656, 0.00101660739165, 0.00182149349712, 0.0016519241035, 0.00131978932768, 0.00153395638335, 0.00101588771213, 0.000483449664898, 0.000708975712769, 0.000675004499499, 0.000494054867886, 0.000433140492532, 0.000246876268648, 0.000209432677366, 7.28635859559e-05, 0.000126906888909, 8.80265870364e-05, 4.10025422752e-05, 4.6604029194e-05, 2.09399386222e-05, 1.41564451042e-05, 4.73583259009e-06, 8.26173220503e-07, 4.27375290712e-08], "dvar": [0.00272968481295, 0.000357152253855, 1.72345750116e-07, 1.46283684899e-06, 2.44489638135e-06, 5.82083157497e-06, 5.30489842276e-06, 2.93790867545e-06, 6.5681574597e-06, 4.46443982582e-06, 4.10811111351e-07, 3.26806093653e-06, 1.45642513871e-06, 6.20888044978e-07, 5.28508564912e-07, 2.15918291246e-07, 3.94196717934e-07, 2.36479760218e-08, 2.16340410475e-07, 1.22229778299e-07, 9.00812580085e-09, 1.56466626322e-08, 5.04214492381e-09, 1.57838875303e-09, 1.75436817851e-10, 9.08345534206e-12, 5.26793811752e-14], "dvar2": [0.0050183669664, 0.000861570239067, 3.1169400927e-07, 2.09881613955e-06, 5.88335524299e-06, 1.56980604515e-05, 1.20633703773e-05, 5.72489580009e-06, 1.33232615553e-05, 9.07590219867e-06, 9.73145347416e-07, 7.39976076147e-06, 3.25837572746e-06, 1.59516287113e-06, 9.96532776298e-07, 4.91898163091e-07, 7.39508834613e-07, 6.10508621435e-08, 5.16999932643e-07, 2.67160800149e-07, 1.86933437618e-08, 3.16349684226e-08, 1.05446043008e-08, 3.33219984938e-09, 4.07381378631e-10, 2.12168477232e-11, 1.31925991399e-13], "max": [0.997019410133, 0.339365512133, 0.0137368375435, 0.0543105527759, 0.0405832156539, 0.0518284738064, 0.0396303422749, 0.0305197779089, 0.0531668514013, 0.0599079243839, 0.0128294182941, 0.0489014387131, 0.0414990969002, 0.0223338790238, 0.0121778715402, 0.014789108187, 0.0146268336102, 0.00476311612874, 0.0128385089338, 0.0119449710473, 0.00212734355591, 0.00225406885147, 0.00125834858045, 0.000635569158476, 0.000159343297128, 4.94803389302e-05, 5.70019574297e-06], "mean": [0.0243332758546, 0.00590195320547, 0.000113293281174, 0.000414752081269, 0.00124401517678, 0.00258408416994, 0.00279121357016, 0.00193261413369, 0.00228215474635, 0.00124060036615, 0.000840527936816, 0.000752946012653, 0.000778541783802, 0.000547200266737, 0.000579967105296, 0.000283949804725, 0.000306881556753, 8.67825146997e-05, 0.000188781297766, 0.000139403928188, 6.1743769038e-05, 6.83176403982e-05, 2.33416812989e-05, 1.54574117914e-05, 3.92191896026e-06, 5.83944085975e-07, 2.74297509151e-08], "median": [1.22847268358e-06, 3.1091949495e-06, 4.09427138948e-06, 6.83162124915e-06, 0.000371506524971, 0.00100487028249, 0.000698011717759, 0.000826282077469, 0.00069646560587, 0.000343867228366, 0.000222569928155, 0.000284309586277, 0.000290767668048, 0.000228004879318, 0.000223331546295, 8.32229561638e-05, 5.20415669598e-05, 3.69320441678e-05, 3.53077666659e-05, 1.1910131434e-05, 4.79511618323e-06, 3.4004851841e-06, 4.70918536166e-07, 1.58130717409e-07, 3.29312186409e-08, 5.32522514973e-09, 1.5388237351e-09], "min": [1.96010937516e-12, 2.03194167221e-12, 3.04600095147e-12, 5.85665283631e-12, 6.55082932344e-12, 1.32779291034e-12, 1.38398797631e-12, 3.20504256815e-12, 1.25939822807e-11, 3.147819852e-11, 1.21236137449e-11, 6.84081871011e-12, 8.03529031507e-12, 7.01557770211e-11, 6.06501827927e-12, 3.2885548451e-11, 3.59219320956e-11, 9.89757841657e-12, 1.89700442854e-11, 6.7971420159e-11, 4.18448505013e-11, 4.0627251563e-11, 4.78458661579e-11, 3.76917247413e-11, 6.71821209774e-11, 6.57133236714e-11, 8.08485847714e-11], "var": [0.00571229821071, 0.00044501881348, 5.27570534814e-07, 6.22685547569e-06, 7.29382600184e-06, 2.15402087633e-05, 2.32961392612e-05, 1.00479728644e-05, 1.83324318641e-05, 1.25340739032e-05, 1.83721249414e-06, 4.41109796157e-06, 3.55690826837e-06, 8.53025369452e-07, 1.12964880827e-06, 4.2933459099e-07, 9.62206286204e-07, 2.84006134166e-08, 3.06826763108e-07, 2.47124859243e-07, 2.51883918168e-08, 3.88145267038e-08, 8.71875993624e-09, 2.61607047136e-09, 2.1661696048e-10, 1.01163209754e-11, 4.79569590419e-14]}, "erbbands": {"dmean": [0.412994891405, 0.170755252242, 0.0567908100784, 0.368630439043, 0.96365994215, 2.39860892296, 5.21998929977, 10.4632062912, 14.6427707672, 17.898355484, 18.371465683, 25.1024456024, 19.2577190399, 17.3141670227, 15.3521318436, 16.4890384674, 21.2593860626, 14.3011951447, 13.5318174362, 15.8581991196, 9.00499534607, 7.60769844055, 3.39437150955, 3.76843523979, 4.18904447556, 3.41588377953, 1.28137886524, 1.06896579266, 1.19467651844, 0.980674147606, 0.362616866827, 0.270014703274, 0.132511287928, 0.04526617378, 0.02268929407, 0.00470588961616, 0.000739061506465, 6.24817985226e-05, 1.42861963468e-05, 2.60948309005e-05], "dmean2": [0.647507488728, 0.288896977901, 0.0915665775537, 0.465572357178, 1.26520776749, 3.70279574394, 8.42454624176, 17.3060798645, 22.6568546295, 28.1751232147, 26.7482414246, 36.2506446838, 29.1151485443, 27.2533817291, 23.8281955719, 25.9555644989, 33.0098686218, 22.7518634796, 20.3558082581, 22.8958282471, 13.9835004807, 10.7467298508, 5.19468259811, 5.50650453568, 5.61847066879, 4.58302259445, 1.80785524845, 1.39594268799, 1.55529117584, 1.32707715034, 0.492889553308, 0.351343095303, 0.181032285094, 0.0637873187661, 0.0319663025439, 0.00681473314762, 0.00110205961391, 9.41017060541e-05, 2.04472307814e-05, 3.68314285879e-05], "dvar": [2.56952381134, 0.514266729355, 0.0784853249788, 6.26199054718, 14.1088504791, 26.1121368408, 251.375778198, 587.067504883, 1030.04040527, 1703.22033691, 1223.97180176, 4247.78857422, 2550.18115234, 3050.34790039, 1388.16003418, 2798.16870117, 3726.87084961, 1548.35754395, 1175.46569824, 2663.91479492, 800.505859375, 1326.17980957, 170.709472656, 410.990142822, 216.361129761, 438.168945312, 19.6932754517, 11.8450374603, 16.3011646271, 18.433172226, 2.7125620842, 1.22466659546, 0.278948694468, 0.0292988549918, 0.0092539396137, 0.000533197890036, 1.49741044879e-05, 1.53440566919e-07, 1.37693512148e-09, 4.99553598488e-09], "dvar2": [5.93918085098, 1.35983657837, 0.145199671388, 9.41180896759, 20.7185630798, 61.0231628418, 744.463500977, 1528.70080566, 2230.48486328, 3807.73144531, 2388.39868164, 8594.4375, 5424.95751953, 6462.21875, 3117.16748047, 6572.06298828, 8372.76757812, 3988.03222656, 2617.68408203, 4669.98583984, 1874.06848145, 2468.32446289, 382.87487793, 1000.25421143, 426.289398193, 990.47052002, 42.9093170166, 22.1932296753, 34.0897712708, 37.5514717102, 6.18214797974, 2.59772062302, 0.647113084793, 0.0673259273171, 0.0214568320662, 0.00123212847393, 3.44564032275e-05, 3.81736128929e-07, 2.93555335595e-09, 9.7079349004e-09], "max": [28.280670166, 12.8955526352, 8.62690925598, 113.152565002, 151.568115234, 68.2799072266, 312.950439453, 575.853210449, 572.315795898, 1033.82275391, 562.67956543, 1488.06860352, 1334.31542969, 1485.43591309, 897.089233398, 1598.83984375, 2101.93823242, 1217.94592285, 627.382568359, 1017.80535889, 1021.07855225, 991.028564453, 319.725311279, 529.149353027, 269.729400635, 776.850341797, 108.247955322, 56.8788375854, 66.4011230469, 78.5220870972, 28.3518352509, 21.9678592682, 8.31746864319, 1.99882078171, 1.36461627483, 0.376130104065, 0.0736384317279, 0.00839931238443, 0.000556113373023, 0.00117599300575], "mean": [0.552139639854, 0.205537304282, 0.102970607579, 0.86109817028, 2.16519927979, 4.06253814697, 9.46765708923, 24.7728843689, 38.6566848755, 43.503944397, 43.9929618835, 54.8769645691, 41.0383911133, 35.2311553955, 37.271697998, 30.3525447845, 39.4891815186, 26.0378818512, 28.2818870544, 28.2216053009, 18.089805603, 16.5813274384, 7.02876186371, 7.33983373642, 10.2117681503, 7.20481395721, 2.52644109726, 2.35747671127, 2.36579990387, 1.67507445812, 0.543601453304, 0.396853506565, 0.183501660824, 0.0549483299255, 0.0253572538495, 0.00504575390369, 0.000747646961827, 6.22293737251e-05, 2.71774897556e-05, 5.33181919309e-05], "median": [0.000116812560009, 0.00108113547321, 0.00730703491718, 0.0250710844994, 0.203430712223, 1.18982946873, 4.38537406921, 9.31628990173, 11.6443405151, 16.7856254578, 21.2483444214, 16.8660621643, 15.8288536072, 14.8422203064, 16.1668434143, 15.1357793808, 15.3667840958, 11.2236948013, 13.9580221176, 7.96723031998, 5.35045146942, 3.3680331707, 2.83218574524, 1.97663140297, 1.50369775295, 0.732293426991, 0.25971186161, 0.181140974164, 0.134198442101, 0.0573512166739, 0.0130429510027, 0.00463024899364, 0.00192123930901, 0.000503084971569, 0.000221516704187, 6.39987629256e-05, 2.14618466998e-05, 4.67098243462e-06, 1.09414959297e-05, 2.22579528781e-05], "min": [6.6125584175e-11, 4.73592720596e-10, 2.75342482148e-09, 1.28082637829e-08, 2.72379292454e-08, 1.86373458888e-08, 5.58826185326e-09, 1.0607821288e-08, 2.23647234066e-08, 2.03942036592e-08, 1.09969185758e-07, 2.61067867768e-07, 6.00667078743e-07, 1.24226323805e-06, 2.91542704645e-07, 3.28702299157e-07, 5.13624286214e-07, 3.59233877134e-06, 8.76917908954e-07, 1.13216526643e-06, 1.49424624851e-06, 2.06980075745e-06, 8.80265531578e-07, 6.9307219519e-07, 1.42740907449e-06, 2.50327980211e-06, 2.72873876384e-06, 1.3364140159e-06, 1.62895696576e-06, 1.37125277888e-06, 1.11733834274e-06, 9.81729954219e-07, 5.95652409174e-07, 4.70828297239e-07, 5.76135562369e-07, 3.24047249478e-07, 1.17192946902e-07, 4.20217958208e-08, 1.22184156126e-08, 1.25832944065e-09], "var": [3.56111764908, 0.556787908077, 0.241129532456, 29.019159317, 83.7743606567, 53.0550079346, 365.380554199, 2186.53125, 4654.1953125, 6255.96240234, 4152.69091797, 11550.7099609, 6976.75097656, 6099.95800781, 3348.04125977, 3727.11254883, 9140.38085938, 2111.92602539, 2154.70043945, 5374.29101562, 1706.75695801, 3061.3359375, 338.155090332, 496.622253418, 646.54498291, 821.001281738, 50.2858428955, 36.6018333435, 39.2480201721, 36.5627365112, 3.99742364883, 1.97138094902, 0.422187805176, 0.0380148477852, 0.0109580475837, 0.000616223609541, 1.58905513672e-05, 1.4084108102e-07, 2.45757414419e-09, 1.05761106539e-08]}, "gfcc": {"mean": [-107.386375427, 145.272354126, -194.208206177, -17.0099449158, -64.9378051758, -24.0421161652, -24.0307254791, -13.7971343994, -4.91744184494, -2.92560768127, 0.921840965748, -3.78302359581, 2.13509225845], "cov": [[8648.34570312, -1191.1262207, 1867.93859863, 2631.04248047, -700.540222168, 1491.64147949, -94.7753372192, 482.163757324, 238.689529419, 510.431182861, 500.348876953, 62.5311508179, 241.90536499], [-1191.1262207, 1429.54272461, 56.6162719727, -533.759094238, 636.886779785, -409.795532227, 110.901725769, -176.805496216, 83.0762634277, -170.584518433, -73.4546661377, -16.828918457, -6.90450239182], [1867.93859863, 56.6162719727, 1517.38061523, 1050.09606934, 98.3592147827, 843.19934082, -29.7636508942, 212.718841553, 77.4278640747, 264.138214111, 240.62940979, 70.8332214355, 138.72253418], [2631.04248047, -533.759094238, 1050.09606934, 1483.33776855, -277.281799316, 793.381896973, -8.06972122192, 191.684448242, 100.423332214, 254.870956421, 307.532989502, 24.4419727325, 129.791641235], [-700.540222168, 636.886779785, 98.3592147827, -277.281799316, 574.761657715, -87.5541229248, 171.482192993, 24.2069206238, 103.95917511, -17.8133735657, -51.3362960815, 16.8956069946, 1.16479122639], [1491.64147949, -409.795532227, 843.19934082, 793.381896973, -87.5541229248, 801.431091309, 121.520050049, 217.348815918, 94.4110183716, 228.351165771, 195.273498535, 60.6959228516, 91.5987091064], [-94.7753372192, 110.901725769, -29.7636508942, -8.06972122192, 171.482192993, 121.520050049, 341.718261719, 71.3606185913, 129.528930664, 15.6617565155, 56.997959137, 28.945558548, 18.5258045197], [482.163757324, -176.805496216, 212.718841553, 191.684448242, 24.2069206238, 217.348815918, 71.3606185913, 194.592086792, 102.389480591, 95.3963317871, 34.3384780884, 14.5578680038, 15.5851097107], [238.689529419, 83.0762634277, 77.4278640747, 100.423332214, 103.95917511, 94.4110183716, 129.528930664, 102.389480591, 240.682235718, 68.6464233398, 44.9303665161, 24.7318630219, 29.2606315613], [510.431182861, -170.584518433, 264.138214111, 254.870956421, -17.8133735657, 228.351165771, 15.6617565155, 95.3963317871, 68.6464233398, 176.077865601, 113.07849884, 40.0637779236, 47.0835723877], [500.348876953, -73.4546661377, 240.62940979, 307.532989502, -51.3362960815, 195.273498535, 56.997959137, 34.3384780884, 44.9303665161, 113.07849884, 249.475570679, 92.9878387451, 84.0821914673], [62.5311508179, -16.828918457, 70.8332214355, 24.4419727325, 16.8956069946, 60.6959228516, 28.945558548, 14.5578680038, 24.7318630219, 40.0637779236, 92.9878387451, 142.719451904, 63.3254737854], [241.90536499, -6.90450239182, 138.72253418, 129.791641235, 1.16479122639, 91.5987091064, 18.5258045197, 15.5851097107, 29.2606315613, 47.0835723877, 84.0821914673, 63.3254737854, 129.721343994]], "icov": [[0.000276312726783, -0.000130667118356, 6.61424346617e-05, -0.000454468274256, 0.000242351103225, -8.32922451082e-05, 9.11129973247e-05, -0.000353952200385, -1.08320055006e-05, -0.000110289161967, 0.000160499417689, -0.000112864203402, -5.85529924138e-05], [-0.000130667118356, 0.00449294783175, -0.00352005497552, 0.00156658398919, -0.00264993403107, 0.0033110785298, -0.00139155215584, 0.00403554132208, -0.00274423579685, 0.00296592037193, -0.0017838710919, 0.00166190019809, -3.31745250151e-05], [6.61424346617e-05, -0.00352005497552, 0.00624435162172, -0.00230971258134, -0.000482708943309, -0.00574224675074, 0.00378135638312, -0.00325278029777, 0.00248433696106, -0.00174495915417, 0.000587346381508, -0.00118684896734, -0.000495911808684], [-0.000454468274256, 0.00156658398919, -0.00230971258134, 0.00364128337242, 4.13992274844e-05, 0.000276409671642, -0.000450985768111, 0.001761802705, -0.001679371926, 0.00149178819265, -0.00233094394207, 0.00223167962395, -0.000326428038534], [0.000242351103225, -0.00264993403107, -0.000482708943309, 4.13992274844e-05, 0.00595170771703, 0.000479975104099, -0.00220452528447, -0.00238114339299, 0.000698445830494, -0.00265057059005, 0.00240981578827, -0.00134790409356, -9.12995255931e-06], [-8.32922451082e-05, 0.0033110785298, -0.00574224675074, 0.000276409671642, 0.000479975104099, 0.00964600592852, -0.00522544840351, 0.00110164203215, -0.000815290142782, -0.000949123466853, 0.000408910680562, 5.73701072426e-05, 0.00022940042254], [9.11129973247e-05, -0.00139155215584, 0.00378135638312, -0.000450985768111, -0.00220452528447, -0.00522544840351, 0.00786552205682, -0.00204227748327, -0.00122847303282, 0.00236954679713, -0.00249236589298, 0.000321854022332, -0.000129404710606], [-0.000353952200385, 0.00403554132208, -0.00325278029777, 0.001761802705, -0.00238114339299, 0.00110164203215, -0.00204227748327, 0.014145674184, -0.00517530413345, -0.000741857045796, 0.000589800998569, 0.00101116357837, 0.000986948492937], [-1.08320055006e-05, -0.00274423579685, 0.00248433696106, -0.001679371926, 0.000698445830494, -0.000815290142782, -0.00122847303282, -0.00517530413345, 0.00893284846097, -0.00386407738551, 0.00155357643962, -0.00140077690594, -0.000671282643452], [-0.000110289161967, 0.00296592037193, -0.00174495915417, 0.00149178819265, -0.00265057059005, -0.000949123466853, 0.00236954679713, -0.000741857045796, -0.00386407738551, 0.015721578151, -0.00626303860918, 0.00188623624854, -0.000514242332429], [0.000160499417689, -0.0017838710919, 0.000587346381508, -0.00233094394207, 0.00240981578827, 0.000408910680562, -0.00249236589298, 0.000589800998569, 0.00155357643962, -0.00626303860918, 0.0111597962677, -0.00533901480958, -0.00141982850619], [-0.000112864203402, 0.00166190019809, -0.00118684896734, 0.00223167962395, -0.00134790409356, 5.73701072426e-05, 0.000321854022332, 0.00101116357837, -0.00140077690594, 0.00188623624854, -0.00533901480958, 0.0122894756496, -0.00376795511693], [-5.85529924138e-05, -3.31745250151e-05, -0.000495911808684, -0.000326428038534, -9.12995255931e-06, 0.00022940042254, -0.000129404710606, 0.000986948492937, -0.000671282643452, -0.000514242332429, -0.00141982850619, -0.00376795511693, 0.0115089379251]]}, "melbands": {"dmean": [0.00340267224237, 5.92846627114e-05, 8.31352954265e-05, 0.000101007077319, 0.000174206928932, 0.000230904057389, 0.000228893695748, 0.000196879191208, 0.000152929089381, 0.000150586289237, 9.83445570455e-05, 7.67240780988e-05, 5.05648131366e-05, 6.17506739218e-05, 4.23950332333e-05, 3.59372243111e-05, 2.67872164841e-05, 2.28195640375e-05, 1.86847246368e-05, 1.57254107762e-05, 1.04911614471e-05, 8.06175103207e-06, 6.16148690824e-06, 2.03755712391e-06, 3.18061688631e-06, 3.90513741877e-06, 2.73614887192e-06, 1.93151299754e-06, 9.09671200588e-07, 4.17439707689e-07, 7.47900855913e-07, 7.09632217877e-07, 7.26569055587e-07, 4.77965500068e-07, 2.48562798788e-07, 1.22470169117e-07, 1.61381294106e-07, 1.10048901547e-07, 4.51924613287e-08, 3.65763916932e-08], "dmean2": [0.00520396605134, 0.000104531602119, 0.000102640377008, 0.000148052975419, 0.000277488084976, 0.000382080790587, 0.000356576638296, 0.000307124864776, 0.000219092456973, 0.00021937242127, 0.000149330604472, 0.000120337317639, 7.76169108576e-05, 9.81266493909e-05, 6.54569812468e-05, 5.6395358115e-05, 4.29858555435e-05, 3.49997681042e-05, 2.64752507064e-05, 2.31336725847e-05, 1.6534309907e-05, 1.1228886251e-05, 9.47584976529e-06, 3.15742795465e-06, 4.70249142381e-06, 5.4372253544e-06, 3.61524871551e-06, 2.62757566816e-06, 1.30130945308e-06, 5.90634783748e-07, 9.61415253187e-07, 9.33510250434e-07, 9.91301931208e-07, 6.72056216899e-07, 3.50056836851e-07, 1.61242482477e-07, 2.09422395869e-07, 1.51195067133e-07, 6.55848850784e-08, 5.2316455168e-08], "dvar": [0.000161701755133, 4.38041496409e-08, 2.32154420132e-07, 5.48161018799e-08, 2.43550005052e-07, 2.84748722379e-07, 2.26080118182e-07, 1.7645852779e-07, 8.24422130563e-08, 1.36451390631e-07, 7.25088611375e-08, 6.52247820199e-08, 1.0918186355e-08, 7.00027129596e-08, 1.33924089596e-08, 8.13104694686e-09, 5.447228002e-09, 3.70824060347e-09, 2.19968709914e-09, 2.56269605536e-09, 1.26678423307e-09, 1.7541692543e-09, 1.13671139168e-09, 2.95712135334e-11, 3.64455743362e-10, 3.48947176709e-10, 1.57500318343e-10, 1.67820424224e-10, 1.23945151018e-11, 2.6183528002e-12, 6.47784863944e-12, 6.15222152736e-12, 8.46708900909e-12, 6.26977809948e-12, 1.96106759304e-12, 2.76514922071e-13, 4.31397485009e-13, 2.26062414231e-13, 4.00402740206e-14, 2.88753260668e-14], "dvar2": [0.000350007554516, 1.16430364017e-07, 3.37493929692e-07, 1.03072693491e-07, 7.13623478532e-07, 7.46582031752e-07, 5.02383841194e-07, 3.82402419064e-07, 1.6103453504e-07, 2.79118779645e-07, 1.52081057081e-07, 1.36733248723e-07, 2.52390339739e-08, 1.60582573017e-07, 3.01275342451e-08, 1.86161930316e-08, 1.394040261e-08, 8.56456860987e-09, 3.98288735326e-09, 4.54648985126e-09, 3.00086866467e-09, 3.20840287671e-09, 2.48403098091e-09, 6.85891343721e-11, 8.89656459613e-10, 8.10121691952e-10, 3.09052866632e-10, 3.83174519891e-10, 2.68222111188e-11, 5.71651059822e-12, 1.19415588529e-11, 1.27880614084e-11, 1.76059531537e-11, 1.25159986542e-11, 4.5394070447e-12, 5.69597591749e-13, 8.99205297895e-13, 5.30436317699e-13, 9.06834760821e-14, 6.76292992419e-14], "max": [0.21642921865, 0.00327911833301, 0.0215356312692, 0.00586616806686, 0.00941973831505, 0.0119788106531, 0.00800352543592, 0.00997372716665, 0.0048011103645, 0.0080152284354, 0.0076118526049, 0.00652318773791, 0.00203380314633, 0.00748021528125, 0.00373031315394, 0.00271888938732, 0.00217275740579, 0.00130287371576, 0.000838307023514, 0.000978305237368, 0.00131487112958, 0.00119008356705, 0.000849542033393, 9.02838728507e-05, 0.000501977046952, 0.000496353080962, 0.000312989373924, 0.000488269724883, 7.65639779274e-05, 3.03682118101e-05, 5.00115638715e-05, 4.15068461734e-05, 5.17317275808e-05, 4.90125312353e-05, 2.52997633652e-05, 8.39714448375e-06, 1.37487513712e-05, 8.17683030618e-06, 4.98708641317e-06, 2.49317668022e-06], "mean": [0.00501639163122, 7.0444883022e-05, 0.00018894088862, 0.000198308349354, 0.000311453040922, 0.000552296754904, 0.0006051309756, 0.000477698748, 0.000363151484635, 0.000323498417856, 0.000203598465305, 0.00014908821322, 0.000135169611895, 9.91507113213e-05, 7.89665064076e-05, 6.62878228468e-05, 4.69908736704e-05, 4.6043551265e-05, 3.53526920662e-05, 2.73390796792e-05, 1.96368473553e-05, 1.77880010597e-05, 1.1086250197e-05, 4.11985274695e-06, 5.68190353079e-06, 8.67842936714e-06, 6.44553620077e-06, 3.85357816413e-06, 1.75123557256e-06, 8.15276791855e-07, 1.62349510902e-06, 1.37438507863e-06, 1.25148005736e-06, 7.77889965775e-07, 3.44794699458e-07, 1.85099651162e-07, 2.33665957694e-07, 1.52162982658e-07, 5.39108313546e-08, 4.38107434775e-08], "median": [9.81809421319e-07, 2.79838104689e-06, 5.24947472513e-06, 4.70322920592e-05, 0.000143168916111, 0.000193960833712, 0.000186984383618, 0.000195338521735, 0.000172270156327, 9.67212326941e-05, 6.7369939643e-05, 5.47770687263e-05, 4.64750046376e-05, 3.62614046026e-05, 3.17288031511e-05, 2.99367966363e-05, 1.73267399077e-05, 2.10946436709e-05, 1.34727206387e-05, 7.35727553547e-06, 4.62521984446e-06, 2.3231459636e-06, 2.69793690677e-06, 1.50676373778e-06, 1.29228487822e-06, 1.17246713671e-06, 5.62951242955e-07, 2.9795626233e-07, 1.30532214371e-07, 6.22794047445e-08, 1.01591076884e-07, 6.70776145739e-08, 4.0080664121e-08, 1.77515140365e-08, 6.38554276122e-09, 1.87131976581e-09, 2.0729045147e-09, 1.24418686465e-09, 4.29841051641e-10, 3.13878117941e-10], "min": [6.7059275884e-13, 1.16128471856e-12, 2.67954408661e-12, 1.83947952356e-12, 2.32229030927e-13, 2.81077515863e-13, 3.21955732473e-13, 2.26963277816e-13, 9.82120634818e-13, 1.85095927301e-12, 2.92636509643e-12, 5.10748648236e-12, 1.21744172903e-12, 5.3361075324e-13, 1.19328928249e-12, 1.47504751469e-12, 7.56425044129e-12, 1.58585004937e-12, 6.37307372674e-13, 2.27150611688e-12, 1.51036214785e-12, 2.06092673309e-12, 1.50959843584e-12, 4.7497129927e-13, 5.49589399598e-13, 7.68651689607e-13, 1.39197908842e-12, 1.83238363718e-12, 2.24385354047e-12, 9.65055401043e-13, 6.77301205572e-13, 9.45952084025e-13, 7.91890370552e-13, 7.845082548e-13, 6.27583542859e-13, 7.81293920619e-13, 5.24156618716e-13, 4.18240583226e-13, 3.61345854497e-13, 4.15409622933e-13], "var": [0.00026305753272, 5.69631524172e-08, 1.14114413918e-06, 2.12271913824e-07, 3.51585697445e-07, 1.08111930786e-06, 1.03789477635e-06, 6.421529406e-07, 2.63984304638e-07, 3.74662192826e-07, 2.08039807603e-07, 1.41130740872e-07, 4.44985488457e-08, 9.02311185769e-08, 3.13213703862e-08, 1.78717627364e-08, 8.00382427002e-09, 6.37147179461e-09, 4.65152671936e-09, 5.10343500792e-09, 2.62371346871e-09, 4.15631884465e-09, 2.40824249431e-09, 5.96203017511e-11, 4.30812524543e-10, 5.92072890715e-10, 4.05819794436e-10, 3.04365255221e-10, 3.07839725933e-11, 6.54931621089e-12, 2.02379328573e-11, 1.54590854007e-11, 1.69778305997e-11, 1.19548589778e-11, 2.76917117709e-12, 4.77982074493e-13, 7.15564977063e-13, 3.37224470353e-13, 4.87279521475e-14, 3.79117378224e-14]}, "mfcc": {"mean": [-726.373779297, 172.566802979, -61.593788147, -9.24333667755, -26.5036411285, -14.3585567474, -17.3967666626, -10.4829969406, -9.55781936646, -1.37344110012, 1.84740591049, -2.51232147217, 3.03883671761], "cov": [[6955.70996094, -1037.78161621, 1306.25585938, 1598.24597168, -32.3328514099, 998.249755859, 134.971801758, 246.206466675, 72.7610168457, 396.110443115, 316.630126953, 134.07598877, 219.157867432], [-1037.78161621, 1441.40576172, -342.678741455, -133.355361938, 260.473297119, -128.467163086, 0.866727888584, -3.05045318604, 78.7863540649, -109.013954163, -18.1957702637, -33.1321640015, -41.0652999878], [1306.25585938, -342.678741455, 1264.94299316, 556.273010254, 328.76675415, 610.08380127, 182.593521118, 165.956573486, -20.9901046753, 169.045516968, 176.992019653, 91.3323898315, 51.2889823914], [1598.24597168, -133.355361938, 556.273010254, 770.150390625, 116.698677063, 425.5831604, 110.003295898, 100.296272278, 18.2001247406, 129.728561401, 139.293823242, 74.0449447632, 95.1433181763], [-32.3328514099, 260.473297119, 328.76675415, 116.698677063, 380.603424072, 140.093658447, 53.9653549194, 50.1010169983, 51.592628479, 51.5180854797, 38.1761054993, 60.5152015686, 8.76842498779], [998.249755859, -128.467163086, 610.08380127, 425.5831604, 140.093658447, 553.044921875, 204.140197754, 185.183837891, 78.6003417969, 157.182250977, 190.805130005, 75.6856613159, 86.0724029541], [134.971801758, 0.866727888584, 182.593521118, 110.003295898, 53.9653549194, 204.140197754, 242.356964111, 119.723472595, 37.7106132507, 61.5835647583, 75.6466598511, 42.8866577148, 44.2247047424], [246.206466675, -3.05045318604, 165.956573486, 100.296272278, 50.1010169983, 185.183837891, 119.723472595, 190.807312012, 99.358833313, 81.4274597168, 109.180343628, 51.9397010803, 41.9243125916], [72.7610168457, 78.7863540649, -20.9901046753, 18.2001247406, 51.592628479, 78.6003417969, 37.7106132507, 99.358833313, 207.496383667, 104.69833374, 74.4992599487, 31.3032436371, 11.5244007111], [396.110443115, -109.013954163, 169.045516968, 129.728561401, 51.5180854797, 157.182250977, 61.5835647583, 81.4274597168, 104.69833374, 195.822570801, 109.126670837, 38.822177887, 34.8681259155], [316.630126953, -18.1957702637, 176.992019653, 139.293823242, 38.1761054993, 190.805130005, 75.6466598511, 109.180343628, 74.4992599487, 109.126670837, 231.312225342, 55.3736000061, 61.6851539612], [134.07598877, -33.1321640015, 91.3323898315, 74.0449447632, 60.5152015686, 75.6856613159, 42.8866577148, 51.9397010803, 31.3032436371, 38.822177887, 55.3736000061, 138.222686768, 48.613494873], [219.157867432, -41.0652999878, 51.2889823914, 95.1433181763, 8.76842498779, 86.0724029541, 44.2247047424, 41.9243125916, 11.5244007111, 34.8681259155, 61.6851539612, 48.613494873, 150.875930786]], "icov": [[0.000338340440067, 0.000102722166048, -6.49003486615e-05, -0.000595607969444, 0.000250326760579, -0.000169339589775, 0.000291766278679, -0.000101306279248, -6.58690478303e-05, -0.000183413969353, 0.000119192118291, 2.55671311606e-05, -5.07127697347e-05], [0.000102722166048, 0.00127712206449, 0.000803489179816, -0.000339259189786, -0.00148268998601, -0.000235230327235, -0.000111614717753, -0.000161017567734, -0.000278048828477, 0.000963488884736, -0.000476493558381, 0.000634117401205, 0.000226084550377], [-6.49003486615e-05, 0.000803489179816, 0.00319031905383, -0.000289863150101, -0.00252289348282, -0.0026114648208, 0.000483637792058, -0.000782730407082, 0.00208903267048, -0.000291191303404, -0.000215562264202, 0.00031886875513, 0.00101651030127], [-0.000595607969444, -0.000339259189786, -0.000289863150101, 0.00358500215225, -0.00015982259356, -0.00150592089631, 4.94628111483e-05, 0.000710839172825, 0.000473528198199, -0.000219666282646, -2.04733441933e-05, -0.000460180512164, -0.000561752996873], [0.000250326760579, -0.00148268998601, -0.00252289348282, -0.00015982259356, 0.00605567405, 0.000715392932761, 1.92404768313e-05, 0.000811221892945, -0.00156302715186, -0.000870563380886, 0.00103772990406, -0.00191588862799, -0.000286243594019], [-0.000169339589775, -0.000235230327235, -0.0026114648208, -0.00150592089631, 0.000715392932761, 0.00832545850426, -0.0029199514538, -0.00132001063321, -0.00151526625268, -0.00018101632304, -0.00159953802358, 0.000523772556335, -0.000906314235181], [0.000291766278679, -0.000111614717753, 0.000483637792058, 4.94628111483e-05, 1.92404768313e-05, -0.0029199514538, 0.00763118872419, -0.00355009222403, 0.0016190946335, -0.000890748284291, 0.000880160660017, -0.000437303824583, -0.000372262351448], [-0.000101306279248, -0.000161017567734, -0.000782730407082, 0.000710839172825, 0.000811221892945, -0.00132001063321, -0.00355009222403, 0.0126259587705, -0.00470427097753, 0.00105565285776, -0.00209637824446, -0.00131405016873, -0.000444899284048], [-6.58690478303e-05, -0.000278048828477, 0.00208903267048, 0.000473528198199, -0.00156302715186, -0.00151526625268, 0.0016190946335, -0.00470427097753, 0.0104337353259, -0.00482469890267, 5.43436181033e-05, -0.000306878006086, 0.00119382387493], [-0.000183413969353, 0.000963488884736, -0.000291191303404, -0.000219666282646, -0.000870563380886, -0.00018101632304, -0.000890748284291, 0.00105565285776, -0.00482469890267, 0.0107123628259, -0.00275961286388, 0.000338755518897, -0.000200246635359], [0.000119192118291, -0.000476493558381, -0.000215562264202, -2.04733441933e-05, 0.00103772990406, -0.00159953802358, 0.000880160660017, -0.00209637824446, 5.43436181033e-05, -0.00275961286388, 0.00806264951825, -0.0011375262402, -0.00133616116364], [2.55671311606e-05, 0.000634117401205, 0.00031886875513, -0.000460180512164, -0.00191588862799, 0.000523772556335, -0.000437303824583, -0.00131405016873, -0.000306878006086, 0.000338755518897, -0.0011375262402, 0.0097507853061, -0.0021084449254], [-5.07127697347e-05, 0.000226084550377, 0.00101651030127, -0.000561752996873, -0.000286243594019, -0.000906314235181, -0.000372262351448, -0.000444899284048, 0.00119382387493, -0.000200246635359, -0.00133616116364, -0.0021084449254, 0.008719002828]]}, "spectral_contrast_coeffs": {"dmean": [0.0519919730723, 0.0406854711473, 0.0357847847044, 0.032378450036, 0.0250379852951, 0.0266199596226], "dmean2": [0.0853025242686, 0.0669056624174, 0.0584441758692, 0.052783805877, 0.0400181561708, 0.0431024692953], "dvar": [0.00180388486478, 0.0013928480912, 0.00116266019177, 0.00108664832078, 0.000927001994569, 0.000838688400108], "dvar2": [0.0045870677568, 0.00357904098928, 0.00287174340338, 0.00267093046568, 0.00222453055903, 0.00196237931959], "max": [-0.199808105826, -0.414070487022, -0.462359815836, -0.469542324543, -0.510695576668, -0.5225507617], "mean": [-0.591325283051, -0.689882695675, -0.702515304089, -0.693262815475, -0.688708007336, -0.685115158558], "median": [-0.592240691185, -0.691591382027, -0.710072517395, -0.702734470367, -0.694680333138, -0.681494355202], "min": [-0.951236128807, -0.973781883717, -0.974137544632, -0.955782830715, -0.962436676025, -0.962602257729], "var": [0.0128850294277, 0.00590657955036, 0.00605707522482, 0.00418333383277, 0.00354400812648, 0.00509039545432]}, "spectral_contrast_valleys": {"dmean": [0.537257432938, 0.339586019516, 0.314049452543, 0.309034973383, 0.291094392538, 0.467573463917], "dmean2": [0.873821973801, 0.552371382713, 0.506309568882, 0.509398043156, 0.463092774153, 0.761514246464], "dvar": [0.334504961967, 0.221755132079, 0.209744438529, 0.249571070075, 0.293109685183, 0.408