{"lowlevel": {"average_loudness": 0.74376231432, "barkbands_crest": {"dmean": 2.28130507469, "dmean2": 3.65923666954, "dvar": 5.07534503937, "dvar2": 12.7450590134, "max": 26.981552124, "mean": 11.6288976669, "median": 10.4937210083, "min": 3.48808932304, "var": 21.8348426819}, "barkbands_flatness_db": {"dmean": 0.0195813719183, "dmean2": 0.0282664336264, "dvar": 0.000449698069133, "dvar2": 0.000904865388293, "max": 0.719399452209, "mean": 0.154943168163, "median": 0.145034462214, "min": 0.0289969649166, "var": 0.00436998531222}, "barkbands_kurtosis": {"dmean": 4.52763319016, "dmean2": 7.41728973389, "dvar": 5311.00195312, "dvar2": 14821.6386719, "max": 5459.82226562, "mean": 8.32246589661, "median": 3.67731761932, "min": -1.86132955551, "var": 4406.06103516}, "barkbands_skewness": {"dmean": 0.480016231537, "dmean2": 0.721251010895, "dvar": 0.65948343277, "dvar2": 1.55807816982, "max": 57.460231781, "mean": 1.93729948997, "median": 1.76008248329, "min": -2.11104035378, "var": 2.54800534248}, "barkbands_spread": {"dmean": 4.39061594009, "dmean2": 6.4104924202, "dvar": 36.1800041199, "dvar2": 68.3005447388, "max": 97.3095779419, "mean": 18.2929592133, "median": 14.825345993, "min": 0.00954691600055, "var": 185.918502808}, "dissonance": {"dmean": 0.0186823103577, "dmean2": 0.030801044777, "dvar": 0.000396738440031, "dvar2": 0.00102443096694, "max": 0.500000059605, "mean": 0.453652113676, "median": 0.463985264301, "min": 0.0568576678634, "var": 0.00145580235403}, "dynamic_complexity": 4.53657531738, "erbbands_crest": {"dmean": 2.32256937027, "dmean2": 3.51713728905, "dvar": 6.19097614288, "dvar2": 13.5627365112, "max": 32.9241676331, "mean": 11.0154733658, "median": 9.61086368561, "min": 2.52203369141, "var": 34.8211669922}, "erbbands_flatness_db": {"dmean": 0.0173184406012, "dmean2": 0.0231867898256, "dvar": 0.000378893571906, "dvar2": 0.000649873923976, "max": 0.607183277607, "mean": 0.163060486317, "median": 0.155148893595, "min": 0.0377993434668, "var": 0.00321875768714}, "erbbands_kurtosis": {"dmean": 1.01072347164, "dmean2": 1.53886902332, "dvar": 3.99963569641, "dvar2": 9.08776187897, "max": 87.9813461304, "mean": 1.00244045258, "median": -0.128850340843, "min": -1.77354121208, "var": 13.4556417465}, "erbbands_skewness": {"dmean": 0.344173908234, "dmean2": 0.511342346668, "dvar": 0.126366883516, "dvar2": 0.275296717882, "max": 7.34292411804, "mean": 0.647435367107, "median": 0.54310387373, "min": -2.99452495575, "var": 0.823944270611}, "erbbands_spread": {"dmean": 7.51715803146, "dmean2": 10.9796600342, "dvar": 81.7582778931, "dvar2": 168.528137207, "max": 129.91583252, "mean": 40.9952774048, "median": 39.7881317139, "min": 0.241525873542, "var": 487.63949585}, "hfc": {"dmean": 4.50481176376, "dmean2": 6.82383823395, "dvar": 57.9528541565, "dvar2": 148.438583374, "max": 86.8193054199, "mean": 14.8492221832, "median": 11.5711746216, "min": 1.10023644e-16, "var": 172.540145874}, "melbands_crest": {"dmean": 2.82469081879, "dmean2": 4.58490562439, "dvar": 8.25656414032, "dvar2": 22.0267868042, "max": 35.2712631226, "mean": 14.4100408554, "median": 13.4636669159, "min": 2.16392564774, "var": 27.3018474579}, "melbands_flatness_db": {"dmean": 0.021631134674, "dmean2": 0.0320139080286, "dvar": 0.000590511364862, "dvar2": 0.00122367322911, "max": 0.778930425644, "mean": 0.221588999033, "median": 0.210777655244, "min": 0.00598407583311, "var": 0.00584659259766}, "melbands_kurtosis": {"dmean": 6.55932044983, "dmean2": 10.322136879, "dvar": 128.913085938, "dvar2": 316.658691406, "max": 307.75201416, "mean": 17.5120277405, "median": 11.318561554, "min": -1.63824617863, "var": 439.057800293}, "melbands_skewness": {"dmean": 0.640242397785, "dmean2": 0.972710132599, "dvar": 0.597638189793, "dvar2": 1.41380369663, "max": 13.8361759186, "mean": 2.89787316322, "median": 2.74117088318, "min": -1.49571275711, "var": 3.0255382061}, "melbands_spread": {"dmean": 4.49484348297, "dmean2": 6.74663591385, "dvar": 40.4935302734, "dvar2": 81.3740005493, "max": 141.083358765, "mean": 17.4677295685, "median": 14.5610656738, "min": 0.193903148174, "var": 172.467788696}, "pitch_salience": {"dmean": 0.0606111213565, "dmean2": 0.0979219302535, "dvar": 0.00366249657236, "dvar2": 0.00933877006173, "max": 0.867003202438, "mean": 0.531278133392, "median": 0.545733571053, "min": 0.0220068600029, "var": 0.015365623869}, "silence_rate_20dB": {"dmean": 0, "dmean2": 0, "dvar": 0, "dvar2": 0, "max": 1, "mean": 1, "median": 1, "min": 1, "var": 0}, "silence_rate_30dB": {"dmean": 0.00322320708074, "dmean2": 0.00644715642557, "dvar": 0.00321268173866, "dvar2": 0.00801711156964, "max": 1, "mean": 0.997467756271, "median": 1, "min": 0, "var": 0.00252583017573}, "silence_rate_60dB": {"dmean": 0.01680672355, "dmean2": 0.0336173139513, "dvar": 0.0165273211896, "dvar2": 0.0368612296879, "max": 1, "mean": 0.101404234767, "median": 0, "min": 0, "var": 0.091123521328}, "spectral_centroid": {"dmean": 197.109542847, "dmean2": 300.822875977, "dvar": 71542.09375, "dvar2": 143856.59375, "max": 11241.1640625, "mean": 1075.67529297, "median": 959.846130371, "min": 172.583679199, "var": 310314.84375}, "spectral_complexity": {"dmean": 3.0003452301, "dmean2": 4.77527046204, "dvar": 18.0635108948, "dvar2": 41.6172103882, "max": 51, "mean": 13.6834716797, "median": 13, "min": 0, "var": 60.7424888611}, "spectral_decrease": {"dmean": 1.94519711449e-09, "dmean2": 3.16635051512e-09, "dvar": 1.04804991294e-17, "dvar2": 2.83102597733e-17, "max": 2.93585600994e-29, "mean": -5.73349545618e-09, "median": -4.48679138287e-09, "min": -3.57164040565e-08, "var": 2.54479336125e-17}, "spectral_energy": {"dmean": 0.00766974780709, "dmean2": 0.0124619100243, "dvar": 0.000162900410942, "dvar2": 0.000439370371168, "max": 0.140148311853, "mean": 0.0229863636196, "median": 0.0180551037192, "min": 1.01002678669e-20, "var": 0.000399555719923}, "spectral_energyband_high": {"dmean": 0.000222678529099, "dmean2": 0.000329542352119, "dvar": 1.9474360613e-07, "dvar2": 4.30090636883e-07, "max": 0.00877887569368, "mean": 0.000459973933175, "median": 0.000200716109248, "min": 7.3266125274e-21, "var": 5.12325527779e-07}, "spectral_energyband_low": {"dmean": 0.00310597475618, "dmean2": 0.0054291812703, "dvar": 6.81106612319e-05, "dvar2": 0.00019411672838, "max": 0.0959968343377, "mean": 0.00553286448121, "median": 0.0031562470831, "min": 3.64274382797e-23, "var": 6.90994784236e-05}, "spectral_energyband_middle_high": {"dmean": 0.00123005034402, "dmean2": 0.00179239129648, "dvar": 5.39564462088e-06, "dvar2": 1.18594161904e-05, "max": 0.0404299274087, "mean": 0.00370365916751, "median": 0.00182740320452, "min": 1.50854196547e-21, "var": 2.56867970165e-05}, "spectral_energyband_middle_low": {"dmean": 0.00487094512209, "dmean2": 0.00768647715449, "dvar": 7.51318075345e-05, "dvar2": 0.000194687090698, "max": 0.124423496425, "mean": 0.0139375273138, "median": 0.00894799456, "min": 3.20278158608e-22, "var": 0.000235081082792}, "spectral_entropy": {"dmean": 0.165794372559, "dmean2": 0.229555845261, "dvar": 0.0398085899651, "dvar2": 0.0714879333973, "max": 9.82327461243, "mean": 7.37876081467, "median": 7.45699691772, "min": 2.57429838181, "var": 0.346153110266}, "spectral_flux": {"dmean": 0.0235499422997, "dmean2": 0.0361694805324, "dvar": 0.00100758369081, "dvar2": 0.00206174841151, "max": 0.279976934195, "mean": 0.0643756687641, "median": 0.0536740198731, "min": 1.0413182816e-10, "var": 0.00217097112909}, "spectral_kurtosis": {"dmean": 1.78418493271, "dmean2": 2.93597316742, "dvar": 11.5133228302, "dvar2": 25.4787139893, "max": 224.12701416, "mean": 5.43541669846, "median": 3.92884588242, "min": -1.23319661617, "var": 83.4322433472}, "spectral_rms": {"dmean": 0.000694598944392, "dmean2": 0.00108729337808, "dvar": 9.49690956986e-07, "dvar2": 2.4671992378e-06, "max": 0.0116931628436, "mean": 0.00428434740752, "median": 0.00419699121267, "min": 3.13909532049e-12, "var": 4.07003244618e-06}, "spectral_rolloff": {"dmean": 356.194671631, "dmean2": 584.58380127, "dvar": 671927.4375, "dvar2": 1364702.75, "max": 18863.0859375, "mean": 1132.98840332, "median": 689.0625, "min": 64.599609375, "var": 1772422.125}, "spectral_skewness": {"dmean": 0.232080996037, "dmean2": 0.368998587132, "dvar": 0.0842005684972, "dvar2": 0.195002838969, "max": 13.5217037201, "mean": 1.64967560768, "median": 1.55536031723, "min": -0.0135855460539, "var": 0.583288609982}, "spectral_spread": {"dmean": 512029, "dmean2": 706875.625, "dvar": 669911089152, "dvar2": 941900234752, "max": 43964368, "mean": 4605012.5, "median": 4318559, "min": 428905.40625, "var": 2677811183620.0}, "spectral_strongpeak": {"dmean": 0.463244229555, "dmean2": 0.747852861881, "dvar": 0.616625547409, "dvar2": 1.42631983757, "max": 10.8031082153, "mean": 1.22404122353, "median": 0.581661581993, "min": 0, "var": 2.17511558533}, "zerocrossingrate": {"dmean": 0.00845985021442, "dmean2": 0.00944930501282, "dvar": 0.000141704556881, "dvar2": 0.000141840311699, "max": 0.49853515625, "mean": 0.0518704392016, "median": 0.0439453125, "min": 0.0048828125, "var": 0.00117345293984}, "barkbands": {"dmean": [0.00013675072114, 0.00167966133449, 0.00143447355367, 0.00063395377947, 0.00234301271848, 0.000974655384198, 0.00139074202161, 0.000792711682152, 0.000388133747038, 0.000284912006464, 0.000165253281011, 0.000256662635366, 0.000301883846987, 0.000204448020668, 0.00022207859729, 0.000161992153153, 0.000113096641144, 0.000114249276521, 0.000107007479528, 0.000108881955384, 5.97360667598e-05, 4.52047243016e-05, 5.07002114318e-05, 2.80342737824e-05, 2.18707646127e-05, 8.95710309123e-06, 1.97531744561e-06], "dmean2": [0.000196193024749, 0.00292418990284, 0.00256979209371, 0.00107441155706, 0.0038753002882, 0.00153356418014, 0.00204589776695, 0.00111651222687, 0.000568801595364, 0.000390059314668, 0.000253609614447, 0.000383555627195, 0.00044063324458, 0.000285344314761, 0.00034006711212, 0.000252296566032, 0.000185695535038, 0.000190047343494, 0.000178323403816, 0.000187338664546, 0.000100241995824, 7.02902252669e-05, 7.28829036234e-05, 4.08847881772e-05, 3.07969312416e-05, 1.30957678266e-05, 2.98830082102e-06], "dvar": [1.23763982174e-07, 1.6095038518e-05, 2.08713154279e-05, 1.67879284163e-06, 3.01928394038e-05, 4.91589025842e-06, 1.87286768778e-05, 6.22702100372e-06, 1.64680704984e-06, 7.51990114622e-07, 2.09887872415e-07, 6.16801060005e-07, 1.11312988338e-06, 4.61726727963e-07, 3.49197250671e-07, 1.43293405586e-07, 6.50780265232e-08, 4.67268641557e-08, 5.76104888239e-08, 5.38373789993e-08, 1.58417901019e-08, 1.10440305789e-08, 2.14968149947e-08, 5.12474063186e-09, 3.83245657432e-09, 5.40859468323e-10, 4.52634422998e-11], "dvar2": [2.3766388324e-07, 4.63111573481e-05, 5.94207449467e-05, 4.59640568806e-06, 8.1359205069e-05, 1.11650579129e-05, 4.1722178139e-05, 1.19357200674e-05, 3.48287949237e-06, 1.39476378536e-06, 4.09143979141e-07, 1.2997036265e-06, 2.15136424231e-06, 7.20027799161e-07, 7.30281385586e-07, 3.21529853409e-07, 1.66178907079e-07, 1.23742424307e-07, 1.49409146388e-07, 1.44570293514e-07, 4.22284713864e-08, 2.59070578323e-08, 4.08397724527e-08, 1.00946735415e-08, 7.17260917327e-09, 1.24682808522e-09, 1.11991832474e-10], "max": [0.00456185732037, 0.0497967116535, 0.0440452620387, 0.0256131216884, 0.0629056915641, 0.0627267807722, 0.104937791824, 0.0872737243772, 0.0413863956928, 0.0337194502354, 0.0196854267269, 0.0317535586655, 0.0345169045031, 0.0244291704148, 0.01357307937, 0.00832756049931, 0.00565410405397, 0.00361492065713, 0.00482156081125, 0.0052940309979, 0.00208978657611, 0.00216562394053, 0.00429970445111, 0.00250219623558, 0.00227198260836, 0.000444941950263, 0.000203192510526], "mean": [0.000146938327816, 0.00319789792411, 0.00169126631226, 0.00104769226164, 0.00393985351548, 0.00222600391135, 0.00388886383735, 0.00177811388858, 0.000747282407247, 0.000823030655738, 0.000284390378511, 0.000493542349432, 0.000553198216949, 0.000395476148697, 0.000373863033019, 0.000266099581495, 0.000186572186067, 0.000195141401491, 0.000195648390218, 0.000174221670022, 9.9778342701e-05, 7.98955952632e-05, 8.61387961777e-05, 5.72497337998e-05, 4.24993086199e-05, 1.30435828396e-05, 2.68613393928e-06], "median": [1.06303050416e-05, 0.00179591658525, 0.000559690059163, 0.000497525557876, 0.00209649535827, 0.000968420295976, 0.000316048332024, 0.000141665892443, 0.00013660514378, 7.16610084055e-05, 0.000106361825601, 0.000109893437184, 8.85276458575e-05, 5.85887210036e-05, 0.000105503655504, 8.95463163033e-05, 7.96382519184e-05, 9.9975077319e-05, 8.83189641172e-05, 7.3488241469e-05, 4.32660162915e-05, 3.34734431817e-05, 2.35205225181e-05, 2.20596903091e-05, 1.32007571665e-05, 3.1992053664e-06, 3.63728020147e-07], "min": [1.09805383262e-23, 2.62086508649e-23, 8.36374194758e-25, 6.48375269851e-24, 2.3453935962e-23, 2.83977935194e-23, 4.61522820164e-23, 2.59152387843e-23, 7.86206546047e-23, 2.27498760264e-23, 5.73927989202e-23, 7.78848114632e-23, 6.79711649129e-23, 5.89278275785e-23, 9.17390959142e-23, 1.1736104568e-22, 1.18311427434e-22, 2.47604682192e-22, 2.14509354511e-22, 2.48270177873e-22, 3.7757046296e-22, 5.30041372504e-22, 6.12356900127e-22, 8.08390122496e-22, 1.11886123806e-21, 1.66347152095e-21, 2.19196460563e-21], "var": [1.70650451992e-07, 2.09349473153e-05, 1.48259878188e-05, 2.65064682026e-06, 3.23218700942e-05, 2.01763668883e-05, 0.000135583497467, 2.69084011961e-05, 4.3167988224e-06, 5.57129897061e-06, 4.7357067956e-07, 2.01733337235e-06, 4.02093837693e-06, 2.15707063944e-06, 8.82367430677e-07, 3.27948129097e-07, 1.12363629512e-07, 7.4597231503e-08, 1.15967523584e-07, 9.02022989635e-08, 2.47725928659e-08, 2.0815269508e-08, 5.58121939775e-08, 1.36650459837e-08, 1.03377200134e-08, 7.63053675801e-10, 5.96190388724e-11]}, "erbbands": {"dmean": [0.0461211204529, 0.412074893713, 1.49769997597, 1.87844002247, 5.4875202179, 8.69727802277, 8.14361190796, 8.18175411224, 14.5314731598, 21.0063686371, 17.449678421, 9.01046657562, 8.61604309082, 7.29526519775, 7.16083431244, 11.5751476288, 12.3388175964, 10.9829483032, 11.1539573669, 9.83103561401, 7.39656305313, 5.41807460785, 6.77066278458, 4.86863422394, 5.76130819321, 5.11777925491, 2.9473938942, 2.05715870857, 1.58176469803, 1.67767679691, 1.40693032742, 0.704185426235, 0.455795496702, 0.30948472023, 0.122025541961, 0.0503287985921, 0.0133178271353, 0.00300432392396, 0.000348429835867, 1.88526646525e-05], "dmean2": [0.0782586559653, 0.72365885973, 2.6896135807, 3.22629737854, 9.12599658966, 14.5135793686, 13.5316295624, 12.2063941956, 21.9056797028, 29.2591838837, 23.9949893951, 12.9173622131, 11.9137544632, 9.64544677734, 10.9524507523, 16.6430854797, 17.8763122559, 15.282491684, 16.005695343, 15.1171894073, 11.7029180527, 8.9712972641, 11.1788263321, 8.0775270462, 9.79468250275, 8.80663204193, 4.96221542358, 3.42825436592, 2.49105906487, 2.51347017288, 2.02165389061, 1.03231978416, 0.672278761864, 0.441503196955, 0.173778265715, 0.0728213340044, 0.0198543295264, 0.00455472059548, 0.000525521929376, 2.89169438474e-05], "dvar": [0.0126897580922, 1.09769237041, 21.8849277496, 20.8661785126, 182.607147217, 389.170684814, 239.801773071, 563.033996582, 2757.81835938, 2834.59350586, 3619.55712891, 715.143432617, 817.704101562, 497.40335083, 396.347229004, 1237.92102051, 2046.59326172, 1129.90563965, 1024.50695801, 657.728210449, 281.824310303, 152.481124878, 162.465301514, 144.163269043, 151.722457886, 118.477226257, 39.3390274048, 21.0532035828, 12.8407011032, 22.397611618, 16.4641342163, 4.05901098251, 1.3290002346, 0.941754579544, 0.0914224088192, 0.0165119059384, 0.00133695406839, 8.3812745288e-05, 1.44128625834e-06, 1.78148118479e-09], "dvar2": [0.0345629937947, 3.19295215607, 62.863193512, 57.0978393555, 482.068786621, 1076.34301758, 647.803710938, 1190.99047852, 6609.21875, 5252.34423828, 6890.37646484, 1462.96496582, 1537.96398926, 757.664611816, 881.351135254, 2458.73364258, 4011.69091797, 1876.03137207, 1844.42285156, 1465.33239746, 674.689941406, 402.860534668, 429.300201416, 341.832824707, 418.264678955, 321.373352051, 104.210510254, 56.782119751, 31.3987445831, 46.4370269775, 30.8002891541, 7.68123817444, 2.69183325768, 1.80688774586, 0.185634329915, 0.0377180203795, 0.00317895738408, 0.000204696771107, 3.56408418156e-06, 4.3181374032e-09], "max": [1.77779734135, 12.6371545792, 47.6499443054, 63.0248069763, 174.371871948, 230.882888794, 241.225967407, 784.582397461, 1581.56896973, 1427.78479004, 2371.83374023, 805.86706543, 1315.82751465, 1262.41113281, 789.663635254, 1576.21887207, 1706.67419434, 1264.71044922, 1102.40588379, 643.589233398, 452.953460693, 242.202423096, 218.856994629, 340.484619141, 249.534927368, 203.01600647, 152.102966309, 87.3371429443, 61.7024269104, 128.990478516, 144.016296387, 104.133262634, 33.8057479858, 38.4473686218, 9.97698688507, 1.83505249023, 0.829372763634, 0.245537742972, 0.0374620296061, 0.00130590703338], "mean": [0.0774187147617, 0.765931963921, 1.95002877712, 2.93818688393, 7.55291318893, 15.1935787201, 15.2772092819, 20.2254333496, 38.3167610168, 55.8989982605, 40.0603637695, 19.6261177063, 21.9213409424, 22.3840560913, 13.8204774857, 23.2555446625, 24.2822418213, 23.3734550476, 20.6813430786, 18.0295410156, 13.2862033844, 9.70116710663, 11.8492193222, 8.89537906647, 10.3593597412, 8.18301391602, 4.95841217041, 3.35066008568, 2.75691843033, 2.8912127018, 2.3738117218, 1.32139825821, 0.951794028282, 0.609122514725, 0.222340226173, 0.0773944705725, 0.0188223849982, 0.00410857889801, 0.000487486948259, 4.36845548393e-05], "median": [0.0318075679243, 0.438547253609, 0.797884345055, 1.49396348, 3.67043876648, 7.52544212341, 7.69091129303, 7.67875957489, 4.8042011261, 6.50595235825, 4.98373508453, 4.42313575745, 2.87762641907, 3.55862283707, 4.98382902145, 5.52061271667, 4.72454309464, 4.09968948364, 5.56174468994, 5.37204837799, 5.18499708176, 4.80674314499, 5.97646379471, 4.77725601196, 4.68544244766, 3.49114847183, 2.18443107605, 1.35510408878, 1.16256928444, 0.965842247009, 0.642132341862, 0.45737439394, 0.365002334118, 0.185740888119, 0.069032818079, 0.0215296112001, 0.00415004231036, 0.000737883790862, 7.80843110988e-05, 3.06958245346e-05], "min": [8.18785920831e-22, 5.56940867991e-21, 3.75426947389e-21, 4.1784211156e-20, 3.1373141483e-20, 7.23755506379e-20, 2.64711341099e-19, 1.71345810999e-19, 3.65734107979e-19, 3.96671102329e-19, 7.64953366034e-19, 1.61990708464e-18, 1.04032034439e-18, 1.58609173441e-18, 2.64917350431e-18, 3.2823682691e-18, 3.40293377249e-18, 3.05833694674e-18, 4.34530879792e-18, 4.90530304158e-18, 4.37578709477e-18, 8.67959706853e-18, 1.38712886497e-17, 9.7471050819e-18, 1.31412463381e-17, 1.12473021747e-17, 1.29575427589e-17, 1.60752526621e-17, 1.73493126375e-17, 1.84893858972e-17, 1.67258285595e-17, 1.39152921768e-17, 1.44757302028e-17, 1.00040339976e-17, 9.78298404096e-18, 6.23949491161e-18, 3.17295543512e-18, 1.35872914893e-18, 2.86182080519e-19, 3.07033836808e-20], "var": [0.0151149705052, 1.3263053894, 16.5306301117, 21.0661087036, 168.453918457, 488.778594971, 409.568481445, 2516.26538086, 13238.0068359, 21148.1699219, 15932.6386719, 2458.81005859, 4487.88769531, 4890.97363281, 979.85345459, 4235.86962891, 7556.32763672, 5006.04296875, 3296.48779297, 1677.93994141, 565.969238281, 239.25604248, 282.142272949, 244.618560791, 309.04107666, 186.592025757, 64.9327926636, 29.6610031128, 22.2504405975, 51.4282684326, 41.7635688782, 10.403339386, 3.62412071228, 2.47806048393, 0.213389933109, 0.0244770124555, 0.00180070765782, 0.000114452210255, 1.869916332e-06, 2.59668841984e-09]}, "gfcc": {"mean": [-36.8352890015, 98.2400131226, -109.126029968, 34.7284240723, -57.603313446, 4.79831838608, -43.732093811, 2.32377171516, -25.1464424133, -0.0293050706387, -10.0025873184, -2.77865982056, -8.53955459595], "cov": [[16873.421875, -1417.27978516, -1094.7878418, 314.852142334, -957.34375, 588.575500488, -90.8912353516, 527.343383789, -63.2808952332, 255.659408569, -230.556091309, 33.5876579285, -227.157104492], [-1417.27978516, 1529.91748047, -128.800964355, -49.7942962646, 199.054733276, -136.528869629, 213.850006104, -24.4603843689, 139.809829712, -105.214569092, 147.983978271, -93.391418457, 80.9496841431], [-1094.7878418, -128.800964355, 707.676269531, 181.896530151, 216.422668457, 78.1155700684, 35.6982688904, 26.8485965729, 11.5532865524, 37.8754119873, 14.0697126389, 92.4996643066, 10.2303085327], [314.852142334, -49.7942962646, 181.896530151, 512.686950684, 120.444900513, 21.2793083191, 33.3634910583, 41.7512550354, 44.0131912231, 32.2817420959, 31.3008346558, 22.7250099182, 8.30524158478], [-957.34375, 199.054733276, 216.422668457, 120.444900513, 379.049957275, 49.6614379883, 75.0082397461, -15.1323442459, 8.83291816711, 23.956817627, 29.1039562225, -2.38981103897, 27.1139583588], [588.575500488, -136.528869629, 78.1155700684, 21.2793083191, 49.6614379883, 293.642852783, 89.7263183594, 37.81665802, -31.5332393646, 18.1054363251, -11.6620960236, 11.7849779129, -7.95747852325], [-90.8912353516, 213.850006104, 35.6982688904, 33.3634910583, 75.0082397461, 89.7263183594, 178.264770508, 42.9272384644, 25.2079868317, -4.58153152466, 27.5543041229, -8.26251125336, 5.11750364304], [527.343383789, -24.4603843689, 26.8485965729, 41.7512550354, -15.1323442459, 37.81665802, 42.9272384644, 153.179672241, 73.0696105957, 32.5894584656, -0.480349242687, 8.16372394562, -5.92299461365], [-63.2808952332, 139.809829712, 11.5532865524, 44.0131912231, 8.83291816711, -31.5332393646, 25.2079868317, 73.0696105957, 154.764770508, 50.9081001282, 28.7179355621, 4.31931400299, 4.87472200394], [255.659408569, -105.214569092, 37.8754119873, 32.2817420959, 23.956817627, 18.1054363251, -4.58153152466, 32.5894584656, 50.9081001282, 103.473640442, 30.2047023773, 17.3885231018, -12.5819129944], [-230.556091309, 147.983978271, 14.0697126389, 31.3008346558, 29.1039562225, -11.6620960236, 27.5543041229, -0.480349242687, 28.7179355621, 30.2047023773, 103.448356628, 25.8066501617, 12.6404027939], [33.5876579285, -93.391418457, 92.4996643066, 22.7250099182, -2.38981103897, 11.7849779129, -8.26251125336, 8.16372394562, 4.31931400299, 17.3885231018, 25.8066501617, 88.517326355, 20.3558654785], [-227.157104492, 80.9496841431, 10.2303085327, 8.30524158478, 27.1139583588, -7.95747852325, 5.11750364304, -5.92299461365, 4.87472200394, -12.5819129944, 12.6404027939, 20.3558654785, 75.9295120239]], "icov": [[0.000131357752252, -0.000108638378151, 0.000255982857198, -0.000223160866881, 0.000275614554994, -0.000284749345155, 0.000158203256433, -0.000448742590379, 0.000417340779677, -0.000570058298763, 0.000440162693849, -0.000362156104529, 0.000227350843488], [-0.000108638378151, 0.00208413158543, -5.76117927267e-05, 0.000653563009109, -0.00107970437966, 0.00101965700742, -0.00185937352944, 0.00100197945721, -0.00260390294716, 0.00355815002695, -0.00324776722118, 0.00236433488317, -0.00125116982963], [0.000255982857198, -5.76117927267e-05, 0.0027613164857, -0.000816989340819, -0.000801280140877, -0.000695767288562, 0.000243872636929, -0.00102824880742, 0.000612261879724, -0.000828068761621, 0.00132480496541, -0.00315372203477, 0.0011095359223], [-0.000223160866881, 0.000653563009109, -0.000816989340819, 0.0027885264717, -0.00115538353566, 0.000689564156346, -0.000602034851909, 0.000421780365286, -0.00151972775348, 0.00166037143208, -0.00186868628953, 0.00112934946083, -0.000619987375103], [0.000275614554994, -0.00107970437966, -0.000801280140877, -0.00115538353566, 0.00506538152695, -0.00101403973531, -0.000412474386394, 1.06896604848e-05, 0.00198684213683, -0.00380714726634, 0.00173621531576, 0.000462213822175, -0.00084784819046], [-0.000284749345155, 0.00101965700742, -0.000695767288562, 0.000689564156346, -0.00101403973531, 0.00587163073942, -0.00384010979906, 0.000149597603013, 0.000604058965109, 0.000434890127508, -0.000638402590994, 0.000795383239165, -0.000746362027712], [0.000158203256433, -0.00185937352944, 0.000243872636929, -0.000602034851909, -0.000412474386394, -0.00384010979906, 0.0106933452189, -0.0031555944588, 0.000927436689381, -4.82921059302e-05, -0.000281625485513, -0.000610580551438, 0.00140960235149], [-0.000448742590379, 0.00100197945721, -0.00102824880742, 0.000421780365286, 1.06896604848e-05, 0.000149597603013, -0.0031555944588, 0.0119182849303, -0.00668151723221, 0.00155887426808, -0.000286238151602, 0.00104675488546, -0.000709772284608], [0.000417340779677, -0.00260390294716, 0.000612261879724, -0.00151972775348, 0.00198684213683, 0.000604058965109, 0.000927436689381, -0.00668151723221, 0.0150183634833, -0.00982151087373, 0.00351464003325, -0.00238593132235, 0.000341336388374], [-0.000570058298763, 0.00355815002695, -0.000828068761621, 0.00166037143208, -0.00380714726634, 0.000434890127508, -4.82921059302e-05, 0.00155887426808, -0.00982151087373, 0.022272316739, -0.0102622341365, 0.00291854492389, 0.00120822922327], [0.000440162693849, -0.00324776722118, 0.00132480496541, -0.00186868628953, 0.00173621531576, -0.000638402590994, -0.000281625485513, -0.000286238151602, 0.00351464003325, -0.0102622341365, 0.0191538836807, -0.00839360803366, 0.00125041673891], [-0.000362156104529, 0.00236433488317, -0.00315372203477, 0.00112934946083, 0.000462213822175, 0.000795383239165, -0.000610580551438, 0.00104675488546, -0.00238593132235, 0.00291854492389, -0.00839360803366, 0.0202060919255, -0.00664452277124], [0.000227350843488, -0.00125116982963, 0.0011095359223, -0.000619987375103, -0.00084784819046, -0.000746362027712, 0.00140960235149, -0.000709772284608, 0.000341336388374, 0.00120822922327, 0.00125041673891, -0.00664452277124, 0.0169281121343]]}, "melbands": {"dmean": [0.000428226776421, 0.000698102870956, 0.000394622853491, 0.000553164980374, 0.000291338103125, 0.000180090457434, 0.000247251504334, 0.000217810244067, 0.000131594220875, 5.54141915927e-05, 4.361919855e-05, 3.04822588078e-05, 2.17521883314e-05, 2.9255365007e-05, 2.70646651188e-05, 3.22253690683e-05, 2.02360806725e-05, 1.86322577065e-05, 1.57201520778e-05, 1.33542562253e-05, 8.61225362314e-06, 6.0006309468e-06, 6.9553798312e-06, 4.97393557453e-06, 4.22167795477e-06, 4.12848339693e-06, 4.50704555988e-06, 3.40514361596e-06, 2.10137682188e-06, 1.49088828039e-06, 1.17727665838e-06, 9.24004154967e-07, 9.32681757604e-07, 1.01047260159e-06, 8.93813364655e-07, 6.19375782662e-07, 3.9944526975e-07, 3.47567862491e-07, 2.92038180305e-07, 2.72048538363e-07], "dmean2": [0.00073717883788, 0.00124807877, 0.00066751166014, 0.000916344695725, 0.00048606240307, 0.000273325858871, 0.000368652312318, 0.000302647065837, 0.000182076328201, 7.9131401435e-05, 6.03068983764e-05, 3.99924247176e-05, 3.34386568284e-05, 4.32368651673e-05, 3.94635571865e-05, 4.64502554678e-05, 2.79890882666e-05, 2.65025937551e-05, 2.39703622356e-05, 2.07259599847e-05, 1.38069490276e-05, 9.94542278931e-06, 1.1513683603e-05, 8.27760686661e-06, 7.02650459061e-06, 6.99080510458e-06, 7.71565100877e-06, 5.86227497479e-06, 3.5696816667e-06, 2.49308595812e-06, 1.98158886633e-06, 1.48801439082e-06, 1.45329568113e-06, 1.55557484049e-06, 1.31002559556e-06, 9.08739252736e-07, 6.06741082265e-07, 5.26849078142e-07, 4.31584965099e-07, 3.89889322605e-07], "dvar": [9.96947619569e-07, 4.31616217611e-06, 6.72001931434e-07, 1.89522847904e-06, 3.00843140622e-07, 2.30713027349e-07, 6.73416309382e-07, 2.71080267567e-07, 2.06841619388e-07, 3.08095238211e-08, 2.04716332775e-08, 9.07747477186e-09, 3.65232843968e-09, 7.06576885889e-09, 8.94937723928e-09, 1.64786460033e-08, 4.6013792776e-09, 3.32697580596e-09, 2.13618189804e-09, 1.07540454319e-09, 4.52352433289e-10, 1.94903829187e-10, 1.87576079669e-10, 9.40173564001e-11, 1.22399076985e-10, 7.95149779353e-11, 9.39993638482e-11, 5.47179003496e-11, 2.21356943192e-11, 9.54075273646e-12, 7.30840821889e-12, 4.31117988531e-12, 5.77893375514e-12, 9.40667335692e-12, 6.60186835755e-12, 3.85628811869e-12, 1.26910949198e-12, 8.21576856026e-13, 5.96087361329e-13, 8.3240342787e-13], "dvar2": [2.78931383946e-06, 1.24335847431e-05, 1.8177270249e-06, 5.13531040269e-06, 8.18931482627e-07, 5.01792328578e-07, 1.60292825058e-06, 5.04787806221e-07, 3.93749616023e-07, 6.33250607507e-08, 3.86484089177e-08, 1.37681439583e-08, 7.66523822193e-09, 1.42841489748e-08, 1.93530400594e-08, 3.09651007058e-08, 7.21679915827e-09, 5.56891377457e-09, 4.42607905882e-09, 2.29890106951e-09, 1.0848260068e-09, 5.12867359692e-10, 4.8145742948e-10, 2.48599557606e-10, 2.76920542053e-10, 2.16720114077e-10, 2.58188109781e-10, 1.45415901542e-10, 5.827505839e-11, 2.52276480955e-11, 1.99149325503e-11, 1.10492977615e-11, 1.28942880678e-11, 2.03604390292e-11, 1.3002643233e-11, 7.38512289516e-12, 2.597251407e-12, 1.7795031941e-12, 1.16466016518e-12, 1.69055611524e-12], "max": [0.0147665068507, 0.0223521403968, 0.00986792612821, 0.0162398386747, 0.00694578932598, 0.0153310382739, 0.0235703960061, 0.0125139029697, 0.0172589365393, 0.00640231091529, 0.00651966081932, 0.00536067504436, 0.00238656904548, 0.00310403574258, 0.00291340239346, 0.00467768590897, 0.00290568545461, 0.0025050654076, 0.0013929825509, 0.000771010760218, 0.000629157351796, 0.000304434564896, 0.000253571051871, 0.000178168033017, 0.000356743752491, 0.000186053031939, 0.000270801770967, 0.00016956430045, 0.000129594642203, 4.39424220531e-05, 5.44637005078e-05, 3.59934529115e-05, 5.31093610334e-05, 8.91106756171e-05, 6.91662571626e-05, 0.000111571185698, 4.82438153995e-05, 2.77245071629e-05, 2.04932821362e-05, 3.77765245503e-05], "mean": [0.000810359080788, 0.00105689198244, 0.00061486865161, 0.000855186197441, 0.0005759789492, 0.000439733907115, 0.000687036605086, 0.000563117675483, 0.000290385098197, 0.000114709546324, 0.000107479922008, 9.24317137105e-05, 3.80327364837e-05, 5.90582894802e-05, 4.65127486677e-05, 6.07748515904e-05, 4.07402621931e-05, 3.29392751155e-05, 2.55145623669e-05, 2.33516966546e-05, 1.41628888741e-05, 9.84064263321e-06, 1.1510938748e-05, 8.44396618049e-06, 7.02325769453e-06, 7.2696038842e-06, 7.21653123037e-06, 5.05578054799e-06, 3.23854078488e-06, 2.43092972596e-06, 1.76503556304e-06, 1.49229356339e-06, 1.6131511984e-06, 1.61498064699e-06, 1.42925807722e-06, 1.04565083348e-06, 7.24402127616e-07, 6.79771460455e-07, 5.80844414344e-07, 5.01578767853e-07], "median": [0.000425239210017, 0.000554939673748, 0.000333158008289, 0.000443235214334, 0.000309383147396, 0.000166576573974, 7.24931451259e-05, 6.87176652718e-05, 2.69383635896e-05, 2.22678063437e-05, 1.23422905745e-05, 1.20882086776e-05, 1.37292290674e-05, 1.53032415255e-05, 1.05401650217e-05, 9.71510780801e-06, 6.0608244894e-06, 7.05810452928e-06, 6.976527402e-06, 6.6379279815e-06, 4.75073193229e-06, 4.39724590251e-06, 5.27782594872e-06, 4.383729447e-06, 3.41562099493e-06, 3.11451708512e-06, 3.11286430588e-06, 1.91982644537e-06, 1.33737114538e-06, 9.70984160631e-07, 6.69899407058e-07, 6.0747288444e-07, 6.31795103345e-07, 4.71292594284e-07, 3.5944310639e-07, 3.01910574763e-07, 2.59432965777e-07, 2.74615757689e-07, 1.92270022126e-07, 1.4221608069e-07], "min": [8.09909134122e-24, 3.80564999467e-24, 7.00183078713e-24, 3.35272550594e-24, 8.15819911113e-24, 4.22801480079e-24, 7.06778508083e-24, 4.17382400091e-24, 7.18340526827e-24, 1.10115949911e-23, 5.07369775145e-24, 6.00816186939e-24, 9.14136986794e-24, 9.36788575485e-24, 7.17830212707e-24, 8.03015988646e-24, 5.14479936256e-24, 6.58235676179e-24, 6.50934531843e-24, 7.6274574384e-24, 3.26138152678e-24, 5.17372925853e-24, 1.33878041764e-23, 1.01151310919e-23, 7.02475350731e-24, 8.08880775046e-24, 1.18211540288e-23, 6.01553969101e-24, 6.36271067008e-24, 9.12361497554e-24, 9.72398151177e-24, 9.63831910607e-24, 9.02758930413e-24, 1.03376411431e-23, 9.27360188831e-24, 9.44207733412e-24, 8.14504722211e-24, 1.08188786386e-23, 8.24772299095e-24, 8.21240411051e-24], "var": [1.30690762035e-06, 3.65772143596e-06, 7.21546541627e-07, 1.80502706826e-06, 5.38728500032e-07, 1.09331983822e-06, 4.06351682614e-06, 1.81649511433e-06, 9.0809021458e-07, 1.00414375481e-07, 1.1162829594e-07, 9.3446288929e-08, 8.54545589846e-09, 2.70418993864e-08, 1.91462454779e-08, 5.9518090012e-08, 2.12797708343e-08, 1.20798784309e-08, 4.79487294314e-09, 2.97151014905e-09, 8.44028957836e-10, 3.00459268576e-10, 3.17257803362e-10, 1.42586220608e-10, 2.10886100249e-10, 1.66349628516e-10, 1.59872115546e-10, 9.23951054554e-11, 3.32696543925e-11, 1.62976489942e-11, 9.05109581034e-12, 6.46463785281e-12, 1.15691596927e-11, 1.97816381331e-11, 1.5083920224e-11, 9.79632260728e-12, 2.79441790887e-12, 1.82530032755e-12, 1.72120716117e-12, 1.98001836281e-12]}, "mfcc": {"mean": [-674.955871582, 121.09790802, 7.94574069977, 27.5397224426, 7.77397537231, 1.22950708866, -2.23067593575, -3.53918910027, -8.16938018799, -2.34236955643, -3.78974103928, -2.2129714489, 0.66037684679], "cov": [[10407.5996094, 146.804580688, -695.666442871, -138.411819458, -371.825195312, -78.818611145, -98.2508544922, 83.3392028809, 59.6166534424, 242.399078369, 178.66897583, 146.093673706, 24.4528312683], [146.804580688, 1314.88452148, -160.425765991, -26.4687461853, -5.09652853012, -18.6146297455, 66.2679519653, 69.3614883423, 19.1388492584, 35.2519035339, 57.3151092529, 6.47394752502, 29.7871799469], [-695.666442871, -160.425765991, 497.706970215, 131.911758423, 130.289596558, 90.6831207275, 45.802532196, 61.2695198059, 25.781835556, -20.6705989838, -8.25086212158, 29.3963718414, 49.5925064087], [-138.411819458, -26.4687461853, 131.911758423, 422.199920654, 140.727264404, 29.7831115723, 7.80607414246, 13.7401952744, 41.0672416687, -2.12879872322, -8.04088401794, 82.3489532471, 68.5439224243], [-371.825195312, -5.09652853012, 130.289596558, 140.727264404, 229.316818237, 79.493850708, 49.7475395203, 9.77496910095, 30.8092975616, 7.87263011932, -4.52359724045, 15.2015075684, 30.7716598511], [-78.818611145, -18.6146297455, 90.6831207275, 29.7831115723, 79.493850708, 188.497253418, 102.79069519, 36.1170539856, 20.0694656372, 21.0237236023, 20.9472045898, -5.75923395157, -8.5285949707], [-98.2508544922, 66.2679519653, 45.802532196, 7.80607414246, 49.7475395203, 102.79069519, 186.251663208, 55.4307136536, 16.3103542328, 17.7401485443, 17.6323032379, -4.56030702591, -9.98969936371], [83.3392028809, 69.3614883423, 61.2695198059, 13.7401952744, 9.77496910095, 36.1170539856, 55.4307136536, 124.929695129, 49.1642341614, 29.7042121887, 27.1331596375, 6.37054491043, 12.5298166275], [59.6166534424, 19.1388492584, 25.781835556, 41.0672416687, 30.8092975616, 20.0694656372, 16.3103542328, 49.1642341614, 109.922363281, 51.2922897339, 16.1120815277, 19.512336731, 14.4282960892], [242.399078369, 35.2519035339, -20.6705989838, -2.12879872322, 7.87263011932, 21.0237236023, 17.7401485443, 29.7042121887, 51.2922897339, 104.845909119, 43.528213501, 6.47746753693, -0.496005892754], [178.66897583, 57.3151092529, -8.25086212158, -8.04088401794, -4.52359724045, 20.9472045898, 17.6323032379, 27.1331596375, 16.1120815277, 43.528213501, 94.6658477783, 44.8661308289, 11.5268039703], [146.093673706, 6.47394752502, 29.3963718414, 82.3489532471, 15.2015075684, -5.75923395157, -4.56030702591, 6.37054491043, 19.512336731, 6.47746753693, 44.8661308289, 126.321472168, 69.3569946289], [24.4528312683, 29.7871799469, 49.5925064087, 68.5439224243, 30.7716598511, -8.5285949707, -9.98969936371, 12.5298166275, 14.4282960892, -0.496005892754, 11.5268039703, 69.3569946289, 104.809646606]], "icov": [[0.000120944663649, 1.59708779393e-05, 0.000167891994352, -2.33924038184e-05, 0.000147854691022, -9.27720466279e-05, 8.62032757141e-05, -0.000157097776537, 8.1717284047e-05, -0.000250909797614, 1.49573570525e-05, -0.000167247053469, -2.42677469942e-05], [1.59708779393e-05, 0.000889412418474, 0.000421069358708, -1.56030091603e-05, -0.000158113543876, 0.00028454902349, -0.000354696356226, -0.000512128463015, 6.82715908624e-05, 7.47082594899e-05, -0.00054665049538, 0.00037108262768, -0.00054302503122], [0.000167891994352, 0.000421069358708, 0.00320375175215, -0.000315194251016, -0.000907288340386, -0.00100534700323, 0.000360471662134, -0.00187460996676, 0.000262876361376, 0.000626468972769, 0.000215285312152, -0.000219543362618, -0.000937204342335], [-2.33924038184e-05, -1.56030091603e-05, -0.000315194251016, 0.00365724344738, -0.00191112107132, 5.37251544301e-05, 0.000301915744785, -0.000228705219342, -0.000452231441159, -3.42955390806e-05, 0.00150104542263, -0.00243210769258, -0.00010472467693], [0.000147854691022, -0.000158113543876, -0.000907288340386, -0.00191112107132, 0.0074377078563, -0.0020930361934, -0.000813635881059, 0.00172579858918, -0.00127233401872, -0.00049874355318, 9.32845505304e-05, 0.00126848276705, -0.00162515242118], [-9.27720466279e-05, 0.00028454902349, -0.00100534700323, 5.37251544301e-05, -0.0020930361934, 0.0092530939728, -0.00420499127358, 0.000185488184798, -0.000247847259743, -0.000245966948569, -0.00195812201127, 0.0010779814329, 0.000860784086399], [8.62032757141e-05, -0.000354696356226, 0.000360471662134, 0.000301915744785, -0.000813635881059, -0.00420499127358, 0.00888181943446, -0.00327421049587, 0.00105945183896, -0.000378232594812, 0.000623212894425, -0.00107186089735, 0.00134048960172], [-0.000157097776537, -0.000512128463015, -0.00187460996676, -0.000228705219342, 0.00172579858918, 0.000185488184798, -0.00327421049587, 0.0133021930233, -0.00528916949406, 0.000491674232762, -0.00314360600896, 0.00277640111744, -0.00193623744417], [8.1717284047e-05, 6.82715908624e-05, 0.000262876361376, -0.000452231441159, -0.00127233401872, -0.000247847259743, 0.00105945183896, -0.00528916949406, 0.0150786740705, -0.00719380425289, 0.00310852052644, -0.00283571030013, 0.000644410552923], [-0.000250909797614, 7.47082594899e-05, 0.000626468972769, -3.42955390806e-05, -0.00049874355318, -0.000245966948569, -0.000378232594812, 0.000491674232762, -0.00719380425289, 0.016668220982, -0.0075543965213, 0.00342768570408, -0.000573334342334], [1.49573570525e-05, -0.00054665049538, 0.000215285312152, 0.00150104542263, 9.32845505304e-05, -0.00195812201127, 0.000623212894425, -0.00314360600896, 0.00310852052644, -0.0075543965213, 0.0193502660841, -0.00958859361708, 0.00307022244669], [-0.000167247053469, 0.00037108262768, -0.000219543362618, -0.00243210769258, 0.00126848276705, 0.0010779814329, -0.00107186089735, 0.00277640111744, -0.00283571030013, 0.00342768570408, -0.00958859361708, 0.0185520462692, -0.00990632735193], [-2.42677469942e-05, -0.00054302503122, -0.000937204342335, -0.00010472467693, -0.00162515242118, 0.000860784086399, 0.00134048960172, -0.00193623744417, 0.000644410552923, -0.000573334342334, 0.00307022244669, -0.00990632735193, 0.0172458160669]]}, "spectral_contrast_coeffs": {"dmean": [0.0486156195402, 0.0424827337265, 0.0334090031683, 0.0295040123165, 0.0201731920242, 0.0181995723397], "dmean2": [0.0772314742208, 0.0677071809769, 0.0525433346629, 0.0470662601292, 0.0323866568506, 0.0291341803968], "dvar": [0.0020527637098, 0.00141367665492, 0.000911218987312, 0.000712321139872, 0.000309588591335, 0.000358103687176], "dvar2": [0.00488411448896, 0.0033874316141, 0.00205039395951, 0.00151549885049, 0.000702672346961, 0.000911673239898], "max": [-0.258552372456, -0.301503539085, -0.430892437696, -0.441444993019, -0.565133810043, -0.597552359104], "mean": [-0.618218362331, -0.675117373466, -0.758595466614, -0.774920284748, -0.799603939056, -0.781244575977], "median": [-0.630739510059, -0.689412593842, -0.773624300957, -0.786840200424, -0.804298877716, -0.781436085701], "min": [-0.97461616993, -0.975752770901, -0.962371230125, -0.972608804703, -0.964905500412, -0.96308785677], "var": [0.00891560129821, 0.00916715525091, 0.00636763032526, 0.00456374324858, 0.00181599636562, 0.00161735084839]}, "spectral_contrast_valleys": {"dmean": [0.423453420401, 0.352149784565, 0.316043525934, 0.293019384146, 0.27810138464, 0.295271247625], "dmean2": [0.653548359871, 0.566796064377, 0.493518829346, 0.457001537085, 0.426118373871, 0.388193100691], "dvar": [0.216591060162, 0.166450634599, 0.134566158056, 0.133167594671, 0.163571581244, 0.158183515072], "dvar2": [0.427545338869, 0.354075551033, 0.258134335279, 0.255539774895, 0.329895883799, 0.273063093424], "max": [-5.0036