{"lowlevel": {"average_loudness": 0.92017108202, "barkbands_crest": {"dmean": 2.41797828674, "dmean2": 3.84316039085, "dvar": 5.75787401199, "dvar2": 13.8749771118, "max": 24.2663726807, "mean": 9.56430435181, "median": 8.38680458069, "min": 2.1281914711, "var": 18.3163738251}, "barkbands_flatness_db": {"dmean": 0.0183878131211, "dmean2": 0.0280857533216, "dvar": 0.000313645403367, "dvar2": 0.000695904716849, "max": 0.307593673468, "mean": 0.105241075158, "median": 0.0957616791129, "min": 0.0166310630739, "var": 0.00223794486374}, "barkbands_kurtosis": {"dmean": 2.22466087341, "dmean2": 3.55169320107, "dvar": 19.2435798645, "dvar2": 47.5776863098, "max": 158.805297852, "mean": 4.42500257492, "median": 1.41697573662, "min": -1.9501645565, "var": 212.537139893}, "barkbands_skewness": {"dmean": 0.461112886667, "dmean2": 0.705873847008, "dvar": 0.257900953293, "dvar2": 0.582670867443, "max": 6.74249219894, "mean": 1.14661037922, "median": 1.27347052097, "min": -11.3097772598, "var": 2.95058345795}, "barkbands_spread": {"dmean": 7.17273616791, "dmean2": 10.990228653, "dvar": 86.200553894, "dvar2": 182.870407104, "max": 131.10093689, "mean": 30.3234500885, "median": 26.8047027588, "min": 1.50466370583, "var": 304.285614014}, "dissonance": {"dmean": 0.0201151426882, "dmean2": 0.0339315608144, "dvar": 0.000443470635219, "dvar2": 0.00123462965712, "max": 0.5, "mean": 0.461531281471, "median": 0.469201177359, "min": 0.213611960411, "var": 0.000905818422325}, "dynamic_complexity": 3.57680988312, "erbbands_crest": {"dmean": 2.58531928062, "dmean2": 4.17294549942, "dvar": 6.41152381897, "dvar2": 15.9338417053, "max": 30.5194988251, "mean": 8.87173748016, "median": 7.77703475952, "min": 2.24393033981, "var": 20.4321327209}, "erbbands_flatness_db": {"dmean": 0.0164769925177, "dmean2": 0.0245468784124, "dvar": 0.000284128764179, "dvar2": 0.000613718293607, "max": 0.318151175976, "mean": 0.120776429772, "median": 0.112918421626, "min": 0.0356349907815, "var": 0.00192316900939}, "erbbands_kurtosis": {"dmean": 1.01682794094, "dmean2": 1.60643970966, "dvar": 4.58173418045, "dvar2": 11.3909702301, "max": 82.5988464355, "mean": 0.88034594059, "median": -0.0153772830963, "min": -1.80074608326, "var": 9.56938266754}, "erbbands_skewness": {"dmean": 0.343089073896, "dmean2": 0.523124933243, "dvar": 0.122629664838, "dvar2": 0.281973838806, "max": 6.81127691269, "mean": 0.290201365948, "median": 0.28922098875, "min": -4.77320432663, "var": 0.591580092907}, "erbbands_spread": {"dmean": 7.84508085251, "dmean2": 12.1987428665, "dvar": 70.1159133911, "dvar2": 157.843612671, "max": 140.85496521, "mean": 40.2432518005, "median": 39.3810882568, "min": 2.77833843231, "var": 312.484039307}, "hfc": {"dmean": 8.59813117981, "dmean2": 12.2265625, "dvar": 123.998497009, "dvar2": 256.192016602, "max": 198.265258789, "mean": 32.8479499817, "median": 29.0930366516, "min": 1.17712406908e-16, "var": 534.802978516}, "melbands_crest": {"dmean": 2.62254619598, "dmean2": 4.2751159668, "dvar": 7.43241453171, "dvar2": 18.201789856, "max": 31.3093490601, "mean": 13.4064216614, "median": 12.6782989502, "min": 1.83153820038, "var": 22.74152565}, "melbands_flatness_db": {"dmean": 0.022260857746, "dmean2": 0.0336705036461, "dvar": 0.000509879551828, "dvar2": 0.00110457860865, "max": 0.443143039942, "mean": 0.184888362885, "median": 0.178624242544, "min": 0.00365614239126, "var": 0.00376686337404}, "melbands_kurtosis": {"dmean": 5.32550811768, "dmean2": 8.40812492371, "dvar": 84.523475647, "dvar2": 209.913421631, "max": 199.317382812, "mean": 9.94025802612, "median": 6.36854028702, "min": -1.82710456848, "var": 159.556884766}, "melbands_skewness": {"dmean": 0.650898814201, "dmean2": 0.994327187538, "dvar": 0.481352031231, "dvar2": 1.09647202492, "max": 11.7103185654, "mean": 2.41181945801, "median": 2.24629378319, "min": -1.23776435852, "var": 2.13139867783}, "melbands_spread": {"dmean": 6.72993755341, "dmean2": 10.3673849106, "dvar": 100.672325134, "dvar2": 215.530990601, "max": 248.116088867, "mean": 29.5783462524, "median": 23.9501113892, "min": 1.39306414127, "var": 632.439086914}, "pitch_salience": {"dmean": 0.067492172122, "dmean2": 0.107323296368, "dvar": 0.0041320649907, "dvar2": 0.00963800866157, "max": 0.836607933044, "mean": 0.529425978661, "median": 0.529767096043, "min": 0.148156479001, "var": 0.0113181388006}, "silence_rate_20dB": {"dmean": 0, "dmean2": 0, "dvar": 0, "dvar2": 0, "max": 1, "mean": 1, "median": 1, "min": 1, "var": 0}, "silence_rate_30dB": {"dmean": 0.0403917841613, "dmean2": 0.0807905718684, "dvar": 0.0387547388673, "dvar2": 0.101650357246, "max": 1, "mean": 0.972698926926, "median": 1, "min": 0, "var": 0.0265532899648}, "silence_rate_60dB": {"dmean": 0.00676085660234, "dmean2": 0.0135228848085, "dvar": 0.00671521294862, "dvar2": 0.016634311527, "max": 1, "mean": 0.123678281903, "median": 0, "min": 0, "var": 0.108402952552}, "spectral_centroid": {"dmean": 237.973083496, "dmean2": 371.22277832, "dvar": 74785.6015625, "dvar2": 160215.828125, "max": 11454.3671875, "mean": 1591.92248535, "median": 1435.9083252, "min": 191.651123047, "var": 512992.8125}, "spectral_complexity": {"dmean": 3.18401670456, "dmean2": 4.92354345322, "dvar": 11.7254867554, "dvar2": 23.4313201904, "max": 53, "mean": 21.6446533203, "median": 23, "min": 0, "var": 106.828079224}, "spectral_decrease": {"dmean": 2.93324142753e-09, "dmean2": 4.45649028791e-09, "dvar": 1.81868495513e-17, "dvar2": 4.15846623377e-17, "max": 1.47005879692e-10, "mean": -9.83570647151e-09, "median": -8.89910012347e-09, "min": -5.04183716998e-08, "var": 5.07124018739e-17}, "spectral_energy": {"dmean": 0.0114439995959, "dmean2": 0.0173096619546, "dvar": 0.000265063397819, "dvar2": 0.000604244181886, "max": 0.194015860558, "mean": 0.0401017144322, "median": 0.0367194861174, "min": 1.08472273082e-20, "var": 0.000785953714512}, "spectral_energyband_high": {"dmean": 0.000610132992733, "dmean2": 0.000856204365846, "dvar": 1.0491996818e-06, "dvar2": 1.99302940018e-06, "max": 0.0268693771213, "mean": 0.00167720031459, "median": 0.00104741938412, "min": 7.62561085386e-21, "var": 3.92376068703e-06}, "spectral_energyband_low": {"dmean": 0.00860162172467, "dmean2": 0.013305850327, "dvar": 0.000276539998595, "dvar2": 0.00062400981551, "max": 0.178460285068, "mean": 0.0185446161777, "median": 0.0133818686008, "min": 5.60974009614e-23, "var": 0.000474974280223}, "spectral_energyband_middle_high": {"dmean": 0.00259569031186, "dmean2": 0.00401747366413, "dvar": 1.88335689018e-05, "dvar2": 4.85681375721e-05, "max": 0.0756531059742, "mean": 0.0084750847891, "median": 0.00594993401319, "min": 1.92326984704e-21, "var": 8.22936490295e-05}, "spectral_energyband_middle_low": {"dmean": 0.00450798217207, "dmean2": 0.00723927095532, "dvar": 3.79423399863e-05, "dvar2": 9.8156160675e-05, "max": 0.123845241964, "mean": 0.0120066897944, "median": 0.0107531305403, "min": 2.61651101605e-22, "var": 8.4432089352e-05}, "spectral_entropy": {"dmean": 0.151102080941, "dmean2": 0.218090489507, "dvar": 0.0293784290552, "dvar2": 0.0601174794137, "max": 9.79327106476, "mean": 7.73662281036, "median": 7.78750228882, "min": 5.79455757141, "var": 0.238845974207}, "spectral_flux": {"dmean": 0.0249220430851, "dmean2": 0.0391474664211, "dvar": 0.00081770127872, "dvar2": 0.00193262426183, "max": 0.327948302031, "mean": 0.0936206504703, "median": 0.0865543782711, "min": 1.0415002194e-10, "var": 0.00294227548875}, "spectral_kurtosis": {"dmean": 1.11543142796, "dmean2": 1.74871516228, "dvar": 2.58592891693, "dvar2": 6.84906435013, "max": 38.6040344238, "mean": 4.34557199478, "median": 4.0040140152, "min": -1.18494486809, "var": 8.27596378326}, "spectral_rms": {"dmean": 0.00078022206435, "dmean2": 0.00116617267486, "dvar": 8.6442724978e-07, "dvar2": 1.88937224266e-06, "max": 0.0137580437586, "mean": 0.00572956074029, "median": 0.00598530657589, "min": 3.25310004629e-12, "var": 6.29547503195e-06}, "spectral_rolloff": {"dmean": 755.613769531, "dmean2": 1277.2857666, "dvar": 3658922, "dvar2": 7804483, "max": 19702.8808594, "mean": 2300.55224609, "median": 1141.25976562, "min": 86.1328125, "var": 13606027}, "spectral_skewness": {"dmean": 0.1763997823, "dmean2": 0.271497309208, "dvar": 0.0442617982626, "dvar2": 0.108539298177, "max": 4.14313745499, "mean": 1.6056804657, "median": 1.60357189178, "min": -0.0598176531494, "var": 0.244604960084}, "spectral_spread": {"dmean": 805838.9375, "dmean2": 1149966.875, "dvar": 1446676398080.0, "dvar2": 2887509868540.0, "max": 39994772, "mean": 6076258, "median": 5631448, "min": 1291176, "var": 7435640111100.0}, "spectral_strongpeak": {"dmean": 0.597354412079, "dmean2": 1.03274595737, "dvar": 1.12366104126, "dvar2": 2.89993309975, "max": 10.5532484055, "mean": 0.957771658897, "median": 0.410395264626, "min": 0, "var": 2.06900334358}, "zerocrossingrate": {"dmean": 0.0174644459039, "dmean2": 0.0208912920207, "dvar": 0.00072678149445, "dvar2": 0.00103438750375, "max": 0.77197265625, "mean": 0.0966812968254, "median": 0.07177734375, "min": 0.00634765625, "var": 0.0118683539331}, "barkbands": {"dmean": [0.000530482095201, 0.00706608965993, 0.00270026200451, 0.00105658068787, 0.00172376981936, 0.00111660081893, 0.000598640413955, 0.000892526062671, 0.00153558480088, 0.00098985794466, 0.00116177648306, 0.000776290486101, 0.000535438826773, 0.000299057981465, 0.00032133446075, 0.000248506315984, 0.000176485191332, 0.000170224026078, 0.000178627553396, 0.000188549412997, 0.000109185239126, 0.000107738756924, 0.000109921638796, 0.00010212505731, 0.00010711937648, 9.81742050499e-05, 8.6042608018e-05], "dmean2": [0.000911148847081, 0.0110494447872, 0.00454984186217, 0.00177400838584, 0.00291843945161, 0.00181403569877, 0.000934239651542, 0.00143527204636, 0.00239300611429, 0.0015646754764, 0.00186028296594, 0.00121927680448, 0.000866334768943, 0.000486099947011, 0.0005226249923, 0.0004156359646, 0.000290484575089, 0.00026790908305, 0.000288352573989, 0.00029678462306, 0.000170272571268, 0.000162726122653, 0.000164123339346, 0.00014977119281, 0.000160584444529, 0.000147541009937, 0.000131105029141], "dvar": [1.37514234666e-06, 0.000206821714528, 4.22413249908e-05, 2.86245426651e-06, 9.86715804174e-06, 3.60082412953e-06, 3.0047706332e-06, 4.51224195785e-06, 9.72097495833e-06, 6.97350878909e-06, 9.54298138822e-06, 4.40675057689e-06, 1.86425984339e-06, 4.18336099983e-07, 4.53377708709e-07, 1.62891353739e-07, 9.55425889515e-08, 8.25976229635e-08, 8.44805114752e-08, 9.79207754881e-08, 3.73023780753e-08, 4.83065960566e-08, 1.17963260493e-07, 3.91178005543e-08, 6.10063466411e-08, 4.66727598791e-08, 3.53552032095e-08], "dvar2": [3.94377502744e-06, 0.000486189906951, 0.000114628935989, 8.23559093988e-06, 2.77196741081e-05, 9.45770716498e-06, 7.56822100811e-06, 1.19657624964e-05, 2.23877905228e-05, 1.76529320015e-05, 2.59438766079e-05, 1.08989570435e-05, 4.55545568911e-06, 9.86888494481e-07, 1.08802612431e-06, 4.50486851378e-07, 2.52927463862e-07, 1.92800101217e-07, 1.98303112597e-07, 2.17004782144e-07, 8.7935859483e-08, 1.11447327811e-07, 2.51372739513e-07, 7.84956171174e-08, 1.3449943026e-07, 1.01001717212e-07, 7.9148612997e-08], "max": [0.0325814336538, 0.137836128473, 0.0815023258328, 0.0226277448237, 0.0437197498977, 0.032638784498, 0.0643788650632, 0.0476664490998, 0.075679846108, 0.0655984729528, 0.0693838223815, 0.0665039271116, 0.0436594858766, 0.0174723342061, 0.0186186917126, 0.00917474366724, 0.0082101225853, 0.00949347764254, 0.00828822888434, 0.00870005972683, 0.00450845761225, 0.00589731428772, 0.0169339179993, 0.0041466653347, 0.00547247799113, 0.00430882582441, 0.00220403959975], "mean": [0.000981557648629, 0.0121948178858, 0.0050321710296, 0.00200209044851, 0.00262229354121, 0.00181535480078, 0.00103335140739, 0.00135087384842, 0.00268981861882, 0.00160458241589, 0.00192340719514, 0.0013142892858, 0.00101893767715, 0.000496784748975, 0.000552687270101, 0.000423576508183, 0.000354825577233, 0.000344187836163, 0.000431847380241, 0.000437717535533, 0.000260775675997, 0.000280969310552, 0.0002381070517, 0.000212875456782, 0.000196594657609, 0.000167293517734, 0.000119935066323], "median": [0.000662497768644, 0.00664290925488, 0.0033238818869, 0.00134284375235, 0.00162225577515, 0.0010679034749, 0.000385310471756, 0.000528069329448, 0.000900224025827, 0.0005078483955, 0.000556269194931, 0.000383577367757, 0.000292840588372, 0.000229780183872, 0.000285442802124, 0.000255216611549, 0.000228175020311, 0.000237199827097, 0.000280912849121, 0.000267094117589, 0.000128121406306, 0.000112193192763, 7.58134119678e-05, 8.87679634616e-05, 0.000111144086986, 6.64672697894e-05, 2.61897876044e-05], "min": [5.39104781615e-24, 1.88581853672e-23, 2.07501704297e-23, 2.40541612922e-23, 2.97292960641e-23, 2.59533029007e-23, 5.32231199889e-23, 4.77357782887e-23, 4.92144822783e-23, 8.43547267526e-23, 8.68634937578e-23, 4.60050016854e-23, 1.25944950423e-22, 1.19621870548e-22, 1.48418878172e-22, 1.98683933849e-22, 2.6454211905e-22, 2.26402070056e-22, 2.99503071218e-22, 4.93061996648e-22, 4.84845221459e-22, 3.75927486576e-22, 8.38087138371e-22, 6.9798534063e-22, 1.21477268872e-21, 1.73051778117e-21, 2.31615963537e-21], "var": [2.04500474865e-06, 0.000308818096528, 4.35891888628e-05, 5.20572621099e-06, 1.13286550913e-05, 5.15786996402e-06, 5.47541458218e-06, 6.56831525703e-06, 2.55619288509e-05, 1.18827047118e-05, 2.06124968827e-05, 9.66106745182e-06, 5.46765659237e-06, 8.19621277515e-07, 1.03082561509e-06, 3.139161322e-07, 2.25441425528e-07, 1.87834984899e-07, 3.00406185261e-07, 3.43352439813e-07, 1.38428831065e-07, 2.08182129313e-07, 2.39341090946e-07, 1.135276122e-07, 9.85887709248e-08, 8.42054319605e-08, 4.48999912805e-08]}, "erbbands": {"dmean": [0.132366418839, 1.85708773136, 3.5074505806, 2.79222178459, 5.34359931946, 5.49174022675, 5.58925962448, 11.910525322, 8.99184799194, 12.5177841187, 17.3727111816, 36.4450950623, 32.6364135742, 28.7637691498, 50.2920913696, 22.3323745728, 22.9721546173, 15.6285429001, 14.824842453, 12.7306814194, 11.6280326843, 9.38763523102, 9.63955020905, 8.5507440567, 9.7961769104, 7.9727845192, 5.21428537369, 3.57966375351, 3.88346552849, 3.28497481346, 3.28904008865, 2.3287961483, 1.68620622158, 1.21915268898, 0.772188365459, 0.371772140265, 0.186478823423, 0.0723513960838, 0.015305550769, 0.00088689266704], "dmean2": [0.200891107321, 2.95420408249, 5.74018001556, 4.78968143463, 9.09934902191, 9.20612430573, 8.96895885468, 19.3295326233, 14.1531238556, 19.8828220367, 27.9332466125, 56.7433204651, 50.6208839417, 45.7970924377, 79.3886947632, 35.373966217, 36.8176040649, 25.3337841034, 23.7623310089, 20.8316574097, 19.1964931488, 15.2202749252, 15.2286777496, 13.8597354889, 15.9706993103, 12.3347148895, 8.28754901886, 5.36252832413, 5.87763929367, 4.90198564529, 4.9073843956, 3.49815487862, 2.49149489403, 1.83912825584, 1.16534173489, 0.540298581123, 0.286596506834, 0.114178717136, 0.0234057381749, 0.00134040426929], "dvar": [0.0571423657238, 15.3834943771, 68.7011566162, 26.3535194397, 97.62865448, 97.1789245605, 79.3137359619, 428.151977539, 714.700073242, 675.577758789, 1924.82885742, 5678.26513672, 6999.10693359, 7256.34375, 15529.5595703, 2539.59130859, 4186.11230469, 1035.52648926, 1108.6739502, 534.611816406, 328.177703857, 251.095062256, 263.237976074, 168.942169189, 252.619445801, 230.81149292, 87.2563095093, 48.2420921326, 61.0021133423, 71.3766555786, 107.769271851, 25.1080818176, 10.9943437576, 8.454829216, 2.88905191422, 0.781531214714, 0.170075699687, 0.0276068486273, 0.00110587710515, 3.71384680875e-06], "dvar2": [0.128698632121, 36.4421195984, 168.593582153, 76.0018539429, 279.66229248, 267.849761963, 200.69631958, 1123.45959473, 1822.31689453, 1679.39135742, 5020.29589844, 12927.0332031, 16576.3632812, 19606.8300781, 41258.2109375, 6211.75292969, 10187.2021484, 2506.86157227, 2533.92041016, 1361.03039551, 883.287780762, 641.50970459, 625.065979004, 401.386047363, 612.141540527, 524.539978027, 222.817764282, 100.961708069, 140.747131348, 140.994857788, 235.681884766, 52.9406051636, 22.3466625214, 19.1014156342, 6.19008159637, 1.44065964222, 0.373762369156, 0.0661482438445, 0.00242205010727, 8.58880957821e-06], "max": [2.48765850067, 38.7501144409, 84.0487594604, 62.0042915344, 109.174453735, 162.595016479, 225.440139771, 396.238037109, 1078.11157227, 583.193786621, 1198.02709961, 1938.86132812, 3358.84960938, 2221.57104492, 2449.96606445, 1289.03833008, 2303.82788086, 991.703979492, 1001.11456299, 661.85345459, 369.195739746, 421.946044922, 568.753112793, 318.804504395, 452.598327637, 553.82611084, 249.1484375, 159.526672363, 192.007324219, 295.997314453, 565.096008301, 122.911827087, 75.3416442871, 80.1059265137, 37.5122489929, 29.7470493317, 6.4087305069, 1.68382537365, 0.454155296087, 0.022390678525], "mean": [0.282779335976, 2.959638834, 6.39807319641, 5.86115646362, 8.35508155823, 8.19933128357, 9.70232963562, 19.1004562378, 15.3838243484, 22.074760437, 28.0521945953, 63.0196151733, 59.3134384155, 52.2905769348, 89.4892883301, 42.9590263367, 45.237827301, 31.0194816589, 28.3257522583, 24.4136199951, 22.4799365997, 20.7722816467, 20.6797275543, 19.9673480988, 23.6927509308, 19.5407543182, 12.5002841949, 9.43867206573, 10.2892971039, 8.48653316498, 6.55119514465, 4.78953886032, 3.27259039879, 2.26783847809, 1.3826239109, 0.664500296116, 0.31733199954, 0.10546990484, 0.0208859685808, 0.00121632567607], "median": [0.182843372226, 1.45707178116, 4.301258564, 4.68172121048, 4.88262367249, 4.46444702148, 6.06364488602, 10.3846263885, 6.78139019012, 10.0744991302, 11.763674736, 22.6299304962, 24.2553024292, 19.0367660522, 28.0177612305, 15.807559967, 15.1053934097, 15.4072446823, 15.5589923859, 15.3876552582, 14.4279079437, 14.1537055969, 14.4906139374, 14.4776744843, 15.2022008896, 11.682477951, 6.52995586395, 4.11401700974, 4.25541353226, 2.77679443359, 2.14091396332, 1.73989653587, 1.54476809502, 1.31245851517, 0.719266057014, 0.318609267473, 0.105310030282, 0.0277400016785, 0.00418012775481, 0.000335322605679], "min": [1.02926501653e-21, 2.48566925889e-21, 1.60582575643e-20, 6.84054455892e-20, 6.98298376793e-20, 9.72477407464e-20, 1.03455104396e-19, 3.07649381968e-19, 9.13530617083e-19, 5.89338579291e-19, 1.09596767933e-18, 1.56131664108e-18, 2.10266561335e-18, 2.78329360281e-18, 3.57298556282e-18, 2.8640773022e-18, 5.52801039697e-18, 4.65467103829e-18, 7.76195184829e-18, 8.45794161569e-18, 1.24780923323e-17, 1.52122650552e-17, 1.04880694864e-17, 1.44179797612e-17, 2.04914657277e-17, 2.30219501879e-17, 1.87001647522e-17, 1.75706066124e-17, 1.44530571823e-17, 2.20878200852e-17, 2.29234677185e-17, 1.26514999943e-17, 1.468962422e-17, 1.30658786037e-17, 9.39204607576e-18, 6.49578483029e-18, 3.2883969682e-18, 1.31162214362e-18, 3.04386051054e-19, 3.45972071674e-20], "var": [0.115303501487, 21.0603313446, 78.2236633301, 34.0492248535, 114.533432007, 127.809120178, 148.552398682, 628.987243652, 1028.76757812, 1380.98547363, 2758.32910156, 13976.6171875, 14011.6611328, 15728.9873047, 36557.890625, 6332.86962891, 10515.9404297, 2735.83569336, 2689.21313477, 1323.78625488, 754.945678711, 681.893432617, 649.92791748, 473.001831055, 906.038757324, 759.505310059, 321.328277588, 200.235916138, 265.296875, 258.597290039, 186.339782715, 67.2406921387, 27.0926589966, 12.5158119202, 5.14200925827, 1.84059309959, 0.295512199402, 0.033948700875, 0.00141187733971, 4.36909886048e-06]}, "gfcc": {"mean": [17.7107334137, 62.0629005432, -89.5042953491, 19.4701061249, -41.7326431274, 12.9596443176, -21.8379039764, 13.1206150055, -21.5175552368, 1.91726255417, -14.3477897644, 0.930642664433, -9.54659938812], "cov": [[31520.0722656, 1881.29187012, -2122.82617188, 1002.10174561, -686.746398926, 753.934448242, -447.069030762, 159.341140747, -626.829528809, 12.7267189026, -170.339553833, -12.6098804474, -319.47857666], [1881.29187012, 1893.70739746, -587.283752441, 184.241333008, -158.463134766, -31.9714984894, 83.0921478271, -53.6772460938, -26.9350757599, -23.033449173, 6.03602075577, -34.086151123, -20.5326919556], [-2122.82617188, -587.283752441, 893.822143555, -176.821426392, 184.08505249, -13.1982192993, -16.1707935333, 54.9508590698, 78.0995483398, -1.05578160286, -51.2182159424, -3.86973977089, 14.1611442566], [1002.10174561, 184.241333008, -176.821426392, 467.592132568, -55.750202179, 22.2962474823, -39.878112793, -1.07550919056, 38.8272514343, 0.230260178447, -17.310295105, 1.74138569832, 15.6617326736], [-686.746398926, -158.463134766, 184.08505249, -55.750202179, 365.84576416, -37.1011123657, -23.523733139, 39.9460144043, 41.2742080688, -3.01153635979, -7.90641260147, -14.4382829666, 6.52580213547], [753.934448242, -31.9714984894, -13.1982192993, 22.2962474823, -37.1011123657, 225.848571777, 60.5881576538, -10.3978652954, -31.4431400299, 2.25564408302, 10.7423696518, 17.0556945801, -40.6092071533], [-447.069030762, 83.0921478271, -16.1707935333, -39.878112793, -23.523733139, 60.5881576538, 179.70211792, 23.640499115, -16.8765983582, -2.79040980339, 27.1280670166, -5.23350524902, -22.1928634644], [159.341140747, -53.6772460938, 54.9508590698, -1.07550919056, 39.9460144043, -10.3978652954, 23.640499115, 112.786216736, 26.7181034088, 1.84853160381, -15.4985170364, -8.02002048492, 4.6210231781], [-626.829528809, -26.9350757599, 78.0995483398, 38.8272514343, 41.2742080688, -31.4431400299, -16.8765983582, 26.7181034088, 130.842132568, 31.0190067291, -19.6492595673, -13.0597658157, 20.8448314667], [12.7267189026, -23.033449173, -1.05578160286, 0.230260178447, -3.01153635979, 2.25564408302, -2.79040980339, 1.84853160381, 31.0190067291, 82.2333297729, 24.9717216492, -4.95415210724, -3.50840544701], [-170.339553833, 6.03602075577, -51.2182159424, -17.310295105, -7.90641260147, 10.7423696518, 27.1280670166, -15.4985170364, -19.6492595673, 24.9717216492, 91.7857131958, 31.52293396, -8.27132797241], [-12.6098804474, -34.086151123, -3.86973977089, 1.74138569832, -14.4382829666, 17.0556945801, -5.23350524902, -8.02002048492, -13.0597658157, -4.95415210724, 31.52293396, 87.2822113037, 22.2402210236], [-319.47857666, -20.5326919556, 14.1611442566, 15.6617326736, 6.52580213547, -40.6092071533, -22.1928634644, 4.6210231781, 20.8448314667, -3.50840544701, -8.27132797241, 22.2402210236, 73.6875610352]], "icov": [[6.70120643917e-05, -4.86522367282e-05, 0.000108056170575, -6.81633027853e-05, 3.21209299727e-05, -0.000239892498939, 0.000333716336172, -0.000337061879691, 0.000352626928361, -0.000186415651115, 0.000207462609978, -4.17083392676e-05, 0.00018454498786], [-4.86522367282e-05, 0.000754652661271, 0.000353654380888, -0.000100450954051, 4.02435107389e-05, 0.00045497668907, -0.00071459566243, 0.000545329065062, -0.000427157385275, 0.000328967202222, 6.41286314931e-05, 0.000149473038618, 4.90693091706e-05], [0.000108056170575, 0.000353654380888, 0.00191771797836, 0.000413414119976, -0.000454367313068, -0.000440987874754, 0.000359471043339, -0.000658980337903, -0.000345697131706, -0.000132700806716, 0.00126418180298, -0.000419691437855, 0.000417464849306], [-6.81633027853e-05, -0.000100450954051, 0.000413414119976, 0.00271915784106, 0.000206823533517, -0.000467623031, 0.000479229085613, 4.4579977839e-05, -0.00155298784375, 0.00057641841704, -1.63776076079e-06, 4.29948886449e-05, -0.000661795493215], [3.21209299727e-05, 4.02435107389e-05, -0.000454367313068, 0.000206823533517, 0.00332062831149, 7.31420659577e-05, 0.000730637577362, -0.0010666368762, -0.00057981122518, 0.000680154596921, -0.000811141449958, 0.000690079818014, 0.000124082784168], [-0.000239892498939, 0.00045497668907, -0.000440987874754, -0.000467623031, 7.31420659577e-05, 0.00692826090381, -0.00342052173801, 0.00201322766952, -0.00034352671355, -0.000317739526508, 0.000789116602391, -0.00229418301024, 0.00278915138915], [0.000333716336172, -0.00071459566243, 0.000359471043339, 0.000479229085613, 0.000730637577362, -0.00342052173801, 0.00933601055294, -0.00414958409965, 0.00162700167857, 0.000497712462675, -0.00227379589342, 0.00157310476061, 0.00103246921208], [-0.000337061879691, 0.000545329065062, -0.000658980337903, 4.4579977839e-05, -0.0010666368762, 0.00201322766952, -0.00414958409965, 0.0122769810259, -0.00316478731111, 0.000490231846925, 0.00111786602065, -0.000173601976712, -0.000911467359401], [0.000352626928361, -0.000427157385275, -0.000345697131706, -0.00155298784375, -0.00057981122518, -0.00034352671355, 0.00162700167857, -0.00316478731111, 0.0130628179759, -0.00603225035593, 0.00333410967141, 0.000438326067524, -0.00138363905717], [-0.000186415651115, 0.000328967202222, -0.000132700806716, 0.00057641841704, 0.000680154596921, -0.000317739526508, 0.000497712462675, 0.000490231846925, -0.00603225035593, 0.0169814899564, -0.00727928616107, 0.00306383497082, -0.000156630121637], [0.000207462609978, 6.41286314931e-05, 0.00126418180298, -1.63776076079e-06, -0.000811141449958, 0.000789116602391, -0.00227379589342, 0.00111786602065, 0.00333410967141, -0.00727928616107, 0.018308179453, -0.0076277195476, 0.00349405617453], [-4.17083392676e-05, 0.000149473038618, -0.000419691437855, 4.29948886449e-05, 0.000690079818014, -0.00229418301024, 0.00157310476061, -0.000173601976712, 0.000438326067524, 0.00306383497082, -0.0076277195476, 0.0168663077056, -0.00683330651373], [0.00018454498786, 4.90693091706e-05, 0.000417464849306, -0.000661795493215, 0.000124082784168, 0.00278915138915, 0.00103246921208, -0.000911467359401, -0.00138363905717, -0.000156630121637, 0.00349405617453, -0.00683330651373, 0.0191778168082]]}, "melbands": {"dmean": [0.00161091459449, 0.00202347245067, 0.0005287581007, 0.000411436456488, 0.000196196269826, 0.000245617819019, 0.000132285582367, 0.000159773073392, 0.000141708398587, 0.000248898752034, 0.000167344522197, 0.00012080212764, 0.000153783985297, 0.000109178421553, 4.92410581501e-05, 5.43426140212e-05, 2.89325689664e-05, 2.47813968599e-05, 2.67001014436e-05, 1.8526261556e-05, 1.34260480991e-05, 1.03350275822e-05, 1.01879695649e-05, 8.27643998491e-06, 7.72809562477e-06, 7.44198632674e-06, 8.42036479298e-06, 5.75239982936e-06, 4.09796666645e-06, 2.57098213297e-06, 2.3913860332e-06, 2.39594396589e-06, 2.3681204766e-06, 1.999412234e-06, 2.19100297727e-06, 1.53928692725e-06, 1.5403307998e-06, 1.27523264837e-06, 1.06783397769e-06, 1.1290439943e-06], "dmean2": [0.0024898534175, 0.00320441508666, 0.000892402138561, 0.000704451405909, 0.000314093893394, 0.000398269767174, 0.000208127821679, 0.000254062266322, 0.000228280638112, 0.000386513274861, 0.00025996909244, 0.000192683277419, 0.000244136434048, 0.000170724655618, 7.72028870415e-05, 8.79004583112e-05, 4.68782636744e-05, 3.98595220759e-05, 4.36403388449e-05, 3.13335403916e-05, 2.21718419198e-05, 1.68748683791e-05, 1.63126242114e-05, 1.30657817863e-05, 1.26578697746e-05, 1.20719387269e-05, 1.39491276059e-05, 9.06337754714e-06, 6.68817892802e-06, 4.00108910981e-06, 3.68721589439e-06, 3.66346807823e-06, 3.71041005565e-06, 3.08019821205e-06, 3.34501646648e-06, 2.28122257795e-06, 2.37987251239e-06, 1.93377672986e-06, 1.62076344168e-06, 1.7262577785e-06], "dvar": [9.45991178014e-06, 1.97748031496e-05, 7.99900021775e-07, 6.81977155637e-07, 9.1053330209e-08, 1.8099072463e-07, 1.47619118707e-07, 1.1634337227e-07, 1.30081488692e-07, 2.77168993534e-07, 1.82160860618e-07, 1.20741503906e-07, 1.52246187213e-07, 7.66844721056e-08, 1.81232913121e-08, 1.75484409226e-08, 3.90275900486e-09, 3.53163742695e-09, 3.32618843579e-09, 1.10242903695e-09, 4.50810666575e-10, 2.89947871268e-10, 3.17258552762e-10, 1.74311093337e-10, 1.42693967753e-10, 1.75380807099e-10, 2.09733161394e-10, 1.67201641421e-10, 5.03893246573e-11, 2.91599452917e-11, 2.37825367039e-11, 2.19811703561e-11, 3.10284124783e-11, 2.93895671688e-11, 4.65729642352e-11, 2.01084045248e-11, 1.0171754064e-11, 6.08964875054e-12, 5.53195683706e-12, 7.67548784947e-12], "dvar2": [2.23919869313e-05, 4.49033541372e-05, 2.27401619668e-06, 1.94642325368e-06, 2.30871464169e-07, 4.75706826819e-07, 3.76993824602e-07, 2.99223955835e-07, 3.39354471635e-07, 6.25208599558e-07, 4.36720256403e-07, 3.22855299828e-07, 4.03595521448e-07, 1.89841486531e-07, 4.40530527612e-08, 4.46486154715e-08, 9.42769506906e-09, 8.01630850589e-09, 8.17288015043e-09, 3.10960723837e-09, 1.1984500059e-09, 7.3623956931e-10, 7.63231366996e-10, 4.07819472636e-10, 3.48546552731e-10, 4.25310064944e-10, 5.34139454889e-10, 4.01922189974e-10, 1.33295596783e-10, 6.98202815008e-11, 5.18291694285e-11, 5.2394141109e-11, 7.8583875518e-11, 6.22021045782e-11, 1.07392976456e-10, 4.11152119295e-11, 2.35556400774e-11, 1.32484865092e-11, 1.23126682461e-11, 1.76181673417e-11], "max": [0.0302895270288, 0.0464448705316, 0.0108940387145, 0.0117991734296, 0.00800216663629, 0.00784482434392, 0.0150807537138, 0.00767082348466, 0.00896345637739, 0.0138865280896, 0.016159908846, 0.00841037742794, 0.0108658662066, 0.00859255436808, 0.00336078298278, 0.00392284989357, 0.00176969519816, 0.00169187469874, 0.00199455022812, 0.000920229125768, 0.000366243824828, 0.000509444798809, 0.000627206347417, 0.000374450843083, 0.0002854654158, 0.000379312696168, 0.000401333236368, 0.000500454159919, 0.00017217900313, 0.000149857543875, 0.00011748464749, 0.000114576985652, 0.00013557379134, 0.000208285360713, 0.000368090084521, 0.000190042323084, 7.62352356105e-05, 5.18469096278e-05, 7.03493205947e-05, 6.76037670928e-05], "mean": [0.00307187996805, 0.00368160638027, 0.00116069125943, 0.000599441758823, 0.000353095674654, 0.000398608332034, 0.000226928677876, 0.000268702424364, 0.000220568093937, 0.000428031518823, 0.000295437173918, 0.000206193843042, 0.000268976029474, 0.000191700062715, 8.65161055117e-05, 0.000103007936559, 5.05458447151e-05, 4.27482373198e-05, 4.40178482677e-05, 2.96014677588e-05, 2.40272420342e-05, 2.08760302485e-05, 2.00809699891e-05, 1.63213662745e-05, 1.59565988724e-05, 1.69202157849e-05, 1.71229676198e-05, 1.21757548186e-05, 8.60200361785e-06, 5.5693953982e-06, 5.61697015655e-06, 5.87488148085e-06, 5.45649254491e-06, 4.4738503675e-06, 3.9060587369e-06, 3.02659373119e-06, 2.88429964712e-06, 2.30540081247e-06, 1.94787230612e-06, 1.94686504074e-06], "median": [0.00189692107961, 0.00244300765917, 0.000946551503148, 0.000352515955456, 0.000235234809224, 0.000225393072469, 9.68416861724e-05, 0.000113197027531, 7.85933953011e-05, 0.000142862030771, 0.000113342757686, 6.57194686937e-05, 8.2336991909e-05, 5.92980395595e-05, 2.25445510296e-05, 3.27871603076e-05, 2.24859595619e-05, 2.01180846489e-05, 2.16664539039e-05, 1.69533923327e-05, 1.45595167851e-05, 1.32518989631e-05, 1.2852193322e-05, 1.13895985123e-05, 1.10704277176e-05, 1.02629546745e-05, 1.05838835225e-05, 6.30183012618e-06, 4.36536265624e-06, 2.32789716392e-06, 2.22539620154e-06, 2.45071760219e-06, 1.8013204226e-06, 1.35864229378e-06, 1.18006369121e-06, 1.12922054996e-06, 9.82534402283e-07, 1.00862132513e-06, 1.07363962343e-06, 1.08829385681e-06], "min": [6.37284950486e-24, 6.59288923817e-24, 1.17705178362e-23, 5.03460811587e-24, 4.4628421262e-24, 6.97233054472e-24, 1.28628606314e-23, 6.41445126799e-24, 8.31983671061e-24, 9.42242128695e-24, 9.94859308845e-24, 1.08632236655e-23, 1.18353495808e-23, 7.3269258882e-24, 1.30340205708e-23, 8.2566126645e-24, 9.49341640183e-24, 1.27744245907e-23, 1.16518400239e-23, 1.0819153951e-23, 1.55813297422e-23, 1.79403441263e-23, 7.82694142867e-24, 1.23256747539e-23, 1.16591811634e-23, 9.83873237448e-24, 2.12893111044e-23, 1.30844863695e-23, 1.19086978678e-23, 9.89996770225e-24, 1.00418293477e-23, 8.17127448063e-24, 7.63941735858e-24, 1.3542862676e-23, 1.22841112505e-23, 1.19702731946e-23, 6.1485724052e-24, 9.59929889025e-24, 1.10607149931e-23, 1.09806558664e-23], "var": [1.59397804964e-05, 2.64102527581e-05, 1.20554398109e-06, 7.05572233528e-07, 1.77031523663e-07, 2.61155946646e-07, 2.22824169782e-07, 2.09204401358e-07, 1.94003519027e-07, 7.08527522875e-07, 3.59592633004e-07, 2.55297834428e-07, 3.51173355284e-07, 1.80109381631e-07, 4.81462265611e-08, 5.68012126223e-08, 8.44580849702e-09, 8.20763190745e-09, 7.17790582527e-09, 1.91433424668e-09, 9.60069912459e-10, 7.63198337861e-10, 7.92597654176e-10, 3.82330972437e-10, 3.5287439637e-10, 5.94246818419e-10, 5.36295730047e-10, 4.20242007859e-10, 1.61564983614e-10, 8.41706218613e-11, 8.4482996987e-11, 8.4458474936e-11, 1.03671862761e-10, 8.25133364413e-11, 7.22022788779e-11, 3.68616283331e-11, 2.56975465213e-11, 1.43752379791e-11, 9.90070438828e-12, 1.01204843117e-11]}, "mfcc": {"mean": [-628.947937012, 108.335662842, 8.1466550827, 19.7490711212, 5.74789428711, 5.05239534378, 10.2525691986, 9.22942066193, 4.35816240311, 5.28138923645, 0.258152008057, -3.4902305603, 2.33070755005], "cov": [[15202.0029297, 1088.5480957, -424.88861084, 88.3550262451, -179.65296936, 388.957611084, 347.482391357, 278.801971436, -46.1670341492, -61.1929550171, 68.4279785156, 155.647842407, -80.572013855], [1088.5480957, 1296.98132324, -224.372695923, 34.9093017578, -58.0060958862, 8.58857631683, 75.7959365845, 50.198009491, -20.9888095856, 15.9481897354, 16.5787258148, -66.6890563965, 80.6495132446], [-424.88861084, -224.372695923, 478.463806152, -17.7865047455, 20.4603233337, 23.0057907104, -23.1209144592, 2.37025952339, 51.0670509338, 20.6377162933, -4.13638687134, 19.8301029205, -10.1597337723], [88.3550262451, 34.9093017578, -17.7865047455, 311.686096191, 75.2395019531, -17.5646133423, -53.7379264832, 4.85039949417, 42.7337722778, 18.6120147705, -24.1480178833, 21.7105331421, 7.92054510117], [-179.65296936, -58.0060958862, 20.4603233337, 75.2395019531, 321.865783691, -15.0887880325, -34.2166175842, -19.4407730103, 63.3244514465, 3.4495112896, -20.6259040833, 20.6836566925, 3.88680171967], [388.957611084, 8.58857631683, 23.0057907104, -17.5646133423, -15.0887880325, 170.451034546, 36.4607810974, 31.2540569305, -21.9130802155, -1.68031358719, 12.3690481186, 9.84091281891, 4.78559923172], [347.482391357, 75.7959365845, -23.1209144592, -53.7379264832, -34.2166175842, 36.4607810974, 171.658599854, 52.9357833862, -28.9341220856, -3.083953619, 22.2058792114, 1.16733288765, 5.70273685455], [278.801971436, 50.198009491, 2.37025952339, 4.85039949417, -19.4407730103, 31.2540569305, 52.9357833862, 114.267234802, 18.6728248596, -10.6530752182, -2.01237177849, 5.71845388412, 8.649559021], [-46.1670341492, -20.9888095856, 51.0670509338, 42.7337722778, 63.3244514465, -21.9130802155, -28.9341220856, 18.6728248596, 126.693649292, 34.3166999817, -5.16594362259, 6.08740091324, -7.6879734993], [-61.1929550171, 15.9481897354, 20.6377162933, 18.6120147705, 3.4495112896, -1.68031358719, -3.083953619, -10.6530752182, 34.3166999817, 109.435829163, 31.6868286133, -12.0706586838, -6.66190290451], [68.4279785156, 16.5787258148, -4.13638687134, -24.1480178833, -20.6259040833, 12.3690481186, 22.2058792114, -2.01237177849, -5.16594362259, 31.6868286133, 81.8056869507, 19.3159255981, -7.36496591568], [155.647842407, -66.6890563965, 19.8301029205, 21.7105331421, 20.6836566925, 9.84091281891, 1.16733288765, 5.71845388412, 6.08740091324, -12.0706586838, 19.3159255981, 93.8764877319, 12.760840416], [-80.572013855, 80.6495132446, -10.1597337723, 7.92054510117, 3.88680171967, 4.78559923172, 5.70273685455, 8.649559021, -7.6879734993, -6.66190290451, -7.36496591568, 12.760840416, 83.3942337036]], "icov": [[8.42685549287e-05, -7.60387483751e-05, 5.73980578338e-05, -2.67919385806e-05, 3.49538640876e-05, -0.000163634977071, -9.011610382e-05, -7.80385380494e-05, -2.92854165309e-05, 1.92352963495e-05, 5.95384080952e-05, -0.000222757764277, 0.000224688716116], [-7.60387483751e-05, 0.00105932960287, 0.000338821671903, -0.000192406849237, 7.88342367741e-05, 0.000128926796606, -0.000210668848013, -0.000157203467097, -0.000110187669634, -2.06033582799e-05, -0.000510684913024, 0.00111176189966, -0.00124576420058], [5.73980578338e-05, 0.000338821671903, 0.00248445151374, 0.000267962488579, 0.000104604958324, -0.000587744056247, 9.81817793217e-05, -6.50157307973e-05, -0.000990533735603, -0.000396499264752, 0.000377627962735, -0.000466519908514, 1.56387486641e-05], [-2.67919385806e-05, -0.000192406849237, 0.000267962488579, 0.00396006647497, -0.000646047759801, 0.000177723908564, 0.00121553381905, -0.000719384348486, -0.000292597978842, -0.00120792468078, 0.00148074980825, -0.00135920057073, 4.34090325143e-05], [3.49538640876e-05, 7.88342367741e-05, 0.000104604958324, -0.000646047759801, 0.00380714004859, -0.00025285576703, -0.000263498106506, 0.00118235952687, -0.00204684981145, 0.000427783525083, 0.000714824243914, -0.00068480084883, -0.000222516275244], [-0.000163634977071, 0.000128926796606, -0.000587744056247, 0.000177723908564, -0.00025285576703, 0.00698902830482, -0.000365243031411, -0.00173614395317, 0.00172676576767, -0.000485453230795, -0.000653993512969, -9.55098803388e-05, -0.000478234083857], [-9.011610382e-05, -0.000210668848013, 9.81817793217e-05, 0.00121553381905, -0.000263498106506, -0.000365243031411, 0.00828428380191, -0.00394965941086, 0.00212310720235, -0.000620749022346, -0.00151994812768, 4.13328198192e-05, -0.000104847538751], [-7.80385380494e-05, -0.000157203467097, -6.50157307973e-05, -0.000719384348486, 0.00118235952687, -0.00173614395317, -0.00394965941086, 0.0124987177551, -0.00403835391626, 0.00216755457222, 0.000651663693134, -5.34953651368e-05, -0.00097810360603], [-2.92854165309e-05, -0.000110187669634, -0.000990533735603, -0.000292597978842, -0.00204684981145, 0.00172676576767, 0.00212310720235, -0.00403835391626, 0.0120668867603, -0.00416489271447, 0.00118555116933, -0.00100094382651, 0.00129294011276], [1.92352963495e-05, -2.06033582799e-05, -0.000396499264752, -0.00120792468078, 0.000427783525083, -0.000485453230795, -0.000620749022346, 0.00216755457222, -0.00416489271447, 0.0130403386429, -0.00615179352462, 0.00342665053904, -0.000479387788801], [5.95384080952e-05, -0.000510684913024, 0.000377627962735, 0.00148074980825, 0.000714824243914, -0.000653993512969, -0.00151994812768, 0.000651663693134, 0.00118555116933, -0.00615179352462, 0.0175005346537, -0.00580879347399, 0.00254960381426], [-0.000222757764277, 0.00111176189966, -0.000466519908514, -0.00135920057073, -0.00068480084883, -9.55098803388e-05, 4.13328198192e-05, -5.34953651368e-05, -0.00100094382651, 0.00342665053904, -0.00580879347399, 0.014597479254, -0.00374323641881], [0.000224688716116, -0.00124576420058, 1.56387486641e-05, 4.34090325143e-05, -0.000222516275244, -0.000478234083857, -0.000104847538751, -0.00097810360603, 0.00129294011276, -0.000479387788801, 0.00254960381426, -0.00374323641881, 0.0144361490384]]}, "spectral_contrast_coeffs": {"dmean": [0.0430941544473, 0.0486667305231, 0.0434406474233, 0.0336748622358, 0.0230073258281, 0.0174696166068], "dmean2": [0.0705144032836, 0.0784566476941, 0.0691769272089, 0.0544663071632, 0.0375850908458, 0.027464132756], "dvar": [0.00139401410706, 0.0016179101076, 0.00124919146765, 0.000751844432671, 0.000369357323507, 0.000258036452578], "dvar2": [0.00365258916281, 0.0040154340677, 0.00312389503233, 0.00191833556164, 0.000963025959209, 0.000548272859305], "max": [-0.379115700722, -0.391863584518, -0.400130599737, -0.497192174196, -0.544432163239, -0.56445646286], "mean": [-0.678135454655, -0.711914241314, -0.714616298676, -0.75379961729, -0.768668413162, -0.780970454216], "median": [-0.67782407999, -0.711833536625, -0.719004154205, -0.754971206188, -0.77290302515, -0.781118035316], "min": [-0.973408281803, -0.973521411419, -0.967507064342, -0.961224853992, -0.961729764938, -0.957216620445], "var": [0.00571877323091, 0.00711518665776, 0.00758830690756, 0.00423640944064, 0.00308452174067, 0.00276279007085]}, "spectral_contrast_valleys": {"dmean": [0.316687583923, 0.367775380611, 0.332293957472, 0.27549752593, 0.227123528719, 0.29555028677], "dmean2": [0.527940630913, 0.589985013008, 0.517812371254, 0.423304378986, 0.338180214167, 0.386113852262], "dvar": [0.0847037732601, 0.107083722949, 0.0911939740181, 0.0692737847567, 0.0608188360929, 0.130942597985], "dvar2": [0.208206132054, 0.242750957608, 0.197533234954, 0.136027440429, 0.116701886058, 0.233716338873], "max": [-5.21756887436, -4.81884431839, -4.94371509552, -5.86453580856, -5.89859056473, 