{"lowlevel": {"average_loudness": 0.962117731571, "barkbands_crest": {"dmean": 2.57769179344, "dmean2": 4.17627429962, "dvar": 6.64247655869, "dvar2": 17.0324611664, "max": 24.7476673126, "mean": 11.0238647461, "median": 10.4122009277, "min": 2.42603850365, "var": 17.0885620117}, "barkbands_flatness_db": {"dmean": 0.0221551470459, "dmean2": 0.0353676229715, "dvar": 0.000627588189673, "dvar2": 0.00151311128866, "max": 0.45040628314, "mean": 0.12687715888, "median": 0.113379336894, "min": 0.0244529787451, "var": 0.00288963923231}, "barkbands_kurtosis": {"dmean": 4.50367927551, "dmean2": 7.05073976517, "dvar": 153.019439697, "dvar2": 288.829620361, "max": 398.810028076, "mean": 6.84415388107, "median": 2.73423075676, "min": -1.9022872448, "var": 428.208465576}, "barkbands_skewness": {"dmean": 0.639831542969, "dmean2": 1.00438547134, "dvar": 0.660819530487, "dvar2": 1.50162291527, "max": 16.7695426941, "mean": 1.88004314899, "median": 1.76484966278, "min": -2.87986636162, "var": 3.04256248474}, "barkbands_spread": {"dmean": 6.1063709259, "dmean2": 9.74422073364, "dvar": 50.1960372925, "dvar2": 121.841888428, "max": 130.841949463, "mean": 24.571647644, "median": 23.7491397858, "min": 0.591638028622, "var": 188.685211182}, "dissonance": {"dmean": 0.0129116754979, "dmean2": 0.0214185602963, "dvar": 0.000167290156242, "dvar2": 0.000451348372735, "max": 0.499999672174, "mean": 0.471737891436, "median": 0.477045357227, "min": 0.308316886425, "var": 0.000439976080088}, "dynamic_complexity": 3.13041448593, "erbbands_crest": {"dmean": 2.32535839081, "dmean2": 3.77315473557, "dvar": 5.41786670685, "dvar2": 14.059091568, "max": 28.5798969269, "mean": 8.09290218353, "median": 7.12366390228, "min": 2.44183468819, "var": 15.6560297012}, "erbbands_flatness_db": {"dmean": 0.0125917764381, "dmean2": 0.0186668075621, "dvar": 0.000169861625182, "dvar2": 0.000332791765686, "max": 0.298080056906, "mean": 0.125223949552, "median": 0.116757497191, "min": 0.0469880290329, "var": 0.00124139152467}, "erbbands_kurtosis": {"dmean": 0.597459256649, "dmean2": 0.925091087818, "dvar": 0.486815392971, "dvar2": 1.08638811111, "max": 18.1031570435, "mean": 0.10536339879, "median": -0.199089646339, "min": -1.81389129162, "var": 1.69189751148}, "erbbands_skewness": {"dmean": 0.261405467987, "dmean2": 0.398199528456, "dvar": 0.0590615496039, "dvar2": 0.135798081756, "max": 3.87321734428, "mean": -0.0239768587053, "median": -0.0646402984858, "min": -2.11953902245, "var": 0.397253245115}, "erbbands_spread": {"dmean": 9.36708831787, "dmean2": 14.286989212, "dvar": 111.070075989, "dvar2": 242.539993286, "max": 163.974533081, "mean": 45.4597015381, "median": 41.653503418, "min": 6.60600709915, "var": 453.993011475}, "hfc": {"dmean": 6.16904497147, "dmean2": 9.37476634979, "dvar": 99.0304946899, "dvar2": 225.92906189, "max": 103.877304077, "mean": 23.076385498, "median": 18.2083129883, "min": 1.05341920847e-16, "var": 310.004394531}, "melbands_crest": {"dmean": 3.72246479988, "dmean2": 5.76123809814, "dvar": 12.597571373, "dvar2": 29.7148036957, "max": 38.9470367432, "mean": 16.9839935303, "median": 16.1023674011, "min": 1.57029259205, "var": 50.5301971436}, "melbands_flatness_db": {"dmean": 0.0276127550751, "dmean2": 0.0439826399088, "dvar": 0.00097224797355, "dvar2": 0.00235368334688, "max": 0.537155151367, "mean": 0.199620559812, "median": 0.19035577774, "min": 0.00355918821879, "var": 0.00575510878116}, "melbands_kurtosis": {"dmean": 17.1128692627, "dmean2": 25.4475822449, "dvar": 5569.13378906, "dvar2": 9420.17578125, "max": 3657.82836914, "mean": 28.7059364319, "median": 13.0666828156, "min": -1.49561071396, "var": 14395.6894531}, "melbands_skewness": {"dmean": 1.04095113277, "dmean2": 1.59562933445, "dvar": 2.34105110168, "dvar2": 4.69358444214, "max": 52.1950645447, "mean": 3.63870596886, "median": 3.29449272156, "min": -0.281943291426, "var": 9.63397979736}, "melbands_spread": {"dmean": 6.56236982346, "dmean2": 10.5456285477, "dvar": 65.1425552368, "dvar2": 151.530807495, "max": 196.457244873, "mean": 25.4377727509, "median": 18.5003795624, "min": 0.180270180106, "var": 780.075622559}, "pitch_salience": {"dmean": 0.0793066993356, "dmean2": 0.130598708987, "dvar": 0.00646636262536, "dvar2": 0.0175349134952, "max": 0.899435937405, "mean": 0.497151434422, "median": 0.500951528549, "min": 0.0188996363431, "var": 0.0190294440836}, "silence_rate_20dB": {"dmean": 0, "dmean2": 0, "dvar": 0, "dvar2": 0, "max": 1, "mean": 1, "median": 1, "min": 1, "var": 0}, "silence_rate_30dB": {"dmean": 0.0269513837993, "dmean2": 0.0539083555341, "dvar": 0.0262286197394, "dvar2": 0.0721576437354, "max": 1, "mean": 0.983519911766, "median": 1, "min": 0, "var": 0.0162105858326}, "silence_rate_60dB": {"dmean": 0.00704882340506, "dmean2": 0.0140991080552, "dvar": 0.00699930079281, "dvar2": 0.0168026629835, "max": 1, "mean": 0.0864427834749, "median": 0, "min": 0, "var": 0.0789713859558}, "spectral_centroid": {"dmean": 254.30355835, "dmean2": 411.752410889, "dvar": 101042.085938, "dvar2": 254197.359375, "max": 11946.46875, "mean": 1643.54968262, "median": 1442.63122559, "min": 180.733444214, "var": 1690080}, "spectral_complexity": {"dmean": 3.92038965225, "dmean2": 6.15384626389, "dvar": 21.721698761, "dvar2": 45.5490493774, "max": 56, "mean": 22.1662521362, "median": 22, "min": 0, "var": 120.283622742}, "spectral_decrease": {"dmean": 4.21008161666e-09, "dmean2": 6.7607794918e-09, "dvar": 3.64579590285e-17, "dvar2": 9.27526289709e-17, "max": 9.19108039527e-17, "mean": -1.08581224012e-08, "median": -9.57562029669e-09, "min": -5.31225055056e-08, "var": 5.86602476756e-17}, "spectral_energy": {"dmean": 0.0162301305681, "dmean2": 0.0259665716439, "dvar": 0.000535373343155, "dvar2": 0.00135468656663, "max": 0.203703030944, "mean": 0.0430741682649, "median": 0.0383405461907, "min": 1.00304817729e-20, "var": 0.000880791107193}, "spectral_energyband_high": {"dmean": 0.000554857833777, "dmean2": 0.000865827605594, "dvar": 1.21412904264e-06, "dvar2": 2.91902301797e-06, "max": 0.0116774700582, "mean": 0.0011771498248, "median": 0.000596858677454, "min": 7.02025277817e-21, "var": 2.22391258831e-06}, "spectral_energyband_low": {"dmean": 0.012563733384, "dmean2": 0.0205688513815, "dvar": 0.000449866609415, "dvar2": 0.00117996230256, "max": 0.192974299192, "mean": 0.0249418858439, "median": 0.0168454237282, "min": 9.21174493815e-24, "var": 0.000652927323245}, "spectral_energyband_middle_high": {"dmean": 0.00146125082392, "dmean2": 0.00223026238382, "dvar": 4.11588371207e-06, "dvar2": 8.77044294612e-06, "max": 0.0403099954128, "mean": 0.00591983180493, "median": 0.00378730846569, "min": 1.208682834e-21, "var": 3.90332534153e-05}, "spectral_energyband_middle_low": {"dmean": 0.00606010155752, "dmean2": 0.00944309867918, "dvar": 0.000176637651748, "dvar2": 0.000420361116994, "max": 0.137188583612, "mean": 0.012319480069, "median": 0.00814056769013, "min": 1.23898695722e-22, "var": 0.000221170965233}, "spectral_entropy": {"dmean": 0.116750210524, "dmean2": 0.178050234914, "dvar": 0.0200550071895, "dvar2": 0.0445858351886, "max": 9.82258987427, "mean": 7.86330795288, "median": 7.89324617386, "min": 5.82018041611, "var": 0.198359906673}, "spectral_flux": {"dmean": 0.038273062557, "dmean2": 0.0606537647545, "dvar": 0.00246784440242, "dvar2": 0.00481085153297, "max": 0.396515309811, "mean": 0.0960589274764, "median": 0.0771183073521, "min": 6.40146893827e-11, "var": 0.00455342512578}, "spectral_kurtosis": {"dmean": 1.0483058691, "dmean2": 1.73654615879, "dvar": 2.33295822144, "dvar2": 6.22639751434, "max": 27.8315410614, "mean": 3.47847867012, "median": 3.00413131714, "min": -1.26279354095, "var": 7.26245260239}, "spectral_rms": {"dmean": 0.00108601769898, "dmean2": 0.00168637279421, "dvar": 1.88024114323e-06, "dvar2": 4.46419289801e-06, "max": 0.0140973282978, "mean": 0.00597259961069, "median": 0.00611599627882, "min": 3.1282320484e-12, "var": 6.35128799331e-06}, "spectral_rolloff": {"dmean": 446.614349365, "dmean2": 755.541503906, "dvar": 481382.65625, "dvar2": 1123148.5, "max": 19659.8144531, "mean": 1782.98486328, "median": 882.861328125, "min": 43.06640625, "var": 12462249}, "spectral_skewness": {"dmean": 0.176312014461, "dmean2": 0.282176941633, "dvar": 0.0445391908288, "dvar2": 0.109898753464, "max": 4.2227730751, "mean": 1.36188364029, "median": 1.33744931221, "min": -0.0973996073008, "var": 0.193710535765}, "spectral_spread": {"dmean": 425551.4375, "dmean2": 611993.9375, "dvar": 403755892736, "dvar2": 682625400832, "max": 42643108, "mean": 5578783.5, "median": 5016851, "min": 1566101.375, "var": 19445103722500.0}, "spectral_strongpeak": {"dmean": 0.391039729118, "dmean2": 0.675100624561, "dvar": 0.687224626541, "dvar2": 1.59477102757, "max": 10.1193799973, "mean": 0.663420379162, "median": 0.311574101448, "min": 0, "var": 1.27385568619}, "zerocrossingrate": {"dmean": 0.00964075792581, "dmean2": 0.0115112578496, "dvar": 9.72256457317e-05, "dvar2": 0.000128088548081, "max": 0.5791015625, "mean": 0.0721277669072, "median": 0.052734375, "min": 0.001953125, "var": 0.00908265542239}, "barkbands": {"dmean": [0.00185106729623, 0.00982210412621, 0.00349144916981, 0.00293015222996, 0.00299219228327, 0.000624546548352, 0.000510249868967, 0.000273197540082, 0.000561525113881, 0.000529381155502, 0.000251117598964, 0.000240496898186, 0.000356488308171, 0.000346987537341, 0.000491432496347, 0.000157295638928, 0.00017291396216, 0.000136199872941, 0.000129040447064, 0.000142137010698, 0.000191498416825, 0.00014893693151, 9.72962807282e-05, 6.91524110152e-05, 4.14242240367e-05, 1.8205082597e-05, 4.65526727567e-06], "dmean2": [0.00266950554214, 0.0162703841925, 0.00626626703888, 0.00486634112895, 0.0050590140745, 0.000997890601866, 0.000730362546165, 0.00040852453094, 0.000771720777266, 0.000739669427276, 0.000348701694747, 0.000380692625185, 0.000563774025068, 0.000524227216374, 0.000812822720036, 0.000260645058006, 0.00029095375794, 0.000225980518735, 0.000217390639591, 0.000234040431678, 0.000325449946104, 0.00024467689218, 0.00015067156346, 9.93257490336e-05, 5.82662287343e-05, 2.83068548015e-05, 8.1916423369e-06], "dvar": [9.39064193517e-06, 0.000307901937049, 5.56944032724e-05, 5.12570586579e-05, 6.48990462651e-05, 1.63928564234e-06, 7.06619857738e-07, 2.62980137222e-07, 1.54831298005e-06, 1.86280158232e-06, 3.9481332692e-07, 3.02792130924e-07, 6.63148512103e-07, 7.09917799213e-07, 9.62990384323e-07, 4.69694327876e-08, 4.83189950273e-08, 3.78330682338e-08, 4.05451068275e-08, 8.31640463161e-08, 1.61925925113e-07, 8.73750281016e-08, 3.17614698986e-08, 1.24384991196e-08, 5.25539789464e-09, 1.4018980421e-09, 1.01829940313e-10], "dvar2": [1.90225582628e-05, 0.000824787595775, 0.000160013179993, 0.000126449085656, 0.000172464511706, 4.2726646825e-06, 1.2966261238e-06, 5.3292251323e-07, 2.7631103876e-06, 3.34879882757e-06, 6.58426074551e-07, 7.06397827344e-07, 1.34680112751e-06, 1.49472418798e-06, 2.52228642239e-06, 1.2116919379e-07, 1.32897426397e-07, 9.26750587382e-08, 1.07289501727e-07, 2.1380380133e-07, 4.31961325376e-07, 2.2891954643e-07, 7.33743803494e-08, 2.23685212575e-08, 1.06737818584e-08, 3.56299745263e-09, 2.93745611168e-10], "max": [0.0372459515929, 0.162759006023, 0.0684569552541, 0.0642176121473, 0.0910258516669, 0.0235771518201, 0.0336457788944, 0.0121524026617, 0.0263054333627, 0.0343633368611, 0.0181734096259, 0.0158850885928, 0.0239645335823, 0.0250411480665, 0.0194530095905, 0.00386738777161, 0.00485233217478, 0.00564781296998, 0.00594189343974, 0.00388325960375, 0.00440917676315, 0.0035170535557, 0.00196443242021, 0.00143284839578, 0.00113224994857, 0.000592364405748, 0.000107552063128], "mean": [0.00270753493533, 0.0161514095962, 0.00506335915998, 0.0033118983265, 0.00399919506162, 0.00129303219728, 0.00120962271467, 0.00059305364266, 0.00136529956944, 0.00142342282925, 0.000560170446988, 0.000507353805006, 0.000658303033561, 0.000751770974603, 0.000841676897835, 0.000329807488015, 0.000398964708438, 0.000333712989232, 0.000283677887637, 0.000261484587099, 0.000285513931885, 0.000247193645919, 0.00019921992498, 0.0001656376553, 9.08905421966e-05, 3.41935992765e-05, 6.79453933117e-06], "median": [0.000558600295335, 0.00965410098433, 0.00293627218343, 0.00133164366707, 0.00123054266442, 0.000591378891841, 0.000683302874677, 0.000265443843091, 0.000407564395573, 0.000258168933215, 0.000123447956867, 0.000172940955963, 0.000240630586632, 0.000211494771065, 0.000350817863364, 0.000253957987297, 0.000359494268196, 0.00027385255089, 0.000239381857682, 0.0001516459306, 0.000116612107377, 0.000115824659588, 9.17512588785e-05, 9.32079710765e-05, 4.58858594357e-05, 1.31188453452e-05, 3.37451319865e-06], "min": [2.91446929409e-25, 1.52808707672e-24, 1.29074920148e-24, 1.49438023353e-24, 7.66621338581e-24, 7.30394479231e-24, 3.05872809061e-24, 6.2528783551e-24, 1.06158826396e-23, 8.01997648103e-24, 1.36887199019e-23, 2.79635476792e-23, 1.94075733452e-23, 2.96932482762e-23, 4.69347468374e-23, 6.57276634311e-23, 6.96535464773e-23, 6.31417268967e-23, 1.14789396995e-22, 1.6985665921e-22, 2.40194589854e-22, 2.70680618096e-22, 3.12658292379e-22, 4.93826421797e-22, 8.42530255425e-22, 1.22896178467e-21, 2.01133691535e-21], "var": [1.89639522432e-05, 0.000394050992327, 4.65630728286e-05, 4.63033793494e-05, 6.16406396148e-05, 3.56178725269e-06, 2.98235386254e-06, 1.03919774119e-06, 7.23608445696e-06, 1.13398300527e-05, 2.12925897358e-06, 1.26231225295e-06, 2.74179615189e-06, 3.68570567844e-06, 2.03315153158e-06, 9.80729168987e-08, 1.06904785468e-07, 1.12641878047e-07, 7.31051983394e-08, 1.16741603051e-07, 1.91186856568e-07, 1.1638029207e-07, 6.77648586134e-08, 3.99278228258e-08, 1.40345255417e-08, 2.35701946849e-09, 1.18423215678e-10]}, "erbbands": {"dmean": [0.373615980148, 2.19025373459, 4.4458193779, 5.62602949142, 14.0339584351, 7.67607736588, 5.27301454544, 4.60790205002, 7.33361244202, 5.9438867569, 7.22162342072, 14.3130960464, 13.8353490829, 13.150677681, 9.36029243469, 11.3880157471, 16.8334999084, 15.8378868103, 25.6018848419, 17.4920082092, 8.29947662354, 8.51311779022, 7.27855157852, 6.62003898621, 6.55769252777, 6.64623355865, 7.38299942017, 7.95270633698, 5.63723039627, 3.85844087601, 2.75557279587, 1.7305598259, 1.08692455292, 0.571224451065, 0.246001169086, 0.098358027637, 0.0293370056897, 0.0074904859066, 0.000864474277478, 4.41132979176e-05], "dmean2": [0.574708580971, 3.85518598557, 7.97822189331, 9.54100894928, 23.2397766113, 13.3850307465, 8.79894065857, 7.31083059311, 10.4751091003, 8.9487991333, 10.16157341, 19.483707428, 19.0216388702, 18.5990333557, 12.8279972076, 17.8661670685, 26.5974941254, 23.8601055145, 41.0999984741, 29.3782787323, 13.9238529205, 14.2915973663, 12.0433168411, 10.923666954, 11.2927789688, 11.0810375214, 12.3490962982, 13.7287034988, 9.20483112335, 6.31226205826, 4.18623065948, 2.63738417625, 1.52937889099, 0.795903325081, 0.361321479082, 0.151491329074, 0.0458598472178, 0.0125308902934, 0.00152460683603, 7.45126380934e-05], "dvar": [0.357139438391, 21.7371006012, 91.0709381104, 119.249206543, 1554.15405273, 369.988494873, 145.097946167, 93.3759460449, 162.747512817, 106.682434082, 193.330413818, 1183.73425293, 1897.16821289, 1099.01342773, 429.027099609, 629.995178223, 1460.328125, 1309.27099609, 3636.52856445, 1042.47644043, 121.179824829, 105.438751221, 105.843734741, 120.470237732, 139.870574951, 180.766708374, 234.826217651, 274.665283203, 122.374923706, 57.9496040344, 24.8809700012, 8.11858081818, 3.11135697365, 0.953518688679, 0.192288443446, 0.0362576507032, 0.00345288822427, 0.000338543701218, 3.31094156536e-06, 4.623822214e-09], "dvar2": [0.759842216969, 61.9782752991, 260.860809326, 303.126190186, 3926.14379883, 1041.22460938, 392.097808838, 235.602966309, 295.599609375, 229.822006226, 355.157409668, 2111.66235352, 3436.34423828, 1982.08850098, 709.507202148, 1452.78515625, 2873.98022461, 2582.67382812, 9354.91015625, 2766.64990234, 317.194519043, 286.135528564, 260.603424072, 302.980102539, 386.122741699, 468.174591064, 590.150878906, 764.697021484, 320.706176758, 147.469421387, 55.1682739258, 17.1404209137, 5.37857341766, 1.84665584564, 0.428892463446, 0.0887743160129, 0.00891120359302, 0.000934147799853, 9.62689045991e-06, 1.33633726307e-08], "max": [5.92247390747, 37.7598571777, 73.9200439453, 88.8961105347, 426.838256836, 297.632507324, 169.930419922, 234.571731567, 486.352111816, 292.173492432, 334.646697998, 735.633605957, 1314.37634277, 1031.25634766, 625.537963867, 815.18737793, 1216.83813477, 1344.61352539, 1206.11450195, 605.259338379, 220.163116455, 270.299102783, 281.482116699, 506.004089355, 176.772415161, 172.365188599, 174.414886475, 166.817260742, 129.100234985, 97.8158340454, 55.1257514954, 28.6825199127, 20.8159427643, 14.5053710938, 6.44754266739, 3.88307714462, 0.702729463577, 0.230501487851, 0.017386412248, 0.000752093561459], "mean": [0.638812363148, 2.87713217735, 6.47204017639, 7.70945644379, 15.8386878967, 11.5170841217, 9.3973236084, 9.6257610321, 17.1051559448, 14.2215452194, 18.1790771484, 35.4925270081, 35.0774459839, 38.1941719055, 22.8699607849, 26.0486412048, 33.1114883423, 37.5184249878, 47.0900039673, 30.6206474304, 19.2476196289, 21.204782486, 18.7721767426, 16.6899204254, 13.2207984924, 12.2175912857, 11.8074903488, 11.0591516495, 9.01590538025, 7.07397890091, 5.69128465652, 3.98649811745, 2.48466897011, 1.24879384041, 0.521113395691, 0.197100117803, 0.0508646704257, 0.00957273691893, 0.00130727898795, 0.000108717133116], "median": [0.244550466537, 1.80058217049, 4.4616317749, 4.62699127197, 4.43511199951, 4.07404899597, 3.52124547958, 4.57009887695, 7.92201137543, 7.68213653564, 8.10179233551, 10.2809448242, 10.3545532227, 9.21960449219, 7.64351844788, 10.1331520081, 13.2119169235, 11.4198713303, 16.1029815674, 16.4722766876, 16.5410652161, 19.7266998291, 16.0325317383, 13.877822876, 10.5729818344, 7.09489536285, 4.86506271362, 4.41978549957, 4.09115600586, 3.31344938278, 2.69871497154, 2.12314748764, 1.3363468647, 0.647201597691, 0.260709017515, 0.0829574912786, 0.0180789474398, 0.00306927226484, 0.000664293416776, 8.97624413483e-05], "min": [8.07936256107e-23, 3.52918698512e-22, 1.31082408962e-21, 6.40147280847e-21, 4.42808966997e-21, 2.47580973451e-20, 3.05108864738e-20, 6.40705991267e-20, 5.75371130585e-20, 1.23536503503e-19, 1.98352960731e-19, 3.44834407526e-19, 5.65666634714e-19, 5.53710617839e-19, 8.2075657282e-19, 1.44881666566e-18, 1.56210473741e-18, 1.52115381702e-18, 2.60550622618e-18, 3.28670021397e-18, 3.99039082608e-18, 3.98530614685e-18, 3.57107394842e-18, 5.31393522726e-18, 6.13256982332e-18, 9.24695776914e-18, 9.93648808314e-18, 8.82110037438e-18, 1.13490875763e-17, 9.26438977337e-18, 9.45035320996e-18, 9.0729768709e-18, 9.54686781665e-18, 8.7926412254e-18, 6.54327285567e-18, 4.23154499391e-18, 2.43096698103e-18, 9.55070386674e-19, 2.55470570435e-19, 2.30187077691e-20], "var": [0.754150867462, 16.9077739716, 71.036529541, 114.99055481, 1359.32006836, 439.398956299, 251.861526489, 205.586654663, 695.921081543, 478.349975586, 859.244018555, 5344.81201172, 9441.30761719, 8244.76074219, 2306.28686523, 2874.52539062, 6596.71826172, 9285.07910156, 7991.88720703, 1839.70544434, 269.714874268, 269.689697266, 305.138793945, 280.466705322, 187.191482544, 251.564987183, 323.33782959, 291.381652832, 160.893005371, 89.7907104492, 54.8480377197, 23.802362442, 9.63377571106, 2.65226697922, 0.459254026413, 0.0710737630725, 0.00553640164435, 0.000328636611812, 3.96377117795e-06, 9.03569752353e-09]}, "gfcc": {"mean": [-13.8099136353, 77.8485870361, -103.614349365, 41.477519989, -44.6317100525, 22.1747055054, -30.4430160522, 11.6230382919, -14.7338924408, 2.42551779747, -13.1746301651, -1.52104067802, -10.0730247498], "cov": [[45989.9101562, 4356.22412109, -2077.17871094, 2105.49682617, -972.523071289, 1217.79138184, -873.852783203, 399.497955322, -519.068237305, -24.7738647461, -561.899414062, -166.266525269, -304.285736084], [4356.22412109, 1873.15246582, -389.324615479, 166.969024658, 142.236984253, 64.0276260376, -13.2199316025, 12.8175153732, 111.623733521, -84.9868164062, 58.0511283875, -85.9885559082, 54.1690597534], [-2077.17871094, -389.324615479, 537.196411133, 98.3075714111, 63.8499259949, 26.3336658478, 64.0593643188, 5.530128479, 18.4109687805, 20.9784927368, -14.0451192856, 31.3842391968, 7.14293384552], [2105.49682617, 166.969024658, 98.3075714111, 477.391113281, 7.54533290863, 80.8865127563, -48.2162437439, -13.7713785172, -12.3891353607, 4.14274501801, -38.9413566589, -15.6658706665, -2.30313968658], [-972.523071289, 142.236984253, 63.8499259949, 7.54533290863, 320.758483887, 6.63174676895, 78.9508590698, 29.0012722015, 90.3662338257, 4.19653320312, 57.3997688293, -1.76177036762, 24.9733276367], [1217.79138184, 64.0276260376, 26.3336658478, 80.8865127563, 6.63174676895, 200.767745972, 49.1237754822, 56.6943817139, 7.9827504158, 19.1391334534, -17.8133525848, -11.5624027252, -6.87550210953], [-873.852783203, -13.2199316025, 64.0593643188, -48.2162437439, 78.9508590698, 49.1237754822, 145.353149414, 42.5056381226, 50.2276382446, 2.40441036224, 22.2443981171, 3.99903702736, 20.0577068329], [399.497955322, 12.8175153732, 5.530128479, -13.7713785172, 29.0012722015, 56.6943817139, 42.5056381226, 122.009033203, 53.6338386536, 23.9894924164, 8.07618045807, 18.0865440369, 9.09502029419], [-519.068237305, 111.623733521, 18.4109687805, -12.3891353607, 90.3662338257, 7.9827504158, 50.2276382446, 53.6338386536, 132.871612549, 36.4981193542, 41.2302322388, 1.42484688759, 26.7959671021], [-24.7738647461, -84.9868164062, 20.9784927368, 4.14274501801, 4.19653320312, 19.1391334534, 2.40441036224, 23.9894924164, 36.4981193542, 74.8391418457, 26.9674034119, 16.4114894867, -2.82291078568], [-561.899414062, 58.0511283875, -14.0451192856, -38.9413566589, 57.3997688293, -17.8133525848, 22.2443981171, 8.07618045807, 41.2302322388, 26.9674034119, 91.0142745972, 29.3896484375, 10.0923185349], [-166.266525269, -85.9885559082, 31.3842391968, -15.6658706665, -1.76177036762, -11.5624027252, 3.99903702736, 18.0865440369, 1.42484688759, 16.4114894867, 29.3896484375, 63.498626709, 18.240688324], [-304.285736084, 54.1690597534, 7.14293384552, -2.30313968658, 24.9733276367, -6.87550210953, 20.0577068329, 9.09502029419, 26.7959671021, -2.82291078568, 10.0923185349, 18.240688324, 58.0474433899]], "icov": [[0.000113410205813, -0.000256316707237, 0.000340608967235, -0.000342356273904, 9.7534066299e-05, -0.000415243819589, 0.000321746629197, -0.000420996570028, 0.000374953466235, -0.000366863416275, 0.000677230942529, -0.000658387201838, 0.00054005056154], [-0.000256316707237, 0.00157260987908, -0.00010501791985, 0.000321835192153, -0.000349887443008, 0.000416690891143, -0.0002556865511, 0.000929194095079, -0.0018096488202, 0.00255128834397, -0.00274601718411, 0.00264469021931, -0.00203699991107], [0.000340608967235, -0.00010501791985, 0.00386446109042, -0.00190819671843, -0.000264583039097, -0.00137407600414, -0.000230757097597, -0.000461133837234, 0.000186986842891, -0.000807221222203, 0.00301241129637, -0.0034718089737, 0.00187694805209], [-0.000342356273904, 0.000321835192153, -0.00190819671843, 0.0039776340127, -0.000632574025076, -8.59637220856e-05, 0.000629936461337, 0.00192114780657, -0.00103395502083, 0.000350703776348, -0.000830575590953, 0.00169282197021, -0.00185224285815], [9.7534066299e-05, -0.000349887443008, -0.000264583039097, -0.000632574025076, 0.00476712873206, -9.90139742498e-05, -0.00112575397361, -0.000499368819874, -0.00168434798252, 0.00109518051613, -0.0020053202752, 0.000707045255695, 0.00020708811644], [-0.000415243819589, 0.000416690891143, -0.00137407600414, -8.59637220856e-05, -9.90139742498e-05, 0.00958027597517, -0.00471692718565, -0.00206071697176, 0.00140418368392, -0.00217149173841, -0.000987250241451, 0.00407239655033, -0.00113163830247], [0.000321746629197, -0.0002556865511, -0.000230757097597, 0.000629936461337, -0.00112575397361, -0.00471692718565, 0.0127887027338, -0.00266567477956, -0.00137789233122, 0.00244775018655, -0.000645560212433, -0.000132166183903, -0.0011882528197], [-0.000420996570028, 0.000929194095079, -0.000461133837234, 0.00192114780657, -0.000499368819874, -0.00206071697176, -0.00266567477956, 0.0154642835259, -0.0076216077432, 0.000844340887852, 0.00138675514609, -0.00453507713974, 0.000271203869488], [0.000374953466235, -0.0018096488202, 0.000186986842891, -0.00103395502083, -0.00168434798252, 0.00140418368392, -0.00137789233122, -0.0076216077432, 0.0188930947334, -0.00960084609687, -0.00130024319515, 0.00452550407499, -0.00423291092739], [-0.000366863416275, 0.00255128834397, -0.000807221222203, 0.000350703776348, 0.00109518051613, -0.00217149173841, 0.00244775018655, 0.000844340887852, -0.00960084609687, 0.0243717804551, -0.00858693849295, -0.000261077831965, 0.00129503011703], [0.000677230942529, -0.00274601718411, 0.00301241129637, -0.000830575590953, -0.0020053202752, -0.000987250241451, -0.000645560212433, 0.00138675514609, -0.00130024319515, -0.00858693849295, 0.0256048534065, -0.0158956702799, 0.00718644633889], [-0.000658387201838, 0.00264469021931, -0.0034718089737, 0.00169282197021, 0.000707045255695, 0.00407239655033, -0.000132166183903, -0.00453507713974, 0.00452550407499, -0.000261077831965, -0.0158956702799, 0.0332224182785, -0.0142682995647], [0.00054005056154, -0.00203699991107, 0.00187694805209, -0.00185224285815, 0.00020708811644, -0.00113163830247, -0.0011882528197, 0.000271203869488, -0.00423291092739, 0.00129503011703, 0.00718644633889, -0.0142682995647, 0.0270508099347]]}, "melbands": {"dmean": [0.00283372285776, 0.00249375891872, 0.00132154789753, 0.000772520841565, 0.000194461201318, 0.000107899468276, 0.000110256405605, 5.92828109802e-05, 7.13312110747e-05, 8.34364545881e-05, 6.96265997249e-05, 5.53660902369e-05, 3.66915483028e-05, 2.70703458227e-05, 3.67922402802e-05, 3.00033480016e-05, 3.24074862874e-05, 4.26908154623e-05, 2.60809247266e-05, 1.70580715348e-05, 1.06769821286e-05, 1.02520843939e-05, 8.3241120592e-06, 7.55815017328e-06, 5.77177888772e-06, 5.13631766808e-06, 4.61607851321e-06, 4.8346028052e-06, 4.84052043248e-06, 4.65509401693e-06, 4.71151815873e-06, 3.24520783579e-06, 2.96894222629e-06, 1.95460734176e-06, 1.71931401383e-06, 1.49804964167e-06, 9.99227495413e-07, 8.10324593203e-07, 7.02384170381e-07, 4.36279890437e-07], "dmean2": [0.00450864294544, 0.00444679660723, 0.00221389927901, 0.00129222415853, 0.000328818481648, 0.000170512896148, 0.000156780413818, 9.05836932361e-05, 9.93695430225e-05, 0.000114327849587, 9.57162264967e-05, 7.89629848441e-05, 5.00338464917e-05, 4.18990639446e-05, 5.7897719671e-05, 4.78213041788e-05, 4.86010358145e-05, 6.78093565512e-05, 4.31427761214e-05, 2.86699360004e-05, 1.80743409146e-05, 1.74036322278e-05, 1.39845324156e-05, 1.25288661366e-05, 9.58052169153e-06, 8.76237209013e-06, 7.931816981e-06, 8.06812931842e-06, 8.01073474577e-06, 7.85173597251e-06, 8.24277231004e-06, 5.31642081114e-06, 4.94392907058e-06, 3.18260686072e-06, 2.61906552623e-06, 2.38235747929e-06, 1.49958600559e-06, 1.15318459848e-06, 1.01444470602e-06, 6.19551144609e-07], "dvar": [2.14531937672e-05, 2.89953895845e-05, 8.79438630363e-06, 4.27176746598e-06, 1.87017718645e-07, 4.81852779899e-08, 3.61898742085e-08, 9.99881422103e-09, 1.78722405764e-08, 3.78011684177e-08, 4.68012686383e-08, 2.14575326396e-08, 8.02124322519e-09, 3.92441634745e-09, 5.01990093937e-09, 5.17084730589e-09, 6.388642948e-09, 1.00819690374e-08, 2.0740673623e-09, 8.83650985717e-10, 2.18939755214e-10, 1.71222064305e-10, 1.14944949392e-10, 1.26663762812e-10, 1.01407188202e-10, 6.3983075782e-11, 7.68605804002e-11, 1.01877006831e-10, 1.08357871287e-10, 1.00781029355e-10, 9.28474866435e-11, 3.73478956095e-11, 4.12252801341e-11, 1.2829333082e-11, 9.98734688701e-12, 7.42799051434e-12, 2.49858380513e-12, 1.64493754989e-12, 1.46499479214e-12, 5.54858676366e-13], "dvar2": [5.1344595704e-05, 8.24831731734e-05, 2.17888809857e-05, 1.10510263767e-05, 5.17790340382e-07, 1.20409225701e-07, 6.46463931275e-08, 2.25430110135e-08, 3.16932613487e-08, 6.89692996048e-08, 8.42604137574e-08, 3.83983049801e-08, 1.28176891323e-08, 8.97943497336e-09, 9.94046178704e-09, 1.14812976904e-08, 1.21281615861e-08, 2.52927456756e-08, 5.34140376374e-09, 2.38128072816e-09, 5.66814872816e-10, 4.73029337922e-10, 3.05018788005e-10, 3.10402814563e-10, 2.59742283237e-10, 1.74495973226e-10, 2.1188392707e-10, 2.62728949707e-10, 2.75859945997e-10, 2.691612766e-10, 2.58863902536e-10, 9.82218681389e-11, 1.10833280054e-10, 3.11927289554e-11, 2.20078989754e-11, 1.90931836314e-11, 4.89610218687e-12, 2.84216552203e-12, 2.90029372046e-12, 1.15948364191e-12], "max": [0.0445627570152, 0.0442819520831, 0.0264022443444, 0.0234076697379, 0.00691424869001, 0.00492849526927, 0.00762152019888, 0.00268962653354, 0.0028145709075, 0.00397051963955, 0.00656103575602, 0.00463119428605, 0.00275544729084, 0.00178586412221, 0.00214964034967, 0.00225012656301, 0.00309056532569, 0.00184738100506, 0.00135139422491, 0.000364637904568, 0.000324649212416, 0.000341920793289, 0.000193311148905, 0.000257667270489, 0.000491905491799, 0.000157006128575, 0.000113788737508, 0.000148680148413, 0.000136020811624, 0.000134848363814, 9.52558111749e-05, 6.34801472188e-05, 9.14101547096e-05, 4.22804550908e-05, 4.02921214118e-05, 4.10809407185e-05, 1.76583162101e-05, 1.56728619913e-05, 1.82889998541e-05, 1.02872199932e-05], "mean": [0.00502349203452, 0.00358582218178, 0.00169600499794, 0.00103248818778, 0.000342838960933, 0.000227334458032, 0.000260973785771, 0.000138748815516, 0.0001791871764, 0.000203861432965, 0.000171082734596, 0.000158275317517, 8.50053111208e-05, 5.78546605539e-05, 7.61483242968e-05, 5.4284453654e-05, 7.43324999348e-05, 7.52979976824e-05, 4.76497480122e-05, 2.96853795589e-05, 2.19312278205e-05, 2.25771927944e-05, 1.87128662219e-05, 1.6640735339e-05, 1.31351789605e-05, 1.00268671304e-05, 8.4575094661e-06, 8.13207225292e-06, 7.47283638702e-06, 6.76424042467e-06, 6.22582365395e-06, 5.06609785589e-06, 4.66570872959e-06, 3.59059799848e-06, 3.34083711095e-06, 2.94716687677e-06, 2.22014705287e-06, 1.80086408363e-06, 1.42055318975e-06, 9.25625556647e-07], "median": [0.0025084677618, 0.00256406795233, 0.000886477646418, 0.000303023552988, 0.00014725147048, 0.000103817059426, 0.000129747117171, 7.79870824772e-05, 6.78912911098e-05, 5.94595549046e-05, 4.19225725636e-05, 3.44237560057e-05, 2.22784583457e-05, 1.86524484889e-05, 3.16732366628e-05, 2.36056039284e-05, 1.84184991667e-05, 2.35027910094e-05, 2.34107283177e-05, 1.76084267878e-05, 1.8139333406e-05, 2.01643724722e-05, 1.63681834238e-05, 1.29846548589e-05, 1.0569123333e-05, 8.13864426163e-06, 5.9520943978e-06, 4.19119896833e-06, 2.97730412058e-06, 2.72593160844e-06, 2.40875260715e-06, 2.25265671361e-06, 2.22118887905e-06, 1.63675258591e-06, 1.5908988189e-06, 1.42698172567e-06, 1.16864669053e-06, 9.8985913155e-07, 6.86636781211e-07, 4.78697984363e-07], "min": [1.15696135018e-24, 7.67273923765e-25, 1.69911488198e-24, 1.12930773254e-24, 1.228996874e-24, 1.34214270059e-24, 7.25248295812e-25, 1.37652490733e-24, 1.64690856031e-24, 1.50852164994e-24, 2.57605210727e-24, 1.79145499524e-24, 2.02577981625e-24, 2.63300155374e-24, 1.83108243674e-24, 1.89760964067e-24, 2.67244144356e-24, 3.11149243276e-24, 3.29924487808e-24, 4.54101193102e-24, 3.66780286237e-24, 4.11379681362e-24, 3.9927666181e-24, 2.8232931451e-24, 3.76005225662e-24, 3.63824503311e-24, 4.07775888645e-24, 4.91528383206e-24, 4.79468041028e-24, 4.1113434562e-24, 4.0186116735e-24, 4.98220605809e-24, 4.91365641201e-24, 4.92610621482e-24, 4.97067251723e-24, 4.99361338121e-24, 4.5681609735e-24, 5.89214291277e-24, 6.16031065547e-24, 6.55929954082e-24], "var": [3.89847336919e-05, 2.16986718442e-05, 8.13530004962e-06, 4.19557363784e-06, 3.03949207137e-07, 1.16249431414e-07, 1.55657019718e-07, 4.25629416156e-08, 8.52337436186e-08, 1.63914307905e-07, 2.34524023313e-07, 1.61622082828e-07, 4.56986910535e-08, 1.64539866176e-08, 2.55289762663e-08, 1.38778322167e-08, 4.76493120516e-08, 2.17861053642e-08, 4.88487250649e-09, 1.45554801545e-09, 4.29814406289e-10, 3.49781092979e-10, 2.72632166842e-10, 3.439683538e-10, 1.99552693814e-10, 9.78834374665e-11, 9.60327581345e-11, 1.35213354402e-10, 1.40946976313e-10, 1.16951531792e-10, 9.39113925513e-11, 5.05157235486e-11, 4.67496041878e-11, 2.29488060499e-11, 2.00866632355e-11, 1.53823429688e-11, 7.55465308366e-12, 4.99851505673e-12, 3.7213665309e-12, 1.44760104511e-12]}, "mfcc": {"mean": [-638.806518555, 104.698806763, 6.14200496674, 26.1713905334, 13.738451004, 12.5803785324, 2.44674181938, 9.05600643158, 4.29559469223, 7.13692426682, 3.53638505936, 2.54100751877, -1.26771211624], "cov": [[17951.4003906, 2042.03625488, 336.966644287, 725.679199219, 340.139587402, 512.366638184, 178.531066895, 319.756378174, 202.286132812, 265.907958984, 32.6271858215, -31.836769104, -132.086166382], [2042.03625488, 1520.2689209, -205.542449951, 101.988624573, 178.286743164, 64.9673614502, 24.6119041443, 112.333602905, 63.9328613281, 79.9319915771, 65.4024887085, 13.4488916397, 21.4751224518], [336.966644287, -205.542449951, 376.335998535, 86.1392364502, -33.5074386597, 63.1337852478, 2.96530485153, 9.55222129822, 23.5298347473, -13.9357261658, -27.1274490356, 8.5233297348, 0.96243339777], [725.679199219, 101.988624573, 86.1392364502, 314.034606934, 112.449775696, 76.2276229858, 1.20329844952, 10.8356122971, 21.3947467804, -15.9329633713, -10.3051261902, 27.2232780457, 15.0045022964], [340.139587402, 178.286743164, -33.5074386597, 112.449775696, 185.98223877, 50.0449905396, 14.2734851837, 33.1365966797, 27.4249286652, 31.960943222, 32.0809059143, 17.9410820007, 12.4858732224], [512.366638184, 64.9673614502, 63.1337852478, 76.2276229858, 50.0449905396, 139.365615845, 44.7087402344, 21.1077041626, 28.0985279083, 25.1473999023, 8.40655231476, 10.0378952026, -5.89678764343], [178.531066895, 24.6119041443, 2.96530485153, 1.20329844952, 14.2734851837, 44.7087402344, 90.0717697144, 46.5529785156, 14.3982095718, 12.7743692398, 13.1544857025, 5.50298786163, -3.65456271172], [319.756378174, 112.333602905, 9.55222129822, 10.8356122971, 33.1365966797, 21.1077041626, 46.5529785156, 99.1466827393, 52.6487426758, 32.2846603394, 21.8818454742, 8.3422832489, 6.9892115593], [202.286132812, 63.9328613281, 23.5298347473, 21.3947467804, 27.4249286652, 28.0985279083, 14.3982095718, 52.6487426758, 95.2370605469, 53.9374046326, 18.125579834, -1.12455868721, 1.28395104408], [265.907958984, 79.9319915771, -13.9357261658, -15.9329633713, 31.960943222, 25.1473999023, 12.7743692398, 32.2846603394, 53.9374046326, 97.2006454468, 46.8828697205, -2.6074051857, -4.86448526382], [32.6271858215, 65.4024887085, -27.1274490356, -10.3051261902, 32.0809059143, 8.40655231476, 13.1544857025, 21.8818454742, 18.125579834, 46.8828697205, 75.1789245605, 33.0706710815, 9.32766056061], [-31.836769104, 13.4488916397, 8.5233297348, 27.2232780457, 17.9410820007, 10.0378952026, 5.50298786163, 8.3422832489, -1.12455868721, -2.6074051857, 33.0706710815, 76.9859085083, 40.4385757446], [-132.086166382, 21.4751224518, 0.96243339777, 15.0045022964, 12.4858732224, -5.89678764343, -3.65456271172, 6.9892115593, 1.28395104408, -4.86448526382, 9.32766056061, 40.4385757446, 60.1632766724]], "icov": [[8.46121329232e-05, -0.000106151477667, -7.29661114747e-05, -0.00015926262131, 7.80862465035e-05, -0.000123303572764, 1.4172002011e-05, -0.000191826329683, 0.000192462233827, -0.000300266605336, 0.000189727623365, -9.1457804956e-05, 0.000263067136984], [-0.000106151477667, 0.00102724938188, 0.000670315988827, -3.26567533193e-05, -0.000389252469176, -0.000357361015631, 0.00061001162976, -0.000915166689083, 5.88943521507e-06, 0.000193277825019, -0.000487424927996, 0.000451454601716, -0.000625549408142], [-7.29661114747e-05, 0.000670315988827, 0.00390066811815, -0.000987477833405, 0.00142903183587, -0.00193698971998, 0.00121462822426, -0.00126589823049, -0.000716406211723, 0.000433129927842, 0.00057767186081, -0.000356513715815, -0.00028079006006], [-0.00015926262131, -3.26567533193e-05, -0.000987477833405, 0.0058197453618, -0.00349416234531, -0.00139408325776, 0.000810545752756, 0.001017831848, -0.00172870256938, 0.00267053162679, 0.00120220542885, -0.00155859452207, -0.000140081625432], [7.80862465035e-05, -0.000389252469176, 0.00142903183587, -0.00349416234531, 0.00938661489636, -0.00205910322256, 0.000899996899534, -0.00206646602601, 0.000785207434092, -0.00144265801646, -0.00263079907745, 0.00113219872583, -0.00118270155508], [-0.000123303572764, -0.000357361015631, -0.00193698971998, -0.00139408325776, -0.00205910322256, 0.0128795895725, -0.00700029497966, 0.00387937645428, -0.00185461586807, -0.00283710821532, 0.00209875800647, -0.00263686059043, 0.00230647483841], [1.4172002011e-05, 0.00061001162976, 0.00121462822426, 0.000810545752756, 0.000899996899534, -0.00700029497966, 0.019361956045, -0.0108826672658, 0.00357005465776, 0.00122161454055, -0.00161575770471, 1.80609185918e-05, 0.0014202168677], [-0.000191826329683, -0.000915166689083, -0.00126589823049, 0.001017831848, -0.00206646602601, 0.00387937645428, -0.0108826672658, 0.0224590264261, -0.0107724908739, 0.00162315519992, -0.00174952181987, -5.75309277338e-05, -0.00211807293817], [0.000192462233827, 5.88943521507e-06, -0.000716406211723, -0.00172870256938, 0.000785207434092, -0.00185461586807, 0.00357005465776, -0.0107724908739, 0.0223626736552, -0.0117919370532, 0.00371915940195, 0.000124657715787, -0.000104473241663], [-0.000300266605336, 0.000193277825019, 0.000433129927842, 0.00267053162679, -0.00144265801646, -0.00283710821532, 0.00122161454055, 0.00162315519992, -0.0117919370532, 0.0264213029295, -0.0161779113114, 0.00800360366702, -0.00197764579207], [0.000189727623365, -0.000487424927996, 0.00057767186081, 0.00120220542885, -0.00263079907745, 0.00209875800647, -0.00161575770471, -0.00174952181987, 0.00371915940195, -0.0161779113114, 0.0316170789301, -0.0170811954886, 0.00632999930531], [-9.1457804956e-05, 0.000451454601716, -0.000356513715815, -0.00155859452207, 0.00113219872583, -0.00263686059043, 1.80609185918e-05, -5.75309277338e-05, 0.000124657715787, 0.00800360366702, -0.0170811954886, 0.0304002035409, -0.017593851313], [0.000263067136984, -0.000625549408142, -0.00028079006006, -0.000140081625432, -0.00118270155508, 0.00230647483841, 0.0014202168677, -0.00211807293817, -0.000104473241663, -0.00197764579207, 0.00632999930531, -0.017593851313, 0.0289521347731]]}, "spectral_contrast_coeffs": {"dmean": [0.0516944378614, 0.0416639409959, 0.0341393649578, 0.0307360533625, 0.0187477301806, 0.0200882777572], "dmean2": [0.0836767405272, 0.0668370202184, 0.0557135120034, 0.0502245426178, 0.031231302768, 0.0326468832791], "dvar": [0.00245698168874, 0.00116471888032, 0.000811551115476, 0.000632254872471, 0.000251179881161, 0.000473335356219], "dvar2": [0.00598797528073, 0.00294246012345, 0.00197879923508, 0.00165783532429, 0.000650971313007, 0.00121337454766], "max": [-0.26770105958, -0.475982397795, -0.496887952089, -0.598992228508, -0.649901986122, -0.616295814514], "mean": [-0.677120923996, -0.729418218136, -0.761416912079, -0.777783691883, -0.807868480682, -0.77346688509], "median": [-0.679967403412, -0.72726213932, -0.765778303146, -0.778333842754, -0.804376780987, -0.770801782608], "min": [-0.981107831001, -0.977830767632, -0.975775897503, -0.973472654819, -0.968866944313, -0.967583537102], "var": [0.00863106828183, 0.0063309664838, 0.00679929321632, 0.00383812165819, 0.00154959736392, 0.00204324885271]}, "spectral_contrast_valleys": {"dmean": [0.337429255247, 0.343613028526, 0.302166938782, 0.253402024508, 0.237320378423, 0.245746463537], "dmean2": [0.549458682537, 0.563945889473, 0.494975805283, 0.404920518398, 0.368020057678, 0.331485748291], "dvar": [0.117116324604, 0.117877885699, 0.101380378008, 0.0848768949509, 0.110727831721, 0.126700073481], "dvar2": [0.255842149258, 0.258265584707, 0.216683611274, 0.169088974595, 0.206035614014, 0.217863082886], "max": [-5.06333112717, -5.04523944855, -5.15150928497, -5.93893527985, -5.47785615921, -7.97213