{"lowlevel": {"average_loudness": 0.897403776646, "barkbands_crest": {"dmean": 2.42863869667, "dmean2": 3.8137357235, "dvar": 5.43244934082, "dvar2": 14.0163640976, "max": 24.8520565033, "mean": 10.2517118454, "median": 9.45596981049, "min": 2.58353710175, "var": 15.1867141724}, "barkbands_flatness_db": {"dmean": 0.0340626649559, "dmean2": 0.0479695573449, "dvar": 0.00125014327932, "dvar2": 0.00243737571873, "max": 0.431814104319, "mean": 0.193727508187, "median": 0.191256523132, "min": 0.01734861359, "var": 0.00473820092157}, "barkbands_kurtosis": {"dmean": 3.4972910881, "dmean2": 5.33489704132, "dvar": 35.5439224243, "dvar2": 85.3645477295, "max": 121.948699951, "mean": 6.26565504074, "median": 3.6721906662, "min": -1.82053780556, "var": 81.8276824951}, "barkbands_skewness": {"dmean": 0.558202326298, "dmean2": 0.827793180943, "dvar": 0.395602613688, "dvar2": 0.918483614922, "max": 10.1026268005, "mean": 1.66546750069, "median": 1.48329222202, "min": -2.52509379387, "var": 1.45585238934}, "barkbands_spread": {"dmean": 4.60478019714, "dmean2": 7.32578754425, "dvar": 48.4422035217, "dvar2": 112.70450592, "max": 76.5126876831, "mean": 11.3419437408, "median": 8.94327640533, "min": 0.745689630508, "var": 73.8090286255}, "dissonance": {"dmean": 0.0291657503694, "dmean2": 0.0475778914988, "dvar": 0.000744310440496, "dvar2": 0.00187551765703, "max": 0.500000059605, "mean": 0.43415132165, "median": 0.442597150803, "min": 0.216116979718, "var": 0.00198178412393}, "dynamic_complexity": 3.30074477196, "erbbands_crest": {"dmean": 2.82079339027, "dmean2": 4.29311037064, "dvar": 7.56315565109, "dvar2": 17.2952919006, "max": 28.8650817871, "mean": 11.0528306961, "median": 10.1824712753, "min": 2.32573223114, "var": 22.7078552246}, "erbbands_flatness_db": {"dmean": 0.0317077375948, "dmean2": 0.0414075218141, "dvar": 0.000948027649429, "dvar2": 0.00173281691968, "max": 0.431309401989, "mean": 0.210729837418, "median": 0.209449633956, "min": 0.0470738783479, "var": 0.00463855452836}, "erbbands_kurtosis": {"dmean": 1.65423858166, "dmean2": 2.55279254913, "dvar": 5.10813951492, "dvar2": 12.1696720123, "max": 32.4613952637, "mean": 2.27807164192, "median": 1.41641521454, "min": -1.67630338669, "var": 10.906917572}, "erbbands_skewness": {"dmean": 0.441296488047, "dmean2": 0.681497216225, "dvar": 0.242022886872, "dvar2": 0.599274754524, "max": 5.24011564255, "mean": 1.05063438416, "median": 0.98125743866, "min": -1.65363824368, "var": 0.63667267561}, "erbbands_spread": {"dmean": 8.43988990784, "dmean2": 12.805814743, "dvar": 115.194313049, "dvar2": 263.81918335, "max": 107.097480774, "mean": 23.9502258301, "median": 19.2887535095, "min": 2.30795526505, "var": 225.925582886}, "hfc": {"dmean": 6.94276571274, "dmean2": 10.4880084991, "dvar": 127.172668457, "dvar2": 315.023010254, "max": 152.201522827, "mean": 14.245467186, "median": 10.4171152115, "min": 1.13150710971e-16, "var": 174.230117798}, "melbands_crest": {"dmean": 2.83845734596, "dmean2": 4.44144392014, "dvar": 7.49043607712, "dvar2": 18.6967391968, "max": 31.8067836761, "mean": 13.3990535736, "median": 12.4168729782, "min": 1.63123631477, "var": 26.7665748596}, "melbands_flatness_db": {"dmean": 0.0408982932568, "dmean2": 0.0580869801342, "dvar": 0.00189171487, "dvar2": 0.00400923890993, "max": 0.504383862019, "mean": 0.261686593294, "median": 0.265222460032, "min": 0.0052053113468, "var": 0.00531260482967}, "melbands_kurtosis": {"dmean": 5.72138309479, "dmean2": 8.79077243805, "dvar": 104.966545105, "dvar2": 251.17288208, "max": 216.416275024, "mean": 11.0835132599, "median": 6.16413593292, "min": -1.54659068584, "var": 254.804382324}, "melbands_skewness": {"dmean": 0.644515991211, "dmean2": 0.980689287186, "dvar": 0.539109230042, "dvar2": 1.25707519054, "max": 11.0231695175, "mean": 2.09439539909, "median": 1.78762102127, "min": -0.713310360909, "var": 2.08383822441}, "melbands_spread": {"dmean": 4.72139644623, "dmean2": 7.71587848663, "dvar": 77.5217895508, "dvar2": 191.244812012, "max": 156.43157959, "mean": 12.9331464767, "median": 10.8479938507, "min": 0.783541619778, "var": 129.425521851}, "pitch_salience": {"dmean": 0.0621774829924, "dmean2": 0.0986376553774, "dvar": 0.00348876649514, "dvar2": 0.00883401650935, "max": 0.969971656799, "mean": 0.564650833607, "median": 0.568147182465, "min": 0.129713565111, "var": 0.0092698931694}, "silence_rate_20dB": {"dmean": 0, "dmean2": 0, "dvar": 0, "dvar2": 0, "max": 1, "mean": 1, "median": 1, "min": 1, "var": 0}, "silence_rate_30dB": {"dmean": 0.000974975642748, "dmean2": 0.001950268168, "dvar": 0.00097402674146, "dvar2": 0.00259655970149, "max": 1, "mean": 0.999025166035, "median": 1, "min": 0, "var": 0.000973868591245}, "silence_rate_60dB": {"dmean": 0.0133246667683, "dmean2": 0.0266536641866, "dvar": 0.0131472628564, "dvar2": 0.0278972592205, "max": 1, "mean": 0.0781478509307, "median": 0, "min": 0, "var": 0.0720378682017}, "spectral_centroid": {"dmean": 232.625549316, "dmean2": 383.199951172, "dvar": 169147.34375, "dvar2": 407353.28125, "max": 11376.2988281, "mean": 773.890991211, "median": 623.008483887, "min": 189.94934082, "var": 424944.0625}, "spectral_complexity": {"dmean": 3.94897627831, "dmean2": 6.23305702209, "dvar": 29.7094402313, "dvar2": 68.3915863037, "max": 56, "mean": 14.4372053146, "median": 14, "min": 0, "var": 58.245349884}, "spectral_decrease": {"dmean": 2.63978927606e-09, "dmean2": 3.99695254671e-09, "dvar": 1.5231669058e-17, "dvar2": 3.71599375835e-17, "max": 3.55734300855e-23, "mean": -6.84545398144e-09, "median": -5.46485301456e-09, "min": -3.76591273721e-08, "var": 3.10393635335e-17}, "spectral_energy": {"dmean": 0.0105208363384, "dmean2": 0.0158956293017, "dvar": 0.000237689513597, "dvar2": 0.000578002072871, "max": 0.147639885545, "mean": 0.027128431946, "median": 0.0216390211135, "min": 1.00601956515e-20, "var": 0.000483775802422}, "spectral_energyband_high": {"dmean": 0.000393164547859, "dmean2": 0.000647202658001, "dvar": 8.55196049088e-07, "dvar2": 2.29855959333e-06, "max": 0.0204998347908, "mean": 0.000342937215464, "median": 5.43770038348e-05, "min": 7.29543250351e-21, "var": 6.60200328184e-07}, "spectral_energyband_low": {"dmean": 0.0039046430029, "dmean2": 0.00677042175084, "dvar": 8.37033512653e-05, "dvar2": 0.000227384341997, "max": 0.0822660624981, "mean": 0.0060821804218, "median": 0.00364476023242, "min": 2.07971975837e-23, "var": 9.27459186641e-05}, "spectral_energyband_middle_high": {"dmean": 0.00172135047615, "dmean2": 0.00259419088252, "dvar": 1.15239427032e-05, "dvar2": 2.66621955234e-05, "max": 0.0502336025238, "mean": 0.00323381274939, "median": 0.00177447265014, "min": 1.25800378094e-21, "var": 1.92082279682e-05}, "spectral_energyband_middle_low": {"dmean": 0.00641602324322, "dmean2": 0.00922420620918, "dvar": 9.33032060857e-05, "dvar2": 0.000206917218748, "max": 0.137249320745, "mean": 0.0180679876357, "median": 0.0142758227885, "min": 1.53876583946e-22, "var": 0.000242226888076}, "spectral_entropy": {"dmean": 0.368240147829, "dmean2": 0.503280937672, "dvar": 0.156114533544, "dvar2": 0.312671720982, "max": 9.80602741241, "mean": 6.94899559021, "median": 6.884141922, "min": 4.91805934906, "var": 0.458472132683}, "spectral_flux": {"dmean": 0.0286046434194, "dmean2": 0.0427270978689, "dvar": 0.00127390690614, "dvar2": 0.00244003185071, "max": 0.288174301386, "mean": 0.0710631981492, "median": 0.0563837587833, "min": 6.26075580268e-11, "var": 0.00275169103406}, "spectral_kurtosis": {"dmean": 6.37572860718, "dmean2": 9.85678672791, "dvar": 67.063911438, "dvar2": 157.022644043, "max": 133.642654419, "mean": 12.8747596741, "median": 8.75618457794, "min": -1.24913215637, "var": 187.715805054}, "spectral_rms": {"dmean": 0.000891581410542, "dmean2": 0.00128829607274, "dvar": 1.23478025671e-06, "dvar2": 2.79186178886e-06, "max": 0.0120016215369, "mean": 0.00468725943938, "median": 0.00459469715133, "min": 3.1328622422e-12, "var": 4.49631079391e-06}, "spectral_rolloff": {"dmean": 304.176513672, "dmean2": 515.461791992, "dvar": 624823.1875, "dvar2": 1376376.75, "max": 19229.1503906, "mean": 899.957519531, "median": 689.0625, "min": 107.666015625, "var": 1642789.25}, "spectral_skewness": {"dmean": 0.630429029465, "dmean2": 0.944625914097, "dvar": 0.455856949091, "dvar2": 1.04585683346, "max": 9.20860671997, "mean": 2.56032967567, "median": 2.39479613304, "min": -0.054300878197, "var": 1.25243103504}, "spectral_spread": {"dmean": 904763.25, "dmean2": 1210369.75, "dvar": 1042821677060.0, "dvar2": 1923796172800.0, "max": 41938208, "mean": 3669538.5, "median": 3252706.75, "min": 682452.125, "var": 6004819886080.0}, "spectral_strongpeak": {"dmean": 0.45975407958, "dmean2": 0.745580494404, "dvar": 0.345623672009, "dvar2": 0.790583431721, "max": 8.12208747864, "mean": 1.02998054028, "median": 0.844381451607, "min": 0, "var": 0.792716026306}, "zerocrossingrate": {"dmean": 0.00846835505217, "dmean2": 0.0103211216629, "dvar": 0.00017168634804, "dvar2": 0.000244186463533, "max": 0.52587890625, "mean": 0.038184940815, "median": 0.03125, "min": 0.00732421875, "var": 0.00111786834896}, "barkbands": {"dmean": [0.000389995228034, 0.00283868284896, 0.00106763571966, 0.00105447729584, 0.0018731802702, 0.00382709410042, 0.00097570795333, 0.000732372573111, 0.000830783043057, 0.000515149265993, 0.000320410734275, 0.000221673530177, 0.000225658615818, 0.000175783468876, 0.000236193838646, 0.000151104221004, 0.000123834659462, 0.000105761471787, 0.000130211235955, 9.37865916057e-05, 0.000119982774777, 7.01434109942e-05, 6.23078885837e-05, 4.1297331336e-05, 4.09091517213e-05, 2.09184745472e-05, 2.63914967036e-06], "dmean2": [0.000585063186008, 0.00509866885841, 0.00183660793118, 0.00182583078276, 0.0028001209721, 0.00559484260157, 0.00142339419108, 0.00107694137841, 0.00120450672694, 0.000707695377059, 0.00046949609532, 0.000340479396982, 0.00035067772842, 0.000289784133201, 0.000389587192331, 0.000251960067544, 0.000203110757866, 0.000181494600838, 0.000236077205045, 0.000165980673046, 0.000210281388718, 0.000119767762953, 0.000101244258985, 6.76052150084e-05, 6.49753928883e-05, 3.29624781443e-05, 4.08534833696e-06], "dvar": [1.16598653221e-06, 4.92321341881e-05, 4.70724307888e-06, 6.31724788036e-06, 9.7358797575e-06, 5.75489393668e-05, 4.21650975113e-06, 2.72244028565e-06, 2.68300323114e-06, 3.07594291371e-06, 8.60820193793e-07, 2.09053226286e-07, 1.91600307176e-07, 2.17075196929e-07, 3.95618684479e-07, 1.51844901097e-07, 6.63173267412e-08, 5.59227864017e-08, 1.0487447355e-07, 1.29384346792e-07, 1.30863909931e-07, 2.90166379813e-08, 1.54503307925e-08, 7.39761940594e-09, 7.38422389901e-09, 4.05011224558e-09, 8.78232209178e-11], "dvar2": [2.36515847973e-06, 0.000142944947584, 1.25343758555e-05, 1.69873728737e-05, 2.12434151763e-05, 0.000131624634378, 9.88660849544e-06, 5.94081529925e-06, 6.22724064669e-06, 6.02407726547e-06, 1.53549501647e-06, 5.04513252508e-07, 4.72713708177e-07, 5.59592706395e-07, 1.01187310975e-06, 4.13206350913e-07, 1.73850622787e-07, 1.50920214992e-07, 2.94848064186e-07, 3.75608237846e-07, 3.72065528609e-07, 7.83924392067e-08, 3.87040763883e-08, 1.82800405923e-08, 1.75832379767e-08, 9.51663725601e-09, 1.90897603281e-10], "max": [0.00836026854813, 0.0673639401793, 0.0301516279578, 0.048124935478, 0.0769685134292, 0.0954470485449, 0.0399843789637, 0.0557471327484, 0.042977899313, 0.0391131751239, 0.0419559665024, 0.00687982747331, 0.00691811367869, 0.00605589943007, 0.00801411550492, 0.0104332268238, 0.00291404803284, 0.00267705367878, 0.00560994725674, 0.0122956540436, 0.0058901081793, 0.00203682645224, 0.00147941452451, 0.00182546139695, 0.00138090446126, 0.000825428345706, 0.000181106603122], "mean": [0.000361327722203, 0.00368930120021, 0.00147662695963, 0.00132210191805, 0.00456957472488, 0.00551172578707, 0.00261585041881, 0.00171612156555, 0.00226887897588, 0.000933503964916, 0.000568592222407, 0.000368333858205, 0.000354605523171, 0.000202025315957, 0.000273685960565, 0.000170044921106, 0.000153712288011, 0.000101615172753, 9.36980723054e-05, 7.74838335929e-05, 9.35609205044e-05, 5.64499241591e-05, 5.57727107662e-05, 3.66300337191e-05, 3.69725566998e-05, 1.79312628461e-05, 2.28935527957e-06], "median": [3.3273029203e-06, 0.00190393277444, 0.000527010066435, 0.00043018499855, 0.00277852569707, 0.0024014916271, 0.00136606022716, 0.000798809574917, 0.00114997127093, 0.0002227621153, 0.000222695118282, 0.000136545495479, 0.000140251329867, 6.65012921672e-05, 9.75105576799e-05, 6.85237173457e-05, 7.1415277489e-05, 3.50483351212e-05, 1.54285298777e-05, 1.84046821232e-05, 1.42676854011e-05, 7.0288583629e-06, 5.8656805777e-06, 2.82095948023e-06, 2.56810017163e-06, 6.1988134803e-07, 4.16309156037e-08], "min": [1.68485641833e-24, 3.57803956325e-24, 4.10004302374e-24, 2.51763498509e-24, 2.39732904276e-23, 1.07977868646e-23, 4.79431082895e-24, 1.06720684687e-23, 2.5858055835e-23, 2.96938099451e-23, 1.81328798297e-23, 1.95268333368e-23, 3.52322824538e-23, 4.13808378985e-23, 8.03313278767e-23, 7.58053488735e-23, 1.09727472203e-22, 1.43519231535e-22, 1.64876132242e-22, 2.40868340176e-22, 2.64241493626e-22, 3.94736126745e-22, 3.49378669422e-22, 7.57596466903e-22, 9.59924521616e-22, 1.43503103432e-21, 2.01820255482e-21], "var": [1.31956528548e-06, 4.22016128141e-05, 6.24526865067e-06, 7.17807779438e-06, 3.03311953758e-05, 7.84276635386e-05, 1.20676686493e-05, 7.18191768101e-06, 1.12261677714e-05, 6.85301665726e-06, 2.31716421695e-06, 3.84671665188e-07, 3.24111084637e-07, 2.02958318596e-07, 3.78539340318e-07, 1.22743486486e-07, 6.40772839233e-08, 4.19975698662e-08, 6.4663126409e-08, 7.37722629651e-08, 8.10680376162e-08, 2.08861692386e-08, 1.51336170262e-08, 8.19837975286e-09, 7.8853137353e-09, 3.92683885408e-09, 9.50154330215e-11]}, "erbbands": {"dmean": [0.0908847302198, 0.656952321529, 1.2965952158, 2.20500230789, 4.91863489151, 5.32976055145, 14.2769422531, 43.7952232361, 16.9218196869, 9.89378356934, 17.9101085663, 19.8610515594, 14.4733085632, 14.9171867371, 8.74948787689, 8.48992824554, 10.6830415726, 7.86791706085, 10.3775787354, 10.8818349838, 8.53689098358, 6.7522611618, 5.11961364746, 7.56334733963, 5.5498342514, 4.00247478485, 6.15794944763, 3.45443892479, 2.64130306244, 1.92715215683, 1.83181262016, 0.923142492771, 0.713095963001, 0.481994301081, 0.283359378576, 0.116024270654, 0.0338714905083, 0.00620973622426, 0.000493771047331, 2.24711129704e-05], "dmean2": [0.154067531228, 1.2039000988, 2.29249787331, 3.80065178871, 7.89719247818, 8.2675075531, 20.339635849, 64.3744049072, 24.8414497375, 14.3691711426, 25.722492218, 28.4621734619, 20.5229988098, 20.3904685974, 13.577878952, 13.193614006, 16.589597702, 12.9635782242, 16.8245754242, 18.0474052429, 14.0636024475, 11.1432180405, 8.60887813568, 13.4712820053, 10.0701408386, 7.03194189072, 11.0858755112, 5.87790393829, 4.51876735687, 3.18901467323, 2.99360990524, 1.51425480843, 1.16043651104, 0.775119245052, 0.448922991753, 0.183176279068, 0.0536091439426, 0.0095674470067, 0.000774226617068, 3.34806391038e-05], "dvar": [0.0635721385479, 2.39758777618, 7.30570268631, 23.0328884125, 125.758117676, 85.5115966797, 520.907958984, 8285.97265625, 1035.08532715, 490.86605835, 1552.72570801, 1304.67456055, 1806.14038086, 1874.33898926, 257.538543701, 318.976348877, 419.671569824, 477.158325195, 584.685180664, 828.208862305, 487.733703613, 202.48348999, 138.672729492, 278.794128418, 282.612976074, 177.443817139, 534.976806641, 83.9742660522, 41.9544067383, 17.9984149933, 13.2047653198, 3.66776490211, 2.25964379311, 1.04675531387, 0.394941091537, 0.0988450273871, 0.012701081112, 0.000411772402003, 3.30307784679e-06, 2.10821937685e-09], "dvar2": [0.16630898416, 7.41867733002, 20.8325557709, 62.6966171265, 311.424804688, 197.863372803, 1004.43395996, 19136.9121094, 2607.50244141, 1049.11047363, 3581.12768555, 2797.49584961, 3790.37792969, 3435.34765625, 571.931091309, 798.231201172, 1054.10070801, 1267.67150879, 1491.56481934, 2138.10717773, 1325.3503418, 535.652160645, 371.801239014, 762.593688965, 814.318359375, 510.848968506, 1552.44372559, 230.111343384, 113.692955017, 46.7762260437, 33.133556366, 9.27327537537, 5.51635456085, 2.57936859131, 0.951460897923, 0.229224354029, 0.0317524038255, 0.000898114521988, 7.57714678912e-06, 4.80288209204e-09], "max": [2.11472463608, 15.0411128998, 29.0197048187, 70.6015548706, 211.920471191, 173.124481201, 398.004577637, 1160.25939941, 689.37298584, 527.005859375, 1162.8972168, 949.449401855, 968.434143066, 1705.85131836, 368.366638184, 228.479537964, 306.35848999, 344.25189209, 281.040924072, 430.765899658, 552.887939453, 166.260101318, 164.192962646, 271.214569092, 266.3487854, 431.820495605, 630.34564209, 136.792694092, 89.141418457, 46.6878051758, 39.7936668396, 33.4655799866, 32.4550704956, 16.8812084198, 12.4911298752, 4.13331413269, 1.55327510834, 0.374157518148, 0.0290313214064, 0.000618540623691], "mean": [0.101568609476, 0.833132684231, 1.75951433182, 3.25965046883, 7.1498041153, 11.9429168701, 35.294921875, 58.3377799988, 43.3699073792, 26.4556465149, 46.5276947021, 53.2325439453, 31.4604053497, 28.160118103, 15.8677616119, 14.0020713806, 17.8050460815, 10.2388401031, 13.424082756, 12.2580881119, 10.6529760361, 8.30682468414, 5.60880613327, 5.76995563507, 4.04555988312, 3.33770465851, 4.56192541122, 2.88985157013, 2.12352705002, 1.65267682076, 1.6237641573, 0.813926279545, 0.634868621826, 0.425867915154, 0.252525568008, 0.100852362812, 0.028512025252, 0.00541951041669, 0.000425491161877, 4.05163627875e-05], "median": [0.0346043668687, 0.46487390995, 0.787694096565, 1.36416554451, 1.96854686737, 7.17482233047, 20.523771286, 21.9041481018, 24.7945156097, 14.0217781067, 22.477891922, 29.4113750458, 14.4590301514, 10.8189411163, 7.74187517166, 5.64391517639, 7.57971811295, 4.32859897614, 5.39930677414, 4.94703006744, 4.66549348831, 4.0674366951, 2.27696204185, 1.18394374847, 0.752334356308, 0.773625552654, 0.750013530254, 0.452796518803, 0.273114323616, 0.197027727962, 0.160475835204, 0.0758826807141, 0.0451534986496, 0.0284727122635, 0.0161999613047, 0.00415482930839, 0.00086228037253, 0.000129089399707, 1.99636597245e-05, 2.63764213742e-05], "min": [1.79357510626e-22, 6.14289394775e-22, 1.05042632012e-20, 9.63641906831e-21, 3.0617373053e-20, 5.48082183683e-20, 1.16989782545e-19, 9.2942950667e-20, 6.84388688558e-20, 1.42295137414e-19, 2.28732836013e-19, 6.75636006153e-19, 6.42575561623e-19, 1.06469291094e-18, 7.73579360558e-19, 1.27180011797e-18, 2.01420836621e-18, 3.19868985115e-18, 2.85134099551e-18, 2.86099750198e-18, 4.85745767418e-18, 5.98077142757e-18, 8.2169607422e-18, 7.0996332949e-18, 8.52214241175e-18, 1.02493865206e-17, 1.24513743985e-17, 1.15043932178e-17, 1.33752582149e-17, 1.36908011488e-17, 1.03956452878e-17, 1.41911172064e-17, 1.20917791339e-17, 8.92052831119e-18, 7.45401484011e-18, 4.67611610926e-18, 2.58778098643e-18, 1.20561781075e-18, 2.68496933173e-19, 2.80631879554e-20], "var": [0.0545412823558, 1.89899730682, 8.43527412415, 28.9427375793, 225.354064941, 225.569229126, 1771.77368164, 10630.8271484, 2814.38061523, 1526.66308594, 4468.03369141, 6311.73925781, 3858.75195312, 4655.84716797, 629.32800293, 505.27255249, 706.463745117, 410.65927124, 591.120178223, 729.931335449, 417.095458984, 181.647994995, 112.543945312, 187.055770874, 162.881820679, 104.84954071, 302.919952393, 58.9209022522, 29.7814273834, 15.1588382721, 12.8333644867, 3.78916764259, 2.57233142853, 1.07747459412, 0.397057294846, 0.0996271371841, 0.0110157234594, 0.000448369013611, 3.24233383253e-06, 2.5353703581e-09]}, "gfcc": {"mean": [-58.2265586853, 123.599052429, -119.981140137, 0.337102383375, -71.8006362915, -5.80956411362, -45.6848564148, 0.763848781586, -18.6945285797, 0.426658481359, -15.9634923935, -0.205978259444, -2.93669867516], "cov": [[18259.6035156, -325.331115723, 480.088470459, 2268.9609375, 224.319351196, 1505.05541992, 163.252243042, 632.58807373, 8.62715053558, 379.903625488, -9.47636604309, 197.813278198, -153.966384888], [-325.331115723, 2277.41821289, 62.4589309692, -222.657272339, 537.12322998, 9.48801136017, 447.272827148, -7.75879764557, 275.930664062, -85.4178771973, 157.681533813, -146.46270752, 56.7846984863], [480.088470459, 62.4589309692, 924.451843262, 400.120239258, 337.038452148, 462.181518555, 202.131942749, 251.860687256, 103.686080933, 152.50958252, 14.4538030624, 67.522102356, -77.4173431396], [2268.9609375, -222.657272339, 400.120239258, 920.429748535, 215.117767334, 396.655944824, 163.028488159, 251.16468811, 101.977928162, 140.26852417, 55.027130127, 62.7346954346, 4.41004323959], [224.319351196, 537.12322998, 337.038452148, 215.117767334, 497.492553711, 312.130340576, 300.597839355, 137.731155396, 147.222869873, 74.9217147827, 57.9109687805, -1.34836196899, -45.7107048035], [1505.05541992, 9.48801136017, 462.181518555, 396.655944824, 312.130340576, 588.63873291, 264.990325928, 217.722457886, 70.9644165039, 108.696212769, 25.1243934631, 39.0975646973, -111.621177673], [163.252243042, 447.272827148, 202.131942749, 163.028488159, 300.597839355, 264.990325928, 353.716552734, 134.777435303, 121.369949341, 33.8549613953, 67.8612747192, -15.449139595, -47.9872779846], [632.58807373, -7.75879764557, 251.860687256, 251.16468811, 137.731155396, 217.722457886, 134.777435303, 223.708404541, 81.5501327515, 83.3222885132, 29.3493404388, 43.5897827148, -13.8461265564], [8.62715053558, 275.930664062, 103.686080933, 101.977928162, 147.222869873, 70.9644165039, 121.369949341, 81.5501327515, 153.450942993, 52.1841316223, 41.8954696655, 7.3708987236, 17.516752243], [379.903625488, -85.4178771973, 152.50958252, 140.26852417, 74.9217147827, 108.696212769, 33.8549613953, 83.3222885132, 52.1841316223, 119.444854736, 26.8802490234, 30.1604423523, -9.78229999542], [-9.47636604309, 157.681533813, 14.4538030624, 55.027130127, 57.9109687805, 25.1243934631, 67.8612747192, 29.3493404388, 41.8954696655, 26.8802490234, 88.4461517334, 8.06336307526, 6.64535665512], [197.813278198, -146.46270752, 67.522102356, 62.7346954346, -1.34836196899, 39.0975646973, -15.449139595, 43.5897827148, 7.3708987236, 30.1604423523, 8.06336307526, 74.4412002563, 22.6073360443], [-153.966384888, 56.7846984863, -77.4173431396, 4.41004323959, -45.7107048035, -111.621177673, -47.9872779846, -13.8461265564, 17.516752243, -9.78229999542, 6.64535665512, 22.6073360443, 106.557220459]], "icov": [[0.000150436215336, -0.000302828091662, 0.000316379999276, -0.000441006035544, 0.000303403765429, -0.000466985075036, 0.000337370613124, -0.000124753656564, 0.000338269310305, -0.000443968718173, 0.000489953032229, -0.000542727240827, 0.000391780922655], [-0.000302828091662, 0.00205524731427, -0.000960569246672, 0.00152188364882, -0.00175519438926, 0.000915110576898, -0.00118373299483, 0.000527067459188, -0.00210628239438, 0.00252238824032, -0.00277102272958, 0.00363887217827, -0.00257402309217], [0.000316379999276, -0.000960569246672, 0.00298041501082, -0.00118586153258, -1.75518471224e-05, -0.00174852414057, 0.00129519950133, -0.00127900310326, 0.00100281916093, -0.00212884088978, 0.00220259651542, -0.00252044945955, 0.00179851509165], [-0.000441006035544, 0.00152188364882, -0.00118586153258, 0.00355432974175, -0.00132752920035, 5.43457535969e-05, -0.000735559442546, -0.00059975835029, -0.00158846552949, 0.00145482539665, -0.00289117405191, 0.00334007595666, -0.00351228984073], [0.000303403765429, -0.00175519438926, -1.75518471224e-05, -0.00132752920035, 0.00701533956453, -0.00205464963801, -0.00201049121097, 0.000980805722065, -0.00042150070658, -0.00287150079384, 0.00236947741359, -0.00247115083039, 0.00167729042005], [-0.000466985075036, 0.000915110576898, -0.00174852414057, 5.43457535969e-05, -0.00205464963801, 0.00779581395909, -0.00368371605873, -0.000880487787072, 0.000814215571154, 0.00026239833096, 0.000205193427973, -0.00096761068562, 0.00315925595351], [0.000337370613124, -0.00118373299483, 0.00129519950133, -0.000735559442546, -0.00201049121097, -0.00368371605873, 0.0106724984944, -0.00319215911441, -0.00182250724174, 0.00239041307941, -0.00249616103247, 0.00101004028693, 0.00222041760571], [-0.000124753656564, 0.000527067459188, -0.00127900310326, -0.00059975835029, 0.000980805722065, -0.000880487787072, -0.00319215911441, 0.0112557588145, -0.00281855580397, -0.00194760318846, 0.000174081360456, -0.00236592139117, -0.0010664802976], [0.000338269310305, -0.00210628239438, 0.00100281916093, -0.00158846552949, -0.00042150070658, 0.000814215571154, -0.00182250724174, -0.00281855580397, 0.0155881894752, -0.0066569079645, 0.00193225371186, -0.00257218349725, -0.000857790291775], [-0.000443968718173, 0.00252238824032, -0.00212884088978, 0.00145482539665, -0.00287150079384, 0.00026239833096, 0.00239041307941, -0.00194760318846, -0.0066569079645, 0.0186519622803, -0.00714979693294, 0.00247401511297, -0.000998451840132], [0.000489953032229, -0.00277102272958, 0.00220259651542, -0.00289117405191, 0.00236947741359, 0.000205193427973, -0.00249616103247, 0.000174081360456, 0.00193225371186, -0.00714979693294, 0.0196667704731, -0.00746270827949, 0.00341721670702], [-0.000542727240827, 0.00363887217827, -0.00252044945955, 0.00334007595666, -0.00247115083039, -0.00096761068562, 0.00101004028693, -0.00236592139117, -0.00257218349725, 0.00247401511297, -0.00746270827949, 0.0270391777158, -0.0112403230742], [0.000391780922655, -0.00257402309217, 0.00179851509165, -0.00351228984073, 0.00167729042005, 0.00315925595351, 0.00222041760571, -0.0010664802976, -0.000857790291775, -0.000998451840132, 0.00341721670702, -0.0112403230742, 0.0198857542127]]}, "melbands": {"dmean": [0.000764417462051, 0.000732608605176, 0.000460733717773, 0.000339635094861, 0.00046559079783, 0.000876635080203, 0.00024026275787, 0.000124014637549, 0.00014789083798, 0.000128542174934, 7.62342315284e-05, 6.63444807287e-05, 3.22304804286e-05, 2.01920702239e-05, 2.82619475911e-05, 2.61771092482e-05, 1.41986047311e-05, 1.64586745086e-05, 2.00818030862e-05, 1.0868227946e-05, 1.0273512089e-05, 7.76933211455e-06, 4.48468745162e-06, 4.91407172376e-06, 6.46179250907e-06, 4.65966786578e-06, 3.19005334859e-06, 2.49545564657e-06, 4.13985253545e-06, 2.95914719572e-06, 1.78433469955e-06, 1.60273259553e-06, 1.19380104024e-06, 1.04480523078e-06, 1.16302885544e-06, 7.0786836659e-07, 5.4514259773e-07, 5.07977404141e-07, 4.81796803342e-07, 3.91449447079e-07], "dmean2": [0.00132553151343, 0.00132335058879, 0.000778905116022, 0.000540159817319, 0.000657967524603, 0.00128659035545, 0.000351431168383, 0.000179174559889, 0.000209632678889, 0.000183220225153, 0.000107614760054, 8.96203273442e-05, 4.9246387789e-05, 3.192776785e-05, 4.3798070692e-05, 3.98004558519e-05, 2.3827473342e-05, 2.68659623543e-05, 3.29794493155e-05, 1.83554038813e-05, 1.68430833583e-05, 1.28816600409e-05, 7.55108976591e-06, 8.39188760438e-06, 1.15653401735e-05, 8.54311201692e-06, 5.69924986848e-06, 4.37088783656e-06, 7.5422858572e-06, 5.17995522387e-06, 3.00871920444e-06, 2.74482636087e-06, 2.05136825571e-06, 1.72607064997e-06, 1.89699892417e-06, 1.17978765957e-06, 9.05160732145e-07, 8.32395699035e-07, 7.86301427524e-07, 6.35178480479e-07], "dvar": [3.91654384657e-06, 2.51146502706e-06, 1.03583636246e-06, 3.99207436885e-07, 5.54852249479e-07, 3.19881041833e-06, 2.08481282016e-07, 6.81697471805e-08, 1.18605136379e-07, 5.55050014839e-08, 5.54364660843e-08, 3.51908404639e-08, 5.01644592532e-09, 1.72843117596e-09, 3.64808516728e-09, 2.4354498418e-09, 1.95898808286e-09, 1.38085987089e-09, 3.23677840086e-09, 7.2650224725e-10, 7.13956838094e-10, 2.53683990481e-10, 1.2611818534e-10, 1.19483284378e-10, 2.12494799534e-10, 1.60679483607e-10, 1.4249650071e-10, 7.88022772036e-11, 3.08343378608e-10, 8.50957915244e-11, 2.39615376152e-11, 1.63464727865e-11, 8.15807837951e-12, 5.31272074944e-12, 5.41913259058e-12, 2.1108256202e-12, 1.40728769783e-12, 1.18351216414e-12, 1.139587231e-12, 7.7073932089e-13], "dvar2": [1.05542767415e-05, 7.58425312597e-06, 2.68199278253e-06, 9.70381506704e-07, 1.05876802081e-06, 7.37705249776e-06, 5.17671537636e-07, 1.45581722677e-07, 2.7893929655e-07, 1.17517878095e-07, 1.14545606777e-07, 6.49796163543e-08, 9.98500926386e-09, 4.1765000347e-09, 8.93854235073e-09, 5.58238166803e-09, 5.1874455842e-09, 3.54040130546e-09, 8.13605094407e-09, 1.94367610895e-09, 1.93870852705e-09, 6.7226607614e-10, 3.40468070403e-10, 3.21073473364e-10, 5.83634474083e-10, 4.58345500443e-10, 4.15466105963e-10, 2.26469135112e-10, 8.98623286893e-10, 2.42214914792e-10, 6.5124669546e-11, 4.439584117e-11, 2.21779053455e-11, 1.36010343613e-11, 1.35656035016e-11, 5.41624731176e-12, 3.57296093753e-12, 2.90723695118e-12, 2.85071315512e-12, 1.94329274894e-12], "max": [0.0180503390729, 0.0163097791374, 0.0188664700836, 0.0137905199081, 0.0131693929434, 0.0227540247142, 0.00938784144819, 0.00706079602242, 0.0102972984314, 0.00642326660454, 0.00534853246063, 0.00638420600444, 0.00272846152075, 0.000825196970254, 0.000773633597419, 0.000929609057494, 0.00067963503534, 0.000463758333353, 0.000878036604263, 0.000547024479602, 0.000638075987808, 0.000182737188879, 0.000192225561477, 0.000121239892906, 0.000250281009357, 0.000200137597858, 0.000173169086338, 0.000356749311322, 0.000575638085138, 0.000118964759167, 9.14748743526e-05, 5.24094721186e-05, 3.98650081479e-05, 2.72490142379e-05, 2.6822761356e-05, 1.58565217134e-05, 2.49400600296e-05, 2.35620391322e-05, 1.81744926522e-05, 1.22448145703e-05], "mean": [0.00100179540459, 0.00102194759529, 0.00068955757888, 0.000593943987042, 0.0011819297215, 0.00121570099145, 0.000622256542556, 0.000313025113428, 0.000375395960873, 0.000336509780027, 0.00015544834605, 0.000124534548377, 5.68036775803e-05, 3.55502888851e-05, 4.16928087361e-05, 4.06729814131e-05, 1.55685702339e-05, 2.09118607017e-05, 2.23095448746e-05, 1.18823800221e-05, 1.268320284e-05, 9.51915080805e-06, 4.84539350509e-06, 4.79302980239e-06, 4.76544437333e-06, 3.25407336277e-06, 2.50959874393e-06, 2.1136313535e-06, 2.95177301268e-06, 2.33282639783e-06, 1.50393293552e-06, 1.26646671106e-06, 9.50596415805e-07, 9.10898222628e-07, 1.03095135273e-06, 6.14361852058e-07, 4.71582950468e-07, 4.46185339342e-07, 4.14861773379e-07, 3.40308929481e-07], "median": [0.000464335287688, 0.000579790386837, 0.000289194838842, 0.000284281675704, 0.000690972956363, 0.000497321248986, 0.000356808945071, 0.000153474247782, 0.000161048272275, 0.000180785689736, 6.36658951407e-05, 4.38575589214e-05, 2.68786334345e-05, 1.68137121364e-05, 1.3007378584e-05, 1.4261612705e-05, 5.31364594281e-06, 7.7413778854e-06, 6.84262840878e-06, 4.99541238241e-06, 4.93629568155e-06, 4.52758240499e-06, 1.87781415661e-06, 1.72278055288e-06, 8.4013521473e-07, 5.05463503941e-07, 5.32366470907e-07, 4.90431432354e-07, 4.492502228e-07, 3.64723405255e-07, 2.13743390987e-07, 1.48786838849e-07, 1.17010301892e-07, 9.96077389459e-08, 9.80845413778e-08, 5.9004207742e-08, 3.91505565744e-08, 3.10841485884e-08, 2.62999986234e-08, 2.20897753422e-08], "min": [1.85946229945e-24, 4.1592707005e-24, 3.16715938862e-24, 3.08211111113e-24, 4.61767146164e-24, 1.98028798278e-24, 1.02136257007e-24, 1.22663906736e-24, 1.42517474821e-24, 3.89272603911e-24, 3.02527802165e-24, 4.20920283479e-24, 2.22465500312e-24, 2.33723018746e-24, 3.18919444307e-24, 4.09716959789e-24, 5.08726892003e-24, 3.82508003319e-24, 4.69566495604e-24, 4.43933209907e-24, 4.8525047035e-24, 5.98659677882e-24, 7.04210134748e-24, 6.36007981896e-24, 5.48715119036e-24, 6.59280404119e-24, 5.2611074367e-24, 5.63025765831e-24, 6.36380955332e-24, 3.61922520226e-24, 6.70361848799e-24, 7.34383827714e-24, 6.25110972895e-24, 6.11450702473e-24, 5.48902197399e-24, 7.05934742459e-24, 7.30906686616e-24, 7.11157080538e-24, 5.08648834217e-24, 7.44818721996e-24], "var": [3.62108335139e-06, 2.49786626227e-06, 1.4417677221e-06, 8.94619461178e-07, 1.96725682144e-06, 4.18441732108e-06, 5.64044398743e-07, 2.14944989807e-07, 3.53877453563e-07, 2.74978162906e-07, 1.18095506707e-07, 8.57067021798e-08, 1.2575879893e-08, 3.1189053562e-09, 5.85215653714e-09, 4.87864904031e-09, 1.55540724744e-09, 1.4800835002e-09, 3.23621685006e-09, 5.74509939621e-10, 6.40340669378e-10, 2.33472546851e-10, 9.79747186158e-11, 9.17771136866e-11, 1.40203820775e-10, 9.44115272072e-11, 8.07178490714e-11, 4.65799968041e-11, 1.70059008542e-10, 5.27901472536e-11, 1.72745550503e-11, 1.14424381428e-11, 5.88522763509e-12, 4.66937035912e-12, 5.29338638894e-12, 1.9696939392e-12, 1.46311456874e-12, 1.3756697604e-12, 1.14842326187e-12, 7.26645089585e-13]}, "mfcc": {"mean": [-698.36138916, 157.912689209, -1.95706033707, 4.69454669952, -11.5899801254, -10.3824129105, -18.4362602234, -8.31938362122, -3.78395795822, -5.28050470352, -7.81987905502, -3.03645920753, -4.00595474243], "cov": [[10991.5878906, -383.394744873, 593.79486084, 1024.2364502, 698.431640625, 804.071472168, 658.728820801, 556.230895996, 320.413970947, 407.730163574, 379.689727783, 330.612854004, 269.242675781], [-383.394744873, 2518.10205078, -115.376022339, -39.502166748, 86.2936401367, 142.570983887, 162.538101196, 172.251541138, 164.186538696, 91.7686538696, 131.427093506, 127.236221313, 66.378074646], [593.79486084, -115.376022339, 621.104553223, 211.152923584, 261.848419189, 231.729064941, 215.972137451, 189.413619995, 140.927505493, 137.300338745, 149.877624512, 108.785507202, 94.6589813232], [1024.2364502, -39.502166748, 211.152923584, 505.988067627, 228.591995239, 179.879058838, 150.968643188, 155.974334717, 161.611953735, 145.153518677, 103.187530518, 121.637870789, 96.0634918213], [698.431640625, 86.2936401367, 261.848419189, 228.591995239, 329.28692627, 260.152893066, 208.328674316, 182.832061768, 154.289123535, 135.72354126, 145.900131226, 110.287223816, 86.5816268921], [804.071472168, 142.570983887, 231.729064941, 179.879058838, 260.152893066, 402.962005615, 293.871520996, 245.953262329, 148.752716064, 175.822570801, 169.760437012, 109.603034973, 95.7483520508], [658.728820801, 162.538101196, 215.972137451, 150.968643188, 208.328674316, 293.871520996, 347.44543457, 255.747741699, 129.804718018, 164.360153198, 166.436904907, 103.646110535, 87.82837677], [556.230895996, 172.251541138, 189.413619995, 155.974334717, 182.832061768, 245.953262329, 255.747741699, 297.299041748, 149.334869385, 156.114242554, 148.988693237, 94.2751846313, 87.14012146], [320.413970947, 164.186538696, 140.927505493, 161.611953735, 154.289123535, 148.752716064, 129.804718018, 149.334869385, 186.656402588, 114.499885559, 101.579307556, 87.9133682251, 68.5123977661], [407.730163574, 91.7686538696, 137.300338745, 145.153518677, 135.72354126, 175.822570801, 164.360153198, 156.114242554, 114.499885559, 175.304275513, 127.746192932, 75.2514572144, 67.4530258179], [379.689727783, 131.427093506, 149.877624512, 103.187530518, 145.900131226, 169.760437012, 166.436904907, 148.988693237, 101.579307556, 127.746192932, 178.214080811, 102.970596313, 70.2102813721], [330.612854004, 127.236221313, 108.785507202, 121.637870789, 110.287223816, 109.603034973, 103.646110535, 94.2751846313, 87.9133682251, 75.2514572144, 102.970596313, 130.795257568, 74.9141769409], [269.242675781, 66.378074646, 94.6589813232, 96.0634918213, 86.5816268921, 95.7483520508, 87.82837677, 87.14012146, 68.5123977661, 67.4530258179, 70.2102813721, 74.9141769409, 99.3582763672]], "icov": [[0.000124133861391, 2.49746808549e-05, 2.80756521533e-05, -0.000207756849704, -4.10920947616e-05, -0.000144938065205, -4.955487384e-05, -3.81033387384e-05, 0.000144891324453, 5.46963638044e-05, -2.71498556685e-05, -4.85741511511e-05, -7.47607100493e-06], [2.49746808549e-05, 0.000485321099404, 0.000267486553639, 0.000199655100005, -3.84986269637e-05, -5.84623148825e-06, -0.000135734167998, -0.000128510713694, -0.000448177161161, 9.56291842158e-05, -5.71559539821e-05, -0.000444092234829, 5.14426028531e-05], [2.80756521533e-05, 0.000267486553639, 0.00269540888257, -8.68910428835e-05, -0.00147634861059, 0.000161256888532, -0.000506460724864, -0.000201986797038, -0.000223036113312, 0.000126811151858, -0.00049588852562, -7.88420657045e-05, -0.000505190342665], [-0.000207756849704, 0.000199655100005, -8.68910428835e-05, 0.00410171970725, -0.00175503687933, 0.000720099080354, 0.000272592063993, -0.000136206392199, -0.00123839289881, -0.00226162327453, 0.00230220006779, -0.00211092596874, -0.000385313294828], [-4.10920947616e-05, -3.84986269637e-05, -0.00147634861059, -0.00175503687933, 0.00961099285632, -0.00361387175508, -0.000365443673218, 0.000820369459689, -0.00272838771343, 0.00190189329442, -0.00231784931384, 0.00015057582641, 6.59879224258e-05], [-0.000144938065205, -5.84623148825e-06, 0.000161256888532, 0.000720099080354, -0.00361387175508, 0.00908233691007, -0.0038827531971, -0.00107757688966, 0.000208734010812, -0.00222622207366, 0.000200281050638, 0.000177209498361, -0.000586852198467], [-4.955487384e-05, -0.000135734167998, -0.000506460724864, 0.000272592063993, -0.000365443673218, -0.0038827531971, 0.0116504244506, -0.00559998489916, 0.00208448711783, -0.00138726388104, -0.00163877382874, -0.000695897324476, 0.000304088229313], [-3.81033387384e-05, -0.000128510713694, -0.000201986797038, -0.000136206392199, 0.000820369459689, -0.00107757688966, -0.00559998489916, 0.0121675888076, -0.00390337081626, -0.00125013652723, -0.00143259344622, 0.0018575907452, -0.00173240655567], [0.000144891324453, -0.000448177161161, -0.000223036113312, -0.00123839289881, -0.00272838771343, 0.000208734010812, 0.00208448711783, -0.00390337081626, 0.0138502018526, -0.00384068978019, 0.000999695854262, -0.00302235898562, -0.00029685953632], [5.46963638044e-05, 9.56291842158e-05, 0.000126811151858, -0.00226162327453, 0.00190189329442, -0.00222622207366, -0.00138726388104, -0.00125013652723, -0.00384068978019, 0.0182204786688, -0.00840578600764, 0.0039411704056, -0.00208861147985], [-2.71498556685e-05, -5.71559539821e-05, -0.00049588852562, 0.00230220006779, -0.00231784931384, 0.000200281050638, -0.00163877382874, -0.00143259344622, 0.000999695854262, -0.00840578600764, 0.0197317525744, -0.00950344000012, 0.00112960103434], [-4.85741511511e-05, -0.000444092234829, -7.88420657045e-05, -0.00211092596874, 0.00015057582641, 0.000177209498361, -0.000695897324476, 0.0018575907452, -0.00302235898562, 0.0039411704056, -0.00950344000012, 0.0214743949473, -0.00883897952735], [-7.47607100493e-06, 5.14426028531e-05, -0.000505190342665, -0.000385313294828, 6.59879224258e-05, -0.000586852198467, 0.000304088229313, -0.00173240655567, -0.00029685953632, -0.00208861147985, 0.00112960103434, -0.00883897952735, 0.0201517380774]]}, "spectral_contrast_coeffs": {"dmean": [0.0473530068994, 0.0449035130441, 0.038938164711, 0.034527529031, 0.027705937624, 0.0238621328026], "dmean2": [0.0763574466109, 0.0707919895649, 0.0607371367514, 0.0526671297848, 0.0425832755864, 0.0371817238629], "dvar": [0.00171828165185, 0.00159936654381, 0.00114520604257, 0.000925324216951, 0.000667120155413, 0.000532320758794], "dvar2": [0.00409544911236, 0.00394440814853, 0.00257452065125, 0.00200949329883, 0.00145966187119, 0.00132404244505], "max": [-0.181446582079, -0.376379191875, -0.474683463573, -0.558049142361, -0.570650815964, -0.64800965786], "mean": [-0.568289935589, -0.680088996887, -0.725164055824, -0.767966151237, -0.789734005928, -0.784171700478], "median": [-0.60077381134, -0.682006835938, -0.728427886963, -0.773539602757, -0.795175552368, -0.783152222633], "min": [-0.973561048508, -0.977587401867, -0.970284223557, -0.96990275383, -0.965468764305, -0.96249806881], "var": [0.0174894034863, 0.00666312128305, 0.0055544138886, 0.00426042545587, 0.0027863313444, 0.00159875664394]}, "spectral_contrast_valleys": {"dmean": [0.461546570063, 0.342807143927, 0.395218372345, 0.508269548416, 0.679165244102, 0.708562910557], "dmean2": [0.756099820137, 0.527883410454, 0.607329249382, 0.716327250004, 0.878634274006, 0.897525548935], "dvar": [0.187257170677, 0.110306493938, 0.162710487843, 0.29661116004, 0.488035559654, 0.480992943048], "dvar2": [0.433456808329, 0.223389089108, 0.327138513327, 0.584515988827, 1.03432774544, 0.898726463318], "max": [-5.16887760162, -4.60193586349, -5.16704702377, -5.33946084976, -5.39019727707, -7.9