{"lowlevel": {"average_loudness": 0.366680234671, "barkbands_crest": {"dmean": 1.91184020042, "dmean2": 2.99974608421, "dvar": 3.49057745934, "dvar2": 9.02985286713, "max": 26.9164237976, "mean": 11.0039367676, "median": 9.92429542542, "min": 3.24901366234, "var": 19.8796443939}, "barkbands_flatness_db": {"dmean": 0.0172130037099, "dmean2": 0.0258454829454, "dvar": 0.000320976483636, "dvar2": 0.000681434583385, "max": 0.812857627869, "mean": 0.272106677294, "median": 0.244385123253, "min": 0.0571733489633, "var": 0.0118022644892}, "barkbands_kurtosis": {"dmean": 1.81400084496, "dmean2": 2.72196602821, "dvar": 75.7017593384, "dvar2": 176.170257568, "max": 767.56854248, "mean": 2.83141636848, "median": 0.815549612045, "min": -1.99281930923, "var": 138.708251953}, "barkbands_skewness": {"dmean": 0.366373538971, "dmean2": 0.537198424339, "dvar": 0.196604385972, "dvar2": 0.425607979298, "max": 26.3036575317, "mean": 1.03747916222, "median": 0.976670622826, "min": -5.11502742767, "var": 1.45390093327}, "barkbands_spread": {"dmean": 1.84246218204, "dmean2": 2.79757452011, "dvar": 3.89000868797, "dvar2": 9.1983757019, "max": 95.4170761108, "mean": 11.1745529175, "median": 10.6556243896, "min": 0.0499806255102, "var": 33.9073371887}, "dissonance": {"dmean": 0.0276306569576, "dmean2": 0.0459788180888, "dvar": 0.000724735902622, "dvar2": 0.00196861708537, "max": 0.500000119209, "mean": 0.421187549829, "median": 0.433923721313, "min": 0.0510606393218, "var": 0.00302062602714}, "dynamic_complexity": 3.80108857155, "erbbands_crest": {"dmean": 2.22402262688, "dmean2": 3.31974577904, "dvar": 4.96416568756, "dvar2": 10.9294567108, "max": 34.9502983093, "mean": 12.7605333328, "median": 11.5856647491, "min": 2.68852996826, "var": 30.4018306732}, "erbbands_flatness_db": {"dmean": 0.0135052027181, "dmean2": 0.0187014825642, "dvar": 0.000212356273551, "dvar2": 0.000401866651373, "max": 0.712693035603, "mean": 0.299378782511, "median": 0.275687724352, "min": 0.0736158192158, "var": 0.00920087005943}, "erbbands_kurtosis": {"dmean": 0.963056862354, "dmean2": 1.4210255146, "dvar": 6.0323882103, "dvar2": 12.8896121979, "max": 127.774688721, "mean": 1.10495936871, "median": 0.0636620521545, "min": -1.8928527832, "var": 24.4328155518}, "erbbands_skewness": {"dmean": 0.288370132446, "dmean2": 0.421991348267, "dvar": 0.0840725302696, "dvar2": 0.181098908186, "max": 8.97309207916, "mean": 0.264430224895, "median": 0.276143550873, "min": -4.81670618057, "var": 0.985783398151}, "erbbands_spread": {"dmean": 3.31703782082, "dmean2": 4.88119077682, "dvar": 11.0361204147, "dvar2": 24.566236496, "max": 88.9597854614, "mean": 19.1059436798, "median": 18.4253444672, "min": 0.209999844432, "var": 76.1690750122}, "hfc": {"dmean": 3.26524496078, "dmean2": 4.57731628418, "dvar": 18.2711696625, "dvar2": 35.7572059631, "max": 107.032463074, "mean": 16.9929428101, "median": 13.8424339294, "min": 1.20267495028e-16, "var": 211.326904297}, "melbands_crest": {"dmean": 2.42795825005, "dmean2": 3.79003405571, "dvar": 5.84253883362, "dvar2": 14.6776685715, "max": 37.4601249695, "mean": 14.0240545273, "median": 12.7617492676, "min": 1.00289797783, "var": 32.4825134277}, "melbands_flatness_db": {"dmean": 0.0185549855232, "dmean2": 0.0270355846733, "dvar": 0.000383922364563, "dvar2": 0.000800963316578, "max": 0.862213671207, "mean": 0.311552941799, "median": 0.27990591526, "min": 3.02003009267e-08, "var": 0.0135421650484}, "melbands_kurtosis": {"dmean": 2.30764341354, "dmean2": 3.44991612434, "dvar": 24.8244380951, "dvar2": 55.2978630066, "max": 274.894897461, "mean": 4.61400318146, "median": 2.30508804321, "min": -1.91901350021, "var": 106.481834412}, "melbands_skewness": {"dmean": 0.400729328394, "dmean2": 0.588268399239, "dvar": 0.173425272107, "dvar2": 0.379871159792, "max": 14.2592840195, "mean": 1.47228085995, "median": 1.38253867626, "min": -7.12767267227, "var": 1.26213383675}, "melbands_spread": {"dmean": 2.92272400856, "dmean2": 4.40983343124, "dvar": 11.0892839432, "dvar2": 25.1626567841, "max": 154.844039917, "mean": 17.1948471069, "median": 14.7659730911, "min": 0.202074378729, "var": 126.078781128}, "pitch_salience": {"dmean": 0.0495272539556, "dmean2": 0.0771586969495, "dvar": 0.00206248601899, "dvar2": 0.00503906793892, "max": 0.996027946472, "mean": 0.493756890297, "median": 0.495948731899, "min": 0.0383443161845, "var": 0.0113390265033}, "silence_rate_20dB": {"dmean": 0, "dmean2": 0, "dvar": 0, "dvar2": 0, "max": 1, "mean": 1, "median": 1, "min": 1, "var": 0}, "silence_rate_30dB": {"dmean": 0.00108464399818, "dmean2": 0.00216937833466, "dvar": 0.00108351954259, "dvar2": 0.0030827014707, "max": 1, "mean": 0.998122811317, "median": 1, "min": 0, "var": 0.00187370216008}, "silence_rate_60dB": {"dmean": 0.0121813854203, "dmean2": 0.0243637878448, "dvar": 0.0120367081836, "dvar2": 0.0260202977806, "max": 1, "mean": 0.1063323915, "median": 0, "min": 0, "var": 0.095047339797}, "spectral_centroid": {"dmean": 109.169624329, "dmean2": 167.694778442, "dvar": 18113.296875, "dvar2": 38784.9140625, "max": 11082.8007812, "mean": 926.029296875, "median": 821.981628418, "min": 235.711105347, "var": 177847.484375}, "spectral_complexity": {"dmean": 1.54361522198, "dmean2": 2.4899456501, "dvar": 2.08722949028, "dvar2": 5.01290273666, "max": 31, "mean": 13.4291677475, "median": 14, "min": 0, "var": 31.2132282257}, "spectral_decrease": {"dmean": 1.19180398883e-09, "dmean2": 1.78935388728e-09, "dvar": 2.1959438759e-18, "dvar2": 5.5914063463e-18, "max": 9.37147760945e-19, "mean": -6.00461103062e-09, "median": -5.31870592013e-09, "min": -3.40387202868e-08, "var": 2.05001974463e-17}, "spectral_energy": {"dmean": 0.0047465255484, "dmean2": 0.00709993578494, "dvar": 3.4091550333e-05, "dvar2": 8.56342812767e-05, "max": 0.133070677519, "mean": 0.0242041312158, "median": 0.0215306058526, "min": 1.11110446092e-20, "var": 0.000326276116539}, "spectral_energyband_high": {"dmean": 4.90753336635e-05, "dmean2": 7.06057908246e-05, "dvar": 4.8833676658e-08, "dvar2": 1.03873148305e-07, "max": 0.00512555241585, "mean": 9.64306091191e-05, "median": 2.20517249545e-05, "min": 7.9637629345e-21, "var": 8.35905211716e-08}, "spectral_energyband_low": {"dmean": 0.00074574444443, "dmean2": 0.00121721054893, "dvar": 3.61594447895e-06, "dvar2": 1.06293864519e-05, "max": 0.0438772514462, "mean": 0.00215843413025, "median": 0.000497287081089, "min": 9.26834507701e-23, "var": 1.33293269755e-05}, "spectral_energyband_middle_high": {"dmean": 0.00193822407164, "dmean2": 0.00262023811229, "dvar": 7.29102566766e-06, "dvar2": 1.35397258418e-05, "max": 0.055733282119, "mean": 0.00735419103876, "median": 0.00507137924433, "min": 1.73989848591e-21, "var": 5.82253851462e-05}, "spectral_energyband_middle_low": {"dmean": 0.00377766368911, "dmean2": 0.00578558491543, "dvar": 2.6706038625e-05, "dvar2": 7.20776006347e-05, "max": 0.115134485066, "mean": 0.0154216503724, "median": 0.0121018663049, "min": 3.27641146484e-22, "var": 0.000187759185792}, "spectral_entropy": {"dmean": 0.128519639373, "dmean2": 0.187199801207, "dvar": 0.0257114954293, "dvar2": 0.0566713027656, "max": 9.80017852783, "mean": 6.35346698761, "median": 6.52653312683, "min": 2.74134230614, "var": 0.588502168655}, "spectral_flux": {"dmean": 0.0133815510198, "dmean2": 0.0221204347908, "dvar": 0.000203448755201, "dvar2": 0.000548998068552, "max": 0.202681466937, "mean": 0.0498201884329, "median": 0.0485524311662, "min": 1.05408938522e-10, "var": 0.000817828811705}, "spectral_kurtosis": {"dmean": 11.1608400345, "dmean2": 19.3220615387, "dvar": 585.861633301, "dvar2": 1663.93225098, "max": 878.526550293, "mean": 28.557767868, "median": 13.0529031754, "min": -1.23955154419, "var": 3064.24121094}, "spectral_rms": {"dmean": 0.000451679108664, "dmean2": 0.000659036100842, "dvar": 2.1579897691e-07, "dvar2": 5.10520635544e-07, "max": 0.0113940797746, "mean": 0.00444785412401, "median": 0.00458317250013, "min": 3.29242210752e-12, "var": 3.83049246011e-06}, "spectral_rolloff": {"dmean": 147.924255371, "dmean2": 256.102722168, "dvar": 76155.984375, "dvar2": 176956.578125, "max": 19982.8125, "mean": 1188.12316895, "median": 1012.06054688, "min": 172.265625, "var": 868172.5625}, "spectral_skewness": {"dmean": 0.692026615143, "dmean2": 1.20484757423, "dvar": 0.714577615261, "dvar2": 2.08700633049, "max": 23.6693458557, "mean": 3.08760929108, "median": 2.37426710129, "min": -0.00915300939232, "var": 5.2640337944}, "spectral_spread": {"dmean": 240705.234375, "dmean2": 390058.84375, "dvar": 101469650944, "dvar2": 171191894016, "max": 41898316, "mean": 2049438.5, "median": 2090395.25, "min": 104604.140625, "var": 662197370880}, "spectral_strongpeak": {"dmean": 0.636252522469, "dmean2": 1.04658353329, "dvar": 1.15901184082, "dvar2": 2.58940529823, "max": 14.8252229691, "mean": 2.08852863312, "median": 1.19493913651, "min": 0, "var": 6.11992263794}, "zerocrossingrate": {"dmean": 0.00376663636416, "dmean2": 0.00464313291013, "dvar": 2.20906385948e-05, "dvar2": 3.54823132511e-05, "max": 0.5224609375, "mean": 0.0426872931421, "median": 0.0380859375, "min": 0.00732421875, "var": 0.00071718916297}, "barkbands": {"dmean": [3.74776533363e-07, 0.000212310100324, 0.000423196703196, 0.000343222549418, 0.00213430915028, 0.00123276619706, 0.00119552819524, 0.000527684693225, 0.000255060236668, 0.000810256286059, 0.000629986112472, 0.000343069928931, 0.000253187085036, 0.00020339943876, 0.000580064835958, 7.32200423954e-05, 0.000151606160216, 5.8926136262e-05, 6.31531002e-05, 3.21078587149e-05, 3.73002258129e-05, 3.11671919917e-06, 1.41405689646e-06, 3.34874789587e-06, 3.36689072356e-06, 8.13028933067e-08, 6.41591624273e-09], "dmean2": [4.91175626394e-07, 0.000281450600596, 0.000714519992471, 0.000571579381358, 0.00338812614791, 0.00190082995687, 0.00186832051259, 0.00067864038283, 0.000335289223585, 0.00109389191493, 0.000860864587594, 0.000468803424155, 0.000346400483977, 0.000258928281255, 0.000836944323964, 0.00011364632519, 0.000248488970101, 9.63303391472e-05, 0.000104955870484, 5.45406619494e-05, 5.39772336197e-05, 5.26890062247e-06, 2.14768760998e-06, 4.63487276647e-06, 4.84099655296e-06, 1.31554244831e-07, 1.0090210445e-08], "dvar": [5.55737660751e-12, 5.00330372688e-07, 1.52745997184e-06, 5.77517994316e-07, 1.49532788782e-05, 5.17445914738e-06, 5.6757467064e-06, 9.76966816779e-07, 4.60945699388e-07, 2.67059931502e-06, 2.52076642937e-06, 4.27685307614e-07, 5.09571123075e-07, 4.4227942908e-07, 2.01427110369e-06, 2.95914084347e-08, 7.8449289731e-08, 2.14270379217e-08, 1.98552800867e-08, 6.85955159341e-09, 3.8258541224e-08, 3.64430048638e-11, 2.8590225673e-11, 8.34241786762e-10, 7.45992045914e-10, 3.95168381524e-14, 5.00481645923e-16], "dvar2": [1.04316321206e-11, 9.1896157528e-07, 4.81147890241e-06, 1.89091679204e-06, 4.37214621343e-05, 1.39924077303e-05, 1.47818936966e-05, 1.61367427154e-06, 7.63623290823e-07, 4.87828947371e-06, 4.90202592118e-06, 7.44433577893e-07, 8.8948758048e-07, 6.45427746804e-07, 3.86374040318e-06, 6.70458391028e-08, 2.02309081487e-07, 5.55489201304e-08, 5.07899784452e-08, 1.98376319815e-08, 8.01764699077e-08, 1.07031446206e-10, 5.73937529447e-11, 1.90610016659e-09, 1.54948154307e-09, 1.09994661762e-13, 1.22031115563e-15], "max": [0.000126891609398, 0.0187326967716, 0.0279337260872, 0.0278225969523, 0.0671947225928, 0.0878582075238, 0.0565375983715, 0.0341596901417, 0.0264296215028, 0.0448463447392, 0.0314911492169, 0.0233472064137, 0.0319708995521, 0.0285469871014, 0.0405120253563, 0.00685351016, 0.00490969792008, 0.00342535064556, 0.00580224068835, 0.00235368171707, 0.00469112116843, 8.43111847644e-05, 0.000266330665909, 0.000913836585823, 0.00101345195435, 4.15757858718e-06, 7.56251665734e-07], "mean": [1.10729035896e-06, 0.000762434618082, 0.000845604459755, 0.000927716086153, 0.00488872965798, 0.00346567644738, 0.00300402310677, 0.00174395600334, 0.000790009042248, 0.00183095457032, 0.0012894696556, 0.000670968205668, 0.000491527549457, 0.000463731004857, 0.00231045647524, 0.000128928702907, 0.000243785369094, 9.53983399086e-05, 0.000112605943286, 5.48275857e-05, 6.29923888482e-05, 6.47044680591e-06, 2.86195540866e-06, 5.03247974848e-06, 4.71869498142e-06, 2.23903612095e-07, 1.13414415637e-08], "median": [1.06090318752e-08, 2.10642137972e-05, 0.000119309406728, 0.000275865895674, 0.00271756527945, 0.00189108715858, 0.00136561109684, 0.000784116680734, 0.000184904551134, 0.000745378958527, 0.000234611230553, 0.000266534538241, 9.32388647925e-05, 8.55553662404e-05, 0.000360655249096, 3.75159143005e-05, 0.000109340471681, 4.69216320198e-05, 4.48864739155e-05, 1.64678567671e-05, 7.8730572568e-06, 2.07517700801e-06, 9.2067193691e-07, 5.20366654655e-07, 1.99827312031e-07, 4.71967673832e-08, 2.32311703208e-09], "min": [3.57767826496e-24, 7.83641549037e-23, 9.59877429775e-24, 6.30267796076e-24, 3.05869803501e-23, 1.08729582091e-22, 7.69167844692e-23, 2.56600296597e-23, 7.24496734222e-23, 4.92248826205e-23, 1.1134805756e-22, 8.25888332173e-23, 5.75120115802e-23, 1.41708398172e-22, 1.45153082377e-22, 1.91859453982e-22, 2.14733012355e-22, 2.5493162228e-22, 3.35469372967e-22, 3.08826245915e-22, 4.1473600999e-22, 6.57600710992e-22, 7.45458409304e-22, 8.70388985578e-22, 1.09777075777e-21, 1.77299096107e-21, 2.53188090742e-21], "var": [3.0183629901e-11, 3.22507457895e-06, 4.01839088227e-06, 3.37944834428e-06, 3.97323892685e-05, 2.73029454547e-05, 2.42023816099e-05, 7.09248161002e-06, 4.63840206066e-06, 8.66581012815e-06, 7.4307745308e-06, 1.320892693e-06, 1.90393041066e-06, 2.10257803701e-06, 2.70257514785e-05, 8.38308338302e-08, 1.43832593835e-07, 3.00606011194e-08, 5.15491436204e-08, 1.37449562843e-08, 6.15694020212e-08, 8.69368049772e-11, 6.47773015783e-11, 1.20718601782e-09, 1.14157472364e-09, 1.64005134885e-13, 7.79228542162e-16]}, "erbbands": {"dmean": [0.00263029150665, 0.062220312655, 0.383292198181, 0.95153349638, 3.38494133949, 8.97153377533, 11.2610378265, 7.98811721802, 15.9486751556, 11.6687116623, 12.6651582718, 5.36558389664, 16.1796035767, 31.8100547791, 20.0276966095, 17.1170768738, 11.4026737213, 13.0644454956, 19.2522640228, 17.4526596069, 5.84191513062, 4.58157396317, 3.84037899971, 3.57024312019, 3.23494720459, 1.05680215359, 0.788164198399, 1.79509305954, 0.223237901926, 0.0560327731073, 0.0407176725566, 0.0299462676048, 0.108874730766, 0.0545938238502, 0.00251146941446, 0.00058749638265, 0.000105920946226, 1.46243082781e-05, 2.81644497591e-06, 5.45865896129e-06], "dmean2": [0.00318978307769, 0.0858456790447, 0.631151378155, 1.62629377842, 5.61128568649, 14.2828454971, 17.1159572601, 11.8884506226, 23.9224052429, 17.8097248077, 15.9193220139, 7.15192604065, 21.5006332397, 43.3884925842, 27.186958313, 23.4745388031, 15.294467926, 16.8325366974, 28.3808841705, 24.6570453644, 9.32974910736, 7.42600393295, 6.29285621643, 5.76971626282, 5.5860915184, 1.74139773846, 1.30557537079, 2.44347810745, 0.335410684347, 0.0892637893558, 0.0644428953528, 0.043060708791, 0.149769961834, 0.0776268988848, 0.00374996801838, 0.000955511815846, 0.00016687255993, 2.18681834667e-05, 4.18802983404e-06, 8.13056703919e-06], "dvar": [0.000115559378173, 0.0411967001855, 1.41914904118, 5.50913190842, 48.5151367188, 341.777679443, 552.077514648, 233.648132324, 925.387756348, 489.27532959, 548.742614746, 128.568023682, 1316.78674316, 4181.43310547, 4040.08569336, 1013.33074951, 1038.63818359, 1396.68249512, 1398.26196289, 2235.51416016, 93.1838150024, 66.1773147583, 102.211296082, 74.0423812866, 49.1659393311, 7.54992485046, 2.6944539547, 156.459152222, 0.883104979992, 0.0169059894979, 0.0103055434301, 0.0243362300098, 0.756199777126, 0.144046276808, 0.000111581335659, 2.20208585233e-06, 6.32958006008e-08, 1.72322900394e-09, 2.14774448226e-11, 4.40766451115e-11], "dvar2": [0.000175543973455, 0.0801757797599, 4.08412504196, 19.0742740631, 158.583480835, 964.231567383, 1371.48608398, 530.048950195, 2208.0847168, 1118.36401367, 880.997924805, 253.713058472, 2238.7434082, 7870.64355469, 8060.3046875, 1791.57263184, 1777.11645508, 2110.8112793, 2837.46557617, 4232.2265625, 232.753189087, 168.965087891, 264.882751465, 168.327697754, 149.499649048, 17.247674942, 6.83588933945, 325.270324707, 1.90875244141, 0.0469083040953, 0.0229193940759, 0.047728408128, 1.71662032604, 0.301151007414, 0.000244530063355, 6.15138014837e-06, 1.65457308299e-07, 3.99527921857e-09, 5.47010076124e-11, 1.08388728548e-10], "max": [0.510994970798, 5.2406167984, 33.6532783508, 61.8193244934, 203.650848389, 350.524078369, 774.040893555, 1025.98498535, 753.358947754, 673.694396973, 856.395507812, 423.637542725, 1737.68359375, 1528.02746582, 1509.3470459, 1193.09411621, 1481.1151123, 1552.58935547, 1094.39904785, 1369.36315918, 206.124526978, 147.036727905, 238.602462769, 417.156463623, 123.335136414, 165.401168823, 38.1183204651, 297.991638184, 22.5625896454, 3.2809650898, 5.04051828384, 9.26856803894, 26.5764694214, 13.6530599594, 0.325170069933, 0.0299526266754, 0.00572145590559, 0.00126083416399, 0.000194245556486, 0.000149011306348], "mean": [0.0115947369486, 0.216114372015, 0.885909378529, 2.45301413536, 7.43244409561, 18.2918243408, 29.9387722015, 23.1325683594, 45.1107444763, 30.4544525146, 44.4669151306, 18.0165996552, 37.9947814941, 70.6987762451, 42.4191436768, 34.8149909973, 24.3116264343, 30.8802375793, 67.9518661499, 71.9546737671, 11.9434690475, 8.40008449554, 6.53037452698, 6.58875083923, 5.20359182358, 2.13149380684, 1.5514421463, 2.80965900421, 0.414000302553, 0.123678065836, 0.0834796801209, 0.0591079369187, 0.151477247477, 0.077278830111, 0.00499613396823, 0.00145013909787, 0.000317295518471, 4.07680818171e-05, 1.41858681673e-05, 2.82494420389e-05], "median": [0.000296956452075, 0.00945674628019, 0.128736525774, 0.75797355175, 3.32761192322, 8.31366539001, 13.7146244049, 11.4333457947, 20.6637191772, 16.7367172241, 17.7000999451, 7.52892684937, 15.4103794098, 27.6397438049, 10.8352985382, 15.573756218, 6.88433170319, 9.15159130096, 17.0953140259, 10.6622819901, 6.55474567413, 4.47404670715, 3.4900894165, 2.73786258698, 2.03503084183, 0.876415491104, 0.484689593315, 0.188761547208, 0.0962058529258, 0.0425715595484, 0.0275574028492, 0.0151278916746, 0.00708987936378, 0.00330996187404, 0.00116784498096, 0.000354607298505, 7.85701558925e-05, 1.04275677586e-05, 1.27162693389e-05, 2.53547732427e-05], "min": [1.53408298442e-21, 1.91845204504e-20, 2.05310493186e-20, 1.40993226215e-20, 5.83158519064e-20, 1.21763894225e-19, 2.91116445517e-19, 1.15618394638e-18, 1.19264854932e-18, 7.58446556541e-19, 6.74377657646e-19, 1.80639743528e-18, 1.17385821113e-18, 2.35953600603e-18, 5.92365626063e-18, 3.08566596021e-18, 2.05123276364e-18, 5.67996678422e-18, 9.09690637884e-18, 8.53731952163e-18, 1.03839936217e-17, 1.03887391569e-17, 1.05291778813e-17, 1.8111028522e-17, 1.89450978947e-17, 1.18964371235e-17, 1.35691998085e-17, 2.15045154783e-17, 2.3298972975e-17, 2.27021720892e-17, 1.94138048995e-17, 1.74397565656e-17, 1.42840873442e-17, 1.06600792132e-17, 9.01610572225e-18, 5.75682964751e-18, 3.78850623065e-18, 1.74308358363e-18, 3.0977833807e-19, 3.16280068157e-20], "var": [0.000868058996275, 0.240228503942, 4.22772932053, 20.58776474, 146.384506226, 735.38659668, 2618.59033203, 1999.47021484, 5046.21972656, 1987.25695801, 5243.29882812, 1039.67700195, 4872.54980469, 12951.7226562, 11089.1503906, 3184.4074707, 4054.57397461, 6505.55859375, 16552.1660156, 28273.6875, 229.340667725, 134.902954102, 139.926986694, 221.521240234, 72.8787155151, 25.1580142975, 7.47982263565, 237.061721802, 1.45551407337, 0.0362311676145, 0.0259907506406, 0.0515795275569, 1.09355473518, 0.220892906189, 0.000182780364412, 6.44219062451e-06, 3.05988464788e-07, 5.31528421277e-09, 1.14563782072e-10, 4.34544678019e-10]}, "gfcc": {"mean": [-106.467544556, 155.213043213, -168.599441528, -11.3206100464, -55.596321106, -21.4008026123, -40.8956604004, -16.0875701904, -22.7430057526, -13.2960395813, -11.1141757965, -13.1665811539, 0.792903482914], "cov": [[18567.5136719, 914.318054199, 676.15637207, 3279.70727539, -1641.14221191, -330.555511475, -701.708557129, -20.8558330536, -684.650085449, 333.420288086, 273.388397217, -182.146850586, -335.326263428], [914.318054199, 2859.02856445, 1350.78125, 440.556640625, 523.539978027, -218.67755127, 622.075317383, 143.878585815, 283.600280762, -164.611953735, 277.725494385, -70.8229370117, -108.65952301], [676.15637207, 1350.78125, 1331.14343262, 610.397338867, 41.2291030884, -83.6812896729, 227.590362549, 122.38583374, 119.477462769, 26.3797168732, 152.442733765, -69.6944198608, -98.9666976929], [3279.70727539, 440.556640625, 610.397338867, 1178.4197998, -286.325378418, -74.5670928955, -75.1760406494, 24.3133506775, -104.342330933, 111.959495544, 167.951187134, -36.2776908875, -122.526184082], [-1641.14221191, 523.539978027, 41.2291030884, -286.325378418, 623.295166016, 190.84223938, 334.723175049, 98.9263687134, 187.937194824, -74.7744140625, 22.3544616699, 19.7128257751, 82.9579315186], [-330.555511475, -218.67755127, -83.6812896729, -74.5670928955, 190.84223938, 346.387268066, 134.805526733, 100.78717804, 74.6903762817, 11.3343219757, -42.7611274719, -17.1853809357, 84.4702606201], [-701.708557129, 622.075317383, 227.590362549, -75.1760406494, 334.723175049, 134.805526733, 416.515716553, 152.850082397, 127.93535614, -90.6916351318, 56.9221572876, 9.69203472137, -0.104523800313], [-20.8558330536, 143.878585815, 122.38583374, 24.3133506775, 98.9263687134, 100.78717804, 152.850082397, 197.03465271, 69.1325759888, -26.8893795013, 9.59873867035, -6.15707349777, 1.13174819946], [-684.650085449, 283.600280762, 119.477462769, -104.342330933, 187.937194824, 74.6903762817, 127.93535614, 69.1325759888, 226.697967529, 55.2617111206, 11.0393810272, -32.2644004822, 60.4566612244], [333.420288086, -164.611953735, 26.3797168732, 111.959495544, -74.7744140625, 11.3343219757, -90.6916351318, -26.8893795013, 55.2617111206, 219.65574646, 67.6332855225, -29.2829284668, 22.5585918427], [273.388397217, 277.725494385, 152.442733765, 167.951187134, 22.3544616699, -42.7611274719, 56.9221572876, 9.59873867035, 11.0393810272, 67.6332855225, 220.847167969, 53.7174453735, -32.6397857666], [-182.146850586, -70.8229370117, -69.6944198608, -36.2776908875, 19.7128257751, -17.1853809357, 9.69203472137, -6.15707349777, -32.2644004822, -29.2829284668, 53.7174453735, 142.901306152, 25.2562007904], [-335.326263428, -108.65952301, -98.9666976929, -122.526184082, 82.9579315186, 84.4702606201, -0.104523800313, 1.13174819946, 60.4566612244, 22.5585918427, -32.6397857666, 25.2562007904, 170.078094482]], "icov": [[0.00028408531216, -0.000806736701634, 0.000708609470166, -0.000611801049672, 0.000802360416856, -0.000757306697778, 0.000512938888278, -0.000585743051488, 0.000812332786154, -0.000771557737608, 0.000566744129173, -0.000291824020678, -2.90684383799e-05], [-0.000806736701634, 0.00447312742472, -0.00327427685261, 0.00119956373237, -0.00339160882868, 0.00443012174219, -0.00325198261999, 0.00262721930631, -0.00373996561393, 0.00427425280213, -0.00318171223626, 0.00255838129669, -0.000567299022805], [0.000708609470166, -0.00327427685261, 0.00392481870949, -0.00198462139815, 0.00271435151808, -0.00253488565795, 0.00151743309107, -0.00221589813009, 0.00199920963496, -0.0029361860361, 0.00212760688737, -0.00120335188694, 0.00037577789044], [-0.000611801049672, 0.00119956373237, -0.00198462139815, 0.00309698330238, -0.000979396048933, 0.000587922346313, -0.000315898214467, 0.000700741773471, -0.0004428770917, 0.000744704680983, -0.00173401925713, 0.0005122993025, 0.000467082165414], [0.000802360416856, -0.00339160882868, 0.00271435151808, -0.000979396048933, 0.0068964259699, -0.0044110910967, 7.80918635428e-05, -0.00106200552545, 0.00107983255293, -0.00206469418481, 0.00157506705727, -0.00181384908501, -0.000415292626712], [-0.000757306697778, 0.00443012174219, -0.00253488565795, 0.000587922346313, -0.0044110910967, 0.00962877180427, -0.00468243099749, 0.000573584577069, -0.0026657753624, 0.00246546790004, -0.00161166023463, 0.00320593314245, -0.00251636933535], [0.000512938888278, -0.00325198261999, 0.00151743309107, -0.000315898214467, 7.80918635428e-05, -0.00468243099749, 0.00991851836443, -0.00430852547288, 0.00115449202713, -0.000142272809171, 6.44398824079e-05, -0.00184210995212, 0.00180572352838], [-0.000585743051488, 0.00262721930631, -0.00221589813009, 0.000700741773471, -0.00106200552545, 0.000573584577069, -0.00430852547288, 0.0100542195141, -0.0042872116901, 0.0034905273933, -0.00168449420016, 0.000884077104274, 0.00050904485397], [0.000812332786154, -0.00373996561393, 0.00199920963496, -0.0004428770917, 0.00107983255293, -0.0026657753624, 0.00115449202713, -0.0042872116901, 0.0131827350706, -0.00775982392952, 0.0033738091588, -0.000199471774977, -0.00209668138996], [-0.000771557737608, 0.00427425280213, -0.0029361860361, 0.000744704680983, -0.00206469418481, 0.00246546790004, -0.000142272809171, 0.0034905273933, -0.00775982392952, 0.0134502490982, -0.00745817366987, 0.0046805664897, -0.00135524524376], [0.000566744129173, -0.00318171223626, 0.00212760688737, -0.00173401925713, 0.00157506705727, -0.00161166023463, 6.44398824079e-05, -0.00168449420016, 0.0033738091588, -0.00745817366987, 0.0111341122538, -0.00603999989107, 0.00194055389147], [-0.000291824020678, 0.00255838129669, -0.00120335188694, 0.0005122993025, -0.00181384908501, 0.00320593314245, -0.00184210995212, 0.000884077104274, -0.000199471774977, 0.0046805664897, -0.00603999989107, 0.0120359063148, -0.00348289730027], [-2.90684383799e-05, -0.000567299022805, 0.00037577789044, 0.000467082165414, -0.000415292626712, -0.00251636933535, 0.00180572352838, 0.00050904485397, -0.00209668138996, -0.00135524524376, 0.00194055389147, -0.00348289730027, 0.00927977822721]]}, "melbands": {"dmean": [4.10923821619e-05, 0.0001600010728, 0.000177462221473, 0.000484412128571, 0.000367688771803, 0.000193123385543, 0.00025941626518, 0.00011679486488, 9.92113418761e-05, 3.47601817339e-05, 8.18299886305e-05, 0.000131210617837, 6.45749241812e-05, 5.00866881339e-05, 2.97499045701e-05, 2.62877820205e-05, 2.5836063287e-05, 2.15107502299e-05, 5.38913554919e-05, 6.91588547852e-06, 8.49443040352e-06, 6.25216307526e-06, 4.58868089481e-06, 2.68363419309e-06, 3.22517735185e-06, 2.37675158132e-06, 1.91441608877e-06, 5.44072122466e-07, 4.59214874127e-07, 7.35959815756e-07, 1.09856193831e-06, 9.47726093159e-08, 3.98231811971e-08, 2.67792223951e-08, 2.48735947395e-08, 2.7992467011e-08, 1.41630636108e-08, 5.36152953146e-08, 1.16307681708e-07, 2.2949389944e-08], "dmean2": [5.2307950682e-05, 0.000257755251369, 0.00029930981691, 0.000787635683082, 0.000559801410418, 0.000289116083877, 0.000396002142224, 0.000176193570951, 0.000124940052046, 4.61361087218e-05, 0.000108917571197, 0.000179058959475, 8.81809100974e-05, 6.87064239173e-05, 4.01445322495e-05, 3.58686738764e-05, 3.30342008965e-05, 3.20945655403e-05, 7.61563715059e-05, 1.07481910163e-05, 1.38461500683e-05, 1.01291270767e-05, 7.55338442104e-06, 4.3648215069e-06, 5.20076810062e-06, 4.11303153669e-06, 3.30338320964e-06, 8.75977377746e-07, 7.8885966559e-07, 1.11096392175e-06, 1.48439107761e-06, 1.63998535641e-07, 6.47249507324e-08, 4.36584883801e-08, 4.14938696736e-08, 4.06480218373e-08, 2.13602575627e-08, 7.34126217594e-08, 1.6456432661e-07, 3.28996101473e-08], "dvar": [2.06438350858e-08, 2.32877056305e-07, 1.26648060927e-07, 1.04054925032e-06, 4.44823655243e-07, 1.20048383678e-07, 2.47456085845e-07, 4.78748702903e-08, 3.6131947212e-08, 6.68277433391e-09, 3.29344800321e-08, 7.3678272372e-08, 3.2202351008e-08, 9.43965616784e-09, 4.53466952877e-09, 6.97405022621e-09, 6.80821532484e-09, 1.60631685731e-09, 2.31014745111e-08, 2.63263300049e-10, 2.44774228664e-10, 1.34815283936e-10, 1.31433294803e-10, 3.81275393202e-11, 7.29271018574e-11, 3.46327168332e-11, 2.35956965772e-11, 3.71632195503e-12, 1.28512001388e-12, 8.06264690428e-12, 6.50412362857e-11, 4.44822469332e-14, 6.84639197684e-15, 3.61130760644e-15, 2.37022603828e-15, 4.04812258205e-14, 4.01960925076e-15, 2.70349741942e-13, 6.11486447415e-13, 2.58479540804e-14], "dvar2": [3.48392390492e-08, 6.31322450317e-07, 4.21331236566e-07, 3.06259062199e-06, 1.09254540348e-06, 2.8228387805e-07, 6.23084815743e-07, 1.04609576113e-07, 5.89123843042e-08, 1.22096466271e-08, 5.63382975827e-08, 1.38519084203e-07, 6.41588044914e-08, 1.78050481026e-08, 7.37981764587e-09, 1.25242909377e-08, 1.00315133977e-08, 3.41234573931e-09, 4.35236486851e-08, 5.99804261814e-10, 6.29980401179e-10, 3.3901267904e-10, 3.45757783515e-10, 9.70678329382e-11, 1.60628427226e-10, 1.0553259655e-10, 7.20042844793e-11, 7.72504109292e-12, 3.50316520584e-12, 1.7303596056e-11, 1.35010017055e-10, 1.32066097424e-13, 1.87182710873e-14, 1.01241308089e-14, 6.91512870051e-15, 7.91725016168e-14, 7.5113069112e-15, 6.16567723526e-13, 1.30402470506e-12, 5.40135698755e-14], "max": [0.00517398305237, 0.0138299744576, 0.0108793275431, 0.01840550825, 0.0209788065404, 0.0206812117249, 0.0119293238968, 0.00641308678314, 0.00687752617523, 0.00291407317854, 0.00863153301179, 0.00672362046316, 0.00410978775471, 0.00258161081001, 0.00216755107976, 0.00435160892084, 0.00356365251355, 0.00100962934084, 0.00439206045121, 0.000656217744108, 0.000289523217361, 0.000219506197027, 0.000245396513492, 0.000161706193467, 0.000440357835032, 0.000118927469885, 9.42887636484e-05, 0.000129061896587, 4.30368636444e-05, 6.14853634033e-05, 0.000191441533389, 3.98285101255e-06, 1.83585746072e-06, 1.35254458655e-06, 7.9379572071e-07, 1.26521827042e-05, 5.07878803546e-06, 1.64648154168e-05, 2.51983910857e-05, 5.5970572248e-06], "mean": [0.000165420133271, 0.00040828663623, 0.000490146281663, 0.000966083200183, 0.000969496031757, 0.000548540207092, 0.000707980652805, 0.000314648845233, 0.000345161068253, 0.000103744881926, 0.000188648511539, 0.000284337002086, 0.000133943874971, 0.000100102872238, 6.2918094045e-05, 4.95249296364e-05, 5.79506231588e-05, 5.95700003032e-05, 0.000224722636631, 1.28856563606e-05, 1.33364037538e-05, 1.0323895367e-05, 7.12644305167e-06, 4.51644518762e-06, 5.55237784283e-06, 3.47026571035e-06, 3.05188973471e-06, 1.01271530184e-06, 7.87821420545e-07, 1.39368410146e-06, 1.59181888648e-06, 1.69827544028e-07, 8.17040302081e-08, 5.06155615199e-08, 4.70339074354e-08, 4.76495785051e-08, 2.76464948712e-08, 7.49575121972e-08, 1.564499712e-07, 3.43023316418e-08], "median": [3.8268381104e-06, 4.45521291113e-05, 0.000207738310564, 0.000387939857319, 0.000511661346536, 0.00028157280758, 0.000332498049829, 0.000180385846761, 0.000126811472001, 3.36349112331e-05, 7.30468527763e-05, 9.60943289101e-05, 2.6833749871e-05, 3.91874127672e-05, 2.30497134908e-05, 8.67334802024e-06, 1.13488276838e-05, 1.97063636733e-05, 2.36908690567e-05, 4.74073385703e-06, 5.88866441831e-06, 4.5212900659e-06, 3.11826715915e-06, 2.25645499086e-06, 1.67236271409e-06, 1.22388985346e-06, 9.97143274617e-07, 3.39225550761e-07, 2.50515256539e-07, 1.60767129387e-07, 5.76838168342e-08, 5.10327495817e-08, 2.65109889597e-08, 1.71865863763e-08, 1.48472114603e-08, 8.90981510793e-09, 7.86922882412e-09, 4.197543646e-09, 3.6135725523e-09, 2.10680273227e-09], "min": [1.86466018284e-23, 1.75691219615e-23, 3.60416387542e-24, 6.82676598618e-24, 9.29843522961e-24, 2.53542024862e-23, 1.71994159874e-23, 6.53681858275e-24, 5.36587920897e-24, 1.24494722735e-23, 5.7966359174e-24, 9.00055898522e-24, 1.65488565984e-23, 1.27744395791e-23, 4.27645480468e-24, 5.7064142901e-24, 1.16442898361e-23, 1.46047357187e-23, 1.29062905796e-23, 1.29442694991e-23, 1.16232351386e-23, 1.07771833954e-23, 1.05678686206e-23, 1.13265295638e-23, 1.44963209868e-23, 1.56254223336e-23, 1.14005444382e-23, 6.93051302813e-24, 1.04409945435e-23, 6.38725371056e-24, 1.44586923216e-23, 1.37382982321e-23, 1.25957357628e-23, 1.30423856519e-23, 1.19916276593e-23, 9.82824446875e-24, 1.07542874965e-23, 9.29401603082e-24, 1.06573349136e-23, 8.36386855975e-24], "var": [1.57747720664e-07, 7.57214650093e-07, 6.60930311369e-07, 2.33802438743e-06, 2.11841756936e-06, 9.16509520721e-07, 1.21970867895e-06, 1.9613788993e-07, 3.667482531e-07, 4.73554351288e-08, 1.22267735492e-07, 2.26704898409e-07, 9.14170712463e-08, 2.85293229041e-08, 1.69581362286e-08, 2.22769749314e-08, 3.1305205539e-08, 9.76421077326e-09, 2.99592073816e-07, 7.55473905656e-10, 4.44563441615e-10, 2.63297966763e-10, 1.89323723365e-10, 6.01732760841e-11, 2.26521940094e-10, 4.62468917328e-11, 3.70367868319e-11, 1.33406072647e-11, 2.94808166594e-12, 1.92711228919e-11, 9.70548502677e-11, 8.20014561353e-14, 1.6813012774e-14, 6.75250091573e-15, 5.91157422899e-15, 8.4071028676e-14, 9.68094114801e-15, 3.90124483282e-13, 9.20011029165e-13, 4.08835800229e-14]}, "mfcc": {"mean": [-733.304931641, 177.896469116, -43.0420265198, 2.68816447258, -12.7078227997, -15.4552202225, -14.6290102005, -15.8906002045, -12.3277769089, -9.58362007141, -14.6740198135, -13.308008194, -6.5852355957], "cov": [[11284.0693359, 1752.60644531, -832.817382812, 1378.03735352, -298.824127197, -274.841400146, -197.229568481, -487.764556885, -557.440673828, -214.81652832, 121.537994385, 192.878997803, -162.253219604], [1752.60644531, 2847.33813477, 580.840698242, 791.602416992, 344.519958496, 69.6929168701, 368.948822021, 375.649505615, 94.9199752808, 236.947784424, 336.426940918, 280.361358643, 106.805847168], [-832.817382812, 580.840698242, 788.551269531, 274.048217773, 200.876251221, 83.7318267822, 170.696350098, 167.258712769, 141.534545898, 175.70854187, 174.989868164, 97.962600708, 34.7188301086], [1378.03735352, 791.602416992, 274.048217773, 650.396484375, 141.480529785, 39.8314323425, 121.379981995, 66.8148574829, -52.3092842102, 76.5575408936, 178.646240234, 166.09072876, 15.2062416077], [-298.824127197, 344.519958496, 200.876251221, 141.480529785, 281.007019043, 134.933853149, 164.137954712, 101.227027893, 134.375228882, 87.8425292969, 112.767227173, 91.3167495728, 70.2118835449], [-274.841400146, 69.6929168701, 83.7318267822, 39.8314323425, 134.933853149, 232.316925049, 155.912063599, 112.990959167, 134.081924438, 87.5805664062, 38.2656669617, 44.266834259, 71.7388534546], [-197.229568481, 368.948822021, 170.696350098, 121.379981995, 164.137954712, 155.912063599, 327.223632812, 226.178466797, 144.090896606, 115.893112183, 115.036170959, 94.7654647827, 69.0850067139], [-487.764556885, 375.649505615, 167.258712769, 66.8148574829, 101.227027893, 112.990959167, 226.178466797, 423.925048828, 148.684570312, 104.795555115, 16.8061962128, 42.3103713989, 75.8857192993], [-557.440673828, 94.9199752808, 141.534545898, -52.3092842102, 134.375228882, 134.081924438, 144.090896606, 148.684570312, 367.479156494, 151.102508545, 7.9433555603, -42.4285888672, 72.1441574097], [-214.81652832, 236.947784424, 175.70854187, 76.5575408936, 87.8425292969, 87.5805664062, 115.893112183, 104.795555115, 151.102508545, 237.298919678, 96.873626709, -13.7901439667, 2.54257774353], [121.537994385, 336.426940918, 174.989868164, 178.646240234, 112.767227173, 38.2656669617, 115.036170959, 16.8061962128, 7.9433555603, 96.873626709, 258.868988037, 152.87461853, -3.05933189392], [192.878997803, 280.361358643, 97.962600708, 166.09072876, 91.3167495728, 44.266834259, 94.7654647827, 42.3103713989, -42.4285888672, -13.7901439667, 152.87461853, 297.38772583, 115.008773804], [-162.253219604, 106.805847168, 34.7188301086, 15.2062416077, 70.2118835449, 71.7388534546, 69.0850067139, 75.8857192993, 72.1441574097, 2.54257774353, -3.05933189392, 115.008773804, 219.105789185]], "icov": [[0.000238670414547, -0.000141179159982, 0.000428750994615, -0.000651695590932, 0.000400115473894, -2.75817019428e-05, -7.1682559792e-05, 0.00029753067065, -0.000137092356454, 7.90692793089e-05, 5.48022617295e-05, -9.59736462391e-06, 7.324499893e-05], [-0.000141179159982, 0.000760403403547, -0.000303345528664, -0.000224573319429, -0.000591031624936, 0.000599188904744, -0.000153734261403, -0.00054557895055, 0.00010956684855, -0.000256974599324, -0.000209853722481, 1.81213399628e-05, -0.000226457923418], [0.000428750994615, -0.000303345528664, 0.00272391992621, -0.00160458381288, 8.8076449174e-06, 0.000308733899146, 8.42420922709e-05, 0.000125226695673, -0.000582355889492, -0.000499714922626, -0.000386281026294, -7.20662719687e-05, 0.000201249422389], [-0.000651695590932, -0.000224573319429, -0.00160458381288, 0.00467097153887, -0.00153374730144, -0.000278749648714, 0.000126043029013, -0.000554319471121, 0.0013241097331, -0.000613066891674, -0.000252821162576, -0.000689911365043, 0.000221689653699], [0.000400115473894, -0.000591031624936, 8.8076449174e-06, -0.00153374730144, 0.00828843563795, -0.00263591739349, -0.00108440942131, 0.00103017711081, -0.0019178527873, 0.00131619744934, -0.00163416576106, 3.53371324309e-05, -0.000543546047993], [-2.75817019428e-05, 0.000599188904744, 0.000308733899146, -0.000278749648714, -0.00263591739349, 0.00859983358532, -0.00268426374532, -3.11086696456e-05, -0.00066040531965, -0.00179456325714, 0.00135095394216, -0.000642656872515, -0.000861534732394], [-7.1682559792e-05, -0.000153734261403, 8.42420922709e-05, 0.000126043029013, -0.00108440942131, -0.00268426374532, 0.00821125693619, -0.00307503994554, -0.000724605110008, 0.00014543668658, -0.00238265655935, -0.000236681255046, 2.99681560136e-05], [0.00029753067065, -0.00054557895055, 0.000125226695673, -0.000554319471121, 0.00103017711081, -3.11086696456e-05, -0.00307503994554, 0.00497668236494, -0.000519186782185, -0.000753495784011, 0.00215575122274, -0.000662974838633, -1.13005653475e-05], [-0.000137092356454, 0.00010956684855, -0.000582355889492, 0.0013241097331, -0.0019178527873, -0.00066040531965, -0.000724605110008, -0.000519186782185, 0.00584565103054, -0.00256036827341, 0.000601849111263, 0.00143789732829, -0.00155687471852], [7.90692793089e-05, -0.000256974599324, -0.000499714922626, -0.000613066891674, 0.00131619744934, -0.00179456325714, 0.00014543668658, -0.000753495784011, -0.00256036827341, 0.00915777962655, -0.00441258121282, 0.00304003595375, -0.000234097955399], [5.48022617295e-05, -0.000209853722481, -0.000386281026294, -0.000252821162576, -0.00163416576106, 0.00135095394216, -0.00238265655935, 0.00215575122274, 0.000601849111263, -0.00441258121282, 0.0112297451124, -0.00606052111834, 0.0034986124374], [-9.59736462391e-06, 1.81213399628e-05, -7.20662719687e-05, -0.000689911365043, 3.53371324309e-05, -0.000642656872515, -0.000236681255046, -0.000662974838633, 0.00143789732829, 0.00304003595375, -0.00606052111834, 0.00940393283963, -0.00498278532177], [7.324499893e-05, -0.000226457923418, 0.000201249422389, 0.000221689653699, -0.000543546047993, -0.000861534732394, 2.99681560136e-05, -1.13005653475e-05, -0.00155687471852, -0.000234097955399, 0.0034986124374, -0.00498278532177, 0.00831174384803]]}, "spectral_contrast_coeffs": {"dmean": [0.043485391885, 0.036900151521, 0.0352727174759, 0.028958870098, 0.0232598781586, 0.0183724164963], "dmean2": [0.0717412084341, 0.0594640597701, 0.0537207089365, 0.044825527817, 0.0372867807746, 0.0303572844714], "dvar": [0.00131410814356, 0.000949999026489, 0.000881748681422, 0.00062704901211, 0.000413712608861, 0.00033236326999], "dvar2": [0.00351738417521, 0.00244548846968, 0.00200262689032, 0.00142296671402, 0.00103063706774, 0.000860842876136], "max": [-0.170001864433, -0.335364282131, -0.379865050316, -0.382241457701, -0.512066662312, -0.548987388611], "mean": [-0.510443627834, -0.676767647266, -0.676164746284, -0.678184211254, -0.72279638052, -0.738523542881], "median": [-0.518198668957, -0.675595879555, -0.679480671883, -0.695221662521, -0.718327701092, -0.735316514969], "min": [-0.987409830093, -0.99612903595, -0.998191773891, -0.990387380123, -0.988430261612, -0.965629458427], "var": [0.0192486848682, 0.00751845026389, 0.00575038092211, 0.00947749242187, 0.00428895140067, 0.0043344120495]}, "spectral_contrast_valleys": {"dmean": [0.428830504417, 0.28739836812, 0.269830316305, 0.252931803465, 0.221140101552, 0.287031024694], "dmean2": [0.714971363544, 0.462969899178, 0.428585290909, 0.387225419283, 0.317044138908, 0.405945539474], "dvar": [0.183542311192, 0.0732343941927, 0.0732085555792,