{"lowlevel": {"average_loudness": 0.870091974735, "barkbands_crest": {"dmean": 1.73635494709, "dmean2": 2.67052793503, "dvar": 3.30776667595, "dvar2": 8.10566806793, "max": 24.9444103241, "mean": 13.1189727783, "median": 12.4801540375, "min": 4.02238750458, "var": 18.9713077545}, "barkbands_flatness_db": {"dmean": 0.0173110365868, "dmean2": 0.0273787956685, "dvar": 0.000295312871458, "dvar2": 0.00068902480416, "max": 0.556992769241, "mean": 0.345821350813, "median": 0.339856445789, "min": 0.0649001970887, "var": 0.00510668801144}, "barkbands_kurtosis": {"dmean": 1.8178126812, "dmean2": 2.74862909317, "dvar": 5.3123664856, "dvar2": 11.4121379852, "max": 49.0772247314, "mean": 6.12552309036, "median": 4.6752204895, "min": -1.59265565872, "var": 33.4733009338}, "barkbands_skewness": {"dmean": 0.31596660614, "dmean2": 0.477728784084, "dvar": 0.106082879007, "dvar2": 0.231709375978, "max": 4.84461832047, "mean": 1.38100755215, "median": 1.39629006386, "min": -2.16847324371, "var": 1.06114411354}, "barkbands_spread": {"dmean": 0.752402424812, "dmean2": 1.15091919899, "dvar": 1.2663115263, "dvar2": 2.58455824852, "max": 62.0154685974, "mean": 4.3974199295, "median": 3.57956624031, "min": 0.496114850044, "var": 13.5120134354}, "dissonance": {"dmean": 0.0353718101978, "dmean2": 0.0598531626165, "dvar": 0.00114787160419, "dvar2": 0.00313689373434, "max": 0.499985992908, "mean": 0.380906879902, "median": 0.386798292398, "min": 0.153172880411, "var": 0.00388483935967}, "dynamic_complexity": 4.08199882507, "erbbands_crest": {"dmean": 2.1332514286, "dmean2": 3.2007856369, "dvar": 5.51562976837, "dvar2": 12.3720750809, "max": 30.719865799, "mean": 14.8956489563, "median": 14.086523056, "min": 2.74516582489, "var": 34.2086334229}, "erbbands_flatness_db": {"dmean": 0.01289787516, "dmean2": 0.0193892270327, "dvar": 0.00017894100165, "dvar2": 0.000395904236939, "max": 0.557000517845, "mean": 0.36785697937, "median": 0.364534705877, "min": 0.0523054748774, "var": 0.00476226070896}, "erbbands_kurtosis": {"dmean": 1.21144485474, "dmean2": 1.82354319096, "dvar": 3.07880043983, "dvar2": 7.06961297989, "max": 29.4766578674, "mean": 3.2114648819, "median": 1.9541258812, "min": -1.45788609982, "var": 16.9681720734}, "erbbands_skewness": {"dmean": 0.262010335922, "dmean2": 0.395298361778, "dvar": 0.0793521255255, "dvar2": 0.187601819634, "max": 4.57173252106, "mean": 1.06454861164, "median": 1.06556940079, "min": -1.22945952415, "var": 0.625674068928}, "erbbands_spread": {"dmean": 1.62060201168, "dmean2": 2.43894171715, "dvar": 3.52798438072, "dvar2": 7.89536762238, "max": 66.1305923462, "mean": 10.5860815048, "median": 9.56924533844, "min": 1.16820085049, "var": 47.076374054}, "hfc": {"dmean": 2.32358932495, "dmean2": 3.00916910172, "dvar": 19.484790802, "dvar2": 37.4028511047, "max": 74.173866272, "mean": 9.10323905945, "median": 6.28667259216, "min": 1.10176096696e-16, "var": 85.583442688}, "melbands_crest": {"dmean": 2.14165401459, "dmean2": 3.43446469307, "dvar": 5.10044956207, "dvar2": 13.5177230835, "max": 32.3193092346, "mean": 15.0807876587, "median": 14.2921466827, "min": 1.47376728058, "var": 26.166469574}, "melbands_flatness_db": {"dmean": 0.017929919064, "dmean2": 0.0280583258718, "dvar": 0.000352177099558, "dvar2": 0.00080033991253, "max": 0.675471305847, "mean": 0.441334694624, "median": 0.433505356312, "min": 0.000824399292469, "var": 0.00759643130004}, "melbands_kurtosis": {"dmean": 1.786272645, "dmean2": 2.71559047699, "dvar": 6.04171562195, "dvar2": 13.6297197342, "max": 58.4779663086, "mean": 5.70614242554, "median": 4.31180763245, "min": -1.39524352551, "var": 31.0641155243}, "melbands_skewness": {"dmean": 0.310266911983, "dmean2": 0.464596867561, "dvar": 0.101116210222, "dvar2": 0.231279492378, "max": 5.16371774673, "mean": 1.26206469536, "median": 1.22426748276, "min": -2.18610405922, "var": 0.925136566162}, "melbands_spread": {"dmean": 1.16473793983, "dmean2": 1.8063570261, "dvar": 10.7061414719, "dvar2": 17.554851532, "max": 171.604278564, "mean": 7.32257032394, "median": 5.54966259003, "min": 1.15198993683, "var": 133.377685547}, "pitch_salience": {"dmean": 0.0450807921588, "dmean2": 0.0708709284663, "dvar": 0.00227259658277, "dvar2": 0.00550417741761, "max": 0.990220010281, "mean": 0.545198202133, "median": 0.544878125191, "min": 0.168584614992, "var": 0.0125934304669}, "silence_rate_20dB": {"dmean": 0, "dmean2": 0, "dvar": 0, "dvar2": 0, "max": 1, "mean": 1, "median": 1, "min": 1, "var": 0}, "silence_rate_30dB": {"dmean": 0.00343864178285, "dmean2": 0.00687876204029, "dvar": 0.00342659698799, "dvar2": 0.00898072589189, "max": 1, "mean": 0.997206687927, "median": 1, "min": 0, "var": 0.00278537254781}, "silence_rate_60dB": {"dmean": 0.0150440577418, "dmean2": 0.0300945825875, "dvar": 0.0148178087547, "dvar2": 0.0317678228021, "max": 1, "mean": 0.0930382460356, "median": 0, "min": 0, "var": 0.0843815729022}, "spectral_centroid": {"dmean": 32.872303009, "dmean2": 51.3173446655, "dvar": 18570.6289062, "dvar2": 38986.0117188, "max": 11544.8955078, "mean": 549.659851074, "median": 453.33770752, "min": 254.768035889, "var": 808139.25}, "spectral_complexity": {"dmean": 1.29593813419, "dmean2": 2.07523655891, "dvar": 1.98788833618, "dvar2": 3.96133089066, "max": 22, "mean": 9.6807050705, "median": 10, "min": 0, "var": 14.5121841431}, "spectral_decrease": {"dmean": 1.27171007058e-09, "dmean2": 1.69690983487e-09, "dvar": 4.56520235605e-18, "dvar2": 8.55023429254e-18, "max": 1.97734589426e-28, "mean": -5.20222931399e-09, "median": -3.97652666351e-09, "min": -3.66746846225e-08, "var": 2.26332150046e-17}, "spectral_energy": {"dmean": 0.00500532612205, "dmean2": 0.00667054299265, "dvar": 7.13627232471e-05, "dvar2": 0.000133804918732, "max": 0.143812075257, "mean": 0.0204601120204, "median": 0.0156121887267, "min": 1.03781310825e-20, "var": 0.00035200061393}, "spectral_energyband_high": {"dmean": 1.18067998756e-06, "dmean2": 1.36444157306e-06, "dvar": 5.5128599602e-11, "dvar2": 6.94866664208e-11, "max": 0.000248264259426, "mean": 2.32902243624e-06, "median": 3.24302618537e-07, "min": 7.23564527824e-21, "var": 1.9773238602e-10}, "spectral_energyband_low": {"dmean": 0.000353337702109, "dmean2": 0.000575936574023, "dvar": 4.38478508613e-07, "dvar2": 1.13557928216e-06, "max": 0.0120990183204, "mean": 0.000810950354207, "median": 0.000375393836293, "min": 2.18067896588e-23, "var": 1.21805078379e-06}, "spectral_energyband_middle_high": {"dmean": 0.000387480802601, "dmean2": 0.000506993499584, "dvar": 1.10616770144e-06, "dvar2": 2.29367083193e-06, "max": 0.0252819471061, "mean": 0.0012275588233, "median": 0.000722268945538, "min": 1.17978311037e-21, "var": 3.09091524286e-06}, "spectral_energyband_middle_low": {"dmean": 0.00472102453932, "dmean2": 0.00637360289693, "dvar": 6.32531227893e-05, "dvar2": 0.000122875455418, "max": 0.139277383685, "mean": 0.0187120717019, "median": 0.0140119837597, "min": 1.90085463579e-22, "var": 0.000314352160785}, "spectral_entropy": {"dmean": 0.126698404551, "dmean2": 0.190958172083, "dvar": 0.0267257001251, "dvar2": 0.0575347878039, "max": 9.81395339966, "mean": 5.71465110779, "median": 5.73070430756, "min": 4.03858327866, "var": 0.368222594261}, "spectral_flux": {"dmean": 0.0145977158099, "dmean2": 0.0220137741417, "dvar": 0.000484199350467, "dvar2": 0.00103110680357, "max": 0.246216773987, "mean": 0.0374317541718, "median": 0.0285457577556, "min": 6.49872516911e-11, "var": 0.00100168597419}, "spectral_kurtosis": {"dmean": 28.3680953979, "dmean2": 48.9766387939, "dvar": 883.32623291, "dvar2": 2413.39990234, "max": 468.438568115, "mean": 91.3579483032, "median": 70.6847763062, "min": -1.23173701763, "var": 4800.90380859}, "spectral_rms": {"dmean": 0.000492015795317, "dmean2": 0.000645691470709, "dvar": 4.38177011119e-07, "dvar2": 7.2337633128e-07, "max": 0.0118450187147, "mean": 0.00401046313345, "median": 0.00390274240635, "min": 3.1819813711e-12, "var": 3.87727322959e-06}, "spectral_rolloff": {"dmean": 56.1903877258, "dmean2": 94.7829284668, "dvar": 139399.46875, "dvar2": 203547.21875, "max": 19573.6816406, "mean": 719.02545166, "median": 538.330078125, "min": 236.865234375, "var": 2578989.25}, "spectral_skewness": {"dmean": 1.46934342384, "dmean2": 2.57246875763, "dvar": 1.83660936356, "dvar2": 5.13998937607, "max": 16.5852890015, "mean": 6.44827747345, "median": 5.78047609329, "min": -0.061230763793, "var": 8.32617282867}, "spectral_spread": {"dmean": 254635.1875, "dmean2": 449361.59375, "dvar": 246838804480, "dvar2": 515233185792, "max": 42405816, "mean": 1364945.5, "median": 1000383.75, "min": 225171.03125, "var": 11571722977300.0}, "spectral_strongpeak": {"dmean": 0.318860858679, "dmean2": 0.48295339942, "dvar": 0.245978996158, "dvar2": 0.525262176991, "max": 6.57035732269, "mean": 1.27938115597, "median": 1.07737421989, "min": 0, "var": 1.03112447262}, "zerocrossingrate": {"dmean": 0.00196330412291, "dmean2": 0.00267924927175, "dvar": 7.24027631804e-05, "dvar2": 0.000137200782774, "max": 0.52685546875, "mean": 0.0269249230623, "median": 0.0224609375, "min": 0.009765625, "var": 0.00185286568012}, "barkbands": {"dmean": [3.09881193061e-06, 0.000124253230751, 0.000201061717235, 0.000221863374463, 0.00128271139693, 0.00157996173948, 0.00100359716453, 0.0015204543015, 0.000584542634897, 0.000207394958124, 0.000122489058413, 4.82873947476e-05, 6.86174753355e-05, 5.00170208397e-05, 3.9052531065e-05, 1.55265679496e-05, 1.11145982373e-05, 2.37422159444e-06, 3.64858487956e-06, 1.5214444602e-06, 1.28044021608e-07, 4.36980513996e-08, 1.33420909876e-08, 5.50602363703e-09, 4.22380219689e-09, 1.92757321216e-09, 9.10465480786e-10], "dmean2": [5.432573289e-06, 0.000206881348277, 0.000337959529134, 0.000354358315235, 0.00201490032487, 0.00194009626284, 0.00138066906948, 0.00233760289848, 0.000714844791219, 0.000300953106489, 0.000155247558723, 7.14084526408e-05, 9.71396511886e-05, 5.83333130635e-05, 5.68115028727e-05, 2.21012014663e-05, 1.51865078806e-05, 3.28580904352e-06, 4.32165870734e-06, 1.93749770006e-06, 1.97851662165e-07, 6.08094907761e-08, 2.12046860071e-08, 8.76179395704e-09, 6.9240981837e-09, 3.26688343044e-09, 1.64628177757e-09], "dvar": [3.16592932426e-11, 8.61591900048e-08, 1.55737751584e-07, 1.74602462266e-07, 5.80392816119e-06, 1.18815050882e-05, 5.79583002036e-06, 2.2210948373e-05, 6.02081126999e-06, 6.64665435579e-07, 9.88974449001e-08, 8.59381454887e-09, 1.2020636575e-07, 2.38469510805e-08, 8.49100256772e-09, 2.4230883966e-09, 1.47122447558e-09, 5.16364659364e-11, 2.89996249236e-10, 6.7244869395e-11, 4.24530446604e-13, 3.12351192003e-14, 6.85534299751e-15, 8.24499157705e-17, 1.31217103172e-16, 9.00817885044e-18, 1.81041484472e-18], "dvar2": [8.97014823531e-11, 2.19289631787e-07, 4.19692440801e-07, 4.93972777349e-07, 1.32936038426e-05, 1.57661779667e-05, 1.14651738841e-05, 5.93240001763e-05, 8.77911952557e-06, 1.4921854472e-06, 1.62296018402e-07, 1.76864194401e-08, 1.82628696166e-07, 2.91627983984e-08, 2.02356869039e-08, 4.66792027254e-09, 2.80126455365e-09, 1.0492797603e-10, 4.9471426955e-10, 9.55112447465e-11, 1.09440137074e-12, 5.68922418399e-14, 1.69756532643e-14, 1.92214711796e-16, 3.39367853133e-16, 2.42280953263e-17, 5.66708055105e-18], "max": [7.48893071432e-05, 0.00512469746172, 0.00773164490238, 0.00587527453899, 0.0695765987039, 0.0964180156589, 0.0641258060932, 0.0851669758558, 0.055715277791, 0.0190628189594, 0.00774248410016, 0.0029548923485, 0.0120143303648, 0.00566788576543, 0.00211351760663, 0.0013078507036, 0.000968979788013, 0.00020835660689, 0.000406502193073, 0.000244680180913, 1.52393486132e-05, 4.19884281655e-06, 2.70322993856e-06, 1.86208069408e-07, 2.78570780665e-07, 6.52484786201e-08, 2.00855510002e-08], "mean": [3.08502353619e-06, 0.00020741528715, 0.000388888205634, 0.000470303697512, 0.00406952528283, 0.00547228753567, 0.0034853797406, 0.00343613955192, 0.00160353828687, 0.000404755672207, 0.000362712977221, 0.000112539026304, 0.000148038816405, 0.00012442895968, 9.78635362117e-05, 3.31600203936e-05, 2.32205693464e-05, 5.42824500371e-06, 8.43433099362e-06, 2.58205955106e-06, 2.36828682887e-07, 9.30577002123e-08, 2.90561814609e-08, 1.63332440906e-08, 1.37601237071e-08, 5.53070833575e-09, 1.37575761894e-09], "median": [1.11144993298e-06, 5.34980281373e-05, 0.000141268290463, 0.000205311138416, 0.00260793464258, 0.00200494658202, 0.00154914148152, 0.00108732073568, 0.000277721497696, 0.000131206732476, 0.000133792549605, 5.51341145183e-05, 3.04672066704e-05, 3.11521434924e-05, 3.9830658352e-05, 1.36521994136e-05, 4.44088755103e-06, 1.90883997675e-06, 9.43522650232e-07, 2.57143256022e-07, 6.25610425686e-08, 3.25276978685e-08, 1.50280996536e-08, 1.02486845677e-08, 6.95306567877e-09, 3.24282667385e-09, 9.4519392313e-10], "min": [2.57720734476e-25, 3.21543333728e-24, 9.46472750286e-25, 1.59871852673e-24, 9.9703703826e-24, 1.17355105558e-23, 1.20949810596e-23, 8.37459312376e-24, 1.62258622339e-23, 1.30224968907e-23, 1.90025106253e-23, 3.40004414404e-23, 3.61753025571e-23, 2.87780654965e-23, 4.72706343445e-23, 4.44842009224e-23, 9.15276748807e-23, 1.37850868345e-22, 1.26793196778e-22, 2.13869859685e-22, 3.27687215961e-22, 3.3709384583e-22, 4.15098305405e-22, 5.89775889244e-22, 9.62476846365e-22, 1.36668695277e-21, 2.07503244784e-21], "var": [3.07976734393e-11, 1.81639961738e-07, 4.3798564775e-07, 4.27851261975e-07, 2.68944095296e-05, 8.44120222609e-05, 3.13975979225e-05, 5.06863652845e-05, 2.45800056291e-05, 1.24481528019e-06, 5.0600783652e-07, 3.14110870647e-08, 4.52619616453e-07, 1.30844696855e-07, 2.47958436006e-08, 5.82266190818e-09, 4.63916727256e-09, 1.61088545281e-10, 9.08673025712e-10, 2.02968544749e-10, 5.75827146382e-13, 7.04123852323e-14, 6.54113316111e-15, 4.72471960424e-16, 8.08815403009e-16, 4.81349236288e-17, 2.19092268279e-18]}, "erbbands": {"dmean": [0.00144480506424, 0.0368641577661, 0.209890201688, 0.441124737263, 2.35630774498, 5.28374099731, 8.09621524811, 13.2837839127, 9.08692932129, 35.1790084839, 21.0838127136, 16.6181087494, 7.54509210587, 4.89744234085, 4.43465614319, 2.12201738358, 3.04754376411, 2.90131092072, 2.36724472046, 1.07223522663, 0.723218917847, 0.510225296021, 0.206214234233, 0.185111895204, 0.128863707185, 0.0895110443234, 0.0118331862614, 0.00367532134987, 0.00163722981233, 0.00109014904592, 0.000293381133815, 0.000154102890519, 8.17985201138e-05, 5.68035138713e-05, 3.16086625389e-05, 1.23718673422e-05, 3.82075040761e-06, 8.34774141367e-07, 2.38204393099e-06, 5.61565821044e-06], "dmean2": [0.00238854577765, 0.0611426644027, 0.351570755243, 0.712101101875, 3.78681087494, 8.40078258514, 10.3045463562, 17.2560520172, 10.594751358, 56.5815124512, 28.1955547333, 20.1254425049, 10.1900072098, 7.17623233795, 5.78862762451, 3.1156129837, 4.36089754105, 3.386749506, 3.38960003853, 1.4852553606, 1.02151858807, 0.701545357704, 0.284403264523, 0.199562206864, 0.178476944566, 0.106696911156, 0.0162240993232, 0.00574371777475, 0.00229996722192, 0.00159708212595, 0.000457814981928, 0.000245742994593, 0.000131633627461, 9.14370102691e-05, 5.28746495547e-05, 2.00538452191e-05, 5.99739223617e-06, 1.37182075832e-06, 3.13772170557e-06, 7.4688400673e-06], "dvar": [1.11403851406e-05, 0.00751630635932, 0.183141246438, 0.610680699348, 19.6757698059, 121.010490417, 252.915374756, 830.296081543, 682.202087402, 9717.83496094, 3671.99658203, 4882.49267578, 751.108154297, 382.514312744, 123.670440674, 18.3598365784, 206.506500244, 79.212562561, 32.7930259705, 5.2650513649, 3.71991324425, 2.4922554493, 0.704400539398, 0.605834007263, 0.900683522224, 0.302223533392, 0.00223000836559, 0.000254494865658, 4.16956136178e-05, 3.07425762003e-05, 1.58048521826e-06, 8.37915550278e-08, 2.1418641083e-08, 2.84786043636e-08, 6.76448985715e-09, 4.78803219295e-10, 2.70986913464e-11, 1.1499737794e-12, 1.63671281389e-11, 9.07279876228e-11], "dvar2": [2.83573044726e-05, 0.0192777719349, 0.479709625244, 1.68532919884, 52.7937660217, 285.923309326, 352.894714355, 1283.72180176, 777.78729248, 28007.4335938, 6540.73486328, 7319.12890625, 1333.97949219, 1003.31933594, 214.44720459, 35.5566596985, 332.879333496, 92.5682296753, 77.1081848145, 10.274263382, 7.53002309799, 4.82356929779, 1.30425977707, 0.587702035904, 1.98497533798, 0.382102489471, 0.00438952352852, 0.000653241702821, 7.84728981671e-05, 5.88641851209e-05, 3.83864062314e-06, 2.02435344931e-07, 5.07132220662e-08, 7.78837048188e-08, 1.88178983507e-08, 1.24888677178e-09, 6.46792341907e-11, 3.01561531822e-12, 3.03166901305e-11, 1.70112285369e-10], "max": [0.103019379079, 1.58515894413, 8.76354312897, 12.2062740326, 123.443145752, 293.14163208, 376.133300781, 769.539550781, 987.533752441, 1809.30480957, 1772.65234375, 1519.82861328, 696.020202637, 628.947631836, 246.337814331, 152.578903198, 476.957458496, 292.259155273, 118.390159607, 47.4456253052, 47.499797821, 37.9389877319, 21.6998920441, 24.6985816956, 28.67735672, 17.3281974792, 1.34058511257, 0.363035440445, 0.194188982248, 0.163226723671, 0.0388250239193, 0.00551356608048, 0.00325626018457, 0.00453542079777, 0.00238367542624, 0.000513181497809, 0.000105140017695, 1.98252873815e-05, 6.94560148986e-05, 0.000161779971677], "mean": [0.00283755594864, 0.0622790381312, 0.388565212488, 1.16815829277, 6.66372585297, 15.8571958542, 27.3683395386, 44.5042610168, 37.3896179199, 87.55128479, 55.9606971741, 46.8775901794, 15.3336782455, 12.728058815, 13.0860137939, 5.16183996201, 6.8899731636, 7.53121376038, 5.78836297989, 2.7830517292, 1.68046808243, 1.13743698597, 0.466151744127, 0.537684082985, 0.218356877565, 0.157081469893, 0.0244734622538, 0.00793133676052, 0.00355566781946, 0.00228514545597, 0.000699204334524, 0.000419205840444, 0.000249781587627, 0.000182065748959, 9.98495961539e-05, 4.2643474444e-05, 1.46357724589e-05, 2.63292145064e-06, 9.86626673694e-06, 2.29592606047e-05], "median": [0.000762288400438, 0.01795110479, 0.16068738699, 0.643593072891, 3.61804628372, 8.57704925537, 12.6326570511, 17.005657196, 14.4284820557, 41.4650192261, 18.7510986328, 8.28133487701, 4.76282310486, 5.04166126251, 5.86501312256, 2.77031517029, 1.82324957848, 2.09490656853, 2.45749211311, 1.40035128593, 0.748860001564, 0.281367778778, 0.13319952786, 0.089495331049, 0.0339667871594, 0.0133488103747, 0.00437027867883, 0.00201266631484, 0.00122474762611, 0.000884989276528, 0.000371858070139, 0.000251893303357, 0.000159176270245, 0.000101511068351, 5.46006631339e-05, 2.95266472676e-05, 1.12877933134e-05, 1.99106852961e-06, 7.51211155148e-06, 1.7470376406e-05], "min": [1.89945437612e-22, 7.39933202281e-22, 2.18447898459e-21, 1.01330497455e-20, 2.04480436828e-20, 1.89209681056e-20, 4.69871416661e-20, 1.29545621687e-19, 1.6892152557e-19, 1.1589774904e-19, 3.24092026486e-19, 4.03187243453e-19, 4.84319004938e-19, 4.70063581057e-19, 1.04586855495e-18, 1.63244890049e-18, 2.15607501115e-18, 2.6060432732e-18, 2.57158644439e-18, 2.35635942568e-18, 4.32346130358e-18, 5.7243570182e-18, 6.27764985814e-18, 7.06293873575e-18, 7.53337702962e-18, 8.25094959357e-18, 1.10526401068e-17, 1.34030423845e-17, 1.28820699726e-17, 9.35327281173e-18, 9.7413321884e-18, 1.12594410502e-17, 9.77046714394e-18, 9.9609246528e-18, 6.95706788915e-18, 4.01214608978e-18, 2.44991934323e-18, 9.72347397936e-19, 2.58065074125e-19, 2.83929939129e-20], "var": [5.10850150022e-05, 0.0145061099902, 0.45159059763, 2.18846082687, 81.6539154053, 496.385253906, 1550.46679688, 5535.04980469, 5686.53955078, 20217.1191406, 15317.9873047, 19464.1542969, 1998.61621094, 555.863037109, 561.498046875, 73.3288269043, 758.131774902, 419.881439209, 83.5387496948, 17.7889347076, 9.9981470108, 9.43905830383, 1.7371275425, 3.78469586372, 1.01854610443, 0.977292180061, 0.00755280302837, 0.00046423371532, 9.25066051423e-05, 5.66444614378e-05, 2.00368617698e-06, 3.07833772695e-07, 1.15969321257e-07, 1.31893358457e-07, 3.12501420296e-08, 2.32850094761e-09, 1.6419791915e-10, 5.2469565151e-12, 8.17399897768e-11, 4.45647185821e-10]}, "gfcc": {"mean": [-203.84979248, 228.548690796, -123.51990509, -45.8228988647, -38.3225059509, -36.773399353, -37.7810897827, -14.5414476395, -12.5018148422, -11.6080360413, -5.66031980515, -15.8674726486, -4.34885501862], "cov": [[19981.953125, 2771.32055664, -3211.09155273, 352.362548828, 284.224121094, -461.5519104, -330.891601562, -396.232513428, -56.3557167053, -201.715209961, 48.3132705688, -217.254119873, 190.967849731], [2771.32055664, 1316.5645752, -252.530227661, -521.922546387, 161.146011353, -246.870376587, -50.5403671265, -95.306098938, -32.3625144958, -48.8445358276, 97.6927719116, -114.836853027, -49.156047821], [-3211.09155273, -252.530227661, 926.934692383, -57.1862030029, -105.086349487, 211.444534302, 6.83273410797, 56.81665802, 26.9282588959, -7.2627120018, -27.8967075348, 74.7158508301, -33.7822723389], [352.362548828, -521.922546387, -57.1862030029, 654.145690918, -23.4822998047, 221.469680786, 57.2191543579, 54.0224838257, 43.0092048645, -14.0919904709, -111.620246887, 71.2081604004, 62.5996551514], [284.224121094, 161.146011353, -105.086349487, -23.4822998047, 234.271087646, -33.1628417969, 26.7388210297, 24.011384964, 8.78860378265, 1.42631423473, 55.373260498, -6.13106584549, 0.538460671902], [-461.5519104, -246.870376587, 211.444534302, 221.469680786, -33.1628417969, 338.672027588, 26.8265247345, 32.3512763977, 34.3253746033, -27.4324855804, -93.9934234619, 53.8490371704, 33.9069061279], [-330.891601562, -50.5403671265, 6.83273410797, 57.2191543579, 26.7388210297, 26.8265247345, 176.659393311, 71.0612411499, -2.99546504021, 28.5943603516, 7.48106718063, -18.1281719208, -23.9577770233], [-396.232513428, -95.306098938, 56.81665802, 54.0224838257, 24.011384964, 32.3512763977, 71.0612411499, 148.299514771, 38.6263961792, 15.9188022614, 16.6281070709, 13.3510293961, -30.4615879059], [-56.3557167053, -32.3625144958, 26.9282588959, 43.0092048645, 8.78860378265, 34.3253746033, -2.99546504021, 38.6263961792, 85.5721817017, 24.9383106232, -0.257795602083, 17.9246959686, 9.57024097443], [-201.715209961, -48.8445358276, -7.2627120018, -14.0919904709, 1.42631423473, -27.4324855804, 28.5943603516, 15.9188022614, 24.9383106232, 72.6891784668, 32.6167602539, -11.0354995728, -1.32655608654], [48.3132705688, 97.6927719116, -27.8967075348, -111.620246887, 55.373260498, -93.9934234619, 7.48106718063, 16.6281070709, -0.257795602083, 32.6167602539, 111.497253418, 11.5298728943, -15.7188167572], [-217.254119873, -114.836853027, 74.7158508301, 71.2081604004, -6.13106584549, 53.8490371704, -18.1281719208, 13.3510293961, 17.9246959686, -11.0354995728, 11.5298728943, 106.800590515, 57.9227294922], [190.967849731, -49.156047821, -33.7822723389, 62.5996551514, 0.538460671902, 33.9069061279, -23.9577770233, -30.4615879059, 9.57024097443, -1.32655608654, -15.7188167572, 57.9227294922, 114.611450195]], "icov": [[0.000449130457127, -0.00123683316633, 0.00136213365477, -0.00107525044587, 0.000845881819259, -0.000662000617012, 0.000786578806583, -6.29135756753e-05, 0.000134780726512, 0.000151336935232, -0.000927183427848, 1.62438973348e-05, -9.53318012762e-05], [-0.00123683316633, 0.00501145934686, -0.00346351694316, 0.00408738665283, -0.00295758293942, 0.0019204946002, -0.00261294073425, 0.000969573564362, -0.00168208405375, 0.00193967437372, 0.0017803455703, 0.00120599439833, -8.8342691015e-05], [0.00136213365477, -0.00346351694316, 0.00587032735348, -0.00231950567104, 0.00298075471073, -0.00321347359568, 0.00229374878109, -0.000339446502039, 0.000245771429036, 0.000298424536595, -0.00248253438622, -0.0015800743131, 0.00100903690327], [-0.00107525044587, 0.00408738665283, -0.00231950567104, 0.00613322434947, -0.00259015127085, 0.000539449451026, -0.00286120711826, 0.000120232500194, -0.00140602618922, 0.000316815567203, 0.00447188224643, -0.00157108041458, 0.000325886532664], [0.000845881819259, -0.00295758293942, 0.00298075471073, -0.00259015127085, 0.00754048209637, -0.00192567007616, 0.000814268074464, -0.000891422270797, -0.000616440258455, 0.00225336500444, -0.00594654027373, 0.00161069852766, -0.00146907521412], [-0.000662000617012, 0.0019204946002, -0.00321347359568, 0.000539449451026, -0.00192567007616, 0.00700708758086, -0.00210807844996, 0.000159083487233, -0.00154757872224, 0.000627869390883, 0.00528483698145, -0.00160286028404, -0.000106068895548], [0.000786578806583, -0.00261294073425, 0.00229374878109, -0.00286120711826, 0.000814268074464, -0.00210807844996, 0.0103142829612, -0.00470748310909, 0.00446984544396, -0.00442824419588, -0.00136884872336, 0.00150415324606, -4.01162033086e-05], [-6.29135756753e-05, 0.000969573564362, -0.000339446502039, 0.000120232500194, -0.000891422270797, 0.000159083487233, -0.00470748310909, 0.0121142938733, -0.0058858175762, 0.00223185587674, -0.00159913627431, -0.00210119131953, 0.00390769354999], [0.000134780726512, -0.00168208405375, 0.000245771429036, -0.00140602618922, -0.000616440258455, -0.00154757872224, 0.00446984544396, -0.0058858175762, 0.0189574994147, -0.0103975785896, 0.00306089734659, -0.00312835816294, 2.26307383855e-05], [0.000151336935232, 0.00193967437372, 0.000298424536595, 0.000316815567203, 0.00225336500444, 0.000627869390883, -0.00442824419588, 0.00223185587674, -0.0103975785896, 0.0271499771625, -0.0116675263271, 0.00938229355961, -0.00519351940602], [-0.000927183427848, 0.0017803455703, -0.00248253438622, 0.00447188224643, -0.00594654027373, 0.00528483698145, -0.00136884872336, -0.00159913627431, 0.00306089734659, -0.0116675263271, 0.0248847063631, -0.0118636433035, 0.00590549502522], [1.62438973348e-05, 0.00120599439833, -0.0015800743131, -0.00157108041458, 0.00161069852766, -0.00160286028404, 0.00150415324606, -0.00210119131953, -0.00312835816294, 0.00938229355961, -0.0118636433035, 0.0235874205828, -0.0120728183538], [-9.53318012762e-05, -8.8342691015e-05, 0.00100903690327, 0.000325886532664, -0.00146907521412, -0.000106068895548, -4.01162033086e-05, 0.00390769354999, 2.26307383855e-05, -0.00519351940602, 0.00590549502522, -0.0120728183538, 0.016883328557]]}, "melbands": {"dmean": [2.29730012506e-05, 8.7630462076e-05, 0.000112452376925, 0.000292095937766, 0.000275423983112, 0.000298104045214, 0.000148142804392, 0.000387047039112, 0.000150873835082, 9.77091913228e-05, 3.54618205165e-05, 2.03406125365e-05, 1.79332291737e-05, 6.35380047243e-06, 4.39265431851e-06, 7.76302840677e-06, 5.42254656466e-06, 3.8627667891e-06, 2.29594547818e-06, 1.37303470638e-06, 7.25897223219e-07, 6.29456792467e-07, 3.83662438708e-07, 1.02361504162e-07, 1.76697767529e-07, 9.35955171144e-08, 6.56647074493e-08, 6.14493913531e-08, 5.92019677725e-09, 4.60433291494e-09, 1.46128409373e-09, 1.06288655655e-09, 7.64883212323e-10, 5.51456214026e-10, 1.95080188115e-10, 1.16801332495e-10, 9.75707084572e-11, 6.63374494225e-11, 5.80769425607e-11, 5.27920346327e-11], "dmean2": [3.80528435926e-05, 0.000146411039168, 0.000183276628377, 0.000471174833365, 0.000359654019121, 0.0003750823671, 0.000179531591129, 0.000627600238658, 0.000198262205231, 0.000117542476801, 4.94416781294e-05, 3.04511322611e-05, 2.28436674661e-05, 9.39355777518e-06, 6.65488596496e-06, 1.0664052752e-05, 6.17729801888e-06, 5.51448920305e-06, 3.14235558108e-06, 1.97121175916e-06, 1.02526587398e-06, 8.58024179706e-07, 5.56714780942e-07, 1.30847709556e-07, 1.87436512533e-07, 1.26684568613e-07, 9.55490335741e-08, 7.02873919067e-08, 8.50965964361e-09, 7.18882420259e-09, 2.27317031865e-09, 1.5345714699e-09, 1.08302022905e-09, 8.5029328023e-10, 3.10521330871e-10, 1.91542684491e-10, 1.58247817628e-10, 1.06704679814e-10, 9.70629063235e-11, 8.69241414958e-11], "dvar": [2.77233991319e-09, 3.37733609967e-08, 3.43585462304e-08, 3.73504917661e-07, 2.46007402893e-07, 4.24056963766e-07, 1.65650376971e-07, 1.31105377932e-06, 1.92475809513e-07, 1.92097246554e-07, 1.79951946677e-08, 7.83544606975e-09, 2.23774465624e-09, 1.51050116859e-10, 1.43609416026e-10, 2.13067274935e-09, 3.02403685426e-10, 9.01569235934e-11, 2.59571964617e-11, 1.94603933662e-11, 3.59693590017e-12, 4.24270037505e-12, 4.19736597909e-12, 1.01325103364e-13, 6.68875491019e-13, 4.93933615796e-13, 1.18022440237e-13, 1.7673002276e-13, 4.42557853691e-16, 9.19684868964e-16, 2.52473704381e-17, 2.15528377153e-17, 1.24657971196e-17, 9.10610959034e-18, 1.05743222972e-18, 1.82686224553e-19, 3.10073402442e-20, 1.71260863428e-20, 2.25875398748e-20, 2.92208239915e-20], "dvar2": [6.90804391468e-09, 8.84633806209e-08, 9.63307940083e-08, 8.557539104e-07, 3.64008485576e-07, 6.0701233906e-07, 2.06763587585e-07, 3.79461948796e-06, 3.11824294386e-07, 2.7831563898e-07, 3.34064083063e-08, 2.08937276369e-08, 3.65626950938e-09, 3.33567617972e-10, 3.59693330676e-10, 3.02099811833e-09, 3.26279503415e-10, 2.04745442822e-10, 4.93081755981e-11, 3.73588278368e-11, 7.59910797482e-12, 8.43368690856e-12, 7.58489625274e-12, 1.70165612287e-13, 6.46673578401e-13, 1.08124782999e-12, 2.68200609291e-13, 2.16151044546e-13, 9.54275788706e-16, 2.39139614449e-15, 5.90998643927e-17, 4.07962202476e-17, 2.14468973855e-17, 2.04873728381e-17, 2.60792986538e-18, 4.76354134519e-19, 7.7488185983e-20, 3.97151481007e-20, 6.07057641042e-20, 8.22781368787e-20], "max": [0.00113012071233, 0.00340884784237, 0.00220041512512, 0.0199755802751, 0.0110513102263, 0.0179522577673, 0.0149632794783, 0.0205672234297, 0.0132443858311, 0.0103390915319, 0.00345679535531, 0.00286801159382, 0.00116914883256, 0.000330229348037, 0.000330881710397, 0.00165580771863, 0.000672442722134, 0.000167279838934, 0.000140980235301, 0.00011393566092, 4.85615528305e-05, 5.05837306264e-05, 5.74723599129e-05, 1.01710966192e-05, 2.57369538303e-05, 2.13631974475e-05, 8.52330776979e-06, 1.34910160341e-05, 4.47090684474e-07, 7.28596830868e-07, 1.48496610564e-07, 1.73403890358e-07, 1.0430061792e-07, 8.19694250254e-08, 3.32154819205e-08, 1.25001689e-08, 3.82782339159e-09, 2.60595567347e-09, 4.42069580942e-09, 4.73069672324e-09], "mean": [4.14567366533e-05, 0.000162327385624, 0.000287371105514, 0.000902363681234, 0.000941727892496, 0.00102351489477, 0.000593922217377, 0.00093050027499, 0.00041243591113, 0.000262715504505, 6.62141828798e-05, 4.9050871894e-05, 5.27216943738e-05, 1.52411585077e-05, 9.38021184993e-06, 1.74893611984e-05, 1.38622744998e-05, 9.04860553419e-06, 6.32284582025e-06, 2.82760925074e-06, 1.63838092249e-06, 1.34864149004e-06, 6.77403477312e-07, 2.64762348934e-07, 5.01500380778e-07, 1.62795458891e-07, 9.47779454918e-08, 1.07810734562e-07, 1.16464935473e-08, 7.24728455026e-09, 3.16930703903e-09, 2.08137107549e-09, 1.56853285915e-09, 1.05186381827e-09, 3.96983945716e-10, 2.58821714061e-10, 2.43185416249e-10, 1.65892674597e-10, 1.50703366453e-10, 1.40014749794e-10], "median": [1.08827225631e-05, 6.7207030952e-05, 0.000180739152711, 0.000450722058304, 0.000520545290783, 0.000377228076104, 0.000240173831116, 0.0004150022869, 0.000114633294288, 4.08992564189e-05, 1.86105535249e-05, 1.75976965693e-05, 2.0329542167e-05, 7.72509338276e-06, 4.04772481488e-06, 3.27168254444e-06, 3.4220638554e-06, 3.57526960215e-06, 2.2876561161e-06, 1.16918545245e-06, 6.30558702142e-07, 2.63105562226e-07, 1.30295134682e-07, 8.53025952097e-08, 6.43866329142e-08, 2.36654482677e-08, 1.39985365522e-08, 6.11583450549e-09, 2.22795648597e-09, 1.23538068664e-09, 8.34434632502e-10, 6.21179330196e-10, 5.13453390916e-10, 4.20834339598e-10, 1.91795843096e-10, 1.47136275386e-10, 1.30940258636e-10, 9.66843410888e-11, 7.94588006503e-11, 6.86226769853e-11], "min": [1.91193673522e-24, 1.70546757885e-24, 2.37677617907e-24, 1.57594430961e-24, 1.37700581665e-24, 2.91206859314e-24, 2.87575969226e-24, 1.0903934213e-24, 2.55445388455e-24, 2.23586195557e-24, 2.41396939302e-24, 1.44011666122e-24, 2.72242110671e-24, 4.47163476985e-24, 4.20985601162e-24, 4.40561736727e-24, 3.17075442498e-24, 3.62049369059e-24, 2.54773870609e-24, 3.54967133624e-24, 5.39022148435e-24, 5.39312685906e-24, 4.68700681318e-24, 5.47808283982e-24, 5.48260695711e-24, 4.08998425833e-24, 6.73575747013e-24, 4.70308498172e-24, 6.60572242737e-24, 6.53138924757e-24, 6.82955303176e-24, 6.54120307166e-24, 5.46807811139e-24, 4.22180370446e-24, 5.69764215684e-24, 4.48745064214e-24, 6.26187018613e-24, 5.73043155479e-24, 6.2726357709e-24, 6.97717651726e-24], "var": [8.06843392098e-09, 7.47691117908e-08, 9.85255184105e-08, 1.83124916475e-06, 1.48426613578e-06, 2.97072415378e-06, 1.32495551952e-06, 2.58166801359e-06, 8.81343055426e-07, 7.43295913708e-07, 4.42129071132e-08, 1.00812798109e-08, 1.13011431324e-08, 4.76533423832e-10, 2.95681507056e-10, 8.34296987051e-09, 1.75681236225e-09, 2.32454597238e-10, 1.27044846865e-10, 4.47398229575e-11, 1.0030046238e-11, 1.65422415349e-11, 8.85169628567e-12, 4.32248800555e-13, 4.08056010856e-12, 6.08640254082e-13, 1.4413147867e-13, 5.8243893649e-13, 1.17147758863e-15, 1.03150168833e-15, 6.80726366041e-17, 4.43830209674e-17, 2.736660055e-17, 1.16581189444e-17, 1.07952022682e-18, 2.29658916408e-19, 1.23754737013e-19, 5.99195677061e-20, 9.29778344244e-20, 1.0631663879e-19]}, "mfcc": {"mean": [-819.727783203, 242.627792358, -6.37277412415, -13.9176034927, 1.77416145802, -20.4636192322, -19.5211753845, -15.4482250214, -11.924697876, -3.67188811302, -4.48071575165, -8.97997379303, -3.20393919945], "cov": [[5735.76171875, 3024.82714844, -1407.52404785, 128.973068237, 310.861114502, -198.862411499, 35.2367553711, -81.4054336548, -105.199211121, 20.6023979187, -80.5500869751, -116.053443909, 83.5527114868], [3024.82714844, 2151.3203125, -382.224731445, -221.095321655, 164.996353149, -71.844619751, -45.2956123352, -70.9817199707, -143.355743408, -35.0927581787, -32.4254570007, -69.7016677856, 25.3156738281], [-1407.52404785, -382.224731445, 693.227294922, -136.252227783, -108.700820923, 84.1983947754, -59.2330093384, 1.84023940563, 3.0975227356, -30.6905822754, 36.2249603271, 34.1836853027, -33.7390174866], [128.973068237, -221.095321655, -136.252227783, 328.031799316, 94.4663467407, -29.1004562378, 55.390045166, 64.0840988159, 82.8422012329, 38.6871643066, -8.58362865448, 12.4684286118, 32.334022522], [310.861114502, 164.996353149, -108.700820923, 94.4663467407, 218.526947021, 55.7068481445, 28.0877742767, 74.5849914551, 42.3328056335, -10.358833313, -29.6121177673, -12.1609640121, 18.4963150024], [-198.862411499, -71.844619751, 84.1983947754, -29.1004562378, 55.7068481445, 156.434906006, 35.3462982178, 26.2690200806, 61.6232070923, -11.7159395218, -16.7504825592, -5.94850683212, -22.7073822021], [35.2367553711, -45.2956123352, -59.2330093384, 55.390045166, 28.0877742767, 35.3462982178, 125.402015686, 78.2487030029, 23.5964126587, 44.5804252625, 12.9185705185, 4.79141139984, 15.0564489365], [-81.4054336548, -70.9817199707, 1.84023940563, 64.0840988159, 74.5849914551, 26.2690200806, 78.2487030029, 146.794372559, 73.6191558838, 11.5276231766, 13.1151008606, 19.2985897064, 25.5918292999], [-105.199211121, -143.355743408, 3.0975227356, 82.8422012329, 42.3328056335, 61.6232070923, 23.5964126587, 73.6191558838, 140.974075317, 31.5430335999, -20.413942337, 4.80312538147, 1.01416635513], [20.6023979187, -35.0927581787, -30.6905822754, 38.6871643066, -10.358833313, -11.7159395218, 44.5804252625, 11.5276231766, 31.5430335999, 104.624809265, 47.089641571, -8.38423919678, 3.32592916489], [-80.5500869751, -32.4254570007, 36.2249603271, -8.58362865448, -29.6121177673, -16.7504825592, 12.9185705185, 13.1151008606, -20.413942337, 47.089641571, 112.735160828, 49.2106437683, -2.7903470993], [-116.053443909, -69.7016677856, 34.1836853027, 12.4684286118, -12.1609640121, -5.94850683212, 4.79141139984, 19.2985897064, 4.80312538147, -8.38423919678, 49.2106437683, 94.1414260864, 40.3763389587], [83.5527114868, 25.3156738281, -33.7390174866, 32.334022522, 18.4963150024, -22.7073822021, 15.0564489365, 25.5918292999, 1.01416635513, 3.32592916489, -2.7903470993, 40.3763389587, 91.4689941406]], "icov": [[0.0943199843168, -0.131478473544, 0.128916755319, -0.118795290589, 0.106024377048, -0.0920758768916, 0.0765595212579, -0.0551958605647, 0.0347126498818, -0.0225872695446, 0.00948004238307, -0.00639266427606, 0.00186839303933], [-0.131478473544, 0.184065237641, -0.179582029581, 0.166918754578, -0.149495318532, 0.130072712898, -0.108429253101, 0.0790140926838, -0.0500294193625, 0.0331284627318, -0.0147310076281, 0.0102035393938, -0.00343057652935], [0.128916755319, -0.179582029581, 0.179539293051, -0.163875028491, 0.149304762483, -0.13334351778, 0.114434339106, -0.0851447284222, 0.0564728043973, -0.0385861285031, 0.0187683682889, -0.0133147351444, 0.00501493830234], [-0.118795290589, 0.166918754578, -0.163875028491, 0.159856438637, -0.14359562099, 0.13113284111, -0.114302486181, 0.0873362869024, -0.0635677725077, 0.0432331413031, -0.0240292139351, 0.0159035939723, -0.00728891557083], [0.106024377048, -0.149495318532, 0.149304762483, -0.14359562099, 0.13964292407, -0.127456620336, 0.114591628313, -0.0937338620424, 0.0678515657783, -0.0492667108774, 0.0309142898768, -0.0194226335734, 0.00839939154685], [-0.0920758768916, 0.130072712898, -0.13334351778, 0.13113284111, -0.127456620336, 0.135788276792, -0.125962153077, 0.104875996709, -0.0880124047399, 0.0682933628559, -0.044593591243, 0.0302371624857, -0.0127731719986], [0.0765595212579, -0.108429253101, 0.114434339106, -0.114302486181, 0.114591628313, -0.125962153077, 0.140681624413, -0.118956811726, 0.0998012050986, -0.0858999192715, 0.0593356266618, -0.0406431853771, 0.0201423503458], [-0.0551958605647, 0.0790140926838, -0.0851447284222, 0.0873362869024, -0.0937338620424, 0.104875996709, -0.118956811726, 0.116254746914, -0.0973429307342, 0.0818454399705, -0.0621513128281, 0.0414992012084, -0.0237958002836], [0.0347126498818, -0.0500294193625, 0.0564728043973, -0.0635677725077, 0.0678515657783, -0.0880124047399, 0.0998012050986, -0.0973429307342, 0.0993798747659, -0.0816785693169, 0.064206764102, -0.0445256344974, 0.0241583343595], [-0.0225872695446, 0.0331284627318, -0.0385861285031, 0.0432331413031, -0.0492667108774, 0.0682933628559, -0.0858999192715, 0.0818454399705, -0.0816785693169, 0.087190143764, -0.0661196634173, 0.0478614903986, -0.0253040194511], [0.00948004238307, -0.0147310076281, 0.0187683682889, -0.0240292139351, 0.0309142898768, -0.044593591243, 0.0593356266618, -0.0621513128281, 0.064206764102, -0.0661196634173, 0.0654921382666, -0.046164739877, 0.0252031795681], [-0.00639266427606, 0.0102035393938, -0.0133147351444, 0.0159035939723, -0.0194226335734, 0.0302371624857, -0.0406431853771, 0.0414992012084, -0.0445256344974, 0.0478614903986, -0.046164739877, 0.0471497066319, -0.0244723204523], [0.00186839303933, -0.00343057652935, 0.00501493830234, -0.00728891557083, 0.00839939154685, -0.0127731719986, 0.0201423503458, -0.0237958002836, 0.0241583343595, -0.0253040194511, 0.0252031795681, -0.0244723204523, 0.0252982657403]]}, "spectral_contrast_coeffs": {"dmean": [0.0418384857476, 0.034039195627, 0.0283562205732, 0.0231391303241, 0.0184941515326, 0.0254846997559], "dmean2": [0.0706789717078, 0.0544114522636, 0.0438738837838, 0.0355729982257, 0.0280516762286, 0.0443824529648], "dvar": [0.00129299517721, 0.00111850642134, 0.000869448063895, 0.000530008168425, 0.000323866144754, 0.000812414567918], "dvar2": [0.00356629677117, 0.00275623588823, 0.00201727077365, 0.00121077313088, 0.000729888270143, 0.00235243723728], "max": [-0.268387794495, -0.388880252838, -0.450407147408, -0.52382427454, -0.561235308647, -0.632857441902], "mean": [-0.531485140324, -0.643586277962, -0.696913659573, -0.714121758938, -0.742894470692, -0.843639850616], "median": [-0.518818497658, -0.639099478722, -0.698961436749, -0.715010643005, -0.745148181915, -0.834077894688], "min": [-0.974257051945, -0.980369269848, -0.97935461998, -0.972287535667, -0.972477793694, -0.963381528854], "var": [0.0110507281497, 0.00822926219553, 0.00511400355026, 0.00417634751648, 0.00359874847345, 0.00291142775677]}, "spectral_contrast_valleys": {"dmean": [0.447234869003, 0.263790518045, 0.29215490818, 0.278554052114, 0.245405331254, 0.456926524639], "dmean2": [0.71113306284, 0.416926234961, 0.44769012928, 0.418371558189, 0.370100110769, 0.801172912121], "dvar": [0.16898021102, 0.0989046245813, 0.145394459367, 0.147448509932, 0.13752412796, 0.321874558926], "dvar2": [0.34214