{"lowlevel": {"average_loudness": 0.940637171268, "barkbands_crest": {"dmean": 2.93325138092, "dmean2": 4.52264547348, "dvar": 9.5270690918, "dvar2": 20.7950706482, "max": 26.2857093811, "mean": 11.6004276276, "median": 10.2692089081, "min": 2.13351130486, "var": 28.8914909363}, "barkbands_flatness_db": {"dmean": 0.0349133610725, "dmean2": 0.0480369962752, "dvar": 0.00159321364481, "dvar2": 0.00273367506452, "max": 0.605592787266, "mean": 0.201024442911, "median": 0.18704199791, "min": 0.0127121629193, "var": 0.0124572729692}, "barkbands_kurtosis": {"dmean": 8.06515216827, "dmean2": 12.3589782715, "dvar": 641.214904785, "dvar2": 1345.18591309, "max": 536.241088867, "mean": 11.5810594559, "median": 2.46833729744, "min": -1.90215277672, "var": 1054.6217041}, "barkbands_skewness": {"dmean": 0.85023266077, "dmean2": 1.28072679043, "dvar": 1.279697299, "dvar2": 2.56657099724, "max": 18.2084732056, "mean": 2.02073311806, "median": 1.56467854977, "min": -3.20944833755, "var": 3.94134664536}, "barkbands_spread": {"dmean": 6.25377464294, "dmean2": 9.61517047882, "dvar": 72.2326126099, "dvar2": 179.372283936, "max": 92.2776412964, "mean": 18.9321346283, "median": 15.1132335663, "min": 0.0979065224528, "var": 242.964019775}, "dissonance": {"dmean": 0.026949794963, "dmean2": 0.045569345355, "dvar": 0.000857250823174, "dvar2": 0.00236883573234, "max": 0.500000059605, "mean": 0.45427390933, "median": 0.465167820454, "min": 0.167134106159, "var": 0.00148743065074}, "dynamic_complexity": 4.58011007309, "erbbands_crest": {"dmean": 3.02241110802, "dmean2": 4.70912456512, "dvar": 9.08425617218, "dvar2": 19.8500270844, "max": 33.4725646973, "mean": 10.3362236023, "median": 9.27017784119, "min": 2.42486715317, "var": 26.3501224518}, "erbbands_flatness_db": {"dmean": 0.0283212158829, "dmean2": 0.0382919274271, "dvar": 0.00108046387322, "dvar2": 0.00180772971362, "max": 0.554085373878, "mean": 0.200237303972, "median": 0.19088986516, "min": 0.0585431009531, "var": 0.00745274219662}, "erbbands_kurtosis": {"dmean": 1.60789513588, "dmean2": 2.46444559097, "dvar": 7.5498251915, "dvar2": 16.4084568024, "max": 58.8032531738, "mean": 1.69707262516, "median": 0.446746110916, "min": -1.77062261105, "var": 16.7015666962}, "erbbands_skewness": {"dmean": 0.493383020163, "dmean2": 0.743660509586, "dvar": 0.276759564877, "dvar2": 0.624134600163, "max": 4.99024295807, "mean": 0.194895744324, "median": 0.214549049735, "min": -7.22596025467, "var": 1.13302862644}, "erbbands_spread": {"dmean": 10.0192651749, "dmean2": 15.2527151108, "dvar": 138.906860352, "dvar2": 299.966156006, "max": 118.008773804, "mean": 33.8486595154, "median": 29.1254806519, "min": 1.17351222038, "var": 475.772644043}, "hfc": {"dmean": 8.81168270111, "dmean2": 12.5971879959, "dvar": 261.952606201, "dvar2": 583.573059082, "max": 181.964187622, "mean": 15.9245634079, "median": 8.33280181885, "min": 1.15231526815e-16, "var": 473.49118042}, "melbands_crest": {"dmean": 3.79357624054, "dmean2": 5.54711103439, "dvar": 14.1941871643, "dvar2": 30.1569042206, "max": 37.8783111572, "mean": 17.7758140564, "median": 16.3247032166, "min": 1.90561318398, "var": 62.3896408081}, "melbands_flatness_db": {"dmean": 0.0417025946081, "dmean2": 0.0581497699022, "dvar": 0.00229335296899, "dvar2": 0.00386917381547, "max": 0.755513310432, "mean": 0.279468506575, "median": 0.260734170675, "min": 0.00754169560969, "var": 0.0181209687144}, "melbands_kurtosis": {"dmean": 15.3900852203, "dmean2": 23.3743915558, "dvar": 1295.87744141, "dvar2": 2677.04223633, "max": 796.730102539, "mean": 26.2041950226, "median": 8.70983505249, "min": -1.86644542217, "var": 2838.2824707}, "melbands_skewness": {"dmean": 1.10635495186, "dmean2": 1.64264762402, "dvar": 1.84512829781, "dvar2": 3.62863516808, "max": 18.7449054718, "mean": 3.22017812729, "median": 2.55740022659, "min": -2.92302489281, "var": 6.83713102341}, "melbands_spread": {"dmean": 6.95214986801, "dmean2": 10.914642334, "dvar": 97.2243270874, "dvar2": 235.845291138, "max": 127.56879425, "mean": 18.6175746918, "median": 15.0839529037, "min": 0.0987505316734, "var": 268.443695068}, "pitch_salience": {"dmean": 0.0959139764309, "dmean2": 0.150567978621, "dvar": 0.0109576042742, "dvar2": 0.0258016381413, "max": 0.870943188667, "mean": 0.480217605829, "median": 0.499997645617, "min": 0.0323031879961, "var": 0.0302686747164}, "silence_rate_20dB": {"dmean": 0, "dmean2": 0, "dvar": 0, "dvar2": 0, "max": 1, "mean": 1, "median": 1, "min": 1, "var": 0}, "silence_rate_30dB": {"dmean": 0.0437725000083, "dmean2": 0.0875576063991, "dvar": 0.0418599583209, "dvar2": 0.113018296659, "max": 1, "mean": 0.969622790813, "median": 1, "min": 0, "var": 0.0294510964304}, "silence_rate_60dB": {"dmean": 0.0434845201671, "dmean2": 0.0868375599384, "dvar": 0.0415945500135, "dvar2": 0.0850611999631, "max": 1, "mean": 0.106104232371, "median": 0, "min": 0, "var": 0.0948488786817}, "spectral_centroid": {"dmean": 261.711425781, "dmean2": 398.823883057, "dvar": 115764.929688, "dvar2": 245350.90625, "max": 10970.5615234, "mean": 1132.27282715, "median": 975.714599609, "min": 85.5047683716, "var": 486777.21875}, "spectral_complexity": {"dmean": 3.94845223427, "dmean2": 5.51814508438, "dvar": 29.8080177307, "dvar2": 43.4594421387, "max": 58, "mean": 13.7949895859, "median": 12, "min": 0, "var": 107.013748169}, "spectral_decrease": {"dmean": 4.08272748942e-09, "dmean2": 6.50431308813e-09, "dvar": 4.64839571529e-17, "dvar2": 1.18428321802e-16, "max": -1.02392763643e-28, "mean": -7.2549668495e-09, "median": -4.84812456847e-09, "min": -5.7406783327e-08, "var": 6.51206209038e-17}, "spectral_energy": {"dmean": 0.0160858463496, "dmean2": 0.0254470184445, "dvar": 0.000716764538083, "dvar2": 0.00181667262223, "max": 0.223483651876, "mean": 0.0288263484836, "median": 0.0194835327566, "min": 1.08382842256e-20, "var": 0.0010113568278}, "spectral_energyband_high": {"dmean": 0.000522228016052, "dmean2": 0.000775928841904, "dvar": 1.1796482795e-06, "dvar2": 2.70164650829e-06, "max": 0.0129971820861, "mean": 0.000836595369037, "median": 7.11821048753e-05, "min": 7.96636887655e-21, "var": 2.72450961347e-06}, "spectral_energyband_low": {"dmean": 0.00856869947165, "dmean2": 0.0139861926436, "dvar": 0.000277348590316, "dvar2": 0.000724124896806, "max": 0.159371092916, "mean": 0.0152030643076, "median": 0.00839237589389, "min": 4.25668208498e-23, "var": 0.000455715140561}, "spectral_energyband_middle_high": {"dmean": 0.00198193429969, "dmean2": 0.00280638691038, "dvar": 1.31424603751e-05, "dvar2": 3.02754851873e-05, "max": 0.0457813665271, "mean": 0.00368901714683, "median": 0.00235876417719, "min": 1.7950560443e-21, "var": 2.09685731534e-05}, "spectral_energyband_middle_low": {"dmean": 0.00889232009649, "dmean2": 0.0151050454006, "dvar": 0.000359782105079, "dvar2": 0.000959211145528, "max": 0.187454581261, "mean": 0.0104542113841, "median": 0.00421906262636, "min": 2.87860090102e-22, "var": 0.000324280117638}, "spectral_entropy": {"dmean": 0.269687831402, "dmean2": 0.38558998704, "dvar": 0.109746418893, "dvar2": 0.208537623286, "max": 9.81177902222, "mean": 7.2071185112, "median": 7.26675891876, "min": 4.40421772003, "var": 0.576695978642}, "spectral_flux": {"dmean": 0.0418662913144, "dmean2": 0.0657016560435, "dvar": 0.00306828436442, "dvar2": 0.00571869779378, "max": 0.431551843882, "mean": 0.0860409066081, "median": 0.0563210994005, "min": 1.04107077126e-10, "var": 0.00575440004468}, "spectral_kurtosis": {"dmean": 6.87682628632, "dmean2": 11.2863397598, "dvar": 176.335266113, "dvar2": 413.492340088, "max": 299.300262451, "mean": 11.7865419388, "median": 4.12817287445, "min": -1.20934617519, "var": 444.985229492}, "spectral_rms": {"dmean": 0.00124056485947, "dmean2": 0.00184694572818, "dvar": 2.69902079708e-06, "dvar2": 6.4207088144e-06, "max": 0.0147659350187, "mean": 0.00463656615466, "median": 0.00435985345393, "min": 3.2517588882e-12, "var": 6.62561342324e-06}, "spectral_rolloff": {"dmean": 540.603820801, "dmean2": 926.077636719, "dvar": 1225442, "dvar2": 3057980.25, "max": 18884.6191406, "mean": 1270.88256836, "median": 796.728515625, "min": 43.06640625, "var": 3800344.75}, "spectral_skewness": {"dmean": 0.58025598526, "dmean2": 0.93847745657, "dvar": 0.606715798378, "dvar2": 1.48970794678, "max": 13.9440793991, "mean": 2.04718923569, "median": 1.6252566576, "min": -0.396542578936, "var": 1.91610085964}, "spectral_spread": {"dmean": 778814.5625, "dmean2": 1140889.5, "dvar": 1222533578750.0, "dvar2": 2290883493890.0, "max": 39750896, "mean": 4000407.75, "median": 3847145, "min": 416096.8125, "var": 4194748858370.0}, "spectral_strongpeak": {"dmean": 0.329856872559, "dmean2": 0.552697598934, "dvar": 0.402409255505, "dvar2": 0.955149233341, "max": 7.89376449585, "mean": 0.571575641632, "median": 0.322366476059, "min": 0, "var": 0.582601666451}, "zerocrossingrate": {"dmean": 0.010283716023, "dmean2": 0.0118688764051, "dvar": 0.000175252469489, "dvar2": 0.000220202564378, "max": 0.48681640625, "mean": 0.0492768995464, "median": 0.03662109375, "min": 0.001953125, "var": 0.00206364202313}, "barkbands": {"dmean": [0.00046122900676, 0.00588329927996, 0.00329026253894, 0.00248122960329, 0.00240028533153, 0.00203854520805, 0.000799734028988, 0.000993392197415, 0.00115706317592, 0.000544260023162, 0.000459743809188, 0.000723018310964, 0.000239375411184, 0.000229867931921, 0.000195398679352, 9.26831999095e-05, 9.44225685089e-05, 5.93467339058e-05, 6.57192067592e-05, 0.000113655703899, 0.000115942086268, 0.000148655322846, 0.000112675064884, 9.23921616049e-05, 4.89297708555e-05, 2.70982254733e-05, 3.78147547053e-06], "dmean2": [0.000622341176495, 0.00934348721057, 0.00593615369871, 0.00459262169898, 0.0043977140449, 0.00333503750153, 0.00130219536368, 0.00166423351038, 0.00183951377403, 0.000823552079964, 0.000694679969456, 0.00108578964137, 0.00037591625005, 0.000332792813424, 0.000285180285573, 0.000133894413011, 0.000139579089591, 8.65968249855e-05, 9.4275259471e-05, 0.000172688058228, 0.000179327296792, 0.000246608426096, 0.000180462739081, 0.000148938925122, 6.92184912623e-05, 3.76691496058e-05, 5.21102128914e-06], "dvar": [7.06771800196e-07, 0.000177529989742, 6.63180690026e-05, 4.20209544245e-05, 3.36885350407e-05, 3.67438260582e-05, 4.89406875204e-06, 7.54209031584e-06, 1.22302917589e-05, 1.85234375749e-06, 9.02564636363e-07, 2.29203169511e-06, 2.47102775575e-07, 2.01284450441e-07, 2.10714759419e-07, 5.24470920027e-08, 4.16429557504e-08, 1.99658458655e-08, 2.01152126067e-08, 7.37317833455e-08, 6.8683561949e-08, 1.15331118877e-07, 6.17056556962e-08, 4.3221412227e-08, 1.8496672638e-08, 6.67923494291e-09, 1.39161931978e-10], "dvar2": [1.3439076838e-06, 0.000455278961454, 0.000182780480827, 0.000119645708764, 9.48995366343e-05, 9.86693339655e-05, 1.23819036162e-05, 2.01968305191e-05, 3.12256051984e-05, 4.35580886915e-06, 2.10138887269e-06, 5.42928455616e-06, 6.09610026459e-07, 4.52427514119e-07, 4.29837768934e-07, 1.20954709359e-07, 9.64641770906e-08, 4.4321183168e-08, 4.09723845962e-08, 1.63881992421e-07, 1.72184869029e-07, 3.06795072902e-07, 1.56928905426e-07, 1.13305631544e-07, 4.21998862521e-08, 1.35858693184e-08, 2.83894574515e-10], "max": [0.007409485057, 0.143756464124, 0.0909614861012, 0.0722282081842, 0.0592170953751, 0.0920829549432, 0.0404350720346, 0.0326233394444, 0.0489872992039, 0.0293839070946, 0.0173646211624, 0.0284959822893, 0.00637697149068, 0.0080826645717, 0.00643108505756, 0.00321482564323, 0.00587564986199, 0.00192541768774, 0.00251536048017, 0.00712097762153, 0.002958527999, 0.00326298340224, 0.00465981056914, 0.00208221934736, 0.00148393609561, 0.000821299501695, 0.000110830987978], "mean": [0.000748404185288, 0.0101252896711, 0.00319198728539, 0.00200461409986, 0.00215424364433, 0.0024479185231, 0.000941941165365, 0.0010591809405, 0.0014130595373, 0.000727018166799, 0.000658805365674, 0.00095119868638, 0.000322525389493, 0.000338994752383, 0.000311796553433, 0.00014401054068, 0.000164901808603, 8.38109990582e-05, 0.000113463509479, 0.000181709721801, 0.000175349399797, 0.00018438186089, 0.000153570174007, 0.000121504454, 6.83612233843e-05, 3.4194534237e-05, 4.13307770941e-06], "median": [0.000120081153, 0.00370413297787, 0.00111257960089, 0.00036471686326, 0.000558590108994, 0.00051418307703, 0.000191110244486, 0.000195856962819, 0.000154095323524, 0.000200305046747, 0.00023265730124, 0.000316108809784, 0.000103289901745, 0.000113411544589, 7.10317399353e-05, 3.20139224641e-05, 4.93291445309e-05, 1.48195777001e-05, 2.49336553679e-05, 1.6612415493e-05, 2.08590645343e-05, 1.10532255349e-05, 6.53521874483e-06, 4.62306070403e-06, 7.44005433262e-07, 9.82132632998e-08, 8.04847566371e-09], "min": [3.80102056445e-24, 2.21732676141e-23, 1.23325496767e-23, 9.84894733435e-24, 6.70022733273e-23, 2.27564598595e-23, 3.23819165885e-23, 1.87059888551e-23, 1.04897182217e-22, 5.98640161464e-23, 2.50204149269e-23, 1.44699064527e-22, 1.14634553065e-22, 6.31661689629e-23, 1.05941154428e-22, 1.27008385411e-22, 2.48942312608e-22, 2.42193626497e-22, 3.75008545663e-22, 4.02733636467e-22, 6.48734419289e-22, 4.2912624654e-22, 4.78651312823e-22, 1.20369279021e-21, 1.38576744072e-21, 1.58086119917e-21, 2.25240069108e-21], "var": [1.54957058385e-06, 0.000289252289804, 4.54941218777e-05, 2.66264851234e-05, 2.25430030696e-05, 3.35738732247e-05, 5.50869253857e-06, 6.66270534566e-06, 1.57412159751e-05, 2.48919081969e-06, 1.48833203184e-06, 3.28798705596e-06, 3.08930253823e-07, 3.19746163768e-07, 4.63741088197e-07, 8.53541948231e-08, 9.32127903752e-08, 3.13014432152e-08, 4.79149768751e-08, 1.8288082515e-07, 1.23917104133e-07, 1.58266530548e-07, 1.26376704657e-07, 6.54607319461e-08, 2.9746022534e-08, 1.06258450927e-08, 1.84170595441e-10]}, "erbbands": {"dmean": [0.241425484419, 1.26176524162, 3.31857299805, 6.70701980591, 7.22065019608, 7.77829647064, 15.7834091187, 15.7146043777, 11.2795724869, 17.3552131653, 20.5134181976, 30.2575683594, 19.8164215088, 16.0860519409, 17.4452342987, 34.1581764221, 12.1874599457, 12.793346405, 10.506228447, 6.86809778214, 5.17319488525, 4.56447887421, 3.14922070503, 3.5963549614, 3.57425022125, 5.6380238533, 5.0577917099, 4.53735303879, 5.64516401291, 4.08819437027, 3.16968274117, 2.24786877632, 1.39442455769, 0.648409187794, 0.294206947088, 0.132813155651, 0.0509566031396, 0.00876237638295, 0.000611686438788, 3.47059576598e-05], "dmean2": [0.341574251652, 2.0329349041, 5.73884487152, 12.3492984772, 13.4334373474, 14.1591835022, 28.5480442047, 24.4829597473, 17.7049827576, 28.7306079865, 34.5812644958, 47.1604499817, 29.3454818726, 25.3664722443, 26.6827411652, 50.8194770813, 18.4472465515, 18.7793426514, 14.9517421722, 9.79616165161, 7.39138936996, 6.73108196259, 4.48769903183, 5.31900501251, 5.14407634735, 8.74464607239, 7.67348051071, 7.24752187729, 9.53025722504, 6.59283494949, 5.10366868973, 3.65313220024, 2.30490159988, 0.993132293224, 0.39562240243, 0.184534132481, 0.073672875762, 0.0124980006367, 0.000835035752971, 4.79822483612e-05], "dvar": [0.331480264664, 7.22400140762, 59.0200500488, 301.897796631, 327.750976562, 357.863677979, 3075.50585938, 1741.32653809, 820.128601074, 2661.47070312, 3480.05957031, 8391.43652344, 2698.73828125, 1374.53198242, 1396.36828613, 5191.40966797, 524.722167969, 624.008422852, 516.899230957, 230.178344727, 154.121658325, 97.0695724487, 45.8649749756, 71.7563095093, 59.7920608521, 193.136566162, 146.695068359, 97.4850692749, 170.303039551, 85.7727127075, 45.4515266418, 24.1784324646, 10.4376449585, 3.11730647087, 0.71025043726, 0.133797079325, 0.0296819061041, 0.000866901013069, 3.32824038196e-06, 3.90164967001e-09], "dvar2": [0.739720523357, 19.105009079, 156.29107666, 848.566589355, 939.23034668, 1007.62097168, 8612.39257812, 4550.19921875, 2038.29406738, 6885.62060547, 9519.98632812, 20919.0644531, 6309.59033203, 3368.13818359, 3441.26635742, 12062.4345703, 1263.59399414, 1424.96447754, 999.25604248, 464.498809814, 350.544250488, 224.212097168, 96.5727996826, 152.593856812, 126.737541199, 443.821716309, 360.531829834, 244.939285278, 460.359832764, 221.657531738, 114.904014587, 62.1241149902, 28.0690364838, 7.68748378754, 1.49118173122, 0.264408618212, 0.0681387260556, 0.00185782683548, 6.43316070637e-06, 7.38893923824e-09], "max": [5.32180786133, 28.8930168152, 78.9628677368, 176.239105225, 215.014892578, 193.000244141, 656.031921387, 704.998596191, 390.504058838, 850.882324219, 658.846923828, 1409.86181641, 1157.70593262, 680.192382812, 703.714904785, 1449.45422363, 354.614440918, 380.711242676, 368.966522217, 149.211959839, 171.563781738, 280.271636963, 76.7325057983, 167.395172119, 132.789520264, 443.53237915, 164.689682007, 140.474838257, 133.789962769, 169.197906494, 124.680999756, 60.7585601807, 30.2591400146, 18.5370788574, 10.6262922287, 3.78439044952, 1.64896905422, 0.271634697914, 0.016276627779, 0.000808320357464], "mean": [0.389404028654, 1.8548386097, 3.76539134979, 5.68656635284, 6.02988958359, 7.07094287872, 12.9215202332, 22.1886138916, 15.4286222458, 18.9214687347, 21.4212226868, 39.1639289856, 27.7908401489, 21.0228157043, 25.2815437317, 46.0345001221, 18.0693206787, 19.4652900696, 17.917640686, 10.6352405548, 8.68497467041, 7.69609546661, 4.90815544128, 5.73929595947, 6.27110719681, 8.80939102173, 7.2276058197, 6.75914525986, 6.82209634781, 5.66164541245, 4.19980716705, 2.95892643929, 1.72424864769, 0.886140584946, 0.427971690893, 0.17871811986, 0.0558261945844, 0.00932933948934, 0.000717955292203, 5.62378918403e-05], "median": [0.0682875141501, 0.80121576786, 1.55987036228, 1.28715062141, 1.83740544319, 1.46454274654, 2.30692577362, 4.73777961731, 3.76052618027, 2.39590597153, 4.91574192047, 5.14121818542, 7.86177635193, 6.25833415985, 10.7976455688, 15.5777378082, 7.65277481079, 7.68916702271, 4.54362678528, 3.25591182709, 2.55554676056, 2.43667292595, 1.15872001648, 1.06620776653, 1.34183502197, 0.834051787853, 0.838471055031, 0.749336838722, 0.444436848164, 0.288362562656, 0.173593565822, 0.123001918197, 0.052653811872, 0.0131692802534, 0.00357213011011, 0.000846668146551, 0.000125991966343, 1.6509420675e-05, 1.66760237335e-05, 2.66509669018e-05], "min": [2.55351170064e-22, 6.22972216365e-21, 1.5642053238e-20, 2.70832568105e-20, 3.13553118634e-20, 1.93128229488e-19, 4.52669420341e-19, 2.28274060966e-19, 4.43344716693e-19, 2.9216546563e-19, 8.9750719804e-19, 2.19327828638e-18, 2.68221254554e-18, 1.15629489198e-18, 1.56394686864e-18, 6.75807387636e-18, 4.96392243646e-18, 4.2475364631e-18, 2.83508958481e-18, 1.06631083486e-17, 5.54795868463e-18, 1.32365085933e-17, 1.15951200417e-17, 1.63216002834e-17, 2.52976067711e-17, 1.91373280516e-17, 2.02669937249e-17, 2.32220087821e-17, 1.66659870052e-17, 1.38271527738e-17, 1.59635419203e-17, 2.24281751288e-17, 2.16899395931e-17, 1.81353724474e-17, 7.58188290074e-18, 4.48794368684e-18, 3.07237089302e-18, 1.56759545892e-18, 3.09799741368e-19, 3.01573540036e-20], "var": [0.513565719128, 10.723025322, 48.5560264587, 197.688644409, 200.232406616, 252.561294556, 1940.40380859, 2187.09521484, 1027.33081055, 2780.85351562, 2826.55444336, 11913.8476562, 3687.07958984, 1970.56445312, 1739.47021484, 7842.21875, 741.384521484, 959.161254883, 1477.35058594, 374.338134766, 291.656921387, 181.696868896, 82.3789596558, 142.287826538, 155.921661377, 445.445281982, 232.067840576, 182.395645142, 219.246368408, 174.919128418, 84.5564804077, 39.0203971863, 13.7997083664, 4.60481309891, 1.26505112648, 0.251961439848, 0.0350370146334, 0.00105410907418, 4.82551786263e-06, 7.24332682722e-09]}, "gfcc": {"mean": [-76.1474609375, 129.652328491, -119.680541992, 26.9983406067, -46.015750885, 19.2612380981, -16.7238311768, -3.330493927, -13.0607261658, -1.17508435249, -4.52361631393, -2.81633782387, -3.03793048859], "cov": [[19087.9355469, -3665.35351562, 517.948364258, 1480.47961426, -2634.92163086, 1066.50268555, -1027.99816895, 720.30859375, -576.413146973, 643.999511719, -697.094299316, 268.378479004, -552.745117188], [-3665.35351562, 4407.83740234, -658.477111816, -650.501647949, 1319.7097168, -588.618835449, 949.754699707, -518.836425781, 479.828521729, -370.91506958, 468.246795654, -263.764251709, 372.024993896], [517.948364258, -658.477111816, 1109.64404297, 411.189453125, -149.012466431, 176.617355347, -148.462814331, 157.093017578, -122.013580322, 20.2443008423, -140.257583618, 43.9664459229, -103.811157227], [1480.47961426, -650.501647949, 411.189453125, 1013.72827148, -145.887374878, 253.888412476, -78.3182601929, 54.822101593, -56.2658958435, 8.1928768158, -81.6052703857, -19.1242027283, -54.8653678894], [-2634.92163086, 1319.7097168, -149.012466431, -145.887374878, 1309.8684082, -123.354034424, 433.936645508, -110.684989929, 176.061065674, -84.4525985718, 206.563659668, -39.9354743958, 115.258560181], [1066.50268555, -588.618835449, 176.617355347, 253.888412476, -123.354034424, 529.946594238, -67.8830795288, 110.983695984, -29.0839767456, 23.8236122131, -33.800151825, 26.1868095398, -55.643699646], [-1027.99816895, 949.754699707, -148.462814331, -78.3182601929, 433.936645508, -67.8830795288, 509.024047852, -23.1126976013, 160.309768677, -26.1020374298, 146.354141235, -49.1578445435, 107.803077698], [720.30859375, -518.836425781, 157.093017578, 54.822101593, -110.684989929, 110.983695984, -23.1126976013, 248.34324646, 3.0532450676, 98.7335662842, -43.1494941711, 57.6422843933, -34.0054206848], [-576.413146973, 479.828521729, -122.013580322, -56.2658958435, 176.061065674, -29.0839767456, 160.309768677, 3.0532450676, 214.877029419, 20.9192562103, 103.179267883, -15.1146068573, 86.3907928467], [643.999511719, -370.91506958, 20.2443008423, 8.1928768158, -84.4525985718, 23.8236122131, -26.1020374298, 98.7335662842, 20.9192562103, 190.760162354, 5.68409061432, 50.2023544312, -11.0225343704], [-697.094299316, 468.246795654, -140.257583618, -81.6052703857, 206.563659668, -33.800151825, 146.354141235, -43.1494941711, 103.179267883, 5.68409061432, 172.197845459, 10.1301679611, 75.5559158325], [268.378479004, -263.764251709, 43.9664459229, -19.1242027283, -39.9354743958, 26.1868095398, -49.1578445435, 57.6422843933, -15.1146068573, 50.2023544312, 10.1301679611, 102.116340637, 9.6150560379], [-552.745117188, 372.024993896, -103.811157227, -54.8653678894, 115.258560181, -55.643699646, 107.803077698, -34.0054206848, 86.3907928467, -11.0225343704, 75.5559158325, 9.6150560379, 129.752120972]], "icov": [[0.00015299806546, -0.000267413357506, 0.000171995634446, -0.000264942384092, 0.000261946464889, -0.000246384413913, 0.000137161594466, -0.000308094226057, 0.000306402303977, -0.000595471763518, 0.000493602070492, -0.000560457701795, 0.000410536624258], [-0.000267413357506, 0.00160238228273, -0.000493293919135, 0.000848535157274, -0.000709222629666, 0.000889479822945, -0.00115636317059, 0.00155009969603, -0.00145874987356, 0.00217860215344, -0.00177381152753, 0.002294073347, -0.00137170846574], [0.000171995634446, -0.000493293919135, 0.00150359841064, -0.000795485801063, 0.000227355310926, -0.000372471607989, 0.000356870616088, -0.00113252608571, 0.000740669493098, -0.000597899837885, 0.00120713515207, -0.00132894038688, 0.000910298898816], [-0.000264942384092, 0.000848535157274, -0.000795485801063, 0.00190272578038, -0.000485468248371, 3.97960029659e-05, -0.000561667955481, 0.00107798224781, -0.000811743433587, 0.00122015643865, -0.000958808523137, 0.00199051084928, -0.00114103523083], [0.000261946464889, -0.000709222629666, 0.000227355310926, -0.000485468248371, 0.00169521570206, -0.000433815032011, -0.000357836775947, -0.000456587033113, 0.000471924780868, -0.000880170206074, 0.000354656629497, -0.00148816069122, 0.00112651532982], [-0.000246384413913, 0.000889479822945, -0.000372471607989, 3.97960029659e-05, -0.000433815032011, 0.00302010169253, -0.00046597016626, -8.92037787708e-05, -0.000971393950749, 0.00187001749873, -0.00170619192068, 0.00111222069245, -0.000120067386888], [0.000137161594466, -0.00115636317059, 0.000356870616088, -0.000561667955481, -0.000357836775947, -0.00046597016626, 0.00469100056216, -0.00225270329975, 0.000394184316974, -0.00125836592633, -0.000476608896861, 0.000680556928273, -0.000564212561585], [-0.000308094226057, 0.00155009969603, -0.00113252608571, 0.00107798224781, -0.000456587033113, -8.92037787708e-05, -0.00225270329975, 0.00881917402148, -0.00315237417817, -0.000315545359626, 0.000707868079189, -0.00110492040403, 8.48531635711e-05], [0.000306402303977, -0.00145874987356, 0.000740669493098, -0.000811743433587, 0.000471924780868, -0.000971393950749, 0.000394184316974, -0.00315237417817, 0.0103179123253, -0.00338954292238, -0.00141723279376, 0.00094285607338, -0.00265467516147], [-0.000595471763518, 0.00217860215344, -0.000597899837885, 0.00122015643865, -0.000880170206074, 0.00187001749873, -0.00125836592633, -0.000315545359626, -0.00338954292238, 0.0110563123599, -0.00385699653998, 0.000950139248744, -0.000827412120998], [0.000493602070492, -0.00177381152753, 0.00120713515207, -0.000958808523137, 0.000354656629497, -0.00170619192068, -0.000476608896861, 0.000707868079189, -0.00141723279376, -0.00385699653998, 0.0143153592944, -0.00636812346056, 3.56377131538e-05], [-0.000560457701795, 0.002294073347, -0.00132894038688, 0.00199051084928, -0.00148816069122, 0.00111222069245, 0.000680556928273, -0.00110492040403, 0.00094285607338, 0.000950139248744, -0.00636812346056, 0.0191365145147, -0.00649970164523], [0.000410536624258, -0.00137170846574, 0.000910298898816, -0.00114103523083, 0.00112651532982, -0.000120067386888, -0.000564212561585, 8.48531635711e-05, -0.00265467516147, -0.000827412120998, 3.56377131538e-05, -0.00649970164523, 0.0152316372842]]}, "melbands": {"dmean": [0.00178733037319, 0.00159363774583, 0.00118284916971, 0.000486869656015, 0.000516334956046, 0.000357879936928, 0.000172489322722, 0.000198966343305, 0.000165311052115, 0.000191041064681, 9.42665574257e-05, 6.32669543847e-05, 5.80772175454e-05, 7.91528364061e-05, 5.61526867386e-05, 2.39908968069e-05, 2.53446560237e-05, 1.68101796589e-05, 1.28196106743e-05, 7.78304183768e-06, 6.10085362496e-06, 5.36903780812e-06, 3.50312052433e-06, 2.84958878183e-06, 3.12001611746e-06, 2.30151886171e-06, 3.48453295373e-06, 3.94071548726e-06, 3.28833766616e-06, 3.09742949867e-06, 2.59887633547e-06, 3.56315376848e-06, 2.76910600405e-06, 2.21948585022e-06, 2.07501147997e-06, 1.27079385948e-06, 1.53667576797e-06, 1.17829085866e-06, 5.82234292779e-07, 5.50408913114e-07], "dmean2": [0.00268149841577, 0.002653518226, 0.00217743683606, 0.000894911645446, 0.000932221533731, 0.00056188221788, 0.000271454744507, 0.000329793459969, 0.000281226384686, 0.000295973732136, 0.00014041387476, 0.000101008256024, 8.88062932063e-05, 0.000119545795314, 8.46951734275e-05, 3.75140953111e-05, 3.7437541323e-05, 2.40597910306e-05, 1.90258815564e-05, 1.11171129902e-05, 9.00507620827e-06, 8.06076695881e-06, 5.15053352501e-06, 4.15886188421e-06, 4.70489294457e-06, 3.32779472956e-06, 5.25704626853e-06, 6.25329494142e-06, 5.03582896272e-06, 4.84764450448e-06, 4.24682230005e-06, 6.12968278801e-06, 4.52059293821e-06, 3.61031243301e-06, 3.44881686942e-06, 2.00446152121e-06, 2.54508313446e-06, 2.00094768843e-06, 9.1419826731e-07, 8.49171044592e-07], "dvar": [1.73909775185e-05, 1.12684620035e-05, 9.02950705495e-06, 1.45954550135e-06, 2.76153946288e-06, 9.40527570492e-07, 1.95333640818e-07, 3.30425365291e-07, 2.38241014472e-07, 3.38715381076e-07, 6.2532734546e-08, 2.1517918114e-08, 1.37882176787e-08, 2.77638534385e-08, 1.50032803958e-08, 2.31353580737e-09, 2.51155918285e-09, 1.24653298794e-09, 1.10427544886e-09, 3.02726066437e-10, 2.03072600402e-10, 1.51350668109e-10, 5.05597438916e-11, 6.35465083332e-11, 5.79367352704e-11, 2.4042502364e-11, 7.82081899242e-11, 8.98171606534e-11, 7.37284816532e-11, 4.97436883351e-11, 3.12640850708e-11, 7.01773153478e-11, 4.08869639534e-11, 3.06504856218e-11, 2.18240425731e-11, 7.13059646051e-12, 1.20905820078e-11, 8.04098020807e-12, 1.95097605606e-12, 2.47353786759e-12], "dvar2": [4.22632801929e-05, 2.87086386379e-05, 2.54556143773e-05, 4.16476359533e-06, 7.72372732172e-06, 2.46242552748e-06, 4.84704855808e-07, 8.56139934058e-07, 6.57106284052e-07, 8.35135097077e-07, 1.45742973245e-07, 5.34442783362e-08, 3.36931833544e-08, 6.63884307528e-08, 3.57413192376e-08, 5.54334800285e-09, 5.70913050169e-09, 2.42188380462e-09, 2.49555531795e-09, 6.7587235808e-10, 4.6579690105e-10, 3.63487073773e-10, 1.05180829324e-10, 1.49232348701e-10, 1.28892785334e-10, 5.0823577985e-11, 1.78724160471e-10, 2.12097880925e-10, 1.82490036971e-10, 1.26660737454e-10, 8.07835812133e-11, 1.92558372025e-10, 1.06780723153e-10, 8.11694322866e-11, 5.68698317605e-11, 1.68052429611e-11, 3.19524406933e-11, 2.21293591091e-11, 4.8938392401e-12, 6.01760351618e-12], "max": [0.04237312451, 0.0318932086229, 0.0319982431829, 0.0139675866812, 0.0203958097845, 0.015828948468, 0.00713117374107, 0.00940355472267, 0.00576359918341, 0.00917618349195, 0.00572011480108, 0.00251503265463, 0.00190246850252, 0.00306673976593, 0.00272940960713, 0.000621532206424, 0.000875585712492, 0.000562249508221, 0.000400218123104, 0.000238521999563, 0.000217696520849, 0.000372702343157, 0.000122691082652, 0.000110235523607, 0.000160627561854, 0.000110789304017, 0.000198585519684, 0.00027683476219, 0.000145737896673, 7.85581360105e-05, 8.74342003954e-05, 8.67477428983e-05, 8.73793178471e-05, 0.000124483529362, 0.000106299608888, 4.92233339173e-05, 3.38185527653e-05, 2.5371384254e-05, 1.75142122316e-05, 1.65496676345e-05], "mean": [0.00304992054589, 0.00215936987661, 0.00101108592935, 0.000436857633758, 0.000439378345618, 0.000489085388836, 0.000230940888287, 0.000215972337173, 0.000165868506883, 0.000249496370088, 0.000129078747705, 7.87055905676e-05, 8.0921818153e-05, 0.000106853476609, 7.42945776437e-05, 3.43804276781e-05, 3.69516674255e-05, 2.8521169952e-05, 1.83416359505e-05, 1.27456805785e-05, 9.94104175334e-06, 8.74391389516e-06, 5.69976236875e-06, 3.81559357265e-06, 4.76805871585e-06, 3.98191696149e-06, 5.53871086595e-06, 5.79199331696e-06, 4.34339062849e-06, 4.33445302406e-06, 3.73775765183e-06, 3.97320945922e-06, 3.5513792227e-06, 3.00459328173e-06, 2.6059647098e-06, 1.77744050234e-06, 1.87607145108e-06, 1.32914317419e-06, 8.42972781356e-07, 7.19205331734e-07], "median": [0.000745105964597, 0.000956233358011, 0.000290585478069, 0.00013063166989, 8.39467902551e-05, 0.00010551437299, 5.52626297576e-05, 2.78998541035e-05, 3.41752383974e-05, 2.95267873298e-05, 3.49916663254e-05, 2.06467211683e-05, 3.06923175231e-05, 3.86979372706e-05, 2.43343201873e-05, 1.01505866041e-05, 1.28187148221e-05, 6.98147096045e-06, 4.81576216771e-06, 3.20161666423e-06, 2.6974262255e-06, 2.60191745838e-06, 1.3548986999e-06, 6.42610189061e-07, 7.55914754791e-07, 9.17844545256e-07, 7.07477738615e-07, 4.81201027469e-07, 4.64777258458e-07, 5.45524471818e-07, 3.52296183337e-07, 2.40300522591e-07, 1.94130450382e-07, 1.45000058183e-07, 1.02118391965e-07, 7.19036350461e-08, 7.07086371676e-08, 4.10903169268e-08, 1.65595608337e-08, 8.58574189522e-09], "min": [4.67614893168e-24, 8.78797990392e-24, 4.51417527745e-24, 5.86538830074e-24, 1.71495946881e-23, 4.66391409347e-24, 6.78030996747e-24, 3.18620525188e-24, 8.83956509624e-24, 1.40879781833e-23, 1.33330193643e-23, 4.67029006174e-24, 3.5922643031e-24, 1.75710767588e-23, 1.08505884804e-23, 1.09954462196e-23, 7.63806998416e-24, 3.65402382894e-24, 1.084590028e-23, 1.22329023449e-23, 5.86431939421e-24, 1.42421910239e-23, 1.14805278342e-23, 1.20553384326e-23, 1.28302988198e-23, 1.62809625904e-23, 2.00109462303e-23, 9.92949713252e-24, 1.17914904922e-23, 1.40836552255e-23, 1.27890563828e-23, 8.86551073141e-24, 8.77237781294e-24, 6.97627011608e-24, 8.24836117943e-24, 1.13080441862e-23, 1.42617153313e-23, 1.50168508551e-23, 1.66834094475e-23, 1.46164581918e-23], "var": [2.8310201742e-05, 1.27155881273e-05, 5.8038485804e-06, 9.37262882417e-07, 1.7870722786e-06, 1.10644020879e-06, 2.40866683043e-07, 3.41714724073e-07, 1.87426053344e-07, 4.99687246247e-07, 8.43592644628e-08, 2.93168351817e-08, 1.82951538363e-08, 3.92508781033e-08, 2.00899972214e-08, 3.56391205436e-09, 3.95284383004e-09, 3.61208241095e-09, 1.47410850193e-09, 5.80166137354e-10, 4.14956263795e-10, 2.64806870875e-10, 1.21904278338e-10, 8.37343180904e-11, 1.06716462056e-10, 5.69992074373e-11, 1.88702706239e-10, 1.89737683898e-10, 9.79846898064e-11, 7.80674899725e-11, 5.95025140271e-11, 7.83329720533e-11, 6.57186596809e-11, 5.88542339863e-11, 3.82420518863e-11, 1.389334741e-11, 1.63787299695e-11, 8.82956555093e-12, 3.60443164031e-12, 3.4106322367e-12]}, "mfcc": {"mean": [-708.658935547, 146.779846191, 1.82873928547, 14.9686365128, 1.93419325352, 20.0309123993, 7.72392177582, 6.26873397827, 1.77688205242, 2.73597192764, -0.679919064045, 4.99576711655, 2.11772656441], "cov": [[14456.0234375, -2465.66943359, 502.923095703, 184.817977905, -933.535827637, -103.135139465, -593.748168945, -244.495864868, -156.720001221, 90.5613632202, -146.50138855, 32.2098007202, 26.6327095032], [-2465.66943359, 3658.02099609, -870.651428223, -176.72857666, 263.150024414, 66.3641967773, 303.928283691, 50.7247200012, 90.7863464355, -22.467464447, 53.6277656555, 67.3109817505, 33.7892379761], [502.923095703, -870.651428223, 1142.55334473, 212.728683472, -75.9523849487, 16.0705184937, -91.6810531616, 59.7246704102, -21.9150753021, -4.63746500015, -39.0998725891, -29.3520145416, -51.5730209351], [184.817977905, -176.72857666, 212.728683472, 659.500061035, 135.674346924, 77.5925369263, 83.1986846924, 3.55504417419, 51.3128089905, 23.2843780518, -4.38637113571, 30.8678951263, -35.4413909912], [-933.535827637, 263.150024414, -75.9523849487, 135.674346924, 575.904785156, 177.904571533, 159.613647461, 102.454856873, 32.8970870972, 16.3663635254, 46.6882781982, -19.2631950378, 31.4543323517], [-103.135139465, 66.3641967773, 16.0705184937, 77.5925369263, 177.904571533, 313.930633545, 121.225753784, 94.4989013672, 28.963886261, 28.4529018402, 11.7665023804, 39.0981369019, 19.2320346832], [-593.748168945, 303.928283691, -91.6810531616, 83.1986846924, 159.613647461, 121.225753784, 291.866638184, 100.083114624, 70.8585662842, 28.402261734, 44.7388648987, 45.9264831543, 19.1885910034], [-244.495864868, 50.7247200012, 59.7246704102, 3.55504417419, 102.454856873, 94.4989013672, 100.083114624, 200.26210022, 51.1100120544, 33.1160125732, 18.6046123505, 9.57826328278, 28.8359737396], [-156.720001221, 90.7863464355, -21.9150753021, 51.3128089905, 32.8970870972, 28.963886261, 70.8585662842, 51.1100120544, 149.615875244, 69.0158233643, 31.7878627777, 35.4396324158, 14.4322929382], [90.5613632202, -22.467464447, -4.63746500015, 23.2843780518, 16.3663635254, 28.4529018402, 28.402261734, 33.1160125732, 69.0158233643, 115.07220459, 57.2495231628, 20.8087387085, 26.6459274292], [-146.50138855, 53.6277656555, -39.0998725891, -4.38637113571, 46.6882781982, 11.7665023804, 44.7388648987, 18.6046123505, 31.7878627777, 57.2495231628, 100.675071716, 47.5459938049, 26.711145401], [32.2098007202, 67.3109817505, -29.3520145416, 30.8678951263, -19.2631950378, 39.0981369019, 45.9264831543, 9.57826328278, 35.4396324158, 20.8087387085, 47.5459938049, 106.59854126, 36.4993057251], [26.6327095032, 33.7892379761, -51.5730209351, -35.4413909912, 31.4543323517, 19.2320346832, 19.1885910034, 28.8359737396, 14.4322929382, 26.6459274292, 26.711145401, 36.4993057251, 90.9208450317]], "icov": [[9.29733287194e-05, 4.4371758122e-05, 1.98449779418e-05, -5.33207785338e-05, 0.000124048048747, -6.81263845763e-05, 0.000105565894046, 2.08720048249e-05, 9.93080611806e-05, -0.000185330340173, 0.000145661426359, -6.68092106935e-05, -8.80779261934e-05], [4.4371758122e-05, 0.000391550333006, 0.000245780916885, 7.03247642377e-05, -6.3267085352e-05, 3.98205411329e-05, -0.000217132488615, -5.69610074308e-06, -0.000100247001683, 0.000104274833575, 0.00012718916696, -0.000226109506912, 0.000108169057057], [1.98449779418e-05, 0.000245780916885, 0.00124539621174, -0.000405392667744, 0.000195262342459, -9.44501443882e-05, 0.00041093150503, -0.000789876328781, 0.000159550618264, 5.81890453759e-05, 2.20072979573e-05, 1.29636719066e-05, 0.00051341339713], [-5.33207785338e-05, 7.03247642377e-05, -0.000405392667744, 0.00211196136661, -0.000839835440274, 0.00014834565809, -0.000627301749773, 0.000658757751808, -0.000324238731991, -0.000805102230515, 0.0012721598614, -0.00148579571396, 0.00127554731444], [0.000124048048747, -6.3267085352e-05, 0.000195262342459, -0.000839835440274, 0.00329103902914, -0.00165073527023, -0.000417932053097, -0.000396394549171, -0.000369922898244, 0.0016083199298, -0.00273187179118, 0.00334459543228, -0.00175758893602], [-6.81263845763e-05, 3.98205411329e-05, -9.44501443882e-05, 0.00014834565809, -0.00165073527023, 0.00522966543213, -0.00114937731996, -0.00134270871058, 0.00128865381703, -0.0022283801809, 0.00291273999028, -0.00333447847515, 0.00107408652548], [0.000105565894046, -0.000217132488615, 0.00041093150503, -0.000627301749773, -0.000417932053097, -0.00114937731996, 0.00612593488768, -0.001936799963, -0.0013869763352, 0.0010220358381, -0.00144406524487, -0.000979780685157, 0.00048565279576], [2.08720048249e-05, -5.69610074308e-06, -0.000789876328781, 0.000658757751808, -0.000396394549171, -0.00134270871058, -0.001936799963, 0.00775958271697, -0.00169356376864, -0.000390735542169, 0.000154241904966, 0.00142278219573, -0.00205947016366], [9.93080611806e-05, -0.000100247001683, 0.000159550618264, -0.000324238731991, -0.000369922898244, 0.00128865381703, -0.0013869763352, -0.00169356376864, 0.0117691867054, -0.00789907202125, 0.00345908105373, -0.00413017999381, 0.00174608826637], [-0.000185330340173, 0.000104274833575, 5.81890453759e-05, -0.000805102230515, 0.0016083199298, -0.0022283801809, 0.0010220358381, -0.000390735542169, -0.00789907202125, 0.019588695839, -0.0117973778397, 0.006384907756, -0.00402633147314], [0.000145661426359, 0.00012718916696, 2.20072979573e-05, 0.0012721598614, -0.00273187179118, 0.00291273999028, -0.00144406524487, 0.000154241904966, 0.00345908105373, -0.0117973778397, 0.0218539517373, -0.0106381783262, 0.00176186126191], [-6.68092106935e-05, -0.000226109506912, 1.29636719066e-05, -0.00148579571396, 0.00334459543228, -0.00333447847515, -0.000979780685157, 0.00142278219573, -0.00413017999381, 0.006384907756, -0.0106381783262, 0.0193797480315, -0.00703451270238], [-8.80779261934e-05, 0.000108169057057, 0.00051341339713, 0.00127554731444, -0.00175758893602, 0.00107408652548, 0.00048565279576, -0.00205947016366, 0.00174608826637, -0.00402633147314, 0.00176186126191, -0.00703451270238, 0.015913290903]]}, "spectral_contrast_coeffs": {"dmean": [0.0565073415637, 0.0537242852151, 0.0476925857365, 0.0389714390039, 0.0255404841155, 0.0273458063602], "dmean2": [0.0947132483125, 0.0855505615473, 0.0722155869007, 0.0581178441644, 0.0381846502423, 0.0427727624774], "dvar": [0.00270687858574, 0.00251549342647, 0.00180715171155, 0.00126624573022, 0.000576721213292, 0.00110609887633], "dvar2": [0.00685066543519, 0.00579502992332, 0.0036465250887, 0.00250475108624, 0.00112029328011, 0.00241085025482], "max": [-0.353138595819, -0.329004645348, -0.45468428731, -0.471404671669, -0.548362255096, -0.488628685474], "mean": [-0.673910140991, -0.718720972538, -0.741214036942, -0.758921086788, -0.789012670517, -0.746495842934], "median": [-0.67765378952, -0.726591587067, -0.749262452126, -0.774115502834, -0.798837780952, -0.751476109028], "min": [-0.966171085835, -0.962763667107, -0.957857429981, -0.960513114929, -0.962196588516, -0.963436543941], "var": [0.00647803582251, 0.00912598054856, 0.00642081629485, 0.0063452096656, 0.00328878196888, 0.00366396503523]}, "spectral_contrast_valleys": {"dmean": [0.524931848049, 0.628675282001, 0.559531092644, 0.514026641846, 0.448156058788, 0.64336514473], "dmean2": [0.803564369678, 0.960747361183, 0.828644931316, 0.713243186474, 0.570978522301, 0.780023336411], "dvar": [0.310651570559, 0.485404640436, 0.358511954546, 0.314370959997, 0.291789650917, 0.666743397713], "dvar2": [0.570857286453, 0.984759926796, 0.671306371689, 0.565780520439, 0.482308924198, 1.15086066723], "max": [-5.090852260