{"lowlevel": {"average_loudness": 0.24721352756, "barkbands_crest": {"dmean": 1.96237933636, "dmean2": 3.15704226494, "dvar": 3.85368847847, "dvar2": 9.82414531708, "max": 26.248128891, "mean": 11.7424707413, "median": 11.1516771317, "min": 3.084015131, "var": 16.9529399872}, "barkbands_flatness_db": {"dmean": 0.0157701931894, "dmean2": 0.0249024499208, "dvar": 0.000283532572212, "dvar2": 0.000692696892656, "max": 0.582747459412, "mean": 0.195695951581, "median": 0.174500510097, "min": 0.0460002534091, "var": 0.00739550963044}, "barkbands_kurtosis": {"dmean": 3.11510109901, "dmean2": 5.09106731415, "dvar": 83.6795654297, "dvar2": 217.6796875, "max": 347.890106201, "mean": 7.08984184265, "median": 3.4881401062, "min": -1.71261668205, "var": 196.319900513}, "barkbands_skewness": {"dmean": 0.417583733797, "dmean2": 0.658222436905, "dvar": 0.238509386778, "dvar2": 0.56379532814, "max": 9.62446403503, "mean": 1.62598907948, "median": 1.50321495533, "min": -2.15459632874, "var": 1.83983182907}, "barkbands_spread": {"dmean": 2.65916919708, "dmean2": 4.26992511749, "dvar": 12.7676839828, "dvar2": 31.117477417, "max": 64.5485153198, "mean": 14.4347743988, "median": 11.2721920013, "min": 0.103882648051, "var": 119.44228363}, "dissonance": {"dmean": 0.0308286268264, "dmean2": 0.0531282685697, "dvar": 0.00092853337992, "dvar2": 0.00273297633976, "max": 0.500000059605, "mean": 0.415010333061, "median": 0.425546228886, "min": 0.145466566086, "var": 0.00297923618928}, "dynamic_complexity": 5.95635700226, "erbbands_crest": {"dmean": 2.56117892265, "dmean2": 4.20185518265, "dvar": 6.44455432892, "dvar2": 18.1802444458, "max": 30.9194049835, "mean": 12.92710495, "median": 12.1135015488, "min": 2.85720586777, "var": 27.716173172}, "erbbands_flatness_db": {"dmean": 0.012844263576, "dmean2": 0.0200911015272, "dvar": 0.000166939455085, "dvar2": 0.000403943675337, "max": 0.537762641907, "mean": 0.200300768018, "median": 0.18538634479, "min": 0.0446360222995, "var": 0.00588824879378}, "erbbands_kurtosis": {"dmean": 1.37630438805, "dmean2": 2.25175189972, "dvar": 9.74181079865, "dvar2": 25.4808425903, "max": 133.397476196, "mean": 2.38134980202, "median": 0.710204839706, "min": -1.67844820023, "var": 45.8015785217}, "erbbands_skewness": {"dmean": 0.325557261705, "dmean2": 0.516089975834, "dvar": 0.102879345417, "dvar2": 0.242823928595, "max": 7.2103934288, "mean": 0.754294037819, "median": 0.668178796768, "min": -2.72542595863, "var": 1.12146019936}, "erbbands_spread": {"dmean": 5.02816295624, "dmean2": 8.09304237366, "dvar": 29.6607494354, "dvar2": 74.5523986816, "max": 98.1511993408, "mean": 28.4082775116, "median": 25.4510250092, "min": 0.496809720993, "var": 278.130401611}, "hfc": {"dmean": 2.29493355751, "dmean2": 3.51735496521, "dvar": 10.640173912, "dvar2": 24.0034732819, "max": 90.4167327881, "mean": 12.1907405853, "median": 9.34642791748, "min": 1.1139976152e-16, "var": 142.762405396}, "melbands_crest": {"dmean": 2.41172647476, "dmean2": 3.82438254356, "dvar": 6.23285388947, "dvar2": 16.0785045624, "max": 33.2229003906, "mean": 15.7023639679, "median": 15.1508407593, "min": 1.60676705837, "var": 31.0076637268}, "melbands_flatness_db": {"dmean": 0.0168560929596, "dmean2": 0.0264473501593, "dvar": 0.000367391068721, "dvar2": 0.000848836731166, "max": 0.64884096384, "mean": 0.279765963554, "median": 0.25987419486, "min": 0.00447317911312, "var": 0.0107429772615}, "melbands_kurtosis": {"dmean": 4.74414730072, "dmean2": 7.69290208817, "dvar": 69.9896621704, "dvar2": 194.777984619, "max": 197.183486938, "mean": 12.2874832153, "median": 7.32055473328, "min": -1.74545145035, "var": 338.235321045}, "melbands_skewness": {"dmean": 0.515255212784, "dmean2": 0.81451767683, "dvar": 0.304483324289, "dvar2": 0.778790473938, "max": 10.6359109879, "mean": 2.22973918915, "median": 2.03842139244, "min": -1.04051077366, "var": 2.32927942276}, "melbands_spread": {"dmean": 3.47676086426, "dmean2": 5.40790843964, "dvar": 34.584197998, "dvar2": 80.1629180908, "max": 148.298828125, "mean": 18.0852508545, "median": 12.1486301422, "min": 0.270132958889, "var": 358.822906494}, "pitch_salience": {"dmean": 0.0504971332848, "dmean2": 0.081792704761, "dvar": 0.00242733000778, "dvar2": 0.00627479143441, "max": 0.989215433598, "mean": 0.459327548742, "median": 0.453125447035, "min": 0.108214437962, "var": 0.0109474379569}, "silence_rate_20dB": {"dmean": 0, "dmean2": 0, "dvar": 0, "dvar2": 0, "max": 1, "mean": 1, "median": 1, "min": 1, "var": 0}, "silence_rate_30dB": {"dmean": 0.0138888889924, "dmean2": 0.0277874264866, "dvar": 0.0136961694807, "dvar2": 0.0318776592612, "max": 1, "mean": 0.975008666515, "median": 1, "min": 0, "var": 0.0243670847267}, "silence_rate_60dB": {"dmean": 0.0125000001863, "dmean2": 0.0250086840242, "dvar": 0.0123438965529, "dvar2": 0.0250780899078, "max": 1, "mean": 0.177368968725, "median": 0, "min": 0, "var": 0.145909979939}, "spectral_centroid": {"dmean": 164.08392334, "dmean2": 270.948944092, "dvar": 116515.8125, "dvar2": 258237.09375, "max": 11448.5126953, "mean": 1101.20935059, "median": 802.947631836, "min": 155.334365845, "var": 1411123}, "spectral_complexity": {"dmean": 1.27569448948, "dmean2": 2.16394591331, "dvar": 1.48163568974, "dvar2": 3.79738545418, "max": 23, "mean": 10.3359947205, "median": 11, "min": 0, "var": 24.14909935}, "spectral_decrease": {"dmean": 1.65578639688e-09, "dmean2": 2.64505573e-09, "dvar": 1.72186296812e-17, "dvar2": 4.74111372841e-17, "max": 1.10826407903e-24, "mean": -6.2277276669e-09, "median": -3.81688414208e-09, "min": -8.9409127213e-08, "var": 6.02078298098e-17}, "spectral_energy": {"dmean": 0.0064273183234, "dmean2": 0.0102556971833, "dvar": 0.000251167919487, "dvar2": 0.000690985762049, "max": 0.34097841382, "mean": 0.0246105790138, "median": 0.0152853913605, "min": 1.00683713302e-20, "var": 0.000893579097465}, "spectral_energyband_high": {"dmean": 8.04293449619e-05, "dmean2": 0.000139105890412, "dvar": 2.41827695646e-08, "dvar2": 7.07868395011e-08, "max": 0.00257730251178, "mean": 0.000248202151852, "median": 0.000127620267449, "min": 7.28423163791e-21, "var": 1.28615567974e-07}, "spectral_energyband_low": {"dmean": 0.00313038658351, "dmean2": 0.00528162159026, "dvar": 0.000204833268072, "dvar2": 0.000571229611523, "max": 0.296609669924, "mean": 0.00700986245647, "median": 0.0015731860185, "min": 1.8311889724e-23, "var": 0.000442805117927}, "spectral_energyband_middle_high": {"dmean": 0.000830925768241, "dmean2": 0.00117918255273, "dvar": 2.87848934022e-06, "dvar2": 5.29730868948e-06, "max": 0.052193518728, "mean": 0.0035187790636, "median": 0.00174756511115, "min": 1.2524179894e-21, "var": 3.14242679451e-05}, "spectral_energyband_middle_low": {"dmean": 0.00412908103317, "dmean2": 0.00636823568493, "dvar": 5.32115554961e-05, "dvar2": 0.000136923074024, "max": 0.136562734842, "mean": 0.0145867438987, "median": 0.00854318309575, "min": 1.85225234743e-22, "var": 0.00029455346521}, "spectral_entropy": {"dmean": 0.127457916737, "dmean2": 0.205193564296, "dvar": 0.021202718839, "dvar2": 0.0513004846871, "max": 9.81515789032, "mean": 6.51332759857, "median": 6.60903215408, "min": 3.75072789192, "var": 0.481258422136}, "spectral_flux": {"dmean": 0.014526385814, "dmean2": 0.0243923664093, "dvar": 0.000516992004123, "dvar2": 0.00139517732896, "max": 0.398367226124, "mean": 0.0460933707654, "median": 0.0344592630863, "min": 6.59490378974e-11, "var": 0.00162808375899}, "spectral_kurtosis": {"dmean": 4.66374206543, "dmean2": 7.90141010284, "dvar": 115.181510925, "dvar2": 307.516235352, "max": 249.510574341, "mean": 16.5097846985, "median": 6.96094226837, "min": -1.25707030296, "var": 768.313781738}, "spectral_rms": {"dmean": 0.000498902692925, "dmean2": 0.000766671146266, "dvar": 6.30588033346e-07, "dvar2": 1.64112464063e-06, "max": 0.0182390213013, "mean": 0.00416214251891, "median": 0.00386168062687, "min": 3.13413487871e-12, "var": 6.68685515848e-06}, "spectral_rolloff": {"dmean": 241.466018677, "dmean2": 432.393676758, "dvar": 486761.34375, "dvar2": 1291255.75, "max": 19595.2148438, "mean": 1278.71765137, "median": 753.662109375, "min": 107.666015625, "var": 4624103}, "spectral_skewness": {"dmean": 0.358150601387, "dmean2": 0.60851675272, "dvar": 0.315589278936, "dvar2": 0.878533959389, "max": 12.7279014587, "mean": 2.63791775703, "median": 2.09712123871, "min": -0.0590812377632, "var": 2.92297124863}, "spectral_spread": {"dmean": 345751.21875, "dmean2": 589232.25, "dvar": 1540204003330.0, "dvar2": 3193659457540.0, "max": 42633956, "mean": 4153110.5, "median": 3876613, "min": 341692.15625, "var": 15459491512300.0}, "spectral_strongpeak": {"dmean": 0.404514223337, "dmean2": 0.67500025034, "dvar": 0.556408286095, "dvar2": 1.25356972218, "max": 12.0591545105, "mean": 1.27751541138, "median": 0.820980548859, "min": 0, "var": 2.52689433098}, "zerocrossingrate": {"dmean": 0.00529242632911, "dmean2": 0.00707083474845, "dvar": 0.000166447454831, "dvar2": 0.000302668428048, "max": 0.5166015625, "mean": 0.0515600256622, "median": 0.0380859375, "min": 0.00390625, "var": 0.00343847926706}, "barkbands": {"dmean": [1.82451749424e-05, 0.0014839626383, 0.00188536837231, 0.000714867550414, 0.00269667268731, 0.000636085285805, 0.00123068888206, 0.000277931103483, 0.000447847560281, 0.000299999665003, 0.000167271064129, 0.000150262014358, 0.00022714206716, 0.000195542204892, 0.000113311296445, 3.00519586744e-05, 5.42434754607e-05, 6.35450633126e-05, 4.3848187488e-05, 4.52744170616e-05, 6.40737416688e-05, 2.4409568141e-05, 1.04829769043e-05, 7.22023105482e-06, 3.54690996573e-06, 2.47581556323e-06, 1.54949907483e-06], "dmean2": [3.02666867356e-05, 0.00242187292315, 0.0032269845251, 0.00118331040721, 0.00429359683767, 0.000894377590157, 0.00222050398588, 0.000345188222127, 0.00058760959655, 0.000421345961513, 0.000253667589277, 0.000226601827308, 0.000364680920029, 0.000251323188422, 0.000150322113768, 4.67815734737e-05, 9.29929447011e-05, 0.00010227245366, 7.48930760892e-05, 7.04479025444e-05, 0.000112589346827, 4.17164119426e-05, 1.80416736839e-05, 1.2066846466e-05, 5.77115906708e-06, 4.00254930355e-06, 2.4355874757e-06], "dvar": [7.11462666558e-10, 5.23405033164e-05, 7.38847156754e-05, 4.37472817794e-06, 3.83010919904e-05, 2.45110868491e-06, 9.68005861068e-06, 1.41398163578e-06, 1.08121150788e-06, 8.16043041141e-07, 4.70045023349e-07, 1.41669588061e-07, 5.8727113128e-07, 4.7954472393e-07, 2.85703606551e-07, 3.52073992183e-09, 2.84769630099e-08, 4.26496491457e-08, 8.65439275799e-09, 2.27559233679e-08, 1.66731464191e-08, 4.24856727577e-09, 6.81729894758e-10, 3.6400263359e-10, 6.87454468351e-11, 4.32255481408e-11, 1.58329061667e-11], "dvar2": [2.01710403935e-09, 0.000132673507323, 0.000218829824007, 1.2825680642e-05, 9.67533414951e-05, 4.65503353553e-06, 3.09576316795e-05, 1.62845356044e-06, 1.73533794623e-06, 1.6511476133e-06, 9.03691670828e-07, 2.94113959853e-07, 1.65675555763e-06, 5.85842769851e-07, 3.42514027807e-07, 8.43655190153e-09, 8.336736812e-08, 1.03881788505e-07, 2.45073614735e-08, 5.1613074703e-08, 4.93994676276e-08, 1.21293926014e-08, 1.84757764643e-09, 1.04018138547e-09, 1.86539256264e-10, 1.09526089587e-10, 3.53815275689e-11], "max": [0.000399420241592, 0.160224437714, 0.139013469219, 0.0399383157492, 0.0954731479287, 0.0385570190847, 0.0378388352692, 0.0492819994688, 0.0200294591486, 0.0194075666368, 0.022838935256, 0.0174600593746, 0.0233432855457, 0.0356476232409, 0.0209010131657, 0.00131656613667, 0.00365316332318, 0.0079858340323, 0.0015240390785, 0.00356302317232, 0.00188723031897, 0.00121260725427, 0.000556988466997, 0.000592586991843, 0.000237135740463, 0.00016189312737, 0.000107935302367], "mean": [4.57788846688e-05, 0.00312688201666, 0.00310875382274, 0.00155272847041, 0.00579044874758, 0.00261222920381, 0.00223143096082, 0.00114028039388, 0.00121324881911, 0.00080720364349, 0.000463661242975, 0.000300475483527, 0.00050083437236, 0.000740515359212, 0.000270393589744, 6.8395427661e-05, 8.71346128406e-05, 0.000143304569065, 7.5784882938e-05, 0.000100218123407, 0.000115135429951, 4.70247323392e-05, 2.31629546761e-05, 2.1631762138e-05, 1.17784948088e-05, 7.53535641707e-06, 4.65507355329e-06], "median": [2.31880731008e-05, 0.000502293696627, 0.000521861365996, 0.000164857017808, 0.00176695501432, 0.000592166674323, 0.000152509150212, 0.000101432415249, 0.000418086157879, 0.000206081342185, 1.94217518583e-05, 9.81974735623e-05, 8.39197891764e-05, 7.44941935409e-05, 2.1545587515e-05, 2.11500973819e-05, 1.67355065059e-05, 2.379416037e-05, 2.2790987714e-05, 1.28159499582e-05, 4.47530583187e-05, 1.86839188245e-05, 9.80252207228e-06, 9.28832287173e-06, 5.65625077797e-06, 3.26523218064e-06, 1.60736635735e-06], "min": [1.77383102911e-25, 8.28800696194e-24, 1.70690409456e-24, 1.96958412638e-24, 1.02370495448e-23, 1.27344096213e-23, 6.02364957554e-24, 4.7735101446e-24, 1.90391374371e-23, 2.13858708347e-23, 2.456865953e-23, 2.75958249014e-23, 3.33110306518e-23, 5.04627978628e-23, 6.41798362935e-23, 7.38852992955e-23, 9.22881052389e-23, 1.19800544387e-22, 1.0460684985e-22, 2.04510725553e-22, 2.75981132291e-22, 3.87504405324e-22, 4.7243508889e-22, 6.25966101272e-22, 9.92662072478e-22, 1.3177613198e-21, 1.92098257955e-21], "var": [3.18394643983e-09, 0.000111508008558, 0.000117522038636, 1.3077074982e-05, 0.000110057546408, 2.24979739869e-05, 2.31564172282e-05, 1.43429988384e-05, 4.73497902931e-06, 3.5753728298e-06, 2.15662475966e-06, 7.45177487715e-07, 1.97644271793e-06, 7.79083711677e-06, 1.50251639752e-06, 1.57601238726e-08, 4.92421925458e-08, 2.44744967404e-07, 1.86825452886e-08, 1.0318081678e-07, 3.66238133154e-08, 7.3268844325e-09, 2.09387707173e-09, 2.12221773488e-09, 3.71916331066e-10, 2.3713592201e-10, 1.01908710637e-10]}, "erbbands": {"dmean": [0.0150451762602, 0.433827161789, 2.08401656151, 2.0322034359, 7.23519229889, 9.16076564789, 2.96525359154, 6.88248682022, 21.8899822235, 5.42624330521, 6.53107357025, 8.95053577423, 9.07545566559, 8.37263393402, 6.50460386276, 6.28715276718, 10.4885759354, 11.6802749634, 7.1132106781, 2.33165121078, 2.11650729179, 2.12642192841, 3.41570305824, 2.25514292717, 2.5303633213, 2.3134970665, 3.2423017025, 1.1104849577, 0.78785020113, 0.411524087191, 0.236823648214, 0.180197298527, 0.130610361695, 0.0495702885091, 0.0200355071574, 0.0123424064368, 0.00494309375063, 0.00124855875038, 0.000310320057906, 2.42200421781e-05], "dmean2": [0.0255233887583, 0.708848118782, 3.58738207817, 3.35011410713, 11.6746320724, 14.8983821869, 4.20944833755, 10.2952432632, 39.5888786316, 7.99768590927, 8.2140712738, 11.6452112198, 12.3766279221, 11.8366298676, 9.67851066589, 9.62706661224, 16.5238552094, 15.3022098541, 9.16417312622, 3.63358449936, 3.35983371735, 3.56343007088, 5.63382673264, 3.71620130539, 4.02607774734, 3.85599040985, 5.6683382988, 1.91403603554, 1.3220924139, 0.6827018857, 0.403741687536, 0.298894196749, 0.213830783963, 0.0810655802488, 0.032567769289, 0.0198832843453, 0.00789179466665, 0.00197184900753, 0.000497786793858, 3.88833395846e-05], "dvar": [0.00440566940233, 4.61281919479, 101.209068298, 42.1343955994, 308.420776367, 407.306915283, 33.5568313599, 272.773864746, 2877.49755859, 168.707397461, 496.959625244, 404.156524658, 619.900756836, 349.872802734, 421.681671143, 335.711212158, 1410.63964844, 1896.17358398, 1058.70300293, 35.1843490601, 16.9509906769, 42.6792984009, 84.3056335449, 29.5151157379, 46.8943634033, 55.3315391541, 54.9142189026, 12.4564247131, 2.95665311813, 1.04392659664, 0.226652741432, 0.362731456757, 0.104226760566, 0.0122859943658, 0.00201794249006, 0.00109549309127, 0.00015860790154, 1.67312209669e-05, 6.40308485345e-07, 1.64476887665e-09], "dvar2": [0.0128610618412, 11.7663469315, 289.452758789, 119.983932495, 840.758483887, 1035.19995117, 61.0958786011, 556.80847168, 9390.45117188, 324.443939209, 582.147949219, 595.448303223, 1105.32666016, 781.637573242, 755.274597168, 700.638305664, 4048.47265625, 2489.7734375, 1217.63647461, 77.5701370239, 41.67137146, 123.446380615, 213.399047852, 76.8149490356, 101.941360474, 148.720184326, 163.72819519, 35.9313964844, 8.0992231369, 2.82235789299, 0.627569258213, 1.08622217178, 0.261210441589, 0.0327618904412, 0.00553031172603, 0.00272187637165, 0.00037694798084, 3.79528210033e-05, 1.46500804021e-06, 4.31461621986e-09], "max": [1.27422833443, 47.9883918762, 191.802963257, 141.37210083, 347.891235352, 291.926452637, 141.853225708, 351.335418701, 620.254333496, 367.174682617, 919.216369629, 466.902984619, 450.874481201, 311.916900635, 713.514770508, 899.084350586, 1205.89331055, 2153.63525391, 1274.74621582, 151.371520996, 90.619934082, 135.511398315, 329.517852783, 166.577560425, 216.794952393, 138.780258179, 115.880874634, 73.8389816284, 27.2929077148, 22.7891216278, 7.45551729202, 14.9835968018, 7.12300682068, 2.87415552139, 1.34469461441, 0.723750650883, 0.350282102823, 0.120465554297, 0.0264640897512, 0.000984656973742], "mean": [0.0286763496697, 0.918664753437, 3.78797912598, 4.38554096222, 14.8536262512, 19.6964988708, 9.66418266296, 27.5633811951, 39.5375480652, 17.8754615784, 26.3799133301, 24.2562580109, 28.0542354584, 22.053068161, 18.4366569519, 13.5881004333, 24.6581420898, 43.7354736328, 18.5564250946, 4.90890741348, 4.81426477432, 3.90015101433, 7.36007642746, 5.10449790955, 5.90151882172, 4.66988277435, 5.75964832306, 2.33102917671, 1.76888382435, 0.987198531628, 0.543447613716, 0.442667037249, 0.329257160425, 0.148308321834, 0.0695768743753, 0.0380956158042, 0.0146593321115, 0.0034523550421, 0.000805705494713, 7.99724293756e-05], "median": [0.00616581551731, 0.14668931067, 0.647123754025, 0.768853127956, 3.12709236145, 5.09971141815, 4.40137910843, 6.85046720505, 7.63967418671, 3.31216263771, 5.91848897934, 9.49427509308, 7.745054245, 8.37730407715, 4.96129560471, 5.02243709564, 4.65761423111, 4.83817911148, 3.40735673904, 1.22125804424, 1.83831894398, 1.42925345898, 2.06683492661, 1.4225859642, 1.16845989227, 1.23425912857, 1.72403299809, 0.723948180676, 0.713054180145, 0.439902514219, 0.233108565211, 0.165339156985, 0.143242105842, 0.0702043548226, 0.0322320535779, 0.0166429337114, 0.00607872987166, 0.00144888076466, 0.000265165581368, 5.25038631167e-05], "min": [9.63886042242e-23, 1.16800648991e-21, 3.08732945758e-21, 4.00549044594e-21, 1.59841990501e-20, 3.89804210775e-20, 8.32979471764e-20, 1.5058056617e-19, 1.7017803877e-19, 1.95426176004e-19, 3.33527572336e-19, 5.38698685588e-19, 5.02217590732e-19, 7.43309461524e-19, 9.22632395556e-19, 1.35593431243e-18, 1.62942824368e-18, 2.84423820239e-18, 1.74316961042e-18, 3.69476433337e-18, 4.55932937371e-18, 5.52964035637e-18, 5.85669268132e-18, 7.12360747059e-18, 6.6614430508e-18, 1.00849124092e-17, 9.33858539277e-18, 1.11271053871e-17, 1.42587888523e-17, 1.43918391995e-17, 1.25170326868e-17, 1.25342934646e-17, 1.036142069e-17, 7.65332814461e-18, 6.13917155179e-18, 4.44787299002e-18, 2.45464957556e-18, 9.63454792761e-19, 2.60084015205e-19, 2.82605286926e-20], "var": [0.00819119811058, 9.70553779602, 175.268035889, 102.810211182, 999.317749023, 1079.69018555, 227.080307007, 2512.71435547, 5846.77490234, 1374.13122559, 5036.46875, 1842.35925293, 2826.61621094, 1348.54663086, 2104.67480469, 1895.21606445, 4438.69775391, 29209.3886719, 5458.31640625, 127.80493927, 73.4515075684, 81.3699035645, 431.789581299, 140.427963257, 283.143707275, 137.090560913, 120.955245972, 32.5862579346, 8.21712684631, 3.64203953743, 0.700081825256, 1.20831954479, 0.359622687101, 0.0586187578738, 0.0133430408314, 0.00577704701573, 0.00091495300876, 5.85172565479e-05, 3.26384088112e-06, 1.17213430073e-08]}, "gfcc": {"mean": [-93.5618896484, 107.095413208, -99.9393768311, 9.93388080597, -57.0372276306, 0.213044881821, -25.3289031982, -2.2266304493, -24.1894035339, -0.684496104717, -14.2518577576, -4.48025083542, -9.06498241425], "cov": [[39027.8046875, -730.685302734, -2743.25708008, 601.650756836, -1575.54345703, 173.932617188, -1241.46557617, -692.523803711, -1469.62670898, 141.899932861, -254.668289185, 36.6856918335, -318.99887085], [-730.685302734, 3326.74975586, 1.45335900784, -468.699401855, 411.637878418, -345.934783936, -76.086265564, -157.718399048, 310.993041992, -94.0573348999, 116.698959351, -109.934616089, 310.116882324], [-2743.25708008, 1.45335900784, 749.828369141, 227.699890137, 91.9863815308, 107.585762024, 143.378768921, 93.5931091309, 116.117492676, 10.4238109589, -61.5543670654, -47.7081108093, -88.3841552734], [601.650756836, -468.699401855, 227.699890137, 552.975402832, 80.6371002197, 159.265563965, 24.5056991577, 63.8915367126, -62.7997398376, 71.9808120728, -74.2323150635, -69.4708480835, -132.741348267], [-1575.54345703, 411.637878418, 91.9863815308, 80.6371002197, 407.797088623, -3.86598944664, 25.4566860199, -20.2056369781, 63.0092773438, -12.5195093155, 19.159236908, -33.6560935974, 53.8749732971], [173.932617188, -345.934783936, 107.585762024, 159.265563965, -3.86598944664, 241.173095703, 126.476364136, 103.216560364, -13.1402435303, 12.903169632, -70.580291748, -8.55876159668, -68.9445037842], [-1241.46557617, -76.086265564, 143.378768921, 24.5056991577, 25.4566860199, 126.476364136, 294.830566406, 197.354019165, 97.6338195801, 3.48015499115, -35.5576972961, -25.6917095184, -21.5637435913], [-692.523803711, -157.718399048, 93.5931091309, 63.8915367126, -20.2056369781, 103.216560364, 197.354019165, 258.888549805, 131.81022644, 44.4613456726, -43.8910255432, -25.9716815948, -48.5730628967], [-1469.62670898, 310.993041992, 116.117492676, -62.7997398376, 63.0092773438, -13.1402435303, 97.6338195801, 131.81022644, 241.84286499, 61.6647567749, 18.317779541, -46.9234924316, 7.37956047058], [141.899932861, -94.0573348999, 10.4238109589, 71.9808120728, -12.5195093155, 12.903169632, 3.48015499115, 44.4613456726, 61.6647567749, 146.083007812, 45.7835083008, -27.6985874176, -59.1806030273], [-254.668289185, 116.698959351, -61.5543670654, -74.2323150635, 19.159236908, -70.580291748, -35.5576972961, -43.8910255432, 18.317779541, 45.7835083008, 154.399429321, 54.1883125305, 34.3279914856], [36.6856918335, -109.934616089, -47.7081108093, -69.4708480835, -33.6560935974, -8.55876159668, -25.6917095184, -25.9716815948, -46.9234924316, -27.6985874176, 54.1883125305, 139.621902466, 62.6097946167], [-318.99887085, 310.116882324, -88.3841552734, -132.741348267, 53.8749732971, -68.9445037842, -21.5637435913, -48.5730628967, 7.37956047058, -59.1806030273, 34.3279914856, 62.6097946167, 168.837875366]], "icov": [[8.01006826805e-05, -0.000121513199701, 0.000286644266453, -0.000195032698684, 0.000303759996314, -0.000198504742002, 0.000193215790205, -5.92924043303e-05, 0.000337191158906, -0.000178958507604, 0.000153405373567, -6.39510253677e-05, 0.000115942399134], [-0.000121513199701, 0.000781099777669, -0.000529363227542, 0.000562689034268, -0.000787837605458, 0.000510020181537, -0.000189413724001, 0.000396888237447, -0.00114254734945, 0.000593300152104, -0.000504775845911, 0.000983598991297, -0.00095357891405], [0.000286644266453, -0.000529363227542, 0.00327338115312, -0.00200552679598, 0.00115544779692, -0.000599522318225, -0.000710471067578, 0.00153298128862, -0.0011178960558, 0.000403874029871, 0.00121697911527, -0.00160705228336, 0.00192641559988], [-0.000195032698684, 0.000562689034268, -0.00200552679598, 0.00480072386563, -0.00223696092144, -0.000939224148169, 0.00139000534546, -0.00227364851162, 0.00239506433718, -0.00183340150397, -0.000109614396933, 0.00205728062429, -0.000311770796543], [0.000303759996314, -0.000787837605458, 0.00115544779692, -0.00223696092144, 0.0048401481472, -0.00113042094745, -5.43344103789e-05, 0.0012362676207, -0.000219812631258, 0.000320728024235, -0.000323505024426, 0.000341215083608, -0.000728922546841], [-0.000198504742002, 0.000510020181537, -0.000599522318225, -0.000939224148169, -0.00113042094745, 0.00902666896582, -0.00399324763566, 0.000233913611737, -0.000145271318615, -0.000537054787856, 0.00274296104908, -0.00248666736297, 0.00142243283335], [0.000193215790205, -0.000189413724001, -0.000710471067578, 0.00139000534546, -5.43344103789e-05, -0.00399324763566, 0.0104034198448, -0.00783758610487, 0.0024961095769, 0.00113202666398, -0.00216329656541, 0.00302265468054, -0.00149885565042], [-5.92924043303e-05, 0.000396888237447, 0.00153298128862, -0.00227364851162, 0.0012362676207, 0.000233913611737, -0.00783758610487, 0.0148946270347, -0.00845379568636, -0.00032406594255, 0.00347895664163, -0.00385207659565, 0.00213601533324], [0.000337191158906, -0.00114254734945, -0.0011178960558, 0.00239506433718, -0.000219812631258, -0.000145271318615, 0.0024961095769, -0.00845379568636, 0.0147329624742, -0.00581112597138, -0.000576913589612, 0.0035413869191, -0.001945759519], [-0.000178958507604, 0.000593300152104, 0.000403874029871, -0.00183340150397, 0.000320728024235, -0.000537054787856, 0.00113202666398, -0.00032406594255, -0.00581112597138, 0.0145558025688, -0.00660634832457, 0.00208697025664, 0.00299716065638], [0.000153405373567, -0.000504775845911, 0.00121697911527, -0.000109614396933, -0.000323505024426, 0.00274296104908, -0.00216329656541, 0.00347895664163, -0.000576913589612, -0.00660634832457, 0.0135536696762, -0.00708327395841, 0.0012962995097], [-6.39510253677e-05, 0.000983598991297, -0.00160705228336, 0.00205728062429, 0.000341215083608, -0.00248666736297, 0.00302265468054, -0.00385207659565, 0.0035413869191, 0.00208697025664, -0.00708327395841, 0.0155815798789, -0.0067589445971], [0.000115942399134, -0.00095357891405, 0.00192641559988, -0.000311770796543, -0.000728922546841, 0.00142243283335, -0.00149885565042, 0.00213601533324, -0.001945759519, 0.00299716065638, 0.0012962995097, -0.0067589445971, 0.0132717080414]]}, "melbands": {"dmean": [0.000274468940916, 0.000885135261342, 0.000419163989136, 0.000735087960493, 0.000124664002215, 0.000151957894559, 0.000303537788568, 5.26281219209e-05, 5.57519379072e-05, 5.87143367738e-05, 4.83303956571e-05, 3.79173798137e-05, 2.56381572399e-05, 1.79369253601e-05, 1.92637344298e-05, 2.50772682193e-05, 1.97781373572e-05, 1.07266587293e-05, 5.30046418135e-06, 2.1246387405e-06, 2.7782593861e-06, 1.90223317986e-06, 2.87973125523e-06, 4.77960838907e-06, 1.50577591285e-06, 2.09720428757e-06, 1.98556654141e-06, 1.21679317999e-06, 2.87892089545e-06, 5.2726869626e-07, 8.48616195981e-07, 4.42425147185e-07, 4.64394531718e-07, 2.54805115674e-07, 1.63613549375e-07, 1.15036193904e-07, 1.03773807325e-07, 9.62925881254e-08, 6.91856811841e-08, 5.83250248098e-08], "dmean2": [0.000453378132079, 0.0015047279885, 0.000691596360411, 0.00116313970648, 0.000186918055988, 0.000226880321861, 0.000546346942428, 6.67924250592e-05, 7.06480714143e-05, 7.80581613071e-05, 6.61867743474e-05, 5.37402447662e-05, 3.83532533306e-05, 2.71387179964e-05, 3.15763209073e-05, 3.64121806342e-05, 2.5912619094e-05, 1.39664834933e-05, 7.27710494175e-06, 3.48394701177e-06, 4.41975453214e-06, 3.15028000841e-06, 5.06060905536e-06, 7.70189762989e-06, 2.49674462793e-06, 3.51251628672e-06, 3.04726154354e-06, 2.03300123758e-06, 5.0667740652e-06, 8.9355756927e-07, 1.46099171161e-06, 7.51619211314e-07, 7.6684028727e-07, 4.33453180904e-07, 2.79412574855e-07, 1.94239717644e-07, 1.71237431346e-07, 1.58363903324e-07, 1.09033415185e-07, 9.63795159237e-08], "dvar": [1.66393192558e-06, 1.8904429453e-05, 1.36601056511e-06, 2.94717551697e-06, 4.41735750201e-08, 1.1915616227e-07, 5.50088373075e-07, 2.90803221503e-08, 2.3234417057e-08, 1.90919262621e-08, 1.7957328069e-08, 8.31893398612e-09, 9.92794468857e-09, 1.82821224826e-09, 4.46845405122e-09, 6.06588823615e-09, 5.42506972678e-09, 2.33749464229e-09, 4.49032450112e-10, 2.1441201245e-11, 3.20454808522e-11, 2.61420867592e-11, 1.24465174278e-10, 2.55545307137e-10, 1.50677959693e-11, 2.02838371099e-11, 4.75742951977e-11, 2.05603502973e-11, 5.01922114982e-11, 1.70512649139e-12, 9.71933991623e-12, 1.37782645536e-12, 1.13210016448e-12, 8.10461506934e-13, 1.3861013845e-13, 9.04127440233e-14, 1.12083682179e-13, 4.63430495693e-14, 4.37769869725e-14, 1.93216448429e-14], "dvar2": [4.46616513727e-06, 5.22256523254e-05, 3.98210931962e-06, 7.39373126635e-06, 9.53029015704e-08, 2.39733594753e-07, 1.77679294211e-06, 3.74105866285e-08, 2.87577162084e-08, 3.07420435774e-08, 3.2401427319e-08, 1.856957077e-08, 1.83196071646e-08, 3.8999217189e-09, 1.32205739689e-08, 1.17950476053e-08, 7.09889125261e-09, 2.65420729839e-09, 6.00948846241e-10, 5.61721780201e-11, 8.01891539282e-11, 7.22042495238e-11, 3.67766622711e-10, 6.26947549431e-10, 4.1915665383e-11, 5.44255092383e-11, 9.55820977921e-11, 5.50954247502e-11, 1.51506793222e-10, 4.76434083158e-12, 2.81693401244e-11, 3.96277368558e-12, 2.88392335186e-12, 2.22972877141e-12, 3.84356852986e-13, 2.61439253493e-13, 3.33124993519e-13, 1.17588528975e-13, 1.07173953956e-13, 5.21691149752e-14], "max": [0.0264788456261, 0.0901518315077, 0.0230704583228, 0.0260045584291, 0.00458992505446, 0.00763192633167, 0.00900488719344, 0.00636892579496, 0.00601373892277, 0.00283722276799, 0.00253831990995, 0.00166655646171, 0.00342689151876, 0.00188414298464, 0.00200139870867, 0.00295841111802, 0.00365063059144, 0.00188631506171, 0.000789780693594, 7.24089259165e-05, 0.000116304800031, 8.33101075841e-05, 0.000272076140391, 0.000616636883933, 7.64936048654e-05, 7.52081905375e-05, 0.000215696694795, 8.76108751982e-05, 0.000108796441054, 3.64576117136e-05, 6.94300833857e-05, 2.18775621761e-05, 2.20508554776e-05, 2.04397856578e-05, 5.6895050875e-06, 6.50389301882e-06, 7.86778036854e-06, 3.91484081774e-06, 5.04867921336e-06, 3.52183201358e-06], "mean": [0.00055279280059, 0.00178157200571, 0.000958297343459, 0.00153405824676, 0.000372234469978, 0.000587668910157, 0.000570038973819, 0.000207044402487, 0.000205780437682, 0.000155968984473, 0.000146358011989, 9.8554926808e-05, 7.25790887373e-05, 3.59644654964e-05, 3.64542465832e-05, 7.74035652285e-05, 7.30601823307e-05, 2.65729140665e-05, 1.26400418594e-05, 3.7191764477e-06, 6.0060647229e-06, 3.22624327964e-06, 4.57733767689e-06, 1.04229384306e-05, 3.01779891743e-06, 3.93371692553e-06, 4.56738871435e-06, 2.21511459131e-06, 4.8190599955e-06, 9.66071524999e-07, 1.62471678777e-06, 9.05505942228e-07, 9.25849860778e-07, 5.24848417172e-07, 3.23591649476e-07, 2.64063089617e-07, 2.27463473834e-07, 2.2289164292e-07, 1.61187642789e-07, 1.37537710998e-07], "median": [0.000103993006633, 0.000304190063616, 0.00019258564862, 0.000314449192956, 0.000185970391612, 0.000145462778164, 0.00010230186308, 3.4950538975e-05, 5.04205927427e-05, 5.29971875949e-05, 3.77557153115e-05, 3.3536398405e-05, 8.81327832758e-06, 1.33149515023e-05, 4.5069295993e-06, 9.27300970943e-06, 6.38833807898e-06, 3.3117160001e-06, 1.12413772513e-06, 1.13615135433e-06, 1.60655713444e-06, 7.53771644213e-07, 7.63669959269e-07, 1.16698197417e-06, 6.45278987577e-07, 9.15761518172e-07, 5.96542065523e-07, 3.20755560779e-07, 9.25700305743e-07, 3.50597787246e-07, 1.83159926337e-07, 3.89222748254e-07, 2.41480819341e-07, 9.91472930423e-08, 1.13018323589e-07, 1.0425289787e-07, 4.50290968956e-08, 8.72111201033e-08, 4.78406114723e-08, 5.89031046161e-08], "min": [1.85928835562e-24, 1.77447752527e-24, 1.20397913646e-24, 2.55293828553e-24, 3.5594342788e-24, 3.04301082594e-24, 2.58581110553e-24, 1.93634192226e-24, 3.30895398089e-24, 3.25595337489e-24, 2.35706747542e-24, 2.75614727699e-24, 3.27663513846e-24, 3.41369932631e-24, 4.31030600941e-24, 3.73541810271e-24, 4.6351889069e-24, 1.4794640571e-24, 5.1690607797e-24, 3.92727420245e-24, 5.20855588978e-24, 5.57472816147e-24, 6.25887369798e-24, 5.06785702531e-24, 4.76999458598e-24, 4.32817962537e-24, 4.86288019655e-24, 6.29029599999e-24, 4.8121856282e-24, 6.58982293583e-24, 4.80808512922e-24, 5.88692065357e-24, 5.60029474898e-24, 7.57095369834e-24, 6.5460439166e-24, 7.07283142404e-24, 6.50674010529e-24, 6.03134570253e-24, 7.15654692103e-24, 5.85200921978e-24], "var": [3.2363743685e-06, 3.66135245713e-05, 4.23616120315e-06, 8.3079075921e-06, 2.58548965348e-07, 1.09239738322e-06, 1.2160580809e-06, 2.84184636712e-07, 2.27150394494e-07, 8.06430264788e-08, 8.20204277829e-08, 3.21381286028e-08, 4.78536286153e-08, 8.9788816382e-09, 1.09960893724e-08, 6.24502263236e-08, 8.38479579102e-08, 1.19342171701e-08, 2.46808817828e-09, 3.96092637855e-11, 1.34833352816e-10, 5.20314936969e-11, 2.22088680779e-10, 1.44047906936e-09, 4.35249128405e-11, 6.23171236835e-11, 2.95851343424e-10, 4.73418214353e-11, 1.04383023058e-10, 3.06679399757e-12, 2.47273191506e-11, 2.8806592528e-12, 2.73086479645e-12, 2.40021262414e-12, 3.11802504389e-13, 2.8805552236e-13, 3.56446995401e-13, 1.47149938176e-13, 1.39182095753e-13, 5.63969850638e-14]}, "mfcc": {"mean": [-736.695739746, 143.871414185, 15.3188829422, 12.3059282303, -8.88550567627, 1.49367082119, 1.38435661793, -2.29676890373, -1.76866805553, -0.828410506248, -0.294781476259, -4.49451541901, -7.3672246933], "cov": [[15231.515625, 1950.93884277, -494.716003418, 607.092651367, -329.390960693, 209.136260986, 117.172653198, -354.670440674, -432.485473633, -254.496047974, -87.390625, -213.397857666, -328.077636719], [1950.93884277, 2921.59350586, -64.2252960205, 8.70407581329, 216.230316162, -34.3243370056, -184.317367554, -111.620887756, 47.0177536011, -29.499332428, -158.274398804, -81.0205764771, -30.5446910858], [-494.716003418, -64.2252960205, 406.652557373, 37.0759544373, -18.7393760681, 6.82133388519, 3.87364840508, 43.4696960449, 53.2232055664, 42.1224327087, 61.9258575439, 74.4681167603, 34.5614929199], [607.092651367, 8.70407581329, 37.0759544373, 426.202941895, 127.03653717, 109.325759888, 80.8544998169, -59.524181366, -31.5725154877, 43.1625671387, 74.3693771362, 0.0444500297308, -46.6595115662], [-329.390960693, 216.230316162, -18.7393760681, 127.03653717, 261.095153809, 93.5168914795, -4.05131959915, -14.4317750931, 28.9574146271, 3.96950554848, -15.9592599869, 0.240200698376, -9.04639148712], [209.136260986, -34.3243370056, 6.82133388519, 109.325759888, 93.5168914795, 156.603866577, 80.0258178711, 15.3136730194, 17.0310211182, -3.77287197113, -14.5175075531, 7.87656736374, -2.17951989174], [117.172653198, -184.317367554, 3.87364840508, 80.8544998169, -4.05131959915, 80.0258178711, 179.747833252, 84.6899719238, 28.9849720001, 38.8881874084, 48.2499580383, 6.43507289886, -27.1587257385], [-354.670440674, -111.620887756, 43.4696960449, -59.524181366, -14.4317750931, 15.3136730194, 84.6899719238, 202.304229736, 126.036643982, 54.3926544189, 15.2346973419, 9.53271961212, 13.7552547455], [-432.485473633, 47.0177536011, 53.2232055664, -31.5725154877, 28.9574146271, 17.0310211182, 28.9849720001, 126.036643982, 228.109237671, 131.491958618, 30.0217342377, 5.35566329956, -12.147772789], [-254.496047974, -29.499332428, 42.1224327087, 43.1625671387, 3.96950554848, -3.77287197113, 38.8881874084, 54.3926544189, 131.491958618, 246.905548096, 163.135238647, 11.1714706421, -29.6898326874], [-87.390625, -158.274398804, 61.9258575439, 74.3693771362, -15.9592599869, -14.5175075531, 48.2499580383, 15.2346973419, 30.0217342377, 163.135238647, 262.680938721, 60.1096954346, -50.4906311035], [-213.397857666, -81.0205764771, 74.4681167603, 0.0444500297308, 0.240200698376, 7.87656736374, 6.43507289886, 9.53271961212, 5.35566329956, 11.1714706421, 60.1096954346, 143.463928223, 71.2910232544], [-328.077636719, -30.5446910858, 34.5614929199, -46.6595115662, -9.04639148712, -2.17951989174, -27.1587257385, 13.7552547455, -12.147772789, -29.6898326874, -50.4906311035, 71.2910232544, 199.118209839]], "icov": [[0.000113948874059, -0.000108731284854, 0.000145186844748, -0.00021870501223, 0.000470691360533, -0.000368808337953, 9.73444184638e-05, -3.49286019627e-05, 0.000116901625006, 7.83053328632e-05, -3.90381173929e-05, -1.43029055835e-05, 0.000141686599818], [-0.000108731284854, 0.000515540072229, -0.000143589553772, 0.000196052045794, -0.000812529004179, 0.000580906518735, 0.000119511685625, 0.00022505299421, -0.000272752688034, -0.000182107934961, 0.000321405736031, 6.48617424304e-05, -4.45229816251e-05], [0.000145186844748, -0.000143589553772, 0.00318211689591, -0.000933505012654, 0.00129695655778, -0.000890666793566, 0.00109372194856, -0.000777202018071, -0.000508764933329, 0.000414433510741, -0.000549644522835, -0.00127273227554, 4.52188614872e-05], [-0.00021870501223, 0.000196052045794, -0.000933505012654, 0.00452744076028, -0.0025404675398, -0.000474207423395, -0.0022579790093, 0.00205259420909, 0.000344693107763, -0.000649907044135, -0.000735391105991, 0.000705296231899, -0.000192578081624], [0.000470691360533, -0.000812529004179, 0.00129695655778, -0.0025404675398, 0.00851847045124, -0.00570048531517, 0.00329185067676, -0.000887373404112, -0.000456487498013, 0.000660921155941, -0.000347532652086, -0.000525421230122, 0.000836069928482], [-0.000368808337953, 0.000580906518735, -0.000890666793566, -0.000474207423395, -0.00570048531517, 0.0146255586296, -0.00706881843507, 0.00216757832095, -0.00184036116116, 0.000298086757539, 0.0022530250717, -0.000837380997837, -0.000884586188477], [9.73444184638e-05, 0.000119511685625, 0.00109372194856, -0.0022579790093, 0.00329185067676, -0.00706881843507, 0.0134326266125, -0.00688646314666, 0.00254240864888, -0.000856500060763, -0.00103985553142, -0.000616055505816, 0.00182410469279], [-3.49286019627e-05, 0.00022505299421, -0.000777202018071, 0.00205259420909, -0.000887373404112, 0.00216757832095, -0.00688646314666, 0.0122636146843, -0.00683421688154, 0.00210512010381, -0.00086169684073, 0.00129893538542, -0.00199680728838], [0.000116901625006, -0.000272752688034, -0.000508764933329, 0.000344693107763, -0.000456487498013, -0.00184036116116, 0.00254240864888, -0.00683421688154, 0.0126268900931, -0.00781307742, 0.00405240245163, -0.00206213654019, 0.00246909935959], [7.83053328632e-05, -0.000182107934961, 0.000414433510741, -0.000649907044135, 0.000660921155941, 0.000298086757539, -0.000856500060763, 0.00210512010381, -0.00781307742, 0.0131016978994, -0.00842370837927, 0.00362878269516, -0.00231044413522], [-3.90381173929e-05, 0.000321405736031, -0.000549644522835, -0.000735391105991, -0.000347532652086, 0.0022530250717, -0.00103985553142, -0.00086169684073, 0.00405240245163, -0.00842370837927, 0.0115092676133, -0.00583222601563, 0.00383237819187], [-1.43029055835e-05, 6.48617424304e-05, -0.00127273227554, 0.000705296231899, -0.000525421230122, -0.000837380997837, -0.000616055505816, 0.00129893538542, -0.00206213654019, 0.00362878269516, -0.00583222601563, 0.0125517081469, -0.0053917770274], [0.000141686599818, -4.45229816251e-05, 4.52188614872e-05, -0.000192578081624, 0.000836069928482, -0.000884586188477, 0.00182410469279, -0.00199680728838, 0.00246909935959, -0.00231044413522, 0.00383237819187, -0.0053917770274, 0.00831917952746]]}, "spectral_contrast_coeffs": {"dmean": [0.0425620637834, 0.0356687530875, 0.0302740018815, 0.0284417569637, 0.0204778537154, 0.0153373666108], "dmean2": [0.0706484019756, 0.0583164505661, 0.0482360646129, 0.0463330820203, 0.0343664698303, 0.0262259468436], "dvar": [0.0013472213177, 0.000899925478734, 0.000736577785574, 0.000655883457512, 0.000318880338455, 0.000252835743595], "dvar2": [0.00357869127765, 0.00238753994927, 0.00174005713779, 0.00174987979699, 0.000869015348144, 0.000724480662029], "max": [-0.294647485018, -0.384059369564, -0.392964035273, -0.394047141075, -0.491277009249, -0.598265528679], "mean": [-0.616398155689, -0.655227482319, -0.688876569271, -0.706809341908, -0.701239645481, -0.738151431084], "median": [-0.616016209126, -0.649709880352, -0.691101670265, -0.716153025627, -0.694372832775, -0.725996136665], "min": [-0.983374774456, -0.988887488842, -0.995392978191, -0.970665693283, -0.96809566021, -0.963658869267], "var": [0.0133300246671, 0.0104049751535, 0.00762726459652, 0.00860705412924, 0.00710983108729, 0.0037564416416]}, "spectral_contrast_valleys": {"dmean": [0.359247684479, 0.290589958429, 0.289210349321, 0.247673973441, 0.1732622087, 0.153671339154], "dmean2": [0.596172988415, 0.463955849409, 0.475808590651, 0.406696647406, 0.281422495842, 0.249336823821], "dvar": [0.161644786596, 0.15314181149, 0.161481812596, 0.146280452609, 0.137672990561, 0.126604571939], "dvar2": [0.329017877579, 0.2635