{"lowlevel": {"average_loudness": 0.543934643269, "barkbands_crest": {"dmean": 2.85480117798, "dmean2": 4.52010440826, "dvar": 7.16630077362, "dvar2": 16.206905365, "max": 25.6417961121, "mean": 10.1204156876, "median": 9.09781837463, "min": 2.56949496269, "var": 18.9181594849}, "barkbands_flatness_db": {"dmean": 0.0255199000239, "dmean2": 0.0373300537467, "dvar": 0.000814036815427, "dvar2": 0.00148649152834, "max": 0.589560687542, "mean": 0.13145776093, "median": 0.117719605565, "min": 0.0130818625912, "var": 0.00490956800058}, "barkbands_kurtosis": {"dmean": 3.88914561272, "dmean2": 5.87244987488, "dvar": 151.481124878, "dvar2": 327.576904297, "max": 443.447601318, "mean": 4.98786735535, "median": 1.38929796219, "min": -1.91626858711, "var": 226.230667114}, "barkbands_skewness": {"dmean": 0.614460527897, "dmean2": 0.888537466526, "dvar": 0.605449914932, "dvar2": 1.11970376968, "max": 14.5532922745, "mean": 1.47974407673, "median": 1.27476131916, "min": -6.32402658463, "var": 2.19272184372}, "barkbands_spread": {"dmean": 7.25470781326, "dmean2": 11.1056880951, "dvar": 87.4247360229, "dvar2": 190.235870361, "max": 120.624679565, "mean": 24.8565750122, "median": 21.9721260071, "min": 0.272565275431, "var": 249.972183228}, "dissonance": {"dmean": 0.0168223660439, "dmean2": 0.0283138267696, "dvar": 0.000305044202833, "dvar2": 0.000821925874334, "max": 0.500000238419, "mean": 0.467746347189, "median": 0.474339872599, "min": 0.187658816576, "var": 0.000705306360032}, "dynamic_complexity": 3.30069828033, "erbbands_crest": {"dmean": 2.34251737595, "dmean2": 3.77882790565, "dvar": 5.22473096848, "dvar2": 12.7482776642, "max": 28.4729804993, "mean": 8.45268154144, "median": 7.58766651154, "min": 2.27823376656, "var": 15.466129303}, "erbbands_flatness_db": {"dmean": 0.0204081106931, "dmean2": 0.0292231328785, "dvar": 0.000625742948614, "dvar2": 0.00118067627773, "max": 0.419206112623, "mean": 0.149859547615, "median": 0.145893916488, "min": 0.0373564474285, "var": 0.00292931427248}, "erbbands_kurtosis": {"dmean": 0.836755156517, "dmean2": 1.31432247162, "dvar": 3.0029528141, "dvar2": 7.08551979065, "max": 68.613571167, "mean": 0.385301321745, "median": -0.281164884567, "min": -1.7883079052, "var": 6.90016222}, "erbbands_skewness": {"dmean": 0.333820670843, "dmean2": 0.507159411907, "dvar": 0.119718633592, "dvar2": 0.256442278624, "max": 5.75637435913, "mean": 0.123385749757, "median": 0.135872617364, "min": -6.49440908432, "var": 0.646852791309}, "erbbands_spread": {"dmean": 9.36173343658, "dmean2": 14.4744443893, "dvar": 145.050994873, "dvar2": 319.430358887, "max": 170.899139404, "mean": 40.7108001709, "median": 37.1600570679, "min": 2.38220524788, "var": 421.306243896}, "hfc": {"dmean": 8.44472312927, "dmean2": 12.4802322388, "dvar": 257.760528564, "dvar2": 527.436401367, "max": 538.461914062, "mean": 20.3870410919, "median": 10.089261055, "min": 1.08691419993e-16, "var": 829.689025879}, "melbands_crest": {"dmean": 3.67621254921, "dmean2": 5.71550703049, "dvar": 10.822388649, "dvar2": 25.7413482666, "max": 38.4910697937, "mean": 13.8689126968, "median": 12.8065948486, "min": 1.50528740883, "var": 31.1408939362}, "melbands_flatness_db": {"dmean": 0.031184669584, "dmean2": 0.0454551875591, "dvar": 0.00120182067621, "dvar2": 0.00209192279726, "max": 0.760534703732, "mean": 0.205728858709, "median": 0.188437536359, "min": 0.00191536056809, "var": 0.00811459776014}, "melbands_kurtosis": {"dmean": 8.81388568878, "dmean2": 13.0862932205, "dvar": 449.707702637, "dvar2": 884.005432129, "max": 928.441711426, "mean": 14.7282180786, "median": 6.56898880005, "min": -1.89942157269, "var": 851.47076416}, "melbands_skewness": {"dmean": 0.818106889725, "dmean2": 1.19934082031, "dvar": 1.05235278606, "dvar2": 1.96657931805, "max": 23.1060161591, "mean": 2.63408279419, "median": 2.30485296249, "min": -2.06492137909, "var": 3.47387433052}, "melbands_spread": {"dmean": 8.43197154999, "dmean2": 12.8500976562, "dvar": 202.68196106, "dvar2": 400.224639893, "max": 283.081115723, "mean": 27.3589839935, "median": 21.8912734985, "min": 0.311476171017, "var": 722.647827148}, "pitch_salience": {"dmean": 0.0746828317642, "dmean2": 0.116902552545, "dvar": 0.00469460710883, "dvar2": 0.0109564037994, "max": 0.963029265404, "mean": 0.55850070715, "median": 0.568289220333, "min": 0.0635164529085, "var": 0.0136332372203}, "silence_rate_20dB": {"dmean": 0, "dmean2": 0, "dvar": 0, "dvar2": 0, "max": 1, "mean": 1, "median": 1, "min": 1, "var": 0}, "silence_rate_30dB": {"dmean": 0.00455580884591, "dmean2": 0.00911235902458, "dvar": 0.00453495141119, "dvar2": 0.011632646434, "max": 1, "mean": 0.995688617229, "median": 1, "min": 0, "var": 0.00429297285154}, "silence_rate_60dB": {"dmean": 0.0157826226205, "dmean2": 0.0315678156912, "dvar": 0.015532258898, "dvar2": 0.0370840206742, "max": 1, "mean": 0.0484015308321, "median": 0, "min": 0, "var": 0.0460641160607}, "spectral_centroid": {"dmean": 260.39666748, "dmean2": 399.649780273, "dvar": 109768.546875, "dvar2": 228485.046875, "max": 11918.3242188, "mean": 1465.71850586, "median": 1292.58654785, "min": 136.274673462, "var": 1447922.5}, "spectral_complexity": {"dmean": 3.30231046677, "dmean2": 5.14116001129, "dvar": 15.0029964447, "dvar2": 34.7122955322, "max": 48, "mean": 15.5342874527, "median": 15, "min": 0, "var": 61.3905029297}, "spectral_decrease": {"dmean": 2.39596054108e-09, "dmean2": 3.48605033729e-09, "dvar": 1.35605582526e-17, "dvar2": 2.85200029982e-17, "max": 1.63344897857e-27, "mean": -5.4355560053e-09, "median": -3.54290463633e-09, "min": -3.7922863072e-08, "var": 2.78761917838e-17}, "spectral_energy": {"dmean": 0.00961910467595, "dmean2": 0.0139970555902, "dvar": 0.00020601550932, "dvar2": 0.000434404588304, "max": 0.160990655422, "mean": 0.0223642736673, "median": 0.0148578304797, "min": 1.02200103385e-20, "var": 0.000453069515061}, "spectral_energyband_high": {"dmean": 0.000635574629996, "dmean2": 0.000975596078206, "dvar": 2.71543444796e-06, "dvar2": 5.43303667655e-06, "max": 0.0630431994796, "mean": 0.000921348924749, "median": 0.000241562796873, "min": 6.86266194678e-21, "var": 6.48242621537e-06}, "spectral_energyband_low": {"dmean": 0.00660433573648, "dmean2": 0.00983576662838, "dvar": 0.000172438405571, "dvar2": 0.000364295527106, "max": 0.13948187232, "mean": 0.00840848870575, "median": 0.00300397607498, "min": 1.47494806508e-23, "var": 0.000214155035792}, "spectral_energyband_middle_high": {"dmean": 0.0015750360908, "dmean2": 0.00221017561853, "dvar": 1.27622843138e-05, "dvar2": 2.31922076637e-05, "max": 0.116917699575, "mean": 0.00549017079175, "median": 0.00219740485772, "min": 1.09836761624e-21, "var": 0.000107167645183}, "spectral_energyband_middle_low": {"dmean": 0.00312281143852, "dmean2": 0.00490764854476, "dvar": 2.03725685424e-05, "dvar2": 4.83376970806e-05, "max": 0.133312597871, "mean": 0.00832342449576, "median": 0.00613540038466, "min": 1.49415354646e-22, "var": 5.88731600146e-05}, "spectral_entropy": {"dmean": 0.182534724474, "dmean2": 0.261658668518, "dvar": 0.048438642174, "dvar2": 0.0956012532115, "max": 9.82583713531, "mean": 7.58289527893, "median": 7.59006214142, "min": 4.27675390244, "var": 0.32739123702}, "spectral_flux": {"dmean": 0.0284808725119, "dmean2": 0.0442723631859, "dvar": 0.00129538762849, "dvar2": 0.00279898312874, "max": 0.321142286062, "mean": 0.078506693244, "median": 0.0650520995259, "min": 6.37276065252e-11, "var": 0.00257278373465}, "spectral_kurtosis": {"dmean": 2.07830786705, "dmean2": 3.37130188942, "dvar": 21.3309669495, "dvar2": 55.8584747314, "max": 270.876190186, "mean": 5.63886785507, "median": 4.11597919464, "min": -1.27139675617, "var": 115.962272644}, "spectral_rms": {"dmean": 0.000913632335141, "dmean2": 0.00129317608662, "dvar": 1.31574211082e-06, "dvar2": 2.56588850789e-06, "max": 0.0125325201079, "mean": 0.00422052014619, "median": 0.00380728836171, "min": 3.15764818806e-12, "var": 4.0059821913e-06}, "spectral_rolloff": {"dmean": 658.756408691, "dmean2": 1082.97033691, "dvar": 1794546.125, "dvar2": 3934828.75, "max": 19659.8144531, "mean": 1847.00793457, "median": 1227.39257812, "min": 21.533203125, "var": 6600522}, "spectral_skewness": {"dmean": 0.25540587306, "dmean2": 0.397826075554, "dvar": 0.107309319079, "dvar2": 0.249893993139, "max": 13.0190553665, "mean": 1.61649489403, "median": 1.54525434971, "min": -0.277998298407, "var": 0.74279743433}, "spectral_spread": {"dmean": 850960, "dmean2": 1207365.125, "dvar": 1763849928700.0, "dvar2": 3528649080830.0, "max": 42694500, "mean": 5235024.5, "median": 4259137, "min": 397238.75, "var": 18143378407400.0}, "spectral_strongpeak": {"dmean": 0.51730298996, "dmean2": 0.881779849529, "dvar": 1.08408784866, "dvar2": 2.69524669647, "max": 17.1007347107, "mean": 0.912180900574, "median": 0.379729360342, "min": 0, "var": 2.40279507637}, "zerocrossingrate": {"dmean": 0.0137164052576, "dmean2": 0.0157400891185, "dvar": 0.000359877216397, "dvar2": 0.000412910216255, "max": 0.53369140625, "mean": 0.0699642300606, "median": 0.0556640625, "min": 0, "var": 0.00423044804484}, "barkbands": {"dmean": [0.000380266457796, 0.0048797945492, 0.00206859176978, 0.000896993849892, 0.00146550510544, 0.000522093148902, 0.000421296601417, 0.00069349136902, 0.000471188861411, 0.000376861222321, 0.000278238905594, 0.000433336565038, 0.000395222363295, 0.000345368898707, 0.000240668043261, 0.000200371083338, 0.000195330881979, 0.000202947077923, 0.00010787203064, 8.52457160363e-05, 7.30834872229e-05, 9.51978800003e-05, 0.00012659841741, 0.000102757367131, 0.000181466020877, 6.87188585289e-05, 2.59208372881e-05], "dmean2": [0.000643062230665, 0.00734714185819, 0.00387383741327, 0.00156119221356, 0.00231750053354, 0.000830965582281, 0.000665238010697, 0.001060335082, 0.000730042869691, 0.000565285270568, 0.000426954153227, 0.000646504224278, 0.000593955046497, 0.000520720786881, 0.000363258383004, 0.000310544855893, 0.000296033831546, 0.000301593710901, 0.000162140262546, 0.000139266223414, 0.000122045988974, 0.000157713671797, 0.000194297521375, 0.000153264569235, 0.0002739840711, 0.000108078675112, 4.16716029576e-05], "dvar": [6.90094850597e-07, 9.10952949198e-05, 2.76583632512e-05, 2.55294753515e-06, 5.93013191974e-06, 8.56551594097e-07, 1.11844383355e-06, 3.06962442664e-06, 4.76622972201e-06, 1.420081162e-06, 1.26099860154e-06, 2.90205821329e-06, 2.8323886454e-06, 1.62809749327e-06, 4.41470120904e-07, 4.03864532927e-07, 2.37670889192e-07, 3.06824432528e-07, 6.89972594614e-08, 3.82332636661e-08, 2.36421264788e-08, 7.11379470886e-08, 4.63755526425e-07, 2.21974090664e-07, 2.91911106842e-07, 4.00052329042e-08, 6.5297576235e-09], "dvar2": [1.79503911113e-06, 0.000178610978764, 8.06654861663e-05, 7.13334202374e-06, 1.44302830449e-05, 1.95672714653e-06, 2.6774705475e-06, 6.71006637276e-06, 1.11601675599e-05, 2.90258117275e-06, 2.52126233136e-06, 5.73058832742e-06, 6.41123642708e-06, 3.49978131453e-06, 8.87014493856e-07, 9.11091888156e-07, 5.04521494804e-07, 5.51466030174e-07, 1.27111775328e-07, 1.00074288412e-07, 6.26657268299e-08, 1.73619014276e-07, 9.73483224698e-07, 4.64970440817e-07, 5.868235462e-07, 8.44903098596e-08, 1.66271547641e-08], "max": [0.0213970113546, 0.105814188719, 0.0464058220387, 0.0280833132565, 0.0412585511804, 0.0184241607785, 0.0323458239436, 0.0509170666337, 0.126750066876, 0.0464318320155, 0.0426762625575, 0.0706690475345, 0.0589699372649, 0.0454968288541, 0.0280855353922, 0.0400927327573, 0.0136258397251, 0.031689889729, 0.012954977341, 0.00787486787885, 0.0030461079441, 0.00729605415836, 0.0298813935369, 0.0332757793367, 0.0173670463264, 0.0111272130162, 0.000848645227961], "mean": [0.000363374128938, 0.00567722786218, 0.00169919035397, 0.00142796814907, 0.00281884660944, 0.000833302910905, 0.000720311771147, 0.00139847164974, 0.000885925896, 0.00075281894533, 0.000497765257023, 0.000958543096203, 0.000727670092601, 0.000636410608422, 0.000494056497701, 0.000380970246624, 0.0004048467963, 0.000443801225629, 0.000229824625421, 0.000158173876116, 0.000110094464617, 0.000125759324874, 0.000172693078639, 0.000139410651173, 0.000209385063499, 7.48571183067e-05, 2.25295298151e-05], "median": [0.000116986571811, 0.00156255962793, 0.000398864969611, 0.000728484184947, 0.00167092098854, 0.000339761609212, 0.000293844612315, 0.000313510070555, 0.000210821279325, 0.000182291478268, 0.000118372037832, 0.000154656881932, 0.000119024974992, 0.000134005735163, 0.000146761813085, 0.00013187219156, 0.000137027644087, 0.000116689036076, 8.18999105832e-05, 6.5525106038e-05, 5.21473448316e-05, 3.19874234265e-05, 2.46189374593e-05, 1.53563287313e-05, 1.6079924535e-05, 9.2739601314e-06, 5.30099441676e-07], "min": [2.23410314087e-25, 2.13442568442e-24, 3.74462558859e-25, 1.20394906114e-24, 1.09929928621e-23, 4.43707556245e-24, 8.83066437864e-24, 4.52251117064e-24, 1.22990996077e-23, 1.05299725315e-23, 1.32071479294e-23, 1.20769824092e-23, 2.99480755921e-23, 3.56940658505e-23, 3.02723195122e-23, 3.60171201684e-23, 6.90987058928e-23, 8.8840057331e-23, 9.87644765659e-23, 1.63076229335e-22, 2.45207630513e-22, 2.87349185915e-22, 3.65958077026e-22, 5.8821265723e-22, 9.21356518736e-22, 1.23333386638e-21, 2.02215953161e-21], "var": [6.13414044892e-07, 0.000118290707178, 1.73819989868e-05, 4.29676947533e-06, 1.23969712149e-05, 1.72838838353e-06, 2.09350218938e-06, 1.14205031423e-05, 1.21137782116e-05, 5.76077536607e-06, 3.91812727685e-06, 1.59200062626e-05, 9.20267575566e-06, 4.66340043204e-06, 1.66039524174e-06, 8.7152324113e-07, 6.98997268955e-07, 1.17691843116e-06, 3.13465648105e-07, 1.13778028776e-07, 3.18827986234e-08, 1.15288813163e-07, 8.20374509658e-07, 4.36571667706e-07, 6.04993033448e-07, 6.89540442522e-08, 5.57881918439e-09]}, "erbbands": {"dmean": [0.183125287294, 1.03362488747, 2.1882815361, 2.94587492943, 4.02669811249, 5.20777130127, 4.07420110703, 4.65978050232, 4.70409345627, 11.3367042542, 12.8055925369, 9.95128917694, 12.2341394424, 10.0803613663, 14.5761556625, 14.7661705017, 17.3371734619, 15.8380651474, 14.1518239975, 9.83060646057, 11.5200433731, 10.3024454117, 11.1820211411, 6.29734325409, 4.87623500824, 3.98938655853, 3.16248965263, 2.87563109398, 3.00434660912, 3.88892316818, 3.66586494446, 2.47007274628, 1.75350153446, 1.80276191235, 1.39160108566, 0.420315980911, 0.0936699956656, 0.0367285348475, 0.00457100151107, 8.74372490216e-05], "dmean2": [0.28277656436, 1.53460001945, 4.08067750931, 5.27842855453, 6.66408205032, 8.2847366333, 6.4035487175, 7.61175918579, 7.54990434647, 17.7355594635, 19.6031723022, 15.3803701401, 18.5629882812, 15.1464242935, 22.0977840424, 22.0995578766, 26.0242576599, 23.3057327271, 20.9990139008, 14.8017950058, 17.6553649902, 15.2979135513, 16.4143714905, 9.2971534729, 7.37633419037, 6.58420991898, 5.1884803772, 4.87825393677, 5.01478815079, 6.3092880249, 5.56134939194, 3.68769860268, 2.60794568062, 2.73240065575, 2.1641728878, 0.65072029829, 0.149977564812, 0.0585290938616, 0.00740758841857, 0.000140229094541], "dvar": [0.137192904949, 4.18801259995, 31.6891441345, 36.0811691284, 47.6605682373, 81.2060317993, 47.2557106018, 80.019241333, 181.68572998, 648.857971191, 1382.35571289, 2138.84375, 2381.17285156, 1079.3963623, 3721.00268555, 2733.45385742, 5870.98144531, 4330.04150391, 1973.51696777, 640.684570312, 1478.08752441, 775.739440918, 982.311279297, 268.882446289, 127.324516296, 95.6472702026, 41.2770309448, 46.4339523315, 73.9260406494, 159.912002563, 484.072723389, 274.06137085, 33.1478309631, 34.0650177002, 18.0724449158, 1.98246514797, 0.0690691545606, 0.0117054963484, 0.000211387668969, 6.08005592539e-08], "dvar2": [0.309926569462, 8.97510910034, 91.937171936, 104.002998352, 122.800811768, 194.849014282, 111.206001282, 191.046234131, 432.210449219, 1501.19274902, 3146.78540039, 4724.86230469, 5303.56396484, 2214.30126953, 7753.32373047, 5417.24365234, 13809.2070312, 9042.7421875, 3927.75195312, 1365.35009766, 3278.85351562, 1649.91040039, 1770.35571289, 493.785614014, 232.446502686, 257.455078125, 108.910430908, 124.69190979, 186.112319946, 341.847076416, 1051.6484375, 598.316833496, 66.9949264526, 75.6545562744, 34.4943504333, 3.93971347809, 0.160081788898, 0.0295981578529, 0.000540204229765, 1.5681924026e-07], "max": [4.73721599579, 20.1505947113, 50.318572998, 69.2726287842, 96.0971984863, 236.385543823, 137.504425049, 175.117279053, 520.652893066, 697.371643066, 1388.37597656, 2985.89013672, 2385.89794922, 1540.89782715, 2885.63061523, 2143.46484375, 3284.09130859, 2532.43212891, 1438.63256836, 981.019775391, 2604.44189453, 852.978515625, 1752.62890625, 777.183044434, 480.195281982, 393.109008789, 140.219894409, 110.770484924, 237.988113403, 441.582061768, 995.296630859, 1366.17150879, 212.532089233, 148.595489502, 182.081481934, 100.018478394, 10.8478603363, 1.17083227634, 0.17879717052, 0.0029824252706], "mean": [0.191226601601, 1.17319476604, 1.89343047142, 3.76752972603, 6.9690618515, 10.1648702621, 7.64305210114, 6.94396495819, 7.92779111862, 21.2403583527, 26.4394721985, 18.6496753693, 25.8363170624, 20.6905155182, 34.3966636658, 32.5260276794, 35.3138465881, 32.9829406738, 29.0387191772, 21.3504161835, 23.5383853912, 23.1377506256, 25.3494644165, 14.7377328873, 11.0055274963, 7.61439561844, 5.24730730057, 3.78769540787, 3.94856548309, 5.14535331726, 5.03028106689, 3.448792696, 2.24811506271, 2.08014464378, 1.56695282459, 0.472262233496, 0.10036265105, 0.0347681716084, 0.00390893593431, 9.49512905208e-05], "median": [0.0528885163367, 0.300026386976, 0.49006319046, 1.95756757259, 4.22235393524, 5.16583871841, 3.89460158348, 2.68541407585, 3.38314914703, 7.37214612961, 7.07164382935, 5.87313318253, 6.02522087097, 5.96815872192, 6.16105556488, 7.02914953232, 6.25452852249, 6.68498468399, 8.0927324295, 7.7876033783, 8.25964546204, 7.89966964722, 7.3375287056, 5.04786491394, 4.21565628052, 3.33721494675, 2.4490840435, 1.6043651104, 1.03591859341, 1.12649893761, 0.619405508041, 0.360227704048, 0.228098273277, 0.15176025033, 0.123619958758, 0.0559864453971, 0.0131902107969, 0.00216567702591, 8.92058524187e-05, 2.79510604742e-05], "min": [4.55928060852e-23, 3.80207984687e-22, 8.49685034509e-22, 3.38405586463e-21, 1.66207452276e-20, 4.44194631848e-20, 2.72393516082e-20, 5.48807517683e-20, 7.87491582034e-20, 1.70395160756e-19, 2.20276103322e-19, 3.28046906241e-19, 3.82934191444e-19, 5.47781955895e-19, 9.53951418101e-19, 8.53644705288e-19, 1.41095991774e-18, 1.3338773346e-18, 2.06586993137e-18, 2.5927910126e-18, 3.41329979313e-18, 4.95620484134e-18, 4.99322820479e-18, 5.84687901054e-18, 6.11568748061e-18, 7.71026712207e-18, 7.07413131661e-18, 9.59675838812e-18, 9.60654145322e-18, 1.16698483655e-17, 1.05059250071e-17, 9.95681687387e-18, 9.53647429226e-18, 7.9569638136e-18, 6.47357503084e-18, 3.92157146707e-18, 2.22196304886e-18, 8.7146227908e-19, 2.50773606272e-19, 2.67205671925e-20], "var": [0.147214815021, 5.21402215958, 20.2793693542, 31.7282371521, 72.7266311646, 221.410461426, 118.397857666, 139.704116821, 315.944732666, 1753.21472168, 4305.61865234, 4206.93847656, 8334.71582031, 4473.0859375, 19713.2851562, 11503.4560547, 22021.2890625, 14714.4609375, 5389.05078125, 2387.57348633, 3421.09594727, 2293.95556641, 3505.74853516, 1073.32983398, 634.337585449, 215.982879639, 67.3501739502, 50.9403533936, 106.732208252, 322.47946167, 799.838989258, 478.072143555, 64.9687042236, 52.4796447754, 44.1244544983, 4.00403881073, 0.0969153866172, 0.0106842778623, 0.00017785577802, 5.24059196039e-08]}, "gfcc": {"mean": [-29.4124889374, 92.5922088623, -109.039894104, 29.3888702393, -44.1603660583, 11.7394399643, -33.3485298157, 9.34477615356, -21.7866973877, 2.74312496185, -17.7282581329, 1.18704199791, -11.9142818451], "cov": [[23176.9316406, -1039.33605957, -1378.49182129, 157.708465576, -1088.71801758, 543.996887207, -1041.9744873, 423.47052002, -610.91003418, 168.892715454, -335.839477539, 277.626739502, -420.05368042], [-1039.33605957, 2411.64599609, -818.69720459, 261.701477051, 391.890686035, -308.335632324, 439.245849609, -186.446014404, 146.184799194, -125.269523621, 100.943115234, -223.581176758, 166.095169067], [-1378.49182129, -818.69720459, 1473.29077148, -127.311256409, -3.4966378212, 271.60067749, -114.01625824, 6.28402471542, -6.8025302887, 56.5634727478, 0.0231789201498, 123.218544006, -58.2538528442], [157.708465576, 261.701477051, -127.311256409, 448.213684082, 59.3419799805, -91.7484207153, 110.600898743, -38.6502876282, 54.6950035095, -13.3906259537, -51.1968917847, -52.7042999268, 96.2791213989], [-1088.71801758, 391.890686035, -3.4966378212, 59.3419799805, 348.58996582, -68.3295822144, 168.274490356, 9.35917377472, 77.8525543213, -18.2397785187, 24.4967918396, -62.1859893799, 42.1358833313], [543.996887207, -308.335632324, 271.60067749, -91.7484207153, -68.3295822144, 290.914520264, -54.6265258789, 40.74193573, -27.0240249634, 29.6545753479, 24.4731044769, 54.121421814, -59.0371360779], [-1041.9744873, 439.245849609, -114.01625824, 110.600898743, 168.274490356, -54.6265258789, 338.928619385, -13.684047699, 59.3494720459, -11.3263921738, 18.4698009491, -82.4391098022, 68.0562286377], [423.47052002, -186.446014404, 6.28402471542, -38.6502876282, 9.35917377472, 40.74193573, -13.684047699, 176.213516235, 12.6729240417, 9.61310100555, -14.3086938858, 7.28060865402, -28.113451004], [-610.91003418, 146.184799194, -6.8025302887, 54.6950035095, 77.8525543213, -27.0240249634, 59.3494720459, 12.6729240417, 142.338623047, 15.7585535049, 12.6265010834, -28.8004722595, 25.4045906067], [168.892715454, -125.269523621, 56.5634727478, -13.3906259537, -18.2397785187, 29.6545753479, -11.3263921738, 9.61310100555, 15.7585535049, 109.13394165, 24.9074134827, 6.8241443634, -20.3753910065], [-335.839477539, 100.943115234, 0.0231789201498, -51.1968917847, 24.4967918396, 24.4731044769, 18.4698009491, -14.3086938858, 12.6265010834, 24.9074134827, 123.959190369, 16.6687889099, -8.45514202118], [277.626739502, -223.581176758, 123.218544006, -52.7042999268, -62.1859893799, 54.121421814, -82.4391098022, 7.28060865402, -28.8004722595, 6.8241443634, 16.6687889099, 117.195632935, -16.0609397888], [-420.05368042, 166.095169067, -58.2538528442, 96.2791213989, 42.1358833313, -59.0371360779, 68.0562286377, -28.113451004, 25.4045906067, -20.3753910065, -8.45514202118, -16.0609397888, 119.170860291]], "icov": [[9.04022454051e-05, -7.37555601518e-05, 0.000118062140245, -0.000157816335559, 0.000103693506389, -0.00021429201297, 0.000223563765758, -0.000226781572565, 0.000303535722196, -0.000246107956627, 0.000252373953117, -0.000147776328959, 0.000173867942067], [-7.37555601518e-05, 0.0010334753897, 0.000278338120552, 3.10504401568e-05, -0.000614295189735, 0.000296923099086, -0.00064344832208, 0.00101008976344, -0.000623067899141, 0.00104415870737, -0.00102381582838, 0.000783217314165, -0.000275101192528], [0.000118062140245, 0.000278338120552, 0.00122519419529, -0.000125856138766, -0.000475283246487, -0.00105394574348, 0.000282881665044, 0.000341185659636, 6.45330146654e-05, -0.000359711237252, 0.000510353595018, -0.000694843998645, 0.000160967043485], [-0.000157816335559, 3.10504401568e-05, -0.000125856138766, 0.00338190351613, -9.54031711444e-05, 0.000529033481143, -0.000831333454698, 0.00080255640205, -0.00122086401097, -1.89520014828e-05, 0.00100501812994, 0.000434388406575, -0.00204656366259], [0.000103693506389, -0.000614295189735, -0.000475283246487, -9.54031711444e-05, 0.0048771421425, 0.000567346578464, -0.00115274591371, -0.00135137478355, -0.000801205518655, 0.000230726946029, -0.000336113967933, 0.000505427480675, 0.000217077395064], [-0.00021429201297, 0.000296923099086, -0.00105394574348, 0.000529033481143, 0.000567346578464, 0.00561407953501, -0.00107618409675, -0.000385105842724, -0.000387202511774, 0.000410011562053, -0.00163637869991, -0.000356372096576, 0.000981081859209], [0.000223563765758, -0.00064344832208, 0.000282881665044, -0.000831333454698, -0.00115274591371, -0.00107618409675, 0.00564395682886, -0.000901065068319, 0.000730947183911, -0.00101886678021, 0.000123939942569, 0.00154263991863, -0.00117986008991], [-0.000226781572565, 0.00101008976344, 0.000341185659636, 0.00080255640205, -0.00135137478355, -0.000385105842724, -0.000901065068319, 0.00775976339355, -0.00212757592089, 0.000864770496264, 0.000314547360176, 0.000276201666566, 0.000604367232881], [0.000303535722196, -0.000623067899141, 6.45330146654e-05, -0.00122086401097, -0.000801205518655, -0.000387202511774, 0.000730947183911, -0.00212757592089, 0.0101498262957, -0.00273844436742, 0.000131944398163, 0.000450995721621, -0.000433461682405], [-0.000246107956627, 0.00104415870737, -0.000359711237252, -1.89520014828e-05, 0.000230726946029, 0.000410011562053, -0.00101886678021, 0.000864770496264, -0.00273844436742, 0.0119979679585, -0.00365118030459, 0.0013904053485, 0.000987574574538], [0.000252373953117, -0.00102381582838, 0.000510353595018, 0.00100501812994, -0.000336113967933, -0.00163637869991, 0.000123939942569, 0.000314547360176, 0.000131944398163, -0.00365118030459, 0.0116237681359, -0.00329001853243, 0.000794542895164], [-0.000147776328959, 0.000783217314165, -0.000694843998645, 0.000434388406575, 0.000505427480675, -0.000356372096576, 0.00154263991863, 0.000276201666566, 0.000450995721621, 0.0013904053485, -0.00329001853243, 0.013053862378, -0.00180670979898], [0.000173867942067, -0.000275101192528, 0.000160967043485, -0.00204656366259, 0.000217077395064, 0.000981081859209, -0.00117986008991, 0.000604367232881, -0.000433461682405, 0.000987574574538, 0.000794542895164, -0.00180670979898, 0.0124194873497]]}, "melbands": {"dmean": [0.00149861059617, 0.00117775017861, 0.000510001729708, 0.000348362402292, 0.000159225717653, 0.000101391873613, 7.41516050766e-05, 0.000134878806421, 9.83450736385e-05, 6.42352970317e-05, 6.20009814156e-05, 4.23836681875e-05, 4.46056474175e-05, 5.07172553625e-05, 3.66135245713e-05, 3.80602650694e-05, 3.11340627377e-05, 2.56694202108e-05, 1.70441544469e-05, 1.19374408314e-05, 1.48545968841e-05, 1.10958162622e-05, 1.2011756553e-05, 9.94071160676e-06, 5.11000735059e-06, 4.15117665398e-06, 3.3758860809e-06, 2.67985001301e-06, 2.22421772378e-06, 1.87561943221e-06, 1.56316013999e-06, 1.67823554875e-06, 2.12088775697e-06, 2.19426351578e-06, 2.17437445826e-06, 2.08997039408e-06, 1.32062393732e-06, 1.19864773751e-06, 1.39730116189e-06, 1.60890670031e-06], "dmean2": [0.00225235847756, 0.00200079497881, 0.000901835970581, 0.000556461338419, 0.000250109646004, 0.000163869102835, 0.000117967800179, 0.000208480691072, 0.000151624175487, 9.97373790597e-05, 9.41148682614e-05, 6.35911565041e-05, 6.7727152782e-05, 7.57607049309e-05, 5.57588682568e-05, 5.64835390833e-05, 4.61709387309e-05, 3.86607207474e-05, 2.546099131e-05, 1.85536973731e-05, 2.30273381021e-05, 1.67793004948e-05, 1.79668968485e-05, 1.49286634041e-05, 7.64735432313e-06, 6.2712269937e-06, 5.2784143918e-06, 4.50365814686e-06, 3.64861352864e-06, 3.19197215504e-06, 2.65403218691e-06, 2.84893235403e-06, 3.48410958395e-06, 3.5249049688e-06, 3.38406516676e-06, 3.22565938404e-06, 2.00163776753e-06, 1.8467691234e-06, 2.13818157135e-06, 2.47278262577e-06], "dvar": [8.60940144776e-06, 7.56311374062e-06, 8.72225996318e-07, 3.72309301611e-07, 6.82919463202e-08, 3.64109524753e-08, 4.13762286655e-08, 9.41426918644e-08, 9.19685660961e-08, 1.06563348368e-07, 6.04021010986e-08, 1.94941698339e-08, 3.07189971238e-08, 4.30478550584e-08, 2.05967634059e-08, 2.64253081639e-08, 1.66102971377e-08, 7.796748136e-09, 2.68936695136e-09, 1.04926078937e-09, 2.96762259211e-09, 1.0088204716e-09, 8.2957940517e-10, 1.00241803747e-09, 1.85714263412e-10, 1.28276736455e-10, 6.07026443e-11, 4.61904854643e-11, 2.02007160999e-11, 1.79077724871e-11, 1.40116260608e-11, 2.52805484879e-11, 4.16661531666e-11, 6.0763533094e-11, 1.86906712329e-10, 2.22028020969e-10, 7.56051055095e-11, 1.6614949e-11, 2.19215860742e-11, 2.85676569206e-11], "dvar2": [1.74310516741e-05, 2.05271098821e-05, 2.49207619163e-06, 9.1315695272e-07, 1.59135780109e-07, 8.50199555202e-08, 9.80269945217e-08, 2.10693514191e-07, 2.18006064756e-07, 2.3877319677e-07, 1.35714032012e-07, 3.98319706107e-08, 6.32656167454e-08, 8.44590672955e-08, 4.81416897458e-08, 5.64807010051e-08, 3.48229427516e-08, 1.58273962825e-08, 5.47260636807e-09, 2.43915487808e-09, 6.78822997813e-09, 2.29880914304e-09, 1.59756563534e-09, 1.8088872622e-09, 3.6977490514e-10, 2.37038333406e-10, 1.32576560841e-10, 1.25055743538e-10, 5.24010453085e-11, 4.86317063009e-11, 3.70016031703e-11, 6.63942859025e-11, 1.01504145367e-10, 1.30667573983e-10, 4.33037355974e-10, 4.64975197234e-10, 1.69571814923e-10, 3.42372866169e-11, 4.6348844901e-11, 6.67781663299e-11], "max": [0.0354418680072, 0.0244341157377, 0.0113956490532, 0.0112359989434, 0.0053652105853, 0.0044024894014, 0.00757718691602, 0.0086128320545, 0.0111550921574, 0.0188249386847, 0.0115346657112, 0.00630907109007, 0.00642014062032, 0.00988630112261, 0.00547163141891, 0.00524168694392, 0.00465653510764, 0.00309123797342, 0.00225961091928, 0.00109133310616, 0.00403237016872, 0.00100273767021, 0.00121340074111, 0.00246046902612, 0.000559609266929, 0.000588941096794, 0.000404220190831, 0.000267428462394, 0.00012475301628, 7.77789464337e-05, 6.70429071761e-05, 0.000118072588521, 0.000220812027692, 0.000292013864964, 0.000535588769708, 0.000945607956965, 0.000750214094296, 0.000151784683112, 0.000121356810268, 0.000150035120896], "mean": [0.001683801529, 0.00119491491932, 0.00073473417433, 0.000652834482025, 0.000316044461215, 0.000154056979227, 0.000125445090816, 0.000261616485659, 0.000197138710064, 0.000120043383504, 0.00012884719763, 8.33424564917e-05, 9.4090893981e-05, 0.000116784038255, 6.91384047968e-05, 7.41781987017e-05, 5.95808232902e-05, 4.74742882943e-05, 3.57599856216e-05, 2.28072640311e-05, 2.82747187157e-05, 2.26492484217e-05, 2.47618263529e-05, 2.15260570258e-05, 1.07465739347e-05, 8.63017248776e-06, 6.89343460181e-06, 4.47910542789e-06, 3.50653454007e-06, 2.57435499407e-06, 1.94587732949e-06, 2.05937703868e-06, 2.74168792203e-06, 2.81240136246e-06, 2.82887572212e-06, 2.84615725832e-06, 1.79311200554e-06, 1.51125664161e-06, 1.66054189776e-06, 1.77641197752e-06], "median": [0.000466745928861, 0.000327573623508, 0.000442714575911, 0.000371806760086, 0.000167211459484, 5.98901970079e-05, 5.22643022123e-05, 8.14875966171e-05, 5.31659461558e-05, 2.99949133478e-05, 2.78105126199e-05, 2.0967434466e-05, 1.91671133507e-05, 1.79421385837e-05, 1.56102105393e-05, 1.22643632494e-05, 1.15801913125e-05, 1.23536719911e-05, 1.02032354334e-05, 8.9748937171e-06, 8.94448749023e-06, 7.2200618888e-06, 6.90188153385e-06, 5.4192432799e-06, 3.53364816874e-06, 2.94938854495e-06, 2.52447671301e-06, 1.88915703347e-06, 1.43400950492e-06, 1.24826703995e-06, 7.00129305642e-07, 5.31442310603e-07, 6.50998742913e-07, 5.48979869563e-07, 3.46610448787e-07, 2.6396537578e-07, 1.85129167107e-07, 1.56404340146e-07, 1.28362415808e-07, 1.20077061183e-07], "min": [6.65549915606e-25, 1.26244181536e-24, 1.14131212476e-24, 2.37455218296e-24, 1.24316856294e-24, 9.62286551815e-25, 1.4390477547e-24, 1.7214240656e-24, 1.53123463173e-24, 1.7802896552e-24, 1.73488400479e-24, 1.93903903769e-24, 2.32290900937e-24, 1.38971919761e-24, 2.8561505823e-24, 2.78795138768e-24, 2.2818209919e-24, 2.32811016653e-24, 3.00621342294e-24, 2.43638783387e-24, 2.87982686187e-24, 4.4648588491e-24, 3.21839550998e-24, 3.92272286946e-24, 4.25390679342e-24, 3.25224750358e-24, 5.03718177458e-24, 4.31374662625e-24, 3.91046081555e-24, 5.70284114463e-24, 4.57054254458e-24, 4.92506531285e-24, 5.1783527723e-24, 5.1834547302e-24, 4.7129232605e-24, 4.55782847337e-24, 5.47402927806e-24, 6.00594122594e-24, 6.01667249527e-24, 6.26005935592e-24], "var": [1.06693723865e-05, 6.1971309151e-06, 9.04735088625e-07, 6.93023253007e-07, 1.95519447743e-07, 6.70739694897e-08, 7.35839051913e-08, 3.02551512732e-07, 2.42042887066e-07, 2.30530574186e-07, 2.144668656e-07, 8.54798400951e-08, 1.30072379534e-07, 2.52007566814e-07, 5.72890996864e-08, 9.47650562466e-08, 5.31334336529e-08, 1.78581274213e-08, 1.13292681903e-08, 2.4665172127e-09, 5.80445513876e-09, 2.48939757697e-09, 2.83877255036e-09, 3.64477159565e-09, 6.17005890824e-10, 5.4058396648e-10, 3.07914777009e-10, 7.75883524096e-11, 3.5429329609e-11, 1.91237546632e-11, 1.63054274943e-11, 2.90186399216e-11, 7.00853333702e-11, 1.17086215723e-10, 2.708672453e-10, 3.63395785685e-10, 1.31329405684e-10, 3.1915442511e-11, 3.36415825752e-11, 4.05502506573e-11]}, "mfcc": {"mean": [-667.739990234, 126.210945129, -3.53863692284, 24.9542350769, 9.04522228241, 7.72001028061, 0.883407056332, 5.65970277786, 1.12842428684, 1.13581991196, 1.96589183807, -0.658249378204, -0.941484391689], "cov": [[8867.6640625, -433.832489014, -416.842895508, -255.010574341, 14.0872421265, -273.691986084, -134.776260376, -6.32852172852, -168.355056763, -82.33959198, 58.2737846375, -71.0074081421, -23.6259937286], [-433.832489014, 1702.88708496, -506.959960938, 315.359130859, -39.565322876, 95.3774490356, 137.846908569, 29.9173717499, 54.0203704834, 31.0442390442, 16.1602535248, 47.8519630432, -0.142086043954], [-416.842895508, -506.959960938, 1145.91027832, -220.396087646, 164.285903931, 129.550964355, -29.1400375366, 31.1067180634, -54.2875175476, -31.7826251984, 8.65174770355, -11.8811244965, 21.3669586182], [-255.010574341, 315.359130859, -220.396087646, 570.272766113, -48.8871688843, 41.0499382019, 37.2087135315, -26.1862716675, 161.108734131, 50.6017379761, -81.0046081543, 2.32479000092, -1.34286284447], [14.0872421265, -39.565322876, 164.285903931, -48.8871688843, 238.21762085, 5.12890863419, -21.765417099, 34.0101013184, -4.51337003708, -0.257118016481, 32.0306472778, 4.19639062881, 11.9081506729], [-273.691986084, 95.3774490356, 129.550964355, 41.0499382019, 5.12890863419, 194.655654907, 43.9631576538, -0.991526603699, 19.4967823029, 6.05818271637, 5.2564458847, 18.6740112305, 6.98401260376], [-134.776260376, 137.846908569, -29.1400375366, 37.2087135315, -21.765417099, 43.9631576538, 191.702575684, 23.2110443115, 40.0916976929, 14.2699384689, 22.0794239044, 19.7217407227, 7.61798715591], [-6.32852172852, 29.9173717499, 31.1067180634, -26.1862716675, 34.0101013184, -0.991526603699, 23.2110443115, 148.563522339, 9.85469436646, 18.6305809021, 19.915397644, -15.6469631195, 5.81237030029], [-168.355056763, 54.0203704834, -54.2875175476, 161.108734131, -4.51337003708, 19.4967823029, 40.0916976929, 9.85469436646, 180.963104248, 56.2407264709, -29.014125824, -1.95636212826, -5.24632263184], [-82.33959198, 31.0442390442, -31.7826251984, 50.6017379761, -0.257118016481, 6.05818271637, 14.2699384689, 18.6305809021, 56.2407264709, 131.246383667, 25.6008739471, -3.87384676933, -2.15226411819], [58.2737846375, 16.1602535248, 8.65174770355, -81.0046081543, 32.0306472778, 5.2564458847, 22.0794239044, 19.915397644, -29.014125824, 25.6008739471, 119.860710144, 29.892665863, 7.70387411118], [-71.0074081421, 47.8519630432, -11.8811244965, 2.32479000092, 4.19639062881, 18.6740112305, 19.7217407227, -15.6469631195, -1.95636212826, -3.87384676933, 29.892665863, 90.1679763794, 29.0783748627], [-23.6259937286, -0.142086043954, 21.3669586182, -1.34286284447, 11.9081506729, 6.98401260376, 7.61798715591, 5.81237030029, -5.24632263184, -2.15226411819, 7.70387411118, 29.0783748627, 69.6712875366]], "icov": [[0.000124339159811, 3.5223816667e-05, 6.52099988656e-05, 1.47065456986e-05, -3.18932543451e-05, 9.07146531972e-05, 2.65195812972e-05, 6.3120478444e-07, 6.24427921139e-05, 6.48358400213e-05, -8.32926525618e-05, 9.92933055386e-05, -9.6005087471e-06], [3.5223816667e-05, 0.000839269487187, 0.000403604120947, -0.000380559067708, -0.000187704383279, -0.000481580063934, -0.000371881964384, -0.00026330613764, 0.000361540267477, 3.00751689792e-05, -0.000108174746856, -0.000215758307604, 0.000155693473062], [6.52099988656e-05, 0.000403604120947, 0.00140623643529, 0.000334420765284, -0.000821891997475, -0.00113519141451, -8.24441212899e-06, -0.000163609714946, 0.000196046006749, 8.84876062628e-05, 0.000320475897752, 0.000243938411586, -0.000252815982094], [1.47065456986e-05, -0.000380559067708, 0.000334420765284, 0.00300415256061, 3.37295023201e-05, -0.000468810874736, 0.000110490545921, 0.000482322328025, -0.00204347982071, -0.000490135396831, 0.00163380021695, -0.000164595810929, -0.00033251431887], [-3.18932543451e-05, -0.000187704383279, -0.000821891997475, 3.37295023201e-05, 0.0051632411778, 0.000361789920134, 0.000905774824787, -0.000889486575034, -0.000701836892404, 0.000419226620579, -0.00151083804667, -1.53599157784e-05, -0.000568511663005], [9.07146531972e-05, -0.000481580063934, -0.00113519141451, -0.000468810874736, 0.000361789920134, 0.0066937757656, -0.00103273661807, 0.000347085268004, -0.000247300020419, -2.43272188527e-05, -0.00031827823841, -0.0008587994962, 9.42691913224e-05], [2.65195812972e-05, -0.000371881964384, -8.24441212899e-06, 0.000110490545921, 0.000905774824787, -0.00103273661807, 0.00647813128307, -0.000940935104154, -0.00161459273659, 0.000487320357934, -0.00143965531606, -0.000615275697783, -0.000358772813343], [6.3120478444e-07, -0.00026330613764, -0.000163609714946, 0.000482322328025, -0.000889486575034, 0.000347085268004, -0.000940935104154, 0.00782493222505, -0.000655488052871, -0.00065353239188, -0.00105746637564, 0.0023721663747, -0.00131620746106], [6.24427921139e-05, 0.000361540267477, 0.000196046006749, -0.00204347982071, -0.000701836892404, -0.000247300020419, -0.00161459273659, -0.000655488052871, 0.0091401329264, -0.0032750738319, 0.00215701269917, -0.000701434619259, 0.000939708785154], [6.48358400213e-05, 3.00751689792e-05, 8.84876062628e-05, -0.000490135396831, 0.000419226620579, -2.43272188527e-05, 0.000487320357934, -0.00065353239188, -0.0032750738319, 0.010085538961, -0.00377481617033, 0.00151335389819, -0.000231795100262], [-8.32926525618e-05, -0.000108174746856, 0.000320475897752, 0.00163380021695, -0.00151083804667, -0.00031827823841, -0.00143965531606, -0.00105746637564, 0.00215701269917, -0.00377481617033, 0.012694273144, -0.00435454957187, 0.000900099170394], [9.92933055386e-05, -0.000215758307604, 0.000243938411586, -0.000164595810929, -1.53599157784e-05, -0.0008587994962, -0.000615275697783, 0.0023721663747, -0.000701434619259, 0.00151335389819, -0.00435454957187, 0.0154983690009, -0.00607971055433], [-9.6005087471e-06, 0.000155693473062, -0.000252815982094, -0.00033251431887, -0.000568511663005, 9.42691913224e-05, -0.000358772813343, -0.00131620746106, 0.000939708785154, -0.000231795100262, 0.000900099170394, -0.00607971055433, 0.017159588635]]}, "spectral_contrast_coeffs": {"dmean": [0.0537445768714, 0.0462410971522, 0.037934653461, 0.0295171067119, 0.0231447648257, 0.0223368182778], "dmean2": [0.0883698686957, 0.0752004384995, 0.0619972720742, 0.0475741513073, 0.0358858928084, 0.0353293642402], "dvar": [0.0019721777644, 0.00141840544529, 0.0010186569998, 0.000605465902481, 0.000447534635896, 0.000732846092433], "dvar2": [0.00510343722999, 0.00371238053776, 0.0026204274036, 0.0014451261377, 0.000959882861935, 0.00167034112383], "max": [-0.356388866901, -0.366258978844, -0.388810575008, -0.475783824921, -0.480626791716, -0.551050901413], "mean": [-0.65850186348, -0.739521503448, -0.773107290268, -0.782009780407, -0.783708751202, -0.763462722301], "median": [-0.658856153488, -0.747538864613, -0.787278294563, -0.793913960457, -0.798283219337, -0.771637320518], "min": [-0.983867108822, -0.981678843498, -0.974740147591, -0.969141900539, -0.966545581818, -0.96396034956], "var": [0.00661565875635, 0.00618742918596, 0.00624237023294, 0.004408958368, 0.00413506897166, 0.00361584336497]}, "spectral_contrast_valleys": {"dmean": [0.444918364286, 0.387743413448, 0.34360858798, 0.29206559062, 0.286087155342, 0.447915434837], "dmean2": [0.716084182262, 0.634808063507, 0.55557012558, 0.454562544823, 0.412805318832, 0.578103244305], "dvar": [0.162807747722, 0.123731479049, 0.106573678553, 0.0878431871533, 0.107831455767, 0.439745634794], "dvar2": [0.370821714401, 0.302963733673, 0.254787176847, 0.184127733111, 0.215000137687, 0.881138503551], "max": [-5.15092134476