{"lowlevel": {"average_loudness": 0.914858996868, "barkbands_crest": {"dmean": 2.99628853798, "dmean2": 4.91346073151, "dvar": 6.89061689377, "dvar2": 18.3122558594, "max": 25.3624229431, "mean": 10.7533245087, "median": 10.0985832214, "min": 2.33123469353, "var": 15.392914772}, "barkbands_flatness_db": {"dmean": 0.0248978063464, "dmean2": 0.0367803871632, "dvar": 0.000502407201566, "dvar2": 0.00115163333248, "max": 0.342955857515, "mean": 0.129420787096, "median": 0.122637711465, "min": 0.0100649660453, "var": 0.00216625467874}, "barkbands_kurtosis": {"dmean": 4.25170946121, "dmean2": 6.69275617599, "dvar": 35.417842865, "dvar2": 86.4979553223, "max": 95.1308441162, "mean": 7.14325380325, "median": 4.37319421768, "min": -1.93732118607, "var": 84.0230407715}, "barkbands_skewness": {"dmean": 0.660165667534, "dmean2": 1.01046800613, "dvar": 0.414576172829, "dvar2": 0.956402420998, "max": 8.1708984375, "mean": 2.06129264832, "median": 1.98254048824, "min": -5.05977582932, "var": 1.7990373373}, "barkbands_spread": {"dmean": 6.61139822006, "dmean2": 10.0739736557, "dvar": 76.1409835815, "dvar2": 158.377349854, "max": 124.864501953, "mean": 21.1531181335, "median": 18.2161483765, "min": 1.10627543926, "var": 210.913574219}, "dissonance": {"dmean": 0.0202459096909, "dmean2": 0.033732585609, "dvar": 0.000354232994141, "dvar2": 0.000947359541897, "max": 0.500000119209, "mean": 0.460588246584, "median": 0.466214776039, "min": 0.248249799013, "var": 0.000747410405893}, "dynamic_complexity": 4.619140625, "erbbands_crest": {"dmean": 2.66026234627, "dmean2": 4.35495948792, "dvar": 6.03821325302, "dvar2": 14.8154945374, "max": 28.3549213409, "mean": 8.361577034, "median": 7.43873786926, "min": 2.14235877991, "var": 14.5370912552}, "erbbands_flatness_db": {"dmean": 0.0205939859152, "dmean2": 0.030007712543, "dvar": 0.000399805954657, "dvar2": 0.000816453888547, "max": 0.315528005362, "mean": 0.128676593304, "median": 0.121471904218, "min": 0.0409321971238, "var": 0.00190493743867}, "erbbands_kurtosis": {"dmean": 0.964699208736, "dmean2": 1.50743424892, "dvar": 2.15499281883, "dvar2": 4.83827638626, "max": 31.0754814148, "mean": 0.471304267645, "median": -0.0937455892563, "min": -1.84387910366, "var": 4.83849287033}, "erbbands_skewness": {"dmean": 0.399831414223, "dmean2": 0.607426345348, "dvar": 0.155676245689, "dvar2": 0.340154021978, "max": 3.92032551765, "mean": 0.533370435238, "median": 0.549125552177, "min": -4.91374731064, "var": 0.49067056179}, "erbbands_spread": {"dmean": 9.90885257721, "dmean2": 14.7599401474, "dvar": 115.482017517, "dvar2": 238.700958252, "max": 176.036209106, "mean": 44.0885047913, "median": 41.5967521667, "min": 3.63707113266, "var": 369.03112793}, "hfc": {"dmean": 8.10018920898, "dmean2": 11.3706865311, "dvar": 213.066619873, "dvar2": 413.823577881, "max": 385.256378174, "mean": 19.7384967804, "median": 14.8408851624, "min": 1.07420619109e-16, "var": 522.447509766}, "melbands_crest": {"dmean": 3.97545599937, "dmean2": 6.46770572662, "dvar": 10.7968187332, "dvar2": 28.1843490601, "max": 35.5242156982, "mean": 15.624628067, "median": 15.166595459, "min": 1.58171987534, "var": 30.4659099579}, "melbands_flatness_db": {"dmean": 0.0292085781693, "dmean2": 0.0427296608686, "dvar": 0.000662600097712, "dvar2": 0.00150889565703, "max": 0.441320538521, "mean": 0.209077864885, "median": 0.205342948437, "min": 0.0025433471892, "var": 0.00366742559709}, "melbands_kurtosis": {"dmean": 9.90216732025, "dmean2": 15.320110321, "dvar": 221.850906372, "dvar2": 530.841430664, "max": 284.872711182, "mean": 18.583650589, "median": 11.8564987183, "min": -1.84789681435, "var": 494.941497803}, "melbands_skewness": {"dmean": 0.89648348093, "dmean2": 1.34580266476, "dvar": 0.806509613991, "dvar2": 1.83123683929, "max": 14.0976076126, "mean": 3.11588168144, "median": 2.84929013252, "min": -1.31297075748, "var": 3.14457607269}, "melbands_spread": {"dmean": 7.1505241394, "dmean2": 10.9733753204, "dvar": 167.882461548, "dvar2": 334.781677246, "max": 280.789001465, "mean": 20.2131023407, "median": 15.1633558273, "min": 1.06650006771, "var": 503.753356934}, "pitch_salience": {"dmean": 0.0854056999087, "dmean2": 0.136808380485, "dvar": 0.00563417235389, "dvar2": 0.0138648515567, "max": 0.929488658905, "mean": 0.541639924049, "median": 0.549815893173, "min": 0.104198642075, "var": 0.0154825607315}, "silence_rate_20dB": {"dmean": 0, "dmean2": 0, "dvar": 0, "dvar2": 0, "max": 1, "mean": 1, "median": 1, "min": 1, "var": 0}, "silence_rate_30dB": {"dmean": 0.0112723344937, "dmean2": 0.0225473735482, "dvar": 0.0111459223554, "dvar2": 0.0273149572313, "max": 1, "mean": 0.989568352699, "median": 1, "min": 0, "var": 0.0103229032829}, "silence_rate_60dB": {"dmean": 0.0263820607215, "dmean2": 0.052770446986, "dvar": 0.0256909877062, "dvar2": 0.0574146844447, "max": 1, "mean": 0.160431653261, "median": 0, "min": 0, "var": 0.134694874287}, "spectral_centroid": {"dmean": 267.191375732, "dmean2": 394.882324219, "dvar": 124693.5, "dvar2": 237605.296875, "max": 11825.7412109, "mean": 1170.37194824, "median": 985.984558105, "min": 184.769622803, "var": 1056895.875}, "spectral_complexity": {"dmean": 3.33373308182, "dmean2": 4.91844558716, "dvar": 14.1565351486, "dvar2": 27.5242500305, "max": 51, "mean": 15.3480815887, "median": 16, "min": 0, "var": 74.0056381226}, "spectral_decrease": {"dmean": 3.18392467946e-09, "dmean2": 4.98543606398e-09, "dvar": 1.66449584197e-17, "dvar2": 3.85236573199e-17, "max": 2.13133970521e-17, "mean": -9.06117758603e-09, "median": -7.71019337265e-09, "min": -4.78585882036e-08, "var": 5.52035260702e-17}, "spectral_energy": {"dmean": 0.0124205946922, "dmean2": 0.0194278415293, "dvar": 0.000248722004471, "dvar2": 0.000570834497921, "max": 0.185230255127, "mean": 0.0359893999994, "median": 0.0311223380268, "min": 1.01103014708e-20, "var": 0.000833458674606}, "spectral_energyband_high": {"dmean": 0.000594533164985, "dmean2": 0.000831755052786, "dvar": 2.52247059507e-06, "dvar2": 4.79951722809e-06, "max": 0.0443791970611, "mean": 0.00096666655736, "median": 0.000394915521611, "min": 7.21956937846e-21, "var": 5.28074360773e-06}, "spectral_energyband_low": {"dmean": 0.00792077276856, "dmean2": 0.0122082242742, "dvar": 0.000137175200507, "dvar2": 0.000326811277773, "max": 0.132118016481, "mean": 0.0157333891839, "median": 0.0105831846595, "min": 1.2234302573e-23, "var": 0.000346344313584}, "spectral_energyband_middle_high": {"dmean": 0.00160457927268, "dmean2": 0.00235140137374, "dvar": 7.42756265026e-06, "dvar2": 1.55270645337e-05, "max": 0.0618211813271, "mean": 0.0037203070242, "median": 0.00237235752866, "min": 1.24711411781e-21, "var": 2.07787106774e-05}, "spectral_energyband_middle_low": {"dmean": 0.00725433183834, "dmean2": 0.0109258992597, "dvar": 0.000162154523423, "dvar2": 0.000306484260364, "max": 0.151468887925, "mean": 0.0146782863885, "median": 0.00873648747802, "min": 1.9415997433e-22, "var": 0.000316815829137}, "spectral_entropy": {"dmean": 0.193368032575, "dmean2": 0.275787651539, "dvar": 0.0354196876287, "dvar2": 0.0676582381129, "max": 9.83149433136, "mean": 7.63112783432, "median": 7.6479678154, "min": 5.76360034943, "var": 0.197585865855}, "spectral_flux": {"dmean": 0.030351947993, "dmean2": 0.0484323203564, "dvar": 0.00115135882515, "dvar2": 0.00251113506965, "max": 0.360968291759, "mean": 0.0975102707744, "median": 0.0869924277067, "min": 6.43431766201e-11, "var": 0.00402317475528}, "spectral_kurtosis": {"dmean": 1.40707862377, "dmean2": 2.21386289597, "dvar": 2.82766675949, "dvar2": 7.32339859009, "max": 35.0091171265, "mean": 4.33227920532, "median": 3.99112701416, "min": -1.5148011446, "var": 6.87537050247}, "spectral_rms": {"dmean": 0.000973376212642, "dmean2": 0.00149557704572, "dvar": 1.19271646781e-06, "dvar2": 2.57001397586e-06, "max": 0.0134429326281, "mean": 0.00524638453498, "median": 0.00551028642803, "min": 3.14065418637e-12, "var": 7.58710029913e-06}, "spectral_rolloff": {"dmean": 470.693328857, "dmean2": 790.628662109, "dvar": 1101076, "dvar2": 2348007.5, "max": 19853.6132812, "mean": 1226.68786621, "median": 602.9296875, "min": 21.533203125, "var": 5351218}, "spectral_skewness": {"dmean": 0.237734332681, "dmean2": 0.356689721346, "dvar": 0.0620798021555, "dvar2": 0.136357501149, "max": 3.90158200264, "mean": 1.68614077568, "median": 1.69682478905, "min": -0.667489647865, "var": 0.251153439283}, "spectral_spread": {"dmean": 813469.625, "dmean2": 1112273.125, "dvar": 1040614359040.0, "dvar2": 1728456687620.0, "max": 42452116, "mean": 5978373.5, "median": 5458419, "min": 1224954.875, "var": 12258375630800.0}, "spectral_strongpeak": {"dmean": 0.384814590216, "dmean2": 0.651270568371, "dvar": 0.571720778942, "dvar2": 1.41767704487, "max": 17.5940093994, "mean": 0.52418333292, "median": 0.219522058964, "min": 0, "var": 0.796131372452}, "zerocrossingrate": {"dmean": 0.0127636445686, "dmean2": 0.0143756605685, "dvar": 0.000264870875981, "dvar2": 0.000278368388535, "max": 0.66552734375, "mean": 0.0621713772416, "median": 0.05029296875, "min": 0.001953125, "var": 0.00402785046026}, "barkbands": {"dmean": [0.003549979534, 0.00465815234929, 0.00363196549006, 0.00379861495458, 0.00363260926679, 0.00113117217552, 0.000986267696135, 0.00105086225085, 0.000627415138297, 0.000511207792442, 0.000359710655175, 0.000341126113199, 0.000347077497281, 0.000219136432861, 0.000259056163486, 0.000206294309464, 0.000159908013302, 0.000161923686392, 8.11894933577e-05, 6.18003905402e-05, 6.83376856614e-05, 8.332626021e-05, 0.000112474241178, 0.000171628693352, 0.000128582847537, 5.61579290661e-05, 3.27906236635e-05], "dmean2": [0.00538749201223, 0.00808469206095, 0.00496912933886, 0.00595668889582, 0.00581737561151, 0.00186303537339, 0.00159247824922, 0.0015552167315, 0.000963511411101, 0.000797870219685, 0.000571026816033, 0.000543308269698, 0.00056183966808, 0.000351556751411, 0.00042135611875, 0.000323505897541, 0.000250942190178, 0.000253092555795, 0.000126999395434, 9.42582992138e-05, 0.000101933452243, 0.000126230544993, 0.000165044999449, 0.000253715930739, 0.000185776676517, 7.91990969446e-05, 5.35870567546e-05], "dvar": [6.07257024967e-05, 6.25109387329e-05, 6.7020424467e-05, 8.65295151016e-05, 6.72850874253e-05, 4.04516640629e-06, 6.30334443485e-06, 6.93618039804e-06, 2.32707952819e-06, 1.36694870889e-06, 9.33357114263e-07, 8.41387588935e-07, 8.11957875158e-07, 2.89869262815e-07, 5.42662746739e-07, 2.98537344179e-07, 2.21395637823e-07, 1.70627501461e-07, 3.66692702869e-08, 2.2223792584e-08, 2.32793393451e-08, 5.02247239353e-08, 2.21240895826e-07, 6.40763005322e-07, 1.99597181449e-07, 1.01108463824e-08, 6.27512974916e-09], "dvar2": [0.000145457815961, 0.000185559882084, 0.000125446400489, 0.000215525462409, 0.00016075737949, 1.04653709059e-05, 1.57119211508e-05, 1.43185479828e-05, 4.79377649754e-06, 3.14426438308e-06, 2.19474463847e-06, 2.02474370781e-06, 2.06386721402e-06, 6.93467029578e-07, 1.29247791847e-06, 6.76727552218e-07, 5.53392908387e-07, 4.2671808842e-07, 8.90684503929e-08, 5.22241876411e-08, 5.06252035848e-08, 1.18241494818e-07, 4.38254545543e-07, 1.29430486595e-06, 4.23126181204e-07, 2.28418386428e-08, 1.67588929401e-08], "max": [0.126431390643, 0.0702621415257, 0.0958710312843, 0.133849576116, 0.0811180844903, 0.031363196671, 0.0707363188267, 0.0577731467783, 0.0568126551807, 0.0300358012319, 0.0273268409073, 0.0245835222304, 0.0178032554686, 0.0131501611322, 0.0158666800708, 0.0128852361813, 0.0205658059567, 0.0139102367684, 0.00423906370997, 0.00445511983708, 0.00349165312946, 0.00587437162176, 0.0167680159211, 0.0304734650999, 0.0123067982495, 0.00138352334034, 0.00150932767428], "mean": [0.00513380393386, 0.00696360785514, 0.00463595613837, 0.00459464313462, 0.00424052821472, 0.00163385167252, 0.00143628160004, 0.00164909509476, 0.000910821952857, 0.00075216172263, 0.000505781150423, 0.000483779876959, 0.000450839055702, 0.000310671312036, 0.000347161199898, 0.000301596272038, 0.00023938328377, 0.000251060992014, 0.000130870146677, 0.000101614139567, 0.000104223698145, 0.000116376562801, 0.000152272870764, 0.000238401262322, 0.000191060084035, 8.0433281255e-05, 3.31124865625e-05], "median": [0.00111975893378, 0.00486121885478, 0.000656086835079, 0.000758128007874, 0.00148231303319, 0.000807933567557, 0.000714538269676, 0.00049963069614, 0.000385366292903, 0.000277964922134, 0.00021601372282, 0.000161159638083, 0.000194397027371, 0.000122956786072, 0.000124316458823, 8.72062882991e-05, 7.75875378167e-05, 8.58091807459e-05, 6.75672345096e-05, 5.14861276315e-05, 4.28045132139e-05, 4.17003466282e-05, 3.63774634025e-05, 4.99758752994e-05, 6.14603341091e-05, 2.00836802833e-05, 7.18456522009e-06], "min": [5.96604458566e-25, 1.18794129844e-24, 2.0848765421e-25, 1.21449238435e-24, 5.62871819626e-24, 6.35070972912e-24, 9.0283931534e-24, 4.29306387661e-24, 1.37101027656e-23, 1.58895660968e-23, 1.51706314e-23, 1.37599682411e-23, 2.58447714174e-23, 3.22907936877e-23, 3.7488077544e-23, 5.84465782501e-23, 8.11396831126e-23, 1.1070519272e-22, 1.02182326878e-22, 1.7691503318e-22, 2.25983203848e-22, 3.02834437132e-22, 3.06457517497e-22, 5.20591550922e-22, 7.61724544465e-22, 1.30235841304e-21, 2.04325324307e-21], "var": [9.45861684158e-05, 7.90135600255e-05, 0.000110371067422, 0.000107499450678, 6.61640515318e-05, 5.7294596445e-06, 7.58174019211e-06, 1.49847492139e-05, 3.70266548089e-06, 2.62064531853e-06, 1.40579652452e-06, 1.51870960963e-06, 9.1331889962e-07, 4.39318682766e-07, 7.20645459751e-07, 5.40758662737e-07, 2.88629280476e-07, 2.33712484032e-07, 5.0051014e-08, 3.05122114241e-08, 3.49660176369e-08, 6.52573319826e-08, 3.58004882628e-07, 1.18631271562e-06, 3.68537058648e-07, 1.60080020351e-08, 4.90237139772e-09]}, "erbbands": {"dmean": [0.132884591818, 1.11336004734, 3.2460796833, 8.40581417084, 10.5541238785, 14.215965271, 11.2748270035, 10.0199251175, 11.9680662155, 18.7876586914, 19.2925357819, 15.6501750946, 13.8179006577, 16.852148056, 12.3851585388, 13.9191684723, 15.3652420044, 11.1555480957, 11.5643205643, 11.7913866043, 10.3181905746, 8.02708721161, 8.58852005005, 6.34684324265, 3.01595568657, 2.82726240158, 2.6491150856, 2.99448537827, 2.98248171806, 2.7637014389, 3.44668388367, 3.53398442268, 2.99075341225, 1.70713055134, 0.791503190994, 0.317469239235, 0.0816857218742, 0.0256038159132, 0.00511297490448, 0.000428811530583], "dmean2": [0.225729480386, 1.91458892822, 4.52672195435, 11.4984207153, 15.8840169907, 23.3922481537, 19.1610584259, 16.3326225281, 19.3649978638, 28.9409885406, 28.5829429626, 23.8826007843, 21.2869472504, 26.5980968475, 19.8785858154, 21.8370494843, 24.7382087708, 17.711774826, 18.44556427, 18.7098712921, 15.9958982468, 12.3539934158, 13.3116407394, 9.92105293274, 4.57869911194, 4.27237796783, 3.92832660675, 4.53372764587, 4.53877019882, 4.11197280884, 5.07311248779, 5.3448638916, 4.49620723724, 2.51264977455, 1.14531362057, 0.455720931292, 0.12090858072, 0.0356989167631, 0.00818136800081, 0.000753240718041], "dvar": [0.0398649759591, 4.2892203331, 50.723739624, 325.360900879, 526.928222656, 1241.58300781, 764.115356445, 308.008666992, 930.379821777, 1775.72143555, 2918.94140625, 1336.34863281, 1010.43731689, 2560.45532227, 673.633728027, 1332.11987305, 1459.32385254, 666.085327148, 867.921691895, 1093.50744629, 859.651611328, 522.251586914, 485.831573486, 214.952194214, 45.9885063171, 44.3798484802, 36.7990608215, 56.6428184509, 62.7779502869, 81.9353485107, 247.454330444, 326.662200928, 196.65852356, 47.5113830566, 6.71211910248, 0.418010920286, 0.0205931738019, 0.00195649708621, 0.00017461576499, 1.76291530352e-06], "dvar2": [0.119028225541, 12.6907644272, 88.7618179321, 680.498657227, 1097.90002441, 3182.60424805, 2090.38598633, 772.505371094, 2369.61010742, 3953.81274414, 5521.80419922, 2751.19921875, 2279.78417969, 6195.72119141, 1618.96826172, 3119.55053711, 3662.59448242, 1561.28894043, 2026.69421387, 2672.75854492, 1987.91796875, 1279.81677246, 1174.54675293, 511.879821777, 107.202033997, 98.8561630249, 81.4456100464, 133.200958252, 147.866317749, 168.791763306, 517.492492676, 741.256652832, 395.344848633, 101.336837769, 14.2584943771, 0.987917244434, 0.0454328134656, 0.00410697935149, 0.000455504428828, 4.93768993692e-06], "max": [3.71203780174, 20.8235683441, 83.0698623657, 291.144439697, 315.670288086, 385.292388916, 299.649963379, 317.724121094, 721.1171875, 1035.35400391, 1701.10412598, 1274.67980957, 877.062011719, 2030.04406738, 577.045593262, 892.782714844, 825.729187012, 778.942077637, 610.918762207, 888.91986084, 726.34362793, 897.337890625, 757.68371582, 307.04083252, 243.765655518, 184.001678467, 183.545471191, 179.397201538, 185.647918701, 323.502105713, 507.863464355, 755.678894043, 445.045837402, 185.500488281, 95.7667007446, 11.6133098602, 2.17175865173, 0.633679389954, 0.332558870316, 0.0317125953734], "mean": [0.236762568355, 1.47114467621, 4.7816028595, 11.3578853607, 14.4253721237, 14.8509960175, 12.3446578979, 14.8255205154, 17.9706459045, 30.4361000061, 31.1036758423, 24.1139221191, 20.5628108978, 25.479850769, 19.4559440613, 20.7939834595, 21.1252613068, 17.3376026154, 17.2863044739, 17.21966362, 16.1278572083, 12.8653783798, 13.6158647537, 10.2910575867, 5.39068508148, 4.74845504761, 4.15864610672, 4.32819461823, 4.26845550537, 3.75379085541, 4.60765457153, 4.49725866318, 4.18918657303, 2.4858725071, 1.16650462151, 0.432395607233, 0.122248873115, 0.0369275175035, 0.00548976380378, 0.000373521295842], "median": [0.157679483294, 0.700192809105, 0.885106801987, 2.17430758476, 4.09957075119, 4.18040180206, 4.66687202454, 7.25556230545, 9.37399864197, 14.1520576477, 10.5343856812, 10.6838464737, 8.32398509979, 10.2895278931, 9.49461936951, 7.60137033463, 9.68496131897, 8.18683624268, 7.08101892471, 5.82272672653, 4.78947782516, 4.24593162537, 4.88336801529, 4.31422901154, 3.20301294327, 2.39715242386, 1.94438433647, 1.61575269699, 1.53493845463, 1.13473320007, 1.02993202209, 0.927028536797, 0.884626746178, 0.737018585205, 0.367753654718, 0.108147457242, 0.0334766209126, 0.00907550193369, 0.00121301156469, 0.000117566269182], "min": [2.99462864556e-23, 3.9559284231e-22, 2.03133041197e-21, 8.96489866053e-21, 1.31658598016e-20, 1.99947131642e-20, 4.85880721935e-20, 5.46239768115e-20, 1.54951026635e-19, 6.92333370601e-20, 3.19276336056e-19, 4.07042964933e-19, 7.01916257997e-19, 8.60197009715e-19, 9.04338986116e-19, 8.51078222341e-19, 1.24951607906e-18, 2.27041122414e-18, 2.09381560798e-18, 3.61197099868e-18, 3.53855168828e-18, 4.73500847374e-18, 6.32695809445e-18, 5.03453884535e-18, 7.41030744372e-18, 6.05653124551e-18, 9.5033721785e-18, 1.06149871165e-17, 1.17635828181e-17, 1.27773828215e-17, 9.69416469551e-18, 1.09885352637e-17, 9.45894761653e-18, 7.26920945638e-18, 6.28936480356e-18, 3.98863182651e-18, 2.34219126936e-18, 1.0196011244e-18, 2.46524974001e-19, 2.45686503666e-20], "var": [0.066628344357, 5.27389717102, 97.8712310791, 543.678100586, 805.497192383, 1071.81799316, 618.788879395, 490.239990234, 1092.76611328, 2888.87597656, 7528.23046875, 2297.90405273, 1694.42480469, 3712.37475586, 1255.53234863, 2425.10058594, 1788.81860352, 1077.2911377, 1343.02087402, 1539.40710449, 1482.4564209, 718.561218262, 683.469055176, 317.95892334, 74.0928039551, 64.8801422119, 55.6187171936, 70.8192825317, 83.0344772339, 125.411460876, 372.241882324, 447.230834961, 374.626708984, 85.6331939697, 11.3302793503, 0.587997376919, 0.0334608703852, 0.0034231832251, 0.000143210607348, 1.09532595616e-06]}, "gfcc": {"mean": [-24.6495037079, 81.3477935791, -91.9133224487, 19.9624443054, -51.0362510681, 11.2070817947, -37.1429672241, 10.1094655991, -19.8594379425, 3.740213871, -11.7384977341, -0.673136591911, -10.8551769257], "cov": [[30582.3066406, -631.885131836, 1006.18121338, -413.42791748, -251.287780762, 1173.59973145, -116.192565918, 719.869689941, -440.517303467, 175.562240601, -449.527374268, 290.240447998, -312.528594971], [-631.885131836, 1292.81567383, -430.199859619, 249.645263672, 73.4725875854, -203.360946655, 21.996837616, -82.5690078735, 18.5554943085, -47.4463500977, 63.0817604065, -168.560699463, 18.8876190186], [1006.18121338, -430.199859619, 946.939758301, -77.1821517944, 138.485671997, 229.977508545, 107.079109192, 55.3605041504, -3.81029009819, 56.2582626343, -45.5721282959, 83.1697769165, -55.6373023987], [-413.42791748, 249.645263672, -77.1821517944, 457.166412354, 0.742957234383, -65.8194885254, -26.9659538269, -64.3041305542, 36.1430130005, -17.1038589478, 3.3560693264, -53.8725128174, -15.4711151123], [-251.287780762, 73.4725875854, 138.485671997, 0.742957234383, 285.955871582, 34.5980033875, 103.909461975, 39.9959373474, 41.5309333801, 9.18714523315, -5.79890871048, -0.121214605868, -6.09649944305], [1173.59973145, -203.360946655, 229.977508545, -65.8194885254, 34.5980033875, 316.662261963, 85.8671646118, 70.0832290649, 0.515427649021, 25.3259220123, -16.0590877533, 29.7952270508, -24.6614284515], [-116.192565918, 21.996837616, 107.079109192, -26.9659538269, 103.909461975, 85.8671646118, 268.072631836, -5.12473058701, 9.27310466766, 65.7466201782, -6.71987438202, 21.3185424805, -11.419169426], [719.869689941, -82.5690078735, 55.3605041504, -64.3041305542, 39.9959373474, 70.0832290649, -5.12473058701, 194.358627319, 40.0394630432, 7.28199625015, 19.7661914825, 22.3527832031, 13.3114318848], [-440.517303467, 18.5554943085, -3.81029009819, 36.1430130005, 41.5309333801, 0.515427649021, 9.27310466766, 40.0394630432, 115.313018799, 32.8612556458, 27.9896678925, 5.74917602539, 16.0505809784], [175.562240601, -47.4463500977, 56.2582626343, -17.1038589478, 9.18714523315, 25.3259220123, 65.7466201782, 7.28199625015, 32.8612556458, 132.89831543, 24.8355827332, 35.6093597412, 0.217674389482], [-449.527374268, 63.0817604065, -45.5721282959, 3.3560693264, -5.79890871048, -16.0590877533, -6.71987438202, 19.7661914825, 27.9896678925, 24.8355827332, 108.537261963, 16.0362586975, 20.8373718262], [290.240447998, -168.560699463, 83.1697769165, -53.8725128174, -0.121214605868, 29.7952270508, 21.3185424805, 22.3527832031, 5.74917602539, 35.6093597412, 16.0362586975, 101.384567261, 21.5825958252], [-312.528594971, 18.8876190186, -55.6373023987, -15.4711151123, -6.09649944305, -24.6614284515, -11.419169426, 13.3114318848, 16.0505809784, 0.217674389482, 20.8373718262, 21.5825958252, 76.9916915894]], "icov": [[5.93842742092e-05, -8.69114737725e-05, -4.28535577157e-06, -1.09377888293e-05, 6.38076817268e-05, -0.00019036977028, 0.000137809227454, -0.000260901317233, 0.000264471134869, -0.000178845468326, 0.000299818755593, -0.00027618886088, 0.000208353550988], [-8.69114737725e-05, 0.00152708240785, 0.000375157571398, -0.000436830450781, -0.000604007160291, 0.000691982742865, -0.00066348630935, 0.000509025063366, -9.23263796722e-05, 0.000303133012494, -0.00137587322388, 0.00236381613649, -0.000828556076158], [-4.28535577157e-06, 0.000375157571398, 0.00165850506164, -0.000110113964183, -0.00083142798394, -0.000728196639102, 1.69497725437e-05, 6.15413664491e-05, 0.000237119224039, -0.000309139577439, 0.000254784157733, -0.000711510772817, 0.000841672823299], [-1.09377888293e-05, -0.000436830450781, -0.000110113964183, 0.00275080977008, 0.000124252605019, 0.000118053161714, 0.000261056091404, 0.000922279374208, -0.00142873136792, 0.000278979365248, 7.4413670518e-05, 0.000402057921747, 0.000627083471045], [6.38076817268e-05, -0.000604007160291, -0.00083142798394, 0.000124252605019, 0.00510559929535, 0.000223042981816, -0.00175853015389, -0.00119072163943, -0.00151485169772, 0.000914743635803, 0.000822056666948, -0.000323658226989, 0.000433566456195], [-0.00019036977028, 0.000691982742865, -0.000728196639102, 0.000118053161714, 0.000223042981816, 0.00530233141035, -0.00192031054758, -0.000709638406988, -0.000691884430125, 0.000796294421889, -0.000907767855097, 0.00122854823712, 0.00015220430214], [0.000137809227454, -0.00066348630935, 1.69497725437e-05, 0.000261056091404, -0.00175853015389, -0.00192031054758, 0.00606379564852, 0.000381025136448, 0.00108225096483, -0.00304438895546, 0.00139249954373, -0.00153128162492, 0.000701385259163], [-0.000260901317233, 0.000509025063366, 6.15413664491e-05, 0.000922279374208, -0.00119072163943, -0.000709638406988, 0.000381025136448, 0.00801393762231, -0.00338995014317, 0.00124362506904, -0.00222188513726, 0.000825870141853, -0.00153176055755], [0.000264471134869, -9.23263796722e-05, 0.000237119224039, -0.00142873136792, -0.00151485169772, -0.000691884430125, 0.00108225096483, -0.00338995014317, 0.0131876375526, -0.00389930582605, -0.000460322800791, -0.000198851586902, -0.00117238948587], [-0.000178845468326, 0.000303133012494, -0.000309139577439, 0.000278979365248, 0.000914743635803, 0.000796294421889, -0.00304438895546, 0.00124362506904, -0.00389930582605, 0.0112424865365, -0.00273284083232, -0.00190362147987, 0.000747633283027], [0.000299818755593, -0.00137587322388, 0.000254784157733, 7.4413670518e-05, 0.000822056666948, -0.000907767855097, 0.00139249954373, -0.00222188513726, -0.000460322800791, -0.00273284083232, 0.0131246522069, -0.00388948782347, -0.000239461689489], [-0.00027618886088, 0.00236381613649, -0.000711510772817, 0.000402057921747, -0.000323658226989, 0.00122854823712, -0.00153128162492, 0.000825870141853, -0.000198851586902, -0.00190362147987, -0.00388948782347, 0.0177340451628, -0.00600816635415], [0.000208353550988, -0.000828556076158, 0.000841672823299, 0.000627083471045, 0.000433566456195, 0.00015220430214, 0.000701385259163, -0.00153176055755, -0.00117238948587, 0.000747633283027, -0.000239461689489, -0.00600816635415, 0.0172149520367]]}, "melbands": {"dmean": [0.00130337290466, 0.00152822106611, 0.00145160302054, 0.00083274586359, 0.00046120636398, 0.000218996574404, 0.000190515973372, 0.000215129592107, 0.000149436469655, 9.69016837189e-05, 7.00660966686e-05, 7.04719786881e-05, 4.39456598542e-05, 4.10228894907e-05, 3.29034264723e-05, 3.41779959854e-05, 2.13557814277e-05, 1.89030197362e-05, 1.9549857825e-05, 1.58868406288e-05, 1.22878718685e-05, 9.16530188988e-06, 8.2279830167e-06, 7.85564589023e-06, 5.39253369425e-06, 2.39727137341e-06, 2.20429410547e-06, 1.9173542114e-06, 1.73374564838e-06, 1.694544153e-06, 1.86837837646e-06, 1.7308510678e-06, 1.62514345448e-06, 1.62117112268e-06, 2.00629324354e-06, 2.19816706704e-06, 2.21577965931e-06, 2.34522258324e-06, 1.80320284926e-06, 1.40164195273e-06], "dmean2": [0.00223357486539, 0.00227628368884, 0.00192117062397, 0.00128673191648, 0.000779149413574, 0.000357439683285, 0.000306871370412, 0.000326787558151, 0.000222656148253, 0.000148743783939, 0.00010817036673, 0.000110964872874, 7.0242829679e-05, 6.58563658362e-05, 5.30453544343e-05, 5.49391697859e-05, 3.41428021784e-05, 3.03688102576e-05, 3.17344492942e-05, 2.52505451499e-05, 1.94011790882e-05, 1.43884117279e-05, 1.28452084027e-05, 1.24786565721e-05, 8.54220252222e-06, 3.70869906874e-06, 3.39311395692e-06, 2.93605990009e-06, 2.6524551231e-06, 2.51955248132e-06, 2.8926331197e-06, 2.66019969786e-06, 2.47810112342e-06, 2.43085469265e-06, 3.00893339045e-06, 3.33219804816e-06, 3.41964732797e-06, 3.53814880327e-06, 2.7409496397e-06, 2.05810670195e-06], "dvar": [3.81431891583e-06, 9.79449760052e-06, 8.84294058778e-06, 3.27191833094e-06, 1.3518713331e-06, 1.43993801771e-07, 2.30097640497e-07, 2.34548494404e-07, 1.82036274055e-07, 5.52204362236e-08, 2.61044554861e-08, 4.26290007738e-08, 1.01204378211e-08, 1.19742118443e-08, 8.17761591776e-09, 8.09229661058e-09, 2.5817665783e-09, 2.38914776851e-09, 3.96946786552e-09, 1.69352809554e-09, 1.36174371779e-09, 8.8086216099e-10, 5.24601639906e-10, 3.81715936637e-10, 1.68953698254e-10, 3.43773620681e-11, 2.83846487981e-11, 1.98060109979e-11, 2.18262352636e-11, 1.48512955406e-11, 2.62637984277e-11, 2.10459913386e-11, 2.30947812957e-11, 3.49162330993e-11, 9.07362032732e-11, 1.18327528331e-10, 1.31428146144e-10, 1.23366442062e-10, 7.35644115069e-11, 3.07226188934e-11], "dvar2": [1.1511786397e-05, 1.99195874302e-05, 1.77339625225e-05, 7.43971122574e-06, 3.69904773834e-06, 3.62789535302e-07, 5.8324786778e-07, 5.18472404565e-07, 3.4714221897e-07, 1.14764489467e-07, 5.87154254106e-08, 1.03071378987e-07, 2.44422224682e-08, 2.84831784825e-08, 2.07979127254e-08, 2.06535872849e-08, 6.14477002614e-09, 5.76660896812e-09, 9.26030363502e-09, 3.99279365126e-09, 3.2688032281e-09, 2.27148788667e-09, 1.26819754698e-09, 9.51043577224e-10, 4.05098732337e-10, 8.44438199921e-11, 6.57330440079e-11, 4.44834030722e-11, 5.39501290864e-11, 3.17118657722e-11, 6.40930988838e-11, 5.03725637591e-11, 5.38992982191e-11, 7.15116854622e-11, 1.92371715779e-10, 2.74508360487e-10, 2.94527346956e-10, 2.64251065474e-10, 1.56445231769e-10, 6.81735709551e-11], "max": [0.029673371464, 0.0391186513007, 0.0468479283154, 0.0177488289773, 0.0135890515521, 0.00641553290188, 0.0113861579448, 0.0104984594509, 0.0158377662301, 0.00958311464638, 0.00426301499829, 0.00807282794267, 0.00282299844548, 0.00368058844469, 0.00270472024567, 0.00220614578575, 0.00147857435513, 0.00101118884049, 0.00169012218248, 0.00125973997638, 0.000877068552654, 0.0013805325143, 0.000822843809146, 0.000538253691047, 0.000306609319523, 0.000184382966836, 0.000175155233592, 0.000128985120682, 0.000177058711415, 8.95468547242e-05, 0.000135917885927, 0.000118750547699, 0.000128105821204, 0.000232121659792, 0.000364556559362, 0.000300290557789, 0.000492199033033, 0.000345704203937, 0.000277795857983, 0.000156955240527], "mean": [0.00219937274233, 0.00235367007554, 0.0021281959489, 0.00102506461553, 0.000495908490848, 0.000323128537275, 0.000285158719635, 0.00034713302739, 0.000232620237512, 0.000143694414874, 0.000100489894976, 0.000104211758298, 6.40857469989e-05, 6.04025663051e-05, 4.3772153731e-05, 4.53737084172e-05, 3.09016904794e-05, 2.67213235929e-05, 2.58385152847e-05, 2.26995489356e-05, 1.79942380782e-05, 1.35644513648e-05, 1.2186415006e-05, 1.21239818327e-05, 8.14095892565e-06, 3.95687084165e-06, 3.57806584361e-06, 3.01841510009e-06, 2.56853422798e-06, 2.53201187661e-06, 2.49754839388e-06, 2.44669604399e-06, 2.11928909266e-06, 2.10078474083e-06, 2.6080851967e-06, 2.74679337053e-06, 2.72732154372e-06, 3.01048271467e-06, 2.59120429291e-06, 1.96491396309e-06], "median": [0.0016934806481, 0.000658211531118, 0.000474742380902, 0.000342195562553, 0.000179725830094, 0.000159926523338, 0.000145686470205, 0.000153893925017, 7.63726129662e-05, 5.94366138102e-05, 3.76636671717e-05, 3.92266956624e-05, 3.01145610138e-05, 2.23785209528e-05, 1.76987450686e-05, 1.97255976673e-05, 1.28792589749e-05, 1.06781026261e-05, 8.63091554493e-06, 6.62967704557e-06, 4.91424134452e-06, 4.21154391006e-06, 4.25564667239e-06, 4.11443852499e-06, 3.26555664287e-06, 2.20735728362e-06, 1.88380113286e-06, 1.42675207826e-06, 1.17747299555e-06, 1.03176466837e-06, 8.59852207213e-07, 8.80028210304e-07, 6.49091418836e-07, 5.83206883675e-07, 5.70006591261e-07, 5.28134592059e-07, 5.61546812605e-07, 5.75649892198e-07, 6.2984872784e-07, 5.99354109454e-07], "min": [4.26595565768e-25, 1.50819940026e-24, 1.85092761332e-24, 9.84469024647e-25, 1.79056614622e-24, 1.01668541376e-24, 2.08295645466e-24, 7.16968756877e-25, 2.27927021017e-24, 2.25175276964e-24, 2.82766047628e-24, 3.00023957652e-24, 2.48074134106e-24, 2.08893937298e-24, 2.05456219524e-24, 2.53555672156e-24, 4.13721848832e-24, 3.28926716814e-24, 3.2899493356e-24, 4.36504270104e-24, 3.73841064655e-24, 4.82631176043e-24, 5.13030719887e-24, 3.9567839112e-24, 3.76748845395e-24, 3.85068724704e-24, 5.81386266742e-24, 2.49482112771e-24, 4.83355113696e-24, 4.71691410782e-24, 5.36773145437e-24, 5.97165417556e-24, 6.05260589836e-24, 5.68957289864e-24, 4.94999568404e-24, 6.10371422426e-24, 5.8580582052e-24, 6.42254419201e-24, 4.73056574021e-24, 6.19309808127e-24], "var": [5.5368905123e-06, 1.84892669495e-05, 1.6986979972e-05, 3.68570454157e-06, 1.04583455141e-06, 2.26704031547e-07, 2.75340227063e-07, 3.91130981825e-07, 4.44346540007e-07, 9.28197607664e-08, 4.45012489081e-08, 6.41516209043e-08, 1.659165072e-08, 2.28806076308e-08, 9.92906024067e-09, 9.73537161997e-09, 4.09072065111e-09, 3.427572004e-09, 5.09571451701e-09, 3.05499714415e-09, 2.08970996063e-09, 1.0177824139e-09, 6.66637633984e-10, 5.38361133451e-10, 2.32045771487e-10, 4.55540882793e-11, 4.09384678934e-11, 2.79669499365e-11, 2.77486887634e-11, 2.16611988763e-11, 2.91637963779e-11, 2.65569580216e-11, 2.95708214859e-11, 5.16411947926e-11, 1.29454919007e-10, 1.53554030602e-10, 1.7805266983e-10, 2.06256234314e-10, 1.37456213078e-10, 4.81634489236e-11]}, "mfcc": {"mean": [-668.077758789, 120.374458313, 15.1548595428, 15.0340881348, 10.4060602188, 0.915253937244, 1.02777159214, 1.1593490839, 0.0108922477812, 1.39240396023, 3.25736236572, 1.58740019798, -0.456134527922], "cov": [[14616.4375, 895.681335449, 655.36907959, -370.146881104, 189.171951294, 310.238464355, 454.368896484, 465.716278076, 332.841583252, 41.6213035583, 155.089279175, 148.191848755, -41.5654220581], [895.681335449, 1014.78088379, -122.017913818, 119.82359314, 61.1897773743, -12.5435171127, 99.7239532471, -13.2977142334, 34.5737380981, 21.4294471741, 31.9775218964, 8.39400577545, 1.57380414009], [655.36907959, -122.017913818, 564.061706543, -37.7852325439, 59.2653236389, 108.605270386, 38.1748275757, 47.3122825623, 12.4003353119, -9.11524105072, 21.5804386139, 28.9410266876, 13.1025323868], [-370.146881104, 119.82359314, -37.7852325439, 412.722564697, 26.7031059265, 21.8832015991, -44.8913345337, -54.2080154419, -10.3819589615, -16.0752468109, -0.612633883953, 9.19554424286, 8.50269126892], [189.171951294, 61.1897773743, 59.2653236389, 26.7031059265, 255.566940308, -47.254447937, -13.4538097382, 50.9936485291, 21.3164043427, 22.4191989899, -8.05249500275, 14.8598642349, 9.48923683167], [310.238464355, -12.5435171127, 108.605270386, 21.8832015991, -47.254447937, 268.269683838, 79.7739486694, 20.5604000092, 33.4335594177, 17.3434123993, 30.0065517426, 1.95484018326, -2.05438375473], [454.368896484, 99.7239532471, 38.1748275757, -44.8913345337, -13.4538097382, 79.7739486694, 172.282669067, 57.5958862305, 37.7299346924, 16.6082019806, 39.0387382507, 15.2721071243, -0.308881342411], [465.716278076, -13.2977142334, 47.3122825623, -54.2080154419, 50.9936485291, 20.5604000092, 57.5958862305, 133.621047974, 48.2458648682, 12.7956895828, 6.77047014236, 11.0601701736, 5.39105987549], [332.841583252, 34.5737380981, 12.4003353119, -10.3819589615, 21.3164043427, 33.4335594177, 37.7299346924, 48.2458648682, 117.203559875, 34.8497962952, 17.668050766, 11.8792638779, 12.0482702255], [41.6213035583, 21.4294471741, -9.11524105072, -16.0752468109, 22.4191989899, 17.3434123993, 16.6082019806, 12.7956895828, 34.8497962952, 80.5428161621, 31.4045543671, 6.84152650833, 7.34613370895], [155.089279175, 31.9775218964, 21.5804386139, -0.612633883953, -8.05249500275, 30.0065517426, 39.0387382507, 6.77047014236, 17.668050766, 31.4045543671, 84.6922302246, 35.340423584, 13.0320863724], [148.191848755, 8.39400577545, 28.9410266876, 9.19554424286, 14.8598642349, 1.95484018326, 15.2721071243, 11.0601701736, 11.8792638779, 6.84152650833, 35.340423584, 79.8124389648, 33.2851371765], [-41.5654220581, 1.57380414009, 13.1025323868, 8.50269126892, 9.48923683167, -2.05438375473, -0.308881342411, 5.39105987549, 12.0482702255, 7.34613370895, 13.0320863724, 33.2851371765, 66.6300964355]], "icov": [[9.41898397286e-05, -0.000100364042737, -8.87761125341e-05, 7.80502305133e-05, 4.28453631685e-06, -4.43985700258e-05, -1.15332750283e-05, -0.000215114021557, -0.000145286947372, 0.000105566366983, -4.62675998278e-05, -0.000152426684508, 0.000183824871783], [-0.000100364042737, 0.00132983771618, 0.000367992703104, -0.000450879044365, -0.000448252423666, 0.000287750037387, -0.00109991559293, 0.000814673141576, -0.000131825057906, -7.74253203417e-05, -0.000165472316439, 0.000323619198753, -0.000204077761737], [-8.87761125341e-05, 0.000367992703104, 0.0022986875847, 0.000174421642441, -0.00083377759438, -0.000991492182948, -5.43286732864e-05, -1.4937704691e-05, 0.000264015514404, 0.00081704830518, -0.000439861702034, -0.00030458564288, -0.00034886150388], [7.80502305133e-05, -0.000450879044365, 0.000174421642441, 0.00299295061268, -0.000632975483313, -0.000871804368217, 0.000952356145717, 0.000890775583684, -0.000353564275429, 0.00106305419467, -0.000346716697095, -0.000520952919032, -8.64985777298e-05], [4.28453631685e-06, -0.000448252423666, -0.00083377759438, -0.000632975483313, 0.00530660664663, 0.00120012753177, 0.000906889268663, -0.00243836524896, 6.32142255199e-05, -0.00213627074845, 0.00137184502091, -0.000942000246141, 0.000167099060491], [-4.43985700258e-05, 0.000287750037387, -0.000991492182948, -0.000871804368217, 0.00120012753177, 0.00531937088817, -0.00220350711606, 0.000170928833541, -0.000776478729676, -0.000982155906968, -0.000412506196881, 0.000885484216269, 0.000127805411466], [-1.15332750283e-05, -0.00109991559293, -5.43286732864e-05, 0.000952356145717, 0.000906889268663, -0.00220350711606, 0.00980146974325, -0.00360593688674, -0.000536287494469, 0.000598825863563, -0.00295279594138, -0.000481830298668, 0.000897219986655], [-0.000215114021557, 0.000814673141576, -1.4937704691e-05, 0.000890775583684, -0.00243836524896, 0.000170928833541, -0.00360593688674, 0.0122580621392, -0.00330477533862, 0.000563425535802, 0.00112153298687, -0.000181234485353, -0.000513518054504], [-0.000145286947372, -0.000131825057906, 0.000264015514404, -0.000353564275429, 6.32142255199e-05, -0.000776478729676, -0.000536287494469, -0.00330477533862, 0.0120837464929, -0.00439645815641, 0.000462774361949, -0.000177711903234, -0.0015643973602], [0.000105566366983, -7.74253203417e-05, 0.00081704830518, 0.00106305419467, -0.00213627074845, -0.000982155906968, 0.000598825863563, 0.000563425535802, -0.00439645815641, 0.0178132336587, -0.00702335173264, 0.00224009226076, -0.00091181974858], [-4.62675998278e-05, -0.000165472316439, -0.000439861702034, -0.000346716697095, 0.00137184502091, -0.000412506196881, -0.00295279594138, 0.00112153298687, 0.000462774361949, -0.00702335173264, 0.0192765258253, -0.00778708327562, 0.000603701977525], [-0.000152426684508, 0.000323619198753, -0.00030458564288, -0.000520952919032, -0.000942000246141, 0.000885484216269, -0.000481830298668, -0.000181234485353, -0.000177711903234, 0.00224009226076, -0.00778708327562, 0.0200518518686, -0.00851116888225], [0.000183824871783, -0.000204077761737, -0.00034886150388, -8.64985777298e-05, 0.000167099060491, 0.000127805411466, 0.000897219986655, -0.000513518054504, -0.0015643973602, -0.00091181974858, 0.000603701977525, -0.00851116888225, 0.019750315696]]}, "spectral_contrast_coeffs": {"dmean": [0.0599072873592, 0.0484929122031, 0.0409440211952, 0.0322042144835, 0.024911288172, 0.0199875216931], "dmean2": [0.093125000596, 0.0780365094543, 0.0656737238169, 0.0520564503968, 0.0385453514755, 0.0296310149133], "dvar": [0.00279311649501, 0.00165401946288, 0.00115648866631, 0.000773659790866, 0.000498676148709, 0.000357401295332], "dvar2": [0.00626521278173, 0.00409853644669, 0.00276292534545, 0.00183687207755, 0.00104955025017, 0.000728923245333], "max": [-0.18545114994, -0.417541652918, -0.436239272356, -0.528739154339, -0.594988405704, -0.618388533592], "mean": [-0.637055873871, -0.739624261856, -0.773728847504, -0.791244029999, -0.796993494034, -0.799995243549], "median": [-0.650943100452, -0.745797276497, -0.780780792236, -0.798075556755, -0.801607549191, -0.802693486214], "min": [-0.976496398449, -0.988953590393, -0.975582361221, -0.972185611725, -0.966837584972, -0.96412807703], "var": [0.0112439580262, 0.00579178472981, 0.00487940851599, 0.00320880091749, 0.00241655972786, 0.00166259077378]}, "spectral_contrast_valleys": {"dmean": [0.462391078472, 0.400593727827, 0.396307766438, 0.325621038675, 0.32020097971, 0.392832845449], "dmean2": [0.771668195724, 0.645224988461, 0.609774947166, 0.507914602757, 0.468888044357, 0.513458073139], "dvar": [0.225119486451, 0.154948890209, 0.141928315163, 0.11751152575, 0.135103672743, 0.194964319468], "dvar2": [0.53017103672, 0.355304569006, 0.281413376331, 0.231107443571, 0.255755841732, 0.355520129204], 