{"lowlevel": {"average_loudness": 0.939245820045, "barkbands_crest": {"dmean": 2.41467213631, "dmean2": 3.83730626106, "dvar": 5.50230264664, "dvar2": 13.7581510544, "max": 26.1358909607, "mean": 12.2055969238, "median": 11.3325195312, "min": 3.63785982132, "var": 20.2742824554}, "barkbands_flatness_db": {"dmean": 0.0291281268001, "dmean2": 0.0424910224974, "dvar": 0.000869431125466, "dvar2": 0.00181139889173, "max": 0.70491784811, "mean": 0.254285514355, "median": 0.247068583965, "min": 0.0439142696559, "var": 0.00649613654241}, "barkbands_kurtosis": {"dmean": 8.34731483459, "dmean2": 13.1553983688, "dvar": 275.68258667, "dvar2": 703.387695312, "max": 447.971069336, "mean": 15.9654045105, "median": 8.86605834961, "min": -1.91531097889, "var": 531.627868652}, "barkbands_skewness": {"dmean": 0.797670304775, "dmean2": 1.22632074356, "dvar": 0.852124452591, "dvar2": 2.00290513039, "max": 17.2452259064, "mean": 2.36368513107, "median": 2.04963493347, "min": -6.03485774994, "var": 2.94088673592}, "barkbands_spread": {"dmean": 2.42833375931, "dmean2": 3.75236725807, "dvar": 19.6727638245, "dvar2": 43.593952179, "max": 97.4769058228, "mean": 7.12193536758, "median": 5.18886613846, "min": 0.137932598591, "var": 61.1728172302}, "dissonance": {"dmean": 0.0378743298352, "dmean2": 0.0626130849123, "dvar": 0.00109707086813, "dvar2": 0.00291005824693, "max": 0.500000059605, "mean": 0.403273373842, "median": 0.409897565842, "min": 0.187398672104, "var": 0.00290823006071}, "dynamic_complexity": 4.15363645554, "erbbands_crest": {"dmean": 3.1871201992, "dmean2": 5.06650590897, "dvar": 8.59939289093, "dvar2": 21.0176429749, "max": 31.3331623077, "mean": 12.5295372009, "median": 11.7077760696, "min": 2.15791416168, "var": 23.7868995667}, "erbbands_flatness_db": {"dmean": 0.0250185765326, "dmean2": 0.0366072431207, "dvar": 0.000539690256119, "dvar2": 0.00112594279926, "max": 0.442163586617, "mean": 0.224394232035, "median": 0.223892956972, "min": 0.0507789701223, "var": 0.00329560320824}, "erbbands_kurtosis": {"dmean": 3.53183245659, "dmean2": 5.47898387909, "dvar": 34.914024353, "dvar2": 83.3027954102, "max": 127.007766724, "mean": 5.90256643295, "median": 2.98718714714, "min": -1.92101216316, "var": 87.8833084106}, "erbbands_skewness": {"dmean": 0.564774513245, "dmean2": 0.857172369957, "dvar": 0.357345819473, "dvar2": 0.821995556355, "max": 9.43556022644, "mean": 1.53675580025, "median": 1.36186170578, "min": -3.81927442551, "var": 1.5982183218}, "erbbands_spread": {"dmean": 7.88125562668, "dmean2": 12.1793327332, "dvar": 126.880439758, "dvar2": 284.074798584, "max": 162.685745239, "mean": 22.5621623993, "median": 17.4251022339, "min": 1.15084517002, "var": 330.30456543}, "hfc": {"dmean": 3.04130768776, "dmean2": 4.46387529373, "dvar": 14.9497013092, "dvar2": 33.1650428772, "max": 74.1752929688, "mean": 10.6560411453, "median": 9.00653553009, "min": 1.1032666342e-16, "var": 73.5255813599}, "melbands_crest": {"dmean": 3.00065755844, "dmean2": 4.81051111221, "dvar": 8.3473110199, "dvar2": 21.4405136108, "max": 33.1471977234, "mean": 15.8785257339, "median": 15.2664756775, "min": 1.68900227547, "var": 27.9688053131}, "melbands_flatness_db": {"dmean": 0.0333384312689, "dmean2": 0.0481359623373, "dvar": 0.00122288346756, "dvar2": 0.00251928064972, "max": 0.851635873318, "mean": 0.342105269432, "median": 0.335484564304, "min": 0.0038272626698, "var": 0.00924221426249}, "melbands_kurtosis": {"dmean": 13.5450592041, "dmean2": 21.194355011, "dvar": 618.237915039, "dvar2": 1455.29052734, "max": 518.438964844, "mean": 25.1573085785, "median": 12.5827541351, "min": -1.88820314407, "var": 1323.91174316}, "melbands_skewness": {"dmean": 0.931672930717, "dmean2": 1.42199707031, "dvar": 1.1844073534, "dvar2": 2.77886819839, "max": 17.3277721405, "mean": 2.81017708778, "median": 2.33445549011, "min": -4.59452676773, "var": 3.88428592682}, "melbands_spread": {"dmean": 2.56515479088, "dmean2": 3.95574879646, "dvar": 34.9776992798, "dvar2": 77.2286682129, "max": 223.301132202, "mean": 8.25897121429, "median": 5.60315513611, "min": 0.302674025297, "var": 175.451400757}, "pitch_salience": {"dmean": 0.0708218216896, "dmean2": 0.112388074398, "dvar": 0.00435337191448, "dvar2": 0.0109591921791, "max": 0.957980871201, "mean": 0.52139544487, "median": 0.528913021088, "min": 0.0837797150016, "var": 0.0149488598108}, "silence_rate_20dB": {"dmean": 0, "dmean2": 0, "dvar": 0, "dvar2": 0, "max": 1, "mean": 1, "median": 1, "min": 1, "var": 0}, "silence_rate_30dB": {"dmean": 0.00597999803722, "dmean2": 0.0119612291455, "dvar": 0.00594379333779, "dvar2": 0.0149121889845, "max": 1, "mean": 0.995051562786, "median": 1, "min": 0, "var": 0.00492354063317}, "silence_rate_60dB": {"dmean": 0.0261882673949, "dmean2": 0.0523819327354, "dvar": 0.0255031324923, "dvar2": 0.0574771426618, "max": 1, "mean": 0.0950515493751, "median": 0, "min": 0, "var": 0.0860148444772}, "spectral_centroid": {"dmean": 98.0006713867, "dmean2": 149.680725098, "dvar": 44973.6914062, "dvar2": 86710.8984375, "max": 11222.3173828, "mean": 492.255706787, "median": 410.727020264, "min": 91.5191421509, "var": 216953.65625}, "spectral_complexity": {"dmean": 1.67130637169, "dmean2": 2.72509789467, "dvar": 4.64678525925, "dvar2": 10.9283866882, "max": 32, "mean": 8.7076292038, "median": 9, "min": 0, "var": 19.3524589539}, "spectral_decrease": {"dmean": 2.22303264685e-09, "dmean2": 3.26783489157e-09, "dvar": 9.03689690694e-18, "dvar2": 1.96818279616e-17, "max": 3.979181805e-19, "mean": -8.26436163948e-09, "median": -7.60806173616e-09, "min": -4.96632956981e-08, "var": 3.67616435011e-17}, "spectral_energy": {"dmean": 0.00863097608089, "dmean2": 0.0126813612878, "dvar": 0.000134626563522, "dvar2": 0.000293329445412, "max": 0.190851792693, "mean": 0.0321581810713, "median": 0.0296208709478, "min": 1.0552782514e-20, "var": 0.000552942685317}, "spectral_energyband_high": {"dmean": 5.17714797752e-05, "dmean2": 8.10248602647e-05, "dvar": 1.52283856636e-08, "dvar2": 3.7262378072e-08, "max": 0.0015517778229, "mean": 8.20003406261e-05, "median": 3.41887243849e-05, "min": 7.29439448878e-21, "var": 2.05254888641e-08}, "spectral_energyband_low": {"dmean": 0.00261178868823, "dmean2": 0.00397733459249, "dvar": 2.35615225392e-05, "dvar2": 5.37197411177e-05, "max": 0.0786345750093, "mean": 0.0103352675214, "median": 0.00752357020974, "min": 5.12836644327e-23, "var": 0.000109693319246}, "spectral_energyband_middle_high": {"dmean": 0.000755231652874, "dmean2": 0.0011169181671, "dvar": 2.2206088488e-06, "dvar2": 4.84637530462e-06, "max": 0.0396866053343, "mean": 0.00182013900485, "median": 0.000684245605953, "min": 1.54749871901e-21, "var": 9.26014490688e-06}, "spectral_energyband_middle_low": {"dmean": 0.00776049122214, "dmean2": 0.0115947192535, "dvar": 0.000120046679513, "dvar2": 0.000273214944173, "max": 0.181470066309, "mean": 0.0221399776638, "median": 0.0183981470764, "min": 3.15770241365e-22, "var": 0.000378094176995}, "spectral_entropy": {"dmean": 0.307231962681, "dmean2": 0.453432619572, "dvar": 0.101159363985, "dvar2": 0.211345821619, "max": 9.80929374695, "mean": 6.43063688278, "median": 6.39277553558, "min": 3.76555156708, "var": 0.494108170271}, "spectral_flux": {"dmean": 0.0246696732938, "dmean2": 0.0385058224201, "dvar": 0.000722413649783, "dvar2": 0.0016607438447, "max": 0.309190183878, "mean": 0.0679772794247, "median": 0.0619719736278, "min": 6.6194383308e-11, "var": 0.00189925474115}, "spectral_kurtosis": {"dmean": 6.15566778183, "dmean2": 9.75856208801, "dvar": 58.3830680847, "dvar2": 139.015823364, "max": 176.682098389, "mean": 15.9494504929, "median": 11.4133377075, "min": -1.22095501423, "var": 329.665802002}, "spectral_rms": {"dmean": 0.00074171385495, "dmean2": 0.00105834088754, "dvar": 7.15153873898e-07, "dvar2": 1.41405871545e-06, "max": 0.0136453974992, "mean": 0.00510528916493, "median": 0.00537572428584, "min": 3.20864428777e-12, "var": 5.3097764976e-06}, "spectral_rolloff": {"dmean": 151.009567261, "dmean2": 259.830291748, "dvar": 272862.875, "dvar2": 666482.375, "max": 19422.9492188, "mean": 677.328063965, "median": 430.6640625, "min": 64.599609375, "var": 2854625.75}, "spectral_skewness": {"dmean": 0.576152205467, "dmean2": 0.882792651653, "dvar": 0.349307537079, "dvar2": 0.809210240841, "max": 11.07351017, "mean": 3.0182287693, "median": 2.84717345238, "min": -0.0138904340565, "var": 1.75905227661}, "spectral_spread": {"dmean": 710230.375, "dmean2": 1048820.375, "dvar": 984771133440, "dvar2": 1816930549760.0, "max": 40911672, "mean": 3594599.25, "median": 3199980, "min": 490526.625, "var": 3536739631100.0}, "spectral_strongpeak": {"dmean": 0.387656539679, "dmean2": 0.63155400753, "dvar": 0.345429897308, "dvar2": 0.82325643301, "max": 7.85666418076, "mean": 0.984632432461, "median": 0.733792364597, "min": 0, "var": 0.803905069828}, "zerocrossingrate": {"dmean": 0.00514293694869, "dmean2": 0.0062795849517, "dvar": 7.00109812897e-05, "dvar2": 8.35982355056e-05, "max": 0.5302734375, "mean": 0.0283755846322, "median": 0.02099609375, "min": 0.0029296875, "var": 0.00205738213845}, "barkbands": {"dmean": [2.04480802495e-05, 0.00096165924333, 0.00132338912226, 0.00200435100123, 0.00424266513437, 0.00202656863257, 0.000823035545181, 0.00144565559458, 0.000996039365418, 0.000250157376286, 0.000211428457987, 0.000269848649623, 0.000117499948828, 0.000152355249156, 6.7605447839e-05, 3.90621898987e-05, 3.15845136356e-05, 1.91227991309e-05, 8.78774608282e-06, 1.20773047456e-05, 7.9535657278e-06, 1.64093162311e-05, 1.56951628014e-05, 9.69841948972e-06, 3.83210954169e-06, 1.68281053448e-06, 2.4322142167e-07], "dmean2": [3.45396147168e-05, 0.00150118453894, 0.00208303937688, 0.00303491065279, 0.00666084792465, 0.00306804291904, 0.00121867645066, 0.00224048108794, 0.00144572497811, 0.000392612128053, 0.000330535549438, 0.000397595460527, 0.000185241588042, 0.000235871324548, 0.00010567985737, 6.26154505881e-05, 5.23535418324e-05, 3.14341486956e-05, 1.45665153468e-05, 2.05149062822e-05, 1.31699498525e-05, 2.69704341918e-05, 2.49208133027e-05, 1.49626648636e-05, 5.64108495382e-06, 2.4772366487e-06, 3.93515108499e-07], "dvar": [1.339587552e-08, 3.74359115085e-06, 7.12797100277e-06, 1.94810163521e-05, 6.03479784331e-05, 1.2979992789e-05, 3.93560367229e-06, 1.34596293719e-05, 7.03211071595e-06, 4.26323822467e-07, 4.78719584862e-07, 6.20996502221e-07, 1.41449689295e-07, 2.20723620714e-07, 3.39098278346e-08, 1.23960992582e-08, 9.12457043256e-09, 2.98368352247e-09, 1.37237143871e-09, 1.61483137973e-09, 5.4125565141e-10, 2.67591038217e-09, 1.59261670518e-09, 5.14529419071e-10, 1.36932243322e-10, 4.24771259833e-11, 1.81234142277e-11], "dvar2": [3.13259747031e-08, 8.09453922557e-06, 1.75539862539e-05, 4.59066286567e-05, 0.000146177349961, 2.93897428492e-05, 8.23443224363e-06, 3.29411850544e-05, 1.5136312868e-05, 1.0134783679e-06, 1.20291326766e-06, 1.20524168779e-06, 3.3393584431e-07, 5.08140487909e-07, 7.68988002164e-08, 2.94179649529e-08, 2.25090328598e-08, 7.61405338778e-09, 3.56923690603e-09, 4.33946967249e-09, 1.39210620809e-09, 6.84196610479e-09, 3.95981158974e-09, 1.23947163644e-09, 2.82836226662e-10, 8.03477076539e-11, 5.10584144409e-11], "max": [0.00274117477238, 0.0288581196219, 0.0382857136428, 0.0679013803601, 0.147537440062, 0.10153748095, 0.0529377311468, 0.0902155861259, 0.0902842357755, 0.0161209274083, 0.0204121693969, 0.0284664854407, 0.0119251590222, 0.0170381963253, 0.0043298532255, 0.00295191141777, 0.0038836079184, 0.00290994159877, 0.0016202358529, 0.00149881222751, 0.000365988962585, 0.00123330485076, 0.000504064548295, 0.000396393210394, 0.000260338711087, 0.000230017132708, 0.000319559447234], "mean": [1.8422573703e-05, 0.00457885023206, 0.00356766209006, 0.0042801653035, 0.00809736922383, 0.00418248353526, 0.00159722741228, 0.00227783387527, 0.00159627350513, 0.000402092409786, 0.000335673306836, 0.000500391761307, 0.0001684644958, 0.000234554361668, 0.000100646728242, 5.76166276005e-05, 3.86322135455e-05, 2.52193767665e-05, 1.0580023627e-05, 1.40986876431e-05, 8.84891960595e-06, 1.83479351108e-05, 2.28441695072e-05, 1.54565404955e-05, 5.78648996452e-06, 2.40259601014e-06, 2.7906833111e-07], "median": [2.46302170126e-06, 0.00230674399063, 0.0014861933887, 0.00142302177846, 0.0038113440387, 0.00173450284638, 0.00028063490754, 0.000361423240975, 0.00019832275575, 7.59967369959e-05, 5.44414942851e-05, 6.66647974867e-05, 2.21536902245e-05, 3.91420326196e-05, 2.10820417124e-05, 1.50233991008e-05, 1.14353333629e-05, 6.8695499067e-06, 3.05210210172e-06, 4.61469335278e-06, 2.28823546422e-06, 3.5824027691e-06, 6.27317785984e-06, 4.83826352138e-06, 1.49700679231e-06, 5.16346517543e-07, 5.97479967723e-08], "min": [2.37506415369e-24, 7.74022431594e-24, 1.00638732768e-23, 5.43154399072e-24, 1.17809378999e-23, 2.76580218506e-23, 4.52116284958e-23, 4.86253167781e-23, 4.03133386998e-23, 1.99858730753e-23, 2.0769167778e-23, 8.16218096543e-23, 3.95436565809e-23, 8.08341667503e-23, 8.89468817194e-23, 7.99810294585e-23, 1.68402504572e-22, 1.39983077331e-22, 3.07088984875e-22, 2.54868437677e-22, 4.41649874105e-22, 4.64177772561e-22, 4.41622813021e-22, 7.22680953123e-22, 9.12000754618e-22, 1.44609780619e-21, 1.9974921414e-21], "var": [1.17010170442e-08, 2.74318299489e-05, 2.33317787206e-05, 4.45706791652e-05, 0.000137917464599, 3.97825533582e-05, 1.54765493789e-05, 2.77942963294e-05, 1.51994699991e-05, 8.73600072282e-07, 9.6435053365e-07, 2.28949215852e-06, 3.24658742556e-07, 4.61758759229e-07, 6.4748320483e-08, 2.37291075678e-08, 1.21592327318e-08, 4.19139389862e-09, 1.59457580473e-09, 1.59557733692e-09, 5.26864440964e-10, 2.87949175615e-09, 2.11568051967e-09, 8.11735068051e-10, 2.29620031322e-10, 7.72724870202e-11, 1.14902263051e-11]}, "erbbands": {"dmean": [0.0110079078004, 0.277011334896, 1.37490928173, 3.82186031342, 13.3749427795, 11.8717823029, 21.2041568756, 11.8355026245, 10.1651248932, 15.5273180008, 36.725025177, 19.4674701691, 8.61950492859, 9.95105266571, 7.10334682465, 8.25873851776, 4.85779523849, 7.56334257126, 4.53800439835, 2.6673874855, 1.99664270878, 1.72125935555, 1.25773286819, 0.520611047745, 0.478166431189, 0.579226851463, 0.334330618382, 0.343457818031, 0.551783919334, 0.627656817436, 0.420325368643, 0.276326656342, 0.115056082606, 0.051991507411, 0.0236950423568, 0.00866392906755, 0.00299521279521, 0.000609188224189, 3.53235227522e-05, 9.92039349512e-06], "dmean2": [0.0172331929207, 0.431532412767, 2.16088056564, 5.70207118988, 20.553396225, 18.9786605835, 32.706111908, 17.862203598, 14.9854927063, 23.5101203918, 55.7124671936, 28.4794807434, 13.2546606064, 15.3000469208, 10.8030672073, 12.1169309616, 7.57871961594, 11.6224775314, 7.01735544205, 4.13392925262, 3.18949747086, 2.80553841591, 2.07335829735, 0.859100580215, 0.789929866791, 0.983786940575, 0.547334909439, 0.569942712784, 0.912553369999, 1.0278326273, 0.659418404102, 0.427357763052, 0.177618607879, 0.077672496438, 0.0348360873759, 0.0128950802609, 0.00444941269234, 0.000926956883632, 5.42187517567e-05, 1.46276452142e-05], "dvar": [0.000577458238695, 0.314616590738, 7.67376565933, 62.6214637756, 1073.62597656, 368.602478027, 1425.1965332, 452.765075684, 645.164245605, 1349.58300781, 7459.90966797, 2629.33300781, 500.954986572, 957.690185547, 537.007568359, 544.103759766, 187.788482666, 640.905090332, 116.921386719, 51.77551651, 30.4650611877, 29.2414398193, 13.906329155, 2.01472377777, 4.97221469879, 3.40558338165, 0.814710855484, 1.1145554781, 2.96849346161, 3.5447947979, 0.99054479599, 0.445074617863, 0.0823834016919, 0.0206374078989, 0.00748390424997, 0.00094153964892, 0.000196336841327, 3.97400399379e-05, 9.26060437223e-08, 1.82436302176e-10], "dvar2": [0.00136523880064, 0.677974462509, 18.1906204224, 147.49407959, 2494.29272461, 925.991882324, 3332.69360352, 991.336975098, 1315.30847168, 3130.21435547, 17703.1640625, 5745.61132812, 1146.34875488, 2241.02587891, 1406.75622559, 1058.8458252, 427.636535645, 1486.93310547, 271.454467773, 118.766456604, 73.827545166, 68.907043457, 34.88463974, 5.36546850204, 11.9034452438, 9.37690925598, 2.09337711334, 2.87472653389, 7.74239635468, 8.96035003662, 2.42890238762, 1.11078178883, 0.188556924462, 0.0438449718058, 0.0161306578666, 0.00189805065747, 0.000401396857342, 0.000102326906926, 2.48592385788e-07, 4.07184619355e-10], "max": [0.530722439289, 8.4033498764, 40.3323059082, 135.240447998, 659.705993652, 433.414764404, 1055.23498535, 462.760162354, 900.446472168, 1103.36376953, 2023.70422363, 1488.18151855, 747.79107666, 1084.99804688, 915.019836426, 706.046691895, 371.603302002, 932.87286377, 187.095581055, 224.941375732, 177.195022583, 257.514556885, 205.198074341, 29.0104866028, 138.70715332, 44.5489616394, 18.2251987457, 19.7624492645, 33.7869377136, 30.9391384125, 15.092042923, 10.2825937271, 5.66107940674, 3.11507368088, 2.47805929184, 1.06656205654, 0.553053021431, 0.478530049324, 0.0224089436233, 0.000355887023034], "mean": [0.0510563775897, 1.30312526226, 4.34893226624, 9.96254062653, 23.807718277, 22.2145385742, 40.0391807556, 25.6373233795, 20.3396835327, 29.3327960968, 60.2897224426, 32.3236541748, 14.4497356415, 17.2862110138, 13.5237388611, 15.2388896942, 8.15670967102, 12.4372396469, 7.51723337173, 4.17777585983, 3.03657889366, 2.26238107681, 1.61982476711, 0.689324140549, 0.571923613548, 0.676042079926, 0.419246286154, 0.365697592497, 0.608977079391, 0.758902847767, 0.644099533558, 0.446334511042, 0.173751816154, 0.0800650566816, 0.0332307517529, 0.0122377444059, 0.00407428806648, 0.000763490097597, 5.90762210777e-05, 3.72189824702e-05], "median": [0.0354130864143, 0.668008089066, 2.26550197601, 4.04770326614, 7.97946071625, 12.1546039581, 17.8008422852, 11.1224355698, 6.05104160309, 7.45839452744, 10.192937851, 6.20569086075, 4.03649044037, 4.17190885544, 3.16799426079, 2.48569941521, 1.40276432037, 1.95631039143, 1.95780348778, 1.07789254189, 0.931183338165, 0.697169661522, 0.425933718681, 0.254765301943, 0.158608168364, 0.216554194689, 0.140905842185, 0.0846424996853, 0.124696731567, 0.169530630112, 0.176268592477, 0.126174375415, 0.0566696599126, 0.0229896809906, 0.00686271907762, 0.00254502077587, 0.000779140158556, 0.000137730967253, 2.98949853459e-05, 3.46838314726e-05], "min": [1.55954595031e-22, 2.57604479926e-21, 1.42701531895e-20, 1.57296988401e-20, 1.63209940375e-20, 4.0830216647e-20, 1.80295000498e-19, 2.67157934556e-19, 4.4426557551e-19, 6.36414513626e-19, 7.27926125178e-19, 7.16131408523e-19, 8.16892708781e-19, 1.02944633145e-18, 2.16460220929e-18, 2.73417189572e-18, 2.27520452899e-18, 3.48665272229e-18, 5.4914659711e-18, 3.30666504523e-18, 6.41191037054e-18, 8.31660788187e-18, 8.37128534754e-18, 8.83401514528e-18, 1.353107919e-17, 1.30517396055e-17, 1.30650208174e-17, 2.02013503258e-17, 1.60872087306e-17, 1.51704494208e-17, 1.63021565759e-17, 1.39370420638e-17, 1.12180878098e-17, 7.97336597797e-18, 8.20747628929e-18, 5.11998163955e-18, 2.79026818294e-18, 1.05430693457e-18, 2.40649380863e-19, 3.09384322217e-20], "var": [0.0024950762745, 2.30520200729, 34.5483169556, 189.358718872, 2070.81518555, 811.848022461, 3539.74609375, 1558.43981934, 2305.00561523, 3775.77905273, 15415.4404297, 5910.48583984, 1063.47424316, 2207.49780273, 1443.40185547, 1730.85046387, 465.197052002, 1571.91906738, 237.345306396, 97.8080596924, 54.1668815613, 44.1762809753, 19.2495727539, 2.07156562805, 8.25839424133, 3.16063737869, 0.858168303967, 1.05739450455, 3.0653629303, 4.00230550766, 1.4823539257, 0.668124318123, 0.132609784603, 0.0359888970852, 0.0111061492935, 0.00157671445049, 0.000309288006974, 3.32352283294e-05, 7.30696854134e-08, 7.0482153447e-10]}, "gfcc": {"mean": [-98.8232574463, 140.25227356, -80.9586486816, 14.4945631027, -62.3151855469, 6.65895843506, -43.6067276001, -8.47340869904, -15.3507156372, -10.411567688, -12.3456249237, -5.62750768661, -8.59059238434], "cov": [[20382.1757812, 1620.57116699, -1626.89880371, -96.7001647949, -957.533874512, 891.648498535, -580.675842285, 224.480895996, 20.580247879, -299.855773926, -372.781982422, -298.742919922, -408.0519104], [1620.57116699, 1701.44299316, 236.180633545, 1.27550125122, 413.296600342, 57.7960662842, 328.773803711, -33.0659942627, 67.2614135742, -124.5936203, 138.210739136, -75.928855896, 20.3496761322], [-1626.89880371, 236.180633545, 1189.85571289, 639.468139648, 420.714355469, 80.6730880737, 285.932312012, 30.7569179535, 9.54232025146, 15.4388065338, -19.4914245605, 43.12940979, -37.3261146545], [-96.7001647949, 1.27550125122, 639.468139648, 1028.50292969, 372.225128174, 52.6078910828, 231.871505737, 20.5138645172, 55.5474281311, -10.6640996933, -88.4099578857, 0.640402257442, -59.0219421387], [-957.533874512, 413.296600342, 420.714355469, 372.225128174, 591.592956543, 74.6018753052, 238.341293335, 25.5494194031, 48.4062423706, 13.6480712891, -1.15106880665, -4.00063276291, -21.3758811951], [891.648498535, 57.7960662842, 80.6730880737, 52.6078910828, 74.6018753052, 366.949310303, 90.8547821045, 43.852558136, 45.1394195557, 12.5925264359, -20.5963764191, -25.2788486481, -80.6699371338], [-580.675842285, 328.773803711, 285.932312012, 231.871505737, 238.341293335, 90.8547821045, 343.133422852, 12.4158639908, 30.1880130768, 17.2695827484, 43.1078834534, 16.057144165, -19.716714859], [224.480895996, -33.0659942627, 30.7569179535, 20.5138645172, 25.5494194031, 43.852558136, 12.4158639908, 156.484283447, 52.6927146912, 26.1457366943, -13.1543521881, -2.67741060257, 1.65508329868], [20.580247879, 67.2614135742, 9.54232025146, 55.5474281311, 48.4062423706, 45.1394195557, 30.1880130768, 52.6927146912, 174.304443359, 11.4145088196, 2.19328355789, 2.48969388008, -15.0097789764], [-299.855773926, -124.5936203, 15.4388065338, -10.6640996933, 13.6480712891, 12.5925264359, 17.2695827484, 26.1457366943, 11.4145088196, 149.052719116, 1.2585067749, 5.141040802, 3.4486413002], [-372.781982422, 138.210739136, -19.4914245605, -88.4099578857, -1.15106880665, -20.5963764191, 43.1078834534, -13.1543521881, 2.19328355789, 1.2585067749, 143.767166138, 25.0051307678, 34.2858123779], [-298.742919922, -75.928855896, 43.12940979, 0.640402257442, -4.00063276291, -25.2788486481, 16.057144165, -2.67741060257, 2.48969388008, 5.141040802, 25.0051307678, 127.438804626, 17.2733535767], [-408.0519104, 20.3496761322, -37.3261146545, -59.0219421387, -21.3758811951, -80.6699371338, -19.716714859, 1.65508329868, -15.0097789764, 3.4486413002, 34.2858123779, 17.2733535767, 112.952224731]], "icov": [[0.000251160381595, -0.000742683943827, 0.000472031300887, -0.000618006219156, 0.000758556416258, -0.000698510615621, 0.000792163249571, -0.000618473510258, 0.000517670938279, -0.00024648476392, 0.000580445688684, -0.000437818904174, 0.000633305113297], [-0.000742683943827, 0.00332597736269, -0.0014946477022, 0.00228226697072, -0.00291374023072, 0.00214962707832, -0.00321342446841, 0.00211446010508, -0.0019782925956, 0.00183457159437, -0.00234468071721, 0.0022340696305, -0.00214049872011], [0.000472031300887, -0.0014946477022, 0.00240734010004, -0.00188453344163, 0.000996567192487, -0.00139358558226, 0.00113338360097, -0.00141332461499, 0.00146499380935, -0.000643988489173, 0.00108486495446, -0.00139805034269, 0.0012960183667], [-0.000618006219156, 0.00228226697072, -0.00188453344163, 0.00350050767884, -0.00256514223292, 0.00202995585278, -0.00282746437006, 0.00176696514245, -0.00189561431762, 0.00131975463592, -0.000544301641639, 0.00152061739936, -0.00135202798992], [0.000758556416258, -0.00291374023072, 0.000996567192487, -0.00256514223292, 0.00554752349854, -0.00222099781968, 0.00163547426928, -0.00207178085111, 0.00142157776281, -0.00146251276601, 0.00217828527093, -0.00144195521716, 0.00182658946142], [-0.000698510615621, 0.00214962707832, -0.00139358558226, 0.00202995585278, -0.00222099781968, 0.00560466293246, -0.00316572166048, 0.000930399284698, -0.00188695755787, 0.000696295173839, -0.00142660969868, 0.00177315040492, 0.000595620134845], [0.000792163249571, -0.00321342446841, 0.00113338360097, -0.00282746437006, 0.00163547426928, -0.00316572166048, 0.00822706241161, -0.00205451133661, 0.0019212703919, -0.00200983928517, 0.00028864730848, -0.00242891185917, 0.00245305872522], [-0.000618473510258, 0.00211446010508, -0.00141332461499, 0.00176696514245, -0.00207178085111, 0.000930399284698, -0.00205451133661, 0.00924539193511, -0.00358069618233, -0.000180296206963, -0.000674865732435, 0.00145041046198, -0.00286795478314], [0.000517670938279, -0.0019782925956, 0.00146499380935, -0.00189561431762, 0.00142157776281, -0.00188695755787, 0.0019212703919, -0.00358069618233, 0.00807711109519, -0.00108264817391, 0.000775115040597, -0.00165654462762, 0.00215379637666], [-0.00024648476392, 0.00183457159437, -0.000643988489173, 0.00131975463592, -0.00146251276601, 0.000696295173839, -0.00200983928517, -0.000180296206963, -0.00108264817391, 0.0083270277828, -0.0009800423868, 0.00110035086982, -0.00114073453005], [0.000580445688684, -0.00234468071721, 0.00108486495446, -0.000544301641639, 0.00217828527093, -0.00142660969868, 0.00028864730848, -0.000674865732435, 0.000775115040597, -0.0009800423868, 0.0108190095052, -0.00266999215819, -0.000695734634064], [-0.000437818904174, 0.0022340696305, -0.00139805034269, 0.00152061739936, -0.00144195521716, 0.00177315040492, -0.00242891185917, 0.00145041046198, -0.00165654462762, 0.00110035086982, -0.00266999215819, 0.0100544672459, -0.00208418979309], [0.000633305113297, -0.00214049872011, 0.0012960183667, -0.00135202798992, 0.00182658946142, 0.000595620134845, 0.00245305872522, -0.00286795478314, 0.00215379637666, -0.00114073453005, -0.000695734634064, -0.00208418979309, 0.013340854086]]}, "melbands": {"dmean": [0.000179121008841, 0.000593490898609, 0.000911944720428, 0.00095150701236, 0.00064584746724, 0.000288245588308, 0.000159636329045, 0.000201675109565, 0.00030829757452, 0.0001098405628, 4.18664458266e-05, 3.98163865611e-05, 2.31308331422e-05, 3.20159815601e-05, 1.43583802128e-05, 1.21224884424e-05, 1.53564669745e-05, 8.40670509206e-06, 5.28083637619e-06, 2.91253081741e-06, 2.24368727686e-06, 1.88536046153e-06, 1.58155160079e-06, 8.03236162028e-07, 4.040403212e-07, 3.19899243095e-07, 4.13812188071e-07, 4.05263108405e-07, 2.18886029302e-07, 1.93769380985e-07, 2.03740142979e-07, 2.87322251324e-07, 3.89665984812e-07, 3.52871268205e-07, 2.69932058927e-07, 1.81609763672e-07, 1.82066159482e-07, 9.30898735874e-08, 5.15534956946e-08, 4.51476225294e-08], "dmean2": [0.000277579994872, 0.000930613081437, 0.00134341255762, 0.0015008316841, 0.000994963571429, 0.000432073429693, 0.000234304956393, 0.000307213544147, 0.000462333206087, 0.000160611933097, 6.46570333629e-05, 6.13035008428e-05, 3.57382996299e-05, 4.66213496111e-05, 2.22834732995e-05, 1.89535803656e-05, 2.35955194512e-05, 1.31152755785e-05, 8.24732433102e-06, 4.68024518341e-06, 3.62639502782e-06, 3.07253458232e-06, 2.65691778623e-06, 1.31026160943e-06, 6.72072815178e-07, 5.32932176611e-07, 7.0576396638e-07, 6.89102705564e-07, 3.57844328391e-07, 3.24695321297e-07, 3.38086607599e-07, 4.8120153906e-07, 6.46333546683e-07, 5.7607172721e-07, 4.26933866038e-07, 2.85048116666e-07, 2.85717476345e-07, 1.46181349692e-07, 7.91390135646e-08, 6.84092711367e-08], "dvar": [1.24396535739e-07, 1.37705808356e-06, 3.85644307244e-06, 3.74649403057e-06, 1.17743093142e-06, 2.42359533331e-07, 1.40974137253e-07, 2.49996077173e-07, 5.04955607994e-07, 8.3995182365e-08, 1.27188117816e-08, 1.46108396493e-08, 6.03396443921e-09, 1.04240083232e-08, 2.78683964794e-09, 1.50098178331e-09, 2.81224155074e-09, 4.4562159518e-10, 2.42504211156e-10, 8.4595164207e-11, 4.27258541047e-11, 3.67968225334e-11, 2.40696022141e-11, 5.58436370063e-12, 1.35049176703e-12, 2.32990493218e-12, 4.22144654302e-12, 1.57558222112e-12, 3.70381947768e-13, 4.05240999177e-13, 4.08464684602e-13, 8.56186974617e-13, 1.71505745803e-12, 1.04561845293e-12, 3.64351886335e-13, 2.13951523598e-13, 2.00596253475e-13, 5.57471278341e-14, 2.23637450382e-14, 1.85024962203e-14], "dvar2": [2.69568801059e-07, 3.17373837788e-06, 8.58421390149e-06, 9.10973085411e-06, 2.72896772913e-06, 5.29057842868e-07, 2.95518816529e-07, 6.01289627866e-07, 1.16219598567e-06, 1.85521884077e-07, 2.92342186015e-08, 3.42520252161e-08, 1.68167950676e-08, 1.96897822491e-08, 5.84312065399e-09, 3.39950401163e-09, 6.55892762325e-09, 1.05597375288e-09, 5.48525669331e-10, 1.97679247971e-10, 1.03372178872e-10, 8.84586917604e-11, 6.09327033274e-11, 1.387415096e-11, 3.60793686593e-12, 5.93980810717e-12, 1.06955113169e-11, 4.38338688263e-12, 9.52417723681e-13, 1.07485450661e-12, 1.05588107702e-12, 2.2936114813e-12, 4.40866137e-12, 2.64209075625e-12, 8.8242927505e-13, 5.36329823869e-13, 5.06969141147e-13, 1.32373482293e-13, 4.81615039462e-14, 4.15397832234e-14], "max": [0.00477094203234, 0.0179473441094, 0.0321387797594, 0.0360437780619, 0.0279290564358, 0.0105789992958, 0.0118710678071, 0.012868209742, 0.0156289767474, 0.00807988457382, 0.00361357931979, 0.00428224168718, 0.00324483052827, 0.00412987545133, 0.00201512733474, 0.00124197592959, 0.0017031384632, 0.000371328351321, 0.000478492642287, 0.000283783796476, 0.000279102358036, 0.000277034152532, 0.000190912309336, 0.000127025457914, 2.55092345469e-05, 7.0306872658e-05, 0.000104659266071, 2.1122950784e-05, 1.46083248183e-05, 1.22530564113e-05, 1.72590880538e-05, 2.35990664805e-05, 4.37010421592e-05, 1.85355092981e-05, 1.06709221654e-05, 7.02859642843e-06, 7.12651171852e-06, 4.57445685242e-06, 3.84724853575e-06, 3.09547431243e-06], "mean": [0.000882354332134, 0.00216485722922, 0.00210176501423, 0.00176885433029, 0.00125615857542, 0.000621212646365, 0.000322446663631, 0.000361226033419, 0.000507321383338, 0.000178630070877, 6.63528771838e-05, 6.82567042531e-05, 4.11599103245e-05, 6.03709631832e-05, 2.24064297072e-05, 1.87345631275e-05, 2.39298569795e-05, 1.27024886751e-05, 7.83753330325e-06, 4.22027324021e-06, 3.18846946357e-06, 2.4105124794e-06, 1.8263202719e-06, 1.050936703e-06, 5.04211300267e-07, 3.73700999035e-07, 4.44025801016e-07, 4.63451215182e-07, 2.79809000858e-07, 2.01099211949e-07, 2.0886841412e-07, 3.09813827926e-07, 4.23951320272e-07, 4.24334899662e-07, 4.01864838295e-07, 2.79366787481e-07, 2.7581353379e-07, 1.31284195959e-07, 7.3766308617e-08, 6.57300489593e-08], "median": [0.000501790316775, 0.00133634731174, 0.000936593685765, 0.000694714311976, 0.00064040615689, 0.00026664568577, 8.34911770653e-05, 6.99467127561e-05, 6.87664723955e-05, 2.83949666482e-05, 1.28145720737e-05, 1.45631074702e-05, 9.80024742603e-06, 7.5165025919e-06, 2.5222077511e-06, 2.49425329457e-06, 3.33569960276e-06, 2.95839322462e-06, 1.5297543996e-06, 9.95873278953e-07, 9.80039089882e-07, 7.09799849119e-07, 4.09849633343e-07, 3.04537593365e-07, 1.7521287532e-07, 9.96607880666e-08, 1.01866810098e-07, 1.45349645209e-07, 9.25752345893e-08, 4.4077747674e-08, 4.2844614967e-08, 6.33341699086e-08, 7.04057327994e-08, 9.37526607458e-08, 1.04654262145e-07, 6.89218140337e-08, 7.25823170455e-08, 3.6586929042e-08, 1.93671638726e-08, 1.60436464114e-08], "min": [1.74648913478e-24, 9.04473361819e-24, 5.14864505947e-24, 1.02155801036e-24, 6.18043410273e-24, 5.9920675292e-24, 7.52831261097e-24, 7.39026116369e-24, 5.00197767339e-24, 5.39119020554e-24, 3.97446070636e-24, 3.77667552805e-24, 5.99693480099e-24, 9.72669598214e-24, 5.10880916148e-24, 4.33934713478e-24, 6.38450808018e-24, 9.43894318974e-24, 5.02775725334e-24, 5.12389691515e-24, 7.52169091253e-24, 8.12590393453e-24, 8.41449528607e-24, 6.02471769321e-24, 5.45164771646e-24, 1.21252307199e-23, 8.44284063611e-24, 7.17186344436e-24, 7.86829430618e-24, 8.10313661994e-24, 1.32881158238e-23, 8.36954204738e-24, 8.90521962279e-24, 7.63316800249e-24, 9.21465662375e-24, 7.35461332825e-24, 8.58810779409e-24, 8.23813517551e-24, 6.98736307813e-24, 6.17681402004e-24], "var": [8.40426650939e-07, 7.08864354237e-06, 8.91363470146e-06, 8.46808143251e-06, 3.02772741634e-06, 8.36566755424e-07, 5.49879189293e-07, 6.29880503311e-07, 1.11448593998e-06, 1.90758328245e-07, 2.69614908177e-08, 3.36351142494e-08, 1.2312781017e-08, 4.04411757415e-08, 6.71932642859e-09, 4.23150847695e-09, 6.37077768317e-09, 8.00119137612e-10, 4.5258585768e-10, 1.55885360176e-10, 7.05452640748e-11, 5.32356415894e-11, 2.91603338698e-11, 7.48035834663e-12, 1.30471078819e-12, 2.73286731786e-12, 5.70372742092e-12, 1.3170907507e-12, 3.92152158185e-13, 3.50843269367e-13, 3.86071925297e-13, 8.28966235933e-13, 1.79536366243e-12, 1.16726138304e-12, 5.70908825857e-13, 3.10687104299e-13, 2.79120585152e-13, 8.37057609641e-14, 3.6326678292e-14, 2.87344373827e-14]}, "mfcc": {"mean": [-745.909301758, 169.202575684, 33.3654823303, 12.1936569214, 6.81115341187, 5.58868122101, -13.6128530502, 0.982990086079, -9.41795825958, 0.475592166185, -8.99416446686, -3.22279834747, -3.80180335045], "cov": [[9955.20898438, 1554.07116699, -416.601959229, -661.284240723, -102.134651184, 147.175186157, -252.408218384, 296.02645874, -56.5458488464, 282.367431641, -5.67471075058, 57.6053581238, -197.878753662], [1554.07116699, 1929.49084473, 24.6954689026, -1.6934671402, 123.497161865, 101.597595215, 195.907455444, 128.367080688, 43.1173095703, 3.71524620056, -5.32872009277, 118.830726624, 23.7255935669], [-416.601959229, 24.6954689026, 754.04888916, 423.365356445, 145.389389038, 207.065643311, 150.782058716, 139.417175293, 90.216583252, -23.2851047516, 59.0079307556, 30.5270767212, 33.1790733337], [-661.284240723, -1.6934671402, 423.365356445, 1051.90344238, 279.830383301, 277.720275879, 200.794006348, 147.709869385, 190.088241577, -29.9221057892, 87.128944397, 4.86752414703, 14.7260560989], [-102.134651184, 123.497161865, 145.389389038, 279.830383301, 359.423797607, 147.976013184, 76.5397796631, 98.0631942749, 102.049819946, 44.8289375305, 36.860244751, 22.3066673279, -16.2416877747], [147.175186157, 101.597595215, 207.065643311, 277.720275879, 147.976013184, 396.137359619, 157.168334961, 156.262893677, 91.8122787476, 47.3226318359, 109.244056702, 19.0734405518, -8.50466537476], [-252.408218384, 195.907455444, 150.782058716, 200.794006348, 76.5397796631, 157.168334961, 301.637268066, 72.6624755859, 69.6212081909, -2.54494833946, 58.4662284851, 32.4725112915, 29.6778564453], [296.02645874, 128.367080688, 139.417175293, 147.709869385, 98.0631942749, 156.262893677, 72.6624755859, 250.889053345, 61.8615379333, 25.6510601044, 42.1855812073, 58.208480835, -6.02766132355], [-56.5458488464, 43.1173095703, 90.216583252, 190.088241577, 102.049819946, 91.8122787476, 69.6212081909, 61.8615379333, 190.802001953, 38.7599601746, 59.566204071, 19.5630950928, 19.3375205994], [282.367431641, 3.71524620056, -23.2851047516, -29.9221057892, 44.8289375305, 47.3226318359, -2.54494833946, 25.6510601044, 38.7599601746, 165.848266602, 39.8082885742, 5.1593875885, -15.1460151672], [-5.67471075058, -5.32872009277, 59.0079307556, 87.128944397, 36.860244751, 109.244056702, 58.4662284851, 42.1855812073, 59.566204071, 39.8082885742, 137.808761597, 26.8331794739, 6.15091657639], [57.6053581238, 118.830726624, 30.5270767212, 4.86752414703, 22.3066673279, 19.0734405518, 32.4725112915, 58.208480835, 19.5630950928, 5.1593875885, 26.8331794739, 134.400375366, 17.4716682434], [-197.878753662, 23.7255935669, 33.1790733337, 14.7260560989, -16.2416877747, -8.50466537476, 29.6778564453, -6.02766132355, 19.3375205994, -15.1460151672, 6.15091657639, 17.4716682434, 115.325546265]], "icov": [[0.000148807535879, -0.000134704008815, 4.19792559114e-05, 5.60098415008e-05, 0.000109913824417, -0.000107234940515, 0.000201289134566, -0.000186570046935, -1.16018054541e-05, -0.000187979370821, 1.54041790665e-05, 5.56109625904e-05, 0.000177842361154], [-0.000134704008815, 0.0007325783954, 3.45875632775e-05, 6.54132454656e-05, -0.000285986403469, 4.75654742331e-05, -0.000587384274695, 1.3426915757e-05, -1.4016393834e-05, 0.000210842525121, 0.000294592347927, -0.000462161871837, -0.000200707698241], [4.19792559114e-05, 3.45875632775e-05, 0.00191878015175, -0.000498072069604, -0.000103122685687, -0.000406986277085, -0.000222850954742, -0.000523846945725, 8.38535052026e-05, 0.00026967714075, 2.19813246076e-05, -8.50607320899e-05, -0.000405014841817], [5.60098415008e-05, 6.54132454656e-05, -0.000498072069604, 0.00176582473796, -0.000734202214517, -0.00043425775948, -0.000292307347991, -0.000135374823003, -0.00094792508753, 0.000730281404685, -7.49049795559e-05, 0.000387645006413, 0.000133306020871], [0.000109913824417, -0.000285986403469, -0.000103122685687, -0.000734202214517, 0.00432184850797, -0.00072307913797, 0.000255522812949, -0.00046508241212, -0.0011118875118, -0.00104409444612, 0.000750593608245, -0.000282638415229, 0.00088822178077], [-0.000107234940515, 4.75654742331e-05, -0.000406986277085, -0.00043425775948, -0.00072307913797, 0.00532116927207, -0.00150001421571, -0.00184330157936, 0.000307013047859, -0.000455436878838, -0.0026074629277, 0.00107596849557, 0.000423772900831], [0.000201289134566, -0.000587384274695, -0.000222850954742, -0.000292307347991, 0.000255522812949, -0.00150001421571, 0.00522949965671, -7.57987654652e-05, -0.000477033492643, 0.000236956664594, -0.000582418520935, -0.000302388827549, -0.000668712076731], [-0.000186570046935, 1.3426915757e-05, -0.000523846945725, -0.000135374823003, -0.00046508241212, -0.00184330157936, -7.57987654652e-05, 0.00653162179515, -0.000624089501798, -3.60245976481e-05, 0.000643908802886, -0.00237191608176, 0.000429483887274], [-1.16018054541e-05, -1.4016393834e-05, 8.38535052026e-05, -0.00094792508753, -0.0011118875118, 0.000307013047859, -0.000477033492643, -0.000624089501798, 0.0080067133531, -0.00135443022009, -0.002002957277, 2.51816782111e-05, -0.00138133054134], [-0.000187979370821, 0.000210842525121, 0.00026967714075, 0.000730281404685, -0.00104409444612, -0.000455436878838, 0.000236956664594, -3.60245976481e-05, -0.00135443022009, 0.0077089862898, -0.00172592129093, 0.000180399874807, 0.000524028379004], [1.54041790665e-05, 0.000294592347927, 2.19813246076e-05, -7.49049795559e-05, 0.000750593608245, -0.0026074629277, -0.000582418520935, 0.000643908802886, -0.002002957277, -0.00172592129093, 0.0109776966274, -0.00198164046742, -0.000110078930447], [5.56109625904e-05, -0.000462161871837, -8.50607320899e-05, 0.000387645006413, -0.000282638415229, 0.00107596849557, -0.000302388827549, -0.00237191608176, 2.51816782111e-05, 0.000180399874807, -0.00198164046742, 0.00935748312622, -0.00113362679258], [0.000177842361154, -0.000200707698241, -0.000405014841817, 0.000133306020871, 0.00088822178077, 0.000423772900831, -0.000668712076731, 0.000429483887274, -0.00138133054134, 0.000524028379004, -0.000110078930447, -0.00113362679258, 0.00994597468525]]}, "spectral_contrast_coeffs": {"dmean": [0.049707327038, 0.0505063571036, 0.0396475493908, 0.0310017056763, 0.0219107028097, 0.0208200030029], "dmean2": [0.0790385231376, 0.0800128057599, 0.0635997653008, 0.0493457391858, 0.0339999087155, 0.0323304459453], "dvar": [0.00200417428277, 0.00172037177254, 0.00109432102181, 0.000705741753336, 0.000364413106581, 0.000430744665209], "dvar2": [0.00484439264983, 0.00424389215186, 0.00264594308101, 0.00161354464944, 0.000838549167383, 0.00101866514888], "max": [-0.225012689829, -0.337181657553, -0.426497995853, -0.530999720097, -0.57018828392, -0.644767999649], "mean": [-0.569119751453, -0.657973706722, -0.745320737362, -0.788046419621, -0.816585958004, -0.802516937256], "median": [-0.577217459679, -0.661818385124, -0.747452259064, -0.797510743141, -0.819479703903, -0.80361789465], "min": [-0.967801451683, -0.970363259315, -0.972535073757, -0.968317627907, -0.969292879105, -0.962101399899], "var": [0.00984650012106, 0.0101089803502, 0.00694524217397, 0.00491551589221, 0.002059642924, 0.00163274328224]}, "spectral_contrast_valleys": {"dmean": [0.421256542206, 0.390058040619, 0.399328351021, 0.39454138279, 0.378411382437, 0.361919850111], "dmean2": [0.658886492252, 0.613274157047, 0.619196951389, 0.594363629818, 0.546821534634, 0.488969922066], "dvar": [0.183338537812, 0.140646770597, 0.18090865016, 0.191616132855, 0.188942939043, 0.152887880802], "dvar2": [0.377319127321, 0.296744257212, 0.386641085148, 0.391426