{"lowlevel": {"average_loudness": 0.934281885624, "barkbands_crest": {"dmean": 2.08797359467, "dmean2": 3.02376246452, "dvar": 5.00070142746, "dvar2": 11.4944753647, "max": 25.4522705078, "mean": 14.5324697495, "median": 14.7433204651, "min": 2.90515494347, "var": 27.9176158905}, "barkbands_flatness_db": {"dmean": 0.0193038843572, "dmean2": 0.0265053994954, "dvar": 0.000400976539822, "dvar2": 0.000814457831439, "max": 0.574672281742, "mean": 0.169206783175, "median": 0.143389895558, "min": 0.0298754535615, "var": 0.0108182961121}, "barkbands_kurtosis": {"dmean": 4.5340423584, "dmean2": 6.54398345947, "dvar": 66.2876281738, "dvar2": 118.633605957, "max": 715.315490723, "mean": 29.331407547, "median": 3.91254472733, "min": -1.86036860943, "var": 8619.75878906}, "barkbands_skewness": {"dmean": 0.572403848171, "dmean2": 0.835996866226, "dvar": 0.379771739244, "dvar2": 0.85266572237, "max": 21.2578887939, "mean": 2.92027115822, "median": 2.18871235847, "min": -1.87331807613, "var": 7.90974807739}, "barkbands_spread": {"dmean": 7.98193454742, "dmean2": 11.8806381226, "dvar": 122.241401672, "dvar2": 274.890533447, "max": 97.1811904907, "mean": 28.3637180328, "median": 24.8382759094, "min": 0.199478149414, "var": 422.993347168}, "dissonance": {"dmean": 0.00837434455752, "dmean2": 0.0138564771041, "dvar": 7.06260689185e-05, "dvar2": 0.00018823838036, "max": 0.499357283115, "mean": 0.478447675705, "median": 0.482263982296, "min": 0.394172370434, "var": 0.000239070126554}, "dynamic_complexity": 5.01131868362, "erbbands_crest": {"dmean": 1.75553059578, "dmean2": 2.70560455322, "dvar": 3.64905047417, "dvar2": 7.6817612648, "max": 25.6367359161, "mean": 8.51532840729, "median": 6.85252571106, "min": 2.31921052933, "var": 25.7074813843}, "erbbands_flatness_db": {"dmean": 0.0144091751426, "dmean2": 0.0200749337673, "dvar": 0.000272727076663, "dvar2": 0.000512564089149, "max": 0.325831860304, "mean": 0.124980680645, "median": 0.117754131556, "min": 0.0339818745852, "var": 0.00237117218785}, "erbbands_kurtosis": {"dmean": 0.802915871143, "dmean2": 1.20328593254, "dvar": 3.37074613571, "dvar2": 5.63996696472, "max": 187.724304199, "mean": 3.33227992058, "median": -0.552293658257, "min": -1.71562683582, "var": 366.158538818}, "erbbands_skewness": {"dmean": 0.273268550634, "dmean2": 0.410507410765, "dvar": 0.078260153532, "dvar2": 0.188531890512, "max": 11.9794178009, "mean": 0.110344849527, "median": -0.278435081244, "min": -2.34949469566, "var": 3.4521176815}, "erbbands_spread": {"dmean": 9.26814842224, "dmean2": 14.359161377, "dvar": 96.3360519409, "dvar2": 239.623046875, "max": 171.141494751, "mean": 54.8737640381, "median": 54.5161361694, "min": 2.43387627602, "var": 429.025299072}, "hfc": {"dmean": 13.740026474, "dmean2": 19.9087562561, "dvar": 1043.40527344, "dvar2": 2679.89331055, "max": 373.710906982, "mean": 25.6580200195, "median": 12.792555809, "min": 1.20136125512e-16, "var": 1364.61633301}, "melbands_crest": {"dmean": 2.29566812515, "dmean2": 3.51836800575, "dvar": 6.14896297455, "dvar2": 15.7400455475, "max": 29.530424118, "mean": 18.568365097, "median": 18.6424751282, "min": 2.77954649925, "var": 24.8522872925}, "melbands_flatness_db": {"dmean": 0.0240623112768, "dmean2": 0.0340028218925, "dvar": 0.000669834262226, "dvar2": 0.00148227857426, "max": 0.706471562386, "mean": 0.246875539422, "median": 0.220323294401, "min": 0.00873558502644, "var": 0.0152448257431}, "melbands_kurtosis": {"dmean": 12.2150011063, "dmean2": 18.3114624023, "dvar": 355.628814697, "dvar2": 718.907836914, "max": 852.887573242, "mean": 43.0254249573, "median": 24.1456336975, "min": -1.29198527336, "var": 4272.21582031}, "melbands_skewness": {"dmean": 0.843711018562, "dmean2": 1.26644122601, "dvar": 0.922095954418, "dvar2": 2.13613319397, "max": 22.0024166107, "mean": 4.65840291977, "median": 4.26612949371, "min": -0.0434507131577, "var": 5.46089839935}, "melbands_spread": {"dmean": 7.74338388443, "dmean2": 12.0743837357, "dvar": 181.395233154, "dvar2": 470.564910889, "max": 176.274993896, "mean": 20.3166332245, "median": 14.2987613678, "min": 0.255283117294, "var": 399.229064941}, "pitch_salience": {"dmean": 0.0590595155954, "dmean2": 0.0910799577832, "dvar": 0.00425118021667, "dvar2": 0.010242158547, "max": 0.838145494461, "mean": 0.396601617336, "median": 0.409730792046, "min": 0.0209632497281, "var": 0.0218322686851}, "silence_rate_20dB": {"dmean": 0, "dmean2": 0, "dvar": 0, "dvar2": 0, "max": 1, "mean": 1, "median": 1, "min": 1, "var": 0}, "silence_rate_30dB": {"dmean": 0.00386473420076, "dmean2": 0.00773195875809, "dvar": 0.00385003932752, "dvar2": 0.0115382894874, "max": 1, "mean": 0.998068273067, "median": 1, "min": 0, "var": 0.00192807766143}, "silence_rate_60dB": {"dmean": 0.00257648946717, "dmean2": 0.00515463901684, "dvar": 0.00256987358443, "dvar2": 0.00577249517664, "max": 1, "mean": 0.087572440505, "median": 0, "min": 0, "var": 0.0799034461379}, "spectral_centroid": {"dmean": 315.743347168, "dmean2": 473.925750732, "dvar": 161472.734375, "dvar2": 353453.84375, "max": 10700.6289062, "mean": 1630.67126465, "median": 1644.77539062, "min": 89.9602890015, "var": 705156.4375}, "spectral_complexity": {"dmean": 3.8357489109, "dmean2": 5.70360803604, "dvar": 25.4368953705, "dvar2": 48.3530921936, "max": 61, "mean": 17.0650348663, "median": 15, "min": 0, "var": 103.138519287}, "spectral_decrease": {"dmean": 2.08714645566e-09, "dmean2": 3.1138451817e-09, "dvar": 1.08679985048e-17, "dvar2": 2.58572788279e-17, "max": 1.66690324775e-18, "mean": -7.42316474955e-09, "median": -6.59825705185e-09, "min": -3.77255524597e-08, "var": 2.59038342071e-17}, "spectral_energy": {"dmean": 0.0087330006063, "dmean2": 0.0128845097497, "dvar": 0.000189261292689, "dvar2": 0.000446582504082, "max": 0.147265359759, "mean": 0.0303440280259, "median": 0.0266755167395, "min": 1.09744176364e-20, "var": 0.000440694246208}, "spectral_energyband_high": {"dmean": 0.00159058207646, "dmean2": 0.00244858162478, "dvar": 1.97351655515e-05, "dvar2": 5.23344278918e-05, "max": 0.0502974689007, "mean": 0.00222747796215, "median": 0.000621730927378, "min": 7.93506606804e-21, "var": 2.11637670873e-05}, "spectral_energyband_low": {"dmean": 0.00559360906482, "dmean2": 0.00876577198505, "dvar": 0.000124885336845, "dvar2": 0.00031253657653, "max": 0.131915017962, "mean": 0.0178202670068, "median": 0.0145201347768, "min": 1.51928678112e-22, "var": 0.000240764304181}, "spectral_energyband_middle_high": {"dmean": 0.00124333740678, "dmean2": 0.00176773103885, "dvar": 5.7500078583e-06, "dvar2": 1.32108662001e-05, "max": 0.0248715654016, "mean": 0.00321272807196, "median": 0.0020253660623, "min": 1.6404963573e-21, "var": 1.25369915622e-05}, "spectral_energyband_middle_low": {"dmean": 0.00344069232233, "dmean2": 0.00501404795796, "dvar": 2.89488798444e-05, "dvar2": 6.55994736007e-05, "max": 0.0688109323382, "mean": 0.00777142401785, "median": 0.00495195854455, "min": 2.03755337593e-22, "var": 7.01218596078e-05}, "spectral_entropy": {"dmean": 0.157312557101, "dmean2": 0.211389034986, "dvar": 0.0314477309585, "dvar2": 0.055227342993, "max": 9.79790306091, "mean": 7.61578226089, "median": 7.79514694214, "min": 4.21695280075, "var": 0.607927322388}, "spectral_flux": {"dmean": 0.0216980054975, "dmean2": 0.0320247076452, "dvar": 0.000944322848227, "dvar2": 0.00186329707503, "max": 0.29539206624, "mean": 0.0630911961198, "median": 0.0489218644798, "min": 1.04758854369e-10, "var": 0.00234266463667}, "spectral_kurtosis": {"dmean": 0.774921298027, "dmean2": 1.25744199753, "dvar": 0.706800580025, "dvar2": 1.94241905212, "max": 30.1565551758, "mean": 3.33314776421, "median": 2.24882602692, "min": -1.21590816975, "var": 17.6181335449}, "spectral_rms": {"dmean": 0.000688808038831, "dmean2": 0.000980888027698, "dvar": 8.93353842457e-07, "dvar2": 1.93278060578e-06, "max": 0.0119863888249, "mean": 0.00501864636317, "median": 0.00510146003217, "min": 3.27211695239e-12, "var": 4.41714246335e-06}, "spectral_rolloff": {"dmean": 707.426818848, "dmean2": 1151.94165039, "dvar": 1664341.5, "dvar2": 3850552, "max": 19724.4140625, "mean": 1461.84228516, "median": 516.796875, "min": 86.1328125, "var": 3599870.25}, "spectral_skewness": {"dmean": 0.140156835318, "dmean2": 0.224928691983, "dvar": 0.0182872228324, "dvar2": 0.045210711658, "max": 4.47306394577, "mean": 1.27417373657, "median": 1.13710105419, "min": 0.0657327398658, "var": 0.468435227871}, "spectral_spread": {"dmean": 663628.375, "dmean2": 905172.4375, "dvar": 966590398464, "dvar2": 1646892810240.0, "max": 40688620, "mean": 5416638, "median": 5286552, "min": 1927097.5, "var": 2894545289220.0}, "spectral_strongpeak": {"dmean": 0.205468982458, "dmean2": 0.357404023409, "dvar": 0.36218854785, "dvar2": 0.992012262344, "max": 6.9050822258, "mean": 0.463538110256, "median": 0.336565464735, "min": 0, "var": 0.401302307844}, "zerocrossingrate": {"dmean": 0.0126880789176, "dmean2": 0.0140741094947, "dvar": 0.000255493912846, "dvar2": 0.000312570278766, "max": 0.517578125, "mean": 0.059204492718, "median": 0.05224609375, "min": 0.00390625, "var": 0.00185976352077}, "barkbands": {"dmean": [3.49494584952e-05, 0.00390838598832, 0.00238492339849, 0.00122534751426, 0.00213535199873, 0.000356585573172, 0.000269635493169, 0.000226956093684, 0.000142132674227, 5.13976483489e-05, 6.44175961497e-05, 5.27085903741e-05, 0.000254884536844, 0.000178955393494, 0.000130219719722, 0.000251501624007, 0.000186831632163, 0.000140092481161, 0.000234150749748, 0.000354067567969, 0.000382856815122, 0.00044882966904, 0.000250496348599, 0.000212948871194, 0.000134521978907, 7.1510556154e-05, 4.517684647e-05], "dmean2": [5.70093689021e-05, 0.00600951584056, 0.00403268868104, 0.00200576195493, 0.00306904013269, 0.000579539337195, 0.000415798916947, 0.000292953976896, 0.000208054436371, 7.96214299044e-05, 0.000101251280284, 8.46356706461e-05, 0.00037325170706, 0.000257107720245, 0.000203392730327, 0.000358583783964, 0.000277850398561, 0.000226238218602, 0.000392458052374, 0.000571120122913, 0.000618212565314, 0.000754430890083, 0.000394656410208, 0.000340120779583, 0.000198407651624, 0.00010280553397, 7.2283197369e-05], "dvar": [4.83756990022e-09, 5.68827708776e-05, 3.5747889342e-05, 5.30192301085e-06, 1.21822495203e-05, 3.10628337274e-07, 5.20205560406e-07, 5.37377502496e-07, 1.23573002497e-07, 1.26729586825e-08, 1.40910776381e-08, 7.12625958244e-09, 1.04844059479e-06, 4.98536508076e-07, 1.00646268208e-07, 2.97237193081e-07, 2.70673865543e-07, 8.65665370497e-08, 4.16130404801e-07, 8.7867857701e-07, 1.27389944282e-06, 2.08665142054e-06, 4.50205163816e-07, 3.32579702444e-07, 7.36678487101e-08, 2.34694805812e-08, 1.53831614114e-08], "dvar2": [1.13592228956e-08, 0.000138893679832, 9.70496766968e-05, 1.39180028782e-05, 2.58033196587e-05, 7.93297033397e-07, 1.12715883915e-06, 9.2638941851e-07, 2.00959362928e-07, 3.20623207983e-08, 3.3489261142e-08, 1.73671370618e-08, 2.20657057071e-06, 9.61996988735e-07, 2.22054026722e-07, 5.2138943829e-07, 5.54906819161e-07, 2.05007836485e-07, 1.12490442916e-06, 2.27335044656e-06, 3.35981644639e-06, 5.68967880099e-06, 1.14386887162e-06, 9.09517041237e-07, 1.79237517273e-07, 5.29024752893e-08, 3.87568412918e-08], "max": [0.000795198429842, 0.103732660413, 0.0766432136297, 0.0248723402619, 0.0509299375117, 0.0106256864965, 0.0124383773655, 0.0122798802331, 0.0144787123427, 0.003514387412, 0.00232520792633, 0.00113012280781, 0.0162709336728, 0.0106043387204, 0.00622503785416, 0.0121135339141, 0.010974291712, 0.00772696500644, 0.00806130748242, 0.0105044702068, 0.0125818140805, 0.0171007160097, 0.00809790939093, 0.00665945932269, 0.00312397163361, 0.00154117983766, 0.00151414703578], "mean": [6.57168347971e-05, 0.0139650981873, 0.00314104789868, 0.00182004075032, 0.00355883128941, 0.00073697353946, 0.000663040555082, 0.000648500630632, 0.000292062439257, 0.000101314028143, 0.000112910733151, 9.59953176789e-05, 0.00051987770712, 0.000368526147213, 0.000252473313594, 0.000465831748443, 0.000380456098355, 0.000272609235253, 0.000369868736016, 0.000500271562487, 0.000537884130608, 0.000556382117793, 0.000352905626642, 0.000272095465334, 0.000176596819074, 8.03338625701e-05, 3.63642320735e-05], "median": [2.3940425308e-05, 0.0115418601781, 0.00136126822326, 0.000817387946881, 0.00152105919551, 0.00043156684842, 0.000132811488584, 0.000142841352499, 0.000121397060866, 5.67003626202e-05, 5.56327067898e-05, 5.31632649654e-05, 9.97363240458e-05, 5.35287399543e-05, 0.000113006521133, 0.000221132708248, 0.000193349231267, 0.000124019075884, 0.000171248218976, 0.000181880430318, 0.000152077467646, 0.000112065667054, 6.88754080329e-05, 6.36960830889e-05, 3.09625393129e-05, 1.00352090158e-05, 8.31059423945e-07], "min": [9.45895185774e-24, 6.32187070992e-23, 6.18452308435e-23, 3.4936115671e-23, 1.00122936065e-23, 2.82401191571e-23, 2.49301092859e-23, 3.49625677549e-23, 5.24093247682e-23, 6.37440127315e-23, 6.4405753435e-23, 2.34752156427e-22, 1.06071183949e-22, 1.06455895635e-22, 1.52157687588e-22, 1.09555412174e-22, 1.95836070251e-22, 1.950340827e-22, 3.05187135896e-22, 2.09549098113e-22, 6.32669273265e-22, 5.95895783794e-22, 5.61514373023e-22, 8.0927920029e-22, 1.23738888911e-21, 1.96043319788e-21, 2.26971352475e-21], "var": [1.07990363318e-08, 0.000155676578288, 3.40337610396e-05, 7.46490604797e-06, 2.85610494757e-05, 8.1462695789e-07, 2.41882003138e-06, 2.58732052316e-06, 5.88689601955e-07, 2.69146109844e-08, 3.12887387111e-08, 1.50080161632e-08, 2.44384796133e-06, 1.37562960845e-06, 2.09079018987e-07, 7.68711345245e-07, 6.1725620526e-07, 1.9120832917e-07, 4.07575726058e-07, 9.0764763172e-07, 1.30784076191e-06, 1.92414086087e-06, 5.63679179777e-07, 3.36915917387e-07, 1.06471212291e-07, 2.92910584676e-08, 1.27066686062e-08]}, "erbbands": {"dmean": [0.0901825204492, 0.971878230572, 2.63506937027, 2.88381743431, 10.0658826828, 3.55722904205, 1.58824157715, 3.61182904243, 4.49080324173, 4.11626529694, 3.32780838013, 4.19896173477, 1.71842133999, 1.34670174122, 3.41820693016, 2.10382223129, 11.3910865784, 11.3218336105, 7.68932914734, 8.25201511383, 10.8534412384, 8.86098003387, 8.63451194763, 8.67009067535, 13.1435623169, 19.7100086212, 17.135263443, 14.218706131, 15.8699827194, 11.9096345901, 6.42507743835, 4.93533277512, 3.01597285271, 1.67900395393, 0.92631983757, 0.342739701271, 0.13520412147, 0.0413831546903, 0.00775384623557, 0.00043515273137], "dmean2": [0.135544732213, 1.51339423656, 4.46427345276, 4.59124612808, 14.7404718399, 5.4298377037, 2.39231443405, 5.96480846405, 6.9521727562, 5.66970968246, 4.57873868942, 6.07206106186, 2.58499622345, 2.18372893333, 5.47574615479, 3.30567860603, 16.7136573792, 16.0707569122, 11.6385746002, 12.2264995575, 15.4732627869, 13.1805925369, 14.0662889481, 14.2774782181, 21.7449855804, 32.6325683594, 28.2370738983, 22.81848526, 27.07771492, 19.7657051086, 9.92562675476, 7.83579969406, 4.70039463043, 2.48331880569, 1.40729784966, 0.485892504454, 0.198549434543, 0.0642305389047, 0.0124651361257, 0.000699702010024], "dvar": [0.0282592643052, 3.76085925102, 41.5595550537, 25.4202136993, 303.790588379, 28.0316371918, 12.1971292496, 30.5723686218, 140.106948853, 171.698730469, 184.565475464, 105.658714294, 9.51879501343, 14.4640607834, 46.3410491943, 10.0840110779, 1950.44506836, 1524.86108398, 397.986419678, 236.376815796, 557.794921875, 322.092681885, 357.871551514, 396.34866333, 1063.68017578, 3045.75463867, 2647.64697266, 1890.15380859, 2247.3996582, 1313.54931641, 262.498840332, 188.282501221, 55.0631408691, 12.2780570984, 3.8773150444, 0.515209913254, 0.0897634327412, 0.0107349483296, 0.000458719907328, 1.50425466927e-06], "dvar2": [0.065647944808, 9.31952667236, 113.398826599, 62.8836631775, 678.270141602, 69.4430236816, 19.02643013, 83.8188171387, 322.949584961, 330.078826904, 352.161895752, 173.925537109, 19.0173130035, 37.9343338013, 114.996124268, 21.1627922058, 4080.61791992, 3024.25439453, 850.436828613, 444.497955322, 1116.62023926, 641.751342773, 848.182983398, 1036.95910645, 2844.56616211, 8087.15380859, 7066.17724609, 4995.30859375, 6109.22949219, 3568.66821289, 637.832275391, 507.631347656, 144.543701172, 30.3196105957, 9.46562767029, 1.17764830589, 0.207814976573, 0.0268177837133, 0.00115177698899, 3.79471430278e-06], "max": [2.28343462944, 25.9170303345, 82.589050293, 48.7656555176, 244.673614502, 62.4330749512, 146.151763916, 75.9160766602, 201.412261963, 217.192764282, 314.117553711, 420.206604004, 83.9146347046, 124.106025696, 121.289573669, 45.5075454712, 706.812255859, 564.864440918, 378.098449707, 336.491546631, 411.837249756, 361.730834961, 530.057800293, 270.25479126, 472.744384766, 596.786193848, 533.555480957, 517.167541504, 571.616943359, 412.773132324, 194.839691162, 151.079849243, 95.0218353271, 41.5467147827, 21.912694931, 7.92067527771, 2.85741615295, 1.1831151247, 0.277680397034, 0.0157433766872], "mean": [0.325938761234, 3.3638958931, 4.49266529083, 4.76141643524, 15.4891576767, 6.3296289444, 3.84122776985, 7.23248720169, 11.3976917267, 11.4718990326, 9.70050430298, 8.85100746155, 3.88816285133, 2.47387242317, 6.24070215225, 4.64524698257, 24.006067276, 24.5059051514, 15.5849971771, 16.8455429077, 22.1219844818, 19.1841030121, 17.1019515991, 14.8887462616, 20.8006801605, 25.8991794586, 22.3273906708, 20.7304401398, 19.8745365143, 15.2638282776, 9.12819766998, 6.79066991806, 3.81770610809, 2.29162049294, 1.09502291679, 0.405224859715, 0.142899721861, 0.0371282882988, 0.00624814257026, 0.000375011615688], "median": [0.217328161001, 2.75433659554, 2.54612827301, 2.48029565811, 5.27666568756, 3.72775650024, 2.30016756058, 4.36752796173, 2.72474193573, 2.61164808273, 3.12434196472, 3.86746072769, 2.39867019653, 1.3946428299, 3.2250828743, 2.9198114872, 4.99705219269, 4.38032674789, 5.40393543243, 9.5066204071, 11.057390213, 11.3484382629, 8.18702411652, 8.20228385925, 8.49574279785, 8.73866081238, 6.70145130157, 5.59686660767, 4.29367256165, 2.80324840546, 2.01412582397, 1.52459061146, 0.842715620995, 0.428911447525, 0.170044213533, 0.0577985942364, 0.0161207206547, 0.00262872315943, 0.00013355302508, 4.29885731137e-05], "min": [1.53868336878e-21, 1.54746008628e-20, 5.67450165361e-20, 1.20461407877e-19, 4.40038857063e-20, 2.86463987549e-20, 1.95200575417e-19, 2.0845456792e-19, 4.58051264201e-19, 3.84535302917e-19, 6.83138275815e-19, 1.05564034972e-18, 2.07018864135e-18, 1.85748803902e-18, 7.16530316373e-18, 6.6638534551e-18, 5.11278020513e-18, 4.48389711929e-18, 9.72861511366e-18, 6.48083767662e-18, 5.3179441581e-18, 1.10063585243e-17, 7.87100651307e-18, 1.31218704594e-17, 1.8647637129e-17, 9.83668212479e-18, 2.27824499677e-17, 2.38334722714e-17, 2.01671960384e-17, 1.98101120941e-17, 1.7568447671e-17, 1.59666405389e-17, 1.38375644962e-17, 1.26227562952e-17, 9.11654199222e-18, 7.62608329677e-18, 3.72349190245e-18, 1.38545494093e-18, 3.20865660205e-19, 3.12918192891e-20], "var": [0.109965108335, 9.42073535919, 42.2214698792, 38.2074775696, 645.321228027, 56.6769561768, 43.6050949097, 76.3107757568, 598.288085938, 675.297729492, 744.770141602, 495.083068848, 36.4484100342, 22.6574783325, 89.5023269653, 30.4438743591, 4644.36962891, 4201.07421875, 882.1640625, 623.078979492, 1362.30505371, 829.948974609, 787.704956055, 464.071380615, 1204.68432617, 2831.80493164, 2453.59326172, 2003.15869141, 2183.21923828, 1304.31738281, 352.036987305, 210.02154541, 61.4427032471, 18.435087204, 4.64286088943, 0.674152910709, 0.103617563844, 0.00967699009925, 0.000378536322387, 1.23384381823e-06]}, "gfcc": {"mean": [-29.0074806213, 72.9106750488, -87.0943527222, 61.7702789307, -40.0543518066, 19.8475284576, -31.3618221283, 9.54348278046, -14.3651170731, 6.94897460938, -13.692155838, -2.27376437187, -11.5381631851], "cov": [[33283.1992188, -3140.14624023, -3994.74560547, 1123.26843262, -2260.10888672, -780.942810059, -1532.3137207, 46.8159484863, -622.956359863, 178.095184326, -420.216278076, 299.61126709, -62.7002677917], [-3140.14624023, 1704.45068359, -181.554733276, -69.0285263062, 263.966094971, -5.85541391373, 221.174484253, 4.86600255966, 182.879150391, -100.398590088, 197.809341431, -65.2273330688, 154.279876709], [-3994.74560547, -181.554733276, 1103.46728516, -258.79284668, 346.424224854, 148.404083252, 215.101028442, -9.88851642609, 30.3285903931, -25.0147514343, -40.9774742126, -21.6834335327, -61.7628479004], [1123.26843262, -69.0285263062, -258.79284668, 271.921630859, -150.63520813, -37.2398033142, -97.0011978149, 9.34757518768, -7.23395252228, 23.0211181641, -26.5138225555, -15.7143640518, 1.63492369652], [-2260.10888672, 263.966094971, 346.424224854, -150.63520813, 300.515686035, 75.8916854858, 159.387542725, -27.5252895355, 30.5767765045, -18.4862365723, 64.3114547729, -16.9345111847, 2.5223031044], [-780.942810059, -5.85541391373, 148.404083252, -37.2398033142, 75.8916854858, 135.884552002, 49.4656486511, -28.4164848328, -31.6708583832, -19.8235816956, 12.9100179672, 11.4535360336, -18.4084606171], [-1532.3137207, 221.174484253, 215.101028442, -97.0011978149, 159.387542725, 49.4656486511, 199.335250854, 51.300567627, 55.2547187805, -36.0173721313, 33.3417739868, -4.83558320999, 41.8729019165], [46.8159484863, 4.86600255966, -9.88851642609, 9.34757518768, -27.5252895355, -28.4164848328, 51.300567627, 136.926818848, 70.9234848022, -0.75594741106, -36.6840286255, 5.10024499893, 33.8875465393], [-622.956359863, 182.879150391, 30.3285903931, -7.23395252228, 30.5767765045, -31.6708583832, 55.2547187805, 70.9234848022, 129.743652344, 24.4874229431, 8.32405281067, -21.2859954834, 35.6563453674], [178.095184326, -100.398590088, -25.0147514343, 23.0211181641, -18.4862365723, -19.8235816956, -36.0173721313, -0.75594741106, 24.4874229431, 96.0017242432, 12.6183824539, -2.20809531212, -17.9781455994], [-420.216278076, 197.809341431, -40.9774742126, -26.5138225555, 64.3114547729, 12.9100179672, 33.3417739868, -36.6840286255, 8.32405281067, 12.6183824539, 103.415657043, 18.1040458679, 16.0527172089], [299.61126709, -65.2273330688, -21.6834335327, -15.7143640518, -16.9345111847, 11.4535360336, -4.83558320999, 5.10024499893, -21.2859954834, -2.20809531212, 18.1040458679, 64.3012313843, 17.790304184], [-62.7002677917, 154.279876709, -61.7628479004, 1.63492369652, 2.5223031044, -18.4084606171, 41.8729019165, 33.8875465393, 35.6563453674, -17.9781455994, 16.0527172089, 17.790304184, 71.2277069092]], "icov": [[0.000114077316539, 0.000192321414943, 0.000358587509254, 7.12992914487e-05, 0.000172626751009, 0.000204133684747, 0.000101023753814, -9.90327589534e-06, 0.000119101699966, 0.000128365834826, 9.29645611905e-05, -0.00015631550923, -2.40131867031e-05], [0.000192321414943, 0.00200692447834, 0.00122532609385, 0.000177087204065, -0.000892035197467, 5.60209118703e-05, 0.000359690660844, 0.0004241229326, -0.00178159296047, 0.00240174424835, -0.00213124719448, 0.00199236255139, -0.00200568465516], [0.000358587509254, 0.00122532609385, 0.00374064710923, 0.000866473361384, -0.00191548431758, -5.83108521823e-05, -0.00132714258507, 0.00145285658073, -0.00173990451731, 0.000875957077369, 0.00298002897762, -0.00155679974705, 0.00183632841799], [7.12992914487e-05, 0.000177087204065, 0.000866473361384, 0.00598194170743, 0.00201127259061, -0.00117223744746, 0.00139794009738, -0.000691052468028, 0.000399533746531, -0.000819311884698, -0.000185662458534, 0.00313260522671, -0.00172137736809], [0.000172626751009, -0.000892035197467, -0.00191548431758, 0.00201127259061, 0.0122504672036, -0.00064490683144, -0.00496438657865, 0.00201639393345, 0.00111767451745, -0.00142850109842, -0.00348584214225, 0.00193754280917, 0.00111723435111], [0.000204133684747, 5.60209118703e-05, -5.83108521823e-05, -0.00117223744746, -0.00064490683144, 0.0118642374873, -0.00352755561471, 0.00189474457875, 0.0021276853513, 0.00101749692112, 0.000959520169999, -0.00465701427311, 0.00443472340703], [0.000101023753814, 0.000359690660844, -0.00132714258507, 0.00139794009738, -0.00496438657865, -0.00352755561471, 0.0179798975587, -0.00879978109151, 0.000787154596765, 0.00362079008482, -0.00599726149812, 0.00558904279023, -0.0085167074576], [-9.90327589534e-06, 0.0004241229326, 0.00145285658073, -0.000691052468028, 0.00201639393345, 0.00189474457875, -0.00879978109151, 0.0192779116333, -0.0101887322962, 9.99918120215e-05, 0.00963810924441, -0.00774076534435, 0.00165491434745], [0.000119101699966, -0.00178159296047, -0.00173990451731, 0.000399533746531, 0.00111767451745, 0.0021276853513, 0.000787154596765, -0.0101887322962, 0.0213905796409, -0.0079622156918, -0.00252020149492, 0.0072823073715, -0.00662773195654], [0.000128365834826, 0.00240174424835, 0.000875957077369, -0.000819311884698, -0.00142850109842, 0.00101749692112, 0.00362079008482, 9.99918120215e-05, -0.0079622156918, 0.0180020984262, -0.00651351362467, 0.000428116531111, 0.00371726392768], [9.29645611905e-05, -0.00213124719448, 0.00298002897762, -0.000185662458534, -0.00348584214225, 0.000959520169999, -0.00599726149812, 0.00963810924441, -0.00252020149492, -0.00651351362467, 0.0253760460764, -0.0131915528327, 0.00379136321135], [-0.00015631550923, 0.00199236255139, -0.00155679974705, 0.00313260522671, 0.00193754280917, -0.00465701427311, 0.00558904279023, -0.00774076534435, 0.0072823073715, 0.000428116531111, -0.0131915528327, 0.0312376953661, -0.0151165528223], [-2.40131867031e-05, -0.00200568465516, 0.00183632841799, -0.00172137736809, 0.00111723435111, 0.00443472340703, -0.0085167074576, 0.00165491434745, -0.00662773195654, 0.00371726392768, 0.00379136321135, -0.0151165528223, 0.0324976854026]]}, "melbands": {"dmean": [0.000968577922322, 0.00129890337121, 0.000708528852556, 0.000537364336196, 5.78327890253e-05, 7.65173317632e-05, 6.46428379696e-05, 4.73300679005e-05, 2.43083923124e-05, 2.57684168901e-05, 8.02277827461e-06, 5.50116374143e-06, 9.32683633437e-06, 7.21489368516e-06, 9.01221756067e-06, 3.09908318741e-05, 2.17616179725e-05, 1.19610813272e-05, 6.80482116877e-06, 2.21066220547e-05, 1.15888242362e-05, 1.09719348984e-05, 7.58833220971e-06, 7.16017393643e-06, 7.47770081944e-06, 9.14661268325e-06, 1.24878242787e-05, 1.28693791339e-05, 1.1222545254e-05, 7.82239112596e-06, 9.22706476558e-06, 1.04129421743e-05, 6.61167041471e-06, 6.73651084071e-06, 4.09738640883e-06, 2.96095163321e-06, 3.25903397425e-06, 2.1767536964e-06, 1.78890445568e-06, 1.30913679186e-06], "dmean2": [0.00146453990601, 0.00213984027505, 0.00109580508433, 0.000786918972153, 8.90671799425e-05, 0.000125842692796, 9.88117608358e-05, 6.33215313428e-05, 3.37882302119e-05, 3.76243297069e-05, 1.23192294268e-05, 8.96049550647e-06, 1.49253983182e-05, 1.16990386232e-05, 1.43296547321e-05, 4.46036065114e-05, 3.10732866637e-05, 1.81341183634e-05, 1.07566365841e-05, 3.16857003781e-05, 1.70561870618e-05, 1.60664276336e-05, 1.24019989016e-05, 1.17584932013e-05, 1.23590225485e-05, 1.54565132107e-05, 1.99640398932e-05, 2.16367625399e-05, 1.88148515008e-05, 1.21944040075e-05, 1.54127228598e-05, 1.81158811756e-05, 1.06639863588e-05, 1.14502663564e-05, 6.60060595692e-06, 4.39175255451e-06, 5.37216283192e-06, 3.43736701325e-06, 2.83287090497e-06, 1.91220306078e-06], "dvar": [3.34383457812e-06, 8.31822126202e-06, 1.35752588903e-06, 7.81300968811e-07, 1.07812283545e-08, 1.39427731582e-08, 2.92504722665e-08, 2.35715198471e-08, 9.66143698378e-09, 4.55340654071e-09, 2.10107653498e-10, 2.7259805524e-10, 3.13552211972e-10, 1.49871767774e-10, 2.73721517674e-10, 1.95722709151e-08, 7.3819772517e-09, 9.27779575388e-10, 1.92246926711e-10, 2.58519849972e-09, 1.0782749138e-09, 7.12002956593e-10, 2.06485578635e-10, 2.08607894847e-10, 3.1320129823e-10, 6.5913990932e-10, 9.98819804643e-10, 1.25906329806e-09, 1.23123111706e-09, 3.85056819763e-10, 9.23849108325e-10, 1.01519648243e-09, 3.53648221818e-10, 4.27481577914e-10, 1.09663368664e-10, 5.41844416557e-11, 9.17769332753e-11, 2.68271897752e-11, 1.92349781936e-11, 6.77925727707e-12], "dvar2": [7.96191488917e-06, 2.20210604311e-05, 3.35529307449e-06, 1.7169588773e-06, 1.9582794053e-08, 3.7975535605e-08, 6.4300088809e-08, 4.26543067533e-08, 1.82002128923e-08, 7.25076843011e-09, 4.49923182044e-10, 7.16282533286e-10, 7.73576092072e-10, 3.83545112337e-10, 6.18199436087e-10, 4.07938749447e-08, 1.42624987376e-08, 1.98857730282e-09, 4.37501646022e-10, 4.47606929299e-09, 2.36424280153e-09, 1.41012612698e-09, 4.57631543771e-10, 5.4754922818e-10, 8.21821943831e-10, 1.77500192322e-09, 2.53979526299e-09, 3.38323769e-09, 3.35281291619e-09, 9.22790510671e-10, 2.53365772807e-09, 2.79595346875e-09, 9.24167464778e-10, 1.19027698808e-09, 2.80521716967e-10, 1.22092114196e-10, 2.54159443491e-10, 6.90976165174e-11, 5.24419466186e-11, 1.5841272738e-11], "max": [0.0261366069317, 0.0365642793477, 0.0119177401066, 0.0121702635661, 0.00397391896695, 0.00178343045991, 0.00295060966164, 0.00269842217676, 0.00231354637071, 0.00284989317879, 0.000309048977215, 0.00055350450566, 0.000316675315844, 0.000166257465025, 0.000198759851628, 0.00219211960211, 0.00128768908326, 0.000571371405385, 0.00024871219648, 0.00116255495232, 0.000680467754137, 0.00052515976131, 0.000411094923038, 0.000282304390566, 0.000246064359089, 0.000366183841834, 0.000360139732948, 0.000353525683749, 0.000356795266271, 0.000242645546678, 0.000382004160201, 0.000382818863727, 0.000224556686589, 0.000248531316174, 0.000142012955621, 8.83970569703e-05, 0.000107228501292, 6.36133845546e-05, 6.06127468927e-05, 3.12638585456e-05], "mean": [0.00357281090692, 0.00322191556916, 0.00120387214702, 0.000862412212882, 0.000136959177325, 0.000154672074132, 0.00016525220417, 0.000131717519253, 6.90085871611e-05, 5.26781986991e-05, 1.72318214027e-05, 9.11288316274e-06, 1.6867854356e-05, 1.39120857057e-05, 1.86080724234e-05, 6.28988491371e-05, 4.47622296633e-05, 2.3553837309e-05, 1.33621651912e-05, 4.05753526138e-05, 2.23943989113e-05, 2.22403341468e-05, 1.54676818056e-05, 1.33323665068e-05, 1.17418830996e-05, 1.2736932149e-05, 1.87565674423e-05, 1.60399795277e-05, 1.37568795253e-05, 1.21697794384e-05, 1.20397025967e-05, 1.21558105093e-05, 8.95226457942e-06, 8.16044484964e-06, 5.43732858205e-06, 4.42398459199e-06, 4.16242528445e-06, 2.71496037385e-06, 2.24674909077e-06, 1.81474490546e-06], "median": [0.00275867944583, 0.00238832132891, 0.000615727796685, 0.000348797650076, 9.3598922831e-05, 9.12281393539e-05, 3.54791773134e-05, 2.78166044154e-05, 2.39341570705e-05, 2.18254608626e-05, 9.93835692498e-06, 4.60405681224e-06, 8.7305006673e-06, 8.65463698574e-06, 7.47934791434e-06, 9.7259398899e-06, 5.9231178966e-06, 7.52687674321e-06, 6.84965743858e-06, 1.84199871001e-05, 1.01548193925e-05, 1.09815182441e-05, 8.38582127471e-06, 6.63487571728e-06, 5.94175526203e-06, 6.11098857917e-06, 5.1008319133e-06, 5.63461208003e-06, 3.90293644159e-06, 3.84461600333e-06, 2.76756600215e-06, 2.50173002314e-06, 1.78494622105e-06, 1.36592188937e-06, 1.2251211956e-06, 8.58007183524e-07, 1.0353376183e-06, 6.29893690984e-07, 3.96772065869e-07, 3.32038894157e-07], "min": [1.59923767609e-23, 2.79182007989e-23, 1.85861955935e-23, 1.78886989806e-24, 5.47271306364e-24, 5.08833230453e-24, 6.26193526716e-24, 5.3187009881e-24, 5.0964102402e-24, 7.49252751372e-24, 1.02620020041e-23, 7.2180141739e-24, 1.61661501965e-23, 3.00951571302e-23, 6.4263338798e-24, 1.38439977048e-23, 7.07183193728e-24, 1.56526096358e-23, 1.0575664144e-23, 8.11973346453e-24, 5.72548973565e-24, 1.09169734922e-23, 8.49878349607e-24, 9.06611569302e-24, 1.01087610401e-23, 1.43115113871e-23, 1.07989898774e-23, 4.85848190258e-24, 1.42822036267e-23, 1.32303672613e-23, 1.34867005127e-23, 1.02319109048e-23, 1.24094446823e-23, 1.04407689292e-23, 1.10033868934e-23, 7.62744876093e-24, 1.11003402653e-23, 1.05174185991e-23, 8.98281987004e-24, 1.10488142375e-23], "var": [1.09793900265e-05, 1.11618419396e-05, 2.41223006014e-06, 1.7424519001e-06, 3.5842713686e-08, 3.48530910799e-08, 1.35249806021e-07, 9.9102130946e-08, 3.85455223295e-08, 2.20027658315e-08, 6.99537650029e-10, 4.1966316533e-10, 6.24845675201e-10, 2.75324596455e-10, 8.63155269482e-10, 4.60433042804e-08, 2.0387512123e-08, 2.07330463908e-09, 3.93690524625e-10, 6.76999212246e-09, 2.2077348838e-09, 1.75554881743e-09, 5.15093856457e-10, 3.92526733339e-10, 3.50904666435e-10, 5.68162128456e-10, 1.25959231934e-09, 1.1091476626e-09, 1.06160591429e-09, 5.14876585811e-10, 8.57054482939e-10, 9.0184848478e-10, 4.05077499321e-10, 3.96252003432e-10, 1.28932503562e-10, 8.58205589926e-11, 8.72116753814e-11, 3.02043876022e-11, 2.1755770796e-11, 1.10630905478e-11]}, "mfcc": {"mean": [-663.08795166, 89.3288574219, 20.2849960327, 46.951335907, 20.0901050568, 17.7690982819, 3.79901885986, 7.16780948639, 5.83189296722, 7.65878677368, 2.93591117859, 6.99428319931, 2.67002654076], "cov": [[18548.890625, -171.700469971, -930.877197266, 337.499542236, -556.08001709, -337.251831055, -738.16229248, -643.38269043, -457.432556152, -390.09942627, -333.799835205, -120.444908142, -167.209060669], [-171.700469971, 1175.39123535, -266.299804688, 67.6140518188, -5.65209579468, -37.9078941345, 42.5794830322, 98.3867950439, -4.73764419556, 32.7728538513, -52.1751823425, 44.6734619141, 18.2504463196], [-930.877197266, -266.299804688, 368.019927979, -42.6806106567, 63.9636001587, 35.6008338928, 23.3509807587, 34.20728302, 49.3439559937, 18.2572975159, 28.9280471802, -33.63671875, 4.78531217575], [337.499542236, 67.6140518188, -42.6806106567, 149.432830811, -12.0532579422, -31.4397525787, -49.3555335999, -31.4258937836, 22.2677993774, 25.6166572571, -10.9876937866, 16.5613937378, 11.4826879501], [-556.08001709, -5.65209579468, 63.9636001587, -12.0532579422, 95.3293457031, 50.2290725708, 33.0094718933, 10.6583471298, -8.51732444763, 7.80084609985, 23.8089942932, -7.04894018173, -17.0415382385], [-337.251831055, -37.9078941345, 35.6008338928, -31.4397525787, 50.2290725708, 106.284461975, 55.7741546631, 4.27225160599, -43.1339454651, -18.6162986755, 18.4802532196, -5.70116949081, -18.1312828064], [-738.16229248, 42.5794830322, 23.3509807587, -49.3555335999, 33.0094718933, 55.7741546631, 137.701293945, 71.0606765747, 1.37115430832, -11.4934492111, 5.16950893402, 7.77884912491, 13.1160678864], [-643.38269043, 98.3867950439, 34.20728302, -31.4258937836, 10.6583471298, 4.27225160599, 71.0606765747, 129.177871704, 60.4612808228, 12.1100959778, -6.74105596542, 1.78279304504, 12.679309845], [-457.432556152, -4.73764419556, 49.3439559937, 22.2677993774, -8.51732444763, -43.1339454651, 1.37115430832, 60.4612808228, 137.641113281, 60.2625656128, 0.723285913467, 13.8161382675, 29.7225990295], [-390.09942627, 32.7728538513, 18.2572975159, 25.6166572571, 7.80084609985, -18.6162986755, -11.4934492111, 12.1100959778, 60.2625656128, 88.7192764282, 26.9970588684, 4.608314991, 5.89817714691], [-333.799835205, -52.1751823425, 28.9280471802, -10.9876937866, 23.8089942932, 18.4802532196, 5.16950893402, -6.74105596542, 0.723285913467, 26.9970588684, 63.8868904114, 10.8747463226, -10.4665660858], [-120.444908142, 44.6734619141, -33.63671875, 16.5613937378, -7.04894018173, -5.70116949081, 7.77884912491, 1.78279304504, 13.8161382675, 4.608314991, 10.8747463226, 63.6078605652, 33.9600601196], [-167.209060669, 18.2504463196, 4.78531217575, 11.4826879501, -17.0415382385, -18.1312828064, 13.1160678864, 12.679309845, 29.7225990295, 5.89817714691, -10.4665660858, 33.9600601196, 84.3370132446]], "icov": [[0.000107796200609, 2.68242583843e-05, 0.000147506099893, -0.000117041025078, 0.000338049925631, 1.22924329844e-05, 0.000329642789438, 0.000162169788382, 9.65343424468e-05, 0.000311672891257, 0.000223718583584, 0.000137710434501, 0.000127279083245], [2.68242583843e-05, 0.00139247067273, 0.000943174178246, -0.000501400150824, -0.000739114126191, 0.000561224995181, 0.000102139543742, -0.00178766052704, 0.00145761703607, -0.00138237921055, 0.00139003596269, -0.000777681241743, 5.9418285673e-05], [0.000147506099893, 0.000943174178246, 0.00479814363644, 0.000318730832078, -0.00230377074331, -0.000668264750857, 0.00120943365619, -0.000932888768148, -0.00146134675015, 0.000767096760683, -0.000810949888546, 0.0029480997473, -0.00171070045326], [-0.000117041025078, -0.000501400150824, 0.000318730832078, 0.00942452903837, -0.00143164838664, -6.62993697915e-05, 0.00186213408597, 0.00240332540125, -0.0018771411851, -0.00243700761348, 0.00250034336932, -0.00228940579109, -0.000315091543598], [0.000338049925631, -0.000739114126191, -0.00230377074331, -0.00143164838664, 0.0183869451284, -0.00608137482777, -0.000819282431621, 0.00108868384268, 0.000323340966133, -0.000168594880961, -0.00255473610014, 0.000758176203817, 0.00280298222788], [1.22924329844e-05, 0.000561224995181, -0.000668264750857, -6.62993697915e-05, -0.00608137482777, 0.0189144425094, -0.00664073275402, 0.000623831991106, 0.00509129744023, 0.000489770260174, -0.00157118367497, -0.000857134524267, 0.00204794667661], [0.000329642789438, 0.000102139543742, 0.00120943365619, 0.00186213408597, -0.000819282431621, -0.00664073275402, 0.016771722585, -0.00775849632919, 0.00150194577873, 0.00157500407659, 0.000585934903938, -0.000758012000006, -0.00298735615797], [0.000162169788382, -0.00178766052704, -0.000932888768148, 0.00240332540125, 0.00108868384268, 0.000623831991106, -0.00775849632919, 0.0189163126051, -0.00954435579479, 0.00331403128803, 0.000930301728658, 0.00182450155262, 0.00166358135175], [9.65343424468e-05, 0.00145761703607, -0.00146134675015, -0.0018771411851, 0.000323340966133, 0.00509129744023, 0.00150194577873, -0.00954435579479, 0.0198734216392, -0.011221033521, 0.00425599422306, -0.00397070357576, -0.00151641678531], [0.000311672891257, -0.00138237921055, 0.000767096760683, -0.00243700761348, -0.000168594880961, 0.000489770260174, 0.00157500407659, 0.00331403128803, -0.011221033521, 0.0244203060865, -0.0113611416891, 0.00537548866123, -0.000794376595877], [0.000223718583584, 0.00139003596269, -0.000810949888546, 0.00250034336932, -0.00255473610014, -0.00157118367497, 0.000585934903938, 0.000930301728658, 0.00425599422306, -0.0113611416891, 0.0275379661471, -0.00987409707159, 0.00545155350119], [0.000137710434501, -0.000777681241743, 0.0029480997473, -0.00228940579109, 0.000758176203817, -0.000857134524267, -0.000758012000006, 0.00182450155262, -0.00397070357576, 0.00537548866123, -0.00987409707159, 0.0264816116542, -0.0104670803994], [0.000127279083245, 5.9418285673e-05, -0.00171070045326, -0.000315091543598, 0.00280298222788, 0.00204794667661, -0.00298735615797, 0.00166358135175, -0.00151641678531, -0.000794376595877, 0.00545155350119, -0.0104670803994, 0.0189391262829]]}, "spectral_contrast_coeffs": {"dmean": [0.0445491708815, 0.0379246845841, 0.0318572074175, 0.0281735882163, 0.0212158281356, 0.0185618251562], "dmean2": [0.071859754622, 0.0626728758216, 0.0520891360939, 0.0448196828365, 0.0341232307255, 0.0290551520884], "dvar": [0.00169606052805, 0.00111063488293, 0.000679977762047, 0.000630205729976, 0.000402400066378, 0.000355173397111], "dvar2": [0.00440085772425, 0.00282233743928, 0.00176119548269, 0.00144843140151, 0.00096099532675, 0.000824146962259], "max": [-0.414162904024, -0.484300523996, -0.524517178535, -0.583160221577, -0.620552361012, -0.644919395447], "mean": [-0.665383398533, -0.732086777687, -0.79131937027, -0.762415826321, -0.783702075481, -0.75874620676], "median": [-0.67059981823, -0.734425961971, -0.794216275215, -0.763437747955, -0.781682789326, -0.74550896883], "min": [-0.955076515675, -0.961299717426, -0.971235215664, -0.958892524242, -0.964217483997, -0.962403774261], "var": [0.00493342569098, 0.00565798999742, 0.00271457387134, 0.00360938720405, 0.00288342544809, 0.00273964367807]}, "spectral_contrast_valleys": {"dmean": [0.317289680243, 0.306740820408, 0.30179464817, 0.273923039436, 0.276064425707, 0.413348793983], "dmean2": [0.512596845627, 0.496982246637, 0.478497862816, 0.411595761776, 0.374407231808, 0.459589064121], "dvar": [0.138883322477, 0.131122261286, 0.121010385454, 0.120226360857, 0.151947408915, 0.241152003407], "dvar2": [0.226532548666, 0.193831950426, 0.170790076256, 0.140061050653, 0.184627264738, 0.358014047146], "max": [-5.41303920746, -5.45475196838, -6.46155881882, -6.35335350037, -5.36992931366, -7.2185659408