{"lowlevel": {"average_loudness": 0.944781720638, "barkbands_crest": {"dmean": 2.28695893288, "dmean2": 3.67862081528, "dvar": 7.21993637085, "dvar2": 18.4511032104, "max": 26.6560516357, "mean": 11.3645973206, "median": 10.2933349609, "min": 2.01909351349, "var": 24.628572464}, "barkbands_flatness_db": {"dmean": 0.0342683345079, "dmean2": 0.0505953729153, "dvar": 0.00132202077657, "dvar2": 0.00293549499474, "max": 0.672673523426, "mean": 0.189686253667, "median": 0.17724069953, "min": 0.0163844991475, "var": 0.00918243359774}, "barkbands_kurtosis": {"dmean": 9.74851512909, "dmean2": 17.3697509766, "dvar": 2085.80444336, "dvar2": 7783.52294922, "max": 3597.63378906, "mean": 41.97631073, "median": 4.33356571198, "min": -1.88639366627, "var": 74259.6875}, "barkbands_skewness": {"dmean": 0.677409112453, "dmean2": 1.09944403172, "dvar": 0.790369868279, "dvar2": 2.12491822243, "max": 50.0147819519, "mean": 2.59604430199, "median": 1.86141562462, "min": -2.03079819679, "var": 16.9113922119}, "barkbands_spread": {"dmean": 6.91689395905, "dmean2": 10.967007637, "dvar": 97.9596176147, "dvar2": 227.717941284, "max": 105.352897644, "mean": 16.9169807434, "median": 13.4719142914, "min": 0.0566969849169, "var": 172.739974976}, "dissonance": {"dmean": 0.025416135788, "dmean2": 0.0407305508852, "dvar": 0.000715734320693, "dvar2": 0.00175045698415, "max": 0.499994069338, "mean": 0.422398686409, "median": 0.433065652847, "min": 0.111608654261, "var": 0.00269021862186}, "dynamic_complexity": 3.9873111248, "erbbands_crest": {"dmean": 2.2301261425, "dmean2": 3.2931034565, "dvar": 7.2015619278, "dvar2": 15.2661819458, "max": 31.9460411072, "mean": 11.6137809753, "median": 10.0685853958, "min": 1.90843546391, "var": 34.3556442261}, "erbbands_flatness_db": {"dmean": 0.0277015976608, "dmean2": 0.0381963327527, "dvar": 0.00089209433645, "dvar2": 0.00185652112123, "max": 0.466766893864, "mean": 0.177986755967, "median": 0.166001409292, "min": 0.0275997743011, "var": 0.00392545899376}, "erbbands_kurtosis": {"dmean": 1.42732703686, "dmean2": 2.20058846474, "dvar": 7.65111637115, "dvar2": 17.9076919556, "max": 143.268600464, "mean": 2.97030091286, "median": 0.398790359497, "min": -1.86920619011, "var": 151.850875854}, "erbbands_skewness": {"dmean": 0.394927412271, "dmean2": 0.593199968338, "dvar": 0.200425878167, "dvar2": 0.445458889008, "max": 9.61406612396, "mean": 0.976566553116, "median": 0.841309547424, "min": -3.54029345512, "var": 1.36998212337}, "erbbands_spread": {"dmean": 11.1632986069, "dmean2": 16.7615966797, "dvar": 196.855422974, "dvar2": 432.451019287, "max": 170.618484497, "mean": 38.2286567688, "median": 36.3738975525, "min": 1.91821074486, "var": 456.256835938}, "hfc": {"dmean": 10.4817523956, "dmean2": 15.9101047516, "dvar": 279.984680176, "dvar2": 656.124633789, "max": 173.992584229, "mean": 19.8665733337, "median": 14.1556682587, "min": 1.13258032692e-16, "var": 378.874847412}, "melbands_crest": {"dmean": 2.90548372269, "dmean2": 4.79304552078, "dvar": 11.9026088715, "dvar2": 28.7253475189, "max": 34.9331016541, "mean": 15.4936141968, "median": 14.4393482208, "min": 1.75019812584, "var": 35.5243415833}, "melbands_flatness_db": {"dmean": 0.0400385037065, "dmean2": 0.0586368404329, "dvar": 0.00183185888454, "dvar2": 0.00397597812116, "max": 0.836685717106, "mean": 0.265691697598, "median": 0.254840284586, "min": 0.0044533694163, "var": 0.0132832666859}, "melbands_kurtosis": {"dmean": 10.138923645, "dmean2": 16.713558197, "dvar": 647.91595459, "dvar2": 1666.90124512, "max": 943.24420166, "mean": 21.4570541382, "median": 11.3726129532, "min": -1.83608686924, "var": 2459.13989258}, "melbands_skewness": {"dmean": 0.783461391926, "dmean2": 1.24622046947, "dvar": 1.17434751987, "dvar2": 2.78279018402, "max": 23.3118152618, "mean": 2.97329425812, "median": 2.61039018631, "min": -1.34566056728, "var": 3.682980299}, "melbands_spread": {"dmean": 5.87223243713, "dmean2": 9.42101573944, "dvar": 91.8382339478, "dvar2": 212.517120361, "max": 156.083786011, "mean": 15.5464849472, "median": 11.7937870026, "min": 0.250244617462, "var": 186.260818481}, "pitch_salience": {"dmean": 0.0630719438195, "dmean2": 0.101484671235, "dvar": 0.0055410368368, "dvar2": 0.0131782228127, "max": 0.926008820534, "mean": 0.493189573288, "median": 0.490981072187, "min": 0.0719622075558, "var": 0.0230950042605}, "silence_rate_20dB": {"dmean": 0, "dmean2": 0, "dvar": 0, "dvar2": 0, "max": 1, "mean": 1, "median": 1, "min": 1, "var": 0}, "silence_rate_30dB": {"dmean": 0.0421806611121, "dmean2": 0.0843725129962, "dvar": 0.0404021553695, "dvar2": 0.0878694504499, "max": 1, "mean": 0.938328921795, "median": 1, "min": 0, "var": 0.0578724816442}, "silence_rate_60dB": {"dmean": 0.0114073483273, "dmean2": 0.022817723453, "dvar": 0.0112768067047, "dvar2": 0.0241525359452, "max": 1, "mean": 0.0566313005984, "median": 0, "min": 0, "var": 0.0534223914146}, "spectral_centroid": {"dmean": 257.144561768, "dmean2": 396.203430176, "dvar": 140157.234375, "dvar2": 315848.53125, "max": 11555.671875, "mean": 978.16973877, "median": 825.306030273, "min": 83.0056686401, "var": 454422.21875}, "spectral_complexity": {"dmean": 3.52407479286, "dmean2": 5.08225011826, "dvar": 29.1898059845, "dvar2": 53.180267334, "max": 62, "mean": 14.5724134445, "median": 12, "min": 0, "var": 87.7767791748}, "spectral_decrease": {"dmean": 4.27816226889e-09, "dmean2": 7.11636305439e-09, "dvar": 7.01460673799e-17, "dvar2": 2.04743824628e-16, "max": 1.01309704902e-28, "mean": -9.3749221719e-09, "median": -6.5096648072e-09, "min": -7.58693232683e-08, "var": 9.50139356248e-17}, "spectral_energy": {"dmean": 0.0168553180993, "dmean2": 0.0279221292585, "dvar": 0.00103626726195, "dvar2": 0.00300745060667, "max": 0.291256397963, "mean": 0.0371850281954, "median": 0.026375349611, "min": 1.03129768768e-20, "var": 0.00141708774026}, "spectral_energyband_high": {"dmean": 0.000872901931871, "dmean2": 0.00137220113538, "dvar": 2.39449900619e-06, "dvar2": 5.66079279452e-06, "max": 0.0164610482752, "mean": 0.000899105099961, "median": 0.000247577321716, "min": 7.41360058545e-21, "var": 2.53381335824e-06}, "spectral_energyband_low": {"dmean": 0.0122375767678, "dmean2": 0.0216477178037, "dvar": 0.00094753067242, "dvar2": 0.00284246588126, "max": 0.277721881866, "mean": 0.0173928197473, "median": 0.00694731716067, "min": 2.86266578452e-23, "var": 0.0010703119915}, "spectral_energyband_middle_high": {"dmean": 0.00145093584433, "dmean2": 0.00210004136898, "dvar": 8.16691954242e-06, "dvar2": 1.84868804354e-05, "max": 0.0491291508079, "mean": 0.00338702299632, "median": 0.00219876808114, "min": 1.27762155259e-21, "var": 1.605829857e-05}, "spectral_energyband_middle_low": {"dmean": 0.00494627747685, "dmean2": 0.00727213639766, "dvar": 7.44745339034e-05, "dvar2": 0.000173656022525, "max": 0.124847978354, "mean": 0.0164305195212, "median": 0.0123817846179, "min": 2.48483107209e-22, "var": 0.000196927285288}, "spectral_entropy": {"dmean": 0.349221944809, "dmean2": 0.495255768299, "dvar": 0.157352998853, "dvar2": 0.347299784422, "max": 9.82214069366, "mean": 7.01180028915, "median": 7.03209447861, "min": 4.15503358841, "var": 0.586626052856}, "spectral_flux": {"dmean": 0.039300236851, "dmean2": 0.0617070235312, "dvar": 0.00283448025584, "dvar2": 0.00627281004563, "max": 0.460574030876, "mean": 0.0777857527137, "median": 0.0527830421925, "min": 6.51708131905e-11, "var": 0.00562954507768}, "spectral_kurtosis": {"dmean": 3.79302000999, "dmean2": 5.97266864777, "dvar": 46.1752815247, "dvar2": 107.114227295, "max": 137.017196655, "mean": 7.14092874527, "median": 3.97700119019, "min": -1.23286545277, "var": 99.7313156128}, "spectral_rms": {"dmean": 0.00111615960486, "dmean2": 0.00174673483707, "dvar": 2.88721184916e-06, "dvar2": 7.37349000701e-06, "max": 0.0168568249792, "mean": 0.00540237082168, "median": 0.00507267657667, "min": 3.17197743765e-12, "var": 7.0923047133e-06}, "spectral_rolloff": {"dmean": 587.449157715, "dmean2": 1029.16882324, "dvar": 1823668.875, "dvar2": 4584585, "max": 19293.75, "mean": 1064.08691406, "median": 538.330078125, "min": 64.599609375, "var": 2304239.5}, "spectral_skewness": {"dmean": 0.437589257956, "dmean2": 0.65763002634, "dvar": 0.292779117823, "dvar2": 0.644741892815, "max": 9.18684387207, "mean": 1.91791450977, "median": 1.67044019699, "min": -0.0608571618795, "var": 0.889875590801}, "spectral_spread": {"dmean": 1117602.875, "dmean2": 1560818.125, "dvar": 1621199421440.0, "dvar2": 3220483866620.0, "max": 41417976, "mean": 4788750.5, "median": 4610824, "min": 518941, "var": 5473270497280.0}, "spectral_strongpeak": {"dmean": 0.40941464901, "dmean2": 0.684712588787, "dvar": 0.51137304306, "dvar2": 1.26416814327, "max": 21.0295734406, "mean": 0.97361189127, "median": 0.557284235954, "min": 0, "var": 0.992894351482}, "zerocrossingrate": {"dmean": 0.0128485523164, "dmean2": 0.0155755756423, "dvar": 0.000259897118667, "dvar2": 0.000384355080314, "max": 0.515625, "mean": 0.0474831499159, "median": 0.0390625, "min": 0.00244140625, "var": 0.00126062158961}, "barkbands": {"dmean": [0.000904014450498, 0.00935595389456, 0.00319242593832, 0.000609362730756, 0.00122969807126, 0.00129958300386, 0.00212208391167, 0.000867989088874, 0.000390769913793, 0.000519923516549, 0.000230282021221, 0.000131830398459, 0.000102544072433, 0.000155379093485, 0.000131621069158, 0.000286561873509, 0.000154604946147, 0.000130813088617, 0.000177602647454, 0.000152425724082, 0.000127979918034, 0.000210440222872, 0.000115984126751, 0.000214103216422, 0.000132979039336, 4.19088755734e-05, 5.71026612306e-06], "dmean2": [0.00135989824776, 0.0166519209743, 0.00579206040129, 0.0010781044839, 0.00198769150302, 0.00186126853805, 0.00312289153226, 0.00120622932445, 0.00063037162181, 0.000735273817554, 0.000351075519575, 0.000218708766624, 0.000157464004587, 0.000239791246713, 0.000210078040254, 0.000450793886557, 0.000235392013565, 0.000204665542697, 0.000275535654509, 0.000241213536356, 0.00020357077301, 0.000339271471603, 0.000187450074009, 0.000353526236722, 0.000222438029596, 7.10308959242e-05, 9.76801584329e-06], "dvar": [6.2320982579e-06, 0.000623341591563, 0.000107611973363, 2.58949239651e-06, 9.44314160733e-06, 5.28926329935e-06, 2.4139373636e-05, 2.83514214061e-06, 1.51953929617e-06, 2.82611290459e-06, 6.98240455677e-07, 1.64255794743e-07, 6.64994601607e-08, 1.13870108009e-07, 6.59014531834e-08, 5.50770039354e-07, 1.03865573919e-07, 8.59842970158e-08, 1.69561658936e-07, 9.80103607162e-08, 7.39849355114e-08, 2.53344495604e-07, 5.46029141901e-08, 2.37186611685e-07, 1.12108757833e-07, 2.58124899233e-08, 4.2683789836e-10], "dvar2": [1.47242299136e-05, 0.00188671622891, 0.000312189280521, 7.42374413676e-06, 2.55407121585e-05, 1.09973452709e-05, 5.12190235895e-05, 5.54276402909e-06, 4.16110833612e-06, 5.51083439859e-06, 1.74363140104e-06, 4.00017000857e-07, 1.60976384223e-07, 2.82936156282e-07, 1.64228737276e-07, 1.37611016271e-06, 2.39974468741e-07, 2.02767040491e-07, 4.03188266773e-07, 2.27926847174e-07, 1.80535437266e-07, 6.53302890896e-07, 1.26162348124e-07, 5.9337185121e-07, 2.90327619723e-07, 6.94663526701e-08, 1.13621334563e-09], "max": [0.0223909337074, 0.21018512547, 0.106797575951, 0.0199283435941, 0.0420471616089, 0.0399175100029, 0.0557911917567, 0.0328094661236, 0.0230620000511, 0.0477651506662, 0.0202690884471, 0.0112936077639, 0.00765470135957, 0.00461032800376, 0.00278142676689, 0.0112217068672, 0.00447438564152, 0.00484835915267, 0.00537036033347, 0.00354362465441, 0.00298278708942, 0.00635960930958, 0.002290769713, 0.00717559549958, 0.00624566106126, 0.00345529476181, 0.000450009247288], "mean": [0.000931768910959, 0.011571331881, 0.00426060659811, 0.0011340827914, 0.00313191954046, 0.00399259431288, 0.00379215041175, 0.00304358080029, 0.000749906583223, 0.00114461150952, 0.000505185220391, 0.000192829073058, 0.000177979236469, 0.000244781433139, 0.000215634863707, 0.000444642821094, 0.000275540951407, 0.000174206827069, 0.000221004869672, 0.000173530628672, 0.000143290351843, 0.000219102454139, 0.000112681773317, 0.00018956058193, 0.000106190753286, 3.1942006899e-05, 4.37243852502e-06], "median": [5.08033645019e-06, 0.00239476957358, 0.00211483892053, 0.000481529219542, 0.0019893606659, 0.00200808653608, 0.00136224366724, 0.00123321462888, 0.000206513941521, 0.000255766615737, 0.00016795778356, 8.54139361763e-05, 6.63684477331e-05, 9.91504930425e-05, 9.00388404261e-05, 0.000143211873365, 8.14701488707e-05, 4.16214679717e-05, 6.05474306212e-05, 3.80297315132e-05, 3.00888787024e-05, 4.29093051935e-05, 1.76642697625e-05, 3.3696720493e-05, 1.3456276065e-05, 2.55095528701e-06, 1.87780926808e-07], "min": [4.45241890706e-24, 2.08182325597e-24, 8.83285504538e-24, 5.30348819997e-24, 2.19743074274e-23, 2.22398017205e-23, 1.48649367551e-23, 4.44811251538e-24, 5.00060821086e-23, 2.58899321265e-23, 2.22110540514e-23, 3.76894200905e-23, 4.43083291168e-23, 5.37423103714e-23, 9.41871458732e-23, 9.80410532505e-23, 9.93205035972e-23, 1.07528279461e-22, 1.5139583728e-22, 1.77145670865e-22, 3.08936232058e-22, 4.31743649158e-22, 5.18223150671e-22, 7.44133829803e-22, 9.89032555007e-22, 1.4604897593e-21, 2.05619773109e-21], "var": [7.77081550041e-06, 0.000684854690917, 7.23853954696e-05, 2.5269962407e-06, 1.30760608954e-05, 2.67121995421e-05, 4.51238374808e-05, 2.16394528252e-05, 2.02807405003e-06, 9.21654827835e-06, 1.25209942325e-06, 1.98828672637e-07, 1.86874515862e-07, 1.53073287379e-07, 1.1222775953e-07, 7.63778245982e-07, 2.44846972919e-07, 1.2175212305e-07, 1.86762747489e-07, 1.1279239942e-07, 8.0064978647e-08, 2.30973341786e-07, 5.66999460716e-08, 2.06531467484e-07, 8.64177280846e-08, 1.76693433218e-08, 3.0040447907e-10]}, "erbbands": {"dmean": [0.348514556885, 1.8614538908, 3.84862208366, 2.59853219986, 3.09238123894, 4.22203922272, 4.91900920868, 12.5501861572, 32.6797790527, 25.885263443, 12.6603527069, 9.89301300049, 15.393324852, 10.4739933014, 11.2092237473, 4.89088153839, 5.01218748093, 7.58665513992, 5.73144817352, 11.7892446518, 11.5582933426, 6.60540103912, 7.51973724365, 6.51273918152, 11.1391439438, 7.19366168976, 6.22556686401, 5.14065933228, 7.94190168381, 5.13737821579, 3.27600908279, 2.711810112, 4.2134475708, 1.15252959728, 1.32189261913, 0.285235822201, 0.0980166122317, 0.0120110027492, 0.00102484587114, 4.70098166261e-05], "dmean2": [0.591285705566, 3.33617925644, 6.72295331955, 4.71182537079, 5.18704938889, 6.87323617935, 7.18043804169, 18.4081573486, 45.8984985352, 38.1140785217, 18.2051010132, 15.3545808792, 23.1715164185, 14.3193883896, 17.0143928528, 7.78792095184, 7.66013908386, 11.682182312, 8.7826089859, 18.800819397, 17.6997470856, 10.2290468216, 11.6979513168, 9.49797058105, 17.5978317261, 11.2050704956, 9.73869132996, 8.229139328, 12.801776886, 8.10006427765, 5.37344503403, 4.44514608383, 7.0256357193, 1.90339612961, 2.24127078056, 0.477659851313, 0.16956795752, 0.0206041466445, 0.00172484549694, 7.86506789154e-05], "dvar": [1.05425906181, 29.7488555908, 158.087265015, 65.2246704102, 64.3578033447, 116.404891968, 85.8415679932, 524.253051758, 5262.46728516, 2769.99023438, 972.713806152, 824.30670166, 1789.79492188, 2730.1237793, 1439.42004395, 251.763214111, 154.619125366, 255.312469482, 194.429107666, 612.97253418, 696.882751465, 182.359985352, 213.898712158, 155.836517334, 794.044921875, 219.831817627, 145.380126953, 148.245330811, 410.68637085, 122.942497253, 50.9841957092, 42.6790351868, 97.981590271, 9.41931724548, 12.9958343506, 0.552916765213, 0.334477901459, 0.00145241303835, 1.14628574011e-05, 1.94699794065e-08], "dvar2": [2.88566088676, 87.2687911987, 440.7265625, 188.929611206, 169.026367188, 320.129180908, 190.030456543, 1170.84057617, 10778.0273438, 6814.85253906, 1714.51379395, 2215.2722168, 4079.96801758, 4830.80371094, 3517.65380859, 558.831298828, 364.804595947, 639.212036133, 473.852111816, 1525.23278809, 1745.29138184, 448.841064453, 502.24319458, 327.189361572, 1927.74121094, 514.017089844, 356.505950928, 365.797821045, 1055.25085449, 291.185913086, 120.888198853, 97.2308502197, 258.504852295, 24.1875858307, 34.2340545654, 1.44050431252, 0.910126626492, 0.00393075775355, 2.96781199722e-05, 5.20131209214e-08], "max": [10.4514579773, 51.6576728821, 128.667251587, 97.1399917603, 99.3230209351, 158.08152771, 143.234725952, 502.699859619, 847.552612305, 1045.42871094, 897.14239502, 577.654296875, 888.921569824, 1785.20715332, 988.786804199, 579.349304199, 393.616149902, 274.844909668, 229.935455322, 308.97769165, 376.921966553, 208.409729004, 217.813934326, 152.18586731, 363.316223145, 152.006561279, 118.477165222, 166.169158936, 304.48147583, 113.594100952, 85.7446594238, 111.218254089, 100.754478455, 70.6366348267, 58.8709487915, 18.025718689, 14.3342294693, 0.548427820206, 0.0632271170616, 0.00417742086574], "mean": [0.38619145751, 2.32024741173, 5.03338670731, 4.72476243973, 5.33041238785, 10.7638397217, 16.6056060791, 37.7852973938, 66.2371368408, 64.0222473145, 41.320350647, 22.7077121735, 31.1434631348, 24.1669521332, 24.5877933502, 9.03219223022, 9.27149868011, 12.6164131165, 10.0579614639, 19.1191673279, 19.4340286255, 11.5728807449, 11.8652935028, 9.41441726685, 12.4210004807, 8.28028583527, 6.99060678482, 5.44727230072, 7.9545135498, 5.50475358963, 3.09222316742, 2.53574562073, 3.63832998276, 0.999979913235, 1.00484442711, 0.224278867245, 0.0697651803493, 0.00892850477248, 0.000817053136416, 6.63645550958e-05], "median": [0.0377715453506, 0.655182242393, 2.77614736557, 1.94486367702, 2.46586751938, 6.30157566071, 9.43334197998, 16.5776786804, 23.3916511536, 34.4329910278, 15.9890651703, 8.3462305069, 9.91311168671, 4.29762363434, 9.73825645447, 4.84906482697, 3.89254188538, 5.71113491058, 4.49602031708, 7.99025583267, 8.06892585754, 4.00530338287, 3.25177574158, 2.86993360519, 2.97648596764, 2.01396131516, 1.45398545265, 1.07716560364, 1.48149561882, 1.0522518158, 0.438219845295, 0.452542543411, 0.571224212646, 0.167236357927, 0.0968670397997, 0.0238145813346, 0.00369375175796, 0.000532517908141, 6.64825784042e-05, 3.84402337659e-05], "min": [4.99183039779e-23, 9.10703438149e-22, 7.33034291809e-21, 2.04200148616e-20, 4.9095486107e-20, 3.95090250318e-20, 5.20853045817e-20, 2.28335815169e-19, 1.94297397585e-19, 2.70699792692e-19, 6.52241890864e-19, 1.04485649947e-18, 1.23560104e-18, 1.44327579632e-18, 1.10152612625e-18, 1.69145355474e-18, 1.94818715242e-18, 3.33046592659e-18, 2.94539163795e-18, 4.96432361906e-18, 6.23279474865e-18, 6.27830291723e-18, 5.6759872183e-18, 7.0946412599e-18, 8.22150940838e-18, 1.00240377064e-17, 1.11658463911e-17, 1.04597799094e-17, 1.43372717488e-17, 1.38925761428e-17, 1.41630129179e-17, 1.07488456191e-17, 1.19433605981e-17, 9.64721061522e-18, 7.27459440216e-18, 4.8894861075e-18, 2.92702347207e-18, 1.038399631e-18, 2.25145818986e-19, 3.18654399633e-20], "var": [1.17340171337, 27.8003883362, 113.024711609, 58.5980529785, 68.8676376343, 174.232299805, 322.482971191, 2462.40966797, 11698.9492188, 7277.14941406, 7214.25634766, 1408.26586914, 4328.95947266, 9968.64550781, 2632.32202148, 388.492950439, 471.819366455, 348.329223633, 315.131103516, 872.879699707, 1022.51098633, 353.070678711, 397.00881958, 271.39831543, 770.761779785, 245.703598022, 167.950134277, 144.82585144, 373.909210205, 132.248931885, 50.3148193359, 43.592628479, 76.8626327515, 7.59218025208, 9.5372095108, 0.417618721724, 0.219761967659, 0.000989957712591, 8.65274796524e-06, 1.48819738754e-08]}, "gfcc": {"mean": [-32.7357368469, 107.55254364, -99.9020004272, 29.7440719604, -63.1973419189, 5.62222719193, -40.9404144287, 8.59083080292, -14.3889331818, 3.2978708744, -10.6223955154, -2.28391551971, -6.28133296967], "cov": [[20449.0273438, -1761.7902832, -2441.14379883, -606.365478516, -1980.31604004, 151.283996582, -870.020690918, 543.970275879, -250.092285156, 425.272979736, -523.424560547, 50.6419410706, -390.756195068], [-1761.7902832, 2209.9152832, -143.767562866, -191.794219971, 486.302825928, -233.587158203, 280.234344482, -189.881317139, 259.508575439, -197.477005005, 252.614593506, -193.555450439, 189.004516602], [-2441.14379883, -143.767562866, 1402.17749023, 375.974243164, 429.361022949, 478.30758667, 229.976974487, 191.119857788, 0.218182235956, 61.839630127, 28.9408035278, 44.1810493469, -5.89143276215], [-606.365478516, -191.794219971, 375.974243164, 598.667724609, 224.075820923, 182.925140381, 205.026168823, 109.664398193, 95.6064147949, 46.4980010986, 25.2017421722, 40.322063446, -5.29028081894], [-1980.31604004, 486.302825928, 429.361022949, 224.075820923, 546.82244873, 107.96207428, 234.102645874, 33.2118301392, 115.992378235, -27.8447971344, 101.093254089, 6.35005378723, 60.2599906921], [151.283996582, -233.587158203, 478.30758667, 182.925140381, 107.96207428, 481.673828125, 140.775726318, 163.207687378, -26.0472640991, 7.06641626358, -58.7030715942, 3.82164335251, -41.1629638672], [-870.020690918, 280.234344482, 229.976974487, 205.026168823, 234.102645874, 140.775726318, 368.368469238, 42.750793457, 68.1706237793, -57.7023277283, 28.9972324371, -35.5303955078, 14.4684801102], [543.970275879, -189.881317139, 191.119857788, 109.664398193, 33.2118301392, 163.207687378, 42.750793457, 236.73487854, 23.9816799164, 52.8531494141, -12.1689338684, 19.6852836609, -11.4634389877], [-250.092285156, 259.508575439, 0.218182235956, 95.6064147949, 115.992378235, -26.0472640991, 68.1706237793, 23.9816799164, 186.585388184, 6.9115190506, 42.1596488953, -9.89576053619, 29.5160827637], [425.272979736, -197.477005005, 61.839630127, 46.4980010986, -27.8447971344, 7.06641626358, -57.7023277283, 52.8531494141, 6.9115190506, 152.132705688, 28.3194217682, 36.6171569824, -0.0832943916321], [-523.424560547, 252.614593506, 28.9408035278, 25.2017421722, 101.093254089, -58.7030715942, 28.9972324371, -12.1689338684, 42.1596488953, 28.3194217682, 139.069335938, 15.3637399673, 52.8806152344], [50.6419410706, -193.555450439, 44.1810493469, 40.322063446, 6.35005378723, 3.82164335251, -35.5303955078, 19.6852836609, -9.89576053619, 36.6171569824, 15.3637399673, 127.256828308, 27.373090744], [-390.756195068, 189.004516602, -5.89143276215, -5.29028081894, 60.2599906921, -41.1629638672, 14.4684801102, -11.4634389877, 29.5160827637, -0.0832943916321, 52.8806152344, 27.373090744, 121.257843018]], "icov": [[0.000153566274093, -0.00019106255786, 0.000321742787492, -8.8593827968e-05, 0.0004078274942, -0.000315701210639, 9.50108587858e-05, -0.000417540228227, 0.000104502636532, -0.000507976394147, 0.000370039691916, -0.000316029269015, 0.00032797435415], [-0.00019106255786, 0.00182877213228, -0.000284197798464, 0.000996175222099, -0.00143930898048, 0.000459598202724, -0.000581640400924, 0.00102037622128, -0.001440230757, 0.00178076326847, -0.00229856721126, 0.00237145484425, -0.00158053135965], [0.000321742787492, -0.000284197798464, 0.00220606615767, -0.000399208191084, -0.00026520161191, -0.00177430489566, 0.000265434995526, -0.000968782638665, 0.000768151658121, -0.00155750021804, 0.000532346661203, -0.000614967080764, 0.000694405985996], [-8.8593827968e-05, 0.000996175222099, -0.000399208191084, 0.00330181256868, -0.00104877061676, -2.54097903962e-05, -0.00146942236461, 0.000315969897201, -0.00178536085878, 4.39219438704e-05, -0.000998453702778, 0.000244782830123, -0.00018102179456], [0.0004078274942, -0.00143930898048, -0.00026520161191, -0.00104877061676, 0.00567309325561, -0.00075831101276, -0.000714852940291, -0.00105122604873, -0.000429203850217, -0.000897504738532, 0.000216559506953, -0.00222344114445, 0.000919593439903], [-0.000315701210639, 0.000459598202724, -0.00177430489566, -2.54097903962e-05, -0.00075831101276, 0.00512848282233, -0.00118758482859, -0.00108620035462, 0.000575165555347, 0.00139336835127, 0.000799701781943, 0.000787175144069, -0.00032973010093], [9.50108587858e-05, -0.000581640400924, 0.000265434995526, -0.00146942236461, -0.000714852940291, -0.00118758482859, 0.0052438233979, -0.000574007630348, 6.14883538219e-05, 0.00126164837275, 5.82760840189e-05, 0.000657008436974, 0.000245883566095], [-0.000417540228227, 0.00102037622128, -0.000968782638665, 0.000315969897201, -0.00105122604873, -0.00108620035462, -0.000574007630348, 0.00765659287572, -0.00187772663776, -0.000164614059031, -0.00121316465084, 0.00101499189623, -0.001266373205], [0.000104502636532, -0.001440230757, 0.000768151658121, -0.00178536085878, -0.000429203850217, 0.000575165555347, 6.14883538219e-05, -0.00187772663776, 0.00869411602616, -0.00183988199569, 0.00126945180818, -0.000619348429609, 0.000233425598708], [-0.000507976394147, 0.00178076326847, -0.00155750021804, 4.39219438704e-05, -0.000897504738532, 0.00139336835127, 0.00126164837275, -0.000164614059031, -0.00183988199569, 0.012061576359, -0.00545074697584, 0.00111005711369, -0.0011508470634], [0.000370039691916, -0.00229856721126, 0.000532346661203, -0.000998453702778, 0.000216559506953, 0.000799701781943, 5.82760840189e-05, -0.00121316465084, 0.00126945180818, -0.00545074697584, 0.0143711157143, -0.00318216672167, -0.00106190156657], [-0.000316029269015, 0.00237145484425, -0.000614967080764, 0.000244782830123, -0.00222344114445, 0.000787175144069, 0.000657008436974, 0.00101499189623, -0.000619348429609, 0.00111005711369, -0.00318216672167, 0.0128703322262, -0.00471037905663], [0.00032797435415, -0.00158053135965, 0.000694405985996, -0.00018102179456, 0.000919593439903, -0.00032973010093, 0.000245883566095, -0.001266373205, 0.000233425598708, -0.0011508470634, -0.00106190156657, -0.00471037905663, 0.0125440387055]]}, "melbands": {"dmean": [0.00277485395782, 0.00206536683254, 0.000455926317954, 0.000265662529273, 0.000180496906978, 0.000290810858132, 0.000486821925733, 0.000264779228019, 9.02931860765e-05, 6.15909812041e-05, 7.6637530583e-05, 4.36917944171e-05, 3.33532843797e-05, 2.0380011847e-05, 1.06756642708e-05, 9.69914981397e-06, 1.57991653396e-05, 9.56991152634e-06, 8.96686560736e-06, 2.64271147898e-05, 1.05011531559e-05, 6.48568720862e-06, 9.24482719711e-06, 6.87623105478e-06, 5.12790666107e-06, 8.00039197202e-06, 6.14896725892e-06, 4.96029588248e-06, 4.42433110948e-06, 3.18260913446e-06, 3.10684777105e-06, 4.96859411214e-06, 3.57623684977e-06, 2.57350484389e-06, 1.93579012375e-06, 1.47216564983e-06, 1.84248267487e-06, 3.17907051794e-06, 2.19284947889e-06, 6.19823765646e-07], "dmean2": [0.00483578443527, 0.00361253251322, 0.000814120285213, 0.00045113672968, 0.000259938155068, 0.000419789022999, 0.000688083586283, 0.000385178864235, 0.000130298096337, 9.72661218839e-05, 0.000115520240797, 5.98940241616e-05, 5.13401137141e-05, 3.23444473906e-05, 1.66635527421e-05, 1.50432597366e-05, 2.43488539127e-05, 1.49252027768e-05, 1.44783853102e-05, 4.16787115682e-05, 1.57721715368e-05, 9.74396243691e-06, 1.51522117449e-05, 1.0654430298e-05, 7.58016039981e-06, 1.28522551677e-05, 9.47783337324e-06, 7.97369739303e-06, 7.09120195097e-06, 5.14370458404e-06, 5.07813274453e-06, 8.11226800579e-06, 5.81183485338e-06, 4.0565796553e-06, 3.22907749251e-06, 2.45212640948e-06, 3.01845170725e-06, 5.34683294973e-06, 3.68502765014e-06, 1.03293257325e-06], "dvar": [5.6438788306e-05, 4.27589839092e-05, 1.65511050909e-06, 5.92359583607e-07, 1.11175715745e-07, 2.74659186061e-07, 1.19480796457e-06, 2.73232245718e-07, 5.70402356459e-08, 3.3903841512e-08, 4.47954455751e-08, 5.29905932467e-08, 1.41266705e-08, 3.55007645503e-09, 9.00381436075e-10, 5.58674495554e-10, 1.04861264116e-09, 6.27409790788e-10, 3.36742300711e-10, 4.44175984882e-09, 5.00819052895e-10, 2.21752630147e-10, 4.00383670662e-10, 2.76855011139e-10, 1.08862689696e-10, 4.71760908116e-10, 2.05050074142e-10, 1.25349217117e-10, 8.06271993614e-11, 5.47138029328e-11, 7.11814635013e-11, 1.88697377168e-10, 7.53126658259e-11, 2.79922300617e-11, 1.89213419238e-11, 1.36033025122e-11, 2.61195197415e-11, 5.34894281645e-11, 4.24538806887e-11, 8.83371587684e-12], "dvar2": [0.000166025434737, 0.000116949056974, 4.75551314594e-06, 1.63705851719e-06, 2.52025500913e-07, 5.84265137604e-07, 2.45591536441e-06, 6.6005827648e-07, 1.03981051325e-07, 9.18628160207e-08, 1.02550146153e-07, 9.34515185236e-08, 3.57648382021e-08, 8.60682369819e-09, 2.23673080058e-09, 1.36601230327e-09, 2.62713051313e-09, 1.56197177414e-09, 8.65478300138e-10, 1.09474305177e-08, 1.207067446e-09, 5.17641152165e-10, 1.01103081462e-09, 6.35544616934e-10, 2.26706264872e-10, 1.15909792875e-09, 4.84790096955e-10, 3.10403064363e-10, 2.01366798236e-10, 1.41352665683e-10, 1.82791295988e-10, 4.94275842478e-10, 1.91000951166e-10, 6.45113823472e-11, 4.59389921936e-11, 3.22807752751e-11, 5.94093385597e-11, 1.41792771968e-10, 1.09701775441e-10, 2.36408202042e-11], "max": [0.0729818418622, 0.0691081732512, 0.0149103952572, 0.0111252516508, 0.00562986498699, 0.00969296135008, 0.0127979265526, 0.0100989053026, 0.00671380711719, 0.00360436947085, 0.00440750736743, 0.00791281461716, 0.00276661175303, 0.00124267232604, 0.000903898209799, 0.000517503242008, 0.000550965196453, 0.000428550090874, 0.000209152611205, 0.00100041436963, 0.000295702397125, 0.000262270186795, 0.000352791888872, 0.000289684976451, 0.000129975975142, 0.000316770572681, 0.000290921190754, 0.000137031966005, 8.38136984385e-05, 9.04600601643e-05, 0.000135666778078, 0.000201960458071, 0.000118143485452, 5.20023822901e-05, 4.65357661596e-05, 4.71121529699e-05, 0.000110223001684, 6.69909641147e-05, 0.000139128882438, 9.66124716797e-05], "mean": [0.00327465706505, 0.00290557323024, 0.000854203070048, 0.000525121402461, 0.000626566528808, 0.0008648756193, 0.000963140570093, 0.000711955188308, 0.000288429146167, 0.000127101928229, 0.000152165390318, 9.73371861619e-05, 7.27460646885e-05, 3.80707861041e-05, 1.8762806576e-05, 1.63659624377e-05, 2.56041585089e-05, 1.55845918925e-05, 1.44996774907e-05, 4.0981820348e-05, 1.78873615369e-05, 1.08528565761e-05, 1.51542217282e-05, 9.00145369087e-06, 7.12555083737e-06, 8.63625336933e-06, 7.05739148543e-06, 5.25247878613e-06, 4.61326590084e-06, 3.53472250936e-06, 3.0681806038e-06, 4.79746722704e-06, 3.73541797671e-06, 2.70507507594e-06, 1.77581807748e-06, 1.3254912119e-06, 1.69323982391e-06, 2.68169742412e-06, 1.85224052984e-06, 5.26147232449e-07], "median": [0.000527962110937, 0.00148340256419, 0.000454508233815, 0.00032405386446, 0.000389651686419, 0.000383997015888, 0.000337166828103, 0.000374951341655, 0.000100013785413, 4.53560278402e-05, 4.42734635726e-05, 1.21953798953e-05, 2.80511048913e-05, 1.69114100572e-05, 8.47021692607e-06, 6.31109742244e-06, 1.06217166831e-05, 6.28827046967e-06, 6.2468006945e-06, 1.30287726279e-05, 7.10032509232e-06, 3.14389762934e-06, 3.4773115658e-06, 1.93439700524e-06, 1.91812341654e-06, 1.79043729531e-06, 1.52654274643e-06, 9.89518866845e-07, 7.85634711065e-07, 7.72711473473e-07, 4.6452325364e-07, 7.7153026723e-07, 6.39219422283e-07, 4.84570023218e-07, 1.96977083533e-07, 1.47357781088e-07, 2.3720150466e-07, 3.97186198597e-07, 2.42635962877e-07, 6.07755197279e-08], "min": [8.70545282589e-25, 4.38426960789e-24, 4.41240038777e-24, 4.48491997635e-24, 1.71154851314e-24, 5.31315253492e-24, 2.91683351022e-24, 2.98433732396e-24, 7.00596757372e-24, 6.90203909376e-24, 5.91316802804e-24, 5.57583059459e-24, 2.8906476669e-24, 4.36977113331e-24, 4.9581292344e-24, 3.03082706647e-24, 6.1077662083e-24, 3.7876907873e-24, 5.92165301594e-24, 6.42932169048e-24, 7.18929490378e-24, 6.82201941011e-24, 4.67629920968e-24, 4.90110997374e-24, 5.58177347822e-24, 5.2516781823e-24, 5.16623429107e-24, 5.45241488369e-24, 7.35963837221e-24, 6.8293826378e-24, 4.59499723264e-24, 8.10706830269e-24, 7.4877115179e-24, 7.12399063147e-24, 7.33528860265e-24, 6.66958939512e-24, 5.66201995937e-24, 7.68442818411e-24, 6.88902919971e-24, 7.62478951082e-24], "var": [6.42561208224e-05, 3.55531665264e-05, 1.46023251091e-06, 5.34697960575e-07, 4.26107078511e-07, 1.32026809752e-06, 2.5743918286e-06, 9.42425572248e-07, 3.98698944082e-07, 4.91650489209e-08, 1.07981271924e-07, 1.95007828552e-07, 2.4400391041e-08, 5.48007550449e-09, 1.93426696882e-09, 1.14914966431e-09, 1.51255541425e-09, 8.51128667545e-10, 4.83216022751e-10, 6.27568486067e-09, 8.36819114003e-10, 4.18321460804e-10, 9.06850761151e-10, 3.87563231508e-10, 1.85389786855e-10, 4.38963809746e-10, 2.25915577912e-10, 1.2207408695e-10, 8.52079656832e-11, 5.23467623414e-11, 6.24934756721e-11, 1.59808402622e-10, 7.18617387818e-11, 3.10298106654e-11, 1.76822688436e-11, 1.28572829466e-11, 2.70764955596e-11, 4.11199546635e-11, 3.30944681382e-11, 6.35374305252e-12]}, "mfcc": {"mean": [-675.551696777, 135.28678894, 16.7198734283, 24.1958408356, 3.37228798866, -0.94673627615, -9.76945590973, -2.08014416695, 0.418259710073, 1.06310164928, -0.55309766531, 2.26668810844, 4.42673921585], "cov": [[11511.5097656, -708.052612305, -525.97668457, -168.729263306, -668.432495117, -451.874420166, -507.482086182, -242.159301758, -117.97265625, -45.2823677063, -33.7681808472, -39.0265922546, -25.2745761871], [-708.052612305, 2158.6796875, -289.580322266, -47.1836204529, 118.227989197, -59.100818634, -21.7648830414, -62.7793502808, -16.6035003662, 9.35657691956, 6.25580120087, -45.0955619812, 16.2279891968], [-525.97668457, -289.580322266, 790.696594238, 57.4903831482, 200.711151123, 229.099960327, 255.845077515, 180.038009644, 156.339553833, 94.3522262573, 71.1534042358, 81.9723739624, 7.54470968246], [-168.729263306, -47.1836204529, 57.4903831482, 391.022674561, 99.9424819946, 112.558998108, 84.9222793579, 88.2007675171, 83.7695617676, 77.6183242798, 67.8980026245, 68.8298339844, 57.4085655212], [-668.432495117, 118.227989197, 200.711151123, 99.9424819946, 315.949432373, 127.563446045, 100.98638916, 95.0631027222, 88.1712036133, 40.5535964966, 78.0402603149, 66.0173950195, 42.6245536804], [-451.874420166, -59.100818634, 229.099960327, 112.558998108, 127.563446045, 277.910339355, 184.850006104, 148.769607544, 113.416160583, 53.3725891113, 39.9744987488, 44.6614303589, 32.6963348389], [-507.482086182, -21.7648830414, 255.845077515, 84.9222793579, 100.98638916, 184.850006104, 333.784118652, 181.779556274, 118.431167603, 90.1565246582, 19.9129734039, 77.3700332642, -4.80285358429], [-242.159301758, -62.7793502808, 180.038009644, 88.2007675171, 95.0631027222, 148.769607544, 181.779556274, 256.226165771, 147.130111694, 58.4983825684, 32.3000869751, 60.9786453247, 4.02638483047], [-117.97265625, -16.6035003662, 156.339553833, 83.7695617676, 88.1712036133, 113.416160583, 118.431167603, 147.130111694, 197.647918701, 74.1536941528, 37.3825683594, 56.696559906, 28.1492824554], [-45.2823677063, 9.35657691956, 94.3522262573, 77.6183242798, 40.5535964966, 53.3725891113, 90.1565246582, 58.4983825684, 74.1536941528, 146.183822632, 40.6167030334, 33.8079833984, -7.93417978287], [-33.7681808472, 6.25580120087, 71.1534042358, 67.8980026245, 78.0402603149, 39.9744987488, 19.9129734039, 32.3000869751, 37.3825683594, 40.6167030334, 136.636825562, 21.6104717255, 10.8010654449], [-39.0265922546, -45.0955619812, 81.9723739624, 68.8298339844, 66.0173950195, 44.6614303589, 77.3700332642, 60.9786453247, 56.696559906, 33.8079833984, 21.6104717255, 174.055908203, 56.8396492004], [-25.2745761871, 16.2279891968, 7.54470968246, 57.4085655212, 42.6245536804, 32.6963348389, -4.80285358429, 4.02638483047, 28.1492824554, -7.93417978287, 10.8010654449, 56.8396492004, 163.867706299]], "icov": [[0.000107955929707, 2.50521152338e-05, 5.80559753871e-06, 8.48721447255e-06, 0.000219241905143, 6.39816935291e-05, 0.000137697468745, -2.94384644803e-05, -7.65772856539e-05, -5.32247067895e-05, -8.90946466825e-05, -7.58077367209e-05, -1.13611476991e-05], [2.50521152338e-05, 0.000553720863536, 0.000334126758389, 0.000148656370584, -0.00041664505261, 0.000133564462885, -0.000217016771785, 0.000175334789674, -0.000133453198941, -0.000172899512108, -1.42093203976e-05, 0.000204079755349, -0.000102675548987], [5.80559753871e-06, 0.000334126758389, 0.00223108101636, 0.000550731376279, -0.00088607519865, -0.000720295240171, -0.00093134958297, 0.00018814719806, -0.00053947273409, -0.000337965495419, -0.000393687631004, -6.71268426231e-05, 0.000139965719427], [8.48721447255e-06, 0.000148656370584, 0.000550731376279, 0.00358536466956, -0.000435977010056, -0.000932855706196, 5.62116110814e-05, -0.000323694112012, -6.49145367788e-05, -0.00135357363615, -0.000922668725252, -0.000479540787637, -0.0008129455382], [0.000219241905143, -0.00041664505261, -0.00088607519865, -0.000435977010056, 0.005657073576, -0.000963093421888, 0.000485618016683, -0.000336482800776, -0.000503307208419, 0.000550249416847, -0.00202145287767, -0.0010322079761, -0.000383841339499], [6.39816935291e-05, 0.000133564462885, -0.000720295240171, -0.000932855706196, -0.000963093421888, 0.00776370707899, -0.00257451506332, -0.00130027125124, -0.000908388348762, 0.000667324464303, -0.000252888567047, 0.0013338115532, -0.00124308676459], [0.000137697468745, -0.000217016771785, -0.00093134958297, 5.62116110814e-05, 0.000485618016683, -0.00257451506332, 0.00745182996616, -0.00291052134708, 0.000687544757966, -0.00224350881763, 0.00124600436538, -0.00170293229166, 0.0010250355117], [-2.94384644803e-05, 0.000175334789674, 0.00018814719806, -0.000323694112012, -0.000336482800776, -0.00130027125124, -0.00291052134708, 0.00950128398836, -0.00492862379178, 0.00135210785083, -0.000269819138339, -0.000517681182828, 0.00122049706988], [-7.65772856539e-05, -0.000133453198941, -0.00053947273409, -6.49145367788e-05, -0.000503307208419, -0.000908388348762, 0.000687544757966, -0.00492862379178, 0.0109590981156, -0.00315663148649, 3.69271656382e-05, -0.000436198839452, -0.00138412578963], [-5.32247067895e-05, -0.000172899512108, -0.000337965495419, -0.00135357363615, 0.000550249416847, 0.000667324464303, -0.00224350881763, 0.00135210785083, -0.00315663148649, 0.01055855304, -0.00197477592155, -0.000476954242913, 0.00147249607835], [-8.90946466825e-05, -1.42093203976e-05, -0.000393687631004, -0.000922668725252, -0.00202145287767, -0.000252888567047, 0.00124600436538, -0.000269819138339, 3.69271656382e-05, -0.00197477592155, 0.00963091477752, 6.24990707365e-06, 0.000209521807847], [-7.58077367209e-05, 0.000204079755349, -6.71268426231e-05, -0.000479540787637, -0.0010322079761, 0.0013338115532, -0.00170293229166, -0.000517681182828, -0.000436198839452, -0.000476954242913, 6.24990707365e-06, 0.00808937754482, -0.00265012541786], [-1.13611476991e-05, -0.000102675548987, 0.000139965719427, -0.0008129455382, -0.000383841339499, -0.00124308676459, 0.0010250355117, 0.00122049706988, -0.00138412578963, 0.00147249607835, 0.000209521807847, -0.00265012541786, 0.00795166939497]]}, "spectral_contrast_coeffs": {"dmean": [0.0441786721349, 0.0468011051416, 0.0404539965093, 0.0362421572208, 0.0309798680246, 0.0216162223369], "dmean2": [0.0709746107459, 0.0719915404916, 0.061030715704, 0.0551395229995, 0.0469687543809, 0.0338006094098], "dvar": [0.00200652657077, 0.00247911526822, 0.00171233958099, 0.00133605650626, 0.000966996711213, 0.000407772575272], "dvar2": [0.00449329707772, 0.00549424951896, 0.00357259064913, 0.00265812478028, 0.00185274903197, 0.000924423919059], "max": [-0.238544732332, -0.289322882891, -0.424534738064, -0.505624890327, -0.572905361652, -0.596076488495], "mean": [-0.604392766953, -0.622357189655, -0.687794387341, -0.721090555191, -0.767062664032, -0.755438745022], "median": [-0.607880890369, -0.615555107594, -0.683941245079, -0.719222664833, -0.774626672268, -0.752855539322], "min": [-0.977380812168, -0.98616951704, -0.981538832188, -0.970252275467, -0.968306958675, -0.963256120682], "var": [0.0111157149076, 0.0106554888189, 0.00835871789604, 0.00646833283827, 0.00386986602098, 0.00173167395405]}, "spectral_contrast_valleys": {"dmean": [0.435235351324, 0.453115999699, 0.456562817097, 0.450721621513, 0.54792624712, 0.733651041985], "dmean2": [0.6753013134, 0.688539326191, 0.688490092754, 0.660698413849, 0.747057795525, 0.958479881287], "dvar": [0.257307529449, 0.296886146069, 0.305758625269, 0.299650728703, 0.386355578899, 0.565800249577], "dvar2": [0.449073076248, 0.595122992992, 0.608456015587, 0.568639397621, 0.773359894753, 1.18528091908], "max": [-5.0770573616, -4.4484872818, -4.7794046402, -5.558880329