{"lowlevel": {"average_loudness": 0.63076120615, "barkbands_crest": {"dmean": 1.73740172386, "dmean2": 2.74282836914, "dvar": 4.38356733322, "dvar2": 10.6689720154, "max": 26.9355754852, "mean": 14.0836458206, "median": 13.0842437744, "min": 2.10774564743, "var": 24.995595932}, "barkbands_flatness_db": {"dmean": 0.0242146477103, "dmean2": 0.035304248333, "dvar": 0.00108785356861, "dvar2": 0.00205239164643, "max": 0.692000210285, "mean": 0.316738784313, "median": 0.279777914286, "min": 0.0123701635748, "var": 0.0153993386775}, "barkbands_kurtosis": {"dmean": 11.569975853, "dmean2": 18.4311943054, "dvar": 3432.58618164, "dvar2": 7006.11962891, "max": 3295.03198242, "mean": 26.3010978699, "median": 13.2175273895, "min": -1.94244027138, "var": 6404.93066406}, "barkbands_skewness": {"dmean": 0.729001402855, "dmean2": 1.13360905647, "dvar": 1.63090443611, "dvar2": 3.91365480423, "max": 44.5383644104, "mean": 2.74279808998, "median": 2.41320919991, "min": -7.80201768875, "var": 5.62240839005}, "barkbands_spread": {"dmean": 1.65555500984, "dmean2": 2.432056427, "dvar": 25.1638126373, "dvar2": 49.4126777649, "max": 106.847007751, "mean": 5.79679012299, "median": 3.54166841507, "min": 0.016221858561, "var": 81.6371536255}, "dissonance": {"dmean": 0.0312804169953, "dmean2": 0.0515880174935, "dvar": 0.00112269958481, "dvar2": 0.00287133571692, "max": 0.500000059605, "mean": 0.362728238106, "median": 0.387843668461, "min": 0.0336061380804, "var": 0.00803116988391}, "dynamic_complexity": 4.55265617371, "erbbands_crest": {"dmean": 2.1458106041, "dmean2": 3.3200070858, "dvar": 6.26035499573, "dvar2": 15.299987793, "max": 32.9761581421, "mean": 14.2042684555, "median": 13.1868171692, "min": 3.01644587517, "var": 31.3642730713}, "erbbands_flatness_db": {"dmean": 0.0200382918119, "dmean2": 0.0289162099361, "dvar": 0.00079485680908, "dvar2": 0.00151813053526, "max": 0.631031930447, "mean": 0.264745026827, "median": 0.218757405877, "min": 0.0702693238854, "var": 0.0149879325181}, "erbbands_kurtosis": {"dmean": 3.36922001839, "dmean2": 5.13254499435, "dvar": 61.2219963074, "dvar2": 132.656433105, "max": 264.412384033, "mean": 10.0779762268, "median": 4.94193458557, "min": -1.89895069599, "var": 500.83303833}, "erbbands_skewness": {"dmean": 0.426323324442, "dmean2": 0.615509331226, "dvar": 0.339235752821, "dvar2": 0.641044974327, "max": 11.3796710968, "mean": 1.88571047783, "median": 1.79069042206, "min": -4.89971446991, "var": 2.7657930851}, "erbbands_spread": {"dmean": 4.91976833344, "dmean2": 7.3297328949, "dvar": 86.9030990601, "dvar2": 183.863189697, "max": 145.024505615, "mean": 20.3206691742, "median": 15.8156356812, "min": 0.274353742599, "var": 382.465148926}, "hfc": {"dmean": 1.95744395256, "dmean2": 2.71952295303, "dvar": 19.3770999908, "dvar2": 40.0602684021, "max": 129.048049927, "mean": 8.60961532593, "median": 5.05748748779, "min": 1.14392964197e-16, "var": 105.475616455}, "melbands_crest": {"dmean": 2.35361671448, "dmean2": 3.83320522308, "dvar": 6.54170751572, "dvar2": 17.7756996155, "max": 34.7865562439, "mean": 16.7371273041, "median": 16.2235507965, "min": 2.30996489525, "var": 22.0049781799}, "melbands_flatness_db": {"dmean": 0.0262997411191, "dmean2": 0.0385293439031, "dvar": 0.00133704766631, "dvar2": 0.00246976758353, "max": 0.796729624271, "mean": 0.410527557135, "median": 0.371703505516, "min": 0.00500055961311, "var": 0.0192163474858}, "melbands_kurtosis": {"dmean": 9.92495918274, "dmean2": 15.5032196045, "dvar": 393.621154785, "dvar2": 934.396484375, "max": 493.622711182, "mean": 26.458032608, "median": 16.6776256561, "min": -1.91122019291, "var": 1137.2598877}, "melbands_skewness": {"dmean": 0.672299206257, "dmean2": 1.03868985176, "dvar": 0.847561717033, "dvar2": 1.94358742237, "max": 19.0489807129, "mean": 2.68621706963, "median": 2.34509420395, "min": -5.24414587021, "var": 4.16432952881}, "melbands_spread": {"dmean": 1.69393146038, "dmean2": 2.49351811409, "dvar": 39.3810157776, "dvar2": 76.8814697266, "max": 202.847732544, "mean": 6.01037168503, "median": 3.47933936119, "min": 0.226522028446, "var": 128.118133545}, "pitch_salience": {"dmean": 0.0564493983984, "dmean2": 0.0920573920012, "dvar": 0.00469793984666, "dvar2": 0.0119361681864, "max": 0.932138860226, "mean": 0.469178974628, "median": 0.482620745897, "min": 0.0357550121844, "var": 0.0161682143807}, "silence_rate_20dB": {"dmean": 0, "dmean2": 0, "dvar": 0, "dvar2": 0, "max": 1, "mean": 1, "median": 1, "min": 1, "var": 0}, "silence_rate_30dB": {"dmean": 0.00736497528851, "dmean2": 0.0147311566398, "dvar": 0.00731009896845, "dvar2": 0.0176216214895, "max": 1, "mean": 0.989526212215, "median": 1, "min": 0, "var": 0.0103625953197}, "silence_rate_60dB": {"dmean": 0.0232405886054, "dmean2": 0.0464849807322, "dvar": 0.0226984471083, "dvar2": 0.0507096610963, "max": 1, "mean": 0.10211930424, "median": 0, "min": 0, "var": 0.0916965603828}, "spectral_centroid": {"dmean": 75.5934295654, "dmean2": 109.39931488, "dvar": 52153.8789062, "dvar2": 94839.828125, "max": 11272.2363281, "mean": 469.152893066, "median": 365.26385498, "min": 168.669036865, "var": 180356.171875}, "spectral_complexity": {"dmean": 0.988216042519, "dmean2": 1.58801865578, "dvar": 2.85674476624, "dvar2": 5.74575662613, "max": 59, "mean": 6.79068803787, "median": 6, "min": 0, "var": 14.4238328934}, "spectral_decrease": {"dmean": 1.55915824696e-09, "dmean2": 2.40219177883e-09, "dvar": 6.32516848919e-18, "dvar2": 1.51874198583e-17, "max": 1.27027887266e-28, "mean": -6.74644740073e-09, "median": -4.98032592944e-09, "min": -5.01030719136e-08, "var": 3.89053680854e-17}, "spectral_energy": {"dmean": 0.00602174457163, "dmean2": 0.00926550384611, "dvar": 9.43105260376e-05, "dvar2": 0.000225097654038, "max": 0.193051859736, "mean": 0.0262435022742, "median": 0.0193194076419, "min": 9.89635088229e-21, "var": 0.00058747845469}, "spectral_energyband_high": {"dmean": 7.93182844063e-05, "dmean2": 0.00011414779874, "dvar": 1.89404886441e-07, "dvar2": 4.30011311892e-07, "max": 0.0149689391255, "mean": 0.00015648030967, "median": 2.79702289845e-05, "min": 7.25697910634e-21, "var": 3.53230547034e-07}, "spectral_energyband_low": {"dmean": 0.00308190914802, "dmean2": 0.00518465833738, "dvar": 4.21382756031e-05, "dvar2": 0.000118165080494, "max": 0.111649021506, "mean": 0.00926987826824, "median": 0.00455375295132, "min": 5.35690828275e-23, "var": 0.000156238864292}, "spectral_energyband_middle_high": {"dmean": 0.000300656858599, "dmean2": 0.000349564448697, "dvar": 1.25348958591e-06, "dvar2": 1.81308496394e-06, "max": 0.0569261051714, "mean": 0.00105616182555, "median": 0.000120164979307, "min": 1.13869872956e-21, "var": 1.17989629871e-05}, "spectral_energyband_middle_low": {"dmean": 0.00412221904844, "dmean2": 0.00609249528497, "dvar": 4.69424376206e-05, "dvar2": 0.000106343788502, "max": 0.15420499444, "mean": 0.0164556801319, "median": 0.0107198832557, "min": 2.39848349336e-22, "var": 0.000279408443021}, "spectral_entropy": {"dmean": 0.223201915622, "dmean2": 0.324386775494, "dvar": 0.109304368496, "dvar2": 0.216096967459, "max": 9.8050031662, "mean": 5.84104251862, "median": 6.04183101654, "min": 2.90530848503, "var": 1.10328769684}, "spectral_flux": {"dmean": 0.0188458636403, "dmean2": 0.0298066902906, "dvar": 0.000605702982284, "dvar2": 0.00138853793032, "max": 0.295603632927, "mean": 0.0434713736176, "median": 0.0349455401301, "min": 9.94804030818e-11, "var": 0.00146791618317}, "spectral_kurtosis": {"dmean": 17.7658443451, "dmean2": 30.143245697, "dvar": 2013.31030273, "dvar2": 6015.47558594, "max": 890.290893555, "mean": 50.3916549683, "median": 10.9590091705, "min": -1.19390487671, "var": 8809.46191406}, "spectral_rms": {"dmean": 0.000542347552255, "dmean2": 0.000818750762846, "dvar": 5.55312510642e-07, "dvar2": 1.2346308722e-06, "max": 0.0137238213792, "mean": 0.00450033182278, "median": 0.00434145145118, "min": 3.10724579747e-12, "var": 5.35045865035e-06}, "spectral_rolloff": {"dmean": 105.171531677, "dmean2": 179.637863159, "dvar": 280217, "dvar2": 557596.0625, "max": 19659.8144531, "mean": 520.47833252, "median": 344.53125, "min": 86.1328125, "var": 776054.4375}, "spectral_skewness": {"dmean": 0.746023237705, "dmean2": 1.19282150269, "dvar": 1.43974757195, "dvar2": 3.57199239731, "max": 25.2874355316, "mean": 4.55861663818, "median": 2.8055768013, "min": -0.249502882361, "var": 16.7135105133}, "spectral_spread": {"dmean": 510893.96875, "dmean2": 792769.6875, "dvar": 495022047232, "dvar2": 902381699072, "max": 40536216, "mean": 3468953.5, "median": 3572321.75, "min": 133928.4375, "var": 3820058312700.0}, "spectral_strongpeak": {"dmean": 0.224089726806, "dmean2": 0.374125778675, "dvar": 0.209810733795, "dvar2": 0.534940242767, "max": 10.3921308517, "mean": 0.825663924217, "median": 0.556093454361, "min": 4.15274348242e-09, "var": 0.605892717838}, "zerocrossingrate": {"dmean": 0.00423230370507, "dmean2": 0.00506599294022, "dvar": 8.36184553918e-05, "dvar2": 7.51938787289e-05, "max": 0.50439453125, "mean": 0.0236508958042, "median": 0.017578125, "min": 0.00341796875, "var": 0.000784339325037}, "barkbands": {"dmean": [6.13235079072e-06, 0.0015237077605, 0.00150763755664, 0.000740292656701, 0.00293082138523, 0.000915866577998, 0.000260300235823, 0.000320968858432, 0.000244681548793, 8.95002594916e-05, 0.000112089968752, 5.82183383813e-05, 3.93300506403e-05, 4.26266997238e-05, 2.42613969021e-05, 1.67538528331e-05, 1.44013292811e-05, 2.18263448915e-05, 2.27187247219e-05, 2.17828583118e-05, 1.65461278812e-05, 2.13074272324e-05, 1.65432629728e-05, 1.38643235914e-05, 8.59115516505e-06, 2.94760252473e-06, 1.04996036043e-06], "dmean2": [1.02947878986e-05, 0.00255218567327, 0.00254536722787, 0.00118603312876, 0.00445229141042, 0.00128598965239, 0.000358536053682, 0.000448527483968, 0.000304332148517, 0.00011167491175, 0.000130845306558, 7.50688413973e-05, 5.18821434525e-05, 5.68650903006e-05, 3.23812309944e-05, 2.34392700804e-05, 2.01156381081e-05, 3.21534680552e-05, 3.13746422762e-05, 3.50992158928e-05, 2.5589892175e-05, 3.10166142299e-05, 2.42113655986e-05, 2.13805233216e-05, 1.2541489923e-05, 4.26734095527e-06, 1.54943734287e-06], "dvar": [1.60952440265e-09, 1.03531574496e-05, 1.07965170173e-05, 6.51329992252e-06, 2.85174246528e-05, 5.0880339586e-06, 1.01363536942e-06, 9.53578819463e-07, 9.15228383747e-07, 1.69770260072e-07, 2.88070168608e-07, 1.88289604353e-07, 1.16385464821e-07, 6.49040217127e-08, 3.89106773468e-08, 1.15746230378e-08, 4.51290160797e-09, 1.89699083109e-08, 1.4262186987e-08, 5.04554087399e-08, 9.64987378893e-09, 2.26751435406e-08, 1.00674935055e-08, 5.90341686646e-09, 1.75020664628e-09, 2.13305137442e-10, 4.58255829117e-11], "dvar2": [4.55385507081e-09, 2.83304252662e-05, 3.06381080009e-05, 1.74055385287e-05, 7.08770821802e-05, 8.65802667249e-06, 1.51508675117e-06, 2.02842261388e-06, 1.47344042034e-06, 2.3436369645e-07, 3.88287929809e-07, 2.75826465668e-07, 2.47331684022e-07, 1.23048707223e-07, 5.94175553204e-08, 2.34915713548e-08, 8.69610428111e-09, 4.10488674163e-08, 2.24954810335e-08, 1.46190828332e-07, 2.38984707579e-08, 4.98074967936e-08, 1.94589429015e-08, 1.49322723075e-08, 3.38577743619e-09, 4.49644349532e-10, 1.08532995091e-10], "max": [0.00172936613671, 0.08322121948, 0.0507103949785, 0.063768774271, 0.104002162814, 0.0997294560075, 0.111956708133, 0.0313541889191, 0.0442834794521, 0.0247087236494, 0.026729721576, 0.0339128188789, 0.0232596807182, 0.0116854375228, 0.0239055436105, 0.00469642179087, 0.00288900826126, 0.00590324215591, 0.0118292523548, 0.0119567885995, 0.00408155377954, 0.00852395966649, 0.00482706446201, 0.00214992719702, 0.00227001309395, 0.000734211236704, 0.000250279030297], "mean": [5.09505298396e-06, 0.00460182409734, 0.00402980623767, 0.00137339194771, 0.00819930620492, 0.00376946525648, 0.000977541320026, 0.00113936606795, 0.000854477111716, 0.000266026152531, 0.000345546344761, 0.000155596033437, 7.70531478338e-05, 8.18883418106e-05, 5.04234121763e-05, 2.75052734651e-05, 3.09564566123e-05, 3.74485534849e-05, 4.90445672767e-05, 3.54120747943e-05, 2.63438560069e-05, 3.18222919304e-05, 2.93493394565e-05, 2.39373875957e-05, 1.75588083948e-05, 5.76931006435e-06, 1.56801218054e-06], "median": [1.72987512315e-07, 0.00131028774194, 0.00127706676722, 0.000488494406454, 0.00417267624289, 0.00116850202903, 0.000212384504266, 0.000218500877963, 7.29325547582e-05, 2.70314230875e-05, 9.80252934824e-06, 3.29997828885e-06, 3.3532321595e-06, 3.08468543153e-06, 3.59981413567e-06, 2.26397128245e-06, 4.903687568e-06, 3.9558485696e-06, 6.24197264187e-06, 7.49694845581e-06, 3.93148729927e-06, 1.87720957001e-06, 2.69798283625e-06, 3.11851022161e-06, 1.82503310953e-06, 6.83309735905e-07, 1.46417391989e-07], "min": [6.82705155383e-24, 2.81215975392e-23, 2.09775658965e-23, 4.23455248555e-24, 8.5563450986e-23, 3.76015851619e-23, 4.52633998593e-23, 4.25955574748e-23, 1.61905338871e-23, 3.13758507217e-23, 4.65325887034e-23, 8.53873267449e-23, 6.30403803584e-23, 8.15740425488e-23, 9.61023550007e-23, 1.1411100186e-22, 9.09487267069e-23, 1.94508852799e-22, 2.31154773995e-22, 2.86272548551e-22, 3.9363437205e-22, 5.72543885412e-22, 5.65183118969e-22, 6.94712009635e-22, 1.32708244977e-21, 1.65207577516e-21, 2.14645149658e-21], "var": [1.17969689573e-09, 5.95916462771e-05, 3.74555093003e-05, 7.60359762353e-06, 0.000122092606034, 4.98475092172e-05, 6.53919960314e-06, 5.50685263079e-06, 8.17791988084e-06, 1.10512814899e-06, 2.72336978924e-06, 1.28712179048e-06, 2.65337860128e-07, 2.04719327712e-07, 2.87761650952e-07, 2.30840981885e-08, 1.64146598536e-08, 3.01855465068e-08, 1.04397074097e-07, 3.43341355347e-08, 1.09943680826e-08, 4.39208704961e-08, 2.69970268363e-08, 7.27269844347e-09, 4.88927343056e-09, 5.14862430467e-10, 4.69102534595e-11]}, "erbbands": {"dmean": [0.0130736557767, 0.448395997286, 1.89989614487, 1.74976181984, 4.11351299286, 13.575214386, 11.7155628204, 6.44305229187, 3.13725328445, 7.3260550499, 5.25811576843, 5.51723432541, 4.20984745026, 2.75649166107, 4.42072629929, 2.03334641457, 1.80172765255, 1.74903690815, 1.82287299633, 0.91471606493, 0.820269525051, 0.723910748959, 0.965810775757, 1.38432765007, 0.876268744469, 1.09240925312, 0.693216979504, 0.676069498062, 0.754280388355, 0.667846024036, 0.465212970972, 0.349743545055, 0.192837789655, 0.107868626714, 0.0582955926657, 0.0147817879915, 0.00557510275394, 0.00155109772459, 0.000150876177941, 1.31420938487e-05], "dmean2": [0.0223033297807, 0.75196069479, 3.21418428421, 2.85422897339, 6.40414476395, 20.5622997284, 16.7940139771, 9.25640392303, 4.77598333359, 10.0251159668, 6.98263263702, 6.67088460922, 5.40074062347, 3.16159892082, 5.12510156631, 2.55758285522, 2.35620546341, 2.26341605186, 2.32289838791, 1.24462068081, 1.11974751949, 1.01445674896, 1.37856912613, 1.96330368519, 1.18138051033, 1.74771869183, 1.03701341152, 1.05042314529, 1.11681461334, 0.948727786541, 0.690549194813, 0.55021071434, 0.290998071432, 0.1620657444, 0.0838814675808, 0.0214128121734, 0.00818837899715, 0.00236891792156, 0.000218629415031, 1.95438133233e-05], "dvar": [0.00116192793939, 0.891117811203, 15.8645610809, 36.1550064087, 78.3104171753, 772.969970703, 687.708740234, 246.351516724, 158.386993408, 430.320495605, 356.683258057, 565.672912598, 253.0362854, 186.346252441, 443.966278076, 158.008331299, 271.862487793, 99.5149765015, 158.950897217, 29.5114002228, 21.8930854797, 14.1072397232, 36.7028656006, 44.2843894958, 37.7838287354, 151.005935669, 13.086060524, 21.9960689545, 29.183807373, 25.0102348328, 6.77131128311, 5.23719501495, 0.701068282127, 0.232719540596, 0.125533849001, 0.00865778047591, 0.000618363614194, 7.67200253904e-05, 6.89515616159e-07, 3.67654906519e-09], "dvar2": [0.00297173345461, 2.48429250717, 46.5551223755, 98.1060333252, 196.464385986, 1960.69299316, 1288.25024414, 462.500335693, 242.88180542, 895.950561523, 662.822753906, 887.141723633, 414.960357666, 247.176940918, 593.372802734, 243.335494995, 597.319396973, 156.723968506, 238.620758057, 54.127204895, 40.4945793152, 29.9153652191, 82.8426513672, 83.1815795898, 52.766746521, 439.793640137, 30.9530563354, 55.5351867676, 67.8835372925, 50.6620903015, 14.6046895981, 13.8352842331, 1.5363202095, 0.435483723879, 0.264122366905, 0.0183015074581, 0.00131761468947, 0.000191355487914, 1.51571111928e-06, 8.26005219778e-09], "max": [0.826364696026, 22.8371524811, 56.4012298584, 152.377655029, 147.924911499, 560.022766113, 1352.71655273, 775.114562988, 1553.92077637, 658.069091797, 827.831787109, 1056.35253906, 751.856811523, 814.691589355, 1318.52600098, 755.956054688, 1167.19140625, 592.176879883, 1441.68200684, 306.345794678, 261.086669922, 135.717895508, 255.003875732, 298.174072266, 808.493408203, 666.415649414, 138.004547119, 200.373733521, 202.901229858, 286.475280762, 128.545959473, 76.7665405273, 33.3458633423, 30.3859329224, 23.0647621155, 4.65158510208, 1.44574189186, 0.324736177921, 0.0284861121327, 0.0024480484426], "mean": [0.0429248288274, 1.33907675743, 4.62358617783, 4.75666904449, 9.61729431152, 36.3123626709, 37.8476333618, 27.436170578, 12.9408664703, 23.7899723053, 21.1377220154, 19.3703842163, 14.9534769058, 8.55937480927, 13.853310585, 5.58357477188, 3.90282535553, 3.58076953888, 4.12587881088, 1.65470039845, 1.61306726933, 1.58616960049, 1.88726246357, 2.70767402649, 2.10798454285, 1.782564044, 1.26866543293, 0.975931882858, 1.11701357365, 1.03509640694, 0.825404584408, 0.550616204739, 0.374050080776, 0.233120471239, 0.105474665761, 0.0277064442635, 0.010631413199, 0.00248315790668, 0.000248746422585, 4.12187400798e-05], "median": [0.0121333384886, 0.459247708321, 2.06534361839, 1.97387528419, 4.81241083145, 15.3950128555, 15.1261081696, 8.99173927307, 3.75301218033, 6.10273694992, 4.21839284897, 2.33379602432, 1.98036706448, 0.571328103542, 0.474268972874, 0.212399244308, 0.199161827564, 0.169860675931, 0.196539148688, 0.158171832561, 0.167620018125, 0.265797764063, 0.267583996058, 0.32274389267, 0.285233408213, 0.34517800808, 0.227033212781, 0.136658832431, 0.0743333026767, 0.0570437125862, 0.0821302309632, 0.0595783554018, 0.0530350767076, 0.0261259358376, 0.00870228465647, 0.0027049749624, 0.00121044972911, 0.000281453132629, 3.88705993828e-05, 2.58034651779e-05], "min": [5.34532957171e-22, 7.48085182328e-21, 2.66947904998e-20, 1.75850471825e-20, 1.9677716874e-19, 2.40410144721e-19, 2.70037117624e-19, 3.39410274057e-19, 7.21812536668e-19, 5.70859881395e-19, 9.04973743839e-19, 4.28947327939e-19, 7.99666775922e-19, 1.39215562088e-18, 3.05454453043e-18, 2.44990652193e-18, 2.48483608445e-18, 4.34132137377e-18, 5.07205603563e-18, 5.65175330789e-18, 5.68338883042e-18, 6.21715359045e-18, 8.89923999094e-18, 1.40750951993e-17, 8.6828710494e-18, 1.47583662376e-17, 1.66736996373e-17, 1.47925817365e-17, 1.70854138979e-17, 1.96139875708e-17, 1.81700230433e-17, 1.31953671112e-17, 1.28761217168e-17, 1.20976934752e-17, 1.03388212885e-17, 6.94573137885e-18, 3.19111949419e-18, 1.13325129447e-18, 2.46755498898e-19, 3.28447345668e-20], "var": [0.00564557034522, 4.69569444656, 40.1863632202, 62.8268203735, 192.067138672, 3094.19848633, 6095.37695312, 2381.07666016, 1182.61987305, 2205.02978516, 2769.47290039, 4459.77197266, 2001.16223145, 1486.29309082, 4304.85595703, 1118.9050293, 565.674316406, 312.192810059, 1250.71447754, 73.3901977539, 67.1712493896, 37.7782783508, 60.4841003418, 121.24823761, 397.677520752, 102.592895508, 18.4069957733, 23.925907135, 51.0600509644, 55.8995628357, 16.3907546997, 5.49163007736, 1.43494534492, 0.627580583096, 0.302028745413, 0.021077785641, 0.00148414180148, 8.44438400236e-05, 8.5485640966e-07, 4.91566476413e-09]}, "gfcc": {"mean": [-143.988098145, 141.739807129, -51.2873420715, 14.5000219345, -70.1817398071, -16.2621154785, -36.328666687, 1.13228917122, -22.9855899811, -7.76412010193, -10.325925827, -7.38177251816, -4.109146595], "cov": [[24043.8789062, -3072.49072266, -2223.30224609, 3447.72509766, 1004.93255615, 2108.70922852, -385.402130127, 757.560241699, -889.151123047, -12.8049964905, -492.94140625, -516.94152832, -832.59777832], [-3072.49072266, 2711.36621094, 580.425720215, -1137.91149902, 118.138183594, -520.431030273, 356.306762695, -285.540252686, 210.629440308, -229.137054443, 89.8077545166, -188.224136353, 108.177833557], [-2223.30224609, 580.425720215, 1106.37329102, -301.400482178, -241.000106812, -242.246704102, 43.8230667114, -53.836315155, 140.3074646, -17.9183425903, -15.1922626495, 65.3055267334, 64.6727218628], [3447.72509766, -1137.91149902, -301.400482178, 1845.19836426, 563.215637207, 427.081787109, -7.42514514923, 239.482421875, 2.23307871819, 99.8401794434, -167.101455688, -38.638168335, -152.927368164], [1004.93255615, 118.138183594, -241.000106812, 563.215637207, 637.689086914, 227.004547119, 110.065643311, 70.9702148438, 1.53884518147, 0.116812229156, -35.5094909668, -89.8887481689, -70.4803237915], [2108.70922852, -520.431030273, -242.246704102, 427.081787109, 227.004547119, 522.137817383, 64.104385376, 84.8550567627, -137.484573364, 27.8973808289, -44.2490539551, -21.7154579163, -96.4902114868], [-385.402130127, 356.306762695, 43.8230667114, -7.42514514923, 110.065643311, 64.104385376, 287.273620605, -13.8977165222, 22.3116607666, 3.36482381821, -1.70187580585, -1.2484858036, 7.69092750549], [757.560241699, -285.540252686, -53.836315155, 239.482421875, 70.9702148438, 84.8550567627, -13.8977165222, 212.00088501, 7.93574047089, 27.7803344727, -2.47843909264, 21.1397361755, -21.0577449799], [-889.151123047, 210.629440308, 140.3074646, 2.23307871819, 1.53884518147, -137.484573364, 22.3116607666, 7.93574047089, 213.600128174, 61.5749740601, 5.88753271103, 27.600938797, 26.9477367401], [-12.8049964905, -229.137054443, -17.9183425903, 99.8401794434, 0.116812229156, 27.8973808289, 3.36482381821, 27.7803344727, 61.5749740601, 167.185638428, 50.9267578125, 53.5405540466, -9.53744411469], [-492.94140625, 89.8077545166, -15.1922626495, -167.101455688, -35.5094909668, -44.2490539551, -1.70187580585, -2.47843909264, 5.88753271103, 50.9267578125, 153.141586304, 45.4367599487, 16.344291687], [-516.94152832, -188.224136353, 65.3055267334, -38.638168335, -89.8887481689, -21.7154579163, -1.2484858036, 21.1397361755, 27.600938797, 53.5405540466, 45.4367599487, 147.361083984, 53.8181762695], [-832.59777832, 108.177833557, 64.6727218628, -152.927368164, -70.4803237915, -96.4902114868, 7.69092750549, -21.0577449799, 26.9477367401, -9.53744411469, 16.344291687, 53.8181762695, 129.86656189]], "icov": [[0.000147567378008, -0.000305065041175, 0.000239769942709, -0.00029917655047, 0.000356260192348, -0.000452677166322, 0.000437038834207, -0.000378405064112, 0.000481621391373, -0.000322590669384, 0.000372080510715, -6.54544128338e-05, 0.000354929390596], [-0.000305065041175, 0.00283024157397, -0.00122650549747, 0.00169457693119, -0.00225065182894, 0.00199634651653, -0.00298471841961, 0.00174422818236, -0.00273763714358, 0.00296820164658, -0.00245054299012, 0.00274408515543, -0.00102842738852], [0.000239769942709, -0.00122650549747, 0.00179953721818, -0.000810083933175, 0.00143321498763, -0.000854888872709, 0.00108438252937, -0.000867354217917, 0.000697294250131, -0.000932770664804, 0.00148059008643, -0.00140453886706, 0.000829097582027], [-0.00029917655047, 0.00169457693119, -0.000810083933175, 0.00227522524074, -0.00228441436775, 0.00114357052371, -0.00152656296268, 0.000585856440011, -0.00189611571841, 0.00106883153785, -0.000282431516098, 0.000921610801015, -0.000326131528709], [0.000356260192348, -0.00225065182894, 0.00143321498763, -0.00228441436775, 0.00490962015465, -0.00254678539932, 0.00149629486259, -0.00162020325661, 0.00137213466223, -0.00155037723016, 0.000969326647464, -0.000266828108579, 0.000765966251493], [-0.000452677166322, 0.00199634651653, -0.000854888872709, 0.00114357052371, -0.00254678539932, 0.00585199706256, -0.00326592358761, 0.00094333809102, 0.000464015873149, 0.000802614318673, -0.000870311167091, 0.000542335677892, 0.000366879015928], [0.000437038834207, -0.00298471841961, 0.00108438252937, -0.00152656296268, 0.00149629486259, -0.00326592358761, 0.00748312892392, -0.00156754103955, 0.0023249797523, -0.00311014614999, 0.00277834874578, -0.00288507668301, 0.000773770560045], [-0.000378405064112, 0.00174422818236, -0.000867354217917, 0.000585856440011, -0.00162020325661, 0.00094333809102, -0.00156754103955, 0.00729249510914, -0.00271682091989, 0.00216541369446, -0.00229505333118, 0.000231386060477, -0.00074450019747], [0.000481621391373, -0.00273763714358, 0.000697294250131, -0.00189611571841, 0.00137213466223, 0.000464015873149, 0.0023249797523, -0.00271682091989, 0.0110824238509, -0.00658459076658, 0.00401402497664, -0.00262024998665, 0.0010968107963], [-0.000322590669384, 0.00296820164658, -0.000932770664804, 0.00106883153785, -0.00155037723016, 0.000802614318673, -0.00311014614999, 0.00216541369446, -0.00658459076658, 0.0130177456886, -0.00607549026608, 0.000425729696872, 0.000383254257031], [0.000372080510715, -0.00245054299012, 0.00148059008643, -0.000282431516098, 0.000969326647464, -0.000870311167091, 0.00277834874578, -0.00229505333118, 0.00401402497664, -0.00607549026608, 0.0120235672221, -0.00466278893873, 0.00183958304115], [-6.54544128338e-05, 0.00274408515543, -0.00140453886706, 0.000921610801015, -0.000266828108579, 0.000542335677892, -0.00288507668301, 0.000231386060477, -0.00262024998665, 0.000425729696872, -0.00466278893873, 0.0144941043109, -0.00529891811311], [0.000354929390596, -0.00102842738852, 0.000829097582027, -0.000326131528709, 0.000765966251493, 0.000366879015928, 0.000773770560045, -0.00074450019747, 0.0010968107963, 0.000383254257031, 0.00183958304115, -0.00529891811311, 0.0123221818358]]}, "melbands": {"dmean": [0.000258495012531, 0.00086634629406, 0.00035731040407, 0.00057447841391, 0.000498680921737, 0.00014716318401, 4.94047344546e-05, 7.97892353148e-05, 4.13354937336e-05, 3.42736420862e-05, 2.08194323932e-05, 1.08120693767e-05, 1.72277395905e-05, 7.24437404642e-06, 4.75379874842e-06, 3.35722938871e-06, 3.53292512045e-06, 3.40859241987e-06, 1.51560504946e-06, 1.096662686e-06, 1.03937031781e-06, 6.91891557381e-07, 9.88332431007e-07, 1.12570148758e-06, 1.2239293028e-06, 7.02539807662e-07, 6.23108974196e-07, 7.88242914496e-07, 4.78515119084e-07, 4.10731360034e-07, 3.85697376259e-07, 4.30040188348e-07, 4.57339524473e-07, 3.55985065426e-07, 2.92432559945e-07, 2.18585739731e-07, 2.29487383763e-07, 1.48413974443e-07, 1.05423616503e-07, 9.81842660508e-08], "dmean2": [0.000434632005636, 0.00146636681166, 0.000572968740016, 0.000881433661561, 0.000724864541553, 0.000210300509934, 7.41811527405e-05, 0.000110258290078, 5.35112012585e-05, 4.22182602051e-05, 2.6697794965e-05, 1.24235903058e-05, 1.99844344024e-05, 8.93183550943e-06, 6.2057829382e-06, 4.33256400356e-06, 4.59584953205e-06, 4.42101872977e-06, 1.97878307517e-06, 1.53948576553e-06, 1.42844135098e-06, 9.73171154328e-07, 1.49492359469e-06, 1.62112610269e-06, 1.74593003521e-06, 9.57925635703e-07, 9.28167651182e-07, 1.28742954075e-06, 7.202991128e-07, 6.42966256237e-07, 6.11019686403e-07, 6.71409281949e-07, 6.68994346142e-07, 5.19561979218e-07, 4.38618258158e-07, 3.38993714877e-07, 3.66941861785e-07, 2.25371124429e-07, 1.61097673868e-07, 1.48561483115e-07], "dvar": [3.1863854133e-07, 3.26036092702e-06, 1.07238815872e-06, 1.27742350742e-06, 8.89029422524e-07, 1.22991352214e-07, 4.0991917416e-08, 4.98655801096e-08, 2.33622454715e-08, 2.03947738697e-08, 6.40466568669e-09, 3.45962347659e-09, 6.58779386598e-09, 3.04035285836e-09, 1.28407640076e-09, 7.4183970078e-10, 4.27760438182e-10, 5.55881840558e-10, 1.00382417656e-10, 5.84557749428e-11, 3.89715169857e-11, 9.12575136985e-12, 6.84561365927e-11, 3.6492794897e-11, 3.66973673671e-11, 2.32934331545e-11, 2.50396647861e-11, 8.67403718297e-11, 5.70832573918e-12, 7.94543163901e-12, 7.19748566302e-12, 1.03262771597e-11, 1.43833053107e-11, 7.16246549917e-12, 2.72830672984e-12, 1.45434001213e-12, 2.76332450845e-12, 4.38774992902e-13, 2.25594472573e-13, 2.0232807671e-13], "dvar2": [8.32137459383e-07, 9.5219738796e-06, 2.84179918708e-06, 3.30642183144e-06, 1.89003560536e-06, 2.25770577345e-07, 6.09813852748e-08, 1.08266746679e-07, 4.17523473573e-08, 3.19829958073e-08, 1.03350430436e-08, 4.4840944291e-09, 9.00855035013e-09, 4.4123087406e-09, 2.6415387655e-09, 1.41504574724e-09, 6.85427381519e-10, 9.45038491906e-10, 1.38913852643e-10, 1.14480543101e-10, 7.28575741404e-11, 1.80123832516e-11, 1.81232279184e-10, 7.07429045899e-11, 6.99409696825e-11, 3.04117807326e-11, 6.35444405428e-11, 2.53748771994e-10, 1.3365544782e-11, 2.00694391661e-11, 1.8036407437e-11, 2.56639865609e-11, 3.23163128202e-11, 1.4192904664e-11, 6.11464524847e-12, 3.35356915848e-12, 7.50387512544e-12, 9.87659173196e-13, 5.00693616342e-13, 3.85505863343e-13], "max": [0.0159571189433, 0.0274168271571, 0.0252907313406, 0.0217013582587, 0.0378836877644, 0.0171735994518, 0.0249078702182, 0.00785772502422, 0.00637635169551, 0.00770907104015, 0.00371273141354, 0.00365305272862, 0.00441430322826, 0.00466828700155, 0.00250618788414, 0.00165861472487, 0.001332840533, 0.00226230570115, 0.000987529754639, 0.000389728316804, 0.000328117137542, 9.72991838353e-05, 0.000380223849788, 0.000243012182182, 0.000260433735093, 0.000701470300555, 0.000235234139836, 0.000503514253069, 0.000104762068077, 0.000118773612485, 0.000100405159174, 0.000123025572975, 0.00025959656341, 0.000140744770761, 6.89500375302e-05, 5.34126884304e-05, 4.87260076625e-05, 2.39715463977e-05, 2.78902207356e-05, 3.19449063682e-05], "mean": [0.000849269796163, 0.00233940314502, 0.000945542822592, 0.00156216218602, 0.00153521297034, 0.000625248998404, 0.000194900392671, 0.000259644788457, 0.000163502525538, 0.000119522104796, 7.15745336493e-05, 3.07284753944e-05, 5.28646232851e-05, 2.01136299438e-05, 1.12170300781e-05, 6.74463444739e-06, 6.7442033469e-06, 7.42402835385e-06, 2.92950994663e-06, 1.660511316e-06, 1.98316115529e-06, 1.49008712924e-06, 1.73064654518e-06, 2.049235718e-06, 2.23211168304e-06, 1.72149680111e-06, 1.14123304229e-06, 1.20173683626e-06, 8.71911197464e-07, 6.13040072039e-07, 5.23528058238e-07, 6.19202921825e-07, 6.48040725082e-07, 5.46522244349e-07, 5.00248461321e-07, 3.66188373846e-07, 3.31022050659e-07, 2.6891572702e-07, 2.12969808899e-07, 1.97514751221e-07], "median": [0.000239382818108, 0.00116222619545, 0.000478274392663, 0.00074776483234, 0.000693380599841, 0.000197676185053, 4.76940222143e-05, 6.44280517008e-05, 2.65815178864e-05, 1.17667532322e-05, 8.74179386301e-06, 1.58301236297e-06, 1.590495458e-06, 4.80020673876e-07, 5.04001661739e-07, 3.19390949244e-07, 3.01015944615e-07, 2.94342072493e-07, 2.04136810567e-07, 1.66737777363e-07, 1.83562448797e-07, 2.52112101862e-07, 2.40528805762e-07, 1.96624085902e-07, 2.4085665018e-07, 2.07065667723e-07, 1.85720892887e-07, 2.16694829192e-07, 1.34809312158e-07, 9.05751349478e-08, 5.71206193456e-08, 4.06757543203e-08, 2.06790016222e-08, 2.59576395933e-08, 4.80155293303e-08, 3.2917519377e-08, 3.36050689498e-08, 3.47340645135e-08, 2.50864857776e-08, 1.75864531826e-08], "min": [6.76783492112e-24, 1.27538676644e-23, 6.52300247285e-24, 1.95490224164e-23, 8.69705816257e-24, 7.11943653746e-24, 1.09370184478e-23, 6.9405220953e-24, 6.25330000126e-24, 2.40792395748e-24, 3.93707816578e-24, 5.22221225534e-24, 8.97652633774e-24, 1.01672006448e-23, 2.96281779011e-24, 8.72246737233e-24, 7.3258159609e-24, 7.51458169805e-24, 8.25051555856e-24, 6.74793906023e-24, 6.65643987269e-24, 6.2963552406e-24, 6.19568791163e-24, 9.77921991893e-24, 1.17944739641e-23, 7.51820572505e-24, 6.26880387906e-24, 1.0288442255e-23, 1.17125775804e-23, 6.89340106685e-24, 9.19307496711e-24, 7.51002602632e-24, 1.55102060429e-23, 8.8877573978e-24, 1.22650799812e-23, 7.153875838e-24, 7.935801867e-24, 8.68717057998e-24, 9.71505555062e-24, 1.04785317008e-23], "var": [2.10942312151e-06, 1.01136465673e-05, 1.97423469217e-06, 4.72757301395e-06, 6.16743545834e-06, 1.20520780911e-06, 2.81610624597e-07, 2.44075010869e-07, 1.80191449317e-07, 1.73453557295e-07, 5.03831607546e-08, 2.59161812011e-08, 6.18570155098e-08, 2.09210071489e-08, 7.28314475396e-09, 2.01094518815e-09, 1.24046373173e-09, 3.56803764312e-09, 5.27830890107e-10, 9.56609375047e-11, 1.18670476223e-10, 3.00642080675e-11, 8.02579738779e-11, 7.56306059446e-11, 9.18183862275e-11, 2.77596473586e-10, 5.5063852783e-11, 5.36137800822e-11, 9.3298415868e-12, 7.99598581791e-12, 7.94406207483e-12, 1.51661183612e-11, 2.50736896523e-11, 1.63321873387e-11, 6.25713326638e-12, 2.81234714336e-12, 2.28313310098e-12, 7.98746377199e-13, 4.75924800871e-13, 5.31488102227e-13]}, "mfcc": {"mean": [-793.094482422, 163.073074341, 58.3544807434, 32.3635177612, -2.38231897354, -16.2163085938, -5.95508432388, -6.56664943695, -6.61396884918, -0.40038010478, -6.6416182518, -4.23507356644, -8.66984081268], "cov": [[15215.7646484, -948.384643555, -1263.90551758, 780.211730957, 1071.00769043, 867.46081543, 1318.97680664, 611.339416504, 106.623580933, 466.212036133, 2.68448781967, 269.77645874, -187.75012207], [-948.384643555, 2156.95117188, 291.537322998, -207.816696167, -172.833648682, -147.645553589, 14.298034668, -15.6164216995, -6.20457315445, 7.68034744263, 42.2595901489, -48.465549469, -87.2676544189], [-1263.90551758, 291.537322998, 881.087219238, 73.6790313721, -182.964141846, -109.723953247, -260.708618164, -34.3059577942, 52.5398368835, -72.8259811401, 10.7968254089, -45.9256248474, -2.45987915993], [780.211730957, -207.816696167, 73.6790313721, 804.476379395, 374.264007568, 223.390975952, 83.3315429688, 145.205291748, 201.808700562, 53.2766609192, 81.9555053711, 64.0604095459, 32.8746643066], [1071.00769043, -172.833648682, -182.964141846, 374.264007568, 546.946411133, 219.370956421, 211.217529297, 147.991073608, 92.5599594116, 98.9580688477, 52.0330047607, 48.5916900635, -21.5451583862], [867.46081543, -147.645553589, -109.723953247, 223.390975952, 219.370956421, 471.338775635, 246.294143677, 128.735580444, 90.2657318115, 65.2446594238, 69.041557312, 4.56938695908, -21.1922950745], [1318.97680664, 14.298034668, -260.708618164, 83.3315429688, 211.217529297, 246.294143677, 441.093902588, 157.566116333, 16.6902694702, 77.9799880981, 9.60524654388, 16.5243434906, -46.3799285889], [611.339416504, -15.6164216995, -34.3059577942, 145.205291748, 147.991073608, 128.735580444, 157.566116333, 194.183944702, 87.477645874, 38.7507019043, 11.7632751465, 6.78232860565, -6.86583518982], [106.623580933, -6.20457315445, 52.5398368835, 201.808700562, 92.5599594116, 90.2657318115, 16.6902694702, 87.477645874, 199.219314575, 32.1272697449, 25.5260334015, -5.30282878876, 4.30173015594], [466.212036133, 7.68034744263, -72.8259811401, 53.2766609192, 98.9580688477, 65.2446594238, 77.9799880981, 38.7507019043, 32.1272697449, 138.877593994, 42.5531196594, 10.9054508209, -21.5982227325], [2.68448781967, 42.2595901489, 10.7968254089, 81.9555053711, 52.0330047607, 69.041557312, 9.60524654388, 11.7632751465, 25.5260334015, 42.5531196594, 138.837341309, 52.1165351868, 17.1212615967], [269.77645874, -48.465549469, -45.9256248474, 64.0604095459, 48.5916900635, 4.56938695908, 16.5243434906, 6.78232860565, -5.30282878876, 10.9054508209, 52.1165351868, 149.499969482, 58.4689292908], [-187.75012207, -87.2676544189, -2.45987915993, 32.8746643066, -21.5451583862, -21.1922950745, -46.3799285889, -6.86583518982, 4.30173015594, -21.5982227325, 17.1212615967, 58.4689292908, 144.221984863]], "icov": [[0.00010768626089, 3.0103527024e-05, 6.05588502367e-05, -7.16146168998e-05, 6.81454230289e-06, -2.70515174634e-05, -0.000169077087776, -0.000114204558486, 7.51019906602e-05, -0.000198314257432, 0.000166746423929, -0.00021124225168, 0.000146898455569], [3.0103527024e-05, 0.000567046052311, -0.000208872021176, 0.000122273122543, 8.75820915098e-05, 0.000293910794426, -0.000407411775086, 7.62597710491e-06, -0.000156512571266, -6.50088986731e-05, -0.000381998746889, 3.40519218298e-05, 0.000302963511785], [6.05588502367e-05, -0.000208872021176, 0.00174001266714, -0.000517312553711, 0.000568603223655, -0.000117383569886, 0.00099083269015, -0.000722481345292, 1.33486628329e-05, 0.000312111020321, -0.000148993727635, 0.000177155205165, 0.000444195058662], [-7.16146168998e-05, 0.000122273122543, -0.000517312553711, 0.00265946378931, -0.00153238186613, -0.000331192219164, 0.000256409024587, 2.32038637478e-05, -0.00170957925729, 0.000541652960237, -0.00049155956367, -0.000392371090129, -0.000478767004097], [6.81454230289e-06, 8.75820915098e-05, 0.000568603223655, -0.00153238186613, 0.00387106323615, -0.00030185317155, -0.000393103051465, -0.00110610260163, 0.000410338194342, -0.0011691529071, 3.8678477722e-05, -0.000534707098268, 0.000800583802629], [-2.70515174634e-05, 0.000293910794426, -0.000117383569886, -0.000331192219164, -0.00030185317155, 0.00400823494419, -0.0020512228366, -2.06486292882e-05, -0.000877868500538, 0.000345923879649, -0.00197335565463, 0.0010978449136, -3.34473552357e-05], [-0.000169077087776, -0.000407411775086, 0.00099083269015, 0.000256409024587, -0.000393103051465, -0.0020512228366, 0.00597739545628, -0.00329192052595, 0.00156894989777, -0.000659542391077, 0.000930461159442, -0.000504744064528, 0.000845825881697], [-0.000114204558486, 7.62597710491e-06, -0.000722481345292, 2.32038637478e-05, -0.00110610260163, -2.06486292882e-05, -0.00329192052595, 0.0103922514245, -0.00360475620255, 0.000291797099635, 0.00038693100214, 0.000301367428619, -0.000910742906854], [7.51019906602e-05, -0.000156512571266, 1.33486628329e-05, -0.00170957925729, 0.000410338194342, -0.000877868500538, 0.00156894989777, -0.00360475620255, 0.00861241389066, -0.00145303679164, 8.52710145409e-05, 0.000888730457518, -0.000186676668818], [-0.000198314257432, -6.50088986731e-05, 0.000312111020321, 0.000541652960237, -0.0011691529071, 0.000345923879649, -0.000659542391077, 0.000291797099635, -0.00145303679164, 0.0102216200903, -0.00323651917279, 0.000574465142563, 0.000987741048448], [0.000166746423929, -0.000381998746889, -0.000148993727635, -0.00049155956367, 3.8678477722e-05, -0.00197335565463, 0.000930461159442, 0.00038693100214, 8.52710145409e-05, -0.00323651917279, 0.0109262615442, -0.00386825622991, -8.7225700554e-05], [-0.00021124225168, 3.40519218298e-05, 0.000177155205165, -0.000392371090129, -0.000534707098268, 0.0010978449136, -0.000504744064528, 0.000301367428619, 0.000888730457518, 0.000574465142563, -0.00386825622991, 0.0103520546108, -0.00390654336661], [0.000146898455569, 0.000302963511785, 0.000444195058662, -0.000478767004097, 0.000800583802629, -3.34473552357e-05, 0.000845825881697, -0.000910742906854, -0.000186676668818, 0.000987741048448, -8.7225700554e-05, -0.00390654336661, 0.00951594579965]]}, "spectral_contrast_coeffs": {"dmean": [0.0418518781662, 0.0360230579972, 0.0320874415338, 0.0285708457232, 0.0236620847136, 0.018382133916], "dmean2": [0.0669612586498, 0.057504363358, 0.0492831021547, 0.0442756451666, 0.0358635857701, 0.0278956741095], "dvar": [0.00151917512994, 0.00149644375779, 0.00115436920896, 0.000760221271776, 0.000686256855261, 0.000440568343038], "dvar2": [0.00355456513353, 0.00348547589965, 0.0023596775718, 0.00161356735043, 0.00138754490763, 0.000854565296322], "max": [-0.201338380575, -0.278452962637, -0.384846687317, -0.470019459724, -0.523294627666, -0.550371170044], "mean": [-0.567751467228, -0.627466440201, -0.684855639935, -0.777732431889, -0.78249579668, -0.797163307667], "median": [-0.569848239422, -0.637285709381, -0.694306790829, -0.779621720314, -0.782837331295, -0.802677690983], "min": [-0.961948394775, -0.974299371243, -0.974745750427, -0.963846623898, -0.958299040794, -0.959082305431], "var": [0.0143254380673, 0.0109660336748, 0.00881220120937, 0.00551281077787, 0.00625298917294, 0.00530495448038]}, "spectral_contrast_valleys": {"dmean": [0.406883835793, 0.333306729794, 0.348465234041, 0.381885766983, 0.357508033514, 0.345181971788], "dmean2": [0.633490204811, 0.525465548038, 0.552503466606, 0.596708416939, 0.529294312, 0.51371973753], "dvar": [0.222562208772, 0.197422876954, 0.193148881197, 0.214734688401, 0.243493452668, 0.221675649285], "dvar2": 