{"lowlevel": {"average_loudness": 0.829251587391, "barkbands_crest": {"dmean": 2.53818631172, "dmean2": 3.90593600273, "dvar": 5.71139478683, "dvar2": 13.1106719971, "max": 26.0338191986, "mean": 11.6460647583, "median": 10.8599424362, "min": 2.21442675591, "var": 27.4870376587}, "barkbands_flatness_db": {"dmean": 0.0260719954967, "dmean2": 0.0368633978069, "dvar": 0.00107219233178, "dvar2": 0.00204999907874, "max": 0.763433337212, "mean": 0.213171496987, "median": 0.166026264429, "min": 0.0287681482732, "var": 0.0168767087162}, "barkbands_kurtosis": {"dmean": 7.48307752609, "dmean2": 11.0354204178, "dvar": 370.207275391, "dvar2": 805.869018555, "max": 387.579650879, "mean": 11.5170717239, "median": 1.01461482048, "min": -1.90794909, "var": 842.743713379}, "barkbands_skewness": {"dmean": 0.768554627895, "dmean2": 1.10194420815, "dvar": 1.03237891197, "dvar2": 2.15960121155, "max": 16.4198551178, "mean": 1.67823457718, "median": 1.00335848331, "min": -5.48413801193, "var": 6.17648601532}, "barkbands_spread": {"dmean": 6.99972724915, "dmean2": 10.2523069382, "dvar": 72.9138870239, "dvar2": 157.03729248, "max": 112.620765686, "mean": 24.7425117493, "median": 23.549243927, "min": 0.113262936473, "var": 301.460174561}, "dissonance": {"dmean": 0.0156428273767, "dmean2": 0.0259370077401, "dvar": 0.000397856434574, "dvar2": 0.000984549056739, "max": 0.500000059605, "mean": 0.472645580769, "median": 0.481908679008, "min": 0.128396496177, "var": 0.000967540487181}, "dynamic_complexity": 3.32504963875, "erbbands_crest": {"dmean": 2.52362084389, "dmean2": 3.83244681358, "dvar": 5.60962152481, "dvar2": 12.1058101654, "max": 30.0374717712, "mean": 9.5464925766, "median": 8.37361812592, "min": 2.63893413544, "var": 19.7437667847}, "erbbands_flatness_db": {"dmean": 0.018599152565, "dmean2": 0.0268192123622, "dvar": 0.000522637797985, "dvar2": 0.00106932572089, "max": 0.526988863945, "mean": 0.208275347948, "median": 0.196077778935, "min": 0.0968165025115, "var": 0.00463952403516}, "erbbands_kurtosis": {"dmean": 2.4234058857, "dmean2": 3.70449972153, "dvar": 48.4934768677, "dvar2": 116.297164917, "max": 185.056610107, "mean": 3.08302044868, "median": 0.0135033130646, "min": -1.92986798286, "var": 112.250946045}, "erbbands_skewness": {"dmean": 0.489509671926, "dmean2": 0.708638548851, "dvar": 0.365364819765, "dvar2": 0.768732428551, "max": 11.0912437439, "mean": -0.0726308301091, "median": -0.205462098122, "min": -4.41986179352, "var": 2.22560715675}, "erbbands_spread": {"dmean": 10.8743810654, "dmean2": 16.2484874725, "dvar": 226.611206055, "dvar2": 500.975463867, "max": 173.308151245, "mean": 42.3947639465, "median": 36.0039672852, "min": 0.638441383839, "var": 791.504333496}, "hfc": {"dmean": 7.55432796478, "dmean2": 9.83326053619, "dvar": 180.885879517, "dvar2": 342.467773438, "max": 200.334472656, "mean": 22.6050415039, "median": 12.8775548935, "min": 1.20598221689e-16, "var": 800.454223633}, "melbands_crest": {"dmean": 3.55708241463, "dmean2": 5.48591327667, "dvar": 10.4710388184, "dvar2": 23.7483997345, "max": 37.9392204285, "mean": 17.4868869781, "median": 16.7455368042, "min": 2.73317146301, "var": 61.9488754272}, "melbands_flatness_db": {"dmean": 0.0310765057802, "dmean2": 0.0427084900439, "dvar": 0.00154214422219, "dvar2": 0.00281786592677, "max": 0.940084397793, "mean": 0.25527587533, "median": 0.201113730669, "min": 0.00931273028255, "var": 0.0294247698039}, "melbands_kurtosis": {"dmean": 21.0537281036, "dmean2": 30.245880127, "dvar": 2646.21972656, "dvar2": 5242.4765625, "max": 1100.05993652, "mean": 39.1196861267, "median": 4.9689874649, "min": -1.8569406271, "var": 7331.16992188}, "melbands_skewness": {"dmean": 1.11247575283, "dmean2": 1.57634782791, "dvar": 2.555134058, "dvar2": 5.17315149307, "max": 29.4229869843, "mean": 3.57175111771, "median": 1.91949832439, "min": -2.61805701256, "var": 15.3364505768}, "melbands_spread": {"dmean": 9.6831111908, "dmean2": 14.7117347717, "dvar": 257.824707031, "dvar2": 582.700195312, "max": 238.560684204, "mean": 33.546546936, "median": 26.0077362061, "min": 0.169795677066, "var": 1155.40014648}, "pitch_salience": {"dmean": 0.0750287920237, "dmean2": 0.114507883787, "dvar": 0.00507293595001, "dvar2": 0.0118885468692, "max": 0.857202291489, "mean": 0.477740705013, "median": 0.485669374466, "min": 0.075809635222, "var": 0.0175000969321}, "silence_rate_20dB": {"dmean": 0, "dmean2": 0, "dvar": 0, "dvar2": 0, "max": 1, "mean": 1, "median": 1, "min": 1, "var": 0}, "silence_rate_30dB": {"dmean": 0.0381529144943, "dmean2": 0.0763173848391, "dvar": 0.0366945229471, "dvar2": 0.08896125108, "max": 1, "mean": 0.96639418602, "median": 1, "min": 0, "var": 0.0324762240052}, "silence_rate_60dB": {"dmean": 0.0124148372561, "dmean2": 0.0248334351927, "dvar": 0.0122598567978, "dvar2": 0.0317872911692, "max": 1, "mean": 0.056766577065, "median": 0, "min": 0, "var": 0.053543779999}, "spectral_centroid": {"dmean": 320.106323242, "dmean2": 458.069152832, "dvar": 156666.71875, "dvar2": 299096.875, "max": 10559.1738281, "mean": 1906.26147461, "median": 1914.43286133, "min": 95.5490264893, "var": 1061705.125}, "spectral_complexity": {"dmean": 3.17698717117, "dmean2": 4.53785562515, "dvar": 17.8751106262, "dvar2": 26.6525821686, "max": 64, "mean": 15.3200120926, "median": 15, "min": 0, "var": 113.212356567}, "spectral_decrease": {"dmean": 2.5707860285e-09, "dmean2": 4.01107147496e-09, "dvar": 2.96376728983e-17, "dvar2": 8.06284442093e-17, "max": 2.94353901808e-16, "mean": -7.48095896341e-09, "median": -4.31850821769e-09, "min": -9.46244540501e-08, "var": 6.56152550578e-17}, "spectral_energy": {"dmean": 0.0100736031309, "dmean2": 0.0155800711364, "dvar": 0.000429324398283, "dvar2": 0.0011599638965, "max": 0.360540121794, "mean": 0.0302851647139, "median": 0.0193191450089, "min": 1.06511701549e-20, "var": 0.00097282679053}, "spectral_energyband_high": {"dmean": 0.000821823778097, "dmean2": 0.00106981454883, "dvar": 3.45847593053e-06, "dvar2": 6.68524262437e-06, "max": 0.0284014176577, "mean": 0.00197261734866, "median": 0.000448760576546, "min": 7.64798431228e-21, "var": 1.46112743096e-05}, "spectral_energyband_low": {"dmean": 0.00749669084325, "dmean2": 0.0119684152305, "dvar": 0.000310072296998, "dvar2": 0.000873711600434, "max": 0.326545208693, "mean": 0.019152071327, "median": 0.00389750115573, "min": 4.44151661269e-23, "var": 0.000776875880547}, "spectral_energyband_middle_high": {"dmean": 0.00139060837682, "dmean2": 0.00199449248612, "dvar": 5.93376034885e-06, "dvar2": 1.37505312523e-05, "max": 0.0560472421348, "mean": 0.00391602050513, "median": 0.0027844212018, "min": 1.4657062882e-21, "var": 1.78801474249e-05}, "spectral_energyband_middle_low": {"dmean": 0.00383092579432, "dmean2": 0.00580659788102, "dvar": 8.65863257786e-05, "dvar2": 0.000198061083211, "max": 0.132639825344, "mean": 0.00648367684335, "median": 0.00337256444618, "min": 3.54621754543e-22, "var": 0.000128107029013}, "spectral_entropy": {"dmean": 0.215600401163, "dmean2": 0.297763675451, "dvar": 0.100919105113, "dvar2": 0.176079764962, "max": 9.80465698242, "mean": 7.20936059952, "median": 7.43833637238, "min": 3.42565250397, "var": 0.868349611759}, "spectral_flux": {"dmean": 0.0235867332667, "dmean2": 0.0370860248804, "dvar": 0.00129220343661, "dvar2": 0.00265953689814, "max": 0.434816122055, "mean": 0.0719303488731, "median": 0.0575492344797, "min": 1.0320450744e-10, "var": 0.00295559410006}, "spectral_kurtosis": {"dmean": 5.01666784286, "dmean2": 8.25266170502, "dvar": 463.840148926, "dvar2": 1156.96264648, "max": 694.907592773, "mean": 11.0357465744, "median": 2.40077757835, "min": -1.23212993145, "var": 1621.58837891}, "spectral_rms": {"dmean": 0.000767967954744, "dmean2": 0.00113410840277, "dvar": 1.18961622775e-06, "dvar2": 2.97309861708e-06, "max": 0.0187549050897, "mean": 0.00482917902991, "median": 0.00434142211452, "min": 3.22356724647e-12, "var": 6.22558536634e-06}, "spectral_rolloff": {"dmean": 561.857849121, "dmean2": 917.981933594, "dvar": 1146768.625, "dvar2": 2317019.25, "max": 19745.9472656, "mean": 2225.81713867, "median": 1485.79101562, "min": 43.06640625, "var": 8094230}, "spectral_skewness": {"dmean": 0.378957808018, "dmean2": 0.59763354063, "dvar": 0.678978383541, "dvar2": 1.51911437511, "max": 21.4456214905, "mean": 1.55454242229, "median": 1.09352374077, "min": -0.171557575464, "var": 4.2954249382}, "spectral_spread": {"dmean": 506585.9375, "dmean2": 739270.375, "dvar": 646275596288, "dvar2": 1047850909700.0, "max": 42022120, "mean": 4052156.75, "median": 3909936, "min": 126440.039062, "var": 2550097772540.0}, "spectral_strongpeak": {"dmean": 0.724020123482, "dmean2": 1.22637486458, "dvar": 2.09009099007, "dvar2": 5.26997184753, "max": 27.2451076508, "mean": 1.26701295376, "median": 0.501527249813, "min": 4.82778528266e-09, "var": 4.26584005356}, "zerocrossingrate": {"dmean": 0.0121848536655, "dmean2": 0.0133461076766, "dvar": 0.000254682847299, "dvar2": 0.000276790931821, "max": 0.80908203125, "mean": 0.0798074454069, "median": 0.064453125, "min": 0.00146484375, "var": 0.00684069655836}, "barkbands": {"dmean": [0.000566459551919, 0.00531853409484, 0.00283489981666, 0.00204319041222, 0.0012659272179, 0.000668988737743, 0.000274281745078, 0.000186269942787, 0.000149852101458, 0.000403354672017, 0.00016028668324, 7.8992183262e-05, 0.000392640795326, 0.000102799924207, 0.000140806572745, 0.00038023252273, 0.000110988985398, 8.64044923219e-05, 0.000202880895813, 0.000278249266557, 0.000243757807766, 0.000269156880677, 0.000144525009091, 0.000133284222102, 5.47933632333e-05, 6.57166719975e-06, 5.13465181484e-07], "dmean2": [0.00061193149304, 0.00806969311088, 0.00478685507551, 0.00317151239142, 0.00199151784182, 0.0010652319761, 0.000473154388601, 0.000326435780153, 0.000246448034886, 0.000600228609983, 0.00025636688224, 0.000124661251903, 0.000546189257875, 0.000169392180396, 0.000216015425394, 0.000550976954401, 0.000158534894581, 0.000134586924105, 0.0002995141258, 0.000414124951931, 0.000352338829543, 0.000391151028452, 0.000197989895241, 0.000187022873433, 7.8754099377e-05, 9.89295949694e-06, 8.56369297253e-07], "dvar": [1.35708819471e-06, 0.000129876163555, 8.77637503436e-05, 4.71209132229e-05, 1.0328715689e-05, 1.88422347946e-06, 5.8887275145e-07, 3.35331122869e-07, 9.93072575284e-08, 5.49864068944e-07, 1.37829388791e-07, 3.13222798809e-08, 8.21531898509e-07, 9.00526444525e-08, 4.28491176763e-07, 1.15077898499e-06, 5.24502610233e-08, 4.44562324731e-08, 1.3513206909e-07, 3.74969289396e-07, 3.9610003455e-07, 4.02427644985e-07, 1.23345088809e-07, 1.40841208918e-07, 2.49193217172e-08, 2.47128029152e-09, 2.00524753052e-11], "dvar2": [1.81374639396e-06, 0.000337427656632, 0.000237092797761, 0.000107609790575, 2.48641918006e-05, 4.65509810965e-06, 1.57679460244e-06, 9.21601269965e-07, 2.62437026777e-07, 1.09799304937e-06, 3.39493908541e-07, 7.57124922757e-08, 1.40953795835e-06, 2.482973116e-07, 7.44627072891e-07, 2.30384534916e-06, 1.06817353185e-07, 1.08945052091e-07, 3.06251081383e-07, 9.30369310481e-07, 8.62790557221e-07, 9.59418457569e-07, 2.4175946578e-07, 2.99204685916e-07, 5.75932368463e-08, 6.73299993537e-09, 5.08082603767e-11], "max": [0.0175948739052, 0.188738852739, 0.120993196964, 0.104690656066, 0.0540729500353, 0.0372763052583, 0.0118005117401, 0.0110093429685, 0.00501698907465, 0.0103640006855, 0.00564180221409, 0.00340713327751, 0.0214648228139, 0.00432721618563, 0.0419518016279, 0.0234411433339, 0.00465929508209, 0.00410836841911, 0.00667562894523, 0.0156906507909, 0.0135151129216, 0.0090487068519, 0.00633809156716, 0.00904842093587, 0.00197900249623, 0.00187246163841, 0.000155758214532], "mean": [0.001472251839, 0.0117902811617, 0.00467903679237, 0.0025833316613, 0.00195692596026, 0.00115825398825, 0.000308238784783, 0.00020487436268, 0.000229601064348, 0.000618313788436, 0.000247761927312, 0.000153852728545, 0.000743703509215, 0.000139913245221, 0.000245524133788, 0.00065608281875, 0.000210622616578, 0.00015672238078, 0.000439351744717, 0.000612996402197, 0.00048310047714, 0.000561306718737, 0.000293336081086, 0.000246772659011, 8.05141971796e-05, 1.16648525363e-05, 8.53944698065e-07], "median": [0.000255986989941, 0.00272202142514, 0.000133772249683, 7.22754193703e-05, 0.000868714123499, 0.000424820784247, 0.000108205669676, 6.38019919279e-05, 8.74772158568e-05, 0.000200560127269, 7.79951515142e-05, 4.1571292968e-05, 0.000177645342774, 4.6411259973e-05, 8.27583280625e-05, 0.000107543790364, 8.57524864841e-05, 6.99169322615e-05, 0.000235670275288, 0.000170055456692, 0.000103494210634, 0.000141233627801, 4.9811151257e-05, 1.44242039823e-05, 4.72928832096e-06, 2.7642704481e-07, 6.24385343428e-09], "min": [2.23278591079e-23, 1.21390310526e-23, 7.38626952751e-24, 4.07164434669e-23, 5.98386968667e-23, 1.55109163333e-22, 1.14276528543e-23, 2.98380231849e-23, 5.42150147585e-23, 1.55325670942e-23, 9.40386948727e-23, 3.81266793794e-23, 8.67181098484e-23, 1.13727161076e-22, 1.62693890543e-22, 2.07712983335e-22, 2.03568648927e-22, 2.98024506068e-22, 1.64881319791e-22, 2.33573408908e-22, 3.24115480974e-22, 6.67277270131e-22, 6.33295161818e-22, 8.87749277125e-22, 1.00839435706e-21, 1.71140942434e-21, 2.39467595839e-21], "var": [8.13973474578e-06, 0.000377363845473, 0.000101114907011, 5.83708751947e-05, 1.71165065694e-05, 4.80689595861e-06, 4.95553365454e-07, 2.50584292871e-07, 1.37654069476e-07, 1.26927102428e-06, 2.48227109978e-07, 9.38820718943e-08, 2.97084420708e-06, 9.3984901639e-08, 1.29585271225e-06, 2.64676987172e-06, 1.34687240916e-07, 8.66131131261e-08, 3.96047028062e-07, 1.19355399875e-06, 9.85669885267e-07, 1.10508938178e-06, 4.03266170679e-07, 4.41776080606e-07, 4.13445100378e-08, 3.90445320519e-09, 3.550454028e-11]}, "erbbands": {"dmean": [0.235656455159, 1.04983699322, 3.07485771179, 5.20083141327, 4.42248535156, 4.38780450821, 7.15201854706, 5.34216070175, 4.00244760513, 4.47785711288, 3.4598531723, 2.73316287994, 5.72463226318, 13.5176868439, 5.64144039154, 4.54979944229, 16.96941185, 7.45721006393, 7.06660652161, 13.5949516296, 13.0646791458, 5.51614713669, 5.53160762787, 7.23107862473, 13.4153375626, 12.0175971985, 10.3315010071, 9.16366767883, 11.1095552444, 6.2367978096, 4.13237524033, 3.11504840851, 1.87346601486, 0.898627579212, 0.248449102044, 0.0572427511215, 0.00644979579374, 0.000810264609754, 9.76400697255e-05, 1.46511547428e-05], "dmean2": [0.318270713091, 1.7297617197, 5.2250957489, 8.29900836945, 6.36420154572, 7.38658094406, 10.8220558167, 8.91862106323, 6.97609424591, 7.62074041367, 6.0054192543, 4.57895231247, 9.32642936707, 20.0419940948, 8.65019893646, 6.50951004028, 23.1989269257, 11.9597177505, 11.5685739517, 19.7652721405, 19.0070095062, 8.04735946655, 8.35481071472, 10.7964067459, 19.6869564056, 17.6966342926, 14.9467477798, 12.986905098, 16.5734939575, 8.79135131836, 5.62218809128, 4.36124753952, 2.70329380035, 1.31118190289, 0.34618511796, 0.0860716849566, 0.00963229313493, 0.00127418444026, 0.000157592032338, 2.18113782466e-05], "dvar": [0.242435008287, 7.00291395187, 99.2643661499, 283.398590088, 193.734954834, 185.234771729, 258.854064941, 147.85458374, 136.057159424, 205.230148315, 75.337059021, 38.9701652527, 132.676071167, 589.375427246, 204.669036865, 78.9621429443, 1798.89550781, 327.156219482, 1120.25915527, 1144.59802246, 1459.33862305, 138.750701904, 129.914398193, 167.697998047, 591.919616699, 865.655273438, 779.729675293, 498.801635742, 822.745788574, 190.483276367, 107.317100525, 83.1668243408, 29.2374458313, 7.08097934723, 0.542944252491, 0.175074845552, 0.00173329561949, 3.99999807996e-05, 6.49868297842e-07, 1.08291886569e-09], "dvar2": [0.485283941031, 19.3476428986, 271.408599854, 723.795410156, 391.205749512, 495.860015869, 506.670959473, 396.567962646, 362.115600586, 561.315063477, 206.79460144, 107.371688843, 342.430389404, 1225.39819336, 443.301452637, 161.610977173, 2917.15112305, 911.507873535, 2780.26855469, 2147.93652344, 3017.04614258, 313.303955078, 313.168457031, 378.874237061, 1304.41003418, 2167.72119141, 1604.21276855, 1097.34179688, 2230.01782227, 376.257720947, 216.304107666, 178.088882446, 65.6923751831, 16.7502174377, 1.24915325642, 0.493687033653, 0.00376803008839, 9.17020443012e-05, 1.62749483934e-06, 2.54395637889e-09], "max": [6.71132278442, 47.3205337524, 134.594345093, 235.220535278, 233.572937012, 265.310241699, 575.695678711, 253.657897949, 187.097061157, 251.378097534, 122.044425964, 113.548919678, 150.729797363, 313.209564209, 292.81237793, 158.524505615, 1053.22900391, 314.235809326, 1726.45251465, 1362.71057129, 817.28729248, 228.545608521, 171.475784302, 211.6068573, 430.484008789, 762.722595215, 591.832275391, 425.013946533, 472.502502441, 278.194641113, 217.893875122, 259.34664917, 86.1849899292, 34.0266418457, 11.4483776093, 16.4762306213, 1.04897964001, 0.196520343423, 0.0287963598967, 0.000928939378355], "mean": [0.510291814804, 1.9619281292, 5.19009160995, 7.14341068268, 6.78686761856, 5.91075277328, 12.6132707596, 7.83417844772, 4.68880701065, 4.97457075119, 4.26694011688, 4.2501115799, 9.54132461548, 21.0558700562, 10.4112110138, 9.81248188019, 32.9563026428, 12.6940793991, 11.4508752823, 25.5214214325, 23.0572624207, 10.924580574, 11.3441028595, 15.7377729416, 28.5779342651, 27.341053009, 21.123254776, 17.9669399261, 22.0028972626, 13.4825181961, 8.52901744843, 5.85572147369, 3.09303164482, 1.34945654869, 0.364391714334, 0.0976004749537, 0.0119032748044, 0.00158556434326, 0.000184492688277, 4.43744393124e-05], "median": [0.122466154397, 0.309907376766, 0.16406236589, 0.296311080456, 0.660643935204, 2.53600645065, 3.64506816864, 2.84967184067, 1.60389375687, 1.75826215744, 1.59874343872, 1.86375975609, 3.83943414688, 7.71515750885, 3.22178125381, 2.89714670181, 7.36209011078, 5.84326791763, 4.51844978333, 6.93318128586, 5.46124076843, 5.25846481323, 5.8684592247, 8.54458236694, 13.045624733, 7.69048786163, 4.02067518234, 4.53987598419, 4.45455741882, 4.54277658463, 1.21269583702, 0.450123906136, 0.175997465849, 0.076956808567, 0.0198316089809, 0.00324978143908, 0.000327208545059, 3.28128662659e-05, 1.81180366781e-05, 2.67772120424e-05], "min": [4.4430751494e-22, 2.77722316178e-21, 8.63008599848e-21, 7.36433664854e-20, 1.54826600576e-19, 1.95905966609e-19, 4.7639673432e-19, 1.64358099377e-18, 4.82490987483e-19, 4.20887538544e-19, 5.698868585e-19, 1.39666685714e-18, 5.25867873517e-19, 1.47865668927e-18, 3.44021397552e-18, 2.13014496689e-18, 4.2437777544e-18, 4.26441632427e-18, 7.12806514691e-18, 1.38842447797e-17, 1.09250135829e-17, 9.35554921278e-18, 1.41676186596e-17, 1.10812340862e-17, 9.07146974783e-18, 1.20625275459e-17, 9.96884159844e-18, 1.63638046926e-17, 2.38644750008e-17, 2.31605393364e-17, 1.57514346133e-17, 1.94788957419e-17, 1.40017160072e-17, 7.32430382108e-18, 9.31873057653e-18, 5.87739659847e-18, 3.00291046903e-18, 1.594556894e-18, 3.45512437135e-19, 3.15573345722e-20], "var": [0.916278541088, 11.4449834824, 111.129402161, 304.218353271, 337.307830811, 190.003097534, 897.398132324, 233.564407349, 117.868408203, 153.4012146, 65.2527618408, 46.7427062988, 207.241668701, 1336.64819336, 539.762329102, 298.495239258, 6791.2578125, 415.613433838, 1936.54455566, 3438.18115234, 3164.56860352, 304.278686523, 282.336975098, 461.076751709, 1807.05664062, 3187.01977539, 2098.28735352, 1213.40075684, 2063.40771484, 543.498352051, 410.972564697, 286.104644775, 57.000869751, 11.4419431686, 0.932958543301, 0.240139111876, 0.00402685441077, 9.91505658021e-05, 1.27265639094e-06, 2.9156499437e-09]}, "gfcc": {"mean": [-77.9258728027, 86.9067764282, -129.032363892, 70.194152832, -53.4860305786, 15.0316085815, -26.6951904297, -3.28578591347, -14.0588254929, -2.44363737106, 2.76730728149, 3.04875016212, 7.46358013153], "cov": [[25630.3339844, -996.375793457, -1825.49291992, 1906.74145508, -3483.86376953, 1751.5369873, -781.881652832, -23.8874950409, -743.792053223, 617.403198242, -378.274871826, 94.3651428223, -14.471493721], [-996.375793457, 3434.46923828, 485.744110107, -251.067138672, 1140.77807617, -248.310821533, 315.154724121, -510.840484619, 314.334533691, -360.360839844, 20.8376789093, -150.003189087, 81.4348602295], [-1825.49291992, 485.744110107, 3646.23583984, 1765.06152344, 1379.53430176, 329.840362549, 64.0035705566, -228.797622681, -440.271636963, -446.074401855, -294.185760498, -540.480651855, -316.457122803], [1906.74145508, -251.067138672, 1765.06152344, 1944.86999512, 465.686187744, 465.019042969, 17.4950218201, -62.3048744202, -395.899871826, -238.559066772, -145.624252319, -348.431518555, -249.118682861], [-3483.86376953, 1140.77807617, 1379.53430176, 465.686187744, 1428.55310059, -55.1605682373, 243.381271362, -203.381591797, 21.3518238068, -326.79800415, -63.9546775818, -230.71321106, -154.883453369], [1751.5369873, -248.310821533, 329.840362549, 465.019042969, -55.1605682373, 456.01864624, -11.6983366013, 0.16506922245, -110.304351807, 45.4278640747, -51.7999992371, -75.0635147095, -73.8245544434], [-781.881652832, 315.154724121, 64.0035705566, 17.4950218201, 243.381271362, -11.6983366013, 198.943313599, -26.0483703613, 76.3958206177, -35.4785575867, 34.3330535889, -8.60523414612, -12.5462150574], [-23.8874950409, -510.840484619, -228.797622681, -62.3048744202, -203.381591797, 0.16506922245, -26.0483703613, 202.339736938, 27.6930942535, 81.3079299927, 22.5461349487, 44.5608406067, 22.5965461731], [-743.792053223, 314.334533691, -440.271636963, -395.899871826, 21.3518238068, -110.304351807, 76.3958206177, 27.6930942535, 264.367248535, 78.3606719971, 49.5400123596, 87.6114578247, 82.1635665894], [617.403198242, -360.360839844, -446.074401855, -238.559066772, -326.79800415, 45.4278640747, -35.4785575867, 81.3079299927, 78.3606719971, 215.590835571, 42.1319580078, 95.5478363037, 32.7422370911], [-378.274871826, 20.8376789093, -294.185760498, -145.624252319, -63.9546775818, -51.7999992371, 34.3330535889, 22.5461349487, 49.5400123596, 42.1319580078, 162.686935425, 73.3380889893, 39.2689971924], [94.3651428223, -150.003189087, -540.480651855, -348.431518555, -230.71321106, -75.0635147095, -8.60523414612, 44.5608406067, 87.6114578247, 95.5478363037, 73.3380889893, 195.776062012, 102.719718933], [-14.471493721, 81.4348602295, -316.457122803, -249.118682861, -154.883453369, -73.8245544434, -12.5462150574, 22.5965461731, 82.1635665894, 32.7422370911, 39.2689971924, 102.719718933, 160.044570923]], "icov": [[0.000287129951175, -0.000541105458979, 0.000235261119087, -0.000541719666217, 0.000799186527729, -0.000635468924884, 0.000399738724809, -0.000260579196038, 0.000694071815815, -0.000498895766214, 0.000876604870427, -0.000737743102945, 0.000475826731417], [-0.000541105458979, 0.00200393400155, -0.000402943551308, 0.00114723609295, -0.0017486975994, 0.0011045295978, -0.0010469959816, 0.00249181385152, -0.00264542945661, 0.00188952009194, -0.00202606758103, 0.0024353209883, -0.00179065926932], [0.000235261119087, -0.000402943551308, 0.00118764932267, -0.000890698283911, -0.000237362080952, -0.00050392805133, 0.000564012152608, -0.0001169528623, 0.00144571391866, -0.000853428733535, 0.00131782854442, 0.000272014789516, -0.000278740917565], [-0.000541719666217, 0.00114723609295, -0.000890698283911, 0.00247841887176, -0.00131508696359, 0.000252972065937, -0.00115871545859, 0.000312928576022, -0.000812329293694, 0.00189661199693, -0.00205187895335, 0.00204088934697, -0.000604518747423], [0.000799186527729, -0.0017486975994, -0.000237362080952, -0.00131508696359, 0.00480181444436, -0.00161928508896, -0.000124176352983, -0.000570444157347, 0.000192982828594, 0.000807802134659, 0.00202980684116, -0.00251414137892, 0.00326778646559], [-0.000635468924884, 0.0011045295978, -0.00050392805133, 0.000252972065937, -0.00161928508896, 0.00512845814228, -0.00150540994946, 0.000885112211108, -0.000627839530353, -0.0014782770304, -0.00118667446077, 0.00198745750822, -0.00102621957194], [0.000399738724809, -0.0010469959816, 0.000564012152608, -0.00115871545859, -0.000124176352983, -0.00150540994946, 0.0087652951479, -0.0008818905917, -0.00137993553653, 1.40076081152e-05, -0.000407979328884, -0.00185828690883, 0.00187591544818], [-0.000260579196038, 0.00249181385152, -0.0001169528623, 0.000312928576022, -0.000570444157347, 0.000885112211108, -0.0008818905917, 0.0105614559725, -0.00397776067257, 0.000760517024901, -0.00175471988041, 0.00268573965877, -0.00214639096521], [0.000694071815815, -0.00264542945661, 0.00144571391866, -0.000812329293694, 0.000192982828594, -0.000627839530353, -0.00137993553653, -0.00397776067257, 0.013150760904, -0.00698693422601, 0.00364425638691, -0.00199467153288, -0.00158227595966], [-0.000498895766214, 0.00188952009194, -0.000853428733535, 0.00189661199693, 0.000807802134659, -0.0014782770304, 1.40076081152e-05, 0.000760517024901, -0.00698693422601, 0.013965585269, -0.00320352287963, -0.00074814358959, 0.00224776891991], [0.000876604870427, -0.00202606758103, 0.00131782854442, -0.00205187895335, 0.00202980684116, -0.00118667446077, -0.000407979328884, -0.00175471988041, 0.00364425638691, -0.00320352287963, 0.0112335775048, -0.0045114303939, 0.00107851135544], [-0.000737743102945, 0.0024353209883, 0.000272014789516, 0.00204088934697, -0.00251414137892, 0.00198745750822, -0.00185828690883, 0.00268573965877, -0.00199467153288, -0.00074814358959, -0.0045114303939, 0.0156432222575, -0.00738852331415], [0.000475826731417, -0.00179065926932, -0.000278740917565, -0.000604518747423, 0.00326778646559, -0.00102621957194, 0.00187591544818, -0.00214639096521, -0.00158227595966, 0.00224776891991, 0.00107851135544, -0.00738852331415, 0.0136793609709]]}, "melbands": {"dmean": [0.00165756745264, 0.00143559719436, 0.000869925541338, 0.000281179382, 0.000235148399952, 0.000116393050121, 5.87734139117e-05, 4.74613771075e-05, 2.7114761906e-05, 1.91564049601e-05, 3.23008935084e-05, 6.09251364949e-05, 1.88967424037e-05, 1.05381259345e-05, 2.52036952588e-05, 3.74551600544e-05, 1.17813578981e-05, 1.13073983812e-05, 1.01162358987e-05, 3.33414427587e-05, 1.07243104139e-05, 5.49720698473e-06, 6.9276643444e-06, 4.29808324043e-06, 6.49943467579e-06, 8.46891271067e-06, 1.15018337965e-05, 8.21867160994e-06, 7.36494439479e-06, 6.37344146526e-06, 5.22744676346e-06, 7.06839637132e-06, 4.949650247e-06, 3.21225184052e-06, 2.68840722129e-06, 2.41444786298e-06, 1.65515029948e-06, 1.43301747357e-06, 1.06658933419e-06, 6.92616140441e-07], "dmean2": [0.0023890293669, 0.00241883681156, 0.00134221243206, 0.000436922884546, 0.000362378981663, 0.000192763429368, 0.000101776618976, 8.146786422e-05, 4.68552752864e-05, 3.18593374686e-05, 5.21314104844e-05, 8.98219805094e-05, 2.98679806292e-05, 1.61638326972e-05, 3.30479415425e-05, 5.42971974937e-05, 1.93306641449e-05, 1.89362381207e-05, 1.46281254274e-05, 4.81049391965e-05, 1.60548879649e-05, 8.16817919258e-06, 1.0087876035e-05, 6.70556528348e-06, 9.75985858531e-06, 1.24413936646e-05, 1.70360326592e-05, 1.23560876091e-05, 1.09403799797e-05, 9.72092584561e-06, 7.58736359785e-06, 1.0769524124e-05, 7.48201136958e-06, 4.58814884041e-06, 3.82980078939e-06, 3.34828268933e-06, 2.39237624555e-06, 2.12186705539e-06, 1.57183865213e-06, 1.02729757145e-06], "dvar": [1.18253910841e-05, 1.93478699657e-05, 7.63677871873e-06, 7.6691395634e-07, 2.58233285422e-07, 6.76181670656e-08, 2.89144139742e-08, 2.43944402456e-08, 4.23145563033e-09, 1.66705982352e-09, 3.9739918023e-09, 1.20275522875e-08, 1.9684998076e-09, 6.35249852721e-10, 5.46063549933e-09, 6.36911545726e-09, 9.79032743764e-10, 2.38885133896e-09, 2.25312635216e-09, 8.54175308262e-09, 1.00829256056e-09, 1.68906263975e-10, 1.76162154308e-10, 1.16391327132e-10, 1.34960265186e-10, 2.65565985869e-10, 5.26111654242e-10, 4.49261988722e-10, 3.80856013393e-10, 2.6118079921e-10, 1.66463912099e-10, 3.13735371016e-10, 1.46264222955e-10, 4.90139456799e-11, 5.0275904967e-11, 5.30701559087e-11, 1.96814769343e-11, 1.8019946646e-11, 1.01137301659e-11, 4.45455087747e-12], "dvar2": [2.71447079285e-05, 5.37173909834e-05, 1.82769545063e-05, 1.86650788692e-06, 5.21895572092e-07, 1.80312255793e-07, 7.69000081391e-08, 6.72051925221e-08, 1.1685394874e-08, 4.55858817361e-09, 9.9726111813e-09, 2.42578614973e-08, 4.6312633728e-09, 1.43491651894e-09, 7.89876608565e-09, 1.3048583547e-08, 2.74499156738e-09, 6.31677554708e-09, 3.1773772502e-09, 1.68067391115e-08, 2.26889618204e-09, 3.9403214025e-10, 3.59620389023e-10, 2.89825385913e-10, 3.08588654629e-10, 6.0333754659e-10, 1.20008147864e-09, 1.11243336764e-09, 7.91148035972e-10, 6.17997708563e-10, 3.73469560833e-10, 8.43412784057e-10, 3.34710176242e-10, 1.00787427015e-10, 1.03152361652e-10, 1.144250944e-10, 4.20584851668e-11, 4.1708640014e-11, 2.41161847436e-11, 1.06764354302e-11], "max": [0.0473911166191, 0.0702840611339, 0.039117295295, 0.013253740035, 0.016902660951, 0.00519360927865, 0.0027456257958, 0.00282395770773, 0.000844327325467, 0.000699485593941, 0.000772498140577, 0.00144678656943, 0.000754988985136, 0.000450437801192, 0.00203239778057, 0.0015327403089, 0.000512671365868, 0.00217889714986, 0.00310203805566, 0.00203059823252, 0.000583862187341, 0.000262407760601, 0.000304486457026, 0.000232541031437, 0.000189114609384, 0.000332998781232, 0.000485822354676, 0.000507887802087, 0.000379254837753, 0.000282223016256, 0.000273169978755, 0.000271815166343, 0.000228162913118, 0.000124701953609, 0.000167931648321, 0.000219954075874, 0.000102037192846, 7.16364229447e-05, 4.9988135288e-05, 3.29025278916e-05], "mean": [0.00376292783767, 0.00267571513541, 0.00130648282357, 0.000409148400649, 0.00040584630915, 0.000177666879608, 7.02070683474e-05, 5.22916743648e-05, 3.35175755026e-05, 2.88546143565e-05, 5.33403763257e-05, 9.28704903345e-05, 3.09158822347e-05, 2.11349561141e-05, 5.0448179536e-05, 6.83957987349e-05, 1.762109423e-05, 1.6812908143e-05, 1.86378474609e-05, 5.80535706831e-05, 1.79000162461e-05, 9.90445641946e-06, 1.34392876134e-05, 7.82532788435e-06, 1.29160998767e-05, 1.722558045e-05, 2.27759919653e-05, 1.77107795025e-05, 1.37347460623e-05, 1.1041191101e-05, 9.73374244495e-06, 1.35268637678e-05, 9.38946323004e-06, 6.71106045047e-06, 5.3088574532e-06, 4.3771383389e-06, 2.97889846479e-06, 2.26194288189e-06, 1.63153981703e-06, 9.86026179817e-07], "median": [0.000918078236282, 0.000174200773472, 6.67063723085e-05, 8.65854744916e-05, 0.000139753334224, 6.73632603139e-05, 2.48330979957e-05, 1.82643598237e-05, 1.19578935482e-05, 1.13130217869e-05, 2.03267663892e-05, 3.06204674416e-05, 1.00555753306e-05, 3.95173492507e-06, 8.98710095498e-06, 1.94035692402e-05, 6.02541649641e-06, 6.21308117843e-06, 6.27346798865e-06, 8.45847898745e-06, 4.54784958492e-06, 4.34527601101e-06, 5.08072662342e-06, 3.91052890336e-06, 6.15047611063e-06, 8.35506762087e-06, 7.20343359717e-06, 3.45131275026e-06, 2.40606095758e-06, 1.98083262148e-06, 2.3244415388e-06, 2.33046989706e-06, 2.7808221148e-06, 2.09293375519e-06, 5.80089533742e-07, 3.88882085645e-07, 2.02781194503e-07, 1.24742996377e-07, 8.74113581517e-08, 5.33321582452e-08], "min": [4.90597251236e-24, 3.72044591716e-24, 1.56989315482e-23, 1.20267674683e-23, 1.57482195775e-23, 3.38188677482e-23, 6.64442946541e-24, 4.93626950429e-24, 5.94419629403e-24, 8.2391725276e-24, 2.46568533903e-24, 4.89173554518e-24, 1.36463975143e-23, 3.37445349628e-24, 9.39191998005e-24, 8.57846318066e-24, 7.32258163119e-24, 1.16228304529e-23, 1.39623489287e-23, 1.89831646005e-23, 1.28025679924e-23, 1.02269947237e-23, 1.03160160991e-23, 1.47079723677e-23, 8.0694136051e-24, 6.65305329282e-24, 5.5234880958e-24, 8.72353391227e-24, 6.23604485225e-24, 7.08298248617e-24, 1.02224713952e-23, 1.24501688377e-23, 1.43804341644e-23, 1.37055841703e-23, 8.88292010273e-24, 9.18711748955e-24, 1.28930566491e-23, 1.20422843623e-23, 4.79441140872e-24, 6.36765248922e-24], "var": [4.237603207e-05, 2.33985647355e-05, 9.78759726422e-06, 1.02039268768e-06, 8.36481831357e-07, 1.12144498132e-07, 2.52489797958e-08, 1.77618595387e-08, 3.76296993565e-09, 2.19166751414e-09, 6.77930955817e-09, 2.77572986818e-08, 4.1033025866e-09, 2.06409578318e-09, 2.29846612854e-08, 1.90257356536e-08, 1.08335718174e-09, 3.3956240042e-09, 8.14536260663e-09, 2.03308943014e-08, 1.86049053941e-09, 3.12773890121e-10, 5.15361031628e-10, 2.19234477794e-10, 3.46583595157e-10, 7.42774286522e-10, 1.40606959409e-09, 1.87074977731e-09, 9.25608090174e-10, 5.7632770778e-10, 3.54147516868e-10, 7.85591425245e-10, 3.33320315793e-10, 1.4232737211e-10, 1.79341611006e-10, 1.82390103021e-10, 5.92514995401e-11, 3.22631123206e-11, 1.63908209921e-11, 6.72227030984e-12]}, "mfcc": {"mean": [-697.997375488, 88.1717529297, 3.99231719971, 46.9261665344, 4.88828039169, 20.5257263184, 2.52050304413, 6.92423248291, -4.56061887741, 0.995771765709, -1.08216166496, -5.01470088959, 4.78663825989], "cov": [[16077.1230469, -1581.92053223, -1704.78015137, -908.876586914, -1933.37976074, -180.764541626, -591.838317871, -271.353912354, -221.17590332, 186.770385742, 82.2591781616, 32.671081543, 268.678619385], [-1581.92053223, 3255.47216797, -522.653625488, -112.259147644, 317.226715088, 272.187408447, -147.087539673, 104.106575012, 83.6195907593, -25.3225421906, 7.27195596695, -104.677459717, 87.448135376], [-1704.78015137, -522.653625488, 2180.45874023, 1286.93139648, 1077.51879883, 527.328491211, 653.41394043, 108.513542175, 45.5016326904, -49.5457839966, -99.8644104004, -6.43325805664, -263.805328369], [-908.876586914, -112.259147644, 1286.93139648, 1441.36962891, 936.045959473, 494.597229004, 547.477600098, 221.090667725, 6.24141979218, -56.3987159729, -28.7433643341, -25.9057254791, -170.641845703], [-1933.37976074, 317.226715088, 1077.51879883, 936.045959473, 1050.05944824, 457.866577148, 460.380584717, 177.512664795, 52.5875892639, -48.7574234009, -52.7893676758, -18.4897880554, -139.987335205], [-180.764541626, 272.187408447, 527.328491211, 494.597229004, 457.866577148, 484.091552734, 261.185913086, 104.001777649, 36.5804367065, -11.7586088181, -4.55940198898, 24.7262039185, -17.837802887], [-591.838317871, -147.087539673, 653.41394043, 547.477600098, 460.380584717, 261.185913086, 371.626525879, 108.931266785, -13.6265058517, -19.7921085358, -17.7413654327, -7.24191141129, -80.842376709], [-271.353912354, 104.106575012, 108.513542175, 221.090667725, 177.512664795, 104.001777649, 108.931266785, 135.375762939, 15.8667478561, 0.94389462471, 7.65404272079, -6.67264223099, -7.87098073959], [-221.17590332, 83.6195907593, 45.5016326904, 6.24141979218, 52.5875892639, 36.5804367065, -13.6265058517, 15.8667478561, 154.134216309, 33.9413986206, -8.70292186737, 30.4960727692, -0.249136716127], [186.770385742, -25.3225421906, -49.5457839966, -56.3987159729, -48.7574234009, -11.7586088181, -19.7921085358, 0.94389462471, 33.9413986206, 86.4877166748, 33.8167304993, 16.552822113, 21.0378131866], [82.2591781616, 7.27195596695, -99.8644104004, -28.7433643341, -52.7893676758, -4.55940198898, -17.7413654327, 7.65404272079, -8.70292186737, 33.8167304993, 119.182815552, 40.9442138672, 23.2333908081], [32.671081543, -104.677459717, -6.43325805664, -25.9057254791, -18.4897880554, 24.7262039185, -7.24191141129, -6.67264223099, 30.4960727692, 16.552822113, 40.9442138672, 99.1364059448, 32.8492164612], [268.678619385, 87.448135376, -263.805328369, -170.641845703, -139.987335205, -17.837802887, -80.842376709, -7.87098073959, -0.249136716127, 21.0378131866, 23.2333908081, 32.8492164612, 117.339408875]], "icov": [[0.000107585910882, 4.96601678606e-05, 7.43725540815e-05, -0.000128758169012, 0.000305598252453, -0.000295748002827, 6.80847078911e-05, 8.6997039034e-05, 0.000122053264931, -0.000237576532527, 0.000125646154629, 5.64018228033e-05, 7.1156406193e-05], [4.96601678606e-05, 0.000547855801415, 0.000255817634752, 0.000101106146758, -0.00043540581828, -0.000652924005408, 0.000696608098224, -0.000112344823719, -0.000153879489517, 0.00012166966917, -0.000265220325673, 0.000924506864976, -0.000174577333382], [7.43725540815e-05, 0.000255817634752, 0.00187632942107, -0.000747749290895, -0.000560620101169, -0.000570371805225, -0.00110817654058, 0.00178882223554, -0.000247465097345, -0.000655328971334, 0.000789122888818, -0.000366525782738, 0.00143434037454], [-0.000128758169012, 0.000101106146758, -0.000747749290895, 0.00273034186102, -0.00122920342255, -0.000235810119193, -0.000519289751537, -0.00190739380196, 0.000133531561005, 0.000945057137869, -0.000907675246708, 0.000526062038261, 0.000384264800232], [0.000305598252453, -0.00043540581828, -0.000560620101169, -0.00122920342255, 0.00488800695166, -0.00129237398505, -0.00159217289183, -0.000698699557688, -0.000389332446503, -5.49040632905e-05, 0.000909900816623, -0.000431424297858, 0.00101756933145], [-0.000295748002827, -0.000652924005408, -0.000570371805225, -0.000235810119193, -0.00129237398505, 0.00579440547153, -0.0023509177845, -0.000208884142921, -0.000925958447624, 0.000848355179187, -0.000300511281239, -0.00148885301314, -0.0024338895455], [6.80847078911e-05, 0.000696608098224, -0.00110817654058, -0.000519289751537, -0.00159217289183, -0.0023509177845, 0.0107830017805, -0.00367861776613, 0.00267696217634, -0.00102899794001, 7.75807202444e-05, 0.000287413335172, 0.00109814375173], [8.6997039034e-05, -0.000112344823719, 0.00178882223554, -0.00190739380196, -0.000698699557688, -0.000208884142921, -0.00367861776613, 0.0136487353593, -0.00195049331523, -0.000651289883535, -0.000989621388726, 0.00165915931575, -0.00150775164366], [0.000122053264931, -0.000153879489517, -0.000247465097345, 0.000133531561005, -0.000389332446503, -0.000925958447624, 0.00267696217634, -0.00195049331523, 0.00964870955795, -0.00479205837473, 0.00314748776145, -0.00408577825874, 0.00198155012913], [-0.000237576532527, 0.00012166966917, -0.000655328971334, 0.000945057137869, -5.49040632905e-05, 0.000848355179187, -0.00102899794001, -0.000651289883535, -0.00479205837473, 0.0165145974606, -0.00543251167983, 0.00195065722801, -0.00277633755468], [0.000125646154629, -0.000265220325673, 0.000789122888818, -0.000907675246708, 0.000909900816623, -0.000300511281239, 7.75807202444e-05, -0.000989621388726, 0.00314748776145, -0.00543251167983, 0.0128247803077, -0.00620131753385, 0.00156840973068], [5.64018228033e-05, 0.000924506864976, -0.000366525782738, 0.000526062038261, -0.000431424297858, -0.00148885301314, 0.000287413335172, 0.00165915931575, -0.00408577825874, 0.00195065722801, -0.00620131753385, 0.016776079312, -0.00513587007299], [7.1156406193e-05, -0.000174577333382, 0.00143434037454, 0.000384264800232, 0.00101756933145, -0.0024338895455, 0.00109814375173, -0.00150775164366, 0.00198155012913, -0.00277633755468, 0.00156840973068, -0.00513587007299, 0.015401635319]]}, "spectral_contrast_coeffs": {"dmean": [0.0522360131145, 0.0458417497575, 0.0374184176326, 0.0293030552566, 0.0243752580136, 0.0203892160207], "dmean2": [0.0826968997717, 0.07630379498, 0.0597052127123, 0.046162199229, 0.036658860743, 0.0308155771345], "dvar": [0.00202533160336, 0.00129760359414, 0.000942904502153, 0.000610851857346, 0.00058474810794, 0.000546779832803], "dvar2": [0.00496951956302, 0.00356306321919, 0.00232984148897, 0.00140191754326, 0.0010975128971, 0.00107208173722], "max": [-0.332449913025, -0.46438908577, -0.50745588541, -0.521901905537, -0.487804621458, -0.537904679775], "mean": [-0.659975647926, -0.752288937569, -0.77809214592, -0.771051287651, -0.740383684635, -0.720214426517], "median": [-0.653698921204, -0.762548208237, -0.77662050724, -0.774222075939, -0.738948583603, -0.704247772694], "min": [-0.958352565765, -0.957755327225, -0.962338209152, -0.958182573318, -0.96198284626, -0.961547672749], "var": [0.00880946964025, 0.00520110549405, 0.00503937341273, 0.00535287335515, 0.00500735267997, 0.00402526510879]}, "spectral_contrast_valleys": {"dmean": [0.362061828375, 0.440837651491, 0.369775265455, 0.317185550928, 0.324849545956, 0.48781773448], "dmean2": [0.587102949619, 0.706830382347, 0.577231526375, 0.478297650814, 0.419978260994, 0.602037131786], "dvar": [0.145937755704, 0.26114526391, 0.220525696874, 0.198236703873, 0.208656728268, 0.401477783918], "dvar2": [0.288903057575, 0.49332100153, 0.396770209074, 0.330258816481, 0.280677080154