{"lowlevel": {"average_loudness": 0.903376221657, "barkbands_crest": {"dmean": 2.12229299545, "dmean2": 3.39968204498, "dvar": 4.07039928436, "dvar2": 10.0035219193, "max": 23.5679988861, "mean": 9.8031167984, "median": 9.44572544098, "min": 2.5598590374, "var": 12.4210739136}, "barkbands_flatness_db": {"dmean": 0.0269050169736, "dmean2": 0.0375226102769, "dvar": 0.000796445121523, "dvar2": 0.00151949678548, "max": 0.372808128595, "mean": 0.142937675118, "median": 0.134240105748, "min": 0.0265331231058, "var": 0.00445293402299}, "barkbands_kurtosis": {"dmean": 3.85011100769, "dmean2": 5.76603412628, "dvar": 32.1097221375, "dvar2": 67.7674865723, "max": 70.1593170166, "mean": 7.68593883514, "median": 3.71915221214, "min": -1.82226324081, "var": 112.167938232}, "barkbands_skewness": {"dmean": 0.615758895874, "dmean2": 0.890952765942, "dvar": 0.44880387187, "dvar2": 0.874106585979, "max": 7.52678871155, "mean": 2.15590071678, "median": 1.98976564407, "min": -1.20487594604, "var": 1.98038387299}, "barkbands_spread": {"dmean": 6.65721511841, "dmean2": 9.38896083832, "dvar": 68.5651550293, "dvar2": 140.966674805, "max": 102.414176941, "mean": 22.5865364075, "median": 18.194026947, "min": 1.32930827141, "var": 266.416107178}, "dissonance": {"dmean": 0.0143406130373, "dmean2": 0.0239315945655, "dvar": 0.000179742535693, "dvar2": 0.000468068668852, "max": 0.500000059605, "mean": 0.469723105431, "median": 0.473796188831, "min": 0.318674117327, "var": 0.000423923454946}, "dynamic_complexity": 3.31785392761, "erbbands_crest": {"dmean": 2.18536138535, "dmean2": 3.45516848564, "dvar": 5.37453699112, "dvar2": 13.0141296387, "max": 27.2615432739, "mean": 8.22563266754, "median": 7.21803188324, "min": 2.67342591286, "var": 15.9369602203}, "erbbands_flatness_db": {"dmean": 0.0198395550251, "dmean2": 0.0278181992471, "dvar": 0.00045191400568, "dvar2": 0.000874247169122, "max": 0.274875998497, "mean": 0.138886228204, "median": 0.130245745182, "min": 0.0380132570863, "var": 0.00180356099736}, "erbbands_kurtosis": {"dmean": 0.664745569229, "dmean2": 1.0686545372, "dvar": 0.8377815485, "dvar2": 2.12412238121, "max": 11.433172226, "mean": -0.23978471756, "median": -0.638967752457, "min": -1.70378148556, "var": 1.48984181881}, "erbbands_skewness": {"dmean": 0.318805903196, "dmean2": 0.455516219139, "dvar": 0.0894256681204, "dvar2": 0.194256231189, "max": 2.82695627213, "mean": 0.241418138146, "median": 0.215414211154, "min": -2.91043829918, "var": 0.437222182751}, "erbbands_spread": {"dmean": 10.2866849899, "dmean2": 15.8200302124, "dvar": 140.291381836, "dvar2": 350.744720459, "max": 137.586700439, "mean": 50.7899665833, "median": 48.8394584656, "min": 8.00479221344, "var": 423.07611084}, "hfc": {"dmean": 10.8208465576, "dmean2": 13.2008104324, "dvar": 419.00378418, "dvar2": 745.94152832, "max": 195.796035767, "mean": 19.3739337921, "median": 7.934237957, "min": 1.58123725225e-09, "var": 933.028076172}, "melbands_crest": {"dmean": 2.76250243187, "dmean2": 4.50885009766, "dvar": 7.52805995941, "dvar2": 19.4295444489, "max": 30.2634468079, "mean": 14.5185489655, "median": 14.1544923782, "min": 3.17410898209, "var": 20.6830883026}, "melbands_flatness_db": {"dmean": 0.032587852329, "dmean2": 0.0449580065906, "dvar": 0.00119941309094, "dvar2": 0.00223451363854, "max": 0.492956370115, "mean": 0.217899397016, "median": 0.210927516222, "min": 0.0335861220956, "var": 0.00746759073809}, "melbands_kurtosis": {"dmean": 10.7230882645, "dmean2": 16.3491420746, "dvar": 302.543670654, "dvar2": 669.133544922, "max": 300.664276123, "mean": 25.6652297974, "median": 14.8458204269, "min": -1.45529580116, "var": 895.16998291}, "melbands_skewness": {"dmean": 0.869742453098, "dmean2": 1.32039213181, "dvar": 1.06714594364, "dvar2": 2.22821593285, "max": 14.8765363693, "mean": 3.76341342926, "median": 3.40662121773, "min": -0.523590087891, "var": 4.06095933914}, "melbands_spread": {"dmean": 7.91507339478, "dmean2": 11.2129840851, "dvar": 111.803161621, "dvar2": 224.884597778, "max": 146.21736145, "mean": 21.1343669891, "median": 14.3331136703, "min": 0.880477547646, "var": 393.579650879}, "pitch_salience": {"dmean": 0.0658817514777, "dmean2": 0.108671300113, "dvar": 0.00363961001858, "dvar2": 0.00940228346735, "max": 0.867998063564, "mean": 0.557519316673, "median": 0.563351154327, "min": 0.177950248122, "var": 0.0111637255177}, "silence_rate_20dB": {"dmean": 0, "dmean2": 0, "dvar": 0, "dvar2": 0, "max": 1, "mean": 1, "median": 1, "min": 1, "var": 0}, "silence_rate_30dB": {"dmean": 0.0202959831804, "dmean2": 0.0406091362238, "dvar": 0.0198841057718, "dvar2": 0.0533419586718, "max": 1, "mean": 0.986897706985, "median": 1, "min": 0, "var": 0.0129306009039}, "silence_rate_60dB": {"dmean": 0.0295983087271, "dmean2": 0.0587986446917, "dvar": 0.028723122552, "dvar2": 0.0646472126245, "max": 1, "mean": 0.084530852735, "median": 0, "min": 0, "var": 0.0773873850703}, "spectral_centroid": {"dmean": 272.892028809, "dmean2": 371.386566162, "dvar": 87647.2421875, "dvar2": 160900.421875, "max": 4092.53881836, "mean": 1186.03540039, "median": 1049.12463379, "min": 189.395278931, "var": 473977.0625}, "spectral_complexity": {"dmean": 4.45158576965, "dmean2": 5.74746179581, "dvar": 30.4651031494, "dvar2": 40.8276901245, "max": 56, "mean": 15.881234169, "median": 12, "min": 0, "var": 133.263031006}, "spectral_decrease": {"dmean": 2.55756882339e-09, "dmean2": 3.95691523991e-09, "dvar": 2.99755265477e-17, "dvar2": 7.35006487233e-17, "max": -2.91025403951e-20, "mean": -5.81059467208e-09, "median": -4.08369427163e-09, "min": -5.39841948921e-08, "var": 4.01125918673e-17}, "spectral_energy": {"dmean": 0.010479843244, "dmean2": 0.0158208794892, "dvar": 0.000467388628749, "dvar2": 0.00113374274224, "max": 0.207284882665, "mean": 0.0236877780408, "median": 0.0167256426066, "min": 2.53262146498e-13, "var": 0.000650763337035}, "spectral_energyband_high": {"dmean": 0.000915520766284, "dmean2": 0.00120676169172, "dvar": 4.82657378598e-06, "dvar2": 9.90092848951e-06, "max": 0.0266865584999, "mean": 0.00132421357557, "median": 0.000250264798524, "min": 1.40771576796e-13, "var": 8.67144717631e-06}, "spectral_energyband_low": {"dmean": 0.00539428275079, "dmean2": 0.00885489210486, "dvar": 0.000252310215728, "dvar2": 0.000615501776338, "max": 0.175103187561, "mean": 0.0103581808507, "median": 0.00441291695461, "min": 1.64623645861e-16, "var": 0.000298285740428}, "spectral_energyband_middle_high": {"dmean": 0.00198567658663, "dmean2": 0.0026308868546, "dvar": 1.40978117997e-05, "dvar2": 2.63079436991e-05, "max": 0.0435734726489, "mean": 0.0035011281725, "median": 0.00130635662936, "min": 8.78538371609e-14, "var": 2.90726529784e-05}, "spectral_energyband_middle_low": {"dmean": 0.00452192453668, "dmean2": 0.00731494417414, "dvar": 0.000134695583256, "dvar2": 0.000375316740246, "max": 0.126879245043, "mean": 0.00989588070661, "median": 0.00697908550501, "min": 1.88278822329e-14, "var": 0.000134773305035}, "spectral_entropy": {"dmean": 0.22056004405, "dmean2": 0.304394543171, "dvar": 0.0634371191263, "dvar2": 0.122448772192, "max": 8.55171108246, "mean": 7.46041584015, "median": 7.51519107819, "min": 5.71834468842, "var": 0.328904181719}, "spectral_flux": {"dmean": 0.0281998328865, "dmean2": 0.0419821292162, "dvar": 0.00164872803725, "dvar2": 0.00351122347638, "max": 0.381000310183, "mean": 0.0669206604362, "median": 0.0487378314137, "min": 6.21155122644e-05, "var": 0.00329030491412}, "spectral_kurtosis": {"dmean": 2.04215407372, "dmean2": 3.36082243919, "dvar": 10.8078727722, "dvar2": 28.5309257507, "max": 39.3159484863, "mean": 4.63756942749, "median": 3.11033987999, "min": -0.0889265537262, "var": 20.9195384979}, "spectral_rms": {"dmean": 0.000875146768522, "dmean2": 0.00124394672457, "dvar": 1.72792988451e-06, "dvar2": 3.75357353732e-06, "max": 0.0142207294703, "mean": 0.00429533980787, "median": 0.00403951667249, "min": 1.57189372629e-08, "var": 4.66006986244e-06}, "spectral_rolloff": {"dmean": 586.170532227, "dmean2": 917.530639648, "dvar": 1222378.75, "dvar2": 2639006.25, "max": 16257.5683594, "mean": 1389.26098633, "median": 667.529296875, "min": 86.1328125, "var": 2681746}, "spectral_skewness": {"dmean": 0.257260262966, "dmean2": 0.406066298485, "dvar": 0.0938009545207, "dvar2": 0.226652115583, "max": 4.74788093567, "mean": 1.54718029499, "median": 1.41278922558, "min": 0.28673106432, "var": 0.336887955666}, "spectral_spread": {"dmean": 748977.6875, "dmean2": 1094010.25, "dvar": 1231627091970.0, "dvar2": 2243109060610.0, "max": 29448062, "mean": 4850290.5, "median": 4800377, "min": 1574362.875, "var": 2813528375300.0}, "spectral_strongpeak": {"dmean": 0.439587831497, "dmean2": 0.770048379898, "dvar": 1.87694406509, "dvar2": 4.91609764099, "max": 20.6948642731, "mean": 0.657560288906, "median": 0.361044049263, "min": 0, "var": 1.64040267467}, "zerocrossingrate": {"dmean": 0.0137311294675, "dmean2": 0.0139182880521, "dvar": 0.000258400832536, "dvar2": 0.000294497644063, "max": 0.484375, "mean": 0.0597773045301, "median": 0.0498046875, "min": 0.00439453125, "var": 0.00165483378805}, "barkbands": {"dmean": [0.00077123491792, 0.00320359761827, 0.00181147071999, 0.00179205543827, 0.00209420593455, 0.000476562592667, 0.000593124597799, 0.000289423041977, 0.00026460562367, 0.000251749443123, 0.00024098729773, 0.000233308513998, 0.000192824576516, 0.000277411105344, 0.000351747090463, 0.000272246106761, 0.000292477663606, 0.000273674639175, 0.000191487401025, 0.000107926636701, 0.000116466479085, 0.000480236980366, 9.67784508248e-05, 0.000170258877915, 7.05249331077e-05, 3.67923857993e-05, 2.26316042244e-05], "dmean2": [0.0013364860788, 0.00538008613512, 0.00298319850117, 0.00303977448493, 0.00341503391974, 0.000701464014128, 0.00105026026722, 0.000420489785029, 0.000415281887399, 0.000396010233089, 0.000386861618608, 0.000335092627211, 0.000296930636978, 0.000389083055779, 0.000559695414267, 0.000437075010268, 0.000428285682574, 0.00039732499863, 0.000278067192994, 0.000166369325598, 0.000185148412129, 0.000768963771407, 0.000140696152812, 0.00020917544316, 0.000105834813439, 5.40030123375e-05, 3.40643382515e-05], "dvar": [1.07815349111e-05, 0.000130193162477, 1.24331882034e-05, 2.04375955946e-05, 2.49591030297e-05, 7.30587601083e-07, 5.4680303947e-06, 4.93026163895e-07, 2.31302749398e-07, 2.71085184522e-07, 2.79441138673e-07, 1.01728153368e-06, 3.1170731063e-07, 9.83144445854e-07, 9.63551883615e-07, 1.06301035885e-06, 1.22597646168e-06, 3.56708767413e-07, 1.22751572462e-07, 5.49536807171e-08, 6.98233080243e-08, 2.74969715974e-06, 5.57877051222e-08, 1.74557058585e-07, 2.6701853173e-08, 8.15677569932e-09, 2.7008231207e-09], "dvar2": [2.8339727578e-05, 0.000321967032505, 3.3207325032e-05, 5.79689221922e-05, 6.93894689903e-05, 1.61421382927e-06, 1.55888592417e-05, 8.9349754262e-07, 5.69300937059e-07, 6.64838978537e-07, 6.66291327889e-07, 2.15585191654e-06, 6.87235171881e-07, 1.92990728465e-06, 2.29545571528e-06, 2.45739829552e-06, 2.75708134723e-06, 7.82565166446e-07, 2.68874174481e-07, 1.34957872433e-07, 1.87392430462e-07, 7.02983152223e-06, 1.31544169335e-07, 3.09395773002e-07, 5.9242939443e-08, 1.85789996721e-08, 6.24734752819e-09], "max": [0.0316396504641, 0.128057166934, 0.0445180311799, 0.054504096508, 0.0601745955646, 0.0178228821605, 0.0234586428851, 0.0179064236581, 0.00793237425387, 0.00602403422818, 0.00398737285286, 0.0248189307749, 0.0111038116738, 0.0173026323318, 0.0147789781913, 0.0233080051839, 0.0252261627465, 0.00555392773822, 0.00380461988971, 0.00237085716799, 0.0057083889842, 0.0193366687745, 0.00320965494029, 0.00482498109341, 0.0021826250013, 0.000855158083141, 0.00047487844131], "mean": [0.00055827468168, 0.00416843872517, 0.00433251773939, 0.00287011638284, 0.00426066434011, 0.00106926949229, 0.000575582729653, 0.000541771703865, 0.00040920288302, 0.000411785644246, 0.000304943940137, 0.000355581549229, 0.000291743577691, 0.000434165005572, 0.00044528307626, 0.000302288419334, 0.000358644057997, 0.00031637493521, 0.000287201139145, 0.000160760231665, 0.000178755959496, 0.000523686874658, 0.000141539858305, 0.000248010706855, 8.12047583167e-05, 3.96734067181e-05, 2.0311184926e-05], "median": [7.06316359356e-06, 0.00136703241151, 0.00187249667943, 0.00117499823682, 0.00239039584994, 0.000553522724658, 0.000159001850989, 0.00016908228281, 0.000131476321258, 0.000152956941747, 7.11364045856e-05, 6.82903919369e-05, 5.86591195315e-05, 6.63609826006e-05, 0.000137644223287, 6.09939197602e-05, 8.10054043541e-05, 6.35686446913e-05, 8.89899893082e-05, 4.43903700216e-05, 3.68817491108e-05, 8.23784066597e-05, 2.05225369427e-05, 2.88959854515e-05, 7.90111243987e-06, 2.10146959034e-06, 1.03470244994e-06], "min": [5.91150580461e-18, 5.64538327271e-17, 7.41269766482e-17, 4.67126858272e-17, 5.08091125224e-16, 3.59496452924e-15, 3.5022267035e-15, 1.95537047654e-15, 6.62958372959e-15, 5.33430094665e-15, 7.62515999777e-15, 1.07212365206e-14, 9.32336470702e-16, 6.37976269086e-16, 6.51479128348e-15, 2.14293982407e-14, 3.64945288819e-15, 4.29860835105e-15, 2.52850058193e-14, 7.76130699152e-15, 2.40478769303e-14, 1.64127100853e-14, 1.68818511416e-14, 4.26154371394e-14, 1.46622216321e-14, 7.88156618827e-15, 1.51152792268e-14], "var": [7.85708198237e-06, 0.000117013114505, 3.45528314938e-05, 2.07069133467e-05, 2.93510183837e-05, 2.08600931728e-06, 3.32237800649e-06, 1.45557010001e-06, 5.05531886574e-07, 4.30241101412e-07, 3.52398643599e-07, 1.83813062904e-06, 7.05059221673e-07, 2.03830927603e-06, 1.12853615519e-06, 1.09119503122e-06, 1.51188169184e-06, 4.68312322255e-07, 2.03294973744e-07, 8.46024050816e-08, 1.4012215388e-07, 2.62904859483e-06, 8.97408298783e-08, 3.94154767491e-07, 3.71773403174e-08, 1.06379962617e-08, 2.98944891064e-09]}, "erbbands": {"dmean": [0.135043203831, 0.586007356644, 1.82931005955, 3.76428627968, 9.1636505127, 5.42306566238, 3.54127335548, 3.97250914574, 7.67008972168, 8.07602787018, 6.3573307991, 6.22554969788, 8.45379924774, 6.80333995819, 8.86242961884, 11.0678749084, 8.83622932434, 15.0254144669, 12.3451805115, 23.7377758026, 12.3162193298, 13.7057790756, 15.6819143295, 12.7998094559, 6.31603813171, 5.61688423157, 4.73746919632, 4.83039808273, 19.2331371307, 10.152009964, 2.45893001556, 1.31537079811, 3.9622836113, 1.08389616013, 0.54228913784, 0.189011320472, 0.057318162173, 0.0184798836708, 0.00358385569416, 0.000249349599471], "dmean2": [0.227064743638, 1.00002944469, 3.09708476067, 6.43253087997, 15.3850183487, 8.55258655548, 5.13943481445, 6.12762403488, 12.6098546982, 14.6465473175, 8.85879802704, 9.90253162384, 13.0007200241, 10.5610046387, 13.982919693, 15.7019348145, 13.0750303268, 21.2439823151, 19.2867012024, 36.8839111328, 19.1830482483, 19.8035335541, 22.5131721497, 18.8704242706, 8.78474521637, 8.64514541626, 7.52785921097, 7.34268569946, 31.9866352081, 15.5807704926, 3.38570046425, 1.7186088562, 4.73662614822, 1.39132654667, 0.775455117226, 0.269110918045, 0.0857651755214, 0.0268269013613, 0.00525658112019, 0.000394480157411], "dvar": [0.3082511127, 3.70320224762, 16.6716594696, 60.0781364441, 731.347351074, 111.734367371, 44.572353363, 57.2385520935, 473.65612793, 1046.22338867, 313.981658936, 132.644775391, 315.210662842, 185.02973938, 361.519348145, 2611.60009766, 609.991943359, 2964.74316406, 1674.31323242, 7039.56494141, 1831.0078125, 1586.75048828, 1192.32678223, 621.815246582, 116.572280884, 178.354721069, 148.786468506, 100.573799133, 5320.10742188, 806.893249512, 26.254283905, 5.34353303909, 102.380691528, 4.63719177246, 2.29694867134, 0.211384534836, 0.0201410166919, 0.00181274919305, 6.41388105578e-05, 3.7263350805e-07], "dvar2": [0.753835439682, 9.88300895691, 45.3760070801, 172.901901245, 2072.23999023, 262.518218994, 84.6766586304, 139.620422363, 1298.98681641, 3040.88891602, 499.921173096, 353.192443848, 724.475769043, 442.691162109, 831.41809082, 5535.86572266, 1227.9699707, 6102.60791016, 4425.55566406, 15993.5478516, 4231.5234375, 3370.83032227, 2561.04516602, 1381.45153809, 241.497253418, 449.8644104, 424.677154541, 237.131668091, 13801.4892578, 1942.6484375, 50.9167556763, 9.73332595825, 167.140167236, 7.79561662674, 5.37270736694, 0.444537878036, 0.0465989895165, 0.003928496968, 0.000140558113344, 9.35077537179e-07], "max": [5.79826545715, 22.7188262939, 47.3385925293, 92.2202758789, 310.861572266, 212.104614258, 131.654129028, 118.867004395, 220.031295776, 324.881774902, 496.749511719, 151.976913452, 217.960922241, 152.249923706, 157.030761719, 1271.56762695, 559.604370117, 1119.73059082, 542.236999512, 1691.4810791, 786.051574707, 801.269775391, 232.943939209, 268.290802002, 106.316123962, 144.02583313, 376.079559326, 105.445671082, 838.217468262, 321.498352051, 54.6480941772, 24.8069667816, 119.875915527, 25.125951767, 17.7780189514, 4.72686338425, 1.42839789391, 0.455930918455, 0.07935462147, 0.00473623583093], "mean": [0.128637343645, 0.927215337753, 4.19954204559, 8.10208797455, 14.0854797363, 13.2975673676, 8.86113071442, 8.12472629547, 9.86671924591, 7.86016845703, 13.1279258728, 10.6542253494, 13.4138097763, 10.744977951, 12.2105445862, 17.6240825653, 14.9232139587, 23.7568435669, 16.2205352783, 28.8104991913, 16.2726573944, 16.8611621857, 18.172208786, 18.5754032135, 9.91344547272, 8.15010261536, 7.54214096069, 6.9529747963, 18.6075077057, 13.031498909, 3.88361692429, 2.06318688393, 5.74974298477, 1.5603723526, 0.578374683857, 0.218753919005, 0.0605098046362, 0.0179918929935, 0.00338456849568, 0.000222083734116], "median": [0.0210090912879, 0.387556105852, 1.77318000793, 3.84812498093, 6.6104221344, 6.9662694931, 4.33936500549, 3.89789152145, 3.10743880272, 2.8334441185, 4.08010482788, 3.92394900322, 4.48661994934, 4.16935825348, 3.38550019264, 3.80933642387, 3.46389937401, 4.103266716, 4.58296298981, 6.82313919067, 4.02332305908, 3.93694448471, 3.82928991318, 5.06896257401, 3.21786260605, 2.33785867691, 1.75541436672, 1.4916318655, 2.67187619209, 1.90070080757, 0.551781535149, 0.302095472813, 0.565140843391, 0.164743408561, 0.0508169233799, 0.0146009977907, 0.00289623159915, 0.00131665705703, 0.000182870717254, 3.10691684717e-05], "min": [1.25759902827e-15, 1.46198784551e-14, 7.2416322884e-14, 1.44731435495e-13, 1.61338092408e-13, 1.82161837697e-12, 1.21290269495e-11, 3.50171835972e-11, 5.09832870366e-11, 4.49865908414e-11, 5.25174730093e-11, 1.40568112705e-10, 2.23454435511e-10, 1.15779746901e-10, 5.01803820718e-10, 3.32616961751e-10, 5.64687671623e-11, 3.45480588582e-11, 1.54754653536e-10, 4.69257965818e-10, 1.28070232197e-09, 2.89313600854e-10, 2.20175808141e-10, 6.03967542645e-10, 1.40208988864e-09, 4.18916790146e-10, 7.31461113901e-10, 9.97281701665e-10, 5.48437184555e-10, 3.12313508388e-10, 4.73175776339e-10, 1.18068255173e-09, 4.57085008732e-10, 1.76730644008e-10, 1.06560323065e-10, 2.67319950897e-11, 1.98829702702e-11, 5.73692959457e-12, 1.79619470339e-12, 2.42637019417e-13], "var": [0.258540213108, 3.46068429947, 34.9997596741, 107.470748901, 609.317504883, 303.329162598, 179.54800415, 119.784812927, 400.145721436, 610.815856934, 1033.9473877, 267.631469727, 565.362731934, 273.833282471, 479.990386963, 4713.82470703, 1705.18164062, 5875.97412109, 1417.57080078, 8361.91503906, 2157.73022461, 2074.43310547, 1548.0012207, 970.285095215, 215.552200317, 246.014007568, 406.924713135, 156.984558105, 4392.07617188, 1082.01062012, 60.7909507751, 14.7742233276, 235.92539978, 12.0156354904, 2.72154331207, 0.318430989981, 0.0248076897115, 0.00227887951769, 7.98329492682e-05, 3.2895889035e-07]}, "gfcc": {"mean": [-20.09923172, 93.1461029053, -103.49066925, 39.4731216431, -50.3509063721, 11.1751375198, -36.4991760254, -0.753547728062, -22.3730278015, -8.28755569458, -18.8237915039, -5.93776941299, -11.5904779434], "cov": [[7320.81884766, -2810.93310547, -16.1458511353, 63.2637901306, -425.914428711, 316.472961426, -199.78187561, 75.7191696167, -231.683746338, 87.4111709595, -229.372543335, 244.561965942, -182.368637085], [-2810.93310547, 2172.26855469, -70.5575180054, 93.6334991455, 439.517272949, -220.467987061, 228.773727417, -77.0011978149, 178.55418396, -123.08883667, 146.077957153, -183.97088623, 110.210174561], [-16.1458511353, -70.5575180054, 467.575683594, 47.1580085754, 73.6243667603, 109.39591217, 38.0734176636, 39.9757614136, 40.8060874939, 3.46409130096, -27.2425498962, -14.5813179016, 4.05234193802], [63.2637901306, 93.6334991455, 47.1580085754, 337.984100342, 29.7709560394, 119.339271545, 88.9470672607, 25.2660083771, 36.8901824951, -2.02205944061, -7.90163660049, -64.6643447876, 18.2188434601], [-425.914428711, 439.517272949, 73.6243667603, 29.7709560394, 306.023406982, 5.55939912796, 127.670875549, 9.67401695251, 59.6271820068, -34.5022964478, 20.3818073273, -34.5016174316, 12.9306945801], [316.472961426, -220.467987061, 109.39591217, 119.339271545, 5.55939912796, 247.079727173, 62.8874320984, 70.0219726562, 24.1044540405, 16.2880401611, -54.2657356262, -36.4181671143, -15.6210737228], [-199.78187561, 228.773727417, 38.0734176636, 88.9470672607, 127.670875549, 62.8874320984, 172.036849976, 55.0588417053, 77.6577682495, 14.9602174759, 21.3214054108, -52.6520042419, -4.59514760971], [75.7191696167, -77.0011978149, 39.9757614136, 25.2660083771, 9.67401695251, 70.0219726562, 55.0588417053, 112.329429626, 43.9604797363, 36.4546699524, -3.61436033249, -12.903169632, -26.2717533112], [-231.683746338, 178.55418396, 40.8060874939, 36.8901824951, 59.6271820068, 24.1044540405, 77.6577682495, 43.9604797363, 102.289253235, 20.1908607483, 13.0830020905, -39.7273101807, 0.0584504157305], [87.4111709595, -123.08883667, 3.46409130096, -2.02205944061, -34.5022964478, 16.2880401611, 14.9602174759, 36.4546699524, 20.1908607483, 86.9673233032, 26.1855983734, 1.75096356869, -24.2551956177], [-229.372543335, 146.077957153, -27.2425498962, -7.90163660049, 20.3818073273, -54.2657356262, 21.3214054108, -3.61436033249, 13.0830020905, 26.1855983734, 93.8374557495, 15.8900489807, -0.705502450466], [244.561965942, -183.97088623, -14.5813179016, -64.6643447876, -34.5016174316, -36.4181671143, -52.6520042419, -12.903169632, -39.7273101807, 1.75096356869, 15.8900489807, 102.198532104, 8.68788433075], [-182.368637085, 110.210174561, 4.05234193802, 18.2188434601, 12.9306945801, -15.6210737228, -4.59514760971, -26.2717533112, 0.0584504157305, -24.2551956177, -0.705502450466, 8.68788433075, 76.7738418579]], "icov": [[0.000309024733724, 0.000451823812909, 0.000112374713353, -0.000228682765737, -0.000159157993039, 8.90898299986e-05, -0.000194875901798, 0.000166354846442, -7.45037468732e-05, 0.00026420262293, 0.00018314330373, -0.000246820272878, 0.000337128352839], [0.000451823812909, 0.00213520997204, 0.000390723842429, -0.000364140840247, -0.0014185506152, 0.00118037476204, -0.000457044516224, 0.000553059275262, -0.00145593413617, 0.00220907549374, -0.00179813278373, 0.00211117975414, -0.00084149610484], [0.000112374713353, 0.000390723842429, 0.00266203284264, -0.000107222505903, -0.00107101514004, -0.000980314216577, 0.000747800106183, -6.52240632917e-05, -0.00118115916848, 0.000150576859596, 4.80393282487e-05, -2.65930393653e-05, -0.000353737239493], [-0.000228682765737, -0.000364140840247, -0.000107222505903, 0.00457167299464, 0.000823975598905, -0.00203783321194, -0.0016408469528, 0.000425543170422, 0.000430769403465, 0.000350144517142, -0.00111802911852, 0.00201209448278, -0.00173338328023], [-0.000159157993039, -0.0014185506152, -0.00107101514004, 0.000823975598905, 0.00703078042716, -0.000284828507574, -0.0048119504936, 0.000604188477155, 0.000402750680223, 0.00158094603103, 0.0008537794929, -0.00201735086739, 0.000931205926463], [8.90898299986e-05, 0.00118037476204, -0.000980314216577, -0.00203783321194, -0.000284828507574, 0.00859465077519, -0.0024404367432, -0.00269146636128, 0.000635129690636, 0.000238775843172, 0.00296865752898, 0.00165879447013, -0.000303334905766], [-0.000194875901798, -0.000457044516224, 0.000747800106183, -0.0016408469528, -0.0048119504936, -0.0024404367432, 0.015992263332, -0.00347304996103, -0.00494330469519, -0.0012203627266, -0.00323541532271, 0.00262799533084, -8.31858924357e-05], [0.000166354846442, 0.000553059275262, -6.52240632917e-05, 0.000425543170422, 0.000604188477155, -0.00269146636128, -0.00347304996103, 0.015932790935, -0.00501886475831, -0.00289487093687, 0.0011579177808, -0.00204838020727, 0.00343026011251], [-7.45037468732e-05, -0.00145593413617, -0.00118115916848, 0.000430769403465, 0.000402750680223, 0.000635129690636, -0.00494330469519, -0.00501886475831, 0.0197239611298, -0.00435566622764, 0.00100317515898, 0.00257817818783, -0.00175238936208], [0.00026420262293, 0.00220907549374, 0.000150576859596, 0.000350144517142, 0.00158094603103, 0.000238775843172, -0.0012203627266, -0.00289487093687, -0.00435566622764, 0.0204236023128, -0.00821728911251, 0.00225881091319, 0.00220866687596], [0.00018314330373, -0.00179813278373, 4.80393282487e-05, -0.00111802911852, 0.0008537794929, 0.00296865752898, -0.00323541532271, 0.0011579177808, 0.00100317515898, -0.00821728911251, 0.0195339750499, -0.00725610693917, 0.00234564929269], [-0.000246820272878, 0.00211117975414, -2.65930393653e-05, 0.00201209448278, -0.00201735086739, 0.00165879447013, 0.00262799533084, -0.00204838020727, 0.00257817818783, 0.00225881091319, -0.00725610693917, 0.0190069153905, -0.00546525372192], [0.000337128352839, -0.00084149610484, -0.000353737239493, -0.00173338328023, 0.000931205926463, -0.000303334905766, -8.31858924357e-05, 0.00343026011251, -0.00175238936208, 0.00220866687596, 0.00234564929269, -0.00546525372192, 0.0177534986287]]}, "melbands": {"dmean": [0.00102438777685, 0.000862765475176, 0.00082447193563, 0.000536556821316, 0.000135095746373, 9.19589874684e-05, 0.000123734935187, 8.07021642686e-05, 5.00736532558e-05, 3.8252757804e-05, 4.34159264842e-05, 2.7430614864e-05, 3.53577706846e-05, 2.60433007497e-05, 2.34402614296e-05, 2.09791960515e-05, 2.9326934964e-05, 1.86853940249e-05, 2.51967030636e-05, 2.80826716335e-05, 1.42084445542e-05, 1.40169413498e-05, 1.61292555276e-05, 1.53085748025e-05, 1.07845862658e-05, 5.22125355928e-06, 3.62904029316e-06, 3.91080675399e-06, 2.81512711808e-06, 3.09431993628e-06, 2.66159736384e-06, 9.02944793779e-06, 1.12750294647e-05, 4.09269978263e-06, 1.4003560409e-06, 1.07469304567e-06, 6.4395010213e-07, 2.30692944569e-06, 2.79534333458e-06, 5.72212456973e-07], "dmean2": [0.00171649258118, 0.00145917502232, 0.0013827275252, 0.000886201334652, 0.000197723886231, 0.000140128933708, 0.000207361576031, 0.000144131394336, 7.07871295162e-05, 6.06645044172e-05, 6.6928419983e-05, 4.26417573181e-05, 5.69148724026e-05, 3.72670147044e-05, 3.44426516676e-05, 3.19417085848e-05, 4.12738227169e-05, 2.94099972962e-05, 3.97445328417e-05, 4.36214795627e-05, 2.26349766308e-05, 2.01338316401e-05, 2.48273208854e-05, 2.30376754189e-05, 1.62016713148e-05, 7.47014928493e-06, 5.14514249517e-06, 6.22251809546e-06, 4.60037699668e-06, 4.75991146232e-06, 4.18175113737e-06, 1.50854830281e-05, 1.79568087333e-05, 6.35864716969e-06, 2.04091838896e-06, 1.568770017e-06, 8.99034944268e-07, 2.70361579169e-06, 3.87421187042e-06, 8.55545181366e-07], "dvar": [1.55124944285e-05, 4.81212600789e-06, 4.02501245844e-06, 1.81363577667e-06, 5.5981832503e-08, 2.96099411656e-08, 1.55053797357e-07, 8.99154173339e-08, 1.91011437778e-08, 5.0396837814e-09, 8.64976446024e-09, 3.13009373976e-09, 6.12434813974e-09, 1.09801518988e-08, 5.43989164825e-09, 4.72625227843e-09, 1.23154064724e-08, 3.89836873893e-09, 5.27225907376e-09, 1.18142411409e-08, 3.63350372012e-09, 3.15270587414e-09, 1.47181888899e-09, 1.1536477329e-09, 4.83856121836e-10, 8.74206679269e-11, 4.83635666237e-11, 9.59406304402e-11, 4.77782258201e-11, 6.5308973507e-11, 3.48919608484e-11, 1.12083442527e-09, 1.56716428723e-09, 1.09920801628e-10, 8.73578379773e-12, 5.0152590414e-12, 1.27132896224e-12, 3.16059782512e-11, 5.56970199128e-11, 1.43397706903e-12], "dvar2": [3.78038821509e-05, 1.30356938826e-05, 1.14676786325e-05, 5.06802052769e-06, 1.08851402558e-07, 7.01605955555e-08, 4.32849361687e-07, 2.60835548715e-07, 3.0413556118e-08, 1.29169803742e-08, 2.01776924058e-08, 7.59345919477e-09, 1.46660310563e-08, 2.3016319517e-08, 1.13787024247e-08, 1.08424220713e-08, 2.50942306934e-08, 1.02308339578e-08, 1.22149481641e-08, 2.66262709658e-08, 8.60590443352e-09, 7.08590075504e-09, 3.49534046151e-09, 2.61956145664e-09, 1.08459086157e-09, 1.9208351576e-10, 9.64700402895e-11, 2.47500242523e-10, 1.34901992355e-10, 1.66507724275e-10, 8.72707184296e-11, 2.91568991173e-09, 3.95961663457e-09, 2.67653760266e-10, 1.83415869298e-11, 1.1150489386e-11, 2.62160128675e-12, 4.51758248865e-11, 1.13933029677e-10, 3.08345796812e-12], "max": [0.0424997247756, 0.0247935317457, 0.0243088342249, 0.015613252297, 0.00497721461579, 0.00284206238575, 0.00403360743076, 0.00305870361626, 0.00391574343666, 0.000990004977211, 0.00112949626055, 0.000618115183897, 0.000600659579504, 0.00257303006947, 0.00157176295761, 0.00173047673889, 0.00188901391812, 0.000816086889245, 0.00128609617241, 0.0020710832905, 0.00129848520737, 0.00130596093368, 0.000276559527265, 0.000346274639014, 0.000275224505458, 0.000133007153636, 7.09327723598e-05, 0.000100705081422, 0.000209769481444, 0.000135749796755, 6.79575459799e-05, 0.000381003483199, 0.000465370860184, 0.000119988959341, 2.78763018287e-05, 2.21907976083e-05, 1.0754685718e-05, 6.5008578531e-05, 8.69471041369e-05, 1.3905942069e-05], "mean": [0.00115208711941, 0.00191574671771, 0.00162873778027, 0.00101257313509, 0.000365172396414, 0.000192683699424, 0.000148282648297, 8.5745807155e-05, 0.000103970371129, 6.25328393653e-05, 6.640743959e-05, 4.28628954978e-05, 4.51538326161e-05, 3.99003292841e-05, 3.69566660083e-05, 3.12699339702e-05, 4.63123469672e-05, 2.40832068812e-05, 3.076871144e-05, 3.27882007696e-05, 1.85363060154e-05, 1.74553060788e-05, 1.73772368726e-05, 1.72576237674e-05, 1.5537487343e-05, 7.48706042941e-06, 5.73216084376e-06, 5.31930209036e-06, 4.36046366303e-06, 4.53995653515e-06, 3.60864783033e-06, 8.70563144417e-06, 1.22908541016e-05, 5.3115263654e-06, 2.13741373045e-06, 1.55840155003e-06, 9.71980512077e-07, 3.44346085512e-06, 3.81372115044e-06, 6.79591437347e-07], "median": [0.000290438358206, 0.000845563947223, 0.000802980561275, 0.000548360636458, 0.000206967044505, 9.61556143011e-05, 4.51106061519e-05, 3.04446766677e-05, 3.47746645275e-05, 2.08214441955e-05, 2.16141343117e-05, 1.58312268468e-05, 1.06677180156e-05, 7.94363677414e-06, 8.66421396495e-06, 6.9910415732e-06, 6.79136064718e-06, 5.88908460486e-06, 8.99459519133e-06, 6.99068186805e-06, 4.02496061724e-06, 3.7385093492e-06, 3.46367255588e-06, 3.35337335855e-06, 4.22028460889e-06, 2.31186277233e-06, 1.56189935296e-06, 1.40324232234e-06, 9.40247559811e-07, 9.63385559771e-07, 7.77895309056e-07, 1.36993435262e-06, 1.58199861744e-06, 8.74084776115e-07, 2.65829839918e-07, 1.9128066242e-07, 1.25336327983e-07, 3.57214304358e-07, 3.63071592346e-07, 7.19626598311e-08], "min": [1.36909583131e-17, 3.23634480836e-17, 2.36112518542e-17, 4.49306112242e-17, 3.57454759414e-16, 7.82184845966e-16, 7.70051416634e-16, 4.66118101588e-16, 4.59071581561e-16, 9.73031745136e-16, 1.120651059e-15, 4.04461461627e-16, 1.37773042893e-15, 1.54736423497e-15, 2.15440408149e-16, 1.07705579521e-16, 4.70737600907e-17, 1.57255954762e-16, 5.69833580211e-16, 9.47447750239e-16, 1.5008984427e-15, 2.22654918633e-16, 2.01266939668e-16, 2.06072475216e-16, 4.49156531517e-16, 1.16325363987e-15, 5.0394458131e-16, 2.33946370746e-16, 4.47426996118e-16, 6.08159332915e-16, 5.35355951126e-16, 3.01600612779e-16, 3.19637994102e-16, 8.82025466492e-17, 9.46229108056e-17, 7.9279160429e-16, 7.28545584609e-16, 3.62052586601e-16, 1.87386729876e-16, 1.35375042327e-16], "var": [1.34308866109e-05, 7.62491436035e-06, 4.90634920425e-06, 1.88221906683e-06, 2.43183421844e-07, 6.76050362358e-08, 1.13579616823e-07, 5.56499379911e-08, 6.15121109604e-08, 1.08697291168e-08, 1.45935707963e-08, 4.74179229215e-09, 7.66611840675e-09, 2.05915835494e-08, 1.11332143504e-08, 8.88144047195e-09, 2.46714026986e-08, 3.44539774488e-09, 6.28237950551e-09, 1.34088899983e-08, 4.22807655553e-09, 3.85298282168e-09, 1.54336687874e-09, 1.45157452724e-09, 7.32923666202e-10, 1.42398343117e-10, 9.68819469094e-11, 1.2666490079e-10, 1.42071091003e-10, 1.01114366879e-10, 4.54273112183e-11, 9.08758790441e-10, 1.55334423102e-09, 1.54364659943e-10, 1.81170963648e-11, 1.00289108615e-11, 3.02833799704e-12, 8.05961755668e-11, 1.04817078628e-10, 2.16813351127e-12]}, "mfcc": {"mean": [-666.905090332, 122.643745422, 8.80621814728, 30.282699585, 9.89812088013, 10.405880928, -1.79414510727, 4.87247276306, -0.128198444843, -3.61954879761, 1.98133862019, -11.3340492249, -4.618745327], "cov": [[6784.26269531, -2589.55859375, 49.2510910034, -328.970550537, -229.170639038, 53.5755729675, -69.2677307129, 56.8614616394, -52.1795158386, -162.330551147, -84.8591537476, 51.6279907227, -6.9717502594], [-2589.55859375, 1827.97888184, -217.273864746, 287.372589111, 165.913299561, -22.3777770996, 51.4548530579, 16.5662708282, 24.0803432465, 52.1671829224, 74.1776504517, -56.9413375854, 26.4857501984], [49.2510910034, -217.273864746, 385.621612549, -9.49467468262, 47.2594947815, 74.0039291382, 31.0358181, 21.2877750397, 65.5503616333, 45.1322669983, 16.2033843994, -17.4439735413, 19.7752971649], [-328.970550537, 287.372589111, -9.49467468262, 256.651367188, 46.4955329895, 50.0238838196, 45.7707557678, 21.3416500092, 26.3239536285, 35.3914146423, 4.41325378418, 34.5314903259, 8.41896343231], [-229.170639038, 165.913299561, 47.2594947815, 46.4955329895, 129.632446289, 56.5706672668, 44.1127128601, 45.8660774231, 42.1968269348, 9.55675125122, 8.46915721893, -11.2050590515, 4.41334056854], [53.5755729675, -22.3777770996, 74.0039291382, 50.0238838196, 56.5706672668, 144.448944092, 67.5629730225, 49.0603981018, 67.3506622314, 52.635017395, 2.40703630447, 2.72380328178, 3.32796025276], [-69.2677307129, 51.4548530579, 31.0358181, 45.7707557678, 44.1127128601, 67.5629730225, 110.150909424, 49.6364936829, 40.4602851868, 56.2192726135, 26.4423656464, 19.6103382111, 11.4584503174], [56.8614616394, 16.5662708282, 21.2877750397, 21.3416500092, 45.8660774231, 49.0603981018, 49.6364936829, 99.7863082886, 63.2089996338, 20.1666584015, 25.450012207, 10.1632738113, 6.94173145294], [-52.1795158386, 24.0803432465, 65.5503616333, 26.3239536285, 42.1968269348, 67.3506622314, 40.4602851868, 63.2089996338, 128.872070312, 75.6039199829, 9.32605171204, -3.64775657654, 11.8189201355], [-162.330551147, 52.1671829224, 45.1322669983, 35.3914146423, 9.55675125122, 52.635017395, 56.2192726135, 20.1666584015, 75.6039199829, 158.358795166, 43.9567337036, 9.50986766815, 5.39336776733], [-84.8591537476, 74.1776504517, 16.2033843994, 4.41325378418, 8.46915721893, 2.40703630447, 26.4423656464, 25.450012207, 9.32605171204, 43.9567337036, 135.454208374, 26.8460102081, 12.8293790817], [51.6279907227, -56.9413375854, -17.4439735413, 34.5314903259, -11.2050590515, 2.72380328178, 19.6103382111, 10.1632738113, -3.64775657654, 9.50986766815, 26.8460102081, 128.42578125, 14.8759908676], [-6.9717502594, 26.4857501984, 19.7752971649, 8.41896343231, 4.41334056854, 3.32796025276, 11.4584503174, 6.94173145294, 11.8189201355, 5.39336776733, 12.8293790817, 14.8759908676, 88.3404083252]], "icov": [[0.000377750344342, 0.000621616141871, 0.000339221820468, -0.000220060144784, 9.88483043329e-06, -0.000169446735526, 8.42414083309e-05, -0.000347744295141, 4.99081688758e-05, 0.000226719435886, -0.000200733586098, 0.000301503518131, -0.000231371828704], [0.000621616141871, 0.00202204962261, 0.00125103339087, -0.00140605820343, -0.00140999327414, 0.000537052517757, -1.81999403139e-05, -3.63832828043e-06, -0.000202934490517, 0.00015303613327, -0.000970764551312, 0.00133204495069, -0.00071589613799], [0.000339221820468, 0.00125103339087, 0.00393729889765, -0.000414420763263, -0.00164324743673, -0.000922005914617, 2.84225297946e-05, 0.00116295495536, -0.00143278366886, 0.000109467757284, -0.00110230839346, 0.00114365492482, -0.00101592636202], [-0.000220060144784, -0.00140605820343, -0.000414420763263, 0.00592408468947, -4.14220339735e-05, -0.00165648641996, -0.000569818017539, 9.38884695643e-05, 0.000365930842236, -0.00060828687856, 0.00121801241767, -0.00230260123499, 0.000262426852714], [9.88483043329e-06, -0.00140999327414, -0.00164324743673, -4.14220339735e-05, 0.0135255679488, -0.00308145699091, -0.0022771677468, -0.00287488428876, -0.00131016108207, 0.00285994308069, 0.000148249688209, 0.000626455061138, 0.000630611437373], [-0.000169446735526, 0.000537052517757, -0.000922005914617, -0.00165648641996, -0.00308145699091, 0.0136952316388, -0.00515824183822, -0.000317513127811, -0.00326838414185, -0.00103213801049, 0.00116209336556, 0.000532058009412, 0.000763826945331], [8.42414083309e-05, -1.81999403139e-05, 2.84225297946e-05, -0.000569818017539, -0.0022771677468, -0.00515824183822, 0.0181133504957, -0.00692054629326, 0.00464539974928, -0.00556291872635, -6.41279939373e-06, -0.00147687131539, -0.00146974634845], [-0.000347744295141, -3.63832828043e-06, 0.00116295495536, 9.38884695643e-05, -0.00287488428876, -0.000317513127811, -0.00692054629326, 0.0220086853951, -0.0115051344037, 0.00584171619266, -0.00401080260053, -0.00068433600245, 0.000908493122552], [4.99081688758e-05, -0.000202934490517, -0.00143278366886, 0.000365930842236, -0.00131016108207, -0.00326838414185, 0.00464539974928, -0.0115051344037, 0.0200344547629, -0.00902840774506, 0.00332166207954, 0.000511445279699, -0.00185695011169], [0.000226719435886, 0.00015303613327, 0.000109467757284, -0.00060828687856, 0.00285994308069, -0.00103213801049, -0.00556291872635, 0.00584171619266, -0.00902840774506, 0.0133645217866, -0.00397976022214, 0.000273542420473, 0.00108786509372], [-0.000200733586098, -0.000970764551312, -0.00110230839346, 0.00121801241767, 0.000148249688209, 0.00116209336556, -6.41279939373e-06, -0.00401080260053, 0.00332166207954, -0.00397976022214, 0.010161141865, -0.00218128040433, -0.000639082689304], [0.000301503518131, 0.00133204495069, 0.00114365492482, -0.00230260123499, 0.000626455061138, 0.000532058009412, -0.00147687131539, -0.00068433600245, 0.000511445279699, 0.000273542420473, -0.00218128040433, 0.0099971909076, -0.00166995823383], [-0.000231371828704, -0.00071589613799, -0.00101592636202, 0.000262426852714, 0.000630611437373, 0.000763826945331, -0.00146974634845, 0.000908493122552, -0.00185695011169, 0.00108786509372, -0.000639082689304, -0.00166995823383, 0.012333647348]]}, "spectral_contrast_coeffs": {"dmean": [0.0482754297554, 0.0427958779037, 0.0358418412507, 0.0308925248682, 0.0290471538901, 0.0245798937976], "dmean2": [0.0789423659444, 0.0682305842638, 0.0576679594815, 0.0487997606397, 0.0422514304519, 0.038111705333], "dvar": [0.00190421484876, 0.00129946344532, 0.000951719994191, 0.000680937897414, 0.000725704594515, 0.000497012806591], "dvar2": [0.00500958319753, 0.00321161164902, 0.00229312921874, 0.00150070514064, 0.00143833190668, 0.0012237643823], "max": [-0.320888757706, -0.507303833961, -0.577755987644, -0.551943480968, -0.584030330181, -0.657658159733], "mean": [-0.610467731953, -0.739457547665, -0.775674521923, -0.776698887348, -0.774467051029, -0.745189964771], "median": [-0.611729323864, -0.746014714241, -0.779317259789, -0.784803390503, -0.782127857208, -0.742654502392], "min": [-0.934293746948, -0.964905500412, -0.969100892544, -0.979025244713, -0.951170504093, -0.953110456467], "var": [0.00627840077505, 0.00454777758569, 0.00311282742769, 0.0030774732586, 0.00286445417441, 0.00136915803887]}, "spectral_contrast_valleys": {"dmean": [0.402326434851, 0.373496085405, 0.406116068363, 0.384766936302, 0.389057993889, 0.535183429718], "dmean2": [0.65797573328, 0.591768026352, 0.627945184708, 0.574287950993, 0.506996810436, 0.667759358883], "dvar": [0.178009182215, 0.162184998393, 0.233818769455, 0.21948517859, 0.221717089415, 0.363166004419], "dvar2": [0.356417953968, 0.297129750252, 0.414348363876, 0.348984450102, 0.34748890996, 0.663519024849], "max": [-4.98823261261, -4.97924423218, -5.29220867157, -5.7264585495,