{"lowlevel": {"average_loudness": 0.946458697319, "barkbands_crest": {"dmean": 2.44200539589, "dmean2": 3.87522697449, "dvar": 5.39715671539, "dvar2": 12.3789310455, "max": 26.6395225525, "mean": 15.4907722473, "median": 15.2901802063, "min": 3.01949667931, "var": 25.877035141}, "barkbands_flatness_db": {"dmean": 0.0318557880819, "dmean2": 0.0435567013919, "dvar": 0.000926256936509, "dvar2": 0.00163607741706, "max": 0.528638720512, "mean": 0.257522195578, "median": 0.257545769215, "min": 0.0397207140923, "var": 0.00805445201695}, "barkbands_kurtosis": {"dmean": 16.8375892639, "dmean2": 24.5173244476, "dvar": 1380.25830078, "dvar2": 2335.27905273, "max": 1413.12072754, "mean": 40.0798950195, "median": 22.2860908508, "min": -1.83769381046, "var": 4526.56787109}, "barkbands_skewness": {"dmean": 1.01344811916, "dmean2": 1.51197230816, "dvar": 1.54825210571, "dvar2": 3.02539348602, "max": 30.9325065613, "mean": 4.31399774551, "median": 3.74306726456, "min": -3.72638440132, "var": 8.38505363464}, "barkbands_spread": {"dmean": 2.67604732513, "dmean2": 3.99348855019, "dvar": 20.8707294464, "dvar2": 42.8867034912, "max": 74.8422622681, "mean": 7.14690351486, "median": 3.96692037582, "min": 0.0998128652573, "var": 69.3274688721}, "dissonance": {"dmean": 0.0220464728773, "dmean2": 0.0367560684681, "dvar": 0.000545920513105, "dvar2": 0.00154486496467, "max": 0.499917834997, "mean": 0.447713822126, "median": 0.458300411701, "min": 0.110860399902, "var": 0.00194303540047}, "dynamic_complexity": 2.58269166946, "erbbands_crest": {"dmean": 2.66481924057, "dmean2": 4.32417726517, "dvar": 5.69770050049, "dvar2": 14.5203666687, "max": 30.1177024841, "mean": 10.9849424362, "median": 10.3031368256, "min": 2.85096764565, "var": 19.5586776733}, "erbbands_flatness_db": {"dmean": 0.0209652781487, "dmean2": 0.0316722989082, "dvar": 0.000447781349067, "dvar2": 0.000929905567318, "max": 0.445813059807, "mean": 0.171566590667, "median": 0.164365410805, "min": 0.0532482527196, "var": 0.00322212628089}, "erbbands_kurtosis": {"dmean": 1.7205094099, "dmean2": 2.74425172806, "dvar": 6.20945167542, "dvar2": 13.7021627426, "max": 64.7265090942, "mean": 2.68413543701, "median": 0.822510361671, "min": -1.92896687984, "var": 27.3403224945}, "erbbands_skewness": {"dmean": 0.432421058416, "dmean2": 0.669721841812, "dvar": 0.204831570387, "dvar2": 0.458268404007, "max": 6.12029504776, "mean": 1.20353710651, "median": 1.10919618607, "min": -2.56791305542, "var": 1.07953381538}, "erbbands_spread": {"dmean": 9.85104751587, "dmean2": 15.54529953, "dvar": 143.035217285, "dvar2": 326.631072998, "max": 144.211303711, "mean": 42.2665290833, "median": 39.6099433899, "min": 1.5613284111, "var": 576.960510254}, "hfc": {"dmean": 5.49768304825, "dmean2": 7.91841650009, "dvar": 62.5523834229, "dvar2": 119.474060059, "max": 94.4417037964, "mean": 15.8316059113, "median": 12.7988977432, "min": 1.16187681428e-16, "var": 148.719680786}, "melbands_crest": {"dmean": 2.39032936096, "dmean2": 3.74280714989, "dvar": 5.66752338409, "dvar2": 13.2670001984, "max": 32.1376724243, "mean": 18.2009124756, "median": 17.9147853851, "min": 1.58527767658, "var": 24.6158981323}, "melbands_flatness_db": {"dmean": 0.034130666405, "dmean2": 0.0469476729631, "dvar": 0.00112736760639, "dvar2": 0.00197332818061, "max": 0.650284767151, "mean": 0.356190562248, "median": 0.359336912632, "min": 0.00380166317336, "var": 0.0103717213497}, "melbands_kurtosis": {"dmean": 25.1996631622, "dmean2": 38.4811172485, "dvar": 1418.00158691, "dvar2": 3150.16210938, "max": 894.311462402, "mean": 68.5411224365, "median": 42.9149932861, "min": -1.29240977764, "var": 5935.02490234}, "melbands_skewness": {"dmean": 1.10486578941, "dmean2": 1.71944248676, "dvar": 1.43025529385, "dvar2": 3.29376912117, "max": 24.013261795, "mean": 5.16344404221, "median": 4.70951128006, "min": -1.46752429008, "var": 8.28766727448}, "melbands_spread": {"dmean": 2.16475987434, "dmean2": 3.21142172813, "dvar": 18.22706604, "dvar2": 34.2485160828, "max": 149.298553467, "mean": 5.90690422058, "median": 3.1027765274, "min": 0.215195566416, "var": 83.5109939575}, "pitch_salience": {"dmean": 0.0678811371326, "dmean2": 0.107152603567, "dvar": 0.00438379077241, "dvar2": 0.0100637106225, "max": 0.824726819992, "mean": 0.43153205514, "median": 0.438523828983, "min": 0.0369914211333, "var": 0.0193233769387}, "silence_rate_20dB": {"dmean": 0.0164963677526, "dmean2": 0.0329967997968, "dvar": 0.0162253975868, "dvar2": 0.0373258031905, "max": 1, "mean": 0.982767105103, "median": 1, "min": 0, "var": 0.0169356931001}, "silence_rate_30dB": {"dmean": 0.101686567068, "dmean2": 0.203398182988, "dvar": 0.0913408026099, "dvar2": 0.179516196251, "max": 1, "mean": 0.643648445606, "median": 1, "min": 0, "var": 0.229363784194}, "silence_rate_60dB": {"dmean": 0.00393943116069, "dmean2": 0.0078798327595, "dvar": 0.00392381288111, "dvar2": 0.00880258623511, "max": 1, "mean": 0.0259724278003, "median": 0, "min": 0, "var": 0.0252984482795}, "spectral_centroid": {"dmean": 132.420684814, "dmean2": 201.472625732, "dvar": 44807.3164062, "dvar2": 87610.5703125, "max": 10705.9384766, "mean": 558.595581055, "median": 446.957122803, "min": 119.8931427, "var": 177479.96875}, "spectral_complexity": {"dmean": 2.88661813736, "dmean2": 4.32873678207, "dvar": 12.4821662903, "dvar2": 21.4651660919, "max": 57, "mean": 10.7283353806, "median": 9, "min": 0, "var": 49.7074584961}, "spectral_decrease": {"dmean": 7.30555127504e-09, "dmean2": 9.77468683772e-09, "dvar": 1.24156818859e-16, "dvar2": 2.23907098027e-16, "max": 3.17790813768e-17, "mean": -2.43803359723e-08, "median": -1.68131037981e-08, "min": -1.41638267337e-07, "var": 4.9856279866e-16}, "spectral_energy": {"dmean": 0.0279614124447, "dmean2": 0.0374404340982, "dvar": 0.00179437117185, "dvar2": 0.0032377303578, "max": 0.539208173752, "mean": 0.093453258276, "median": 0.064823769033, "min": 1.07168583122e-20, "var": 0.00721391523257}, "spectral_energyband_high": {"dmean": 0.000220387752051, "dmean2": 0.000319408311043, "dvar": 3.13653117701e-07, "dvar2": 6.87552415002e-07, "max": 0.00605609966442, "mean": 0.000311404292006, "median": 9.20992388274e-05, "min": 7.81317324996e-21, "var": 4.29531496593e-07}, "spectral_energyband_low": {"dmean": 0.0256312098354, "dmean2": 0.0342720374465, "dvar": 0.00178694992792, "dvar2": 0.0032522729598, "max": 0.524257421494, "mean": 0.0784378498793, "median": 0.0492560379207, "min": 1.02044244665e-22, "var": 0.00681031355634}, "spectral_energyband_middle_high": {"dmean": 0.00108440429904, "dmean2": 0.00166295992676, "dvar": 4.98963163409e-06, "dvar2": 1.09289267129e-05, "max": 0.0297286771238, "mean": 0.00179765024222, "median": 0.000872976961546, "min": 1.60490547761e-21, "var": 8.1296375356e-06}, "spectral_energyband_middle_low": {"dmean": 0.00600327830762, "dmean2": 0.00989964138716, "dvar": 5.27192823938e-05, "dvar2": 0.00013579109509, "max": 0.122301883996, "mean": 0.0180063825101, "median": 0.0159338414669, "min": 2.8093144273e-22, "var": 0.00015166621597}, "spectral_entropy": {"dmean": 0.264344185591, "dmean2": 0.388100385666, "dvar": 0.0692126229405, "dvar2": 0.142259508371, "max": 9.79701900482, "mean": 6.79098081589, "median": 6.80904388428, "min": 4.89865207672, "var": 0.405810326338}, "spectral_flux": {"dmean": 0.039648283273, "dmean2": 0.0616571940482, "dvar": 0.00250066164881, "dvar2": 0.00592390680686, "max": 0.575235784054, "mean": 0.0917233526707, "median": 0.0747787058353, "min": 1.03522260209e-10, "var": 0.00416357489303}, "spectral_kurtosis": {"dmean": 3.19587182999, "dmean2": 5.30913114548, "dvar": 18.5588092804, "dvar2": 50.1890144348, "max": 132.17124939, "mean": 8.2741394043, "median": 5.91592073441, "min": -1.23265719414, "var": 77.510559082}, "spectral_rms": {"dmean": 0.00133463647217, "dmean2": 0.00177151686512, "dvar": 2.7898731787e-06, "dvar2": 4.56726593256e-06, "max": 0.0229359269142, "mean": 0.00858580879867, "median": 0.00795252807438, "min": 3.23349225e-12, "var": 1.7457667127e-05}, "spectral_rolloff": {"dmean": 125.524894714, "dmean2": 206.365005493, "dvar": 220079.140625, "dvar2": 419268.21875, "max": 19099.9511719, "mean": 400.484161377, "median": 215.33203125, "min": 64.599609375, "var": 1041563.9375}, "spectral_skewness": {"dmean": 0.33290091157, "dmean2": 0.542875826359, "dvar": 0.12097594142, "dvar2": 0.307202726603, "max": 9.43880271912, "mean": 2.1559650898, "median": 1.99556326866, "min": 0.0202578250319, "var": 0.663309037685}, "spectral_spread": {"dmean": 652737.75, "dmean2": 980061.9375, "dvar": 734043897856, "dvar2": 1395888226300.0, "max": 41806016, "mean": 4143143, "median": 3980822.5, "min": 731082.75, "var": 2372746608640.0}, "spectral_strongpeak": {"dmean": 0.227580204606, "dmean2": 0.343323528767, "dvar": 0.086959771812, "dvar2": 0.20929145813, "max": 4.39848804474, "mean": 0.838951349258, "median": 0.765211343765, "min": 0, "var": 0.247305974364}, "zerocrossingrate": {"dmean": 0.0059651103802, "dmean2": 0.00710526760668, "dvar": 9.89395630313e-05, "dvar2": 0.000110518041765, "max": 0.58642578125, "mean": 0.0233162101358, "median": 0.015625, "min": 0.00244140625, "var": 0.00105399475433}, "barkbands": {"dmean": [0.000125724414829, 0.0208690352738, 0.00755012407899, 0.00337813538499, 0.00246477429755, 0.00139726675116, 0.000429512234405, 0.000274096848443, 0.000259299442405, 0.000239180488279, 0.000223203998758, 0.00018396237283, 0.000123818448628, 0.000168847895111, 0.000146063001011, 0.000132438362925, 6.83818434482e-05, 5.88467701164e-05, 4.96902575833e-05, 6.82653480908e-05, 3.13686177833e-05, 3.93230293412e-05, 5.43999594811e-05, 4.0596780309e-05, 3.08710405079e-05, 2.21503887587e-05, 4.43238468506e-06], "dmean2": [0.000194326916244, 0.0263790804893, 0.0114072961733, 0.00562742166221, 0.00416396837682, 0.00229538860731, 0.000657976721413, 0.000440083036665, 0.000414197740611, 0.000399343698518, 0.000367648462998, 0.000308647635393, 0.000195490269107, 0.000272268545814, 0.000242808120674, 0.000194127875147, 0.000107232532173, 9.06672212295e-05, 7.92930368334e-05, 0.00010888066754, 4.48262871942e-05, 6.03467888141e-05, 8.50807628012e-05, 6.31038928987e-05, 4.75416927657e-05, 3.327255763e-05, 6.30151589576e-06], "dvar": [1.86717855399e-07, 0.00146631337702, 0.000192445208086, 2.71066292044e-05, 1.37786955747e-05, 7.04629610482e-06, 1.18679793104e-06, 5.64637957723e-07, 4.68472450166e-07, 3.09446420488e-07, 3.48318621946e-07, 2.17362156718e-07, 8.35010851574e-08, 1.88585488559e-07, 1.43693725363e-07, 1.59097936603e-07, 2.83529448808e-08, 5.06979631609e-08, 1.65495261939e-08, 2.3381328873e-08, 8.97775187525e-09, 9.23119181095e-09, 2.35048265296e-08, 1.24497034903e-08, 9.14310493982e-09, 5.142806625e-09, 2.14373963026e-10], "dvar2": [3.76059489327e-07, 0.00270708976313, 0.000396831776015, 6.89654625603e-05, 3.6247416574e-05, 1.93772939383e-05, 2.58814520748e-06, 1.29509453473e-06, 9.62931039794e-07, 7.27376971099e-07, 9.10037385893e-07, 5.77653395339e-07, 1.97822302539e-07, 4.54330972843e-07, 3.67559891856e-07, 3.1871169881e-07, 5.99298815018e-08, 1.10927373953e-07, 3.82684071099e-08, 5.76595979851e-08, 1.78348908975e-08, 2.14555893052e-08, 5.95083555766e-08, 2.99524920422e-08, 2.27359553406e-08, 1.11572990846e-08, 3.81509379643e-10], "max": [0.00867752078921, 0.462511211634, 0.237602546811, 0.081179395318, 0.0496690832078, 0.0404335185885, 0.0245061796159, 0.0259205866605, 0.0199881270528, 0.0213432852179, 0.00741568440571, 0.00672328518704, 0.00462713744491, 0.00576123315841, 0.00490217655897, 0.00617455597967, 0.00335648236796, 0.00640405807644, 0.00253109168261, 0.00177676090971, 0.00212073279545, 0.00110872543883, 0.00238631619141, 0.0015243969392, 0.00145801273175, 0.000686584971845, 0.000211150880205], "mean": [0.000210366779356, 0.0553440079093, 0.0178361404687, 0.00754399830475, 0.00559420557693, 0.00298766396008, 0.000950692163315, 0.000428230123362, 0.000383069971576, 0.000312309130095, 0.000234383347561, 0.000214356885408, 0.000182483825483, 0.000206270371564, 0.000185593802598, 0.000184817341506, 0.000106920073449, 8.56289916555e-05, 7.69008183852e-05, 0.000104075494164, 4.65028824692e-05, 5.0270005886e-05, 7.29261664674e-05, 5.28369382664e-05, 3.09809111059e-05, 2.25306448556e-05, 5.07020286022e-06], "median": [2.21153422899e-05, 0.0235980413854, 0.00647916365415, 0.00457646371797, 0.00376670085825, 0.00136765523348, 0.000234390579863, 9.7591910162e-05, 9.67023079284e-05, 0.000102896548924, 6.33779418422e-05, 6.33664167253e-05, 5.1962051657e-05, 3.56731034117e-05, 5.46418887097e-05, 3.43907995557e-05, 3.29104004777e-05, 3.26616282109e-05, 3.40552651323e-05, 3.00613519357e-05, 1.64464836416e-05, 1.22598212329e-05, 1.76510948222e-05, 9.6264975582e-06, 3.86902229366e-06, 1.27627413349e-06, 2.4267441745e-07], "min": [2.01013323351e-23, 3.85981121227e-23, 2.66725452533e-23, 2.5564448117e-23, 2.34069861164e-23, 6.05164546021e-23, 5.71884650131e-23, 2.66438212501e-23, 7.31200663521e-23, 8.52150016578e-23, 9.00550545864e-23, 1.03365132298e-22, 1.36200154813e-22, 1.97131783754e-22, 7.28690823665e-23, 1.76283578424e-22, 9.98565503595e-23, 1.91319721662e-22, 3.43125337472e-22, 4.15863487861e-22, 5.22123783857e-22, 4.12877908081e-22, 6.41200583074e-22, 9.75175260263e-22, 1.19073467068e-21, 1.6091195347e-21, 2.34124243342e-21], "var": [5.21773756645e-07, 0.00500466674566, 0.000809415418189, 7.29321473045e-05, 3.37065321219e-05, 1.59153132699e-05, 4.44943361799e-06, 1.39542055422e-06, 1.23440838706e-06, 7.67136043578e-07, 3.03776943156e-07, 2.07535435948e-07, 1.38443510878e-07, 2.81898962839e-07, 1.61606180882e-07, 2.33084122669e-07, 5.25866781231e-08, 6.73253097716e-08, 2.35446098173e-08, 3.85007261627e-08, 1.33402853209e-08, 1.17684022527e-08, 2.8906891103e-08, 1.55964876569e-08, 8.56565307572e-09, 5.84905723855e-09, 3.65892760534e-10]}, "erbbands": {"dmean": [0.436672031879, 5.16825819016, 8.60849666595, 11.1527919769, 7.43816757202, 9.06550598145, 10.1049919128, 12.3880596161, 6.99617433548, 5.74766683578, 5.1557765007, 6.0009560585, 6.16410017014, 7.64024209976, 10.9307689667, 6.75857210159, 5.67882823944, 7.81679153442, 8.83754062653, 6.38589000702, 5.60655879974, 3.4490852356, 3.03019928932, 2.69037008286, 3.84858202934, 2.43166780472, 1.48025608063, 1.10011422634, 1.45666635036, 1.66313505173, 1.49726307392, 0.979496717453, 0.634404301643, 0.429585307837, 0.177252233028, 0.119984306395, 0.0349579080939, 0.00553371896967, 0.000758669513743, 6.43442617729e-05], "dmean2": [0.500366747379, 6.72274303436, 12.3183708191, 18.3280487061, 12.6926879883, 15.2916955948, 16.1884555817, 20.9474411011, 10.6931753159, 9.17519187927, 8.38883304596, 9.56891155243, 10.0601511002, 12.8673362732, 18.0536575317, 11.0982789993, 8.96322441101, 12.0743370056, 14.9011983871, 9.8066778183, 8.19628334045, 5.28900194168, 4.63423395157, 4.16765451431, 6.25275945663, 3.74884366989, 2.12026453018, 1.65066802502, 2.2125658989, 2.62567949295, 2.33465886116, 1.51204168797, 1.0039716959, 0.673261523247, 0.27015414834, 0.180140137672, 0.0530477128923, 0.00796692166477, 0.00108641688712, 8.96762721823e-05], "dvar": [0.760242581367, 93.6360015869, 271.592712402, 277.124542236, 188.125778198, 271.619720459, 274.740112305, 705.446105957, 270.746856689, 378.316192627, 160.677108765, 284.209106445, 274.903198242, 317.857421875, 975.23059082, 242.061004639, 167.927001953, 404.932220459, 650.8203125, 197.809158325, 233.996582031, 83.3723144531, 116.447364807, 54.3137397766, 73.5985717773, 25.064163208, 24.8977832794, 8.64981842041, 12.1359243393, 21.4794788361, 18.4401245117, 6.15494537354, 4.1514210701, 2.01116633415, 0.265316277742, 0.164693057537, 0.0129715837538, 0.000319645216223, 5.94862785874e-06, 2.13932125348e-08], "dvar2": [0.92678886652, 184.859481812, 502.542907715, 694.169128418, 515.653320312, 696.645507812, 628.615234375, 2062.89086914, 567.263549805, 915.864624023, 386.654724121, 597.318603516, 612.391540527, 831.383972168, 2539.69848633, 616.050109863, 405.207946777, 835.582641602, 1717.7598877, 415.162841797, 469.802062988, 171.400115967, 244.37071228, 111.073516846, 185.847900391, 54.6531600952, 49.71824646, 18.798910141, 27.7547836304, 52.4653968811, 47.1060409546, 14.1588172913, 10.631690979, 5.09790611267, 0.624055027962, 0.351798951626, 0.0299032423645, 0.000635919044726, 1.10589135147e-05, 3.70261190596e-08], "max": [14.7167739868, 125.854454041, 262.259796143, 245.287033081, 318.081268311, 276.803863525, 223.255722046, 405.685638428, 374.308380127, 649.555908203, 284.571258545, 440.689971924, 838.182250977, 207.654708862, 360.826934814, 302.865814209, 224.718856812, 343.409515381, 320.505859375, 203.99118042, 294.693389893, 192.190170288, 295.608398438, 169.640274048, 108.79196167, 61.0544891357, 122.593963623, 36.5127754211, 53.4708061218, 83.7332229614, 86.1511993408, 30.9544868469, 32.658203125, 18.7293834686, 7.29467916489, 4.18056058884, 1.38305938244, 0.285289615393, 0.0366313681006, 0.00247515924275], "mean": [1.14092111588, 13.8834753036, 22.7622566223, 26.384180069, 17.9104099274, 19.8477134705, 23.9196338654, 23.5424575806, 16.3750572205, 10.9092712402, 8.05179786682, 9.27342796326, 9.68421268463, 8.73655319214, 11.4489889145, 9.17810821533, 8.61733818054, 11.1963262558, 9.82792758942, 9.37337875366, 8.39817237854, 5.52555370331, 4.61789608002, 4.59672451019, 5.90566968918, 3.69701313972, 2.34078741074, 1.47585558891, 1.84618794918, 2.1375041008, 2.0521645546, 1.35283696651, 0.720583617687, 0.421847432852, 0.181821078062, 0.121345452964, 0.0356261096895, 0.00601560855284, 0.000885087298229, 0.000147955521243], "median": [0.496945679188, 6.33162117004, 11.4547786713, 17.5380268097, 10.889339447, 11.2691297531, 13.6905555725, 9.04187774658, 5.0536699295, 2.90039229393, 1.9913867712, 2.37477111816, 2.71268987656, 3.02226376534, 3.14696645737, 3.15162396431, 2.83359050751, 2.1730260849, 2.40419960022, 2.94139313698, 2.21181964874, 1.63575863838, 1.56319212914, 2.55355739594, 1.58242547512, 1.38599205017, 0.909222602844, 0.486213475466, 0.427031904459, 0.488388895988, 0.539772868156, 0.288011312485, 0.102238252759, 0.0505962483585, 0.021531239152, 0.00780924875289, 0.00188948574942, 0.000344330939697, 0.000101728641312, 8.98281359696e-05], "min": [5.92549448456e-22, 1.08318469186e-20, 2.82999328628e-20, 8.44491499446e-20, 3.10598791378e-20, 7.96542295028e-20, 3.51319193336e-19, 4.18201347053e-19, 7.01414676353e-19, 7.68356904062e-19, 9.14378994199e-19, 1.6859512527e-18, 1.98972051136e-18, 3.16420055551e-18, 4.27873233913e-18, 4.89005396699e-18, 6.67617141519e-18, 7.44219029325e-18, 7.46417261803e-18, 4.09021208727e-18, 1.14786877531e-17, 7.49022632579e-18, 1.19368564769e-17, 9.59599407323e-18, 1.93284746019e-17, 2.30680820506e-17, 2.31895138189e-17, 1.68518693781e-17, 1.40628810504e-17, 2.00914990861e-17, 1.68567679417e-17, 2.20417395076e-17, 1.48146376803e-17, 1.23777090018e-17, 8.47431152001e-18, 4.69533399643e-18, 3.52759485388e-18, 1.37841149801e-18, 3.38895354126e-19, 3.26878319756e-20], "var": [3.19508767128, 303.930480957, 1071.08410645, 753.922668457, 476.17767334, 715.844116211, 824.012573242, 1365.97131348, 1180.21484375, 895.050964355, 396.990020752, 765.409729004, 1178.31982422, 298.473052979, 819.149230957, 308.549804688, 269.895111084, 875.582763672, 583.19152832, 339.267120361, 377.940734863, 158.2109375, 172.751083374, 84.8791046143, 113.11164093, 40.1105995178, 36.3464660645, 11.5565757751, 17.1827449799, 25.9985866547, 22.762960434, 9.22809123993, 3.9506456852, 1.77888047695, 0.27947306633, 0.183791577816, 0.0142142213881, 0.000447273079772, 9.76336559688e-06, 4.37312692725e-08]}, "gfcc": {"mean": [-37.3898658752, 126.195777893, -75.4833145142, 50.7096824646, -37.5381278992, 14.2606716156, -29.2119750977, -2.63876748085, -17.8839912415, -7.13417720795, -5.35120773315, -3.56728649139, -7.20641136169], "cov": [[10696.1474609, -1129.32275391, -47.7932548523, 880.377258301, 276.696777344, 779.098937988, -334.307342529, 114.885726929, -306.752288818, 194.697647095, -81.649230957, 308.793792725, -27.6634654999], [-1129.32275391, 1605.53564453, 56.097114563, 26.6322288513, 118.293334961, -233.832473755, 312.044647217, -157.787506104, 186.457977295, -211.394836426, 186.410522461, -176.056747437, 132.65171814], [-47.7932548523, 56.097114563, 582.063720703, 416.170928955, 175.855804443, 50.0177383423, 116.283248901, 18.9469356537, 19.7709350586, 3.57853794098, 107.847320557, -3.46971082687, 64.9110336304], [880.377258301, 26.6322288513, 416.170928955, 1001.40447998, 326.178283691, 112.807006836, 152.785934448, -40.1923027039, 24.59532547, -67.9092712402, 228.403427124, -30.7328891754, 111.016723633], [276.696777344, 118.293334961, 175.855804443, 326.178283691, 406.983276367, 135.677749634, 118.096740723, -10.979265213, 64.5556488037, -19.5974407196, 92.5049133301, 36.9258842468, 65.0104598999], [779.098937988, -233.832473755, 50.0177383423, 112.807006836, 135.677749634, 265.294250488, 18.153049469, 60.0504798889, 3.87860536575, 46.1061592102, -2.10588884354, 68.2474060059, -5.6263628006], [-334.307342529, 312.044647217, 116.283248901, 152.785934448, 118.096740723, 18.153049469, 262.455810547, 21.6424198151, 52.1023483276, -40.3577346802, 81.7672119141, -75.1580734253, 50.7568817139], [114.885726929, -157.787506104, 18.9469356537, -40.1923027039, -10.979265213, 60.0504798889, 21.6424198151, 135.649261475, 32.6297454834, 46.1661987305, -19.9260044098, 10.4990768433, -17.7076053619], [-306.752288818, 186.457977295, 19.7709350586, 24.59532547, 64.5556488037, 3.87860536575, 52.1023483276, 32.6297454834, 139.211135864, -5.12456989288, 45.7991104126, -2.15018701553, 19.9878730774], [194.697647095, -211.394836426, 3.57853794098, -67.9092712402, -19.5974407196, 46.1061592102, -40.3577346802, 46.1661987305, -5.12456989288, 122.78742218, -13.8049783707, 41.1906585693, -30.2689552307], [-81.649230957, 186.410522461, 107.847320557, 228.403427124, 92.5049133301, -2.10588884354, 81.7672119141, -19.9260044098, 45.7991104126, -13.8049783707, 159.018966675, 5.17407131195, 59.0697402954], [308.793792725, -176.056747437, -3.46971082687, -30.7328891754, 36.9258842468, 68.2474060059, -75.1580734253, 10.4990768433, -2.15018701553, 41.1906585693, 5.17407131195, 127.365722656, 14.6918039322], [-27.6634654999, 132.65171814, 64.9110336304, 111.016723633, 65.0104598999, -5.6263628006, 50.7568817139, -17.7076053619, 19.9878730774, -30.2689552307, 59.0697402954, 14.6918039322, 98.9807281494]], "icov": [[0.000179559268872, -0.000208751836908, 0.000200674461666, -0.00038846937241, 6.09089256614e-05, -0.000433800887549, 0.000297410209896, -0.000339230900863, 0.000536456645932, -0.000308119109832, 0.000356032454874, -0.000297983060591, -1.4606816876e-05], [-0.000208751836908, 0.00229146447964, -0.000494146428537, 0.00151975406334, -0.000373965129256, 0.000934114097618, -0.00151663587894, 0.00253547471948, -0.00268319156021, 0.00203379592858, -0.0021125418134, 0.00201203813776, -0.000853912322782], [0.000200674461666, -0.000494146428537, 0.00295980391093, -0.00163836078718, -0.000230156481848, 1.14078738989e-05, -0.000213886654819, -0.00128872797359, 0.00117926253006, -0.00141816469841, 0.000817166117486, -0.000955403374974, -0.000371845730115], [-0.00038846937241, 0.00151975406334, -0.00163836078718, 0.00403288286179, -0.00139255123213, -3.32648705808e-05, -7.01827229932e-05, 0.00174976000562, -0.00124678085558, 0.00255485018715, -0.00476417504251, 0.00366863934323, -0.00100071774796], [6.09089256614e-05, -0.000373965129256, -0.000230156481848, -0.00139255123213, 0.00516337761655, -0.00204556249082, -0.00162537838332, 0.0014908213634, -0.0015775503125, -0.000170963190612, 0.00124348606914, -0.00247885868885, -0.000284225796349], [-0.000433800887549, 0.000934114097618, 1.14078738989e-05, -3.32648705808e-05, -0.00204556249082, 0.00821520294994, -0.00252297893167, -0.00116014387459, -0.00084953114856, -1.57884060172e-05, 0.000908615184017, -0.00310203107074, 0.00163835135754], [0.000297410209896, -0.00151663587894, -0.000213886654819, -7.01827229932e-05, -0.00162537838332, -0.00252297893167, 0.00966670364141, -0.00401146709919, 0.00204728753306, -0.000362103164662, -0.0022978822235, 0.00553864613175, -0.00239082728513], [-0.000339230900863, 0.00253547471948, -0.00128872797359, 0.00174976000562, 0.0014908213634, -0.00116014387459, -0.00401146709919, 0.0144366854802, -0.00682828342542, -0.00103433197364, 0.000126907892991, 0.00159117998555, -0.00026486007846], [0.000536456645932, -0.00268319156021, 0.00117926253006, -0.00124678085558, -0.0015775503125, -0.00084953114856, 0.00204728753306, -0.00682828342542, 0.0137028666213, -0.00163404049817, -0.000840367225464, -0.00186998979189, 0.000599607126787], [-0.000308119109832, 0.00203379592858, -0.00141816469841, 0.00255485018715, -0.000170963190612, -1.57884060172e-05, -0.000362103164662, -0.00103433197364, -0.00163404049817, 0.0141857052222, -0.00439401296899, -0.0006890927325, 0.00275737675838], [0.000356032454874, -0.0021125418134, 0.000817166117486, -0.00476417504251, 0.00124348606914, 0.000908615184017, -0.0022978822235, 0.000126907892991, -0.000840367225464, -0.00439401296899, 0.016501693055, -0.0061650541611, -0.00193255208433], [-0.000297983060591, 0.00201203813776, -0.000955403374974, 0.00366863934323, -0.00247885868885, -0.00310203107074, 0.00553864613175, 0.00159117998555, -0.00186998979189, -0.0006890927325, -0.0061650541611, 0.0189044103026, -0.0063316388987], [-1.4606816876e-05, -0.000853912322782, -0.000371845730115, -0.00100071774796, -0.000284225796349, 0.00163835135754, -0.00239082728513, -0.00026486007846, 0.000599607126787, 0.00275737675838, -0.00193255208433, -0.0063316388987, 0.01688323915]]}, "melbands": {"dmean": [0.00510975113139, 0.00518494611606, 0.00173719553277, 0.000567231851164, 0.000368537643226, 0.000268026225967, 0.000100389050203, 6.23455198365e-05, 4.18411764258e-05, 3.80607671104e-05, 3.10745526804e-05, 3.10724681185e-05, 3.31634109898e-05, 2.50029243034e-05, 1.33648554765e-05, 1.28934389068e-05, 1.49276811499e-05, 1.47864802784e-05, 9.54466486291e-06, 1.12654042823e-05, 5.35864865014e-06, 3.66489052794e-06, 3.36658422384e-06, 3.35308982358e-06, 2.11930205296e-06, 2.27645477935e-06, 3.45772241417e-06, 1.32020511501e-06, 1.03157196918e-06, 7.1871727414e-07, 6.72205544561e-07, 8.13108215425e-07, 8.11196571249e-07, 1.06030188363e-06, 9.64333025877e-07, 6.90824435878e-07, 5.62366096801e-07, 4.85347925405e-07, 3.69868672578e-07, 3.68879511825e-07], "dmean2": [0.00621301168576, 0.00714462948963, 0.00284329010174, 0.000969846674707, 0.000598809565417, 0.000448882143246, 0.000152592678205, 9.98480682028e-05, 6.8392677349e-05, 6.05177156103e-05, 5.08356897626e-05, 5.2537467127e-05, 5.4959247791e-05, 4.20280630351e-05, 2.14881874854e-05, 1.95633583644e-05, 2.34884719248e-05, 2.52290956269e-05, 1.59011797223e-05, 1.66895461007e-05, 7.97775101091e-06, 5.75254853175e-06, 5.22061327501e-06, 5.27858492205e-06, 3.32254217028e-06, 3.66394715456e-06, 5.67446159039e-06, 2.03332683668e-06, 1.49723973664e-06, 1.05655419702e-06, 1.04715377347e-06, 1.2435843928e-06, 1.26960105717e-06, 1.71719489117e-06, 1.54996553192e-06, 1.04376965737e-06, 8.80065442743e-07, 7.80105608555e-07, 5.76444108447e-07, 5.85405928177e-07], "dvar": [8.7322332547e-05, 9.10572271096e-05, 6.35048581898e-06, 8.33052069993e-07, 3.16366737252e-07, 3.01336001485e-07, 5.69947822271e-08, 4.16110061963e-08, 1.02625437037e-08, 1.18623884049e-08, 6.82458400902e-09, 5.21350163041e-09, 8.49160475269e-09, 4.62158400438e-09, 7.69655839061e-10, 1.06904651798e-09, 1.44320966289e-09, 1.89029658593e-09, 6.13740225308e-10, 1.18635379298e-09, 2.1240260939e-10, 1.11745772358e-10, 6.58234647344e-11, 2.38745245795e-10, 2.93418726816e-11, 3.14466681861e-11, 7.3615155638e-11, 1.04601440357e-11, 1.25408823951e-11, 3.69677118778e-12, 3.83158955952e-12, 3.60083187226e-12, 5.06228002226e-12, 1.11092628152e-11, 1.03869352355e-11, 2.69868242336e-12, 2.17500518464e-12, 2.30509730227e-12, 1.99237523181e-12, 1.49060852637e-12], "dvar2": [0.000141543219797, 0.00017412759189, 1.56997139129e-05, 2.17239471567e-06, 7.61971932661e-07, 8.66448658599e-07, 1.17758361284e-07, 9.94552138422e-08, 2.48526355051e-08, 2.38713475653e-08, 1.50515440112e-08, 1.36778925963e-08, 2.220963502e-08, 1.23712089461e-08, 1.88829574199e-09, 2.23298535218e-09, 3.18444093317e-09, 5.05347674817e-09, 1.56945512142e-09, 2.36266717302e-09, 4.4960715706e-10, 2.46621362221e-10, 1.3747339378e-10, 5.57717205751e-10, 6.31489235903e-11, 7.82753237227e-11, 1.91678811712e-10, 2.29286901965e-11, 2.46204948789e-11, 7.9803125913e-12, 8.93330028007e-12, 8.31637276405e-12, 1.20260182021e-11, 2.89645789991e-11, 2.79158085537e-11, 5.93579308969e-12, 5.06576725012e-12, 5.89934611578e-12, 5.27545368501e-12, 3.78745602589e-12], "max": [0.121796809137, 0.127856820822, 0.0354638807476, 0.0128713678569, 0.00643968675286, 0.00841587036848, 0.00546504277736, 0.00613446161151, 0.00250980281271, 0.00333443656564, 0.00415253033862, 0.000911511422601, 0.000981168239377, 0.000800174777396, 0.000534999591764, 0.000537075393368, 0.000583935528994, 0.000537569692824, 0.000320608145557, 0.000461652962258, 0.000339156773407, 0.000261689303443, 0.000175807115738, 0.000476591929328, 0.000140572723467, 0.000104525432107, 0.000109009728476, 4.82859941258e-05, 8.74063043739e-05, 3.13504497171e-05, 2.92722743325e-05, 2.87517977995e-05, 3.2747098885e-05, 7.27738952264e-05, 7.42575430195e-05, 1.9410312234e-05, 1.76300345629e-05, 2.35017851082e-05, 2.76354312518e-05, 1.33007479235e-05], "mean": [0.0135378688574, 0.0149647993967, 0.00431663030759, 0.00130392203573, 0.000858245941345, 0.000527460069861, 0.000233739861869, 0.000112139852718, 6.15155440755e-05, 5.80263549637e-05, 4.74390944873e-05, 3.47323002643e-05, 3.41911254509e-05, 2.90827538265e-05, 1.91347680811e-05, 2.02489754884e-05, 1.99662190425e-05, 1.51656831804e-05, 1.22030314742e-05, 1.57882277563e-05, 7.91980619397e-06, 5.56776421945e-06, 4.93506377097e-06, 4.58631711808e-06, 3.49574293068e-06, 3.30505122292e-06, 5.07676213601e-06, 1.83679856036e-06, 1.64826394666e-06, 9.67300934462e-07, 8.19020044673e-07, 1.00926831692e-06, 9.97581651063e-07, 1.29014983941e-06, 1.28622741613e-06, 9.25471624669e-07, 7.65767254052e-07, 5.41779115792e-07, 3.77675576146e-07, 3.49649013742e-07], "median": [0.00567656196654, 0.0090711209923, 0.00300707435235, 0.000757778761908, 0.000559435226023, 0.000214008265175, 6.64048129693e-05, 2.8162579838e-05, 1.50581390699e-05, 1.44263613038e-05, 1.324169898e-05, 1.19048754641e-05, 9.12853738555e-06, 8.57152190292e-06, 6.70128702041e-06, 4.99787256558e-06, 3.37143842444e-06, 3.16046907756e-06, 4.10002121498e-06, 3.17908370562e-06, 2.37470658249e-06, 1.78174627763e-06, 1.02246735878e-06, 1.54140229824e-06, 1.97726808437e-06, 1.22078017739e-06, 8.60543764247e-07, 8.30053409118e-07, 6.37918446955e-07, 2.95424342767e-07, 2.32834523217e-07, 2.40103588567e-07, 2.05306548651e-07, 2.58335717263e-07, 3.28047320863e-07, 2.16952045662e-07, 1.49434711716e-07, 7.1498980958e-08, 4.78676724924e-08, 3.89352337038e-08], "min": [1.05962889124e-23, 1.55646895102e-23, 1.17400638609e-23, 2.85080210537e-24, 1.05291773598e-23, 1.10271166183e-23, 1.11919143946e-23, 7.20299268454e-24, 8.54022709258e-24, 1.07080357928e-23, 1.00137458995e-23, 1.29439429106e-23, 1.19008636901e-23, 1.20785183214e-23, 1.48369290376e-23, 1.27881689143e-23, 1.47868789686e-23, 1.49241549656e-23, 4.24020151849e-24, 5.88014631055e-24, 1.51846257924e-23, 7.62113708482e-24, 8.96813049113e-24, 8.29835997246e-24, 7.361091454e-24, 1.36367986548e-23, 1.1824039682e-23, 1.71819364075e-23, 1.49530398965e-23, 1.11220544505e-23, 9.29605050309e-24, 7.22557856112e-24, 8.89019971116e-24, 1.20719037227e-23, 8.89762920316e-24, 1.08898966304e-23, 1.46302601022e-23, 1.00501912733e-23, 1.05012422174e-23, 1.0588595152e-23], "var": [0.000327719695633, 0.000316288234899, 1.83248521353e-05, 2.25364465223e-06, 8.30234910154e-07, 6.16055160663e-07, 2.53154354368e-07, 1.00540830772e-07, 2.36621904293e-08, 3.21409210358e-08, 2.8919584949e-08, 4.8258161911e-09, 7.11511871643e-09, 4.02046884673e-09, 1.12526232776e-09, 2.36804842402e-09, 2.73405520446e-09, 1.58447488463e-09, 6.91783241802e-10, 1.70480030093e-09, 3.36682320912e-10, 1.8936854862e-10, 1.17776260966e-10, 2.7307181516e-10, 4.32625602009e-11, 4.09472074303e-11, 1.16750303869e-10, 1.41590263819e-11, 1.86373243227e-11, 5.2696302183e-12, 4.32666315969e-12, 4.99069058649e-12, 5.83314689953e-12, 1.23061135934e-11, 1.15893648844e-11, 3.94975805534e-12, 3.2225645763e-12, 2.22506301578e-12, 1.61935146282e-12, 1.29426764445e-12]}, "mfcc": {"mean": [-688.713562012, 149.164413452, 29.5812301636, 43.4643211365, 20.3609046936, 19.6309642792, 6.3170003891, 10.0876722336, -7.11140918732, 5.71443414688, -6.5115814209, -1.90925967693, 2.01041793823], "cov": [[6462.71484375, -427.683868408, -81.1974182129, -181.515014648, 518.522644043, 349.031433105, 107.937698364, 184.57862854, 70.8133163452, -10.6761159897, 30.4125137329, -49.8774490356, 135.538818359], [-427.683868408, 1444.82897949, -63.1850547791, 117.077072144, -96.7188186646, 37.8311004639, 25.0341358185, 68.6739196777, 18.5226860046, 31.6242828369, -24.0163383484, -1.98062336445, -46.9100456238], [-81.1974182129, -63.1850547791, 482.716033936, 320.378143311, 85.6661071777, 57.2259712219, 114.837158203, 36.2875785828, -29.3425693512, 78.5764770508, -25.3577651978, -4.80296230316, 25.35313797], [-181.515014648, 117.077072144, 320.378143311, 713.546630859, 238.954406738, 182.7159729, 210.504150391, 105.800971985, -58.8848152161, 142.9165802, -71.2141571045, -11.188123703, 13.9156179428], [518.522644043, -96.7188186646, 85.6661071777, 238.954406738, 357.641021729, 195.029296875, 79.7193145752, 112.407226562, -9.1379070282, 45.3795089722, -10.5159435272, -3.25075173378, 35.2628860474], [349.031433105, 37.8311004639, 57.2259712219, 182.7159729, 195.029296875, 247.079986572, 117.795227051, 95.5429458618, 3.8946723938, 39.0589866638, 10.1101903915, -11.7076101303, 9.5320558548], [107.937698364, 25.0341358185, 114.837158203, 210.504150391, 79.7193145752, 117.795227051, 219.541183472, 77.280708313, 12.0165290833, 75.5811843872, 1.3019708395, -7.33443975449, 2.68217682838], [184.57862854, 68.6739196777, 36.2875785828, 105.800971985, 112.407226562, 95.5429458618, 77.280708313, 156.756622314, 28.5138187408, 59.9005851746, 4.7838511467, 2.82761454582, 8.23092651367], [70.8133163452, 18.5226860046, -29.3425693512, -58.8848152161, -9.1379070282, 3.8946723938, 12.0165290833, 28.5138187408, 98.8442764282, 32.5387802124, 27.3353042603, -1.35227715969, 1.57795512676], [-10.6761159897, 31.6242828369, 78.5764770508, 142.9165802, 45.3795089722, 39.0589866638, 75.5811843872, 59.9005851746, 32.5387802124, 140.798400879, 19.5680027008, 4.25218915939, 2.284283638], [30.4125137329, -24.0163383484, -25.3577651978, -71.2141571045, -10.5159435272, 10.1101903915, 1.3019708395, 4.7838511467, 27.3353042603, 19.5680027008, 106.077651978, 36.2983627319, 2.62197875977], [-49.8774490356, -1.98062336445, -4.80296230316, -11.188123703, -3.25075173378, -11.7076101303, -7.33443975449, 2.82761454582, -1.35227715969, 4.25218915939, 36.2983627319, 72.4745178223, 25.1577587128], [135.538818359, -46.9100456238, 25.35313797, 13.9156179428, 35.2628860474, 9.5320558548, 2.68217682838, 8.23092651367, 1.57795512676, 2.284283638, 2.62197875977, 25.1577587128, 81.8295135498]], "icov": [[0.000205649426789, 1.90203045349e-05, -7.1982094596e-07, 0.000249388365773, -0.00031466622022, -0.000134269474074, -0.000124566780869, -2.88620740321e-05, 5.30986562808e-06, -3.16256300721e-05, 3.487311551e-05, 0.000214935673284, -0.000280102831312], [1.90203045349e-05, 0.000836100138258, 0.000235772022279, -0.000384008424589, 0.000724112731405, -0.000454251188785, 0.000301446387311, -0.000581898260862, -0.000206199896638, 6.80334924255e-05, 0.00022827408975, -0.000218802117161, 0.00029161045677], [-7.1982094596e-07, 0.000235772022279, 0.00319015351124, -0.00142497220077, 0.000252858968452, 0.00044048082782, -0.000543110072613, 6.23022060608e-05, 0.000341256090906, -0.000359261815902, -0.000335121440003, 0.000533020065632, -0.000908149639145], [0.000249388365773, -0.000384008424589, -0.00142497220077, 0.00455233734101, -0.00202448433265, -0.000797420216259, -0.00191442435607, 0.00065659644315, 0.0022949303966, -0.0029779036995, 0.00267553795129, -0.000866917253006, 0.00021580819157], [-0.00031466622022, 0.000724112731405, 0.000252858968452, -0.00202448433265, 0.00742202065885, -0.00414794310927, 0.00220412877388, -0.00263004610315, 0.0001465187961, 0.000392191053834, 0.000151899643242, -0.000151657673996, -0.00129267224111], [-0.000134269474074, -0.000454251188785, 0.00044048082782, -0.000797420216259, -0.00414794310927, 0.0101496977732, -0.00333865336142, -0.00148072000593, 9.41275720834e-05, 0.00191212375648, -0.00292344717309, 0.00227123592049, 0.000164878932992], [-0.000124566780869, 0.000301446387311, -0.000543110072613, -0.00191442435607, 0.00220412877388, -0.00333865336142, 0.00884836353362, -0.00179678446148, -0.000928123248741, -0.00133838108741, -0.000435332563939, 0.000336861383403, 0.000168393889908], [-2.88620740321e-05, -0.000581898260862, 6.23022060608e-05, 0.00065659644315, -0.00263004610315, -0.00148072000593, -0.00179678446148, 0.0113202594221, -0.00216399971396, -0.00280915782787, 0.00133268081117, -0.00158367608674, 0.000373679824406], [5.30986562808e-06, -0.000206199896638, 0.000341256090906, 0.0022949303966, 0.0001465187961, 9.41275720834e-05, -0.000928123248741, -0.00216399971396, 0.0143629657105, -0.00421849265695, -0.00200619315729, 0.00234673824161, -0.00126542337239], [-3.16256300721e-05, 6.80334924255e-05, -0.000359261815902, -0.0029779036995, 0.000392191053834, 0.00191212375648, -0.00133838108741, -0.00280915782787, -0.00421849265695, 0.013016667217, -0.00361048593186, 0.000668702821713, 0.000271877623163], [3.487311551e-05, 0.00022827408975, -0.000335121440003, 0.00267553795129, 0.000151899643242, -0.00292344717309, -0.000435332563939, 0.00133268081117, -0.00200619315729, -0.00361048593186, 0.0154402283952, -0.00843323301524, 0.00211470318027], [0.000214935673284, -0.000218802117161, 0.000533020065632, -0.000866917253006, -0.000151657673996, 0.00227123592049, 0.000336861383403, -0.00158367608674, 0.00234673824161, 0.000668702821713, -0.00843323301524, 0.0208725221455, -0.00676089711487], [-0.000280102831312, 0.00029161045677, -0.000908149639145, 0.00021580819157, -0.00129267224111, 0.000164878932992, 0.000168393889908, 0.000373679824406, -0.00126542337239, 0.000271877623163, 0.00211470318027, -0.00676089711487, 0.0156186921522]]}, "spectral_contrast_coeffs": {"dmean": [0.04351035133, 0.0519183166325, 0.0366375334561, 0.0284804850817, 0.0247787237167, 0.0173844210804], "dmean2": [0.071969345212, 0.0847215354443, 0.061238091439, 0.0466643087566, 0.0388266183436, 0.0270659215748], "dvar": [0.00129256001674, 0.00195775763132, 0.000886557798367, 0.00055282691028, 0.000461417628685, 0.000243658971158], "dvar2": [0.0034374485258, 0.00490560941398, 0.00243156286888, 0.00140440859832, 0.000962403893936, 0.000583248096518], "max": [-0.33406534791, -0.381942689419, -0.530780076981, -0.576396822929, -0.62461233139, -0.652594447136], "mean": [-0.598203778267, -0.683762073517, -0.801799178123, -0.801088750362, -0.780902981758, -0.773413300514], "median": [-0.602347373962, -0.688368678093, -0.809225857258, -0.809300005436, -0.785062253475, -0.772554397583], "min": [-0.97050434351, -0.957619428635, -0.957823634148, -0.969509899616, -0.962323665619, -0.956296205521], "var": [0.00587284239009, 0.0089451065287, 0.002913139062, 0.00261819711886, 0.00200809421949, 0.00103915284853]}, "spectral_contrast_valleys": {"dmean": [0.352497845888, 0.439181059599, 0.425551950932, 0.373589545488, 0.35332852602, 0.490615814924], "dmean2": [0.583672940731, 0.688893616199, 0.638709425926, 0.558172881603, 0.513939082623, 0.644421577454], "dvar": [0.121406197548, 0.168528154492, 0.178891539574, 0.147217005491, 0.132346510887, 0.2568975389], "dvar2": [0.266514122486, 0.370906442404, 0.37092590332, 0.282866388559, 0.248308122158, 0.51950120925