{"lowlevel": {"average_loudness": 0.86980009079, "barkbands_crest": {"dmean": 1.86116468906, "dmean2": 2.99641680717, "dvar": 3.47529745102, "dvar2": 9.65279769897, "max": 24.593788147, "mean": 13.1195459366, "median": 12.5847187042, "min": 5.12134647369, "var": 13.9015874863}, "barkbands_flatness_db": {"dmean": 0.0200648996979, "dmean2": 0.031516995281, "dvar": 0.000450872757938, "dvar2": 0.00107973476406, "max": 0.439479321241, "mean": 0.285780400038, "median": 0.287585288286, "min": 0.0740003734827, "var": 0.00228377524763}, "barkbands_kurtosis": {"dmean": 7.20782518387, "dmean2": 11.561920166, "dvar": 108.294265747, "dvar2": 272.480407715, "max": 181.844985962, "mean": 24.4621639252, "median": 17.2267398834, "min": -1.50524055958, "var": 510.328033447}, "barkbands_skewness": {"dmean": 0.551502764225, "dmean2": 0.864606201649, "dvar": 0.462081849575, "dvar2": 1.10321235657, "max": 10.8585319519, "mean": 2.91247153282, "median": 2.61351752281, "min": -2.30771613121, "var": 1.87408876419}, "barkbands_spread": {"dmean": 0.704033315182, "dmean2": 1.12821090221, "dvar": 2.31958508492, "dvar2": 5.17994117737, "max": 62.9006156921, "mean": 3.14005494118, "median": 2.54978370667, "min": 0.438023656607, "var": 7.94666385651}, "dissonance": {"dmean": 0.0299604665488, "dmean2": 0.0504731796682, "dvar": 0.000774904619902, "dvar2": 0.0021416649688, "max": 0.499335348606, "mean": 0.391741514206, "median": 0.396940439939, "min": 0.174994781613, "var": 0.00272306869738}, "dynamic_complexity": 5.12619447708, "erbbands_crest": {"dmean": 1.87541818619, "dmean2": 3.0431368351, "dvar": 3.90393853188, "dvar2": 10.7518138885, "max": 28.3751716614, "mean": 13.2709665298, "median": 12.515499115, "min": 3.11704277992, "var": 19.2414245605}, "erbbands_flatness_db": {"dmean": 0.0173150449991, "dmean2": 0.0267747379839, "dvar": 0.000399215787183, "dvar2": 0.000946125306655, "max": 0.401330083609, "mean": 0.246578797698, "median": 0.245483532548, "min": 0.0853400081396, "var": 0.00219125719741}, "erbbands_kurtosis": {"dmean": 2.13544368744, "dmean2": 3.40948653221, "dvar": 9.25259971619, "dvar2": 25.6304569244, "max": 115.79549408, "mean": 7.53813457489, "median": 5.30419826508, "min": -1.82627511024, "var": 83.4091415405}, "erbbands_skewness": {"dmean": 0.324534535408, "dmean2": 0.508986234665, "dvar": 0.127168387175, "dvar2": 0.322227627039, "max": 6.36689424515, "mean": 1.94610738754, "median": 1.84650206566, "min": -1.26404237747, "var": 0.811540544033}, "erbbands_spread": {"dmean": 2.61780881882, "dmean2": 4.14014625549, "dvar": 18.6398658752, "dvar2": 44.632068634, "max": 93.9806289673, "mean": 14.6218042374, "median": 13.4421205521, "min": 0.861778974533, "var": 71.0230026245}, "hfc": {"dmean": 2.01763391495, "dmean2": 3.18490099907, "dvar": 13.2995643616, "dvar2": 30.6203098297, "max": 58.675983429, "mean": 8.06816482544, "median": 7.09885072708, "min": 1.21830786977e-16, "var": 40.0570373535}, "melbands_crest": {"dmean": 2.25004243851, "dmean2": 3.65726327896, "dvar": 4.70662927628, "dvar2": 13.1025524139, "max": 31.5808982849, "mean": 16.5612564087, "median": 16.018529892, "min": 2.85066080093, "var": 17.2410621643}, "melbands_flatness_db": {"dmean": 0.0201706867665, "dmean2": 0.0315883420408, "dvar": 0.000505012634676, "dvar2": 0.00117361487355, "max": 0.554917216301, "mean": 0.379751890898, "median": 0.380666702986, "min": 0.00909318961203, "var": 0.00318997143768}, "melbands_kurtosis": {"dmean": 7.40587949753, "dmean2": 11.8442745209, "dvar": 175.674438477, "dvar2": 441.085632324, "max": 301.343688965, "mean": 22.6272735596, "median": 17.8842201233, "min": -1.22633004189, "var": 372.717834473}, "melbands_skewness": {"dmean": 0.50068718195, "dmean2": 0.807376742363, "dvar": 0.409230440855, "dvar2": 1.00913906097, "max": 12.4048995972, "mean": 2.77857637405, "median": 2.66397428513, "min": -0.480612158775, "var": 1.37963068485}, "melbands_spread": {"dmean": 0.74020844698, "dmean2": 1.15357208252, "dvar": 8.77873325348, "dvar2": 11.6508655548, "max": 142.153182983, "mean": 3.60469818115, "median": 3.00743627548, "min": 0.438608855009, "var": 14.0661334991}, "pitch_salience": {"dmean": 0.0525749363005, "dmean2": 0.086803227663, "dvar": 0.0027443934232, "dvar2": 0.0072950348258, "max": 0.822872877121, "mean": 0.53485918045, "median": 0.541209936142, "min": 0.179435312748, "var": 0.0113811921328}, "silence_rate_20dB": {"dmean": 0, "dmean2": 0, "dvar": 0, "dvar2": 0, "max": 1, "mean": 1, "median": 1, "min": 1, "var": 0}, "silence_rate_30dB": {"dmean": 0.0208497252315, "dmean2": 0.0417076535523, "dvar": 0.0204151440412, "dvar2": 0.0505917146802, "max": 1, "mean": 0.976794481277, "median": 1, "min": 0, "var": 0.0226686373353}, "silence_rate_60dB": {"dmean": 0.00550747429952, "dmean2": 0.0110171157867, "dvar": 0.00547725008801, "dvar2": 0.0116831185296, "max": 1, "mean": 0.129400193691, "median": 0, "min": 0, "var": 0.112656630576}, "spectral_centroid": {"dmean": 28.8602752686, "dmean2": 45.2784767151, "dvar": 27015.9960938, "dvar2": 33661.8203125, "max": 10793.8662109, "mean": 331.378479004, "median": 306.500030518, "min": 181.756240845, "var": 45622.0546875}, "spectral_complexity": {"dmean": 0.98859167099, "dmean2": 1.65846943855, "dvar": 1.16315603256, "dvar2": 2.63099360466, "max": 17, "mean": 7.86607646942, "median": 8, "min": 0, "var": 11.0673522949}, "spectral_decrease": {"dmean": 2.35040809038e-09, "dmean2": 3.72384101333e-09, "dvar": 2.05478298147e-17, "dvar2": 4.7983688543e-17, "max": -1.16705689687e-29, "mean": -8.33400459754e-09, "median": -6.75887878998e-09, "min": -7.61673604188e-08, "var": 5.62606165709e-17}, "spectral_energy": {"dmean": 0.00904731824994, "dmean2": 0.0143351238221, "dvar": 0.000303643057123, "dvar2": 0.000708934210707, "max": 0.292464226484, "mean": 0.0321861505508, "median": 0.0261846035719, "min": 1.10944533371e-20, "var": 0.000832201039884}, "spectral_energyband_high": {"dmean": 2.01819602808e-05, "dmean2": 3.03639608319e-05, "dvar": 3.64093599714e-09, "dvar2": 8.55762305463e-09, "max": 0.00125130580273, "mean": 3.93448863178e-05, "median": 1.50057048813e-05, "min": 7.89034742397e-21, "var": 6.29060625812e-09}, "spectral_energyband_low": {"dmean": 0.00280527817085, "dmean2": 0.00381986098364, "dvar": 3.25166474795e-05, "dvar2": 6.36570039205e-05, "max": 0.0918570905924, "mean": 0.00917991437018, "median": 0.0046750754118, "min": 1.09951344617e-22, "var": 0.000148041028297}, "spectral_energyband_middle_high": {"dmean": 0.000122097480926, "dmean2": 0.000169639839442, "dvar": 7.74867814357e-08, "dvar2": 1.51150075567e-07, "max": 0.00749651389197, "mean": 0.000652524526231, "median": 0.000440667703515, "min": 1.67932325802e-21, "var": 5.3953101542e-07}, "spectral_energyband_middle_low": {"dmean": 0.00849859602749, "dmean2": 0.0138994073495, "dvar": 0.000286551279714, "dvar2": 0.000700465461705, "max": 0.283020138741, "mean": 0.0255871526897, "median": 0.0216874014586, "min": 3.7567237527e-22, "var": 0.000556427869014}, "spectral_entropy": {"dmean": 0.185673430562, "dmean2": 0.306450843811, "dvar": 0.0462262369692, "dvar2": 0.118075542152, "max": 9.80173397064, "mean": 5.84228849411, "median": 5.84328222275, "min": 4.32659578323, "var": 0.174733653665}, "spectral_flux": {"dmean": 0.0234621781856, "dmean2": 0.0381704196334, "dvar": 0.00124644767493, "dvar2": 0.0030603192281, "max": 0.401647210121, "mean": 0.0494065694511, "median": 0.037599708885, "min": 1.05330209832e-10, "var": 0.00209449906833}, "spectral_kurtosis": {"dmean": 8.23924446106, "dmean2": 14.0227794647, "dvar": 63.4693908691, "dvar2": 173.322463989, "max": 131.961135864, "mean": 25.8450469971, "median": 21.4670028687, "min": -1.24076485634, "var": 279.948059082}, "spectral_rms": {"dmean": 0.000688100699335, "dmean2": 0.00107734999619, "dvar": 1.11054532681e-06, "dvar2": 2.47580214818e-06, "max": 0.0168917421252, "mean": 0.00498707033694, "median": 0.00505430065095, "min": 3.28996313699e-12, "var": 6.53026836517e-06}, "spectral_rolloff": {"dmean": 44.9971923828, "dmean2": 74.9690170288, "dvar": 142651.09375, "dvar2": 175739.625, "max": 18884.6191406, "mean": 366.911224365, "median": 301.46484375, "min": 172.265625, "var": 163862.484375}, "spectral_skewness": {"dmean": 0.571303844452, "dmean2": 0.966179788113, "dvar": 0.265124857426, "dvar2": 0.71708381176, "max": 9.66054153442, "mean": 3.9678170681, "median": 3.74116897583, "min": 0.0222838297486, "var": 1.46075975895}, "spectral_spread": {"dmean": 484250.6875, "dmean2": 802307.8125, "dvar": 599663247360, "dvar2": 1162583474180.0, "max": 41832188, "mean": 2555468.5, "median": 2375162.5, "min": 801816.1875, "var": 1249906786300.0}, "spectral_strongpeak": {"dmean": 0.242868825793, "dmean2": 0.413412451744, "dvar": 0.105421327055, "dvar2": 0.265768289566, "max": 3.71126270294, "mean": 0.727102398872, "median": 0.60881370306, "min": 0, "var": 0.279095590115}, "zerocrossingrate": {"dmean": 0.00278351036832, "dmean2": 0.00364131201059, "dvar": 7.41655821912e-05, "dvar2": 6.74272523611e-05, "max": 0.50927734375, "mean": 0.0178606268018, "median": 0.01611328125, "min": 0.0048828125, "var": 0.000169114980963}, "barkbands": {"dmean": [2.35777679336e-06, 0.000611294643022, 0.00134383351542, 0.00403113011271, 0.00447147199884, 0.0013455626322, 0.000109889318992, 0.000168589060195, 9.01554012671e-05, 7.34697459848e-05, 4.43005883426e-05, 4.84410957142e-05, 6.7417659011e-06, 1.01817895484e-05, 5.89257479078e-06, 4.104609161e-06, 4.86205544803e-06, 4.15199565396e-06, 2.60651358985e-06, 3.99820009989e-06, 3.17231183544e-06, 2.62963953901e-06, 4.81639654026e-06, 4.96319808008e-06, 1.3697816712e-06, 1.75498621502e-06, 1.22739231756e-06], "dmean2": [4.28018483944e-06, 0.000667456246447, 0.00168669316918, 0.00681923609227, 0.00738587928936, 0.00197215401568, 0.000157840229804, 0.000225514755584, 0.000131737513584, 9.6293646493e-05, 5.87329122936e-05, 7.20807001926e-05, 1.07529249362e-05, 1.54334356921e-05, 8.96493111213e-06, 5.94536822973e-06, 7.12081282472e-06, 6.14672671873e-06, 3.97318308387e-06, 6.04628030487e-06, 4.89900685352e-06, 3.82653388442e-06, 7.07488379703e-06, 7.91259844846e-06, 2.07146331377e-06, 2.91493256555e-06, 2.10308917303e-06], "dvar": [4.26040258628e-10, 2.19020080294e-06, 7.11778284312e-06, 0.000102243116999, 6.98698058841e-05, 9.32479269977e-06, 3.80672240397e-08, 2.73465531109e-07, 9.15555347092e-08, 5.96098033157e-08, 7.15065651136e-09, 2.15024975603e-08, 6.08042338701e-10, 5.86062420815e-10, 2.34892161277e-10, 9.39190253346e-11, 4.06536831976e-10, 1.94063320968e-10, 5.90892265673e-11, 7.58446139226e-10, 2.79770623335e-10, 7.50690967721e-11, 1.66788943767e-10, 5.55160362126e-10, 2.18278901898e-11, 5.6625978212e-11, 7.38600430816e-11], "dvar2": [1.12261855367e-09, 2.23749907491e-06, 1.20141512525e-05, 0.000234171937336, 0.000186424149433, 1.97236149688e-05, 7.64046745871e-08, 4.57831845324e-07, 1.75516987611e-07, 1.18750101308e-07, 1.57944555212e-08, 4.06999625113e-08, 1.60850333053e-09, 1.38336642141e-09, 5.55289147997e-10, 1.81649265074e-10, 8.37859337466e-10, 4.48338699499e-10, 1.40664230264e-10, 1.87345317038e-09, 5.71830582885e-10, 1.69174382836e-10, 3.84612536264e-10, 1.42584255514e-09, 5.08633864194e-11, 1.50753964867e-10, 1.95300373096e-10], "max": [0.000589657574892, 0.028638029471, 0.0441643856466, 0.224968731403, 0.114672064781, 0.0830506235361, 0.00453067757189, 0.0193464253098, 0.00948570203036, 0.00764040928334, 0.00161023810506, 0.00588694633916, 0.000668934721034, 0.000568516959902, 0.000425874633947, 0.000245324830757, 0.000878030143213, 0.000646498112474, 0.000258611195022, 0.00127617525868, 0.000936989905313, 0.000261509092525, 0.000220552872634, 0.000569862546399, 0.000143095050589, 0.000174152897671, 0.000432916887803], "mean": [1.89973707165e-06, 0.00215849769302, 0.0038405789528, 0.00654384214431, 0.0122840125114, 0.00510208681226, 0.000368057168089, 0.000762529554777, 0.000315762968967, 0.000336755590979, 0.000144805104355, 0.000177976879058, 1.64306056831e-05, 2.85698915832e-05, 1.659971349e-05, 1.27418361444e-05, 1.42707613122e-05, 1.11661784103e-05, 6.14634018348e-06, 9.12520226848e-06, 7.43231612432e-06, 5.8590894696e-06, 9.76118371909e-06, 6.39028030491e-06, 2.13804423765e-06, 1.83405347798e-06, 1.0277282172e-06], "median": [4.39510259298e-08, 0.000409691303503, 0.00163035967853, 0.00287691084668, 0.00893091782928, 0.00310529419221, 0.000214646541281, 0.000296031299513, 9.40431491472e-05, 0.000160786701599, 8.63113309606e-05, 6.50899746688e-05, 9.03516593098e-06, 1.58201346494e-05, 7.49433183955e-06, 5.48892194274e-06, 6.53439019516e-06, 5.34501577931e-06, 2.94784967991e-06, 2.95722020383e-06, 2.83357508124e-06, 2.15929503611e-06, 2.65535322796e-06, 1.06699701519e-06, 3.33698409349e-07, 1.36312635846e-07, 8.28644246553e-08], "min": [4.92209170167e-24, 3.91822762448e-23, 6.57222739334e-23, 4.81630427099e-24, 1.21400581495e-22, 6.27612813702e-23, 3.29193138807e-23, 2.82960115299e-23, 9.76017523896e-23, 8.29953048427e-23, 4.85656694273e-23, 5.09315453236e-23, 7.50736772285e-23, 3.13055019994e-22, 1.94960661838e-22, 1.15360570155e-22, 6.02319976705e-23, 1.96118103802e-22, 3.32681803585e-22, 3.64381541662e-22, 4.87161165615e-22, 3.9244224545e-22, 6.78098674702e-22, 8.44086570706e-22, 1.12634736397e-21, 2.2773172856e-21, 2.09326394475e-21], "var": [3.3961491952e-10, 1.65977562574e-05, 3.17077137879e-05, 0.000167793477885, 0.000151573985931, 4.37982307631e-05, 1.90147801504e-07, 1.85345811587e-06, 4.8252866236e-07, 2.86525761339e-07, 3.36318777272e-08, 1.91585129983e-07, 9.00985230867e-10, 1.95396987479e-09, 9.86017156812e-10, 4.9161280602e-10, 1.68449365567e-09, 5.14670916996e-10, 1.1266272637e-10, 1.16037535136e-09, 7.44202477421e-10, 1.65287478149e-10, 3.50589501874e-10, 5.28516008735e-10, 3.79603432021e-11, 5.21233646522e-11, 5.95716115326e-11]}, "erbbands": {"dmean": [0.0028312234208, 0.199482113123, 1.45254945755, 6.58034467697, 19.9419155121, 10.9162244797, 14.3811559677, 8.43216705322, 2.81466174126, 2.54453063011, 3.71215796471, 1.80544543266, 3.25407385826, 1.22211587429, 2.18240737915, 1.55761694908, 0.305173456669, 0.498946905136, 0.322425782681, 0.295851111412, 0.225478753448, 0.225256517529, 0.234672561288, 0.184357300401, 0.112891435623, 0.199718728662, 0.166248649359, 0.0887465924025, 0.0617737062275, 0.154238119721, 0.148919060826, 0.166617631912, 0.042680863291, 0.0182824861258, 0.0088921058923, 0.00610913150012, 0.0032610304188, 0.00114508124534, 0.000195716231246, 2.21371610678e-05], "dmean2": [0.00314109609462, 0.221391052008, 1.7467546463, 10.9401302338, 34.0926780701, 17.5736865997, 19.5070323944, 13.6908016205, 4.85635614395, 3.57147550583, 4.91028499603, 2.71939992905, 4.35965919495, 1.46243906021, 3.18079996109, 2.28889012337, 0.47440558672, 0.727189898491, 0.506692111492, 0.447725236416, 0.322110682726, 0.32577753067, 0.343802750111, 0.278144925833, 0.167510256171, 0.313180565834, 0.253795385361, 0.142376929522, 0.0943720862269, 0.227086544037, 0.217324018478, 0.267781764269, 0.0644665285945, 0.0273335762322, 0.0137168224901, 0.0101237520576, 0.00534165510908, 0.0019193458138, 0.00033350411104, 3.70364468836e-05], "dvar": [4.39593568444e-05, 0.226504415274, 8.96694374084, 257.698059082, 2197.5144043, 348.506500244, 594.402160645, 551.205688477, 45.8864784241, 66.326210022, 140.30708313, 21.501619339, 130.642211914, 6.02437114716, 20.2132339478, 18.3878631592, 0.930150151253, 0.882908821106, 0.533341109753, 0.606401085854, 0.297315776348, 1.06702983379, 0.656901717186, 0.309365510941, 0.175225287676, 3.49109482765, 1.20402312279, 0.109587065876, 0.0364589691162, 0.239409774542, 0.173247992992, 0.773743569851, 0.0248230155557, 0.00351566192694, 0.00134180649184, 0.000820355198812, 0.000181296127266, 3.08336311718e-05, 1.74538899955e-06, 1.46389602662e-08], "dvar2": [4.7062538215e-05, 0.237807303667, 12.4464607239, 590.43939209, 5832.94189453, 935.846130371, 1261.7265625, 1312.54248047, 149.912094116, 121.286567688, 247.735046387, 41.7113609314, 263.723968506, 9.50832176208, 48.6657524109, 36.3528785706, 2.31119179726, 1.88816642761, 1.27044963837, 1.23032951355, 0.554995000362, 2.20776891708, 1.53093791008, 0.755085229874, 0.323119074106, 9.50353240967, 2.5999481678, 0.281485140324, 0.0890755802393, 0.562985897064, 0.385675936937, 1.99912643433, 0.0602940768003, 0.00857120752335, 0.0031577066984, 0.00224067550153, 0.000470267725177, 8.02899739938e-05, 4.50640936833e-06, 3.8860385132e-08], "max": [0.136613592505, 9.01725387573, 50.9105491638, 354.498260498, 823.235290527, 254.273986816, 461.258300781, 562.880065918, 139.587631226, 243.07913208, 526.462097168, 125.116165161, 298.611328125, 88.29712677, 110.755447388, 144.782821655, 24.5585403442, 19.7623672485, 18.8385829926, 28.9406013489, 17.3487281799, 45.948299408, 30.9993267059, 16.6133327484, 20.808008194, 87.4117965698, 53.636428833, 10.2165555954, 6.07193946838, 10.5446929932, 8.75914573669, 22.589225769, 6.41786050797, 1.54564881325, 1.13218533993, 0.78062838316, 0.328205943108, 0.156198501587, 0.065037496388, 0.00637678802013], "mean": [0.0103429397568, 0.688634872437, 4.34074258804, 14.2553033829, 38.2510223389, 32.5408248901, 55.635055542, 28.1051464081, 8.44294452667, 8.0320186615, 18.1129493713, 7.41235160828, 13.4106330872, 6.39412784576, 8.42561817169, 5.61743307114, 1.00138819218, 1.39359438419, 0.995700836182, 0.83406829834, 0.762668073177, 0.709913671017, 0.682713627815, 0.439287662506, 0.335456073284, 0.405717879534, 0.405850201845, 0.17290815711, 0.136621981859, 0.322662681341, 0.304650425911, 0.2055490762, 0.0712622180581, 0.0293737780303, 0.0130497468635, 0.00650433031842, 0.0035923847463, 0.000996652175672, 0.00018281127268, 4.68570178782e-05], "median": [0.00239902059548, 0.143546268344, 1.62329721451, 6.96443414688, 19.851102829, 21.8332996368, 41.0794944763, 11.1867599487, 3.97184467316, 3.16803860664, 7.65285396576, 3.8859629631, 5.62208509445, 3.55737805367, 5.33756780624, 2.30086398125, 0.621965587139, 0.873477637768, 0.568129122257, 0.392110705376, 0.362501651049, 0.336099028587, 0.324349999428, 0.22169610858, 0.139164432883, 0.127063319087, 0.150546357036, 0.0741757899523, 0.0561148263514, 0.0984202474356, 0.074481241405, 0.0365173630416, 0.0137547627091, 0.0054122582078, 0.00154879211914, 0.000605877139606, 0.00025695716613, 6.53963870718e-05, 3.08871822199e-05, 3.37337041856e-05], "min": [3.02159626581e-22, 1.23894748641e-20, 7.82201309652e-20, 3.13076455806e-20, 6.71337264832e-20, 6.37755838688e-19, 6.08252891178e-19, 4.6183747666e-19, 4.03493610473e-19, 5.69577648048e-19, 9.22154388559e-19, 2.5232673093e-18, 2.64994009394e-18, 2.13895464721e-18, 1.39093118678e-18, 2.52415384012e-18, 3.63242882959e-18, 1.48758308477e-17, 8.90997100503e-18, 9.71168438089e-18, 6.91352799683e-18, 4.58701428163e-18, 1.15105921093e-17, 1.28624666193e-17, 1.99066589608e-17, 1.65044287054e-17, 2.15291638062e-17, 1.45262891362e-17, 1.24006566464e-17, 1.94801712544e-17, 1.92981981371e-17, 1.39184702047e-17, 1.54273055446e-17, 1.43846791241e-17, 7.63795416574e-18, 7.42163320067e-18, 4.0090689779e-18, 1.50293237229e-18, 2.71296991245e-19, 3.47294235873e-20], "var": [0.000344723637681, 1.64059114456, 47.8316650391, 543.359191895, 3163.13183594, 1179.01525879, 3075.79663086, 2450.80224609, 135.345657349, 306.897796631, 956.801208496, 129.471786499, 561.865905762, 68.7911148071, 125.428161621, 129.765991211, 2.02098155022, 2.85876536369, 2.17802619934, 2.52118062973, 1.7455893755, 4.45885324478, 1.8836915493, 0.617907702923, 0.894354879856, 3.25945901871, 2.70834374428, 0.151287734509, 0.0622528716922, 0.530644595623, 0.410486847162, 0.668847024441, 0.0444068014622, 0.00543308863416, 0.00226801470853, 0.000703360012267, 0.000190244914847, 2.62850244326e-05, 1.46318200223e-06, 1.26869652561e-08]}, "gfcc": {"mean": [-128.82572937, 153.275802612, -69.7766571045, 5.46089220047, -67.7917175293, -7.25101804733, -36.865650177, -17.8168334961, -27.7238445282, -23.5331172943, -17.1611919403, -6.03914451599, -9.31421852112], "cov": [[20537.4101562, 696.760131836, -1448.21350098, 2820.60424805, 981.054382324, 1105.07324219, 501.23236084, 101.227912903, -130.777038574, -903.629943848, 24.2560501099, -99.1723327637, -113.038856506], [696.760131836, 1040.78503418, -134.71081543, 141.607192993, 370.238739014, -22.0647773743, 168.873031616, -103.298667908, 129.260147095, -115.321846008, 59.0606193542, -89.368057251, 36.4032936096], [-1448.21350098, -134.71081543, 543.452026367, -182.704711914, -30.2483463287, -32.3260040283, -57.106678009, 21.5457038879, 6.28224754333, 112.431343079, -19.2829475403, 27.0357894897, -65.7342987061], [2820.60424805, 141.607192993, -182.704711914, 618.004577637, 208.066162109, 188.642044067, 122.426902771, 2.4809012413, 14.9892063141, -141.799041748, 25.17029953, -34.2856559753, -20.4620800018], [981.054382324, 370.238739014, -30.2483463287, 208.066162109, 370.121490479, 79.7146759033, 110.941558838, -1.16825568676, 24.7473945618, -43.553565979, 17.6389846802, -31.9361133575, 0.220593810081], [1105.07324219, -22.0647773743, -32.3260040283, 188.642044067, 79.7146759033, 178.329727173, 39.8490638733, 36.2420043945, 2.37553238869, -41.6188240051, 4.96098709106, -7.85553884506, -26.3670768738], [501.23236084, 168.873031616, -57.106678009, 122.426902771, 110.941558838, 39.8490638733, 114.863937378, 8.79469108582, 26.4352970123, -26.9331054688, 4.7776055336, -18.4713897705, -1.17449748516], [101.227912903, -103.298667908, 21.5457038879, 2.4809012413, -1.16825568676, 36.2420043945, 8.79469108582, 95.2020797729, -3.80573129654, 16.3111743927, -4.62360095978, 5.71757888794, -13.6781673431], [-130.777038574, 129.260147095, 6.28224754333, 14.9892063141, 24.7473945618, 2.37553238869, 26.4352970123, -3.80573129654, 93.300491333, 1.45435142517, 15.9052467346, -6.6278553009, -3.59457826614], [-903.629943848, -115.321846008, 112.431343079, -141.799041748, -43.553565979, -41.6188240051, -26.9331054688, 16.3111743927, 1.45435142517, 110.72353363, -5.33102798462, 16.9489212036, 3.0406126976], [24.2560501099, 59.0606193542, -19.2829475403, 25.17029953, 17.6389846802, 4.96098709106, 4.7776055336, -4.62360095978, 15.9052467346, -5.33102798462, 58.9505119324, 11.6227264404, 9.55656719208], [-99.1723327637, -89.368057251, 27.0357894897, -34.2856559753, -31.9361133575, -7.85553884506, -18.4713897705, 5.71757888794, -6.6278553009, 16.9489212036, 11.6227264404, 68.5085678101, 7.10494470596], [-113.038856506, 36.4032936096, -65.7342987061, -20.4620800018, 0.220593810081, -26.3670768738, -1.17449748516, -13.6781673431, -3.59457826614, 3.0406126976, 9.55656719208, 7.10494470596, 71.4933700562]], "icov": [[0.000206548837014, -0.000210093334317, 0.000281702523353, -0.000734062516131, 2.65195849352e-05, -0.000438354705693, 0.000344422180206, -0.000298009283142, 0.000463465112261, 0.000301336898701, 0.000468183803605, -0.000510705227498, 0.000268018397037], [-0.000210093334317, 0.00398184265941, -0.000413046451285, 0.00208061002195, -0.00306131388061, 0.00182362971827, -0.00299005955458, 0.00290325679816, -0.00377312093042, 0.00329227326438, -0.00281997956336, 0.0032545553986, -0.00123182777315], [0.000281702523353, -0.000413046451285, 0.00336184562184, -0.000703187601175, -0.000509402540047, -0.00064008415211, 0.00166207272559, -0.000370383961126, 0.000362601189408, -0.00221977615729, 0.0012121781474, -0.0016132198507, 0.00337837031111], [-0.000734062516131, 0.00208061002195, -0.000703187601175, 0.00679468316957, -0.00182439433411, -0.00055742013501, -0.00384390749969, 0.00253380276263, -0.00257400516421, 0.00281500257552, -0.00329749123193, 0.00286343810149, -0.000793143117335], [2.65195849352e-05, -0.00306131388061, -0.000509402540047, -0.00182439433411, 0.00679898774251, -0.00192769279238, -0.00123298028484, -0.0015873190714, 0.00292333448306, -0.0027229168918, 0.000988554675132, -0.00110861111898, -0.000204868425499], [-0.000438354705693, 0.00182362971827, -0.00064008415211, -0.00055742013501, -0.00192769279238, 0.0112022301182, -0.00124224449974, -0.0018771312898, -0.00204359693453, 0.00134307472035, -0.00188328127842, 0.00157787266653, 0.00132318900432], [0.000344422180206, -0.00299005955458, 0.00166207272559, -0.00384390749969, -0.00123298028484, -0.00124224449974, 0.0174967572093, -0.00413780752569, -0.000316440942697, -0.00257437326945, 0.0037663069088, -0.00180401303805, 0.00130594638176], [-0.000298009283142, 0.00290325679816, -0.000370383961126, 0.00253380276263, -0.0015873190714, -0.0018771312898, -0.00413780752569, 0.014987132512, -0.00212472653948, -0.000654018018395, -0.00174262409564, 0.00164457818028, 0.000537637912203], [0.000463465112261, -0.00377312093042, 0.000362601189408, -0.00257400516421, 0.00292333448306, -0.00204359693453, -0.000316440942697, -0.00212472653948, 0.0163612607867, -0.00316583528183, -0.000679044635035, -0.00222383975051, 0.0023453135509], [0.000301336898701, 0.00329227326438, -0.00221977615729, 0.00281500257552, -0.0027229168918, 0.00134307472035, -0.00257437326945, -0.000654018018395, -0.00316583528183, 0.0196314621717, -0.00151296437252, 0.000661080703139, -0.00295645440929], [0.000468183803605, -0.00281997956336, 0.0012121781474, -0.00329749123193, 0.000988554675132, -0.00188328127842, 0.0037663069088, -0.00174262409564, -0.000679044635035, -0.00151296437252, 0.022415375337, -0.0071266638115, -0.000880073814187], [-0.000510705227498, 0.0032545553986, -0.0016132198507, 0.00286343810149, -0.00110861111898, 0.00157787266653, -0.00180401303805, 0.00164457818028, -0.00222383975051, 0.000661080703139, -0.0071266638115, 0.020403617993, -0.0034730155021], [0.000268018397037, -0.00123182777315, 0.00337837031111, -0.000793143117335, -0.000204868425499, 0.00132318900432, 0.00130594638176, 0.000537637912203, 0.0023453135509, -0.00295645440929, -0.000880073814187, -0.0034730155021, 0.0192369166762]]}, "melbands": {"dmean": [8.77129568835e-05, 0.000579451152589, 0.00163862574846, 0.00108427146915, 0.000476404034998, 0.000199575675651, 4.15270951635e-05, 2.76854134427e-05, 2.78633924609e-05, 1.19273017845e-05, 1.62171800184e-05, 4.85712507725e-06, 7.19184708942e-06, 6.24581934972e-06, 1.80847530373e-06, 5.53277118343e-07, 1.0473185057e-06, 5.83397536502e-07, 4.45171139063e-07, 3.50022446582e-07, 2.82641821059e-07, 2.48981905315e-07, 2.16374687056e-07, 2.66028905571e-07, 1.51706430529e-07, 7.81013724804e-08, 1.12215637671e-07, 1.40390469028e-07, 1.33490033249e-07, 6.57631247236e-08, 4.75283847834e-08, 2.82115557582e-08, 6.84561882736e-08, 8.36839149088e-08, 8.20041989869e-08, 9.71817897266e-08, 9.91750326307e-08, 2.71460134371e-08, 2.24949054939e-08, 1.27906512049e-08], "dmean2": [9.57524607657e-05, 0.000688870670274, 0.0027610710822, 0.00181037653238, 0.000664928404149, 0.000314883509418, 7.12730106898e-05, 3.86931278626e-05, 3.72580288968e-05, 1.76929952431e-05, 2.16686021304e-05, 5.82566235607e-06, 9.80857203103e-06, 9.2846357802e-06, 2.75274874184e-06, 8.30678970942e-07, 1.52847053414e-06, 9.28068516259e-07, 6.98955545886e-07, 5.13199154284e-07, 4.06411828635e-07, 3.62786039432e-07, 3.18953027545e-07, 3.98000366886e-07, 2.32424326896e-07, 1.18001999283e-07, 1.7109069006e-07, 2.21507434617e-07, 2.04880791443e-07, 1.03639237636e-07, 7.73788002562e-08, 4.42452439131e-08, 1.02083525633e-07, 1.25412540797e-07, 1.21643125794e-07, 1.45943630514e-07, 1.63235924333e-07, 4.08648368477e-08, 3.35090533099e-08, 1.93439273488e-08], "dvar": [4.4874486349e-08, 1.53893961397e-06, 1.53681739903e-05, 4.76949617223e-06, 6.27746715054e-07, 2.77773182233e-07, 9.50273726374e-09, 8.37085689653e-09, 7.84168019408e-09, 1.25461496747e-09, 3.23811555347e-09, 1.05806946538e-10, 1.73826689154e-10, 4.08321848555e-10, 2.57887825678e-11, 1.06530561282e-12, 4.52043827717e-12, 2.37919167874e-12, 2.18667423578e-12, 7.50507078359e-13, 4.78716675675e-13, 8.45076070753e-13, 1.53662380129e-12, 8.55406836944e-13, 2.34050653207e-13, 4.88119778158e-14, 3.83649411068e-13, 1.83233701649e-12, 1.04769220643e-12, 6.60443989537e-14, 5.44962228013e-14, 1.59883465788e-14, 3.99721386904e-14, 7.44397355172e-14, 5.91950330441e-14, 1.26542128013e-13, 3.12280610442e-13, 1.70509815983e-14, 5.28823336575e-15, 1.78786187616e-15], "dvar2": [4.59677131914e-08, 2.01111106435e-06, 3.7016125134e-05, 1.27505554701e-05, 1.43194256452e-06, 6.3985766019e-07, 3.13876995506e-08, 1.45565346443e-08, 1.40426896778e-08, 2.414538125e-09, 6.52464304807e-09, 1.67710331733e-10, 3.85993265128e-10, 7.38891059449e-10, 6.09676822916e-11, 2.52343610417e-12, 9.76767104699e-12, 5.83558939019e-12, 5.65056031479e-12, 1.39353166593e-12, 9.17334567682e-13, 1.83244391883e-12, 3.5109142156e-12, 1.92193938715e-12, 5.95645061052e-13, 9.5919732118e-14, 9.04741722079e-13, 4.98599859317e-12, 2.47362894057e-12, 1.37426975724e-13, 1.51349690159e-13, 4.19910586608e-14, 9.44055014826e-14, 1.79946051007e-13, 1.30529647421e-13, 3.03498356004e-13, 8.09500903809e-13, 4.08830650269e-14, 1.26380966442e-14, 4.32577566229e-15], "max": [0.00415978953242, 0.0211759675294, 0.0756635889411, 0.0323544107378, 0.0129125779495, 0.013445851393, 0.00202960660681, 0.00292304949835, 0.00387004157528, 0.00103701208718, 0.00148726406042, 0.000397026451537, 0.000232506368775, 0.000849564559758, 0.000122845245642, 2.38765205722e-05, 4.46991325589e-05, 4.41047486675e-05, 4.43241115136e-05, 2.73793630186e-05, 2.15711806959e-05, 3.73118127754e-05, 4.64694894617e-05, 4.87141405756e-05, 1.45309950312e-05, 7.20126354281e-06, 2.22042890528e-05, 6.34679818177e-05, 4.31005173596e-05, 1.33288258439e-05, 9.3813159765e-06, 5.49674814465e-06, 5.05043499288e-06, 5.48929847355e-06, 6.8715926318e-06, 7.94567131379e-06, 1.35511827466e-05, 6.48017294225e-06, 1.5923162664e-06, 1.0589659496e-06], "mean": [0.000313680968247, 0.00180002732668, 0.00323207303882, 0.0025259652175, 0.00182561133988, 0.000693539273925, 0.000114817135909, 9.41230973694e-05, 0.0001351624378, 4.47238671768e-05, 6.63785831421e-05, 2.4260052669e-05, 2.58766704064e-05, 2.39728378801e-05, 4.90219917992e-06, 1.45940532548e-06, 2.85351961793e-06, 1.74075910309e-06, 1.21783625673e-06, 9.9360090644e-07, 8.86241423359e-07, 7.29231601326e-07, 6.31438581422e-07, 6.61195031171e-07, 3.17649238468e-07, 2.23496769536e-07, 2.65196263172e-07, 2.65399478394e-07, 3.17541150707e-07, 1.29053191245e-07, 8.05781610325e-08, 5.97082561171e-08, 1.42647920143e-07, 1.67069714507e-07, 1.70141376543e-07, 1.57942281476e-07, 1.11776913059e-07, 4.86698503721e-08, 3.60232625951e-08, 2.01700292024e-08], "median": [5.9437679738e-05, 0.000611469266005, 0.00188186590094, 0.00160080695059, 0.00141123135109, 0.000319757964462, 5.7226017816e-05, 3.74835835828e-05, 5.91250682191e-05, 1.84367636393e-05, 2.68860276265e-05, 1.18697207654e-05, 1.64909870364e-05, 8.98469625099e-06, 2.31722060562e-06, 8.97269899269e-07, 1.68038275206e-06, 9.61136038313e-07, 4.83094424908e-07, 4.27125712577e-07, 4.03274327709e-07, 3.58059082828e-07, 2.19979142457e-07, 3.06334470679e-07, 1.4062078435e-07, 1.03413476893e-07, 7.7442145141e-08, 7.64327268143e-08, 1.05269165829e-07, 5.33847206441e-08, 2.84266707951e-08, 1.89608577728e-08, 5.15638447496e-08, 4.47587034103e-08, 3.81215627954e-08, 3.21281596882e-08, 1.50503467466e-08, 8.38482527854e-09, 6.69667699071e-09, 3.07137737465e-09], "min": [6.67093282524e-24, 3.28878288643e-23, 5.98129405582e-24, 2.34763191014e-23, 2.39909924663e-23, 1.04883269866e-23, 6.45971216243e-24, 5.66368682246e-24, 7.91073975605e-24, 1.65692691631e-23, 1.33160336113e-23, 9.10835446133e-24, 5.89559694024e-24, 4.59114640813e-24, 9.34927889267e-24, 6.01831174823e-24, 3.29255427264e-23, 1.54464376828e-23, 1.46062724198e-23, 7.43122197734e-24, 9.20636096248e-24, 3.87390263462e-24, 9.830273419e-24, 7.64216101681e-24, 1.07537400271e-23, 1.22006702771e-23, 1.62329888033e-23, 9.72510090539e-24, 1.11129289076e-23, 1.49448073441e-23, 6.75501593141e-24, 6.39771952819e-24, 8.08024782078e-24, 1.22945486692e-23, 1.14609112301e-23, 8.02890007559e-24, 9.76925029481e-24, 1.18675019736e-23, 1.01664038953e-23, 1.28750587875e-23], "var": [3.47651763377e-07, 8.80448169482e-06, 2.48268224823e-05, 8.68241022545e-06, 2.90135949399e-06, 1.2708377426e-06, 2.58020129706e-08, 4.35543263677e-08, 5.24757624021e-08, 6.88716239594e-09, 1.3998650239e-08, 1.2402530114e-09, 9.39157751567e-10, 3.95302768297e-09, 6.12281753076e-11, 3.30884408414e-12, 1.41777214968e-11, 8.88001477906e-12, 8.10287080488e-12, 3.45086220883e-12, 2.69626703776e-12, 3.21475289965e-12, 4.91893201518e-12, 2.34161778509e-12, 3.68368638544e-13, 1.81005221662e-13, 1.09913814161e-12, 1.61559394335e-12, 1.8557664086e-12, 1.52584555776e-13, 4.90812360372e-14, 2.05757228611e-14, 8.18806827896e-14, 1.50168980441e-13, 1.52342534746e-13, 1.7362551826e-13, 2.66461765847e-13, 3.55175111056e-14, 8.14172388769e-15, 2.90408274109e-15]}, "mfcc": {"mean": [-776.965148926, 182.858474731, 40.2088432312, 19.6111774445, -5.14158344269, 0.433026641607, -8.41927051544, 2.95695471764, -13.7437019348, -8.627825737, -17.8618850708, -9.65689182281, -8.98331069946], "cov": [[11251.9003906, 2183.88623047, -429.217498779, 414.231994629, 329.329589844, 783.824462891, 515.054504395, 793.881347656, -47.6140708923, 89.9883804321, -377.875915527, -74.4312744141, -103.047210693], [2183.88623047, 1842.4230957, -86.1509094238, 181.230377197, 152.418960571, 278.624389648, 153.915969849, 178.689193726, 44.0436210632, 7.19886922836, -32.5260543823, -29.3293266296, -63.6321792603], [-429.217498779, -86.1509094238, 412.238616943, -36.4873695374, -19.3694953918, -26.5960788727, -41.83020401, -21.1972942352, -36.3619422913, 3.61210751534, 57.0786247253, 9.55479049683, -4.51927995682], [414.231994629, 181.230377197, -36.4873695374, 215.657852173, 67.3098602295, 84.9853057861, 53.2661476135, 50.6828117371, 23.6574249268, 15.0220375061, 3.10864448547, 27.489156723, 12.5548477173], [329.329589844, 152.418960571, -19.3694953918, 67.3098602295, 166.348434448, 89.3539733887, 73.6776504517, 51.9827690125, 21.8288822174, 19.8166160583, 9.51554203033, 28.4976005554, 10.4184885025], [783.824462891, 278.624389648, -26.5960788727, 84.9853057861, 89.3539733887, 195.577529907, 71.5789108276, 83.5892105103, 17.5640487671, 20.6827373505, 6.58728885651, 9.05668067932, 1.55696702003], [515.054504395, 153.915969849, -41.83020401, 53.2661476135, 73.6776504517, 71.5789108276, 133.250411987, 52.1942863464, 29.6057415009, 14.2295713425, -12.5494060516, 18.2790641785, 4.18297433853], [793.881347656, 178.689193726, -21.1972942352, 50.6828117371, 51.9827690125, 83.5892105103, 52.1942863464, 146.684616089, 2.41439223289, 25.7157974243, -13.3401260376, 16.9741649628, 11.1502685547], [-47.6140708923, 44.0436210632, -36.3619422913, 23.6574249268, 21.8288822174, 17.5640487671, 29.6057415009, 2.41439223289, 90.8946838379, 11.3107652664, 16.4890270233, 8.14338207245, 5.84404563904], [89.9883804321, 7.19886922836, 3.61210751534, 15.0220375061, 19.8166160583, 20.6827373505, 14.2295713425, 25.7157974243, 11.3107652664, 83.0323257446, 7.12073326111, 14.2544193268, -1.38516974449], [-377.875915527, -32.5260543823, 57.0786247253, 3.10864448547, 9.51554203033, 6.58728885651, -12.5494060516, -13.3401260376, 16.4890270233, 7.12073326111, 110.4320755, 20.1831550598, 12.5971221924], [-74.4312744141, -29.3293266296, 9.55479049683, 27.489156723, 28.4976005554, 9.05668067932, 18.2790641785, 16.9741649628, 8.14338207245, 14.2544193268, 20.1831550598, 71.1590805054, 14.8844385147], [-103.047210693, -63.6321792603, -4.51927995682, 12.5548477173, 10.4184885025, 1.55696702003, 4.18297433853, 11.1502685547, 5.84404563904, -1.38516974449, 12.5971221924, 14.8844385147, 70.1627807617]], "icov": [[0.000229606972425, -9.25363274291e-05, 7.15949354344e-05, -4.54516266473e-05, 0.000164333469002, -0.000414183625253, -0.000344803120242, -0.00081620371202, 0.000251130462857, 2.39539240283e-05, 0.000481626630062, 0.000259999476839, 0.000239025990595], [-9.25363274291e-05, 0.000835819693748, -1.56205496751e-05, -0.000275591417449, -0.0001965254487, -0.000516455445904, -0.000110129076347, -0.000196272158064, -0.000293124059681, 0.000324624154018, -0.000183739990462, 0.000446261605248, 0.000717966468073], [7.15949354344e-05, -1.56205496751e-05, 0.00285983155482, 0.000249206961598, 3.158067193e-05, -2.0042536562e-05, 0.000237809203099, -0.000248265947448, 0.00133060547523, -0.000225518670049, -0.00144472252578, -0.000213352905121, 0.000440995354438], [-4.54516266473e-05, -0.000275591417449, 0.000249206961598, 0.00625310465693, -0.000792292645201, -0.00149864458945, -0.000239626460825, -1.41106565934e-05, -0.000654652307276, -8.64096509758e-05, 0.000115520517284, -0.00180257495958, -0.000837651430629], [0.000164333469002, -0.0001965254487, 3.158067193e-05, -0.000792292645201, 0.00988195184618, -0.00282762805, -0.00344263971783, -0.000712089298759, 1.78760874405e-05, -0.000529232027475, -0.000221427020733, -0.0018896831898, -0.000450591411209], [-0.000414183625253, -0.000516455445904, -2.0042536562e-05, -0.00149864458945, -0.00282762805, 0.010561988689, -0.0010041865753, -0.00151415972505, -0.000185043478268, -0.00052589160623, -0.00233438261785, 0.00116201560013, -0.000146185120684], [-0.000344803120242, -0.000110129076347, 0.000237809203099, -0.000239626460825, -0.00344263971783, -0.0010041865753, 0.01276842691, -0.000208555502468, -0.00314528401941, 2.27942618949e-05, 0.00132580497302, -0.00202953792177, -0.000287753035082], [-0.00081620371202, -0.000196272158064, -0.000248265947448, -1.41106565934e-05, -0.000712089298759, -0.00151415972505, -0.000208555502468, 0.0135493045673, 0.000467815378215, -0.00236806483008, -7.61727496865e-05, -0.00254227407277, -0.00292441947386], [0.000251130462857, -0.000293124059681, 0.00133060547523, -0.000654652307276, 1.78760874405e-05, -0.000185043478268, -0.00314528401941, 0.000467815378215, 0.0135896438733, -0.00148872286081, -0.00213877065107, 0.000369541638065, -0.000435242807725], [2.39539240283e-05, 0.000324624154018, -0.000225518670049, -8.64096509758e-05, -0.000529232027475, -0.00052589160623, 2.27942618949e-05, -0.00236806483008, -0.00148872286081, 0.0135612571612, -0.000436552421888, -0.00170227617491, 0.00162698724307], [0.000481626630062, -0.000183739990462, -0.00144472252578, 0.000115520517284, -0.000221427020733, -0.00233438261785, 0.00132580497302, -7.61727496865e-05, -0.00213877065107, -0.000436552421888, 0.0126024996862, -0.00236149318516, -0.00114743551239], [0.000259999476839, 0.000446261605248, -0.000213352905121, -0.00180257495958, -0.0018896831898, 0.00116201560013, -0.00202953792177, -0.00254227407277, 0.000369541638065, -0.00170227617491, -0.00236149318516, 0.0182828828692, -0.0016437395243], [0.000239025990595, 0.000717966468073, 0.000440995354438, -0.000837651430629, -0.000450591411209, -0.000146185120684, -0.000287753035082, -0.00292441947386, -0.000435242807725, 0.00162698724307, -0.00114743551239, -0.0016437395243, 0.0166082046926]]}, "spectral_contrast_coeffs": {"dmean": [0.0413413979113, 0.031663838774, 0.0227434076369, 0.0201119054109, 0.0196996759623, 0.0175827834755], "dmean2": [0.068333350122, 0.0515370517969, 0.0369222275913, 0.032493121922, 0.0313389711082, 0.0270451940596], "dvar": [0.00143116770778, 0.000902477186173, 0.000473360618344, 0.000313134485623, 0.000466670520836, 0.000377235905034], "dvar2": [0.00374154211022, 0.00232842913829, 0.00111154199112, 0.000749253784306, 0.000972229870968, 0.000762211624533], "max": [-0.287157654762, -0.302794933319, -0.458293020725, -0.603296637535, -0.516875267029, -0.624536573887], "mean": [-0.515060186386, -0.627811849117, -0.749514043331, -0.785860955715, -0.780037224293, -0.768945336342], "median": [-0.51473981142, -0.627793192863, -0.756428599358, -0.786152660847, -0.775845110416, -0.759759426117], "min": [-0.968280673027, -0.959845840931, -0.967725038528, -0.956176042557, -0.965937852859, -0.963088035583], "var": [0.00718663400039, 0.007567839697, 0.00338057079352, 0.00214537419379, 0.00403806753457, 0.00365891098045]}, "spectral_contrast_valleys": {"dmean": [0.361590057611, 0.260037243366, 0.21791690588, 0.23985889554, 0.264278441668, 0.365518480539], "dmean2": [0.574363589287, 0.424770236015, 0.351242989302, 0.395086973906, 0.426047235727, 0.5721