{"lowlevel": {"average_loudness": 0.668924689293, "barkbands_crest": {"dmean": 2.1322517395, "dmean2": 3.51708865166, "dvar": 5.37463855743, "dvar2": 14.5378789902, "max": 25.8262462616, "mean": 11.5708303452, "median": 10.5390386581, "min": 3.77889609337, "var": 19.7817783356}, "barkbands_flatness_db": {"dmean": 0.0206704568118, "dmean2": 0.0326313488185, "dvar": 0.000555664591957, "dvar2": 0.00122056948021, "max": 0.591755449772, "mean": 0.29908144474, "median": 0.258788973093, "min": 0.0518146492541, "var": 0.0131631735712}, "barkbands_kurtosis": {"dmean": 4.52476119995, "dmean2": 7.41773319244, "dvar": 74.9930801392, "dvar2": 190.416519165, "max": 162.181442261, "mean": 10.4837379456, "median": 6.92207050323, "min": -1.60274899006, "var": 153.353317261}, "barkbands_skewness": {"dmean": 0.516491174698, "dmean2": 0.838194549084, "dvar": 0.438845068216, "dvar2": 1.11209249496, "max": 9.92678833008, "mean": 1.70738792419, "median": 1.72913122177, "min": -2.79824995995, "var": 1.56100618839}, "barkbands_spread": {"dmean": 1.16632533073, "dmean2": 1.92301845551, "dvar": 2.73158168793, "dvar2": 7.48769760132, "max": 77.0317306519, "mean": 5.20323896408, "median": 4.30539417267, "min": 0.228458240628, "var": 17.9906997681}, "dissonance": {"dmean": 0.0279747042805, "dmean2": 0.0463897697628, "dvar": 0.000750033883378, "dvar2": 0.00199813838117, "max": 0.499999850988, "mean": 0.395106345415, "median": 0.425369739532, "min": 0.0410082042217, "var": 0.00701086502522}, "dynamic_complexity": 3.88421750069, "erbbands_crest": {"dmean": 1.81352090836, "dmean2": 2.88954615593, "dvar": 3.19294786453, "dvar2": 8.78629875183, "max": 29.8955726624, "mean": 11.7753229141, "median": 10.6870040894, "min": 2.8592684269, "var": 24.9254226685}, "erbbands_flatness_db": {"dmean": 0.0153086045757, "dmean2": 0.0228579752147, "dvar": 0.000361820711987, "dvar2": 0.00070702919038, "max": 0.501285970211, "mean": 0.263128936291, "median": 0.238468915224, "min": 0.0554013736546, "var": 0.00743768364191}, "erbbands_kurtosis": {"dmean": 1.46859228611, "dmean2": 2.34843277931, "dvar": 6.00660467148, "dvar2": 16.0148067474, "max": 104.407722473, "mean": 4.64392900467, "median": 2.0523853302, "min": -1.67377388477, "var": 72.0265197754}, "erbbands_skewness": {"dmean": 0.280428558588, "dmean2": 0.44658473134, "dvar": 0.0920715406537, "dvar2": 0.250313162804, "max": 8.07964038849, "mean": 1.4192199707, "median": 1.24086833, "min": -0.99110853672, "var": 1.11608099937}, "erbbands_spread": {"dmean": 3.03993940353, "dmean2": 4.80876922607, "dvar": 15.5848817825, "dvar2": 38.4748802185, "max": 161.553344727, "mean": 18.5389137268, "median": 18.4340496063, "min": 1.45082628727, "var": 141.135681152}, "hfc": {"dmean": 2.18235111237, "dmean2": 3.58404994011, "dvar": 11.9323596954, "dvar2": 31.3810462952, "max": 51.666595459, "mean": 10.0654001236, "median": 7.86244249344, "min": 1.09819906107e-16, "var": 72.8272018433}, "melbands_crest": {"dmean": 2.57141327858, "dmean2": 4.29502487183, "dvar": 7.21533489227, "dvar2": 20.6616172791, "max": 33.5286521912, "mean": 16.2955036163, "median": 15.1096487045, "min": 1.59589064121, "var": 35.8403434753}, "melbands_flatness_db": {"dmean": 0.0240740720183, "dmean2": 0.038004193455, "dvar": 0.000810891157016, "dvar2": 0.00172844761983, "max": 0.771865189075, "mean": 0.416346609592, "median": 0.366932451725, "min": 0.0019814290572, "var": 0.0206501483917}, "melbands_kurtosis": {"dmean": 5.92743730545, "dmean2": 9.674036026, "dvar": 106.432312012, "dvar2": 272.121459961, "max": 319.28213501, "mean": 16.4157714844, "median": 11.5680294037, "min": -1.36556196213, "var": 305.155792236}, "melbands_skewness": {"dmean": 0.516380906105, "dmean2": 0.83663213253, "dvar": 0.372510075569, "dvar2": 0.987600445747, "max": 13.5711259842, "mean": 2.46360611916, "median": 2.33439731598, "min": -0.554708778858, "var": 1.38508701324}, "melbands_spread": {"dmean": 1.24792218208, "dmean2": 2.06669259071, "dvar": 6.10197257996, "dvar2": 13.3988866806, "max": 164.747955322, "mean": 5.55018377304, "median": 4.250623703, "min": 0.309531629086, "var": 50.7681465149}, "pitch_salience": {"dmean": 0.0620601437986, "dmean2": 0.103579938412, "dvar": 0.00395112717524, "dvar2": 0.0106417862698, "max": 0.965879976749, "mean": 0.54662668705, "median": 0.564336538315, "min": 0.118729531765, "var": 0.0160476844758}, "silence_rate_20dB": {"dmean": 0.000868998467922, "dmean2": 0.0017381857615, "dvar": 0.000868297182024, "dvar2": 0.00216986658052, "max": 1, "mean": 0.999348342419, "median": 1, "min": 0, "var": 0.00065127533162}, "silence_rate_30dB": {"dmean": 0.0349771901965, "dmean2": 0.0699619799852, "dvar": 0.0337528474629, "dvar2": 0.0702783316374, "max": 1, "mean": 0.95394808054, "median": 1, "min": 0, "var": 0.0439266972244}, "silence_rate_60dB": {"dmean": 0.00695198774338, "dmean2": 0.013905486092, "dvar": 0.00690479297191, "dvar2": 0.0150137301534, "max": 1, "mean": 0.0487672425807, "median": 0, "min": 0, "var": 0.0463909618556}, "spectral_centroid": {"dmean": 52.0080757141, "dmean2": 86.6006851196, "dvar": 19016.7304688, "dvar2": 42608.1601562, "max": 11534.7099609, "mean": 405.504058838, "median": 340.694152832, "min": 147.919937134, "var": 213866.671875}, "spectral_complexity": {"dmean": 1.48968064785, "dmean2": 2.47973918915, "dvar": 2.98939681053, "dvar2": 7.45721435547, "max": 33, "mean": 11.1934394836, "median": 11, "min": 0, "var": 44.0763969421}, "spectral_decrease": {"dmean": 3.8772851596e-09, "dmean2": 6.59007337589e-09, "dvar": 1.12984176352e-16, "dvar2": 2.97209832208e-16, "max": 2.61201882594e-17, "mean": -1.03032213872e-08, "median": -8.00142085922e-09, "min": -1.46322577166e-07, "var": 1.35696054579e-16}, "spectral_energy": {"dmean": 0.0148076238111, "dmean2": 0.0251598022878, "dvar": 0.00162968051154, "dvar2": 0.00428719306365, "max": 0.556700289249, "mean": 0.0397995971143, "median": 0.0310484003276, "min": 1.01400993599e-20, "var": 0.00198356877081}, "spectral_energyband_high": {"dmean": 1.57038684847e-05, "dmean2": 2.39567452809e-05, "dvar": 2.83397127987e-09, "dvar2": 7.22672854891e-09, "max": 0.000963669561315, "mean": 3.4289980249e-05, "median": 1.27204148157e-05, "min": 6.9385153783e-21, "var": 3.89207999163e-09}, "spectral_energyband_low": {"dmean": 0.0124965161085, "dmean2": 0.0214664228261, "dvar": 0.00163366796914, "dvar2": 0.00429757544771, "max": 0.525936663151, "mean": 0.0206677876413, "median": 0.0122548062354, "min": 1.91127902244e-23, "var": 0.00145867979154}, "spectral_energyband_middle_high": {"dmean": 0.00037215280463, "dmean2": 0.000526539515704, "dvar": 4.46902504336e-07, "dvar2": 8.85014117102e-07, "max": 0.020814312622, "mean": 0.001729529351, "median": 0.00084737240104, "min": 1.26269181091e-21, "var": 5.53681911697e-06}, "spectral_energyband_middle_low": {"dmean": 0.0055675227195, "dmean2": 0.00925405230373, "dvar": 5.09107157995e-05, "dvar2": 0.000153318091179, "max": 0.126839697361, "mean": 0.0209560580552, "median": 0.0167003199458, "min": 2.09942468336e-22, "var": 0.000273946818197}, "spectral_entropy": {"dmean": 0.155143141747, "dmean2": 0.242756947875, "dvar": 0.0378980562091, "dvar2": 0.0834437087178, "max": 9.81618404388, "mean": 6.00622415543, "median": 6.44352817535, "min": 3.42574834824, "var": 1.09205901623}, "spectral_flux": {"dmean": 0.0254138410091, "dmean2": 0.0416896604002, "dvar": 0.00257117161527, "dvar2": 0.00566170364618, "max": 0.598791658878, "mean": 0.0730287507176, "median": 0.0591960512102, "min": 6.54453158333e-11, "var": 0.00514283776283}, "spectral_kurtosis": {"dmean": 16.4139213562, "dmean2": 27.9919109344, "dvar": 950.243530273, "dvar2": 2632.58422852, "max": 605.36126709, "mean": 56.0477333069, "median": 15.6594276428, "min": -1.24092161655, "var": 6328.31298828}, "spectral_rms": {"dmean": 0.000886702444404, "dmean2": 0.00147486128844, "dvar": 2.44696161644e-06, "dvar2": 6.23925461696e-06, "max": 0.0233049839735, "mean": 0.00561429327354, "median": 0.00550373736769, "min": 3.14527895916e-12, "var": 7.3085366239e-06}, "spectral_rolloff": {"dmean": 65.2289810181, "dmean2": 116.215370178, "dvar": 84793.15625, "dvar2": 171750.671875, "max": 19379.8828125, "mean": 405.244354248, "median": 322.998046875, "min": 86.1328125, "var": 706297.125}, "spectral_skewness": {"dmean": 0.73643553257, "dmean2": 1.23826825619, "dvar": 1.031488657, "dvar2": 2.45074033737, "max": 20.5721511841, "mean": 4.90022325516, "median": 3.02124738693, "min": -0.0261411387473, "var": 14.7045660019}, "spectral_spread": {"dmean": 360081.28125, "dmean2": 571514.4375, "dvar": 359114964992, "dvar2": 715541970944, "max": 41418924, "mean": 2289224.75, "median": 2118389.25, "min": 173461.671875, "var": 3806628151300.0}, "spectral_strongpeak": {"dmean": 0.274491548538, "dmean2": 0.47955685854, "dvar": 0.14981521666, "dvar2": 0.392981797457, "max": 3.95774817467, "mean": 0.626129567623, "median": 0.47364962101, "min": 0, "var": 0.310786634684}, "zerocrossingrate": {"dmean": 0.00243435194716, "dmean2": 0.00333484681323, "dvar": 3.5510478483e-05, "dvar2": 6.59971192363e-05, "max": 0.53369140625, "mean": 0.0178211778402, "median": 0.0146484375, "min": 0.0029296875, "var": 0.000537657528184}, "barkbands": {"dmean": [0.000811897916719, 0.00855589844286, 0.00404362240806, 0.00292702903971, 0.00263325264677, 0.00173917459324, 0.00060332857538, 0.000354495976353, 0.000192038423847, 0.000222336748266, 0.000109115579107, 9.63975544437e-05, 9.03635591385e-05, 6.72918176861e-05, 8.56140832184e-05, 4.93478328281e-05, 3.65277883247e-05, 2.05078249564e-05, 2.35435873037e-05, 1.1730053302e-05, 5.07932873006e-06, 4.86987300974e-06, 1.81788220743e-06, 1.72878640115e-06, 1.54187534918e-06, 6.39377560674e-07, 2.3999694676e-08], "dmean2": [0.00132617412601, 0.0148992715403, 0.00702232867479, 0.00504273688421, 0.00416958704591, 0.00295510212891, 0.000928268476855, 0.000527989293914, 0.00027863579453, 0.000264172151219, 0.000161248477525, 0.000146202932228, 0.000142900767969, 0.000105643950519, 0.000138257964863, 8.07682663435e-05, 5.87224240007e-05, 3.40624537785e-05, 3.81227582693e-05, 1.94380827452e-05, 8.24368635222e-06, 8.2729402493e-06, 2.79710639006e-06, 2.59389685198e-06, 2.24068162424e-06, 8.85135932549e-07, 3.58136382772e-08], "dvar": [5.77104219701e-06, 0.00142310664523, 4.95356252941e-05, 1.96105647774e-05, 1.85324715858e-05, 1.06184870674e-05, 1.11652809665e-06, 1.1708572174e-06, 1.3865702897e-07, 1.85359283478e-07, 6.14007475974e-08, 3.96704109562e-08, 3.11322381208e-08, 1.82553296924e-08, 3.04525649142e-08, 1.48245336007e-08, 5.38423927665e-09, 1.42355582877e-09, 3.70186858945e-09, 7.04390046291e-10, 2.10436210124e-10, 8.34295410534e-10, 3.83674723936e-11, 1.96364972893e-11, 1.59260400007e-11, 3.83740782206e-12, 1.15908505192e-14], "dvar2": [1.39603271236e-05, 0.00381458131596, 0.000153841814608, 6.47042324999e-05, 5.32058220415e-05, 3.51407106791e-05, 2.61600825979e-06, 2.09813538277e-06, 2.97044721265e-07, 2.7250354151e-07, 1.40084665645e-07, 8.36323579279e-08, 8.3685797847e-08, 4.37857039515e-08, 7.38124725785e-08, 3.64586121293e-08, 1.35052191652e-08, 3.94878618692e-09, 9.23553500343e-09, 1.96289340337e-09, 5.65414604026e-10, 2.34184804881e-09, 8.97482158035e-11, 4.478936666e-11, 3.32630797906e-11, 7.33640839051e-12, 2.32321774259e-14], "max": [0.0502473376691, 0.488253712654, 0.094617664814, 0.0652428269386, 0.0810292959213, 0.0549840256572, 0.0320395901799, 0.0271520782262, 0.0104449037462, 0.0152656463906, 0.00613701017573, 0.00639530923218, 0.00302763166837, 0.00451266160235, 0.00436048721895, 0.00419587641954, 0.00173565663863, 0.000614482210949, 0.00128116982523, 0.000641214894131, 0.000277236977126, 0.000578919949476, 9.27390137804e-05, 5.4791878938e-05, 4.92238286824e-05, 3.70824745914e-05, 3.4706522456e-06], "mean": [0.000917964905966, 0.00919947121292, 0.00709531782195, 0.00605992274359, 0.00664557889104, 0.00454627582803, 0.00192586914636, 0.00102320464794, 0.000474503118312, 0.000702391611412, 0.000217251537833, 0.00019299518317, 0.000184490272659, 0.00012936112762, 0.000170507279108, 9.58358650678e-05, 7.1699883847e-05, 4.73539839732e-05, 4.90602833452e-05, 2.32775164477e-05, 1.04742812255e-05, 6.65207198836e-06, 3.28514602188e-06, 2.97332758237e-06, 2.97621977552e-06, 1.0210507071e-06, 3.19677440075e-08], "median": [0.00024365921854, 0.00204960466363, 0.00511898845434, 0.00403852760792, 0.00442767888308, 0.00173835479654, 0.000747438985854, 0.000261813693214, 0.000156317604706, 0.000156280089868, 6.51288137306e-05, 7.72001876612e-05, 8.22860311018e-05, 4.95242602483e-05, 5.15172214364e-05, 3.16034711432e-05, 2.27196396736e-05, 1.45540088852e-05, 1.41522323247e-05, 7.35038065613e-06, 3.80680535272e-06, 1.39115456932e-06, 5.54095549887e-07, 2.74492037988e-07, 1.46506948795e-07, 3.06452427878e-08, 5.64486413168e-09], "min": [1.76541272461e-24, 2.93566736712e-24, 2.49394706982e-24, 1.36219978493e-24, 2.09488324269e-23, 7.20667666497e-24, 1.37744154398e-23, 5.74553074695e-24, 4.32194517875e-23, 1.6918463176e-23, 2.08933155518e-23, 3.79179562502e-23, 3.0246170351e-23, 5.385667627e-23, 5.0584380261e-23, 8.76650269246e-23, 1.16960594641e-22, 1.20257339027e-22, 1.54202187862e-22, 1.85636149234e-22, 2.36170263278e-22, 3.30566646617e-22, 4.69604681205e-22, 6.8925294071e-22, 9.39720291842e-22, 1.41445855165e-21, 2.26634482363e-21], "var": [6.55317717246e-06, 0.0010387650691, 6.15510289208e-05, 3.54270305252e-05, 5.19348322996e-05, 4.22287812398e-05, 9.14388510864e-06, 6.5526301114e-06, 5.69435030684e-07, 1.71261092419e-06, 1.60488724532e-07, 1.14106427418e-07, 7.76475559405e-08, 5.124038438e-08, 1.03988718081e-07, 3.78153579561e-08, 1.48377203857e-08, 5.52349455063e-09, 9.32741794912e-09, 1.52471690829e-09, 3.38878286543e-10, 5.85802018005e-10, 5.84586545838e-11, 3.50743531441e-11, 3.49593860804e-11, 6.5923642413e-12, 1.46401377891e-14]}, "erbbands": {"dmean": [0.274968773127, 1.85312867165, 4.11674261093, 7.74551343918, 9.68065929413, 8.58426094055, 7.253510952, 15.5845966339, 13.3078269958, 8.22902774811, 7.16184329987, 4.37490415573, 6.60171222687, 5.10505008698, 4.14759063721, 4.26483297348, 3.80445027351, 4.34162139893, 3.18551683426, 4.30476284027, 2.36934018135, 1.7157433033, 1.11977446079, 1.08130919933, 1.0518860817, 0.516699075699, 0.236732676625, 0.205968528986, 0.174068301916, 0.0819569826126, 0.0497081689537, 0.0311629995704, 0.0329124331474, 0.0196522809565, 0.010525665246, 0.00434017647058, 0.000931405695155, 0.000109397478809, 9.17605666473e-06, 1.61123443831e-05], "dmean2": [0.485306948423, 3.24085736275, 7.16141366959, 13.4345912933, 15.6092920303, 13.7713470459, 10.4401302338, 26.8997135162, 23.0188007355, 11.9240636826, 10.4203090668, 6.40905332565, 8.34255218506, 5.95929765701, 6.15380382538, 6.53445911407, 5.95359420776, 6.82906961441, 5.21349048615, 7.02346992493, 3.92103481293, 2.7656018734, 1.87562322617, 1.77625203133, 1.69288599491, 0.843768775463, 0.386426359415, 0.346007913351, 0.294891446829, 0.129707381129, 0.0766844525933, 0.0475285053253, 0.0507216863334, 0.0288821775466, 0.0156849771738, 0.00611685356125, 0.00133117637597, 0.000155184039613, 1.47438431668e-05, 2.7347008654e-05], "dvar": [1.81272578239, 58.8998680115, 68.3936157227, 139.842468262, 200.294082642, 283.047698975, 167.430404663, 932.913757324, 651.62890625, 301.931610107, 698.982971191, 80.4801330566, 146.487243652, 114.027755737, 89.5589904785, 92.1181182861, 59.2310028076, 81.5744400024, 52.277141571, 90.0576705933, 26.5210285187, 11.4111289978, 4.29704284668, 5.78269338608, 7.91471910477, 1.33597803116, 0.274699985981, 1.29434895515, 0.932659804821, 0.0968776419759, 0.0282624270767, 0.00799482408911, 0.00768039189279, 0.00268407398835, 0.000728571845684, 0.000150776249939, 8.27408712212e-06, 1.44031957916e-07, 5.64016666704e-10, 1.90202631423e-09], "dvar2": [4.90663290024, 160.063095093, 203.407302856, 460.184356689, 570.780090332, 830.351196289, 359.651367188, 3129.95629883, 2071.53613281, 594.574645996, 1142.94543457, 180.006408691, 252.496383667, 132.943725586, 211.970947266, 195.177566528, 160.427734375, 200.485809326, 139.498443604, 207.550109863, 72.3270721436, 29.6509132385, 12.0455760956, 15.3628816605, 18.6162834167, 3.58535194397, 0.715555608273, 3.71944928169, 2.61277794838, 0.245582550764, 0.0666007325053, 0.018142292276, 0.0179594308138, 0.00587270222604, 0.00151663273573, 0.000291876727715, 1.61013540492e-05, 2.93418338515e-07, 1.33483835096e-09, 5.0001447427e-09], "max": [18.236574173, 98.3952255249, 137.508209229, 184.454681396, 202.609115601, 338.54019165, 271.940368652, 553.127685547, 436.937866211, 819.590759277, 730.613891602, 155.973098755, 293.320037842, 433.954681396, 193.863479614, 323.906494141, 150.567474365, 250.710723877, 157.318695068, 259.46887207, 113.433746338, 60.2717704773, 34.3424720764, 37.8490829468, 71.8930130005, 22.8257369995, 7.98625135422, 23.2725467682, 18.8673229218, 5.11031675339, 2.51183485985, 1.35860157013, 1.14661502838, 0.594053089619, 0.365187376738, 0.190944895148, 0.0545787699521, 0.00771965179592, 0.000478045112686, 0.000603130378295], "mean": [0.261217772961, 2.13120865822, 6.91990804672, 17.1445655823, 20.6694545746, 21.7676792145, 24.6376113892, 37.8823318481, 31.8467102051, 29.0463638306, 21.3539295197, 11.6248197556, 19.5893344879, 16.8529109955, 9.37514591217, 9.00715446472, 8.67080020905, 8.79041004181, 6.67538309097, 8.27076911926, 5.10439729691, 3.70162701607, 2.63578462601, 2.60602021217, 2.29949378967, 1.10650801659, 0.534333646297, 0.340548872948, 0.244804948568, 0.138279438019, 0.0914646238089, 0.0591223314404, 0.0525491014123, 0.0344319157302, 0.0208490863442, 0.00717347953469, 0.00140515679959, 0.000157799979206, 2.32379170484e-05, 4.40481890109e-05], "median": [0.0276876743883, 0.652285397053, 4.99897956848, 12.4366865158, 14.8960723877, 11.6670694351, 11.0464878082, 12.9378433228, 11.3534498215, 8.63161659241, 5.83234643936, 4.47427988052, 7.20793437958, 3.67624759674, 3.49236154556, 3.99514555931, 4.42587280273, 3.2746284008, 2.50739741325, 2.45979142189, 1.92090559006, 1.29616630077, 0.886220693588, 0.820462703705, 0.601440250874, 0.361226528883, 0.209978818893, 0.100823141634, 0.0536743700504, 0.0304145272821, 0.0142435366288, 0.00666195712984, 0.00402160175145, 0.00203781947494, 0.000813375751022, 0.00024416812812, 6.06755747867e-05, 9.44859584706e-06, 1.62843589351e-05, 3.43922438333e-05], "min": [1.74559103242e-22, 4.23378492388e-22, 3.13421278646e-21, 3.66699666861e-21, 1.35470753573e-20, 4.90824160071e-20, 6.86551313495e-20, 6.8789528812e-20, 2.52458495632e-19, 2.20129511408e-19, 3.01723770253e-19, 8.84415100292e-19, 7.99654264815e-19, 5.47153867316e-19, 1.29021491616e-18, 1.97930775501e-18, 2.38057244978e-18, 2.92024286579e-18, 4.18689006213e-18, 4.42006979527e-18, 5.24770163485e-18, 6.20442989826e-18, 7.23768808477e-18, 7.38973959779e-18, 8.91461976007e-18, 8.99193550475e-18, 8.39291281183e-18, 1.05800445259e-17, 1.29054692578e-17, 1.42004841997e-17, 1.34299265816e-17, 1.25223729648e-17, 1.26567368748e-17, 9.9098834731e-18, 6.36073725553e-18, 4.95951149584e-18, 2.51162288102e-18, 1.00961281511e-18, 2.75825727551e-19, 3.2596412362e-20], "var": [1.25317323208, 43.0040664673, 69.9893035889, 256.99810791, 419.216125488, 775.88659668, 1209.79455566, 3441.40332031, 1916.49829102, 4156.82421875, 4208.25830078, 324.90222168, 947.897033691, 1293.36804199, 254.982513428, 261.921295166, 155.169265747, 235.136611938, 140.065261841, 306.721679688, 73.760017395, 35.6555862427, 14.4908981323, 17.3043785095, 24.0269355774, 3.47541117668, 0.70115685463, 0.93749588728, 0.6833294034, 0.109684832394, 0.0431312136352, 0.0151525838301, 0.0117287086323, 0.00502035813406, 0.00171143282205, 0.000279781001154, 1.32411296363e-05, 2.09625810044e-07, 8.14097178559e-10, 2.3611801403e-09]}, "gfcc": {"mean": [-124.255241394, 189.381790161, -76.4288482666, 15.2562942505, -37.2476272583, -6.00727272034, -32.1312866211, -7.71665430069, -20.1535129547, -9.0683889389, -9.58040809631, -11.1919879913, -6.64297819138], "cov": [[21358.4296875, -2188.60058594, -6168.63671875, 1640.63464355, -1128.01940918, 878.448303223, -217.510574341, 898.490600586, -215.012466431, 671.786437988, 216.859527588, 122.288536072, 281.158355713], [-2188.60058594, 1500.52099609, 481.399139404, -481.483154297, 442.515380859, -352.351959229, 233.007385254, -304.696044922, 138.924880981, -251.711166382, 66.2144927979, -89.2851409912, 63.6998138428], [-6168.63671875, 481.399139404, 2837.05004883, -569.2578125, 168.608108521, 48.3489265442, -123.577949524, -211.516616821, -12.79920578, -91.8081741333, -131.041107178, 33.4769096375, -172.023330688], [1640.63464355, -481.483154297, -569.2578125, 387.998809814, -118.701759338, 83.4382476807, 16.5815429688, 104.396308899, -2.21335673332, 83.3891601562, 25.8374710083, -2.11171889305, -4.99334621429], [-1128.01940918, 442.515380859, 168.608108521, -118.701759338, 314.737915039, -96.1122741699, 111.502853394, -86.2682266235, 44.5868873596, -86.6542663574, 30.831785202, -22.9521942139, 16.2848682404], [878.448303223, -352.351959229, 48.3489265442, 83.4382476807, -96.1122741699, 325.022064209, -50.0288314819, 83.8846511841, -40.4979629517, 108.656593323, 13.4072227478, 43.1238441467, -17.1657924652], [-217.510574341, 233.007385254, -123.577949524, 16.5815429688, 111.502853394, -50.0288314819, 168.80241394, -34.8116035461, 51.834148407, -38.6453323364, 43.200252533, -30.7018356323, 18.3270378113], [898.490600586, -304.696044922, -211.516616821, 104.396308899, -86.2682266235, 83.8846511841, -34.8116035461, 156.346237183, -12.5514678955, 59.1938896179, -12.7842359543, 26.6239643097, -3.7772898674], [-215.012466431, 138.924880981, -12.79920578, -2.21335673332, 44.5868873596, -40.4979629517, 51.834148407, -12.5514678955, 89.2540664673, 3.11805319786, 30.9375095367, -11.1393604279, 11.3705053329], [671.786437988, -251.711166382, -91.8081741333, 83.3891601562, -86.6542663574, 108.656593323, -38.6453323364, 59.1938896179, 3.11805319786, 126.404258728, 28.2351722717, 29.8162841797, -4.09316205978], [216.859527588, 66.2144927979, -131.041107178, 25.8374710083, 30.831785202, 13.4072227478, 43.200252533, -12.7842359543, 30.9375095367, 28.2351722717, 79.3184738159, 12.7157936096, 24.4371585846], [122.288536072, -89.2851409912, 33.4769096375, -2.11171889305, -22.9521942139, 43.1238441467, -30.7018356323, 26.6239643097, -11.1393604279, 29.8162841797, 12.7157936096, 68.0472869873, 27.1025714874], [281.158355713, 63.6998138428, -172.023330688, -4.99334621429, 16.2848682404, -17.1657924652, 18.3270378113, -3.7772898674, 11.3705053329, -4.09316205978, 24.4371585846, 27.1025714874, 83.6896286011]], "icov": [[0.000672584399581, -0.00214133621193, 0.00142799969763, -0.00197374797426, 0.00130270340014, -0.0018198947655, 0.00165896094404, -0.00149163184687, 0.00170386722311, -0.001887812512, 0.00159267731942, -0.00136029312853, 0.000782022601925], [-0.00214133621193, 0.0110952509567, -0.00454296777025, 0.010030942969, -0.00552405230701, 0.00661134207621, -0.00705436058342, 0.006966044195, -0.00815122295171, 0.00891740433872, -0.00803865958005, 0.00685687130317, -0.0040302076377], [0.00142799969763, -0.00454296777025, 0.00388049823232, -0.00330085726455, 0.00248447991908, -0.00439037801698, 0.0036917696707, -0.00206294073723, 0.0027678203769, -0.00399361317977, 0.00475157378241, -0.00459791487083, 0.00368448416702], [-0.00197374797426, 0.010030942969, -0.00330085726455, 0.0140029722825, -0.00408722739667, 0.00557699659839, -0.0078031658195, 0.00530447158962, -0.00741112371907, 0.006662116386, -0.00720645207912, 0.00611320277676, -0.00160878023598], [0.00130270340014, -0.00552405230701, 0.00248447991908, -0.00408722739667, 0.00871916022152, -0.00358655792661, 0.00109176919796, -0.00329224974848, 0.003652905114, -0.00211144937202, 0.00189591955859, -0.00351412431337, 0.0018559837481], [-0.0018198947655, 0.00661134207621, -0.00439037801698, 0.00557699659839, -0.00358655792661, 0.0104464292526, -0.0055047175847, 0.00268907984719, -0.00216116360389, 0.00207654060796, -0.00630837120116, 0.00379755813628, -0.00243499153294], [0.00165896094404, -0.00705436058342, 0.0036917696707, -0.0078031658195, 0.00109176919796, -0.0055047175847, 0.0165094286203, -0.00465517165139, 0.00165222282521, -0.00232296693139, 0.000592188676819, -0.000557277875487, 0.00142131943721], [-0.00149163184687, 0.006966044195, -0.00206294073723, 0.00530447158962, -0.00329224974848, 0.00268907984719, -0.00465517165139, 0.0163095965981, -0.00733220390975, 0.00341707328334, 0.0009477668209, -0.00116988213267, -1.65677647601e-06], [0.00170386722311, -0.00815122295171, 0.0027678203769, -0.00741112371907, 0.003652905114, -0.00216116360389, 0.00165222282521, -0.00733220390975, 0.0233919732273, -0.0106019480154, 0.000708325882442, -0.000897086749319, 0.000267257884843], [-0.001887812512, 0.00891740433872, -0.00399361317977, 0.006662116386, -0.00211144937202, 0.00207654060796, -0.00232296693139, 0.00341707328334, -0.0106019480154, 0.0255062598735, -0.0138811217621, 0.00291613675654, -0.000960088742431], [0.00159267731942, -0.00803865958005, 0.00475157378241, -0.00720645207912, 0.00189591955859, -0.00630837120116, 0.000592188676819, 0.0009477668209, 0.000708325882442, -0.0138811217621, 0.0311825051904, -0.0120073128492, 0.00236317585222], [-0.00136029312853, 0.00685687130317, -0.00459791487083, 0.00611320277676, -0.00351412431337, 0.00379755813628, -0.000557277875487, -0.00116988213267, -0.000897086749319, 0.00291613675654, -0.0120073128492, 0.0319029353559, -0.0147644104436], [0.000782022601925, -0.0040302076377, 0.00368448416702, -0.00160878023598, 0.0018559837481, -0.00243499153294, 0.00142131943721, -1.65677647601e-06, 0.000267257884843, -0.000960088742431, 0.00236317585222, -0.0147644104436, 0.0227028485388]]}, "melbands": {"dmean": [0.00241466192529, 0.0021822238341, 0.00129324151203, 0.0006641348009, 0.000259830179857, 0.000354024290573, 0.000192066057934, 8.32819932839e-05, 5.502705244e-05, 2.70495038421e-05, 3.36541415891e-05, 2.2239099053e-05, 1.58914226631e-05, 1.1378673662e-05, 9.27469591261e-06, 8.74638590176e-06, 8.22811216494e-06, 4.61697618448e-06, 5.59350655749e-06, 5.25297718923e-06, 2.6993307074e-06, 1.98719340005e-06, 1.53131520619e-06, 1.13280793812e-06, 9.32239743179e-07, 1.0404897921e-06, 6.1151592945e-07, 3.0658122796e-07, 1.84087340926e-07, 1.22307653783e-07, 1.36423238928e-07, 1.18398304494e-07, 6.59049561591e-08, 4.17102228312e-08, 3.01975902062e-08, 2.47454234881e-08, 1.80797243843e-08, 2.48356037957e-08, 1.89792963567e-08, 1.74697856181e-08], "dmean2": [0.00421288935468, 0.00378912314773, 0.00222571752965, 0.00107025320176, 0.00038267832133, 0.000611561525147, 0.000330760056386, 0.000122392957564, 7.94639927335e-05, 3.97560106649e-05, 4.26922670158e-05, 2.60907490883e-05, 2.35039369727e-05, 1.75419081643e-05, 1.40664205901e-05, 1.38079740282e-05, 1.29976915559e-05, 7.5530738286e-06, 9.14636711968e-06, 8.53988967719e-06, 4.45207888333e-06, 3.15734655487e-06, 2.58433124145e-06, 1.90524417576e-06, 1.54130987084e-06, 1.69966926933e-06, 1.00780471257e-06, 5.01059901126e-07, 3.05886942442e-07, 2.02123459303e-07, 2.34975743751e-07, 2.04501830581e-07, 1.06990071913e-07, 6.64105428427e-08, 4.67943301885e-08, 3.77633462278e-08, 2.82376841909e-08, 3.85662524138e-08, 2.90177322171e-08, 2.67454716152e-08], "dvar": [0.000126838625874, 3.38657519023e-05, 3.45316243511e-06, 1.25411850149e-06, 1.94172727674e-07, 4.72161332254e-07, 1.30575884327e-07, 3.26281046625e-08, 3.90858225785e-08, 2.86952128725e-09, 3.83021347972e-09, 2.27196506053e-09, 1.31796307201e-09, 5.4022136764e-10, 3.13424119991e-10, 2.7733773611e-10, 2.91179608203e-10, 1.10722028768e-10, 1.28365332253e-10, 1.66780228517e-10, 3.51106366203e-11, 1.70007723177e-11, 1.06189310817e-11, 4.72553073061e-12, 4.61941986399e-12, 8.95205003876e-12, 2.80743549068e-12, 4.30186078816e-13, 1.48305968743e-13, 8.91936399955e-14, 8.88306735027e-13, 5.39942168667e-13, 7.68317836653e-14, 2.02025116742e-14, 1.04017306107e-14, 5.8669258518e-15, 2.55513862462e-15, 4.20712582814e-15, 2.55313941511e-15, 2.1251050795e-15], "dvar2": [0.00034018207225, 9.41058169701e-05, 1.13424512165e-05, 3.68251767213e-06, 4.49643749789e-07, 1.59522539889e-06, 4.17597249225e-07, 6.77315910025e-08, 6.30533136814e-08, 6.59690879701e-09, 6.70796795887e-09, 2.70092836985e-09, 3.02329961066e-09, 1.1728071847e-09, 7.50780659864e-10, 7.29592719573e-10, 7.01164792893e-10, 2.96939278721e-10, 3.18733844873e-10, 3.86032372734e-10, 9.52786530228e-11, 4.11667887279e-11, 3.05567307568e-11, 1.33319431883e-11, 1.23149745609e-11, 2.16931299313e-11, 7.0930978105e-12, 1.13693429671e-12, 3.9300057349e-13, 2.40987487127e-13, 2.57662988168e-12, 1.53224134769e-12, 2.06404853062e-13, 5.02032734774e-14, 2.47447190776e-14, 1.35379844474e-14, 6.04691654144e-15, 1.0030863164e-14, 5.79383919043e-15, 4.80368986234e-15], "max": [0.151376068592, 0.0898432955146, 0.0290242042392, 0.0205890648067, 0.00775489397347, 0.0111903939396, 0.0060054869391, 0.00745791848749, 0.00550425518304, 0.00128224422224, 0.00145044887904, 0.00188920460641, 0.0009229084244, 0.000718239520211, 0.000358659250196, 0.000275011087069, 0.000553483434487, 0.000237854896113, 0.000262769404799, 0.000417980307247, 0.000123733989312, 8.47766714287e-05, 6.94294794812e-05, 3.08229391521e-05, 3.42710227414e-05, 5.23882299603e-05, 4.7691832151e-05, 9.51334459387e-06, 7.24927440388e-06, 4.12088820667e-06, 1.94717213162e-05, 1.49281331687e-05, 4.90781940243e-06, 2.20548486141e-06, 1.49392622006e-06, 1.49353320467e-06, 7.3262594924e-07, 8.27551104976e-07, 7.21128401437e-07, 5.95073629484e-07], "mean": [0.00253849755973, 0.00342071824707, 0.00302678043954, 0.00156969507225, 0.00086773064686, 0.000866827089339, 0.000477123976452, 0.000284728768747, 0.000156056499691, 6.82526733726e-05, 9.84087382676e-05, 7.05357160768e-05, 3.19788196066e-05, 2.23848637688e-05, 2.12406885112e-05, 1.81607683771e-05, 1.57349440997e-05, 9.27847759158e-06, 1.09501161205e-05, 9.76029514277e-06, 5.19596824233e-06, 3.9960259528e-06, 2.7370870157e-06, 2.41640009335e-06, 1.9954943582e-06, 1.99838132176e-06, 1.20472793697e-06, 5.90670936162e-07, 3.74670435122e-07, 2.27187456403e-07, 1.87476572933e-07, 1.49124545601e-07, 1.02362925247e-07, 6.67716264502e-08, 5.42335847342e-08, 4.22135286726e-08, 3.32329683772e-08, 3.82343898764e-08, 3.1006479162e-08, 2.87078201211e-08], "median": [0.000460926006781, 0.00228210771456, 0.00238764542155, 0.00100003706757, 0.000410002132412, 0.000309327908326, 0.000182604504516, 7.78134053689e-05, 3.79431985493e-05, 2.596359991e-05, 3.47426612279e-05, 1.26717231979e-05, 1.05317449197e-05, 8.76656849869e-06, 1.05273502413e-05, 7.8396697063e-06, 5.18641490999e-06, 3.46362253367e-06, 3.49140896105e-06, 2.63537026512e-06, 1.96736232283e-06, 1.29652494252e-06, 7.51165373458e-07, 7.14619488917e-07, 6.12834696767e-07, 4.57776110352e-07, 3.09859672143e-07, 1.87258763162e-07, 1.29913047431e-07, 7.73708777047e-08, 4.37294147559e-08, 2.97496161039e-08, 2.19682618763e-08, 1.42499105849e-08, 8.74727046352e-09, 4.7486636845e-09, 3.54758733501e-09, 2.90591373187e-09, 2.11307926712e-09, 1.53429002836e-09], "min": [1.45275815723e-24, 1.42018825982e-24, 8.06216387478e-25, 3.85760397946e-24, 2.28769386413e-24, 1.4082732061e-24, 3.37916536247e-24, 2.02612198467e-24, 3.1621919315e-24, 5.43044076874e-24, 3.72936004539e-24, 1.95640265508e-24, 3.37341653862e-24, 4.33900240256e-24, 4.34455913878e-24, 6.55806339578e-24, 4.78808237767e-24, 5.34942988137e-24, 4.00714400252e-24, 5.69190950464e-24, 5.32389918704e-24, 6.30868553098e-24, 5.45671693663e-24, 5.36968191296e-24, 5.6269637696e-24, 6.04228128683e-24, 5.65025331011e-24, 5.13194724069e-24, 4.10442790708e-24, 5.26607765483e-24, 5.59606014364e-24, 7.02040609486e-24, 6.74250065315e-24, 7.33809063659e-24, 7.36148351787e-24, 6.60997123221e-24, 7.61327924135e-24, 8.5053649626e-24, 7.03217511071e-24, 8.11656539913e-24], "var": [9.1693502327e-05, 3.00439878629e-05, 6.53261940897e-06, 3.05175876747e-06, 1.24322548345e-06, 1.67914436133e-06, 4.18420000869e-07, 3.67366538967e-07, 2.39128553403e-07, 1.0716277643e-08, 2.4172472024e-08, 2.50022864634e-08, 3.27366400654e-09, 1.469997013e-09, 1.0508315329e-09, 7.34653560208e-10, 8.35824354173e-10, 2.85022727642e-10, 3.97686300557e-10, 4.68533711828e-10, 8.42855299443e-11, 5.21219213623e-11, 2.13915014174e-11, 1.41460671302e-11, 1.12576059585e-11, 2.08361366355e-11, 7.29845264086e-12, 9.83397066036e-13, 3.79272053217e-13, 1.5826352544e-13, 5.5331336301e-13, 3.58577317144e-13, 7.37439419967e-14, 2.45668370765e-14, 1.50415738079e-14, 9.93817065453e-15, 4.72604150503e-15, 6.30972672453e-15, 4.11910555239e-15, 3.68859173958e-15]}, "mfcc": {"mean": [-763.973449707, 205.802322388, 27.3791122437, 31.4803714752, 11.9540710449, 5.34639549255, 1.36377155781, -2.58795714378, -4.72541856766, -3.47585439682, -3.60328769684, -3.21122813225, -0.704463243484], "cov": [[15386.0546875, -203.620544434, -4670.96875, 11.4430704117, -596.912658691, -350.70135498, -35.9917182922, -27.6445465088, 57.07371521, 437.470031738, 244.318954468, -54.7107315063, 81.6701126099], [-203.620544434, 1159.74206543, -65.400642395, 6.32464551926, 29.2236309052, 42.9757461548, 23.9322032928, -11.0744447708, -20.0974254608, -15.0228939056, 1.80906045437, 14.9176654816, 13.1006183624], [-4670.96875, -65.400642395, 2343.99267578, -171.616622925, 241.665924072, 161.406692505, -26.1829071045, -12.0014286041, -29.5684986115, -171.306838989, -61.4563674927, 56.5018730164, -23.9475975037], [11.4430704117, 6.32464551926, -171.616622925, 201.028167725, -29.8220767975, -44.463180542, -0.420511156321, 9.36768913269, 14.6255512238, 9.66507911682, -1.09319508076, -5.21573829651, -7.6035323143], [-596.912658691, 29.2236309052, 241.665924072, -29.8220767975, 144.49432373, 60.237071991, 22.5466594696, 7.24399614334, -4.24175548553, -16.4176845551, 10.1862955093, 12.1649026871, -1.66915762424], [-350.70135498, 42.9757461548, 161.406692505, -44.463180542, 60.237071991, 141.928527832, 54.7585792542, -0.482981771231, -4.67401647568, -4.49268817902, 20.6272926331, 24.189907074, 16.076253891], [-35.9917182922, 23.9322032928, -26.1829071045, -0.420511156321, 22.5466594696, 54.7585792542, 91.8512191772, 32.4133872986, 5.14852762222, 9.19655227661, 11.973484993, 2.55361676216, 5.89457035065], [-27.6445465088, -11.0744447708, -12.0014286041, 9.36768913269, 7.24399614334, -0.482981771231, 32.4133872986, 64.6673812866, 22.9797401428, 2.98337364197, 1.93640255928, -10.0609884262, -4.30896759033], [57.07371521, -20.0974254608, -29.5684986115, 14.6255512238, -4.24175548553, -4.67401647568, 5.14852762222, 22.9797401428, 54.663394928, 20.638299942, -1.29537022114, 1.74657082558, -0.269317984581], [437.470031738, -15.0228939056, -171.306838989, 9.66507911682, -16.4176845551, -4.49268817902, 9.19655227661, 2.98337364197, 20.638299942, 62.6622428894, 30.9897212982, 3.3503036499, 5.39292812347], [244.318954468, 1.80906045437, -61.4563674927, -1.09319508076, 10.1862955093, 20.6272926331, 11.973484993, 1.93640255928, -1.29537022114, 30.9897212982, 75.1188049316, 33.7926712036, 4.35663414001], [-54.7107315063, 14.9176654816, 56.5018730164, -5.21573829651, 12.1649026871, 24.189907074, 2.55361676216, -10.0609884262, 1.74657082558, 3.3503036499, 33.7926712036, 70.1950836182, 27.9234523773], [81.6701126099, 13.1006183624, -23.9475975037, -7.6035323143, -1.66915762424, 16.076253891, 5.89457035065, -4.30896759033, -0.269317984581, 5.39292812347, 4.35663414001, 27.9234523773, 51.3026542664]], "icov": [[0.000203875795705, 4.3233474571e-05, 0.000384491810109, 0.00036831694888, 0.000208863915759, 7.71588893258e-05, 0.00013629613386, 4.88634686917e-05, -3.32836752932e-05, -0.000195456304937, -0.000338514888426, 1.57460162882e-05, -8.99215665413e-05], [4.3233474571e-05, 0.000903783540707, 0.000165953650139, 2.11713495446e-06, -0.000140186471981, -0.000212210637983, -9.50717949308e-05, 0.000144374047522, 0.000210818310734, 0.000242909736698, 5.36052575626e-05, -0.000187495621503, -6.37760022073e-05], [0.000384491810109, 0.000165953650139, 0.00145290384535, 0.00102658162359, -0.000397894444177, -0.000474110915093, 0.000855559716001, -0.000112725902, -0.000297855993267, 0.00104184844531, -7.2247821663e-05, -0.000881409912836, 0.00057853612816], [0.00036831694888, 2.11713495446e-06, 0.00102658162359, 0.00642233062536, 0.000563551904634, 0.00192800618242, -0.000813471444417, 0.000259958731476, -0.00153085764032, 0.000451663334388, -0.000681703095324, -0.000718063965905, 0.000766856537666], [0.000208863915759, -0.000140186471981, -0.000397894444177, 0.000563551904634, 0.0100614177063, -0.00275854789652, -0.000354204385076, -0.000934326031711, -2.44217226282e-05, 0.000807500327937, -0.00203361129388, 0.000314599688863, 0.000671538233291], [7.71588893258e-05, -0.000212210637983, -0.000474110915093, 0.00192800618242, -0.00275854789652, 0.0138201983646, -0.00880202651024, 0.00501474225894, -0.00199733278714, 0.00173080258537, -0.00341102108359, 0.000185511860764, -0.00299587124027], [0.00013629613386, -9.50717949308e-05, 0.000855559716001, -0.000813471444417, -0.000354204385076, -0.00880202651024, 0.0205145608634, -0.011436548084, 0.00413950812072, -0.00390496361069, 0.00174658605829, -0.000754341774154, 0.000209624689887], [4.88634686917e-05, 0.000144374047522, -0.000112725902, 0.000259958731476, -0.000934326031711, 0.00501474225894, -0.011436548084, 0.0267146173865, -0.0130060436204, 0.00715898023918, -0.00644422415644, 0.00671675940976, -0.00210218061693], [-3.32836752932e-05, 0.000210818310734, -0.000297855993267, -0.00153085764032, -2.44217226282e-05, -0.00199733278714, 0.00413950812072, -0.0130060436204, 0.0297535955906, -0.0150894047692, 0.00999413616955, -0.00757241947576, 0.00370557350107], [-0.000195456304937, 0.000242909736698, 0.00104184844531, 0.000451663334388, 0.000807500327937, 0.00173080258537, -0.00390496361069, 0.00715898023918, -0.0150894047692, 0.0337103493512, -0.0161508508027, 0.00807732157409, -0.0053114425391], [-0.000338514888426, 5.36052575626e-05, -7.2247821663e-05, -0.000681703095324, -0.00203361129388, -0.00341102108359, 0.00174658605829, -0.00644422415644, 0.00999413616955, -0.0161508508027, 0.0293939393014, -0.0169981066138, 0.00915719941258], [1.57460162882e-05, -0.000187495621503, -0.000881409912836, -0.000718063965905, 0.000314599688863, 0.000185511860764, -0.000754341774154, 0.00671675940976, -0.00757241947576, 0.00807732157409, -0.0169981066138, 0.0300559904426, -0.0156966112554], [-8.99215665413e-05, -6.37760022073e-05, 0.00057853612816, 0.000766856537666, 0.000671538233291, -0.00299587124027, 0.000209624689887, -0.00210218061693, 0.00370557350107, -0.0053114425391, 0.00915719941258, -0.0156966112554, 0.0291389487684]]}, "spectral_contrast_coeffs": {"dmean": [0.0442293137312, 0.0362375639379, 0.0269953366369, 0.0236901845783, 0.0178841464221, 0.0167247410864], "dmean2": [0.0734603181481, 0.0600988827646, 0.0431695766747, 0.0389757938683, 0.0283967796713, 0.0267287846655], "dvar": [0.00146287423559, 0.0010826070793, 0.000576533027925, 0.000406410428695, 0.000242536654696, 0.000302029162413], "dvar2": [0.00410564569756, 0.00299678975716, 0.00146413536277, 0.00106416502967, 0.000552671321202, 0.000669044908136], "max": [-0.312597185373, -0.37379771471, -0.515938699245, -0.563090622425, -0.634147167206, -0.637569129467], "mean": [-0.573973178864, -0.671848535538, -0.754251897335, -0.773173809052, -0.795642137527, -0.807020246983], "median": [-0.57295781374, -0.670969903469, -0.75080037117, -0.77338051796, -0.790808320045, -0.803015649319], "min": [-0.97865819931, -0.974417865276, -0.977668523788, -0.968654751778, -0.966675162315, -0.96378070116], "var": [0.00572434253991, 0.00605922657996, 0.00497277453542, 0.00255081849173, 0.00263227825053, 0.00362845417112]}, "spectral_contrast_valleys": {"dmean": [0.340425640345, 0.274490088224, 0.257517516613, 0.251548320055, 0.236993715167, 0.293348073959], "dmean2": [0.560163974762, 0.444978326559, 0.41090169549, 0.405096232891, 0.357681393623, 0.419923186302], "dvar": [0.105501584709, 0.085198700428, 0.0798717141151, 0.0913438126445, 0.120796024799, 0.15574720