{"lowlevel": {"average_loudness": 0.959291100502, "barkbands_crest": {"dmean": 2.47432518005, "dmean2": 3.73825073242, "dvar": 7.94789266586, "dvar2": 18.9965305328, "max": 26.6837234497, "mean": 13.2824869156, "median": 12.5214395523, "min": 3.15848636627, "var": 25.6906547546}, "barkbands_flatness_db": {"dmean": 0.0688235908747, "dmean2": 0.0965203344822, "dvar": 0.0059893890284, "dvar2": 0.0104770800099, "max": 0.803772568703, "mean": 0.280182868242, "median": 0.271748632193, "min": 0.0295472368598, "var": 0.0195169243962}, "barkbands_kurtosis": {"dmean": 14.4277610779, "dmean2": 25.0632667542, "dvar": 5167.3671875, "dvar2": 14711.0009766, "max": 2158.91723633, "mean": 14.2158508301, "median": 4.01844882965, "min": -1.88894379139, "var": 3997.62792969}, "barkbands_skewness": {"dmean": 1.02632915974, "dmean2": 1.6366481781, "dvar": 3.51247429848, "dvar2": 9.8341588974, "max": 34.1499176025, "mean": 2.09252405167, "median": 1.77051055431, "min": -9.10178852081, "var": 4.53903341293}, "barkbands_spread": {"dmean": 6.77598714828, "dmean2": 11.2620439529, "dvar": 114.843101501, "dvar2": 270.603057861, "max": 110.99281311, "mean": 12.7709722519, "median": 8.02615737915, "min": 0.0540456883609, "var": 166.141281128}, "dissonance": {"dmean": 0.0418922975659, "dmean2": 0.064006395638, "dvar": 0.0018254610477, "dvar2": 0.00390118989162, "max": 0.500000059605, "mean": 0.399562299252, "median": 0.410671144724, "min": 0.10640989989, "var": 0.00519963959232}, "dynamic_complexity": 3.00211930275, "erbbands_crest": {"dmean": 3.15514206886, "dmean2": 4.79711961746, "dvar": 14.7923707962, "dvar2": 27.0973815918, "max": 34.1042137146, "mean": 15.0196733475, "median": 13.9988412857, "min": 2.73934745789, "var": 50.4160118103}, "erbbands_flatness_db": {"dmean": 0.0530575849116, "dmean2": 0.0768755227327, "dvar": 0.00381676387042, "dvar2": 0.00643753400072, "max": 0.615258276463, "mean": 0.255421251059, "median": 0.240304708481, "min": 0.0550307445228, "var": 0.0137527035549}, "erbbands_kurtosis": {"dmean": 4.96768188477, "dmean2": 8.47051143646, "dvar": 272.470092773, "dvar2": 649.532653809, "max": 297.358306885, "mean": 5.21030807495, "median": 0.920639514923, "min": -1.88505935669, "var": 316.241424561}, "erbbands_skewness": {"dmean": 0.749573171139, "dmean2": 1.20900321007, "dvar": 1.42723405361, "dvar2": 3.16514110565, "max": 13.3719348907, "mean": 0.695079267025, "median": 0.46018794179, "min": -7.60027313232, "var": 2.40451478958}, "erbbands_spread": {"dmean": 13.9804449081, "dmean2": 22.9491119385, "dvar": 480.653503418, "dvar2": 1084.1151123, "max": 182.975448608, "mean": 27.5765514374, "median": 18.31731987, "min": 0.318120628595, "var": 657.626098633}, "hfc": {"dmean": 9.72559452057, "dmean2": 15.0997743607, "dvar": 233.083053589, "dvar2": 534.102416992, "max": 132.063674927, "mean": 17.9574623108, "median": 12.6528291702, "min": 7.10260184e-10, "var": 282.772857666}, "melbands_crest": {"dmean": 2.94007253647, "dmean2": 4.6485080719, "dvar": 12.2676925659, "dvar2": 31.4696044922, "max": 38.1814613342, "mean": 18.8590488434, "median": 18.7539787292, "min": 3.47846603394, "var": 39.1584968567}, "melbands_flatness_db": {"dmean": 0.0818455889821, "dmean2": 0.114170089364, "dvar": 0.00838265288621, "dvar2": 0.0144318016246, "max": 0.970278382301, "mean": 0.37798038125, "median": 0.379738986492, "min": 0.0161669682711, "var": 0.0259334370494}, "melbands_kurtosis": {"dmean": 24.5416126251, "dmean2": 42.2693214417, "dvar": 11619.4365234, "dvar2": 34118.7070312, "max": 2923.98193359, "mean": 27.1394748688, "median": 8.48729038239, "min": -1.91278719902, "var": 9652.84082031}, "melbands_skewness": {"dmean": 1.23352193832, "dmean2": 1.92897081375, "dvar": 5.1914396286, "dvar2": 13.4381475449, "max": 47.8961906433, "mean": 2.935972929, "median": 2.39428114891, "min": -3.54366731644, "var": 7.72977924347}, "melbands_spread": {"dmean": 6.44742250443, "dmean2": 10.3142747879, "dvar": 190.864852905, "dvar2": 459.970733643, "max": 215.08102417, "mean": 12.8269462585, "median": 7.94930934906, "min": 0.0879963114858, "var": 263.843780518}, "pitch_salience": {"dmean": 0.0783159285784, "dmean2": 0.122524626553, "dvar": 0.0100007699803, "dvar2": 0.0234130565077, "max": 0.93615603447, "mean": 0.427297204733, "median": 0.417350977659, "min": 0.0252706576139, "var": 0.0207555368543}, "silence_rate_20dB": {"dmean": 0, "dmean2": 0, "dvar": 0, "dvar2": 0, "max": 1, "mean": 1, "median": 1, "min": 1, "var": 0}, "silence_rate_30dB": {"dmean": 0.0736654773355, "dmean2": 0.147357180715, "dvar": 0.0682423785329, "dvar2": 0.150923058391, "max": 1, "mean": 0.912826895714, "median": 1, "min": 0, "var": 0.0795736312866}, "silence_rate_60dB": {"dmean": 0.0188612099737, "dmean2": 0.0375511646271, "dvar": 0.0185064561665, "dvar2": 0.0382743477821, "max": 1, "mean": 0.0658245831728, "median": 0, "min": 0, "var": 0.0614921227098}, "spectral_centroid": {"dmean": 327.576690674, "dmean2": 516.203369141, "dvar": 257074.171875, "dvar2": 493167.71875, "max": 4841.43017578, "mean": 914.710266113, "median": 640.683654785, "min": 61.7195663452, "var": 540123.9375}, "spectral_complexity": {"dmean": 5.17473316193, "dmean2": 7.28812932968, "dvar": 67.8010101318, "dvar2": 118.220024109, "max": 64, "mean": 12.8226289749, "median": 10, "min": 0, "var": 127.305397034}, "spectral_decrease": {"dmean": 4.37760716565e-09, "dmean2": 6.52085585529e-09, "dvar": 5.80545066217e-17, "dvar2": 1.3454530738e-16, "max": -1.2194340615e-22, "mean": -1.26058496974e-08, "median": -1.11012248283e-08, "min": -7.25804341073e-08, "var": 1.11554292093e-16}, "spectral_energy": {"dmean": 0.0171041078866, "dmean2": 0.0253691375256, "dvar": 0.000839558546431, "dvar2": 0.00193434278481, "max": 0.27784499526, "mean": 0.0492060780525, "median": 0.0434779413044, "min": 6.48829541526e-14, "var": 0.00163053779397}, "spectral_energyband_high": {"dmean": 0.000629328016657, "dmean2": 0.00101229082793, "dvar": 1.18837613172e-06, "dvar2": 3.06176639242e-06, "max": 0.00972012151033, "mean": 0.000600608647801, "median": 2.33884584304e-05, "min": 4.86236756154e-14, "var": 1.16388093829e-06}, "spectral_energyband_low": {"dmean": 0.0141783896834, "dmean2": 0.0217525046319, "dvar": 0.000836290477309, "dvar2": 0.00200066063553, "max": 0.25205501914, "mean": 0.0331369489431, "median": 0.0251883808523, "min": 1.27552542181e-15, "var": 0.00139123771805}, "spectral_energyband_middle_high": {"dmean": 0.0026481654495, "dmean2": 0.00412388006225, "dvar": 4.26359620178e-05, "dvar2": 9.30802125367e-05, "max": 0.0636440813541, "mean": 0.0043677566573, "median": 0.00167792581487, "min": 7.20604131921e-15, "var": 5.45020375284e-05}, "spectral_energyband_middle_low": {"dmean": 0.00509670795873, "dmean2": 0.00855760741979, "dvar": 0.00021702167578, "dvar2": 0.000589165603742, "max": 0.155188068748, "mean": 0.0131036881357, "median": 0.0109875211492, "min": 2.17960254405e-15, "var": 0.000198723049834}, "spectral_entropy": {"dmean": 0.623984456062, "dmean2": 0.943439424038, "dvar": 0.603546142578, "dvar2": 1.02733612061, "max": 9.37987136841, "mean": 6.48668909073, "median": 6.34223890305, "min": 3.25786924362, "var": 1.34205770493}, "spectral_flux": {"dmean": 0.0437095686793, "dmean2": 0.0623964108527, "dvar": 0.00319371139631, "dvar2": 0.00601215101779, "max": 0.491209119558, "mean": 0.0858061537147, "median": 0.0596913583577, "min": 3.94051266994e-06, "var": 0.00689489813522}, "spectral_kurtosis": {"dmean": 21.949136734, "dmean2": 33.6702041626, "dvar": 1427.79956055, "dvar2": 2658.31079102, "max": 732.540100098, "mean": 35.0561027527, "median": 11.8239221573, "min": -0.917291641235, "var": 3425.17797852}, "spectral_rms": {"dmean": 0.00108404213097, "dmean2": 0.00153907691129, "dvar": 2.48241622103e-06, "dvar2": 4.94508003612e-06, "max": 0.0164641514421, "mean": 0.00629190634936, "median": 0.00651287240908, "min": 7.95615751059e-09, "var": 8.41781366034e-06}, "spectral_rolloff": {"dmean": 412.165527344, "dmean2": 722.22869873, "dvar": 1048071.1875, "dvar2": 2585338.75, "max": 19143.0175781, "mean": 864.598754883, "median": 538.330078125, "min": 43.06640625, "var": 1286399.75}, "spectral_skewness": {"dmean": 1.47324514389, "dmean2": 2.23036456108, "dvar": 3.2871928215, "dvar2": 5.76763343811, "max": 25.293926239, "mean": 3.51937913895, "median": 2.65626597404, "min": -0.464221328497, "var": 8.90026760101}, "spectral_spread": {"dmean": 1463254.25, "dmean2": 2325970.75, "dvar": 3580750462980.0, "dvar2": 7399966507010.0, "max": 24571722, "mean": 3483298.25, "median": 3027831.75, "min": 100198.851562, "var": 5583995404290.0}, "spectral_strongpeak": {"dmean": 0.308185249567, "dmean2": 0.535269200802, "dvar": 0.307597637177, "dvar2": 0.731765806675, "max": 7.70857048035, "mean": 0.925961315632, "median": 0.657709777355, "min": 0, "var": 0.904843688011}, "zerocrossingrate": {"dmean": 0.0115324733779, "dmean2": 0.013537529856, "dvar": 0.000185756289284, "dvar2": 0.000226321455557, "max": 0.50927734375, "mean": 0.0352332144976, "median": 0.02685546875, "min": 0.001953125, "var": 0.000956227071583}, "barkbands": {"dmean": [0.0002344486129, 0.00888679269701, 0.00767732411623, 0.00240323040634, 0.00171550735831, 0.000731457024813, 0.000344335101545, 0.000354122719727, 0.000407876621466, 0.000771309307311, 0.000488633522764, 0.000638183904812, 0.000215311039938, 0.000195479689864, 0.000195910135517, 0.000149869170855, 0.000145373487612, 0.000165206569363, 0.000234253660892, 0.000178945803782, 0.00014876142086, 9.38577504712e-05, 0.000154695706442, 7.16387221473e-05, 7.82871356932e-05, 2.67359791906e-05, 2.17927372432e-05], "dmean2": [0.000332544703269, 0.0127389216796, 0.0123956603929, 0.0042582959868, 0.00305225141346, 0.00117519625928, 0.000563562498428, 0.000516521628015, 0.000634586904198, 0.00126695015933, 0.000789739307947, 0.00109683128539, 0.000332471652655, 0.000315940473229, 0.000313340802677, 0.000247287825914, 0.000248988799285, 0.000260604458163, 0.000375770963728, 0.000265601935098, 0.00021875173843, 0.000135066336952, 0.000277699611615, 0.000131179112941, 0.000142972465255, 4.52638305433e-05, 3.89073320548e-05], "dvar": [1.13479380559e-07, 0.000306209345581, 0.000411102577345, 7.83308714745e-05, 4.19566968048e-05, 2.13571934182e-06, 7.9901508343e-07, 1.25138069507e-06, 1.86821250736e-06, 6.77146408634e-06, 1.90941227629e-06, 5.31382465851e-06, 4.75479453144e-07, 3.50768942781e-07, 4.13570205637e-07, 1.90109716414e-07, 8.49352161936e-08, 1.18406539684e-07, 3.37213492685e-07, 1.03405731977e-07, 6.49602043268e-08, 2.22804636962e-08, 1.19702733059e-07, 2.68129838332e-08, 3.32509557666e-08, 2.94917579247e-09, 3.99718480537e-09], "dvar2": [2.38807473352e-07, 0.000643264967948, 0.00109747285023, 0.000222634917009, 0.000120508877444, 5.13807299285e-06, 2.10443295146e-06, 2.71631506621e-06, 4.67837071483e-06, 1.84387554327e-05, 4.42812233814e-06, 1.43540610225e-05, 9.7176757663e-07, 7.80508969456e-07, 9.980624327e-07, 5.02456714457e-07, 2.24526203851e-07, 2.66996664777e-07, 8.62894580678e-07, 2.15968327666e-07, 1.3742085514e-07, 4.2481204332e-08, 3.35291218789e-07, 7.50594892907e-08, 9.32250330266e-08, 7.91306309367e-09, 1.13852722805e-08], "max": [0.00487534608692, 0.182417884469, 0.173688367009, 0.0932536870241, 0.0747536569834, 0.0293638966978, 0.0163575354964, 0.0265993662179, 0.0469779409468, 0.0476159267128, 0.0277186334133, 0.0362399667501, 0.0207775589079, 0.0103384638205, 0.0115617606789, 0.00718751782551, 0.00372686423361, 0.00296664773487, 0.00524368369952, 0.00265234941617, 0.00238231522962, 0.00111865799408, 0.00328256306238, 0.00144465069752, 0.00177993963007, 0.000534138700459, 0.000805815914646], "mean": [0.000403507438023, 0.0181880835444, 0.0129216238856, 0.00237409188412, 0.00308094150387, 0.00284752319567, 0.00098096113652, 0.00136441225186, 0.00163863343187, 0.00152542081196, 0.00103466317523, 0.00071092764847, 0.000337714416673, 0.000184967386303, 0.000176172528882, 0.000148000006448, 0.000152813430759, 0.000171723149833, 0.000234608363826, 0.000205521995667, 0.000163778764545, 0.000108076084871, 0.000112462606921, 4.80096423416e-05, 5.22112568433e-05, 2.30885580095e-05, 1.61902044056e-05], "median": [0.000193214757019, 0.0138011770323, 0.00515388138592, 0.000539743865374, 0.00219696830027, 0.00279241194949, 0.000690089247655, 0.000169694016222, 0.000255869148532, 0.000270070653642, 0.000135979644256, 3.85681341868e-05, 3.28358692059e-05, 1.564854756e-05, 2.05919150176e-05, 2.60682663793e-05, 2.89653926302e-05, 9.61807927524e-06, 1.38008181239e-05, 5.28018290424e-06, 3.16411842505e-06, 1.54589542944e-06, 3.05782782561e-06, 7.19108300018e-07, 2.11378574022e-06, 1.23853851619e-06, 5.04948786784e-07], "min": [8.86430196637e-16, 6.30972524223e-16, 1.45225307584e-16, 1.58006611242e-16, 5.35462518458e-16, 4.6494331983e-16, 4.02577448594e-16, 3.7415396103e-16, 1.54324678134e-16, 4.23388942229e-16, 1.20530445819e-16, 3.7878974588e-16, 9.33495847049e-16, 5.26051823596e-16, 8.56446183216e-16, 1.30960703652e-16, 8.69471167664e-16, 3.55900242198e-16, 9.82692261779e-16, 3.7949363026e-15, 2.55340623049e-15, 4.70410885741e-15, 1.6965291722e-15, 5.40184631848e-15, 8.58111375875e-15, 1.15105145264e-14, 1.3211344826e-14], "var": [3.02172253441e-07, 0.000557969731744, 0.000399275013478, 4.91023420182e-05, 2.83277568087e-05, 7.27530687072e-06, 1.40039810503e-06, 9.90077205643e-06, 8.38425421534e-06, 8.08938511909e-06, 5.84367762713e-06, 4.91629816679e-06, 1.9006409957e-06, 3.45270393609e-07, 3.58732592076e-07, 1.55276921987e-07, 8.71777317002e-08, 1.39829623436e-07, 3.11412918563e-07, 1.48012688328e-07, 9.16337299373e-08, 3.69725761118e-08, 7.83134908033e-08, 1.63776512352e-08, 2.07311003919e-08, 2.3806721039e-09, 2.428008683e-09]}, "erbbands": {"dmean": [0.208490818739, 2.26310372353, 7.82087182999, 8.82626342773, 7.09291124344, 5.02648019791, 4.593064785, 7.01069927216, 5.94634485245, 7.30235147476, 5.0892906189, 10.2236032486, 20.8579730988, 23.0630054474, 22.6789875031, 23.0863323212, 10.8590612411, 9.43839073181, 9.93297195435, 9.33034229279, 8.53856086731, 7.68949222565, 9.15891075134, 11.2023000717, 10.2365961075, 7.56109523773, 7.36258125305, 4.63244485855, 4.01223421097, 4.32691192627, 3.79457736015, 1.95710027218, 1.07852208614, 1.12254405022, 0.408428400755, 0.157715111971, 0.0420450270176, 0.0103490967304, 0.00316004664637, 0.000378470576834], "dmean2": [0.303612947464, 3.21398663521, 12.45865345, 14.5068540573, 12.8161735535, 8.9456653595, 7.54692697525, 11.3860578537, 9.18702411652, 11.0964574814, 7.51594877243, 15.3913202286, 34.9614868164, 36.0892791748, 36.8663482666, 38.3476219177, 16.6995887756, 15.2848062515, 15.7991523743, 14.6047534943, 14.5652046204, 13.0683698654, 14.7173204422, 18.5581989288, 16.3052501678, 11.3066329956, 10.7518806458, 6.76027774811, 5.66609954834, 7.66234970093, 6.72849464417, 3.58977603912, 1.97970664501, 2.11598181725, 0.714346587658, 0.266627579927, 0.0716777518392, 0.0173464603722, 0.00562567217276, 0.000680724682752], "dvar": [0.164051711559, 21.6698932648, 372.809967041, 752.596618652, 826.579345703, 329.462921143, 133.947570801, 177.681243896, 293.686401367, 571.751098633, 228.237014771, 935.992614746, 6636.16748047, 4736.90478516, 4865.68798828, 6190.47705078, 1156.82788086, 822.645019531, 963.796325684, 783.159362793, 646.665161133, 256.935699463, 357.452087402, 792.74005127, 476.740966797, 187.402648926, 213.385894775, 50.5265464783, 38.546710968, 69.7443695068, 76.1512985229, 20.2929878235, 6.18099355698, 7.47484731674, 0.845902621746, 0.126466631889, 0.00715094804764, 0.000474895787193, 7.72856656113e-05, 1.40853228459e-06], "dvar2": [0.362471669912, 45.1030158997, 956.230224609, 2065.31518555, 2360.83300781, 953.662780762, 374.730072021, 427.074493408, 712.368896484, 1300.38708496, 501.846588135, 2160.66772461, 18616.3632812, 11449.3369141, 12412.8222656, 16171.2919922, 2378.37353516, 1859.73754883, 2109.60180664, 1885.24731445, 1749.67871094, 676.660461426, 799.689208984, 2000.40917969, 1115.23999023, 397.242034912, 496.775238037, 94.313331604, 74.7463989258, 184.024810791, 213.142623901, 56.8730659485, 17.3092384338, 21.1797866821, 2.28723406792, 0.339071512222, 0.019219873473, 0.00127533171326, 0.000220308909775, 4.03555168305e-06], "max": [4.07062578201, 46.3077163696, 163.004562378, 257.568878174, 285.944000244, 246.475875854, 211.767471313, 277.909179688, 361.372406006, 578.265991211, 467.270446777, 744.359436035, 1596.90637207, 1167.56884766, 1248.3795166, 1206.54394531, 1043.21435547, 411.363800049, 531.54864502, 456.748901367, 408.114044189, 178.820571899, 167.741760254, 241.639694214, 206.319290161, 104.420700073, 136.521377563, 51.3808517456, 48.8313941956, 67.1050415039, 98.0648422241, 37.899143219, 21.8559246063, 22.6215400696, 10.1075153351, 3.92782497406, 0.808351397514, 0.193208098412, 0.105099543929, 0.0161708891392], "mean": [0.42542308569, 4.47145414352, 14.2465934753, 12.160618782, 6.29611253738, 11.0332660675, 17.1195793152, 25.6211776733, 19.4715709686, 24.3404865265, 21.6852073669, 47.2326660156, 46.1224365234, 36.1701316833, 46.9013023376, 32.3248634338, 17.7466259003, 9.41188812256, 9.56196498871, 8.83755016327, 8.57790851593, 7.81180095673, 9.69598865509, 10.9489345551, 11.763674736, 8.7499332428, 8.00983142853, 5.10582971573, 4.37443828583, 3.76572322845, 2.80428123474, 1.29695141315, 0.731974244118, 0.686154186726, 0.300693929195, 0.130667477846, 0.0374341122806, 0.00918529741466, 0.00242800894193, 0.000303455482936], "median": [0.26284584403, 3.32416415215, 5.79243659973, 3.82460927963, 1.35633218288, 8.59119224548, 14.9540538788, 24.1022930145, 16.5849666595, 6.2449259758, 5.66414499283, 9.25270843506, 15.930150032, 5.47817993164, 6.64112186432, 3.09911251068, 2.12088227272, 1.17569231987, 1.179469347, 1.37567257881, 1.68501102924, 1.29295563698, 0.781202077866, 0.666320323944, 0.663208782673, 0.308167994022, 0.134174376726, 0.108637034893, 0.0586299486458, 0.0538412667811, 0.105676449835, 0.0273953583091, 0.0101412329823, 0.00841134600341, 0.0154967326671, 0.00952243991196, 0.00138865888584, 0.000331397808623, 0.000109195483674, 7.44466888136e-05], "min": [3.23151980164e-14, 9.49917973599e-14, 1.65424518159e-13, 3.83214971257e-13, 8.74764941473e-13, 1.99419495674e-12, 3.23862074311e-12, 3.92380659214e-12, 5.39675812719e-12, 6.852144286e-12, 8.06937069248e-12, 3.56046182121e-12, 8.81072992343e-12, 1.02400718113e-11, 6.68412027116e-12, 1.98869653384e-11, 4.36512492819e-11, 2.90469367309e-11, 4.58882480625e-11, 2.20669853918e-11, 1.18119255696e-11, 5.58556430275e-11, 2.36297457296e-11, 3.94671066661e-11, 7.54616785725e-11, 1.64000382719e-10, 1.11071769837e-10, 1.39627809315e-10, 2.0732310313e-10, 5.75343453435e-11, 5.14018896891e-11, 8.70800792585e-11, 1.01115213424e-10, 1.04894690156e-10, 5.56904730664e-11, 1.96937952057e-11, 2.42984330573e-11, 9.06049887894e-12, 1.47390563296e-12, 2.68079449698e-13], "var": [0.331438869238, 36.2807426453, 416.08782959, 593.301513672, 492.750488281, 257.051483154, 299.140350342, 595.849975586, 586.366271973, 2845.54321289, 2408.31713867, 6432.87255859, 7435.35449219, 6419.24414062, 12904.6357422, 8076.01269531, 4799.74169922, 803.986328125, 954.335266113, 711.617553711, 497.999389648, 247.759475708, 420.192352295, 719.97253418, 553.856628418, 264.731018066, 258.593231201, 80.1556396484, 62.2505111694, 57.8337554932, 50.5726165771, 12.3884973526, 3.76277065277, 4.31001424789, 0.61197245121, 0.0993600413203, 0.00591006549075, 0.000377894932171, 4.74220323667e-05, 8.29476107356e-07]}, "gfcc": {"mean": [-97.8151016235, 128.638015747, -90.8879165649, 10.0865097046, -40.2873535156, 0.240079164505, -12.939781189, 5.55478000641, -12.1641778946, -0.684953689575, -6.15469455719, 4.66491603851, -2.29224419594], "cov": [[31074.7558594, -1928.85290527, 2706.07006836, 3770.00488281, -1092.31811523, 625.234802246, -1061.05480957, 125.004089355, -1241.80615234, -164.89352417, -436.292449951, 1118.40576172, 183.849578857], [-1928.85290527, 6021.50732422, 1083.87609863, -1432.7701416, 746.6953125, -655.024597168, 49.410785675, -342.191741943, 249.401443481, -373.265930176, 306.563293457, -197.315261841, 346.039306641], [2706.07006836, 1083.87609863, 4721.21484375, 1434.83581543, 418.267211914, 979.162963867, -373.062957764, -89.7753448486, -347.155761719, -199.700912476, -116.923675537, 116.712356567, -92.0002822876], [3770.00488281, -1432.7701416, 1434.83581543, 2488.06201172, 381.347961426, 487.962585449, 97.5622253418, 21.6385326385, -263.011016846, -108.602493286, -160.766052246, 40.157043457, -111.878662109], [-1092.31811523, 746.6953125, 418.267211914, 381.347961426, 869.300964355, 159.918273926, 199.396484375, 20.2451534271, 35.0677680969, -102.297042847, 18.9977283478, -127.196853638, -44.6041297913], [625.234802246, -655.024597168, 979.162963867, 487.962585449, 159.918273926, 780.82232666, 27.9912872314, 85.345954895, -125.364311218, 24.2262630463, -48.811466217, 71.500617981, -135.039016724], [-1061.05480957, 49.410785675, -373.062957764, 97.5622253418, 199.396484375, 27.9912872314, 424.448791504, 68.9818954468, 75.5806350708, -33.5415077209, 8.07221794128, -75.7646789551, 14.0853300095], [125.004089355, -342.191741943, -89.7753448486, 21.6385326385, 20.2451534271, 85.345954895, 68.9818954468, 319.945098877, 88.2228546143, 18.4185009003, -121.057884216, -19.001947403, -49.4129829407], [-1241.80615234, 249.401443481, -347.155761719, -263.011016846, 35.0677680969, -125.364311218, 75.5806350708, 88.2228546143, 294.555023193, 57.3455886841, -48.3368225098, -165.151626587, -7.28811883926], [-164.89352417, -373.265930176, -199.700912476, -108.602493286, -102.297042847, 24.2262630463, -33.5415077209, 18.4185009003, 57.3455886841, 185.477813721, 55.498916626, 21.6178894043, -61.8323631287], [-436.292449951, 306.563293457, -116.923675537, -160.766052246, 18.9977283478, -48.811466217, 8.07221794128, -121.057884216, -48.3368225098, 55.498916626, 259.441345215, 115.928756714, 53.8862228394], [1118.40576172, -197.315261841, 116.712356567, 40.157043457, -127.196853638, 71.500617981, -75.7646789551, -19.001947403, -165.151626587, 21.6178894043, 115.928756714, 331.505462646, 99.7364654541], [183.849578857, 346.039306641, -92.0002822876, -111.878662109, -44.6041297913, -135.039016724, 14.0853300095, -49.4129829407, -7.28811883926, -61.8323631287, 53.8862228394, 99.7364654541, 184.833557129]], "icov": [[7.52972482587e-05, -0.000114354224934, 8.06548196124e-05, -0.000205600095796, 0.000156004505698, -9.28974186536e-05, 0.000184407661436, -0.0001334623812, 0.0002828190336, -0.000236177758779, 0.00024805610883, -0.00010974745237, -0.000106019979285], [-0.000114354224934, 0.000805121730082, -0.000530984834768, 0.000802886672318, -0.000717975897714, 0.000750656647142, -0.000471969629871, 0.000463355245301, -0.000999126816168, 0.00137159216683, -0.00103128980845, 0.000220158937736, -3.55797455995e-05], [8.06548196124e-05, -0.000530984834768, 0.000776738219429, -0.000688514555804, 0.000363187893527, -0.00100713013671, 0.000869342999067, -0.000211584294448, 0.00061414623633, -0.000480433081975, 0.000626591499895, -6.54317627777e-05, -0.00017111573834], [-0.000205600095796, 0.000802886672318, -0.000688514555804, 0.00156543322373, -0.00100050214678, 0.000742303731386, -0.00101048790384, 0.000673069036566, -0.000682744721416, 0.00118198955897, -0.000604920554906, 0.000190120917978, 0.000306292902678], [0.000156004505698, -0.000717975897714, 0.000363187893527, -0.00100050214678, 0.00245996611193, -0.000862044922542, -9.59532098932e-06, -0.000682628480718, 0.00046912507969, 6.75457922625e-05, -0.00015259871725, 0.000263512250967, 0.000489636266138], [-9.28974186536e-05, 0.000750656647142, -0.00100713013671, 0.000742303731386, -0.000862044922542, 0.0032707832288, -0.00129946519155, 0.000102131438325, -0.000401348457672, 0.000562533095945, -0.000416608439991, -0.000913900148589, 0.00172995112371], [0.000184407661436, -0.000471969629871, 0.000869342999067, -0.00101048790384, -9.59532098932e-06, -0.00129946519155, 0.00429908931255, -0.00125477369875, 0.000394072121708, 3.461012966e-05, -0.000345048087183, 0.000842580106109, -0.00142046017572], [-0.0001334623812, 0.000463355245301, -0.000211584294448, 0.000673069036566, -0.000682628480718, 0.000102131438325, -0.00125477369875, 0.00561154959723, -0.00301101873629, 0.00103604630567, 0.00217874138616, -0.00245908345096, 0.00199264567345], [0.0002828190336, -0.000999126816168, 0.00061414623633, -0.000682744721416, 0.00046912507969, -0.000401348457672, 0.000394072121708, -0.00301101873629, 0.0102846007794, -0.00670157605782, 0.00219090213068, 0.00465637492016, -0.00452102674171], [-0.000236177758779, 0.00137159216683, -0.000480433081975, 0.00118198955897, 6.75457922625e-05, 0.000562533095945, 3.461012966e-05, 0.00103604630567, -0.00670157605782, 0.0140318758786, -0.00527021382004, -0.00268267421052, 0.00625889422372], [0.00024805610883, -0.00103128980845, 0.000626591499895, -0.000604920554906, -0.00015259871725, -0.000416608439991, -0.000345048087183, 0.00217874138616, 0.00219090213068, -0.00527021382004, 0.00947397947311, -0.00314452406019, -0.000844605790917], [-0.00010974745237, 0.000220158937736, -6.54317627777e-05, 0.000190120917978, 0.000263512250967, -0.000913900148589, 0.000842580106109, -0.00245908345096, 0.00465637492016, -0.00268267421052, -0.00314452406019, 0.00939068384469, -0.00641052424908], [-0.000106019979285, -3.55797455995e-05, -0.00017111573834, 0.000306292902678, 0.000489636266138, 0.00172995112371, -0.00142046017572, 0.00199264567345, -0.00452102674171, 0.00625889422372, -0.000844605790917, -0.00641052424908, 0.0133264632896]]}, "melbands": {"dmean": [0.00214749341831, 0.00346093066037, 0.00147546175867, 0.000417261442635, 0.000174892644281, 0.000152275490109, 8.43142770464e-05, 8.32770747365e-05, 4.04997445003e-05, 6.7047214543e-05, 0.000105526502011, 9.44159764913e-05, 6.8634901254e-05, 8.19156921352e-05, 3.03065007756e-05, 2.22890103032e-05, 1.77424644789e-05, 1.64860502991e-05, 1.48874760271e-05, 1.05303861346e-05, 9.84122561931e-06, 7.41684334571e-06, 9.3184016805e-06, 8.80520292412e-06, 9.06791319721e-06, 9.60142006079e-06, 7.7888407759e-06, 4.16798593506e-06, 5.09335723109e-06, 3.24057600665e-06, 2.64864252131e-06, 2.28359681387e-06, 1.79309313353e-06, 2.95517406812e-06, 2.34977119362e-06, 1.58279135576e-06, 1.1161043858e-06, 7.7358180306e-07, 7.29128942112e-07, 1.02345177311e-06], "dmean2": [0.00310374051332, 0.0053431163542, 0.00240444904193, 0.000762847717851, 0.000285875925329, 0.000245076400461, 0.000130980435642, 0.000125257589389, 5.99941558903e-05, 0.000102202691778, 0.000178104251972, 0.000149205763591, 0.000111966430268, 0.000140404023114, 4.78925758216e-05, 3.49645670212e-05, 2.88023857138e-05, 2.63493766397e-05, 2.43620324909e-05, 1.65165183716e-05, 1.69641371031e-05, 1.26079103211e-05, 1.5799952962e-05, 1.42797453009e-05, 1.50459018187e-05, 1.60797662829e-05, 1.26830764202e-05, 6.02288264417e-06, 7.55407609176e-06, 5.26537087353e-06, 3.88456373912e-06, 3.21926108882e-06, 2.9591508337e-06, 5.33679076398e-06, 4.16286684413e-06, 2.89711465484e-06, 2.07234916161e-06, 1.42517114909e-06, 1.34884885483e-06, 1.94098606698e-06], "dvar": [1.77785441338e-05, 6.13873198745e-05, 2.07690827665e-05, 2.86907470581e-06, 2.12927162124e-07, 9.39351920692e-08, 5.58584787314e-08, 7.72640902369e-08, 1.4008158189e-08, 4.45141239425e-08, 1.75510052713e-07, 8.27801684977e-08, 4.06179019308e-08, 8.45674392735e-08, 8.39628455651e-09, 4.95153296143e-09, 2.88825963146e-09, 2.70563704774e-09, 2.51591192324e-09, 7.85599696407e-10, 9.11582753726e-10, 2.62766142178e-10, 3.50363404955e-10, 3.92223586942e-10, 5.47716427768e-10, 5.24294496707e-10, 2.12753301088e-10, 5.47321979405e-11, 1.14106196714e-10, 2.99961930295e-11, 1.66750051267e-11, 1.27568164365e-11, 9.00898626532e-12, 3.95151932009e-11, 3.01641489564e-11, 1.2872713312e-11, 6.87010821496e-12, 3.21960470437e-12, 2.92183009558e-12, 6.37856564442e-12], "dvar2": [3.731205652e-05, 0.000146482256241, 5.61919805477e-05, 8.25913048175e-06, 5.99964153025e-07, 2.21820684487e-07, 1.35914021371e-07, 1.72448523017e-07, 3.12382226753e-08, 1.06767402031e-07, 4.93887398534e-07, 2.01224494845e-07, 9.94934268306e-08, 2.31813800156e-07, 1.97680964931e-08, 1.09658726544e-08, 6.61699539606e-09, 5.75741587738e-09, 6.31432905962e-09, 1.96114791073e-09, 2.48087483889e-09, 6.97527424709e-10, 9.09086583789e-10, 9.55683199244e-10, 1.37867761651e-09, 1.39325539994e-09, 4.59348031834e-10, 1.13103047761e-10, 2.77401546178e-10, 6.170957495e-11, 3.15136597373e-11, 2.53723465848e-11, 1.83063928599e-11, 1.08999545501e-10, 8.48471848336e-11, 3.57135813978e-11, 1.93064227799e-11, 9.01674568343e-12, 8.20511193711e-12, 1.81198129418e-11], "max": [0.0447725951672, 0.0701824575663, 0.0433744154871, 0.0171198621392, 0.00740011874586, 0.00667292252183, 0.00486124679446, 0.00665542669594, 0.00344964140095, 0.00637298077345, 0.00816476810724, 0.00495975883678, 0.00394639186561, 0.00449323048815, 0.00190533173736, 0.00132427038625, 0.000739449693356, 0.00101817573886, 0.000774000596721, 0.000567874289118, 0.000575293321162, 0.000214537692955, 0.000276018487057, 0.000171028092154, 0.000198348847334, 0.000204839394428, 0.00011386397091, 5.6164644775e-05, 0.000101739475213, 4.72384417662e-05, 3.14994904329e-05, 2.91853866656e-05, 2.55439699686e-05, 5.41029075976e-05, 6.44488754915e-05, 3.41219638358e-05, 2.44762322836e-05, 1.58368020493e-05, 1.4895375898e-05, 2.04854641197e-05], "mean": [0.00446254014969, 0.00716194324195, 0.00201016035862, 0.000534051156137, 0.000655228737742, 0.000570872682147, 0.000271534809144, 0.000283296016278, 0.00017335099983, 0.000293663411867, 0.000219733046833, 0.000140529053169, 0.000142714809044, 0.000109656990389, 5.09409474034e-05, 2.90510724881e-05, 1.69140002981e-05, 1.60420950124e-05, 1.2403564142e-05, 1.12886873467e-05, 9.72940688371e-06, 7.79262973083e-06, 9.03737964109e-06, 8.61041189637e-06, 8.78445098351e-06, 9.38436915021e-06, 8.54974950926e-06, 4.88588329972e-06, 5.31632349521e-06, 3.64890252058e-06, 2.75755496659e-06, 2.39003156821e-06, 2.07277912523e-06, 2.27515261031e-06, 1.73545231519e-06, 1.08420226752e-06, 7.14498810339e-07, 5.17895102803e-07, 4.89122669478e-07, 6.07521485563e-07], "median": [0.00343029899523, 0.0039691128768, 0.000663526414428, 0.000312235730235, 0.000616892648395, 0.000544645066839, 0.000229243392823, 5.84205881751e-05, 3.03391898342e-05, 5.95463206992e-05, 7.03766854713e-05, 1.44323357745e-05, 1.99439618882e-05, 9.18796649785e-06, 4.91345463161e-06, 2.98970257973e-06, 1.61320838288e-06, 1.7231915308e-06, 1.24627047171e-06, 2.4627363473e-06, 1.70153225554e-06, 1.29612749333e-06, 8.71982081208e-07, 5.25044015376e-07, 4.75135351508e-07, 4.29756426001e-07, 3.53794803232e-07, 1.57214657293e-07, 8.11708744664e-08, 6.0889512099e-08, 6.05156955658e-08, 3.08670280447e-08, 2.64608814859e-08, 2.43600606353e-08, 6.42012096819e-08, 3.31174909718e-08, 9.34706800848e-09, 6.52152554181e-09, 5.17825649027e-09, 7.0395929086e-09], "min": [2.74229696e-16, 9.94826101393e-17, 7.82349871807e-17, 9.99938342276e-17, 1.12752631955e-16, 8.93579392939e-17, 8.27862077029e-17, 7.68286610254e-17, 6.36051929344e-17, 1.81606213084e-17, 4.67369983197e-17, 4.55984900857e-17, 1.82474752727e-17, 3.42473817072e-17, 8.19299301851e-17, 8.92613841554e-17, 4.68955324472e-17, 6.95162189743e-17, 5.89770909374e-17, 9.29976828817e-18, 1.18657950449e-17, 6.51605770362e-17, 2.31610554971e-17, 1.99065994038e-17, 3.35954707403e-17, 3.25903536518e-17, 9.53601537245e-17, 1.16116438017e-16, 8.41961933053e-17, 4.46554644827e-17, 9.4615300744e-17, 1.3391966767e-16, 6.55606611374e-17, 2.22766207513e-17, 3.04450309546e-17, 3.28994412682e-17, 6.07414936538e-17, 4.8637839515e-17, 1.23074271048e-16, 7.1170692696e-17], "var": [3.38233730872e-05, 8.39549466036e-05, 1.65066157933e-05, 1.72732234205e-06, 4.08258955531e-07, 3.05436429926e-07, 1.13452053085e-07, 4.29134587421e-07, 1.43169259559e-07, 2.61928022383e-07, 1.88669062595e-07, 1.14069543145e-07, 1.10726887215e-07, 8.4676265999e-08, 2.38905375483e-08, 1.06075690454e-08, 2.77955636285e-09, 2.75089839796e-09, 2.02397432147e-09, 7.52695183959e-10, 6.84505119253e-10, 2.56698523549e-10, 3.4530789339e-10, 3.99982214017e-10, 4.89220275401e-10, 4.69532246417e-10, 2.65931499044e-10, 8.21846687926e-11, 1.24512677946e-10, 4.40241523791e-11, 2.45818122802e-11, 1.9657201214e-11, 1.35882355715e-11, 2.72600674672e-11, 1.99032682696e-11, 8.16274044885e-12, 4.09090166256e-12, 1.94344475409e-12, 1.76345364093e-12, 3.62935202725e-12]}, "mfcc": {"mean": [-742.522827148, 159.302810669, 16.0012626648, 24.1671352386, 1.63378059864, 4.18183660507, 4.41574716568, 10.1110229492, 2.80147528648, 1.71010255814, -1.61393523216, 1.36898899078, 6.82480716705], "cov": [[17590.9746094, -1516.44702148, -239.902511597, 1426.0612793, -545.598571777, 167.391098022, -42.4120788574, 172.296737671, -186.056564331, -130.489685059, -121.119476318, -253.050247192, 139.514831543], [-1516.44702148, 6379.78417969, 1010.49859619, -735.979614258, 401.17855835, -364.400787354, -132.915054321, -12.3241529465, -126.222824097, -134.044815063, -229.048217773, 88.1315231323, 83.8202056885], [-239.902511597, 1010.49859619, 3178.65698242, 614.456298828, 799.786193848, 675.95513916, 212.372329712, 181.043457031, -106.268997192, -92.5059127808, -146.691253662, -92.3587493896, 4.73423671722], [1426.0612793, -735.979614258, 614.456298828, 1517.15112305, 495.229522705, 427.389312744, 336.627166748, 240.577728271, 71.1194763184, 47.8193397522, 44.246509552, -120.808677673, -62.2564277649], [-545.598571777, 401.17855835, 799.786193848, 495.229522705, 770.857299805, 390.215026855, 218.280410767, 171.314483643, 28.5581436157, 46.8072052002, 10.2013349533, -3.37793803215, -34.1035957336], [167.391098022, -364.400787354, 675.95513916, 427.389312744, 390.215026855, 594.285522461, 313.095672607, 151.425338745, 20.7999629974, -8.72860813141, 29.5365028381, 4.3389248848, 24.6604595184], [-42.4120788574, -132.915054321, 212.372329712, 336.627166748, 218.280410767, 313.095672607, 419.499633789, 210.536437988, 27.6779060364, -16.7542667389, -9.33696651459, -2.74048924446, 61.6997756958], [172.296737671, -12.3241529465, 181.043457031, 240.577728271, 171.314483643, 151.425338745, 210.536437988, 300.791229248, 135.246292114, 27.5849285126, -25.1021442413, -23.9389896393, 11.32380867], [-186.056564331, -126.222824097, -106.268997192, 71.1194763184, 28.5581436157, 20.7999629974, 27.6779060364, 135.246292114, 283.36831665, 176.309768677, 65.2796478271, -25.153345108, -85.7411956787], [-130.489685059, -134.044815063, -92.5059127808, 47.8193397522, 46.8072052002, -8.72860813141, -16.7542667389, 27.5849285126, 176.309768677, 263.171325684, 128.363708496, 3.33903741837, -92.4895706177], [-121.119476318, -229.048217773, -146.691253662, 44.246509552, 10.2013349533, 29.5365028381, -9.33696651459, -25.1021442413, 65.2796478271, 128.363708496, 182.594863892, 56.3963470459, -27.2654190063], [-253.050247192, 88.1315231323, -92.3587493896, -120.808677673, -3.37793803215, 4.3389248848, -2.74048924446, -23.9389896393, -25.153345108, 3.33903741837, 56.3963470459, 141.672012329, 70.7203369141], [139.514831543, 83.8202056885, 4.73423671722, -62.2564277649, -34.1035957336, 24.6604595184, 61.6997756958, 11.32380867, -85.7411956787, -92.4895706177, -27.2654190063, 70.7203369141, 172.85585022]], "icov": [[7.97726534074e-05, -1.26810909933e-05, 3.23734639096e-05, -0.000123738864204, 0.000167414531461, -0.000163973600138, 0.000220444388106, -0.000190647988347, 0.000205355230719, -0.000156440830324, 7.27607839508e-05, 0.000125736871269, -0.000135273352498], [-1.26810909933e-05, 0.00024208787363, -0.000122449418996, 0.000165311037563, -0.000321326398989, 0.000473543681437, -0.000215747757466, 0.000104290680611, -0.00014930247562, 0.000132573768497, 0.000119724223623, -0.000192959327251, -1.03325828604e-05], [3.23734639096e-05, -0.000122449418996, 0.000627774221357, -0.000137397248182, -0.000131592634716, -0.000926817941945, 0.000683971098624, -0.000352190691046, 0.000529387791175, -0.000384286395274, 0.000475899374578, 0.000410608074162, -0.000184190284926], [-0.000123738864204, 0.000165311037563, -0.000137397248182, 0.00137817068025, -0.000838546198793, 0.000323890009895, -0.000803727249149, -3.91715548176e-05, -0.000174523767782, 0.000452991807833, -0.000861644803081, 0.000883142172825, 0.000256225204794], [0.000167414531461, -0.000321326398989, -0.000131592634716, -0.000838546198793, 0.00336276460439, -0.00185132585466, 0.000732897955459, -0.00142966629937, 0.00145554612391, -0.00137516134419, 0.000569856201764, -0.000762771640439, 0.000870057207067], [-0.000163973600138, 0.000473543681437, -0.000926817941945, 0.000323890009895, -0.00185132585466, 0.00575245823711, -0.00364870810881, 0.00153079768643, -0.00179227255285, 0.00201897392981, -0.00160679372493, -0.000846053531859, 0.000344893313013], [0.000220444388106, -0.000215747757466, 0.000683971098624, -0.000803727249149, 0.000732897955459, -0.00364870810881, 0.00719537679106, -0.00420505506918, 0.0022926167585, -0.00150197115727, 0.00055888708448, 0.00107919680886, -0.00202907202765], [-0.000190647988347, 0.000104290680611, -0.000352190691046, -3.91715548176e-05, -0.00142966629937, 0.00153079768643, -0.00420505506918, 0.00938885658979, -0.00614010728896, 0.00190337351523, 0.00143593666144, -0.000369106477592, -0.00116543099284], [0.000205355230719, -0.00014930247562, 0.000529387791175, -0.000174523767782, 0.00145554612391, -0.00179227255285, 0.0022926167585, -0.00614010728896, 0.010869611986, -0.00609985133633, 0.000326275243424, 0.000791962898802, 0.00181130773854], [-0.000156440830324, 0.000132573768497, -0.000384286395274, 0.000452991807833, -0.00137516134419, 0.00201897392981, -0.00150197115727, 0.00190337351523, -0.00609985133633, 0.0112973432988, -0.00577227910981, -0.000221248250455, 0.00228691427037], [7.27607839508e-05, 0.000119724223623, 0.000475899374578, -0.000861644803081, 0.000569856201764, -0.00160679372493, 0.00055888708448, 0.00143593666144, 0.000326275243424, -0.00577227910981, 0.0123614054173, -0.00514751905575, 0.000737060792744], [0.000125736871269, -0.000192959327251, 0.000410608074162, 0.000883142172825, -0.000762771640439, -0.000846053531859, 0.00107919680886, -0.000369106477592, 0.000791962898802, -0.000221248250455, -0.00514751905575, 0.0136965522543, -0.00623305467889], [-0.000135273352498, -1.03325828604e-05, -0.000184190284926, 0.000256225204794, 0.000870057207067, 0.000344893313013, -0.00202907202765, -0.00116543099284, 0.00181130773854, 0.00228691427037, 0.000737060792744, -0.00623305467889, 0.0117082474753]]}, "spectral_contrast_coeffs": {"dmean": [0.0447469092906, 0.0484453253448, 0.0520897880197, 0.0423110388219, 0.0322025604546, 0.0399216413498], "dmean2": [0.0682936906815, 0.0755897164345, 0.083358079195, 0.0654445812106, 0.0517809279263, 0.0574014335871], "dvar": [0.0023317662999, 0.00288738566451, 0.00301355612464, 0.00183642411139, 0.00103653618135, 0.00164501578547], "dvar2": [0.00524876825511, 0.00640588486567, 0.00648701749742, 0.00365000707097, 0.00216540880501, 0.00323013472371], "max": [-0.303682863712, -0.277698397636, -0.387819111347, -0.444593191147, -0.513576090336, -0.388594895601], "mean": [-0.635654330254, -0.614881634712, -0.656481921673, -0.765250265598, -0.797047674656, -0.7755240798], "median": [-0.624082684517, -0.599399328232, -0.639895319939, -0.778465092182, -0.805710673332, -0.787489295006], "min": [-0.989104270935, -0.991982579231, -0.956335246563, -0.967964291573, -0.963989496231, -0.959554314613], "var": [0.0122777139768, 0.0131385838613, 0.0142012285069, 0.00627460237592, 0.00403961166739, 0.00618334999308]}, "spectral_contrast_valleys": {"dmean": [0.473680734634, 0.574691355228, 0.713566243649, 0.847537755966, 0.944009721279, 1.23088479042], "dmean2": [0.684008955956, 0.881503283978, 1.06320846081, 1.19888794422, 1.30337548256, 1.74449431896], "dvar": [0.350441068411, 0.530137181282, 0.635208010674, 0.718780398369, 1.04082620144, 1.59935355186], "dvar2": [0.636784553528, 1.06378293037, 1.19529426098, 1.21424531937, 1.55146670341, 2.937