{"lowlevel": {"average_loudness": 0.79277741909, "barkbands_crest": {"dmean": 3.09365606308, "dmean2": 5.11429738998, "dvar": 8.60015487671, "dvar2": 21.8533287048, "max": 26.9172668457, "mean": 13.1277294159, "median": 12.4878454208, "min": 2.6407494545, "var": 20.1760749817}, "barkbands_flatness_db": {"dmean": 0.0513350367546, "dmean2": 0.0775492936373, "dvar": 0.00263365637511, "dvar2": 0.00588394701481, "max": 0.846916139126, "mean": 0.230692282319, "median": 0.21687078476, "min": 0.0182874705642, "var": 0.011882731691}, "barkbands_kurtosis": {"dmean": 14.1460981369, "dmean2": 22.4328784943, "dvar": 784.49230957, "dvar2": 1929.81787109, "max": 692.269897461, "mean": 21.5520458221, "median": 9.778008461, "min": -1.95795845985, "var": 1257.39904785}, "barkbands_skewness": {"dmean": 1.1786724329, "dmean2": 1.79784655571, "dvar": 1.85047841072, "dvar2": 4.24028301239, "max": 22.2291870117, "mean": 2.98298931122, "median": 2.52107977867, "min": -6.14982748032, "var": 5.26630449295}, "barkbands_spread": {"dmean": 5.38455724716, "dmean2": 8.19320106506, "dvar": 56.2056503296, "dvar2": 118.492050171, "max": 111.936302185, "mean": 11.7618961334, "median": 7.33650016785, "min": 0.0587727613747, "var": 152.40411377}, "dissonance": {"dmean": 0.0316525995731, "dmean2": 0.050947714597, "dvar": 0.00130652368534, "dvar2": 0.00327575090341, "max": 0.500000178814, "mean": 0.430659502745, "median": 0.451394915581, "min": 0.0631113648415, "var": 0.00414002034813}, "dynamic_complexity": 3.55023050308, "erbbands_crest": {"dmean": 2.91682267189, "dmean2": 4.61547136307, "dvar": 9.67453384399, "dvar2": 22.3781375885, "max": 34.1955490112, "mean": 12.3226633072, "median": 10.3551979065, "min": 2.32057094574, "var": 49.9694442749}, "erbbands_flatness_db": {"dmean": 0.0371883660555, "dmean2": 0.0514078512788, "dvar": 0.00148351385724, "dvar2": 0.00318952277303, "max": 0.745316147804, "mean": 0.179792523384, "median": 0.157651022077, "min": 0.0370903462172, "var": 0.00957448408008}, "erbbands_kurtosis": {"dmean": 4.71574735641, "dmean2": 7.326587677, "dvar": 84.5374755859, "dvar2": 199.661819458, "max": 173.307510376, "mean": 6.47230625153, "median": 1.13142728806, "min": -1.92246127129, "var": 176.834655762}, "erbbands_skewness": {"dmean": 0.739491581917, "dmean2": 1.12338507175, "dvar": 0.753977358341, "dvar2": 1.73180925846, "max": 11.2462921143, "mean": 1.26049685478, "median": 0.97212857008, "min": -5.8790268898, "var": 2.62429666519}, "erbbands_spread": {"dmean": 13.8236656189, "dmean2": 20.227891922, "dvar": 250.3934021, "dvar2": 533.92980957, "max": 202.269195557, "mean": 40.1236839294, "median": 34.27003479, "min": 0.278861314058, "var": 975.471679688}, "hfc": {"dmean": 6.4297375679, "dmean2": 9.21105957031, "dvar": 98.7803421021, "dvar2": 179.088180542, "max": 217.782775879, "mean": 15.636847496, "median": 9.81092262268, "min": 4.23938040228e-09, "var": 300.670074463}, "melbands_crest": {"dmean": 3.71721220016, "dmean2": 6.03124761581, "dvar": 11.7859449387, "dvar2": 28.8283996582, "max": 38.9298171997, "mean": 18.4968566895, "median": 17.9906272888, "min": 4.50563430786, "var": 31.0486278534}, "melbands_flatness_db": {"dmean": 0.0577413402498, "dmean2": 0.0879106745124, "dvar": 0.00335647910833, "dvar2": 0.00747951352969, "max": 0.87791210413, "mean": 0.330668985844, "median": 0.321237653494, "min": 0.0522958636284, "var": 0.013900751248}, "melbands_kurtosis": {"dmean": 29.3295917511, "dmean2": 46.0809211731, "dvar": 2909.03466797, "dvar2": 7018.93310547, "max": 1548.06896973, "mean": 47.9533615112, "median": 22.611448288, "min": -1.89428019524, "var": 5360.1484375}, "melbands_skewness": {"dmean": 1.54967522621, "dmean2": 2.32411074638, "dvar": 2.97774147987, "dvar2": 6.73812150955, "max": 29.3218364716, "mean": 4.17783069611, "median": 3.51643037796, "min": -4.88705635071, "var": 9.76483249664}, "melbands_spread": {"dmean": 4.6326508522, "dmean2": 7.34956169128, "dvar": 69.897277832, "dvar2": 153.795608521, "max": 221.263244629, "mean": 9.46476840973, "median": 6.23025655746, "min": 0.153216302395, "var": 131.310638428}, "pitch_salience": {"dmean": 0.0875726118684, "dmean2": 0.144174858928, "dvar": 0.00705633219332, "dvar2": 0.0176909361035, "max": 0.90242600441, "mean": 0.478946626186, "median": 0.484058946371, "min": 0.0358600020409, "var": 0.0169246550649}, "silence_rate_20dB": {"dmean": 0, "dmean2": 0, "dvar": 0, "dvar2": 0, "max": 1, "mean": 1, "median": 1, "min": 1, "var": 0}, "silence_rate_30dB": {"dmean": 0.0542133189738, "dmean2": 0.108433023095, "dvar": 0.0512708351016, "dvar2": 0.122358001769, "max": 1, "mean": 0.949148535728, "median": 1, "min": 0, "var": 0.0482642576098}, "silence_rate_60dB": {"dmean": 0.0243959929794, "dmean2": 0.0487359315157, "dvar": 0.0238100979477, "dvar2": 0.0528478324413, "max": 1, "mean": 0.0435448698699, "median": 0, "min": 0, "var": 0.0416448377073}, "spectral_centroid": {"dmean": 252.392105103, "dmean2": 394.487976074, "dvar": 118312.914062, "dvar2": 255582.375, "max": 11015.1992188, "mean": 786.675231934, "median": 594.975952148, "min": 101.909088135, "var": 329789.875}, "spectral_complexity": {"dmean": 4.04702425003, "dmean2": 6.22169828415, "dvar": 34.1696548462, "dvar2": 62.6445732117, "max": 58, "mean": 9.85486984253, "median": 7, "min": 0, "var": 81.4324417114}, "spectral_decrease": {"dmean": 5.29012744721e-09, "dmean2": 8.71951577608e-09, "dvar": 6.571467555e-17, "dvar2": 1.72141288261e-16, "max": -1.37746794343e-19, "mean": -1.12681748377e-08, "median": -9.27451271338e-09, "min": -8.7382964864e-08, "var": 9.22014288979e-17}, "spectral_energy": {"dmean": 0.0203701872379, "dmean2": 0.0334807299078, "dvar": 0.000961120706052, "dvar2": 0.00251029152423, "max": 0.332492411137, "mean": 0.0439468212426, "median": 0.0361954048276, "min": 9.04413425661e-13, "var": 0.00137453514617}, "spectral_energyband_high": {"dmean": 0.000392436486436, "dmean2": 0.000502106035128, "dvar": 5.88970067383e-07, "dvar2": 9.78837761068e-07, "max": 0.0197910759598, "mean": 0.000642019964289, "median": 0.000106121537101, "min": 2.75591805236e-13, "var": 1.65954600106e-06}, "spectral_energyband_low": {"dmean": 0.0169953014702, "dmean2": 0.0286253020167, "dvar": 0.000831512501463, "dvar2": 0.00218532397412, "max": 0.326173335314, "mean": 0.0278406105936, "median": 0.0205691158772, "min": 1.47951014504e-13, "var": 0.000990646076389}, "spectral_energyband_middle_high": {"dmean": 0.00124976772349, "dmean2": 0.00189864553977, "dvar": 5.13299073646e-06, "dvar2": 1.1363041267e-05, "max": 0.0405704118311, "mean": 0.00233989721164, "median": 0.000658945005853, "min": 7.84861745365e-14, "var": 1.57084978127e-05}, "spectral_energyband_middle_low": {"dmean": 0.00537846051157, "dmean2": 0.00842427369207, "dvar": 5.57178827876e-05, "dvar2": 0.0001378300949, "max": 0.114602953196, "mean": 0.0142420595512, "median": 0.00975901447237, "min": 4.17577376757e-13, "var": 0.000212546161492}, "spectral_entropy": {"dmean": 0.452396929264, "dmean2": 0.660791575909, "dvar": 0.240963891149, "dvar2": 0.542194664478, "max": 9.81166553497, "mean": 6.94272327423, "median": 7.14374542236, "min": 2.51949071884, "var": 0.949658632278}, "spectral_flux": {"dmean": 0.0472851544619, "dmean2": 0.0747112035751, "dvar": 0.00270015955903, "dvar2": 0.00597162125632, "max": 0.497275590897, "mean": 0.101119205356, "median": 0.0868830010295, "min": 3.10810719384e-05, "var": 0.00498143350706}, "spectral_kurtosis": {"dmean": 5.26079893112, "dmean2": 8.30665969849, "dvar": 210.893554688, "dvar2": 561.214477539, "max": 545.735290527, "mean": 10.4122600555, "median": 4.54171657562, "min": -1.45130467415, "var": 728.56842041}, "spectral_rms": {"dmean": 0.00140559393913, "dmean2": 0.00223444076255, "dvar": 2.98234158436e-06, "dvar2": 7.22526056052e-06, "max": 0.0180106312037, "mean": 0.00598865328357, "median": 0.00594243966043, "min": 2.97044540076e-08, "var": 7.01100270817e-06}, "spectral_rolloff": {"dmean": 266.532592773, "dmean2": 460.233978271, "dvar": 557145.5, "dvar2": 1335951.625, "max": 13953.515625, "mean": 571.897399902, "median": 366.064453125, "min": 43.06640625, "var": 693042.625}, "spectral_skewness": {"dmean": 0.520700037479, "dmean2": 0.788957834244, "dvar": 0.495109409094, "dvar2": 1.18175244331, "max": 20.3647556305, "mean": 2.11714601517, "median": 1.71623504162, "min": -0.363321185112, "var": 2.35773253441}, "spectral_spread": {"dmean": 994493.125, "dmean2": 1334353.75, "dvar": 930161557504, "dvar2": 1643263164420.0, "max": 41111204, "mean": 4829886.5, "median": 4395285, "min": 202827.265625, "var": 4323238477820.0}, "spectral_strongpeak": {"dmean": 0.396373748779, "dmean2": 0.673558712006, "dvar": 0.462036460638, "dvar2": 1.11205637455, "max": 9.66692066193, "mean": 0.880799174309, "median": 0.448325276375, "min": 0, "var": 1.30142784119}, "zerocrossingrate": {"dmean": 0.00972456578165, "dmean2": 0.0108931977302, "dvar": 0.000163324701134, "dvar2": 0.000176777306478, "max": 0.4541015625, "mean": 0.0339176952839, "median": 0.02490234375, "min": 0.00146484375, "var": 0.000841618864797}, "barkbands": {"dmean": [0.00162171281409, 0.011774324812, 0.00668248720467, 0.00183882156853, 0.00183239579201, 0.00119623937644, 0.00115977600217, 0.00071713066427, 0.000573434517719, 0.000370131252566, 0.000223849216127, 0.000139863885124, 0.000200781068997, 0.0001454208832, 0.000112760084448, 0.000129595297039, 0.000135927417432, 0.000106538711407, 9.33874543989e-05, 7.84248695709e-05, 7.85519368947e-05, 9.44348576013e-05, 6.67361455271e-05, 6.39451973257e-05, 4.83893600176e-05, 2.1146641302e-05, 1.2643624359e-05], "dmean2": [0.00277630728669, 0.0199363939464, 0.0115923518315, 0.00314282346517, 0.00298299151473, 0.00187383685261, 0.00159269350115, 0.00118265289348, 0.000891102536116, 0.000549312040675, 0.000330279959599, 0.000216860848013, 0.000314620730933, 0.000240008812398, 0.000177108726348, 0.000208830693737, 0.000223060953431, 0.000170934887137, 0.000153062370373, 0.00012353004422, 0.000115111339255, 0.00012809013424, 8.53381352499e-05, 8.44311070978e-05, 6.64137187414e-05, 2.74779631582e-05, 1.7130649212e-05], "dvar": [1.21718685477e-05, 0.000505641335621, 0.000104683989775, 9.43840495893e-06, 8.4778857854e-06, 5.90006266066e-06, 1.11421886686e-05, 5.83037217439e-06, 2.54190263149e-06, 1.34368849558e-06, 5.60596902233e-07, 2.01988086701e-07, 4.25278017246e-07, 1.45140234054e-07, 1.06766783858e-07, 1.61735371762e-07, 1.03938603502e-07, 4.85620752499e-08, 4.39415011044e-08, 2.87278307809e-08, 2.45138682686e-08, 4.20236823118e-08, 2.45704487867e-08, 2.92846618066e-08, 9.06907331455e-08, 1.72324055026e-09, 6.23830542779e-10], "dvar2": [3.44251166098e-05, 0.00132130773272, 0.000288272538455, 2.48557680607e-05, 2.10566486203e-05, 1.40986530823e-05, 2.28393237194e-05, 1.41919972521e-05, 5.88123521084e-06, 2.37812650994e-06, 1.03119509731e-06, 4.24017230216e-07, 9.02263252556e-07, 3.53260645625e-07, 2.07560944432e-07, 3.78904900344e-07, 2.36300422785e-07, 1.10752480964e-07, 1.10801828157e-07, 6.65628263619e-08, 5.01594676905e-08, 7.88262894957e-08, 4.3550041795e-08, 6.38119317387e-08, 2.12305295122e-07, 2.36320230051e-09, 1.02253427947e-09], "max": [0.10001771152, 0.284396350384, 0.0944626256824, 0.0361144766212, 0.0342354141176, 0.0642787069082, 0.0858342647552, 0.0802170485258, 0.0485270917416, 0.0576211549342, 0.0344162583351, 0.0125037431717, 0.0298589318991, 0.00979748275131, 0.0061508868821, 0.0126794530079, 0.00719042029232, 0.00538074504584, 0.00618947390467, 0.00435918662697, 0.00513495923951, 0.00455887010321, 0.00705067301169, 0.00709547381848, 0.0184798631817, 0.000419185729697, 0.00029620929854], "mean": [0.00160153198522, 0.0157953947783, 0.00945570878685, 0.00251281447709, 0.00336196529679, 0.00262516806833, 0.0034337118268, 0.000989099615254, 0.000990457483567, 0.000663646147586, 0.000392998044845, 0.00019180176605, 0.000281479791738, 0.000175532288267, 0.000173318185261, 0.000177677851752, 0.000170538041857, 0.000143250610563, 0.00011818013445, 0.000117893468996, 0.0001205123408, 0.00013611993927, 0.000105831772089, 9.28446097532e-05, 6.90255474183e-05, 3.04422737827e-05, 1.99720343517e-05], "median": [0.000584935361985, 0.00937049929053, 0.0057430723682, 0.00109079875983, 0.00136709492654, 0.000566445465665, 0.0002347418922, 4.9000576837e-05, 6.54562390991e-05, 7.07172948751e-05, 4.23949713877e-05, 2.41061934503e-05, 3.01601558022e-05, 2.39627916017e-05, 2.30891455431e-05, 2.19265093619e-05, 2.23956212722e-05, 2.10226062336e-05, 2.57763640548e-05, 2.50932444033e-05, 2.13121129491e-05, 1.91055642063e-05, 1.05217495729e-05, 8.30135195429e-06, 4.47173215434e-06, 2.44923330683e-06, 1.07670041416e-06], "min": [4.13926832466e-15, 4.08507388615e-14, 6.58121764008e-14, 9.56507822166e-14, 2.27662832163e-13, 6.14908853545e-14, 4.44189498551e-15, 1.89154518871e-14, 8.12652896365e-15, 1.09195794496e-14, 2.44057699499e-15, 5.08282448791e-15, 7.81121840793e-15, 7.93594146832e-15, 6.0051078422e-15, 4.14500316123e-15, 7.47507761798e-15, 1.39233454749e-14, 6.3911968945e-15, 7.8861740475e-15, 1.47182291447e-14, 1.88529544081e-14, 9.4638279689e-15, 2.48670052242e-14, 4.31234468436e-14, 8.32719920037e-14, 8.39714989166e-14], "var": [1.11895224109e-05, 0.000554140831809, 0.000125836042571, 1.23436711874e-05, 1.81910127139e-05, 3.3589272789e-05, 7.9631441622e-05, 1.02708345366e-05, 1.08162030301e-05, 4.83836720377e-06, 3.32604622599e-06, 4.22859272931e-07, 1.10218502414e-06, 2.55483485034e-07, 2.96797679766e-07, 3.81799566185e-07, 1.72935457954e-07, 9.58388000072e-08, 6.32100665143e-08, 5.27106926995e-08, 6.81332892327e-08, 9.86607346931e-08, 9.08189434767e-08, 8.82984920736e-08, 1.51469663479e-07, 4.35479829974e-09, 1.63748570259e-09]}, "erbbands": {"dmean": [0.381263613701, 2.71519136429, 7.52424860001, 6.39901399612, 5.42749357224, 7.1751871109, 4.97053861618, 10.943529129, 19.2324714661, 10.4436540604, 18.2564487457, 13.2720460892, 15.2829771042, 7.60988473892, 9.05400848389, 5.77766370773, 9.13751888275, 7.87838554382, 5.65769910812, 6.11716365814, 7.21017408371, 7.10069608688, 5.76963281631, 5.73176145554, 3.99453353882, 3.59978222847, 3.24682784081, 3.23598790169, 3.40949702263, 2.56580352783, 1.8164716959, 1.50663745403, 0.957031607628, 0.601196229458, 0.311386883259, 0.110248364508, 0.0359440557659, 0.0088055441156, 0.00202700588852, 0.000192477251403], "dmean2": [0.624899029732, 4.73279094696, 13.1212120056, 11.0104465485, 9.02473735809, 11.8116083145, 8.45094966888, 17.222743988, 26.2915592194, 15.2383880615, 30.6657543182, 21.1025714874, 22.459651947, 11.5801496506, 13.4476490021, 8.89809989929, 14.6044111252, 12.684387207, 9.15167999268, 9.78856182098, 11.4456062317, 11.651673317, 9.14684009552, 9.41796207428, 6.40423440933, 5.67594575882, 4.90962314606, 4.65049219131, 4.69252490997, 3.43834376335, 2.35939502716, 1.94335329533, 1.25685203075, 0.830456316471, 0.423717111349, 0.147049024701, 0.0478055365384, 0.0115518467501, 0.00275464658625, 0.000267282710411], "dvar": [0.527046322823, 28.8702392578, 142.213607788, 107.138832092, 59.7771453857, 152.007965088, 77.5320129395, 575.481262207, 2540.828125, 1182.52575684, 3992.2734375, 1419.38000488, 2421.28417969, 468.361358643, 950.368774414, 328.934326172, 842.723022461, 424.757141113, 188.528701782, 295.233428955, 354.104095459, 277.509307861, 146.915847778, 165.253860474, 82.4444122314, 60.2835350037, 44.1163063049, 41.7370071411, 58.1268119812, 30.4536075592, 20.7712039948, 16.9362697601, 8.67597579956, 7.625852108, 6.23417854309, 0.0586211197078, 0.00519480276853, 0.00035553908674, 1.64786579262e-05, 1.23452565504e-07], "dvar2": [1.3307056427, 79.3340988159, 399.44229126, 291.395446777, 154.790512085, 386.631896973, 208.224990845, 1438.49230957, 5068.24316406, 2236.90258789, 10438.0595703, 3601.70166016, 4465.56884766, 951.749450684, 1707.32397461, 695.920227051, 1934.87915039, 1011.03552246, 427.188446045, 645.094970703, 786.687255859, 630.662597656, 318.502685547, 427.572967529, 197.30015564, 141.460159302, 95.0339736938, 83.8628158569, 114.10244751, 54.1741065979, 33.5865325928, 32.3682823181, 20.1415863037, 17.2084903717, 14.6297073364, 0.0963736623526, 0.00737119000405, 0.000582019391004, 2.63876318058e-05, 2.24646441893e-07], "max": [13.5527706146, 68.1370544434, 114.375137329, 125.612350464, 129.944274902, 155.48449707, 131.222503662, 698.271911621, 1292.03515625, 1077.90869141, 1445.23583984, 1093.62487793, 2328.51489258, 729.729736328, 1822.46789551, 505.403869629, 1160.16503906, 599.587280273, 253.89251709, 369.591400146, 451.887573242, 377.297088623, 248.151275635, 266.340637207, 249.831344604, 224.481842041, 186.20854187, 262.053100586, 206.591125488, 175.581039429, 280.914337158, 216.43913269, 203.663391113, 161.727294922, 150.401504517, 7.15165710449, 0.759358525276, 0.419122427702, 0.041404619813, 0.00351217575371], "mean": [0.483721554279, 3.46697425842, 10.930729866, 9.14793395996, 10.2209310532, 12.3703784943, 7.06195497513, 24.3480415344, 59.9291381836, 25.4291801453, 25.4221382141, 22.3153476715, 23.28698349, 15.4632663727, 15.9308633804, 8.37150859833, 12.7053031921, 10.4513044357, 8.32546043396, 9.74348163605, 9.80248737335, 9.22146320343, 8.05377101898, 7.16530990601, 5.41647815704, 5.47712993622, 5.09276819229, 4.81360578537, 4.95181798935, 3.79519367218, 2.93503141403, 2.20786762238, 1.41373193264, 0.924158334732, 0.40029707551, 0.149246633053, 0.0525365956128, 0.0135367689654, 0.00325270765461, 0.000323322426993], "median": [0.221135795116, 2.13622879982, 7.27456951141, 6.53840589523, 7.79148340225, 4.11002063751, 3.20410323143, 5.38832807541, 4.02382802963, 2.99467849731, 2.08370304108, 2.10247898102, 2.71164345741, 2.43694543839, 2.16960787773, 1.48529446125, 1.67465221882, 1.61885333061, 1.37027537823, 1.40650308132, 1.40863108635, 1.19408762455, 1.18268454075, 1.39160978794, 1.19110882282, 1.23019206524, 0.99930280447, 0.770342350006, 0.707701086998, 0.448894917965, 0.27641299367, 0.204642534256, 0.120217964053, 0.0598029531538, 0.0258669815958, 0.0117553817108, 0.00427862582728, 0.00104664685205, 0.000190378937987, 6.40751750325e-05], "min": [4.90115164165e-13, 1.22557736529e-11, 6.64486937696e-11, 2.0927359845e-10, 5.83415871169e-10, 7.49292294877e-10, 7.67323482531e-10, 3.70572877939e-10, 9.06887551166e-11, 1.90377338893e-10, 4.13436007651e-10, 1.85765069993e-10, 2.2128236743e-10, 2.88594592668e-10, 1.31739744114e-10, 2.28274316116e-10, 3.55472151714e-10, 3.51537826626e-10, 3.48470363676e-10, 2.86470402955e-10, 3.57979479393e-10, 3.57381430005e-10, 4.92490492832e-10, 5.87249859851e-10, 4.68713345914e-10, 3.50675016803e-10, 4.65801897054e-10, 7.2503203441e-10, 5.57543289315e-10, 4.07007122449e-10, 2.67437877399e-10, 3.65664470925e-10, 4.45649100955e-10, 3.23061799534e-10, 4.16214590571e-10, 2.86713930375e-10, 1.87013959874e-10, 6.69573285705e-11, 1.15821484348e-11, 9.76737028931e-13], "var": [0.724495351315, 25.7797603607, 158.067886353, 111.176506042, 108.978912354, 291.619934082, 110.386497498, 2817.76855469, 20569.4785156, 5182.67919922, 6576.17089844, 5113.79199219, 6527.86328125, 2289.37597656, 6425.78222656, 692.200683594, 1945.1652832, 810.30645752, 427.48236084, 862.365600586, 828.689147949, 501.618408203, 309.053649902, 225.58694458, 135.678085327, 110.441726685, 111.070770264, 116.304969788, 131.707595825, 91.1798019409, 79.8547439575, 53.025138855, 27.0020027161, 24.2269897461, 6.68090438843, 0.121809266508, 0.0128530217335, 0.000829686643556, 4.30648142355e-05, 3.29192289428e-07]}, "gfcc": {"mean": [-49.2376823425, 103.986213684, -75.2544021606, 37.5030632019, -42.6905326843, 9.20096206665, -23.7747516632, 3.68477916718, -14.788151741, -0.357168406248, -11.061501503, -1.61775505543, -8.41149997711], "cov": [[10694.3398438, -2144.74316406, 549.656799316, 888.070251465, -498.817199707, 430.683380127, -198.500656128, 362.309265137, -64.1499786377, 269.960357666, -413.045928955, 38.9793167114, -351.3543396], [-2144.74316406, 2229.35522461, 300.633239746, 136.408554077, 326.521057129, -306.079833984, 1.90313160419, -146.36038208, 54.7357635498, -57.2769126892, 107.384635925, -102.217628479, 60.8922309875], [549.656799316, 300.633239746, 2217.8125, 746.438171387, 193.933624268, 248.486618042, -122.01033783, 7.66361045837, -23.6475963593, -4.09809732437, -92.4867401123, -62.0260772705, -68.3037567139], [888.070251465, 136.408554077, 746.438171387, 928.854125977, 333.338195801, 137.581497192, 2.59797310829, -65.6435317993, -80.8159637451, -69.8651046753, -127.387451172, -43.086391449, -33.4679870605], [-498.817199707, 326.521057129, 193.933624268, 333.338195801, 514.188537598, 130.074768066, 72.9950332642, -68.9139175415, -66.0199890137, -123.092605591, -68.8000564575, -45.8279876709, 16.9982700348], [430.683380127, -306.079833984, 248.486618042, 137.581497192, 130.074768066, 309.240020752, 73.4312286377, 46.7247772217, -46.141658783, -31.8642463684, -61.9113273621, -8.7144651413, -16.8971347809], [-198.500656128, 1.90313160419, -122.01033783, 2.59797310829, 72.9950332642, 73.4312286377, 257.524597168, 48.7011871338, 8.11831188202, -69.4793014526, -47.5566978455, -22.7486476898, 26.4617576599], [362.309265137, -146.36038208, 7.66361045837, -65.6435317993, -68.9139175415, 46.7247772217, 48.7011871338, 192.29107666, 82.0311660767, 48.3757286072, -15.9946632385, 2.69991588593, -7.53147745132], [-64.1499786377, 54.7357635498, -23.6475963593, -80.8159637451, -66.0199890137, -46.141658783, 8.11831188202, 82.0311660767, 180.895065308, 93.6418075562, 55.9153823853, -6.80404567719, -6.33055305481], [269.960357666, -57.2769126892, -4.09809732437, -69.8651046753, -123.092605591, -31.8642463684, -69.4793014526, 48.3757286072, 93.6418075562, 208.63911438, 111.713951111, 39.4744720459, -37.9123458862], [-413.045928955, 107.384635925, -92.4867401123, -127.387451172, -68.8000564575, -61.9113273621, -47.5566978455, -15.9946632385, 55.9153823853, 111.713951111, 208.807540894, 73.2506256104, 19.7801189423], [38.9793167114, -102.217628479, -62.0260772705, -43.086391449, -45.8279876709, -8.7144651413, -22.7486476898, 2.69991588593, -6.80404567719, 39.4744720459, 73.2506256104, 124.229125977, 49.089717865], [-351.3543396, 60.8922309875, -68.3037567139, -33.4679870605, 16.9982700348, -16.8971347809, 26.4617576599, -7.53147745132, -6.33055305481, -37.9123458862, 19.7801189423, 49.089717865, 105.479377747]], "icov": [[0.000194104984985, 6.74465190968e-05, 6.48963614367e-05, -0.000290084310109, 0.000267893308774, -0.000148710751091, 0.000142444609082, -0.000243766160565, 7.70979968365e-05, -0.000213517749216, 0.000415736052673, -0.000294663826935, 0.000424536032369], [6.74465190968e-05, 0.000890585943125, -0.000238812848693, 9.50397770794e-06, -0.00068435590947, 0.00119450024795, -0.000227299184189, 1.39074745675e-05, 4.54418113804e-05, -0.000109863147372, -0.000589904841036, 0.000947581778746, -0.000448576087365], [6.48963614367e-05, -0.000238812848693, 0.000825136899948, -0.00072341482155, 0.000497408851516, -0.000968885724433, 0.000669024419039, -0.00025202013785, -0.000206251832424, 0.000106243292976, 0.000182567542652, -6.80537923472e-05, 0.000260864529992], [-0.000290084310109, 9.50397770794e-06, -0.00072341482155, 0.00252764672041, -0.00161977962125, 0.000582089065574, -0.000466037425213, 0.00090678234119, 0.00012433923257, -0.000353876821464, 0.000459391158074, -9.47101507336e-05, -0.000264068745309], [0.000267893308774, -0.00068435590947, 0.000497408851516, -0.00161977962125, 0.00443509453908, -0.00253834412433, 0.000177188005182, 0.000469697493827, -0.000336515891831, 0.00116270314902, 0.000427385792136, -0.000283296220005, 0.000412728579249], [-0.000148710751091, 0.00119450024795, -0.000968885724433, 0.000582089065574, -0.00253834412433, 0.00695759570226, -0.00188124505803, -0.00139616255183, 0.00186446565203, -0.000661220576148, -0.000686091370881, 0.000728837389033, -6.80620287312e-05], [0.000142444609082, -0.000227299184189, 0.000669024419039, -0.000466037425213, 0.000177188005182, -0.00188124505803, 0.00578839424998, -0.001608778839, -0.000983366393484, 0.00179095508065, 0.000328238937072, 0.000420617725467, -0.000678472220898], [-0.000243766160565, 1.39074745675e-05, -0.00025202013785, 0.00090678234119, 0.000469697493827, -0.00139616255183, -0.001608778839, 0.00912343617529, -0.00407761707902, -0.00120600825176, 0.00218429113738, -0.00105740060098, -0.000535519269761], [7.70979968365e-05, 4.54418113804e-05, -0.000206251832424, 0.00012433923257, -0.000336515891831, 0.00186446565203, -0.000983366393484, -0.00407761707902, 0.0105343023315, -0.0041646300815, -0.0015991688706, 0.00338088814169, -0.00169329135679], [-0.000213517749216, -0.000109863147372, 0.000106243292976, -0.000353876821464, 0.00116270314902, -0.000661220576148, 0.00179095508065, -0.00120600825176, -0.0041646300815, 0.0122841596603, -0.00511861592531, -0.00232118251733, 0.00468547595665], [0.000415736052673, -0.000589904841036, 0.000182567542652, 0.000459391158074, 0.000427385792136, -0.000686091370881, 0.000328238937072, 0.00218429113738, -0.0015991688706, -0.00511861592531, 0.0115823615342, -0.00570408627391, 0.000431105523603], [-0.000294663826935, 0.000947581778746, -6.80537923472e-05, -9.47101507336e-05, -0.000283296220005, 0.000728837389033, 0.000420617725467, -0.00105740060098, 0.00338088814169, -0.00232118251733, -0.00570408627391, 0.0167322866619, -0.00897016562521], [0.000424536032369, -0.000448576087365, 0.000260864529992, -0.000264068745309, 0.000412728579249, -6.80620287312e-05, -0.000678472220898, -0.000535519269761, -0.00169329135679, 0.00468547595665, 0.000431105523603, -0.00897016562521, 0.0169696267694]]}, "melbands": {"dmean": [0.00323305604979, 0.00369143323041, 0.00104715931229, 0.000479271402583, 0.000182083880645, 0.000249600561801, 0.000282983848592, 0.000111789704533, 0.000151920146891, 7.87596363807e-05, 7.47275553294e-05, 2.99183702737e-05, 3.1496216252e-05, 1.6088677512e-05, 2.04436892091e-05, 1.97224890144e-05, 1.46407110151e-05, 9.2545624284e-06, 8.82454696693e-06, 9.44249040913e-06, 8.74364832271e-06, 8.14317445474e-06, 5.74212526772e-06, 5.21132687936e-06, 4.89473268317e-06, 3.1397244129e-06, 2.67496193374e-06, 2.45679484578e-06, 2.19869275497e-06, 2.07171706279e-06, 1.82139865501e-06, 2.05575406653e-06, 1.76592061507e-06, 1.37068332151e-06, 1.10383257379e-06, 1.02363685528e-06, 9.2962608278e-07, 6.98725955317e-07, 6.03683588452e-07, 4.97957159951e-07], "dmean2": [0.00537136616185, 0.00642601633444, 0.00178938091267, 0.000774943735451, 0.000309149472741, 0.000387448468246, 0.000385717197787, 0.000166543657542, 0.000257061241427, 0.000122126220958, 0.000109872831672, 4.62329808215e-05, 4.65916346002e-05, 2.44437560468e-05, 3.27777925122e-05, 3.02454500343e-05, 2.38780194195e-05, 1.50693058458e-05, 1.38118502946e-05, 1.51560989252e-05, 1.39330959428e-05, 1.34687161335e-05, 9.16844601306e-06, 8.38329196995e-06, 8.11485551822e-06, 5.10638437845e-06, 4.272278602e-06, 3.87873342333e-06, 3.43775286638e-06, 3.08616631628e-06, 2.62122148342e-06, 2.87671377919e-06, 2.39517976297e-06, 1.89032959952e-06, 1.47208811541e-06, 1.35043626415e-06, 1.23861468637e-06, 9.3024192438e-07, 8.18762202925e-07, 6.94985828886e-07], "dvar": [3.79381490347e-05, 3.88730477425e-05, 2.69102702077e-06, 5.95575102125e-07, 1.01880296199e-07, 2.9374746191e-07, 5.70357997276e-07, 1.32962355792e-07, 2.76039543223e-07, 5.0891653558e-08, 5.85892649951e-08, 7.8869684117e-09, 9.96175941737e-09, 2.25422724931e-09, 6.69600153103e-09, 5.69170355291e-09, 1.64003632896e-09, 5.41180267266e-10, 8.78550288075e-10, 1.0963715491e-09, 4.91377549761e-10, 3.88646170801e-10, 1.99860364369e-10, 1.43907635808e-10, 1.34449812395e-10, 5.36071360913e-11, 3.73911700213e-11, 2.97493592261e-11, 2.38615707054e-11, 1.93647285707e-11, 1.52695148192e-11, 2.24432399748e-11, 1.56666797591e-11, 9.64319249452e-12, 9.35985490502e-12, 8.28607755327e-12, 7.63365239076e-12, 6.21671204099e-12, 4.33419532903e-12, 8.76433908087e-12], "dvar2": [9.68720705714e-05, 0.000109137850814, 7.2319676292e-06, 1.45808996876e-06, 2.75255729321e-07, 6.9247363399e-07, 1.15263014777e-06, 2.58321790625e-07, 7.28842394437e-07, 1.24089169162e-07, 1.07770020463e-07, 1.59257727006e-08, 1.92749016747e-08, 4.29153557135e-09, 1.35719320227e-08, 1.0398589545e-08, 4.0509551269e-09, 1.24418175762e-09, 1.69535796513e-09, 2.61442845151e-09, 1.06745823292e-09, 8.83811579477e-10, 4.54885212831e-10, 3.2487657009e-10, 3.52757434374e-10, 1.30887245486e-10, 8.78581513097e-11, 7.15859108102e-11, 5.40486405631e-11, 3.92615384648e-11, 3.15434449394e-11, 4.5644269614e-11, 2.90337042602e-11, 1.74048171708e-11, 1.52202764281e-11, 1.44128953564e-11, 1.54814425168e-11, 1.46112792004e-11, 9.14569114885e-12, 1.85735489489e-11], "max": [0.0875997617841, 0.071746379137, 0.0203440114856, 0.00937506649643, 0.00391199765727, 0.0147175528109, 0.0198920294642, 0.0131986029446, 0.011828112416, 0.00735172769055, 0.0114394417033, 0.00291140191257, 0.00472700642422, 0.00249203690328, 0.00272796559148, 0.00410134997219, 0.00133068568539, 0.00037175451871, 0.000671114423312, 0.00116636510938, 0.000521406473126, 0.000410011125496, 0.000511447025929, 0.000267017137958, 0.000231869547861, 0.000246823532507, 0.000226755844778, 0.000162359370734, 0.00016095211322, 0.000143081473652, 0.000174551838427, 0.000131941545988, 0.000135633876198, 0.000143025972648, 0.000198627400096, 0.000168348691659, 0.000144009449286, 0.000170455663465, 0.000137815979542, 0.000200533948373], "mean": [0.00436486676335, 0.00539157353342, 0.00165766605642, 0.000925214437302, 0.000266474526143, 0.000574836914893, 0.000886221649125, 0.000240676527028, 0.000211996419239, 0.000134597503347, 0.000112749512482, 6.08147674939e-05, 5.41976405657e-05, 2.49649820034e-05, 2.49513796007e-05, 2.85734968202e-05, 1.82503190445e-05, 1.2492138012e-05, 1.36779153763e-05, 1.35095160658e-05, 1.07996356746e-05, 1.01193227238e-05, 7.54820348448e-06, 6.84533551976e-06, 5.77650325795e-06, 4.00483531848e-06, 3.68054497812e-06, 3.64092784366e-06, 3.23354788634e-06, 3.08269022753e-06, 2.6163424991e-06, 2.89129661724e-06, 2.47692332778e-06, 1.95965708372e-06, 1.68641656728e-06, 1.59123874255e-06, 1.26476697915e-06, 9.99604026219e-07, 8.77467130067e-07, 7.57760119541e-07], "median": [0.00241884659044, 0.00407078349963, 0.00130511028692, 0.000450858613476, 0.000137866736623, 0.000115965412988, 5.68135437788e-05, 1.88653648365e-05, 1.23574136524e-05, 1.03620168375e-05, 1.06234783743e-05, 7.43739701647e-06, 6.25691018286e-06, 3.40404471899e-06, 2.64991467702e-06, 3.22510732076e-06, 2.64493269242e-06, 1.86954184755e-06, 1.6810120087e-06, 1.53364840116e-06, 1.61395212217e-06, 1.22538074265e-06, 9.96984226731e-07, 1.02750482256e-06, 1.09055849862e-06, 8.27430710615e-07, 8.12135681372e-07, 7.77455454681e-07, 6.3605421019e-07, 4.69825778282e-07, 4.10243927718e-07, 3.99066180989e-07, 3.08555797801e-07, 2.04312527785e-07, 1.47725231159e-07, 1.37193794103e-07, 1.1601193961e-07, 8.69940279813e-08, 6.44941948735e-08, 4.45876580102e-08], "min": [8.13192202242e-15, 2.87833721701e-14, 4.72303131934e-14, 5.04362583599e-14, 2.82762416861e-14, 8.79012083255e-15, 1.24221341594e-15, 2.7071630392e-15, 3.25714597878e-15, 9.59144428208e-16, 1.17394870138e-15, 1.30656145015e-15, 3.44858400107e-16, 5.82187926323e-16, 6.23424984206e-16, 7.53546820838e-16, 6.82533960821e-16, 6.30545990194e-16, 4.92893342447e-16, 2.75623621064e-16, 4.90386760198e-16, 4.77195598473e-16, 2.03020668446e-16, 7.21546816064e-16, 4.41285716083e-16, 2.83892886091e-16, 4.11075968382e-16, 1.65663392038e-16, 2.09015954412e-16, 3.78030010266e-16, 4.90981377327e-16, 3.59594946974e-16, 2.7695960378e-16, 1.97289947928e-16, 1.48606186654e-16, 1.51888862841e-16, 2.66005667827e-16, 3.15602676202e-16, 2.89599188238e-16, 2.40519902282e-16], "var": [4.69687292934e-05, 3.78711483791e-05, 3.09109896079e-06, 1.3355199826e-06, 1.34860783874e-07, 1.72164243395e-06, 4.56998350273e-06, 5.0545384056e-07, 5.16570537457e-07, 1.92379687292e-07, 1.60111156333e-07, 4.0803264767e-08, 5.94934093101e-08, 1.2381776493e-08, 1.1412793377e-08, 1.62651279112e-08, 2.91750601455e-09, 1.08606568183e-09, 2.40744979507e-09, 2.35992936304e-09, 9.39297417624e-10, 6.84871548362e-10, 3.30533878046e-10, 2.77341455357e-10, 1.68549021962e-10, 8.38166064332e-11, 6.50597492546e-11, 5.11719867868e-11, 4.93891802456e-11, 5.16725759403e-11, 4.0076365837e-11, 4.81671057206e-11, 3.84366878603e-11, 3.04608629986e-11, 3.33405664188e-11, 2.98639377116e-11, 2.02639398317e-11, 1.60818285772e-11, 1.64343469389e-11, 2.61347627567e-11]}, "mfcc": {"mean": [-708.88873291, 134.580688477, 29.238067627, 38.5013542175, 11.3507909775, 12.6724996567, 4.16647100449, 6.77184581757, 3.02388882637, 3.14936614037, 0.745169520378, 1.24850010872, -0.0211576670408], "cov": [[10475.1943359, -1701.4552002, -103.186546326, 221.962310791, -257.315338135, 88.2917556763, -159.370925903, 69.5826568604, 188.492111206, 141.058517456, 167.070343018, 68.5169143677, -68.8299407959], [-1701.4552002, 1727.16943359, 116.645042419, 311.783538818, 167.853912354, -13.2119541168, -11.6757793427, -91.2852325439, -58.8219299316, -4.25455617905, 21.7591457367, -15.0131559372, 2.70490074158], [-103.186546326, 116.645042419, 1359.07409668, 326.615356445, 341.586120605, 226.442337036, 89.9792556763, 53.013469696, 13.2253866196, 53.7694854736, -1.50211691856, -57.6600952148, -13.3459501266], [221.962310791, 311.783538818, 326.615356445, 708.207458496, 292.601898193, 246.15246582, 101.682472229, 60.3240013123, 45.192779541, -14.1728019714, -21.6649570465, -81.8847808838, -62.3150177002], [-257.315338135, 167.853912354, 341.586120605, 292.601898193, 445.931182861, 215.521499634, 103.583648682, 51.5413208008, 11.8698596954, -14.9154634476, -38.6381759644, -19.9921855927, -37.5320243835], [88.2917556763, -13.2119541168, 226.442337036, 246.15246582, 215.521499634, 293.687805176, 144.862487793, 72.6606140137, 29.4853820801, -13.6976299286, -23.9205970764, -41.1535415649, -40.1987304688], [-159.370925903, -11.6757793427, 89.9792556763, 101.682472229, 103.583648682, 144.862487793, 205.944869995, 100.135345459, 32.0393257141, -10.362947464, -30.8456783295, -40.8397827148, -31.1294746399], [69.5826568604, -91.2852325439, 53.013469696, 60.3240013123, 51.5413208008, 72.6606140137, 100.135345459, 175.300170898, 103.407646179, 23.6748752594, -24.2712516785, -62.6665725708, -34.506652832], [188.492111206, -58.8219299316, 13.2253866196, 45.192779541, 11.8698596954, 29.4853820801, 32.0393257141, 103.407646179, 168.363113403, 69.5703582764, 3.18644118309, -44.3191833496, -32.2801780701], [141.058517456, -4.25455617905, 53.7694854736, -14.1728019714, -14.9154634476, -13.6976299286, -10.362947464, 23.6748752594, 69.5703582764, 137.693710327, 74.1671981812, 12.611738205, -22.1782932281], [167.070343018, 21.7591457367, -1.50211691856, -21.6649570465, -38.6381759644, -23.9205970764, -30.8456783295, -24.2712516785, 3.18644118309, 74.1671981812, 145.179473877, 80.530960083, 11.3396463394], [68.5169143677, -15.0131559372, -57.6600952148, -81.8847808838, -19.9921855927, -41.1535415649, -40.8397827148, -62.6665725708, -44.3191833496, 12.611738205, 80.530960083, 173.6431427, 82.378944397], [-68.8299407959, 2.70490074158, -13.3459501266, -62.3150177002, -37.5320243835, -40.1987304688, -31.1294746399, -34.506652832, -32.2801780701, -22.1782932281, 11.3396463394, 82.378944397, 157.408691406]], "icov": [[0.000132672488689, 0.000144738267409, 7.40612085792e-06, -0.00015382876154, 0.000111820736493, -8.25973693281e-05, 0.000180516057299, -9.42860970099e-06, -7.62359777582e-05, -2.78860388789e-05, -8.53414167068e-05, -8.70036674314e-05, 6.65753759677e-05], [0.000144738267409, 0.000880447216332, 4.56038869743e-05, -0.000557119492441, -0.000232660167967, 0.000503001676407, -0.000105160273961, 0.000522278947756, 2.74655067187e-05, -0.000127551975311, -0.000377022166504, 0.000282800174318, -0.000135030146339], [7.40612085792e-06, 4.56038869743e-05, 0.00102546077687, -0.000164930082974, -0.000622206600383, -0.000322533247527, 0.000118281590403, -6.40847138129e-05, 0.000493453175295, -0.000828849442769, -0.000118440482765, 0.000609784037806, -0.000523458234966], [-0.00015382876154, -0.000557119492441, -0.000164930082974, 0.00277646491304, -0.000902339059394, -0.00146048492752, 0.000197143745027, 0.000148724881001, -0.000633417454083, 0.0008640626329, -0.000739349925425, 0.00102663889993, 1.87607947737e-05], [0.000111820736493, -0.000232660167967, -0.000622206600383, -0.000902339059394, 0.00472102034837, -0.00230810325593, 0.000342842162354, -0.000703203841113, 0.000247943477007, -0.000293842342217, 0.0018626897363, -0.00217777024955, 0.00110777583905], [-8.25973693281e-05, 0.000503001676407, -0.000322533247527, -0.00146048492752, -0.00230810325593, 0.00871452316642, -0.00437542423606, 0.00069411972072, -0.00051665015053, 0.00101385742892, -0.000970258202869, 0.00046189269051, 0.000176812842255], [0.000180516057299, -0.000105160273961, 0.000118281590403, 0.000197143745027, 0.000342842162354, -0.00437542423606, 0.0101480986923, -0.00535358535126, 0.0017514557112, -9.20338206924e-05, 0.000829221040476, -0.000720683892723, 0.000630123657174], [-9.42860970099e-06, 0.000522278947756, -6.40847138129e-05, 0.000148724881001, -0.000703203841113, 0.00069411972072, -0.00535358535126, 0.0137142343447, -0.00712144095451, 0.00091267778771, -0.000667912012432, 0.00260561797768, -0.000649741559755], [-7.62359777582e-05, 2.74655067187e-05, 0.000493453175295, -0.000633417454083, 0.000247943477007, -0.00051665015053, 0.0017514557112, -0.00712144095451, 0.0131022548303, -0.00656826840714, 0.00182508025318, 0.000762282579672, -0.000299266452203], [-2.78860388789e-05, -0.000127551975311, -0.000828849442769, 0.0008640626329, -0.000293842342217, 0.00101385742892, -9.20338206924e-05, 0.00091267778771, -0.00656826840714, 0.015331341885, -0.00781124504283, 0.000700106844306, 0.00164199643768], [-8.53414167068e-05, -0.000377022166504, -0.000118440482765, -0.000739349925425, 0.0018626897363, -0.000970258202869, 0.000829221040476, -0.000667912012432, 0.00182508025318, -0.00781124504283, 0.0152327856049, -0.00739357434213, 0.00192606856581], [-8.70036674314e-05, 0.000282800174318, 0.000609784037806, 0.00102663889993, -0.00217777024955, 0.00046189269051, -0.000720683892723, 0.00260561797768, 0.000762282579672, 0.000700106844306, -0.00739357434213, 0.0134664243087, -0.00581739004701], [6.65753759677e-05, -0.000135030146339, -0.000523458234966, 1.87607947737e-05, 0.00110777583905, 0.000176812842255, 0.000630123657174, -0.000649741559755, -0.000299266452203, 0.00164199643768, 0.00192606856581, -0.00581739004701, 0.00971455965191]]}, "spectral_contrast_coeffs": {"dmean": [0.0598257519305, 0.0591311827302, 0.046723484993, 0.0350554808974, 0.0263749528676, 0.0239617265761], "dmean2": [0.0956265032291, 0.0963283032179, 0.075707025826, 0.0565119609237, 0.0415218919516, 0.0366999804974], "dvar": [0.00247589382343, 0.00277527584694, 0.001830867026, 0.00121118861716, 0.000764416414313, 0.000565897906199], "dvar2": [0.00613010302186, 0.00680147577077, 0.00448964908719, 0.00268040783703, 0.00152191531379, 0.00120350869838], "max": [-0.342374742031, -0.29557287693, -0.213591635227, -0.316849857569, -0.501243531704, -0.556241452694], "mean": [-0.649794220924, -0.686773836613, -0.763215124607, -0.803448021412, -0.815750479698, -0.783761262894], "median": [-0.650736153126, -0.707495808601, -0.780874967575, -0.825960934162, -0.829889714718, -0.794093489647], "min": [-0.988755643368, -0.95977383852, -0.963475704193, -0.95788371563, -0.960766434669, -0.961554646492], "var": [0.00955885089934, 0.0162527840585, 0.00940424390137, 0.0060925250873, 0.00352777028456, 0.0029370856937]}, "spectral_contrast_valleys": {"dmean": [0.553388893604, 0.657585024834, 0.638024926186, 0.624003231525, 0.590439498425, 0.697458088398], "dmean2": [0.847297430038, 1.05494403839, 1.02943515778, 0.981350183487, 0.895478785038, 0.895304441452], "dvar": [0.336491763592, 0.428632646799, 0.416382670403, 0.402022749186, 0.419390052557, 0.429760396481], "dvar2": [0.653395056725, 0.946637153625, 0.971009731293, 0.938325464725, 0.971981287003, 0.953821957111]