{"lowlevel": {"average_loudness": 0.9450070858, "barkbands_crest": {"dmean": 2.63091540337, "dmean2": 4.28680324554, "dvar": 6.37881088257, "dvar2": 15.5171394348, "max": 26.794588089, "mean": 10.2330207825, "median": 8.83334827423, "min": 2.3368499279, "var": 20.8087120056}, "barkbands_flatness_db": {"dmean": 0.0356219299138, "dmean2": 0.0515241511166, "dvar": 0.00115726271179, "dvar2": 0.00255159428343, "max": 0.447504341602, "mean": 0.177092701197, "median": 0.17195738852, "min": 0.0253020040691, "var": 0.00434081908315}, "barkbands_kurtosis": {"dmean": 5.59456110001, "dmean2": 9.09100151062, "dvar": 224.392486572, "dvar2": 563.625061035, "max": 743.496276855, "mean": 10.900261879, "median": 6.94731044769, "min": -1.82899916172, "var": 865.391113281}, "barkbands_skewness": {"dmean": 0.692028403282, "dmean2": 1.10619044304, "dvar": 0.551258862019, "dvar2": 1.36119425297, "max": 20.216211319, "mean": 2.08084249496, "median": 2.04653787613, "min": -24.5585460663, "var": 2.86354732513}, "barkbands_spread": {"dmean": 5.7008767128, "dmean2": 9.25492095947, "dvar": 63.2232170105, "dvar2": 160.03137207, "max": 116.123069763, "mean": 13.329709053, "median": 10.3449707031, "min": 0.301834523678, "var": 113.528945923}, "dissonance": {"dmean": 0.0292358212173, "dmean2": 0.0482888408005, "dvar": 0.000721484480891, "dvar2": 0.00188058137428, "max": 0.500000178814, "mean": 0.440561145544, "median": 0.449215859175, "min": 0.206803649664, "var": 0.00173778797034}, "dynamic_complexity": 3.13184332848, "erbbands_crest": {"dmean": 2.87498188019, "dmean2": 4.54079198837, "dvar": 8.3321056366, "dvar2": 19.4463768005, "max": 33.3249855042, "mean": 11.0689496994, "median": 9.53729438782, "min": 2.54984283447, "var": 32.3329467773}, "erbbands_flatness_db": {"dmean": 0.0263201873749, "dmean2": 0.0376104265451, "dvar": 0.0006543652853, "dvar2": 0.00137810467277, "max": 0.430848449469, "mean": 0.171436369419, "median": 0.164347961545, "min": 0.0461917370558, "var": 0.00280686444603}, "erbbands_kurtosis": {"dmean": 2.32700252533, "dmean2": 3.57434034348, "dvar": 12.3295087814, "dvar2": 28.9338588715, "max": 70.9649124146, "mean": 3.39994955063, "median": 1.5972032547, "min": -1.84121024609, "var": 34.321723938}, "erbbands_skewness": {"dmean": 0.504778087139, "dmean2": 0.780769944191, "dvar": 0.276831150055, "dvar2": 0.658515095711, "max": 7.10934972763, "mean": 1.17448699474, "median": 1.04913306236, "min": -1.83401024342, "var": 1.07977926731}, "erbbands_spread": {"dmean": 9.85394477844, "dmean2": 15.2793550491, "dvar": 133.645095825, "dvar2": 313.406158447, "max": 124.713729858, "mean": 30.4305534363, "median": 27.6581363678, "min": 1.75555515289, "var": 273.286712646}, "hfc": {"dmean": 8.95574951172, "dmean2": 14.6165914536, "dvar": 214.130615234, "dvar2": 566.313720703, "max": 158.980133057, "mean": 18.0334701538, "median": 15.3861532211, "min": 1.21145193215e-16, "var": 216.295974731}, "melbands_crest": {"dmean": 3.14665317535, "dmean2": 5.25562858582, "dvar": 8.61217498779, "dvar2": 22.1863822937, "max": 39.579246521, "mean": 13.4165239334, "median": 12.2959709167, "min": 1.91870093346, "var": 26.2551059723}, "melbands_flatness_db": {"dmean": 0.0440123416483, "dmean2": 0.0635442957282, "dvar": 0.00182073912583, "dvar2": 0.00407176185399, "max": 0.599552750587, "mean": 0.268117457628, "median": 0.268697679043, "min": 0.00534273218364, "var": 0.00656314752996}, "melbands_kurtosis": {"dmean": 8.64442825317, "dmean2": 14.1161813736, "dvar": 247.164703369, "dvar2": 665.010375977, "max": 628.073608398, "mean": 15.3435993195, "median": 10.4322414398, "min": -1.63953113556, "var": 436.917480469}, "melbands_skewness": {"dmean": 0.85028642416, "dmean2": 1.34939038754, "dvar": 0.814548373222, "dvar2": 2.10206127167, "max": 17.5660324097, "mean": 2.5486433506, "median": 2.37083649635, "min": -1.23713505268, "var": 2.01389193535}, "melbands_spread": {"dmean": 5.67500209808, "dmean2": 9.27987194061, "dvar": 75.6048431396, "dvar2": 190.007675171, "max": 159.780410767, "mean": 12.9852876663, "median": 9.1254196167, "min": 0.198489204049, "var": 198.354232788}, "pitch_salience": {"dmean": 0.084778778255, "dmean2": 0.137657523155, "dvar": 0.00616775639355, "dvar2": 0.0151501623914, "max": 0.895447015762, "mean": 0.582660198212, "median": 0.604494452477, "min": 0.0408821254969, "var": 0.0177010148764}, "silence_rate_20dB": {"dmean": 0, "dmean2": 0, "dvar": 0, "dvar2": 0, "max": 1, "mean": 1, "median": 1, "min": 1, "var": 0}, "silence_rate_30dB": {"dmean": 0.0483062416315, "dmean2": 0.0966198220849, "dvar": 0.0459656752646, "dvar2": 0.102314025164, "max": 1, "mean": 0.944786190987, "median": 1, "min": 0, "var": 0.0521677732468}, "silence_rate_60dB": {"dmean": 0.00805104058236, "dmean2": 0.0161033049226, "dvar": 0.0079844025895, "dvar2": 0.0190343223512, "max": 1, "mean": 0.054682161659, "median": 0, "min": 0, "var": 0.0516922660172}, "spectral_centroid": {"dmean": 281.978515625, "dmean2": 456.026763916, "dvar": 166231.09375, "dvar2": 403581.15625, "max": 11430.9013672, "mean": 832.611816406, "median": 637.145935059, "min": 130.677200317, "var": 356555.53125}, "spectral_complexity": {"dmean": 4.51602602005, "dmean2": 7.03653621674, "dvar": 36.2484016418, "dvar2": 82.7591247559, "max": 52, "mean": 14.4473304749, "median": 13, "min": 0, "var": 65.7578964233}, "spectral_decrease": {"dmean": 4.4063201976e-09, "dmean2": 7.06586966714e-09, "dvar": 3.93663161361e-17, "dvar2": 9.43313792705e-17, "max": 2.10616775214e-15, "mean": -1.14267741935e-08, "median": -9.82396564098e-09, "min": -5.88054831496e-08, "var": 7.79014944275e-17}, "spectral_energy": {"dmean": 0.0171934440732, "dmean2": 0.0275606755167, "dvar": 0.000580820487812, "dvar2": 0.00138780963607, "max": 0.225514814258, "mean": 0.0447630099952, "median": 0.0387417115271, "min": 1.08659568098e-20, "var": 0.00115173927043}, "spectral_energyband_high": {"dmean": 0.000659340526909, "dmean2": 0.00114262592979, "dvar": 2.34383037423e-06, "dvar2": 6.34837078906e-06, "max": 0.0209762006998, "mean": 0.000623886182439, "median": 0.000260802218691, "min": 8.30042302043e-21, "var": 1.6890525103e-06}, "spectral_energyband_low": {"dmean": 0.012737011537, "dmean2": 0.0210049711168, "dvar": 0.000474113388918, "dvar2": 0.00121509609744, "max": 0.182856813073, "mean": 0.021115463227, "median": 0.0118099050596, "min": 3.77558137797e-23, "var": 0.000759254558943}, "spectral_energyband_middle_high": {"dmean": 0.00203230511397, "dmean2": 0.0033443889115, "dvar": 1.61928146554e-05, "dvar2": 4.28544844908e-05, "max": 0.0581327490509, "mean": 0.00315679702908, "median": 0.00198717974126, "min": 1.45926130723e-21, "var": 1.61109237524e-05}, "spectral_energyband_middle_low": {"dmean": 0.00797025579959, "dmean2": 0.0129652358592, "dvar": 0.000111610614113, "dvar2": 0.000284475536318, "max": 0.132004410028, "mean": 0.0224028043449, "median": 0.0210108179599, "min": 2.56932855111e-22, "var": 0.000237898813793}, "spectral_entropy": {"dmean": 0.324239820242, "dmean2": 0.457908004522, "dvar": 0.097613722086, "dvar2": 0.21073924005, "max": 9.8002872467, "mean": 7.11634683609, "median": 7.11402797699, "min": 5.14797067642, "var": 0.329008191824}, "spectral_flux": {"dmean": 0.039440009743, "dmean2": 0.0626842454076, "dvar": 0.00215137703344, "dvar2": 0.00462985085323, "max": 0.413919985294, "mean": 0.101049177349, "median": 0.0887182503939, "min": 1.04239901433e-10, "var": 0.0039405412972}, "spectral_kurtosis": {"dmean": 3.66409873962, "dmean2": 5.66688776016, "dvar": 38.376701355, "dvar2": 86.2909622192, "max": 135.566543579, "mean": 7.7507109642, "median": 5.84820365906, "min": -1.2389292717, "var": 65.3316726685}, "spectral_rms": {"dmean": 0.00120481837075, "dmean2": 0.00188749516383, "dvar": 2.12094187191e-06, "dvar2": 4.73468162454e-06, "max": 0.0148328840733, "mean": 0.00607943767682, "median": 0.00614790944383, "min": 3.25590747939e-12, "var": 6.71176394462e-06}, "spectral_rolloff": {"dmean": 373.888305664, "dmean2": 666.13861084, "dvar": 769385.25, "dvar2": 2081333, "max": 19875.1464844, "mean": 947.702514648, "median": 581.396484375, "min": 43.06640625, "var": 3670760.5}, "spectral_skewness": {"dmean": 0.470107704401, "dmean2": 0.694497525692, "dvar": 0.28694653511, "dvar2": 0.628534376621, "max": 9.36022949219, "mean": 2.06424808502, "median": 1.94364273548, "min": -0.0911845341325, "var": 0.702189981937}, "spectral_spread": {"dmean": 746106.625, "dmean2": 1134297.75, "dvar": 750060044288, "dvar2": 1630579064830.0, "max": 41247344, "mean": 4353249, "median": 4178981.75, "min": 616000, "var": 2962129944580.0}, "spectral_strongpeak": {"dmean": 0.439406394958, "dmean2": 0.755668461323, "dvar": 0.332256883383, "dvar2": 0.826908886433, "max": 5.41787528992, "mean": 0.830017745495, "median": 0.532939314842, "min": 0, "var": 0.655002474785}, "zerocrossingrate": {"dmean": 0.00934918038547, "dmean2": 0.011816740036, "dvar": 0.000117470408441, "dvar2": 0.00016085516836, "max": 0.845703125, "mean": 0.0476497523487, "median": 0.03564453125, "min": 0.00341796875, "var": 0.00375200877897}, "barkbands": {"dmean": [0.000432878616266, 0.00907115172595, 0.00443734787405, 0.003158261301, 0.00315063330345, 0.00292245438322, 0.00099711061921, 0.000729054561816, 0.000903250765987, 0.000477692316053, 0.000427790917456, 0.000409264204791, 0.000274413876468, 0.000149465180584, 0.00029169008485, 0.000195932050701, 7.40446776035e-05, 0.000114155314805, 0.000104630817077, 0.000259411375737, 0.000216443557292, 0.00012197974138, 5.22789014212e-05, 3.54451149178e-05, 4.71353851026e-05, 4.42513774033e-05, 7.39099414204e-06], "dmean2": [0.000741974683478, 0.0149130374193, 0.00768543500453, 0.00550638139248, 0.00529709318653, 0.00464008236304, 0.00165554962587, 0.00116928922944, 0.00140157190617, 0.000754253938794, 0.000714111607522, 0.000707730534486, 0.000444980454631, 0.000243424306973, 0.000504195457324, 0.000325435918057, 0.000118679468869, 0.000188441277714, 0.000183400974493, 0.00047417805763, 0.00037182768574, 0.000210644982872, 8.8537010015e-05, 6.21716899332e-05, 8.24326780275e-05, 7.84963631304e-05, 1.33632920551e-05], "dvar": [1.03741467683e-06, 0.000295317382552, 8.02631329861e-05, 2.44654220296e-05, 1.96008913917e-05, 1.59238170454e-05, 3.34411447511e-06, 2.82024780063e-06, 3.01458135255e-06, 7.97592406343e-07, 9.92876039163e-07, 1.05618551061e-06, 5.0483998848e-07, 1.03914807426e-07, 6.15532940174e-07, 1.78162466113e-07, 1.85460322655e-08, 5.82163224294e-08, 5.62774928881e-08, 5.00948544868e-07, 2.35909880075e-07, 2.29850925848e-07, 2.42417996787e-08, 1.64812448133e-08, 1.97374649957e-08, 2.12397530674e-08, 5.50338496996e-10], "dvar2": [2.80253402707e-06, 0.00075832841685, 0.000221311973291, 6.81888413965e-05, 5.2785861044e-05, 3.91851208406e-05, 8.68694860401e-06, 7.16833892511e-06, 6.75844648867e-06, 1.99493342734e-06, 2.65215589934e-06, 2.91088349513e-06, 1.28979343117e-06, 2.59980794226e-07, 1.70344264916e-06, 4.64364006802e-07, 4.31838316217e-08, 1.48197088379e-07, 1.56579375243e-07, 1.42057285757e-06, 6.31031923604e-07, 6.39844984107e-07, 6.41872546225e-08, 4.56311965991e-08, 5.48408571888e-08, 5.98478919756e-08, 1.55080537301e-09], "max": [0.0167377255857, 0.172848135233, 0.0991703122854, 0.0668972432613, 0.0614550895989, 0.0635495334864, 0.0391617007554, 0.03583387658, 0.0351535230875, 0.0183111727238, 0.0144266523421, 0.0138869201764, 0.0143020274118, 0.00591979362071, 0.0104588801041, 0.00722782546654, 0.00248984433711, 0.00347683066502, 0.00239536562003, 0.00732018752024, 0.00580793712288, 0.00908649340272, 0.00299733527936, 0.00215729931369, 0.00211069826037, 0.00344928912818, 0.000409297121223], "mean": [0.000478697562357, 0.0127711165696, 0.00558003503829, 0.00423461850733, 0.00605715438724, 0.00644396012649, 0.00173363357317, 0.00137037120294, 0.00202544312924, 0.00107285915874, 0.000542500871234, 0.000399472395657, 0.000280414504232, 0.000175484252395, 0.000309614697471, 0.000245018367423, 0.000109009604785, 0.000131942884764, 0.000107645319076, 0.000189044076251, 0.000186642777408, 9.78515527095e-05, 4.89455887873e-05, 2.82713790511e-05, 5.75251033297e-05, 7.93380677351e-05, 6.40726693746e-06], "median": [5.74104415136e-05, 0.00443722493947, 0.00335922231898, 0.0027238628827, 0.00509793916717, 0.00458743749186, 0.000989138497971, 0.000534390332177, 0.000744313991163, 0.000376426498406, 0.000183071577339, 0.000101751458715, 7.75424559833e-05, 6.09011258348e-05, 8.21575013106e-05, 7.02358374838e-05, 4.11112050642e-05, 4.65957637061e-05, 3.7067620724e-05, 4.10270004068e-05, 4.81440984004e-05, 2.30675705097e-05, 1.19086225823e-05, 6.77406069372e-06, 1.0910803212e-05, 5.86712167205e-06, 6.95289770647e-07], "min": [2.77623522552e-24, 1.0439199096e-23, 2.31181620509e-23, 4.36408660163e-24, 7.90990324794e-23, 1.46035729377e-23, 7.73642705508e-23, 3.097221584e-23, 3.35267683322e-23, 3.67421906254e-23, 2.771936683e-23, 5.78484197355e-23, 4.3007809873e-23, 7.47111104455e-23, 1.04583657339e-22, 1.30064596641e-22, 2.44336425151e-22, 2.14363800207e-22, 3.51529874178e-22, 4.44416112688e-22, 3.67218714618e-22, 5.72308464075e-22, 7.0952386394e-22, 9.30825979799e-22, 1.42359520177e-21, 1.69613021097e-21, 2.49677339121e-21], "var": [1.20682250326e-06, 0.000472535961308, 6.65553161525e-05, 2.78295610769e-05, 3.00404353766e-05, 4.73174150102e-05, 6.3295237851e-06, 6.84017413732e-06, 1.07611640487e-05, 2.698969638e-06, 1.17304045943e-06, 8.27107157875e-07, 4.4984395231e-07, 1.0766895997e-07, 4.76916568459e-07, 2.29826767395e-07, 3.26014593099e-08, 6.21642328724e-08, 4.28964987975e-08, 2.98402625276e-07, 1.7557002252e-07, 1.48214951423e-07, 2.46633895529e-08, 1.08167812485e-08, 1.47660248473e-08, 2.29258567686e-08, 3.51400075704e-10]}, "erbbands": {"dmean": [0.221303552389, 2.21756911278, 5.1638469696, 7.95911979675, 9.63356685638, 10.4643115997, 21.4618434906, 23.2068138123, 18.9585857391, 10.6390972137, 16.7687301636, 24.9274978638, 15.0551328659, 11.9294204712, 20.496969223, 17.5787639618, 12.8907299042, 8.78433227539, 10.3389949799, 13.8012189865, 7.74481105804, 3.63333773613, 6.23207902908, 4.81768894196, 7.05765676498, 13.3479309082, 10.7719182968, 6.87946748734, 4.81312274933, 2.49408698082, 1.36179423332, 0.7863535285, 0.614611566067, 0.55183827877, 0.343789041042, 0.204403996468, 0.0847688466311, 0.0131706958637, 0.00122423842549, 7.13623085176e-05], "dmean2": [0.376928448677, 3.61108827591, 8.81305885315, 13.7954158783, 16.6236667633, 17.6556129456, 34.1021842957, 37.4982223511, 30.648349762, 17.6451225281, 26.7169017792, 38.5258369446, 23.6127681732, 19.4949264526, 33.9020233154, 30.144493103, 21.2614040375, 13.9884653091, 17.9021606445, 23.3389167786, 12.7919435501, 5.81156253815, 10.2146883011, 8.12631607056, 12.7480888367, 24.5429401398, 19.0461711884, 11.6567935944, 8.35555744171, 4.23359537125, 2.29818797112, 1.3582611084, 1.08045828342, 0.962605655193, 0.603932201862, 0.361644089222, 0.148829266429, 0.0235863365233, 0.00220156344585, 0.000122693454614], "dvar": [0.188535660505, 17.8877391815, 98.8418731689, 166.660568237, 207.900665283, 227.842315674, 993.636169434, 1118.74768066, 1515.4864502, 274.927490234, 1963.74169922, 2407.84936523, 753.678283691, 704.85333252, 2190.83544922, 2117.03271484, 1034.51989746, 371.791900635, 673.168212891, 1013.48394775, 246.524780273, 39.6864089966, 167.01222229, 90.2551040649, 334.501190186, 1443.87670898, 628.822814941, 332.988952637, 387.589691162, 77.5349960327, 15.1094398499, 5.93018579483, 5.60661458969, 2.7371981144, 1.04829907417, 0.327847033739, 0.11045037955, 0.00180783867836, 1.4169694623e-05, 3.45768391696e-08], "dvar2": [0.549508750439, 44.3913841248, 269.050354004, 458.356750488, 583.44934082, 613.220703125, 2404.16210938, 2808.44604492, 3867.10668945, 720.801879883, 4988.99316406, 5390.12890625, 1837.22839355, 1870.02233887, 5792.12695312, 5759.09472656, 2697.40380859, 903.041564941, 1877.32397461, 2753.92529297, 646.420410156, 93.8480224609, 420.097229004, 238.991455078, 946.788085938, 4105.42724609, 1725.09460449, 896.81427002, 1084.45715332, 210.52293396, 39.9536857605, 16.0295009613, 15.7345609665, 7.60838413239, 2.92243933678, 0.910967826843, 0.312511026859, 0.00513571081683, 3.99362907046e-05, 9.60509538572e-08], "max": [4.54787826538, 41.8843994141, 108.745285034, 150.528564453, 216.345794678, 198.153320312, 503.197174072, 566.458068848, 826.213867188, 325.921783447, 978.02532959, 980.79309082, 577.331237793, 598.38104248, 724.292053223, 741.667907715, 628.725158691, 356.882598877, 330.154174805, 521.27520752, 237.293273926, 93.8175125122, 191.704269409, 134.811355591, 202.138977051, 417.468231201, 346.540893555, 270.114868164, 411.918579102, 157.587753296, 84.5092010498, 44.5967597961, 41.2090606689, 26.0928535461, 14.4873142242, 9.97231960297, 8.74218559265, 0.865788221359, 0.058354165405, 0.00391081720591], "mean": [0.262774914503, 3.19585251808, 6.93544483185, 11.3224382401, 15.0746831894, 18.807056427, 46.1924209595, 46.6253166199, 36.8993148804, 19.622089386, 33.1845703125, 58.3455619812, 34.1212844849, 24.7477855682, 25.722114563, 17.4426746368, 13.2680587769, 10.8787126541, 11.9861335754, 16.0809421539, 10.5885133743, 5.5207567215, 7.51508617401, 5.71294784546, 6.0076842308, 9.49092674255, 8.91967582703, 5.9726433754, 3.82339954376, 2.18180441856, 1.27996230125, 0.669130563736, 0.473212987185, 0.48673915863, 0.528735399246, 0.378970712423, 0.147817805409, 0.013304839842, 0.00113852228969, 0.000111188055598], "median": [0.0741654634476, 1.17062747478, 4.2246260643, 7.67633724213, 11.3683357239, 14.8436441422, 31.5252151489, 30.641330719, 18.448720932, 12.8589076996, 14.3114290237, 22.9492416382, 15.2979393005, 8.7870016098, 9.16682910919, 4.90974903107, 4.15756893158, 4.29594182968, 4.21919584274, 5.23953056335, 3.8171236515, 2.38100528717, 2.77932977676, 2.11211013794, 1.89022016525, 1.95722794533, 2.20146179199, 1.56331419945, 0.898766577244, 0.535688698292, 0.312224775553, 0.164616644382, 0.110100232065, 0.125754401088, 0.0651511251926, 0.02365385741, 0.00919784419239, 0.00163870316464, 0.000160843483172, 7.17902221368e-05], "min": [1.4184217636e-22, 3.33514759922e-21, 2.11147124824e-20, 2.49645742276e-20, 9.14571856528e-20, 3.58045102294e-19, 1.70200773312e-19, 1.47041047404e-19, 1.14909821385e-18, 7.81768086731e-19, 5.57993293761e-19, 5.55683805491e-19, 1.57358300578e-18, 8.93756967937e-19, 1.72066740262e-18, 1.88911673731e-18, 2.33526259775e-18, 3.30664395213e-18, 4.36343025719e-18, 8.19206674166e-18, 8.19695289754e-18, 1.30598517658e-17, 1.15637806499e-17, 1.18610453738e-17, 2.14646354466e-17, 1.83460702387e-17, 1.54751926847e-17, 1.7799217827e-17, 1.92275089363e-17, 2.09619710232e-17, 2.07225783365e-17, 1.62778258854e-17, 1.71359579421e-17, 1.18750536775e-17, 1.18914699039e-17, 5.78908017882e-18, 3.65397192146e-18, 1.37220309392e-18, 3.63683191199e-19, 3.54358390616e-20], "var": [0.217359274626, 29.9297809601, 95.9521179199, 176.434082031, 240.099212646, 326.469177246, 2678.01074219, 3111.02294922, 4010.33276367, 502.652313232, 4745.13427734, 8611.67675781, 2523.81054688, 1903.2755127, 2532.22900391, 1628.38342285, 873.350097656, 399.482147217, 547.308288574, 941.028625488, 318.420074463, 67.9231414795, 187.355789185, 97.859664917, 206.752746582, 845.858154297, 437.021942139, 239.942733765, 244.373626709, 59.0019607544, 16.3825492859, 4.53590154648, 3.48461103439, 1.79910850525, 0.988926112652, 0.426269710064, 0.11385474354, 0.0012301041279, 9.13468375074e-06, 2.55797729665e-08]}, "gfcc": {"mean": [-18.7395915985, 113.927772522, -89.363822937, 20.1777973175, -53.6337623596, -0.777938127518, -27.959482193, 4.25715112686, -24.4632091522, 7.26793766022, -22.4520797729, 1.02639877796, -5.44301366806], "cov": [[15106.3085938, 932.668334961, 529.297241211, 1159.53405762, -184.974685669, 889.926940918, -340.3125, 194.759857178, -533.346984863, 173.887908936, -214.407775879, 324.947998047, -113.423095703], [932.668334961, 2397.83862305, 23.3734455109, 450.928833008, 181.164672852, -269.372314453, 58.5247764587, -192.786911011, 236.540039062, -264.477478027, 144.879211426, -196.51625061, 132.911270142], [529.297241211, 23.3734455109, 994.06237793, -2.88378620148, -8.28869533539, 155.046905518, -89.9882202148, 76.5295333862, -78.6547241211, 158.919540405, -33.8163146973, 105.408981323, -27.8884487152], [1159.53405762, 450.928833008, -2.88378620148, 695.967102051, 89.5472106934, 82.0107727051, 22.8732624054, -109.527259827, 86.8412704468, -102.604850769, 109.845794678, -48.5258522034, 59.0170593262], [-184.974685669, 181.164672852, -8.28869533539, 89.5472106934, 341.005645752, 11.0495357513, 77.356918335, 11.2501163483, 21.7711200714, 0.33728441596, -15.6018505096, -2.35617232323, 26.6017589569], [889.926940918, -269.372314453, 155.046905518, 82.0107727051, 11.0495357513, 311.335418701, 5.39787244797, 77.1628875732, -72.2570953369, 61.081413269, -7.07761764526, 66.5947570801, -28.1368923187], [-340.3125, 58.5247764587, -89.9882202148, 22.8732624054, 77.356918335, 5.39787244797, 156.653045654, 39.4610977173, 57.916469574, -19.7738437653, 3.74846529961, -32.0202598572, 13.7957868576], [194.759857178, -192.786911011, 76.5295333862, -109.527259827, 11.2501163483, 77.1628875732, 39.4610977173, 171.667984009, -1.26931238174, 49.4301948547, -60.1579627991, 35.5595016479, -22.1495304108], [-533.346984863, 236.540039062, -78.6547241211, 86.8412704468, 21.7711200714, -72.2570953369, 57.916469574, -1.26931238174, 162.888977051, -52.2946777344, 46.9361190796, -49.3213920593, 33.1714820862], [173.887908936, -264.477478027, 158.919540405, -102.604850769, 0.33728441596, 61.081413269, -19.7738437653, 49.4301948547, -52.2946777344, 149.414916992, -25.2800865173, 46.5271911621, -27.0702285767], [-214.407775879, 144.879211426, -33.8163146973, 109.845794678, -15.6018505096, -7.07761764526, 3.74846529961, -60.1579627991, 46.9361190796, -25.2800865173, 135.833358765, 2.74422430992, 16.2346439362], [324.947998047, -196.51625061, 105.408981323, -48.5258522034, -2.35617232323, 66.5947570801, -32.0202598572, 35.5595016479, -49.3213920593, 46.5271911621, 2.74422430992, 113.325836182, 4.12754821777], [-113.423095703, 132.911270142, -27.8884487152, 59.0170593262, 26.6017589569, -28.1368923187, 13.7957868576, -22.1495304108, 33.1714820862, -27.0702285767, 16.2346439362, 4.12754821777, 81.3556518555]], "icov": [[0.000222648784984, -0.000349771551555, 0.0002690704423, -0.000619900238235, 0.000400412303861, -0.000308931950713, 0.000220321671804, -0.000416184047936, 0.000655323558021, -0.000577297061682, 0.000760294497013, -0.000891243340448, 0.00046952869161], [-0.000349771551555, 0.00135186396074, -0.000817747670226, 0.000840324268211, -0.00103664607741, 0.000889043905772, -0.000196834298549, 0.000670529203489, -0.00120398658328, 0.00190975528676, -0.00176165287849, 0.00244208914228, -0.00136972521432], [0.0002690704423, -0.000817747670226, 0.00189416517969, -0.000952599220909, 0.000659925630316, -0.000801555579528, 0.000906609697267, -0.000804054143373, 0.000696230737958, -0.00239286827855, 0.00143837276846, -0.00214929203503, 0.000927725050133], [-0.000619900238235, 0.000840324268211, -0.000952599220909, 0.00432099262252, -0.00169938593172, -0.00093125726562, -0.000247676449362, 0.00256595620885, -0.00287041557021, 0.00271803280339, -0.00301222666167, 0.00339639210142, -0.00222044088878], [0.000400412303861, -0.00103664607741, 0.000659925630316, -0.00169938593172, 0.00456067128107, -0.000487474229885, -0.0017200964503, -0.00042123318417, 0.00135753594805, -0.00212720851414, 0.00276173721068, -0.00288298260421, 0.000561797700357], [-0.000308931950713, 0.000889043905772, -0.000801555579528, -0.00093125726562, -0.000487474229885, 0.0064510232769, -0.00136125355493, -0.00227878242731, 0.00190323137213, 0.000441458483692, -0.00218821666203, -8.1289344962e-06, 0.000326502369717], [0.000220321671804, -0.000196834298549, 0.000906609697267, -0.000247676449362, -0.0017200964503, -0.00136125355493, 0.0103602511808, -0.00343322940171, -0.00152493524365, -0.000181884068297, -0.000533536483999, 0.00230412208475, -0.000929890375119], [-0.000416184047936, 0.000670529203489, -0.000804054143373, 0.00256595620885, -0.00042123318417, -0.00227878242731, -0.00343322940171, 0.0127491131425, -0.00568749150261, 8.27944095363e-05, 0.00379586126655, -0.002085424494, 0.00128498638514], [0.000655323558021, -0.00120398658328, 0.000696230737958, -0.00287041557021, 0.00135753594805, 0.00190323137213, -0.00152493524365, -0.00568749150261, 0.0140545601025, -0.000722279364709, -0.00224577984773, 0.00094031955814, -0.00144441798329], [-0.000577297061682, 0.00190975528676, -0.00239286827855, 0.00271803280339, -0.00212720851414, 0.000441458483692, -0.000181884068297, 8.27944095363e-05, -0.000722279364709, 0.0133244106546, -0.00317018735223, 0.002288259333, -0.000570615520701], [0.000760294497013, -0.00176165287849, 0.00143837276846, -0.00301222666167, 0.00276173721068, -0.00218821666203, -0.000533536483999, 0.00379586126655, -0.00224577984773, -0.00317018735223, 0.0150831947103, -0.00802381709218, 0.00333833205514], [-0.000891243340448, 0.00244208914228, -0.00214929203503, 0.00339639210142, -0.00288298260421, -8.1289344962e-06, 0.00230412208475, -0.002085424494, 0.00094031955814, 0.002288259333, -0.00802381709218, 0.0202553644776, -0.00749988667667], [0.00046952869161, -0.00136972521432, 0.000927725050133, -0.00222044088878, 0.000561797700357, 0.000326502369717, -0.000929890375119, 0.00128498638514, -0.00144441798329, -0.000570615520701, 0.00333833205514, -0.00749988667667, 0.0176629722118]]}, "melbands": {"dmean": [0.00226381490938, 0.00271927798167, 0.00137951469515, 0.000682736630552, 0.00066796556348, 0.000529496697709, 0.000266294227913, 0.000117512325232, 0.00014165979519, 0.000151480548084, 7.30203246349e-05, 4.78639412904e-05, 6.04898232268e-05, 4.86854551127e-05, 4.80227499793e-05, 1.9969396817e-05, 1.64680059243e-05, 1.28799756567e-05, 2.51667843258e-05, 1.73510034074e-05, 7.29818384571e-06, 3.77998617296e-06, 4.82389441459e-06, 5.95292067374e-06, 3.68301562048e-06, 4.20517926614e-06, 6.24584663456e-06, 9.78652042249e-06, 6.93527681506e-06, 5.65775553696e-06, 3.43692067872e-06, 2.96074881589e-06, 1.92329366655e-06, 1.19842297863e-06, 8.24483606721e-07, 6.05132811415e-07, 4.29921811929e-07, 4.15534401554e-07, 4.53933779454e-07, 4.74740147638e-07], "dmean2": [0.0037488238886, 0.00452514225617, 0.00238023279235, 0.0011660134187, 0.00106887414586, 0.000850519223604, 0.000431868305895, 0.000193301326362, 0.000223996612476, 0.000234986131545, 0.000114895832667, 7.81891139923e-05, 0.000101104094938, 8.22061483632e-05, 8.2934013335e-05, 3.14675744448e-05, 2.63560450549e-05, 2.23678980547e-05, 4.33534150943e-05, 2.87649436359e-05, 1.20232007248e-05, 6.08838126936e-06, 7.64537071518e-06, 1.00495171864e-05, 6.20613218416e-06, 7.50656499804e-06, 1.14529666462e-05, 1.80229908437e-05, 1.23780891954e-05, 9.65388426266e-06, 5.85834550293e-06, 5.1618735597e-06, 3.30018292516e-06, 2.03229956242e-06, 1.39145151934e-06, 1.04099001419e-06, 7.46673890717e-07, 7.3408159551e-07, 7.96659833213e-07, 8.2640195842e-07], "dvar": [1.84642649401e-05, 2.43966460403e-05, 4.81030792798e-06, 1.01121315765e-06, 9.15414887004e-07, 5.81639483244e-07, 2.74388554544e-07, 3.52089131184e-08, 1.26686728663e-07, 9.74625962158e-08, 1.85576816136e-08, 1.29422472739e-08, 1.98031724352e-08, 1.26441621617e-08, 2.02245971082e-08, 1.8148190728e-09, 1.28437338542e-09, 9.49856526766e-10, 4.94114260619e-09, 1.4536332138e-09, 2.03698710677e-10, 4.66214115924e-11, 8.19224618698e-11, 1.977343983e-10, 5.13264569735e-11, 1.05479125434e-10, 2.98233104878e-10, 8.01716748544e-10, 2.78929296327e-10, 1.93938309856e-10, 9.6533184224e-11, 1.5196426062e-10, 6.29223340098e-11, 1.61166809065e-11, 5.84407782583e-12, 2.59083097857e-12, 2.22245507588e-12, 2.99068408927e-12, 2.32843388667e-12, 1.90064695753e-12], "dvar2": [4.94694504596e-05, 6.34267416899e-05, 1.31593587867e-05, 2.81769803223e-06, 2.25080702876e-06, 1.44698253735e-06, 6.94981849847e-07, 8.96477772017e-08, 3.24531924889e-07, 2.19376573796e-07, 4.51340085306e-08, 3.4082258793e-08, 5.29008374883e-08, 3.45459483242e-08, 5.42209157572e-08, 4.42029390868e-09, 3.14650683286e-09, 2.65656407983e-09, 1.35675213286e-08, 3.78700315551e-09, 5.28694754642e-10, 1.08050610126e-10, 1.86539769742e-10, 5.19971510293e-10, 1.35755837127e-10, 2.97065899657e-10, 8.5058160515e-10, 2.28060637042e-09, 7.69711183679e-10, 5.18431020335e-10, 2.632419005e-10, 4.26808061116e-10, 1.74640066297e-10, 4.32265612194e-11, 1.54295291821e-11, 6.91910070905e-12, 6.06961833224e-12, 8.40463722923e-12, 6.53599266723e-12, 5.26446594651e-12], "max": [0.0427759550512, 0.0439993441105, 0.025373486802, 0.0165530014783, 0.0141435973346, 0.0120572391897, 0.0107286591083, 0.00384472473525, 0.00773253943771, 0.00657458929345, 0.00286140339449, 0.00271820928901, 0.00216312566772, 0.00150180782657, 0.00262629776262, 0.000813101534732, 0.000636598502751, 0.000430108950241, 0.00096975651104, 0.000653211958706, 0.00018562504556, 0.000126038576127, 0.000243048707489, 0.000177723122761, 0.000110668930574, 9.57363372436e-05, 0.000227788477787, 0.00033025056473, 0.000209895690205, 0.000221676935325, 0.00016312392836, 0.000265341484919, 0.000172766129253, 7.15917849448e-05, 5.93911900069e-05, 3.70817615476e-05, 2.68883577519e-05, 3.14838980557e-05, 2.49229306064e-05, 2.16315329453e-05], "mean": [0.00307470420375, 0.00402653636411, 0.00207599881105, 0.00116595427971, 0.00144491507672, 0.00110458082054, 0.000514940649737, 0.00021559590823, 0.000278000778053, 0.000352935807314, 0.000158149123308, 9.86037703115e-05, 7.43653945392e-05, 5.53309910174e-05, 4.08462146879e-05, 2.34816889133e-05, 1.98261786863e-05, 1.5441857613e-05, 2.47015141213e-05, 2.2415561034e-05, 9.91252272797e-06, 5.51529001314e-06, 6.58645512885e-06, 6.33783793091e-06, 4.38237930211e-06, 3.87440923078e-06, 4.68920552521e-06, 6.81201026964e-06, 5.6142075664e-06, 4.92283788844e-06, 2.89295553557e-06, 2.28737030739e-06, 1.57824297276e-06, 1.07155096885e-06, 7.79668766882e-07, 5.32173373813e-07, 3.53778915496e-07, 3.15930549277e-07, 3.44499454741e-07, 4.23392236826e-07], "median": [0.001002863748, 0.00218735774979, 0.00151533447206, 0.000933857925702, 0.00104725558776, 0.000739704642911, 0.000259675900452, 0.000124452824821, 0.000114922309876, 0.000132310378831, 6.44514802843e-05, 2.81263855868e-05, 2.64080717898e-05, 1.88061076187e-05, 8.09759239928e-06, 7.62206400395e-06, 6.49144021736e-06, 5.62145396543e-06, 5.59801355848e-06, 6.14087230133e-06, 3.69277586287e-06, 2.16290891331e-06, 2.49596996582e-06, 2.15211434806e-06, 1.54959184329e-06, 1.31026990857e-06, 1.17536228572e-06, 1.23216557313e-06, 1.30143132537e-06, 1.16386740956e-06, 7.61018156936e-07, 5.08069604166e-07, 3.70935538285e-07, 2.58656513097e-07, 1.87511361105e-07, 1.27990404053e-07, 8.6666531729e-08, 7.09364940121e-08, 7.84760700867e-08, 1.01799521701e-07], "min": [2.55042024152e-24, 9.07035582039e-24, 5.49647000423e-24, 1.62406407541e-23, 9.48377967701e-24, 3.04475618069e-24, 1.77029821908e-23, 8.12858448388e-24, 3.56150385539e-24, 4.39739309791e-24, 8.12360913815e-24, 3.52328867213e-24, 4.5322883127e-24, 6.95073468858e-24, 4.14175956613e-24, 4.58909536978e-24, 6.72674394543e-24, 6.36178612509e-24, 1.03960775924e-23, 8.54302044905e-24, 1.0916310849e-23, 1.51772357435e-23, 9.89132573104e-24, 1.014036833e-23, 8.24691204194e-24, 1.77563296984e-23, 1.25332035477e-23, 1.26960985914e-23, 1.11518954809e-23, 6.82287059103e-24, 1.21875231213e-23, 8.96175491729e-24, 1.3573153357e-23, 1.16296335894e-23, 1.25133692179e-23, 1.08239849352e-23, 9.23089611435e-24, 1.02215216067e-23, 1.33476274905e-23, 8.78663884038e-24], "var": [2.7629394026e-05, 3.29109207087e-05, 5.14726252732e-06, 1.27202747535e-06, 2.27650298257e-06, 1.74479202997e-06, 7.45551176351e-07, 7.32161851147e-08, 2.98942495647e-07, 3.4947606764e-07, 6.06449290785e-08, 3.67149901592e-08, 2.15956266203e-08, 1.14092317816e-08, 1.46895180464e-08, 2.06162709127e-09, 1.43096345884e-09, 8.35894298223e-10, 3.76953801506e-09, 1.99719640825e-09, 2.61681565306e-10, 8.08189001833e-11, 1.43507997152e-10, 1.71914801839e-10, 6.20264811735e-11, 6.99590940734e-11, 1.74977296541e-10, 4.69016603333e-10, 1.91810636818e-10, 1.46344839025e-10, 6.60347124204e-11, 9.43701020106e-11, 4.15498156714e-11, 1.34564200061e-11, 6.60718398396e-12, 2.41172706805e-12, 1.55903794648e-12, 1.84677186738e-12, 1.4452017057e-12, 1.28155342241e-12]}, "mfcc": {"mean": [-672.237060547, 152.513397217, 14.9539451599, 30.8044528961, -4.98242902756, 4.54131984711, -1.13912260532, -3.53081083298, 6.48357820511, -1.70139324665, -2.67588186264, -3.34064078331, -0.445647269487], "cov": [[9589.19238281, 644.349609375, 267.804870605, 550.757995605, 80.6512832642, 387.878601074, 163.246490479, 62.5652160645, -52.8177452087, -125.802864075, -98.6972732544, -62.2514572144, 9.3417263031], [644.349609375, 1904.90307617, 181.004562378, 372.22454834, 132.215942383, -35.7125320435, -30.50938797, -9.9784526825, 67.7503585815, -34.6208686829, 8.20690917969, -6.8654923439, -52.793346405], [267.804870605, 181.004562378, 767.404907227, 46.5879249573, 50.4592399597, 75.5913314819, -15.1180315018, -23.924238205, -41.5085258484, -10.344991684, 56.7006950378, 16.4179935455, -4.31897878647], [550.757995605, 372.22454834, 46.5879249573, 462.160980225, 146.838562012, 74.969619751, -13.8026666641, 19.6706867218, 34.5614967346, -10.3053970337, -4.7711815834, 30.9892196655, -13.0891332626], [80.6512832642, 132.215942383, 50.4592399597, 146.838562012, 185.435333252, 93.4722671509, 26.8065853119, 23.837890625, 14.3374958038, -4.99317550659, -1.63570213318, 14.322022438, 25.5377540588], [387.878601074, -35.7125320435, 75.5913314819, 74.969619751, 93.4722671509, 169.439453125, 71.5702438354, 19.6136074066, -8.05776023865, -6.84006309509, -1.71950304508, 26.855682373, 28.5670528412], [163.246490479, -30.50938797, -15.1180315018, -13.8026666641, 26.8065853119, 71.5702438354, 132.002975464, 26.2883358002, 16.0710315704, 6.48818826675, 10.9393939972, 10.9049186707, 14.7193365097], [62.5652160645, -9.9784526825, -23.924238205, 19.6706867218, 23.837890625, 19.6136074066, 26.2883358002, 137.153656006, 42.2199935913, 19.8902244568, 17.5172691345, -2.14509868622, 11.574090004], [-52.8177452087, 67.7503585815, -41.5085258484, 34.5614967346, 14.3374958038, -8.05776023865, 16.0710315704, 42.2199935913, 137.61126709, 45.5700035095, 8.16528701782, -13.7511749268, -17.181224823], [-125.802864075, -34.6208686829, -10.344991684, -10.3053970337, -4.99317550659, -6.84006309509, 6.48818826675, 19.8902244568, 45.5700035095, 103.907989502, 26.6903419495, -9.07962703705, -3.42267727852], [-98.6972732544, 8.20690917969, 56.7006950378, -4.7711815834, -1.63570213318, -1.71950304508, 10.9393939972, 17.5172691345, 8.16528701782, 26.6903419495, 99.9756317139, 36.4352226257, -23.0824680328], [-62.2514572144, -6.8654923439, 16.4179935455, 30.9892196655, 14.322022438, 26.855682373, 10.9049186707, -2.14509868622, -13.7511749268, -9.07962703705, 36.4352226257, 93.9924316406, 26.8413963318], [9.3417263031, -52.793346405, -4.31897878647, -13.0891332626, 25.5377540588, 28.5670528412, 14.7193365097, 11.574090004, -17.181224823, -3.42267727852, -23.0824680328, 26.8413963318, 110.619895935]], "icov": [[0.000137082795845, -4.04384591093e-05, -1.30946546051e-05, -0.000188922407688, 0.000329829519615, -0.000403709913371, -6.56936026644e-05, -5.57125713385e-05, 5.76709207962e-05, 0.000131031236378, 3.75413583242e-06, 0.000260781351244, -6.05417080806e-05], [-4.04384591093e-05, 0.00071624253178, -0.000187431491213, -0.000487359240651, -0.00046037483844, 0.00085203431081, -0.000248618860496, 0.000159961971804, -0.000298653962091, 0.000294365658192, -5.28093587491e-05, 4.82901778014e-05, 0.000122835364891], [-1.30946546051e-05, -0.000187431491213, 0.00159921764862, 0.000128235304146, 1.73722708041e-06, -0.00120654026978, 0.000797476561274, 0.000356101576472, 0.000326110137394, 0.000157415692229, -0.00140234618448, 0.00058607570827, -0.000222231494263], [-0.000188922407688, -0.000487359240651, 0.000128235304146, 0.00398440193385, -0.00264024012722, -0.000574842852075, 0.00146974157542, -0.000289111718303, -0.000617528683506, -0.000304900866468, 0.00101733650081, -0.00203660177067, 0.00145359104499], [0.000329829519615, -0.00046037483844, 1.73722708041e-06, -0.00264024012722, 0.0107661616057, -0.00568196643144, 0.000427912687883, -0.000490244070534, -0.000650822126772, 0.000879264611285, -0.00114835286513, 0.00209925347008, -0.00240656570531], [-0.000403709913371, 0.00085203431081, -0.00120654026978, -0.000574842852075, -0.00568196643144, 0.0139931328595, -0.00593789014965, -0.000413972360548, 0.00125259591732, -0.000701433396898, 0.00234999554232, -0.00313335075043, 0.000280606735032], [-6.56936026644e-05, -0.000248618860496, 0.000797476561274, 0.00146974157542, 0.000427912687883, -0.00593789014965, 0.0115020591766, -0.000757571018767, -0.00156756234355, 0.000283014116576, -0.00183758989442, 0.000278741965303, -0.000610433635302], [-5.57125713385e-05, 0.000159961971804, 0.000356101576472, -0.000289111718303, -0.000490244070534, -0.000413972360548, -0.000757571018767, 0.00901498086751, -0.00252997595817, 0.000159423987498, -0.00271618296392, 0.00174675369635, -0.0019402327016], [5.76709207962e-05, -0.000298653962091, 0.000326110137394, -0.000617528683506, -0.000650822126772, 0.00125259591732, -0.00156756234355, -0.00252997595817, 0.010343817994, -0.00416178908199, 0.00107924174517, 0.000224186165724, 0.00174093607347], [0.000131031236378, 0.000294365658192, 0.000157415692229, -0.000304900866468, 0.000879264611285, -0.000701433396898, 0.000283014116576, 0.000159423987498, -0.00416178908199, 0.013132603839, -0.00492956815287, 0.00337896216661, -0.00206527672708], [3.75413583242e-06, -5.28093587491e-05, -0.00140234618448, 0.00101733650081, -0.00114835286513, 0.00234999554232, -0.00183758989442, -0.00271618296392, 0.00107924174517, -0.00492956815287, 0.0176175385714, -0.00935159437358, 0.00618742359802], [0.000260781351244, 4.82901778014e-05, 0.00058607570827, -0.00203660177067, 0.00209925347008, -0.00313335075043, 0.000278741965303, 0.00174675369635, 0.000224186165724, 0.00337896216661, -0.00935159437358, 0.0177297405899, -0.00622640689835], [-6.05417080806e-05, 0.000122835364891, -0.000222231494263, 0.00145359104499, -0.00240656570531, 0.000280606735032, -0.000610433635302, -0.0019402327016, 0.00174093607347, -0.00206527672708, 0.00618742359802, -0.00622640689835, 0.0130427693948]]}, "spectral_contrast_coeffs": {"dmean": [0.051232624799, 0.0491290129721, 0.0467868261039, 0.035135962069, 0.0258034262806, 0.0236518345773], "dmean2": [0.0853375419974, 0.0813481509686, 0.0748472139239, 0.0571254119277, 0.0407352633774, 0.0372180305421], "dvar": [0.001746834605, 0.00170932512265, 0.00171513925306, 0.000926075328607, 0.000589564733673, 0.000538243853953], "dvar2": [0.00482148537412, 0.00444537308067, 0.00399577571079, 0.00226988526992, 0.00139307137579, 0.00130689528305], "max": [-0.344444155693, -0.334180146456, -0.40439337492, -0.549712002277, -0.580841600895, -0.541978180408], "mean": [-0.646502375603, -0.684810996056, -0.716252684593, -0.773606598377, -0.81075412035, -0.751845777035], "median": [-0.644980967045, -0.687653899193, -0.724464952946, -0.781759023666, -0.820429444313, -0.758746385574], "min": [-0.967404425144, -0.9696367383, -0.964422345161, -0.965389728546, -0.956231176853, -0.960518658161], "var": [0.0054178214632, 0.00606566295028, 0.00715408148244, 0.00395059818402, 0.0024716204498, 0.00194537686184]}, "spectral_contrast_valleys": {"dmean": [0.468971937895, 0.425221800804, 0.499521583319, 0.516883075237, 0.527789950371, 0.630873680115], "dmean2": [0.746604859829, 0.674339354038, 0.766813516617, 0.748170554638, 0.709822058678, 0.830366313457], "dvar": [0.226672455668, 0.180467814207, 0.235105648637, 0.271170318127, 0.261415719986, 0.438045889139], "dvar2": [0.495992869139, 0.384411841631, 0.507411658764, 0.581778466702, 0.568708121777, 0.958681225777], "max": [-4.82071590424, -4.46573591232, -5.1670665741, -5.46250963211, -5.57705926895, -7.572773933