{"lowlevel": {"average_loudness": 0.944111168385, "barkbands_crest": {"dmean": 2.92072749138, "dmean2": 4.7168841362, "dvar": 8.7197675705, "dvar2": 21.6796798706, "max": 25.6444473267, "mean": 11.721323967, "median": 10.7899522781, "min": 2.84595966339, "var": 18.9742946625}, "barkbands_flatness_db": {"dmean": 0.0273790676147, "dmean2": 0.0386460572481, "dvar": 0.000953209237196, "dvar2": 0.00175433163531, "max": 0.463429391384, "mean": 0.18636931479, "median": 0.173805117607, "min": 0.0257876813412, "var": 0.00583678809926}, "barkbands_kurtosis": {"dmean": 6.51230382919, "dmean2": 9.94689464569, "dvar": 304.998535156, "dvar2": 783.636108398, "max": 520.91204834, "mean": 12.343129158, "median": 6.45341730118, "min": -1.91170191765, "var": 404.255737305}, "barkbands_skewness": {"dmean": 0.721827208996, "dmean2": 1.05870068073, "dvar": 0.906205892563, "dvar2": 1.99636209011, "max": 19.7669467926, "mean": 2.45452690125, "median": 2.22444725037, "min": -3.7488553524, "var": 2.77961158752}, "barkbands_spread": {"dmean": 6.9190864563, "dmean2": 10.3364944458, "dvar": 182.038970947, "dvar2": 366.657287598, "max": 129.018661499, "mean": 17.1184940338, "median": 11.2452068329, "min": 0.429369211197, "var": 385.078369141}, "dissonance": {"dmean": 0.0222049187869, "dmean2": 0.0366995707154, "dvar": 0.0004846797965, "dvar2": 0.00127996155061, "max": 0.500000059605, "mean": 0.451050877571, "median": 0.460235476494, "min": 0.214815825224, "var": 0.00138311367482}, "dynamic_complexity": 3.36459088326, "erbbands_crest": {"dmean": 2.22482466698, "dmean2": 3.44743680954, "dvar": 5.53410196304, "dvar2": 11.5835933685, "max": 30.3332939148, "mean": 9.36315727234, "median": 8.13709831238, "min": 2.28680872917, "var": 21.637506485}, "erbbands_flatness_db": {"dmean": 0.0206081718206, "dmean2": 0.0274891145527, "dvar": 0.000571151264012, "dvar2": 0.000971740344539, "max": 0.344203531742, "mean": 0.15349920094, "median": 0.150653868914, "min": 0.0287835374475, "var": 0.00365265947767}, "erbbands_kurtosis": {"dmean": 1.16362130642, "dmean2": 1.80768322945, "dvar": 3.94879508018, "dvar2": 8.96329593658, "max": 42.6899490356, "mean": 1.51403963566, "median": 0.260983347893, "min": -1.8219909668, "var": 16.2270183563}, "erbbands_skewness": {"dmean": 0.384783774614, "dmean2": 0.581990480423, "dvar": 0.183159902692, "dvar2": 0.376587122679, "max": 5.31810188293, "mean": 0.69121825695, "median": 0.587185025215, "min": -4.73603773117, "var": 0.889921784401}, "erbbands_spread": {"dmean": 10.9880046844, "dmean2": 16.2288379669, "dvar": 282.549713135, "dvar2": 612.75, "max": 194.454498291, "mean": 41.995059967, "median": 35.4767227173, "min": 3.52725791931, "var": 791.744567871}, "hfc": {"dmean": 12.1912460327, "dmean2": 15.9396848679, "dvar": 746.139526367, "dvar2": 1385.93286133, "max": 308.729827881, "mean": 21.8874778748, "median": 8.06604957581, "min": 1.24372216691e-16, "var": 1438.81274414}, "melbands_crest": {"dmean": 3.31998038292, "dmean2": 5.25290250778, "dvar": 10.1973390579, "dvar2": 23.7632656097, "max": 34.3334999084, "mean": 16.1765289307, "median": 15.2737083435, "min": 2.13270640373, "var": 30.7621040344}, "melbands_flatness_db": {"dmean": 0.0330531261861, "dmean2": 0.0469684526324, "dvar": 0.00151618674863, "dvar2": 0.00280703720637, "max": 0.621883273125, "mean": 0.283554941416, "median": 0.270478188992, "min": 0.00714947516099, "var": 0.00863731186837}, "melbands_kurtosis": {"dmean": 14.7641143799, "dmean2": 22.8625087738, "dvar": 870.443664551, "dvar2": 2037.48669434, "max": 493.455200195, "mean": 30.6193180084, "median": 16.8581199646, "min": -1.76303970814, "var": 1778.6739502}, "melbands_skewness": {"dmean": 0.962914466858, "dmean2": 1.45164382458, "dvar": 1.67566251755, "dvar2": 3.75033354759, "max": 19.6318836212, "mean": 3.64660620689, "median": 3.25486898422, "min": -0.934059977531, "var": 5.4631228447}, "melbands_spread": {"dmean": 5.30786943436, "dmean2": 8.08385372162, "dvar": 131.354171753, "dvar2": 276.597137451, "max": 225.591918945, "mean": 12.8779935837, "median": 9.10906028748, "min": 0.421437084675, "var": 243.230560303}, "pitch_salience": {"dmean": 0.0784066468477, "dmean2": 0.127125293016, "dvar": 0.00653031701222, "dvar2": 0.0168007053435, "max": 0.903394043446, "mean": 0.535763859749, "median": 0.546328365803, "min": 0.0655652210116, "var": 0.0134183038026}, "silence_rate_20dB": {"dmean": 0, "dmean2": 0, "dvar": 0, "dvar2": 0, "max": 1, "mean": 1, "median": 1, "min": 1, "var": 0}, "silence_rate_30dB": {"dmean": 0.024019215256, "dmean2": 0.0480512529612, "dvar": 0.0234431326389, "dvar2": 0.060156006366, "max": 1, "mean": 0.980789780617, "median": 1, "min": 0, "var": 0.018840784207}, "silence_rate_60dB": {"dmean": 0.0101414462551, "dmean2": 0.0202883072197, "dvar": 0.0100387344137, "dvar2": 0.0236143562943, "max": 1, "mean": 0.0272145140916, "median": 0, "min": 0, "var": 0.0264737568796}, "spectral_centroid": {"dmean": 230.595413208, "dmean2": 343.851348877, "dvar": 176761.15625, "dvar2": 346064.53125, "max": 10671.2451172, "mean": 817.467590332, "median": 689.752380371, "min": 146.754547119, "var": 378922.65625}, "spectral_complexity": {"dmean": 3.01147580147, "dmean2": 4.33555793762, "dvar": 23.1315307617, "dvar2": 41.6814346313, "max": 59, "mean": 12.3241729736, "median": 11, "min": 0, "var": 65.539642334}, "spectral_decrease": {"dmean": 3.08511927116e-09, "dmean2": 4.55233495344e-09, "dvar": 2.18056621608e-17, "dvar2": 4.56964018004e-17, "max": 1.5129232589e-10, "mean": -7.65824204052e-09, "median": -5.67002800267e-09, "min": -6.29661798257e-08, "var": 4.44223716035e-17}, "spectral_energy": {"dmean": 0.0122706014663, "dmean2": 0.0179104302078, "dvar": 0.000348794070305, "dvar2": 0.00071669468889, "max": 0.262630552053, "mean": 0.030889198184, "median": 0.0224367789924, "min": 1.11687420725e-20, "var": 0.000738582457416}, "spectral_energyband_high": {"dmean": 0.000816877116449, "dmean2": 0.00106348877307, "dvar": 4.26697943112e-06, "dvar2": 7.70666156313e-06, "max": 0.0220184382051, "mean": 0.00110718223732, "median": 0.000104837847175, "min": 7.99623381252e-21, "var": 8.05158106232e-06}, "spectral_energyband_low": {"dmean": 0.00843600742519, "dmean2": 0.0130333891138, "dvar": 0.000218014989514, "dvar2": 0.000492028950248, "max": 0.114802978933, "mean": 0.0155412945896, "median": 0.00996356271207, "min": 3.43840518769e-23, "var": 0.000318057194818}, "spectral_energyband_middle_high": {"dmean": 0.00213115429506, "dmean2": 0.00324061908759, "dvar": 3.56350865331e-05, "dvar2": 8.65458350745e-05, "max": 0.141448199749, "mean": 0.00386095303111, "median": 0.00136068835855, "min": 1.68979014218e-21, "var": 6.17141413386e-05}, "spectral_energyband_middle_low": {"dmean": 0.00506229698658, "dmean2": 0.00774291809648, "dvar": 7.02959150658e-05, "dvar2": 0.000156550187967, "max": 0.180742010474, "mean": 0.0122215701267, "median": 0.00818054191768, "min": 2.75729883248e-22, "var": 0.000167186386534}, "spectral_entropy": {"dmean": 0.238824278116, "dmean2": 0.325577616692, "dvar": 0.0953997224569, "dvar2": 0.162234008312, "max": 9.78091430664, "mean": 7.15063810349, "median": 7.14265108109, "min": 4.92582559586, "var": 0.499842941761}, "spectral_flux": {"dmean": 0.0321815721691, "dmean2": 0.0468009002507, "dvar": 0.00151271338109, "dvar2": 0.00288910628296, "max": 0.382081538439, "mean": 0.0800016596913, "median": 0.0603802502155, "min": 1.05682268492e-10, "var": 0.00399967003614}, "spectral_kurtosis": {"dmean": 2.65597653389, "dmean2": 4.18359327316, "dvar": 16.3515052795, "dvar2": 38.6261711121, "max": 99.116897583, "mean": 7.34929275513, "median": 5.4545545578, "min": -1.19439649582, "var": 57.7301063538}, "spectral_rms": {"dmean": 0.000973809452262, "dmean2": 0.00138677028008, "dvar": 1.48302137859e-06, "dvar2": 2.83737472273e-06, "max": 0.0160070285201, "mean": 0.00505254091695, "median": 0.00467862561345, "min": 3.3009595491e-12, "var": 4.60769888377e-06}, "spectral_rolloff": {"dmean": 719.161193848, "dmean2": 1231.0501709, "dvar": 4718758, "dvar2": 10521601, "max": 19164.5507812, "mean": 1115.14953613, "median": 452.197265625, "min": 64.599609375, "var": 5408503}, "spectral_skewness": {"dmean": 0.306516677141, "dmean2": 0.464420765638, "dvar": 0.13380074501, "dvar2": 0.281774699688, "max": 7.38629722595, "mean": 2.05153656006, "median": 1.94810581207, "min": -0.20848749578, "var": 0.646319627762}, "spectral_spread": {"dmean": 1081236.875, "dmean2": 1448809.25, "dvar": 3461466816510.0, "dvar2": 6087716110340.0, "max": 39335244, "mean": 5276559, "median": 4253294, "min": 844223.625, "var": 10384079585300.0}, "spectral_strongpeak": {"dmean": 0.331063896418, "dmean2": 0.551942944527, "dvar": 0.41939547658, "dvar2": 0.967375099659, "max": 12.1745700836, "mean": 0.699615776539, "median": 0.330932617188, "min": 1.7557408305e-10, "var": 1.11357879639}, "zerocrossingrate": {"dmean": 0.0164239462465, "dmean2": 0.0188140794635, "dvar": 0.000936335476581, "dvar2": 0.00113106751814, "max": 0.51806640625, "mean": 0.0494518950582, "median": 0.03466796875, "min": 0.00244140625, "var": 0.00287026981823}, "barkbands": {"dmean": [0.000168001788552, 0.00707350857556, 0.00221493840218, 0.00202571041882, 0.00191809958778, 0.000700104690623, 0.000894916884135, 0.000778129382525, 0.000472169689601, 0.000553676800337, 0.000430634943768, 0.000450974999694, 0.000492678722367, 0.000157325994223, 0.000159180141054, 0.000274336402072, 9.83626960078e-05, 6.26795590506e-05, 0.000139283452882, 9.08612419153e-05, 0.000111532346637, 6.20992941549e-05, 7.42593983887e-05, 9.3871174613e-05, 0.000169758452103, 0.000257770472672, 7.67750607338e-05], "dmean2": [0.000262622896116, 0.0111685441807, 0.00378182344139, 0.00333809177391, 0.0031454435084, 0.00108550791629, 0.00141049479134, 0.00117905496154, 0.000695754250046, 0.000721132848412, 0.000643712468445, 0.000720834126696, 0.000817634805571, 0.000241345143877, 0.000243942413363, 0.000476051791338, 0.000143959507113, 9.76946539595e-05, 0.000242611480644, 0.000151587737491, 0.000189578830032, 8.90023657121e-05, 0.000105360755697, 0.000130046435515, 0.000215291540371, 0.000330067065079, 0.000102704441815], "dvar": [7.29672393618e-08, 0.000173076536157, 2.59673633991e-05, 1.15971988635e-05, 1.28399742607e-05, 3.92036417907e-06, 1.29035606733e-05, 7.04922922523e-06, 8.09032553661e-06, 7.28903023628e-06, 3.26544636664e-06, 2.19099365495e-06, 2.44144916905e-06, 5.52716812763e-07, 1.59526962307e-07, 1.10939652131e-06, 5.77117766909e-08, 2.54821088674e-08, 3.29830328383e-07, 9.91001130046e-08, 2.01047086534e-07, 2.67983359947e-08, 5.01599046743e-08, 6.41784723143e-08, 2.10758798858e-07, 6.32596140804e-07, 6.90891539534e-08], "dvar2": [1.91057267784e-07, 0.000415390823036, 7.2898772487e-05, 3.09481438308e-05, 3.20067701978e-05, 8.49522166391e-06, 2.99850380543e-05, 1.53966157086e-05, 1.46960483107e-05, 1.38123396027e-05, 8.16770898382e-06, 5.51480616195e-06, 6.33273157291e-06, 1.01505520433e-06, 3.65711485983e-07, 3.12402949021e-06, 1.14343507107e-07, 6.3348061019e-08, 9.24412177028e-07, 2.68756792821e-07, 5.61333536098e-07, 5.60186137477e-08, 9.67913820205e-08, 1.22160201954e-07, 3.59249639814e-07, 1.10282212518e-06, 1.25549775021e-07], "max": [0.0036997704301, 0.104836337268, 0.0785626769066, 0.0440096408129, 0.0663115009665, 0.0593728087842, 0.139045804739, 0.0661553964019, 0.135599955916, 0.105207741261, 0.0665362551808, 0.0126059362665, 0.0222154650837, 0.0361921973526, 0.00944004487246, 0.0106741217896, 0.00611435994506, 0.00199909601361, 0.00584360212088, 0.00305479438975, 0.00432281242684, 0.00303929741494, 0.00479596527293, 0.00703082047403, 0.00597086455673, 0.0110957724974, 0.00392207270488], "mean": [0.000369133427739, 0.0102520566434, 0.00339355762117, 0.00299349753186, 0.00373027939349, 0.00128920271527, 0.00145908771083, 0.00125120091252, 0.000858538551256, 0.00104890298098, 0.000787157332525, 0.000540040084161, 0.000590457697399, 0.000245573348366, 0.000240014778683, 0.000280168576865, 0.000178652990144, 9.40841346164e-05, 0.000126801809529, 0.000105720981082, 0.000105662009446, 8.9377623226e-05, 9.58628152148e-05, 0.000128358311485, 0.000227345575695, 0.000319404847687, 8.91245290404e-05], "median": [0.000252643687418, 0.00523116253316, 0.00195985240862, 0.00184476491995, 0.0023266361095, 0.000487401179271, 0.00030798651278, 0.000166477329913, 0.000147138081957, 7.31845357222e-05, 0.0002846030402, 5.46786541236e-05, 0.000103009821032, 3.64569932572e-05, 6.12611984252e-05, 5.20542271261e-05, 4.55525805592e-05, 1.45627127495e-05, 2.57439351117e-05, 2.40869194386e-05, 1.68240167113e-05, 1.40679821925e-05, 1.11486569949e-05, 1.10847449832e-05, 8.53992605698e-06, 3.72915110347e-06, 2.01899894137e-07], "min": [2.2429047874e-23, 1.60493041192e-23, 1.14960250067e-23, 2.35516415128e-24, 3.06598647869e-23, 4.16316798892e-23, 4.16483532533e-23, 9.01789941009e-23, 6.49716759375e-23, 5.35340574033e-23, 1.91332570628e-22, 1.71360770831e-22, 7.73405668584e-23, 1.44648034693e-22, 1.51570472152e-22, 7.26476017788e-23, 2.25397048641e-22, 2.39202442649e-22, 2.41821183175e-22, 2.96448425088e-22, 4.72569132135e-22, 4.79487480139e-22, 5.68273787643e-22, 1.16333764504e-21, 1.09467135483e-21, 1.6793843474e-21, 2.57971622102e-21], "var": [1.53455857799e-07, 0.00020946735458, 2.27953114518e-05, 1.44148207255e-05, 2.10165435419e-05, 7.62414583733e-06, 2.23734205065e-05, 1.37215056384e-05, 1.74014112417e-05, 1.86320521607e-05, 5.78349363423e-06, 2.32078150475e-06, 2.68383428192e-06, 1.73153068772e-06, 3.1726852967e-07, 7.83173902619e-07, 1.46125444189e-07, 4.78622581568e-08, 2.14609983118e-07, 8.17077037141e-08, 1.43283187981e-07, 4.94153411523e-08, 9.33597448238e-08, 1.26508723497e-07, 4.10812560858e-07, 1.09690040517e-06, 1.06922769305e-07]}, "erbbands": {"dmean": [0.227844402194, 1.57310760021, 2.44271349907, 4.91309261322, 6.59957265854, 7.29206895828, 5.18840551376, 6.17320919037, 9.90134334564, 19.2882862091, 12.9611196518, 12.7596626282, 16.9441280365, 15.6967945099, 13.533987999, 21.0605258942, 21.176071167, 11.932806015, 7.08579444885, 10.0668516159, 12.9063539505, 4.47774887085, 3.6468873024, 7.70539855957, 4.80367469788, 3.82158660889, 6.83688020706, 2.09010529518, 2.38373494148, 2.20191860199, 2.12716817856, 2.04661464691, 1.64612019062, 1.34852182865, 1.51669859886, 1.14298844337, 0.458343207836, 0.119775734842, 0.0124774398282, 0.000463979871711], "dmean2": [0.349337220192, 2.55570244789, 4.21092176437, 8.21613693237, 10.6636753082, 12.008936882, 8.19530296326, 9.70569133759, 15.5814590454, 30.1391563416, 19.506319046, 18.713306427, 22.505657196, 21.936580658, 20.7941150665, 34.054813385, 34.8461265564, 18.7829990387, 10.7674732208, 16.0598049164, 22.2388591766, 6.54143095016, 5.53226137161, 13.7649669647, 7.88799858093, 6.28456878662, 11.9778547287, 3.18765640259, 3.61402702332, 2.98764204979, 3.05001926422, 2.9520316124, 2.23399734497, 1.74152457714, 1.95132029057, 1.49581336975, 0.591025769711, 0.156678453088, 0.0165963880718, 0.000613373180386], "dvar": [0.142272591591, 10.133105278, 32.0588760376, 77.8587341309, 146.966186523, 184.203399658, 94.7852172852, 411.512145996, 1850.04443359, 4411.88134766, 2839.75415039, 7291.61572266, 4911.61669922, 7587.93261719, 1456.23815918, 4722.70458984, 4417.88232422, 2389.40332031, 324.141143799, 872.959960938, 2357.43676758, 104.387229919, 73.1366271973, 1232.4588623, 257.853118896, 159.093734741, 864.254760742, 38.2633552551, 42.1511383057, 46.6810379028, 41.4274253845, 31.8862686157, 20.8143482208, 12.1527881622, 18.1533565521, 12.2711791992, 2.11413288116, 0.155121564865, 0.00181455665734, 2.35946686189e-06], "dvar2": [0.332405149937, 25.2733783722, 88.3815078735, 210.253707886, 378.894561768, 470.258605957, 221.271972656, 867.839355469, 4203.79589844, 9997.57226562, 6312.45556641, 14007.2783203, 8249.94921875, 13373.7978516, 3571.21972656, 12245.0517578, 11301.7978516, 4817.53271484, 718.222106934, 2242.3737793, 6637.66308594, 223.495956421, 172.877029419, 3490.32250977, 688.471923828, 427.199890137, 2439.95166016, 98.450843811, 95.7777175903, 90.476272583, 84.0718612671, 66.1565093994, 40.4391441345, 20.7656574249, 32.3146133423, 22.9696865082, 3.65998315811, 0.271802037954, 0.00326894642785, 4.239406735e-06], "max": [3.44833779335, 22.769109726, 68.1259918213, 121.049118042, 276.480926514, 266.815643311, 138.207595825, 577.849914551, 1549.43566895, 2434.85693359, 1619.65563965, 4009.078125, 1716.24414062, 4859.34960938, 1319.87658691, 571.990722656, 1015.01861572, 2145.05566406, 482.851898193, 607.764709473, 467.341186523, 178.330245972, 124.573623657, 371.794281006, 204.008361816, 128.374664307, 268.28918457, 75.0458984375, 120.371307373, 179.437255859, 113.13356781, 137.914474487, 99.7633209229, 51.9615936279, 58.6930198669, 54.2436141968, 19.3185024261, 4.82353019714, 0.612350165844, 0.0198349077255], "mean": [0.386242419481, 1.94199776649, 3.51955461502, 7.8681306839, 11.0828857422, 12.9171094894, 10.3561983109, 11.3923244476, 15.7873792648, 31.7963981628, 21.5914077759, 22.6340427399, 35.9544754028, 31.2465553284, 23.5421772003, 26.745891571, 26.8127536774, 17.3854904175, 11.1345882416, 13.5412073135, 14.3927326202, 8.93482494354, 6.45840978622, 6.31104564667, 5.62756299973, 4.74128961563, 5.94050979614, 2.66918325424, 3.31290984154, 3.03080892563, 2.73254728317, 2.56054329872, 2.31034517288, 1.88047134876, 1.95083200932, 1.41907846928, 0.563465118408, 0.142404854298, 0.0145884780213, 0.000561579247005], "median": [0.216412052512, 0.88181078434, 1.92549443245, 5.45045185089, 7.40906620026, 6.96868610382, 5.69964647293, 3.79503726959, 3.21257448196, 7.09976053238, 3.29774475098, 4.45307636261, 2.63826036453, 7.36401844025, 8.95320415497, 3.35959815979, 5.04939079285, 2.70502948761, 2.96591520309, 3.29029130936, 3.02439689636, 2.32859325409, 1.16050434113, 1.09031069279, 1.35316324234, 1.08004784584, 1.03073346615, 0.566752314568, 0.521418213844, 0.366079539061, 0.316693603992, 0.253616422415, 0.163746386766, 0.0949437320232, 0.0556505918503, 0.0254073124379, 0.00442819297314, 0.00051018956583, 5.07291406393e-05, 3.24661159539e-05], "min": [4.68092693596e-22, 3.71274646117e-21, 1.50665827165e-20, 7.47072936209e-21, 4.6223343768e-20, 1.22993459431e-19, 2.00555794401e-19, 3.5024300551e-19, 4.27399957356e-19, 1.01347202626e-18, 2.18396526665e-18, 1.74418042512e-18, 9.73576174736e-19, 5.73692892274e-18, 4.87768224016e-18, 7.95069874764e-18, 4.50202023292e-18, 8.02054670574e-18, 4.59434599699e-18, 9.05347526078e-18, 4.60212273552e-18, 1.25229180768e-17, 1.57400145578e-17, 1.0075335312e-17, 1.3487378411e-17, 1.14347810062e-17, 2.05626346933e-17, 1.75425321024e-17, 1.77261082957e-17, 1.78231729775e-17, 1.53924713147e-17, 1.77461839692e-17, 2.23179748188e-17, 1.21576913666e-17, 8.17525677725e-18, 6.55770219427e-18, 3.28649590036e-18, 1.53180573196e-18, 3.10748414133e-19, 3.91844632701e-20], "var": [0.226078271866, 10.1113777161, 26.1314220428, 86.7233276367, 204.725875854, 318.651519775, 195.095916748, 782.829711914, 2728.13330078, 7867.05761719, 5202.13574219, 13363.7832031, 16688.0527344, 21704.9433594, 2403.22436523, 4995.77539062, 5199.31933594, 6464.36035156, 647.988220215, 1142.95141602, 1738.21777344, 308.522888184, 186.706726074, 749.868530273, 220.21496582, 142.799713135, 566.035827637, 42.4498443604, 68.3152694702, 92.5322189331, 72.2249755859, 53.5477294922, 39.9532241821, 26.0017604828, 32.7178382874, 20.2190551758, 3.63434529305, 0.254405975342, 0.0028473730199, 3.72396357307e-06]}, "gfcc": {"mean": [-32.9043312073, 107.809188843, -80.4000778198, 27.7096366882, -44.1287269592, 18.8119316101, -31.1826953888, 5.3762793541, -25.6538791656, 0.761573493481, -14.9569168091, 1.31947255135, -6.39013528824], "cov": [[8913.15917969, -3078.42700195, -304.829956055, -629.462341309, -551.425170898, 289.618591309, -460.694732666, 475.624755859, -204.701675415, 476.392791748, -346.931274414, 238.347824097, -324.669403076], [-3078.42700195, 2616.99072266, -702.040588379, 66.0524749756, 212.993850708, -253.331420898, 186.647201538, -257.330200195, 180.355041504, -277.104675293, 186.384902954, -221.629821777, 203.796524048], [-304.829956055, -702.040588379, 1302.56274414, 234.079559326, 256.069519043, 225.16104126, 29.0874843597, 45.7916030884, -51.6546325684, 19.3068408966, -83.6018981934, 101.092086792, -37.3831481934], [-629.462341309, 66.0524749756, 234.079559326, 553.546630859, 172.74079895, 49.2097854614, 18.9392223358, -8.36084461212, 70.4009094238, -74.3203277588, 26.2194633484, 45.8041114807, 59.7400932312], [-551.425170898, 212.993850708, 256.069519043, 172.74079895, 419.845428467, 42.7446212769, 83.5995864868, -16.248872757, 44.5170669556, -30.1744556427, 0.150448963046, 42.2385902405, 39.6162567139], [289.618591309, -253.331420898, 225.16104126, 49.2097854614, 42.7446212769, 312.119293213, 68.6913299561, 22.3160438538, -52.3174781799, 27.9552955627, 5.19748973846, 15.8465175629, -2.55972480774], [-460.694732666, 186.647201538, 29.0874843597, 18.9392223358, 83.5995864868, 68.6913299561, 211.984573364, -18.0600700378, -5.11065149307, -7.90536832809, 56.0642280579, -29.3850154877, 22.4568576813], [475.624755859, -257.330200195, 45.7916030884, -8.36084461212, -16.248872757, 22.3160438538, -18.0600700378, 136.031097412, 31.476688385, 52.4592132568, -26.5468177795, 41.7051696777, -12.7469263077], [-204.701675415, 180.355041504, -51.6546325684, 70.4009094238, 44.5170669556, -52.3174781799, -5.11065149307, 31.476688385, 186.490875244, 13.592206955, 27.8946685791, 2.37578940392, 28.648645401], [476.392791748, -277.104675293, 19.3068408966, -74.3203277588, -30.1744556427, 27.9552955627, -7.90536832809, 52.4592132568, 13.592206955, 141.783508301, 17.2440776825, 29.6969947815, -37.8302650452], [-346.931274414, 186.384902954, -83.6018981934, 26.2194633484, 0.150448963046, 5.19748973846, 56.0642280579, -26.5468177795, 27.8946685791, 17.2440776825, 121.204193115, 4.26527404785, 21.8400211334], [238.347824097, -221.629821777, 101.092086792, 45.8041114807, 42.2385902405, 15.8465175629, -29.3850154877, 41.7051696777, 2.37578940392, 29.6969947815, 4.26527404785, 121.470443726, 10.883728981], [-324.669403076, 203.796524048, -37.3831481934, 59.7400932312, 39.6162567139, -2.55972480774, 22.4568576813, -12.7469263077, 28.648645401, -37.8302650452, 21.8400211334, 10.883728981, 89.6261825562]], "icov": [[0.000316154561006, 0.000282503751805, 0.000323673622916, 0.000152933120262, -5.06166652485e-05, -0.000333167234203, 0.00030228254036, -0.000327701418428, 3.18695379065e-06, -0.000241683141212, 0.000461242452729, -0.000163105854881, 0.000230852980167], [0.000282503751805, 0.00142074504402, 0.000641140446533, 0.00041987770237, -0.000800442474429, 0.000130786167574, 9.34447161853e-05, 0.000426713406341, -0.000707186351065, 0.0012315911008, -0.000852146127727, 0.00131843844429, -0.00103138864506], [0.000323673622916, 0.000641140446533, 0.001625918434, -0.000151579093654, -0.00077853811672, -0.000844626978505, 0.000123718491523, -3.33371281158e-05, -3.6021694541e-05, 2.41243033088e-05, 0.00097688823007, -0.000433568202425, 0.000614415213931], [0.000152933120262, 0.00041987770237, -0.000151579093654, 0.00281179510057, -0.000786501390394, -0.000469580118079, 0.000537641812116, -0.000115678427392, -0.00112307164818, 0.00191475625616, -0.00105163280386, -0.00031064049108, -0.000693921523634], [-5.06166652485e-05, -0.000800442474429, -0.00077853811672, -0.000786501390394, 0.00411891005933, -0.000111224522698, -0.00166609685402, 0.000745517376345, -0.000622751307674, -0.00079509918578, 0.00195467495359, -0.00237440201454, 0.000211404796573], [-0.000333167234203, 0.000130786167574, -0.000844626978505, -0.000469580118079, -0.000111224522698, 0.00487625133246, -0.00161516468506, -0.000207291130209, 0.00122857396491, -0.000313135533361, -0.00117595458869, 0.00106996297836, -0.00134818826336], [0.00030228254036, 9.34447161853e-05, 0.000123718491523, 0.000537641812116, -0.00166609685402, -0.00161516468506, 0.00760998064652, -0.00155097676907, 0.00106402649544, -5.01139038533e-05, -0.00329471263103, 0.002608273644, -0.000736411951948], [-0.000327701418428, 0.000426713406341, -3.33371281158e-05, -0.000115678427392, 0.000745517376345, -0.000207291130209, -0.00155097676907, 0.0122028021142, -0.00325129623525, -0.00216195499524, 0.00306544313207, -0.00276676588692, -0.000589767354541], [3.18695379065e-06, -0.000707186351065, -3.6021694541e-05, -0.00112307164818, -0.000622751307674, 0.00122857396491, 0.00106402649544, -0.00325129623525, 0.00810751318932, -0.0023616857361, -0.00124373415019, 0.00118326267693, -0.00149451638572], [-0.000241683141212, 0.0012315911008, 2.41243033088e-05, 0.00191475625616, -0.00079509918578, -0.000313135533361, -5.01139038533e-05, -0.00216195499524, -0.0023616857361, 0.0137152615935, -0.00535448826849, -0.000360782752978, 0.00299797812477], [0.000461242452729, -0.000852146127727, 0.00097688823007, -0.00105163280386, 0.00195467495359, -0.00117595458869, -0.00329471263103, 0.00306544313207, -0.00124373415019, -0.00535448826849, 0.0152217475697, -0.00445769540966, 5.04207855556e-05], [-0.000163105854881, 0.00131843844429, -0.000433568202425, -0.00031064049108, -0.00237440201454, 0.00106996297836, 0.002608273644, -0.00276676588692, 0.00118326267693, -0.000360782752978, -0.00445769540966, 0.0143471360207, -0.00471601402387], [0.000230852980167, -0.00103138864506, 0.000614415213931, -0.000693921523634, 0.000211404796573, -0.00134818826336, -0.000736411951948, -0.000589767354541, -0.00149451638572, 0.00299797812477, 5.04207855556e-05, -0.00471601402387, 0.0173299647868]]}, "melbands": {"dmean": [0.00200989609584, 0.00146291509736, 0.00087550241733, 0.000456984620541, 0.000216547385207, 0.000140028263559, 0.000159943505423, 0.000205761651159, 9.72922716755e-05, 7.97873653937e-05, 8.5023973952e-05, 6.1050785007e-05, 5.07040858793e-05, 5.0229493354e-05, 5.77974387852e-05, 3.85652128898e-05, 2.10371908906e-05, 1.0217644558e-05, 1.23519985209e-05, 2.03850358957e-05, 1.32049717649e-05, 4.74446278531e-06, 4.3965005716e-06, 2.61744276031e-06, 7.29346493245e-06, 3.74610567633e-06, 3.11498206429e-06, 2.28044928008e-06, 5.19608283867e-06, 2.10027178582e-06, 9.1511304845e-07, 1.5305541865e-06, 1.12509280825e-06, 1.2506566236e-06, 1.26574877868e-06, 1.33618084419e-06, 1.18519733405e-06, 1.14534873319e-06, 1.2111978549e-06, 1.12703389732e-06], "dmean2": [0.00314217037521, 0.00240899412893, 0.00144525116775, 0.000754237058572, 0.000346521177562, 0.000217910986976, 0.000248833181104, 0.000320373830618, 0.000147235710756, 0.000116669863928, 0.000114106078399, 8.49945208756e-05, 7.68054596847e-05, 7.9584577179e-05, 9.7032636404e-05, 6.24746608082e-05, 3.29435461026e-05, 1.54855661094e-05, 1.91106955754e-05, 3.47531931766e-05, 2.25466883421e-05, 7.04648982719e-06, 6.51099435345e-06, 4.11228165831e-06, 1.31997485369e-05, 6.21881690677e-06, 5.14214889336e-06, 3.72414433514e-06, 9.20359161682e-06, 3.49672814082e-06, 1.33181799811e-06, 2.38576944867e-06, 1.59446381076e-06, 1.72611407834e-06, 1.85697911093e-06, 1.98845259547e-06, 1.70262239862e-06, 1.60508079716e-06, 1.64111600043e-06, 1.50124628817e-06], "dvar": [1.25644264699e-05, 9.76397222985e-06, 2.26013685278e-06, 7.87060571383e-07, 1.44525841961e-07, 2.17576683781e-07, 4.14362432366e-07, 4.57359362827e-07, 1.75485936893e-07, 2.87757927708e-07, 1.24483946706e-07, 1.32621963189e-07, 3.24025108966e-08, 2.59277364023e-08, 3.76488067388e-08, 1.40425076012e-08, 9.40368849456e-09, 7.56782803091e-10, 1.21447096824e-09, 5.51036016816e-09, 2.0757982e-09, 1.17613543904e-10, 1.26443244763e-10, 5.07896294466e-11, 1.16973219999e-09, 1.72866679304e-10, 9.85058493108e-11, 5.36466183976e-11, 5.04336239437e-10, 6.12482078943e-11, 5.47843237789e-12, 1.76418480519e-11, 1.07794554532e-11, 1.65352367215e-11, 1.61238470492e-11, 1.52609296727e-11, 1.06024720253e-11, 1.07862078644e-11, 1.10942270995e-11, 8.91324774405e-12], "dvar2": [2.96125253954e-05, 2.51723231486e-05, 6.06045114182e-06, 2.01296552405e-06, 3.35288717679e-07, 4.67930192372e-07, 9.31566148665e-07, 1.0212752386e-06, 4.02820944601e-07, 5.41393319509e-07, 2.13047783859e-07, 2.3654658321e-07, 7.95351340344e-08, 6.41029345161e-08, 1.01588611301e-07, 3.46871118495e-08, 1.77900094656e-08, 1.61749913463e-09, 2.84360357483e-09, 1.53898938038e-08, 5.76279690634e-09, 2.48029402572e-10, 2.68777777812e-10, 1.29033117524e-10, 3.32512795076e-09, 4.65541133421e-10, 2.61815014113e-10, 1.41672146237e-10, 1.4247512059e-09, 1.68868585781e-10, 1.28857194012e-11, 4.2261381894e-11, 2.2232254232e-11, 3.19829579487e-11, 3.45783748856e-11, 3.34914977695e-11, 2.14399192844e-11, 2.1722089405e-11, 2.07136200553e-11, 1.61305118568e-11], "max": [0.0307114962488, 0.0254824869335, 0.0202058888972, 0.0162725187838, 0.00626737205312, 0.015636228025, 0.0210752785206, 0.0215692743659, 0.0108204316348, 0.0260033011436, 0.0085771465674, 0.0202842503786, 0.00743271410465, 0.00162535218988, 0.0018174831057, 0.0022568134591, 0.00474753789604, 0.000665918516461, 0.000905118824448, 0.000827109208331, 0.000430597312516, 0.000229162644246, 0.000284387904685, 9.1616078862e-05, 0.000359275116352, 0.000140037082019, 0.000130679822178, 0.000104206294054, 0.000204893542104, 8.00268244348e-05, 3.01562940876e-05, 7.31778709451e-05, 7.05936836312e-05, 0.000110312132165, 7.85691154306e-05, 6.92565226927e-05, 9.13647381822e-05, 8.54891331983e-05, 6.38816127321e-05, 4.99143898196e-05], "mean": [0.00309533206746, 0.0021069617942, 0.00149414304178, 0.000845841597766, 0.000436944130342, 0.00025298280525, 0.000263613765128, 0.000340433267411, 0.000151782180183, 0.000145649450133, 0.000174057699041, 0.000118256655696, 9.14129632292e-05, 6.35524847894e-05, 6.76130657666e-05, 5.07063923578e-05, 3.00741467072e-05, 1.52989505295e-05, 1.80443075806e-05, 2.1235735403e-05, 1.5431734937e-05, 9.06167952053e-06, 8.59952888277e-06, 3.66657968698e-06, 5.50388585907e-06, 4.01413490181e-06, 3.84695340472e-06, 2.84757766167e-06, 4.32296292274e-06, 2.1560224468e-06, 1.27467978928e-06, 2.02313481168e-06, 1.57863451022e-06, 1.67976929788e-06, 1.57965098424e-06, 1.56331839207e-06, 1.51673657456e-06, 1.56791816153e-06, 1.66096526755e-06, 1.53758139732e-06], "median": [0.00161918904632, 0.00120615307242, 0.00104452646337, 0.000562062312383, 0.000253770092968, 8.39827480377e-05, 5.18976739841e-05, 7.4357361882e-05, 2.23601564358e-05, 2.39647251874e-05, 1.04462542367e-05, 2.5173110771e-05, 3.57330718543e-05, 8.1292428149e-06, 1.03000948002e-05, 8.97233985597e-06, 3.64285551768e-06, 4.05175433116e-06, 4.68573398393e-06, 3.80395158572e-06, 3.14481735586e-06, 2.43170279646e-06, 1.5791408714e-06, 6.50676440728e-07, 7.0440177069e-07, 9.51335891841e-07, 7.83539690019e-07, 6.63679543322e-07, 7.16226168151e-07, 3.57088197234e-07, 3.01422261373e-07, 3.23582980855e-07, 1.89103843695e-07, 1.95459733732e-07, 1.82501324275e-07, 1.60961036499e-07, 1.44032924254e-07, 1.10306402235e-07, 9.70366613728e-08, 7.13226455673e-08], "min": [4.87695031966e-24, 6.90504780925e-24, 2.08916183176e-24, 6.49077513829e-24, 6.98328072294e-24, 8.19064890446e-24, 6.7805071827e-24, 1.25105001308e-23, 1.60402243302e-23, 1.09345280139e-23, 4.18867391302e-24, 2.19260449173e-23, 2.27063403708e-23, 1.62539504153e-23, 1.66298568361e-23, 8.73672839977e-24, 1.5701586854e-23, 5.90106808505e-24, 1.22264131751e-23, 9.05502036439e-24, 4.99942215849e-24, 1.13607874263e-23, 1.77746517818e-23, 9.90324620817e-24, 7.28151747677e-24, 1.17985397532e-23, 8.30709187382e-24, 7.22457986321e-24, 1.17322107506e-23, 1.42679031562e-23, 9.05884002889e-24, 1.12995505208e-23, 6.97913052572e-24, 1.09952277051e-23, 9.05622022183e-24, 8.49922289159e-24, 1.18042613614e-23, 1.53279255313e-23, 1.3925431816e-23, 9.14589319637e-24], "var": [1.69857594301e-05, 9.19077683648e-06, 2.7672433589e-06, 1.1471469179e-06, 3.17066621847e-07, 3.94823700844e-07, 7.1325433737e-07, 8.49500906952e-07, 2.82488173298e-07, 5.75295246108e-07, 4.1231496084e-07, 3.61019004913e-07, 5.19440916946e-08, 2.91729111979e-08, 3.40235359886e-08, 2.22742144729e-08, 2.78270348986e-08, 1.44921830092e-09, 2.20814655449e-09, 4.11208311846e-09, 1.76991954426e-09, 3.11019404675e-10, 4.07699263238e-10, 6.82203391e-11, 6.96993629479e-10, 1.37015648827e-10, 9.12890943394e-11, 5.29794472182e-11, 3.24038240684e-10, 4.85672127515e-11, 7.73211702998e-12, 2.56697874762e-11, 2.01888245704e-11, 3.18853103642e-11, 2.58677506498e-11, 2.27742737863e-11, 1.88145714286e-11, 1.99908752746e-11, 2.09451553324e-11, 1.80517059634e-11]}, "mfcc": {"mean": [-690.697143555, 144.38319397, 23.4986686707, 22.7522087097, 12.6821842194, 13.4733076096, 7.92561197281, 4.77212190628, 2.04141497612, -1.00964939594, -6.92258358002, 1.44098174572, 3.36521720886], "cov": [[7950.41845703, -1942.81481934, -677.651916504, -807.110107422, -348.756286621, -320.629516602, -273.949829102, -167.74559021, 32.565032959, 49.5465507507, 84.0621490479, 69.3826446533, 113.498825073], [-1942.81481934, 1751.5456543, -446.357940674, 72.6970977783, -28.8121452332, -7.51188802719, 1.70769894123, -21.1151809692, -24.8197021484, 24.3543319702, -50.3482475281, -60.1309928894, -62.9148750305], [-677.651916504, -446.357940674, 899.58795166, 99.1018218994, 222.671417236, 142.518203735, 108.435424805, 77.6242752075, 59.5740814209, -21.5720901489, 33.7849159241, -11.4271755219, -9.46252918243], [-807.110107422, 72.6970977783, 99.1018218994, 462.497955322, 191.432861328, 66.6663589478, -15.8391399384, 84.1472854614, 48.1407165527, -44.0975227356, -36.303062439, 55.5650558472, 24.0676345825], [-348.756286621, -28.8121452332, 222.671417236, 191.432861328, 349.651550293, 111.384124756, 4.80418968201, 73.6128997803, 83.4566040039, -23.5791282654, -19.8829231262, 31.7460250854, 8.09054946899], [-320.629516602, -7.51188802719, 142.518203735, 66.6663589478, 111.384124756, 225.436309814, 132.865615845, 54.0050392151, 20.0731544495, 18.8673381805, -6.78353500366, 6.57804346085, 11.1975317001], [-273.949829102, 1.70769894123, 108.435424805, -15.8391399384, 4.80418968201, 132.865615845, 250.993438721, 40.4304237366, -11.2228002548, 21.5129165649, -6.84469604492, -11.6349391937, 11.9657659531], [-167.74559021, -21.1151809692, 77.6242752075, 84.1472854614, 73.6128997803, 54.0050392151, 40.4304237366, 118.412574768, 42.1914901733, -7.50837373734, -12.5198812485, 14.804684639, 12.0793352127], [32.565032959, -24.8197021484, 59.5740814209, 48.1407165527, 83.4566040039, 20.0731544495, -11.2228002548, 42.1914901733, 116.314796448, 22.6953601837, 1.96659314632, 4.29197883606, 2.95894622803], [49.5465507507, 24.3543319702, -21.5720901489, -44.0975227356, -23.5791282654, 18.8673381805, 21.5129165649, -7.50837373734, 22.6953601837, 105.627128601, 43.1847686768, -7.36248826981, 3.22549271584], [84.0621490479, -50.3482475281, 33.7849159241, -36.303062439, -19.8829231262, -6.78353500366, -6.84469604492, -12.5198812485, 1.96659314632, 43.1847686768, 114.629264832, 18.2192363739, 7.86267852783], [69.3826446533, -60.1309928894, -11.4271755219, 55.5650558472, 31.7460250854, 6.57804346085, -11.6349391937, 14.804684639, 4.29197883606, -7.36248826981, 18.2192363739, 99.216758728, 39.7550849915], [113.498825073, -62.9148750305, -9.46252918243, 24.0676345825, 8.09054946899, 11.1975317001, 11.9657659531, 12.0793352127, 2.95894622803, 3.22549271584, 7.86267852783, 39.7550849915, 74.2714767456]], "icov": [[0.000328972295392, 0.000435022317106, 0.000428246275987, 0.000511346152052, -0.000119862743304, 5.36149163963e-05, 0.000154311521328, 6.00316816417e-05, -0.000366651278455, 7.2157876275e-05, -1.44473387991e-05, -3.90390050597e-05, -0.000241110596107], [0.000435022317106, 0.00131346238777, 0.00102658977266, 0.000415806862293, -0.000341309176292, 3.97412914026e-05, 1.51037984324e-05, 0.000112198016723, -0.000337802688591, -0.000120357130072, 1.82009898708e-05, 0.000359433237463, 0.000278763211099], [0.000428246275987, 0.00102658977266, 0.00238406262361, 0.000526879273821, -0.00111405958887, -0.000234140868997, -0.000468681450002, -0.000146675170981, -0.000663368380629, 0.000780591333751, -0.00108130765148, 0.000816427695099, 0.000274207181064], [0.000511346152052, 0.000415806862293, 0.000526879273821, 0.00410681497306, -0.00134313211311, -0.000268357223831, 0.000854288577102, -0.0012329762103, -0.000578568316996, 0.000785583804827, 0.000599079125095, -0.0013134162873, -0.000814671628177], [-0.000119862743304, -0.000341309176292, -0.00111405958887, -0.00134313211311, 0.00578386010602, -0.00241488381289, 0.00123048410751, -0.000315885670716, -0.00259768194519, 0.0010553188622, 0.000529437733348, -0.00103762303479, 0.000331535789883], [5.36149163963e-05, 3.97412914026e-05, -0.000234140868997, -0.000268357223831, -0.00241488381289, 0.00865447428077, -0.0040347664617, -0.000956251693424, 0.000794873281848, -0.00189654075075, 0.000455981440609, -0.000242379654082, -9.51499678195e-05], [0.000154311521328, 1.51037984324e-05, -0.000468681450002, 0.000854288577102, 0.00123048410751, -0.0040347664617, 0.00703687500209, -0.00171395216603, 0.00112801091745, -0.000865964335389, 0.000813642283902, 0.000605075154454, -0.00135759229306], [6.00316816417e-05, 0.000112198016723, -0.000146675170981, -0.0012329762103, -0.000315885670716, -0.000956251693424, -0.00171395216603, 0.0124446246773, -0.00391814811155, 0.00133103691041, 0.000535724917427, -0.00072019698564, -0.00075801362982], [-0.000366651278455, -0.000337802688591, -0.000663368380629, -0.000578568316996, -0.00259768194519, 0.000794873281848, 0.00112801091745, -0.00391814811155, 0.0132916653529, -0.0044590276666, 0.000698498857673, 0.000669340079185, 0.000227650816669], [7.2157876275e-05, -0.000120357130072, 0.000780591333751, 0.000785583804827, 0.0010553188622, -0.00189654075075, -0.000865964335389, 0.00133103691041, -0.0044590276666, 0.0140816895291, -0.00534213054925, 0.00164227525238, -0.00102074467577], [-1.44473387991e-05, 1.82009898708e-05, -0.00108130765148, 0.000599079125095, 0.000529437733348, 0.000455981440609, 0.000813642283902, 0.000535724917427, 0.000698498857673, -0.00534213054925, 0.0119939567521, -0.00327062071301, 4.60680348624e-05], [-3.90390050597e-05, 0.000359433237463, 0.000816427695099, -0.0013134162873, -0.00103762303479, -0.000242379654082, 0.000605075154454, -0.00072019698564, 0.000669340079185, 0.00164227525238, -0.00327062071301, 0.0150832626969, -0.00676234066486], [-0.000241110596107, 0.000278763211099, 0.000274207181064, -0.000814671628177, 0.000331535789883, -9.51499678195e-05, -0.00135759229306, -0.00075801362982, 0.000227650816669, -0.00102074467577, 4.60680348624e-05, -0.00676234066486, 0.0183379165828]]}, "spectral_contrast_coeffs": {"dmean": [0.0498792044818, 0.0490442477167, 0.0365799888968, 0.0300080683082, 0.022581551224, 0.0197659824044], "dmean2": [0.0801263749599, 0.0793807208538, 0.057063318789, 0.0476299859583, 0.0348116010427, 0.02915289253], "dvar": [0.00181183253881, 0.00174912228249, 0.00105703505687, 0.000733252731152, 0.000433116249042, 0.00044699726277], "dvar2": [0.00459239212796, 0.00437314156443, 0.00229709967971, 0.00177771272138, 0.000973799847998, 0.000904493383132], "max": [-0.370963662863, -0.385640054941, -0.387593954802, -0.517063677311, -0.54773080349, -0.632802546024], "mean": [-0.652131676674, -0.709269523621, -0.73922675848, -0.767108798027, -0.785843908787, -0.786774098873], "median": [-0.662050843239, -0.718793869019, -0.751137375832, -0.772347927094, -0.793195486069, -0.790737986565], "min": [-0.946718990803, -0.962150156498, -0.973865449429, -0.973826050758, -0.972014307976, -0.971803128719], "var": [0.00723688816652, 0.00775593519211, 0.00651954021305, 0.00374658871442, 0.00271009025164, 0.00167507550213]}, "spectral_contrast_valleys": {"dmean": [0.404158771038, 0.433092594147, 0.3638869524, 0.346872448921, 0.340293467045, 0.470590293407], "dmean2": [0.64255553484, 0.697725892067, 0.553852856159, 0.49352362752, 0.449786454439, 0.532791674137], "dvar": [0.251556366682, 0.270519018173, 0.203190684319, 0.211370021105, 0.232018738985, 0.405834615231], "dvar2": [0.442296296358, 0.510177373886, 0.329320669174, 0.315461665392, 0.347477078438, 0.588253319263], "max": [-5.10066080093, -5.00573348999, -5.21