{"lowlevel": {"average_loudness": 0.919926941395, "barkbands_crest": {"dmean": 1.84430372715, "dmean2": 2.74094247818, "dvar": 3.6833589077, "dvar2": 7.90387678146, "max": 25.8785858154, "mean": 16.0104751587, "median": 16.819393158, "min": 3.23049783707, "var": 29.9038009644}, "barkbands_flatness_db": {"dmean": 0.0201993416995, "dmean2": 0.0283316951245, "dvar": 0.000471066479804, "dvar2": 0.000811884587165, "max": 0.365026652813, "mean": 0.217390567064, "median": 0.219710618258, "min": 0.0172648467124, "var": 0.00382735929452}, "barkbands_kurtosis": {"dmean": 5.72865343094, "dmean2": 8.63814735413, "dvar": 63.0877189636, "dvar2": 145.845199585, "max": 186.803482056, "mean": 18.6552619934, "median": 13.6259012222, "min": -1.5648419857, "var": 305.928588867}, "barkbands_skewness": {"dmean": 0.555783629417, "dmean2": 0.81765294075, "dvar": 0.279015034437, "dvar2": 0.596950173378, "max": 11.8388814926, "mean": 3.4398753643, "median": 3.29272842407, "min": -2.1143655777, "var": 2.7510099411}, "barkbands_spread": {"dmean": 2.39923667908, "dmean2": 3.63666296005, "dvar": 14.0422439575, "dvar2": 29.7946014404, "max": 76.3158187866, "mean": 8.24634552002, "median": 5.64840984344, "min": 0.806585371494, "var": 64.6643981934}, "dissonance": {"dmean": 0.0227499455214, "dmean2": 0.037922501564, "dvar": 0.000401369092287, "dvar2": 0.00112997670658, "max": 0.499998241663, "mean": 0.439600944519, "median": 0.443550914526, "min": 0.224243909121, "var": 0.00108655251097}, "dynamic_complexity": 3.29863619804, "erbbands_crest": {"dmean": 1.96052479744, "dmean2": 2.7490439415, "dvar": 3.19102597237, "dvar2": 5.95072603226, "max": 27.8090457916, "mean": 12.1421422958, "median": 11.3728885651, "min": 2.76516222954, "var": 25.3600006104}, "erbbands_flatness_db": {"dmean": 0.0188322290778, "dmean2": 0.0252079684287, "dvar": 0.000510505808052, "dvar2": 0.000811157107819, "max": 0.369041919708, "mean": 0.210546538234, "median": 0.211199462414, "min": 0.0591005943716, "var": 0.00306588620879}, "erbbands_kurtosis": {"dmean": 1.18233931065, "dmean2": 1.83745265007, "dvar": 1.90480768681, "dvar2": 4.235247612, "max": 26.3992271423, "mean": 2.09870004654, "median": 1.17952370644, "min": -1.60740423203, "var": 8.17889881134}, "erbbands_skewness": {"dmean": 0.29824462533, "dmean2": 0.452524602413, "dvar": 0.0707269757986, "dvar2": 0.147262498736, "max": 4.52240180969, "mean": 1.35246157646, "median": 1.28611207008, "min": -1.14345884323, "var": 0.559710323811}, "erbbands_spread": {"dmean": 5.99583387375, "dmean2": 9.25333786011, "dvar": 52.0113945007, "dvar2": 118.867637634, "max": 80.5195465088, "mean": 28.8250331879, "median": 25.9979019165, "min": 6.27854156494, "var": 182.999832153}, "hfc": {"dmean": 2.74083209038, "dmean2": 4.1654381752, "dvar": 19.6185340881, "dvar2": 46.9234161377, "max": 45.6770973206, "mean": 8.97700309753, "median": 7.44740772247, "min": 1.06353748025e-16, "var": 46.268573761}, "melbands_crest": {"dmean": 2.32399940491, "dmean2": 3.48162388802, "dvar": 5.27336788177, "dvar2": 11.6282548904, "max": 33.084777832, "mean": 18.0190620422, "median": 18.0862503052, "min": 1.00076270103, "var": 33.6837463379}, "melbands_flatness_db": {"dmean": 0.0201724395156, "dmean2": 0.0280011650175, "dvar": 0.00043438441935, "dvar2": 0.000804082956165, "max": 0.44911006093, "mean": 0.286605000496, "median": 0.292707204819, "min": -5.43603277947e-07, "var": 0.00545390881598}, "melbands_kurtosis": {"dmean": 8.26544189453, "dmean2": 12.3418941498, "dvar": 103.282081604, "dvar2": 220.149429321, "max": 227.993835449, "mean": 28.8376426697, "median": 22.8738155365, "min": -1.36103785038, "var": 538.90625}, "melbands_skewness": {"dmean": 0.621544718742, "dmean2": 0.932492077351, "dvar": 0.365966081619, "dvar2": 0.819552898407, "max": 11.2326745987, "mean": 3.9344086647, "median": 3.75589752197, "min": -0.350535213947, "var": 2.5172328949}, "melbands_spread": {"dmean": 1.8787958622, "dmean2": 2.74991226196, "dvar": 12.5546779633, "dvar2": 24.4784202576, "max": 152.580841064, "mean": 9.22452545166, "median": 5.44881677628, "min": 0.823498249054, "var": 291.831329346}, "pitch_salience": {"dmean": 0.0667505562305, "dmean2": 0.10030157119, "dvar": 0.00354690197855, "dvar2": 0.0079695424065, "max": 0.996028006077, "mean": 0.503404319286, "median": 0.508486866951, "min": 0.157706648111, "var": 0.0166280176491}, "silence_rate_20dB": {"dmean": 0, "dmean2": 0, "dvar": 0, "dvar2": 0, "max": 1, "mean": 1, "median": 1, "min": 1, "var": 0}, "silence_rate_30dB": {"dmean": 0, "dmean2": 0, "dvar": 0, "dvar2": 0, "max": 1, "mean": 1, "median": 1, "min": 1, "var": 0}, "silence_rate_60dB": {"dmean": 0.0180117767304, "dmean2": 0.0360360369086, "dvar": 0.0176871903241, "dvar2": 0.0395871661603, "max": 1, "mean": 0.0754847675562, "median": 0, "min": 0, "var": 0.0697877034545}, "spectral_centroid": {"dmean": 90.2991943359, "dmean2": 138.782241821, "dvar": 59686.75, "dvar2": 98482.8828125, "max": 11877.4511719, "mean": 718.024780273, "median": 457.436676025, "min": 246.65536499, "var": 1879483.25}, "spectral_complexity": {"dmean": 2.10876345634, "dmean2": 3.45530152321, "dvar": 6.00203227997, "dvar2": 13.9485301971, "max": 37, "mean": 10.2856645584, "median": 10, "min": 0, "var": 19.5973987579}, "spectral_decrease": {"dmean": 1.6389493096e-09, "dmean2": 2.51404719265e-09, "dvar": 8.46134050083e-18, "dvar2": 2.05005051575e-17, "max": 2.37332852603e-28, "mean": -6.03044414405e-09, "median": -4.89048090913e-09, "min": -3.21616191457e-08, "var": 2.50065053699e-17}, "spectral_energy": {"dmean": 0.00640099681914, "dmean2": 0.00980590283871, "dvar": 0.000128824234707, "dvar2": 0.000312257412588, "max": 0.125217556953, "mean": 0.0235744416714, "median": 0.019088588655, "min": 1.00557519791e-20, "var": 0.00037788724876}, "spectral_energyband_high": {"dmean": 9.63224083534e-05, "dmean2": 0.000156405643793, "dvar": 3.09330019377e-08, "dvar2": 7.62410508059e-08, "max": 0.00106652907562, "mean": 0.000104131926491, "median": 2.71771787084e-05, "min": 7.11802811151e-21, "var": 3.00698559386e-08}, "spectral_energyband_low": {"dmean": 0.00125695136376, "dmean2": 0.00225658807904, "dvar": 8.49827301863e-06, "dvar2": 2.37915264734e-05, "max": 0.0261891670525, "mean": 0.00126817822456, "median": 0.00060235557612, "min": 1.57906113849e-23, "var": 5.87226804782e-06}, "spectral_energyband_middle_high": {"dmean": 0.000473227584735, "dmean2": 0.000735176261514, "dvar": 8.84443068117e-07, "dvar2": 1.97277699954e-06, "max": 0.0123427687213, "mean": 0.00129371799994, "median": 0.000800226349384, "min": 1.268874158e-21, "var": 2.1609266696e-06}, "spectral_energyband_middle_low": {"dmean": 0.00550511898473, "dmean2": 0.00833321083337, "dvar": 8.72572636581e-05, "dvar2": 0.000204142153962, "max": 0.112109750509, "mean": 0.0215113125741, "median": 0.0173230394721, "min": 2.07347292663e-22, "var": 0.000325005850755}, "spectral_entropy": {"dmean": 0.167773813009, "dmean2": 0.241145446897, "dvar": 0.0351895168424, "dvar2": 0.0691811963916, "max": 9.9820766449, "mean": 6.87702798843, "median": 6.83710098267, "min": 5.64268112183, "var": 0.3677534163}, "spectral_flux": {"dmean": 0.0215070843697, "dmean2": 0.0322190783918, "dvar": 0.000999072915874, "dvar2": 0.00219004880637, "max": 0.263266056776, "mean": 0.049004714936, "median": 0.0384742766619, "min": 6.35232214052e-11, "var": 0.00141234905459}, "spectral_kurtosis": {"dmean": 4.62452507019, "dmean2": 7.8685631752, "dvar": 27.8153114319, "dvar2": 76.6705474854, "max": 58.0374488831, "mean": 11.1277656555, "median": 9.45796012878, "min": -1.24278795719, "var": 58.9337387085}, "spectral_rms": {"dmean": 0.00059787434293, "dmean2": 0.00088260229677, "dvar": 7.92869798261e-07, "dvar2": 1.80516974524e-06, "max": 0.0110527584329, "mean": 0.00435857800767, "median": 0.00431543868035, "min": 3.13217008753e-12, "var": 4.00228736908e-06}, "spectral_rolloff": {"dmean": 146.278884888, "dmean2": 244.780685425, "dvar": 302014.125, "dvar2": 661181.5, "max": 19466.015625, "mean": 885.591308594, "median": 430.6640625, "min": 236.865234375, "var": 5792105.5}, "spectral_skewness": {"dmean": 0.432242274284, "dmean2": 0.721447587013, "dvar": 0.209080815315, "dvar2": 0.570226252079, "max": 5.67425107956, "mean": 2.34952282906, "median": 2.38188266754, "min": -0.0974852442741, "var": 0.644741296768}, "spectral_spread": {"dmean": 586649.9375, "dmean2": 836119.25, "dvar": 1225077686270.0, "dvar2": 1909297512450.0, "max": 42166988, "mean": 3963493, "median": 2964677, "min": 1355618.375, "var": 23791130378200.0}, "spectral_strongpeak": {"dmean": 0.237480178475, "dmean2": 0.360588848591, "dvar": 0.0884637162089, "dvar2": 0.187750965357, "max": 3.50596666336, "mean": 1.05072569847, "median": 0.983196079731, "min": 0, "var": 0.423760205507}, "zerocrossingrate": {"dmean": 0.00739863654599, "dmean2": 0.00898870639503, "dvar": 0.00018513922987, "dvar2": 0.0002854441409, "max": 0.5302734375, "mean": 0.0404304638505, "median": 0.02490234375, "min": 0.009765625, "var": 0.00426050461829}, "barkbands": {"dmean": [2.96552207146e-06, 0.000335619231919, 0.000472877931315, 0.0011448233854, 0.00373554881662, 0.00129513186403, 0.000474716565805, 0.000281143002212, 0.000238266540691, 0.000198956317035, 0.000191708662896, 7.73304127506e-05, 5.05556090502e-05, 3.60184567398e-05, 5.84352783335e-05, 4.00055469072e-05, 3.9943613956e-05, 3.52832685167e-05, 4.08567029808e-05, 2.69557549473e-05, 2.55869126704e-05, 1.37306042234e-05, 3.02101011584e-06, 6.14612827121e-06, 3.8648613554e-06, 3.97369512939e-05, 1.21413233956e-06], "dmean2": [4.49179560746e-06, 0.000622821215075, 0.000847307092045, 0.00203080056235, 0.00571862980723, 0.00169993226882, 0.000646234897431, 0.000399390730308, 0.000368492677808, 0.000311717885779, 0.00029397252365, 0.000126162427478, 8.23902373668e-05, 6.06820140092e-05, 9.96548988041e-05, 6.65776315145e-05, 6.55798939988e-05, 6.09041708231e-05, 7.12220353307e-05, 4.63254073111e-05, 4.61229392386e-05, 2.53550297202e-05, 5.26317762706e-06, 9.53344806476e-06, 5.42807129023e-06, 6.07933143328e-05, 1.85096746463e-06], "dvar": [5.60799080784e-11, 1.10304540613e-06, 1.18873799693e-06, 4.6474087867e-06, 4.9982128985e-05, 5.44013619219e-06, 6.27556516974e-07, 3.25705059367e-07, 2.38243714534e-07, 2.01575346637e-07, 1.81718235126e-07, 5.48352296903e-08, 7.91539278566e-09, 2.42520337146e-09, 7.44493977578e-09, 3.16993453708e-09, 4.15515843954e-09, 5.98764060555e-09, 1.00401340575e-08, 5.57574919569e-09, 5.70614533402e-09, 1.57515267496e-09, 3.31958592559e-11, 1.1740165784e-10, 6.74414413204e-11, 1.11388596125e-08, 1.0155070361e-11], "dvar2": [1.22346174858e-10, 3.11161579702e-06, 3.41216446031e-06, 1.29624177134e-05, 0.000109512853669, 8.38747382659e-06, 1.09666382286e-06, 5.56758266157e-07, 5.52084884475e-07, 4.801979685e-07, 3.45788436107e-07, 1.35432088655e-07, 1.62139048854e-08, 5.71459679577e-09, 2.09444905863e-08, 8.81398154462e-09, 1.06110427112e-08, 1.61593494141e-08, 2.6695555988e-08, 1.48055780969e-08, 1.58170863074e-08, 4.46339321059e-09, 9.03451688461e-11, 2.34518182651e-10, 1.48096729324e-10, 2.43037749925e-08, 2.37714587598e-11], "max": [5.74501500523e-05, 0.00960657931864, 0.0098610445857, 0.0251866206527, 0.0937300696969, 0.0566170476377, 0.0191669370979, 0.0176916494966, 0.00754117174074, 0.0103316325694, 0.00819691643119, 0.00607278896496, 0.0026429942809, 0.000921899569221, 0.00132317736279, 0.000763698481023, 0.00112198467832, 0.000849024567287, 0.00130864151288, 0.000841269677039, 0.000543509493582, 0.000290351657895, 7.81489652582e-05, 0.000116637696919, 5.81817439524e-05, 0.000695209193509, 2.2871494366e-05], "mean": [2.78125708064e-06, 0.000239104032516, 0.000486455799546, 0.00131234142464, 0.0138407852501, 0.00394148565829, 0.00119288184214, 0.000658163102344, 0.000440032396, 0.000331200106302, 0.000383053033147, 0.000124903730466, 9.08992806217e-05, 6.27299450571e-05, 0.000100814868347, 7.42880802136e-05, 6.87829160597e-05, 5.09012425027e-05, 4.90457678097e-05, 2.9749391615e-05, 2.15522359213e-05, 1.17377267088e-05, 5.10860218128e-06, 1.28759011204e-05, 5.52590245206e-06, 3.62817299902e-05, 1.06932134258e-06], "median": [6.08668244695e-08, 3.0677227187e-05, 0.000217664404772, 0.000724479497876, 0.00808653607965, 0.00125646661036, 0.000561593740713, 0.000235891682678, 0.000206612050533, 0.000171313120518, 9.87428138615e-05, 5.54222824576e-05, 5.72656317672e-05, 4.2395604396e-05, 6.88515865477e-05, 5.3525538533e-05, 4.07090628869e-05, 2.8574893804e-05, 2.18233799387e-05, 1.08366803033e-05, 4.05850641982e-06, 2.2837796223e-06, 2.19162120629e-06, 3.86316332879e-06, 7.36019387659e-07, 2.89450753144e-07, 1.96216660697e-08], "min": [4.23939323188e-25, 1.70414544797e-24, 5.56995308781e-25, 8.63221990983e-25, 5.2278447222e-24, 7.89068296753e-24, 4.83318826094e-24, 7.87410347788e-24, 2.9790502204e-23, 1.80833141213e-23, 1.99614041878e-23, 3.39782649827e-23, 1.98335803221e-23, 4.20390224171e-23, 3.36227095955e-23, 4.25033143914e-23, 7.6659174052e-23, 1.2368493335e-22, 1.56794208092e-22, 1.7558712153e-22, 2.1805834506e-22, 3.48993781031e-22, 4.2766646259e-22, 5.87073466353e-22, 8.98251098367e-22, 1.45779475801e-21, 2.07665389148e-21], "var": [6.08587902295e-11, 6.63255264044e-07, 8.49251762247e-07, 3.88356693293e-06, 0.000247585237958, 4.1169438191e-05, 2.82428754872e-06, 1.57092495101e-06, 5.43387272955e-07, 3.96393858182e-07, 7.31360728423e-07, 7.69527517264e-08, 1.75548127146e-08, 4.62855576089e-09, 1.1808641176e-08, 5.35437116866e-09, 7.03440239391e-09, 5.60033885932e-09, 8.49215275878e-09, 4.37148672816e-09, 3.72199360221e-09, 9.95683313576e-10, 7.84885975658e-11, 3.15020037833e-10, 1.10874788517e-10, 1.16490408431e-08, 9.77070941516e-12]}, "erbbands": {"dmean": [0.00534745957702, 0.0935604870319, 0.467104315758, 2.24891829491, 6.79675674438, 17.2660980225, 13.3160209656, 11.181895256, 7.91938829422, 5.38045549393, 5.92366456985, 5.85612773895, 5.44761037827, 5.80446100235, 7.84704351425, 3.30625867844, 2.29401373863, 2.08978533745, 2.49210333824, 2.78729295731, 2.04560256004, 2.08107948303, 1.95164275169, 1.43904554844, 2.50954008102, 1.08318841457, 0.559989273548, 1.41240692139, 0.545530259609, 0.157828599215, 0.091043099761, 0.210809990764, 0.0588102377951, 0.0268658790737, 0.0449173152447, 0.225276976824, 0.0629529282451, 0.00361828552559, 0.000202694995096, 3.0353134207e-05], "dmean2": [0.00938435457647, 0.175838515162, 0.8471788764, 3.98505711555, 11.289390564, 25.8590717316, 17.6993141174, 15.3346195221, 10.7093849182, 7.68303251266, 8.32277297974, 8.90393161774, 8.54291152954, 9.07491970062, 11.9558486938, 5.24290418625, 3.767796278, 3.46211409569, 4.19483089447, 4.80637645721, 3.36156439781, 3.41275262833, 3.31113696098, 2.44153952599, 4.46205615997, 1.80830001831, 0.933157980442, 2.65533947945, 1.01180315018, 0.275420367718, 0.157976433635, 0.358808159828, 0.092294305563, 0.0383808203042, 0.0652887225151, 0.348699659109, 0.0959357693791, 0.00546318525448, 0.000301853753626, 4.56552079413e-05], "dvar": [0.000252202298725, 0.0852978751063, 1.32298576832, 20.8519554138, 160.106704712, 1214.5255127, 452.897399902, 557.26739502, 165.092788696, 109.326873779, 166.570114136, 147.910125732, 96.1305770874, 255.105712891, 346.247344971, 101.998764038, 15.6110363007, 8.67918109894, 11.2367963791, 25.248960495, 9.2928276062, 12.4789733887, 18.164018631, 7.6131696701, 43.626663208, 8.2042760849, 1.80774724483, 20.6096458435, 2.64215230942, 0.138528496027, 0.0234146639705, 0.128811702132, 0.0119000831619, 0.00246817921288, 0.0109561132267, 0.365485757589, 0.0276388246566, 8.73092212714e-05, 2.64763087898e-07, 4.24427426537e-09], "dvar2": [0.000674027309287, 0.243506073952, 3.78576612473, 58.1430015564, 403.360717773, 2510.27124023, 757.753662109, 827.037658691, 295.410339355, 196.846740723, 289.114227295, 325.348724365, 243.285751343, 590.769714355, 646.11328125, 239.365646362, 32.6170806885, 20.4396648407, 30.1040611267, 73.7344055176, 25.0455265045, 32.1091270447, 48.8668174744, 19.441286087, 117.677993774, 21.2016372681, 4.44523000717, 58.8232536316, 7.5053653717, 0.3777371943, 0.0626199841499, 0.305823177099, 0.0271403044462, 0.00492934510112, 0.0248571336269, 0.826427459717, 0.057831350714, 0.000182079034857, 5.83392363751e-07, 9.64718172014e-09], "max": [0.136474326253, 2.66305136681, 9.82657527924, 48.2652626038, 151.317642212, 505.409301758, 475.119995117, 706.580078125, 313.392730713, 334.493225098, 479.633056641, 219.4581604, 146.479064941, 389.675964355, 413.830596924, 313.717407227, 111.987770081, 47.9134407043, 40.6843147278, 81.9062576294, 51.856842041, 51.9841117859, 47.8675537109, 28.9484977722, 86.8589324951, 31.7894439697, 10.6004419327, 31.5058269501, 11.9940395355, 2.93352079391, 2.34599542618, 3.24436855316, 1.32491266727, 0.794004976749, 0.725510895252, 4.07640266418, 1.04706025124, 0.0597026757896, 0.00351486424915, 0.000523083552253], "mean": [0.00388836604543, 0.06997513026, 0.481652647257, 2.77641248703, 16.7312068939, 59.733959198, 46.7585983276, 32.0590248108, 21.3716907501, 12.0100460052, 14.6433906555, 12.0738630295, 9.48140907288, 10.1010837555, 16.9744110107, 5.92206382751, 4.29220914841, 3.83073616028, 4.39562225342, 4.968354702, 4.15203809738, 3.66255259514, 2.98982381821, 2.21621823311, 2.65635037422, 1.31854236126, 0.714941382408, 0.984485566616, 0.451420783997, 0.198261857033, 0.171151056886, 0.400844722986, 0.0938166379929, 0.0464788489044, 0.0544334799051, 0.202081099153, 0.058494836092, 0.00343156326562, 0.00019976409385, 4.75847118651e-05], "median": [0.000434150453657, 0.0119253965095, 0.195240095258, 1.66667103767, 9.04703521729, 26.5546646118, 29.002117157, 10.1054420471, 11.5887670517, 6.33075094223, 5.39924383163, 5.69144153595, 5.75292682648, 4.25381565094, 4.52464294434, 2.75291347504, 2.71276140213, 2.61430764198, 3.02210497856, 3.34295272827, 3.05803918839, 2.17723941803, 1.72381019592, 1.22841978073, 0.949953436852, 0.524997711182, 0.244556158781, 0.110205508769, 0.0785833522677, 0.0497750192881, 0.0745875835419, 0.130501359701, 0.0289296619594, 0.00924635399133, 0.00482824351639, 0.00177577626891, 0.000457973830635, 6.51324662613e-05, 1.90514037968e-05, 2.71244480246e-05], "min": [1.29046158279e-22, 4.97336486794e-22, 1.51501360363e-21, 5.55119051159e-21, 1.1866598974e-20, 1.49109241274e-20, 3.72778798129e-20, 1.13325837721e-19, 5.21440828728e-20, 1.62811194084e-19, 2.32391455862e-19, 5.77851832317e-19, 9.00290867596e-19, 5.57348403076e-19, 1.03102459206e-18, 1.31638566997e-18, 1.04863661147e-18, 2.09476934723e-18, 2.09926631463e-18, 3.01036233237e-18, 3.5311951575e-18, 5.54493409872e-18, 7.75599366634e-18, 4.92324003957e-18, 7.21746434598e-18, 7.90844470759e-18, 9.49238887433e-18, 9.21436023556e-18, 1.24620822515e-17, 9.92831884741e-18, 1.05267658226e-17, 1.1901536692e-17, 1.03549273222e-17, 9.18845955622e-18, 5.62974409974e-18, 4.39799069036e-18, 2.53421793984e-18, 1.03979860022e-18, 2.66229760361e-19, 3.01374144272e-20], "var": [0.000172921165358, 0.0500429570675, 0.919189453125, 16.3103675842, 477.693634033, 6231.38378906, 2957.34082031, 4543.93896484, 753.232543945, 362.205932617, 857.680480957, 400.406860352, 150.325393677, 521.141723633, 1605.16625977, 167.643920898, 34.3511199951, 17.1881122589, 19.8387260437, 33.391960144, 16.1374721527, 20.0410900116, 17.7111740112, 8.96164417267, 33.3634529114, 7.09826374054, 1.80984342098, 11.9398355484, 1.63702702522, 0.154824972153, 0.0651641190052, 0.289814025164, 0.0241667013615, 0.00736772734672, 0.0139332581311, 0.366478830576, 0.0300289168954, 9.6558862424e-05, 2.81115433154e-07, 4.8077195558e-09]}, "gfcc": {"mean": [-92.7005691528, 126.224342346, -116.095748901, 5.30330228806, -62.2698707581, -19.9586391449, -55.38073349, -12.195069313, -34.9510650635, -16.772441864, -17.6097259521, -7.00335216522, -8.6405210495], "cov": [[25410.9101562, 2048.26147461, -1610.5, -24.9704494476, -1078.20751953, -246.463485718, -1234.61608887, -108.128204346, -753.733032227, -216.442214966, -484.096435547, -14.4734830856, -220.08732605], [2048.26147461, 2056.7668457, -913.567199707, 228.71257019, 42.3540000916, -338.972320557, 241.948654175, -343.542419434, 208.433776855, -229.771087646, 187.430969238, -206.910476685, 279.869354248], [-1610.5, -913.567199707, 823.940795898, -194.401885986, 174.04397583, 145.080688477, -116.399299622, 154.306930542, -89.2665100098, 101.685562134, -95.972618103, 74.3762359619, -165.539093018], [-24.9704494476, 228.71257019, -194.401885986, 457.319274902, -35.2334938049, 36.4888381958, 178.365386963, -68.2767486572, 100.16217041, -18.3748703003, 47.4332466125, -63.1732406616, 84.390838623], [-1078.20751953, 42.3540000916, 174.04397583, -35.2334938049, 236.445831299, -21.6329402924, 67.6733093262, -18.5522785187, 35.5157699585, 8.91876411438, -1.20086526871, -13.6505384445, 7.98300457001], [-246.463485718, -338.972320557, 145.080688477, 36.4888381958, -21.6329402924, 164.873092651, -17.8319320679, 79.0372772217, -29.6549892426, 28.726392746, -30.0565223694, 25.3611907959, -50.3166389465], [-1234.61608887, 241.948654175, -116.399299622, 178.365386963, 67.6733093262, -17.8319320679, 304.901489258, -47.9807929993, 122.787010193, 1.20226788521, 92.5131530762, 5.635242939, 122.11114502], [-108.128204346, -343.542419434, 154.306930542, -68.2767486572, -18.5522785187, 79.0372772217, -47.9807929993, 117.961174011, -39.8751487732, 43.0516395569, -43.0185890198, 41.6736907959, -70.3462905884], [-753.733032227, 208.433776855, -89.2665100098, 100.16217041, 35.5157699585, -29.6549892426, 122.787010193, -39.8751487732, 121.005271912, -0.253294348717, 59.6763763428, -33.1532707214, 70.3708343506], [-216.442214966, -229.771087646, 101.685562134, -18.3748703003, 8.91876411438, 28.726392746, 1.20226788521, 43.0516395569, -0.253294348717, 80.5256500244, -6.19960594177, 38.9870643616, -29.7514648438], [-484.096435547, 187.430969238, -95.972618103, 47.4332466125, -1.20086526871, -30.0565223694, 92.5131530762, -43.0185890198, 59.6763763428, -6.19960594177, 95.7365036011, 7.58203458786, 63.0456199646], [-14.4734830856, -206.910476685, 74.3762359619, -63.1732406616, -13.6505384445, 25.3611907959, 5.635242939, 41.6736907959, -33.1532707214, 38.9870643616, 7.58203458786, 96.7429428101, 1.84849619865], [-220.08732605, 279.869354248, -165.539093018, 84.390838623, 7.98300457001, -50.3166389465, 122.11114502, -70.3462905884, 70.3708343506, -29.7514648438, 63.0456199646, 1.84849619865, 119.740287781]], "icov": [[0.000187873069081, -0.000694947724696, -5.23264716321e-05, -0.000362688908353, 0.000598294311203, -0.000123154517496, 0.000679729273543, -0.000244965427555, 0.000930451205932, -0.00094603409525, 0.00117354036774, -0.000860959873535, -0.000162325188285], [-0.000694947724696, 0.00497799552977, 0.00198133243248, 0.00149027991574, -0.00362493353896, 0.00193337153178, -0.00263871299103, 0.0021212156862, -0.00386010878719, 0.00621124263853, -0.00593836372718, 0.00484172999859, 0.000631445262115], [-5.23264716321e-05, 0.00198133243248, 0.00441912049428, 0.000439173483755, -0.00386504619382, -0.000436037691543, 0.000193565370864, 0.000499568297528, -0.00109480670653, 0.00157116318587, -0.00116209697444, -0.000511031772476, 0.00289678620175], [-0.000362688908353, 0.00149027991574, 0.000439173483755, 0.00524955336004, 0.000321358093061, -0.00259416433983, -0.00387557945214, 0.0034362305887, -0.00262141693383, 0.000613144075032, -0.000956588424742, 0.00462882220745, -0.000257830222836], [0.000598294311203, -0.00362493353896, -0.00386504619382, 0.000321358093061, 0.0108127593994, -0.000310933712171, -0.00102826522198, 0.00190246419515, 0.00147084670607, -0.00458761164919, 0.00720396684483, -0.00183761003427, -0.000451771338703], [-0.000123154517496, 0.00193337153178, -0.000436037691543, -0.00259416433983, -0.000310933712171, 0.0127938641235, -0.000685400911607, -0.00628025783226, 0.000804992101621, 0.0034175904002, -0.00242350739427, 0.00118388817646, 0.000520362809766], [0.000679729273543, -0.00263871299103, 0.000193565370864, -0.00387557945214, -0.00102826522198, -0.000685400911607, 0.012311829254, -0.00432987790555, 0.000161500021932, -0.00408007763326, 0.000926768756472, -0.00528927054256, -0.00641793012619], [-0.000244965427555, 0.0021212156862, 0.000499568297528, 0.0034362305887, 0.00190246419515, -0.00628025783226, -0.00432987790555, 0.0280037671328, -0.0096265245229, 0.00256796134636, 0.00554243242368, -0.00858088955283, 0.0144721232355], [0.000930451205932, -0.00386010878719, -0.00109480670653, -0.00262141693383, 0.00147084670607, 0.000804992101621, 0.000161500021932, -0.0096265245229, 0.0338695943356, -0.016019044444, -0.00418923608959, 0.0138514861465, -0.0164068806916], [-0.00094603409525, 0.00621124263853, 0.00157116318587, 0.000613144075032, -0.00458761164919, 0.0034175904002, -0.00408007763326, 0.00256796134636, -0.016019044444, 0.0322704613209, -0.00567594589666, -0.00838302727789, 0.0134454267099], [0.00117354036774, -0.00593836372718, -0.00116209697444, -0.000956588424742, 0.00720396684483, -0.00242350739427, 0.000926768756472, 0.00554243242368, -0.00418923608959, -0.00567594589666, 0.0311042051762, -0.0146476915106, 0.000817565713078], [-0.000860959873535, 0.00484172999859, -0.000511031772476, 0.00462882220745, -0.00183761003427, 0.00118388817646, -0.00528927054256, -0.00858088955283, 0.0138514861465, -0.00838302727789, -0.0146476915106, 0.0370492786169, -0.0189780797809], [-0.000162325188285, 0.000631445262115, 0.00289678620175, -0.000257830222836, -0.000451771338703, 0.000520362809766, -0.00641793012619, 0.0144721232355, -0.0164068806916, 0.0134454267099, 0.000817565713078, -0.0189780797809, 0.0389051698148]]}, "melbands": {"dmean": [7.08332736394e-05, 0.000203602205147, 0.000476595479995, 0.0008613243117, 0.000556346087251, 0.000240180335823, 0.000115613627713, 5.50344993826e-05, 4.72365609312e-05, 3.75842064386e-05, 2.72801080428e-05, 2.42879013967e-05, 2.69589236268e-05, 1.29342852233e-05, 5.41090867046e-06, 4.89824788019e-06, 4.01929355576e-06, 3.88144735552e-06, 3.4313627566e-06, 3.72207819055e-06, 2.41466932493e-06, 2.32731213146e-06, 2.56230123341e-06, 1.4126236465e-06, 1.12312670808e-06, 1.91465028365e-06, 1.63690720001e-06, 5.26689348135e-07, 3.35687900588e-07, 4.51954122127e-07, 9.89552972896e-07, 3.43122650293e-07, 1.50349762862e-07, 6.2621019481e-08, 3.42605730452e-08, 1.37380780529e-07, 1.03446787136e-07, 5.25344816538e-08, 2.06382182455e-08, 1.95480538423e-08], "dmean2": [0.000129286447191, 0.000372560141841, 0.000834390695672, 0.00134429940954, 0.000761861971114, 0.00032654957613, 0.000155632209498, 7.9565703345e-05, 6.74680049997e-05, 5.78827239224e-05, 4.3053925765e-05, 3.80626479455e-05, 4.12025765399e-05, 2.05404630833e-05, 8.79918570718e-06, 7.94460083853e-06, 6.73698013998e-06, 6.54416180623e-06, 5.87322347201e-06, 6.35922242509e-06, 3.98411521019e-06, 3.83389124181e-06, 4.42666578238e-06, 2.38910320149e-06, 1.89388686067e-06, 3.39914959113e-06, 2.90622369903e-06, 8.57490817907e-07, 5.52239896479e-07, 8.05264562587e-07, 1.88196747786e-06, 6.42307099952e-07, 2.60868858959e-07, 1.09266693471e-07, 5.8673442993e-08, 2.40225631387e-07, 1.72632098838e-07, 8.69889902333e-08, 3.24662785545e-08, 2.90580413065e-08], "dvar": [4.82041997429e-08, 2.74764062169e-07, 7.71276461364e-07, 2.95893369184e-06, 8.25801350857e-07, 2.2737329175e-07, 3.54434348537e-08, 1.23341115099e-08, 9.68335100993e-09, 6.66354171841e-09, 2.5241613244e-09, 4.80864636998e-09, 3.51529205744e-09, 1.26635202324e-09, 1.24143986757e-10, 1.22817742088e-10, 3.13114152661e-11, 2.68953661425e-11, 3.01324624974e-11, 3.14538117774e-11, 1.42431726136e-11, 1.55938630064e-11, 4.10530325012e-11, 5.88769137611e-12, 4.35637810547e-12, 2.35005261778e-11, 2.17320987594e-11, 1.72059946586e-12, 5.515618344e-13, 1.6172839977e-12, 1.05743209328e-11, 1.12213114235e-12, 9.51036802479e-14, 2.38405893334e-14, 5.26498019376e-15, 5.34615415631e-14, 2.96655535965e-14, 1.27751330226e-14, 1.3964121641e-15, 1.38834915159e-15], "dvar2": [1.34251607165e-07, 7.84880342053e-07, 2.12510053643e-06, 6.59557736071e-06, 1.5515187215e-06, 3.44609532021e-07, 6.28188701057e-08, 2.19285389846e-08, 1.74206302717e-08, 1.49302827879e-08, 6.44919495585e-09, 1.11427258531e-08, 6.84339473978e-09, 2.87076917793e-09, 2.82355000492e-10, 2.3917293146e-10, 7.4652166393e-11, 7.15433337573e-11, 8.55407064626e-11, 8.90018267419e-11, 3.83908391188e-11, 3.98559449333e-11, 1.13194224827e-10, 1.5199223824e-11, 1.11201135106e-11, 6.36150437883e-11, 5.88511600563e-11, 4.28281325335e-12, 1.30365108899e-12, 4.46627587344e-12, 3.03579349159e-11, 3.20881906116e-12, 2.53238673521e-13, 6.50431179186e-14, 1.44795979406e-14, 1.36856861564e-13, 6.52353198587e-14, 3.24214430531e-14, 3.21015873185e-15, 2.84053028257e-15], "max": [0.00196569855325, 0.00425524590537, 0.00966415088624, 0.024481497705, 0.0132377073169, 0.0136859118938, 0.00460542459041, 0.00306264590472, 0.00363261252642, 0.00146456121001, 0.000726372469217, 0.00170530797914, 0.00108163035475, 0.000657497963402, 0.000385676074075, 0.000363274564734, 0.000103017264337, 6.55096810078e-05, 8.41130531626e-05, 7.16488502803e-05, 6.96459319443e-05, 7.0195288572e-05, 7.84367221058e-05, 2.86309877993e-05, 2.40750814555e-05, 6.04967208346e-05, 5.08018383698e-05, 1.61775460583e-05, 5.60914168091e-06, 9.1980682555e-06, 2.21757400141e-05, 7.78277990321e-06, 2.74539775091e-06, 1.60363447321e-06, 1.22843800909e-06, 2.06580966733e-06, 1.7314704337e-06, 9.92011109702e-07, 8.80080733623e-07, 6.28764382782e-07], "mean": [4.96080137964e-05, 0.000190829116036, 0.000696426373906, 0.00284691061825, 0.00199935515411, 0.000686541083269, 0.000306456611725, 0.000122714031022, 0.000112488945888, 7.20240641385e-05, 4.56805719296e-05, 3.93763875763e-05, 5.39934226254e-05, 2.52424051723e-05, 9.55654741119e-06, 8.81812957232e-06, 6.73376234772e-06, 6.58605995341e-06, 6.13888096268e-06, 6.51457867207e-06, 4.52402173323e-06, 3.92695574192e-06, 3.36520452038e-06, 2.23112260755e-06, 1.66498784893e-06, 2.03310082725e-06, 1.60924093962e-06, 6.9423037985e-07, 4.52128801953e-07, 4.14445366914e-07, 6.3940126438e-07, 2.68041986828e-07, 1.67374835769e-07, 8.43795504579e-08, 6.37076382759e-08, 2.47496473094e-07, 2.02170994612e-07, 7.01820255244e-08, 3.6768881273e-08, 3.43212001042e-08], "median": [6.01075134909e-06, 6.51081209071e-05, 0.000450447783805, 0.00124907353893, 0.00131883565336, 0.000222603761358, 0.000160943716764, 6.31411967333e-05, 4.50170482509e-05, 3.20918006764e-05, 2.69281445071e-05, 1.44626674228e-05, 1.46868396769e-05, 7.74231193645e-06, 6.07300171396e-06, 5.30653505848e-06, 4.46534249932e-06, 4.37496282757e-06, 4.237002031e-06, 4.43654698756e-06, 3.2464213291e-06, 2.2073359105e-06, 1.70786267972e-06, 1.34876972879e-06, 8.90271564913e-07, 7.92500429725e-07, 5.0330686463e-07, 2.97800909266e-07, 1.70759903995e-07, 9.27625052327e-08, 5.25441095078e-08, 3.54334446229e-08, 5.28744941164e-08, 1.44393919044e-08, 1.44313450079e-08, 9.7621665418e-08, 6.14990511849e-08, 2.08121591072e-08, 8.12062506128e-09, 6.26350527e-09], "min": [1.20035629276e-24, 9.87366806575e-25, 1.11848663168e-24, 1.56196086259e-24, 1.91785930568e-24, 2.45251727837e-24, 7.73750077366e-25, 1.58346146378e-24, 1.73043620979e-24, 4.05040355684e-24, 4.29576217533e-24, 1.74531905685e-24, 3.76087582741e-24, 4.06231338436e-24, 1.77940691985e-24, 1.47001685612e-24, 3.56516574771e-24, 3.13454689272e-24, 2.25062252918e-24, 3.14575147859e-24, 4.46989099282e-24, 4.7689560506e-24, 4.1211470251e-24, 4.10411275715e-24, 3.76627005828e-24, 4.00822592526e-24, 4.54417644654e-24, 4.90381734437e-24, 4.01499356296e-24, 4.74655752848e-24, 4.7930667953e-24, 6.450217827e-24, 6.20723249654e-24, 4.48441747196e-24, 5.73690455295e-24, 6.3059268844e-24, 6.50321626363e-24, 7.19473488859e-24, 5.93213106091e-24, 6.42702649968e-24], "var": [2.99166806883e-08, 1.8048379502e-07, 7.4797196703e-07, 1.43611441672e-05, 4.08558389609e-06, 1.79667733846e-06, 1.64057254892e-07, 4.22388168886e-08, 4.82129003387e-08, 1.70717679993e-08, 3.76655640011e-09, 9.88236514843e-09, 1.37696662961e-08, 3.38968009217e-09, 2.19680745817e-10, 2.66329874821e-10, 5.60131316329e-11, 4.7126861441e-11, 4.4904243518e-11, 4.77221803741e-11, 2.18247555445e-11, 2.62590019173e-11, 3.42157795152e-11, 7.57033324916e-12, 5.26489095376e-12, 1.82923381303e-11, 1.56613784441e-11, 1.67913447903e-12, 6.27389741721e-13, 1.11543033924e-12, 5.96425903457e-12, 6.76915229599e-13, 8.90995380232e-14, 3.47501839587e-14, 2.03351875269e-14, 1.01222422642e-13, 7.4762143362e-14, 1.59706605308e-14, 6.77028860762e-15, 3.93705403158e-15]}, "mfcc": {"mean": [-727.870422363, 164.540084839, -8.95240497589, 18.6743545532, -0.477473288774, -15.0127468109, -14.7036790848, -10.8335533142, -18.7296924591, -9.88193225861, -21.7597961426, -9.97857379913, -13.6300630569], "cov": [[7065.30712891, 1603.47766113, -52.9274177551, 412.048614502, -51.6757888794, -43.8681678772, -139.210281372, -28.3770980835, -113.15120697, -91.1270599365, -168.366317749, -91.0071640015, -134.901199341], [1603.47766113, 1812.32629395, -405.891418457, 224.478393555, -16.1970462799, -50.7506446838, -81.7591552734, -74.3238525391, -60.0249977112, -79.8282318115, -58.70652771, -71.0544662476, -47.3483085632], [-52.9274177551, -405.891418457, 312.478088379, -81.2923583984, 82.6467590332, -14.2533311844, 31.1402301788, 17.4697685242, -25.0220012665, 40.0071411133, -12.106133461, 33.9020957947, -38.9257125854], [412.048614502, 224.478393555, -81.2923583984, 305.689544678, -65.3606796265, 124.744873047, 15.1723632812, 14.2523584366, 57.8811149597, -14.9205207825, 64.467086792, -36.0513572693, 26.0290470123], [-51.6757888794, -16.1970462799, 82.6467590332, -65.3606796265, 179.787734985, -27.2328567505, 0.0462827086449, -18.0383644104, -31.7613544464, 37.1105270386, -33.5928344727, 12.8516530991, -62.9562263489], [-43.8681678772, -50.7506446838, -14.2533311844, 124.744873047, -27.2328567505, 133.743560791, 43.383731842, 26.2338638306, 55.2455024719, 2.98239016533, 46.5369338989, -5.32108592987, 24.2738571167], [-139.210281372, -81.7591552734, 31.1402301788, 15.1723632812, 0.0462827086449, 43.383731842, 76.8728713989, 40.6807060242, 21.4641017914, 4.7503285408, 17.3785362244, 5.18149375916, 12.6758708954], [-28.3770980835, -74.3238525391, 17.4697685242, 14.2523584366, -18.0383644104, 26.2338638306, 40.6807060242, 64.7708892822, 32.506187439, 2.06153106689, 7.93791389465, 6.19273757935, 8.11491203308], [-113.15120697, -60.0249977112, -25.0220012665, 57.8811149597, -31.7613544464, 55.2455024719, 21.4641017914, 32.506187439, 78.5664215088, 13.2724971771, 40.4603271484, -10.9114742279, 22.0246887207], [-91.1270599365, -79.8282318115, 40.0071411133, -14.9205207825, 37.1105270386, 2.98239016533, 4.7503285408, 2.06153106689, 13.2724971771, 63.3167495728, 10.7112340927, 13.4667072296, -26.4906101227], [-168.366317749, -58.70652771, -12.106133461, 64.467086792, -33.5928344727, 46.5369338989, 17.3785362244, 7.93791389465, 40.4603271484, 10.7112340927, 89.3819961548, 5.9553232193, 35.4224815369], [-91.0071640015, -71.0544662476, 33.9020957947, -36.0513572693, 12.8516530991, -5.32108592987, 5.18149375916, 6.19273757935, -10.9114742279, 13.4667072296, 5.9553232193, 60.8733177185, 10.1479320526], [-134.901199341, -47.3483085632, -38.9257125854, 26.0290470123, -62.9562263489, 24.2738571167, 12.6758708954, 8.11491203308, 22.0246887207, -26.4906101227, 35.4224815369, 10.1479320526, 86.7834014893]], "icov": [[0.000229188211961, -0.000213299004827, -0.000363771076081, -0.000339400867233, 0.000183895710506, 2.41397974605e-05, 0.000419163145125, -0.000339368532877, 0.00017193138774, 2.66547112915e-06, 0.000383094564313, 3.81306490453e-05, 7.20358875697e-05], [-0.000213299004827, 0.00134880992118, 0.00180715392344, -0.0010139637161, -0.000580667809118, 0.00118766224477, -0.000875190016814, 0.000779086491093, 0.000400451914174, 0.000704746227711, 0.000115009504952, -0.00038048796705, 0.000931620481424], [-0.000363771076081, 0.00180715392344, 0.00686687324196, -0.000333840755047, -0.00189027283341, 0.000952236063313, -0.00244910526089, -0.000481990515254, 0.00246733706445, -0.000650514499284, -0.00075884180842, -0.0013919651974, 0.00201360811479], [-0.000339400867233, -0.0010139637161, -0.000333840755047, 0.00885016284883, 0.000913359399419, -0.00766706326976, 0.00227152742445, -0.00117876124568, 0.000265043840045, 0.000161653704708, -0.00407765572891, 0.00321538117714, -2.89514246106e-05], [0.000183895710506, -0.000580667809118, -0.00189027283341, 0.000913359399419, 0.00958676729351, -0.000797978776973, -0.00188447919209, 0.00315531948581, 0.000377249059966, -0.00275920354761, 0.00159028219059, -0.00130298966542, 0.00457055307925], [2.41397974605e-05, 0.00118766224477, 0.000952236063313, -0.00766706326976, -0.000797978776973, 0.0199202951044, -0.0089861145243, 0.00432002916932, -0.00812357664108, 0.0020334799774, 0.000410491396906, -0.00354288821109, 0.00109920615796], [0.000419163145125, -0.000875190016814, -0.00244910526089, 0.00227152742445, -0.00188447919209, -0.0089861145243, 0.0268512032926, -0.0169052425772, 0.00605984032154, -0.0017792978324, -0.00259681628086, 0.00380613002926, -0.00426673004404], [-0.000339368532877, 0.000779086491093, -0.000481990515254, -0.00117876124568, 0.00315531948581, 0.00432002916932, -0.0169052425772, 0.0337761491537, -0.0161776226014, 0.00470463465899, 0.00528315128759, -0.00755347171798, 0.00469507277012], [0.00017193138774, 0.000400451914174, 0.00246733706445, 0.000265043840045, 0.000377249059966, -0.00812357664108, 0.00605984032154, -0.0161776226014, 0.0328376628458, -0.0104261199012, -0.00685096113011, 0.00956936646253, -0.00515259150416], [2.66547112915e-06, 0.000704746227711, -0.000650514499284, 0.000161653704708, -0.00275920354761, 0.0020334799774, -0.0017792978324, 0.00470463465899, -0.0104261199012, 0.0279005561024, -0.0044427011162, -0.00775265041739, 0.0111805414781], [0.000383094564313, 0.000115009504952, -0.00075884180842, -0.00407765572891, 0.00159028219059, 0.000410491396906, -0.00259681628086, 0.00528315128759, -0.00685096113011, -0.0044427011162, 0.0212533902377, -0.0033192941919, -0.00543929357082], [3.81306490453e-05, -0.00038048796705, -0.0013919651974, 0.00321538117714, -0.00130298966542, -0.00354288821109, 0.00380613002926, -0.00755347171798, 0.00956936646253, -0.00775265041739, -0.0033192941919, 0.024186771363, -0.00780947692692], [7.20358875697e-05, 0.000931620481424, 0.00201360811479, -2.89514246106e-05, 0.00457055307925, 0.00109920615796, -0.00426673004404, 0.00469507277012, -0.00515259150416, 0.0111805414781, -0.00543929357082, -0.00780947692692, 0.0241013504565]]}, "spectral_contrast_coeffs": {"dmean": [0.0435312464833, 0.038100104779, 0.0347928702831, 0.0249343905598, 0.0177791472524, 0.0227035116404], "dmean2": [0.0719910040498, 0.0600385516882, 0.0559694357216, 0.0422337166965, 0.0302429310977, 0.0355856046081], "dvar": [0.00167833105661, 0.00100655527785, 0.00085091823712, 0.000373886781745, 0.000204437616048, 0.000752114225179], "dvar2": [0.0041157566011, 0.0024491713848, 0.00212615751661, 0.00106286071241, 0.000562881992664, 0.00168605602812], "max": [-0.253185153008, -0.36731043458, -0.561250209808, -0.704268991947, -0.730622649193, -0.628085613251], "mean": [-0.458104521036, -0.705145180225, -0.769244432449, -0.808932542801, -0.810955882072, -0.768995881081], "median": [-0.44834536314, -0.713613033295, -0.77507764101, -0.806681394577, -0.809187412262, -0.76963186264], "min": [-0.992804408073, -0.991013646126, -0.987275242805, -0.987939119339, -0.983602821827, -0.986943662167], "var": [0.0118006011471, 0.0077938796021, 0.00405992101878, 0.00122668524273, 0.00085693039, 0.00192033185158]}, "spectral_contrast_valleys": {"dmean": [0.554662704468, 0.316407799721, 0.343750268221, 0.238670527935, 0.267945736647, 0.337650626898], "dmean2": [0.87825936079, 0.510036230087, 0.546397984028, 0.379307299852, 0.401276797056, 0.470799535513], "dvar": [0.386999756098, 0.149450287223, 0.191987022758, 0.118344292045, 0.183557793498, 0.216794312], "dvar2": [0.72916841507, 0.235784798861, 0.327064961195, 0.158297806978, 0.261926233768, 0.400530785322], "max": [-5.74153375626, -5.262443