{"lowlevel": {"average_loudness": 0.608823120594, "barkbands_crest": {"dmean": 1.33632290363, "dmean2": 2.01909708977, "dvar": 2.72704148293, "dvar2": 5.55314445496, "max": 26.9343166351, "mean": 16.189699173, "median": 15.9272413254, "min": 3.08934354782, "var": 26.1348800659}, "barkbands_flatness_db": {"dmean": 0.0103754773736, "dmean2": 0.0149993589148, "dvar": 0.000157100439537, "dvar2": 0.000257170788245, "max": 0.703416526318, "mean": 0.271975427866, "median": 0.2486140728, "min": 0.0129798678681, "var": 0.00721613783389}, "barkbands_kurtosis": {"dmean": 68.2149887085, "dmean2": 84.9888076782, "dvar": 362257.9375, "dvar2": 633517.3125, "max": 25547.4765625, "mean": 149.911224365, "median": 4.70734500885, "min": -1.48872280121, "var": 1700844.375}, "barkbands_skewness": {"dmean": 0.681328415871, "dmean2": 0.891782701015, "dvar": 10.5397415161, "dvar2": 16.5982475281, "max": 144.459518433, "mean": 3.35215163231, "median": 2.03126144409, "min": -2.65877437592, "var": 76.9202880859}, "barkbands_spread": {"dmean": 1.55121254921, "dmean2": 2.28701472282, "dvar": 4.79091787338, "dvar2": 10.7394695282, "max": 60.6908988953, "mean": 12.3614797592, "median": 11.5731925964, "min": 0.0132764801383, "var": 54.1515274048}, "dissonance": {"dmean": 0.014755057171, "dmean2": 0.0251468084753, "dvar": 0.000236365536693, "dvar2": 0.000671608024277, "max": 0.500000119209, "mean": 0.458749622107, "median": 0.465280711651, "min": 0.252949923277, "var": 0.00088583008619}, "dynamic_complexity": 4.35759544373, "erbbands_crest": {"dmean": 1.71239233017, "dmean2": 2.59024310112, "dvar": 3.21465325356, "dvar2": 8.44637107849, "max": 26.7928676605, "mean": 10.1915626526, "median": 9.34274578094, "min": 2.10914063454, "var": 18.6448078156}, "erbbands_flatness_db": {"dmean": 0.00883116014302, "dmean2": 0.0134642291814, "dvar": 7.9856145021e-05, "dvar2": 0.000186681500054, "max": 0.345544695854, "mean": 0.22874557972, "median": 0.227568671107, "min": 0.0627953931689, "var": 0.00171260675415}, "erbbands_kurtosis": {"dmean": 0.614359200001, "dmean2": 0.916938066483, "dvar": 0.840244472027, "dvar2": 1.68977808952, "max": 19.9507217407, "mean": 0.430656164885, "median": -0.216670155525, "min": -1.72756993771, "var": 4.51143693924}, "erbbands_skewness": {"dmean": 0.224121212959, "dmean2": 0.344644546509, "dvar": 0.0523050166667, "dvar2": 0.123751088977, "max": 4.19023418427, "mean": 0.759421527386, "median": 0.673879742622, "min": -1.60075974464, "var": 0.419699907303}, "erbbands_spread": {"dmean": 3.88761806488, "dmean2": 5.81976461411, "dvar": 20.713634491, "dvar2": 44.7662467957, "max": 156.48387146, "mean": 30.0223426819, "median": 29.6311950684, "min": 4.02478551865, "var": 183.652191162}, "hfc": {"dmean": 1.88869929314, "dmean2": 2.58854818344, "dvar": 10.7340478897, "dvar2": 17.5148296356, "max": 71.1482772827, "mean": 9.20333385468, "median": 6.2172164917, "min": 1.10453169114e-16, "var": 82.9865875244}, "melbands_crest": {"dmean": 2.04273939133, "dmean2": 3.1992161274, "dvar": 4.66489124298, "dvar2": 11.3689985275, "max": 39.9963874817, "mean": 15.981262207, "median": 15.0898504257, "min": 1.44897806644, "var": 38.3547210693}, "melbands_flatness_db": {"dmean": 0.0153666669503, "dmean2": 0.0229522716254, "dvar": 0.000287403003313, "dvar2": 0.000603609369136, "max": 0.68438065052, "mean": 0.315823763609, "median": 0.295939862728, "min": 0.00418857485056, "var": 0.00799889396876}, "melbands_kurtosis": {"dmean": 44.2916793823, "dmean2": 68.0225830078, "dvar": 352977.09375, "dvar2": 897598.625, "max": 42463.0585938, "mean": 107.649703979, "median": 5.01153945923, "min": -1.39282298088, "var": 1640044.375}, "melbands_skewness": {"dmean": 0.610843360424, "dmean2": 0.892786860466, "dvar": 7.69010448456, "dvar2": 15.969789505, "max": 196.258560181, "mean": 2.97776126862, "median": 1.79691815376, "min": -0.519326150417, "var": 57.001701355}, "melbands_spread": {"dmean": 2.37210345268, "dmean2": 3.72247028351, "dvar": 11.009595871, "dvar2": 25.6863193512, "max": 148.103897095, "mean": 15.5810785294, "median": 14.8281507492, "min": 0.0199796054512, "var": 123.279281616}, "pitch_salience": {"dmean": 0.0418916009367, "dmean2": 0.0645014643669, "dvar": 0.00214383448474, "dvar2": 0.00469222245738, "max": 0.885975658894, "mean": 0.399471431971, "median": 0.40331402421, "min": 0.00103222380858, "var": 0.0157294124365}, "silence_rate_20dB": {"dmean": 0, "dmean2": 0, "dvar": 0, "dvar2": 0, "max": 1, "mean": 1, "median": 1, "min": 1, "var": 0}, "silence_rate_30dB": {"dmean": 0.0237475968897, "dmean2": 0.0475005656481, "dvar": 0.0231839045882, "dvar2": 0.0527095347643, "max": 1, "mean": 0.959633648396, "median": 1, "min": 0, "var": 0.0387366972864}, "silence_rate_60dB": {"dmean": 0.000452335167211, "dmean2": 0.000904772663489, "dvar": 0.000452163832961, "dvar2": 0.000904087908566, "max": 1, "mean": 0.0056535503827, "median": 0, "min": 0, "var": 0.00562204234302}, "spectral_centroid": {"dmean": 131.494003296, "dmean2": 206.996887207, "dvar": 38545.1523438, "dvar2": 78847.6328125, "max": 11566.8984375, "mean": 944.951965332, "median": 869.393188477, "min": 115.27885437, "var": 438134.4375}, "spectral_complexity": {"dmean": 2.02849721909, "dmean2": 3.10404896736, "dvar": 5.37538862228, "dvar2": 9.97278308868, "max": 45, "mean": 13.7887830734, "median": 12, "min": 0, "var": 63.3005371094}, "spectral_decrease": {"dmean": 1.773313274e-09, "dmean2": 2.6117104035e-09, "dvar": 8.41142842266e-18, "dvar2": 1.84685955397e-17, "max": 1.03393104624e-19, "mean": -1.21084697824e-08, "median": -1.12580718081e-08, "min": -5.30916857144e-08, "var": 8.45962310844e-17}, "spectral_energy": {"dmean": 0.00683902017772, "dmean2": 0.0100618572906, "dvar": 0.000125102043967, "dvar2": 0.000272967561614, "max": 0.206662833691, "mean": 0.0465349331498, "median": 0.0431406274438, "min": 1.03123904187e-20, "var": 0.00124966981821}, "spectral_energyband_high": {"dmean": 3.94650487578e-05, "dmean2": 5.5208492995e-05, "dvar": 8.34485458512e-09, "dvar2": 1.61990758585e-08, "max": 0.00364903686568, "mean": 0.000114891576231, "median": 2.87898619717e-05, "min": 7.1925801876e-21, "var": 6.12802679711e-08}, "spectral_energyband_low": {"dmean": 0.00332273682579, "dmean2": 0.00505865737796, "dvar": 5.04041017848e-05, "dvar2": 0.000133393667056, "max": 0.137637451291, "mean": 0.0148460958153, "median": 0.00869450066239, "min": 1.3461761464e-23, "var": 0.000325754401274}, "spectral_energyband_middle_high": {"dmean": 0.000399044773076, "dmean2": 0.000523416791111, "dvar": 5.32613910309e-07, "dvar2": 7.6836494145e-07, "max": 0.0207576099783, "mean": 0.0020341258496, "median": 0.0014873832697, "min": 1.2720668611e-21, "var": 3.97916755901e-06}, "spectral_energyband_middle_low": {"dmean": 0.00425558444113, "dmean2": 0.0064610587433, "dvar": 7.82853094279e-05, "dvar2": 0.000155588932103, "max": 0.150663539767, "mean": 0.0119440332055, "median": 0.00606218539178, "min": 1.15874579299e-22, "var": 0.000263723806711}, "spectral_entropy": {"dmean": 0.105799928308, "dmean2": 0.160593986511, "dvar": 0.015017695725, "dvar2": 0.0302115846425, "max": 9.82646656036, "mean": 6.94724845886, "median": 7.03397083282, "min": 5.39391422272, "var": 0.198951661587}, "spectral_flux": {"dmean": 0.0192609354854, "dmean2": 0.0341190211475, "dvar": 0.000903795706108, "dvar2": 0.00269656069577, "max": 0.266353785992, "mean": 0.050871014595, "median": 0.0390074774623, "min": 6.55917611891e-11, "var": 0.00189115665853}, "spectral_kurtosis": {"dmean": 4.67373657227, "dmean2": 8.20271015167, "dvar": 23.4301872253, "dvar2": 69.8027420044, "max": 64.4080810547, "mean": 10.1393451691, "median": 7.1870265007, "min": -1.23561990261, "var": 79.3163452148}, "spectral_rms": {"dmean": 0.000418427051045, "dmean2": 0.000614803517237, "dvar": 3.5901081219e-07, "dvar2": 7.68689517372e-07, "max": 0.0141993761063, "mean": 0.0062348828651, "median": 0.00648755859584, "min": 3.17188723203e-12, "var": 6.52608059681e-06}, "spectral_rolloff": {"dmean": 69.8180770874, "dmean2": 115.990783691, "dvar": 50779.6757812, "dvar2": 97301.125, "max": 21037.9394531, "mean": 475.367919922, "median": 366.064453125, "min": 21.533203125, "var": 1157001}, "spectral_skewness": {"dmean": 0.402604848146, "dmean2": 0.689420223236, "dvar": 0.151924550533, "dvar2": 0.406507432461, "max": 6.1578745842, "mean": 1.80387938023, "median": 1.51793122292, "min": -0.155123829842, "var": 0.975804150105}, "spectral_spread": {"dmean": 170638.96875, "dmean2": 284032.9375, "dvar": 248877187072, "dvar2": 391301201920, "max": 42185100, "mean": 2589450.75, "median": 2274883, "min": 1150696, "var": 4658929598460.0}, "spectral_strongpeak": {"dmean": 0.0679818764329, "dmean2": 0.126360371709, "dvar": 0.143827050924, "dvar2": 0.357567697763, "max": 5.07169532776, "mean": 0.0808277726173, "median": 0, "min": 0, "var": 0.174895852804}, "zerocrossingrate": {"dmean": 0.00317992968485, "dmean2": 0.00398643361405, "dvar": 2.24965260713e-05, "dvar2": 3.14774479193e-05, "max": 0.5205078125, "mean": 0.02257687971, "median": 0.0205078125, "min": 0, "var": 0.000963628466707}, "barkbands": {"dmean": [0.00144727458246, 0.00189483165741, 0.00148395285942, 0.000488393707201, 0.00266807014123, 0.00208913814276, 0.000453151180409, 0.000269393261988, 0.00040053401608, 0.000143035664223, 0.00011124474986, 4.99899397255e-05, 5.34655191586e-05, 5.48045463802e-05, 3.43912834069e-05, 6.29207643215e-05, 9.68589520198e-05, 6.10482966295e-05, 5.23811904714e-05, 4.52618805866e-05, 2.26224692597e-05, 2.97085921375e-06, 3.98164502258e-07, 1.74179433543e-07, 5.44713216755e-08, 2.81801799673e-08, 9.16043330079e-09], "dmean2": [0.00162442459259, 0.00277311913669, 0.00243209651671, 0.000790292280726, 0.00435456167907, 0.00305678020231, 0.000743379234336, 0.00040959083708, 0.000528197502717, 0.000191526734852, 0.000152292486746, 7.04185586073e-05, 7.7434546256e-05, 8.37225452415e-05, 5.34096179763e-05, 0.000102556856291, 0.000147995364387, 9.36242504395e-05, 8.12090511317e-05, 6.77785501466e-05, 3.40729311574e-05, 4.34834328189e-06, 6.00498424319e-07, 2.59754301624e-07, 9.11163695605e-08, 4.8356149307e-08, 1.5719122004e-08], "dvar": [4.39384211859e-06, 1.83270440175e-05, 1.59347600857e-05, 2.13769021684e-06, 5.13855629833e-05, 2.87286675302e-05, 1.00043178008e-06, 9.82832489171e-07, 8.12368000425e-07, 2.30577271054e-07, 4.73417038904e-08, 6.30687857495e-09, 1.06816751e-08, 9.07125041749e-09, 4.36132197024e-09, 1.02302530891e-08, 2.37441764028e-08, 1.55697073012e-08, 9.86090675781e-09, 1.01386747886e-08, 3.03877878416e-09, 6.15832246309e-11, 6.68551260359e-13, 1.65401587283e-13, 9.04501845737e-15, 1.94942875217e-15, 2.2648292522e-16], "dvar2": [6.62558932163e-06, 4.1545197746e-05, 4.54933688161e-05, 5.25011637365e-06, 0.000103769889392, 4.96597604069e-05, 2.57543661064e-06, 2.02234969038e-06, 2.15202362597e-06, 3.43346243881e-07, 7.29001357058e-08, 1.21082974758e-08, 1.94058920044e-08, 1.98160883258e-08, 1.01853778744e-08, 2.61873420726e-08, 5.65234508088e-08, 3.5464587711e-08, 2.31291874542e-08, 2.38358186522e-08, 7.27976834369e-09, 1.42754974508e-10, 1.44359654439e-12, 3.61778017483e-13, 2.49010711953e-14, 5.591911618e-15, 6.56552178076e-16], "max": [0.0602656900883, 0.0722189694643, 0.0868292227387, 0.0336920283735, 0.0639529079199, 0.144274190068, 0.0239526666701, 0.0320484489202, 0.0262461174279, 0.0158105827868, 0.0109455781057, 0.00149787741248, 0.00292105413973, 0.0021156843286, 0.00142128230073, 0.00186590512749, 0.00367262214422, 0.00391602469608, 0.00334482267499, 0.0049521275796, 0.00194987712894, 0.000339669117238, 2.12856593862e-05, 1.16070086733e-05, 2.74178410109e-06, 1.14791589567e-06, 3.74699681061e-07], "mean": [0.0237417705357, 0.00552030047402, 0.00319418101572, 0.000719494652003, 0.00372419739142, 0.00390771823004, 0.00112751626875, 0.000933225615881, 0.00150297093205, 0.000408173858887, 0.000443918339442, 0.000130812259158, 0.000127132210764, 0.000127749357489, 8.89865696081e-05, 0.000125457110698, 0.00024023160222, 0.00015568647359, 0.000135045105708, 0.000117664734717, 5.41733934369e-05, 6.41422411718e-06, 1.11934753022e-06, 5.47822594399e-07, 2.55036411545e-07, 1.70479978578e-07, 2.25228813377e-08], "median": [0.0236358009279, 0.000306665489916, 0.000284079025732, 0.000114484151709, 0.000856468104757, 0.00104150199331, 0.000469180900836, 0.000327460991684, 0.00111290917266, 0.00014276249567, 0.000184743810678, 7.00314412825e-05, 6.87685242156e-05, 7.64853684814e-05, 4.82849500258e-05, 7.53678759793e-05, 0.00015666463878, 8.17428808659e-05, 5.83686778555e-05, 4.24344179919e-05, 1.15717348308e-05, 6.97708287589e-07, 3.02099635974e-07, 1.5418478938e-07, 1.53071383124e-07, 1.06020877411e-07, 1.26243024923e-08], "min": [9.90718282131e-25, 3.77562397646e-24, 1.88216946339e-24, 3.88853087681e-24, 4.77720753566e-24, 1.50722636005e-23, 8.96524326021e-24, 1.42989243225e-23, 2.15540133812e-23, 2.67684738948e-23, 1.43676877499e-23, 2.72287616113e-23, 3.21522350028e-23, 4.90322270102e-23, 5.39616452575e-23, 5.34555373443e-23, 7.76429340879e-23, 1.26012363321e-22, 1.60012899425e-22, 2.24480556353e-22, 3.11010746912e-22, 3.37068173141e-22, 5.08445061978e-22, 6.50424121482e-22, 8.69655408045e-22, 1.38543654828e-21, 2.00351343465e-21], "var": [0.000234610401094, 0.000108408501546, 6.28330308245e-05, 3.76947787117e-06, 6.81650853949e-05, 0.000102140147646, 3.53809946319e-06, 4.83810663354e-06, 2.72932174994e-06, 1.17894273899e-06, 5.08943799105e-07, 2.76357159379e-08, 4.27948165793e-08, 2.69075783876e-08, 1.42944038828e-08, 2.36516690677e-08, 7.95829819822e-08, 4.85901736624e-08, 3.83913842938e-08, 5.49139222983e-08, 1.38735378741e-08, 2.20320872657e-10, 3.75135035882e-12, 9.90303433875e-13, 1.06579126763e-13, 3.70739510868e-14, 7.13118414722e-16]}, "erbbands": {"dmean": [0.0431104712188, 0.51010620594, 1.60688042641, 1.82434368134, 5.07176351547, 11.2328491211, 10.619137764, 17.8317756653, 7.26993703842, 5.03837347031, 7.16489362717, 7.8311085701, 4.30702543259, 5.86089849472, 2.2044262886, 1.76356709003, 2.6006963253, 2.23051404953, 2.11549258232, 1.88310670853, 3.78999328613, 5.22833061218, 3.86085796356, 2.9019715786, 2.36413240433, 2.04110455513, 1.31731760502, 0.560149669647, 0.135072365403, 0.0310028158128, 0.0109439808875, 0.00582293048501, 0.00177131523378, 0.000832462334074, 0.000373452348867, 0.000145143625559, 6.28725028946e-05, 1.92206789507e-05, 3.31198930326e-06, 7.51992229198e-06], "dmean2": [0.0659154802561, 0.746035754681, 2.56821703911, 2.87412118912, 8.23052787781, 18.1443386078, 15.9826574326, 25.4042320251, 12.0834112167, 7.91113948822, 9.78295040131, 10.5193796158, 5.72202110291, 8.10261440277, 2.94734597206, 2.46926021576, 3.76813864708, 3.32952594757, 3.23905444145, 3.03288507462, 6.18291664124, 7.88390445709, 5.83289384842, 4.38581180573, 3.69162797928, 3.05641126633, 1.94274222851, 0.852891743183, 0.189463704824, 0.0440137609839, 0.0162949450314, 0.00846363045275, 0.00278223562054, 0.00138843699824, 0.000637789140455, 0.000248978321906, 0.000107767511508, 3.29045360559e-05, 4.88957130074e-06, 1.10374194264e-05], "dvar": [0.0095993950963, 1.29581940174, 17.2411670685, 24.1104698181, 189.816192627, 895.308166504, 537.592102051, 2255.77319336, 219.725646973, 247.409469604, 379.453674316, 406.861724854, 123.789497375, 156.457672119, 25.1078796387, 8.09276294708, 26.4144954681, 14.7878637314, 17.314617157, 14.2085437775, 36.8532905579, 69.3824462891, 56.3702049255, 30.5997505188, 25.1041812897, 17.5152397156, 10.7793197632, 1.87249600887, 0.118989288807, 0.00506949890405, 0.000589908042457, 0.00019240292022, 1.38689456435e-05, 2.17120987145e-06, 4.08111191064e-07, 6.09745356428e-08, 9.19033382729e-09, 7.87065412844e-10, 2.95182489563e-11, 1.51134355031e-10], "dvar2": [0.0218575000763, 3.07238721848, 49.1332130432, 61.1708679199, 362.469116211, 1981.37304688, 1108.08935547, 3754.86962891, 609.315673828, 526.930297852, 784.625915527, 1080.26623535, 206.468811035, 245.933609009, 34.8338546753, 15.3692302704, 48.5665359497, 28.890504837, 39.2391815186, 33.9646034241, 94.5610656738, 164.050598145, 128.073394775, 69.1240310669, 62.8797340393, 39.2806968689, 24.7577571869, 4.53799247742, 0.256362080574, 0.0102417636663, 0.00128614064306, 0.000417102506617, 3.17848425766e-05, 5.9086046349e-06, 1.14920533179e-06, 1.7803920116e-07, 2.66375952407e-08, 2.26293561667e-09, 6.36580996249e-11, 3.26402516126e-10], "max": [2.4589612484, 17.3071041107, 101.470352173, 101.970726013, 124.575714111, 255.227798462, 581.519470215, 1242.42431641, 264.182281494, 486.978912354, 520.58795166, 619.173400879, 339.240264893, 513.275146484, 344.95401001, 50.0564651489, 144.379333496, 80.7681350708, 100.114997864, 116.121147156, 105.609092712, 160.535858154, 236.741592407, 92.048248291, 265.905181885, 215.066894531, 138.949310303, 41.2832145691, 13.4094552994, 1.75619387627, 0.885503172874, 0.400792181492, 0.107733361423, 0.0358774028718, 0.015760216862, 0.005538163241, 0.0024113478139, 0.000631063652691, 0.000116414114018, 0.00023068318842], "mean": [0.176204279065, 1.37387609482, 3.79763388634, 3.18152332306, 6.40073919296, 14.2725553513, 20.8167877197, 34.1269950867, 17.7579994202, 15.6076984406, 29.6968955994, 28.441204071, 14.5320329666, 21.4991035461, 8.53173160553, 5.13643741608, 6.3473110199, 5.71715497971, 5.66597366333, 4.81245517731, 7.93740272522, 14.030210495, 10.4111280441, 7.51987028122, 6.21302890778, 5.43853282928, 3.24924635887, 1.34101510048, 0.306249767542, 0.0776267722249, 0.0310203209519, 0.0166146717966, 0.0064918003045, 0.00318045844324, 0.00165116495918, 0.00076082884334, 0.000329080299707, 8.3992483269e-05, 2.33664613916e-05, 5.1128139603e-05], "median": [0.0747031122446, 0.0706978589296, 0.297453939915, 0.512799680233, 0.717303991318, 2.94085216522, 8.26486968994, 8.119556427, 9.43989372253, 3.62401008606, 17.667263031, 20.6654319763, 6.33965682983, 9.30512809753, 5.4641418457, 3.02644658089, 3.61848926544, 3.47934603691, 3.1972925663, 3.02862286568, 4.86622524261, 9.24974250793, 6.16947174072, 3.60813736916, 2.66706180573, 1.97633719444, 0.753012239933, 0.263502180576, 0.0367497317493, 0.0127794295549, 0.00623212102801, 0.00376652274281, 0.00205337256193, 0.00162814522628, 0.00100557284895, 0.000477752357256, 0.000212221042602, 5.42577909073e-05, 2.1284668037e-05, 4.72933970741e-05], "min": [1.34497553166e-22, 5.07331215624e-22, 3.8093941147e-21, 8.25484326842e-21, 1.41998589933e-20, 1.71244691401e-20, 7.81225042659e-20, 1.1405117172e-19, 1.61925774786e-19, 1.71513896685e-19, 4.36355815999e-19, 5.68416958552e-19, 7.3866887489e-19, 1.11146201297e-18, 8.36969312826e-19, 1.8036106638e-18, 2.18140700381e-18, 3.10556234228e-18, 3.44433581651e-18, 4.60546247724e-18, 4.3760418664e-18, 5.26733931618e-18, 6.43172424134e-18, 5.31440051636e-18, 8.38678836658e-18, 1.07555449549e-17, 9.63387067348e-18, 1.0560191364e-17, 1.23321412763e-17, 1.40162098659e-17, 1.34265690555e-17, 1.3573846082e-17, 1.08512671226e-17, 7.67048635205e-18, 6.34043782971e-18, 4.65487287036e-18, 2.73063197629e-18, 1.07438488278e-18, 2.67652174972e-19, 2.81967194632e-20], "var": [0.0784244686365, 6.87193965912, 83.2633209229, 52.3555412292, 256.813873291, 1058.13415527, 1698.70324707, 8218.234375, 630.09552002, 1331.35351562, 2039.53552246, 1200.4119873, 747.745788574, 1094.36791992, 137.357040405, 33.9281311035, 101.654449463, 60.1521034241, 54.9177093506, 38.988155365, 88.8857803345, 246.458526611, 193.415481567, 107.76309967, 106.539916992, 104.492591858, 52.9287338257, 8.58340835571, 0.490844935179, 0.0253088995814, 0.00332682672888, 0.00104084156919, 0.000110524975753, 1.87911537068e-05, 4.1476791921e-06, 8.055969829e-07, 1.25353722069e-07, 8.02160027291e-09, 3.1860977745e-10, 1.50913881392e-09]}, "gfcc": {"mean": [-97.6847076416, 160.479064941, -135.875427246, 14.2619400024, -31.0149402618, -26.5347366333, -11.9986877441, 10.4166765213, -12.683385849, 1.11546301842, -4.11866378784, 0.978694736958, 5.78098344803], "cov": [[11045.1181641, 1306.38659668, -1685.55712891, 1224.17919922, -851.74005127, -889.077575684, -199.295074463, -443.375335693, -289.203613281, -36.9809837341, -107.870758057, -104.570846558, -79.176940918], [1306.38659668, 884.062133789, -271.162658691, -106.073104858, 153.007263184, -190.00982666, -16.9754066467, -21.6573581696, -95.3853530884, -102.261947632, -57.6435012817, -119.230690002, -91.6649169922], [-1685.55712891, -271.162658691, 1468.42504883, 172.619796753, 368.742248535, 667.190063477, 21.2310218811, 61.2330589294, 66.183265686, -100.619407654, -97.0073623657, -93.3676300049, -103.719230652], [1224.17919922, -106.073104858, 172.619796753, 737.314086914, -7.85292053223, 42.1098060608, 77.0409469604, -172.597061157, -65.3608474731, -64.3617019653, -124.058677673, -123.333099365, -99.2293548584], [-851.74005127, 153.007263184, 368.742248535, -7.85292053223, 352.499847412, 193.46257019, 85.5973587036, 69.6979522705, -2.41867685318, -62.8566856384, -53.0461158752, -87.9981689453, -62.5726013184], [-889.077575684, -190.00982666, 667.190063477, 42.1098060608, 193.46257019, 408.331268311, 52.4938812256, 60.9351387024, 49.4679222107, -45.7432098389, -47.3501739502, -31.7542800903, -40.9512557983], [-199.295074463, -16.9754066467, 21.2310218811, 77.0409469604, 85.5973587036, 52.4938812256, 132.287155151, 33.3519706726, 15.0680427551, -1.26057469845, -23.4876194, -25.3411884308, -8.72623348236], [-443.375335693, -21.6573581696, 61.2330589294, -172.597061157, 69.6979522705, 60.9351387024, 33.3519706726, 139.450790405, 57.7023239136, 31.6793193817, 37.2303314209, 26.4116840363, 26.2998199463], [-289.203613281, -95.3853530884, 66.183265686, -65.3608474731, -2.41867685318, 49.4679222107, 15.0680427551, 57.7023239136, 102.409584045, 52.493812561, 34.1513214111, 21.369436264, 4.32039356232], [-36.9809837341, -102.261947632, -100.619407654, -64.3617019653, -62.8566856384, -45.7432098389, -1.26057469845, 31.6793193817, 52.493812561, 90.1290512085, 58.7955589294, 45.3965568542, 31.9976329803], [-107.870758057, -57.6435012817, -97.0073623657, -124.058677673, -53.0461158752, -47.3501739502, -23.4876194, 37.2303314209, 34.1513214111, 58.7955589294, 95.6346130371, 75.5022659302, 42.3648338318], [-104.570846558, -119.230690002, -93.3676300049, -123.333099365, -87.9981689453, -31.7542800903, -25.3411884308, 26.4116840363, 21.369436264, 45.3965568542, 75.5022659302, 116.974479675, 82.0396575928], [-79.176940918, -91.6649169922, -103.719230652, -99.2293548584, -62.5726013184, -40.9512557983, -8.72623348236, 26.2998199463, 4.32039356232, 31.9976329803, 42.3648338318, 82.0396575928, 100.201431274]], "icov": [[0.000744635472074, -0.00226321257651, 0.000967808649875, -0.00252626929432, 0.00222205161117, -0.00215306691825, 0.00178625027183, -0.00171933090314, 0.000519621476997, -0.00169112195726, 0.000149574232637, -0.000502768030856, -0.00100145954639], [-0.00226321257651, 0.00945439189672, -0.00270791561343, 0.00841414928436, -0.00821774452925, 0.00842584297061, -0.00507627660409, 0.00512711657211, -0.00133434077725, 0.00772891333327, -0.000708075938746, 0.00258708605543, 0.00468481844291], [0.000967808649875, -0.00270791561343, 0.00499504758045, -0.00427189609036, 0.00105814903509, -0.00812153331935, 0.00578029407188, -0.00228641368449, -0.000331192597514, -0.00171786546707, -0.000207420045626, -3.5532455513e-05, -0.00164778309409], [-0.00252626929432, 0.00841414928436, -0.00427189609036, 0.011991453357, -0.00660869572312, 0.00863483268768, -0.00935861282051, 0.00926997791976, -0.000979127013125, 0.00574214290828, 0.000325658911606, 0.00321372551844, 0.00474795652553], [0.00222205161117, -0.00821774452925, 0.00105814903509, -0.00660869572312, 0.015204153955, -0.0074596600607, 0.000465690565761, -0.00740141747519, 0.00391341326758, -0.00362188182771, -0.00261154025793, 0.00359829468653, -0.00363617995754], [-0.00215306691825, 0.00842584297061, -0.00812153331935, 0.00863483268768, -0.0074596600607, 0.0204024128616, -0.00915464106947, 0.0035667414777, -0.00324993254617, 0.00838945060968, 0.00349546130747, -0.00318710808642, 0.00669029867277], [0.00178625027183, -0.00507627660409, 0.00578029407188, -0.00935861282051, 0.000465690565761, -0.00915464106947, 0.0196133833379, -0.00832183007151, -0.000804445240647, -0.00589299295098, 0.00366983981803, -0.00180277682375, -0.0042343181558], [-0.00171933090314, 0.00512711657211, -0.00228641368449, 0.00926997791976, -0.00740141747519, 0.0035667414777, -0.00832183007151, 0.0218411013484, -0.00674710329622, 0.00317922187969, -0.00416828645393, 0.00445746676996, -0.00208801613189], [0.000519621476997, -0.00133434077725, -0.000331192597514, -0.000979127013125, 0.00391341326758, -0.00324993254617, -0.000804445240647, -0.00674710329622, 0.0216973125935, -0.0126924356446, 5.76574857405e-05, -0.00120395980775, 0.00477287452668], [-0.00169112195726, 0.00772891333327, -0.00171786546707, 0.00574214290828, -0.00362188182771, 0.00838945060968, -0.00589299295098, 0.00317922187969, -0.0126924356446, 0.0356150642037, -0.0149014377967, 0.00765833351761, -0.00133405695669], [0.000149574232637, -0.000708075938746, -0.000207420045626, 0.000325658911606, -0.00261154025793, 0.00349546130747, 0.00366983981803, -0.00416828645393, 5.76574857405e-05, -0.0149014377967, 0.0382382385433, -0.0261856708676, 0.0108180968091], [-0.000502768030856, 0.00258708605543, -3.5532455513e-05, 0.00321372551844, 0.00359829468653, -0.00318710808642, -0.00180277682375, 0.00445746676996, -0.00120395980775, 0.00765833351761, -0.0261856708676, 0.0452953092754, -0.0236751362681], [-0.00100145954639, 0.00468481844291, -0.00164778309409, 0.00474795652553, -0.00363617995754, 0.00669029867277, -0.0042343181558, -0.00208801613189, 0.00477287452668, -0.00133405695669, 0.0108180968091, -0.0236751362681, 0.0321437083185]]}, "melbands": {"dmean": [0.000461283896584, 0.000803063914645, 0.000316543912049, 0.000706853985321, 0.000347374589182, 0.000392082904, 0.000103310558188, 5.71704658796e-05, 6.88958971296e-05, 4.65437551611e-05, 2.26691863645e-05, 2.47210573434e-05, 1.02678441181e-05, 5.33141746928e-06, 7.07561230229e-06, 4.6543609642e-06, 4.61039280708e-06, 4.0301865738e-06, 2.83958206637e-06, 2.49525646723e-06, 5.59446107218e-06, 5.56777922611e-06, 6.33898616798e-06, 2.33280229622e-06, 2.63373817688e-06, 1.8849633534e-06, 2.00099225367e-06, 1.38228460855e-06, 9.66166908256e-07, 5.92359072016e-07, 2.52433608239e-07, 8.31017032965e-08, 4.271219467e-08, 1.10032214451e-08, 7.12132930403e-09, 4.78786787994e-09, 3.56118801115e-09, 1.52814938481e-09, 9.20377496438e-10, 7.20408732668e-10], "dmean2": [0.000675547285937, 0.00124019104987, 0.00049645913532, 0.0011668469524, 0.000528724805918, 0.000563189445529, 0.000171984807821, 8.90750015969e-05, 9.16132121347e-05, 6.30662907497e-05, 3.00276969938e-05, 3.40181140928e-05, 1.41149685078e-05, 7.78639787313e-06, 9.57291194936e-06, 6.90201022735e-06, 7.03457317286e-06, 6.22416609986e-06, 4.40915709987e-06, 4.12413874074e-06, 9.21942137211e-06, 8.42425379233e-06, 9.81855828286e-06, 3.48701064468e-06, 4.01292982133e-06, 2.98356462736e-06, 3.12500878863e-06, 2.07843891076e-06, 1.45247554428e-06, 9.05739000245e-07, 3.87694171877e-07, 1.23881719105e-07, 6.43880468942e-08, 1.66806088941e-08, 1.10479838611e-08, 7.17128800787e-09, 5.46310463534e-09, 2.46401010706e-09, 1.52152024313e-09, 1.22416576875e-09], "dvar": [9.43985867252e-07, 3.58566285286e-06, 5.55867131879e-07, 3.92937363358e-06, 4.95430640512e-07, 1.0667282595e-06, 4.57094131434e-08, 3.41541621651e-08, 2.57476848731e-08, 1.28674741973e-08, 3.75201381075e-09, 3.25568394466e-09, 5.97947691361e-10, 6.5894976975e-11, 1.93763269318e-10, 6.78498021656e-11, 6.29623922443e-11, 6.79906131396e-11, 3.05585140525e-11, 2.10582697113e-11, 8.51031814464e-11, 8.89149864847e-11, 1.18297593943e-10, 2.45398944221e-11, 2.56168801449e-11, 1.28895106394e-11, 2.39646184841e-11, 8.43109349696e-12, 5.96469835329e-12, 2.23257089899e-12, 3.88800292959e-13, 5.04344660382e-14, 1.28665575237e-14, 5.04379056272e-16, 2.49234256653e-16, 1.22819009728e-16, 7.32851383952e-17, 1.02692041137e-17, 3.69414270714e-18, 1.59310167651e-18], "dvar2": [2.06012805393e-06, 1.00117013062e-05, 1.41169550716e-06, 7.87797580415e-06, 1.02225078535e-06, 1.77283686753e-06, 1.24754507169e-07, 7.33259710728e-08, 5.9360221627e-08, 3.39462005172e-08, 6.11017325625e-09, 5.03628383441e-09, 8.53526471722e-10, 1.3785349251e-10, 3.44241662953e-10, 1.28865029758e-10, 1.28098046059e-10, 1.5680656773e-10, 7.48013248564e-11, 5.21570078793e-11, 2.23703944258e-10, 2.13195641696e-10, 2.80984874257e-10, 5.44777313538e-11, 5.92133078681e-11, 3.30114685587e-11, 5.99555474712e-11, 1.85408598197e-11, 1.36768712675e-11, 5.48586480062e-12, 9.43178369607e-13, 1.20593463058e-13, 2.8778252703e-14, 1.16506650214e-15, 5.92034737275e-16, 2.7124771651e-16, 1.7490965663e-16, 2.56625654748e-17, 9.7660442092e-18, 4.49884634091e-18], "max": [0.0227902103215, 0.0419173166156, 0.0145583851263, 0.0160325523466, 0.0171868056059, 0.0275522563607, 0.00427926983684, 0.0052384887822, 0.00372670521028, 0.00340082659386, 0.0019544721581, 0.00213530985638, 0.00164068653248, 0.000215739681153, 0.000283331639366, 0.000187610974535, 0.000154550885782, 0.00022053423163, 0.000152543347212, 0.00012141361367, 0.000161947464221, 0.000167583668372, 0.00028033030685, 0.000160427254741, 8.01388960099e-05, 0.000137569222716, 0.000250284909271, 0.000122104625916, 0.000100671204564, 4.83505355078e-05, 1.85828157555e-05, 9.97310689854e-06, 2.33950481743e-06, 5.48992375116e-07, 5.69794792682e-07, 2.82874992763e-07, 2.54319132864e-07, 7.51174979996e-08, 4.37062404046e-08, 3.21308135653e-08], "mean": [0.00241826265119, 0.00196243124083, 0.00056345120538, 0.000858559214976, 0.000708297186065, 0.000758902810048, 0.000246439245529, 0.00017722294433, 0.000277568266029, 0.000165880002896, 7.04605554347e-05, 8.76805788721e-05, 3.93905029341e-05, 1.44642590385e-05, 1.63917084137e-05, 1.09359853013e-05, 1.09950588012e-05, 9.55446012085e-06, 7.03464229446e-06, 5.57298017156e-06, 9.99019084702e-06, 1.38493214763e-05, 1.48183116835e-05, 6.01753708906e-06, 6.18160083832e-06, 4.41935844719e-06, 4.5441970542e-06, 3.35641448146e-06, 2.1890973585e-06, 1.34135791541e-06, 5.51659468329e-07, 1.66075935226e-07, 8.33368645203e-08, 2.70023772231e-08, 1.8039171934e-08, 1.26802746081e-08, 9.02015084847e-09, 4.64922367271e-09, 3.22848836554e-09, 2.35034769425e-09], "median": [0.00143828126602, 0.000140988413477, 9.94486617856e-05, 0.000104119215393, 0.000283588160528, 0.000198504218133, 0.000131182343466, 3.05264038616e-05, 0.000178512185812, 0.000118775707961, 2.47027073783e-05, 3.77715696231e-05, 2.11588485399e-05, 8.64625144459e-06, 7.82958886703e-06, 6.28315183349e-06, 6.47821980237e-06, 4.98965346196e-06, 3.93098525819e-06, 3.11382405016e-06, 5.63681305721e-06, 8.67333983479e-06, 9.01034945855e-06, 2.96835719382e-06, 2.77048593489e-06, 1.86204749753e-06, 1.78839627551e-06, 1.10723294711e-06, 4.63452238364e-07, 2.6931891739e-07, 1.03673798435e-07, 1.69091620705e-08, 4.38894343091e-09, 7.85967735339e-09, 4.10153155883e-09, 2.09466488599e-09, 2.31203611811e-09, 1.4844308005e-09, 1.14430220854e-09, 1.27913213355e-09], "min": [1.38316977855e-24, 1.97454034223e-24, 3.46911996035e-24, 1.06415768253e-24, 2.3504938975e-24, 2.67125203853e-24, 2.02300282865e-24, 1.90740433489e-24, 3.88199871409e-24, 2.99828201818e-24, 2.98746436859e-24, 4.84892761372e-24, 2.58332796861e-24, 2.91064114933e-24, 3.49964335535e-24, 4.27190662713e-24, 4.67490647575e-24, 4.08457582797e-24, 4.09140184138e-24, 4.64197034967e-24, 5.26344759258e-24, 4.84066824005e-24, 4.40231006793e-24, 4.0874322933e-24, 3.9316579025e-24, 4.19095924306e-24, 6.47801097441e-24, 6.34431837807e-24, 5.61714836779e-24, 6.1930349724e-24, 5.57364032228e-24, 5.12380067412e-24, 4.87971961587e-24, 6.4240659047e-24, 6.35480786153e-24, 7.62416394412e-24, 6.52601986581e-24, 7.47890546361e-24, 7.63469050404e-24, 5.54202751037e-24], "var": [9.07479807211e-06, 1.66868430824e-05, 1.28804708766e-06, 4.87001852889e-06, 1.70376995356e-06, 3.90755030821e-06, 1.28365144292e-07, 1.74486444848e-07, 1.23606653801e-07, 3.96042203477e-08, 2.24873630827e-08, 2.02739887101e-08, 3.82448206437e-09, 3.32784855228e-10, 6.58376853035e-10, 2.55589882592e-10, 2.34788938291e-10, 1.89762872083e-10, 8.35432903412e-11, 5.63436172718e-11, 1.64878485864e-10, 2.65428040658e-10, 3.76920522571e-10, 8.25275334182e-11, 7.88216228398e-11, 4.3982598813e-11, 8.46224687545e-11, 4.33542091116e-11, 2.614390128e-11, 9.31459943898e-12, 1.45853739243e-12, 1.56517133238e-13, 3.99859724325e-14, 2.26480897635e-15, 1.11281663951e-15, 6.22543222908e-16, 3.0975407252e-16, 5.63601230899e-17, 2.60619663248e-17, 9.94651516652e-18]}, "mfcc": {"mean": [-735.521606445, 194.417510986, -35.462387085, 43.1013793945, -3.00561332703, -12.263212204, 7.01209974289, 3.6470310688, 7.46174478531, 4.2080540657, -0.709213256836, 7.7094039917, 0.247893497348], "cov": [[8313.31445312, 562.507873535, -1277.39685059, 1472.39941406, -980.465087891, -282.630584717, -409.601287842, -582.739257812, -378.892028809, -350.18371582, -265.891906738, 11.740152359, -292.538665771], [562.507873535, 967.942443848, -192.9818573, -142.109542847, 122.624534607, -163.271682739, 23.9550628662, -0.450125962496, -31.4815883636, -10.6912546158, -24.5580196381, -15.2073316574, -15.3932361603], [-1277.39685059, -192.9818573, 924.246704102, -73.6753845215, 338.763580322, 371.831939697, 73.9163284302, 204.203094482, 84.7830734253, 74.5536651611, 41.9346160889, -79.2446365356, -9.96102714539], [1472.39941406, -142.109542847, -73.6753845215, 620.355651855, -93.0861206055, 134.692153931, 23.7977409363, -88.6418228149, -17.6335582733, -40.3333473206, -53.0983543396, -28.3386116028, -118.147514343], [-980.465087891, 122.624534607, 338.763580322, -93.0861206055, 324.955657959, 149.383544922, 115.141586304, 128.946685791, 64.648475647, 64.6039047241, 22.76537323, -41.9179077148, -9.6349811554], [-282.630584717, -163.271682739, 371.831939697, 134.692153931, 149.383544922, 285.52130127, 83.9310836792, 89.9218063354, 58.4702339172, 30.2387657166, -0.295968681574, -61.2676773071, -40.6577949524], [-409.601287842, 23.9550628662, 73.9163284302, 23.7977409363, 115.141586304, 83.9310836792, 151.212280273, 75.7796020508, 62.0324554443, 27.797794342, -10.9560232162, -17.6766872406, -12.4952487946], [-582.739257812, -0.450125962496, 204.203094482, -88.6418228149, 128.946685791, 89.9218063354, 75.7796020508, 129.61555481, 61.5271263123, 37.6538734436, 11.5115013123, -20.0307331085, 16.9937038422], [-378.892028809, -31.4815883636, 84.7830734253, -17.6335582733, 64.648475647, 58.4702339172, 62.0324554443, 61.5271263123, 99.4522018433, 51.2681388855, 9.47208404541, -7.51181364059, -1.10314536095], [-350.18371582, -10.6912546158, 74.5536651611, -40.3333473206, 64.6039047241, 30.2387657166, 27.797794342, 37.6538734436, 51.2681388855, 82.2894897461, 42.5456123352, 1.21011543274, 4.4735956192], [-265.891906738, -24.5580196381, 41.9346160889, -53.0983543396, 22.76537323, -0.295968681574, -10.9560232162, 11.5115013123, 9.47208404541, 42.5456123352, 78.093421936, 34.1725120544, 21.5578517914], [11.740152359, -15.2073316574, -79.2446365356, -28.3386116028, -41.9179077148, -61.2676773071, -17.6766872406, -20.0307331085, -7.51181364059, 1.21011543274, 34.1725120544, 76.9525375366, 41.0884017944], [-292.538665771, -15.3932361603, -9.96102714539, -118.147514343, -9.6349811554, -40.6577949524, -12.4952487946, 16.9937038422, -1.10314536095, 4.4735956192, 21.5578517914, 41.0884017944, 85.0966262817]], "icov": [[0.00104330352042, -0.00131276098546, 0.000405468221288, -0.00208551972173, 0.00247923773713, -0.00114207866136, 0.00215175561607, -0.00133043271489, 0.0014304331271, -0.00058601674391, 0.00172199134249, -0.00138211727608, 0.00109820743091], [-0.00131276098546, 0.00325208762661, -6.51313821436e-05, 0.0026302637998, -0.00479411520064, 0.00279286690056, -0.00259365327656, 0.00133316533174, -0.00138992082793, 0.00107691716403, -0.00195856089704, 0.00225348398089, -0.000802460242994], [0.000405468221288, -6.51313821436e-05, 0.00447733374313, -3.28703281411e-05, -0.00153335253708, -0.00508205965161, 0.00421444000676, -0.00349060143344, 0.00120320520364, -0.000195341519429, 0.000579962739721, -0.000912663468625, 0.000894344877452], [-0.00208551972173, 0.0026302637998, -3.28703281411e-05, 0.00805781502277, -0.00381885957904, -0.00173516699579, -0.00512413354591, 0.00492557743564, -0.00219641951844, 0.000729621970095, -0.00174929678906, -4.31813386967e-05, 0.00188962882385], [0.00247923773713, -0.00479411520064, -0.00153335253708, -0.00381885957904, 0.0158364307135, -0.00409663794562, 0.000234526771237, -0.00452281115577, 0.00522012310103, -0.00467735901475, 0.00341800646856, -0.00307633099146, 0.00388060556725], [-0.00114207866136, 0.00279286690056, -0.00508205965161, -0.00173516699579, -0.00409663794562, 0.0169997569174, -0.00593491224572, 0.000431402499089, -0.00389086105861, 0.00317662768066, -0.00522236619145, 0.00816197600216, -0.00255955569446], [0.00215175561607, -0.00259365327656, 0.00421444000676, -0.00512413354591, 0.000234526771237, -0.00593491224572, 0.0203343275934, -0.00976114813238, -0.000869007781148, -0.00137095083483, 0.00753080798313, -0.00616503413767, 0.00356278568506], [-0.00133043271489, 0.00133316533174, -0.00349060143344, 0.00492557743564, -0.00452281115577, 0.000431402499089, -0.00976114813238, 0.0259474571794, -0.00864044670016, 0.00237945187837, -0.00348630431108, 0.0053560542874, -0.00676344148815], [0.0014304331271, -0.00138992082793, 0.00120320520364, -0.00219641951844, 0.00522012310103, -0.00389086105861, -0.000869007781148, -0.00864044670016, 0.024713780731, -0.0145058752969, 0.00831959303468, -0.00591094559059, 0.00391668872908], [-0.00058601674391, 0.00107691716403, -0.000195341519429, 0.000729621970095, -0.00467735901475, 0.00317662768066, -0.00137095083483, 0.00237945187837, -0.0145058752969, 0.030508780852, -0.0179779604077, 0.00747083406895, -0.00136268872302], [0.00172199134249, -0.00195856089704, 0.000579962739721, -0.00174929678906, 0.00341800646856, -0.00522236619145, 0.00753080798313, -0.00348630431108, 0.00831959303468, -0.0179779604077, 0.0324924103916, -0.0178111605346, 0.00432001659647], [-0.00138211727608, 0.00225348398089, -0.000912663468625, -4.31813386967e-05, -0.00307633099146, 0.00816197600216, -0.00616503413767, 0.0053560542874, -0.00591094559059, 0.00747083406895, -0.0178111605346, 0.0324971750379, -0.0145822595805], [0.00109820743091, -0.000802460242994, 0.000894344877452, 0.00188962882385, 0.00388060556725, -0.00255955569446, 0.00356278568506, -0.00676344148815, 0.00391668872908, -0.00136268872302, 0.00432001659647, -0.0145822595805, 0.0252689793706]]}, "spectral_contrast_coeffs": {"dmean": [0.0453395321965, 0.0375500917435, 0.0251458846033, 0.0203747395426, 0.0168586634099, 0.0171482246369], "dmean2": [0.0743134841323, 0.0613168142736, 0.0403693877161, 0.0328786037862, 0.0275388360023, 0.0256898794323], "dvar": [0.00171213177964, 0.00114592991304, 0.000451290630735, 0.000278777326457, 0.000238775683101, 0.000314047269057], "dvar2": [0.00409736065194, 0.00305352942087, 0.00113582238555, 0.000717271177564, 0.000649016757961, 0.000537779007573], "max": [-0.31317615509, -0.350816249847, -0.516002833843, -0.580680906773, -0.567889213562, -0.551995396614], "mean": [-0.62368708849, -0.680616974831, -0.744034528732, -0.795279562473, -0.769613325596, -0.724688351154], "median": [-0.631181240082, -0.676990330219, -0.7504748106, -0.800285458565, -0.766279816628, -0.711699604988], "min": [-0.974945008755, -0.973871350288, -0.972551047802, -0.976589500904, -0.97025346756, -0.964040279388], "var": [0.00803749077022, 0.00658046547323, 0.00353432726115, 0.00218096678145, 0.00176516792271, 0.00525247678161]}, "spectral_contrast_valleys": {"dmean": [0.369090944529, 0.27707991004, 0.230054736137, 0.198092892766, 0.185660734773, 0.118150010705], "dmean2": [0.61521756649, 0.442417323589, 0.361449867487, 0.308533102274, 0.262924402952, 0.187575504184], "dvar": [0.125521406531, 0.084086894989, 0.0632885470986, 0.0597360953689, 0.0803435966372, 0.0291182249784], "dvar2": [0.