{"lowlevel": {"average_loudness": 0.981843233109, "barkbands_crest": {"dmean": 2.8571703434, "dmean2": 4.54557418823, "dvar": 7.73995113373, "dvar2": 19.7902622223, "max": 23.9784851074, "mean": 8.53611183167, "median": 7.4831495285, "min": 1.86269080639, "var": 17.4544124603}, "barkbands_flatness_db": {"dmean": 0.0259116105735, "dmean2": 0.0400694049895, "dvar": 0.000737739901524, "dvar2": 0.0016406015493, "max": 0.33678278327, "mean": 0.0989035889506, "median": 0.0772572532296, "min": 0.0151810050011, "var": 0.0037870099768}, "barkbands_kurtosis": {"dmean": 3.99609446526, "dmean2": 6.55844163895, "dvar": 62.1120872498, "dvar2": 158.190490723, "max": 107.175765991, "mean": 4.14851617813, "median": 0.550943851471, "min": -1.83043563366, "var": 96.7866134644}, "barkbands_skewness": {"dmean": 0.730121076107, "dmean2": 1.1426012516, "dvar": 0.722351491451, "dvar2": 1.72951126099, "max": 9.56678104401, "mean": 1.5308829546, "median": 1.20019245148, "min": -2.35040974617, "var": 2.12452578545}, "barkbands_spread": {"dmean": 9.36556148529, "dmean2": 14.3941020966, "dvar": 92.0913848877, "dvar2": 212.967498779, "max": 99.8152618408, "mean": 31.6568508148, "median": 31.0111885071, "min": 1.76674211025, "var": 263.296966553}, "dissonance": {"dmean": 0.0143115967512, "dmean2": 0.0238244980574, "dvar": 0.000217103690375, "dvar2": 0.000591281510424, "max": 0.5, "mean": 0.472593277693, "median": 0.479212403297, "min": 0.2757781744, "var": 0.000537067011464}, "dynamic_complexity": 2.14906287193, "erbbands_crest": {"dmean": 2.2380065918, "dmean2": 3.52826189995, "dvar": 4.85550069809, "dvar2": 11.6896848679, "max": 28.1867733002, "mean": 7.01785755157, "median": 6.10661649704, "min": 2.21034502983, "var": 11.8133516312}, "erbbands_flatness_db": {"dmean": 0.0185071378946, "dmean2": 0.026639547199, "dvar": 0.000388041109545, "dvar2": 0.000796061009169, "max": 0.403054624796, "mean": 0.121687456965, "median": 0.108658030629, "min": 0.0546870976686, "var": 0.00236391369253}, "erbbands_kurtosis": {"dmean": 0.554667949677, "dmean2": 0.881154954433, "dvar": 0.482608109713, "dvar2": 1.17689979076, "max": 11.5591020584, "mean": -0.436223596334, "median": -0.626163244247, "min": -1.6623404026, "var": 0.845103442669}, "erbbands_skewness": {"dmean": 0.338609397411, "dmean2": 0.503164112568, "dvar": 0.0889269858599, "dvar2": 0.203796669841, "max": 2.79155302048, "mean": 0.00257528643124, "median": -0.0243439562619, "min": -1.84035789967, "var": 0.30309933424}, "erbbands_spread": {"dmean": 11.6483507156, "dmean2": 18.1818771362, "dvar": 140.091201782, "dvar2": 336.322143555, "max": 136.132781982, "mean": 51.3732414246, "median": 49.9293518066, "min": 5.43012809753, "var": 379.625335693}, "hfc": {"dmean": 13.8028745651, "dmean2": 20.7543735504, "dvar": 300.631347656, "dvar2": 655.827514648, "max": 155.564880371, "mean": 35.4245872498, "median": 30.4138698578, "min": 2.83714967964e-07, "var": 614.834289551}, "melbands_crest": {"dmean": 3.68124437332, "dmean2": 5.77224445343, "dvar": 11.0015249252, "dvar2": 22.8506317139, "max": 32.9736442566, "mean": 14.1513080597, "median": 13.3649358749, "min": 2.05579137802, "var": 34.320640564}, "melbands_flatness_db": {"dmean": 0.0349584333599, "dmean2": 0.0528588183224, "dvar": 0.00128726835828, "dvar2": 0.0026916298084, "max": 0.446705907583, "mean": 0.16305296123, "median": 0.146164342761, "min": 0.00593962706625, "var": 0.00624635489658}, "melbands_kurtosis": {"dmean": 14.0045537949, "dmean2": 23.3963470459, "dvar": 681.303100586, "dvar2": 1774.82727051, "max": 282.697631836, "mean": 19.6812992096, "median": 7.72145843506, "min": -1.60181641579, "var": 1047.3482666}, "melbands_skewness": {"dmean": 1.14906263351, "dmean2": 1.83514547348, "dvar": 2.02002429962, "dvar2": 4.89106321335, "max": 14.9389820099, "mean": 3.1926381588, "median": 2.55121088028, "min": -1.08504104614, "var": 5.40387773514}, "melbands_spread": {"dmean": 11.7438049316, "dmean2": 18.4753456116, "dvar": 187.284072876, "dvar2": 434.986877441, "max": 153.582763672, "mean": 31.70170784, "median": 28.1833496094, "min": 1.08639240265, "var": 478.905639648}, "pitch_salience": {"dmean": 0.0766294449568, "dmean2": 0.12521584332, "dvar": 0.00441201683134, "dvar2": 0.0120397759601, "max": 0.858066618443, "mean": 0.564844787121, "median": 0.571868360043, "min": 0.139751911163, "var": 0.00888757780194}, "silence_rate_20dB": {"dmean": 0, "dmean2": 0, "dvar": 0, "dvar2": 0, "max": 1, "mean": 1, "median": 1, "min": 1, "var": 0}, "silence_rate_30dB": {"dmean": 0.00769724184647, "dmean2": 0.0153969526291, "dvar": 0.00763852149248, "dvar2": 0.0228596180677, "max": 1, "mean": 0.996151983738, "median": 1, "min": 0, "var": 0.00383347994648}, "silence_rate_60dB": {"dmean": 0.0022450289689, "dmean2": 0.00433039292693, "dvar": 0.002240173053, "dvar2": 0.00527426227927, "max": 1, "mean": 0.0335097014904, "median": 0, "min": 0, "var": 0.0323866195977}, "spectral_centroid": {"dmean": 376.562744141, "dmean2": 560.422241211, "dvar": 132917.96875, "dvar2": 291428.25, "max": 3954.22802734, "mean": 1829.31164551, "median": 1843.01623535, "min": 247.464736938, "var": 499407.15625}, "spectral_complexity": {"dmean": 5.37459897995, "dmean2": 8.14402580261, "dvar": 33.3273620605, "dvar2": 68.6416931152, "max": 59, "mean": 25.5063323975, "median": 26, "min": 0, "var": 135.065093994}, "spectral_decrease": {"dmean": 5.51780532376e-09, "dmean2": 9.99061455786e-09, "dvar": 8.81373317297e-17, "dvar2": 2.7455641249e-16, "max": -1.27298877651e-18, "mean": -8.97103191733e-09, "median": -7.37573113696e-09, "min": -6.11241830484e-08, "var": 6.49246783603e-17}, "spectral_energy": {"dmean": 0.0216536205262, "dmean2": 0.0389283336699, "dvar": 0.00130422669463, "dvar2": 0.0040640826337, "max": 0.236461848021, "mean": 0.0370718687773, "median": 0.0308602191508, "min": 3.05383877908e-11, "var": 0.000964855775237}, "spectral_energyband_high": {"dmean": 0.00130523869302, "dmean2": 0.00189066235907, "dvar": 3.11308485834e-06, "dvar2": 6.46511807645e-06, "max": 0.0155112892389, "mean": 0.00244089961052, "median": 0.00172282557469, "min": 2.1479299242e-11, "var": 5.61037359148e-06}, "spectral_energyband_low": {"dmean": 0.0168128665537, "dmean2": 0.0307260267437, "dvar": 0.00104497163557, "dvar2": 0.00327599002048, "max": 0.201246738434, "mean": 0.0177695341408, "median": 0.00857345946133, "min": 1.35960849783e-13, "var": 0.000795192841906}, "spectral_energyband_middle_high": {"dmean": 0.00215520430356, "dmean2": 0.00324679305777, "dvar": 8.73076442076e-06, "dvar2": 1.69276936504e-05, "max": 0.0492253005505, "mean": 0.00651046680287, "median": 0.00554070761427, "min": 6.47048170252e-12, "var": 2.92135027848e-05}, "spectral_energyband_middle_low": {"dmean": 0.0062584807165, "dmean2": 0.0104747060686, "dvar": 7.83005161793e-05, "dvar2": 0.000204914322239, "max": 0.0915324762464, "mean": 0.0129657713696, "median": 0.010104383342, "min": 1.21231995796e-12, "var": 0.000103930404293}, "spectral_entropy": {"dmean": 0.198572129011, "dmean2": 0.274323403835, "dvar": 0.0391952469945, "dvar2": 0.0778736099601, "max": 8.70910930634, "mean": 7.82385921478, "median": 7.90723085403, "min": 5.55381536484, "var": 0.198236510158}, "spectral_flux": {"dmean": 0.0450155027211, "dmean2": 0.0735421329737, "dvar": 0.00364084891044, "dvar2": 0.00739257549867, "max": 0.450004935265, "mean": 0.113175593317, "median": 0.090062610805, "min": 2.25223011512e-05, "var": 0.00543923210353}, "spectral_kurtosis": {"dmean": 1.10299324989, "dmean2": 1.74464225769, "dvar": 2.90182423592, "dvar2": 7.35774278641, "max": 42.7525177002, "mean": 2.99258232117, "median": 2.49181699753, "min": -0.507061481476, "var": 5.13292455673}, "spectral_rms": {"dmean": 0.00149825809058, "dmean2": 0.00258560176007, "dvar": 4.18586660089e-06, "dvar2": 1.28951578517e-05, "max": 0.015188629739, "mean": 0.00559745868668, "median": 0.00548703316599, "min": 1.72608082494e-07, "var": 4.83620669911e-06}, "spectral_rolloff": {"dmean": 1104.3293457, "dmean2": 1788.49768066, "dvar": 2083450, "dvar2": 4467359.5, "max": 17140.4296875, "mean": 2453.98071289, "median": 1830.32226562, "min": 64.599609375, "var": 4949980}, "spectral_skewness": {"dmean": 0.183496028185, "dmean2": 0.274185538292, "dvar": 0.0403209552169, "dvar2": 0.0861526280642, "max": 4.79516839981, "mean": 1.27579748631, "median": 1.24292755127, "min": 0.10559450835, "var": 0.123818926513}, "spectral_spread": {"dmean": 709934.9375, "dmean2": 992507.75, "dvar": 618038951936, "dvar2": 1126547193860.0, "max": 11008938, "mean": 5599657.5, "median": 5627886, "min": 1529660.625, "var": 2377826435070.0}, "spectral_strongpeak": {"dmean": 0.633972585201, "dmean2": 1.08841395378, "dvar": 1.29692232609, "dvar2": 3.04591298103, "max": 12.6183319092, "mean": 0.91598969698, "median": 0.450023949146, "min": 0, "var": 1.67459321022}, "zerocrossingrate": {"dmean": 0.0195343028754, "dmean2": 0.0213218759745, "dvar": 0.000355662050424, "dvar2": 0.000431922497228, "max": 0.48681640625, "mean": 0.0921804085374, "median": 0.083984375, "min": 0.00341796875, "var": 0.00255503831431}, "barkbands": {"dmean": [0.000503570423461, 0.0105372872204, 0.00570066599175, 0.002706278814, 0.00211247825064, 0.000995102454908, 0.000742815318517, 0.000705724814907, 0.000644222833216, 0.000853051198646, 0.000315356388455, 0.000462169497041, 0.000368585286196, 0.000531766097993, 0.000306190748233, 0.000199517598958, 0.000356470991392, 0.000301976251649, 0.000414715468651, 0.000256966333836, 0.000293820805382, 0.000264723930741, 0.00027900718851, 0.000265654176474, 0.000172450629179, 9.83307254501e-05, 2.46384934144e-05], "dmean2": [0.000722094962839, 0.0192589908838, 0.0105283223093, 0.00461376458406, 0.00357031775638, 0.00172862526961, 0.00123238272499, 0.00112361856736, 0.00102592073381, 0.0013440749608, 0.000512465077918, 0.000748453079723, 0.000588023336604, 0.000776080647483, 0.000488250894705, 0.000324791064486, 0.000573242723476, 0.000514278304763, 0.000656190502923, 0.000405424070777, 0.000442727498012, 0.000381597055821, 0.000419205782237, 0.000407705112593, 0.000256052706391, 0.000140714269946, 3.61775710189e-05], "dvar": [5.53329471131e-07, 0.000407786865253, 0.000161619202117, 1.98396483029e-05, 1.40427337101e-05, 6.03698936175e-06, 2.37641211243e-06, 2.07699235943e-06, 1.74095316652e-06, 2.21376762966e-06, 7.05770560216e-07, 5.91510001868e-07, 5.82626057621e-07, 1.35820926062e-06, 3.65030132343e-07, 1.05592256716e-07, 4.30400405094e-07, 2.50320283612e-07, 4.50781072914e-07, 1.3126658871e-07, 1.31137554149e-07, 1.27971247821e-07, 2.46251232738e-07, 1.61997050441e-07, 6.53272635986e-08, 2.19462759077e-08, 1.89951609997e-09], "dvar2": [1.13466103357e-06, 0.00129997229669, 0.000460035138531, 5.14559869771e-05, 3.65690430044e-05, 1.69051108969e-05, 6.42950089969e-06, 5.38540643902e-06, 4.20804826717e-06, 5.39580605619e-06, 1.53755945576e-06, 1.47043465404e-06, 1.28734041027e-06, 2.49649724537e-06, 8.47309081564e-07, 2.68182731133e-07, 8.86846578396e-07, 6.70439760597e-07, 9.92930608845e-07, 3.03732491602e-07, 2.84429717112e-07, 2.52259866329e-07, 5.66726839679e-07, 3.65841799521e-07, 1.40132428328e-07, 4.49407480119e-08, 4.12765466251e-09], "max": [0.00633851345628, 0.131924390793, 0.0964146405458, 0.0353822559118, 0.0581299327314, 0.0474191047251, 0.0277018472552, 0.0239047594368, 0.0281552299857, 0.0222092084587, 0.0337696708739, 0.0134363686666, 0.0129310637712, 0.0192768443376, 0.0112618673593, 0.00846632383764, 0.019358150661, 0.0072352453135, 0.0108106844127, 0.00495501654223, 0.00511530879885, 0.00346218934283, 0.00525486655533, 0.00505705038086, 0.002372385934, 0.00134715647437, 0.000612036033999], "mean": [0.000784758187365, 0.00962308328599, 0.00507897138596, 0.00412732874975, 0.00365147297271, 0.00129724456929, 0.00114098540507, 0.0011235558195, 0.000954604300205, 0.00129056035075, 0.000418120005634, 0.000701214710716, 0.000567530922126, 0.000882459280547, 0.000496167631354, 0.000338168116286, 0.000641282531433, 0.000484505901113, 0.000731350621209, 0.000480516289826, 0.000571807089727, 0.000439451629063, 0.000402059056796, 0.000388668267988, 0.00026657836861, 0.000151506174006, 3.79424091079e-05], "median": [0.00023319630418, 0.00228804652579, 0.00228229607455, 0.0023177145049, 0.00207662023604, 0.000711919972673, 0.000630063179415, 0.000523356196936, 0.000398928794311, 0.000657596683595, 0.000181791037903, 0.000395611918066, 0.0002596428385, 0.000331575283781, 0.000273365789326, 0.000223366150749, 0.000414982641814, 0.000336928118486, 0.000484492804389, 0.000308312592097, 0.000422591430834, 0.000244477123488, 0.000216518732486, 0.000223309965804, 0.000148963197717, 6.88589716447e-05, 1.51030344568e-05], "min": [3.06648593508e-14, 7.89638401324e-14, 1.43889366161e-14, 3.07121542824e-14, 9.82876838728e-14, 4.56665141899e-14, 1.44176852531e-13, 2.85189596548e-13, 5.33129801156e-13, 1.26867659715e-13, 3.79123707255e-13, 5.53165979277e-14, 3.64338360913e-13, 4.24590131934e-13, 2.48738367143e-13, 2.78825627951e-13, 5.55315125481e-13, 1.0727307714e-12, 2.6895697041e-12, 8.77755116854e-13, 1.21033933743e-12, 2.00177699937e-12, 3.58609105952e-12, 2.01999029482e-12, 3.30767184475e-12, 3.68743924284e-12, 5.30848412103e-12], "var": [1.29907414248e-06, 0.000328913360136, 0.000102462407085, 2.5560542781e-05, 2.04043008125e-05, 4.77906633023e-06, 2.57739657172e-06, 3.12884594678e-06, 2.79278151538e-06, 3.47721993421e-06, 9.55866653385e-07, 9.3863212669e-07, 9.55430323302e-07, 2.97084943668e-06, 5.91844241171e-07, 1.4747618593e-07, 8.41834378207e-07, 2.98457621284e-07, 8.52652760841e-07, 2.60756849002e-07, 2.88918926117e-07, 2.59904226141e-07, 2.97825806683e-07, 2.25028671252e-07, 1.04878147056e-07, 4.10635720982e-08, 3.65579033712e-09]}, "erbbands": {"dmean": [0.307344377041, 2.45578718185, 6.61842536926, 8.27419281006, 7.88992261887, 6.51830768585, 7.44734764099, 8.45634555817, 10.3759098053, 12.6906671524, 15.2148866653, 12.7294454575, 28.7221660614, 16.3449020386, 12.3321180344, 19.413143158, 14.9833717346, 28.5630931854, 16.7673244476, 13.3544578552, 14.6052246094, 15.3069028854, 16.4315052032, 14.8476829529, 23.0831985474, 12.3704080582, 12.2237110138, 10.3653831482, 10.346446991, 8.58204078674, 8.0076751709, 5.5974111557, 4.44002199173, 2.22841095924, 1.15688073635, 0.506823241711, 0.174896284938, 0.0348341800272, 0.00420414796099, 0.000247907330049], "dmean2": [0.507045090199, 4.66619586945, 12.3521738052, 14.6388483047, 12.8110523224, 11.4459381104, 12.8711528778, 14.8941583633, 17.5402946472, 21.0511245728, 23.4751777649, 20.2741775513, 45.1825637817, 26.0945777893, 19.9896202087, 31.6320343018, 23.1755771637, 41.4558830261, 25.7345199585, 21.8284702301, 23.8142967224, 24.578212738, 28.2515544891, 24.7179222107, 35.7349319458, 19.2752285004, 19.0729827881, 15.6304616928, 15.1616067886, 12.3451566696, 12.1273946762, 8.27228355408, 7.00483226776, 3.42488765717, 1.69188678265, 0.727642059326, 0.255036622286, 0.051286123693, 0.00620471686125, 0.000362734281225], "dvar": [0.303157627583, 26.0549564362, 233.035140991, 209.156188965, 126.838096619, 193.680267334, 238.352676392, 572.443054199, 519.583679199, 863.989868164, 809.752258301, 895.215270996, 2470.33569336, 1010.69360352, 629.884765625, 1211.30664062, 918.067138672, 4401.54248047, 1225.09655762, 775.448791504, 717.384277344, 523.944458008, 733.046325684, 462.754455566, 1865.08862305, 290.225128174, 249.629241943, 183.665588379, 205.504577637, 164.408126831, 204.536483765, 77.6126708984, 52.9022598267, 10.4938640594, 3.65967321396, 0.592430412769, 0.0712176412344, 0.0030403456185, 5.47968666069e-05, 2.23631701601e-07], "dvar2": [0.856988668442, 81.0693588257, 674.449584961, 569.325439453, 300.56652832, 529.833190918, 623.95703125, 1620.81005859, 1436.14294434, 2309.21289062, 1934.96362305, 2103.83935547, 6061.95605469, 2461.06616211, 1425.48327637, 3034.19726562, 2020.99230957, 7438.67382812, 2433.38208008, 2021.85021973, 1660.09399414, 1144.81188965, 1980.41577148, 1205.35046387, 3881.59448242, 656.787719727, 570.870910645, 392.792572021, 424.164489746, 353.622680664, 480.858337402, 167.020874023, 128.990249634, 23.9596309662, 7.93737411499, 1.22403466702, 0.14951685071, 0.0063644554466, 0.000122175886645, 4.70809339959e-07], "max": [4.37187290192, 34.0047683716, 108.653808594, 94.6656417847, 112.139656067, 220.781723022, 298.878143311, 473.895080566, 498.919555664, 640.193786621, 494.006134033, 804.136779785, 920.957214355, 731.26361084, 937.998168945, 666.425354004, 573.804870605, 1138.04772949, 615.464477539, 756.489074707, 693.311767578, 467.253662109, 325.138061523, 265.188903809, 763.31829834, 216.358688354, 279.617034912, 225.914276123, 143.805404663, 134.467102051, 157.002960205, 160.433700562, 68.2392883301, 26.8654613495, 21.9334506989, 6.81438302994, 2.47335839272, 0.647858023643, 0.10871014744, 0.00818056240678], "mean": [0.322061538696, 1.97447419167, 5.62102651596, 10.9680547714, 14.906829834, 9.19524478912, 9.53497505188, 10.5434770584, 14.8018379211, 19.4372272491, 26.3208751678, 19.9273281097, 46.1555519104, 25.1373882294, 19.1216125488, 30.5971488953, 26.1240940094, 49.0584754944, 28.7856063843, 23.1702899933, 26.4520320892, 29.3561992645, 26.8501300812, 27.9331607819, 40.9106559753, 24.2488918304, 23.2943763733, 19.2304325104, 16.5052375793, 13.3341464996, 11.5469074249, 8.70464992523, 5.84700059891, 3.28686833382, 1.76022684574, 0.781125307083, 0.261235564947, 0.0541927553713, 0.00633601658046, 0.000385710387491], "median": [0.0563083998859, 0.524291217327, 2.45321846008, 6.30469465256, 8.8685798645, 4.88286876678, 4.11424732208, 5.40676879883, 7.96902179718, 9.69639205933, 11.7756414413, 10.0072774887, 24.1046237946, 14.169924736, 11.8227901459, 17.8234481812, 13.4306516647, 18.1301803589, 14.3248443604, 15.4345226288, 18.1001739502, 20.406671524, 19.0552978516, 21.366985321, 24.3728885651, 16.3305492401, 16.8895282745, 13.6218423843, 9.12154769897, 7.25463008881, 6.3129119873, 4.9310297966, 3.11628556252, 1.9710701704, 0.88063544035, 0.356859087944, 0.115664631128, 0.0221235882491, 0.00256721233018, 0.000176513305632], "min": [3.74930902297e-12, 1.23310693254e-11, 1.44152571824e-11, 7.27436028081e-11, 2.41642345022e-10, 3.42285616517e-10, 2.82771500659e-10, 3.48629319857e-10, 1.16406539963e-09, 4.98351981904e-09, 6.8234160544e-09, 1.13187166306e-08, 7.30828286777e-09, 6.75191502708e-09, 1.34238540284e-08, 3.49315909531e-09, 1.80873716005e-08, 1.60323665455e-08, 1.77533721057e-08, 2.11030126707e-08, 1.34029907173e-08, 3.28155245199e-08, 5.08078059624e-08, 9.60495469826e-08, 1.16189980304e-07, 4.2210359652e-08, 5.03241537331e-08, 5.53345635979e-08, 5.62082327349e-08, 7.52158015871e-08, 1.21118631569e-07, 5.22530214653e-08, 3.2310389031e-08, 2.30378258692e-08, 2.79981797746e-08, 1.8412309899e-08, 6.72436994975e-09, 2.64197685951e-09, 9.48141010149e-10, 6.3034029385e-11], "var": [0.350007414818, 17.5606803894, 142.326705933, 202.103439331, 297.337982178, 183.131637573, 254.915237427, 421.650390625, 515.379760742, 898.293518066, 1760.8717041, 1436.39172363, 4280.38330078, 1520.1262207, 892.171325684, 1885.27478027, 1721.4206543, 10129.3457031, 2341.82519531, 1011.05316162, 1148.22021484, 1132.69970703, 834.213134766, 695.022277832, 3715.35961914, 606.876525879, 513.943664551, 356.116790771, 378.420806885, 264.999359131, 241.214111328, 117.64176178, 59.3004302979, 14.9891376495, 5.52591133118, 1.07277846336, 0.128879353404, 0.0059431232512, 0.000100416873465, 4.06923135188e-07]}, "gfcc": {"mean": [39.6289100647, 52.746006012, -109.931480408, 32.7669334412, -54.7400627136, 14.2973022461, -29.7914581299, 10.7622318268, -23.0192375183, 3.03176760674, -15.5750007629, -1.34410583973, -12.4658460617], "cov": [[12057.0361328, -276.080810547, 1781.33349609, 1094.82397461, 334.9453125, 573.581542969, -141.772918701, 113.404518127, -302.937744141, -101.921394348, -462.383209229, -100.174835205, -350.170074463], [-276.080810547, 2150.83374023, 30.6082305908, 681.495361328, 557.983825684, 0.693056285381, 176.909042358, -173.100280762, -54.3356819153, -231.450302124, -43.0227622986, -330.922790527, 18.6624393463], [1781.33349609, 30.6082305908, 1199.89709473, 509.019195557, 342.187744141, 293.805755615, 21.8434867859, 50.2509803772, -75.0407943726, -126.969192505, -207.280929565, -37.7138900757, -163.448257446], [1094.82397461, 681.495361328, 509.019195557, 809.00567627, 415.773864746, 209.993484497, 89.8779602051, -31.5796813965, -39.513507843, -110.815238953, -80.5751037598, -126.714820862, -39.9806022644], [334.9453125, 557.983825684, 342.187744141, 415.773864746, 442.354064941, 128.567001343, 92.8774032593, -31.3348026276, -38.1382865906, -81.627243042, -50.5539360046, -112.216835022, -43.2716789246], [573.581542969, 0.693056285381, 293.805755615, 209.993484497, 128.567001343, 210.095748901, 50.60131073, 43.8815002441, -2.49193263054, -6.33472728729, -42.8780059814, 4.58623886108, -40.1414108276], [-141.772918701, 176.909042358, 21.8434867859, 89.8779602051, 92.8774032593, 50.60131073, 140.604751587, 29.3025684357, 39.095867157, 0.294293880463, 11.6997804642, -36.7454071045, 6.0115237236], [113.404518127, -173.100280762, 50.2509803772, -31.5796813965, -31.3348026276, 43.8815002441, 29.3025684357, 109.712226868, 43.8159637451, 34.6233825684, 3.42864537239, 38.0601043701, -6.04988718033], [-302.937744141, -54.3356819153, -75.0407943726, -39.513507843, -38.1382865906, -2.49193263054, 39.095867157, 43.8159637451, 112.158805847, 60.2746353149, 46.4361228943, 23.7639293671, 22.1505718231], [-101.921394348, -231.450302124, -126.969192505, -110.815238953, -81.627243042, -6.33472728729, 0.294293880463, 34.6233825684, 60.2746353149, 143.55859375, 75.0285415649, 51.2786254883, 13.7698745728], [-462.383209229, -43.0227622986, -207.280929565, -80.5751037598, -50.5539360046, -42.8780059814, 11.6997804642, 3.42864537239, 46.4361228943, 75.0285415649, 120.481468201, 48.6906776428, 47.1544570923], [-100.174835205, -330.922790527, -37.7138900757, -126.714820862, -112.216835022, 4.58623886108, -36.7454071045, 38.0601043701, 23.7639293671, 51.2786254883, 48.6906776428, 130.987930298, 35.9628067017], [-350.170074463, 18.6624393463, -163.448257446, -39.9806022644, -43.2716789246, -40.1414108276, 6.0115237236, -6.04988718033, 22.1505718231, 13.7698745728, 47.1544570923, 35.9628067017, 87.6622924805]], "icov": [[0.000136367525556, 4.96657003168e-06, -8.69139257702e-05, -0.000204860087251, 0.000154631910846, -6.08599002589e-05, 0.000116586939839, -0.000164109631442, 0.000339372869348, -0.000320658378769, 0.000285138434265, 3.52744173142e-05, 0.000114088485134], [4.96657003168e-06, 0.00137869524769, 0.000271563912975, -0.000554833270144, -0.000812775106169, 0.00027636741288, -0.000339279155014, 0.000609386595897, -0.00040412103408, 0.00139980623499, -0.000904065731447, 0.00211116950959, -0.000727258564439], [-8.69139257702e-05, 0.000271563912975, 0.00266809295863, -0.000852080585901, -0.00129764410667, -0.000683072139509, 3.20708240906e-05, -0.00017244873743, -0.000584525172599, 0.000853628735058, 0.00255799642764, -0.00242562778294, 0.00284641911276], [-0.000204860087251, -0.000554833270144, -0.000852080585901, 0.00388704054058, -0.00142555241473, -0.00226328196004, 0.000691165158059, 0.000524616043549, -0.000807959761005, 0.000805625226349, -0.00140568043571, 0.00180679070763, -0.00217487383634], [0.000154631910846, -0.000812775106169, -0.00129764410667, -0.00142555241473, 0.00663017248735, -0.00126015371643, -0.00158690393437, 0.000422865035944, 0.00170629937202, -0.000329443311784, -0.00174246099778, 0.00183687382378, 0.000359135214239], [-6.08599002589e-05, 0.00027636741288, -0.000683072139509, -0.00226328196004, -0.00126015371643, 0.0113054122776, -0.00363788986579, -0.00166823971085, 0.000923599814996, -0.0022708827164, 0.00310906767845, -0.00487516541034, 0.00253232312389], [0.000116586939839, -0.000339279155014, 3.20708240906e-05, 0.000691165158059, -0.00158690393437, -0.00363788986579, 0.0130877578631, -0.00399101851508, -0.00324832112528, 0.00113761494868, -0.00285737053491, 0.00547738466412, -0.0027770830784], [-0.000164109631442, 0.000609386595897, -0.00017244873743, 0.000524616043549, 0.000422865035944, -0.00166823971085, -0.00399101851508, 0.0156798027456, -0.00492126541212, -0.000435213674791, 0.00216782838106, -0.00354673992842, 0.00153389154002], [0.000339372869348, -0.00040412103408, -0.000584525172599, -0.000807959761005, 0.00170629937202, 0.000923599814996, -0.00324832112528, -0.00492126541212, 0.0163484010845, -0.00551640568301, -0.0012680189684, 0.000338151992764, -0.00158943259157], [-0.000320658378769, 0.00139980623499, 0.000853628735058, 0.000805625226349, -0.000329443311784, -0.0022708827164, 0.00113761494868, -0.000435213674791, -0.00551640568301, 0.0166252292693, -0.00969232805073, 0.00204281625338, 0.00222759647295], [0.000285138434265, -0.000904065731447, 0.00255799642764, -0.00140568043571, -0.00174246099778, 0.00310906767845, -0.00285737053491, 0.00216782838106, -0.0012680189684, -0.00969232805073, 0.0240652244538, -0.0105299986899, -0.000413293862948], [3.52744173142e-05, 0.00211116950959, -0.00242562778294, 0.00180679070763, 0.00183687382378, -0.00487516541034, 0.00547738466412, -0.00354673992842, 0.000338151992764, 0.00204281625338, -0.0105299986899, 0.0243414081633, -0.0106812212616], [0.000114088485134, -0.000727258564439, 0.00284641911276, -0.00217487383634, 0.000359135214239, 0.00253232312389, -0.0027770830784, 0.00153389154002, -0.00158943259157, 0.00222759647295, -0.000413293862948, -0.0106812212616, 0.0226223431528]]}, "melbands": {"dmean": [0.00272786361165, 0.00342927617021, 0.00138932256959, 0.00051228760276, 0.000260713102762, 0.000191119426745, 0.000156171125127, 0.000138591320137, 0.000118445044791, 8.79447252373e-05, 0.000145960220834, 7.04448539182e-05, 4.62277275801e-05, 5.22572481714e-05, 4.0223076212e-05, 4.24023455707e-05, 5.44710237591e-05, 2.87189959636e-05, 1.73708212969e-05, 1.60543841048e-05, 2.06929998967e-05, 1.79437265615e-05, 1.8737055143e-05, 1.44620025821e-05, 1.25207461679e-05, 1.81330851774e-05, 1.30610087581e-05, 7.73085594119e-06, 7.42344991522e-06, 8.75580462889e-06, 5.8766404436e-06, 6.05954619459e-06, 4.96175152875e-06, 5.04244326294e-06, 4.75748720419e-06, 4.1857015276e-06, 3.39002349392e-06, 3.36410357704e-06, 2.65229687102e-06, 1.71678459537e-06], "dmean2": [0.00477543566376, 0.00645580329001, 0.00242481403984, 0.000858591985889, 0.000453063141322, 0.000334242387908, 0.000263221154455, 0.000229418234085, 0.000183007839951, 0.000140119780554, 0.000229498575209, 0.000112209636427, 7.49266328057e-05, 8.51742443047e-05, 6.54499453958e-05, 6.27158078714e-05, 7.93536164565e-05, 4.47397287644e-05, 2.79120595224e-05, 2.59831558651e-05, 3.37153724104e-05, 2.84894613287e-05, 3.216431287e-05, 2.43627491727e-05, 2.08586479857e-05, 2.87108268822e-05, 1.99171863642e-05, 1.23688969325e-05, 1.1859402548e-05, 1.34436795634e-05, 8.92729531188e-06, 8.98454618437e-06, 7.29523935661e-06, 7.43390410207e-06, 7.25964127923e-06, 6.37542098048e-06, 5.0651251513e-06, 5.39733082405e-06, 4.20389369538e-06, 2.63142396761e-06], "dvar": [2.47000589297e-05, 5.94607226958e-05, 5.65878417547e-06, 6.96042150139e-07, 3.20774688589e-07, 2.68364175326e-07, 1.12109361794e-07, 1.06179960824e-07, 4.96432654984e-08, 3.64939261033e-08, 6.35149177697e-08, 1.97359408816e-08, 1.32232056416e-08, 7.79005482343e-09, 4.44736425464e-09, 9.19633436069e-09, 1.47711878284e-08, 3.729165865e-09, 1.07129705107e-09, 7.12234549116e-10, 1.76634984417e-09, 9.06255626099e-10, 9.4950469709e-10, 6.76571132452e-10, 3.50018986017e-10, 1.10555120614e-09, 5.20891663136e-10, 1.1055627247e-10, 1.26042606907e-10, 1.22776566691e-10, 7.52055084874e-11, 7.99730628942e-11, 4.67090498224e-11, 6.60758253668e-11, 6.8714652024e-11, 5.5837917623e-11, 2.6718179752e-11, 3.27067990746e-11, 1.70898035307e-11, 6.10737762446e-12], "dvar2": [7.67585079302e-05, 0.000176980596734, 1.51685326273e-05, 1.82722953923e-06, 8.36005767724e-07, 7.53805466047e-07, 3.09564256895e-07, 2.86473749611e-07, 1.18141137762e-07, 8.92032332445e-08, 1.55805793156e-07, 4.82348134767e-08, 2.86784658243e-08, 1.91665776583e-08, 1.12892939441e-08, 1.67990883426e-08, 2.54773002695e-08, 7.36869409934e-09, 2.62608268464e-09, 1.75658332324e-09, 3.83921783254e-09, 1.86332105301e-09, 2.45620257466e-09, 1.82255988079e-09, 9.03882191317e-10, 2.42170572484e-09, 1.08697895129e-09, 2.61544952362e-10, 3.10924980207e-10, 2.60178406597e-10, 1.68420652424e-10, 1.64202901276e-10, 9.86616829901e-11, 1.48100212649e-10, 1.6214184162e-10, 1.33471733665e-10, 5.61809869459e-11, 8.06220992744e-11, 4.2733649952e-11, 1.38442191738e-11], "max": [0.032732732594, 0.0512971691787, 0.015710927546, 0.00705406954512, 0.0127674294636, 0.0107596153393, 0.00685151899233, 0.00710145430639, 0.00363457016647, 0.00435486156493, 0.00449699955061, 0.00307773868553, 0.00466444063932, 0.00151558220387, 0.00119534030091, 0.00186132430099, 0.00192060135305, 0.00118871731684, 0.000784664065577, 0.000572487420868, 0.00124347803649, 0.000783549272455, 0.000488617399242, 0.000511705060489, 0.000249037257163, 0.000477800582303, 0.000330103182932, 0.000120647135191, 0.000215895313886, 0.000143607787322, 0.000200269962079, 0.000116394861834, 6.95629714755e-05, 0.000104695580376, 9.42383703659e-05, 9.77424278972e-05, 7.82211427577e-05, 5.78215476708e-05, 3.50708432961e-05, 2.3893378966e-05], "mean": [0.00273708323948, 0.00286936364137, 0.00204892153852, 0.000877774727996, 0.000334110605763, 0.000243757560384, 0.000230581674259, 0.000211928345379, 0.000200549897272, 0.000132722023409, 0.000233114100411, 0.000103001519165, 6.45637410344e-05, 7.79809124651e-05, 6.27576882835e-05, 6.71118468745e-05, 9.18914302019e-05, 4.61758099846e-05, 2.9752138289e-05, 2.7376025173e-05, 3.44210857293e-05, 3.26335939462e-05, 2.6953570341e-05, 2.35250481637e-05, 2.11562091863e-05, 3.00167994283e-05, 2.41988363996e-05, 1.3621924154e-05, 1.27822313516e-05, 1.59367173183e-05, 9.80487675406e-06, 9.47022817854e-06, 7.78498178988e-06, 7.27977112547e-06, 6.68207121635e-06, 5.98820179221e-06, 5.07063850819e-06, 4.15199565396e-06, 3.56440182259e-06, 2.49700178756e-06], "median": [0.000584643974435, 0.00115905713756, 0.00128710526042, 0.000508687051479, 0.000155571760843, 0.000128430881887, 0.000129327076138, 0.000109887871076, 8.7950094894e-05, 6.19560305495e-05, 0.000121506032883, 5.24682691321e-05, 3.29440845235e-05, 4.37676717411e-05, 3.49766742147e-05, 2.77105064015e-05, 3.25267574226e-05, 2.11163751374e-05, 1.85336739378e-05, 1.84365471796e-05, 2.17115339183e-05, 2.06930453714e-05, 1.66011614056e-05, 1.51512340381e-05, 1.45303120007e-05, 1.71536885318e-05, 1.35228374347e-05, 8.86660291144e-06, 8.62085562403e-06, 1.06110710476e-05, 6.00130260864e-06, 5.0831840781e-06, 4.13645375374e-06, 3.7377890294e-06, 3.60737726623e-06, 3.28185274157e-06, 2.78517973129e-06, 2.00089630198e-06, 1.97625763576e-06, 1.45157923725e-06], "min": [2.98070013225e-14, 1.04513523419e-14, 1.58706903142e-14, 2.40508212169e-14, 1.00237226763e-14, 8.39942773266e-15, 2.11455744407e-14, 5.96559206114e-14, 6.31533670845e-14, 7.18707523508e-14, 3.35930725782e-14, 2.20721285352e-14, 5.40958066102e-14, 9.67755894545e-15, 1.94751695646e-14, 3.86925294051e-14, 3.01167612713e-14, 3.36376536163e-14, 2.37113795395e-14, 2.57985297079e-14, 1.47476144117e-14, 2.85676837004e-14, 4.52257284086e-14, 5.14025162766e-14, 7.72075478095e-14, 1.24100965507e-13, 3.45563963729e-14, 2.73660658208e-14, 3.18284996612e-14, 2.82653945822e-14, 3.60047651144e-14, 2.89795754939e-14, 4.59395196851e-14, 3.87240220901e-14, 7.45416301926e-14, 5.1989892968e-14, 2.25078050138e-14, 2.59171448137e-14, 1.54503637667e-14, 1.92043849898e-14], "var": [2.41833349719e-05, 3.68244946003e-05, 6.05588093094e-06, 1.09545123905e-06, 3.26821492536e-07, 2.04050280672e-07, 1.13973541715e-07, 1.05340234313e-07, 1.07897925261e-07, 5.47930909534e-08, 1.08842989732e-07, 2.95880759893e-08, 1.82487962519e-08, 1.24619781161e-08, 7.09399161636e-09, 1.76525620788e-08, 3.50645628089e-08, 6.99574265184e-09, 1.67379088367e-09, 1.0939835704e-09, 2.89386958841e-09, 1.91027971219e-09, 1.2928249582e-09, 8.81312189893e-10, 5.09473851995e-10, 2.02832328711e-09, 1.1197981431e-09, 1.95894675481e-10, 2.04735825515e-10, 2.79617884402e-10, 1.25437757403e-10, 1.45703893395e-10, 8.24057419524e-11, 9.26383414424e-11, 8.20575551952e-11, 6.66951840977e-11, 4.1208148005e-11, 3.45764319953e-11, 1.95852535578e-11, 9.04324098244e-12]}, "mfcc": {"mean": [-604.234313965, 88.529258728, 3.12966680527, 21.8928050995, 1.53714740276, 5.9448595047, 4.74695444107, 5.34689283371, 1.59570205212, 4.19024276733, 0.835839390755, 1.82122695446, -1.98893678188], "cov": [[7588.67431641, -128.562835693, 726.227539062, 373.421508789, 293.55557251, 221.998733521, 40.0672492981, 45.4977340698, -30.6200942993, -25.7064476013, -83.6898269653, -94.9367599487, -116.577651978], [-128.562835693, 1379.77905273, -88.3102111816, 470.203430176, 245.159805298, 185.295349121, 190.813354492, 16.4544124603, 30.6883640289, 31.0504207611, -39.4209976196, -66.2387695312, -100.788284302], [726.227539062, -88.3102111816, 654.435119629, 207.471969604, 236.205703735, 161.961593628, 46.2978286743, 140.975036621, 51.0981292725, -34.1813621521, -8.62790775299, -41.1135978699, -34.2961425781], [373.421508789, 470.203430176, 207.471969604, 562.508850098, 322.419830322, 242.057754517, 163.078384399, 68.6712036133, 46.2002029419, 13.7151632309, -12.6254911423, -43.218536377, -72.8425140381], [293.55557251, 245.159805298, 236.205703735, 322.419830322, 340.398620605, 197.198867798, 120.024917603, 76.4164886475, 27.7362937927, -10.2385416031, -13.8402709961, -37.558795929, -47.0628852844], [221.998733521, 185.295349121, 161.961593628, 242.057754517, 197.198867798, 233.711532593, 111.696517944, 58.0876426697, 30.8122615814, 14.7784395218, 7.04028892517, -10.305809021, -23.0577602386], [40.0672492981, 190.813354492, 46.2978286743, 163.078384399, 120.024917603, 111.696517944, 148.517807007, 45.6062240601, 23.4270820618, 14.5583229065, -0.0551251806319, -9.27641582489, -20.8729381561], [45.4977340698, 16.4544124603, 140.975036621, 68.6712036133, 76.4164886475, 58.0876426697, 45.6062240601, 126.724029541, 51.3155479431, -9.9616060257, -3.15080070496, -12.561249733, 2.7218132019], [-30.6200942993, 30.6883640289, 51.0981292725, 46.2002029419, 27.7362937927, 30.8122615814, 23.4270820618, 51.3155479431, 85.5352172852, 26.6564598083, 10.1357870102, 6.69735193253, 6.97239875793], [-25.7064476013, 31.0504207611, -34.1813621521, 13.7151632309, -10.2385416031, 14.7784395218, 14.5583229065, -9.9616060257, 26.6564598083, 79.0908279419, 37.221244812, 16.537815094, -2.48768854141], [-83.6898269653, -39.4209976196, -8.62790775299, -12.6254911423, -13.8402709961, 7.04028892517, -0.0551251806319, -3.15080070496, 10.1357870102, 37.221244812, 81.8588027954, 49.4666442871, 18.2859802246], [-94.9367599487, -66.2387695312, -41.1135978699, -43.218536377, -37.558795929, -10.305809021, -9.27641582489, -12.561249733, 6.69735193253, 16.537815094, 49.4666442871, 82.9203872681, 45.6266136169], [-116.577651978, -100.788284302, -34.2961425781, -72.8425140381, -47.0628852844, -23.0577602386, -20.8729381561, 2.7218132019, 6.97239875793, -2.48768854141, 18.2859802246, 45.6266136169, 82.3135681152]], "icov": [[0.000156584763317, 3.60661397281e-05, -0.000183532538358, -8.94606055226e-05, 3.94288108509e-05, -4.43626449851e-05, 3.84571503673e-05, 9.76307783276e-05, 0.000152208274812, -0.000149449435412, 0.000228658173, -7.0948874054e-05, 9.80509576038e-05], [3.60661397281e-05, 0.00124640075956, 0.000547604460735, -0.000929156725761, -0.00011411250307, -1.17143272291e-05, -0.000547991774511, 7.79478505137e-05, -0.000186879129615, -0.000107756983198, 0.000332940748194, 0.000241588568315, 0.000577774713747], [-0.000183532538358, 0.000547604460735, 0.00319108343683, -0.000260069093201, -0.001367112156, -0.000967844738625, 0.00129508168902, -0.00225262111053, -0.000603499705903, 0.0011317692697, -0.000868772680406, 0.000651721900795, 0.000777207431383], [-8.94606055226e-05, -0.000929156725761, -0.000260069093201, 0.00559970689937, -0.00289988424629, -0.0017514830688, -0.00106017652433, 0.000822168309242, -0.00130662298761, 5.72325734538e-05, -5.5498083384e-05, -0.000212704995647, 0.00138061889447], [3.94288108509e-05, -0.00011411250307, -0.001367112156, -0.00289988424629, 0.00922142155468, -0.00307832099497, -0.0013385185739, -0.000701019191183, 0.000775844382588, 0.00158182531595, -0.00020933234191, 0.000795765896328, 0.000461598829133], [-4.43626449851e-05, -1.17143272291e-05, -0.000967844738625, -0.0017514830688, -0.00307832099497, 0.0111562265083, -0.00367875001393, -0.000236397245317, 0.000399271928472, -0.00175969046541, -0.000527930504177, -0.000598501821514, -0.00122832972556], [3.84571503673e-05, -0.000547991774511, 0.00129508168902, -0.00106017652433, -0.0013385185739, -0.00367875001393, 0.0132968565449, -0.00371924228966, 0.00084111088654, -0.00188374263234, 0.00102461862843, -0.00133458594792, 0.001067837351], [9.76307783276e-05, 7.79478505137e-05, -0.00225262111053, 0.000822168309242, -0.000701019191183, -0.000236397245317, -0.00371924228966, 0.0159725751728, -0.00859384145588, 0.00457170698792, -0.00205285381526, 0.00356230838224, -0.00256802421063], [0.000152208274812, -0.000186879129615, -0.000603499705903, -0.00130662298761, 0.000775844382588, 0.000399271928472, 0.00084111088654, -0.00859384145588, 0.0201371852309, -0.00883098784834, 0.0029664656613, -0.0025125676766, -0.00160699512344], [-0.000149449435412, -0.000107756983198, 0.0011317692697, 5.72325734538e-05, 0.00158182531595, -0.00175969046541, -0.00188374263234, 0.00457170698792, -0.00883098784834, 0.022005982697, -0.0105176353827, 0.0026909832377, 0.00221921317279], [0.000228658173, 0.000332940748194, -0.000868772680406, -5.5498083384e-05, -0.00020933234191, -0.000527930504177, 0.00102461862843, -0.00205285381526, 0.0029664656613, -0.0105176353827, 0.0252902749926, -0.0148526094854, 0.00242600613274], [-7.0948874054e-05, 0.000241588568315, 0.000651721900795, -0.000212704995647, 0.000795765896328, -0.000598501821514, -0.00133458594792, 0.00356230838224, -0.0025125676766, 0.0026909832377, -0.0148526094854, 0.0281282328069, -0.0118881314993], [9.80509576038e-05, 0.000577774713747, 0.000777207431383, 0.00138061889447, 0.000461598829133, -0.00122832972556, 0.001067837351, -0.00256802421063, -0.00160699512344, 0.00221921317279, 0.00242600613274, -0.0118881314993, 0.0210699792951]]}, "spectral_contrast_coeffs": {"dmean": [0.0608252435923, 0.0457414202392, 0.044162325561, 0.0367793627083, 0.0276601929218, 0.0209670905024], "dmean2": [0.0990325286984, 0.0752936899662, 0.0713176205754, 0.0570960342884, 0.0434034317732, 0.0326681733131], "dvar": [0.00255477824248, 0.00145613378845, 0.00139439175837, 0.00107014272362, 0.000627957633696, 0.000429156207247], "dvar2": [0.00653116451576, 0.00379646266811, 0.00337915029377, 0.00228668609634, 0.00136256671976, 0.000881318293978], "max": [-0.351722598076, -0.490890443325, -0.435443460941, -0.522021532059, -0.505439996719, -0.537959814072], "mean": [-0.654892623425, -0.741132080555, -0.739294052124, -0.763086497784, -0.76367855072, -0.748484194279], "median": [-0.658393442631, -0.74821305275, -0.743707180023, -0.771555840969, -0.77096003294, -0.750794291496], "min": [-0.934088885784, -0.937980592251, -0.946318924427, -0.941833436489, -0.934879302979, -0.912219643593], "var": [0.00835157744586, 0.00442800996825, 0.00457765208557, 0.00342441350222, 0.00246955920011, 0.00173914176412]}, "spectral_contrast_valleys": {"dmean": [0.528266608715, 0.436411976814, 0.410395145416, 0.35346069932, 0.359767466784, 0.470688998699], "dmean2": [0.897059559822, 0.699244379997, 0.661057054996, 0.557432591915, 0.538750588894, 0.635104715824], "dvar": [0.292917907238, 0.167487248778, 0.160628631711, 0.141802683473, 0.157977968454, 0.285809189081], "dvar2": [0.641185283661, 0.402298420668, 0.37798833847, 0.323307037354, 0.347190707922, 0.535334765911], "max": [-5.00313425064, -4.4780921936, -5.30582332611, -5.60075283051, -5.63075828552, -7.593