{"lowlevel": {"average_loudness": 0.952355384827, "barkbands_crest": {"dmean": 4.84863090515, "dmean2": 7.64513063431, "dvar": 21.6835746765, "dvar2": 42.5619125366, "max": 26.8871135712, "mean": 16.3598442078, "median": 18.2228012085, "min": 2.04540967941, "var": 52.3099441528}, "barkbands_flatness_db": {"dmean": 0.0696793496609, "dmean2": 0.0945689156651, "dvar": 0.00416310690343, "dvar2": 0.00744570652023, "max": 0.688022255898, "mean": 0.18913257122, "median": 0.156976237893, "min": 0.0150019014254, "var": 0.0162309259176}, "barkbands_kurtosis": {"dmean": 80.6818771362, "dmean2": 124.344039917, "dvar": 41307.4140625, "dvar2": 94102.21875, "max": 5399.49755859, "mean": 83.2312927246, "median": 5.82137298584, "min": -1.93396604061, "var": 53927.6210938}, "barkbands_skewness": {"dmean": 3.08021569252, "dmean2": 4.46365356445, "dvar": 15.7809886932, "dvar2": 33.6511459351, "max": 67.9999771118, "mean": 4.67503929138, "median": 2.46862864494, "min": -3.9959795475, "var": 35.1236076355}, "barkbands_spread": {"dmean": 16.6997718811, "dmean2": 26.2942371368, "dvar": 403.484954834, "dvar2": 840.557434082, "max": 132.31338501, "mean": 30.8522911072, "median": 22.0052623749, "min": 0.0561067014933, "var": 929.254272461}, "dissonance": {"dmean": 0.0153052788228, "dmean2": 0.0263535734266, "dvar": 0.000353514391463, "dvar2": 0.000940867583267, "max": 0.500000119209, "mean": 0.479758501053, "median": 0.48690611124, "min": 0.236749470234, "var": 0.000517854408827}, "dynamic_complexity": 6.89501953125, "erbbands_crest": {"dmean": 3.20270609856, "dmean2": 5.08211612701, "dvar": 11.4093723297, "dvar2": 25.4023952484, "max": 28.2953624725, "mean": 7.87650966644, "median": 6.11730194092, "min": 2.20202445984, "var": 24.178943634}, "erbbands_flatness_db": {"dmean": 0.0253546889871, "dmean2": 0.0378297530115, "dvar": 0.00078531622421, "dvar2": 0.00168335333001, "max": 0.398353487253, "mean": 0.111054360867, "median": 0.0957046747208, "min": 0.0295572448522, "var": 0.00255977897905}, "erbbands_kurtosis": {"dmean": 3.22697234154, "dmean2": 5.35850763321, "dvar": 111.557525635, "dvar2": 294.906738281, "max": 402.811828613, "mean": 2.14121985435, "median": 0.027291059494, "min": -1.79911160469, "var": 98.3724136353}, "erbbands_skewness": {"dmean": 0.7757563591, "dmean2": 1.20789027214, "dvar": 0.814647078514, "dvar2": 1.82338619232, "max": 15.089972496, "mean": 0.00141366827302, "median": -0.181097745895, "min": -5.30643796921, "var": 2.30304265022}, "erbbands_spread": {"dmean": 22.8079433441, "dmean2": 35.7489852905, "dvar": 541.185180664, "dvar2": 1238.51135254, "max": 193.394790649, "mean": 61.6984291077, "median": 55.5439949036, "min": 0.889533340931, "var": 1229.81103516}, "hfc": {"dmean": 21.741235733, "dmean2": 35.9438819885, "dvar": 1800.26025391, "dvar2": 4516.33642578, "max": 389.35635376, "mean": 20.3571968079, "median": 6.06465673447, "min": 1.20120256879e-16, "var": 1615.49316406}, "melbands_crest": {"dmean": 5.37553882599, "dmean2": 8.32204914093, "dvar": 29.4104251862, "dvar2": 68.115814209, "max": 39.8922462463, "mean": 23.9845848083, "median": 25.4958133698, "min": 2.05606555939, "var": 86.7756652832}, "melbands_flatness_db": {"dmean": 0.0873908400536, "dmean2": 0.119840137661, "dvar": 0.00641724653542, "dvar2": 0.0122871529311, "max": 0.814929962158, "mean": 0.273837447166, "median": 0.247390404344, "min": 0.00440661376342, "var": 0.0237461160868}, "melbands_kurtosis": {"dmean": 149.690551758, "dmean2": 222.716094971, "dvar": 75933.453125, "dvar2": 164504.6875, "max": 3145.24462891, "mean": 189.796035767, "median": 38.8903961182, "min": -1.81817269325, "var": 136414.203125}, "melbands_skewness": {"dmean": 4.06143856049, "dmean2": 5.96940565109, "dvar": 20.1047706604, "dvar2": 42.3162879944, "max": 47.1524391174, "mean": 7.99305582047, "median": 5.34666395187, "min": -0.929059028625, "var": 55.0437355042}, "melbands_spread": {"dmean": 19.4683685303, "dmean2": 32.4816513062, "dvar": 954.963195801, "dvar2": 2301.16674805, "max": 272.090484619, "mean": 25.3448429108, "median": 11.7245016098, "min": 0.0783009305596, "var": 1314.6439209}, "pitch_salience": {"dmean": 0.150597497821, "dmean2": 0.22106847167, "dvar": 0.0204928070307, "dvar2": 0.0408679619431, "max": 0.891065239906, "mean": 0.383412271738, "median": 0.359019011259, "min": 0.0104530313984, "var": 0.0600533559918}, "silence_rate_20dB": {"dmean": 0, "dmean2": 0, "dvar": 0, "dvar2": 0, "max": 1, "mean": 1, "median": 1, "min": 1, "var": 0}, "silence_rate_30dB": {"dmean": 0.0750112980604, "dmean2": 0.150056496263, "dvar": 0.0693822354078, "dvar2": 0.128447294235, "max": 1, "mean": 0.886830806732, "median": 1, "min": 0, "var": 0.10036700964}, "silence_rate_60dB": {"dmean": 0.0745594203472, "dmean2": 0.14892655611, "dvar": 0.0689968466759, "dvar2": 0.153406441212, "max": 1, "mean": 0.20623447001, "median": 0, "min": 0, "var": 0.163706958294}, "spectral_centroid": {"dmean": 630.125793457, "dmean2": 999.703735352, "dvar": 498880.59375, "dvar2": 1079988.5, "max": 11129.3496094, "mean": 1876.16162109, "median": 1773.19848633, "min": 64.4854278564, "var": 1434579.875}, "spectral_complexity": {"dmean": 6.21283340454, "dmean2": 9.77446365356, "dvar": 88.0555953979, "dvar2": 195.932571411, "max": 55, "mean": 7.14660024643, "median": 3, "min": 0, "var": 108.724845886}, "spectral_decrease": {"dmean": 6.51113563066e-09, "dmean2": 1.06278044143e-08, "dvar": 1.47496401439e-16, "dvar2": 3.81715874136e-16, "max": 9.9320940361e-10, "mean": -8.66712834835e-09, "median": -2.74925748833e-09, "min": -8.69279261906e-08, "var": 2.14117779437e-16}, "spectral_energy": {"dmean": 0.0258551184088, "dmean2": 0.0422473661602, "dvar": 0.00212105317041, "dvar2": 0.00550348358229, "max": 0.330480575562, "mean": 0.034558173269, "median": 0.0125822126865, "min": 1.06458007511e-20, "var": 0.00309564638883}, "spectral_energyband_high": {"dmean": 0.00190686515998, "dmean2": 0.00309318630025, "dvar": 1.47403088704e-05, "dvar2": 3.58776014764e-05, "max": 0.033956322819, "mean": 0.0017244090559, "median": 0.000274716789136, "min": 7.6776416453e-21, "var": 1.44859568536e-05}, "spectral_energyband_low": {"dmean": 0.0216542333364, "dmean2": 0.0330367386341, "dvar": 0.00200651958585, "dvar2": 0.00477863289416, "max": 0.327225953341, "mean": 0.0276396721601, "median": 0.00663317833096, "min": 5.8679412124e-23, "var": 0.0028619337827}, "spectral_energyband_middle_high": {"dmean": 0.00171648536343, "dmean2": 0.00305033591576, "dvar": 1.66247427842e-05, "dvar2": 4.66095880256e-05, "max": 0.0301854480058, "mean": 0.001330156927, "median": 0.000251682882663, "min": 1.4370764686e-21, "var": 1.08046251626e-05}, "spectral_energyband_middle_low": {"dmean": 0.00675895623863, "dmean2": 0.0120536545292, "dvar": 0.000422761193477, "dvar2": 0.00115145987365, "max": 0.149264290929, "mean": 0.00473745400086, "median": 0.000476043031085, "min": 2.840250649e-22, "var": 0.000274277030258}, "spectral_entropy": {"dmean": 0.32490375638, "dmean2": 0.506875157356, "dvar": 0.188422307372, "dvar2": 0.392776995897, "max": 9.8037853241, "mean": 8.02963829041, "median": 8.22292423248, "min": 3.29177498817, "var": 0.497525185347}, "spectral_flux": {"dmean": 0.047756601125, "dmean2": 0.0752104967833, "dvar": 0.00367766432464, "dvar2": 0.00730958906934, "max": 0.468418300152, "mean": 0.0983683392406, "median": 0.0621228888631, "min": 1.03178486588e-10, "var": 0.00951296649873}, "spectral_kurtosis": {"dmean": 1.76860034466, "dmean2": 2.80495333672, "dvar": 15.2931432724, "dvar2": 35.3071594238, "max": 98.5394821167, "mean": 3.23215985298, "median": 1.72875356674, "min": -1.23494946957, "var": 28.7427959442}, "spectral_rms": {"dmean": 0.00174245599192, "dmean2": 0.00266976025887, "dvar": 4.66617393613e-06, "dvar2": 1.09299653559e-05, "max": 0.0179560594261, "mean": 0.0044477651827, "median": 0.00350361666642, "min": 3.22275452852e-12, "var": 1.39328431032e-05}, "spectral_rolloff": {"dmean": 1723.33459473, "dmean2": 2918.21118164, "dvar": 8210294, "dvar2": 17026468, "max": 19552.1484375, "mean": 2343.28564453, "median": 387.59765625, "min": 21.533203125, "var": 13284527}, "spectral_skewness": {"dmean": 0.31331679225, "dmean2": 0.484045773745, "dvar": 0.199502885342, "dvar2": 0.443858504295, "max": 7.93168592453, "mean": 1.32111358643, "median": 1.15172469616, "min": -0.0032652572263, "var": 0.557548224926}, "spectral_spread": {"dmean": 1166675, "dmean2": 1720041.625, "dvar": 1964706627580.0, "dvar2": 3506432638980.0, "max": 42730188, "mean": 7283415, "median": 7331224.5, "min": 994503.875, "var": 6115082895360.0}, "spectral_strongpeak": {"dmean": 0.168417498469, "dmean2": 0.282067865133, "dvar": 0.0739327743649, "dvar2": 0.206826984882, "max": 5.46039104462, "mean": 0.296372205019, "median": 0.21266309917, "min": 0, "var": 0.0925946608186}, "zerocrossingrate": {"dmean": 0.0295778624713, "dmean2": 0.0355145446956, "dvar": 0.00124617887195, "dvar2": 0.00159712834284, "max": 0.501953125, "mean": 0.0796705782413, "median": 0.052734375, "min": 0, "var": 0.0061871423386}, "barkbands": {"dmean": [0.00124175008386, 0.0205254424363, 0.00198393594474, 0.00283555383794, 0.00266216578893, 0.00103386980481, 0.000614958116785, 0.000196033768589, 0.00021675285825, 0.000172632338945, 0.000172848565853, 0.000188106641872, 0.000109737884486, 0.00013100419892, 0.000190711318282, 0.000226064425078, 0.000160701121786, 0.000112191934022, 0.000214742743992, 0.000280711159576, 0.000235251558479, 0.00025401552557, 0.000320619350532, 0.000345110078342, 0.000306232599542, 0.000213611318031, 0.000139972660691], "dmean2": [0.00178899394814, 0.0301056019962, 0.00356379314326, 0.00542891025543, 0.00495091965422, 0.00191384868231, 0.00114490569104, 0.000355519296136, 0.000388136191759, 0.000311098090606, 0.00031678241794, 0.000332862429786, 0.000196349486941, 0.00023746266379, 0.00035010886495, 0.00041711499216, 0.00029049027944, 0.000194866719539, 0.000380897108698, 0.000513348786626, 0.000401744240662, 0.000424287689384, 0.000517233507708, 0.000560384942219, 0.000492815161124, 0.0003435696417, 0.000251069810474], "dvar": [6.78200876791e-06, 0.00191126239952, 4.78630063299e-05, 0.000108589250885, 7.54975189921e-05, 1.09227266876e-05, 3.64394963981e-06, 2.73028973652e-07, 2.77012674132e-07, 1.67518578564e-07, 2.04725921549e-07, 1.64822083093e-07, 8.2104541832e-08, 1.22996056007e-07, 3.0448529742e-07, 4.00250314669e-07, 1.94203380488e-07, 6.77348168665e-08, 2.4906944418e-07, 6.14495831996e-07, 2.54334167948e-07, 2.43518769594e-07, 4.66740630145e-07, 5.5403108945e-07, 4.48173466339e-07, 3.09642246066e-07, 5.35642868726e-07], "dvar2": [1.1934669601e-05, 0.00435469439253, 0.000133971494506, 0.000316168821882, 0.00021300635126, 3.09797687805e-05, 1.04029641079e-05, 7.73141664467e-07, 7.71042323322e-07, 4.57374568441e-07, 5.76452237055e-07, 4.55635785102e-07, 2.2994888127e-07, 3.51045940761e-07, 8.67324956744e-07, 1.13919793421e-06, 5.47050262867e-07, 1.85480445225e-07, 6.94444963756e-07, 1.75623370069e-06, 6.66938547056e-07, 6.05730576808e-07, 1.13161570425e-06, 1.3322896848e-06, 1.009962034e-06, 7.86101622907e-07, 1.54277745423e-06], "max": [0.0226069353521, 0.311744242907, 0.0556184053421, 0.0820061117411, 0.0630983561277, 0.0297220423818, 0.016616333276, 0.00769255263731, 0.00488472776487, 0.00348514784127, 0.00455174967647, 0.00331653258763, 0.00317267770879, 0.00423498125747, 0.00624847365543, 0.00536482222378, 0.00397530663759, 0.00228334986605, 0.00385251292028, 0.00646911887452, 0.00465015601367, 0.0037811298389, 0.00666460581124, 0.00688790529966, 0.00708088604733, 0.00590661447495, 0.00831586308777], "mean": [0.00177407823503, 0.0236467737705, 0.00137185759377, 0.00169417099096, 0.00165126752108, 0.000643624865916, 0.000391930778278, 0.000147651560837, 0.000161671079695, 0.000126824015751, 0.000128317333292, 0.000162153912243, 8.57142804307e-05, 9.59886892815e-05, 0.000135787486215, 0.00015314630582, 0.000117316332762, 8.92392927199e-05, 0.00015745285782, 0.000199083951884, 0.000200412076083, 0.000236447755015, 0.000301061401842, 0.000310449686367, 0.000290651107207, 0.000193394429516, 9.17457800824e-05], "median": [0.00033974336111, 0.0053850794211, 4.93711086165e-05, 0.000108342173917, 7.62098861742e-05, 2.34100116359e-05, 2.18110799324e-05, 1.31857177621e-05, 1.97780627786e-05, 1.42313747347e-05, 1.36080316224e-05, 2.18250588659e-05, 1.15731963888e-05, 1.24607031466e-05, 1.04612809082e-05, 1.42548951771e-05, 1.42574599522e-05, 1.15614247989e-05, 1.8789754904e-05, 2.32203201449e-05, 3.41949198628e-05, 4.2985604523e-05, 4.01125143981e-05, 4.16383518314e-05, 3.99039709009e-05, 2.02595238079e-05, 3.37867481903e-06], "min": [6.2340107744e-24, 1.1869127027e-23, 2.52060354756e-23, 4.16449453741e-24, 1.75851468819e-23, 7.68301927854e-23, 4.26088229598e-23, 1.87268321379e-23, 7.15097361873e-23, 5.83310006611e-23, 5.20721214411e-23, 7.57212941663e-23, 7.1409683381e-23, 9.02672897243e-23, 9.09894761058e-23, 1.27779853511e-22, 1.21033754863e-22, 1.75517865854e-22, 1.59512483932e-22, 2.70145050961e-22, 3.63005869218e-22, 5.67952134342e-22, 5.59377203681e-22, 5.06921310876e-22, 1.15098405802e-21, 1.46552544342e-21, 2.51998049259e-21], "var": [1.28485817186e-05, 0.00244477461092, 3.07373920805e-05, 5.93719269091e-05, 4.42064265371e-05, 6.34346997685e-06, 2.08373330679e-06, 2.19883190766e-07, 1.97194353291e-07, 1.12049811207e-07, 1.28777770669e-07, 1.2892010659e-07, 5.50040155645e-08, 7.70955850271e-08, 1.87232501503e-07, 2.413697473e-07, 1.20744914511e-07, 4.8611074277e-08, 1.62351398103e-07, 3.6269722159e-07, 2.13033942487e-07, 2.30579232152e-07, 4.83418318709e-07, 5.45902992144e-07, 4.79527670905e-07, 2.71210609526e-07, 3.03804171153e-07]}, "erbbands": {"dmean": [0.915244996548, 3.37626409531, 2.09107112885, 6.8002576828, 8.70173168182, 8.65122890472, 10.1072254181, 8.8900308609, 9.43611240387, 5.95877742767, 4.24044513702, 4.68067121506, 5.79358863831, 6.19522380829, 7.2836856842, 6.99610424042, 5.31827926636, 5.75480031967, 6.49222373962, 14.6468820572, 11.0302724838, 8.70085144043, 6.55776834488, 8.71527290344, 12.6141700745, 12.7401161194, 9.24043655396, 10.0344161987, 9.66548347473, 8.96705341339, 9.31057167053, 7.48075819016, 5.38793516159, 3.54096078873, 2.11186885834, 0.986441195011, 0.390962094069, 0.0968329459429, 0.0222545228899, 0.00203534238972], "dmean2": [1.36254453659, 5.16131448746, 3.59697270393, 12.8743495941, 16.3308506012, 16.0907745361, 19.0497322083, 16.4611968994, 17.588098526, 10.9473676682, 7.67971467972, 8.37750816345, 10.3650865555, 11.17648983, 13.3094415665, 12.1993465424, 9.45382785797, 10.3333377838, 11.6752681732, 27.0998783112, 20.3061294556, 15.707326889, 11.4978590012, 15.2685012817, 22.7178096771, 23.1599979401, 15.9892139435, 17.2763156891, 16.3362388611, 14.3302049637, 15.0817518234, 12.1911268234, 8.65280818939, 5.69130325317, 3.42321538925, 1.58079338074, 0.634717285633, 0.163043394685, 0.039763558656, 0.0037481461186], "dvar": [3.80370688438, 55.6946296692, 33.6001205444, 625.60736084, 928.974243164, 818.693359375, 1159.68713379, 782.92388916, 875.048278809, 299.726623535, 124.730186462, 129.078933716, 205.137756348, 210.794784546, 354.252075195, 200.871871948, 177.138916016, 221.261352539, 235.178314209, 1989.22119141, 908.205993652, 553.281433105, 241.629653931, 405.712615967, 972.106628418, 1248.94384766, 436.527648926, 439.59274292, 363.687988281, 374.645996094, 388.154663086, 266.588500977, 133.81678772, 61.1482849121, 19.9101486206, 5.60226678848, 1.2284886837, 0.0987874269485, 0.0127106839791, 0.000146774880704], "dvar2": [8.29756736755, 130.401947021, 90.7869033813, 1816.65588379, 2677.39868164, 2323.89428711, 3308.16064453, 2218.86206055, 2494.95605469, 851.368652344, 358.701202393, 360.571044922, 564.948608398, 584.20098877, 997.077148438, 543.942199707, 494.148803711, 628.758239746, 656.629089355, 5680.91162109, 2576.13842773, 1554.53271484, 667.467346191, 1125.13500977, 2747.82788086, 3563.75732422, 1168.68725586, 1150.19091797, 925.318115234, 903.493713379, 953.70324707, 640.137512207, 320.277526855, 141.528076172, 44.2960357666, 13.6232767105, 3.18680238724, 0.267048299313, 0.0365674681962, 0.000426675222116], "max": [13.8062515259, 59.2851829529, 48.8704490662, 204.422088623, 240.813766479, 208.657348633, 258.635437012, 235.690536499, 251.379257202, 163.111465454, 205.939651489, 111.018699646, 124.547645569, 107.723175049, 174.553314209, 123.176437378, 143.339248657, 183.26473999, 147.31111145, 460.554931641, 269.107788086, 205.396972656, 117.146934509, 159.578430176, 224.374816895, 297.579986572, 167.997970581, 165.787536621, 141.309539795, 249.345748901, 213.985107422, 164.154769897, 101.908538818, 80.527633667, 43.240020752, 24.1465797424, 12.7676258087, 3.52232074738, 1.2993285656, 0.144187644124], "mean": [1.07475733757, 3.7111492157, 2.00450658798, 4.19331026077, 5.37655496597, 5.21619558334, 5.95706415176, 5.54637813568, 5.91126441956, 4.09614610672, 3.21514201164, 3.48920321465, 4.4157500267, 4.69371366501, 5.25378370285, 6.47935056686, 4.31937646866, 4.47261190414, 4.76897525787, 10.0610790253, 7.73808097839, 6.37181091309, 5.0953669548, 6.66993665695, 8.90969371796, 9.14280891418, 7.89463186264, 8.37753772736, 8.68996143341, 8.61717510223, 8.63765048981, 6.59986305237, 5.03043603897, 3.34409666061, 1.98820245266, 0.926955223083, 0.345512360334, 0.0759551897645, 0.0148743204772, 0.00127641740255], "median": [0.214960247278, 0.908461213112, 0.279952228069, 0.277722448111, 0.341227650642, 0.184033900499, 0.142079517245, 0.198483616114, 0.301284193993, 0.358776330948, 0.317593097687, 0.471060007811, 0.520511865616, 0.53422498703, 0.628356635571, 0.90607136488, 0.689863801003, 0.683156251907, 0.578768491745, 0.73383641243, 0.949517130852, 0.763387799263, 0.64172655344, 0.854696989059, 0.967963755131, 1.13215148449, 1.23533248901, 1.4409763813, 1.54551005363, 1.33721673489, 1.14432728291, 0.828048527241, 0.703231930733, 0.496563732624, 0.258918374777, 0.10532861948, 0.0308946743608, 0.00551509298384, 0.000631514005363, 7.55562941777e-05], "min": [4.51515355964e-22, 2.95766748292e-21, 3.90869464307e-20, 2.21581297393e-20, 1.64392162416e-20, 8.91986400761e-20, 4.01512021767e-19, 5.97348065765e-19, 5.193236341e-19, 6.85338369449e-19, 6.81253389693e-19, 1.68240016633e-18, 1.49221914259e-18, 2.33273163187e-18, 2.82789414746e-18, 3.58997543901e-18, 3.4131430424e-18, 4.52747009882e-18, 4.42700529112e-18, 6.69605518276e-18, 7.76749643993e-18, 7.36677458245e-18, 6.78905882134e-18, 7.45524651204e-18, 1.10973119958e-17, 1.08370818022e-17, 1.44488087826e-17, 1.46730442118e-17, 1.8002265852e-17, 1.71054415949e-17, 1.6383321192e-17, 1.08863660503e-17, 8.94191341157e-18, 1.32506194674e-17, 8.92207348457e-18, 4.88804970836e-18, 2.75228797832e-18, 1.25400249991e-18, 3.33438004185e-19, 3.69229902495e-20], "var": [5.09820604324, 65.0498275757, 30.0062122345, 348.845184326, 519.689208984, 473.460906982, 657.968017578, 455.864501953, 500.333190918, 179.702896118, 99.0400695801, 88.7294845581, 142.524307251, 140.004089355, 219.408218384, 187.833999634, 122.69026947, 145.24067688, 154.710235596, 1196.51013184, 552.330200195, 347.848083496, 167.61277771, 275.014862061, 601.746154785, 745.566650391, 351.124053955, 352.723876953, 320.8565979, 406.357635498, 384.608978271, 260.350646973, 136.28453064, 63.7168579102, 21.6157817841, 5.44463300705, 1.00607454777, 0.0690510123968, 0.00724465120584, 8.04625015007e-05]}, "gfcc": {"mean": [-104.451667786, 37.0437812805, -67.5356369019, 42.2488441467, -38.2280311584, 33.0626907349, -19.4729194641, 16.845949173, -14.4459524155, 10.1288318634, -10.4900379181, 5.86488056183, -7.95641374588], "cov": [[36310.7617188, -4165.09375, 913.492248535, 2108.67260742, -1044.45983887, 1030.29785156, -116.058326721, 966.568359375, 154.648880005, 803.049316406, -27.4383964539, 715.547790527, 103.834289551], [-4165.09375, 2721.63867188, -173.278991699, -335.408081055, 401.986541748, -162.445220947, 99.6684188843, -189.024520874, 36.023273468, -226.571365356, 60.7832641602, -128.569625854, 59.3109741211], [913.492248535, -173.278991699, 1343.31616211, 448.279083252, 145.020248413, 251.365570068, 198.802368164, 119.283126831, 148.499923706, 73.987197876, 29.8493709564, -32.5382232666, -30.8875846863], [2108.67260742, -335.408081055, 448.279083252, 838.307189941, 253.508895874, 335.386932373, 166.25692749, 156.116760254, 117.795661926, 66.0309524536, -1.5362842083, -3.50984382629, 22.8261184692], [-1044.45983887, 401.986541748, 145.020248413, 253.508895874, 489.239379883, 168.217926025, 182.822906494, 33.361995697, 120.971405029, -31.8114204407, 16.6626396179, -58.8291969299, 29.4102916718], [1030.29785156, -162.445220947, 251.365570068, 335.386932373, 168.217926025, 384.432739258, 215.125015259, 185.068283081, 138.367904663, 90.9908676147, 44.5262527466, 36.3531532288, 32.0092201233], [-116.058326721, 99.6684188843, 198.802368164, 166.25692749, 182.822906494, 215.125015259, 283.019287109, 140.168716431, 147.559875488, 42.9477767944, 71.943107605, 3.58028006554, 32.5119972229], [966.568359375, -189.024520874, 119.283126831, 156.116760254, 33.361995697, 185.068283081, 140.168716431, 208.488464355, 125.23361969, 112.278793335, 41.1454429626, 42.7004547119, 20.4902000427], [154.648880005, 36.023273468, 148.499923706, 117.795661926, 120.971405029, 138.367904663, 147.559875488, 125.23361969, 185.747024536, 75.9473419189, 50.3542289734, 3.13043308258, 33.7814750671], [803.049316406, -226.571365356, 73.987197876, 66.0309524536, -31.8114204407, 90.9908676147, 42.9477767944, 112.278793335, 75.9473419189, 140.93711853, 44.0029258728, 43.0838432312, 8.16914653778], [-27.4383964539, 60.7832641602, 29.8493709564, -1.5362842083, 16.6626396179, 44.5262527466, 71.943107605, 41.1454429626, 50.3542289734, 44.0029258728, 85.6934890747, 36.171836853, 23.662771225], [715.547790527, -128.569625854, -32.5382232666, -3.50984382629, -58.8291969299, 36.3531532288, 3.58028006554, 42.7004547119, 3.13043308258, 43.0838432312, 36.171836853, 89.7646789551, 32.8433113098], [103.834289551, 59.3109741211, -30.8875846863, 22.8261184692, 29.4102916718, 32.0092201233, 32.5119972229, 20.4902000427, 33.7814750671, 8.16914653778, 23.662771225, 32.8433113098, 77.9319534302]], "icov": [[5.1409482694e-05, 9.52243954089e-06, -1.35572599902e-06, -0.000142774530104, 0.000123937817989, -2.85029836959e-05, 7.56368244765e-05, -8.81620435393e-05, -3.26657864207e-05, -5.00072019349e-05, 0.000146991296788, -0.000315565266646, 2.98584418488e-05], [9.52243954089e-06, 0.000620914273895, -7.53784570406e-06, 0.000287569884676, -0.000484979449539, 0.000102655554656, 0.00011267096852, -5.70618722122e-05, -0.000127433071611, 0.000846505688969, -0.000955049588811, 0.000643117644358, -0.000478142086649], [-1.35572599902e-06, -7.53784570406e-06, 0.00104071211535, -0.000495276006404, 0.000277753890259, -0.000181366951438, -0.000537186395377, 0.000646650849376, -0.00061665038811, -0.000262778106844, 1.57478825713e-05, 0.000173672102392, 0.000805717951152], [-0.000142774530104, 0.000287569884676, -0.000495276006404, 0.00284773949534, -0.00142295460682, -0.00143563630991, 0.000561334658414, -0.000592820579186, 0.000639700039756, 0.000384419981856, -0.000177569207153, 0.001602481585, -0.000949691107962], [0.000123937817989, -0.000484979449539, 0.000277753890259, -0.00142295460682, 0.00479433452711, -0.00112956902012, -0.00153616408352, 0.00185334845446, -0.00209276285022, 0.000437927490566, 0.00111033429857, 0.000631210918073, -0.000202844894375], [-2.85029836959e-05, 0.000102655554656, -0.000181366951438, -0.00143563630991, -0.00112956902012, 0.00798653159291, -0.00366290146485, -0.00252096448094, 0.000535666709766, -0.0012389968615, 0.00166427588556, -0.00250599929132, 9.38060402405e-05], [7.56368244765e-05, 0.00011267096852, -0.000537186395377, 0.000561334658414, -0.00153616408352, -0.00366290146485, 0.0128807509318, -0.00604056520388, -0.00247759278864, 0.00563909485936, -0.00815338082612, 0.00311381393112, -0.000618859485257], [-8.81620435393e-05, -5.70618722122e-05, 0.000646650849376, -0.000592820579186, 0.00185334845446, -0.00252096448094, -0.00604056520388, 0.0185238402337, -0.00563291553408, -0.00799647346139, 0.00565320951864, -0.00449000950903, 0.00203219451942], [-3.26657864207e-05, -0.000127433071611, -0.00061665038811, 0.000639700039756, -0.00209276285022, 0.000535666709766, -0.00247759278864, -0.00563291553408, 0.0156979579479, -0.00465881312266, -0.0025936209131, 0.00567970657721, -0.00512928143144], [-5.00072019349e-05, 0.000846505688969, -0.000262778106844, 0.000384419981856, 0.000437927490566, -0.0012389968615, 0.00563909485936, -0.00799647346139, -0.00465881312266, 0.0194689556956, -0.00841667409986, -0.000665128172841, 0.00211374810897], [0.000146991296788, -0.000955049588811, 1.57478825713e-05, -0.000177569207153, 0.00111033429857, 0.00166427588556, -0.00815338082612, 0.00565320951864, -0.0025936209131, -0.00841667409986, 0.0259686242789, -0.0112880729139, 0.00028054145514], [-0.000315565266646, 0.000643117644358, 0.000173672102392, 0.001602481585, 0.000631210918073, -0.00250599929132, 0.00311381393112, -0.00449000950903, 0.00567970657721, -0.000665128172841, -0.0112880729139, 0.026435803622, -0.00990278366953], [2.98584418488e-05, -0.000478142086649, 0.000805717951152, -0.000949691107962, -0.000202844894375, 9.38060402405e-05, -0.000618859485257, 0.00203219451942, -0.00512928143144, 0.00211374810897, 0.00028054145514, -0.00990278366953, 0.0196052510291]]}, "melbands": {"dmean": [0.00676795560867, 0.00187442358583, 0.00124424614478, 0.000572708086111, 0.000388733606087, 0.000194888853002, 0.000139573778142, 5.84994522796e-05, 3.30693292199e-05, 3.05575304083e-05, 2.9062412068e-05, 2.46386480285e-05, 2.45547671511e-05, 2.21388745558e-05, 1.42193775901e-05, 1.0045039744e-05, 1.13511905511e-05, 1.00319821286e-05, 1.67635280377e-05, 1.94259864656e-05, 1.16242208605e-05, 9.83041627478e-06, 6.22382958682e-06, 5.55066753805e-06, 7.17710781828e-06, 8.65742185852e-06, 1.03630127342e-05, 8.13782025944e-06, 5.72395265408e-06, 5.34663013241e-06, 6.00445082455e-06, 5.6756180129e-06, 4.59682587461e-06, 5.31894511369e-06, 5.80441064812e-06, 4.47465981779e-06, 4.66312940262e-06, 3.76682737624e-06, 3.42583007296e-06, 2.91091669169e-06], "dmean2": [0.00996351987123, 0.00312938145362, 0.00234633032233, 0.00105306133628, 0.00073254306335, 0.000360708101653, 0.000259886379354, 0.000106987179606, 6.00136881985e-05, 5.48458701815e-05, 5.20892281202e-05, 4.44743964181e-05, 4.51909836556e-05, 3.93830887333e-05, 2.49582772085e-05, 1.7866745111e-05, 2.05328269658e-05, 1.79792386916e-05, 3.10574396281e-05, 3.59737277904e-05, 2.13801667996e-05, 1.79101989488e-05, 1.09087923192e-05, 9.76993214863e-06, 1.25906071844e-05, 1.55341022037e-05, 1.89901438716e-05, 1.48469325723e-05, 1.01226878542e-05, 9.06703553483e-06, 1.04304717752e-05, 9.70145538304e-06, 7.50314484321e-06, 8.57737722981e-06, 9.43199938774e-06, 7.41377789382e-06, 7.59302292863e-06, 6.1275736698e-06, 5.45255988982e-06, 4.75592969451e-06], "dvar": [0.00020643613243, 1.71188712557e-05, 2.04681236937e-05, 3.54943745151e-06, 1.71614601641e-06, 3.78931019895e-07, 1.90132183775e-07, 2.74840026293e-08, 7.563676796e-09, 5.49297496377e-09, 5.17214449047e-09, 3.36364758269e-09, 4.32650981708e-09, 2.42111375393e-09, 8.87674822536e-10, 7.41578909391e-10, 8.9423279892e-10, 5.87428716781e-10, 2.7081861198e-09, 3.2592215593e-09, 9.81730141625e-10, 7.53942852594e-10, 2.33267710703e-10, 1.70304867431e-10, 2.79504086542e-10, 4.24282553535e-10, 8.3514095639e-10, 5.07931474658e-10, 1.77707237814e-10, 1.43681552767e-10, 1.65992705692e-10, 1.30084346073e-10, 8.24354057238e-11, 1.49122048043e-10, 1.57376445209e-10, 8.85475651136e-11, 1.13904850829e-10, 6.60349691595e-11, 5.80958475771e-11, 4.36546666871e-11], "dvar2": [0.000460568495328, 4.12115332438e-05, 5.91797142988e-05, 1.00388933788e-05, 4.89818512506e-06, 1.07319499421e-06, 5.42019392924e-07, 7.7773492535e-08, 2.17454232398e-08, 1.53215520271e-08, 1.42226852518e-08, 9.30971655322e-09, 1.22041745598e-08, 6.71256294993e-09, 2.43149744783e-09, 2.08890726938e-09, 2.5540598525e-09, 1.64165425698e-09, 7.7583734992e-09, 9.27949006524e-09, 2.78906497897e-09, 2.12761763763e-09, 6.4279898071e-10, 4.71230499066e-10, 7.75978503675e-10, 1.18842014007e-09, 2.39124786638e-09, 1.44633838239e-09, 4.83220297109e-10, 3.66267072227e-10, 4.40775804744e-10, 3.36011246604e-10, 1.97125676893e-10, 3.61508878388e-10, 3.90347559831e-10, 2.19556053893e-10, 2.72084216268e-10, 1.60777224867e-10, 1.34385155781e-10, 1.03419592334e-10], "max": [0.100153468549, 0.0379557199776, 0.0356705673039, 0.0147680155933, 0.0100474404171, 0.00535023305565, 0.00373435812071, 0.00157448439859, 0.00153921858873, 0.000701362034306, 0.000620107864961, 0.000445461308118, 0.000672910071444, 0.000396585703129, 0.000312257558107, 0.000337020203006, 0.000345653796103, 0.000275789032457, 0.000564991030842, 0.000464163837023, 0.000299374485621, 0.000254610466072, 0.000151148909936, 0.000119311793242, 0.0001331595995, 0.00015281670494, 0.000234615625232, 0.000196645429241, 9.19248413993e-05, 0.000121623299492, 0.000117735566164, 8.74099205248e-05, 9.45495266933e-05, 0.000162586919032, 0.000132013490656, 9.86720770015e-05, 0.000116280818474, 7.11415341357e-05, 7.92543942225e-05, 6.66038831696e-05], "mean": [0.00787371955812, 0.00228393590078, 0.000773263105657, 0.000362729915651, 0.000228080520174, 0.000122222481878, 8.80465377122e-05, 4.1363760829e-05, 2.49123095273e-05, 2.28001390497e-05, 2.19136527448e-05, 1.84044311027e-05, 1.74336582859e-05, 1.84232485481e-05, 1.27816847453e-05, 8.03926104709e-06, 8.56924361869e-06, 7.22923323337e-06, 1.15644115795e-05, 1.30937933136e-05, 8.2946553448e-06, 7.07091476215e-06, 4.79388927488e-06, 4.32915521742e-06, 5.44591512153e-06, 6.14500277152e-06, 7.08483548806e-06, 5.8534242271e-06, 4.91266973768e-06, 4.52147378383e-06, 4.92544313602e-06, 5.00861733599e-06, 4.40661051471e-06, 5.00534997627e-06, 5.32280273546e-06, 4.02216574003e-06, 4.05573473472e-06, 3.48308867615e-06, 3.27802604261e-06, 2.68864346253e-06], "median": [0.00172604050022, 0.000525728391949, 5.29096687387e-05, 1.98797042685e-05, 5.0008384278e-06, 4.45360910817e-06, 4.6211098379e-06, 3.86247711504e-06, 2.38038319367e-06, 3.06754327539e-06, 2.43019894697e-06, 1.98143516172e-06, 1.94817675947e-06, 2.27431951316e-06, 1.91242043002e-06, 1.25652138649e-06, 1.16428748242e-06, 8.57529073528e-07, 7.61462047194e-07, 1.04394155187e-06, 1.06899483399e-06, 8.17749480575e-07, 5.41055953818e-07, 5.29359112988e-07, 6.77232208091e-07, 6.83571954596e-07, 6.58740646031e-07, 7.34154696147e-07, 6.9857952667e-07, 7.70496228597e-07, 8.17767272565e-07, 8.57464556248e-07, 7.64546825849e-07, 6.85917541432e-07, 6.79927495639e-07, 5.47676449969e-07, 4.69930142799e-07, 4.79848779378e-07, 4.8129447805e-07, 3.74738277742e-07], "min": [3.36391747003e-24, 1.46591182118e-23, 4.24706224178e-24, 3.56253805204e-24, 1.35829446986e-23, 1.43156513291e-23, 7.96399260031e-24, 6.17073071917e-24, 7.5061905846e-24, 9.87713491221e-24, 6.97941767109e-24, 9.1516353149e-24, 8.61799221176e-24, 9.36449838612e-24, 7.9671748652e-24, 7.45372186808e-24, 7.8262890407e-24, 6.83371427303e-24, 8.11930432419e-24, 9.71401188765e-24, 9.31380460663e-24, 6.97041045727e-24, 6.59569994957e-24, 7.06307400351e-24, 5.23839337023e-24, 6.68007966744e-24, 8.14278398018e-24, 5.51072195978e-24, 8.9416713075e-24, 8.43288994465e-24, 8.89904836393e-24, 9.64720720189e-24, 1.0091673524e-23, 8.8676438113e-24, 9.41188447183e-24, 8.09589093253e-24, 6.34544368815e-24, 5.82803179257e-24, 7.35872723787e-24, 1.11283006512e-23], "var": [0.000270368880592, 2.26240645134e-05, 1.14958875201e-05, 2.08482697417e-06, 9.72079305939e-07, 2.20860030709e-07, 1.08892741935e-07, 1.71826854967e-08, 5.90181903348e-09, 3.78087383623e-09, 3.58487350915e-09, 2.22081708579e-09, 2.6429709532e-09, 1.80677439676e-09, 7.5943529243e-10, 4.89220997046e-10, 5.75853864593e-10, 3.81830539409e-10, 1.6157706284e-09, 1.95112193069e-09, 5.9973320754e-10, 4.62627464115e-10, 1.61220620187e-10, 1.18554027706e-10, 1.884492562e-10, 2.68994632124e-10, 4.8921150464e-10, 3.04091946068e-10, 1.36720690325e-10, 1.22520965595e-10, 1.2659376325e-10, 1.10087043648e-10, 8.65649288362e-11, 1.56752263947e-10, 1.51106072099e-10, 8.44762038099e-11, 1.09880049504e-10, 6.54006085399e-11, 6.14170658775e-11, 4.32817739981e-11]}, "mfcc": {"mean": [-749.19934082, 70.4785995483, 34.2736549377, 25.4471321106, 16.5660610199, 21.6570224762, 14.8371076584, 14.4716129303, 10.6941251755, 8.92451190948, 6.19648933411, 7.39929628372, 7.763712883], "cov": [[20934.6660156, -388.848968506, 113.615592957, 365.999176025, -109.116271973, -53.3974876404, -222.176345825, -14.7014198303, 7.63119220734, 63.6111335754, -99.5545501709, -32.2098045349, 161.407943726], [-388.848968506, 2094.93017578, 94.1715011597, 55.6029243469, 146.007507324, 121.330154419, 120.650627136, 137.513092041, 61.7427062988, 34.8779411316, 32.5611991882, 50.5134811401, 43.0744400024], [113.615592957, 94.1715011597, 909.93371582, 254.156967163, 120.78591156, 135.971664429, 102.560791016, 76.317855835, 72.4648208618, 72.4060821533, 109.7840271, 55.4532775879, 33.9229278564], [365.999176025, 55.6029243469, 254.156967163, 424.761932373, 250.615570068, 188.594223022, 105.526092529, 100.526733398, 89.4208755493, 82.3426361084, 55.0564613342, 12.2688713074, -0.434415847063], [-109.116271973, 146.007507324, 120.78591156, 250.615570068, 313.773223877, 211.926528931, 106.43372345, 104.783508301, 101.52456665, 92.5687103271, 55.4612884521, 5.54154014587, -3.6425652504], [-53.3974876404, 121.330154419, 135.971664429, 188.594223022, 211.926528931, 255.945205688, 151.656890869, 142.416259766, 113.992347717, 93.4474258423, 74.3995437622, 38.4621772766, 24.5885734558], [-222.176345825, 120.650627136, 102.560791016, 105.526092529, 106.43372345, 151.656890869, 176.659408569, 129.367843628, 89.823387146, 66.1391067505, 70.9041061401, 59.640625, 29.5788726807], [-14.7014198303, 137.513092041, 76.317855835, 100.526733398, 104.783508301, 142.416259766, 129.367843628, 180.193450928, 117.794204712, 83.4361419678, 74.2158584595, 55.1680793762, 35.9160995483], [7.63119220734, 61.7427062988, 72.4648208618, 89.4208755493, 101.52456665, 113.992347717, 89.823387146, 117.794204712, 161.295608521, 121.624885559, 82.6702041626, 48.8677330017, 36.0303993225], [63.6111335754, 34.8779411316, 72.4060821533, 82.3426361084, 92.5687103271, 93.4474258423, 66.1391067505, 83.4361419678, 121.624885559, 145.224838257, 98.1406936646, 45.3710670471, 28.8675346375], [-99.5545501709, 32.5611991882, 109.7840271, 55.0564613342, 55.4612884521, 74.3995437622, 70.9041061401, 74.2158584595, 82.6702041626, 98.1406936646, 137.732818604, 77.5833587646, 37.246925354], [-32.2098045349, 50.5134811401, 55.4532775879, 12.2688713074, 5.54154014587, 38.4621772766, 59.640625, 55.1680793762, 48.8677330017, 45.3710670471, 77.5833587646, 94.5055923462, 50.3854293823], [161.407943726, 43.0744400024, 33.9229278564, -0.434415847063, -3.6425652504, 24.5885734558, 29.5788726807, 35.9160995483, 36.0303993225, 28.8675346375, 37.246925354, 50.3854293823, 73.6844024658]], "icov": [[5.42666166439e-05, 5.92645665165e-06, 3.72921272174e-06, -0.000116989234812, 0.000105174331111, -4.74399348604e-05, 0.000154630266479, -6.9356210588e-05, 6.31000002613e-05, -0.00012838494149, 0.000117780327855, 1.3264273548e-05, -0.000181144336239], [5.92645665165e-06, 0.000530151941348, -5.79004517931e-05, 0.000189617028809, -0.000433749286458, 0.00020650694205, -0.000139009818668, -0.000446761929197, 0.000229750643484, -1.12739389806e-05, 0.000264225178398, -0.000195082146092, -0.000220003901632], [3.72921272174e-06, -5.79004517931e-05, 0.00147225032561, -0.00100120971911, 0.000523439666722, -0.00032720863237, -0.000249437958701, 0.000453370972537, -0.000134951143991, 0.000542936264537, -0.00133760541212, 0.000411929329857, -0.000396057730541], [-0.000116989234812, 0.000189617028809, -0.00100120971911, 0.00551268132403, -0.00381344254129, -0.000132459259476, -0.000553763180505, -0.000450572522823, 0.000299448380247, -0.000314999808325, 0.000598796701524, -0.00031507719541, 0.000826210947707], [0.000105174331111, -0.000433749286458, 0.000523439666722, -0.00381344254129, 0.0111595569178, -0.00723443320021, 0.00143298134208, 0.00109059957322, -0.0010214659851, -0.00154550198931, -0.000479655427625, 0.00202559167519, 0.00158101436682], [-4.74399348604e-05, 0.00020650694205, -0.00032720863237, -0.000132459259476, -0.00723443320021, 0.016341144219, -0.00713996682316, -0.00331362849101, -7.51038824092e-05, -0.000342696119333, -0.000521115958691, 0.0020991761703, -0.00219730753452], [0.000154630266479, -0.000139009818668, -0.000249437958701, -0.000553763180505, 0.00143298134208, -0.00713996682316, 0.0175914373249, -0.00640516681597, -0.000165411343914, 0.00110769784078, 0.000412285386119, -0.00599708035588, 0.00190729345195], [-6.9356210588e-05, -0.000446761929197, 0.000453370972537, -0.000450572522823, 0.00109059957322, -0.00331362849101, -0.00640516681597, 0.017670430243, -0.00853032339364, 0.00273019145243, -0.00145614624489, -0.000371029018424, -0.000589183298871], [6.31000002613e-05, 0.000229750643484, -0.000134951143991, 0.000299448380247, -0.0010214659851, -7.51038824092e-05, -0.000165411343914, -0.00853032339364, 0.0248019080609, -0.0168200694025, 0.00359219498932, -0.00124614848755, -0.00251149339601], [-0.00012838494149, -1.12739389806e-05, 0.000542936264537, -0.000314999808325, -0.00154550198931, -0.000342696119333, 0.00110769784078, 0.00273019145243, -0.0168200694025, 0.0283189453185, -0.0141995083541, 0.00470712035894, -0.000612326199189], [0.000117780327855, 0.000264225178398, -0.00133760541212, 0.000598796701524, -0.000479655427625, -0.000521115958691, 0.000412285386119, -0.00145614624489, 0.00359219498932, -0.0141995083541, 0.0252955053002, -0.0158367212862, 0.0027502537705], [1.3264273548e-05, -0.000195082146092, 0.000411929329857, -0.00031507719541, 0.00202559167519, 0.0020991761703, -0.00599708035588, -0.000371029018424, -0.00124614848755, 0.00470712035894, -0.0158367212862, 0.031931374222, -0.0131827611476], [-0.000181144336239, -0.000220003901632, -0.000396057730541, 0.000826210947707, 0.00158101436682, -0.00219730753452, 0.00190729345195, -0.000589183298871, -0.00251149339601, -0.000612326199189, 0.0027502537705, -0.0131827611476, 0.023709077388]]}, "spectral_contrast_coeffs": {"dmean": [0.0636197328568, 0.0478295572102, 0.0376397445798, 0.0279780440032, 0.0203565098345, 0.020728552714], "dmean2": [0.105778470635, 0.0810016393661, 0.0618097446859, 0.0463620424271, 0.032623514533, 0.0334420464933], "dvar": [0.00374444806948, 0.00146418309305, 0.00104246952105, 0.000557232298888, 0.000300273561152, 0.000455298955785], "dvar2": [0.00960152689368, 0.00403381092474, 0.00265448098071, 0.001422658097, 0.000757132365834, 0.00109052914195], "max": [-0.313807040453, -0.596359908581, -0.595060408115, -0.654483139515, -0.696533679962, -0.63412630558], "mean": [-0.698412597179, -0.822980284691, -0.840517699718, -0.843294501305, -0.84547829628, -0.813316702843], "median": [-0.708447933197, -0.825584709644, -0.848097503185, -0.846533119678, -0.846449315548, -0.813008487225], "min": [-0.973038733006, -0.962916612625, -0.969261646271, -0.962041378021, -0.95761936903, -0.962205171585], "var": [0.00712270475924, 0.00305692153051, 0.00264665670693, 0.00159114191774, 0.00102376064751, 0.0013863844797]}, "spectral_contrast_valleys": {"dmean": [0.57845723629, 0.828448355198, 0.777739942074, 0.730931341648, 0.720367431641, 0.739633142948], "dmean2": [0.839350759983, 1.24262821674, 1.13001716137, 1.04860687256, 1.00224995613, 0.992303669453], "dvar": [0.312112718821, 0.674252986908, 0.626925826073, 0.583633840084, 0.718382239342, 0.708780527115], "dvar2": [0.529063642025, 1.27527582645, 1.19528579712, 1.11203622818, 1.44282019138, 1.38001644611], "max": [-5.39278411865, -4.45604038239, -5.2863202095, -5.63009738922, -5.12177944183, -7.20048332214], "mean": [-8.28378009796, -8.23752784729, -8.54576396942, -8.83510684967, -8.51458644867, -10.2361307144], "median"