{"lowlevel": {"average_loudness": 0.714724004269, "barkbands_crest": {"dmean": 1.69379353523, "dmean2": 2.7389652729, "dvar": 3.23804998398, "dvar2": 7.9692492485, "max": 25.4975776672, "mean": 11.7633829117, "median": 11.0134000778, "min": 3.26616096497, "var": 15.3658123016}, "barkbands_flatness_db": {"dmean": 0.0158197171986, "dmean2": 0.0265008956194, "dvar": 0.000272963021416, "dvar2": 0.000695502210874, "max": 0.479778200388, "mean": 0.399480879307, "median": 0.411309510469, "min": 0.0477497689426, "var": 0.00392154231668}, "barkbands_kurtosis": {"dmean": 1.38268578053, "dmean2": 2.18095636368, "dvar": 6.45255613327, "dvar2": 16.963098526, "max": 56.6133384705, "mean": 4.26179838181, "median": 2.84886074066, "min": -1.82574760914, "var": 35.0707435608}, "barkbands_skewness": {"dmean": 0.264800697565, "dmean2": 0.41445812583, "dvar": 0.110286556184, "dvar2": 0.249940857291, "max": 5.99305868149, "mean": 1.15026152134, "median": 1.16105389595, "min": -1.88749420643, "var": 1.03277218342}, "barkbands_spread": {"dmean": 0.730546116829, "dmean2": 1.12249433994, "dvar": 2.7174911499, "dvar2": 4.78091955185, "max": 103.792869568, "mean": 5.32473182678, "median": 3.60004878044, "min": 0.815824866295, "var": 91.9426651001}, "dissonance": {"dmean": 0.0408611819148, "dmean2": 0.0705730021, "dvar": 0.00172485248186, "dvar2": 0.00445849169046, "max": 0.499777495861, "mean": 0.313305795193, "median": 0.308922916651, "min": 0.122922673821, "var": 0.00513038411736}, "dynamic_complexity": 5.52875375748, "erbbands_crest": {"dmean": 1.61357069016, "dmean2": 2.53877401352, "dvar": 3.49676656723, "dvar2": 7.93333339691, "max": 29.2391281128, "mean": 14.0931520462, "median": 13.3950853348, "min": 2.51699376106, "var": 29.8568973541}, "erbbands_flatness_db": {"dmean": 0.0119009818882, "dmean2": 0.0196254309267, "dvar": 0.000175706387381, "dvar2": 0.000412988418248, "max": 0.508878946304, "mean": 0.389230787754, "median": 0.404829919338, "min": 0.0429050922394, "var": 0.00486030383036}, "erbbands_kurtosis": {"dmean": 0.875608861446, "dmean2": 1.31122899055, "dvar": 1.89353990555, "dvar2": 4.06156826019, "max": 28.7033672333, "mean": 2.39273047447, "median": 1.19265270233, "min": -1.59721243382, "var": 13.5176925659}, "erbbands_skewness": {"dmean": 0.230142787099, "dmean2": 0.355455577374, "dvar": 0.0644514337182, "dvar2": 0.153737589717, "max": 4.40417146683, "mean": 0.788193583488, "median": 0.721046984196, "min": -1.77213156223, "var": 0.545637845993}, "erbbands_spread": {"dmean": 1.54315066338, "dmean2": 2.42030572891, "dvar": 4.88407945633, "dvar2": 10.6556806564, "max": 122.093833923, "mean": 11.748884201, "median": 9.92602539062, "min": 1.60031712055, "var": 142.24079895}, "hfc": {"dmean": 2.34812617302, "dmean2": 3.07062530518, "dvar": 24.2208576202, "dvar2": 39.5387306213, "max": 116.691162109, "mean": 10.2101345062, "median": 6.99006652832, "min": 1.25818697502e-16, "var": 121.65372467}, "melbands_crest": {"dmean": 1.97270667553, "dmean2": 3.1857945919, "dvar": 4.06277608871, "dvar2": 10.9574136734, "max": 31.6749191284, "mean": 15.5678577423, "median": 14.7334403992, "min": 2.26869392395, "var": 21.943567276}, "melbands_flatness_db": {"dmean": 0.0186334550381, "dmean2": 0.031355150044, "dvar": 0.000350439688191, "dvar2": 0.000851116550621, "max": 0.637197196484, "mean": 0.524071335793, "median": 0.537432253361, "min": 0.00668567558751, "var": 0.0067877327092}, "melbands_kurtosis": {"dmean": 1.64904618263, "dmean2": 2.61960911751, "dvar": 9.66610240936, "dvar2": 24.5594177246, "max": 92.6061477661, "mean": 5.47535657883, "median": 3.07611703873, "min": -1.63236701488, "var": 76.8812103271}, "melbands_skewness": {"dmean": 0.291333436966, "dmean2": 0.458689659834, "dvar": 0.121008232236, "dvar2": 0.277743220329, "max": 7.93439292908, "mean": 1.35878443718, "median": 1.22903907299, "min": -1.4994584322, "var": 1.30423665047}, "melbands_spread": {"dmean": 1.13963758945, "dmean2": 1.7812564373, "dvar": 12.0992555618, "dvar2": 20.7151832581, "max": 160.173461914, "mean": 7.84864616394, "median": 5.61662340164, "min": 0.936876058578, "var": 220.699401855}, "pitch_salience": {"dmean": 0.0400268398225, "dmean2": 0.0657315552235, "dvar": 0.00202561542392, "dvar2": 0.00569358095527, "max": 0.962555408478, "mean": 0.461141318083, "median": 0.459660738707, "min": 0.134570851922, "var": 0.00820415280759}, "silence_rate_20dB": {"dmean": 0, "dmean2": 0, "dvar": 0, "dvar2": 0, "max": 1, "mean": 1, "median": 1, "min": 1, "var": 0}, "silence_rate_30dB": {"dmean": 0.00634249486029, "dmean2": 0.0126916971058, "dvar": 0.0063021807, "dvar2": 0.0157031156123, "max": 1, "mean": 0.993660867214, "median": 1, "min": 0, "var": 0.00629889406264}, "silence_rate_60dB": {"dmean": 0.00422832975164, "dmean2": 0.00846113171428, "dvar": 0.00421028118581, "dvar2": 0.00944722723216, "max": 1, "mean": 0.119915477931, "median": 0, "min": 0, "var": 0.105535782874}, "spectral_centroid": {"dmean": 34.6281089783, "dmean2": 51.5161590576, "dvar": 35522.5351562, "dvar2": 38652.3632812, "max": 10980.1132812, "mean": 461.196044922, "median": 400.863037109, "min": 168.796051025, "var": 222083.171875}, "spectral_complexity": {"dmean": 0.932346701622, "dmean2": 1.56002116203, "dvar": 1.12332201004, "dvar2": 2.5065703392, "max": 18, "mean": 8.42155265808, "median": 9, "min": 0, "var": 11.2031669617}, "spectral_decrease": {"dmean": 1.34811617425e-09, "dmean2": 1.90816673573e-09, "dvar": 4.29019499447e-18, "dvar2": 7.89887836381e-18, "max": 8.17225061711e-22, "mean": -6.34672270294e-09, "median": -5.21540854947e-09, "min": -4.46068852966e-08, "var": 2.59214796239e-17}, "spectral_energy": {"dmean": 0.00529141258448, "dmean2": 0.00746229337528, "dvar": 6.77393545629e-05, "dvar2": 0.000123740770505, "max": 0.178940966725, "mean": 0.0248800553381, "median": 0.020279891789, "min": 1.10472281096e-20, "var": 0.000406383653171}, "spectral_energyband_high": {"dmean": 3.97821047216e-08, "dmean2": 6.0234846444e-08, "dvar": 8.3547365803e-14, "dvar2": 1.65657282813e-13, "max": 8.74618126545e-06, "mean": 7.62048202319e-08, "median": 2.51897400716e-08, "min": 8.04625239018e-21, "var": 1.12509617779e-13}, "spectral_energyband_low": {"dmean": 0.00123716809321, "dmean2": 0.00194425904192, "dvar": 3.15371744364e-06, "dvar2": 7.57207135393e-06, "max": 0.0352313257754, "mean": 0.00446991203353, "median": 0.00299466075376, "min": 3.00259677179e-23, "var": 2.09781337617e-05}, "spectral_energyband_middle_high": {"dmean": 0.000296518555842, "dmean2": 0.000409736676374, "dvar": 8.10106939753e-07, "dvar2": 1.5007805132e-06, "max": 0.0244505014271, "mean": 0.00111388415098, "median": 0.000505164207425, "min": 1.51584674172e-21, "var": 4.17263572672e-06}, "spectral_energyband_middle_low": {"dmean": 0.00490292394534, "dmean2": 0.0069836396724, "dvar": 6.03354856139e-05, "dvar2": 0.000113079142466, "max": 0.160361081362, "mean": 0.0209266226739, "median": 0.0168173406273, "min": 3.00083874793e-22, "var": 0.000311412382871}, "spectral_entropy": {"dmean": 0.119467191398, "dmean2": 0.190804094076, "dvar": 0.0302589293569, "dvar2": 0.0717534124851, "max": 9.80468273163, "mean": 5.33845090866, "median": 5.23335981369, "min": 4.4847612381, "var": 0.372794747353}, "spectral_flux": {"dmean": 0.0168836265802, "dmean2": 0.027996039018, "dvar": 0.000615965866018, "dvar2": 0.00155998708215, "max": 0.229315876961, "mean": 0.0368309654295, "median": 0.029175715521, "min": 1.05105792125e-10, "var": 0.00105207960587}, "spectral_kurtosis": {"dmean": 38.0468673706, "dmean2": 65.8991775513, "dvar": 1240.5369873, "dvar2": 3527.12988281, "max": 327.872131348, "mean": 160.62461853, "median": 164.420547485, "min": -1.13015425205, "var": 3899.56567383}, "spectral_rms": {"dmean": 0.0004743320751, "dmean2": 0.000672745751217, "dvar": 3.75678439468e-07, "dvar2": 7.05086620201e-07, "max": 0.0132127422839, "mean": 0.00447248853743, "median": 0.00444806274027, "min": 3.2829535531e-12, "var": 4.27009490522e-06}, "spectral_rolloff": {"dmean": 59.2046928406, "dmean2": 104.12424469, "dvar": 172609, "dvar2": 334262.25, "max": 19035.3515625, "mean": 804.398986816, "median": 473.73046875, "min": 107.666015625, "var": 4568020}, "spectral_skewness": {"dmean": 1.69854557514, "dmean2": 2.96917176247, "dvar": 2.72427725792, "dvar2": 7.7467713356, "max": 14.6995029449, "mean": 9.26061725616, "median": 9.91835403442, "min": -0.0368913002312, "var": 7.38763618469}, "spectral_spread": {"dmean": 318235.84375, "dmean2": 544784.25, "dvar": 818773426176, "dvar2": 1336468701180.0, "max": 39337716, "mean": 1101527, "median": 690886.9375, "min": 235029.15625, "var": 3983726608380.0}, "spectral_strongpeak": {"dmean": 0.359206050634, "dmean2": 0.565527558327, "dvar": 0.330706477165, "dvar2": 0.68561655283, "max": 9.31982135773, "mean": 1.27080798149, "median": 0.877060174942, "min": 4.42700098802e-09, "var": 1.39123654366}, "zerocrossingrate": {"dmean": 0.00259909126908, "dmean2": 0.00328576355241, "dvar": 0.00012948505173, "dvar2": 0.00025293068029, "max": 0.52001953125, "mean": 0.0275601614267, "median": 0.01904296875, "min": 0.00390625, "var": 0.00306052644737}, "barkbands": {"dmean": [2.76131828514e-07, 6.55882395222e-05, 0.000690111948643, 0.00153703812975, 0.000591579824686, 0.00170528597664, 0.00128540513106, 0.000558732135687, 0.00106352905277, 4.72356659884e-05, 4.9684302212e-05, 9.78113894234e-05, 8.17942564026e-05, 2.16370935959e-05, 7.25962236174e-05, 1.97770805244e-05, 3.96711448047e-06, 5.12010331022e-07, 1.93265421444e-07, 8.42225844622e-08, 2.37008102033e-08, 1.87851179057e-09, 1.34383271178e-09, 1.26108024023e-09, 1.27162025354e-09, 1.28595312177e-09, 1.42098166567e-09], "dmean2": [4.82334144181e-07, 0.000105347491626, 0.00104917248245, 0.00253190542571, 0.000939762569033, 0.00267182872631, 0.0018092704704, 0.000786444928963, 0.00120359717403, 6.25230750302e-05, 6.9631045335e-05, 0.000139828916872, 0.000109150125354, 3.24449392792e-05, 0.000116122522741, 2.66264851234e-05, 5.10000154463e-06, 6.38226651972e-07, 2.95384523952e-07, 1.14983400579e-07, 3.38298171698e-08, 3.26322657784e-09, 2.44007614114e-09, 2.28519558831e-09, 2.30123031741e-09, 2.30953522973e-09, 2.54352650053e-09], "dvar": [2.23225477274e-13, 4.70158703081e-08, 1.48661422372e-06, 5.36351035407e-06, 7.81022777119e-07, 1.41962482303e-05, 1.27268913275e-05, 5.01460408486e-06, 1.96379623958e-05, 1.64287961013e-08, 1.58606798806e-08, 6.33895567148e-08, 3.60618201967e-07, 6.87245282904e-09, 7.25551672076e-08, 1.44347547248e-08, 5.55284540571e-10, 4.24482237554e-12, 1.70376256506e-12, 2.15842101137e-13, 5.0715382821e-14, 1.38587758886e-17, 3.03399633004e-18, 2.67826978915e-18, 2.49703720528e-18, 2.37677279563e-18, 2.73986165756e-18], "dvar2": [6.064936422e-13, 9.61868309446e-08, 3.26654730998e-06, 1.51101103256e-05, 2.01812099476e-06, 3.34033757099e-05, 2.78894513031e-05, 8.64052890392e-06, 2.87638049485e-05, 3.01179134965e-08, 3.60864795823e-08, 1.35540005886e-07, 6.29649491657e-07, 1.58702331277e-08, 1.72009748667e-07, 2.36466153325e-08, 8.8658769215e-10, 7.41836279905e-12, 3.89644306403e-12, 4.35644711494e-13, 1.02417606459e-13, 3.3629282575e-17, 9.66707287609e-18, 8.62472686978e-18, 8.0877642295e-18, 7.6016301835e-18, 8.82051224896e-18], "max": [7.84131862019e-06, 0.00911052897573, 0.0290589053184, 0.0258995890617, 0.0161269400269, 0.0670695155859, 0.0561518669128, 0.0437938161194, 0.116571880877, 0.0037202804815, 0.00170994456857, 0.00666427705437, 0.0190262701362, 0.00210590381175, 0.00603832118213, 0.00449947593734, 0.00066279550083, 4.91853788844e-05, 3.60973426723e-05, 1.27619387058e-05, 6.86322619003e-06, 7.85830422956e-08, 1.77268280055e-08, 1.65485296577e-08, 1.57418469371e-08, 1.81442150193e-08, 1.92321323311e-08], "mean": [3.1634476727e-07, 0.000259303487837, 0.00260185962543, 0.00332270306535, 0.00276761502028, 0.00434388546273, 0.00537928566337, 0.00166682270356, 0.00336353201419, 0.000167552701896, 0.000103598780697, 0.000364776642527, 0.000283737841528, 5.5100350437e-05, 0.000136597751407, 5.22287809872e-05, 9.02782994672e-06, 1.51745166477e-06, 4.04189592018e-07, 1.8485022224e-07, 3.35271721497e-08, 2.89871837644e-09, 2.21984586268e-09, 2.48554155036e-09, 3.13436321342e-09, 4.04346289784e-09, 5.05318986654e-09], "median": [1.54588022383e-07, 2.46614818025e-05, 0.0011551969219, 0.00238285306841, 0.00227307341993, 0.00271880207583, 0.00111481756903, 0.000102417594462, 0.000600933795795, 6.4141684561e-05, 4.54405599157e-05, 0.000135889858939, 3.53519499185e-05, 1.1714692846e-05, 1.17276304081e-05, 4.35915035268e-06, 6.69583016588e-07, 1.56741805313e-07, 4.96482890355e-08, 1.43496912131e-08, 3.38943362266e-09, 1.72369341023e-09, 1.63096935957e-09, 1.98455851752e-09, 2.69820921162e-09, 3.6597607167e-09, 4.70064387414e-09], "min": [3.58817208715e-24, 2.32246014751e-23, 2.48497929905e-24, 3.48861744648e-24, 2.91047675072e-23, 4.59545997844e-23, 5.70166952842e-23, 5.96084630784e-23, 9.59426201337e-23, 4.69970005846e-23, 4.33726264872e-23, 6.98387583961e-23, 3.0571537609e-23, 1.67936281466e-22, 1.94903068681e-22, 1.47931147562e-22, 2.37918656723e-22, 2.6811572206e-22, 1.58652928468e-22, 3.48283755729e-22, 5.31900963782e-22, 5.24600075037e-22, 6.29727793965e-22, 9.35249154449e-22, 1.0053924952e-21, 1.80587159237e-21, 2.62969400511e-21], "var": [2.75435192232e-13, 6.69640598971e-07, 1.45752728713e-05, 1.18782963909e-05, 5.85892803429e-06, 3.17333178828e-05, 8.86315028765e-05, 2.4674774977e-05, 7.82297938713e-05, 9.28530425881e-08, 3.30488170164e-08, 4.1716188548e-07, 1.7655230522e-06, 1.61917981245e-08, 1.65613499803e-07, 7.59239426884e-08, 1.66800184775e-09, 1.92419621903e-11, 4.2755512672e-12, 6.99867193279e-13, 6.45042287813e-14, 1.91761790706e-17, 2.81882245768e-18, 2.39096390622e-18, 2.2282119848e-18, 2.19912045625e-18, 2.51535760149e-18]}, "erbbands": {"dmean": [0.000629881338682, 0.0265743155032, 0.527965009212, 2.87202358246, 4.29076528549, 1.3193166256, 3.65690159798, 18.5344810486, 20.4158267975, 11.892493248, 20.3306617737, 17.8822021484, 8.88418102264, 2.37454843521, 1.70996844769, 2.95741343498, 3.61409211159, 1.54805183411, 1.98420441151, 2.97461652756, 0.924686729908, 0.191871359944, 0.0389229692519, 0.015809321776, 0.00521833403036, 0.00367880077101, 0.000789391051512, 0.00119145866483, 0.000130098604131, 5.1298080507e-05, 3.76383723051e-05, 2.84601410385e-05, 2.10528978641e-05, 1.48689896378e-05, 9.9878589026e-06, 6.00738121648e-06, 3.06895731228e-06, 1.01369118966e-06, 2.50745824815e-06, 5.91841944697e-06], "dmean2": [0.0010374202393, 0.0421680025756, 0.804036676884, 4.68385744095, 6.95294713974, 2.08084321022, 5.91471481323, 28.9537811279, 29.1365089417, 17.5472164154, 26.702085495, 20.3523864746, 9.83874416351, 3.18866062164, 2.76367235184, 4.0985159874, 4.77547168732, 2.16041612625, 3.09389734268, 4.65470027924, 1.22760021687, 0.264304846525, 0.0500352680683, 0.0220342446119, 0.00802602618933, 0.00503199733794, 0.0011016537901, 0.00172666134313, 0.000206488897675, 8.98698126548e-05, 6.78655705997e-05, 5.08401208208e-05, 3.75553136109e-05, 2.6190704375e-05, 1.72409836523e-05, 1.00948464024e-05, 4.96812663187e-06, 1.71841747942e-06, 3.50014852302e-06, 8.31021134218e-06], "dvar": [1.88520982647e-06, 0.00496919406578, 0.857987344265, 14.698600769, 42.7731323242, 4.28587722778, 93.4963912964, 1766.5378418, 1863.56640625, 1908.78088379, 8467.74316406, 5542.54443359, 1325.27075195, 24.1063842773, 18.513299942, 62.9459266663, 611.435302734, 64.023979187, 40.6847305298, 105.707290649, 20.5912532806, 0.77530837059, 0.0242554172873, 0.00811338797212, 0.000798762019258, 0.000448561040685, 1.95806514967e-05, 0.000194579013623, 8.56218150602e-07, 5.74102898554e-09, 2.3262891613e-09, 1.31148414351e-09, 6.89833579148e-10, 3.25389715172e-10, 1.39070907568e-10, 4.81071571468e-11, 1.26232774234e-11, 1.28156578232e-12, 1.5787924787e-11, 8.71566499527e-11], "dvar2": [4.19840716859e-06, 0.0104720406234, 1.85439896584, 40.1501426697, 113.731452942, 9.99315834045, 200.233230591, 4181.25439453, 3895.19018555, 4714.06201172, 12961.6953125, 8052.52978516, 1818.32995605, 51.7694015503, 47.3948478699, 128.637023926, 1100.55126953, 109.772224426, 97.8777236938, 244.90423584, 33.5125350952, 1.61787116528, 0.0459834188223, 0.0171130374074, 0.00208010594361, 0.000956013682298, 3.55411211785e-05, 0.000393733993405, 1.63645256634e-06, 1.46469467666e-08, 7.18911330466e-09, 4.09422540315e-09, 2.13062967269e-09, 9.78610081859e-10, 3.98703320359e-10, 1.22417354032e-10, 2.9705935628e-11, 3.45843492733e-12, 2.77891216982e-11, 1.57651169896e-10], "max": [0.0483549162745, 2.64804291725, 21.9137611389, 47.7846565247, 76.7559661865, 46.8331451416, 233.340957642, 748.153320312, 818.078796387, 710.341796875, 2325.03710938, 1691.28564453, 1564.97155762, 73.0584335327, 86.6447677612, 232.985107422, 770.390625, 257.446685791, 127.020706177, 208.034103394, 164.486495972, 17.8952178955, 3.24396538734, 2.59838485718, 0.542561650276, 0.575124263763, 0.0990084782243, 0.425548881292, 0.0283209271729, 0.00174159638118, 0.000528104836121, 0.000404899241403, 0.000317842699587, 0.000248288037255, 0.00018863369769, 0.000131062639412, 7.51809566282e-05, 2.08789242606e-05, 8.91117524588e-05, 0.000205123709748], "mean": [0.00219481089152, 0.113825134933, 2.04430627823, 8.13436603546, 12.4638347626, 5.974796772, 13.7470178604, 47.0349655151, 79.0478210449, 46.2964897156, 59.2194595337, 54.8133659363, 33.3522224426, 6.4483499527, 5.19374656677, 11.710486412, 13.5207262039, 4.80717515945, 4.4114985466, 5.87016296387, 2.55860233307, 0.4666005373, 0.118452951312, 0.0426674187183, 0.011068964377, 0.00778119731694, 0.00155409914441, 0.00159133318812, 0.000203985910048, 9.36518481467e-05, 7.63326170272e-05, 6.63600731059e-05, 5.65774935239e-05, 4.77383800899e-05, 3.77396099793e-05, 2.6549132599e-05, 1.49875413626e-05, 4.34218964074e-06, 1.24872813103e-05, 2.78631832771e-05], "median": [0.000851656950545, 0.0271486248821, 0.950963318348, 6.09108304977, 8.24173641205, 3.92934656143, 6.07482719421, 30.5132026672, 27.933588028, 13.0350933075, 5.32943153381, 11.235534668, 10.3676738739, 3.62607598305, 2.59337520599, 4.32446479797, 2.01003479958, 1.01222372055, 1.05107045174, 0.839857935905, 0.415106743574, 0.0779968574643, 0.0179980769753, 0.00607088953257, 0.00247141066939, 0.000689146341756, 0.000243502057856, 0.000124734418932, 7.68819882069e-05, 6.53485622024e-05, 5.94235061726e-05, 5.41557892575e-05, 4.7823505156e-05, 4.16594994022e-05, 3.33866155415e-05, 2.34843282669e-05, 1.32730410769e-05, 3.87401632906e-06, 1.02480016722e-05, 2.26147967624e-05], "min": [7.27924189705e-22, 4.84212426271e-21, 4.88270094526e-21, 8.86166021929e-21, 6.949061608e-20, 8.51865943854e-20, 1.62976229541e-19, 5.02061977379e-19, 6.6345504785e-19, 1.02009836335e-18, 1.99385600083e-18, 2.13991893301e-18, 8.92318397455e-19, 1.91711121758e-18, 1.75325170131e-18, 3.02488534918e-18, 1.71517109765e-18, 4.14442054153e-18, 1.45065890028e-17, 7.74934809729e-18, 8.6032011487e-18, 1.30438673276e-17, 1.19170620449e-17, 1.25005271248e-17, 1.00882558732e-17, 1.71467642296e-17, 2.31416878903e-17, 1.94136775137e-17, 1.68573089178e-17, 1.79434268406e-17, 1.99703998445e-17, 1.65671769724e-17, 1.64418227136e-17, 1.04596839565e-17, 7.8757024174e-18, 6.84607431301e-18, 3.20931229779e-18, 1.40752101774e-18, 3.56039421953e-19, 3.89808992913e-20], "var": [2.00940958166e-05, 0.0618400797248, 8.69025230408, 55.1931266785, 172.579818726, 45.9939231873, 567.407531738, 3469.9230957, 16915.1269531, 7133.18896484, 30347.890625, 21602.2519531, 8231.60449219, 72.6182022095, 70.5144042969, 436.359283447, 2934.20556641, 320.449554443, 88.0052108765, 254.385452271, 105.631523132, 1.78520941734, 0.0878363400698, 0.025835622102, 0.00130738294683, 0.00108245387673, 3.94941707782e-05, 0.000242724374402, 1.15582201943e-06, 9.05212882429e-09, 2.84213697022e-09, 1.68733960138e-09, 1.01764530136e-09, 5.93141924465e-10, 3.43450212714e-10, 1.68687383506e-10, 5.53897344657e-11, 3.51960756546e-12, 9.54104711903e-11, 5.19452703074e-10]}, "gfcc": {"mean": [-226.610031128, 248.000442505, -85.7356414795, -66.3130187988, -19.8484668732, -20.184179306, -42.7208824158, -17.4118614197, -11.6234197617, -15.2865962982, -14.193066597, -17.6561412811, -8.45480632782], "cov": [[10938.8427734, 4754.82568359, -2711.9987793, -1874.24133301, 765.989379883, -1186.97631836, -397.514251709, -117.29574585, 348.564331055, -388.235687256, -149.521865845, -675.366394043, 47.5935783386], [4754.82568359, 2849.73046875, -609.532653809, -994.050354004, 307.122467041, -286.720611572, -134.404891968, -97.4084320068, 163.615905762, -229.633743286, -28.2814064026, -228.602035522, 41.9430236816], [-2711.9987793, -609.532653809, 1375.83081055, 484.445861816, -257.185302734, 558.150756836, 203.053878784, -2.10289049149, -88.1640014648, 95.913269043, 99.9749603271, 247.598602295, -4.09354925156], [-1874.24133301, -994.050354004, 484.445861816, 569.532226562, -61.9554405212, 192.758407593, 120.233016968, 61.9843788147, -63.692741394, 125.677337646, 54.7243919373, 115.023170471, -31.7850646973], [765.989379883, 307.122467041, -257.185302734, -61.9554405212, 213.554916382, -77.1848983765, -64.6613006592, 7.75697517395, 32.7706222534, -56.7555923462, 7.38004636765, -16.0999794006, -8.60398483276], [-1186.97631836, -286.720611572, 558.150756836, 192.758407593, -77.1848983765, 346.872619629, 120.989707947, -24.8451461792, -44.6488609314, 38.5946311951, 19.4469146729, 118.460800171, 16.7880420685], [-397.514251709, -134.404891968, 203.053878784, 120.233016968, -64.6613006592, 120.989707947, 182.434509277, 44.7620277405, -25.7119636536, 77.0159912109, 4.3783121109, -44.8083877563, -2.91141843796], [-117.29574585, -97.4084320068, -2.10289049149, 61.9843788147, 7.75697517395, -24.8451461792, 44.7620277405, 87.8483581543, 31.5356502533, 23.5790805817, 8.03111934662, -29.018327713, -23.8586463928], [348.564331055, 163.615905762, -88.1640014648, -63.692741394, 32.7706222534, -44.6488609314, -25.7119636536, 31.5356502533, 102.280754089, 35.2063522339, -7.96126890182, -20.9918060303, 5.32997655869], [-388.235687256, -229.633743286, 95.913269043, 125.677337646, -56.7555923462, 38.5946311951, 77.0159912109, 23.5790805817, 35.2063522339, 148.159576416, 33.1445007324, -24.9714202881, -1.63819539547], [-149.521865845, -28.2814064026, 99.9749603271, 54.7243919373, 7.38004636765, 19.4469146729, 4.3783121109, 8.03111934662, -7.96126890182, 33.1445007324, 90.4429168701, 56.6176376343, -29.0287857056], [-675.366394043, -228.602035522, 247.598602295, 115.023170471, -16.0999794006, 118.460800171, -44.8083877563, -29.018327713, -20.9918060303, -24.9714202881, 56.6176376343, 189.751586914, 17.051279068], [47.5935783386, 41.9430236816, -4.09354925156, -31.7850646973, -8.60398483276, 16.7880420685, -2.91141843796, -23.8586463928, 5.32997655869, -1.63819539547, -29.0287857056, 17.051279068, 70.1470489502]], "icov": [[0.0023448811844, -0.00419927295297, 0.00484452024102, -0.00459763361141, 0.00329307792708, -0.000733923108783, -0.000984866637737, 0.00279743853025, -0.00361862313002, 0.00391377415508, -0.00363401207142, 0.00197492307052, -0.00100806273986], [-0.00419927295297, 0.0102618653327, -0.0111277364194, 0.012372655794, -0.0100314887241, 0.00481807906181, -0.00294947321527, 0.000296927901218, 0.00159887829795, -0.00343924039043, 0.00362956454046, -0.00151588313747, 0.000933927309234], [0.00484452024102, -0.0111277364194, 0.0176263041794, -0.0186179131269, 0.0176544263959, -0.0126352235675, 0.00305345281959, 0.00398212950677, -0.0112977605313, 0.0157244205475, -0.0172902829945, 0.00931721646339, -0.00556469941512], [-0.00459763361141, 0.012372655794, -0.0186179131269, 0.030037054792, -0.0243598297238, 0.01403770037, -0.00460202759132, -0.0116570359096, 0.0226971786469, -0.0299763344228, 0.0281945150346, -0.0199828688055, 0.0118424715474], [0.00329307792708, -0.0100314887241, 0.0176544263959, -0.0243598297238, 0.0293917749077, -0.0171808972955, 0.00779253384098, 0.0045699942857, -0.0187106132507, 0.0269024726003, -0.0280737373978, 0.0179212260991, -0.0105731375515], [-0.000733923108783, 0.00481807906181, -0.0126352235675, 0.01403770037, -0.0171808972955, 0.0261677708477, -0.017810722813, 0.00879116728902, 0.00405048811808, -0.012084200047, 0.0203304700553, -0.0175208188593, 0.00920364446938], [-0.000984866637737, -0.00294947321527, 0.00305345281959, -0.00460202759132, 0.00779253384098, -0.017810722813, 0.032493442297, -0.026066781953, 0.0206557810307, -0.014382709749, 0.0015822048299, 0.0075710923411, -0.00486519560218], [0.00279743853025, 0.000296927901218, 0.00398212950677, -0.0116570359096, 0.0045699942857, 0.00879116728902, -0.026066781953, 0.0526554174721, -0.0465652048588, 0.0407108925283, -0.0304656066, 0.0186819136143, -0.00450096838176], [-0.00361862313002, 0.00159887829795, -0.0112977605313, 0.0226971786469, -0.0187106132507, 0.00405048811808, 0.0206557810307, -0.0465652048588, 0.0697833821177, -0.0649084374309, 0.0542828515172, -0.0348761156201, 0.0170026421547], [0.00391377415508, -0.00343924039043, 0.0157244205475, -0.0299763344228, 0.0269024726003, -0.012084200047, -0.014382709749, 0.0407108925283, -0.0649084374309, 0.0797502845526, -0.0689693763852, 0.0464017055929, -0.0268489830196], [-0.00363401207142, 0.00362956454046, -0.0172902829945, 0.0281945150346, -0.0280737373978, 0.0203304700553, 0.0015822048299, -0.0304656066, 0.0542828515172, -0.0689693763852, 0.0838675200939, -0.0537352412939, 0.035489808768], [0.00197492307052, -0.00151588313747, 0.00931721646339, -0.0199828688055, 0.0179212260991, -0.0175208188593, 0.0075710923411, 0.0186819136143, -0.0348761156201, 0.0464017055929, -0.0537352412939, 0.0481585748494, -0.0260945763439], [-0.00100806273986, 0.000933927309234, -0.00556469941512, 0.0118424715474, -0.0105731375515, 0.00920364446938, -0.00486519560218, -0.00450096838176, 0.0170026421547, -0.0268489830196, 0.035489808768, -0.0260945763439, 0.0333010517061]]}, "melbands": {"dmean": [1.0979466424e-05, 0.000196482957108, 0.000575779296923, 0.000176255052793, 0.000106629071524, 0.000393765745685, 0.000311468116706, 0.000120249627798, 0.000188163656276, 0.00011818214989, 4.35134934378e-05, 8.72166128829e-06, 5.08472612637e-06, 9.80416734819e-06, 8.05189665698e-06, 9.74344129645e-06, 1.72904447027e-06, 1.82301153018e-06, 7.92946411821e-06, 1.61329091952e-06, 8.67377480063e-07, 2.17822233139e-07, 4.71752272801e-08, 2.96785636067e-08, 1.16375655779e-08, 4.55146675904e-09, 4.14487777434e-09, 1.7795960261e-09, 5.49012058038e-10, 4.04039107726e-10, 6.82117140549e-10, 4.12905508396e-11, 3.32780886181e-11, 2.61644178545e-11, 2.23469489441e-11, 1.94115626351e-11, 1.69149503432e-11, 1.52379255047e-11, 1.35507256457e-11, 1.22441692202e-11], "dmean2": [1.77178226295e-05, 0.000299183448078, 0.000940716301557, 0.000287908973405, 0.00017158058472, 0.000612089002971, 0.000445324956672, 0.000178511283593, 0.00024030978966, 0.000131073786179, 4.88780824526e-05, 1.19202659334e-05, 7.7703361967e-06, 1.55108318722e-05, 9.87544808595e-06, 1.2881809198e-05, 2.57137071458e-06, 2.74744274975e-06, 1.26423801703e-05, 2.23430697588e-06, 1.1095858099e-06, 2.9837391935e-07, 7.03727636164e-08, 3.4671632676e-08, 1.72487748529e-08, 7.49037365466e-09, 5.94555205069e-09, 2.42887421287e-09, 7.89009857449e-10, 5.86815429582e-10, 9.90424187108e-10, 7.14111131339e-11, 5.82568646101e-11, 4.73258689182e-11, 4.04772673712e-11, 3.51268944487e-11, 3.05214499507e-11, 2.75854391413e-11, 2.44367200086e-11, 2.20975304027e-11], "dvar": [1.16185217003e-09, 1.25719310518e-07, 6.3625373059e-07, 6.60723955548e-08, 6.88420200845e-08, 7.49063133298e-07, 4.5406639515e-07, 1.85323514756e-07, 9.19559511203e-07, 2.14348659711e-07, 3.32478720111e-08, 3.28097826685e-10, 1.40899958367e-10, 9.07339980927e-10, 9.44835876204e-10, 6.7816214866e-09, 2.85017998786e-11, 7.59023746633e-11, 8.87794282534e-10, 1.03087836878e-10, 1.38978108535e-11, 1.46477101282e-12, 4.55999204596e-14, 1.68633282251e-14, 6.57846020903e-15, 7.10689547746e-16, 6.15677015019e-16, 1.25998930231e-16, 9.70232979534e-18, 1.30290475598e-17, 6.81759878586e-17, 8.34943508731e-21, 3.93707679316e-21, 1.13948420783e-21, 7.94730232304e-22, 5.92897456022e-22, 4.51626680015e-22, 3.44701367965e-22, 2.7127108995e-22, 2.08385496723e-22], "dvar2": [2.40092656867e-09, 2.7178495543e-07, 1.76484002168e-06, 1.78367500325e-07, 1.47217605218e-07, 1.76726712198e-06, 9.77279000836e-07, 4.32734339029e-07, 1.37253209687e-06, 3.11643447048e-07, 4.62733424911e-08, 7.23918813783e-10, 3.50603629462e-10, 2.25537855059e-09, 1.65365232618e-09, 1.16824114826e-08, 5.80664301364e-11, 1.81705345215e-10, 2.10331685402e-09, 1.70748998274e-10, 2.25968289219e-11, 2.73167989964e-12, 1.15248807134e-13, 2.65344116037e-14, 1.39476324506e-14, 1.96022588115e-15, 1.28109106355e-15, 2.7279220168e-16, 1.77103008742e-17, 2.67605203521e-17, 1.37638049664e-16, 2.06407460694e-20, 9.45787326401e-21, 3.55355094786e-21, 2.54693636197e-21, 1.88608387798e-21, 1.45536441009e-21, 1.11252672286e-21, 8.72338898274e-22, 6.68002163883e-22], "max": [0.00140599219594, 0.00821666512638, 0.00904778577387, 0.00401713326573, 0.00608525425196, 0.0153870657086, 0.0116604622453, 0.00643251044676, 0.0257129184902, 0.00921725388616, 0.00789627153426, 0.000262841844233, 0.000175746608875, 0.000673802918755, 0.000995325273834, 0.00263974023983, 0.000121983299323, 0.000232525548199, 0.000661067431793, 0.000378920405637, 0.000122248384287, 2.96925682051e-05, 4.40722169515e-06, 3.92447964259e-06, 2.54152973866e-06, 4.31362053632e-07, 7.48842751364e-07, 3.68019414054e-07, 6.41319104489e-08, 1.11649562484e-07, 2.50626754905e-07, 2.32825980717e-09, 1.93536697779e-09, 3.23990001494e-10, 2.95981877896e-10, 2.44010339712e-10, 2.18234513794e-10, 1.88253607147e-10, 1.63662972064e-10, 1.46431408665e-10], "mean": [4.0772221837e-05, 0.000772002385929, 0.00162790459581, 0.000596602680162, 0.000419897434767, 0.00103907589801, 0.00120908056851, 0.000448104343377, 0.000530043791514, 0.000371229165467, 0.000161151387147, 2.17916185647e-05, 1.37186107168e-05, 3.24655011354e-05, 3.305077189e-05, 3.24007196468e-05, 4.8135148063e-06, 4.55466215499e-06, 1.48608960444e-05, 3.9408378143e-06, 2.45437263402e-06, 4.73798820622e-07, 1.10071873394e-07, 9.62045660913e-08, 2.69519464524e-08, 7.20882331606e-09, 9.31305343954e-09, 3.5498552986e-09, 1.0237903858e-09, 5.77412839764e-10, 8.83505879568e-10, 6.12498801678e-11, 4.96696607455e-11, 4.04373964868e-11, 3.59358237612e-11, 3.38781225295e-11, 3.09759023986e-11, 2.90655399054e-11, 2.80766087463e-11, 2.7368258701e-11], "median": [5.26858730154e-06, 0.000367069093045, 0.0013566421112, 0.000408432882978, 0.000204831667361, 0.000691592867952, 0.00044366545626, 7.43528435123e-05, 2.383415449e-05, 7.23068442312e-05, 4.82432224089e-05, 1.05438821265e-05, 7.23608172848e-06, 1.2757962395e-05, 4.68174948764e-06, 2.61652348854e-06, 1.27209671064e-06, 7.16971385373e-07, 1.17302909075e-06, 2.40390392037e-07, 3.91355797547e-07, 3.53334677072e-08, 1.83212840454e-08, 7.91493803831e-09, 3.14075676577e-09, 1.42371037182e-09, 8.02759636542e-10, 2.39350012032e-10, 1.15943907253e-10, 7.81296694008e-11, 5.47502911064e-11, 3.58956406266e-11, 3.19210421984e-11, 2.8607101063e-11, 2.68554484206e-11, 2.63994607425e-11, 2.44589938581e-11, 2.37833815142e-11, 2.35026425405e-11, 2.35132521093e-11], "min": [6.76417933968e-24, 4.03454981923e-24, 2.75263191559e-24, 6.47366750627e-24, 5.15430198102e-24, 1.07248858617e-23, 1.00549394271e-23, 1.00859803148e-23, 1.95075646204e-23, 1.19307646739e-23, 4.37640348137e-24, 7.91099140267e-24, 5.91715848093e-24, 7.09202046556e-24, 6.29396854193e-24, 3.0548202709e-24, 8.06724739306e-24, 2.65381233551e-23, 1.22303503798e-23, 9.75803979249e-24, 1.06656881617e-23, 1.39000320726e-23, 1.1315684304e-23, 1.1993727607e-23, 9.89848227717e-24, 6.43360323305e-24, 9.14834339834e-24, 1.13255206107e-23, 1.5576509802e-23, 1.11304305756e-23, 1.13825733979e-23, 8.99483737707e-24, 1.05873164085e-23, 9.80365646319e-24, 1.37231741908e-23, 7.62515869772e-24, 1.07318325709e-23, 1.11239019628e-23, 1.02882742277e-23, 8.52116742425e-24], "var": [1.60560134077e-08, 1.26108977838e-06, 1.93640335056e-06, 3.49828553681e-07, 4.23839850328e-07, 1.56133228302e-06, 3.47255468114e-06, 7.792600627e-07, 3.14435396831e-06, 9.07218577595e-07, 2.05209843784e-07, 8.84446682559e-10, 4.06542188802e-10, 3.62553165267e-09, 7.19205406341e-09, 3.35133165663e-08, 1.08110312369e-10, 1.59058419213e-10, 2.0192771899e-09, 5.38606104161e-10, 6.72577202265e-11, 3.75694484203e-12, 8.32071702663e-14, 9.3173752947e-14, 2.01472529388e-14, 6.15995658226e-16, 2.17159638863e-15, 2.29728755474e-16, 2.06218194661e-17, 1.61980112281e-17, 8.49624338677e-17, 1.08025603629e-20, 5.40828819453e-21, 1.16128504158e-21, 7.43438218568e-22, 5.52387214485e-22, 4.15522598976e-22, 3.18957592831e-22, 2.49940038638e-22, 1.95981132305e-22]}, "mfcc": {"mean": [-848.889526367, 256.275360107, 25.3171787262, -26.8722553253, 6.53294420242, -1.83363306522, -18.3578529358, -12.225481987, -5.66130781174, -8.36173629761, -10.3608970642, -6.19919347763, -3.12932491302], "cov": [[5512.54101562, 3759.53857422, -1271.33605957, -956.041503906, 194.884490967, -423.819458008, -667.694946289, -265.747924805, -58.9833068848, -90.9717712402, -157.806381226, -150.665206909, -164.147415161], [3759.53857422, 2906.16308594, -431.311676025, -694.694580078, 43.4200439453, -175.732009888, -399.642486572, -188.140945435, -31.0567626953, -69.4290161133, -146.851516724, -125.559555054, -82.6697006226], [-1271.33605957, -431.311676025, 927.909423828, 276.967224121, -165.5496521, 238.604721069, 293.572418213, 74.6154098511, 29.6736621857, 57.3501014709, 31.2051467896, 30.3414802551, 85.066192627], [-956.041503906, -694.694580078, 276.967224121, 374.113769531, 48.2591171265, 58.3953666687, 191.405044556, 113.746047974, 6.68409013748, 40.1617774963, 102.14302063, 85.8104171753, 50.0360450745], [194.884490967, 43.4200439453, -165.5496521, 48.2591171265, 182.819793701, 1.71941995621, -52.3051185608, 48.3835983276, -12.6424789429, -84.8445281982, 0.355495721102, 41.0850906372, 6.02010154724], [-423.819458008, -175.732009888, 238.604721069, 58.3953666687, 1.71941995621, 163.722229004, 127.826377869, 31.2664241791, 11.0146064758, -18.2509613037, -25.9574813843, 5.2164144516, 27.1259708405], [-667.694946289, -399.642486572, 293.572418213, 191.405044556, -52.3051185608, 127.826377869, 253.217941284, 93.7982940674, 4.27504491806, 47.1904182434, 43.2427902222, 20.3190193176, 24.3076591492], [-265.747924805, -188.140945435, 74.6154098511, 113.746047974, 48.3835983276, 31.2664241791, 93.7982940674, 116.873794556, 14.7371864319, -38.6089401245, 22.6365146637, 36.6465797424, 5.36309528351], [-58.9833068848, -31.0567626953, 29.6736621857, 6.68409013748, -12.6424789429, 11.0146064758, 4.27504491806, 14.7371864319, 74.6806869507, 68.2050323486, -0.928098320961, -12.5913124084, 16.6138839722], [-90.9717712402, -69.4290161133, 57.3501014709, 40.1617774963, -84.8445281982, -18.2509613037, 47.1904182434, -38.6089401245, 68.2050323486, 219.620834351, 80.1777572632, -35.0209884644, 21.7966690063], [-157.806381226, -146.851516724, 31.2051467896, 102.14302063, 0.355495721102, -25.9574813843, 43.2427902222, 22.6365146637, -0.928098320961, 80.1777572632, 126.843353271, 62.7323417664, 2.37291264534], [-150.665206909, -125.559555054, 30.3414802551, 85.8104171753, 41.0850906372, 5.2164144516, 20.3190193176, 36.6465797424, -12.5913124084, -35.0209884644, 62.7323417664, 108.410583496, 35.1798019409], [-164.147415161, -82.6697006226, 85.066192627, 50.0360450745, 6.02010154724, 27.1259708405, 24.3076591492, 5.36309528351, 16.6138839722, 21.7966690063, 2.37291264534, 35.1798019409, 84.3580474854]], "icov": [[-155.320907593, 213.342773438, -195.328170776, 168.234451294, -135.796157837, 102.108276367, -70.9331512451, 44.9301605225, -25.439207077, 12.5046625137, -5.02917146683, 1.46058619022, -0.223985522985], [213.342773438, -292.924682617, 267.868835449, -230.221725464, 185.237533569, -138.630187988, 95.6675949097, -60.0171279907, 33.4948120117, -16.1172542572, 6.24768877029, -1.67783761024, 0.204449862242], [-195.328170776, 267.868835449, -244.045562744, 208.362457275, -165.963973999, 122.34400177, -82.6084136963, 50.1526947021, -26.5734825134, 11.760933876, -3.85160160065, 0.605302214622, 0.105088539422], [168.234451294, -230.221725464, 208.362457275, -175.764648438, 137.406616211, -98.3907012939, 63.545589447, -35.8766784668, 16.6360683441, -5.54917430878, 0.45206412673, 0.907659053802, -0.546201884747], [-135.796157837, 185.237533569, -165.963973999, 137.406616211, -104.190887451, 70.9448776245, -42.0662841797, 20.063539505, -5.83434009552, -1.08461225033, 3.10989570618, -2.47192049026, 0.989340126514], [102.108276367, -138.630187988, 122.34400177, -98.3907012939, 70.9448776245, -43.9809684753, 21.4313011169, -5.24890422821, -4.03248548508, 7.00485086441, -6.21569299698, 3.80916976929, -1.37236106396], [-70.9331512451, 95.6675949097, -82.6084136963, 63.545589447, -42.0662841797, 21.4313011169, -4.92593097687, -5.97152328491, 11.037103653, -10.9292860031, 8.12941837311, -4.56914043427, 1.57539463043], [44.9301605225, -60.0171279907, 50.1526947021, -35.8766784668, 20.063539505, -5.24890422821, -5.97152328491, 12.5881719589, -14.5371160507, 12.4903306961, -8.65880203247, 4.67374801636, -1.57620108128], [-25.439207077, 33.4948120117, -26.5734825134, 16.6360683441, -5.83434009552, -4.03248548508, 11.037103653, -14.5371160507, 14.6183700562, -11.7926616669, 7.89145851135, -4.17254829407, 1.3958427906], [12.5046625137, -16.1172542572, 11.760933876, -5.54917430878, -1.08461225033, 7.00485086441, -10.9292860031, 12.4903306961, -11.7926616669, 9.23715686798, -6.07801055908, 3.19320774078, -1.07560944557], [-5.02917146683, 6.24768877029, -3.85160160065, 0.45206412673, 3.10989570618, -6.21569299698, 8.12941837311, -8.65880203247, 7.89145851135, -6.07801055908, 3.98188209534, -2.09214758873, 0.713999569416], [1.46058619022, -1.67783761024, 0.605302214622, 0.907659053802, -2.47192049026, 3.80916976929, -4.56914043427, 4.67374801636, -4.17254829407, 3.19320774078, -2.09214758873, 1.12298679352, -0.392721325159], [-0.223985522985, 0.204449862242, 0.105088539422, -0.546201884747, 0.989340126514, -1.37236106396, 1.57539463043, -1.57620108128, 1.3958427906, -1.07560944557, 0.713999569416, -0.392721325159, 0.158031821251]]}, "spectral_contrast_coeffs": {"dmean": [0.0397148430347, 0.0315457582474, 0.0284796301275, 0.0250857640058, 0.0164291318506, 0.0230021569878], "dmean2": [0.0650127306581, 0.0519080460072, 0.0425464771688, 0.0381971038878, 0.025654759258, 0.0403079465032], "dvar": [0.0011903855484, 0.00108950654976, 0.00134328054264, 0.000946390093304, 0.000325095810695, 0.000472969230032], "dvar2": [0.00322065805085, 0.00277781160548, 0.00296382978559, 0.00210949988104, 0.000689070147928, 0.00139839295298], "max": [-0.234427660704, -0.323236882687, -0.439771950245, -0.426481306553, -0.566760718822, -0.685717821121], "mean": [-0.50208324194, -0.58341473341, -0.669254779816, -0.674557566643, -0.730510234833, -0.898395001888], "median": [-0.471253633499, -0.582544445992, -0.66769272089, -0.666912317276, -0.718708515167, -0.897636413574], "min": [-0.991558134556, -0.972702264786, -0.949846506119, -0.968576848507, -0.962159395218, -0.95732575655], "var": [0.0138801857829, 0.0104559352621, 0.0100289229304, 0.00694966316223, 0.00636591063812, 0.000730915227905]}, "spectral_contrast_valleys": {"dmean": [0.418147623539, 0.292568087578, 0.309574455023, 0.32514321804, 0.249278113246, 0.528360009193], "dmean2": [0.668888032436, 0.45607227087, 0.45531758666, 0.48857909441, 0.383253842592, 0.933252394199], "dvar": [0.209179833531, 0.218786910176, 0.27347317338, 0.301441758871, 0.202143982053, 0.318932920694], "dvar2": [0.399876534939, 0.317961275578, 0.426508754492, 0.520821690559, 0.298137009144, 0.782916724682], "max": [-6.17649030685, -5.02940130234, -6.31425857544, -6.78117132187, -8.49982643127, -12.3988771439], "mean": [-8.69812679291, -7.60820436478, -8.90212249756, -10.3976335526, -12.3571577072, -14.1995191574], "median": [-8.63514995575, -7.29428958893, -8.684