{"lowlevel": {"average_loudness": 0.928367614746, "barkbands_crest": {"dmean": 2.38606595993, "dmean2": 3.70517253876, "dvar": 5.48928308487, "dvar2": 13.5848970413, "max": 26.7968826294, "mean": 12.5442504883, "median": 11.9159173965, "min": 2.89923763275, "var": 23.5741863251}, "barkbands_flatness_db": {"dmean": 0.0269577745348, "dmean2": 0.0404748618603, "dvar": 0.00102790095843, "dvar2": 0.0021741068922, "max": 0.494423896074, "mean": 0.185681819916, "median": 0.168133184314, "min": 0.0238989554346, "var": 0.00821885839105}, "barkbands_kurtosis": {"dmean": 4.16534233093, "dmean2": 6.46614837646, "dvar": 58.1644325256, "dvar2": 135.083129883, "max": 524.267944336, "mean": 9.35991191864, "median": 3.77433443069, "min": -1.8381998539, "var": 531.568786621}, "barkbands_skewness": {"dmean": 0.617456793785, "dmean2": 0.939950764179, "dvar": 0.505923032761, "dvar2": 1.22408461571, "max": 21.1142997742, "mean": 2.00781106949, "median": 1.8929797411, "min": -5.28982067108, "var": 3.2024435997}, "barkbands_spread": {"dmean": 7.33823633194, "dmean2": 10.9617929459, "dvar": 102.474357605, "dvar2": 222.595352173, "max": 112.517654419, "mean": 20.9143257141, "median": 16.8041820526, "min": 0.209459796548, "var": 314.744445801}, "dissonance": {"dmean": 0.0188027471304, "dmean2": 0.0306556876749, "dvar": 0.000363728613593, "dvar2": 0.00090943579562, "max": 0.499848395586, "mean": 0.443012744188, "median": 0.453736335039, "min": 0.240130156279, "var": 0.00168707489502}, "dynamic_complexity": 4.02438354492, "erbbands_crest": {"dmean": 2.36660313606, "dmean2": 3.6574420929, "dvar": 6.56472015381, "dvar2": 14.9661779404, "max": 34.0913200378, "mean": 11.610080719, "median": 10.0999755859, "min": 2.52884721756, "var": 32.7286682129}, "erbbands_flatness_db": {"dmean": 0.0213290732354, "dmean2": 0.0297965407372, "dvar": 0.000638455268927, "dvar2": 0.00124304799829, "max": 0.463781625032, "mean": 0.188580662012, "median": 0.1734688133, "min": 0.044096108526, "var": 0.00717859342694}, "erbbands_kurtosis": {"dmean": 1.53226494789, "dmean2": 2.26732397079, "dvar": 11.3539505005, "dvar2": 20.9896774292, "max": 285.861022949, "mean": 2.84419107437, "median": -0.142137527466, "min": -1.82833755016, "var": 185.898162842}, "erbbands_skewness": {"dmean": 0.42100378871, "dmean2": 0.639160871506, "dvar": 0.231938928366, "dvar2": 0.526721954346, "max": 12.9985809326, "mean": 0.586162805557, "median": 0.407831609249, "min": -6.30506658554, "var": 1.93244373798}, "erbbands_spread": {"dmean": 9.16910362244, "dmean2": 13.7569293976, "dvar": 123.391838074, "dvar2": 280.747711182, "max": 138.50428772, "mean": 41.0408630371, "median": 36.9834060669, "min": 0.548981487751, "var": 546.777648926}, "hfc": {"dmean": 15.4762649536, "dmean2": 24.1560211182, "dvar": 1994.50292969, "dvar2": 5043.69238281, "max": 708.154907227, "mean": 24.3830127716, "median": 13.3739957809, "min": 1.27644437315e-16, "var": 2000.79394531}, "melbands_crest": {"dmean": 2.30140066147, "dmean2": 3.67340517044, "dvar": 5.45638418198, "dvar2": 14.23442173, "max": 30.9164848328, "mean": 14.257109642, "median": 13.7079000473, "min": 1.84714448452, "var": 20.0577220917}, "melbands_flatness_db": {"dmean": 0.032315608114, "dmean2": 0.0487001612782, "dvar": 0.00150407745969, "dvar2": 0.00334446527995, "max": 0.603781819344, "mean": 0.255469471216, "median": 0.242683663964, "min": 0.00567174283788, "var": 0.00880560372025}, "melbands_kurtosis": {"dmean": 8.34554672241, "dmean2": 13.3304843903, "dvar": 206.387451172, "dvar2": 514.121337891, "max": 585.518005371, "mean": 20.5890827179, "median": 13.2700386047, "min": -1.90516424179, "var": 874.822265625}, "melbands_skewness": {"dmean": 0.737729847431, "dmean2": 1.14483118057, "dvar": 0.759977698326, "dvar2": 1.91995692253, "max": 16.3250713348, "mean": 3.16143774986, "median": 3.03830647469, "min": -4.02499103546, "var": 3.72554469109}, "melbands_spread": {"dmean": 7.28961229324, "dmean2": 11.8840484619, "dvar": 158.019210815, "dvar2": 415.105865479, "max": 199.348098755, "mean": 19.3305225372, "median": 13.8416433334, "min": 0.391005545855, "var": 348.876861572}, "pitch_salience": {"dmean": 0.0617489740252, "dmean2": 0.100149996579, "dvar": 0.00402826489881, "dvar2": 0.0101261287928, "max": 0.989579617977, "mean": 0.512839436531, "median": 0.516019582748, "min": 0.0716227442026, "var": 0.0166499149054}, "silence_rate_20dB": {"dmean": 0, "dmean2": 0, "dvar": 0, "dvar2": 0, "max": 1, "mean": 1, "median": 1, "min": 1, "var": 0}, "silence_rate_30dB": {"dmean": 0.00213219621219, "dmean2": 0.00426504202187, "dvar": 0.00212772632949, "dvar2": 0.00607494451106, "max": 1, "mean": 0.99878180027, "median": 1, "min": 0, "var": 0.00121670751832}, "silence_rate_60dB": {"dmean": 0.0240633562207, "dmean2": 0.0481340438128, "dvar": 0.0234850812703, "dvar2": 0.0497797951102, "max": 1, "mean": 0.115273334086, "median": 0, "min": 0, "var": 0.101991653442}, "spectral_centroid": {"dmean": 223.245819092, "dmean2": 362.00692749, "dvar": 117048.257812, "dvar2": 258239.390625, "max": 11046.1542969, "mean": 982.636352539, "median": 836.538452148, "min": 276.276763916, "var": 386871.9375}, "spectral_complexity": {"dmean": 3.31190991402, "dmean2": 5.0406703949, "dvar": 21.2051887512, "dvar2": 45.5665893555, "max": 54, "mean": 12.6919441223, "median": 12, "min": 0, "var": 62.6640815735}, "spectral_decrease": {"dmean": 2.25532548193e-09, "dmean2": 3.39992234366e-09, "dvar": 1.51706429811e-17, "dvar2": 3.64293485055e-17, "max": 1.19280232212e-28, "mean": -6.22054052712e-09, "median": -5.0952499997e-09, "min": -4.64125591293e-08, "var": 2.95459650381e-17}, "spectral_energy": {"dmean": 0.00954597070813, "dmean2": 0.0143168559298, "dvar": 0.000262429675786, "dvar2": 0.000623951316811, "max": 0.178531736135, "mean": 0.0256893690675, "median": 0.0209709461778, "min": 1.11275413694e-20, "var": 0.000505265430547}, "spectral_energyband_high": {"dmean": 0.00127765862271, "dmean2": 0.0020485073328, "dvar": 1.80190581887e-05, "dvar2": 4.60508126707e-05, "max": 0.0678034499288, "mean": 0.00141197186895, "median": 0.000269546289928, "min": 7.8009254839e-21, "var": 1.66872796399e-05}, "spectral_energyband_low": {"dmean": 0.00285269529559, "dmean2": 0.00491078104824, "dvar": 9.96135786409e-05, "dvar2": 0.000265435606707, "max": 0.160922780633, "mean": 0.00477912882343, "median": 0.00252610375173, "min": 4.83502504467e-23, "var": 8.75807527336e-05}, "spectral_energyband_middle_high": {"dmean": 0.00186604366172, "dmean2": 0.00304776825942, "dvar": 1.132219586e-05, "dvar2": 2.91329397442e-05, "max": 0.0566419474781, "mean": 0.00371251371689, "median": 0.00206363201141, "min": 1.59948104283e-21, "var": 2.0429271899e-05}, "spectral_energyband_middle_low": {"dmean": 0.00592541601509, "dmean2": 0.00865313503891, "dvar": 9.58573218668e-05, "dvar2": 0.000216492553591, "max": 0.127128854394, "mean": 0.016273252666, "median": 0.0118471970782, "min": 2.75577942327e-22, "var": 0.000233819984715}, "spectral_entropy": {"dmean": 0.309393703938, "dmean2": 0.457431197166, "dvar": 0.150973543525, "dvar2": 0.316245377064, "max": 9.81827449799, "mean": 6.95422649384, "median": 7.03950929642, "min": 3.90566062927, "var": 0.815438687801}, "spectral_flux": {"dmean": 0.0266829971224, "dmean2": 0.0401180833578, "dvar": 0.00137449731119, "dvar2": 0.00253595109098, "max": 0.354497283697, "mean": 0.064037039876, "median": 0.0497857406735, "min": 9.85299219991e-09, "var": 0.00309283961542}, "spectral_kurtosis": {"dmean": 3.87896132469, "dmean2": 6.15711450577, "dvar": 34.3543663025, "dvar2": 84.2970428467, "max": 119.906913757, "mean": 9.93548965454, "median": 5.22384643555, "min": -1.20834422112, "var": 190.543319702}, "spectral_rms": {"dmean": 0.000799553934485, "dmean2": 0.00113748107105, "dvar": 1.21916866647e-06, "dvar2": 2.68416192739e-06, "max": 0.0131976250559, "mean": 0.00449378415942, "median": 0.00452321348712, "min": 3.29486546553e-12, "var": 4.86879389427e-06}, "spectral_rolloff": {"dmean": 771.613708496, "dmean2": 1285.55932617, "dvar": 2805367, "dvar2": 6007989, "max": 19466.015625, "mean": 1585.93518066, "median": 818.26171875, "min": 107.666015625, "var": 5227959}, "spectral_skewness": {"dmean": 0.394832879305, "dmean2": 0.623599171638, "dvar": 0.209016814828, "dvar2": 0.501834452152, "max": 9.48182868958, "mean": 2.19734573364, "median": 1.91069734097, "min": -0.0140565484762, "var": 1.25248897076}, "spectral_spread": {"dmean": 993012.9375, "dmean2": 1412930.75, "dvar": 1647123234820.0, "dvar2": 2915611181060.0, "max": 40525352, "mean": 5191180, "median": 5067542.5, "min": 809586.5625, "var": 7337342402560.0}, "spectral_strongpeak": {"dmean": 0.459385275841, "dmean2": 0.738824784756, "dvar": 0.8440939188, "dvar2": 1.92694556713, "max": 19.2160682678, "mean": 1.20744037628, "median": 0.889477908611, "min": 0, "var": 1.75293457508}, "zerocrossingrate": {"dmean": 0.0140603585169, "dmean2": 0.0164307933301, "dvar": 0.000348926434526, "dvar2": 0.000435749563621, "max": 0.5, "mean": 0.0648733004928, "median": 0.052734375, "min": 0.009765625, "var": 0.0025911256671}, "barkbands": {"dmean": [4.43754179287e-05, 0.00202156417072, 0.000958019809332, 0.000590063922573, 0.00463484600186, 0.00188651948702, 0.000159884526511, 0.000128772502649, 0.000256877305219, 0.000181478564627, 0.000325648667058, 0.00018134736456, 0.000483389128931, 0.000307323731249, 0.00041887559928, 0.000236693871557, 0.000176410903805, 0.00010311875667, 7.33019405743e-05, 6.28898706054e-05, 0.00010936333274, 0.000114886272058, 0.000250822922681, 0.000146012855112, 0.000334936339641, 0.000363764323993, 2.33776754612e-05], "dmean2": [7.21092146705e-05, 0.00349862244911, 0.00172257574741, 0.00100514886435, 0.00703128706664, 0.00243102386594, 0.000236666935962, 0.000188834863366, 0.000384339073207, 0.000286977883661, 0.000499992223922, 0.000297064980259, 0.000757500529289, 0.000529183307663, 0.000732974382117, 0.000397285912186, 0.000301476364257, 0.000178599686478, 0.000116167153465, 0.00010809997184, 0.000190741586266, 0.000194017397007, 0.000406941922847, 0.000245155126322, 0.000559183012228, 0.000570697477087, 3.91515386582e-05], "dvar": [2.62780481819e-08, 6.19862694293e-05, 9.39435085456e-06, 1.94510585061e-06, 6.63456230541e-05, 1.12854795589e-05, 1.29069775312e-07, 1.46210950902e-07, 8.25603194698e-07, 6.84360088599e-07, 8.40783229705e-07, 2.67306774049e-07, 2.09341533264e-06, 3.77494103532e-07, 7.84343228588e-07, 2.81023488924e-07, 1.64418224813e-07, 5.2071257528e-08, 3.0016110486e-08, 2.23629630369e-08, 5.416222848e-08, 1.76058179591e-07, 6.92924629675e-07, 1.95128464497e-07, 1.29679096972e-06, 2.57081660493e-06, 6.3303273734e-09], "dvar2": [7.15695307463e-08, 0.000166710466146, 2.71150147455e-05, 5.27580368725e-06, 0.000154838387971, 2.07908324228e-05, 2.86172394226e-07, 3.0262447126e-07, 1.73364014699e-06, 1.79683843271e-06, 2.02336445909e-06, 6.33446234133e-07, 4.63618607682e-06, 9.97945562631e-07, 2.13909811464e-06, 8.05089939604e-07, 4.79939274101e-07, 1.50344177996e-07, 6.80283775978e-08, 6.32309209436e-08, 1.47475418544e-07, 4.80413746118e-07, 1.75445870809e-06, 5.05266882556e-07, 3.47292575498e-06, 6.57211876387e-06, 1.67770064508e-08], "max": [0.00255399872549, 0.138935521245, 0.0502873696387, 0.0198378767818, 0.121381245553, 0.058113090694, 0.00857783388346, 0.0113467667252, 0.0215600691736, 0.0295296125114, 0.0165234412998, 0.0135669289157, 0.0455352142453, 0.0112716499716, 0.0146596459672, 0.0133467689157, 0.00622385181487, 0.00527150696144, 0.00566037930548, 0.00214905058965, 0.00354419066571, 0.00479966402054, 0.0135227357969, 0.00496421242133, 0.0188379622996, 0.0270249787718, 0.000793743645772], "mean": [5.7449338783e-05, 0.00291500845924, 0.00140218762681, 0.000957434764132, 0.00880069751292, 0.00522226653993, 0.000367229746189, 0.00030598952435, 0.00046133712749, 0.000265086942818, 0.000567640992813, 0.000319115380989, 0.000781663926318, 0.000341239734553, 0.000476733373944, 0.000385262421332, 0.000320432416629, 0.000156272028107, 0.000138815041282, 8.74014294823e-05, 0.000140991513035, 0.000118289797683, 0.000265659095021, 0.000152011503815, 0.000309565570205, 0.000352287344867, 2.13115581573e-05], "median": [6.79574213791e-06, 0.000841016997583, 0.000811254722066, 0.000344513508026, 0.00536561291665, 0.00274390215054, 0.000172052095877, 7.92458668002e-05, 8.99339938769e-05, 5.84443405387e-05, 0.000151731830556, 3.71975947928e-05, 0.000102630256151, 8.03788352641e-05, 0.000114071823191, 0.00012644729577, 8.05697782198e-05, 5.27518132003e-05, 4.82467221445e-05, 2.26288339036e-05, 3.53170362359e-05, 1.97827521333e-05, 2.88408609777e-05, 3.11767653329e-05, 3.81863064831e-05, 1.33511348395e-05, 9.5149266599e-07], "min": [1.6764822654e-25, 1.66673024856e-23, 2.61214438695e-23, 1.3165017235e-23, 9.57954565541e-23, 3.17079043648e-23, 1.64965424986e-23, 4.43669446375e-23, 5.24491559331e-23, 5.90244851275e-23, 2.25481942697e-23, 1.24657428452e-22, 1.31085698196e-22, 1.44934107211e-22, 2.01553708848e-22, 1.5392917888e-22, 1.51829496208e-22, 1.89155819401e-22, 3.2286584957e-22, 4.46048865435e-22, 5.69026045403e-22, 5.06338134407e-22, 5.19479168693e-22, 7.34560264344e-22, 1.02099735035e-21, 1.60914245584e-21, 2.92432539955e-21], "var": [2.27267005215e-08, 5.02537186549e-05, 7.10706353857e-06, 2.74884473583e-06, 0.000112555913802, 4.89936101076e-05, 3.41117555536e-07, 4.38206740228e-07, 1.78429479547e-06, 7.26773009774e-07, 1.69250608906e-06, 1.1030153928e-06, 5.09504616275e-06, 5.12263284236e-07, 1.02856574813e-06, 4.69333230058e-07, 3.24173583977e-07, 6.56481162764e-08, 9.62410524608e-08, 3.28243139336e-08, 8.16929244252e-08, 1.36232912951e-07, 6.486266102e-07, 1.66975524962e-07, 1.02102114852e-06, 2.26689485316e-06, 4.96069807454e-09]}, "erbbands": {"dmean": [0.0461751110852, 0.504143416882, 1.15989553928, 1.34014892578, 4.98637247086, 18.3204498291, 22.0216236115, 16.8287715912, 3.5264236927, 2.01339530945, 3.11328744888, 6.70438146591, 6.7678861618, 4.29748678207, 15.0714359283, 8.80562114716, 21.8510608673, 17.7615413666, 15.4804153442, 23.6802177429, 9.34180545807, 7.60491132736, 6.29456663132, 4.86806344986, 3.13360571861, 3.27347373962, 3.07879018784, 4.97102212906, 3.5454416275, 5.30750799179, 7.80273008347, 4.59713840485, 2.22641921043, 4.05246162415, 2.50046396255, 2.59705710411, 0.29126316309, 0.0354937575758, 0.00417558522895, 0.000245225819526], "dmean2": [0.0755309388041, 0.892455995083, 2.11285018921, 2.29296827316, 8.26633930206, 28.1277732849, 32.8348236084, 21.2831878662, 4.97323846817, 3.08666467667, 4.54896688461, 9.73395442963, 10.7443685532, 6.89025735855, 23.2101287842, 13.8955745697, 33.4328269958, 30.6150798798, 26.4480133057, 41.3304328918, 15.6050624847, 13.0456218719, 10.8012189865, 8.31423473358, 4.84834098816, 5.58494901657, 5.24610137939, 8.73851585388, 5.97103643417, 8.42042255402, 12.9655838013, 7.70412635803, 3.74094867706, 6.96206331253, 4.10248756409, 4.05547428131, 0.461969077587, 0.058575168252, 0.00693301390857, 0.000401151308324], "dvar": [0.0258168969303, 4.1416425705, 16.6907176971, 9.64226436615, 183.326187134, 1156.71020508, 1615.58630371, 1014.45178223, 53.1171798706, 21.352142334, 107.836608887, 609.75982666, 955.65625, 175.409881592, 1825.6114502, 590.369567871, 5064.90722656, 1231.78344727, 1157.7401123, 2051.72045898, 396.176940918, 305.603424072, 221.013687134, 91.2149047852, 104.397018433, 60.1856002808, 41.3266868591, 128.941482544, 123.886756897, 392.980133057, 804.606079102, 210.991226196, 38.7718544006, 177.505737305, 90.732749939, 135.863571167, 1.44177210331, 0.017376396805, 0.000209895646549, 6.00677651619e-07], "dvar2": [0.0655075162649, 11.3723888397, 47.9017601013, 26.8430213928, 478.637878418, 2817.26074219, 3752.84741211, 1969.70507812, 110.438735962, 50.5306739807, 224.209182739, 1246.21826172, 2524.2878418, 456.284515381, 4299.99707031, 1365.2956543, 11119.5703125, 3295.66357422, 2924.71557617, 5606.97460938, 1139.09289551, 860.285461426, 635.855224609, 256.664703369, 221.965759277, 169.655944824, 111.782615662, 348.732666016, 331.794586182, 951.117004395, 2097.30273438, 549.331054688, 101.832275391, 481.958221436, 239.921112061, 344.092987061, 3.73823833466, 0.0467114560306, 0.000554077443667, 1.56271505602e-06], "max": [2.57756185532, 34.9723854065, 62.7334785461, 46.9560966492, 241.419952393, 658.373901367, 516.052856445, 512.530395508, 212.701065063, 102.171424866, 312.974456787, 587.753234863, 1100.43444824, 415.814422607, 699.723937988, 674.937194824, 2359.97875977, 608.145141602, 702.809448242, 1111.52954102, 420.916107178, 222.466629028, 362.792572021, 150.169677734, 396.419616699, 125.828781128, 129.758056641, 178.419555664, 139.688705444, 323.969329834, 481.390106201, 186.308517456, 66.9866409302, 230.62322998, 155.148849487, 198.577041626, 18.671169281, 1.73038876057, 0.147531017661, 0.008366195485], "mean": [0.0690235570073, 0.70144790411, 1.64413118362, 2.50882482529, 6.86614990234, 35.889213562, 49.2934494019, 45.9507522583, 9.63097190857, 4.69536685944, 7.47666835785, 12.9720344543, 9.71244621277, 7.54628610611, 26.1782207489, 18.3287830353, 37.1820030212, 21.9257984161, 18.825925827, 30.9239311218, 16.3764705658, 13.3505811691, 10.7709884644, 8.19034957886, 6.18501281738, 4.70498609543, 4.48475980759, 5.70939159393, 3.95377898216, 5.89106273651, 7.78987646103, 4.71390390396, 2.2000002861, 3.65612483025, 2.34795475006, 2.48080825806, 0.292980015278, 0.0349762029946, 0.00383633258753, 0.000252446363447], "median": [0.0213464926928, 0.19888164103, 0.824147939682, 1.54003608227, 2.66580605507, 21.567653656, 31.9585418701, 21.1585502625, 6.35494947433, 2.24484467506, 1.83590400219, 2.75619482994, 2.29850029945, 2.89921855927, 7.01994657516, 2.80146169662, 4.91504144669, 5.54513216019, 4.70922231674, 11.1203107834, 6.55528736115, 4.88166379929, 4.06019496918, 2.93436026573, 1.85659646988, 1.37318694592, 1.37260460854, 1.17868387699, 0.793777048588, 0.762303471565, 0.828815579414, 0.73886346817, 0.437662452459, 0.414771318436, 0.216207355261, 0.0921342968941, 0.0167259480804, 0.00232686055824, 0.000217060616706, 4.91151949973e-05], "min": [1.19192591376e-22, 5.28051585097e-21, 2.98908596747e-20, 3.38657436302e-20, 7.76107767348e-20, 4.43275336919e-19, 3.43202897166e-19, 2.53431285881e-19, 2.59291214286e-19, 5.44527775666e-19, 1.19409642559e-18, 9.71213746907e-19, 1.69404469801e-18, 1.71768200439e-18, 2.35937015632e-18, 4.59418014727e-18, 5.73545405971e-18, 6.04689210983e-18, 1.1241725323e-17, 9.8620591988e-18, 7.78380099699e-18, 7.5493093554e-18, 1.0710007835e-17, 1.19753708334e-17, 1.86087067006e-17, 1.96152746639e-17, 2.75488400195e-17, 1.88288757099e-17, 1.97992412865e-17, 1.68752091063e-17, 1.38478438696e-17, 1.30008580717e-17, 1.43307436394e-17, 1.18426803098e-17, 7.17171794938e-18, 6.18852280149e-18, 3.15320484363e-18, 1.44843543879e-18, 3.81658472144e-19, 3.96720927036e-20], "var": [0.0247621238232, 3.14542198181, 12.2540397644, 12.6006717682, 184.248641968, 2022.35266113, 3282.38110352, 4031.68725586, 162.371902466, 57.4038200378, 316.048065186, 1379.51586914, 935.052001953, 303.089416504, 3626.85449219, 2897.97583008, 11987.4355469, 1793.50744629, 2037.76904297, 2812.46899414, 632.027954102, 462.140472412, 297.864562988, 186.669708252, 379.632415771, 87.1038360596, 60.1057701111, 171.402770996, 107.96043396, 425.38848877, 677.637451172, 183.438079834, 32.4029464722, 135.102035522, 73.1775283813, 120.268409729, 1.25516843796, 0.014024916105, 0.000166690137121, 5.10011261667e-07]}, "gfcc": {"mean": [-48.7869300842, 89.1875839233, -102.646911621, 16.1751041412, -50.0723457336, 1.10631728172, -60.079788208, -10.4740772247, -30.5606708527, -2.43775677681, -14.7484083176, 6.33208417892, -1.73346912861], "cov": [[20797.8554688, -3868.97314453, 1788.8125, 1660.90222168, -344.468597412, 1935.23168945, 138.410736084, 897.31817627, -505.498352051, 667.594421387, -188.83543396, 558.355773926, -116.843185425], [-3868.97314453, 3044.5144043, -729.331481934, -440.006500244, 352.154266357, -630.551147461, 177.545272827, -503.630950928, 138.793518066, -218.551818848, 256.845214844, -238.393890381, 269.02633667], [1788.8125, -729.331481934, 1230.70373535, 368.17175293, 168.643066406, 456.830108643, 140.634689331, 299.28314209, -14.4672079086, 237.546340942, 29.2257671356, 147.270629883, -63.6853218079], [1660.90222168, -440.006500244, 368.17175293, 520.334899902, 59.0214538574, 251.587402344, 75.106628418, 154.839736938, 4.52126789093, 98.7608795166, 9.77862548828, 92.8661575317, 11.6628513336], [-344.468597412, 352.154266357, 168.643066406, 59.0214538574, 373.141296387, 71.7262039185, 154.746917725, 93.7159194946, 62.9426116943, 31.6907749176, 33.2188682556, -35.8466072083, -44.8579101562], [1935.23168945, -630.551147461, 456.830108643, 251.587402344, 71.7262039185, 532.340454102, 60.913684845, 172.459487915, 19.8892841339, 176.936218262, -65.4627304077, 66.871055603, -53.7221069336], [138.410736084, 177.545272827, 140.634689331, 75.106628418, 154.746917725, 60.913684845, 286.794403076, 85.0937805176, -13.3666763306, 31.1232318878, 60.988368988, -31.2588863373, -27.8769721985], [897.31817627, -503.630950928, 299.28314209, 154.839736938, 93.7159194946, 172.459487915, 85.0937805176, 384.036407471, 15.5930528641, 26.0591259003, -45.7185020447, 44.3436126709, -161.595352173], [-505.498352051, 138.793518066, -14.4672079086, 4.52126789093, 62.9426116943, 19.8892841339, -13.3666763306, 15.5930528641, 191.654373169, 6.29496717453, -53.2993507385, -0.72753995657, -22.0567893982], [667.594421387, -218.551818848, 237.546340942, 98.7608795166, 31.6907749176, 176.936218262, 31.1232318878, 26.0591259003, 6.29496717453, 179.176132202, 12.3318376541, 12.2770414352, 27.9452610016], [-188.83543396, 256.845214844, 29.2257671356, 9.77862548828, 33.2188682556, -65.4627304077, 60.988368988, -45.7185020447, -53.2993507385, 12.3318376541, 171.186325073, 7.78871631622, 64.4379806519], [558.355773926, -238.393890381, 147.270629883, 92.8661575317, -35.8466072083, 66.871055603, -31.2588863373, 44.3436126709, -0.72753995657, 12.2770414352, 7.78871631622, 149.522216797, 14.5206279755], [-116.843185425, 269.02633667, -63.6853218079, 11.6628513336, -44.8579101562, -53.7221069336, -27.8769721985, -161.595352173, -22.0567893982, 27.9452610016, 64.4379806519, 14.5206279755, 247.632278442]], "icov": [[0.000105462386273, -1.74028318725e-05, 4.73375039292e-05, -0.000186221994227, 0.000138866758789, -0.000281467509922, -6.87611736794e-06, -0.000110169705295, 0.000321418745443, -0.000111845358333, 9.62992926361e-05, -0.000157021568157, 6.43835528535e-06], [-1.74028318725e-05, 0.00111919210758, 9.41013058764e-05, 0.000373776012566, -0.00110394507647, 0.000464504992124, -0.000526783114765, 0.000915081123821, -0.00106645212509, 0.000972749781795, -0.00106479297392, 0.000713733199518, -0.000748398888391], [4.73375039292e-05, 9.41013058764e-05, 0.00176839763299, -0.000305162859149, -0.000470522034448, -0.000607004272752, -0.000173158725374, -0.000603693246376, 0.0003993982682, -0.001363989315, -0.000382147642085, -0.00115484837443, 0.000115568371257], [-0.000186221994227, 0.000373776012566, -0.000305162859149, 0.00346668576822, -0.000557380262762, -0.000243225353188, -0.000549405580387, -0.000345055304933, -0.00100547983311, 0.000417117320467, -0.00069917057408, -0.000494263425935, -0.00110215332825], [0.000138866758789, -0.00110394507647, -0.000470522034448, -0.000557380262762, 0.00541982334107, -0.00101357663516, -0.00113393657375, -0.00140644609928, -0.000344082480296, -0.000650005938951, 0.000100546429167, 0.000424837577157, 0.000878169666976], [-0.000281467509922, 0.000464504992124, -0.000607004272752, -0.000243225353188, -0.00101357663516, 0.00526054156944, -0.000525749928784, 0.000292312906822, -0.000894826371223, -0.00249275378883, 0.00143738056067, -0.000140112795634, 0.000142891833093], [-6.87611736794e-06, -0.000526783114765, -0.000173158725374, -0.000549405580387, -0.00113393657375, -0.000525749928784, 0.00567871471867, -0.00118093646597, 0.000964567356277, -0.000281781161902, -0.00140375667252, 0.00124975678045, 0.00050927879056], [-0.000110169705295, 0.000915081123821, -0.000603693246376, -0.000345055304933, -0.00140644609928, 0.000292312906822, -0.00118093646597, 0.00600479729474, -0.000982844852842, 0.0015230566496, -0.000203954114113, -0.000150325387949, 0.00221154070459], [0.000321418745443, -0.00106645212509, 0.0003993982682, -0.00100547983311, -0.000344082480296, -0.000894826371223, 0.000964567356277, -0.000982844852842, 0.0084043154493, -0.00209550745785, 0.00360450590961, -0.0019140962977, 0.000830423552543], [-0.000111845358333, 0.000972749781795, -0.001363989315, 0.000417117320467, -0.000650005938951, -0.00249275378883, -0.000281781161902, 0.0015230566496, -0.00209550745785, 0.0115552833304, -0.00248578703031, 0.00288448948413, -0.00218931818381], [9.62992926361e-05, -0.00106479297392, -0.000382147642085, -0.00069917057408, 0.000100546429167, 0.00143738056067, -0.00140375667252, -0.000203954114113, 0.00360450590961, -0.00248578703031, 0.0103248264641, -0.00233956240118, -0.000772128580138], [-0.000157021568157, 0.000713733199518, -0.00115484837443, -0.000494263425935, 0.000424837577157, -0.000140112795634, 0.00124975678045, -0.000150325387949, -0.0019140962977, 0.00288448948413, -0.00233956240118, 0.0103512182832, -0.00152823666576], [6.43835528535e-06, -0.000748398888391, 0.000115568371257, -0.00110215332825, 0.000878169666976, 0.000142891833093, 0.00050927879056, 0.00221154070459, 0.000830423552543, -0.00218931818381, -0.000772128580138, -0.00152823666576, 0.00723810959607]]}, "melbands": {"dmean": [0.000492967257742, 0.000632185256109, 0.000324858352542, 0.000706809922121, 0.000909624330234, 0.000361722020898, 4.61344934592e-05, 2.1819385438e-05, 2.77297222055e-05, 4.20758406108e-05, 3.30867151206e-05, 1.52698794409e-05, 4.71857310913e-05, 2.76239843515e-05, 3.40850856446e-05, 4.6566769015e-05, 3.36476987286e-05, 2.25162038987e-05, 3.2917214412e-05, 2.71123717539e-05, 9.11027109396e-06, 8.08833101473e-06, 9.34724630497e-06, 4.10461689171e-06, 4.20343258156e-06, 2.28659064305e-06, 2.10074972529e-06, 2.26120937441e-06, 1.60344086453e-06, 2.82252403849e-06, 3.00707188217e-06, 1.85953899745e-06, 2.81937127511e-06, 2.65005178335e-06, 3.97253916162e-06, 5.15915326105e-06, 2.19732464757e-06, 1.22080393794e-06, 2.5095989713e-06, 3.74571936845e-06], "dmean2": [0.00083893770352, 0.00113358348608, 0.000548762793187, 0.00112241273746, 0.00135332997888, 0.000454392749816, 6.64554463583e-05, 3.36221455655e-05, 4.05445462093e-05, 6.18053018115e-05, 5.27299998794e-05, 2.47386196861e-05, 7.33419656171e-05, 4.32566994277e-05, 5.12687474838e-05, 7.5088457379e-05, 5.81978893024e-05, 3.82321341021e-05, 5.84297740716e-05, 4.60883711639e-05, 1.51664662553e-05, 1.37849747261e-05, 1.6198362573e-05, 7.10854237695e-06, 7.19639456292e-06, 3.54241183231e-06, 3.44856357515e-06, 3.87356976717e-06, 2.70940950031e-06, 4.90565753353e-06, 5.2877003327e-06, 3.14871613227e-06, 4.76085779155e-06, 4.11479186369e-06, 6.57230748402e-06, 8.69986797625e-06, 3.7033114495e-06, 2.04002549253e-06, 4.38575398221e-06, 6.37484890831e-06], "dvar": [3.41949566973e-06, 5.48033222003e-06, 6.01592205385e-07, 1.78349523594e-06, 2.74473472928e-06, 4.49590373819e-07, 9.82786474424e-09, 2.32053420923e-09, 8.0730098162e-09, 2.36426167532e-08, 2.3856307152e-08, 2.58089283278e-09, 1.81579782321e-08, 5.26615728802e-09, 1.28080692718e-08, 1.62316240448e-08, 4.64717908599e-09, 2.43404185696e-09, 5.05955632946e-09, 2.91274360187e-09, 4.43559189378e-10, 4.10577849497e-10, 4.98470265065e-10, 1.07490238932e-10, 7.36027766512e-11, 6.21276780022e-11, 2.65087674034e-11, 3.14049897199e-11, 1.11815522119e-11, 3.34666357127e-11, 5.95301793971e-11, 3.20483153904e-11, 1.20571594375e-10, 1.05672047501e-10, 2.22961649143e-10, 3.03546493496e-10, 5.1288882863e-11, 1.30711014928e-11, 4.47034353979e-11, 1.79118705979e-10], "dvar2": [8.94917138794e-06, 1.53919463628e-05, 1.61855371061e-06, 4.53798111266e-06, 6.27269446341e-06, 8.40071322727e-07, 2.04432346607e-08, 5.48538814371e-09, 1.69632929925e-08, 4.84300741732e-08, 6.3042499221e-08, 6.64089272462e-09, 4.49766517363e-08, 1.21132659459e-08, 2.80748011505e-08, 3.6530099834e-08, 1.23206786995e-08, 6.10017236724e-09, 1.42059883856e-08, 8.16518408442e-09, 1.27899058011e-09, 1.15878462381e-09, 1.44890288656e-09, 3.11402958975e-10, 2.06731146091e-10, 1.31658975389e-10, 6.77738559718e-11, 9.00121088776e-11, 3.06555822394e-11, 9.05890848446e-11, 1.65438121535e-10, 8.44697020663e-11, 3.32687988269e-10, 2.37891262245e-10, 5.80090475655e-10, 7.94710464103e-10, 1.3432349677e-10, 3.45640530086e-11, 1.19758467032e-10, 4.8998111124e-10], "max": [0.0323707163334, 0.0328612439334, 0.0108680669218, 0.0225076600909, 0.0200259592384, 0.0112082315609, 0.0027808714658, 0.000923222338315, 0.00241431244649, 0.0040984689258, 0.00552298780531, 0.0017624826869, 0.00251538259909, 0.00149325700477, 0.00386319472454, 0.00333953951485, 0.00137090776116, 0.00102934066672, 0.00104413728695, 0.00123042915948, 0.00033106765477, 0.000256811006693, 0.000388911139453, 0.000266553077381, 0.000141457043355, 0.000308409769787, 0.000108744607132, 9.65685467236e-05, 5.39476604899e-05, 0.000108484266093, 0.000150936975842, 7.74956060923e-05, 0.000119671778521, 0.00020610896172, 0.000260604341747, 0.000281920540147, 0.000104117287265, 4.09243439208e-05, 9.45310239331e-05, 0.000248345837463], "mean": [0.000728074985091, 0.000919131329283, 0.000549869611859, 0.0013093178859, 0.00202720542438, 0.000992946559563, 0.000116198134492, 4.95961139677e-05, 6.28641282674e-05, 7.86073505878e-05, 4.56029156339e-05, 2.52971731243e-05, 8.10311830719e-05, 5.195983249e-05, 5.9662565036e-05, 7.32526823413e-05, 3.81309255317e-05, 2.70427808573e-05, 3.49738293153e-05, 4.21044860559e-05, 1.56934183906e-05, 1.39574103741e-05, 1.54005138029e-05, 6.12591065874e-06, 6.80155289956e-06, 4.37262042396e-06, 3.14428962156e-06, 3.18234106089e-06, 2.41166253545e-06, 3.31794672093e-06, 3.42710063705e-06, 2.06867821362e-06, 2.84900829683e-06, 3.02206399283e-06, 3.96215864384e-06, 4.98037843499e-06, 2.23991014536e-06, 1.23998825075e-06, 2.1603177629e-06, 3.40930569109e-06], "median": [0.000220897403779, 0.000437267153757, 0.000291966920486, 0.000871727825142, 0.00126432662364, 0.000470742030302, 6.96128117852e-05, 2.10721682379e-05, 1.40912989082e-05, 1.51605645442e-05, 9.28336248762e-06, 7.85368683864e-06, 2.25105650316e-05, 7.46355226511e-06, 7.05644197296e-06, 9.19612648431e-06, 9.04027638171e-06, 6.5184694904e-06, 8.28509473649e-06, 1.40583433677e-05, 4.67336167276e-06, 3.75201784664e-06, 4.45764271717e-06, 2.00695512831e-06, 1.9223275558e-06, 1.02524268186e-06, 8.93652725154e-07, 7.30907856905e-07, 6.86821124418e-07, 8.71716508755e-07, 5.1399166523e-07, 3.47033989101e-07, 4.07704334293e-07, 3.61578116781e-07, 3.64785421425e-07, 4.33263465993e-07, 3.53013462018e-07, 2.47928852559e-07, 2.70247966228e-07, 3.46416072716e-07], "min": [2.78202092861e-24, 1.28201035814e-23, 6.18008976495e-24, 1.8699614859e-23, 1.51791432091e-23, 5.73085832854e-24, 4.01189610062e-24, 6.36558843466e-24, 1.12184240653e-23, 5.60176281913e-24, 8.36829722487e-24, 6.88471886372e-24, 4.86022055201e-24, 1.52579788126e-23, 1.1842613412e-23, 1.17378881825e-23, 1.08781007933e-23, 1.84340795451e-23, 1.42944451703e-23, 1.21173854982e-23, 8.16873513738e-24, 6.78203283969e-24, 1.0500988993e-23, 9.32171688151e-24, 8.86692515901e-24, 1.50791377345e-23, 8.92671608246e-24, 1.51522604072e-23, 1.90817564364e-23, 1.0122310515e-23, 1.21799918662e-23, 9.79801453e-24, 1.17783591136e-23, 8.88033027237e-24, 8.02525317163e-24, 7.39401456388e-24, 8.14546295181e-24, 1.09247437721e-23, 9.26753554795e-24, 1.01615058579e-23], "var": [2.97712904285e-06, 4.0936406549e-06, 7.29738019345e-07, 2.61146306002e-06, 5.54613643544e-06, 1.87390776318e-06, 2.93472890434e-08, 6.24093754453e-09, 2.19239240096e-08, 5.3879421813e-08, 2.30280718938e-08, 4.81393280793e-09, 3.37088117419e-08, 1.87125710482e-08, 3.15769526082e-08, 4.42577210436e-08, 6.80999789893e-09, 4.3010079942e-09, 4.87650364533e-09, 5.1409627666e-09, 7.70832286889e-10, 7.10641878676e-10, 7.76813169345e-10, 1.19658560838e-10, 1.57550791857e-10, 2.29131325025e-10, 4.67792644898e-11, 5.46982598104e-11, 1.84722827312e-11, 3.81139286798e-11, 9.75456590502e-11, 3.09953174238e-11, 9.06052663452e-11, 1.31253924396e-10, 1.88179846705e-10, 2.6123889163e-10, 4.24236028251e-11, 1.08376554259e-11, 3.44283559994e-11, 1.35279232261e-10]}, "mfcc": {"mean": [-699.112548828, 126.431838989, 6.93500471115, 12.8730735779, 17.4387817383, 4.88907575607, -13.1016893387, -12.4223470688, -12.6733570099, -14.5278081894, -13.3056955338, -9.83698654175, -5.52544784546], "cov": [[14553.8242188, -2002.85400391, 1153.51391602, 549.845703125, 487.099304199, 726.885864258, 914.139221191, 466.545166016, 379.344390869, 212.931182861, 169.889160156, 512.366943359, 270.953063965], [-2002.85400391, 1955.12963867, -445.364105225, 10.3423652649, -46.8762817383, -94.429397583, -118.653610229, -158.826446533, -106.314933777, -88.7970046997, -53.9846305847, -169.318267822, 29.9635448456], [1153.51391602, -445.364105225, 794.242553711, 194.969848633, 228.489013672, 227.248794556, 270.775115967, 148.026397705, 130.482452393, 124.334243774, 99.3248062134, 144.219390869, 53.9238090515], [549.845703125, 10.3423652649, 194.969848633, 384.433868408, 121.426826477, 47.3069267273, 133.843688965, 117.970855713, 41.2894210815, 49.2149963379, 21.621181488, 48.7319374084, 46.6160469055], [487.099304199, -46.8762817383, 228.489013672, 121.426826477, 280.672790527, 134.621109009, 88.8568725586, 118.883201599, 98.3118896484, 92.1395645142, 72.9959182739, 80.2341308594, 51.0292892456], [726.885864258, -94.429397583, 227.248794556, 47.3069267273, 134.621109009, 331.48059082, 108.599372864, 3.55763554573, 117.63217926, 71.602973938, 27.6332168579, 49.3801498413, 101.428497314], [914.139221191, -118.653610229, 270.775115967, 133.843688965, 88.8568725586, 108.599372864, 389.36050415, 94.1497192383, 33.0982589722, 98.9757766724, 93.6390228271, 75.7623672485, -27.1700363159], [466.545166016, -158.826446533, 148.026397705, 117.970855713, 118.883201599, 3.55763554573, 94.1497192383, 324.859375, 78.7970581055, 95.5846328735, 107.802467346, 116.410415649, -31.3869895935], [379.344390869, -106.314933777, 130.482452393, 41.2894210815, 98.3118896484, 117.63217926, 33.0982589722, 78.7970581055, 186.869552612, 97.3743743896, 37.5224113464, 42.5911598206, 58.4528160095], [212.931182861, -88.7970046997, 124.334243774, 49.2149963379, 92.1395645142, 71.602973938, 98.9757766724, 95.5846328735, 97.3743743896, 208.602493286, 98.3485794067, 17.8688526154, -16.6659545898], [169.889160156, -53.9846305847, 99.3248062134, 21.621181488, 72.9959182739, 27.6332168579, 93.6390228271, 107.802467346, 37.5224113464, 98.3485794067, 197.313415527, 84.5464019775, -69.742980957], [512.366943359, -169.318267822, 144.219390869, 48.7319374084, 80.2341308594, 49.3801498413, 75.7623672485, 116.410415649, 42.5911598206, 17.8688526154, 84.5464019775, 268.837921143, 3.57582354546], [270.953063965, 29.9635448456, 53.9238090515, 46.6160469055, 51.0292892456, 101.428497314, -27.1700363159, -31.3869895935, 58.4528160095, -16.6659545898, -69.742980957, 3.57582354546, 265.951843262]], "icov": [[0.000103729646071, 9.14725314942e-05, 3.32527597493e-05, -6.01424399065e-05, -2.38606207859e-05, -0.000122835015645, -0.000189795027836, -4.64745535282e-05, -5.51804878341e-05, 0.000104745246063, 2.53012658504e-05, -4.9108886742e-05, -5.96490281168e-05], [9.14725314942e-05, 0.000733909371775, 0.000461053976323, -0.000280865700915, -0.000333343399689, -0.000105164021079, -0.000227799348067, 0.00018876172544, 9.84073849395e-05, 0.000252476660535, -0.000252665369771, 0.000242381778662, -0.000192383507965], [3.32527597493e-05, 0.000461053976323, 0.00252348231152, -0.000529284006916, -0.00097359897336, -0.000711062806658, -0.00103646458592, 3.46655433532e-05, -0.00027250405401, 0.000132362692966, -0.000124603684526, -0.000257513514953, -0.000109534346848], [-6.01424399065e-05, -0.000280865700915, -0.000529284006916, 0.00377016561106, -0.000908960064407, 0.0005511782947, -0.000817350111902, -0.000990408239886, 0.000246570183663, -0.000119757343782, 0.000793862622231, 9.40630488913e-05, -0.000551570788957], [-2.38606207859e-05, -0.000333343399689, -0.00097359897336, -0.000908960064407, 0.00665825325996, -0.0014579485869, 0.000638218130916, -0.00117494980805, -0.0005813560565, -0.000855085323565, -0.000859252235387, -0.000441748154117, -0.000521585752722], [-0.000122835015645, -0.000105164021079, -0.000711062806658, 0.0005511782947, -0.0014579485869, 0.00577915087342, -0.000859741528984, 0.00158576585818, -0.00224894261919, -0.0002442120458, -0.000147933969856, -0.000186369477888, -0.00119773612823], [-0.000189795027836, -0.000227799348067, -0.00103646458592, -0.000817350111902, 0.000638218130916, -0.000859741528984, 0.00458342209458, -0.000146308811964, 0.00133570644539, -0.00139831088018, -0.0007186018629, -0.000239939967287, 0.000662441598251], [-4.64745535282e-05, 0.00018876172544, 3.46655433532e-05, -0.000990408239886, -0.00117494980805, 0.00158576585818, -0.000146308811964, 0.00550709944218, -0.00151209300384, -0.000722568947822, -0.00120427901857, -0.00125512538943, 0.000436428759713], [-5.51804878341e-05, 9.84073849395e-05, -0.00027250405401, 0.000246570183663, -0.0005813560565, -0.00224894261919, 0.00133570644539, -0.00151209300384, 0.0101362150162, -0.00377586251125, 0.000553040590603, -0.000377553660655, -0.00132990500424], [0.000104745246063, 0.000252476660535, 0.000132362692966, -0.000119757343782, -0.000855085323565, -0.0002442120458, -0.00139831088018, -0.000722568947822, -0.00377586251125, 0.00938941072673, -0.00330672529526, 0.00192562863231, 0.000413303030655], [2.53012658504e-05, -0.000252665369771, -0.000124603684526, 0.000793862622231, -0.000859252235387, -0.000147933969856, -0.0007186018629, -0.00120427901857, 0.000553040590603, -0.00330672529526, 0.0094953449443, -0.00215855054557, 0.00208485894836], [-4.9108886742e-05, 0.000242381778662, -0.000257513514953, 9.40630488913e-05, -0.000441748154117, -0.000186369477888, -0.000239939967287, -0.00125512538943, -0.000377553660655, 0.00192562863231, -0.00215855054557, 0.00548014277592, -0.000394439557567], [-5.96490281168e-05, -0.000192383507965, -0.000109534346848, -0.000551570788957, -0.000521585752722, -0.00119773612823, 0.000662441598251, 0.000436428759713, -0.00132990500424, 0.000413303030655, 0.00208485894836, -0.000394439557567, 0.00550769688562]]}, "spectral_contrast_coeffs": {"dmean": [0.0476207509637, 0.0428105257452, 0.0411414802074, 0.0353748425841, 0.028156587854, 0.0196808055043], "dmean2": [0.0766578391194, 0.0657486021519, 0.0641943141818, 0.0564002208412, 0.0452376268804, 0.030966386199], "dvar": [0.00173593673389, 0.00161015428603, 0.00142274610698, 0.00109509006143, 0.000767183257267, 0.000372336740838], "dvar2": [0.00432123010978, 0.00362318241969, 0.003140933346, 0.00253079854883, 0.00182536710054, 0.000897600490134], "max": [-0.168975710869, -0.31351646781, -0.402091741562, -0.479786604643, -0.527684628963, -0.615202903748], "mean": [-0.542712688446, -0.622767448425, -0.735805392265, -0.738337039948, -0.762401640415, -0.787697136402], "median": [-0.563439965248, -0.628552913666, -0.739162325859, -0.74964761734, -0.768650352955, -0.78678548336], "min": [-0.976459980011, -0.991608440876, -0.987711906433, -0.96172440052, -0.967198491096, -0.960984885693], "var": [0.0142079219222, 0.00901688728482, 0.00679406244308, 0.00634358404204, 0.00392503198236, 0.00179921556264]}, "spectral_contrast_valleys": {"dmean": [0.447927176952, 0.386921733618, 0.467689752579, 0.499660253525, 0.430021554232, 0.539342463017], "dmean2": [0.68882638216, 0.596058964729, 0.70531976223, 0.768927812576, 0.614801585674, 0.718605577946], "dvar": [0.276533782482, 0.244717344642, 0.316160053015, 0.387168258429, 0.334126621485, 0.408754318953], "dvar2": [0.491162806749, 0.439089357853, 0.558024823666, 0.768945932388, 0.627208828926, 0.776924312115], "max": [-5.07954740524