{"lowlevel": {"average_loudness": 0.949185192585, "barkbands_crest": {"dmean": 2.25927424431, "dmean2": 3.67561531067, "dvar": 7.32466173172, "dvar2": 20.7918357849, "max": 25.6356887817, "mean": 11.8515768051, "median": 11.0909481049, "min": 3.46649169922, "var": 19.8329620361}, "barkbands_flatness_db": {"dmean": 0.0381455235183, "dmean2": 0.0516177341342, "dvar": 0.00165894057136, "dvar2": 0.00318964896724, "max": 0.541038274765, "mean": 0.235041067004, "median": 0.217510849237, "min": 0.0298791881651, "var": 0.0105320475996}, "barkbands_kurtosis": {"dmean": 7.64036893845, "dmean2": 12.2788734436, "dvar": 207.733276367, "dvar2": 543.909545898, "max": 154.583282471, "mean": 12.745557785, "median": 8.00974941254, "min": -1.7775452137, "var": 260.097717285}, "barkbands_skewness": {"dmean": 0.818767249584, "dmean2": 1.25908482075, "dvar": 1.25385296345, "dvar2": 3.07863974571, "max": 10.9210138321, "mean": 2.34884643555, "median": 2.08691430092, "min": -2.64883255959, "var": 2.52862977982}, "barkbands_spread": {"dmean": 5.00868940353, "dmean2": 8.00761318207, "dvar": 99.0012512207, "dvar2": 248.501281738, "max": 116.497993469, "mean": 10.5091762543, "median": 6.6255364418, "min": 0.64868170023, "var": 168.197357178}, "dissonance": {"dmean": 0.0320613794029, "dmean2": 0.0512034706771, "dvar": 0.000883018423337, "dvar2": 0.00220212782733, "max": 0.499742805958, "mean": 0.416626662016, "median": 0.422395437956, "min": 0.218252956867, "var": 0.00238283327781}, "dynamic_complexity": 6.72314786911, "erbbands_crest": {"dmean": 2.53096985817, "dmean2": 4.12226486206, "dvar": 8.82542800903, "dvar2": 22.2794837952, "max": 27.0534858704, "mean": 10.8942518234, "median": 10.1088447571, "min": 2.77571558952, "var": 19.4648799896}, "erbbands_flatness_db": {"dmean": 0.0336572863162, "dmean2": 0.0442352108657, "dvar": 0.00144039222505, "dvar2": 0.00257236324251, "max": 0.401160031557, "mean": 0.182730361819, "median": 0.176850482821, "min": 0.0410778410733, "var": 0.00584453996271}, "erbbands_kurtosis": {"dmean": 2.63420891762, "dmean2": 4.21619653702, "dvar": 21.5594711304, "dvar2": 54.5261001587, "max": 55.3509674072, "mean": 4.30099201202, "median": 2.79150056839, "min": -1.70094358921, "var": 33.4082832336}, "erbbands_skewness": {"dmean": 0.469287008047, "dmean2": 0.726631939411, "dvar": 0.302061855793, "dvar2": 0.746636509895, "max": 6.01390504837, "mean": 1.28854000568, "median": 1.255610466, "min": -2.07850909233, "var": 0.843686163425}, "erbbands_spread": {"dmean": 10.1228189468, "dmean2": 16.0402202606, "dvar": 269.540740967, "dvar2": 650.828735352, "max": 174.172637939, "mean": 28.692440033, "median": 19.7494297028, "min": 1.35128498077, "var": 657.733764648}, "hfc": {"dmean": 8.34294128418, "dmean2": 12.578253746, "dvar": 310.391540527, "dvar2": 761.894714355, "max": 157.589035034, "mean": 14.0685892105, "median": 8.72325801849, "min": 1.18033723563e-16, "var": 375.08404541}, "melbands_crest": {"dmean": 2.39350557327, "dmean2": 3.87384939194, "dvar": 7.5399889946, "dvar2": 19.4570236206, "max": 38.325920105, "mean": 14.9482479095, "median": 13.835934639, "min": 1.79705381393, "var": 26.3079128265}, "melbands_flatness_db": {"dmean": 0.0412682555616, "dmean2": 0.055616132915, "dvar": 0.00203254097141, "dvar2": 0.00386011227965, "max": 0.69952583313, "mean": 0.345824509859, "median": 0.331840008497, "min": 0.00473085744306, "var": 0.0144627336413}, "melbands_kurtosis": {"dmean": 13.9881782532, "dmean2": 22.8013210297, "dvar": 930.065673828, "dvar2": 2269.52783203, "max": 458.259857178, "mean": 25.2920970917, "median": 11.6558361053, "min": -1.65250062943, "var": 2141.15771484}, "melbands_skewness": {"dmean": 0.922471344471, "dmean2": 1.4423148632, "dvar": 1.85350906849, "dvar2": 4.4368224144, "max": 16.5664310455, "mean": 2.92975330353, "median": 2.46232557297, "min": -2.3459789753, "var": 4.89752101898}, "melbands_spread": {"dmean": 2.98669433594, "dmean2": 4.68430900574, "dvar": 41.1824684143, "dvar2": 90.5928039551, "max": 144.9296875, "mean": 8.85052680969, "median": 6.17059612274, "min": 0.528175354004, "var": 206.260269165}, "pitch_salience": {"dmean": 0.0648756846786, "dmean2": 0.10817091912, "dvar": 0.00569644430652, "dvar2": 0.0156893152744, "max": 0.86947542429, "mean": 0.523707032204, "median": 0.538248896599, "min": 0.0807546004653, "var": 0.0151777472347}, "silence_rate_20dB": {"dmean": 0.00130208337214, "dmean2": 0.00260586314835, "dvar": 0.00130038429052, "dvar2": 0.00390198803507, "max": 1, "mean": 0.999349355698, "median": 1, "min": 0, "var": 0.000650193891488}, "silence_rate_30dB": {"dmean": 0.046875, "dmean2": 0.0938110724092, "dvar": 0.044677734375, "dvar2": 0.0876179635525, "max": 1, "mean": 0.944046854973, "median": 1, "min": 0, "var": 0.0528220757842}, "silence_rate_60dB": {"dmean": 0.03515625, "dmean2": 0.0703583061695, "dvar": 0.0339202880859, "dvar2": 0.0719230994582, "max": 1, "mean": 0.165256991982, "median": 0, "min": 0, "var": 0.137947544456}, "spectral_centroid": {"dmean": 120.643013, "dmean2": 183.958145142, "dvar": 79907.3515625, "dvar2": 139653.34375, "max": 10960.2207031, "mean": 543.290161133, "median": 422.194061279, "min": 133.286682129, "var": 327854.5625}, "spectral_complexity": {"dmean": 2.1953125, "dmean2": 3.29771995544, "dvar": 10.4539842606, "dvar2": 21.8494129181, "max": 40, "mean": 9.09498977661, "median": 9, "min": 0, "var": 33.2505683899}, "spectral_decrease": {"dmean": 5.54812551457e-09, "dmean2": 9.37450117533e-09, "dvar": 3.04109789066e-16, "dvar2": 8.43798128429e-16, "max": 8.63730745972e-18, "mean": -1.0937267092e-08, "median": -8.64503135745e-09, "min": -1.55385336598e-07, "var": 2.44125906827e-16}, "spectral_energy": {"dmean": 0.0214898567647, "dmean2": 0.0361263900995, "dvar": 0.00443300139159, "dvar2": 0.0122717954218, "max": 0.595837533474, "mean": 0.0425558239222, "median": 0.0335577055812, "min": 1.07145019783e-20, "var": 0.00360454828478}, "spectral_energyband_high": {"dmean": 0.000406052102335, "dmean2": 0.000656502787024, "dvar": 1.32907644002e-06, "dvar2": 3.41139616467e-06, "max": 0.0107167642564, "mean": 0.000364570558304, "median": 3.44510408468e-05, "min": 7.54149530973e-21, "var": 1.13349472031e-06}, "spectral_energyband_low": {"dmean": 0.0159918237478, "dmean2": 0.0289180520922, "dvar": 0.00429686205462, "dvar2": 0.0121963713318, "max": 0.558578372002, "mean": 0.0241249296814, "median": 0.0147824557498, "min": 6.90036197547e-23, "var": 0.00276661966927}, "spectral_energyband_middle_high": {"dmean": 0.000835257407743, "dmean2": 0.00131050462369, "dvar": 4.40580288341e-06, "dvar2": 1.1215331142e-05, "max": 0.018853135407, "mean": 0.0012786447769, "median": 0.000571191485506, "min": 1.52785742037e-21, "var": 4.9254631449e-06}, "spectral_energyband_middle_low": {"dmean": 0.00758298300207, "dmean2": 0.0112813208252, "dvar": 0.000172377112904, "dvar2": 0.00040081347106, "max": 0.20506477356, "mean": 0.0183042958379, "median": 0.0142282629386, "min": 5.25773950551e-22, "var": 0.000372529146262}, "spectral_entropy": {"dmean": 0.363598823547, "dmean2": 0.498528629541, "dvar": 0.16880273819, "dvar2": 0.32751134038, "max": 9.82024669647, "mean": 6.63771104813, "median": 6.6075592041, "min": 4.35740375519, "var": 0.777261614799}, "spectral_flux": {"dmean": 0.040586117655, "dmean2": 0.0608164034784, "dvar": 0.00572404684499, "dvar2": 0.0108349332586, "max": 0.707336425781, "mean": 0.077409774065, "median": 0.0534693785012, "min": 1.03510880423e-10, "var": 0.00914913415909}, "spectral_kurtosis": {"dmean": 8.59555721283, "dmean2": 12.8041620255, "dvar": 203.387832642, "dvar2": 410.80255127, "max": 217.630493164, "mean": 17.9281330109, "median": 10.3687334061, "min": -1.1965495348, "var": 470.809448242}, "spectral_rms": {"dmean": 0.00117344374303, "dmean2": 0.00178953737486, "dvar": 6.12601570538e-06, "dvar2": 1.53003820742e-05, "max": 0.0241102650762, "mean": 0.00541838118806, "median": 0.00572182005271, "min": 3.23313663168e-12, "var": 1.21589418995e-05}, "spectral_rolloff": {"dmean": 303.790985107, "dmean2": 537.812316895, "dvar": 1425835.5, "dvar2": 3613103, "max": 18949.21875, "mean": 774.102416992, "median": 409.130859375, "min": 21.533203125, "var": 4854396}, "spectral_skewness": {"dmean": 0.680787086487, "dmean2": 0.995867490768, "dvar": 0.697412073612, "dvar2": 1.38806545734, "max": 12.128786087, "mean": 3.11094474792, "median": 2.77684402466, "min": -0.0108552528545, "var": 2.4727730751}, "spectral_spread": {"dmean": 1441551.375, "dmean2": 2029114.75, "dvar": 4027861172220.0, "dvar2": 8051680608260.0, "max": 39793468, "mean": 4798546.5, "median": 4084015.5, "min": 623132.125, "var": 10289572479000.0}, "spectral_strongpeak": {"dmean": 0.328821182251, "dmean2": 0.566412866116, "dvar": 0.325759530067, "dvar2": 0.756886303425, "max": 5.70461750031, "mean": 0.605349719524, "median": 0.379800796509, "min": 0, "var": 0.560768306255}, "zerocrossingrate": {"dmean": 0.0120334625244, "dmean2": 0.014504657127, "dvar": 0.000310766597977, "dvar2": 0.000390800792957, "max": 0.5146484375, "mean": 0.0414025634527, "median": 0.0244140625, "min": 0.0029296875, "var": 0.00372992199846}, "barkbands": {"dmean": [0.000539141998161, 0.0117674022913, 0.00420612795278, 0.00180522992741, 0.00369540113024, 0.000658811128233, 0.00302157923579, 0.000643725565169, 0.000612534757238, 0.00014967568859, 0.000199849717319, 0.000241389570874, 4.87719989906e-05, 0.000120604265248, 0.000109736334707, 3.6604655179e-05, 3.74482806365e-05, 3.20707731589e-05, 2.36399991991e-05, 3.41488557751e-05, 2.24040286412e-05, 1.5242480913e-05, 2.80318290606e-05, 3.10525356326e-05, 0.000100575911347, 0.000142558114021, 6.54139948892e-05], "dmean2": [0.000887074682396, 0.0215873178095, 0.00721072591841, 0.0030582153704, 0.0058890231885, 0.00101178418845, 0.00465543707833, 0.000958210090175, 0.000881596468389, 0.000239461252932, 0.000339718011674, 0.000382814061595, 7.76044398663e-05, 0.000178119647899, 0.000182608651812, 5.71563323319e-05, 6.12542717136e-05, 5.08715966134e-05, 3.91680659959e-05, 5.70628617425e-05, 3.70264606318e-05, 2.38733136939e-05, 4.48591636086e-05, 4.97708242619e-05, 0.000166371828527, 0.000232685822994, 0.000104973456473], "dvar": [4.10598886447e-06, 0.00267293304205, 0.000182486968697, 1.40957854455e-05, 4.94550513395e-05, 1.71847068486e-06, 4.74456064694e-05, 3.30778243551e-06, 2.60613637693e-06, 1.45581083189e-07, 4.2362242425e-07, 2.95242358561e-07, 2.18855529255e-08, 2.39020749859e-07, 1.21178288737e-07, 9.63157198441e-09, 8.16493983535e-09, 4.6728811931e-09, 3.30676286353e-09, 1.38279299122e-08, 4.63033877907e-09, 1.32442146139e-09, 6.06813799209e-09, 5.86747495035e-09, 9.56322026013e-08, 2.03016398359e-07, 4.35817639755e-08], "dvar2": [9.65893741522e-06, 0.00767752015963, 0.00051251455443, 3.89516608266e-05, 0.000127340259496, 4.07623929277e-06, 0.000113295100164, 7.56900863053e-06, 4.63293099529e-06, 3.53948422571e-07, 1.17122419852e-06, 7.48796026073e-07, 5.43356222238e-08, 5.13885993314e-07, 3.13725990964e-07, 2.29992256351e-08, 2.0961946845e-08, 1.12064677538e-08, 8.44222913798e-09, 3.84839680123e-08, 1.27447288278e-08, 3.26715920984e-09, 1.58619943846e-08, 1.52018806432e-08, 2.53607851164e-07, 5.25435609688e-07, 1.0907040604e-07], "max": [0.0228947922587, 0.465783208609, 0.128399148583, 0.0512885525823, 0.121436029673, 0.0185281708837, 0.0922232717276, 0.037606023252, 0.0362545922399, 0.00499240122736, 0.00610379083082, 0.0062760761939, 0.00234460132197, 0.00962334871292, 0.00425545079634, 0.00158377399202, 0.00116941181477, 0.000898653583135, 0.000841688830405, 0.0013808303047, 0.000980813289061, 0.000490480801091, 0.000860983273014, 0.000729426566977, 0.00304626184516, 0.00429157866165, 0.00180261349306], "mean": [0.000531072844751, 0.0144556947052, 0.00763518735766, 0.00355192576535, 0.00593564892188, 0.00146505178418, 0.00443881237879, 0.00130809913389, 0.00154690642375, 0.000225273601245, 0.00022224613349, 0.000326418463374, 6.26633845968e-05, 0.000203099378268, 0.000101771838672, 5.24709830643e-05, 4.19983007305e-05, 3.72950380552e-05, 2.7638832762e-05, 3.1709594623e-05, 2.2419166271e-05, 1.64347275131e-05, 2.86017748294e-05, 3.21236184391e-05, 8.47566479933e-05, 0.000115888862638, 5.46103474335e-05], "median": [7.3866583989e-05, 0.00966565683484, 0.00231024762616, 0.00179224775638, 0.00360059784725, 0.000823837821372, 0.00114840932656, 0.000392470537918, 0.000394622678868, 5.4099906265e-05, 7.01683820807e-05, 8.75013429322e-05, 2.36833930103e-05, 3.00742703985e-05, 1.7893347831e-05, 1.15749780889e-05, 1.23239806271e-05, 1.04471446321e-05, 6.57515874991e-06, 6.75652654536e-06, 4.87764827994e-06, 3.81630934498e-06, 4.98777944813e-06, 3.81076074518e-06, 3.52959227712e-06, 2.25014218813e-06, 6.8933923103e-07], "min": [8.15213671507e-24, 2.25772022629e-23, 2.29694933247e-23, 2.1207146508e-23, 6.45285380572e-23, 1.45062584254e-22, 2.57328005005e-23, 6.57348136663e-23, 1.2754270299e-22, 1.14514646208e-22, 8.64312358471e-23, 6.75784699542e-23, 5.21574982792e-23, 1.46827209301e-22, 2.04784289893e-22, 1.71625512551e-22, 1.44120330923e-22, 2.15846656761e-22, 2.79996396433e-22, 1.84826853675e-22, 5.60225538387e-22, 5.04817210582e-22, 6.24800202719e-22, 6.3825673088e-22, 1.1245413395e-21, 1.71317061626e-21, 2.5264965594e-21], "var": [3.65005348613e-06, 0.00156202656217, 0.000190720587852, 2.32645816141e-05, 6.78088763379e-05, 4.48581113233e-06, 7.52010237193e-05, 8.13829865365e-06, 1.27629782583e-05, 2.50838837701e-07, 3.04893120529e-07, 3.62466863635e-07, 2.33537029715e-08, 5.68546397517e-07, 9.96323521463e-08, 1.73627636713e-08, 8.06630495731e-09, 5.51669110394e-09, 3.92944388139e-09, 9.43308631207e-09, 3.38433747693e-09, 1.33438038397e-09, 5.52680834431e-09, 5.90778714837e-09, 7.45005905856e-08, 1.64457958363e-07, 3.75130895236e-08]}, "erbbands": {"dmean": [0.290438354015, 2.77047753334, 5.67043304443, 4.19259595871, 14.0790548325, 9.23165035248, 3.94541764259, 7.33561658859, 45.1673088074, 21.1038951874, 13.1545133591, 10.6151218414, 10.7251405716, 6.39744615555, 8.85185337067, 7.41482114792, 2.62479400635, 2.93621063232, 7.02387952805, 4.44264268875, 2.08704209328, 2.03033709526, 1.63835668564, 1.45730388165, 1.40619051456, 1.46994531155, 1.0327886343, 0.723178446293, 0.51005679369, 0.948133170605, 0.70102596283, 0.558095037937, 0.687201738358, 0.922117710114, 0.822355747223, 0.531607806683, 0.26264128089, 0.0857111215591, 0.0109559809789, 0.000557390099857], "dmean2": [0.524966299534, 5.09672117233, 9.9605588913, 7.00048208237, 22.8455848694, 14.9058609009, 6.20039129257, 10.9108371735, 71.1023330688, 30.1623935699, 19.1452980042, 15.685956955, 15.0310325623, 10.5739431381, 14.6589603424, 11.8808526993, 4.03900766373, 4.55131721497, 10.7604732513, 7.00363588333, 3.3196387291, 3.30983614922, 2.57828330994, 2.34605360031, 2.3556394577, 2.46799445152, 1.71961438656, 1.18297851086, 0.802584290504, 1.47750818729, 1.14162695408, 0.904511272907, 1.1031024456, 1.5217000246, 1.36920261383, 0.871294975281, 0.428615629673, 0.138871982694, 0.0176408644766, 0.000893478572834], "dvar": [1.71730291843, 143.452514648, 400.13583374, 70.8111114502, 842.317932129, 231.990783691, 73.256072998, 188.84413147, 11737.3291016, 2519.54467773, 1377.05285645, 580.233520508, 1236.31774902, 304.691070557, 638.175231934, 315.212005615, 49.0874061584, 85.503288269, 524.136901855, 170.309082031, 31.4240875244, 22.3779296875, 11.6050071716, 11.39133358, 15.9825410843, 25.651763916, 9.99298381805, 4.29933452606, 1.27166581154, 7.00997877121, 3.76169872284, 2.05886340141, 2.97090816498, 7.7515501976, 6.74577331543, 2.65359091759, 0.725683927536, 0.0781685858965, 0.00120022566989, 3.03735100715e-06], "dvar2": [4.87118291855, 413.541931152, 1146.86755371, 185.679107666, 2260.29248047, 593.663085938, 177.738647461, 430.57220459, 29498.0957031, 5286.84521484, 3104.83544922, 1203.36975098, 2060.265625, 824.254882812, 1699.03271484, 823.056518555, 118.357627869, 186.673370361, 1214.3671875, 429.006622314, 80.7280197144, 57.1707763672, 28.0309047699, 27.784488678, 42.8863143921, 71.1773681641, 27.63697052, 11.7329978943, 3.13764953613, 17.9328842163, 10.02202034, 5.56884336472, 7.53713560104, 20.3074836731, 18.0861206055, 6.8448805809, 1.89823746681, 0.201428636909, 0.00296676368453, 7.47172998672e-06], "max": [12.6212368011, 103.731109619, 179.665603638, 94.8706283569, 546.684143066, 188.974258423, 153.6771698, 159.559570312, 1297.08691406, 911.144714355, 768.169067383, 433.739349365, 803.538024902, 173.10307312, 227.562942505, 182.644180298, 102.843460083, 159.3931427, 377.630218506, 161.558792114, 75.9067611694, 54.2868499756, 41.8011741638, 41.1054878235, 39.6592292786, 59.5581207275, 38.5662574768, 31.1354007721, 11.3410596848, 26.4791412354, 23.6170368195, 13.6145677567, 14.9039516449, 29.0620689392, 25.0896949768, 14.5699691772, 8.59715747833, 2.47362732887, 0.288967519999, 0.0154611133039], "mean": [0.352490335703, 3.47326517105, 9.00402355194, 10.2780265808, 21.4805431366, 16.2804374695, 8.3217792511, 16.5041599274, 63.7315216064, 39.157989502, 28.444486618, 27.6783180237, 23.3089542389, 8.51638317108, 11.5240211487, 9.75715827942, 3.7701125145, 4.56009054184, 9.91190433502, 5.04553508759, 2.67090821266, 2.3578722477, 2.02150726318, 1.79600346088, 1.45332074165, 1.39696991444, 1.01982092857, 0.713759362698, 0.543356180191, 0.997175574303, 0.721443414688, 0.596294403076, 0.650864541531, 0.820584356785, 0.659921109676, 0.424140006304, 0.214065223932, 0.0710363760591, 0.00923028308898, 0.000504685624037], "median": [0.162168174982, 2.33653211594, 3.96110630035, 6.02575778961, 11.3451890945, 10.7194290161, 5.34343862534, 8.29170608521, 14.8601408005, 13.2386484146, 9.94595050812, 9.10080051422, 4.09452390671, 2.41598176956, 4.68022298813, 2.97964715958, 1.3944901228, 1.20949339867, 1.59619390965, 1.11288309097, 0.670319676399, 0.771404325962, 0.698766052723, 0.487403869629, 0.321222156286, 0.314544767141, 0.23534783721, 0.154012516141, 0.125446513295, 0.184117287397, 0.128506287932, 0.0844141095877, 0.0626150667667, 0.0469529479742, 0.0229142475873, 0.0102078914642, 0.00357285491191, 0.00104626954999, 0.000132931498229, 6.39410573058e-05], "min": [1.45529837296e-21, 2.02580328644e-21, 1.91028185934e-20, 6.75860004078e-20, 1.05969953178e-19, 2.44393355412e-19, 3.57872195697e-19, 1.78320080937e-18, 5.53786666756e-19, 6.73921881129e-19, 2.08119386581e-18, 2.4221237999e-18, 4.76497515938e-18, 3.33303597675e-18, 2.78951524178e-18, 2.3216201147e-18, 2.78585951707e-18, 6.8787740034e-18, 7.94316478662e-18, 1.22494339683e-17, 8.5363864619e-18, 9.36926717605e-18, 1.02736584813e-17, 1.06994951966e-17, 1.72696419096e-17, 8.67817183634e-18, 1.44800977165e-17, 2.61482875848e-17, 1.98356372334e-17, 1.42370588176e-17, 1.84382396656e-17, 1.37269820288e-17, 1.24618589127e-17, 1.11297821435e-17, 8.05628752565e-18, 8.75892782518e-18, 2.18445185565e-18, 1.27357007768e-18, 4.10982515998e-19, 3.39902924735e-20], "var": [1.0415019989, 83.5114898682, 310.663146973, 145.745819092, 978.946350098, 389.736022949, 129.194244385, 512.015991211, 16583.0429688, 6295.98681641, 3406.82592773, 2476.94262695, 5500.51855469, 319.069732666, 538.74621582, 332.395080566, 61.3440895081, 170.924667358, 995.453796387, 169.087966919, 36.7732124329, 22.4178771973, 14.2689247131, 13.9337158203, 13.0310277939, 17.6887722015, 7.18359947205, 3.2250893116, 1.31837558746, 6.59443187714, 3.39130830765, 2.03438687325, 2.76761054993, 6.32457542419, 5.04033851624, 2.14239192009, 0.57581359148, 0.0641999170184, 0.00105608580634, 2.69307770395e-06]}, "gfcc": {"mean": [-110.880012512, 125.468261719, -53.5509223938, 15.1260271072, -45.4016838074, 4.18842554092, -29.2746963501, 6.22107791901, -14.4092683792, 1.31279659271, -12.248913765, -4.78838634491, -12.8083810806], "cov": [[42531.2226562, 376.318603516, -1469.484375, -1002.52813721, -611.405029297, 785.815124512, -409.437255859, 806.614746094, -722.19720459, -202.416381836, -410.813140869, 411.330688477, -81.3361282349], [376.318603516, 3796.71264648, -344.196899414, 259.437286377, 306.060913086, -319.441986084, 274.438446045, -255.938308716, 435.887939453, -203.832748413, 241.008972168, -291.703826904, 176.602966309], [-1469.484375, -344.196899414, 1203.61950684, 159.717880249, 138.073684692, 11.8638963699, -26.4225177765, 6.65678405762, -41.8334770203, 104.888969421, -23.3384780884, 32.9050102234, -84.6445388794], [-1002.52813721, 259.437286377, 159.717880249, 548.899353027, 76.6333694458, -13.143989563, 126.079856873, -96.8464279175, 84.9344558716, -23.6293468475, 74.3074188232, -44.0562705994, 68.9393692017], [-611.405029297, 306.060913086, 138.073684692, 76.6333694458, 259.524139404, -7.49550008774, 69.0234451294, -38.3328514099, 33.2985725403, 10.9590330124, 33.475894928, -9.17979240417, 28.7515239716], [785.815124512, -319.441986084, 11.8638963699, -13.143989563, -7.49550008774, 196.953979492, 15.1856985092, 65.3974914551, -59.2850494385, -7.75733137131, -34.6588096619, 44.9625358582, -4.02497625351], [-409.437255859, 274.438446045, -26.4225177765, 126.079856873, 69.0234451294, 15.1856985092, 160.421615601, -1.27236282825, 61.5729408264, -36.9138298035, 23.0456104279, -31.0188388824, 56.862537384], [806.614746094, -255.938308716, 6.65678405762, -96.8464279175, -38.3328514099, 65.3974914551, -1.27236282825, 135.584823608, -11.6958284378, 17.4670696259, -44.7911262512, 32.2894325256, -24.8255767822], [-722.19720459, 435.887939453, -41.8334770203, 84.9344558716, 33.2985725403, -59.2850494385, 61.5729408264, -11.6958284378, 149.137680054, 3.91875386238, 48.8299980164, -53.5142631531, 17.5228672028], [-202.416381836, -203.832748413, 104.888969421, -23.6293468475, 10.9590330124, -7.75733137131, -36.9138298035, 17.4670696259, 3.91875386238, 103.897003174, 24.8490047455, 25.3324279785, -34.9640426636], [-410.813140869, 241.008972168, -23.3384780884, 74.3074188232, 33.475894928, -34.6588096619, 23.0456104279, -44.7911262512, 48.8299980164, 24.8490047455, 114.493438721, 13.8806428909, 14.5084009171], [411.330688477, -291.703826904, 32.9050102234, -44.0562705994, -9.17979240417, 44.9625358582, -31.0188388824, 32.2894325256, -53.5142631531, 25.3324279785, 13.8806428909, 105.883613586, 3.62446498871], [-81.3361282349, 176.602966309, -84.6445388794, 68.9393692017, 28.7515239716, -4.02497625351, 56.862537384, -24.8255767822, 17.5228672028, -34.9640426636, 14.5084009171, 3.62446498871, 99.4965591431]], "icov": [[4.24733916589e-05, -0.000102977406641, 6.17068071733e-05, -7.71392951719e-05, 6.69014043524e-05, -9.03774416656e-05, 0.000109790911665, -0.000313523021759, 0.00035390877747, -0.000116201757919, 0.000125854785438, -0.000139320487506, 4.30445215898e-05], [-0.000102977406641, 0.00100174499676, -0.000203057395993, 0.000572676886804, -0.000742713920772, 0.000495357671753, -0.000147804385051, 0.00100743595976, -0.00218792306259, 0.0019012929406, -0.0016855065478, 0.00151733995881, -0.000617326993961], [6.17068071733e-05, -0.000203057395993, 0.00130899832584, -0.000811501697171, -0.00058310397435, 0.000112602414447, 0.000131592110847, -0.000528098433279, 0.000983901321888, -0.00126462557819, 0.00120768137276, -0.000844986410812, 0.00128982099704], [-7.71392951719e-05, 0.000572676886804, -0.000811501697171, 0.00348468264565, 0.000137226379593, -0.000582593376748, -0.00184780941345, 0.0028362213634, -0.00232219975442, 0.00112630811054, -0.00186987256166, 0.00128427322488, -0.00145325786434], [6.69014043524e-05, -0.000742713920772, -0.00058310397435, 0.000137226379593, 0.00581436092034, -0.000761179893743, -0.00243507605046, 0.00128723739181, 0.00109590601642, -0.0025445157662, 0.000950700312387, -0.00129478110466, -0.000394933915231], [-9.03774416656e-05, 0.000495357671753, 0.000112602414447, -0.000582593376748, -0.000761179893743, 0.0081530129537, -0.00197777641006, -0.00270909140818, 0.00192075630184, 0.00149665493518, -2.89912695735e-05, -0.00125345180277, 0.000788019853644], [0.000109790911665, -0.000147804385051, 0.000131592110847, -0.00184780941345, -0.00243507605046, -0.00197777641006, 0.0135803287849, -0.00489276042208, -0.00175373372622, 0.00330481235869, -0.00234351167455, 0.00325437542051, -0.0049205981195], [-0.000313523021759, 0.00100743595976, -0.000528098433279, 0.0028362213634, 0.00128723739181, -0.00270909140818, -0.00489276042208, 0.0177131593227, -0.00789987575263, -0.00154676672537, 0.00547796115279, -0.00466150278226, 0.00249417126179], [0.00035390877747, -0.00218792306259, 0.000983901321888, -0.00232219975442, 0.00109590601642, 0.00192075630184, -0.00175373372622, -0.00789987575263, 0.0193407572806, -0.00535161560401, -0.0024936797563, 0.00387059594505, 0.000346823595464], [-0.000116201757919, 0.0019012929406, -0.00126462557819, 0.00112630811054, -0.0025445157662, 0.00149665493518, 0.00330481235869, -0.00154676672537, -0.00535161560401, 0.0189334917814, -0.00764738442376, 0.000838491134346, 0.00187570904382], [0.000125854785438, -0.0016855065478, 0.00120768137276, -0.00186987256166, 0.000950700312387, -2.89912695735e-05, -0.00234351167455, 0.00547796115279, -0.0024936797563, -0.00764738442376, 0.0201584547758, -0.0107258185744, 0.00305091566406], [-0.000139320487506, 0.00151733995881, -0.000844986410812, 0.00128427322488, -0.00129478110466, -0.00125345180277, 0.00325437542051, -0.00466150278226, 0.00387059594505, 0.000838491134346, -0.0107258185744, 0.0211489759386, -0.00670877331868], [4.30445215898e-05, -0.000617326993961, 0.00128982099704, -0.00145325786434, -0.000394933915231, 0.000788019853644, -0.0049205981195, 0.00249417126179, 0.000346823595464, 0.00187570904382, 0.00305091566406, -0.00670877331868, 0.0172637756914]]}, "melbands": {"dmean": [0.00297198095359, 0.00327518279664, 0.000980311539024, 0.000945162551943, 0.000153216751642, 0.000179249895154, 0.00065537285991, 0.000202643102966, 0.000101140351035, 7.34922723495e-05, 5.35982071597e-05, 2.49292297667e-05, 2.80479998764e-05, 3.1071704143e-05, 1.26389641082e-05, 3.24527809425e-06, 6.53188362776e-06, 1.25839424072e-05, 9.72289035417e-06, 3.1134306937e-06, 2.29757529269e-06, 2.22074027079e-06, 1.66766369603e-06, 1.58155626195e-06, 1.19400294807e-06, 8.15213809346e-07, 1.51022766204e-06, 7.94903883161e-07, 6.80966422806e-07, 5.51516620817e-07, 3.75514190409e-07, 2.55877154132e-07, 3.60872462579e-07, 6.04175227181e-07, 4.08815026276e-07, 3.60355414841e-07, 3.33450799417e-07, 3.89823668456e-07, 6.95108667514e-07, 8.05386264346e-07], "dmean2": [0.00539544504136, 0.00589836714789, 0.00162683043163, 0.0015063699102, 0.00024262824445, 0.000263567082584, 0.00102834845893, 0.000285764224827, 0.000148261824506, 0.000105917366454, 7.5286385254e-05, 4.11093897128e-05, 4.69429578516e-05, 5.11616854055e-05, 1.88482208614e-05, 5.27705196873e-06, 1.00547931652e-05, 1.8870945496e-05, 1.61728203238e-05, 4.77280264022e-06, 3.73524676434e-06, 3.63631511391e-06, 2.76529749499e-06, 2.47925527219e-06, 1.94452013602e-06, 1.34269578211e-06, 2.53211828749e-06, 1.34508309202e-06, 1.14551164643e-06, 9.2455769618e-07, 6.11140535511e-07, 4.07552079196e-07, 5.64556160043e-07, 9.55969312599e-07, 6.66590096898e-07, 5.95885921939e-07, 5.44565182281e-07, 6.25360826234e-07, 1.16223304758e-06, 1.33158755489e-06], "dvar": [0.000175607798155, 0.00016283725563, 3.77925789508e-06, 3.14945259561e-06, 8.25262631565e-08, 1.10181730406e-07, 2.42109285864e-06, 2.2960720969e-07, 6.87469636773e-08, 3.46312383215e-08, 3.12646015743e-08, 4.60347715503e-09, 7.42718420099e-09, 6.16019013577e-09, 9.31142773997e-10, 1.13232236088e-10, 4.851283264e-10, 2.28390595325e-09, 1.03614417046e-09, 6.98953603329e-11, 4.70389942275e-11, 2.92691010317e-11, 1.3534977826e-11, 1.45346608013e-11, 8.24958244078e-12, 3.88864591569e-12, 2.75226022528e-11, 7.13697547242e-12, 4.17515414602e-12, 3.2990520038e-12, 9.24837571976e-13, 3.44604336386e-13, 8.08361353116e-13, 3.20507335949e-12, 1.25130494074e-12, 9.73332634109e-13, 7.45199854515e-13, 8.7048180079e-13, 4.21451632274e-12, 6.34400648333e-12], "dvar2": [0.000500115100294, 0.000468542857561, 1.00718061731e-05, 8.16514329927e-06, 2.00076513579e-07, 2.50821159398e-07, 5.93928916715e-06, 4.83857434119e-07, 1.55490880616e-07, 6.32753440755e-08, 5.14432585419e-08, 1.23217427372e-08, 2.00252863181e-08, 1.61465329995e-08, 2.06327044339e-09, 2.9158500614e-10, 1.04485886609e-09, 5.08936270904e-09, 2.64571764497e-09, 1.57466678585e-10, 1.24995680473e-10, 7.53584139535e-11, 3.48450192311e-11, 3.44282692633e-11, 2.05899568229e-11, 9.7875084773e-12, 7.62369334328e-11, 1.98296882387e-11, 1.15271733131e-11, 9.22310144924e-12, 2.42340652754e-12, 8.57777607624e-13, 2.00615392354e-12, 8.34755441853e-12, 3.30987906354e-12, 2.65679882608e-12, 2.03826929293e-12, 2.16085526208e-12, 1.12435807192e-11, 1.66502575616e-11], "max": [0.123061195016, 0.110506922007, 0.0303674824536, 0.0287880375981, 0.00499832443893, 0.00384880090132, 0.0205853208899, 0.0083574373275, 0.00508283497766, 0.00419351365417, 0.00404892163351, 0.000713439658284, 0.000809909950476, 0.000897536869161, 0.000379397155484, 0.00017973514332, 0.000412942725234, 0.000878730032127, 0.000473564490676, 0.000160149473231, 0.000102502315713, 6.85182021698e-05, 3.62639693776e-05, 6.10797578702e-05, 3.78206277674e-05, 3.00918381981e-05, 6.01831561653e-05, 3.09873939841e-05, 2.2880074539e-05, 2.80110361928e-05, 1.26024151541e-05, 5.30674606125e-06, 1.11944509626e-05, 1.91697108676e-05, 1.34593965413e-05, 1.08887279566e-05, 8.98595681065e-06, 8.42344161356e-06, 2.14360043174e-05, 3.00421797874e-05], "mean": [0.00366515223868, 0.00481223454699, 0.00217591831461, 0.00151504494715, 0.000334063835908, 0.000397053692723, 0.00092773034703, 0.00039571445086, 0.000217120526941, 0.000188113292097, 0.000114395690616, 3.20526160067e-05, 3.49824185832e-05, 3.90393397538e-05, 1.7523074348e-05, 3.99897953685e-06, 1.03230213426e-05, 1.95539632841e-05, 8.84632936504e-06, 4.60762021248e-06, 2.6566260658e-06, 2.44281341111e-06, 1.96924474949e-06, 1.87240050309e-06, 1.41785676533e-06, 9.60238480729e-07, 1.35533593948e-06, 7.60007594636e-07, 6.63005948809e-07, 5.13760085141e-07, 3.80718859105e-07, 2.70495092991e-07, 3.89567247794e-07, 6.18977139766e-07, 4.18596812324e-07, 3.69332042283e-07, 3.49311079617e-07, 3.7959748056e-07, 6.16995862401e-07, 7.12076257514e-07], "median": [0.00225334707648, 0.00273350882344, 0.00152702839114, 0.000949473702349, 0.000237853586441, 0.000190683378605, 0.000247607007623, 0.000129801715957, 7.02299876139e-05, 5.23612106917e-05, 1.34338524731e-05, 7.47130752643e-06, 1.47713317347e-05, 1.0516941984e-05, 3.63509184353e-06, 1.53910195877e-06, 2.32015440815e-06, 2.34932213061e-06, 1.30486716898e-06, 9.90161652226e-07, 5.66732865082e-07, 6.50599019991e-07, 6.36276524801e-07, 4.98433848861e-07, 3.57802321105e-07, 2.12579990944e-07, 2.51061294421e-07, 1.67625429981e-07, 1.4653113567e-07, 1.07587233344e-07, 7.52075735022e-08, 6.52358593811e-08, 7.71959136614e-08, 1.05921856175e-07, 6.85065018047e-08, 5.84937005499e-08, 4.33711022652e-08, 3.82746243588e-08, 4.44265388921e-08, 3.56130165358e-08], "min": [8.81606571873e-24, 7.44938076651e-24, 1.0913832248e-23, 1.38020965689e-23, 1.17902953679e-23, 3.48026214732e-23, 7.94947045991e-24, 8.00176089387e-24, 2.0103874045e-23, 1.55131200951e-23, 2.27914221748e-23, 1.217659582e-23, 1.06528715386e-23, 6.55657126538e-24, 7.04911984295e-24, 6.88092759821e-24, 1.2561309084e-23, 1.20947885776e-23, 1.50419618754e-23, 1.39121142662e-23, 9.81728087989e-24, 9.99054076709e-24, 1.07751891551e-23, 7.58065510975e-24, 8.47287335964e-24, 1.15110685842e-23, 1.01822970759e-23, 4.97347179015e-24, 6.2055403899e-24, 1.62956022711e-23, 1.41759535291e-23, 1.22285904312e-23, 7.23279900499e-24, 8.60005193705e-24, 1.04910051694e-23, 9.83459795448e-24, 7.81301566711e-24, 7.85732992846e-24, 1.04749258176e-23, 9.08783461147e-24], "var": [0.000104799117253, 0.000105558960058, 6.25765233053e-06, 4.3421623559e-06, 1.62108690915e-07, 3.00987579749e-07, 3.54134431291e-06, 6.10021402281e-07, 1.7111729278e-07, 1.67856811117e-07, 1.40729653708e-07, 5.32768407169e-09, 5.83436898793e-09, 6.41935304913e-09, 1.58457214017e-09, 1.06995086402e-10, 1.06651387721e-09, 5.00537522541e-09, 8.73915884103e-10, 1.44685305403e-10, 4.51381571009e-11, 2.81500222438e-11, 1.43875441075e-11, 1.80601627403e-11, 9.8500296461e-12, 4.95183755111e-12, 1.89850739296e-11, 4.92611420405e-12, 3.03591960599e-12, 2.2236763212e-12, 7.96874610569e-13, 3.42497216569e-13, 8.29638983381e-13, 2.83431828355e-12, 1.12509589319e-12, 9.00250143529e-13, 7.13920133948e-13, 8.58288863159e-13, 3.33477624855e-12, 5.10013776003e-12]}, "mfcc": {"mean": [-757.763000488, 160.230255127, 43.8192977905, 23.2396469116, 10.7346992493, 2.20806789398, 1.30758297443, 2.58783316612, 0.975366950035, 4.34082603455, 2.64848804474, 0.729302227497, 3.84436917305], "cov": [[21227.4628906, 2925.65112305, -676.83026123, -695.24029541, -268.563079834, -444.573120117, -48.5998191833, 240.839096069, 37.6200065613, 40.2388572693, -2.99841809273, -174.524154663, 58.0221099854], [2925.65112305, 3143.51928711, -67.1669692993, 199.420425415, 67.0531158447, 23.0944080353, -46.7334251404, 114.774200439, 40.969379425, 126.68535614, 77.7505264282, 17.9722499847, 4.02841711044], [-676.83026123, -67.1669692993, 871.192077637, 266.275787354, 196.992935181, 101.689125061, 73.1176147461, -8.33531475067, 25.6294116974, 1.01543915272, 23.0111255646, 52.0277671814, 46.3640937805], [-695.24029541, 199.420425415, 266.275787354, 417.869018555, 104.495491028, 116.466339111, 20.9983730316, -0.603037655354, 18.8235378265, 29.5569629669, 5.4162478447, 34.7326622009, 45.4078865051], [-268.563079834, 67.0531158447, 196.992935181, 104.495491028, 172.716384888, 69.8884048462, 37.5218582153, -5.42614793777, 2.41164135933, -12.0426797867, 11.59719944, 10.111779213, 19.7095127106], [-444.573120117, 23.0944080353, 101.689125061, 116.466339111, 69.8884048462, 136.701812744, 54.1981468201, 15.9597520828, 5.73512887955, 4.1023440361, -11.9546928406, 2.2160449028, 4.55276441574], [-48.5998191833, -46.7334251404, 73.1176147461, 20.9983730316, 37.5218582153, 54.1981468201, 103.91027832, 31.8513088226, 22.5471858978, -7.1799492836, -15.3890714645, -8.61005115509, 3.62897276878], [240.839096069, 114.774200439, -8.33531475067, -0.603037655354, -5.42614793777, 15.9597520828, 31.8513088226, 98.2139511108, 44.1127052307, 10.0973033905, 2.59582924843, -7.3367857933, -12.7794065475], [37.6200065613, 40.969379425, 25.6294116974, 18.8235378265, 2.41164135933, 5.73512887955, 22.5471858978, 44.1127052307, 99.084236145, 36.0731430054, -7.13430833817, -15.8809080124, -14.1348466873], [40.2388572693, 126.68535614, 1.01543915272, 29.5569629669, -12.0426797867, 4.1023440361, -7.1799492836, 10.0973033905, 36.0731430054, 95.291267395, 35.5120353699, -5.70736932755, -15.8702125549], [-2.99841809273, 77.7505264282, 23.0111255646, 5.4162478447, 11.59719944, -11.9546928406, -15.3890714645, 2.59582924843, -7.13430833817, 35.5120353699, 95.5275497437, 37.2212524414, -8.29662704468], [-174.524154663, 17.9722499847, 52.0277671814, 34.7326622009, 10.111779213, 2.2160449028, -8.61005115509, -7.3367857933, -15.8809080124, -5.70736932755, 37.2212524414, 87.8714904785, 33.8768730164], [58.0221099854, 4.02841711044, 46.3640937805, 45.4078865051, 19.7095127106, 4.55276441574, 3.62897276878, -12.7794065475, -14.1348466873, -15.8702125549, -8.29662704468, 33.8768730164, 82.9462051392]], "icov": [[6.66555861244e-05, -6.83063481119e-05, -7.78687717684e-06, 9.89611580735e-05, 3.34830583597e-05, 0.000174179236637, -7.11993779987e-05, -0.00011703283235, 4.02887926612e-05, 7.66244193073e-06, -2.26613155974e-05, 0.000178396032425, -0.000192359730136], [-6.83063481119e-05, 0.000454789667856, 0.000125195772853, -0.000300989690004, -0.000378106109565, -9.61492969509e-06, 0.000348803761881, -0.000525890674908, 0.000209469188121, -0.000533256388735, 4.11643632106e-05, -0.000218646295252, 0.000141659344081], [-7.78687717684e-06, 0.000125195772853, 0.00184776913375, -0.000851649383549, -0.00160925590899, 0.000437765527749, -0.000805648392998, 0.000254182668868, -0.000360573001672, -9.46236905293e-05, -7.56498920964e-05, -0.000754736596718, 8.66543487064e-05], [9.89611580735e-05, -0.000300989690004, -0.000851649383549, 0.00444840546697, -0.000392983638449, -0.00300600426272, 0.00143341091461, 0.000190578706679, -0.000668555614538, -0.00109024206176, 0.000420543336077, -0.000344884203514, -0.00192836986389], [3.34830583597e-05, -0.000378106109565, -0.00160925590899, -0.000392983638449, 0.010539714247, -0.00387176289223, -0.00110296451021, 0.00219280249439, -0.00161893013865, 0.00374168413691, -0.0039261742495, 0.00250911619514, -0.00177368475124], [0.000174179236637, -9.61492969509e-06, 0.000437765527749, -0.00300600426272, -0.00387176289223, 0.0148894712329, -0.00588614819571, -0.00223089172505, 0.00331478333101, -0.00274061248638, 0.00350784836337, -0.00134291744325, 0.0022359394934], [-7.11993779987e-05, 0.000348803761881, -0.000805648392998, 0.00143341091461, -0.00110296451021, -0.00588614819571, 0.0154037307948, -0.00370477233082, -0.00207656715065, 0.00117287959438, 0.000616264704149, 0.00119822402485, -0.00151825684588], [-0.00011703283235, -0.000525890674908, 0.000254182668868, 0.000190578706679, 0.00219280249439, -0.00223089172505, -0.00370477233082, 0.0159141700715, -0.00714330980554, 0.00304351956584, -0.00282460171729, 8.9397362899e-05, 0.00112234975677], [4.02887926612e-05, 0.000209469188121, -0.000360573001672, -0.000668555614538, -0.00161893013865, 0.00331478333101, -0.00207656715065, -0.00714330980554, 0.0171296782792, -0.00788144953549, 0.00493687856942, -0.000376071926439, 0.00178072031122], [7.66244193073e-06, -0.000533256388735, -9.46236905293e-05, -0.00109024206176, 0.00374168413691, -0.00274061248638, 0.00117287959438, 0.00304351956584, -0.00788144953549, 0.0186381470412, -0.00945743732154, 0.00449128309265, -0.000208113808185], [-2.26613155974e-05, 4.11643632106e-05, -7.56498920964e-05, 0.000420543336077, -0.0039261742495, 0.00350784836337, 0.000616264704149, -0.00282460171729, 0.00493687856942, -0.00945743732154, 0.019804649055, -0.0101224612445, 0.00525110866874], [0.000178396032425, -0.000218646295252, -0.000754736596718, -0.000344884203514, 0.00250911619514, -0.00134291744325, 0.00119822402485, 8.9397362899e-05, -0.000376071926439, 0.00449128309265, -0.0101224612445, 0.0200021415949, -0.00845117308199], [-0.000192359730136, 0.000141659344081, 8.66543487064e-05, -0.00192836986389, -0.00177368475124, 0.0022359394934, -0.00151825684588, 0.00112234975677, 0.00178072031122, -0.000208113808185, 0.00525110866874, -0.00845117308199, 0.0179694853723]]}, "spectral_contrast_coeffs": {"dmean": [0.0475815832615, 0.0450867265463, 0.0387261807919, 0.0304990727454, 0.0242543891072, 0.0208962634206], "dmean2": [0.0784100443125, 0.0719141587615, 0.0595810003579, 0.0467534102499, 0.0364589951932, 0.0316922031343], "dvar": [0.00195089436602, 0.00186311453581, 0.00140544970054, 0.000723721052054, 0.000537088140845, 0.000446536781965], "dvar2": [0.00486514950171, 0.00434598652646, 0.00278355716728, 0.00152009457815, 0.00106683850754, 0.00100837834179], "max": [-0.352238595486, -0.435563504696, -0.437144368887, -0.570996403694, -0.645314693451, -0.684619188309], "mean": [-0.649948656559, -0.710828304291, -0.753492057323, -0.793686330318, -0.809648931026, -0.814488172531], "median": [-0.641385138035, -0.711738348007, -0.75774282217, -0.795645296574, -0.807125747204, -0.815613508224], "min": [-0.9607899189, -0.961852431297, -0.956142485142, -0.966936230659, -0.957644939423, -0.965375900269], "var": [0.00693590473384, 0.00716109806672, 0.00864928215742, 0.00475673656911, 0.00304196844809, 0.00204629567452]}, "spectral_contrast_valleys": {"dmean": [0.406086295843, 0.415925264359, 0.507332623005, 0.491025447845, 0.571218371391, 0.726680517197], "dmean2": [0.617697954178, 0.595288097858, 0.690972208977, 0.639525175095, 0.692776441574, 0.853125154972], "dvar": [0.236485481262, 0.244492709637, 0.3480656147, 0.326815575361, 0.419011086226, 0.607715308666], "dvar2": [0.3943759799, 0.372237592936, 0.56562179327, 0.498412847519, 0.673627018929, 1.0129172802], "max": [-4.79633617401, -4.5052895546, -5