{"lowlevel": {"average_loudness": 0.926868319511, "barkbands_crest": {"dmean": 2.86781668663, "dmean2": 4.51150178909, "dvar": 7.33716201782, "dvar2": 17.9349727631, "max": 25.304693222, "mean": 11.8468875885, "median": 10.9659290314, "min": 3.16885781288, "var": 19.2809848785}, "barkbands_flatness_db": {"dmean": 0.0431497842073, "dmean2": 0.0653939172626, "dvar": 0.00158323394135, "dvar2": 0.00396276265383, "max": 0.744412183762, "mean": 0.209758087993, "median": 0.183012455702, "min": 0.0362173877656, "var": 0.0114627946168}, "barkbands_kurtosis": {"dmean": 5.18601846695, "dmean2": 8.26118087769, "dvar": 95.7218856812, "dvar2": 220.892028809, "max": 406.327911377, "mean": 8.00286197662, "median": 5.06910800934, "min": -1.6200376749, "var": 206.657546997}, "barkbands_skewness": {"dmean": 0.724002480507, "dmean2": 1.09023046494, "dvar": 0.639569759369, "dvar2": 1.31524276733, "max": 13.0501089096, "mean": 2.03321027756, "median": 1.8804744482, "min": -3.03687667847, "var": 1.72589576244}, "barkbands_spread": {"dmean": 5.31692218781, "dmean2": 8.69433021545, "dvar": 38.6616668701, "dvar2": 100.415390015, "max": 71.7272033691, "mean": 12.5889148712, "median": 10.7792396545, "min": 0.178619801998, "var": 71.2332992554}, "dissonance": {"dmean": 0.0302439928055, "dmean2": 0.0496416091919, "dvar": 0.00092539191246, "dvar2": 0.00248430366628, "max": 0.499991983175, "mean": 0.433321505785, "median": 0.446162343025, "min": 0.155285298824, "var": 0.00267977896146}, "dynamic_complexity": 2.72391009331, "erbbands_crest": {"dmean": 3.24803161621, "dmean2": 4.95317983627, "dvar": 8.9205121994, "dvar2": 20.2764530182, "max": 31.8010177612, "mean": 12.4541044235, "median": 11.5849733353, "min": 2.90031981468, "var": 31.834903717}, "erbbands_flatness_db": {"dmean": 0.0342868231237, "dmean2": 0.0487976148725, "dvar": 0.00121161097195, "dvar2": 0.00247795577161, "max": 0.635098278522, "mean": 0.204059913754, "median": 0.17577496171, "min": 0.0625711977482, "var": 0.0114193297923}, "erbbands_kurtosis": {"dmean": 2.27725434303, "dmean2": 3.43225622177, "dvar": 10.1660737991, "dvar2": 22.7595157623, "max": 106.100219727, "mean": 2.69375634193, "median": 1.20251965523, "min": -1.84365725517, "var": 32.8509750366}, "erbbands_skewness": {"dmean": 0.504783809185, "dmean2": 0.766924083233, "dvar": 0.214548036456, "dvar2": 0.51022028923, "max": 7.73314714432, "mean": 1.05022454262, "median": 0.985115349293, "min": -1.5350959301, "var": 0.716336488724}, "erbbands_spread": {"dmean": 10.8441209793, "dmean2": 15.0639696121, "dvar": 134.241210938, "dvar2": 248.687347412, "max": 138.888885498, "mean": 32.2151832581, "median": 27.5087814331, "min": 0.978137254715, "var": 516.030822754}, "hfc": {"dmean": 9.08553695679, "dmean2": 14.4464941025, "dvar": 185.290252686, "dvar2": 483.025268555, "max": 121.480033875, "mean": 20.126537323, "median": 16.1140594482, "min": 1.18770086361e-16, "var": 291.833435059}, "melbands_crest": {"dmean": 3.41298675537, "dmean2": 5.3478770256, "dvar": 9.7930431366, "dvar2": 24.5456943512, "max": 30.6708183289, "mean": 15.0845937729, "median": 14.4590959549, "min": 1.86097955704, "var": 25.8640022278}, "melbands_flatness_db": {"dmean": 0.0481075718999, "dmean2": 0.0738067254424, "dvar": 0.00210404838435, "dvar2": 0.00531588494778, "max": 0.885026812553, "mean": 0.29047870636, "median": 0.269456386566, "min": 0.00523704709485, "var": 0.0130340624601}, "melbands_kurtosis": {"dmean": 11.3258962631, "dmean2": 17.2605895996, "dvar": 485.733215332, "dvar2": 1027.30102539, "max": 365.938842773, "mean": 17.4345798492, "median": 10.1389808655, "min": -1.53495180607, "var": 661.831481934}, "melbands_skewness": {"dmean": 0.975980043411, "dmean2": 1.37536597252, "dvar": 1.35007655621, "dvar2": 2.45423340797, "max": 14.9039869308, "mean": 2.75125098228, "median": 2.43856620789, "min": -1.39251351357, "var": 3.80069541931}, "melbands_spread": {"dmean": 4.25616979599, "dmean2": 6.8969168663, "dvar": 29.022562027, "dvar2": 69.066116333, "max": 143.717391968, "mean": 12.0223169327, "median": 10.373500824, "min": 0.617614686489, "var": 103.589660645}, "pitch_salience": {"dmean": 0.089814633131, "dmean2": 0.142827451229, "dvar": 0.00817717704922, "dvar2": 0.0203712750226, "max": 0.87626928091, "mean": 0.508173882961, "median": 0.514975309372, "min": 0.100546561182, "var": 0.0165512934327}, "silence_rate_20dB": {"dmean": 0, "dmean2": 0, "dvar": 0, "dvar2": 0, "max": 1, "mean": 1, "median": 1, "min": 1, "var": 0}, "silence_rate_30dB": {"dmean": 0.0859912857413, "dmean2": 0.172006741166, "dvar": 0.0785932391882, "dvar2": 0.155062764883, "max": 1, "mean": 0.890278160572, "median": 1, "min": 0, "var": 0.0976755321026}, "silence_rate_60dB": {"dmean": 0.0188281573355, "dmean2": 0.0376616083086, "dvar": 0.0184703413397, "dvar2": 0.0413024909794, "max": 1, "mean": 0.0604102276266, "median": 0, "min": 0, "var": 0.0567588321865}, "spectral_centroid": {"dmean": 260.312408447, "dmean2": 430.280853271, "dvar": 118085.3125, "dvar2": 302365.1875, "max": 10966.046875, "mean": 878.659790039, "median": 762.346130371, "min": 217.77394104, "var": 286089.25}, "spectral_complexity": {"dmean": 4.55247974396, "dmean2": 7.40359735489, "dvar": 38.1489219666, "dvar2": 90.2925872803, "max": 55, "mean": 15.4209051132, "median": 14, "min": 0, "var": 81.069480896}, "spectral_decrease": {"dmean": 4.13278256062e-09, "dmean2": 5.94528559716e-09, "dvar": 4.42457883951e-17, "dvar2": 7.8783394692e-17, "max": 5.06045435496e-29, "mean": -1.21146417342e-08, "median": -9.32763022377e-09, "min": -6.38604689129e-08, "var": 1.24275072599e-16}, "spectral_energy": {"dmean": 0.0160496756434, "dmean2": 0.022982057184, "dvar": 0.00064485630719, "dvar2": 0.00113574811257, "max": 0.24520483613, "mean": 0.0475490018725, "median": 0.0371155701578, "min": 1.05818113837e-20, "var": 0.00185531494208}, "spectral_energyband_high": {"dmean": 0.000615331868175, "dmean2": 0.00102137366775, "dvar": 1.19115543384e-06, "dvar2": 3.08883841171e-06, "max": 0.00947688613087, "mean": 0.000746826874092, "median": 0.000167381222127, "min": 7.85958099038e-21, "var": 1.53886196586e-06}, "spectral_energyband_low": {"dmean": 0.0146632362157, "dmean2": 0.0215656980872, "dvar": 0.000754445733037, "dvar2": 0.001443137764, "max": 0.232915654778, "mean": 0.0269208047539, "median": 0.010657582432, "min": 4.56760466879e-23, "var": 0.00154627708253}, "spectral_energyband_middle_high": {"dmean": 0.00159944198094, "dmean2": 0.00267447018996, "dvar": 6.90472961651e-06, "dvar2": 1.79505386768e-05, "max": 0.0313888080418, "mean": 0.00317608844489, "median": 0.00216564279981, "min": 1.49740844966e-21, "var": 1.16422279461e-05}, "spectral_energyband_middle_low": {"dmean": 0.00737197836861, "dmean2": 0.0123528167605, "dvar": 0.000159278613864, "dvar2": 0.000457653601188, "max": 0.147952765226, "mean": 0.0192613787949, "median": 0.0176017358899, "min": 2.16905901319e-22, "var": 0.000182886840776}, "spectral_entropy": {"dmean": 0.372357100248, "dmean2": 0.557768464088, "dvar": 0.128245964646, "dvar2": 0.293384879827, "max": 9.79667568207, "mean": 7.03406238556, "median": 7.12987518311, "min": 3.61031007767, "var": 0.724661588669}, "spectral_flux": {"dmean": 0.0382463149726, "dmean2": 0.057260055095, "dvar": 0.00225647701882, "dvar2": 0.00384571426548, "max": 0.48933044076, "mean": 0.09871776402, "median": 0.0790691226721, "min": 1.02867929452e-10, "var": 0.00626421207562}, "spectral_kurtosis": {"dmean": 9.93777561188, "dmean2": 16.7228679657, "dvar": 1310.36779785, "dvar2": 4076.12060547, "max": 1280.40368652, "mean": 19.8567619324, "median": 5.25247526169, "min": -1.19664657116, "var": 3896.85083008}, "spectral_rms": {"dmean": 0.00100040098187, "dmean2": 0.00141032901593, "dvar": 1.62567653206e-06, "dvar2": 2.7568371479e-06, "max": 0.0154668753967, "mean": 0.00611359905452, "median": 0.00601750053465, "min": 3.21305438852e-12, "var": 9.01307430468e-06}, "spectral_rolloff": {"dmean": 248.408401489, "dmean2": 438.309265137, "dvar": 291589.15625, "dvar2": 651891.125, "max": 18841.5527344, "mean": 801.578308105, "median": 581.396484375, "min": 64.599609375, "var": 1971324.5}, "spectral_skewness": {"dmean": 0.643731534481, "dmean2": 1.01710057259, "dvar": 0.903453886509, "dvar2": 2.48405838013, "max": 31.5604057312, "mean": 2.53143668175, "median": 1.86113607883, "min": -0.00364283937961, "var": 6.49307966232}, "spectral_spread": {"dmean": 1079295.5, "dmean2": 1499690.25, "dvar": 1535070437380.0, "dvar2": 3271213973500.0, "max": 40013716, "mean": 4353082.5, "median": 4352871, "min": 117176.648438, "var": 4831957221380.0}, "spectral_strongpeak": {"dmean": 0.4671266675, "dmean2": 0.786984086037, "dvar": 0.435841530561, "dvar2": 0.990362226963, "max": 6.17578458786, "mean": 0.983329594135, "median": 0.682551145554, "min": 6.24273388539e-09, "var": 0.878765881062}, "zerocrossingrate": {"dmean": 0.00898740720004, "dmean2": 0.0115808295086, "dvar": 0.000105376646388, "dvar2": 0.000132244225824, "max": 0.4951171875, "mean": 0.0407509729266, "median": 0.0341796875, "min": 0.0029296875, "var": 0.00180257065222}, "barkbands": {"dmean": [0.000150917534484, 0.0118108801544, 0.00716428644955, 0.00284015806392, 0.0022557771299, 0.000979489763267, 0.00099709816277, 0.00220714206807, 0.000613206531852, 0.00116936536506, 0.000199834845262, 9.21676764847e-05, 8.82988388184e-05, 0.000101362122223, 0.000117229465104, 0.000150501262397, 0.000209256570088, 0.000164145516464, 0.000212675484363, 0.000199351954507, 0.000147687082062, 9.27760411287e-05, 8.14236627775e-05, 8.26352843433e-05, 8.99285732885e-05, 7.37074224162e-05, 1.02705789686e-05], "dmean2": [0.000200625756406, 0.0189663935453, 0.0117972986773, 0.00512641482055, 0.00378229399212, 0.0014932542108, 0.00163796241395, 0.00333268241957, 0.00101981649641, 0.0016594795743, 0.000331930321408, 0.000160053677973, 0.000152644628542, 0.000167204634636, 0.000194606269361, 0.000245161063503, 0.000347857567249, 0.000294175377348, 0.000382677506423, 0.000356077565812, 0.000254315906204, 0.000138194227475, 0.000132894972921, 0.000131945533212, 0.000150141175254, 0.000126411556266, 1.76365920197e-05], "dvar": [1.62057801845e-07, 0.000535219791345, 0.000321812811308, 8.57997729327e-05, 1.36456665132e-05, 1.48109324982e-06, 1.99379087462e-06, 8.08301774669e-06, 1.93065579879e-06, 6.21511071586e-06, 2.06542793535e-07, 3.31822427313e-08, 3.94622219346e-08, 4.25121200465e-08, 4.9853699835e-08, 5.09621074229e-08, 1.00647305601e-07, 2.25279919164e-07, 2.15188649122e-07, 1.91906934788e-07, 8.69133955916e-08, 2.21007070422e-08, 2.16729958424e-08, 2.44519462456e-08, 1.94459115477e-08, 1.72895884276e-08, 2.67085104033e-10], "dvar2": [3.03282178038e-07, 0.00142986944411, 0.000851106422488, 0.000247805786785, 3.8992267946e-05, 3.60164040103e-06, 5.12846327183e-06, 1.72147956619e-05, 4.56799898529e-06, 1.14021231639e-05, 5.69641315451e-07, 8.83631443571e-08, 1.00933881697e-07, 1.10168478784e-07, 1.2681670114e-07, 1.24847886696e-07, 2.71419793307e-07, 6.4045354975e-07, 6.11895075053e-07, 5.43678709164e-07, 2.38561455035e-07, 5.07473743028e-08, 5.23086498561e-08, 5.71013849537e-08, 4.82048889694e-08, 4.55040627401e-08, 6.96326885041e-10], "max": [0.0076570045203, 0.215693205595, 0.144119262695, 0.106110274792, 0.0466744117439, 0.0211488101631, 0.0256887320429, 0.0408668853343, 0.0330187194049, 0.0417023561895, 0.0138466786593, 0.0028366621118, 0.00318175530992, 0.00253863981925, 0.00464065233245, 0.00342603493482, 0.00522831268609, 0.0120834391564, 0.00609842780977, 0.00401515653357, 0.00301761645824, 0.00158052763436, 0.00144856877159, 0.00131827720907, 0.00174866104499, 0.00103706365917, 0.000112719273602], "mean": [0.000248049240327, 0.0178546048701, 0.00730091193691, 0.00254392484203, 0.00413149548694, 0.00230748322792, 0.00191676826216, 0.0051532946527, 0.00103241181932, 0.00244559021667, 0.00030241443892, 0.000117899333418, 0.000125013728393, 0.000151608473971, 0.000166295663803, 0.000234332270338, 0.000309462600853, 0.000137721988722, 0.000211215156014, 0.000194742809981, 0.000161352290888, 0.000124741374748, 0.000106282503111, 0.000103500402474, 9.52759291977e-05, 6.34473472019e-05, 9.07280264073e-06], "median": [1.89634301933e-05, 0.00621879566461, 0.00205440307036, 0.000636731158011, 0.00281580397859, 0.00173830939457, 0.00134957395494, 0.00342228426598, 0.000402549543651, 0.000618687132373, 0.000162644282682, 5.84751651331e-05, 3.79051998607e-05, 4.15643953602e-05, 8.37804400362e-05, 0.000110185486847, 0.000195304688532, 3.77766664315e-05, 8.56839178596e-05, 4.11832879763e-05, 3.75603704015e-05, 3.00115971186e-05, 1.66869540408e-05, 1.51747881318e-05, 1.22382589325e-05, 6.37549146631e-06, 8.040370858e-07], "min": [1.44032511772e-23, 1.84917926089e-23, 8.65319670738e-24, 2.48107262319e-23, 1.17078854357e-23, 4.46541089396e-23, 6.38532100134e-23, 2.71712347186e-23, 3.12840777994e-23, 4.50949875224e-23, 2.92938164454e-23, 6.79686468689e-23, 9.02348391421e-23, 1.38955904701e-22, 1.56469083803e-22, 1.36125951401e-22, 1.57634641568e-22, 1.48372619369e-22, 3.1925831923e-22, 4.03912156794e-22, 3.78748352199e-22, 5.75821558297e-22, 3.81121498237e-22, 1.02270320841e-21, 1.49427219114e-21, 1.7790651648e-21, 2.1648641412e-21], "var": [4.15737247295e-07, 0.000750317936763, 0.000271101598628, 5.33515740244e-05, 1.83679057955e-05, 4.72549345432e-06, 3.97333087676e-06, 2.84098023258e-05, 3.90632703784e-06, 2.16440366785e-05, 2.07190836932e-07, 3.43543007375e-08, 6.14047266367e-08, 6.65520190068e-08, 6.74246365406e-08, 1.04313393479e-07, 1.33767827037e-07, 1.46376422094e-07, 1.48792580035e-07, 1.46423289493e-07, 8.37594669179e-08, 4.10430835984e-08, 3.60652627762e-08, 3.7416363341e-08, 2.70309019612e-08, 1.46462317829e-08, 2.50735238128e-10]}, "erbbands": {"dmean": [0.21798543632, 3.06497573853, 7.69015407562, 9.65617752075, 7.5811624527, 8.20892333984, 7.94615936279, 8.3166217804, 8.93396759033, 47.8736610413, 27.8032569885, 15.3664999008, 46.5242233276, 8.39640426636, 8.16370201111, 3.80267047882, 4.03265571594, 5.17914152145, 4.72410964966, 7.78373336792, 8.1643371582, 9.54567527771, 10.6484622955, 8.39177703857, 12.4167585373, 8.86410522461, 6.373960495, 5.30152177811, 3.41570782661, 2.74221515656, 2.29934930801, 1.8894712925, 1.28326070309, 1.00332701206, 0.66112101078, 0.327946722507, 0.13741093874, 0.0250898040831, 0.00202301004902, 6.42851591692e-05], "dmean2": [0.348387926817, 4.86995410919, 11.8655061722, 17.4015865326, 12.7654647827, 13.8607311249, 12.4353971481, 12.7290010452, 13.5391569138, 76.4090423584, 41.7627868652, 24.4958782196, 66.061630249, 13.9739208221, 13.3459777832, 6.50509595871, 6.88549089432, 8.48746967316, 8.06388950348, 12.6324996948, 13.3204269409, 16.0191287994, 18.9384918213, 14.9473524094, 22.1471710205, 16.013463974, 11.1042709351, 9.000415802, 5.22869920731, 4.35167169571, 3.67875528336, 3.09992265701, 2.01045513153, 1.67298948765, 1.10410833359, 0.558299779892, 0.236731767654, 0.0439651012421, 0.0034729805775, 0.000102720208815], "dvar": [0.203019872308, 37.1437416077, 292.357940674, 864.622253418, 283.935943604, 203.630996704, 110.507164001, 106.603607178, 131.957015991, 4496.61181641, 1874.82385254, 1337.63818359, 9713.2734375, 318.104919434, 252.790359497, 62.602016449, 79.603012085, 119.705093384, 111.419021606, 143.964660645, 162.845443726, 219.829437256, 810.202148438, 382.541778564, 584.928771973, 427.374237061, 220.404098511, 96.0229263306, 31.9448699951, 23.5649375916, 16.1460590363, 14.0170116425, 5.26742315292, 2.72992777824, 1.03674936295, 0.269717097282, 0.0697536617517, 0.00195633922704, 1.17228182717e-05, 9.92233761821e-09], "dvar2": [0.564336061478, 95.8180541992, 693.543701172, 2472.84155273, 803.814758301, 574.281555176, 280.984832764, 259.318725586, 313.529296875, 10926.2607422, 3599.53344727, 3072.35766602, 17800.6894531, 845.113830566, 656.383361816, 165.144012451, 201.15814209, 312.163513184, 296.864013672, 340.336456299, 409.372161865, 600.595092773, 2313.98852539, 1097.40270996, 1620.82983398, 1224.14782715, 612.807312012, 258.605865479, 72.411529541, 58.7572250366, 37.3088378906, 34.2021179199, 12.1936473846, 6.85383844376, 2.59326291084, 0.69320833683, 0.185550630093, 0.00517830764875, 3.10021241603e-05, 2.4336433313e-08], "max": [5.81650066376, 52.1790275574, 138.844833374, 292.920257568, 236.073196411, 195.926452637, 204.561157227, 174.533996582, 190.438552856, 742.407104492, 1121.01708984, 917.641052246, 1603.16064453, 325.522277832, 419.999542236, 135.867736816, 160.487854004, 141.851089478, 221.988479614, 274.296417236, 251.565963745, 241.462768555, 720.86138916, 293.076690674, 236.910476685, 195.543029785, 149.71534729, 98.1120758057, 60.6785354614, 43.1922149658, 41.6265220642, 33.4871063232, 20.1016330719, 19.2704105377, 13.6794815063, 3.24371194839, 2.27799987793, 0.317759692669, 0.0248720496893, 0.000938689277973], "mean": [0.371322393417, 4.42383527756, 9.34071540833, 8.93640899658, 10.1969470978, 13.6171922684, 16.2764949799, 19.0656967163, 22.4182853699, 92.9687347412, 68.8742218018, 32.4102516174, 96.3595733643, 15.499382019, 13.3314790726, 5.53142738342, 6.12517356873, 8.06506919861, 6.01251029968, 12.7919712067, 13.5060691833, 13.8575544357, 10.263502121, 8.57258796692, 12.424115181, 8.72103309631, 6.64526939392, 6.15848302841, 4.52307128906, 3.64756345749, 2.99801707268, 2.38410711288, 1.56819319725, 1.08980298042, 0.662216603756, 0.300367474556, 0.11366596818, 0.0207384657115, 0.00177152792457, 9.86224476947e-05], "median": [0.105518788099, 1.44193124771, 2.95303487778, 2.52800607681, 4.27312278748, 8.19905471802, 11.4513835907, 14.0430870056, 17.0454006195, 55.2209396362, 41.8011169434, 17.2636375427, 24.0729942322, 7.61027145386, 7.34947681427, 3.02151823044, 2.07671308517, 2.36757850647, 2.50094985962, 7.48072147369, 7.3297162056, 8.81784248352, 4.03064060211, 3.8745059967, 4.40006637573, 1.99813079834, 1.43617618084, 1.70783805847, 1.0117688179, 0.647228360176, 0.44709199667, 0.350113689899, 0.236561730504, 0.155938863754, 0.0737408101559, 0.0325083583593, 0.0104628289118, 0.00181305711158, 0.000172173982719, 5.94285229454e-05], "min": [7.50376811898e-22, 3.3194792313e-21, 1.34849705723e-20, 4.05587236915e-20, 4.76889721041e-20, 5.07135580139e-20, 1.94875777779e-19, 3.70675504013e-19, 7.59136218377e-19, 8.26982089206e-19, 5.11707006719e-19, 6.53789907682e-19, 1.23615638838e-18, 1.29715134259e-18, 1.94177567549e-18, 2.87116499928e-18, 4.39086577015e-18, 8.70197726719e-18, 5.34417695046e-18, 8.30282870722e-18, 7.31916206639e-18, 8.32129386004e-18, 7.83504070003e-18, 1.69034738678e-17, 1.47904261038e-17, 1.75793829987e-17, 1.57155846056e-17, 1.59992446899e-17, 1.95227148077e-17, 1.57030164233e-17, 1.1183103033e-17, 1.64835291601e-17, 1.96936467182e-17, 1.59557382984e-17, 1.01926832896e-17, 7.00885518576e-18, 3.467141186e-18, 1.09286637241e-18, 3.04018317573e-19, 3.50719377532e-20], "var": [0.375886470079, 49.6694908142, 328.720703125, 566.445251465, 272.339660645, 268.202728271, 243.343231201, 337.014343262, 427.645751953, 10977.2285156, 6822.45556641, 3024.10131836, 33135.1601562, 528.196350098, 338.124542236, 67.6302108765, 130.041610718, 181.100723267, 105.720199585, 280.165771484, 317.768463135, 263.442718506, 528.742858887, 254.945388794, 451.750946045, 317.06539917, 188.574127197, 103.544830322, 59.1380462646, 39.5189208984, 27.542137146, 20.5086402893, 8.0582075119, 3.76499581337, 1.27331137657, 0.263758987188, 0.0551461912692, 0.00160105258692, 1.04214705061e-05, 1.36795996752e-08]}, "gfcc": {"mean": [-36.8905029297, 118.357597351, -100.653511047, 13.2900657654, -62.6920890808, -15.547077179, -33.1519966125, 12.0127010345, -13.7994852066, -0.754789948463, -20.667388916, -1.05323541164, -6.67786598206], "cov": [[24180.3886719, -4027.45336914, 1467.50549316, 2797.70825195, 73.6762619019, 3298.07983398, 401.673034668, 2138.3215332, 48.4161720276, 1092.60290527, -295.569274902, 321.311828613, -875.955505371], [-4027.45336914, 3526.76391602, -865.065612793, -1062.87585449, 338.478790283, -1165.76916504, 69.1603546143, -727.641296387, 114.275360107, -447.51751709, 186.941589355, -193.723876953, 359.519134521], [1467.50549316, -865.065612793, 2357.53271484, 655.671020508, 144.170669556, 1291.921875, 111.902191162, 582.489074707, 65.2421035767, 317.402191162, 51.7653503418, -10.7163066864, -262.738586426], [2797.70825195, -1062.87585449, 655.671020508, 1007.38342285, 98.4287567139, 759.700378418, 153.685974121, 399.95993042, 65.8184814453, 258.049804688, 4.50205230713, 74.3896026611, -153.96144104], [73.6762619019, 338.478790283, 144.170669556, 98.4287567139, 429.179962158, 207.593322754, 135.247451782, 54.1710281372, 52.8044815063, 33.0845680237, 48.2325210571, -26.4006137848, -20.8364772797], [3298.07983398, -1165.76916504, 1291.921875, 759.700378418, 207.593322754, 1363.41369629, 213.253326416, 650.875915527, 100.69733429, 334.573303223, 25.2433624268, 35.960483551, -248.343811035], [401.673034668, 69.1603546143, 111.902191162, 153.685974121, 135.247451782, 213.253326416, 209.519500732, 103.511207581, 52.3239707947, 47.7650756836, 25.2284622192, -3.81426405907, -21.4754734039], [2138.3215332, -727.641296387, 582.489074707, 399.95993042, 54.1710281372, 650.875915527, 103.511207581, 449.811126709, 54.8314361572, 186.850921631, 1.85689401627, 58.7812232971, -129.466003418], [48.4161720276, 114.275360107, 65.2421035767, 65.8184814453, 52.8044815063, 100.69733429, 52.3239707947, 54.8314361572, 114.794197083, 50.8436698914, 43.1787490845, 4.87747192383, 7.15717792511], [1092.60290527, -447.51751709, 317.402191162, 258.049804688, 33.0845680237, 334.573303223, 47.7650756836, 186.850921631, 50.8436698914, 180.518341064, 27.924911499, 28.140504837, -86.1217498779], [-295.569274902, 186.941589355, 51.7653503418, 4.50205230713, 48.2325210571, 25.2433624268, 25.2284622192, 1.85689401627, 43.1787490845, 27.924911499, 99.4261856079, 5.72222518921, 10.7340984344], [321.311828613, -193.723876953, -10.7163066864, 74.3896026611, -26.4006137848, 35.960483551, -3.81426405907, 58.7812232971, 4.87747192383, 28.140504837, 5.72222518921, 78.7689056396, 17.6413211823], [-875.955505371, 359.519134521, -262.738586426, -153.96144104, -20.8364772797, -248.343811035, -21.4754734039, -129.466003418, 7.15717792511, -86.1217498779, 10.7340984344, 17.6413211823, 131.97102356]], "icov": [[0.000174743036041, -0.000377108721295, 0.000335352495313, -0.000335538963554, 0.000290097523248, -0.000477449415484, 0.00037434179103, -0.000528409553226, 0.000676578085404, -0.00077318563126, 0.000851406191941, -0.000514587271027, 0.000611531489994], [-0.000377108721295, 0.00218268739991, -0.00104780029505, 0.00125249661505, -0.00155683152843, 0.00188281142619, -0.0016883573262, 0.00127489049919, -0.003048568964, 0.00343099003658, -0.00359408441, 0.00295017426834, -0.00249851075932], [0.000335352495313, -0.00104780029505, 0.00169526983518, -0.000759221904445, 0.000869794399478, -0.00215724343434, 0.00141222937964, -0.00103346677497, 0.00196674931794, -0.00196534208953, 0.00148890668061, -0.00073413993232, 0.00145129545126], [-0.000335538963554, 0.00125249661505, -0.000759221904445, 0.00290995580144, -0.00090080028167, 0.000502980547026, -0.00171371921897, 0.00131679722108, -0.00189017131925, 0.000821827969048, -0.00166273338255, 0.0002118623961, -0.00119293993339], [0.000290097523248, -0.00155683152843, 0.000869794399478, -0.00090080028167, 0.00437319744378, -0.00214273435995, -0.000393496680772, -0.000258486717939, 0.00186589092482, -0.00198378716595, 0.00153002794832, -0.00135751219932, 0.00184932909906], [-0.000477449415484, 0.00188281142619, -0.00215724343434, 0.000502980547026, -0.00214273435995, 0.00641701836139, -0.00240291724913, -0.0022395902779, -0.0030242386274, 0.00207945844159, -0.00311236269772, 0.00374190113507, -0.00158314709552], [0.00037434179103, -0.0016883573262, 0.00141222937964, -0.00171371921897, -0.000393496680772, -0.00240291724913, 0.00898281298578, -0.00228146393783, 0.000995298032649, -0.00202578911558, 0.0022467027884, -0.000501158472616, 0.00104439712595], [-0.000528409553226, 0.00127489049919, -0.00103346677497, 0.00131679722108, -0.000258486717939, -0.0022395902779, -0.00228146393783, 0.0113494470716, -0.0037112866994, 0.00170251913369, -0.00115610461216, -0.00425145728514, 0.000980432261713], [0.000676578085404, -0.003048568964, 0.00196674931794, -0.00189017131925, 0.00186589092482, -0.0030242386274, 0.000995298032649, -0.0037112866994, 0.018415980041, -0.00964632071555, 0.0014225684572, -0.000804322015028, -0.00167104764841], [-0.00077318563126, 0.00343099003658, -0.00196534208953, 0.000821827969048, -0.00198378716595, 0.00207945844159, -0.00202578911558, 0.00170251913369, -0.00964632071555, 0.0217315871269, -0.00909763388336, 0.000411372631788, 0.00289741903543], [0.000851406191941, -0.00359408441, 0.00148890668061, -0.00166273338255, 0.00153002794832, -0.00311236269772, 0.0022467027884, -0.00115610461216, 0.0014225684572, -0.00909763388336, 0.0201085656881, -0.00667781475931, 0.00332589726895], [-0.000514587271027, 0.00295017426834, -0.00073413993232, 0.0002118623961, -0.00135751219932, 0.00374190113507, -0.000501158472616, -0.00425145728514, -0.000804322015028, 0.000411372631788, -0.00667781475931, 0.0259693711996, -0.0127082923427], [0.000611531489994, -0.00249851075932, 0.00145129545126, -0.00119293993339, 0.00184932909906, -0.00158314709552, 0.00104439712595, 0.000980432261713, -0.00167104764841, 0.00289741903543, 0.00332589726895, -0.0127082923427, 0.0217948835343]]}, "melbands": {"dmean": [0.00262935785577, 0.00376056064852, 0.00155376340263, 0.000513606588356, 0.000316272693453, 0.000190026330529, 0.000141984943184, 0.000545148272067, 0.000191988496226, 9.84867147054e-05, 0.000230676392675, 3.23113818013e-05, 2.75292732113e-05, 1.26815930344e-05, 9.5583654911e-06, 8.40339816932e-06, 1.04869359348e-05, 7.39296228858e-06, 8.93998821994e-06, 1.18639654829e-05, 9.96910057438e-06, 1.00807401395e-05, 1.16270157378e-05, 8.2497999756e-06, 6.65044080961e-06, 8.88429167389e-06, 8.61073567648e-06, 5.43674286746e-06, 4.07226980315e-06, 3.58143870471e-06, 3.10717928187e-06, 1.98679185814e-06, 1.63354138749e-06, 1.5354955849e-06, 1.38251471071e-06, 1.33478874886e-06, 1.09638426693e-06, 9.14665235996e-07, 8.51124468682e-07, 8.61558419274e-07], "dmean2": [0.00424851197749, 0.00560997007415, 0.0027601858601, 0.000882666907273, 0.000495321059134, 0.000287875969661, 0.000218988556298, 0.000860246014781, 0.00028934906004, 0.000158395399922, 0.000328444351908, 5.58547690162e-05, 4.55774461443e-05, 2.11458955164e-05, 1.64934772329e-05, 1.42012859214e-05, 1.73003027157e-05, 1.26658278532e-05, 1.50150590343e-05, 1.92320512724e-05, 1.63871609402e-05, 1.68057431438e-05, 1.97533499886e-05, 1.48910639837e-05, 1.18356147141e-05, 1.58609600476e-05, 1.53665987455e-05, 9.90889020613e-06, 7.09416508471e-06, 6.09245307714e-06, 5.33925503987e-06, 3.05610228679e-06, 2.47028583544e-06, 2.51386268246e-06, 2.21352343033e-06, 2.23203915084e-06, 1.76281537279e-06, 1.4185877717e-06, 1.38080827128e-06, 1.45025796883e-06], "dvar": [2.57856954704e-05, 5.64856127312e-05, 2.07025696e-05, 9.70608084572e-07, 1.70636994312e-07, 5.30009138799e-08, 3.23885949172e-08, 5.61586318781e-07, 1.0199203615e-07, 5.90782605059e-08, 2.40407757701e-07, 5.20593790299e-09, 3.55315288303e-09, 5.30102683971e-10, 4.39966535426e-10, 3.9208991609e-10, 5.13551423609e-10, 2.71778655137e-10, 3.0083363578e-10, 2.85412582457e-10, 2.76950518074e-10, 2.49593679058e-10, 4.33074298645e-10, 7.10504099999e-10, 2.42055736566e-10, 3.63938407189e-10, 2.86999368715e-10, 2.09894074343e-10, 1.08860163939e-10, 5.00162307404e-11, 3.29153058976e-11, 1.10346341439e-11, 7.5507169961e-12, 8.76401989175e-12, 5.64640001421e-12, 6.55446833961e-12, 4.93485590933e-12, 2.80807820573e-12, 2.00881672408e-12, 2.08164692081e-12], "dvar2": [7.05010534148e-05, 0.000119072843518, 5.86197056691e-05, 2.78501875073e-06, 4.44041631908e-07, 1.26466176198e-07, 7.89666572132e-08, 1.32248351292e-06, 1.93279277028e-07, 1.37476021678e-07, 4.43290360863e-07, 1.44540539537e-08, 9.6857801779e-09, 1.372283287e-09, 1.15428477887e-09, 9.43890854366e-10, 1.34329991575e-09, 7.24159621157e-10, 7.91725740523e-10, 6.67063571047e-10, 7.17740589185e-10, 6.86875112343e-10, 1.16283549456e-09, 2.03976036062e-09, 6.97814084294e-10, 1.0176589571e-09, 7.8793122027e-10, 6.09860162371e-10, 3.02536995456e-10, 1.36458760958e-10, 8.92087653748e-11, 2.49848232381e-11, 1.69557284879e-11, 2.37159441391e-11, 1.3000120945e-11, 1.63227417693e-11, 1.19012490835e-11, 6.53762070521e-12, 4.78582624919e-12, 5.29202159524e-12], "max": [0.0527433976531, 0.0567311011255, 0.0462473109365, 0.0122302388772, 0.00589025160298, 0.00402550073341, 0.00303499796428, 0.00841935537755, 0.00841237790883, 0.00555192260072, 0.00800923164934, 0.00126362172887, 0.00178285920992, 0.000452304782812, 0.000298226688756, 0.000289204559522, 0.000299474340864, 0.000317636178806, 0.000338594196364, 0.000310305156745, 0.000364324980183, 0.000266851304332, 0.00037497622543, 0.000699010444805, 0.000247688731179, 0.000237803527853, 0.000151050524437, 0.000144821329741, 0.000126248676679, 9.21469400055e-05, 4.87269280711e-05, 3.5436674807e-05, 2.69168067462e-05, 2.86187223537e-05, 3.28444511979e-05, 1.9781267838e-05, 2.10397156479e-05, 1.55345132953e-05, 1.34335332405e-05, 1.77044566954e-05], "mean": [0.0042382683605, 0.00551797449589, 0.00161772384308, 0.000814998929854, 0.00063586444594, 0.000447246478871, 0.000337425997714, 0.00110356125515, 0.000471285136882, 0.000191240105778, 0.000473100517411, 4.96369539178e-05, 4.22610028181e-05, 1.9936278477e-05, 1.25993574329e-05, 1.27509074446e-05, 1.5704157704e-05, 9.10442304303e-06, 1.24097678054e-05, 1.97201316041e-05, 1.5675830582e-05, 1.47164500959e-05, 1.34308020279e-05, 6.82127028995e-06, 6.71090356263e-06, 8.67197013577e-06, 8.33180638438e-06, 5.17935859534e-06, 4.09353015129e-06, 3.9196970647e-06, 3.4794795738e-06, 2.56559360423e-06, 2.22003563977e-06, 1.92085190065e-06, 1.76162495791e-06, 1.6189857206e-06, 1.37615245421e-06, 1.10216274152e-06, 9.81826360658e-07, 9.11640654522e-07], "median": [0.00145093293395, 0.00191236729734, 0.000589942210354, 0.000481386348838, 0.000446749501862, 0.000334016222041, 0.000256783532677, 0.000672069261782, 0.000272006553132, 8.27525509521e-05, 0.000115683142212, 2.40450171987e-05, 2.29305842367e-05, 1.13686410259e-05, 5.09370875079e-06, 3.35612094204e-06, 4.12471581512e-06, 3.20843764712e-06, 6.18007379671e-06, 1.14261565614e-05, 7.80417667556e-06, 9.13843723538e-06, 5.25870609636e-06, 1.63998379321e-06, 2.86191652776e-06, 2.70386544798e-06, 2.49683193942e-06, 8.16918543478e-07, 7.50755589252e-07, 9.20831894291e-07, 9.50979199388e-07, 5.74221644456e-07, 4.05001514991e-07, 3.13583285561e-07, 2.59979572093e-07, 2.22138766048e-07, 1.91249952763e-07, 1.60438560215e-07, 1.48100269826e-07, 1.22556158999e-07], "min": [6.36265821083e-24, 5.912589793e-24, 8.19632554754e-24, 2.75486044764e-24, 6.15322629011e-24, 8.85400046194e-24, 1.26584533602e-23, 8.62804545514e-24, 3.86324551822e-24, 4.425718332e-24, 6.24704670086e-24, 5.23313916217e-24, 5.1853223584e-24, 7.6590726169e-24, 6.58636811949e-24, 1.15459614797e-23, 1.68684209956e-23, 6.17635293084e-24, 1.26004949606e-23, 1.02280210317e-23, 8.37910698586e-24, 7.92219717183e-24, 9.02753013957e-24, 7.17854115192e-24, 1.47215628633e-23, 1.04649711818e-23, 1.35559120131e-23, 1.08080688776e-23, 9.98128900639e-24, 9.51048656296e-24, 8.91985772575e-24, 1.25373269236e-23, 9.52798507556e-24, 7.73443328803e-24, 5.94420221049e-24, 7.98563026608e-24, 1.1535258215e-23, 1.59783129487e-23, 9.20978146336e-24, 1.55090290625e-23], "var": [4.21006843681e-05, 8.43458328745e-05, 1.43656925502e-05, 1.01741557046e-06, 3.6544790305e-07, 1.81434472779e-07, 9.59932222599e-08, 1.51193228248e-06, 3.64355059901e-07, 1.27595896515e-07, 8.12938424133e-07, 6.22035445375e-09, 3.7989060786e-09, 7.16618431262e-10, 5.05103459059e-10, 7.23526349944e-10, 7.8775957979e-10, 2.58180754553e-10, 3.84725307168e-10, 6.15653750202e-10, 4.72337502444e-10, 3.13760573079e-10, 4.60548849057e-10, 4.43441755538e-10, 1.60527910409e-10, 2.82488449299e-10, 2.23357055074e-10, 1.5060401537e-10, 8.8968790668e-11, 4.9614395925e-11, 3.37448471943e-11, 1.99619001884e-11, 1.3930896367e-11, 1.24427560269e-11, 9.61373168573e-12, 9.34428662919e-12, 7.19065562302e-12, 4.14650301941e-12, 3.02881049234e-12, 2.79060433615e-12]}, "mfcc": {"mean": [-677.286193848, 147.418426514, 12.3981266022, 23.3116188049, -5.92428779602, -16.9491882324, -15.264966011, -0.720739305019, 6.32101154327, -0.514930784702, -4.08650445938, -1.62307560444, 0.871110141277], "cov": [[12968.0517578, -2174.41333008, 1152.62719727, 1178.47094727, 669.718017578, 1264.23901367, 1222.13476562, 1142.07055664, 933.218139648, 1145.15783691, 889.349304199, 565.816223145, 417.940032959], [-2174.41333008, 2264.53979492, -545.659179688, -271.501159668, -48.1274719238, -246.938674927, -161.071838379, -107.841926575, -62.2970809937, -186.2215271, -101.640335083, -64.7439193726, -37.6654052734], [1152.62719727, -545.659179688, 1426.67053223, 154.846862793, 372.078460693, 527.819396973, 399.486419678, 317.919128418, 146.103393555, 388.637054443, 289.894104004, 165.375900269, 50.0636291504], [1178.47094727, -271.501159668, 154.846862793, 536.266784668, 117.511169434, 215.772079468, 182.552536011, 122.40940094, 131.403381348, 115.534065247, 118.651031494, 90.0647201538, 94.3184738159], [669.718017578, -48.1274719238, 372.078460693, 117.511169434, 385.12600708, 303.097961426, 240.251968384, 189.791763306, 108.725921631, 187.713592529, 144.629333496, 102.516998291, 58.5954666138], [1264.23901367, -246.938674927, 527.819396973, 215.772079468, 303.097961426, 499.429046631, 356.012817383, 259.776947021, 182.815628052, 285.995758057, 233.346206665, 146.452789307, 75.1598434448], [1222.13476562, -161.071838379, 399.486419678, 182.552536011, 240.251968384, 356.012817383, 383.314483643, 269.018310547, 164.534439087, 251.219406128, 206.870422363, 118.411895752, 52.9449996948], [1142.07055664, -107.841926575, 317.919128418, 122.40940094, 189.791763306, 259.776947021, 269.018310547, 294.126800537, 180.25881958, 207.274383545, 171.984222412, 96.4402770996, 60.7714767456], [933.218139648, -62.2970809937, 146.103393555, 131.403381348, 108.725921631, 182.815628052, 164.534439087, 180.25881958, 200.045303345, 151.216094971, 114.808753967, 75.2532424927, 46.2336730957], [1145.15783691, -186.2215271, 388.637054443, 115.534065247, 187.713592529, 285.995758057, 251.219406128, 207.274383545, 151.216094971, 270.264831543, 193.604949951, 111.368011475, 60.8907470703], [889.349304199, -101.640335083, 289.894104004, 118.651031494, 144.629333496, 233.346206665, 206.870422363, 171.984222412, 114.808753967, 193.604949951, 214.089904785, 118.546737671, 63.0647773743], [565.816223145, -64.7439193726, 165.375900269, 90.0647201538, 102.516998291, 146.452789307, 118.411895752, 96.4402770996, 75.2532424927, 111.368011475, 118.546737671, 133.428970337, 71.9109344482], [417.940032959, -37.6654052734, 50.0636291504, 94.3184738159, 58.5954666138, 75.1598434448, 52.9449996948, 60.7714767456, 46.2336730957, 60.8907470703, 63.0647773743, 71.9109344482, 105.245513916]], "icov": [[0.000186243327335, 0.000130179178086, 0.000118675365229, -0.000156949550728, 7.83458235674e-05, 6.54138348182e-05, -4.47808815807e-05, -0.000291544536594, -0.000181350755156, -0.000495399930514, -2.64890186372e-05, -6.65158295305e-05, -8.06546231615e-05], [0.000130179178086, 0.00063622079324, 0.000252793455729, 0.000188032601727, -0.000277991202893, 0.000257545791101, -0.000200024660444, -8.12493017293e-05, -0.000433662964497, 0.000174437838723, -0.000421594566433, 3.23268068314e-05, -0.000139513009344], [0.000118675365229, 0.000252793455729, 0.00160745508038, -0.000133583424031, -0.000255227438174, -0.000904112996068, 0.000641076941974, -0.00121778796893, 0.00136321189348, -0.00190004962496, 2.61018485617e-05, -0.00051815668121, 0.000981552759185], [-0.000156949550728, 0.000188032601727, -0.000133583424031, 0.00319098285399, -9.44948624237e-05, -0.000552334589884, -0.00168718607165, 0.00190382741857, -0.00198555807583, 0.00229470920749, -0.000826583302114, 0.000814947357867, -0.00242599775083], [7.83458235674e-05, -0.000277991202893, -0.000255227438174, -9.44948624237e-05, 0.00569201586768, -0.0025502757635, -0.000471612380352, -0.00162923173048, 0.00121891614981, -0.000936091062613, 0.00160232454073, -0.00107458280399, -0.000594073906541], [6.54138348182e-05, 0.000257545791101, -0.000904112996068, -0.000552334589884, -0.0025502757635, 0.00952982902527, -0.00462133577093, 0.00217295368202, -0.0023742238991, -0.00156197871547, -0.00153424043674, -0.000395755196223, -0.000421756441938], [-4.47808815807e-05, -0.000200024660444, 0.000641076941974, -0.00168718607165, -0.000471612380352, -0.00462133577093, 0.0143146514893, -0.0080995047465, 0.00376337184571, -0.0040504350327, -0.000600543280598, -0.00161321205087, 0.00450416374952], [-0.000291544536594, -8.12493017293e-05, -0.00121778796893, 0.00190382741857, -0.00162923173048, 0.00217295368202, -0.0080995047465, 0.0172816533595, -0.00916556920856, 0.0023208251223, -0.00348504330032, 0.00359361758456, -0.00423071440309], [-0.000181350755156, -0.000433662964497, 0.00136321189348, -0.00198555807583, 0.00121891614981, -0.0023742238991, 0.00376337184571, -0.00916556920856, 0.0159064903855, -0.00573432212695, 0.00278999609873, -0.00303168571554, 0.00284170289524], [-0.000495399930514, 0.000174437838723, -0.00190004962496, 0.00229470920749, -0.000936091062613, -0.00156197871547, -0.0040504350327, 0.0023208251223, -0.00573432212695, 0.0209176167846, -0.00829534605145, 0.00196671113372, -0.00274489331059], [-2.64890186372e-05, -0.000421594566433, 2.61018485617e-05, -0.000826583302114, 0.00160232454073, -0.00153424043674, -0.000600543280598, -0.00348504330032, 0.00278999609873, -0.00829534605145, 0.0193668249995, -0.0084129832685, 0.000917825149372], [-6.65158295305e-05, 3.23268068314e-05, -0.00051815668121, 0.000814947357867, -0.00107458280399, -0.000395755196223, -0.00161321205087, 0.00359361758456, -0.00303168571554, 0.00196671113372, -0.0084129832685, 0.0206070747226, -0.00943578034639], [-8.06546231615e-05, -0.000139513009344, 0.000981552759185, -0.00242599775083, -0.000594073906541, -0.000421756441938, 0.00450416374952, -0.00423071440309, 0.00284170289524, -0.00274489331059, 0.000917825149372, -0.00943578034639, 0.0185250919312]]}, "spectral_contrast_coeffs": {"dmean": [0.05658955127, 0.049191724509, 0.0443333797157, 0.0310547668487, 0.0267739668489, 0.0303397588432], "dmean2": [0.0879496857524, 0.0794479250908, 0.0686704814434, 0.0494100749493, 0.0423334054649, 0.0500427223742], "dvar": [0.002151920693, 0.00164049025625, 0.00137874856591, 0.000649391382467, 0.000575328245759, 0.000898683734704], "dvar2": [0.00505722034723, 0.00413248036057, 0.00315920705907, 0.00159268151037, 0.00121821335051, 0.00235830969177], "max": [-0.205768316984, -0.41254556179, -0.454433143139, -0.5687032938, -0.599086880684, -0.42822688818], "mean": [-0.591988265514, -0.675088942051, -0.726458847523, -0.793556153774, -0.788111805916, -0.776073992252], "median": [-0.614274382591, -0.675047755241, -0.730788350105, -0.798820078373, -0.79761838913, -0.781175494194], "min": [-0.966191768646, -0.960049510002, -0.966393470764, -0.960504114628, -0.95910102129, -0.959947168827], "var": [0.0153999747708, 0.00521262036636, 0.00537800323218, 0.00258355913684, 0.00291234184988, 0.00374501850456]}, "spectral_contrast_valleys": {"dmean": [0.494552135468, 0.384643375874, 0.428741395473, 0.450487583876, 0.591629087925, 0.734537541866], "dmean2": [0.785509884357, 0.629140436649, 0.69941174984, 0.713743627071, 0.90452247858, 1.04985523224], "dvar": [0.251581430435, 0.161340400577, 0.193799361587, 0.220801562071, 0.408928245306, 0.548125505447], "dvar2": [0.526541888714, 0.335807919502, 0.428142398596, 0.459790527821, 0.916830182076, 1.23272204399], "max": [-4.95049715042, -4.66387367249, -5.25830221176, -5.89871501923, -5.13694095612, -7.97162723541], "mean": [-7.65639209747, -6.54238462448, -7.67144536