{"lowlevel": {"average_loudness": 0.932844519615, "barkbands_crest": {"dmean": 3.49891161919, "dmean2": 5.31657743454, "dvar": 12.7383155823, "dvar2": 22.7525501251, "max": 26.7855148315, "mean": 12.040892601, "median": 10.2207107544, "min": 2.30227160454, "var": 41.0695724487}, "barkbands_flatness_db": {"dmean": 0.0326347947121, "dmean2": 0.0457883737981, "dvar": 0.000998846488073, "dvar2": 0.00186110136565, "max": 0.509557783604, "mean": 0.133584037423, "median": 0.117137543857, "min": 0.0294449068606, "var": 0.0042694308795}, "barkbands_kurtosis": {"dmean": 8.76975727081, "dmean2": 13.2429761887, "dvar": 1236.92797852, "dvar2": 2997.20117188, "max": 1371.2076416, "mean": 9.16491603851, "median": 0.857021331787, "min": -1.97285282612, "var": 1241.50830078}, "barkbands_skewness": {"dmean": 1.09433412552, "dmean2": 1.54578459263, "dvar": 1.84941756725, "dvar2": 3.49458026886, "max": 34.8922195435, "mean": 1.85707271099, "median": 1.32492041588, "min": -5.90576553345, "var": 5.32774400711}, "barkbands_spread": {"dmean": 13.2460689545, "dmean2": 19.1116981506, "dvar": 188.820739746, "dvar2": 333.038146973, "max": 133.209472656, "mean": 36.4940681458, "median": 31.9294471741, "min": 0.125774934888, "var": 605.91418457}, "dissonance": {"dmean": 0.0124441990629, "dmean2": 0.020160254091, "dvar": 0.000190395498066, "dvar2": 0.000479879643535, "max": 0.500000059605, "mean": 0.476500868797, "median": 0.482130646706, "min": 0.201024264097, "var": 0.00045879962272}, "dynamic_complexity": 2.08111572266, "erbbands_crest": {"dmean": 2.29699254036, "dmean2": 3.67924308777, "dvar": 5.0156993866, "dvar2": 11.7009811401, "max": 28.6235332489, "mean": 7.02264690399, "median": 6.19875049591, "min": 2.29347896576, "var": 10.0799570084}, "erbbands_flatness_db": {"dmean": 0.0209206175059, "dmean2": 0.0316082127392, "dvar": 0.000411030719988, "dvar2": 0.00091150199296, "max": 0.40148499608, "mean": 0.128467142582, "median": 0.120119817555, "min": 0.0435090735555, "var": 0.00171322212555}, "erbbands_kurtosis": {"dmean": 1.28624856472, "dmean2": 2.04356861115, "dvar": 3.33488345146, "dvar2": 7.6781373024, "max": 32.4546203613, "mean": 0.35202473402, "median": -0.35787987709, "min": -1.85433113575, "var": 5.52166414261}, "erbbands_skewness": {"dmean": 0.541269779205, "dmean2": 0.795391559601, "dvar": 0.260223865509, "dvar2": 0.54054415226, "max": 4.55543041229, "mean": -0.197397068143, "median": -0.161888867617, "min": -4.5727853775, "var": 0.76714682579}, "erbbands_spread": {"dmean": 15.6116743088, "dmean2": 24.0562114716, "dvar": 256.952789307, "dvar2": 559.171203613, "max": 194.019332886, "mean": 52.2352256775, "median": 49.0388946533, "min": 2.66607832909, "var": 637.442321777}, "hfc": {"dmean": 23.2190322876, "dmean2": 33.4867515564, "dvar": 936.585693359, "dvar2": 2190.66552734, "max": 254.577072144, "mean": 38.0940361023, "median": 22.8814563751, "min": 4.76641943692e-08, "var": 1531.07788086}, "melbands_crest": {"dmean": 3.88971805573, "dmean2": 6.00385951996, "dvar": 13.0101194382, "dvar2": 28.5757465363, "max": 36.7698135376, "mean": 18.1107845306, "median": 17.9106063843, "min": 2.89345836639, "var": 47.4121742249}, "melbands_flatness_db": {"dmean": 0.0439436994493, "dmean2": 0.0598620325327, "dvar": 0.00154024374206, "dvar2": 0.0027601365, "max": 0.628798723221, "mean": 0.187275126576, "median": 0.171067893505, "min": 0.0224892366678, "var": 0.00783932395279}, "melbands_kurtosis": {"dmean": 23.5259876251, "dmean2": 33.912727356, "dvar": 2555.703125, "dvar2": 4967.43798828, "max": 997.717041016, "mean": 33.6987190247, "median": 10.1047086716, "min": -1.83410763741, "var": 5020.25537109}, "melbands_skewness": {"dmean": 1.48455655575, "dmean2": 2.12228679657, "dvar": 3.04561781883, "dvar2": 5.42811346054, "max": 24.4133243561, "mean": 3.86549711227, "median": 2.92598891258, "min": -2.45932221413, "var": 10.3391828537}, "melbands_spread": {"dmean": 19.3564682007, "dmean2": 28.903842926, "dvar": 583.697937012, "dvar2": 1250.34277344, "max": 252.343917847, "mean": 36.0211639404, "median": 25.8184185028, "min": 0.272693127394, "var": 1133.46313477}, "pitch_salience": {"dmean": 0.101589374244, "dmean2": 0.158159524202, "dvar": 0.0118492161855, "dvar2": 0.0253233965486, "max": 0.938829302788, "mean": 0.495252341032, "median": 0.527830660343, "min": 0.0381712689996, "var": 0.0293149333447}, "silence_rate_20dB": {"dmean": 0, "dmean2": 0, "dvar": 0, "dvar2": 0, "max": 1, "mean": 1, "median": 1, "min": 1, "var": 0}, "silence_rate_30dB": {"dmean": 0.00534203881398, "dmean2": 0.0106848701835, "dvar": 0.00531390635297, "dvar2": 0.0156123796478, "max": 1, "mean": 0.997180819511, "median": 1, "min": 0, "var": 0.00281103886664}, "silence_rate_60dB": {"dmean": 0.00445169908926, "dmean2": 0.00890405848622, "dvar": 0.00443145586178, "dvar2": 0.0101586990058, "max": 1, "mean": 0.0195860229433, "median": 0, "min": 0, "var": 0.0192033052444}, "spectral_centroid": {"dmean": 561.712402344, "dmean2": 816.767822266, "dvar": 281809.1875, "dvar2": 539612.625, "max": 10199.6884766, "mean": 2078.91601562, "median": 2026.03466797, "min": 107.469413757, "var": 956130.875}, "spectral_complexity": {"dmean": 6.70752334595, "dmean2": 9.22542095184, "dvar": 44.9627075195, "dvar2": 77.7649688721, "max": 61, "mean": 22.0027446747, "median": 20, "min": 0, "var": 166.469619751}, "spectral_decrease": {"dmean": 2.95255930816e-09, "dmean2": 4.67286431771e-09, "dvar": 1.64898587461e-17, "dvar2": 3.58511591835e-17, "max": 1.90246582377e-10, "mean": -8.22921730759e-09, "median": -6.13702155761e-09, "min": -4.00884552221e-08, "var": 3.85327430717e-17}, "spectral_energy": {"dmean": 0.0123824672773, "dmean2": 0.0195295289159, "dvar": 0.000237940766965, "dvar2": 0.000517464068253, "max": 0.152975991368, "mean": 0.0345142297447, "median": 0.02730675973, "min": 6.59786765153e-12, "var": 0.000563960522413}, "spectral_energyband_high": {"dmean": 0.00273391488008, "dmean2": 0.0039488421753, "dvar": 1.61237658176e-05, "dvar2": 3.80386300094e-05, "max": 0.0317698903382, "mean": 0.00355209223926, "median": 0.00154329778161, "min": 3.61959724346e-12, "var": 2.25462936214e-05}, "spectral_energyband_low": {"dmean": 0.00913728121668, "dmean2": 0.0145991528407, "dvar": 0.000238509237533, "dvar2": 0.000492287275847, "max": 0.139583826065, "mean": 0.0191230326891, "median": 0.00965427048504, "min": 1.51002155929e-14, "var": 0.000546601426322}, "spectral_energyband_middle_high": {"dmean": 0.00252285622992, "dmean2": 0.00379734719172, "dvar": 1.84601194633e-05, "dvar2": 4.4709238864e-05, "max": 0.0536531582475, "mean": 0.00474285753444, "median": 0.00296507868916, "min": 2.83396136419e-12, "var": 3.10401010211e-05}, "spectral_energyband_middle_low": {"dmean": 0.00456981128082, "dmean2": 0.00791753828526, "dvar": 8.46852708491e-05, "dvar2": 0.000243392423727, "max": 0.0837043523788, "mean": 0.00766600808129, "median": 0.005627786275, "min": 7.42747741566e-14, "var": 7.03904297552e-05}, "spectral_entropy": {"dmean": 0.189680099487, "dmean2": 0.25681874156, "dvar": 0.0322462357581, "dvar2": 0.0617176480591, "max": 9.79918193817, "mean": 7.98565244675, "median": 8.04833698273, "min": 4.76406145096, "var": 0.159254252911}, "spectral_flux": {"dmean": 0.0388426557183, "dmean2": 0.0625860095024, "dvar": 0.00194985757116, "dvar2": 0.00428392691538, "max": 0.350910246372, "mean": 0.101297743618, "median": 0.0891833007336, "min": 2.5716064556e-05, "var": 0.00297564268112}, "spectral_kurtosis": {"dmean": 1.08557343483, "dmean2": 1.66593015194, "dvar": 1.95805191994, "dvar2": 4.50300645828, "max": 54.5432815552, "mean": 2.56502890587, "median": 2.12088680267, "min": -1.32627153397, "var": 5.77515888214}, "spectral_rms": {"dmean": 0.001009189873, "dmean2": 0.00156075134873, "dvar": 1.24624716591e-06, "dvar2": 2.41683164859e-06, "max": 0.012216581963, "mean": 0.00546616595238, "median": 0.00516146700829, "min": 8.02305635261e-08, "var": 3.79346533919e-06}, "spectral_rolloff": {"dmean": 1372.02807617, "dmean2": 2064.93261719, "dvar": 2881723.25, "dvar2": 4914823, "max": 14427.2460938, "mean": 2604.31494141, "median": 1571.92382812, "min": 43.06640625, "var": 7142234.5}, "spectral_skewness": {"dmean": 0.218609750271, "dmean2": 0.32598516345, "dvar": 0.0451274961233, "dvar2": 0.090118072927, "max": 6.15136384964, "mean": 1.17533934116, "median": 1.10373222828, "min": -0.364338248968, "var": 0.183448046446}, "spectral_spread": {"dmean": 992861.625, "dmean2": 1416897.375, "dvar": 1071949938690.0, "dvar2": 2003937787900.0, "max": 40682524, "mean": 5870627.5, "median": 5681152.5, "min": 1386226.75, "var": 3459169648640.0}, "spectral_strongpeak": {"dmean": 0.298041313887, "dmean2": 0.50500869751, "dvar": 0.430037170649, "dvar2": 1.05452144146, "max": 12.254658699, "mean": 0.552385807037, "median": 0.324787050486, "min": 0, "var": 0.587458670139}, "zerocrossingrate": {"dmean": 0.0266970079392, "dmean2": 0.0288473609835, "dvar": 0.000570894975681, "dvar2": 0.000685020058881, "max": 0.51513671875, "mean": 0.0903315991163, "median": 0.07763671875, "min": 0.0029296875, "var": 0.00347098195925}, "barkbands": {"dmean": [0.000367456319509, 0.0083208559081, 0.00190359423868, 0.00109563674778, 0.0024091580417, 0.000915848009754, 0.000618012505583, 0.000448520702776, 0.000414869806264, 0.000294773461064, 0.000336130004143, 0.000322395382682, 0.000292012031423, 0.000312381278491, 0.000358550052624, 0.000202333278139, 0.000312412332278, 0.000378116877982, 0.000486506294692, 0.000550214201212, 0.000763960648328, 0.000694290327374, 0.000358755933121, 0.000308646616759, 0.000430959044024, 0.000120180076919, 7.25690370018e-06], "dmean2": [0.000618643942289, 0.0129197016358, 0.00344457337633, 0.00197016564198, 0.00421154079959, 0.00149501138367, 0.00100208353251, 0.00069679931039, 0.000637981516775, 0.000463600008516, 0.000526244111825, 0.000513791223057, 0.000432181404904, 0.000454693305073, 0.000545137387235, 0.000318353238981, 0.000516875006724, 0.000621278886683, 0.00079066347098, 0.000847880204674, 0.00123705354054, 0.00106985669117, 0.000525919022039, 0.000440823845565, 0.000614275922999, 0.000170694576809, 1.06461629912e-05], "dvar": [3.39336480693e-07, 0.000217698572669, 2.92032636935e-05, 7.61720502851e-06, 2.40231329371e-05, 3.1782115002e-06, 1.03496995507e-06, 1.49274637806e-06, 5.33641411948e-07, 3.34692487058e-07, 5.39191205462e-07, 5.91259208704e-07, 5.68265079437e-07, 5.92479864281e-07, 6.18649778517e-07, 1.8402505475e-07, 5.7099003925e-07, 5.14228361226e-07, 1.03175989352e-06, 7.57297073051e-07, 2.12349209505e-06, 1.26728923533e-06, 2.72140368907e-07, 2.37914534296e-07, 4.58608582221e-07, 1.08568457335e-07, 1.58994428734e-10], "dvar2": [9.33853129936e-07, 0.000427459948696, 8.23156369734e-05, 2.18280638364e-05, 6.84775441187e-05, 8.58065595821e-06, 2.62150024355e-06, 3.73144166588e-06, 1.15676539281e-06, 8.65706226705e-07, 1.30254454689e-06, 1.43829311128e-06, 1.11962435767e-06, 1.21179664347e-06, 1.34576021082e-06, 4.44954594059e-07, 1.52584334501e-06, 1.34062634061e-06, 2.70812279268e-06, 1.74239733042e-06, 5.50566392121e-06, 3.08959693029e-06, 5.40529015325e-07, 5.17607020356e-07, 9.66795028035e-07, 2.48795004154e-07, 3.29711036251e-10], "max": [0.0133427781984, 0.132559239864, 0.0538479238749, 0.0449511185288, 0.0462924651802, 0.0676273927093, 0.0172712188214, 0.0579793937504, 0.0294556748122, 0.0168487243354, 0.0195838101208, 0.0295990630984, 0.0313250161707, 0.020250402391, 0.0146342720836, 0.0103301825002, 0.0107607049868, 0.00808431301266, 0.0123634207994, 0.0167723651975, 0.0147314900532, 0.0100822867826, 0.0065119205974, 0.0107289748266, 0.0132811972871, 0.0120757473633, 0.000273205980193], "mean": [0.000742989650462, 0.0162174925208, 0.00164827238768, 0.00112335407175, 0.00286308932118, 0.00134280649945, 0.000879043189343, 0.000669999804813, 0.000692219298799, 0.000484089949168, 0.000465148215881, 0.000486400065711, 0.000443774421001, 0.000444344623247, 0.000482658128021, 0.000272340374067, 0.000383177335607, 0.000451120082289, 0.000556530139875, 0.000676507246681, 0.000801761925686, 0.000792475126218, 0.000483257317683, 0.000418360519689, 0.000526918040123, 0.000158608658239, 7.39985671316e-06], "median": [0.000350112415617, 0.00714095355943, 0.000366157328244, 0.000243892936851, 0.00119960517623, 0.000502701441292, 0.000361765705748, 0.000214941755985, 0.000295201520203, 0.000172556639882, 0.000147340935655, 0.000179403345101, 0.000116789109597, 0.000134024347062, 0.00014967295283, 0.00012272981985, 0.00017217475397, 0.000190730846953, 0.000254267273704, 0.000291899719741, 0.000324988737702, 0.000273011391982, 0.000170362502104, 0.000169746606844, 0.000167369886185, 4.24375357397e-05, 5.16781540227e-07], "min": [6.19299499649e-15, 1.02823768922e-14, 1.35773049874e-15, 5.15682128618e-16, 1.49333196091e-14, 1.74721196034e-14, 1.35543440417e-14, 1.67312571539e-14, 5.4165393755e-15, 6.25464442608e-14, 9.52470253276e-14, 3.74963054313e-13, 3.04475520317e-13, 1.09538890274e-13, 1.45963617712e-13, 3.90615193186e-13, 7.0720919355e-13, 2.83818921056e-13, 1.55599830438e-13, 2.67380166402e-13, 1.35962381219e-13, 3.23836958768e-13, 2.00156758572e-13, 7.57394201609e-13, 6.09472108198e-13, 7.01545212981e-13, 7.40928640056e-13], "var": [7.85696840921e-07, 0.000487140147015, 1.9152646928e-05, 6.1453570197e-06, 2.0606601538e-05, 5.71997043153e-06, 1.6735951931e-06, 2.21366144615e-06, 1.27661974147e-06, 7.12711539563e-07, 7.71641225583e-07, 8.73871726981e-07, 1.01253067442e-06, 9.85055976344e-07, 9.55971358962e-07, 2.33758370882e-07, 5.2703825304e-07, 5.1425553238e-07, 9.07308162823e-07, 9.96301423584e-07, 1.84381292456e-06, 1.50065864091e-06, 5.31402463366e-07, 3.99377086069e-07, 7.87101328115e-07, 1.54756932602e-07, 2.19972817739e-10]}, "erbbands": {"dmean": [0.281751483679, 1.82615399361, 2.40072727203, 2.90391731262, 6.57441997528, 8.39381694794, 6.98218393326, 7.02200460434, 8.66882991791, 8.08488464355, 11.1337480545, 9.14082813263, 7.79600477219, 11.325217247, 14.6256389618, 12.3584375381, 13.4692974091, 14.6716070175, 18.4409866333, 15.7862186432, 10.9748783112, 16.9132862091, 19.2748641968, 24.8606109619, 24.3136310577, 25.1814632416, 34.9553375244, 25.3387622833, 24.1042003632, 18.8987789154, 10.0759916306, 6.71481466293, 5.29667806625, 4.6758389473, 3.03353905678, 0.931080460548, 0.149969950318, 0.0205959137529, 0.00115277816076, 5.14339226356e-05], "dmean2": [0.443310201168, 2.86450767517, 4.29997444153, 5.25308847427, 11.5645141602, 14.6107168198, 11.5957489014, 11.4188451767, 13.863451004, 13.1876354218, 17.0527133942, 14.2082948685, 12.1003055573, 17.5194892883, 22.5846557617, 18.8119239807, 19.5333919525, 20.9664840698, 27.2253417969, 25.2234687805, 16.7012767792, 28.1235923767, 31.5141143799, 40.3468551636, 39.811088562, 39.1759529114, 56.597454071, 40.5314254761, 36.9023017883, 29.0153942108, 14.7378425598, 9.62494468689, 7.75283765793, 6.64847040176, 4.36201381683, 1.32988905907, 0.208640515804, 0.028200045228, 0.00172339763958, 7.6525604527e-05], "dvar": [0.238704994321, 11.3580474854, 35.7891349792, 60.0234031677, 202.045089722, 308.808410645, 248.519683838, 188.078704834, 230.555633545, 362.426849365, 751.007446289, 285.223693848, 180.474990845, 528.575805664, 1248.85803223, 967.965515137, 1254.29797363, 1202.46716309, 1809.81738281, 1279.69311523, 481.115783691, 1875.93347168, 1432.09375, 3117.92700195, 2151.45874023, 1654.65563965, 3751.66723633, 2162.64526367, 1294.90759277, 994.53717041, 223.646972656, 108.466011047, 76.3370895386, 60.1358757019, 24.7215118408, 6.62453317642, 0.106630466878, 0.00100838451181, 4.14157648265e-06, 5.25267607188e-09], "dvar2": [0.538553059101, 22.3663043976, 100.939086914, 172.20640564, 576.535827637, 868.800354004, 660.99230957, 508.72354126, 567.723266602, 985.001098633, 1742.4642334, 661.917236328, 408.282440186, 1329.43103027, 3073.35717773, 2183.95776367, 2478.96679688, 2399.70068359, 3776.66357422, 3136.57055664, 1079.80163574, 5083.19433594, 3741.23583984, 8051.60498047, 5557.03662109, 3796.87255859, 9521.87890625, 5566.05224609, 3079.01904297, 2344.86523438, 454.71963501, 228.270553589, 167.306091309, 127.431190491, 52.4605102539, 15.4588823318, 0.233749970794, 0.00184229086153, 8.88778322405e-06, 1.19864100867e-08], "max": [4.64198875427, 27.9106445312, 66.2780838013, 91.9626235962, 150.33442688, 190.958236694, 478.459625244, 378.250396729, 282.923522949, 1005.90795898, 1295.33886719, 808.350219727, 392.609588623, 615.469238281, 833.332763672, 1303.9831543, 1350.31262207, 1017.69592285, 823.08795166, 543.328308105, 572.183776855, 750.134216309, 494.410125732, 718.122070312, 495.571350098, 970.539794922, 619.177185059, 407.212402344, 490.030639648, 292.550872803, 210.817153931, 216.350860596, 219.843566895, 153.32019043, 118.030845642, 100.959075928, 14.6068096161, 1.00012266636, 0.0480921752751, 0.00177271396387], "mean": [0.527825057507, 3.35038900375, 2.77379798889, 3.00447201729, 7.33597993851, 9.7965221405, 9.4701089859, 10.291926384, 12.6414632797, 11.4634637833, 17.8094139099, 15.0587234497, 13.8399829865, 19.2985668182, 21.2991275787, 19.9356575012, 21.2414455414, 21.8528728485, 25.9589805603, 20.4228610992, 15.702753067, 20.9606075287, 23.5567550659, 29.9935417175, 27.5899410248, 30.9857292175, 36.8673667908, 27.7903862, 28.8297100067, 20.8056087494, 13.4555206299, 9.37222385406, 6.84641551971, 5.94334030151, 3.63675141335, 1.18276154995, 0.197681888938, 0.0249239355326, 0.00126285594888, 8.76219201018e-05], "median": [0.339352577925, 1.0165797472, 0.898217082024, 0.857066988945, 2.65001797676, 3.27813577652, 3.01182603836, 3.91976261139, 4.42454147339, 5.03179502487, 5.94525003433, 7.12114715576, 6.24740362167, 7.17549467087, 8.46544361115, 6.9758477211, 5.9054017067, 6.72017383575, 7.23325204849, 8.19866657257, 7.46268558502, 9.77054786682, 10.2565288544, 14.9755935669, 11.3898830414, 13.0697927475, 15.6271429062, 10.3161554337, 10.6146068573, 6.61362552643, 4.82796192169, 3.58447170258, 2.7905857563, 2.14820027351, 1.04638206959, 0.316974967718, 0.0520016178489, 0.00499006826431, 0.000197687171749, 6.08044865658e-05], "min": [4.19189341442e-13, 1.83896235913e-12, 2.21974045048e-12, 1.44107469013e-12, 1.14315354058e-11, 6.00884619839e-11, 1.3246514996e-10, 1.37458044946e-10, 9.4706638365e-11, 4.08251266126e-10, 2.92721596962e-10, 1.25364801873e-10, 8.8209223259e-10, 3.12069725616e-09, 6.82025813603e-09, 1.5807561482e-08, 1.50514800623e-08, 6.63749943897e-09, 7.15022441256e-09, 1.247806658e-08, 2.13399857785e-08, 5.03703425636e-08, 2.20762625958e-08, 6.70682664961e-09, 9.79284831004e-09, 1.37071110018e-08, 6.29067775648e-09, 7.58984164406e-09, 1.35504727439e-08, 7.11272551968e-09, 6.08328143414e-09, 1.09358753164e-08, 1.42130067715e-08, 6.10935746437e-09, 4.39715508449e-09, 3.37603367484e-09, 1.20486198796e-09, 4.66459149084e-10, 1.0157243796e-10, 1.06639887892e-11], "var": [0.428487092257, 25.5975513458, 28.5127258301, 44.1780548096, 163.056472778, 293.873687744, 350.94744873, 334.354217529, 432.549041748, 407.117340088, 1406.84472656, 555.825439453, 456.793273926, 1111.56445312, 1540.21472168, 1671.07910156, 2279.67211914, 2130.64819336, 3050.07739258, 1470.88049316, 680.134521484, 1635.00488281, 1428.7791748, 2806.82495117, 2018.16296387, 2139.76147461, 3503.10864258, 1985.1472168, 1772.46728516, 1147.03088379, 443.220031738, 230.636734009, 108.113891602, 95.5277862549, 42.7763061523, 9.04935836792, 0.181706547737, 0.00185101456009, 5.79350398766e-06, 7.86877496495e-09]}, "gfcc": {"mean": [24.9592857361, 50.4550857544, -104.771217346, 47.2047386169, -60.9379272461, 23.9894580841, -33.2808151245, 18.46575737, -27.6701507568, 11.3812875748, -13.9511356354, 4.1538233757, -5.98458003998], "cov": [[4690.72167969, -976.530273438, 439.494140625, 423.020446777, -240.738739014, 307.244842529, -10.4939889908, 64.2751998901, -27.4818611145, 186.310928345, -176.30581665, 139.065444946, -160.326461792], [-976.530273438, 1989.22387695, 27.0365200043, -51.5667762756, 314.445861816, -104.978851318, 78.5441741943, -7.0371670723, 29.997303009, -141.884658813, 98.2908096313, -167.31388855, 110.957168579], [439.494140625, 27.0365200043, 1272.59057617, 502.485656738, 152.648284912, 222.164596558, 95.8987960815, 146.506057739, 88.8338928223, 81.4957046509, 16.9548950195, 102.650588989, -28.7625617981], [423.020446777, -51.5667762756, 502.485656738, 702.433105469, 267.131866455, 185.716629028, 171.47227478, 129.636779785, 85.4551620483, 46.8061561584, 42.8024177551, 88.2995986938, 20.2788333893], [-240.738739014, 314.445861816, 152.648284912, 267.131866455, 444.222625732, 223.94140625, 184.916702271, 103.566444397, 50.8630180359, 37.2650680542, 56.3492050171, 4.07781934738, 57.2394104004], [307.244842529, -104.978851318, 222.164596558, 185.716629028, 223.94140625, 398.366027832, 218.642654419, 91.9398269653, 62.4734458923, 79.4446105957, 23.2562789917, 37.2237472534, -0.341919749975], [-10.4939889908, 78.5441741943, 95.8987960815, 171.47227478, 184.916702271, 218.642654419, 287.532318115, 97.5133666992, 89.4959030151, 56.6474113464, 59.9325675964, 42.2594146729, 31.7542819977], [64.2751998901, -7.0371670723, 146.506057739, 129.636779785, 103.566444397, 91.9398269653, 97.5133666992, 205.315719604, 72.9449539185, 45.9696960449, 29.8065509796, 31.1142539978, 34.1759757996], [-27.4818611145, 29.997303009, 88.8338928223, 85.4551620483, 50.8630180359, 62.4734458923, 89.4959030151, 72.9449539185, 146.64894104, 69.6609573364, 53.1842536926, 39.6502990723, 19.6650981903], [186.310928345, -141.884658813, 81.4957046509, 46.8061561584, 37.2650680542, 79.4446105957, 56.6474113464, 45.9696960449, 69.6609573364, 138.041030884, 63.5508613586, 54.3514785767, 8.70295238495], [-176.30581665, 98.2908096313, 16.9548950195, 42.8024177551, 56.3492050171, 23.2562789917, 59.9325675964, 29.8065509796, 53.1842536926, 63.5508613586, 127.808624268, 55.0430717468, 38.700504303], [139.065444946, -167.31388855, 102.650588989, 88.2995986938, 4.07781934738, 37.2237472534, 42.2594146729, 31.1142539978, 39.6502990723, 54.3514785767, 55.0430717468, 116.673706055, 24.3646335602], [-160.326461792, 110.957168579, -28.7625617981, 20.2788333893, 57.2394104004, -0.341919749975, 31.7542819977, 34.1759757996, 19.6650981903, 8.70295238495, 38.700504303, 24.3646335602, 88.8919830322]], "icov": [[0.000384669197956, -0.000152661232278, 0.000140895237564, -0.000447517231805, 0.000605489942245, -0.000506295706145, 0.000226988500799, -0.000186217876035, 0.000461831514258, -0.000987577484921, 0.000986891798675, -0.000592087919358, 0.000357851560693], [-0.000152661232278, 0.00122256297618, -0.000508567492943, 0.000646438042168, -0.00121092086192, 0.00095892365789, -0.000575438258238, 0.000506483949721, -0.000895934877917, 0.00194936257321, -0.00205362262204, 0.00228642625734, -0.00104440725408], [0.000140895237564, -0.000508567492943, 0.0014875883935, -0.00114128855057, 0.000702729623299, -0.00100390054286, 0.000871038995683, -0.000686622224748, 0.000243712886004, -0.00106095999945, 0.001151935081, -0.00154021487106, 0.00109769322444], [-0.000447517231805, 0.000646438042168, -0.00114128855057, 0.00351993646473, -0.00253497273661, 0.00131822819822, -0.00108645891305, 0.000103426100395, -0.00123535608873, 0.00241704587825, -0.00133654859383, -0.000215320236748, -0.000123036967125], [0.000605489942245, -0.00121092086192, 0.000702729623299, -0.00253497273661, 0.00666508916765, -0.00338313821703, 5.11591024406e-05, -0.00111498776823, 0.00201590382494, -0.00271318736486, 0.00122905930039, 0.000230136050959, -0.00126365572214], [-0.000506295706145, 0.00095892365789, -0.00100390054286, 0.00131822819822, -0.00338313821703, 0.00722235161811, -0.00430963234976, 0.000436642294517, -0.00022684103169, -0.000108488122351, -0.000225858719205, 0.0012174701551, 0.000667648739181], [0.000226988500799, -0.000575438258238, 0.000871038995683, -0.00108645891305, 5.11591024406e-05, -0.00430963234976, 0.00859226007015, -0.00122674473096, -0.00202354928479, 0.000228519682423, -0.000593299162574, -0.0016192762414, 0.00013755474356], [-0.000186217876035, 0.000506483949721, -0.000686622224748, 0.000103426100395, -0.00111498776823, 0.000436642294517, -0.00122674473096, 0.00746096670628, -0.00260098255239, 0.000269236479653, -0.000101942670881, 0.00118989078328, -0.00265717459843], [0.000461831514258, -0.000895934877917, 0.000243712886004, -0.00123535608873, 0.00201590382494, -0.00022684103169, -0.00202354928479, -0.00260098255239, 0.0125534310937, -0.00604677014053, 0.000677112489939, -0.00160007271916, 0.000694519840181], [-0.000987577484921, 0.00194936257321, -0.00106095999945, 0.00241704587825, -0.00271318736486, -0.000108488122351, 0.000228519682423, 0.000269236479653, -0.00604677014053, 0.0178682096303, -0.00930612161756, 0.00122393853962, -0.000243218222749], [0.000986891798675, -0.00205362262204, 0.001151935081, -0.00133654859383, 0.00122905930039, -0.000225858719205, -0.000593299162574, -0.000101942670881, 0.000677112489939, -0.00930612161756, 0.0191416442394, -0.00862532202154, -0.00072832236765], [-0.000592087919358, 0.00228642625734, -0.00154021487106, -0.000215320236748, 0.000230136050959, 0.0012174701551, -0.0016192762414, 0.00118989078328, -0.00160007271916, 0.00122393853962, -0.00862532202154, 0.0191707089543, -0.00565888406709], [0.000357851560693, -0.00104440725408, 0.00109769322444, -0.000123036967125, -0.00126365572214, 0.000667648739181, 0.00013755474356, -0.00265717459843, 0.000694519840181, -0.000243218222749, -0.00072832236765, -0.00565888406709, 0.0171089656651]]}, "melbands": {"dmean": [0.00241679814644, 0.0015727939317, 0.000587224261835, 0.000586861744523, 0.000254254642641, 0.000163854347193, 0.000129913518322, 8.36447870824e-05, 9.16101198527e-05, 5.5964836065e-05, 3.98083102482e-05, 4.64088043373e-05, 4.90638085466e-05, 4.01594734285e-05, 3.29634494847e-05, 2.58747550106e-05, 2.85408586933e-05, 3.05431203742e-05, 2.43108097493e-05, 1.72140407813e-05, 1.31004080686e-05, 1.7448057406e-05, 1.7857986677e-05, 2.00856447918e-05, 2.09962090594e-05, 1.72694562934e-05, 1.89149031939e-05, 1.63703225553e-05, 2.0564375518e-05, 2.13427429117e-05, 1.32821714942e-05, 1.40252905112e-05, 1.43512652357e-05, 8.55370490171e-06, 5.91189564147e-06, 4.92921526529e-06, 3.95773531636e-06, 3.48764319824e-06, 4.02628256779e-06, 4.17893807025e-06], "dmean2": [0.00367553927936, 0.00267810630612, 0.00104692019522, 0.00102958909702, 0.000426892569521, 0.000264875619905, 0.000208981204196, 0.000136361966725, 0.000140069751069, 8.67654016474e-05, 6.20140708634e-05, 7.21884716768e-05, 7.56158115109e-05, 6.453909009e-05, 4.96751272294e-05, 3.73317016056e-05, 4.15100294049e-05, 4.54853434348e-05, 3.78255208489e-05, 2.77652252407e-05, 2.02645842364e-05, 2.87353523163e-05, 2.98225386359e-05, 3.32049094141e-05, 3.41476661561e-05, 2.86445083475e-05, 3.07465888909e-05, 2.53831349255e-05, 3.27437555825e-05, 3.56948294211e-05, 2.1090854716e-05, 2.13976672967e-05, 2.30644127441e-05, 1.28728752316e-05, 8.69313407748e-06, 7.45306988392e-06, 5.66104245081e-06, 5.14080238645e-06, 5.84313920626e-06, 6.0334009504e-06], "dvar": [1.77664660441e-05, 9.63313777902e-06, 2.14489386963e-06, 1.50181585923e-06, 2.93553398478e-07, 9.55663708169e-08, 4.87714153508e-08, 4.68839402856e-08, 4.68142289378e-08, 1.01545376552e-08, 4.70144367881e-09, 9.50639300612e-09, 1.19231700069e-08, 9.07876440692e-09, 6.64117827398e-09, 4.6136441334e-09, 4.90969309652e-09, 5.32254018637e-09, 2.83257928224e-09, 1.48932310928e-09, 6.54847731596e-10, 1.81252168829e-09, 1.74922631935e-09, 1.44425504889e-09, 2.36867547798e-09, 1.10328457481e-09, 1.1000408362e-09, 6.89608314897e-10, 1.03273956054e-09, 2.2269550648e-09, 5.29159771556e-10, 4.12659739712e-10, 7.07057579152e-10, 1.78645306881e-10, 8.13368053465e-11, 5.89672269347e-11, 3.94474036769e-11, 3.27853161286e-11, 4.76271799776e-11, 5.12420730847e-11], "dvar2": [3.50805166818e-05, 2.49351760431e-05, 6.12540088696e-06, 4.27577833761e-06, 7.97791415152e-07, 2.57408061088e-07, 1.20569737305e-07, 1.28626268747e-07, 1.06648144538e-07, 2.33999433163e-08, 1.07646096481e-08, 2.41467184026e-08, 2.82092518233e-08, 2.24319816056e-08, 1.48703858116e-08, 9.33643473644e-09, 9.95733806519e-09, 1.11911697687e-08, 6.42069020174e-09, 3.80324527427e-09, 1.43490275217e-09, 4.82222572984e-09, 4.71097871824e-09, 3.74244235601e-09, 6.08002537206e-09, 2.91125412666e-09, 2.64870125832e-09, 1.57475033014e-09, 2.55868304322e-09, 5.95493254707e-09, 1.32734689906e-09, 9.78670700036e-10, 1.8228322185e-09, 3.84859533131e-10, 1.71512776204e-10, 1.27254137783e-10, 8.29318280715e-11, 7.30996096987e-11, 1.04630026865e-10, 1.12833534183e-10], "max": [0.0400215387344, 0.03441490978, 0.0177226942033, 0.0122745726258, 0.0126931844279, 0.0087858280167, 0.00382720376365, 0.0130121959373, 0.0102438712493, 0.00442538643256, 0.00187212531455, 0.00274552498013, 0.00303837936372, 0.00198565516621, 0.00343389366753, 0.00367116020061, 0.00234255637042, 0.00163041241467, 0.000787540047895, 0.000694723858032, 0.000565672060475, 0.000742115429603, 0.000661966449115, 0.000360072881449, 0.000638646830339, 0.000418764800997, 0.000371754751541, 0.000857608567458, 0.000296994956443, 0.000495511922054, 0.000223867580644, 0.000382795435144, 0.000226346819545, 0.000160874275025, 0.000148786260979, 0.000148951352458, 0.000133902518428, 0.000127783845528, 0.000181039489689, 0.000157540474902], "mean": [0.004741222132, 0.00253701023757, 0.00062404043274, 0.000672763795592, 0.0003413312661, 0.000242402253207, 0.000189805214177, 0.000118890289741, 0.000146615042468, 9.17748766369e-05, 6.79097065586e-05, 7.71939012338e-05, 7.08401057636e-05, 5.73814177187e-05, 5.20557623531e-05, 3.9944126911e-05, 4.05764658353e-05, 4.19421412516e-05, 3.19037026202e-05, 2.16802709474e-05, 1.79251201189e-05, 2.11327569559e-05, 2.12677059608e-05, 2.27270793403e-05, 2.47415919148e-05, 1.91901017388e-05, 2.12054110307e-05, 2.01247767109e-05, 2.25931744353e-05, 2.0729001335e-05, 1.47717128129e-05, 1.68295009644e-05, 1.46471556945e-05, 9.96132530418e-06, 7.6761116361e-06, 6.69142855259e-06, 5.37812502444e-06, 4.55095505458e-06, 4.79926848129e-06, 5.20662251802e-06], "median": [0.002390996553, 0.000873351236805, 0.000206034077564, 0.00026327528758, 0.000123842561152, 9.31590984692e-05, 7.02964971424e-05, 5.22865229868e-05, 4.73642612633e-05, 4.07204424846e-05, 2.83109184238e-05, 2.63574165729e-05, 2.53552880167e-05, 2.07563516597e-05, 1.43253701026e-05, 1.14627964649e-05, 1.19248188639e-05, 1.07935948108e-05, 1.07418745756e-05, 9.15591317607e-06, 7.90447575127e-06, 9.33743649512e-06, 9.29191264731e-06, 9.347154446e-06, 1.20256227092e-05, 8.19028173282e-06, 8.30887711345e-06, 8.30790941109e-06, 9.98844461719e-06, 7.53418635213e-06, 5.24134838997e-06, 6.0293414208e-06, 4.53897382613e-06, 3.15064175993e-06, 2.74059425465e-06, 2.37679250858e-06, 2.02432102014e-06, 1.91697745322e-06, 1.84124166935e-06, 1.77578203875e-06], "min": [3.59919842343e-15, 1.63058426912e-15, 4.03014914642e-16, 2.35016173358e-15, 4.44620299508e-15, 3.0102331218e-15, 1.84675755929e-15, 4.48786176949e-15, 2.16284315016e-15, 6.33868794567e-16, 4.61080097849e-15, 1.21802990532e-14, 1.63387708853e-14, 3.90946667671e-14, 4.4754344409e-14, 2.37832384266e-14, 1.04474415908e-14, 1.10285188981e-14, 1.00206216887e-14, 2.65889706899e-14, 1.95322307861e-14, 5.20171911458e-14, 3.65391073789e-14, 1.10494228242e-14, 4.13916625719e-15, 7.31217031233e-15, 6.20975354335e-15, 1.01217608107e-14, 5.04300165741e-15, 2.08351427948e-15, 5.29954549076e-15, 7.05605804227e-15, 6.95981138254e-15, 3.28047623076e-15, 3.41990928882e-15, 3.71927889623e-15, 7.97420279358e-15, 1.2757738354e-14, 4.59156147213e-15, 5.29127633161e-15], "var": [3.8785412471e-05, 1.43941133501e-05, 1.54795486651e-06, 1.258408588e-06, 3.72444020513e-07, 1.78991797384e-07, 8.94763516612e-08, 4.89863012376e-08, 9.08767106012e-08, 2.11040642739e-08, 1.16673568584e-08, 1.99444194493e-08, 1.73861973707e-08, 1.22810694947e-08, 1.10869375902e-08, 7.86938691988e-09, 8.16415557381e-09, 8.69254446201e-09, 3.78325593076e-09, 1.66660252265e-09, 9.24117893319e-10, 1.64433811012e-09, 1.70558467349e-09, 1.37492917052e-09, 2.13339679256e-09, 9.73918501401e-10, 1.22021737159e-09, 9.16475506596e-10, 1.09317832564e-09, 1.69926672733e-09, 5.30102295393e-10, 6.03645355923e-10, 6.63813615187e-10, 2.43230297015e-10, 1.52467025116e-10, 1.18161078144e-10, 7.98158969473e-11, 4.86943298184e-11, 6.103933331e-11, 7.98449917294e-11]}, "mfcc": {"mean": [-618.657104492, 79.0047683716, 13.0193252563, 26.9696178436, 3.37879014015, 7.92715597153, 10.2595129013, 3.69053530693, 4.69087839127, 2.21952056885, 2.48719215393, 2.19184851646, 0.928817451], "cov": [[4570.57421875, -1063.30371094, 233.364486694, 72.0330276489, -149.517242432, 233.460739136, -72.6368103027, 34.8879966736, 28.6853427887, 44.4409255981, 103.108665466, -71.4006500244, 21.4088993073], [-1063.30371094, 1729.38085938, -120.549781799, 5.03471231461, 132.494781494, -99.0780258179, 95.2285842896, -33.5321769714, 22.1088886261, -0.129250660539, -51.7541046143, 24.0352573395, -61.852809906], [233.364486694, -120.549781799, 1043.66223145, 330.125244141, 185.862335205, 148.912139893, 42.9268760681, 136.192886353, 75.2735748291, 17.8967933655, 102.173568726, 56.8906211853, 58.1625595093], [72.0330276489, 5.03471231461, 330.125244141, 552.433105469, 221.585571289, 107.39655304, 103.723327637, 126.715744019, 96.2275543213, -0.345550864935, 44.3738555908, 77.2797241211, 54.7607040405], [-149.517242432, 132.494781494, 185.862335205, 221.585571289, 315.125762939, 127.50138092, 142.176651001, 92.5301208496, 98.9380264282, 38.9030456543, 34.5335769653, 53.3832092285, 36.3639945984], [233.460739136, -99.0780258179, 148.912139893, 107.39655304, 127.50138092, 375.914764404, 180.443252563, 133.133483887, 80.4484405518, 85.0444412231, 87.1851806641, 20.488527298, 79.3389282227], [-72.6368103027, 95.2285842896, 42.9268760681, 103.723327637, 142.176651001, 180.443252563, 267.026550293, 133.50680542, 105.849624634, 67.1889038086, 55.8009910583, 46.1337928772, 50.9177055359], [34.8879966736, -33.5321769714, 136.192886353, 126.715744019, 92.5301208496, 133.133483887, 133.50680542, 196.513244629, 113.508636475, 51.2995758057, 58.6609191895, 50.4922103882, 38.6934204102], [28.6853427887, 22.1088886261, 75.2735748291, 96.2275543213, 98.9380264282, 80.4484405518, 105.849624634, 113.508636475, 162.283035278, 73.9002838135, 46.5210838318, 36.9699745178, 33.6413383484], [44.4409255981, -0.129250660539, 17.8967933655, -0.345550864935, 38.9030456543, 85.0444412231, 67.1889038086, 51.2995758057, 73.9002838135, 118.030921936, 60.2240371704, 19.448217392, 30.9420986176], [103.108665466, -51.7541046143, 102.173568726, 44.3738555908, 34.5335769653, 87.1851806641, 55.8009910583, 58.6609191895, 46.5210838318, 60.2240371704, 121.524482727, 60.5611000061, 37.8475723267], [-71.4006500244, 24.0352573395, 56.8906211853, 77.2797241211, 53.3832092285, 20.488527298, 46.1337928772, 50.4922103882, 36.9699745178, 19.448217392, 60.5611000061, 114.195579529, 47.4440803528], [21.4088993073, -61.852809906, 58.1625595093, 54.7607040405, 36.3639945984, 79.3389282227, 50.9177055359, 38.6934204102, 33.6413383484, 30.9420986176, 37.8475723267, 47.4440803528, 103.182945251]], "icov": [[0.000279637693893, 0.000138851217343, -2.46215768129e-05, -9.51445836108e-05, 0.000192654450075, -0.000216878266656, 9.88121464616e-05, 0.000133280773298, -0.000196733017219, 4.2277850298e-05, -0.000211061604205, 0.000185271026567, 0.00013340402802], [0.000138851217343, 0.000756955589168, 9.41306734603e-06, 7.90934063843e-06, -0.000230360383284, 0.000152472523041, -0.000438234827016, 0.00038745906204, -0.00010039609333, -0.000180887116585, 0.000268704170594, -0.000318890233757, 0.000585390545893], [-2.46215768129e-05, 9.41306734603e-06, 0.00140063860454, -0.00053644698346, -0.000586240261327, -0.000116640469059, 0.000754567561671, -0.000727138307411, 0.000174078333657, 0.000439548515715, -0.00117860117462, 0.000587996968534, -0.000324074295349], [-9.51445836108e-05, 7.90934063843e-06, -0.00053644698346, 0.00321214925498, -0.00163606216665, 3.19124228554e-05, 0.000132876026328, -0.000791366677731, -0.000616752775386, 0.00145659409463, 0.000233968676184, -0.000870489282534, -0.000515906431247], [0.000192654450075, -0.000230360383284, -0.000586240261327, -0.00163606216665, 0.00641668168828, -0.00130971672479, -0.00174267904367, 0.00148060231004, -0.00206104945391, -0.000258053099969, 0.001434726757, -0.00163046864327, 0.00104388874024], [-0.000216878266656, 0.000152472523041, -0.000116640469059, 3.19124228554e-05, -0.00130971672479, 0.00613762252033, -0.00247668498196, -0.00215233722702, 0.00210741092451, -0.00142556382343, -0.00238182814792, 0.00339883984998, -0.00299198227003], [9.88121464616e-05, -0.000438234827016, 0.000754567561671, 0.000132876026328, -0.00174267904367, -0.00247668498196, 0.00865706801414, -0.00301757478155, -0.0012046971824, -0.000329608679749, -0.000166746831383, -0.000406651495723, -0.000661197758745], [0.000133280773298, 0.00038745906204, -0.000727138307411, -0.000791366677731, 0.00148060231004, -0.00215233722702, -0.00301757478155, 0.012602311559, -0.00629712548107, 0.00131629698444, -0.000119271826406, -0.00265124463476, 0.0018520479789], [-0.000196733017219, -0.00010039609333, 0.000174078333657, -0.000616752775386, -0.00206104945391, 0.00210741092451, -0.0012046971824, -0.00629712548107, 0.0149355586618, -0.00685254950076, 0.000604396511335, 0.000511832360644, -0.000999983400106], [4.2277850298e-05, -0.000180887116585, 0.000439548515715, 0.00145659409463, -0.000258053099969, -0.00142556382343, -0.000329608679749, 0.00131629698444, -0.00685254950076, 0.0169772971421, -0.00688994163647, 0.00250008609146, -0.00176110945176], [-0.000211061604205, 0.000268704170594, -0.00117860117462, 0.000233968676184, 0.001434726757, -0.00238182814792, -0.000166746831383, -0.000119271826406, 0.000604396511335, -0.00688994163647, 0.0181158836931, -0.00919878203422, 0.00165166461375], [0.000185271026567, -0.000318890233757, 0.000587996968534, -0.000870489282534, -0.00163046864327, 0.00339883984998, -0.000406651495723, -0.00265124463476, 0.000511832360644, 0.00250008609146, -0.00919878203422, 0.0177789665759, -0.00666032312438], [0.00013340402802, 0.000585390545893, -0.000324074295349, -0.000515906431247, 0.00104388874024, -0.00299198227003, -0.000661197758745, 0.0018520479789, -0.000999983400106, -0.00176110945176, 0.00165166461375, -0.00666032312438, 0.0153464535251]]}, "spectral_contrast_coeffs": {"dmean": [0.0538087561727, 0.0518503598869, 0.0387923121452, 0.0308473184705, 0.0244534295052, 0.0268514398485], "dmean2": [0.0859284251928, 0.0832401141524, 0.0625069215894, 0.0484677888453, 0.0390571951866, 0.041443567723], "dvar": [0.00204744120128, 0.00198446377181, 0.00104632752482, 0.000700844859239, 0.00040056699072, 0.000567189126741], "dvar2": [0.00497976830229, 0.00474753603339, 0.00249536451884, 0.00155025592539, 0.000974387512542, 0.00139748631045], "max": [-0.20457687974, -0.350678324699, -0.48146545887, -0.512132763863, -0.506721019745, -0.50838381052], "mean": [-0.645896732807, -0.715715169907, -0.784613788128, -0.800719380379, -0.797024965286, -0.762162446976], "median": [-0.656640052795, -0.721096515656, -0.794451475143, -0.809701800346, -0.800425708294, -0.764620065689], "min": [-0.965965270996, -0.960426867008, -0.962697803974, -0.959975063801, -0.957527935505, -0.961512386799], "var": [0.0100698173046, 0.00728567363694, 0.00376926595345, 0.00238703633659, 0.00103329960257, 0.00172426155768]}, "spectral_contrast_valleys": {"dmean": [0.468015700579, 0.472752898932, 0.359996199608, 0.355388879776, 0.375805348158, 0.493228256702], "dmean2": [0.743824720383, 0.750045239925, 0.563453316689, 0.526092708111, 0.526489555836, 0.596006691456], "dvar": [0.240948751569, 0.234533056617, 0.130943834782, 0.132274627686, 0.148223057389, 0.21634760499], "dvar2": [0.468780338764, 0.53467220068, 0.259108841419, 0.243180751801, 0.266030669212, 0.38124743104], "max": [-5.05717992783, -4.65651512146, -5.37266159058, -5.47564554214, -5.06792593002, -7.18750047684], "mean": [-7.47718954086, -